{
"highlevel": {
    "danceability": {
        "all": {
            "danceable": 0.821322202682,
            "not_danceable": 0.178677812219
        },
        "probability": 0.821322202682,
        "value": "danceable"
    },
    "gender": {
        "all": {
            "female": 0.0355184860528,
            "male": 0.964481532574
        },
        "probability": 0.964481532574,
        "value": "male"
    },
    "genre_dortmund": {
        "all": {
            "alternative": 0.147251069546,
            "blues": 0.0255054738373,
            "electronic": 0.0162943638861,
            "folkcountry": 0.211905479431,
            "funksoulrnb": 0.00951370131224,
            "jazz": 0.0269105937332,
            "pop": 0.0833862423897,
            "raphiphop": 0.016491426155,
            "rock": 0.46274164319
        },
        "probability": 0.46274164319,
        "value": "rock"
    },
    "genre_electronic": {
        "all": {
            "ambient": 0.437618672848,
            "dnb": 0.159990787506,
            "house": 0.0975371599197,
            "techno": 0.0212066136301,
            "trance": 0.283646762371
        },
        "probability": 0.437618672848,
        "value": "ambient"
    },
    "genre_rosamerica": {
        "all": {
            "cla": 0.00175828603096,
            "dan": 0.0230776891112,
            "hip": 0.0124615374953,
            "jaz": 0.00678340531886,
            "pop": 0.791230201721,
            "rhy": 0.0884314030409,
            "roc": 0.0727509707212,
            "spe": 0.00350648420863
        },
        "probability": 0.791230201721,
        "value": "pop"
    },
    "genre_tzanetakis": {
        "all": {
            "blu": 2.00933528442e-14,
            "cla": 1.10376880297e-14,
            "cou": 2.21312073892e-14,
            "dis": 1.76883671149e-14,
            "hip": 4.29576757196e-14,
            "jaz": 0.999999940395,
            "met": 2.0000017642e-08,
            "pop": 2.0000017642e-08,
            "reg": 1.66666822565e-08,
            "roc": 2.50000233848e-08
        },
        "probability": 0.999999940395,
        "value": "jaz"
    },
    "ismir04_rhythm": {
        "all": {
            "ChaChaCha": 0.226678147912,
            "Jive": 0.127754330635,
            "Quickstep": 0.230228349566,
            "Rumba-American": 0.0238049160689,
            "Rumba-International": 0.0540641024709,
            "Rumba-Misc": 0.0173631627113,
            "Samba": 0.235246792436,
            "Tango": 0.0253023225814,
            "VienneseWaltz": 0.0484214946628,
            "Waltz": 0.0111363902688
        },
        "probability": 0.235246792436,
        "value": "Samba"
    },
    "mood_acoustic": {
        "all": {
            "acoustic": 0.710682094097,
            "not_acoustic": 0.289317935705
        },
        "probability": 0.710682094097,
        "value": "acoustic"
    },
    "mood_aggressive": {
        "all": {
            "aggressive": 0.0501326397061,
            "not_aggressive": 0.949867367744
        },
        "probability": 0.949867367744,
        "value": "not_aggressive"
    },
    "mood_electronic": {
        "all": {
            "electronic": 0.13774651289,
            "not_electronic": 0.86225348711
        },
        "probability": 0.86225348711,
        "value": "not_electronic"
    },
    "mood_happy": {
        "all": {
            "happy": 0.899868011475,
            "not_happy": 0.100132010877
        },
        "probability": 0.899868011475,
        "value": "happy"
    },
    "mood_party": {
        "all": {
            "not_party": 0.824613630772,
            "party": 0.175386339426
        },
        "probability": 0.824613630772,
        "value": "not_party"
    },
    "mood_relaxed": {
        "all": {
            "not_relaxed": 0.327257454395,
            "relaxed": 0.672742545605
        },
        "probability": 0.672742545605,
        "value": "relaxed"
    },
    "mood_sad": {
        "all": {
            "not_sad": 0.391200184822,
            "sad": 0.608799815178
        },
        "probability": 0.608799815178,
        "value": "sad"
    },
    "moods_mirex": {
        "all": {
            "Cluster1": 0.239101588726,
            "Cluster2": 0.17484909296,
            "Cluster3": 0.238982453942,
            "Cluster4": 0.137515619397,
            "Cluster5": 0.209551244974
        },
        "probability": 0.239101588726,
        "value": "Cluster1"
    },
    "timbre": {
        "all": {
            "bright": 0.334478139877,
            "dark": 0.665521860123
        },
        "probability": 0.665521860123,
        "value": "dark"
    },
    "tonal_atonal": {
        "all": {
            "atonal": 0.00975715555251,
            "tonal": 0.99024283886
        },
        "probability": 0.99024283886,
        "value": "tonal"
    },
    "voice_instrumental": {
        "all": {
            "instrumental": 7.77592067607e-05,
            "voice": 0.999922215939
        },
        "probability": 0.999922215939,
        "value": "voice"
    }
},
"lowlevel": {
    "average_loudness": 0.951377868652,
    "barkbands_crest": {
        "dmean": 2.44438624382,
        "dmean2": 3.85186004639,
        "dvar": 4.98613929749,
        "dvar2": 12.5057344437,
        "max": 24.4902610779,
        "mean": 10.4524383545,
        "median": 10.0349760056,
        "min": 2.85602331161,
        "var": 13.4718751907
    },
    "barkbands_flatness_db": {
        "dmean": 0.023118102923,
        "dmean2": 0.0345188528299,
        "dvar": 0.00043554342119,
        "dvar2": 0.000950089015532,
        "max": 0.331680595875,
        "mean": 0.150732323527,
        "median": 0.141491472721,
        "min": 0.0527687221766,
        "var": 0.00228532264009
    },
    "barkbands_kurtosis": {
        "dmean": 3.3189136982,
        "dmean2": 5.34243965149,
        "dvar": 37.6448440552,
        "dvar2": 96.7456130981,
        "max": 131.794509888,
        "mean": 6.55340862274,
        "median": 3.26319122314,
        "min": -1.89408063889,
        "var": 93.5600204468
    },
    "barkbands_skewness": {
        "dmean": 0.503140687943,
        "dmean2": 0.772712469101,
        "dvar": 0.304848879576,
        "dvar2": 0.706593573093,
        "max": 9.41609764099,
        "mean": 1.85869300365,
        "median": 1.56400454044,
        "min": -1.61116874218,
        "var": 1.59894359112
    },
    "barkbands_spread": {
        "dmean": 6.55958843231,
        "dmean2": 9.99907684326,
        "dvar": 68.0192871094,
        "dvar2": 143.396179199,
        "max": 88.112411499,
        "mean": 20.5323925018,
        "median": 17.5955753326,
        "min": 1.31015264988,
        "var": 198.477767944
    },
    "dissonance": {
        "dmean": 0.0219856053591,
        "dmean2": 0.036863066256,
        "dvar": 0.00044256291585,
        "dvar2": 0.0011685276404,
        "max": 0.500000059605,
        "mean": 0.455075860023,
        "median": 0.462830454111,
        "min": 0.278095990419,
        "var": 0.00114493619185
    },
    "dynamic_complexity": 3.29835724831,
    "erbbands_crest": {
        "dmean": 3.20663928986,
        "dmean2": 5.0595164299,
        "dvar": 9.15089893341,
        "dvar2": 22.5113563538,
        "max": 28.7960720062,
        "mean": 10.9170837402,
        "median": 9.71973133087,
        "min": 2.43872690201,
        "var": 31.4983081818
    },
    "erbbands_flatness_db": {
        "dmean": 0.0207731034607,
        "dmean2": 0.0305171757936,
        "dvar": 0.000386112864362,
        "dvar2": 0.000816412793938,
        "max": 0.330288916826,
        "mean": 0.145692288876,
        "median": 0.141752943397,
        "min": 0.0533307641745,
        "var": 0.00184313545469
    },
    "erbbands_kurtosis": {
        "dmean": 1.27129280567,
        "dmean2": 1.99041819572,
        "dvar": 3.12402367592,
        "dvar2": 7.25670194626,
        "max": 19.8138275146,
        "mean": 1.25910782814,
        "median": 0.0854115486145,
        "min": -1.70817255974,
        "var": 9.27617740631
    },
    "erbbands_skewness": {
        "dmean": 0.405960470438,
        "dmean2": 0.616402447224,
        "dvar": 0.148180067539,
        "dvar2": 0.307404100895,
        "max": 3.51048755646,
        "mean": 0.775953829288,
        "median": 0.747237622738,
        "min": -3.81219244003,
        "var": 0.762190401554
    },
    "erbbands_spread": {
        "dmean": 10.2217435837,
        "dmean2": 15.7284879684,
        "dvar": 123.173049927,
        "dvar2": 276.47177124,
        "max": 140.314224243,
        "mean": 43.8019447327,
        "median": 41.1727600098,
        "min": 5.3514175415,
        "var": 484.551971436
    },
    "hfc": {
        "dmean": 9.77438354492,
        "dmean2": 14.0986003876,
        "dvar": 467.206268311,
        "dvar2": 916.948608398,
        "max": 394.023010254,
        "mean": 28.1941833496,
        "median": 20.7839050293,
        "min": 0.0165696609765,
        "var": 1460.97412109
    },
    "melbands_crest": {
        "dmean": 2.77260804176,
        "dmean2": 4.47739505768,
        "dvar": 6.4906167984,
        "dvar2": 16.5756626129,
        "max": 35.0460510254,
        "mean": 13.2353086472,
        "median": 12.4508705139,
        "min": 4.50987577438,
        "var": 20.5550956726
    },
    "melbands_flatness_db": {
        "dmean": 0.0270468797535,
        "dmean2": 0.0397544950247,
        "dvar": 0.000685347884428,
        "dvar2": 0.00144713115878,
        "max": 0.447703748941,
        "mean": 0.198106855154,
        "median": 0.185469374061,
        "min": 0.0559762716293,
        "var": 0.00411782599986
    },
    "melbands_kurtosis": {
        "dmean": 8.10361480713,
        "dmean2": 12.9103555679,
        "dvar": 219.273880005,
        "dvar2": 578.66607666,
        "max": 294.362030029,
        "mean": 18.7428436279,
        "median": 9.11772823334,
        "min": -1.40830552578,
        "var": 581.733154297
    },
    "melbands_skewness": {
        "dmean": 0.71650069952,
        "dmean2": 1.10989785194,
        "dvar": 0.595912754536,
        "dvar2": 1.40564489365,
        "max": 11.8308544159,
        "mean": 2.86606550217,
        "median": 2.35962200165,
        "min": -0.39705529809,
        "var": 3.61812901497
    },
    "melbands_spread": {
        "dmean": 6.49759340286,
        "dmean2": 9.91774463654,
        "dvar": 167.472747803,
        "dvar2": 329.713592529,
        "max": 219.807403564,
        "mean": 21.1052036285,
        "median": 17.7945079803,
        "min": 0.771504402161,
        "var": 535.926696777
    },
    "pitch_salience": {
        "dmean": 0.0656704455614,
        "dmean2": 0.104940138757,
        "dvar": 0.00331076444127,
        "dvar2": 0.00823536049575,
        "max": 0.799476385117,
        "mean": 0.560243189335,
        "median": 0.566185712814,
        "min": 0.143960610032,
        "var": 0.0102397976443
    },
    "silence_rate_20dB": {
        "dmean": 0,
        "dmean2": 0,
        "dvar": 0,
        "dvar2": 0,
        "max": 1,
        "mean": 1,
        "median": 1,
        "min": 1,
        "var": 0
    },
    "silence_rate_30dB": {
        "dmean": 0,
        "dmean2": 0,
        "dvar": 0,
        "dvar2": 0,
        "max": 1,
        "mean": 1,
        "median": 1,
        "min": 1,
        "var": 0
    },
    "silence_rate_60dB": {
        "dmean": 0.0108359130099,
        "dmean2": 0.0216886140406,
        "dvar": 0.0107184508815,
        "dvar2": 0.022767515853,
        "max": 1,
        "mean": 0.0348027832806,
        "median": 0,
        "min": 0,
        "var": 0.0335919484496
    },
    "spectral_centroid": {
        "dmean": 245.474914551,
        "dmean2": 372.357879639,
        "dvar": 85266.3203125,
        "dvar2": 163591.546875,
        "max": 4720.31933594,
        "mean": 1153.17980957,
        "median": 1066.54089355,
        "min": 225.798797607,
        "var": 328378.9375
    },
    "spectral_complexity": {
        "dmean": 3.34907126427,
        "dmean2": 5.06506586075,
        "dvar": 12.2520532608,
        "dvar2": 23.4876461029,
        "max": 56,
        "mean": 17.6109828949,
        "median": 17,
        "min": 0,
        "var": 94.8516540527
    },
    "spectral_decrease": {
        "dmean": 2.16275530818e-09,
        "dmean2": 3.4414602279e-09,
        "dvar": 7.54054041373e-18,
        "dvar2": 1.95005182431e-17,
        "max": -9.83189311216e-12,
        "mean": -7.55639817385e-09,
        "median": -6.77087674816e-09,
        "min": -2.76283511624e-08,
        "var": 1.93115322886e-17
    },
    "spectral_energy": {
        "dmean": 0.0087826102972,
        "dmean2": 0.0138343442231,
        "dvar": 0.00011522693967,
        "dvar2": 0.000298340659356,
        "max": 0.105756148696,
        "mean": 0.0310769136995,
        "median": 0.0283654164523,
        "min": 3.86154060834e-05,
        "var": 0.000325663597323
    },
    "spectral_energyband_high": {
        "dmean": 0.000874416204169,
        "dmean2": 0.00123334117234,
        "dvar": 7.01058388586e-06,
        "dvar2": 1.31790638989e-05,
        "max": 0.0478770770133,
        "mean": 0.00167013343889,
        "median": 0.000705515849404,
        "min": 5.7710889223e-07,
        "var": 1.96668097487e-05
    },
    "spectral_energyband_low": {
        "dmean": 0.00393799552694,
        "dmean2": 0.00677086319774,
        "dvar": 6.81405581417e-05,
        "dvar2": 0.000187329249457,
        "max": 0.0907104685903,
        "mean": 0.00817982200533,
        "median": 0.00561600318179,
        "min": 1.46258662426e-06,
        "var": 7.51427724026e-05
    },
    "spectral_energyband_middle_high": {
        "dmean": 0.0018405681476,
        "dmean2": 0.00261691166088,
        "dvar": 1.00559291241e-05,
        "dvar2": 2.21172322199e-05,
        "max": 0.0651146173477,
        "mean": 0.00556219927967,
        "median": 0.00306561100297,
        "min": 3.74139494852e-06,
        "var": 5.86884707445e-05
    },
    "spectral_energyband_middle_low": {
        "dmean": 0.00561795197427,
        "dmean2": 0.00867005717009,
        "dvar": 4.36581904069e-05,
        "dvar2": 0.000104826147435,
        "max": 0.0723226517439,
        "mean": 0.0168097931892,
        "median": 0.0141821168363,
        "min": 1.05887565951e-05,
        "var": 0.000164153650985
    },
    "spectral_entropy": {
        "dmean": 0.22161744535,
        "dmean2": 0.317432135344,
        "dvar": 0.049872148782,
        "dvar2": 0.104149907827,
        "max": 8.74780654907,
        "mean": 7.57963037491,
        "median": 7.60336351395,
        "min": 6.20231485367,
        "var": 0.187518179417
    },
    "spectral_flux": {
        "dmean": 0.0229948610067,
        "dmean2": 0.0359402149916,
        "dvar": 0.000615330529399,
        "dvar2": 0.00121384020895,
        "max": 0.284145206213,
        "mean": 0.08481862396,
        "median": 0.0789632946253,
        "min": 0.00286824977957,
        "var": 0.00206413445994
    },
    "spectral_kurtosis": {
        "dmean": 1.20147502422,
        "dmean2": 1.91840291023,
        "dvar": 1.82190001011,
        "dvar2": 4.67516422272,
        "max": 20.0864753723,
        "mean": 2.96922779083,
        "median": 2.64899349213,
        "min": -0.916932582855,
        "var": 3.80498027802
    },
    "spectral_rms": {
        "dmean": 0.000763918156736,
        "dmean2": 0.00117907684762,
        "dvar": 6.82449751821e-07,
        "dvar2": 1.69296151853e-06,
        "max": 0.0101575944573,
        "mean": 0.00523791369051,
        "median": 0.00526056811213,
        "min": 0.000194096792256,
        "var": 2.88314663521e-06
    },
    "spectral_rolloff": {
        "dmean": 454.148132324,
        "dmean2": 751.645385742,
        "dvar": 1090675.125,
        "dvar2": 2294662,
        "max": 11886.328125,
        "mean": 1207.50695801,
        "median": 839.794921875,
        "min": 64.599609375,
        "var": 2468123.5
    },
    "spectral_skewness": {
        "dmean": 0.200889155269,
        "dmean2": 0.305622279644,
        "dvar": 0.0389859192073,
        "dvar2": 0.0884207412601,
        "max": 3.43386316299,
        "mean": 1.42456805706,
        "median": 1.38700723648,
        "min": 0.0356547012925,
        "var": 0.14864449203
    },
    "spectral_spread": {
        "dmean": 748592.4375,
        "dmean2": 1093470.25,
        "dvar": 652355502080,
        "dvar2": 1.34983503053e+12,
        "max": 12500842,
        "mean": 5384786.5,
        "median": 5094155.5,
        "min": 2458311.75,
        "var": 1.93761941914e+12
    },
    "spectral_strongpeak": {
        "dmean": 0.671400308609,
        "dmean2": 1.10465919971,
        "dvar": 1.10544610023,
        "dvar2": 2.97637557983,
        "max": 11.7784166336,
        "mean": 1.41320133209,
        "median": 0.669884443283,
        "min": 0,
        "var": 2.23660802841
    },
    "zerocrossingrate": {
        "dmean": 0.0128132253885,
        "dmean2": 0.0144014600664,
        "dvar": 0.000260106404312,
        "dvar2": 0.000251041084994,
        "max": 0.345703125,
        "mean": 0.0620721392334,
        "median": 0.0546875,
        "min": 0.00390625,
        "var": 0.0017959625693
    },
    "barkbands": {
        "dmean": [0.000274601974525, 0.00202819379047, 0.00207112892531, 0.00123880757019, 0.0018313145265, 0.00103638670407, 0.000586615409702, 0.00189219741151, 0.00193289818708, 0.00082595780259, 0.00051288161194, 0.000533609534614, 0.000259372784058, 0.000191470520804, 0.000255916034803, 0.000189672791748, 0.000140612217365, 0.000122148296214, 9.57196680247e-05, 8.49436764838e-05, 0.000119058706332, 0.000145713580423, 0.000275963975582, 0.000215429798118, 0.000140553383972, 7.07481158315e-05, 3.50201490029e-09],
        "dmean2": [0.000461926945718, 0.00339427753352, 0.00384524394758, 0.00209157867357, 0.00292098638602, 0.00167153973598, 0.000900220184121, 0.00273803900927, 0.00309465848841, 0.00121517758816, 0.000775225460529, 0.000851306715049, 0.00040827144403, 0.00030602957122, 0.000400823220843, 0.000302732427372, 0.000226995776757, 0.000197598492377, 0.000151830186951, 0.000134494446684, 0.000181840194273, 0.000218870103708, 0.000407430750784, 0.000318453647196, 0.000202077135327, 0.000107663465315, 4.6049724034e-09],
        "dvar": [3.72714453079e-07, 1.47468826981e-05, 2.6005147447e-05, 3.15440138365e-06, 6.31577131571e-06, 5.46288993064e-06, 1.22191545415e-06, 1.73236494447e-05, 1.62228388945e-05, 5.86132728131e-06, 1.35768436849e-06, 1.68156577729e-06, 3.98442153937e-07, 1.6957751825e-07, 3.71062157001e-07, 3.22956339005e-07, 1.38661974347e-07, 8.33378663856e-08, 3.13499413096e-08, 4.0671601198e-08, 4.13159142454e-08, 1.00368524159e-07, 1.91158642338e-06, 6.27971019185e-07, 1.83043539437e-07, 6.35687129602e-08, 3.16152337057e-15],
        "dvar2": [9.34229603899e-07, 3.46338929376e-05, 8.08481854619e-05, 8.72299551702e-06, 1.49326851897e-05, 1.32446639327e-05, 2.5177448606e-06, 3.84383347409e-05, 4.11717992392e-05, 1.32686946017e-05, 3.4078675526e-06, 4.54633527625e-06, 9.64644414125e-07, 3.73544764898e-07, 8.60337024733e-07, 8.2020778791e-07, 3.40098353036e-07, 1.94593980041e-07, 6.73350228908e-08, 1.05015807605e-07, 9.13362612209e-08, 2.11258253557e-07, 4.14741498389e-06, 1.32176796797e-06, 3.40491823181e-07, 1.39770079954e-07, 3.16667926012e-15],
        "max": [0.00627375068143, 0.0481702536345, 0.0463813170791, 0.0153482109308, 0.0376246273518, 0.0472896397114, 0.020015032962, 0.0542491003871, 0.0484604053199, 0.0558834150434, 0.0184128172696, 0.0192101299763, 0.0110254716128, 0.0060176635161, 0.0122750364244, 0.0125650838017, 0.00817628670484, 0.00608442444354, 0.00371724064462, 0.00391960004345, 0.00271348422393, 0.00569490436465, 0.033732060343, 0.0150647349656, 0.00701970327646, 0.00522536924109, 1.43973852573e-06],
        "mean": [0.000328193011228, 0.00459240702912, 0.00222889496945, 0.00205009779893, 0.00418202765286, 0.00181865820196, 0.00110495311674, 0.00350874103606, 0.0037919296883, 0.00162585044745, 0.0009284853586, 0.000927184417378, 0.000439455470769, 0.000309125636704, 0.000474595377455, 0.000346997810993, 0.00027925914037, 0.000212639613892, 0.000176380155608, 0.000168043843587, 0.000268449657597, 0.00025151760201, 0.000428880390245, 0.000351980997948, 0.000196863751626, 8.52944067447e-05, 3.24553983688e-09],
        "median": [5.79507905059e-05, 0.00299265608191, 0.00115625874605, 0.00146732863504, 0.00302908406593, 0.000756392197218, 0.000389753229683, 0.000397090334445, 0.000664670136757, 0.000294957484584, 0.000105080645881, 0.000268317089649, 0.000148086386616, 0.000108030420961, 0.000197975488845, 0.000152660926688, 0.000138135583256, 0.000132313318318, 0.000112149049528, 0.000108769447252, 0.000164718410815, 0.000116766364954, 9.77931340458e-05, 9.6563497209e-05, 3.74966875825e-05, 1.22665605886e-05, 4.53043824677e-10],
        "min": [5.433256689e-08, 2.64525709781e-07, 2.40888855529e-08, 1.88614762919e-07, 6.44389956506e-07, 7.68404220253e-07, 2.35750476918e-07, 6.32432659131e-07, 3.85490778854e-07, 1.82155162065e-07, 1.33408462943e-07, 2.09692075259e-07, 2.3614920508e-07, 4.3887816048e-08, 4.93833056225e-07, 2.08694117987e-07, 3.97869825974e-07, 3.03606157104e-07, 2.09479580349e-07, 9.73629994405e-08, 2.31652947491e-07, 1.39702947877e-07, 6.64014763174e-08, 2.55755185918e-08, 1.39790898857e-08, 2.62960382635e-11, 2.80290495674e-11],
        "var": [4.15192232595e-07, 2.3364329536e-05, 1.65061410371e-05, 4.37360495198e-06, 1.66882509802e-05, 1.38314080687e-05, 4.80686048832e-06, 5.59698673896e-05, 4.26481929026e-05, 1.8445234673e-05, 4.1056146074e-06, 3.64334982805e-06, 8.29661303214e-07, 3.59708508313e-07, 8.03985926723e-07, 4.79098844153e-07, 2.32705943404e-07, 1.21236666928e-07, 5.80058312494e-08, 5.59182389281e-08, 1.09018536421e-07, 2.42878542167e-07, 3.52984147867e-06, 1.52397058173e-06, 4.20974856752e-07, 1.11810116721e-07, 3.16028119676e-15]
    },
    "erbbands": {
        "dmean": [0.0649533718824, 0.528346955776, 2.28296756744, 3.02791929245, 5.32909727097, 6.43435049057, 9.19670677185, 7.56223297119, 6.7496304512, 20.0859603882, 40.4567527771, 46.7351799011, 29.7289276123, 24.1203594208, 23.5910301208, 17.6167201996, 11.1535997391, 8.92453956604, 13.0625, 13.0210924149, 9.07283210754, 7.20933532715, 6.66794395447, 4.5875415802, 5.34322738647, 4.10824584961, 4.73344182968, 4.71857404709, 5.03785419464, 7.3671708107, 7.85127210617, 5.77214956284, 2.93614625931, 1.68466174603, 0.971289873123, 0.467019796371, 0.102008894086, 0.00797336827964, 0.000159780174727, 1.84800956049e-05],
        "dmean2": [0.103057824075, 0.916840732098, 4.22868967056, 5.27006196976, 8.82220554352, 10.0644435883, 14.654463768, 12.4141578674, 11.1296653748, 28.2013587952, 59.632194519, 74.4003829956, 46.2753715515, 34.5310325623, 36.035320282, 28.8115139008, 17.4859237671, 13.6592407227, 20.3237743378, 20.0227394104, 14.4848623276, 11.2935562134, 10.876783371, 7.23299884796, 8.42736339569, 6.51650762558, 7.29026889801, 7.27498674393, 7.63712024689, 10.7401227951, 11.8814811707, 8.24430751801, 4.43470478058, 2.51790642738, 1.39899849892, 0.709300160408, 0.157434150577, 0.0124566014856, 0.000244583643507, 2.75957991107e-05],
        "dvar": [0.0194219518453, 1.2013682127, 32.9979095459, 19.5589847565, 74.6860656738, 94.4464035034, 348.102111816, 473.928070068, 143.531997681, 2060.02099609, 7847.40332031, 9675.97949219, 6965.52783203, 6273.48291016, 2308.2578125, 2301.20068359, 628.803588867, 490.191619873, 1536.14941406, 1076.58581543, 584.807373047, 366.556365967, 270.30770874, 68.2231063843, 132.214904785, 78.1263046265, 83.7439193726, 61.9104270935, 121.215583801, 876.774291992, 1543.22583008, 478.515777588, 124.664718628, 25.2891292572, 11.0701189041, 3.38851571083, 0.103925272822, 0.000462077267002, 1.91398569882e-07, 1.28355170936e-09],
        "dvar2": [0.0466929636896, 3.36011052132, 102.926109314, 56.2542648315, 191.5340271, 202.955749512, 754.562866211, 1181.3458252, 359.421875, 4130.99755859, 18114.0585938, 25628.65625, 18016.4980469, 13960.90625, 5931.20166016, 6031.27880859, 1539.41833496, 1033.89733887, 4046.32836914, 2521.74853516, 1433.71252441, 893.858642578, 584.956115723, 150.099487305, 312.95703125, 199.218048096, 175.318084717, 141.61882019, 273.731262207, 1673.9309082, 3479.46118164, 927.893615723, 256.386474609, 53.5757598877, 19.726770401, 7.28680849075, 0.237290486693, 0.00096998445224, 3.97850072886e-07, 2.66498800805e-09],
        "max": [1.82471942902, 12.2899150848, 52.3346138, 44.2094955444, 142.381347656, 213.579330444, 342.773132324, 490.546447754, 180.485992432, 721.234008789, 1143.36010742, 1467.7791748, 1331.90820312, 2023.7244873, 930.260986328, 1005.68389893, 482.129119873, 356.734619141, 860.480957031, 759.421936035, 616.923095703, 440.141326904, 369.330657959, 169.884140015, 252.24130249, 169.349761963, 169.709014893, 110.074043274, 203.965011597, 769.523925781, 867.068115234, 459.826477051, 266.716522217, 90.0829238892, 60.3327865601, 42.2030792236, 6.32542943954, 0.449977338314, 0.00780168874189, 0.000653156952467],
        "mean": [0.130365356803, 1.01955389977, 2.55317544937, 5.21708106995, 9.28903770447, 15.1467790604, 17.9456882477, 12.6126918793, 11.8721942902, 42.3469238281, 75.3443069458, 90.1400222778, 56.3656044006, 53.5237503052, 46.4627914429, 31.9674243927, 20.9962787628, 16.860742569, 22.5907688141, 23.6669940948, 18.2357082367, 15.4630746841, 12.6403799057, 9.15505409241, 9.59002017975, 8.74044322968, 10.0771989822, 9.78279590607, 8.47341537476, 11.7711114883, 11.9856214523, 9.79537963867, 4.39858675003, 2.25257658958, 1.35989379883, 0.577262282372, 0.116919830441, 0.00839295890182, 0.00019853048434, 5.08246048412e-05],
        "median": [0.088867560029, 0.667964816093, 1.46358811855, 3.88407611847, 6.91093206406, 9.79352664948, 8.56629276276, 5.33468484879, 6.09451389313, 7.17586517334, 17.8515033722, 19.2921504974, 15.2225322723, 11.3947963715, 10.8537435532, 9.5248670578, 8.04648303986, 5.85532665253, 10.0336914062, 9.19607830048, 8.0794210434, 8.09095954895, 7.68780565262, 6.29918622971, 6.27257013321, 5.78236961365, 5.71573495865, 5.70232915878, 3.98907542229, 4.10389661789, 2.50927209854, 2.37226271629, 1.29434466362, 0.527911305428, 0.203281164169, 0.0792878493667, 0.0180030837655, 0.000947052729316, 4.50292027381e-05, 4.01138859161e-05],
        "min": [1.53162382048e-05, 3.5641631257e-05, 8.00559791969e-05, 0.00042223840137, 0.000939264253248, 0.00204603071325, 0.00922053586692, 0.00750271836296, 0.00677073886618, 0.0156374797225, 0.0137447547168, 0.00783558096737, 0.00979394465685, 0.0108255855739, 0.00698190182447, 0.00844084378332, 0.0105630736798, 0.013843992725, 0.0188882816583, 0.0153841041028, 0.0130318636075, 0.0195963047445, 0.0202046334743, 0.012747278437, 0.0103384898975, 0.00687544606626, 0.00672703143209, 0.00874034035951, 0.00547470292076, 0.00291370088235, 0.00151655718219, 0.000819505075924, 0.000320441497024, 0.000216104206629, 2.70539276244e-05, 2.22582593778e-06, 5.69050257582e-07, 9.05581245547e-08, 4.55784636699e-08, 4.84927404898e-08],
        "var": [0.0268374606967, 1.3134560585, 20.887014389, 22.3630218506, 105.067153931, 284.005859375, 1227.87072754, 852.261230469, 235.947143555, 9441.15820312, 21602.8632812, 25139.4023438, 14663.8271484, 24848.6171875, 7132.88085938, 4732.61865234, 1419.73693848, 1521.39428711, 2052.88989258, 2197.01831055, 1123.88427734, 607.123474121, 439.764465332, 126.330047607, 192.210357666, 121.132881165, 187.216918945, 154.37600708, 241.272354126, 1755.4050293, 2868.83959961, 1450.13354492, 239.310638428, 46.2634010315, 26.0871124268, 6.18411064148, 0.165089741349, 0.000758299953304, 3.44216999792e-07, 3.21798743208e-09]
    },
    "gfcc": {
        "mean": [15.4492893219, 89.9680786133, -106.795585632, 40.8046188354, -69.3389129639, 23.36028862, -39.5622215271, 11.5834579468, -22.8598518372, -0.936747729778, -20.2034034729, -1.89078581333, -9.28623867035],
        "cov": [[4880.51074219, -1169.63366699, -94.5889205933, -537.58972168, -416.209320068, 183.815994263, -119.462295532, 302.599517822, -273.367156982, 134.070159912, -393.137664795, 173.364318848, -219.426712036], [-1169.63366699, 917.015075684, -103.644882202, 112.444213867, 185.157043457, -59.1382675171, 194.242462158, -89.0535812378, 114.04069519, -100.856407166, 131.372817993, -120.691772461, 95.09400177], [-94.5889205933, -103.644882202, 572.113769531, 273.771331787, 140.819244385, 34.667137146, -79.1341934204, -13.4600458145, -6.43376207352, 96.4441070557, 3.83911442757, 31.6369457245, -13.3640413284], [-537.58972168, 112.444213867, 273.771331787, 482.315582275, 208.557983398, -2.41161990166, 18.6547279358, -59.1613311768, 79.2742385864, 70.7869491577, 42.6939239502, -1.62003743649, 86.1740264893], [-416.209320068, 185.157043457, 140.819244385, 208.557983398, 240.826004028, 23.840473175, 35.7014579773, -40.6705207825, 26.4292011261, 25.7081165314, 19.5582580566, 1.83734381199, 49.7550544739], [183.815994263, -59.1382675171, 34.667137146, -2.41161990166, 23.840473175, 139.72845459, 54.9283027649, -8.38183021545, -46.3907241821, -13.4996232986, -10.8242940903, 21.7109889984, 11.5862646103], [-119.462295532, 194.242462158, -79.1341934204, 18.6547279358, 35.7014579773, 54.9283027649, 240.147064209, 3.60711979866, 2.64655303955, -6.47676753998, -1.34112095833, -12.9034309387, 31.5352497101], [302.599517822, -89.0535812378, -13.4600458145, -59.1613311768, -40.6705207825, -8.38183021545, 3.60711979866, 110.386764526, 20.7653160095, 23.5374031067, -34.2413711548, -4.25953531265, -24.7585849762], [-273.367156982, 114.04069519, -6.43376207352, 79.2742385864, 26.4292011261, -46.3907241821, 2.64655303955, 20.7653160095, 138.146606445, 34.8160705566, 28.7973461151, -37.9440956116, 18.102394104], [134.070159912, -100.856407166, 96.4441070557, 70.7869491577, 25.7081165314, -13.4996232986, -6.47676753998, 23.5374031067, 34.8160705566, 131.78515625, -15.3882036209, 11.9011335373, -15.9372596741], [-393.137664795, 131.372817993, 3.83911442757, 42.6939239502, 19.5582580566, -10.8242940903, -1.34112095833, -34.2413711548, 28.7973461151, -15.3882036209, 108.276657104, 3.61653852463, 4.92593336105], [173.364318848, -120.691772461, 31.6369457245, -1.62003743649, 1.83734381199, 21.7109889984, -12.9034309387, -4.25953531265, -37.9440956116, 11.9011335373, 3.61653852463, 90.8495407104, 2.57868337631], [-219.426712036, 95.09400177, -13.3640413284, 86.1740264893, 49.7550544739, 11.5862646103, 31.5352497101, -24.7585849762, 18.102394104, -15.9372596741, 4.92593336105, 2.57868337631, 106.78062439]],
        "icov": [[0.000534871651325, -0.000206206736038, 0.00022184367117, -0.000179931710591, 0.000734514032956, -0.000891785486601, 0.000481988914544, -0.000903527776245, 0.000529508688487, -0.000619096681476, 0.00152730406262, -0.000927094428334, 0.000628170964774], [-0.000206206736038, 0.00457744766027, -0.000604211760219, 0.00178488867823, -0.00383861339651, 0.00344500388019, -0.00379106937908, 0.00215103919618, -0.00191071338486, 0.00304702180438, -0.00442936364561, 0.00457258382812, -0.00211048568599], [0.00022184367117, -0.000604211760219, 0.00362803647295, -0.00236296281219, -5.02242110088e-05, -0.0019259697292, 0.00205804291181, -0.001344079501, 0.00174224248622, -0.00193268514704, 0.000958708580583, -0.000956874631811, 0.0020629807841], [-0.000179931710591, 0.00178488867823, -0.00236296281219, 0.00630787247792, -0.00389247015119, 0.00222584279254, -0.00212657009251, 0.00274291425012, -0.00284068007022, 7.05754209775e-05, -0.00257874443196, 0.00204227701761, -0.0039476249367], [0.000734514032956, -0.00383861339651, -5.02242110088e-05, -0.00389247015119, 0.011024706997, -0.00439271144569, 0.00264134351164, -0.00147380924318, 0.0016703318106, -0.00301291048527, 0.00521291187033, -0.00457568280399, 0.00141787296161], [-0.000891785486601, 0.00344500388019, -0.0019259697292, 0.00222584279254, -0.00439271144569, 0.0134309064597, -0.00582012813538, 0.002761160722, 0.000389126711525, 0.00386418658309, -0.00479660462588, 0.00311258318834, -0.00333244306967], [0.000481988914544, -0.00379106937908, 0.00205804291181, -0.00212657009251, 0.00264134351164, -0.00582012813538, 0.00886412151158, -0.00326112378389, 0.00229606428184, -0.00354500673711, 0.0040613040328, -0.00304338498972, 0.00133496685885], [-0.000903527776245, 0.00215103919618, -0.001344079501, 0.00274291425012, -0.00147380924318, 0.002761160722, -0.00326112378389, 0.0153078464791, -0.00594029668719, 0.00112674629781, 9.4624585472e-05, 0.002094657626, -0.000134267800604], [0.000529508688487, -0.00191071338486, 0.00174224248622, -0.00284068007022, 0.0016703318106, 0.000389126711525, 0.00229606428184, -0.00594029668719, 0.0147167956457, -0.00526946783066, -0.00152611662634, 0.00263645453379, -0.000850392563734], [-0.000619096681476, 0.00304702180438, -0.00193268514704, 7.05754209775e-05, -0.00301291048527, 0.00386418658309, -0.00354500673711, 0.00112674629781, -0.00526946783066, 0.013836148195, -0.00135962001514, 0.000602366460953, 0.00101478700526], [0.00152730406262, -0.00442936364561, 0.000958708580583, -0.00257874443196, 0.00521291187033, -0.00479660462588, 0.0040613040328, 9.4624585472e-05, -0.00152611662634, -0.00135962001514, 0.0200571622699, -0.00897165201604, 0.00554536329582], [-0.000927094428334, 0.00457258382812, -0.000956874631811, 0.00204227701761, -0.00457568280399, 0.00311258318834, -0.00304338498972, 0.002094657626, 0.00263645453379, 0.000602366460953, -0.00897165201604, 0.0197561345994, -0.00498663354665], [0.000628170964774, -0.00211048568599, 0.0020629807841, -0.0039476249367, 0.00141787296161, -0.00333244306967, 0.00133496685885, -0.000134267800604, -0.000850392563734, 0.00101478700526, 0.00554536329582, -0.00498663354665, 0.0154151171446]]
    },
    "melbands": {
        "dmean": [0.000532487523742, 0.00101716525387, 0.000580128922593, 0.000422419863753, 0.000298259023111, 0.000173543725396, 0.000105547464045, 0.00027987966314, 0.0003248937428, 0.00029117235681, 0.000148463645019, 0.000101417754195, 8.06746102171e-05, 6.79995137034e-05, 2.81202319456e-05, 2.45304509008e-05, 1.60183553817e-05, 2.21646259888e-05, 1.82051880984e-05, 1.53010932991e-05, 1.06470397441e-05, 7.46287378206e-06, 9.01157818589e-06, 5.52754818273e-06, 3.74810019821e-06, 4.14728083342e-06, 3.56575696969e-06, 2.73579621535e-06, 3.42403836839e-06, 2.73048885902e-06, 2.97623137158e-06, 2.78806146525e-06, 3.37072970069e-06, 4.76944887851e-06, 4.9981781558e-06, 4.02212072004e-06, 3.48006369677e-06, 2.28512294598e-06, 1.69835857378e-06, 1.36732967349e-06],
        "dmean2": [0.000846546085086, 0.00187597225886, 0.000997199793346, 0.000680700875819, 0.00046462813043, 0.000284107343759, 0.000172833126271, 0.000393697089748, 0.000486953184009, 0.000464133336209, 0.000231066645938, 0.000145418132888, 0.000122630866827, 0.000108850763354, 4.35055007983e-05, 3.92841575376e-05, 2.50427983701e-05, 3.52813331119e-05, 2.88665105472e-05, 2.37571366597e-05, 1.71475403477e-05, 1.1819483916e-05, 1.44471923704e-05, 8.86256475496e-06, 5.96393374508e-06, 6.56262318444e-06, 5.81560834689e-06, 4.41703559773e-06, 5.30275838173e-06, 4.28184557677e-06, 4.65719449494e-06, 4.30234103987e-06, 5.08783205078e-06, 7.00693544786e-06, 7.9269939306e-06, 5.72457474846e-06, 5.17078069606e-06, 3.51724384018e-06, 2.60224283011e-06, 2.08479309549e-06],
        "dvar": [9.97661800284e-07, 6.33693298369e-06, 6.73295915021e-07, 3.66236236005e-07, 2.96776903497e-07, 2.06081764986e-07, 3.28373346292e-08, 3.70131147065e-07, 4.30219756709e-07, 3.86642909689e-07, 1.76448565981e-07, 1.20813936633e-07, 3.09233492146e-08, 2.71082498671e-08, 7.14175429906e-09, 3.88369292281e-09, 1.66456259887e-09, 5.44274447734e-09, 1.87782922545e-09, 2.04780858937e-09, 8.15362000139e-10, 4.41122083306e-10, 6.03809391375e-10, 1.46113676713e-10, 4.36457814335e-11, 6.00515193128e-11, 1.08767592155e-10, 2.74149036805e-11, 4.88756569939e-11, 2.55179107012e-11, 2.39103598032e-11, 3.56743974639e-11, 7.25075624541e-11, 5.27420385144e-10, 8.18239365152e-10, 2.79955475468e-10, 1.73882352961e-10, 8.19195475343e-11, 2.68406581683e-11, 1.93945484672e-11],
        "dvar2": [2.15879140342e-06, 1.94227013708e-05, 1.87078967429e-06, 9.17154068247e-07, 6.15080011812e-07, 5.08666744281e-07, 8.0258892865e-08, 7.67651442857e-07, 1.01089153759e-06, 9.99698158921e-07, 4.51128727263e-07, 2.68521006319e-07, 7.93060408455e-08, 7.75549580112e-08, 1.50058490078e-08, 9.87591430857e-09, 3.48877482459e-09, 1.46231808884e-08, 4.21314405585e-09, 5.09350250866e-09, 2.00828398356e-09, 1.10687403687e-09, 1.4222766298e-09, 3.71206620997e-10, 9.89830717391e-11, 1.33241154221e-10, 2.82449841293e-10, 7.00367611128e-11, 9.98753718617e-11, 5.98680410802e-11, 5.68482691476e-11, 8.53680598434e-11, 1.4428358508e-10, 1.10304443357e-09, 2.03141925503e-09, 5.05060882006e-10, 3.63075430831e-10, 1.68587602212e-10, 6.26838511653e-11, 4.25182528074e-11],
        "max": [0.0133789926767, 0.0235187970102, 0.00739000784233, 0.00930254440755, 0.00975643005222, 0.0101388711482, 0.00257528503425, 0.00869762804359, 0.0091649228707, 0.00820935424417, 0.00643347995356, 0.0090358229354, 0.0028206363786, 0.00229120301083, 0.00258276006207, 0.00101104169153, 0.000720342213754, 0.00156361446716, 0.00090760551393, 0.000867792638019, 0.000748923805077, 0.00041980901733, 0.000612341333181, 0.000275578757282, 0.000118896656204, 0.00015974737471, 0.000237554631894, 9.77767776931e-05, 0.000154859662871, 6.79606891936e-05, 6.20806604275e-05, 9.06665009097e-05, 0.000202216644539, 0.000627174740657, 0.000713274639565, 0.000425164122134, 0.000285624788376, 0.000200826019864, 0.000103283367935, 8.51433942444e-05],
        "mean": [0.00122522702441, 0.0013844857458, 0.000990244676359, 0.00092754221987, 0.000632855226286, 0.000291116099106, 0.000185989993042, 0.00057413923787, 0.000603901979048, 0.000554087688215, 0.000268384144874, 0.000218472108827, 0.000152519831317, 0.000116504495963, 5.31914229214e-05, 4.24845347879e-05, 2.82226155832e-05, 3.49324363924e-05, 3.33005191351e-05, 2.69414322247e-05, 1.95989687199e-05, 1.51271779032e-05, 1.50749574459e-05, 9.60095712799e-06, 6.93620040693e-06, 7.21952164895e-06, 6.08746586295e-06, 5.52278152099e-06, 6.64339313516e-06, 5.14651947014e-06, 5.9143208091e-06, 4.21790173277e-06, 5.591401532e-06, 7.01332419339e-06, 6.87471992933e-06, 6.71061980029e-06, 5.76048569201e-06, 3.30321176989e-06, 2.14183410208e-06, 1.76556090992e-06],
        "median": [0.000797672313638, 0.000812281563412, 0.000724965240806, 0.000698836927768, 0.000346125598298, 0.000120856624562, 8.81404193933e-05, 8.24421003927e-05, 0.000150815831148, 9.19295125641e-05, 5.76748425374e-05, 3.68797664123e-05, 2.80079493677e-05, 3.19034334098e-05, 1.4215520423e-05, 1.51513822857e-05, 8.86997804628e-06, 1.48397384692e-05, 1.35188929562e-05, 1.1361412362e-05, 6.84653150529e-06, 6.91539389663e-06, 7.71436134528e-06, 6.18292551735e-06, 4.54278870166e-06, 4.57807573184e-06, 3.68585779142e-06, 3.52887150257e-06, 3.45103603649e-06, 2.91856986223e-06, 3.18392608278e-06, 1.88822059499e-06, 2.26753309107e-06, 2.07552557185e-06, 1.36978110277e-06, 1.36023277264e-06, 1.36446124088e-06, 9.30560076995e-07, 5.60128910365e-07, 3.58581161208e-07],
        "min": [1.79031815151e-07, 6.76552645018e-08, 9.21457896652e-08, 8.34550135664e-08, 2.71452222478e-07, 1.26009680912e-07, 7.99622412728e-08, 1.08792526987e-07, 9.65834416888e-08, 4.83093742787e-08, 4.41714078647e-08, 4.47415224869e-08, 1.94043092705e-08, 2.36757813354e-08, 1.98091818504e-08, 2.28262617696e-08, 1.39163178758e-08, 2.99992422015e-08, 3.7700001343e-08, 1.4463688025e-08, 1.31261552738e-08, 1.80679453621e-08, 2.42203750389e-08, 1.61762816475e-08, 9.25088805559e-09, 6.99647317859e-09, 6.01401062283e-09, 1.16886889057e-09, 6.6075284133e-10, 6.12984107917e-09, 3.99513977456e-09, 3.20709370172e-09, 2.20996709821e-09, 1.24199839302e-09, 8.30081114955e-10, 6.81798284496e-10, 3.50159873319e-10, 8.39923339213e-11, 1.97955318804e-10, 5.31225996352e-13],
