{
"highlevel": {
    "danceability": {
        "all": {
            "danceable": 0.571933746338,
            "not_danceable": 0.428066283464
        },
        "probability": 0.571933746338,
        "value": "danceable"
    },
    "gender": {
        "all": {
            "female": 0.62551099062,
            "male": 0.37448900938
        },
        "probability": 0.62551099062,
        "value": "female"
    },
    "genre_dortmund": {
        "all": {
            "alternative": 0.0895021408796,
            "blues": 0.0124504119158,
            "electronic": 0.00422908132896,
            "folkcountry": 0.336601823568,
            "funksoulrnb": 0.00667471531779,
            "jazz": 0.0246805530041,
            "pop": 0.167571723461,
            "raphiphop": 0.000773026142269,
            "rock": 0.357516527176
        },
        "probability": 0.357516527176,
        "value": "rock"
    },
    "genre_electronic": {
        "all": {
            "ambient": 0.473223030567,
            "dnb": 0.147033512592,
            "house": 0.152643144131,
            "techno": 0.0104322731495,
            "trance": 0.216668024659
        },
        "probability": 0.473223030567,
        "value": "ambient"
    },
    "genre_rosamerica": {
        "all": {
            "cla": 0.00317978672683,
            "dan": 0.0192989353091,
            "hip": 0.0020376087632,
            "jaz": 0.00540633127093,
            "pop": 0.523367762566,
            "rhy": 0.0435611344874,
            "roc": 0.400915175676,
            "spe": 0.00223325542174
        },
        "probability": 0.523367762566,
        "value": "pop"
    },
    "genre_tzanetakis": {
        "all": {
            "blu": 0.0626541376114,
            "cla": 0.0348133966327,
            "cou": 0.0783501937985,
            "dis": 0.104547761381,
            "hip": 0.15693578124,
            "jaz": 0.313987255096,
            "met": 0.044816005975,
            "pop": 0.0627349764109,
            "reg": 0.0627352520823,
            "roc": 0.0784252434969
        },
        "probability": 0.313987255096,
        "value": "jaz"
    },
    "ismir04_rhythm": {
        "all": {
            "ChaChaCha": 0.18819154799,
            "Jive": 0.231803774834,
            "Quickstep": 0.083300627768,
            "Rumba-American": 0.0200517121702,
            "Rumba-International": 0.243399992585,
            "Rumba-Misc": 0.0182135365903,
            "Samba": 0.083268173039,
            "Tango": 0.0135489888489,
            "VienneseWaltz": 0.100825712085,
            "Waltz": 0.0173959285021
        },
        "probability": 0.243399992585,
        "value": "Rumba-International"
    },
    "mood_acoustic": {
        "all": {
            "acoustic": 0.354701250792,
            "not_acoustic": 0.645298779011
        },
        "probability": 0.645298779011,
        "value": "not_acoustic"
    },
    "mood_aggressive": {
        "all": {
            "aggressive": 0.0119513431564,
            "not_aggressive": 0.988048672676
        },
        "probability": 0.988048672676,
        "value": "not_aggressive"
    },
    "mood_electronic": {
        "all": {
            "electronic": 0.0858811289072,
            "not_electronic": 0.914118885994
        },
        "probability": 0.914118885994,
        "value": "not_electronic"
    },
    "mood_happy": {
        "all": {
            "happy": 0.846827328205,
            "not_happy": 0.153172671795
        },
        "probability": 0.846827328205,
        "value": "happy"
    },
    "mood_party": {
        "all": {
            "not_party": 0.821945130825,
            "party": 0.178054839373
        },
        "probability": 0.821945130825,
        "value": "not_party"
    },
    "mood_relaxed": {
        "all": {
            "not_relaxed": 0.923325002193,
            "relaxed": 0.0766749978065
        },
        "probability": 0.923325002193,
        "value": "not_relaxed"
    },
    "mood_sad": {
        "all": {
            "not_sad": 0.340346723795,
            "sad": 0.659653306007
        },
        "probability": 0.659653306007,
        "value": "sad"
    },
    "moods_mirex": {
        "all": {
            "Cluster1": 0.353127509356,
            "Cluster2": 0.243549004197,
            "Cluster3": 0.27137491107,
            "Cluster4": 0.121250733733,
            "Cluster5": 0.0106978509575
        },
        "probability": 0.353127509356,
        "value": "Cluster1"
    },
    "timbre": {
        "all": {
            "bright": 0.992843687534,
            "dark": 0.00715631712228
        },
        "probability": 0.992843687534,
        "value": "bright"
    },
    "tonal_atonal": {
        "all": {
            "atonal": 5.92687320022e-05,
            "tonal": 0.999940752983
        },
        "probability": 0.999940752983,
        "value": "tonal"
    },
    "voice_instrumental": {
        "all": {
            "instrumental": 0.0123903099447,
            "voice": 0.987609684467
        },
        "probability": 0.987609684467,
        "value": "voice"
    }
},
"lowlevel": {
    "average_loudness": 0.95921587944,
    "barkbands_crest": {
        "dmean": 2.02166676521,
        "dmean2": 3.30511641502,
        "dvar": 3.6850528717,
        "dvar2": 9.65911197662,
        "max": 21.3258552551,
        "mean": 8.45645999908,
        "median": 7.837703228,
        "min": 3.23249983788,
        "var": 9.10720252991
    },
    "barkbands_flatness_db": {
        "dmean": 0.0181279070675,
        "dmean2": 0.0288772284985,
        "dvar": 0.000313524797093,
        "dvar2": 0.000767248508055,
        "max": 0.276902675629,
        "mean": 0.138560771942,
        "median": 0.135899335146,
        "min": 0.0603999681771,
        "var": 0.00118882767856
    },
    "barkbands_kurtosis": {
        "dmean": 2.50547790527,
        "dmean2": 3.86912894249,
        "dvar": 11.5546665192,
        "dvar2": 27.4815635681,
        "max": 53.4289665222,
        "mean": 4.81222581863,
        "median": 2.99611616135,
        "min": -1.89230084419,
        "var": 35.9840354919
    },
    "barkbands_skewness": {
        "dmean": 0.475264757872,
        "dmean2": 0.725450694561,
        "dvar": 0.261104822159,
        "dvar2": 0.641357898712,
        "max": 6.15291690826,
        "mean": 1.78251504898,
        "median": 1.65834653378,
        "min": -1.43625950813,
        "var": 0.993239283562
    },
    "barkbands_spread": {
        "dmean": 5.63313961029,
        "dmean2": 8.59940814972,
        "dvar": 62.5837783813,
        "dvar2": 125.364578247,
        "max": 91.9864120483,
        "mean": 22.8770828247,
        "median": 19.2829551697,
        "min": 2.56524419785,
        "var": 214.238708496
    },
    "dissonance": {
        "dmean": 0.0219992082566,
        "dmean2": 0.0374406166375,
        "dvar": 0.000432490458479,
        "dvar2": 0.00118145276792,
        "max": 0.49974539876,
        "mean": 0.454161226749,
        "median": 0.461387723684,
        "min": 0.315603882074,
        "var": 0.000899275764823
    },
    "dynamic_complexity": 1.85533690453,
    "erbbands_crest": {
        "dmean": 2.31096053123,
        "dmean2": 3.66688942909,
        "dvar": 5.06568670273,
        "dvar2": 11.0083732605,
        "max": 28.2673625946,
        "mean": 8.92642307281,
        "median": 8.06564903259,
        "min": 2.38047027588,
        "var": 14.2058000565
    },
    "erbbands_flatness_db": {
        "dmean": 0.0167592931539,
        "dmean2": 0.0235334541649,
        "dvar": 0.000321568746585,
        "dvar2": 0.000586847774684,
        "max": 0.241995736957,
        "mean": 0.133553296328,
        "median": 0.130968958139,
        "min": 0.0604419894516,
        "var": 0.00125255528837
    },
    "erbbands_kurtosis": {
        "dmean": 0.764193594456,
        "dmean2": 1.15294086933,
        "dvar": 0.81729799509,
        "dvar2": 1.81995475292,
        "max": 14.0010242462,
        "mean": 0.622634708881,
        "median": 0.222855567932,
        "min": -1.70144510269,
        "var": 2.76590800285
    },
    "erbbands_skewness": {
        "dmean": 0.298200815916,
        "dmean2": 0.443472653627,
        "dvar": 0.0819549486041,
        "dvar2": 0.179075613618,
        "max": 2.75309610367,
        "mean": 0.59885597229,
        "median": 0.632370710373,
        "min": -2.33025097847,
        "var": 0.455142050982
    },
    "erbbands_spread": {
        "dmean": 10.0584144592,
        "dmean2": 14.7892217636,
        "dvar": 156.195144653,
        "dvar2": 311.996856689,
        "max": 139.575012207,
        "mean": 46.3806152344,
        "median": 40.7643547058,
        "min": 6.40469789505,
        "var": 523.502624512
    },
    "hfc": {
        "dmean": 9.38773918152,
        "dmean2": 13.1169710159,
        "dvar": 227.240234375,
        "dvar2": 475.797485352,
        "max": 249.270050049,
        "mean": 28.0435333252,
        "median": 22.4465198517,
        "min": 1.80850148201,
        "var": 502.983673096
    },
    "melbands_crest": {
        "dmean": 2.61044120789,
        "dmean2": 4.30481004715,
        "dvar": 6.27090120316,
        "dvar2": 17.3715209961,
        "max": 25.8066730499,
        "mean": 11.6340703964,
        "median": 10.9903755188,
        "min": 5.16828203201,
        "var": 13.7833356857
    },
    "melbands_flatness_db": {
        "dmean": 0.0221578311175,
        "dmean2": 0.03469318524,
        "dvar": 0.000561959692277,
        "dvar2": 0.00133000419009,
        "max": 0.378664463758,
        "mean": 0.189350172877,
        "median": 0.182557538152,
        "min": 0.0573619380593,
        "var": 0.00247717346065
    },
    "melbands_kurtosis": {
        "dmean": 7.486348629,
        "dmean2": 12.1163892746,
        "dvar": 150.849960327,
        "dvar2": 366.229766846,
        "max": 140.752761841,
        "mean": 16.2257709503,
        "median": 10.7641839981,
        "min": -1.490493536,
        "var": 307.352233887
    },
    "melbands_skewness": {
        "dmean": 0.726817250252,
        "dmean2": 1.13600826263,
        "dvar": 0.767921388149,
        "dvar2": 1.82120227814,
        "max": 8.95633029938,
        "mean": 2.90973734856,
        "median": 2.70191311836,
        "min": -0.411003261805,
        "var": 2.30698299408
    },
    "melbands_spread": {
        "dmean": 5.69412899017,
        "dmean2": 8.90153026581,
        "dvar": 78.0723342896,
        "dvar2": 181.455764771,
        "max": 138.277313232,
        "mean": 20.6254234314,
        "median": 17.5948047638,
        "min": 2.12663888931,
        "var": 203.443786621
    },
    "pitch_salience": {
        "dmean": 0.0602488331497,
        "dmean2": 0.0979485213757,
        "dvar": 0.00284744962119,
        "dvar2": 0.00753535330296,
        "max": 0.834717988968,
        "mean": 0.598347187042,
        "median": 0.605197370052,
        "min": 0.31670036912,
        "var": 0.00714502623305
    },
    "silence_rate_20dB": {
        "dmean": 0,
        "dmean2": 0,
        "dvar": 0,
        "dvar2": 0,
        "max": 1,
        "mean": 1,
        "median": 1,
        "min": 1,
        "var": 0
    },
    "silence_rate_30dB": {
        "dmean": 0.0061919502914,
        "dmean2": 0.0123934932053,
        "dvar": 0.00615355139598,
        "dvar2": 0.0184369552881,
        "max": 1,
        "mean": 0.996906399727,
        "median": 1,
        "min": 0,
        "var": 0.0030839885585
    },
    "silence_rate_60dB": {
        "dmean": 0.00154798757285,
        "dmean2": 0.00309837330133,
        "dvar": 0.00154558010399,
        "dvar2": 0.00463790120557,
        "max": 1,
        "mean": 0.00077339517884,
        "median": 0,
        "min": 0,
        "var": 0.000772795174271
    },
    "spectral_centroid": {
        "dmean": 188.092910767,
        "dmean2": 294.355224609,
        "dvar": 55041.6054688,
        "dvar2": 122418.921875,
        "max": 3347.63305664,
        "mean": 1021.76654053,
        "median": 955.677856445,
        "min": 257.392120361,
        "var": 198163.6875
    },
    "spectral_complexity": {
        "dmean": 3.30727553368,
        "dmean2": 5.07358646393,
        "dvar": 16.3552627563,
        "dvar2": 33.0332336426,
        "max": 45,
        "mean": 18.2459392548,
        "median": 17,
        "min": 5,
        "var": 48.2240371704
    },
    "spectral_decrease": {
        "dmean": 3.03745051333e-09,
        "dmean2": 4.71769956434e-09,
        "dvar": 1.827639847e-17,
        "dvar2": 4.55543252584e-17,
        "max": -5.00655294999e-10,
        "mean": -8.68504645979e-09,
        "median": -7.94391574743e-09,
        "min": -3.92114642978e-08,
        "var": 2.91432471938e-17
    },
    "spectral_energy": {
        "dmean": 0.0121289184317,
        "dmean2": 0.0186995845288,
        "dvar": 0.000285040849121,
        "dvar2": 0.000701116106939,
        "max": 0.153716385365,
        "mean": 0.0353229679167,
        "median": 0.0324769131839,
        "min": 0.00215543620288,
        "var": 0.00046728097368
    },
    "spectral_energyband_high": {
        "dmean": 0.000683780817781,
        "dmean2": 0.000935190881137,
        "dvar": 1.51689505401e-06,
        "dvar2": 3.00579836221e-06,
        "max": 0.0137691926211,
        "mean": 0.00147941592149,
        "median": 0.000751988438424,
        "min": 6.70390136293e-06,
        "var": 3.68576093024e-06
    },
    "spectral_energyband_low": {
        "dmean": 0.00627590343356,
        "dmean2": 0.010312743485,
        "dvar": 0.000161727439263,
        "dvar2": 0.000440088158939,
        "max": 0.120959579945,
        "mean": 0.0105760022998,
        "median": 0.00626380555332,
        "min": 5.09984820383e-05,
        "var": 0.000179646682227
    },
    "spectral_energyband_middle_high": {
        "dmean": 0.00208454648964,
        "dmean2": 0.00303468969651,
        "dvar": 1.77954425453e-05,
        "dvar2": 4.08569394494e-05,
        "max": 0.0864405408502,
        "mean": 0.00577458459884,
        "median": 0.00402352679521,
        "min": 0.000109492910269,
        "var": 3.7644742406e-05
    },
    "spectral_energyband_middle_low": {
        "dmean": 0.00690463464707,
        "dmean2": 0.0108365388587,
        "dvar": 8.62105443957e-05,
        "dvar2": 0.000200864189537,
        "max": 0.0945067331195,
        "mean": 0.0193955060095,
        "median": 0.0176561418921,
        "min": 0.00114910781849,
        "var": 0.000156371286721
    },
    "spectral_entropy": {
        "dmean": 0.168960824609,
        "dmean2": 0.25016900897,
        "dvar": 0.035504411906,
        "dvar2": 0.069884210825,
        "max": 8.54491615295,
        "mean": 7.58718824387,
        "median": 7.58902359009,
        "min": 6.25438690186,
        "var": 0.14337669313
    },
    "spectral_flux": {
        "dmean": 0.0314854793251,
        "dmean2": 0.0495704375207,
        "dvar": 0.00142862298526,
        "dvar2": 0.00307370605879,
        "max": 0.337452381849,
        "mean": 0.0924019217491,
        "median": 0.078653126955,
        "min": 0.0184244234115,
        "var": 0.00257045309991
    },
    "spectral_kurtosis": {
        "dmean": 1.13543832302,
        "dmean2": 1.75851547718,
        "dvar": 1.76879763603,
        "dvar2": 4.06428670883,
        "max": 15.6492404938,
        "mean": 3.13536763191,
        "median": 2.71363925934,
        "min": -1.21682882309,
        "var": 5.41143703461
    },
    "spectral_rms": {
        "dmean": 0.000942592450883,
        "dmean2": 0.00141470879316,
        "dvar": 1.28407066313e-06,
        "dvar2": 2.91925607598e-06,
        "max": 0.0122461095452,
        "mean": 0.00561423320323,
        "median": 0.00562892481685,
        "min": 0.00145012571011,
        "var": 2.94181245408e-06
    },
    "spectral_rolloff": {
        "dmean": 441.314239502,
        "dmean2": 768.325622559,
        "dvar": 1023628,
        "dvar2": 2209935.25,
        "max": 9453.07617188,
        "mean": 1317.05371094,
        "median": 925.927734375,
        "min": 129.19921875,
        "var": 2131187.25
    },
    "spectral_skewness": {
        "dmean": 0.189670518041,
        "dmean2": 0.282608926296,
        "dvar": 0.0419647097588,
        "dvar2": 0.0851943343878,
        "max": 3.15082907677,
        "mean": 1.53247332573,
        "median": 1.50721371174,
        "min": 0.105329595506,
        "var": 0.199358284473
    },
    "spectral_spread": {
        "dmean": 791980.5625,
        "dmean2": 1049339.5,
        "dvar": 931704012800,
        "dvar2": 1.50170605978e+12,
        "max": 13077834,
        "mean": 5934617,
        "median": 5775544,
        "min": 2535986.5,
        "var": 3.12963760128e+12
    },
    "spectral_strongpeak": {
        "dmean": 0.635997772217,
        "dmean2": 1.06519496441,
        "dvar": 1.18758809566,
        "dvar2": 2.51529121399,
        "max": 15.5061626434,
        "mean": 1.05459547043,
        "median": 0.624967575073,
        "min": 0.0344443917274,
        "var": 1.82348513603
    },
    "zerocrossingrate": {
        "dmean": 0.0119825424626,
        "dmean2": 0.013755839318,
        "dvar": 0.000177959969733,
        "dvar2": 0.00020288208907,
        "max": 0.2568359375,
        "mean": 0.0666426494718,
        "median": 0.05859375,
        "min": 0.00927734375,
        "var": 0.00127304194029
    },
    "barkbands": {
        "dmean": [0.000176266024937, 0.00312409503385, 0.00307752355002, 0.00195402395912, 0.00397235387936, 0.00153260515071, 0.000906845554709, 0.000938140845392, 0.000855567282997, 0.000554237223696, 0.000418996234657, 0.000342811021255, 0.000292848417303, 0.000416386465076, 0.00041361246258, 0.000493645260576, 0.000189677943126, 9.90983535303e-05, 7.33317428967e-05, 0.000116124749184, 8.19618289825e-05, 0.000129656051286, 0.000170577070094, 0.000162182666827, 0.000164220866282, 6.13094525761e-05, 2.69775934925e-09],
        "dmean2": [0.000296896818327, 0.00512888235971, 0.00524611957371, 0.00325586437248, 0.00654468499124, 0.00236503663473, 0.00139911309816, 0.00137552805245, 0.00125235202722, 0.000793320359662, 0.000631587929092, 0.000506510084961, 0.000463845237391, 0.000613087264355, 0.00064860470593, 0.000781197100878, 0.00029953775811, 0.000155612680828, 0.000113549227535, 0.000182093557669, 0.000127305233036, 0.000195596061531, 0.000261008244706, 0.000234917766647, 0.000239201282966, 8.76465783222e-05, 4.04821864919e-09],
        "dvar": [2.21003119805e-07, 3.53718423867e-05, 4.96522188769e-05, 8.26015912025e-06, 5.62953136978e-05, 6.32447836324e-06, 3.73907414541e-06, 3.31348132931e-06, 4.50732386525e-06, 1.10607959414e-06, 1.51724213993e-06, 8.77137665611e-07, 5.20295486695e-07, 1.1097395145e-06, 1.72996442416e-06, 7.96007861936e-06, 1.49040943143e-07, 8.81972894717e-08, 1.54618184922e-08, 4.26575716972e-08, 2.21597939998e-08, 6.13252026938e-08, 1.13925793244e-07, 1.31540986104e-07, 8.8570175194e-08, 1.4390725056e-08, 7.61571610981e-16],
        "dvar2": [5.87134422858e-07, 9.22807303141e-05, 0.00014128490875, 2.26039846893e-05, 0.000140327392728, 1.49683146446e-05, 8.3398535935e-06, 7.56712597649e-06, 9.31944214244e-06, 2.16775902118e-06, 3.57192948286e-06, 1.80247707249e-06, 1.28443753056e-06, 2.41868610829e-06, 3.48256526195e-06, 2.03972467716e-05, 3.38217546414e-07, 2.10458324545e-07, 3.48353843549e-08, 1.00849767648e-07, 4.99472747606e-08, 1.26209371842e-07, 2.32276477163e-07, 2.37769839373e-07, 1.72561996692e-07, 3.39217294254e-08, 7.73100311728e-16],
        "max": [0.00525778019801, 0.0457716584206, 0.0869987756014, 0.0286129992455, 0.0821047276258, 0.0362536460161, 0.023319337517, 0.0246305651963, 0.0318336337805, 0.0220093950629, 0.0324387140572, 0.0201518014073, 0.0132598765194, 0.0170653872192, 0.0204232335091, 0.0778871774673, 0.00743151921779, 0.00658635795116, 0.00129624863621, 0.00262029678561, 0.00229103653692, 0.00374532141723, 0.00433334521949, 0.00554254325107, 0.00360933737829, 0.00126938486937, 7.07422259438e-07],
        "mean": [0.000185564669664, 0.00478882947937, 0.00400386378169, 0.00303449109197, 0.00702948775142, 0.0032059403602, 0.00169781921431, 0.00201983656734, 0.00176996807568, 0.00128082302399, 0.000810675323009, 0.000636670622043, 0.000523631635588, 0.00066793867154, 0.000645192689262, 0.000755873625167, 0.000349627633113, 0.000178038419108, 0.00013791686797, 0.000220361107495, 0.000157380607561, 0.000243700327701, 0.000303191918647, 0.000304738408886, 0.000286401249468, 8.50424112286e-05, 2.37332642428e-09],
        "median": [7.39551978768e-05, 0.00269795442, 0.00186940096319, 0.00175561371725, 0.00458536390215, 0.00198108307086, 0.000717739167158, 0.000916620308999, 0.000501955801155, 0.000449999206467, 0.000257636100287, 0.000191724640899, 0.000165285775438, 0.000157360307639, 0.000181207768037, 0.000166714715306, 0.000154296125402, 7.97797474661e-05, 7.23987905076e-05, 0.000127228937345, 8.07675678516e-05, 0.000114226691949, 0.000132919405587, 0.000126837214339, 0.000103091879282, 2.30543391808e-05, 5.11381326174e-10],
        "min": [2.93184214684e-08, 2.10827511182e-06, 1.93535051949e-05, 1.14993345051e-05, 0.000144195088069, 7.35314533813e-05, 6.78779952068e-06, 6.97108725944e-06, 1.69294144143e-05, 5.21646870766e-06, 2.51013352681e-06, 6.254010259e-06, 3.30516922986e-06, 3.47682134816e-06, 5.54460893909e-06, 3.76888874598e-06, 4.37532435171e-06, 2.08494293474e-06, 1.23047072975e-06, 3.32175090989e-06, 1.27475914269e-06, 6.52751054986e-07, 2.79362524225e-07, 5.8832523564e-07, 2.34941381905e-07, 6.55778972791e-11, 1.24040508767e-11],
        "var": [1.7285708509e-07, 4.16307375417e-05, 4.58460162918e-05, 1.16770897876e-05, 6.96049755788e-05, 1.34611345857e-05, 7.45659872337e-06, 7.84087751526e-06, 1.07539708551e-05, 4.93673906021e-06, 3.01237014355e-06, 2.02278783945e-06, 1.08932215426e-06, 2.06175423045e-06, 3.16545947499e-06, 8.01571331976e-06, 2.91505074301e-07, 1.3015095135e-07, 3.0312442334e-08, 7.14146821679e-08, 4.43190089072e-08, 1.44051782058e-07, 2.53192439459e-07, 2.91331872404e-07, 1.7934654295e-07, 1.98939318352e-08, 7.60149813239e-16]
    },
    "erbbands": {
        "dmean": [0.0724002495408, 0.807766675949, 3.15374612808, 5.16915035248, 10.770070076, 15.3980426788, 10.975520134, 12.7990808487, 12.6494674683, 15.6763782501, 21.1151065826, 20.5822353363, 17.707611084, 14.1136865616, 16.8080940247, 14.146686554, 13.2658805847, 17.3721752167, 22.4195842743, 25.282365799, 18.4185256958, 9.06023025513, 5.76232290268, 3.66554141045, 4.4263753891, 5.59799480438, 3.6661875248, 3.28585839272, 4.37805700302, 5.27734947205, 4.78003740311, 3.32690119743, 3.05949783325, 2.70570516586, 0.697238862514, 0.156446114182, 0.158591464162, 0.0180367510766, 0.00030366727151, 2.52487498074e-05],
        "dmean2": [0.114397823811, 1.35132014751, 5.37489414215, 8.70688724518, 17.8025875092, 25.1728134155, 16.4948043823, 20.5150547028, 19.8428211212, 24.1342391968, 30.5872840881, 29.4503936768, 25.0970840454, 20.9534416199, 24.6982192993, 20.0822963715, 20.6129360199, 26.0120372772, 34.1381149292, 38.8413772583, 27.9678173065, 13.8273620605, 8.91013240814, 5.68329048157, 6.95761680603, 8.78815460205, 5.64394855499, 5.08444929123, 6.54441261292, 7.99686670303, 7.33041763306, 4.81380653381, 4.47262382507, 3.86494493484, 1.04382181168, 0.236474826932, 0.227396428585, 0.0274347625673, 0.000451868312666, 3.6097899283e-05],
        "dvar": [0.021568229422, 2.485070467, 48.5220031738, 88.6134109497, 251.794433594, 1248.73657227, 251.072433472, 636.67010498, 785.571166992, 1138.6237793, 1687.24377441, 3380.41992188, 1364.69140625, 1300.38342285, 3249.44067383, 1617.34338379, 1288.05273438, 1716.36120605, 5684.68457031, 10386.4130859, 13251.5654297, 304.117431641, 249.968902588, 51.561870575, 58.3000907898, 99.367729187, 50.9675178528, 38.427318573, 74.096824646, 109.507751465, 100.815460205, 56.2521705627, 40.1956558228, 23.4589633942, 1.58391797543, 0.0905945748091, 0.0990725904703, 0.00118885026313, 3.33402681463e-07, 1.4867983511e-09],
        "dvar2": [0.0542215332389, 6.82247591019, 138.582321167, 244.571655273, 635.706237793, 3108.34545898, 566.661376953, 1498.87182617, 1831.91687012, 2684.96948242, 3535.70288086, 7013.78369141, 2419.75610352, 2996.82348633, 7773.64453125, 3098.21386719, 3328.30712891, 3840.66333008, 12899.1103516, 23064.703125, 32331.4140625, 651.468994141, 589.423034668, 123.110778809, 138.858169556, 227.365707397, 115.618125916, 85.5358428955, 150.641525269, 238.397094727, 212.807876587, 103.627441406, 75.4317245483, 46.175365448, 3.34186124802, 0.212418422103, 0.230984568596, 0.00291325268336, 8.07095432265e-07, 3.45455708484e-09],
        "max": [1.24467778206, 13.4095058441, 72.1396255493, 129.85256958, 146.276443481, 390.254699707, 217.664962769, 349.129516602, 526.549438477, 380.028564453, 676.590270996, 990.27947998, 778.600036621, 792.005249023, 1649.8347168, 923.071777344, 730.862792969, 567.914978027, 1282.40722656, 2800.40991211, 3480.01879883, 287.349029541, 285.794586182, 131.223220825, 85.0657424927, 126.512870789, 109.915023804, 74.8846664429, 159.435684204, 150.349945068, 176.915390015, 105.541854858, 87.037361145, 62.0065574646, 16.1426525116, 3.29952955246, 3.71440768242, 0.320317834616, 0.00533429253846, 0.000374521681806],
        "mean": [0.103774599731, 1.21186482906, 4.28749513626, 8.30341434479, 18.1251659393, 23.3796863556, 25.2935714722, 23.8712768555, 25.0701618195, 31.3380851746, 45.1881942749, 43.3965682983, 45.5289497375, 31.5333251953, 35.2373847961, 29.371837616, 25.8887367249, 32.2378768921, 35.5695915222, 40.7744026184, 31.6545257568, 17.6848163605, 11.150141716, 7.551612854, 8.515376091, 10.4817342758, 6.86903810501, 6.25906467438, 8.0859375, 9.76678466797, 8.30365180969, 5.94296598434, 5.52457237244, 4.78003787994, 1.08291172981, 0.219175666571, 0.217022895813, 0.0228933710605, 0.000415690505179, 6.16984834778e-05],
        "median": [0.0577183440328, 0.665608465672, 2.10716199875, 4.99401283264, 11.7170963287, 12.6817131042, 15.9476213455, 12.3181409836, 10.8713474274, 13.0765514374, 26.2210540771, 15.0543079376, 16.4057064056, 12.8828687668, 12.9243803024, 9.34165382385, 10.366818428, 9.34121704102, 9.11340808868, 11.7114448547, 8.56726455688, 7.73651456833, 5.52440547943, 3.73119068146, 4.946788311, 6.13103199005, 3.69713425636, 2.82488179207, 3.7423992157, 4.65121221542, 3.73213601112, 2.40356254578, 2.28789830208, 1.83097302914, 0.3503036201, 0.0587597340345, 0.0606336444616, 0.0059684519656, 0.000127086939756, 4.85816126456e-05],
        "min": [6.45476247882e-05, 0.00115730043035, 0.0366011783481, 0.0507099144161, 0.324914991856, 0.662461698055, 1.01757514477, 0.528347194195, 0.404329329729, 0.484837889671, 0.436914473772, 0.578424692154, 0.220706924796, 0.401515096426, 0.22373072803, 0.380852878094, 0.216734096408, 0.224689438939, 0.538594603539, 0.361820280552, 0.23144967854, 0.284853994846, 0.139729395509, 0.108355812728, 0.0621766895056, 0.134097322822, 0.0924630388618, 0.032528642565, 0.0164484661072, 0.0307397227734, 0.0268263965845, 0.0071519180201, 0.00769115006551, 0.00524473935366, 0.000329897651682, 1.50933410623e-05, 4.24550171374e-06, 6.25868892712e-07, 3.58536681233e-06, 3.85083467336e-06],
        "var": [0.0219217464328, 2.81873011589, 47.3339767456, 95.5574645996, 369.490753174, 1440.11206055, 709.376525879, 1108.65869141, 1756.87219238, 2535.06079102, 3801.75756836, 7105.01416016, 6039.26074219, 3448.22387695, 5892.71289062, 3922.26708984, 2320.30688477, 3774.26245117, 8706.57324219, 15473.1201172, 14239.0175781, 727.009277344, 378.130310059, 101.55506897, 103.471694946, 168.888793945, 92.1816253662, 81.3054504395, 171.611053467, 233.528610229, 209.210968018, 123.851982117, 86.3483886719, 49.1286468506, 2.79139614105, 0.129794180393, 0.133568838239, 0.00150933500845, 4.38995158447e-07, 2.40360464865e-09]
    },
    "gfcc": {
        "mean": [37.2127609253, 88.3662872314, -96.920791626, 31.5337810516, -68.1750183105, 22.4186916351, -46.8559417725, 8.07540512085, -24.1930274963, -0.401200830936, -19.6315879822, -2.97458004951, -10.0338277817],
        "cov": [[2286.95092773, -973.578857422, 120.470695496, -116.159561157, -74.1854171753, 95.0969390869, -51.2168884277, 186.093917847, -118.00239563, 160.471710205, -171.939910889, 137.840637207, -144.597473145], [-973.578857422, 949.334289551, -250.563812256, -54.9647827148, 125.261260986, -36.3155441284, 163.237075806, -99.6011962891, 100.084197998, -104.344467163, 138.721572876, -103.134315491, 82.6416854858], [120.470695496, -250.563812256, 673.609863281, 43.1826438904, 43.3171424866, 44.0851707458, -24.6131896973, 78.3880233765, -86.3593292236, 110.870788574, -25.8987998962, 86.8821258545, -69.4320755005], [-116.159561157, -54.9647827148, 43.1826438904, 274.345336914, 22.108707428, -33.2472953796, -72.626121521, -22.8437461853, 51.4909553528, -35.5162696838, 5.14942550659, -11.2129220963, 45.5975151062], [-74.1854171753, 125.261260986, 43.3171424866, 22.108707428, 213.441589355, 5.2928147316, -4.55038976669, 12.4174280167, 36.0047149658, 13.7615480423, -29.5351524353, -10.3338003159, 14.0516862869], [95.0969390869, -36.3155441284, 44.0851707458, -33.2472953796, 5.2928147316, 135.971008301, 65.0205383301, 26.7283763885, -4.72992944717, 5.61667585373, -0.206327885389, -8.30183601379, -27.8297901154], [-51.2168884277, 163.237075806, -24.6131896973, -72.626121521, -4.55038976669, 65.0205383301, 166.832763672, 25.486322403, -20.7565174103, -4.95894145966, 47.361038208, -5.52770376205, -27.2258911133], [186.093917847, -99.6011962891, 78.3880233765, -22.8437461853, 12.4174280167, 26.7283763885, 25.486322403, 102.379737854, -5.87863588333, 28.0755195618, -12.1214570999, 28.5067596436, -22.4054107666], [-118.00239563, 100.084197998, -86.3593292236, 51.4909553528, 36.0047149658, -4.72992944717, -20.7565174103, -5.87863588333, 113.199653625, -7.37446641922, -2.70735359192, -24.9705867767, 29.5161170959], [160.471710205, -104.344467163, 110.870788574, -35.5162696838, 13.7615480423, 5.61667585373, -4.95894145966, 28.0755195618, -7.37446641922, 99.1290740967, -8.10903072357, 19.0803813934, -33.3845901489], [-171.939910889, 138.721572876, -25.8987998962, 5.14942550659, -29.5351524353, -0.206327885389, 47.361038208, -12.1214570999, -2.70735359192, -8.10903072357, 89.2163467407, 1.86672961712, -0.999681472778], [137.840637207, -103.134315491, 86.8821258545, -11.2129220963, -10.3338003159, -8.30183601379, -5.52770376205, 28.5067596436, -24.9705867767, 19.0803813934, 1.86672961712, 78.4459762573, -6.34741449356], [-144.597473145, 82.6416854858, -69.4320755005, 45.5975151062, 14.0516862869, -27.8297901154, -27.2258911133, -22.4054107666, 29.5161170959, -33.3845901489, -0.999681472778, -6.34741449356, 84.6489181519]],
        "icov": [[0.00104760809336, 0.000823925132863, 0.000611477007624, 1.11309218482e-05, -0.000177558176802, -0.000289457879262, -0.000353544135578, -0.000632203940768, 0.000371004018234, -0.000812160782516, 0.000921133672819, -0.000938132230658, 0.000624821637757], [0.000823925132863, 0.00690273847431, -0.00111445784569, 0.00391659513116, -0.00435851793736, 0.00420022336766, -0.00605606753379, 0.00337844062597, -0.00518770189956, 0.00464555388317, -0.00732666859403, 0.00475594354793, -0.00339353270829], [0.000611477007624, -0.00111445784569, 0.00358447339386, -0.0023819017224, 0.000274713762337, -0.00240921741351, 0.00185313215479, -0.00206358777359, 0.00383056793362, -0.00422649690881, 0.00274849473499, -0.00381940626539, 0.00231137359515], [1.11309218482e-05, 0.00391659513116, -0.0023819017224, 0.00804604403675, -0.00277155381627, 0.00312907388434, -0.00143131916411, 0.00244435784407, -0.00586700346321, 0.00598225696012, -0.0068117599003, 0.00442993408069, -0.00376029335894], [-0.000177558176802, -0.00435851793736, 0.000274713762337, -0.00277155381627, 0.00847263541073, -0.00262081320398, 0.00283693964593, -0.00269723054953, 0.00170532020275, -0.00404829345644, 0.00735450582579, -0.00264231022447, 0.00129806925543], [-0.000289457879262, 0.00420022336766, -0.00240921741351, 0.00312907388434, -0.00262081320398, 0.0136152431369, -0.00822781026363, 0.0018435830716, -0.00540397083387, 0.00505956448615, -0.00403071241453, 0.00603870721534, -0.00121884560212], [-0.000353544135578, -0.00605606753379, 0.00185313215479, -0.00143131916411, 0.00283693964593, -0.00822781026363, 0.0168671756983, -0.00614862702787, 0.00643144221976, -0.00299869128503, 0.000533968617674, -0.00354092754424, 0.00453673303127], [-0.000632203940768, 0.00337844062597, -0.00206358777359, 0.00244435784407, -0.00269723054953, 0.0018435830716, -0.00614862702787, 0.0163915194571, -0.00539295421913, 0.00215029809624, -0.00257868133485, -0.000647959299386, -0.00132325093728], [0.000371004018234, -0.00518770189956, 0.00383056793362, -0.00586700346321, 0.00170532020275, -0.00540397083387, 0.00643144221976, -0.00539295421913, 0.0182865206152, -0.00773946801201, 0.00655975425616, -0.00285817612894, 0.00101664278191], [-0.000812160782516, 0.00464555388317, -0.00422649690881, 0.00598225696012, -0.00404829345644, 0.00505956448615, -0.00299869128503, 0.00215029809624, -0.00773946801201, 0.0206447690725, -0.00825977046043, 0.00482684001327, 0.000433341483586], [0.000921133672819, -0.00732666859403, 0.00274849473499, -0.0068117599003, 0.00735450582579, -0.00403071241453, 0.000533968617674, -0.00257868133485, 0.00655975425616, -0.00825977046043, 0.0270760729909, -0.00984350219369, 0.0056300573051], [-0.000938132230658, 0.00475594354793, -0.00381940626539, 0.00442993408069, -0.00264231022447, 0.00603870721534, -0.00354092754424, -0.000647959299386, -0.00285817612894, 0.00482684001327, -0.00984350219369, 0.0234451703727, -0.00610913475975], [0.000624821637757, -0.00339353270829, 0.00231137359515, -0.00376029335894, 0.00129806925543, -0.00121884560212, 0.00453673303127, -0.00132325093728, 0.00101664278191, 0.000433341483586, 0.0056300573051, -0.00610913475975, 0.0200328305364]]
    },
    "melbands": {
        "dmean": [0.000730246247258, 0.00144970871042, 0.000987177249044, 0.000973427086137, 0.000429181527579, 0.000286439957563, 0.000193196523469, 0.00017535572988, 0.000176562738488, 0.00012418514234, 8.77184502315e-05, 5.84614463151e-05, 5.86482019571e-05, 4.60373667011e-05, 3.2157106034e-05, 2.66895913228e-05, 3.6255140003e-05, 3.87394684367e-05, 2.79681989923e-05, 4.48962782684e-05, 1.68953647517e-05, 9.88076772046e-06, 8.63287459651e-06, 4.45539899374e-06, 3.04572836285e-06, 3.09793199449e-06, 4.23186475018e-06, 3.87128238799e-06, 2.48159653893e-06, 2.26130555347e-06, 2.08310689231e-06, 2.41689508584e-06, 3.0315954973e-06, 3.26823442265e-06, 3.03647243527e-06, 2.42217788582e-06, 2.11028282138e-06, 2.27486816584e-06, 2.45624187301e-06, 2.30608702623e-06],
        "dmean2": [0.00117439578753, 0.00244698580354, 0.00165111408569, 0.00161371671129, 0.000655597250443, 0.000455978821265, 0.000300723331748, 0.0002672529954, 0.000253524514847, 0.000181442534085, 0.000124664991745, 8.52902448969e-05, 8.68984861881e-05, 6.75406772643e-05, 4.85949130962e-05, 4.2110299546e-05, 5.43423993804e-05, 5.91528296354e-05, 4.36246300524e-05, 7.01242533978e-05, 2.59536682279e-05, 1.52234561028e-05, 1.38104014695e-05, 6.75537512507e-06, 4.91925993629e-06, 4.8925480769e-06, 6.76440413372e-06, 6.10229835729e-06, 3.84484110327e-06, 3.60680564881e-06, 3.22345385939e-06, 3.71000214727e-06, 4.68338885184e-06, 5.07326376464e-06, 4.76797686133e-06, 3.64065931535e-06, 3.12232555189e-06, 3.37194887834e-06, 3.59063005817e-06, 3.34516471412e-06],
        "dvar": [1.95327834263e-06, 9.3860535344e-06, 2.39207724917e-06, 3.4318343296e-06, 4.96291249874e-07, 2.98805929333e-07, 1.72649237129e-07, 1.31132395609e-07, 1.15911717558e-07, 1.18071930899e-07, 3.40109700403e-08, 2.16340190207e-08, 2.8144764741e-08, 1.75714607309e-08, 4.42167014114e-09, 4.80285988758e-09, 8.24413692868e-09, 1.83723702918e-08, 9.56408996444e-09, 5.09988247188e-08, 9.56365742155e-09, 3.23383680945e-10, 4.67096250567e-10, 2.61520888278e-10, 3.00471869608e-11, 3.04392830386e-11, 5.39898958873e-11, 4.98833682694e-11, 2.3829648324e-11, 1.85642057282e-11, 1.53404511316e-11, 2.30765354742e-11, 3.60908872232e-11, 4.23845437914e-11, 4.10914115234e-11, 3.04967648357e-11, 2.24290742229e-11, 2.45292310769e-11, 1.99079468188e-11, 1.74658204566e-11],
        "dvar2": [4.92776462124e-06, 2.67609411821e-05, 6.38210531179e-06, 8.65447509568e-06, 1.15974694381e-06, 7.05476281837e-07, 4.03808627425e-07, 3.1413378565e-07, 2.32831979474e-07, 2.51574789445e-07, 5.95136739889e-08, 4.81081769976e-08, 6.46983409069e-08, 3.73855115754e-08, 9.59754764551e-09, 1.25981074461e-08, 1.88124662515e-08, 4.36554792316e-08, 2.04039718454e-08, 1.3131297294e-07, 2.2342637962e-08, 7.36615768382e-10, 1.12324038959e-09, 5.7664450992e-10, 7.49155806834e-11, 7.09726860615e-11, 1.35558939074e-10, 1.17343051942e-10, 5.48214494633e-11, 4.62057302142e-11, 3.31084916427e-11, 4.71768492327e-11, 7.59092025349e-11, 9.50476780615e-11, 9.24045284734e-11, 6.15461084874e-11, 4.17190275381e-11, 4.7489422117e-11, 4.07699117522e-11, 3.4748235539e-11],
        "max": [0.0105821508914, 0.0271505154669, 0.0192047469318, 0.020588260144, 0.0109739061445, 0.00819564331323, 0.00699420226738, 0.00495264818892, 0.00541360676289, 0.00586576666683, 0.00400197133422, 0.0031625549309, 0.00446742959321, 0.00289472425357, 0.00102335109841, 0.00135761394631, 0.00125857512467, 0.00268120924011, 0.0020274950657, 0.00562079297379, 0.00299198459834, 0.000242813213845, 0.000315669283736, 0.00051048520254, 6.1910795921e-05, 5.93870354351e-05, 8.14402519609e-05, 9.34053095989e-05, 7.49963655835e-05, 5.31035293534e-05, 5.66765120311e-05, 0.000101403136796, 8.5185864009e-05, 9.93144421955e-05, 0.000112277273729, 7.24600540707e-05, 6.56229240121e-05, 7.34819477657e-05, 5.03100818605e-05, 5.49524193048e-05],
        "mean": [0.00114887976088, 0.0020825478714, 0.00170062424149, 0.00155125616584, 0.000913540308829, 0.000554696132895, 0.000378311320674, 0.000353469658876, 0.00036862352863, 0.000258229905739, 0.000220995672862, 0.000123008809169, 0.00011826393893, 8.59555439092e-05, 6.41474180156e-05, 4.68530452054e-05, 6.21444778517e-05, 5.67070601392e-05, 4.40829862782e-05, 6.67123968014e-05, 2.93931534543e-05, 1.81968080142e-05, 1.45128014992e-05, 8.43005273055e-06, 5.64010042581e-06, 5.40949122296e-06, 7.48759566704e-06, 6.73157137498e-06, 4.39691848442e-06, 3.63239996659e-06, 3.68340170098e-06, 4.14616579292e-06, 5.48844946024e-06, 5.5704085753e-06, 5.04844774696e-06, 3.8137870888e-06, 3.64085985893e-06, 3.71941428057e-06, 4.36352001998e-06, 3.90883042201e-06],
        "median": [0.000641803315375, 0.00106605736073, 0.00110643892549, 0.000980046810582, 0.000585018075071, 0.000297989550745, 0.000159093702678, 0.000152282445924, 0.000198872221517, 7.77976165409e-05, 7.38911476219e-05, 4.34360554209e-05, 4.16741386289e-05, 2.64193931798e-05, 2.13491330214e-05, 1.66192039615e-05, 1.55189536599e-05, 1.27541234178e-05, 1.28418696477e-05, 1.54627705342e-05, 8.36955769046e-06, 7.92924765847e-06, 6.27805820841e-06, 3.69283247892e-06, 2.83023246084e-06, 2.60309570876e-06, 4.24253812525e-06, 3.7263903323e-06, 2.1443654532e-06, 1.65119763551e-06, 1.50474909333e-06, 1.76368905613e-06, 2.3474574391e-06, 2.44348393608e-06, 2.15979730456e-06, 1.51959466166e-06, 1.37935364819e-06, 1.49996003529e-06, 1.69703196207e-06, 1.39986082104e-06],
        "min": [4.85972407205e-07, 9.29345696932e-06, 9.3293019745e-06, 4.58530303149e-05, 4.5159842557e-05, 1.07488258436e-05, 3.79079961021e-06, 2.70635246125e-06, 2.04099978873e-06, 2.68683106697e-06, 7.15891928849e-07, 1.0936603303e-06, 3.89386997313e-07, 7.48072579881e-07, 4.48850641988e-07, 3.52404924797e-07, 3.26133601902e-07, 5.82750089961e-07, 5.2383700222e-07, 2.79152715166e-07, 2.31863168665e-07, 2.50796659884e-07, 1.95647317014e-07, 6.58731593717e-08, 5.68864457762e-08, 3.69959636259e-08, 6.89801069598e-08, 7.52832463036e-08, 5.50611076733e-08, 3.09129006837e-08, 1.17386944609e-08, 5.68172708881e-09, 1.74559851018e-08, 1.48184202686e-08, 3.15114934146e-09, 6.48862075181e-09, 3.43930040003e-09, 2.29509944383e-09, 5.91638160685e-09, 3.7377838602e-09],
