{
"highlevel": {
    "danceability": {
        "all": {
            "danceable": 0.999115407467,
            "not_danceable": 0.000884616107214
        },
        "probability": 0.999115407467,
        "value": "danceable"
    },
    "gender": {
        "all": {
            "female": 0.0937758386135,
            "male": 0.906224131584
        },
        "probability": 0.906224131584,
        "value": "male"
    },
    "genre_dortmund": {
        "all": {
            "alternative": 0.0947211757302,
            "blues": 0.095343247056,
            "electronic": 0.0325460396707,
            "folkcountry": 0.196117430925,
            "funksoulrnb": 0.0150111652911,
            "jazz": 0.0268154833466,
            "pop": 0.102738618851,
            "raphiphop": 0.0181200858206,
            "rock": 0.418586760759
        },
        "probability": 0.418586760759,
        "value": "rock"
    },
    "genre_electronic": {
        "all": {
            "ambient": 0.168000966311,
            "dnb": 0.385466635227,
            "house": 0.0326990932226,
            "techno": 0.0202661640942,
            "trance": 0.393567144871
        },
        "probability": 0.393567144871,
        "value": "trance"
    },
    "genre_rosamerica": {
        "all": {
            "cla": 0.000868146657012,
            "dan": 0.0974270179868,
            "hip": 0.00824790261686,
            "jaz": 0.00315587222576,
            "pop": 0.582828998566,
            "rhy": 0.0162722300738,
            "roc": 0.290325403214,
            "spe": 0.000874398218002
        },
        "probability": 0.582828998566,
        "value": "pop"
    },
    "genre_tzanetakis": {
        "all": {
            "blu": 0.0626613423228,
            "cla": 0.0348169617355,
            "cou": 0.104475811124,
            "dis": 0.0784321576357,
            "hip": 0.15692435205,
            "jaz": 0.313974827528,
            "met": 0.0448166541755,
            "pop": 0.0627359300852,
            "reg": 0.0627360641956,
            "roc": 0.0784258767962
        },
        "probability": 0.313974827528,
        "value": "jaz"
    },
    "ismir04_rhythm": {
        "all": {
            "ChaChaCha": 0.260827898979,
            "Jive": 0.371864020824,
            "Quickstep": 0.0198963899165,
            "Rumba-American": 0.00970842782408,
            "Rumba-International": 0.104131363332,
            "Rumba-Misc": 0.00814863014966,
            "Samba": 0.17409953475,
            "Tango": 0.00407749786973,
            "VienneseWaltz": 0.0400094054639,
            "Waltz": 0.00723684765399
        },
        "probability": 0.371864020824,
        "value": "Jive"
    },
    "mood_acoustic": {
        "all": {
            "acoustic": 0.00752896256745,
            "not_acoustic": 0.992471039295
        },
        "probability": 0.992471039295,
        "value": "not_acoustic"
    },
    "mood_aggressive": {
        "all": {
            "aggressive": 0.435935139656,
            "not_aggressive": 0.564064860344
        },
        "probability": 0.564064860344,
        "value": "not_aggressive"
    },
    "mood_electronic": {
        "all": {
            "electronic": 0.214312106371,
            "not_electronic": 0.785687923431
        },
        "probability": 0.785687923431,
        "value": "not_electronic"
    },
    "mood_happy": {
        "all": {
            "happy": 0.726178884506,
            "not_happy": 0.273821085691
        },
        "probability": 0.726178884506,
        "value": "happy"
    },
    "mood_party": {
        "all": {
            "not_party": 0.372582018375,
            "party": 0.627417981625
        },
        "probability": 0.627417981625,
        "value": "party"
    },
    "mood_relaxed": {
        "all": {
            "not_relaxed": 0.911719083786,
            "relaxed": 0.0882809236646
        },
        "probability": 0.911719083786,
        "value": "not_relaxed"
    },
    "mood_sad": {
        "all": {
            "not_sad": 0.606218159199,
            "sad": 0.393781840801
        },
        "probability": 0.606218159199,
        "value": "not_sad"
    },
    "moods_mirex": {
        "all": {
            "Cluster1": 0.364431113005,
            "Cluster2": 0.240481734276,
            "Cluster3": 0.0781077742577,
            "Cluster4": 0.134319707751,
            "Cluster5": 0.182659685612
        },
        "probability": 0.364431113005,
        "value": "Cluster1"
    },
    "timbre": {
        "all": {
            "bright": 0.936301350594,
            "dark": 0.063698656857
        },
        "probability": 0.936301350594,
        "value": "bright"
    },
    "tonal_atonal": {
        "all": {
            "atonal": 0.0343468412757,
            "tonal": 0.965653181076
        },
        "probability": 0.965653181076,
        "value": "tonal"
    },
    "voice_instrumental": {
        "all": {
            "instrumental": 0.0664994940162,
            "voice": 0.933500528336
        },
        "probability": 0.933500528336,
        "value": "voice"
    }
},
"lowlevel": {
    "average_loudness": 0.972783744335,
    "barkbands_crest": {
        "dmean": 3.0488986969,
        "dmean2": 5.02760744095,
        "dvar": 7.14307117462,
        "dvar2": 19.7901878357,
        "max": 24.4922580719,
        "mean": 10.9169721603,
        "median": 10.2969989777,
        "min": 3.51080417633,
        "var": 15.2652206421
    },
    "barkbands_flatness_db": {
        "dmean": 0.0191438533366,
        "dmean2": 0.0304402019829,
        "dvar": 0.000288496434223,
        "dvar2": 0.000708031409886,
        "max": 0.232851460576,
        "mean": 0.118565373123,
        "median": 0.11628305167,
        "min": 0.0449017137289,
        "var": 0.00079412444029
    },
    "barkbands_kurtosis": {
        "dmean": 2.41427206993,
        "dmean2": 3.7651515007,
        "dvar": 16.0298995972,
        "dvar2": 38.0344734192,
        "max": 65.1415939331,
        "mean": 2.80931568146,
        "median": 1.13760757446,
        "min": -1.89502811432,
        "var": 28.057844162
    },
    "barkbands_skewness": {
        "dmean": 0.52062356472,
        "dmean2": 0.791242480278,
        "dvar": 0.283507823944,
        "dvar2": 0.633931577206,
        "max": 7.3258433342,
        "mean": 1.51414310932,
        "median": 1.29768812656,
        "min": -0.192210420966,
        "var": 0.940367937088
    },
    "barkbands_spread": {
        "dmean": 7.85717535019,
        "dmean2": 11.8469676971,
        "dvar": 83.7542419434,
        "dvar2": 167.078155518,
        "max": 109.552703857,
        "mean": 31.382932663,
        "median": 28.6752567291,
        "min": 3.5520093441,
        "var": 251.554428101
    },
    "dissonance": {
        "dmean": 0.0161487646401,
        "dmean2": 0.0266608931124,
        "dvar": 0.000225260897423,
        "dvar2": 0.000583786400966,
        "max": 0.499646961689,
        "mean": 0.468179404736,
        "median": 0.473806977272,
        "min": 0.350792467594,
        "var": 0.000489911879413
    },
    "dynamic_complexity": 1.33840489388,
    "erbbands_crest": {
        "dmean": 2.75614738464,
        "dmean2": 4.37310123444,
        "dvar": 7.38728427887,
        "dvar2": 18.4435176849,
        "max": 28.4933261871,
        "mean": 9.40543842316,
        "median": 8.36767673492,
        "min": 2.40620708466,
        "var": 22.2025299072
    },
    "erbbands_flatness_db": {
        "dmean": 0.0146553600207,
        "dmean2": 0.0212580617517,
        "dvar": 0.000182800984476,
        "dvar2": 0.000350684684236,
        "max": 0.201683074236,
        "mean": 0.120540477335,
        "median": 0.118911348283,
        "min": 0.0562985017896,
        "var": 0.000822627916932
    },
    "erbbands_kurtosis": {
        "dmean": 0.866145193577,
        "dmean2": 1.35713684559,
        "dvar": 0.971284866333,
        "dvar2": 2.25193667412,
        "max": 10.5542154312,
        "mean": 0.422119885683,
        "median": 0.0126559734344,
        "min": -1.52707672119,
        "var": 2.44936347008
    },
    "erbbands_skewness": {
        "dmean": 0.371305882931,
        "dmean2": 0.558116257191,
        "dvar": 0.126579329371,
        "dvar2": 0.274631798267,
        "max": 2.87560510635,
        "mean": 0.111706644297,
        "median": 0.170721098781,
        "min": -2.0012280941,
        "var": 0.695359945297
    },
    "erbbands_spread": {
        "dmean": 9.91125774384,
        "dmean2": 14.7833137512,
        "dvar": 97.7088165283,
        "dvar2": 196.304260254,
        "max": 108.705291748,
        "mean": 44.2175712585,
        "median": 40.5473823547,
        "min": 10.1507558823,
        "var": 352.311737061
    },
    "hfc": {
        "dmean": 8.94326210022,
        "dmean2": 13.7359132767,
        "dvar": 174.913452148,
        "dvar2": 367.668121338,
        "max": 162.836761475,
        "mean": 34.5342979431,
        "median": 32.3936691284,
        "min": 5.14712953568,
        "var": 461.902313232
    },
    "melbands_crest": {
        "dmean": 4.10209608078,
        "dmean2": 6.87713384628,
        "dvar": 11.9724273682,
        "dvar2": 33.8221511841,
        "max": 32.055431366,
        "mean": 16.4931144714,
        "median": 15.9130392075,
        "min": 6.03173494339,
        "var": 23.3189868927
    },
    "melbands_flatness_db": {
        "dmean": 0.0252077709883,
        "dmean2": 0.0392923951149,
        "dvar": 0.000492145016324,
        "dvar2": 0.00124195963144,
        "max": 0.336181908846,
        "mean": 0.181916624308,
        "median": 0.178547397256,
        "min": 0.0746398121119,
        "var": 0.00149433477782
    },
    "melbands_kurtosis": {
        "dmean": 7.61659574509,
        "dmean2": 11.5569324493,
        "dvar": 153.639572144,
        "dvar2": 347.696228027,
        "max": 161.381530762,
        "mean": 13.7080450058,
        "median": 8.09769916534,
        "min": -1.0231282711,
        "var": 290.292236328
    },
    "melbands_skewness": {
        "dmean": 0.801762342453,
        "dmean2": 1.18109929562,
        "dvar": 0.687870204449,
        "dvar2": 1.50562274456,
        "max": 10.2884063721,
        "mean": 2.89929080009,
        "median": 2.64300942421,
        "min": 0.259272843599,
        "var": 2.32599544525
    },
    "melbands_spread": {
        "dmean": 7.74111366272,
        "dmean2": 12.1774616241,
        "dvar": 66.0824737549,
        "dvar2": 150.300460815,
        "max": 106.224052429,
        "mean": 26.1098136902,
        "median": 24.5955429077,
        "min": 1.94151937962,
        "var": 191.730285645
    },
    "pitch_salience": {
        "dmean": 0.0758264064789,
        "dmean2": 0.126427531242,
        "dvar": 0.00535786990076,
        "dvar2": 0.0137302940711,
        "max": 0.74335372448,
        "mean": 0.482230991125,
        "median": 0.482041180134,
        "min": 0.139887198806,
        "var": 0.00931472610682
    },
    "silence_rate_20dB": {
        "dmean": 0,
        "dmean2": 0,
        "dvar": 0,
        "dvar2": 0,
        "max": 1,
        "mean": 1,
        "median": 1,
        "min": 1,
        "var": 0
    },
    "silence_rate_30dB": {
        "dmean": 0.0278637763113,
        "dmean2": 0.0557707212865,
        "dvar": 0.0270874854177,
        "dvar2": 0.0681521594524,
        "max": 1,
        "mean": 0.979891717434,
        "median": 1,
        "min": 0,
        "var": 0.0197039488703
    },
    "silence_rate_60dB": {
        "dmean": 0,
        "dmean2": 0,
        "dvar": 0,
        "dvar2": 0,
        "max": 0,
        "mean": 0,
        "median": 0,
        "min": 0,
        "var": 0
    },
    "spectral_centroid": {
        "dmean": 270.142456055,
        "dmean2": 412.958740234,
        "dvar": 83375.3984375,
        "dvar2": 168779.5,
        "max": 3887.80908203,
        "mean": 1562.57641602,
        "median": 1504.95703125,
        "min": 434.452758789,
        "var": 272333.90625
    },
    "spectral_complexity": {
        "dmean": 3.69736838341,
        "dmean2": 5.64523601532,
        "dvar": 12.7791261673,
        "dvar2": 25.212638855,
        "max": 51,
        "mean": 23.624130249,
        "median": 23,
        "min": 8,
        "var": 51.0636825562
    },
    "spectral_decrease": {
        "dmean": 3.3052638404e-09,
        "dmean2": 4.99891728012e-09,
        "dvar": 1.55110608904e-17,
        "dvar2": 3.42412771143e-17,
        "max": -2.39413533443e-09,
        "mean": -1.11668976288e-08,
        "median": -1.00124815106e-08,
        "min": -4.68345540128e-08,
        "var": 3.20280428888e-17
    },
    "spectral_energy": {
        "dmean": 0.0127041935921,
        "dmean2": 0.0192246623337,
        "dvar": 0.000226456380915,
        "dvar2": 0.000496281427331,
        "max": 0.1803740412,
        "mean": 0.0452787876129,
        "median": 0.041132375598,
        "min": 0.0095750298351,
        "var": 0.000480243325001
    },
    "spectral_energyband_high": {
        "dmean": 0.000827519223094,
        "dmean2": 0.00126186432317,
        "dvar": 2.3338277515e-06,
        "dvar2": 4.7112403081e-06,
        "max": 0.0199553016573,
        "mean": 0.00175351428334,
        "median": 0.00113726349082,
        "min": 0.000163703822182,
        "var": 5.15531473866e-06
    },
    "spectral_energyband_low": {
        "dmean": 0.0114398589358,
        "dmean2": 0.017674965784,
        "dvar": 0.000251937657595,
        "dvar2": 0.000589826377109,
        "max": 0.163567394018,
        "mean": 0.0232818704098,
        "median": 0.0178212318569,
        "min": 0.00237578712404,
        "var": 0.000377505726647
    },
    "spectral_energyband_middle_high": {
        "dmean": 0.00203297659755,
        "dmean2": 0.00307644112036,
        "dvar": 5.05829848407e-06,
        "dvar2": 1.1454027117e-05,
        "max": 0.031532138586,
        "mean": 0.00723340641707,
        "median": 0.00641076872125,
        "min": 0.000657597731333,
        "var": 2.31573303608e-05
    },
    "spectral_energyband_middle_low": {
        "dmean": 0.00601314241067,
        "dmean2": 0.0099372882396,
        "dvar": 6.83549660607e-05,
        "dvar2": 0.000180250848643,
        "max": 0.0716954246163,
        "mean": 0.0143409632146,
        "median": 0.0109524009749,
        "min": 0.000643085455522,
        "var": 0.000104796861706
    },
    "spectral_entropy": {
        "dmean": 0.140322610736,
        "dmean2": 0.205609336495,
        "dvar": 0.0187126807868,
        "dvar2": 0.0369362793863,
        "max": 8.74450111389,
        "mean": 7.82609415054,
        "median": 7.7875123024,
        "min": 7.18246507645,
        "var": 0.069173425436
    },
    "spectral_flux": {
        "dmean": 0.0313289761543,
        "dmean2": 0.0470726899803,
        "dvar": 0.00108280417044,
        "dvar2": 0.00195861048996,
        "max": 0.374390095472,
        "mean": 0.110941559076,
        "median": 0.0997289791703,
        "min": 0.030444631353,
        "var": 0.00280731962994
    },
    "spectral_kurtosis": {
        "dmean": 0.806622207165,
        "dmean2": 1.27888417244,
        "dvar": 0.536230146885,
        "dvar2": 1.26115715504,
        "max": 7.22485160828,
        "mean": 2.87361550331,
        "median": 2.89949178696,
        "min": -0.936545133591,
        "var": 1.6641793251
    },
    "spectral_rms": {
        "dmean": 0.000893874443136,
        "dmean2": 0.00136448314879,
        "dvar": 8.47242233704e-07,
        "dvar2": 1.83770021067e-06,
        "max": 0.0132655445486,
        "mean": 0.00647672917694,
        "median": 0.00633475696668,
        "min": 0.00305638555437,
        "var": 2.22635571845e-06
    },
    "spectral_rolloff": {
        "dmean": 582.080810547,
        "dmean2": 971.946655273,
        "dvar": 1368961.875,
        "dvar2": 2823423,
        "max": 10465.1367188,
        "mean": 1546.49658203,
        "median": 1184.32617188,
        "min": 64.599609375,
        "var": 2492588.75
    },
    "spectral_skewness": {
        "dmean": 0.146915882826,
        "dmean2": 0.225227832794,
        "dvar": 0.0199077557772,
        "dvar2": 0.0423527769744,
        "max": 2.18087601662,
        "mean": 1.40815973282,
        "median": 1.42643034458,
        "min": 0.281951606274,
        "var": 0.068081445992
    },
    "spectral_spread": {
        "dmean": 688047.9375,
        "dmean2": 1024935.1875,
        "dvar": 637649289216,
        "dvar2": 1.1791246295e+12,
        "max": 15142934,
        "mean": 5763434,
        "median": 5398694,
        "min": 3536048.5,
        "var": 2.02993133158e+12
    },
    "spectral_strongpeak": {
        "dmean": 0.606063961983,
        "dmean2": 1.07816183567,
        "dvar": 1.38863635063,
        "dvar2": 3.79658150673,
        "max": 10.038277626,
        "mean": 0.820608079433,
        "median": 0.31584995985,
        "min": 0.0671526417136,
        "var": 1.54085958004
    },
    "zerocrossingrate": {
        "dmean": 0.0126027204096,
        "dmean2": 0.0154396723956,
        "dvar": 0.000193089217646,
        "dvar2": 0.000226832868066,
        "max": 0.2783203125,
        "mean": 0.0682698786259,
        "median": 0.06396484375,
        "min": 0.01611328125,
        "var": 0.00100221531466
    },
    "barkbands": {
        "dmean": [0.000754424952902, 0.00975783914328, 0.00343757960945, 0.00173858425114, 0.00171659421176, 0.00181492860429, 0.000982612371445, 0.00103224453051, 0.00169690675102, 0.000471907871542, 0.00032477354398, 0.000383711390896, 0.000348404602846, 0.000332466326654, 0.00047656649258, 0.000630543392617, 0.000443287135568, 0.000278534978861, 0.000291021511657, 0.000173004460521, 0.000125411563204, 0.000142167496961, 0.000149599291035, 0.000274503458058, 0.00019284451264, 6.45527979941e-05, 1.83532208098e-07],
        "dmean2": [0.0013083886588, 0.0156997907907, 0.00596965616569, 0.00319116818719, 0.00288491440006, 0.00292182643898, 0.00162133143749, 0.00156530493405, 0.00241516553797, 0.000705144135281, 0.000501895614434, 0.000602582062129, 0.000551598262973, 0.000509020057507, 0.000765689648688, 0.00100442150142, 0.000682437967043, 0.000441229261924, 0.000463814067189, 0.000268288858933, 0.000204177355045, 0.000222696457058, 0.000233754937653, 0.000435857800767, 0.000294142839266, 0.000100879959064, 3.12750984222e-07],
        "dvar": [4.63904285652e-07, 0.000208576864679, 9.49809036683e-05, 2.3078509912e-05, 7.99868212198e-06, 1.09333568616e-05, 4.13152247347e-06, 6.10858160144e-06, 1.36245644171e-05, 1.72339821347e-06, 2.07933595675e-07, 7.3282296853e-07, 7.68823838371e-07, 8.93244248346e-07, 9.44699422689e-07, 1.34928893658e-06, 4.03248577641e-07, 1.89426671682e-07, 2.90233288069e-07, 1.92300760204e-07, 2.91151209808e-08, 6.14344273231e-08, 1.05913031234e-07, 2.66304425622e-07, 2.28104767075e-07, 2.21434177661e-08, 4.02471350518e-13],
        "dvar2": [1.3857434169e-06, 0.000569507770706, 0.00026807381073, 6.6602093284e-05, 2.10618600249e-05, 2.45667924901e-05, 1.1395569345e-05, 1.27440307551e-05, 2.76267983281e-05, 3.25812061419e-06, 4.53129899824e-07, 1.42575458995e-06, 1.84083603472e-06, 1.95912252821e-06, 2.19364187615e-06, 3.62108494301e-06, 9.240479244e-07, 4.73052637062e-07, 6.51540517538e-07, 4.10660447869e-07, 7.11016099331e-08, 1.5364742012e-07, 2.27945278652e-07, 5.23129187968e-07, 4.45527490456e-07, 5.18978851005e-08, 9.65626558748e-13],
        "max": [0.00545058306307, 0.125156983733, 0.095918700099, 0.0339773632586, 0.0265082214028, 0.0460053756833, 0.034239962697, 0.0339155644178, 0.0403237603605, 0.0283683314919, 0.00643297005445, 0.0186005234718, 0.0144832478836, 0.015521154739, 0.0166428387165, 0.0147766461596, 0.0105669880286, 0.00490207411349, 0.00852689426392, 0.00966864079237, 0.00175960618071, 0.00382089894265, 0.006709005218, 0.00670409062877, 0.00754915969446, 0.0019100549398, 1.08164313133e-05],
        "mean": [0.000966857885942, 0.0167608465999, 0.00461007840931, 0.0016751709627, 0.0028659501113, 0.0030500695575, 0.00153677293565, 0.00154216925148, 0.00283691822551, 0.00128915265668, 0.000514611660037, 0.000651523238048, 0.000531939964276, 0.00044528421131, 0.000760500668548, 0.00131263944786, 0.000965794548392, 0.000469271384645, 0.000553018238861, 0.000314441043884, 0.000295916834148, 0.000280752283288, 0.00024904255406, 0.000388291402487, 0.000309889088385, 0.000101768040622, 1.52378007101e-07],
        "median": [0.000737899681553, 0.0121515151113, 0.00235721911304, 0.000744106597267, 0.00182111561298, 0.00155918102246, 0.000955232593697, 0.000501991889905, 0.000911667884793, 0.000273605226539, 0.000349199282937, 0.000316232268233, 0.000238255612203, 0.000177970607183, 0.000370318593923, 0.000335541262757, 0.000437069975305, 0.000282246968709, 0.00032611892675, 0.000208796642255, 0.000213347855606, 0.00018515138072, 0.000124413141748, 0.000160426061484, 0.000133082852699, 4.6565051889e-05, 7.89547272007e-09],
        "min": [6.22734751232e-06, 0.000617909769062, 1.12959405669e-05, 6.0394686443e-06, 5.38890853932e-05, 3.65882224287e-05, 4.55271729152e-05, 1.22177470985e-05, 1.41880709634e-05, 1.55192064994e-05, 1.61853076861e-05, 1.61406096595e-05, 2.15741401917e-05, 1.2466829503e-05, 1.77227848326e-05, 1.12200359581e-05, 2.14921183215e-05, 1.70463572431e-05, 1.80386359716e-05, 1.47062328324e-05, 1.77383553819e-05, 1.76373559952e-05, 2.25483381655e-05, 2.44639995799e-05, 1.85239769053e-05, 4.05783157476e-06, 7.75464761849e-12],
        "var": [6.81608923969e-07, 0.000235899715335, 6.5987209382e-05, 1.37909846671e-05, 1.04124501377e-05, 1.97480385395e-05, 5.20195544595e-06, 1.06664620034e-05, 3.17599078699e-05, 1.3642952581e-05, 3.56246687261e-07, 1.46910360854e-06, 1.17973058877e-06, 1.1794816146e-06, 1.39478902383e-06, 4.41651764049e-06, 1.49864922605e-06, 3.24222980908e-07, 5.03213186676e-07, 2.94929151323e-07, 7.16799135603e-08, 1.1067219674e-07, 1.9446295596e-07, 5.16236752901e-07, 4.54505908465e-07, 3.26392104455e-08, 3.73540987638e-13]
    },
    "erbbands": {
        "dmean": [0.385304003954, 1.85773003101, 3.69099473953, 5.03289365768, 4.89974212646, 6.54321575165, 12.4490833282, 14.0225868225, 12.2757968903, 13.4260377884, 31.1263237, 36.2547798157, 19.9751682281, 12.858212471, 8.47159099579, 17.4707603455, 13.8569488525, 17.1998596191, 18.8303279877, 26.8330917358, 25.7705631256, 26.2874088287, 13.9737644196, 15.8116731644, 11.3514480591, 7.37121391296, 5.25038146973, 4.96994256973, 5.14940643311, 4.54612874985, 4.41633319855, 5.84142446518, 4.18392086029, 2.62960672379, 1.15217888355, 0.409155458212, 0.104475997388, 0.00761904427782, 0.000169060149346, 2.30694477068e-05],
        "dmean2": [0.633287906647, 2.96111679077, 6.20036649704, 8.8445110321, 8.83132743835, 10.7280626297, 19.9247589111, 22.5189647675, 20.6391296387, 21.1794929504, 47.42237854, 52.6134223938, 29.0402908325, 19.9774475098, 13.1415023804, 27.1905250549, 22.078742981, 26.6987895966, 30.1585464478, 43.3009490967, 40.9033966064, 40.034072876, 22.1134300232, 25.0332183838, 17.9969158173, 11.538020134, 8.40012454987, 7.99461698532, 8.06533813477, 7.28443241119, 6.9863152504, 9.60447502136, 6.29723644257, 4.1180768013, 1.75784444809, 0.630057036877, 0.161713346839, 0.0125752072781, 0.000264257774688, 3.48889843735e-05],
        "dvar": [0.171201094985, 12.2576675415, 101.067337036, 184.906463623, 142.820281982, 118.060409546, 475.663299561, 860.09954834, 858.993225098, 788.377624512, 5329.63134766, 7404.30810547, 2806.58569336, 261.69128418, 522.255310059, 1368.79455566, 1047.59216309, 2066.10888672, 1870.53710938, 2739.40991211, 1785.82470703, 1781.46618652, 416.932525635, 1132.82678223, 413.336456299, 481.671051025, 48.9865531921, 54.516368866, 73.9869384766, 89.9081954956, 103.573699951, 114.792015076, 78.4596252441, 40.2263641357, 9.25803947449, 1.17629897594, 0.0405053086579, 0.000196098611923, 9.93020208284e-08, 1.00214359033e-09],
        "dvar2": [0.478012830019, 32.5628623962, 278.119781494, 514.917541504, 414.647369385, 296.586212158, 1094.59460449, 2012.14587402, 2437.06005859, 1939.99438477, 11131.8535156, 15946.8378906, 5325.43164062, 593.252929688, 1196.56860352, 2715.13354492, 2342.52075195, 4865.25585938, 4774.85693359, 6234.93847656, 4417.60546875, 3997.96630859, 1057.38464355, 2670.35351562, 944.506591797, 1162.2520752, 116.95300293, 134.079376221, 184.843048096, 205.428573608, 238.124267578, 264.59777832, 136.205032349, 85.8469238281, 17.7959938049, 2.64087176323, 0.0942422375083, 0.000502980954479, 2.3866911647e-07, 2.115677189e-09],
        "max": [3.6778626442, 33.6695632935, 106.876556396, 92.405708313, 115.60584259, 146.655273438, 308.622467041, 429.639343262, 475.931060791, 576.027893066, 899.929199219, 1173.98242188, 1030.39160156, 309.576538086, 492.351806641, 686.794067383, 480.321105957, 715.246643066, 690.614746094, 1092.20812988, 522.173095703, 734.671691895, 254.659393311, 607.379882812, 377.633026123, 512.736694336, 87.1511993408, 73.8018798828, 135.494049072, 138.560897827, 239.088943481, 142.843307495, 130.418334961, 92.3663711548, 48.6358947754, 13.2616233826, 2.30447483063, 0.164938494563, 0.00311971781775, 0.000392854184611],
        "mean": [0.625419676304, 3.20017313957, 5.34528493881, 5.91888952255, 6.12712144852, 10.7443170547, 21.7287387848, 22.2577018738, 18.2322978973, 23.6193599701, 56.3230743408, 60.4711532593, 50.0862236023, 26.5862026215, 15.3489055634, 30.1158943176, 24.1111164093, 27.9445419312, 29.9638805389, 58.2193832397, 61.5511779785, 56.4130172729, 27.8966941833, 30.963432312, 22.7854557037, 14.0014572144, 12.2935018539, 11.314250946, 10.470574379, 8.00534915924, 6.99372673035, 7.70633554459, 6.30080223083, 4.03389501572, 1.89986515045, 0.642614543438, 0.15349021554, 0.0101150711998, 0.000265383016085, 7.22297554603e-05],
        "median": [0.475954532623, 2.1814687252, 2.97747850418, 2.98421931267, 3.75237393379, 5.7910323143, 12.436413765, 10.1588115692, 10.903547287, 13.5575275421, 18.343667984, 19.2719135284, 10.1118354797, 16.1160202026, 9.80936527252, 15.4366388321, 12.3197746277, 11.4160003662, 17.2232189178, 24.3281211853, 21.3137741089, 24.541847229, 19.9244499207, 15.778093338, 15.3737306595, 9.36035633087, 8.498005867, 7.76410341263, 6.96194648743, 4.25365304947, 3.47056174278, 3.24562835693, 2.53255605698, 1.74231028557, 0.811628818512, 0.254259318113, 0.0734587460756, 0.00552926817909, 0.000143739394844, 6.1494865804e-05],
        "min": [0.0129754999653, 0.169099912047, 0.127482712269, 0.120844647288, 0.164706110954, 0.0939885675907, 0.2583938241, 0.254759192467, 0.380277991295, 1.02572095394, 0.358193606138, 0.528904259205, 0.939527630806, 1.15925073624, 0.896136283875, 1.12378621101, 1.8299857378, 1.41222596169, 0.991157472134, 1.10172235966, 1.0024600029, 1.42751097679, 1.10142672062, 0.74408853054, 1.07472479343, 0.614944458008, 0.666131615639, 0.618940114975, 0.671371042728, 0.521010756493, 0.505671322346, 0.526151657104, 0.326017469168, 0.221693575382, 0.0853386819363, 0.0287882946432, 0.00306784175336, 0.000107027190097, 1.75981676875e-05, 1.41877635542e-05],
        "var": [0.243904396892, 12.6125478745, 75.4456329346, 123.669433594, 91.0911560059, 191.497711182, 806.150878906, 1466.58532715, 741.497192383, 1443.7454834, 12698.5644531, 13797.359375, 19602.7109375, 1184.59521484, 722.439147949, 2686.53955078, 1803.66357422, 3214.75756836, 2241.37939453, 7219.06884766, 7063.56005859, 6028.9375, 773.333862305, 2447.38916016, 695.98828125, 634.176574707, 130.346389771, 117.355323792, 135.630584717, 155.663101196, 170.377609253, 178.114837646, 171.269836426, 72.1831207275, 18.1421489716, 1.85413300991, 0.0595612972975, 0.000204408715945, 1.33291237603e-07, 2.01540850675e-09]
    },
    "gfcc": {
        "mean": [62.659450531, 75.2542724609, -102.144454956, 43.6148834229, -55.0392494202, 26.0138130188, -41.7312812805, 25.7818851471, -18.99634552, 11.8238649368, -16.3394851685, 6.59187459946, -7.34577846527],
        "cov": [[686.26385498, -221.276290894, -48.630241394, 71.322013855, -32.1443367004, -70.0484085083, -79.8858947754, 8.23261833191, 24.3065490723, 6.18106746674, -44.322517395, -3.10046362877, 3.25234770775], [-221.276290894, 316.045684814, -106.66783905, -79.6917800903, 60.2786750793, -18.1977825165, 76.4587402344, -7.85326528549, 5.64566802979, -19.5704154968, 13.9835357666, -28.053653717, -10.9951047897], [-48.630241394, -106.66783905, 294.610473633, 17.7353878021, -69.2058639526, 76.0699996948, -24.3017482758, -22.5396442413, -34.0185623169, 0.0839087441564, 7.06397485733, -5.81927013397, -36.6060562134], [71.322013855, -79.6917800903, 17.7353878021, 183.300064087, 54.141872406, -65.0068969727, -80.7915420532, -20.4860057831, 5.40251493454, -2.58357548714, -6.04030227661, 29.9354801178, 59.5816078186], [-32.1443367004, 60.2786750793, -69.2058639526, 54.141872406, 140.313751221, -33.0439720154, -15.8705844879, 4.08221626282, 10.3686752319, -5.36792039871, -6.85164546967, 21.4130039215, 34.9442749023], [-70.0484085083, -18.1977825165, 76.0699996948, -65.0068969727, -33.0439720154, 154.246002197, 71.7640304565, -4.78697729111, -28.7892341614, -13.3914489746, 19.5006103516, -31.0658130646, -40.8962059021], [-79.8858947754, 76.4587402344, -24.3017482758, -80.7915420532, -15.8705844879, 71.7640304565, 149.532913208, 34.3775863647, -7.48001527786, -6.65208292007, 7.18812417984, -31.1942024231, -40.427116394], [8.23261833191, -7.85326528549, -22.5396442413, -20.4860057831, 4.08221626282, -4.78697729111, 34.3775863647, 76.4368133545, 34.2661437988, -2.21126699448, -12.2101325989, -14.2422151566, -2.00389027596], [24.3065490723, 5.64566802979, -34.0185623169, 5.40251493454, 10.3686752319, -28.7892341614, -7.48001527786, 34.2661437988, 77.77784729, 27.2299404144, -11.5693492889, -4.52378845215, 6.59871673584], [6.18106746674, -19.5704154968, 0.0839087441564, -2.58357548714, -5.36792039871, -13.3914489746, -6.65208292007, -2.21126699448, 27.2299404144, 66.4860458374, 18.5637645721, 4.23348379135, 1.06629180908], [-44.322517395, 13.9835357666, 7.06397485733, -6.04030227661, -6.85164546967, 19.5006103516, 7.18812417984, -12.2101325989, -11.5693492889, 18.5637645721, 63.0930137634, 24.1966381073, -1.51922178268], [-3.10046362877, -28.053653717, -5.81927013397, 29.9354801178, 21.4130039215, -31.0658130646, -31.1942024231, -14.2422151566, -4.52378845215, 4.23348379135, 24.1966381073, 82.6974411011, 38.8925590515], [3.25234770775, -10.9951047897, -36.6060562134, 59.5816078186, 34.9442749023, -40.8962059021, -40.427116394, -2.00389027596, 6.59871673584, 1.06629180908, -1.51922178268, 38.8925590515, 82.1261749268]],
        "icov": [[0.00244268542156, 0.00261422619224, 0.000912659743335, 0.00036885868758, -0.000179736976861, 0.001672187238, -0.000370166351786, 0.00138665910345, -0.0010346127674, 0.00127912440803, -0.000229681201745, 0.00135918334126, 0.000571850512642], [0.00261422619224, 0.01297232043, -0.000481057708384, 0.00809427257627, -0.00708392914385, 0.0104470876977, -0.00791509915143, 0.011665516533, -0.00764092290774, 0.0102140633389, -0.00947470217943, 0.010206323117, -0.00437599839643], [0.000912659743335, -0.000481057708384, 0.00659448839724, -0.0037265191786, 0.00357621232979, -0.00497668236494, 0.0036551640369, -0.00271340995096, 0.0030588961672, -0.00287444400601, 0.00329941767268, -0.00298746139742, 0.00454289047047], [0.00036885868758, 0.00809427257627, -0.0037265191786, 0.0163143016398, -0.00848960038275, 0.0101841492578, -0.00407346663997, 0.0102429836988, -0.00658223638311, 0.00899795908481, -0.0087411198765, 0.00906861014664, -0.00954367779195], [-0.000179736976861, -0.00708392914385, 0.00357621232979, -0.00848960038275, 0.0145696196705, -0.00721350358799, 0.00504095107317, -0.00785599648952, 0.00458435760811, -0.0060088057071, 0.0077553326264, -0.0081516969949, 0.0030237454921], [0.001672187238, 0.0104470876977, -0.00497668236494, 0.0101841492578, -0.00721350358799, 0.0223472230136, -0.0122368168086, 0.01303539332, -0.00688820425421, 0.012280725874, -0.0134414220229, 0.0131463734433, -0.00586274685338], [-0.000370166351786, -0.00791509915143, 0.0036551640369, -0.00407346663997, 0.00504095107317, -0.0122368168086, 0.0188382491469, -0.0142198149115, 0.00830321293324, -0.00806897133589, 0.00669881608337, -0.00654448615387, 0.00688809528947], [0.00138665910345, 0.011665516533, -0.00271340995096, 0.0102429836988, -0.00785599648952, 0.01303539332, -0.0142198149115, 0.0329506359994, -0.0185466278344, 0.0151030551642, -0.00999803375453, 0.0123668042943, -0.00824304390699], [-0.0010346127674, -0.00764092290774, 0.0030588961672, -0.00658223638311, 0.00458435760811, -0.00688820425421, 0.00830321293324, -0.0185466278344, 0.0283584222198, -0.0176104884595, 0.0112761333585, -0.00701708160341, 0.00489258766174], [0.00127912440803, 0.0102140633389, -0.00287444400601, 0.00899795908481, -0.0060088057071, 0.012280725874, -0.00806897133589, 0.0151030551642, -0.0176104884595, 0.0315151847899, -0.0177528373897, 0.0112555269152, -0.00607658689842], [-0.000229681201745, -0.00947470217943, 0.00329941767268, -0.0087411198765, 0.0077553326264, -0.0134414220229, 0.00669881608337, -0.00999803375453, 0.0112761333585, -0.0177528373897, 0.0333210155368, -0.0181311126798, 0.00814040750265], [0.00135918334126, 0.010206323117, -0.00298746139742, 0.00906861014664, -0.0081516969949, 0.0131463734433, -0.00654448615387, 0.0123668042943, -0.00701708160341, 0.0112555269152, -0.0181311126798, 0.0294560194016, -0.0133702391759], [0.000571850512642, -0.00437599839643, 0.00454289047047, -0.00954367779195, 0.0030237454921, -0.00586274685338, 0.00688809528947, -0.00824304390699, 0.00489258766174, -0.00607658689842, 0.00814040750265, -0.0133702391759, 0.0256682597101]]
    },
    "melbands": {
        "dmean": [0.00301008066162, 0.00189293001313, 0.000832774210721, 0.00040045127389, 0.00037771181087, 0.000317131343763, 0.00019858572341, 0.000138080184115, 0.000288976822048, 0.000225069074077, 9.65890940279e-05, 5.08883349539e-05, 3.14264580084e-05, 3.86787360185e-05, 3.83390324714e-05, 3.98180927732e-05, 3.33709685947e-05, 2.87409839075e-05, 3.83750484616e-05, 5.40050423297e-05, 2.51360161201e-05, 3.23778949678e-05, 1.71339961526e-05, 1.02484546005e-05, 1.48368080772e-05, 1.07305259007e-05, 7.90571630205e-06, 4.65841640107e-06, 3.4894919736e-06, 3.59015780305e-06, 3.09823781208e-06, 3.32345848619e-06, 2.74758281193e-06, 2.70131272373e-06, 2.57241754298e-06, 3.00583792523e-06, 4.01887155022e-06, 3.13846476274e-06, 2.79004484582e-06, 2.1176217615e-06],
        "dmean2": [0.00486939772964, 0.00298752705567, 0.00145684753079, 0.000687238352839, 0.000601510866545, 0.000508341996465, 0.000330801150994, 0.000213761144551, 0.000433477252955, 0.000327817251673, 0.000139391602715, 7.80589107308e-05, 4.84233823954e-05, 6.06612957199e-05, 6.03227854299e-05, 6.3021776441e-05, 5.14423736604e-05, 4.59739094367e-05, 6.21826184215e-05, 8.61936132424e-05, 3.9671878767e-05, 4.90857310069e-05, 2.73287732853e-05, 1.6206788132e-05, 2.37873409787e-05, 1.72667969309e-05, 1.24252474052e-05, 7.42163229006e-06, 5.57987186767e-06, 6.02045611231e-06, 5.0107014431e-06, 5.30493298356e-06, 4.4603061724e-06, 4.41116389993e-06, 4.11604878536e-06, 4.78302263218e-06, 6.64327126287e-06, 4.78126094094e-06, 4.35095671492e-06, 3.33192997459e-06],
        "dvar": [1.46999245771e-05, 1.90426635527e-05, 4.7145276767e-06, 5.30274292032e-07, 3.98391847511e-07, 3.93462073589e-07, 1.81770545282e-07, 7.82702329616e-08, 4.38408761738e-07, 3.13868326884e-07, 6.76149198853e-08, 4.80255257784e-09, 3.6820946292e-09, 7.18311232717e-09, 1.03703623466e-08, 1.08094377893e-08, 8.67016503037e-09, 5.4666662308e-09, 6.0302771665e-09, 1.21849481616e-08, 1.60845303743e-09, 2.88298496187e-09, 6.56035836766e-10, 2.30370097998e-10, 1.17611176353e-09, 4.1163739084e-10, 3.52374573964e-10, 1.73439110296e-10, 2.36981736318e-11, 2.55396693377e-11, 2.10962133179e-11, 2.66576743319e-11, 3.14673669066e-11, 3.15105233573e-11, 3.75269468278e-11, 3.57940344031e-11, 4.99739208348e-11, 4.8898177174e-11, 3.49589315829e-11, 3.12389732138e-11],
        "dvar2": [4.10974607803e-05, 4.87239922222e-05, 1.29598711283e-05, 1.47438072418e-06, 9.11875417842e-07, 9.15498674203e-07, 5.0863911838e-07, 1.71523069525e-07, 8.95250764188e-07, 6.83512837441e-07, 1.29024797957e-07, 1.01217825232e-08, 8.13106826314e-09, 1.76844938693e-08, 2.12905995056e-08, 2.59061874175e-08, 1.9517477412e-08, 1.36458115918e-08, 1.41749056937e-08, 3.24409548114e-08, 3.68704222709e-09, 6.71220989901e-09, 1.5914832785e-09, 5.47627554415e-10, 2.82889578429e-09, 9.29030352648e-10, 7.25855042738e-10, 4.46978426494e-10, 5.77399864032e-11, 6.52987941496e-11, 5.12492617788e-11, 6.57567889029e-11, 8.29361024302e-11, 7.05697444925e-11, 9.07133812511e-11, 7.99006485974e-11, 1.13766829291e-10, 8.88856072079e-11, 7.04088801151e-11, 6.96553995039e-11],
        "max": [0.0343137867749, 0.0445419363678, 0.0142564326525, 0.00633709738031, 0.00870717596263, 0.00875191017985, 0.00644930545241, 0.00537392962724, 0.00862824358046, 0.00788958743215, 0.00508117768914, 0.00172881910112, 0.00114566390403, 0.00145541329402, 0.0024889940396, 0.00186082429718, 0.00164787995163, 0.00128014746588, 0.0012045254698, 0.00151977757923, 0.000548753130715, 0.00091180979507, 0.000269855197985, 0.000202319832169, 0.000606495363172, 0.000351837079506, 0.000346069893567, 0.000293538701953, 5.84304107178e-05, 6.11723371549e-05, 5.06861470058e-05, 7.15399874025e-05, 8.90456285561e-05, 7.93154904386e-05, 0.000148518913193, 9.60496108746e-05, 9.00058439584e-05, 9.31297108764e-05, 9.70116598182e-05, 8.84170367499e-05],
        "mean": [0.00508729880676, 0.00330307008699, 0.00104051898234, 0.000580964726396, 0.000703943951521, 0.000513390346896, 0.00030472400249, 0.000242800699198, 0.000529825570993, 0.000367662287317, 0.000238763415837, 0.000102190489997, 5.19797576999e-05, 6.57071796013e-05, 6.18589328951e-05, 6.29640926491e-05, 4.83251569676e-05, 3.99211676267e-05, 6.19706479483e-05, 0.000110713372123, 5.64264555578e-05, 6.63841856294e-05, 3.09382012347e-05, 1.87099903997e-05, 2.62692065007e-05, 1.90566152014e-05, 1.30152020574e-05, 8.07191008789e-06, 7.48466845835e-06, 7.20058869774e-06, 6.41466340312e-06, 6.43510475129e-06, 4.61612216895e-06, 4.40139001512e-06, 3.92352012568e-06, 4.18854051532e-06, 5.01586100654e-06, 4.53570282843e-06, 4.01639681513e-06, 3.20257527164e-06],
        "median": [0.00391079299152, 0.00227074394934, 0.000578428152949, 0.000364048522897, 0.000416686845711, 0.000244704104261, 0.000185170167242, 0.000129274572828, 0.000154661378474, 0.000113210320706, 4.10180800827e-05, 5.87159411225e-05, 3.31582741637e-05, 3.36518351105e-05, 2.97013884847e-05, 2.49183995038e-05, 1.76757603185e-05, 1.98031593754e-05, 2.88934588752e-05, 2.91309515887e-05, 2.17256711039e-05, 2.69368629233e-05, 1.90284845303e-05, 1.1679410818e-05, 1.08966205516e-05, 1.07552205009e-05, 7.96021049609e-06, 4.87302622787e-06, 4.72241617899e-06, 5.19094101037e-06, 4.11740393247e-06, 4.1231155592e-06, 2.63978108705e-06, 2.10263237932e-06, 1.91956678464e-06, 1.93659707293e-06, 1.97762665266e-06, 1.76087303316e-06, 1.6617602796e-06, 1.3236549421e-06],
        "min": [0.000181683193659, 0.000179714494152, 2.28790704568e-05, 9.89148247754e-06, 9.56488656811e-06, 6.01030069447e-06, 5.74315072299e-06, 5.30035413249e-06, 1.40079725952e-06, 2.5075173653e-06, 2.1918483526e-06, 3.88503804061e-06, 2.07774291994e-06, 1.86785939604e-06, 2.27532245844e-06, 2.21487084673e-06, 1.79500545983e-06, 1.13153805614e-06, 1.39121925713e-06, 8.79111439644e-07, 1.0943642792e-06, 1.07318476239e-06, 1.06013476397e-06, 8.19659192075e-07, 4.29900495647e-07, 5.82963991747e-07, 6.75959086038e-07, 3.09533703557e-07, 2.54823078194e-07, 4.59311337409e-07, 2.33176962183e-07, 3.36743937623e-07, 1.0434583686e-07, 2.76455239145e-07, 1.95257783275e-07, 2.12918564557e-07, 2.92810682367e-07, 1.93190629716e-07, 1.6880089504e-07, 1.2991918652e-07],
