{
"highlevel": {
    "danceability": {
        "all": {
            "danceable": 0.170801505446,
            "not_danceable": 0.829198479652
        },
        "probability": 0.829198479652,
        "value": "not_danceable"
    },
    "gender": {
        "all": {
            "female": 0.20234669745,
            "male": 0.797653317451
        },
        "probability": 0.797653317451,
        "value": "male"
    },
    "genre_dortmund": {
        "all": {
            "alternative": 0.178851529956,
            "blues": 0.015493163839,
            "electronic": 0.00630264682695,
            "folkcountry": 0.0478727035224,
            "funksoulrnb": 0.00319123873487,
            "jazz": 0.0139486948028,
            "pop": 0.0479268059134,
            "raphiphop": 0.00331812305376,
            "rock": 0.683095097542
        },
        "probability": 0.683095097542,
        "value": "rock"
    },
    "genre_electronic": {
        "all": {
            "ambient": 0.295580565929,
            "dnb": 0.388627737761,
            "house": 0.0509148277342,
            "techno": 0.00793864950538,
            "trance": 0.256938189268
        },
        "probability": 0.388627737761,
        "value": "dnb"
    },
    "genre_rosamerica": {
        "all": {
            "cla": 0.0064265630208,
            "dan": 0.0151772666723,
            "hip": 0.0230773482472,
            "jaz": 0.00671586859971,
            "pop": 0.0732148215175,
            "rhy": 0.010004343465,
            "roc": 0.860946238041,
            "spe": 0.00443757139146
        },
        "probability": 0.860946238041,
        "value": "roc"
    },
    "genre_tzanetakis": {
        "all": {
            "blu": 0.0626541376114,
            "cla": 0.0348133966327,
            "cou": 0.0783501937985,
            "dis": 0.104547761381,
            "hip": 0.15693578124,
            "jaz": 0.313987255096,
            "met": 0.044816005975,
            "pop": 0.0627349764109,
            "reg": 0.0627352520823,
            "roc": 0.0784252434969
        },
        "probability": 0.313987255096,
        "value": "jaz"
    },
    "ismir04_rhythm": {
        "all": {
            "ChaChaCha": 0.0691061541438,
            "Jive": 0.631659448147,
            "Quickstep": 0.0650241971016,
            "Rumba-American": 0.005005619023,
            "Rumba-International": 0.0120176244527,
            "Rumba-Misc": 0.00309578399174,
            "Samba": 0.179774582386,
            "Tango": 0.00795548595488,
            "VienneseWaltz": 0.0228762328625,
            "Waltz": 0.00348487403244
        },
        "probability": 0.631659448147,
        "value": "Jive"
    },
    "mood_acoustic": {
        "all": {
            "acoustic": 0.00496948044747,
            "not_acoustic": 0.995030522346
        },
        "probability": 0.995030522346,
        "value": "not_acoustic"
    },
    "mood_aggressive": {
        "all": {
            "aggressive": 0.907792389393,
            "not_aggressive": 0.0922076329589
        },
        "probability": 0.907792389393,
        "value": "aggressive"
    },
    "mood_electronic": {
        "all": {
            "electronic": 0.228281393647,
            "not_electronic": 0.771718621254
        },
        "probability": 0.771718621254,
        "value": "not_electronic"
    },
    "mood_happy": {
        "all": {
            "happy": 0.172176882625,
            "not_happy": 0.827823102474
        },
        "probability": 0.827823102474,
        "value": "not_happy"
    },
    "mood_party": {
        "all": {
            "not_party": 0.372781157494,
            "party": 0.627218842506
        },
        "probability": 0.627218842506,
        "value": "party"
    },
    "mood_relaxed": {
        "all": {
            "not_relaxed": 0.993459761143,
            "relaxed": 0.00654023839161
        },
        "probability": 0.993459761143,
        "value": "not_relaxed"
    },
    "mood_sad": {
        "all": {
            "not_sad": 0.954392313957,
            "sad": 0.0456076897681
        },
        "probability": 0.954392313957,
        "value": "not_sad"
    },
    "moods_mirex": {
        "all": {
            "Cluster1": 0.551947593689,
            "Cluster2": 0.0346473306417,
            "Cluster3": 0.0365121923387,
            "Cluster4": 0.0083929207176,
            "Cluster5": 0.368499964476
        },
        "probability": 0.551947593689,
        "value": "Cluster1"
    },
    "timbre": {
        "all": {
            "bright": 0.112548060715,
            "dark": 0.887451946735
        },
        "probability": 0.887451946735,
        "value": "dark"
    },
    "tonal_atonal": {
        "all": {
            "atonal": 0.34462428093,
            "tonal": 0.65537571907
        },
        "probability": 0.65537571907,
        "value": "tonal"
    },
    "voice_instrumental": {
        "all": {
            "instrumental": 0.00133809261024,
            "voice": 0.998661935329
        },
        "probability": 0.998661935329,
        "value": "voice"
    }
},
"lowlevel": {
    "average_loudness": 0.982465147972,
    "barkbands_crest": {
        "dmean": 2.28610706329,
        "dmean2": 3.75858521461,
        "dvar": 4.52919387817,
        "dvar2": 12.0878410339,
        "max": 21.1228046417,
        "mean": 9.12345409393,
        "median": 8.60662746429,
        "min": 2.70312476158,
        "var": 12.710272789
    },
    "barkbands_flatness_db": {
        "dmean": 0.023009667173,
        "dmean2": 0.0360306799412,
        "dvar": 0.000597544771153,
        "dvar2": 0.00132197642233,
        "max": 0.355104833841,
        "mean": 0.141642823815,
        "median": 0.126824110746,
        "min": 0.0564413107932,
        "var": 0.00341003853828
    },
    "barkbands_kurtosis": {
        "dmean": 4.37377119064,
        "dmean2": 6.81930208206,
        "dvar": 89.6627655029,
        "dvar2": 213.567153931,
        "max": 121.40978241,
        "mean": 6.58766269684,
        "median": -0.0122013092041,
        "min": -1.81132435799,
        "var": 238.768218994
    },
    "barkbands_skewness": {
        "dmean": 0.608169674873,
        "dmean2": 0.955101847649,
        "dvar": 0.512610733509,
        "dvar2": 1.28337073326,
        "max": 9.92725086212,
        "mean": 1.76316154003,
        "median": 1.14622056484,
        "min": -0.802308559418,
        "var": 2.96404361725
    },
    "barkbands_spread": {
        "dmean": 6.438829422,
        "dmean2": 10.3028469086,
        "dvar": 39.0359687805,
        "dvar2": 95.4604263306,
        "max": 72.5820465088,
        "mean": 33.5450172424,
        "median": 37.8860473633,
        "min": 1.21940934658,
        "var": 284.154876709
    },
    "dissonance": {
        "dmean": 0.00888094771653,
        "dmean2": 0.0148807354271,
        "dvar": 7.35394714866e-05,
        "dvar2": 0.00020130109624,
        "max": 0.499512404203,
        "mean": 0.482735723257,
        "median": 0.486196160316,
        "min": 0.420612037182,
        "var": 0.000171500680153
    },
    "dynamic_complexity": 1.62070810795,
    "erbbands_crest": {
        "dmean": 1.9707981348,
        "dmean2": 3.14538121223,
        "dvar": 3.39251041412,
        "dvar2": 8.06221389771,
        "max": 23.1827793121,
        "mean": 7.27178096771,
        "median": 6.68611049652,
        "min": 2.79002308846,
        "var": 7.89990282059
    },
    "erbbands_flatness_db": {
        "dmean": 0.0145497471094,
        "dmean2": 0.0207952782512,
        "dvar": 0.000202350129257,
        "dvar2": 0.000364400126273,
        "max": 0.234582588077,
        "mean": 0.127572581172,
        "median": 0.125812157989,
        "min": 0.0425435267389,
        "var": 0.000937823555432
    },
    "erbbands_kurtosis": {
        "dmean": 0.769817888737,
        "dmean2": 1.23049271107,
        "dvar": 1.17434966564,
        "dvar2": 2.60886263847,
        "max": 15.2012481689,
        "mean": 0.238815113902,
        "median": -0.121892690659,
        "min": -1.67522239685,
        "var": 2.35588312149
    },
    "erbbands_skewness": {
        "dmean": 0.347205817699,
        "dmean2": 0.536271393299,
        "dvar": 0.114620491862,
        "dvar2": 0.232155352831,
        "max": 3.55650067329,
        "mean": -0.358713239431,
        "median": -0.466746240854,
        "min": -2.36582970619,
        "var": 0.683632194996
    },
    "erbbands_spread": {
        "dmean": 8.64694595337,
        "dmean2": 13.4577350616,
        "dvar": 81.0821533203,
        "dvar2": 183.976593018,
        "max": 137.104232788,
        "mean": 47.7279777527,
        "median": 42.8951759338,
        "min": 12.7148132324,
        "var": 382.349609375
    },
    "hfc": {
        "dmean": 5.63071584702,
        "dmean2": 8.22260284424,
        "dvar": 41.6108779907,
        "dvar2": 84.6346969604,
        "max": 98.9260101318,
        "mean": 27.2251033783,
        "median": 25.7340145111,
        "min": 1.17504322529,
        "var": 313.648742676
    },
    "melbands_crest": {
        "dmean": 3.15653705597,
        "dmean2": 5.31318902969,
        "dvar": 8.3975610733,
        "dvar2": 22.9590244293,
        "max": 29.575712204,
        "mean": 16.2920131683,
        "median": 15.6327581406,
        "min": 5.05945825577,
        "var": 23.8832015991
    },
    "melbands_flatness_db": {
        "dmean": 0.0284681264311,
        "dmean2": 0.0439301244915,
        "dvar": 0.000877245038282,
        "dvar2": 0.00194530026056,
        "max": 0.471256673336,
        "mean": 0.191431283951,
        "median": 0.17228706181,
        "min": 0.0489567965269,
        "var": 0.00673824176192
    },
    "melbands_kurtosis": {
        "dmean": 13.4343328476,
        "dmean2": 21.2860813141,
        "dvar": 709.226074219,
        "dvar2": 1817.03735352,
        "max": 421.594909668,
        "mean": 26.7268009186,
        "median": 7.53210926056,
        "min": -1.35791504383,
        "var": 1884.50427246
    },
    "melbands_skewness": {
        "dmean": 0.924967110157,
        "dmean2": 1.45979392529,
        "dvar": 1.09932625294,
        "dvar2": 2.84955954552,
        "max": 15.733291626,
        "mean": 3.65563678741,
        "median": 2.76952004433,
        "min": 0.130792722106,
        "var": 5.57449436188
    },
    "melbands_spread": {
        "dmean": 8.0605096817,
        "dmean2": 12.9524974823,
        "dvar": 65.855506897,
        "dvar2": 169.334259033,
        "max": 97.8297195435,
        "mean": 31.1010913849,
        "median": 29.4618663788,
        "min": 0.702833175659,
        "var": 476.164825439
    },
    "pitch_salience": {
        "dmean": 0.0728420317173,
        "dmean2": 0.121134243906,
        "dvar": 0.00431885942817,
        "dvar2": 0.0117487460375,
        "max": 0.826835155487,
        "mean": 0.529065430164,
        "median": 0.541231572628,
        "min": 0.137616947293,
        "var": 0.0105871083215
    },
    "silence_rate_20dB": {
        "dmean": 0,
        "dmean2": 0,
        "dvar": 0,
        "dvar2": 0,
        "max": 1,
        "mean": 1,
        "median": 1,
        "min": 1,
        "var": 0
    },
    "silence_rate_30dB": {
        "dmean": 0,
        "dmean2": 0,
        "dvar": 0,
        "dvar2": 0,
        "max": 1,
        "mean": 1,
        "median": 1,
        "min": 1,
        "var": 0
    },
    "silence_rate_60dB": {
        "dmean": 0,
        "dmean2": 0,
        "dvar": 0,
        "dvar2": 0,
        "max": 0,
        "mean": 0,
        "median": 0,
        "min": 0,
        "var": 0
    },
    "spectral_centroid": {
        "dmean": 263.381530762,
        "dmean2": 420.422729492,
        "dvar": 68174.4765625,
        "dvar2": 160722.59375,
        "max": 3095.53857422,
        "mean": 1860.29370117,
        "median": 2126.04589844,
        "min": 186.786987305,
        "var": 618113.8125
    },
    "spectral_complexity": {
        "dmean": 4.18808031082,
        "dmean2": 6.45933389664,
        "dvar": 15.8972644806,
        "dvar2": 30.9330730438,
        "max": 56,
        "mean": 27.1639595032,
        "median": 30,
        "min": 2,
        "var": 203.962539673
    },
    "spectral_decrease": {
        "dmean": 2.17062545715e-09,
        "dmean2": 3.69448804882e-09,
        "dvar": 5.89063479699e-18,
        "dvar2": 1.6329425412e-17,
        "max": -1.31849098306e-09,
        "mean": -7.02254610019e-09,
        "median": -6.61206378538e-09,
        "min": -2.19912656974e-08,
        "var": 8.01028635743e-18
    },
    "spectral_energy": {
        "dmean": 0.00846555177122,
        "dmean2": 0.0143689913675,
        "dvar": 8.8205357315e-05,
        "dvar2": 0.00024210238189,
        "max": 0.0903329327703,
        "mean": 0.0289741419256,
        "median": 0.0277856569737,
        "min": 0.00518914824352,
        "var": 0.000126168670249
    },
    "spectral_energyband_high": {
        "dmean": 0.000375898816856,
        "dmean2": 0.00052815064555,
        "dvar": 2.59014768744e-07,
        "dvar2": 5.23558753684e-07,
        "max": 0.0100879836828,
        "mean": 0.00130888749845,
        "median": 0.000947603723034,
        "min": 3.65477808373e-06,
        "var": 1.58301838837e-06
    },
    "spectral_energyband_low": {
        "dmean": 0.00669659255072,
        "dmean2": 0.0112956380472,
        "dvar": 6.40796497464e-05,
        "dvar2": 0.000177947644261,
        "max": 0.0741277039051,
        "mean": 0.0148180220276,
        "median": 0.0124460337684,
        "min": 0.000915692478884,
        "var": 9.2164882517e-05
    },
    "spectral_energyband_middle_high": {
        "dmean": 0.00149021821562,
        "dmean2": 0.00232028518803,
        "dvar": 2.96930943477e-06,
        "dvar2": 7.05723050487e-06,
        "max": 0.0232792794704,
        "mean": 0.00625219056383,
        "median": 0.00591943599284,
        "min": 3.38048812409e-05,
        "var": 2.17555425479e-05
    },
    "spectral_energyband_middle_low": {
        "dmean": 0.00342893158086,
        "dmean2": 0.00583039596677,
        "dvar": 2.72428951575e-05,
        "dvar2": 7.53031708882e-05,
        "max": 0.0600188970566,
        "mean": 0.00829879846424,
        "median": 0.00695531861857,
        "min": 0.000618794525508,
        "var": 3.29586146108e-05
    },
    "spectral_entropy": {
        "dmean": 0.136011987925,
        "dmean2": 0.197036117315,
        "dvar": 0.0274055823684,
        "dvar2": 0.047605201602,
        "max": 8.37885761261,
        "mean": 7.72028636932,
        "median": 7.80925607681,
        "min": 5.86214113235,
        "var": 0.134730920196
    },
    "spectral_flux": {
        "dmean": 0.0208323914558,
        "dmean2": 0.032122887671,
        "dvar": 0.000428705709055,
        "dvar2": 0.000904001528397,
        "max": 0.212749615312,
        "mean": 0.0867366939783,
        "median": 0.0823669433594,
        "min": 0.0161519497633,
        "var": 0.000995432608761
    },
    "spectral_kurtosis": {
        "dmean": 1.15303122997,
        "dmean2": 1.95609402657,
        "dvar": 1.976369977,
        "dvar2": 5.39427995682,
        "max": 21.0439682007,
        "mean": 4.08638811111,
        "median": 3.73163843155,
        "min": -0.120928525925,
        "var": 3.97527551651
    },
    "spectral_rms": {
        "dmean": 0.000766160141211,
        "dmean2": 0.0012920696754,
        "dvar": 6.07014897014e-07,
        "dvar2": 1.68883263996e-06,
        "max": 0.00938774179667,
        "mean": 0.00521988933906,
        "median": 0.00520653044805,
        "min": 0.00225001852959,
        "var": 1.02014098502e-06
    },
    "spectral_rolloff": {
        "dmean": 467.464599609,
        "dmean2": 787.424072266,
        "dvar": 366951.75,
        "dvar2": 876446.75,
        "max": 7084.42382812,
        "mean": 1946.41125488,
        "median": 2368.65234375,
        "min": 107.666015625,
        "var": 1869044.125
    },
    "spectral_skewness": {
        "dmean": 0.17873968184,
        "dmean2": 0.293338388205,
        "dvar": 0.0390592701733,
        "dvar2": 0.0994321331382,
        "max": 3.61565971375,
        "mean": 1.33144700527,
        "median": 1.29555463791,
        "min": 0.422267764807,
        "var": 0.120331861079
    },
    "spectral_spread": {
        "dmean": 541742.6875,
        "dmean2": 794717.3125,
        "dvar": 548399677440,
        "dvar2": 948552859648,
        "max": 18391728,
        "mean": 4529095,
        "median": 4385250,
        "min": 2165541.25,
        "var": 1.77718702899e+12
    },
    "spectral_strongpeak": {
        "dmean": 0.254552781582,
        "dmean2": 0.45847183466,
        "dvar": 0.242108911276,
        "dvar2": 0.698379516602,
        "max": 5.55909538269,
        "mean": 0.466173827648,
        "median": 0.389221519232,
        "min": 0.0595926493406,
        "var": 0.191203013062
    },
    "zerocrossingrate": {
        "dmean": 0.0108109703287,
        "dmean2": 0.0134082557634,
        "dvar": 0.000101627258118,
        "dvar2": 0.000141241238452,
        "max": 0.1748046875,
        "mean": 0.0717358067632,
        "median": 0.0732421875,
        "min": 0.00439453125,
        "var": 0.00111727742478
    },
    "barkbands": {
        "dmean": [3.26177796524e-05, 0.00383990141563, 0.00376978632994, 0.00121649098583, 0.00208581332117, 0.000356789591024, 0.00016747925838, 0.000289035204332, 0.000698800489772, 0.000388878775993, 0.00014896596258, 0.000222278089495, 0.000173238688149, 0.000373310584109, 0.000244823051617, 0.000160288982443, 0.000385631312383, 0.000524817674886, 0.000407701270888, 0.000235024344875, 0.000125266102259, 7.93866056483e-05, 6.76368290442e-05, 5.20072317158e-05, 5.39279535587e-05, 7.53824788262e-05, 1.65806968155e-09],
        "dmean2": [5.27786723978e-05, 0.00645349361002, 0.00633798073977, 0.00208149920218, 0.00354410521686, 0.000585930538364, 0.000274507299764, 0.000469124614028, 0.00111944542732, 0.000616633682512, 0.000234614228248, 0.000351365510141, 0.000279760861304, 0.000603943073656, 0.000400334974984, 0.000267249386525, 0.000635566655546, 0.000882880354766, 0.00065319245914, 0.000379198114388, 0.000197426910745, 0.000123639416415, 0.000104271239252, 7.77131281211e-05, 7.79001493356e-05, 0.000110970308015, 2.74701594805e-09],
        "dvar": [3.64198426972e-09, 2.82337296085e-05, 1.94632266357e-05, 2.53816233453e-06, 1.70837683982e-05, 2.64357396418e-07, 6.27869098935e-08, 4.4571660851e-07, 1.22741948871e-06, 3.9470307911e-07, 1.1229459318e-07, 2.19287670689e-07, 1.4984229324e-07, 3.98063860985e-07, 1.38829420848e-07, 8.14545728645e-08, 2.64978666564e-07, 4.46763664286e-07, 2.69491152949e-07, 9.86947625847e-08, 3.75219606497e-08, 1.50030725621e-08, 1.23964012388e-08, 9.91325332933e-09, 9.05154085018e-09, 1.63043516466e-08, 1.42557868484e-16],
        "dvar2": [7.51985318459e-09, 7.77489403845e-05, 5.53104728169e-05, 7.08632433088e-06, 4.81298229715e-05, 7.38835183256e-07, 1.73737660702e-07, 1.01741932212e-06, 3.06045831167e-06, 9.87528210317e-07, 2.37786935031e-07, 5.24231836607e-07, 3.88183821087e-07, 1.05274148154e-06, 3.2411927009e-07, 2.36245284668e-07, 6.92249386702e-07, 1.17303545721e-06, 6.10412485003e-07, 2.63261114242e-07, 9.18929217164e-08, 3.6558091665e-08, 2.80133267694e-08, 2.02397920646e-08, 2.16500524175e-08, 3.4975247587e-08, 1.49898414824e-16],
        "max": [0.000859223189764, 0.0603095777333, 0.0345904193819, 0.0159907322377, 0.040313180536, 0.00506624300033, 0.00377839058638, 0.0107571780682, 0.0101066743955, 0.00953319948167, 0.0051026083529, 0.00623939372599, 0.00569436745718, 0.00828982330859, 0.00483873672783, 0.00532968435436, 0.00558205367997, 0.00682569481432, 0.00607829960063, 0.00403880374506, 0.00336873112246, 0.00191010837443, 0.00257378537208, 0.002407862572, 0.00170725141652, 0.00114889582619, 4.24696395385e-07],
        "mean": [3.75726049242e-05, 0.00673260074109, 0.00644738413393, 0.00248605082743, 0.00317507563159, 0.000549224438146, 0.000282564316876, 0.000380233803298, 0.00114448345266, 0.000678297423292, 0.000255543069215, 0.000356845674105, 0.000274954043562, 0.000646348227747, 0.00051764032105, 0.000291634030873, 0.000837643863633, 0.00124934059568, 0.000977337593213, 0.000557556573767, 0.000325933186105, 0.000218266199226, 0.000190336242667, 0.000133942405228, 0.000118617113912, 0.000108725420432, 1.41561817824e-09],
        "median": [1.48830085891e-05, 0.00474752672017, 0.00473047606647, 0.00205045193434, 0.0018955534324, 0.000331290822942, 0.000165521196323, 0.000139462485095, 0.000581949949265, 0.00028758822009, 0.000109080603579, 0.000129894833663, 0.000116570947284, 0.000334440235747, 0.00032890640432, 0.000181305382284, 0.000687441788614, 0.000978364376351, 0.000731444510166, 0.00046593110892, 0.000216552754864, 0.000118749929243, 0.000100398763607, 7.13042973075e-05, 5.53154823137e-05, 4.35174260929e-05, 5.12316522538e-10],
        "min": [7.36484793151e-08, 6.35697360849e-05, 0.000113198781037, 3.48179924003e-07, 2.03653362405e-05, 1.03653592305e-05, 9.99549342851e-07, 1.71441706698e-06, 1.3722593394e-05, 2.21918662646e-06, 2.84620170987e-07, 1.52429788614e-06, 8.7570145979e-07, 1.78607410817e-06, 1.69222084878e-06, 8.80543097992e-07, 2.16061152969e-06, 2.5306662792e-06, 1.03987974853e-06, 1.23028542021e-06, 1.16261287531e-06, 4.23994293897e-07, 2.02173239927e-07, 1.86338738217e-07, 1.15219073393e-07, 9.80841588505e-11, 1.32973094341e-11],
        "var": [5.04688912883e-09, 4.00177123083e-05, 3.01633390336e-05, 3.81099744118e-06, 1.64782431966e-05, 3.8319743112e-07, 1.08253047415e-07, 5.89874616708e-07, 2.25994176617e-06, 1.10483927074e-06, 2.5346363941e-07, 3.93947516386e-07, 2.84365398784e-07, 7.87906003552e-07, 3.93057774772e-07, 1.68668293554e-07, 6.74425621128e-07, 1.44401371927e-06, 9.50869264216e-07, 2.73733292033e-07, 1.21767854466e-07, 6.47140439014e-08, 5.7877834081e-08, 3.28455911358e-08, 2.61467807405e-08, 2.58639030193e-08, 1.42068230501e-16]
    },
    "erbbands": {
        "dmean": [0.0468600913882, 1.07557475567, 4.06561470032, 3.86157298088, 5.92657089233, 7.55511474609, 3.16874623299, 3.06489706039, 2.57587909698, 2.86835455894, 7.5730676651, 13.201625824, 18.4744644165, 6.41047668457, 7.1212515831, 7.57660961151, 6.79749631882, 17.2582359314, 11.9252214432, 10.2231636047, 10.3916664124, 19.8216152191, 26.2568664551, 21.7644195557, 18.9621219635, 9.61947536469, 5.87926435471, 4.44606876373, 2.97577238083, 2.5618519783, 1.81198978424, 1.20608329773, 0.899400293827, 0.617712080479, 0.420204550028, 0.27836149931, 0.173690527678, 0.0146375782788, 0.00025672299671, 1.71246065293e-05],
        "dmean2": [0.0786696448922, 1.80262923241, 6.91807603836, 6.52091121674, 9.78305244446, 13.2569475174, 5.2099981308, 5.09111976624, 4.27950763702, 4.60624885559, 12.2783946991, 21.0220184326, 29.4177322388, 10.2616586685, 10.9169025421, 12.0024328232, 10.8603811264, 27.712852478, 18.9837856293, 16.7497825623, 17.2464084625, 32.6223640442, 43.2346076965, 36.1686439514, 30.1547908783, 15.29301548, 9.36103534698, 7.06563711166, 4.69338035583, 4.08992528915, 2.78464126587, 1.83513438702, 1.39133024216, 0.947688281536, 0.631619095802, 0.408861547709, 0.260992825031, 0.0224791280925, 0.000388004409615, 2.56107014138e-05],
        "dvar": [0.00549219083041, 2.13908648491, 23.717874527, 26.3953266144, 68.9073410034, 368.2137146, 29.2536430359, 20.9582080841, 18.8997039795, 21.3015499115, 287.867004395, 526.991027832, 1076.09375, 99.3018569946, 275.538452148, 307.973907471, 188.028411865, 856.502441406, 366.243133545, 212.524353027, 309.355316162, 731.413208008, 1124.33166504, 790.885131836, 595.836181641, 151.706298828, 71.4854888916, 53.3358001709, 21.5807571411, 16.7101612091, 10.1361446381, 5.14424848557, 3.23594641685, 1.3969990015, 0.54548740387, 0.209006741643, 0.0911982506514, 0.000694371876307, 2.050679484e-07, 4.39610597924e-10],
        "dvar2": [0.0140365511179, 5.99652671814, 68.6783370972, 73.7214431763, 179.349884033, 1066.18786621, 83.7714614868, 55.8512001038, 50.419708252, 53.7148284912, 655.507141113, 1329.92578125, 2520.00952148, 254.181594849, 625.274597168, 739.956726074, 470.34262085, 2088.8671875, 890.653442383, 549.11920166, 938.028686523, 1910.86987305, 3111.87353516, 1929.11071777, 1416.83447266, 400.889678955, 179.419403076, 130.892181396, 53.1400756836, 43.40184021, 22.4884338379, 9.75277423859, 7.69271087646, 3.57445693016, 1.30917453766, 0.437958836555, 0.201990157366, 0.00162935408298, 4.73054285521e-07, 9.69425095754e-10],
        "max": [0.81309056282, 16.1174926758, 39.0739250183, 57.7033996582, 91.1020584106, 196.235671997, 78.4264602661, 59.0123596191, 71.9916534424, 57.7601966858, 278.195373535, 280.76361084, 570.918334961, 156.479690552, 286.167938232, 301.84072876, 154.549667358, 404.890045166, 236.128295898, 169.186553955, 346.143493652, 304.227386475, 392.503845215, 320.2215271, 263.312927246, 174.137252808, 135.072723389, 127.793418884, 64.9098434448, 64.9805221558, 70.1475372314, 64.4714889526, 32.8061332703, 19.2027721405, 11.8374834061, 4.22486019135, 2.65443587303, 0.237056359649, 0.00409748917446, 0.00021306812414],
        "mean": [0.0753008276224, 1.92920947075, 7.16621351242, 8.92659664154, 10.8676071167, 9.0938835144, 4.96691608429, 4.64153528214, 4.17728948593, 4.75593280792, 10.7879714966, 21.5145950317, 32.4686470032, 12.627456665, 13.7306480408, 12.7069206238, 12.2444543839, 30.841468811, 25.9903507233, 22.2749519348, 22.0323181152, 47.3758163452, 65.1924819946, 54.7348480225, 47.1349830627, 24.4851264954, 15.6876630783, 11.4503726959, 8.12559318542, 6.95405387878, 4.92885732651, 3.18592643738, 2.11122059822, 1.38083672523, 0.79150801897, 0.440271407366, 0.233234375715, 0.0179363470525, 0.000347314227838, 5.2102470363e-05],
        "median": [0.0543717928231, 1.39564883709, 5.26289606094, 7.20641136169, 7.12100553513, 4.44696235657, 3.1737844944, 2.72317695618, 2.5700109005, 2.62555122375, 4.93207359314, 11.0007600784, 15.1620111465, 7.11980390549, 6.5657582283, 5.48652505875, 6.43443822861, 15.833147049, 17.1746139526, 16.1326942444, 15.8586807251, 41.2976036072, 50.2719497681, 44.9377784729, 36.6647491455, 21.4138336182, 12.0946054459, 7.13244771957, 4.55802869797, 3.65048980713, 2.63834810257, 1.71327114105, 1.09859788418, 0.690481185913, 0.356380671263, 0.188141331077, 0.0925995409489, 0.00635377131402, 0.0001467653492, 4.56377274531e-05],
        "min": [0.00138901080936, 0.025179727003, 0.222942322493, 0.281936615705, 0.14679852128, 0.197552800179, 0.10461166501, 0.0764001682401, 0.0968744903803, 0.076634593308, 0.122126623988, 0.345865637064, 0.129467219114, 0.0652737617493, 0.0509483218193, 0.06553234905, 0.0666948035359, 0.141001626849, 0.0902591794729, 0.0704695656896, 0.0761410146952, 0.115651473403, 0.132945120335, 0.0690418109298, 0.0637645348907, 0.048151768744, 0.0473392270505, 0.0324763655663, 0.0176028776914, 0.0135169578716, 0.00505994772539, 0.00399965932593, 0.00292059895582, 0.00114618823864, 0.000315088196658, 9.10441449378e-05, 3.45237422152e-05, 2.78339530269e-06, 4.68953157906e-06, 6.49276762488e-06],
        "var": [0.006706234999, 3.06001353264, 34.7328910828, 50.30626297, 113.156433105, 272.841949463, 35.3194160461, 32.2465744019, 27.4606437683, 36.3668899536, 380.595428467, 902.313110352, 2377.03173828, 294.669677734, 641.690917969, 504.24710083, 352.300720215, 1872.06848145, 900.58001709, 530.692749023, 677.455444336, 2001.06262207, 3862.82666016, 2643.25317383, 2008.55126953, 478.58493042, 236.617416382, 167.782440186, 92.3056716919, 68.4480438232, 42.40782547, 18.603094101, 8.98145103455, 3.76860761642, 1.21811938286, 0.395921498537, 0.129736289382, 0.000865334819537, 2.72245159749e-07, 8.75820915791e-10]
    },
    "gfcc": {
        "mean": [30.8607139587, 72.3779144287, -108.283485413, 55.2917747498, -41.2128868103, 16.1653079987, -33.4086608887, 20.9164848328, -31.3563957214, -2.40316128731, -27.1415138245, -3.71221995354, -19.2872810364],
        "cov": [[2722.72680664, -1156.56420898, -734.213012695, -124.507003784, -358.002716064, 112.567443848, -94.7609634399, 166.276062012, -99.0763168335, 128.820358276, -26.9771118164, 156.569290161, -107.682106018], [-1156.56420898, 839.40838623, 47.6708335876, 122.004753113, 170.018539429, -118.1485672, 65.2503662109, -109.966926575, 90.7531585693, -101.143753052, 94.5541152954, -107.57775116, 104.807769775], [-734.213012695, 47.6708335876, 820.921142578, -79.8374786377, 98.1705245972, 19.7715950012, -34.13829422, -34.0731925964, -63.4790115356, 29.2869434357, -105.654762268, 25.9743442535, -48.5108222961], [-124.507003784, 122.004753113, -79.8374786377, 184.889083862, -10.7346792221, 7.1859869957, 17.7929801941, -52.4581069946, 56.8235054016, -43.54246521, 45.6423530579, -43.113155365, 45.6280517578], [-358.002716064, 170.018539429, 98.1705245972, -10.7346792221, 213.859222412, -37.0870933533, 14.0693407059, 17.0472717285, 0.867279171944, 5.71656703949, 3.31821775436, -0.0808117538691, 4.02862405777], [112.567443848, -118.1485672, 19.7715950012, 7.1859869957, -37.0870933533, 114.881820679, 28.2539749146, -6.37443590164, -16.9910984039, -5.23473930359, 3.36879897118, 8.19822216034, -12.5298757553], [-94.7609634399, 65.2503662109, -34.13829422, 17.7929801941, 14.0693407059, 28.2539749146, 94.4007492065, 3.99544548988, 14.8879051208, -7.3913860321, 15.8358659744, -12.4996261597, 0.887367665768], [166.276062012, -109.966926575, -34.0731925964, -52.4581069946, 17.0472717285, -6.37443590164, 3.99544548988, 107.336578369, 12.9244709015, 38.9139556885, -13.699133873, 16.6457366943, -12.9899921417], [-99.0763168335, 90.7531585693, -63.4790115356, 56.8235054016, 0.867279171944, -16.9910984039, 14.8879051208, 12.9244709015, 94.6641693115, 15.8731451035, 17.6843471527, -32.8003807068, 22.3989448547], [128.820358276, -101.143753052, 29.2869434357, -43.54246521, 5.71656703949, -5.23473930359, -7.3913860321, 38.9139556885, 15.8731451035, 83.7219390869, -8.56210899353, 17.8549766541, -19.3176307678], [-26.9771118164, 94.5541152954, -105.654762268, 45.6423530579, 3.31821775436, 3.36879897118, 15.8358659744, -13.699133873, 17.6843471527, -8.56210899353, 88.9859924316, 6.66961336136, 18.7756729126], [156.569290161, -107.57775116, 25.9743442535, -43.113155365, -0.0808117538691, 8.19822216034, -12.4996261597, 16.6457366943, -32.8003807068, 17.8549766541, 6.66961336136, 80.4581222534, -4.04281282425], [-107.682106018, 104.807769775, -48.5108222961, 45.6280517578, 4.02862405777, -12.5298757553, 0.887367665768, -12.9899921417, 22.3989448547, -19.3176307678, 18.7756729126, -4.04281282425, 69.197052002]],
        "icov": [[0.00204435898922, 0.00167609297205, 0.00189766916446, -0.000660928024445, 0.001160425134, -9.68319145613e-05, 0.000927778834011, -0.000593607721385, 0.00149917195085, -0.00152545410674, 0.000579741026741, -0.00147183157969, 0.00104602484498], [0.00167609297205, 0.00926212407649, -0.000629508343991, 0.00416766386479, -0.00293331569992, 0.00676498468965, -0.00402669375762, 0.00530400453135, -0.00464827707037, 0.00601513078436, -0.0084689501673, 0.00629853038117, -0.00631696451455], [0.00189766916446, -0.000629508343991, 0.00418834434822, -0.0018600866897, 0.00104023306631, -0.0026497640647, 0.00259927287698, -0.000738447590265, 0.00321429478936, -0.00417923368514, 0.00518088741228, -0.00407120445743, 0.00350622180849], [-0.000660928024445, 0.00416766386479, -0.0018600866897, 0.0143903503194, -0.00275045633316, 0.00233999732882, -0.00276918616146, 0.00737697351724, -0.0102014644071, 0.00858541112393, -0.00864874292165, 0.00724040530622, -0.00766098638996], [0.001160425134, -0.00293331569992, 0.00104023306631, -0.00275045633316, 0.00845960807055, -0.000940260593779, 0.00116988597438, -0.00480457209051, 0.00453905947506, -0.00431574555114, 0.00313990446739, -0.00398838985711, 0.00345277925953], [-9.68319145613e-05, 0.00676498468965, -0.0026497640647, 0.00233999732882, -0.000940260593779, 0.017351847142, -0.0083739971742, 0.00445926655084, -0.00245404732414, 0.00620407238603, -0.00837418995798, 0.00543927494437, -0.00454013003036], [0.000927778834011, -0.00402669375762, 0.00259927287698, -0.00276918616146, 0.00116988597438, -0.0083739971742, 0.0164893195033, -0.00459211226553, 0.00204926077276, -0.00358500820585, 0.00403990177438, -0.00357048632577, 0.00556404935196], [-0.000593607721385, 0.00530400453135, -0.000738447590265, 0.00737697351724, -0.00480457209051, 0.00445926655084, -0.00459211226553, 0.0188893899322, -0.00903971586376, 0.00234884931706, -0.00394710758701, 0.00323695153929, -0.00480531109497], [0.00149917195085, -0.00464827707037, 0.00321429478936, -0.0102014644071, 0.00453905947506, -0.00245404732414, 0.00204926077276, -0.00903971586376, 0.0264207459986, -0.0145468180999, 0.00554040214047, 0.000438531831605, 0.00183060450945], [-0.00152545410674, 0.00601513078436, -0.00417923368514, 0.00858541112393, -0.00431574555114, 0.00620407238603, -0.00358500820585, 0.00234884931706, -0.0145468180999, 0.0269675515592, -0.00943557545543, 0.00398872187361, -0.00318347592838], [0.000579741026741, -0.0084689501673, 0.00518088741228, -0.00864874292165, 0.00313990446739, -0.00837418995798, 0.00403990177438, -0.00394710758701, 0.00554040214047, -0.00943557545543, 0.0272357482463, -0.0139642124996, 0.00793910678476], [-0.00147183157969, 0.00629853038117, -0.00407120445743, 0.00724040530622, -0.00398838985711, 0.00543927494437, -0.00357048632577, 0.00323695153929, 0.000438531831605, 0.00398872187361, -0.0139642124996, 0.0270118787885, -0.0112494528294], [0.00104602484498, -0.00631696451455, 0.00350622180849, -0.00766098638996, 0.00345277925953, -0.00454013003036, 0.00556404935196, -0.00480531109497, 0.00183060450945, -0.00318347592838, 0.00793910678476, -0.0112494528294, 0.0268675144762]]
    },
    "melbands": {
        "dmean": [0.000744322256651, 0.00183217448648, 0.000656834745314, 0.00054258981254, 0.000140061762067, 6.73507893225e-05, 3.7041176256e-05, 3.6280387576e-05, 6.60866353428e-05, 9.44386338233e-05, 9.34002528084e-05, 2.87611001113e-05, 2.20128022193e-05, 2.8852125979e-05, 1.22970459415e-05, 2.23502411245e-05, 3.47751811205e-05, 2.17252218135e-05, 2.14933079405e-05, 8.79358776729e-06, 1.53353157657e-05, 1.99055830308e-05, 3.03347787849e-05, 2.52628087765e-05, 1.89807124116e-05, 1.91742183233e-05, 1.20191089081e-05, 5.9577760112e-06, 4.20698552261e-06, 3.70607631339e-06, 2.66536608251e-06, 1.92562720258e-06, 1.54063263835e-06, 1.57410568136e-06, 1.16700095987e-06, 1.02983199213e-06, 7.46447597066e-07, 7.48988782107e-07, 5.569664836e-07, 5.79457832828e-07],
        "dmean2": [0.00124234182294, 0.00312009849586, 0.00109891803004, 0.000923617160879, 0.000236689331359, 0.000111692330393, 6.14626405877e-05, 5.7907331211e-05, 0.000107368003228, 0.00015007914044, 0.000148839637404, 4.6475961426e-05, 3.38495847245e-05, 4.596098006e-05, 1.9464729121e-05, 3.56645650754e-05, 5.62030072615e-05, 3.50670125044e-05, 3.52254828613e-05, 1.42919307109e-05, 2.55443810602e-05, 3.32072195306e-05, 5.03136907355e-05, 4.21188524342e-05, 3.16868463415e-05, 3.06534748233e-05, 1.97502158699e-05, 9.69064331002e-06, 6.82018981024e-06, 6.09901462667e-06, 4.21262575401e-06, 3.13301097776e-06, 2.43416184276e-06, 2.52035124504e-06, 1.80610106781e-06, 1.62206185905e-06, 1.16542980777e-06, 1.18505579394e-06, 8.55879420669e-07, 9.09664549908e-07],
        "dvar": [1.14368788218e-06, 4.93606512464e-06, 6.4825667323e-07, 1.18437128549e-06, 7.27386861854e-08, 9.52831591405e-09, 3.5683451749e-09, 4.31774926923e-09, 1.92456628412e-08, 2.54475835959e-08, 2.61826738068e-08, 2.14716688873e-09, 2.41785791388e-09, 3.8241063649e-09, 5.03454611334e-10, 2.08998440776e-09, 3.52392315328e-09, 1.49839940455e-09, 1.02050745632e-09, 2.02428920848e-10, 6.7259875447e-10, 8.36662961134e-10, 1.71286040906e-09, 1.11199882635e-09, 6.27252805252e-10, 6.43671338452e-10, 3.09366643414e-10, 5.78985401289e-11, 3.57958211683e-11, 3.06905507952e-11, 1.92683508038e-11, 9.09616305889e-12, 6.11594021954e-12, 6.03766385845e-12, 3.92492158566e-12, 4.26564686351e-12, 1.69652855132e-12, 2.16311495625e-12, 1.1883641857e-12, 1.22139548909e-12],
        "dvar2": [3.01872910313e-06, 1.41944383358e-05, 1.81276425337e-06, 3.34913738698e-06, 2.07472169222e-07, 2.5449176988e-08, 9.67659286033e-09, 1.06843138781e-08, 4.45061942855e-08, 6.34185681747e-08, 6.18184685663e-08, 5.48523138022e-09, 5.07292030605e-09, 9.16034181841e-09, 1.19009702093e-09, 5.26507015763e-09, 8.79837180889e-09, 3.89966281489e-09, 2.50455078898e-09, 5.00502417289e-10, 2.08514827627e-09, 2.19881646224e-09, 4.53474591211e-09, 3.08358227841e-09, 1.56475465918e-09, 1.51212331545e-09, 8.17870215997e-10, 1.54273177566e-10, 9.5345613349e-11, 8.31613250485e-11, 4.72624613057e-11, 2.31201134626e-11, 1.52126766045e-11, 1.636677599e-11, 9.7778582106e-12, 8.31563377185e-12, 3.47537601995e-12, 5.50356331688e-12, 2.7951200382e-12, 3.26777147008e-12],
        "max": [0.0125435199589, 0.0186578202993, 0.00840753130615, 0.0104780923575, 0.00276635540649, 0.00114450207911, 0.000941556412727, 0.000880662933923, 0.00199275673367, 0.00181970605627, 0.00280166533776, 0.00074191094609, 0.000773823994678, 0.000807340664323, 0.000365240877727, 0.00064285035478, 0.000716934446245, 0.000516159692779, 0.000488416582812, 0.000174123910256, 0.000508158118464, 0.000400727643864, 0.000496710068546, 0.000390062661609, 0.000282756693196, 0.000258270418271, 0.00024780043168, 0.000109441680252, 8.05112867965e-05, 7.28628074285e-05, 7.45435536373e-05, 4.01345896535e-05, 3.15771758324e-05, 3.82588514185e-05, 3.21017978422e-05, 5.8763922425e-05, 3.22344676533e-05, 2.41846173594e-05, 2.33190821746e-05, 1.82707935892e-05],
        "mean": [0.00129018130247, 0.00352593162097, 0.00159056833945, 0.000790480582509, 0.000200238675461, 0.00010385675705, 6.14246964687e-05, 5.67515271541e-05, 9.30159294512e-05, 0.000154121182277, 0.000163084783708, 5.26618168806e-05, 4.04204583901e-05, 4.70583399874e-05, 1.95573884412e-05, 3.70601701434e-05, 5.95119236095e-05, 4.03832200391e-05, 4.31748740084e-05, 1.69146569533e-05, 2.88953342533e-05, 4.26806036558e-05, 6.74842449371e-05, 5.51046832697e-05, 4.24020690843e-05, 4.12156332459e-05, 2.59581993305e-05, 1.36436565299e-05, 1.01268551589e-05, 8.12558209873e-06, 6.10454526395e-06, 4.76610648548e-06, 3.78616164198e-06, 3.88211401514e-06, 2.83583358396e-06, 2.42798955696e-06, 1.74561853328e-06, 1.58153318353e-06, 1.15775594622e-06, 1.16737544431e-06],
        "median": [0.000937879551202, 0.00276122312061, 0.001414867118, 0.000443083350547, 0.000124608937767, 6.30196809652e-05, 3.8596419472e-05, 2.90398729703e-05, 4.18481067754e-05, 7.47677477193e-05, 7.42571864976e-05, 2.38426346186e-05, 1.80514980457e-05, 1.68544283952e-05, 9.25201493374e-06, 1.59199680638e-05, 2.8770937206e-05, 2.19982357521e-05, 2.7060003049e-05, 1.12437019197e-05, 1.95261163753e-05, 3.43054998666e-05, 5.06070828123e-05, 4.14311252825e-05, 3.28365131281e-05, 2.89838353638e-05, 1.94553576875e-05, 1.16554074339e-05, 7.90499052528e-06, 5.13402528668e-06, 3.55209022018e-06, 2.68934809355e-06, 1.96945984499e-06, 1.95967982108e-06, 1.51120968894e-06, 1.19605397231e-06, 9.37081892971e-07, 7.60905038533e-07, 6.0953806269e-07, 5.13808686264e-07],
        "min": [2.09558729694e-05, 0.000115049275337, 5.19377972523e-05, 2.27125728998e-05, 2.11333394873e-06, 1.29094667045e-06, 1.10873145331e-06, 4.34494779711e-07, 5.98624126269e-07, 2.00725048671e-06, 5.90851811921e-07, 2.55772107494e-07, 1.12060959623e-07, 2.05169129686e-07, 9.09347477318e-08, 1.77816758651e-07, 1.85709012612e-07, 1.31033289108e-07, 1.16921739846e-07, 5.82773047597e-08, 8.71098961852e-08, 1.08590057835e-07, 1.44929430235e-07, 8.5814079398e-08, 4.75628638696e-08, 3.48146222962e-08, 3.82955143152e-08, 2.99825373418e-08, 2.6891058269e-08, 2.25926033437e-08, 1.65759406201e-08, 1.08259206044e-08, 5.77953640502e-09, 5.57676038682e-09, 2.81626522103e-09, 2.55320831144e-09, 6.38409811127e-11, 1.11892739518e-09, 6.0502231003e-10, 2.49303234306e-11],
