{
"highlevel": {
    "danceability": {
        "all": {
            "danceable": 0.0923401713371,
            "not_danceable": 0.907659828663
        },
        "probability": 0.907659828663,
        "value": "not_danceable"
    },
    "gender": {
        "all": {
            "female": 0.155457779765,
            "male": 0.844542205334
        },
        "probability": 0.844542205334,
        "value": "male"
    },
    "genre_dortmund": {
        "all": {
            "alternative": 0.174214616418,
            "blues": 0.0770364701748,
            "electronic": 0.108790770173,
            "folkcountry": 0.0787233263254,
            "funksoulrnb": 0.021639034152,
            "jazz": 0.0639513731003,
            "pop": 0.0369231589139,
            "raphiphop": 0.0303665939718,
            "rock": 0.408354669809
        },
        "probability": 0.408354669809,
        "value": "rock"
    },
    "genre_electronic": {
        "all": {
            "ambient": 0.451006650925,
            "dnb": 0.178044304252,
            "house": 0.0581863597035,
            "techno": 0.0141661362723,
            "trance": 0.298596531153
        },
        "probability": 0.451006650925,
        "value": "ambient"
    },
    "genre_rosamerica": {
        "all": {
            "cla": 0.0137165943161,
            "dan": 0.0781282186508,
            "hip": 0.0224480461329,
            "jaz": 0.00946026761085,
            "pop": 0.175466150045,
            "rhy": 0.0385822393,
            "roc": 0.6576410532,
            "spe": 0.00455741398036
        },
        "probability": 0.6576410532,
        "value": "roc"
    },
    "genre_tzanetakis": {
        "all": {
            "blu": 0.0626541376114,
            "cla": 0.0348133966327,
            "cou": 0.0783501937985,
            "dis": 0.104547761381,
            "hip": 0.15693578124,
            "jaz": 0.313987255096,
            "met": 0.044816005975,
            "pop": 0.0627349764109,
            "reg": 0.0627352520823,
            "roc": 0.0784252434969
        },
        "probability": 0.313987255096,
        "value": "jaz"
    },
    "ismir04_rhythm": {
        "all": {
            "ChaChaCha": 0.162884667516,
            "Jive": 0.669444918633,
            "Quickstep": 0.00639175530523,
            "Rumba-American": 0.0132025126368,
            "Rumba-International": 0.0145476041362,
            "Rumba-Misc": 0.00860775448382,
            "Samba": 0.0334745794535,
            "Tango": 0.0226250682026,
            "VienneseWaltz": 0.0625292360783,
            "Waltz": 0.00629187654704
        },
        "probability": 0.669444918633,
        "value": "Jive"
    },
    "mood_acoustic": {
        "all": {
            "acoustic": 0.0244076978415,
            "not_acoustic": 0.975592315197
        },
        "probability": 0.975592315197,
        "value": "not_acoustic"
    },
    "mood_aggressive": {
        "all": {
            "aggressive": 0.130003675818,
            "not_aggressive": 0.86999630928
        },
        "probability": 0.86999630928,
        "value": "not_aggressive"
    },
    "mood_electronic": {
        "all": {
            "electronic": 0.229384437203,
            "not_electronic": 0.770615577698
        },
        "probability": 0.770615577698,
        "value": "not_electronic"
    },
    "mood_happy": {
        "all": {
            "happy": 0.669796764851,
            "not_happy": 0.330203264952
        },
        "probability": 0.669796764851,
        "value": "happy"
    },
    "mood_party": {
        "all": {
            "not_party": 0.341210871935,
            "party": 0.658789098263
        },
        "probability": 0.658789098263,
        "value": "party"
    },
    "mood_relaxed": {
        "all": {
            "not_relaxed": 0.933137655258,
            "relaxed": 0.066862359643
        },
        "probability": 0.933137655258,
        "value": "not_relaxed"
    },
    "mood_sad": {
        "all": {
            "not_sad": 0.820194900036,
            "sad": 0.179805070162
        },
        "probability": 0.820194900036,
        "value": "not_sad"
    },
    "moods_mirex": {
        "all": {
            "Cluster1": 0.0835203155875,
            "Cluster2": 0.0750725269318,
            "Cluster3": 0.0735024884343,
            "Cluster4": 0.114491261542,
            "Cluster5": 0.653413414955
        },
        "probability": 0.653413414955,
        "value": "Cluster5"
    },
    "timbre": {
        "all": {
            "bright": 0.906738638878,
            "dark": 0.093261346221
        },
        "probability": 0.906738638878,
        "value": "bright"
    },
    "tonal_atonal": {
        "all": {
            "atonal": 0.00164437387139,
            "tonal": 0.99835562706
        },
        "probability": 0.99835562706,
        "value": "tonal"
    },
    "voice_instrumental": {
        "all": {
            "instrumental": 0.32252317667,
            "voice": 0.67747682333
        },
        "probability": 0.67747682333,
        "value": "voice"
    }
},
"lowlevel": {
    "average_loudness": 0.982111930847,
    "barkbands_crest": {
        "dmean": 2.85979962349,
        "dmean2": 4.78806591034,
        "dvar": 8.12281608582,
        "dvar2": 22.2158660889,
        "max": 23.0537605286,
        "mean": 9.16143321991,
        "median": 8.17838478088,
        "min": 2.36341238022,
        "var": 16.307718277
    },
    "barkbands_flatness_db": {
        "dmean": 0.0205749720335,
        "dmean2": 0.0337519980967,
        "dvar": 0.000477468915051,
        "dvar2": 0.00127290887758,
        "max": 0.287931144238,
        "mean": 0.127587646246,
        "median": 0.121887661517,
        "min": 0.0424256250262,
        "var": 0.00124939042144
    },
    "barkbands_kurtosis": {
        "dmean": 2.0276761055,
        "dmean2": 3.53184843063,
        "dvar": 19.0650444031,
        "dvar2": 56.9001731873,
        "max": 46.1471290588,
        "mean": 1.15900361538,
        "median": -0.0470156669617,
        "min": -1.76896643639,
        "var": 17.2810916901
    },
    "barkbands_skewness": {
        "dmean": 0.527554988861,
        "dmean2": 0.857819318771,
        "dvar": 0.439992755651,
        "dvar2": 1.22217142582,
        "max": 6.44563484192,
        "mean": 1.0534940958,
        "median": 0.869425296783,
        "min": -1.04096913338,
        "var": 0.840151548386
    },
    "barkbands_spread": {
        "dmean": 5.96233272552,
        "dmean2": 9.46858310699,
        "dvar": 36.3725013733,
        "dvar2": 82.6655502319,
        "max": 85.7540588379,
        "mean": 28.4289417267,
        "median": 27.6144657135,
        "min": 3.92787790298,
        "var": 125.103088379
    },
    "dissonance": {
        "dmean": 0.0148815447465,
        "dmean2": 0.0253704693168,
        "dvar": 0.000204647221835,
        "dvar2": 0.000571407261305,
        "max": 0.499012738466,
        "mean": 0.472052782774,
        "median": 0.477489680052,
        "min": 0.37384775281,
        "var": 0.000395339360693
    },
    "dynamic_complexity": 1.72541058064,
    "erbbands_crest": {
        "dmean": 2.70181035995,
        "dmean2": 4.36434555054,
        "dvar": 6.80540800095,
        "dvar2": 16.3566493988,
        "max": 27.3488731384,
        "mean": 9.38115787506,
        "median": 8.26772975922,
        "min": 2.60902643204,
        "var": 19.7848911285
    },
    "erbbands_flatness_db": {
        "dmean": 0.0161559581757,
        "dmean2": 0.0235805734992,
        "dvar": 0.000211966544157,
        "dvar2": 0.000386492727557,
        "max": 0.257197529078,
        "mean": 0.155344724655,
        "median": 0.153620541096,
        "min": 0.0800359100103,
        "var": 0.000949224748183
    },
    "erbbands_kurtosis": {
        "dmean": 0.597118079662,
        "dmean2": 0.964687287807,
        "dvar": 0.447043448687,
        "dvar2": 1.09885203838,
        "max": 7.27607631683,
        "mean": -0.0107195619494,
        "median": -0.239768743515,
        "min": -1.56283426285,
        "var": 1.05962884426
    },
    "erbbands_skewness": {
        "dmean": 0.281074881554,
        "dmean2": 0.433012247086,
        "dvar": 0.0586141943932,
        "dvar2": 0.126653283834,
        "max": 2.61689400673,
        "mean": -0.115860313177,
        "median": -0.181138545275,
        "min": -1.95367157459,
        "var": 0.35438644886
    },
    "erbbands_spread": {
        "dmean": 6.88399076462,
        "dmean2": 10.8968572617,
        "dvar": 42.5871696472,
        "dvar2": 107.983940125,
        "max": 101.463447571,
        "mean": 37.1155433655,
        "median": 36.0952835083,
        "min": 10.9961090088,
        "var": 131.312683105
    },
    "hfc": {
        "dmean": 6.74084043503,
        "dmean2": 9.64830875397,
        "dvar": 65.0853652954,
        "dvar2": 122.68119812,
        "max": 136.027770996,
        "mean": 25.9521789551,
        "median": 22.8570194244,
        "min": 4.82363700867,
        "var": 226.660095215
    },
    "melbands_crest": {
        "dmean": 3.64820098877,
        "dmean2": 5.90178585052,
        "dvar": 11.6170349121,
        "dvar2": 26.3122310638,
        "max": 33.1959838867,
        "mean": 13.75390625,
        "median": 12.8389081955,
        "min": 3.67198753357,
        "var": 31.9449176788
    },
    "melbands_flatness_db": {
        "dmean": 0.026705801487,
        "dmean2": 0.0424889028072,
        "dvar": 0.000903365667909,
        "dvar2": 0.00223871762864,
        "max": 0.37424993515,
        "mean": 0.161583349109,
        "median": 0.150968551636,
        "min": 0.0343097597361,
        "var": 0.00308860954829
    },
    "melbands_kurtosis": {
        "dmean": 5.84772634506,
        "dmean2": 10.1645946503,
        "dvar": 144.966140747,
        "dvar2": 431.619567871,
        "max": 130.145217896,
        "mean": 7.35129356384,
        "median": 3.70637750626,
        "min": -1.41657626629,
        "var": 136.314025879
    },
    "melbands_skewness": {
        "dmean": 0.745382726192,
        "dmean2": 1.226801157,
        "dvar": 0.961035847664,
        "dvar2": 2.70593833923,
        "max": 9.86822509766,
        "mean": 2.18286085129,
        "median": 1.85733783245,
        "min": -0.156948566437,
        "var": 1.74101877213
    },
    "melbands_spread": {
        "dmean": 8.6984796524,
        "dmean2": 13.5383377075,
        "dvar": 77.3240509033,
        "dvar2": 159.433670044,
        "max": 122.343597412,
        "mean": 33.0555381775,
        "median": 30.5493049622,
        "min": 2.28235888481,
        "var": 298.872192383
    },
    "pitch_salience": {
        "dmean": 0.0715144723654,
        "dmean2": 0.118537910283,
        "dvar": 0.0045468150638,
        "dvar2": 0.0115161221474,
        "max": 0.823193967342,
        "mean": 0.539151549339,
        "median": 0.554458260536,
        "min": 0.167950928211,
        "var": 0.011464045383
    },
    "silence_rate_20dB": {
        "dmean": 0,
        "dmean2": 0,
        "dvar": 0,
        "dvar2": 0,
        "max": 1,
        "mean": 1,
        "median": 1,
        "min": 1,
        "var": 0
    },
    "silence_rate_30dB": {
        "dmean": 0.0201238393784,
        "dmean2": 0.0402788519859,
        "dvar": 0.0197186470032,
        "dvar2": 0.0556980185211,
        "max": 1,
        "mean": 0.988399088383,
        "median": 1,
        "min": 0,
        "var": 0.0114662582055
    },
    "silence_rate_60dB": {
        "dmean": 0,
        "dmean2": 0,
        "dvar": 0,
        "dvar2": 0,
        "max": 0,
        "mean": 0,
        "median": 0,
        "min": 0,
        "var": 0
    },
    "spectral_centroid": {
        "dmean": 261.372375488,
        "dmean2": 386.85760498,
        "dvar": 61786.1132812,
        "dvar2": 125316.476562,
        "max": 3534.10498047,
        "mean": 1756.9095459,
        "median": 1722.3013916,
        "min": 493.603088379,
        "var": 337346.8125
    },
    "spectral_complexity": {
        "dmean": 3.25077390671,
        "dmean2": 5.14484882355,
        "dvar": 8.60119628906,
        "dvar2": 18.5080013275,
        "max": 47,
        "mean": 23.906419754,
        "median": 23,
        "min": 8,
        "var": 32.6679573059
    },
    "spectral_decrease": {
        "dmean": 3.43529982239e-09,
        "dmean2": 5.85758241911e-09,
        "dvar": 3.86836969161e-17,
        "dvar2": 1.08621639036e-16,
        "max": -1.05942143946e-09,
        "mean": -7.52278417337e-09,
        "median": -5.69644242887e-09,
        "min": -4.78454253994e-08,
        "var": 4.33440556483e-17
    },
    "spectral_energy": {
        "dmean": 0.0133655359969,
        "dmean2": 0.0226330310106,
        "dvar": 0.000555114413146,
        "dvar2": 0.00155692221597,
        "max": 0.18310007453,
        "mean": 0.0307466574013,
        "median": 0.024392625317,
        "min": 0.00463980995119,
        "var": 0.000636979879346
    },
    "spectral_energyband_high": {
        "dmean": 0.000487401150167,
        "dmean2": 0.000702685501892,
        "dvar": 6.94434447723e-07,
        "dvar2": 1.26219640606e-06,
        "max": 0.0166146978736,
        "mean": 0.00114671338815,
        "median": 0.000769719481468,
        "min": 9.29235466174e-06,
        "var": 1.80109714165e-06
    },
    "spectral_energyband_low": {
        "dmean": 0.0102397473529,
        "dmean2": 0.0180155113339,
        "dvar": 0.000583525688853,
        "dvar2": 0.00167228735518,
        "max": 0.167287930846,
        "mean": 0.0123381754383,
        "median": 0.00415035150945,
        "min": 3.43432075169e-05,
        "var": 0.000562304048799
    },
    "spectral_energyband_middle_high": {
        "dmean": 0.00212893867865,
        "dmean2": 0.00325711397454,
        "dvar": 6.82311338096e-06,
        "dvar2": 1.591581713e-05,
        "max": 0.0309411827475,
        "mean": 0.00705970078707,
        "median": 0.00539975240827,
        "min": 0.00101528968662,
        "var": 2.17720953515e-05
    },
    "spectral_energyband_middle_low": {
        "dmean": 0.00387350702658,
        "dmean2": 0.00630860216916,
        "dvar": 4.30072068411e-05,
        "dvar2": 0.00011262280168,
        "max": 0.0682405233383,
        "mean": 0.0109245683998,
        "median": 0.00885685905814,
        "min": 0.00113800377585,
        "var": 6.79337972542e-05
    },
    "spectral_entropy": {
        "dmean": 0.114013567567,
        "dmean2": 0.166917204857,
        "dvar": 0.0115572968498,
        "dvar2": 0.020689111203,
        "max": 8.47162342072,
        "mean": 7.66109037399,
        "median": 7.67686748505,
        "min": 6.85283613205,
        "var": 0.0712544023991
    },
    "spectral_flux": {
        "dmean": 0.031798671931,
        "dmean2": 0.0509379468858,
        "dvar": 0.00186126516201,
        "dvar2": 0.00395199470222,
        "max": 0.356002599001,
        "mean": 0.0957098081708,
        "median": 0.0790311768651,
        "min": 0.0306507125497,
        "var": 0.00309938145801
    },
    "spectral_kurtosis": {
        "dmean": 1.17379689217,
        "dmean2": 1.98782658577,
        "dvar": 1.48230826855,
        "dvar2": 4.49234724045,
        "max": 19.3932762146,
        "mean": 3.58342814445,
        "median": 3.3695731163,
        "min": -0.293875694275,
        "var": 3.56162834167
    },
    "spectral_rms": {
        "dmean": 0.000993002671748,
        "dmean2": 0.00160562153906,
        "dvar": 1.85374915418e-06,
        "dvar2": 4.84614065499e-06,
        "max": 0.0133654111996,
        "mean": 0.00516332220286,
        "median": 0.00487828673795,
        "min": 0.00212759105489,
        "var": 3.33686148224e-06
    },
    "spectral_rolloff": {
        "dmean": 584.897277832,
        "dmean2": 968.578308105,
        "dvar": 653171,
        "dvar2": 1333886,
        "max": 9733.0078125,
        "mean": 2016.95532227,
        "median": 1981.0546875,
        "min": 64.599609375,
        "var": 1731377.75
    },
    "spectral_skewness": {
        "dmean": 0.175971999764,
        "dmean2": 0.289331883192,
        "dvar": 0.023804789409,
        "dvar2": 0.0595349445939,
        "max": 3.9128215313,
        "mean": 1.3148124218,
        "median": 1.30441451073,
        "min": 0.476259559393,
        "var": 0.102779746056
    },
    "spectral_spread": {
        "dmean": 453385.71875,
        "dmean2": 631049.0625,
        "dvar": 316610052096,
        "dvar2": 547210297344,
        "max": 9146727,
        "mean": 4227770.5,
        "median": 4071518,
        "min": 1735112.625,
        "var": 1.07415535616e+12
    },
    "spectral_strongpeak": {
        "dmean": 0.802971124649,
        "dmean2": 1.35888576508,
        "dvar": 2.1893992424,
        "dvar2": 5.31414222717,
        "max": 15.0617218018,
        "mean": 1.26301467419,
        "median": 0.539322257042,
        "min": 0.0331901162863,
        "var": 3.27540159225
    },
    "zerocrossingrate": {
        "dmean": 0.0110297901556,
        "dmean2": 0.0123261706904,
        "dvar": 0.000118429481518,
        "dvar2": 0.000139466850669,
        "max": 0.2216796875,
        "mean": 0.0737535059452,
        "median": 0.07177734375,
        "min": 0.01318359375,
        "var": 0.00092353328364
    },
    "barkbands": {
        "dmean": [0.000756590336096, 0.00838335696608, 0.0019926824607, 0.000886261637788, 0.00177092745434, 0.00101581087802, 0.000335776072461, 0.000504553085193, 0.00137830839958, 0.000391333276639, 0.000468906917376, 0.0002721878991, 0.000560045824386, 0.000384752493119, 0.000552100944333, 0.000420080352342, 0.000227300843108, 0.000126781116705, 0.00020604209567, 0.000515323830768, 0.000125306498376, 9.18547739275e-05, 9.11785027711e-05, 6.53841416351e-05, 5.52378332941e-05, 2.25376534218e-05, 9.07382702309e-09],
        "dmean2": [0.00109634781256, 0.014953465201, 0.00348113989457, 0.00153455510736, 0.00309414020739, 0.00168821797706, 0.000569555966649, 0.000817986787297, 0.00202016625553, 0.000616392993834, 0.000715372269042, 0.000438693969045, 0.000904577085748, 0.000609095732216, 0.000848115829285, 0.000692963949405, 0.000375165807782, 0.00021210439445, 0.000324490421917, 0.000739792885724, 0.000201267292141, 0.000138583243825, 0.000142235279782, 9.69963875832e-05, 7.86560412962e-05, 3.26047047565e-05, 1.60879718436e-08],
        "dvar": [3.84372788176e-06, 0.000434488785686, 1.91241360881e-05, 2.01930674848e-06, 1.44736841321e-05, 2.58615250459e-06, 7.56418103265e-07, 1.66500058185e-06, 6.30635076959e-06, 7.89290652392e-07, 1.37706479109e-06, 7.56687995818e-07, 1.52686880028e-06, 7.61961075568e-07, 1.0431803048e-06, 4.20426232495e-07, 1.83516348784e-07, 2.03329602044e-08, 1.92001351706e-07, 1.10348719318e-06, 5.19248501973e-08, 2.18206857028e-08, 1.10077117199e-07, 2.75518772241e-08, 2.14199840087e-08, 2.11689155094e-09, 2.61875757522e-15],
        "dvar2": [7.50677372707e-06, 0.0012567085214, 5.48997340957e-05, 5.72633280171e-06, 4.22623379563e-05, 6.53169354337e-06, 1.97949702851e-06, 3.8652033254e-06, 1.26428822114e-05, 1.69911106696e-06, 3.23248787026e-06, 1.81405653166e-06, 3.81241147807e-06, 1.75377135747e-06, 2.08210281016e-06, 1.09681741378e-06, 4.81432095967e-07, 5.36726432188e-08, 4.34927926563e-07, 2.10591201721e-06, 1.13422473191e-07, 4.51449615468e-08, 2.16122728602e-07, 6.32450110061e-08, 4.3135944594e-08, 4.47933290459e-09, 6.22093946045e-15],
        "max": [0.0260956864804, 0.150018021464, 0.0401863083243, 0.0170663148165, 0.0351100452244, 0.0212979782373, 0.00889623723924, 0.0182816237211, 0.0479036420584, 0.0193747561425, 0.0222765915096, 0.0128470985219, 0.0158106386662, 0.015150051564, 0.017511293292, 0.00981776043773, 0.00789362285286, 0.00220076506957, 0.0083986511454, 0.0155187100172, 0.00434170849621, 0.00306336418726, 0.0101495524868, 0.00241621769965, 0.00229694391601, 0.000565366994124, 9.18987950627e-07],
        "mean": [0.000834188424051, 0.00788850430399, 0.003076096531, 0.00119640131015, 0.00340330414474, 0.00177495914977, 0.000483838055516, 0.00087909254944, 0.00290872831829, 0.000793682294898, 0.00077438732842, 0.000383983482607, 0.000847142888233, 0.000604148255661, 0.00113945023622, 0.000797481567133, 0.000461158226244, 0.000302843516693, 0.000417986855609, 0.000908120535314, 0.000258086365648, 0.000204550466151, 0.000174362256075, 0.000113533606054, 9.14769771043e-05, 2.91433025268e-05, 6.11991524124e-09],
        "median": [4.63267751911e-05, 0.00125076645054, 0.00106541754212, 0.000694456684869, 0.00245954398997, 0.000958518474363, 0.000225473835599, 0.000302368978737, 0.000911730458029, 0.00032911755261, 0.000357501790859, 8.79288563738e-05, 0.00042440474499, 0.000290286261588, 0.000763654941693, 0.000569065334275, 0.000366790482076, 0.000259373133304, 0.00021049012139, 0.000260362605331, 0.000157119633514, 0.000132189146825, 8.33811718621e-05, 5.42683010281e-05, 3.33852367476e-05, 7.74558793637e-06, 4.74560613029e-10],
        "min": [7.79968374331e-08, 1.42281869557e-05, 4.94025744047e-06, 2.0672078449e-07, 0.000149213563418, 2.03216750378e-05, 8.04802402854e-06, 7.46352907299e-06, 1.39442636282e-05, 1.11077561087e-05, 1.52674801939e-05, 8.98753842193e-06, 2.78683291981e-05, 1.52849934238e-05, 5.09919445904e-05, 6.2913975853e-05, 4.21354670834e-05, 3.23459753417e-05, 1.18009384096e-05, 5.11075495524e-06, 3.16063437822e-06, 1.82529527137e-06, 5.70813256218e-07, 1.03560225284e-07, 9.04678572056e-08, 2.1591416155e-10, 8.8316992608e-12],
        "var": [5.41589133718e-06, 0.000367777334759, 2.13008752326e-05, 2.2102492494e-06, 1.39244539241e-05, 5.18681417816e-06, 8.1008994357e-07, 3.58118245458e-06, 2.44896746153e-05, 2.83686790681e-06, 2.10819439417e-06, 1.20639936085e-06, 1.93389701053e-06, 1.19803269172e-06, 2.24743507715e-06, 7.36358629183e-07, 2.07892597359e-07, 4.00922068877e-08, 5.07490085511e-07, 2.66900656243e-06, 1.12025063004e-07, 5.25249141958e-08, 2.07829373267e-07, 5.07705451014e-08, 5.08085200579e-08, 3.13606496327e-09, 1.78383148164e-15]
    },
    "erbbands": {
        "dmean": [0.289888113737, 1.76020038128, 2.72762799263, 2.22076463699, 5.41915130615, 5.75668287277, 5.32275009155, 10.0689659119, 5.36656236649, 6.45909690857, 14.1935214996, 37.594367981, 12.1416120529, 12.9254484177, 18.9536113739, 12.3280544281, 25.6861095428, 14.3762788773, 28.526348114, 27.1985836029, 15.1936588287, 9.90479660034, 7.29619836807, 5.56727981567, 16.6680603027, 24.7367534637, 6.65714025497, 4.39691162109, 3.77274775505, 2.58792614937, 2.62112164497, 1.29110360146, 1.26816415787, 0.848634779453, 0.260106474161, 0.124247148633, 0.0410473421216, 0.00315994303674, 6.38732017251e-05, 1.71064639289e-05],
        "dmean2": [0.522623836994, 3.11130666733, 4.88318300247, 3.80722427368, 9.64369392395, 9.89675045013, 8.83097362518, 16.7405891418, 9.08941936493, 11.0333404541, 22.7989368439, 54.9985122681, 18.756313324, 20.0049705505, 29.3079681396, 19.9310150146, 40.9845046997, 22.7868251801, 44.319278717, 42.8874588013, 24.9919166565, 16.3883495331, 12.3111448288, 9.08920288086, 24.8992118835, 35.7690238953, 10.0358457565, 7.01743268967, 5.78864622116, 3.92198872566, 4.03995418549, 1.96066880226, 1.89537751675, 1.24177050591, 0.37668171525, 0.180414527655, 0.0607397072017, 0.00491876481101, 9.62782214629e-05, 2.76051287074e-05],
        "dvar": [0.531586170197, 20.9014015198, 45.4085159302, 11.7943820953, 194.847869873, 102.774635315, 61.0824356079, 283.342224121, 172.571975708, 128.331192017, 1261.00939941, 4658.22607422, 360.912841797, 1294.47924805, 3190.64453125, 1443.41796875, 3096.43920898, 873.071594238, 3590.60839844, 1848.6472168, 708.746643066, 249.440444946, 68.8759536743, 43.7234687805, 1050.76550293, 2758.74755859, 157.69178772, 42.0174827576, 40.2479362488, 65.0537872314, 89.6046066284, 10.2591590881, 11.9607276917, 6.4964594841, 0.345359414816, 0.0651032030582, 0.00726359337568, 4.58373251604e-05, 1.54416479603e-08, 6.80228318117e-10],
        "dvar2": [1.48209643364, 60.4134712219, 132.21836853, 32.9884185791, 560.029907227, 300.401916504, 156.171875, 718.930236816, 457.368865967, 325.536651611, 2983.77807617, 9135.83300781, 754.533691406, 2814.52319336, 7574.75732422, 3441.76269531, 7618.43359375, 2077.27319336, 7591.18652344, 4790.375, 1778.5925293, 627.34588623, 173.03767395, 103.604560852, 2274.1184082, 4832.02050781, 333.114013672, 98.6364593506, 86.3200454712, 127.950790405, 185.205688477, 21.6812000275, 26.4849281311, 13.1713247299, 0.726734995842, 0.138391211629, 0.0154318027198, 0.000105566105049, 3.44718102951e-08, 1.87025306353e-09],
        "max": [6.57503080368, 32.467048645, 54.3200073242, 30.4902763367, 129.468505859, 110.450836182, 91.8328857422, 252.79498291, 182.297836304, 150.798202515, 501.288665771, 1441.47424316, 288.332092285, 832.180908203, 1074.61035156, 567.442199707, 821.531494141, 422.38104248, 1110.36486816, 987.599487305, 404.456542969, 290.027801514, 125.629890442, 107.049354553, 561.743286133, 684.139038086, 248.126525879, 81.6532211304, 101.406173706, 274.195159912, 289.152374268, 70.6643829346, 58.4981651306, 44.9244422913, 12.0613927841, 2.91390299797, 1.00761854649, 0.079983972013, 0.00142471445724, 0.000210799407796],
        "mean": [0.286710619926, 1.54258000851, 3.59119915962, 3.79714035988, 7.73700332642, 12.0166397095, 10.5236644745, 16.4072704315, 8.79794597626, 10.4514522552, 28.5314464569, 79.641746521, 25.777141571, 27.2186203003, 31.5114650726, 20.5856647491, 40.8328323364, 23.5764942169, 52.135761261, 65.5456161499, 33.5493507385, 23.1107788086, 18.9618110657, 14.5660600662, 33.8403587341, 44.4872131348, 13.6400318146, 9.37685680389, 8.17225837708, 5.31305170059, 4.71931791306, 2.31792259216, 2.1549680233, 1.41984188557, 0.394337922335, 0.16431991756, 0.0513013526797, 0.00363299436867, 9.33269184316e-05, 4.23471756221e-05],
        "median": [0.0285292826593, 0.297529608011, 1.15063095093, 3.00643134117, 4.99114704132, 8.63810348511, 7.27015161514, 8.18536281586, 3.72833585739, 6.02600240707, 9.16471099854, 25.7585906982, 15.8170776367, 7.78715229034, 14.9017238617, 7.23122787476, 21.5417785645, 12.6793050766, 25.7831764221, 51.719543457, 24.0692062378, 18.4409885406, 16.8123130798, 11.3566083908, 13.782866478, 13.5526151657, 7.74096012115, 6.39649772644, 5.2722492218, 2.8581943512, 2.06098222733, 1.24873590469, 0.833689808846, 0.483418643475, 0.154121503234, 0.0470657609403, 0.0126177882776, 0.000794104067609, 4.04781058023e-05, 3.53719369741e-05],
        "min": [0.000338781275786, 0.00300631881692, 0.0119540961459, 0.0249313358217, 0.119372695684, 0.351186007261, 0.136585459113, 0.187508031726, 0.218103185296, 0.445513546467, 0.714518427849, 0.331252008677, 1.04704737663, 0.572259783745, 0.801141381264, 0.671201407909, 1.5159509182, 1.47192597389, 2.75328803062, 5.35134220123, 3.06183028221, 3.45711612701, 2.83657598495, 1.16677045822, 0.302588433027, 0.280631691217, 0.158145651221, 0.121767342091, 0.081090465188, 0.0337279476225, 0.0116063281894, 0.00313961994834, 0.00137140857987, 0.000990640721284, 0.00054800871294, 9.85671358649e-05, 1.43952338476e-05, 2.92770528176e-06, 3.75247805096e-06, 6.19600041318e-06],
        "var": [0.505733668804, 15.5680160522, 38.2664070129, 16.1745090485, 150.503631592, 137.900604248, 116.034065247, 516.452453613, 328.101654053, 216.065200806, 2854.58032227, 18850.8066406, 1025.09179688, 4971.0625, 4322.32617188, 2391.83666992, 4115.1171875, 1185.1105957, 7745.10693359, 4112.58935547, 1270.54760742, 379.713745117, 124.251785278, 123.856483459, 3277.04174805, 6545.61230469, 398.387939453, 93.587638855, 86.8500671387, 133.896881104, 153.792053223, 18.7353210449, 23.8367214203, 14.9163265228, 0.663388729095, 0.098296739161, 0.010404355824, 5.70138654439e-05, 2.12704946989e-08, 9.01966390465e-10]
    },
    "gfcc": {
        "mean": [29.4294223785, 87.1552734375, -135.400268555, 42.5214767456, -58.9062614441, 16.6127605438, -41.7475509644, 8.67587757111, -23.567401886, 1.87493443489, -22.1748466492, -5.29203510284, -4.23177480698],
        "cov": [[1059.21948242, -515.682739258, 238.458297729, -26.2709407806, -143.904098511, 120.70287323, 23.770154953, 104.909851074, -154.589355469, 116.427474976, -67.8264541626, -33.7555732727, -73.1801528931], [-515.682739258, 844.390197754, -56.350528717, 136.704605103, 210.36289978, 9.53035354614, 181.435073853, -10.6041069031, 229.656463623, -105.951972961, 119.680679321, -74.8947906494, 32.2285232544], [238.458297729, -56.350528717, 421.327484131, 62.8911819458, 146.840927124, 119.455871582, 6.3368563652, 115.727424622, 38.4541702271, 57.8651542664, -41.2915725708, 44.6490249634, -65.0207214355], [-26.2709407806, 136.704605103, 62.8911819458, 350.967346191, 91.4859390259, 119.021621704, 71.6728820801, 18.8729248047, 138.948196411, -35.1535758972, 55.0740013123, -73.659942627, 19.7546977997], [-143.904098511, 210.36289978, 146.840927124, 91.4859390259, 271.598419189, 60.3221435547, 71.5403594971, 46.471786499, 90.2841567993, 39.4138526917, 12.0820598602, -0.413069248199, 5.60722494125], [120.70287323, 9.53035354614, 119.455871582, 119.021621704, 60.3221435547, 180.576583862, 76.2988586426, 67.4299926758, 57.8167495728, -5.29170513153, 29.5967845917, -27.5542736053, -15.6393404007], [23.770154953, 181.435073853, 6.3368563652, 71.6728820801, 71.5403594971, 76.2988586426, 229.969985962, 80.270980835, 57.1331520081, 8.15478134155, 32.2681503296, -68.3450164795, -18.4602928162], [104.909851074, -10.6041069031, 115.727424622, 18.8729248047, 46.471786499, 67.4299926758, 80.270980835, 140.597015381, 36.4621772766, 29.954990387, -6.20442724228, -32.0196838379, -17.4768409729], [-154.589355469, 229.656463623, 38.4541702271, 138.948196411, 90.2841567993, 57.8167495728, 57.1331520081, 36.4621772766, 189.039764404, -15.9277067184, 30.5700759888, -24.9937076569, 2.53291034698], [116.427474976, -105.951972961, 57.8651542664, -35.1535758972, 39.4138526917, -5.29170513153, 8.15478134155, 29.954990387, -15.9277067184, 114.01688385, -11.5682640076, 6.68229007721, -5.47668266296], [-67.8264541626, 119.680679321, -41.2915725708, 55.0740013123, 12.0820598602, 29.5967845917, 32.2681503296, -6.20442724228, 30.5700759888, -11.5682640076, 106.89364624, -7.27264690399, 23.4769363403], [-33.7555732727, -74.8947906494, 44.6490249634, -73.659942627, -0.413069248199, -27.5542736053, -68.3450164795, -32.0196838379, -24.9937076569, 6.68229007721, -7.27264690399, 129.196762085, -0.515087842941], [-73.1801528931, 32.2285232544, -65.0207214355, 19.7546977997, 5.60722494125, -15.6393404007, -18.4602928162, -17.4768409729, 2.53291034698, -5.47668266296, 23.4769363403, -0.515087842941, 86.9405212402]],
        "icov": [[0.00250165560283, 0.000666729407385, -0.00187093147542, -0.000153743108967, 0.00215349206701, -0.00113614543807, -0.00107181328349, 0.000517757493071, 0.00126202625688, -0.00177606230136, 0.000191818704479, 0.00127108336892, -0.000165416131495], [0.000666729407385, 0.00621630437672, -0.00252810190432, 0.003055393463, -0.00312534929253, 0.00365608348511, -0.00451975921169, 0.00422832043841, -0.00590484729037, 0.00611990876496, -0.00515695242211, 0.00406463863328, -0.0016043970827], [-0.00187093147542, -0.00252810190432, 0.00908786524087, -0.00270750885829, -0.00322189508006, -0.00315527827479, 0.00491278525442, -0.00681602908298, 0.00245544314384, -0.00221635121852, 0.00350939668715, -0.00560559844598, 0.00489530991763], [-0.000153743108967, 0.003055393463, -0.00270750885829, 0.00793363247067, -0.00208199582994, -0.000231470519793, -0.0024916396942, 0.00512474775314, -0.00651798769832, 0.00459322007373, -0.00393567187712, 0.00535428058356, -0.00292210956104], [0.00215349206701, -0.00312534929253, -0.00322189508006, -0.00208199582994, 0.010620106943, -0.00287879793905, -0.000660711550154, -0.000147114653373, 0.0025021948386, -0.00715624168515, 0.00329198408872, -0.00125617231242, -0.00175804540049], [-0.00113614543807, 0.00365608348511, -0.00315527827479, -0.000231470519793, -0.00287879793905, 0.0137567808852, -0.00414510443807, 0.000356879638275, -0.00442257197574, 0.00655870186165, -0.00587217090651, 0.0020736316219, -0.000626892840955], [-0.00107181328349, -0.00451975921169, 0.00491278525442, -0.0024916396942, -0.000660711550154, -0.00414510443807, 0.0116217285395, -0.00756096467376, 0.0040186024271, -0.00409753154963, 0.00220239534974, -0.00150026741903, 0.00427951244637], [0.000517757493071, 0.00422832043841, -0.00681602908298, 0.00512474775314, -0.000147114653373, 0.000356879638275, -0.00756096467376, 0.0183356422931, -0.00675591826439, 0.00239803572185, -0.00285917147994, 0.00687571102753, -0.00407881801948], [0.00126202625688, -0.00590484729037, 0.00245544314384, -0.00651798769832, 0.0025021948386, -0.00442257197574, 0.0040186024271, -0.00675591826439, 0.0160859916359, -0.00648058950901, 0.00481561385095, -0.00441200053319, 0.00290343770757], [-0.00177606230136, 0.00611990876496, -0.00221635121852, 0.00459322007373, -0.00715624168515, 0.00655870186165, -0.00409753154963, 0.00239803572185, -0.00648058950901, 0.0194066893309, -0.0061659780331, 0.00365804508328, -0.00211344682612], [0.000191818704479, -0.00515695242211, 0.00350939668715, -0.00393567187712, 0.00329198408872, -0.00587217090651, 0.00220239534974, -0.00285917147994, 0.00481561385095, -0.0061659780331, 0.0168705433607, -0.00498482305557, -0.00089764065342], [0.00127108336892, 0.00406463863328, -0.00560559844598, 0.00535428058356, -0.00125617231242, 0.0020736316219, -0.00150026741903, 0.00687571102753, -0.00441200053319, 0.00365804508328, -0.00498482305557, 0.0154336262494, -0.00253161694854], [-0.000165416131495, -0.0016043970827, 0.00489530991763, -0.00292210956104, -0.00175804540049, -0.000626892840955, 0.00427951244637, -0.00407881801948, 0.00290343770757, -0.00211344682612, -0.00089764065342, -0.00253161694854, 0.0163817163557]]
    },
    "melbands": {
        "dmean": [0.00241388985887, 0.00171149463858, 0.000459128728835, 0.000419451360358, 0.000196526365471, 0.000213998457184, 7.74411528255e-05, 7.52137639211e-05, 0.000144947276567, 0.000223599054152, 5.68966170249e-05, 5.26453768543e-05, 6.14350428805e-05, 3.38321078743e-05, 5.03542578372e-05, 5.10978679813e-05, 2.73932437267e-05, 5.06897777086e-05, 3.52509850927e-05, 4.18614436057e-05, 1.50374080476e-05, 1.21963885249e-05, 1.03832771856e-05, 6.34365824226e-06, 4.73654426969e-06, 8.65530546434e-06, 2.18314507947e-05, 1.56459354912e-05, 4.70711211165e-06, 3.09251072395e-06, 2.7319633773e-06, 2.67234713647e-06, 1.44186833495e-06, 1.71156079887e-06, 1.71540443716e-06, 1.15842260584e-06, 8.02722752269e-07, 9.34436059197e-07, 9.21337345972e-07, 6.84780104621e-07],
        "dmean2": [0.004324991256, 0.0030732746236, 0.000794403953478, 0.000737554917578, 0.000328902504407, 0.000355975906132, 0.000129788561026, 0.000126667539007, 0.000229269120609, 0.00032518649823, 8.9232751634e-05, 8.18834014353e-05, 9.48743690969e-05, 5.58676838409e-05, 8.01492278697e-05, 8.22469082777e-05, 4.36697519035e-05, 7.85009251558e-05, 5.53270983801e-05, 6.83016041876e-05, 2.46000454354e-05, 2.02657156478e-05, 1.74570504896e-05, 1.0547320926e-05, 7.91077945905e-06, 1.36891721922e-05, 3.19700448017e-05, 2.28649005294e-05, 7.14548195901e-06, 5.06842252435e-06, 4.38351480625e-06, 4.12563031205e-06, 2.16555554289e-06, 2.66795154857e-06, 2.70939312941e-06, 1.79484277396e-06, 1.26406939671e-06, 1.4089691831e-06, 1.37079985052e-06, 1.01798070773e-06],
        "dvar": [3.5637007386e-05, 1.93696341739e-05, 5.99585632699e-07, 9.65269009612e-07, 6.85839154357e-08, 1.21664982089e-07, 3.78421667335e-08, 1.61607633942e-08, 1.00580543005e-07, 1.73539731918e-07, 8.95932217304e-09, 2.30487540165e-08, 2.63144297463e-08, 9.82232428726e-09, 1.87601507662e-08, 1.59820121581e-08, 3.50053674936e-09, 1.13362155219e-08, 4.08589251322e-09, 3.7272847031e-09, 9.7764962792e-10, 5.78856518274e-10, 1.365332708e-10, 4.68881149185e-11, 3.5591689318e-11, 3.03063824036e-10, 1.97236960098e-09, 1.26901533726e-09, 8.63206173207e-11, 2.40800053508e-11, 1.82414673644e-11, 2.1274688608e-11, 7.29296137369e-12, 3.4360951584e-11, 4.1952552543e-11, 9.25322318768e-12, 4.47237732959e-12, 5.56400932272e-12, 8.67349247979e-12, 4.00358132063e-12],
        "dvar2": [0.000100877332443, 5.62446075492e-05, 1.66684469605e-06, 2.78410880128e-06, 1.84752778409e-07, 3.09633520601e-07, 9.90382034161e-08, 4.00218063135e-08, 2.37189155428e-07, 3.32947536208e-07, 1.8718827377e-08, 5.00845089846e-08, 6.18185111989e-08, 2.32788668342e-08, 4.55207498362e-08, 3.99414723518e-08, 8.20482792818e-09, 2.50497329546e-08, 8.92392204577e-09, 9.84644898949e-09, 2.29866725654e-09, 1.49048973164e-09, 3.33756688953e-10, 1.26183771765e-10, 8.74531905226e-11, 6.83937517731e-10, 4.11164968739e-09, 2.27243845963e-09, 1.80293571739e-10, 5.69687630403e-11, 4.3355461582e-11, 5.0590517886e-11, 1.49862275367e-11, 7.11855088764e-11, 9.05963776221e-11, 1.9138824206e-11, 1.10206392623e-11, 1.23234955227e-11, 1.89994894817e-11, 8.02969669922e-12],
        "max": [0.0444815680385, 0.0322942584753, 0.00854016840458, 0.00912885554135, 0.00288206874393, 0.00495276367292, 0.00246303086169, 0.001830528141, 0.00472150417045, 0.00950608681887, 0.00150793441571, 0.00336948246695, 0.00314095546491, 0.00131470512133, 0.00305599323474, 0.00213509262539, 0.000888452574145, 0.00177270220593, 0.00122341967653, 0.00102347251959, 0.000545445538592, 0.000455831323052, 0.000139635711093, 8.49959251354e-05, 9.54712522798e-05, 0.000281656975858, 0.000665860192385, 0.000485471508, 0.000218896064325, 6.1793034547e-05, 5.3132778703e-05, 6.86951243551e-05, 8.3905273641e-05, 0.000190258346265, 0.000194272128283, 8.12031939859e-05, 3.45343105437e-05, 3.37723067787e-05, 6.40830257908e-05, 3.46321248799e-05],
        "mean": [0.00237696198747, 0.00194690085482, 0.000753094849642, 0.000790075282566, 0.0004104100517, 0.000358382734703, 0.000123087083921, 0.000119886033644, 0.00029410677962, 0.000470004160888, 0.000109469729068, 0.000105721155705, 0.000104227699921, 5.1629038353e-05, 7.92758000898e-05, 7.45634824852e-05, 4.09556560044e-05, 8.72643504408e-05, 7.45482320781e-05, 8.64502508193e-05, 3.07403352053e-05, 2.51426790783e-05, 2.12485538214e-05, 1.44465648191e-05, 1.06172519736e-05, 1.64373996085e-05, 3.90031091229e-05, 2.60011602222e-05, 8.3455179265e-06, 5.80432288189e-06, 5.31835121365e-06, 5.27604788658e-06, 2.81419193016e-06, 3.07121445076e-06, 2.88835485662e-06, 1.93868459064e-06, 1.24400457935e-06, 1.51333495069e-06, 1.48025333147e-06, 1.10258099539e-06],
        "median": [0.0003151523415, 0.000657095806673, 0.000576099730097, 0.000490510952659, 0.000310608913423, 0.000185454657185, 5.19575041835e-05, 6.43714738544e-05, 8.50898359204e-05, 0.000143675977597, 6.26857654424e-05, 2.51365872828e-05, 5.12042643095e-05, 1.81649575097e-05, 3.39616708516e-05, 3.52158203896e-05, 2.01627281058e-05, 3.8009180571e-05, 5.44423674e-05, 6.65380575811e-05, 2.12633294723e-05, 1.79239941644e-05, 1.73841872311e-05, 1.19434062071e-05, 7.93629078544e-06, 7.26609596313e-06, 1.01472123788e-05, 7.7891836554e-06, 4.21543245466e-06, 3.35552658726e-06, 3.50363461621e-06, 3.24696907228e-06, 1.70307453118e-06, 1.48442438785e-06, 1.10913651952e-06, 9.01623138816e-07, 6.02544048434e-07, 6.02688714935e-07, 4.92765309446e-07, 3.50253145598e-07],
        "min": [3.96632549382e-06, 3.82240250474e-06, 5.14743578606e-06, 3.00679821521e-05, 3.67638722309e-06, 3.55306701749e-06, 2.49204686043e-06, 3.5323123484e-06, 4.17258797825e-06, 2.03151671485e-06, 2.10041139326e-06, 1.65494270732e-06, 2.58781665252e-06, 1.32471859615e-06, 2.12964050661e-06, 1.80614995315e-06, 1.35811740165e-06, 1.42886347021e-06, 4.89581043439e-06, 3.84494614991e-06, 1.62719447871e-06, 2.181093123e-06, 2.55726354226e-06, 1.45332694501e-06, 7.67395249568e-07, 2.86493900603e-07, 8.21894943215e-08, 1.73974925133e-07, 1.00563461558e-07, 7.18502164432e-08, 6.65569501734e-08, 4.8967486066e-08, 2.578128111e-08, 1.72867604675e-08, 6.29358165583e-09, 4.92930085638e-10, 3.83404585858e-10, 8.27963198002e-10, 6.39434172278e-10, 2.59862478758e-11],
