{
"highlevel": {
    "danceability": {
        "all": {
            "danceable": 0.995976567268,
            "not_danceable": 0.00402344064787
        },
        "probability": 0.995976567268,
        "value": "danceable"
    },
    "gender": {
        "all": {
            "female": 0.764416873455,
            "male": 0.235583126545
        },
        "probability": 0.764416873455,
        "value": "female"
    },
    "genre_dortmund": {
        "all": {
            "alternative": 0.0124097773805,
            "blues": 0.0305116288364,
            "electronic": 0.0424068719149,
            "folkcountry": 0.0103786932305,
            "funksoulrnb": 0.0405785851181,
            "jazz": 0.131422862411,
            "pop": 0.0278198570013,
            "raphiphop": 0.644926011562,
            "rock": 0.0595457181334
        },
        "probability": 0.644926011562,
        "value": "raphiphop"
    },
    "genre_electronic": {
        "all": {
            "ambient": 0.14742565155,
            "dnb": 0.230665892363,
            "house": 0.56420224905,
            "techno": 0.0189348235726,
            "trance": 0.0387713983655
        },
        "probability": 0.56420224905,
        "value": "house"
    },
    "genre_rosamerica": {
        "all": {
            "cla": 0.00345604168251,
            "dan": 0.0744823738933,
            "hip": 0.642904818058,
            "jaz": 0.00783272832632,
            "pop": 0.157180458307,
            "rhy": 0.0915744975209,
            "roc": 0.0164813678712,
            "spe": 0.00608771434054
        },
        "probability": 0.642904818058,
        "value": "hip"
    },
    "genre_tzanetakis": {
        "all": {
            "blu": 0.07593434304,
            "cla": 0.0337142795324,
            "cou": 0.0606776997447,
            "dis": 0.0505694411695,
            "hip": 0.151736244559,
            "jaz": 0.303671628237,
            "met": 0.0607067197561,
            "pop": 0.060691729188,
            "reg": 0.0505727082491,
            "roc": 0.151725202799
        },
        "probability": 0.303671628237,
        "value": "jaz"
    },
    "ismir04_rhythm": {
        "all": {
            "ChaChaCha": 0.0159079916775,
            "Jive": 0.0113040627912,
            "Quickstep": 0.0623752214015,
            "Rumba-American": 0.00528757367283,
            "Rumba-International": 0.0128232296556,
            "Rumba-Misc": 0.008650242351,
            "Samba": 0.87561070919,
            "Tango": 0.00332294637337,
            "VienneseWaltz": 0.00362440617755,
            "Waltz": 0.00109358970076
        },
        "probability": 0.87561070919,
        "value": "Samba"
    },
    "mood_acoustic": {
        "all": {
            "acoustic": 0.0433203205466,
            "not_acoustic": 0.956679701805
        },
        "probability": 0.956679701805,
        "value": "not_acoustic"
    },
    "mood_aggressive": {
        "all": {
            "aggressive": 0.5,
            "not_aggressive": 0.5
        },
        "probability": 0.5,
        "value": "aggressive"
    },
    "mood_electronic": {
        "all": {
            "electronic": 0.880417346954,
            "not_electronic": 0.119582653046
        },
        "probability": 0.880417346954,
        "value": "electronic"
    },
    "mood_happy": {
        "all": {
            "happy": 0.169656798244,
            "not_happy": 0.830343186855
        },
        "probability": 0.830343186855,
        "value": "not_happy"
    },
    "mood_party": {
        "all": {
            "not_party": 0.252770632505,
            "party": 0.747229397297
        },
        "probability": 0.747229397297,
        "value": "party"
    },
    "mood_relaxed": {
        "all": {
            "not_relaxed": 0.961691260338,
            "relaxed": 0.0383087284863
        },
        "probability": 0.961691260338,
        "value": "not_relaxed"
    },
    "mood_sad": {
        "all": {
            "not_sad": 0.838627934456,
            "sad": 0.161372080445
        },
        "probability": 0.838627934456,
        "value": "not_sad"
    },
    "moods_mirex": {
        "all": {
            "Cluster1": 0.153759390116,
            "Cluster2": 0.226290076971,
            "Cluster3": 0.0676843672991,
            "Cluster4": 0.274376749992,
            "Cluster5": 0.277889430523
        },
        "probability": 0.277889430523,
        "value": "Cluster5"
    },
    "timbre": {
        "all": {
            "bright": 0.169622376561,
            "dark": 0.83037763834
        },
        "probability": 0.83037763834,
        "value": "dark"
    },
    "tonal_atonal": {
        "all": {
            "atonal": 0.894254028797,
            "tonal": 0.105745978653
        },
        "probability": 0.894254028797,
        "value": "atonal"
    },
    "voice_instrumental": {
        "all": {
            "instrumental": 0.0167675018311,
            "voice": 0.983232498169
        },
        "probability": 0.983232498169,
        "value": "voice"
    }
},
"lowlevel": {
    "average_loudness": 0.957608819008,
    "barkbands_crest": {
        "dmean": 3.6098484993,
        "dmean2": 5.67300987244,
        "dvar": 10.7889623642,
        "dvar2": 25.5249767303,
        "max": 26.3290176392,
        "mean": 11.4498786926,
        "median": 10.3529434204,
        "min": 2.65604996681,
        "var": 29.1196079254
    },
    "barkbands_flatness_db": {
        "dmean": 0.0437184982002,
        "dmean2": 0.0622937120497,
        "dvar": 0.00204117270187,
        "dvar2": 0.00379627756774,
        "max": 0.525941729546,
        "mean": 0.171755313873,
        "median": 0.156169950962,
        "min": 0.0504346862435,
        "var": 0.00614399602637
    },
    "barkbands_kurtosis": {
        "dmean": 14.9057588577,
        "dmean2": 23.3377399445,
        "dvar": 1957.94946289,
        "dvar2": 4195.92626953,
        "max": 677.083862305,
        "mean": 15.3239240646,
        "median": 2.15216970444,
        "min": -1.92635512352,
        "var": 2460.87597656
    },
    "barkbands_skewness": {
        "dmean": 1.32150316238,
        "dmean2": 1.99891471863,
        "dvar": 2.94299888611,
        "dvar2": 6.43236732483,
        "max": 23.0020370483,
        "mean": 2.23566198349,
        "median": 1.57159852982,
        "min": -1.54603135586,
        "var": 5.91719818115
    },
    "barkbands_spread": {
        "dmean": 12.912446022,
        "dmean2": 19.5808010101,
        "dvar": 235.643310547,
        "dvar2": 501.213745117,
        "max": 112.398361206,
        "mean": 26.4541797638,
        "median": 20.6938705444,
        "min": 0.169960841537,
        "var": 466.060241699
    },
    "dissonance": {
        "dmean": 0.0288933310658,
        "dmean2": 0.0463539212942,
        "dvar": 0.000964283128269,
        "dvar2": 0.00252333190292,
        "max": 0.499998003244,
        "mean": 0.451020240784,
        "median": 0.461975395679,
        "min": 0.183159321547,
        "var": 0.00168023561127
    },
    "dynamic_complexity": 2.62896513939,
    "erbbands_crest": {
        "dmean": 3.56013917923,
        "dmean2": 5.77563714981,
        "dvar": 9.84198093414,
        "dvar2": 24.3140010834,
        "max": 25.7738380432,
        "mean": 9.31714439392,
        "median": 8.50929260254,
        "min": 2.01944565773,
        "var": 20.1549167633
    },
    "erbbands_flatness_db": {
        "dmean": 0.027772212401,
        "dmean2": 0.0413862876594,
        "dvar": 0.00065872707637,
        "dvar2": 0.00145362399053,
        "max": 0.309125214815,
        "mean": 0.145078212023,
        "median": 0.140863478184,
        "min": 0.0585859492421,
        "var": 0.00189674575813
    },
    "erbbands_kurtosis": {
        "dmean": 2.00268292427,
        "dmean2": 3.19634890556,
        "dvar": 10.8322019577,
        "dvar2": 27.2184829712,
        "max": 43.5925369263,
        "mean": 1.13488590717,
        "median": 0.00134086608887,
        "min": -1.77242124081,
        "var": 12.4545717239
    },
    "erbbands_skewness": {
        "dmean": 0.678959310055,
        "dmean2": 1.00728821754,
        "dvar": 0.444444686174,
        "dvar2": 0.928938448429,
        "max": 5.99844789505,
        "mean": 0.325346976519,
        "median": 0.325588196516,
        "min": -4.99867343903,
        "var": 1.08219075203
    },
    "erbbands_spread": {
        "dmean": 17.5000476837,
        "dmean2": 27.268447876,
        "dvar": 366.4246521,
        "dvar2": 960.597229004,
        "max": 163.990371704,
        "mean": 45.9407081604,
        "median": 42.0864524841,
        "min": 5.88483524323,
        "var": 591.746582031
    },
    "hfc": {
        "dmean": 18.5247688293,
        "dmean2": 26.8771114349,
        "dvar": 1028.78564453,
        "dvar2": 2245.45556641,
        "max": 250.148971558,
        "mean": 26.1745586395,
        "median": 13.3499679565,
        "min": 0.328480482101,
        "var": 1299.61547852
    },
    "melbands_crest": {
        "dmean": 4.38818979263,
        "dmean2": 6.92678070068,
        "dvar": 15.7495861053,
        "dvar2": 35.0813369751,
        "max": 35.7309150696,
        "mean": 16.913848877,
        "median": 15.7551336288,
        "min": 4.1926074028,
        "var": 42.6813011169
    },
    "melbands_flatness_db": {
        "dmean": 0.0567043945193,
        "dmean2": 0.0797125026584,
        "dvar": 0.00341575802304,
        "dvar2": 0.00651601981372,
        "max": 0.663262724876,
        "mean": 0.228793799877,
        "median": 0.21119196713,
        "min": 0.0308525208384,
        "var": 0.0112436693162
    },
    "melbands_kurtosis": {
        "dmean": 29.9001789093,
        "dmean2": 48.2551078796,
        "dvar": 3966.98413086,
        "dvar2": 9987.26074219,
        "max": 804.532775879,
        "mean": 34.6991386414,
        "median": 10.9955730438,
        "min": -1.39538621902,
        "var": 4806.87841797
    },
    "melbands_skewness": {
        "dmean": 1.75027060509,
        "dmean2": 2.70958828926,
        "dvar": 4.65106916428,
        "dvar2": 11.7324991226,
        "max": 22.7741794586,
        "mean": 3.67668151855,
        "median": 2.87559604645,
        "min": -0.611570179462,
        "var": 8.7057723999
    },
    "melbands_spread": {
        "dmean": 14.6994953156,
        "dmean2": 23.872718811,
        "dvar": 467.079864502,
        "dvar2": 1197.59375,
        "max": 185.153091431,
        "mean": 24.5532894135,
        "median": 19.0352497101,
        "min": 0.181981265545,
        "var": 569.058532715
    },
    "pitch_salience": {
        "dmean": 0.0932644233108,
        "dmean2": 0.147319465876,
        "dvar": 0.00854105781764,
        "dvar2": 0.0203451979905,
        "max": 0.874572098255,
        "mean": 0.50332736969,
        "median": 0.510627031326,
        "min": 0.0602989196777,
        "var": 0.0206224750727
    },
    "silence_rate_20dB": {
        "dmean": 0,
        "dmean2": 0,
        "dvar": 0,
        "dvar2": 0,
        "max": 1,
        "mean": 1,
        "median": 1,
        "min": 1,
        "var": 0
    },
    "silence_rate_30dB": {
        "dmean": 0.0464396290481,
        "dmean2": 0.0929512009025,
        "dvar": 0.0442823432386,
        "dvar2": 0.0874079018831,
        "max": 1,
        "mean": 0.935808181763,
        "median": 1,
        "min": 0,
        "var": 0.0600706413388
    },
    "silence_rate_60dB": {
        "dmean": 0.0139318881556,
        "dmean2": 0.0278853606433,
        "dvar": 0.013738039881,
        "dvar2": 0.0333049856126,
        "max": 1,
        "mean": 0.0123743228614,
        "median": 0,
        "min": 0,
        "var": 0.0122213372961
    },
    "spectral_centroid": {
        "dmean": 511.114562988,
        "dmean2": 772.256225586,
        "dvar": 305031.21875,
        "dvar2": 653959.3125,
        "max": 4871.66552734,
        "mean": 1412.29748535,
        "median": 1278.0123291,
        "min": 106.619377136,
        "var": 676485
    },
    "spectral_complexity": {
        "dmean": 6.46671819687,
        "dmean2": 9.04105377197,
        "dvar": 66.4610671997,
        "dvar2": 119.718673706,
        "max": 61,
        "mean": 14.9164733887,
        "median": 12,
        "min": 0,
        "var": 138.74786377
    },
    "spectral_decrease": {
        "dmean": 4.75516470644e-09,
        "dmean2": 7.2283055097e-09,
        "dvar": 6.72110783653e-17,
        "dvar2": 1.46058338018e-16,
        "max": -2.46648829832e-11,
        "mean": -8.21168999465e-09,
        "median": -4.46921921693e-09,
        "min": -7.27075359919e-08,
        "var": 1.14714095563e-16
    },
    "spectral_energy": {
        "dmean": 0.0189020372927,
        "dmean2": 0.0284567251801,
        "dvar": 0.000978293945082,
        "dvar2": 0.00211132317781,
        "max": 0.277740299702,
        "mean": 0.0333669297397,
        "median": 0.0184147004038,
        "min": 0.000242126829107,
        "var": 0.00173746317159
    },
    "spectral_energyband_high": {
        "dmean": 0.00159237592015,
        "dmean2": 0.00233554164879,
        "dvar": 9.69456596067e-06,
        "dvar2": 2.01333132281e-05,
        "max": 0.0223531499505,
        "mean": 0.00181770010386,
        "median": 0.00043228836148,
        "min": 4.09810610336e-07,
        "var": 1.20191298265e-05
    },
    "spectral_energyband_low": {
        "dmean": 0.0124123720452,
        "dmean2": 0.0199046377093,
        "dvar": 0.000942230399232,
        "dvar2": 0.00203828467056,
        "max": 0.269210636616,
        "mean": 0.0190125051886,
        "median": 0.00793546810746,
        "min": 5.3675091749e-07,
        "var": 0.00150959135499
    },
    "spectral_energyband_middle_high": {
        "dmean": 0.00325431511737,
        "dmean2": 0.00477434322238,
        "dvar": 2.10329144466e-05,
        "dvar2": 4.72081810585e-05,
        "max": 0.0434490926564,
        "mean": 0.004466581624,
        "median": 0.00208871718496,
        "min": 2.21372874876e-06,
        "var": 3.30629882228e-05
    },
    "spectral_energyband_middle_low": {
        "dmean": 0.00652409950271,
        "dmean2": 0.0102993575856,
        "dvar": 0.00014100621047,
        "dvar2": 0.000367701955838,
        "max": 0.127226486802,
        "mean": 0.0088317329064,
        "median": 0.00543857505545,
        "min": 3.54890034941e-05,
        "var": 0.000134388508741
    },
    "spectral_entropy": {
        "dmean": 0.317369580269,
        "dmean2": 0.451274365187,
        "dvar": 0.118901789188,
        "dvar2": 0.233256697655,
        "max": 8.62829017639,
        "mean": 7.58002233505,
        "median": 7.62238073349,
        "min": 5.389731884,
        "var": 0.345842182636
    },
    "spectral_flux": {
        "dmean": 0.0461370050907,
        "dmean2": 0.0691018924117,
        "dvar": 0.00255920062773,
        "dvar2": 0.00580249587074,
        "max": 0.433303683996,
        "mean": 0.11025441438,
        "median": 0.0893218517303,
        "min": 0.0103563768789,
        "var": 0.00557374441996
    },
    "spectral_kurtosis": {
        "dmean": 1.86194777489,
        "dmean2": 2.78483176231,
        "dvar": 4.16039943695,
        "dvar2": 8.52911281586,
        "max": 21.0000534058,
        "mean": 3.87605786324,
        "median": 3.10779523849,
        "min": -0.845859289169,
        "var": 10.6160373688
    },
    "spectral_rms": {
        "dmean": 0.00140628335066,
        "dmean2": 0.00198160530999,
        "dvar": 2.74560443358e-06,
        "dvar2": 5.36989000466e-06,
        "max": 0.0164610501379,
        "mean": 0.00505963247269,
        "median": 0.00423858035356,
        "min": 0.000486026023282,
        "var": 6.95328662914e-06
    },
    "spectral_rolloff": {
        "dmean": 1184.9276123,
        "dmean2": 2071.19335938,
        "dvar": 3571629.5,
        "dvar2": 8592586,
        "max": 11778.6621094,
        "mean": 1716.12854004,
        "median": 882.861328125,
        "min": 64.599609375,
        "var": 4484243.5
    },
    "spectral_skewness": {
        "dmean": 0.34745875001,
        "dmean2": 0.485487103462,
        "dvar": 0.107258968055,
        "dvar2": 0.196107134223,
        "max": 3.80234599113,
        "mean": 1.5296574831,
        "median": 1.45657098293,
        "min": -0.324636518955,
        "var": 0.380124628544
    },
    "spectral_spread": {
        "dmean": 1033221.0625,
        "dmean2": 1527922.875,
        "dvar": 1.30502623232e+12,
        "dvar2": 2.63077049139e+12,
        "max": 22190012,
        "mean": 5510004.5,
        "median": 5189649.5,
        "min": 1943967.75,
        "var": 3.0004740096e+12
    },
    "spectral_strongpeak": {
        "dmean": 0.508376300335,
        "dmean2": 0.849703013897,
        "dvar": 0.488610565662,
        "dvar2": 1.1374591589,
        "max": 4.94862222672,
        "mean": 0.673444151878,
        "median": 0.301482796669,
        "min": 0,
        "var": 0.68547976017
    },
    "zerocrossingrate": {
        "dmean": 0.0207564886659,
        "dmean2": 0.0236916635185,
        "dvar": 0.000466698780656,
        "dvar2": 0.000597927893978,
        "max": 0.2998046875,
        "mean": 0.0652491748333,
        "median": 0.056640625,
        "min": 0.001953125,
        "var": 0.00204203138128
    },
    "barkbands": {
        "dmean": [0.000979782314971, 0.0103731583804, 0.00349461636506, 0.00125343492255, 0.0026154210791, 0.00115699297749, 0.00050808605738, 0.00109595886897, 0.00140889151953, 0.00101104413625, 0.000502271461301, 0.000417056522565, 0.000375277042622, 0.000318684062222, 0.000374224531697, 0.000334265030688, 0.00041294269613, 0.000361258367775, 0.000274931255262, 0.000230853605899, 0.000231866084505, 0.000270689633908, 0.000371518486645, 0.000362136546755, 0.000207599718124, 0.000168230195413, 2.11279331808e-08],
        "dmean2": [0.00171593495179, 0.0168740246445, 0.0059750280343, 0.00221802224405, 0.00450623454526, 0.0018079506699, 0.000769997132011, 0.00176626129542, 0.00229527754709, 0.00151619955432, 0.000792154227383, 0.000659313926008, 0.000609205977526, 0.000494468258694, 0.000598209502641, 0.000519926717971, 0.000731201376766, 0.000583647633903, 0.000440944597358, 0.000348820030922, 0.000324956665281, 0.000404849008191, 0.000543755188119, 0.000562760629691, 0.000320311781252, 0.000276076054433, 3.70726276344e-08],
        "dvar": [4.09680615121e-06, 0.000893188815098, 0.000119983713375, 1.2058874745e-05, 6.24811145826e-05, 5.84240660828e-06, 1.08306051061e-06, 6.68182792651e-06, 1.53229138959e-05, 5.72381213715e-06, 1.77098036147e-06, 1.39524865972e-06, 6.25995937753e-07, 3.64624526128e-07, 5.0795944162e-07, 4.4500765739e-07, 1.66333904872e-06, 5.74168041112e-07, 3.24540877727e-07, 2.36326769709e-07, 1.8928481893e-07, 2.65507281938e-07, 5.12394024099e-07, 7.14499378773e-07, 1.99592761874e-07, 2.01098799835e-07, 2.34574255094e-14],
        "dvar2": [1.24809694171e-05, 0.00202389759943, 0.000337265752023, 3.28259811795e-05, 0.000173787848325, 1.36050239234e-05, 2.53502912528e-06, 1.65092351381e-05, 3.82834186894e-05, 1.25132846733e-05, 3.97349685954e-06, 3.57722956323e-06, 1.44349132825e-06, 8.42364215714e-07, 1.20898630485e-06, 9.18116086268e-07, 4.84199563289e-06, 1.56056046308e-06, 8.61254875417e-07, 5.0151686537e-07, 3.12753826393e-07, 5.50549543732e-07, 1.01923933471e-06, 1.70921123299e-06, 4.66045122494e-07, 5.07604283939e-07, 5.55867743328e-14],
        "max": [0.0165701657534, 0.257725775242, 0.0999564230442, 0.0286263227463, 0.100030452013, 0.0236673634499, 0.0116167943925, 0.0322072021663, 0.0552228428423, 0.038053587079, 0.0225051511079, 0.0173663906753, 0.0105935437605, 0.00619106180966, 0.00807378534228, 0.00826450809836, 0.0102183949202, 0.00634611956775, 0.00513768615201, 0.00446285540238, 0.00385290198028, 0.00423700734973, 0.00559270055965, 0.00796875730157, 0.00385282118805, 0.00368783972226, 2.72550983027e-06],
        "mean": [0.00138867762871, 0.0137961199507, 0.003237525234, 0.00121945899446, 0.00254269107245, 0.00159577373415, 0.000600306550041, 0.00110201979987, 0.00141274149064, 0.000998126575723, 0.000508188793901, 0.000442999735242, 0.000443903991254, 0.000356830511009, 0.000390067260014, 0.000365429499652, 0.000334671611199, 0.000404112797696, 0.000282499560853, 0.000247934105573, 0.00027319410583, 0.00028554094024, 0.000403100304538, 0.00037174593308, 0.000221534952288, 0.000141772034112, 1.3639047225e-08],
        "median": [0.000814037863165, 0.00475477753207, 0.00122158764862, 0.000614773947746, 0.000959062599577, 0.000378356256988, 8.67038688739e-05, 0.000173451306182, 0.000305971858324, 0.000121258432046, 8.6173757154e-05, 0.000110676381155, 0.00011939684191, 0.000110440661956, 0.000102779282315, 7.60988914408e-05, 6.56252159388e-05, 0.000130661734147, 7.46863734093e-05, 5.48951647943e-05, 5.78488870815e-05, 4.84561242047e-05, 7.12417895556e-05, 5.71464006498e-05, 5.07873337483e-05, 1.10443425001e-05, 4.24981022595e-10],
        "min": [2.6164300948e-08, 9.67872963997e-08, 1.61536828358e-08, 1.83914146135e-08, 7.12994187779e-06, 1.3857274439e-07, 9.57987040806e-08, 2.0001152734e-07, 3.51884494876e-07, 1.29934079496e-07, 4.50967903021e-08, 5.10576043666e-08, 8.36332532117e-08, 9.00513654756e-08, 8.35552214085e-08, 1.89409490758e-07, 6.65013786261e-08, 6.97659885418e-08, 3.82364966356e-08, 1.67638312121e-08, 2.07598596091e-08, 4.86040874215e-10, 6.91180588319e-08, 5.87622661641e-09, 1.42366185507e-09, 1.18590397918e-11, 1.25374398363e-11],
        "var": [3.68654536942e-06, 0.00119066622574, 8.02667200333e-05, 8.1325906649e-06, 4.2356987251e-05, 9.74623526417e-06, 1.63064964909e-06, 7.34190962248e-06, 1.34545198307e-05, 7.04118747308e-06, 1.94245626517e-06, 1.4627426026e-06, 9.45564693211e-07, 4.49600747743e-07, 5.67573579247e-07, 6.06276387316e-07, 9.79536025625e-07, 5.04615741193e-07, 2.8737770208e-07, 2.85990211069e-07, 3.12633090971e-07, 3.3214882933e-07, 6.60692080601e-07, 6.89500552653e-07, 2.06846408446e-07, 1.65955199805e-07, 1.60037574962e-14]
    },
    "erbbands": {
        "dmean": [0.317731440067, 2.34138512611, 3.87337899208, 4.36180973053, 3.53493452072, 11.685921669, 12.8267278671, 7.85036230087, 5.53245592117, 12.6407184601, 29.425113678, 30.0145759583, 31.0340671539, 24.7343273163, 16.4537734985, 16.1119728088, 16.842962265, 15.4157342911, 16.6038265228, 19.7835636139, 19.5476989746, 22.8072814941, 19.343580246, 17.7004318237, 11.7718648911, 10.1760807037, 8.97676944733, 9.28813076019, 10.011048317, 9.80491828918, 10.9594964981, 8.27747344971, 5.8560667038, 2.77399945259, 1.26323330402, 0.779409468174, 0.32611194253, 0.0249631050974, 0.000468017562525, 3.96315190301e-05],
        "dmean2": [0.544771075249, 3.71183133125, 6.51186847687, 7.54063987732, 6.26660108566, 19.9810523987, 21.19597435, 12.0342302322, 8.37188053131, 19.8451004028, 47.4901313782, 48.956111908, 45.3992156982, 38.8613853455, 25.3216056824, 25.3756256104, 26.4834156036, 23.561208725, 25.2624778748, 32.0241508484, 30.9573402405, 39.4669876099, 31.4398536682, 28.5364608765, 18.191198349, 15.4162683487, 12.570110321, 13.3781766891, 14.8229408264, 14.5000972748, 16.1875572205, 12.5883712769, 9.17602443695, 4.24476003647, 2.0006916523, 1.24026453495, 0.549028038979, 0.042103137821, 0.000777852896135, 6.26214969088e-05],
        "dvar": [0.641831934452, 54.1965446472, 132.226577759, 151.273117065, 92.5649414062, 1301.23120117, 980.256286621, 309.955108643, 125.418235779, 904.346435547, 4617.27783203, 8036.02148438, 5115.95166016, 3874.99926758, 1955.65710449, 1793.12304688, 1238.10095215, 895.127990723, 866.951904297, 1682.68579102, 1609.64648438, 4813.00732422, 1958.25402832, 1333.62512207, 594.704589844, 443.178833008, 276.948822021, 324.378570557, 374.504425049, 311.302001953, 490.94644165, 408.3800354, 159.552230835, 34.9749717712, 7.4571890831, 3.96649122238, 0.761815011501, 0.00493361148983, 1.63801291819e-06, 5.9022009502e-09],
        "dvar2": [1.56811118126, 120.987861633, 351.788146973, 404.769104004, 258.789276123, 3575.20141602, 2675.39355469, 691.845947266, 285.383239746, 2053.16235352, 10988.7246094, 20778.0410156, 10793.8652344, 8737.84082031, 3831.84472656, 4330.10009766, 2818.63085938, 2026.40722656, 1948.4263916, 4204.09277344, 3541.15722656, 13998.8193359, 5415.51220703, 3588.58105469, 1425.83959961, 945.320495605, 480.524291992, 565.37677002, 768.940917969, 602.460449219, 1025.67883301, 971.151245117, 373.610198975, 81.8530349731, 17.9384155273, 9.78600406647, 1.97721946239, 0.0126906260848, 4.19732077717e-06, 1.40467211196e-08],
        "max": [6.94038391113, 62.148639679, 104.488334656, 104.250686646, 87.5203018188, 462.094146729, 396.357299805, 280.100494385, 153.565200806, 482.725708008, 770.781311035, 1465.80847168, 1047.23852539, 832.91418457, 847.981933594, 671.220397949, 466.107513428, 307.395996094, 304.889129639, 428.850494385, 566.832336426, 545.232788086, 366.326751709, 377.335021973, 173.197738647, 189.935775757, 228.647720337, 148.100601196, 177.076400757, 128.357345581, 170.634033203, 207.213653564, 117.634040833, 50.1175231934, 22.2852268219, 17.6209049225, 6.42883634567, 0.527716517448, 0.00955619849265, 0.000586979964282],
        "mean": [0.481075376272, 2.73367476463, 4.03355073929, 4.49660634995, 3.51124548912, 10.9164495468, 14.9233493805, 11.4040813446, 7.45273065567, 14.9469909668, 29.0279960632, 29.6942615509, 33.323425293, 26.5322914124, 18.7843570709, 18.3320732117, 20.2319316864, 18.1634273529, 19.3632221222, 20.2329998016, 20.9329452515, 19.5319461823, 20.6932163239, 19.7923965454, 12.4755191803, 11.1247472763, 10.5448932648, 10.8856267929, 10.3727149963, 10.8827600479, 11.5248289108, 8.44969940186, 5.96454715729, 2.93308854103, 1.30494499207, 0.690441966057, 0.260352790356, 0.0200536828488, 0.00040237561916, 6.19080237811e-05],
        "median": [0.240569382906, 0.649404525757, 1.42987573147, 2.22915768623, 1.30359447002, 3.0107665062, 3.44496512413, 3.30967926979, 2.23699831963, 2.83102011681, 5.33423757553, 7.36557388306, 5.92525959015, 5.36807012558, 4.28973674774, 4.69440412521, 6.13650274277, 5.95973587036, 6.34936332703, 4.66437864304, 4.7986164093, 4.16296100616, 6.57580804825, 6.40666437149, 3.2999727726, 2.65061378479, 2.50956010818, 1.89281415939, 1.62557554245, 2.04428982735, 1.91597867012, 1.0625872612, 0.997944295406, 0.651647388935, 0.239910632372, 0.0640422552824, 0.0188931003213, 0.00130295858253, 4.65918128612e-05, 2.95175104839e-05],
        "min": [6.11444829701e-06, 3.04271816276e-05, 0.000148567094584, 0.00139416684397, 0.00249837897718, 0.0235623586923, 0.00365820666775, 0.00260573043488, 0.00265594967641, 0.00754126952961, 0.00782555900514, 0.0102558620274, 0.00377964600921, 0.00392127083614, 0.00324195856228, 0.0033776529599, 0.00454966863617, 0.00383190205321, 0.00641400739551, 0.00708120968193, 0.0141846369952, 0.00562953250483, 0.00636580679566, 0.00620466889814, 0.00173231575172, 0.00101162784267, 0.000886657682713, 0.000615336582996, 0.000608436588664, 0.00119219219778, 0.00148203223944, 0.000122717276099, 0.000312522082822, 0.000128854837385, 4.07996521972e-05, 5.0303219723e-06, 2.03083254746e-06, 1.72923677155e-07, 7.03191744833e-07, 1.30228522721e-06],
        "var": [0.936294674873, 65.192565918, 111.989364624, 106.098632812, 61.2895393372, 905.871704102, 877.467834473, 560.832458496, 200.425415039, 1241.86303711, 4994.47314453, 6446.82080078, 7002.55126953, 4654.34570312, 2742.71923828, 2085.6159668, 1820.22155762, 1173.89233398, 1138.54907227, 1693.44763184, 1957.95166016, 2886.50512695, 1551.85754395, 1183.17407227, 613.856872559, 539.479797363, 459.41583252, 507.962677002, 472.292114258, 429.176147461, 590.989196777, 398.678924561, 159.958343506, 36.099445343, 7.36103200912, 3.48094201088, 0.591534852982, 0.00389759428799, 1.32359605232e-06, 7.71254615728e-09]
    },
    "gfcc": {
        "mean": [-10.5877695084, 75.5173797607, -99.6590805054, 40.456993103, -57.4474029541, 28.0536594391, -38.2865333557, 17.9989433289, -21.9481201172, 2.68958091736, -14.5318546295, 2.06627321243, -9.58585071564],
        "cov": [[6415.14746094, -2005.3684082, -833.181884766, -159.994552612, -632.287780762, 134.715255737, -380.72265625, 193.548828125, -352.145935059, 210.148651123, -310.148986816, 202.2578125, -203.921096802], [-2005.3684082, 1820.87866211, 176.248672485, -100.307029724, 347.635498047, 31.4154281616, 306.032348633, 9.82793331146, 229.920715332, -79.6391143799, 262.162658691, -166.638092041, 121.587944031], [-833.181884766, 176.248672485, 1294.26611328, 525.808776855, 428.891723633, 333.501586914, 258.736206055, 96.0205917358, 125.288749695, 54.9107131958, 62.1487884521, 86.7270889282, -59.3260993958], [-159.994552612, -100.307029724, 525.808776855, 797.366699219, 321.393005371, 162.703521729, 170.68309021, 87.1989593506, 148.977859497, 2.55242776871, 36.5737380981, 24.7865886688, 2.49752449989], [-632.287780762, 347.635498047, 428.891723633, 321.393005371, 574.627563477, 249.97052002, 234.2837677, 136.87612915, 134.120422363, -21.5112857819, 54.5248641968, -13.778219223, -24.3883895874], [134.715255737, 31.4154281616, 333.501586914, 162.703521729, 249.97052002, 492.385559082, 256.753631592, 108.297973633, 59.8230628967, 17.0993900299, 23.311548233, -14.2799530029, -31.9425067902], [-380.72265625, 306.032348633, 258.736206055, 170.68309021, 234.2837677, 256.753631592, 339.45980835, 89.4605407715, 82.9072036743, 13.5807943344, 42.2892303467, -43.016242981, -7.84389066696], [193.548828125, 9.82793331146, 96.0205917358, 87.1989593506, 136.87612915, 108.297973633, 89.4605407715, 197.395523071, 67.3405685425, 12.1131658554, -1.53496897221, -9.88578796387, -15.0215339661], [-352.145935059, 229.920715332, 125.288749695, 148.977859497, 134.120422363, 59.8230628967, 82.9072036743, 67.3405685425, 193.557693481, 6.21856307983, 27.3718681335, -31.60912323, 23.2835235596], [210.148651123, -79.6391143799, 54.9107131958, 2.55242776871, -21.5112857819, 17.0993900299, 13.5807943344, 12.1131658554, 6.21856307983, 122.641075134, 24.4060497284, 15.4046278, -25.0040054321], [-310.148986816, 262.162658691, 62.1487884521, 36.5737380981, 54.5248641968, 23.311548233, 42.2892303467, -1.53496897221, 27.3718681335, 24.4060497284, 168.568649292, 10.8436412811, 20.2572479248], [202.2578125, -166.638092041, 86.7270889282, 24.7865886688, -13.778219223, -14.2799530029, -43.016242981, -9.88578796387, -31.60912323, 15.4046278, 10.8436412811, 144.053695679, -3.5350818634], [-203.921096802, 121.587944031, -59.3260993958, 2.49752449989, -24.3883895874, -31.9425067902, -7.84389066696, -15.0215339661, 23.2835235596, -25.0040054321, 20.2572479248, -3.5350818634, 109.420196533]],
        "icov": [[0.000404767226428, 1.49858260556e-05, 0.000385092076613, -0.000328641035594, 0.000391220033634, -0.000599659746513, 0.000476085959235, -0.000716630369425, 0.000500602764077, -0.000644921732601, 0.000472092971904, -0.000501131464262, 0.000444388540927], [1.49858260556e-05, 0.00192661618348, -0.000434618181316, 0.0012988508679, -0.000900581246242, 0.00114322197624, -0.00167869194411, 0.000702483754139, -0.00155349099077, 0.00133575033396, -0.0024302394595, 0.00149128015619, -0.00113521376625], [0.000385092076613, -0.000434618181316, 0.001897384529, -0.00118403846864, 7.29005769244e-05, -0.00125397485681, 0.000588076887652, -0.000507239194121, 0.000640423211735, -0.00136778992601, 0.00100112135988, -0.00171794043854, 0.00118941371329], [-0.000328641035594, 0.0012988508679, -0.00118403846864, 0.00316469045356, -0.00145980902016, 0.00143171253148, -0.00174043793231, 0.00107097753789, -0.00229382654652, 0.00156797387172, -0.00191072421148, 0.00112632056698, -0.00141858693678], [0.000391220033634, -0.000900581246242, 7.29005769244e-05, -0.00145980902016, 0.00444204499945, -0.00156783661805, 0.00031088970718, -0.00212868815288, 0.000333809352014, 0.000251292745816, 0.00085248373216, -0.00113979983144, 0.00185685628094], [-0.000599659746513, 0.00114322197624, -0.00125397485681, 0.00143171253148, -0.00156783661805, 0.00537454523146, -0.0039864028804, 0.000772617873736, -0.00127307954244, 0.00170222239103, -0.00198201742023, 0.00158215907868, -0.000982730649412], [0.000476085959235, -0.00167869194411, 0.000588076887652, -0.00174043793231, 0.00031088970718, -0.0039864028804, 0.00818002130836, -0.00196343567222, 0.00164983212017, -0.00247870851308, 0.0020087773446, -0.000221099689952, 0.00103708542883], [-0.000716630369425, 0.000702483754139, -0.000507239194121, 0.00107097753789, -0.00212868815288, 0.000772617873736, -0.00196343567222, 0.00847758259624, -0.0031612070743, 0.000881795363966, -0.00092097488232, 0.00107595138252, -0.000562008528505], [0.000500602764077, -0.00155349099077, 0.000640423211735, -0.00229382654652, 0.000333809352014, -0.00127307954244, 0.00164983212017, -0.0031612070743, 0.00968349631876, -0.00278008892201, 0.0021361107938, -6.39235586277e-05, -0.00064754410414], [-0.000644921732601, 0.00133575033396, -0.00136778992601, 0.00156797387172, 0.000251292745816, 0.00170222239103, -0.00247870851308, 0.000881795363966, -0.00278008892201, 0.0117925778031, -0.00424318853766, 0.000993678928353, 0.00113671075087], [0.000472092971904, -0.0024302394595, 0.00100112135988, -0.00191072421148, 0.00085248373216, -0.00198201742023, 0.0020087773446, -0.00092097488232, 0.0021361107938, -0.00424318853766, 0.0105466935784, -0.00319001404569, 0.000315916666295], [-0.000501131464262, 0.00149128015619, -0.00171794043854, 0.00112632056698, -0.00113979983144, 0.00158215907868, -0.000221099689952, 0.00107595138252, -6.39235586277e-05, 0.000993678928353, -0.00319001404569, 0.0103363599628, -0.00204332638532], [0.000444388540927, -0.00113521376625, 0.00118941371329, -0.00141858693678, 0.00185685628094, -0.000982730649412, 0.00103708542883, -0.000562008528505, -0.00064754410414, 0.00113671075087, 0.000315916666295, -0.00204332638532, 0.0123032005504]]
    },
    "melbands": {
        "dmean": [0.00289248838089, 0.00221166107804, 0.000715825823136, 0.000493876694236, 0.000503550574649, 0.000182510717423, 8.76686026459e-05, 0.000154304114403, 0.00026803612127, 0.000181373747182, 0.000157093629241, 0.000107503270556, 6.07684523857e-05, 4.67763093184e-05, 4.71414205094e-05, 3.26040863001e-05, 2.97182759823e-05, 2.7027557735e-05, 2.86534595944e-05, 2.4383132768e-05, 2.27996679314e-05, 2.43162994593e-05, 2.0317698727e-05, 1.78419031727e-05, 1.47131022459e-05, 9.86473878584e-06, 8.42313511384e-06, 6.45669297228e-06, 5.48867819816e-06, 5.85244288231e-06, 5.43668284081e-06, 5.45783677808e-06, 5.93439199292e-06, 5.57293606107e-06, 6.41450878902e-06, 6.18533567831e-06, 4.78981382912e-06, 4.58089107269e-06, 3.0089070151e-06, 2.25437611334e-06],
        "dmean2": [0.00477053364739, 0.00354716507718, 0.00124156719539, 0.000851606135257, 0.000835557293613, 0.000281279062619, 0.000133040259243, 0.000246819719905, 0.000433076173067, 0.000296476238873, 0.000231482597883, 0.00016904072254, 9.44718049141e-05, 7.44674689486e-05, 7.26725047571e-05, 5.13087943546e-05, 4.58473077742e-05, 4.18949202867e-05, 4.585318311e-05, 3.91310968553e-05, 3.6468529288e-05, 4.30639447586e-05, 3.43439569406e-05, 2.90793941531e-05, 2.39110195253e-05, 1.60091731232e-05, 1.30245689434e-05, 9.82858273346e-06, 7.91599632066e-06, 8.39058611746e-06, 8.24401649879e-06, 8.11891186459e-06, 8.9141076387e-06, 8.24520429887e-06, 9.5641335065e-06, 9.37298409553e-06, 7.37257460059e-06, 7.24639494365e-06, 4.6787786232e-06, 3.51167955159e-06],
        "dvar": [6.15295211901e-05, 3.99926175305e-05, 3.78385834665e-06, 2.19665776058e-06, 1.71494912138e-06, 1.53665084213e-07, 3.06591516619e-08, 1.46577448845e-07, 4.27735045605e-07, 2.6153176691e-07, 1.35847216143e-07, 7.3126756206e-08, 2.36402453169e-08, 2.22271800965e-08, 1.25101715653e-08, 4.89698726014e-09, 3.77262354689e-09, 2.49031195665e-09, 3.43085448939e-09, 2.45442577373e-09, 2.22376383974e-09, 5.76785730289e-09, 2.82896417403e-09, 1.49164314234e-09, 9.12285746946e-10, 4.62904825582e-10, 3.6142167037e-10, 1.66156130521e-10, 1.01267452757e-10, 1.42364078859e-10, 1.19217691275e-10, 1.15130953382e-10, 1.28808186339e-10, 9.87284420884e-11, 1.60643928715e-10, 2.1466037281e-10, 1.38802275229e-10, 1.01561016541e-10, 3.67262678602e-11, 2.49868129659e-11],
        "dvar2": [0.000142609555041, 9.07139692572e-05, 1.0118859791e-05, 6.06807452641e-06, 4.73202089779e-06, 3.43538687275e-07, 7.13146945941e-08, 3.45025455317e-07, 1.00984902929e-06, 6.67887434247e-07, 2.87137851274e-07, 1.67098576753e-07, 4.84608975171e-08, 5.76427297005e-08, 2.72205014085e-08, 1.07354223289e-08, 8.85288464758e-09, 5.56360557624e-09, 8.14344858213e-09, 5.78993519795e-09, 4.96565677466e-09, 1.67941607288e-08, 8.01609090217e-09, 4.09955847047e-09, 2.45142972588e-09, 1.22365650945e-09, 7.77727271473e-10, 3.65513452838e-10, 1.81070769489e-10, 2.51891091319e-10, 2.38486980164e-10, 2.33237207325e-10, 2.89336943293e-10, 1.85977913625e-10, 3.25844934368e-10, 5.16077958146e-10, 3.28485905143e-10, 2.4090279771e-10, 8.60424301252e-11, 6.01543467815e-11],
        "max": [0.0678654238582, 0.053938344121, 0.0158751364797, 0.0159369017929, 0.0184620264918, 0.00552719039842, 0.00243588583544, 0.00660488149151, 0.00777589669451, 0.00806047301739, 0.00566176418215, 0.00344010186382, 0.00235870759934, 0.00233589555137, 0.00213835737668, 0.000762829731684, 0.000625717570074, 0.000542553490959, 0.000835559156258, 0.000483719777549, 0.000711012515239, 0.000609320006333, 0.000431714666774, 0.000339682854246, 0.000337171659339, 0.000147727376316, 0.000166457903106, 0.000114334601676, 0.000162593205459, 0.000104576807644, 7.96482345322e-05, 9.80145850917e-05, 8.96051496966e-05, 7.59382528486e-05, 0.000109166401671, 0.00014754923177, 0.000125531863887, 8.98871730897e-05, 5.52103520022e-05, 4.56292946183e-05],
        "mean": [0.00411931658164, 0.00269553740509, 0.000730868196115, 0.000473861349747, 0.000552979821805, 0.000263509893557, 0.000114920498163, 0.000175448032678, 0.000256710394751, 0.000182573188795, 0.000165756020579, 0.000109500200779, 6.55634139548e-05, 4.89449666929e-05, 5.28380696778e-05, 3.86871470255e-05, 3.30386610585e-05, 3.06331385218e-05, 2.96333309961e-05, 2.47247207881e-05, 2.35998977587e-05, 1.96939326997e-05, 1.86942761502e-05, 1.96700366359e-05, 1.58978346008e-05, 9.74716022029e-06, 8.5791989477e-06, 6.97509540259e-06, 6.43854355076e-06, 6.53311963106e-06, 6.20318314759e-06, 5.58898000236e-06, 5.89857017985e-06, 6.23649475529e-06, 6.75264391248e-06, 6.1146988628e-06, 4.79166283185e-06, 4.48035825684e-06, 3.15011789098e-06, 2.27968826039e-06],
        "median": [0.00168516859412, 0.000805866497103, 0.000350685440935, 0.000153635832248, 0.000162893265951, 7.5032847235e-05, 3.1101568311e-05, 3.10812611133e-05, 3.95266579289e-05, 4.22398406954e-05, 2.27425607591e-05, 1.89635338756e-05, 1.31544193209e-05, 1.17402178148e-05, 1.28579076772e-05, 1.13042860903e-05, 1.00346887848e-05, 9.51007586991e-06, 6.83100643073e-06, 4.90222464578e-06, 5.36924426342e-06, 3.59839009434e-06, 4.48907167083e-06, 6.59029274175e-06, 4.70057375423e-06, 2.61778859567e-06, 1.76127377927e-06, 1.59586727477e-06, 1.50172502345e-06, 1.19430478662e-06, 8.93250671652e-07, 8.03405271199e-07, 8.83334962509e-07, 1.1876059034e-06, 1.19240951335e-06, 7.63453442687e-07, 5.34151752163e-07, 6.24602478183e-07, 6.99680470007e-07, 4.49676974767e-07],
        "min": [4.82517990008e-08, 3.61815217786e-08, 2.41862437633e-07, 4.55161170976e-07, 8.08731925872e-08, 5.51789334224e-08, 4.0279516611e-08, 8.86231035224e-08, 5.39227364982e-08, 5.10604571957e-08, 1.6600745667e-08, 1.77454460015e-08, 8.15172818136e-09, 5.50745449246e-09, 4.95404250955e-09, 1.18860432607e-08, 6.67865007742e-09, 8.42779979138e-09, 7.78251951772e-09, 6.7128151926e-09, 6.62448629285e-09, 5.25551380193e-09, 6.39810648906e-09, 2.66609778699e-09, 2.89630208705e-09, 8.67995675335e-11, 3.3820907186e-10, 8.52562118125e-11, 1.95670354919e-11, 5.49926548743e-10, 7.32185284624e-11, 8.67182454317e-12, 1.26756513272e-11, 6.901663685e-10, 8.83485451464e-10, 2.85259982302e-10, 7.2177160082e-13, 2.24050222819e-11, 5.3114544013e-11, 1.3055307703e-12],
