{
"highlevel": {
    "danceability": {
        "all": {
            "danceable": 0.58052444458,
            "not_danceable": 0.41947555542
        },
        "probability": 0.58052444458,
        "value": "danceable"
    },
    "gender": {
        "all": {
            "female": 0.916781961918,
            "male": 0.0832180082798
        },
        "probability": 0.916781961918,
        "value": "female"
    },
    "genre_dortmund": {
        "all": {
            "alternative": 0.167723208666,
            "blues": 0.0524175688624,
            "electronic": 0.00747117726132,
            "folkcountry": 0.211021453142,
            "funksoulrnb": 0.017322525382,
            "jazz": 0.0204671360552,
            "pop": 0.0777985677123,
            "raphiphop": 0.00562755763531,
            "rock": 0.440150797367
        },
        "probability": 0.440150797367,
        "value": "rock"
    },
    "genre_electronic": {
        "all": {
            "ambient": 0.42301595211,
            "dnb": 0.230152443051,
            "house": 0.114046186209,
            "techno": 0.028698079288,
            "trance": 0.204087331891
        },
        "probability": 0.42301595211,
        "value": "ambient"
    },
    "genre_rosamerica": {
        "all": {
            "cla": 0.00968721415848,
            "dan": 0.0156852044165,
            "hip": 0.00536142103374,
            "jaz": 0.00298553705215,
            "pop": 0.0961031094193,
            "rhy": 0.0755237936974,
            "roc": 0.793061375618,
            "spe": 0.00159233249724
        },
        "probability": 0.793061375618,
        "value": "roc"
    },
    "genre_tzanetakis": {
        "all": {
            "blu": 0.0626613423228,
            "cla": 0.0348169617355,
            "cou": 0.104475811124,
            "dis": 0.0784321576357,
            "hip": 0.15692435205,
            "jaz": 0.313974827528,
            "met": 0.0448166541755,
            "pop": 0.0627359300852,
            "reg": 0.0627360641956,
            "roc": 0.0784258767962
        },
        "probability": 0.313974827528,
        "value": "jaz"
    },
    "ismir04_rhythm": {
        "all": {
            "ChaChaCha": 0.137219935656,
            "Jive": 0.183722883463,
            "Quickstep": 0.0546500757337,
            "Rumba-American": 0.0234644152224,
            "Rumba-International": 0.0939983651042,
            "Rumba-Misc": 0.0201466418803,
            "Samba": 0.0502416491508,
            "Tango": 0.0778471007943,
            "VienneseWaltz": 0.309441387653,
            "Waltz": 0.0492675602436
        },
        "probability": 0.309441387653,
        "value": "VienneseWaltz"
    },
    "mood_acoustic": {
        "all": {
            "acoustic": 0.030720770359,
            "not_acoustic": 0.969279229641
        },
        "probability": 0.969279229641,
        "value": "not_acoustic"
    },
    "mood_aggressive": {
        "all": {
            "aggressive": 0.104595407844,
            "not_aggressive": 0.895404577255
        },
        "probability": 0.895404577255,
        "value": "not_aggressive"
    },
    "mood_electronic": {
        "all": {
            "electronic": 0.101082839072,
            "not_electronic": 0.898917138577
        },
        "probability": 0.898917138577,
        "value": "not_electronic"
    },
    "mood_happy": {
        "all": {
            "happy": 0.781145632267,
            "not_happy": 0.218854367733
        },
        "probability": 0.781145632267,
        "value": "happy"
    },
    "mood_party": {
        "all": {
            "not_party": 0.722313821316,
            "party": 0.277686178684
        },
        "probability": 0.722313821316,
        "value": "not_party"
    },
    "mood_relaxed": {
        "all": {
            "not_relaxed": 0.507742702961,
            "relaxed": 0.492257297039
        },
        "probability": 0.507742702961,
        "value": "not_relaxed"
    },
    "mood_sad": {
        "all": {
            "not_sad": 0.857234597206,
            "sad": 0.142765402794
        },
        "probability": 0.857234597206,
        "value": "not_sad"
    },
    "moods_mirex": {
        "all": {
            "Cluster1": 0.160961925983,
            "Cluster2": 0.340596139431,
            "Cluster3": 0.320122659206,
            "Cluster4": 0.140310555696,
            "Cluster5": 0.0380087345839
        },
        "probability": 0.340596139431,
        "value": "Cluster2"
    },
    "timbre": {
        "all": {
            "bright": 0.93373298645,
            "dark": 0.0662669837475
        },
        "probability": 0.93373298645,
        "value": "bright"
    },
    "tonal_atonal": {
        "all": {
            "atonal": 0.0407950505614,
            "tonal": 0.95920497179
        },
        "probability": 0.95920497179,
        "value": "tonal"
    },
    "voice_instrumental": {
        "all": {
            "instrumental": 0.00628124829382,
            "voice": 0.993718743324
        },
        "probability": 0.993718743324,
        "value": "voice"
    }
},
"lowlevel": {
    "average_loudness": 0.962169110775,
    "barkbands_crest": {
        "dmean": 2.2045712471,
        "dmean2": 3.68029642105,
        "dvar": 5.83209943771,
        "dvar2": 16.9427623749,
        "max": 25.3997802734,
        "mean": 10.648560524,
        "median": 9.75153541565,
        "min": 3.26752924919,
        "var": 17.0141296387
    },
    "barkbands_flatness_db": {
        "dmean": 0.0236269813031,
        "dmean2": 0.0333032459021,
        "dvar": 0.000677037285641,
        "dvar2": 0.00137686403468,
        "max": 0.520329654217,
        "mean": 0.175509661436,
        "median": 0.159128397703,
        "min": 0.0646519586444,
        "var": 0.00555063551292
    },
    "barkbands_kurtosis": {
        "dmean": 3.43088173866,
        "dmean2": 5.54352331161,
        "dvar": 61.375,
        "dvar2": 139.724761963,
        "max": 110.426643372,
        "mean": 4.76340723038,
        "median": 0.876582145691,
        "min": -1.84529149532,
        "var": 144.049545288
    },
    "barkbands_skewness": {
        "dmean": 0.564334392548,
        "dmean2": 0.898206532001,
        "dvar": 0.519447267056,
        "dvar2": 1.29412984848,
        "max": 9.11951160431,
        "mean": 1.57653057575,
        "median": 1.2252215147,
        "min": -0.855160176754,
        "var": 1.66096651554
    },
    "barkbands_spread": {
        "dmean": 5.14811706543,
        "dmean2": 7.9956278801,
        "dvar": 44.0442314148,
        "dvar2": 101.106994629,
        "max": 80.3116607666,
        "mean": 21.1598415375,
        "median": 20.1470813751,
        "min": 0.784450888634,
        "var": 150.233825684
    },
    "dissonance": {
        "dmean": 0.0221136752516,
        "dmean2": 0.0362790040672,
        "dvar": 0.000574730627704,
        "dvar2": 0.00146878650412,
        "max": 0.499202638865,
        "mean": 0.457829415798,
        "median": 0.468289554119,
        "min": 0.190916627645,
        "var": 0.00152328470722
    },
    "dynamic_complexity": 2.27971506119,
    "erbbands_crest": {
        "dmean": 2.64219427109,
        "dmean2": 4.29296398163,
        "dvar": 6.01010751724,
        "dvar2": 14.4700031281,
        "max": 22.856338501,
        "mean": 8.82640075684,
        "median": 8.03667926788,
        "min": 3.12290382385,
        "var": 12.5535078049
    },
    "erbbands_flatness_db": {
        "dmean": 0.0231214277446,
        "dmean2": 0.0320466011763,
        "dvar": 0.000612451171037,
        "dvar2": 0.00115704792552,
        "max": 0.390727251768,
        "mean": 0.171373650432,
        "median": 0.167044982314,
        "min": 0.062728010118,
        "var": 0.00238991016522
    },
    "erbbands_kurtosis": {
        "dmean": 0.898887038231,
        "dmean2": 1.41415548325,
        "dvar": 1.53771269321,
        "dvar2": 3.32352018356,
        "max": 16.1523399353,
        "mean": 0.411772817373,
        "median": -0.149467468262,
        "min": -1.71878266335,
        "var": 3.50616121292
    },
    "erbbands_skewness": {
        "dmean": 0.406581759453,
        "dmean2": 0.606954157352,
        "dvar": 0.156987771392,
        "dvar2": 0.326274573803,
        "max": 3.47447133064,
        "mean": 0.129942730069,
        "median": 0.108318097889,
        "min": -2.28417301178,
        "var": 0.595521807671
    },
    "erbbands_spread": {
        "dmean": 8.3676404953,
        "dmean2": 12.5851736069,
        "dvar": 106.52948761,
        "dvar2": 212.53565979,
        "max": 142.800186157,
        "mean": 34.6836090088,
        "median": 30.4726390839,
        "min": 7.29708957672,
        "var": 325.639587402
    },
    "hfc": {
        "dmean": 6.14182853699,
        "dmean2": 8.62147712708,
        "dvar": 51.8331489563,
        "dvar2": 97.8329238892,
        "max": 86.2510147095,
        "mean": 21.5067977905,
        "median": 18.9994220734,
        "min": 0.491806149483,
        "var": 216.138916016
    },
    "melbands_crest": {
        "dmean": 2.40719509125,
        "dmean2": 3.94313669205,
        "dvar": 6.39877605438,
        "dvar2": 17.7276821136,
        "max": 32.4587173462,
        "mean": 14.5694742203,
        "median": 14.8095808029,
        "min": 4.5820851326,
        "var": 19.4027881622
    },
    "melbands_flatness_db": {
        "dmean": 0.0290145780891,
        "dmean2": 0.0397271700203,
        "dvar": 0.00105478521436,
        "dvar2": 0.00216717063449,
        "max": 0.665710866451,
        "mean": 0.242966890335,
        "median": 0.225966289639,
        "min": 0.0666745901108,
        "var": 0.00947953015566
    },
    "melbands_kurtosis": {
        "dmean": 8.14020347595,
        "dmean2": 13.094250679,
        "dvar": 331.186981201,
        "dvar2": 773.383056641,
        "max": 285.832977295,
        "mean": 14.2162504196,
        "median": 5.71381473541,
        "min": -0.985217571259,
        "var": 703.748962402
    },
    "melbands_skewness": {
        "dmean": 0.774473309517,
        "dmean2": 1.21607041359,
        "dvar": 0.907473444939,
        "dvar2": 2.19197320938,
        "max": 13.1278371811,
        "mean": 2.66242814064,
        "median": 2.2428996563,
        "min": -0.116847872734,
        "var": 2.87224531174
    },
    "melbands_spread": {
        "dmean": 5.98658227921,
        "dmean2": 9.36130714417,
        "dvar": 66.2606582642,
        "dvar2": 164.951446533,
        "max": 154.021499634,
        "mean": 21.3422088623,
        "median": 20.15467453,
        "min": 0.73773086071,
        "var": 210.734512329
    },
    "pitch_salience": {
        "dmean": 0.059767909348,
        "dmean2": 0.0973472446203,
        "dvar": 0.00352879427373,
        "dvar2": 0.00938096083701,
        "max": 0.76343780756,
        "mean": 0.489092797041,
        "median": 0.486307740211,
        "min": 0.189103722572,
        "var": 0.0085277967155
    },
    "silence_rate_20dB": {
        "dmean": 0,
        "dmean2": 0,
        "dvar": 0,
        "dvar2": 0,
        "max": 1,
        "mean": 1,
        "median": 1,
        "min": 1,
        "var": 0
    },
    "silence_rate_30dB": {
        "dmean": 0,
        "dmean2": 0,
        "dvar": 0,
        "dvar2": 0,
        "max": 1,
        "mean": 1,
        "median": 1,
        "min": 1,
        "var": 0
    },
    "silence_rate_60dB": {
        "dmean": 0.00464396271855,
        "dmean2": 0.00929511990398,
        "dvar": 0.00462236255407,
        "dvar2": 0.0154055412859,
        "max": 1,
        "mean": 0.00232018553652,
        "median": 0,
        "min": 0,
        "var": 0.00231480225921
    },
    "spectral_centroid": {
        "dmean": 232.941207886,
        "dmean2": 352.508026123,
        "dvar": 65095.6171875,
        "dvar2": 149551.65625,
        "max": 3198.84814453,
        "mean": 1221.36621094,
        "median": 1216.78112793,
        "min": 148.118530273,
        "var": 296738.90625
    },
    "spectral_complexity": {
        "dmean": 3.98297214508,
        "dmean2": 5.7219209671,
        "dvar": 20.0384159088,
        "dvar2": 35.9173545837,
        "max": 52,
        "mean": 20.6233558655,
        "median": 20,
        "min": 1,
        "var": 97.894569397
    },
    "spectral_decrease": {
        "dmean": 2.56521848208e-09,
        "dmean2": 4.20189527617e-09,
        "dvar": 1.64290526993e-17,
        "dvar2": 4.21009454627e-17,
        "max": -4.23624052504e-10,
        "mean": -9.00822971772e-09,
        "median": -7.91139953549e-09,
        "min": -3.18320978465e-08,
        "var": 2.81093177502e-17
    },
    "spectral_energy": {
        "dmean": 0.0100129768252,
        "dmean2": 0.016295351088,
        "dvar": 0.000243055867031,
        "dvar2": 0.000617628800683,
        "max": 0.123783111572,
        "mean": 0.0359498858452,
        "median": 0.0321699939668,
        "min": 0.00195437134244,
        "var": 0.000431650347309
    },
    "spectral_energyband_high": {
        "dmean": 0.000335201999405,
        "dmean2": 0.000468371872557,
        "dvar": 4.5599156806e-07,
        "dvar2": 9.52472532845e-07,
        "max": 0.00940243713558,
        "mean": 0.000550853263121,
        "median": 0.000188734426047,
        "min": 1.90842648351e-08,
        "var": 8.8567247758e-07
    },
    "spectral_energyband_low": {
        "dmean": 0.00537249725312,
        "dmean2": 0.00896298419684,
        "dvar": 0.000119372714835,
        "dvar2": 0.000303355103824,
        "max": 0.0941862016916,
        "mean": 0.0168450344354,
        "median": 0.0137976137921,
        "min": 4.72706005894e-06,
        "var": 0.000222321017645
    },
    "spectral_energyband_middle_high": {
        "dmean": 0.00205282052048,
        "dmean2": 0.00295221526176,
        "dvar": 5.97676034886e-06,
        "dvar2": 1.23709023683e-05,
        "max": 0.0372786447406,
        "mean": 0.00658686039969,
        "median": 0.00569478468969,
        "min": 2.46131867243e-06,
        "var": 3.10712275677e-05
    },
    "spectral_energyband_middle_low": {
        "dmean": 0.00606061751023,
        "dmean2": 0.00991489365697,
        "dvar": 0.000162792930496,
        "dvar2": 0.000427746475907,
        "max": 0.115743882954,
        "mean": 0.01277258154,
        "median": 0.00939816981554,
        "min": 0.000649984984193,
        "var": 0.00017575432139
    },
    "spectral_entropy": {
        "dmean": 0.208370909095,
        "dmean2": 0.28388851881,
        "dvar": 0.0635791420937,
        "dvar2": 0.129669457674,
        "max": 8.46401691437,
        "mean": 7.30096912384,
        "median": 7.36653089523,
        "min": 4.62855291367,
        "var": 0.319814622402
    },
    "spectral_flux": {
        "dmean": 0.0287862569094,
        "dmean2": 0.0435791090131,
        "dvar": 0.00134498486295,
        "dvar2": 0.00298538128845,
        "max": 0.304839372635,
        "mean": 0.0860442519188,
        "median": 0.0744394138455,
        "min": 0.00709436135367,
        "var": 0.00250995671377
    },
    "spectral_kurtosis": {
        "dmean": 3.54595923424,
        "dmean2": 5.81526565552,
        "dvar": 51.1303100586,
        "dvar2": 131.116836548,
        "max": 174.286087036,
        "mean": 8.3440694809,
        "median": 5.81769657135,
        "min": -1.28093075752,
        "var": 190.037200928
    },
    "spectral_rms": {
        "dmean": 0.000787218741607,
        "dmean2": 0.00125235319138,
        "dvar": 1.26282782276e-06,
        "dvar2": 3.03986075778e-06,
        "max": 0.0109892683104,
        "mean": 0.00566982710734,
        "median": 0.0056022638455,
        "min": 0.00138083449565,
        "var": 2.92606682706e-06
    },
    "spectral_rolloff": {
        "dmean": 411.713531494,
        "dmean2": 694.685058594,
        "dvar": 651757.5,
        "dvar2": 1518294.625,
        "max": 10249.8046875,
        "mean": 1257.13635254,
        "median": 925.927734375,
        "min": 86.1328125,
        "var": 1519418.375
    },
    "spectral_skewness": {
        "dmean": 0.354977548122,
        "dmean2": 0.561014294624,
        "dvar": 0.208497092128,
        "dvar2": 0.52246260643,
        "max": 11.3658895493,
        "mean": 1.88319933414,
        "median": 1.69814765453,
        "min": 0.158603221178,
        "var": 0.992040038109
    },
    "spectral_spread": {
        "dmean": 740209.5,
        "dmean2": 1024079.125,
        "dvar": 972819660800,
        "dvar2": 1.93292363366e+12,
        "max": 13277568,
        "mean": 3848918.5,
        "median": 3375371,
        "min": 511719.5625,
        "var": 3.27485515366e+12
    },
    "spectral_strongpeak": {
        "dmean": 0.417809933424,
        "dmean2": 0.746585786343,
        "dvar": 0.726461052895,
        "dvar2": 1.95529901981,
        "max": 10.7090072632,
        "mean": 0.655986309052,
        "median": 0.369180142879,
        "min": 0.0622648447752,
        "var": 0.714691638947
    },
    "zerocrossingrate": {
        "dmean": 0.00863940361887,
        "dmean2": 0.00939761754125,
        "dvar": 0.000101077450381,
        "dvar2": 0.00010559886141,
        "max": 0.2919921875,
        "mean": 0.0478372126818,
        "median": 0.0439453125,
        "min": 0.00341796875,
        "var": 0.000943092280068
    },
    "barkbands": {
        "dmean": [0.000243074668106, 0.00384445232339, 0.00181527261157, 0.00119943334721, 0.00333552085795, 0.000986337894574, 0.000477444962598, 0.000684994680341, 0.00188658037223, 0.000629585352726, 0.000638783734757, 0.00031049316749, 0.000339937541867, 0.000414435751736, 0.000362163322279, 0.00039637539885, 0.000316853926051, 0.000240448061959, 0.000212538419873, 8.89606526471e-05, 4.45526711701e-05, 6.38584388071e-05, 0.000104133869172, 6.37346674921e-05, 4.49467697763e-05, 3.0704180972e-05, 9.79685310654e-09],
        "dmean2": [0.000390501139918, 0.00644319364801, 0.00302685657516, 0.00191382539924, 0.00593578303233, 0.00162854441442, 0.000780693429988, 0.00107744592242, 0.00294694793411, 0.000998801202513, 0.00102826778311, 0.000475943175843, 0.000528682663571, 0.000633294170257, 0.000583357235882, 0.000631612900179, 0.000493138330057, 0.000377388409106, 0.000322528008837, 0.00013356123236, 6.4841384301e-05, 9.28563968046e-05, 0.000154357097927, 9.25254571484e-05, 6.81956589688e-05, 4.78290894534e-05, 1.6422875504e-08],
        "dvar": [3.13090708914e-07, 6.42536688247e-05, 1.14920494525e-05, 4.70395343655e-06, 9.44760904531e-05, 2.67607720161e-06, 6.1302512222e-07, 2.66108099822e-06, 1.00336446849e-05, 1.26947861645e-06, 1.32725949697e-06, 5.74687760491e-07, 5.83847850066e-07, 7.37188941002e-07, 4.01120530569e-07, 5.80645576065e-07, 2.4102075713e-07, 1.63682472021e-07, 1.08836317736e-07, 2.03944594546e-08, 8.79106121232e-09, 3.3281239098e-08, 8.62279705416e-08, 2.07730561641e-08, 1.24894947717e-08, 6.43998676608e-09, 2.33201002928e-15],
        "dvar2": [7.77728644152e-07, 0.0001641655399, 3.13629243465e-05, 1.08768535938e-05, 0.000266385672148, 7.03870455254e-06, 1.62259482295e-06, 6.7977357503e-06, 2.50888842857e-05, 3.30308853336e-06, 3.229271897e-06, 1.28359124574e-06, 1.36326843858e-06, 1.70674786659e-06, 9.88379156297e-07, 1.46894888076e-06, 5.38176209375e-07, 4.13658625575e-07, 2.22553268259e-07, 4.75556980462e-08, 1.96340224079e-08, 6.8288635191e-08, 1.9423916342e-07, 4.18343297781e-08, 2.89650436969e-08, 1.65041438294e-08, 4.24922929484e-15],
        "max": [0.00501008844003, 0.0652106925845, 0.0301618855447, 0.0188964474946, 0.0806960090995, 0.0147386938334, 0.00998534541577, 0.0277686268091, 0.0368792973459, 0.0162348654121, 0.0219432953745, 0.0107904337347, 0.0140557838604, 0.0145554356277, 0.0130398673937, 0.0158107858151, 0.00726807489991, 0.00598148303106, 0.00326474849135, 0.00194370595273, 0.00132219190709, 0.00384362973273, 0.00451524276286, 0.00189132068772, 0.0021428829059, 0.000985697144642, 1.24101688925e-06],
        "mean": [0.000251561810728, 0.0113961473107, 0.0044677387923, 0.00162606628146, 0.00413795700297, 0.00165171711706, 0.000981172313914, 0.00105275656097, 0.00317699974403, 0.0012613281142, 0.00100308656693, 0.000465790159069, 0.000498295819853, 0.000635890581179, 0.000643905485049, 0.000643512350507, 0.000547178264242, 0.000467567500891, 0.000391777837649, 0.000161973861395, 6.61321973894e-05, 8.53694364196e-05, 0.000150533844135, 9.24674241105e-05, 5.81892309128e-05, 3.47450259142e-05, 7.62024754408e-09],
        "median": [9.63050842984e-05, 0.00844357162714, 0.00334269180894, 0.000632746028714, 0.0017697714502, 0.000880659499671, 0.000567970913835, 0.000489194411784, 0.00157362886239, 0.000704885227606, 0.000472774700029, 0.000160908544785, 0.000174049608177, 0.000256945408182, 0.000332195078954, 0.000307019974571, 0.000288398907287, 0.000256202067249, 0.00020347777172, 9.9096345366e-05, 2.5322115107e-05, 2.17318993236e-05, 3.42962594004e-05, 1.94380390894e-05, 9.96446942736e-06, 7.24605888536e-06, 6.34069297067e-10],
        "min": [3.08968637341e-08, 5.35146227776e-07, 1.1122746173e-06, 3.04248396787e-06, 1.88483882084e-05, 1.71427036548e-05, 9.5016338264e-07, 5.05829632402e-07, 1.05480062018e-07, 2.10010611568e-07, 1.217604364e-07, 3.40102559448e-08, 7.37907370763e-08, 5.89818967001e-08, 6.35510772895e-08, 7.10644130208e-08, 3.85623515342e-08, 1.85090609506e-08, 2.63462087702e-08, 1.0872846623e-08, 2.1162243069e-09, 2.63455102179e-09, 3.50554452133e-09, 1.88306059634e-09, 2.69962358024e-10, 7.03711264607e-12, 7.73863351872e-12],
        "var": [2.78050805491e-07, 0.000129839565489, 2.06141321542e-05, 5.92367996433e-06, 7.7551092545e-05, 4.13010229749e-06, 1.23708082356e-06, 3.96868836106e-06, 1.97805056814e-05, 2.58520390162e-06, 2.86335352939e-06, 1.08736855964e-06, 1.11845963602e-06, 1.65574033417e-06, 7.97304949174e-07, 9.6260509963e-07, 5.4428534213e-07, 3.76876812425e-07, 2.54569840763e-07, 3.85277871828e-08, 1.3207566596e-08, 4.60040254779e-08, 1.30567656242e-07, 4.63172220577e-08, 2.35936656878e-08, 6.45881703676e-09, 2.09557454634e-15]
    },
    "erbbands": {
        "dmean": [0.116497039795, 0.916556060314, 2.0972006321, 2.79626083374, 11.0409965515, 9.45236206055, 7.87834215164, 6.76306343079, 6.32620382309, 9.35887336731, 21.6228084564, 41.6723442078, 21.3937473297, 20.3967685699, 19.6273441315, 11.2955207825, 15.1398630142, 13.0002088547, 26.6284675598, 12.7496538162, 25.8880519867, 16.2762680054, 12.0909137726, 12.9442634583, 7.6439242363, 4.06536531448, 2.33208560944, 1.71022248268, 2.17974972725, 2.65392041206, 3.19156074524, 1.75366020203, 0.875879704952, 0.502279579639, 0.342963278294, 0.151355713606, 0.0589775405824, 0.00482355291024, 9.08050133148e-05, 1.44002160596e-05],
        "dmean2": [0.189506873488, 1.56370079517, 3.54186248779, 4.53738880157, 18.5058937073, 17.0348834991, 13.1011552811, 11.1519346237, 10.7172117233, 14.2743148804, 33.203414917, 64.7265167236, 33.7674827576, 32.7348823547, 31.7626838684, 17.1377925873, 23.4755649567, 19.7720241547, 42.8697547913, 19.9076118469, 41.2464256287, 24.8399295807, 18.0139102936, 19.9505310059, 11.2101449966, 6.07228851318, 3.43960928917, 2.47561645508, 3.19357299805, 3.94153213501, 4.84399175644, 2.46638417244, 1.34792757034, 0.789197266102, 0.510965526104, 0.228327959776, 0.0949744805694, 0.00809148605913, 0.000147852362716, 2.27017026191e-05],
        "dvar": [0.0627585947514, 3.56840252876, 16.9034252167, 18.6806812286, 1076.11828613, 723.04699707, 211.975982666, 100.803871155, 109.312400818, 341.063781738, 2019.28137207, 5289.26269531, 1617.8918457, 1663.07678223, 838.079162598, 710.886169434, 1248.81164551, 1136.52307129, 2080.7980957, 377.729187012, 2408.37182617, 563.452087402, 377.351135254, 401.17791748, 146.714477539, 43.415599823, 32.465549469, 15.4992580414, 37.1572685242, 55.1743431091, 86.7808227539, 17.2372627258, 4.58809757233, 1.85834097862, 0.633521556854, 0.115096136928, 0.0333531573415, 0.000212382146856, 6.67058586146e-08, 4.78330097753e-10],
        "dvar2": [0.156398996711, 9.54228687286, 47.2847099304, 47.2916183472, 2813.16577148, 2128.01049805, 558.590759277, 259.864074707, 307.984375, 873.038452148, 4952.66943359, 13272.0712891, 4190.73046875, 3928.76342773, 2055.2019043, 1664.92016602, 2906.88891602, 2647.31298828, 5058.34130859, 827.375488281, 6115.70556641, 1284.31176758, 844.051696777, 870.730041504, 301.729797363, 100.422676086, 81.9259872437, 33.9161109924, 76.2892227173, 129.068283081, 201.946426392, 32.1308135986, 10.5354623795, 4.35416603088, 1.45069038868, 0.268085807562, 0.0902712643147, 0.000581173284445, 1.80136723316e-07, 1.15821696678e-09],
        "max": [2.39606547356, 16.2759208679, 37.7455024719, 36.4300308228, 281.324127197, 205.347702026, 129.938034058, 97.0068054199, 155.796936035, 265.429077148, 814.970336914, 826.14831543, 509.131164551, 789.683288574, 342.053588867, 433.60949707, 720.432067871, 737.020751953, 814.098510742, 244.961715698, 1005.0178833, 271.639160156, 420.088745117, 262.97177124, 182.805038452, 93.2805786133, 109.403953552, 89.19581604, 132.821014404, 124.649452209, 143.004608154, 67.9292221069, 36.9211883545, 27.0082626343, 13.0942544937, 3.88522982597, 2.7965130806, 0.172944739461, 0.00321366917342, 0.000216677522985],
        "mean": [0.281540155411, 2.71441864967, 5.29886293411, 5.60553121567, 13.0601978302, 11.4338293076, 12.1275053024, 12.5849609375, 12.8793077469, 16.1352272034, 36.4786987305, 68.082321167, 45.3450775146, 41.7768058777, 32.0589408875, 19.2078914642, 24.5217533112, 22.743221283, 46.7240829468, 23.9954223633, 43.0101242065, 30.8178024292, 25.5132141113, 24.4206695557, 15.1378307343, 7.46359682083, 3.43239927292, 2.51892805099, 2.89802050591, 3.73456311226, 4.41792011261, 2.63196516037, 1.18040072918, 0.643885850906, 0.42644187808, 0.18603207171, 0.0610223300755, 0.00464367959648, 0.000109726111987, 4.70861668873e-05],
        "median": [0.189661666751, 1.99507498741, 4.26447057724, 4.00208425522, 3.33611869812, 6.08953857422, 7.13187789917, 6.96907281876, 7.72717666626, 9.02163505554, 18.0982036591, 32.5997390747, 24.4160633087, 25.5361328125, 18.1482524872, 8.49223899841, 9.19468402863, 10.1101226807, 26.2435913086, 15.1026077271, 21.3263816833, 18.5145187378, 14.1400270462, 13.0891313553, 8.75741481781, 4.59535169601, 1.47763633728, 0.967512965202, 0.763732552528, 0.824264287949, 0.972326040268, 0.61520922184, 0.200967803597, 0.0876907929778, 0.0790608376265, 0.0364409014583, 0.011359189637, 0.000870979973115, 4.02900514018e-05, 4.17488117819e-05],
        "min": [3.58600045729e-05, 0.000445668119937, 0.0026800299529, 0.0365264080465, 0.158991351724, 0.123285420239, 0.131407544017, 0.0901850312948, 0.0830630660057, 0.0256067365408, 0.0260209850967, 0.00415005674586, 0.00846950989217, 0.0197848249227, 0.0112592084333, 0.00342080253176, 0.0035177571699, 0.00350066041574, 0.00279145431705, 0.00239619426429, 0.00505053810775, 0.00303265010007, 0.00137441477273, 0.00119376019575, 0.00117506424431, 0.000506366312038, 0.000130435873871, 0.000108921034553, 8.89925286174e-05, 0.00010987794667, 9.7237607406e-05, 6.29590576864e-05, 2.4465189199e-05, 1.40429592648e-05, 9.46009276959e-06, 3.26871190737e-06, 1.72687214217e-06, 1.60279043371e-07, 1.05325784716e-06, 2.16949706555e-06],
        "var": [0.0966979116201, 7.51098775864, 24.9806461334, 28.3589515686, 1059.671875, 488.720855713, 237.327407837, 216.345657349, 206.546981812, 526.799621582, 3213.79443359, 9923.63671875, 3600.09277344, 3622.73364258, 1717.23681641, 1431.22058105, 2580.52563477, 2782.15625, 4134.26708984, 889.00378418, 3988.85620117, 1339.49133301, 1137.62841797, 968.30279541, 342.409973145, 82.3316497803, 38.9581832886, 21.6252803802, 51.218170166, 77.8947982788, 121.355064392, 37.5459098816, 8.81542682648, 3.56083226204, 1.10027885437, 0.160788074136, 0.0261813290417, 0.000162034237292, 5.49267049621e-08, 8.25675472438e-10]
    },
    "gfcc": {
        "mean": [0.652620315552, 116.740394592, -116.272315979, 30.8124809265, -45.7194786072, 13.0705451965, -34.3298530579, 20.4168167114, -17.2619724274, -5.12412977219, -16.478263855, -1.19264447689, -11.6061239243],
        "cov": [[5459.87011719, -2178.828125, -967.661071777, -141.370773315, -585.887878418, 416.335998535, -486.965942383, 366.408477783, -341.251220703, 300.795318604, -315.259277344, 355.694671631, -196.15965271], [-2178.828125, 2026.73010254, 82.2058639526, -116.021789551, 627.541015625, -229.983627319, 583.485412598, -17.9929237366, 296.019104004, -124.641616821, 303.266021729, -234.122817993, 220.488220215], [-967.661071777, 82.2058639526, 1263.7166748, 254.630783081, 94.4880905151, 246.87449646, 95.6417617798, 1.37087869644, 57.7822303772, 22.9987640381, -17.3829841614, 39.9165534973, -79.8021621704], [-141.370773315, -116.021789551, 254.630783081, 376.997650146, 58.4319801331, 22.0078144073, 14.2195243835, 16.5361785889, 54.9184951782, 6.27198410034, 1.66502249241, 26.2495002747, -14.4209136963], [-585.887878418, 627.541015625, 94.4880905151, 58.4319801331, 409.253570557, -34.6611404419, 250.667175293, 68.7742919922, 85.1956176758, 1.9630202055, 100.821723938, -34.5626907349, 40.0077323914], [416.335998535, -229.983627319, 246.87449646, 22.0078144073, -34.6611404419, 320.208374023, 30.4992313385, 48.5037498474, -18.2920703888, 58.9626045227, -8.43046188354, 44.7124633789, -54.8324623108], [-486.965942383, 583.485412598, 95.6417617798, 14.2195243835, 250.667175293, 30.4992313385, 321.327392578, 66.9855422974, 95.6407165527, -1.11493051052, 99.9453811646, -34.3053359985, 39.7637519836], [366.408477783, -17.9929237366, 1.37087869644, 16.5361785889, 68.7742919922, 48.5037498474, 66.9855422974, 202.293640137, 58.2902374268, 52.1227493286, 10.6298046112, 39.5139083862, 5.89911270142], [-341.251220703, 296.019104004, 57.7822303772, 54.9184951782, 85.1956176758, -18.2920703888, 95.6407165527, 58.2902374268, 192.336090088, 13.6778306961, 44.3276748657, -25.3589992523, 49.2228088379], [300.795318604, -124.641616821, 22.9987640381, 6.27198410034, 1.9630202055, 58.9626045227, -1.11493051052, 52.1227493286, 13.6778306961, 107.781730652, -12.5166530609, 35.3743095398, -17.0690231323], [-315.259277344, 303.266021729, -17.3829841614, 1.66502249241, 100.821723938, -8.43046188354, 99.9453811646, 10.6298046112, 44.3276748657, -12.5166530609, 125.599304199, -19.8079795837, 27.6629943848], [355.694671631, -234.122817993, 39.9165534973, 26.2495002747, -34.5626907349, 44.7124633789, -34.3053359985, 39.5139083862, -25.3589992523, 35.3743095398, -19.8079795837, 114.210609436, -22.5614757538], [-196.15965271, 220.488220215, -79.8021621704, -14.4209136963, 40.0077323914, -54.8324623108, 39.7637519836, 5.89911270142, 49.2228088379, -17.0690231323, 27.6629943848, -22.5614757538, 107.98664856]],
        "icov": [[0.000796162406914, -7.68985555624e-05, 0.000878525490407, -0.000301437597955, 0.00042058568215, -0.00109524279833, 0.000413593224948, -0.00134639884345, 0.000835854792967, -0.000813843333162, 0.00105134595651, -0.00102417718153, 0.000428584753536], [-7.68985555624e-05, 0.00583848915994, -0.00128753460012, 0.0031996332109, -0.0038846693933, 0.00266639236361, -0.00479905726388, 0.00267165736295, -0.00358657329343, 0.00220134062693, -0.00455488916487, 0.00425279140472, -0.00413247384131], [0.000878525490407, -0.00128753460012, 0.00242516212165, -0.00160023022909, 0.000915675249416, -0.00265853805467, 0.00123393163085, -0.00149798416533, 0.00112338573672, -0.000980909564532, 0.00262680649757, -0.0022583915852, 0.00192967627663], [-0.000301437597955, 0.0031996332109, -0.00160023022909, 0.00519888428971, -0.00290152174421, 0.00197894638404, -0.0020712451078, 0.00196880032308, -0.00331081193872, 0.00179033004679, -0.00277369678952, 0.0017469736049, -0.00196626782417], [0.00042058568215, -0.0038846693933, 0.000915675249416, -0.00290152174421, 0.00824529584497, -0.000826330739073, -0.000389541120967, -0.00332777178846, 0.00342124677263, -0.00269712554291, 0.00202013389207, -0.00257587688975, 0.00279434584081], [-0.00109524279833, 0.00266639236361, -0.00265853805467, 0.00197894638404, -0.000826330739073, 0.00754326535389, -0.00408786442131, 0.00206723669544, -0.00172293162905, 6.11325813225e-05, -0.00400556856766, 0.00287493830547, -0.00118366628885], [0.000413593224948, -0.00479905726388, 0.00123393163085, -0.0020712451078, -0.000389541120967, -0.00408786442131, 0.0117850825191, -0.00358492648229, 0.00184947822709, -0.00128068577033, 0.00187066115905, -0.00310651212931, 0.00293648033403], [-0.00134639884345, 0.00267165736295, -0.00149798416533, 0.00196880032308, -0.00332777178846, 0.00206723669544, -0.00358492648229, 0.0106704924256, -0.00502213835716, 0.000396632880438, -0.00280151632614, 0.000946708431002, -0.00245775980875], [0.000835854792967, -0.00358657329343, 0.00112338573672, -0.00331081193872, 0.00342124677263, -0.00172293162905, 0.00184947822709, -0.00502213835716, 0.0112448995933, -0.00385870481841, 0.00246293377131, -0.00146343139932, 8.12761754787e-06], [-0.000813843333162, 0.00220134062693, -0.000980909564532, 0.00179033004679, -0.00269712554291, 6.11325813225e-05, -0.00128068577033, 0.000396632880438, -0.00385870481841, 0.0142439743504, -0.00145272887312, -2.27078817261e-05, -0.000600897416007], [0.00105134595651, -0.00455488916487, 0.00262680649757, -0.00277369678952, 0.00202013389207, -0.00400556856766, 0.00187066115905, -0.00280151632614, 0.00246293377131, -0.00145272887312, 0.0164537560195, -0.00475780759007, 0.00290137622505], [-0.00102417718153, 0.00425279140472, -0.0022583915852, 0.0017469736049, -0.00257587688975, 0.00287493830547, -0.00310651212931, 0.000946708431002, -0.00146343139932, -2.27078817261e-05, -0.00475780759007, 0.0161050893366, -0.00322605716065], [0.000428584753536, -0.00413247384131, 0.00192967627663, -0.00196626782417, 0.00279434584081, -0.00118366628885, 0.00293648033403, -0.00245775980875, 8.12761754787e-06, -0.000600897416007, 0.00290137622505, -0.00322605716065, 0.0155408289284]]
    },
    "melbands": {
        "dmean": [0.00102928618435, 0.0011132232612, 0.000713285990059, 0.000820014975034, 0.000272879435215, 0.000160830211826, 9.13593175937e-05, 0.000107531159301, 0.000219929512241, 0.000253009435255, 0.000110750144813, 8.7280634034e-05, 8.65670226631e-05, 2.81164611806e-05, 4.32299711974e-05, 2.69736246992e-05, 2.70552500297e-05, 4.98389272252e-05, 2.14398714888e-05, 1.71524752659e-05, 3.47743807652e-05, 1.80493134394e-05, 1.38278956001e-05, 1.18597317851e-05, 1.12970728878e-05, 7.35394496587e-06, 4.30280306318e-06, 2.54816222878e-06, 1.69787074356e-06, 1.0347692978e-06, 1.06569279978e-06, 1.25733458844e-06, 1.33978005579e-06, 1.6274295831e-06, 2.02935552807e-06, 1.48963545143e-06, 9.43808288412e-07, 6.96997062732e-07, 4.5780285518e-07, 4.41650257699e-07],
        "dmean2": [0.00168640445918, 0.00187693804037, 0.00114282558206, 0.00146571861114, 0.000456211186247, 0.000265320530161, 0.000154612775077, 0.000165184057551, 0.000337784149451, 0.000395887211198, 0.000174132743268, 0.000139295647386, 0.000141020485898, 4.20954056608e-05, 6.76514027873e-05, 4.16525872424e-05, 4.10982611356e-05, 8.07021060609e-05, 3.47402783518e-05, 2.68580879492e-05, 5.54070575163e-05, 2.84458492388e-05, 2.08728888538e-05, 1.83073225344e-05, 1.76249977812e-05, 1.11331355583e-05, 6.72107444188e-06, 3.88123817174e-06, 2.59101489064e-06, 1.51194922182e-06, 1.59742398864e-06, 1.88471426554e-06, 1.97055169338e-06, 2.45840465141e-06, 3.14674707624e-06, 2.16279386223e-06, 1.32719685553e-06, 1.089484158e-06, 7.19600905086e-07, 7.08948903139e-07],
        "dvar": [4.75822798762e-06, 4.90610182169e-06, 1.91336516764e-06, 6.23670848654e-06, 2.65417924084e-07, 5.81959476165e-08, 2.29277610231e-08, 4.36928324632e-08, 1.79625232022e-07, 1.91235841385e-07, 4.43091572322e-08, 2.7195175889e-08, 1.8280367442e-08, 4.06657907348e-09, 1.30675426036e-08, 4.39149916431e-09, 5.239694012e-09, 7.86249376716e-09, 1.21662968589e-09, 9.0621615767e-10, 3.92802634863e-09, 7.16433523618e-10, 6.83919643141e-10, 4.05914357682e-10, 3.10390241287e-10, 1.38406480721e-10, 4.67916920488e-11, 1.92844039348e-11, 1.96776865635e-11, 4.25430567511e-12, 9.36154539305e-12, 1.42131246009e-11, 1.46776549248e-11, 2.26377319668e-11, 3.9513912975e-11, 1.47182682708e-11, 4.98474308705e-12, 3.23403023111e-12, 1.27979191914e-12, 1.85926512901e-12],
        "dvar2": [1.18532771012e-05, 1.37215756695e-05, 4.61790932604e-06, 1.76920930244e-05, 7.19986530839e-07, 1.52265499764e-07, 6.41317257077e-08, 1.09476573584e-07, 4.26070556614e-07, 4.87439479002e-07, 1.14124958372e-07, 6.52835225878e-08, 4.59066527014e-08, 8.77128769616e-09, 2.85224466268e-08, 9.57809120905e-09, 1.16971810016e-08, 1.86947808345e-08, 2.84685741647e-09, 2.04659600378e-09, 1.00479944365e-08, 1.65375269034e-09, 1.63455871061e-09, 9.62828039519e-10, 6.78924361175e-10, 2.82794843098e-10, 1.0375994508e-10, 4.7045176782e-11, 5.23069261515e-11, 9.07005286849e-12, 2.23093436086e-11, 2.93848868849e-11, 3.39282733852e-11, 5.52277112931e-11, 9.5199834127e-11, 2.83306000187e-11, 9.65487498977e-12, 7.98652897288e-12, 2.89423975237e-12, 4.25827689082e-12],
        "max": [0.0200077630579, 0.0197142567486, 0.0120713915676, 0.0210205633193, 0.00457883765921, 0.00204497366212, 0.00235664029606, 0.0027520027943, 0.00683640968055, 0.00488891499117, 0.00266098766588, 0.00293953251094, 0.00184684188571, 0.00136174750514, 0.00228172377683, 0.00124445487745, 0.0016783149913, 0.00138637167402, 0.000498626963235, 0.000573269499, 0.00112960767001, 0.000334156065946, 0.000454908091342, 0.000370821770048, 0.000225671610679, 0.000159042901942, 8.97203935892e-05, 5.97006473981e-05, 9.18306832318e-05, 2.81866578007e-05, 7.74063009885e-05, 9.56006406341e-05, 6.62316015223e-05, 7.41732728784e-05, 0.000107772277261, 6.22223451501e-05, 4.11686887674e-05, 3.44557811331e-05, 2.2907026505e-05, 3.25946202793e-05],
        "mean": [0.00295220594853, 0.00318054948002, 0.00120345246978, 0.000972632260527, 0.000422331504524, 0.000296098296531, 0.000187963640201, 0.000181322000572, 0.000365002691979, 0.000418053183239, 0.000228949458688, 0.0001778419537, 0.000134586181957, 4.3656957132e-05, 6.75199844409e-05, 4.08063970099e-05, 4.20284886786e-05, 8.31614015624e-05, 3.66703752661e-05, 2.93966113531e-05, 5.43063179066e-05, 3.11538351525e-05, 2.58774907707e-05, 2.21919708565e-05, 1.98559973796e-05, 1.3366920939e-05, 8.06298430689e-06, 4.1362641241e-06, 2.2847937089e-06, 1.5357642269e-06, 1.40795930292e-06, 1.60268768923e-06, 1.71806709659e-06, 2.24531345339e-06, 2.66404526883e-06, 2.18274635699e-06, 1.38720599807e-06, 8.88001693511e-07, 5.69895291846e-07, 5.30144291133e-07],
        "median": [0.00204018736258, 0.00274078152142, 0.000754162785597, 0.000336964527378, 0.000255797611317, 0.000170597792021, 0.000111096451292, 9.66969673755e-05, 0.000163396252901, 0.000203867108212, 0.000109412212623, 0.000106016937934, 6.96239876561e-05, 1.71996816789e-05, 2.19347220991e-05, 1.38508758027e-05, 1.57294798555e-05, 4.28078674304e-05, 1.91693598026e-05, 1.61629377544e-05, 2.55404320342e-05, 1.77202382474e-05, 1.27075854834e-05, 1.09475831778e-05, 9.75384318735e-06, 6.75702494846e-06, 4.70419900012e-06, 2.26846714213e-06, 8.63695049702e-07, 5.8040109252e-07, 4.7366461331e-07, 4.0249821609e-07, 3.38538143296e-07, 5.05579976107e-07, 5.587850751e-07, 5.03362457493e-07, 3.064226064e-07, 1.46964936221e-07, 7.9409915088e-08, 6.11314447951e-08],
        "min": [2.17255660573e-07, 6.40649261641e-07, 1.40046595334e-05, 7.75559783506e-06, 4.75256501886e-06, 2.07964035326e-06, 5.60452690479e-07, 1.99287640612e-07, 1.40669897064e-07, 1.54106523098e-08, 2.36667823117e-08, 3.03349736441e-08, 3.44078543435e-08, 4.27555990612e-09, 7.21657045233e-09, 4.77789408038e-09, 5.44142952918e-09, 3.07782643816e-09, 4.04188327252e-09, 3.07496406116e-09, 5.41093347906e-09, 1.49420231743e-09, 1.60178026398e-09, 8.1658874107e-10, 7.6688994044e-10, 1.12137854558e-09, 5.11354902866e-10, 2.25742521898e-10, 6.3527356986e-11, 5.91652005166e-11, 4.96283292239e-11, 4.51734760709e-11, 4.93540486257e-11, 5.27152904661e-11, 5.19105765318e-11, 4.88979863544e-11, 2.82617037412e-11, 6.17371279966e-13, 9.31580658968e-13, 8.30847218282e-13],
