{
"highlevel": {
    "danceability": {
        "all": {
            "danceable": 0.92558324337,
            "not_danceable": 0.0744167491794
        },
        "probability": 0.92558324337,
        "value": "danceable"
    },
    "gender": {
        "all": {
            "female": 0.873696148396,
            "male": 0.126303866506
        },
        "probability": 0.873696148396,
        "value": "female"
    },
    "genre_dortmund": {
        "all": {
            "alternative": 0.00418219668791,
            "blues": 0.00222610193305,
            "electronic": 0.0156810376793,
            "folkcountry": 0.0141038363799,
            "funksoulrnb": 0.0227294825017,
            "jazz": 0.00975811202079,
            "pop": 0.0299197044224,
            "raphiphop": 0.895954072475,
            "rock": 0.00544545520097
        },
        "probability": 0.895954072475,
        "value": "raphiphop"
    },
    "genre_electronic": {
        "all": {
            "ambient": 0.150523751974,
            "dnb": 0.453068584204,
            "house": 0.306779563427,
            "techno": 0.0160690341145,
            "trance": 0.0735590532422
        },
        "probability": 0.453068584204,
        "value": "dnb"
    },
    "genre_rosamerica": {
        "all": {
            "cla": 0.0175310187042,
            "dan": 0.0821749195457,
            "hip": 0.251589119434,
            "jaz": 0.0155181577429,
            "pop": 0.30269497633,
            "rhy": 0.284954220057,
            "roc": 0.0281073059887,
            "spe": 0.0174302663654
        },
        "probability": 0.30269497633,
        "value": "pop"
    },
    "genre_tzanetakis": {
        "all": {
            "blu": 0.0626613423228,
            "cla": 0.0348169617355,
            "cou": 0.104475811124,
            "dis": 0.0784321576357,
            "hip": 0.15692435205,
            "jaz": 0.313974827528,
            "met": 0.0448166541755,
            "pop": 0.0627359300852,
            "reg": 0.0627360641956,
            "roc": 0.0784258767962
        },
        "probability": 0.313974827528,
        "value": "jaz"
    },
    "ismir04_rhythm": {
        "all": {
            "ChaChaCha": 0.0221045445651,
            "Jive": 0.0369758680463,
            "Quickstep": 0.124010629952,
            "Rumba-American": 0.0066195698455,
            "Rumba-International": 0.0249278713018,
            "Rumba-Misc": 0.0109883630648,
            "Samba": 0.689932882786,
            "Tango": 0.00594271160662,
            "VienneseWaltz": 0.0719391703606,
            "Waltz": 0.00655837357044
        },
        "probability": 0.689932882786,
        "value": "Samba"
    },
    "mood_acoustic": {
        "all": {
            "acoustic": 0.438359886408,
            "not_acoustic": 0.561640143394
        },
        "probability": 0.561640143394,
        "value": "not_acoustic"
    },
    "mood_aggressive": {
        "all": {
            "aggressive": 0.186797425151,
            "not_aggressive": 0.813202559948
        },
        "probability": 0.813202559948,
        "value": "not_aggressive"
    },
    "mood_electronic": {
        "all": {
            "electronic": 0.639623820782,
            "not_electronic": 0.360376179218
        },
        "probability": 0.639623820782,
        "value": "electronic"
    },
    "mood_happy": {
        "all": {
            "happy": 0.883854806423,
            "not_happy": 0.116145223379
        },
        "probability": 0.883854806423,
        "value": "happy"
    },
    "mood_party": {
        "all": {
            "not_party": 0.410901874304,
            "party": 0.589098155499
        },
        "probability": 0.589098155499,
        "value": "party"
    },
    "mood_relaxed": {
        "all": {
            "not_relaxed": 0.828341186047,
            "relaxed": 0.171658828855
        },
        "probability": 0.828341186047,
        "value": "not_relaxed"
    },
    "mood_sad": {
        "all": {
            "not_sad": 0.645352840424,
            "sad": 0.354647189379
        },
        "probability": 0.645352840424,
        "value": "not_sad"
    },
    "moods_mirex": {
        "all": {
            "Cluster1": 0.0877681598067,
            "Cluster2": 0.468905031681,
            "Cluster3": 0.276823490858,
            "Cluster4": 0.0779723227024,
            "Cluster5": 0.0885309726
        },
        "probability": 0.468905031681,
        "value": "Cluster2"
    },
    "timbre": {
        "all": {
            "bright": 0.909739196301,
            "dark": 0.0902608260512
        },
        "probability": 0.909739196301,
        "value": "bright"
    },
    "tonal_atonal": {
        "all": {
            "atonal": 0.804939448833,
            "tonal": 0.195060566068
        },
        "probability": 0.804939448833,
        "value": "atonal"
    },
    "voice_instrumental": {
        "all": {
            "instrumental": 0.0122781498358,
            "voice": 0.987721860409
        },
        "probability": 0.987721860409,
        "value": "voice"
    }
},
"lowlevel": {
    "average_loudness": 0.971282601357,
    "barkbands_crest": {
        "dmean": 3.41334176064,
        "dmean2": 5.58246564865,
        "dvar": 8.21882152557,
        "dvar2": 21.0073547363,
        "max": 26.1701030731,
        "mean": 11.4323720932,
        "median": 10.8146123886,
        "min": 3.30070447922,
        "var": 20.8199234009
    },
    "barkbands_flatness_db": {
        "dmean": 0.0345717668533,
        "dmean2": 0.0556705519557,
        "dvar": 0.00124004553072,
        "dvar2": 0.00300903245807,
        "max": 0.406534582376,
        "mean": 0.182603448629,
        "median": 0.174669548869,
        "min": 0.0754072591662,
        "var": 0.00298808258958
    },
    "barkbands_kurtosis": {
        "dmean": 5.84192085266,
        "dmean2": 9.71810626984,
        "dvar": 110.911750793,
        "dvar2": 313.54510498,
        "max": 96.1437072754,
        "mean": 6.00333976746,
        "median": 1.9661359787,
        "min": -1.93069708347,
        "var": 133.531433105
    },
    "barkbands_skewness": {
        "dmean": 0.931114852428,
        "dmean2": 1.43742895126,
        "dvar": 1.04409503937,
        "dvar2": 2.60893297195,
        "max": 8.88695049286,
        "mean": 1.70493900776,
        "median": 1.43739008904,
        "min": -6.01612377167,
        "var": 2.55796146393
    },
    "barkbands_spread": {
        "dmean": 9.67921066284,
        "dmean2": 15.2804431915,
        "dvar": 130.956344604,
        "dvar2": 313.286132812,
        "max": 105.08757019,
        "mean": 24.0696620941,
        "median": 20.1052875519,
        "min": 0.998812437057,
        "var": 271.084320068
    },
    "dissonance": {
        "dmean": 0.0276593156159,
        "dmean2": 0.0450630113482,
        "dvar": 0.000695497205015,
        "dvar2": 0.00177205854561,
        "max": 0.500000119209,
        "mean": 0.447699338198,
        "median": 0.455367326736,
        "min": 0.259006917477,
        "var": 0.00157794263214
    },
    "dynamic_complexity": 1.94887018204,
    "erbbands_crest": {
        "dmean": 3.20337104797,
        "dmean2": 5.1575217247,
        "dvar": 7.73328733444,
        "dvar2": 17.6636390686,
        "max": 28.2825946808,
        "mean": 9.95765781403,
        "median": 8.86168861389,
        "min": 3.21832633018,
        "var": 20.7688026428
    },
    "erbbands_flatness_db": {
        "dmean": 0.0257474817336,
        "dmean2": 0.0387076027691,
        "dvar": 0.000583212240599,
        "dvar2": 0.00124166626483,
        "max": 0.39104834199,
        "mean": 0.190049260855,
        "median": 0.184860184789,
        "min": 0.0910627022386,
        "var": 0.00209223432466
    },
    "erbbands_kurtosis": {
        "dmean": 1.91140305996,
        "dmean2": 3.04946279526,
        "dvar": 8.64602851868,
        "dvar2": 18.7394504547,
        "max": 45.3209114075,
        "mean": 1.28480494022,
        "median": 0.0412600040436,
        "min": -1.82218289375,
        "var": 16.8661441803
    },
    "erbbands_skewness": {
        "dmean": 0.677460730076,
        "dmean2": 0.998662590981,
        "dvar": 0.437670260668,
        "dvar2": 0.863547503948,
        "max": 6.15721416473,
        "mean": 0.531058371067,
        "median": 0.565828680992,
        "min": -5.38802051544,
        "var": 1.4286891222
    },
    "erbbands_spread": {
        "dmean": 14.2835083008,
        "dmean2": 22.2690029144,
        "dvar": 228.588592529,
        "dvar2": 550.744018555,
        "max": 147.842453003,
        "mean": 43.6072540283,
        "median": 40.7238273621,
        "min": 3.85209584236,
        "var": 517.062683105
    },
    "hfc": {
        "dmean": 16.6023235321,
        "dmean2": 25.7594127655,
        "dvar": 856.784057617,
        "dvar2": 2145.80151367,
        "max": 345.812225342,
        "mean": 29.4419193268,
        "median": 21.8755702972,
        "min": 0.747363984585,
        "var": 1337.37109375
    },
    "melbands_crest": {
        "dmean": 3.98080992699,
        "dmean2": 6.48366641998,
        "dvar": 11.6201457977,
        "dvar2": 32.6599159241,
        "max": 30.3804092407,
        "mean": 15.0890884399,
        "median": 14.5908031464,
        "min": 3.19100999832,
        "var": 24.5776844025
    },
    "melbands_flatness_db": {
        "dmean": 0.0430530644953,
        "dmean2": 0.0652460232377,
        "dvar": 0.00187736970838,
        "dvar2": 0.00419140188023,
        "max": 0.517830073833,
        "mean": 0.208916783333,
        "median": 0.199999853969,
        "min": 0.039389397949,
        "var": 0.00666600512341
    },
    "melbands_kurtosis": {
        "dmean": 16.4488449097,
        "dmean2": 27.2893314362,
        "dvar": 1012.67047119,
        "dvar2": 2982.07373047,
        "max": 342.827087402,
        "mean": 20.2429256439,
        "median": 9.11216449738,
        "min": -1.81975364685,
        "var": 1062.31079102
    },
    "melbands_skewness": {
        "dmean": 1.27718675137,
        "dmean2": 1.96443390846,
        "dvar": 2.25812911987,
        "dvar2": 5.69241762161,
        "max": 15.3823976517,
        "mean": 3.09073328972,
        "median": 2.57356357574,
        "min": -3.04125881195,
        "var": 4.70669078827
    },
    "melbands_spread": {
        "dmean": 13.4187021255,
        "dmean2": 20.6763343811,
        "dvar": 348.608856201,
        "dvar2": 774.940429688,
        "max": 186.458740234,
        "mean": 27.2621955872,
        "median": 19.6276664734,
        "min": 0.921474158764,
        "var": 721.050537109
    },
    "pitch_salience": {
        "dmean": 0.091879338026,
        "dmean2": 0.14954765141,
        "dvar": 0.00682597840205,
        "dvar2": 0.0178012177348,
        "max": 0.847029328346,
        "mean": 0.527927398682,
        "median": 0.529218614101,
        "min": 0.0975926667452,
        "var": 0.0213016327471
    },
    "silence_rate_20dB": {
        "dmean": 0,
        "dmean2": 0,
        "dvar": 0,
        "dvar2": 0,
        "max": 1,
        "mean": 1,
        "median": 1,
        "min": 1,
        "var": 0
    },
    "silence_rate_30dB": {
        "dmean": 0.0510835908353,
        "dmean2": 0.102246321738,
        "dvar": 0.0484738647938,
        "dvar2": 0.110381476581,
        "max": 1,
        "mean": 0.958236634731,
        "median": 1,
        "min": 0,
        "var": 0.0400185734034
    },
    "silence_rate_60dB": {
        "dmean": 0.0185758508742,
        "dmean2": 0.0371804796159,
        "dvar": 0.0182309001684,
        "dvar2": 0.0404453985393,
        "max": 1,
        "mean": 0.0239752512425,
        "median": 0,
        "min": 0,
        "var": 0.0234001073986
    },
    "spectral_centroid": {
        "dmean": 499.204681396,
        "dmean2": 749.069763184,
        "dvar": 297464.78125,
        "dvar2": 618729.375,
        "max": 5548.73535156,
        "mean": 1631.9519043,
        "median": 1445.95532227,
        "min": 166.209579468,
        "var": 827871.1875
    },
    "spectral_complexity": {
        "dmean": 5.75077390671,
        "dmean2": 8.12780761719,
        "dvar": 33.1639251709,
        "dvar2": 63.2809791565,
        "max": 55,
        "mean": 17.626449585,
        "median": 16,
        "min": 2,
        "var": 97.188293457
    },
    "spectral_decrease": {
        "dmean": 4.39702585453e-09,
        "dmean2": 7.4181869536e-09,
        "dvar": 6.97788918322e-17,
        "dvar2": 2.13995343472e-16,
        "max": -1.19998080916e-10,
        "mean": -7.83262787962e-09,
        "median": -5.90822413216e-09,
        "min": -6.25392644338e-08,
        "var": 6.81923329475e-17
    },
    "spectral_energy": {
        "dmean": 0.0176806263626,
        "dmean2": 0.0296191647649,
        "dvar": 0.00100940617267,
        "dvar2": 0.00308642582968,
        "max": 0.239868849516,
        "mean": 0.0322325862944,
        "median": 0.024575445801,
        "min": 0.000534356571734,
        "var": 0.00101670855656
    },
    "spectral_energyband_high": {
        "dmean": 0.0016365944175,
        "dmean2": 0.00254139862955,
        "dvar": 1.5332005205e-05,
        "dvar2": 3.71004680346e-05,
        "max": 0.0508954077959,
        "mean": 0.00213893246837,
        "median": 0.000818511296529,
        "min": 1.74417561993e-06,
        "var": 2.36699033849e-05
    },
    "spectral_energyband_low": {
        "dmean": 0.0114640500396,
        "dmean2": 0.0204319115728,
        "dvar": 0.000980137847364,
        "dvar2": 0.00295596197248,
        "max": 0.217347636819,
        "mean": 0.0148537512869,
        "median": 0.000558450527024,
        "min": 3.15048325206e-08,
        "var": 0.00088012649212
    },
    "spectral_energyband_middle_high": {
        "dmean": 0.00246116099879,
        "dmean2": 0.00352127291262,
        "dvar": 1.0851850675e-05,
        "dvar2": 2.40789904637e-05,
        "max": 0.045665808022,
        "mean": 0.0050970162265,
        "median": 0.00345150497742,
        "min": 6.12999647274e-05,
        "var": 2.88180126518e-05
    },
    "spectral_energyband_middle_low": {
        "dmean": 0.00580864073709,
        "dmean2": 0.00874821748585,
        "dvar": 3.56630189344e-05,
        "dvar2": 7.94646693976e-05,
        "max": 0.0504966825247,
        "mean": 0.0106515120715,
        "median": 0.00802573654801,
        "min": 0.000287142582238,
        "var": 7.86572491052e-05
    },
    "spectral_entropy": {
        "dmean": 0.271956980228,
        "dmean2": 0.410122215748,
        "dvar": 0.0802325084805,
        "dvar2": 0.183687403798,
        "max": 8.62822341919,
        "mean": 7.53387594223,
        "median": 7.59567499161,
        "min": 5.77658462524,
        "var": 0.215309202671
    },
    "spectral_flux": {
        "dmean": 0.0389319472015,
        "dmean2": 0.0604713372886,
        "dvar": 0.00211771344766,
        "dvar2": 0.00479280715808,
        "max": 0.456775069237,
        "mean": 0.105962142348,
        "median": 0.096677005291,
        "min": 0.0149246100336,
        "var": 0.00400238437578
    },
    "spectral_kurtosis": {
        "dmean": 1.8562977314,
        "dmean2": 3.00643587112,
        "dvar": 8.22104263306,
        "dvar2": 18.7937374115,
        "max": 35.8438301086,
        "mean": 3.22785353661,
        "median": 2.43179178238,
        "min": -1.19456934929,
        "var": 11.6985960007
    },
    "spectral_rms": {
        "dmean": 0.0013606811408,
        "dmean2": 0.00214085704647,
        "dvar": 3.01246745948e-06,
        "dvar2": 8.74976194609e-06,
        "max": 0.0152976596728,
        "mean": 0.00510897347704,
        "median": 0.00489653414115,
        "min": 0.000722027325537,
        "var": 5.34482705916e-06
    },
    "spectral_rolloff": {
        "dmean": 963.378356934,
        "dmean2": 1620.97888184,
        "dvar": 2186912,
        "dvar2": 5114735,
        "max": 9560.7421875,
        "mean": 2014.41186523,
        "median": 1119.7265625,
        "min": 86.1328125,
        "var": 4079860.75
    },
    "spectral_skewness": {
        "dmean": 0.351935714483,
        "dmean2": 0.524333536625,
        "dvar": 0.154307082295,
        "dvar2": 0.325890153646,
        "max": 4.53549098969,
        "mean": 1.30971968174,
        "median": 1.27670156956,
        "min": -0.168255969882,
        "var": 0.387510329485
    },
    "spectral_spread": {
        "dmean": 922707.3125,
        "dmean2": 1427952.125,
        "dvar": 1.01224205517e+12,
        "dvar2": 2.58095343206e+12,
        "max": 12035410,
        "mean": 5051572.5,
        "median": 4789039.5,
        "min": 1653961.625,
        "var": 1.96797988864e+12
    },
    "spectral_strongpeak": {
        "dmean": 0.626934945583,
        "dmean2": 1.0538572073,
        "dvar": 1.04447710514,
        "dvar2": 2.80230808258,
        "max": 13.0778617859,
        "mean": 1.12148702145,
        "median": 0.619167685509,
        "min": 0,
        "var": 1.51951503754
    },
    "zerocrossingrate": {
        "dmean": 0.017601557076,
        "dmean2": 0.0197876822203,
        "dvar": 0.000309857248794,
        "dvar2": 0.000365058716852,
        "max": 0.30224609375,
        "mean": 0.0720579251647,
        "median": 0.0615234375,
        "min": 0.00439453125,
        "var": 0.00212374189869
    },
    "barkbands": {
        "dmean": [0.000241482732235, 0.00598327303305, 0.00600874656811, 0.000567860028241, 0.00123914703727, 0.00104195298627, 0.00188024807721, 0.0022820471786, 0.00116421666462, 0.000564399058931, 0.000261655484792, 0.000445938145276, 0.000360143603757, 0.000134839385282, 0.000115394912427, 7.98325127107e-05, 0.000355266005499, 0.000323545711581, 0.000461566465674, 0.000413992907852, 0.00039181302418, 0.000329467380652, 0.000475530832773, 0.000409859843785, 0.000108809741505, 1.08911062853e-05, 2.17310756057e-08],
        "dmean2": [0.000406053120969, 0.0105126267299, 0.0108473552391, 0.000840960012283, 0.00202838052064, 0.00163098645862, 0.0029276618734, 0.00341653078794, 0.00189604808111, 0.000809339457192, 0.000420165975811, 0.000689062755555, 0.000552604207769, 0.000212910337723, 0.000182447896805, 0.000119828764582, 0.000549930904526, 0.000518888467923, 0.000705720216502, 0.000629497633781, 0.000612772826571, 0.000510635029059, 0.000781290640589, 0.000665341969579, 0.000181694966159, 1.74499054992e-05, 4.06987794577e-08],
        "dvar": [6.56966221868e-07, 0.000176402245415, 0.000424294616096, 3.32298191097e-06, 5.52059282199e-06, 2.34321169046e-06, 8.4874636741e-06, 1.33397870741e-05, 5.9531671468e-06, 2.47689422395e-06, 2.72227936193e-07, 7.60754403473e-07, 4.26141752996e-07, 9.13690527682e-08, 1.13220401943e-07, 3.22343183257e-08, 5.71055352339e-07, 5.58216981972e-07, 4.18927527335e-07, 4.28640902328e-07, 6.28439295269e-07, 1.23202948998e-06, 4.0455324779e-06, 1.36188384658e-06, 1.4530377257e-07, 7.31349036887e-10, 3.15134474505e-14],
        "dvar2": [1.75611421582e-06, 0.000543980451766, 0.00122570584062, 7.05054026184e-06, 1.3556437807e-05, 5.13686973136e-06, 1.80751721928e-05, 2.41152010858e-05, 1.3931688045e-05, 4.41884230895e-06, 6.5465451371e-07, 1.8068958525e-06, 9.91815682028e-07, 2.00521853344e-07, 2.73531981065e-07, 7.45270298808e-08, 1.38194138799e-06, 1.46085210417e-06, 9.27007533846e-07, 7.6902500723e-07, 1.54934184593e-06, 3.12993961415e-06, 9.82638903224e-06, 3.74406636183e-06, 4.17594065993e-07, 1.97468108531e-09, 9.96616594047e-14],
        "max": [0.0069718118757, 0.095761552453, 0.152448117733, 0.0179871730506, 0.0196063797921, 0.0241929795593, 0.0411052964628, 0.0302070211619, 0.0241354610771, 0.0418248213828, 0.00659029697999, 0.0112638473511, 0.00774953979999, 0.00566113740206, 0.00455624843016, 0.0020525502041, 0.00890743546188, 0.00689529487863, 0.00581497559324, 0.00482084974647, 0.00889218505472, 0.0250697657466, 0.0293731056154, 0.0154109876603, 0.00848973356187, 0.000530314224306, 2.8076781291e-06],
        "mean": [0.000239553715801, 0.00926133431494, 0.00494517525658, 0.000630812428426, 0.00130792683922, 0.00177608255763, 0.00286355568096, 0.00258856359869, 0.00132878555451, 0.00130023504607, 0.000280396110611, 0.000928201538045, 0.00056504184613, 0.000157622343977, 0.000122834535432, 9.42071492318e-05, 0.000384696904803, 0.000371517788153, 0.000616276171058, 0.000536585052032, 0.00040657655336, 0.000366671243683, 0.000545797869563, 0.000478872068925, 0.000123539852211, 1.17614126793e-05, 1.30760282602e-08],
        "median": [1.59296723723e-05, 0.000269277690677, 0.000116962139145, 2.02787632588e-05, 0.000505255244207, 0.00102744158357, 0.000988189596683, 0.000498178822454, 0.000343762716511, 0.000441765907453, 8.43173329486e-05, 0.000366114429198, 0.000190597871551, 3.79131051886e-05, 1.83206357178e-05, 1.91588842426e-05, 7.24441415514e-05, 0.000122075449326, 0.000284737616312, 0.000213053397601, 7.79026231612e-05, 4.52830754512e-05, 0.000104923237814, 0.000160702489666, 4.10963330069e-05, 3.49759352503e-06, 4.06149142096e-10],
        "min": [7.10628153544e-11, 2.05584349544e-09, 1.21071952464e-08, 1.94874907322e-08, 7.89070327301e-07, 1.12675149921e-06, 3.9381429815e-06, 4.69617816634e-06, 2.97485962619e-06, 1.07037953967e-06, 2.70758022225e-07, 3.84238006745e-07, 8.61069793245e-08, 5.87452611001e-08, 9.04316408423e-08, 6.84222953851e-08, 2.28830586479e-07, 2.41084393338e-07, 5.40932944659e-07, 1.35739867346e-07, 1.06894063379e-07, 6.48146141202e-08, 1.16566404529e-07, 2.30314512351e-07, 1.03386341266e-07, 1.76910777694e-10, 7.88008373831e-12],
        "var": [5.75807405312e-07, 0.000218590605073, 0.00028049008688, 4.36886148236e-06, 5.67383040107e-06, 5.20393768966e-06, 2.65962498815e-05, 2.22257403948e-05, 7.38041217119e-06, 1.3431546904e-05, 3.03287777115e-07, 1.93693927031e-06, 7.43860880448e-07, 1.41355315009e-07, 1.28203268446e-07, 4.41682352914e-08, 6.17798036728e-07, 5.62719321806e-07, 6.93022229825e-07, 6.52843937132e-07, 6.60972830246e-07, 1.57100555498e-06, 5.3991511777e-06, 1.56042472099e-06, 1.30850310143e-07, 7.35804972507e-10, 1.91379928533e-14]
    },
    "erbbands": {
        "dmean": [0.086070291698, 1.72811901569, 6.60891246796, 4.04851675034, 2.05360126495, 4.49638271332, 8.40977191925, 9.68064403534, 25.8460330963, 29.9101295471, 45.8613739014, 28.7290802002, 18.2077121735, 12.7594680786, 14.1406707764, 14.4999074936, 15.1343736649, 8.82158851624, 5.28718662262, 5.61170911789, 5.72721195221, 18.8616676331, 18.4781036377, 20.5502719879, 22.7463169098, 19.3990821838, 16.0990581512, 13.2312746048, 10.1798772812, 13.6677885056, 14.7523555756, 13.0895433426, 3.99195933342, 1.66031634808, 0.558853149414, 0.0971813574433, 0.0125201111659, 0.000752119231038, 3.53582399839e-05, 2.4229328119e-05],
        "dmean2": [0.141111508012, 3.08069968224, 11.9024467468, 6.66751050949, 3.47511053085, 7.30578660965, 13.5946788788, 14.5720329285, 39.2226448059, 46.3662528992, 70.5462036133, 46.1082992554, 26.4558639526, 18.3675880432, 22.1733570099, 22.0022449493, 22.9713554382, 13.3440732956, 8.41863155365, 8.54640769958, 8.49208164215, 28.7850170135, 29.3064880371, 31.5190982819, 34.949432373, 29.0683002472, 24.5114936829, 20.7442913055, 15.5484275818, 20.6414966583, 24.2735958099, 21.5916023254, 6.32874584198, 2.78177404404, 0.928342580795, 0.158958524466, 0.0198900904506, 0.00117375480477, 5.63120484003e-05, 3.99496311729e-05],
        "dvar": [0.0354786813259, 15.5706863403, 454.659454346, 181.104248047, 27.5551261902, 105.17313385, 162.007156372, 170.322784424, 1684.00866699, 2651.26074219, 6113.0234375, 3472.63208008, 1573.83166504, 1002.23358154, 523.070373535, 822.363891602, 829.555236816, 283.662109375, 118.107177734, 307.384155273, 135.974212646, 1535.27026367, 1639.27941895, 1014.82147217, 1000.5836792, 917.455078125, 924.88293457, 766.427490234, 1033.35253906, 2977.09741211, 4094.34594727, 1665.12792969, 110.001075745, 32.9278869629, 3.14637732506, 0.091551437974, 0.000700020347722, 2.0991335532e-06, 5.87860427004e-09, 1.46649470345e-09],
        "dvar2": [0.0925146490335, 49.0231666565, 1348.79663086, 464.073974609, 71.3677749634, 253.077926636, 382.477539062, 387.817230225, 3248.0534668, 5166.87109375, 12383.4316406, 8002.87939453, 3275.66699219, 2004.61779785, 1241.99487305, 1950.07128906, 1966.31860352, 577.141479492, 290.517089844, 708.810058594, 314.635284424, 3576.43310547, 4279.85302734, 2228.01660156, 2400.50463867, 1635.84155273, 2068.09570312, 1884.54333496, 2410.42797852, 7340.09814453, 10471.5078125, 4481.08544922, 310.754974365, 94.643409729, 8.89638519287, 0.256363749504, 0.00182155356742, 5.20091589351e-06, 1.62061084552e-08, 4.25159640827e-09],
        "max": [1.49832689762, 26.7118453979, 150.902282715, 99.4557418823, 35.5315513611, 85.8058319092, 163.311462402, 202.272888184, 729.341064453, 534.724609375, 745.480407715, 496.242828369, 740.05078125, 799.046875, 227.653991699, 424.097320557, 335.565643311, 319.25012207, 98.8290634155, 260.150634766, 109.223518372, 484.038360596, 345.647216797, 375.114471436, 298.165618896, 216.46661377, 258.23034668, 391.894500732, 679.977539062, 1169.75305176, 1003.35229492, 579.815979004, 133.654510498, 113.662055969, 40.8226013184, 7.23360443115, 0.488692611456, 0.0229530595243, 0.00152849033475, 0.000352858798578],
        "mean": [0.143199980259, 2.46964406967, 6.3098731041, 3.79994177818, 1.70567893982, 4.73689508438, 10.3772716522, 19.4238471985, 44.5811042786, 39.3192481995, 48.584438324, 33.5040969849, 34.5114250183, 26.8603363037, 23.343170166, 30.0962505341, 22.4365940094, 14.6839170456, 6.29751777649, 6.52755594254, 6.92658042908, 21.8251876831, 21.5465488434, 25.9732475281, 31.6760349274, 25.1170520782, 17.9700527191, 13.9237117767, 11.8139877319, 15.2646179199, 15.9514255524, 14.4381332397, 4.95868587494, 1.9060292244, 0.627651870251, 0.11017922312, 0.0139049021527, 0.000797771150246, 5.25028081029e-05, 4.51785381301e-05],
        "median": [0.0105688637123, 0.0544021204114, 0.114700987935, 0.268946737051, 0.144884899259, 1.64802694321, 4.49659967422, 12.1818370819, 17.5332870483, 11.0215263367, 10.4473543167, 10.3008213043, 12.5182991028, 11.1509876251, 12.230298996, 12.6173362732, 7.79211759567, 5.09250736237, 1.77820909023, 1.05239832401, 1.33203411102, 4.70068645477, 6.97995185852, 11.4685220718, 16.2780036926, 9.84329509735, 4.483897686, 2.26331305504, 1.47543382645, 2.12116193771, 3.07089567184, 4.23184108734, 1.76571047306, 0.649116635323, 0.207776680589, 0.0404243245721, 0.00391849549487, 0.000193227475393, 3.11321455229e-05, 3.46368688042e-05],
        "min": [1.04415981639e-07, 1.41331804571e-06, 1.47220825966e-05, 5.97625657974e-05, 0.000372111069737, 0.00645524775609, 0.0228013135493, 0.02505845204, 0.291591465473, 0.115544840693, 0.101671166718, 0.0797401890159, 0.0920602083206, 0.053513251245, 0.0195335820317, 0.032613389194, 0.00627226196229, 0.00420419732109, 0.00554085196927, 0.00896296091378, 0.00625265110284, 0.0147254634649, 0.0131195113063, 0.0254580471665, 0.0190897211432, 0.00724374735728, 0.00760541902855, 0.00287180184387, 0.00177439476829, 0.00429328531027, 0.0042308694683, 0.00737346289679, 0.00302210892551, 0.00150650367141, 0.000419166084612, 0.000100977689726, 8.10276651464e-06, 7.87597855378e-07, 1.14881379432e-06, 9.36608785196e-07],
        "var": [0.0642230659723, 16.6955890656, 306.227966309, 165.526138306, 22.6774559021, 104.058319092, 252.765853882, 534.283996582, 7103.0703125, 4899.94287109, 8417.68554688, 4351.34667969, 5484.22265625, 4543.3984375, 867.195068359, 1984.15527344, 1249.3515625, 649.015686035, 135.097549438, 376.969024658, 188.655090332, 1799.6842041, 1698.04870605, 1491.40100098, 1621.99609375, 1417.77478027, 1103.33349609, 841.650634766, 1391.22973633, 4240.00585938, 4859.79394531, 1835.88781738, 134.346832275, 30.0477199554, 2.95458173752, 0.0809771046042, 0.000753776286729, 2.26449014917e-06, 6.68397381887e-09, 1.81163206658e-09]
    },
    "gfcc": {
        "mean": [-13.5590620041, 71.4903411865, -127.874603271, 29.7897968292, -97.4476852417, 12.5567216873, -37.1347236633, 20.3228244781, -27.106918335, 2.29169034958, 11.6966524124, -0.0146542908624, -8.34543704987],
        "cov": [[3462.20703125, -674.801696777, 67.7844085693, 820.698242188, 301.815704346, 167.464920044, 57.9072341919, 182.745666504, 96.395324707, 189.004806519, -259.760681152, 0.912203848362, -205.445144653], [-674.801696777, 2066.45483398, 814.320983887, 139.422714233, 793.659301758, 374.314422607, 384.977813721, -18.8767299652, 197.280578613, 23.7351913452, 390.539794922, -152.899230957, -32.6898765564], [67.7844085693, 814.320983887, 1406.46289062, 768.877929688, 500.54083252, 487.809692383, 384.545349121, 32.6578216553, 189.883590698, 180.676391602, 140.588012695, 4.67777872086, -50.3724975586], [820.698242188, 139.422714233, 768.877929688, 1004.10253906, 463.928924561, 245.233261108, 228.864303589, 30.8207092285, 193.223602295, 182.915130615, -78.6210174561, 19.7419757843, -40.8817062378], [301.815704346, 793.659301758, 500.54083252, 463.928924561, 750.886779785, 325.748199463, 189.65196228, 57.0786132812, 180.839355469, 122.750350952, 84.7205123901, -64.9475708008, -37.1554489136], [167.464920044, 374.314422607, 487.809692383, 245.233261108, 325.748199463, 500.677429199, 308.319061279, 21.4578552246, 76.4768295288, 92.7401428223, 106.774414062, -9.96222686768, -36.6099281311], [57.9072341919, 384.977813721, 384.545349121, 228.864303589, 189.65196228, 308.319061279, 545.767822266, 31.207862854, 27.6498947144, 81.8203887939, 21.7460098267, 4.43929481506, -33.2101097107], [182.745666504, -18.8767299652, 32.6578216553, 30.8207092285, 57.0786132812, 21.4578552246, 31.207862854, 394.561523438, 171.424743652, -10.823600769, 60.2181625366, -83.1531143188, -29.7978916168], [96.395324707, 197.280578613, 189.883590698, 193.223602295, 180.839355469, 76.4768295288, 27.6498947144, 171.424743652, 268.694610596, 70.7018966675, 46.7728424072, -76.2909164429, -20.6625061035], [189.004806519, 23.7351913452, 180.676391602, 182.915130615, 122.750350952, 92.7401428223, 81.8203887939, -10.823600769, 70.7018966675, 194.453155518, -7.70848703384, 29.6769943237, -8.19853591919], [-259.760681152, 390.539794922, 140.588012695, -78.6210174561, 84.7205123901, 106.774414062, 21.7460098267, 60.2181625366, 46.7728424072, -7.70848703384, 287.629730225, -11.0690393448, -14.667681694], [0.912203848362, -152.899230957, 4.67777872086, 19.7419757843, -64.9475708008, -9.96222686768, 4.43929481506, -83.1531143188, -76.2909164429, 29.6769943237, -11.0690393448, 152.137680054, 35.4524154663], [-205.445144653, -32.6898765564, -50.3724975586, -40.8817062378, -37.1554489136, -36.6099281311, -33.2101097107, -29.7978916168, -20.6625061035, -8.19853591919, -14.667681694, 35.4524154663, 105.60647583]],
        "icov": [[0.00057322147768, -4.89055018988e-05, 0.000445917859906, -0.000737224763725, 8.16176470835e-05, -0.000456834823126, 0.000303681212245, -0.000474462081911, 0.000458729307866, -0.000347135501215, 0.000348954752553, -0.000148536957568, 0.00102040963247], [-4.89055018988e-05, 0.00320602511056, -0.00185092620086, 0.00231099454686, -0.00371073395945, 0.00251061865129, -0.00229011685587, 0.00217326567508, -0.001606362639, 0.00162349722814, -0.00265090703033, 0.00167441426311, -0.000751694373321], [0.000445917859906, -0.00185092620086, 0.00320743769407, -0.00307877198793, 0.00229474762455, -0.00261233514175, 0.00122012780048, -0.00135330681223, 0.00109707564116, -0.00126393255778, 0.000798433437012, -0.000924132647924, 0.00107385474257], [-0.000737224763725, 0.00231099454686, -0.00307877198793, 0.00528313266113, -0.0037134133745, 0.00280078453943, -0.0021008818876, 0.00211840425618, -0.0027438714169, 0.00123707717285, -0.000657453201711, 0.000150020059664, -0.00112316582818], [8.16176470835e-05, -0.00371073395945, 0.00229474762455, -0.0037134133745, 0.00695681199431, -0.00409991340712, 0.00279529904947, -0.00227441033348, 0.00139843090437, -0.00227367784828, 0.00242706015706, -0.000765335338656, 0.00062191352481], [-0.000456834823126, 0.00251061865129, -0.00261233514175, 0.00280078453943, -0.00409991340712, 0.00694863963872, -0.00371511350386, 0.00221089296974, -0.00157147459686, 0.00111167656723, -0.00304609793238, 0.00125125842169, -0.000915775075555], [0.000303681212245, -0.00229011685587, 0.00122012780048, -0.0021008818876, 0.00279529904947, -0.00371511350386, 0.0048391208984, -0.00229588593356, 0.00215172651224, -0.00177710840944, 0.00250396458432, -0.0011985184392, 0.00125326856505], [-0.000474462081911, 0.00217326567508, -0.00135330681223, 0.00211840425618, -0.00227441033348, 0.00221089296974, -0.00229588593356, 0.00582228181884, -0.00427963212132, 0.00228032143787, -0.00255011487752, 0.00178754585795, -0.000803249247838], [0.000458729307866, -0.001606362639, 0.00109707564116, -0.0027438714169, 0.00139843090437, -0.00157147459686, 0.00215172651224, -0.00427963212132, 0.00947480276227, -0.00372545118444, 0.000669594621286, 0.00228611240163, 0.000162737589562], [-0.000347135501215, 0.00162349722814, -0.00126393255778, 0.00123707717285, -0.00227367784828, 0.00111167656723, -0.00177710840944, 0.00228032143787, -0.00372545118444, 0.00863185152411, -0.000887182133738, -0.00164426176343, -0.000256781320786], [0.000348954752553, -0.00265090703033, 0.000798433437012, -0.000657453201711, 0.00242706015706, -0.00304609793238, 0.00250396458432, -0.00255011487752, 0.000669594621286, -0.000887182133738, 0.00744153046981, -0.00261012697592, 0.00182234763633], [-0.000148536957568, 0.00167441426311, -0.000924132647924, 0.000150020059664, -0.000765335338656, 0.00125125842169, -0.0011985184392, 0.00178754585795, 0.00228611240163, -0.00164426176343, -0.00261012697592, 0.0111608412117, -0.00365101033822], [0.00102040963247, -0.000751694373321, 0.00107385474257, -0.00112316582818, 0.00062191352481, -0.000915775075555, 0.00125326856505, -0.000803249247838, 0.000162737589562, -0.000256781320786, 0.00182234763633, -0.00365101033822, 0.0128584196791]]
    },
    "melbands": {
        "dmean": [0.00123470416293, 0.00309459981509, 0.000672559137456, 0.000230329140322, 0.000274500082014, 0.000220338857616, 0.000374839029973, 0.000373500108253, 0.000338572572218, 0.000179560942343, 9.4299815828e-05, 6.02126965532e-05, 4.08189735026e-05, 6.28572161077e-05, 2.61086715909e-05, 3.58501201845e-05, 1.47655673572e-05, 8.51529784995e-06, 9.29548696149e-06, 5.8065002122e-06, 7.28545046513e-06, 1.84958262253e-05, 2.14392566704e-05, 1.58652710525e-05, 1.69809063664e-05, 1.86363558896e-05, 1.73620646819e-05, 1.18229536383e-05, 9.12993800739e-06, 1.15035109047e-05, 6.65084189677e-06, 5.71806504013e-06, 6.82300833432e-06, 7.74420186644e-06, 8.3091608758e-06, 8.92434673005e-06, 8.25337610877e-06, 3.09455936076e-06, 1.71250303538e-06, 1.34969513965e-06],
        "dmean2": [0.00211569108069, 0.00559579581022, 0.00113400525879, 0.000379705335945, 0.000441565323854, 0.000335755641572, 0.000577341124881, 0.000564723974094, 0.000531604629941, 0.000288676528726, 0.000137416471262, 8.67093767738e-05, 6.5175248892e-05, 9.6730174846e-05, 3.86757055821e-05, 5.49138203496e-05, 2.2701029593e-05, 1.40347920023e-05, 1.47038854266e-05, 8.5152551037e-06, 1.10936953206e-05, 2.86276517727e-05, 3.36695447913e-05, 2.64474347205e-05, 2.6068497391e-05, 2.87200582534e-05, 2.66668375843e-05, 1.7790511265e-05, 1.39512349051e-05, 1.88436024473e-05, 1.03427701106e-05, 8.5703586592e-06, 1.08305666799e-05, 1.19876976896e-05, 1.39011644933e-05, 1.49746110765e-05, 1.35260661409e-05, 4.90948195875e-06, 2.84696352537e-06, 2.29126158047e-06],
        "dvar": [7.03889418219e-06, 8.27886469779e-05, 5.03001137986e-06, 3.688248853e-07, 1.5226692085e-07, 8.30163031651e-08, 3.43286131965e-07, 3.74003491288e-07, 3.32015247295e-07, 1.49598761823e-07, 4.68440646273e-08, 2.67391246922e-08, 5.62237989499e-09, 1.56700803444e-08, 3.08705105923e-09, 3.9023086984e-09, 9.2478480429e-10, 3.4396621662e-10, 9.42140254701e-10, 2.12712125691e-10, 2.58789462082e-10, 1.65921276718e-09, 1.56443891175e-09, 2.47957454569e-09, 6.84092837933e-10, 7.50958684126e-10, 6.16680762011e-10, 3.51239121121e-10, 2.89764962025e-10, 6.16118267516e-10, 2.01897068508e-10, 2.28389529511e-10, 9.61513313413e-10, 1.08852582503e-09, 1.61276747512e-09, 1.13482490072e-09, 5.85364201555e-10, 6.08743055963e-11, 3.24485716074e-11, 2.48279834192e-11],
        "dvar2": [2.06476870517e-05, 0.000252077588812, 1.31742017402e-05, 9.25216113501e-07, 3.6362681044e-07, 1.87566797649e-07, 6.95720416388e-07, 6.7505612833e-07, 7.1382146416e-07, 3.48800085703e-07, 9.50081329165e-08, 5.15672944346e-08, 1.37006450629e-08, 3.58780916088e-08, 6.23926821319e-09, 9.24924492551e-09, 1.82775372615e-09, 8.72927508055e-10, 2.27997065672e-09, 4.41516295746e-10, 6.08043282391e-10, 4.00837230075e-09, 3.37789440863e-09, 6.90003831849e-09, 1.39627098772e-09, 1.76017267428e-09, 1.27183685805e-09, 6.30752783337e-10, 5.99748861685e-10, 1.61857527381e-09, 4.79439543621e-10, 4.93637297705e-10, 2.60866994672e-09, 2.51078358104e-09, 4.0805758772e-09, 2.98251312536e-09, 1.63482027915e-09, 1.70960259838e-10, 9.29792978721e-11, 7.19758072587e-11],
        "max": [0.021092120558, 0.0627415031195, 0.0164663754404, 0.00446569826454, 0.00436013750732, 0.00402275659144, 0.00964357890189, 0.00621237978339, 0.00513238459826, 0.00353855127469, 0.00445946492255, 0.00427205720916, 0.000893487420399, 0.00171991740353, 0.000832615245599, 0.000612656411249, 0.000668051536195, 0.000162219323101, 0.000463734817458, 0.000189389334992, 0.000143512690556, 0.000490740232635, 0.000385958875995, 0.00049984420184, 0.000324815599015, 0.000281308020931, 0.000222046786803, 0.000139036870678, 0.000138057061122, 0.000195477594389, 0.000231228841585, 0.0002664118947, 0.000725258432794, 0.000652805319987, 0.000630269933026, 0.000465788063593, 0.000321497820551, 0.00010133851174, 8.51876102388e-05, 0.000110854874947],
        "mean": [0.0019878919702, 0.0035029235296, 0.000614993507043, 0.000205807140446, 0.00034726827289, 0.000436283909949, 0.000621019746177, 0.000475161214126, 0.000350179150701, 0.000203277537366, 0.000185410899576, 0.000129971318529, 5.27293450432e-05, 0.000133789566462, 3.24078864651e-05, 5.90210438531e-05, 2.24860505114e-05, 9.52838490775e-06, 1.00077559182e-05, 6.89716762281e-06, 8.24012204248e-06, 2.03692707146e-05, 2.62553567154e-05, 1.604388126e-05, 2.11237966141e-05, 2.44796119659e-05, 2.27254695346e-05, 1.47042956087e-05, 1.04608843685e-05, 1.13406222226e-05, 7.00162991052e-06, 6.65910965836e-06, 7.16387421562e-06, 8.73430417414e-06, 8.84812016011e-06, 9.27351720748e-06, 8.96580968401e-06, 3.77186120204e-06, 1.90383798326e-06, 1.47145522078e-06],
        "median": [7.48976453906e-05, 8.40940847411e-05, 3.94273920392e-05, 4.36982263636e-05, 0.000159174698638, 0.000286806665827, 0.000245465547778, 0.000108910069684, 7.30852625566e-05, 5.34171485924e-05, 6.56640768284e-05, 4.95540698466e-05, 2.38572902163e-05, 4.8035155487e-05, 8.22659967525e-06, 2.11204114748e-05, 6.92764069754e-06, 2.33623200074e-06, 1.31040883389e-06, 1.2638483895e-06, 1.38506823077e-06, 3.52669781023e-06, 7.3030423664e-06, 4.90287584398e-06, 9.43836676015e-06, 1.14440308607e-05, 1.03796392068e-05, 4.76941477245e-06, 2.60992715084e-06, 1.71492229128e-06, 1.03324316569e-06, 7.64377716678e-07, 8.55539610711e-07, 1.13818475711e-06, 1.31805404635e-06, 2.14184365177e-06, 2.45536080001e-06, 1.22191943319e-06, 6.16647128027e-07, 4.2159615532e-07],
        "min": [6.62526145057e-10, 4.75225148122e-09, 7.6866495391e-09, 9.3671410184e-08, 7.97459392743e-07, 3.2619823287e-07, 8.58204714405e-07, 8.47570902351e-07, 5.79503819154e-07, 4.02423097512e-07, 4.12269372418e-07, 1.06079419027e-07, 4.29952144998e-08, 3.88816232544e-08, 9.899512321e-09, 8.46376302377e-09, 6.67300659174e-09, 4.12023171137e-09, 5.32460608937e-09, 6.12798656263e-09, 7.07716951709e-09, 1.48011221057e-08, 1.29448540775e-08, 1.161254648e-08, 2.12846309466e-08, 1.96423695087e-08, 5.79501735487e-09, 4.26439283885e-09, 5.67569724552e-09, 2.07943040564e-09, 1.61525348652e-10, 4.63818428109e-10, 1.22113752443e-09, 9.87941728425e-10, 2.13242490332e-09, 3.14896331233e-09, 4.35976721391e-09, 1.88198279183e-09, 1.45112488692e-09, 5.45075484748e-10],
