{
"highlevel": {
    "danceability": {
        "all": {
            "danceable": 0.021244443953,
            "not_danceable": 0.978755533695
        },
        "probability": 0.978755533695,
        "value": "not_danceable"
    },
    "gender": {
        "all": {
            "female": 0.886728584766,
            "male": 0.113271400332
        },
        "probability": 0.886728584766,
        "value": "female"
    },
    "genre_dortmund": {
        "all": {
            "alternative": 0.34360703826,
            "blues": 0.00486589083448,
            "electronic": 0.0965055823326,
            "folkcountry": 0.357215166092,
            "funksoulrnb": 0.0041771074757,
            "jazz": 0.0380412936211,
            "pop": 0.106842391193,
            "raphiphop": 0.000925058266148,
            "rock": 0.0478204637766
        },
        "probability": 0.357215166092,
        "value": "folkcountry"
    },
    "genre_electronic": {
        "all": {
            "ambient": 0.975324451923,
            "dnb": 0.00294093950652,
            "house": 0.0134502667934,
            "techno": 0.00102682819124,
            "trance": 0.00725752860308
        },
        "probability": 0.975324451923,
        "value": "ambient"
    },
    "genre_rosamerica": {
        "all": {
            "cla": 0.793189525604,
            "dan": 0.00626925798133,
            "hip": 0.00565112149343,
            "jaz": 0.0299596693367,
            "pop": 0.0658451393247,
            "rhy": 0.0474361367524,
            "roc": 0.0377230979502,
            "spe": 0.0139260487631
        },
        "probability": 0.793189525604,
        "value": "cla"
    },
    "genre_tzanetakis": {
        "all": {
            "blu": 2.41873721052e-09,
            "cla": 1.32889932392e-09,
            "cou": 2.66348876288e-09,
            "dis": 5.32179056378e-09,
            "hip": 1.11687779025e-08,
            "jaz": 0.999984443188,
            "met": 1.59675224154e-08,
            "pop": 2.23543779043e-08,
            "reg": 1.550280831e-05,
            "roc": 2.20953904062e-08
        },
        "probability": 0.999984443188,
        "value": "jaz"
    },
    "ismir04_rhythm": {
        "all": {
            "ChaChaCha": 0.0142969070002,
            "Jive": 0.00436555081978,
            "Quickstep": 0.0254767648876,
            "Rumba-American": 0.0119458083063,
            "Rumba-International": 0.0919999182224,
            "Rumba-Misc": 0.0136100435629,
            "Samba": 0.00380625436082,
            "Tango": 0.0395698137581,
            "VienneseWaltz": 0.248404785991,
            "Waltz": 0.546524167061
        },
        "probability": 0.546524167061,
        "value": "Waltz"
    },
    "mood_acoustic": {
        "all": {
            "acoustic": 0.966504216194,
            "not_acoustic": 0.0334957577288
        },
        "probability": 0.966504216194,
        "value": "acoustic"
    },
    "mood_aggressive": {
        "all": {
            "aggressive": 0.0384044349194,
            "not_aggressive": 0.961595535278
        },
        "probability": 0.961595535278,
        "value": "not_aggressive"
    },
    "mood_electronic": {
        "all": {
            "electronic": 0.400615036488,
            "not_electronic": 0.599384963512
        },
        "probability": 0.599384963512,
        "value": "not_electronic"
    },
    "mood_happy": {
        "all": {
            "happy": 0.187476485968,
            "not_happy": 0.812523543835
        },
        "probability": 0.812523543835,
        "value": "not_happy"
    },
    "mood_party": {
        "all": {
            "not_party": 0.997520208359,
            "party": 0.00247980863787
        },
        "probability": 0.997520208359,
        "value": "not_party"
    },
    "mood_relaxed": {
        "all": {
            "not_relaxed": 0.0112449983135,
            "relaxed": 0.988754987717
        },
        "probability": 0.988754987717,
        "value": "relaxed"
    },
    "mood_sad": {
        "all": {
            "not_sad": 0.039988771081,
            "sad": 0.96001124382
        },
        "probability": 0.96001124382,
        "value": "sad"
    },
    "moods_mirex": {
        "all": {
            "Cluster1": 0.106438316405,
            "Cluster2": 0.15354052186,
            "Cluster3": 0.595676839352,
            "Cluster4": 0.135693490505,
            "Cluster5": 0.00865085143596
        },
        "probability": 0.595676839352,
        "value": "Cluster3"
    },
    "timbre": {
        "all": {
            "bright": 0.987927138805,
            "dark": 0.0120728332549
        },
        "probability": 0.987927138805,
        "value": "bright"
    },
    "tonal_atonal": {
        "all": {
            "atonal": 0.000195757645997,
            "tonal": 0.999804258347
        },
        "probability": 0.999804258347,
        "value": "tonal"
    },
    "voice_instrumental": {
        "all": {
            "instrumental": 0.800098478794,
            "voice": 0.199901536107
        },
        "probability": 0.800098478794,
        "value": "instrumental"
    }
},
"lowlevel": {
    "average_loudness": 0.969227969646,
    "barkbands_crest": {
        "dmean": 1.93495357037,
        "dmean2": 3.09917783737,
        "dvar": 2.97597622871,
        "dvar2": 7.59310388565,
        "max": 19.6543998718,
        "mean": 8.90966892242,
        "median": 8.42840099335,
        "min": 3.9333460331,
        "var": 7.68662548065
    },
    "barkbands_flatness_db": {
        "dmean": 0.022495245561,
        "dmean2": 0.0333842933178,
        "dvar": 0.000381173653295,
        "dvar2": 0.000860918022227,
        "max": 0.39584428072,
        "mean": 0.261575460434,
        "median": 0.261832118034,
        "min": 0.0971584618092,
        "var": 0.00288380426355
    },
    "barkbands_kurtosis": {
        "dmean": 0.989007353783,
        "dmean2": 1.52404069901,
        "dvar": 1.39416074753,
        "dvar2": 3.22350502014,
        "max": 12.7914791107,
        "mean": 1.0824688673,
        "median": 0.635812520981,
        "min": -1.4451392889,
        "var": 3.2826192379
    },
    "barkbands_skewness": {
        "dmean": 0.319510489702,
        "dmean2": 0.484428226948,
        "dvar": 0.0721003338695,
        "dvar2": 0.169190511107,
        "max": 2.77493000031,
        "mean": 0.375247597694,
        "median": 0.334905922413,
        "min": -1.51364600658,
        "var": 0.39008435607
    },
    "barkbands_spread": {
        "dmean": 1.51854431629,
        "dmean2": 2.2497344017,
        "dvar": 2.5673956871,
        "dvar2": 4.54582643509,
        "max": 45.0556983948,
        "mean": 8.45124340057,
        "median": 8.16983222961,
        "min": 2.17805886269,
        "var": 10.5406398773
    },
    "dissonance": {
        "dmean": 0.0408943369985,
        "dmean2": 0.0684866756201,
        "dvar": 0.00100637751166,
        "dvar2": 0.00287404796109,
        "max": 0.498314321041,
        "mean": 0.412118822336,
        "median": 0.417489141226,
        "min": 0.240046858788,
        "var": 0.00229488243349
    },
    "dynamic_complexity": 1.29594767094,
    "erbbands_crest": {
        "dmean": 3.10060930252,
        "dmean2": 4.89792108536,
        "dvar": 6.72235012054,
        "dvar2": 15.9203109741,
        "max": 28.0966320038,
        "mean": 12.1817426682,
        "median": 11.3134994507,
        "min": 4.58601999283,
        "var": 18.4124240875
    },
    "erbbands_flatness_db": {
        "dmean": 0.0235984902829,
        "dmean2": 0.033458057791,
        "dvar": 0.000438477320131,
        "dvar2": 0.000949319917709,
        "max": 0.424509346485,
        "mean": 0.291678786278,
        "median": 0.290393024683,
        "min": 0.118005305529,
        "var": 0.00372544722632
    },
    "erbbands_kurtosis": {
        "dmean": 1.31885111332,
        "dmean2": 2.08261203766,
        "dvar": 2.23831892014,
        "dvar2": 5.40029430389,
        "max": 19.9106063843,
        "mean": 1.93486142159,
        "median": 1.32385063171,
        "min": -1.53923332691,
        "var": 5.81232118607
    },
    "erbbands_skewness": {
        "dmean": 0.357751190662,
        "dmean2": 0.545760929585,
        "dvar": 0.0987824872136,
        "dvar2": 0.218075782061,
        "max": 3.56420946121,
        "mean": 0.441816687584,
        "median": 0.424138993025,
        "min": -1.68771862984,
        "var": 0.440296560526
    },
    "erbbands_spread": {
        "dmean": 2.67544054985,
        "dmean2": 3.99030470848,
        "dvar": 8.70972251892,
        "dvar2": 14.750825882,
        "max": 84.9411773682,
        "mean": 11.6310462952,
        "median": 10.390206337,
        "min": 2.70944833755,
        "var": 40.562286377
    },
    "hfc": {
        "dmean": 3.8915913105,
        "dmean2": 5.76269245148,
        "dvar": 17.983953476,
        "dvar2": 38.4108352661,
        "max": 74.5954818726,
        "mean": 15.7430057526,
        "median": 13.8285074234,
        "min": 3.3832526207,
        "var": 61.4730529785
    },
    "melbands_crest": {
        "dmean": 2.3087117672,
        "dmean2": 3.75682258606,
        "dvar": 4.0176024437,
        "dvar2": 10.1198635101,
        "max": 25.9934444427,
        "mean": 10.8838891983,
        "median": 10.4571380615,
        "min": 4.7022023201,
        "var": 10.2616119385
    },
    "melbands_flatness_db": {
        "dmean": 0.0253858920187,
        "dmean2": 0.0361339338124,
        "dvar": 0.0005155216204,
        "dvar2": 0.00113835628144,
        "max": 0.502388000488,
        "mean": 0.351080238819,
        "median": 0.352985262871,
        "min": 0.108637981117,
        "var": 0.00424070330337
    },
    "melbands_kurtosis": {
        "dmean": 1.21711683273,
        "dmean2": 1.89161670208,
        "dvar": 2.53268814087,
        "dvar2": 6.1217546463,
        "max": 21.7812595367,
        "mean": 1.36344611645,
        "median": 0.67897439003,
        "min": -1.54471540451,
        "var": 6.14841508865
    },
    "melbands_skewness": {
        "dmean": 0.347738742828,
        "dmean2": 0.530442476273,
        "dvar": 0.0854080244899,
        "dvar2": 0.198121443391,
        "max": 3.62707209587,
        "mean": 0.711869001389,
        "median": 0.67692899704,
        "min": -1.13964796066,
        "var": 0.434357434511
    },
    "melbands_spread": {
        "dmean": 2.12237763405,
        "dmean2": 3.22789883614,
        "dvar": 3.55095696449,
        "dvar2": 7.25877761841,
        "max": 60.4614906311,
        "mean": 12.1723947525,
        "median": 11.9273099899,
        "min": 2.84250211716,
        "var": 16.9145565033
    },
    "pitch_salience": {
        "dmean": 0.0528514124453,
        "dmean2": 0.0850655287504,
        "dvar": 0.00177134701516,
        "dvar2": 0.00479673082009,
        "max": 0.792216181755,
        "mean": 0.594439148903,
        "median": 0.596446931362,
        "min": 0.357063770294,
        "var": 0.00495415972546
    },
    "silence_rate_20dB": {
        "dmean": 0,
        "dmean2": 0,
        "dvar": 0,
        "dvar2": 0,
        "max": 1,
        "mean": 1,
        "median": 1,
        "min": 1,
        "var": 0
    },
    "silence_rate_30dB": {
        "dmean": 0.0030959751457,
        "dmean2": 0.00619674660265,
        "dvar": 0.00308636808768,
        "dvar2": 0.00770752411336,
        "max": 1,
        "mean": 0.997679829597,
        "median": 1,
        "min": 0,
        "var": 0.00231482204981
    },
    "silence_rate_60dB": {
        "dmean": 0,
        "dmean2": 0,
        "dvar": 0,
        "dvar2": 0,
        "max": 0,
        "mean": 0,
        "median": 0,
        "min": 0,
        "var": 0
    },
    "spectral_centroid": {
        "dmean": 51.4906082153,
        "dmean2": 77.4914932251,
        "dvar": 3697.09326172,
        "dvar2": 6130.65966797,
        "max": 2270.64770508,
        "mean": 553.128112793,
        "median": 538.067443848,
        "min": 317.477294922,
        "var": 19394.5390625
    },
    "spectral_complexity": {
        "dmean": 1.54566562176,
        "dmean2": 2.57707214355,
        "dvar": 1.82066512108,
        "dvar2": 4.61276626587,
        "max": 30,
        "mean": 13.9945859909,
        "median": 14,
        "min": 7,
        "var": 5.34027099609
    },
    "spectral_decrease": {
        "dmean": 1.89133575468e-09,
        "dmean2": 2.83890133623e-09,
        "dvar": 4.70816108619e-18,
        "dvar2": 1.04328568349e-17,
        "max": -2.20510099069e-09,
        "mean": -8.73541772251e-09,
        "median": -7.98862931362e-09,
        "min": -3.43367503319e-08,
        "var": 1.38918200997e-17
    },
    "spectral_energy": {
        "dmean": 0.00745857739821,
        "dmean2": 0.0111973844469,
        "dvar": 7.30094398023e-05,
        "dvar2": 0.00016130975564,
        "max": 0.1363607198,
        "mean": 0.0343973748386,
        "median": 0.0314184240997,
        "min": 0.00865335855633,
        "var": 0.000216437925701
    },
    "spectral_energyband_high": {
        "dmean": 1.67398811755e-05,
        "dmean2": 2.14862538996e-05,
        "dvar": 7.24284054954e-09,
        "dvar2": 7.21141502069e-09,
        "max": 0.00268510030583,
        "mean": 3.46388660546e-05,
        "median": 5.107018751e-06,
        "min": 6.51048424061e-08,
        "var": 2.73555347263e-08
    },
    "spectral_energyband_low": {
        "dmean": 0.00161234824918,
        "dmean2": 0.00250048725866,
        "dvar": 3.68282167074e-06,
        "dvar2": 9.30499118112e-06,
        "max": 0.0359276235104,
        "mean": 0.00689592398703,
        "median": 0.00545624177903,
        "min": 0.000471149338409,
        "var": 2.02076898859e-05
    },
    "spectral_energyband_middle_high": {
        "dmean": 0.00168732635211,
        "dmean2": 0.00256482861005,
        "dvar": 4.10334541812e-06,
        "dvar2": 9.74056274572e-06,
        "max": 0.0367525070906,
        "mean": 0.00453811697662,
        "median": 0.00338742416352,
        "min": 0.000509719015099,
        "var": 1.26538634504e-05
    },
    "spectral_energyband_middle_low": {
        "dmean": 0.0068161576055,
        "dmean2": 0.0102518936619,
        "dvar": 6.24050517217e-05,
        "dvar2": 0.000138160350616,
        "max": 0.120542928576,
        "mean": 0.0252398755401,
        "median": 0.022526614368,
        "min": 0.00203765020706,
        "var": 0.000179789290996
    },
    "spectral_entropy": {
        "dmean": 0.162096783519,
        "dmean2": 0.244435325265,
        "dvar": 0.0237699802965,
        "dvar2": 0.0517627187073,
        "max": 7.94952249527,
        "mean": 6.31909036636,
        "median": 6.26849317551,
        "min": 5.33107089996,
        "var": 0.170989841223
    },
    "spectral_flux": {
        "dmean": 0.0178606081754,
        "dmean2": 0.0292591825128,
        "dvar": 0.000329380767653,
        "dvar2": 0.000761171977501,
        "max": 0.220201000571,
        "mean": 0.0743710249662,
        "median": 0.0678530558944,
        "min": 0.031296748668,
        "var": 0.000734546978492
    },
    "spectral_kurtosis": {
        "dmean": 20.5147247314,
        "dmean2": 33.6269340515,
        "dvar": 482.219177246,
        "dvar2": 1284.08056641,
        "max": 167.135345459,
        "mean": 47.9239311218,
        "median": 34.3132247925,
        "min": 0.0539588928223,
        "var": 1309.82617188
    },
    "spectral_rms": {
        "dmean": 0.000607165100519,
        "dmean2": 0.000901652616449,
        "dvar": 3.58807881184e-07,
        "dvar2": 7.70140843542e-07,
        "max": 0.0115340733901,
        "mean": 0.00567782809958,
        "median": 0.00553643563762,
        "min": 0.00290556368418,
        "var": 1.32067702907e-06
    },
    "spectral_rolloff": {
        "dmean": 84.749130249,
        "dmean2": 144.293685913,
        "dvar": 27432.328125,
        "dvar2": 68279.859375,
        "max": 4220.5078125,
        "mean": 727.56451416,
        "median": 732.12890625,
        "min": 258.3984375,
        "var": 42446.5390625
    },
    "spectral_skewness": {
        "dmean": 1.10652816296,
        "dmean2": 1.86202836037,
        "dvar": 1.17218899727,
        "dvar2": 3.30981731415,
        "max": 9.7572221756,
        "mean": 4.79178380966,
        "median": 4.34766197205,
        "min": 0.633477807045,
        "var": 3.09238600731
    },
    "spectral_spread": {
        "dmean": 381122.25,
        "dmean2": 584213.6875,
        "dvar": 364278808576,
        "dvar2": 525922664448,
        "max": 19007064,
        "mean": 1756519.5,
        "median": 1489085.25,
        "min": 434285.34375,
        "var": 1.24847049933e+12
    },
    "spectral_strongpeak": {
        "dmean": 0.636436223984,
        "dmean2": 1.05382454395,
        "dvar": 0.563830137253,
        "dvar2": 1.38352715969,
        "max": 6.90786981583,
        "mean": 1.4557942152,
        "median": 1.16826677322,
        "min": 0.0456121563911,
        "var": 1.07745587826
    },
    "zerocrossingrate": {
        "dmean": 0.00269499514252,
        "dmean2": 0.00335556245409,
        "dvar": 1.03318743641e-05,
        "dvar2": 1.04342298073e-05,
        "max": 0.10693359375,
        "mean": 0.0264366716146,
        "median": 0.025390625,
        "min": 0.01220703125,
        "var": 5.94328266743e-05
    },
    "barkbands": {
        "dmean": [0.000141404030728, 0.00110515614506, 0.000466342229629, 0.000810621248093, 0.00226929271594, 0.0018174109282, 0.00248416280374, 0.00254001445137, 0.00131309975404, 0.00174948771019, 0.000430399319157, 0.000241428264417, 0.000161329619004, 0.00018508193898, 9.52082991716e-05, 1.95063457795e-05, 2.42335099756e-05, 1.62231408467e-05, 5.70556267121e-06, 5.37605001227e-06, 5.01925069329e-06, 3.93130403609e-06, 2.85357100438e-06, 2.2118938432e-06, 3.03975207316e-06, 5.62605464438e-07, 1.86659998569e-09],
        "dmean2": [0.000250922254054, 0.00168801262043, 0.000766710960306, 0.00137644424103, 0.00376801518723, 0.00283437315375, 0.00395330414176, 0.00387605186552, 0.00190672569443, 0.00259292125702, 0.000685420876835, 0.000377139716875, 0.000259771128185, 0.000302321190247, 0.00016052488354, 3.20356302836e-05, 4.03452613682e-05, 2.59280604951e-05, 8.85305234988e-06, 8.69608811627e-06, 7.42656402508e-06, 4.79207074022e-06, 3.75808031094e-06, 3.16907312481e-06, 3.98996462536e-06, 8.52283619679e-07, 3.08615644151e-09],
        "dvar": [4.28137241215e-08, 1.5114268308e-06, 6.3650827542e-07, 2.09377094507e-06, 7.11779875928e-06, 1.14716613098e-05, 1.79203816515e-05, 1.81468694791e-05, 2.82532732854e-06, 4.94876985613e-06, 6.78072808569e-07, 1.52295768885e-07, 8.31089579378e-08, 8.38442915096e-08, 1.70730380944e-08, 1.26720833826e-09, 2.55796681614e-08, 1.24109096333e-08, 4.0374179e-10, 2.92048524253e-10, 9.63388591124e-10, 6.15712814067e-10, 2.55067744703e-10, 1.58211319046e-10, 1.53092788446e-10, 2.41346764622e-12, 2.37586018381e-16],
        "dvar2": [1.30206530002e-07, 4.05697619499e-06, 1.53240455347e-06, 5.59741874895e-06, 1.98947145691e-05, 2.61109744315e-05, 4.20862088504e-05, 3.93489244743e-05, 5.62480681765e-06, 1.13283049359e-05, 1.59245757914e-06, 3.38111362908e-07, 2.36784373442e-07, 2.10115544519e-07, 4.3709697195e-08, 3.22317394996e-09, 7.2719060995e-08, 3.07352756579e-08, 9.79120562405e-10, 7.21288695438e-10, 1.44355660758e-09, 8.78373929147e-10, 4.64029425995e-10, 2.88935264603e-10, 1.71721678544e-10, 4.29273370323e-12, 2.43313390472e-16],
        "max": [0.00212783063762, 0.0178940389305, 0.0158432498574, 0.0224825739861, 0.0376158095896, 0.0496285408735, 0.0628067329526, 0.0945215374231, 0.0258938670158, 0.0340685173869, 0.0101807955652, 0.00524553284049, 0.00485624372959, 0.00548131763935, 0.0013097677147, 0.000629438087344, 0.00551715632901, 0.00328866997734, 0.000570695090573, 0.000312810472678, 0.000953643291723, 0.000959325465374, 0.000513360893819, 0.000340515107382, 0.000359628873412, 4.586828436e-05, 5.51962500595e-07],
        "mean": [0.000447546335636, 0.00352870719507, 0.00144605326932, 0.00213632034138, 0.00532533600926, 0.00416141701862, 0.00441725878045, 0.00446843635291, 0.00291306572035, 0.00358988787048, 0.000662626349367, 0.000416847178712, 0.000272026838502, 0.00030786532443, 0.000155122819706, 3.42768980772e-05, 4.0621835069e-05, 2.59568023466e-05, 9.09650862013e-06, 7.87854787632e-06, 9.12061841518e-06, 6.42392660666e-06, 4.48582522949e-06, 3.51775724994e-06, 6.5375234044e-06, 9.93845333142e-07, 1.59719892867e-09],
        "median": [0.000270367687335, 0.00345338252373, 0.00100254267454, 0.000487513199914, 0.0032209274359, 0.00223963381723, 0.00281131686643, 0.00271350098774, 0.00177260080818, 0.00217071245424, 0.000334598997142, 0.000212564249523, 0.000143455545185, 0.000172811283846, 0.000101115794678, 2.12522718357e-05, 1.18674797704e-05, 3.89403294321e-06, 3.6110820929e-06, 2.02081332645e-06, 1.18761317935e-06, 6.01115061727e-07, 5.24053746176e-07, 2.91960674303e-07, 3.47270940892e-07, 1.04214251451e-07, 5.28049548532e-10],
        "min": [1.7019173626e-08, 0.000188749225345, 1.85677833997e-06, 2.8670381198e-06, 0.000104940743768, 3.39641555911e-05, 5.40126020496e-05, 9.69726170297e-05, 7.68052705098e-05, 6.85938066454e-05, 4.7338053264e-06, 6.87056035531e-06, 3.40830160894e-06, 6.6771699494e-06, 1.35489426611e-06, 2.15626323552e-06, 1.23483380321e-06, 3.37111458748e-07, 1.96494283955e-07, 6.6231763185e-08, 1.72678422672e-08, 6.71566491306e-09, 2.59399524083e-09, 1.06581764248e-10, 2.44225282359e-11, 1.95328839908e-11, 2.14958589123e-11],
        "var": [1.72624098127e-07, 2.00189811039e-06, 2.9348263979e-06, 1.18187581393e-05, 2.96736634482e-05, 3.41597733495e-05, 2.95788977382e-05, 3.44074614986e-05, 1.01594605439e-05, 1.76634002855e-05, 1.05185858956e-06, 3.41515800528e-07, 1.66159821902e-07, 1.75386574597e-07, 2.96369933039e-08, 2.39609532215e-09, 5.03739698843e-08, 1.96218277182e-08, 9.04202324126e-10, 5.0679554997e-10, 2.90934387692e-09, 1.52682033683e-09, 6.63380572696e-10, 3.55554780063e-10, 5.65556879106e-10, 7.13491462093e-12, 2.37528181912e-16]
    },
    "erbbands": {
        "dmean": [0.0430179424584, 0.220164597034, 0.452708423138, 1.81836390495, 4.10285949707, 10.6921110153, 8.35622215271, 16.7234668732, 32.4980430603, 48.1434898376, 48.117980957, 33.0242538452, 44.1815109253, 40.8882408142, 14.2907619476, 11.8432950974, 7.58952236176, 9.56900596619, 4.83996391296, 4.11239147186, 1.06434845924, 1.17651617527, 0.941569626331, 0.340462505817, 0.248224049807, 0.249897152185, 0.192394837737, 0.209525898099, 0.144606798887, 0.11616550386, 0.0715422108769, 0.0460613965988, 0.0420019999146, 0.0501370616257, 0.0136669781059, 0.00342359789647, 0.00102436344605, 8.01420756034e-05, 4.46301282864e-06, 8.38442520035e-06],
        "dmean2": [0.0636923089623, 0.34453484416, 0.760981738567, 2.98184633255, 6.91703891754, 17.793422699, 13.5291090012, 26.009552002, 49.3782844543, 79.268661499, 70.6572799683, 47.017868042, 64.2807769775, 62.3638038635, 22.3502941132, 18.3861217499, 12.2534017563, 15.5324440002, 7.93158388138, 6.910176754, 1.76216506958, 1.93283355236, 1.35265266895, 0.536078035831, 0.398375242949, 0.411413490772, 0.301658570766, 0.317547976971, 0.181347861886, 0.152121588588, 0.0949762314558, 0.06338365376, 0.0579998232424, 0.0679026320577, 0.0180799197406, 0.00503361877054, 0.00164210866205, 0.00013038686302, 6.59600209474e-06, 1.26167442431e-05],
        "dvar": [0.00251648924313, 0.0710094496608, 0.404748737812, 11.8770418167, 28.246181488, 205.389297485, 256.221252441, 970.110107422, 3909.73144531, 9153.27832031, 5188.25390625, 1835.4934082, 3947.32202148, 4853.98828125, 723.11505127, 364.999176025, 176.707748413, 171.213562012, 76.7275390625, 61.0187568665, 5.47307157516, 59.6859474182, 26.812412262, 1.48214292526, 0.651516914368, 0.510296463966, 1.00688993931, 2.18396949768, 0.778826475143, 0.525868475437, 0.127342447639, 0.0512694083154, 0.057639401406, 0.0437447316945, 0.00248897005804, 0.000100491779449, 8.79167146195e-06, 5.43610880754e-08, 3.48872389311e-11, 9.19406287214e-11],
        "dvar2": [0.00643547112122, 0.198805823922, 1.00848162174, 29.0133018494, 81.0907821655, 579.242675781, 596.667053223, 2152.51782227, 8843.08691406, 22183.3886719, 9737.64355469, 3471.73510742, 7758.86279297, 12307.0244141, 1558.36401367, 782.475097656, 493.801086426, 417.690612793, 201.110824585, 160.744979858, 13.5137872696, 155.572647095, 47.8956604004, 3.01364731789, 1.48215782642, 1.2576842308, 1.97411262989, 3.64601206779, 0.890881717205, 0.952189385891, 0.192202806473, 0.0866348519921, 0.090580701828, 0.0569147318602, 0.0031550237909, 0.0001591276814, 1.99839141715e-05, 1.28805524469e-07, 7.05739980345e-11, 2.02328639953e-10],
        "max": [0.602080106735, 4.13521957397, 10.8777418137, 64.5845336914, 62.6983413696, 222.101165771, 242.331039429, 449.572357178, 984.683044434, 1867.83117676, 1313.23144531, 647.455993652, 1242.86364746, 1157.34631348, 512.361022949, 271.723266602, 212.746063232, 188.665206909, 189.258270264, 82.8568725586, 41.7165222168, 284.254425049, 178.496994019, 37.2505645752, 23.9418907166, 11.6435775757, 30.9181632996, 45.29529953, 33.6855278015, 22.7587871552, 11.3505458832, 5.67014026642, 6.93776464462, 6.1228966713, 1.55491125584, 0.30785998702, 0.0735453888774, 0.00569488434121, 0.000137339433422, 0.000154542707605],
        "mean": [0.122065789998, 0.70644235611, 1.57552599907, 5.69634962082, 7.89276313782, 25.8911743164, 18.6199531555, 37.7686920166, 61.626625061, 79.8471908569, 95.0425338745, 76.1451263428, 103.599479675, 74.4482803345, 25.4151039124, 21.4887866974, 14.2943286896, 17.1631984711, 8.56189537048, 6.47305870056, 2.07906293869, 2.19341158867, 1.74384725094, 0.634782016277, 0.422823607922, 0.372587800026, 0.304499804974, 0.379262834787, 0.247191220522, 0.18015371263, 0.11733417213, 0.0731646046042, 0.068084448576, 0.0996536538005, 0.0289307106286, 0.00663045886904, 0.0015706702834, 0.000103165293694, 1.89972561202e-05, 3.88852895412e-05],
        "median": [0.125658914447, 0.660579323769, 1.34472036362, 1.35616540909, 5.94936037064, 10.8020820618, 11.6687498093, 20.0136203766, 37.1891899109, 44.6004714966, 59.0238761902, 48.3086395264, 56.6158828735, 38.2262458801, 15.1555318832, 12.0194673538, 8.21025371552, 10.5201244354, 5.77566719055, 2.83187532425, 1.19867110252, 0.575579822063, 0.278077542782, 0.232645750046, 0.154235377908, 0.107651628554, 0.0544417910278, 0.0346092730761, 0.0229177772999, 0.0161126442254, 0.0145513238385, 0.00710208620876, 0.00443505169824, 0.00463303411379, 0.00163441640325, 0.000629666552413, 0.000159501141752, 1.22906740216e-05, 1.66513054864e-05, 3.57265307684e-05],
        "min": [0.00296436832286, 0.0536013916135, 0.06949942559, 0.0624134913087, 0.208260342479, 0.35313886404, 0.507873356342, 0.55153208971, 0.773792088032, 1.61580681801, 2.9515953064, 2.91031932831, 3.15723276138, 2.17363452911, 1.02876579762, 0.911422967911, 0.671852648258, 0.679693996906, 0.73871165514, 0.137766376138, 0.1986233145, 0.0863219872117, 0.0330113098025, 0.0120616620407, 0.009268139489, 0.00374567718245, 0.00136796280276, 0.000427983817644, 0.000153947359649, 0.000165296543855, 8.00038760644e-05, 3.68018736481e-05, 1.94345520868e-05, 1.4602182091e-05, 8.67320886755e-06, 7.13963527232e-06, 3.97870962843e-06, 7.73808153554e-07, 5.16063710165e-06, 1.04436094261e-05],
        "var": [0.00352219026536, 0.118166230619, 2.05361628532, 89.2213516235, 49.9951133728, 1008.11010742, 482.663238525, 2673.16210938, 6562.68701172, 14492.8105469, 13430.0878906, 6719.19189453, 19278.1523438, 10058.1074219, 1194.47631836, 797.486755371, 362.478912354, 385.176544189, 136.941390991, 97.7339477539, 12.0271053314, 158.255432129, 88.8266677856, 4.75778055191, 1.54228413105, 1.00026655197, 2.19142794609, 5.91740512848, 2.19146108627, 1.22694396973, 0.422444373369, 0.132601007819, 0.14701141417, 0.144044876099, 0.00906437356025, 0.000341205042787, 1.94191306946e-05, 8.14869949295e-08, 1.01555243381e-10, 2.74724715199e-10]
    },
    "gfcc": {
        "mean": [-71.3770904541, 203.29498291, -110.63381958, -21.4241752625, -50.4128303528, 4.68726491928, -23.405046463, 3.52596831322, -8.11212539673, -0.189648330212, -6.61970806122, -9.72701072693, 1.01754331589],
        "cov": [[2489.09448242, -1921.27514648, 361.557861328, 684.772094727, -680.697814941, 558.223632812, -369.567352295, 441.804718018, -538.162963867, 149.863677979, -364.310821533, 151.307601929, -159.065460205], [-1921.27514648, 1770.60656738, -339.412994385, -626.078796387, 605.305297852, -530.361572266, 318.710632324, -452.067718506, 436.812316895, -145.942825317, 319.162719727, -132.438339233, 138.909515381], [361.557861328, -339.412994385, 206.738082886, 93.1800231934, -120.353530884, 127.923347473, -82.5535888672, 105.519569397, -130.856445312, 24.7283344269, -95.4960403442, 21.3299808502, -37.9974861145], [684.772094727, -626.078796387, 93.1800231934, 369.531402588, -214.531585693, 175.46484375, -117.207130432, 119.996192932, -135.865539551, 10.256485939, -110.275230408, 22.9447994232, -47.1724586487], [-680.697814941, 605.305297852, -120.353530884, -214.531585693, 312.8152771, -161.166473389, 83.4308395386, -137.321594238, 126.933509827, -55.7659263611, 70.295425415, -43.4502754211, 34.3794937134], [558.223632812, -530.361572266, 127.923347473, 175.46484375, -161.166473389, 271.659454346, -90.0781097412, 148.353500366, -160.714508057, 13.0800390244, -112.673606873, 10.7532997131, -48.4604492188], [-369.567352295, 318.710632324, -82.5535888672, -117.207130432, 83.4308395386, -90.0781097412, 152.206771851, -68.6279678345, 75.9108810425, -33.4833183289, 54.4998054504, -25.9516220093, 5.33664035797], [441.804718018, -452.067718506, 105.519569397, 119.996192932, -137.321594238, 148.353500366, -68.6279678345, 205.712539673, -121.06552124, 21.872127533, -88.8229446411, 18.0536499023, -49.6439590454], [-538.162963867, 436.812316895, -130.856445312, -135.865539551, 126.933509827, -160.714508057, 75.9108810425, -121.06552124, 206.229248047, -19.4334907532, 105.660316467, -27.5747146606, 39.9474830627], [149.863677979, -145.942825317, 24.7283344269, 10.256485939, -55.7659263611, 13.0800390244, -33.4833183289, 21.872127533, -19.4334907532, 101.484916687, -3.65185809135, 26.8463382721, -6.01722097397], [-364.310821533, 319.162719727, -95.4960403442, -110.275230408, 70.295425415, -112.673606873, 54.4998054504, -88.8229446411, 105.660316467, -3.65185809135, 137.372207642, -16.3077278137, 27.9765834808], [151.307601929, -132.438339233, 21.3299808502, 22.9447994232, -43.4502754211, 10.7532997131, -25.9516220093, 18.0536499023, -27.5747146606, 26.8463382721, -16.3077278137, 84.6065750122, 6.91240119934], [-159.065460205, 138.909515381, -37.9974861145, -47.1724586487, 34.3794937134, -48.4604492188, 5.33664035797, -49.6439590454, 39.9474830627, -6.01722097397, 27.9765834808, 6.91240119934, 87.5715484619]],
        "icov": [[0.00393839273602, 0.00165765138809, 0.00276233348995, 4.19602656621e-05, 0.00366471381858, 0.000441319571109, 0.00306510971859, 0.0012305531418, 0.00422468548641, -0.000125691905851, 0.00278584007174, -0.000887404137757, 0.0023060166277], [0.00165765138809, 0.0258785430342, -0.00696132937446, 0.0123453522101, -0.0160614270717, 0.010415064171, -0.0100722974166, 0.0153772709891, -0.00539339380339, 0.0133303431794, -0.0126863289624, 0.0121094677597, -0.0065355845727], [0.00276233348995, -0.00696132937446, 0.0153419775888, -0.00144423800521, 0.0108560705557, -0.00319400406443, 0.00914192013443, -0.00398440472782, 0.00851562991738, -0.00397736299783, 0.0102595295757, -0.0041517065838, 0.00598571449518], [4.19602656621e-05, 0.0123453522101, -0.00144423800521, 0.0129645196721, -0.0044135954231, 0.00435130950063, -0.0019742064178, 0.0083495490253, -0.00276137562469, 0.00878446921706, -0.00368038378656, 0.00662818364799, -0.00163936370518], [0.00366471381858, -0.0160614270717, 0.0108560705557, -0.0044135954231, 0.0242165774107, -0.00506818667054, 0.012781185098, -0.00678549846634, 0.00882538221776, -0.00627685571089, 0.0153814842924, -0.00766962207854, 0.00876383855939], [0.000441319571109, 0.010415064171, -0.00319400406443, 0.00435130950063, -0.00506818667054, 0.0138099901378, -0.00297185848467, 0.00399863207713, 0.000890457129572, 0.00638025905937, -0.00334522570483, 0.00681022834033, -0.0021179751493], [0.00306510971859, -0.0100722974166, 0.00914192013443, -0.0019742064178, 0.012781185098, -0.00297185848467, 0.0193639211357, -0.00448237126693, 0.00656250584871, -0.00286911311559, 0.00933608785272, -0.00500817224383, 0.00828637462109], [0.0012305531418, 0.0153772709891, -0.00398440472782, 0.0083495490253, -0.00678549846634, 0.00399863207713, -0.00448237126693, 0.0195256285369, -0.00157400267199, 0.00807699561119, -0.00492393318564, 0.00712325889617, -0.000885413493961], [0.00422468548641, -0.00539339380339, 0.00851562991738, -0.00276137562469, 0.00882538221776, 0.000890457129572, 0.00656250584871, -0.00157400267199, 0.0192684251815, -0.00375644606538, 0.00395672256127, -0.00272630085237, 0.004075598903], [-0.000125691905851, 0.0133303431794, -0.00397736299783, 0.00878446921706, -0.00627685571089, 0.00638025905937, -0.00286911311559, 0.00807699561119, -0.00375644606538, 0.0200908910483, -0.00781442224979, 0.00416081864387, -0.00235655484721], [0.00278584007174, -0.0126863289624, 0.0102595295757, -0.00368038378656, 0.0153814842924, -0.00334522570483, 0.00933608785272, -0.00492393318564, 0.00395672256127, -0.00781442224979, 0.0255545731634, -0.0060160253197, 0.00637186411768], [-0.000887404137757, 0.0121094677597, -0.0041517065838, 0.00662818364799, -0.00766962207854, 0.00681022834033, -0.00500817224383, 0.00712325889617, -0.00272630085237, 0.00416081864387, -0.0060160253197, 0.0208825916052, -0.00612527597696], [0.0023060166277, -0.0065355845727, 0.00598571449518, -0.00163936370518, 0.00876383855939, -0.0021179751493, 0.00828637462109, -0.000885413493961, 0.004075598903, -0.00235655484721, 0.00637186411768, -0.00612527597696, 0.0184962823987]]
    },
    "melbands": {
        "dmean": [0.000329176604282, 0.000237141066464, 0.000335475575412, 0.00053666124586, 0.000325983332004, 0.000373570015654, 0.000498786801472, 0.000517261971254, 0.000375397037715, 0.000189834274352, 0.000222317452426, 0.000177414141945, 6.09205599176e-05, 2.84158249997e-05, 2.36186151596e-05, 1.24629659695e-05, 2.06490203709e-05, 8.44551504997e-06, 5.12600627189e-06, 3.68436326426e-06, 1.14994236355e-06, 1.20661604797e-06, 1.37898575758e-06, 5.78134688567e-07, 2.82831933873e-07, 1.96294280386e-07, 1.99716410521e-07, 1.73251251567e-07, 1.20198748732e-07, 1.48331821492e-07, 1.34828169962e-07, 8.56539372762e-08, 7.83251508096e-08, 6.47509281748e-08, 4.53710775616e-08, 3.17204644773e-08, 2.91471433655e-08, 3.00599900527e-08, 3.58242431275e-08, 4.76520547465e-08],
        "dmean2": [0.00049336720258, 0.000393668044126, 0.000558283529244, 0.000899310980458, 0.000529363402165, 0.000581712578423, 0.000758908572607, 0.000845351780299, 0.000547327916138, 0.00027444268926, 0.000324406137224, 0.000269890238997, 9.66985171544e-05, 4.34241374023e-05, 3.73779512302e-05, 1.98775305762e-05, 3.367424506e-05, 1.3854099052e-05, 8.60094678501e-06, 6.18630065219e-06, 1.94880908566e-06, 2.00089107238e-06, 1.9326362235e-06, 9.0103679895e-07, 4.46272679255e-07, 3.15021992492e-07, 3.20145119304e-07, 2.9314276162e-07, 1.83764882422e-07, 2.43150083179e-07, 2.01820910206e-07, 1.16573602327e-07, 1.06447465953e-07, 9.42772118151e-08, 6.37826644834e-08, 4.09032168136e-08, 4.36251923475e-08, 4.27992894458e-08, 4.76748809319e-08, 6.6357060291e-08],
        "dvar": [1.36184155508e-07, 9.53450154384e-08, 2.99348272392e-07, 3.99542614105e-07, 2.49891883186e-07, 5.02764237353e-07, 8.58442319895e-07, 1.10527707875e-06, 2.88302373974e-07, 5.80386974036e-08, 9.73638947244e-08, 9.56000008046e-08, 1.33798838675e-08, 2.03979499958e-09, 1.27212151924e-09, 3.94760474309e-10, 8.14487532974e-10, 3.33908400929e-10, 6.38516114981e-11, 4.3669422245e-11, 1.0477264889e-11, 5.02226524257e-11, 7.57534104889e-11, 6.01572741274e-12, 9.53333007155e-13, 4.2793207671e-13, 4.91671482174e-13, 2.76032994205e-13, 2.75078543928e-13, 1.14902596986e-12, 1.02754838058e-12, 2.52637402101e-13, 3.28599560756e-13, 1.6480335163e-13, 4.3997733923e-14, 2.71239770282e-14, 2.49325164464e-14, 3.28380104684e-14, 2.82644747044e-14, 3.6875792811e-14],
        "dvar2": [3.60375054242e-07, 2.53046522403e-07, 7.72602788857e-07, 1.12755253667e-06, 6.09658627582e-07, 1.12962209187e-06, 1.94585709323e-06, 2.63206356976e-06, 5.35186018169e-07, 1.14664857165e-07, 1.9079799074e-07, 2.38558243382e-07, 3.10896304256e-08, 4.45381331815e-09, 3.32216054666e-09, 1.03942698892e-09, 2.01859307047e-09, 8.8034235457e-10, 1.64151331417e-10, 1.15979614801e-10, 2.72108099941e-11, 1.33794572643e-10, 1.42925088431e-10, 1.23075898431e-11, 2.25052723853e-12, 9.76108191671e-13, 1.25605916727e-12, 7.12385771033e-13, 6.02206923651e-13, 2.39964970637e-12, 1.88172481069e-12, 2.87833667491e-13, 6.73007981809e-13, 3.47512546083e-13, 7.0909918833e-14, 3.88713753297e-14, 5.0992471015e-14, 6.16858723389e-14, 3.26877197185e-14, 5.62085608906e-14],
        "max": [0.00501424400136, 0.00421495363116, 0.00915186200291, 0.00842621829361, 0.00690786726773, 0.0118015455082, 0.0149073591456, 0.0228249747306, 0.00988294463605, 0.00349076790735, 0.00611770153046, 0.00503118801862, 0.00142135622445, 0.000660309684463, 0.000548053707462, 0.000306153233396, 0.000385823077522, 0.000407570565585, 0.000112359215564, 7.25610443624e-05, 5.89975752519e-05, 0.000241487869062, 0.00032192398794, 7.45982906665e-05, 2.8047394153e-05, 2.10870985029e-05, 1.5472420273e-05, 1.0297978406e-05, 1.45905924001e-05, 3.01810960082e-05, 3.54085059371e-05, 1.83398042282e-05, 2.01826151169e-05, 1.15187576739e-05, 6.67078256811e-06, 4.86144517708e-06, 4.01428042096e-06, 4.8375213737e-06, 5.10632116857e-06, 5.32732292413e-06],
        "mean": [0.0010519704083, 0.000872221193276, 0.000938560755458, 0.00121422321536, 0.000805522140581, 0.000851228425745, 0.000945633801166, 0.000871716067195, 0.000757868285291, 0.00043504772475, 0.000511888414621, 0.000309467228362, 9.59262179094e-05, 4.86217395519e-05, 4.34236171714e-05, 2.3939210223e-05, 3.40575752489e-05, 1.4078103959e-05, 8.43318321131e-06, 5.72872477278e-06, 2.05600372283e-06, 2.13531075133e-06, 2.4001778911e-06, 1.00810711956e-06, 4.52202499446e-07, 3.04723783984e-07, 2.95042838161e-07, 2.31838171771e-07, 1.7204172309e-07, 2.28158654636e-07, 2.12409858591e-07, 1.42662869962e-07, 1.1327796301e-07, 9.63313482316e-08, 7.2803970852e-08, 4.98721703934e-08, 4.16534433612e-08, 4.20329264728e-08, 6.55125731441e-08, 9.08841855107e-08],
        "median": [0.000993374036625, 0.000768742174841, 0.000345338805346, 0.000798359804321, 0.000483192066895, 0.000445523066446, 0.000569132273085, 0.000497340166476, 0.000490787730087, 0.000268510280875, 0.000275917962426, 0.000138840958243, 4.89637932333e-05, 2.65768467216e-05, 2.69704669336e-05, 1.43440765896e-05, 1.97376211872e-05, 9.10016842681e-06, 5.13372515343e-06, 2.69384781859e-06, 9.11372808332e-07, 6.06953847182e-07, 3.64196409919e-07, 2.0584340632e-07, 1.76725080792e-07, 1.06119884435e-07, 8.40287981418e-08, 5.47050262867e-08, 3.04931440098e-08, 2.36063932846e-08, 1.79361112629e-08, 1.30896653516e-08, 7.37805372353e-09, 8.94800766815e-09, 8.26804225085e-09, 5.08012210076e-09, 3.21794280111e-09, 2.18255813422e-09, 3.45067241447e-09, 3.72176289787e-09],
