{
"highlevel": {
    "danceability": {
        "all": {
            "danceable": 0.999500215054,
            "not_danceable": 0.000499764981214
        },
        "probability": 0.999500215054,
        "value": "danceable"
    },
    "gender": {
        "all": {
            "female": 0.162664577365,
            "male": 0.837335407734
        },
        "probability": 0.837335407734,
        "value": "male"
    },
    "genre_dortmund": {
        "all": {
            "alternative": 0.0222998652607,
            "blues": 0.0478105507791,
            "electronic": 0.110060170293,
            "folkcountry": 0.0731162726879,
            "funksoulrnb": 0.02554211393,
            "jazz": 0.0945568010211,
            "pop": 0.126166015863,
            "raphiphop": 0.469404608011,
            "rock": 0.0310435947031
        },
        "probability": 0.469404608011,
        "value": "raphiphop"
    },
    "genre_electronic": {
        "all": {
            "ambient": 0.0945305898786,
            "dnb": 0.051602166146,
            "house": 0.710972249508,
            "techno": 0.0121668037027,
            "trance": 0.130728185177
        },
        "probability": 0.710972249508,
        "value": "house"
    },
    "genre_rosamerica": {
        "all": {
            "cla": 0.0101863145828,
            "dan": 0.244424387813,
            "hip": 0.201381981373,
            "jaz": 0.0266150645912,
            "pop": 0.0980835556984,
            "rhy": 0.351693838835,
            "roc": 0.0504396930337,
            "spe": 0.0171751640737
        },
        "probability": 0.351693838835,
        "value": "rhy"
    },
    "genre_tzanetakis": {
        "all": {
            "blu": 0.0626613423228,
            "cla": 0.0348169617355,
            "cou": 0.104475811124,
            "dis": 0.0784321576357,
            "hip": 0.15692435205,
            "jaz": 0.313974827528,
            "met": 0.0448166541755,
            "pop": 0.0627359300852,
            "reg": 0.0627360641956,
            "roc": 0.0784258767962
        },
        "probability": 0.313974827528,
        "value": "jaz"
    },
    "ismir04_rhythm": {
        "all": {
            "ChaChaCha": 0.0324196256697,
            "Jive": 0.102770857513,
            "Quickstep": 0.0360918007791,
            "Rumba-American": 0.0134699121118,
            "Rumba-International": 0.0887955650687,
            "Rumba-Misc": 0.00972554739565,
            "Samba": 0.693247437477,
            "Tango": 0.0123743200675,
            "VienneseWaltz": 0.0062666805461,
            "Waltz": 0.00483823101968
        },
        "probability": 0.693247437477,
        "value": "Samba"
    },
    "mood_acoustic": {
        "all": {
            "acoustic": 0.0592189282179,
            "not_acoustic": 0.940781056881
        },
        "probability": 0.940781056881,
        "value": "not_acoustic"
    },
    "mood_aggressive": {
        "all": {
            "aggressive": 0.0224838033319,
            "not_aggressive": 0.977516174316
        },
        "probability": 0.977516174316,
        "value": "not_aggressive"
    },
    "mood_electronic": {
        "all": {
            "electronic": 0.85829693079,
            "not_electronic": 0.141703099012
        },
        "probability": 0.85829693079,
        "value": "electronic"
    },
    "mood_happy": {
        "all": {
            "happy": 0.58451128006,
            "not_happy": 0.415488749743
        },
        "probability": 0.58451128006,
        "value": "happy"
    },
    "mood_party": {
        "all": {
            "not_party": 0.264522433281,
            "party": 0.735477566719
        },
        "probability": 0.735477566719,
        "value": "party"
    },
    "mood_relaxed": {
        "all": {
            "not_relaxed": 0.814406812191,
            "relaxed": 0.185593158007
        },
        "probability": 0.814406812191,
        "value": "not_relaxed"
    },
    "mood_sad": {
        "all": {
            "not_sad": 0.82429677248,
            "sad": 0.17570322752
        },
        "probability": 0.82429677248,
        "value": "not_sad"
    },
    "moods_mirex": {
        "all": {
            "Cluster1": 0.234515309334,
            "Cluster2": 0.412271410227,
            "Cluster3": 0.10846414417,
            "Cluster4": 0.228284195065,
            "Cluster5": 0.0164649393409
        },
        "probability": 0.412271410227,
        "value": "Cluster2"
    },
    "timbre": {
        "all": {
            "bright": 0.997418761253,
            "dark": 0.00258126435801
        },
        "probability": 0.997418761253,
        "value": "bright"
    },
    "tonal_atonal": {
        "all": {
            "atonal": 0.174522995949,
            "tonal": 0.825477004051
        },
        "probability": 0.825477004051,
        "value": "tonal"
    },
    "voice_instrumental": {
        "all": {
            "instrumental": 0.0839603021741,
            "voice": 0.916039705276
        },
        "probability": 0.916039705276,
        "value": "voice"
    }
},
"lowlevel": {
    "average_loudness": 0.970988035202,
    "barkbands_crest": {
        "dmean": 3.27016758919,
        "dmean2": 4.90979862213,
        "dvar": 10.0155191422,
        "dvar2": 19.717754364,
        "max": 26.7605857849,
        "mean": 15.2614593506,
        "median": 15.345541954,
        "min": 2.7106757164,
        "var": 31.7274589539
    },
    "barkbands_flatness_db": {
        "dmean": 0.043644759804,
        "dmean2": 0.0627874359488,
        "dvar": 0.00212137843482,
        "dvar2": 0.00442398432642,
        "max": 0.510363399982,
        "mean": 0.206455007195,
        "median": 0.197485178709,
        "min": 0.0482008010149,
        "var": 0.00582504691556
    },
    "barkbands_kurtosis": {
        "dmean": 19.6859436035,
        "dmean2": 30.1924381256,
        "dvar": 6373.28271484,
        "dvar2": 13734.3691406,
        "max": 2238.1394043,
        "mean": 22.1025905609,
        "median": 5.37281417847,
        "min": -1.93828308582,
        "var": 7529.08349609
    },
    "barkbands_skewness": {
        "dmean": 1.35088825226,
        "dmean2": 1.96931886673,
        "dvar": 3.64584350586,
        "dvar2": 6.89830064774,
        "max": 36.8161087036,
        "mean": 2.89961528778,
        "median": 2.21897745132,
        "min": -2.80909943581,
        "var": 8.39710330963
    },
    "barkbands_spread": {
        "dmean": 7.73520326614,
        "dmean2": 11.8092470169,
        "dvar": 82.2621917725,
        "dvar2": 187.46081543,
        "max": 108.613449097,
        "mean": 17.6403865814,
        "median": 14.5079193115,
        "min": 0.10720153898,
        "var": 169.038391113
    },
    "dissonance": {
        "dmean": 0.0328713133931,
        "dmean2": 0.0535025969148,
        "dvar": 0.00119705009274,
        "dvar2": 0.00308207562193,
        "max": 0.499928981066,
        "mean": 0.436697721481,
        "median": 0.451691925526,
        "min": 0.217925831676,
        "var": 0.00259619066492
    },
    "dynamic_complexity": 2.53319835663,
    "erbbands_crest": {
        "dmean": 3.68742704391,
        "dmean2": 5.75201749802,
        "dvar": 10.3302583694,
        "dvar2": 23.3711452484,
        "max": 31.6890335083,
        "mean": 10.8161296844,
        "median": 9.7265329361,
        "min": 2.85662412643,
        "var": 26.2496776581
    },
    "erbbands_flatness_db": {
        "dmean": 0.0284901075065,
        "dmean2": 0.0418856926262,
        "dvar": 0.000815583742224,
        "dvar2": 0.00183795648627,
        "max": 0.388425052166,
        "mean": 0.166618511081,
        "median": 0.157777309418,
        "min": 0.0617562271655,
        "var": 0.00258197588846
    },
    "erbbands_kurtosis": {
        "dmean": 2.37216448784,
        "dmean2": 3.67364096642,
        "dvar": 18.3931789398,
        "dvar2": 43.0889320374,
        "max": 56.4092483521,
        "mean": 2.07680273056,
        "median": 0.471529483795,
        "min": -1.79776299,
        "var": 25.0530433655
    },
    "erbbands_skewness": {
        "dmean": 0.657783985138,
        "dmean2": 0.97652810812,
        "dvar": 0.476374775171,
        "dvar2": 1.05497169495,
        "max": 6.56520080566,
        "mean": 0.634987175465,
        "median": 0.533321261406,
        "min": -3.48723173141,
        "var": 1.15312981606
    },
    "erbbands_spread": {
        "dmean": 14.9107141495,
        "dmean2": 22.8150672913,
        "dvar": 270.68649292,
        "dvar2": 626.145996094,
        "max": 154.153564453,
        "mean": 43.1274986267,
        "median": 38.0558891296,
        "min": 2.57438707352,
        "var": 690.043457031
    },
    "hfc": {
        "dmean": 11.636136055,
        "dmean2": 17.5774478912,
        "dvar": 345.524414062,
        "dvar2": 856.88079834,
        "max": 206.986557007,
        "mean": 20.1180706024,
        "median": 14.4443035126,
        "min": 0.328375339508,
        "var": 423.280273438
    },
    "melbands_crest": {
        "dmean": 3.89212417603,
        "dmean2": 5.9540309906,
        "dvar": 14.3777494431,
        "dvar2": 31.9348316193,
        "max": 35.4256286621,
        "mean": 20.7075328827,
        "median": 20.5880432129,
        "min": 4.15409612656,
        "var": 49.3606452942
    },
    "melbands_flatness_db": {
        "dmean": 0.0529747530818,
        "dmean2": 0.0737622007728,
        "dvar": 0.00322551559657,
        "dvar2": 0.00671853125095,
        "max": 0.643447935581,
        "mean": 0.27123388648,
        "median": 0.267810255289,
        "min": 0.0308791939169,
        "var": 0.0103839747608
    },
    "melbands_kurtosis": {
        "dmean": 31.5449485779,
        "dmean2": 48.5329093933,
        "dvar": 3909.87451172,
        "dvar2": 8752.64648438,
        "max": 973.102783203,
        "mean": 44.2976951599,
        "median": 17.1703891754,
        "min": -1.80518877506,
        "var": 6214.37353516
    },
    "melbands_skewness": {
        "dmean": 1.70147180557,
        "dmean2": 2.57225775719,
        "dvar": 4.35092639923,
        "dvar2": 9.94826507568,
        "max": 23.1443424225,
        "mean": 4.30337524414,
        "median": 3.43246459961,
        "min": -1.74370920658,
        "var": 10.3642454147
    },
    "melbands_spread": {
        "dmean": 8.39651203156,
        "dmean2": 13.0779342651,
        "dvar": 188.822860718,
        "dvar2": 441.81338501,
        "max": 194.108047485,
        "mean": 16.0857315063,
        "median": 11.6923408508,
        "min": 0.181733697653,
        "var": 297.50970459
    },
    "pitch_salience": {
        "dmean": 0.100915953517,
        "dmean2": 0.150123134255,
        "dvar": 0.0103605063632,
        "dvar2": 0.0220385212451,
        "max": 0.846235871315,
        "mean": 0.42494058609,
        "median": 0.414392590523,
        "min": 0.0318849459291,
        "var": 0.0307129267603
    },
    "silence_rate_20dB": {
        "dmean": 0,
        "dmean2": 0,
        "dvar": 0,
        "dvar2": 0,
        "max": 1,
        "mean": 1,
        "median": 1,
        "min": 1,
        "var": 0
    },
    "silence_rate_30dB": {
        "dmean": 0.0913312658668,
        "dmean2": 0.18280403316,
        "dvar": 0.0829890146852,
        "dvar2": 0.219100087881,
        "max": 1,
        "mean": 0.929621040821,
        "median": 1,
        "min": 0,
        "var": 0.0654248297215
    },
    "silence_rate_60dB": {
        "dmean": 0.0123839005828,
        "dmean2": 0.0247869864106,
        "dvar": 0.0122306495905,
        "dvar2": 0.0319183394313,
        "max": 1,
        "mean": 0.00928074214607,
        "median": 0,
        "min": 0,
        "var": 0.00919458642602
    },
    "spectral_centroid": {
        "dmean": 376.546722412,
        "dmean2": 582.017211914,
        "dvar": 209425.609375,
        "dvar2": 470122.28125,
        "max": 4785.61621094,
        "mean": 1151.05480957,
        "median": 1041.93469238,
        "min": 89.5758590698,
        "var": 465829.78125
    },
    "spectral_complexity": {
        "dmean": 5.04643964767,
        "dmean2": 7.09992265701,
        "dvar": 39.3771629333,
        "dvar2": 75.1015777588,
        "max": 55,
        "mean": 13.9040994644,
        "median": 12,
        "min": 1,
        "var": 90.9189758301
    },
    "spectral_decrease": {
        "dmean": 5.51498002821e-09,
        "dmean2": 8.7433571494e-09,
        "dvar": 7.09144850817e-17,
        "dvar2": 1.74946502563e-16,
        "max": -1.61920366004e-10,
        "mean": -1.13631752896e-08,
        "median": -8.85377993143e-09,
        "min": -5.90307251969e-08,
        "var": 9.42842696803e-17
    },
    "spectral_energy": {
        "dmean": 0.0215473491699,
        "dmean2": 0.0340813137591,
        "dvar": 0.00105272885412,
        "dvar2": 0.0025962004438,
        "max": 0.22620627284,
        "mean": 0.0447121039033,
        "median": 0.0347783528268,
        "min": 0.000972947804257,
        "var": 0.00139890227001
    },
    "spectral_energyband_high": {
        "dmean": 0.000820815213956,
        "dmean2": 0.00123171217274,
        "dvar": 2.72450870398e-06,
        "dvar2": 6.78360629536e-06,
        "max": 0.0196350570768,
        "mean": 0.00108056538738,
        "median": 0.000376208452508,
        "min": 3.5558943523e-07,
        "var": 3.36843777404e-06
    },
    "spectral_energyband_low": {
        "dmean": 0.0142671726644,
        "dmean2": 0.0221758335829,
        "dvar": 0.000671403482556,
        "dvar2": 0.00158230913803,
        "max": 0.206959277391,
        "mean": 0.0282447859645,
        "median": 0.0196213200688,
        "min": 4.63579183929e-08,
        "var": 0.00106963946018
    },
    "spectral_energyband_middle_high": {
        "dmean": 0.00280942511745,
        "dmean2": 0.00426301173866,
        "dvar": 1.8264128812e-05,
        "dvar2": 4.52671592939e-05,
        "max": 0.0469420850277,
        "mean": 0.00451633986086,
        "median": 0.00256549217738,
        "min": 5.40768405699e-06,
        "var": 2.83081553789e-05
    },
    "spectral_energyband_middle_low": {
        "dmean": 0.0113239148632,
        "dmean2": 0.0190001148731,
        "dvar": 0.000579123676289,
        "dvar2": 0.00158956972882,
        "max": 0.171560779214,
        "mean": 0.0130325015634,
        "median": 0.00700815487653,
        "min": 1.02960138975e-05,
        "var": 0.000426908140071
    },
    "spectral_entropy": {
        "dmean": 0.305899560452,
        "dmean2": 0.453628361225,
        "dvar": 0.119636274874,
        "dvar2": 0.275047898293,
        "max": 8.49739646912,
        "mean": 7.37288093567,
        "median": 7.43210840225,
        "min": 4.7286362648,
        "var": 0.315147608519
    },
    "spectral_flux": {
        "dmean": 0.0487124100327,
        "dmean2": 0.0744678899646,
        "dvar": 0.00318701053038,
        "dvar2": 0.00623862398788,
        "max": 0.465326428413,
        "mean": 0.113885432482,
        "median": 0.0875548571348,
        "min": 0.0089794844389,
        "var": 0.00681757228449
    },
    "spectral_kurtosis": {
        "dmean": 2.51777148247,
        "dmean2": 4.01887273788,
        "dvar": 29.0446796417,
        "dvar2": 73.8094711304,
        "max": 89.669593811,
        "mean": 4.44882535934,
        "median": 2.96279859543,
        "min": -1.03433120251,
        "var": 32.8680381775
    },
    "spectral_rms": {
        "dmean": 0.0014762445353,
        "dmean2": 0.00223761051893,
        "dvar": 3.4655708987e-06,
        "dvar2": 7.95598043624e-06,
        "max": 0.0148556064814,
        "mean": 0.00612220540643,
        "median": 0.00582495518029,
        "min": 0.000974277907517,
        "var": 6.14002874499e-06
    },
    "spectral_rolloff": {
        "dmean": 551.047912598,
        "dmean2": 953.599609375,
        "dvar": 1036981.125,
        "dvar2": 2347643.75,
        "max": 9819.140625,
        "mean": 948.294677734,
        "median": 516.796875,
        "min": 64.599609375,
        "var": 1629968.25
    },
    "spectral_skewness": {
        "dmean": 0.360394328833,
        "dmean2": 0.546335875988,
        "dvar": 0.228274703026,
        "dvar2": 0.523456811905,
        "max": 7.32050228119,
        "mean": 1.61452746391,
        "median": 1.48894512653,
        "min": 0.113114617765,
        "var": 0.489804953337
    },
    "spectral_spread": {
        "dmean": 942502.8125,
        "dmean2": 1385840.75,
        "dvar": 999989182464,
        "dvar2": 2.31958668902e+12,
        "max": 13084400,
        "mean": 5277217.5,
        "median": 5200890,
        "min": 619892.1875,
        "var": 2.93098985882e+12
    },
    "spectral_strongpeak": {
        "dmean": 0.341117411852,
        "dmean2": 0.549686312675,
        "dvar": 0.345536231995,
        "dvar2": 0.757579982281,
        "max": 6.9116973877,
        "mean": 0.733636379242,
        "median": 0.509980618954,
        "min": 0,
        "var": 0.557640373707
    },
    "zerocrossingrate": {
        "dmean": 0.0130055900663,
        "dmean2": 0.0147800575942,
        "dvar": 0.000196636639885,
        "dvar2": 0.000218300599954,
        "max": 0.291015625,
        "mean": 0.0440174415708,
        "median": 0.03662109375,
        "min": 0.001953125,
        "var": 0.00123986206017
    },
    "barkbands": {
        "dmean": [0.000362593011232, 0.0109420400113, 0.00476585421711, 0.00436517549679, 0.00394376413897, 0.00230187200941, 0.000902976316866, 0.00095491448883, 0.000672979280353, 0.000779832014814, 0.000421894859755, 0.000794850522652, 0.000489119382109, 0.000293208635412, 0.000374712893972, 0.000268993084319, 0.000334408076014, 0.000178750240593, 0.000126275190269, 0.000125779522932, 0.000238621403696, 0.000263364287093, 0.000120713601063, 0.000109693595732, 9.59218596108e-05, 4.03253179684e-05, 2.38689796817e-08],
        "dmean2": [0.000511270889547, 0.0162418279797, 0.00781620945781, 0.00812431517988, 0.00640080403537, 0.00400012917817, 0.00151982146781, 0.00148744147737, 0.00107052153908, 0.00114690174814, 0.000662418548018, 0.00122786173597, 0.000764464144595, 0.000482157949591, 0.000625901506282, 0.000451944215456, 0.000581382017117, 0.000300560815958, 0.000208568235394, 0.000205349380849, 0.000386493833503, 0.000410447682953, 0.000182546224096, 0.000175425433554, 0.000152038468514, 6.91325258231e-05, 4.32216218371e-08],
        "dvar": [3.66845256394e-07, 0.000454835098935, 0.000221453810809, 0.000220786721911, 8.7851229182e-05, 4.74817134091e-05, 3.60253739018e-06, 3.0827302453e-06, 1.51494339207e-06, 2.39027599491e-06, 9.4189323363e-07, 2.98520194519e-06, 9.50405251388e-07, 3.69130248146e-07, 1.39106532515e-06, 3.56538720325e-07, 9.48871445416e-07, 2.44813008976e-07, 7.47204893514e-08, 6.01063447903e-08, 3.69113450915e-07, 3.38084419127e-07, 4.276423482e-08, 4.31412381374e-08, 3.0660242345e-08, 1.27044179621e-08, 1.66051000668e-14],
        "dvar2": [7.40483073969e-07, 0.000971032888629, 0.000543967122212, 0.000634200288914, 0.000218869288801, 0.000134080532007, 9.56701387622e-06, 7.09951746103e-06, 3.50127083948e-06, 4.48390755992e-06, 2.16671810449e-06, 7.20878279026e-06, 2.29653051065e-06, 9.3981026339e-07, 3.89160686609e-06, 9.42092867717e-07, 2.71601834356e-06, 6.72516591749e-07, 2.02635902724e-07, 1.4697921813e-07, 9.40186794196e-07, 8.30643955396e-07, 8.81123511931e-08, 1.08391390086e-07, 7.75831381361e-08, 3.48296218533e-08, 4.40293248638e-14],
        "max": [0.00673513067886, 0.192696079612, 0.13580095768, 0.112463660538, 0.105811521411, 0.071916796267, 0.0204422771931, 0.0209703221917, 0.0119993537664, 0.0191651601344, 0.0163931772113, 0.0189620479941, 0.0107005788013, 0.00746935606003, 0.0247506219894, 0.00659162877128, 0.00965456943959, 0.00617666775361, 0.00298561621457, 0.00278514716774, 0.00740317394957, 0.00664809066802, 0.00265316385776, 0.0028406761121, 0.00181057339069, 0.00200328649953, 2.0489835606e-06],
        "mean": [0.000882047868799, 0.0212753023952, 0.00417237402871, 0.00325650977902, 0.00404192646965, 0.0023134520743, 0.000950609333813, 0.00112128711771, 0.000806132040452, 0.00111318496056, 0.000503930263221, 0.000935408112127, 0.000594001030549, 0.000313851021929, 0.000392325600842, 0.000257051258814, 0.000326394510921, 0.000175296736415, 0.00012728641741, 0.000137614479172, 0.000237634056248, 0.000333425181452, 0.000159469331265, 0.000136600545375, 0.000111889035907, 3.70423003915e-05, 1.54785517736e-08],
        "median": [0.000282514287392, 0.0145271373913, 0.000440089497715, 0.000409988657339, 0.000932110939175, 0.000637865159661, 0.000291390169878, 0.000338271202054, 0.000229456170928, 0.000278890336631, 0.000103376281913, 0.000163818243891, 0.000123570964206, 7.59538816055e-05, 9.41128892009e-05, 5.70631818846e-05, 8.86241105036e-05, 4.45864898211e-05, 3.61891834473e-05, 3.63086437574e-05, 4.73610962217e-05, 0.000107572239358, 5.50113581994e-05, 4.20889846282e-05, 3.73118455173e-05, 6.54732320982e-06, 8.29219304332e-10],
        "min": [3.17538062511e-09, 1.00579953255e-08, 7.92315724141e-09, 2.08539550073e-08, 5.40795826964e-06, 3.34876261832e-07, 9.16878263979e-07, 3.78013069735e-08, 3.28077135237e-07, 2.19175717575e-07, 1.87816496577e-07, 1.49598150756e-07, 2.32072110862e-07, 1.24880685348e-07, 1.47690315089e-07, 3.88356333758e-08, 1.28395583943e-07, 9.02746535303e-08, 5.42441682683e-08, 9.19935132515e-08, 3.41148904681e-08, 4.17552037391e-08, 1.19895771089e-09, 1.81386838882e-09, 7.7991385572e-10, 9.17957636987e-12, 9.60259996519e-12],
        "var": [1.41916393659e-06, 0.0007160633686, 0.000186368168215, 0.000128000116092, 8.24742164696e-05, 3.21750667354e-05, 3.30299667439e-06, 4.61164381704e-06, 2.11234987546e-06, 5.15608098794e-06, 1.27379030346e-06, 3.8839066292e-06, 1.34018887366e-06, 3.93266276433e-07, 1.02843023342e-06, 3.02533067043e-07, 6.25084851436e-07, 1.90705520708e-07, 6.32368326592e-08, 6.73396769457e-08, 3.56551481673e-07, 4.25904431722e-07, 7.14514669653e-08, 5.56502257609e-08, 3.63560346273e-08, 9.09594977117e-09, 1.06244333603e-14]
    },
    "erbbands": {
        "dmean": [0.318050384521, 2.49736905098, 4.53089570999, 11.9694499969, 13.1633472443, 13.1794242859, 18.2837181091, 16.2270851135, 14.9711942673, 10.0875024796, 25.200258255, 16.0727500916, 22.2158565521, 20.9207782745, 17.185043335, 36.2849388123, 22.0803222656, 16.8311901093, 18.6576366425, 16.6101226807, 13.6642408371, 17.888999939, 10.178976059, 7.64051771164, 6.87493801117, 5.93337392807, 8.24606227875, 9.62150478363, 10.3658123016, 5.71860694885, 3.46278142929, 2.52822971344, 1.73587083817, 1.24429214001, 0.598367810249, 0.240203693509, 0.0634758993983, 0.0061686206609, 0.000122411831398, 2.91469477816e-05],
        "dmean2": [0.446903914213, 3.76714515686, 6.91185379028, 21.606590271, 23.0500392914, 21.4480228424, 31.6783981323, 28.6363315582, 25.1641731262, 16.4931354523, 39.4815063477, 24.8288116455, 32.4990730286, 32.1254005432, 27.1722450256, 55.363319397, 34.2794685364, 26.8804912567, 30.584236145, 27.9182224274, 23.0792255402, 30.9854030609, 16.7852306366, 12.964389801, 11.1248245239, 9.53660964966, 13.0474767685, 15.6108427048, 16.2769756317, 8.84235095978, 5.24638175964, 3.93879890442, 2.81389927864, 1.96578705311, 0.973617374897, 0.404206633568, 0.109073892236, 0.0111151896417, 0.000212752041989, 4.60332230432e-05],
        "dvar": [0.348774045706, 25.768781662, 141.594619751, 1557.71118164, 1171.56750488, 1150.01147461, 3164.11621094, 2527.28588867, 1269.36181641, 338.052154541, 2337.46679688, 835.479858398, 2353.02197266, 1878.02416992, 1682.42028809, 6116.01953125, 1883.87866211, 1219.265625, 2906.31347656, 1852.29467773, 831.871520996, 3097.11108398, 686.693969727, 558.411254883, 176.414581299, 152.955062866, 449.853668213, 558.216247559, 565.611877441, 151.880020142, 34.637260437, 26.13904953, 9.70596027374, 4.88870716095, 1.60056746006, 0.356715232134, 0.0369816273451, 0.00046563820797, 1.40916156965e-07, 1.80820713958e-09],
        "dvar2": [0.695693910122, 56.2889900208, 321.371917725, 4342.60595703, 3258.93603516, 2785.4309082, 8933.83300781, 7120.92724609, 3435.89892578, 837.660461426, 5359.14941406, 1821.79797363, 4225.09814453, 3867.31640625, 4065.60839844, 14393.4658203, 4413.57617188, 2940.14477539, 7949.65673828, 5048.01660156, 2190.72924805, 8897.88867188, 1869.04418945, 1580.02270508, 461.883728027, 384.800506592, 1092.54309082, 1462.38024902, 1450.19091797, 351.880645752, 76.1655731201, 65.9445419312, 24.1649360657, 12.090839386, 4.13455820084, 0.970094501972, 0.101612262428, 0.00129763910081, 3.90423082308e-07, 4.55461135473e-09],
        "max": [5.47721862793, 47.6936149597, 103.276748657, 284.942077637, 276.640289307, 372.165374756, 651.15222168, 579.513000488, 406.995788574, 200.406311035, 577.343505859, 372.749908447, 750.191833496, 543.731445312, 836.51171875, 836.775756836, 482.530548096, 568.1015625, 1109.45422363, 617.699157715, 217.562240601, 579.528564453, 371.124206543, 299.682312012, 127.228492737, 149.11289978, 332.31918335, 213.026794434, 271.505340576, 197.906188965, 62.3292160034, 84.8755493164, 28.2827720642, 26.9922618866, 14.9169235229, 9.98318576813, 3.38649272919, 0.316109836102, 0.00584571249783, 0.000439410039689],
        "mean": [0.714430391788, 4.28652381897, 5.3074297905, 9.34958457947, 11.8263339996, 12.8901510239, 18.2860603333, 15.933262825, 16.0492286682, 11.5503759384, 29.3474292755, 20.9893379211, 32.8080024719, 28.801940918, 21.1473331451, 44.0116081238, 28.6806335449, 20.9388160706, 20.562286377, 16.6816520691, 14.4641551971, 16.9279594421, 10.7929840088, 7.0935997963, 7.29121255875, 6.43367147446, 8.1366071701, 10.2641181946, 12.9946784973, 7.27378892899, 4.41687631607, 3.11058712006, 2.1363761425, 1.50920796394, 0.635283410549, 0.232934892178, 0.0554813928902, 0.00454831402749, 0.000117055293231, 5.75684280193e-05],
        "median": [0.451141566038, 2.06387019157, 0.785204231739, 1.21834969521, 1.99013853073, 2.72073793411, 2.92646288872, 4.17584323883, 5.14047431946, 4.47568082809, 9.39922046661, 8.00391101837, 8.86128044128, 8.54509162903, 5.8270611763, 8.23224449158, 6.93928289413, 6.48989677429, 5.31897783279, 4.04103183746, 4.07393980026, 4.55067491531, 3.32508254051, 1.79271662235, 2.17538952827, 1.70835959911, 1.3531255722, 2.53991866112, 3.71818065643, 2.46009325981, 1.40148341656, 0.810297906399, 0.697567522526, 0.468340039253, 0.192300289869, 0.0502752549946, 0.00925963651389, 0.00039328969433, 3.74659284716e-05, 4.46400372311e-05],
        "min": [6.75622516155e-07, 5.57119255973e-06, 2.11271053558e-05, 0.000231562895351, 0.00576100917533, 0.0135736363009, 0.00469960691407, 0.0036663915962, 0.00889547821134, 0.0099634192884, 0.00821458268911, 0.00731019256637, 0.00667928764597, 0.0118899876252, 0.0143120540306, 0.00724767008796, 0.00917257089168, 0.00780877284706, 0.00766105251387, 0.00474124681205, 0.00496035208926, 0.0102099860087, 0.0125853968784, 0.00331654632464, 0.00558731565252, 0.00366246164776, 0.0034472013358, 0.000855524034705, 0.00149120413698, 0.00126488669775, 0.000746560050175, 0.000113742913527, 6.27114932286e-05, 8.07536071079e-06, 1.28854690047e-05, 5.89435421716e-06, 1.27228861402e-06, 2.77189798226e-07, 7.28486611479e-07, 1.30550506583e-06],
        "var": [0.727329671383, 39.0549316406, 157.23097229, 975.533630371, 810.246459961, 1090.29504395, 2283.03930664, 1717.3470459, 1064.97558594, 375.80581665, 3379.03979492, 1284.46118164, 5501.87988281, 3419.50415039, 1961.57128906, 8520.4765625, 2926.8840332, 1651.21765137, 2426.57983398, 1407.61901855, 743.493591309, 1972.91760254, 578.573608398, 366.950195312, 175.286132812, 163.486938477, 482.499237061, 526.504699707, 663.185974121, 203.462127686, 54.2052078247, 33.6672897339, 12.7004861832, 6.77353429794, 1.485927701, 0.274050921202, 0.0259149223566, 0.000295921490761, 9.49450154053e-08, 2.29104979432e-09]
    },
    "gfcc": {
        "mean": [-14.4567022324, 92.361656189, -102.061759949, 37.1473007202, -62.5709877014, 29.9881401062, -33.8766021729, 10.6767234802, -17.687417984, 4.91922473907, -13.3909282684, 2.76297068596, -5.06095981598],
        "cov": [[4433.12548828, -1328.0480957, -458.528778076, 27.7804794312, -319.591033936, 237.571548462, -394.934936523, 130.924468994, -192.726425171, 208.383148193, -381.678924561, 191.59487915, -265.744110107], [-1328.0480957, 1877.3347168, 311.735595703, -71.813331604, 505.225799561, -40.8246994019, 453.311676025, 25.4877681732, 296.785522461, -105.932479858, 327.01663208, -139.198913574, 176.644668579], [-458.528778076, 311.735595703, 1327.71044922, 539.345031738, 280.960388184, 128.170333862, -12.9495925903, 148.857269287, 117.56237793, 92.0582733154, 91.5037231445, 46.0820350647, 38.2239990234], [27.7804794312, -71.813331604, 539.345031738, 759.178039551, 299.283874512, 74.7477645874, -87.2958602905, 94.4090957642, 120.043884277, 13.7102060318, 58.6249580383, -23.7286930084, 76.2307739258], [-319.591033936, 505.225799561, 280.960388184, 299.283874512, 745.114440918, 143.493301392, 204.675170898, 161.582244873, 196.290313721, 96.3688659668, 94.7315597534, -25.0520305634, 72.1855697632], [237.571548462, -40.8246994019, 128.170333862, 74.7477645874, 143.493301392, 518.411743164, 292.607910156, 117.440948486, 128.868988037, 77.7508926392, 65.2015533447, 92.8619003296, 28.9100894928], [-394.934936523, 453.311676025, -12.9495925903, -87.2958602905, 204.675170898, 292.607910156, 682.970458984, 141.586090088, 118.788757324, 62.5717773438, 135.794204712, 78.7106399536, 66.4226837158], [130.924468994, 25.4877681732, 148.857269287, 94.4090957642, 161.582244873, 117.440948486, 141.586090088, 298.350036621, 124.211601257, 108.894866943, 51.0528259277, 40.3272514343, 25.0583629608], [-192.726425171, 296.785522461, 117.56237793, 120.043884277, 196.290313721, 128.868988037, 118.788757324, 124.211601257, 318.426879883, 78.998916626, 98.0969238281, 13.3226642609, 63.6604347229], [208.383148193, -105.932479858, 92.0582733154, 13.7102060318, 96.3688659668, 77.7508926392, 62.5717773438, 108.894866943, 78.998916626, 237.330856323, 19.667427063, 54.441734314, -6.0808429718], [-381.678924561, 327.01663208, 91.5037231445, 58.6249580383, 94.7315597534, 65.2015533447, 135.794204712, 51.0528259277, 98.0969238281, 19.667427063, 227.34564209, 6.95771551132, 76.7938308716], [191.59487915, -139.198913574, 46.0820350647, -23.7286930084, -25.0520305634, 92.8619003296, 78.7106399536, 40.3272514343, 13.3226642609, 54.441734314, 6.95771551132, 207.979904175, 16.6125087738], [-265.744110107, 176.644668579, 38.2239990234, 76.2307739258, 72.1855697632, 28.9100894928, 66.4226837158, 25.0583629608, 63.6604347229, -6.0808429718, 76.7938308716, 16.6125087738, 164.366638184]],
        "icov": [[0.000458251539385, -0.000280358392047, 0.000423411460361, -0.000468377693323, 0.000291177275358, -0.000577357539441, 0.000506726966705, -0.000481176335597, 0.000468261103379, -0.000586761394516, 0.000652182905469, -0.000504521885887, 0.000546423601918], [-0.000280358392047, 0.00242225523107, -0.00124066451099, 0.00182597071398, -0.00148617906962, 0.00160756916739, -0.00154510978609, 0.00116511888336, -0.00198413105682, 0.00209966278635, -0.00209876755252, 0.00156263017561, -0.00112931930926], [0.000423411460361, -0.00124066451099, 0.00195693667047, -0.00185584812425, 0.000749663915485, -0.0011583417654, 0.00110505206976, -0.00101513357367, 0.00127293227706, -0.00151215016376, 0.00101979367901, -0.0012882075971, 0.00111100706272], [-0.000468377693323, 0.00182597071398, -0.00185584812425, 0.0039081890136, -0.00186372583266, 0.00110685278196, -0.000626148656011, 0.000805819872767, -0.00184280541725, 0.0022598982323, -0.00184644002002, 0.00160865357611, -0.00184917566366], [0.000291177275358, -0.00148617906962, 0.000749663915485, -0.00186372583266, 0.00305722141638, -0.00105123023968, 0.000434104731539, -0.00109325023368, 0.000690681685228, -0.00185543694533, 0.00149164581671, -0.000412737950683, 0.000600137689617], [-0.000577357539441, 0.00160756916739, -0.0011583417654, 0.00110685278196, -0.00105123023968, 0.00437476346269, -0.00246952963062, 0.000982150202617, -0.00217053154483, 0.00152369367424, -0.0016156634083, 0.000510257901624, -0.000764318567235], [0.000506726966705, -0.00154510978609, 0.00110505206976, -0.000626148656011, 0.000434104731539, -0.00246952963062, 0.00383163569495, -0.00164321123157, 0.0015867369948, -0.0013457183959, 0.000659289245959, -0.00161713571288, 0.000650096277241], [-0.000481176335597, 0.00116511888336, -0.00101513357367, 0.000805819872767, -0.00109325023368, 0.000982150202617, -0.00164321123157, 0.00584502983838, -0.0021337934304, -0.000213282255572, -0.00127018324565, 0.000753289030399, -0.000751585932449], [0.000468261103379, -0.00198413105682, 0.00127293227706, -0.00184280541725, 0.000690681685228, -0.00217053154483, 0.0015867369948, -0.0021337934304, 0.0066020861268, -0.00268204882741, 0.000784943229519, -0.00115749426186, 0.000304575631162], [-0.000586761394516, 0.00209966278635, -0.00151215016376, 0.0022598982323, -0.00185543694533, 0.00152369367424, -0.0013457183959, -0.000213282255572, -0.00268204882741, 0.00778927560896, -0.00215667928569, 0.000429450039519, -0.0004872547579], [0.000652182905469, -0.00209876755252, 0.00101979367901, -0.00184644002002, 0.00149164581671, -0.0016156634083, 0.000659289245959, -0.00127018324565, 0.000784943229519, -0.00215667928569, 0.00843887031078, -0.00125527312048, -0.000714188558049], [-0.000504521885887, 0.00156263017561, -0.0012882075971, 0.00160865357611, -0.000412737950683, 0.000510257901624, -0.00161713571288, 0.000753289030399, -0.00115749426186, 0.000429450039519, -0.00125527312048, 0.0071382005699, -0.0019821554888], [0.000546423601918, -0.00112931930926, 0.00111100706272, -0.00184917566366, 0.000600137689617, -0.000764318567235, 0.000650096277241, -0.000751585932449, 0.000304575631162, -0.0004872547579, -0.000714188558049, -0.0019821554888, 0.00890109594911]]
    },
    "melbands": {
        "dmean": [0.00299470638856, 0.00241702399217, 0.00202862964943, 0.000980228418484, 0.000590508454479, 0.000381815101719, 0.000221204463742, 0.00011162761075, 0.000202636583708, 0.00010164106061, 0.000111513763841, 8.69637151482e-05, 5.64336551179e-05, 8.77542261151e-05, 6.71809466439e-05, 4.95537133247e-05, 3.06578476739e-05, 2.9015211112e-05, 2.493021384e-05, 2.24938521569e-05, 1.51931426444e-05, 1.97314584511e-05, 1.2749720554e-05, 8.7325952336e-06, 6.06292496741e-06, 5.02845796291e-06, 4.82795303469e-06, 3.83190490538e-06, 4.78589208797e-06, 6.00351313551e-06, 5.72927638132e-06, 6.32089404462e-06, 4.86486123918e-06, 2.69657289209e-06, 2.13368093682e-06, 1.70759449247e-06, 1.56624059855e-06, 1.31312401663e-06, 1.11533722702e-06, 1.10605344616e-06],
        "dmean2": [0.00435083778575, 0.00371293327771, 0.00362181966193, 0.0016320043942, 0.0010178568773, 0.000668268941808, 0.00037078736932, 0.000180987277417, 0.000318863749271, 0.00015781748516, 0.000163772259839, 0.000133316440042, 8.9467226644e-05, 0.000135577167384, 0.000105494851596, 7.79121619416e-05, 4.96914435644e-05, 4.7524474212e-05, 4.19185053033e-05, 3.77954311261e-05, 2.58312011283e-05, 3.44299041899e-05, 2.12093273149e-05, 1.48635681398e-05, 1.04269975054e-05, 8.30954923003e-06, 7.74175077822e-06, 6.30992235529e-06, 7.69101734477e-06, 9.76146475296e-06, 9.36610467761e-06, 1.0092667253e-05, 7.71245049691e-06, 4.18470108343e-06, 3.27495263264e-06, 2.71442831945e-06, 2.50190214501e-06, 2.13001385418e-06, 1.8341499981e-06, 1.76518346962e-06],
        "dvar": [3.31041446771e-05, 2.56711136899e-05, 4.10467982874e-05, 5.4313113651e-06, 3.20540357279e-06, 1.3422406937e-06, 2.60082970271e-07, 3.69391273125e-08, 1.50952658373e-07, 3.70108352854e-08, 5.87935033991e-08, 3.44237562899e-08, 1.70719243187e-08, 3.89413550295e-08, 2.00715177812e-08, 9.6604360067e-09, 4.15073442284e-09, 6.32755048358e-09, 6.52406884072e-09, 2.54060261717e-09, 9.70961311353e-10, 3.85002518755e-09, 1.0765112135e-09, 6.67532529253e-10, 3.61255081405e-10, 1.05306471876e-10, 8.33396476829e-11, 7.66727029089e-11, 1.40802550175e-10, 2.76514117159e-10, 2.01496833108e-10, 2.05526901054e-10, 1.29561902873e-10, 2.93610101509e-11, 1.29404160998e-11, 1.05649863857e-11, 1.20041563495e-11, 5.89417317037e-12, 3.93876034219e-12, 4.12509436332e-12],
        "dvar2": [6.87444917276e-05, 5.53816316824e-05, 0.000114200651296, 1.33371895572e-05, 8.99561746337e-06, 3.77835340259e-06, 7.02122918028e-07, 9.13971049954e-08, 3.49698836999e-07, 8.10829021702e-08, 1.06473272865e-07, 7.06247362814e-08, 4.0837051074e-08, 9.6846008546e-08, 4.92084843984e-08, 2.41589770411e-08, 1.01766310934e-08, 1.71583653952e-08, 1.8512920974e-08, 6.79840539419e-09, 2.54990872861e-09, 1.1111403353e-08, 2.94679236568e-09, 1.84750392762e-09, 1.02635133725e-09, 2.80394291119e-10, 2.09370784598e-10, 1.9635608417e-10, 3.39299366381e-10, 7.08312242192e-10, 5.20592235986e-10, 5.35649080646e-10, 3.0973604237e-10, 6.5874569688e-11, 2.93306975929e-11, 2.4429585091e-11, 3.17854943754e-11, 1.4687666014e-11, 1.01850533216e-11, 1.00284893237e-11],
        "max": [0.0544237494469, 0.0491659045219, 0.0462195537984, 0.0199720617384, 0.0212787985802, 0.0128883011639, 0.00563771324232, 0.0023414506577, 0.00446245446801, 0.00215409928933, 0.00371310580522, 0.0024499357678, 0.00236586667597, 0.00269872928038, 0.00178860966116, 0.00139691156801, 0.000946134212427, 0.00157426658552, 0.00158667401411, 0.000653512019198, 0.000269421434496, 0.000666991283651, 0.000401587079978, 0.000292332319077, 0.000242406080361, 9.73357382463e-05, 0.000116402545245, 9.97935349005e-05, 0.000174673099536, 0.000275880331174, 0.000156719586812, 0.000151851010742, 0.000166799291037, 8.06750322226e-05, 3.40828737535e-05, 4.02187579311e-05, 6.70977533446e-05, 2.28507487918e-05, 2.08346791624e-05, 2.87041220872e-05],
        "mean": [0.00616212794557, 0.00388396065682, 0.00163901539054, 0.000944651954342, 0.00058657937916, 0.000380413228413, 0.000238716413151, 0.000132875691634, 0.000228764794883, 0.00012970676471, 0.00016183849948, 0.000115656737762, 6.72016540193e-05, 0.000105983650428, 7.80789414421e-05, 6.02409709245e-05, 3.53626237484e-05, 3.13180025842e-05, 2.50000430242e-05, 2.13364528463e-05, 1.60672389029e-05, 1.81846207852e-05, 1.31231536216e-05, 8.16438569018e-06, 5.3353869589e-06, 5.07151935381e-06, 5.24028928339e-06, 3.94303833673e-06, 4.62452180727e-06, 5.59489899388e-06, 6.11184486843e-06, 7.68138761487e-06, 5.95869914832e-06, 3.31439628098e-06, 2.63836341219e-06, 2.01519628718e-06, 1.86676516023e-06, 1.53558528382e-06, 1.32518425744e-06, 1.26195743633e-06],
        "median": [0.00480176508427, 0.00150593661238, 0.000267799478024, 0.000153603876242, 0.000104347869637, 0.000107568448584, 7.72397906985e-05, 5.15554165759e-05, 6.82559912093e-05, 4.21186305175e-05, 4.18044837716e-05, 3.15959659929e-05, 1.47923565237e-05, 1.87746063602e-05, 1.52818065544e-05, 1.31520646391e-05, 8.71005249792e-06, 7.24469146007e-06, 6.06153889748e-06, 4.67000154458e-06, 4.31133048551e-06, 4.55611871075e-06, 3.95540973841e-06, 1.8705874254e-06, 1.13023963877e-06, 1.39879045946e-06, 1.40905399348e-06, 8.23135451355e-07, 5.88248440181e-07, 8.15929070086e-07, 1.52800259912e-06, 2.23732195082e-06, 1.71511601366e-06, 1.05861886368e-06, 8.09329378626e-07, 5.05172806697e-07, 4.41130168838e-07, 4.4879132588e-07, 4.09598186479e-07, 3.31868108105e-07],
        "min": [3.80723719218e-09, 4.75846739789e-09, 1.8524255907e-08, 5.26836515746e-07, 1.39140169608e-07, 6.04579355468e-08, 1.86948000191e-07, 5.62914941327e-08, 4.56822490946e-08, 4.55517259468e-08, 3.22276250131e-08, 4.63908129689e-08, 4.58323370367e-08, 1.80832753216e-08, 2.1774425818e-08, 2.10519122135e-08, 1.15294573888e-08, 7.19472259547e-09, 9.66497371024e-09, 3.79867071132e-09, 2.48294518279e-09, 8.35950597633e-09, 1.31419604088e-08, 4.34787894577e-09, 1.00533226188e-09, 2.0549313362e-09, 4.13357703621e-09, 1.31691757499e-09, 3.59176521858e-10, 3.61222718404e-10, 2.69482405141e-11, 6.06533781533e-11, 3.88915538663e-10, 4.38293679128e-10, 1.27277372669e-11, 3.30213178849e-12, 3.80934997088e-12, 3.09071583431e-12, 2.73810965221e-12, 6.45696386983e-13],
