{
"highlevel": {
    "danceability": {
        "all": {
            "danceable": 2.37923743207e-11,
            "not_danceable": 1
        },
        "probability": 1,
        "value": "not_danceable"
    },
    "gender": {
        "all": {
            "female": 0.45713481307,
            "male": 0.542865216732
        },
        "probability": 0.542865216732,
        "value": "male"
    },
    "genre_dortmund": {
        "all": {
            "alternative": 0.131165534258,
            "blues": 0.00714691728354,
            "electronic": 0.0410406813025,
            "folkcountry": 0.0180165674537,
            "funksoulrnb": 0.00463503506035,
            "jazz": 0.00278760609217,
            "pop": 0.0446728020906,
            "raphiphop": 0.00219011469744,
            "rock": 0.74834471941
        },
        "probability": 0.74834471941,
        "value": "rock"
    },
    "genre_electronic": {
        "all": {
            "ambient": 0.0654454380274,
            "dnb": 0.017402715981,
            "house": 0.0114860553294,
            "techno": 0.00488591007888,
            "trance": 0.900779902935
        },
        "probability": 0.900779902935,
        "value": "trance"
    },
    "genre_rosamerica": {
        "all": {
            "cla": 0.000860501895659,
            "dan": 0.0226525384933,
            "hip": 0.00200978899375,
            "jaz": 0.00105614750646,
            "pop": 0.0659412816167,
            "rhy": 0.00160029076505,
            "roc": 0.905144512653,
            "spe": 0.000734915549401
        },
        "probability": 0.905144512653,
        "value": "roc"
    },
    "genre_tzanetakis": {
        "all": {
            "blu": 0.0626613423228,
            "cla": 0.0348169617355,
            "cou": 0.104475811124,
            "dis": 0.0784321576357,
            "hip": 0.15692435205,
            "jaz": 0.313974827528,
            "met": 0.0448166541755,
            "pop": 0.0627359300852,
            "reg": 0.0627360641956,
            "roc": 0.0784258767962
        },
        "probability": 0.313974827528,
        "value": "jaz"
    },
    "ismir04_rhythm": {
        "all": {
            "ChaChaCha": 0.015703741461,
            "Jive": 0.219360858202,
            "Quickstep": 0.00258880341426,
            "Rumba-American": 0.00560650741681,
            "Rumba-International": 0.00509618408978,
            "Rumba-Misc": 0.00276576937176,
            "Samba": 0.744331300259,
            "Tango": 0.000256458617514,
            "VienneseWaltz": 0.00288249389268,
            "Waltz": 0.00140788650606
        },
        "probability": 0.744331300259,
        "value": "Samba"
    },
    "mood_acoustic": {
        "all": {
            "acoustic": 6.21938124823e-06,
            "not_acoustic": 0.999993801117
        },
        "probability": 0.999993801117,
        "value": "not_acoustic"
    },
    "mood_aggressive": {
        "all": {
            "aggressive": 0.997223258018,
            "not_aggressive": 0.00277675781399
        },
        "probability": 0.997223258018,
        "value": "aggressive"
    },
    "mood_electronic": {
        "all": {
            "electronic": 0.903164207935,
            "not_electronic": 0.0968357771635
        },
        "probability": 0.903164207935,
        "value": "electronic"
    },
    "mood_happy": {
        "all": {
            "happy": 0.926464259624,
            "not_happy": 0.0735357627273
        },
        "probability": 0.926464259624,
        "value": "happy"
    },
    "mood_party": {
        "all": {
            "not_party": 0.398597121239,
            "party": 0.601402878761
        },
        "probability": 0.601402878761,
        "value": "party"
    },
    "mood_relaxed": {
        "all": {
            "not_relaxed": 0.878933131695,
            "relaxed": 0.121066860855
        },
        "probability": 0.878933131695,
        "value": "not_relaxed"
    },
    "mood_sad": {
        "all": {
            "not_sad": 0.926357269287,
            "sad": 0.0736427307129
        },
        "probability": 0.926357269287,
        "value": "not_sad"
    },
    "moods_mirex": {
        "all": {
            "Cluster1": 0.33760124445,
            "Cluster2": 0.0125093618408,
            "Cluster3": 0.0118379043415,
            "Cluster4": 0.00634995149449,
            "Cluster5": 0.631701529026
        },
        "probability": 0.631701529026,
        "value": "Cluster5"
    },
    "timbre": {
        "all": {
            "bright": 0.629789352417,
            "dark": 0.370210647583
        },
        "probability": 0.629789352417,
        "value": "bright"
    },
    "tonal_atonal": {
        "all": {
            "atonal": 0.224551141262,
            "tonal": 0.775448858738
        },
        "probability": 0.775448858738,
        "value": "tonal"
    },
    "voice_instrumental": {
        "all": {
            "instrumental": 0.294854611158,
            "voice": 0.705145418644
        },
        "probability": 0.705145418644,
        "value": "voice"
    }
},
"lowlevel": {
    "average_loudness": 0.986614763737,
    "barkbands_crest": {
        "dmean": 2.6439704895,
        "dmean2": 4.44842433929,
        "dvar": 5.30560445786,
        "dvar2": 14.0457630157,
        "max": 18.511724472,
        "mean": 8.55282020569,
        "median": 8.09897899628,
        "min": 2.40884804726,
        "var": 9.00548744202
    },
    "barkbands_flatness_db": {
        "dmean": 0.0173205025494,
        "dmean2": 0.0292454436421,
        "dvar": 0.000261065841187,
        "dvar2": 0.000725718389731,
        "max": 0.199882224202,
        "mean": 0.102405190468,
        "median": 0.1000803262,
        "min": 0.0507351383567,
        "var": 0.000467357574962
    },
    "barkbands_kurtosis": {
        "dmean": 1.66418099403,
        "dmean2": 2.85584616661,
        "dvar": 4.17276191711,
        "dvar2": 11.3151903152,
        "max": 19.729183197,
        "mean": 1.68536782265,
        "median": 1.02987718582,
        "min": -1.57423710823,
        "var": 6.07582235336
    },
    "barkbands_skewness": {
        "dmean": 0.451774299145,
        "dmean2": 0.750932574272,
        "dvar": 0.176209717989,
        "dvar2": 0.4736982584,
        "max": 4.24752998352,
        "mean": 1.46103084087,
        "median": 1.40703141689,
        "min": -0.0584104768932,
        "var": 0.35070219636
    },
    "barkbands_spread": {
        "dmean": 6.26728057861,
        "dmean2": 10.0685443878,
        "dvar": 32.8739738464,
        "dvar2": 76.1400756836,
        "max": 84.1493759155,
        "mean": 31.9034442902,
        "median": 31.2414512634,
        "min": 7.40279388428,
        "var": 113.015380859
    },
    "dissonance": {
        "dmean": 0.0128195574507,
        "dmean2": 0.0224887449294,
        "dvar": 0.000116564035125,
        "dvar2": 0.00033601972973,
        "max": 0.5,
        "mean": 0.480583965778,
        "median": 0.4831623137,
        "min": 0.421112537384,
        "var": 0.000164207114722
    },
    "dynamic_complexity": 0.60901004076,
    "erbbands_crest": {
        "dmean": 2.50701880455,
        "dmean2": 4.15378856659,
        "dvar": 5.46848964691,
        "dvar2": 14.5979833603,
        "max": 24.1967334747,
        "mean": 6.88645124435,
        "median": 6.02700614929,
        "min": 2.52618360519,
        "var": 10.0303297043
    },
    "erbbands_flatness_db": {
        "dmean": 0.00967538263649,
        "dmean2": 0.0157511532307,
        "dvar": 6.4585081418e-05,
        "dvar2": 0.000156052075909,
        "max": 0.159547746181,
        "mean": 0.111715838313,
        "median": 0.111683085561,
        "min": 0.0582667812705,
        "var": 0.000208486031624
    },
    "erbbands_kurtosis": {
        "dmean": 0.411130785942,
        "dmean2": 0.676093459129,
        "dvar": 0.139303058386,
        "dvar2": 0.362119406462,
        "max": 2.63864612579,
        "mean": -0.359689414501,
        "median": -0.447112321854,
        "min": -1.35965335369,
        "var": 0.309794723988
    },
    "erbbands_skewness": {
        "dmean": 0.238694414496,
        "dmean2": 0.393768310547,
        "dvar": 0.0357085950673,
        "dvar2": 0.0896534025669,
        "max": 1.30834889412,
        "mean": 0.0707408189774,
        "median": 0.0629360452294,
        "min": -1.05629956722,
        "var": 0.116825453937
    },
    "erbbands_spread": {
        "dmean": 7.77493333817,
        "dmean2": 12.5028305054,
        "dvar": 40.4047393799,
        "dvar2": 99.3682250977,
        "max": 87.3460845947,
        "mean": 48.4519195557,
        "median": 46.8372421265,
        "min": 23.8285427094,
        "var": 137.064743042
    },
    "hfc": {
        "dmean": 6.43859815598,
        "dmean2": 9.39729785919,
        "dvar": 39.1168556213,
        "dvar2": 69.7009353638,
        "max": 135.355438232,
        "mean": 42.578250885,
        "median": 40.6711997986,
        "min": 13.2437353134,
        "var": 223.08770752
    },
    "melbands_crest": {
        "dmean": 4.05344009399,
        "dmean2": 6.8876953125,
        "dvar": 11.8826522827,
        "dvar2": 31.9195022583,
        "max": 27.9759540558,
        "mean": 14.5798120499,
        "median": 14.1814632416,
        "min": 5.21879148483,
        "var": 20.4600982666
    },
    "melbands_flatness_db": {
        "dmean": 0.0243015643209,
        "dmean2": 0.0400663092732,
        "dvar": 0.000530549208634,
        "dvar2": 0.00135206000414,
        "max": 0.290121465921,
        "mean": 0.153069853783,
        "median": 0.15148422122,
        "min": 0.0628822147846,
        "var": 0.00113540492021
    },
    "melbands_kurtosis": {
        "dmean": 5.65049743652,
        "dmean2": 9.62083339691,
        "dvar": 39.7599563599,
        "dvar2": 107.834671021,
        "max": 69.8543624878,
        "mean": 11.0891189575,
        "median": 9.51102542877,
        "min": 0.142305135727,
        "var": 53.2410392761
    },
    "melbands_skewness": {
        "dmean": 0.718099653721,
        "dmean2": 1.1991764307,
        "dvar": 0.431008547544,
        "dvar2": 1.16892504692,
        "max": 7.36500310898,
        "mean": 2.89886546135,
        "median": 2.81913423538,
        "min": 0.774033367634,
        "var": 0.747035264969
    },
    "melbands_spread": {
        "dmean": 7.55994749069,
        "dmean2": 12.3381996155,
        "dvar": 49.6328125,
        "dvar2": 124.871040344,
        "max": 75.0296401978,
        "mean": 26.4542541504,
        "median": 24.9219112396,
        "min": 4.68186616898,
        "var": 112.232658386
    },
    "pitch_salience": {
        "dmean": 0.0819539651275,
        "dmean2": 0.139590233564,
        "dvar": 0.00486960075796,
        "dvar2": 0.0139484182,
        "max": 0.796824514866,
        "mean": 0.5736130476,
        "median": 0.580973863602,
        "min": 0.21709215641,
        "var": 0.00777892395854
    },
    "silence_rate_20dB": {
        "dmean": 0,
        "dmean2": 0,
        "dvar": 0,
        "dvar2": 0,
        "max": 1,
        "mean": 1,
        "median": 1,
        "min": 1,
        "var": 0
    },
    "silence_rate_30dB": {
        "dmean": 0,
        "dmean2": 0,
        "dvar": 0,
        "dvar2": 0,
        "max": 1,
        "mean": 1,
        "median": 1,
        "min": 1,
        "var": 0
    },
    "silence_rate_60dB": {
        "dmean": 0,
        "dmean2": 0,
        "dvar": 0,
        "dvar2": 0,
        "max": 0,
        "mean": 0,
        "median": 0,
        "min": 0,
        "var": 0
    },
    "spectral_centroid": {
        "dmean": 263.821136475,
        "dmean2": 431.977600098,
        "dvar": 49598.8515625,
        "dvar2": 127460.929688,
        "max": 2760.52001953,
        "mean": 1614.23950195,
        "median": 1633.10241699,
        "min": 610.153320312,
        "var": 138987.890625
    },
    "spectral_complexity": {
        "dmean": 4.27554178238,
        "dmean2": 6.96746730804,
        "dvar": 11.7243776321,
        "dvar2": 28.0996494293,
        "max": 56,
        "mean": 36.9574623108,
        "median": 37,
        "min": 11,
        "var": 42.342338562
    },
    "spectral_decrease": {
        "dmean": 4.08515399286e-09,
        "dmean2": 6.72436195615e-09,
        "dvar": 1.78182231287e-17,
        "dvar2": 4.78191325407e-17,
        "max": -4.04246947028e-09,
        "mean": -1.33339606023e-08,
        "median": -1.24037287108e-08,
        "min": -3.7431934885e-08,
        "var": 2.51056396576e-17
    },
    "spectral_energy": {
        "dmean": 0.0155891608447,
        "dmean2": 0.0256219208241,
        "dvar": 0.000255342631135,
        "dvar2": 0.00068605231354,
        "max": 0.145696565509,
        "mean": 0.054187413305,
        "median": 0.0507450997829,
        "min": 0.0181006528437,
        "var": 0.000361240090569
    },
    "spectral_energyband_high": {
        "dmean": 0.000609267037362,
        "dmean2": 0.000859123538248,
        "dvar": 5.24977110672e-07,
        "dvar2": 8.52354105518e-07,
        "max": 0.0131493378431,
        "mean": 0.00261745881289,
        "median": 0.00219596689567,
        "min": 0.000471736100735,
        "var": 2.71727435575e-06
    },
    "spectral_energyband_low": {
        "dmean": 0.0128443837166,
        "dmean2": 0.021767789498,
        "dvar": 0.000263831519987,
        "dvar2": 0.000718633644283,
        "max": 0.125565931201,
        "mean": 0.0256013479084,
        "median": 0.0211774744093,
        "min": 0.000535150698852,
        "var": 0.000335638877004
    },
    "spectral_energyband_middle_high": {
        "dmean": 0.00238613924012,
        "dmean2": 0.00380819081329,
        "dvar": 4.64533513878e-06,
        "dvar2": 1.20795784824e-05,
        "max": 0.0235690921545,
        "mean": 0.00966894533485,
        "median": 0.00908723659813,
        "min": 0.00247032521293,
        "var": 1.45077874549e-05
    },
    "spectral_energyband_middle_low": {
        "dmean": 0.00736857485026,
        "dmean2": 0.0122037986293,
        "dvar": 7.82026982051e-05,
        "dvar2": 0.000195378641365,
        "max": 0.0811895728111,
        "mean": 0.0194039568305,
        "median": 0.0170634426177,
        "min": 0.00399216590449,
        "var": 0.000111142828246
    },
    "spectral_entropy": {
        "dmean": 0.0875457823277,
        "dmean2": 0.142245203257,
        "dvar": 0.00610582530499,
        "dvar2": 0.01493606437,
        "max": 8.52690124512,
        "mean": 8.01463890076,
        "median": 8.02442073822,
        "min": 7.54575204849,
        "var": 0.021105311811
    },
    "spectral_flux": {
        "dmean": 0.0312409624457,
        "dmean2": 0.0487975515425,
        "dvar": 0.000931399641559,
        "dvar2": 0.00179437326733,
        "max": 0.299028843641,
        "mean": 0.130748718977,
        "median": 0.121479988098,
        "min": 0.0583044551313,
        "var": 0.0016205519205
    },
    "spectral_kurtosis": {
        "dmean": 0.53154116869,
        "dmean2": 0.873213768005,
        "dvar": 0.215184897184,
        "dvar2": 0.566578030586,
        "max": 8.94572162628,
        "mean": 2.15310549736,
        "median": 2.08008527756,
        "min": 0.0806167125702,
        "var": 0.600981891155
    },
    "spectral_rms": {
        "dmean": 0.00101256126072,
        "dmean2": 0.00164093391504,
        "dvar": 9.00950681171e-07,
        "dvar2": 2.3433979095e-06,
        "max": 0.0119223734364,
        "mean": 0.00716496491805,
        "median": 0.00703615043312,
        "min": 0.00420228205621,
        "var": 1.52911673013e-06
    },
    "spectral_rolloff": {
        "dmean": 580.04699707,
        "dmean2": 940.806274414,
        "dvar": 495349.1875,
        "dvar2": 1005891,
        "max": 9302.34375,
        "mean": 1615.35766602,
        "median": 1378.125,
        "min": 129.19921875,
        "var": 1378787.625
    },
    "spectral_skewness": {
        "dmean": 0.104576960206,
        "dmean2": 0.166775852442,
        "dvar": 0.00753407273442,
        "dvar2": 0.0180210079998,
        "max": 2.63136768341,
        "mean": 1.19106841087,
        "median": 1.178565979,
        "min": 0.685357451439,
        "var": 0.0263439565897
    },
    "spectral_spread": {
        "dmean": 346604.96875,
        "dmean2": 512212.96875,
        "dvar": 156559081472,
        "dvar2": 231250640896,
        "max": 11509146,
        "mean": 5337460.5,
        "median": 5193973,
        "min": 4063949.5,
        "var": 700662022144
    },
    "spectral_strongpeak": {
        "dmean": 0.385644584894,
        "dmean2": 0.672980129719,
        "dvar": 0.304348438978,
        "dvar2": 0.77368503809,
        "max": 5.85407733917,
        "mean": 0.589632213116,
        "median": 0.439841717482,
        "min": 0.0589940994978,
        "var": 0.32607743144
    },
    "zerocrossingrate": {
        "dmean": 0.0109466454014,
        "dmean2": 0.0133242914453,
        "dvar": 9.26338034333e-05,
        "dvar2": 0.000127456820337,
        "max": 0.216796875,
        "mean": 0.0717867836356,
        "median": 0.0673828125,
        "min": 0.0244140625,
        "var": 0.000608523318078
    },
    "barkbands": {
        "dmean": [0.000679037650116, 0.00729107065126, 0.00748650962487, 0.00370943592861, 0.00417736684904, 0.00142814649735, 0.0010262390133, 0.000485203228891, 0.000801816058811, 0.00151400489267, 0.000327835499775, 0.00129206385463, 0.000342920538969, 0.000804471084848, 0.000306135218125, 0.000266008282779, 0.000486072094645, 0.000294307072181, 0.000260312343016, 0.000185328928637, 0.000205612144782, 0.000191354818526, 0.000159411865752, 0.000150687570567, 8.43165325932e-05, 3.7257981603e-05, 2.55509604585e-08],
        "dmean2": [0.00094015756622, 0.011831366457, 0.0132008632645, 0.00621955934912, 0.00713494513184, 0.00239341147244, 0.00174751423765, 0.000806649099104, 0.00137612735853, 0.00255996384658, 0.000557470193598, 0.00215007876977, 0.000568754796404, 0.00136048614513, 0.000511205347721, 0.000445210229373, 0.000813051476143, 0.000497774162795, 0.000437830196461, 0.00030782649992, 0.000330463371938, 0.000306634232402, 0.000253416015767, 0.000221453112317, 0.000125182545162, 5.25854920852e-05, 4.70383447748e-08],
        "dvar": [1.03169202248e-06, 7.77652603574e-05, 0.000143070879858, 2.13733019336e-05, 4.364529741e-05, 2.36897449213e-06, 1.48911522047e-06, 3.78428580916e-07, 1.08942708721e-06, 3.31809178533e-06, 1.41701818279e-07, 2.65589028459e-06, 2.06086582466e-07, 1.13532894375e-06, 1.29330331333e-07, 1.19365878959e-07, 2.68960519634e-07, 7.81732225619e-08, 5.50697016877e-08, 3.34553824644e-08, 4.58136426573e-08, 3.76633622068e-08, 4.03446982489e-08, 7.19049708664e-08, 3.36930625622e-08, 1.22036505346e-08, 3.7466630479e-15],
        "dvar2": [1.92975858226e-06, 0.000197628207388, 0.000407746643759, 5.65582922718e-05, 0.000114972892334, 6.52562084724e-06, 3.94897915612e-06, 9.70233372755e-07, 2.98623831441e-06, 8.32214482216e-06, 3.8565465843e-07, 7.14955558578e-06, 5.22231687228e-07, 3.14246085509e-06, 3.23592615814e-07, 2.98811926314e-07, 6.9600974939e-07, 2.2154689816e-07, 1.51941861759e-07, 8.54383159776e-08, 1.07561447749e-07, 8.89246933866e-08, 9.34657933271e-08, 1.24286458458e-07, 6.17516491275e-08, 1.61344004823e-08, 9.22789879991e-15],
        "max": [0.00713757565245, 0.0690876767039, 0.0873609036207, 0.0412955731153, 0.0561840906739, 0.0138274505734, 0.0111012440175, 0.00907117128372, 0.0112568968907, 0.0218944773078, 0.00469277659431, 0.017590103671, 0.00688994163647, 0.010680321604, 0.00428313901648, 0.00433190539479, 0.00657707778737, 0.00292448792607, 0.0025301259011, 0.00242576352321, 0.00246564927511, 0.00271140644327, 0.0045556742698, 0.00566891860217, 0.00351963122375, 0.00214306684211, 8.52630932968e-07],
        "mean": [0.000758260372095, 0.0118438145146, 0.010635313578, 0.00498535716906, 0.0060053979978, 0.00278189987876, 0.00174430117477, 0.000835771556012, 0.0014254146954, 0.00229231081903, 0.000555135891773, 0.0019922463689, 0.000615368888248, 0.00140513468068, 0.000608564296272, 0.000527502037585, 0.000960073433816, 0.000703052384779, 0.000654592935462, 0.00050456635654, 0.000568316900171, 0.000573790050112, 0.000460937706521, 0.000428275263403, 0.000231305384659, 9.07191279111e-05, 1.76570082999e-08],
        "median": [0.000169676495716, 0.00766058964655, 0.00769871659577, 0.00343091483228, 0.00418780418113, 0.00216015987098, 0.00122232898138, 0.000544219976291, 0.000970022811089, 0.00146236154251, 0.000418700859882, 0.00128544145264, 0.000411242363043, 0.000852831697557, 0.000461862102384, 0.000417307484895, 0.000798545195721, 0.000623244501185, 0.000598062528297, 0.000447750935564, 0.000491075043101, 0.000495296961162, 0.000381000951165, 0.000299340201309, 0.000154775072588, 4.60352748632e-05, 2.68672128989e-09],
        "min": [3.57148962848e-07, 6.48711138638e-05, 7.35975190764e-05, 1.29496584123e-05, 0.000349587207893, 0.00010374210251, 6.39669160591e-05, 2.6628267733e-05, 6.80649245623e-05, 6.32958253846e-05, 2.5608775104e-05, 5.5537217122e-05, 2.620478881e-05, 3.08928465529e-05, 6.32752999081e-05, 7.29937746655e-05, 8.42414447106e-05, 0.000106050138129, 0.000101390091004, 7.11174943717e-05, 8.73418539413e-05, 7.47322847019e-05, 6.60488149151e-05, 5.36915867997e-05, 2.10000234802e-05, 3.33668344865e-06, 1.11847033371e-11],
        "var": [1.54756230586e-06, 0.000126230283058, 0.000121122713608, 2.63047786575e-05, 4.16742805101e-05, 4.5306364882e-06, 2.5534022825e-06, 7.40179700642e-07, 2.02847900255e-06, 5.87527438256e-06, 2.21341366569e-07, 4.41546353613e-06, 4.47415374083e-07, 2.22599783228e-06, 2.3456820486e-07, 1.95145489101e-07, 4.46199663884e-07, 1.48879053086e-07, 9.79181038474e-08, 7.53757305461e-08, 1.1618493545e-07, 1.05991162513e-07, 1.02514796652e-07, 2.80744473002e-07, 1.10045668578e-07, 4.88790838915e-08, 2.76471511632e-15]
    },
    "erbbands": {
        "dmean": [0.286188751459, 1.64668917656, 7.27152204514, 9.96083259583, 15.4687156677, 13.0655431747, 10.8327140808, 12.5623407364, 19.9216175079, 8.77949523926, 10.5395593643, 15.0293178558, 60.6278533936, 15.865319252, 13.5220060349, 62.4188156128, 16.5206718445, 38.7982559204, 17.9136066437, 18.3587226868, 17.4974365234, 21.5940284729, 15.5028886795, 15.2309160233, 10.1574621201, 9.45834445953, 8.25033473969, 8.41148471832, 7.49018955231, 5.6743144989, 4.24585103989, 3.69689369202, 2.3784968853, 1.25165474415, 0.517070233822, 0.232178553939, 0.0611655898392, 0.0047912588343, 8.86892448762e-05, 1.9038830942e-05],
        "dmean2": [0.397908657789, 2.82328128815, 12.8308334351, 17.2040576935, 25.4833850861, 22.9369106293, 18.8635997772, 21.1018390656, 33.4590110779, 14.7450466156, 17.4544811249, 25.2059669495, 101.26210022, 26.3411026001, 22.9733982086, 103.87613678, 27.1336746216, 65.6792068481, 28.9111366272, 29.9734649658, 29.1420173645, 36.0526123047, 26.3720226288, 25.4444465637, 17.1523075104, 15.6096458435, 13.1897363663, 13.6281938553, 12.0732164383, 9.11126327515, 6.64562940598, 5.66981601715, 3.53183102608, 1.95734083652, 0.736035883427, 0.322895884514, 0.0882179364562, 0.00747247133404, 0.000128910425701, 3.00317060464e-05],
        "dvar": [0.140981122851, 4.43793964386, 141.680236816, 144.536300659, 533.127929688, 487.672302246, 244.442245483, 177.083068848, 486.949310303, 158.600326538, 128.24407959, 343.605377197, 5519.39355469, 457.436187744, 248.956756592, 6460.13964844, 455.579528809, 2804.2331543, 494.075317383, 563.199035645, 505.666687012, 507.490600586, 212.923309326, 177.629104614, 98.9097900391, 94.9932632446, 78.8728179932, 79.835067749, 68.8500366211, 38.3446426392, 31.6088314056, 36.1549186707, 21.1545028687, 6.6711025238, 1.34381437302, 0.446428239346, 0.0313350744545, 0.000193082451005, 6.17335658148e-08, 3.87916199163e-10],
        "dvar2": [0.278938025236, 12.2409973145, 398.600494385, 398.221923828, 1299.13745117, 1390.39208984, 708.287902832, 469.578430176, 1275.24279785, 424.637817383, 340.687469482, 888.046875, 13983.5898438, 1130.22607422, 663.86315918, 17363.2382812, 1162.40527344, 7757.70654297, 1272.37573242, 1381.15197754, 1369.26953125, 1307.38012695, 586.835754395, 480.576843262, 275.475006104, 237.500076294, 189.716629028, 194.436843872, 166.200164795, 92.7984771729, 73.6505889893, 74.5934906006, 38.0037307739, 13.4237718582, 2.05945515633, 0.567323505878, 0.0502801164985, 0.000358405639417, 1.00091419597e-07, 8.57370452412e-10],
        "max": [2.8956823349, 16.4528942108, 89.0638122559, 89.2090301514, 212.021881104, 216.542724609, 141.197158813, 134.863113403, 196.312149048, 161.212692261, 138.756439209, 228.393768311, 844.413635254, 503.048248291, 215.038604736, 889.307434082, 312.187713623, 584.560546875, 401.570587158, 315.715057373, 306.834655762, 375.010284424, 141.547225952, 127.7345047, 119.123085022, 147.263977051, 116.400543213, 108.103691101, 128.549026489, 100.957092285, 122.801673889, 114.01197052, 107.797859192, 52.1470603943, 23.5232982635, 12.9748916626, 3.51669788361, 0.304687231779, 0.00546027394012, 0.000351581955329],
        "mean": [0.427461624146, 2.43269705772, 10.7428636551, 15.0529937744, 21.4834003448, 17.4244346619, 16.3007507324, 23.1346340179, 34.093421936, 15.8871850967, 18.8469562531, 30.2818965912, 92.8865432739, 30.0638256073, 27.1833457947, 94.2523956299, 36.1467819214, 69.6943664551, 37.9952316284, 36.4656181335, 38.9885826111, 47.8032989502, 37.7753105164, 37.9439201355, 26.6339054108, 25.1945590973, 23.5086936951, 22.8529968262, 21.2993755341, 16.698102951, 12.1743879318, 9.88277435303, 6.32689571381, 3.204007864, 1.35867905617, 0.572607696056, 0.133676335216, 0.00853673741221, 0.000221127615077, 7.96471504145e-05],
        "median": [0.196116670966, 1.67768383026, 7.93593645096, 11.5928239822, 12.8926706314, 11.9119586945, 11.7520799637, 17.6362342834, 23.6785430908, 10.2742595673, 13.7010822296, 21.8679828644, 56.6909790039, 23.0701961517, 21.7602100372, 60.3317260742, 26.7818508148, 43.5661773682, 27.935218811, 27.0340518951, 33.2532958984, 41.1403160095, 33.2252502441, 34.6376342773, 24.07264328, 22.2605419159, 20.7842559814, 19.4755554199, 17.9548683167, 14.4761953354, 9.74423503876, 7.07648181915, 4.26717090607, 2.18977713585, 0.858498096466, 0.306879967451, 0.0649925991893, 0.00397301046178, 0.000129585911054, 7.33332199161e-05],
        "min": [0.0014528442407, 0.0483848415315, 0.217888817191, 0.212780714035, 0.52181828022, 0.918589532375, 1.23962318897, 1.29587578773, 1.62870633602, 1.02973163128, 1.26525354385, 2.61686134338, 4.48025941849, 2.49272751808, 2.80481123924, 4.76853466034, 2.98162651062, 3.36132097244, 3.90822577477, 3.59073615074, 5.54338741302, 5.06536388397, 5.32358551025, 8.77131748199, 3.92694091797, 3.8859500885, 3.14729690552, 3.69767951965, 2.77696490288, 1.44163298607, 1.80761444569, 1.26986706257, 0.771066427231, 0.2978092134, 0.145485311747, 0.0322658084333, 0.0039343428798, 0.000265863141976, 2.76069586107e-05, 2.81867960439e-05],
        "var": [0.264222979546, 5.03016138077, 119.201431274, 155.870697021, 645.175231934, 388.513671875, 242.911911011, 343.774627686, 963.681945801, 273.597290039, 266.770996094, 732.126037598, 9985.46289062, 797.854370117, 387.180114746, 10404.8710938, 1010.88574219, 5365.52441406, 1104.4375, 1080.18688965, 705.158752441, 926.007080078, 420.30255127, 308.479400635, 176.208374023, 199.928009033, 187.098022461, 204.118499756, 172.258514404, 93.3399047852, 81.1018066406, 114.316390991, 75.4704208374, 19.4569263458, 4.6212720871, 1.72109568119, 0.120270140469, 0.000551560369786, 2.17864752017e-07, 1.26444033022e-09]
    },
    "gfcc": {
        "mean": [88.1610870361, 77.0096664429, -113.850143433, 50.0959739685, -61.9870033264, 30.2733440399, -39.8906097412, 13.1229333878, -28.7066421509, 2.58989357948, -18.6381664276, 3.03967928886, -12.7074108124],
        "cov": [[192.609771729, -112.247268677, 28.8969116211, 9.4187078476, 24.1504211426, 34.7414398193, -13.1287584305, -14.5867004395, -29.2244758606, -8.87808418274, -31.1794643402, -2.25363111496, -8.12678527832], [-112.247268677, 269.091644287, -17.1593589783, 2.94666600227, 30.6171302795, -26.2887458801, 52.0525093079, 15.2599973679, 50.3205299377, 0.811285793781, 43.6218719482, 2.15402531624, 19.8061161041], [28.8969116211, -17.1593589783, 128.124023438, -0.0104125058278, 0.532848656178, -8.6956281662, -7.18989372253, 16.763261795, 2.72676348686, 7.72427463531, -2.8538081646, 8.9782409668, -10.9645452499], [9.4187078476, 2.94666600227, -0.0104125058278, 73.6522903442, 33.109577179, 9.43019294739, 1.70843112469, 1.54669523239, 18.4433383942, -2.56643152237, -2.89230704308, -3.96003460884, 17.0200805664], [24.1504211426, 30.6171302795, 0.532848656178, 33.109577179, 120.985145569, 61.1562194824, 44.0801200867, 19.7084941864, 18.1696872711, 4.8431391716, 4.25167036057, -0.294325858355, 6.78832387924], [34.7414398193, -26.2887458801, -8.6956281662, 9.43019294739, 61.1562194824, 80.4538116455, 41.2580184937, 9.69633483887, -6.84873771667, -0.950923979282, -0.402767300606, -7.70826005936, 1.20406210423], [-13.1287584305, 52.0525093079, -7.18989372253, 1.70843112469, 44.0801200867, 41.2580184937, 73.971534729, 30.7773036957, 12.9959173203, 0.608852207661, 8.29016590118, 1.75498998165, 4.09286355972], [-14.5867004395, 15.2599973679, 16.763261795, 1.54669523239, 19.7084941864, 9.69633483887, 30.7773036957, 60.7921829224, 39.1704711914, 12.5785512924, 6.65866279602, 7.72501468658, 12.113202095], [-29.2244758606, 50.3205299377, 2.72676348686, 18.4433383942, 18.1696872711, -6.84873771667, 12.9959173203, 39.1704711914, 66.8554916382, 25.6406002045, 14.2040596008, 9.6844367981, 18.601726532], [-8.87808418274, 0.811285793781, 7.72427463531, -2.56643152237, 4.8431391716, -0.950923979282, 0.608852207661, 12.5785512924, 25.6406002045, 41.9198417664, 26.4969730377, 15.1723213196, 5.69894266129], [-31.1794643402, 43.6218719482, -2.8538081646, -2.89230704308, 4.25167036057, -0.402767300606, 8.29016590118, 6.65866279602, 14.2040596008, 26.4969730377, 57.9637145996, 29.2481956482, 8.24044513702], [-2.25363111496, 2.15402531624, 8.9782409668, -3.96003460884, -0.294325858355, -7.70826005936, 1.75498998165, 7.72501468658, 9.6844367981, 15.1723213196, 29.2481956482, 45.8726043701, 16.1105442047], [-8.12678527832, 19.8061161041, -10.9645452499, 17.0200805664, 6.78832387924, 1.20406210423, 4.09286355972, 12.113202095, 18.601726532, 5.69894266129, 8.24044513702, 16.1105442047, 41.7762870789]],
        "icov": [[0.00836878549308, 0.00256122089922, -0.00175424164627, -0.000108954940515, -0.00187903933693, -0.00227257818915, 0.000590356299654, 0.00227519869804, 0.000338838173775, 6.08137015661e-05, 0.00335030909628, -0.00230413815007, -0.000280483363895], [0.00256122089922, 0.0157771985978, -0.00308295129798, 0.00753673398867, -0.00799017585814, 0.0158525686711, -0.0164801273495, 0.014829964377, -0.0159094389528, 0.0155681930482, -0.0181025508791, 0.0145766036585, -0.009795691818], [-0.00175424164627, -0.00308295129798, 0.0104686981067, -0.00320644886233, 0.000956071249675, -0.00113616301678, 0.00487517332658, -0.0088266460225, 0.00595511496067, -0.00562204932794, 0.00529367057607, -0.00624781614169, 0.00661391299218], [-0.000108954940515, 0.00753673398867, -0.00320644886233, 0.0242937281728, -0.00948341563344, 0.00818991847336, -0.00617174291983, 0.0133012374863, -0.0164200719446, 0.0137271834537, -0.0111987339333, 0.0124634904787, -0.0134392576292], [-0.00187903933693, -0.00799017585814, 0.000956071249675, -0.00948341563344, 0.0214858241379, -0.0193215869367, 0.00448219338432, -0.00623619835824, 0.00282152788714, -0.00730037689209, 0.00947615224868, -0.00986106321216, 0.00764502305537], [-0.00227257818915, 0.0158525686711, -0.00113616301678, 0.00818991847336, -0.0193215869367, 0.0471711419523, -0.0282021537423, 0.0122899813578, -0.00563015928492, 0.0105498665944, -0.0216590799391, 0.0234176702797, -0.0143038025126], [0.000590356299654, -0.0164801273495, 0.00487517332658, -0.00617174291983, 0.00448219338432, -0.0282021537423, 0.0453955940902, -0.0277520734817, 0.0170185733587, -0.0105549125001, 0.0165378600359, -0.0175963621587, 0.0127916187048], [0.00227519869804, 0.014829964377, -0.0088266460225, 0.0133012374863, -0.00623619835824, 0.0122899813578, -0.0277520734817, 0.052929725498, -0.0378441512585, 0.0178067684174, -0.0146041074768, 0.0127621404827, -0.0139122866094], [0.000338838173775, -0.0159094389528, 0.00595511496067, -0.0164200719446, 0.00282152788714, -0.00563015928492, 0.0170185733587, -0.0378441512585, 0.0591033510864, -0.0367462076247, 0.0212575048208, -0.012356470339, 0.00413864059374], [6.08137015661e-05, 0.0155681930482, -0.00562204932794, 0.0137271834537, -0.00730037689209, 0.0105498665944, -0.0105549125001, 0.0178067684174, -0.0367462076247, 0.0632468536496, -0.0370020866394, 0.0139385461807, -0.00802646577358], [0.00335030909628, -0.0181025508791, 0.00529367057607, -0.0111987339333, 0.00947615224868, -0.0216590799391, 0.0165378600359, -0.0146041074768, 0.0212575048208, -0.0370020866394, 0.0598120428622, -0.0385866053402, 0.0155495228246], [-0.00230413815007, 0.0145766036585, -0.00624781614169, 0.0124634904787, -0.00986106321216, 0.0234176702797, -0.0175963621587, 0.0127621404827, -0.012356470339, 0.0139385461807, -0.0385866053402, 0.0574533939362, -0.0260700583458], [-0.000280483363895, -0.009795691818, 0.00661391299218, -0.0134392576292, 0.00764502305537, -0.0143038025126, 0.0127916187048, -0.0139122866094, 0.00413864059374, -0.00802646577358, 0.0155495228246, -0.0260700583458, 0.043927051127]]
    },
    "melbands": {
        "dmean": [0.0021411513444, 0.0030484853778, 0.0018548873486, 0.000984860351309, 0.000409845029935, 0.000299553357763, 0.000271261087619, 9.54395363806e-05, 8.64769681357e-05, 0.00011354777962, 0.000301272288198, 6.59013530822e-05, 4.26257392974e-05, 0.000138134812005, 9.0773224656e-05, 3.50529189745e-05, 8.57522973092e-05, 3.55020638381e-05, 2.26991287491e-05, 2.12728446058e-05, 2.70591281151e-05, 2.8857624784e-05, 1.89296242752e-05, 1.18317839224e-05, 1.41333712236e-05, 9.84921280178e-06, 6.32405863144e-06, 6.66799769533e-06, 5.59982390769e-06, 5.95340543441e-06, 5.25774157722e-06, 5.05544767293e-06, 3.67176380678e-06, 3.65546020475e-06, 2.8091887998e-06, 2.39261839852e-06, 2.55763484347e-06, 1.89740103451e-06, 1.56674730079e-06, 1.09363224965e-06],
        "dmean2": [0.00322138005868, 0.00532381283119, 0.00311085791327, 0.00165739306249, 0.000714423367754, 0.000500682857819, 0.000453531974927, 0.000159066185006, 0.000142689765198, 0.000191695187823, 0.000502888986375, 0.000110346183646, 7.29482562747e-05, 0.000231560450629, 0.000151397805894, 5.76487727812e-05, 0.000145623009303, 5.8017543779e-05, 3.74286282749e-05, 3.52045608452e-05, 4.54596265627e-05, 4.79317677673e-05, 3.22913947457e-05, 1.96635592147e-05, 2.36903815676e-05, 1.68906099134e-05, 1.04972841655e-05, 1.11796116471e-05, 9.10461130843e-06, 9.76578758127e-06, 8.55790221976e-06, 8.26820632938e-06, 5.89599994782e-06, 5.96511745243e-06, 4.50882362202e-06, 3.76245338884e-06, 3.96499399358e-06, 2.88598016596e-06, 2.43683825829e-06, 1.71782448888e-06],
        "dvar": [7.17184821042e-06, 2.35081115534e-05, 4.42067312179e-06, 2.46220542977e-06, 3.78650128141e-07, 9.62768424984e-08, 8.91286688898e-08, 1.91816553752e-08, 8.71446470541e-09, 1.96373015626e-08, 1.34553019393e-07, 9.07852193421e-09, 2.27474594716e-09, 2.83933569989e-08, 1.58166688635e-08, 2.36903852091e-09, 1.42864990949e-08, 2.42165865139e-09, 7.74907527035e-10, 7.96776644663e-10, 1.17777265718e-09, 9.06363817332e-10, 3.45617590103e-10, 1.37342429096e-10, 1.5342205284e-10, 9.22801973724e-11, 4.08157917187e-11, 4.63795980787e-11, 3.99855322464e-11, 3.7739818215e-11, 3.34899746823e-11, 3.27551284707e-11, 1.41577713095e-11, 1.70634686936e-11, 1.39003652339e-11, 9.82588316267e-12, 2.13996979859e-11, 1.04628935724e-11, 1.37776309458e-11, 4.38933524943e-12],
        "dvar2": [1.65954461409e-05, 6.53813258396e-05, 1.17121953735e-05, 6.43832527203e-06, 1.10751034299e-06, 2.56495582107e-07, 2.33515564219e-07, 5.12027042987e-08, 2.29565220167e-08, 5.21882057569e-08, 3.41438919804e-07, 2.27969536581e-08, 6.14102813046e-09, 7.43806793935e-08, 4.21959569508e-08, 6.16391249153e-09, 3.95675385789e-08, 6.10339512264e-09, 1.88187221362e-09, 1.9019101849e-09, 3.24602189572e-09, 2.30646901578e-09, 1.00475128217e-09, 3.7223479854e-10, 4.16695150607e-10, 2.53325943556e-10, 1.07329291288e-10, 1.16406440043e-10, 9.86735623765e-11, 9.56322243617e-11, 8.42185418626e-11, 8.33773466935e-11, 3.39931624516e-11, 4.32570403108e-11, 3.46445788724e-11, 1.99857231459e-11, 4.97300430002e-11, 1.9328096415e-11, 2.99735687659e-11, 9.40181526382e-12],
        "max": [0.0212728176266, 0.036120865494, 0.0167604461312, 0.01430062484, 0.00563803501427, 0.00307953520678, 0.00258235097863, 0.00192821468227, 0.0011837995844, 0.00167841999792, 0.00420897500589, 0.00217694393359, 0.000675759103615, 0.00191135099158, 0.00144377839752, 0.00088587065693, 0.00133113015909, 0.000901992665604, 0.00039377057692, 0.000412794412114, 0.000449520273833, 0.000402155914344, 0.000170538871316, 0.000155971240019, 0.000106351886643, 9.97838287731e-05, 8.29203490866e-05, 0.00010498186748, 9.53979906626e-05, 8.08874756331e-05, 7.80475529609e-05, 8.73196331668e-05, 3.56053460564e-05, 6.694712647e-05, 7.51825791667e-05, 5.71142845729e-05, 8.49318457767e-05, 7.31697655283e-05, 7.48664315324e-05, 3.72970062017e-05],
        "mean": [0.00343773444183, 0.00478462362662, 0.00293994997628, 0.00141955399886, 0.000601484556682, 0.000561129127163, 0.000480753689772, 0.000163902470376, 0.000152419903316, 0.000213678271393, 0.000459511764348, 0.000113932030217, 7.30776591809e-05, 0.000215058171307, 0.00014967903553, 6.55637923046e-05, 0.000144324701978, 6.58226999803e-05, 4.49978178949e-05, 4.13175439462e-05, 5.20262074133e-05, 5.61361193832e-05, 3.84159648092e-05, 2.86540634988e-05, 3.17446611007e-05, 2.22190483328e-05, 1.56373953359e-05, 1.64879202202e-05, 1.43274783113e-05, 1.43304832818e-05, 1.29240579554e-05, 1.27679659272e-05, 9.68904532783e-06, 9.28102963371e-06, 7.13380904926e-06, 6.24302401775e-06, 5.92836659052e-06, 4.68804500997e-06, 3.4172778669e-06, 2.46341073762e-06],
        "median": [0.00195317622274, 0.00370434462093, 0.00227889535017, 0.000964259088505, 0.000429789535701, 0.000413976318669, 0.000329218542902, 0.000101885721961, 0.000108627646114, 0.000150039573782, 0.00027833119384, 8.29453274491e-05, 5.70180745854e-05, 0.000142024815432, 9.76991650532e-05, 4.36889349658e-05, 8.56835249579e-05, 4.27683880844e-05, 3.35032200383e-05, 3.10968280246e-05, 4.26365804742e-05, 4.6201661462e-05, 3.29692011292e-05, 2.50409138971e-05, 2.88383234874e-05, 1.96888577193e-05, 1.36191538331e-05, 1.44820523929e-05, 1.23752870422e-05, 1.21931389003e-05, 1.06853531179e-05, 1.06094803414e-05, 8.20119475975e-06, 7.80688606028e-06, 5.64191805097e-06, 4.72631518278e-06, 4.05300306738e-06, 3.23596623275e-06, 2.12893769458e-06, 1.71540864358e-06],
        "min": [1.75365530595e-05, 8.03720031399e-05, 5.39250104339e-05, 2.30194382311e-05, 3.41305567417e-05, 2.4911330911e-05, 2.54291953752e-05, 7.56646522859e-06, 3.71337523575e-06, 1.31928081828e-05, 9.29492671276e-06, 8.12506550574e-06, 3.55987958756e-06, 5.83789960729e-06, 1.07033010863e-05, 4.3722961891e-06, 3.66064864465e-06, 5.66783728573e-06, 3.37542587658e-06, 3.4099189179e-06, 5.79322522754e-06, 5.28464897798e-06, 3.0756182241e-06, 3.54825488103e-06, 6.21408798906e-06, 2.28212229558e-06, 2.67014729616e-06, 1.60342005984e-06, 1.76207981895e-06, 1.87597731838e-06, 2.05140736398e-06, 1.63836011779e-06, 7.78325613737e-07, 8.09809137081e-07, 8.15424300527e-07, 7.79887670888e-07, 6.06476078246e-07, 4.74656729921e-07, 2.66495050028e-07, 1.7157286436e-07],
