{
"highlevel": {
    "danceability": {
        "all": {
            "danceable": 0.999965906143,
            "not_danceable": 3.40801525454e-05
        },
        "probability": 0.999965906143,
        "value": "danceable"
    },
    "gender": {
        "all": {
            "female": 0.071467012167,
            "male": 0.928532958031
        },
        "probability": 0.928532958031,
        "value": "male"
    },
    "genre_dortmund": {
        "all": {
            "alternative": 0.00139081932139,
            "blues": 0.00181142182555,
            "electronic": 0.168324574828,
            "folkcountry": 0.00217332527973,
            "funksoulrnb": 0.000847469083965,
            "jazz": 0.0101738478988,
            "pop": 0.0056874495931,
            "raphiphop": 0.80775898695,
            "rock": 0.00183211069088
        },
        "probability": 0.80775898695,
        "value": "raphiphop"
    },
    "genre_electronic": {
        "all": {
            "ambient": 0.117367103696,
            "dnb": 0.625776588917,
            "house": 0.151743248105,
            "techno": 0.018393997103,
            "trance": 0.0867190435529
        },
        "probability": 0.625776588917,
        "value": "dnb"
    },
    "genre_rosamerica": {
        "all": {
            "cla": 0.00277668074705,
            "dan": 0.104079827666,
            "hip": 0.806941211224,
            "jaz": 0.00426533538848,
            "pop": 0.0389407835901,
            "rhy": 0.0326542183757,
            "roc": 0.0068997819908,
            "spe": 0.0034421577584
        },
        "probability": 0.806941211224,
        "value": "hip"
    },
    "genre_tzanetakis": {
        "all": {
            "blu": 0.0626613423228,
            "cla": 0.0348169617355,
            "cou": 0.104475811124,
            "dis": 0.0784321576357,
            "hip": 0.15692435205,
            "jaz": 0.313974827528,
            "met": 0.0448166541755,
            "pop": 0.0627359300852,
            "reg": 0.0627360641956,
            "roc": 0.0784258767962
        },
        "probability": 0.313974827528,
        "value": "jaz"
    },
    "ismir04_rhythm": {
        "all": {
            "ChaChaCha": 0.218890756369,
            "Jive": 0.00934478547424,
            "Quickstep": 0.0408972874284,
            "Rumba-American": 0.00699019385502,
            "Rumba-International": 0.00972233805805,
            "Rumba-Misc": 0.00251834793016,
            "Samba": 0.704747378826,
            "Tango": 0.00418986333534,
            "VienneseWaltz": 0.00134525902104,
            "Waltz": 0.00135377212428
        },
        "probability": 0.704747378826,
        "value": "Samba"
    },
    "mood_acoustic": {
        "all": {
            "acoustic": 0.0026114762295,
            "not_acoustic": 0.997388541698
        },
        "probability": 0.997388541698,
        "value": "not_acoustic"
    },
    "mood_aggressive": {
        "all": {
            "aggressive": 0.442748248577,
            "not_aggressive": 0.557251751423
        },
        "probability": 0.557251751423,
        "value": "not_aggressive"
    },
    "mood_electronic": {
        "all": {
            "electronic": 0.987361371517,
            "not_electronic": 0.0126386247575
        },
        "probability": 0.987361371517,
        "value": "electronic"
    },
    "mood_happy": {
        "all": {
            "happy": 0.715222835541,
            "not_happy": 0.284777134657
        },
        "probability": 0.715222835541,
        "value": "happy"
    },
    "mood_party": {
        "all": {
            "not_party": 0.0291600301862,
            "party": 0.970839977264
        },
        "probability": 0.970839977264,
        "value": "party"
    },
    "mood_relaxed": {
        "all": {
            "not_relaxed": 0.927437543869,
            "relaxed": 0.0725624412298
        },
        "probability": 0.927437543869,
        "value": "not_relaxed"
    },
    "mood_sad": {
        "all": {
            "not_sad": 0.893054187298,
            "sad": 0.106945835054
        },
        "probability": 0.893054187298,
        "value": "not_sad"
    },
    "moods_mirex": {
        "all": {
            "Cluster1": 0.132455736399,
            "Cluster2": 0.197805896401,
            "Cluster3": 0.0593999475241,
            "Cluster4": 0.167705193162,
            "Cluster5": 0.442633241415
        },
        "probability": 0.442633241415,
        "value": "Cluster5"
    },
    "timbre": {
        "all": {
            "bright": 0.114977121353,
            "dark": 0.885022878647
        },
        "probability": 0.885022878647,
        "value": "dark"
    },
    "tonal_atonal": {
        "all": {
            "atonal": 0.885850250721,
            "tonal": 0.114149741828
        },
        "probability": 0.885850250721,
        "value": "atonal"
    },
    "voice_instrumental": {
        "all": {
            "instrumental": 0.00274142948911,
            "voice": 0.997258543968
        },
        "probability": 0.997258543968,
        "value": "voice"
    }
},
"lowlevel": {
    "average_loudness": 0.961305141449,
    "barkbands_crest": {
        "dmean": 3.22584223747,
        "dmean2": 4.93423461914,
        "dvar": 11.2297029495,
        "dvar2": 25.2955226898,
        "max": 25.9578514099,
        "mean": 13.5829086304,
        "median": 12.9959316254,
        "min": 2.59666538239,
        "var": 33.0864601135
    },
    "barkbands_flatness_db": {
        "dmean": 0.0351530611515,
        "dmean2": 0.052025847137,
        "dvar": 0.00114306830801,
        "dvar2": 0.00240383925848,
        "max": 0.407608360052,
        "mean": 0.182886466384,
        "median": 0.178111925721,
        "min": 0.0469067431986,
        "var": 0.00400989828631
    },
    "barkbands_kurtosis": {
        "dmean": 13.8776483536,
        "dmean2": 22.4596176147,
        "dvar": 1128.82873535,
        "dvar2": 3004.40673828,
        "max": 472.170806885,
        "mean": 14.2351255417,
        "median": 3.41195869446,
        "min": -1.93444681168,
        "var": 1185.32458496
    },
    "barkbands_skewness": {
        "dmean": 1.39339232445,
        "dmean2": 2.02844405174,
        "dvar": 2.77983498573,
        "dvar2": 6.46017789841,
        "max": 20.389465332,
        "mean": 2.62931156158,
        "median": 2.02227640152,
        "min": -1.47604179382,
        "var": 6.55196619034
    },
    "barkbands_spread": {
        "dmean": 13.605340004,
        "dmean2": 20.8402423859,
        "dvar": 231.426544189,
        "dvar2": 474.555877686,
        "max": 119.505027771,
        "mean": 31.7934913635,
        "median": 22.50141716,
        "min": 0.614833176136,
        "var": 666.908325195
    },
    "dissonance": {
        "dmean": 0.0181640889496,
        "dmean2": 0.0302433539182,
        "dvar": 0.000383159058401,
        "dvar2": 0.000973835936747,
        "max": 0.499974220991,
        "mean": 0.471042811871,
        "median": 0.477989256382,
        "min": 0.250809073448,
        "var": 0.000690016604494
    },
    "dynamic_complexity": 2.9852013588,
    "erbbands_crest": {
        "dmean": 2.8251619339,
        "dmean2": 4.66048812866,
        "dvar": 7.02312898636,
        "dvar2": 17.8595905304,
        "max": 24.4159393311,
        "mean": 8.04430484772,
        "median": 7.20610952377,
        "min": 2.6461660862,
        "var": 12.6364555359
    },
    "erbbands_flatness_db": {
        "dmean": 0.0229030977935,
        "dmean2": 0.0357261486351,
        "dvar": 0.000414452602854,
        "dvar2": 0.00093634420773,
        "max": 0.287036925554,
        "mean": 0.137257277966,
        "median": 0.133211061358,
        "min": 0.0548482425511,
        "var": 0.00114392314572
    },
    "erbbands_kurtosis": {
        "dmean": 1.68811225891,
        "dmean2": 2.75302624702,
        "dvar": 6.21885108948,
        "dvar2": 15.8393535614,
        "max": 24.0197410583,
        "mean": 0.75016617775,
        "median": -0.192549943924,
        "min": -1.83502733707,
        "var": 8.10161399841
    },
    "erbbands_skewness": {
        "dmean": 0.645874321461,
        "dmean2": 0.999470233917,
        "dvar": 0.375721901655,
        "dvar2": 0.857076108456,
        "max": 3.21145915985,
        "mean": -0.148495793343,
        "median": -0.0956208407879,
        "min": -4.36164712906,
        "var": 1.01159596443
    },
    "erbbands_spread": {
        "dmean": 17.831205368,
        "dmean2": 27.4124736786,
        "dvar": 348.984680176,
        "dvar2": 738.052185059,
        "max": 177.701309204,
        "mean": 51.4270057678,
        "median": 45.760219574,
        "min": 4.3816280365,
        "var": 862.127319336
    },
    "hfc": {
        "dmean": 15.8569259644,
        "dmean2": 24.2706508636,
        "dvar": 678.806091309,
        "dvar2": 1533.40612793,
        "max": 393.071258545,
        "mean": 23.4311923981,
        "median": 13.2340211868,
        "min": 0.536004543304,
        "var": 1098.07299805
    },
    "melbands_crest": {
        "dmean": 4.36310625076,
        "dmean2": 6.39946985245,
        "dvar": 18.5228385925,
        "dvar2": 39.7240867615,
        "max": 38.7261390686,
        "mean": 26.3181381226,
        "median": 28.1439666748,
        "min": 2.53978991508,
        "var": 64.9783172607
    },
    "melbands_flatness_db": {
        "dmean": 0.0440509319305,
        "dmean2": 0.0630417615175,
        "dvar": 0.0017409529537,
        "dvar2": 0.00350370816886,
        "max": 0.500508666039,
        "mean": 0.237868964672,
        "median": 0.238429486752,
        "min": 0.0271409172565,
        "var": 0.00766221201047
    },
    "melbands_kurtosis": {
        "dmean": 44.4715499878,
        "dmean2": 69.9469680786,
        "dvar": 8522.96875,
        "dvar2": 20167.0566406,
        "max": 891.079101562,
        "mean": 54.9160690308,
        "median": 19.0588855743,
        "min": -1.78309679031,
        "var": 11836.6142578
    },
    "melbands_skewness": {
        "dmean": 2.17389011383,
        "dmean2": 3.15234160423,
        "dvar": 6.58445596695,
        "dvar2": 13.5049066544,
        "max": 25.6834812164,
        "mean": 5.05714797974,
        "median": 3.98746776581,
        "min": -0.348644554615,
        "var": 16.9873695374
    },
    "melbands_spread": {
        "dmean": 13.9505252838,
        "dmean2": 21.1650676727,
        "dvar": 366.594116211,
        "dvar2": 807.58984375,
        "max": 179.084945679,
        "mean": 26.5620174408,
        "median": 16.7099742889,
        "min": 0.419204801321,
        "var": 818.605773926
    },
    "pitch_salience": {
        "dmean": 0.110779412091,
        "dmean2": 0.171777307987,
        "dvar": 0.01351485122,
        "dvar2": 0.031328715384,
        "max": 0.82315081358,
        "mean": 0.365663707256,
        "median": 0.362050056458,
        "min": 0.03342519328,
        "var": 0.0297942403704
    },
    "silence_rate_20dB": {
        "dmean": 0,
        "dmean2": 0,
        "dvar": 0,
        "dvar2": 0,
        "max": 1,
        "mean": 1,
        "median": 1,
        "min": 1,
        "var": 0
    },
    "silence_rate_30dB": {
        "dmean": 0.0820433422923,
        "dmean2": 0.16421379149,
        "dvar": 0.0753120929003,
        "dvar2": 0.140345960855,
        "max": 1,
        "mean": 0.902552187443,
        "median": 1,
        "min": 0,
        "var": 0.0879523977637
    },
    "silence_rate_60dB": {
        "dmean": 0.00232198135927,
        "dmean2": 0.00387296662666,
        "dvar": 0.00231658970006,
        "dvar2": 0.00385796651244,
        "max": 1,
        "mean": 0.00386697612703,
        "median": 0,
        "min": 0,
        "var": 0.00385202257894
    },
    "spectral_centroid": {
        "dmean": 553.331848145,
        "dmean2": 821.672546387,
        "dvar": 351588.125,
        "dvar2": 734059.25,
        "max": 5141.71240234,
        "mean": 1949.51123047,
        "median": 1719.39074707,
        "min": 228.906433105,
        "var": 1099994.25
    },
    "spectral_complexity": {
        "dmean": 5.65712070465,
        "dmean2": 7.99535226822,
        "dvar": 49.0689468384,
        "dvar2": 84.8921432495,
        "max": 62,
        "mean": 14.0038671494,
        "median": 11,
        "min": 0,
        "var": 132.928588867
    },
    "spectral_decrease": {
        "dmean": 5.0559822995e-09,
        "dmean2": 7.5838642033e-09,
        "dvar": 8.74945991589e-17,
        "dvar2": 1.78404580745e-16,
        "max": -3.30056898479e-10,
        "mean": -9.60877954981e-09,
        "median": -5.68697222647e-09,
        "min": -6.2755113106e-08,
        "var": 1.34191419662e-16
    },
    "spectral_energy": {
        "dmean": 0.0201508421451,
        "dmean2": 0.0302585475147,
        "dvar": 0.00126743945293,
        "dvar2": 0.00257744803093,
        "max": 0.238863885403,
        "mean": 0.0383910238743,
        "median": 0.0230165608227,
        "min": 0.00140830280725,
        "var": 0.00196824851446
    },
    "spectral_energyband_high": {
        "dmean": 0.0015731442254,
        "dmean2": 0.00251705455594,
        "dvar": 7.17164812158e-06,
        "dvar2": 1.67086272995e-05,
        "max": 0.0388005003333,
        "mean": 0.00190865853801,
        "median": 0.000641145335976,
        "min": 1.00658571682e-05,
        "var": 1.13220849016e-05
    },
    "spectral_energyband_low": {
        "dmean": 0.0164951253682,
        "dmean2": 0.0249097831547,
        "dvar": 0.00129956612363,
        "dvar2": 0.00272574671544,
        "max": 0.235799521208,
        "mean": 0.0286621991545,
        "median": 0.0151151474565,
        "min": 1.51766880663e-06,
        "var": 0.00179453054443
    },
    "spectral_energyband_middle_high": {
        "dmean": 0.00229497184046,
        "dmean2": 0.00341616338119,
        "dvar": 1.9472610802e-05,
        "dvar2": 4.13731286244e-05,
        "max": 0.0525740981102,
        "mean": 0.00313023873605,
        "median": 0.00125974277034,
        "min": 4.54461369372e-05,
        "var": 3.02151547658e-05
    },
    "spectral_energyband_middle_low": {
        "dmean": 0.00455331476405,
        "dmean2": 0.00775967119262,
        "dvar": 7.44615026633e-05,
        "dvar2": 0.000206650613109,
        "max": 0.0606464222074,
        "mean": 0.00508268270642,
        "median": 0.00298337521963,
        "min": 5.56608065381e-05,
        "var": 5.76516722504e-05
    },
    "spectral_entropy": {
        "dmean": 0.217422604561,
        "dmean2": 0.329916208982,
        "dvar": 0.0518819838762,
        "dvar2": 0.103828564286,
        "max": 8.80930614471,
        "mean": 7.88471031189,
        "median": 7.94532060623,
        "min": 6.22513961792,
        "var": 0.181534171104
    },
    "spectral_flux": {
        "dmean": 0.0440458245575,
        "dmean2": 0.0643876791,
        "dvar": 0.00355028663762,
        "dvar2": 0.00627885060385,
        "max": 0.454771071672,
        "mean": 0.105402506888,
        "median": 0.0719004273415,
        "min": 0.0127973826602,
        "var": 0.0076596471481
    },
    "spectral_kurtosis": {
        "dmean": 1.64046251774,
        "dmean2": 2.39156508446,
        "dvar": 3.82312726974,
        "dvar2": 7.2072892189,
        "max": 20.633354187,
        "mean": 3.08629131317,
        "median": 2.14783716202,
        "min": -1.26248204708,
        "var": 10.968205452
    },
    "spectral_rms": {
        "dmean": 0.00131489115302,
        "dmean2": 0.00192441558465,
        "dvar": 3.52432289219e-06,
        "dvar2": 6.59244005874e-06,
        "max": 0.0152655802667,
        "mean": 0.00547633506358,
        "median": 0.00473868986592,
        "min": 0.00117215781938,
        "var": 7.46441992305e-06
    },
    "spectral_rolloff": {
        "dmean": 1136.1439209,
        "dmean2": 1940.98950195,
        "dvar": 3200433.75,
        "dvar2": 7628754,
        "max": 11627.9296875,
        "mean": 1767.80688477,
        "median": 538.330078125,
        "min": 43.06640625,
        "var": 5744574.5
    },
    "spectral_skewness": {
        "dmean": 0.339044183493,
        "dmean2": 0.494187563658,
        "dvar": 0.122887484729,
        "dvar2": 0.230552762747,
        "max": 3.55624103546,
        "mean": 1.2505389452,
        "median": 1.13460814953,
        "min": -0.113189257681,
        "var": 0.402684807777
    },
    "spectral_spread": {
        "dmean": 990396.75,
        "dmean2": 1381932,
        "dvar": 1.11491887923e+12,
        "dvar2": 1.92008801485e+12,
        "max": 17302902,
        "mean": 5576918.5,
        "median": 5342819,
        "min": 2058048.5,
        "var": 3.96847008973e+12
    },
    "spectral_strongpeak": {
        "dmean": 0.152522996068,
        "dmean2": 0.254759401083,
        "dvar": 0.126144841313,
        "dvar2": 0.354621648788,
        "max": 4.51050567627,
        "mean": 0.323361515999,
        "median": 0.204348817468,
        "min": 0,
        "var": 0.107785619795
    },
    "zerocrossingrate": {
        "dmean": 0.0182640627027,
        "dmean2": 0.0213603191078,
        "dvar": 0.000322859879816,
        "dvar2": 0.000383642065572,
        "max": 0.2509765625,
        "mean": 0.0622330121696,
        "median": 0.04541015625,
        "min": 0.00244140625,
        "var": 0.00234070513397
    },
    "barkbands": {
        "dmean": [0.0011737740133, 0.0149331595749, 0.00387695990503, 0.00150785676669, 0.00112457876094, 0.000743831740692, 0.000771011284087, 0.000809709425084, 0.000676441879477, 0.000297102582408, 0.000210309910472, 0.000209536665352, 0.000175482433406, 0.000198261652258, 0.000243720249273, 0.000259467517026, 0.000369819754269, 0.000387316511478, 0.000422144163167, 0.000372281647287, 0.000303610140691, 0.000369739456801, 0.00044111214811, 0.000228082426474, 0.000109421627712, 5.95268065808e-05, 3.99139521434e-09],
        "dmean2": [0.00195584306493, 0.0224978029728, 0.00740408431739, 0.00284492387436, 0.00201878254302, 0.00122521526646, 0.00127128895838, 0.00132043496706, 0.00102303980384, 0.000473269319627, 0.000333734729793, 0.000334023032337, 0.000282444205368, 0.000311220588628, 0.000387237843825, 0.000412120978581, 0.000606996298302, 0.000624482170679, 0.000676644092891, 0.000611404888332, 0.000503460934851, 0.000601189385634, 0.000734881381504, 0.000359264988219, 0.000170843020896, 8.99218721315e-05, 5.36208899504e-09],
        "dvar": [4.638730843e-06, 0.00118709367234, 0.000161415169714, 2.30677451327e-05, 8.37080187921e-06, 1.29218324219e-06, 1.82614860478e-06, 3.77174910682e-06, 2.95924746752e-06, 6.36590755221e-07, 4.12187176835e-07, 4.82997450035e-07, 2.8778589467e-07, 3.00946965126e-07, 3.55306582378e-07, 3.13780503802e-07, 8.02018291779e-07, 7.87486385434e-07, 1.40060944886e-06, 1.06908692032e-06, 6.15725923581e-07, 4.15853946834e-07, 3.95640171291e-07, 1.46359113273e-07, 8.07664264357e-08, 2.50892231435e-08, 6.39536895528e-15],
        "dvar2": [1.3054336705e-05, 0.00269353482872, 0.000463140633656, 6.63062892272e-05, 2.34728904616e-05, 3.1637828215e-06, 4.54082737633e-06, 9.08155743673e-06, 6.70152439852e-06, 1.56150940711e-06, 9.50149683376e-07, 1.21338348436e-06, 6.74858142702e-07, 7.0528096785e-07, 8.48217382554e-07, 7.59785791615e-07, 2.11572455555e-06, 1.96012683773e-06, 3.37608571499e-06, 2.66358097178e-06, 1.52067207182e-06, 1.02192382201e-06, 1.05121876004e-06, 3.09710003421e-07, 1.58159892294e-07, 4.89081415367e-08, 6.4085221064e-15],
        "max": [0.0177971757948, 0.225897163153, 0.0792635679245, 0.0323771238327, 0.0183775965124, 0.0117244711146, 0.0151296677068, 0.0311369579285, 0.0296148341149, 0.0098915649578, 0.0119850244373, 0.011401379481, 0.0117792766541, 0.0120451115072, 0.00563328992575, 0.00860893819481, 0.0106805078685, 0.00778082245961, 0.0142951216549, 0.0138845993206, 0.00746714323759, 0.0107708498836, 0.00642919167876, 0.00617440976202, 0.00546503486112, 0.00349089177325, 2.8742788345e-06],
        "mean": [0.00349958054721, 0.022593267262, 0.00222683115862, 0.000918884004932, 0.000923949643038, 0.000917260185815, 0.000745314115193, 0.00076315284241, 0.000727261183783, 0.000348668225342, 0.000247940013651, 0.000235958912526, 0.000197736473638, 0.000229700279306, 0.000258162850514, 0.000314528821036, 0.000371026690118, 0.000383505772334, 0.000407020153943, 0.00034792436054, 0.000294700177619, 0.000405495928135, 0.000504462630488, 0.000300666491967, 0.000152364271344, 7.57033994887e-05, 3.74293751548e-09],
        "median": [0.00304868142121, 0.0100337425247, 0.0001008703548, 9.75325528998e-05, 0.000194104650291, 0.00038029596908, 0.000210442594835, 0.000182573232451, 9.25458807615e-05, 9.03584150365e-05, 6.45937543595e-05, 5.27282281837e-05, 5.17531079822e-05, 5.05523203174e-05, 4.88726436743e-05, 0.000105586557765, 9.70166511252e-05, 8.87753412826e-05, 5.73715005885e-05, 6.01472784183e-05, 5.43568457942e-05, 0.000118195675896, 0.000137878450914, 9.96566523099e-05, 4.21641016146e-05, 1.76625690074e-05, 6.43826936209e-10],
        "min": [3.58921403709e-09, 9.27137975282e-08, 2.64562402208e-07, 8.04329687298e-08, 1.57449824201e-06, 2.88701676254e-06, 7.31542513677e-07, 9.24378980471e-07, 1.1019313888e-06, 7.71704094404e-07, 6.60820319354e-07, 9.07963226382e-07, 9.89889372249e-07, 1.31162084926e-06, 9.87867792901e-07, 1.05884896584e-06, 1.90531045519e-06, 1.97875897356e-06, 1.13072871955e-06, 4.32756365853e-07, 2.40753763592e-07, 1.31463832531e-06, 1.06307265924e-06, 9.69804148099e-08, 2.07329939883e-08, 2.17784998369e-10, 3.48011931772e-11],
        "var": [8.18143507786e-06, 0.00141061551403, 9.00226150407e-05, 1.29602831294e-05, 5.61068736715e-06, 1.67796633832e-06, 1.8273187834e-06, 3.54968847205e-06, 3.54111125489e-06, 8.29180862638e-07, 4.88761600081e-07, 4.62253012756e-07, 3.0091311487e-07, 3.46223885117e-07, 3.88965816001e-07, 3.96390106516e-07, 7.57239263294e-07, 7.94916957148e-07, 1.52242250806e-06, 1.03604463675e-06, 6.63117759814e-07, 6.06610342402e-07, 5.88141745084e-07, 3.24153091924e-07, 1.393752882e-07, 4.4994138193e-08, 6.39102833494e-15]
    },
    "erbbands": {
        "dmean": [0.578000485897, 3.0635535717, 4.67669677734, 5.16299724579, 4.13796567917, 3.27696323395, 5.27343797684, 5.90170860291, 8.90228652954, 15.880522728, 13.7398357391, 16.735452652, 8.94122886658, 9.24049091339, 8.63184833527, 8.23118686676, 8.37540054321, 9.55380821228, 11.8971347809, 12.9664144516, 15.2099409103, 20.6966533661, 18.9240512848, 19.9694595337, 22.1259670258, 16.5624217987, 15.2223882675, 11.913649559, 11.7912435532, 12.3988304138, 14.0335588455, 6.34005594254, 2.96257352829, 1.49678313732, 0.680126726627, 0.407832562923, 0.080951847136, 0.00454703811556, 0.000103152146039, 2.87644925265e-05],
        "dmean2": [0.904998838902, 4.76176548004, 8.48645496368, 9.82654666901, 7.66768074036, 5.73670911789, 8.48481845856, 9.74224472046, 14.7117013931, 26.0127563477, 21.9484977722, 25.4792289734, 13.8312902451, 14.7726659775, 13.3023576736, 13.191280365, 13.331035614, 15.0217266083, 18.9785346985, 20.4290008545, 24.1394176483, 33.6180839539, 29.6446380615, 32.1276321411, 35.4904670715, 26.9494457245, 25.3991127014, 19.7703495026, 19.2127552032, 20.4808330536, 23.5651512146, 10.1074676514, 4.62934064865, 2.36740255356, 1.01213550568, 0.620280981064, 0.123696193099, 0.00734687875956, 0.000159458766575, 4.25670332334e-05],
        "dvar": [1.81706404686, 57.5021286011, 204.74810791, 277.708251953, 168.168334961, 66.9645767212, 63.4424095154, 94.675491333, 244.141540527, 947.092285156, 1261.73974609, 2072.71313477, 441.542236328, 685.657653809, 521.156738281, 753.244140625, 749.971679688, 757.186401367, 904.087768555, 913.510559082, 1291.60266113, 2406.38012695, 1743.8157959, 2672.67724609, 3827.96411133, 2125.93017578, 1805.82873535, 762.159179688, 529.268554688, 346.501281738, 393.896575928, 115.332817078, 25.7234573364, 14.5757741928, 3.64040231705, 1.01619660854, 0.0613594055176, 0.000180180446478, 7.46548280972e-08, 1.697463059e-09],
        "dvar2": [4.43821191788, 134.427749634, 563.190246582, 799.479064941, 478.547302246, 184.08656311, 149.17578125, 232.000411987, 587.584411621, 2306.75024414, 3146.18579102, 4792.59960938, 1008.30926514, 1631.11169434, 1090.63183594, 1818.13830566, 1799.4864502, 1797.30358887, 2229.70800781, 2117.18774414, 3109.59814453, 6339.75, 4312.36621094, 6463.49072266, 9340.234375, 5204.09814453, 4565.88427734, 1878.94116211, 1281.3684082, 886.29675293, 1071.96630859, 254.004211426, 52.105594635, 30.6874160767, 6.85949754715, 2.0303401947, 0.118754982948, 0.000386871863157, 1.48070782302e-07, 3.35935324003e-09],
        "max": [9.01149177551, 51.611114502, 88.174331665, 104.954864502, 83.8061218262, 48.9654464722, 75.7747039795, 107.099472046, 173.834640503, 367.809783936, 724.562866211, 856.231323242, 280.66506958, 316.997009277, 385.126586914, 475.524871826, 572.245849609, 626.901916504, 391.034088135, 365.603515625, 548.570617676, 529.458312988, 413.262207031, 470.552947998, 789.176208496, 614.653320312, 441.981323242, 320.207885742, 392.905456543, 231.2918396, 201.701385498, 209.856048584, 76.0829925537, 62.0728721619, 36.8367767334, 22.028963089, 4.88860845566, 0.241167634726, 0.00539369415492, 0.000423366320319],
        "mean": [0.998777985573, 3.64812040329, 3.30442500114, 3.08259367943, 2.66347765923, 2.82253336906, 6.3966422081, 7.25102472305, 9.36217880249, 15.5340127945, 14.1068553925, 17.6658649445, 11.162437439, 10.5976819992, 11.1774072647, 9.34078121185, 9.49474430084, 11.1965312958, 12.9467334747, 14.9159374237, 18.090133667, 21.1831817627, 20.3044967651, 19.47615242, 21.0723590851, 15.7458896637, 13.8474311829, 11.9529018402, 13.0488586426, 13.9101018906, 15.5694608688, 7.88362455368, 4.05616283417, 2.00332593918, 0.949388384819, 0.505418479443, 0.106614150107, 0.00563793862239, 0.000154441091581, 5.61566448596e-05],
        "median": [0.594697594643, 0.67612105608, 0.209461063147, 0.302721709013, 0.239736706018, 0.59504032135, 2.56253099442, 2.92950439453, 3.34644007683, 4.24907064438, 3.21285748482, 2.1704826355, 2.82698225975, 2.26727104187, 3.2667825222, 2.05303311348, 2.51131415367, 2.37487339973, 3.04391717911, 4.08349323273, 5.37513208389, 5.83954524994, 5.66490030289, 3.28296709061, 3.26249098778, 2.68747162819, 2.14688277245, 2.6650197506, 3.68379950523, 4.12344837189, 4.08082675934, 2.59758996964, 1.39396750927, 0.631283283234, 0.228265196085, 0.1069727391, 0.0231929030269, 0.00123656832147, 6.08039554209e-05, 3.53118848579e-05],
        "min": [2.09190466194e-06, 3.70403904526e-05, 0.000605909444857, 0.00349122541957, 0.00121745176148, 0.00442030001432, 0.012739139609, 0.0290719140321, 0.0368815734982, 0.0386083833873, 0.0772261098027, 0.0322722010314, 0.0398135446012, 0.0378806404769, 0.0316961705685, 0.0311079323292, 0.0464523769915, 0.0773057639599, 0.0504715815187, 0.0522693805397, 0.1005962044, 0.107114374638, 0.10999673605, 0.0884069874883, 0.0457466095686, 0.0177175290883, 0.0100993933156, 0.028631709516, 0.0408590249717, 0.0351418852806, 0.0460539236665, 0.0126938382164, 0.00345815648325, 0.000823331589345, 0.00019073364092, 3.05416542687e-05, 7.57484713176e-06, 9.79572291726e-07, 2.25188500735e-06, 3.89010847357e-06],
        "var": [1.90912795067, 61.9377479553, 132.381652832, 154.324279785, 99.4676132202, 49.2401618958, 85.4429092407, 123.863594055, 263.977355957, 958.881591797, 1151.4864502, 2341.9206543, 660.971313477, 852.828613281, 740.291137695, 741.505493164, 748.597595215, 844.886230469, 959.380615234, 1089.69299316, 1580.22253418, 2300.33203125, 1895.41296387, 2920.98168945, 3959.84375, 2094.31176758, 1763.24572754, 879.951782227, 735.393371582, 540.429443359, 549.679260254, 221.463653564, 60.6434516907, 22.9736747742, 6.52911615372, 1.75091409683, 0.114097766578, 0.000303100649035, 1.42114316759e-07, 3.29167271218e-09]
    },
    "gfcc": {
        "mean": [-12.5272197723, 62.5400543213, -100.359275818, 51.5492668152, -58.9821586609, 29.8150367737, -34.3449172974, 26.2137928009, -4.46427297592, 14.9923238754, -3.07320642471, 15.7631511688, -4.43479919434],
        "cov": [[2906.328125, -785.756469727, -228.471755981, 128.074081421, -271.83203125, 79.1775588989, -136.821289062, 52.4785041809, -165.866104126, -19.552022934, -257.675384521, -87.3557434082, -211.294921875], [-785.756469727, 1630.04858398, 8.07986354828, -422.317565918, 203.723297119, -262.19821167, 130.350372314, -65.4804840088, 130.273269653, -166.867523193, 100.635368347, -66.6960296631, 1.08800256252], [-228.471755981, 8.07986354828, 764.05279541, 210.215637207, -43.1797218323, 97.485534668, -38.2260742188, -74.6032180786, 3.19146323204, 1.66540646553, -9.822224617, 27.5370674133, -5.30425691605], [128.074081421, -422.317565918, 210.215637207, 786.004272461, -141.347686768, 50.5465698242, -87.0754776001, -160.681365967, 17.9126815796, -59.8595924377, 58.9894828796, -65.940032959, 88.0057907104], [-271.83203125, 203.723297119, -43.1797218323, -141.347686768, 443.467926025, -37.4223937988, 43.9858512878, 96.8769302368, -3.50028157234, 50.0253410339, 14.775437355, 39.8852233887, -6.02293300629], [79.1775588989, -262.19821167, 97.485534668, 50.5465698242, -37.4223937988, 334.638336182, 108.082069397, -11.2665882111, -7.40387582779, 14.7552747726, 2.69658565521, -26.9925441742, 8.79563808441], [-136.821289062, 130.350372314, -38.2260742188, -87.0754776001, 43.9858512878, 108.082069397, 240.399917603, 50.5576820374, 8.4265499115, 7.41411161423, 30.9655628204, -19.7223930359, -7.2656583786], [52.4785041809, -65.4804840088, -74.6032180786, -160.681365967, 96.8769302368, -11.2665882111, 50.5576820374, 208.715164185, 39.7643089294, 59.7510147095, -21.8210887909, 25.6489067078, -2.8280608654], [-165.866104126, 130.273269653, 3.19146323204, 17.9126815796, -3.50028157234, -7.40387582779, 8.4265499115, 39.7643089294, 184.043502808, 14.8596353531, 29.8303146362, -19.6147441864, 18.9122695923], [-19.552022934, -166.867523193, 1.66540646553, -59.8595924377, 50.0253410339, 14.7552747726, 7.41411161423, 59.7510147095, 14.8596353531, 146.080780029, 15.4555044174, 32.6933403015, -13.3337135315], [-257.675384521, 100.635368347, -9.822224617, 58.9894828796, 14.775437355, 2.69658565521, 30.9655628204, -21.8210887909, 29.8303146362, 15.4555044174, 135.768737793, 22.8021335602, 46.7603302002], [-87.3557434082, -66.6960296631, 27.5370674133, -65.940032959, 39.8852233887, -26.9925441742, -19.7223930359, 25.6489067078, -19.6147441864, 32.6933403015, 22.8021335602, 135.017227173, 28.0037136078], [-211.294921875, 1.08800256252, -5.30425691605, 88.0057907104, -6.02293300629, 8.79563808441, -7.2656583786, -2.8280608654, 18.9122695923, -13.3337135315, 46.7603302002, 28.0037136078, 111.340377808]],
        "icov": [[0.00065390963573, -0.000198019988602, 0.000439309107605, -0.000600434665103, 0.000469419057481, -0.00056605663849, 0.000568865158129, -0.000852219294757, 0.000608270638622, -9.95694135781e-05, 0.000812643091194, -0.000393332447857, 0.00146638834849], [-0.000198019988602, 0.00324389734305, -0.00142359640449, 0.00307779363357, -0.00159445637837, 0.0033300484065, -0.00233093160205, 0.0031504011713, -0.00252429512329, 0.00365460757166, -0.00273720291443, 0.00311091216281, -0.0020959074609], [0.000439309107605, -0.00142359640449, 0.00241546449251, -0.0020566158928, 0.000841052271426, -0.0021961608436, 0.00141026522033, -0.0013394060079, 0.00103574444074, -0.00158993795048, 0.00194218265824, -0.00241052894853, 0.00228954153135], [-0.000600434665103, 0.00307779363357, -0.0020566158928, 0.00523331016302, -0.00154451665003, 0.00322038424201, -0.00182285881601, 0.00429468229413, -0.00268701952882, 0.00339386984706, -0.00363350030966, 0.00445664534345, -0.00448393309489], [0.000469419057481, -0.00159445637837, 0.000841052271426, -0.00154451665003, 0.00367901730351, -0.00147791649215, 0.00105158681981, -0.00291415234096, 0.00185333762784, -0.00209434446879, 0.00123112276196, -0.00190510286484, 0.00187417189591], [-0.00056605663849, 0.0033300484065, -0.0021961608436, 0.00322038424201, -0.00147791649215, 0.0076893242076, -0.00482694478706, 0.00407863035798, -0.00251505780034, 0.00263624219224, -0.00241068657488, 0.00400736974552, -0.00390819646418], [0.000568865158129, -0.00233093160205, 0.00141026522033, -0.00182285881601, 0.00105158681981, -0.00482694478706, 0.00819523073733, -0.00436109909788, 0.00240562297404, -0.00153239967767, -0.000165022356668, -0.00113388232421, 0.00323492661119], [-0.000852219294757, 0.0031504011713, -0.0013394060079, 0.00429468229413, -0.00291415234096, 0.00407863035798, -0.00436109909788, 0.0117178885266, -0.0048229158856, 0.000813531281892, -0.000499945366755, 0.00242421077564, -0.00505640124902], [0.000608270638622, -0.00252429512329, 0.00103574444074, -0.00268701952882, 0.00185333762784, -0.00251505780034, 0.00240562297404, -0.0048229158856, 0.00877565518022, -0.00313270231709, 0.000751198269427, -0.000596180383582, 0.00165431411006], [-9.95694135781e-05, 0.00365460757166, -0.00158993795048, 0.00339386984706, -0.00209434446879, 0.00263624219224, -0.00153239967767, 0.000813531281892, -0.00313270231709, 0.0131449168548, -0.00506348861381, 0.00161527632736, 0.000442702235887], [0.000812643091194, -0.00273720291443, 0.00194218265824, -0.00363350030966, 0.00123112276196, -0.00241068657488, -0.000165022356668, -0.000499945366755, 0.000751198269427, -0.00506348861381, 0.0139451641589, -0.00465631997213, -0.00065246981103], [-0.000393332447857, 0.00311091216281, -0.00241052894853, 0.00445664534345, -0.00190510286484, 0.00400736974552, -0.00113388232421, 0.00242421077564, -0.000596180383582, 0.00161527632736, -0.00465631997213, 0.0136540429667, -0.00603029085323], [0.00146638834849, -0.0020959074609, 0.00228954153135, -0.00448393309489, 0.00187417189591, -0.00390819646418, 0.00323492661119, -0.00505640124902, 0.00165431411006, 0.000442702235887, -0.00065246981103, -0.00603029085323, 0.0174935683608]]
    },
    "melbands": {
        "dmean": [0.00458170240745, 0.00276653585024, 0.000863405875862, 0.000271779310424, 0.000160858151503, 0.00013360248704, 0.000142318967846, 0.000185520082596, 0.000107786843728, 0.000105039383925, 4.44018769485e-05, 3.89886881749e-05, 2.90274620056e-05, 2.29770867008e-05, 2.25028015848e-05, 1.7670181478e-05, 1.81960876944e-05, 1.93491341633e-05, 1.82740968739e-05, 1.79053149623e-05, 1.86205288628e-05, 2.24343239097e-05, 2.03570289159e-05, 1.64367593243e-05, 1.61219086294e-05, 1.69519280462e-05, 1.42878761835e-05, 1.07917294372e-05, 1.01638970591e-05, 7.46594241718e-06, 7.17726470612e-06, 6.73195290801e-06, 7.2071447903e-06, 6.6815559876e-06, 1.05991475721e-05, 4.11728524341e-06, 3.67903385268e-06, 2.28360636356e-06, 1.57850422511e-06, 1.2219780956e-06],
        "dmean2": [0.00686801364645, 0.00448166020215, 0.00163628964219, 0.000494536478072, 0.000260455795797, 0.00022008799715, 0.000237668864429, 0.00030272512231, 0.000171715932083, 0.00016057745961, 6.97163268342e-05, 6.30784998066e-05, 4.49523940915e-05, 3.5580011172e-05, 3.74122064386e-05, 2.84034740616e-05, 2.88349929178e-05, 3.16388832289e-05, 2.98393733829e-05, 2.83193821815e-05, 3.00722622342e-05, 3.69322406186e-05, 3.30552684318e-05, 2.66906608886e-05, 2.59525077126e-05, 2.76036025753e-05, 2.2710812118e-05, 1.7744348952e-05, 1.69520826603e-05, 1.2421336578e-05, 1.19076375995e-05, 1.10385153675e-05, 1.19146588986e-05, 1.11356475827e-05, 1.80282368092e-05, 6.69067276249e-06, 5.82158918405e-06, 3.6580363485e-06, 2.45951923716e-06, 1.96423184207e-06],
        "dvar": [0.0001092980674, 5.28709533683e-05, 7.65464938013e-06, 6.32284866242e-07, 5.87258242035e-08, 4.58755842203e-08, 6.13446076159e-08, 1.39623722362e-07, 6.93397552709e-08, 8.82917277067e-08, 1.15540279566e-08, 1.22869776575e-08, 6.87971013491e-09, 4.35079794414e-09, 8.82179129746e-09, 2.51860643452e-09, 2.71874633917e-09, 2.47774156747e-09, 2.05470751524e-09, 1.41176570434e-09, 2.28107288613e-09, 2.88683899008e-09, 2.43821673962e-09, 1.47297563036e-09, 1.77217751585e-09, 2.33693087104e-09, 1.53044610318e-09, 9.336681428e-10, 8.4598539285e-10, 3.88925891492e-10, 2.5879348664e-10, 2.02095826185e-10, 1.34050534562e-10, 1.04251919597e-10, 2.31302949016e-10, 3.40178753222e-11, 5.37389299726e-11, 1.58542502043e-11, 1.14234923604e-11, 1.15992901048e-11],
        "dvar2": [0.000255065708188, 0.000129931810079, 2.20260481001e-05, 1.77259778411e-06, 1.40570051599e-07, 1.12802354124e-07, 1.49379033587e-07, 3.35025077902e-07, 1.6839422301e-07, 2.05611712545e-07, 2.69945577003e-08, 2.9625564224e-08, 1.50290997425e-08, 9.69190239175e-09, 2.27665708508e-08, 5.85416737309e-09, 6.49107967376e-09, 6.19674533908e-09, 4.90868679037e-09, 3.2579849929e-09, 5.70404079525e-09, 7.59428875341e-09, 6.420905585e-09, 3.71909392172e-09, 4.29092894549e-09, 5.79375614151e-09, 3.76126374491e-09, 2.33642860614e-09, 2.145635003e-09, 9.8040631169e-10, 6.48741338427e-10, 5.04949471125e-10, 3.3002006683e-10, 2.65644034547e-10, 6.41454445116e-10, 8.20806755897e-11, 1.17980028524e-10, 3.47231098041e-11, 2.56386960273e-11, 2.47362963446e-11],
        "max": [0.0692630708218, 0.0497625209391, 0.017725892365, 0.00477040465921, 0.00229599629529, 0.00214762357064, 0.00252627790906, 0.00404493510723, 0.00498501397669, 0.00576276285574, 0.0014168524649, 0.00117927987594, 0.00152847974095, 0.000927196757402, 0.00202025286853, 0.000836457125843, 0.0011827389244, 0.000680755125359, 0.00039628369268, 0.000513213861268, 0.000720823649317, 0.000569485593587, 0.000545318587683, 0.000357814482413, 0.000396626302972, 0.000639790494461, 0.000497041270137, 0.000393900554627, 0.000325497443555, 0.00018722799723, 0.000202491763048, 0.000256089377217, 0.000163073855219, 0.000110812274215, 0.000146098027471, 9.53216876951e-05, 0.000134514819365, 5.51196681045e-05, 4.67511599709e-05, 6.06780122325e-05],
        "mean": [0.0075694937259, 0.00277979159728, 0.000517048465554, 0.000193949919776, 0.00020048119768, 0.000166132274899, 0.000145431651617, 0.000180210045073, 0.000111310866487, 0.000109849876026, 5.39911707165e-05, 4.36364316556e-05, 3.54142830474e-05, 2.80350977846e-05, 2.31800950132e-05, 1.98975467356e-05, 2.0704283088e-05, 2.03552499443e-05, 1.93839659914e-05, 2.19195426325e-05, 2.07222110475e-05, 2.2049409381e-05, 2.09400259337e-05, 1.66553945746e-05, 1.5455421817e-05, 1.5723566321e-05, 1.37619399538e-05, 9.76678711595e-06, 8.99718361325e-06, 7.14102725397e-06, 7.13386771167e-06, 7.34755167286e-06, 7.86690270616e-06, 7.53275389798e-06, 1.11835361167e-05, 5.19972036273e-06, 4.4715598051e-06, 2.98121244668e-06, 2.09591121347e-06, 1.53290761773e-06],
        "median": [0.00429040333256, 0.000315677112667, 4.86130884383e-05, 2.37043313973e-05, 8.61379667185e-05, 7.00995879015e-05, 4.83782132505e-05, 4.85805940116e-05, 2.26248994295e-05, 1.28958245114e-05, 1.40488846228e-05, 9.14514203032e-06, 9.32337661652e-06, 7.01524095348e-06, 5.40825567441e-06, 4.47453930974e-06, 4.29904093835e-06, 4.58424528915e-06, 3.47985996996e-06, 7.12268092684e-06, 5.30721627001e-06, 5.46167575521e-06, 6.23296227786e-06, 3.70601196664e-06, 2.24245468416e-06, 2.12288978219e-06, 2.46453168984e-06, 1.60122021953e-06, 1.19337687465e-06, 1.48182346038e-06, 1.53438566031e-06, 1.98628026737e-06, 2.44273473982e-06, 2.1663820462e-06, 2.50585662798e-06, 1.72432851286e-06, 1.31699368922e-06, 1.02943499769e-06, 6.97519396908e-07, 4.23618985224e-07],
        "min": [2.43410447354e-08, 2.08520205547e-07, 1.22026506233e-07, 6.38991721758e-08, 4.10711891163e-07, 5.69138819628e-07, 5.18555054896e-07, 3.06604761136e-07, 4.42751854735e-07, 1.77038842253e-07, 1.9122629169e-07, 1.19356386108e-07, 1.19115021846e-07, 1.17921644005e-07, 4.42709726656e-08, 1.06119593113e-07, 1.29374072344e-07, 5.73027527651e-08, 5.37811892798e-08, 8.24787349529e-08, 1.12064206803e-07, 1.14133456464e-07, 7.90262006944e-08, 4.99131438403e-08, 3.12061843033e-08, 2.60670507402e-08, 1.38936258054e-08, 6.94637458665e-09, 2.09873873835e-09, 9.28782917242e-09, 2.08300701132e-08, 9.38660926764e-10, 1.5166470746e-08, 8.83843398469e-09, 2.63094666053e-08, 1.43491474258e-09, 1.37271041756e-10, 6.99449220765e-10, 9.86157822069e-11, 7.29862090904e-12],
