{
"highlevel": {
    "danceability": {
        "all": {
            "danceable": 0.978528857231,
            "not_danceable": 0.021471131593
        },
        "probability": 0.978528857231,
        "value": "danceable"
    },
    "gender": {
        "all": {
            "female": 0.0182222574949,
            "male": 0.981777727604
        },
        "probability": 0.981777727604,
        "value": "male"
    },
    "genre_dortmund": {
        "all": {
            "alternative": 0.0478520989418,
            "blues": 0.171686753631,
            "electronic": 0.0352514050901,
            "folkcountry": 0.361721783876,
            "funksoulrnb": 0.0159643236548,
            "jazz": 0.188966691494,
            "pop": 0.0845104306936,
            "raphiphop": 0.0489949546754,
            "rock": 0.0450515523553
        },
        "probability": 0.361721783876,
        "value": "folkcountry"
    },
    "genre_electronic": {
        "all": {
            "ambient": 0.323204666376,
            "dnb": 0.266854971647,
            "house": 0.229639157653,
            "techno": 0.0338126495481,
            "trance": 0.146488562226
        },
        "probability": 0.323204666376,
        "value": "ambient"
    },
    "genre_rosamerica": {
        "all": {
            "cla": 0.0286681260914,
            "dan": 0.151096522808,
            "hip": 0.211179614067,
            "jaz": 0.0539052858949,
            "pop": 0.321945548058,
            "rhy": 0.175953671336,
            "roc": 0.0433666147292,
            "spe": 0.0138846077025
        },
        "probability": 0.321945548058,
        "value": "pop"
    },
    "genre_tzanetakis": {
        "all": {
            "blu": 0.0626613423228,
            "cla": 0.0348169617355,
            "cou": 0.104475811124,
            "dis": 0.0784321576357,
            "hip": 0.15692435205,
            "jaz": 0.313974827528,
            "met": 0.0448166541755,
            "pop": 0.0627359300852,
            "reg": 0.0627360641956,
            "roc": 0.0784258767962
        },
        "probability": 0.313974827528,
        "value": "jaz"
    },
    "ismir04_rhythm": {
        "all": {
            "ChaChaCha": 0.0675593093038,
            "Jive": 0.0807267054915,
            "Quickstep": 0.103551067412,
            "Rumba-American": 0.0156649108976,
            "Rumba-International": 0.099898673594,
            "Rumba-Misc": 0.0109865320846,
            "Samba": 0.582853376865,
            "Tango": 0.0152884665877,
            "VienneseWaltz": 0.00988173764199,
            "Waltz": 0.013589207083
        },
        "probability": 0.582853376865,
        "value": "Samba"
    },
    "mood_acoustic": {
        "all": {
            "acoustic": 0.177454814315,
            "not_acoustic": 0.822545170784
        },
        "probability": 0.822545170784,
        "value": "not_acoustic"
    },
    "mood_aggressive": {
        "all": {
            "aggressive": 0.143860906363,
            "not_aggressive": 0.856139063835
        },
        "probability": 0.856139063835,
        "value": "not_aggressive"
    },
    "mood_electronic": {
        "all": {
            "electronic": 0.492225348949,
            "not_electronic": 0.507774651051
        },
        "probability": 0.507774651051,
        "value": "not_electronic"
    },
    "mood_happy": {
        "all": {
            "happy": 0.303088307381,
            "not_happy": 0.696911692619
        },
        "probability": 0.696911692619,
        "value": "not_happy"
    },
    "mood_party": {
        "all": {
            "not_party": 0.363145619631,
            "party": 0.636854410172
        },
        "probability": 0.636854410172,
        "value": "party"
    },
    "mood_relaxed": {
        "all": {
            "not_relaxed": 0.429394960403,
            "relaxed": 0.570605039597
        },
        "probability": 0.570605039597,
        "value": "relaxed"
    },
    "mood_sad": {
        "all": {
            "not_sad": 0.489977031946,
            "sad": 0.510022938251
        },
        "probability": 0.510022938251,
        "value": "sad"
    },
    "moods_mirex": {
        "all": {
            "Cluster1": 0.161114618182,
            "Cluster2": 0.416300743818,
            "Cluster3": 0.103198438883,
            "Cluster4": 0.216184228659,
            "Cluster5": 0.103201970458
        },
        "probability": 0.416300743818,
        "value": "Cluster2"
    },
    "timbre": {
        "all": {
            "bright": 0.999999940395,
            "dark": 3.20445323609e-08
        },
        "probability": 0.999999940395,
        "value": "bright"
    },
    "tonal_atonal": {
        "all": {
            "atonal": 0.128396183252,
            "tonal": 0.871603786945
        },
        "probability": 0.871603786945,
        "value": "tonal"
    },
    "voice_instrumental": {
        "all": {
            "instrumental": 0.161492317915,
            "voice": 0.838507711887
        },
        "probability": 0.838507711887,
        "value": "voice"
    }
},
"lowlevel": {
    "average_loudness": 0.980049073696,
    "barkbands_crest": {
        "dmean": 3.37814211845,
        "dmean2": 5.29282569885,
        "dvar": 9.65035533905,
        "dvar2": 21.5238647461,
        "max": 26.3802890778,
        "mean": 12.5483932495,
        "median": 11.7712182999,
        "min": 3.05040717125,
        "var": 27.368429184
    },
    "barkbands_flatness_db": {
        "dmean": 0.0288938693702,
        "dmean2": 0.0430414043367,
        "dvar": 0.000808876706287,
        "dvar2": 0.00173527584411,
        "max": 0.404044151306,
        "mean": 0.157067358494,
        "median": 0.150760114193,
        "min": 0.0439973287284,
        "var": 0.00260779378004
    },
    "barkbands_kurtosis": {
        "dmean": 5.03007459641,
        "dmean2": 8.02425956726,
        "dvar": 131.204360962,
        "dvar2": 327.396148682,
        "max": 177.096710205,
        "mean": 5.79053688049,
        "median": 1.86519432068,
        "min": -1.87463021278,
        "var": 173.072921753
    },
    "barkbands_skewness": {
        "dmean": 0.803240418434,
        "dmean2": 1.20562362671,
        "dvar": 0.920853018761,
        "dvar2": 1.97107040882,
        "max": 12.7132282257,
        "mean": 1.77672278881,
        "median": 1.48749434948,
        "min": -5.05721092224,
        "var": 2.36191391945
    },
    "barkbands_spread": {
        "dmean": 7.85517263412,
        "dmean2": 11.9824056625,
        "dvar": 82.8578720093,
        "dvar2": 182.070465088,
        "max": 116.4766922,
        "mean": 23.6607055664,
        "median": 21.8336448669,
        "min": 0.861293673515,
        "var": 185.429763794
    },
    "dissonance": {
        "dmean": 0.022072577849,
        "dmean2": 0.0366334468126,
        "dvar": 0.00043188186828,
        "dvar2": 0.00114740652498,
        "max": 0.5,
        "mean": 0.456393331289,
        "median": 0.463475584984,
        "min": 0.31359359622,
        "var": 0.000867084017955
    },
    "dynamic_complexity": 2.00681734085,
    "erbbands_crest": {
        "dmean": 3.11304759979,
        "dmean2": 5.04975748062,
        "dvar": 8.1656255722,
        "dvar2": 20.5693397522,
        "max": 33.5704193115,
        "mean": 9.46849441528,
        "median": 8.35978126526,
        "min": 2.78844976425,
        "var": 19.4733695984
    },
    "erbbands_flatness_db": {
        "dmean": 0.0188879091293,
        "dmean2": 0.0280790328979,
        "dvar": 0.000335474818712,
        "dvar2": 0.000644972489681,
        "max": 0.300778508186,
        "mean": 0.150643020868,
        "median": 0.146975249052,
        "min": 0.0682742521167,
        "var": 0.00132567249238
    },
    "erbbands_kurtosis": {
        "dmean": 1.06072092056,
        "dmean2": 1.61242473125,
        "dvar": 3.14065337181,
        "dvar2": 6.38673400879,
        "max": 46.1499443054,
        "mean": 0.469280332327,
        "median": -0.160003423691,
        "min": -1.8106110096,
        "var": 7.23809909821
    },
    "erbbands_skewness": {
        "dmean": 0.403550952673,
        "dmean2": 0.607930958271,
        "dvar": 0.159777656198,
        "dvar2": 0.34427651763,
        "max": 3.14752697945,
        "mean": 0.323652535677,
        "median": 0.322897881269,
        "min": -4.74755430222,
        "var": 0.481910377741
    },
    "erbbands_spread": {
        "dmean": 11.0118083954,
        "dmean2": 15.8901548386,
        "dvar": 141.124801636,
        "dvar2": 275.119567871,
        "max": 151.723251343,
        "mean": 42.2125778198,
        "median": 38.941078186,
        "min": 3.01215696335,
        "var": 398.03112793
    },
    "hfc": {
        "dmean": 8.80335426331,
        "dmean2": 12.7363538742,
        "dvar": 167.526000977,
        "dvar2": 396.181854248,
        "max": 91.2092819214,
        "mean": 18.2163619995,
        "median": 13.9432764053,
        "min": 0.408968806267,
        "var": 255.453735352
    },
    "melbands_crest": {
        "dmean": 4.38066005707,
        "dmean2": 6.8059053421,
        "dvar": 16.2640304565,
        "dvar2": 37.1738128662,
        "max": 36.3932037354,
        "mean": 18.198223114,
        "median": 17.7241744995,
        "min": 3.84815597534,
        "var": 43.9848022461
    },
    "melbands_flatness_db": {
        "dmean": 0.0354289598763,
        "dmean2": 0.051698025316,
        "dvar": 0.00130594661459,
        "dvar2": 0.0028101191856,
        "max": 0.491290569305,
        "mean": 0.205230027437,
        "median": 0.198866352439,
        "min": 0.0479027070105,
        "var": 0.00494507653639
    },
    "melbands_kurtosis": {
        "dmean": 12.324552536,
        "dmean2": 19.4398193359,
        "dvar": 582.507568359,
        "dvar2": 1271.38134766,
        "max": 370.345581055,
        "mean": 18.7134742737,
        "median": 8.32601547241,
        "min": -1.84732711315,
        "var": 1030.90527344
    },
    "melbands_skewness": {
        "dmean": 1.09096360207,
        "dmean2": 1.62429368496,
        "dvar": 1.68264102936,
        "dvar2": 3.40401768684,
        "max": 16.9829730988,
        "mean": 3.0554702282,
        "median": 2.54249954224,
        "min": -1.16066539288,
        "var": 4.66983985901
    },
    "melbands_spread": {
        "dmean": 10.165186882,
        "dmean2": 15.5256433487,
        "dvar": 277.517425537,
        "dvar2": 599.496948242,
        "max": 319.239990234,
        "mean": 24.4654598236,
        "median": 20.3168010712,
        "min": 0.747459411621,
        "var": 474.757629395
    },
    "pitch_salience": {
        "dmean": 0.0917258635163,
        "dmean2": 0.137983679771,
        "dvar": 0.00770406238735,
        "dvar2": 0.0183334872127,
        "max": 0.881962895393,
        "mean": 0.478597193956,
        "median": 0.482936143875,
        "min": 0.0636044070125,
        "var": 0.019441075623
    },
    "silence_rate_20dB": {
        "dmean": 0,
        "dmean2": 0,
        "dvar": 0,
        "dvar2": 0,
        "max": 1,
        "mean": 1,
        "median": 1,
        "min": 1,
        "var": 0
    },
    "silence_rate_30dB": {
        "dmean": 0,
        "dmean2": 0,
        "dvar": 0,
        "dvar2": 0,
        "max": 1,
        "mean": 1,
        "median": 1,
        "min": 1,
        "var": 0
    },
    "silence_rate_60dB": {
        "dmean": 0.00928792543709,
        "dmean2": 0.018590239808,
        "dvar": 0.00920165702701,
        "dvar2": 0.0244412086904,
        "max": 1,
        "mean": 0.00696055684239,
        "median": 0,
        "min": 0,
        "var": 0.00691218813881
    },
    "spectral_centroid": {
        "dmean": 351.581451416,
        "dmean2": 527.717895508,
        "dvar": 175785.28125,
        "dvar2": 360514.8125,
        "max": 7803.22460938,
        "mean": 1436.06591797,
        "median": 1345.01159668,
        "min": 194.372879028,
        "var": 446348.875
    },
    "spectral_complexity": {
        "dmean": 5.57585144043,
        "dmean2": 8.04337692261,
        "dvar": 50.8648529053,
        "dvar2": 105.041038513,
        "max": 54,
        "mean": 15.7996902466,
        "median": 14,
        "min": 0,
        "var": 92.5437850952
    },
    "spectral_decrease": {
        "dmean": 2.63457988758e-09,
        "dmean2": 3.98699429027e-09,
        "dvar": 1.28815380955e-17,
        "dvar2": 2.76422799958e-17,
        "max": -1.57910892695e-10,
        "mean": -6.40350661385e-09,
        "median": -5.07477126988e-09,
        "min": -3.06680654205e-08,
        "var": 2.35058309939e-17
    },
    "spectral_energy": {
        "dmean": 0.0104776965454,
        "dmean2": 0.0158106330782,
        "dvar": 0.000202412411454,
        "dvar2": 0.000429594219895,
        "max": 0.122070789337,
        "mean": 0.0258205737919,
        "median": 0.0204644594342,
        "min": 0.000633085728623,
        "var": 0.000368830224033
    },
    "spectral_energyband_high": {
        "dmean": 0.000595885212533,
        "dmean2": 0.000848317984492,
        "dvar": 9.15181487926e-07,
        "dvar2": 2.01497482522e-06,
        "max": 0.00943769514561,
        "mean": 0.000967107887845,
        "median": 0.000555328384507,
        "min": 2.24415293815e-06,
        "var": 1.59780358899e-06
    },
    "spectral_energyband_low": {
        "dmean": 0.00436677085236,
        "dmean2": 0.00699830893427,
        "dvar": 5.79424740863e-05,
        "dvar2": 0.000154055902385,
        "max": 0.0737353339791,
        "mean": 0.0105460146442,
        "median": 0.00854333955795,
        "min": 2.20996980715e-06,
        "var": 0.000121420620417
    },
    "spectral_energyband_middle_high": {
        "dmean": 0.0022236390505,
        "dmean2": 0.00340947508812,
        "dvar": 9.49714467424e-06,
        "dvar2": 2.35248899116e-05,
        "max": 0.0240409355611,
        "mean": 0.00426569394767,
        "median": 0.00317773455754,
        "min": 3.99970485887e-05,
        "var": 1.51867352542e-05
    },
    "spectral_energyband_middle_low": {
        "dmean": 0.00623949384317,
        "dmean2": 0.00933755282313,
        "dvar": 0.000126342027215,
        "dvar2": 0.000250593555393,
        "max": 0.105337336659,
        "mean": 0.0111064454541,
        "median": 0.00591104663908,
        "min": 5.06161632075e-05,
        "var": 0.000219290421228
    },
    "spectral_entropy": {
        "dmean": 0.198862701654,
        "dmean2": 0.286961317062,
        "dvar": 0.0330340191722,
        "dvar2": 0.068919762969,
        "max": 8.73233604431,
        "mean": 7.57825040817,
        "median": 7.56631612778,
        "min": 6.30374670029,
        "var": 0.129960000515
    },
    "spectral_flux": {
        "dmean": 0.0317091047764,
        "dmean2": 0.0502523444593,
        "dvar": 0.00129273720086,
        "dvar2": 0.00288812117651,
        "max": 0.304678171873,
        "mean": 0.0843736901879,
        "median": 0.0724935010076,
        "min": 0.0081848166883,
        "var": 0.00232581747696
    },
    "spectral_kurtosis": {
        "dmean": 1.27030396461,
        "dmean2": 2.07668566704,
        "dvar": 1.72073638439,
        "dvar2": 4.6401553154,
        "max": 20.0656852722,
        "mean": 3.17214536667,
        "median": 2.81922864914,
        "min": -1.45936310291,
        "var": 3.78261375427
    },
    "spectral_rms": {
        "dmean": 0.00096433138242,
        "dmean2": 0.00142442702781,
        "dvar": 1.2869264765e-06,
        "dvar2": 2.50517086897e-06,
        "max": 0.0109129948542,
        "mean": 0.00470871990547,
        "median": 0.00446825753897,
        "min": 0.000785903714132,
        "var": 3.01873205899e-06
    },
    "spectral_rolloff": {
        "dmean": 606.747802734,
        "dmean2": 1013.64611816,
        "dvar": 1008070.75,
        "dvar2": 2003955.25,
        "max": 11369.53125,
        "mean": 1369.08325195,
        "median": 1033.59375,
        "min": 64.599609375,
        "var": 1991413.25
    },
    "spectral_skewness": {
        "dmean": 0.230719953775,
        "dmean2": 0.357655853033,
        "dvar": 0.04653185606,
        "dvar2": 0.110614530742,
        "max": 3.62997412682,
        "mean": 1.3909034729,
        "median": 1.37032186985,
        "min": -0.521780133247,
        "var": 0.156222626567
    },
    "spectral_spread": {
        "dmean": 643243.8125,
        "dmean2": 925287,
        "dvar": 690145918976,
        "dvar2": 1.16403090227e+12,
        "max": 16559696,
        "mean": 5114995.5,
        "median": 4793734,
        "min": 2538852,
        "var": 2.33682973491e+12
    },
    "spectral_strongpeak": {
        "dmean": 0.42195597291,
        "dmean2": 0.723982334137,
        "dvar": 0.520951032639,
        "dvar2": 1.32086253166,
        "max": 6.50655317307,
        "mean": 0.714409649372,
        "median": 0.323741883039,
        "min": 0.0198501031846,
        "var": 0.74954611063
    },
    "zerocrossingrate": {
        "dmean": 0.0135256173089,
        "dmean2": 0.0152040421963,
        "dvar": 0.000268800999038,
        "dvar2": 0.000294740661047,
        "max": 0.40087890625,
        "mean": 0.0593988671899,
        "median": 0.0517578125,
        "min": 0.00390625,
        "var": 0.00139133655466
    },
    "barkbands": {
        "dmean": [0.000263596331934, 0.0034696792718, 0.00119412783533, 0.00140151754022, 0.00365073070861, 0.00088804832194, 0.000694999995176, 0.000839328800794, 0.000555208593141, 0.000430444808444, 0.000324701919453, 0.000452116451925, 0.000305663357722, 0.000301458087051, 0.00051619624719, 0.000286471826257, 0.00027673720615, 0.000213528590393, 0.000179151626071, 0.000158329014084, 0.000125514896354, 0.000150400737766, 0.000100422694231, 0.000107696432678, 8.60932996147e-05, 3.65270279872e-05, 7.7668197207e-08],
        "dmean2": [0.000402641424444, 0.00573487533256, 0.00206656125374, 0.00194058555644, 0.00564510701224, 0.00149355351459, 0.00112495373469, 0.00133756734431, 0.00089496379951, 0.000647769367788, 0.000470124417916, 0.000700674427208, 0.000495997839607, 0.000483811687445, 0.000844554801006, 0.000474589731311, 0.000471959327115, 0.000351446011337, 0.000301103893435, 0.000250794604653, 0.0001895348978, 0.000231365469517, 0.000146349048009, 0.000157022412168, 0.000125398451928, 5.75549856876e-05, 1.35585125349e-07],
        "dvar": [2.89385837959e-07, 4.24372992711e-05, 1.12798843475e-05, 8.44909573061e-06, 8.89704024303e-05, 2.43576778303e-06, 1.91066601474e-06, 1.73009607352e-06, 9.50898083829e-07, 1.20417951166e-06, 3.75439498157e-07, 1.09097595669e-06, 5.18485023804e-07, 3.34984889605e-07, 8.7980833996e-07, 2.8327613677e-07, 3.33964663923e-07, 1.2895003465e-07, 1.17851861603e-07, 6.51520011274e-08, 4.11582554705e-08, 4.06563458455e-08, 3.78786992883e-08, 6.3094674374e-08, 5.91556883478e-08, 9.0260270369e-09, 1.37154827426e-13],
        "dvar2": [6.73713657307e-07, 0.000120584038086, 3.16236764775e-05, 1.49629631778e-05, 0.000177410678589, 6.38771871309e-06, 4.98934605275e-06, 4.09070389651e-06, 2.47939101428e-06, 2.82424070974e-06, 7.49154878577e-07, 2.5508568342e-06, 1.25648136873e-06, 8.65511424308e-07, 2.24106679525e-06, 7.43778002743e-07, 9.39809012834e-07, 3.26755667857e-07, 3.16236878461e-07, 1.66808462154e-07, 9.00659316017e-08, 9.40816988759e-08, 8.01456963018e-08, 1.16647512982e-07, 1.19574238511e-07, 2.26054659436e-08, 3.76750226069e-13],
        "max": [0.00548690604046, 0.0590894259512, 0.0257775746286, 0.0302103832364, 0.0889514535666, 0.0166699998081, 0.016462571919, 0.0140622509643, 0.0103662265465, 0.0189186744392, 0.0100248698145, 0.0227052904665, 0.0114740524441, 0.00592058617622, 0.0100653218105, 0.00568332336843, 0.00508514326066, 0.00298210652545, 0.00283199455589, 0.00312397815287, 0.00136837852187, 0.00149805622641, 0.00217049568892, 0.00547050405294, 0.00347138964571, 0.00100809102878, 7.1649515121e-06],
        "mean": [0.000533768208697, 0.0078937439248, 0.00118827226106, 0.00184717180673, 0.00469761993736, 0.00108467182145, 0.00112813152373, 0.00131970457733, 0.000748606515117, 0.000684550439473, 0.00047240027925, 0.000590330630075, 0.000369879446225, 0.000370033318177, 0.000650737900287, 0.000365475541912, 0.000339458812959, 0.000252181547694, 0.000196100940229, 0.000229690878768, 0.000176119108801, 0.000243830450927, 0.000134514179081, 0.000149397412315, 0.000113536567369, 4.0612223529e-05, 5.3504162878e-08],
        "median": [0.000169966777321, 0.00567892659456, 0.000196156688617, 0.000244754948653, 0.000861784094013, 0.000337702251272, 0.00034774618689, 0.00064385443693, 0.000285465590423, 0.000201405011467, 0.000163302669534, 0.00014071635087, 0.000105306127807, 0.000101389276097, 0.000183969008503, 0.000132412475068, 0.000150842417497, 0.000120689459436, 8.52621960803e-05, 0.000104760380054, 7.56748704589e-05, 0.000140646210639, 3.66032181773e-05, 5.50328986719e-05, 2.83113458863e-05, 1.06415482151e-05, 3.87412296687e-10],
        "min": [8.30980972921e-09, 4.25774331347e-08, 3.44106979355e-07, 1.38525422244e-07, 5.05660955241e-06, 9.08452534532e-07, 7.61982448694e-07, 2.1163175461e-06, 1.90541356915e-06, 5.66270898616e-07, 1.30473642912e-06, 8.708739756e-07, 1.2838489738e-06, 9.01543671716e-07, 6.18593787749e-07, 6.67702977353e-07, 8.30676640362e-07, 1.15397870104e-06, 5.06591334215e-07, 4.60242745248e-07, 4.42396867584e-07, 4.17533073005e-07, 1.00578631645e-07, 5.40552536066e-09, 1.27069077482e-09, 9.20183287206e-12, 5.79075676299e-12],
        "var": [6.0995904505e-07, 7.47249214328e-05, 8.73571389093e-06, 1.89195852727e-05, 0.00013676553499, 2.97570591101e-06, 3.74470573661e-06, 3.29957902068e-06, 1.26383872612e-06, 1.95023449123e-06, 7.67882681885e-07, 2.05237552109e-06, 6.0296264337e-07, 5.04813158386e-07, 1.12428949706e-06, 4.00664134759e-07, 3.09882125293e-07, 1.28029569169e-07, 9.80963505981e-08, 9.31797430326e-08, 5.90988733506e-08, 7.25874897967e-08, 6.33161363339e-08, 1.24566270188e-07, 1.00294535343e-07, 9.32190324932e-09, 8.77006258414e-14]
    },
    "erbbands": {
        "dmean": [0.153896525502, 0.600636303425, 1.16543912888, 3.24647045135, 11.2624607086, 11.1475820541, 9.43752765656, 5.0322728157, 7.08370161057, 15.4507608414, 17.2735939026, 12.8847866058, 11.8394012451, 14.6386814117, 10.9978179932, 20.8777656555, 14.0142869949, 16.2432041168, 21.7742443085, 19.8145160675, 12.0215244293, 14.7801837921, 12.6240320206, 9.52692508698, 7.86848688126, 8.22641468048, 5.54990577698, 4.94006299973, 5.72595405579, 3.93183040619, 2.87232637405, 1.89910948277, 2.05384683609, 1.20360946655, 0.508624136448, 0.207942575216, 0.0602149069309, 0.00490880617872, 0.000102573991171, 1.72129384737e-05],
        "dmean2": [0.258191555738, 0.98968398571, 2.03639626503, 4.66892433167, 16.6651420593, 17.3864097595, 15.9823760986, 8.545586586, 11.774887085, 24.3551063538, 28.3024730682, 20.8028717041, 17.7481079102, 20.8424396515, 15.8776779175, 32.1614570618, 22.4892082214, 25.2874469757, 34.5611114502, 33.0710029602, 19.7613601685, 25.3725700378, 20.8020496368, 15.26176548, 13.0333213806, 13.2643432617, 8.42422771454, 7.67628145218, 8.78691577911, 5.97037649155, 4.28554534912, 2.70985722542, 3.07762789726, 1.76694595814, 0.755967438221, 0.320959895849, 0.0965516641736, 0.00798403657973, 0.00016005692305, 2.55648719758e-05],
        "dvar": [0.0926267132163, 1.20184922218, 11.5994081497, 43.2424850464, 706.174560547, 926.894714355, 337.587493896, 78.5195007324, 175.547576904, 690.489074707, 864.690795898, 549.2109375, 707.350891113, 1119.98059082, 471.282501221, 2497.79443359, 1113.0447998, 976.341796875, 1580.25012207, 1173.04394531, 456.448272705, 1095.37890625, 487.643707275, 270.057128906, 215.486312866, 203.120071411, 88.8402633667, 64.7601394653, 57.4692993164, 37.3676986694, 36.1766853333, 20.2826461792, 24.7498645782, 13.7616882324, 2.09280848503, 0.295884996653, 0.0236052125692, 0.000172826592461, 6.86280401396e-08, 7.09987346692e-10],
        "dvar2": [0.275857359171, 3.16142463684, 32.2923088074, 90.0201187134, 1374.0489502, 2135.29907227, 917.631469727, 199.146179199, 473.097198486, 1715.53503418, 2233.7121582, 1431.76818848, 1597.47119141, 2340.42651367, 972.177856445, 5875.16650391, 2737.85717773, 2508.03686523, 3875.88525391, 3125.36181641, 1201.03674316, 3115.56982422, 1301.45288086, 692.39642334, 574.255126953, 532.764709473, 194.743026733, 155.934082031, 133.538787842, 85.6848678589, 77.0616989136, 33.3862686157, 51.0279273987, 27.6943798065, 4.60632324219, 0.696561515331, 0.060289952904, 0.000451215688372, 1.71600987642e-07, 1.54464185886e-09],
        "max": [2.8529510498, 8.85555362701, 26.9605445862, 63.3139915466, 245.776855469, 304.703430176, 173.739135742, 69.2604751587, 154.062576294, 309.840087891, 349.331451416, 237.644577026, 491.396362305, 438.898040771, 394.846343994, 1153.36694336, 558.894714355, 327.510070801, 568.375366211, 312.596374512, 203.093917847, 289.577575684, 174.252471924, 149.155715942, 113.367553711, 208.148040771, 84.0659179688, 67.69581604, 71.5812835693, 68.3085632324, 84.776473999, 117.459541321, 78.5188217163, 63.3839759827, 20.4162979126, 5.56759357452, 1.59193265438, 0.131789445877, 0.00254575791769, 0.000237789645325],
        "mean": [0.314694076777, 1.43645465374, 1.37816274166, 4.46425533295, 13.725230217, 13.5488481522, 11.8386363983, 6.15308237076, 10.2028579712, 27.7276172638, 24.9603481293, 18.3108139038, 18.0229530334, 23.6904373169, 17.2547512054, 28.0832767487, 18.0847244263, 22.0150985718, 29.8769035339, 25.7877082825, 16.399728775, 17.765007019, 15.7631692886, 11.5552988052, 9.38776302338, 11.6265850067, 7.3489151001, 7.27798700333, 9.46496105194, 5.65335798264, 3.70337462425, 2.49574661255, 2.86500835419, 1.66546201706, 0.584369659424, 0.231338962913, 0.0671758502722, 0.00505078863353, 0.000123039790196, 3.80837082048e-05],
        "median": [0.230889335275, 0.668263733387, 0.490072250366, 0.729649066925, 1.46295726299, 2.85329008102, 3.81140995026, 2.12205696106, 3.56573629379, 13.1727561951, 12.8937625885, 8.14327335358, 6.64690113068, 8.58023357391, 6.20334434509, 7.47463226318, 6.52381324768, 7.24091815948, 9.26377677917, 10.1971588135, 7.09833908081, 8.29498195648, 8.41439437866, 5.49265766144, 4.29885864258, 5.18327760696, 3.02408766747, 3.48916268349, 5.25759601593, 2.64162254333, 0.938362240791, 0.751322746277, 1.02927780151, 0.462198317051, 0.112829975784, 0.0535258278251, 0.016115706414, 0.00113046728075, 3.71138739865e-05, 2.71135904768e-05],
        "min": [1.60491777024e-06, 2.8182310416e-05, 0.000934446696192, 0.0028529681731, 0.00911371968687, 0.0179260056466, 0.054953083396, 0.0116909500211, 0.0560263320804, 0.0498090870678, 0.0946557596326, 0.050327770412, 0.0463200956583, 0.102699905634, 0.104317173362, 0.125630840659, 0.0938745588064, 0.0650073960423, 0.0335492379963, 0.0306186098605, 0.0420336723328, 0.0491193681955, 0.0629627406597, 0.0515670478344, 0.0192549657077, 0.0334482379258, 0.0222896635532, 0.0118306940421, 0.015517404303, 0.0114905517548, 0.00147579563782, 0.000576783204451, 9.94207075564e-05, 6.88994805387e-06, 1.0024864423e-05, 7.18727733329e-06, 1.25959263642e-06, 1.37879226259e-07, 9.87218413684e-07, 8.43737097966e-07],
        "var": [0.126667961478, 2.74652838707, 8.7032957077, 93.0067214966, 1094.37658691, 1162.51086426, 394.367736816, 89.6741409302, 258.090545654, 1376.36962891, 1056.78222656, 723.997558594, 1075.40124512, 2409.29931641, 1020.75579834, 4765.06103516, 1232.84802246, 1511.38513184, 2350.13891602, 1445.22216797, 583.126708984, 913.119750977, 461.691070557, 269.76574707, 198.568588257, 263.989715576, 120.256027222, 86.6283416748, 112.510162354, 57.083984375, 58.9137229919, 41.4324531555, 45.3561325073, 24.6814308167, 2.78767204285, 0.339163154364, 0.0239033102989, 0.00016000692267, 7.03112448264e-08, 1.09568609741e-09]
    },
    "gfcc": {
        "mean": [-2.39153265953, 79.1299438477, -117.699249268, 36.847694397, -63.6729202271, 21.8913097382, -36.9840698242, 13.8648071289, -18.7340488434, 7.94952630997, -17.4236774445, 1.28457140923, -9.62664318085],
        "cov": [[3316.85595703, -671.579223633, -9.66514396667, 85.9857635498, -92.0344467163, -131.45249939, -279.192504883, -10.4804401398, -235.373916626, 2.27071046829, -318.770050049, 31.5781345367, -187.785369873], [-671.579223633, 1086.14746094, 156.173049927, 67.0588684082, 211.860992432, 61.715763092, 306.232788086, -31.1501312256, 149.045623779, 14.1746644974, 264.902008057, 32.9289054871, 110.308387756], [-9.66514396667, 156.173049927, 851.686157227, 262.176635742, 196.264724731, 203.237548828, 47.0969467163, 130.931228638, 71.1260604858, 58.0100517273, 87.6082992554, 116.965736389, 6.25133800507], [85.9857635498, 67.0588684082, 262.176635742, 333.713043213, 141.589431763, 30.8926868439, -0.15591005981, 33.9749717712, 113.980445862, 18.3003540039, 21.3409748077, -6.53752803802, 29.1801357269], [-92.0344467163, 211.860992432, 196.264724731, 141.589431763, 371.389556885, 159.164901733, 143.821548462, 137.744659424, 152.720474243, 108.291854858, 52.4246864319, 53.349281311, 41.6761703491], [-131.45249939, 61.715763092, 203.237548828, 30.8926868439, 159.164901733, 358.416229248, 223.357589722, 155.72807312, 63.5372009277, 85.2047119141, 125.630058289, 60.427570343, 55.0770988464], [-279.192504883, 306.232788086, 47.0969467163, -0.15591005981, 143.821548462, 223.357589722, 393.781402588, 129.639602661, 80.6198120117, 90.5045700073, 168.221618652, 74.5272369385, 45.2673835754], [-10.4804401398, -31.1501312256, 130.931228638, 33.9749717712, 137.744659424, 155.72807312, 129.639602661, 299.617584229, 169.448822021, 151.081680298, 80.7804489136, 57.2949142456, 37.9776763916], [-235.373916626, 149.045623779, 71.1260604858, 113.980445862, 152.720474243, 63.5372009277, 80.6198120117, 169.448822021, 313.104980469, 145.115859985, 89.9329605103, 28.6018981934, 58.7100715637], [2.27071046829, 14.1746644974, 58.0100517273, 18.3003540039, 108.291854858, 85.2047119141, 90.5045700073, 151.081680298, 145.115859985, 195.160293579, 80.0168533325, 51.3236579895, 30.8112792969], [-318.770050049, 264.902008057, 87.6082992554, 21.3409748077, 52.4246864319, 125.630058289, 168.221618652, 80.7804489136, 89.9329605103, 80.0168533325, 225.951263428, 70.5846633911, 68.9886474609], [31.5781345367, 32.9289054871, 116.965736389, -6.53752803802, 53.349281311, 60.427570343, 74.5272369385, 57.2949142456, 28.6018981934, 51.3236579895, 70.5846633911, 150.592147827, 28.7090969086], [-187.785369873, 110.308387756, 6.25133800507, 29.1801357269, 41.6761703491, 55.0770988464, 45.2673835754, 37.9776763916, 58.7100715637, 30.8112792969, 68.9886474609, 28.7090969086, 121.581123352]],
        "icov": [[0.000483791518491, -0.000211150487303, 0.000325188157149, -0.000731336593162, 0.000316441670293, -0.000347307272023, 0.000416459690314, -0.000437290145783, 0.00072377291508, -0.000676389783621, 0.000830394390505, -0.000774357758928, 0.00066157564288], [-0.000211150487303, 0.00336859491654, -0.00155597354751, 0.00213706749491, -0.0024513117969, 0.0028992195148, -0.00286201643758, 0.00240026297979, -0.00192620838061, 0.00222161225975, -0.00382548151538, 0.00260999053717, -0.00205103005283], [0.000325188157149, -0.00155597354751, 0.00322974659503, -0.00317755434662, 0.000911088369321, -0.00269793975167, 0.00248418049887, -0.00184593570884, 0.00179458188359, -0.0010254267836, 0.00133291399106, -0.00322902691551, 0.00247152638622], [-0.000731336593162, 0.00213706749491, -0.00317755434662, 0.00780226197094, -0.00321078463458, 0.00294319610111, -0.00217373901978, 0.00269261328503, -0.00393312051892, 0.00308487471193, -0.00318934186362, 0.00428731413558, -0.00312728458084], [0.000316441670293, -0.0024513117969, 0.000911088369321, -0.00321078463458, 0.00695832632482, -0.00336577300914, 0.000865540176164, -0.00175275607035, 0.000370053283405, -0.00297227199189, 0.00492391223088, -0.00285817473195, 0.0012567716185], [-0.000347307272023, 0.0028992195148, -0.00269793975167, 0.00294319610111, -0.00336577300914, 0.00887251552194, -0.00490725040436, 0.000388384156395, -0.000610883987974, 0.00211036833934, -0.00432857498527, 0.00367678259499, -0.00354618136771], [0.000416459690314, -0.00286201643758, 0.00248418049887, -0.00217373901978, 0.000865540176164, -0.00490725040436, 0.00818718411028, -0.00275588431396, 0.00227154768072, -0.00180039042607, 0.000405084545491, -0.00346695980988, 0.00332091888413], [-0.000437290145783, 0.00240026297979, -0.00184593570884, 0.00269261328503, -0.00175275607035, 0.000388384156395, -0.00275588431396, 0.00930196046829, -0.00428844150156, -0.00121556699742, -0.0019524206873, 0.00189838546794, -0.00182062247768], [0.00072377291508, -0.00192620838061, 0.00179458188359, -0.00393312051892, 0.000370053283405, -0.000610883987974, 0.00227154768072, -0.00428844150156, 0.00920348614454, -0.0048101907596, 0.00135277817026, -0.00155668263324, 0.000735624984372], [-0.000676389783621, 0.00222161225975, -0.0010254267836, 0.00308487471193, -0.00297227199189, 0.00211036833934, -0.00180039042607, -0.00121556699742, -0.0048101907596, 0.0129282707348, -0.00484056770802, 0.00113394239452, -0.00110972987022], [0.000830394390505, -0.00382548151538, 0.00133291399106, -0.00318934186362, 0.00492391223088, -0.00432857498527, 0.000405084545491, -0.0019524206873, 0.00135277817026, -0.00484056770802, 0.0144125083461, -0.0053067789413, -0.000169153456227], [-0.000774357758928, 0.00260999053717, -0.00322902691551, 0.00428731413558, -0.00285817473195, 0.00367678259499, -0.00346695980988, 0.00189838546794, -0.00155668263324, 0.00113394239452, -0.0053067789413, 0.0125997886062, -0.00391464307904], [0.00066157564288, -0.00205103005283, 0.00247152638622, -0.00312728458084, 0.0012567716185, -0.00354618136771, 0.00332091888413, -0.00182062247768, 0.000735624984372, -0.00110972987022, -0.000169153456227, -0.00391464307904, 0.0131853781641]]
    },
    "melbands": {
        "dmean": [0.00112983735744, 0.000612977310084, 0.000711728353053, 0.000928804161958, 0.000317060388625, 0.0001242319413, 0.000122617377201, 0.000173305481439, 0.000142637174577, 7.85309239291e-05, 5.89443734498e-05, 5.96771715209e-05, 3.51742382918e-05, 4.89785670652e-05, 4.45028963441e-05, 3.07707086904e-05, 3.26123699779e-05, 3.05442990793e-05, 4.11606160924e-05, 2.57710471487e-05, 1.18837479022e-05, 1.51055010065e-05, 1.63584427355e-05, 8.6371173893e-06, 7.86151849752e-06, 7.10466065357e-06, 4.89135618409e-06, 5.80188407184e-06, 3.70160068996e-06, 3.04849777422e-06, 3.16554201163e-06, 3.60503099728e-06, 2.86795966531e-06, 2.09654376704e-06, 1.77526624157e-06, 1.29084412492e-06, 1.29135275984e-06, 1.58161310537e-06, 1.34765048188e-06, 9.65696131061e-07],
        "dmean2": [0.00188142678235, 0.00102383131161, 0.00104651309084, 0.00141393358354, 0.000532181467861, 0.00020856646006, 0.000201696209842, 0.000272014294751, 0.000235258674365, 0.000125786318677, 8.87011265149e-05, 8.59165375005e-05, 5.11810685566e-05, 7.41319017834e-05, 7.0293644967e-05, 4.94564410474e-05, 5.14387611474e-05, 4.8432040785e-05, 6.859988207e-05, 4.31257612945e-05, 1.95550583157e-05, 2.58451891568e-05, 2.83112112811e-05, 1.39900794238e-05, 1.27155108203e-05, 1.22836163428e-05, 7.73450392444e-06, 9.50498815655e-06, 5.70565907765e-06, 4.68303051093e-06, 5.04711670146e-06, 5.59452792004e-06, 4.42341342932e-06, 3.18027605317e-06, 2.68057851827e-06, 1.90836067304e-06, 1.92126117327e-06, 2.43411727752e-06, 1.9889619125e-06, 1.45230376347e-06],
        "dvar": [4.74963735542e-06, 1.91455933418e-06, 1.6004137251e-06, 6.29519627182e-06, 4.09333210882e-07, 4.57702320489e-08, 5.40928191128e-08, 8.06515814133e-08, 6.30877536878e-08, 1.99485885588e-08, 1.87792839057e-08, 2.14685638156e-08, 4.26947277532e-09, 1.3270319954e-08, 8.48044123813e-09, 5.846968687e-09, 4.49283588111e-09, 3.16521830968e-09, 6.14208861549e-09, 2.55133314475e-09, 4.25039808905e-10, 1.16899356861e-09, 1.09686459915e-09, 1.82589179887e-10, 1.85897783278e-10, 2.33449704012e-10, 5.34955621467e-11, 1.09876274745e-10, 4.20963507108e-11, 2.72029308801e-11, 2.79577715145e-11, 2.55110689518e-11, 1.43691837942e-11, 1.24549520003e-11, 1.4072958944e-11, 1.09954458732e-11, 9.30601082305e-12, 1.41606752366e-11, 1.38941176273e-11, 9.59504437709e-12],
        "dvar2": [1.37414390338e-05, 5.07438380737e-06, 3.42495104633e-06, 1.24110729303e-05, 1.10679934551e-06, 1.15807793577e-07, 1.42368179468e-07, 1.93324439124e-07, 1.64721072338e-07, 5.09673441229e-08, 4.30100222104e-08, 4.70302090605e-08, 8.67186678022e-09, 3.0887832736e-08, 2.14925606201e-08, 1.46027581138e-08, 1.16543752426e-08, 7.59184981547e-09, 1.58938373573e-08, 6.73293376607e-09, 1.0775670356e-09, 3.28689453433e-09, 3.13164316701e-09, 4.33087760099e-10, 4.79453254876e-10, 6.4137167799e-10, 1.29156421669e-10, 2.92140450719e-10, 9.74891070649e-11, 6.25837506818e-11, 7.0116606965e-11, 6.17857501273e-11, 3.35685194919e-11, 2.87422100009e-11, 3.00615123072e-11, 2.24813414412e-11, 1.8182857997e-11, 3.05661849997e-11, 2.82214893815e-11, 1.97914722805e-11],
        "max": [0.0204762332141, 0.0114601962268, 0.0101502295583, 0.0233707185835, 0.0057784030214, 0.00190433487296, 0.00241224118508, 0.00336182443425, 0.0029314388521, 0.00145916687325, 0.00241565681063, 0.00219542603008, 0.00111650151666, 0.00258277659304, 0.00122664228547, 0.00146160204895, 0.00073824566789, 0.000830898352433, 0.000982995261438, 0.000566134694964, 0.000172311192728, 0.00031234160997, 0.000276350328932, 0.00012135214638, 0.000133228633786, 0.000133028850541, 6.73589820508e-05, 0.000160430383403, 7.91874335846e-05, 4.85570235469e-05, 4.28846396971e-05, 5.72799654037e-05, 3.27040906996e-05, 4.10635875596e-05, 4.65568991785e-05, 9.26146531128e-05, 7.05248749e-05, 6.24190433882e-05, 6.34712487226e-05, 5.28630189365e-05],
        "mean": [0.00252128927968, 0.00110144622158, 0.000973581452854, 0.00114923936781, 0.000402051082347, 0.000150491730892, 0.000187785451999, 0.000309687602567, 0.000193727013539, 0.000110412256618, 8.63837776706e-05, 9.3759255833e-05, 5.23995513504e-05, 6.8406938226e-05, 5.52372439415e-05, 3.66810490959e-05, 4.14494970755e-05, 4.08917476307e-05, 4.89746016683e-05, 3.22061205225e-05, 1.55734578584e-05, 1.77648744284e-05, 1.87051500689e-05, 1.07668756755e-05, 9.20254478842e-06, 7.18788214726e-06, 7.18946648703e-06, 7.64394553698e-06, 4.5725896598e-06, 3.85430166716e-06, 4.43177123088e-06, 5.77740775043e-06, 4.10251504945e-06, 2.80796325569e-06, 2.25196163228e-06, 1.48209483086e-06, 1.60309809871e-06, 2.05660558095e-06, 1.87442230981e-06, 1.24881000829e-06],
        "median": [0.00192509836052, 0.000479105947306, 0.000168810598552, 0.000170791798155, 0.000142834149301, 4.90583079227e-05, 5.36469924555e-05, 0.000147515922436, 9.17375436984e-05, 4.42306773039e-05, 2.85065998469e-05, 2.98397517327e-05, 1.75595578185e-05, 1.73942135007e-05, 1.61543048307e-05, 1.03981619759e-05, 1.08314334284e-05, 1.18314901556e-05, 1.43842162288e-05, 1.08316380647e-05, 6.30476279184e-06, 7.37651498639e-06, 9.67932010099e-06, 5.54011012355e-06, 3.93249320041e-06, 2.624920171e-06, 2.99542966786e-06, 3.143871254e-06, 1.73182422714e-06, 1.3936967207e-06, 2.02766796065e-06, 3.00625492855e-06, 2.196735295e-06, 1.03751676761e-06, 5.42206919363e-07, 2.7448623996e-07, 4.75834184499e-07, 7.43517603041e-07, 5.56916404548e-07, 2.87326201942e-07],
        "min": [1.03581703215e-08, 1.89802804584e-07, 6.36516006125e-07, 1.29572026708e-06, 1.63373624673e-06, 1.57626914188e-07, 1.31189509034e-07, 5.23438075106e-07, 7.20990556147e-07, 2.24228287493e-07, 1.02838271232e-07, 2.56680465327e-07, 3.21105034118e-07, 2.70672217084e-07, 1.15745010021e-07, 7.89307463833e-08, 9.92916824316e-08, 4.67393235226e-08, 4.58846685092e-08, 3.13317478629e-08, 1.20435972306e-08, 4.49138610747e-08, 3.26454419053e-08, 4.67354652756e-08, 3.80393458954e-08, 9.8407442195e-09, 1.65524660645e-08, 1.29210242505e-08, 1.12591775903e-08, 6.39411146253e-09, 7.30615434819e-09, 8.83760531423e-09, 5.22828580429e-09, 4.43747127932e-09, 1.70587467763e-11, 5.84441219378e-12, 4.86570679581e-11, 8.8243877483e-11, 2.66581006401e-12, 4.92363745261e-13],
