{
"highlevel": {
    "danceability": {
        "all": {
            "danceable": 0.107027940452,
            "not_danceable": 0.892972052097
        },
        "probability": 0.892972052097,
        "value": "not_danceable"
    },
    "gender": {
        "all": {
            "female": 0.619997918606,
            "male": 0.380002111197
        },
        "probability": 0.619997918606,
        "value": "female"
    },
    "genre_dortmund": {
        "all": {
            "alternative": 0.158159300685,
            "blues": 0.127750739455,
            "electronic": 0.0490539222956,
            "folkcountry": 0.31551194191,
            "funksoulrnb": 0.00562400463969,
            "jazz": 0.14432618022,
            "pop": 0.0497521683574,
            "raphiphop": 0.00378713337705,
            "rock": 0.146034598351
        },
        "probability": 0.31551194191,
        "value": "folkcountry"
    },
    "genre_electronic": {
        "all": {
            "ambient": 0.732898175716,
            "dnb": 0.0812840685248,
            "house": 0.155831813812,
            "techno": 0.00905991252512,
            "trance": 0.0209260322154
        },
        "probability": 0.732898175716,
        "value": "ambient"
    },
    "genre_rosamerica": {
        "all": {
            "cla": 0.339500874281,
            "dan": 0.0272994861007,
            "hip": 0.0462106950581,
            "jaz": 0.0737133175135,
            "pop": 0.0804712101817,
            "rhy": 0.117894493043,
            "roc": 0.281614780426,
            "spe": 0.0332951284945
        },
        "probability": 0.339500874281,
        "value": "cla"
    },
    "genre_tzanetakis": {
        "all": {
            "blu": 0.0626541376114,
            "cla": 0.0348133966327,
            "cou": 0.0783501937985,
            "dis": 0.104547761381,
            "hip": 0.15693578124,
            "jaz": 0.313987255096,
            "met": 0.044816005975,
            "pop": 0.0627349764109,
            "reg": 0.0627352520823,
            "roc": 0.0784252434969
        },
        "probability": 0.313987255096,
        "value": "jaz"
    },
    "ismir04_rhythm": {
        "all": {
            "ChaChaCha": 0.15694154799,
            "Jive": 0.114124283195,
            "Quickstep": 0.0188165549189,
            "Rumba-American": 0.0167009737343,
            "Rumba-International": 0.00677695311606,
            "Rumba-Misc": 0.00261845812201,
            "Samba": 0.0113627612591,
            "Tango": 0.608338654041,
            "VienneseWaltz": 0.0560014396906,
            "Waltz": 0.00831836368889
        },
        "probability": 0.608338654041,
        "value": "Tango"
    },
    "mood_acoustic": {
        "all": {
            "acoustic": 0.975792229176,
            "not_acoustic": 0.0242077875882
        },
        "probability": 0.975792229176,
        "value": "acoustic"
    },
    "mood_aggressive": {
        "all": {
            "aggressive": 0.0782037004828,
            "not_aggressive": 0.921796321869
        },
        "probability": 0.921796321869,
        "value": "not_aggressive"
    },
    "mood_electronic": {
        "all": {
            "electronic": 0.434523820877,
            "not_electronic": 0.565476179123
        },
        "probability": 0.565476179123,
        "value": "not_electronic"
    },
    "mood_happy": {
        "all": {
            "happy": 0.822724819183,
            "not_happy": 0.177275165915
        },
        "probability": 0.822724819183,
        "value": "happy"
    },
    "mood_party": {
        "all": {
            "not_party": 0.881940364838,
            "party": 0.118059627712
        },
        "probability": 0.881940364838,
        "value": "not_party"
    },
    "mood_relaxed": {
        "all": {
            "not_relaxed": 0.191049426794,
            "relaxed": 0.808950543404
        },
        "probability": 0.808950543404,
        "value": "relaxed"
    },
    "mood_sad": {
        "all": {
            "not_sad": 0.564976394176,
            "sad": 0.435023576021
        },
        "probability": 0.564976394176,
        "value": "not_sad"
    },
    "moods_mirex": {
        "all": {
            "Cluster1": 0.173335701227,
            "Cluster2": 0.103808477521,
            "Cluster3": 0.0897269025445,
            "Cluster4": 0.0438502244651,
            "Cluster5": 0.589278697968
        },
        "probability": 0.589278697968,
        "value": "Cluster5"
    },
    "timbre": {
        "all": {
            "bright": 0.394902825356,
            "dark": 0.605097174644
        },
        "probability": 0.605097174644,
        "value": "dark"
    },
    "tonal_atonal": {
        "all": {
            "atonal": 0.55081230402,
            "tonal": 0.449187725782
        },
        "probability": 0.55081230402,
        "value": "atonal"
    },
    "voice_instrumental": {
        "all": {
            "instrumental": 0.929363310337,
            "voice": 0.0706366747618
        },
        "probability": 0.929363310337,
        "value": "instrumental"
    }
},
"lowlevel": {
    "average_loudness": 0.952691435814,
    "barkbands_crest": {
        "dmean": 1.74635469913,
        "dmean2": 2.77393817902,
        "dvar": 2.28056955338,
        "dvar2": 5.33178329468,
        "max": 19.4160346985,
        "mean": 7.45647859573,
        "median": 6.88514614105,
        "min": 3.11962842941,
        "var": 7.8113861084
    },
    "barkbands_flatness_db": {
        "dmean": 0.014485033229,
        "dmean2": 0.0216056574136,
        "dvar": 0.00015515954874,
        "dvar2": 0.00031046604272,
        "max": 0.373739182949,
        "mean": 0.142669305205,
        "median": 0.131579905748,
        "min": 0.0756488069892,
        "var": 0.00206651166081
    },
    "barkbands_kurtosis": {
        "dmean": 1.33557546139,
        "dmean2": 2.02246999741,
        "dvar": 2.93363165855,
        "dvar2": 6.46313285828,
        "max": 21.2445087433,
        "mean": 1.50348258018,
        "median": -0.172424316406,
        "min": -1.79614078999,
        "var": 13.7869443893
    },
    "barkbands_skewness": {
        "dmean": 0.399041473866,
        "dmean2": 0.592322945595,
        "dvar": 0.129245221615,
        "dvar2": 0.280127286911,
        "max": 4.08903360367,
        "mean": 1.00234866142,
        "median": 0.935030519962,
        "min": -2.37588310242,
        "var": 1.1229981184
    },
    "barkbands_spread": {
        "dmean": 5.27376317978,
        "dmean2": 7.97407436371,
        "dvar": 25.5702552795,
        "dvar2": 56.3458976746,
        "max": 64.2420043945,
        "mean": 29.6486816406,
        "median": 31.4356460571,
        "min": 2.05619907379,
        "var": 168.1328125
    },
    "dissonance": {
        "dmean": 0.0115228267387,
        "dmean2": 0.0192243736237,
        "dvar": 0.000166842830367,
        "dvar2": 0.000457372749224,
        "max": 0.499823689461,
        "mean": 0.473781079054,
        "median": 0.481114715338,
        "min": 0.290736466646,
        "var": 0.000632650859188
    },
    "dynamic_complexity": 1.99911355972,
    "erbbands_crest": {
        "dmean": 2.15037465096,
        "dmean2": 3.4861228466,
        "dvar": 4.09086847305,
        "dvar2": 10.6811199188,
        "max": 25.8829631805,
        "mean": 8.4833278656,
        "median": 7.76250886917,
        "min": 2.89896821976,
        "var": 11.3672628403
    },
    "erbbands_flatness_db": {
        "dmean": 0.0133350361139,
        "dmean2": 0.0196006968617,
        "dvar": 0.000140351068694,
        "dvar2": 0.000288396317046,
        "max": 0.320894062519,
        "mean": 0.178244888783,
        "median": 0.171960100532,
        "min": 0.1046217978,
        "var": 0.0014303647913
    },
    "erbbands_kurtosis": {
        "dmean": 0.841968357563,
        "dmean2": 1.29826796055,
        "dvar": 0.978785932064,
        "dvar2": 2.34091567993,
        "max": 14.0198745728,
        "mean": 0.331919908524,
        "median": -0.267400026321,
        "min": -1.71491134167,
        "var": 3.62856411934
    },
    "erbbands_skewness": {
        "dmean": 0.339299142361,
        "dmean2": 0.500141620636,
        "dvar": 0.0930203720927,
        "dvar2": 0.221551805735,
        "max": 2.79896450043,
        "mean": -0.352085828781,
        "median": -0.506759166718,
        "min": -3.31942558289,
        "var": 0.847387194633
    },
    "erbbands_spread": {
        "dmean": 6.81494283676,
        "dmean2": 10.3065309525,
        "dvar": 40.4715003967,
        "dvar2": 86.9944000244,
        "max": 97.7680053711,
        "mean": 41.5929718018,
        "median": 40.5096054077,
        "min": 6.19641065598,
        "var": 301.573638916
    },
    "hfc": {
        "dmean": 6.27157640457,
        "dmean2": 9.09454536438,
        "dvar": 195.844146729,
        "dvar2": 445.198577881,
        "max": 264.633911133,
        "mean": 18.3863601685,
        "median": 11.6092739105,
        "min": 0.79989439249,
        "var": 554.262512207
    },
    "melbands_crest": {
        "dmean": 2.4934387207,
        "dmean2": 4.02382612228,
        "dvar": 4.54799032211,
        "dvar2": 11.350810051,
        "max": 27.1800727844,
        "mean": 11.0601043701,
        "median": 10.3852033615,
        "min": 3.8957734108,
        "var": 12.5947828293
    },
    "melbands_flatness_db": {
        "dmean": 0.0190602373332,
        "dmean2": 0.0283335614949,
        "dvar": 0.000280198408291,
        "dvar2": 0.000540685141459,
        "max": 0.475697547197,
        "mean": 0.181576296687,
        "median": 0.167787417769,
        "min": 0.0751093253493,
        "var": 0.00430250633508
    },
    "melbands_kurtosis": {
        "dmean": 3.41616082191,
        "dmean2": 5.19976997375,
        "dvar": 17.1770172119,
        "dvar2": 37.961063385,
        "max": 47.1911392212,
        "mean": 8.26076602936,
        "median": 5.10839271545,
        "min": -1.75447702408,
        "var": 93.5246124268
    },
    "melbands_skewness": {
        "dmean": 0.478398561478,
        "dmean2": 0.723690032959,
        "dvar": 0.188910111785,
        "dvar2": 0.415928483009,
        "max": 6.04374790192,
        "mean": 2.27869868279,
        "median": 2.13003277779,
        "min": -0.750166356564,
        "var": 1.46115660667
    },
    "melbands_spread": {
        "dmean": 9.21105575562,
        "dmean2": 13.9114665985,
        "dvar": 111.962242126,
        "dvar2": 265.601776123,
        "max": 132.446609497,
        "mean": 37.2516174316,
        "median": 31.8586368561,
        "min": 2.65870046616,
        "var": 659.705566406
    },
    "pitch_salience": {
        "dmean": 0.0539222806692,
        "dmean2": 0.0860001519322,
        "dvar": 0.00179998995736,
        "dvar2": 0.00473680300638,
        "max": 0.827955067158,
        "mean": 0.616322755814,
        "median": 0.625396728516,
        "min": 0.334558606148,
        "var": 0.00657880632207
    },
    "silence_rate_20dB": {
        "dmean": 0,
        "dmean2": 0,
        "dvar": 0,
        "dvar2": 0,
        "max": 1,
        "mean": 1,
        "median": 1,
        "min": 1,
        "var": 0
    },
    "silence_rate_30dB": {
        "dmean": 0,
        "dmean2": 0,
        "dvar": 0,
        "dvar2": 0,
        "max": 1,
        "mean": 1,
        "median": 1,
        "min": 1,
        "var": 0
    },
    "silence_rate_60dB": {
        "dmean": 0.00154798757285,
        "dmean2": 0.00309837330133,
        "dvar": 0.00154558161739,
        "dvar2": 0.00308872293681,
        "max": 1,
        "mean": 0.00232018553652,
        "median": 0,
        "min": 0,
        "var": 0.00231488258578
    },
    "spectral_centroid": {
        "dmean": 279.900939941,
        "dmean2": 422.923278809,
        "dvar": 79758.078125,
        "dvar2": 183558.171875,
        "max": 4052.74975586,
        "mean": 1855.8125,
        "median": 1886.71899414,
        "min": 256.976623535,
        "var": 635604.8125
    },
    "spectral_complexity": {
        "dmean": 3.75619196892,
        "dmean2": 5.44616556168,
        "dvar": 13.5543231964,
        "dvar2": 25.8536281586,
        "max": 53,
        "mean": 19.7262172699,
        "median": 19,
        "min": 4,
        "var": 96.1492996216
    },
    "spectral_decrease": {
        "dmean": 7.24475424096e-10,
        "dmean2": 1.07781661374e-09,
        "dvar": 5.47634614348e-19,
        "dvar2": 1.144134303e-18,
        "max": -5.78406156304e-10,
        "mean": -3.49754603057e-09,
        "median": -3.2218923085e-09,
        "min": -1.38804709948e-08,
        "var": 3.0310029702e-18
    },
    "spectral_energy": {
        "dmean": 0.00319507322274,
        "dmean2": 0.00471398467198,
        "dvar": 1.44934911077e-05,
        "dvar2": 3.02034241031e-05,
        "max": 0.0763912275434,
        "mean": 0.014868227765,
        "median": 0.0130969639868,
        "min": 0.00234338175505,
        "var": 6.95959970471e-05
    },
    "spectral_energyband_high": {
        "dmean": 0.00079051341163,
        "dmean2": 0.00129590299912,
        "dvar": 7.52281721361e-06,
        "dvar2": 1.88193953363e-05,
        "max": 0.0450298041105,
        "mean": 0.00128543830942,
        "median": 0.000467808131361,
        "min": 3.40845417668e-07,
        "var": 1.18935895443e-05
    },
    "spectral_energyband_low": {
        "dmean": 0.00132797542028,
        "dmean2": 0.00215464364737,
        "dvar": 1.95848019757e-06,
        "dvar2": 5.5461523516e-06,
        "max": 0.0238600168377,
        "mean": 0.00336857046932,
        "median": 0.00280863116495,
        "min": 0.000111150999146,
        "var": 6.2523372435e-06
    },
    "spectral_energyband_middle_high": {
        "dmean": 0.0013187637087,
        "dmean2": 0.00179835222661,
        "dvar": 3.18641241392e-06,
        "dvar2": 6.0334346017e-06,
        "max": 0.0362449288368,
        "mean": 0.00449857534841,
        "median": 0.00274150888436,
        "min": 4.98075714859e-05,
        "var": 2.45647679549e-05
    },
    "spectral_energyband_middle_low": {
        "dmean": 0.00164346082602,
        "dmean2": 0.00244327052496,
        "dvar": 2.11290875995e-06,
        "dvar2": 4.76305604025e-06,
        "max": 0.0237585511059,
        "mean": 0.00628631887957,
        "median": 0.00573989842087,
        "min": 0.000462394964416,
        "var": 9.86745635601e-06
    },
    "spectral_entropy": {
        "dmean": 0.108585111797,
        "dmean2": 0.157845959067,
        "dvar": 0.0116593856364,
        "dvar2": 0.0193624719977,
        "max": 8.16492843628,
        "mean": 7.48848056793,
        "median": 7.57550764084,
        "min": 5.38863325119,
        "var": 0.157494962215
    },
    "spectral_flux": {
        "dmean": 0.0110209397972,
        "dmean2": 0.0173525307328,
        "dvar": 0.00011289378017,
        "dvar2": 0.000280309293885,
        "max": 0.181943267584,
        "mean": 0.0566624403,
        "median": 0.0538280904293,
        "min": 0.0139911184087,
        "var": 0.00043246729183
    },
    "spectral_kurtosis": {
        "dmean": 1.89298272133,
        "dmean2": 3.35224628448,
        "dvar": 8.86798000336,
        "dvar2": 24.8553390503,
        "max": 56.7956466675,
        "mean": 4.05743694305,
        "median": 2.75467300415,
        "min": 0.192699670792,
        "var": 30.7372531891
    },
    "spectral_rms": {
        "dmean": 0.000401834025979,
        "dmean2": 0.000590197043493,
        "dvar": 1.42118537383e-07,
        "dvar2": 2.94813645496e-07,
        "max": 0.00863296166062,
        "mean": 0.00368554517627,
        "median": 0.00357456644997,
        "min": 0.00151202711277,
        "var": 9.22351773625e-07
    },
    "spectral_rolloff": {
        "dmean": 458.297973633,
        "dmean2": 751.027709961,
        "dvar": 346101.1875,
        "dvar2": 760533.375,
        "max": 4565.0390625,
        "mean": 2056.64672852,
        "median": 2325.5859375,
        "min": 236.865234375,
        "var": 1662931.25
    },
    "spectral_skewness": {
        "dmean": 0.233950942755,
        "dmean2": 0.399278342724,
        "dvar": 0.0544116720557,
        "dvar2": 0.153403535485,
        "max": 6.00313615799,
        "mean": 1.02931499481,
        "median": 0.915978133678,
        "min": 0.0511179678142,
        "var": 0.461793631315
    },
    "spectral_spread": {
        "dmean": 299310.34375,
        "dmean2": 448315.1875,
        "dvar": 531337379840,
        "dvar2": 605010132992,
        "max": 26461124,
        "mean": 3472319.5,
        "median": 3351152.75,
        "min": 1137669,
        "var": 1.06698093363e+12
    },
    "spectral_strongpeak": {
        "dmean": 0.786839783192,
        "dmean2": 1.32695388794,
        "dvar": 3.46907424927,
        "dvar2": 8.58623218536,
        "max": 30.3650627136,
        "mean": 1.26752340794,
        "median": 0.418771654367,
        "min": 0,
        "var": 7.23570203781
    },
    "zerocrossingrate": {
        "dmean": 0.00841226987541,
        "dmean2": 0.00959164369851,
        "dvar": 5.36765037396e-05,
        "dvar2": 7.17969960533e-05,
        "max": 0.18310546875,
        "mean": 0.0705050900578,
        "median": 0.06884765625,
        "min": 0.00830078125,
        "var": 0.00081473501632
    },
    "barkbands": {
        "dmean": [5.65620684938e-05, 0.000767533143517, 0.000686938175932, 0.00047723998432, 0.000949475390371, 0.000654457311612, 0.00040612128214, 0.000143104451126, 0.000113095731649, 0.000267731811618, 2.54120077443e-05, 5.14790372108e-05, 0.000124372454593, 0.000120465483633, 0.000330772803864, 0.000248246535193, 0.000365538959159, 0.000330801820382, 0.000297545659123, 0.000439137307694, 0.000413746893173, 4.19278912887e-05, 2.19362173084e-05, 6.56794782117e-06, 5.50651520825e-06, 1.49659604176e-06, 1.18663079363e-09],
        "dmean2": [9.10035523702e-05, 0.0012682385277, 0.00109922199044, 0.000805690593552, 0.00147556595039, 0.00102349778172, 0.000638906378299, 0.000200651280466, 0.000167846781551, 0.000398196512833, 4.0867649659e-05, 7.88425822975e-05, 0.000183928132174, 0.000190911639947, 0.000467431294965, 0.000393106893171, 0.000548249634448, 0.000494792766403, 0.000459465809399, 0.000700314354617, 0.000718778464943, 6.1671838921e-05, 3.30450711772e-05, 1.01963460111e-05, 8.63485274749e-06, 2.39467226493e-06, 1.657613935e-09],
        "dvar": [5.14309617117e-09, 7.88728925727e-07, 7.21991966657e-07, 3.52286292582e-07, 8.53416963764e-07, 4.2876763473e-07, 2.17327553287e-07, 1.14745176916e-07, 5.84101158552e-08, 4.41251557959e-07, 2.11353201607e-09, 9.84247883196e-09, 6.27176817147e-08, 4.93560321502e-08, 5.21473623394e-07, 1.97388331458e-07, 4.49899005162e-07, 2.3832710383e-07, 3.33848305445e-07, 2.47666957875e-06, 2.18845866584e-06, 2.84570722542e-09, 1.88072801777e-09, 2.48331882835e-10, 1.55546686642e-10, 6.25248941163e-12, 4.90605241758e-16],
        "dvar2": [1.27596431199e-08, 2.1012876914e-06, 2.02701994567e-06, 1.01506032024e-06, 1.82343001143e-06, 1.03282218333e-06, 5.25050154465e-07, 1.71059696186e-07, 9.31875945298e-08, 7.12058636054e-07, 5.00803576386e-09, 2.1135331707e-08, 1.10104039663e-07, 1.1901300212e-07, 8.38227265376e-07, 4.87330169108e-07, 9.6576411579e-07, 5.3887276863e-07, 7.8181869867e-07, 5.58830743103e-06, 5.88884267927e-06, 5.86949422399e-09, 4.6547885546e-09, 6.25966445345e-10, 4.12056666566e-10, 1.58958731594e-11, 4.91488485364e-16],
        "max": [0.000832350226119, 0.0173780359328, 0.0105848517269, 0.00799504015595, 0.0156032405794, 0.00742027210072, 0.00550471479073, 0.0099447760731, 0.00989965256304, 0.0169988255948, 0.00081815070007, 0.00174432934728, 0.00655323732644, 0.00393140595406, 0.01742352359, 0.00705432798713, 0.0152790406719, 0.00744831189513, 0.0132601317018, 0.0300153773278, 0.0275106076151, 0.000657842494547, 0.00107136636507, 0.000269246113021, 0.000262488960288, 4.50552579423e-05, 7.9584441437e-07],
        "mean": [0.000112833746243, 0.00154860154726, 0.00118672742974, 0.000767132791225, 0.00261785299517, 0.00144858984277, 0.000860880245455, 0.00028323760489, 0.00024112862593, 0.000455150700873, 4.36513510067e-05, 0.000106779487396, 0.000308086746372, 0.000210939222598, 0.000699750380591, 0.000468329933938, 0.000840209133457, 0.000681815028656, 0.000576631573495, 0.000653204740956, 0.0005902837147, 9.35359930736e-05, 5.00764872413e-05, 1.13727192002e-05, 9.19306694414e-06, 2.24792574954e-06, 1.11321252216e-09],
        "median": [8.43792149681e-05, 0.00118339969777, 0.000832955702208, 0.000486019009259, 0.00221967720427, 0.00127236428671, 0.000655591487885, 0.000104689897853, 8.64653775352e-05, 0.000184220494702, 2.55456798186e-05, 3.87847867387e-05, 8.52550219861e-05, 8.3921753685e-05, 0.000222829956328, 0.000203424089705, 0.000288104143692, 0.000378006749088, 0.000304541550577, 0.000192514620721, 0.000167642705492, 6.31011134828e-05, 3.95996248699e-05, 6.52933385936e-06, 6.10753932051e-06, 1.48354922658e-06, 2.29512089889e-10],
        "min": [1.08166275936e-07, 1.47082309923e-05, 2.21657387556e-06, 3.92714991904e-06, 0.000106792678707, 2.97020742437e-05, 5.63613139093e-06, 2.24713971875e-06, 2.80375934381e-06, 4.69413180326e-06, 3.17841653441e-07, 1.44977306604e-07, 1.73947299231e-07, 1.27020328478e-07, 2.6633182415e-07, 5.52812267074e-08, 3.69970564407e-07, 2.10612299156e-07, 1.28139589606e-07, 1.19934043141e-07, 1.13007018854e-07, 3.14005674795e-08, 2.54899550356e-08, 1.22690266835e-08, 2.76176259639e-09, 3.70526179183e-11, 3.35069055835e-11],
        "var": [1.19429959256e-08, 2.02235082725e-06, 1.39223027418e-06, 7.48219747493e-07, 3.68585779142e-06, 1.02769911337e-06, 6.0432932969e-07, 6.90940964887e-07, 4.42480512675e-07, 1.14635884074e-06, 4.35986402536e-09, 3.67267674051e-08, 4.40439009708e-07, 1.07553645989e-07, 2.21150389734e-06, 5.22449852269e-07, 2.52064364759e-06, 7.29150826828e-07, 9.12797304409e-07, 3.91816502088e-06, 3.66362201021e-06, 8.2914377586e-09, 2.63071497919e-09, 3.56387003242e-10, 1.5802108233e-10, 7.95895380851e-12, 4.90456746295e-16]
    },
    "erbbands": {
        "dmean": [0.0209171362221, 0.186650887132, 0.68283200264, 1.3008030653, 1.75567924976, 3.2816157341, 7.70499897003, 4.704164505, 5.99859762192, 2.95718693733, 3.42631912231, 2.96519589424, 3.56316971779, 7.67040109634, 1.25370657444, 2.55484271049, 5.46575546265, 5.21007537842, 17.4598007202, 13.2072877884, 15.03028965, 16.0272674561, 18.4408054352, 16.4459571838, 12.6735029221, 15.8697528839, 35.1756782532, 4.35183858871, 1.35062205791, 1.28291237354, 0.694931387901, 0.232552856207, 0.0917352586985, 0.0665417686105, 0.0434205308557, 0.0121634826064, 0.00113552995026, 5.41087865713e-05, 3.90092509406e-06, 4.58804515802e-06],
        "dmean2": [0.0340617969632, 0.310328036547, 1.08997428417, 2.16701722145, 2.78911209106, 5.23718833923, 11.1303129196, 7.79191875458, 9.41426181793, 4.64006185532, 4.71402549744, 4.25490427017, 5.34351539612, 11.5276794434, 1.95441019535, 3.87012314796, 7.807117939, 8.18408966064, 26.2008705139, 20.1729564667, 22.8987159729, 24.4710159302, 28.1477413177, 25.2118492126, 19.2973136902, 24.6885299683, 60.3862991333, 7.08752584457, 1.97768867016, 1.97561860085, 1.07726860046, 0.344288170338, 0.151825070381, 0.108919106424, 0.0669055506587, 0.0189431551844, 0.00188341608737, 9.31737376959e-05, 5.67151391806e-06, 6.69363907946e-06],
        "dvar": [0.000574112520553, 0.0519995316863, 0.677458226681, 2.66951870918, 3.39625692368, 11.9374399185, 76.0527877808, 26.1222820282, 43.6948165894, 17.7222919464, 89.6338500977, 41.6071777344, 60.4156455994, 424.480499268, 5.45121479034, 20.5506782532, 151.26802063, 87.3578186035, 1527.37329102, 700.712341309, 695.803466797, 756.002441406, 792.039916992, 1053.56591797, 739.629760742, 1863.62536621, 19646.7792969, 93.0963439941, 3.16830921173, 2.95001864433, 2.21069598198, 0.243249878287, 0.0445884205401, 0.0221874788404, 0.00623993016779, 0.000341099977959, 1.28965220938e-05, 5.28323553795e-08, 9.6929124449e-11, 5.15165965442e-11],
        "dvar2": [0.00141169852577, 0.140512675047, 1.8065571785, 7.63804769516, 7.67058467865, 27.1605739594, 158.142318726, 69.9948272705, 109.0258255, 41.4625167847, 127.615631104, 56.7836227417, 109.48008728, 690.544799805, 12.9985580444, 43.689125061, 241.834884644, 202.340026855, 2768.44580078, 1579.80908203, 1583.98571777, 1717.44592285, 1805.53759766, 2401.63256836, 1701.87255859, 4169.18652344, 51076.5859375, 243.058380127, 6.59223270416, 6.66288089752, 5.49470663071, 0.567501664162, 0.120664000511, 0.0601962767541, 0.0154843078926, 0.000815517792944, 3.72654321836e-05, 1.53866579922e-07, 2.38121883323e-10, 1.1330957006e-10],
        "max": [0.322848170996, 4.42268276215, 14.1665525436, 22.0298805237, 38.5519828796, 60.0744094849, 107.018806458, 53.7654953003, 64.0994720459, 81.7073364258, 278.002166748, 285.286804199, 148.109420776, 517.796569824, 39.7996826172, 81.7001037598, 348.298583984, 168.707382202, 888.808227539, 456.185394287, 641.443969727, 476.327148438, 450.681884766, 686.739379883, 778.190979004, 806.468994141, 2257.72900391, 156.700454712, 25.0761394501, 23.8276920319, 34.8123664856, 9.38237857819, 3.71831512451, 2.93119359016, 1.64429569244, 0.316685110331, 0.0699438676238, 0.00547555088997, 0.000205249336432, 0.000147876999108],
        "mean": [0.0451636053622, 0.34909710288, 1.26539051533, 2.37138032913, 4.31427335739, 8.22288990021, 16.9998188019, 9.29197883606, 12.9308547974, 6.57527828217, 7.49198293686, 6.84536170959, 7.34391784668, 12.3989477158, 2.59710478783, 6.11042070389, 14.6000394821, 11.0270051956, 33.5164871216, 27.4031562805, 33.6273956299, 37.6952476501, 41.1439285278, 33.5961723328, 25.4324455261, 26.5807647705, 47.7614784241, 8.16464138031, 3.16747641563, 2.65328931808, 1.49031746387, 0.490118056536, 0.142922371626, 0.0928740948439, 0.0754672586918, 0.0203636717051, 0.00141943397466, 6.25548491371e-05, 1.28813508127e-05, 1.9613893528e-05],
        "median": [0.0322089232504, 0.26078119874, 0.903139829636, 1.60938882828, 3.2387046814, 6.37798976898, 12.7154130936, 7.58521080017, 10.3847055435, 4.44382953644, 2.61579561234, 2.42169570923, 3.1529443264, 5.39613103867, 1.57610619068, 2.60046434402, 3.96126747131, 5.72832202911, 10.9744729996, 12.7021942139, 14.5378103256, 14.5412120819, 19.9267559052, 18.1945800781, 11.844244957, 9.0734167099, 8.95520782471, 4.24226570129, 2.07409310341, 1.95017051697, 1.18463814259, 0.334303557873, 0.0802353322506, 0.058183144778, 0.0512148141861, 0.0136172873899, 0.000734967354219, 2.89635609079e-05, 1.00981251308e-05, 1.62267388077e-05],
        "min": [0.000435762369307, 0.00445107324049, 0.0114890513942, 0.055364754051, 0.156198427081, 0.277711242437, 0.210919797421, 0.265246987343, 0.292792320251, 0.0881968438625, 0.0832814872265, 0.0631683245301, 0.194631949067, 0.0493811517954, 0.0297948662192, 0.00863771047443, 0.00879206415266, 0.00759647414088, 0.0145888170227, 0.00642826035619, 0.0064083924517, 0.0217479262501, 0.0158536508679, 0.0071602743119, 0.00853988807648, 0.00546688959002, 0.00703405681998, 0.00282898033038, 0.00147927738726, 0.00103083543945, 0.000729435821995, 0.000405841943575, 0.000150449573994, 4.85570417368e-05, 2.28812950809e-05, 3.30468105858e-06, 1.33740195452e-06, 2.19162402004e-07, 1.58827208452e-06, 3.08766698254e-06],
        "var": [0.00169163383543, 0.122370474041, 1.58432424068, 6.35744380951, 15.9515647888, 44.8751525879, 214.318634033, 47.6049041748, 110.354324341, 59.5820541382, 557.334960938, 373.03036499, 214.600952148, 1042.19812012, 12.9026441574, 93.993888855, 1204.10546875, 231.094299316, 5204.61035156, 1904.29797363, 3379.04638672, 3603.85571289, 3035.69042969, 2635.70141602, 2224.19750977, 3646.5925293, 29200.2871094, 187.81880188, 10.4222860336, 5.9612197876, 2.74123716354, 0.396999269724, 0.0532250627875, 0.0207437817007, 0.008051995188, 0.00050891796127, 9.92592867988e-06, 3.39377379532e-08, 1.55107801603e-10, 1.82558662631e-10]
    },
    "gfcc": {
        "mean": [-23.5459728241, 109.839324951, -137.684249878, 69.9135437012, -59.6492004395, -2.09880280495, -42.4741134644, 2.64793276787, -21.7596416473, 1.13050305843, -12.011423111, -0.694770336151, -0.370323836803],
        "cov": [[2524.85205078, -1218.34082031, -855.937011719, 442.846130371, 103.645706177, 207.105743408, -208.4034729, 65.1533966064, -20.9402942657, 261.767913818, -92.403503418, 5.21737289429, -157.6302948], [-1218.34082031, 942.60925293, 324.701080322, -308.459594727, 67.9473953247, -164.566390991, 156.04864502, -79.0274505615, 39.1566085815, -212.011535645, 67.4463500977, -41.8884086609, 118.819396973], [-855.937011719, 324.701080322, 670.717407227, -121.227600098, -199.33795166, -5.31695747375, 33.3236160278, 21.7052440643, -17.2336120605, -28.4161911011, 0.46101307869, 38.1048545837, -21.1365947723], [442.846130371, -308.459594727, -121.227600098, 251.869628906, 55.421875, 50.827709198, -45.6876907349, -4.76195240021, -2.78214669228, 74.4443969727, -12.619260788, -5.68607902527, -12.8851509094], [103.645706177, 67.9473953247, -199.33795166, 55.421875, 238.730651855, -1.07636475563, 3.78412175179, -60.8871536255, 11.6003513336, -12.281167984, 21.221818924, -23.0866794586, 36.2532157898], [207.105743408, -164.566390991, -5.31695747375, 50.827709198, -1.07636475563, 132.350723267, -25.0662727356, 8.62867927551, -13.2898302078, 43.2340164185, 9.4536523819, 20.8972167969, -54.6266212463], [-208.4034729, 156.04864502, 33.3236160278, -45.6876907349, 3.78412175179, -25.0662727356, 117.748703003, 18.6329269409, 1.80642902851, -53.0008163452, 9.2224149704, -4.44821929932, 40.3933639526], [65.1533966064, -79.0274505615, 21.7052440643, -4.76195240021, -60.8871536255, 8.62867927551, 18.6329269409, 104.497459412, 35.3218040466, 5.97884321213, -24.2498130798, 25.5976371765, -5.91734695435], [-20.9402942657, 39.1566085815, -17.2336120605, -2.78214669228, 11.6003513336, -13.2898302078, 1.80642902851, 35.3218040466, 86.1723632812, 1.82821452618, -13.2792224884, -2.24735474586, 16.9411087036], [261.767913818, -212.011535645, -28.4161911011, 74.4443969727, -12.281167984, 43.2340164185, -53.0008163452, 5.97884321213, 1.82821452618, 112.822418213, -3.84625196457, -0.444367408752, -41.4999313354], [-92.403503418, 67.4463500977, 0.46101307869, -12.619260788, 21.221818924, 9.4536523819, 9.2224149704, -24.2498130798, -13.2792224884, -3.84625196457, 82.1371231079, 15.5337772369, -18.1472110748], [5.21737289429, -41.8884086609, 38.1048545837, -5.68607902527, -23.0866794586, 20.8972167969, -4.44821929932, 25.5976371765, -2.24735474586, -0.444367408752, 15.5337772369, 77.1975097656, -25.5297088623], [-157.6302948, 118.819396973, -21.1365947723, -12.8851509094, 36.2532157898, -54.6266212463, 40.3933639526, -5.91734695435, 16.9411087036, -41.4999313354, -18.1472110748, -25.5297088623, 122.972679138]],
        "icov": [[0.00198856089264, 0.00031979958294, 0.00232930411585, -0.00125781982206, 0.000521086156368, -0.000972510315478, 0.000686769199092, -0.000944377388805, 0.000963749364018, -0.00127549783792, 0.00183693715371, -0.000355063239112, 0.00128606485669], [0.00031979958294, 0.012966950424, -0.00648771692067, 0.00833776500076, -0.00699094450101, 0.00565939117223, -0.00538774346933, 0.00704093137756, -0.00881854072213, 0.010221786797, -0.00733372010291, 0.00552763370797, -0.000947267515585], [0.00232930411585, -0.00648771692067, 0.00858664140105, -0.00548619031906, 0.00634725764394, -0.00450462847948, 0.00302702910267, -0.00371728767641, 0.00557223707438, -0.00691057415679, 0.00633719423786, -0.00426725158468, 0.00205948576331], [-0.00125781982206, 0.00833776500076, -0.00548619031906, 0.0123115386814, -0.00623725028709, 0.00313002127223, -0.0034056394361, 0.00490978360176, -0.00572988251224, 0.00436629774049, -0.00523766875267, 0.00378537131473, -0.00246151466854], [0.000521086156368, -0.00699094450101, 0.00634725764394, -0.00623725028709, 0.0119289206341, -0.00450161146, 0.00201610475779, 0.000948931265157, 0.00228219223209, -0.0048042377457, 0.0035606760066, -0.00365746160969, -0.000442353397375], [-0.000972510315478, 0.00565939117223, -0.00450462847948, 0.00313002127223, -0.00450161146, 0.0137782823294, -0.00295104226097, 0.00230131484568, -0.00299247447401, 0.00320064276457, -0.00468221353367, 0.00125833624043, 0.00242926296778], [0.000686769199092, -0.00538774346933, 0.00302702910267, -0.0034056394361, 0.00201610475779, -0.00295104226097, 0.0157639514655, -0.00863756798208, 0.00612750090659, -0.000365874904674, 0.000692654284649, -0.000218112880248, -0.0021600923501], [-0.000944377388805, 0.00704093137756, -0.00371728767641, 0.00490978360176, 0.000948931265157, 0.00230131484568, -0.00863756798208, 0.0231968462467, -0.0132337901741, 0.00518969539553, -0.000215429347008, -0.00292759598233, -0.000507240882143], [0.000963749364018, -0.00881854072213, 0.00557223707438, -0.00572988251224, 0.00228219223209, -0.00299247447401, 0.00612750090659, -0.0132337901741, 0.0224287956953, -0.00889713689685, 0.00620625400916, -0.00251430273056, -0.000236717853113], [-0.00127549783792, 0.010221786797, -0.00691057415679, 0.00436629774049, -0.0048042377457, 0.00320064276457, -0.000365874904674, 0.00518969539553, -0.00889713689685, 0.0243551656604, -0.00815801136196, 0.00706597510725, 0.000674137962051], [0.00183693715371, -0.00733372010291, 0.00633719423786, -0.00523766875267, 0.0035606760066, -0.00468221353367, 0.000692654284649, -0.000215429347008, 0.00620625400916, -0.00815801136196, 0.0220438539982, -0.00795188546181, 0.00460767606273], [-0.000355063239112, 0.00552763370797, -0.00426725158468, 0.00378537131473, -0.00365746160969, 0.00125833624043, -0.000218112880248, -0.00292759598233, -0.00251430273056, 0.00706597510725, -0.00795188546181, 0.0198197886348, 0.00110725942068], [0.00128606485669, -0.000947267515585, 0.00205948576331, -0.00246151466854, -0.000442353397375, 0.00242926296778, -0.0021600923501, -0.000507240882143, -0.000236717853113, 0.000674137962051, 0.00460767606273, 0.00110725942068, 0.0138563504443]]
    },
    "melbands": {
        "dmean": [0.000191962797544, 0.000303602777421, 0.000206939628697, 0.000193792191567, 0.000234245453612, 0.000103540318378, 9.01659805095e-05, 2.85178066406e-05, 2.85037822323e-05, 1.7488227968e-05, 2.02691335289e-05, 3.53831710527e-05, 3.73835109713e-06, 5.36846800969e-06, 1.02583326225e-05, 1.09611564767e-05, 1.02852081909e-05, 2.9571392588e-05, 1.92815223272e-05, 1.95463180717e-05, 1.92755869648e-05, 1.61579864653e-05, 2.26746778935e-05, 1.54432982526e-05, 1.42104745464e-05, 1.30548296511e-05, 5.75283547732e-06, 1.26294853544e-05, 2.77872059087e-05, 7.60665625421e-06, 1.5150942545e-06, 7.41632618428e-07, 9.86553573057e-07, 5.85008990583e-07, 3.98524889533e-07, 3.33325886004e-07, 1.03240950011e-07, 6.93244146532e-08, 5.98146598918e-08, 6.37977137785e-08],
        "dmean2": [0.00031530103297, 0.000492482446134, 0.000346526852809, 0.000299975159578, 0.000345634412952, 0.000169755236129, 0.000141594558954, 4.44353718194e-05, 3.87312647945e-05, 2.59027001448e-05, 3.01351883536e-05, 5.29425087734e-05, 6.03060698268e-06, 8.16721330921e-06, 1.5018726117e-05, 1.64666653291e-05, 1.62822598213e-05, 4.50842708233e-05, 2.84933285002e-05, 3.12802876579e-05, 2.92399672617e-05, 2.48104479397e-05, 3.46645138052e-05, 2.38098509726e-05, 2.22263570322e-05, 2.04768584808e-05, 9.39799156185e-06, 1.99228979909e-05, 4.77878274978e-05, 1.31234328364e-05, 2.45830369749e-06, 1.14057513656e-06, 1.51701158302e-06, 9.12542986953e-07, 6.35208493804e-07, 5.08297034685e-07, 1.6018725546e-07, 1.15603278061e-07, 9.96809674803e-08, 1.05558328301e-07],
        "dvar": [4.60943567759e-08, 1.26667643485e-07, 5.98449005906e-08, 4.62551383862e-08, 6.62283596853e-08, 1.12952607267e-08, 9.99978766458e-09, 1.49258672089e-09, 6.45287556722e-09, 1.32334332381e-09, 2.01975902669e-09, 9.23951670728e-09, 4.95515087295e-11, 1.08066028348e-10, 3.8645842082e-10, 4.78928230407e-10, 4.05027483774e-10, 4.16037160278e-09, 1.50720813608e-09, 1.37489186702e-09, 1.25941013174e-09, 7.93144827593e-10, 1.86575443983e-09, 6.0524990575e-10, 8.32616808832e-10, 9.27239895976e-10, 1.30525271147e-10, 1.33725786e-09, 1.2852807707e-08, 6.13428308149e-10, 4.66113909622e-12, 9.72066719652e-13, 1.76816211412e-12, 6.64192496575e-13, 9.12816480389e-13, 3.25169470343e-13, 5.39313568576e-14, 2.82827858627e-14, 1.18268737089e-14, 2.23146425383e-14],
        "dvar2": [1.18242198255e-07, 3.46107100313e-07, 1.72482458538e-07, 9.00010732607e-08, 1.42549922089e-07, 3.02855589496e-08, 2.44737634603e-08, 3.53782336759e-09, 8.96580054643e-09, 1.9903090287e-09, 3.53530937858e-09, 1.49812429129e-08, 1.16059467592e-10, 2.46057424436e-10, 7.07583991399e-10, 8.88597806448e-10, 9.04371466603e-10, 7.93663357257e-09, 3.07071679195e-09, 3.33502470085e-09, 2.65924282594e-09, 1.78743042589e-09, 4.1228398473e-09, 1.4894018241e-09, 1.97491667464e-09, 2.09570449883e-09, 3.45842465777e-10, 2.95307955867e-09, 3.27791376264e-08, 1.68854630278e-09, 1.19044401073e-11, 2.07587592949e-12, 3.88509710514e-12, 1.61955518441e-12, 2.37285993805e-12, 7.33846523045e-13, 1.33162198716e-13, 7.77897169423e-14, 3.30869703922e-14, 6.10692730109e-14],
        "max": [0.00422775372863, 0.00658430857584, 0.00323330331594, 0.00449383771047, 0.00310683134012, 0.00106060283724, 0.000945825537201, 0.000730809872039, 0.00228829844855, 0.00155089306645, 0.000974420108832, 0.00243638735265, 0.000117331524962, 0.000213581050048, 0.000531035126187, 0.000487098732265, 0.000374208641006, 0.00141123181675, 0.000747514190152, 0.000705895479769, 0.00111025234219, 0.000586996146012, 0.000695342663676, 0.000327667425154, 0.000549013668206, 0.000812320911791, 0.000250270357355, 0.000734440924134, 0.00180557183921, 0.000410971930251, 3.6590059608e-05, 1.78893224074e-05, 1.68542374013e-05, 1.32799050334e-05, 2.16597745748e-05, 1.35274431159e-05, 3.8867137846e-06, 2.82453288492e-06, 1.71933936599e-06, 3.01808358927e-06],
        "mean": [0.000414926820667, 0.00060203805333, 0.000409442785894, 0.000496816996019, 0.000531086116098, 0.000211886654142, 0.000194542328245, 6.119239697e-05, 6.23157757218e-05, 3.84425875382e-05, 3.99193268095e-05, 5.65642076253e-05, 6.76134368405e-06, 1.07830528577e-05, 2.65601884166e-05, 2.5897688829e-05, 1.8348249796e-05, 5.35894796485e-05, 3.92336805817e-05, 3.47073328157e-05, 4.12272420363e-05, 3.61884740414e-05, 4.77640714962e-05, 3.04591612803e-05, 2.59324806393e-05, 2.41405559791e-05, 1.02071580841e-05, 1.9439145035e-05, 3.7175075704e-05, 1.08654621727e-05, 2.88773298962e-06, 1.53116252477e-06, 1.98252041628e-06, 1.14372687676e-06, 7.95656660557e-07, 6.95668063599e-07, 1.71164145968e-07, 9.71524798388e-08, 7.51253566023e-08, 7.8375585133e-08],
        "median": [0.000316474179272, 0.000451813975815, 0.000308013346512, 0.000345348002156, 0.000410559878219, 0.000180863309652, 0.000154047869728, 3.96754076064e-05, 1.87480109162e-05, 1.42031021824e-05, 1.63678723766e-05, 2.36650430452e-05, 3.80884921469e-06, 4.46340845883e-06, 7.36775564292e-06, 8.33030480862e-06, 6.20809532847e-06, 1.68616024894e-05, 1.44930863826e-05, 1.71353240148e-05, 1.53472428792e-05, 1.39894345921e-05, 1.63522236107e-05, 1.71566916833e-05, 1.30761154651e-05, 1.12084599095e-05, 4.81478946313e-06, 5.8897639974e-06, 6.32781211607e-06, 3.39683265338e-06, 1.86520048828e-06, 9.37863092076e-07, 1.37819404245e-06, 8.36241156321e-07, 6.18017111265e-07, 5.29731039478e-07, 9.05928700945e-08, 5.11304705242e-08, 4.19786907457e-08, 4.66267486843e-08],
