{
"highlevel": {
    "danceability": {
        "all": {
            "danceable": 0.0342336110771,
            "not_danceable": 0.965766370296
        },
        "probability": 0.965766370296,
        "value": "not_danceable"
    },
    "gender": {
        "all": {
            "female": 0.489448904991,
            "male": 0.510551095009
        },
        "probability": 0.510551095009,
        "value": "male"
    },
    "genre_dortmund": {
        "all": {
            "alternative": 0.156847134233,
            "blues": 0.0531341396272,
            "electronic": 0.0166828520596,
            "folkcountry": 0.245408967137,
            "funksoulrnb": 0.0167376268655,
            "jazz": 0.00981938559562,
            "pop": 0.0474385879934,
            "raphiphop": 0.000956643198151,
            "rock": 0.452974647284
        },
        "probability": 0.452974647284,
        "value": "rock"
    },
    "genre_electronic": {
        "all": {
            "ambient": 0.377668321133,
            "dnb": 0.486457794905,
            "house": 0.0247488562018,
            "techno": 0.0055453828536,
            "trance": 0.105579636991
        },
        "probability": 0.486457794905,
        "value": "dnb"
    },
    "genre_rosamerica": {
        "all": {
            "cla": 0.0434536710382,
            "dan": 0.00709550222382,
            "hip": 0.0102841854095,
            "jaz": 0.0033871862106,
            "pop": 0.0389774106443,
            "rhy": 0.00551275163889,
            "roc": 0.890374660492,
            "spe": 0.00091464741854
        },
        "probability": 0.890374660492,
        "value": "roc"
    },
    "genre_tzanetakis": {
        "all": {
            "blu": 0.0626613423228,
            "cla": 0.0348169617355,
            "cou": 0.104475811124,
            "dis": 0.0784321576357,
            "hip": 0.15692435205,
            "jaz": 0.313974827528,
            "met": 0.0448166541755,
            "pop": 0.0627359300852,
            "reg": 0.0627360641956,
            "roc": 0.0784258767962
        },
        "probability": 0.313974827528,
        "value": "jaz"
    },
    "ismir04_rhythm": {
        "all": {
            "ChaChaCha": 0.120270006359,
            "Jive": 0.829885005951,
            "Quickstep": 0.00219785864465,
            "Rumba-American": 0.000863985391334,
            "Rumba-International": 0.00122017262038,
            "Rumba-Misc": 0.000218967135879,
            "Samba": 0.0164135694504,
            "Tango": 0.000981298624538,
            "VienneseWaltz": 0.0276446957141,
            "Waltz": 0.000304410845274
        },
        "probability": 0.829885005951,
        "value": "Jive"
    },
    "mood_acoustic": {
        "all": {
            "acoustic": 1.38644088565e-06,
            "not_acoustic": 0.999998629093
        },
        "probability": 0.999998629093,
        "value": "not_acoustic"
    },
    "mood_aggressive": {
        "all": {
            "aggressive": 0.749147117138,
            "not_aggressive": 0.250852882862
        },
        "probability": 0.749147117138,
        "value": "aggressive"
    },
    "mood_electronic": {
        "all": {
            "electronic": 0.316710591316,
            "not_electronic": 0.683289408684
        },
        "probability": 0.683289408684,
        "value": "not_electronic"
    },
    "mood_happy": {
        "all": {
            "happy": 0.840300440788,
            "not_happy": 0.159699574113
        },
        "probability": 0.840300440788,
        "value": "happy"
    },
    "mood_party": {
        "all": {
            "not_party": 0.455600142479,
            "party": 0.544399857521
        },
        "probability": 0.544399857521,
        "value": "party"
    },
    "mood_relaxed": {
        "all": {
            "not_relaxed": 0.970842957497,
            "relaxed": 0.0291570387781
        },
        "probability": 0.970842957497,
        "value": "not_relaxed"
    },
    "mood_sad": {
        "all": {
            "not_sad": 0.933173060417,
            "sad": 0.066826954484
        },
        "probability": 0.933173060417,
        "value": "not_sad"
    },
    "moods_mirex": {
        "all": {
            "Cluster1": 0.238230228424,
            "Cluster2": 0.152447804809,
            "Cluster3": 0.132066532969,
            "Cluster4": 0.0988437011838,
            "Cluster5": 0.378411740065
        },
        "probability": 0.378411740065,
        "value": "Cluster5"
    },
    "timbre": {
        "all": {
            "bright": 0.831388235092,
            "dark": 0.16861179471
        },
        "probability": 0.831388235092,
        "value": "bright"
    },
    "tonal_atonal": {
        "all": {
            "atonal": 0.248202845454,
            "tonal": 0.751797139645
        },
        "probability": 0.751797139645,
        "value": "tonal"
    },
    "voice_instrumental": {
        "all": {
            "instrumental": 0.0503260940313,
            "voice": 0.949673891068
        },
        "probability": 0.949673891068,
        "value": "voice"
    }
},
"lowlevel": {
    "average_loudness": 0.971659719944,
    "barkbands_crest": {
        "dmean": 1.93018090725,
        "dmean2": 3.25054717064,
        "dvar": 3.67867469788,
        "dvar2": 10.346455574,
        "max": 17.8063621521,
        "mean": 5.93714380264,
        "median": 5.339366436,
        "min": 2.27575445175,
        "var": 6.45046186447
    },
    "barkbands_flatness_db": {
        "dmean": 0.0134663432837,
        "dmean2": 0.0207799300551,
        "dvar": 0.000137659677421,
        "dvar2": 0.000320642138831,
        "max": 0.182035282254,
        "mean": 0.0832715332508,
        "median": 0.0802563279867,
        "min": 0.033023044467,
        "var": 0.000721640652046
    },
    "barkbands_kurtosis": {
        "dmean": 0.559065282345,
        "dmean2": 0.920898556709,
        "dvar": 0.711161911488,
        "dvar2": 1.7720849514,
        "max": 13.1972007751,
        "mean": -0.781682491302,
        "median": -1.13594865799,
        "min": -1.81102919579,
        "var": 1.33790194988
    },
    "barkbands_skewness": {
        "dmean": 0.389109522104,
        "dmean2": 0.624414086342,
        "dvar": 0.144095793366,
        "dvar2": 0.371814250946,
        "max": 2.64594721794,
        "mean": -0.0600228831172,
        "median": -0.0587108917534,
        "min": -3.51415467262,
        "var": 0.494513303041
    },
    "barkbands_spread": {
        "dmean": 6.29189872742,
        "dmean2": 9.88961315155,
        "dvar": 36.9870033264,
        "dvar2": 84.6522674561,
        "max": 101.784408569,
        "mean": 43.5833625793,
        "median": 44.0666999817,
        "min": 10.6428785324,
        "var": 144.788192749
    },
    "dissonance": {
        "dmean": 0.00726183922961,
        "dmean2": 0.0124835837632,
        "dvar": 4.36134214397e-05,
        "dvar2": 0.000124088517623,
        "max": 0.499857395887,
        "mean": 0.485994815826,
        "median": 0.487482279539,
        "min": 0.434276103973,
        "var": 7.75056178099e-05
    },
    "dynamic_complexity": 1.18651795387,
    "erbbands_crest": {
        "dmean": 2.03129386902,
        "dmean2": 3.31039476395,
        "dvar": 4.18183279037,
        "dvar2": 10.8335580826,
        "max": 23.8565273285,
        "mean": 7.48337888718,
        "median": 6.82670450211,
        "min": 2.51002025604,
        "var": 9.90848064423
    },
    "erbbands_flatness_db": {
        "dmean": 0.0141504686326,
        "dmean2": 0.021020911634,
        "dvar": 0.000167078134837,
        "dvar2": 0.00034149774001,
        "max": 0.274645447731,
        "mean": 0.142583906651,
        "median": 0.1370434165,
        "min": 0.0687333345413,
        "var": 0.00124088802841
    },
    "erbbands_kurtosis": {
        "dmean": 0.914070904255,
        "dmean2": 1.44843113422,
        "dvar": 1.05822885036,
        "dvar2": 2.46868276596,
        "max": 14.2759075165,
        "mean": 1.15241456032,
        "median": 0.608875989914,
        "min": -1.3846770525,
        "var": 3.64926838875
    },
    "erbbands_skewness": {
        "dmean": 0.266840338707,
        "dmean2": 0.40995362401,
        "dvar": 0.0578452721238,
        "dvar2": 0.132828056812,
        "max": 0.99885815382,
        "mean": -0.782274782658,
        "median": -0.74052631855,
        "min": -2.64257788658,
        "var": 0.261910051107
    },
    "erbbands_spread": {
        "dmean": 6.62205982208,
        "dmean2": 10.3408956528,
        "dvar": 40.2567863464,
        "dvar2": 93.4883804321,
        "max": 90.7858810425,
        "mean": 33.6481704712,
        "median": 32.7428741455,
        "min": 5.77262926102,
        "var": 192.762084961
    },
    "hfc": {
        "dmean": 7.76295375824,
        "dmean2": 10.3836984634,
        "dvar": 86.9513931274,
        "dvar2": 169.647323608,
        "max": 204.722961426,
        "mean": 35.5648345947,
        "median": 32.4447479248,
        "min": 2.07551646233,
        "var": 491.101409912
    },
    "melbands_crest": {
        "dmean": 3.30570721626,
        "dmean2": 5.70985746384,
        "dvar": 11.704662323,
        "dvar2": 33.6327552795,
        "max": 24.8996582031,
        "mean": 9.37743759155,
        "median": 8.55988693237,
        "min": 2.48717808723,
        "var": 15.7553348541
    },
    "melbands_flatness_db": {
        "dmean": 0.0189861506224,
        "dmean2": 0.0307508930564,
        "dvar": 0.00037801254075,
        "dvar2": 0.000997158582322,
        "max": 0.225770547986,
        "mean": 0.0919594913721,
        "median": 0.0878027975559,
        "min": 0.0226070936769,
        "var": 0.000996125279926
    },
    "melbands_kurtosis": {
        "dmean": 1.87955403328,
        "dmean2": 3.20303797722,
        "dvar": 10.1311788559,
        "dvar2": 27.9798660278,
        "max": 38.4146270752,
        "mean": 1.45548355579,
        "median": 0.384327173233,
        "min": -1.76082158089,
        "var": 13.0457220078
    },
    "melbands_skewness": {
        "dmean": 0.526064693928,
        "dmean2": 0.862971186638,
        "dvar": 0.296628147364,
        "dvar2": 0.791359305382,
        "max": 5.82388782501,
        "mean": 1.2383544445,
        "median": 1.17193293571,
        "min": -1.36863982677,
        "var": 0.806656956673
    },
    "melbands_spread": {
        "dmean": 13.4166402817,
        "dmean2": 21.4901866913,
        "dvar": 166.004165649,
        "dvar2": 425.004699707,
        "max": 190.367538452,
        "mean": 69.2031707764,
        "median": 68.8051986694,
        "min": 9.11990356445,
        "var": 520.614990234
    },
    "pitch_salience": {
        "dmean": 0.061667136848,
        "dmean2": 0.102571107447,
        "dvar": 0.003283389844,
        "dvar2": 0.00935433059931,
        "max": 0.838195085526,
        "mean": 0.614219307899,
        "median": 0.620497465134,
        "min": 0.294373244047,
        "var": 0.00650531565771
    },
    "silence_rate_20dB": {
        "dmean": 0,
        "dmean2": 0,
        "dvar": 0,
        "dvar2": 0,
        "max": 1,
        "mean": 1,
        "median": 1,
        "min": 1,
        "var": 0
    },
    "silence_rate_30dB": {
        "dmean": 0,
        "dmean2": 0,
        "dvar": 0,
        "dvar2": 0,
        "max": 1,
        "mean": 1,
        "median": 1,
        "min": 1,
        "var": 0
    },
    "silence_rate_60dB": {
        "dmean": 0.00232198135927,
        "dmean2": 0.00387296662666,
        "dvar": 0.00231660692953,
        "dvar2": 0.00540708610788,
        "max": 1,
        "mean": 0.00154679035768,
        "median": 0,
        "min": 0,
        "var": 0.00154438940808
    },
    "spectral_centroid": {
        "dmean": 203.117340088,
        "dmean2": 319.446990967,
        "dvar": 38021.0742188,
        "dvar2": 96676.7265625,
        "max": 4953.03417969,
        "mean": 2610.76123047,
        "median": 2665.04052734,
        "min": 659.844360352,
        "var": 146317.71875
    },
    "spectral_complexity": {
        "dmean": 4.17724466324,
        "dmean2": 6.11309051514,
        "dvar": 14.7696266174,
        "dvar2": 27.8865623474,
        "max": 51,
        "mean": 27.9040985107,
        "median": 28,
        "min": 5,
        "var": 71.279296875
    },
    "spectral_decrease": {
        "dmean": 8.0733791874e-10,
        "dmean2": 1.25516352867e-09,
        "dvar": 7.52117797674e-19,
        "dvar2": 1.89739991717e-18,
        "max": -4.61299470844e-10,
        "mean": -3.40059580495e-09,
        "median": -3.31172067547e-09,
        "min": -8.26352319905e-09,
        "var": 1.72502209496e-18
    },
    "spectral_energy": {
        "dmean": 0.00347290583886,
        "dmean2": 0.00524381129071,
        "dvar": 1.21336152006e-05,
        "dvar2": 2.88589326374e-05,
        "max": 0.0380533188581,
        "mean": 0.0160604324192,
        "median": 0.0157089773566,
        "min": 0.00206123641692,
        "var": 3.67556967831e-05
    },
    "spectral_energyband_high": {
        "dmean": 0.000589588074945,
        "dmean2": 0.000756709836423,
        "dvar": 8.21380808702e-07,
        "dvar2": 1.57725048666e-06,
        "max": 0.020671794191,
        "mean": 0.00208519399166,
        "median": 0.00158114242367,
        "min": 4.32967863162e-05,
        "var": 4.52382710137e-06
    },
    "spectral_energyband_low": {
        "dmean": 0.00182406825479,
        "dmean2": 0.00319735123776,
        "dvar": 9.28944791667e-06,
        "dvar2": 2.63111433014e-05,
        "max": 0.0244029201567,
        "mean": 0.00271634152159,
        "median": 0.00194531935267,
        "min": 2.07921839319e-05,
        "var": 8.54571590025e-06
    },
    "spectral_energyband_middle_high": {
        "dmean": 0.0018566546496,
        "dmean2": 0.00271637993865,
        "dvar": 3.61906836588e-06,
        "dvar2": 7.70047427068e-06,
        "max": 0.0269824527204,
        "mean": 0.00760590657592,
        "median": 0.00710442382842,
        "min": 0.000490586971864,
        "var": 1.89488673641e-05
    },
    "spectral_energyband_middle_low": {
        "dmean": 0.00149371149018,
        "dmean2": 0.00243868445978,
        "dvar": 3.15066176881e-06,
        "dvar2": 8.03225339041e-06,
        "max": 0.0178379956633,
        "mean": 0.0042061121203,
        "median": 0.00372177711688,
        "min": 0.000311593932565,
        "var": 6.56563406665e-06
    },
    "spectral_entropy": {
        "dmean": 0.107909172773,
        "dmean2": 0.155345335603,
        "dvar": 0.00953744724393,
        "dvar2": 0.0169230718166,
        "max": 8.63848590851,
        "mean": 7.87573194504,
        "median": 7.89150524139,
        "min": 6.79127979279,
        "var": 0.0730161592364
    },
    "spectral_flux": {
        "dmean": 0.0136055676267,
        "dmean2": 0.020612411201,
        "dvar": 0.000164602490258,
        "dvar2": 0.000353814015398,
        "max": 0.150574311614,
        "mean": 0.0757641345263,
        "median": 0.0748630687594,
        "min": 0.0168594196439,
        "var": 0.000482793431729
    },
    "spectral_kurtosis": {
        "dmean": 0.973904192448,
        "dmean2": 1.54663383961,
        "dvar": 1.03205013275,
        "dvar2": 2.61862897873,
        "max": 13.9440631866,
        "mean": 3.61003470421,
        "median": 3.34261846542,
        "min": -1.1582763195,
        "var": 3.59341573715
    },
    "spectral_rms": {
        "dmean": 0.000429111503763,
        "dmean2": 0.000638967147097,
        "dvar": 1.69250768067e-07,
        "dvar2": 3.86937017538e-07,
        "max": 0.00609304429963,
        "mean": 0.00388390175067,
        "median": 0.00391482189298,
        "min": 0.00141808402259,
        "var": 5.84081760735e-07
    },
    "spectral_rolloff": {
        "dmean": 617.746643066,
        "dmean2": 984.573791504,
        "dvar": 865015.0625,
        "dvar2": 1823431.5,
        "max": 12080.1269531,
        "mean": 4030.20727539,
        "median": 3488.37890625,
        "min": 387.59765625,
        "var": 2858318.75
    },
    "spectral_skewness": {
        "dmean": 0.14395584166,
        "dmean2": 0.234542831779,
        "dvar": 0.0182907078415,
        "dvar2": 0.0448273532093,
        "max": 2.89837431908,
        "mean": 1.31022155285,
        "median": 1.32829022408,
        "min": 0.254560112953,
        "var": 0.0623631589115
    },
    "spectral_spread": {
        "dmean": 515007.15625,
        "dmean2": 717694.25,
        "dvar": 281916637184,
        "dvar2": 439004987392,
        "max": 11749673,
        "mean": 4745838,
        "median": 4592804.5,
        "min": 1933162.125,
        "var": 2.0905394176e+12
    },
    "spectral_strongpeak": {
        "dmean": 1.15611374378,
        "dmean2": 2.00999140739,
        "dvar": 3.12474370003,
        "dvar2": 7.70938062668,
        "max": 14.1866874695,
        "mean": 1.53127670288,
        "median": 0.425458788872,
        "min": 0,
        "var": 5.17301988602
    },
    "zerocrossingrate": {
        "dmean": 0.0119874561206,
        "dmean2": 0.0136128729209,
        "dvar": 0.00017806168762,
        "dvar2": 0.000164547600434,
        "max": 0.4130859375,
        "mean": 0.123622015119,
        "median": 0.1181640625,
        "min": 0.0341796875,
        "var": 0.00163577240892
    },
    "barkbands": {
        "dmean": [2.34189956245e-05, 0.0006079984596, 0.00124686048366, 0.000498590059578, 0.000823881069664, 0.000450658873888, 0.000169827166246, 0.000143569501233, 0.000326669833157, 0.000238132706727, 0.000195769534912, 0.000151742278831, 0.000188907331903, 0.000299438746879, 0.000263796653599, 0.000359495839803, 0.000583175569773, 0.000729093444534, 0.000763412041124, 0.000210211379454, 0.000144250006997, 0.000131364213303, 0.000105476334284, 0.000154290115461, 0.000146787424455, 4.81718525407e-05, 2.58205403725e-07],
        "dmean2": [3.86390711355e-05, 0.0010427266825, 0.00222990987822, 0.000876274134498, 0.00135822466109, 0.000752700318117, 0.000277871004073, 0.000231626298046, 0.000490981445182, 0.000373590912204, 0.000319621321978, 0.000246285635512, 0.000301233550999, 0.00046986938105, 0.000416345457779, 0.000582258682698, 0.000917034223676, 0.00116552889813, 0.00121428747661, 0.000339428748703, 0.000223076553084, 0.000199979403988, 0.000154059802298, 0.000221062728087, 0.00020462097018, 6.74768889439e-05, 4.48635887551e-07],
        "dvar": [3.40671979515e-09, 8.49281150295e-07, 4.90910088047e-06, 3.10474291609e-07, 2.03012427846e-06, 3.42277559184e-07, 7.03156572968e-08, 6.99064557352e-08, 2.56294583778e-07, 1.53825567395e-07, 1.20686124205e-07, 3.90313452669e-08, 1.29080007127e-07, 1.81448186254e-07, 1.1388856791e-07, 2.08368845733e-07, 4.37434891865e-07, 8.77687000411e-07, 1.31749357024e-06, 6.61381136524e-08, 2.5867635145e-08, 2.46480755806e-08, 1.69391256577e-08, 9.52107725993e-08, 2.09257080996e-07, 1.89516669025e-08, 9.0967804036e-13],
        "dvar2": [8.09529687729e-09, 2.36613209381e-06, 1.39718113132e-05, 9.22327558328e-07, 5.34600303581e-06, 9.14059114621e-07, 1.82540219384e-07, 1.67409638152e-07, 5.69719247778e-07, 3.74498853262e-07, 3.35631682447e-07, 9.26253562739e-08, 3.22371363382e-07, 4.48041902246e-07, 2.44042723807e-07, 5.18186880072e-07, 1.09592917852e-06, 2.03205991056e-06, 3.18705951941e-06, 1.7116285278e-07, 6.0744014263e-08, 5.39040065917e-08, 3.64209888915e-08, 2.21740620532e-07, 3.92129010152e-07, 3.35215553093e-08, 2.65175511757e-12],
        "max": [0.0013297010446, 0.00746393064037, 0.0171463768929, 0.00433155149221, 0.0135296396911, 0.0100784311071, 0.00337640056387, 0.00431263400242, 0.00965675339103, 0.00463142246008, 0.00592856202275, 0.00263502146117, 0.00625233259052, 0.00533375190571, 0.00446477066725, 0.00629343930632, 0.00908920168877, 0.0123324627057, 0.0154699767008, 0.00408976757899, 0.00230244873092, 0.00209412607364, 0.00160040403716, 0.00600302917883, 0.0112188486382, 0.00423086993396, 1.7183021555e-05],
        "mean": [2.35295538005e-05, 0.000949236913584, 0.00131933554076, 0.000695480208378, 0.00131569907535, 0.000844751019031, 0.000313772325171, 0.000226575066335, 0.0006051028613, 0.000432787608588, 0.000309758179355, 0.000281974062091, 0.000313924421789, 0.000535789236892, 0.000489980971906, 0.000681282079313, 0.00126006896608, 0.00149856472854, 0.00161480123643, 0.000483156676637, 0.000362358754501, 0.000343933788827, 0.000292613985948, 0.000385496037779, 0.000367276137695, 0.000112857531349, 2.78671109299e-07],
        "median": [8.03536750027e-06, 0.000691537978128, 0.000626027816907, 0.000491201295517, 0.000700152246282, 0.000567526032683, 0.000183772441233, 9.30311289267e-05, 0.000371098547475, 0.000220695423195, 0.000152116117533, 0.000182493648026, 0.000158057548106, 0.000310287345201, 0.000336361845257, 0.00051477184752, 0.000995941576548, 0.00108016713057, 0.0010957600316, 0.000402282981668, 0.000296092999633, 0.000240010311245, 0.000210176600376, 0.000238437845837, 0.000158809722052, 5.0505521358e-05, 1.51937431525e-08],
        "min": [2.78947664967e-09, 4.00739622819e-07, 4.2343953055e-07, 1.22976798593e-05, 7.66975699662e-06, 1.32727809614e-05, 3.52589609065e-06, 2.09735708268e-06, 1.67888338183e-05, 1.49290599438e-06, 2.41467023443e-06, 5.14426483278e-06, 3.0741161936e-06, 5.34385799256e-06, 1.54283643496e-05, 2.39949877141e-05, 1.8349781385e-05, 3.08896997012e-05, 3.24980610458e-05, 9.5877876447e-06, 8.10133951745e-06, 6.14595182924e-06, 5.27996144228e-06, 5.2372670325e-06, 1.21705204492e-06, 1.14031550869e-09, 3.28256063824e-12],
        "var": [3.74097552935e-09, 9.86025952443e-07, 4.00571479986e-06, 4.3374907932e-07, 3.08459175358e-06, 7.26957409825e-07, 1.49303616581e-07, 1.41095910067e-07, 5.39892369034e-07, 3.38352521112e-07, 2.32989279425e-07, 9.74571676693e-08, 2.24068074317e-07, 4.08233773896e-07, 2.66570680196e-07, 3.9908215399e-07, 1.01776186057e-06, 2.17504543798e-06, 2.81263760371e-06, 1.22061493357e-07, 7.29924423126e-08, 9.94760114281e-08, 6.94525468248e-08, 3.08966860985e-07, 9.14122892937e-07, 7.1755160036e-08, 1.02098136803e-12]
    },
    "erbbands": {
        "dmean": [0.010353833437, 0.175106987357, 1.16251194477, 1.60879981518, 2.22815346718, 2.83320403099, 3.33533763885, 3.38107514381, 2.66851520538, 3.03936553001, 3.55299782753, 8.53448486328, 7.08030796051, 6.33160018921, 6.46369314194, 7.126329422, 8.09212589264, 14.3400325775, 10.8611907959, 16.8006572723, 23.100233078, 28.0326099396, 37.9694709778, 44.3205795288, 26.3723659515, 9.91331958771, 7.27555608749, 5.31963396072, 4.66830635071, 3.8555586338, 3.00894021988, 3.48484778404, 2.54545736313, 1.9713960886, 0.941409349442, 0.3228315413, 0.0745840594172, 0.00620564352721, 0.00013518515334, 1.26112599901e-05],
        "dmean2": [0.017785385251, 0.302598685026, 2.08335351944, 2.8104929924, 3.71074199677, 4.63337087631, 5.45799541473, 5.66307401657, 4.56469964981, 5.04095935822, 5.54917573929, 12.7951383591, 10.9166870117, 9.85918235779, 10.5572900772, 11.4283514023, 12.7653388977, 22.7886047363, 16.594493866, 26.319568634, 37.4917449951, 44.253692627, 59.6258354187, 70.9697036743, 41.462272644, 15.7537879944, 11.3766622543, 8.24054718018, 7.20723152161, 5.65706920624, 4.4076962471, 5.21391916275, 3.55165863037, 2.84165501595, 1.33015191555, 0.441150903702, 0.10737529397, 0.00940261036158, 0.000197689703782, 1.72785203176e-05],
        "dvar": [0.000184232165338, 0.080847427249, 4.56066989899, 4.43369674683, 15.7391796112, 24.0648498535, 23.6178398132, 20.1324157715, 16.0958595276, 26.3247909546, 45.0917778015, 200.751312256, 127.317153931, 123.293998718, 111.406669617, 90.684135437, 278.432769775, 446.00692749, 235.206558228, 438.743286133, 811.112060547, 1335.39831543, 2892.55175781, 4892.35253906, 1209.88012695, 153.132339478, 75.6390533447, 34.2072486877, 31.4644927979, 23.4276351929, 15.1869287491, 42.5232505798, 27.9044876099, 47.1903610229, 7.38730812073, 0.989096999168, 0.0275788642466, 0.00014735138393, 8.96403733464e-08, 7.05517866351e-10],
        "dvar2": [0.000501305214129, 0.227852225304, 13.0805215836, 12.3137578964, 40.2698478699, 63.9516677856, 66.9267501831, 55.0601081848, 43.1802368164, 67.1485137939, 107.382720947, 448.016662598, 294.079345703, 281.794769287, 283.077087402, 214.547668457, 692.730957031, 1105.90490723, 558.327636719, 1054.25646973, 2069.28613281, 3331.68481445, 6757.34912109, 12039.3623047, 2678.68969727, 397.482971191, 190.322769165, 80.0705032349, 72.6827545166, 51.8522834778, 33.9986991882, 104.876091003, 62.55286026, 97.7247619629, 13.1843214035, 1.65594303608, 0.0529072284698, 0.000318237784086, 1.82154508366e-07, 1.48663481525e-09],
        "max": [0.124526374042, 2.23660802841, 14.8120803833, 20.8190555573, 40.513381958, 60.0614624023, 65.1675109863, 63.7517089844, 61.7932701111, 98.8517913818, 88.6463470459, 279.116149902, 121.13483429, 179.688873291, 215.652359009, 112.134841919, 310.327850342, 251.524002075, 257.689025879, 323.251251221, 299.797485352, 632.542114258, 683.637512207, 1158.37402344, 525.154602051, 185.223770142, 124.667251587, 67.2533493042, 67.5539932251, 62.7422523499, 45.5436553955, 112.193756104, 133.239700317, 169.321899414, 66.7780456543, 31.4286689758, 4.57362318039, 0.353770703077, 0.0087737813592, 0.000669320172165],
        "mean": [0.0172031037509, 0.261170655489, 1.24427723885, 2.32990932465, 3.11527037621, 4.42175245285, 5.8783993721, 6.55993652344, 5.1162314415, 4.91789913177, 6.46352338791, 15.602432251, 13.838932991, 12.0705547333, 11.357960701, 13.8101673126, 14.5482025146, 26.6368103027, 21.5866470337, 33.0849723816, 49.8265113831, 65.4025192261, 82.4323272705, 90.8655853271, 58.5892791748, 24.3443775177, 17.3456859589, 13.2541780472, 11.931848526, 10.4166069031, 8.23427200317, 8.23491954803, 6.19584417343, 4.65882730484, 2.26879930496, 0.744688034058, 0.169024541974, 0.0117444442585, 0.000302695611026, 4.58045578853e-05],
        "median": [0.0118862586096, 0.185100138187, 0.650506258011, 1.58743393421, 1.60872423649, 2.240473032, 3.71352720261, 4.21698951721, 2.65097355843, 2.61155653, 3.36557435989, 9.5723695755, 7.19608688354, 5.84591722488, 6.86270570755, 8.98053646088, 8.11573791504, 15.5373849869, 14.8944206238, 25.1365184784, 37.9997673035, 53.1469078064, 58.9327697754, 60.0613975525, 43.9470214844, 20.712638855, 14.1149702072, 11.1823196411, 8.31631088257, 7.24426603317, 5.99240398407, 5.37634754181, 3.48902225494, 2.07616519928, 0.962993144989, 0.30590981245, 0.0824832990766, 0.00550606055185, 0.000141578333569, 3.44818472513e-05],
        "min": [3.06180991174e-05, 0.000223104259931, 0.00528867403045, 0.0307315289974, 0.0282247867435, 0.0394336357713, 0.0879253521562, 0.110791884363, 0.0865685120225, 0.0739877820015, 0.130207151175, 0.363523930311, 0.414182573557, 0.150537908077, 0.273424685001, 0.346143364906, 0.862478256226, 0.52239382267, 0.509546160698, 1.62596309185, 1.3531652689, 1.16596066952, 1.90757775307, 1.4701218605, 1.15150809288, 0.516145050526, 0.361547470093, 0.316249012947, 0.179681792855, 0.175008058548, 0.130241274834, 0.124851480126, 0.0333470925689, 0.0159032568336, 0.00744588952512, 0.00109484198038, 4.99379093526e-05, 7.33285014576e-06, 3.25800715473e-06, 4.51102505394e-06],
        "var": [0.000304321263684, 0.0823551490903, 3.49091529846, 5.48895025253, 20.0686645508, 46.7486038208, 41.4191017151, 46.6036643982, 48.022644043, 52.1530609131, 87.4302444458, 403.762969971, 297.477172852, 358.882232666, 250.487670898, 224.172607422, 433.258026123, 992.665283203, 492.738311768, 952.245666504, 1739.88708496, 2653.98120117, 6576.10351562, 9794.86425781, 2864.23364258, 287.514221191, 181.968917847, 90.7741165161, 112.078140259, 100.624214172, 56.286857605, 104.368133545, 111.895904541, 167.148971558, 34.6335716248, 4.17832708359, 0.102771647274, 0.000425711506978, 2.97657379633e-07, 2.64909072456e-09]
    },
    "gfcc": {
        "mean": [38.2586898804, 40.0186500549, -133.048721313, 51.8074417114, -57.0446472168, 15.3628778458, -50.3801460266, 20.8613395691, -32.6018829346, -1.7696377039, -20.1836776733, 1.3612858057, -14.0216779709],
        "cov": [[997.324279785, -474.203277588, 234.233215332, -127.651603699, -51.147567749, 109.862167358, -34.4705505371, 6.37184667587, -56.211730957, 57.3305130005, -86.1204071045, 68.5616378784, -70.9578170776], [-474.203277588, 652.4921875, -175.98979187, 158.283828735, 83.9494476318, -84.9499282837, 71.1187057495, -26.1250724792, 54.98695755, -54.368434906, 73.8943634033, -41.5428085327, 56.2955436707], [234.233215332, -175.98979187, 479.372680664, -31.0785484314, -31.6543235779, 79.6030349731, -58.8335990906, 22.6881389618, -21.6586284637, 59.4298744202, -61.754989624, 58.6826515198, -21.1798362732], [-127.651603699, 158.283828735, -31.0785484314, 198.156509399, 57.9774093628, -1.11775004864, 33.751789093, -7.46242952347, 24.5122489929, -25.2210426331, 40.7904434204, -9.92263221741, 46.0216064453], [-51.147567749, 83.9494476318, -31.6543235779, 57.9774093628, 153.414794922, 14.3828639984, 37.2717056274, 26.4628868103, 8.40884208679, -5.98844385147, 11.6930847168, 14.7818078995, 6.82666635513], [109.862167358, -84.9499282837, 79.6030349731, -1.11775004864, 14.3828639984, 119.944381714, 45.2063102722, 22.4137535095, -9.88029956818, 5.84295511246, -12.7261018753, 6.98028278351, 3.85347938538], [-34.4705505371, 71.1187057495, -58.8335990906, 33.751789093, 37.2717056274, 45.2063102722, 130.428588867, 32.69480896, 15.1160383224, -4.56208944321, 7.39262628555, -6.81478786469, -4.14451599121], [6.37184667587, -26.1250724792, 22.6881389618, -7.46242952347, 26.4628868103, 22.4137535095, 32.69480896, 87.0920181274, 36.1670875549, 18.294424057, -0.591601788998, -5.27469587326, -8.51494789124], [-56.211730957, 54.98695755, -21.6586284637, 24.5122489929, 8.40884208679, -9.88029956818, 15.1160383224, 36.1670875549, 74.3990325928, 23.60131073, 6.42499685287, -13.0583333969, 1.17344689369], [57.3305130005, -54.368434906, 59.4298744202, -25.2210426331, -5.98844385147, 5.84295511246, -4.56208944321, 18.294424057, 23.60131073, 70.9622497559, 13.650015831, 15.6236314774, -13.5088195801], [-86.1204071045, 73.8943634033, -61.754989624, 40.7904434204, 11.6930847168, -12.7261018753, 7.39262628555, -0.591601788998, 6.42499685287, 13.650015831, 78.8495101929, 14.2025222778, 19.5378360748], [68.5616378784, -41.5428085327, 58.6826515198, -9.92263221741, 14.7818078995, 6.98028278351, -6.81478786469, -5.27469587326, -13.0583333969, 15.6236314774, 14.2025222778, 72.252532959, 16.2598152161], [-70.9578170776, 56.2955436707, -21.1798362732, 46.0216064453, 6.82666635513, 3.85347938538, -4.14451599121, -8.51494789124, 1.17344689369, -13.5088195801, 19.5378360748, 16.2598152161, 70.5042495728]],
        "icov": [[0.00186450174078, 0.000699584197719, 0.000291917967843, -0.000552737619728, 0.000435092195403, -0.00128090812359, 0.000453951652162, -4.00023345719e-05, 0.000690935761668, -0.00104968447704, 0.00166179065127, -0.00193799275439, 0.0015899395803], [0.000699584197719, 0.00407350854948, -0.00161912769545, 0.000644031097181, -0.00221314234659, 0.00325562199578, -0.00346702779643, 0.00355253904127, -0.00372987636365, 0.00346054439433, -0.00375221925788, 0.00294172693975, -0.002107180655], [0.000291917967843, -0.00161912769545, 0.00599848851562, -0.00371420290321, 0.00298552261665, -0.00513167167082, 0.0052441242151, -0.00450907787308, 0.00468777725473, -0.00654128240421, 0.00770118599758, -0.00660775508732, 0.00362656195648], [-0.000552737619728, 0.000644031097181, -0.00371420290321, 0.0113255092874, -0.00478417146951, 0.00273608136922, -0.00445048138499, 0.00568640837446, -0.00685794232413, 0.00692567555234, -0.00857071205974, 0.00659729028121, -0.00654546357691], [0.000435092195403, -0.00221314234659, 0.00298552261665, -0.00478417146951, 0.0108659500256, -0.00363914179616, 0.00245670904405, -0.00633967854083, 0.00452824868262, -0.00335686188191, 0.00536961294711, -0.00733401998878, 0.00423512980342], [-0.00128090812359, 0.00325562199578, -0.00513167167082, 0.00273608136922, -0.00363914179616, 0.0179384797812, -0.0101067172363, 0.00233347481117, -0.00150608737022, 0.0042770197615, -0.00558985490352, 0.00744459452108, -0.00747988885269], [0.000453951652162, -0.00346702779643, 0.0052441242151, -0.00445048138499, 0.00245670904405, -0.0101067172363, 0.0167632363737, -0.00773203372955, 0.00426757335663, -0.004753860645, 0.00653682928532, -0.00683230813593, 0.00685405405238], [-4.00023345719e-05, 0.00355253904127, -0.00450907787308, 0.00568640837446, -0.00633967854083, 0.00233347481117, -0.00773203372955, 0.0233045611531, -0.0143118044361, 0.00540521880612, -0.00786454882473, 0.00709598418325, -0.00328011694364], [0.000690935761668, -0.00372987636365, 0.00468777725473, -0.00685794232413, 0.00452824868262, -0.00150608737022, 0.00426757335663, -0.0143118044361, 0.0294697917998, -0.0161996576935, 0.0104670282453, -0.00261332420632, 0.00183231243864], [-0.00104968447704, 0.00346054439433, -0.00654128240421, 0.00692567555234, -0.00335686188191, 0.0042770197615, -0.004753860645, 0.00540521880612, -0.0161996576935, 0.0310482978821, -0.0160427410156, 0.00294906436466, 0.000143415585626], [0.00166179065127, -0.00375221925788, 0.00770118599758, -0.00857071205974, 0.00536961294711, -0.00558985490352, 0.00653682928532, -0.00786454882473, 0.0104670282453, -0.0160427410156, 0.0295258518308, -0.012876062654, 0.00333593809046], [-0.00193799275439, 0.00294172693975, -0.00660775508732, 0.00659729028121, -0.00733401998878, 0.00744459452108, -0.00683230813593, 0.00709598418325, -0.00261332420632, 0.00294906436466, -0.012876062654, 0.0284696016461, -0.0122211268172], [0.0015899395803, -0.002107180655, 0.00362656195648, -0.00654546357691, 0.00423512980342, -0.00747988885269, 0.00685405405238, -0.00328011694364, 0.00183231243864, 0.000143415585626, 0.00333593809046, -0.0122211268172, 0.0247247256339]]
    },
    "melbands": {
        "dmean": [0.000126973158331, 0.000474557367852, 0.000271453434834, 0.000189346508705, 0.000112713983981, 7.95491723693e-05, 3.92826113966e-05, 3.25552355207e-05, 3.63036451745e-05, 4.99253728776e-05, 3.5282009776e-05, 2.56649891526e-05, 2.67977866315e-05, 1.73447333509e-05, 1.77561487362e-05, 1.87434325198e-05, 2.98456307064e-05, 1.89640268218e-05, 1.97313802346e-05, 2.33789487538e-05, 3.35458062182e-05, 3.38235149684e-05, 3.59970908903e-05, 3.86199171771e-05, 4.13421585108e-05, 2.59618536802e-05, 1.10963492261e-05, 6.65198149363e-06, 5.83417931921e-06, 3.17962144436e-06, 3.70805651073e-06, 2.9279476621e-06, 2.7534806577e-06, 2.19378034672e-06, 1.83913107321e-06, 2.07663174479e-06, 2.38957431975e-06, 1.9460128442e-06, 1.85089891147e-06, 1.81703660473e-06],
        "dmean2": [0.00021768269653, 0.000844136229716, 0.000470851111459, 0.000317714555422, 0.000183514959645, 0.000132781715365, 6.71681191307e-05, 5.3647592722e-05, 5.54997459403e-05, 7.54179345677e-05, 5.48076495761e-05, 4.01696706831e-05, 4.43080243713e-05, 2.7724487154e-05, 2.83440422209e-05, 2.97975784633e-05, 4.74996522826e-05, 2.95332447422e-05, 3.09225615638e-05, 3.70944944734e-05, 5.45083712495e-05, 5.38748354302e-05, 5.77119426453e-05, 6.06748035352e-05, 6.70683803037e-05, 4.10657667089e-05, 1.77757901838e-05, 1.0774338989e-05, 9.36294964049e-06, 4.97726841786e-06, 5.92907963437e-06, 4.66363508167e-06, 4.25821644967e-06, 3.30098305312e-06, 2.79846540252e-06, 3.08215294353e-06, 3.73084026251e-06, 2.7892081107e-06, 2.70394548352e-06, 2.70860800811e-06],
        "dvar": [3.08599332755e-08, 7.37072411994e-07, 1.06008030798e-07, 1.3590536696e-07, 2.33095267532e-08, 1.07257571713e-08, 3.46878770152e-09, 2.85617662854e-09, 3.86669940511e-09, 6.63893606756e-09, 3.28229732283e-09, 2.24398877258e-09, 2.25522489572e-09, 4.91808427316e-10, 1.03373642979e-09, 9.12376840745e-10, 2.14441309154e-09, 8.30965074528e-10, 7.35336291857e-10, 9.06592190208e-10, 1.76557823917e-09, 2.13856354847e-09, 2.19071605301e-09, 2.71229527726e-09, 4.84630957587e-09, 1.46533996048e-09, 1.68972683068e-10, 7.429441784e-11, 4.91072425779e-11, 1.42204650833e-11, 1.82396875381e-11, 1.2960768743e-11, 1.46730787243e-11, 7.28620028895e-12, 5.77960986362e-12, 7.47662175227e-12, 2.62262746242e-11, 1.45853624317e-11, 2.51952712166e-11, 4.1936631251e-11],
        "dvar2": [8.41471958779e-08, 2.10624580177e-06, 2.92828076454e-07, 3.60904351737e-07, 6.53298641851e-08, 2.93252426786e-08, 9.40721633924e-09, 7.21087412003e-09, 8.93824658732e-09, 1.51042574004e-08, 7.50095896507e-09, 5.22366239153e-09, 6.18089579518e-09, 1.17002829647e-09, 2.64156341245e-09, 2.17204521036e-09, 5.3350341922e-09, 2.06688222093e-09, 1.52414070254e-09, 2.2290562729e-09, 4.62826843517e-09, 5.30538502019e-09, 5.49178347242e-09, 6.34657526533e-09, 1.20732845943e-08, 3.21865201158e-09, 4.00143140844e-10, 2.04074937504e-10, 1.27817298412e-10, 3.39831496277e-11, 4.47101938805e-11, 3.06535977157e-11, 3.59693802521e-11, 1.72274243482e-11, 1.37255198526e-11, 1.74947903386e-11, 6.7506868151e-11, 3.29729819837e-11, 6.04922986702e-11, 8.54500012415e-11],
        "max": [0.00136295740958, 0.00598824303597, 0.00305277947336, 0.00313289300539, 0.00186218053568, 0.00156394508667, 0.000804681854788, 0.0010749946814, 0.000826518051326, 0.00154522701632, 0.000636947574094, 0.000750559556764, 0.000879491912201, 0.000330576149281, 0.000578756327741, 0.000453577609733, 0.000582457927521, 0.000493833736982, 0.000389097229345, 0.000565206806641, 0.000457738147816, 0.000814005092252, 0.000607712019701, 0.00069676694693, 0.00111651956104, 0.00071826716885, 0.000185448850971, 0.000137017923407, 8.7189990154e-05, 5.19658024132e-05, 4.76075838378e-05, 4.26752703788e-05, 5.26124495082e-05, 3.40542392223e-05, 2.55368140643e-05, 4.33632012573e-05, 8.34763850435e-05, 8.44080786919e-05, 0.00013055690215, 0.000155485453433],
        "mean": [0.000215015388676, 0.000568117713556, 0.00041887932457, 0.000276790873613, 0.0002111873182, 0.000155375309987, 7.39678871469e-05, 5.12274418725e-05, 6.57804484945e-05, 9.11672177608e-05, 6.61397352815e-05, 4.70744125778e-05, 4.29091778642e-05, 3.21939805872e-05, 3.13018390443e-05, 3.31310002366e-05, 5.28387972736e-05, 3.3991629607e-05, 3.80455239792e-05, 4.33903478552e-05, 6.55364929116e-05, 6.98292933521e-05, 6.85272170813e-05, 7.73711872171e-05, 7.48787060729e-05, 5.17763328389e-05, 2.41626858042e-05, 1.38973464345e-05, 1.21185576063e-05, 7.33766273697e-06, 7.87730823504e-06, 6.66054620524e-06, 6.61838066662e-06, 5.35601611773e-06, 4.61566651211e-06, 4.90369166073e-06, 5.06484002472e-06, 4.4400603656e-06, 3.90191326005e-06, 3.98069005314e-06],
        "median": [0.00015521919704, 0.000350992311724, 0.000307223934215, 0.000128202460473, 0.000139996715006, 9.95434747892e-05, 3.95420283894e-05, 2.68208350462e-05, 3.79627454095e-05, 5.82343236601e-05, 3.20611179632e-05, 2.03090967261e-05, 2.19390585698e-05, 2.07697594306e-05, 1.99099922611e-05, 1.77719921339e-05, 2.90859497909e-05, 2.13483963307e-05, 2.59473872575e-05, 3.3078751585e-05, 4.77458415844e-05, 5.2295934438e-05, 4.940483268e-05, 5.3766212659e-05, 4.54659093521e-05, 3.61969287042e-05, 2.00182366825e-05, 1.1369575077e-05, 9.50262437982e-06, 5.64873789699e-06, 6.36092499917e-06, 4.71080011266e-06, 4.25557755079e-06, 3.65608707398e-06, 3.29559975398e-06, 3.45304442817e-06, 3.03457318296e-06, 2.48698552241e-06, 2.04314983421e-06, 1.62769947565e-06],
        "min": [2.22544429107e-07, 1.3583683085e-06, 6.60180057821e-06, 2.49879985859e-06, 2.91002675112e-06, 2.5342101253e-06, 7.62640638641e-07, 6.13071620137e-07, 6.9106920364e-07, 2.74498188446e-06, 4.75673516576e-07, 4.61262857243e-07, 6.51703714993e-07, 6.73366855608e-07, 4.53557845503e-07, 5.3019311963e-07, 5.65958316656e-07, 3.04411088337e-07, 1.34155993692e-06, 1.54074825787e-06, 1.19866331261e-06, 8.77214006323e-07, 1.84767759492e-06, 9.35023820148e-07, 1.02922365386e-06, 1.25560518427e-06, 3.43746648923e-07, 2.86954303874e-07, 1.54006130515e-07, 1.93472132537e-07, 1.69751629642e-07, 9.03614250092e-08, 9.78635554816e-08, 4.56346036515e-08, 5.98081157932e-08, 8.90435742917e-08, 6.02981131692e-08, 1.34047413169e-08, 1.509153158e-08, 1.30652022534e-08],
