{
"highlevel": {
    "danceability": {
        "all": {
            "danceable": 0.9995855093,
            "not_danceable": 0.000414487032685
        },
        "probability": 0.9995855093,
        "value": "danceable"
    },
    "gender": {
        "all": {
            "female": 0.867245435715,
            "male": 0.132754579186
        },
        "probability": 0.867245435715,
        "value": "female"
    },
    "genre_dortmund": {
        "all": {
            "alternative": 0.086950711906,
            "blues": 0.0273032039404,
            "electronic": 0.0801996141672,
            "folkcountry": 0.0237608794123,
            "funksoulrnb": 0.00614022836089,
            "jazz": 0.0696370303631,
            "pop": 0.0316683389246,
            "raphiphop": 0.165034234524,
            "rock": 0.509305775166
        },
        "probability": 0.509305775166,
        "value": "rock"
    },
    "genre_electronic": {
        "all": {
            "ambient": 0.109664060175,
            "dnb": 0.724177539349,
            "house": 0.036710575223,
            "techno": 0.0101406630129,
            "trance": 0.11930719018
        },
        "probability": 0.724177539349,
        "value": "dnb"
    },
    "genre_rosamerica": {
        "all": {
            "cla": 0.0102950753644,
            "dan": 0.401521086693,
            "hip": 0.126698434353,
            "jaz": 0.0290802326053,
            "pop": 0.156984195113,
            "rhy": 0.0619254224002,
            "roc": 0.195919558406,
            "spe": 0.0175759717822
        },
        "probability": 0.401521086693,
        "value": "dan"
    },
    "genre_tzanetakis": {
        "all": {
            "blu": 0.0626613423228,
            "cla": 0.0348169617355,
            "cou": 0.104475811124,
            "dis": 0.0784321576357,
            "hip": 0.15692435205,
            "jaz": 0.313974827528,
            "met": 0.0448166541755,
            "pop": 0.0627359300852,
            "reg": 0.0627360641956,
            "roc": 0.0784258767962
        },
        "probability": 0.313974827528,
        "value": "jaz"
    },
    "ismir04_rhythm": {
        "all": {
            "ChaChaCha": 0.0543091259897,
            "Jive": 0.406076312065,
            "Quickstep": 0.06330268085,
            "Rumba-American": 0.0283398944885,
            "Rumba-International": 0.0453944355249,
            "Rumba-Misc": 0.0042015472427,
            "Samba": 0.365341722965,
            "Tango": 0.00615531252697,
            "VienneseWaltz": 0.020209999755,
            "Waltz": 0.00666896393523
        },
        "probability": 0.406076312065,
        "value": "Jive"
    },
    "mood_acoustic": {
        "all": {
            "acoustic": 0.0355645380914,
            "not_acoustic": 0.964435458183
        },
        "probability": 0.964435458183,
        "value": "not_acoustic"
    },
    "mood_aggressive": {
        "all": {
            "aggressive": 0.885488152504,
            "not_aggressive": 0.114511877298
        },
        "probability": 0.885488152504,
        "value": "aggressive"
    },
    "mood_electronic": {
        "all": {
            "electronic": 0.851882815361,
            "not_electronic": 0.148117169738
        },
        "probability": 0.851882815361,
        "value": "electronic"
    },
    "mood_happy": {
        "all": {
            "happy": 0.418637424707,
            "not_happy": 0.581362605095
        },
        "probability": 0.581362605095,
        "value": "not_happy"
    },
    "mood_party": {
        "all": {
            "not_party": 0.464184343815,
            "party": 0.535815656185
        },
        "probability": 0.535815656185,
        "value": "party"
    },
    "mood_relaxed": {
        "all": {
            "not_relaxed": 0.76549333334,
            "relaxed": 0.234506636858
        },
        "probability": 0.76549333334,
        "value": "not_relaxed"
    },
    "mood_sad": {
        "all": {
            "not_sad": 0.798832714558,
            "sad": 0.201167270541
        },
        "probability": 0.798832714558,
        "value": "not_sad"
    },
    "moods_mirex": {
        "all": {
            "Cluster1": 0.392881542444,
            "Cluster2": 0.0703806355596,
            "Cluster3": 0.19651645422,
            "Cluster4": 0.0432303734124,
            "Cluster5": 0.296990960836
        },
        "probability": 0.392881542444,
        "value": "Cluster1"
    },
    "timbre": {
        "all": {
            "bright": 0.0402703769505,
            "dark": 0.959729611874
        },
        "probability": 0.959729611874,
        "value": "dark"
    },
    "tonal_atonal": {
        "all": {
            "atonal": 0.192940801382,
            "tonal": 0.807059168816
        },
        "probability": 0.807059168816,
        "value": "tonal"
    },
    "voice_instrumental": {
        "all": {
            "instrumental": 0.0120952446014,
            "voice": 0.987904727459
        },
        "probability": 0.987904727459,
        "value": "voice"
    }
},
"lowlevel": {
    "average_loudness": 0.98166179657,
    "barkbands_crest": {
        "dmean": 3.01248431206,
        "dmean2": 4.57919931412,
        "dvar": 6.8310136795,
        "dvar2": 15.0638113022,
        "max": 25.3357601166,
        "mean": 14.7934780121,
        "median": 15.1660995483,
        "min": 3.60159802437,
        "var": 22.5209331512
    },
    "barkbands_flatness_db": {
        "dmean": 0.0310398396105,
        "dmean2": 0.0424216650426,
        "dvar": 0.000701303593814,
        "dvar2": 0.00134299916681,
        "max": 0.3770596385,
        "mean": 0.177350714803,
        "median": 0.175687238574,
        "min": 0.0502792820334,
        "var": 0.00297373603098
    },
    "barkbands_kurtosis": {
        "dmean": 10.3007936478,
        "dmean2": 15.547246933,
        "dvar": 259.969329834,
        "dvar2": 515.656433105,
        "max": 215.777008057,
        "mean": 13.8559083939,
        "median": 6.19562625885,
        "min": -1.7416331768,
        "var": 452.300262451
    },
    "barkbands_skewness": {
        "dmean": 1.10892724991,
        "dmean2": 1.62701916695,
        "dvar": 1.31369459629,
        "dvar2": 2.52811431885,
        "max": 11.338886261,
        "mean": 3.02215075493,
        "median": 2.55984926224,
        "min": -0.378106623888,
        "var": 3.36434626579
    },
    "barkbands_spread": {
        "dmean": 8.43606281281,
        "dmean2": 12.3404636383,
        "dvar": 73.4269790649,
        "dvar2": 164.721572876,
        "max": 81.0858154297,
        "mean": 20.9036903381,
        "median": 17.8758087158,
        "min": 0.709533631802,
        "var": 197.88104248
    },
    "dissonance": {
        "dmean": 0.020571988076,
        "dmean2": 0.0338394008577,
        "dvar": 0.00039464913425,
        "dvar2": 0.00098113482818,
        "max": 0.499979913235,
        "mean": 0.460130035877,
        "median": 0.467684864998,
        "min": 0.304632335901,
        "var": 0.000845376343932
    },
    "dynamic_complexity": 1.21342980862,
    "erbbands_crest": {
        "dmean": 2.68358063698,
        "dmean2": 4.39557361603,
        "dvar": 5.95074462891,
        "dvar2": 14.578663826,
        "max": 22.9868907928,
        "mean": 7.63853502274,
        "median": 6.82989120483,
        "min": 2.52968406677,
        "var": 11.9700527191
    },
    "erbbands_flatness_db": {
        "dmean": 0.0175497327,
        "dmean2": 0.0257427245378,
        "dvar": 0.000236659776419,
        "dvar2": 0.00050672062207,
        "max": 0.22860313952,
        "mean": 0.118561118841,
        "median": 0.113394275308,
        "min": 0.0633484497666,
        "var": 0.000930888636503
    },
    "erbbands_kurtosis": {
        "dmean": 0.814758598804,
        "dmean2": 1.25609922409,
        "dvar": 1.24088084698,
        "dvar2": 2.90373373032,
        "max": 18.299747467,
        "mean": -0.28957259655,
        "median": -0.694593191147,
        "min": -1.83009028435,
        "var": 1.86005926132
    },
    "erbbands_skewness": {
        "dmean": 0.453798025846,
        "dmean2": 0.668614208698,
        "dvar": 0.196376785636,
        "dvar2": 0.433821499348,
        "max": 4.08162593842,
        "mean": 0.0865247771144,
        "median": 0.0932009071112,
        "min": -3.0695912838,
        "var": 0.520183265209
    },
    "erbbands_spread": {
        "dmean": 16.8189315796,
        "dmean2": 25.0566368103,
        "dvar": 268.231750488,
        "dvar2": 570.255310059,
        "max": 175.231277466,
        "mean": 63.0934944153,
        "median": 59.9759712219,
        "min": 12.3834495544,
        "var": 699.974609375
    },
    "hfc": {
        "dmean": 12.0947446823,
        "dmean2": 16.8418827057,
        "dvar": 152.318389893,
        "dvar2": 305.027801514,
        "max": 122.313705444,
        "mean": 31.1889629364,
        "median": 26.0926818848,
        "min": 1.07271158695,
        "var": 416.248687744
    },
    "melbands_crest": {
        "dmean": 2.88068389893,
        "dmean2": 4.55219650269,
        "dvar": 7.96127319336,
        "dvar2": 17.9986495972,
        "max": 32.3111991882,
        "mean": 18.5284252167,
        "median": 18.0587272644,
        "min": 5.45579910278,
        "var": 26.4947166443
    },
    "melbands_flatness_db": {
        "dmean": 0.0371025651693,
        "dmean2": 0.0500123240054,
        "dvar": 0.00100436049979,
        "dvar2": 0.00200750539079,
        "max": 0.484594613314,
        "mean": 0.248432084918,
        "median": 0.248294740915,
        "min": 0.0879742205143,
        "var": 0.00421996507794
    },
    "melbands_kurtosis": {
        "dmean": 35.168762207,
        "dmean2": 53.6036453247,
        "dvar": 3743.68603516,
        "dvar2": 7909.65136719,
        "max": 829.816162109,
        "mean": 54.8356285095,
        "median": 29.0874137878,
        "min": -0.888137817383,
        "var": 6250.84228516
    },
    "melbands_skewness": {
        "dmean": 1.78982436657,
        "dmean2": 2.60345053673,
        "dvar": 3.7379219532,
        "dvar2": 7.47587347031,
        "max": 24.5175170898,
        "mean": 5.48642110825,
        "median": 4.77678251266,
        "min": 0.306105881929,
        "var": 9.62443637848
    },
    "melbands_spread": {
        "dmean": 6.12197589874,
        "dmean2": 9.02457714081,
        "dvar": 44.2880783081,
        "dvar2": 104.397171021,
        "max": 114.144165039,
        "mean": 13.1769685745,
        "median": 10.8592710495,
        "min": 0.512258410454,
        "var": 99.6987533569
    },
    "pitch_salience": {
        "dmean": 0.0870008245111,
        "dmean2": 0.135778218508,
        "dvar": 0.00545309344307,
        "dvar2": 0.011785633862,
        "max": 0.781594932079,
        "mean": 0.420763492584,
        "median": 0.422663807869,
        "min": 0.0745355412364,
        "var": 0.0159496031702
    },
    "silence_rate_20dB": {
        "dmean": 0,
        "dmean2": 0,
        "dvar": 0,
        "dvar2": 0,
        "max": 1,
        "mean": 1,
        "median": 1,
        "min": 1,
        "var": 0
    },
    "silence_rate_30dB": {
        "dmean": 0.0139318881556,
        "dmean2": 0.0278853606433,
        "dvar": 0.0137380929664,
        "dvar2": 0.039501696825,
        "max": 1,
        "mean": 0.992266058922,
        "median": 1,
        "min": 0,
        "var": 0.00767424236983
    },
    "silence_rate_60dB": {
        "dmean": 0,
        "dmean2": 0,
        "dvar": 0,
        "dvar2": 0,
        "max": 0,
        "mean": 0,
        "median": 0,
        "min": 0,
        "var": 0
    },
    "spectral_centroid": {
        "dmean": 362.640289307,
        "dmean2": 546.494750977,
        "dvar": 123600.734375,
        "dvar2": 276229.5,
        "max": 3471.62402344,
        "mean": 1225.67956543,
        "median": 1133.90625,
        "min": 148.381439209,
        "var": 350032.6875
    },
    "spectral_complexity": {
        "dmean": 5.7925696373,
        "dmean2": 8.07513523102,
        "dvar": 32.5699539185,
        "dvar2": 55.9239082336,
        "max": 57,
        "mean": 20.0881671906,
        "median": 19,
        "min": 1,
        "var": 114.558418274
    },
    "spectral_decrease": {
        "dmean": 4.36273683846e-09,
        "dmean2": 7.17265846717e-09,
        "dvar": 2.04650058743e-17,
        "dvar2": 5.72113978193e-17,
        "max": -6.63215315999e-10,
        "mean": -1.64389817314e-08,
        "median": -1.64140434578e-08,
        "min": -4.39131362384e-08,
        "var": 3.29846772672e-17
    },
    "spectral_energy": {
        "dmean": 0.0168377794325,
        "dmean2": 0.0276369079947,
        "dvar": 0.000304370303638,
        "dvar2": 0.000841324042995,
        "max": 0.169253721833,
        "mean": 0.0648734644055,
        "median": 0.0652892887592,
        "min": 0.00274528120644,
        "var": 0.00049408164341
    },
    "spectral_energyband_high": {
        "dmean": 0.00111493980512,
        "dmean2": 0.00153019523714,
        "dvar": 2.64624372903e-06,
        "dvar2": 5.15103147336e-06,
        "max": 0.0154130868614,
        "mean": 0.00204002507962,
        "median": 0.000942804734223,
        "min": 3.56962991646e-05,
        "var": 6.23628375251e-06
    },
    "spectral_energyband_low": {
        "dmean": 0.0142938392237,
        "dmean2": 0.0237940978259,
        "dvar": 0.000254635757301,
        "dvar2": 0.000721032381989,
        "max": 0.148150295019,
        "mean": 0.0454672761261,
        "median": 0.0452481396496,
        "min": 0.000325678382069,
        "var": 0.000420661177486
    },
    "spectral_energyband_middle_high": {
        "dmean": 0.00267797987908,
        "dmean2": 0.00374701595865,
        "dvar": 9.9780927485e-06,
        "dvar2": 1.85024528037e-05,
        "max": 0.029410276562,
        "mean": 0.00487326551229,
        "median": 0.00324205099605,
        "min": 4.96110587846e-05,
        "var": 2.37698986894e-05
    },
    "spectral_energyband_middle_low": {
        "dmean": 0.0077372090891,
        "dmean2": 0.0121351759881,
        "dvar": 7.819361781e-05,
        "dvar2": 0.00018342169642,
        "max": 0.0774986743927,
        "mean": 0.0153795247898,
        "median": 0.0127445263788,
        "min": 0.000319463346386,
        "var": 0.000128131330712
    },
    "spectral_entropy": {
        "dmean": 0.186648607254,
        "dmean2": 0.263168156147,
        "dvar": 0.0325733982027,
        "dvar2": 0.060628682375,
        "max": 8.42891693115,
        "mean": 7.72884893417,
        "median": 7.77749013901,
        "min": 5.74296379089,
        "var": 0.142241895199
    },
    "spectral_flux": {
        "dmean": 0.0337590649724,
        "dmean2": 0.0511739440262,
        "dvar": 0.0010528502753,
        "dvar2": 0.00221809488721,
        "max": 0.335048705339,
        "mean": 0.117099709809,
        "median": 0.111631400883,
        "min": 0.0174624826759,
        "var": 0.00217234273441
    },
    "spectral_kurtosis": {
        "dmean": 1.14201760292,
        "dmean2": 1.68989300728,
        "dvar": 1.39798510075,
        "dvar2": 2.96844220161,
        "max": 13.3005542755,
        "mean": 2.69407439232,
        "median": 2.22224903107,
        "min": -1.0704690218,
        "var": 4.29931306839
    },
    "spectral_rms": {
        "dmean": 0.0010513025336,
        "dmean2": 0.00170733744744,
        "dvar": 1.10859468805e-06,
        "dvar2": 3.00732222058e-06,
        "max": 0.0128501197323,
        "mean": 0.00782378483564,
        "median": 0.0079810321331,
        "min": 0.00163655832876,
        "var": 2.07951711673e-06
    },
    "spectral_rolloff": {
        "dmean": 516.763183594,
        "dmean2": 845.283325195,
        "dvar": 942897.3125,
        "dvar2": 2285674.75,
        "max": 10917.3339844,
        "mean": 769.466552734,
        "median": 409.130859375,
        "min": 86.1328125,
        "var": 1151001.875
    },
    "spectral_skewness": {
        "dmean": 0.23843164742,
        "dmean2": 0.333764672279,
        "dvar": 0.055873002857,
        "dvar2": 0.0999243482947,
        "max": 2.58121871948,
        "mean": 1.26590549946,
        "median": 1.27384316921,
        "min": -0.320677757263,
        "var": 0.208881020546
    },
    "spectral_spread": {
        "dmean": 762773.6875,
        "dmean2": 1054179.25,
        "dvar": 704787709952,
        "dvar2": 1.25469353574e+12,
        "max": 16949900,
        "mean": 5617702,
        "median": 5541628.5,
        "min": 2731099,
        "var": 2.21158886605e+12
    },
    "spectral_strongpeak": {
        "dmean": 0.205047681928,
        "dmean2": 0.350397527218,
        "dvar": 0.120309442282,
        "dvar2": 0.314304947853,
        "max": 3.70069074631,
        "mean": 0.66710793972,
        "median": 0.663536608219,
        "min": 0.0598528496921,
        "var": 0.121715828776
    },
    "zerocrossingrate": {
        "dmean": 0.0119866998866,
        "dmean2": 0.0135194528848,
        "dvar": 0.000117442177725,
        "dvar2": 0.000137370996526,
        "max": 0.205078125,
        "mean": 0.0450933203101,
        "median": 0.03759765625,
        "min": 0.00537109375,
        "var": 0.000706556835212
    },
    "barkbands": {
        "dmean": [0.00033257267205, 0.00976483337581, 0.00614891387522, 0.00327844033018, 0.00257529993542, 0.00157498498447, 0.00155147863552, 0.00192292721476, 0.000681693200022, 0.000515751657076, 0.000257277511992, 0.00038706799387, 0.000498357461765, 0.000461752060801, 0.000531389727257, 0.000337729783496, 0.000418740208261, 0.00018410521443, 0.000191437458852, 0.000135538590257, 0.000209470352274, 0.000429947540397, 0.00032085517887, 0.000138327333843, 8.05467861937e-05, 6.00158164161e-05, 4.7864897823e-08],
        "dmean2": [0.000542762689292, 0.0158249177039, 0.0103993983939, 0.00565610593185, 0.00424183905125, 0.00250328774564, 0.00246157404035, 0.00308193801902, 0.00111398450099, 0.000802394468337, 0.000405277154641, 0.000602532876655, 0.000762750394642, 0.000736253277864, 0.000817072635982, 0.000527889584191, 0.000649751571473, 0.000286900089122, 0.000297256890917, 0.000204388779821, 0.000300431245705, 0.000646456261165, 0.000471800682135, 0.000205789969186, 0.000119258285849, 8.79369836184e-05, 8.41362179926e-08],
        "dvar": [7.37070138257e-07, 0.000131124674226, 0.000112853151222, 2.09706504393e-05, 1.77228284883e-05, 5.82876100452e-06, 7.58766009312e-06, 1.14826434583e-05, 1.36979485887e-06, 1.50324444803e-06, 3.06228344016e-07, 5.76610887038e-07, 1.07075072719e-06, 8.33249146126e-07, 1.0511819255e-06, 4.52747798363e-07, 3.06336175981e-07, 7.42424504097e-08, 8.75736674288e-08, 4.67675747018e-08, 1.14226352821e-07, 4.64026868485e-07, 3.96926992607e-07, 5.76262948471e-08, 1.60613211619e-08, 3.08884260392e-08, 4.32097561128e-14],
        "dvar2": [1.70757709839e-06, 0.000340846949257, 0.00032240813016, 5.96530007897e-05, 4.53166721854e-05, 1.33590947371e-05, 1.78586051334e-05, 2.68042622338e-05, 3.41458417097e-06, 3.39041139341e-06, 6.2514112642e-07, 1.38492907809e-06, 2.16963098865e-06, 1.86532531643e-06, 2.4115386168e-06, 1.06257130028e-06, 6.93014555964e-07, 1.75777003619e-07, 2.05177116186e-07, 1.03669862028e-07, 2.43247228582e-07, 1.01185230506e-06, 8.99568249224e-07, 1.26940932432e-07, 3.96185662055e-08, 7.2286240993e-08, 1.04728813783e-13],
        "max": [0.0135601488873, 0.0986471697688, 0.108665950596, 0.0449289232492, 0.0448534227908, 0.0339499004185, 0.0445464141667, 0.0338464230299, 0.0120637891814, 0.0163634642959, 0.00928202643991, 0.00890763476491, 0.0108754523098, 0.0110744675621, 0.0118383131921, 0.0112181892619, 0.00571640301496, 0.00369511148892, 0.00293468055315, 0.00349956541322, 0.00436245836318, 0.00646594259888, 0.0090973591432, 0.00511222239584, 0.00184582709335, 0.00407437374815, 3.55536644747e-06],
        "mean": [0.000344358413713, 0.0296271927655, 0.0126651050523, 0.00459801172838, 0.00354501605034, 0.00224103825167, 0.00195792666636, 0.00211068429053, 0.000816750980448, 0.000638520054054, 0.000320696039125, 0.000445449608378, 0.000620205595624, 0.00057901564287, 0.000638648576569, 0.000434165907791, 0.000584325694945, 0.000279199011857, 0.000285704503767, 0.000236029387452, 0.000347035587765, 0.000640813668724, 0.000470154744107, 0.000214270723518, 0.000137124734465, 9.59736280493e-05, 3.20553610322e-08],
        "median": [8.76300473465e-05, 0.0266031157225, 0.00600939057767, 0.00321191339754, 0.00195027736481, 0.00120867916849, 0.000922877516132, 0.000713234243449, 0.000364048813935, 0.000221301423153, 0.000106366460386, 0.000130554995849, 0.000152913431521, 0.000163445467479, 0.00020899529045, 0.000199127884116, 0.000311514158966, 0.000169576640474, 0.000158388284035, 0.000124930957099, 0.00017008811119, 0.000245732342592, 0.000162723168614, 9.06180866878e-05, 6.56111369608e-05, 4.08156884077e-05, 1.97299176996e-09],
        "min": [4.40210499164e-07, 1.58631773957e-05, 4.36788395746e-05, 1.82681014849e-05, 3.55054180545e-05, 9.10680137167e-06, 3.42447401636e-06, 3.51399035026e-06, 1.15391935651e-06, 6.41000269752e-07, 4.37364178651e-07, 6.9215673193e-07, 6.2942990553e-07, 5.99791292188e-07, 2.67660925601e-06, 3.11293121058e-07, 9.13098688216e-07, 4.47869041409e-07, 1.40082033795e-06, 1.66433267168e-06, 2.755468131e-06, 3.86697638532e-06, 9.02610099729e-06, 1.58922063065e-07, 6.22783880022e-10, 1.42064308761e-07, 9.48456504307e-12],
        "var": [7.76410615799e-07, 0.000471244449727, 0.000190872218809, 2.22450526053e-05, 2.19264256884e-05, 9.25634140003e-06, 1.14242266136e-05, 1.32321474666e-05, 1.63286472343e-06, 1.93931487047e-06, 5.29336944055e-07, 7.4508528769e-07, 1.6643290337e-06, 1.28726867388e-06, 1.40386634939e-06, 5.0344851843e-07, 4.75222833529e-07, 1.06730816185e-07, 1.28833107738e-07, 8.97814871337e-08, 2.15840856299e-07, 7.95353457761e-07, 6.11402583672e-07, 1.07582771136e-07, 3.02308791333e-08, 4.99228711703e-08, 2.98013668593e-14]
    },
    "erbbands": {
        "dmean": [0.219749808311, 2.45946574211, 6.43944311142, 9.55150794983, 10.1951904297, 7.54588317871, 8.85925102234, 15.6913137436, 21.1863536835, 27.3374557495, 38.174079895, 15.3472709656, 13.4734268188, 18.3736610413, 10.4365615845, 14.8538827896, 20.2595825195, 23.9008235931, 26.2628002167, 24.1666851044, 18.0819549561, 22.6392326355, 11.2781219482, 8.61322593689, 8.73112678528, 6.50247240067, 6.98154592514, 11.4636592865, 13.7460336685, 14.3189659119, 7.76258325577, 3.94990253448, 1.76149976254, 0.9185115695, 0.634535849094, 0.3296212852, 0.0875348374248, 0.00852600578219, 0.00015670346329, 2.23347287829e-05],
        "dmean2": [0.374553322792, 3.93208456039, 10.7099332809, 16.4649887085, 16.6994056702, 12.5342445374, 14.7533750534, 25.2026596069, 33.3195915222, 42.962562561, 61.6236457825, 24.601190567, 21.2504024506, 27.5333652496, 15.8443403244, 22.8792133331, 30.7625904083, 35.3938827515, 40.933681488, 36.8887023926, 27.2213821411, 34.7305526733, 17.4034385681, 13.2777366638, 13.6188545227, 9.82591056824, 9.90737438202, 17.0638980865, 20.6374034882, 21.3544216156, 11.4371976852, 5.97891569138, 2.59913611412, 1.3418200016, 0.979462146759, 0.494904965162, 0.13117441535, 0.0129836471751, 0.000230314661167, 3.52779934474e-05],
        "dvar": [0.0859115868807, 8.2043762207, 88.8825683594, 239.082595825, 224.037948608, 191.733886719, 136.339523315, 708.034423828, 2015.95507812, 2309.38574219, 5671.45800781, 610.300048828, 886.162719727, 1984.10510254, 338.964477539, 740.77734375, 1592.04797363, 2092.8034668, 2318.70947266, 2494.39916992, 876.7421875, 949.574707031, 266.127166748, 161.595230103, 181.52772522, 106.593544006, 120.972351074, 361.311523438, 479.266693115, 770.272338867, 192.23789978, 47.0101165771, 9.83380794525, 2.14943981171, 1.28403520584, 1.18864142895, 0.0160780884326, 0.000184140124475, 5.23550305331e-08, 4.82882012154e-10],
        "dvar2": [0.227153941989, 21.1345157623, 253.923706055, 680.918579102, 569.520568848, 498.534179688, 358.529296875, 1622.00366211, 4533.97753906, 5260.67138672, 13530.8984375, 1442.59692383, 2157.03100586, 3991.09570312, 729.245605469, 1727.67175293, 3348.44335938, 4346.86035156, 5845.19042969, 5512.84667969, 1940.453125, 2150.82006836, 623.021179199, 369.763946533, 413.158050537, 240.100158691, 257.010955811, 813.26373291, 1033.94055176, 1655.89074707, 428.390045166, 108.047538757, 20.3233718872, 4.92809820175, 3.2898209095, 2.6493062973, 0.0359054654837, 0.000422203418566, 1.18062800425e-07, 1.21935617159e-09],
        "max": [3.02263379097, 24.8897609711, 103.35710144, 188.345718384, 176.788955688, 158.437683105, 139.379714966, 420.431488037, 821.698364258, 561.929260254, 928.281738281, 273.96496582, 289.389831543, 765.889709473, 210.786056519, 331.221038818, 400.606994629, 478.451538086, 702.969970703, 553.667724609, 432.352996826, 302.530853271, 260.278717041, 179.517715454, 113.219390869, 153.185684204, 143.800598145, 256.119628906, 206.354934692, 385.650299072, 163.88822937, 103.825141907, 82.1352005005, 27.8164215088, 14.1222724915, 25.6597995758, 1.93032968044, 0.162478655577, 0.00292689492926, 0.000290681433398],
        "mean": [0.517892479897, 7.80061340332, 16.0123100281, 16.1272163391, 13.3321170807, 10.1172456741, 12.9464969635, 21.2558345795, 28.8320884705, 31.839389801, 43.1929550171, 20.1359462738, 16.6916885376, 23.7110767365, 14.4135017395, 18.3768463135, 25.5541648865, 32.096282959, 33.0065765381, 29.402261734, 25.0335845947, 31.8609275818, 17.7958507538, 13.5565729141, 13.7468385696, 11.4595413208, 12.4313163757, 17.1022090912, 20.8903751373, 21.0122146606, 11.6129837036, 5.9012594223, 2.83162975311, 1.57319521904, 0.998598098755, 0.496251493692, 0.151339262724, 0.0138070713729, 0.000295858364552, 8.94322511158e-05],
        "median": [0.418404370546, 6.58582401276, 11.3650665283, 11.7754297256, 8.04789543152, 4.958589077, 8.24233436584, 10.0046272278, 13.7275495529, 13.7656145096, 16.8819885254, 10.3896389008, 6.17154169083, 7.92235183716, 5.47178220749, 5.96715974808, 6.67760848999, 10.5430955887, 12.6842327118, 10.6370306015, 12.1462745667, 17.9997882843, 11.5442504883, 7.98681545258, 7.83884572983, 6.09625482559, 6.54318714142, 7.42324733734, 8.1968460083, 7.59453964233, 4.29613351822, 2.44132423401, 1.18316590786, 0.777775287628, 0.440294533968, 0.200819179416, 0.0648056492209, 0.00450241146609, 0.000132459332235, 8.67031485541e-05],
        "min": [0.000270861579338, 0.00489906128496, 0.0963998809457, 0.737592816353, 0.303205937147, 0.133761808276, 0.0787019580603, 0.0735989287496, 0.0506702810526, 0.0705628842115, 0.0860184431076, 0.0381765402853, 0.0319837778807, 0.0435919836164, 0.0544394552708, 0.0430508367717, 0.0376086272299, 0.0541493482888, 0.0834704488516, 0.106987915933, 0.0579913295805, 0.0553302876651, 0.039761736989, 0.0328858904541, 0.0866862535477, 0.0595099925995, 0.149383097887, 0.0762457773089, 0.0716403573751, 0.222865343094, 0.202659472823, 0.0328844711185, 0.00718569662422, 0.000492161139846, 0.000173599517439, 0.00245809624903, 0.000363409490092, 1.73434091266e-05, 3.22281152876e-06, 3.33574348588e-06],
        "var": [0.183239221573, 30.0547485352, 158.476486206, 265.793670654, 256.872161865, 244.509155273, 208.783950806, 1053.72558594, 3261.88891602, 2755.03686523, 6203.97851562, 812.028015137, 1061.32080078, 3201.73876953, 585.036743164, 1067.82714844, 2370.65673828, 3598.71142578, 2763.64672852, 3158.92919922, 1219.92260742, 1446.62805176, 382.945281982, 256.068908691, 288.948364258, 205.633529663, 240.301025391, 594.796813965, 832.903320312, 1279.75024414, 312.973144531, 75.5707244873, 20.9868717194, 4.43014764786, 2.16644263268, 1.97333955765, 0.0479489266872, 0.000471782055683, 1.53302650574e-07, 1.21014032128e-09]
    },
    "gfcc": {
        "mean": [46.2206611633, 83.4991073608, -85.6607666016, 56.1595535278, -52.4689178467, 25.639503479, -36.2213859558, 14.0815353394, -13.7315502167, 9.97242164612, -21.4400310516, 3.23916649818, -18.0546588898],
        "cov": [[1987.46899414, -359.659454346, -487.315795898, -210.049804688, -219.703735352, -31.7557144165, -53.6867370605, 42.4357833862, -56.7412033081, 106.393028259, 7.13968610764, 126.134284973, -55.8913803101], [-359.659454346, 793.845703125, -276.737304688, -256.595794678, 141.644546509, -123.653900146, -15.7990455627, 7.2809176445, 69.4484786987, -80.1800537109, 87.9577331543, -84.9776153564, 19.9859256744], [-487.315795898, -276.737304688, 552.543029785, 259.319671631, -53.3537139893, 38.9921188354, 26.7767601013, -16.1255760193, -17.7261543274, 14.0422792435, -42.2528152466, 28.6070404053, 14.3553237915], [-210.049804688, -256.595794678, 259.319671631, 349.342071533, -7.80036306381, 4.29752445221, -12.6887559891, -43.5421524048, 40.3227233887, 25.6001987457, -21.8559646606, 20.9545764923, 44.77085495], [-219.703735352, 141.644546509, -53.3537139893, -7.80036306381, 299.472076416, -42.7344894409, -55.4155006409, 36.5368843079, 29.7188472748, 10.1569766998, -8.0777721405, -16.3742179871, 6.9087562561], [-31.7557144165, -123.653900146, 38.9921188354, 4.29752445221, -42.7344894409, 185.732925415, 100.059143066, -8.9065322876, -23.3576927185, -13.2548885345, -14.5860691071, -10.6478538513, -1.11543297768], [-53.6867370605, -15.7990455627, 26.7767601013, -12.6887559891, -55.4155006409, 100.059143066, 189.455673218, 9.33212375641, -37.8079147339, -25.4644508362, 19.2432727814, 8.97873973846, -18.30975914], [42.4357833862, 7.2809176445, -16.1255760193, -43.5421524048, 36.5368843079, -8.9065322876, 9.33212375641, 99.5233917236, 23.7818031311, 8.49893760681, 4.69926834106, 0.121994540095, -2.98703742027], [-56.7412033081, 69.4484786987, -17.7261543274, 40.3227233887, 29.7188472748, -23.3576927185, -37.8079147339, 23.7818031311, 134.963256836, 37.0585212708, -0.510248780251, -17.6973495483, 23.3346748352], [106.393028259, -80.1800537109, 14.0422792435, 25.6001987457, 10.1569766998, -13.2548885345, -25.4644508362, 8.49893760681, 37.0585212708, 90.7900238037, 10.3298625946, 18.5465736389, 0.993395626545], [7.13968610764, 87.9577331543, -42.2528152466, -21.8559646606, -8.0777721405, -14.5860691071, 19.2432727814, 4.69926834106, -0.510248780251, 10.3298625946, 85.1501235962, 22.1782341003, 3.06302142143], [126.134284973, -84.9776153564, 28.6070404053, 20.9545764923, -16.3742179871, -10.6478538513, 8.97873973846, 0.121994540095, -17.6973495483, 18.5465736389, 22.1782341003, 87.1231689453, 18.3438339233], [-55.8913803101, 19.9859256744, 14.3553237915, 44.77085495, 6.9087562561, -1.11543297768, -18.30975914, -2.98703742027, 23.3346748352, 0.993395626545, 3.06302142143, 18.3438339233, 79.1893768311]],
        "icov": [[0.00148311140947, 0.000682213518303, 0.00187894119881, 2.64283135039e-05, 0.00122474413365, 0.000206482451176, 0.000529031211045, -0.000883990258444, 0.000545440998394, -0.00124553765636, 0.000811210891698, -0.00189492327627, 0.000766545417719], [0.000682213518303, 0.00730017060414, -2.23938604904e-06, 0.00615020329133, -0.00254418654367, 0.00556642981246, -0.00303538492881, 0.00459875632077, -0.00552354194224, 0.00568534433842, -0.00687766261399, 0.00553403608501, -0.0045252237469], [0.00187894119881, -2.23938604904e-06, 0.00568955019116, -0.00329841813073, 0.00239465548657, -0.000707939791027, 0.000927166373003, -0.00280913664028, 0.00253318552859, -0.00266138487495, 0.00309142144397, -0.00366628775373, 0.00206628628075], [2.64283135039e-05, 0.00615020329133, -0.00329841813073, 0.0110618602484, -0.0031250261236, 0.00515639176592, -0.0032565719448, 0.00712343957275, -0.00710412720218, 0.00491972640157, -0.0059646256268, 0.00509465206414, -0.00624638423324], [0.00122474413365, -0.00254418654367, 0.00239465548657, -0.0031250261236, 0.00624926295131, -0.00194492610171, 0.00275610410608, -0.00455991597846, 0.00309606618248, -0.0039529427886, 0.00418692873791, -0.00376889645122, 0.00258021987975], [0.000206482451176, 0.00556642981246, -0.000707939791027, 0.00515639176592, -0.00194492610171, 0.0127499774098, -0.00736251240596, 0.00479591684416, -0.00387184042484, 0.00358281820081, -0.00335747213103, 0.00653210608289, -0.00550547800958], [0.000529031211045, -0.00303538492881, 0.000927166373003, -0.0032565719448, 0.00275610410608, -0.00736251240596, 0.0109797036275, -0.00465181982145, 0.0036673725117, -0.00100588717032, 0.000766792683862, -0.00502179376781, 0.00489715253934], [-0.000883990258444, 0.00459875632077, -0.00280913664028, 0.00712343957275, -0.00455991597846, 0.00479591684416, -0.00465181982145, 0.0168508216739, -0.00764312688261, 0.00464543886483, -0.00546014402062, 0.00484905578196, -0.0039953798987], [0.000545440998394, -0.00552354194224, 0.00253318552859, -0.00710412720218, 0.00309606618248, -0.00387184042484, 0.0036673725117, -0.00764312688261, 0.0163031984121, -0.0100467000157, 0.00608589081094, -0.00188831309788, 0.00109521718696], [-0.00124553765636, 0.00568534433842, -0.00266138487495, 0.00491972640157, -0.0039529427886, 0.00358281820081, -0.00100588717032, 0.00464543886483, -0.0100467000157, 0.021308504045, -0.00895810499787, 0.00293819000944, -0.00191594206262], [0.000811210891698, -0.00687766261399, 0.00309142144397, -0.0059646256268, 0.00418692873791, -0.00335747213103, 0.000766792683862, -0.00546014402062, 0.00608589081094, -0.00895810499787, 0.0224798861891, -0.0107077276334, 0.00460881134495], [-0.00189492327627, 0.00553403608501, -0.00366628775373, 0.00509465206414, -0.00376889645122, 0.00653210608289, -0.00502179376781, 0.00484905578196, -0.00188831309788, 0.00293819000944, -0.0107077276334, 0.0240511093289, -0.0101447962224], [0.000766545417719, -0.0045252237469, 0.00206628628075, -0.00624638423324, 0.00258021987975, -0.00550547800958, 0.00489715253934, -0.0039953798987, 0.00109521718696, -0.00191594206262, 0.00460881134495, -0.0101447962224, 0.0200199373066]]
    },
    "melbands": {
        "dmean": [0.00238832691684, 0.00319103896618, 0.00160392408725, 0.000619624915998, 0.000314041477395, 0.000341940904036, 0.000315508106723, 0.000332764204359, 0.000272642180789, 9.66420484474e-05, 6.81808378431e-05, 7.78813482611e-05, 3.33326679538e-05, 4.04958846048e-05, 4.59080329165e-05, 4.87529832753e-05, 4.48633327323e-05, 4.38020288129e-05, 3.91532230424e-05, 2.7275436878e-05, 2.12353716051e-05, 2.63129022642e-05, 1.60513409355e-05, 7.79880519985e-06, 7.25386917111e-06, 7.92756782175e-06, 4.9649020184e-06, 4.51504320154e-06, 4.29088504461e-06, 5.11261077918e-06, 8.18354783405e-06, 8.50561991683e-06, 8.76745252754e-06, 8.02795602795e-06, 4.98142617289e-06, 3.41183204e-06, 2.1169100819e-06, 1.32799152652e-06, 9.52692005285e-07, 8.06043544799e-07],
        "dmean2": [0.00392063800246, 0.00525972247124, 0.00274760718457, 0.00100110797212, 0.000523148919456, 0.00054543511942, 0.0004993781331, 0.000520295579918, 0.000443764147349, 0.000156676891493, 0.000109234031697, 0.000117928815598, 5.04048221046e-05, 6.4035259129e-05, 7.18935116311e-05, 7.43433411117e-05, 6.78418509779e-05, 7.03749610693e-05, 5.98915648879e-05, 4.24854079029e-05, 3.25235159835e-05, 4.0943526983e-05, 2.47755906457e-05, 1.2433003576e-05, 1.12660218292e-05, 1.26459653984e-05, 7.84281473898e-06, 6.96066081218e-06, 6.31150305708e-06, 7.46321165934e-06, 1.24523985505e-05, 1.31827609948e-05, 1.34677811729e-05, 1.21067378132e-05, 7.48667298467e-06, 5.15568126502e-06, 3.25191194861e-06, 2.02054252441e-06, 1.42991586927e-06, 1.21192363167e-06],
        "dvar": [8.28103202366e-06, 1.47406208271e-05, 5.72649378228e-06, 1.14617375857e-06, 1.80761205115e-07, 3.24213402791e-07, 3.68843444676e-07, 3.09288566314e-07, 2.92162781079e-07, 2.73139022511e-08, 2.40523956307e-08, 3.60436729352e-08, 3.65907837363e-09, 6.25711882307e-09, 9.9719814628e-09, 9.80843051224e-09, 7.70349295465e-09, 6.78162104251e-09, 6.14057604764e-09, 3.54047835494e-09, 1.09647046997e-09, 1.3882368588e-09, 4.8174869649e-10, 1.44469755603e-10, 1.21710891365e-10, 1.77992232064e-10, 5.61208059191e-11, 5.59386634236e-11, 4.96834240415e-11, 6.78654285546e-11, 2.12375478315e-10, 1.96991173373e-10, 2.40634567827e-10, 3.13853887324e-10, 8.28135060527e-11, 3.31988846136e-11, 1.42439619127e-11, 5.9564783661e-12, 2.98304003027e-12, 1.74433069985e-12],
        "dvar2": [2.1917396225e-05, 4.14876667492e-05, 1.61089519679e-05, 2.88912906399e-06, 4.98631152368e-07, 7.27184556126e-07, 8.45821261919e-07, 7.08250354364e-07, 6.95517144322e-07, 6.68968240802e-08, 5.87143453856e-08, 7.46382582406e-08, 7.85331089048e-09, 1.51873997822e-08, 2.23263469934e-08, 2.03551273614e-08, 1.62958393446e-08, 1.73221881283e-08, 1.348803913e-08, 8.40329050789e-09, 2.43210340756e-09, 3.23339954811e-09, 1.04722308603e-09, 3.54756279908e-10, 2.87178808511e-10, 4.22113732856e-10, 1.24868657081e-10, 1.27405752615e-10, 1.09650580282e-10, 1.536433758e-10, 5.1557380587e-10, 4.58483195853e-10, 5.5362625595e-10, 7.09105607566e-10, 1.9180290689e-10, 7.76557707027e-11, 3.32663653568e-11, 1.279871608e-11, 6.09209297592e-12, 4.23504677508e-12],
        "max": [0.0279151834548, 0.0400381460786, 0.0281307697296, 0.0119507610798, 0.00413059350103, 0.00821019988507, 0.0104183852673, 0.00669828848913, 0.00696297222748, 0.00181830511428, 0.00153167324606, 0.00318297720514, 0.000737904221751, 0.00102753005922, 0.00138803489972, 0.000908313610125, 0.000863609660883, 0.00115371786524, 0.000956352450885, 0.00102552503813, 0.000385034712963, 0.000368344335584, 0.000265966431471, 0.000178924557986, 0.000161392672453, 0.000149916115333, 8.43528250698e-05, 0.000110025408503, 9.99311523628e-05, 0.00010849708633, 0.000173240536242, 0.000140539705171, 0.00019719080592, 0.000296547892503, 0.000105617626105, 6.71555535519e-05, 6.49944267934e-05, 6.20454738964e-05, 4.82310388179e-05, 1.83938027476e-05],
        "mean": [0.00686593493447, 0.00954342354089, 0.00276816776022, 0.00081971421605, 0.000457360467408, 0.000466661673272, 0.000428280996857, 0.000377661606763, 0.000309369555907, 0.000119751726743, 8.1842954387e-05, 9.81570628937e-05, 4.38420938735e-05, 4.92773688165e-05, 5.40931687283e-05, 6.02482068643e-05, 5.83170549362e-05, 5.19127752341e-05, 4.60649971501e-05, 3.30338043568e-05, 2.86675294774e-05, 3.53389004886e-05, 2.27106120292e-05, 1.19344995255e-05, 1.06336419776e-05, 1.1219620319e-05, 8.04588125902e-06, 7.50675008021e-06, 7.23783159629e-06, 8.05935178505e-06, 1.10298442451e-05, 1.19471487778e-05, 1.23838599393e-05, 1.13416826935e-05, 7.06298487785e-06, 4.8574174798e-06, 3.0308017358e-06, 2.01529337573e-06, 1.51191682107e-06, 1.28744500216e-06],
        "median": [0.00609307922423, 0.00957702565938, 0.00211734767072, 0.000427996186772, 0.000280271604424, 0.000218210421735, 0.000208544966881, 0.000149433151819, 0.000126995539176, 5.60802291147e-05, 2.90261632472e-05, 3.20630970236e-05, 1.63491804415e-05, 1.56424612214e-05, 1.38048771987e-05, 1.56248297571e-05, 1.69194099726e-05, 1.93103278434e-05, 1.34752081067e-05, 1.3052099348e-05, 1.34881320264e-05, 1.77635993168e-05, 1.28282026708e-05, 7.04810918251e-06, 5.83440669288e-06, 5.78136359763e-06, 4.53571510661e-06, 3.68178689314e-06, 3.74138494408e-06, 3.72228873857e-06, 4.512346095e-06, 4.42956570623e-06, 4.89793865199e-06, 3.7238328332e-06, 2.54194560512e-06, 1.89327886346e-06, 1.20757317745e-06, 8.1123300788e-07, 6.90210129051e-07, 5.75155240767e-07],
        "min": [3.93772688767e-06, 2.26998727157e-05, 0.00011354808521, 7.56544977776e-06, 2.44225770984e-06, 1.79658434263e-06, 6.27130816611e-07, 9.148405411e-07, 5.3706298786e-07, 1.5592557645e-07, 1.17539535438e-07, 1.1810311662e-07, 7.38735579375e-08, 1.02467069496e-07, 9.5391563093e-08, 7.33365439487e-08, 6.44854480925e-08, 1.03464827816e-07, 1.30115836328e-07, 8.84996076422e-09, 4.63665230654e-08, 5.91200794986e-08, 2.10021511293e-08, 1.81818240463e-08, 2.14526831854e-08, 6.5683373407e-08, 4.74921399984e-08, 3.71514055075e-08, 8.05925282066e-09, 3.07858485371e-08, 2.51867238177e-08, 9.64840296547e-09, 5.75599834463e-08, 1.2400849414e-07, 9.11199649067e-08, 1.37235089959e-09, 2.21053661487e-11, 1.01715354889e-11, 3.48812840591e-12, 2.51341547401e-12],
