{
"highlevel": {
    "danceability": {
        "all": {
            "danceable": 0.999810099602,
            "not_danceable": 0.000189877217053
        },
        "probability": 0.999810099602,
        "value": "danceable"
    },
    "gender": {
        "all": {
            "female": 0.893873870373,
            "male": 0.106126129627
        },
        "probability": 0.893873870373,
        "value": "female"
    },
    "genre_dortmund": {
        "all": {
            "alternative": 0.00257446686737,
            "blues": 0.00901649426669,
            "electronic": 0.237956792116,
            "folkcountry": 0.00535407429561,
            "funksoulrnb": 0.00235215178691,
            "jazz": 0.0200440958142,
            "pop": 0.0174329970032,
            "raphiphop": 0.701925218105,
            "rock": 0.00334369041957
        },
        "probability": 0.701925218105,
        "value": "raphiphop"
    },
    "genre_electronic": {
        "all": {
            "ambient": 0.259591788054,
            "dnb": 0.449787259102,
            "house": 0.21630884707,
            "techno": 0.0376373454928,
            "trance": 0.0366747826338
        },
        "probability": 0.449787259102,
        "value": "dnb"
    },
    "genre_rosamerica": {
        "all": {
            "cla": 0.000303720851662,
            "dan": 0.0206320360303,
            "hip": 0.864803016186,
            "jaz": 0.00117203604896,
            "pop": 0.0266509521753,
            "rhy": 0.0826454982162,
            "roc": 0.00240486068651,
            "spe": 0.00138786179014
        },
        "probability": 0.864803016186,
        "value": "hip"
    },
    "genre_tzanetakis": {
        "all": {
            "blu": 0.0620671063662,
            "cla": 0.034474901855,
            "cou": 0.103433981538,
            "dis": 0.0620971247554,
            "hip": 0.15527240932,
            "jaz": 0.310666948557,
            "met": 0.044346679002,
            "pop": 0.0620793737471,
            "reg": 0.0620816536248,
            "roc": 0.103479810059
        },
        "probability": 0.310666948557,
        "value": "jaz"
    },
    "ismir04_rhythm": {
        "all": {
            "ChaChaCha": 0.0187551416457,
            "Jive": 0.0145199093968,
            "Quickstep": 0.0332071520388,
            "Rumba-American": 0.0161361154169,
            "Rumba-International": 0.602511584759,
            "Rumba-Misc": 0.0185974687338,
            "Samba": 0.268335282803,
            "Tango": 0.00421751430258,
            "VienneseWaltz": 0.00836257636547,
            "Waltz": 0.0153572559357
        },
        "probability": 0.602511584759,
        "value": "Rumba-International"
    },
    "mood_acoustic": {
        "all": {
            "acoustic": 0.00375146325678,
            "not_acoustic": 0.996248543262
        },
        "probability": 0.996248543262,
        "value": "not_acoustic"
    },
    "mood_aggressive": {
        "all": {
            "aggressive": 0.0203521549702,
            "not_aggressive": 0.979647815228
        },
        "probability": 0.979647815228,
        "value": "not_aggressive"
    },
    "mood_electronic": {
        "all": {
            "electronic": 0.993126094341,
            "not_electronic": 0.00687388191
        },
        "probability": 0.993126094341,
        "value": "electronic"
    },
    "mood_happy": {
        "all": {
            "happy": 0.281384527683,
            "not_happy": 0.718615472317
        },
        "probability": 0.718615472317,
        "value": "not_happy"
    },
    "mood_party": {
        "all": {
            "not_party": 0.293854892254,
            "party": 0.706145107746
        },
        "probability": 0.706145107746,
        "value": "party"
    },
    "mood_relaxed": {
        "all": {
            "not_relaxed": 0.354802936316,
            "relaxed": 0.645197093487
        },
        "probability": 0.645197093487,
        "value": "relaxed"
    },
    "mood_sad": {
        "all": {
            "not_sad": 0.36558252573,
            "sad": 0.63441747427
        },
        "probability": 0.63441747427,
        "value": "sad"
    },
    "moods_mirex": {
        "all": {
            "Cluster1": 0.193856671453,
            "Cluster2": 0.138219416142,
            "Cluster3": 0.0717625170946,
            "Cluster4": 0.041185233742,
            "Cluster5": 0.554976165295
        },
        "probability": 0.554976165295,
        "value": "Cluster5"
    },
    "timbre": {
        "all": {
            "bright": 0.0581303462386,
            "dark": 0.941869676113
        },
        "probability": 0.941869676113,
        "value": "dark"
    },
    "tonal_atonal": {
        "all": {
            "atonal": 0.968856275082,
            "tonal": 0.0311437360942
        },
        "probability": 0.968856275082,
        "value": "atonal"
    },
    "voice_instrumental": {
        "all": {
            "instrumental": 0.0101617891341,
            "voice": 0.989838182926
        },
        "probability": 0.989838182926,
        "value": "voice"
    }
},
"lowlevel": {
    "average_loudness": 0.97299772501,
    "barkbands_crest": {
        "dmean": 2.47813081741,
        "dmean2": 3.56013536453,
        "dvar": 6.37989091873,
        "dvar2": 13.2974863052,
        "max": 25.3292827606,
        "mean": 15.3615531921,
        "median": 15.3814973831,
        "min": 2.77900624275,
        "var": 22.9178676605
    },
    "barkbands_flatness_db": {
        "dmean": 0.0483205579221,
        "dmean2": 0.0630215555429,
        "dvar": 0.0025102882646,
        "dvar2": 0.00344073981978,
        "max": 0.540426850319,
        "mean": 0.258698791265,
        "median": 0.245168372989,
        "min": 0.046176571399,
        "var": 0.00891860108823
    },
    "barkbands_kurtosis": {
        "dmean": 18.0511360168,
        "dmean2": 28.3269443512,
        "dvar": 747.769470215,
        "dvar2": 1705.55737305,
        "max": 309.980651855,
        "mean": 25.9718589783,
        "median": 13.9491519928,
        "min": -1.68484330177,
        "var": 1125.42407227
    },
    "barkbands_skewness": {
        "dmean": 1.2872338295,
        "dmean2": 1.99031734467,
        "dvar": 1.89155805111,
        "dvar2": 4.25533866882,
        "max": 15.6301994324,
        "mean": 3.68386149406,
        "median": 3.26002192497,
        "min": -1.454246521,
        "var": 4.23558855057
    },
    "barkbands_spread": {
        "dmean": 7.5693602562,
        "dmean2": 11.5383729935,
        "dvar": 110.997253418,
        "dvar2": 224.650436401,
        "max": 83.2078552246,
        "mean": 12.8041191101,
        "median": 8.55674266815,
        "min": 0.191490709782,
        "var": 199.601654053
    },
    "dissonance": {
        "dmean": 0.0323421359062,
        "dmean2": 0.0521065182984,
        "dvar": 0.000950657296926,
        "dvar2": 0.00252330023795,
        "max": 0.499729275703,
        "mean": 0.438775658607,
        "median": 0.45010894537,
        "min": 0.218604296446,
        "var": 0.00214779283851
    },
    "dynamic_complexity": 2.29114675522,
    "erbbands_crest": {
        "dmean": 3.55067157745,
        "dmean2": 5.76525068283,
        "dvar": 10.1509160995,
        "dvar2": 23.7169551849,
        "max": 27.4337425232,
        "mean": 10.7591838837,
        "median": 9.72733020782,
        "min": 2.8439912796,
        "var": 23.4422245026
    },
    "erbbands_flatness_db": {
        "dmean": 0.0275183897465,
        "dmean2": 0.0416029654443,
        "dvar": 0.000753294385504,
        "dvar2": 0.00154753681272,
        "max": 0.331893086433,
        "mean": 0.160351261497,
        "median": 0.152314379811,
        "min": 0.0596710555255,
        "var": 0.00211841776036
    },
    "erbbands_kurtosis": {
        "dmean": 2.1642780304,
        "dmean2": 3.41184949875,
        "dvar": 9.68351364136,
        "dvar2": 22.5405292511,
        "max": 32.554397583,
        "mean": 1.7192158699,
        "median": 0.496737241745,
        "min": -1.85495626926,
        "var": 14.5838336945
    },
    "erbbands_skewness": {
        "dmean": 0.653849601746,
        "dmean2": 0.999862611294,
        "dvar": 0.496268391609,
        "dvar2": 1.05087316036,
        "max": 4.47379970551,
        "mean": 0.611646950245,
        "median": 0.640470027924,
        "min": -4.50498533249,
        "var": 1.11352133751
    },
    "erbbands_spread": {
        "dmean": 18.4019203186,
        "dmean2": 28.3425941467,
        "dvar": 418.691314697,
        "dvar2": 886.658508301,
        "max": 155.733413696,
        "mean": 45.4240722656,
        "median": 39.03956604,
        "min": 4.6305346489,
        "var": 798.977111816
    },
    "hfc": {
        "dmean": 12.543469429,
        "dmean2": 18.4453010559,
        "dvar": 373.349456787,
        "dvar2": 716.36529541,
        "max": 148.459793091,
        "mean": 20.3815765381,
        "median": 11.6945333481,
        "min": 0.021410273388,
        "var": 575.856872559
    },
    "melbands_crest": {
        "dmean": 3.13497662544,
        "dmean2": 4.76290655136,
        "dvar": 12.0353832245,
        "dvar2": 28.0746765137,
        "max": 37.9193153381,
        "mean": 26.6722831726,
        "median": 27.8304710388,
        "min": 5.428565979,
        "var": 35.2972259521
    },
    "melbands_flatness_db": {
        "dmean": 0.0576361119747,
        "dmean2": 0.0745064020157,
        "dvar": 0.00371307157911,
        "dvar2": 0.00518961064517,
        "max": 0.668698370457,
        "mean": 0.341569691896,
        "median": 0.329918861389,
        "min": 0.0530983135104,
        "var": 0.0131467282772
    },
    "melbands_kurtosis": {
        "dmean": 37.5804405212,
        "dmean2": 59.2542533875,
        "dvar": 3400.30297852,
        "dvar2": 7815.41845703,
        "max": 621.647033691,
        "mean": 58.6728057861,
        "median": 34.1975479126,
        "min": -1.11889243126,
        "var": 5416.47949219
    },
    "melbands_skewness": {
        "dmean": 1.75128149986,
        "dmean2": 2.63425421715,
        "dvar": 3.43693947792,
        "dvar2": 7.65810108185,
        "max": 22.3494529724,
        "mean": 5.31749725342,
        "median": 4.69105195999,
        "min": -1.151014328,
        "var": 8.77781581879
    },
    "melbands_spread": {
        "dmean": 5.95124292374,
        "dmean2": 8.76265048981,
        "dvar": 100.348075867,
        "dvar2": 199.686477661,
        "max": 142.860092163,
        "mean": 9.96788692474,
        "median": 5.91576194763,
        "min": 0.205044880509,
        "var": 175.014724731
    },
    "pitch_salience": {
        "dmean": 0.0772540643811,
        "dmean2": 0.119824171066,
        "dvar": 0.00718046631664,
        "dvar2": 0.0176505725831,
        "max": 0.85470944643,
        "mean": 0.363677799702,
        "median": 0.339521288872,
        "min": 0.104318186641,
        "var": 0.0149225229397
    },
    "silence_rate_20dB": {
        "dmean": 0,
        "dmean2": 0,
        "dvar": 0,
        "dvar2": 0,
        "max": 1,
        "mean": 1,
        "median": 1,
        "min": 1,
        "var": 0
    },
    "silence_rate_30dB": {
        "dmean": 0.078947365284,
        "dmean2": 0.158017039299,
        "dvar": 0.0727149546146,
        "dvar2": 0.139243870974,
        "max": 1,
        "mean": 0.870842993259,
        "median": 1,
        "min": 0,
        "var": 0.112474031746
    },
    "silence_rate_60dB": {
        "dmean": 0.0123839005828,
        "dmean2": 0.0247869864106,
        "dvar": 0.0122307036072,
        "dvar2": 0.0288199521601,
        "max": 1,
        "mean": 0.0154679045081,
        "median": 0,
        "min": 0,
        "var": 0.0152281830087
    },
    "spectral_centroid": {
        "dmean": 401.952270508,
        "dmean2": 623.733703613,
        "dvar": 286217,
        "dvar2": 553979.6875,
        "max": 4040.55126953,
        "mean": 1028.82873535,
        "median": 814.335205078,
        "min": 125.842132568,
        "var": 614653.0625
    },
    "spectral_complexity": {
        "dmean": 5.03250789642,
        "dmean2": 7.16498851776,
        "dvar": 50.8564682007,
        "dvar2": 78.3111877441,
        "max": 62,
        "mean": 12.4377412796,
        "median": 10,
        "min": 0,
        "var": 108.878807068
    },
    "spectral_decrease": {
        "dmean": 3.56138829538e-09,
        "dmean2": 5.28705967895e-09,
        "dvar": 2.5639543384e-17,
        "dvar2": 5.2710784207e-17,
        "max": -6.19315536354e-12,
        "mean": -1.76761041359e-08,
        "median": -1.70126686072e-08,
        "min": -5.16148972451e-08,
        "var": 7.3216224324e-17
    },
    "spectral_energy": {
        "dmean": 0.0142024541274,
        "dmean2": 0.0209243483841,
        "dvar": 0.000387981679523,
        "dvar2": 0.000786354998127,
        "max": 0.200601056218,
        "mean": 0.0685624331236,
        "median": 0.0657656490803,
        "min": 2.53163452726e-05,
        "var": 0.00109828705899
    },
    "spectral_energyband_high": {
        "dmean": 0.00108132686,
        "dmean2": 0.0017127126921,
        "dvar": 3.5821574329e-06,
        "dvar2": 7.51836068957e-06,
        "max": 0.0139643158764,
        "mean": 0.00117527216207,
        "median": 0.000228414661251,
        "min": 1.18725239417e-07,
        "var": 4.61003219243e-06
    },
    "spectral_energyband_low": {
        "dmean": 0.0104506248608,
        "dmean2": 0.0163486879319,
        "dvar": 0.000305952416966,
        "dvar2": 0.000687749066856,
        "max": 0.164257720113,
        "mean": 0.0542451664805,
        "median": 0.052226614207,
        "min": 2.17992237594e-06,
        "var": 0.000825889525004
    },
    "spectral_energyband_middle_high": {
        "dmean": 0.00250067957677,
        "dmean2": 0.00345355155878,
        "dvar": 1.89139791473e-05,
        "dvar2": 3.38699865097e-05,
        "max": 0.041626110673,
        "mean": 0.00337131903507,
        "median": 0.00107095378917,
        "min": 1.07054052023e-06,
        "var": 3.28466121573e-05
    },
    "spectral_energyband_middle_low": {
        "dmean": 0.00627730414271,
        "dmean2": 0.0101328892633,
        "dvar": 0.000138068324304,
        "dvar2": 0.000374301074771,
        "max": 0.100660525262,
        "mean": 0.0105429328978,
        "median": 0.00765854632482,
        "min": 1.13757287181e-05,
        "var": 0.000127350387629
    },
    "spectral_entropy": {
        "dmean": 0.359237372875,
        "dmean2": 0.51885831356,
        "dvar": 0.170552134514,
        "dvar2": 0.309962272644,
        "max": 8.47474956512,
        "mean": 7.24633598328,
        "median": 7.35128450394,
        "min": 5.25938415527,
        "var": 0.428580284119
    },
    "spectral_flux": {
        "dmean": 0.0390018820763,
        "dmean2": 0.0540183223784,
        "dvar": 0.00200726068579,
        "dvar2": 0.00284121627919,
        "max": 0.404130399227,
        "mean": 0.105900093913,
        "median": 0.0885264053941,
        "min": 0.00379426404834,
        "var": 0.00545104406774
    },
    "spectral_kurtosis": {
        "dmean": 3.41129875183,
        "dmean2": 5.16566038132,
        "dvar": 33.1454315186,
        "dvar2": 69.3332672119,
        "max": 84.6862182617,
        "mean": 5.54855823517,
        "median": 3.50148296356,
        "min": -0.97375869751,
        "var": 56.8555679321
    },
    "spectral_rms": {
        "dmean": 0.00083277374506,
        "dmean2": 0.00119537941646,
        "dvar": 1.10924622732e-06,
        "dvar2": 2.06891832022e-06,
        "max": 0.0139895798638,
        "mean": 0.0078908810392,
        "median": 0.00801009405404,
        "min": 0.000157158749062,
        "var": 4.62420075564e-06
    },
    "spectral_rolloff": {
        "dmean": 329.613525391,
        "dmean2": 560.247131348,
        "dvar": 611935.375,
        "dvar2": 1422245,
        "max": 7105.95703125,
        "mean": 496.061859131,
        "median": 172.265625,
        "min": 43.06640625,
        "var": 781001.75
    },
    "spectral_skewness": {
        "dmean": 0.474509596825,
        "dmean2": 0.6931219697,
        "dvar": 0.331738322973,
        "dvar2": 0.633288323879,
        "max": 6.74855184555,
        "mean": 1.68703687191,
        "median": 1.49443793297,
        "min": -0.0902508571744,
        "var": 0.820591032505
    },
    "spectral_spread": {
        "dmean": 1122090.75,
        "dmean2": 1612340.75,
        "dvar": 1.70963907379e+12,
        "dvar2": 3.4458763264e+12,
        "max": 13970347,
        "mean": 4879676,
        "median": 4526107,
        "min": 908720.25,
        "var": 3.59540693402e+12
    },
    "spectral_strongpeak": {
        "dmean": 0.151119440794,
        "dmean2": 0.24866387248,
        "dvar": 0.117289856076,
        "dvar2": 0.26411280036,
        "max": 8.32142448425,
        "mean": 0.450996845961,
        "median": 0.303130090237,
        "min": 0,
        "var": 0.214527055621
    },
    "zerocrossingrate": {
        "dmean": 0.0109133878723,
        "dmean2": 0.0130920642987,
        "dvar": 0.000141705575516,
        "dvar2": 0.000179306036443,
        "max": 0.15966796875,
        "mean": 0.0267587937415,
        "median": 0.0205078125,
        "min": 0.00146484375,
        "var": 0.000530433608219
    },
    "barkbands": {
        "dmean": [0.00211107777432, 0.00964384153485, 0.0051126582548, 0.00255874055438, 0.00169911049306, 0.00185354170389, 0.000921847124118, 0.000976798706688, 0.000671193585731, 0.000290861004032, 0.00034739705734, 0.000652606482618, 0.000394097471144, 0.00030984391924, 0.000238439402892, 0.000193520827452, 0.000206118216738, 0.000213160019484, 0.000274257792626, 0.00021854302031, 0.000194354026462, 0.000183660027687, 0.000388883170672, 0.000213333696593, 7.77215755079e-05, 3.7439433072e-05, 1.03413775321e-08],
        "dmean2": [0.0034934184514, 0.01496907603, 0.00923418719321, 0.00454052072018, 0.00297777331434, 0.0029202690348, 0.00146859313827, 0.0014557777904, 0.000990965170786, 0.000433172855992, 0.000535048311576, 0.000961900572293, 0.000610946968663, 0.000484553544084, 0.000360497360816, 0.000294437777484, 0.000311871059239, 0.000336601457093, 0.000423713354394, 0.000334893818945, 0.000286724010948, 0.000288163486402, 0.000643514329568, 0.000351049937308, 0.000123358418932, 6.16186662228e-05, 1.95022558103e-08],
        "dvar": [6.09804237683e-06, 0.000253272330156, 0.00021541811293, 4.55785011582e-05, 1.91618401004e-05, 7.61921273806e-06, 3.28242504111e-06, 4.29190185969e-06, 2.06147706194e-06, 4.59627784721e-07, 1.03223055703e-06, 2.84321026811e-06, 9.27418341234e-07, 6.03627427154e-07, 2.91685609e-07, 1.840499948e-07, 1.91563117369e-07, 3.38757814689e-07, 8.2378778643e-07, 2.60452253542e-07, 1.8997016582e-07, 1.62706129458e-07, 5.94943287524e-07, 1.6396576541e-07, 2.47505322903e-08, 1.85746795722e-08, 4.25201222159e-15],
        "dvar2": [1.53433193191e-05, 0.000625019776635, 0.000598152400926, 0.00013230922923, 5.39229040442e-05, 1.65927158378e-05, 6.8114854912e-06, 8.46682905831e-06, 3.81526979254e-06, 9.9416104149e-07, 2.56524776887e-06, 5.6138128457e-06, 2.01585316972e-06, 1.32264665353e-06, 6.33080844636e-07, 3.99492734005e-07, 4.09674072444e-07, 7.47192586914e-07, 1.88749197605e-06, 5.87099577842e-07, 4.30448181987e-07, 3.49947072209e-07, 1.48627293584e-06, 4.06816582199e-07, 6.14339370486e-08, 4.93898149045e-08, 1.23206659651e-14],
        "max": [0.0267921984196, 0.131213098764, 0.0995457917452, 0.0730337128043, 0.0337011925876, 0.0363140776753, 0.0194187909365, 0.0203171744943, 0.0241980198771, 0.0123617257923, 0.0149771627039, 0.0320843532681, 0.00880724191666, 0.00897651724517, 0.00572597282007, 0.00421241670847, 0.00545485224575, 0.00630182027817, 0.0128106344491, 0.00623992132023, 0.00588806625456, 0.00535179302096, 0.00407359283417, 0.00210710219108, 0.0017454510089, 0.00329256546684, 1.19787409858e-06],
        "mean": [0.00917251221836, 0.0386074930429, 0.00576383853331, 0.00273063592613, 0.0016724599991, 0.00278801866807, 0.00100098643452, 0.00131347356364, 0.000903846521396, 0.000358809396857, 0.000370753376046, 0.000721535412595, 0.000404534192057, 0.000317368481774, 0.000251117482549, 0.000203230651096, 0.000217437860556, 0.000212212631595, 0.000275453057839, 0.000241306828684, 0.000213850886212, 0.000205608550459, 0.000322382635204, 0.000184193995665, 7.24522469682e-05, 3.69191875507e-05, 6.55027942997e-09],
        "median": [0.00863051507622, 0.0339736193419, 0.00249517941847, 0.00120838312432, 0.000610094808508, 0.00160104618408, 0.000157549788128, 0.000105840546894, 0.000233575818129, 5.42686138942e-05, 3.51491253241e-05, 3.82170255762e-05, 3.07032169076e-05, 3.15510624205e-05, 3.85437888326e-05, 3.18608581438e-05, 4.11853434343e-05, 2.30749992625e-05, 3.61508573405e-05, 4.27503800893e-05, 4.50797851954e-05, 3.3378637454e-05, 2.63105557679e-05, 1.91697727132e-05, 1.00229453892e-05, 6.43258181299e-06, 7.34049265816e-10],
        "min": [2.29785790395e-08, 4.40085102582e-07, 1.22901880673e-07, 3.45015905623e-07, 1.91560559415e-07, 6.80987682244e-07, 1.68969336301e-07, 5.12298640842e-07, 7.41798800163e-08, 1.23607946989e-07, 2.17470798702e-07, 1.54686503606e-07, 2.49493812277e-08, 3.95694890187e-08, 3.17638182423e-08, 1.75594259133e-08, 1.9933386497e-08, 2.29781562666e-08, 3.70748054479e-08, 2.34793233744e-08, 1.97484197884e-08, 2.84421517449e-08, 6.34921315523e-09, 1.22805299263e-09, 1.17279840353e-11, 1.02425342513e-11, 9.75870426134e-12],
        "var": [4.38810748165e-05, 0.000645244726911, 0.000153219327331, 2.9066366551e-05, 1.34314204843e-05, 1.23682202684e-05, 4.6998925427e-06, 8.15118983155e-06, 3.75066588276e-06, 7.2344317914e-07, 1.15029718017e-06, 4.54140172224e-06, 1.09811526272e-06, 7.24632570837e-07, 3.68401401829e-07, 2.27852893886e-07, 2.29955389841e-07, 3.87173002991e-07, 8.55775226682e-07, 3.30124095171e-07, 2.56239928831e-07, 1.99091971353e-07, 5.18105650826e-07, 1.48660390664e-07, 2.35418138317e-08, 1.53500483435e-08, 2.36539413883e-15]
    },
    "erbbands": {
        "dmean": [0.393561810255, 2.17425394058, 5.3262295723, 7.1375079155, 6.97429656982, 5.16653156281, 8.44613647461, 19.0189189911, 11.4064836502, 18.989610672, 18.2855319977, 15.7871618271, 9.25109577179, 10.1555709839, 16.4511451721, 27.9067611694, 17.3891277313, 14.7219638824, 13.8305902481, 10.1484422684, 11.1187171936, 11.0016746521, 11.5119533539, 11.1067056656, 14.2757711411, 10.6432523727, 9.45489788055, 6.36561155319, 6.94110012054, 7.4531416893, 11.0622205734, 6.96169614792, 2.29628062248, 1.03308451176, 0.498318791389, 0.20125874877, 0.0724314376712, 0.00508085032925, 0.00010386818758, 2.10166072065e-05],
        "dmean2": [0.58992087841, 3.23522591591, 9.16621208191, 12.6519155502, 12.1958780289, 9.14990997314, 13.6695251465, 30.0163784027, 18.0773029327, 28.6538448334, 26.9667053223, 23.0623340607, 13.7193851471, 14.852730751, 25.1374320984, 40.1901435852, 27.0509624481, 22.8681488037, 20.2456760406, 14.7737236023, 16.644317627, 16.2933769226, 18.0023078918, 16.5119743347, 22.8022594452, 16.5789737701, 14.4675607681, 9.25790500641, 10.7935180664, 11.9311504364, 18.3710689545, 11.5094394684, 3.7189912796, 1.65266788006, 0.79622399807, 0.33191549778, 0.120585873723, 0.00831973645836, 0.000166464975337, 3.13317214022e-05],
        "dvar": [0.292829811573, 18.7421989441, 222.779815674, 376.845214844, 317.148620605, 211.172622681, 166.457870483, 1029.8001709, 402.418395996, 1260.97485352, 1631.23937988, 1285.06469727, 465.186737061, 1177.85791016, 2021.40270996, 5306.94335938, 1777.08361816, 1246.17602539, 1008.67144775, 484.663360596, 575.819396973, 535.998474121, 915.94744873, 1139.60656738, 2614.47436523, 677.68737793, 438.447937012, 209.433395386, 234.893737793, 193.316146851, 487.312683105, 182.829025269, 18.7663784027, 3.93093204498, 1.07848954201, 0.506488800049, 0.0667041987181, 0.000287875358481, 9.05789505623e-08, 8.36602176424e-10],
        "dvar2": [0.692002058029, 43.109336853, 584.139709473, 1078.24536133, 902.836975098, 594.98223877, 400.156890869, 2235.55541992, 854.596740723, 2669.36401367, 3296.47216797, 2225.7121582, 1004.9755249, 2346.42700195, 4852.99707031, 10280.5898438, 3838.66577148, 2624.83349609, 2118.28076172, 1039.47229004, 1222.33642578, 1085.53076172, 1950.38183594, 2480.64282227, 6432.09423828, 1536.22229004, 1003.4395752, 440.436035156, 508.872833252, 438.451965332, 1227.88757324, 460.104858398, 45.1936149597, 9.50419616699, 2.69301366806, 1.33523440361, 0.180312514305, 0.000721026095562, 2.26718654517e-07, 1.70503489105e-09],
        "max": [5.25809526443, 34.9486312866, 108.005691528, 204.575820923, 138.952331543, 126.353637695, 111.531532288, 466.385437012, 239.804046631, 308.045440674, 525.883544922, 689.924987793, 317.274139404, 911.60369873, 670.233093262, 1342.89733887, 433.072143555, 395.311523438, 367.027252197, 283.783081055, 233.489303589, 255.81072998, 319.000152588, 558.196899414, 841.663818359, 317.534759521, 293.711547852, 166.750701904, 185.025970459, 132.589126587, 129.016387939, 73.6699447632, 27.982793808, 17.4827594757, 14.4188814163, 17.0425014496, 5.4851732254, 0.416797637939, 0.00666102766991, 0.000332476891344],
        "mean": [2.00168991089, 5.11222696304, 7.12721824646, 8.08435440063, 7.27828931808, 4.96435308456, 11.5686912537, 27.593667984, 14.0891895294, 23.0780506134, 25.6479206085, 22.1555633545, 13.492433548, 12.2665672302, 18.2524738312, 30.6866111755, 19.373216629, 16.5362625122, 15.567653656, 10.9560594559, 12.1277227402, 11.9914445877, 11.885933876, 11.388428688, 14.2499332428, 11.6704797745, 10.5122251511, 7.22137022018, 7.74201917648, 7.18203639984, 9.10192966461, 5.79797458649, 2.0908536911, 0.930794417858, 0.463127911091, 0.19192096591, 0.0698679387569, 0.00494574103504, 0.000132830391522, 8.3267208538e-05],
        "median": [1.84651339054, 3.28164076805, 2.84783840179, 4.33008718491, 2.54779815674, 1.61692154408, 6.50878190994, 13.5210018158, 5.52554512024, 3.31445550919, 3.24893331528, 6.40668106079, 3.58937525749, 1.84310853481, 1.59659922123, 1.73548924923, 1.66602873802, 1.99042797089, 2.13531565666, 2.00401067734, 2.17869591713, 2.56724071503, 1.57703077793, 1.69134366512, 1.85459184647, 2.1407096386, 2.07552647591, 1.43696570396, 1.22798597813, 0.923942685127, 0.650273680687, 0.516442418098, 0.226716160774, 0.108687251806, 0.0659244209528, 0.0322253741324, 0.0111802527681, 0.000649832421914, 4.97080727655e-05, 7.71482955315e-05],
        "min": [7.23321954865e-06, 0.000121910008602, 0.000428593513789, 0.0022761777509, 0.00149488332681, 0.000655675074086, 0.00141329818871, 0.00280107720755, 0.002019563457, 0.0127906631678, 0.00923613179475, 0.00222377758473, 0.00277725164779, 0.00729731097817, 0.00821696128696, 0.00388471852057, 0.00173681194428, 0.00195094826631, 0.0023222246673, 0.0012148359092, 0.00108846661169, 0.00110011396464, 0.00129607564304, 0.00135822349694, 0.00151791423559, 0.00125880958512, 0.00121950195171, 0.00108200102113, 0.000922199105844, 0.000448246108135, 0.000171003033756, 4.96415268572e-05, 3.66356616723e-05, 2.43450813286e-05, 1.78208156285e-05, 1.02083849924e-05, 3.94663061343e-07, 3.51656836983e-08, 1.98584153566e-08, 3.10423189376e-08],
        "var": [1.22600769997, 35.7155036926, 209.731262207, 242.569458008, 218.148803711, 144.504455566, 226.78944397, 1632.78015137, 594.56463623, 1855.34082031, 3292.95239258, 2367.76586914, 767.583312988, 1937.09008789, 2359.81738281, 8534.24023438, 2147.72729492, 1622.79858398, 1427.42590332, 621.69317627, 729.329467773, 689.358520508, 1086.76281738, 1266.80163574, 2451.2800293, 809.210754395, 589.740600586, 293.217193604, 288.973266602, 211.971282959, 419.39074707, 158.589752197, 18.5039825439, 3.84872221947, 1.02115046978, 0.39803391695, 0.0558219142258, 0.000312894175295, 9.90529542833e-08, 1.87036519605e-09]
    },
    "gfcc": {
        "mean": [-27.2154903412, 108.723403931, -76.4891586304, 52.7082977295, -50.5049743652, 22.0985279083, -24.1814193726, 11.4183044434, -9.20482635498, 8.7628993988, -5.9132065773, 3.75203585625, -4.16325521469],
        "cov": [[7081.26855469, -2336.52246094, -1070.38671875, 143.289321899, -606.507629395, 516.96295166, -603.19921875, 607.391174316, -358.566650391, 478.59375, -367.484558105, 137.855834961, -548.125793457], [-2336.52246094, 1959.14941406, 269.426361084, -420.262664795, 360.353973389, -254.283355713, 356.340576172, -294.175292969, 328.703216553, -223.441101074, 261.802703857, -127.309196472, 257.84765625], [-1070.38671875, 269.426361084, 1147.64013672, 203.199417114, 120.752067566, 23.4591846466, 44.9225845337, -74.3892822266, 42.6570281982, -37.5081710815, 57.982006073, 51.315536499, 115.482803345], [143.289321899, -420.262664795, 203.199417114, 771.497497559, 42.9192771912, -36.8007240295, -22.2460384369, -32.9812240601, 63.7877922058, -23.7111949921, 29.2189502716, -25.4399433136, 79.7491912842], [-606.507629395, 360.353973389, 120.752067566, 42.9192771912, 431.565490723, -48.9562225342, 87.6591796875, -52.04164505, 68.9155654907, 23.265745163, 19.4050273895, -5.69487333298, 83.521484375], [516.96295166, -254.283355713, 23.4591846466, -36.8007240295, -48.9562225342, 315.395874023, 8.55093765259, 29.7972011566, -44.0574417114, 13.6201896667, -13.8299922943, 5.40633153915, -43.3310012817], [-603.19921875, 356.340576172, 44.9225845337, -22.2460384369, 87.6591796875, 8.55093765259, 351.314147949, -8.78169345856, 39.1453742981, -81.8397140503, 54.8933105469, -11.0602626801, 72.5477142334], [607.391174316, -294.175292969, -74.3892822266, -32.9812240601, -52.04164505, 29.7972011566, -8.78169345856, 219.278823853, -66.965461731, 43.3559608459, -48.418132782, 37.8937797546, -61.0630302429], [-358.566650391, 328.703216553, 42.6570281982, 63.7877922058, 68.9155654907, -44.0574417114, 39.1453742981, -66.965461731, 240.0287323, -8.90280818939, 37.5678710938, -66.5466308594, 60.1683616638], [478.59375, -223.441101074, -37.5081710815, -23.7111949921, 23.265745163, 13.6201896667, -81.8397140503, 43.3559608459, -8.90280818939, 208.706542969, -52.9566268921, 6.04756116867, -54.6580924988], [-367.484558105, 261.802703857, 57.982006073, 29.2189502716, 19.4050273895, -13.8299922943, 54.8933105469, -48.418132782, 37.5678710938, -52.9566268921, 196.942306519, 10.2095508575, 49.1931991577], [137.855834961, -127.309196472, 51.315536499, -25.4399433136, -5.69487333298, 5.40633153915, -11.0602626801, 37.8937797546, -66.5466308594, 6.04756116867, 10.2095508575, 120.846191406, -5.9802312851], [-548.125793457, 257.84765625, 115.482803345, 79.7491912842, 83.521484375, -43.3310012817, 72.5477142334, -61.0630302429, 60.1683616638, -54.6580924988, 49.1931991577, -5.9802312851, 155.82661438]],
        "icov": [[0.000487381184939, -0.000483430398162, 0.000476756918943, -0.000751376792323, 0.00050309614744, -0.000941972539295, 0.000597509497311, -0.00094869278837, 0.00028767195181, -0.000816460989881, 0.000588713330217, -0.000821264751721, 0.000749173050281], [-0.000483430398162, 0.00498809665442, -0.00141688983422, 0.00449398625642, -0.00251420796849, 0.00360847986303, -0.00238520256244, 0.00306233158335, -0.00331186433323, 0.00320914993063, -0.00389453489333, 0.00410410622135, -0.00275130034424], [0.000476756918943, -0.00141688983422, 0.00169650116004, -0.00174141081516, 0.000754246662837, -0.00170669844374, 0.000971232773736, -0.00113586208317, 0.000817316467874, -0.0012803619029, 0.00123738858383, -0.0021251544822, 0.000642486382276], [-0.000751376792323, 0.00449398625642, -0.00174141081516, 0.00573174329475, -0.00245528784581, 0.00374648696743, -0.00210417807102, 0.00304874312133, -0.00311289913952, 0.00332449492998, -0.00374418869615, 0.00436960160732, -0.00347216753289], [0.00050309614744, -0.00251420796849, 0.000754246662837, -0.00245528784581, 0.00432769395411, -0.00187896471471, 0.000727398670278, -0.00151575508062, 0.00128610758111, -0.00290854368359, 0.00226284121163, -0.0025413215626, 0.000524135597516], [-0.000941972539295, 0.00360847986303, -0.00170669844374, 0.00374648696743, -0.00187896471471, 0.00685096438974, -0.00260005681776, 0.00297022960149, -0.00188830390107, 0.00281343352981, -0.00311745377257, 0.0038185454905, -0.00180369487498], [0.000597509497311, -0.00238520256244, 0.000971232773736, -0.00210417807102, 0.000727398670278, -0.00260005681776, 0.00514099141583, -0.00276972679421, 0.00133931508753, -0.000687301740982, 0.00147172773723, -0.00188688433263, 0.000518714310601], [-0.00094869278837, 0.00306233158335, -0.00113586208317, 0.00304874312133, -0.00151575508062, 0.00297022960149, -0.00276972679421, 0.00880941748619, -0.00133310654201, 0.00185921357479, -0.00174411351327, 0.00148457125761, -0.000968406908214], [0.00028767195181, -0.00331186433323, 0.000817316467874, -0.00311289913952, 0.00128610758111, -0.00188830390107, 0.00133931508753, -0.00133310654201, 0.00809651147574, -0.00271276314743, 0.00178657332435, 0.000333760894137, 0.00049012794625], [-0.000816460989881, 0.00320914993063, -0.0012803619029, 0.00332449492998, -0.00290854368359, 0.00281343352981, -0.000687301740982, 0.00185921357479, -0.00271276314743, 0.00888631492853, -0.00184014858678, 0.00282960315235, -0.00069088942837], [0.000588713330217, -0.00389453489333, 0.00123738858383, -0.00374418869615, 0.00226284121163, -0.00311745377257, 0.00147172773723, -0.00174411351327, 0.00178657332435, -0.00184014858678, 0.00927154906094, -0.00478756800294, 0.00161995983217], [-0.000821264751721, 0.00410410622135, -0.0021251544822, 0.00436960160732, -0.0025413215626, 0.0038185454905, -0.00188688433263, 0.00148457125761, 0.000333760894137, 0.00282960315235, -0.00478756800294, 0.014701497741, -0.00351783959195], [0.000749173050281, -0.00275130034424, 0.000642486382276, -0.00347216753289, 0.000524135597516, -0.00180369487498, 0.000518714310601, -0.000968406908214, 0.00049012794625, -0.00069088942837, 0.00161995983217, -0.00351783959195, 0.0124246077612]]
    },
    "melbands": {
        "dmean": [0.00282380217686, 0.00246594077908, 0.00123914633878, 0.000410988461226, 0.000275793921901, 0.000391842535464, 0.000184271280887, 0.000216024694964, 0.000144264326082, 9.87419116427e-05, 4.55527297163e-05, 4.07368352171e-05, 4.97501059726e-05, 6.98752555763e-05, 6.41054211883e-05, 3.42290550179e-05, 2.83724948531e-05, 2.41166671913e-05, 1.73018925125e-05, 1.20358954518e-05, 1.37966244438e-05, 1.15028533401e-05, 1.32456889332e-05, 8.65229776537e-06, 9.07995854504e-06, 1.13729111035e-05, 8.64723278937e-06, 7.02745455783e-06, 6.21501749265e-06, 4.81450706502e-06, 3.70987868337e-06, 4.13840234614e-06, 3.50335585608e-06, 5.06917967869e-06, 6.55516532788e-06, 6.54538644085e-06, 3.40765200235e-06, 1.75532557023e-06, 1.03663228401e-06, 8.12144094198e-07],
        "dmean2": [0.00445729075, 0.00382676511072, 0.00217469013296, 0.000731996609829, 0.000447953294497, 0.000619218335487, 0.000289876479656, 0.000323758547893, 0.000214079685975, 0.000145009587868, 6.84028709657e-05, 6.11600989942e-05, 7.62021809351e-05, 0.000103236605355, 0.000100224191556, 5.28559758095e-05, 4.49858926004e-05, 3.60699959856e-05, 2.65103753918e-05, 1.84399978025e-05, 2.10083908314e-05, 1.74585838977e-05, 2.08648725675e-05, 1.35228128784e-05, 1.35425061671e-05, 1.82424009836e-05, 1.37991837619e-05, 1.09518696263e-05, 9.71381450654e-06, 7.26115331418e-06, 5.57628300157e-06, 6.48148807159e-06, 5.48309799342e-06, 8.30498720461e-06, 1.10013825179e-05, 1.09601933218e-05, 5.61014030609e-06, 2.87198349724e-06, 1.69864404143e-06, 1.3017929632e-06],
        "dvar": [1.74438428076e-05, 3.62696773664e-05, 1.08504291347e-05, 1.25737392409e-06, 1.96911869921e-07, 4.03640086688e-07, 1.06496997887e-07, 1.6320727525e-07, 1.05673308326e-07, 4.8987562451e-08, 1.21064314129e-08, 1.83179995616e-08, 1.87594686452e-08, 3.9924135109e-08, 2.73768527848e-08, 7.71115082898e-09, 5.26314902771e-09, 3.5658940245e-09, 1.72786240871e-09, 7.4762840363e-10, 8.72660332885e-10, 5.36917010852e-10, 1.13563836113e-09, 5.81235004571e-10, 8.48915715501e-10, 1.55990620421e-09, 8.63764504366e-10, 2.78135958709e-10, 1.88685927993e-10, 1.24531940315e-10, 8.33222518759e-11, 9.33315369434e-11, 5.36814204199e-11, 9.27619508984e-11, 1.74179823342e-10, 1.76045095168e-10, 4.20411656876e-11, 1.12685520637e-11, 4.21677189694e-12, 2.68648167948e-12],
        "dvar2": [4.25168364018e-05, 8.3508057287e-05, 3.06576403091e-05, 3.58630313713e-06, 4.86431360969e-07, 8.71267616276e-07, 2.20261284767e-07, 3.31000876486e-07, 2.04169595008e-07, 8.60783515577e-08, 2.62530068795e-08, 3.63463357189e-08, 4.52450983346e-08, 7.52679838456e-08, 6.13065509469e-08, 1.69236287206e-08, 1.16135305817e-08, 7.75359776384e-09, 3.89441634496e-09, 1.5655686747e-09, 1.90412596801e-09, 1.12348519377e-09, 2.37611730292e-09, 1.31410937687e-09, 1.90127247279e-09, 3.69236041742e-09, 2.21672347145e-09, 6.12258965749e-10, 4.30887464598e-10, 2.88927104464e-10, 1.81521964127e-10, 2.08349115738e-10, 1.18873230703e-10, 2.2145042744e-10, 4.40831371407e-10, 4.49820874993e-10, 1.04630616671e-10, 2.79273652815e-11, 1.00876520678e-11, 6.59561294469e-12],
        "max": [0.0358203239739, 0.0472394749522, 0.033401157707, 0.00890127010643, 0.00341662624851, 0.00896782800555, 0.00358214462176, 0.00394496973604, 0.0050498880446, 0.00381272914819, 0.00160395551939, 0.00347819691524, 0.00196370738558, 0.00470543093979, 0.00174797454383, 0.00111271068454, 0.000872987147886, 0.000776150787715, 0.00045179418521, 0.000340990402037, 0.000284688343527, 0.000269440119155, 0.00039528644993, 0.000262460525846, 0.000524808478076, 0.000629176211078, 0.000560669868719, 0.000217411739868, 0.000189638260053, 0.00014257512521, 0.000107231455331, 0.000120816730487, 0.000107828556793, 5.87099821132e-05, 6.88849468133e-05, 8.72666932992e-05, 3.82244033972e-05, 2.12378727156e-05, 1.89834263438e-05, 1.90295140783e-05],
        "mean": [0.0139889372513, 0.00463293772191, 0.00144678226206, 0.000402840785682, 0.000371501897462, 0.000577846018132, 0.000216889820877, 0.000269098469289, 0.000200584239792, 0.000135153837618, 6.3273429987e-05, 4.69847364002e-05, 5.37715131941e-05, 7.76351662353e-05, 6.71529123792e-05, 3.56944001396e-05, 3.02229309455e-05, 2.61707264144e-05, 1.77914371307e-05, 1.29212630782e-05, 1.46106322063e-05, 1.21003986351e-05, 1.34779375003e-05, 8.44594160299e-06, 9.02886495169e-06, 1.12239858936e-05, 8.54813788465e-06, 7.66246648709e-06, 6.89107173457e-06, 5.10223435413e-06, 4.04942466048e-06, 4.52835956821e-06, 3.74009937332e-06, 4.47676484328e-06, 5.31881005372e-06, 5.21678339283e-06, 2.90445973405e-06, 1.56800308559e-06, 9.43617749272e-07, 7.1264497592e-07],
        "median": [0.0131413526833, 0.0022327278275, 0.000729560502805, 0.000150940817548, 0.000209308578633, 0.000294644996757, 7.03474361217e-05, 2.97261649393e-05, 2.25694875553e-05, 3.77334472432e-05, 1.51593649207e-05, 6.25635175311e-06, 4.61124955109e-06, 4.47571937912e-06, 3.95945289711e-06, 3.11174858325e-06, 2.96041048387e-06, 3.30641387336e-06, 2.7104374567e-06, 2.08877941077e-06, 2.35875631915e-06, 2.25905546358e-06, 1.5474237216e-06, 9.77261038315e-07, 1.22096525956e-06, 1.23994266232e-06, 1.04980142623e-06, 1.37695485591e-06, 1.18301522889e-06, 9.31382544422e-07, 7.90916487858e-07, 7.13171971256e-07, 4.92811182085e-07, 4.83139444896e-07, 3.64200190006e-07, 3.18205508165e-07, 2.75046915021e-07, 1.38077567158e-07, 8.60660733792e-08, 7.26945685869e-08],
        "min": [1.01981513012e-07, 1.93207029042e-07, 4.0043886429e-07, 1.07477518441e-07, 4.44995720272e-08, 5.77317003092e-08, 2.69581779122e-08, 1.15145894597e-07, 5.0954277242e-08, 1.29174244634e-08, 1.28439907598e-08, 2.64563606578e-08, 2.5188233721e-08, 2.72427698178e-08, 1.93250171421e-09, 2.23777885111e-09, 3.49964657254e-09, 4.11342382378e-09, 2.32695107627e-09, 1.38188649412e-09, 1.25681776098e-09, 1.09482944932e-09, 1.07879694067e-09, 1.32142730092e-09, 8.60722770835e-10, 1.30402333376e-09, 6.84057366307e-10, 7.74632968881e-10, 5.15765874454e-10, 5.05456232425e-10, 7.50364881341e-10, 4.76829131735e-10, 3.65350305565e-10, 1.66921101941e-10, 8.96972010556e-11, 1.58099106723e-11, 1.19193396472e-11, 1.27050800436e-11, 7.91775160518e-14, 5.21963250616e-14],
