{
"highlevel": {
    "danceability": {
        "all": {
            "danceable": 0.613897919655,
            "not_danceable": 0.386102110147
        },
        "probability": 0.613897919655,
        "value": "danceable"
    },
    "gender": {
        "all": {
            "female": 0.917452871799,
            "male": 0.0825471282005
        },
        "probability": 0.917452871799,
        "value": "female"
    },
    "genre_dortmund": {
        "all": {
            "alternative": 0.130520895123,
            "blues": 0.0533221103251,
            "electronic": 0.0150773953646,
            "folkcountry": 0.197675004601,
            "funksoulrnb": 0.0183085314929,
            "jazz": 0.34918987751,
            "pop": 0.0934057682753,
            "raphiphop": 0.00803368352354,
            "rock": 0.13446675241
        },
        "probability": 0.34918987751,
        "value": "jazz"
    },
    "genre_electronic": {
        "all": {
            "ambient": 0.610148429871,
            "dnb": 0.137643590569,
            "house": 0.162378549576,
            "techno": 0.02142216824,
            "trance": 0.0684072747827
        },
        "probability": 0.610148429871,
        "value": "ambient"
    },
    "genre_rosamerica": {
        "all": {
            "cla": 0.019025342539,
            "dan": 0.130746871233,
            "hip": 0.0231005437672,
            "jaz": 0.0618988871574,
            "pop": 0.330971240997,
            "rhy": 0.0679946765304,
            "roc": 0.338701605797,
            "spe": 0.0275608282536
        },
        "probability": 0.338701605797,
        "value": "roc"
    },
    "genre_tzanetakis": {
        "all": {
            "blu": 0.0626613423228,
            "cla": 0.0348169617355,
            "cou": 0.104475811124,
            "dis": 0.0784321576357,
            "hip": 0.15692435205,
            "jaz": 0.313974827528,
            "met": 0.0448166541755,
            "pop": 0.0627359300852,
            "reg": 0.0627360641956,
            "roc": 0.0784258767962
        },
        "probability": 0.313974827528,
        "value": "jaz"
    },
    "ismir04_rhythm": {
        "all": {
            "ChaChaCha": 0.0887246653438,
            "Jive": 0.0742968246341,
            "Quickstep": 0.298938512802,
            "Rumba-American": 0.0178766865283,
            "Rumba-International": 0.190887212753,
            "Rumba-Misc": 0.0164345987141,
            "Samba": 0.16715079546,
            "Tango": 0.0842600762844,
            "VienneseWaltz": 0.050231333822,
            "Waltz": 0.0111992862076
        },
        "probability": 0.298938512802,
        "value": "Quickstep"
    },
    "mood_acoustic": {
        "all": {
            "acoustic": 0.12770627439,
            "not_acoustic": 0.872293710709
        },
        "probability": 0.872293710709,
        "value": "not_acoustic"
    },
    "mood_aggressive": {
        "all": {
            "aggressive": 0.0210776496679,
            "not_aggressive": 0.978922367096
        },
        "probability": 0.978922367096,
        "value": "not_aggressive"
    },
    "mood_electronic": {
        "all": {
            "electronic": 0.610512316227,
            "not_electronic": 0.389487683773
        },
        "probability": 0.610512316227,
        "value": "electronic"
    },
    "mood_happy": {
        "all": {
            "happy": 0.887728989124,
            "not_happy": 0.112270995975
        },
        "probability": 0.887728989124,
        "value": "happy"
    },
    "mood_party": {
        "all": {
            "not_party": 0.774212658405,
            "party": 0.225787341595
        },
        "probability": 0.774212658405,
        "value": "not_party"
    },
    "mood_relaxed": {
        "all": {
            "not_relaxed": 0.0465964525938,
            "relaxed": 0.953403532505
        },
        "probability": 0.953403532505,
        "value": "relaxed"
    },
    "mood_sad": {
        "all": {
            "not_sad": 0.412935823202,
            "sad": 0.5870642066
        },
        "probability": 0.5870642066,
        "value": "sad"
    },
    "moods_mirex": {
        "all": {
            "Cluster1": 0.190218374133,
            "Cluster2": 0.324508786201,
            "Cluster3": 0.145826473832,
            "Cluster4": 0.0659878849983,
            "Cluster5": 0.273458480835
        },
        "probability": 0.324508786201,
        "value": "Cluster2"
    },
    "timbre": {
        "all": {
            "bright": 0.986552596092,
            "dark": 0.013447381556
        },
        "probability": 0.986552596092,
        "value": "bright"
    },
    "tonal_atonal": {
        "all": {
            "atonal": 0.0158997625113,
            "tonal": 0.984100222588
        },
        "probability": 0.984100222588,
        "value": "tonal"
    },
    "voice_instrumental": {
        "all": {
            "instrumental": 0.235555648804,
            "voice": 0.764444351196
        },
        "probability": 0.764444351196,
        "value": "voice"
    }
},
"lowlevel": {
    "average_loudness": 0.980473518372,
    "barkbands_crest": {
        "dmean": 2.6521024704,
        "dmean2": 4.22031545639,
        "dvar": 7.10900592804,
        "dvar2": 17.4233779907,
        "max": 24.1409015656,
        "mean": 9.05902957916,
        "median": 8.29619598389,
        "min": 3.07442331314,
        "var": 12.3719015121
    },
    "barkbands_flatness_db": {
        "dmean": 0.0280822720379,
        "dmean2": 0.0413434542716,
        "dvar": 0.000571345968638,
        "dvar2": 0.00155388889834,
        "max": 0.306615173817,
        "mean": 0.162382692099,
        "median": 0.156875118613,
        "min": 0.0628947988153,
        "var": 0.00171160325408
    },
    "barkbands_kurtosis": {
        "dmean": 4.44690036774,
        "dmean2": 7.3518280983,
        "dvar": 61.4224967957,
        "dvar2": 165.907852173,
        "max": 66.6207427979,
        "mean": 5.57184553146,
        "median": 3.81283283234,
        "min": -1.81283807755,
        "var": 55.69190979
    },
    "barkbands_skewness": {
        "dmean": 0.701075911522,
        "dmean2": 1.07907569408,
        "dvar": 0.720549046993,
        "dvar2": 1.8148342371,
        "max": 7.22440290451,
        "mean": 1.99889087677,
        "median": 1.84948539734,
        "min": -0.718216776848,
        "var": 1.06932711601
    },
    "barkbands_spread": {
        "dmean": 5.5822558403,
        "dmean2": 8.59498500824,
        "dvar": 45.810585022,
        "dvar2": 103.685745239,
        "max": 90.9189987183,
        "mean": 19.7785663605,
        "median": 16.9232978821,
        "min": 2.87870287895,
        "var": 150.497238159
    },
    "dissonance": {
        "dmean": 0.0201089661568,
        "dmean2": 0.0332672074437,
        "dvar": 0.000294604920782,
        "dvar2": 0.000754996726755,
        "max": 0.498278468847,
        "mean": 0.454042702913,
        "median": 0.457756012678,
        "min": 0.341650396585,
        "var": 0.000613791053183
    },
    "dynamic_complexity": 1.70607841015,
    "erbbands_crest": {
        "dmean": 2.33865070343,
        "dmean2": 3.75134801865,
        "dvar": 4.98074531555,
        "dvar2": 12.3023672104,
        "max": 22.7092819214,
        "mean": 8.53423500061,
        "median": 7.75123023987,
        "min": 3.15556120872,
        "var": 11.6313657761
    },
    "erbbands_flatness_db": {
        "dmean": 0.0273083690554,
        "dmean2": 0.0325834788382,
        "dvar": 0.000618884281721,
        "dvar2": 0.00103665329516,
        "max": 0.309976369143,
        "mean": 0.154220476747,
        "median": 0.145945832133,
        "min": 0.0786911547184,
        "var": 0.00192104582675
    },
    "erbbands_kurtosis": {
        "dmean": 0.628890395164,
        "dmean2": 0.985789895058,
        "dvar": 0.562410056591,
        "dvar2": 1.34891939163,
        "max": 7.93563556671,
        "mean": -0.330283969641,
        "median": -0.623955965042,
        "min": -1.8401569128,
        "var": 1.1911342144
    },
    "erbbands_skewness": {
        "dmean": 0.325849920511,
        "dmean2": 0.497268348932,
        "dvar": 0.0882877111435,
        "dvar2": 0.200315579772,
        "max": 2.59704470634,
        "mean": 0.454020947218,
        "median": 0.498338550329,
        "min": -1.99311304092,
        "var": 0.367323487997
    },
    "erbbands_spread": {
        "dmean": 11.6044425964,
        "dmean2": 16.2759456635,
        "dvar": 141.368637085,
        "dvar2": 292.871429443,
        "max": 147.099761963,
        "mean": 48.8276252747,
        "median": 43.5010299683,
        "min": 12.3953924179,
        "var": 459.417449951
    },
    "hfc": {
        "dmean": 6.697306633,
        "dmean2": 9.42233467102,
        "dvar": 64.6957244873,
        "dvar2": 144.927825928,
        "max": 77.3073120117,
        "mean": 20.7139320374,
        "median": 16.1947631836,
        "min": 2.04066991806,
        "var": 202.873016357
    },
    "melbands_crest": {
        "dmean": 3.92767167091,
        "dmean2": 6.41176128387,
        "dvar": 17.1908016205,
        "dvar2": 42.7782592773,
        "max": 31.6171474457,
        "mean": 13.7265939713,
        "median": 12.5402956009,
        "min": 4.96284580231,
        "var": 26.6618938446
    },
    "melbands_flatness_db": {
        "dmean": 0.0338296294212,
        "dmean2": 0.0499332509935,
        "dvar": 0.000871095107868,
        "dvar2": 0.0022207768634,
        "max": 0.417192429304,
        "mean": 0.232362866402,
        "median": 0.22836945951,
        "min": 0.0891616120934,
        "var": 0.0032228929922
    },
    "melbands_kurtosis": {
        "dmean": 14.2505474091,
        "dmean2": 23.2221279144,
        "dvar": 630.519042969,
        "dvar2": 1679.73779297,
        "max": 202.646469116,
        "mean": 19.0917701721,
        "median": 12.1043338776,
        "min": -1.29506492615,
        "var": 554.475341797
    },
    "melbands_skewness": {
        "dmean": 1.15337717533,
        "dmean2": 1.74587678909,
        "dvar": 2.06555533409,
        "dvar2": 5.12427949905,
        "max": 12.5418224335,
        "mean": 3.27439546585,
        "median": 2.87077474594,
        "min": 0.240559592843,
        "var": 2.97824478149
    },
    "melbands_spread": {
        "dmean": 5.51001787186,
        "dmean2": 8.41523742676,
        "dvar": 49.4223136902,
        "dvar2": 110.05393219,
        "max": 105.222602844,
        "mean": 16.7767505646,
        "median": 13.9641056061,
        "min": 1.61223304272,
        "var": 123.754310608
    },
    "pitch_salience": {
        "dmean": 0.083715185523,
        "dmean2": 0.137074247003,
        "dvar": 0.00716363452375,
        "dvar2": 0.0200856626034,
        "max": 0.797708570957,
        "mean": 0.537851512432,
        "median": 0.550250530243,
        "min": 0.12176027149,
        "var": 0.0114768082276
    },
    "silence_rate_20dB": {
        "dmean": 0,
        "dmean2": 0,
        "dvar": 0,
        "dvar2": 0,
        "max": 1,
        "mean": 1,
        "median": 1,
        "min": 1,
        "var": 0
    },
    "silence_rate_30dB": {
        "dmean": 0.0340557284653,
        "dmean2": 0.0681642144918,
        "dvar": 0.0328958183527,
        "dvar2": 0.0898539200425,
        "max": 1,
        "mean": 0.979118347168,
        "median": 1,
        "min": 0,
        "var": 0.0204458162189
    },
    "silence_rate_60dB": {
        "dmean": 0,
        "dmean2": 0,
        "dvar": 0,
        "dvar2": 0,
        "max": 0,
        "mean": 0,
        "median": 0,
        "min": 0,
        "var": 0
    },
    "spectral_centroid": {
        "dmean": 246.865356445,
        "dmean2": 380.939758301,
        "dvar": 67696.4765625,
        "dvar2": 160041.671875,
        "max": 3253.88793945,
        "mean": 1080.41931152,
        "median": 1001.87023926,
        "min": 341.642181396,
        "var": 191210.203125
    },
    "spectral_complexity": {
        "dmean": 3.44582033157,
        "dmean2": 5.20139408112,
        "dvar": 13.7331809998,
        "dvar2": 27.6945400238,
        "max": 47,
        "mean": 17.8824443817,
        "median": 17,
        "min": 5,
        "var": 41.6258201599
    },
    "spectral_decrease": {
        "dmean": 4.84634155029e-09,
        "dmean2": 7.74631825351e-09,
        "dvar": 5.60614116271e-17,
        "dvar2": 1.43952336178e-16,
        "max": -8.92243112727e-10,
        "mean": -9.69000168993e-09,
        "median": -7.50357820323e-09,
        "min": -4.88829776657e-08,
        "var": 5.36902388442e-17
    },
    "spectral_energy": {
        "dmean": 0.0187502317131,
        "dmean2": 0.0298491604626,
        "dvar": 0.000822032685392,
        "dvar2": 0.00210511055775,
        "max": 0.186758592725,
        "mean": 0.0384511351585,
        "median": 0.0300850123167,
        "min": 0.0035526251886,
        "var": 0.000800916401204
    },
    "spectral_energyband_high": {
        "dmean": 0.000434895424405,
        "dmean2": 0.000593566161115,
        "dvar": 4.69283151006e-07,
        "dvar2": 1.02551325654e-06,
        "max": 0.00773895392194,
        "mean": 0.000880343723111,
        "median": 0.000394221046008,
        "min": 2.76196351479e-06,
        "var": 1.49885715928e-06
    },
    "spectral_energyband_low": {
        "dmean": 0.0136385466903,
        "dmean2": 0.0227543115616,
        "dvar": 0.000668457185384,
        "dvar2": 0.00175891187973,
        "max": 0.17521046102,
        "mean": 0.0180484931916,
        "median": 0.0117080686614,
        "min": 0.000137936425745,
        "var": 0.000558271713089
    },
    "spectral_energyband_middle_high": {
        "dmean": 0.00118515547365,
        "dmean2": 0.00168960529845,
        "dvar": 2.46593640441e-06,
        "dvar2": 5.20642151969e-06,
        "max": 0.0207789503038,
        "mean": 0.00348139367998,
        "median": 0.00245775282383,
        "min": 0.000139409472467,
        "var": 1.00806428236e-05
    },
    "spectral_energyband_middle_low": {
        "dmean": 0.00922301411629,
        "dmean2": 0.0147697841749,
        "dvar": 0.000274860591162,
        "dvar2": 0.000694994465448,
        "max": 0.138122603297,
        "mean": 0.0189265850931,
        "median": 0.0141803110018,
        "min": 0.00184884958435,
        "var": 0.000281064596493
    },
    "spectral_entropy": {
        "dmean": 0.226810261607,
        "dmean2": 0.297138631344,
        "dvar": 0.0464261136949,
        "dvar2": 0.0860494375229,
        "max": 8.49926567078,
        "mean": 7.3418135643,
        "median": 7.38386917114,
        "min": 6.04147005081,
        "var": 0.193062335253
    },
    "spectral_flux": {
        "dmean": 0.0423030108213,
        "dmean2": 0.0644698366523,
        "dvar": 0.00261148926802,
        "dvar2": 0.00508578959852,
        "max": 0.353620052338,
        "mean": 0.102631568909,
        "median": 0.080014154315,
        "min": 0.0178522244096,
        "var": 0.00448361923918
    },
    "spectral_kurtosis": {
        "dmean": 2.30852937698,
        "dmean2": 3.69035410881,
        "dvar": 7.86298418045,
        "dvar2": 21.063205719,
        "max": 28.211523056,
        "mean": 4.66206645966,
        "median": 3.85259389877,
        "min": -0.948404550552,
        "var": 13.6669797897
    },
    "spectral_rms": {
        "dmean": 0.00132145790849,
        "dmean2": 0.00200388091616,
        "dvar": 2.85637975139e-06,
        "dvar2": 6.94547179592e-06,
        "max": 0.0134982783347,
        "mean": 0.00582151766866,
        "median": 0.00541767757386,
        "min": 0.00186171312816,
        "var": 3.62323226e-06
    },
    "spectral_rolloff": {
        "dmean": 423.997283936,
        "dmean2": 731.963378906,
        "dvar": 780026.5625,
        "dvar2": 1792376.75,
        "max": 7644.28710938,
        "mean": 992.345031738,
        "median": 581.396484375,
        "min": 107.666015625,
        "var": 1355827.75
    },
    "spectral_skewness": {
        "dmean": 0.280409574509,
        "dmean2": 0.431136876345,
        "dvar": 0.0752398818731,
        "dvar2": 0.202946856618,
        "max": 3.40753412247,
        "mean": 1.51428103447,
        "median": 1.48405694962,
        "min": 0.123225085437,
        "var": 0.216357827187
    },
    "spectral_spread": {
        "dmean": 770920.625,
        "dmean2": 949318.125,
        "dvar": 531092013056,
        "dvar2": 874707877888,
        "max": 11995022,
        "mean": 4512640.5,
        "median": 4294679.5,
        "min": 1466944.25,
        "var": 2.97912709939e+12
    },
    "spectral_strongpeak": {
        "dmean": 0.503248631954,
        "dmean2": 0.881260931492,
        "dvar": 0.542166590691,
        "dvar2": 1.33563327789,
        "max": 11.640542984,
        "mean": 0.796591222286,
        "median": 0.520944714546,
        "min": 0,
        "var": 0.840684831142
    },
    "zerocrossingrate": {
        "dmean": 0.00971233751625,
        "dmean2": 0.0125058246776,
        "dvar": 9.98768009595e-05,
        "dvar2": 0.000148433508002,
        "max": 0.19580078125,
        "mean": 0.051161903888,
        "median": 0.04541015625,
        "min": 0.01220703125,
        "var": 0.000692170870025
    },
    "barkbands": {
        "dmean": [0.000317475263728, 0.00592971220613, 0.00632219621912, 0.00582790980116, 0.00261336937547, 0.00161416665651, 0.00101065984927, 0.00116190314293, 0.000803847040515, 0.000299761246424, 0.000193599349586, 0.000143301818753, 0.00013389873493, 0.000162448646734, 0.000186944496818, 0.00037956610322, 0.000178305315785, 0.000180094517418, 0.000186186036444, 0.00012703918037, 7.68948957557e-05, 0.000116733550385, 0.00012490824156, 7.31909822207e-05, 4.00108401664e-05, 4.78767433378e-05, 1.03937320972e-08],
        "dmean2": [0.000528023345396, 0.0096950288862, 0.0111285969615, 0.00996086653322, 0.00403083534911, 0.00258733169176, 0.00148676312529, 0.00179030082654, 0.00123227725271, 0.000454271503258, 0.000291477161227, 0.000230413250392, 0.000214625382796, 0.00024854784715, 0.000278979045106, 0.000559045001864, 0.000280636508251, 0.00028985957033, 0.000272983801551, 0.000192777966731, 0.000110582011985, 0.000169710663613, 0.000186331089935, 0.000107465930341, 5.71365017095e-05, 7.74394065957e-05, 1.89929387773e-08],
        "dvar": [2.28690652193e-07, 0.000161974079674, 0.000228058852372, 0.000220886257011, 1.36326807478e-05, 6.68420943839e-06, 1.79942094292e-06, 3.17992066812e-06, 1.61201000992e-06, 3.61726023357e-07, 1.13638968458e-07, 9.36131812068e-08, 8.33287998603e-08, 1.10013324672e-07, 1.55560272219e-07, 5.04453680605e-07, 2.43570553948e-07, 1.47170638343e-07, 1.36323123456e-07, 2.84528063332e-08, 1.63625664129e-08, 4.41473559931e-08, 5.18842888653e-08, 1.92264852927e-08, 6.20092377446e-09, 1.48545504786e-08, 1.96648820749e-15],
        "dvar2": [5.60323542231e-07, 0.000420688302256, 0.000633952149656, 0.000572459714022, 3.20339568134e-05, 1.69146842381e-05, 3.75420881937e-06, 7.3439746302e-06, 3.48937351191e-06, 9.69875372903e-07, 2.46915760727e-07, 2.17540375047e-07, 1.95616109977e-07, 2.4393136755e-07, 3.42464176128e-07, 9.8954205896e-07, 6.02211969181e-07, 3.88750521552e-07, 2.91088468884e-07, 6.7364005929e-08, 3.769529755e-08, 9.85865753478e-08, 1.1385108678e-07, 4.43518040072e-08, 1.34351951786e-08, 4.07853413265e-08, 5.55696854431e-15],
        "max": [0.00554854795337, 0.100729569793, 0.100322283804, 0.124273300171, 0.0487504452467, 0.0394196659327, 0.0207858905196, 0.0217943973839, 0.0147912092507, 0.0118016544729, 0.00451254239306, 0.00552024925128, 0.00396655267105, 0.00792548712343, 0.00683135911822, 0.0116852391511, 0.0103914467618, 0.0058870553039, 0.00747080286965, 0.00202764896676, 0.00135490926914, 0.00304331653751, 0.00300724618137, 0.00152293522842, 0.00126285443548, 0.00176955305506, 7.83335451615e-07],
        "mean": [0.000385369639844, 0.0080324690789, 0.0068346997723, 0.0053389375098, 0.00473950523883, 0.00291642430238, 0.00211424170993, 0.00203650281765, 0.00160167540889, 0.000463756878162, 0.000293633900583, 0.000206293960218, 0.000192795778275, 0.000281136686681, 0.000342007057043, 0.000714145775419, 0.0002950214257, 0.000315130921081, 0.000337975128787, 0.000215858890442, 0.000105982559035, 0.000193929314264, 0.000259984575678, 0.000127227656776, 6.13635784248e-05, 4.50619190815e-05, 6.87962753432e-09],
        "median": [0.000241887624725, 0.00489579234272, 0.00372307188809, 0.00175352522638, 0.00264105643146, 0.00200340058655, 0.00131116365083, 0.000943911785726, 0.000752965454012, 0.000193933432456, 0.000117469506222, 0.000109197600977, 8.94257318578e-05, 0.000162589480169, 0.000129167965497, 0.000267873285338, 0.000128137005959, 0.000109427564894, 0.000199831149075, 0.000124844678794, 5.12806218467e-05, 5.77771061216e-05, 6.48971326882e-05, 3.66433814634e-05, 1.64241937455e-05, 1.1058529708e-05, 6.89074353133e-10],
        "min": [1.6148460702e-07, 2.39363944274e-05, 2.33714927163e-05, 1.17926856547e-05, 9.54007700784e-05, 3.23489839502e-05, 7.42197789805e-06, 4.40648409494e-06, 1.04531045508e-05, 4.04494403483e-06, 3.77658693651e-07, 4.29654119216e-06, 2.97435190078e-06, 3.08030939777e-06, 2.04244906854e-06, 7.11787379259e-06, 2.30743535212e-06, 2.69576048595e-06, 3.84526811104e-06, 1.86423108062e-06, 7.37967468467e-07, 1.67481900348e-07, 5.29375299152e-08, 2.33561991969e-09, 1.35562065046e-11, 3.41996500564e-11, 7.68321257311e-12],
        "var": [2.79545190551e-07, 0.00014335999731, 0.000151629807078, 0.000167178601259, 3.2074367482e-05, 1.10135233626e-05, 5.95758137933e-06, 7.3611240623e-06, 4.65931498184e-06, 6.93473737101e-07, 2.30846836757e-07, 1.27000646444e-07, 1.26325346628e-07, 1.8616636055e-07, 3.31868420744e-07, 1.74216779669e-06, 3.74782899826e-07, 3.33157657906e-07, 3.4402276583e-07, 6.13238242408e-08, 2.25991332314e-08, 1.15196833406e-07, 2.04743173526e-07, 5.40952633798e-08, 1.42786307222e-08, 1.06373443387e-08, 1.13730552669e-15]
    },
    "erbbands": {
        "dmean": [0.0953875184059, 1.66572082043, 7.04085922241, 13.3956394196, 13.7899742126, 8.10480117798, 12.7498788834, 13.9494876862, 12.9652023315, 24.7886734009, 17.1012573242, 19.3420562744, 11.8135614395, 5.95619535446, 7.98943758011, 4.61595487595, 6.1577835083, 7.36773395538, 7.28142786026, 13.0979452133, 15.9831943512, 9.72787952423, 9.72515964508, 7.8677406311, 10.1002788544, 5.23842811584, 3.28038334846, 3.4749186039, 4.14127445221, 3.76297903061, 3.57769107819, 2.24421048164, 0.963777720928, 0.544988691807, 0.235707759857, 0.218986660242, 0.0900793746114, 0.00264386995696, 7.53770727897e-05, 2.46070103458e-05],
        "dmean2": [0.152795180678, 2.74894690514, 12.2620716095, 23.19947052, 22.7104549408, 12.1959486008, 19.7006797791, 22.5336284637, 19.0339183807, 38.8326530457, 25.8072319031, 29.7278671265, 17.6735095978, 8.84569454193, 12.4392213821, 7.26078891754, 9.69883155823, 10.9917469025, 10.9665460587, 19.2513523102, 23.8860530853, 15.3635034561, 15.4283714294, 12.3032989502, 14.6164836884, 7.87479972839, 4.74086904526, 5.02780389786, 5.93121576309, 5.59037494659, 5.28693151474, 3.34758543968, 1.39243245125, 0.779125511646, 0.349362909794, 0.348100334406, 0.146745368838, 0.00432251114398, 0.000119107695355, 3.80822202715e-05],
        "dvar": [0.0212500561029, 14.5727081299, 290.426269531, 819.727050781, 968.817504883, 198.461288452, 587.606994629, 411.746032715, 347.709716797, 1338.94104004, 827.062316895, 1030.02575684, 546.915588379, 141.011077881, 226.422668457, 86.6541595459, 164.057220459, 234.546432495, 250.030761719, 549.712097168, 869.522277832, 868.243408203, 416.84463501, 262.605560303, 464.323883057, 51.0152626038, 20.1905422211, 58.0807189941, 58.4257087708, 54.4859886169, 40.1323509216, 18.5317497253, 3.72082662582, 1.03942239285, 0.271679222584, 0.230217352509, 0.0647218897939, 4.95525819133e-05, 3.32821983307e-08, 1.30939892262e-09],
        "dvar2": [0.0512884557247, 38.2287864685, 793.994995117, 2177.87963867, 2392.45996094, 404.572875977, 1329.72546387, 1178.1373291, 732.781799316, 3364.92724609, 1718.77807617, 2259.77856445, 1466.32995605, 319.125793457, 527.643676758, 201.802047729, 383.00994873, 523.298522949, 572.407592773, 1173.20593262, 1933.67565918, 2174.26660156, 1076.19421387, 707.042663574, 905.786315918, 125.112220764, 43.8624458313, 145.548126221, 128.13319397, 124.760421753, 89.6876602173, 45.0006790161, 8.33479499817, 2.34666275978, 0.584188818932, 0.612855494022, 0.18045052886, 0.000138883769978, 9.19041980296e-08, 3.32501604028e-09],
        "max": [1.17172324657, 29.6876583099, 113.549873352, 251.737319946, 232.004547119, 233.33303833, 420.962219238, 177.47946167, 326.323394775, 360.284790039, 393.213226318, 433.992767334, 455.085968018, 240.394973755, 179.016204834, 190.284408569, 186.270385742, 353.749359131, 315.75994873, 329.340515137, 485.697235107, 605.652282715, 321.068054199, 296.102966309, 481.72064209, 105.710990906, 54.4269294739, 90.2127075195, 109.205322266, 105.458389282, 84.0631866455, 39.4273376465, 22.4646110535, 14.3159971237, 7.75444459915, 5.92731332779, 4.00946378708, 0.0875568762422, 0.00252301245928, 0.000296252954286],
        "mean": [0.165366411209, 2.02833795547, 7.79335641861, 13.6034412384, 15.0491800308, 15.4975862503, 22.0823287964, 26.6178035736, 28.7299308777, 44.6793136597, 33.6072769165, 38.6102256775, 21.4589443207, 10.3823347092, 11.9693717957, 7.25896883011, 9.27241802216, 13.3774738312, 14.7328100204, 27.0275707245, 32.3059539795, 16.7761135101, 17.4279766083, 14.6455888748, 18.9286441803, 9.3418712616, 5.25070858002, 4.33160448074, 6.42189216614, 7.75894546509, 7.20488023758, 3.87691998482, 1.656498909, 0.866028904915, 0.339933425188, 0.223612800241, 0.0808609351516, 0.00243351492099, 8.80725856405e-05, 5.01362010255e-05],
        "median": [0.118088342249, 1.17536759377, 4.19567203522, 5.77056455612, 5.2550201416, 6.97710132599, 11.6539392471, 18.6100196838, 18.0940761566, 22.6468143463, 16.4395122528, 17.5653781891, 10.7118234634, 5.72075176239, 5.28525209427, 3.80006575584, 4.5927696228, 7.2158370018, 8.19202518463, 12.3975715637, 15.2068433762, 7.36254787445, 6.75678873062, 7.72720193863, 11.0861253738, 5.56906461716, 3.13584804535, 1.6025403738, 2.00230717659, 1.67824804783, 1.78894507885, 1.24995326996, 0.389714062214, 0.225514099002, 0.0903147235513, 0.060608305037, 0.0181487761438, 0.000713656540029, 4.09809290431e-05, 3.98488009523e-05],
        "min": [0.00118723663036, 0.00709066260606, 0.0277922824025, 0.121182583272, 0.183633461595, 0.284534752369, 0.364306420088, 0.346084326506, 0.692451715469, 0.451394796371, 0.670669555664, 0.563199460506, 0.196966201067, 0.159944072366, 0.223882555962, 0.179876640439, 0.220220088959, 0.206014946103, 0.248709872365, 0.41103759408, 0.406326174736, 0.383377373219, 0.216122284532, 0.177960589528, 0.275203764439, 0.100495286286, 0.0578572489321, 0.0252884589136, 0.0115136653185, 0.00113772344775, 0.00129873165861, 0.000840038526803, 5.17222106282e-05, 2.03058061743e-05, 1.24904609038e-05, 8.79768413142e-06, 5.21555239175e-06, 9.61106252362e-07, 2.4105038392e-06, 4.1275352487e-06],
        "var": [0.0297331307083, 11.7595462799, 200.983978271, 602.731262207, 868.081970215, 612.674133301, 1125.13916016, 657.930908203, 926.715576172, 2778.27050781, 2083.22436523, 3170.27197266, 1082.01696777, 232.088577271, 386.547454834, 142.221221924, 265.308135986, 428.586578369, 487.526000977, 1494.77490234, 2675.57568359, 1373.41760254, 1006.65557861, 447.579162598, 1245.69543457, 109.136314392, 37.0261535645, 61.1446723938, 135.012771606, 201.852020264, 159.127914429, 45.391746521, 10.3156337738, 2.64688420296, 0.523254811764, 0.191737785935, 0.0436622388661, 3.38507888955e-05, 2.42620146196e-08, 1.34079802816e-09]
    },
    "gfcc": {
        "mean": [12.9943752289, 114.656669617, -106.821853638, 44.9504737854, -56.9308166504, 4.53027391434, -40.5501060486, 14.5489349365, -14.700302124, 4.83481454849, -16.5450630188, -3.89626312256, -13.1175556183],
        "cov": [[2641.72998047, -1686.67919922, 562.776916504, 195.60055542, -615.20123291, 567.707336426, -415.024780273, 130.618164062, -205.303375244, -47.05052948, -211.408233643, 289.769104004, -321.923980713], [-1686.67919922, 1580.67883301, -627.251525879, -204.053207397, 590.163513184, -519.499633789, 388.494537354, -106.718048096, 162.454605103, -38.8726005554, 184.459976196, -227.411575317, 263.540649414], [562.776916504, -627.251525879, 615.128173828, 101.804496765, -208.983062744, 298.972106934, -117.84677124, 26.5845127106, -111.810035706, 79.1247711182, -90.5304946899, 117.685684204, -140.308837891], [195.60055542, -204.053207397, 101.804496765, 203.362762451, -61.5559692383, 60.2571640015, -44.537437439, -22.139377594, -13.5723562241, -23.4429454803, -10.585688591, -3.7729241848, -12.1494626999], [-615.20123291, 590.163513184, -208.983062744, -61.5559692383, 391.920013428, -211.866867065, 188.543609619, -13.4613666534, 45.7571220398, 28.9005775452, 24.3484077454, -59.087726593, 96.7187652588], [567.707336426, -519.499633789, 298.972106934, 60.2571640015, -211.866867065, 380.481292725, -104.057495117, 19.0869808197, -41.8373298645, 14.8541669846, -23.949300766, 56.0315361023, -87.4480133057], [-415.024780273, 388.494537354, -117.84677124, -44.537437439, 188.543609619, -104.057495117, 241.557006836, -10.7184238434, 17.0311355591, 26.7802066803, 22.2751407623, -46.3986930847, 38.8286933899], [130.618164062, -106.718048096, 26.5845127106, -22.139377594, -13.4613666534, 19.0869808197, -10.7184238434, 128.628341675, 19.2685260773, -0.233958363533, -27.5781288147, 20.8737411499, -11.6915225983], [-205.303375244, 162.454605103, -111.810035706, -13.5723562241, 45.7571220398, -41.8373298645, 17.0311355591, 19.2685260773, 140.996688843, -1.7000067234, 32.4610290527, -25.0125961304, 37.8213005066], [-47.05052948, -38.8726005554, 79.1247711182, -23.4429454803, 28.9005775452, 14.8541669846, 26.7802066803, -0.233958363533, -1.7000067234, 124.436981201, 4.9174451828, 15.2871427536, -19.7201194763], [-211.408233643, 184.459976196, -90.5304946899, -10.585688591, 24.3484077454, -23.949300766, 22.2751407623, -27.5781288147, 32.4610290527, 4.9174451828, 109.836601257, -21.5003376007, 33.1273345947], [289.769104004, -227.411575317, 117.685684204, -3.7729241848, -59.087726593, 56.0315361023, -46.3986930847, 20.8737411499, -25.0125961304, 15.2871427536, -21.5003376007, 128.664855957, -43.7634048462], [-321.923980713, 263.540649414, -140.308837891, -12.1494626999, 96.7187652588, -87.4480133057, 38.8286933899, -11.6915225983, 37.8213005066, -19.7201194763, 33.1273345947, -43.7634048462, 130.172576904]],
        "icov": [[0.00156312261242, 0.000960393808782, 0.000922628154512, -0.000481474678963, -4.20974947701e-06, -0.00091624277411, 0.000421603501309, -0.000513919338118, 0.000847645686008, 0.000585568603128, 0.000764980271924, -0.00139498652425, 0.00126531347632], [0.000960393808782, 0.0118047343567, -0.00269436254166, 0.00747158378363, -0.0074001015164, 0.00601127184927, -0.0062584686093, 0.00542087480426, -0.00454914569855, 0.00831597205251, -0.010236158967, 0.00721095176414, -0.00422986829653], [0.000922628154512, -0.00269436254166, 0.0061954264529, -0.00419555278495, 0.0023340175394, -0.00474109826609, 0.00249090720899, -0.00230886018835, 0.00372600741684, -0.00478452350944, 0.00552966678515, -0.0048821340315, 0.0032973010093], [-0.000481474678963, 0.00747158378363, -0.00419555278495, 0.0117106474936, -0.00492776371539, 0.00488814059645, -0.00423752050847, 0.00542713701725, -0.00439048698172, 0.00718936789781, -0.00774257117882, 0.00720977550372, -0.00429092533886], [-4.20974947701e-06, -0.0074001015164, 0.0023340175394, -0.00492776371539, 0.0106846923009, -0.00262327725068, 0.00110960879829, -0.0036752067972, 0.00291161518544, -0.00659664534032, 0.00786637421697, -0.00528536364436, 0.00104105332866], [-0.00091624277411, 0.00601127184927, -0.00474109826609, 0.00488814059645, -0.00262327725068, 0.00964281801134, -0.00417396752164, 0.00336082885042, -0.004012839403, 0.00484076654539, -0.00781301036477, 0.00595542648807, -0.00322641758248], [0.000421603501309, -0.0062584686093, 0.00249090720899, -0.00423752050847, 0.00110960879829, -0.00417396752164, 0.0109355589375, -0.00354513223283, 0.00376555346884, -0.00535456975922, 0.00583937438205, -0.00382346939296, 0.00411706790328], [-0.000513919338118, 0.00542087480426, -0.00230886018835, 0.00542713701725, -0.0036752067972, 0.00336082885042, -0.00354513223283, 0.0122774513438, -0.00515994522721, 0.00439034961164, -0.00322712911293, 0.00353595125489, -0.00290491851047], [0.000847645686008, -0.00454914569855, 0.00372600741684, -0.00439048698172, 0.00291161518544, -0.004012839403, 0.00376555346884, -0.00515994522721, 0.0120819509029, -0.00447482289746, 0.00357122905552, -0.0040459278971, 0.00200950354338], [0.000585568603128, 0.00831597205251, -0.00478452350944, 0.00718936789781, -0.00659664534032, 0.00484076654539, -0.00535456975922, 0.00439034961164, -0.00447482289746, 0.0167518947273, -0.00925702881068, 0.00516700465232, -0.0017983589787], [0.000764980271924, -0.010236158967, 0.00552966678515, -0.00774257117882, 0.00786637421697, -0.00781301036477, 0.00583937438205, -0.00322712911293, 0.00357122905552, -0.00925702881068, 0.0227185189724, -0.00863999314606, 0.00360169028863], [-0.00139498652425, 0.00721095176414, -0.0048821340315, 0.00720977550372, -0.00528536364436, 0.00595542648807, -0.00382346939296, 0.00353595125489, -0.0040459278971, 0.00516700465232, -0.00863999314606, 0.0174165219069, -0.00323987402953], [0.00126531347632, -0.00422986829653, 0.0032973010093, -0.00429092533886, 0.00104105332866, -0.00322641758248, 0.00411706790328, -0.00290491851047, 0.00200950354338, -0.0017983589787, 0.00360169028863, -0.00323987402953, 0.0152363907546]]
    },
    "melbands": {
        "dmean": [0.00119799107779, 0.00317787728272, 0.00243934942409, 0.000679255055729, 0.000430947024142, 0.000304240063997, 0.000193182117073, 0.000286396534648, 0.00013577833306, 0.000123478879686, 5.84451008763e-05, 2.55194099736e-05, 2.45308528974e-05, 1.66957288457e-05, 1.43431761899e-05, 1.51673839355e-05, 1.4678912521e-05, 1.14111335279e-05, 1.72948184627e-05, 3.07823938783e-05, 1.6032372514e-05, 1.17899517136e-05, 9.00302438822e-06, 8.28982410894e-06, 6.44266447125e-06, 8.97290556168e-06, 5.87897875448e-06, 3.34819287673e-06, 2.28522321777e-06, 1.8718113779e-06, 2.27410032494e-06, 2.58360205407e-06, 2.22163953367e-06, 2.24015457206e-06, 2.08377923627e-06, 2.31084686675e-06, 1.11112012746e-06, 7.29110865905e-07, 6.18762612703e-07, 4.30822552744e-07],
        "dmean2": [0.00194051500876, 0.00539205316454, 0.00417384784669, 0.00108314107638, 0.000648998480756, 0.000488809251692, 0.000283936708001, 0.000447794562206, 0.000203769421205, 0.000188601959962, 8.79263752722e-05, 3.81966819987e-05, 3.75236268155e-05, 2.59163680312e-05, 2.2725069357e-05, 2.41284142248e-05, 2.19813500735e-05, 1.76623307198e-05, 2.57332812907e-05, 4.57410205854e-05, 2.41950401687e-05, 1.89026795852e-05, 1.42126991705e-05, 1.31641745611e-05, 1.02073963717e-05, 1.29319223561e-05, 9.0286403065e-06, 5.17142098033e-06, 3.38058839588e-06, 2.72092279374e-06, 3.4702272842e-06, 3.79910670745e-06, 3.31188948621e-06, 3.4414356378e-06, 3.15345687341e-06, 3.57191424882e-06, 1.6782636294e-06, 1.07447988285e-06, 9.1519717671e-07, 6.39422466975e-07],
        "dvar": [4.99344650962e-06, 5.70069132664e-05, 2.77580511465e-05, 1.28121325815e-06, 6.00148837293e-07, 1.88809366364e-07, 7.06662888206e-08, 1.75016424464e-07, 6.03135461574e-08, 4.31618225605e-08, 1.34825688392e-08, 2.26914997903e-09, 1.95988825169e-09, 1.1140743883e-09, 1.60203861288e-09, 1.08517961284e-09, 9.93974569319e-10, 6.70818733894e-10, 1.18655385517e-09, 3.74986308671e-09, 9.0149843146e-10, 1.74721426216e-09, 3.32163963002e-10, 2.94659158184e-10, 2.04428599049e-10, 4.78300177242e-10, 7.39917016546e-11, 2.25949224608e-11, 9.23304314948e-12, 1.04782970495e-11, 3.6717091173e-11, 2.50960675852e-11, 1.74712501411e-11, 2.2395335586e-11, 1.47683757584e-11, 2.27377058154e-11, 4.78221498859e-12, 2.27443563115e-12, 1.4549420696e-12, 6.60706895011e-13],
        "dvar2": [1.27889752548e-05, 0.000152772365254, 7.14197303751e-05, 3.0756614251e-06, 1.32445006784e-06, 5.23487926785e-07, 1.49123493998e-07, 4.35245055996e-07, 1.25115946048e-07, 9.12382631668e-08, 3.63232786071e-08, 5.13226394716e-09, 4.50953985265e-09, 2.52866283468e-09, 3.7372775985e-09, 2.57556265204e-09, 2.21193374728e-09, 1.58060475819e-09, 2.53884313572e-09, 7.06466041223e-09, 2.17955808957e-09, 4.50508608196e-09, 8.58914550594e-10, 7.30765892243e-10, 5.64713109608e-10, 9.45069800196e-10, 1.65364402727e-10, 5.63768615125e-11, 1.98944818952e-11, 2.42369509879e-11, 9.82299866448e-11, 5.7077512855e-11, 4.0986467692e-11, 5.28403293343e-11, 3.31497329586e-11, 5.87467227642e-11, 1.13483337311e-11, 5.24515327005e-12, 3.33182374919e-12, 1.5672993502e-12],
        "max": [0.0177246034145, 0.0504584386945, 0.0432209745049, 0.0087739508599, 0.0133409397677, 0.00450603943318, 0.00442231772467, 0.00392300542444, 0.00265790824778, 0.00289886863902, 0.00226392433979, 0.000946971238591, 0.000596310535911, 0.000677365169395, 0.000864587142132, 0.000518250570167, 0.000706686405465, 0.000499335001223, 0.000497189466842, 0.00105084350798, 0.000438032642705, 0.000863276945893, 0.000324930239003, 0.000237133353949, 0.000270667107543, 0.000476904009702, 9.98638788587e-05, 7.18681840226e-05, 3.18716920447e-05, 5.21370602655e-05, 7.90577469161e-05, 5.75622725592e-05, 6.43187959213e-05, 7.35154462745e-05, 5.01268186781e-05, 5.45430302736e-05, 2.38453576458e-05, 1.68201368069e-05, 1.77721121872e-05, 1.00096931419e-05],
        "mean": [0.00182107894216, 0.00370605476201, 0.00248160003684, 0.00102562562097, 0.000791143625975, 0.000586692476645, 0.000428890547482, 0.000503220653627, 0.000255296617979, 0.000245706294663, 0.000100976547401, 4.21154945798e-05, 3.71492242266e-05, 2.56046259892e-05, 1.94720214495e-05, 2.22034777835e-05, 2.5449140594e-05, 1.99874539248e-05, 3.2225249015e-05, 5.56193044758e-05, 3.08240523736e-05, 1.78125737875e-05, 1.48000526679e-05, 1.45080066432e-05, 1.07921750896e-05, 1.56637961481e-05, 1.01941704997e-05, 5.31035357199e-06, 3.56474515684e-06, 2.52682070823e-06, 2.48972673944e-06, 3.53257451025e-06, 4.01451370635e-06, 4.40471922047e-06, 4.15351814809e-06, 3.79632047043e-06, 1.79888786533e-06, 1.15514410481e-06, 9.62753347267e-07, 6.45515910946e-07],
        "median": [0.00120149296708, 0.0020794426091, 0.00109594117384, 0.00044722596067, 0.000410736189224, 0.000417805276811, 0.000274097081274, 0.00025835368433, 0.000112832349259, 0.000106661893369, 4.98925473948e-05, 2.28146564041e-05, 1.65534693224e-05, 1.41856535265e-05, 6.21855497229e-06, 1.04348600871e-05, 1.30848657136e-05, 1.07627947727e-05, 1.13874430099e-05, 1.903111297e-05, 1.40727033795e-05, 6.88046202413e-06, 6.00280100116e-06, 4.89851527163e-06, 5.04682384417e-06, 8.00540146884e-06, 5.97335474595e-06, 2.91753735837e-06, 2.01381908482e-06, 1.14132660656e-06, 7.74830823502e-07, 1.02620901998e-06, 1.03800323359e-06, 8.30986152778e-07, 7.29206988126e-07, 1.22998471852e-06, 5.1082582786e-07, 2.45590143777e-07, 2.08180296113e-07, 1.62339134135e-07],
        "min": [1.19809719763e-05, 1.54786430357e-05, 1.92102070287e-05, 1.74923006853e-05, 1.11128410936e-05, 6.84721953803e-06, 6.97506175129e-06, 6.3528686951e-06, 2.22583685172e-06, 1.89089928426e-06, 8.61402440933e-07, 2.34501356999e-07, 5.59565648928e-07, 4.26403175879e-07, 6.79773037859e-08, 2.90368717515e-07, 3.67279596958e-07, 1.95984227958e-07, 1.50889178485e-07, 5.34164655619e-07, 3.80676226541e-07, 1.79857252647e-07, 2.12923993104e-07, 1.02246858091e-07, 1.19773318374e-07, 1.61322049053e-07, 1.65112595596e-07, 2.79837966133e-08, 1.27698873698e-08, 1.97838030402e-08, 8.13486167317e-10, 2.79222200916e-09, 4.58442867002e-10, 5.76565913069e-11, 3.53928053531e-10, 1.13376585897e-09, 4.10090815472e-11, 2.33360341684e-13, 1.12230788085e-13, 1.09839498879e-13],
