{
"highlevel": {
    "danceability": {
        "all": {
            "danceable": 0.59121209383,
            "not_danceable": 0.40878790617
        },
        "probability": 0.59121209383,
        "value": "danceable"
    },
    "gender": {
        "all": {
            "female": 0.926767528057,
            "male": 0.0732324570417
        },
        "probability": 0.926767528057,
        "value": "female"
    },
    "genre_dortmund": {
        "all": {
            "alternative": 0.301534891129,
            "blues": 0.00753064407036,
            "electronic": 0.0064633898437,
            "folkcountry": 0.371582001448,
            "funksoulrnb": 0.00552898552269,
            "jazz": 0.0311713702977,
            "pop": 0.199253872037,
            "raphiphop": 0.00147293170448,
            "rock": 0.0754619017243
        },
        "probability": 0.371582001448,
        "value": "folkcountry"
    },
    "genre_electronic": {
        "all": {
            "ambient": 0.88837736845,
            "dnb": 0.0359036810696,
            "house": 0.0516685023904,
            "techno": 0.00416029058397,
            "trance": 0.0198901742697
        },
        "probability": 0.88837736845,
        "value": "ambient"
    },
    "genre_rosamerica": {
        "all": {
            "cla": 0.00737673277035,
            "dan": 0.00306787434965,
            "hip": 0.000864758505486,
            "jaz": 0.00510910851881,
            "pop": 0.897875249386,
            "rhy": 0.0704076439142,
            "roc": 0.00980047602206,
            "spe": 0.0054981848225
        },
        "probability": 0.897875249386,
        "value": "pop"
    },
    "genre_tzanetakis": {
        "all": {
            "blu": 2.00933528442e-14,
            "cla": 1.10376880297e-14,
            "cou": 2.21312073892e-14,
            "dis": 1.76883671149e-14,
            "hip": 4.29576757196e-14,
            "jaz": 0.999999940395,
            "met": 2.0000017642e-08,
            "pop": 2.0000017642e-08,
            "reg": 1.66666822565e-08,
            "roc": 2.50000233848e-08
        },
        "probability": 0.999999940395,
        "value": "jaz"
    },
    "ismir04_rhythm": {
        "all": {
            "ChaChaCha": 0.046248652041,
            "Jive": 0.00932195968926,
            "Quickstep": 0.0795556083322,
            "Rumba-American": 0.0416065827012,
            "Rumba-International": 0.0882181897759,
            "Rumba-Misc": 0.0217040535063,
            "Samba": 0.0290345400572,
            "Tango": 0.129603147507,
            "VienneseWaltz": 0.477806210518,
            "Waltz": 0.0769010484219
        },
        "probability": 0.477806210518,
        "value": "VienneseWaltz"
    },
    "mood_acoustic": {
        "all": {
            "acoustic": 0.91840171814,
            "not_acoustic": 0.0815982744098
        },
        "probability": 0.91840171814,
        "value": "acoustic"
    },
    "mood_aggressive": {
        "all": {
            "aggressive": 0.0936075747013,
            "not_aggressive": 0.906392455101
        },
        "probability": 0.906392455101,
        "value": "not_aggressive"
    },
    "mood_electronic": {
        "all": {
            "electronic": 0.14058059454,
            "not_electronic": 0.85941940546
        },
        "probability": 0.85941940546,
        "value": "not_electronic"
    },
    "mood_happy": {
        "all": {
            "happy": 0.487958431244,
            "not_happy": 0.512041568756
        },
        "probability": 0.512041568756,
        "value": "not_happy"
    },
    "mood_party": {
        "all": {
            "not_party": 0.98466771841,
            "party": 0.0153322899714
        },
        "probability": 0.98466771841,
        "value": "not_party"
    },
    "mood_relaxed": {
        "all": {
            "not_relaxed": 0.06810516119,
            "relaxed": 0.93189483881
        },
        "probability": 0.93189483881,
        "value": "relaxed"
    },
    "mood_sad": {
        "all": {
            "not_sad": 0.0208157692105,
            "sad": 0.9791842103
        },
        "probability": 0.9791842103,
        "value": "sad"
    },
    "moods_mirex": {
        "all": {
            "Cluster1": 0.0730150267482,
            "Cluster2": 0.145539179444,
            "Cluster3": 0.693816125393,
            "Cluster4": 0.0701285153627,
            "Cluster5": 0.0175011884421
        },
        "probability": 0.693816125393,
        "value": "Cluster3"
    },
    "timbre": {
        "all": {
            "bright": 0.901991128922,
            "dark": 0.0980088934302
        },
        "probability": 0.901991128922,
        "value": "bright"
    },
    "tonal_atonal": {
        "all": {
            "atonal": 0.00967271625996,
            "tonal": 0.990327298641
        },
        "probability": 0.990327298641,
        "value": "tonal"
    },
    "voice_instrumental": {
        "all": {
            "instrumental": 0.000138953502756,
            "voice": 0.999861061573
        },
        "probability": 0.999861061573,
        "value": "voice"
    }
},
"lowlevel": {
    "average_loudness": 0.953584194183,
    "barkbands_crest": {
        "dmean": 2.34773254395,
        "dmean2": 3.72587108612,
        "dvar": 4.89618349075,
        "dvar2": 12.6997423172,
        "max": 24.1037559509,
        "mean": 10.7587795258,
        "median": 10.0857934952,
        "min": 3.52255344391,
        "var": 13.0815010071
    },
    "barkbands_flatness_db": {
        "dmean": 0.0199859347194,
        "dmean2": 0.0303536206484,
        "dvar": 0.000412172666984,
        "dvar2": 0.000876025122125,
        "max": 0.356093376875,
        "mean": 0.189457938075,
        "median": 0.187952682376,
        "min": 0.0774815306067,
        "var": 0.00157028797548
    },
    "barkbands_kurtosis": {
        "dmean": 3.88588833809,
        "dmean2": 5.96015548706,
        "dvar": 32.577003479,
        "dvar2": 71.6462783813,
        "max": 87.9061889648,
        "mean": 8.40070819855,
        "median": 6.2739610672,
        "min": -1.91584944725,
        "var": 78.6553955078
    },
    "barkbands_skewness": {
        "dmean": 0.567503869534,
        "dmean2": 0.841590344906,
        "dvar": 0.428444415331,
        "dvar2": 0.85980373621,
        "max": 8.048579216,
        "mean": 1.83144044876,
        "median": 1.84018623829,
        "min": -3.22630786896,
        "var": 1.75961971283
    },
    "barkbands_spread": {
        "dmean": 4.73914337158,
        "dmean2": 7.08405256271,
        "dvar": 89.4925537109,
        "dvar2": 180.834335327,
        "max": 89.6567153931,
        "mean": 14.94282341,
        "median": 9.67660331726,
        "min": 1.03602540493,
        "var": 259.594146729
    },
    "dissonance": {
        "dmean": 0.0340273678303,
        "dmean2": 0.0566594712436,
        "dvar": 0.000800829380751,
        "dvar2": 0.0021162009798,
        "max": 0.500000059605,
        "mean": 0.410966694355,
        "median": 0.411419481039,
        "min": 0.273252367973,
        "var": 0.0018512775423
    },
    "dynamic_complexity": 1.9366569519,
    "erbbands_crest": {
        "dmean": 3.18048071861,
        "dmean2": 4.95844459534,
        "dvar": 8.76525497437,
        "dvar2": 21.6464080811,
        "max": 28.5172634125,
        "mean": 13.1490430832,
        "median": 12.2714147568,
        "min": 3.89835906029,
        "var": 24.8859405518
    },
    "erbbands_flatness_db": {
        "dmean": 0.0187933612615,
        "dmean2": 0.0278024654835,
        "dvar": 0.000391029112507,
        "dvar2": 0.000875460449606,
        "max": 0.33648532629,
        "mean": 0.198452368379,
        "median": 0.196370050311,
        "min": 0.0837862715125,
        "var": 0.0017170344945
    },
    "erbbands_kurtosis": {
        "dmean": 2.07007265091,
        "dmean2": 3.15212583542,
        "dvar": 6.02754831314,
        "dvar2": 13.9765443802,
        "max": 26.6380939484,
        "mean": 4.13303232193,
        "median": 3.43468427658,
        "min": -1.88535892963,
        "var": 14.7709589005
    },
    "erbbands_skewness": {
        "dmean": 0.448219418526,
        "dmean2": 0.648311078548,
        "dvar": 0.257207661867,
        "dvar2": 0.459468215704,
        "max": 4.80152893066,
        "mean": 1.17681860924,
        "median": 1.30288088322,
        "min": -4.8431429863,
        "var": 1.14841377735
    },
    "erbbands_spread": {
        "dmean": 8.02948093414,
        "dmean2": 12.1677684784,
        "dvar": 177.983703613,
        "dvar2": 414.800872803,
        "max": 138.877349854,
        "mean": 26.9901027679,
        "median": 20.6850910187,
        "min": 4.55748605728,
        "var": 444.370849609
    },
    "hfc": {
        "dmean": 8.30426883698,
        "dmean2": 11.2775764465,
        "dvar": 348.426300049,
        "dvar2": 642.595336914,
        "max": 406.321136475,
        "mean": 25.7156391144,
        "median": 19.1805744171,
        "min": 0.357503920794,
        "var": 849.566711426
    },
    "melbands_crest": {
        "dmean": 2.90539813042,
        "dmean2": 4.64094591141,
        "dvar": 7.94305229187,
        "dvar2": 19.63331604,
        "max": 31.4964561462,
        "mean": 13.3287658691,
        "median": 12.4742155075,
        "min": 3.03786373138,
        "var": 23.2634868622
    },
    "melbands_flatness_db": {
        "dmean": 0.0233466830105,
        "dmean2": 0.0331990756094,
        "dvar": 0.000669750676025,
        "dvar2": 0.00127392681316,
        "max": 0.446719050407,
        "mean": 0.23868611455,
        "median": 0.241009935737,
        "min": 0.0495439395308,
        "var": 0.00328460731544
    },
    "melbands_kurtosis": {
        "dmean": 6.67285966873,
        "dmean2": 10.50182724,
        "dvar": 153.820419312,
        "dvar2": 386.054718018,
        "max": 259.408721924,
        "mean": 12.3122148514,
        "median": 8.21906375885,
        "min": -1.81868338585,
        "var": 225.751602173
    },
    "melbands_skewness": {
        "dmean": 0.690209329128,
        "dmean2": 1.03579246998,
        "dvar": 0.675360023975,
        "dvar2": 1.66010892391,
        "max": 11.7258367538,
        "mean": 2.06496500969,
        "median": 1.93199050426,
        "min": -0.775584936142,
        "var": 1.96768701077
    },
    "melbands_spread": {
        "dmean": 6.39497661591,
        "dmean2": 9.25037193298,
        "dvar": 312.200042725,
        "dvar2": 515.465026855,
        "max": 248.411865234,
        "mean": 20.6007995605,
        "median": 11.2671451569,
        "min": 1.40690910816,
        "var": 1125.58520508
    },
    "pitch_salience": {
        "dmean": 0.0629051551223,
        "dmean2": 0.10198906064,
        "dvar": 0.00347242853604,
        "dvar2": 0.00897465925664,
        "max": 0.801128447056,
        "mean": 0.549632370472,
        "median": 0.550892531872,
        "min": 0.18896356225,
        "var": 0.00863475445658
    },
    "silence_rate_20dB": {
        "dmean": 0,
        "dmean2": 0,
        "dvar": 0,
        "dvar2": 0,
        "max": 1,
        "mean": 1,
        "median": 1,
        "min": 1,
        "var": 0
    },
    "silence_rate_30dB": {
        "dmean": 0.0030959751457,
        "dmean2": 0.00619674660265,
        "dvar": 0.00308634992689,
        "dvar2": 0.00925658270717,
        "max": 1,
        "mean": 0.998453199863,
        "median": 1,
        "min": 0,
        "var": 0.00154439080507
    },
    "silence_rate_60dB": {
        "dmean": 0.00928792543709,
        "dmean2": 0.018590239808,
        "dvar": 0.00920157972723,
        "dvar2": 0.0228921044618,
        "max": 1,
        "mean": 0.0100541375577,
        "median": 0,
        "min": 0,
        "var": 0.00995305273682
    },
    "spectral_centroid": {
        "dmean": 183.071746826,
        "dmean2": 256.732391357,
        "dvar": 127185.734375,
        "dvar2": 197843.609375,
        "max": 5849.58007812,
        "mean": 904.177185059,
        "median": 686.149780273,
        "min": 242.718109131,
        "var": 514676.75
    },
    "spectral_complexity": {
        "dmean": 1.95897829533,
        "dmean2": 3.1138651371,
        "dvar": 3.47278165817,
        "dvar2": 7.27983474731,
        "max": 25,
        "mean": 12.849187851,
        "median": 13,
        "min": 2,
        "var": 13.6485824585
    },
    "spectral_decrease": {
        "dmean": 1.93047733354e-09,
        "dmean2": 2.7931899016e-09,
        "dvar": 5.69809610171e-18,
        "dvar2": 1.16652302161e-17,
        "max": -2.34693903201e-10,
        "mean": -7.59252394289e-09,
        "median": -7.05084124419e-09,
        "min": -3.21109965284e-08,
        "var": 1.90804461496e-17
    },
    "spectral_energy": {
        "dmean": 0.00782054662704,
        "dmean2": 0.0112844379619,
        "dvar": 8.82233216544e-05,
        "dvar2": 0.00018151589029,
        "max": 0.127128124237,
        "mean": 0.0309883579612,
        "median": 0.0287002027035,
        "min": 0.000918217410799,
        "var": 0.00028793074307
    },
    "spectral_energyband_high": {
        "dmean": 0.00057899026433,
        "dmean2": 0.000761242466979,
        "dvar": 4.36754362454e-06,
        "dvar2": 7.47423746361e-06,
        "max": 0.041486222297,
        "mean": 0.00115592801012,
        "median": 0.000259826774709,
        "min": 6.05736317993e-07,
        "var": 1.20379945656e-05
    },
    "spectral_energyband_low": {
        "dmean": 0.00143872643821,
        "dmean2": 0.00236543500796,
        "dvar": 6.0924871832e-06,
        "dvar2": 1.59138089657e-05,
        "max": 0.0297275800258,
        "mean": 0.00325970235281,
        "median": 0.0023950196337,
        "min": 1.85372118722e-05,
        "var": 1.08336698759e-05
    },
    "spectral_energyband_middle_high": {
        "dmean": 0.00159439712297,
        "dmean2": 0.00215775379911,
        "dvar": 6.72014311931e-06,
        "dvar2": 1.16358451123e-05,
        "max": 0.0476216748357,
        "mean": 0.00512847257778,
        "median": 0.00234617781825,
        "min": 5.66533199162e-05,
        "var": 4.70818595204e-05
    },
    "spectral_energyband_middle_low": {
        "dmean": 0.00674598710611,
        "dmean2": 0.00982585176826,
        "dvar": 7.56489826017e-05,
        "dvar2": 0.000161568794283,
        "max": 0.116460673511,
        "mean": 0.0225092601031,
        "median": 0.0194140058011,
        "min": 0.000604859553277,
        "var": 0.000237749234657
    },
    "spectral_entropy": {
        "dmean": 0.215179756284,
        "dmean2": 0.311562240124,
        "dvar": 0.0616957172751,
        "dvar2": 0.118972621858,
        "max": 8.60443687439,
        "mean": 6.99258470535,
        "median": 6.94351482391,
        "min": 5.19377470016,
        "var": 0.298800230026
    },
    "spectral_flux": {
        "dmean": 0.0259753838181,
        "dmean2": 0.0411543175578,
        "dvar": 0.000611891911831,
        "dvar2": 0.0015344893327,
        "max": 0.238925755024,
        "mean": 0.0803389102221,
        "median": 0.0740621984005,
        "min": 0.0116907665506,
        "var": 0.00141417211853
    },
    "spectral_kurtosis": {
        "dmean": 2.27323412895,
        "dmean2": 3.56679391861,
        "dvar": 11.4096488953,
        "dvar2": 24.5507621765,
        "max": 53.0971794128,
        "mean": 6.94802093506,
        "median": 5.84284305573,
        "min": -1.56930041313,
        "var": 34.6408309937
    },
    "spectral_rms": {
        "dmean": 0.000695615948644,
        "dmean2": 0.000988822430372,
        "dvar": 5.21375000062e-07,
        "dvar2": 1.02154740489e-06,
        "max": 0.0111367609352,
        "mean": 0.00528010213748,
        "median": 0.00529152154922,
        "min": 0.000946478685364,
        "var": 2.3531054012e-06
    },
    "spectral_rolloff": {
        "dmean": 399.180206299,
        "dmean2": 670.848937988,
        "dvar": 1730337.125,
        "dvar2": 3239200.75,
        "max": 12123.1933594,
        "mean": 1396.51000977,
        "median": 732.12890625,
        "min": 215.33203125,
        "var": 4672202.5
    },
    "spectral_skewness": {
        "dmean": 0.294551759958,
        "dmean2": 0.429845303297,
        "dvar": 0.120369762182,
        "dvar2": 0.224141463637,
        "max": 6.05220794678,
        "mean": 2.16753339767,
        "median": 2.18445158005,
        "min": -0.443084388971,
        "var": 0.655952036381
    },
    "spectral_spread": {
        "dmean": 760796.4375,
        "dmean2": 1059430.75,
        "dvar": 1.10374354944e+12,
        "dvar2": 1.90801693901e+12,
        "max": 18939340,
        "mean": 5325397.5,
        "median": 4917228,
        "min": 1571080.25,
        "var": 5.12708627661e+12
    },
    "spectral_strongpeak": {
        "dmean": 0.665913045406,
        "dmean2": 1.05744314194,
        "dvar": 0.657462418079,
        "dvar2": 1.60622632504,
        "max": 9.86012077332,
        "mean": 1.83164227009,
        "median": 1.49598753452,
        "min": 0.0487338043749,
        "var": 2.00274324417
    },
    "zerocrossingrate": {
        "dmean": 0.0123181417584,
        "dmean2": 0.0128908520564,
        "dvar": 0.000493750092573,
        "dvar2": 0.000362336228136,
        "max": 0.4228515625,
        "mean": 0.059301815927,
        "median": 0.04150390625,
        "min": 0.01318359375,
        "var": 0.00364276068285
    },
    "barkbands": {
        "dmean": [3.09605457005e-05, 0.000187176032341, 0.00107557710726, 0.000727413629647, 0.00258374889381, 0.00302745006047, 0.00095436675474, 0.00116754486226, 0.00177990295924, 0.000919216836337, 0.000319106620736, 0.000503305753227, 0.000123723497381, 0.000142065953696, 0.000177381807589, 0.000172162253875, 7.97769753262e-05, 4.07968545915e-05, 9.78324460448e-05, 5.69719486521e-05, 6.32607843727e-05, 6.20723585598e-05, 0.000122868848848, 0.000199254733161, 0.000208151803236, 2.6671365049e-05, 2.0677273227e-09],
        "dmean2": [5.4128919146e-05, 0.000301031745039, 0.00180316565093, 0.00119864568114, 0.00410626130179, 0.00456888461486, 0.00143113092054, 0.00168235797901, 0.00258325762115, 0.00132577563636, 0.000468442594865, 0.000698060030118, 0.000190103557543, 0.000220353656914, 0.000253084173892, 0.000266965915216, 0.000119305412227, 6.42375816824e-05, 0.000150866660988, 8.70735748322e-05, 9.3943453976e-05, 9.06471541384e-05, 0.000170785424416, 0.000281291635474, 0.000291679694783, 3.88345433748e-05, 3.12691961213e-09],
        "dvar": [5.18060350174e-09, 1.2133362759e-07, 3.88586204281e-06, 2.03170611712e-06, 1.9315028112e-05, 2.81841621472e-05, 6.01267856837e-06, 5.99612894803e-06, 1.34746169351e-05, 5.3502362789e-06, 6.45714806069e-07, 1.71728959231e-06, 1.11000126424e-07, 1.88161322967e-07, 2.05770476214e-07, 3.17186618304e-07, 7.5462203597e-08, 3.04331102541e-08, 5.70563294389e-08, 2.38082655812e-08, 4.20124237621e-08, 5.98530718321e-08, 3.43158944816e-07, 5.55139649805e-07, 1.22858807572e-06, 1.04082031882e-08, 5.12859391321e-16],
        "dvar2": [1.42652725188e-08, 3.16068792472e-07, 1.00721908893e-05, 5.48686693946e-06, 4.37351336586e-05, 6.38928177068e-05, 1.15748507596e-05, 1.21080938698e-05, 2.63778420049e-05, 1.09310140033e-05, 1.25546137042e-06, 3.01177828987e-06, 2.23869051297e-07, 4.66164919999e-07, 4.02202886107e-07, 7.16804379408e-07, 1.5967931688e-07, 7.6039107455e-08, 1.41957613664e-07, 5.3747573503e-08, 8.65253753091e-08, 1.06689938661e-07, 5.51035611807e-07, 1.11158090021e-06, 2.67954760602e-06, 2.09254800154e-08, 5.17218699324e-16],
        "max": [0.0008068413008, 0.00491682766005, 0.0216689500958, 0.0185850951821, 0.0635357052088, 0.0757839009166, 0.0480103082955, 0.0413645841181, 0.0530243143439, 0.0401587225497, 0.0201215688139, 0.0246162079275, 0.00675274105743, 0.0107400733978, 0.00902121234685, 0.00973730906844, 0.00389905786142, 0.00433814199641, 0.00371787184849, 0.00213991245255, 0.00453199073672, 0.00556637486443, 0.0117953522131, 0.0149519406259, 0.0312771610916, 0.00201889593154, 7.52599646603e-07],
        "mean": [2.76111204585e-05, 0.000333251722623, 0.00214471318759, 0.00161773199216, 0.00549314264208, 0.00589388562366, 0.00204218528233, 0.00288051203825, 0.00383626273833, 0.0019962284714, 0.000845206785016, 0.00122225051746, 0.000250393059105, 0.000251677585766, 0.000386777304811, 0.000239920133026, 0.000105628198071, 5.62828499824e-05, 0.000148403749336, 9.92976492853e-05, 0.000115678485599, 0.00011082443234, 0.000205052259844, 0.000328262540279, 0.000317339057801, 3.9902071876e-05, 1.88451476646e-09],
        "median": [1.06640081867e-05, 0.00015087518841, 0.00117492326535, 0.000864762172569, 0.00328582851216, 0.00304747675546, 0.000563041714486, 0.001278484473, 0.000718510593288, 0.000291087722871, 0.000126476967125, 0.00028742858558, 5.95064448135e-05, 6.99176671333e-05, 7.20493480912e-05, 5.26780713699e-05, 2.44707116508e-05, 1.99083315238e-05, 6.13198571955e-05, 3.441717854e-05, 3.80476449209e-05, 1.60070685524e-05, 6.53813049212e-06, 4.40542062279e-05, 8.55481630424e-05, 4.47104002887e-06, 4.65128296989e-10],
        "min": [3.59108875969e-09, 1.76381809069e-06, 4.45607520305e-06, 9.32811417442e-06, 5.1067712775e-05, 4.51255546068e-05, 1.45460717249e-06, 2.10157872971e-06, 3.7990630517e-06, 1.99360260922e-06, 2.27428336075e-06, 1.18148420825e-06, 9.13973963179e-07, 4.19589269995e-07, 2.82940419538e-07, 4.25639768764e-07, 1.51041291474e-07, 5.38267954653e-08, 1.31332512865e-07, 7.66823404774e-08, 1.44416858916e-07, 4.00937381073e-08, 1.02305591554e-07, 1.21577798495e-07, 4.21262491557e-08, 2.98082586392e-10, 3.87990264916e-11],
        "var": [3.69485642082e-09, 2.86999153332e-07, 6.88717364028e-06, 5.39733036931e-06, 3.97667317884e-05, 5.57347848371e-05, 1.62579872267e-05, 1.6431664335e-05, 4.38315328211e-05, 2.25547373702e-05, 6.47811202725e-06, 7.81579910836e-06, 4.52145627605e-07, 3.57951904562e-07, 9.45276383391e-07, 5.28603209204e-07, 1.0155908825e-07, 3.77923718986e-08, 7.80412392487e-08, 4.88751332739e-08, 1.2134061933e-07, 1.7379647943e-07, 8.30317446798e-07, 1.23903305393e-06, 1.74152012278e-06, 2.23464198257e-08, 5.15966625809e-16]
    },
    "erbbands": {
        "dmean": [0.001795411692, 0.0697227865458, 0.941101551056, 1.79614460468, 4.992415905, 8.66642475128, 20.9063625336, 27.1366214752, 16.2318878174, 13.5739221573, 30.3695678711, 36.1501922607, 38.7714004517, 22.8421878815, 14.7279472351, 19.4249248505, 5.89219617844, 6.62798643112, 5.54635286331, 10.3088779449, 8.65844154358, 3.58769488335, 2.15713810921, 3.17895007133, 5.04287862778, 2.39113306999, 2.25943613052, 2.36055445671, 1.90369558334, 3.27588224411, 3.64777731895, 3.95057249069, 3.37586474419, 2.44827985764, 1.50833022594, 0.215858623385, 0.0369636379182, 0.0025205349084, 5.98698570684e-05, 1.39598996611e-05],
        "dmean2": [0.00289922580123, 0.112544730306, 1.56321883202, 2.95352816582, 7.9219083786, 13.6130418777, 32.0719490051, 41.2813148499, 25.2868003845, 19.302526474, 43.3660697937, 52.0083999634, 54.9640769958, 31.4354305267, 20.8214874268, 26.5845870972, 8.69935417175, 9.99489879608, 7.82208919525, 14.9179382324, 13.3226470947, 5.33810663223, 3.30422568321, 4.94466686249, 7.66030883789, 3.56142067909, 3.42170405388, 3.43523931503, 2.65740799904, 4.90809249878, 5.06254291534, 5.56431150436, 4.93263483047, 3.5892598629, 2.24069619179, 0.311027437449, 0.0549971722066, 0.0037278321106, 8.57427439769e-05, 1.93976520677e-05],
        "dvar": [7.79482070357e-06, 0.0165239591151, 3.12108945847, 9.75809192657, 93.008354187, 214.720230103, 2049.73291016, 3250.75048828, 1896.71887207, 1571.52539062, 4087.05273438, 8365.01171875, 8300.4765625, 4521.25683594, 1023.67828369, 3121.22021484, 218.91897583, 267.113769531, 288.102783203, 1091.25354004, 855.782226562, 126.089614868, 85.2445983887, 111.437232971, 122.311759949, 43.6849403381, 38.9748039246, 100.243492126, 48.6560249329, 234.970809937, 296.679290771, 264.93359375, 135.385177612, 75.0286407471, 162.546707153, 0.719208538532, 0.022260164842, 0.000149616476847, 6.84593501887e-08, 8.82054818074e-10],
        "dvar2": [1.80701172212e-05, 0.042973767966, 8.02489471436, 26.1515808105, 243.883377075, 520.854492188, 4340.73486328, 7561.78369141, 4035.24707031, 2577.85522461, 8367.12304688, 15678.5410156, 16562.2070312, 7961.24951172, 1884.58752441, 5810.28808594, 420.991485596, 674.26184082, 501.754150391, 2485.95288086, 1847.6262207, 253.887313843, 210.227737427, 283.955322266, 274.228515625, 93.5729827881, 82.6556167603, 215.414001465, 81.7655639648, 444.507537842, 490.717956543, 489.376556396, 278.500335693, 172.715911865, 365.414306641, 1.45155382156, 0.0444974936545, 0.000323139625834, 1.2762623669e-07, 1.6842787165e-09],
        "max": [0.0480992533267, 1.7570643425, 21.2560386658, 42.4500389099, 133.893630981, 238.436019897, 703.311279297, 874.618652344, 962.155212402, 824.425598145, 866.729614258, 1682.32226562, 1701.51464844, 1411.13562012, 690.695861816, 1231.24145508, 327.890563965, 248.535079956, 543.643859863, 607.218811035, 660.305969238, 200.258651733, 235.983886719, 198.701187134, 193.253753662, 118.081306458, 186.755645752, 198.317230225, 195.697387695, 264.918121338, 383.360717773, 335.293273926, 222.029083252, 214.870910645, 389.973937988, 16.125541687, 2.88328504562, 0.334245383739, 0.00683003850281, 0.000795917469077],
        "mean": [0.00386393163353, 0.130470409989, 1.84718954563, 4.46060419083, 8.90556335449, 19.2012405396, 43.3527832031, 45.8004302979, 29.0082206726, 38.1769142151, 76.5023727417, 77.9599914551, 87.11302948, 57.6947402954, 43.1219024658, 43.1760292053, 14.0626688004, 13.055975914, 12.9306297302, 19.6761989594, 13.9132728577, 5.53853797913, 3.24695277214, 4.73962640762, 8.39789009094, 4.72867822647, 4.66212129593, 3.94234776497, 3.50208711624, 5.3658246994, 6.04503774643, 6.64772224426, 5.54226112366, 4.08642101288, 1.93881440163, 0.334576874971, 0.0506427586079, 0.00311056524515, 0.000104677739728, 4.64424483653e-05],
        "median": [0.00246534333564, 0.0770342946053, 1.08901131153, 3.28178429604, 4.94630908966, 11.4925909042, 15.9112491608, 22.5982131958, 13.8396339417, 12.1603860855, 35.5523948669, 23.7147064209, 17.3768062592, 15.4737997055, 12.7433309555, 13.3918790817, 4.99077796936, 4.19573783875, 3.64389204979, 3.85421609879, 3.42452669144, 1.43276929855, 1.20149111748, 1.78756546974, 3.76790332794, 1.82052338123, 1.80302703381, 1.00754022598, 0.610558271408, 0.307098090649, 0.20622202754, 0.473004281521, 1.02319145203, 1.18556392193, 0.402604132891, 0.04243510589, 0.00701288320124, 0.000473262334708, 3.59340519935e-05, 3.98173287977e-05],
        "min": [8.59644424054e-05, 0.000631874427199, 0.00727789476514, 0.0449594184756, 0.105089396238, 0.234557703137, 0.767630398273, 0.286046355963, 0.103380136192, 0.162123769522, 0.129996359348, 0.153591990471, 0.0832014605403, 0.283270955086, 0.177285313606, 0.0898624435067, 0.0491153970361, 0.0274453219026, 0.01456112694, 0.0316330529749, 0.0197084471583, 0.00707210879773, 0.00228877109475, 0.00784681551158, 0.0044151074253, 0.00422213133425, 0.00580644374713, 0.00350674777292, 0.00136188836768, 0.00221625785343, 0.00285354722291, 0.00236467598006, 0.000870181887876, 0.00138225965202, 0.000195558517589, 1.85564440471e-05, 1.9242813778e-06, 2.13128544146e-07, 6.11534574091e-07, 1.26482507312e-06],
        "var": [1.98800626094e-05, 0.0326446965337, 5.18711423874, 21.6084728241, 139.03767395, 538.433837891, 5238.65917969, 4915.26464844, 2775.06201172, 7373.70458984, 11141.6191406, 21024.1640625, 23302.7480469, 24363.3417969, 7499.55126953, 8300.29785156, 1070.62695312, 732.606140137, 983.792663574, 2399.10888672, 1818.5, 208.129333496, 121.580726624, 129.16204834, 233.082504272, 107.448425293, 140.097442627, 228.448257446, 162.872558594, 525.560913086, 719.77142334, 656.02923584, 284.371276855, 132.516235352, 185.804016113, 1.67082762718, 0.0391941480339, 0.000200115260668, 1.24432247617e-07, 1.83577164581e-09]
    },
    "gfcc": {
        "mean": [-7.45253419876, 102.895698547, -102.993598938, 7.459192276, -83.9991226196, 11.1772756577, -53.7105979919, 10.2857351303, -41.7311706543, -1.05694770813, -18.1793060303, -15.306060791, -1.10942459106],
        "cov": [[2082.03149414, -842.154968262, -179.130386353, 35.8905181885, -99.5999298096, 164.081253052, -34.0861129761, 281.104278564, -127.873878479, 84.4517669678, -151.672149658, -85.0131759644, 47.2595100403], [-842.154968262, 1544.07214355, -310.636291504, -403.491882324, 310.612640381, -191.422225952, 139.768737793, -71.7801589966, 48.0417938232, -76.4385910034, 110.151977539, -146.050521851, 185.592926025], [-179.130386353, -310.636291504, 516.24395752, 192.381439209, -146.759765625, -7.16782808304, -88.9298477173, -44.9176597595, 57.0042877197, -2.36110782623, -11.438709259, 137.50340271, -174.370285034], [35.8905181885, -403.491882324, 192.381439209, 384.874298096, -73.2139587402, -26.1080417633, -69.5522384644, -15.9749660492, 37.5223770142, -23.8349132538, -4.13592004776, 80.9140167236, -126.541915894], [-99.5999298096, 310.612640381, -146.759765625, -73.2139587402, 213.704864502, 2.2385904789, 18.8733119965, 16.552570343, -7.37472248077, -15.1717481613, 4.20469999313, -48.8213310242, 50.7123336792], [164.081253052, -191.422225952, -7.16782808304, -26.1080417633, 2.2385904789, 246.911300659, 79.0242004395, -15.6607885361, -32.7573204041, 31.3026313782, -20.5310306549, -54.4613494873, 13.1137542725], [-34.0861129761, 139.768737793, -88.9298477173, -69.5522384644, 18.8733119965, 79.0242004395, 176.217086792, -1.296428442, -49.0801849365, 16.2917251587, -0.550129115582, -58.6260948181, 36.7221794128], [281.104278564, -71.7801589966, -44.9176597595, -15.9749660492, 16.552570343, -15.6607885361, -1.296428442, 175.725189209, -1.96666824818, -6.74392604828, -27.8527107239, 1.32655930519, 27.4868545532], [-127.873878479, 48.0417938232, 57.0042877197, 37.5223770142, -7.37472248077, -32.7573204041, -49.0801849365, -1.96666824818, 130.917251587, -29.1190071106, 2.4407980442, 34.6317405701, -45.0602912903], [84.4517669678, -76.4385910034, -2.36110782623, -23.8349132538, -15.1717481613, 31.3026313782, 16.2917251587, -6.74392604828, -29.1190071106, 98.6421051025, -6.97451496124, -18.7034683228, 7.49657392502], [-151.672149658, 110.151977539, -11.438709259, -4.13592004776, 4.20469999313, -20.5310306549, -0.550129115582, -27.8527107239, 2.4407980442, -6.97451496124, 113.0703125, 17.7361698151, 4.87725782394], [-85.0131759644, -146.050521851, 137.50340271, 80.9140167236, -48.8213310242, -54.4613494873, -58.6260948181, 1.32655930519, 34.6317405701, -18.7034683228, 17.7361698151, 156.323608398, -65.3288040161], [47.2595100403, 185.592926025, -174.370285034, -126.541915894, 50.7123336792, 13.1137542725, 36.7221794128, 27.4868545532, -45.0602912903, 7.49657392502, 4.87725782394, -65.3288040161, 195.466567993]],
        "icov": [[0.00103699683677, 0.000351480295649, 0.00057514308719, 1.24795121792e-06, 0.000473811407574, -0.000444422330474, 0.00068032258423, -0.00140244618524, 0.000652765156701, -0.0002868421725, 0.00054720469052, 0.000496708438732, 0.000219557085074], [0.000351480295649, 0.00376607989892, -0.00108574959449, 0.00274412101135, -0.00398298213258, 0.00410852627829, -0.00354079785757, 0.00156709400471, -0.0025885195937, 0.00170095788781, -0.00211638910696, 0.00251469668001, -0.00141902419273], [0.00057514308719, -0.00108574959449, 0.00468011479825, -0.0014701934997, 0.00320623791777, -0.00240517221391, 0.00255930610001, -0.00094160932349, 0.00112873606849, -0.00100984692108, 0.00165690272115, -0.0024216263555, 0.0025444268249], [1.24795121792e-06, 0.00274412101135, -0.0014701934997, 0.00575294112787, -0.00266930693761, 0.00311342347413, -0.00210319273174, 0.00149312627036, -0.0018586027436, 0.00209060451016, -0.00165449560154, 0.00137465330772, 0.000467929581646], [0.000473811407574, -0.00398298213258, 0.00320623791777, -0.00266930693761, 0.0109558477998, -0.00517150061205, 0.0049742301926, -0.00313549814746, 0.00327467685565, -0.0010902263457, 0.00269714114256, -0.00173268315848, 0.0019606333226], [-0.000444422330474, 0.00410852627829, -0.00240517221391, 0.00311342347413, -0.00517150061205, 0.0103846415877, -0.00676913093776, 0.00335303414613, -0.00334015977569, 0.00125262828078, -0.00222993805073, 0.00386497378349, -0.00194898305926], [0.00068032258423, -0.00354079785757, 0.00255930610001, -0.00210319273174, 0.0049742301926, -0.00676913093776, 0.0124095948413, -0.00305647589266, 0.0052405600436, -0.00175583909731, 0.00225626025349, -0.000890367955435, 0.00230255513452], [-0.00140244618524, 0.00156709400471, -0.00094160932349, 0.00149312627036, -0.00313549814746, 0.00335303414613, -0.00305647589266, 0.00935711618513, -0.00250588590279, 0.00168900680728, -0.000143821293022, -0.000307487032842, -0.00191691075452], [0.000652765156701, -0.0025885195937, 0.00112873606849, -0.0018586027436, 0.00327467685565, -0.00334015977569, 0.0052405600436, -0.00250588590279, 0.0121682211757, 0.000700975651853, 0.00206890865229, -0.00186227425002, 0.00295015168376], [-0.0002868421725, 0.00170095788781, -0.00100984692108, 0.00209060451016, -0.0010902263457, 0.00125262828078, -0.00175583909731, 0.00168900680728, 0.000700975651853, 0.0125642539933, -0.000914135249332, 0.00192329427227, -0.000456608191598], [0.00054720469052, -0.00211638910696, 0.00165690272115, -0.00165449560154, 0.00269714114256, -0.00222993805073, 0.00225626025349, -0.000143821293022, 0.00206890865229, -0.000914135249332, 0.0115665607154, -0.00302052125335, 0.000544231501408], [0.000496708438732, 0.00251469668001, -0.0024216263555, 0.00137465330772, -0.00173268315848, 0.00386497378349, -0.000890367955435, -0.000307487032842, -0.00186227425002, 0.00192329427227, -0.00302052125335, 0.0119773009792, 0.000197995788767], [0.000219557085074, -0.00141902419273, 0.0025444268249, 0.000467929581646, 0.0019606333226, -0.00194898305926, 0.00230255513452, -0.00191691075452, 0.00295015168376, -0.000456608191598, 0.000544231501408, 0.000197995788767, 0.00919222738594]]
    },
    "melbands": {
        "dmean": [3.1255720387e-05, 0.000353393086698, 0.000371134607121, 0.000444343721028, 0.000666161125991, 0.000586857262533, 0.00023729755776, 0.000157272224897, 0.000253316306043, 0.000242448542849, 0.000192533014342, 9.65257640928e-05, 5.047290324e-05, 6.80057200952e-05, 2.31211124628e-05, 1.20997456179e-05, 1.25443330035e-05, 9.42798669712e-06, 1.50198502524e-05, 1.22862584249e-05, 1.07305750134e-05, 4.32117121818e-06, 3.02583248413e-06, 1.66754114161e-06, 2.73745285995e-06, 4.41403108198e-06, 3.06322272081e-06, 1.44410353187e-06, 1.50641938035e-06, 1.65362109783e-06, 1.31628939926e-06, 1.02724766293e-06, 1.56975966092e-06, 2.01335569727e-06, 1.9678350327e-06, 2.60895376414e-06, 2.58774389295e-06, 2.55103691416e-06, 2.16888929572e-06, 2.21082564167e-06],
        "dmean2": [4.98986919411e-05, 0.000585652596783, 0.00059521762887, 0.000717604998499, 0.00101517676376, 0.000883334665559, 0.00037066556979, 0.000226532443776, 0.000362907885574, 0.000351044582203, 0.000272824807325, 0.000131488675834, 7.06203791196e-05, 9.17497527553e-05, 3.31816991093e-05, 1.80334791366e-05, 1.90468290384e-05, 1.31481119752e-05, 2.05056330742e-05, 1.86761808436e-05, 1.65037290571e-05, 6.68323582431e-06, 4.67333211418e-06, 2.55869895227e-06, 4.37377502749e-06, 6.77523394188e-06, 4.73099635201e-06, 2.21717800741e-06, 2.32113848142e-06, 2.51572896559e-06, 1.90058517546e-06, 1.50581422531e-06, 2.37140307036e-06, 3.06641277348e-06, 2.77361073131e-06, 3.66106792171e-06, 3.80982464776e-06, 3.85081739296e-06, 3.18646289088e-06, 3.29753652295e-06],
        "dvar": [3.03398772772e-09, 4.34908571378e-07, 4.09997596762e-07, 5.49860942556e-07, 1.852256446e-06, 1.39625672091e-06, 3.60892698836e-07, 1.55092379828e-07, 2.67422961997e-07, 3.21376631973e-07, 1.9971191989e-07, 8.6859266446e-08, 1.42952982785e-08, 3.13548405018e-08, 3.76382525147e-09, 7.56666229673e-10, 9.62580570807e-10, 1.30691135691e-09, 1.4791132763e-09, 1.83664694564e-09, 1.35803557288e-09, 2.40245073835e-10, 3.35944744245e-10, 3.74212189014e-11, 8.92843923794e-11, 1.32881081139e-10, 6.07862579716e-11, 2.01252382814e-11, 2.04315002417e-11, 2.49977642752e-11, 3.75131661845e-11, 1.5242961407e-11, 4.22986298765e-11, 1.01985718481e-10, 8.34071006706e-11, 1.46625683817e-10, 1.08039285851e-10, 8.9705215478e-11, 4.70088690196e-11, 7.31914737151e-11],
        "dvar2": [7.65622498733e-09, 1.12437953703e-06, 1.06956497348e-06, 1.41847601753e-06, 3.89579099647e-06, 3.23303402183e-06, 7.6747426192e-07, 2.64698371666e-07, 5.54601854219e-07, 6.21793105893e-07, 3.95600011416e-07, 1.52014820287e-07, 2.52065941453e-08, 5.29355439483e-08, 7.60538210187e-09, 1.60570445829e-09, 2.42170905551e-09, 2.41257258615e-09, 2.69763233973e-09, 4.29977120575e-09, 2.897456719e-09, 4.89160933981e-10, 7.76738506847e-10, 7.83235212798e-11, 2.33225772028e-10, 3.26708410325e-10, 1.43212081083e-10, 4.54651073734e-11, 4.80600767516e-11, 5.53068979503e-11, 7.67788610467e-11, 3.04839417598e-11, 8.65268204309e-11, 2.10644279797e-10, 1.51275908467e-10, 2.47183440383e-10, 2.29447974509e-10, 1.98219982095e-10, 1.02920921785e-10, 1.76405903773e-10],
        "max": [0.000720400828868, 0.00783373229206, 0.00779958814383, 0.00932356901467, 0.0217100400478, 0.0178679209203, 0.0131143257022, 0.00750179123133, 0.00738003151491, 0.00965779460967, 0.00820863246918, 0.00637303944677, 0.00315106357448, 0.00357562559657, 0.00125922402367, 0.000443345867097, 0.000498451699968, 0.00120875413995, 0.00082765868865, 0.00075803080108, 0.000778271758463, 0.000295853271382, 0.000531647878233, 0.000134073270601, 0.000181827752385, 0.000206155498745, 0.000127728810185, 8.81165542523e-05, 0.000132318557007, 0.000105548955617, 0.000132957851747, 0.000115149996418, 0.000113209767733, 0.000187947967788, 0.000214217332541, 0.000250812794548, 0.000201759525225, 0.00018172597629, 0.00010046245734, 0.000240813489654],
        "mean": [5.9427209635e-05, 0.000702272751369, 0.000904043030459, 0.00092824670719, 0.00140523572918, 0.00103590637445, 0.000442120974185, 0.000424795987783, 0.000613498559687, 0.000519284629263, 0.000428292463766, 0.000231852274737, 0.000142202494317, 0.000158502487466, 4.85445125378e-05, 2.28625467571e-05, 2.43477388722e-05, 1.70750809048e-05, 3.33819480147e-05, 1.79505350388e-05, 1.57575177582e-05, 5.84798499403e-06, 3.65629398402e-06, 2.51674396168e-06, 3.70496150026e-06, 6.52106427879e-06, 4.97513792652e-06, 2.6115219498e-06, 2.79611958831e-06, 2.88940873361e-06, 2.0387647055e-06, 1.73534670012e-06, 2.54281621892e-06, 3.08842550112e-06, 3.10286327476e-06, 4.19965499532e-06, 3.99628243031e-06, 3.93776235796e-06, 3.60573062608e-06, 3.41466397913e-06],
        "median": [3.1606425182e-05, 0.000407481566072, 0.000664642546326, 0.000590054842178, 0.000632869719993, 0.000546125462279, 0.000203510775464, 0.000151303902385, 0.000257623527432, 0.000109355285531, 6.3802828663e-05, 4.28170606028e-05, 2.80973690678e-05, 3.44257859979e-05, 1.55734087457e-05, 7.87069257058e-06, 6.2829599301e-06, 4.54011205875e-06, 5.18745264344e-06, 4.01423585572e-06, 3.07870982397e-06, 1.22948188164e-06, 1.02059914298e-06, 1.0096208598e-06, 1.20170682294e-06, 2.57962642536e-06, 1.9662561499e-06, 8.17022396404e-07, 1.01441173683e-06, 8.65408139816e-07, 3.59410535111e-07, 2.88384484293e-07, 2.50368657362e-07, 1.14579947308e-07, 8.68099476747e-08, 1.34841968702e-07, 2.93507838478e-07, 5.5284147038e-07, 9.77078798314e-07, 9.68847757576e-07],
