{
"highlevel": {
    "danceability": {
        "all": {
            "danceable": 0.993581116199,
            "not_danceable": 0.00641889870167
        },
        "probability": 0.993581116199,
        "value": "danceable"
    },
    "gender": {
        "all": {
            "female": 0.984161436558,
            "male": 0.0158385783434
        },
        "probability": 0.984161436558,
        "value": "female"
    },
    "genre_dortmund": {
        "all": {
            "alternative": 0.0569170415401,
            "blues": 0.160327836871,
            "electronic": 0.0709575712681,
            "folkcountry": 0.0635922700167,
            "funksoulrnb": 0.0723526924849,
            "jazz": 0.107876650989,
            "pop": 0.169859945774,
            "raphiphop": 0.137208685279,
            "rock": 0.160907328129
        },
        "probability": 0.169859945774,
        "value": "pop"
    },
    "genre_electronic": {
        "all": {
            "ambient": 0.483779996634,
            "dnb": 0.119384735823,
            "house": 0.306153178215,
            "techno": 0.0166904591024,
            "trance": 0.0739916339517
        },
        "probability": 0.483779996634,
        "value": "ambient"
    },
    "genre_rosamerica": {
        "all": {
            "cla": 0.00187859986909,
            "dan": 0.0424255765975,
            "hip": 0.0182492081076,
            "jaz": 0.00340665271506,
            "pop": 0.686122655869,
            "rhy": 0.158039882779,
            "roc": 0.088780015707,
            "spe": 0.00109739857726
        },
        "probability": 0.686122655869,
        "value": "pop"
    },
    "genre_tzanetakis": {
        "all": {
            "blu": 0.0626541376114,
            "cla": 0.0348133966327,
            "cou": 0.0783501937985,
            "dis": 0.104547761381,
            "hip": 0.15693578124,
            "jaz": 0.313987255096,
            "met": 0.044816005975,
            "pop": 0.0627349764109,
            "reg": 0.0627352520823,
            "roc": 0.0784252434969
        },
        "probability": 0.313987255096,
        "value": "jaz"
    },
    "ismir04_rhythm": {
        "all": {
            "ChaChaCha": 0.438107848167,
            "Jive": 0.0161549355835,
            "Quickstep": 0.115508846939,
            "Rumba-American": 0.0195704642683,
            "Rumba-International": 0.0365307293832,
            "Rumba-Misc": 0.0126605415717,
            "Samba": 0.342632859945,
            "Tango": 0.0110822115093,
            "VienneseWaltz": 0.00396795710549,
            "Waltz": 0.00378361158073
        },
        "probability": 0.438107848167,
        "value": "ChaChaCha"
    },
    "mood_acoustic": {
        "all": {
            "acoustic": 0.0798753350973,
            "not_acoustic": 0.920124650002
        },
        "probability": 0.920124650002,
        "value": "not_acoustic"
    },
    "mood_aggressive": {
        "all": {
            "aggressive": 0.0187830384821,
            "not_aggressive": 0.981216967106
        },
        "probability": 0.981216967106,
        "value": "not_aggressive"
    },
    "mood_electronic": {
        "all": {
            "electronic": 0.578981459141,
            "not_electronic": 0.421018570662
        },
        "probability": 0.578981459141,
        "value": "electronic"
    },
    "mood_happy": {
        "all": {
            "happy": 0.0635819137096,
            "not_happy": 0.936418116093
        },
        "probability": 0.936418116093,
        "value": "not_happy"
    },
    "mood_party": {
        "all": {
            "not_party": 0.596657395363,
            "party": 0.403342574835
        },
        "probability": 0.596657395363,
        "value": "not_party"
    },
    "mood_relaxed": {
        "all": {
            "not_relaxed": 0.366966784,
            "relaxed": 0.633033216
        },
        "probability": 0.633033216,
        "value": "relaxed"
    },
    "mood_sad": {
        "all": {
            "not_sad": 0.617988169193,
            "sad": 0.382011801004
        },
        "probability": 0.617988169193,
        "value": "not_sad"
    },
    "moods_mirex": {
        "all": {
            "Cluster1": 0.29333910346,
            "Cluster2": 0.309037268162,
            "Cluster3": 0.0854716002941,
            "Cluster4": 0.15187177062,
            "Cluster5": 0.160280257463
        },
        "probability": 0.309037268162,
        "value": "Cluster2"
    },
    "timbre": {
        "all": {
            "bright": 0.823566317558,
            "dark": 0.176433667541
        },
        "probability": 0.823566317558,
        "value": "bright"
    },
    "tonal_atonal": {
        "all": {
            "atonal": 0.245305910707,
            "tonal": 0.754694104195
        },
        "probability": 0.754694104195,
        "value": "tonal"
    },
    "voice_instrumental": {
        "all": {
            "instrumental": 0.0259720701724,
            "voice": 0.97402793169
        },
        "probability": 0.97402793169,
        "value": "voice"
    }
},
"lowlevel": {
    "average_loudness": 0.925832688808,
    "barkbands_crest": {
        "dmean": 3.04964876175,
        "dmean2": 4.49528741837,
        "dvar": 7.05264425278,
        "dvar2": 15.6439409256,
        "max": 25.9012832642,
        "mean": 12.5818681717,
        "median": 12.206489563,
        "min": 2.94959306717,
        "var": 25.0903491974
    },
    "barkbands_flatness_db": {
        "dmean": 0.0259822048247,
        "dmean2": 0.0379322059453,
        "dvar": 0.000625306915026,
        "dvar2": 0.00139468384441,
        "max": 0.5261079669,
        "mean": 0.185709759593,
        "median": 0.172090098262,
        "min": 0.056793987751,
        "var": 0.00590250361711
    },
    "barkbands_kurtosis": {
        "dmean": 5.17577171326,
        "dmean2": 7.5227060318,
        "dvar": 148.09664917,
        "dvar2": 296.044677734,
        "max": 244.006896973,
        "mean": 7.52235841751,
        "median": 2.79128694534,
        "min": -1.93954193592,
        "var": 252.442504883
    },
    "barkbands_skewness": {
        "dmean": 0.703064024448,
        "dmean2": 1.00202095509,
        "dvar": 0.693456053734,
        "dvar2": 1.33909666538,
        "max": 13.7837333679,
        "mean": 1.82976603508,
        "median": 1.49618673325,
        "min": -1.58490860462,
        "var": 2.41098809242
    },
    "barkbands_spread": {
        "dmean": 5.22709274292,
        "dmean2": 8.13668060303,
        "dvar": 65.4716720581,
        "dvar2": 132.704086304,
        "max": 104.564292908,
        "mean": 18.2263851166,
        "median": 16.4242591858,
        "min": 0.531109035015,
        "var": 176.048599243
    },
    "dissonance": {
        "dmean": 0.0262743066996,
        "dmean2": 0.0441883169115,
        "dvar": 0.000719671952538,
        "dvar2": 0.00192063511349,
        "max": 0.49998870492,
        "mean": 0.444196790457,
        "median": 0.458328038454,
        "min": 0.120948120952,
        "var": 0.00230412813835
    },
    "dynamic_complexity": 2.90016436577,
    "erbbands_crest": {
        "dmean": 3.34056830406,
        "dmean2": 5.32262229919,
        "dvar": 8.75537872314,
        "dvar2": 20.5554046631,
        "max": 31.6824359894,
        "mean": 11.6280641556,
        "median": 10.5471525192,
        "min": 2.84608674049,
        "var": 29.559431076
    },
    "erbbands_flatness_db": {
        "dmean": 0.0203733853996,
        "dmean2": 0.0298712775111,
        "dvar": 0.000389160471968,
        "dvar2": 0.000749432831071,
        "max": 0.38147315383,
        "mean": 0.171617344022,
        "median": 0.158080846071,
        "min": 0.0572365410626,
        "var": 0.00353963882662
    },
    "erbbands_kurtosis": {
        "dmean": 1.92390811443,
        "dmean2": 2.96039223671,
        "dvar": 13.3743057251,
        "dvar2": 27.8417778015,
        "max": 80.3915557861,
        "mean": 2.67360806465,
        "median": 1.06822967529,
        "min": -1.90759575367,
        "var": 30.1247768402
    },
    "erbbands_skewness": {
        "dmean": 0.445619463921,
        "dmean2": 0.661037385464,
        "dvar": 0.22831222415,
        "dvar2": 0.466640144587,
        "max": 7.3948431015,
        "mean": 0.653203725815,
        "median": 0.535637080669,
        "min": -2.52053713799,
        "var": 1.0003683567
    },
    "erbbands_spread": {
        "dmean": 8.79978656769,
        "dmean2": 13.057926178,
        "dvar": 153.054244995,
        "dvar2": 320.203857422,
        "max": 192.337341309,
        "mean": 30.6844825745,
        "median": 26.5161151886,
        "min": 2.26019525528,
        "var": 446.11895752
    },
    "hfc": {
        "dmean": 6.66618061066,
        "dmean2": 9.79295635223,
        "dvar": 93.0108413696,
        "dvar2": 207.796447754,
        "max": 191.430358887,
        "mean": 21.4459514618,
        "median": 17.7790565491,
        "min": 0.512811183929,
        "var": 300.318756104
    },
    "melbands_crest": {
        "dmean": 3.86469578743,
        "dmean2": 5.9824514389,
        "dvar": 12.5919017792,
        "dvar2": 27.9735813141,
        "max": 35.1526184082,
        "mean": 17.6837882996,
        "median": 16.6321983337,
        "min": 4.69805431366,
        "var": 45.0860748291
    },
    "melbands_flatness_db": {
        "dmean": 0.0311095286161,
        "dmean2": 0.0449317619205,
        "dvar": 0.000976246315986,
        "dvar2": 0.00206976942718,
        "max": 0.675849974155,
        "mean": 0.25502127409,
        "median": 0.23724655807,
        "min": 0.0731718093157,
        "var": 0.00939442403615
    },
    "melbands_kurtosis": {
        "dmean": 11.0352678299,
        "dmean2": 15.7610769272,
        "dvar": 506.485046387,
        "dvar2": 940.024963379,
        "max": 290.740539551,
        "mean": 17.4311141968,
        "median": 7.26309490204,
        "min": -1.76024186611,
        "var": 995.503173828
    },
    "melbands_skewness": {
        "dmean": 0.945600688457,
        "dmean2": 1.33592331409,
        "dvar": 1.25882053375,
        "dvar2": 2.30837011337,
        "max": 14.6723623276,
        "mean": 2.69550323486,
        "median": 2.21025586128,
        "min": -1.58363199234,
        "var": 4.73501682281
    },
    "melbands_spread": {
        "dmean": 5.64406633377,
        "dmean2": 8.29468917847,
        "dvar": 58.7596549988,
        "dvar2": 112.712852478,
        "max": 121.553092957,
        "mean": 17.6637325287,
        "median": 14.9946088791,
        "min": 0.70338511467,
        "var": 173.939102173
    },
    "pitch_salience": {
        "dmean": 0.0827511847019,
        "dmean2": 0.128927245736,
        "dvar": 0.00688448641449,
        "dvar2": 0.0167772490531,
        "max": 0.798822283745,
        "mean": 0.468719929457,
        "median": 0.482912182808,
        "min": 0.0728799402714,
        "var": 0.0177811272442
    },
    "silence_rate_20dB": {
        "dmean": 0,
        "dmean2": 0,
        "dvar": 0,
        "dvar2": 0,
        "max": 1,
        "mean": 1,
        "median": 1,
        "min": 1,
        "var": 0
    },
    "silence_rate_30dB": {
        "dmean": 0.0510835908353,
        "dmean2": 0.102246321738,
        "dvar": 0.0484738573432,
        "dvar2": 0.0933401063085,
        "max": 1,
        "mean": 0.911832928658,
        "median": 1,
        "min": 0,
        "var": 0.0803943127394
    },
    "silence_rate_60dB": {
        "dmean": 0.00541795650497,
        "dmean2": 0.0100697129965,
        "dvar": 0.0053886435926,
        "dvar2": 0.0099682668224,
        "max": 1,
        "mean": 0.00618716143072,
        "median": 0,
        "min": 0,
        "var": 0.00614886404946
    },
    "spectral_centroid": {
        "dmean": 207.646255493,
        "dmean2": 311.185119629,
        "dvar": 60243.8945312,
        "dvar2": 130936.476562,
        "max": 3666.62841797,
        "mean": 1076.67785645,
        "median": 1096.02746582,
        "min": 163.089691162,
        "var": 255349.328125
    },
    "spectral_complexity": {
        "dmean": 3.11687302589,
        "dmean2": 4.75058078766,
        "dvar": 13.1016759872,
        "dvar2": 28.6302700043,
        "max": 45,
        "mean": 16.8221187592,
        "median": 17,
        "min": 3,
        "var": 63.754901886
    },
    "spectral_decrease": {
        "dmean": 4.14028678009e-09,
        "dmean2": 6.06302075212e-09,
        "dvar": 4.23703648056e-17,
        "dvar2": 7.45036680817e-17,
        "max": -4.67909544444e-10,
        "mean": -1.21487557792e-08,
        "median": -1.01025792176e-08,
        "min": -6.35242471958e-08,
        "var": 1.27453285801e-16
    },
    "spectral_energy": {
        "dmean": 0.015989061445,
        "dmean2": 0.0233284235001,
        "dvar": 0.000613814161625,
        "dvar2": 0.00107987783849,
        "max": 0.241914749146,
        "mean": 0.0477973744273,
        "median": 0.0401942618191,
        "min": 0.00181251217145,
        "var": 0.00188733590767
    },
    "spectral_energyband_high": {
        "dmean": 0.00030307774432,
        "dmean2": 0.000453967717476,
        "dvar": 5.62746663491e-07,
        "dvar2": 1.32343620862e-06,
        "max": 0.0174795631319,
        "mean": 0.000622024002951,
        "median": 0.000325802189764,
        "min": 4.53227357866e-08,
        "var": 8.55721680182e-07
    },
    "spectral_energyband_low": {
        "dmean": 0.0136823328212,
        "dmean2": 0.0205200966448,
        "dvar": 0.000671346264426,
        "dvar2": 0.00123900838662,
        "max": 0.235237240791,
        "mean": 0.0289858076721,
        "median": 0.0177901145071,
        "min": 5.3377916629e-05,
        "var": 0.00161900557578
    },
    "spectral_energyband_middle_high": {
        "dmean": 0.00271676690318,
        "dmean2": 0.00395695865154,
        "dvar": 1.92701008928e-05,
        "dvar2": 3.92980837205e-05,
        "max": 0.0631109848619,
        "mean": 0.00722602149472,
        "median": 0.00416528247297,
        "min": 2.97899987345e-06,
        "var": 7.61834671721e-05
    },
    "spectral_energyband_middle_low": {
        "dmean": 0.00538106681779,
        "dmean2": 0.00851650256664,
        "dvar": 7.52507621655e-05,
        "dvar2": 0.000197896559257,
        "max": 0.0769594833255,
        "mean": 0.0120466994122,
        "median": 0.00851069297642,
        "min": 0.000781744311098,
        "var": 0.000117053394206
    },
    "spectral_entropy": {
        "dmean": 0.203951194882,
        "dmean2": 0.304008930922,
        "dvar": 0.0553745478392,
        "dvar2": 0.122612468898,
        "max": 8.53892040253,
        "mean": 7.2844786644,
        "median": 7.49711513519,
        "min": 4.61291122437,
        "var": 0.504213929176
    },
    "spectral_flux": {
        "dmean": 0.040916711092,
        "dmean2": 0.0610231496394,
        "dvar": 0.00284352875315,
        "dvar2": 0.00469629699364,
        "max": 0.475571960211,
        "mean": 0.107429251075,
        "median": 0.0847837999463,
        "min": 0.00885517802089,
        "var": 0.00689670955762
    },
    "spectral_kurtosis": {
        "dmean": 2.94501781464,
        "dmean2": 4.74031925201,
        "dvar": 49.6673240662,
        "dvar2": 118.662117004,
        "max": 165.726470947,
        "mean": 9.10124111176,
        "median": 4.53558444977,
        "min": -1.68343305588,
        "var": 321.699829102
    },
    "spectral_rms": {
        "dmean": 0.00102718512062,
        "dmean2": 0.00148671749048,
        "dvar": 1.53415658133e-06,
        "dvar2": 2.66479514721e-06,
        "max": 0.0153627600521,
        "mean": 0.0061962697655,
        "median": 0.00626210169867,
        "min": 0.00132977613248,
        "var": 8.23786649562e-06
    },
    "spectral_rolloff": {
        "dmean": 365.130157471,
        "dmean2": 627.215942383,
        "dvar": 1043812.75,
        "dvar2": 2422727,
        "max": 11584.8632812,
        "mean": 976.402526855,
        "median": 732.12890625,
        "min": 64.599609375,
        "var": 1517741
    },
    "spectral_skewness": {
        "dmean": 0.30940297246,
        "dmean2": 0.477488100529,
        "dvar": 0.197301402688,
        "dvar2": 0.408294081688,
        "max": 11.1928749084,
        "mean": 2.13370251656,
        "median": 1.78972530365,
        "min": -0.169279783964,
        "var": 1.84921574593
    },
    "spectral_spread": {
        "dmean": 767756.0625,
        "dmean2": 1117712,
        "dvar": 1.06693466522e+12,
        "dvar2": 2.00292630528e+12,
        "max": 19182114,
        "mean": 4744483,
        "median": 4582627.5,
        "min": 602339,
        "var": 3.87352022221e+12
    },
    "spectral_strongpeak": {
        "dmean": 0.501529037952,
        "dmean2": 0.841934084892,
        "dvar": 1.12413084507,
        "dvar2": 2.79449772835,
        "max": 11.444937706,
        "mean": 0.909826397896,
        "median": 0.411827385426,
        "min": 0,
        "var": 1.73861098289
    },
    "zerocrossingrate": {
        "dmean": 0.00954793952405,
        "dmean2": 0.0115844821557,
        "dvar": 0.00018918456044,
        "dvar2": 0.000209762321902,
        "max": 0.291015625,
        "mean": 0.0446156151593,
        "median": 0.0390625,
        "min": 0.00341796875,
        "var": 0.00102407904342
    },
    "barkbands": {
        "dmean": [0.00213469238952, 0.0124591449276, 0.00581691972911, 0.00169025140349, 0.00147944234777, 0.00150848156773, 0.000887315312866, 0.000762400450185, 0.000763450167142, 0.0012559380848, 0.000623554631602, 0.000709596148226, 0.000632728333585, 0.000398124742787, 0.000556385202799, 0.000317071506288, 0.000172194850165, 0.000100675097201, 0.000123270161566, 6.8131244916e-05, 6.15474054939e-05, 3.64417865057e-05, 4.83335243189e-05, 0.000110397915705, 7.54016073188e-05, 2.39293967752e-05, 2.55451890752e-08],
        "dmean2": [0.00341980252415, 0.0192599799484, 0.0107123842463, 0.00308161764406, 0.00234891730361, 0.00233331159689, 0.00134567846544, 0.00114046526141, 0.00118732440751, 0.00190435245167, 0.000933060073294, 0.00117342500016, 0.000901241612155, 0.00062254362274, 0.00084866193356, 0.000492107239552, 0.000272510427749, 0.000161960400874, 0.000207969511393, 0.000112270798127, 9.66096922639e-05, 5.62265486224e-05, 7.43751661503e-05, 0.000175764449523, 0.000119584314234, 3.82186663046e-05, 4.4486782258e-08],
        "dvar": [1.45081748997e-05, 0.000618831487373, 0.000444190198323, 2.78341958619e-05, 7.22436652723e-06, 6.36831146039e-06, 3.54499184141e-06, 2.57650867752e-06, 2.63004449153e-06, 7.49586661186e-06, 4.60249566459e-06, 4.42973259851e-06, 4.72489909953e-06, 9.72424231804e-07, 1.99265241463e-06, 6.47717854463e-07, 1.18955838957e-07, 3.934605175e-08, 4.51848549687e-08, 2.07462349522e-08, 1.0820726537e-08, 4.37606306747e-09, 9.39143873779e-09, 1.97022529846e-07, 4.46377654839e-08, 2.45841236257e-09, 1.34033358549e-14],
        "dvar2": [4.01097240683e-05, 0.00143125455361, 0.00126318959519, 7.99885237939e-05, 1.83900901902e-05, 1.50131490955e-05, 7.48930824557e-06, 4.91855553264e-06, 5.25313089383e-06, 1.60001345648e-05, 8.94105414773e-06, 1.18192156151e-05, 8.91225681698e-06, 2.25321855396e-06, 4.39141876996e-06, 1.71299564045e-06, 2.2416072909e-07, 9.54433971856e-08, 1.20434762607e-07, 5.59325741278e-08, 2.33617107881e-08, 8.57612914018e-09, 2.09510915283e-08, 5.01802446706e-07, 1.09918829594e-07, 5.82527359683e-09, 3.70829770699e-14],
        "max": [0.0527490451932, 0.196511179209, 0.142873182893, 0.0354936979711, 0.0260491892695, 0.0311663709581, 0.0373204499483, 0.0254710875452, 0.0262884385884, 0.0415256917477, 0.0582800917327, 0.0288282297552, 0.0471825972199, 0.0178295169026, 0.020612211898, 0.0137936947867, 0.0100716492161, 0.00257213739678, 0.00197647023015, 0.00287883868441, 0.00196132273413, 0.000904105196241, 0.00162286579143, 0.010035677813, 0.00481584854424, 0.000641571299639, 2.34089839068e-06],
        "mean": [0.00305916089565, 0.0211157966405, 0.00429151626304, 0.00151647510938, 0.00227647880092, 0.00288930046372, 0.00163871224504, 0.00127777503803, 0.00123783864547, 0.00232152827084, 0.00103962724097, 0.000983280595392, 0.000960995967034, 0.0006255118642, 0.000788522826042, 0.000472426589113, 0.000283321744064, 0.000151172032929, 0.000193648273125, 0.000112097979581, 0.000118232172099, 7.38070375519e-05, 8.29705168144e-05, 0.000139992509503, 0.000110398541437, 3.67963730241e-05, 1.92700451151e-08],
        "median": [0.00088759168284, 0.011038871482, 0.0006746322033, 0.000446621852461, 0.00100470939651, 0.00131453084759, 0.000601460400503, 0.000326354143908, 0.000442816206487, 0.000646745436825, 0.000187101541087, 0.000263165624347, 0.000201622606255, 0.000215235049836, 0.000220586254727, 0.00014605782053, 0.000125810329337, 7.10717940819e-05, 0.000121360804769, 6.28036214039e-05, 6.30743306829e-05, 3.01258696709e-05, 2.78551033261e-05, 4.47417951364e-05, 4.80077760585e-05, 1.4437225218e-05, 7.60973672964e-10],
        "min": [2.48696441218e-09, 3.15494139613e-06, 2.62696448772e-06, 5.79913489673e-07, 5.03612545799e-06, 2.91691176244e-05, 5.16947375218e-06, 2.61437025983e-06, 1.42389239954e-06, 7.48434501929e-07, 4.76217167034e-07, 2.06451488793e-07, 7.20355046724e-08, 1.40041080954e-08, 4.06784117502e-09, 3.86795218077e-09, 1.81459491877e-09, 2.78362799477e-09, 1.84799942016e-09, 2.29506677552e-10, 4.34391944637e-09, 8.07609534803e-10, 1.08372711846e-11, 1.76696488552e-08, 5.75829439686e-10, 2.0881803231e-11, 8.77764440993e-12],
        "var": [2.0711142497e-05, 0.000996956136078, 0.000260610686382, 1.64294433489e-05, 1.2036647604e-05, 1.69176182681e-05, 8.87232090463e-06, 8.62750312081e-06, 6.18933927399e-06, 1.81667219294e-05, 1.16903547678e-05, 5.37305686521e-06, 1.0714079508e-05, 1.85072667591e-06, 3.48201024281e-06, 1.32769810079e-06, 3.72774053403e-07, 5.71590454967e-08, 6.28355323329e-08, 2.48367140188e-08, 2.53819525398e-08, 1.12971818567e-08, 1.86121997814e-08, 1.89488844171e-07, 4.87972187102e-08, 4.05163769202e-09, 9.07820774934e-15]
    },
    "erbbands": {
        "dmean": [0.517231225967, 2.6231200695, 5.72648620605, 7.10719060898, 3.42526602745, 5.91752576828, 9.25689411163, 12.4088115692, 13.6766939163, 12.4928665161, 17.5987586975, 17.6363334656, 37.1753768921, 28.2252044678, 25.7044067383, 31.4819946289, 29.2393131256, 21.2208423615, 26.7292327881, 20.2023773193, 17.7229061127, 6.77802705765, 5.03653240204, 5.66949462891, 5.85086536407, 3.35562133789, 2.67546796799, 2.13306951523, 1.40886986256, 1.29742729664, 1.47974526882, 1.90101444721, 1.95837175846, 1.02887392044, 0.495674192905, 0.17760039866, 0.0341778509319, 0.00275943474844, 5.72764001845e-05, 1.97002536879e-05],
        "dmean2": [0.776456177235, 4.24012327194, 10.1221532822, 13.1736192703, 5.71869373322, 9.39917087555, 14.2500343323, 19.4845733643, 21.238861084, 19.1893520355, 25.6970863342, 27.4666919708, 56.1232872009, 42.3753852844, 39.0475502014, 49.9968605042, 42.0578765869, 32.5806922913, 39.1046791077, 31.8690814972, 28.3032264709, 10.9462184906, 8.22001743317, 9.63690948486, 9.72452068329, 5.58315467834, 4.127430439, 3.38466286659, 2.17696046829, 2.02776885033, 2.27964258194, 3.05853176117, 3.13360714912, 1.665107131, 0.781243741512, 0.281395673752, 0.0554199814796, 0.00457993522286, 9.04171902221e-05, 2.87136135739e-05],
        "dvar": [0.861769616604, 37.7313079834, 362.29296875, 623.44708252, 49.9467430115, 141.811706543, 381.335205078, 424.848388672, 831.784362793, 1102.82727051, 1307.44763184, 1648.58984375, 7140.52246094, 5106.26757812, 8854.19628906, 6716.80322266, 10899.4121094, 2382.11352539, 6297.67236328, 2419.36425781, 2241.1027832, 149.31880188, 98.3270111084, 125.485267639, 102.037902832, 58.438873291, 17.4841384888, 14.508181572, 6.57874917984, 6.87163925171, 8.79784202576, 24.2445049286, 89.8619613647, 14.8037567139, 1.39347863197, 0.143504947424, 0.00415813317522, 3.75755371351e-05, 1.51749706134e-08, 8.26902712969e-10],
        "dvar2": [1.62416625023, 98.8888702393, 982.549560547, 1788.12915039, 137.390808105, 350.817108154, 911.65802002, 1018.01202393, 1891.51916504, 2400.9543457, 2453.2878418, 3197.34545898, 15674.9755859, 12072.8945312, 15840.2988281, 16227.09375, 21026.6132812, 5496.18359375, 13064.0927734, 5896.38232422, 6127.64160156, 336.355438232, 231.212310791, 339.311035156, 266.075073242, 160.520111084, 38.4343452454, 31.5637111664, 12.8118190765, 15.4816665649, 19.8835010529, 51.0701370239, 238.822525024, 39.5207824707, 3.24044275284, 0.338733911514, 0.0104197468609, 9.90497283055e-05, 3.8935827007e-08, 1.50293011369e-09],
        "max": [7.98733139038, 50.7774276733, 141.32913208, 163.118942261, 56.8303489685, 150.203826904, 290.008666992, 246.941940308, 603.552368164, 564.310546875, 692.050537109, 776.275939941, 1397.17895508, 1067.54785156, 2836.24560547, 1335.78198242, 2324.1784668, 858.790283203, 1311.63378906, 741.894165039, 886.124755859, 236.372039795, 124.775024414, 113.16860199, 114.030776978, 161.307540894, 76.984336853, 62.8330230713, 28.4351043701, 32.7288093567, 53.0696640015, 85.0908737183, 229.033905029, 95.8697662354, 24.2179355621, 5.59463024139, 0.782185018063, 0.0832136273384, 0.00225979578681, 0.00032220169669],
        "mean": [0.842529118061, 3.80608296394, 5.15526342392, 5.69294166565, 4.40198564529, 8.86815929413, 14.9996862411, 23.3356895447, 26.1695270538, 25.9292564392, 30.6312255859, 31.5001182556, 66.8866500854, 48.4134750366, 46.5827064514, 49.7053909302, 46.982963562, 36.2666625977, 40.6599617004, 30.6713199615, 29.3331546783, 12.210021019, 8.28623104095, 8.84717845917, 9.50749397278, 5.70696306229, 5.34880638123, 3.94082736969, 2.75146889687, 2.33331084251, 2.46937322617, 2.57198643684, 2.43293714523, 1.41060626507, 0.707548081875, 0.249486282468, 0.0512280203402, 0.00336303724907, 0.000101086166978, 6.01788342465e-05],
        "median": [0.366611361504, 1.65927398205, 1.45606553555, 1.46964621544, 1.96038103104, 3.19037127495, 5.93559837341, 10.5026416779, 10.2789773941, 7.36285924911, 9.62730407715, 12.2573051453, 19.317817688, 15.6951656342, 12.2006664276, 15.1901473999, 11.172580719, 14.2426977158, 11.052573204, 12.4577932358, 10.7532587051, 6.71537971497, 4.17948150635, 5.22909784317, 5.45075416565, 3.3393368721, 3.01858115196, 2.0215446949, 1.20875227451, 0.839458167553, 0.83106970787, 0.763380885124, 0.793346166611, 0.583291590214, 0.306118100882, 0.0934273004532, 0.01706607081, 0.000821980531327, 4.97854562127e-05, 5.11257931066e-05],
        "min": [0.000155780347995, 0.00103410938755, 0.0107169598341, 0.00714545883238, 0.00906338077039, 0.033330205828, 0.120490536094, 0.328953415155, 0.240876033902, 0.109060399234, 0.0713501349092, 0.045688085258, 0.0432198978961, 0.0336938239634, 0.0195930786431, 0.0137679446489, 0.00587920052931, 0.00279493443668, 0.000539726519492, 0.000346104468917, 0.00021110016678, 0.000106314488221, 0.000143558238051, 0.000137875569635, 0.000100233512057, 2.43521644734e-05, 6.91268433002e-05, 0.000272275443422, 7.66096418374e-05, 2.15200598177e-05, 1.4563559489e-05, 6.35343458271e-05, 0.000432472123066, 6.80559533066e-05, 1.11273402581e-05, 8.05934541859e-06, 2.44267380367e-06, 1.77832333748e-07, 9.81973812486e-07, 2.01283819479e-06],
        "var": [1.74063253403, 40.598236084, 245.055908203, 355.527160645, 44.6008796692, 282.555603027, 691.71484375, 1174.97167969, 2052.46777344, 4195.18994141, 4613.79003906, 4172.30029297, 19280.1875, 8113.58642578, 24829.2910156, 11171.3007812, 24433.2929688, 6032.21630859, 11702.921875, 3748.98535156, 4984.29785156, 358.871337891, 149.774383545, 162.453399658, 164.732589722, 64.7222824097, 47.0590515137, 30.7770118713, 15.7600650787, 13.8323440552, 16.4665679932, 36.203540802, 75.5797348022, 12.2887048721, 1.83975422382, 0.205882668495, 0.00820754468441, 5.26256590092e-05, 2.29236309934e-08, 2.58082288873e-09]
    },
    "gfcc": {
        "mean": [-3.18530869484, 106.220222473, -101.002563477, 24.3089027405, -56.357749939, 26.8654899597, -35.52684021, 20.9048519135, -22.568813324, 12.209025383, -9.14116954803, 1.28706741333, 2.02513384819],
        "cov": [[6836.19433594, -2326.57080078, -1725.36669922, 675.362487793, 318.780670166, 723.326171875, -35.2200546265, 348.698059082, 70.7421875, 448.54107666, -123.820617676, 524.592956543, -219.176925659], [-2326.57080078, 1682.74694824, 491.375335693, -234.276412964, 82.6358413696, -314.922515869, 218.573074341, -178.615447998, 65.1938323975, -243.478744507, 100.58266449, -282.669372559, 159.94732666], [-1725.36669922, 491.375335693, 1226.61804199, -0.817980110645, -180.365066528, -121.459655762, -38.2924804688, -69.793800354, -18.6024036407, -190.22253418, -30.7526092529, -122.393188477, 13.4725990295], [675.362487793, -234.276412964, -0.817980110645, 492.260559082, 42.0365486145, 54.0604858398, 23.4511833191, 8.64321517944, 82.7693252563, -51.095539093, -15.7389678955, 34.8310050964, -11.2303724289], [318.780670166, 82.6358413696, -180.365066528, 42.0365486145, 310.665527344, 112.565490723, 117.556137085, 0.193486705422, 28.0546455383, 47.0943832397, 15.2860145569, 14.9460277557, 15.0832796097], [723.326171875, -314.922515869, -121.459655762, 54.0604858398, 112.565490723, 295.736480713, 64.4008865356, 24.1944141388, 25.7649688721, 59.0415115356, 15.5638332367, 40.3219223022, -41.2515335083], [-35.2200546265, 218.573074341, -38.2924804688, 23.4511833191, 117.556137085, 64.4008865356, 217.757263184, -5.15382051468, 51.2354621887, 2.02812027931, 24.8952274323, -19.631652832, 14.151974678], [348.698059082, -178.615447998, -69.793800354, 8.64321517944, 0.193486705422, 24.1944141388, -5.15382051468, 177.638153076, 46.4746589661, 45.621219635, 5.1973862648, 47.3206558228, 40.8295097351], [70.7421875, 65.1938323975, -18.6024036407, 82.7693252563, 28.0546455383, 25.7649688721, 51.2354621887, 46.4746589661, 151.023635864, 3.04954886436, 36.4621543884, 15.1819229126, 27.4143466949], [448.54107666, -243.478744507, -190.22253418, -51.095539093, 47.0943832397, 59.0415115356, 2.02812027931, 45.621219635, 3.04954886436, 155.082504272, 24.2113571167, 59.384765625, -8.37409305573], [-123.820617676, 100.58266449, -30.7526092529, -15.7389678955, 15.2860145569, 15.5638332367, 24.8952274323, 5.1973862648, 36.4621543884, 24.2113571167, 136.990005493, 5.62572956085, 26.3611564636], [524.592956543, -282.669372559, -122.393188477, 34.8310050964, 14.9460277557, 40.3219223022, -19.631652832, 47.3206558228, 15.1819229126, 59.384765625, 5.62572956085, 142.036346436, -12.4533748627], [-219.176925659, 159.94732666, 13.4725990295, -11.2303724289, 15.0832796097, -41.2515335083, 14.151974678, 40.8295097351, 27.4143466949, -8.37409305573, 26.3611564636, -12.4533748627, 122.690284729]],
        "icov": [[0.000682354264427, -0.000261449313257, 0.000717170827556, -0.000997353577986, 0.000268815172603, -0.00126481475309, 0.00045378881623, -0.000881201005541, 0.00051469844766, -0.000836495310068, 0.000843839778099, -0.0011681560427, 0.000700392585713], [-0.000261449313257, 0.00491565326229, -0.00107842194848, 0.00306842569262, -0.00285023241304, 0.00491995178163, -0.00368970795535, 0.00323846423998, -0.00314275524579, 0.00489599723369, -0.00307229557075, 0.00453141331673, -0.00296719162725], [0.000717170827556, -0.00107842194848, 0.00197599641979, -0.00145063956734, 0.00121123727877, -0.00208269478753, 0.00104450550862, -0.00132536969613, 0.000981895718724, -0.000625303015113, 0.00137759267818, -0.00148846488446, 0.00109958043322], [-0.000997353577986, 0.00306842569262, -0.00145063956734, 0.00553297204897, -0.00226398045197, 0.00392610952258, -0.00240492541343, 0.0030345520936, -0.00389483268373, 0.00520621752366, -0.00230028992519, 0.00310002127662, -0.00221570115536], [0.000268815172603, -0.00285023241304, 0.00121123727877, -0.00226398045197, 0.00665846979246, -0.00430288678035, 1.01882797026e-05, -0.00122235529125, 0.0020831360016, -0.00383383897133, 0.00228105904534, -0.00280347047374, 0.000494222331326], [-0.00126481475309, 0.00491995178163, -0.00208269478753, 0.00392610952258, -0.00430288678035, 0.011160209775, -0.00485458876938, 0.00356836081482, -0.00373839144595, 0.00475043151528, -0.0045539108105, 0.00557234976441, -0.00172799604479], [0.00045378881623, -0.00368970795535, 0.00104450550862, -0.00240492541343, 1.01882797026e-05, -0.00485458876938, 0.00946799758822, -0.00228283158503, 0.000551642035134, -0.00345680513419, 0.00213301647455, -0.00258468161337, 0.00224022939801], [-0.000881201005541, 0.00323846423998, -0.00132536969613, 0.0030345520936, -0.00122235529125, 0.00356836081482, -0.00228283158503, 0.0108341742307, -0.00462458981201, 0.00204010587186, -0.00152340403292, 0.00221104966477, -0.00564053934067], [0.00051469844766, -0.00314275524579, 0.000981895718724, -0.00389483268373, 0.0020831360016, -0.00373839144595, 0.000551642035134, -0.00462458981201, 0.011642890051, -0.00311515107751, 0.000170743223862, -0.00373132433742, 0.00128499872517], [-0.000836495310068, 0.00489599723369, -0.000625303015113, 0.00520621752366, -0.00383383897133, 0.00475043151528, -0.00345680513419, 0.00204010587186, -0.00311515107751, 0.0160663854331, -0.00510684540495, 0.00252271490172, -0.00239755329676], [0.000843839778099, -0.00307229557075, 0.00137759267818, -0.00230028992519, 0.00228105904534, -0.0045539108105, 0.00213301647455, -0.00152340403292, 0.000170743223862, -0.00510684540495, 0.0112370355055, -0.00391754601151, 0.000401504192268], [-0.0011681560427, 0.00453141331673, -0.00148846488446, 0.00310002127662, -0.00280347047374, 0.00557234976441, -0.00258468161337, 0.00221104966477, -0.00373132433742, 0.00252271490172, -0.00391754601151, 0.0152406403795, -0.0023719149176], [0.000700392585713, -0.00296719162725, 0.00109958043322, -0.00221570115536, 0.000494222331326, -0.00172799604479, 0.00224022939801, -0.00564053934067, 0.00128499872517, -0.00239755329676, 0.000401504192268, -0.0023719149176, 0.0131456172094]]
    },
    "melbands": {
        "dmean": [0.0037791475188, 0.0027331027668, 0.0011136890389, 0.000297340477118, 0.000319051585393, 0.000289490970317, 0.000201435148483, 0.000134064350277, 0.000150306936121, 0.000109486209112, 0.000187838479178, 0.000120236487419, 8.87582136784e-05, 8.26010145829e-05, 7.90900230641e-05, 4.70982267871e-05, 4.29737810919e-05, 4.34529174527e-05, 2.8942775316e-05, 2.57174579019e-05, 2.10356174648e-05, 8.22155743663e-06, 5.62687273487e-06, 5.35323442818e-06, 4.7074468057e-06, 5.44921704204e-06, 2.61169702753e-06, 2.24950463235e-06, 1.88233229892e-06, 1.6788967514e-06, 1.24289726955e-06, 8.87415012585e-07, 7.32189619157e-07, 8.08641289041e-07, 8.7079814648e-07, 1.01951820852e-06, 1.26792201627e-06, 1.44327339058e-06, 1.30499461193e-06, 7.95167636625e-07],
        "dmean2": [0.00577926449478, 0.00443626521155, 0.0020369971171, 0.000480929185869, 0.000494242820423, 0.00045255641453, 0.000310403003823, 0.000207062606933, 0.000221831171075, 0.00016891391715, 0.000284391542664, 0.000181087540113, 0.000132063330966, 0.000133940440719, 0.000118169948109, 7.02875186107e-05, 6.72502355883e-05, 6.34715397609e-05, 4.54229739262e-05, 3.9501406718e-05, 3.38789832313e-05, 1.33136036311e-05, 9.32874536375e-06, 8.78052651387e-06, 8.14376926428e-06, 9.13899657462e-06, 4.37035441792e-06, 3.77288984055e-06, 2.94518190458e-06, 2.6815810088e-06, 2.03239869734e-06, 1.39637734264e-06, 1.18646028113e-06, 1.29881891553e-06, 1.36947869578e-06, 1.62828393968e-06, 2.05444189305e-06, 2.30501655096e-06, 2.14993156078e-06, 1.2867018313e-06],
        "dvar": [5.00361056766e-05, 5.62560817343e-05, 1.39839266922e-05, 3.53300009692e-07, 3.79526284178e-07, 2.27417984888e-07, 1.65177368672e-07, 1.11493115185e-07, 8.82779076505e-08, 6.04897039125e-08, 1.83879635074e-07, 9.96073765691e-08, 8.35366620322e-08, 5.54549899334e-08, 5.46573986071e-08, 1.83925479291e-08, 1.16682903339e-08, 1.55349955122e-08, 4.26073754056e-09, 3.31238947382e-09, 2.78613199178e-09, 2.59942983805e-10, 1.35592370665e-10, 1.26006372003e-10, 9.52265072351e-11, 9.37866381778e-11, 3.49623281715e-11, 2.15506310713e-11, 9.41954587247e-12, 8.97604386652e-12, 5.25683403058e-12, 2.56004462421e-12, 1.97383927779e-12, 2.82248985468e-12, 3.24147761584e-12, 4.5843437553e-12, 1.20229087103e-11, 3.65929196666e-11, 4.81013076592e-11, 6.89124365211e-12],
        "dvar2": [0.000102972262539, 0.000136891467264, 3.99256059609e-05, 9.31568933993e-07, 9.11761389943e-07, 5.32939338882e-07, 3.67289629821e-07, 2.52793654454e-07, 1.74936914732e-07, 1.20600958553e-07, 4.047066966e-07, 2.33347094536e-07, 1.47193418343e-07, 1.35217604225e-07, 1.10614813309e-07, 3.66265702212e-08, 2.78843810264e-08, 3.17809600858e-08, 9.98634952509e-09, 8.29841173555e-09, 7.42495487316e-09, 5.24968901683e-10, 3.35855482314e-10, 3.09852921099e-10, 2.6028440514e-10, 2.48664117075e-10, 9.18276565898e-11, 5.82984979736e-11, 2.09884713775e-11, 2.07857481227e-11, 1.20947635587e-11, 5.1900710292e-12, 4.71482358363e-12, 6.66815257525e-12, 7.42882144689e-12, 1.04712436638e-11, 2.51719617372e-11, 9.04376712407e-11, 1.3749427985e-10, 1.7729234747e-11],
        "max": [0.0610498562455, 0.0618504807353, 0.024212680757, 0.0053487950936, 0.00795936770737, 0.00598686188459, 0.00883384142071, 0.00649622362107, 0.00534747168422, 0.00510079599917, 0.00700006913394, 0.00464025977999, 0.00798853766173, 0.00395772699267, 0.00468195835128, 0.00291522522457, 0.00171567057259, 0.00212160637602, 0.000664037477691, 0.000715311965905, 0.000953465758357, 0.000391873996705, 0.000169998311321, 0.000142139193485, 0.000103575635876, 0.000120827156934, 0.000104377417301, 8.97419449757e-05, 4.99910747749e-05, 4.44816905656e-05, 3.72684844478e-05, 1.71195351868e-05, 1.62768610608e-05, 1.90442933672e-05, 3.43900064763e-05, 3.12162774208e-05, 6.45275140414e-05, 0.000135056965519, 0.00017144496087, 6.43655803287e-05],
        "mean": [0.00677369721234, 0.00353697082028, 0.000953746610321, 0.000434512010543, 0.000527271826286, 0.000556862272788, 0.000386920524761, 0.000269644486252, 0.000254490470979, 0.000186747405678, 0.000332582305418, 0.000194345906493, 0.000154570210725, 0.000124065452837, 0.000124406753457, 7.61944393162e-05, 6.62991369609e-05, 6.33481540717e-05, 4.19595307903e-05, 3.85356652259e-05, 3.31246556016e-05, 1.37458482641e-05, 8.13729729998e-06, 7.91839920566e-06, 6.63202717988e-06, 8.21365665615e-06, 4.18500258093e-06, 3.63290746463e-06, 3.49979609382e-06, 2.92504410027e-06, 2.07543803299e-06, 1.57796887379e-06, 1.30275623178e-06, 1.29059685605e-06, 1.41642135532e-06, 1.45432886711e-06, 1.60245178904e-06, 1.73851628915e-06, 1.5108196294e-06, 1.09351196897e-06],
        "median": [0.00361273251474, 0.00149003812112, 0.000288420589641, 0.000195160100702, 0.000208917772397, 0.000249971490121, 0.000148108185385, 7.24096753402e-05, 7.76436354499e-05, 6.98121584719e-05, 9.11244569579e-05, 5.15075880685e-05, 2.94503115583e-05, 3.33660791512e-05, 3.51010166924e-05, 1.97566005227e-05, 2.20368892769e-05, 1.53481614689e-05, 1.42101443998e-05, 1.24802436403e-05, 1.14664308057e-05, 6.55746316625e-06, 3.22362234328e-06, 3.58720717486e-06, 3.15602278533e-06, 4.26805263487e-06, 2.63592937699e-06, 2.00777799364e-06, 1.81308382707e-06, 1.49531388161e-06, 1.00108445622e-06, 6.6998774173e-07, 5.06782271259e-07, 4.22130284505e-07, 4.75781178011e-07, 4.12070136235e-07, 4.64288461899e-07, 5.14735461365e-07, 5.22108280165e-07, 4.35074497318e-07],
        "min": [1.19573826396e-06, 5.45406328456e-06, 1.86941213087e-06, 7.68705376686e-07, 1.57528995715e-06, 7.01811086401e-06, 1.52291170252e-06, 3.02691091747e-07, 4.22479473627e-07, 2.81632054566e-07, 1.92495647866e-07, 1.11463528185e-07, 6.46248139446e-08, 3.01202831565e-08, 1.82118817804e-08, 6.99525681824e-09, 1.93051330477e-09, 4.28216073711e-10, 3.52429946338e-10, 2.785998654e-10, 2.28956881232e-10, 9.90386314625e-11, 7.78460768069e-11, 1.21082144311e-10, 1.02926105139e-10, 6.59864801689e-11, 4.52073448121e-11, 4.62921628114e-12, 5.50740356098e-12, 9.05780381255e-11, 1.42475392595e-10, 2.5969226769e-11, 2.73487656133e-12, 2.37817079397e-12, 1.58451295704e-13, 8.25016650049e-13, 1.05652606889e-12, 8.38630900835e-11, 5.61811448058e-12, 3.2978673503e-13],
