{
"highlevel": {
    "danceability": {
        "all": {
            "danceable": 0.00608434015885,
            "not_danceable": 0.993915677071
        },
        "probability": 0.993915677071,
        "value": "not_danceable"
    },
    "gender": {
        "all": {
            "female": 0.295629233122,
            "male": 0.70437079668
        },
        "probability": 0.70437079668,
        "value": "male"
    },
    "genre_dortmund": {
        "all": {
            "alternative": 0.173713594675,
            "blues": 0.0425455123186,
            "electronic": 0.0664726644754,
            "folkcountry": 0.0430330224335,
            "funksoulrnb": 0.00293665612116,
            "jazz": 0.003802055493,
            "pop": 0.0233945567161,
            "raphiphop": 0.00363011937588,
            "rock": 0.640471816063
        },
        "probability": 0.640471816063,
        "value": "rock"
    },
    "genre_electronic": {
        "all": {
            "ambient": 0.438725203276,
            "dnb": 0.142982915044,
            "house": 0.0272742174566,
            "techno": 0.0212187618017,
            "trance": 0.369798898697
        },
        "probability": 0.438725203276,
        "value": "ambient"
    },
    "genre_rosamerica": {
        "all": {
            "cla": 0.00574103742838,
            "dan": 0.00343912024982,
            "hip": 0.000834341160953,
            "jaz": 0.000606365327258,
            "pop": 0.00887305475771,
            "rhy": 0.000859280931763,
            "roc": 0.979033648968,
            "spe": 0.000613138545305
        },
        "probability": 0.979033648968,
        "value": "roc"
    },
    "genre_tzanetakis": {
        "all": {
            "blu": 0.0626613423228,
            "cla": 0.0348169617355,
            "cou": 0.104475811124,
            "dis": 0.0784321576357,
            "hip": 0.15692435205,
            "jaz": 0.313974827528,
            "met": 0.0448166541755,
            "pop": 0.0627359300852,
            "reg": 0.0627360641956,
            "roc": 0.0784258767962
        },
        "probability": 0.313974827528,
        "value": "jaz"
    },
    "ismir04_rhythm": {
        "all": {
            "ChaChaCha": 0.347962290049,
            "Jive": 0.226728618145,
            "Quickstep": 0.0389816202223,
            "Rumba-American": 0.0231163743883,
            "Rumba-International": 0.0180143602192,
            "Rumba-Misc": 0.0116712395102,
            "Samba": 0.0959514454007,
            "Tango": 0.117197573185,
            "VienneseWaltz": 0.103780522943,
            "Waltz": 0.0165959484875
        },
        "probability": 0.347962290049,
        "value": "ChaChaCha"
    },
    "mood_acoustic": {
        "all": {
            "acoustic": 0.0344790294766,
            "not_acoustic": 0.965520977974
        },
        "probability": 0.965520977974,
        "value": "not_acoustic"
    },
    "mood_aggressive": {
        "all": {
            "aggressive": 0.999797046185,
            "not_aggressive": 0.000202955474379
        },
        "probability": 0.999797046185,
        "value": "aggressive"
    },
    "mood_electronic": {
        "all": {
            "electronic": 0.0970416143537,
            "not_electronic": 0.902958393097
        },
        "probability": 0.902958393097,
        "value": "not_electronic"
    },
    "mood_happy": {
        "all": {
            "happy": 0.909443378448,
            "not_happy": 0.0905566066504
        },
        "probability": 0.909443378448,
        "value": "happy"
    },
    "mood_party": {
        "all": {
            "not_party": 0.405252873898,
            "party": 0.594747126102
        },
        "probability": 0.594747126102,
        "value": "party"
    },
    "mood_relaxed": {
        "all": {
            "not_relaxed": 0.940390706062,
            "relaxed": 0.0596093162894
        },
        "probability": 0.940390706062,
        "value": "not_relaxed"
    },
    "mood_sad": {
        "all": {
            "not_sad": 0.903288960457,
            "sad": 0.0967110395432
        },
        "probability": 0.903288960457,
        "value": "not_sad"
    },
    "moods_mirex": {
        "all": {
            "Cluster1": 0.368275254965,
            "Cluster2": 0.0372521989048,
            "Cluster3": 0.0593554377556,
            "Cluster4": 0.0864490270615,
            "Cluster5": 0.448668062687
        },
        "probability": 0.448668062687,
        "value": "Cluster5"
    },
    "timbre": {
        "all": {
            "bright": 0.764144599438,
            "dark": 0.235855415463
        },
        "probability": 0.764144599438,
        "value": "bright"
    },
    "tonal_atonal": {
        "all": {
            "atonal": 0.217672914267,
            "tonal": 0.782327055931
        },
        "probability": 0.782327055931,
        "value": "tonal"
    },
    "voice_instrumental": {
        "all": {
            "instrumental": 0.00113953941036,
            "voice": 0.998860478401
        },
        "probability": 0.998860478401,
        "value": "voice"
    }
},
"lowlevel": {
    "average_loudness": 0.975131034851,
    "barkbands_crest": {
        "dmean": 2.70763254166,
        "dmean2": 4.35246086121,
        "dvar": 6.26366519928,
        "dvar2": 13.0539808273,
        "max": 18.6807498932,
        "mean": 7.64974117279,
        "median": 6.82672214508,
        "min": 2.37450003624,
        "var": 11.5353603363
    },
    "barkbands_flatness_db": {
        "dmean": 0.0167709421366,
        "dmean2": 0.0264318659902,
        "dvar": 0.000238440537942,
        "dvar2": 0.000553409103304,
        "max": 0.186408653855,
        "mean": 0.107366077602,
        "median": 0.104677662253,
        "min": 0.0519477874041,
        "var": 0.000488445861265
    },
    "barkbands_kurtosis": {
        "dmean": 1.05434286594,
        "dmean2": 1.73367989063,
        "dvar": 1.79869890213,
        "dvar2": 4.3432507515,
        "max": 9.82113742828,
        "mean": -0.090977139771,
        "median": -0.581364631653,
        "min": -1.66517293453,
        "var": 2.00499820709
    },
    "barkbands_skewness": {
        "dmean": 0.498974680901,
        "dmean2": 0.742413163185,
        "dvar": 0.209415093064,
        "dvar2": 0.450058579445,
        "max": 3.24901294708,
        "mean": 0.689356684685,
        "median": 0.563222229481,
        "min": -0.739713728428,
        "var": 0.430226475
    },
    "barkbands_spread": {
        "dmean": 5.72802400589,
        "dmean2": 8.8473739624,
        "dvar": 26.9369716644,
        "dvar2": 61.2680702209,
        "max": 72.3405609131,
        "mean": 30.8416290283,
        "median": 29.8777961731,
        "min": 11.8122882843,
        "var": 77.9112167358
    },
    "dissonance": {
        "dmean": 0.00960909575224,
        "dmean2": 0.0160246491432,
        "dvar": 8.22556394269e-05,
        "dvar2": 0.000230904581258,
        "max": 0.499760448933,
        "mean": 0.481931746006,
        "median": 0.483671844006,
        "min": 0.423076510429,
        "var": 0.000121971686895
    },
    "dynamic_complexity": 1.00437343121,
    "erbbands_crest": {
        "dmean": 2.09732604027,
        "dmean2": 3.23502469063,
        "dvar": 3.61717772484,
        "dvar2": 7.67828559875,
        "max": 22.3705787659,
        "mean": 8.04724884033,
        "median": 7.07630252838,
        "min": 2.72470211983,
        "var": 12.1232843399
    },
    "erbbands_flatness_db": {
        "dmean": 0.0128594981506,
        "dmean2": 0.018385861069,
        "dvar": 0.000100699995528,
        "dvar2": 0.000196133652935,
        "max": 0.218264579773,
        "mean": 0.159345790744,
        "median": 0.161374881864,
        "min": 0.0800105109811,
        "var": 0.000497097964399
    },
    "erbbands_kurtosis": {
        "dmean": 0.483423143625,
        "dmean2": 0.771054685116,
        "dvar": 0.192645654082,
        "dvar2": 0.474357247353,
        "max": 3.06202507019,
        "mean": -0.318008780479,
        "median": -0.415401697159,
        "min": -1.50217401981,
        "var": 0.493445008993
    },
    "erbbands_skewness": {
        "dmean": 0.248478412628,
        "dmean2": 0.378439426422,
        "dvar": 0.0400237105787,
        "dvar2": 0.089733697474,
        "max": 1.31007313728,
        "mean": -0.152551606297,
        "median": -0.178653895855,
        "min": -1.32833373547,
        "var": 0.172259345651
    },
    "erbbands_spread": {
        "dmean": 6.53227138519,
        "dmean2": 9.85688304901,
        "dvar": 41.5978851318,
        "dvar2": 92.1010665894,
        "max": 105.606155396,
        "mean": 34.5771598816,
        "median": 33.4658966064,
        "min": 12.9852514267,
        "var": 109.705314636
    },
    "hfc": {
        "dmean": 5.2957034111,
        "dmean2": 7.9011888504,
        "dvar": 19.4818878174,
        "dvar2": 38.6499214172,
        "max": 78.5967330933,
        "mean": 33.6186141968,
        "median": 32.9259490967,
        "min": 11.6462631226,
        "var": 75.3432693481
    },
    "melbands_crest": {
        "dmean": 4.94410181046,
        "dmean2": 7.75361061096,
        "dvar": 20.8684005737,
        "dvar2": 39.698059082,
        "max": 29.7230968475,
        "mean": 12.7559318542,
        "median": 10.8164138794,
        "min": 3.210927248,
        "var": 36.3977546692
    },
    "melbands_flatness_db": {
        "dmean": 0.0258853957057,
        "dmean2": 0.0380668416619,
        "dvar": 0.000572118384298,
        "dvar2": 0.00113246450201,
        "max": 0.230888858438,
        "mean": 0.133298829198,
        "median": 0.126944676042,
        "min": 0.0410852320492,
        "var": 0.00127385184169
    },
    "melbands_kurtosis": {
        "dmean": 3.58831501007,
        "dmean2": 5.65122699738,
        "dvar": 23.0963096619,
        "dvar2": 54.6003417969,
        "max": 61.2124862671,
        "mean": 3.86022996902,
        "median": 2.05153179169,
        "min": -1.10206401348,
        "var": 27.0974845886
    },
    "melbands_skewness": {
        "dmean": 0.688563346863,
        "dmean2": 1.02109897137,
        "dvar": 0.464758962393,
        "dvar2": 1.00309622288,
        "max": 7.17381858826,
        "mean": 1.70622551441,
        "median": 1.51841759682,
        "min": -0.0832368731499,
        "var": 0.885697901249
    },
    "melbands_spread": {
        "dmean": 10.4887132645,
        "dmean2": 15.8022289276,
        "dvar": 87.4749450684,
        "dvar2": 175.80557251,
        "max": 97.7876968384,
        "mean": 38.6048812866,
        "median": 38.6736793518,
        "min": 8.88581085205,
        "var": 206.805343628
    },
    "pitch_salience": {
        "dmean": 0.0754720643163,
        "dmean2": 0.119364470243,
        "dvar": 0.00450505036861,
        "dvar2": 0.0107610989362,
        "max": 0.813921272755,
        "mean": 0.574725806713,
        "median": 0.583682239056,
        "min": 0.288300961256,
        "var": 0.00854963902384
    },
    "silence_rate_20dB": {
        "dmean": 0,
        "dmean2": 0,
        "dvar": 0,
        "dvar2": 0,
        "max": 1,
        "mean": 1,
        "median": 1,
        "min": 1,
        "var": 0
    },
    "silence_rate_30dB": {
        "dmean": 0,
        "dmean2": 0,
        "dvar": 0,
        "dvar2": 0,
        "max": 1,
        "mean": 1,
        "median": 1,
        "min": 1,
        "var": 0
    },
    "silence_rate_60dB": {
        "dmean": 0,
        "dmean2": 0,
        "dvar": 0,
        "dvar2": 0,
        "max": 0,
        "mean": 0,
        "median": 0,
        "min": 0,
        "var": 0
    },
    "spectral_centroid": {
        "dmean": 280.694763184,
        "dmean2": 425.231903076,
        "dvar": 66071.6171875,
        "dvar2": 150478.0625,
        "max": 3077.39990234,
        "mean": 1974.18652344,
        "median": 2030.89404297,
        "min": 810.665161133,
        "var": 156076.390625
    },
    "spectral_complexity": {
        "dmean": 3.88312697411,
        "dmean2": 6.31990718842,
        "dvar": 9.0382270813,
        "dvar2": 23.2384815216,
        "max": 52,
        "mean": 38.2985305786,
        "median": 38,
        "min": 16,
        "var": 19.7407112122
    },
    "spectral_decrease": {
        "dmean": 2.92433766091e-09,
        "dmean2": 4.39498748506e-09,
        "dvar": 9.08029328342e-18,
        "dvar2": 2.04903391077e-17,
        "max": -2.26808660742e-09,
        "mean": -8.25951840255e-09,
        "median": -7.20863990722e-09,
        "min": -2.08526387269e-08,
        "var": 1.43632286765e-17
    },
    "spectral_energy": {
        "dmean": 0.0112630585209,
        "dmean2": 0.0169130451977,
        "dvar": 0.000131939959829,
        "dvar2": 0.000298289349303,
        "max": 0.0821649432182,
        "mean": 0.0342226400971,
        "median": 0.0305564906448,
        "min": 0.00965422857553,
        "var": 0.000212357888813
    },
    "spectral_energyband_high": {
        "dmean": 0.000303214474116,
        "dmean2": 0.000444839242846,
        "dvar": 1.792095361e-07,
        "dvar2": 2.88241494673e-07,
        "max": 0.00771832326427,
        "mean": 0.00114199623931,
        "median": 0.000953943876084,
        "min": 0.00030275437166,
        "var": 5.69954181628e-07
    },
    "spectral_energyband_low": {
        "dmean": 0.00552922254428,
        "dmean2": 0.00815178081393,
        "dvar": 6.30395152257e-05,
        "dvar2": 0.000110355642391,
        "max": 0.0519128330052,
        "mean": 0.00859400909394,
        "median": 0.00495170801878,
        "min": 0.000180472139618,
        "var": 0.000100577432022
    },
    "spectral_energyband_middle_high": {
        "dmean": 0.002060696017,
        "dmean2": 0.00319517124444,
        "dvar": 3.35666095452e-06,
        "dvar2": 6.83691996528e-06,
        "max": 0.0275460667908,
        "mean": 0.0107027078047,
        "median": 0.00965819042176,
        "min": 0.00262461230159,
        "var": 1.80478582479e-05
    },
    "spectral_energyband_middle_low": {
        "dmean": 0.00796081498265,
        "dmean2": 0.0122923478484,
        "dvar": 0.000114433561976,
        "dvar2": 0.000276690028841,
        "max": 0.0658794790506,
        "mean": 0.014946850948,
        "median": 0.0105190696195,
        "min": 0.00207360368222,
        "var": 0.000148799474118
    },
    "spectral_entropy": {
        "dmean": 0.0761372596025,
        "dmean2": 0.116010315716,
        "dvar": 0.0044240471907,
        "dvar2": 0.00890953373164,
        "max": 8.44183254242,
        "mean": 7.83237409592,
        "median": 7.83121395111,
        "min": 7.38853502274,
        "var": 0.0198360495269
    },
    "spectral_flux": {
        "dmean": 0.0308052003384,
        "dmean2": 0.0519882962108,
        "dvar": 0.000837320520077,
        "dvar2": 0.00226021138951,
        "max": 0.225037977099,
        "mean": 0.105713784695,
        "median": 0.0982559323311,
        "min": 0.0509240478277,
        "var": 0.00117471476551
    },
    "spectral_kurtosis": {
        "dmean": 1.08048284054,
        "dmean2": 1.86132609844,
        "dvar": 0.857703328133,
        "dvar2": 2.51252985001,
        "max": 15.3359928131,
        "mean": 3.3635559082,
        "median": 3.2333483696,
        "min": 0.143731594086,
        "var": 1.45055043697
    },
    "spectral_rms": {
        "dmean": 0.00092006608611,
        "dmean2": 0.00135077722371,
        "dvar": 7.79300023623e-07,
        "dvar2": 1.69376426129e-06,
        "max": 0.00895326305181,
        "mean": 0.00565275363624,
        "median": 0.00545996427536,
        "min": 0.00306899985299,
        "var": 1.43430622757e-06
    },
    "spectral_rolloff": {
        "dmean": 624.779418945,
        "dmean2": 937.770812988,
        "dvar": 437074.9375,
        "dvar2": 955839.9375,
        "max": 7278.22265625,
        "mean": 2187.65527344,
        "median": 2239.453125,
        "min": 215.33203125,
        "var": 786914.875
    },
    "spectral_skewness": {
        "dmean": 0.150137126446,
        "dmean2": 0.257110089064,
        "dvar": 0.0139351012185,
        "dvar2": 0.0381967350841,
        "max": 2.78227233887,
        "mean": 1.15723872185,
        "median": 1.15293443203,
        "min": 0.622386932373,
        "var": 0.0278670694679
    },
    "spectral_spread": {
        "dmean": 301311.8125,
        "dmean2": 436339.84375,
        "dvar": 108228599808,
        "dvar2": 165207408640,
        "max": 7701012.5,
        "mean": 3669919.75,
        "median": 3502942.75,
        "min": 2713733.25,
        "var": 441337151488
    },
    "spectral_strongpeak": {
        "dmean": 0.821240484715,
        "dmean2": 1.3875451088,
        "dvar": 1.0555485487,
        "dvar2": 2.49189543724,
        "max": 6.76422929764,
        "mean": 1.26851415634,
        "median": 0.798023223877,
        "min": 0,
        "var": 1.62637019157
    },
    "zerocrossingrate": {
        "dmean": 0.0112724183127,
        "dmean2": 0.0134835215285,
        "dvar": 0.000109151689685,
        "dvar2": 0.000163240823895,
        "max": 0.1796875,
        "mean": 0.0744238048792,
        "median": 0.0732421875,
        "min": 0.0322265625,
        "var": 0.000442609569291
    },
    "barkbands": {
        "dmean": [0.000811187841464, 0.00376586103812, 0.000993127003312, 0.00406554387882, 0.0026301802136, 0.00075224484317, 0.00141494150739, 0.00118992151693, 0.000578652659897, 0.000513542152476, 0.000416431634221, 0.000539393455256, 0.000669770990498, 0.000575042387936, 0.000722423777916, 0.00038019369822, 0.000596838421188, 0.000225807380048, 0.000376411364414, 0.000226124408073, 0.000122702724184, 7.91084457887e-05, 7.83688665251e-05, 4.70441082143e-05, 3.24945613102e-05, 1.00221095636e-05, 2.18814877329e-09],
        "dmean2": [0.00109802000225, 0.00563642242923, 0.00169267610181, 0.00665762927383, 0.00442303577438, 0.00124560296535, 0.00192787428387, 0.00185769610107, 0.000938019366004, 0.00079876271775, 0.000625704880804, 0.000841348897666, 0.00102529337164, 0.000898439146113, 0.0011854673503, 0.000641794351395, 0.000982456840575, 0.000387067964766, 0.00063716218574, 0.000383617327316, 0.000202898925636, 0.000121688317449, 0.000112172128865, 6.68019492878e-05, 4.78915535496e-05, 1.42769313243e-05, 3.69007002732e-09],
        "dvar": [1.92248762687e-06, 4.29526517109e-05, 1.3754745396e-06, 4.72149004054e-05, 1.73995267687e-05, 1.03673801277e-06, 5.24443703398e-06, 2.33201285482e-06, 7.99854603883e-07, 5.71764417145e-07, 3.32279398663e-07, 1.0127079122e-06, 1.02767182852e-06, 7.38892708796e-07, 6.19625382114e-07, 1.9256421524e-07, 3.60401088528e-07, 4.64969289737e-08, 9.70125526578e-08, 4.02030089219e-08, 1.27843771125e-08, 1.47028487163e-08, 2.77712857155e-08, 8.72608740821e-09, 8.57310489266e-09, 9.85661108288e-10, 2.62369725961e-16],
        "dvar2": [3.3270791846e-06, 7.64986689319e-05, 3.52030133399e-06, 0.000113199792395, 4.40796393377e-05, 2.78291645373e-06, 7.82763163443e-06, 5.31628438694e-06, 1.88776868981e-06, 1.2400266769e-06, 6.98962082879e-07, 2.07706739275e-06, 2.11591554944e-06, 1.41143789278e-06, 1.47768150782e-06, 5.45232751392e-07, 8.74026284237e-07, 1.21344555737e-07, 2.5518497182e-07, 1.14717686017e-07, 3.38695222979e-08, 2.70541722358e-08, 5.09792990044e-08, 1.37672921952e-08, 1.66990901107e-08, 1.96540850261e-09, 2.85221060222e-16],
        "max": [0.00961369927973, 0.0415790900588, 0.00918644107878, 0.0382507368922, 0.0335237383842, 0.0110667096451, 0.0411338359118, 0.0208333805203, 0.0161593854427, 0.0163314864039, 0.010127807036, 0.0145391281694, 0.0152940442786, 0.0134619632736, 0.0129193020985, 0.00525649404153, 0.0058221295476, 0.00333715067245, 0.00484102172777, 0.0020911169704, 0.0014491052134, 0.00239960639738, 0.00341631565243, 0.00164389971178, 0.00139278476126, 0.000458508555312, 5.70859242544e-07],
        "mean": [0.00101226207335, 0.00517524406314, 0.00138591579162, 0.00366977928206, 0.00287683191709, 0.00127233425155, 0.00335432728752, 0.0024394125212, 0.00104969949462, 0.000983663718216, 0.00071946013486, 0.00109040294774, 0.00125616881996, 0.00113483238965, 0.0014868642902, 0.000728717423044, 0.00138827424962, 0.00056322850287, 0.00107454601675, 0.00066042522667, 0.00033366974094, 0.000203125731787, 0.000177529640496, 0.000112983048894, 5.94999401073e-05, 1.34610436362e-05, 1.78024694986e-09],
        "median": [0.000106010156742, 0.00212859991007, 0.000928176043089, 0.00097815413028, 0.0014354364248, 0.000932426366489, 0.00114963587839, 0.00134535972029, 0.000718011171557, 0.000548899406567, 0.00034833632526, 0.000395291397581, 0.000679900404066, 0.000726808444597, 0.00120376225095, 0.000574051111471, 0.00113473029342, 0.000512200815137, 0.000997363124043, 0.000615159282461, 0.00030124883051, 0.000159751522006, 0.000117694486107, 7.39661118132e-05, 2.61914246948e-05, 4.38228289568e-06, 5.40605227251e-10],
        "min": [1.23630286453e-07, 4.39236464445e-05, 7.43531882108e-06, 1.06109800981e-05, 3.74836090486e-05, 3.42889652529e-05, 2.88548526441e-05, 7.0836947998e-05, 3.25527398672e-05, 1.15168959383e-05, 6.99151132721e-06, 3.53297000402e-05, 3.07874470309e-05, 5.91412863287e-05, 9.84120706562e-05, 8.16992760519e-05, 0.000127817722387, 0.000108233558421, 0.000260593747953, 0.000197348883376, 4.72571846331e-05, 2.77042017842e-05, 2.26724059758e-05, 1.1702417396e-05, 9.79720311989e-07, 1.28963184576e-09, 1.00664606859e-11],
        "var": [3.47501122633e-06, 6.15398821537e-05, 1.83258202924e-06, 4.49937469966e-05, 1.59718128998e-05, 1.39350311201e-06, 3.25000110024e-05, 7.45146280678e-06, 1.34275160235e-06, 2.09358177017e-06, 1.02927879198e-06, 3.71763417206e-06, 2.90632874567e-06, 1.8792454739e-06, 1.34164008614e-06, 2.77914836033e-07, 8.74287820807e-07, 8.37254603425e-08, 2.00339172807e-07, 7.71296484459e-08, 2.70696371985e-08, 3.50376616609e-08, 6.03824545919e-08, 2.26129603931e-08, 1.66188502959e-08, 1.58199442435e-09, 2.58879870809e-16]
    },
    "erbbands": {
        "dmean": [0.208706244826, 0.544119298458, 1.04075849056, 6.21731710434, 16.6237506866, 5.3350982666, 4.14318561554, 6.89556360245, 9.85320186615, 31.2942352295, 26.3415794373, 13.5929365158, 13.4817323685, 14.7599668503, 14.2520427704, 24.4904232025, 27.2406902313, 30.9358768463, 34.2419471741, 28.7319946289, 24.0178756714, 32.293006897, 13.4664459229, 14.8649778366, 19.0879230499, 10.1837320328, 6.8277759552, 2.92657828331, 2.9460875988, 3.27602696419, 1.81464147568, 0.924195110798, 0.941989600658, 0.563117265701, 0.12922604382, 0.0548973716795, 0.0173424519598, 0.00129253766499, 2.77656436083e-05, 1.30591752168e-05],
        "dmean2": [0.308985620737, 0.858863770962, 1.75802314281, 10.1729450226, 27.6258888245, 9.13502216339, 6.82379007339, 11.6266241074, 15.8052997589, 41.0751342773, 41.6817855835, 22.0562515259, 21.4252510071, 22.6055755615, 21.2137718201, 37.6494102478, 41.6950683594, 46.9135894775, 54.8123550415, 47.5327224731, 40.3062858582, 52.7885742188, 22.8052177429, 25.6291599274, 32.4926147461, 17.4251117706, 11.5614757538, 4.78300714493, 4.586581707, 4.91420173645, 2.64336323738, 1.38570713997, 1.31629860401, 0.834196388721, 0.189319342375, 0.0807376131415, 0.0254088882357, 0.00189019471873, 3.90994537156e-05, 1.93595169549e-05],
        "dvar": [0.15502461791, 0.77163618803, 1.66405725479, 90.3597412109, 867.207641602, 53.1098594666, 31.5584907532, 98.0702819824, 187.932922363, 3059.83740234, 1428.12145996, 485.620849609, 368.176116943, 497.204223633, 366.924560547, 2270.29223633, 1890.13366699, 2142.86621094, 1805.68591309, 1069.83129883, 892.420349121, 1170.14245605, 165.14302063, 160.949066162, 282.792022705, 84.2509002686, 44.4055175781, 8.78885746002, 15.2622327805, 71.0040359497, 10.3049411774, 2.92186427116, 3.83441710472, 2.78685975075, 0.111436955631, 0.0318571217358, 0.00301621365361, 2.18263940042e-05, 6.95321311639e-09, 1.62103372392e-10],
        "dvar2": [0.288834929466, 1.74430251122, 4.25004243851, 214.90385437, 2135.11010742, 141.634567261, 76.5355987549, 260.745605469, 487.019134521, 4197.15332031, 3233.96459961, 1138.21606445, 834.318664551, 1045.82092285, 790.337036133, 4788.33789062, 3655.48730469, 4078.60644531, 4241.47265625, 2729.62280273, 2494.52856445, 2827.76806641, 426.265045166, 447.522857666, 750.140808105, 231.523986816, 118.015937805, 20.3031158447, 32.7396316528, 149.393463135, 17.1971607208, 4.78571128845, 6.40301990509, 5.70342159271, 0.220952153206, 0.0673317164183, 0.00624755537137, 4.67662575829e-05, 1.43102925065e-08, 3.66740415814e-10],
        "max": [2.3293261528, 6.06963729858, 9.74855804443, 53.0331420898, 158.894241333, 84.7250137329, 87.4924316406, 100.129043579, 225.770294189, 1072.60595703, 565.003234863, 392.47076416, 274.201416016, 503.731658936, 315.416442871, 712.446105957, 755.270446777, 769.04473877, 766.296325684, 418.658325195, 352.061431885, 361.70803833, 188.323745728, 171.633712769, 201.717071533, 112.272880554, 88.3605270386, 38.3812675476, 62.3901252747, 172.477172852, 53.8248786926, 28.5199146271, 38.6981124878, 28.9366016388, 4.43186044693, 2.91997170448, 0.843185603619, 0.0945356637239, 0.00164256291464, 0.000108642438136],
        "mean": [0.232627019286, 0.820153534412, 1.70117795467, 6.23984622955, 14.4546432495, 7.76426792145, 7.51380252838, 11.2553672791, 19.1873722076, 79.2197647095, 53.9848175049, 26.5855331421, 27.0644931793, 30.9244365692, 29.3646316528, 52.4225692749, 56.9618873596, 61.7782058716, 77.5444488525, 56.033290863, 49.6021537781, 77.200843811, 37.6208000183, 42.2883720398, 54.9863395691, 31.4084587097, 19.3189945221, 8.31777191162, 7.54295444489, 6.94548559189, 4.25272130966, 2.23058438301, 2.08017516136, 1.03776979446, 0.237071782351, 0.0783440768719, 0.0217856299132, 0.00148139696103, 5.36266234121e-05, 4.49175240647e-05],
        "median": [0.0415794737637, 0.432454138994, 1.35071384907, 2.62068104744, 3.50027418137, 5.12951374054, 5.48040771484, 8.12137126923, 12.480266571, 22.94049263, 29.4985408783, 19.367723465, 18.6097583771, 16.9805316925, 18.0933227539, 20.2882614136, 33.7131919861, 40.3369560242, 60.8898696899, 44.7977142334, 39.3819007874, 61.7596168518, 34.2217102051, 39.6042404175, 51.1780319214, 28.8436717987, 17.420583725, 7.31811141968, 6.13554000854, 4.28494024277, 2.9324555397, 1.57507681847, 1.24751937389, 0.451213479042, 0.129072532058, 0.0307379290462, 0.0060314158909, 0.000319616519846, 3.1061048503e-05, 4.13189009123e-05],
        "min": [0.000448484352091, 0.0062539326027, 0.0269181746989, 0.102887429297, 0.0672398433089, 0.162339821458, 0.448169797659, 0.274293333292, 0.925473034382, 1.16032361984, 1.44725966454, 2.86435484886, 2.10252070427, 1.80808341503, 1.48666143417, 3.05857300758, 3.59853291512, 3.77035284042, 5.17266082764, 6.33678817749, 5.45506858826, 7.74731779099, 9.19362735748, 9.00106334686, 12.4307947159, 10.5935277939, 3.24374938011, 1.46436917782, 1.09036529064, 0.945637464523, 0.588515341282, 0.299193501472, 0.139248773456, 0.0292875636369, 0.00278348219581, 0.000154040142661, 4.14456553699e-05, 7.42695692679e-06, 7.97001030151e-06, 1.27239145513e-05],
        "var": [0.208524987102, 0.95732653141, 2.0256280899, 89.4514846802, 773.285644531, 61.4281692505, 57.9092483521, 120.777069092, 414.616699219, 19686.2128906, 4304.33789062, 805.173706055, 868.842407227, 1842.79003906, 1152.77258301, 8071.80957031, 5367.36572266, 5222.89892578, 4343.42822266, 1760.24230957, 1252.32409668, 2753.82202148, 315.527587891, 282.583526611, 504.066955566, 156.790710449, 80.4982452393, 19.5780849457, 35.2541046143, 122.86618042, 26.0109634399, 7.33899021149, 9.24172592163, 5.22383117676, 0.201537370682, 0.0469391569495, 0.00458717253059, 3.08077251248e-05, 1.09229079115e-08, 2.89259838304e-10]
    },
    "gfcc": {
        "mean": [51.4905929565, 91.5102462769, -150.949874878, 48.8525428772, -61.3390312195, 15.9885158539, -39.8906517029, 14.626490593, -18.9905319214, 4.38007736206, -10.152466774, -9.72800827026, -11.0421409607],
        "cov": [[228.896286011, -75.4365158081, 124.953636169, -4.55253982544, 13.6341762543, 40.0190010071, -16.2979221344, -2.12467622757, -17.8053665161, 3.84145712852, -29.5341892242, 19.3311328888, -31.2873783112], [-75.4365158081, 321.536834717, -56.4510879517, 35.9134101868, 32.7344856262, -33.6276626587, 44.5686149597, -36.7993431091, 22.2397994995, -25.2875061035, 59.9439048767, -57.175907135, 39.2952804565], [124.953636169, -56.4510879517, 246.38710022, 53.5938110352, 27.6603736877, 3.57575058937, -39.3846321106, 13.3981952667, -17.2676334381, 7.87905311584, -36.9717330933, 31.4544773102, -28.1176624298], [-4.55253982544, 35.9134101868, 53.5938110352, 100.881546021, 36.7022476196, 9.7104139328, 3.03996062279, -7.64974737167, 13.8778190613, -15.805896759, -5.18148183823, -0.959020256996, 11.5805139542], [13.6341762543, 32.7344856262, 27.6603736877, 36.7022476196, 95.8107681274, 39.7901191711, 41.7386436462, 25.4569339752, 22.2219009399, 27.5333366394, 10.8533945084, 14.9698143005, 8.02923107147], [40.0190010071, -33.6276626587, 3.57575058937, 9.7104139328, 39.7901191711, 105.598548889, 68.7513275146, 14.9798908234, -11.2293996811, -4.45032548904, 7.61852693558, 14.5553646088, 4.52495241165], [-16.2979221344, 44.5686149597, -39.3846321106, 3.03996062279, 41.7386436462, 68.7513275146, 114.382026672, 32.8395881653, 8.14040565491, -0.950385570526, 20.3995361328, 8.39414310455, 9.51361465454], [-2.12467622757, -36.7993431091, 13.3981952667, -7.64974737167, 25.4569339752, 14.9798908234, 32.8395881653, 82.7406921387, 53.4922103882, 46.0723190308, 21.0391979218, 21.8226699829, 8.15274715424], [-17.8053665161, 22.2397994995, -17.2676334381, 13.8778190613, 22.2219009399, -11.2293996811, 8.14040565491, 53.4922103882, 103.647079468, 63.1122703552, 43.0150337219, 3.91476464272, 14.9420528412], [3.84145712852, -25.2875061035, 7.87905311584, -15.805896759, 27.5333366394, -4.45032548904, -0.950385570526, 46.0723190308, 63.1122703552, 91.6604309082, 43.6151695251, 22.3645973206, 1.76339936256], [-29.5341892242, 59.9439048767, -36.9717330933, -5.18148183823, 10.8533945084, 7.61852693558, 20.3995361328, 21.0391979218, 43.0150337219, 43.6151695251, 83.5079727173, 15.9344234467, 28.4224910736], [19.3311328888, -57.175907135, 31.4544773102, -0.959020256996, 14.9698143005, 14.5553646088, 8.39414310455, 21.8226699829, 3.91476464272, 22.3645973206, 15.9344234467, 66.0774459839, 13.2687282562], [-31.2873783112, 39.2952804565, -28.1176624298, 11.5805139542, 8.02923107147, 4.52495241165, 9.51361465454, 8.15274715424, 14.9420528412, 1.76339936256, 28.4224910736, 13.2687282562, 53.6123809814]],
        "icov": [[0.00827022828162, 3.3782900573e-05, -0.00465122330934, 0.00433699088171, -0.00070051162038, -0.00511535070837, 0.00184884283226, 0.00319930259138, -0.00367861287668, 0.00135884643532, 0.00119317288045, -0.000998820294626, 0.00174267787952], [3.3782900573e-05, 0.0160472355783, -0.00526471622288, 0.00361473183148, -0.0107093574479, 0.0159467440099, -0.0146378073841, 0.0131078399718, -0.00559501396492, 0.0107696112245, -0.0161824636161, 0.0151512017474, -0.00838749948889], [-0.00465122330934, -0.00526471622288, 0.01218123734, -0.00925231259316, 0.00310415192507, -0.00353636057116, 0.00828995928168, -0.0108744744211, 0.00822404865175, -0.00620893621817, 0.00593198323622, -0.00757266301662, 0.00618920847774], [0.00433699088171, 0.00361473183148, -0.00925231259316, 0.0231205001473, -0.0106273889542, 0.000776712025981, -0.00262426678091, 0.0117355640978, -0.0145458653569, 0.0137608135119, -0.00327368616126, 0.00334050203674, -0.00524773867801], [-0.00070051162038, -0.0107093574479, 0.00310415192507, -0.0106273889542, 0.0272721443325, -0.0134561955929, 0.00339115876704, -0.00878578890115, 0.00613634102046, -0.0182331167161, 0.0144956195727, -0.00967729091644, 0.00274953339249], [-0.00511535070837, 0.0159467440099, -0.00353636057116, 0.000776712025981, -0.0134561955929, 0.0369202531874, -0.0257204156369, 0.0112649630755, 0.000232767182752, 0.00996011961251, -0.0177756808698, 0.0142500232905, -0.00944118946791], [0.00184884283226, -0.0146378073841, 0.00828995928168, -0.00262426678091, 0.00339115876704, -0.0257204156369, 0.0358144752681, -0.0211708974093, 0.00560450134799, -0.00180423667189, 0.00984421744943, -0.0143736135215, 0.0120852524415], [0.00319930259138, 0.0131078399718, -0.0108744744211, 0.0117355640978, -0.00878578890115, 0.0112649630755, -0.0211708974093, 0.0418068319559, -0.021093564108, 0.00455589592457, -0.00694749550894, 0.00767632620409, -0.0107017979026], [-0.00367861287668, -0.00559501396492, 0.00822404865175, -0.0145458653569, 0.00613634102046, 0.000232767182752, 0.00560450134799, -0.021093564108, 0.0345042236149, -0.0202618427575, 0.00080046383664, 0.00134644343052, 0.000976084091235], [0.00135884643532, 0.0107696112245, -0.00620893621817, 0.0137608135119, -0.0182331167161, 0.00996011961251, -0.00180423667189, 0.00455589592457, -0.0202618427575, 0.0443246997893, -0.0230745244771, 0.00376171828248, 0.00367911253124], [0.00119317288045, -0.0161824636161, 0.00593198323622, -0.00327368616126, 0.0144956195727, -0.0177756808698, 0.00984421744943, -0.00694749550894, 0.00080046383664, -0.0230745244771, 0.0411326251924, -0.0173078682274, -0.00197242829017], [-0.000998820294626, 0.0151512017474, -0.00757266301662, 0.00334050203674, -0.00967729091644, 0.0142500232905, -0.0143736135215, 0.00767632620409, 0.00134644343052, 0.00376171828248, -0.0173078682274, 0.036382265389, -0.0150788826868], [0.00174267787952, -0.00838749948889, 0.00618920847774, -0.00524773867801, 0.00274953339249, -0.00944118946791, 0.0120852524415, -0.0107017979026, 0.000976084091235, 0.00367911253124, -0.00197242829017, -0.0150788826868, 0.0344490557909]]
    },
    "melbands": {
        "dmean": [0.00137055036612, 0.000547964125872, 0.00159068615176, 0.000747081357986, 0.00014658208238, 0.00015280257503, 0.00018314938643, 0.000317049736623, 0.000199170652195, 7.95404994278e-05, 6.9272784458e-05, 6.28927009529e-05, 5.87535141676e-05, 5.97969483351e-05, 6.23063169769e-05, 6.76677445881e-05, 5.83984656259e-05, 5.5086784414e-05, 4.4185162551e-05, 2.89587514999e-05, 3.15025208693e-05, 3.9478756662e-05, 2.52851277764e-05, 1.0249483239e-05, 1.37033348437e-05, 1.86453526112e-05, 1.17804884212e-05, 6.53960523778e-06, 5.57734665563e-06, 2.82432552012e-06, 1.78194659384e-06, 1.80388462923e-06, 1.85502574368e-06, 2.05783089768e-06, 1.27539010464e-06, 8.19871104341e-07, 5.52440099e-07, 7.24900587556e-07, 6.79330923958e-07, 4.62370650212e-07],
        "dmean2": [0.00201599206775, 0.000905143388081, 0.00260059535503, 0.00124026159756, 0.000244498311076, 0.000255742226727, 0.000273437966825, 0.00042473472422, 0.000318434002111, 0.000129499690956, 0.00011057829397, 9.66853331192e-05, 8.71997399372e-05, 9.36513315537e-05, 9.28513181861e-05, 0.000102821963083, 8.92151874723e-05, 8.78076825757e-05, 7.22344266251e-05, 4.85710406792e-05, 5.31435362063e-05, 6.40728030703e-05, 4.3143707444e-05, 1.72744730662e-05, 2.3822658477e-05, 3.17751218972e-05, 2.01484344871e-05, 1.11735962491e-05, 9.38317862165e-06, 4.80069456898e-06, 2.89074023385e-06, 2.86832892016e-06, 2.86738827526e-06, 3.08636413138e-06, 1.91510298464e-06, 1.27375835746e-06, 8.40905215682e-07, 1.05693766272e-06, 9.74484919425e-07, 7.17796808658e-07],
        "dvar": [6.15230692347e-06, 5.72253497921e-07, 6.93548190611e-06, 1.4565608808e-06, 3.48360309488e-08, 4.5067036325e-08, 6.20214564151e-08, 2.52824918334e-07, 8.08285491871e-08, 1.61070179416e-08, 9.70884261875e-09, 1.01827835053e-08, 6.58480692195e-09, 1.30810526855e-08, 1.22241194944e-08, 1.04526645117e-08, 8.29714874584e-09, 5.02516517287e-09, 2.59997512408e-09, 8.05539690507e-10, 1.5006342835e-09, 1.8823933523e-09, 6.60672738739e-10, 1.47349341062e-10, 1.37547695456e-10, 2.68347732924e-10, 1.15235931908e-10, 3.24574533916e-11, 2.92977898886e-11, 8.15036579893e-12, 3.59005230058e-12, 5.29826313031e-12, 8.89615464628e-12, 3.2492813995e-11, 4.97619827289e-12, 1.54661624219e-12, 1.29141239803e-12, 2.35553048421e-12, 2.52255703305e-12, 2.06488428786e-12],
        "dvar2": [1.09618822535e-05, 1.43742988712e-06, 1.67206180777e-05, 3.60710691893e-06, 8.65270237682e-08, 1.20171236517e-07, 1.35795474421e-07, 3.63179196938e-07, 1.84056247576e-07, 3.78327378314e-08, 2.17741504827e-08, 2.14628048667e-08, 1.3936345411e-08, 2.91000521457e-08, 2.3528563986e-08, 2.14657891462e-08, 1.59919402165e-08, 1.11780398271e-08, 6.09152772668e-09, 2.20012918994e-09, 4.15805567755e-09, 4.58840876405e-09, 1.80140413697e-09, 3.6624672739e-10, 3.88918258709e-10, 6.72727706874e-10, 3.29929250587e-10, 9.10424721723e-11, 8.09672121016e-11, 2.16611485693e-11, 9.10346451e-12, 1.24263438081e-11, 1.82315568892e-11, 7.11672387688e-11, 9.5294059102e-12, 3.26228627445e-12, 2.26387832092e-12, 4.32892220334e-12, 4.55801932656e-12, 4.49873905489e-12],
        "max": [0.0149385780096, 0.00611433573067, 0.0143617000431, 0.00898438878357, 0.00259312684648, 0.00201593991369, 0.00395049247891, 0.00976820196956, 0.00421827146783, 0.00216024392284, 0.00135465944186, 0.0023551103659, 0.00145797338337, 0.0017047614092, 0.00172536622267, 0.00131502607837, 0.00167029898148, 0.00110966491047, 0.000640586600639, 0.000324353110045, 0.000438859598944, 0.000466614816105, 0.000300552957924, 0.000229572528042, 0.000137128692586, 0.000234165636357, 9.57346201176e-05, 7.80370100983e-05, 5.39981592738e-05, 4.40659714513e-05, 2.49703480222e-05, 3.7632031308e-05, 6.00069979555e-05, 0.000125169681269, 4.10864886362e-05, 1.96378132387e-05, 1.87178175111e-05, 2.70772361546e-05, 2.1975245545e-05, 2.51718665822e-05],
        "mean": [0.00172425888013, 0.000939499761444, 0.00150292937178, 0.000772278814111, 0.000283762783511, 0.000250838929787, 0.000389689579606, 0.000797261891421, 0.00038485933328, 0.000147286264109, 0.000134839239763, 0.000127119899844, 0.000104620776256, 0.000122175857541, 0.000127033388708, 0.000124797254102, 0.000108971558802, 0.000121689416119, 8.99844017113e-05, 5.45766379219e-05, 5.74608384341e-05, 8.50258511491e-05, 5.28961390955e-05, 2.45684186666e-05, 3.36127486662e-05, 4.63338219561e-05, 3.15589495585e-05, 1.75454169948e-05, 1.3637711163e-05, 6.92515050105e-06, 4.0996237658e-06, 4.21070217271e-06, 3.98032125304e-06, 3.91808407585e-06, 2.66087567979e-06, 1.70043904291e-06, 1.18221862522e-06, 1.50054768255e-06, 1.27936175431e-06, 7.50173740016e-07],
        "median": [0.000528430624399, 0.000738629896659, 0.000518090266269, 0.0003373521904, 0.000207418983337, 0.0001800035825, 0.000205035044928, 0.00028576963814, 0.00019934415468, 0.00010417579324, 8.87237911229e-05, 6.49623834761e-05, 5.29799435753e-05, 4.16187649535e-05, 6.06387111475e-05, 7.30237588868e-05, 6.75174160278e-05, 9.34862837312e-05, 7.27908918634e-05, 4.52473068435e-05, 4.23972524004e-05, 6.45361287752e-05, 4.4608997996e-05, 2.21093450818e-05, 3.13689124596e-05, 4.16044749727e-05, 2.83776207652e-05, 1.63632012118e-05, 1.20315662571e-05, 6.1374867073e-06, 3.44309773936e-06, 3.45144030689e-06, 2.91272158393e-06, 2.23880874728e-06, 1.81015275302e-06, 1.22194580854e-06, 7.98235589627e-07, 9.25613392155e-07, 6.20808464191e-07, 2.97898139934e-07],
        "min": [1.01098339655e-05, 7.10729273123e-06, 1.88769863598e-05, 6.25959955869e-06, 1.67045673152e-05, 5.27301654074e-06, 6.19969205218e-06, 1.48716189869e-05, 5.04517447553e-06, 3.88181069866e-06, 8.19259548734e-06, 5.17927992405e-06, 4.54429346064e-06, 4.66635401608e-06, 8.05181844044e-06, 5.22538584846e-06, 6.16982060819e-06, 4.82707491756e-06, 7.15376927474e-06, 6.1866685428e-06, 3.24670054397e-06, 6.24985113973e-06, 6.98261101206e-06, 2.74366857411e-06, 5.31697151018e-06, 8.35270384414e-06, 8.26514315122e-06, 4.57160922451e-06, 1.40058250508e-06, 6.70778092626e-07, 3.51129017417e-07, 5.12895724114e-07, 4.60780370304e-07, 4.37851355173e-07, 2.93701759801e-07, 1.08821197387e-07, 7.99771981974e-08, 7.85027154393e-08, 2.88882766597e-08, 2.53502072667e-08],
