{
"highlevel": {
    "danceability": {
        "all": {
            "danceable": 0.839514732361,
            "not_danceable": 0.16048528254
        },
        "probability": 0.839514732361,
        "value": "danceable"
    },
    "gender": {
        "all": {
            "female": 0.0628905445337,
            "male": 0.937109470367
        },
        "probability": 0.937109470367,
        "value": "male"
    },
    "genre_dortmund": {
        "all": {
            "alternative": 0.0546576417983,
            "blues": 0.128750547767,
            "electronic": 0.026531631127,
            "folkcountry": 0.122187316418,
            "funksoulrnb": 0.0695121362805,
            "jazz": 0.0621705763042,
            "pop": 0.059545148164,
            "raphiphop": 0.0195306017995,
            "rock": 0.457114398479
        },
        "probability": 0.457114398479,
        "value": "rock"
    },
    "genre_electronic": {
        "all": {
            "ambient": 0.382848709822,
            "dnb": 0.336219370365,
            "house": 0.0986723676324,
            "techno": 0.0133001469076,
            "trance": 0.168959408998
        },
        "probability": 0.382848709822,
        "value": "ambient"
    },
    "genre_rosamerica": {
        "all": {
            "cla": 0.00886192172766,
            "dan": 0.095300026238,
            "hip": 0.0176505912095,
            "jaz": 0.0171549469233,
            "pop": 0.42266240716,
            "rhy": 0.0147780925035,
            "roc": 0.42118871212,
            "spe": 0.00240329932421
        },
        "probability": 0.42266240716,
        "value": "pop"
    },
    "genre_tzanetakis": {
        "all": {
            "blu": 0.0626613423228,
            "cla": 0.0348169617355,
            "cou": 0.104475811124,
            "dis": 0.0784321576357,
            "hip": 0.15692435205,
            "jaz": 0.313974827528,
            "met": 0.0448166541755,
            "pop": 0.0627359300852,
            "reg": 0.0627360641956,
            "roc": 0.0784258767962
        },
        "probability": 0.313974827528,
        "value": "jaz"
    },
    "ismir04_rhythm": {
        "all": {
            "ChaChaCha": 0.0976433604956,
            "Jive": 0.246542811394,
            "Quickstep": 0.255066782236,
            "Rumba-American": 0.0122158722952,
            "Rumba-International": 0.0280114337802,
            "Rumba-Misc": 0.00875781383365,
            "Samba": 0.297079116106,
            "Tango": 0.0169444866478,
            "VienneseWaltz": 0.0296805128455,
            "Waltz": 0.00805781316012
        },
        "probability": 0.297079116106,
        "value": "Samba"
    },
    "mood_acoustic": {
        "all": {
            "acoustic": 0.0543340854347,
            "not_acoustic": 0.945665895939
        },
        "probability": 0.945665895939,
        "value": "not_acoustic"
    },
    "mood_aggressive": {
        "all": {
            "aggressive": 0.605378210545,
            "not_aggressive": 0.394621789455
        },
        "probability": 0.605378210545,
        "value": "aggressive"
    },
    "mood_electronic": {
        "all": {
            "electronic": 0.421753972769,
            "not_electronic": 0.578245997429
        },
        "probability": 0.578245997429,
        "value": "not_electronic"
    },
    "mood_happy": {
        "all": {
            "happy": 0.492827892303,
            "not_happy": 0.507172107697
        },
        "probability": 0.507172107697,
        "value": "not_happy"
    },
    "mood_party": {
        "all": {
            "not_party": 0.346707493067,
            "party": 0.653292536736
        },
        "probability": 0.653292536736,
        "value": "party"
    },
    "mood_relaxed": {
        "all": {
            "not_relaxed": 0.55407834053,
            "relaxed": 0.445921689272
        },
        "probability": 0.55407834053,
        "value": "not_relaxed"
    },
    "mood_sad": {
        "all": {
            "not_sad": 0.7273427248,
            "sad": 0.2726572752
        },
        "probability": 0.7273427248,
        "value": "not_sad"
    },
    "moods_mirex": {
        "all": {
            "Cluster1": 0.169474557042,
            "Cluster2": 0.314936459064,
            "Cluster3": 0.0880069732666,
            "Cluster4": 0.2615044415,
            "Cluster5": 0.166077554226
        },
        "probability": 0.314936459064,
        "value": "Cluster2"
    },
    "timbre": {
        "all": {
            "bright": 0.993839263916,
            "dark": 0.00616075703874
        },
        "probability": 0.993839263916,
        "value": "bright"
    },
    "tonal_atonal": {
        "all": {
            "atonal": 0.0853547230363,
            "tonal": 0.914645254612
        },
        "probability": 0.914645254612,
        "value": "tonal"
    },
    "voice_instrumental": {
        "all": {
            "instrumental": 0.00202177022584,
            "voice": 0.997978210449
        },
        "probability": 0.997978210449,
        "value": "voice"
    }
},
"lowlevel": {
    "average_loudness": 0.977601706982,
    "barkbands_crest": {
        "dmean": 3.1168923378,
        "dmean2": 4.94832658768,
        "dvar": 8.28509235382,
        "dvar2": 19.6860294342,
        "max": 23.3128643036,
        "mean": 9.44735813141,
        "median": 8.33299922943,
        "min": 2.43772721291,
        "var": 20.1608066559
    },
    "barkbands_flatness_db": {
        "dmean": 0.0215059071779,
        "dmean2": 0.0330908894539,
        "dvar": 0.000402566045523,
        "dvar2": 0.000906319706701,
        "max": 0.273868352175,
        "mean": 0.127374336123,
        "median": 0.122262738645,
        "min": 0.0504701323807,
        "var": 0.00156558211893
    },
    "barkbands_kurtosis": {
        "dmean": 1.80959069729,
        "dmean2": 2.96587109566,
        "dvar": 8.27513885498,
        "dvar2": 21.3514537811,
        "max": 39.5324172974,
        "mean": 1.66670835018,
        "median": 0.438542366028,
        "min": -1.75364780426,
        "var": 14.5150690079
    },
    "barkbands_skewness": {
        "dmean": 0.504820525646,
        "dmean2": 0.786323964596,
        "dvar": 0.235204264522,
        "dvar2": 0.581190407276,
        "max": 5.78697824478,
        "mean": 1.0881613493,
        "median": 0.987826049328,
        "min": -1.05785250664,
        "var": 0.731821656227
    },
    "barkbands_spread": {
        "dmean": 6.398832798,
        "dmean2": 9.795794487,
        "dvar": 56.9725837708,
        "dvar2": 128.805801392,
        "max": 90.6565475464,
        "mean": 26.2218475342,
        "median": 24.8954639435,
        "min": 2.74572682381,
        "var": 165.098846436
    },
    "dissonance": {
        "dmean": 0.0204399004579,
        "dmean2": 0.0350035727024,
        "dvar": 0.000433139211964,
        "dvar2": 0.00114630768076,
        "max": 0.499995470047,
        "mean": 0.466676980257,
        "median": 0.474517941475,
        "min": 0.305744588375,
        "var": 0.000737725058571
    },
    "dynamic_complexity": 2.36196684837,
    "erbbands_crest": {
        "dmean": 3.24548101425,
        "dmean2": 5.35196971893,
        "dvar": 9.08385181427,
        "dvar2": 22.8515052795,
        "max": 27.4534893036,
        "mean": 9.56510829926,
        "median": 8.36591148376,
        "min": 2.5227701664,
        "var": 21.2338790894
    },
    "erbbands_flatness_db": {
        "dmean": 0.0191234257072,
        "dmean2": 0.0283055119216,
        "dvar": 0.000322987994878,
        "dvar2": 0.000693294510711,
        "max": 0.34616702795,
        "mean": 0.150282099843,
        "median": 0.145857140422,
        "min": 0.0698310062289,
        "var": 0.00158259621821
    },
    "erbbands_kurtosis": {
        "dmean": 1.13036036491,
        "dmean2": 1.81125986576,
        "dvar": 2.35784029961,
        "dvar2": 5.82136011124,
        "max": 16.6531600952,
        "mean": 0.840716719627,
        "median": 0.221403121948,
        "min": -1.59478712082,
        "var": 4.42733716965
    },
    "erbbands_skewness": {
        "dmean": 0.40546631813,
        "dmean2": 0.638769805431,
        "dvar": 0.138621106744,
        "dvar2": 0.326296746731,
        "max": 3.66484808922,
        "mean": 0.305495351553,
        "median": 0.236547857523,
        "min": -1.84413647652,
        "var": 0.511372148991
    },
    "erbbands_spread": {
        "dmean": 7.83249473572,
        "dmean2": 11.947845459,
        "dvar": 60.8948631287,
        "dvar2": 136.134338379,
        "max": 102.993232727,
        "mean": 33.0539398193,
        "median": 30.9074134827,
        "min": 3.67596435547,
        "var": 212.549758911
    },
    "hfc": {
        "dmean": 9.24488925934,
        "dmean2": 13.2826299667,
        "dvar": 126.493652344,
        "dvar2": 272.262573242,
        "max": 105.925788879,
        "mean": 27.4720668793,
        "median": 24.2434101105,
        "min": 0.0833845213056,
        "var": 345.998718262
    },
    "melbands_crest": {
        "dmean": 4.01663589478,
        "dmean2": 6.38031482697,
        "dvar": 12.6319227219,
        "dvar2": 29.9907646179,
        "max": 33.6921386719,
        "mean": 13.5446510315,
        "median": 12.2217712402,
        "min": 3.46546316147,
        "var": 33.3084793091
    },
    "melbands_flatness_db": {
        "dmean": 0.0277530383319,
        "dmean2": 0.0410757400095,
        "dvar": 0.000674238428473,
        "dvar2": 0.00146422698162,
        "max": 0.379717320204,
        "mean": 0.171630039811,
        "median": 0.167020395398,
        "min": 0.0453212745488,
        "var": 0.00320327142254
    },
    "melbands_kurtosis": {
        "dmean": 4.54122304916,
        "dmean2": 7.37387752533,
        "dvar": 49.259967804,
        "dvar2": 126.346488953,
        "max": 90.6834182739,
        "mean": 6.86337423325,
        "median": 4.03828907013,
        "min": -1.55132436752,
        "var": 87.1814117432
    },
    "melbands_skewness": {
        "dmean": 0.694065690041,
        "dmean2": 1.07930481434,
        "dvar": 0.490533262491,
        "dvar2": 1.15771687031,
        "max": 9.16573143005,
        "mean": 1.98971366882,
        "median": 1.77487289906,
        "min": -0.625094413757,
        "var": 1.49356126785
    },
    "melbands_spread": {
        "dmean": 8.08687591553,
        "dmean2": 12.6469755173,
        "dvar": 83.6446762085,
        "dvar2": 198.231826782,
        "max": 165.809143066,
        "mean": 28.5336418152,
        "median": 26.5433712006,
        "min": 2.89762973785,
        "var": 222.354644775
    },
    "pitch_salience": {
        "dmean": 0.0787610411644,
        "dmean2": 0.125604569912,
        "dvar": 0.00466796290129,
        "dvar2": 0.0112984413281,
        "max": 0.855415046215,
        "mean": 0.540080904961,
        "median": 0.551071107388,
        "min": 0.185417875648,
        "var": 0.0129784969613
    },
    "silence_rate_20dB": {
        "dmean": 0,
        "dmean2": 0,
        "dvar": 0,
        "dvar2": 0,
        "max": 1,
        "mean": 1,
        "median": 1,
        "min": 1,
        "var": 0
    },
    "silence_rate_30dB": {
        "dmean": 0.0061919502914,
        "dmean2": 0.0123934932053,
        "dvar": 0.00615355791524,
        "dvar2": 0.0168875232339,
        "max": 1,
        "mean": 0.996133029461,
        "median": 1,
        "min": 0,
        "var": 0.00385200278834
    },
    "silence_rate_60dB": {
        "dmean": 0.0263157896698,
        "dmean2": 0.0526723451912,
        "dvar": 0.0256233308464,
        "dvar2": 0.0560946315527,
        "max": 1,
        "mean": 0.0525908730924,
        "median": 0,
        "min": 0,
        "var": 0.049825116992
    },
    "spectral_centroid": {
        "dmean": 276.333862305,
        "dmean2": 434.672576904,
        "dvar": 88526.375,
        "dvar2": 212944.515625,
        "max": 3649.91870117,
        "mean": 1583.32434082,
        "median": 1549.88574219,
        "min": 467.716796875,
        "var": 270815.71875
    },
    "spectral_complexity": {
        "dmean": 5.02631568909,
        "dmean2": 7.2920217514,
        "dvar": 24.2824401855,
        "dvar2": 47.8317527771,
        "max": 56,
        "mean": 24.2057228088,
        "median": 24,
        "min": 0,
        "var": 117.76247406
    },
    "spectral_decrease": {
        "dmean": 3.02138580821e-09,
        "dmean2": 4.19564960552e-09,
        "dvar": 1.39185396879e-17,
        "dvar2": 2.49916607866e-17,
        "max": -9.13702516425e-11,
        "mean": -8.07292366289e-09,
        "median": -6.64147492557e-09,
        "min": -3.15212105306e-08,
        "var": 3.7208546025e-17
    },
    "spectral_energy": {
        "dmean": 0.0119688892737,
        "dmean2": 0.0166125465184,
        "dvar": 0.000209848687518,
        "dvar2": 0.000377959397156,
        "max": 0.121156446636,
        "mean": 0.0329608917236,
        "median": 0.0276158228517,
        "min": 0.000352415838279,
        "var": 0.000573431781959
    },
    "spectral_energyband_high": {
        "dmean": 0.000459522241727,
        "dmean2": 0.000640996033326,
        "dvar": 6.66245853154e-07,
        "dvar2": 1.33708033445e-06,
        "max": 0.00966604985297,
        "mean": 0.000976270122919,
        "median": 0.000543351692613,
        "min": 1.20453034924e-06,
        "var": 1.53333746766e-06
    },
    "spectral_energyband_low": {
        "dmean": 0.00719593791291,
        "dmean2": 0.00979986228049,
        "dvar": 0.000168680562638,
        "dvar2": 0.000324706081301,
        "max": 0.105224691331,
        "mean": 0.0123242447153,
        "median": 0.00694451667368,
        "min": 4.9685936574e-06,
        "var": 0.000321543077007
    },
    "spectral_energyband_middle_high": {
        "dmean": 0.00363705842756,
        "dmean2": 0.00551546551287,
        "dvar": 2.57552928815e-05,
        "dvar2": 6.11138166278e-05,
        "max": 0.0752643421292,
        "mean": 0.00920945126563,
        "median": 0.00706575391814,
        "min": 1.50694886543e-05,
        "var": 5.83601431572e-05
    },
    "spectral_energyband_middle_low": {
        "dmean": 0.00573196494952,
        "dmean2": 0.00912280287594,
        "dvar": 5.78728067921e-05,
        "dvar2": 0.000137699244078,
        "max": 0.0607903264463,
        "mean": 0.0113419638947,
        "median": 0.00907028373331,
        "min": 4.53878456028e-05,
        "var": 8.68338247528e-05
    },
    "spectral_entropy": {
        "dmean": 0.149513185024,
        "dmean2": 0.219399169087,
        "dvar": 0.0243112463504,
        "dvar2": 0.0510318689048,
        "max": 8.6489238739,
        "mean": 7.727871418,
        "median": 7.74928808212,
        "min": 6.42729568481,
        "var": 0.0959463790059
    },
    "spectral_flux": {
        "dmean": 0.0307594072074,
        "dmean2": 0.0459997393191,
        "dvar": 0.000994552858174,
        "dvar2": 0.00190831581131,
        "max": 0.292401820421,
        "mean": 0.104679316282,
        "median": 0.0952625274658,
        "min": 0.00858733803034,
        "var": 0.00258370162919
    },
    "spectral_kurtosis": {
        "dmean": 1.19309401512,
        "dmean2": 1.88735675812,
        "dvar": 1.32757902145,
        "dvar2": 3.32407426834,
        "max": 17.0315799713,
        "mean": 4.11969614029,
        "median": 3.73207807541,
        "min": -0.514670848846,
        "var": 4.561876297
    },
    "spectral_rms": {
        "dmean": 0.000974232389126,
        "dmean2": 0.0013229890028,
        "dvar": 1.00440729511e-06,
        "dvar2": 1.6538416503e-06,
        "max": 0.0108720473945,
        "mean": 0.00528914434835,
        "median": 0.00519059412181,
        "min": 0.000586361915339,
        "var": 4.18186664319e-06
    },
    "spectral_rolloff": {
        "dmean": 573.414306641,
        "dmean2": 940.722900391,
        "dvar": 892860.75,
        "dvar2": 1885865,
        "max": 11412.5976562,
        "mean": 1733.76660156,
        "median": 1399.65820312,
        "min": 64.599609375,
        "var": 2034412.625
    },
    "spectral_skewness": {
        "dmean": 0.198120445013,
        "dmean2": 0.307311356068,
        "dvar": 0.0335260890424,
        "dvar2": 0.0756016150117,
        "max": 3.43644547462,
        "mean": 1.52929365635,
        "median": 1.50308763981,
        "min": 0.289666235447,
        "var": 0.121769584715
    },
    "spectral_spread": {
        "dmean": 567344.5,
        "dmean2": 811853.75,
        "dvar": 454355779584,
        "dvar2": 887391977472,
        "max": 11234421,
        "mean": 4639043.5,
        "median": 4457735,
        "min": 1739715,
        "var": 1.78883212083e+12
    },
    "spectral_strongpeak": {
        "dmean": 0.639730751514,
        "dmean2": 1.08880007267,
        "dvar": 0.89316958189,
        "dvar2": 2.27431082726,
        "max": 7.69664955139,
        "mean": 0.932296216488,
        "median": 0.409353882074,
        "min": 0.0134135596454,
        "var": 1.42770278454
    },
    "zerocrossingrate": {
        "dmean": 0.011714970693,
        "dmean2": 0.0134668797255,
        "dvar": 0.000176741479663,
        "dvar2": 0.000199076588615,
        "max": 0.31298828125,
        "mean": 0.0689839795232,
        "median": 0.0625,
        "min": 0.005859375,
        "var": 0.00115640449803
    },
    "barkbands": {
        "dmean": [0.000339924561558, 0.00673077814281, 0.00142498430796, 0.0011990480125, 0.00204838672653, 0.00101310259197, 0.000804656709079, 0.00152756622992, 0.00153693160973, 0.0010486531537, 0.00104376429226, 0.000952857779339, 0.000934274692554, 0.000688961648848, 0.000553734891582, 0.000391877430957, 0.000306776055368, 0.000278216990409, 0.000326340377796, 0.000173870212166, 0.000102751197119, 8.10488127172e-05, 7.60860566515e-05, 9.53376438702e-05, 8.56107581058e-05, 4.32173328591e-05, 8.4002564904e-09],
        "dmean2": [0.000564820307773, 0.00952734705061, 0.00250558415428, 0.00212643691339, 0.00336658861488, 0.00166151381563, 0.0013322714949, 0.00244413339533, 0.00250133499503, 0.00170956482179, 0.00168735231273, 0.00156499468721, 0.00146778125782, 0.00112371321302, 0.000894556404091, 0.000657913391478, 0.000509399105795, 0.00044540016097, 0.000529055658262, 0.000279148138361, 0.000159073184477, 0.000121660712466, 0.000113752706966, 0.000143030920299, 0.000127817416796, 6.12989824731e-05, 1.48757655083e-08],
        "dvar": [5.38635617886e-07, 0.000173313266714, 9.40118206927e-06, 4.68070811621e-06, 1.73195967363e-05, 5.11507232659e-06, 3.66298218069e-06, 9.4005245046e-06, 9.98135692498e-06, 2.85419673673e-06, 4.35953916167e-06, 5.72561930312e-06, 3.82418738809e-06, 1.66505515153e-06, 1.50180619585e-06, 4.24757303108e-07, 2.46076211852e-07, 1.87782745797e-07, 1.61477785809e-07, 7.5598705962e-08, 2.41383268929e-08, 1.95524574309e-08, 1.88886790653e-08, 5.82347894351e-08, 4.93247576117e-08, 1.17898961705e-08, 7.63089017566e-16],
        "dvar2": [1.35868128837e-06, 0.000352803588612, 2.66809911409e-05, 1.31695042001e-05, 4.49934923381e-05, 1.34481506393e-05, 9.7187303254e-06, 2.31941994571e-05, 2.39403016167e-05, 7.40197720006e-06, 1.13546539069e-05, 1.56668447744e-05, 8.36072922539e-06, 3.93279378841e-06, 3.51992684955e-06, 1.13752525976e-06, 6.86134796979e-07, 4.64778707965e-07, 3.99656556738e-07, 1.74052047441e-07, 5.51792567194e-08, 4.36217284516e-08, 4.04668121234e-08, 1.37309356774e-07, 1.08189723846e-07, 2.28851728679e-08, 1.72077729026e-15],
        "max": [0.00599165353924, 0.100524187088, 0.0306459106505, 0.0179063268006, 0.0368656739593, 0.0273127947003, 0.0328809171915, 0.0278159547597, 0.038262758404, 0.0226727481931, 0.0239626578987, 0.0444528236985, 0.0312236454338, 0.0136763043702, 0.0232051406056, 0.00574086420238, 0.00701406458393, 0.00516757275909, 0.00510223861784, 0.00317272171378, 0.00255432352424, 0.00200105411932, 0.00138417084236, 0.00348647776991, 0.00344895198941, 0.00220583518967, 4.65935414695e-07],
        "mean": [0.000341761420714, 0.00945988763124, 0.00192506355233, 0.00142208870966, 0.00271001947112, 0.00140290113632, 0.00104675837792, 0.00202603288926, 0.00222331122495, 0.00157556217164, 0.00140714459121, 0.00117777532432, 0.00122111791279, 0.000937423843425, 0.000816199171823, 0.000581317348406, 0.000469279300887, 0.000451031606644, 0.000612491276115, 0.000310720177367, 0.000190956474398, 0.000157487404067, 0.000136767703225, 0.00015917699784, 0.00013211305486, 6.65039478918e-05, 6.03909144914e-09],
        "median": [4.73428808618e-05, 0.00413295580074, 0.000806353695225, 0.000777701672632, 0.00149922980927, 0.000594381766859, 0.000537591637112, 0.000699661031831, 0.000821469002403, 0.000773039530031, 0.000631363131106, 0.000480378745124, 0.000380079931347, 0.000340479309671, 0.000309021561407, 0.000289737072308, 0.000272748002317, 0.000276149541605, 0.000458817696199, 0.000198462439585, 0.00011024777632, 9.11817551241e-05, 6.94998088875e-05, 7.92838036432e-05, 5.12128281116e-05, 2.23212864512e-05, 4.72084815684e-10],
        "min": [5.35453850148e-08, 1.98687575903e-06, 1.03521017536e-07, 8.28572979117e-07, 3.64395987162e-06, 1.93038701468e-07, 6.86542136918e-07, 2.42577903009e-06, 2.11039036913e-06, 5.43224757621e-07, 5.23233256899e-06, 3.87424194059e-07, 3.45513683442e-07, 2.14015656752e-07, 1.26034194636e-07, 1.5026692779e-07, 1.38627356705e-07, 1.03592753931e-07, 1.21875643799e-07, 2.36644467577e-07, 2.11230116065e-07, 2.37056653418e-07, 1.36989811494e-07, 8.34722584386e-08, 2.09061017387e-08, 2.82209672298e-10, 7.25265984422e-12],
        "var": [5.29140436356e-07, 0.000266741291853, 8.3997801994e-06, 3.95211100113e-06, 1.68672049767e-05, 6.08822256254e-06, 3.37105757353e-06, 1.26655822896e-05, 1.66391455423e-05, 4.65004814032e-06, 5.03826231579e-06, 5.26837766301e-06, 6.60524574414e-06, 2.4642556582e-06, 2.56447219726e-06, 6.12190433458e-07, 3.58023584113e-07, 3.23375957123e-07, 3.51837286416e-07, 1.32136023012e-07, 5.4822912432e-08, 4.1657663985e-08, 3.50704603136e-08, 8.20154539838e-08, 7.87314746731e-08, 2.43869049399e-08, 6.01676778011e-16]
    },
    "erbbands": {
        "dmean": [0.269543707371, 1.25425815582, 1.52096891403, 2.87411284447, 7.2296872139, 5.9902973175, 5.99536752701, 9.34206104279, 11.0696401596, 17.4416408539, 34.7689208984, 35.7901344299, 31.1734924316, 35.6740379333, 39.6483001709, 34.2439041138, 38.9719276428, 41.2173728943, 31.0717792511, 19.7119235992, 19.3614959717, 14.3248767853, 15.1232128143, 14.7008275986, 16.2331199646, 8.01406383514, 4.6840839386, 3.85281634331, 3.13098978996, 2.28750681877, 2.21058392525, 2.12647747993, 1.55605018139, 1.05754733086, 0.589265346527, 0.259118109941, 0.069469474256, 0.00461235735565, 9.48054730543e-05, 1.74691103894e-05],
        "dmean2": [0.404360175133, 1.81690299511, 2.57958745956, 5.10079956055, 12.2216558456, 10.0498428345, 9.6812915802, 15.2688627243, 18.1267166138, 28.3382549286, 54.6678314209, 58.6575202942, 51.2188148499, 56.4224967957, 63.7729644775, 55.5292358398, 59.9748802185, 65.6614303589, 49.7356987, 32.0436477661, 32.2114143372, 23.4676513672, 24.4277019501, 23.8735294342, 26.1606006622, 12.6894054413, 7.45083379745, 5.78172874451, 4.80065584183, 3.49027633667, 3.28547358513, 3.14858484268, 2.40280437469, 1.61547005177, 0.879010438919, 0.376650303602, 0.101030141115, 0.00704080751166, 0.000137209892273, 2.3563115974e-05],
        "dvar": [0.34829211235, 5.57779979706, 8.95676326752, 32.5923805237, 272.680786133, 152.347122192, 107.351669312, 542.922302246, 628.462097168, 1542.86669922, 5178.82373047, 5914.44873047, 2802.19335938, 3877.33447266, 7557.18261719, 6370.18066406, 6399.12207031, 5806.25, 4319.14257812, 1169.01428223, 849.194580078, 555.817565918, 551.651245117, 467.335998535, 383.126800537, 165.528884888, 51.2359352112, 37.051071167, 30.1458587646, 16.8085250854, 16.3382091522, 22.8390750885, 18.5645294189, 7.85846567154, 2.27235984802, 0.441526681185, 0.0271841641515, 0.000186984587344, 6.2487892194e-08, 4.33191676974e-10],
        "dvar2": [0.756261765957, 11.2219390869, 24.658498764, 91.8560562134, 716.147338867, 407.841125488, 274.535766602, 1421.8762207, 1642.62988281, 4051.17163086, 12133.2802734, 14072.0390625, 7201.03662109, 9079.54101562, 19739.1894531, 17005.5839844, 13500.2412109, 13765.8037109, 10377.4648438, 2857.50585938, 2179.59570312, 1509.72070312, 1385.19824219, 1193.01184082, 956.030090332, 368.280670166, 123.33518219, 83.9655609131, 69.0827026367, 38.6316452026, 34.8603248596, 52.9849510193, 43.9658241272, 17.8639659882, 4.8989276886, 0.824608206749, 0.0587170086801, 0.000461617833935, 1.43702663991e-07, 8.29397162061e-10],
        "max": [4.17227935791, 19.3540935516, 34.1557540894, 54.4150352478, 161.584503174, 156.084152222, 109.905792236, 309.59753418, 427.094421387, 646.804260254, 732.007446289, 993.766662598, 528.377441406, 848.79699707, 1232.15649414, 1511.15966797, 1230.98632812, 793.627929688, 1164.47460938, 425.760803223, 336.37298584, 288.402191162, 266.65725708, 348.044555664, 268.528015137, 164.45980835, 90.1257858276, 103.622802734, 83.2357406616, 49.6191749573, 46.6072731018, 72.3633041382, 71.2933425903, 41.5276451111, 22.0003662109, 12.4820547104, 2.96577811241, 0.26404607296, 0.00506067136303, 0.000315464567393],
        "mean": [0.32429972291, 1.89826130867, 2.48629975319, 3.58734083176, 8.33516216278, 7.87504386902, 8.45009899139, 12.8757581711, 14.9050941467, 24.938533783, 47.2927589417, 54.4530525208, 46.6613235474, 59.4088401794, 54.1843452454, 46.9112052917, 54.5998344421, 59.0927047729, 46.7832870483, 32.4342956543, 31.3837223053, 23.0302658081, 25.4190559387, 26.5935630798, 30.2841777802, 15.0152215958, 8.92840385437, 6.94283819199, 5.92458581924, 4.30691003799, 3.94956326485, 3.51162052155, 2.4878821373, 1.54077625275, 0.910369038582, 0.405462831259, 0.103577367961, 0.00595771148801, 0.000149817191414, 4.86526660097e-05],
        "median": [0.0806949064136, 0.931147098541, 1.6067712307, 2.33191251755, 3.63789653778, 3.91645789146, 4.42859792709, 4.70222139359, 7.37205314636, 12.4569416046, 16.3035564423, 20.503238678, 26.5851039886, 29.470823288, 23.6967487335, 21.644487381, 20.07853508, 23.9035663605, 19.1734333038, 15.221540451, 18.9753551483, 14.1611881256, 16.1648044586, 18.4435863495, 22.0934867859, 10.0092735291, 5.58256626129, 3.68174338341, 3.42338275909, 2.38232016563, 2.04108166695, 1.78657901287, 1.07076072693, 0.546676337719, 0.359541833401, 0.139658883214, 0.0322241522372, 0.00178307667375, 6.2874831201e-05, 4.06576509704e-05],
        "min": [8.27154435683e-05, 0.000313447904773, 0.000547165167518, 0.00165382784326, 0.0133108273149, 0.0127376327291, 0.00387806468643, 0.00339003070258, 0.00687141902745, 0.0228256303817, 0.040516320616, 0.0475993454456, 0.0322931930423, 0.102987326682, 0.0891210138798, 0.0166962333024, 0.0149970054626, 0.0171369202435, 0.0105400253087, 0.0097685046494, 0.0113231828436, 0.00907420553267, 0.00610130745918, 0.00540174311027, 0.0067443959415, 0.0107658244669, 0.00870128907263, 0.00785139668733, 0.00782388448715, 0.00743769248948, 0.00392547529191, 0.00222973246127, 0.000908034504391, 0.000266915274551, 0.000202218245249, 7.1184229455e-05, 5.39013308298e-06, 6.63897708364e-07, 3.37835643904e-07, 4.05514384738e-07],
        "var": [0.445677250624, 9.06664085388, 10.0154476166, 24.8809490204, 234.616729736, 152.989959717, 145.156402588, 688.480895996, 643.109863281, 1620.8248291, 7911.76708984, 10862.9384766, 3921.62866211, 7350.55859375, 8480.14355469, 6895.67138672, 11857.6074219, 8945.90527344, 6833.12011719, 2277.21508789, 1331.61938477, 756.894775391, 954.10546875, 852.998962402, 897.366088867, 306.093200684, 106.543479919, 83.0205307007, 60.9438209534, 32.118473053, 30.2059173584, 32.6420402527, 25.7022914886, 11.4180221558, 3.79925370216, 0.938855350018, 0.0507578141987, 0.000231302605243, 9.56001997565e-08, 1.22645060774e-09]
    },
    "gfcc": {
        "mean": [28.5333976746, 83.3151931763, -125.215515137, 29.3022918701, -59.5041999817, 25.2986717224, -34.0204429626, 21.1202335358, -28.6304931641, 4.67437887192, -15.4298639297, -0.275831967592, -12.9347267151],
        "cov": [[4019.43432617, -496.073638916, -159.0209198, 7.29854917526, 81.7799682617, -152.22895813, -316.149780273, 36.0789337158, -40.2523956299, 237.607727051, -29.9305858612, 62.1428871155, -79.77368927], [-496.073638916, 833.774658203, -2.71367001534, 65.9772872925, 194.70916748, -2.80226922035, 190.769805908, 21.092540741, 99.3162155151, -89.0774383545, 116.8151474, -75.8060302734, 40.3680076599], [-159.0209198, -2.71367001534, 667.098510742, 191.31892395, 24.4946784973, 168.377243042, 102.311637878, 113.483657837, -4.82602882385, 79.4831542969, -29.2716751099, 68.3628540039, -20.3998737335], [7.29854917526, 65.9772872925, 191.31892395, 333.110595703, 115.543777466, 62.8768806458, 58.2186050415, 20.6842308044, 36.1238059998, 15.7257432938, 2.63122224808, -5.24957847595, 24.2681598663], [81.7799682617, 194.70916748, 24.4946784973, 115.543777466, 276.699157715, 73.30809021, 53.3034477234, 33.9003219604, 45.7544555664, -0.63678330183, 33.6637420654, -0.201876312494, 15.6283998489], [-152.22895813, -2.80226922035, 168.377243042, 62.8768806458, 73.30809021, 221.060775757, 124.551773071, 47.450958252, 12.4079418182, -0.312943905592, 10.1565790176, 27.9555530548, -5.00415229797], [-316.149780273, 190.769805908, 102.311637878, 58.2186050415, 53.3034477234, 124.551773071, 233.067428589, 68.5115585327, 41.8604316711, -22.462638855, 37.1362724304, 2.29273223877, -4.30519104004], [36.0789337158, 21.092540741, 113.483657837, 20.6842308044, 33.9003219604, 47.450958252, 68.5115585327, 116.675491333, 44.8979263306, 27.4560909271, 19.9041366577, 16.7454566956, 4.42968797684], [-40.2523956299, 99.3162155151, -4.82602882385, 36.1238059998, 45.7544555664, 12.4079418182, 41.8604316711, 44.8979263306, 113.941131592, 26.9893760681, 32.2337760925, -10.4545736313, 6.09560728073], [237.607727051, -89.0774383545, 79.4831542969, 15.7257432938, -0.63678330183, -0.312943905592, -22.462638855, 27.4560909271, 26.9893760681, 112.425041199, 16.2740154266, 21.8126659393, -10.7210874557], [-29.9305858612, 116.8151474, -29.2716751099, 2.63122224808, 33.6637420654, 10.1565790176, 37.1362724304, 19.9041366577, 32.2337760925, 16.2740154266, 106.690101624, 7.10416650772, 20.0935974121], [62.1428871155, -75.8060302734, 68.3628540039, -5.24957847595, -0.201876312494, 27.9555530548, 2.29273223877, 16.7454566956, -10.4545736313, 21.8126659393, 7.10416650772, 91.4774169922, 25.8943157196], [-79.77368927, 40.3680076599, -20.3998737335, 24.2681598663, 15.6283998489, -5.00415229797, -4.30519104004, 4.42968797684, 6.09560728073, -10.7210874557, 20.0935974121, 25.8943157196, 86.7209472656]],
        "icov": [[0.00037965195952, -6.32262090221e-05, 0.000391173962271, -0.000285105430521, -0.00013118206698, -3.88247608498e-05, 0.000537674932275, -0.000688982312568, 0.00050495879259, -0.000822990259621, 0.000167673773831, -0.00041879323544, 0.000582718523219], [-6.32262090221e-05, 0.00398865528405, -0.00212948024273, 0.00159514707047, -0.00286551611498, 0.00333008589223, -0.00358494487591, 0.00306686130352, -0.00265824957751, 0.0033813638147, -0.00328070856631, 0.00327514228411, -0.002101135673], [0.000391173962271, -0.00212948024273, 0.00477421935648, -0.00300186546519, 0.00216831127182, -0.00329272565432, 0.00224072067067, -0.00489257555455, 0.00342351337895, -0.00411747815087, 0.00290278787725, -0.00354546052404, 0.00273098796606], [-0.000285105430521, 0.00159514707047, -0.00300186546519, 0.00583054637536, -0.00288924365304, 0.00172002904583, -0.00253235781565, 0.00379148381762, -0.00268821790814, 0.00153026415501, -0.000863284454681, 0.00330239441246, -0.0034499312751], [-0.00013118206698, -0.00286551611498, 0.00216831127182, -0.00288924365304, 0.00719899823889, -0.00411602202803, 0.00293549709022, -0.00308509077877, 0.000860731001012, -0.00155411323067, 0.00130176125094, -0.0023486323189, 0.00144727132283], [-3.88247608498e-05, 0.00333008589223, -0.00329272565432, 0.00172002904583, -0.00411602202803, 0.0110522508621, -0.00668040290475, 0.00320101901889, -0.00186592759565, 0.00316429208033, -0.00239259633236, 0.00110054854304, -0.00120926566888], [0.000537674932275, -0.00358494487591, 0.00224072067067, -0.00253235781565, 0.00293549709022, -0.00668040290475, 0.0121963312849, -0.00677293399349, 0.0014200391015, -0.000561104970984, 0.000579598534387, -0.00306879053824, 0.00404890021309], [-0.000688982312568, 0.00306686130352, -0.00489257555455, 0.00379148381762, -0.00308509077877, 0.00320101901889, -0.00677293399349, 0.0185058284551, -0.00748087605461, 0.00223028170876, -0.0028916625306, 0.00269203167409, -0.00414639478549], [0.00050495879259, -0.00265824957751, 0.00342351337895, -0.00268821790814, 0.000860731001012, -0.00186592759565, 0.0014200391015, -0.00748087605461, 0.0158060397953, -0.00682224100456, 0.000891750387382, -0.000386056373827, 0.00140357331838], [-0.000822990259621, 0.0033813638147, -0.00411747815087, 0.00153026415501, -0.00155411323067, 0.00316429208033, -0.000561104970984, 0.00223028170876, -0.00682224100456, 0.0178085844964, -0.00591348111629, 0.000450190709671, 0.000509934383444], [0.000167673773831, -0.00328070856631, 0.00290278787725, -0.000863284454681, 0.00130176125094, -0.00239259633236, 0.000579598534387, -0.0028916625306, 0.000891750387382, -0.00591348111629, 0.015000465326, -0.00319952215068, -0.000904430111405], [-0.00041879323544, 0.00327514228411, -0.00354546052404, 0.00330239441246, -0.0023486323189, 0.00110054854304, -0.00306879053824, 0.00269203167409, -0.000386056373827, 0.000450190709671, -0.00319952215068, 0.018414651975, -0.00814542174339], [0.000582718523219, -0.002101135673, 0.00273098796606, -0.0034499312751, 0.00144727132283, -0.00120926566888, 0.00404890021309, -0.00414639478549, 0.00140357331838, 0.000509934383444, -0.000904430111405, -0.00814542174339, 0.0173415187746]]
    },
    "melbands": {
        "dmean": [0.00212285318412, 0.000901974679437, 0.000611135212239, 0.000492980936542, 0.000208182580536, 0.000207558521652, 0.000169023667695, 0.000217322201934, 0.000290183816105, 0.000229132478125, 0.000158743350767, 0.000147158265463, 0.000131013453938, 0.000114937247417, 7.24476849427e-05, 0.000110900829895, 7.63574862503e-05, 5.04607414769e-05, 3.78627300961e-05, 3.11722687911e-05, 2.22592771024e-05, 1.70076000359e-05, 1.46343272718e-05, 1.29739564727e-05, 1.27736157083e-05, 1.40643560371e-05, 8.61944045027e-06, 5.14733483215e-06, 3.11161898026e-06, 2.91977221423e-06, 2.14911028706e-06, 1.94794301933e-06, 1.59142291523e-06, 1.27709995468e-06, 1.29932470827e-06, 1.45672481722e-06, 1.328554049e-06, 1.2546314565e-06, 8.92296498023e-07, 9.8352029454e-07],
        "dmean2": [0.0030566228088, 0.00142354320269, 0.00107106263749, 0.000819392094854, 0.000338656536769, 0.000338354613632, 0.000275485013844, 0.000353253301, 0.000451856991276, 0.000375941861421, 0.000260289496509, 0.000233514379943, 0.00021073872631, 0.000191050887224, 0.000115321243356, 0.00017227268836, 0.00012262641394, 8.09382399893e-05, 6.01236642979e-05, 5.21599577041e-05, 3.68878572772e-05, 2.83637982648e-05, 2.38806660491e-05, 2.08285437111e-05, 2.08943893085e-05, 2.30229125009e-05, 1.34893025461e-05, 8.33352623886e-06, 5.10980771651e-06, 4.62540538138e-06, 3.29496697304e-06, 3.00267106468e-06, 2.44317811848e-06, 1.97797203327e-06, 1.95854795493e-06, 2.24006316785e-06, 1.99274018087e-06, 1.97965027837e-06, 1.33168805405e-06, 1.53965561367e-06],
        "dvar": [1.9112640075e-05, 2.44372836278e-06, 1.3017938727e-06, 1.15324473882e-06, 1.19416810662e-07, 2.38969818156e-07, 1.48336866346e-07, 2.2500852026e-07, 3.50816094397e-07, 2.50892412623e-07, 7.29210469785e-08, 6.41988293637e-08, 7.04520530803e-08, 1.05677742113e-07, 2.05892245475e-08, 5.98481264547e-08, 2.09235935245e-08, 9.90620119268e-09, 6.27070484427e-09, 2.84416756813e-09, 1.18651410919e-09, 8.95749918683e-10, 4.41737563195e-10, 4.47327924702e-10, 3.62518237651e-10, 2.88340185062e-10, 1.45625178583e-10, 7.88222959125e-11, 2.4910729729e-11, 2.17281435899e-11, 1.16498763761e-11, 1.20329466877e-11, 7.42536674508e-12, 5.39410877076e-12, 5.1799606271e-12, 9.93649086622e-12, 9.01971292794e-12, 1.3714354305e-11, 4.28261072438e-12, 6.84969745854e-12],
        "dvar2": [3.98915835831e-05, 5.20000548931e-06, 3.58392662747e-06, 2.98578152069e-06, 3.04210544755e-07, 6.26086944067e-07, 3.92408765038e-07, 5.88972113746e-07, 7.95997266323e-07, 6.07560536992e-07, 1.87342322988e-07, 1.515744259e-07, 1.81919858733e-07, 2.89909792173e-07, 4.83907030002e-08, 1.3352546091e-07, 5.00491488253e-08, 2.36132837728e-08, 1.42588341134e-08, 7.73207897709e-09, 3.16087445107e-09, 2.45535392018e-09, 1.12653097961e-09, 1.12857179158e-09, 9.24975596117e-10, 7.13662129392e-10, 3.60960289436e-10, 1.75138001324e-10, 6.20052481581e-11, 5.34794535045e-11, 2.6698048286e-11, 2.90956963384e-11, 1.73035752393e-11, 1.2780943838e-11, 1.14056810871e-11, 2.33305735842e-11, 2.07839630922e-11, 3.40673773913e-11, 9.22886767007e-12, 1.61366787987e-11],
        "max": [0.0322044417262, 0.0157499201596, 0.00945116393268, 0.00964172743261, 0.00387928890996, 0.00622181082144, 0.0069503551349, 0.00622736942023, 0.00642544636503, 0.00632920954376, 0.0025966311805, 0.00375965540297, 0.00353527232073, 0.0063907164149, 0.00214211735874, 0.00418932270259, 0.00167958880775, 0.0015552182449, 0.00138045975473, 0.000579802785069, 0.000375021016225, 0.000380441109883, 0.000237469590502, 0.000267955212621, 0.000298518250929, 0.000234312479733, 0.000119761643873, 0.000118851552543, 5.46774972463e-05, 8.86315538082e-05, 4.41206320829e-05, 5.21852707607e-05, 3.59290388587e-05, 2.76421833405e-05, 2.63382917183e-05, 4.2643827328e-05, 4.48504324595e-05, 6.53356037219e-05, 3.84335980925e-05, 3.62787068298e-05],
        "mean": [0.00277071772143, 0.00173946144059, 0.000782563234679, 0.000606609275565, 0.00030436652014, 0.000286773400148, 0.000226818883675, 0.00030231414712, 0.000385725084925, 0.000342287210515, 0.000227068114327, 0.000235430372413, 0.000179381007911, 0.000142809381941, 9.86219674814e-05, 0.00013880955521, 0.000103836267954, 7.13450353942e-05, 5.51508637727e-05, 4.58979084215e-05, 3.42668136e-05, 2.48076121352e-05, 2.34955750784e-05, 2.0594769012e-05, 2.09619174711e-05, 2.47560892603e-05, 1.51338308569e-05, 8.77944148669e-06, 5.55781525691e-06, 4.85770488012e-06, 3.69770282305e-06, 3.42940370501e-06, 2.83711619886e-06, 2.23542951971e-06, 2.23195479521e-06, 2.28579187933e-06, 2.09964105125e-06, 1.8858374915e-06, 1.32410980314e-06, 1.30680973598e-06],
        "median": [0.000966064748354, 0.00121428316925, 0.000501116737723, 0.000282826134935, 0.000174748172867, 0.000111324225145, 0.000116533396067, 0.00014196736447, 0.000125575446873, 0.000119287200505, 0.000122178404126, 0.000107834144728, 8.17914115032e-05, 5.74791629333e-05, 4.03231824748e-05, 4.09761305491e-05, 3.68579640053e-05, 2.94868586934e-05, 2.11503665923e-05, 1.9884428184e-05, 2.01022867259e-05, 1.32868235596e-05, 1.54351182573e-05, 1.23559111671e-05, 1.32316190502e-05, 1.7390895664e-05, 1.02123458419e-05, 5.23808739672e-06, 3.4238992157e-06, 2.74586363957e-06, 1.86650686373e-06, 1.97044255401e-06, 1.539093887e-06, 1.13006410629e-06, 1.16871558475e-06, 1.09279062599e-06, 1.03928130102e-06, 7.92562673269e-07, 5.0974045962e-07, 4.31206927942e-07],
        "min": [8.22602942208e-07, 3.07709626668e-07, 5.80153141527e-07, 1.35525272071e-06, 1.40384798897e-07, 3.53647777729e-08, 1.08007789379e-07, 2.49797437846e-07, 2.73594480404e-07, 3.05262716438e-07, 7.05377800614e-08, 2.60602092794e-07, 4.7720737939e-07, 6.61596857299e-08, 2.50461393847e-08, 3.97634600802e-08, 2.59208956521e-08, 1.59671440514e-08, 8.51727932627e-09, 1.04583053329e-08, 1.10836424483e-08, 8.75175487636e-09, 7.39857375365e-09, 4.28693525123e-09, 3.95363652927e-09, 6.06167205319e-09, 4.57690196853e-09, 8.12989142673e-09, 3.94829768879e-09, 3.0752793645e-09, 3.52544393678e-09, 3.96917698708e-09, 3.34997007911e-09, 2.52493356084e-11, 1.80567671926e-09, 1.56280333119e-09, 8.80861050767e-10, 5.48541934098e-10, 1.28674692429e-11, 1.15857656802e-10],
