{
"highlevel": {
    "danceability": {
        "all": {
            "danceable": 0.0529749542475,
            "not_danceable": 0.947025060654
        },
        "probability": 0.947025060654,
        "value": "not_danceable"
    },
    "gender": {
        "all": {
            "female": 0.615588545799,
            "male": 0.384411484003
        },
        "probability": 0.615588545799,
        "value": "female"
    },
    "genre_dortmund": {
        "all": {
            "alternative": 0.133607074618,
            "blues": 0.0251730084419,
            "electronic": 0.0123858666047,
            "folkcountry": 0.0540888085961,
            "funksoulrnb": 0.0106906248257,
            "jazz": 0.0131928380579,
            "pop": 0.0265073012561,
            "raphiphop": 0.00257128244266,
            "rock": 0.721783220768
        },
        "probability": 0.721783220768,
        "value": "rock"
    },
    "genre_electronic": {
        "all": {
            "ambient": 0.186910778284,
            "dnb": 0.152478814125,
            "house": 0.154085949063,
            "techno": 0.0207166504115,
            "trance": 0.485807806253
        },
        "probability": 0.485807806253,
        "value": "trance"
    },
    "genre_rosamerica": {
        "all": {
            "cla": 0.00189268786926,
            "dan": 0.0465086996555,
            "hip": 0.0210439562798,
            "jaz": 0.00197538780048,
            "pop": 0.0359614640474,
            "rhy": 0.00636226357892,
            "roc": 0.885429680347,
            "spe": 0.000825882831123
        },
        "probability": 0.885429680347,
        "value": "roc"
    },
    "genre_tzanetakis": {
        "all": {
            "blu": 0.0626613423228,
            "cla": 0.0348169617355,
            "cou": 0.104475811124,
            "dis": 0.0784321576357,
            "hip": 0.15692435205,
            "jaz": 0.313974827528,
            "met": 0.0448166541755,
            "pop": 0.0627359300852,
            "reg": 0.0627360641956,
            "roc": 0.0784258767962
        },
        "probability": 0.313974827528,
        "value": "jaz"
    },
    "ismir04_rhythm": {
        "all": {
            "ChaChaCha": 0.0607845298946,
            "Jive": 0.862701237202,
            "Quickstep": 0.00259495689534,
            "Rumba-American": 0.00131708499976,
            "Rumba-International": 0.00216458458453,
            "Rumba-Misc": 0.000755334622227,
            "Samba": 0.0394940674305,
            "Tango": 0.00246246997267,
            "VienneseWaltz": 0.0271853543818,
            "Waltz": 0.00054039171664
        },
        "probability": 0.862701237202,
        "value": "Jive"
    },
    "mood_acoustic": {
        "all": {
            "acoustic": 2.72527699963e-07,
            "not_acoustic": 0.999999701977
        },
        "probability": 0.999999701977,
        "value": "not_acoustic"
    },
    "mood_aggressive": {
        "all": {
            "aggressive": 0.978896915913,
            "not_aggressive": 0.021103112027
        },
        "probability": 0.978896915913,
        "value": "aggressive"
    },
    "mood_electronic": {
        "all": {
            "electronic": 0.612084805965,
            "not_electronic": 0.387915194035
        },
        "probability": 0.612084805965,
        "value": "electronic"
    },
    "mood_happy": {
        "all": {
            "happy": 0.435192584991,
            "not_happy": 0.564807415009
        },
        "probability": 0.564807415009,
        "value": "not_happy"
    },
    "mood_party": {
        "all": {
            "not_party": 0.242720112205,
            "party": 0.757279872894
        },
        "probability": 0.757279872894,
        "value": "party"
    },
    "mood_relaxed": {
        "all": {
            "not_relaxed": 0.927863359451,
            "relaxed": 0.072136670351
        },
        "probability": 0.927863359451,
        "value": "not_relaxed"
    },
    "mood_sad": {
        "all": {
            "not_sad": 0.912013351917,
            "sad": 0.0879866182804
        },
        "probability": 0.912013351917,
        "value": "not_sad"
    },
    "moods_mirex": {
        "all": {
            "Cluster1": 0.212868884206,
            "Cluster2": 0.0277016591281,
            "Cluster3": 0.020582953468,
            "Cluster4": 0.0196103174239,
            "Cluster5": 0.719236195087
        },
        "probability": 0.719236195087,
        "value": "Cluster5"
    },
    "timbre": {
        "all": {
            "bright": 0.0902120918036,
            "dark": 0.909787893295
        },
        "probability": 0.909787893295,
        "value": "dark"
    },
    "tonal_atonal": {
        "all": {
            "atonal": 0.229126036167,
            "tonal": 0.770873963833
        },
        "probability": 0.770873963833,
        "value": "tonal"
    },
    "voice_instrumental": {
        "all": {
            "instrumental": 4.87332654302e-05,
            "voice": 0.999951243401
        },
        "probability": 0.999951243401,
        "value": "voice"
    }
},
"lowlevel": {
    "average_loudness": 0.976562619209,
    "barkbands_crest": {
        "dmean": 2.48192381859,
        "dmean2": 4.17330121994,
        "dvar": 5.98742008209,
        "dvar2": 16.5304775238,
        "max": 23.0902080536,
        "mean": 6.8731842041,
        "median": 5.88660955429,
        "min": 2.17842888832,
        "var": 11.5033378601
    },
    "barkbands_flatness_db": {
        "dmean": 0.0157618075609,
        "dmean2": 0.0254966560751,
        "dvar": 0.00020138832042,
        "dvar2": 0.000553395075258,
        "max": 0.312638014555,
        "mean": 0.0984319001436,
        "median": 0.0927407070994,
        "min": 0.0507685728371,
        "var": 0.000905892055016
    },
    "barkbands_kurtosis": {
        "dmean": 0.700210928917,
        "dmean2": 1.17822444439,
        "dvar": 1.50151228905,
        "dvar2": 4.0463681221,
        "max": 17.292219162,
        "mean": -0.631148517132,
        "median": -1.08140444756,
        "min": -1.81367874146,
        "var": 2.92986249924
    },
    "barkbands_skewness": {
        "dmean": 0.436154007912,
        "dmean2": 0.673153758049,
        "dvar": 0.176414087415,
        "dvar2": 0.426850140095,
        "max": 3.89211463928,
        "mean": 0.212644979358,
        "median": 0.174780234694,
        "min": -3.49323630333,
        "var": 0.553430140018
    },
    "barkbands_spread": {
        "dmean": 7.503074646,
        "dmean2": 11.7172555923,
        "dvar": 47.9823646545,
        "dvar2": 120.641693115,
        "max": 81.8966751099,
        "mean": 43.8143501282,
        "median": 43.9470977783,
        "min": 5.8074092865,
        "var": 175.493484497
    },
    "dissonance": {
        "dmean": 0.00946083571762,
        "dmean2": 0.0160956680775,
        "dvar": 0.000126597573399,
        "dvar2": 0.000321617291775,
        "max": 0.500000119209,
        "mean": 0.485371381044,
        "median": 0.489133864641,
        "min": 0.276997387409,
        "var": 0.000218664339627
    },
    "dynamic_complexity": 1.75002110004,
    "erbbands_crest": {
        "dmean": 2.13975191116,
        "dmean2": 3.55834150314,
        "dvar": 4.86828947067,
        "dvar2": 13.6309137344,
        "max": 24.9443359375,
        "mean": 7.24701499939,
        "median": 6.29026937485,
        "min": 2.57107210159,
        "var": 11.5008535385
    },
    "erbbands_flatness_db": {
        "dmean": 0.0162709541619,
        "dmean2": 0.0237186383456,
        "dvar": 0.00025925366208,
        "dvar2": 0.000516259577125,
        "max": 0.333436310291,
        "mean": 0.145343855023,
        "median": 0.142777249217,
        "min": 0.0656334385276,
        "var": 0.00134566379711
    },
    "erbbands_kurtosis": {
        "dmean": 0.788555443287,
        "dmean2": 1.24639558792,
        "dvar": 0.758155941963,
        "dvar2": 1.66158664227,
        "max": 13.0006656647,
        "mean": 0.331366151571,
        "median": -0.0356841087341,
        "min": -1.57486402988,
        "var": 2.41726374626
    },
    "erbbands_skewness": {
        "dmean": 0.325561463833,
        "dmean2": 0.506684243679,
        "dvar": 0.0934667289257,
        "dvar2": 0.229212000966,
        "max": 2.22861790657,
        "mean": -0.553073644638,
        "median": -0.642531037331,
        "min": -2.88193511963,
        "var": 0.359555274248
    },
    "erbbands_spread": {
        "dmean": 8.42020320892,
        "dmean2": 12.9443397522,
        "dvar": 68.2167892456,
        "dvar2": 154.409881592,
        "max": 109.195304871,
        "mean": 39.5771179199,
        "median": 37.4275856018,
        "min": 9.85219192505,
        "var": 198.98916626
    },
    "hfc": {
        "dmean": 11.7071971893,
        "dmean2": 18.3735771179,
        "dvar": 561.715393066,
        "dvar2": 1569.69458008,
        "max": 478.238067627,
        "mean": 40.064163208,
        "median": 36.8539466858,
        "min": 0.00477630924433,
        "var": 699.39440918
    },
    "melbands_crest": {
        "dmean": 3.56263804436,
        "dmean2": 5.86788368225,
        "dvar": 9.41283321381,
        "dvar2": 25.5699157715,
        "max": 27.6065177917,
        "mean": 10.9317455292,
        "median": 10.1233797073,
        "min": 2.60402178764,
        "var": 20.1178245544
    },
    "melbands_flatness_db": {
        "dmean": 0.0222449935973,
        "dmean2": 0.0344363898039,
        "dvar": 0.000421958538936,
        "dvar2": 0.00107949215453,
        "max": 0.3329436481,
        "mean": 0.0972360819578,
        "median": 0.090819939971,
        "min": 0.0247999448329,
        "var": 0.00169692700729
    },
    "melbands_kurtosis": {
        "dmean": 2.94910883904,
        "dmean2": 4.78420448303,
        "dvar": 28.6496772766,
        "dvar2": 77.7607955933,
        "max": 93.7625274658,
        "mean": 3.03506493568,
        "median": 1.34440135956,
        "min": -1.82296574116,
        "var": 36.3506317139
    },
    "melbands_skewness": {
        "dmean": 0.601167798042,
        "dmean2": 0.922719299793,
        "dvar": 0.424155265093,
        "dvar2": 1.00634038448,
        "max": 9.25416374207,
        "mean": 1.55357408524,
        "median": 1.37363934517,
        "min": -1.65080869198,
        "var": 1.05913829803
    },
    "melbands_spread": {
        "dmean": 16.2523498535,
        "dmean2": 24.9969825745,
        "dvar": 256.775665283,
        "dvar2": 615.891174316,
        "max": 199.041992188,
        "mean": 63.6352539062,
        "median": 61.4688415527,
        "min": 6.44601583481,
        "var": 748.358947754
    },
    "pitch_salience": {
        "dmean": 0.0665331110358,
        "dmean2": 0.110893040895,
        "dvar": 0.00366425141692,
        "dvar2": 0.0102250324562,
        "max": 0.837700009346,
        "mean": 0.613002300262,
        "median": 0.620026051998,
        "min": 0.272670447826,
        "var": 0.00774246780202
    },
    "silence_rate_20dB": {
        "dmean": 0,
        "dmean2": 0,
        "dvar": 0,
        "dvar2": 0,
        "max": 1,
        "mean": 1,
        "median": 1,
        "min": 1,
        "var": 0
    },
    "silence_rate_30dB": {
        "dmean": 0,
        "dmean2": 0,
        "dvar": 0,
        "dvar2": 0,
        "max": 1,
        "mean": 1,
        "median": 1,
        "min": 1,
        "var": 0
    },
    "silence_rate_60dB": {
        "dmean": 0.00928792543709,
        "dmean2": 0.018590239808,
        "dvar": 0.00920153968036,
        "dvar2": 0.0197936464101,
        "max": 1,
        "mean": 0.0139211136848,
        "median": 0,
        "min": 0,
        "var": 0.0137274879962
    },
    "spectral_centroid": {
        "dmean": 281.942687988,
        "dmean2": 438.604125977,
        "dvar": 78099.59375,
        "dvar2": 196420.640625,
        "max": 4780.75732422,
        "mean": 2596.81616211,
        "median": 2652.54248047,
        "min": 592.636047363,
        "var": 261931.484375
    },
    "spectral_complexity": {
        "dmean": 5.09287929535,
        "dmean2": 7.85437631607,
        "dvar": 22.780916214,
        "dvar2": 54.1818161011,
        "max": 56,
        "mean": 32.1105957031,
        "median": 33,
        "min": 0,
        "var": 97.0158462524
    },
    "spectral_decrease": {
        "dmean": 1.54120338713e-09,
        "dmean2": 2.35569697082e-09,
        "dvar": 3.36742146123e-18,
        "dvar2": 8.20618175163e-18,
        "max": -2.67038799927e-12,
        "mean": -4.45080639011e-09,
        "median": -4.00792332655e-09,
        "min": -1.44455958306e-08,
        "var": 6.08326241419e-18
    },
    "spectral_energy": {
        "dmean": 0.0065618972294,
        "dmean2": 0.00992963090539,
        "dvar": 6.05792520219e-05,
        "dvar2": 0.000148888371768,
        "max": 0.0653792992234,
        "mean": 0.0204323232174,
        "median": 0.0189193375409,
        "min": 1.0661899978e-05,
        "var": 0.000114733928058
    },
    "spectral_energyband_high": {
        "dmean": 0.00111634202767,
        "dmean2": 0.00175744248554,
        "dvar": 6.09344533586e-06,
        "dvar2": 1.71716255863e-05,
        "max": 0.0475064478815,
        "mean": 0.00302221556194,
        "median": 0.00234260573052,
        "min": 4.10179922028e-07,
        "var": 7.50187746235e-06
    },
    "spectral_energyband_low": {
        "dmean": 0.00237615779042,
        "dmean2": 0.00386294489726,
        "dvar": 2.34613344219e-05,
        "dvar2": 5.84131412324e-05,
        "max": 0.0424098782241,
        "mean": 0.00371961854398,
        "median": 0.00213246769272,
        "min": 1.66082270425e-06,
        "var": 2.56790117419e-05
    },
    "spectral_energyband_middle_high": {
        "dmean": 0.00238982005976,
        "dmean2": 0.00364026450552,
        "dvar": 7.32075113774e-06,
        "dvar2": 1.82395342563e-05,
        "max": 0.0386712774634,
        "mean": 0.00752811459824,
        "median": 0.00619124341756,
        "min": 5.76828654175e-07,
        "var": 2.86149170279e-05
    },
    "spectral_energyband_middle_low": {
        "dmean": 0.00356665044092,
        "dmean2": 0.00545526808128,
        "dvar": 2.4214215955e-05,
        "dvar2": 5.52694618818e-05,
        "max": 0.042289480567,
        "mean": 0.00670768553391,
        "median": 0.00459651462734,
        "min": 1.26716781779e-06,
        "var": 3.97049188905e-05
    },
    "spectral_entropy": {
        "dmean": 0.104900315404,
        "dmean2": 0.159049704671,
        "dvar": 0.0121406558901,
        "dvar2": 0.024745400995,
        "max": 8.74773311615,
        "mean": 8.01315116882,
        "median": 8.03573322296,
        "min": 5.928378582,
        "var": 0.064364746213
    },
    "spectral_flux": {
        "dmean": 0.0205175373703,
        "dmean2": 0.0307217724621,
        "dvar": 0.000475088774692,
        "dvar2": 0.00101827166509,
        "max": 0.221912145615,
        "mean": 0.0895995870233,
        "median": 0.0850830450654,
        "min": 0.00200802530162,
        "var": 0.00104277499486
    },
    "spectral_kurtosis": {
        "dmean": 0.888951659203,
        "dmean2": 1.48794269562,
        "dvar": 1.16162037849,
        "dvar2": 2.80737686157,
        "max": 29.7773361206,
        "mean": 2.41505718231,
        "median": 2.12028551102,
        "min": -0.716440677643,
        "var": 4.25075435638
    },
    "spectral_rms": {
        "dmean": 0.000684522034135,
        "dmean2": 0.00100007164292,
        "dvar": 5.26729877492e-07,
        "dvar2": 1.2082629155e-06,
        "max": 0.00798653159291,
        "mean": 0.00430253427476,
        "median": 0.00429626461118,
        "min": 0.000101989477116,
        "var": 1.42216094901e-06
    },
    "spectral_rolloff": {
        "dmean": 836.212341309,
        "dmean2": 1345.45019531,
        "dvar": 972334.5625,
        "dvar2": 2343292.75,
        "max": 11929.3945312,
        "mean": 4097.96777344,
        "median": 3703.7109375,
        "min": 129.19921875,
        "var": 2829430.75
    },
    "spectral_skewness": {
        "dmean": 0.158196121454,
        "dmean2": 0.253119498491,
        "dvar": 0.0247473176569,
        "dvar2": 0.0515846423805,
        "max": 4.57608938217,
        "mean": 1.00332021713,
        "median": 0.982650876045,
        "min": 0.110784120858,
        "var": 0.116830296814
    },
    "spectral_spread": {
        "dmean": 521874.09375,
        "dmean2": 763433.0625,
        "dvar": 401827201024,
        "dvar2": 865266827264,
        "max": 11280302,
        "mean": 4624016,
        "median": 4493903,
        "min": 1741924.875,
        "var": 1.12944847258e+12
    },
    "spectral_strongpeak": {
        "dmean": 0.864969611168,
        "dmean2": 1.47899544239,
        "dvar": 1.88873612881,
        "dvar2": 4.73656129837,
        "max": 14.8712434769,
        "mean": 1.22329556942,
        "median": 0.485892474651,
        "min": 0,
        "var": 2.87150812149
    },
    "zerocrossingrate": {
        "dmean": 0.014632942155,
        "dmean2": 0.0164480060339,
        "dvar": 0.00018732213357,
        "dvar2": 0.000243828180828,
        "max": 0.3798828125,
        "mean": 0.12713137269,
        "median": 0.12255859375,
        "min": 0.03369140625,
        "var": 0.00175116211176
    },
    "barkbands": {
        "dmean": [9.08276851987e-05, 0.00108666322194, 0.00136952963658, 0.000699105265085, 0.00152294652071, 0.000751100189518, 0.000276194768958, 0.000280830689007, 0.00142662005965, 0.00058861792786, 0.00042555044638, 0.000305002031382, 0.000227284413995, 0.000261362089077, 0.000413732690504, 0.000319574901368, 0.000480536837131, 0.000431092863437, 0.000629868067335, 0.000320555089274, 0.000275174388662, 0.000308639369905, 0.000253494799836, 0.000195712054847, 0.000239683591644, 5.97098223807e-05, 1.18528786786e-09],
        "dmean2": [0.000146853097249, 0.00171901180875, 0.00239775888622, 0.0011592953233, 0.00247080088593, 0.00123213022016, 0.000449311861303, 0.000449954270152, 0.00228686048649, 0.000941833655816, 0.000661578204017, 0.00048469947069, 0.000369487243006, 0.000421180186095, 0.000659713638015, 0.000516464933753, 0.000782606308348, 0.000707768194843, 0.00102094362956, 0.000525143521372, 0.00046505703358, 0.000516379368491, 0.000408661726397, 0.000303736916976, 0.000410122855101, 9.68162130448e-05, 2.06361927546e-09],
        "dvar": [4.90637539485e-08, 4.2405813474e-06, 9.99525127554e-06, 1.32674415454e-06, 1.05711496872e-05, 1.83207680493e-06, 4.86937267397e-07, 3.81582793807e-07, 8.13192582427e-06, 3.39596385857e-06, 2.37697418015e-06, 3.28036946939e-07, 3.01743796172e-07, 3.02062403534e-07, 6.14789996689e-07, 2.49846408451e-07, 3.02981902678e-07, 2.42636076564e-07, 6.25235543339e-07, 1.64680898251e-07, 1.80143672424e-07, 2.14472365201e-07, 1.82324413345e-07, 1.57427692216e-07, 2.10494840758e-06, 1.95603195863e-08, 2.71850079358e-17],
        "dvar2": [1.18119622528e-07, 9.54132156039e-06, 2.76823811873e-05, 3.29769272867e-06, 2.60206215899e-05, 4.74166927233e-06, 1.0871175391e-06, 7.6682698591e-07, 2.07387456612e-05, 9.34711260925e-06, 5.73092574996e-06, 7.29789292109e-07, 7.99233930593e-07, 6.96151971624e-07, 1.36725088851e-06, 6.17862895069e-07, 7.99637973614e-07, 5.85022689847e-07, 1.500815074e-06, 4.15510186258e-07, 4.97330233884e-07, 5.66274138691e-07, 4.64719761339e-07, 4.19259407636e-07, 6.08559048487e-06, 5.0535291507e-08, 3.22073458671e-17],
        "max": [0.00214617536403, 0.0204266905785, 0.0235313214362, 0.0120064150542, 0.0272674337029, 0.0168368816376, 0.014343935065, 0.0131668299437, 0.0317924059927, 0.0301021505147, 0.033231690526, 0.00854983832687, 0.0105185639113, 0.00939363893121, 0.00973947066814, 0.0068939300254, 0.00666874460876, 0.00692943483591, 0.0101995859295, 0.00487430207431, 0.00464068446308, 0.00619979202747, 0.0076503707096, 0.00799781735986, 0.0310553871095, 0.00201104651205, 1.71869089627e-07],
        "mean": [0.000101771933259, 0.0016455934383, 0.00161250925157, 0.000817001389805, 0.00179174682125, 0.00105452816933, 0.000398689648136, 0.000410262815421, 0.00186654250138, 0.000900460057892, 0.00066464219708, 0.000465234246803, 0.000297102844343, 0.000387636537198, 0.000651630805805, 0.000585055735428, 0.000995165086351, 0.000972899491899, 0.00137537275441, 0.000754906213842, 0.00059177656658, 0.000774700078182, 0.000533971062396, 0.000428153987741, 0.000272550823865, 8.24250964797e-05, 9.91322135491e-10],
        "median": [1.56078258442e-05, 0.000849988427944, 0.000740755116567, 0.000393091992009, 0.000826573232189, 0.000621527666226, 0.000174162516487, 0.000221406779019, 0.00061500177253, 0.000213653387618, 0.000153391505592, 0.000266063027084, 0.000129097577883, 0.000144709236338, 0.000281424669083, 0.000402561796363, 0.000801793357823, 0.00079866318265, 0.000982078723609, 0.000547931005713, 0.00045529945055, 0.000574967416469, 0.000359018478775, 0.000298177619698, 0.000113205707748, 2.50327448157e-05, 3.28319205156e-10],
        "min": [6.66935395799e-09, 2.13545860106e-07, 3.00782829754e-08, 6.32992538385e-08, 5.11600148911e-07, 4.82946092006e-08, 3.89770171694e-08, 8.44963210511e-08, 9.42441236162e-09, 1.20764820366e-08, 2.1245838866e-08, 1.85007280606e-08, 2.81513941047e-08, 1.23822928799e-07, 2.16585931412e-08, 1.85572623934e-08, 6.79148826066e-08, 7.0530191465e-08, 6.51569109777e-08, 8.0371037825e-08, 9.91213369161e-08, 2.22064855393e-08, 6.46763353984e-08, 2.86021890616e-08, 1.07776640945e-08, 1.17458759732e-11, 1.47881099727e-11],
        "var": [5.46715241967e-08, 5.63214780414e-06, 7.69046891946e-06, 1.34461095058e-06, 1.04823629954e-05, 2.0166946797e-06, 1.05065760181e-06, 5.88831198911e-07, 1.146037539e-05, 6.81253095536e-06, 6.72596252116e-06, 5.44840361272e-07, 3.62398026255e-07, 5.96886536641e-07, 1.14138833851e-06, 4.64836830361e-07, 6.12887845364e-07, 5.75823946747e-07, 1.56283761044e-06, 4.09684702163e-07, 2.36455008462e-07, 4.33410463074e-07, 3.76555504999e-07, 2.26817533644e-07, 1.23528707263e-06, 2.31257146766e-08, 2.70053906289e-17]
    },
    "erbbands": {
        "dmean": [0.0285290814936, 0.290840417147, 1.36060917377, 1.94530117512, 5.54011821747, 3.68617081642, 4.91264152527, 6.82981729507, 4.28840303421, 4.55732154846, 6.9931511879, 28.1768264771, 30.8087272644, 16.4079761505, 16.1328849792, 9.70748138428, 8.88838577271, 13.8012228012, 16.9510421753, 17.4173812866, 18.1469364166, 25.9398555756, 22.6572494507, 29.5357761383, 28.6184635162, 14.5326366425, 9.9396982193, 12.2964267731, 11.5576629639, 8.59384536743, 7.72770452499, 4.67909574509, 3.29195427895, 3.16845870018, 1.40940022469, 0.389685630798, 0.0947503447533, 0.00968659389764, 0.00018063254538, 1.73768457898e-05],
        "dmean2": [0.0468798056245, 0.481770813465, 2.37270140648, 3.23513746262, 8.86036109924, 6.33354568481, 8.38760662079, 10.954659462, 6.80447244644, 7.40029525757, 11.0433454514, 45.1161613464, 47.4884223938, 27.0997810364, 25.0769786835, 15.2857580185, 14.2249193192, 21.9055786133, 27.4691925049, 27.2772655487, 29.4058685303, 42.2484512329, 36.7284889221, 48.1707420349, 46.2119026184, 24.2225475311, 17.2146587372, 20.6931724548, 19.3051223755, 13.8338527679, 12.4836387634, 7.32506752014, 5.08746767044, 5.40333223343, 2.46407914162, 0.646718800068, 0.156274005771, 0.0159434378147, 0.000295748468488, 2.71065800916e-05],
        "dvar": [0.00274212192744, 0.347718596458, 10.0598011017, 10.9156856537, 161.768814087, 53.3147125244, 79.6694717407, 168.604156494, 61.4036636353, 171.143280029, 192.093856812, 2992.94482422, 4297.40527344, 4108.08105469, 1938.97509766, 313.837982178, 558.313476562, 951.082214355, 921.274475098, 1035.27636719, 739.924438477, 865.37713623, 571.679504395, 1153.79492188, 1476.70129395, 350.276031494, 290.153106689, 328.896972656, 295.857086182, 219.073654175, 186.949478149, 55.9041748047, 79.1661758423, 375.160705566, 68.8906555176, 1.57245433331, 0.032759282738, 0.000340625498211, 1.26644366105e-07, 1.46416256896e-09],
        "dvar2": [0.00645288545638, 0.85481774807, 27.8201522827, 28.55103302, 385.336181641, 141.558792114, 207.598876953, 435.111022949, 137.244140625, 444.675598145, 380.464447021, 7514.45410156, 10364.3554688, 12341.8896484, 4309.02490234, 703.466552734, 1511.60766602, 2299.42919922, 2243.03491211, 2121.37646484, 1803.76293945, 2276.20556641, 1451.8651123, 2798.12329102, 3671.90112305, 886.111633301, 810.297790527, 911.859985352, 799.098571777, 589.565979004, 441.022705078, 133.203582764, 225.184906006, 1085.54370117, 199.750564575, 4.36155462265, 0.0785827189684, 0.000823666923679, 3.1426412761e-07, 3.99754673808e-09],
        "max": [0.502298235893, 5.15886306763, 23.8934364319, 29.3923568726, 100.301216125, 62.9119567871, 114.734169006, 179.77482605, 163.723052979, 254.250900269, 305.453948975, 502.854217529, 873.51763916, 1128.05603027, 901.132568359, 391.573272705, 584.471496582, 456.245330811, 314.559631348, 555.74206543, 431.254577637, 281.093933105, 272.171356201, 440.309844971, 472.577087402, 210.657897949, 180.564117432, 240.477539062, 213.077804565, 244.18359375, 324.106506348, 147.491699219, 203.951766968, 435.293487549, 163.774810791, 21.0145015717, 1.71151900291, 0.224105924368, 0.00378773896955, 0.000727533304598],
        "mean": [0.0424888804555, 0.397781044245, 1.61958873272, 2.51303911209, 5.81408023834, 4.49942970276, 6.12384986877, 9.40971565247, 6.7218132019, 6.60559654236, 10.8275318146, 36.7052154541, 45.6857948303, 25.7527694702, 26.4999732971, 16.4500236511, 13.2774076462, 21.0582523346, 26.0231266022, 31.5925750732, 37.9319076538, 57.430973053, 54.2483863831, 67.1532669067, 60.8783302307, 35.7545089722, 21.9755535126, 27.5091991425, 28.1456317902, 19.5744056702, 16.0959453583, 9.76730442047, 6.64570951462, 3.90379238129, 1.40823030472, 0.491134077311, 0.130261927843, 0.0118079325184, 0.00024911944638, 4.4973076001e-05],
        "median": [0.0212756730616, 0.207787930965, 0.711903750896, 1.44045484066, 2.22685003281, 2.4610991478, 3.08597779274, 5.02883625031, 3.75635027885, 3.32870340347, 6.25330066681, 12.8516378403, 13.9362201691, 7.03701400757, 9.70627307892, 10.3279218674, 6.79065942764, 8.23099422455, 12.8985691071, 17.0178089142, 27.6977996826, 48.0635757446, 45.2118492126, 50.9261169434, 41.3194580078, 26.287071228, 16.9235515594, 21.8154125214, 20.7531738281, 13.6370391846, 10.2619304657, 7.02247285843, 4.34982013702, 1.77715528011, 0.498712688684, 0.152275234461, 0.035287771374, 0.00198636134155, 8.11819336377e-05, 3.8490503357e-05],
        "min": [1.50394298544e-05, 3.07447189698e-05, 0.000252664351137, 0.00134457636159, 0.00200160127133, 0.00156942172907, 0.000800195732154, 0.000527716358192, 0.000411042041378, 0.00100076023955, 0.00167536223307, 0.000294739758829, 0.000360911391908, 0.000469534628792, 0.000841322471388, 0.000880981504451, 0.00145607593004, 0.00468738097697, 0.00299764820375, 0.00167653698009, 0.00198601139709, 0.00356886791997, 0.00311233103275, 0.00351533805951, 0.00457529444247, 0.00355306058191, 0.0034217601642, 0.00279162428342, 0.00246674218215, 0.00279731815681, 0.00202005309984, 0.000831451150589, 0.000515626859851, 0.000164528493769, 3.77148571715e-05, 3.56187160833e-06, 3.63114793345e-07, 3.16957056157e-08, 1.1033591818e-08, 1.35763746911e-08],
        "var": [0.00357529800385, 0.375576138496, 7.72832012177, 10.7463302612, 160.730926514, 47.134853363, 85.2575454712, 188.448394775, 125.692367554, 209.08203125, 338.333435059, 4075.8684082, 8519.91015625, 7145.89794922, 5679.19042969, 592.575622559, 682.583984375, 1728.4161377, 1304.18029785, 2322.85913086, 1550.68383789, 1743.59667969, 1475.6361084, 3130.73291016, 3454.1628418, 878.31640625, 335.708465576, 476.844970703, 574.516662598, 374.222229004, 470.668792725, 105.862686157, 81.7180023193, 224.161453247, 38.9492607117, 1.2084800005, 0.0516222082078, 0.000517853477504, 1.74739227532e-07, 1.39322720027e-09]
    },
    "gfcc": {
        "mean": [39.3270111084, 47.4255561829, -135.351852417, 58.329788208, -71.3075180054, 17.5563602448, -41.1523094177, 17.5356674194, -24.6422481537, -4.95834922791, -18.5224895477, 1.06635403633, -9.36481189728],
        "cov": [[2381.32788086, -441.13079834, 191.585205078, -20.509973526, 116.684562683, 156.703048706, 73.4024963379, 199.064254761, -171.296615601, 41.6452903748, -209.593505859, 86.3984909058, -87.8256072998], [-441.13079834, 834.600402832, -307.880310059, 98.1449890137, 44.5362052917, 10.7870082855, 81.9938049316, -90.3777542114, 123.170074463, -112.730628967, 161.856521606, -113.074737549, 83.3857955933], [191.585205078, -307.880310059, 590.488037109, -29.0197486877, 111.564758301, 35.2125473022, -9.1252412796, 63.8726005554, -129.771026611, 137.858322144, -144.413879395, 125.120674133, -126.314590454], [-20.509973526, 98.1449890137, -29.0197486877, 316.872436523, 15.4181890488, 17.9415111542, 26.7371253967, 2.09722924232, 49.1131515503, -61.7987136841, 38.2895355225, -26.0833759308, 50.7649612427], [116.684562683, 44.5362052917, 111.564758301, 15.4181890488, 249.41104126, 46.9871635437, 77.3983383179, 87.6905441284, -16.5876216888, 54.034236908, -29.402721405, 72.7537155151, -39.4857635498], [156.703048706, 10.7870082855, 35.2125473022, 17.9415111542, 46.9871635437, 151.847396851, 80.1496505737, 27.7676830292, -25.4363079071, -5.17014408112, 13.8350687027, 0.380085557699, -5.97158718109], [73.4024963379, 81.9938049316, -9.1252412796, 26.7371253967, 77.3983383179, 80.1496505737, 168.096603394, 65.2387313843, -13.6515426636, -11.3492746353, -4.92638111115, 22.2578678131, -3.75908946991], [199.064254761, -90.3777542114, 63.8726005554, 2.09722924232, 87.6905441284, 27.7676830292, 65.2387313843, 140.952484131, 2.85841059685, 34.502532959, -36.8696746826, 45.559047699, -13.3317184448], [-171.296615601, 123.170074463, -129.771026611, 49.1131515503, -16.5876216888, -25.4363079071, -13.6515426636, 2.85841059685, 126.882156372, -17.1304092407, 60.9513664246, -48.1941375732, 35.1611671448], [41.6452903748, -112.730628967, 137.858322144, -61.7987136841, 54.034236908, -5.17014408112, -11.3492746353, 34.502532959, -17.1304092407, 109.805549622, -22.4667072296, 58.8271636963, -41.1991958618], [-209.593505859, 161.856521606, -144.413879395, 38.2895355225, -29.402721405, 13.8350687027, -4.92638111115, -36.8696746826, 60.9513664246, -22.4667072296, 138.501419067, -21.742641449, 45.0572166443], [86.3984909058, -113.074737549, 125.120674133, -26.0833759308, 72.7537155151, 0.380085557699, 22.2578678131, 45.559047699, -48.1941375732, 58.8271636963, -21.742641449, 115.518745422, -14.9296827316], [-87.8256072998, 83.3857955933, -126.314590454, 50.7649612427, -39.4857635498, -5.97158718109, -3.75908946991, -13.3317184448, 35.1611671448, -41.1991958618, 45.0572166443, -14.9296827316, 84.6086196899]],
        "icov": [[0.000660879886709, -6.96808865541e-06, 0.000539650791325, -0.000287983857561, 0.000179014154128, -0.000969407556113, 0.000690189248417, -0.000957691983785, 0.000665813218802, -7.90010599303e-05, 0.000966850493569, -0.000430155690992, 0.000660259684082], [-6.96808865541e-06, 0.00299079879187, -0.000520837435033, 0.000521060428582, -0.0024958094582, 0.00161244755145, -0.00265246559866, 0.00251340004615, -0.000931793125346, 0.00131619093008, -0.00261646951549, 0.0029059976805, -0.00188350409735], [0.000539650791325, -0.000520837435033, 0.00571045884863, -0.00215965230018, 0.00101730565075, -0.003145478433, 0.00285741430707, -0.00117359543219, 0.00213874340989, -0.00373292481527, 0.00438374653459, -0.00399532029405, 0.00534334266558], [-0.000287983857561, 0.000521060428582, -0.00215965230018, 0.00487480591983, -0.00149833224714, 0.00103059830144, -0.00142934871837, 0.00088416779181, -0.00219518016092, 0.00360763864592, -0.00194625614677, 0.00145410059486, -0.00355024496093], [0.000179014154128, -0.0024958094582, 0.00101730565075, -0.00149833224714, 0.00901134777814, -0.00287874229252, 0.00102291989606, -0.00400713086128, -0.000335213611834, -0.00235126796179, 0.00310325762257, -0.00604353519157, 0.0047550345771], [-0.000969407556113, 0.00161244755145, -0.003145478433, 0.00103059830144, -0.00287874229252, 0.0135463504121, -0.00738477660343, 0.00145923858508, 0.00245252577588, 0.000995725509711, -0.0073167597875, 0.00721179461107, -0.003760634223], [0.000690189248417, -0.00265246559866, 0.00285741430707, -0.00142934871837, 0.00102291989606, -0.00738477660343, 0.0142104253173, -0.00673921080306, 0.00212949817069, 0.00123423500918, 0.00409476505592, -0.00561499642208, 0.00452433992177], [-0.000957691983785, 0.00251340004615, -0.00117359543219, 0.00088416779181, -0.00400713086128, 0.00145923858508, -0.00673921080306, 0.0163160972297, -0.00641212798655, -0.000700292817783, 0.00103695411235, -0.000555666279979, -0.00357591034845], [0.000665813218802, -0.000931793125346, 0.00213874340989, -0.00219518016092, -0.000335213611834, 0.00245252577588, 0.00212949817069, -0.00641212798655, 0.0179323852062, -0.00493561290205, -0.00421625934541, 0.00715488521382, -0.00112728134263], [-7.90010599303e-05, 0.00131619093008, -0.00373292481527, 0.00360763864592, -0.00235126796179, 0.000995725509711, 0.00123423500918, -0.000700292817783, -0.00493561290205, 0.0214005690068, -0.00354526238516, -0.00549086323008, 0.00319168996066], [0.000966850493569, -0.00261646951549, 0.00438374653459, -0.00194625614677, 0.00310325762257, -0.0073167597875, 0.00409476505592, 0.00103695411235, -0.00421625934541, -0.00354526238516, 0.0182078722864, -0.00793261732906, 0.00150151748676], [-0.000430155690992, 0.0029059976805, -0.00399532029405, 0.00145410059486, -0.00604353519157, 0.00721179461107, -0.00561499642208, -0.000555666279979, 0.00715488521382, -0.00549086323008, -0.00793261732906, 0.0245729740709, -0.00988280121237], [0.000660259684082, -0.00188350409735, 0.00534334266558, -0.00355024496093, 0.0047550345771, -0.003760634223, 0.00452433992177, -0.00357591034845, -0.00112728134263, 0.00319168996066, 0.00150151748676, -0.00988280121237, 0.0255385246128]]
    },
    "melbands": {
        "dmean": [0.000266086601187, 0.000589085044339, 0.000435541849583, 0.000365298124962, 0.000155729154358, 0.000146119389683, 6.45889303996e-05, 5.32126468897e-05, 6.18456979282e-05, 0.000207392353332, 0.000153871675138, 6.64153485559e-05, 5.87276845181e-05, 4.0372247895e-05, 1.54298613779e-05, 2.72412107734e-05, 2.62079283857e-05, 2.59548723989e-05, 3.35007789545e-05, 2.06425138458e-05, 2.38483971771e-05, 2.91399464913e-05, 2.69260053756e-05, 2.11702445085e-05, 2.6821897336e-05, 2.48302676482e-05, 1.73614225787e-05, 9.58058262768e-06, 6.84604992784e-06, 6.57865575704e-06, 8.67748894962e-06, 7.44584531276e-06, 6.61177045913e-06, 4.62729576611e-06, 5.11203734277e-06, 3.48911180481e-06, 2.9874804568e-06, 2.37013318838e-06, 2.71001090368e-06, 2.87979560198e-06],
        "dmean2": [0.000417537521571, 0.00101138325408, 0.000707478204276, 0.000601401843596, 0.000266735121841, 0.000234051680309, 0.000101928249933, 8.60367945279e-05, 9.70806868281e-05, 0.000332218944095, 0.000238862150582, 0.000109728389361, 9.07365611056e-05, 6.46517146379e-05, 2.44995571848e-05, 4.3932643166e-05, 4.20036267315e-05, 4.22963094024e-05, 5.27407319169e-05, 3.29004906234e-05, 3.88345251849e-05, 4.7674664529e-05, 4.47332495241e-05, 3.46724955307e-05, 4.42805649072e-05, 4.04646962124e-05, 2.81231896224e-05, 1.60590261657e-05, 1.17998652058e-05, 1.14467957246e-05, 1.48102208186e-05, 1.26433296828e-05, 1.08756294139e-05, 7.62701847634e-06, 8.42373628984e-06, 5.4971251302e-06, 4.77953108202e-06, 3.65654045709e-06, 4.44790839538e-06, 5.00638134326e-06],
        "dvar": [2.32078178897e-07, 1.78788957328e-06, 4.92140884489e-07, 6.93817924002e-07, 7.16062231731e-08, 7.21107795698e-08, 1.54739279168e-08, 1.84576371964e-08, 1.50653480802e-08, 1.66805435242e-07, 1.11258401603e-07, 7.37693071073e-08, 4.00181825455e-08, 5.83375525665e-09, 1.32964717015e-09, 4.40267555746e-09, 3.72123198922e-09, 2.25971619194e-09, 4.78032369244e-09, 1.30131705411e-09, 1.34494670956e-09, 1.13994191864e-09, 8.92738216685e-10, 7.29781512998e-10, 1.01713382161e-09, 1.15200893269e-09, 5.45152922804e-10, 1.59118204723e-10, 1.23851845446e-10, 1.26172905457e-10, 1.67552319241e-10, 1.10559117417e-10, 1.20613574683e-10, 7.46058076428e-11, 8.84668380219e-11, 3.12901198007e-11, 2.17565531563e-11, 1.58804896316e-11, 1.91332463761e-10, 3.21276144577e-10],
        "dvar2": [5.03082503656e-07, 4.79868231196e-06, 1.19712353808e-06, 1.76171852218e-06, 1.8495745735e-07, 1.85980539413e-07, 3.3136398514e-08, 4.68617535887e-08, 3.3298796609e-08, 4.22785376486e-07, 2.70823903747e-07, 2.20859519118e-07, 9.12068358616e-08, 1.26156676217e-08, 3.2597342603e-09, 1.17734080263e-08, 8.66158522683e-09, 5.72013680866e-09, 1.02431325644e-08, 2.95977264919e-09, 3.48406525852e-09, 3.07570213742e-09, 2.35470465348e-09, 1.77503300947e-09, 2.4989919023e-09, 2.76085176942e-09, 1.37659783572e-09, 4.14810824578e-10, 3.44061917845e-10, 3.58514162802e-10, 4.59041693546e-10, 3.00309527246e-10, 3.26122295835e-10, 2.06739028674e-10, 2.17613455034e-10, 7.60563209634e-11, 5.2315918958e-11, 4.20607056129e-11, 5.60069490785e-10, 9.26719978533e-10],
        "max": [0.00494975876063, 0.0107462229207, 0.00460930075496, 0.00674759130925, 0.00336915953085, 0.00352406781167, 0.00287112593651, 0.00241263234057, 0.00214300025254, 0.00432509137318, 0.00425939587876, 0.00465095229447, 0.00457750819623, 0.00110325915739, 0.000827794254292, 0.00102190254256, 0.00105192442425, 0.000567106180824, 0.00108305248432, 0.000594286655542, 0.000584005960263, 0.000359579280484, 0.000351839698851, 0.00040214555338, 0.000430482701631, 0.000423222401878, 0.000295590580208, 0.000153004410095, 0.000134040092234, 0.000174145359779, 0.000190122154891, 0.000147264057887, 0.000184087810339, 0.000151914398884, 0.000212240091059, 9.55233117566e-05, 8.47292321851e-05, 6.69991568429e-05, 0.000343254447216, 0.000374394439859],
        "mean": [0.000421110540628, 0.000757879519369, 0.000544621958397, 0.000395123206545, 0.000203004688956, 0.000204702548217, 0.000101896446722, 7.61564369895e-05, 9.09388254513e-05, 0.000268001371296, 0.000226559990551, 0.000100894380012, 9.54530551098e-05, 6.0900067183e-05, 2.49955282925e-05, 3.4575969039e-05, 3.86063402402e-05, 3.5715798731e-05, 5.30393044755e-05, 3.55991141987e-05, 4.56539710285e-05, 5.82173342991e-05, 5.5976161093e-05, 4.55482440884e-05, 5.56722079637e-05, 4.88711339131e-05, 3.50714544766e-05, 2.09059671761e-05, 1.36250573632e-05, 1.23113486552e-05, 1.78785576281e-05, 1.65041601576e-05, 1.39836665767e-05, 9.37905679166e-06, 9.94040965452e-06, 6.66355390422e-06, 5.79788502364e-06, 4.60246155853e-06, 4.35531410403e-06, 2.9518091651e-06],
        "median": [0.000227532713325, 0.00037459412124, 0.0002970888454, 0.000170897867065, 0.000110262837552, 0.000113704292744, 5.39098145964e-05, 3.9142818423e-05, 4.80948256154e-05, 8.85814224603e-05, 6.47957858746e-05, 2.32906932069e-05, 2.6811610951e-05, 3.39785146934e-05, 1.49454344864e-05, 1.38017167046e-05, 1.34673609864e-05, 1.69643990375e-05, 1.99577607418e-05, 2.29635170399e-05, 3.18909587804e-05, 4.71167440992e-05, 4.63771502837e-05, 3.45506668964e-05, 4.16678303736e-05, 3.1948369724e-05, 2.18802797463e-05, 1.49284851432e-05, 9.79452215688e-06, 9.46382806433e-06, 1.38816158142e-05, 1.21428256534e-05, 9.09077243705e-06, 6.53173765386e-06, 6.13816700934e-06, 4.39976383859e-06, 4.00782528232e-06, 3.10828090733e-06, 2.32987031268e-06, 1.15600482786e-06],
        "min": [1.25614462831e-07, 1.07288393281e-07, 2.30460017292e-07, 1.28673917743e-07, 3.35534444673e-08, 1.07339221955e-08, 6.55014353868e-09, 1.39378943942e-08, 1.16734222289e-08, 1.32950461751e-09, 1.79205250639e-09, 1.71364100687e-09, 3.10000847215e-09, 1.77202852392e-09, 2.52566634273e-09, 3.36526739808e-09, 9.51284118145e-09, 5.48483880536e-09, 1.88920146194e-09, 1.31542854387e-09, 2.27627472427e-09, 2.91337420855e-09, 4.71596139917e-09, 2.49175768907e-09, 2.56009613508e-09, 1.48298950897e-09, 2.7871520647e-09, 2.12775108643e-09, 1.39261990828e-09, 2.13829154383e-09, 8.85967021969e-10, 7.26431415021e-11, 1.01280528408e-09, 1.18386433989e-09, 9.74109237717e-10, 6.19677364977e-10, 2.3211908784e-10, 2.5217614108e-10, 2.14695830558e-10, 2.28242303529e-11],
