{
"highlevel": {
    "danceability": {
        "all": {
            "danceable": 0.99807870388,
            "not_danceable": 0.00192130112555
        },
        "probability": 0.99807870388,
        "value": "danceable"
    },
    "gender": {
        "all": {
            "female": 0.373760342598,
            "male": 0.626239657402
        },
        "probability": 0.626239657402,
        "value": "male"
    },
    "genre_dortmund": {
        "all": {
            "alternative": 0.0868891328573,
            "blues": 0.0918795019388,
            "electronic": 0.074874304235,
            "folkcountry": 0.4274559021,
            "funksoulrnb": 0.0272239595652,
            "jazz": 0.0588525272906,
            "pop": 0.117130659521,
            "raphiphop": 0.0279620140791,
            "rock": 0.0877319872379
        },
        "probability": 0.4274559021,
        "value": "folkcountry"
    },
    "genre_electronic": {
        "all": {
            "ambient": 0.380496889353,
            "dnb": 0.188508212566,
            "house": 0.110890612006,
            "techno": 0.0248731933534,
            "trance": 0.295231074095
        },
        "probability": 0.380496889353,
        "value": "ambient"
    },
    "genre_rosamerica": {
        "all": {
            "cla": 0.00200732517987,
            "dan": 0.0282060597092,
            "hip": 0.0132868243381,
            "jaz": 0.00284506217577,
            "pop": 0.754278182983,
            "rhy": 0.104442119598,
            "roc": 0.0942275673151,
            "spe": 0.000706868129782
        },
        "probability": 0.754278182983,
        "value": "pop"
    },
    "genre_tzanetakis": {
        "all": {
            "blu": 0.0626613423228,
            "cla": 0.0348169617355,
            "cou": 0.104475811124,
            "dis": 0.0784321576357,
            "hip": 0.15692435205,
            "jaz": 0.313974827528,
            "met": 0.0448166541755,
            "pop": 0.0627359300852,
            "reg": 0.0627360641956,
            "roc": 0.0784258767962
        },
        "probability": 0.313974827528,
        "value": "jaz"
    },
    "ismir04_rhythm": {
        "all": {
            "ChaChaCha": 0.375430762768,
            "Jive": 0.0707779079676,
            "Quickstep": 0.0348168537021,
            "Rumba-American": 0.0462863370776,
            "Rumba-International": 0.0987433195114,
            "Rumba-Misc": 0.0245535578579,
            "Samba": 0.103836722672,
            "Tango": 0.111882977188,
            "VienneseWaltz": 0.0974728316069,
            "Waltz": 0.036198720336
        },
        "probability": 0.375430762768,
        "value": "ChaChaCha"
    },
    "mood_acoustic": {
        "all": {
            "acoustic": 0.225054591894,
            "not_acoustic": 0.774945378304
        },
        "probability": 0.774945378304,
        "value": "not_acoustic"
    },
    "mood_aggressive": {
        "all": {
            "aggressive": 0.0337800383568,
            "not_aggressive": 0.966219961643
        },
        "probability": 0.966219961643,
        "value": "not_aggressive"
    },
    "mood_electronic": {
        "all": {
            "electronic": 0.197003021836,
            "not_electronic": 0.802996993065
        },
        "probability": 0.802996993065,
        "value": "not_electronic"
    },
    "mood_happy": {
        "all": {
            "happy": 0.969876945019,
            "not_happy": 0.0301230363548
        },
        "probability": 0.969876945019,
        "value": "happy"
    },
    "mood_party": {
        "all": {
            "not_party": 0.603666186333,
            "party": 0.39633384347
        },
        "probability": 0.603666186333,
        "value": "not_party"
    },
    "mood_relaxed": {
        "all": {
            "not_relaxed": 0.285263746977,
            "relaxed": 0.714736223221
        },
        "probability": 0.714736223221,
        "value": "relaxed"
    },
    "mood_sad": {
        "all": {
            "not_sad": 0.5,
            "sad": 0.5
        },
        "probability": 0.5,
        "value": "not_sad"
    },
    "moods_mirex": {
        "all": {
            "Cluster1": 0.0971386581659,
            "Cluster2": 0.33297264576,
            "Cluster3": 0.205945968628,
            "Cluster4": 0.302102774382,
            "Cluster5": 0.0618399716914
        },
        "probability": 0.33297264576,
        "value": "Cluster2"
    },
    "timbre": {
        "all": {
            "bright": 0.997467756271,
            "dark": 0.00253226677887
        },
        "probability": 0.997467756271,
        "value": "bright"
    },
    "tonal_atonal": {
        "all": {
            "atonal": 0.0262974295765,
            "tonal": 0.973702549934
        },
        "probability": 0.973702549934,
        "value": "tonal"
    },
    "voice_instrumental": {
        "all": {
            "instrumental": 0.00345814507455,
            "voice": 0.996541857719
        },
        "probability": 0.996541857719,
        "value": "voice"
    }
},
"lowlevel": {
    "average_loudness": 0.921808540821,
    "barkbands_crest": {
        "dmean": 2.69929218292,
        "dmean2": 4.3964343071,
        "dvar": 7.14988946915,
        "dvar2": 16.8876342773,
        "max": 25.0863723755,
        "mean": 12.3017978668,
        "median": 11.7202568054,
        "min": 3.59431934357,
        "var": 19.6608734131
    },
    "barkbands_flatness_db": {
        "dmean": 0.0212626401335,
        "dmean2": 0.0325904972851,
        "dvar": 0.000409078842495,
        "dvar2": 0.000860067608301,
        "max": 0.31356459856,
        "mean": 0.151312723756,
        "median": 0.148498103023,
        "min": 0.0467308163643,
        "var": 0.00169801525772
    },
    "barkbands_kurtosis": {
        "dmean": 2.57127332687,
        "dmean2": 4.06177473068,
        "dvar": 15.5832643509,
        "dvar2": 33.9142799377,
        "max": 52.112651825,
        "mean": 3.53297352791,
        "median": 1.62840938568,
        "min": -1.89786410332,
        "var": 32.6258735657
    },
    "barkbands_skewness": {
        "dmean": 0.553269922733,
        "dmean2": 0.842883527279,
        "dvar": 0.36396920681,
        "dvar2": 0.742372989655,
        "max": 7.12682437897,
        "mean": 1.44786477089,
        "median": 1.32962095737,
        "min": -2.83336853981,
        "var": 1.17169141769
    },
    "barkbands_spread": {
        "dmean": 6.12626886368,
        "dmean2": 9.4733171463,
        "dvar": 78.4986190796,
        "dvar2": 173.085586548,
        "max": 94.5758743286,
        "mean": 23.1918029785,
        "median": 20.0182743073,
        "min": 2.31278347969,
        "var": 202.879150391
    },
    "dissonance": {
        "dmean": 0.0236995108426,
        "dmean2": 0.040442686528,
        "dvar": 0.000484343472635,
        "dvar2": 0.00123452232219,
        "max": 0.49961566925,
        "mean": 0.449943840504,
        "median": 0.457167327404,
        "min": 0.283787101507,
        "var": 0.00110909726936
    },
    "dynamic_complexity": 2.2606678009,
    "erbbands_crest": {
        "dmean": 3.5750181675,
        "dmean2": 5.70611572266,
        "dvar": 11.5201559067,
        "dvar2": 26.909778595,
        "max": 32.8172264099,
        "mean": 12.5291776657,
        "median": 10.7091093063,
        "min": 3.05602955818,
        "var": 43.6882362366
    },
    "erbbands_flatness_db": {
        "dmean": 0.0189895462245,
        "dmean2": 0.0282447952777,
        "dvar": 0.00033316045301,
        "dvar2": 0.000649123394396,
        "max": 0.312092036009,
        "mean": 0.157547473907,
        "median": 0.152854755521,
        "min": 0.0632402598858,
        "var": 0.00190692290198
    },
    "erbbands_kurtosis": {
        "dmean": 1.52882754803,
        "dmean2": 2.30275940895,
        "dvar": 5.23655414581,
        "dvar2": 9.77241325378,
        "max": 32.5393562317,
        "mean": 1.78160762787,
        "median": 0.599320411682,
        "min": -1.70579516888,
        "var": 14.8558158875
    },
    "erbbands_skewness": {
        "dmean": 0.443680226803,
        "dmean2": 0.666616678238,
        "dvar": 0.188203990459,
        "dvar2": 0.417502343655,
        "max": 4.37567710876,
        "mean": 0.65967041254,
        "median": 0.628869712353,
        "min": -3.07125163078,
        "var": 0.852888166904
    },
    "erbbands_spread": {
        "dmean": 9.44041061401,
        "dmean2": 14.3779211044,
        "dvar": 137.919784546,
        "dvar2": 293.006317139,
        "max": 169.822677612,
        "mean": 34.9824409485,
        "median": 31.9406299591,
        "min": 3.55462384224,
        "var": 396.950714111
    },
    "hfc": {
        "dmean": 7.7650976181,
        "dmean2": 11.775053978,
        "dvar": 134.835388184,
        "dvar2": 307.987609863,
        "max": 153.317901611,
        "mean": 26.4332065582,
        "median": 24.1231040955,
        "min": 0.484125673771,
        "var": 359.936584473
    },
    "melbands_crest": {
        "dmean": 3.33781003952,
        "dmean2": 5.44823026657,
        "dvar": 9.83764266968,
        "dvar2": 23.3091239929,
        "max": 31.5413150787,
        "mean": 17.5964050293,
        "median": 17.6167392731,
        "min": 3.9571158886,
        "var": 35.3827171326
    },
    "melbands_flatness_db": {
        "dmean": 0.0249994080514,
        "dmean2": 0.0379569865763,
        "dvar": 0.000658577831928,
        "dvar2": 0.00123091519345,
        "max": 0.421358168125,
        "mean": 0.198825538158,
        "median": 0.198444440961,
        "min": 0.0467715971172,
        "var": 0.00316353398375
    },
    "melbands_kurtosis": {
        "dmean": 7.04661035538,
        "dmean2": 10.8359746933,
        "dvar": 240.536468506,
        "dvar2": 441.837493896,
        "max": 391.298706055,
        "mean": 11.3106975555,
        "median": 6.2999162674,
        "min": -1.87372207642,
        "var": 413.566497803
    },
    "melbands_skewness": {
        "dmean": 0.760893702507,
        "dmean2": 1.16557848454,
        "dvar": 0.809266090393,
        "dvar2": 1.57235395908,
        "max": 16.530878067,
        "mean": 2.40084934235,
        "median": 2.1555788517,
        "min": -0.65692293644,
        "var": 2.39094400406
    },
    "melbands_spread": {
        "dmean": 7.59830331802,
        "dmean2": 11.5912847519,
        "dvar": 188.378707886,
        "dvar2": 342.823791504,
        "max": 253.916717529,
        "mean": 24.9859828949,
        "median": 19.8227424622,
        "min": 1.80025064945,
        "var": 527.626586914
    },
    "pitch_salience": {
        "dmean": 0.0678418427706,
        "dmean2": 0.10979565233,
        "dvar": 0.00474840775132,
        "dvar2": 0.0108927879483,
        "max": 0.830932915211,
        "mean": 0.474332422018,
        "median": 0.459778726101,
        "min": 0.140928328037,
        "var": 0.0136792873964
    },
    "silence_rate_20dB": {
        "dmean": 0,
        "dmean2": 0,
        "dvar": 0,
        "dvar2": 0,
        "max": 1,
        "mean": 1,
        "median": 1,
        "min": 1,
        "var": 0
    },
    "silence_rate_30dB": {
        "dmean": 0.0371517017484,
        "dmean2": 0.0743609592319,
        "dvar": 0.0357719659805,
        "dvar2": 0.0874228179455,
        "max": 1,
        "mean": 0.969064176083,
        "median": 1,
        "min": 0,
        "var": 0.0299791563302
    },
    "silence_rate_60dB": {
        "dmean": 0.0185758508742,
        "dmean2": 0.0371804796159,
        "dvar": 0.0182308685035,
        "dvar2": 0.0435437075794,
        "max": 1,
        "mean": 0.0232018567622,
        "median": 0,
        "min": 0,
        "var": 0.0226633306593
    },
    "spectral_centroid": {
        "dmean": 262.099273682,
        "dmean2": 395.350158691,
        "dvar": 102120.734375,
        "dvar2": 210207.359375,
        "max": 5533.47070312,
        "mean": 1338.12011719,
        "median": 1205.6541748,
        "min": 235.137054443,
        "var": 339382.3125
    },
    "spectral_complexity": {
        "dmean": 3.1648607254,
        "dmean2": 4.91324567795,
        "dvar": 11.7986249924,
        "dvar2": 21.9398727417,
        "max": 54,
        "mean": 18.7664337158,
        "median": 18,
        "min": 3,
        "var": 77.683921814
    },
    "spectral_decrease": {
        "dmean": 2.91533752694e-09,
        "dmean2": 4.7861492547e-09,
        "dvar": 1.87345142543e-17,
        "dvar2": 4.4405914018e-17,
        "max": -2.06911335288e-10,
        "mean": -1.05960866748e-08,
        "median": -1.05805977313e-08,
        "min": -4.26774029449e-08,
        "var": 5.64037188169e-17
    },
    "spectral_energy": {
        "dmean": 0.0113902240992,
        "dmean2": 0.0186478346586,
        "dvar": 0.000277760409517,
        "dvar2": 0.000656525313389,
        "max": 0.166772484779,
        "mean": 0.0423895865679,
        "median": 0.0420585721731,
        "min": 0.000824842951261,
        "var": 0.000855436373968
    },
    "spectral_energyband_high": {
        "dmean": 0.000565278460272,
        "dmean2": 0.000863792840391,
        "dvar": 1.55938630542e-06,
        "dvar2": 3.60420131074e-06,
        "max": 0.0143077755347,
        "mean": 0.00110163434874,
        "median": 0.000609250215348,
        "min": 5.23786638951e-06,
        "var": 2.47361276706e-06
    },
    "spectral_energyband_low": {
        "dmean": 0.00841881241649,
        "dmean2": 0.0140862558037,
        "dvar": 0.000237314307014,
        "dvar2": 0.000583819462918,
        "max": 0.144902765751,
        "mean": 0.0213125161827,
        "median": 0.0212013404816,
        "min": 2.13905004784e-05,
        "var": 0.000509934558067
    },
    "spectral_energyband_middle_high": {
        "dmean": 0.00221036653966,
        "dmean2": 0.00312896445394,
        "dvar": 7.37820710128e-06,
        "dvar2": 1.49714451254e-05,
        "max": 0.0414370372891,
        "mean": 0.0065606390126,
        "median": 0.0053571742028,
        "min": 7.13457193342e-05,
        "var": 3.09600727633e-05
    },
    "spectral_energyband_middle_low": {
        "dmean": 0.00604522507638,
        "dmean2": 0.00990436784923,
        "dvar": 7.76536617195e-05,
        "dvar2": 0.000207287012017,
        "max": 0.0744676142931,
        "mean": 0.01504865475,
        "median": 0.0113920364529,
        "min": 0.000456596171716,
        "var": 0.000154001318151
    },
    "spectral_entropy": {
        "dmean": 0.179953590035,
        "dmean2": 0.259244561195,
        "dvar": 0.0344863533974,
        "dvar2": 0.0654362887144,
        "max": 8.83527183533,
        "mean": 7.53932285309,
        "median": 7.53338098526,
        "min": 6.26236009598,
        "var": 0.16520537436
    },
    "spectral_flux": {
        "dmean": 0.0280306059867,
        "dmean2": 0.0449194312096,
        "dvar": 0.00136403483339,
        "dvar2": 0.00262453430332,
        "max": 0.403144747019,
        "mean": 0.0961140990257,
        "median": 0.0848258286715,
        "min": 0.0119761228561,
        "var": 0.00316019309685
    },
    "spectral_kurtosis": {
        "dmean": 1.25781202316,
        "dmean2": 2.0449848175,
        "dvar": 1.96737647057,
        "dvar2": 5.11359834671,
        "max": 23.0514392853,
        "mean": 3.37021231651,
        "median": 3.1397857666,
        "min": -1.31148719788,
        "var": 4.08056926727
    },
    "spectral_rms": {
        "dmean": 0.000828468415421,
        "dmean2": 0.00131715124007,
        "dvar": 1.0121672176e-06,
        "dvar2": 2.20942024498e-06,
        "max": 0.0127555811778,
        "mean": 0.0059904512018,
        "median": 0.00640568137169,
        "min": 0.0008970645722,
        "var": 5.47015952179e-06
    },
    "spectral_rolloff": {
        "dmean": 470.997711182,
        "dmean2": 784.152954102,
        "dvar": 1270771.375,
        "dvar2": 2529101.75,
        "max": 11412.5976562,
        "mean": 1410.53515625,
        "median": 861.328125,
        "min": 64.599609375,
        "var": 3025235
    },
    "spectral_skewness": {
        "dmean": 0.204858452082,
        "dmean2": 0.319926559925,
        "dvar": 0.0400697141886,
        "dvar2": 0.0863111540675,
        "max": 3.41360712051,
        "mean": 1.47024774551,
        "median": 1.46777319908,
        "min": -0.101227290928,
        "var": 0.138167724013
    },
    "spectral_spread": {
        "dmean": 663941.625,
        "dmean2": 957683.1875,
        "dvar": 895877775360,
        "dvar2": 1.44394472653e+12,
        "max": 15094265,
        "mean": 5133131.5,
        "median": 4743048.5,
        "min": 2383718.25,
        "var": 3.3364574208e+12
    },
    "spectral_strongpeak": {
        "dmean": 0.542112827301,
        "dmean2": 0.92720156908,
        "dvar": 1.10102915764,
        "dvar2": 2.79232406616,
        "max": 7.30319499969,
        "mean": 0.99963593483,
        "median": 0.388520151377,
        "min": 0,
        "var": 1.96913421154
    },
    "zerocrossingrate": {
        "dmean": 0.0120074860752,
        "dmean2": 0.0135568967089,
        "dvar": 0.000366230407963,
        "dvar2": 0.000348666362697,
        "max": 0.39453125,
        "mean": 0.0591250807047,
        "median": 0.0458984375,
        "min": 0.005859375,
        "var": 0.00217984663323
    },
    "barkbands": {
        "dmean": [0.00117812829558, 0.00663368916139, 0.00258551817387, 0.00178230623715, 0.0015277947532, 0.00099337566644, 0.000879606290255, 0.00141240283847, 0.00171076843981, 0.00132839754224, 0.000384734303225, 0.000505687086843, 0.000445525627583, 0.000512681261171, 0.000616676348727, 0.000170158673427, 0.000156613663421, 0.000149172105012, 0.000159472081577, 0.000130785469082, 8.77034544828e-05, 0.000100491306512, 0.00014085683506, 0.000151581058162, 0.000106524203147, 4.06246763305e-05, 5.8228227573e-08],
        "dmean2": [0.00217726640403, 0.0110211120918, 0.00480316020548, 0.00329818879254, 0.00260518910363, 0.00158674176782, 0.00144166022073, 0.00216902350076, 0.00261704484001, 0.00190103601199, 0.000602681655437, 0.0007819980965, 0.000712418288458, 0.000819377717562, 0.000953066744842, 0.000257676845649, 0.000253292266279, 0.000229278361076, 0.000248960626777, 0.000210693877307, 0.000137670911499, 0.000163445132785, 0.000226894480875, 0.000238667736994, 0.000165583463968, 6.72621536069e-05, 9.60855430776e-08],
        "dvar": [3.28046689901e-06, 0.000187164201634, 7.53772401367e-05, 4.17349474446e-05, 6.87743522576e-06, 3.02509761241e-06, 4.51713594884e-06, 6.97987843523e-06, 1.41407390402e-05, 9.52016034717e-06, 5.50066772576e-07, 1.60475406119e-06, 9.28489782837e-07, 1.40655311043e-06, 1.35510015298e-06, 1.70668130295e-07, 5.01119430396e-08, 7.87775675803e-08, 5.27565546804e-08, 5.0166285348e-08, 2.92359914056e-08, 4.18117380718e-08, 1.13252689005e-07, 1.12583066425e-07, 8.25561770057e-08, 1.26338024486e-08, 6.47225464412e-14],
        "dvar2": [1.11935414679e-05, 0.000508821045514, 0.000218935863813, 0.000118795403978, 2.00717549887e-05, 7.49291120883e-06, 1.15030079542e-05, 1.68092410604e-05, 3.35773438565e-05, 1.77533984242e-05, 1.274608735e-06, 3.76698221771e-06, 2.22395851779e-06, 3.5147475046e-06, 3.1827555631e-06, 3.31374479856e-07, 1.20332416031e-07, 1.89060884281e-07, 1.27117885995e-07, 1.22355800158e-07, 6.30775787158e-08, 9.90805730794e-08, 2.76671158872e-07, 2.60731837898e-07, 1.89595994016e-07, 3.14328936213e-08, 1.36743264281e-13],
        "max": [0.0121599091217, 0.135721072555, 0.0709737092257, 0.048912063241, 0.0247491300106, 0.0235987287015, 0.0346445515752, 0.0411009453237, 0.0428515337408, 0.0466160178185, 0.0100265434012, 0.0233871340752, 0.0128441266716, 0.0152776828036, 0.0133150946349, 0.00976485572755, 0.00276674423367, 0.00386093184352, 0.00342051289044, 0.00276415119879, 0.00271523883566, 0.00337633746676, 0.00408970518038, 0.00448922114447, 0.00382741936482, 0.00173599505797, 4.78144420413e-06],
        "mean": [0.00149344478268, 0.0169741362333, 0.00215703900903, 0.00135735061485, 0.00253226282075, 0.00157655507792, 0.00131059868727, 0.00294587551616, 0.00307730562054, 0.00282656564377, 0.000577619182877, 0.000797757296823, 0.000668800261337, 0.000728535640519, 0.000923204410356, 0.000292906159302, 0.000291844975436, 0.000263282912783, 0.000326485722326, 0.000249278498814, 0.000172832340468, 0.000201107381145, 0.000213280349271, 0.000239735411014, 0.000141824741149, 4.99305824633e-05, 5.37641220433e-08],
        "median": [0.000446929276222, 0.0176535975188, 0.000637631106656, 0.000273749319604, 0.001474265242, 0.000852901837789, 0.000535044644494, 0.000708950101398, 0.000629879068583, 0.000548669311684, 0.000229354394833, 0.000257317558862, 0.00018635430024, 0.000278935418464, 0.000221571041038, 0.000110400113044, 0.000167941121617, 0.000124688551296, 0.000203011601116, 0.000138954128488, 8.80305233295e-05, 0.000119471129437, 9.61537589319e-05, 9.9023563962e-05, 4.2136562115e-05, 1.00206807474e-05, 9.44761269217e-10],
        "min": [5.8557370064e-10, 1.42739577313e-06, 7.57092493586e-07, 2.81829420601e-06, 1.61640236911e-05, 1.66401077877e-05, 5.50649610886e-06, 3.45441048921e-06, 5.54243615625e-06, 1.96859036805e-06, 1.59905107466e-06, 1.82502856205e-06, 2.32837533076e-06, 2.51993151323e-06, 3.01136083181e-06, 1.00546674275e-06, 4.02839123126e-06, 1.63821721344e-06, 3.24364327753e-06, 1.76708670097e-06, 1.3113873365e-06, 8.3342479229e-07, 3.58499278263e-07, 1.4814190763e-07, 7.18853030435e-08, 9.6943841843e-12, 7.8752100327e-12],
        "var": [4.55584358861e-06, 0.000328562804498, 4.44530815003e-05, 2.5638655643e-05, 8.72779492056e-06, 4.56980342278e-06, 6.5388112489e-06, 2.52349691436e-05, 4.24850295531e-05, 3.31375122187e-05, 1.00630052202e-06, 2.55116287917e-06, 1.70918758613e-06, 1.94415383703e-06, 2.84750444735e-06, 4.80989569951e-07, 1.14266981655e-07, 1.59217307782e-07, 1.55445050609e-07, 1.03797553663e-07, 6.98282107692e-08, 8.54567048236e-08, 1.32820815679e-07, 1.72117580632e-07, 1.160716252e-07, 1.41126550446e-08, 6.68348839813e-14]
    },
    "erbbands": {
        "dmean": [0.269928306341, 1.33996665478, 2.40902900696, 5.57709026337, 4.22619009018, 5.88969564438, 5.93305301666, 9.2861995697, 10.6790714264, 24.392988205, 27.9877643585, 41.0900115967, 50.2804145813, 15.2639141083, 16.389957428, 23.3944778442, 21.0842437744, 22.8814048767, 22.958152771, 28.7027568817, 6.45984458923, 6.96683835983, 8.6111240387, 5.17381286621, 9.63076591492, 6.72872638702, 3.14449691772, 3.82656121254, 3.63887476921, 5.01159334183, 3.22695565224, 3.1598045826, 2.46493601799, 1.34635424614, 0.699802935123, 0.247994750738, 0.0709560662508, 0.00424749078229, 9.46594955167e-05, 1.76392677531e-05],
        "dmean2": [0.455023229122, 2.21443772316, 4.37720775604, 10.3163061142, 7.33812046051, 9.94212055206, 9.63577651978, 14.9197797775, 17.1179924011, 38.6169967651, 42.6577453613, 63.1975746155, 73.0434188843, 22.322687149, 25.9584140778, 35.6425743103, 33.7794570923, 36.3281478882, 36.1682510376, 44.0010757446, 9.72404670715, 11.0677919388, 12.9443559647, 8.0304069519, 15.0713291168, 10.7418336868, 5.07529830933, 6.04914999008, 5.95444107056, 8.20251846313, 5.15241909027, 5.05180931091, 3.89185976982, 2.12400984764, 1.06522500515, 0.403170257807, 0.118383266032, 0.00730782514438, 0.00015807642194, 2.84508550976e-05],
        "dvar": [0.209074318409, 9.24397087097, 46.4877738953, 441.691558838, 71.9515914917, 107.268371582, 135.699630737, 324.38269043, 504.050018311, 3185.79614258, 3194.6105957, 9771.83007812, 13937.2294922, 1102.56787109, 980.107849121, 3315.16674805, 1950.81848145, 2561.88452148, 1863.59985352, 4312.43652344, 94.7332305908, 100.858421326, 273.459320068, 59.2031860352, 209.834869385, 149.545715332, 32.5183258057, 66.3636245728, 55.9269180298, 135.894332886, 63.0654563904, 54.7592277527, 27.5938282013, 11.3353214264, 3.85339951515, 0.441120266914, 0.0412682555616, 0.000301406136714, 1.10402453402e-07, 8.35062574644e-10],
        "dvar2": [0.553397595882, 25.5422096252, 132.192214966, 1266.51708984, 204.136550903, 315.899932861, 367.574737549, 798.222229004, 1208.95739746, 8432.73144531, 7631.14941406, 23722.6523438, 25816.1523438, 2219.60424805, 2382.34375, 7708.37646484, 4793.63623047, 6110.46728516, 4381.81298828, 10203.5175781, 194.378997803, 238.101089478, 645.435241699, 141.3671875, 510.578613281, 356.469421387, 72.2081451416, 147.361495972, 125.078414917, 331.554718018, 154.583358765, 134.587814331, 61.2925300598, 25.5380706787, 8.95059204102, 1.04524850845, 0.107869938016, 0.000828146759886, 2.9170607263e-07, 1.99662708589e-09],
        "max": [4.87305593491, 32.4678916931, 54.4269866943, 166.273971558, 74.4686737061, 115.049858093, 232.07913208, 234.240219116, 303.33605957, 892.760986328, 914.176147461, 1234.4720459, 1849.86804199, 701.031555176, 399.479400635, 1127.07324219, 578.430175781, 876.340332031, 417.847167969, 907.21685791, 177.835754395, 113.214492798, 200.229278564, 83.4657821655, 215.524261475, 193.241546631, 76.4734344482, 137.501617432, 126.161659241, 93.2762451172, 132.60369873, 106.414848328, 53.8799133301, 44.6723213196, 28.7600021362, 8.93848228455, 3.65534472466, 0.367061764002, 0.0066084661521, 0.000411325105233],
        "mean": [0.702663481236, 2.94399046898, 2.72743034363, 4.25565481186, 5.13932561874, 9.29213905334, 10.5777244568, 14.0755748749, 16.5710792542, 45.6513366699, 58.1152229309, 81.6442337036, 112.504402161, 28.6377277374, 27.0078544617, 38.7761802673, 33.8774681091, 35.7322349548, 35.085521698, 49.0678062439, 14.5490217209, 14.3065338135, 15.8980798721, 10.7083835602, 19.1431694031, 13.0051822662, 6.4081697464, 7.60899353027, 7.16450595856, 7.75606107712, 5.39574861526, 5.01211309433, 3.7410326004, 1.83841991425, 0.8939666152, 0.305141121149, 0.0858840122819, 0.00452185282484, 0.000133733396069, 5.82886277698e-05],
        "median": [0.713518202305, 2.10590672493, 1.13897204399, 1.03433072567, 2.26650738716, 5.18273591995, 6.7165222168, 6.94324684143, 7.18405771255, 14.2184305191, 18.4791126251, 21.9453697205, 21.8715496063, 11.9338817596, 12.1578092575, 14.785071373, 11.255027771, 17.2129383087, 15.910487175, 13.1630458832, 7.27390146255, 9.10356235504, 8.51013088226, 6.51591157913, 11.7989530563, 7.30091381073, 3.42080640793, 4.06852245331, 4.17935419083, 3.61172318459, 2.5356464386, 2.19498944283, 1.3597972393, 0.574253618717, 0.235383033752, 0.0609513781965, 0.017718385905, 0.000942926446442, 5.31578007212e-05, 5.32488666067e-05],
        "min": [4.07667830586e-05, 0.000901723862626, 0.00676742102951, 0.0365923345089, 0.0585808195174, 0.110447973013, 0.298359721899, 0.157216325402, 0.211773365736, 0.148162677884, 0.299730569124, 0.231545940042, 0.118765071034, 0.0904419645667, 0.108030281961, 0.252966076136, 0.289880722761, 0.191252276301, 0.131447792053, 0.152333155274, 0.114808782935, 0.27640864253, 0.22512319684, 0.147105976939, 0.163442030549, 0.0992102473974, 0.0631543174386, 0.052228692919, 0.0268245395273, 0.0201698821038, 0.0105031933635, 0.00272828270681, 0.00157081417274, 0.000806121621281, 0.00017589154595, 1.07584810394e-05, 2.07577340916e-06, 3.66301748045e-07, 6.64068750211e-07, 1.03950935681e-06],
        "var": [0.501306295395, 13.7811717987, 33.9984436035, 262.018585205, 65.387298584, 135.326812744, 173.286621094, 486.947906494, 878.897827148, 7002.4453125, 9634.41992188, 30098.515625, 53031.0976562, 2269.62304688, 1860.46020508, 5402.18310547, 3674.07763672, 3836.27954102, 2909.5090332, 11087.1835938, 395.867523193, 247.240142822, 518.105834961, 155.896286011, 570.737670898, 316.307373047, 80.5436782837, 139.97744751, 114.313804626, 164.324630737, 80.9292984009, 72.8174667358, 45.7128143311, 17.8109588623, 5.01061439514, 0.547804713249, 0.0405497774482, 0.000224851421081, 9.67222675285e-08, 1.81661030663e-09]
    },
    "gfcc": {
        "mean": [23.1423492432, 90.0946807861, -117.873443604, 34.4784049988, -68.694984436, 25.6506786346, -36.3868255615, 16.2376346588, -18.1494045258, 6.34988737106, -10.9702472687, -2.10992836952, -7.17593383789],
        "cov": [[3081.18505859, -601.01965332, 368.807891846, 155.578674316, 206.52532959, 487.715942383, 305.976531982, 398.147949219, 238.491653442, 367.475982666, -37.0801582336, 234.464569092, -56.001625061], [-601.01965332, 914.723693848, -187.328720093, 12.6927127838, 157.865951538, -67.2085800171, 232.228424072, -52.1066894531, 60.7435073853, -101.322593689, 116.993492126, -75.7824859619, 98.6169052124], [368.807891846, -187.328720093, 812.502685547, 30.8742313385, 64.8270721436, 240.912582397, 84.4425125122, 150.215454102, -35.5457038879, 100.206565857, -42.3794364929, 151.566207886, -63.1714935303], [155.578674316, 12.6927127838, 30.8742313385, 223.191833496, 84.4716720581, 28.2662506104, -9.26358604431, 17.90599823, 48.6168327332, 11.8611078262, 57.780796051, 4.24877166748, 52.2754211426], [206.52532959, 157.865951538, 64.8270721436, 84.4716720581, 204.437240601, 89.3667221069, 107.311134338, 58.8944168091, 37.3562469482, 50.1389274597, 36.5350074768, 35.1977577209, 23.8555278778], [487.715942383, -67.2085800171, 240.912582397, 28.2662506104, 89.3667221069, 271.269989014, 172.955612183, 117.575523376, 25.4969520569, 62.6626396179, 15.6253929138, 80.1956329346, 6.87783670425], [305.976531982, 232.228424072, 84.4425125122, -9.26358604431, 107.311134338, 172.955612183, 330.263916016, 133.231811523, 80.756729126, 26.7800216675, 25.8807353973, 48.7704048157, 25.5015773773], [398.147949219, -52.1066894531, 150.215454102, 17.90599823, 58.8944168091, 117.575523376, 133.231811523, 178.484527588, 91.4612731934, 67.3860931396, -9.79476928711, 43.6260299683, -6.05089902878], [238.491653442, 60.7435073853, -35.5457038879, 48.6168327332, 37.3562469482, 25.4969520569, 80.756729126, 91.4612731934, 178.319992065, 57.7669677734, 21.5909481049, -4.11032533646, 13.5533981323], [367.475982666, -101.322593689, 100.206565857, 11.8611078262, 50.1389274597, 62.6626396179, 26.7800216675, 67.3860931396, 57.7669677734, 162.266830444, 27.920583725, 44.2539558411, -36.1397476196], [-37.0801582336, 116.993492126, -42.3794364929, 57.780796051, 36.5350074768, 15.6253929138, 25.8807353973, -9.79476928711, 21.5909481049, 27.920583725, 119.500450134, 17.5446624756, 34.8660507202], [234.464569092, -75.7824859619, 151.566207886, 4.24877166748, 35.1977577209, 80.1956329346, 48.7704048157, 43.6260299683, -4.11032533646, 44.2539558411, 17.5446624756, 123.028770447, 9.52658081055], [-56.001625061, 98.6169052124, -63.1714935303, 52.2754211426, 23.8555278778, 6.87783670425, 25.5015773773, -6.05089902878, 13.5533981323, -36.1397476196, 34.8660507202, 9.52658081055, 103.181854248]],
        "icov": [[0.000822387810331, 0.000267819035798, 0.000467321224278, -0.000729632680304, 4.76970999443e-05, -0.000920583202969, -0.000260017026449, -0.000486662203912, -0.000201841758098, -0.00113875640091, 0.000970517517999, -0.00085032597417, 0.000310428091325], [0.000267819035798, 0.00487957708538, -0.00138201727532, 0.00233245198615, -0.00445164134726, 0.00363917113282, -0.00478863157332, 0.00339559931308, -0.00217025796883, 0.00255529396236, -0.00421715574339, 0.00348478672095, -0.00209352956153], [0.000467321224278, -0.00138201727532, 0.00326302926987, -0.00219112378545, 0.00170624791645, -0.00318368058652, 0.00173212355003, -0.00285135745071, 0.00183272606228, -0.00180293095764, 0.00293479254469, -0.00366758508608, 0.00237948214635], [-0.000729632680304, 0.00233245198615, -0.00219112378545, 0.0100342128426, -0.00574764655903, 0.00208023283631, 0.000580700871069, 0.00199607200921, -0.00348029378802, 0.00399232888594, -0.00628374982625, 0.00420690281317, -0.00429630279541], [4.76970999443e-05, -0.00445164134726, 0.00170624791645, -0.00574764655903, 0.0123000312597, -0.00403237249702, 0.00168304168619, -0.00336039741524, 0.00321814580821, -0.00515277311206, 0.0046080769971, -0.00392471952364, 0.00162692053709], [-0.000920583202969, 0.00363917113282, -0.00318368058652, 0.00208023283631, -0.00403237249702, 0.0129240890965, -0.00698472606018, 0.00150286755525, 0.000356468081009, 0.0022112056613, -0.00495503749698, 0.00296436436474, -0.00296735903248], [-0.000260017026449, -0.00478863157332, 0.00173212355003, 0.000580700871069, 0.00168304168619, -0.00698472606018, 0.0121024660766, -0.0064003188163, 6.19187849225e-05, 0.000258856423898, 0.00218644668348, -0.00359042710625, 0.00158710952383], [-0.000486662203912, 0.00339559931308, -0.00285135745071, 0.00199607200921, -0.00336039741524, 0.00150286755525, -0.0064003188163, 0.0175000019372, -0.00713505549356, 0.000582546228543, -0.000460557464976, 0.00254270248115, -0.00191951356828], [-0.000201841758098, -0.00217025796883, 0.00183272606228, -0.00348029378802, 0.00321814580821, 0.000356468081009, 6.19187849225e-05, -0.00713505549356, 0.01214764826, -0.00462967297062, 0.00168018147815, 0.000105564475234, -0.000146230988321], [-0.00113875640091, 0.00255529396236, -0.00180293095764, 0.00399232888594, -0.00515277311206, 0.0022112056613, 0.000258856423898, 0.000582546228543, -0.00462967297062, 0.0151511132717, -0.00794895738363, 0.000820473767817, 0.00335246184841], [0.000970517517999, -0.00421715574339, 0.00293479254469, -0.00628374982625, 0.0046080769971, -0.00495503749698, 0.00218644668348, -0.000460557464976, 0.00168018147815, -0.00794895738363, 0.0181786641479, -0.00628892006353, -0.000331746879965], [-0.00085032597417, 0.00348478672095, -0.00366758508608, 0.00420690281317, -0.00392471952364, 0.00296436436474, -0.00359042710625, 0.00254270248115, 0.000105564475234, 0.000820473767817, -0.00628892006353, 0.0170189626515, -0.00559536088258], [0.000310428091325, -0.00209352956153, 0.00237948214635, -0.00429630279541, 0.00162692053709, -0.00296735903248, 0.00158710952383, -0.00191951356828, -0.000146230988321, 0.00335246184841, -0.000331746879965, -0.00559536088258, 0.0166334304959]]
    },
    "melbands": {
        "dmean": [0.00210274639539, 0.00121300911997, 0.000873746350408, 0.000341668986948, 0.000223271315917, 0.000204298630706, 0.000166347424965, 0.000278784398688, 0.000246859155595, 0.000257155770669, 0.000247914897045, 6.31223010714e-05, 5.44686590729e-05, 5.54225734959e-05, 6.35610122117e-05, 3.60412050213e-05, 5.05661046191e-05, 3.95204915549e-05, 4.23590718128e-05, 2.57749688899e-05, 7.55717019274e-06, 7.86518103268e-06, 1.08809417725e-05, 5.61354227102e-06, 4.27668464908e-06, 7.30749070499e-06, 6.75414867146e-06, 4.1118541958e-06, 2.02568480745e-06, 2.29280271924e-06, 2.43257773036e-06, 2.40614713221e-06, 1.96250039153e-06, 3.33950515596e-06, 1.78452307864e-06, 2.06913250622e-06, 2.03594026971e-06, 1.95240522771e-06, 1.35866775963e-06, 1.156796543e-06],
        "dmean2": [0.00356414681301, 0.00207956088707, 0.00160447019152, 0.000589081086218, 0.000364366162103, 0.000327397021465, 0.00026412284933, 0.00043834396638, 0.000383865350159, 0.000391351321014, 0.000360148405889, 9.31034446694e-05, 8.59069114085e-05, 8.66631380632e-05, 9.75504008238e-05, 5.84950212215e-05, 8.03837101557e-05, 6.23221567366e-05, 6.58865537844e-05, 3.91140165448e-05, 1.19462711154e-05, 1.25873621073e-05, 1.68841925188e-05, 8.70996518643e-06, 6.76486979501e-06, 1.17150111691e-05, 1.05787248685e-05, 6.59992747387e-06, 3.33744605996e-06, 3.66386120731e-06, 3.93861682824e-06, 4.00063936468e-06, 3.18970273838e-06, 5.52423671252e-06, 2.82865107692e-06, 3.40514793606e-06, 3.20058529724e-06, 3.11527332997e-06, 2.15030240724e-06, 1.84605448794e-06],
        "dvar": [1.61376956385e-05, 7.29897055862e-06, 9.73967598838e-06, 3.99672757112e-07, 1.64320937301e-07, 1.44915091482e-07, 1.27095475477e-07, 3.7045694512e-07, 2.62665338369e-07, 3.4503480606e-07, 3.45193910789e-07, 2.6176820711e-08, 1.04560937686e-08, 1.28263124566e-08, 1.97184597539e-08, 5.44685274662e-09, 1.3568075552e-08, 6.69016486654e-09, 7.00069024973e-09, 3.3170985958e-09, 1.40959591222e-10, 1.57407850643e-10, 2.97106617086e-10, 1.22975837846e-10, 4.14823453365e-11, 1.4113249458e-10, 9.2413972308e-11, 5.80087852753e-11, 1.26128083672e-11, 2.10731761902e-11, 3.04356088943e-11, 2.51600164314e-11, 1.54795083002e-11, 6.70653671486e-11, 1.71702044943e-11, 2.75889935897e-11, 1.9387649472e-11, 1.57628320119e-11, 1.11110027429e-11, 8.40290857729e-12],
        "dvar2": [4.38671704615e-05, 1.88648100448e-05, 2.78742609225e-05, 1.19133858334e-06, 4.49060820529e-07, 3.57382560878e-07, 3.07278014589e-07, 9.60603415479e-07, 6.24873052857e-07, 8.31238594401e-07, 6.40794382889e-07, 5.49148531093e-08, 2.42570106224e-08, 2.9945123714e-08, 4.76473225319e-08, 1.39505811347e-08, 3.27011271395e-08, 1.67536935436e-08, 1.66979781113e-08, 7.34251059953e-09, 3.38588823645e-10, 3.68318014976e-10, 7.18399284505e-10, 2.9688257408e-10, 1.00134248116e-10, 3.69776265163e-10, 2.11329329036e-10, 1.35588332228e-10, 2.94863335137e-11, 4.92151562559e-11, 6.76131789445e-11, 5.89015572428e-11, 3.55360983695e-11, 1.67502942072e-10, 4.16773560108e-11, 7.1821243397e-11, 4.71181565986e-11, 3.49391036936e-11, 2.59202711378e-11, 1.89612110735e-11],
        "max": [0.0409206077456, 0.023512089625, 0.0238716285676, 0.00636671017855, 0.00686781760305, 0.00517095206305, 0.00484147807583, 0.00933560356498, 0.00730603048578, 0.00795245822519, 0.0091159241274, 0.00370035739616, 0.00125567091163, 0.00173039117362, 0.00217498629354, 0.0010968525894, 0.00197714660317, 0.000792140315752, 0.000908692658413, 0.00100773572922, 0.000193963991478, 0.00014619747526, 0.000220680260099, 0.000120654294733, 6.43690145807e-05, 0.000167117264937, 0.000122991696117, 0.000133733061375, 4.44537618023e-05, 7.05223501427e-05, 0.000107510037196, 8.78656283021e-05, 6.2447405071e-05, 7.25170611986e-05, 7.15628775652e-05, 7.57679517847e-05, 5.82148568355e-05, 4.21824151999e-05, 4.03905687563e-05, 3.69592271454e-05],
        "mean": [0.00545101426542, 0.0022602758836, 0.000733255408704, 0.00051732850261, 0.000406564678997, 0.000313168246066, 0.000252032041317, 0.000542922527529, 0.000494532985613, 0.00049234245671, 0.000542318215594, 0.000102708043414, 8.3839870058e-05, 8.98514408618e-05, 9.7288415418e-05, 5.39782849955e-05, 7.23167977412e-05, 5.51742014068e-05, 6.52397357044e-05, 4.5613898692e-05, 1.38890054586e-05, 1.42746184792e-05, 1.9272631107e-05, 9.7997708508e-06, 7.82983443059e-06, 1.38048781082e-05, 1.26167242342e-05, 7.34944478609e-06, 3.64282936971e-06, 4.07723609896e-06, 4.62006437374e-06, 4.26841643275e-06, 3.64872630598e-06, 4.57287796962e-06, 2.9737038858e-06, 3.04608852275e-06, 3.07564346258e-06, 2.85395799438e-06, 1.87215050573e-06, 1.4662813328e-06],
        "median": [0.00594601361081, 0.00125942111481, 0.00022366529447, 0.000274678895948, 0.000258586980635, 0.000159860908752, 0.000102393081761, 0.000153305096319, 0.000138823830639, 0.000111825211206, 8.45815302455e-05, 3.93558948417e-05, 3.43391402566e-05, 3.48876565113e-05, 3.18364654959e-05, 1.8165088477e-05, 2.83172885247e-05, 1.91554681805e-05, 1.57248414325e-05, 1.10199134724e-05, 7.61581304687e-06, 8.32874775369e-06, 1.05346762211e-05, 4.95118092658e-06, 4.4049124881e-06, 7.72044586483e-06, 7.6535206972e-06, 3.64849915968e-06, 1.84499856459e-06, 1.88222315955e-06, 2.49948880082e-06, 2.42575833909e-06, 1.95983352569e-06, 1.91412800632e-06, 1.36802589168e-06, 1.29982049657e-06, 1.35888512887e-06, 1.03147215214e-06, 6.35502317436e-07, 4.09124453427e-07],
        "min": [3.71888205564e-07, 3.1059084904e-06, 8.28374686535e-06, 3.64326797353e-06, 9.72598718363e-06, 2.51357187153e-06, 9.21148171074e-07, 1.4497753682e-06, 1.89027139186e-06, 1.0439413245e-06, 5.76008460484e-07, 2.25633584705e-07, 2.99957349625e-07, 3.81532856863e-07, 4.2663978661e-07, 3.58195762828e-07, 2.77903126289e-07, 1.58298689712e-07, 1.96851758005e-07, 1.0680115281e-07, 1.34181092903e-07, 1.76653955464e-07, 1.5690419275e-07, 6.97915680803e-08, 6.33177208442e-08, 1.11641114131e-07, 7.65253602708e-08, 5.11870830167e-08, 3.24075060121e-08, 2.8649751016e-08, 1.74724945623e-08, 1.02457331508e-08, 1.47317749111e-08, 8.53321679983e-09, 4.98302821228e-09, 3.00690827792e-09, 2.05487599159e-10, 1.27446020404e-09, 4.78941608595e-10, 8.85700679465e-11],
