{
"highlevel": {
    "danceability": {
        "all": {
            "danceable": 0.998732507229,
            "not_danceable": 0.0012674749596
        },
        "probability": 0.998732507229,
        "value": "danceable"
    },
    "gender": {
        "all": {
            "female": 0.539569795132,
            "male": 0.460430175066
        },
        "probability": 0.539569795132,
        "value": "female"
    },
    "genre_dortmund": {
        "all": {
            "alternative": 0.219696387649,
            "blues": 0.0406814999878,
            "electronic": 0.0342451259494,
            "folkcountry": 0.0325239859521,
            "funksoulrnb": 0.01431251131,
            "jazz": 0.0201638489962,
            "pop": 0.0274803936481,
            "raphiphop": 0.00351596996188,
            "rock": 0.607380270958
        },
        "probability": 0.607380270958,
        "value": "rock"
    },
    "genre_electronic": {
        "all": {
            "ambient": 0.705180346966,
            "dnb": 0.0967150554061,
            "house": 0.0185033231974,
            "techno": 0.0133135281503,
            "trance": 0.166287735105
        },
        "probability": 0.705180346966,
        "value": "ambient"
    },
    "genre_rosamerica": {
        "all": {
            "cla": 0.0129246301949,
            "dan": 0.0164201036096,
            "hip": 0.00769751472399,
            "jaz": 0.00544416252524,
            "pop": 0.0614227727056,
            "rhy": 0.0398324243724,
            "roc": 0.8551466465,
            "spe": 0.0011117485119
        },
        "probability": 0.8551466465,
        "value": "roc"
    },
    "genre_tzanetakis": {
        "all": {
            "blu": 0.0620671063662,
            "cla": 0.034474901855,
            "cou": 0.103433981538,
            "dis": 0.0620971247554,
            "hip": 0.15527240932,
            "jaz": 0.310666948557,
            "met": 0.044346679002,
            "pop": 0.0620793737471,
            "reg": 0.0620816536248,
            "roc": 0.103479810059
        },
        "probability": 0.310666948557,
        "value": "jaz"
    },
    "ismir04_rhythm": {
        "all": {
            "ChaChaCha": 0.314488142729,
            "Jive": 0.0847214907408,
            "Quickstep": 0.0404003858566,
            "Rumba-American": 0.0473894514143,
            "Rumba-International": 0.015279517509,
            "Rumba-Misc": 0.00755591085181,
            "Samba": 0.106852054596,
            "Tango": 0.207352489233,
            "VienneseWaltz": 0.166672229767,
            "Waltz": 0.00928833056241
        },
        "probability": 0.314488142729,
        "value": "ChaChaCha"
    },
    "mood_acoustic": {
        "all": {
            "acoustic": 0.0041806907393,
            "not_acoustic": 0.995819330215
        },
        "probability": 0.995819330215,
        "value": "not_acoustic"
    },
    "mood_aggressive": {
        "all": {
            "aggressive": 0.831218779087,
            "not_aggressive": 0.168781191111
        },
        "probability": 0.831218779087,
        "value": "aggressive"
    },
    "mood_electronic": {
        "all": {
            "electronic": 0.600233078003,
            "not_electronic": 0.399766921997
        },
        "probability": 0.600233078003,
        "value": "electronic"
    },
    "mood_happy": {
        "all": {
            "happy": 0.387182503939,
            "not_happy": 0.612817525864
        },
        "probability": 0.612817525864,
        "value": "not_happy"
    },
    "mood_party": {
        "all": {
            "not_party": 0.705917656422,
            "party": 0.294082343578
        },
        "probability": 0.705917656422,
        "value": "not_party"
    },
    "mood_relaxed": {
        "all": {
            "not_relaxed": 0.640682041645,
            "relaxed": 0.359317958355
        },
        "probability": 0.640682041645,
        "value": "not_relaxed"
    },
    "mood_sad": {
        "all": {
            "not_sad": 0.609535992146,
            "sad": 0.390464007854
        },
        "probability": 0.609535992146,
        "value": "not_sad"
    },
    "moods_mirex": {
        "all": {
            "Cluster1": 0.134995505214,
            "Cluster2": 0.118297338486,
            "Cluster3": 0.0823639333248,
            "Cluster4": 0.0502349734306,
            "Cluster5": 0.614108264446
        },
        "probability": 0.614108264446,
        "value": "Cluster5"
    },
    "timbre": {
        "all": {
            "bright": 0.293076664209,
            "dark": 0.706923365593
        },
        "probability": 0.706923365593,
        "value": "dark"
    },
    "tonal_atonal": {
        "all": {
            "atonal": 0.00527093559504,
            "tonal": 0.994729042053
        },
        "probability": 0.994729042053,
        "value": "tonal"
    },
    "voice_instrumental": {
        "all": {
            "instrumental": 0.00595967844129,
            "voice": 0.994040310383
        },
        "probability": 0.994040310383,
        "value": "voice"
    }
},
"lowlevel": {
    "average_loudness": 0.965866744518,
    "barkbands_crest": {
        "dmean": 2.67562317848,
        "dmean2": 4.29965400696,
        "dvar": 5.59594869614,
        "dvar2": 13.7941942215,
        "max": 24.7514095306,
        "mean": 9.73955917358,
        "median": 8.86466217041,
        "min": 3.05250883102,
        "var": 15.8800916672
    },
    "barkbands_flatness_db": {
        "dmean": 0.0194627195597,
        "dmean2": 0.0291962474585,
        "dvar": 0.000259765918599,
        "dvar2": 0.00059654971119,
        "max": 0.292293608189,
        "mean": 0.141947716475,
        "median": 0.137969732285,
        "min": 0.0591668859124,
        "var": 0.00124036427587
    },
    "barkbands_kurtosis": {
        "dmean": 1.2931085825,
        "dmean2": 2.00353956223,
        "dvar": 3.20492577553,
        "dvar2": 7.13609981537,
        "max": 30.6925506592,
        "mean": 1.5618032217,
        "median": 0.779500722885,
        "min": -1.50921297073,
        "var": 8.47330474854
    },
    "barkbands_skewness": {
        "dmean": 0.370799690485,
        "dmean2": 0.568432807922,
        "dvar": 0.127711638808,
        "dvar2": 0.282724410295,
        "max": 3.88014268875,
        "mean": 0.77750813961,
        "median": 0.756813108921,
        "min": -1.42853021622,
        "var": 0.595561683178
    },
    "barkbands_spread": {
        "dmean": 4.26593875885,
        "dmean2": 6.30185365677,
        "dvar": 15.4097328186,
        "dvar2": 33.3286170959,
        "max": 56.5942382812,
        "mean": 20.8251304626,
        "median": 20.4285774231,
        "min": 2.12600064278,
        "var": 66.3357772827
    },
    "dissonance": {
        "dmean": 0.0198350250721,
        "dmean2": 0.033557780087,
        "dvar": 0.000347627035808,
        "dvar2": 0.000950089655817,
        "max": 0.499999970198,
        "mean": 0.469567865133,
        "median": 0.476351112127,
        "min": 0.350853323936,
        "var": 0.000608853588346
    },
    "dynamic_complexity": 1.4247893095,
    "erbbands_crest": {
        "dmean": 3.272346735,
        "dmean2": 5.2290148735,
        "dvar": 8.96741294861,
        "dvar2": 23.1092014313,
        "max": 30.0539932251,
        "mean": 12.5164966583,
        "median": 11.5212917328,
        "min": 2.30314183235,
        "var": 35.3789863586
    },
    "erbbands_flatness_db": {
        "dmean": 0.0228975471109,
        "dmean2": 0.0313364751637,
        "dvar": 0.000422398734372,
        "dvar2": 0.000748856575228,
        "max": 0.299476325512,
        "mean": 0.175708115101,
        "median": 0.175907760859,
        "min": 0.0543210729957,
        "var": 0.00228653475642
    },
    "erbbands_kurtosis": {
        "dmean": 1.52358388901,
        "dmean2": 2.39177393913,
        "dvar": 4.68052721024,
        "dvar2": 10.6150531769,
        "max": 27.8607368469,
        "mean": 2.18880581856,
        "median": 1.05716276169,
        "min": -1.64450871944,
        "var": 12.6297931671
    },
    "erbbands_skewness": {
        "dmean": 0.391062021255,
        "dmean2": 0.612850904465,
        "dvar": 0.134748786688,
        "dvar2": 0.321376115084,
        "max": 4.32517337799,
        "mean": 0.700045883656,
        "median": 0.542915821075,
        "min": -1.45392918587,
        "var": 0.628906428814
    },
    "erbbands_spread": {
        "dmean": 5.68173074722,
        "dmean2": 8.41605758667,
        "dvar": 32.7883224487,
        "dvar2": 68.1352615356,
        "max": 83.3644866943,
        "mean": 24.6751422882,
        "median": 23.3609027863,
        "min": 3.3953139782,
        "var": 145.88949585
    },
    "hfc": {
        "dmean": 8.04397773743,
        "dmean2": 12.0114498138,
        "dvar": 71.7965393066,
        "dvar2": 163.163085938,
        "max": 85.9811553955,
        "mean": 31.2591152191,
        "median": 27.6524887085,
        "min": 3.45633029938,
        "var": 250.904937744
    },
    "melbands_crest": {
        "dmean": 2.98902225494,
        "dmean2": 4.92049980164,
        "dvar": 7.17792034149,
        "dvar2": 17.867149353,
        "max": 28.8676605225,
        "mean": 12.1483736038,
        "median": 11.4001216888,
        "min": 3.65011763573,
        "var": 17.260684967
    },
    "melbands_flatness_db": {
        "dmean": 0.0210531633347,
        "dmean2": 0.030692987144,
        "dvar": 0.00034271099139,
        "dvar2": 0.000792707141954,
        "max": 0.375437736511,
        "mean": 0.178583338857,
        "median": 0.173474237323,
        "min": 0.0687361955643,
        "var": 0.0018431446515
    },
    "melbands_kurtosis": {
        "dmean": 2.46128320694,
        "dmean2": 3.86661720276,
        "dvar": 14.1772623062,
        "dvar2": 33.9271507263,
        "max": 56.8188323975,
        "mean": 4.07452106476,
        "median": 2.30644369125,
        "min": -1.52033996582,
        "var": 31.7099094391
    },
    "melbands_skewness": {
        "dmean": 0.503713309765,
        "dmean2": 0.761904537678,
        "dvar": 0.254329770803,
        "dvar2": 0.568844795227,
        "max": 6.81301355362,
        "mean": 1.30718874931,
        "median": 1.18402993679,
        "min": -1.21613395214,
        "var": 1.04116940498
    },
    "melbands_spread": {
        "dmean": 5.29140710831,
        "dmean2": 8.38213443756,
        "dvar": 24.5070285797,
        "dvar2": 58.5671882629,
        "max": 59.5846977234,
        "mean": 26.1973247528,
        "median": 25.0446014404,
        "min": 3.30678606033,
        "var": 97.8310241699
    },
    "pitch_salience": {
        "dmean": 0.0681503489614,
        "dmean2": 0.110946998,
        "dvar": 0.00351434550248,
        "dvar2": 0.00886002741754,
        "max": 0.80977499485,
        "mean": 0.556008636951,
        "median": 0.55356246233,
        "min": 0.257216751575,
        "var": 0.00914269033819
    },
    "silence_rate_20dB": {
        "dmean": 0,
        "dmean2": 0,
        "dvar": 0,
        "dvar2": 0,
        "max": 1,
        "mean": 1,
        "median": 1,
        "min": 1,
        "var": 0
    },
    "silence_rate_30dB": {
        "dmean": 0,
        "dmean2": 0,
        "dvar": 0,
        "dvar2": 0,
        "max": 1,
        "mean": 1,
        "median": 1,
        "min": 1,
        "var": 0
    },
    "silence_rate_60dB": {
        "dmean": 0,
        "dmean2": 0,
        "dvar": 0,
        "dvar2": 0,
        "max": 0,
        "mean": 0,
        "median": 0,
        "min": 0,
        "var": 0
    },
    "spectral_centroid": {
        "dmean": 185.43157959,
        "dmean2": 289.907653809,
        "dvar": 28379.0214844,
        "dvar2": 71311.046875,
        "max": 2527.55859375,
        "mean": 1343.50048828,
        "median": 1331.85778809,
        "min": 376.075714111,
        "var": 134892.34375
    },
    "spectral_complexity": {
        "dmean": 4.00464391708,
        "dmean2": 6.08597993851,
        "dvar": 14.3607110977,
        "dvar2": 28.37774086,
        "max": 52,
        "mean": 25.8290805817,
        "median": 26,
        "min": 3,
        "var": 54.9877700806
    },
    "spectral_decrease": {
        "dmean": 2.67562350054e-09,
        "dmean2": 4.21180557098e-09,
        "dvar": 8.95720715391e-18,
        "dvar2": 2.20885546216e-17,
        "max": -1.38427092011e-09,
        "mean": -8.99908680907e-09,
        "median": -8.32459612354e-09,
        "min": -3.10392280767e-08,
        "var": 1.61726515248e-17
    },
    "spectral_energy": {
        "dmean": 0.0107177821919,
        "dmean2": 0.0167919918895,
        "dvar": 0.000140617659781,
        "dvar2": 0.000345375272445,
        "max": 0.122816510499,
        "mean": 0.0367998667061,
        "median": 0.0341091230512,
        "min": 0.00596026843414,
        "var": 0.0002641431347
    },
    "spectral_energyband_high": {
        "dmean": 0.000349878071574,
        "dmean2": 0.000453273794847,
        "dvar": 2.57488579791e-07,
        "dvar2": 4.03962303608e-07,
        "max": 0.00554062565789,
        "mean": 0.000838712789118,
        "median": 0.000517167209182,
        "min": 1.00978359114e-05,
        "var": 8.20114451017e-07
    },
    "spectral_energyband_low": {
        "dmean": 0.00476138712838,
        "dmean2": 0.00753503339365,
        "dvar": 5.74660225539e-05,
        "dvar2": 0.000129616542836,
        "max": 0.093020170927,
        "mean": 0.0100376578048,
        "median": 0.00815323553979,
        "min": 1.70487364812e-05,
        "var": 9.32919720071e-05
    },
    "spectral_energyband_middle_high": {
        "dmean": 0.0035255914554,
        "dmean2": 0.00548153184354,
        "dvar": 1.98750731215e-05,
        "dvar2": 5.16024774697e-05,
        "max": 0.0540700256824,
        "mean": 0.011066686362,
        "median": 0.00816368032247,
        "min": 0.000326153531205,
        "var": 8.34245074657e-05
    },
    "spectral_energyband_middle_low": {
        "dmean": 0.0066443271935,
        "dmean2": 0.0108031230047,
        "dvar": 6.77500356687e-05,
        "dvar2": 0.000175763692823,
        "max": 0.0801758915186,
        "mean": 0.0160708557814,
        "median": 0.013114743866,
        "min": 0.00133537501097,
        "var": 0.0001238391269
    },
    "spectral_entropy": {
        "dmean": 0.127091005445,
        "dmean2": 0.178403735161,
        "dvar": 0.0148830488324,
        "dvar2": 0.0275014936924,
        "max": 8.30734062195,
        "mean": 7.60124778748,
        "median": 7.60037136078,
        "min": 6.26330089569,
        "var": 0.0799573808908
    },
    "spectral_flux": {
        "dmean": 0.0246387775987,
        "dmean2": 0.0381099954247,
        "dvar": 0.000641965481918,
        "dvar2": 0.00131031486671,
        "max": 0.265589356422,
        "mean": 0.100995093584,
        "median": 0.09218069911,
        "min": 0.0174134783447,
        "var": 0.0017318984028
    },
    "spectral_kurtosis": {
        "dmean": 1.71322786808,
        "dmean2": 2.90843391418,
        "dvar": 2.90423989296,
        "dvar2": 8.80736923218,
        "max": 20.1469516754,
        "mean": 4.77046203613,
        "median": 4.35399532318,
        "min": 0.0796353816986,
        "var": 5.89686393738
    },
    "spectral_rms": {
        "dmean": 0.000839929212816,
        "dmean2": 0.0012958177831,
        "dvar": 6.87108411057e-07,
        "dvar2": 1.64290815974e-06,
        "max": 0.010946277529,
        "mean": 0.00585424946621,
        "median": 0.00576863856986,
        "min": 0.00241140951402,
        "var": 1.63005063314e-06
    },
    "spectral_rolloff": {
        "dmean": 266.114532471,
        "dmean2": 442.305877686,
        "dvar": 130508.703125,
        "dvar2": 331434.0625,
        "max": 4995.703125,
        "mean": 1288.5447998,
        "median": 1227.39257812,
        "min": 193.798828125,
        "var": 283131.21875
    },
    "spectral_skewness": {
        "dmean": 0.233128175139,
        "dmean2": 0.377395004034,
        "dvar": 0.0418771654367,
        "dvar2": 0.112319543958,
        "max": 3.43398952484,
        "mean": 1.5996491909,
        "median": 1.58634102345,
        "min": 0.609524428844,
        "var": 0.116457022727
    },
    "spectral_spread": {
        "dmean": 514012.53125,
        "dmean2": 674160.125,
        "dvar": 351694192640,
        "dvar2": 481056980992,
        "max": 15591780,
        "mean": 4059098.75,
        "median": 3858377,
        "min": 2102142,
        "var": 1.51137563443e+12
    },
    "spectral_strongpeak": {
        "dmean": 0.975918412209,
        "dmean2": 1.66935229301,
        "dvar": 1.58155417442,
        "dvar2": 3.79221653938,
        "max": 10.6453962326,
        "mean": 1.86556410789,
        "median": 1.24386501312,
        "min": 0.0429754219949,
        "var": 3.47560787201
    },
    "zerocrossingrate": {
        "dmean": 0.007448178716,
        "dmean2": 0.00885638594627,
        "dvar": 4.95905806019e-05,
        "dvar2": 6.42675877316e-05,
        "max": 0.12744140625,
        "mean": 0.0596881359816,
        "median": 0.05908203125,
        "min": 0.01123046875,
        "var": 0.000320805003867
    },
    "barkbands": {
        "dmean": [4.90150341648e-05, 0.0032001666259, 0.00238143000752, 0.00163421151228, 0.00187661603559, 0.00111288030166, 0.000574697623961, 0.000816730083898, 0.00311253312975, 0.00099641061388, 0.000574285746552, 0.00138535711449, 0.00148306344636, 0.000702032295521, 0.000525022158399, 0.00024634753936, 0.000249317061389, 0.000142744989716, 0.000154246474267, 0.000116031631478, 8.27612093417e-05, 7.11229658918e-05, 6.08697664575e-05, 7.95985833975e-05, 5.28534437763e-05, 5.38253807463e-05, 3.55015195019e-09],
        "dmean2": [7.56137887947e-05, 0.00501078972593, 0.0040627499111, 0.00292508257553, 0.00321776699275, 0.00186853925698, 0.000944486237131, 0.00128833367489, 0.00493042683229, 0.00159780797549, 0.000929922738578, 0.00218372186646, 0.00252090534195, 0.00116736930795, 0.000856437138282, 0.000408535997849, 0.000407282001106, 0.000236670879531, 0.000249674165389, 0.000188627440366, 0.000128274798044, 0.00010445969383, 8.54564132169e-05, 0.00011154711683, 7.89886689745e-05, 7.40577597753e-05, 5.2629682834e-09],
        "dvar": [1.08323821024e-08, 2.74357716989e-05, 1.97315075638e-05, 1.14774557005e-05, 1.29186164486e-05, 4.52633275927e-06, 2.08202072827e-06, 5.60328271604e-06, 2.26506381296e-05, 3.05880780616e-06, 8.80841639628e-07, 6.62094362269e-06, 1.08189960883e-05, 2.0817440145e-06, 6.70855456519e-07, 1.11137460124e-07, 1.06216738516e-07, 3.4055407383e-08, 3.13788746098e-08, 2.53173642051e-08, 1.37385356425e-08, 1.21403509468e-08, 1.2032478125e-08, 2.16937401376e-08, 8.62205151719e-09, 1.14216529568e-08, 2.37901273456e-15],
        "dvar2": [2.19193836415e-08, 5.92419200984e-05, 5.35841209057e-05, 3.19270548061e-05, 3.50110276486e-05, 1.01296091088e-05, 4.72260489914e-06, 1.23369873108e-05, 6.04605156695e-05, 8.18857733975e-06, 2.24120526582e-06, 1.62485684996e-05, 3.13857963192e-05, 5.30965144208e-06, 1.69243173787e-06, 2.81920847556e-07, 2.80043707335e-07, 8.88520617082e-08, 7.82183917636e-08, 6.73433646625e-08, 3.28049232223e-08, 2.42546409623e-08, 2.34846666558e-08, 4.11312406357e-08, 1.91876043942e-08, 2.15707860463e-08, 2.46746817348e-15],
        "max": [0.00167217408307, 0.0543375611305, 0.0549146234989, 0.0320115685463, 0.0306622870266, 0.046066686511, 0.0423802882433, 0.0581943690777, 0.0764031112194, 0.0315615870059, 0.0143648330122, 0.0465179421008, 0.0473412834108, 0.0265922192484, 0.0117377554998, 0.00296337995678, 0.00438457773998, 0.0020080562681, 0.00219497107901, 0.00183502340224, 0.00172083068173, 0.00120071927086, 0.00138491543476, 0.00187016953714, 0.000904212880414, 0.00116850365885, 1.69124314198e-06],
        "mean": [6.15530370851e-05, 0.00591162173077, 0.00325655960478, 0.00180674728472, 0.00233083544299, 0.00155983946752, 0.00105815636925, 0.00137783121318, 0.00704511068761, 0.00178898696322, 0.000897690595593, 0.0024830608163, 0.00265467632562, 0.00115506211296, 0.000859507301357, 0.00041001784848, 0.000514828017913, 0.000280875683529, 0.00037179197534, 0.000240737164859, 0.000182235860848, 0.00014969969925, 0.000112794703455, 0.000136650298373, 7.96836538939e-05, 7.33583729016e-05, 3.04541036833e-09],
        "median": [2.54697515629e-05, 0.00470924004912, 0.00171174271964, 0.000732586893719, 0.00113666139077, 0.000897112418897, 0.00053803389892, 0.000481155031594, 0.00439437152818, 0.00105575227644, 0.000525550043676, 0.000882507767528, 0.000492524006404, 0.00046468648361, 0.000519165536389, 0.000272138509899, 0.000355812197085, 0.00020977461827, 0.00029468932189, 0.000175626322743, 0.000131620006869, 8.02643917268e-05, 4.42791206297e-05, 5.13908744324e-05, 2.6581074053e-05, 1.30853659357e-05, 5.99714111704e-10],
        "min": [2.92720514494e-09, 4.47362981504e-06, 9.71014924289e-06, 7.02711076883e-07, 3.67706597899e-05, 1.17901154226e-05, 8.22136735223e-06, 7.00106238583e-06, 7.77821405791e-05, 1.49373472595e-05, 5.53508562007e-06, 8.62714932737e-06, 4.9996801863e-06, 2.79994628727e-06, 2.56090625044e-05, 2.4681638024e-05, 8.18073840492e-06, 3.2312195799e-06, 6.81104120304e-06, 3.82952021027e-06, 1.68058863892e-06, 2.0516351924e-06, 5.84131498726e-07, 2.45993931003e-07, 2.54223836427e-10, 1.83141661558e-11, 1.63814049131e-11],
        "var": [1.22226353483e-08, 4.14169080614e-05, 1.94123458641e-05, 8.81709729583e-06, 1.20205604617e-05, 6.82109021e-06, 3.9213105083e-06, 1.81534633157e-05, 6.11387004028e-05, 7.43747659726e-06, 1.43676970765e-06, 1.63661770785e-05, 2.8055452276e-05, 4.3475174607e-06, 1.19878166061e-06, 1.64364337252e-07, 2.39328727503e-07, 6.27717255952e-08, 8.58329940456e-08, 5.15443687732e-08, 2.94483122332e-08, 3.24761089132e-08, 2.71442015531e-08, 4.89000662185e-08, 1.61150239819e-08, 2.2130613786e-08, 2.36068950609e-15]
    },
    "erbbands": {
        "dmean": [0.0842888280749, 0.790255308151, 2.42672348022, 4.07876110077, 6.40191888809, 6.47109079361, 8.29188251495, 8.8058681488, 7.32495880127, 10.1827096939, 29.8466682434, 79.8978652954, 38.0372238159, 20.9236469269, 24.0963344574, 62.8179550171, 63.0135192871, 46.1878051758, 21.5217075348, 27.8293247223, 11.9090604782, 11.2947940826, 8.06331253052, 8.1005821228, 6.26211500168, 5.83423185349, 4.26097249985, 2.74761581421, 2.63863539696, 2.19865679741, 1.72015857697, 1.57630801201, 1.40546154976, 0.76096367836, 0.319928854704, 0.157210186124, 0.141495347023, 0.0132092041895, 0.00022410483507, 1.86795332411e-05],
        "dmean2": [0.12597681582, 1.25360536575, 4.1062040329, 7.23104381561, 11.3447742462, 10.8883733749, 13.7459306717, 14.8537988663, 12.0646333694, 16.7563018799, 47.325378418, 125.85974884, 60.5594978333, 33.6595573425, 39.2262229919, 98.8107147217, 104.052597046, 77.3230743408, 34.5995063782, 46.1929931641, 19.7747764587, 18.683511734, 13.1586952209, 13.2341117859, 9.98476696014, 9.65187644958, 6.78465080261, 4.14033508301, 3.871489048, 3.2278854847, 2.41914629936, 2.29738283157, 1.96251130104, 1.11447000504, 0.502583503723, 0.239833056927, 0.19632704556, 0.0189634803683, 0.000314113916829, 2.59370663116e-05],
        "dvar": [0.0242581050843, 1.6086370945, 17.5559234619, 79.7374801636, 162.441680908, 136.275482178, 291.016662598, 259.856048584, 115.267753601, 912.196411133, 4720.59423828, 16470.6464844, 3156.48754883, 2289.21533203, 1541.32324219, 15051.0449219, 16129.4658203, 8511.90527344, 1419.44873047, 1937.61547852, 252.129577637, 251.915588379, 107.711418152, 96.1773986816, 61.9677505493, 71.0551376343, 41.6910362244, 14.6882343292, 16.8641891479, 15.5978002548, 9.75496578217, 9.10552120209, 6.90495967865, 1.8411449194, 0.329429358244, 0.0708239525557, 0.0954547822475, 0.000840866414364, 2.27414219012e-07, 5.52818069099e-10],
        "dvar2": [0.0478597395122, 3.76651978493, 46.0796890259, 219.976257324, 454.714233398, 360.356323242, 673.646850586, 622.560241699, 285.805877686, 2325.37841797, 10518.1826172, 44210.6875, 8282.55957031, 5895.19482422, 4084.9387207, 37274.2539062, 46098.2460938, 23010.6855469, 3198.53417969, 5042.51757812, 632.897521973, 654.047485352, 273.814971924, 242.645843506, 149.156051636, 196.730651855, 109.835136414, 30.5646152496, 34.8978004456, 32.4333381653, 19.2349281311, 19.3786582947, 13.6700696945, 3.87920427322, 0.825993061066, 0.162018880248, 0.17709967494, 0.00169643480331, 4.46525092457e-07, 9.80491909885e-10],
        "max": [1.36727166176, 13.6713552475, 55.77003479, 82.182510376, 103.555351257, 106.581115723, 468.509979248, 341.374481201, 144.212615967, 959.559082031, 1481.5567627, 2136.37451172, 1140.32312012, 1181.7578125, 569.137695312, 2392.06030273, 1566.61181641, 1504.13244629, 830.617553711, 817.391662598, 168.74055481, 197.776412964, 125.26600647, 125.800186157, 132.332107544, 114.2188797, 99.7942962646, 39.7062797546, 47.0628356934, 50.0963935852, 40.9034538269, 36.183139801, 33.0488433838, 13.5795984268, 5.88131332397, 2.95596623421, 3.31361222267, 0.333046793938, 0.00553566589952, 0.000285642658127],
        "mean": [0.130395039916, 1.46689522266, 3.89363026619, 4.79807949066, 7.15184020996, 8.0694026947, 10.5200443268, 12.2690553665, 13.1240901947, 18.1183872223, 62.3663482666, 171.914031982, 79.9899597168, 41.4300079346, 45.9773101807, 116.859825134, 119.303970337, 86.3245925903, 40.669052124, 44.8893852234, 23.215719223, 24.5372257233, 17.8166942596, 18.9310283661, 15.505484581, 12.0756006241, 8.97331905365, 6.22509241104, 5.5620598793, 4.05795526505, 3.15379834175, 2.61104488373, 2.3423345089, 1.17568135262, 0.423483103514, 0.205163702369, 0.18668846786, 0.0165985450149, 0.000308587827021, 5.70568117837e-05],
        "median": [0.0630692765117, 1.21927392483, 2.73897647858, 2.82304215431, 3.11892771721, 3.67605876923, 5.47493124008, 7.1594004631, 7.71224117279, 10.3010263443, 35.5173454285, 112.09034729, 45.8317756653, 25.8132266998, 27.3309841156, 42.1822814941, 32.0201911926, 27.5454845428, 25.3498935699, 28.575963974, 17.4625644684, 18.0463829041, 13.4246797562, 15.6303129196, 11.8999710083, 8.73278999329, 6.32260847092, 4.34503936768, 3.06237626076, 1.72281968594, 1.27088427544, 0.988106787205, 0.851253330708, 0.397986739874, 0.130141481757, 0.0564319379628, 0.0213136747479, 0.00144195382018, 5.51413540961e-05, 4.66136007162e-05],
        "min": [5.81035055802e-05, 0.00157631374896, 0.0102491062135, 0.0110200708732, 0.0304749421775, 0.154545933008, 0.0934551954269, 0.115203626454, 0.241409137845, 0.421213358641, 0.877743601799, 1.96456444263, 2.59257030487, 1.16175997257, 0.427594304085, 0.587248027325, 0.535717785358, 0.349312782288, 1.2509149313, 1.41963779926, 1.34231305122, 0.533493816853, 0.332097530365, 0.342858910561, 0.322708725929, 0.174666881561, 0.0960317924619, 0.0583463944495, 0.0771468430758, 0.0484129413962, 0.0294824782759, 0.00426098750904, 0.00149502709974, 0.000426830782089, 3.84119375667e-05, 1.71393658093e-05, 9.14169686439e-06, 2.32133197642e-06, 4.29926785728e-06, 8.16423380456e-06],
        "var": [0.0357567816973, 2.31389689445, 20.6434135437, 56.8887748718, 131.707519531, 141.368179321, 385.777099609, 380.750183105, 275.388641357, 1335.54650879, 17133.4238281, 37248.6757812, 10639.2177734, 5977.55175781, 3193.93896484, 38275.8515625, 45415.1953125, 22101.4746094, 3802.36547852, 2814.3046875, 388.216186523, 510.375823975, 225.26940918, 214.877609253, 183.65814209, 132.930053711, 79.3677978516, 36.2458953857, 43.2791633606, 32.6445388794, 21.5925006866, 17.7443885803, 14.9294719696, 3.61032938957, 0.484815746546, 0.115671560168, 0.178810834885, 0.00146445340943, 4.14810472193e-07, 1.40648925839e-09]
    },
    "gfcc": {
        "mean": [37.868434906, 98.1602859497, -133.004760742, 23.8080387115, -56.497051239, 21.9361076355, -26.9276943207, 15.473692894, -21.7230014801, 2.87256526947, -18.2794647217, -6.72558307648, -11.8200740814],
        "cov": [[1617.21838379, -822.862976074, 529.32635498, -19.851650238, 17.5155754089, 260.344940186, -247.688751221, 59.5160598755, -219.377807617, 166.561157227, -60.4921875, 257.11114502, -171.456497192], [-822.862976074, 996.848510742, -320.156036377, 151.173248291, 111.325500488, -224.395492554, 188.356277466, -132.051925659, 182.766769409, -141.50994873, 132.295700073, -180.956436157, 157.337722778], [529.32635498, -320.156036377, 786.136535645, 27.7285766602, 26.337896347, 72.4853897095, -119.879852295, 202.148696899, -47.1043586731, 85.9842453003, -152.860687256, 111.805351257, -54.651260376], [-19.851650238, 151.173248291, 27.7285766602, 195.356781006, -3.95524168015, 29.0195560455, 16.8092861176, -18.3632583618, 45.5013122559, -36.5157775879, 46.390712738, -52.4142570496, 47.1696815491], [17.5155754089, 111.325500488, 26.337896347, -3.95524168015, 290.103149414, -80.4571609497, 53.9935913086, -19.1896305084, -1.3077031374, 62.0496940613, 21.3941497803, 74.3172836304, -19.9306335449], [260.344940186, -224.395492554, 72.4853897095, 29.0195560455, -80.4571609497, 328.454071045, -27.2666320801, -24.2044696808, -72.1557922363, -20.9047451019, 32.818561554, 20.987783432, -32.7905807495], [-247.688751221, 188.356277466, -119.879852295, 16.8092861176, 53.9935913086, -27.2666320801, 158.898910522, 2.84679937363, 59.786781311, -13.789891243, 38.7552528381, -31.5753746033, 17.3714866638], [59.5160598755, -132.051925659, 202.148696899, -18.3632583618, -19.1896305084, -24.2044696808, 2.84679937363, 177.68800354, 35.7816543579, 41.3624038696, -68.8562545776, 16.4455928802, -2.50866675377], [-219.377807617, 182.766769409, -47.1043586731, 45.5013122559, -1.3077031374, -72.1557922363, 59.786781311, 35.7816543579, 143.799453735, -1.37445044518, 27.8507194519, -54.0924377441, 44.0374107361], [166.561157227, -141.50994873, 85.9842453003, -36.5157775879, 62.0496940613, -20.9047451019, -13.789891243, 41.3624038696, -1.37445044518, 115.855018616, -8.16138076782, 65.4844207764, -31.6022644043], [-60.4921875, 132.295700073, -152.860687256, 46.390712738, 21.3941497803, 32.818561554, 38.7552528381, -68.8562545776, 27.8507194519, -8.16138076782, 143.066848755, 13.161611557, 25.729429245], [257.11114502, -180.956436157, 111.805351257, -52.4142570496, 74.3172836304, 20.987783432, -31.5753746033, 16.4455928802, -54.0924377441, 65.4844207764, 13.161611557, 144.463760376, -31.7569046021], [-171.456497192, 157.337722778, -54.651260376, 47.1696815491, -19.9306335449, -32.7905807495, 17.3714866638, -2.50866675377, 44.0374107361, -31.6022644043, 25.729429245, -31.7569046021, 93.7024536133]],
        "icov": [[0.00177637499291, 0.000598846643697, -0.000402983278036, -0.00115335627925, 4.63182868771e-06, -0.000372172653442, 0.00116962066386, 0.000233824917814, 0.000578115752432, -0.000787101394963, -0.000250342389336, -0.00135001610033, 0.0013246483868], [0.000598846643697, 0.00528728496283, -0.00175767019391, 0.000225012132432, -0.00228560715914, 0.00262163695879, -0.00249258661643, 0.00352051574737, -0.00154734728858, 0.00345387868583, -0.0037275031209, 0.00425720587373, -0.00357460230589], [-0.000402983278036, -0.00175767019391, 0.00408634264022, -0.0022491584532, 9.350811888e-05, -0.0017387997359, 0.00243942718953, -0.0040202960372, -5.65415029996e-05, -0.000982945901342, 0.00432720081881, -0.00384520879015, 0.00178472639527], [-0.00115335627925, 0.000225012132432, -0.0022491584532, 0.0097708934918, -0.00137941667344, -0.000187304613064, -0.000903033534996, 0.00149903411511, -0.00151119963266, 0.00182084389962, -0.00444363802671, 0.00606399541721, -0.00427044695243], [4.63182868771e-06, -0.00228560715914, 9.350811888e-05, -0.00137941667344, 0.00701036537066, 0.000567665672861, -0.00191459001508, 0.000811573991086, 0.00119265157264, -0.00372352474369, 0.00195751385763, -0.00512234400958, 0.0025718123652], [-0.000372172653442, 0.00262163695879, -0.0017387997359, -0.000187304613064, 0.000567665672861, 0.0062874625437, -0.00276860082522, 0.00208426523022, 0.00155701092444, 0.00263809342869, -0.00441910838708, 0.002791054314, -0.000795496685896], [0.00116962066386, -0.00249258661643, 0.00243942718953, -0.000903033534996, -0.00191459001508, -0.00276860082522, 0.0128306001425, -0.00497926352546, -0.00157482316718, -0.000701693759765, 0.000494402891491, -0.00210524606518, 0.00396904023364], [0.000233824917814, 0.00352051574737, -0.0040202960372, 0.00149903411511, 0.000811573991086, 0.00208426523022, -0.00497926352546, 0.0148331262171, -0.0049799438566, -0.000406181032304, 0.00149820325896, 0.00143752573058, -0.00408146483824], [0.000578115752432, -0.00154734728858, -5.65415029996e-05, -0.00151119963266, 0.00119265157264, 0.00155701092444, -0.00157482316718, -0.0049799438566, 0.0154028264806, -0.00445212423801, -0.00381303625181, 0.00381097337231, -0.00106086558662], [-0.000787101394963, 0.00345387868583, -0.000982945901342, 0.00182084389962, -0.00372352474369, 0.00263809342869, -0.000701693759765, -0.000406181032304, -0.00445212423801, 0.0181589704007, -0.00328744505532, -0.000955634459388, 0.000316285062581], [-0.000250342389336, -0.0037275031209, 0.00432720081881, -0.00444363802671, 0.00195751385763, -0.00441910838708, 0.000494402891491, 0.00149820325896, -0.00381303625181, -0.00328744505532, 0.019080620259, -0.0110510746017, 0.00107862195], [-0.00135001610033, 0.00425720587373, -0.00384520879015, 0.00606399541721, -0.00512234400958, 0.002791054314, -0.00210524606518, 0.00143752573058, 0.00381097337231, -0.000955634459388, -0.0110510746017, 0.0230144485831, -0.00587694533169], [0.0013246483868, -0.00357460230589, 0.00178472639527, -0.00427044695243, 0.0025718123652, -0.000795496685896, 0.00396904023364, -0.00408146483824, -0.00106086558662, 0.000316285062581, 0.00107862195, -0.00587694533169, 0.020029630512]]
    },
    "melbands": {
        "dmean": [0.00082721648505, 0.00109870429151, 0.000773584120907, 0.000453811167972, 0.000276566832326, 0.000199744274141, 0.000113787646114, 0.000112928843009, 0.0003482469765, 0.00044982007239, 0.000188540638192, 8.71785014169e-05, 8.20624118205e-05, 0.000146997481352, 0.000133637600811, 0.000165194753208, 8.26263712952e-05, 3.65596570191e-05, 3.43722713296e-05, 2.89769723167e-05, 1.44189252751e-05, 1.34321699079e-05, 1.11361914605e-05, 6.96500046615e-06, 7.31673844712e-06, 6.25086568107e-06, 4.41237807536e-06, 3.87634281651e-06, 3.20384560837e-06, 1.86371653399e-06, 1.80954737061e-06, 1.63790127772e-06, 1.41155828715e-06, 1.25844076138e-06, 1.07312143882e-06, 9.51750735112e-07, 1.04728292172e-06, 1.12636064387e-06, 8.35083142192e-07, 6.37749735688e-07],
        "dmean2": [0.00124901428353, 0.00179622671567, 0.0013626011787, 0.000788200995885, 0.000452781590866, 0.000331377144903, 0.000187487981748, 0.000186583900359, 0.000546333729289, 0.000712565903086, 0.000300362706184, 0.000140615084092, 0.000134343543323, 0.000232802034589, 0.000211884515011, 0.000285096437437, 0.000138216448249, 5.92821161263e-05, 5.69578260183e-05, 4.77999710711e-05, 2.39637938648e-05, 2.27210584853e-05, 1.79126382136e-05, 1.17699373732e-05, 1.19455880849e-05, 1.02326957858e-05, 7.11469147063e-06, 6.42302802589e-06, 5.20463299836e-06, 2.93792368211e-06, 2.78952802546e-06, 2.45845603786e-06, 2.11212363865e-06, 1.86397960533e-06, 1.56605801749e-06, 1.46317722738e-06, 1.54066719915e-06, 1.64640277944e-06, 1.1867723515e-06, 9.67580604083e-07],
        "dvar": [1.99688179237e-06, 3.1546039736e-06, 2.38527468355e-06, 8.49721573104e-07, 2.40639536742e-07, 1.26909611708e-07, 3.7645342843e-08, 9.32179489155e-08, 3.98944393964e-07, 5.14333521551e-07, 7.87264724522e-08, 4.23834443097e-08, 1.68456555372e-08, 6.77119516013e-08, 6.49796518815e-08, 1.55721480155e-07, 2.82985528344e-08, 4.28843494049e-09, 2.78611955729e-09, 1.61192048598e-09, 4.16291279226e-10, 4.5082154676e-10, 2.31502539361e-10, 8.78596431719e-11, 8.00709915039e-11, 5.70597492866e-11, 3.16930544308e-11, 2.90992802771e-11, 2.7445972578e-11, 6.60965553123e-12, 6.34828908191e-12, 6.04524893685e-12, 5.56534289139e-12, 5.45318087561e-12, 3.56862911617e-12, 3.69679764231e-12, 3.80561250915e-12, 4.74664405004e-12, 2.19360705815e-12, 1.28996921651e-12],
        "dvar2": [4.05952278015e-06, 7.85316569818e-06, 6.51601658319e-06, 2.3415218493e-06, 5.60744013001e-07, 2.98245197428e-07, 8.70575505019e-08, 2.43128340571e-07, 9.4329550393e-07, 1.38299117225e-06, 2.05194609748e-07, 1.1165772662e-07, 4.45664269932e-08, 1.68490799979e-07, 1.62203789955e-07, 4.59232012417e-07, 7.4870186495e-08, 9.01428265365e-09, 7.38021688207e-09, 4.10565981213e-09, 1.08337128157e-09, 1.20665533121e-09, 5.98457505774e-10, 2.30482868901e-10, 2.02210623246e-10, 1.4068006482e-10, 8.3481305202e-11, 8.02107824605e-11, 7.35987867873e-11, 1.55915575589e-11, 1.33635507174e-11, 1.31759221589e-11, 1.17205360001e-11, 1.18824646303e-11, 7.16173561427e-12, 8.24360024687e-12, 8.07108199719e-12, 9.88845290373e-12, 4.31152943209e-12, 3.01931678444e-12],
        "max": [0.01316368673, 0.0247888304293, 0.0130994925275, 0.00832936912775, 0.0122819850221, 0.0080199232325, 0.00408616615459, 0.00869599543512, 0.0130346808583, 0.0120412483811, 0.00580561440438, 0.00514742778614, 0.00207051588222, 0.00410428177565, 0.00372399901971, 0.00595195870847, 0.00302992807701, 0.00162492017262, 0.000814251950942, 0.000661045138258, 0.00027462275466, 0.000275672209682, 0.000206878277822, 0.000106258732558, 0.000122421435663, 0.00010904638475, 5.98637852818e-05, 6.72059759381e-05, 9.33809787966e-05, 2.88000028377e-05, 2.57496121776e-05, 2.7402804335e-05, 2.20175370487e-05, 3.09875649691e-05, 2.37905151153e-05, 2.44043858402e-05, 2.31087069551e-05, 3.03633696603e-05, 1.48906465256e-05, 1.07805426524e-05],
        "mean": [0.00142875220627, 0.00206770491786, 0.000951637455728, 0.00053879461484, 0.000370312074665, 0.000279993342701, 0.000209916790482, 0.000191180180991, 0.000722173717804, 0.00100450997707, 0.000369857181795, 0.000161697607837, 0.000136097107315, 0.000264567672275, 0.000246742012678, 0.000284860958345, 0.000141390628414, 6.30546928733e-05, 5.62021305086e-05, 4.82233335788e-05, 2.45943356276e-05, 2.63952897512e-05, 2.2653310225e-05, 1.29181989905e-05, 1.55080633704e-05, 1.3872285308e-05, 8.72970758792e-06, 7.41631174606e-06, 6.18159128862e-06, 3.66378526451e-06, 3.6972523958e-06, 3.25830865222e-06, 2.59698754235e-06, 2.12135114452e-06, 1.88759804587e-06, 1.51393760461e-06, 1.63548668297e-06, 1.78555569619e-06, 1.30167666157e-06, 8.88314900749e-07],
        "median": [0.000990116386674, 0.00171837769449, 0.000553629244678, 0.000257533509284, 0.000209688427276, 0.000163474411238, 0.000116784052807, 0.000105645623989, 0.000443482742412, 0.000633172807284, 0.000191802333575, 9.68044769252e-05, 7.63442294556e-05, 9.60918841884e-05, 9.41873659031e-05, 4.61273739347e-05, 4.7335994168e-05, 3.45765911334e-05, 3.37306773872e-05, 3.18670536217e-05, 1.7614906028e-05, 1.87652822206e-05, 1.37572087624e-05, 9.6753874459e-06, 1.22204237414e-05, 1.0392481272e-05, 6.12413714407e-06, 5.10430800205e-06, 4.12201643485e-06, 2.54318911175e-06, 2.46089007305e-06, 1.80858569365e-06, 1.15670752621e-06, 8.30068188407e-07, 7.61055900966e-07, 5.20030141615e-07, 6.07249944551e-07, 6.23177129455e-07, 4.36379508528e-07, 2.88014774696e-07],
        "min": [7.68186225741e-07, 5.5745613281e-06, 2.23520055442e-06, 6.84840233589e-06, 2.89590502689e-06, 2.43240924647e-06, 2.39328028329e-06, 1.39848668823e-06, 8.54230165714e-06, 1.0605854186e-05, 4.67089057565e-06, 1.54796748575e-06, 1.04581897631e-06, 8.90459773473e-07, 1.57446572757e-06, 6.52222524877e-07, 2.26324175401e-07, 1.25309179566e-06, 1.87318698863e-06, 1.78924699412e-06, 1.14202691748e-06, 4.87607053401e-07, 2.23620645556e-07, 1.02502752952e-07, 2.12017482681e-07, 2.36905648876e-07, 6.35008206018e-08, 4.43967920205e-08, 5.83133328291e-08, 4.12225453772e-08, 3.28036726671e-08, 4.30086863901e-08, 1.322574672e-08, 1.53777008904e-08, 9.17168918591e-09, 2.171830632e-10, 3.08554952422e-11, 4.34053043508e-10, 1.63281679844e-10, 1.70316419388e-12],
