{
"highlevel": {
    "danceability": {
        "all": {
            "danceable": 0.982631504536,
            "not_danceable": 0.0173685047776
        },
        "probability": 0.982631504536,
        "value": "danceable"
    },
    "gender": {
        "all": {
            "female": 0.686480224133,
            "male": 0.313519775867
        },
        "probability": 0.686480224133,
        "value": "female"
    },
    "genre_dortmund": {
        "all": {
            "alternative": 0.00286629400216,
            "blues": 0.00380702782422,
            "electronic": 0.68498468399,
            "folkcountry": 0.00238669640385,
            "funksoulrnb": 0.00538236228749,
            "jazz": 0.0574500709772,
            "pop": 0.00365113583393,
            "raphiphop": 0.237427800894,
            "rock": 0.00204394105822
        },
        "probability": 0.68498468399,
        "value": "electronic"
    },
    "genre_electronic": {
        "all": {
            "ambient": 0.735569894314,
            "dnb": 0.0208283029497,
            "house": 0.136672794819,
            "techno": 0.0958613827825,
            "trance": 0.0110676186159
        },
        "probability": 0.735569894314,
        "value": "ambient"
    },
    "genre_rosamerica": {
        "all": {
            "cla": 0.0694492831826,
            "dan": 0.0110414884984,
            "hip": 0.160223677754,
            "jaz": 0.217472195625,
            "pop": 0.0229390542954,
            "rhy": 0.459444612265,
            "roc": 0.00576731003821,
            "spe": 0.0536623820662
        },
        "probability": 0.459444612265,
        "value": "rhy"
    },
    "genre_tzanetakis": {
        "all": {
            "blu": 0.0682526677847,
            "cla": 0.0345758087933,
            "cou": 0.0777991861105,
            "dis": 0.105776242912,
            "hip": 0.155620962381,
            "jaz": 0.311235159636,
            "met": 0.0444553419948,
            "pop": 0.0622381791472,
            "reg": 0.0622449666262,
            "roc": 0.0778014957905
        },
        "probability": 0.311235159636,
        "value": "jaz"
    },
    "ismir04_rhythm": {
        "all": {
            "ChaChaCha": 0.005375594832,
            "Jive": 0.00259073777124,
            "Quickstep": 0.0119071258232,
            "Rumba-American": 0.0237805657089,
            "Rumba-International": 0.86747610569,
            "Rumba-Misc": 0.0499511174858,
            "Samba": 0.0156442616135,
            "Tango": 0.00535638537258,
            "VienneseWaltz": 0.00533698592335,
            "Waltz": 0.0125810969621
        },
        "probability": 0.86747610569,
        "value": "Rumba-International"
    },
    "mood_acoustic": {
        "all": {
            "acoustic": 0.0869282335043,
            "not_acoustic": 0.913071751595
        },
        "probability": 0.913071751595,
        "value": "not_acoustic"
    },
    "mood_aggressive": {
        "all": {
            "aggressive": 0.0987827777863,
            "not_aggressive": 0.901217222214
        },
        "probability": 0.901217222214,
        "value": "not_aggressive"
    },
    "mood_electronic": {
        "all": {
            "electronic": 0.988342821598,
            "not_electronic": 0.0116571551189
        },
        "probability": 0.988342821598,
        "value": "electronic"
    },
    "mood_happy": {
        "all": {
            "happy": 0.0845466703176,
            "not_happy": 0.915453314781
        },
        "probability": 0.915453314781,
        "value": "not_happy"
    },
    "mood_party": {
        "all": {
            "not_party": 0.894545793533,
            "party": 0.105454184115
        },
        "probability": 0.894545793533,
        "value": "not_party"
    },
    "mood_relaxed": {
        "all": {
            "not_relaxed": 0.00878399889916,
            "relaxed": 0.991216003895
        },
        "probability": 0.991216003895,
        "value": "relaxed"
    },
    "mood_sad": {
        "all": {
            "not_sad": 0.439458996058,
            "sad": 0.560541033745
        },
        "probability": 0.560541033745,
        "value": "sad"
    },
    "moods_mirex": {
        "all": {
            "Cluster1": 0.245067387819,
            "Cluster2": 0.0492018610239,
            "Cluster3": 0.495549857616,
            "Cluster4": 0.144370526075,
            "Cluster5": 0.0658103749156
        },
        "probability": 0.495549857616,
        "value": "Cluster3"
    },
    "timbre": {
        "all": {
            "bright": 0.00188120023813,
            "dark": 0.998118817806
        },
        "probability": 0.998118817806,
        "value": "dark"
    },
    "tonal_atonal": {
        "all": {
            "atonal": 0.999998450279,
            "tonal": 1.55587827066e-06
        },
        "probability": 0.999998450279,
        "value": "atonal"
    },
    "voice_instrumental": {
        "all": {
            "instrumental": 0.893192589283,
            "voice": 0.106807433069
        },
        "probability": 0.893192589283,
        "value": "instrumental"
    }
},
"lowlevel": {
    "average_loudness": 0.963330805302,
    "barkbands_crest": {
        "dmean": 3.37827992439,
        "dmean2": 5.33072471619,
        "dvar": 11.7030830383,
        "dvar2": 26.4642467499,
        "max": 25.8202285767,
        "mean": 18.3360443115,
        "median": 19.9672832489,
        "min": 3.5992102623,
        "var": 30.4329948425
    },
    "barkbands_flatness_db": {
        "dmean": 0.0570644624531,
        "dmean2": 0.0814211964607,
        "dvar": 0.00277127837762,
        "dvar2": 0.00519515248016,
        "max": 0.708501815796,
        "mean": 0.42142239213,
        "median": 0.436643391848,
        "min": 0.0517083257437,
        "var": 0.0107738338411
    },
    "barkbands_kurtosis": {
        "dmean": 35.7698898315,
        "dmean2": 54.6177749634,
        "dvar": 5163.84960938,
        "dvar2": 12644.5820312,
        "max": 748.325561523,
        "mean": 53.2538490295,
        "median": 12.7785873413,
        "min": -1.72418570518,
        "var": 8730.50390625
    },
    "barkbands_skewness": {
        "dmean": 1.57362639904,
        "dmean2": 2.29767680168,
        "dvar": 2.70300030708,
        "dvar2": 5.54819440842,
        "max": 19.8813934326,
        "mean": 3.91452288628,
        "median": 3.01409053802,
        "min": -1.38494873047,
        "var": 12.4332323074
    },
    "barkbands_spread": {
        "dmean": 2.05217027664,
        "dmean2": 3.01298451424,
        "dvar": 22.4326133728,
        "dvar2": 44.0583190918,
        "max": 53.6934623718,
        "mean": 3.55317878723,
        "median": 2.15359163284,
        "min": 0.0893706381321,
        "var": 34.1610298157
    },
    "dissonance": {
        "dmean": 0.0543031357229,
        "dmean2": 0.0853958874941,
        "dvar": 0.00226580258459,
        "dvar2": 0.00601908331737,
        "max": 0.498529404402,
        "mean": 0.360049366951,
        "median": 0.367287993431,
        "min": 0.0998235046864,
        "var": 0.00700272340328
    },
    "dynamic_complexity": 4.65205049515,
    "erbbands_crest": {
        "dmean": 2.70495033264,
        "dmean2": 4.1613984108,
        "dvar": 7.04351902008,
        "dvar2": 15.5077152252,
        "max": 32.7855453491,
        "mean": 14.4633932114,
        "median": 13.2981805801,
        "min": 2.65324449539,
        "var": 33.8066520691
    },
    "erbbands_flatness_db": {
        "dmean": 0.0330883525312,
        "dmean2": 0.0436667911708,
        "dvar": 0.00119285238907,
        "dvar2": 0.00206585368142,
        "max": 0.450159847736,
        "mean": 0.266815245152,
        "median": 0.260592401028,
        "min": 0.0734091252089,
        "var": 0.00798866711557
    },
    "erbbands_kurtosis": {
        "dmean": 4.07395744324,
        "dmean2": 6.24693584442,
        "dvar": 34.8538284302,
        "dvar2": 77.3321151733,
        "max": 80.8334884644,
        "mean": 5.97364807129,
        "median": 3.44331216812,
        "min": -1.76685988903,
        "var": 73.0756988525
    },
    "erbbands_skewness": {
        "dmean": 0.713811039925,
        "dmean2": 1.05399680138,
        "dvar": 0.603550434113,
        "dvar2": 1.1781488657,
        "max": 7.04272270203,
        "mean": 0.705287218094,
        "median": 0.561666786671,
        "min": -4.10444450378,
        "var": 1.72276031971
    },
    "erbbands_spread": {
        "dmean": 7.47262430191,
        "dmean2": 10.0617589951,
        "dvar": 182.329574585,
        "dvar2": 322.170928955,
        "max": 151.037277222,
        "mean": 18.4428730011,
        "median": 11.0964412689,
        "min": 1.23804032803,
        "var": 476.4715271
    },
    "hfc": {
        "dmean": 5.29060125351,
        "dmean2": 8.52251338959,
        "dvar": 153.620437622,
        "dvar2": 376.051086426,
        "max": 102.072341919,
        "mean": 9.04180717468,
        "median": 3.61885547638,
        "min": 0.309141159058,
        "var": 172.584075928
    },
    "melbands_crest": {
        "dmean": 4.69801187515,
        "dmean2": 7.6187171936,
        "dvar": 26.2592010498,
        "dvar2": 63.0948410034,
        "max": 37.0336837769,
        "mean": 26.9541854858,
        "median": 29.603313446,
        "min": 6.43327617645,
        "var": 57.6398277283
    },
    "melbands_flatness_db": {
        "dmean": 0.0658324509859,
        "dmean2": 0.0914670974016,
        "dvar": 0.00394108099863,
        "dvar2": 0.00691692950204,
        "max": 0.868394076824,
        "mean": 0.545294821262,
        "median": 0.56829315424,
        "min": 0.0618506520987,
        "var": 0.0160223245621
    },
    "melbands_kurtosis": {
        "dmean": 43.6025886536,
        "dmean2": 66.5233459473,
        "dvar": 9921.55371094,
        "dvar2": 23670.9355469,
        "max": 1156.07019043,
        "mean": 66.4797744751,
        "median": 17.062877655,
        "min": -1.7199819088,
        "var": 17114.7402344
    },
    "melbands_skewness": {
        "dmean": 1.69322431087,
        "dmean2": 2.51579976082,
        "dvar": 4.1714425087,
        "dvar2": 8.46172428131,
        "max": 26.0263500214,
        "mean": 4.51221323013,
        "median": 3.53096294403,
        "min": -0.93985247612,
        "var": 15.5132579803
    },
    "melbands_spread": {
        "dmean": 1.85599005222,
        "dmean2": 2.82680225372,
        "dvar": 15.8850841522,
        "dvar2": 32.9248542786,
        "max": 69.1539154053,
        "mean": 3.49715876579,
        "median": 2.01253962517,
        "min": 0.123288951814,
        "var": 24.6080780029
    },
    "pitch_salience": {
        "dmean": 0.103090576828,
        "dmean2": 0.15702702105,
        "dvar": 0.0101590165868,
        "dvar2": 0.0232775341719,
        "max": 0.815229058266,
        "mean": 0.300025045872,
        "median": 0.269161105156,
        "min": 0.0322770662606,
        "var": 0.0315378345549
    },
    "silence_rate_20dB": {
        "dmean": 0.0386996902525,
        "dmean2": 0.0774593353271,
        "dvar": 0.0372024215758,
        "dvar2": 0.0884993225336,
        "max": 1,
        "mean": 0.969837605953,
        "median": 1,
        "min": 0,
        "var": 0.0292524006218
    },
    "silence_rate_30dB": {
        "dmean": 0.0743034034967,
        "dmean2": 0.148721918464,
        "dvar": 0.0687828063965,
        "dvar2": 0.138998672366,
        "max": 1,
        "mean": 0.839907169342,
        "median": 1,
        "min": 0,
        "var": 0.134463816881
    },
    "silence_rate_60dB": {
        "dmean": 0,
        "dmean2": 0,
        "dvar": 0,
        "dvar2": 0,
        "max": 0,
        "mean": 0,
        "median": 0,
        "min": 0,
        "var": 0
    },
    "spectral_centroid": {
        "dmean": 123.030174255,
        "dmean2": 163.264587402,
        "dvar": 56767.1015625,
        "dvar2": 99653.2421875,
        "max": 2872.67407227,
        "mean": 400.410736084,
        "median": 330.872528076,
        "min": 87.6233444214,
        "var": 120544.023438
    },
    "spectral_complexity": {
        "dmean": 1.91331267357,
        "dmean2": 3.09450030327,
        "dvar": 26.1177883148,
        "dvar2": 54.8848381042,
        "max": 51,
        "mean": 6.17401409149,
        "median": 5,
        "min": 1,
        "var": 31.5143070221
    },
    "spectral_decrease": {
        "dmean": 1.08086322115e-08,
        "dmean2": 1.6437113004e-08,
        "dvar": 2.84987543826e-16,
        "dvar2": 5.99165325322e-16,
        "max": -6.88241907909e-10,
        "mean": -1.85255046858e-08,
        "median": -1.1126004118e-08,
        "min": -1.46334571127e-07,
        "var": 5.58783717776e-16
    },
    "spectral_energy": {
        "dmean": 0.0411975122988,
        "dmean2": 0.0627117082477,
        "dvar": 0.00411563972011,
        "dvar2": 0.0086662163958,
        "max": 0.555018126965,
        "mean": 0.0707394778728,
        "median": 0.0425787419081,
        "min": 0.00267517124303,
        "var": 0.00807468406856
    },
    "spectral_energyband_high": {
        "dmean": 0.000138638351928,
        "dmean2": 0.000224213421461,
        "dvar": 3.61623733625e-07,
        "dvar2": 8.41466544443e-07,
        "max": 0.0052655399777,
        "mean": 0.000114480921184,
        "median": 1.24513053379e-06,
        "min": 2.95725357091e-07,
        "var": 3.25478083596e-07
    },
    "spectral_energyband_low": {
        "dmean": 0.0390110462904,
        "dmean2": 0.0583894513547,
        "dvar": 0.00413832115009,
        "dvar2": 0.00864586327225,
        "max": 0.550657093525,
        "mean": 0.0583829246461,
        "median": 0.0331338867545,
        "min": 0.00062928814441,
        "var": 0.00753415841609
    },
    "spectral_energyband_middle_high": {
        "dmean": 0.00077722594142,
        "dmean2": 0.00137086003087,
        "dvar": 1.52615448314e-05,
        "dvar2": 4.17121227656e-05,
        "max": 0.0326718129218,
        "mean": 0.00053768302314,
        "median": 2.80821514025e-05,
        "min": 1.51020094563e-06,
        "var": 9.91194247035e-06
    },
    "spectral_energyband_middle_low": {
        "dmean": 0.00628336146474,
        "dmean2": 0.0103039871901,
        "dvar": 0.000192151768715,
        "dvar2": 0.000487386481836,
        "max": 0.149198755622,
        "mean": 0.0122455311939,
        "median": 0.00395065406337,
        "min": 9.78298485279e-05,
        "var": 0.000349147012457
    },
    "spectral_entropy": {
        "dmean": 0.358922451735,
        "dmean2": 0.466906189919,
        "dvar": 0.170088112354,
        "dvar2": 0.262620925903,
        "max": 8.52562713623,
        "mean": 5.93658304214,
        "median": 5.73643493652,
        "min": 4.30011987686,
        "var": 0.824489295483
    },
    "spectral_flux": {
        "dmean": 0.0659666657448,
        "dmean2": 0.114887036383,
        "dvar": 0.00572568271309,
        "dvar2": 0.0143032046035,
        "max": 0.571451127529,
        "mean": 0.118062287569,
        "median": 0.0806295722723,
        "min": 0.00669658742845,
        "var": 0.0114554734901
    },
    "spectral_kurtosis": {
        "dmean": 20.7507686615,
        "dmean2": 30.8377342224,
        "dvar": 956.739562988,
        "dvar2": 2034.83117676,
        "max": 300.573486328,
        "mean": 45.422580719,
        "median": 24.9186477661,
        "min": -0.264934062958,
        "var": 2818.76318359
    },
    "spectral_rms": {
        "dmean": 0.0022281750571,
        "dmean2": 0.00328824087046,
        "dvar": 5.63807725484e-06,
        "dvar2": 1.16109013106e-05,
        "max": 0.0232697464526,
        "mean": 0.00726689724252,
        "median": 0.0064451713115,
        "min": 0.00161552557256,
        "var": 1.6206267901e-05
    },
    "spectral_rolloff": {
        "dmean": 110.115760803,
        "dmean2": 184.608032227,
        "dvar": 85180.1796875,
        "dvar2": 207892.234375,
        "max": 5943.1640625,
        "mean": 229.119796753,
        "median": 107.666015625,
        "min": 43.06640625,
        "var": 90674.265625
    },
    "spectral_skewness": {
        "dmean": 1.26783204079,
        "dmean2": 1.75759100914,
        "dvar": 2.09994149208,
        "dvar2": 3.88059282303,
        "max": 14.6310329437,
        "mean": 4.9580745697,
        "median": 4.30750656128,
        "min": 0.57375818491,
        "var": 9.31931400299
    },
    "spectral_spread": {
        "dmean": 755639.375,
        "dmean2": 1057456.5,
        "dvar": 906073014272,
        "dvar2": 1.76183967744e+12,
        "max": 15451144,
        "mean": 2920269.25,
        "median": 2664338.25,
        "min": 339806.21875,
        "var": 2.89901720371e+12
    },
    "spectral_strongpeak": {
        "dmean": 0.298185825348,
        "dmean2": 0.51482385397,
        "dvar": 0.255616545677,
        "dvar2": 0.678241312504,
        "max": 4.12777614594,
        "mean": 0.52925825119,
        "median": 0.368328720331,
        "min": 0,
        "var": 0.283829540014
    },
    "zerocrossingrate": {
        "dmean": 0.00389377842657,
        "dmean2": 0.00509575009346,
        "dvar": 5.14932180522e-05,
        "dvar2": 6.98379881214e-05,
        "max": 0.12646484375,
        "mean": 0.00977242272347,
        "median": 0.00634765625,
        "min": 0.00146484375,
        "var": 0.000131810185849
    },
    "barkbands": {
        "dmean": [0.00386168668047, 0.0346780493855, 0.00607453053817, 0.00155316200107, 0.00255745393224, 0.00157791469246, 0.00117939920165, 0.000357126875315, 0.000117416282592, 5.36968364031e-05, 0.000162121825269, 0.000289230374619, 5.75849880988e-05, 1.77026813617e-05, 4.31581684097e-05, 4.37674643763e-05, 6.68682259857e-05, 1.28175024656e-05, 4.03695848945e-05, 2.69265510724e-05, 3.35056283802e-05, 3.13004020427e-05, 2.3421138394e-05, 1.89652782865e-05, 1.56814803631e-05, 3.70135126104e-06, 3.74358810618e-09],
        "dmean2": [0.00609162868932, 0.0488720312715, 0.0108707277104, 0.00254914327525, 0.00440357765183, 0.00248541263863, 0.00206929445267, 0.000553057121579, 0.000180418035598, 9.56617877819e-05, 0.000300775893265, 0.00053230667254, 9.42690676311e-05, 3.08210292133e-05, 7.67348246882e-05, 7.19905219739e-05, 0.000112726404041, 2.10581656575e-05, 6.99274096405e-05, 4.20663891418e-05, 5.5400410929e-05, 5.00067617395e-05, 3.60981139238e-05, 3.10510586132e-05, 2.66215047304e-05, 5.98846918365e-06, 6.30525409662e-09],
        "dvar": [3.04916284222e-05, 0.00358911301009, 0.000472176558105, 1.93112136913e-05, 2.5912962883e-05, 2.30993264267e-05, 1.66088830156e-05, 7.66466882851e-07, 1.39195947213e-07, 5.2264539363e-08, 7.81940968864e-07, 2.33531568483e-06, 7.32674578785e-08, 8.22543810841e-09, 5.18467508925e-08, 4.27896544863e-08, 1.02320058204e-07, 3.43140005299e-09, 4.05704092543e-08, 1.35640094712e-08, 2.28980088224e-08, 1.94792715291e-08, 1.02984945016e-08, 7.08559300122e-09, 4.93968954629e-09, 2.5412344451e-10, 3.82925013668e-16],
        "dvar2": [7.39698152756e-05, 0.00685600284487, 0.00131682027131, 4.64885451947e-05, 7.30212123017e-05, 4.06527287851e-05, 4.8098841944e-05, 1.89741683698e-06, 3.26890244651e-07, 1.44038253325e-07, 2.24393534154e-06, 6.63496848574e-06, 1.70423717805e-07, 2.17441140649e-08, 1.44650101674e-07, 1.03468153156e-07, 2.60846661604e-07, 8.93011531389e-09, 1.09014010263e-07, 3.15900798853e-08, 5.81150416679e-08, 4.75566501734e-08, 2.3606450128e-08, 1.6986204443e-08, 1.28211237183e-08, 6.30882790453e-10, 4.20829367481e-16],
        "max": [0.0465501621366, 0.508202791214, 0.160084992647, 0.033019926399, 0.0414291396737, 0.132962733507, 0.0468982942402, 0.0100847771391, 0.00367353879847, 0.00193460052833, 0.00787637941539, 0.0132582131773, 0.00219149747863, 0.000861796899699, 0.0021344490815, 0.00214862870052, 0.00256581534632, 0.000566251808777, 0.00182226474863, 0.000972623063717, 0.00163993402384, 0.00145945628174, 0.00101711391471, 0.000832305115182, 0.000622223305982, 0.000158359951456, 6.65894674512e-07],
        "mean": [0.00497624604031, 0.0482571795583, 0.0046128355898, 0.00156997633167, 0.00365582667291, 0.00257423636504, 0.00340286409482, 0.000826129224151, 0.000207872944884, 5.24323731952e-05, 9.78067400865e-05, 0.00018012826331, 4.5054624934e-05, 1.22348692457e-05, 2.77806739177e-05, 3.39149446518e-05, 4.77362300444e-05, 1.00656188806e-05, 2.77496765193e-05, 2.22413727897e-05, 2.62511202891e-05, 2.47524185397e-05, 1.92885290744e-05, 1.52125257955e-05, 1.09822785817e-05, 2.83667236545e-06, 3.29875238236e-09],
        "median": [0.00249856407754, 0.0282584093511, 0.00065531313885, 0.000174593820702, 0.00100668391678, 0.000175383174792, 0.000889209099114, 0.000105616476503, 2.22613816732e-05, 1.22222572827e-05, 2.00083286472e-06, 3.71166697732e-06, 2.82474275082e-07, 1.00743449138e-07, 1.60151955697e-07, 2.73165483122e-07, 1.6776706957e-07, 1.10995458158e-07, 1.27058143562e-07, 1.14548740271e-07, 1.4749363686e-07, 1.59962723956e-07, 1.93110764712e-07, 1.76950379682e-07, 2.17724945628e-07, 1.55893033593e-07, 1.09660813763e-09],
        "min": [7.05117345206e-05, 0.000388618529541, 5.15742613061e-06, 1.96853807211e-06, 9.07872072275e-06, 1.98054794964e-06, 2.50452740147e-06, 8.94974789389e-07, 8.44424107527e-07, 3.56133170953e-07, 1.1135595912e-07, 1.52993749225e-07, 1.31899504652e-08, 7.81446285458e-09, 8.82565398541e-09, 2.47790659103e-08, 1.79168342385e-08, 1.08561932777e-08, 1.40257832015e-08, 1.53719632578e-08, 2.03156726997e-08, 2.57927936786e-08, 3.13322274792e-08, 2.1459984012e-08, 5.63712676538e-09, 2.94161292547e-11, 1.77631936937e-11],
        "var": [3.96976647608e-05, 0.00588311301544, 0.000299590406939, 1.768374932e-05, 3.12303454848e-05, 8.45358226798e-05, 3.24212487612e-05, 2.28045723816e-06, 1.96842435685e-07, 3.42655219754e-08, 4.47043760232e-07, 1.36649077831e-06, 6.33043484299e-08, 5.69559910346e-09, 3.23319504503e-08, 3.55832447951e-08, 7.70291990193e-08, 2.67219890659e-09, 2.74865357142e-08, 1.24923396072e-08, 1.78889365543e-08, 1.63326721037e-08, 9.54449763668e-09, 6.1454796807e-09, 3.6015730398e-09, 2.04861752562e-10, 3.83218007659e-16]
    },
    "erbbands": {
        "dmean": [1.75585973263, 5.05819749832, 6.64253950119, 6.90555763245, 5.2761464119, 8.2440366745, 15.1113128662, 13.8661565781, 18.8156890869, 9.56099700928, 8.80706596375, 2.88596749306, 1.67893862724, 2.43077993393, 10.6664800644, 10.6201086044, 3.37694716454, 1.27039754391, 1.06861770153, 3.09014821053, 3.71409058571, 2.2828772068, 0.826362371445, 1.70978105068, 1.56261384487, 1.3690533638, 1.23572516441, 1.42771100998, 0.983269274235, 0.995861411095, 0.732349455357, 0.487386077642, 0.276474863291, 0.180347979069, 0.107070416212, 0.0232983995229, 0.00713340332732, 0.000468684884254, 2.71141216217e-05, 4.50391016784e-05],
        "dmean2": [2.62413883209, 7.21767807007, 11.3230495453, 11.7583608627, 7.75792837143, 14.4549160004, 26.7197494507, 20.9616718292, 32.0504951477, 17.2137527466, 13.5372123718, 4.31573963165, 2.94787764549, 4.34557199478, 19.9896469116, 19.3729705811, 5.71427488327, 2.17811727524, 1.73599374294, 5.54704618454, 6.05997896194, 3.75788664818, 1.3522605896, 2.93461513519, 2.64382147789, 2.14043951035, 1.98840892315, 2.39668941498, 1.54650294781, 1.59193813801, 1.155631423, 0.782845199108, 0.456011533737, 0.300164312124, 0.184626504779, 0.0372441969812, 0.0121395904571, 0.000784574251156, 4.22054981755e-05, 6.83261532686e-05],
        "dvar": [9.43311500549, 93.5272750854, 507.492706299, 491.672180176, 101.467735291, 347.470428467, 1150.38110352, 2743.84741211, 3405.09399414, 1293.82922363, 496.62689209, 73.5367050171, 54.9154281616, 125.686012268, 3487.50048828, 3018.76074219, 269.6484375, 39.7175369263, 26.3550567627, 259.679748535, 302.134674072, 110.653251648, 13.9450883865, 72.6718521118, 54.6115036011, 36.4389915466, 28.9378452301, 43.4611854553, 18.4742164612, 19.7249183655, 10.6319103241, 4.60475969315, 1.52865314484, 0.627652585506, 0.244463190436, 0.00997653231025, 0.00104583264329, 6.50881884212e-06, 2.95449953391e-09, 4.79472683779e-09],
        "dvar2": [18.7161140442, 171.558959961, 1411.25805664, 1321.48571777, 238.745529175, 967.818359375, 3492.84594727, 4141.00146484, 9556.24121094, 3733.12133789, 1229.84130859, 174.667739868, 150.295394897, 352.797454834, 10093.4228516, 8428.00292969, 677.518859863, 102.947174072, 65.801651001, 726.332214355, 720.065002441, 273.639587402, 36.2198982239, 192.272262573, 145.371932983, 86.3560943604, 68.3519134521, 112.584625244, 42.9019165039, 47.7733726501, 25.734172821, 10.8929367065, 3.78467559814, 1.59247541428, 0.650554895401, 0.024392740801, 0.00275000347756, 1.75417953869e-05, 7.11847958357e-09, 1.01123323049e-08],
        "max": [25.0210838318, 80.1307067871, 173.51600647, 164.312667847, 94.5956573486, 132.35144043, 379.161529541, 1646.18896484, 706.703063965, 387.54296875, 279.778686523, 97.9132003784, 64.359664917, 95.3378067017, 515.812316895, 468.900115967, 140.071029663, 57.722530365, 53.6797714233, 155.929870605, 152.597427368, 86.6756591797, 35.0010604858, 81.9966125488, 67.1485671997, 52.4219322205, 49.5216178894, 75.2332839966, 42.0917015076, 45.5881156921, 30.8495731354, 19.7084579468, 11.7800683975, 7.31920909882, 4.55544233322, 0.946018278599, 0.324234485626, 0.0456404052675, 0.000737461145036, 0.000597732025199],
        "mean": [2.28428387642, 7.24582481384, 5.92022037506, 5.82789897919, 7.73727655411, 11.2560052872, 19.7814064026, 23.277130127, 56.1059989929, 20.6289367676, 20.350982666, 6.30220222473, 1.78840565681, 2.15537595749, 6.3672990799, 6.77206993103, 2.46604156494, 0.903848528862, 0.796583175659, 1.95940387249, 2.86262512207, 1.72315835953, 0.643842339516, 1.19035005569, 1.12844216824, 1.12459552288, 1.03525030613, 1.07493066788, 0.816703796387, 0.80215460062, 0.562214076519, 0.395333558321, 0.210752770305, 0.131446674466, 0.0718535408378, 0.0180086158216, 0.00507511850446, 0.000367732223822, 3.97400071961e-05, 7.74631480454e-05],
        "median": [1.40044677258, 3.38997459412, 1.17628622055, 0.651711523533, 2.14062714577, 3.22022461891, 1.38006961346, 2.0212020874, 13.8398809433, 6.51676368713, 2.85632944107, 0.792322099209, 0.254603654146, 0.429624021053, 0.159551680088, 0.115237951279, 0.0210449378937, 0.0071182907559, 0.00711655942723, 0.0115651683882, 0.0147460671142, 0.00953983236104, 0.00647076452151, 0.00591471325606, 0.00637860177085, 0.00561268487945, 0.00603530742228, 0.0056488448754, 0.00601582368836, 0.00612030271441, 0.0047522187233, 0.00383227411658, 0.00286925770342, 0.00240044947714, 0.00162182573695, 0.000823443348054, 0.000292605429422, 2.48462256422e-05, 2.05492506211e-05, 4.6631146688e-05],
        "min": [0.00993329565972, 0.0642153397202, 0.0346838906407, 0.0318213626742, 0.0221936330199, 0.026867929846, 0.0606862865388, 0.0300405547023, 0.0741626918316, 0.102393895388, 0.0590514354408, 0.0297423992306, 0.0141055425629, 0.0156827270985, 0.0118440864608, 0.00647905329242, 0.00119261804502, 0.000886059831828, 0.000761708593927, 0.00113564298954, 0.00137059378903, 0.000953780428972, 0.000799827161245, 0.000597640348133, 0.000759524467867, 0.000799040193669, 0.000708742707502, 0.000793179962784, 0.00104091980029, 0.000898632395547, 0.000974758062512, 0.000749871891458, 0.000337880948791, 0.000148103121319, 4.24219433626e-05, 6.3108386712e-06, 1.53209384735e-06, 1.32272390374e-07, 1.79273649792e-06, 3.00534725284e-06],
        "var": [12.4149599075, 165.782470703, 355.388702393, 355.154785156, 150.852264404, 330.331481934, 2003.6685791, 10899.4462891, 8392.62402344, 1291.11352539, 1420.14477539, 140.20425415, 38.8983726501, 77.8240127563, 1942.03442383, 1845.51062012, 206.061309814, 28.8518714905, 20.7272853851, 160.13633728, 254.637741089, 89.4453277588, 10.8961009979, 50.8967590332, 38.634765625, 32.8114700317, 25.5616607666, 32.5347442627, 16.7781257629, 16.8725585938, 8.97364234924, 4.10067939758, 1.24631977081, 0.482670277357, 0.168317690492, 0.00821550376713, 0.00075029587606, 4.47687443739e-06, 3.39476735611e-09, 9.43360500827e-09]
    },
    "gfcc": {
        "mean": [-167.469207764, 166.519088745, -8.34753322601, 28.1793708801, -61.0856056213, 3.81786799431, -12.5589590073, 17.8845462799, 0.0113998325542, 5.27609777451, 0.734036326408, 6.67430400848, 3.02081561089],
        "cov": [[5555.29248047, -1281.81408691, -1852.39257812, 564.042236328, -526.62701416, -85.4240112305, -486.13168335, -181.923171997, -264.176116943, 198.834793091, -117.235549927, 147.912658691, -154.297302246], [-1281.81408691, 1815.97363281, 1151.78771973, -946.282775879, -150.633071899, -379.776611328, 61.9893074036, -239.821395874, -8.82428073883, -211.165588379, 92.9621582031, -157.223846436, 31.0821456909], [-1852.39257812, 1151.78771973, 1299.81091309, -481.697509766, 141.343994141, -178.200241089, 181.602355957, -92.5257568359, 64.3425521851, -152.91444397, 65.932762146, -106.645278931, 48.3995246887], [564.042236328, -946.282775879, -481.697509766, 810.748962402, 155.880523682, 111.188591003, 13.5782356262, 76.2198791504, 43.6644592285, 59.1572952271, -41.7491188049, 58.0547370911, 6.8452911377], [-526.62701416, -150.633071899, 141.343994141, 155.880523682, 335.6902771, 141.561737061, 94.9898223877, 47.7433624268, 47.6251106262, -7.99784421921, 15.7315282822, -5.65167284012, 45.2818717957], [-85.4240112305, -379.776611328, -178.200241089, 111.188591003, 141.561737061, 232.084320068, 33.507522583, 77.1430740356, 8.12421417236, 34.818862915, 0.0671101361513, 27.3134651184, 13.2201070786], [-486.13168335, 61.9893074036, 181.602355957, 13.5782356262, 94.9898223877, 33.507522583, 161.252929688, 56.2870559692, 71.0716629028, -17.1148376465, 13.0323667526, -21.4650936127, 23.836933136], [-181.923171997, -239.821395874, -92.5257568359, 76.2198791504, 47.7433624268, 77.1430740356, 56.2870559692, 129.168960571, 54.8995857239, 41.733707428, -20.9843978882, 5.8453373909, -1.30242681503], [-264.176116943, -8.82428073883, 64.3425521851, 43.6644592285, 47.6251106262, 8.12421417236, 71.0716629028, 54.8995857239, 103.865142822, 13.5374031067, 8.92197132111, -21.7144813538, 9.50881671906], [198.834793091, -211.165588379, -152.91444397, 59.1572952271, -7.99784421921, 34.818862915, -17.1148376465, 41.733707428, 13.5374031067, 77.9384384155, 6.04109096527, 29.2231636047, -15.0454998016], [-117.235549927, 92.9621582031, 65.932762146, -41.7491188049, 15.7315282822, 0.0671101361513, 13.0323667526, -20.9843978882, 8.92197132111, 6.04109096527, 71.5816116333, 14.4611568451, 14.8025484085], [147.912658691, -157.223846436, -106.645278931, 58.0547370911, -5.65167284012, 27.3134651184, -21.4650936127, 5.8453373909, -21.7144813538, 29.2231636047, 14.4611568451, 62.5872612, 5.67114639282], [-154.297302246, 31.0821456909, 48.3995246887, 6.8452911377, 45.2818717957, 13.2201070786, 23.836933136, -1.30242681503, 9.50881671906, -15.0454998016, 14.8025484085, 5.67114639282, 48.8744239807]],
        "icov": [[0.000604326894972, 0.000733110820875, 0.000693500391208, 0.000497408676893, 5.35879735253e-05, 0.00103937601671, -0.000288204435492, 0.00194211222697, 0.000136381320772, -0.000306602829369, 0.000131826003781, 0.000535422877874, 0.000323765678331], [0.000733110820875, 0.0163949783891, -0.00276039261371, 0.0124199325219, -0.00083759293193, 0.0134320119396, -0.00338967633434, 0.0117515036836, -0.0029989394825, 0.0110952081159, -0.00827680714428, 0.010974236764, -0.0027764972765], [0.000693500391208, -0.00276039261371, 0.00394213246182, -0.000884386245161, -0.00168182712514, 0.000435493740952, -0.001413893071, 0.000773246458266, 0.000215574662434, -0.0010584059637, 0.0015146699734, -0.00187037524302, 0.00170604127925], [0.000497408676893, 0.0124199325219, -0.000884386245161, 0.0118769090623, -0.00264097028412, 0.0112233059481, -0.00324829970486, 0.00949956662953, -0.00395896984264, 0.00905058067292, -0.00478981621563, 0.00601131143048, -0.00155794108286], [5.35879735253e-05, -0.00083759293193, -0.00168182712514, -0.00264097028412, 0.00744995381683, -0.00560551322997, -0.000183234616998, -0.000132575209136, 0.000301823980408, -0.00170918705408, 1.63832282851e-05, 0.00162352749612, -0.00334125920199], [0.00103937601671, 0.0134320119396, 0.000435493740952, 0.0112233059481, -0.00560551322997, 0.0212804656476, -0.00427980022505, 0.00672663189471, 0.000296734768199, 0.0088682230562, -0.00765263009816, 0.00759009923786, -0.00145089882426], [-0.000288204435492, -0.00338967633434, -0.001413893071, -0.00324829970486, -0.000183234616998, -0.00427980022505, 0.014552872628, -0.00840129889548, -0.00440861843526, 0.00219345930964, -0.000797858519945, -0.00189112348016, -0.000899184669834], [0.00194211222697, 0.0117515036836, 0.000773246458266, 0.00949956662953, -0.000132575209136, 0.00672663189471, -0.00840129889548, 0.0315560884774, -0.00884330552071, -0.00153288373258, 0.00382678117603, 0.00549159012735, -0.00074430584209], [0.000136381320772, -0.0029989394825, 0.000215574662434, -0.00395896984264, 0.000301823980408, 0.000296734768199, -0.00440861843526, -0.00884330552071, 0.0220847781748, -0.00845872797072, -0.00337210879661, 0.00801981519908, -0.00257656536996], [-0.000306602829369, 0.0110952081159, -0.0010584059637, 0.00905058067292, -0.00170918705408, 0.0088682230562, 0.00219345930964, -0.00153288373258, -0.00845872797072, 0.0365372635424, -0.0120314024389, -0.00254962686449, 0.00666370522231], [0.000131826003781, -0.00827680714428, 0.0015146699734, -0.00478981621563, 1.63832282851e-05, -0.00765263009816, -0.000797858519945, 0.00382678117603, -0.00337210879661, -0.0120314024389, 0.0265000220388, -0.0128466794267, -0.0021863610018], [0.000535422877874, 0.010974236764, -0.00187037524302, 0.00601131143048, 0.00162352749612, 0.00759009923786, -0.00189112348016, 0.00549159012735, 0.00801981519908, -0.00254962686449, -0.0128466794267, 0.0369934998453, -0.00951399561018], [0.000323765678331, -0.0027764972765, 0.00170604127925, -0.00155794108286, -0.00334125920199, -0.00145089882426, -0.000899184669834, -0.00074430584209, -0.00257656536996, 0.00666370522231, -0.0021863610018, -0.00951399561018, 0.0300028175116]]
    },
    "melbands": {
        "dmean": [0.0120437787846, 0.00389270484447, 0.0011183382012, 0.00045449778554, 0.000518921471667, 0.000298009137623, 0.000287044269498, 9.49076347752e-05, 6.32827941445e-05, 1.50751684487e-05, 8.14142094896e-06, 8.34166257846e-06, 2.79989362753e-05, 3.46409324266e-05, 1.68396745721e-05, 4.79879190607e-06, 2.07959669751e-06, 1.49234426772e-06, 3.39781831826e-06, 3.47969603354e-06, 5.33172351425e-06, 2.98801546705e-06, 1.11006465886e-06, 5.63573280488e-07, 1.4772515442e-06, 1.62092101164e-06, 6.67114647968e-07, 9.93425942397e-07, 8.05474542176e-07, 7.52753976485e-07, 8.1195094026e-07, 5.65169045785e-07, 5.80401945172e-07, 4.80966434679e-07, 3.9891506276e-07, 4.21635263592e-07, 2.47072620141e-07, 1.93917287561e-07, 1.75244480261e-07, 1.40271666282e-07],
        "dmean2": [0.0172531846911, 0.00650977995247, 0.00183919805568, 0.000744239951018, 0.000923103711102, 0.000457110785646, 0.000489907746669, 0.000168919475982, 9.706250421e-05, 2.29895758821e-05, 1.44594951053e-05, 1.48517528942e-05, 5.23257731402e-05, 6.38732963125e-05, 2.95989666483e-05, 7.9355077105e-06, 3.65146843251e-06, 2.44647117142e-06, 6.05270224696e-06, 6.19015645498e-06, 8.73047065397e-06, 4.96170832776e-06, 1.87711100352e-06, 9.06264517653e-07, 2.54755559581e-06, 2.86401268568e-06, 1.05609876755e-06, 1.53896723987e-06, 1.31215801957e-06, 1.23925201478e-06, 1.37382619414e-06, 8.94107699878e-07, 9.36313995226e-07, 7.54765267175e-07, 6.30580757388e-07, 6.83329517415e-07, 3.93584429048e-07, 3.19237727808e-07, 2.97577457786e-07, 2.32430181768e-07],
        "dvar": [0.000432917353464, 0.000103108701296, 1.11237523015e-05, 7.99371832727e-07, 1.31402725856e-06, 1.15173043014e-06, 8.42087615638e-07, 1.08637550511e-07, 2.63850825633e-08, 2.15342854659e-09, 1.31371835632e-09, 1.34522981643e-09, 2.38335822189e-08, 3.38688295187e-08, 7.07654157495e-09, 5.24564891524e-10, 1.12376934147e-10, 5.20843819463e-11, 3.18612219941e-10, 3.04129749162e-10, 6.30374030752e-10, 1.95346100407e-10, 2.6761063851e-11, 6.4550513372e-12, 5.53340116782e-11, 6.75266439987e-11, 7.69473460643e-12, 1.95821310556e-11, 1.30956053293e-11, 1.06367822536e-11, 1.46589372585e-11, 6.12855122553e-12, 7.07681612963e-12, 4.36668539869e-12, 3.19537820682e-12, 3.64646030385e-12, 1.15544921721e-12, 7.5598197407e-13, 6.55295154077e-13, 3.81515348827e-13],
        "dvar2": [0.000831052369904, 0.000265809940174, 2.91825017484e-05, 2.11336237044e-06, 3.94314201912e-06, 1.82821884209e-06, 2.37529252445e-06, 3.10960274419e-07, 6.42055155708e-08, 5.05698372066e-09, 3.61370044999e-09, 3.75490349924e-09, 6.87739643013e-08, 9.67236246652e-08, 1.89586764066e-08, 1.28614063843e-09, 2.97572855246e-10, 1.27374680248e-10, 8.88260964782e-10, 8.34562030594e-10, 1.49417367368e-09, 4.84126072564e-10, 7.14403605717e-11, 1.63580069629e-11, 1.46150314073e-10, 1.86051965501e-10, 1.85062434127e-11, 4.62967025827e-11, 3.10397055281e-11, 2.67161379824e-11, 3.82737140592e-11, 1.42015626689e-11, 1.75736022956e-11, 1.01806583996e-11, 7.79782575316e-12, 8.82755674114e-12, 2.7333742908e-12, 1.85842985966e-12, 1.69021741048e-12, 9.69062287012e-13],
        "max": [0.175783991814, 0.0802578553557, 0.0245358739048, 0.00870870333165, 0.0119427936152, 0.0323906689882, 0.0108474055305, 0.00355682196096, 0.00208008964546, 0.000475491804536, 0.000315780343954, 0.000335414282745, 0.00138159003109, 0.00155003927648, 0.000733778986614, 0.000196090812096, 0.000100546647445, 7.95575106167e-05, 0.000169754450326, 0.000166608675499, 0.000217626264202, 0.000115094866487, 4.91962273372e-05, 2.48618416663e-05, 7.26990547264e-05, 7.63290008763e-05, 2.82484415948e-05, 3.85168241337e-05, 3.55326628778e-05, 3.2561019907e-05, 4.55867011624e-05, 2.52848913078e-05, 2.90106490866e-05, 2.05403066502e-05, 1.72513464349e-05, 1.65292585734e-05, 1.05657782115e-05, 7.88930628914e-06, 8.82087624632e-06, 5.63730418435e-06],
        "mean": [0.0163750723004, 0.00511309085414, 0.00105401664041, 0.000689095410053, 0.000643992854748, 0.000482691772049, 0.000853951729368, 0.000196194014279, 0.000150125270011, 2.92348195217e-05, 7.82830466051e-06, 7.96595395514e-06, 1.67684156622e-05, 2.14126885112e-05, 1.12472607725e-05, 3.60480248673e-06, 1.43840713918e-06, 1.12859004275e-06, 2.2011549845e-06, 2.29645388572e-06, 4.10243683291e-06, 2.22231710723e-06, 8.1457790202e-07, 4.56654902337e-07, 1.02041644823e-06, 1.0821156593e-06, 5.50136235233e-07, 8.14051759335e-07, 6.71556165344e-07, 6.00859948463e-07, 6.0101302779e-07, 4.69957029736e-07, 4.52702579423e-07, 4.07218863074e-07, 3.06077510004e-07, 3.20732652881e-07, 2.06033377026e-07, 1.4806742854e-07, 1.27105607817e-07, 1.02802076185e-07],
        "median": [0.0099386498332, 0.00176389631815, 0.000149106053868, 0.00022460463515, 5.62897657801e-05, 3.67797874787e-05, 0.000212305167224, 6.2694081862e-05, 1.91988328879e-05, 3.09164238388e-06, 1.01871978586e-06, 1.7434365418e-06, 4.0603831053e-07, 5.01555007304e-07, 7.50967572571e-08, 2.47121789698e-08, 9.56114565298e-09, 9.8173176255e-09, 1.2605160471e-08, 1.81297696855e-08, 1.67213691782e-08, 1.02310115935e-08, 6.40919761707e-09, 5.17598275351e-09, 4.54230875135e-09, 5.39317790427e-09, 3.89052301486e-09, 3.55670937147e-09, 3.6894780564e-09, 3.66988373024e-09, 3.15340598078e-09, 3.43996608976e-09, 3.03786196199e-09, 3.32225180699e-09, 2.63717181426e-09, 2.53416931884e-09, 2.17378381961e-09, 1.94080507221e-09, 1.94798599473e-09, 1.9978014798e-09],
