{
"highlevel": {
    "danceability": {
        "all": {
            "danceable": 0.0739411041141,
            "not_danceable": 0.926058888435
        },
        "probability": 0.926058888435,
        "value": "not_danceable"
    },
    "gender": {
        "all": {
            "female": 0.336091846228,
            "male": 0.66390812397
        },
        "probability": 0.66390812397,
        "value": "male"
    },
    "genre_dortmund": {
        "all": {
            "alternative": 0.0858868286014,
            "blues": 0.184191077948,
            "electronic": 0.0207916405052,
            "folkcountry": 0.207307577133,
            "funksoulrnb": 0.0312081482261,
            "jazz": 0.108116127551,
            "pop": 0.0190143566579,
            "raphiphop": 0.00459764851257,
            "rock": 0.338886588812
        },
        "probability": 0.338886588812,
        "value": "rock"
    },
    "genre_electronic": {
        "all": {
            "ambient": 0.483663707972,
            "dnb": 0.275977492332,
            "house": 0.0916164889932,
            "techno": 0.0139535712078,
            "trance": 0.134788736701
        },
        "probability": 0.483663707972,
        "value": "ambient"
    },
    "genre_rosamerica": {
        "all": {
            "cla": 0.122705519199,
            "dan": 0.0843926370144,
            "hip": 0.0496850349009,
            "jaz": 0.074664786458,
            "pop": 0.118719495833,
            "rhy": 0.0698189511895,
            "roc": 0.451341241598,
            "spe": 0.0286723338068
        },
        "probability": 0.451341241598,
        "value": "roc"
    },
    "genre_tzanetakis": {
        "all": {
            "blu": 0.0626613423228,
            "cla": 0.0348169617355,
            "cou": 0.104475811124,
            "dis": 0.0784321576357,
            "hip": 0.15692435205,
            "jaz": 0.313974827528,
            "met": 0.0448166541755,
            "pop": 0.0627359300852,
            "reg": 0.0627360641956,
            "roc": 0.0784258767962
        },
        "probability": 0.313974827528,
        "value": "jaz"
    },
    "ismir04_rhythm": {
        "all": {
            "ChaChaCha": 0.0806265100837,
            "Jive": 0.0565638653934,
            "Quickstep": 0.289226144552,
            "Rumba-American": 0.0121084656566,
            "Rumba-International": 0.0140693318099,
            "Rumba-Misc": 0.00784766860306,
            "Samba": 0.142314836383,
            "Tango": 0.0690771192312,
            "VienneseWaltz": 0.311642467976,
            "Waltz": 0.0165235698223
        },
        "probability": 0.311642467976,
        "value": "VienneseWaltz"
    },
    "mood_acoustic": {
        "all": {
            "acoustic": 0.0910626500845,
            "not_acoustic": 0.908937335014
        },
        "probability": 0.908937335014,
        "value": "not_acoustic"
    },
    "mood_aggressive": {
        "all": {
            "aggressive": 0.43041190505,
            "not_aggressive": 0.569588124752
        },
        "probability": 0.569588124752,
        "value": "not_aggressive"
    },
    "mood_electronic": {
        "all": {
            "electronic": 0.296651005745,
            "not_electronic": 0.703348994255
        },
        "probability": 0.703348994255,
        "value": "not_electronic"
    },
    "mood_happy": {
        "all": {
            "happy": 0.824300646782,
            "not_happy": 0.175699368119
        },
        "probability": 0.824300646782,
        "value": "happy"
    },
    "mood_party": {
        "all": {
            "not_party": 0.648908495903,
            "party": 0.351091474295
        },
        "probability": 0.648908495903,
        "value": "not_party"
    },
    "mood_relaxed": {
        "all": {
            "not_relaxed": 0.522889494896,
            "relaxed": 0.477110505104
        },
        "probability": 0.522889494896,
        "value": "not_relaxed"
    },
    "mood_sad": {
        "all": {
            "not_sad": 0.754497885704,
            "sad": 0.245502129197
        },
        "probability": 0.754497885704,
        "value": "not_sad"
    },
    "moods_mirex": {
        "all": {
            "Cluster1": 0.163265630603,
            "Cluster2": 0.291491925716,
            "Cluster3": 0.0818676054478,
            "Cluster4": 0.31066635251,
            "Cluster5": 0.152708485723
        },
        "probability": 0.31066635251,
        "value": "Cluster4"
    },
    "timbre": {
        "all": {
            "bright": 0.981932520866,
            "dark": 0.0180674623698
        },
        "probability": 0.981932520866,
        "value": "bright"
    },
    "tonal_atonal": {
        "all": {
            "atonal": 0.0152886044234,
            "tonal": 0.984711408615
        },
        "probability": 0.984711408615,
        "value": "tonal"
    },
    "voice_instrumental": {
        "all": {
            "instrumental": 0.00257938168943,
            "voice": 0.997420608997
        },
        "probability": 0.997420608997,
        "value": "voice"
    }
},
"lowlevel": {
    "average_loudness": 0.965141892433,
    "barkbands_crest": {
        "dmean": 2.64454817772,
        "dmean2": 4.32263231277,
        "dvar": 5.43868970871,
        "dvar2": 13.679728508,
        "max": 21.9415416718,
        "mean": 9.40705490112,
        "median": 8.96500110626,
        "min": 2.55617594719,
        "var": 12.4606208801
    },
    "barkbands_flatness_db": {
        "dmean": 0.0243104323745,
        "dmean2": 0.0376503877342,
        "dvar": 0.00057092984207,
        "dvar2": 0.00122141325846,
        "max": 0.34391823411,
        "mean": 0.149962887168,
        "median": 0.145716637373,
        "min": 0.0614647977054,
        "var": 0.00171746476553
    },
    "barkbands_kurtosis": {
        "dmean": 1.75224304199,
        "dmean2": 2.78018498421,
        "dvar": 9.21794605255,
        "dvar2": 20.6448478699,
        "max": 43.9252929688,
        "mean": 1.60402679443,
        "median": 0.149344205856,
        "min": -1.75143992901,
        "var": 20.0576972961
    },
    "barkbands_skewness": {
        "dmean": 0.484390765429,
        "dmean2": 0.742583453655,
        "dvar": 0.239087432623,
        "dvar2": 0.521497786045,
        "max": 5.74445962906,
        "mean": 1.08151960373,
        "median": 0.907420098782,
        "min": -1.0350767374,
        "var": 0.81402027607
    },
    "barkbands_spread": {
        "dmean": 5.67946481705,
        "dmean2": 8.8238325119,
        "dvar": 30.512922287,
        "dvar2": 71.7635955811,
        "max": 56.964012146,
        "mean": 24.5599536896,
        "median": 24.3467845917,
        "min": 2.51832461357,
        "var": 89.1437606812
    },
    "dissonance": {
        "dmean": 0.017733477056,
        "dmean2": 0.0301908385009,
        "dvar": 0.000231893005548,
        "dvar2": 0.000645391410217,
        "max": 0.499480575323,
        "mean": 0.467206180096,
        "median": 0.471138894558,
        "min": 0.38806450367,
        "var": 0.000424611265771
    },
    "dynamic_complexity": 1.96744990349,
    "erbbands_crest": {
        "dmean": 2.65196967125,
        "dmean2": 4.32159233093,
        "dvar": 6.68716526031,
        "dvar2": 16.9493846893,
        "max": 29.3801860809,
        "mean": 9.3208065033,
        "median": 8.21454143524,
        "min": 2.5815320015,
        "var": 18.3865242004
    },
    "erbbands_flatness_db": {
        "dmean": 0.0220410693437,
        "dmean2": 0.0335226394236,
        "dvar": 0.000444035511464,
        "dvar2": 0.000970084278379,
        "max": 0.274894356728,
        "mean": 0.182274952531,
        "median": 0.181885063648,
        "min": 0.0837593227625,
        "var": 0.00118318223394
    },
    "erbbands_kurtosis": {
        "dmean": 0.587566196918,
        "dmean2": 0.945670962334,
        "dvar": 0.520967960358,
        "dvar2": 1.25238060951,
        "max": 8.57665157318,
        "mean": -0.0933922380209,
        "median": -0.293437480927,
        "min": -1.55900132656,
        "var": 1.05006992817
    },
    "erbbands_skewness": {
        "dmean": 0.351802825928,
        "dmean2": 0.555095434189,
        "dvar": 0.109471946955,
        "dvar2": 0.267509430647,
        "max": 2.55309295654,
        "mean": 0.139939472079,
        "median": 0.112669549882,
        "min": -2.87887597084,
        "var": 0.363788366318
    },
    "erbbands_spread": {
        "dmean": 7.14420318604,
        "dmean2": 11.3106880188,
        "dvar": 53.1987953186,
        "dvar2": 126.823875427,
        "max": 90.5220947266,
        "mean": 34.1763839722,
        "median": 32.4034080505,
        "min": 10.0226964951,
        "var": 129.661758423
    },
    "hfc": {
        "dmean": 6.84108734131,
        "dmean2": 10.1140995026,
        "dvar": 57.6875648499,
        "dvar2": 126.257446289,
        "max": 80.3566741943,
        "mean": 22.2957763672,
        "median": 20.2263298035,
        "min": 0.899686992168,
        "var": 207.667999268
    },
    "melbands_crest": {
        "dmean": 3.13486099243,
        "dmean2": 5.25409984589,
        "dvar": 8.41345310211,
        "dvar2": 21.42345047,
        "max": 26.9300708771,
        "mean": 13.2929782867,
        "median": 12.7981357574,
        "min": 3.8371257782,
        "var": 18.6868343353
    },
    "melbands_flatness_db": {
        "dmean": 0.0304953418672,
        "dmean2": 0.0475000739098,
        "dvar": 0.000915303244255,
        "dvar2": 0.00191757420544,
        "max": 0.416271388531,
        "mean": 0.187563896179,
        "median": 0.181391343474,
        "min": 0.0630771368742,
        "var": 0.00301019870676
    },
    "melbands_kurtosis": {
        "dmean": 4.64737653732,
        "dmean2": 7.45102453232,
        "dvar": 58.2445106506,
        "dvar2": 127.577339172,
        "max": 110.373268127,
        "mean": 7.24781131744,
        "median": 3.63862514496,
        "min": -1.69714868069,
        "var": 129.2865448
    },
    "melbands_skewness": {
        "dmean": 0.687009036541,
        "dmean2": 1.08254551888,
        "dvar": 0.506859064102,
        "dvar2": 1.11062800884,
        "max": 8.3490228653,
        "mean": 2.03964614868,
        "median": 1.76652896404,
        "min": -0.502872407436,
        "var": 1.56891107559
    },
    "melbands_spread": {
        "dmean": 7.84372138977,
        "dmean2": 12.1953105927,
        "dvar": 57.0058288574,
        "dvar2": 124.82950592,
        "max": 95.9852523804,
        "mean": 28.6694736481,
        "median": 27.8113632202,
        "min": 1.85859382153,
        "var": 201.406524658
    },
    "pitch_salience": {
        "dmean": 0.0659393891692,
        "dmean2": 0.109741270542,
        "dvar": 0.00323889637366,
        "dvar2": 0.00839651748538,
        "max": 0.781351923943,
        "mean": 0.515368938446,
        "median": 0.515077531338,
        "min": 0.277912318707,
        "var": 0.00736390426755
    },
    "silence_rate_20dB": {
        "dmean": 0,
        "dmean2": 0,
        "dvar": 0,
        "dvar2": 0,
        "max": 1,
        "mean": 1,
        "median": 1,
        "min": 1,
        "var": 0
    },
    "silence_rate_30dB": {
        "dmean": 0,
        "dmean2": 0,
        "dvar": 0,
        "dvar2": 0,
        "max": 1,
        "mean": 1,
        "median": 1,
        "min": 1,
        "var": 0
    },
    "silence_rate_60dB": {
        "dmean": 0.00928792543709,
        "dmean2": 0.018590239808,
        "dvar": 0.0092016030103,
        "dvar2": 0.0228920858353,
        "max": 1,
        "mean": 0.00696055684239,
        "median": 0,
        "min": 0,
        "var": 0.00691216345876
    },
    "spectral_centroid": {
        "dmean": 292.849090576,
        "dmean2": 437.909912109,
        "dvar": 73996.375,
        "dvar2": 155786.046875,
        "max": 2994.88037109,
        "mean": 1611.00866699,
        "median": 1640.69885254,
        "min": 279.391937256,
        "var": 296724.625
    },
    "spectral_complexity": {
        "dmean": 3.86919498444,
        "dmean2": 5.64678525925,
        "dvar": 12.1942358017,
        "dvar2": 22.6683712006,
        "max": 45,
        "mean": 22.5150814056,
        "median": 23,
        "min": 4,
        "var": 63.8584022522
    },
    "spectral_decrease": {
        "dmean": 2.28061725061e-09,
        "dmean2": 3.52427576011e-09,
        "dvar": 5.43233951451e-18,
        "dvar2": 1.15115243419e-17,
        "max": -3.13473941249e-10,
        "mean": -6.76484912532e-09,
        "median": -6.18913142958e-09,
        "min": -2.27643610629e-08,
        "var": 1.52019898176e-17
    },
    "spectral_energy": {
        "dmean": 0.00907022785395,
        "dmean2": 0.0139591461048,
        "dvar": 8.47315168357e-05,
        "dvar2": 0.000178212532774,
        "max": 0.0912261903286,
        "mean": 0.0275543816388,
        "median": 0.0253005679697,
        "min": 0.00131224631332,
        "var": 0.000245657982305
    },
    "spectral_energyband_high": {
        "dmean": 0.000377955992008,
        "dmean2": 0.000615416793153,
        "dvar": 2.69245020945e-07,
        "dvar2": 6.75068463352e-07,
        "max": 0.00476521160454,
        "mean": 0.000641005812213,
        "median": 0.000421798147727,
        "min": 3.62163632417e-06,
        "var": 4.27149785764e-07
    },
    "spectral_energyband_low": {
        "dmean": 0.00508390460163,
        "dmean2": 0.00845102965832,
        "dvar": 3.50797272404e-05,
        "dvar2": 8.48863273859e-05,
        "max": 0.0451141968369,
        "mean": 0.0100081972778,
        "median": 0.00780665129423,
        "min": 0.000158202601597,
        "var": 6.83895268594e-05
    },
    "spectral_energyband_middle_high": {
        "dmean": 0.00236768019386,
        "dmean2": 0.00332457432523,
        "dvar": 7.98827750259e-06,
        "dvar2": 1.40396223287e-05,
        "max": 0.0510876439512,
        "mean": 0.00731012970209,
        "median": 0.00613556522876,
        "min": 0.00015336505021,
        "var": 3.39557773259e-05
    },
    "spectral_energyband_middle_low": {
        "dmean": 0.00518607022241,
        "dmean2": 0.00832215230912,
        "dvar": 4.30097388744e-05,
        "dvar2": 0.000104676015326,
        "max": 0.067048214376,
        "mean": 0.0110531635582,
        "median": 0.00792770367116,
        "min": 0.000608526577707,
        "var": 8.56473780004e-05
    },
    "spectral_entropy": {
        "dmean": 0.190080597997,
        "dmean2": 0.289333343506,
        "dvar": 0.037037987262,
        "dvar2": 0.0865354910493,
        "max": 8.37083625793,
        "mean": 7.44131994247,
        "median": 7.44916439056,
        "min": 6.12805318832,
        "var": 0.0856087133288
    },
    "spectral_flux": {
        "dmean": 0.0272819772363,
        "dmean2": 0.042739007622,
        "dvar": 0.000689969165251,
        "dvar2": 0.00158381590154,
        "max": 0.227852761745,
        "mean": 0.090956106782,
        "median": 0.085640065372,
        "min": 0.0199469123036,
        "var": 0.00132751709316
    },
    "spectral_kurtosis": {
        "dmean": 2.08064436913,
        "dmean2": 3.58428502083,
        "dvar": 3.35262179375,
        "dvar2": 9.75310993195,
        "max": 15.1340694427,
        "mean": 3.96871304512,
        "median": 3.52191019058,
        "min": 0.0331332683563,
        "var": 4.69706964493
    },
    "spectral_rms": {
        "dmean": 0.000863607914653,
        "dmean2": 0.00129895820282,
        "dvar": 6.73584395372e-07,
        "dvar2": 1.33057437779e-06,
        "max": 0.00943404249847,
        "mean": 0.00496196467429,
        "median": 0.00496824737638,
        "min": 0.00113147706725,
        "var": 2.26126030611e-06
    },
    "spectral_rolloff": {
        "dmean": 485.763458252,
        "dmean2": 795.9453125,
        "dvar": 320129.25,
        "dvar2": 709200.875,
        "max": 5232.56835938,
        "mean": 1557.96948242,
        "median": 1507.32421875,
        "min": 129.19921875,
        "var": 774848.25
    },
    "spectral_skewness": {
        "dmean": 0.245388120413,
        "dmean2": 0.409862667322,
        "dvar": 0.0387204103172,
        "dvar2": 0.109944075346,
        "max": 2.5518116951,
        "mean": 1.2529040575,
        "median": 1.22386550903,
        "min": 0.414566963911,
        "var": 0.0885005816817
    },
    "spectral_spread": {
        "dmean": 604497.625,
        "dmean2": 959057.3125,
        "dvar": 515253338112,
        "dvar2": 1.27391144346e+12,
        "max": 7419705,
        "mean": 3412588.5,
        "median": 3211055.25,
        "min": 1851483,
        "var": 699762212864
    },
    "spectral_strongpeak": {
        "dmean": 0.619193136692,
        "dmean2": 1.05664563179,
        "dvar": 0.829512774944,
        "dvar2": 1.93920743465,
        "max": 15.6264295578,
        "mean": 1.08884906769,
        "median": 0.521689474583,
        "min": 0.0194814708084,
        "var": 2.07058644295
    },
    "zerocrossingrate": {
        "dmean": 0.00818967074156,
        "dmean2": 0.0104040596634,
        "dvar": 5.29682183696e-05,
        "dvar2": 7.80814007157e-05,
        "max": 0.1328125,
        "mean": 0.0543619804084,
        "median": 0.0537109375,
        "min": 0.01025390625,
        "var": 0.000329662056174
    },
    "barkbands": {
        "dmean": [3.45309417753e-05, 0.00150366080925, 0.00350961601362, 0.00112754770089, 0.00193997763563, 0.000523294904269, 0.00148138368968, 0.000726077938452, 0.00153198419139, 0.00086497690063, 0.00057996698888, 0.000301414751448, 0.000474109139759, 0.000406834325986, 0.000498451292515, 0.000234402235947, 0.000153159955516, 0.000315996148856, 0.000270139193162, 0.000190561040654, 8.08213517303e-05, 0.000103172984382, 8.72990640346e-05, 4.54360088042e-05, 2.23934112e-05, 7.45171519156e-06, 5.05408381812e-09],
        "dmean2": [5.5713524489e-05, 0.0025596646592, 0.00579224340618, 0.00194509048015, 0.00332952383906, 0.000855267746374, 0.00260458700359, 0.00118281389587, 0.00232166284695, 0.00131143420003, 0.000889417249709, 0.000476022600196, 0.000745931291021, 0.000626384513453, 0.000790372258052, 0.000362959282938, 0.00024027271138, 0.000474593514809, 0.000409154221416, 0.000288934825221, 0.000126112034195, 0.00017094053328, 0.000151966232806, 8.02210633992e-05, 4.01793986384e-05, 1.31462811623e-05, 6.55125731441e-09],
        "dvar": [6.71182398548e-09, 7.39589722798e-06, 2.03181061806e-05, 2.25163080358e-06, 1.60077197506e-05, 4.74268176731e-07, 1.28975734697e-05, 1.95699976757e-06, 8.88630802365e-06, 2.63368656306e-06, 1.23898530546e-06, 2.00061805344e-07, 8.55531595789e-07, 7.16101396847e-07, 6.64028561914e-07, 1.30475456217e-07, 6.03398007115e-08, 2.03442752422e-07, 2.41816195512e-07, 5.39451328052e-08, 1.19577423519e-08, 2.79655534285e-08, 2.7478410658e-08, 7.38057748251e-09, 2.00008032358e-09, 2.8838348376e-10, 1.00481494124e-14],
        "dvar2": [1.74792340601e-08, 1.85258268175e-05, 5.02698749187e-05, 6.24352151135e-06, 4.17242736148e-05, 1.24315397443e-06, 3.55537922587e-05, 4.94813593832e-06, 1.80599872692e-05, 5.73470151721e-06, 2.84470934275e-06, 4.66182143555e-07, 1.86400131952e-06, 1.29081206524e-06, 1.50542098254e-06, 3.08123958348e-07, 1.38773785352e-07, 4.01779487902e-07, 4.84574968596e-07, 1.15370873743e-07, 2.70403077707e-08, 7.0684933462e-08, 7.34894030074e-08, 1.96714200484e-08, 5.51004664118e-09, 8.00406518842e-10, 1.0169689323e-14],
        "max": [0.00136488792486, 0.0312263481319, 0.0390167683363, 0.014176113531, 0.0488857813179, 0.00639235367998, 0.0287781246006, 0.0202444754541, 0.0541091375053, 0.0304549839348, 0.0167464520782, 0.00816878397018, 0.0118583654985, 0.0238561760634, 0.0116038378328, 0.00509723508731, 0.00464825658128, 0.0123969931155, 0.0147657934576, 0.00319045293145, 0.00133676559199, 0.00164706259966, 0.00153888808563, 0.000819208682515, 0.000421253964305, 0.000175815890543, 3.52360893885e-06],
        "mean": [4.08331106883e-05, 0.00324991345406, 0.00562419742346, 0.00155239005107, 0.00246898806654, 0.000818045053165, 0.00138190295547, 0.000987073057331, 0.00324181164615, 0.00145246821921, 0.00094789051218, 0.000520804780535, 0.000788281962741, 0.000672855938319, 0.000796234526206, 0.000457689078758, 0.000289128045551, 0.000705092970748, 0.000685034727212, 0.000451258878456, 0.000139640367706, 0.000120351352962, 9.50324683799e-05, 4.07252555306e-05, 1.96621695068e-05, 7.11772008799e-06, 4.56303883567e-09],
        "median": [9.01514340512e-06, 0.00136457767803, 0.00321841309778, 0.000988969230093, 0.00102883763611, 0.0005645834608, 0.000407323619584, 0.000425093778176, 0.000783139665145, 0.000653610797599, 0.000378193886718, 0.000305328343529, 0.000370079098502, 0.000250168435741, 0.000441913900431, 0.000298170401948, 0.000170108833117, 0.000540142471436, 0.000400774617447, 0.000352260627551, 7.01094977558e-05, 5.03832743561e-05, 4.57656533399e-05, 1.40059928526e-05, 4.23819301432e-06, 6.61216006392e-07, 3.31548982713e-10],
        "min": [1.68661848932e-08, 1.06722773126e-05, 9.50155663304e-06, 5.3466396821e-06, 3.26221052092e-05, 1.3978727111e-05, 1.39966705319e-05, 1.72137094978e-06, 1.07550122266e-05, 3.78368554266e-06, 6.98449730407e-06, 6.65455172566e-06, 8.89120747161e-06, 2.41940301748e-06, 3.01620480059e-06, 3.6444662328e-06, 2.35592301578e-06, 1.89698846498e-06, 2.6319544304e-06, 2.54651763498e-06, 5.3884218687e-07, 3.02202096236e-07, 1.14627020764e-07, 1.00411556847e-09, 6.4462275795e-11, 7.89963927605e-12, 9.97831938604e-12],
        "var": [7.85541676152e-09, 1.70966977748e-05, 3.99791133532e-05, 3.13524628837e-06, 1.72355321411e-05, 6.75408841744e-07, 9.54539700615e-06, 3.62029254575e-06, 3.20498438668e-05, 6.04528167969e-06, 2.34550475398e-06, 4.03683145578e-07, 1.57606018547e-06, 1.69474776612e-06, 1.23998040635e-06, 3.14245710342e-07, 1.46676541135e-07, 7.05536763235e-07, 1.43804959407e-06, 1.86155531878e-07, 3.08873993049e-08, 2.92245925237e-08, 2.18786215811e-08, 5.55986590101e-09, 1.47044221244e-09, 2.49230053262e-10, 1.00208986684e-14]
    },
    "erbbands": {
        "dmean": [0.0330943129957, 0.407303094864, 3.01263546944, 4.55059814453, 4.22689533234, 8.35490608215, 4.97145366669, 4.48913097382, 9.98856735229, 27.7475337982, 20.1302947998, 36.5824813843, 28.9102497101, 21.7294483185, 17.5745162964, 13.7314176559, 19.3188705444, 19.9528579712, 26.4527721405, 16.6464500427, 8.72843456268, 9.04130172729, 15.4707994461, 15.5585889816, 11.1784105301, 9.06891822815, 4.26477003098, 2.84400868416, 4.03851175308, 3.24287033081, 2.57367420197, 0.913529992104, 0.833813250065, 0.327506184578, 0.109098166227, 0.0546958558261, 0.00829314813018, 0.000509678793605, 1.61928455782e-05, 1.1222887224e-05],
        "dmean2": [0.0552504733205, 0.69385266304, 4.96651077271, 7.75620937347, 7.20227766037, 14.4404020309, 8.25360393524, 7.31787395477, 17.616733551, 47.6455612183, 31.7045860291, 55.3414077759, 43.0273895264, 32.5337600708, 27.1603469849, 21.6715316772, 29.8022766113, 29.6332569122, 41.0239601135, 25.7329711914, 13.6218986511, 13.64407444, 23.5803947449, 23.0205783844, 16.6834182739, 13.7117557526, 6.53240060806, 4.56140232086, 6.60270690918, 5.60339307785, 4.51510286331, 1.58881783485, 1.48795175552, 0.588410019875, 0.193028092384, 0.0963057205081, 0.0146613195539, 0.000916888122447, 2.71358258033e-05, 1.73037024069e-05],
        "dvar": [0.00570066878572, 0.435454577208, 14.9164676666, 29.2377548218, 75.279335022, 412.00100708, 73.7701187134, 39.2558059692, 413.875671387, 4091.85668945, 1728.97216797, 5239.08789062, 2690.14599609, 2276.68920898, 651.021057129, 388.515289307, 1524.49731445, 1959.18945312, 1895.10717773, 755.406799316, 165.745361328, 214.137115479, 424.029510498, 894.487121582, 260.848358154, 119.935302734, 34.4863395691, 17.5638694763, 49.0335617065, 37.7919502258, 25.0910072327, 2.95935058594, 2.66436290741, 0.46745967865, 0.0434900484979, 0.0152107113972, 0.000394706294173, 1.92777952179e-06, 1.12926779039e-09, 1.29493304968e-10],
        "dvar2": [0.0144351292402, 1.0900093317, 36.3406677246, 77.9098510742, 207.857666016, 1091.08068848, 183.508499146, 104.787254333, 1141.83959961, 11130.8261719, 4163.29541016, 11222.8857422, 6207.80810547, 4568.90771484, 1500.34985352, 964.984924316, 3229.60375977, 3208.45556641, 4258.68115234, 1891.24511719, 413.395050049, 484.316864014, 898.262573242, 1778.82495117, 551.201171875, 264.537506104, 67.8523025513, 42.4440422058, 124.393867493, 102.211174011, 67.0535202026, 7.89286804199, 7.17243242264, 1.28558921814, 0.119496680796, 0.0416933186352, 0.0011234091362, 5.52998562853e-06, 2.82100232063e-09, 2.73311734356e-10],
        "max": [0.92714881897, 8.01001644135, 32.8781204224, 45.4354133606, 98.493019104, 284.361419678, 92.2385406494, 69.1713943481, 159.665740967, 513.278259277, 539.5703125, 1211.61462402, 735.034240723, 839.259094238, 364.664123535, 318.544219971, 536.121398926, 1390.77392578, 748.194885254, 306.612182617, 193.603790283, 310.515228271, 486.244598389, 1278.82092285, 345.995910645, 147.950866699, 96.7721252441, 51.0479049683, 61.5637702942, 85.3811950684, 47.6854515076, 18.5343151093, 12.3012256622, 6.72885370255, 1.92580294609, 1.28140509129, 0.188928440213, 0.0132229002193, 0.000517170352396, 0.000106732135464],
        "mean": [0.0734670460224, 0.88000357151, 5.14649772644, 7.10592937469, 5.77257442474, 9.56873130798, 7.54348134995, 6.59761095047, 10.1489191055, 28.8168239594, 29.753408432, 80.3987731934, 55.5207176208, 41.3415756226, 33.5455169678, 24.9483032227, 34.8845024109, 36.0698852539, 46.3761825562, 31.3812484741, 19.2594680786, 18.8484039307, 34.9137496948, 40.5584945679, 29.3558712006, 22.151517868, 9.0361032486, 4.36151981354, 4.63405895233, 3.80712246895, 2.6472299099, 0.93762999773, 0.674193561077, 0.269367933273, 0.10550802201, 0.0533413738012, 0.0077572921291, 0.000428379833465, 2.72450015473e-05, 3.41255945386e-05],
        "median": [0.0149359973148, 0.560392260551, 3.18119764328, 4.43017911911, 2.24646854401, 3.79049921036, 4.78391551971, 4.30833435059, 4.98107290268, 7.89855670929, 13.36784935, 19.2726840973, 23.808506012, 17.5508422852, 16.7527160645, 16.5052204132, 17.4481983185, 17.7431354523, 28.1679191589, 22.3821754456, 14.5671710968, 12.838306427, 27.8304004669, 23.8676013947, 19.6585292816, 16.96352005, 5.86705350876, 1.72332000732, 1.85440444946, 1.81147837639, 1.19926989079, 0.377530902624, 0.194261148572, 0.0643504932523, 0.015349981375, 0.0050421631895, 0.000774846877903, 4.83367439301e-05, 1.88526501006e-05, 3.13694363285e-05],
        "min": [0.000425429374445, 0.00469702621922, 0.00986285507679, 0.0824756845832, 0.0456389971077, 0.12627902627, 0.115803554654, 0.153705596924, 0.194142118096, 0.118443191051, 0.167310371995, 0.563216269016, 0.387179911137, 0.276049256325, 0.513909995556, 0.445315480232, 0.581238746643, 0.337824761868, 0.326826363802, 0.374135375023, 0.164207711816, 0.153995767236, 0.139840215445, 0.185584381223, 0.146021574736, 0.123940348625, 0.041029445827, 0.0190736763179, 0.00972032826394, 0.0131095489487, 0.00385484984145, 0.000479171110783, 4.89674675919e-05, 1.50851719809e-05, 2.96543976219e-06, 1.92235324903e-06, 1.14093609227e-06, 2.10624179431e-07, 8.0691944504e-07, 1.61517186825e-06],
        "var": [0.01847948879, 0.839891135693, 27.546579361, 56.6364326477, 84.8285140991, 424.013977051, 92.1835098267, 50.9629058838, 302.556854248, 3563.08691406, 2728.13720703, 19629.7363281, 8123.77978516, 5290.89892578, 2262.26000977, 719.550720215, 3065.35668945, 4726.16992188, 3766.33496094, 1216.49084473, 357.142303467, 544.198364258, 1157.69238281, 7143.55078125, 1294.40063477, 427.289642334, 103.070404053, 40.1134796143, 49.168132782, 31.5250358582, 19.3419036865, 2.40621137619, 1.88059234619, 0.327297270298, 0.0391111150384, 0.0135074993595, 0.000320159859257, 1.26573945636e-06, 9.99223148668e-10, 3.65478591835e-10]
    },
    "gfcc": {
        "mean": [2.32326221466, 119.661193848, -151.059448242, 47.7683258057, -58.583404541, 14.2760248184, -26.3620281219, 7.31995296478, -18.8848152161, -10.8285112381, -9.80869293213, -15.3724565506, -11.7719841003],
        "cov": [[2480.48779297, -1079.73156738, 52.5510406494, -105.353820801, -95.2250137329, 252.254928589, -162.628311157, 295.736602783, -274.819854736, 275.830474854, -350.058319092, 195.591247559, -118.616981506], [-1079.73156738, 1054.21179199, -126.264465332, 84.3838119507, 124.156562805, -208.604873657, 218.286468506, -200.002334595, 277.275482178, -263.656799316, 282.849700928, -219.169631958, 111.004508972], [52.5510406494, -126.264465332, 465.848815918, 76.8926315308, -7.07678318024, 87.1557235718, -88.2744979858, 10.7408418655, -61.6432189941, 95.8263473511, -92.1712417603, 91.5378265381, -22.8764762878], [-105.353820801, 84.3838119507, 76.8926315308, 175.8956604, 32.3744850159, -0.967584848404, 22.4966182709, -38.2330589294, 47.704460144, -39.2286529541, 37.7673797607, -13.7983188629, 40.5142250061], [-95.2250137329, 124.156562805, -7.07678318024, 32.3744850159, 175.410995483, -7.87994241714, 58.5503768921, -11.6273212433, -15.9476680756, -20.4314136505, 3.15242004395, -3.81466674805, 9.81450462341], [252.254928589, -208.604873657, 87.1557235718, -0.967584848404, -7.87994241714, 175.781768799, -18.0977249146, 32.2891731262, -64.8847885132, 66.7791595459, -42.7872962952, 61.3423957825, 7.82432556152], [-162.628311157, 218.286468506, -88.2744979858, 22.4966182709, 58.5503768921, -18.0977249146, 164.43081665, -8.48716640472, 63.4273948669, -67.334526062, 59.7946205139, -42.1773757935, 27.9121341705], [295.736602783, -200.002334595, 10.7408418655, -38.2330589294, -11.6273212433, 32.2891731262, -8.48716640472, 149.766586304, -16.3651313782, 64.8879318237, -57.6147766113, 35.4820976257, -16.5851745605], [-274.819854736, 277.275482178, -61.6432189941, 47.704460144, -15.9476680756, -64.8847885132, 63.4273948669, -16.3651313782, 194.958129883, -55.7175178528, 98.9401931763, -72.8291015625, 37.4914131165], [275.830474854, -263.656799316, 95.8263473511, -39.2286529541, -20.4314136505, 66.7791595459, -67.334526062, 64.8879318237, -55.7175178528, 169.9921875, -57.3741722107, 96.6198806763, -33.9991226196], [-350.058319092, 282.849700928, -92.1712417603, 37.7673797607, 3.15242004395, -42.7872962952, 59.7946205139, -57.6147766113, 98.9401931763, -57.3741722107, 195.021957397, -47.2963142395, 36.7860717773], [195.591247559, -219.169631958, 91.5378265381, -13.7983188629, -3.81466674805, 61.3423957825, -42.1773757935, 35.4820976257, -72.8291015625, 96.6198806763, -47.2963142395, 133.83026123, -1.23270213604], [-118.616981506, 111.004508972, -22.8764762878, 40.5142250061, 9.81450462341, 7.82432556152, 27.9121341705, -16.5851745605, 37.4914131165, -33.9991226196, 36.7860717773, -1.23270213604, 99.8752975464]],
        "icov": [[0.000847213435918, 0.000205782664125, 0.000485395401483, -0.00047815576545, 0.000268263567705, -0.000607107765973, 5.59866566618e-05, -0.000856579979882, 0.000298459955957, -0.00033098415588, 0.000790474819951, -6.71350862831e-05, 0.000429248961154], [0.000205782664125, 0.0101231876761, -0.00472522387281, 0.00604203995317, -0.00554016279057, 0.00522229354829, -0.00511463731527, 0.00643666228279, -0.0058434442617, 0.00328855519183, -0.00636209361255, 0.00640317983925, -0.00617121579126], [0.000485395401483, -0.00472522387281, 0.00611299928278, -0.00539434701204, 0.00279527157545, -0.00388574576937, 0.00355574884452, -0.0030618342571, 0.00249757617712, -0.00250974087976, 0.00486637977883, -0.00446144444868, 0.00430484022945], [-0.00047815576545, 0.00604203995317, -0.00539434701204, 0.0126483980566, -0.0051271491684, 0.00315833138302, -0.00292924768291, 0.00543810473755, -0.00562972994521, 0.00403030076995, -0.00521408813074, 0.00375533686019, -0.00621940009296], [0.000268263567705, -0.00554016279057, 0.00279527157545, -0.0051271491684, 0.0105550130829, -0.0021385261789, -0.000588056922425, -0.00363016012125, 0.0056720119901, -0.00274480436929, 0.0042132739909, -0.00326031143777, 0.00323241134174], [-0.000607107765973, 0.00522229354829, -0.00388574576937, 0.00315833138302, -0.0021385261789, 0.0116457985714, -0.00451234774664, 0.00350480619818, -0.000528203381691, -0.000588125316426, -0.00406905356795, 0.00331656169146, -0.00601786095649], [5.59866566618e-05, -0.00511463731527, 0.00355574884452, -0.00292924768291, -0.000588056922425, -0.00451234774664, 0.0129208564758, -0.00485859997571, 0.000246476061875, 0.00184273079503, 0.00214101374149, -0.00418814783916, 0.0034417361021], [-0.000856579979882, 0.00643666228279, -0.0030618342571, 0.00543810473755, -0.00363016012125, 0.00350480619818, -0.00485859997571, 0.0146688083187, -0.00575117813423, -0.000701008422766, -0.00224289973266, 0.00386078236625, -0.00440860912204], [0.000298459955957, -0.0058434442617, 0.00249757617712, -0.00562972994521, 0.0056720119901, -0.000528203381691, 0.000246476061875, -0.00575117813423, 0.0142414607108, -0.00450588390231, 0.000804140290711, 0.0010082203662, 0.00100129796192], [-0.00033098415588, 0.00328855519183, -0.00250974087976, 0.00403030076995, -0.00274480436929, -0.000588125316426, 0.00184273079503, -0.000701008422766, -0.00450588390231, 0.0161085743457, -0.00295906327665, -0.00615325244144, 0.0016155433841], [0.000790474819951, -0.00636209361255, 0.00486637977883, -0.00521408813074, 0.0042132739909, -0.00406905356795, 0.00214101374149, -0.00224289973266, 0.000804140290711, -0.00295906327665, 0.0136614469811, -0.00474908202887, 0.00377393979579], [-6.71350862831e-05, 0.00640317983925, -0.00446144444868, 0.00375533686019, -0.00326031143777, 0.00331656169146, -0.00418814783916, 0.00386078236625, 0.0010082203662, -0.00615325244144, -0.00474908202887, 0.0207745879889, -0.00833707023412], [0.000429248961154, -0.00617121579126, 0.00430484022945, -0.00621940009296, 0.00323241134174, -0.00601786095649, 0.0034417361021, -0.00440860912204, 0.00100129796192, 0.0016155433841, 0.00377393979579, -0.00833707023412, 0.0180311016738]]
    },
    "melbands": {
        "dmean": [0.000352879025741, 0.00121611135546, 0.000744654389564, 0.000437230337411, 0.000223072522203, 9.72788184299e-05, 0.000202891460503, 0.00026503202389, 0.000182867719559, 0.000237388623646, 0.000147301048855, 9.079073061e-05, 6.80841330905e-05, 3.14359094773e-05, 4.9631253205e-05, 4.3981748604e-05, 3.9550166548e-05, 4.52664971817e-05, 3.41870691045e-05, 2.09979643842e-05, 8.98076632438e-06, 1.01674131656e-05, 1.35817508635e-05, 1.44226269185e-05, 1.3967824998e-05, 9.97282404569e-06, 7.83136783866e-06, 6.37432276562e-06, 2.9510836157e-06, 1.97932922674e-06, 1.69179247678e-06, 2.4396349545e-06, 1.90685068446e-06, 1.7591823962e-06, 1.82917426628e-06, 6.2779486143e-07, 5.68412303892e-07, 7.24333290236e-07, 3.47779291587e-07, 2.60671953356e-07],
        "dmean2": [0.000592877913732, 0.00201102439314, 0.00125171046238, 0.000756628171075, 0.000374350667698, 0.000157742455485, 0.000360284291673, 0.000451698724646, 0.000284635374555, 0.000355059164576, 0.000220824964345, 0.000138229705044, 0.000105626619188, 4.86653807457e-05, 8.06057796581e-05, 6.69613364153e-05, 5.92429314565e-05, 7.10869790055e-05, 5.42276611668e-05, 3.22442210745e-05, 1.42596145452e-05, 1.56580263138e-05, 2.08840447158e-05, 2.15621785173e-05, 2.07436096389e-05, 1.53256332851e-05, 1.16687378977e-05, 9.85435417533e-06, 4.53757411378e-06, 3.0694823181e-06, 2.76201217275e-06, 4.03836565965e-06, 3.15734882861e-06, 3.07019968204e-06, 3.20337812809e-06, 1.10317535018e-06, 9.8973043805e-07, 1.29754403133e-06, 6.17358182353e-07, 4.72348773428e-07],
        "dvar": [4.9496355814e-07, 2.21573600356e-06, 7.53027052269e-07, 7.86789257745e-07, 2.28022770443e-07, 1.73989604946e-08, 2.11297162878e-07, 3.33841995825e-07, 1.68038042148e-07, 2.32083607443e-07, 7.20199935245e-08, 3.97785910877e-08, 1.18863372478e-08, 1.61075863758e-09, 7.60613971806e-09, 1.04992734506e-08, 8.29655721901e-09, 6.17018747207e-09, 3.67855057526e-09, 1.13303688654e-09, 2.02506567071e-10, 3.45925343925e-10, 3.76888548148e-10, 5.56398149776e-10, 8.03317967701e-10, 2.48800369196e-10, 1.26535990019e-10, 6.49084466731e-11, 1.66601558937e-11, 9.04636868887e-12, 7.76774304601e-12, 1.92605566912e-11, 1.02657899542e-11, 1.20365332285e-11, 1.44019024137e-11, 1.20564734411e-12, 1.31045673445e-12, 2.1290740438e-12, 5.53219037421e-13, 3.61841199364e-13],
        "dvar2": [1.23670633911e-06, 5.40785322301e-06, 1.9865797185e-06, 2.10072084883e-06, 5.62069487842e-07, 4.62372469201e-08, 5.86754765663e-07, 9.02242163647e-07, 3.9577682287e-07, 4.81059203139e-07, 1.64843939388e-07, 7.88912331018e-08, 2.80023844113e-08, 3.8616292386e-09, 1.94046574364e-08, 2.17846078954e-08, 1.41001841314e-08, 1.4280097993e-08, 8.35631119855e-09, 2.5665407577e-09, 5.10257058828e-10, 7.75596198377e-10, 9.30711674396e-10, 1.04183195404e-09, 1.55208157437e-09, 5.47769829495e-10, 2.88619378397e-10, 1.40963352102e-10, 3.43117027846e-11, 1.9556627151e-11, 1.95889953564e-11, 4.952453031e-11, 2.63391999183e-11, 3.27290278213e-11, 3.85646618806e-11, 3.27408196041e-12, 3.50170912232e-12, 5.7510064419e-12, 1.48760008218e-12, 1.02146156117e-12],
        "max": [0.00791160948575, 0.0119645111263, 0.00666361348704, 0.0107310535386, 0.0057747210376, 0.00137268169783, 0.0036878651008, 0.00486108381301, 0.00548113323748, 0.00884059071541, 0.00375593127683, 0.0032623023726, 0.00141837459523, 0.000450995779829, 0.00114619883243, 0.00161307211965, 0.00275963102467, 0.00146697741002, 0.000961656158324, 0.000489734404255, 0.00018665366224, 0.000413193221902, 0.000268156902166, 0.000819607288577, 0.00119493273087, 0.000338832120178, 0.000151545842527, 0.000122963523609, 6.18637277512e-05, 4.1554816562e-05, 3.98651063733e-05, 3.49318797817e-05, 3.59587502317e-05, 4.47155398433e-05, 4.03710946557e-05, 1.03917400338e-05, 1.20415961646e-05, 1.15406046461e-05, 9.520274034e-06, 6.87120109433e-06],
        "mean": [0.000792853592429, 0.00222308468074, 0.00119647721294, 0.000537192856427, 0.000316778081469, 0.000146888196468, 0.000193647123524, 0.000288535055006, 0.000253213685937, 0.00052961637266, 0.000265678332653, 0.000162630662089, 0.000117761621368, 6.15119133727e-05, 7.37377558835e-05, 7.85780721344e-05, 6.43066014163e-05, 7.37168302294e-05, 5.33337261004e-05, 4.07193256251e-05, 1.72201453097e-05, 1.88027042896e-05, 2.63736437773e-05, 3.10066097882e-05, 3.37792225764e-05, 2.32940910792e-05, 1.74642409547e-05, 1.43865509017e-05, 6.01206738793e-06, 3.20072513205e-06, 2.29029706134e-06, 2.67772747975e-06, 2.22301378017e-06, 2.00942531592e-06, 1.81377424724e-06, 6.64391336613e-07, 5.4828416296e-07, 5.60830699214e-07, 2.91054107038e-07, 2.03636560059e-07],
        "median": [0.000246716896072, 0.00166610302404, 0.00080226798309, 0.000213902792893, 0.000181042618351, 9.97447205009e-05, 7.85794545664e-05, 8.41600631247e-05, 9.28526278585e-05, 0.000115933937195, 0.000107600346382, 5.94511184318e-05, 5.27083357156e-05, 3.78287877538e-05, 4.02293553634e-05, 3.54626790795e-05, 2.54406422755e-05, 4.0660816012e-05, 2.69790161838e-05, 2.40591180045e-05, 1.14544754979e-05, 1.01335081126e-05, 1.86054858204e-05, 2.34018989431e-05, 1.71389801835e-05, 1.35058062369e-05, 1.2114144738e-05, 9.70947348833e-06, 3.75485592485e-06, 1.37138761147e-06, 7.13609438208e-07, 9.39718631798e-07, 1.02780950328e-06, 9.6534745353e-07, 7.73818555899e-07, 3.02964963339e-07, 1.92616838035e-07, 1.51811491378e-07, 7.76943096525e-08, 4.25560209294e-08],
        "min": [2.92811137115e-06, 1.24409662021e-05, 2.08496567211e-05, 7.19004447092e-06, 6.22983407084e-06, 2.33755440604e-06, 2.49984577749e-06, 9.07264109173e-07, 1.34608512781e-06, 2.3192401386e-06, 1.88728711237e-06, 6.59475858811e-07, 1.16331568734e-06, 8.18015735149e-07, 5.117609021e-07, 6.78255844377e-07, 3.08094485035e-07, 4.74126949257e-07, 2.73213970559e-07, 1.89729675526e-07, 1.0674460782e-07, 1.12020863696e-07, 1.79880331075e-07, 1.06777967801e-07, 7.03561369164e-08, 7.13941403774e-08, 8.83196449308e-08, 6.37217993926e-08, 2.00118357441e-08, 1.24147669922e-08, 1.51843337903e-09, 3.80564024738e-09, 5.75246650314e-09, 1.49268530869e-09, 1.14217946212e-09, 1.884648132e-10, 1.17980425776e-11, 5.16151748078e-12, 1.73112631001e-12, 9.798660364e-13],
