{
"highlevel": {
    "danceability": {
        "all": {
            "danceable": 0.846863746643,
            "not_danceable": 0.153136268258
        },
        "probability": 0.846863746643,
        "value": "danceable"
    },
    "gender": {
        "all": {
            "female": 0.124987632036,
            "male": 0.875012338161
        },
        "probability": 0.875012338161,
        "value": "male"
    },
    "genre_dortmund": {
        "all": {
            "alternative": 0.0972219929099,
            "blues": 0.143208771944,
            "electronic": 0.0291228219867,
            "folkcountry": 0.0306752119213,
            "funksoulrnb": 0.0212824996561,
            "jazz": 0.0390727594495,
            "pop": 0.0418347679079,
            "raphiphop": 0.0253143105656,
            "rock": 0.572266876698
        },
        "probability": 0.572266876698,
        "value": "rock"
    },
    "genre_electronic": {
        "all": {
            "ambient": 0.108744591475,
            "dnb": 0.567619800568,
            "house": 0.0985045954585,
            "techno": 0.016385262832,
            "trance": 0.208745732903
        },
        "probability": 0.567619800568,
        "value": "dnb"
    },
    "genre_rosamerica": {
        "all": {
            "cla": 0.000843056535814,
            "dan": 0.0276772920042,
            "hip": 0.0356814675033,
            "jaz": 0.00126591604203,
            "pop": 0.0931612998247,
            "rhy": 0.0322878696024,
            "roc": 0.80820119381,
            "spe": 0.000881901942194
        },
        "probability": 0.80820119381,
        "value": "roc"
    },
    "genre_tzanetakis": {
        "all": {
            "blu": 0.0626541376114,
            "cla": 0.0348133966327,
            "cou": 0.0783501937985,
            "dis": 0.104547761381,
            "hip": 0.15693578124,
            "jaz": 0.313987255096,
            "met": 0.044816005975,
            "pop": 0.0627349764109,
            "reg": 0.0627352520823,
            "roc": 0.0784252434969
        },
        "probability": 0.313987255096,
        "value": "jaz"
    },
    "ismir04_rhythm": {
        "all": {
            "ChaChaCha": 0.706265568733,
            "Jive": 0.181986108422,
            "Quickstep": 0.00795364752412,
            "Rumba-American": 0.00469453865662,
            "Rumba-International": 0.00164492963813,
            "Rumba-Misc": 0.000592005380895,
            "Samba": 0.088832475245,
            "Tango": 0.00181026302744,
            "VienneseWaltz": 0.00591422151774,
            "Waltz": 0.000306220259517
        },
        "probability": 0.706265568733,
        "value": "ChaChaCha"
    },
    "mood_acoustic": {
        "all": {
            "acoustic": 5.49668857275e-06,
            "not_acoustic": 0.999994516373
        },
        "probability": 0.999994516373,
        "value": "not_acoustic"
    },
    "mood_aggressive": {
        "all": {
            "aggressive": 0.934381127357,
            "not_aggressive": 0.0656188726425
        },
        "probability": 0.934381127357,
        "value": "aggressive"
    },
    "mood_electronic": {
        "all": {
            "electronic": 0.322374492884,
            "not_electronic": 0.677625477314
        },
        "probability": 0.677625477314,
        "value": "not_electronic"
    },
    "mood_happy": {
        "all": {
            "happy": 0.354682683945,
            "not_happy": 0.645317316055
        },
        "probability": 0.645317316055,
        "value": "not_happy"
    },
    "mood_party": {
        "all": {
            "not_party": 0.146770954132,
            "party": 0.853229045868
        },
        "probability": 0.853229045868,
        "value": "party"
    },
    "mood_relaxed": {
        "all": {
            "not_relaxed": 0.984531879425,
            "relaxed": 0.0154681000859
        },
        "probability": 0.984531879425,
        "value": "not_relaxed"
    },
    "mood_sad": {
        "all": {
            "not_sad": 0.971376955509,
            "sad": 0.0286230314523
        },
        "probability": 0.971376955509,
        "value": "not_sad"
    },
    "moods_mirex": {
        "all": {
            "Cluster1": 0.250837594271,
            "Cluster2": 0.0421741455793,
            "Cluster3": 0.0311728734523,
            "Cluster4": 0.0527298264205,
            "Cluster5": 0.623085558414
        },
        "probability": 0.623085558414,
        "value": "Cluster5"
    },
    "timbre": {
        "all": {
            "bright": 0.905831575394,
            "dark": 0.0941684395075
        },
        "probability": 0.905831575394,
        "value": "bright"
    },
    "tonal_atonal": {
        "all": {
            "atonal": 0.190034165978,
            "tonal": 0.809965848923
        },
        "probability": 0.809965848923,
        "value": "tonal"
    },
    "voice_instrumental": {
        "all": {
            "instrumental": 0.373496770859,
            "voice": 0.626503229141
        },
        "probability": 0.626503229141,
        "value": "voice"
    }
},
"lowlevel": {
    "average_loudness": 0.98169863224,
    "barkbands_crest": {
        "dmean": 3.32965946198,
        "dmean2": 5.49138450623,
        "dvar": 8.92468070984,
        "dvar2": 24.3183364868,
        "max": 23.5490474701,
        "mean": 10.586148262,
        "median": 10.042886734,
        "min": 2.99080181122,
        "var": 18.3764610291
    },
    "barkbands_flatness_db": {
        "dmean": 0.0248782131821,
        "dmean2": 0.041119761765,
        "dvar": 0.000551506818738,
        "dvar2": 0.0013845434878,
        "max": 0.285443007946,
        "mean": 0.132505744696,
        "median": 0.126420006156,
        "min": 0.0522485114634,
        "var": 0.00183478032704
    },
    "barkbands_kurtosis": {
        "dmean": 2.68319296837,
        "dmean2": 4.50595855713,
        "dvar": 24.9953079224,
        "dvar2": 66.6728515625,
        "max": 61.0207901001,
        "mean": 2.07803726196,
        "median": 0.266232967377,
        "min": -1.9162093401,
        "var": 32.9809570312
    },
    "barkbands_skewness": {
        "dmean": 0.668701767921,
        "dmean2": 1.05679583549,
        "dvar": 0.521094381809,
        "dvar2": 1.25703835487,
        "max": 7.45921468735,
        "mean": 1.27499628067,
        "median": 1.13175272942,
        "min": -2.1913523674,
        "var": 1.40362048149
    },
    "barkbands_spread": {
        "dmean": 8.41553211212,
        "dmean2": 13.394572258,
        "dvar": 81.9914779663,
        "dvar2": 160.376556396,
        "max": 100.643806458,
        "mean": 35.8782234192,
        "median": 34.5253944397,
        "min": 3.43523144722,
        "var": 296.741088867
    },
    "dissonance": {
        "dmean": 0.0104287760332,
        "dmean2": 0.017232388258,
        "dvar": 0.000117616633361,
        "dvar2": 0.000304150045849,
        "max": 0.49991774559,
        "mean": 0.478687644005,
        "median": 0.484112232924,
        "min": 0.375335216522,
        "var": 0.000365057552699
    },
    "dynamic_complexity": 1.25408113003,
    "erbbands_crest": {
        "dmean": 2.31246685982,
        "dmean2": 3.82218933105,
        "dvar": 4.48408842087,
        "dvar2": 11.6603660583,
        "max": 24.749546051,
        "mean": 7.93663311005,
        "median": 7.3213634491,
        "min": 2.5556499958,
        "var": 11.756316185
    },
    "erbbands_flatness_db": {
        "dmean": 0.0166910998523,
        "dmean2": 0.0253547653556,
        "dvar": 0.000246119743679,
        "dvar2": 0.000560676213354,
        "max": 0.251152038574,
        "mean": 0.141501188278,
        "median": 0.139702856541,
        "min": 0.0648797601461,
        "var": 0.000850321725011
    },
    "erbbands_kurtosis": {
        "dmean": 1.02720296383,
        "dmean2": 1.59966421127,
        "dvar": 1.76726222038,
        "dvar2": 4.12930440903,
        "max": 17.9904212952,
        "mean": 0.754824221134,
        "median": 0.0110754966736,
        "min": -1.60148584843,
        "var": 5.00506305695
    },
    "erbbands_skewness": {
        "dmean": 0.350582808256,
        "dmean2": 0.521029293537,
        "dvar": 0.0927721560001,
        "dvar2": 0.199641555548,
        "max": 2.14416480064,
        "mean": -0.561742544174,
        "median": -0.553009331226,
        "min": -2.9106156826,
        "var": 0.579169094563
    },
    "erbbands_spread": {
        "dmean": 9.47567558289,
        "dmean2": 15.080534935,
        "dvar": 85.9051895142,
        "dvar2": 214.992034912,
        "max": 113.709121704,
        "mean": 41.0913963318,
        "median": 40.0428314209,
        "min": 5.31489706039,
        "var": 262.082763672
    },
    "hfc": {
        "dmean": 8.63459873199,
        "dmean2": 12.9476318359,
        "dvar": 130.214797974,
        "dvar2": 241.345001221,
        "max": 165.214309692,
        "mean": 32.4170532227,
        "median": 29.6459083557,
        "min": 3.71628952026,
        "var": 431.340576172
    },
    "melbands_crest": {
        "dmean": 3.69730615616,
        "dmean2": 6.03742837906,
        "dvar": 9.93611907959,
        "dvar2": 25.7223682404,
        "max": 28.8059577942,
        "mean": 15.7931013107,
        "median": 15.7967100143,
        "min": 3.44925022125,
        "var": 24.4929180145
    },
    "melbands_flatness_db": {
        "dmean": 0.033768106252,
        "dmean2": 0.0536973513663,
        "dvar": 0.0010271857027,
        "dvar2": 0.00240015028976,
        "max": 0.406405448914,
        "mean": 0.178769081831,
        "median": 0.168185845017,
        "min": 0.0292881224304,
        "var": 0.00431817257777
    },
    "melbands_kurtosis": {
        "dmean": 10.0617036819,
        "dmean2": 16.7054786682,
        "dvar": 313.554107666,
        "dvar2": 820.741088867,
        "max": 208.137695312,
        "mean": 13.6328849792,
        "median": 7.68465518951,
        "min": -1.70755386353,
        "var": 388.530426025
    },
    "melbands_skewness": {
        "dmean": 1.06530702114,
        "dmean2": 1.70335006714,
        "dvar": 1.45934700966,
        "dvar2": 3.56678795815,
        "max": 12.3561229706,
        "mean": 2.98131680489,
        "median": 2.69293069839,
        "min": -1.57963180542,
        "var": 3.18969774246
    },
    "melbands_spread": {
        "dmean": 12.6596059799,
        "dmean2": 20.0788555145,
        "dvar": 190.497695923,
        "dvar2": 427.931793213,
        "max": 185.912918091,
        "mean": 34.8494796753,
        "median": 28.7437267303,
        "min": 1.90765297413,
        "var": 573.694763184
    },
    "pitch_salience": {
        "dmean": 0.0898597240448,
        "dmean2": 0.149612396955,
        "dvar": 0.00619763834402,
        "dvar2": 0.0161256138235,
        "max": 0.824029028416,
        "mean": 0.487187623978,
        "median": 0.485544294119,
        "min": 0.142935439944,
        "var": 0.0158971156925
    },
    "silence_rate_20dB": {
        "dmean": 0,
        "dmean2": 0,
        "dvar": 0,
        "dvar2": 0,
        "max": 1,
        "mean": 1,
        "median": 1,
        "min": 1,
        "var": 0
    },
    "silence_rate_30dB": {
        "dmean": 0.0263157896698,
        "dmean2": 0.0526723451912,
        "dvar": 0.0256233364344,
        "dvar2": 0.0746862590313,
        "max": 1,
        "mean": 0.986078858376,
        "median": 1,
        "min": 0,
        "var": 0.0137272439897
    },
    "silence_rate_60dB": {
        "dmean": 0.00154798757285,
        "dmean2": 0.00309837330133,
        "dvar": 0.00154558231588,
        "dvar2": 0.00308872642927,
        "max": 1,
        "mean": 0.00232018553652,
        "median": 0,
        "min": 0,
        "var": 0.00231487723067
    },
    "spectral_centroid": {
        "dmean": 293.010101318,
        "dmean2": 456.443206787,
        "dvar": 78772.734375,
        "dvar2": 155422.296875,
        "max": 4376.11083984,
        "mean": 2067.76757812,
        "median": 2020.63183594,
        "min": 533.452453613,
        "var": 478207.21875
    },
    "spectral_complexity": {
        "dmean": 4.61996889114,
        "dmean2": 7.1518201828,
        "dvar": 20.4986896515,
        "dvar2": 47.0722618103,
        "max": 58,
        "mean": 27.6295433044,
        "median": 27,
        "min": 2,
        "var": 127.823303223
    },
    "spectral_decrease": {
        "dmean": 4.19099910332e-09,
        "dmean2": 6.89735779602e-09,
        "dvar": 4.33485621282e-17,
        "dvar2": 1.11461647864e-16,
        "max": -2.39890773912e-10,
        "mean": -9.18829012875e-09,
        "median": -7.51896411799e-09,
        "min": -4.72415457864e-08,
        "var": 4.53519704108e-17
    },
    "spectral_energy": {
        "dmean": 0.0162244830281,
        "dmean2": 0.0266188830137,
        "dvar": 0.000629307760391,
        "dvar2": 0.00161707762163,
        "max": 0.186928600073,
        "mean": 0.0376190021634,
        "median": 0.0318755097687,
        "min": 0.00133880262729,
        "var": 0.000664276536554
    },
    "spectral_energyband_high": {
        "dmean": 0.000704348087311,
        "dmean2": 0.0010245955782,
        "dvar": 1.73790942881e-06,
        "dvar2": 2.55820236816e-06,
        "max": 0.0208442378789,
        "mean": 0.00185632833745,
        "median": 0.00134787673596,
        "min": 2.57738684013e-05,
        "var": 6.09444532529e-06
    },
    "spectral_energyband_low": {
        "dmean": 0.0145326601341,
        "dmean2": 0.0245129130781,
        "dvar": 0.000631329719909,
        "dvar2": 0.00164742802735,
        "max": 0.164242252707,
        "mean": 0.021612143144,
        "median": 0.0147015396506,
        "min": 5.17962507729e-05,
        "var": 0.000623565283604
    },
    "spectral_energyband_middle_high": {
        "dmean": 0.00209780945443,
        "dmean2": 0.00324198417366,
        "dvar": 4.92329490953e-06,
        "dvar2": 1.12723546408e-05,
        "max": 0.0282269716263,
        "mean": 0.00694361561909,
        "median": 0.00631627999246,
        "min": 0.00053804559866,
        "var": 1.82314379344e-05
    },
    "spectral_energyband_middle_low": {
        "dmean": 0.00331378029659,
        "dmean2": 0.00537900999188,
        "dvar": 1.94218810066e-05,
        "dvar2": 4.72848223581e-05,
        "max": 0.0584678836167,
        "mean": 0.00801430735737,
        "median": 0.0061073792167,
        "min": 0.000126664584968,
        "var": 3.89836095565e-05
    },
    "spectral_entropy": {
        "dmean": 0.132843658328,
        "dmean2": 0.203150168061,
        "dvar": 0.0182625968009,
        "dvar2": 0.0381743833423,
        "max": 8.54776096344,
        "mean": 7.76701974869,
        "median": 7.80739927292,
        "min": 6.75590467453,
        "var": 0.0896474346519
    },
    "spectral_flux": {
        "dmean": 0.0316524468362,
        "dmean2": 0.0504463128746,
        "dvar": 0.00159176415764,
        "dvar2": 0.0033158340957,
        "max": 0.371052145958,
        "mean": 0.110837139189,
        "median": 0.0987502560019,
        "min": 0.0196602065116,
        "var": 0.00280351354741
    },
    "spectral_kurtosis": {
        "dmean": 1.12037527561,
        "dmean2": 1.85407483578,
        "dvar": 1.37085235119,
        "dvar2": 3.63285112381,
        "max": 14.9028129578,
        "mean": 3.27358365059,
        "median": 3.02041578293,
        "min": -0.276883125305,
        "var": 3.18292450905
    },
    "spectral_rms": {
        "dmean": 0.00116386834998,
        "dmean2": 0.00186112348456,
        "dvar": 2.03910485652e-06,
        "dvar2": 4.96877055411e-06,
        "max": 0.0135044204071,
        "mean": 0.00579991703853,
        "median": 0.00557656306773,
        "min": 0.00114286865573,
        "var": 3.06250558424e-06
    },
    "spectral_rolloff": {
        "dmean": 711.529785156,
        "dmean2": 1166.03027344,
        "dvar": 960999.625,
        "dvar2": 1803651.25,
        "max": 11391.0644531,
        "mean": 2134.33374023,
        "median": 2067.1875,
        "min": 86.1328125,
        "var": 2569392.5
    },
    "spectral_skewness": {
        "dmean": 0.182074517012,
        "dmean2": 0.293966442347,
        "dvar": 0.0302749816328,
        "dvar2": 0.0737330168486,
        "max": 3.29240727425,
        "mean": 1.17357587814,
        "median": 1.11351919174,
        "min": 0.139879077673,
        "var": 0.11781874299
    },
    "spectral_spread": {
        "dmean": 517956.84375,
        "dmean2": 780064.0625,
        "dvar": 302800470016,
        "dvar2": 611870113792,
        "max": 9417058,
        "mean": 4379982.5,
        "median": 4181264.75,
        "min": 2345378.5,
        "var": 1.29895340442e+12
    },
    "spectral_strongpeak": {
        "dmean": 0.434655159712,
        "dmean2": 0.750264167786,
        "dvar": 0.943228065968,
        "dvar2": 2.33244228363,
        "max": 10.9167079926,
        "mean": 0.714362621307,
        "median": 0.363744944334,
        "min": 0,
        "var": 1.49936449528
    },
    "zerocrossingrate": {
        "dmean": 0.0133865401149,
        "dmean2": 0.0155236376449,
        "dvar": 0.000187626137631,
        "dvar2": 0.000204292402486,
        "max": 0.24560546875,
        "mean": 0.0773908793926,
        "median": 0.07470703125,
        "min": 0.01318359375,
        "var": 0.00139249570202
    },
    "barkbands": {
        "dmean": [0.000380327779567, 0.0108575001359, 0.0053768469952, 0.00113981345203, 0.000957865733653, 0.0011464440031, 0.000677324424032, 0.000551268807612, 0.000671121873893, 0.000322279694956, 0.00020672834944, 0.00012776737276, 0.000238383567194, 0.000434500456322, 0.000410636275774, 0.000595757679548, 0.000519246153999, 0.000401620025514, 0.000486489938339, 0.000354664924089, 0.000233984115766, 0.000200523907552, 0.000133361070766, 0.0001152628829, 7.09773885319e-05, 3.82273065043e-05, 5.12329414448e-08],
        "dmean2": [0.000658560893498, 0.0182562842965, 0.00992894731462, 0.00195690756664, 0.0015491200611, 0.00183514342643, 0.00109816179611, 0.000866149668582, 0.00104467454366, 0.000487418437842, 0.000336632743711, 0.000201910268515, 0.000391964305891, 0.000700759410392, 0.000670087640174, 0.000966258230619, 0.000821154215373, 0.000644497980829, 0.000775741471443, 0.000575919635594, 0.000371821341105, 0.000298189668683, 0.000206105338293, 0.000160044597578, 9.87464882201e-05, 5.89495357417e-05, 9.24225105337e-08],
        "dvar": [4.4560704282e-07, 0.000379364792025, 7.27347069187e-05, 2.50322614193e-06, 3.07358322971e-06, 2.82430482912e-06, 1.38606924338e-06, 1.15399359402e-06, 1.90259777355e-06, 4.1916121063e-07, 2.53521506011e-07, 6.1913482341e-08, 3.27452795545e-07, 6.24264885118e-07, 3.28431809749e-07, 9.512999668e-07, 7.19192200904e-07, 4.22786200716e-07, 5.41928159237e-07, 4.19349305503e-07, 1.62462498565e-07, 1.74134939357e-07, 7.61570078112e-08, 6.37021457806e-08, 2.07856309942e-08, 4.80090944777e-09, 3.49812172772e-14],
        "dvar2": [1.22561812077e-06, 0.000971519155428, 0.000217678651097, 6.88623231326e-06, 7.62681111155e-06, 6.9423072091e-06, 3.64473635273e-06, 2.76388959719e-06, 4.08809728469e-06, 7.06871276179e-07, 6.92283322223e-07, 1.28216754547e-07, 8.30571991628e-07, 1.44118826029e-06, 8.48248816965e-07, 2.58806721831e-06, 1.48613423789e-06, 1.00818931514e-06, 1.30891442041e-06, 1.00474960618e-06, 3.07394827814e-07, 3.23612965758e-07, 1.63164315836e-07, 9.24922218815e-08, 3.2972138797e-08, 1.11103695133e-08, 9.29722268682e-14],
        "max": [0.00768786016852, 0.138088345528, 0.0605330653489, 0.0146553711966, 0.0230505913496, 0.0204045660794, 0.0128569193184, 0.0108630778268, 0.0214504580945, 0.0144855864346, 0.00771069200709, 0.00497960438952, 0.0070326756686, 0.0133336288854, 0.00778393354267, 0.0103402426466, 0.0168077796698, 0.0124857816845, 0.0133146783337, 0.0103886313736, 0.00857310928404, 0.00696849357337, 0.0063437554054, 0.00477673858404, 0.0025131222792, 0.000660249672364, 2.74911508313e-06],
        "mean": [0.00049104046775, 0.0149803515524, 0.00549922697246, 0.00132829579525, 0.00151803088374, 0.00202943594195, 0.00106404488906, 0.000719225674402, 0.00106662418693, 0.000576849852223, 0.000316060846671, 0.000204818454222, 0.000332637777319, 0.000697885116097, 0.000699508120306, 0.00100887636654, 0.00101745768916, 0.000785644340795, 0.000989839318208, 0.000702783581801, 0.000469963124488, 0.000409463711549, 0.000276130536804, 0.000251440797001, 0.000128710220451, 5.47003182874e-05, 3.36690959557e-08],
        "median": [0.000144415433169, 0.0103054270148, 0.00283827073872, 0.000796801585238, 0.0006295061321, 0.00112989195623, 0.000556095968932, 0.000274879625067, 0.000484796182718, 0.000227585551329, 0.000153490225784, 9.57793236012e-05, 0.000140542004374, 0.000358032935765, 0.000457687943708, 0.000645881227683, 0.000620058504865, 0.00047710747458, 0.00058291957248, 0.000377835705876, 0.000286842288915, 0.0002485330333, 0.000140494783409, 0.000145704630995, 5.93220465817e-05, 2.52758873103e-05, 9.04316677097e-10],
        "min": [3.27448105963e-07, 8.41238670546e-06, 1.03176603261e-06, 7.97655445695e-07, 4.01506986236e-06, 1.43223951454e-05, 1.72552131517e-06, 8.10219262348e-07, 8.13437327452e-06, 1.42660815072e-06, 7.10405970494e-07, 6.65001948619e-07, 1.60227568813e-06, 1.89977492937e-06, 7.3809587775e-06, 3.33065827363e-06, 7.20489288142e-06, 8.95118046174e-06, 1.00461775219e-05, 4.21865161115e-06, 7.85991778685e-06, 2.64307186626e-06, 1.35179914196e-06, 3.02241289774e-07, 2.86144441475e-10, 7.63176744023e-10, 7.94861138714e-12],
        "var": [6.05084210292e-07, 0.000361601007171, 6.02969375905e-05, 2.68004760073e-06, 5.13905615662e-06, 6.82865857016e-06, 2.0956233584e-06, 1.67596067513e-06, 3.83358519684e-06, 1.55019131398e-06, 3.60361866569e-07, 1.36634014325e-07, 4.38414929249e-07, 1.25684391605e-06, 5.98028009335e-07, 1.60788090398e-06, 2.13517159864e-06, 1.04516573174e-06, 1.30407568122e-06, 9.05695060283e-07, 3.97060063051e-07, 4.50262007234e-07, 1.87887252423e-07, 2.19374200583e-07, 5.53878862775e-08, 7.37617211755e-09, 2.30510868639e-14]
    },
    "erbbands": {
        "dmean": [0.225533172488, 2.85054731369, 7.02453565598, 3.77175307274, 3.3884563446, 3.59037733078, 7.19717264175, 9.32675266266, 8.09628677368, 12.1291036606, 11.836432457, 16.6343307495, 10.0229549408, 8.51692676544, 7.00888490677, 5.99229335785, 10.8956403732, 14.5795593262, 20.8958892822, 26.7020454407, 32.491771698, 22.8798561096, 21.2454719543, 22.0446777344, 25.6641960144, 15.9916677475, 9.34629154205, 9.84294319153, 7.35398340225, 5.57491636276, 3.47776126862, 2.67168140411, 1.87957417965, 1.0378344059, 0.388574153185, 0.21326340735, 0.0636466145515, 0.00685022491962, 0.000127119987155, 2.24218329095e-05],
        "dmean2": [0.369199842215, 4.8879609108, 12.9496526718, 6.62855958939, 5.61720752716, 6.01015472412, 11.6568231583, 14.8520803452, 12.8483915329, 19.6417827606, 18.5699062347, 25.2533397675, 15.3581981659, 13.5030345917, 11.4312582016, 9.45693206787, 17.75182724, 23.5242519379, 33.553894043, 43.6941757202, 51.668964386, 36.4785041809, 34.0314979553, 35.7579193115, 40.6480522156, 25.9051780701, 14.8127679825, 15.6941509247, 10.7105693817, 8.99276828766, 5.19961690903, 3.77360081673, 2.62993264198, 1.47450435162, 0.555036783218, 0.330193668604, 0.0997290462255, 0.0111223161221, 0.000202414768864, 3.5694170947e-05],
        "dvar": [0.172224134207, 26.4697475433, 130.971191406, 30.2735061646, 44.1431350708, 48.6561546326, 131.004180908, 180.741516113, 198.964019775, 515.987060547, 575.568786621, 1236.84838867, 477.437805176, 363.168945312, 228.331314087, 148.4740448, 656.101928711, 547.113464355, 911.859130859, 1570.46643066, 2790.8112793, 1497.75488281, 1201.57580566, 974.961608887, 2125.20922852, 920.208129883, 266.872955322, 352.916595459, 264.293792725, 117.513916016, 42.6023139954, 32.3768882751, 16.0508804321, 5.57979631424, 0.497361212969, 0.117406345904, 0.016652289778, 0.000234484992689, 6.65298856006e-08, 8.83396966689e-10],
        "dvar2": [0.406854391098, 70.778427124, 392.930664062, 84.0029373169, 103.293319702, 129.899490356, 324.032653809, 449.026153564, 523.730712891, 1296.2166748, 1330.12390137, 2603.03808594, 921.713195801, 717.342834473, 592.759033203, 308.22555542, 1654.15649414, 1317.15820312, 2062.98168945, 4164.62841797, 6924.36035156, 3155.36474609, 2704.13842773, 2541.81054688, 5036.43554688, 2209.72314453, 580.751647949, 657.018798828, 466.031311035, 282.83416748, 75.8670043945, 48.6400222778, 23.7695560455, 9.29587268829, 0.83566236496, 0.278730243444, 0.0378044880927, 0.000562774192076, 1.56334337476e-07, 2.18487317127e-09],
        "max": [3.45397663116, 32.7547302246, 76.1078796387, 42.3648338318, 85.8247756958, 81.1894683838, 164.926147461, 126.63444519, 193.521484375, 220.272918701, 277.877502441, 514.803344727, 524.45715332, 446.518676758, 224.788085938, 249.51725769, 341.831085205, 410.866668701, 469.847015381, 429.276092529, 817.46295166, 1167.16247559, 669.974853516, 401.69744873, 907.620483398, 514.468322754, 344.370056152, 310.418151855, 319.43081665, 171.12071228, 124.194068909, 121.418693542, 71.2178115845, 41.1166114807, 9.8191986084, 3.53265857697, 1.25738918781, 0.156997397542, 0.00265721743926, 0.000269694399321],
        "mean": [0.31161648035, 3.68402314186, 7.66684579849, 4.85744333267, 4.48303461075, 5.39495515823, 11.8039779663, 15.9416770935, 13.3221282959, 18.6179866791, 16.8065242767, 26.8996639252, 20.5346508026, 13.5215148926, 11.9237470627, 10.0111398697, 15.9349336624, 24.4102630615, 38.4840583801, 46.9451446533, 60.1928291321, 49.0185585022, 45.1922721863, 45.692237854, 52.302154541, 32.7893714905, 19.0201301575, 18.8079376221, 15.3217172623, 10.9007959366, 7.43287849426, 5.61619997025, 3.89482045174, 1.9513232708, 0.64177685976, 0.307057231665, 0.0862012505531, 0.00795120373368, 0.000178809423232, 5.57162893529e-05],
        "median": [0.136882692575, 2.57124567032, 4.87584447861, 3.0430765152, 1.9976401329, 1.92170870304, 5.49491834641, 8.83532333374, 6.78893661499, 8.76466751099, 7.20031929016, 11.3770132065, 8.57391166687, 6.34197902679, 6.43819284439, 4.92257452011, 7.17371320724, 14.31873703, 23.9720592499, 31.6810569763, 41.4059410095, 32.6658325195, 28.8063335419, 30.5300426483, 28.3746509552, 18.1794509888, 12.3743486404, 10.8600692749, 8.93883514404, 6.13265657425, 3.76346373558, 3.14395833015, 2.19195222855, 0.969986081123, 0.268540471792, 0.164418041706, 0.0278611592948, 0.00151931936853, 6.7335437052e-05, 4.64740514872e-05],
        "min": [0.00029172108043, 0.00230650627054, 0.00964238680899, 0.00536937452853, 0.00961002521217, 0.0104993944988, 0.102863281965, 0.129692241549, 0.0689607784152, 0.0540108270943, 0.0691601783037, 0.327867954969, 0.147374823689, 0.122430764139, 0.101471714675, 0.082970097661, 0.147266715765, 0.581937789917, 0.471403986216, 0.904028832912, 0.469373732805, 0.56046050787, 0.481285601854, 0.678538501263, 0.688581049442, 0.324110001326, 0.29470038414, 0.317014336586, 0.118159130216, 0.0607845820487, 0.0185441859066, 0.00598044227809, 0.00528267584741, 0.000901158549823, 0.000141223863466, 3.7858804717e-05, 1.52174679897e-05, 3.94375911128e-06, 5.39109805686e-06, 4.44883426098e-06],
        "var": [0.206426799297, 22.5677223206, 101.364044189, 31.9835777283, 56.8078117371, 77.352684021, 292.219787598, 390.825469971, 300.985137939, 781.639282227, 945.614562988, 2530.77954102, 2078.88793945, 732.434265137, 393.82119751, 311.147949219, 887.118896484, 919.40020752, 2105.5859375, 2777.51342773, 4959.38574219, 4345.03320312, 3578.7355957, 2285.36425781, 4505.51611328, 1891.43835449, 556.493225098, 870.630615234, 692.412414551, 237.720703125, 131.752059937, 103.860679626, 55.7405853271, 14.4635972977, 1.16315019131, 0.181481361389, 0.0253945700824, 0.000293848715955, 8.99747050198e-08, 1.10571951595e-09]
    },
    "gfcc": {
        "mean": [40.2954597473, 73.6533355713, -119.937294006, 60.105430603, -48.4101028442, 16.9314594269, -38.3951759338, 21.2071342468, -15.1508073807, 11.0257472992, -17.8497943878, 0.935572147369, -8.87176036835],
        "cov": [[1252.79785156, -437.703430176, 9.860455513, 167.16784668, -304.458587646, 142.016311646, -66.3595352173, 22.8136978149, -46.0561676025, -97.8943252563, 15.5631303787, -50.1228752136, -80.7745666504], [-437.703430176, 1162.4354248, -75.8180847168, -37.9872055054, 197.244491577, -165.389434814, 197.047714233, -65.6635513306, 79.7341766357, 4.11578893661, 58.0617370605, -56.7693138123, 74.3726577759], [9.860455513, -75.8180847168, 375.294067383, 69.3361816406, 30.6032924652, 40.5762672424, -37.1688079834, 13.7470703125, 18.1564273834, 82.9702224731, -22.4247360229, 33.4184799194, -0.449712663889], [167.16784668, -37.9872055054, 69.3361816406, 437.651367188, 24.2116260529, 19.6457767487, 2.40925598145, -2.61535048485, 41.9044532776, -79.5089111328, 69.911026001, -70.0474090576, 32.6544189453], [-304.458587646, 197.244491577, 30.6032924652, 24.2116260529, 338.266967773, -37.6446838379, 43.1836967468, 31.8881607056, 35.352722168, 46.6331291199, -19.7120628357, 11.2115755081, 16.5253639221], [142.016311646, -165.389434814, 40.5762672424, 19.6457767487, -37.6446838379, 181.560028076, 38.9353675842, 24.9683322906, 3.20087337494, -8.20118236542, -0.233516991138, -19.0297241211, -22.4440078735], [-66.3595352173, 197.047714233, -37.1688079834, 2.40925598145, 43.1836967468, 38.9353675842, 201.106262207, 36.04945755, 11.1491794586, -16.2747402191, 4.45739650726, -33.2735977173, -15.2070217133], [22.8136978149, -65.6635513306, 13.7470703125, -2.61535048485, 31.8881607056, 24.9683322906, 36.04945755, 95.4855804443, 28.455745697, 7.74636363983, -21.7934818268, -3.89196825027, -14.4179372787], [-46.0561676025, 79.7341766357, 18.1564273834, 41.9044532776, 35.352722168, 3.20087337494, 11.1491794586, 28.455745697, 112.484352112, 46.2190475464, 9.61772918701, -16.597820282, 16.3279380798], [-97.8943252563, 4.11578893661, 82.9702224731, -79.5089111328, 46.6331291199, -8.20118236542, -16.2747402191, 7.74636363983, 46.2190475464, 131.571578979, -12.2455978394, 30.8374767303, 2.4219763279], [15.5631303787, 58.0617370605, -22.4247360229, 69.911026001, -19.7120628357, -0.233516991138, 4.45739650726, -21.7934818268, 9.61772918701, -12.2455978394, 81.9177780151, -4.62924432755, 13.1650667191], [-50.1228752136, -56.7693138123, 33.4184799194, -70.0474090576, 11.2115755081, -19.0297241211, -33.2735977173, -3.89196825027, -16.597820282, 30.8374767303, -4.62924432755, 92.0469284058, 20.1151657104], [-80.7745666504, 74.3726577759, -0.449712663889, 32.6544189453, 16.5253639221, -22.4440078735, -15.2070217133, -14.4179372787, 16.3279380798, 2.4219763279, 13.1650667191, 20.1151657104, 72.1530685425]],
        "icov": [[0.00139593565837, -0.000148875420564, 0.00025919280597, -0.000933793606237, 0.00119915918913, -0.000849439064041, 0.000713175104465, -0.000768489670008, 0.000462034106022, -7.82256320235e-05, 0.000412172841607, -0.000439877010649, 0.00154378183652], [-0.000148875420564, 0.00257405871525, -0.00100589031354, 0.00189265259542, -0.00136540702078, 0.00252168485895, -0.00291821686551, 0.0026875436306, -0.00228102412075, 0.00177944393363, -0.00205267919227, 0.00250048423186, -0.00252973451279], [0.00025919280597, -0.00100589031354, 0.00469462992623, -0.0029781460762, 0.000873740937095, -0.00213071121834, 0.00154523074161, -0.00123626401182, 0.0020251001697, -0.00451560458168, 0.00290312292054, -0.0028788105119, 0.00188599200919], [-0.000933793606237, 0.00189265259542, -0.0029781460762, 0.00676290970296, -0.00251507130452, 0.00226465053856, -0.00174129800871, 0.00199323240668, -0.00373870343901, 0.00555979087949, -0.00541573343799, 0.00531134940684, -0.00459687272087], [0.00119915918913, -0.00136540702078, 0.000873740937095, -0.00251507130452, 0.00530638126656, -0.000957602809649, 0.000883989268914, -0.00268831476569, 0.0014319664333, -0.00257947132923, 0.00264692096971, -0.00222483626567, 0.00192929583136], [-0.000849439064041, 0.00252168485895, -0.00213071121834, 0.00226465053856, -0.000957602809649, 0.00944711919874, -0.00431526405737, 0.00160117505584, -0.00249806954525, 0.00220853858627, -0.00255821226165, 0.00328008621, -0.00197647023015], [0.000713175104465, -0.00291821686551, 0.00154523074161, -0.00174129800871, 0.000883989268914, -0.00431526405737, 0.00983896385878, -0.00533471396193, 0.00277280015871, -0.00122236344032, 0.000969809247181, -0.000777318316977, 0.00352027104236], [-0.000768489670008, 0.0026875436306, -0.00123626401182, 0.00199323240668, -0.00268831476569, 0.00160117505584, -0.00533471396193, 0.0176378972828, -0.00743947783485, 0.00340986647643, 0.00192139321007, 0.000267672061455, 0.000117449410027], [0.000462034106022, -0.00228102412075, 0.0020251001697, -0.00373870343901, 0.0014319664333, -0.00249806954525, 0.00277280015871, -0.00743947783485, 0.0173968244344, -0.00950850732625, 0.000397757481551, 0.00196952791885, -0.00167342566419], [-7.82256320235e-05, 0.00177944393363, -0.00451560458168, 0.00555979087949, -0.00257947132923, 0.00220853858627, -0.00122236344032, 0.00340986647643, -0.00950850732625, 0.017509482801, -0.00305191404186, -0.000207670978853, -0.000585843983572], [0.000412172841607, -0.00205267919227, 0.00290312292054, -0.00541573343799, 0.00264692096971, -0.00255821226165, 0.000969809247181, 0.00192139321007, 0.000397757481551, -0.00305191404186, 0.0189453195781, -0.00507059041411, 0.00220196484588], [-0.000439877010649, 0.00250048423186, -0.0028788105119, 0.00531134940684, -0.00222483626567, 0.00328008621, -0.000777318316977, 0.000267672061455, 0.00196952791885, -0.000207670978853, -0.00507059041411, 0.0201117303222, -0.00919240992516], [0.00154378183652, -0.00252973451279, 0.00188599200919, -0.00459687272087, 0.00192929583136, -0.00197647023015, 0.00352027104236, 0.000117449410027, -0.00167342566419, -0.000585843983572, 0.00220196484588, -0.00919240992516, 0.022555410862]]
    },
    "melbands": {
        "dmean": [0.00251907063648, 0.00365908490494, 0.000666191161145, 0.0002172490058, 0.000228191842325, 0.000208185665542, 0.00012903806055, 0.000129273757921, 0.000104898084828, 9.97950264718e-05, 4.9610480346e-05, 3.56231284968e-05, 2.74978647212e-05, 1.47064365592e-05, 2.33200753428e-05, 2.15012169065e-05, 3.19071768899e-05, 4.01044817409e-05, 2.99714374705e-05, 4.21641489083e-05, 4.3071082473e-05, 2.69224419753e-05, 2.3973887437e-05, 2.20699621423e-05, 1.9179769879e-05, 2.03123436222e-05, 1.74326360138e-05, 1.01052082755e-05, 6.3508873609e-06, 6.39636300548e-06, 6.04249544267e-06, 4.71365319754e-06, 3.68693349628e-06, 3.25636119669e-06, 2.28735711971e-06, 1.89302920717e-06, 1.68556573499e-06, 1.45569345023e-06, 1.22693552385e-06, 8.48058846259e-07],
        "dmean2": [0.00423266878352, 0.00655284104869, 0.00115900533274, 0.00035348572419, 0.000370038324036, 0.000330879265675, 0.000205899836146, 0.000208970624954, 0.000164179684361, 0.000152135718963, 7.5942123658e-05, 5.61637170904e-05, 4.46695448773e-05, 2.33475911955e-05, 3.82198923035e-05, 3.51659255102e-05, 5.18228007422e-05, 6.47979250061e-05, 4.91923819936e-05, 6.90876404406e-05, 6.87660794938e-05, 4.31263142673e-05, 3.79221273761e-05, 3.52359093085e-05, 3.13174277835e-05, 3.23627100443e-05, 2.81979828287e-05, 1.66169174918e-05, 1.01718514998e-05, 1.01894802356e-05, 9.55520954449e-06, 6.94586560712e-06, 5.68921814192e-06, 5.36712059329e-06, 3.5807072436e-06, 2.81073107544e-06, 2.39909786615e-06, 2.08863457374e-06, 1.76398805252e-06, 1.25111137095e-06],
        "dvar": [2.13576277019e-05, 3.88056178053e-05, 8.80208347098e-07, 1.71589192632e-07, 1.14972486642e-07, 8.841656296e-08, 5.124869773e-08, 5.92794187071e-08, 4.33424247603e-08, 4.41023502162e-08, 1.21200685044e-08, 6.53500320524e-09, 4.25894741696e-09, 9.18760068025e-10, 3.24947957431e-09, 2.07528061402e-09, 2.66873367849e-09, 4.38527214541e-09, 2.19985252237e-09, 6.28474694508e-09, 6.40408304164e-09, 2.24447993524e-09, 1.90968396652e-09, 1.31586330721e-09, 8.43063563405e-10, 1.10372466722e-09, 1.18658960435e-09, 4.10045997157e-10, 1.22409957171e-10, 1.29979554897e-10, 1.44536632662e-10, 1.31853292173e-10, 4.33507084396e-11, 4.82575993055e-11, 1.78641181708e-11, 1.45163811527e-11, 1.38122369445e-11, 8.81419763565e-12, 8.76872359445e-12, 3.43277012718e-12],
        "dvar2": [5.16387517564e-05, 0.000111460212793, 2.3988486646e-06, 4.24063813398e-07, 2.92072314778e-07, 2.17756664256e-07, 1.3544331523e-07, 1.50004026978e-07, 1.01576944189e-07, 9.17289995073e-08, 2.33763195467e-08, 1.25328689649e-08, 1.15131246758e-08, 1.94565052958e-09, 8.33407654e-09, 5.18244158698e-09, 6.39079678066e-09, 9.87419568332e-09, 5.94147575583e-09, 1.76110770411e-08, 1.5361196759e-08, 4.51274839719e-09, 4.24110035979e-09, 2.94738322637e-09, 2.30202967799e-09, 2.65075761341e-09, 2.99211788679e-09, 9.89278992058e-10, 2.84265000428e-10, 2.60166305166e-10, 2.92974561278e-10, 2.5251922775e-10, 9.37009289603e-11, 1.24240895349e-10, 3.46441660082e-11, 2.76985517855e-11, 2.18626783344e-11, 1.3586867742e-11, 1.60651648234e-11, 6.18801624525e-12],
        "max": [0.0360143147409, 0.0389298535883, 0.00789421051741, 0.00599520094693, 0.00429596193135, 0.00276041822508, 0.00298650935292, 0.00229057855904, 0.00239910418168, 0.00321102328598, 0.00266454997472, 0.00191732880194, 0.00102667999454, 0.000569565047044, 0.000758018402848, 0.000581527128816, 0.000699594849721, 0.00112162821461, 0.000837302475702, 0.00103945017327, 0.00139067322016, 0.00130134809297, 0.00095811940264, 0.000516625179444, 0.000400530203478, 0.000655470998026, 0.000604775268584, 0.00036743900273, 0.00017848025891, 0.000292421580525, 0.000172818399733, 0.000216063723201, 0.000107234656753, 0.000146843478433, 8.38905616547e-05, 7.68733298173e-05, 6.44082392682e-05, 5.16933323524e-05, 5.25737741555e-05, 2.96916914522e-05],
        "mean": [0.00354091776535, 0.00455989688635, 0.000885527697392, 0.000328894209815, 0.000387351785321, 0.000363730272511, 0.000209414210985, 0.000193266314454, 0.000148394683492, 0.000159097180585, 9.76678202278e-05, 5.34667378815e-05, 4.37317285105e-05, 2.36620780925e-05, 3.40359401889e-05, 2.96190082736e-05, 5.07013173774e-05, 6.74269831507e-05, 5.1313181757e-05, 6.79894947098e-05, 7.46621008147e-05, 5.1802584494e-05, 4.40650110249e-05, 4.17914561694e-05, 3.53885916411e-05, 3.89647757402e-05, 3.39270154655e-05, 1.84858727152e-05, 1.15286711662e-05, 1.14817394206e-05, 1.06246998257e-05, 8.97115660337e-06, 7.03947171132e-06, 5.747483101e-06, 4.47492811873e-06, 3.63706521966e-06, 3.27885868501e-06, 2.76910168395e-06, 2.31527519645e-06, 1.43588511037e-06],
        "median": [0.00213052658364, 0.003169658361, 0.00058164272923, 0.000128417217638, 0.00019346177578, 0.000208658646443, 0.000109470813186, 8.93911128514e-05, 5.94977827859e-05, 6.8704081059e-05, 3.75669624191e-05, 2.34155249927e-05, 2.1920150175e-05, 1.11564841063e-05, 1.48197404997e-05, 1.36960698001e-05, 2.80054664472e-05, 3.75648960471e-05, 3.31849842041e-05, 3.99336095143e-05, 4.75016495329e-05, 3.28353489749e-05, 2.59422067757e-05, 2.34217986872e-05, 2.14021329157e-05, 2.34421186178e-05, 1.42869448609e-05, 1.08745307443e-05, 7.26692405806e-06, 7.27998667571e-06, 5.46169394511e-06, 4.84536940348e-06, 4.15608701587e-06, 3.06667789118e-06, 2.05121318686e-06, 1.94066910808e-06, 1.76956393716e-06, 1.44162549987e-06, 1.22001779346e-06, 6.7163108497e-07],
        "min": [2.66001256932e-06, 6.892714282e-06, 1.3377518826e-06, 5.53469703846e-07, 3.2803884551e-06, 2.79684309135e-06, 5.71901296098e-07, 1.64556411164e-07, 3.30008788296e-07, 2.08311530514e-06, 1.88733537243e-07, 3.9404119434e-07, 9.49345775325e-08, 1.10311411561e-07, 1.97713035277e-07, 2.66466230414e-07, 3.67532919654e-07, 4.3810069883e-07, 2.61818399849e-07, 1.38472114486e-06, 3.25126933376e-07, 4.80163464545e-07, 4.11201909856e-07, 3.87336370977e-07, 3.03470670815e-07, 2.46161391715e-07, 1.77854573735e-07, 1.09110722235e-07, 5.51638770219e-08, 1.75852036932e-07, 1.36404082696e-07, 6.90805066483e-08, 1.34224213966e-08, 4.02913258313e-08, 8.07725442087e-09, 7.31180838098e-10, 1.94281990495e-09, 5.34302735389e-09, 7.32368887757e-10, 1.62178690616e-12],
