{
"highlevel": {
    "danceability": {
        "all": {
            "danceable": 0.986178696156,
            "not_danceable": 0.0138212870806
        },
        "probability": 0.986178696156,
        "value": "danceable"
    },
    "gender": {
        "all": {
            "female": 0.746972978115,
            "male": 0.253027021885
        },
        "probability": 0.746972978115,
        "value": "female"
    },
    "genre_dortmund": {
        "all": {
            "alternative": 0.0167140532285,
            "blues": 0.0544575639069,
            "electronic": 0.144728139043,
            "folkcountry": 0.0222035869956,
            "funksoulrnb": 0.0123379053548,
            "jazz": 0.278457134962,
            "pop": 0.0120446449146,
            "raphiphop": 0.451095104218,
            "rock": 0.00796186178923
        },
        "probability": 0.451095104218,
        "value": "raphiphop"
    },
    "genre_electronic": {
        "all": {
            "ambient": 0.326108217239,
            "dnb": 0.030003413558,
            "house": 0.54805034399,
            "techno": 0.0646024793386,
            "trance": 0.0312355626374
        },
        "probability": 0.54805034399,
        "value": "house"
    },
    "genre_rosamerica": {
        "all": {
            "cla": 0.0121757173911,
            "dan": 0.0157303847373,
            "hip": 0.261126697063,
            "jaz": 0.0333166271448,
            "pop": 0.010772369802,
            "rhy": 0.514849722385,
            "roc": 0.00326741021127,
            "spe": 0.148761048913
        },
        "probability": 0.514849722385,
        "value": "rhy"
    },
    "genre_tzanetakis": {
        "all": {
            "blu": 0.0464335642755,
            "cla": 0.0303785484284,
            "cou": 0.0900284722447,
            "dis": 0.0387425012887,
            "hip": 0.0673530772328,
            "jaz": 0.269335210323,
            "met": 0.0553773678839,
            "pop": 0.0675914660096,
            "reg": 0.0598800256848,
            "roc": 0.274879783392
        },
        "probability": 0.274879783392,
        "value": "roc"
    },
    "ismir04_rhythm": {
        "all": {
            "ChaChaCha": 0.119023740292,
            "Jive": 0.0335500761867,
            "Quickstep": 0.0621622763574,
            "Rumba-American": 0.0331305749714,
            "Rumba-International": 0.344454228878,
            "Rumba-Misc": 0.0734388008714,
            "Samba": 0.085536301136,
            "Tango": 0.196829020977,
            "VienneseWaltz": 0.030424548313,
            "Waltz": 0.021450413391
        },
        "probability": 0.344454228878,
        "value": "Rumba-International"
    },
    "mood_acoustic": {
        "all": {
            "acoustic": 0.0538596212864,
            "not_acoustic": 0.946140408516
        },
        "probability": 0.946140408516,
        "value": "not_acoustic"
    },
    "mood_aggressive": {
        "all": {
            "aggressive": 0.0549171231687,
            "not_aggressive": 0.945082902908
        },
        "probability": 0.945082902908,
        "value": "not_aggressive"
    },
    "mood_electronic": {
        "all": {
            "electronic": 0.789298593998,
            "not_electronic": 0.210701420903
        },
        "probability": 0.789298593998,
        "value": "electronic"
    },
    "mood_happy": {
        "all": {
            "happy": 0.130995929241,
            "not_happy": 0.869004070759
        },
        "probability": 0.869004070759,
        "value": "not_happy"
    },
    "mood_party": {
        "all": {
            "not_party": 0.661253035069,
            "party": 0.338746964931
        },
        "probability": 0.661253035069,
        "value": "not_party"
    },
    "mood_relaxed": {
        "all": {
            "not_relaxed": 0.00690725212917,
            "relaxed": 0.993092775345
        },
        "probability": 0.993092775345,
        "value": "relaxed"
    },
    "mood_sad": {
        "all": {
            "not_sad": 0.523454964161,
            "sad": 0.476545035839
        },
        "probability": 0.523454964161,
        "value": "not_sad"
    },
    "moods_mirex": {
        "all": {
            "Cluster1": 0.221047028899,
            "Cluster2": 0.259433239698,
            "Cluster3": 0.242887675762,
            "Cluster4": 0.150403544307,
            "Cluster5": 0.126228496432
        },
        "probability": 0.259433239698,
        "value": "Cluster2"
    },
    "timbre": {
        "all": {
            "bright": 0.542930006981,
            "dark": 0.457070022821
        },
        "probability": 0.542930006981,
        "value": "bright"
    },
    "tonal_atonal": {
        "all": {
            "atonal": 0.380092024803,
            "tonal": 0.619907975197
        },
        "probability": 0.619907975197,
        "value": "tonal"
    },
    "voice_instrumental": {
        "all": {
            "instrumental": 0.68278336525,
            "voice": 0.317216664553
        },
        "probability": 0.68278336525,
        "value": "instrumental"
    }
},
"lowlevel": {
    "average_loudness": 0.982370913029,
    "barkbands_crest": {
        "dmean": 3.24503517151,
        "dmean2": 4.84935665131,
        "dvar": 8.26073265076,
        "dvar2": 17.0902938843,
        "max": 26.1872730255,
        "mean": 15.2093019485,
        "median": 14.4493265152,
        "min": 3.0129442215,
        "var": 29.2298126221
    },
    "barkbands_flatness_db": {
        "dmean": 0.0505916774273,
        "dmean2": 0.0721076577902,
        "dvar": 0.002504425589,
        "dvar2": 0.00432557659224,
        "max": 0.610265374184,
        "mean": 0.302642434835,
        "median": 0.306583970785,
        "min": 0.063714876771,
        "var": 0.0104837007821
    },
    "barkbands_kurtosis": {
        "dmean": 31.3345832825,
        "dmean2": 46.3395462036,
        "dvar": 4892.55761719,
        "dvar2": 9746.35351562,
        "max": 846.829711914,
        "mean": 43.6865768433,
        "median": 10.8862123489,
        "min": -1.90904569626,
        "var": 8974.87597656
    },
    "barkbands_skewness": {
        "dmean": 1.59547054768,
        "dmean2": 2.32561373711,
        "dvar": 4.09069347382,
        "dvar2": 7.47599601746,
        "max": 22.0421943665,
        "mean": 3.57281804085,
        "median": 2.49736380577,
        "min": -1.56006407738,
        "var": 12.8037147522
    },
    "barkbands_spread": {
        "dmean": 6.24350166321,
        "dmean2": 8.76854515076,
        "dvar": 134.860702515,
        "dvar2": 260.166473389,
        "max": 99.0699996948,
        "mean": 10.5460863113,
        "median": 5.10312414169,
        "min": 0.132839098573,
        "var": 247.891311646
    },
    "dissonance": {
        "dmean": 0.0360811762512,
        "dmean2": 0.0596056580544,
        "dvar": 0.00115833966993,
        "dvar2": 0.00306092086248,
        "max": 0.499982506037,
        "mean": 0.431673616171,
        "median": 0.443415075541,
        "min": 0.210808083415,
        "var": 0.0024781988468
    },
    "dynamic_complexity": 3.33676958084,
    "erbbands_crest": {
        "dmean": 3.23386669159,
        "dmean2": 4.9798913002,
        "dvar": 10.2809381485,
        "dvar2": 20.9645366669,
        "max": 32.0799484253,
        "mean": 13.3044080734,
        "median": 12.5302534103,
        "min": 3.29786968231,
        "var": 36.3442649841
    },
    "erbbands_flatness_db": {
        "dmean": 0.0380530133843,
        "dmean2": 0.0535887591541,
        "dvar": 0.00120785553008,
        "dvar2": 0.0024409876205,
        "max": 0.414609611034,
        "mean": 0.226973891258,
        "median": 0.227346643806,
        "min": 0.0981079861522,
        "var": 0.00435947626829
    },
    "erbbands_kurtosis": {
        "dmean": 5.78474378586,
        "dmean2": 9.01457118988,
        "dvar": 128.841217041,
        "dvar2": 309.925018311,
        "max": 135.115890503,
        "mean": 7.59569501877,
        "median": 3.97687864304,
        "min": -1.82887637615,
        "var": 155.860717773
    },
    "erbbands_skewness": {
        "dmean": 0.895914673805,
        "dmean2": 1.27274239063,
        "dvar": 1.03150391579,
        "dvar2": 2.12719368935,
        "max": 9.90142917633,
        "mean": 1.60821151733,
        "median": 1.52910923958,
        "min": -3.16466808319,
        "var": 2.65942263603
    },
    "erbbands_spread": {
        "dmean": 13.3460073471,
        "dmean2": 20.4162807465,
        "dvar": 284.294128418,
        "dvar2": 608.30291748,
        "max": 149.035018921,
        "mean": 29.9512557983,
        "median": 21.6095981598,
        "min": 1.43927371502,
        "var": 630.906677246
    },
    "hfc": {
        "dmean": 6.39412212372,
        "dmean2": 10.325214386,
        "dvar": 159.766326904,
        "dvar2": 389.44821167,
        "max": 114.395088196,
        "mean": 9.79785442352,
        "median": 5.04631996155,
        "min": 0.473987281322,
        "var": 174.934906006
    },
    "melbands_crest": {
        "dmean": 3.9128921032,
        "dmean2": 6.21701192856,
        "dvar": 13.9748315811,
        "dvar2": 28.5173435211,
        "max": 38.5904083252,
        "mean": 20.8275756836,
        "median": 20.2877407074,
        "min": 4.26296281815,
        "var": 53.6448249817
    },
    "melbands_flatness_db": {
        "dmean": 0.0588633716106,
        "dmean2": 0.0809137970209,
        "dvar": 0.00365801528096,
        "dvar2": 0.00574270263314,
        "max": 0.731533408165,
        "mean": 0.379287183285,
        "median": 0.386953622103,
        "min": 0.0458834022284,
        "var": 0.0167156662792
    },
    "melbands_kurtosis": {
        "dmean": 40.3079872131,
        "dmean2": 63.5395698547,
        "dvar": 6178.66162109,
        "dvar2": 13208.4707031,
        "max": 949.897338867,
        "mean": 60.5875549316,
        "median": 18.0406646729,
        "min": -1.08925831318,
        "var": 12318.6748047
    },
    "melbands_skewness": {
        "dmean": 1.64570224285,
        "dmean2": 2.57353043556,
        "dvar": 3.80645537376,
        "dvar2": 8.35923862457,
        "max": 19.3271903992,
        "mean": 3.97635626793,
        "median": 3.03476953506,
        "min": -2.16101264954,
        "var": 11.3898687363
    },
    "melbands_spread": {
        "dmean": 6.58267736435,
        "dmean2": 9.95895290375,
        "dvar": 204.245407104,
        "dvar2": 454.65045166,
        "max": 143.331893921,
        "mean": 10.4236526489,
        "median": 5.59922122955,
        "min": 0.0824011638761,
        "var": 297.001739502
    },
    "pitch_salience": {
        "dmean": 0.0935651287436,
        "dmean2": 0.147483885288,
        "dvar": 0.00879394635558,
        "dvar2": 0.0194423831999,
        "max": 0.813386142254,
        "mean": 0.400098234415,
        "median": 0.405595630407,
        "min": 0.0553332157433,
        "var": 0.0277944747359
    },
    "silence_rate_20dB": {
        "dmean": 0,
        "dmean2": 0,
        "dvar": 0,
        "dvar2": 0,
        "max": 1,
        "mean": 1,
        "median": 1,
        "min": 1,
        "var": 0
    },
    "silence_rate_30dB": {
        "dmean": 0.0758513957262,
        "dmean2": 0.151820287108,
        "dvar": 0.0700972825289,
        "dvar2": 0.130320847034,
        "max": 1,
        "mean": 0.904098987579,
        "median": 1,
        "min": 0,
        "var": 0.0867028981447
    },
    "silence_rate_60dB": {
        "dmean": 0.0139318881556,
        "dmean2": 0.0278853606433,
        "dvar": 0.0137380091473,
        "dvar2": 0.0286571793258,
        "max": 1,
        "mean": 0.0146945090964,
        "median": 0,
        "min": 0,
        "var": 0.0144783398136
    },
    "spectral_centroid": {
        "dmean": 304.961700439,
        "dmean2": 423.128540039,
        "dvar": 241544.625,
        "dvar2": 450069.125,
        "max": 4291.78955078,
        "mean": 785.577636719,
        "median": 507.937469482,
        "min": 105.705986023,
        "var": 541702.75
    },
    "spectral_complexity": {
        "dmean": 2.62616109848,
        "dmean2": 4.02246332169,
        "dvar": 26.6551799774,
        "dvar2": 45.5603866577,
        "max": 51,
        "mean": 8.6279964447,
        "median": 7,
        "min": 1,
        "var": 50.5660209656
    },
    "spectral_decrease": {
        "dmean": 5.2942392692e-09,
        "dmean2": 8.19714429667e-09,
        "dvar": 8.33425760003e-17,
        "dvar2": 1.70950068769e-16,
        "max": -3.05074354667e-10,
        "mean": -9.95410864846e-09,
        "median": -5.42090550226e-09,
        "min": -6.13796871107e-08,
        "var": 1.47358970343e-16
    },
    "spectral_energy": {
        "dmean": 0.0204224754125,
        "dmean2": 0.0315969958901,
        "dvar": 0.00121222354937,
        "dvar2": 0.0024935984984,
        "max": 0.234671533108,
        "mean": 0.0384577400982,
        "median": 0.0216782130301,
        "min": 0.00125979096629,
        "var": 0.0021332653705
    },
    "spectral_energyband_high": {
        "dmean": 0.000428243307397,
        "dmean2": 0.00068198464578,
        "dvar": 1.9824778974e-06,
        "dvar2": 4.9856048463e-06,
        "max": 0.015384231694,
        "mean": 0.00039168598596,
        "median": 2.4579345336e-05,
        "min": 2.58932317365e-07,
        "var": 1.7331175286e-06
    },
    "spectral_energyband_low": {
        "dmean": 0.0179752465338,
        "dmean2": 0.0284760612994,
        "dvar": 0.0011643813923,
        "dvar2": 0.0025789916981,
        "max": 0.220189586282,
        "mean": 0.027552511543,
        "median": 0.00972982123494,
        "min": 2.73423956969e-05,
        "var": 0.00183109077625
    },
    "spectral_energyband_middle_high": {
        "dmean": 0.000867605325766,
        "dmean2": 0.00141233881004,
        "dvar": 1.04833397927e-05,
        "dvar2": 2.85100450128e-05,
        "max": 0.0302464552224,
        "mean": 0.000890135881491,
        "median": 0.000110715845949,
        "min": 9.33135311243e-07,
        "var": 8.21461799205e-06
    },
    "spectral_energyband_middle_low": {
        "dmean": 0.00938397925347,
        "dmean2": 0.0170941948891,
        "dvar": 0.000691247929353,
        "dvar2": 0.00195939303376,
        "max": 0.153775975108,
        "mean": 0.0111820036545,
        "median": 0.00499068247154,
        "min": 8.18222833914e-05,
        "var": 0.000454192195321
    },
    "spectral_entropy": {
        "dmean": 0.39309450984,
        "dmean2": 0.572109937668,
        "dvar": 0.177571341395,
        "dvar2": 0.352247655392,
        "max": 8.3491859436,
        "mean": 6.70072317123,
        "median": 6.62464952469,
        "min": 4.10786056519,
        "var": 0.559657394886
    },
    "spectral_flux": {
        "dmean": 0.0504385456443,
        "dmean2": 0.071091003716,
        "dvar": 0.00449228053913,
        "dvar2": 0.00593938585371,
        "max": 0.50746846199,
        "mean": 0.106610991061,
        "median": 0.0703730508685,
        "min": 0.00752580165863,
        "var": 0.0115617504343
    },
    "spectral_kurtosis": {
        "dmean": 5.14789533615,
        "dmean2": 8.51389408112,
        "dvar": 48.0020866394,
        "dvar2": 119.938041687,
        "max": 97.5048675537,
        "mean": 7.98034095764,
        "median": 5.30206489563,
        "min": -1.0818811655,
        "var": 80.3285140991
    },
    "spectral_rms": {
        "dmean": 0.00139656825922,
        "dmean2": 0.00211156345904,
        "dvar": 3.57659973815e-06,
        "dvar2": 6.56691327094e-06,
        "max": 0.0151310227811,
        "mean": 0.00535437371582,
        "median": 0.00459885597229,
        "min": 0.00110863172449,
        "var": 8.85039844434e-06
    },
    "spectral_rolloff": {
        "dmean": 443.763305664,
        "dmean2": 695.43572998,
        "dvar": 1178719,
        "dvar2": 2456731.25,
        "max": 7127.49023438,
        "mean": 709.579589844,
        "median": 387.59765625,
        "min": 43.06640625,
        "var": 1534571.75
    },
    "spectral_skewness": {
        "dmean": 0.559303283691,
        "dmean2": 0.876575946808,
        "dvar": 0.327998310328,
        "dvar2": 0.73818975687,
        "max": 8.07261562347,
        "mean": 1.95450794697,
        "median": 1.84331774712,
        "min": -0.0452896654606,
        "var": 0.997125446796
    },
    "spectral_spread": {
        "dmean": 943403.6875,
        "dmean2": 1404968,
        "dvar": 1.09639906099e+12,
        "dvar2": 2.28440722637e+12,
        "max": 9302550,
        "mean": 3831727.5,
        "median": 3548938.75,
        "min": 756270.0625,
        "var": 2.42209862451e+12
    },
    "spectral_strongpeak": {
        "dmean": 0.276783198118,
        "dmean2": 0.434888333082,
        "dvar": 0.227390512824,
        "dvar2": 0.502856850624,
        "max": 8.31279659271,
        "mean": 0.607187986374,
        "median": 0.351996451616,
        "min": 0,
        "var": 0.51482963562
    },
    "zerocrossingrate": {
        "dmean": 0.0108536761254,
        "dmean2": 0.0121809337288,
        "dvar": 0.00026621168945,
        "dvar2": 0.000304931163555,
        "max": 0.1728515625,
        "mean": 0.0270008575171,
        "median": 0.01708984375,
        "min": 0.00146484375,
        "var": 0.000884679437149
    },
    "barkbands": {
        "dmean": [0.00221238052472, 0.0112319290638, 0.0084342258051, 0.00574609171599, 0.00280935689807, 0.000722051307093, 0.000599941471592, 0.000491742684972, 0.000571073964238, 0.000101570134575, 4.33782151958e-05, 7.11096436135e-05, 0.000163488730323, 0.000159784176503, 0.000142897712067, 4.38621500507e-05, 7.90293488535e-05, 8.34678648971e-05, 5.51468438061e-05, 8.08584663901e-05, 0.0001349310769, 0.000125314458273, 6.81269884808e-05, 4.4163360144e-05, 4.73073923786e-05, 1.10349737952e-05, 2.96406854616e-09],
        "dmean2": [0.00302881654352, 0.0177632216364, 0.0155024025589, 0.0109604252502, 0.00536230066791, 0.0010397011647, 0.000963349593803, 0.000688716652803, 0.000872154021636, 0.000174820102984, 7.55976798246e-05, 0.000126041981275, 0.000278897787211, 0.000279264786514, 0.000247110263444, 7.0186884841e-05, 0.000127344814246, 0.000127265098854, 8.58273924678e-05, 0.000132005035994, 0.000220915550017, 0.000212700324482, 0.000103526064777, 7.01596800354e-05, 7.70609476604e-05, 1.83495976671e-05, 4.87807616523e-09],
        "dvar": [1.44975065268e-05, 0.000477143068565, 0.000709380197804, 0.000418007140979, 7.4581723311e-05, 2.24365976464e-06, 3.50047366737e-06, 1.59412093126e-06, 9.66238440014e-06, 1.36901064707e-07, 3.62658774122e-08, 8.89930262815e-08, 5.31008595317e-07, 4.72620257597e-07, 3.06627697455e-07, 1.72679381905e-08, 8.2156965675e-08, 1.07513280057e-07, 3.25306181992e-08, 6.03201542049e-08, 2.07260043794e-07, 2.03861404202e-07, 4.40690008929e-08, 1.92128712939e-08, 2.92502964072e-08, 1.56232304871e-09, 6.60640488475e-16],
        "dvar2": [2.97537917504e-05, 0.000914739794098, 0.00197368860245, 0.00119921495207, 0.000218169298023, 3.76523826162e-06, 7.87039516581e-06, 2.48869741881e-06, 1.79368325917e-05, 3.84066964898e-07, 9.81172618708e-08, 2.47705543188e-07, 1.44843670569e-06, 1.32040202061e-06, 8.51532092838e-07, 3.90860321886e-08, 1.91349641909e-07, 2.63510401055e-07, 6.94941846291e-08, 1.50576212832e-07, 5.37150697255e-07, 5.45986324596e-07, 9.89724000533e-08, 4.66398901722e-08, 7.70697212715e-08, 4.00542488066e-09, 8.54611562792e-16],
        "max": [0.0230757445097, 0.182760968804, 0.158515691757, 0.119876869023, 0.0528170838952, 0.0312724635005, 0.0293253641576, 0.028273679316, 0.0868343561888, 0.00378520367667, 0.00189526309259, 0.00269217090681, 0.00868775323033, 0.00567996129394, 0.00484460731968, 0.00187300448306, 0.00253719650209, 0.0038913381286, 0.00170457572676, 0.00269249198027, 0.00525549985468, 0.00466044992208, 0.00218322034925, 0.00126030005049, 0.00195760000497, 0.000506793323439, 8.43850102683e-07],
        "mean": [0.00265521858819, 0.0174215659499, 0.00594119681045, 0.00333713903092, 0.00226438930258, 0.00225472683087, 0.00115051702596, 0.00126842036843, 0.000851427321322, 0.000110553351988, 4.00968929171e-05, 5.39542124898e-05, 0.000138724091812, 0.00013185867283, 0.000123200094094, 5.28855998709e-05, 7.78506582719e-05, 7.68759709899e-05, 6.44774845568e-05, 8.07386240922e-05, 0.000120028220408, 0.000100700628536, 6.13320953562e-05, 3.59623481927e-05, 3.54910625902e-05, 8.46146667755e-06, 2.38943997921e-09],
        "median": [0.000126326456666, 0.0065528457053, 0.000517819891684, 9.83165227808e-05, 0.000551262986846, 0.000648780085612, 0.000281820131931, 0.00032958612428, 7.90712438175e-05, 6.15877297605e-06, 2.65031212621e-06, 1.90826449398e-06, 4.667268513e-06, 3.93962045564e-06, 5.53536301595e-06, 3.40177916769e-06, 4.28733255831e-06, 5.55492124477e-06, 8.85566987563e-06, 9.35609386943e-06, 9.53003018367e-06, 4.88573732582e-06, 1.71642477653e-06, 5.7982265389e-07, 3.59924825943e-07, 5.55364429999e-08, 4.89389639924e-10],
        "min": [2.91530710683e-08, 3.62495427453e-07, 3.16128853228e-06, 1.25478891277e-06, 6.3215152295e-06, 1.61633136031e-06, 1.54935065666e-07, 6.11128768924e-07, 4.43554142748e-07, 1.38591374821e-07, 3.15643653437e-08, 2.00171683673e-08, 6.07625594284e-08, 5.80084105195e-08, 9.79996528372e-08, 2.34853008152e-08, 4.17348147153e-08, 6.67718609293e-08, 8.64587050842e-08, 9.52050456249e-08, 6.14856290326e-08, 6.65412684953e-08, 8.71691430149e-09, 1.82194245801e-10, 1.05477692552e-11, 6.92263390709e-12, 9.08637921848e-12],
        "var": [2.55475279118e-05, 0.000749971077312, 0.000439852126874, 0.000233825703617, 4.18434246967e-05, 1.88358626474e-05, 7.79710626375e-06, 7.28314398657e-06, 1.86214510904e-05, 1.21500178807e-07, 3.20632942419e-08, 5.81080925599e-08, 4.55334941307e-07, 3.38352606377e-07, 2.20176175958e-07, 2.17236468814e-08, 8.54362411928e-08, 9.94605073856e-08, 4.15692973377e-08, 5.53298811212e-08, 1.70426659452e-07, 1.4859082853e-07, 4.50985950806e-08, 1.70657639131e-08, 2.19855671446e-08, 1.24043086913e-09, 6.16172264596e-16]
    },
    "erbbands": {
        "dmean": [0.477429360151, 2.58344912529, 8.38428878784, 15.8407688141, 14.6695804596, 7.81605100632, 3.57078027725, 7.59441280365, 8.03332328796, 10.6542835236, 10.0121545792, 14.3101930618, 6.36263942719, 2.08351302147, 2.98144102097, 2.93394160271, 7.33700323105, 8.04532432556, 9.03577136993, 3.59794092178, 2.38687348366, 4.49904251099, 4.79072380066, 3.0456392765, 3.12062501907, 4.32384061813, 4.80684041977, 4.79144001007, 3.54869627953, 4.60407304764, 2.26717567444, 1.10257589817, 0.756524145603, 0.665149152279, 0.266472488642, 0.0778050348163, 0.0135623253882, 0.000988482846878, 3.05048106384e-05, 2.39792752836e-05],
        "dmean2": [0.743256449699, 3.77961492538, 14.7088403702, 29.4069633484, 27.9107284546, 14.7754802704, 6.0906329155, 10.8427124023, 12.2050819397, 16.3801689148, 14.0704164505, 21.3474140167, 9.89032745361, 3.66690206528, 5.20323085785, 5.33033895493, 12.4507312775, 14.0008230209, 16.0626277924, 5.9112238884, 3.78414082527, 7.23732566833, 7.42056560516, 4.64303541183, 4.96163702011, 7.02206611633, 8.16776752472, 7.64561748505, 5.79236412048, 7.84663486481, 3.47772884369, 1.69433629513, 1.25654816628, 1.1507717371, 0.437200307846, 0.128189399838, 0.0228481516242, 0.00167618726846, 4.8671161494e-05, 3.72036665794e-05],
        "dvar": [0.760652780533, 29.4998664856, 605.191345215, 2878.12963867, 2527.41674805, 458.667266846, 31.5351867676, 281.276123047, 533.922668457, 869.979003906, 799.525634766, 7986.22216797, 692.59753418, 76.2938461304, 186.609817505, 160.204315186, 1105.51403809, 1185.5526123, 1487.69775391, 116.15801239, 57.4094047546, 275.916687012, 397.416168213, 92.9757461548, 87.6956634521, 185.170028687, 252.892440796, 250.90802002, 130.16468811, 309.360656738, 53.7806587219, 11.2475633621, 6.35992288589, 6.20609140396, 0.831546485424, 0.0687583908439, 0.0027988627553, 1.55222860485e-05, 7.63498597678e-09, 1.47030210229e-09],
        "dvar2": [1.92808592319, 65.728843689, 1622.76635742, 8078.65136719, 7298.85302734, 1336.89440918, 84.3846817017, 467.804962158, 1116.76464844, 1741.36364746, 1298.88037109, 14978.6259766, 1462.29382324, 219.077865601, 515.578796387, 456.720916748, 3009.9699707, 3405.06982422, 4186.23681641, 308.606506348, 116.885398865, 632.087158203, 982.669555664, 181.473907471, 206.518127441, 463.420227051, 679.884338379, 618.75970459, 340.36730957, 821.406005859, 130.100860596, 26.4218482971, 16.4925270081, 16.9786472321, 2.07257962227, 0.171592637897, 0.00746036600322, 4.16078873968e-05, 1.99209235774e-08, 3.03800185009e-09],
        "max": [5.92644071579, 47.1411628723, 149.451049805, 303.772705078, 308.903656006, 158.868286133, 64.1460189819, 365.676879883, 389.185302734, 377.496765137, 781.521362305, 2600.05737305, 632.456970215, 81.0179977417, 133.320220947, 108.150268555, 399.172180176, 288.775848389, 330.972473145, 113.951347351, 79.5640640259, 144.800949097, 229.348403931, 92.256729126, 87.0469284058, 161.086044312, 173.012451172, 173.168731689, 124.922912598, 186.417694092, 84.0512084961, 32.7602310181, 21.968290329, 28.1486873627, 9.46725559235, 3.01415896416, 0.72292971611, 0.0554801896214, 0.00112780823838, 0.000254911661614],
        "mean": [0.62991642952, 3.41099071503, 6.85658597946, 9.95055675507, 9.32237815857, 7.04969596863, 6.93845176697, 23.4863147736, 18.0141868591, 23.1694202423, 26.1354503632, 21.3675746918, 10.0215883255, 2.0866894722, 2.4700255394, 2.30210208893, 6.33514690399, 7.08429765701, 7.34979295731, 4.0378408432, 2.9234418869, 4.4986538887, 4.35899114609, 3.5935049057, 3.40176868439, 4.13121080399, 4.1297044754, 4.49730014801, 3.00304722786, 3.66485357285, 1.92699313164, 0.925318717957, 0.568366527557, 0.451157748699, 0.219658344984, 0.0603087842464, 0.0100999278948, 0.000736390298698, 3.54592848453e-05, 4.41546253569e-05],
        "median": [0.208213210106, 1.11392629147, 0.993461310863, 0.481082081795, 0.871298193932, 1.90096819401, 3.96872520447, 5.63983249664, 6.04159259796, 7.5115032196, 7.28445672989, 2.65481805801, 0.672585487366, 0.173513516784, 0.148201525211, 0.13811801374, 0.234655439854, 0.29901009798, 0.289583146572, 0.292727977037, 0.216439694166, 0.250831663609, 0.274636656046, 0.435409724712, 0.48513391614, 0.42947191, 0.362841397524, 0.35700109601, 0.182542875409, 0.110198780894, 0.042085275054, 0.0189268551767, 0.00630611460656, 0.00301023363136, 0.00299597741105, 0.000496049353387, 7.70161641412e-05, 7.5915686466e-06, 1.44472933243e-05, 2.65786347882e-05],
        "min": [1.96910132217e-05, 0.000533289683517, 0.00923000555485, 0.0111966608092, 0.017783049494, 0.0224466752261, 0.0140345310792, 0.0139944832772, 0.0037097169552, 0.0154658388346, 0.0176844429225, 0.0113095697016, 0.00644367747009, 0.00262169982307, 0.00163928640541, 0.00282967439853, 0.00291301030666, 0.00327984872274, 0.00535411993042, 0.00395591696724, 0.00216749962419, 0.00219672708772, 0.00382873346098, 0.00353049882688, 0.00528486305848, 0.00398757122457, 0.00361885689199, 0.0021618406754, 0.00193013588432, 0.00140400300734, 0.000314805365633, 5.90699673921e-05, 1.78008285729e-05, 9.37404820434e-06, 3.03657361655e-06, 1.53308565132e-06, 8.0915452827e-07, 1.50293999468e-07, 8.07671142411e-07, 1.57927343025e-06],
        "var": [0.970827758312, 39.1121444702, 425.918609619, 1711.8840332, 1414.24841309, 276.595855713, 73.2329101562, 2478.71508789, 1403.74951172, 2328.17358398, 3904.55688477, 12998.3808594, 1642.09643555, 54.4755706787, 139.313980103, 100.085464478, 915.819702148, 802.779602051, 995.233154297, 128.256484985, 75.8311691284, 292.378753662, 356.925201416, 129.294296265, 96.5112457275, 163.146591187, 195.845352173, 228.115234375, 107.67023468, 222.615447998, 48.343624115, 10.758023262, 4.89248466492, 4.13300037384, 0.720462024212, 0.0572111606598, 0.0020590305794, 1.139644246e-05, 6.11505202031e-09, 2.52619858365e-09]
    },
    "gfcc": {
        "mean": [-109.300994873, 141.137145996, -82.3841094971, 59.056930542, -63.4262199402, -11.4685592651, -20.4876422882, 4.40583992004, 5.04854488373, 12.6638402939, -3.54286003113, -10.0321235657, -4.90457248688],
        "cov": [[4794.69775391, -2497.36791992, -620.189697266, -275.278625488, -574.354248047, 824.774169922, -939.096252441, 419.69519043, -536.783752441, 346.2371521, -391.957183838, 268.606872559, -160.10043335], [-2497.36791992, 2689.26245117, -260.35546875, -425.378234863, 518.508483887, -771.819152832, 688.066833496, -477.4375, 506.321899414, -346.564605713, 342.519012451, -223.888061523, 193.649169922], [-620.189697266, -260.35546875, 1786.10974121, 499.845428467, 150.174102783, 281.990447998, 77.597694397, 192.194869995, -107.330299377, 34.8441848755, -130.029815674, -67.4388427734, -5.16719722748], [-275.278625488, -425.378234863, 499.845428467, 682.267822266, 62.2973937988, 79.1676635742, 103.678886414, 44.4981002808, -12.7216024399, -1.84399247169, -35.5071716309, -13.4947738647, -39.8632736206], [-574.354248047, 518.508483887, 150.174102783, 62.2973937988, 604.422058105, 93.0215835571, 235.049804688, -26.7956905365, 126.216110229, -23.5199489594, 145.829711914, -32.6691894531, 28.586648941], [824.774169922, -771.819152832, 281.990447998, 79.1676635742, 93.0215835571, 543.56640625, -168.778289795, 231.757598877, -169.532852173, 134.495361328, -48.3894119263, 68.94871521, -28.149181366], [-939.096252441, 688.066833496, 77.597694397, 103.678886414, 235.049804688, -168.778289795, 508.275024414, -72.7522888184, 189.037979126, -100.340820312, 136.755859375, -39.4808502197, 35.9157867432], [419.69519043, -477.4375, 192.194869995, 44.4981002808, -26.7956905365, 231.757598877, -72.7522888184, 267.981689453, -33.7109146118, 110.844909668, -41.4518547058, 41.0592956543, 7.70938062668], [-536.783752441, 506.321899414, -107.330299377, -12.7216024399, 126.216110229, -169.532852173, 189.037979126, -33.7109146118, 281.5362854, 3.1455373764, 102.462898254, -61.5241203308, 60.8715248108], [346.2371521, -346.564605713, 34.8441848755, -1.84399247169, -23.5199489594, 134.495361328, -100.340820312, 110.844909668, 3.1455373764, 223.895965576, 27.9110641479, 52.9921455383, -30.8754901886], [-391.957183838, 342.519012451, -130.029815674, -35.5071716309, 145.829711914, -48.3894119263, 136.755859375, -41.4518547058, 102.462898254, 27.9110641479, 198.94619751, 34.6745834351, 40.5483207703], [268.606872559, -223.888061523, -67.4388427734, -13.4947738647, -32.6691894531, 68.94871521, -39.4808502197, 41.0592956543, -61.5241203308, 52.9921455383, 34.6745834351, 141.848831177, 14.4680051804], [-160.10043335, 193.649169922, -5.16719722748, -39.8632736206, 28.586648941, -28.149181366, 35.9157867432, 7.70938062668, 60.8715248108, -30.8754901886, 40.5483207703, 14.4680051804, 112.492019653]],
        "icov": [[0.000690981803928, 0.000417566712713, 0.000295818084851, 0.000377825752366, 5.6255112213e-06, -0.000553533085622, 0.000203326460905, 0.000137122202432, -0.000143542711157, -0.000111627545266, 0.000812643149402, -0.000405163009418, 4.04098273066e-06], [0.000417566712713, 0.00478177005425, -0.000847942137625, 0.00343837286346, -0.00218129018322, 0.00303874327801, -0.00181236083154, 0.00281952810474, -0.00135676586069, 0.00188158650417, -0.00267680152319, 0.00304276263341, -0.00293354177848], [0.000295818084851, -0.000847942137625, 0.00129687017761, -0.00112459424417, 0.000216870364966, -0.00102468871046, 0.000101127028756, -0.000928383029532, 0.00107527431101, -0.00107490550727, 0.00166895240545, -6.27747285762e-05, -0.000208817393286], [0.000377825752366, 0.00343837286346, -0.00112459424417, 0.00448206160218, -0.00143491616473, 0.00181333301589, -0.00163971830625, 0.00212784670293, -0.001478737453, 0.00162653846201, -0.00157471781131, 0.00156055414118, -0.00103501917329], [5.6255112213e-06, -0.00218129018322, 0.000216870364966, -0.00143491616473, 0.00414390303195, -0.00355286034755, 0.000207357763429, -0.000253420468653, -0.000796628708486, -7.29640887585e-05, -0.000215457723243, -0.00113473762758, 0.00190817774273], [-0.000553533085622, 0.00303874327801, -0.00102468871046, 0.00181333301589, -0.00355286034755, 0.00822250731289, -0.000846192822792, -0.00156459095888, 0.00242539029568, 9.48448505369e-05, -0.00304636103101, 0.00296413386241, -0.00265507330187], [0.000203326460905, -0.00181236083154, 0.000101127028756, -0.00163971830625, 0.000207357763429, -0.000846192822792, 0.00519462581724, -0.00192011275794, -0.00168346776627, 0.00173959601671, -0.000590164097957, -0.00243001128547, 0.00295517011546], [0.000137122202432, 0.00281952810474, -0.000928383029532, 0.00212784670293, -0.000253420468653, -0.00156459095888, -0.00192011275794, 0.00988701079041, -0.00264774612151, -0.00122841377743, 0.000487102806801, 0.000808192824479, -0.00352271832526], [-0.000143542711157, -0.00135676586069, 0.00107527431101, -0.001478737453, -0.000796628708486, 0.00242539029568, -0.00168346776627, -0.00264774612151, 0.0108981179073, -0.00481056654826, -0.000559126085136, 0.00454741483554, -0.00441585667431], [-0.000111627545266, 0.00188158650417, -0.00107490550727, 0.00162653846201, -7.29640887585e-05, 9.48448505369e-05, 0.00173959601671, -0.00122841377743, -0.00481056654826, 0.0107161123306, -0.00482755061239, -0.00173720403109, 0.0042080078274], [0.000812643149402, -0.00267680152319, 0.00166895240545, -0.00157471781131, -0.000215457723243, -0.00304636103101, -0.000590164097957, 0.000487102806801, -0.000559126085136, -0.00482755061239, 0.0140738207847, -0.00581061094999, -0.000617440207861], [-0.000405163009418, 0.00304276263341, -6.27747285762e-05, 0.00156055414118, -0.00113473762758, 0.00296413386241, -0.00243001128547, 0.000808192824479, 0.00454741483554, -0.00173720403109, -0.00581061094999, 0.0148061048239, -0.00626123370603], [4.04098273066e-06, -0.00293354177848, -0.000208817393286, -0.00103501917329, 0.00190817774273, -0.00265507330187, 0.00295517011546, -0.00352271832526, -0.00441585667431, 0.0042080078274, -0.000617440207861, -0.00626123370603, 0.0162897668779]]
    },
    "melbands": {
        "dmean": [0.00359925464727, 0.00382684846409, 0.00267872214317, 0.000791835249402, 0.000155257075676, 0.000157717920956, 0.000127947510919, 0.000113592323032, 8.18439439172e-05, 9.14715565159e-05, 3.15176839649e-05, 8.89731381903e-06, 7.88360011938e-06, 8.10638994153e-06, 1.40879101309e-05, 1.40018355523e-05, 1.60356685228e-05, 1.52548291226e-05, 7.42588417779e-06, 3.47625950781e-06, 2.71857174994e-06, 4.63083551949e-06, 4.34175672126e-06, 4.16853436036e-06, 2.36627397499e-06, 2.1318007839e-06, 3.01827981275e-06, 2.60702472588e-06, 2.88827823169e-06, 3.29676777255e-06, 2.33727587329e-06, 1.88828369119e-06, 2.2809258553e-06, 2.2499368697e-06, 1.39738961025e-06, 8.66885443429e-07, 6.09474170687e-07, 5.39078712336e-07, 5.13009865699e-07, 5.92637661612e-07],
        "dmean2": [0.00528679834679, 0.00621032947674, 0.00490203360096, 0.00150748202577, 0.000274747435469, 0.00022620249365, 0.0001939231297, 0.000169635401107, 0.000116838564281, 0.000137965689646, 4.92953549838e-05, 1.58047059813e-05, 1.38153209264e-05, 1.41778273246e-05, 2.61476943706e-05, 2.23916376854e-05, 2.83312856482e-05, 2.71683784376e-05, 1.25468041006e-05, 5.46137243873e-06, 4.28236853622e-06, 7.53470703785e-06, 6.80202083458e-06, 6.48601326247e-06, 3.61231650459e-06, 3.3533910937e-06, 4.92082199344e-06, 4.23019628215e-06, 5.02878583575e-06, 5.57141629542e-06, 3.69458507521e-06, 3.0532087294e-06, 3.89853721572e-06, 3.80969140679e-06, 2.10943380807e-06, 1.38339828482e-06, 9.04092757992e-07, 8.87430189778e-07, 8.96609151368e-07, 1.03238710381e-06],
        "dvar": [3.8197820686e-05, 9.52791233431e-05, 7.85340816947e-05, 6.49231105854e-06, 7.41271719562e-08, 1.16219453616e-07, 1.36082647373e-07, 8.62125801859e-08, 4.88716658253e-08, 3.55281599695e-07, 1.6870206565e-08, 1.50533019383e-09, 1.28575550207e-09, 1.21479593052e-09, 4.73981609517e-09, 4.01685218421e-09, 5.08138686683e-09, 4.27810231685e-09, 6.24185592102e-10, 9.54645598683e-11, 7.98638655208e-11, 2.81853984596e-10, 2.88818080563e-10, 2.77371348112e-10, 5.33694755056e-11, 5.52006912402e-11, 9.07267871941e-11, 6.17909473588e-11, 9.4984527188e-11, 1.27763188917e-10, 5.64922345014e-11, 3.50911209812e-11, 7.05574071391e-11, 6.78291867118e-11, 1.97806007685e-11, 8.39290355964e-12, 3.29233775659e-12, 3.14184789296e-12, 3.38378240358e-12, 5.39815501327e-12],
        "dvar2": [7.75036896812e-05, 0.000240603592829, 0.000217943961616, 1.88759804587e-05, 2.15797442138e-07, 1.94577282286e-07, 2.90568550554e-07, 1.63141237408e-07, 8.17759726601e-08, 6.61048488837e-07, 3.83569691564e-08, 4.29556523684e-09, 3.55909679506e-09, 3.36815131341e-09, 1.37928273247e-08, 9.61625623574e-09, 1.45911407401e-08, 1.20164722617e-08, 1.70950531508e-09, 2.32124222621e-10, 1.62692775918e-10, 6.28397278657e-10, 6.87245482744e-10, 6.90596524411e-10, 1.04798704437e-10, 1.28335467253e-10, 2.32527080923e-10, 1.5369594486e-10, 2.60020810439e-10, 3.29679644695e-10, 1.36612346435e-10, 9.04749608566e-11, 1.90803678413e-10, 1.76765976856e-10, 4.61557840559e-11, 2.14741609911e-11, 7.35461257867e-12, 8.07422184668e-12, 9.1788139589e-12, 1.49115806508e-11],
        "max": [0.0438118837774, 0.0600251741707, 0.0494849011302, 0.0151717783883, 0.00210318667814, 0.00717047182843, 0.00620915507898, 0.0046246079728, 0.00608459394425, 0.0172845162451, 0.00298923929222, 0.000358140532626, 0.000357445096597, 0.000320312799886, 0.00059191492619, 0.00119531655218, 0.000590247684158, 0.000550974276848, 0.000220565561904, 0.000149114173837, 0.000101085199276, 0.000144095669384, 0.000163602409884, 0.000191730505321, 8.11900972622e-05, 7.90145277278e-05, 0.000100905293948, 8.92941170605e-05, 9.79283286142e-05, 0.000131653345306, 7.81251947046e-05, 5.97764446866e-05, 8.52110315464e-05, 8.65837864694e-05, 4.83335279569e-05, 3.47801797034e-05, 1.78324353328e-05, 1.53330984176e-05, 1.85133649211e-05, 2.656509605e-05],
        "mean": [0.00534717133269, 0.003966585733, 0.00174290384166, 0.00057485490106, 0.000251707882853, 0.000490395002998, 0.000283383094938, 0.000253059144598, 0.000197304354515, 0.000131267384859, 4.69484766654e-05, 7.77280365583e-06, 6.82982272338e-06, 6.16144507148e-06, 1.01526484286e-05, 1.43152783494e-05, 1.30919979711e-05, 1.19366659419e-05, 7.27559563529e-06, 4.18126091972e-06, 3.18287698065e-06, 4.67495237899e-06, 4.10114489569e-06, 3.78733057005e-06, 2.81407210423e-06, 2.36589653468e-06, 2.93447214972e-06, 2.46028116635e-06, 2.43323825089e-06, 2.93762195724e-06, 2.25210465032e-06, 1.60871320531e-06, 1.79518508503e-06, 1.81928248821e-06, 1.21391474295e-06, 6.71640805194e-07, 5.38378913006e-07, 4.13658483467e-07, 3.44256903873e-07, 3.98809532953e-07],
        "median": [0.00190808845218, 0.00088360067457, 0.000101302553958, 0.000104812446807, 0.000139189636684, 0.000125086880871, 9.1092340881e-05, 8.67534326972e-05, 5.36561128683e-05, 1.1617452401e-05, 1.82465464604e-06, 4.591326217e-07, 4.11967249647e-07, 2.31855025845e-07, 4.34041567132e-07, 4.47637205525e-07, 4.07294379556e-07, 3.19154366935e-07, 4.43712167453e-07, 2.6410205578e-07, 2.06182221518e-07, 2.3904203772e-07, 2.03296892209e-07, 2.54743184769e-07, 3.51653852704e-07, 3.1874810702e-07, 3.51444072066e-07, 2.50499937238e-07, 2.10721552207e-07, 2.30134475032e-07, 1.72375990815e-07, 9.60786721294e-08, 7.83744269484e-08, 4.98349628231e-08, 2.46154634453e-08, 1.25741186352e-08, 1.03989741262e-08, 4.81351891679e-09, 1.46427836523e-09, 2.33384622739e-09],
