{
"highlevel": {
    "danceability": {
        "all": {
            "danceable": 0.137320131063,
            "not_danceable": 0.862679839134
        },
        "probability": 0.862679839134,
        "value": "not_danceable"
    },
    "gender": {
        "all": {
            "female": 0.245972439647,
            "male": 0.754027545452
        },
        "probability": 0.754027545452,
        "value": "male"
    },
    "genre_dortmund": {
        "all": {
            "alternative": 0.0523693226278,
            "blues": 0.123599149287,
            "electronic": 0.0156079754233,
            "folkcountry": 0.272729307413,
            "funksoulrnb": 0.0335226766765,
            "jazz": 0.0431985780597,
            "pop": 0.0252110455185,
            "raphiphop": 0.00691337883472,
            "rock": 0.426848560572
        },
        "probability": 0.426848560572,
        "value": "rock"
    },
    "genre_electronic": {
        "all": {
            "ambient": 0.546188056469,
            "dnb": 0.118342533708,
            "house": 0.232679530978,
            "techno": 0.0192936062813,
            "trance": 0.0834962576628
        },
        "probability": 0.546188056469,
        "value": "ambient"
    },
    "genre_rosamerica": {
        "all": {
            "cla": 0.0522429049015,
            "dan": 0.0450932942331,
            "hip": 0.0146214719862,
            "jaz": 0.016679033637,
            "pop": 0.0700567364693,
            "rhy": 0.218205735087,
            "roc": 0.575270712376,
            "spe": 0.00783011317253
        },
        "probability": 0.575270712376,
        "value": "roc"
    },
    "genre_tzanetakis": {
        "all": {
            "blu": 0.0526981465518,
            "cla": 0.0351171530783,
            "cou": 0.0790154188871,
            "dis": 0.0632389634848,
            "hip": 0.158149629831,
            "jaz": 0.316540688276,
            "met": 0.0632824152708,
            "pop": 0.0632648542523,
            "reg": 0.0632587224245,
            "roc": 0.105434007943
        },
        "probability": 0.316540688276,
        "value": "jaz"
    },
    "ismir04_rhythm": {
        "all": {
            "ChaChaCha": 0.0119751794264,
            "Jive": 0.0117431655526,
            "Quickstep": 0.028890831396,
            "Rumba-American": 0.00768095534295,
            "Rumba-International": 0.0286622103304,
            "Rumba-Misc": 0.00348749384284,
            "Samba": 0.00935520790517,
            "Tango": 0.170343026519,
            "VienneseWaltz": 0.715357005596,
            "Waltz": 0.0125049483031
        },
        "probability": 0.715357005596,
        "value": "VienneseWaltz"
    },
    "mood_acoustic": {
        "all": {
            "acoustic": 0.0391054414213,
            "not_acoustic": 0.960894584656
        },
        "probability": 0.960894584656,
        "value": "not_acoustic"
    },
    "mood_aggressive": {
        "all": {
            "aggressive": 0.170001342893,
            "not_aggressive": 0.829998672009
        },
        "probability": 0.829998672009,
        "value": "not_aggressive"
    },
    "mood_electronic": {
        "all": {
            "electronic": 0.101689070463,
            "not_electronic": 0.898310959339
        },
        "probability": 0.898310959339,
        "value": "not_electronic"
    },
    "mood_happy": {
        "all": {
            "happy": 0.672616183758,
            "not_happy": 0.32738378644
        },
        "probability": 0.672616183758,
        "value": "happy"
    },
    "mood_party": {
        "all": {
            "not_party": 0.914507746696,
            "party": 0.0854922756553
        },
        "probability": 0.914507746696,
        "value": "not_party"
    },
    "mood_relaxed": {
        "all": {
            "not_relaxed": 0.565324127674,
            "relaxed": 0.434675842524
        },
        "probability": 0.565324127674,
        "value": "not_relaxed"
    },
    "mood_sad": {
        "all": {
            "not_sad": 0.770761966705,
            "sad": 0.229238018394
        },
        "probability": 0.770761966705,
        "value": "not_sad"
    },
    "moods_mirex": {
        "all": {
            "Cluster1": 0.16858625412,
            "Cluster2": 0.314965426922,
            "Cluster3": 0.249733537436,
            "Cluster4": 0.220913693309,
            "Cluster5": 0.0458010882139
        },
        "probability": 0.314965426922,
        "value": "Cluster2"
    },
    "timbre": {
        "all": {
            "bright": 0.978386104107,
            "dark": 0.0216139089316
        },
        "probability": 0.978386104107,
        "value": "bright"
    },
    "tonal_atonal": {
        "all": {
            "atonal": 0.0633839592338,
            "tonal": 0.936616063118
        },
        "probability": 0.936616063118,
        "value": "tonal"
    },
    "voice_instrumental": {
        "all": {
            "instrumental": 0.350884884596,
            "voice": 0.649115085602
        },
        "probability": 0.649115085602,
        "value": "voice"
    }
},
"lowlevel": {
    "average_loudness": 0.797842264175,
    "barkbands_crest": {
        "dmean": 2.08445262909,
        "dmean2": 3.21106052399,
        "dvar": 4.4205327034,
        "dvar2": 9.21656894684,
        "max": 26.1160049438,
        "mean": 9.72316360474,
        "median": 8.55713653564,
        "min": 2.71076464653,
        "var": 21.1410560608
    },
    "barkbands_flatness_db": {
        "dmean": 0.0246733073145,
        "dmean2": 0.0355693213642,
        "dvar": 0.000902219384443,
        "dvar2": 0.0020675547421,
        "max": 0.488454967737,
        "mean": 0.190032988787,
        "median": 0.168775171041,
        "min": 0.0563059709966,
        "var": 0.0055782594718
    },
    "barkbands_kurtosis": {
        "dmean": 3.6209051609,
        "dmean2": 5.77704286575,
        "dvar": 84.05493927,
        "dvar2": 226.834121704,
        "max": 156.243347168,
        "mean": 4.39936447144,
        "median": 0.893132686615,
        "min": -1.92521190643,
        "var": 124.173492432
    },
    "barkbands_skewness": {
        "dmean": 0.538872897625,
        "dmean2": 0.814658522606,
        "dvar": 0.578497588634,
        "dvar2": 1.49539542198,
        "max": 11.4265565872,
        "mean": 1.36770772934,
        "median": 1.11262321472,
        "min": -1.18808984756,
        "var": 1.73341274261
    },
    "barkbands_spread": {
        "dmean": 4.54435825348,
        "dmean2": 7.10871553421,
        "dvar": 41.1416511536,
        "dvar2": 88.5204696655,
        "max": 112.862770081,
        "mean": 19.5044727325,
        "median": 19.4517936707,
        "min": 0.649885177612,
        "var": 163.792266846
    },
    "dissonance": {
        "dmean": 0.0213532093912,
        "dmean2": 0.0359050631523,
        "dvar": 0.000436429865658,
        "dvar2": 0.00110954232514,
        "max": 0.498830795288,
        "mean": 0.449906289577,
        "median": 0.459245681763,
        "min": 0.29244312644,
        "var": 0.00133530830499
    },
    "dynamic_complexity": 1.74885725975,
    "erbbands_crest": {
        "dmean": 2.51057124138,
        "dmean2": 4.16674137115,
        "dvar": 9.75579738617,
        "dvar2": 26.6911621094,
        "max": 29.1366252899,
        "mean": 8.9884519577,
        "median": 7.9082069397,
        "min": 2.72434449196,
        "var": 17.7583599091
    },
    "erbbands_flatness_db": {
        "dmean": 0.0238794162869,
        "dmean2": 0.0337425023317,
        "dvar": 0.000640843587462,
        "dvar2": 0.00134802050889,
        "max": 0.368124097586,
        "mean": 0.20227637887,
        "median": 0.201767981052,
        "min": 0.0775551348925,
        "var": 0.00228895130567
    },
    "erbbands_kurtosis": {
        "dmean": 1.42069602013,
        "dmean2": 2.38910388947,
        "dvar": 9.10007381439,
        "dvar2": 25.7576999664,
        "max": 26.186170578,
        "mean": 0.572492480278,
        "median": -0.275400876999,
        "min": -1.67683720589,
        "var": 8.41325378418
    },
    "erbbands_skewness": {
        "dmean": 0.46672436595,
        "dmean2": 0.763073384762,
        "dvar": 0.454359829426,
        "dvar2": 1.28883063793,
        "max": 4.35712003708,
        "mean": 0.211579620838,
        "median": 0.0682468488812,
        "min": -3.4016122818,
        "var": 0.817031681538
    },
    "erbbands_spread": {
        "dmean": 7.23389196396,
        "dmean2": 11.4972238541,
        "dvar": 106.736755371,
        "dvar2": 267.618682861,
        "max": 168.40411377,
        "mean": 31.0630989075,
        "median": 29.9851722717,
        "min": 3.36871194839,
        "var": 207.466064453
    },
    "hfc": {
        "dmean": 5.24149608612,
        "dmean2": 7.94251823425,
        "dvar": 52.5135803223,
        "dvar2": 119.261001587,
        "max": 95.0923614502,
        "mean": 21.5740432739,
        "median": 17.9793796539,
        "min": 0.14489723742,
        "var": 214.769943237
    },
    "melbands_crest": {
        "dmean": 2.31197428703,
        "dmean2": 3.54596924782,
        "dvar": 5.0143661499,
        "dvar2": 11.0385599136,
        "max": 31.1423931122,
        "mean": 12.2378196716,
        "median": 10.6565580368,
        "min": 4.177693367,
        "var": 31.1773166656
    },
    "melbands_flatness_db": {
        "dmean": 0.0295567493886,
        "dmean2": 0.0433023609221,
        "dvar": 0.0015449419152,
        "dvar2": 0.00355735560879,
        "max": 0.628744959831,
        "mean": 0.246870264411,
        "median": 0.217047303915,
        "min": 0.0760381743312,
        "var": 0.0110329398885
    },
    "melbands_kurtosis": {
        "dmean": 6.49577569962,
        "dmean2": 10.495306015,
        "dvar": 246.494049072,
        "dvar2": 701.146911621,
        "max": 244.920532227,
        "mean": 10.2421674728,
        "median": 4.74239110947,
        "min": -1.79872560501,
        "var": 349.451843262
    },
    "melbands_skewness": {
        "dmean": 0.60236042738,
        "dmean2": 0.933463156223,
        "dvar": 0.705746889114,
        "dvar2": 1.81937599182,
        "max": 11.8080797195,
        "mean": 2.19790148735,
        "median": 1.91266286373,
        "min": -0.105535507202,
        "var": 2.17259073257
    },
    "melbands_spread": {
        "dmean": 5.69173812866,
        "dmean2": 9.04901885986,
        "dvar": 67.807723999,
        "dvar2": 181.589096069,
        "max": 85.294631958,
        "mean": 23.3371047974,
        "median": 20.8725814819,
        "min": 0.552383244038,
        "var": 268.866424561
    },
    "pitch_salience": {
        "dmean": 0.0627565085888,
        "dmean2": 0.0973141267896,
        "dvar": 0.00394465588033,
        "dvar2": 0.00890644825995,
        "max": 0.84111225605,
        "mean": 0.566925346851,
        "median": 0.586558222771,
        "min": 0.118621826172,
        "var": 0.0158338285983
    },
    "silence_rate_20dB": {
        "dmean": 0,
        "dmean2": 0,
        "dvar": 0,
        "dvar2": 0,
        "max": 1,
        "mean": 1,
        "median": 1,
        "min": 1,
        "var": 0
    },
    "silence_rate_30dB": {
        "dmean": 0.0263157896698,
        "dmean2": 0.0526723451912,
        "dvar": 0.0256232470274,
        "dvar2": 0.049897942692,
        "max": 1,
        "mean": 0.938901782036,
        "median": 1,
        "min": 0,
        "var": 0.0573653578758
    },
    "silence_rate_60dB": {
        "dmean": 0.0030959751457,
        "dmean2": 0.00619674660265,
        "dvar": 0.00308637600392,
        "dvar2": 0.00615841057152,
        "max": 1,
        "mean": 0.00773395225406,
        "median": 0,
        "min": 0,
        "var": 0.00767421210185
    },
    "spectral_centroid": {
        "dmean": 204.120544434,
        "dmean2": 320.921264648,
        "dvar": 69413.609375,
        "dvar2": 179859.1875,
        "max": 2921.15771484,
        "mean": 1249.07226562,
        "median": 1295.47998047,
        "min": 140.233276367,
        "var": 457741.5
    },
    "spectral_complexity": {
        "dmean": 3.05495357513,
        "dmean2": 4.64368724823,
        "dvar": 9.90331077576,
        "dvar2": 24.0573863983,
        "max": 52,
        "mean": 19.2296981812,
        "median": 19,
        "min": 1,
        "var": 67.8583374023
    },
    "spectral_decrease": {
        "dmean": 2.22046647735e-09,
        "dmean2": 3.08566150409e-09,
        "dvar": 1.97614391325e-17,
        "dvar2": 3.094069743e-17,
        "max": -8.54241677395e-11,
        "mean": -9.1560252713e-09,
        "median": -6.25011642441e-09,
        "min": -5.55021948401e-08,
        "var": 8.7346679413e-17
    },
    "spectral_energy": {
        "dmean": 0.00868423562497,
        "dmean2": 0.0121155278757,
        "dvar": 0.000288389564957,
        "dvar2": 0.000452372943982,
        "max": 0.212178483605,
        "mean": 0.036513723433,
        "median": 0.0258606169373,
        "min": 0.00033555275877,
        "var": 0.00126505026128
    },
    "spectral_energyband_high": {
        "dmean": 0.000222746733925,
        "dmean2": 0.000361864251317,
        "dvar": 1.44634043409e-07,
        "dvar2": 3.28170585817e-07,
        "max": 0.00774155184627,
        "mean": 0.000535548606422,
        "median": 0.000268136762315,
        "min": 2.04475469445e-07,
        "var": 5.69727944821e-07
    },
    "spectral_energyband_low": {
        "dmean": 0.00593210104853,
        "dmean2": 0.00827769655734,
        "dvar": 0.000262974528596,
        "dvar2": 0.000366484135156,
        "max": 0.189221262932,
        "mean": 0.0153405824676,
        "median": 0.00394127238542,
        "min": 3.47803652403e-05,
        "var": 0.00111384713091
    },
    "spectral_energyband_middle_high": {
        "dmean": 0.00198274338618,
        "dmean2": 0.00308617367409,
        "dvar": 8.90013234311e-06,
        "dvar2": 2.09978406929e-05,
        "max": 0.0378599204123,
        "mean": 0.00704641500488,
        "median": 0.00494509842247,
        "min": 1.46706033775e-05,
        "var": 4.22176817665e-05
    },
    "spectral_energyband_middle_low": {
        "dmean": 0.00505625130609,
        "dmean2": 0.00795078556985,
        "dvar": 0.000121730714454,
        "dvar2": 0.000351252383552,
        "max": 0.123898118734,
        "mean": 0.014616984874,
        "median": 0.0126489344984,
        "min": 0.000248042633757,
        "var": 0.000118201460282
    },
    "spectral_entropy": {
        "dmean": 0.230563402176,
        "dmean2": 0.343791544437,
        "dvar": 0.0899800360203,
        "dvar2": 0.223825141788,
        "max": 8.38989639282,
        "mean": 7.03288221359,
        "median": 7.12197732925,
        "min": 4.76180791855,
        "var": 0.333822965622
    },
    "spectral_flux": {
        "dmean": 0.0260025300086,
        "dmean2": 0.0388449989259,
        "dvar": 0.0015089190565,
        "dvar2": 0.0026053157635,
        "max": 0.468666881323,
        "mean": 0.0836890861392,
        "median": 0.070500254631,
        "min": 0.00837247353047,
        "var": 0.00312863802537
    },
    "spectral_kurtosis": {
        "dmean": 6.32624864578,
        "dmean2": 10.3048782349,
        "dvar": 120.78087616,
        "dvar2": 294.07333374,
        "max": 134.029281616,
        "mean": 10.4961538315,
        "median": 5.74595928192,
        "min": -1.68415665627,
        "var": 238.646408081
    },
    "spectral_rms": {
        "dmean": 0.000653550378047,
        "dmean2": 0.000941553560551,
        "dvar": 8.87343560407e-07,
        "dvar2": 1.44243097111e-06,
        "max": 0.0143876122311,
        "mean": 0.0055344873108,
        "median": 0.00502293463796,
        "min": 0.000572161283344,
        "var": 4.99268799103e-06
    },
    "spectral_rolloff": {
        "dmean": 355.830230713,
        "dmean2": 609.302307129,
        "dvar": 534751.125,
        "dvar2": 1078012.625,
        "max": 12467.7246094,
        "mean": 1409.23205566,
        "median": 1313.52539062,
        "min": 64.599609375,
        "var": 1471404.5
    },
    "spectral_skewness": {
        "dmean": 0.547673642635,
        "dmean2": 0.862226486206,
        "dvar": 0.476958334446,
        "dvar2": 1.12022912502,
        "max": 8.35023403168,
        "mean": 1.92559075356,
        "median": 1.56841611862,
        "min": -0.00519277853891,
        "var": 1.73125231266
    },
    "spectral_spread": {
        "dmean": 885342.625,
        "dmean2": 1331896.375,
        "dvar": 2.04303066726e+12,
        "dvar2": 4.49170898944e+12,
        "max": 21971470,
        "mean": 3226830.5,
        "median": 2891827.25,
        "min": 584136.1875,
        "var": 3.60374573466e+12
    },
    "spectral_strongpeak": {
        "dmean": 0.533827960491,
        "dmean2": 0.892976284027,
        "dvar": 0.657615840435,
        "dvar2": 1.61119437218,
        "max": 9.23368740082,
        "mean": 1.20981311798,
        "median": 0.726646840572,
        "min": 0,
        "var": 1.84878611565
    },
    "zerocrossingrate": {
        "dmean": 0.00882005225867,
        "dmean2": 0.0112966569141,
        "dvar": 0.000159604271175,
        "dvar2": 0.00019960127247,
        "max": 0.34619140625,
        "mean": 0.0488632433116,
        "median": 0.048828125,
        "min": 0.00244140625,
        "var": 0.000968773674686
    },
    "barkbands": {
        "dmean": [0.000130295549752, 0.00544000603259, 0.00220946967602, 0.00169562827796, 0.00255294819362, 0.000983685953543, 0.000566071190406, 0.000746310397517, 0.000370000489056, 0.000437984155724, 0.000223019771511, 0.000300905754557, 0.000452723994385, 0.000469642516691, 0.000234686362091, 0.000720545591321, 0.000311042938847, 0.000211949620279, 0.000170054801856, 0.000121332159324, 6.43328021397e-05, 2.73725327133e-05, 2.3635555408e-05, 1.44300947795e-05, 4.79087830172e-05, 3.76904717996e-05, 1.64732194552e-09],
        "dmean2": [0.00016238540411, 0.00725259026513, 0.00393450260162, 0.00301408488303, 0.00386321055703, 0.00145600363612, 0.000865564274136, 0.00113477453124, 0.000511747377459, 0.000656472344417, 0.000323320855387, 0.000455668981886, 0.000715744739864, 0.000721368822269, 0.000366447173292, 0.00125844427384, 0.000504070543684, 0.000333667179802, 0.000272280856734, 0.000197125627892, 0.000102886668174, 4.45304249297e-05, 3.85955354432e-05, 2.38070551859e-05, 8.27464828035e-05, 6.55870389892e-05, 2.77244271985e-09],
        "dvar": [1.32066205083e-07, 0.000276120787021, 7.14197958587e-05, 5.22716400155e-05, 2.17475117097e-05, 1.68223198216e-06, 5.86510338962e-07, 1.72808506704e-06, 4.15366457673e-07, 8.6512039843e-07, 1.60417741313e-07, 4.89748742893e-07, 9.59490535024e-07, 1.45976855492e-06, 3.2591808008e-07, 2.33464015764e-06, 2.4939930654e-07, 1.04215828856e-07, 7.4172923803e-08, 5.13934566015e-08, 1.73902581224e-08, 2.53194798461e-09, 2.02894789858e-09, 2.11111839121e-09, 4.21710559806e-08, 6.15052320185e-09, 6.5645794566e-17],
        "dvar2": [2.04285242944e-07, 0.000392344372813, 0.000207075310755, 0.000152631342644, 6.12199582974e-05, 3.63193339581e-06, 1.40890722378e-06, 3.92906804336e-06, 7.72699593199e-07, 1.65416611253e-06, 3.50405827021e-07, 1.04193702555e-06, 2.41575935434e-06, 3.41192480846e-06, 6.84006749907e-07, 6.4419696173e-06, 5.87844283473e-07, 2.41900352194e-07, 1.73421824456e-07, 1.23640319316e-07, 3.80267763944e-08, 5.75963676752e-09, 4.57478233074e-09, 4.62178428862e-09, 1.09281153016e-07, 1.56212198732e-08, 7.72671329245e-17],
        "max": [0.00581902591512, 0.187210887671, 0.0989564061165, 0.0727392584085, 0.0482953377068, 0.0156608913094, 0.00971097312868, 0.018670046702, 0.0128528103232, 0.022272946313, 0.0064163194038, 0.0174602549523, 0.0166554227471, 0.0221987739205, 0.0153311323375, 0.0203057136387, 0.00994977448136, 0.00391816161573, 0.00441793259233, 0.00338267325424, 0.0025699546095, 0.00124482170213, 0.0012781630503, 0.00145886302926, 0.00641254056245, 0.000811225618236, 2.30381203892e-07],
        "mean": [0.000303323118715, 0.0108426241204, 0.00333005888388, 0.00205599423498, 0.00598930427805, 0.00265254499391, 0.00125405890867, 0.00151649920736, 0.000835581915453, 0.00122480746359, 0.000415683432948, 0.000580420368351, 0.000818412809167, 0.00100290775299, 0.000458012218587, 0.00106306746602, 0.000641019898467, 0.000481898838188, 0.000400291115511, 0.000291884585749, 0.000154818422743, 6.53988827253e-05, 4.22826633439e-05, 2.15245272557e-05, 4.36204281868e-05, 2.77679100691e-05, 1.38495948043e-09],
        "median": [2.80277345155e-05, 0.00171205028892, 0.00141710031312, 0.00107370154001, 0.00469285435975, 0.00213373242877, 0.000852420576848, 0.000650050293189, 0.000551475794055, 0.000331217743224, 0.00017051868781, 0.000173051827005, 0.00022893078858, 0.000210294820135, 0.000136229660711, 0.000400264689233, 0.000370068359189, 0.00026402194635, 0.000214187399251, 0.000108448824903, 4.94194500789e-05, 2.73145178653e-05, 1.4670773453e-05, 3.55124439011e-06, 2.36283267441e-06, 7.47382841837e-07, 3.71270431065e-10],
        "min": [4.39842029465e-09, 1.94105214177e-05, 9.06241893972e-06, 1.18172656585e-05, 3.98049742216e-05, 2.81280631498e-06, 2.71978569799e-06, 2.39606401919e-06, 6.09535106832e-07, 7.97659254204e-07, 9.73261506942e-08, 2.63201428652e-07, 2.40343410951e-07, 9.93277211592e-08, 1.22171798012e-07, 2.06887605714e-07, 5.77983882977e-07, 1.1721086679e-07, 4.4792816567e-08, 1.64842255401e-08, 1.53462043073e-08, 3.79817102214e-08, 1.00370627365e-08, 6.94617863228e-10, 8.30925692835e-12, 9.39079161655e-11, 9.82371475833e-12],
        "var": [6.46891862743e-07, 0.000903000764083, 5.60993685212e-05, 3.02417447529e-05, 3.46684610122e-05, 5.55548103875e-06, 1.75513844169e-06, 4.99210636917e-06, 1.27853343201e-06, 7.17588000043e-06, 4.05983257679e-07, 1.49198876898e-06, 2.56245789387e-06, 4.67037489216e-06, 1.10050336843e-06, 3.30997113451e-06, 7.23140942682e-07, 3.14830629122e-07, 2.52799821965e-07, 1.61775787433e-07, 4.94848784172e-08, 1.37222944119e-08, 1.04752642116e-08, 9.53704937245e-09, 5.14499234328e-08, 5.61908874985e-09, 6.49048922001e-17]
    },
    "erbbands": {
        "dmean": [0.180599018931, 1.29344761372, 2.39502620697, 4.07317590714, 7.16413211823, 9.43503952026, 8.85923957825, 8.33559322357, 7.26024580002, 15.2223882675, 11.0594778061, 9.15337181091, 9.48318481445, 14.1552963257, 9.0909204483, 15.8483181, 19.5643043518, 25.3394908905, 13.4747228622, 19.5748291016, 37.7234077454, 15.7604007721, 10.2571573257, 10.734041214, 6.33077716827, 6.37450122833, 3.67758274078, 1.56356489658, 1.11726522446, 0.806624650955, 0.658390700817, 0.368474274874, 0.226363822818, 0.342065393925, 0.477629750967, 0.211804494262, 0.0602302365005, 0.00516905076802, 9.84449143289e-05, 1.3169003978e-05],
        "dmean2": [0.207398548722, 1.76262927055, 4.15881204605, 7.45935440063, 11.9035539627, 13.9800195694, 13.4339427948, 12.106716156, 10.5093793869, 24.5002880096, 16.3158035278, 12.4857349396, 14.660282135, 20.6962337494, 12.9417543411, 24.1690425873, 30.8088874817, 38.9364776611, 20.6805896759, 30.3964366913, 68.4334716797, 25.9606189728, 16.6319503784, 16.9972305298, 10.2001514435, 10.3094797134, 5.91298055649, 2.47667193413, 1.80532157421, 1.26326739788, 1.08300244808, 0.598222911358, 0.378200918436, 0.596488833427, 0.83189034462, 0.362997770309, 0.10473908484, 0.00926775857806, 0.000172629050212, 1.9550545403e-05],
        "dvar": [0.276097625494, 16.1313514709, 71.4048690796, 350.919494629, 442.247131348, 237.056060791, 185.858779907, 118.037597656, 92.5275421143, 720.229553223, 524.031311035, 244.728210449, 387.444549561, 1206.02392578, 246.291183472, 1100.89550781, 1838.60083008, 4450.08496094, 1139.93310547, 1789.96154785, 7540.33837891, 651.641967773, 262.265563965, 285.123535156, 106.45967865, 178.98588562, 56.5497093201, 8.92414283752, 3.9119477272, 1.95730638504, 1.64623701572, 1.03646278381, 0.832921922207, 0.927823662758, 6.4320640564, 0.278303921223, 0.0157322920859, 0.000136908900458, 4.324320102e-08, 4.18945073077e-10],
        "dvar2": [0.285694211721, 28.1333122253, 195.677047729, 1026.52368164, 1274.66662598, 631.900512695, 440.3230896, 250.371490479, 188.603607178, 1940.5526123, 1078.15930176, 466.243225098, 873.50012207, 2032.17407227, 561.975524902, 2352.28808594, 4531.22021484, 10381.5966797, 2320.9519043, 3871.6328125, 21740.4609375, 1617.57507324, 613.215454102, 658.207824707, 264.774505615, 436.18939209, 124.111877441, 22.2905216217, 9.30748081207, 3.89922308922, 3.63377428055, 2.21465396881, 2.08467936516, 2.05158376694, 17.5991764069, 0.663748860359, 0.0415225028992, 0.000372545036953, 1.15675014456e-07, 7.46690764775e-10],
        "max": [6.83838748932, 45.0038452148, 93.7782821655, 185.479370117, 229.860656738, 135.351654053, 218.959960938, 142.816970825, 146.213287354, 397.405883789, 496.782501221, 322.439239502, 408.373046875, 814.751281738, 235.025222778, 878.93371582, 800.921264648, 1190.77575684, 1050.98937988, 747.57800293, 579.021057129, 322.557128906, 239.218582153, 284.035003662, 131.5105896, 240.196502686, 107.532943726, 63.5775413513, 43.2462005615, 38.0912704468, 37.3135910034, 29.2536010742, 25.1168308258, 22.2679252625, 75.80027771, 12.9293861389, 0.779603838921, 0.0788447186351, 0.00152388436254, 0.000230693476624],
        "mean": [0.372213602066, 2.1988222599, 3.84042954445, 5.4916973114, 11.5424404144, 22.8165149689, 22.310628891, 22.2365570068, 18.9305438995, 29.2587680817, 25.6447162628, 22.2888622284, 22.5835876465, 36.4402999878, 19.78657341, 31.2486095428, 38.9870681763, 55.8931427002, 30.1052875519, 38.9480285645, 49.3423042297, 33.5392990112, 26.540851593, 27.5076828003, 15.7511405945, 15.6704702377, 9.58051395416, 3.89085316658, 2.64744663239, 1.74996566772, 1.10353386402, 0.552610397339, 0.317416489124, 0.362416267395, 0.386481106281, 0.162749752402, 0.0432108417153, 0.00344695616513, 8.58200801304e-05, 4.6080283937e-05],
        "median": [0.0382427275181, 0.421845674515, 1.58182895184, 2.88830900192, 6.36233663559, 17.330247879, 18.4663639069, 17.4533729553, 12.6170330048, 16.7536849976, 10.6240844727, 15.2794828415, 9.8354845047, 10.0015525818, 11.8542919159, 13.290184021, 15.3492231369, 14.986823082, 13.9095554352, 14.5131893158, 27.4302806854, 20.9389266968, 17.8784866333, 15.6982297897, 8.37752723694, 6.03926610947, 2.84320259094, 1.49905228615, 1.02628302574, 0.703288912773, 0.317126661539, 0.108533121645, 0.0413271933794, 0.0255370493978, 0.0118631208315, 0.00465901242569, 0.00113755406346, 6.59947181703e-05, 2.2947539037e-05, 3.49097463186e-05],
        "min": [0.000145977974171, 0.00587562657893, 0.0187021270394, 0.0240706447512, 0.0931720286608, 0.183492764831, 0.107060842216, 0.0553961135447, 0.0317462719977, 0.0778914913535, 0.0524255037308, 0.0294321887195, 0.0520987324417, 0.0242382045835, 0.015257791616, 0.0150247244164, 0.0125876367092, 0.014402824454, 0.00908736698329, 0.00817882455885, 0.0225201714784, 0.0258942712098, 0.0119789447635, 0.00710637308657, 0.00235816393979, 0.00121582148131, 0.000554122845642, 0.00130857154727, 0.00177487218753, 0.000433785782661, 0.000173696738784, 6.5974498284e-05, 4.94555752084e-05, 3.16027508234e-05, 1.51551530507e-05, 8.23077061796e-06, 2.89481363325e-06, 4.64598826966e-07, 2.85723558591e-07, 3.82476400773e-07],
        "var": [1.17060780525, 38.2686805725, 69.0378036499, 205.005462646, 337.473388672, 480.633087158, 519.91784668, 367.735198975, 373.722808838, 1393.90124512, 2085.62573242, 769.883117676, 1686.30200195, 7597.45996094, 658.632995605, 3000.78710938, 4836.38378906, 13133.5996094, 5370.17773438, 4929.38085938, 5985.94628906, 1826.99462891, 850.216369629, 1027.74584961, 399.40447998, 528.893127441, 183.397323608, 34.1249160767, 18.9823608398, 12.7088193893, 8.49957180023, 4.67627477646, 2.68250322342, 2.4005625248, 5.67359828949, 0.328073084354, 0.0124093256891, 9.27150831558e-05, 3.22882733883e-08, 1.53347257115e-09]
    },
    "gfcc": {
        "mean": [-15.3669719696, 139.377822876, -131.088470459, 34.7379837036, -43.1641578674, -3.62305545807, -33.3139038086, 0.576323151588, -18.9490280151, -1.22778487206, -12.8604431152, 1.11415112019, -8.21143722534],
        "cov": [[3886.97705078, -2076.48730469, -1057.34533691, 541.249206543, -198.440170288, 392.339019775, -280.86907959, 271.909698486, -184.962768555, 368.49230957, -140.484893799, 3.02233028412, -229.029647827], [-2076.48730469, 2689.38793945, 64.1209106445, -274.042785645, 307.85848999, -372.300018311, 668.773681641, -490.837310791, 387.706237793, -439.816558838, 385.694152832, -88.0431594849, 271.330291748], [-1057.34533691, 64.1209106445, 1765.63220215, -622.039550781, 22.0208110809, 127.46686554, -443.810760498, 234.951263428, -79.6544876099, -40.6678085327, -208.768936157, 186.491500854, -27.2254314423], [541.249206543, -274.042785645, -622.039550781, 606.382995605, 40.8164978027, -23.9440040588, 132.422897339, -71.6917572021, 80.2283172607, 23.1208953857, 79.6731033325, -107.153541565, 1.95368111134], [-198.440170288, 307.85848999, 22.0208110809, 40.8164978027, 236.564483643, -13.5127258301, 94.3781356812, -41.5038566589, 70.9983291626, -24.6126804352, 44.8081588745, 4.02626514435, 17.7678031921], [392.339019775, -372.300018311, 127.46686554, -23.9440040588, -13.5127258301, 274.273834229, -68.1546936035, 89.1044845581, -30.3299808502, 26.8593959808, -34.9543495178, 34.2829475403, -41.7699356079], [-280.86907959, 668.773681641, -443.810760498, 132.422897339, 94.3781356812, -68.1546936035, 436.73248291, -166.1822052, 136.161010742, -98.2294692993, 185.655960083, -74.0720901489, 87.3705825806], [271.909698486, -490.837310791, 234.951263428, -71.6917572021, -41.5038566589, 89.1044845581, -166.1822052, 238.888839722, -84.4097595215, 80.5847091675, -96.9911956787, 36.2546310425, -34.854763031], [-184.962768555, 387.706237793, -79.6544876099, 80.2283172607, 70.9983291626, -30.3299808502, 136.161010742, -84.4097595215, 167.123840332, -66.1084594727, 65.2257614136, -19.7472057343, 34.002658844], [368.49230957, -439.816558838, -40.6678085327, 23.1208953857, -24.6126804352, 26.8593959808, -98.2294692993, 80.5847091675, -66.1084594727, 161.433044434, -51.2441482544, 21.2993469238, -56.7750396729], [-140.484893799, 385.694152832, -208.768936157, 79.6731033325, 44.8081588745, -34.9543495178, 185.655960083, -96.9911956787, 65.2257614136, -51.2441482544, 170.608291626, -52.6772155762, 48.7440261841], [3.02233028412, -88.0431594849, 186.491500854, -107.153541565, 4.02626514435, 34.2829475403, -74.0720901489, 36.2546310425, -19.7472057343, 21.2993469238, -52.6772155762, 112.018249512, -3.32356977463], [-229.029647827, 271.330291748, -27.2254314423, 1.95368111134, 17.7678031921, -41.7699356079, 87.3705825806, -34.854763031, 34.002658844, -56.7750396729, 48.7440261841, -3.32356977463, 105.086723328]],
        "icov": [[0.000711029744707, 0.000125841601402, 0.00063001178205, -0.000156247915584, 8.70124713401e-05, -0.000766755838413, 0.000537583138794, -0.000423469347879, -0.000166719357367, -0.000334214535542, -0.000143005512655, -0.000415443704696, 0.000410531298257], [0.000125841601402, 0.00608382606879, -0.00105663726572, 0.00458087213337, -0.00314226746559, 0.00428095459938, -0.00299841770902, 0.00429210579023, -0.00521770771593, 0.00531053962186, -0.00458985473961, 0.00217663892545, -0.00288825575262], [0.00063001178205, -0.00105663726572, 0.00226925639436, 0.000109380627691, -1.297279141e-05, -0.0017157739494, 0.00252677919343, -0.00197872566059, 0.000152134962264, -0.000258162239334, 0.000682541402057, -0.00126617180649, 0.000704915146343], [-0.000156247915584, 0.00458087213337, 0.000109380627691, 0.00669522024691, -0.0030948985368, 0.00313560781069, -0.00148737127893, 0.00323894713074, -0.00545476889238, 0.00361270457506, -0.00351213430986, 0.00356581970118, -0.00272511388175], [8.70124713401e-05, -0.00314226746559, -1.297279141e-05, -0.0030948985368, 0.00706011615694, -0.00220517837442, 0.000304501445498, -0.00216128840111, 0.00133502623066, -0.0034341160208, 0.00191370863467, -0.00223930366337, 0.00207100016996], [-0.000766755838413, 0.00428095459938, -0.0017157739494, 0.00313560781069, -0.00220517837442, 0.00860263127834, -0.00316434586421, 0.00186488125473, -0.00340668810531, 0.00500606745481, -0.00387610634789, 0.000599917082582, -0.000561734254006], [0.000537583138794, -0.00299841770902, 0.00252677919343, -0.00148737127893, 0.000304501445498, -0.00316434586421, 0.00895357504487, -0.00203656079248, 0.000226546238991, -0.00186702236533, -0.00141849950887, -0.000743883429095, -0.000280697713606], [-0.000423469347879, 0.00429210579023, -0.00197872566059, 0.00323894713074, -0.00216128840111, 0.00186488125473, -0.00203656079248, 0.0112314941362, -0.0022731856443, 0.00107363250572, -0.00112597225234, 0.00304606487043, -0.00411853101104], [-0.000166719357367, -0.00521770771593, 0.000152134962264, -0.00545476889238, 0.00133502623066, -0.00340668810531, 0.000226546238991, -0.0022731856443, 0.0147596979514, -0.00236522126943, 0.00378733174875, -0.00277087814175, 0.00282929441892], [-0.000334214535542, 0.00531053962186, -0.000258162239334, 0.00361270457506, -0.0034341160208, 0.00500606745481, -0.00186702236533, 0.00107363250572, -0.00236522126943, 0.0159487575293, -0.0045631621033, -0.000476297893329, 0.00138819532003], [-0.000143005512655, -0.00458985473961, 0.000682541402057, -0.00351213430986, 0.00191370863467, -0.00387610634789, -0.00141849950887, -0.00112597225234, 0.00378733174875, -0.0045631621033, 0.0159211196005, 0.00145756045822, -0.000306675239699], [-0.000415443704696, 0.00217663892545, -0.00126617180649, 0.00356581970118, -0.00223930366337, 0.000599917082582, -0.000743883429095, 0.00304606487043, -0.00277087814175, -0.000476297893329, 0.00145756045822, 0.0147487586364, -0.00424430007115], [0.000410531298257, -0.00288825575262, 0.000704915146343, -0.00272511388175, 0.00207100016996, -0.000561734254006, -0.000280697713606, -0.00411853101104, 0.00282929441892, 0.00138819532003, -0.000306675239699, -0.00424430007115, 0.0162378083915]]
    },
    "melbands": {
        "dmean": [0.00156784406863, 0.00125340197701, 0.000794891326223, 0.000549268035684, 0.000357878365321, 0.000185328433872, 0.000110358821985, 0.00017233590188, 8.29839846119e-05, 5.34792816325e-05, 4.95515669172e-05, 6.04442066106e-05, 3.12828233291e-05, 3.67748907593e-05, 4.74655280414e-05, 4.01650395361e-05, 5.38327440154e-05, 2.45786832238e-05, 1.50280620801e-05, 4.29857100244e-05, 4.60051924165e-05, 1.72321942955e-05, 1.37768674904e-05, 1.07963669507e-05, 9.81109224085e-06, 6.16651595919e-06, 3.78582990379e-06, 4.72185138278e-06, 2.67913810603e-06, 1.86431839211e-06, 8.03843136055e-07, 7.06551304575e-07, 5.31597606823e-07, 4.86659473609e-07, 4.0573937099e-07, 3.35978910471e-07, 1.91814834238e-07, 1.48552771861e-07, 1.73909711521e-07, 3.31972188405e-07],
        "dmean2": [0.00196381774731, 0.00195373524912, 0.00141154578887, 0.000860948523041, 0.000528249074705, 0.000270048709353, 0.000161816584296, 0.000274318968877, 0.000122211364214, 7.31357431505e-05, 7.73190986365e-05, 8.88071808731e-05, 4.51410596725e-05, 5.57718012715e-05, 7.72907151259e-05, 6.13131924183e-05, 8.28314950923e-05, 3.6692359572e-05, 2.31944832194e-05, 7.09422092768e-05, 8.28436241136e-05, 2.80000404018e-05, 2.20356305363e-05, 1.69970462593e-05, 1.53229811986e-05, 1.00370543805e-05, 6.06181356488e-06, 7.79075799073e-06, 4.30409136243e-06, 2.90918819701e-06, 1.30354158046e-06, 1.15607497264e-06, 8.28518636808e-07, 7.89947762314e-07, 6.62430295506e-07, 5.81810979838e-07, 3.04767638681e-07, 2.42970969566e-07, 3.03437133198e-07, 5.87612419167e-07],
        "dvar": [2.14405026782e-05, 1.46809716171e-05, 1.11732670121e-05, 1.41846874158e-06, 2.8827719234e-07, 5.86495616517e-08, 2.12329887006e-08, 9.15246829436e-08, 2.78098735151e-08, 7.8115771629e-09, 1.0198517586e-08, 2.42137812023e-08, 3.2275742079e-09, 8.03871902377e-09, 1.03640891425e-08, 8.96237306591e-09, 2.1314003007e-08, 3.92920762593e-09, 8.30527202567e-10, 9.5365537689e-09, 1.16954721463e-08, 8.36562208395e-10, 4.92562546306e-10, 3.58284651947e-10, 2.53106202663e-10, 1.04125201517e-10, 5.50885830009e-11, 9.58718174293e-11, 2.46109816554e-11, 2.19414937608e-11, 2.70070576146e-12, 1.66884442463e-12, 1.09864884117e-12, 8.23887832957e-13, 6.46536806297e-13, 5.59059092423e-13, 4.21496632085e-13, 4.41038942563e-13, 4.92756118027e-13, 8.49370378718e-13],
        "dvar2": [2.49311287916e-05, 3.35721815645e-05, 3.25654218614e-05, 4.10785560234e-06, 6.66424625706e-07, 1.23051734136e-07, 4.43280967488e-08, 2.39865613594e-07, 5.66956153136e-08, 1.47441392429e-08, 2.3532113147e-08, 4.07920488499e-08, 7.24488824488e-09, 1.70950613665e-08, 2.93745792135e-08, 2.05595434011e-08, 5.05344779356e-08, 7.63481455834e-09, 1.58553181695e-09, 2.35377566327e-08, 3.36765175746e-08, 1.92647808817e-09, 1.1735767913e-09, 8.96846652498e-10, 5.49999157329e-10, 2.61789506739e-10, 1.23283938613e-10, 2.38539688002e-10, 5.67237368188e-11, 4.75580234915e-11, 7.12198269109e-12, 4.21016390154e-12, 2.19977313275e-12, 1.82408060011e-12, 1.43305430456e-12, 1.37424663663e-12, 8.47478445927e-13, 1.16243722547e-12, 1.23495267831e-12, 1.87785073949e-12],
        "max": [0.0565936379135, 0.0445111431181, 0.032078281045, 0.0133448764682, 0.00774201145396, 0.00329485279508, 0.00217771250755, 0.00403738487512, 0.00363847520202, 0.00173859437928, 0.00208016042598, 0.00363969616592, 0.000982117722742, 0.0019878752064, 0.00151440547779, 0.00210844399408, 0.00264780363068, 0.00180954660755, 0.000443865312263, 0.00211797375232, 0.000720888259821, 0.000507986464072, 0.000281896151137, 0.000283502304228, 0.000278415420325, 0.000123618956422, 0.000100329067209, 0.000164286713698, 6.34744574199e-05, 0.000114913287689, 3.46786764567e-05, 2.51729179581e-05, 2.9519380405e-05, 2.10460857488e-05, 2.17860924749e-05, 1.79895760084e-05, 2.04201205634e-05, 1.88947688002e-05, 1.59967858053e-05, 1.8433564037e-05],
        "mean": [0.00316165341064, 0.00233472045511, 0.00114895799197, 0.00121537013911, 0.000931194168516, 0.000498191686347, 0.00027705274988, 0.000331972143613, 0.000202100549359, 0.00012446634355, 0.000114048707474, 0.000155483183335, 5.95385463384e-05, 7.35105131753e-05, 9.21287428355e-05, 6.74971088301e-05, 0.000112287489173, 4.82368886878e-05, 2.92018758046e-05, 7.61053161114e-05, 5.25382893102e-05, 3.24344546243e-05, 3.13374039251e-05, 2.29363395192e-05, 2.25014791795e-05, 1.2888252968e-05, 8.48088347993e-06, 1.10342662083e-05, 6.42335407974e-06, 3.90379545934e-06, 1.76637320237e-06, 1.50665118781e-06, 1.15140699108e-06, 9.38207108447e-07, 6.7035301754e-07, 4.48497104344e-07, 2.93610725066e-07, 2.03601189241e-07, 2.2683192924e-07, 3.32011239834e-07],
        "median": [0.000413016183302, 0.00076598621672, 0.000655445561279, 0.000874624820426, 0.000738856266253, 0.000390915258322, 0.000181393377716, 0.000180087808985, 8.71144366101e-05, 8.45635804581e-05, 4.38598581241e-05, 3.42059574905e-05, 2.83280915028e-05, 2.71109420282e-05, 3.58182987839e-05, 2.36216583289e-05, 2.23301831284e-05, 1.71292012965e-05, 1.15852908493e-05, 2.49696022365e-05, 2.6902072932e-05, 1.77758483915e-05, 1.78416321432e-05, 1.34900865305e-05, 1.17714971566e-05, 6.51530535833e-06, 3.84243503504e-06, 3.67038978766e-06, 1.8024389874e-06, 1.13231772048e-06, 6.37449375063e-07, 5.33695924787e-07, 4.47899680012e-07, 3.36143926916e-07, 1.83007074384e-07, 8.31264941326e-08, 4.87607145772e-08, 2.58192720537e-08, 1.52076697901e-08, 1.98959035913e-08],
