{
"highlevel": {
    "danceability": {
        "all": {
            "danceable": 0.999849557877,
            "not_danceable": 0.000150455642142
        },
        "probability": 0.999849557877,
        "value": "danceable"
    },
    "gender": {
        "all": {
            "female": 0.907893061638,
            "male": 0.092106923461
        },
        "probability": 0.907893061638,
        "value": "female"
    },
    "genre_dortmund": {
        "all": {
            "alternative": 0.0395968556404,
            "blues": 0.0379314534366,
            "electronic": 0.210026159883,
            "folkcountry": 0.0166265349835,
            "funksoulrnb": 0.0326675511897,
            "jazz": 0.0995839685202,
            "pop": 0.0378258191049,
            "raphiphop": 0.48453143239,
            "rock": 0.0412102118134
        },
        "probability": 0.48453143239,
        "value": "raphiphop"
    },
    "genre_electronic": {
        "all": {
            "ambient": 0.122939959168,
            "dnb": 0.644184887409,
            "house": 0.169640898705,
            "techno": 0.0230932254344,
            "trance": 0.0401410199702
        },
        "probability": 0.644184887409,
        "value": "dnb"
    },
    "genre_rosamerica": {
        "all": {
            "cla": 0.00277329259552,
            "dan": 0.131176128983,
            "hip": 0.580918550491,
            "jaz": 0.00626863259822,
            "pop": 0.0900099501014,
            "rhy": 0.162961438298,
            "roc": 0.0211464818567,
            "spe": 0.00474553508684
        },
        "probability": 0.580918550491,
        "value": "hip"
    },
    "genre_tzanetakis": {
        "all": {
            "blu": 0.0626613423228,
            "cla": 0.0348169617355,
            "cou": 0.104475811124,
            "dis": 0.0784321576357,
            "hip": 0.15692435205,
            "jaz": 0.313974827528,
            "met": 0.0448166541755,
            "pop": 0.0627359300852,
            "reg": 0.0627360641956,
            "roc": 0.0784258767962
        },
        "probability": 0.313974827528,
        "value": "jaz"
    },
    "ismir04_rhythm": {
        "all": {
            "ChaChaCha": 0.149710461497,
            "Jive": 0.0233980081975,
            "Quickstep": 0.0275925286114,
            "Rumba-American": 0.0177292320877,
            "Rumba-International": 0.13577029109,
            "Rumba-Misc": 0.011413699016,
            "Samba": 0.615429222584,
            "Tango": 0.00638262368739,
            "VienneseWaltz": 0.00550615834072,
            "Waltz": 0.00706777581945
        },
        "probability": 0.615429222584,
        "value": "Samba"
    },
    "mood_acoustic": {
        "all": {
            "acoustic": 0.00374828116037,
            "not_acoustic": 0.996251702309
        },
        "probability": 0.996251702309,
        "value": "not_acoustic"
    },
    "mood_aggressive": {
        "all": {
            "aggressive": 0.171586513519,
            "not_aggressive": 0.828413486481
        },
        "probability": 0.828413486481,
        "value": "not_aggressive"
    },
    "mood_electronic": {
        "all": {
            "electronic": 0.967074215412,
            "not_electronic": 0.0329257659614
        },
        "probability": 0.967074215412,
        "value": "electronic"
    },
    "mood_happy": {
        "all": {
            "happy": 0.270699828863,
            "not_happy": 0.729300141335
        },
        "probability": 0.729300141335,
        "value": "not_happy"
    },
    "mood_party": {
        "all": {
            "not_party": 0.354135781527,
            "party": 0.645864188671
        },
        "probability": 0.645864188671,
        "value": "party"
    },
    "mood_relaxed": {
        "all": {
            "not_relaxed": 0.835903465748,
            "relaxed": 0.164096534252
        },
        "probability": 0.835903465748,
        "value": "not_relaxed"
    },
    "mood_sad": {
        "all": {
            "not_sad": 0.5,
            "sad": 0.5
        },
        "probability": 0.5,
        "value": "not_sad"
    },
    "moods_mirex": {
        "all": {
            "Cluster1": 0.210985198617,
            "Cluster2": 0.125943005085,
            "Cluster3": 0.0950800999999,
            "Cluster4": 0.0382453463972,
            "Cluster5": 0.529746353626
        },
        "probability": 0.529746353626,
        "value": "Cluster5"
    },
    "timbre": {
        "all": {
            "bright": 0.617045640945,
            "dark": 0.382954329252
        },
        "probability": 0.617045640945,
        "value": "bright"
    },
    "tonal_atonal": {
        "all": {
            "atonal": 0.873162865639,
            "tonal": 0.12683711946
        },
        "probability": 0.873162865639,
        "value": "atonal"
    },
    "voice_instrumental": {
        "all": {
            "instrumental": 0.00691040093079,
            "voice": 0.993089616299
        },
        "probability": 0.993089616299,
        "value": "voice"
    }
},
"lowlevel": {
    "average_loudness": 0.976942181587,
    "barkbands_crest": {
        "dmean": 2.51249575615,
        "dmean2": 4.11350536346,
        "dvar": 5.9542093277,
        "dvar2": 15.165646553,
        "max": 25.6953735352,
        "mean": 12.4848270416,
        "median": 12.20885849,
        "min": 3.29652833939,
        "var": 13.8598527908
    },
    "barkbands_flatness_db": {
        "dmean": 0.0341864936054,
        "dmean2": 0.0508211031556,
        "dvar": 0.00106737483293,
        "dvar2": 0.00231262575835,
        "max": 0.454124957323,
        "mean": 0.205703929067,
        "median": 0.201569184661,
        "min": 0.0507269948721,
        "var": 0.00505351554602
    },
    "barkbands_kurtosis": {
        "dmean": 11.0101623535,
        "dmean2": 17.2950210571,
        "dvar": 345.752624512,
        "dvar2": 817.712890625,
        "max": 203.689575195,
        "mean": 18.150800705,
        "median": 6.68486213684,
        "min": -1.84634375572,
        "var": 817.630310059
    },
    "barkbands_skewness": {
        "dmean": 0.991134762764,
        "dmean2": 1.57595908642,
        "dvar": 1.23376166821,
        "dvar2": 2.853972435,
        "max": 12.0845804214,
        "mean": 3.17460536957,
        "median": 2.56893587112,
        "min": -0.649103462696,
        "var": 4.5325961113
    },
    "barkbands_spread": {
        "dmean": 7.36080360413,
        "dmean2": 11.6087179184,
        "dvar": 93.7384719849,
        "dvar2": 223.228866577,
        "max": 93.3547058105,
        "mean": 18.6581630707,
        "median": 15.4034347534,
        "min": 0.649203121662,
        "var": 229.071655273
    },
    "dissonance": {
        "dmean": 0.0251345764846,
        "dmean2": 0.0422235913575,
        "dvar": 0.000732421409339,
        "dvar2": 0.00196090294048,
        "max": 0.499999910593,
        "mean": 0.452349156141,
        "median": 0.465048313141,
        "min": 0.202058896422,
        "var": 0.00171138904989
    },
    "dynamic_complexity": 2.39783096313,
    "erbbands_crest": {
        "dmean": 2.60435366631,
        "dmean2": 4.24004745483,
        "dvar": 5.80809020996,
        "dvar2": 14.1258020401,
        "max": 24.0757198334,
        "mean": 9.10793972015,
        "median": 8.35892677307,
        "min": 2.86577796936,
        "var": 16.7089862823
    },
    "erbbands_flatness_db": {
        "dmean": 0.0204909350723,
        "dmean2": 0.0297328643501,
        "dvar": 0.000405941682402,
        "dvar2": 0.000810823927168,
        "max": 0.315653860569,
        "mean": 0.143356904387,
        "median": 0.137783259153,
        "min": 0.0541598275304,
        "var": 0.00171498721465
    },
    "erbbands_kurtosis": {
        "dmean": 1.22051656246,
        "dmean2": 1.86690378189,
        "dvar": 3.85856556892,
        "dvar2": 6.939265728,
        "max": 46.3309173584,
        "mean": 1.27023267746,
        "median": 0.058286190033,
        "min": -1.73794496059,
        "var": 14.2787437439
    },
    "erbbands_skewness": {
        "dmean": 0.477610170841,
        "dmean2": 0.731144726276,
        "dvar": 0.227850943804,
        "dvar2": 0.503482758999,
        "max": 3.11493635178,
        "mean": 0.147506311536,
        "median": 0.202815175056,
        "min": -6.57064056396,
        "var": 0.910944402218
    },
    "erbbands_spread": {
        "dmean": 12.4195508957,
        "dmean2": 18.2459468842,
        "dvar": 202.972396851,
        "dvar2": 423.934265137,
        "max": 157.745895386,
        "mean": 48.1298408508,
        "median": 44.0805969238,
        "min": 4.88220596313,
        "var": 753.983154297
    },
    "hfc": {
        "dmean": 9.16813373566,
        "dmean2": 13.1385679245,
        "dvar": 247.493469238,
        "dvar2": 538.826416016,
        "max": 128.678482056,
        "mean": 23.1522121429,
        "median": 16.8933868408,
        "min": 0.338495433331,
        "var": 468.483703613
    },
    "melbands_crest": {
        "dmean": 3.87007570267,
        "dmean2": 6.30861139297,
        "dvar": 14.5375747681,
        "dvar2": 38.4856987,
        "max": 39.3547019958,
        "mean": 23.2752323151,
        "median": 21.7225627899,
        "min": 5.81104469299,
        "var": 56.4326972961
    },
    "melbands_flatness_db": {
        "dmean": 0.0401450507343,
        "dmean2": 0.0593840405345,
        "dvar": 0.00159945373889,
        "dvar2": 0.00359810423106,
        "max": 0.567093789577,
        "mean": 0.283006340265,
        "median": 0.281400352716,
        "min": 0.0812194496393,
        "var": 0.00715896021575
    },
    "melbands_kurtosis": {
        "dmean": 27.3738212585,
        "dmean2": 43.972820282,
        "dvar": 2438.75927734,
        "dvar2": 5838.86035156,
        "max": 797.998718262,
        "mean": 49.4715194702,
        "median": 22.3175487518,
        "min": -1.46789681911,
        "var": 5530.31689453
    },
    "melbands_skewness": {
        "dmean": 1.42138826847,
        "dmean2": 2.26391530037,
        "dvar": 2.57896351814,
        "dvar2": 5.58716249466,
        "max": 25.1865711212,
        "mean": 5.05151939392,
        "median": 4.29458522797,
        "min": -0.294562637806,
        "var": 10.1347770691
    },
    "melbands_spread": {
        "dmean": 6.15162658691,
        "dmean2": 9.81194400787,
        "dvar": 72.047416687,
        "dvar2": 173.783691406,
        "max": 101.704559326,
        "mean": 14.2979297638,
        "median": 11.195561409,
        "min": 0.394692838192,
        "var": 178.530990601
    },
    "pitch_salience": {
        "dmean": 0.0800347700715,
        "dmean2": 0.127041608095,
        "dvar": 0.00582165969536,
        "dvar2": 0.0137361455709,
        "max": 0.815547704697,
        "mean": 0.391641974449,
        "median": 0.382275998592,
        "min": 0.0387166067958,
        "var": 0.0203209556639
    },
    "silence_rate_20dB": {
        "dmean": 0,
        "dmean2": 0,
        "dvar": 0,
        "dvar2": 0,
        "max": 1,
        "mean": 1,
        "median": 1,
        "min": 1,
        "var": 0
    },
    "silence_rate_30dB": {
        "dmean": 0.0696594417095,
        "dmean2": 0.139426797628,
        "dvar": 0.0648068115115,
        "dvar2": 0.144773736596,
        "max": 1,
        "mean": 0.870842993259,
        "median": 1,
        "min": 0,
        "var": 0.112473398447
    },
    "silence_rate_60dB": {
        "dmean": 0.00773993786424,
        "dmean2": 0.0154918665066,
        "dvar": 0.00768010597676,
        "dvar2": 0.0168011840433,
        "max": 1,
        "mean": 0.0139211136848,
        "median": 0,
        "min": 0,
        "var": 0.0137273976579
    },
    "spectral_centroid": {
        "dmean": 344.07333374,
        "dmean2": 527.078063965,
        "dvar": 171424.4375,
        "dvar2": 417110.90625,
        "max": 4065.05834961,
        "mean": 1303.26318359,
        "median": 1164.61291504,
        "min": 156.296646118,
        "var": 502217.0625
    },
    "spectral_complexity": {
        "dmean": 4.61919498444,
        "dmean2": 6.75058078766,
        "dvar": 37.8794403076,
        "dvar2": 68.0773468018,
        "max": 56,
        "mean": 15.1229696274,
        "median": 12,
        "min": 0,
        "var": 105.349861145
    },
    "spectral_decrease": {
        "dmean": 4.90591389735e-09,
        "dmean2": 8.17761236505e-09,
        "dvar": 3.16883727508e-17,
        "dvar2": 8.04053899941e-17,
        "max": -3.96491200982e-10,
        "mean": -1.67071316781e-08,
        "median": -1.51473624754e-08,
        "min": -5.21607397275e-08,
        "var": 9.24169987829e-17
    },
    "spectral_energy": {
        "dmean": 0.0188620761037,
        "dmean2": 0.0312483664602,
        "dvar": 0.000463005708298,
        "dvar2": 0.00116624392103,
        "max": 0.200076282024,
        "mean": 0.0651564598083,
        "median": 0.0592032112181,
        "min": 0.00152715062723,
        "var": 0.00135653431062
    },
    "spectral_energyband_high": {
        "dmean": 0.000936498283409,
        "dmean2": 0.00133904069662,
        "dvar": 3.56927353096e-06,
        "dvar2": 7.82102870289e-06,
        "max": 0.0136285396293,
        "mean": 0.00138558878098,
        "median": 0.000441028911155,
        "min": 8.89043917596e-07,
        "var": 6.16583884039e-06
    },
    "spectral_energyband_low": {
        "dmean": 0.0155944442376,
        "dmean2": 0.0265316087753,
        "dvar": 0.000402546836995,
        "dvar2": 0.00104819005355,
        "max": 0.182190060616,
        "mean": 0.0485204420984,
        "median": 0.0425883457065,
        "min": 5.17335101904e-05,
        "var": 0.00111013709102
    },
    "spectral_energyband_middle_high": {
        "dmean": 0.00155498972163,
        "dmean2": 0.00230157584883,
        "dvar": 3.69467989003e-06,
        "dvar2": 7.8387765825e-06,
        "max": 0.0214076992124,
        "mean": 0.00486848503351,
        "median": 0.00340418796986,
        "min": 5.3445037338e-06,
        "var": 2.22633952944e-05
    },
    "spectral_energyband_middle_low": {
        "dmean": 0.006287436001,
        "dmean2": 0.00962605886161,
        "dvar": 0.000178121568752,
        "dvar2": 0.000429108389653,
        "max": 0.117670938373,
        "mean": 0.0104169519618,
        "median": 0.00629198597744,
        "min": 7.72298080847e-05,
        "var": 0.000205104472116
    },
    "spectral_entropy": {
        "dmean": 0.245974779129,
        "dmean2": 0.3620634377,
        "dvar": 0.0690114498138,
        "dvar2": 0.151838958263,
        "max": 8.59293746948,
        "mean": 7.43907546997,
        "median": 7.48983049393,
        "min": 5.66468477249,
        "var": 0.225621834397
    },
    "spectral_flux": {
        "dmean": 0.0356350652874,
        "dmean2": 0.056565631181,
        "dvar": 0.00160927756224,
        "dvar2": 0.00372752174735,
        "max": 0.354836076498,
        "mean": 0.112040579319,
        "median": 0.0984297469258,
        "min": 0.00974597968161,
        "var": 0.00374260661192
    },
    "spectral_kurtosis": {
        "dmean": 1.58899319172,
        "dmean2": 2.51187944412,
        "dvar": 4.02640342712,
        "dvar2": 9.33684825897,
        "max": 26.6694984436,
        "mean": 3.70520997047,
        "median": 3.24124860764,
        "min": -1.33624100685,
        "var": 8.14657115936
    },
    "spectral_rms": {
        "dmean": 0.00114719127305,
        "dmean2": 0.00186003686395,
        "dvar": 1.44065097629e-06,
        "dvar2": 3.53435689249e-06,
        "max": 0.013971270062,
        "mean": 0.00762167526409,
        "median": 0.00759994937107,
        "min": 0.00122061581351,
        "var": 5.47732270206e-06
    },
    "spectral_rolloff": {
        "dmean": 476.530944824,
        "dmean2": 824.067749023,
        "dvar": 912480.625,
        "dvar2": 2169899,
        "max": 9733.0078125,
        "mean": 770.731811523,
        "median": 322.998046875,
        "min": 43.06640625,
        "var": 1377622.75
    },
    "spectral_skewness": {
        "dmean": 0.296843916178,
        "dmean2": 0.442457377911,
        "dvar": 0.0929571539164,
        "dvar2": 0.213041692972,
        "max": 3.7627325058,
        "mean": 1.46438348293,
        "median": 1.44646131992,
        "min": -0.0178301334381,
        "var": 0.340024769306
    },
    "spectral_spread": {
        "dmean": 873322.6875,
        "dmean2": 1298436.875,
        "dvar": 1.09419508531e+12,
        "dvar2": 2.42271728435e+12,
        "max": 15535959,
        "mean": 5240113.5,
        "median": 4967548,
        "min": 1815517.25,
        "var": 2.94731985715e+12
    },
    "spectral_strongpeak": {
        "dmean": 0.244591251016,
        "dmean2": 0.430842399597,
        "dvar": 0.124736860394,
        "dvar2": 0.317340224981,
        "max": 5.22467470169,
        "mean": 0.390385985374,
        "median": 0.333212792873,
        "min": 0,
        "var": 0.156594276428
    },
    "zerocrossingrate": {
        "dmean": 0.0105176987126,
        "dmean2": 0.0124090006575,
        "dvar": 0.000131391279865,
        "dvar2": 0.000168009020854,
        "max": 0.22412109375,
        "mean": 0.0378215946257,
        "median": 0.03076171875,
        "min": 0.00146484375,
        "var": 0.000826691277325
    },
    "barkbands": {
        "dmean": [0.00471701752394, 0.0120106954128, 0.00488733034581, 0.00271445908584, 0.00252044689842, 0.000825282768346, 0.000256893079495, 0.000662068836391, 0.000795488595031, 0.000276921346085, 0.000511335034389, 0.000346743181581, 0.000309057271807, 0.000333716539899, 0.000203368355869, 0.000109007611172, 0.000169193532201, 0.000214433704969, 0.000155089481268, 0.000210457030335, 0.000236512249103, 0.000276154227322, 0.000159247472766, 0.000119290649309, 0.000124426587718, 6.23000451014e-05, 7.62073625538e-07],
        "dmean2": [0.00796985439956, 0.0207176543772, 0.00781765207648, 0.00422419048846, 0.00414856290445, 0.00137985148467, 0.000428837287473, 0.00105222314596, 0.00120990572032, 0.000432938162703, 0.000728186569177, 0.000499376561493, 0.000464023818495, 0.000512778642587, 0.000312632881105, 0.000171254228917, 0.000276759907138, 0.000340054451954, 0.000263008172624, 0.00031763833249, 0.000340678205248, 0.00039948860649, 0.000246141571552, 0.000190494625713, 0.000197662273422, 0.000105117098428, 1.17954175494e-06],
        "dvar": [4.14116693719e-05, 0.000203564180993, 0.000104771621409, 5.21147994732e-05, 4.07014485972e-05, 2.42895475822e-06, 1.89830473118e-07, 3.03065417029e-06, 4.3066456783e-06, 4.31528491163e-07, 8.33833951219e-07, 4.87418560624e-07, 5.53503127776e-07, 5.69641940729e-07, 2.46454987973e-07, 6.13929245219e-08, 8.92687452847e-08, 1.42310454976e-07, 9.11672941584e-08, 1.74324384261e-07, 2.5612885679e-07, 4.14055591591e-07, 9.82539702932e-08, 5.44498099941e-08, 4.94271183982e-08, 1.49940344585e-08, 8.77916923187e-12],
        "dvar2": [0.000105483937659, 0.000609092996456, 0.000295011122944, 0.000111514920718, 0.000106763203803, 6.30582508165e-06, 5.02107184275e-07, 8.25929782877e-06, 1.08616713987e-05, 9.35315767947e-07, 1.49094944391e-06, 8.55435359881e-07, 1.13287433123e-06, 1.31036085804e-06, 5.7357311789e-07, 1.25785561522e-07, 2.25569948498e-07, 3.58391275768e-07, 2.59322206375e-07, 3.90487969071e-07, 5.07218203438e-07, 9.5240096698e-07, 2.17066286723e-07, 1.38521926374e-07, 1.19919477015e-07, 3.81851492648e-08, 1.91068185579e-11],
        "max": [0.0836697369814, 0.123859860003, 0.0809383392334, 0.0765123218298, 0.0586805008352, 0.025532387197, 0.00541302049533, 0.0268953666091, 0.0383583530784, 0.0130494264886, 0.0136582413688, 0.0112947113812, 0.0131847988814, 0.0121253645048, 0.00913830380887, 0.00467008678243, 0.00265938113444, 0.00418910151348, 0.00285039399751, 0.005978371948, 0.00429636053741, 0.00526403542608, 0.00263076671399, 0.00301152607426, 0.00264394236729, 0.000870184332598, 3.60828635166e-05],
        "mean": [0.0131157226861, 0.0273096542805, 0.00815933477134, 0.00345212616958, 0.00286401319318, 0.00116068974603, 0.000376586074708, 0.000964302453212, 0.00142620154656, 0.000441847747425, 0.00130162516143, 0.000722963945009, 0.000539936998393, 0.000558972824365, 0.000311883166432, 0.000163427990628, 0.00023284064082, 0.000321992643876, 0.000198702691705, 0.000302643020405, 0.000308881717501, 0.000328463880578, 0.000241989837377, 0.000142393182614, 0.000148061284563, 6.04262422712e-05, 6.64483707169e-07],
        "median": [0.00412103300914, 0.0259481035173, 0.0039202561602, 0.000885146204382, 0.00100674154237, 0.000502621813212, 0.000160523428349, 0.000412143621361, 0.000382574100513, 0.000133805908263, 0.000187941564946, 0.000137780007208, 0.000123312172946, 0.000157527319971, 8.1165235315e-05, 6.04448468948e-05, 9.8216580227e-05, 0.000146274847793, 7.7789198258e-05, 9.60505640251e-05, 5.52647215954e-05, 6.51390801067e-05, 7.3006216553e-05, 3.24414759234e-05, 3.95786446461e-05, 9.21023183764e-06, 2.18624007786e-09],
        "min": [1.18473235489e-06, 2.36687701545e-05, 5.30555013256e-08, 3.94732708742e-08, 4.84746306029e-06, 9.72257021203e-06, 5.7476904658e-07, 1.75963052129e-07, 7.2177670063e-07, 3.12475691544e-07, 4.06857708413e-07, 5.02561476878e-07, 4.48794565955e-07, 3.85248284829e-07, 1.4785443625e-07, 1.8834326454e-07, 8.19202696789e-08, 4.84281656554e-07, 2.09344023006e-07, 2.1461067945e-07, 4.95977303672e-09, 5.09708719676e-08, 2.73232036996e-09, 4.25879664867e-10, 2.69460065372e-10, 1.16488919205e-11, 8.02831759406e-12],
        "var": [0.000274055055343, 0.000362489226973, 0.000134384186822, 6.56340416754e-05, 3.50543195964e-05, 3.26798362948e-06, 3.1248993082e-07, 3.06603715217e-06, 6.46490070721e-06, 1.08992583137e-06, 5.77931996304e-06, 2.07934567698e-06, 1.99526402866e-06, 1.20462652831e-06, 6.06298954153e-07, 1.23183184542e-07, 1.16082127022e-07, 2.2117362164e-07, 1.03942518592e-07, 3.24212891201e-07, 4.71696324666e-07, 5.74428781874e-07, 1.78225832315e-07, 8.52674872931e-08, 7.55714211209e-08, 1.47516976412e-08, 8.96771979592e-12]
    },
    "erbbands": {
        "dmean": [0.672205924988, 1.80401742458, 5.59795427322, 6.59898900986, 9.20335483551, 7.33503198624, 9.05249404907, 6.14432477951, 4.11105203629, 6.13769817352, 17.8297538757, 15.5945978165, 8.53928565979, 15.8898553848, 11.6062288284, 12.4287891388, 13.1652584076, 18.0071392059, 10.6556711197, 7.39874505997, 6.45380544662, 10.1363601685, 12.5368080139, 7.04684019089, 9.39896965027, 9.21200656891, 9.15232753754, 10.1548080444, 9.83843040466, 7.96046972275, 4.05344343185, 2.73003268242, 2.02010011673, 1.25084710121, 1.04360032082, 0.441665232182, 0.0917154401541, 0.0047948975116, 0.000204680894967, 3.45032021869e-05],
        "dmean2": [1.15645325184, 2.97563266754, 8.96213054657, 9.85643482208, 15.3120975494, 11.3686761856, 15.1503696442, 10.0567369461, 6.90969419479, 9.40638160706, 28.3641548157, 23.5093383789, 12.6895685196, 22.9240283966, 17.3340454102, 18.1549510956, 19.2586746216, 27.2553825378, 16.483253479, 11.6979379654, 10.0081357956, 16.5210838318, 19.8725166321, 11.6994094849, 15.6374616623, 13.7991819382, 13.11577034, 14.8068933487, 14.5340442657, 11.690407753, 6.35612678528, 4.50999307632, 3.25398182869, 2.06877398491, 1.67010593414, 0.734259665012, 0.153011187911, 0.00832519959658, 0.000316752091749, 5.29886201548e-05],
        "dvar": [0.719216227531, 6.54721975327, 140.417297363, 207.946975708, 885.203674316, 233.461227417, 320.239990234, 166.910263062, 53.5515556335, 162.649597168, 2083.36010742, 1833.13293457, 759.077941895, 946.22088623, 449.798675537, 601.213989258, 908.269226074, 1501.6105957, 907.500305176, 317.731628418, 196.906799316, 329.29498291, 499.620544434, 150.112991333, 349.717803955, 311.667022705, 356.530822754, 520.342224121, 564.838745117, 283.125640869, 59.7681045532, 32.2804145813, 16.6461162567, 5.29137372971, 4.00551652908, 0.723292469978, 0.0324241630733, 0.000119135554996, 2.60836770849e-07, 3.38655170573e-09],
        "dvar2": [2.46794819832, 16.646030426, 396.430938721, 439.596954346, 2398.28417969, 544.15057373, 857.373535156, 409.787567139, 141.479721069, 382.436248779, 5382.85693359, 4594.078125, 1881.19970703, 1849.62756348, 945.47076416, 1051.5892334, 1746.38867188, 3359.56787109, 2138.05981445, 798.258911133, 431.936157227, 820.33782959, 1223.85717773, 413.683532715, 950.327087402, 693.274475098, 729.700195312, 1067.71337891, 1328.97814941, 628.804199219, 140.391143799, 84.7533187866, 41.442565918, 13.4467363358, 9.43335819244, 1.82197141647, 0.0801899954677, 0.000318718724884, 5.80921948767e-07, 6.71636213312e-09],
        "max": [5.84390449524, 24.1876430511, 95.7165374756, 147.054397583, 279.025238037, 120.097175598, 167.137664795, 274.139984131, 67.0258865356, 169.746414185, 740.782470703, 877.307556152, 486.452941895, 495.872619629, 419.085632324, 405.971893311, 656.197998047, 610.341430664, 586.685546875, 331.45022583, 269.971405029, 178.945343018, 279.327270508, 146.328033447, 168.722640991, 230.756652832, 174.74331665, 194.445297241, 176.802062988, 145.828369141, 77.5013580322, 60.8599891663, 53.7907409668, 35.426486969, 16.7399959564, 5.67718744278, 1.21753132343, 0.090654194355, 0.00669041043147, 0.000750486447942],
        "mean": [1.32802891731, 4.12278938293, 10.0316324234, 10.1724424362, 9.84705162048, 9.06226539612, 11.1017208099, 9.18718624115, 6.09961414337, 10.8052072525, 29.1959190369, 28.1668720245, 15.0742263794, 45.1586456299, 25.9504909515, 28.9398555756, 28.8130683899, 33.1284217834, 18.3747196198, 11.0920333862, 10.0654020309, 14.8275356293, 18.8851184845, 10.4647102356, 12.3592500687, 13.3433227539, 12.6682348251, 12.4892673492, 11.3405332565, 10.6626157761, 6.01846408844, 3.20380163193, 2.38123035431, 1.4411021471, 1.15678155422, 0.43555098772, 0.0872615501285, 0.00423403456807, 0.000225464667892, 9.1680623882e-05],
        "median": [1.01905500889, 3.28233838081, 5.29841756821, 4.17109727859, 2.53948402405, 3.02642560005, 4.92170238495, 3.68075799942, 2.94029808044, 3.81051588058, 12.0843238831, 9.13914489746, 5.28305578232, 6.44735383987, 7.08235883713, 6.96632289886, 8.33731174469, 9.94431209564, 5.79777860641, 3.99051237106, 4.06665992737, 6.47088861465, 8.6504650116, 4.79998064041, 4.45792722702, 4.57127189636, 2.75943875313, 2.10027885437, 2.14493346214, 2.64702987671, 1.92801189423, 0.818191170692, 0.541438877583, 0.464680969715, 0.21727052331, 0.0627995580435, 0.0130336843431, 0.000713575514965, 5.42582274647e-05, 7.29301973479e-05],
        "min": [0.00178212055471, 0.00113582308404, 0.000175839333679, 0.000252439203905, 0.00158514583018, 0.0219785794616, 0.100233219564, 0.11824144423, 0.0540258176625, 0.0314420647919, 0.0075008473359, 0.0202841684222, 0.0209132544696, 0.0151562038809, 0.0184600595385, 0.0256227459759, 0.0271773915738, 0.0223387572914, 0.0180695150048, 0.010628872551, 0.0117056034505, 0.00931649189442, 0.0315911360085, 0.0244510415941, 0.00579322408885, 0.0140560148284, 0.0139974281192, 0.00272278813645, 0.00123083847575, 0.00134083279409, 0.000157145957928, 6.321832916e-05, 7.3526360211e-05, 1.35097079692e-05, 4.48841528851e-05, 7.44976068745e-06, 1.17154934287e-06, 2.25479155347e-07, 7.62400190979e-07, 1.68679946455e-06],
        "var": [1.32618486881, 13.4694356918, 190.585144043, 287.620574951, 715.539001465, 281.856384277, 304.245025635, 270.477111816, 71.8314208984, 363.10534668, 2374.43359375, 3024.16992188, 1352.36437988, 7992.04931641, 1693.08374023, 2926.53759766, 3406.54125977, 3774.83789062, 2142.72460938, 415.598327637, 405.394866943, 458.925231934, 799.413208008, 227.131698608, 425.568878174, 575.494018555, 662.05859375, 887.454284668, 737.526000977, 443.570678711, 102.884353638, 42.8360481262, 26.521736145, 8.46388149261, 5.1985449791, 0.763188481331, 0.0328284278512, 9.35598509386e-05, 2.85907219677e-07, 5.47888046043e-09]
    },
    "gfcc": {
        "mean": [5.93701982498, 92.1134796143, -94.7731781006, 48.9980735779, -49.447807312, 32.1868515015, -26.4080467224, 19.0687503815, -17.4553146362, 7.94941806793, -6.74134397507, 2.92503404617, -8.93905544281],
        "cov": [[3779.5715332, -856.810974121, -184.830581665, -11.0951557159, -345.241668701, 237.381530762, -140.213363647, -56.6047973633, -314.721496582, -81.7233810425, -586.164123535, 49.3699684143, -320.627044678], [-856.810974121, 1026.96264648, -11.0964689255, -179.533599854, 189.566802979, 14.9488382339, 190.617340088, -42.1463127136, 99.7943267822, -154.714172363, 201.829864502, -142.495254517, -0.0205764062703], [-184.830581665, -11.0964689255, 958.352478027, 48.90076828, 98.4397583008, 41.1802940369, -105.8567276, 39.204914093, -134.957778931, 26.7817573547, -127.772979736, 19.8860569, -176.441467285], [-11.0951557159, -179.533599854, 48.90076828, 617.788818359, 24.2528457642, -267.603485107, -137.177734375, -130.535934448, 42.4284667969, -22.5930747986, -33.4101028442, -93.2266235352, 75.4645462036], [-345.241668701, 189.566802979, 98.4397583008, 24.2528457642, 333.318206787, -42.1141319275, 59.5892829895, 37.1590919495, 1.0263992548, 42.6120605469, 19.1195526123, -20.051279068, 0.229009360075], [237.381530762, 14.9488382339, 41.1802940369, -267.603485107, -42.1141319275, 418.824462891, 122.558822632, 50.7227058411, -15.7848749161, -48.5652198792, -4.1053237915, 11.0871362686, -89.5780029297], [-140.213363647, 190.617340088, -105.8567276, -137.177734375, 59.5892829895, 122.558822632, 295.991516113, 25.1813011169, -12.8798732758, -38.3421592712, 59.0155410767, 13.3786315918, -30.1868648529], [-56.6047973633, -42.1463127136, 39.204914093, -130.535934448, 37.1590919495, 50.7227058411, 25.1813011169, 184.844818115, 25.3956680298, 45.6060256958, 19.6008434296, 42.7253990173, 4.08278274536], [-314.721496582, 99.7943267822, -134.957778931, 42.4284667969, 1.0263992548, -15.7848749161, -12.8798732758, 25.3956680298, 216.057739258, 1.71621131897, 91.8241653442, -28.8541145325, 82.2397155762], [-81.7233810425, -154.714172363, 26.7817573547, -22.5930747986, 42.6120605469, -48.5652198792, -38.3421592712, 45.6060256958, 1.71621131897, 169.527069092, 11.2930145264, 34.3913764954, 28.1125221252], [-586.164123535, 201.829864502, -127.772979736, -33.4101028442, 19.1195526123, -4.1053237915, 59.0155410767, 19.6008434296, 91.8241653442, 11.2930145264, 234.694976807, -5.67413139343, 109.745559692], [49.3699684143, -142.495254517, 19.8860569, -93.2266235352, -20.051279068, 11.0871362686, 13.3786315918, 42.7253990173, -28.8541145325, 34.3913764954, -5.67413139343, 156.78968811, 3.82531547546], [-320.627044678, -0.0205764062703, -176.441467285, 75.4645462036, 0.229009360075, -89.5780029297, -30.1868648529, 4.08278274536, 82.2397155762, 28.1125221252, 109.745559692, 3.82531547546, 189.259994507]],
        "icov": [[0.000673047499731, 7.72447237978e-05, 0.000538130756468, -0.000269630225375, 0.000339409307344, -0.000468641490443, 0.000329520145897, -0.000271680968581, 0.000565919268411, 3.64985462511e-05, 0.00126495840959, -0.000120637982036, 0.000603214779403], [7.72447237978e-05, 0.00371391093358, -0.000781409791671, 0.00267342664301, -0.00188322633039, 0.00190765759908, -0.00114671967458, 0.00177327019628, -0.00150114938151, 0.00365831842646, -0.00246453168802, 0.00309860962443, 0.000496188469697], [0.000538130756468, -0.000781409791671, 0.00226592854597, -0.00135470100213, 0.000115788374387, -0.00120551441796, 0.00149339181371, -0.00123411254026, 0.00152363115922, -0.000890766386874, 0.00121355906595, -0.00119387812447, 0.00204896507785], [-0.000269630225375, 0.00267342664301, -0.00135470100213, 0.00525595014915, -0.00167580356356, 0.00316036399454, -0.000802648428362, 0.0029770785477, -0.00210880092345, 0.00318669737317, -0.00145468732808, 0.00352287688293, -0.00129425094929], [0.000339409307344, -0.00188322633039, 0.000115788374387, -0.00167580356356, 0.00495593482628, -0.00058831856586, -0.000674700073432, -0.00174622936174, 0.00100036500953, -0.00286246021278, 0.00199397117831, -0.000732801912818, -0.000154387147631], [-0.000468641490443, 0.00190765759908, -0.00120551441796, 0.00316036399454, -0.00058831856586, 0.0054244059138, -0.00197372562252, 0.000923077226616, -0.00180963403545, 0.00271364068612, -0.00210808147676, 0.00235187984072, 0.000613796990365], [0.000329520145897, -0.00114671967458, 0.00149339181371, -0.000802648428362, -0.000674700073432, -0.00197372562252, 0.0059084603563, -0.00100049911998, 0.00167496921495, 3.87580294046e-05, -0.00044301271555, -0.00175249692984, 0.00185974861961], [-0.000271680968581, 0.00177327019628, -0.00123411254026, 0.0029770785477, -0.00174622936174, 0.000923077226616, -0.00100049911998, 0.0086442604661, -0.00261152745225, 0.000393488939153, -0.00134931725916, 0.0004701691214, -0.0008554328233], [0.000565919268411, -0.00150114938151, 0.00152363115922, -0.00210880092345, 0.00100036500953, -0.00180963403545, 0.00167496921495, -0.00261152745225, 0.00791279692203, -0.00120269611944, 0.000183423413546, -0.000421961740358, -0.00067193096038], [3.64985462511e-05, 0.00365831842646, -0.000890766386874, 0.00318669737317, -0.00286246021278, 0.00271364068612, 3.87580294046e-05, 0.000393488939153, -0.00120269611944, 0.0110825616866, -0.00270142313093, 0.00191107392311, -0.000349055597326], [0.00126495840959, -0.00246453168802, 0.00121355906595, -0.00145468732808, 0.00199397117831, -0.00210808147676, -0.00044301271555, -0.00134931725916, 0.000183423413546, -0.00270142313093, 0.0117353331298, -0.00170773710124, -0.00363647285849], [-0.000120637982036, 0.00309860962443, -0.00119387812447, 0.00352287688293, -0.000732801912818, 0.00235187984072, -0.00175249692984, 0.0004701691214, -0.000421961740358, 0.00191107392311, -0.00170773710124, 0.0107107935473, -0.00122410512995], [0.000603214779403, 0.000496188469697, 0.00204896507785, -0.00129425094929, -0.000154387147631, 0.000613796990365, 0.00185974861961, -0.0008554328233, -0.00067193096038, -0.000349055597326, -0.00363647285849, -0.00122410512995, 0.0118149733171]]
    },
    "melbands": {
        "dmean": [0.0044483221136, 0.00249820295721, 0.00121379189659, 0.000586288340855, 0.000311153416988, 0.000138184186653, 5.82845786994e-05, 7.88736360846e-05, 0.000160618699738, 9.49287932599e-05, 4.29000829172e-05, 6.02705549682e-05, 4.93865190947e-05, 2.77631406789e-05, 4.49611507065e-05, 2.56579187408e-05, 3.78419244953e-05, 1.79664129973e-05, 1.62910964718e-05, 7.66293214838e-06, 7.81638937042e-06, 1.05182480183e-05, 1.24979223983e-05, 9.45366173255e-06, 5.6170906646e-06, 6.69111204843e-06, 7.18630917618e-06, 5.93537561144e-06, 6.46161470286e-06, 5.47582476429e-06, 6.19050024397e-06, 5.38891845281e-06, 5.76100092076e-06, 4.21447975896e-06, 2.66406027549e-06, 1.85959004284e-06, 1.75815125658e-06, 1.64016989856e-06, 1.07794755877e-06, 1.10100882011e-06],
        "dmean2": [0.00748648215085, 0.00404881127179, 0.00183698360343, 0.000951749912929, 0.000510200858116, 0.000226388292504, 9.7406169516e-05, 0.000121413308079, 0.000253689824603, 0.000143807570566, 6.33591625956e-05, 8.73923127074e-05, 7.29038802092e-05, 3.95047864004e-05, 6.8662367994e-05, 3.82281286875e-05, 5.85074485571e-05, 2.78877250821e-05, 2.57059309661e-05, 1.19476462714e-05, 1.24879825307e-05, 1.72773998202e-05, 2.05440665013e-05, 1.48683011503e-05, 9.42893802858e-06, 1.13514179247e-05, 1.10828414108e-05, 9.22774142964e-06, 9.69800021267e-06, 7.88609486335e-06, 9.05955857888e-06, 7.75854459789e-06, 9.15291911951e-06, 6.15978842688e-06, 4.23150459028e-06, 3.12944325742e-06, 2.937299314e-06, 2.72312104244e-06, 1.76782771177e-06, 1.85720568879e-06],
        "dvar": [2.81752090814e-05, 2.56928542512e-05, 7.99188728706e-06, 2.94421079161e-06, 3.7100528516e-07, 7.60832392643e-08, 1.03344692803e-08, 3.32157199523e-08, 1.47275656559e-07, 9.17184550531e-08, 1.97126031054e-08, 1.37453985971e-08, 7.37788363736e-09, 4.17845713585e-09, 9.49237310977e-09, 7.20825665823e-09, 7.25861371009e-09, 3.17374682091e-09, 1.67856872846e-09, 3.02006170072e-10, 3.14695935977e-10, 3.7009240117e-10, 4.85963602692e-10, 3.37469024947e-10, 1.01108878214e-10, 1.86244228373e-10, 2.14640707985e-10, 1.3277411115e-10, 1.89298257625e-10, 1.37890657226e-10, 2.01958089141e-10, 1.65977440125e-10, 2.03856070913e-10, 7.39581382248e-11, 2.62002624457e-11, 1.62352180311e-11, 1.28655159443e-11, 1.12602054417e-11, 5.88742206029e-12, 3.79606198905e-12],
        "dvar2": [9.33726041694e-05, 7.03141049598e-05, 1.84341770364e-05, 7.55196060709e-06, 9.81548282653e-07, 1.90780184539e-07, 2.73372684489e-08, 8.18642078571e-08, 3.61285913186e-07, 2.34737612459e-07, 4.87058073873e-08, 2.74164229097e-08, 1.43719409706e-08, 7.09373404462e-09, 1.80435737462e-08, 1.49262273652e-08, 1.68559601832e-08, 7.3719390592e-09, 4.20949808344e-09, 6.58019028155e-10, 7.51649797959e-10, 9.36741018087e-10, 1.27223909185e-09, 8.54438630959e-10, 2.89187257474e-10, 5.21608922721e-10, 4.40101927124e-10, 3.07353226203e-10, 4.2783002141e-10, 2.56442755919e-10, 4.32653274318e-10, 3.66888269765e-10, 5.30651078634e-10, 1.53510010259e-10, 6.28491078625e-11, 4.14006398608e-11, 3.46766261539e-11, 2.99433082496e-11, 1.39594212925e-11, 9.88896031034e-12],
        "max": [0.0407688468695, 0.0437030531466, 0.0274172239006, 0.0160349421203, 0.00635508447886, 0.00558701250702, 0.000890219176654, 0.00241884007119, 0.00586808472872, 0.00651584565639, 0.00245854561217, 0.00184420030564, 0.00141382974107, 0.00141108769458, 0.00164261937607, 0.00166158610955, 0.00134355656337, 0.0013108527055, 0.000716105278116, 0.000405022496125, 0.000336783006787, 0.000235432205955, 0.000181254334166, 0.000268057541689, 0.0001296686969, 0.000136186965392, 0.000301151623717, 9.80598561e-05, 0.000137803639518, 0.000121020486404, 0.000123252262711, 0.000112112320494, 0.000123535646708, 8.32611476653e-05, 4.84929587401e-05, 4.5133921958e-05, 3.58144025085e-05, 3.52706192643e-05, 4.0206599806e-05, 2.40154622588e-05],
        "mean": [0.0103168170899, 0.00529057253152, 0.00182890985161, 0.000658468983602, 0.000404482037993, 0.000206287717447, 8.61797525431e-05, 0.000130898071802, 0.000276451464742, 0.00016890738334, 6.64897597744e-05, 0.000167921723914, 0.000114591384772, 4.98192821397e-05, 0.000107066443888, 4.91003593197e-05, 6.51081718388e-05, 2.74575995718e-05, 2.30161258514e-05, 1.0777850548e-05, 1.09002839963e-05, 1.46876627696e-05, 1.75688655872e-05, 1.37880560942e-05, 7.71270606492e-06, 8.06861862657e-06, 1.02333169707e-05, 8.34255843074e-06, 8.41106066218e-06, 7.29053226678e-06, 7.12984774509e-06, 6.12492522123e-06, 6.57051532471e-06, 5.81169797442e-06, 3.72512181457e-06, 2.27390091823e-06, 1.84513010026e-06, 1.78935090389e-06, 1.26085774355e-06, 1.17581237191e-06],
        "median": [0.00842314586043, 0.0036647261586, 0.000807776523288, 0.000203622621484, 0.000178224348929, 8.72062082635e-05, 3.99246418965e-05, 3.92129295506e-05, 9.7861069662e-05, 4.9612881412e-05, 1.31858414534e-05, 2.01027596631e-05, 2.41121888394e-05, 1.44519963214e-05, 1.75127261173e-05, 1.01338500826e-05, 1.65911533259e-05, 7.93078015704e-06, 6.1529199229e-06, 4.08909318139e-06, 4.09353651776e-06, 6.41727910988e-06, 7.7512131611e-06, 6.02625777901e-06, 3.37840083375e-06, 2.90685466098e-06, 2.9755540254e-06, 2.74608510153e-06, 1.67690461694e-06, 1.27274381612e-06, 1.03641900751e-06, 1.05464266653e-06, 1.30126124986e-06, 1.52334621362e-06, 1.21828986721e-06, 6.2400670231e-07, 3.83736733056e-07, 3.52173145757e-07, 2.89113700092e-07, 3.62546444421e-07],
        "min": [1.33531057145e-05, 2.52259809486e-07, 3.00914919649e-08, 7.47950934965e-07, 2.15277418647e-06, 1.12080283543e-06, 2.18225423509e-07, 5.66974769356e-08, 3.72526827164e-08, 1.28524533238e-07, 4.47003998261e-08, 5.42032481121e-08, 6.06746937137e-08, 3.75818700604e-08, 6.11130914763e-08, 2.90143784554e-08, 4.15676453258e-08, 3.37403918138e-08, 1.20403376158e-08, 1.12685771825e-08, 8.67612648392e-09, 4.79198591918e-09, 2.74583733528e-08, 1.08845874536e-08, 1.32946187392e-08, 2.6487250171e-09, 1.77188752559e-09, 5.18292297969e-09, 3.6488792543e-10, 1.59849182502e-11, 1.87745166635e-10, 2.5578163719e-12, 1.2366857538e-10, 2.95441948683e-10, 4.31866140072e-11, 4.78904730542e-13, 7.80038577133e-13, 2.09931247733e-12, 9.60790128013e-12, 1.61885197088e-12],
