{
"highlevel": {
    "danceability": {
        "all": {
            "danceable": 0.999553084373,
            "not_danceable": 0.000446906720754
        },
        "probability": 0.999553084373,
        "value": "danceable"
    },
    "gender": {
        "all": {
            "female": 0.939247310162,
            "male": 0.0607526749372
        },
        "probability": 0.939247310162,
        "value": "female"
    },
    "genre_dortmund": {
        "all": {
            "alternative": 0.0526112131774,
            "blues": 0.0643678605556,
            "electronic": 0.0267430264503,
            "folkcountry": 0.208617866039,
            "funksoulrnb": 0.0677418038249,
            "jazz": 0.128376290202,
            "pop": 0.107659265399,
            "raphiphop": 0.0897107496858,
            "rock": 0.254171907902
        },
        "probability": 0.254171907902,
        "value": "rock"
    },
    "genre_electronic": {
        "all": {
            "ambient": 0.243047431111,
            "dnb": 0.11021117121,
            "house": 0.389610260725,
            "techno": 0.0218022260815,
            "trance": 0.235328897834
        },
        "probability": 0.389610260725,
        "value": "house"
    },
    "genre_rosamerica": {
        "all": {
            "cla": 0.00324568268843,
            "dan": 0.322395443916,
            "hip": 0.132702738047,
            "jaz": 0.00621179305017,
            "pop": 0.271224826574,
            "rhy": 0.239879637957,
            "roc": 0.0208254512399,
            "spe": 0.00351442350075
        },
        "probability": 0.322395443916,
        "value": "dan"
    },
    "genre_tzanetakis": {
        "all": {
            "blu": 0.0626613423228,
            "cla": 0.0348169617355,
            "cou": 0.104475811124,
            "dis": 0.0784321576357,
            "hip": 0.15692435205,
            "jaz": 0.313974827528,
            "met": 0.0448166541755,
            "pop": 0.0627359300852,
            "reg": 0.0627360641956,
            "roc": 0.0784258767962
        },
        "probability": 0.313974827528,
        "value": "jaz"
    },
    "ismir04_rhythm": {
        "all": {
            "ChaChaCha": 0.0319785736501,
            "Jive": 0.0995514988899,
            "Quickstep": 0.0810062661767,
            "Rumba-American": 0.0128503423184,
            "Rumba-International": 0.0819599404931,
            "Rumba-Misc": 0.0166738405824,
            "Samba": 0.648079752922,
            "Tango": 0.00952060241252,
            "VienneseWaltz": 0.0138337323442,
            "Waltz": 0.00454547675326
        },
        "probability": 0.648079752922,
        "value": "Samba"
    },
    "mood_acoustic": {
        "all": {
            "acoustic": 0.0795926377177,
            "not_acoustic": 0.920407354832
        },
        "probability": 0.920407354832,
        "value": "not_acoustic"
    },
    "mood_aggressive": {
        "all": {
            "aggressive": 0.152427241206,
            "not_aggressive": 0.847572743893
        },
        "probability": 0.847572743893,
        "value": "not_aggressive"
    },
    "mood_electronic": {
        "all": {
            "electronic": 0.291643917561,
            "not_electronic": 0.708356082439
        },
        "probability": 0.708356082439,
        "value": "not_electronic"
    },
    "mood_happy": {
        "all": {
            "happy": 0.610496461391,
            "not_happy": 0.389503538609
        },
        "probability": 0.610496461391,
        "value": "happy"
    },
    "mood_party": {
        "all": {
            "not_party": 0.610905885696,
            "party": 0.389094114304
        },
        "probability": 0.610905885696,
        "value": "not_party"
    },
    "mood_relaxed": {
        "all": {
            "not_relaxed": 0.0797575116158,
            "relaxed": 0.920242488384
        },
        "probability": 0.920242488384,
        "value": "relaxed"
    },
    "mood_sad": {
        "all": {
            "not_sad": 0.87400084734,
            "sad": 0.125999182463
        },
        "probability": 0.87400084734,
        "value": "not_sad"
    },
    "moods_mirex": {
        "all": {
            "Cluster1": 0.19695545733,
            "Cluster2": 0.37228384614,
            "Cluster3": 0.0529174096882,
            "Cluster4": 0.217813953757,
            "Cluster5": 0.16002933681
        },
        "probability": 0.37228384614,
        "value": "Cluster2"
    },
    "timbre": {
        "all": {
            "bright": 0.9956818223,
            "dark": 0.00431815348566
        },
        "probability": 0.9956818223,
        "value": "bright"
    },
    "tonal_atonal": {
        "all": {
            "atonal": 0.640939056873,
            "tonal": 0.359060972929
        },
        "probability": 0.640939056873,
        "value": "atonal"
    },
    "voice_instrumental": {
        "all": {
            "instrumental": 0.00491215288639,
            "voice": 0.995087862015
        },
        "probability": 0.995087862015,
        "value": "voice"
    }
},
"lowlevel": {
    "average_loudness": 0.9698985219,
    "barkbands_crest": {
        "dmean": 3.41331529617,
        "dmean2": 5.38338947296,
        "dvar": 10.4471292496,
        "dvar2": 22.9785327911,
        "max": 26.4160079956,
        "mean": 12.0110502243,
        "median": 10.8101301193,
        "min": 2.4714949131,
        "var": 28.5255794525
    },
    "barkbands_flatness_db": {
        "dmean": 0.0333821810782,
        "dmean2": 0.0488744080067,
        "dvar": 0.0011886311695,
        "dvar2": 0.00245203101076,
        "max": 0.401554733515,
        "mean": 0.159929037094,
        "median": 0.149211540818,
        "min": 0.050387147814,
        "var": 0.00369271915406
    },
    "barkbands_kurtosis": {
        "dmean": 10.1806268692,
        "dmean2": 15.5366687775,
        "dvar": 603.782714844,
        "dvar2": 1300.67956543,
        "max": 506.986114502,
        "mean": 12.3730916977,
        "median": 3.40980863571,
        "min": -1.78457343578,
        "var": 874.463195801
    },
    "barkbands_skewness": {
        "dmean": 1.01605975628,
        "dmean2": 1.49654138088,
        "dvar": 1.86828577518,
        "dvar2": 3.72886347771,
        "max": 19.8414058685,
        "mean": 2.28691792488,
        "median": 1.73542249203,
        "min": -3.27593898773,
        "var": 4.7389216423
    },
    "barkbands_spread": {
        "dmean": 9.01504421234,
        "dmean2": 13.8118572235,
        "dvar": 112.712097168,
        "dvar2": 241.034591675,
        "max": 113.020195007,
        "mean": 23.2359848022,
        "median": 19.0588417053,
        "min": 0.666761279106,
        "var": 302.240539551
    },
    "dissonance": {
        "dmean": 0.0257382467389,
        "dmean2": 0.04281437397,
        "dvar": 0.000710954074748,
        "dvar2": 0.00183302594814,
        "max": 0.499887108803,
        "mean": 0.448890149593,
        "median": 0.461619615555,
        "min": 0.23914244771,
        "var": 0.00179274124093
    },
    "dynamic_complexity": 2.06971764565,
    "erbbands_crest": {
        "dmean": 2.9881477356,
        "dmean2": 4.63887834549,
        "dvar": 9.59352493286,
        "dvar2": 20.905418396,
        "max": 33.1235542297,
        "mean": 10.3684310913,
        "median": 8.28542804718,
        "min": 2.5231089592,
        "var": 42.0624008179
    },
    "erbbands_flatness_db": {
        "dmean": 0.0229845792055,
        "dmean2": 0.0324765779078,
        "dvar": 0.00056342658354,
        "dvar2": 0.00104923197068,
        "max": 0.361278861761,
        "mean": 0.133154392242,
        "median": 0.120623238385,
        "min": 0.0487000346184,
        "var": 0.00252277334221
    },
    "erbbands_kurtosis": {
        "dmean": 1.81239593029,
        "dmean2": 2.79901957512,
        "dvar": 17.0590419769,
        "dvar2": 37.5916404724,
        "max": 76.3907089233,
        "mean": 2.27763652802,
        "median": 0.209079265594,
        "min": -1.73146343231,
        "var": 44.2249832153
    },
    "erbbands_skewness": {
        "dmean": 0.483950674534,
        "dmean2": 0.729163348675,
        "dvar": 0.293226242065,
        "dvar2": 0.595162391663,
        "max": 7.93720293045,
        "mean": 0.751863956451,
        "median": 0.600728988647,
        "min": -2.43316793442,
        "var": 1.34404015541
    },
    "erbbands_spread": {
        "dmean": 12.6750564575,
        "dmean2": 19.4103355408,
        "dvar": 198.739440918,
        "dvar2": 431.486694336,
        "max": 157.927886963,
        "mean": 46.2796592712,
        "median": 43.1205329895,
        "min": 2.46495103836,
        "var": 697.828552246
    },
    "hfc": {
        "dmean": 14.0056676865,
        "dmean2": 20.7418365479,
        "dvar": 316.307067871,
        "dvar2": 707.869995117,
        "max": 155.598495483,
        "mean": 29.2974796295,
        "median": 24.2113742828,
        "min": 0.631895124912,
        "var": 588.757019043
    },
    "melbands_crest": {
        "dmean": 4.00537919998,
        "dmean2": 6.17257976532,
        "dvar": 14.7259740829,
        "dvar2": 31.797580719,
        "max": 34.9181785583,
        "mean": 15.7402420044,
        "median": 14.1926660538,
        "min": 4.34022331238,
        "var": 41.5000572205
    },
    "melbands_flatness_db": {
        "dmean": 0.0410002246499,
        "dmean2": 0.0583448037505,
        "dvar": 0.00183576415293,
        "dvar2": 0.00350518641062,
        "max": 0.529088675976,
        "mean": 0.216899871826,
        "median": 0.205037742853,
        "min": 0.0309718940407,
        "var": 0.00670486968011
    },
    "melbands_kurtosis": {
        "dmean": 21.3693218231,
        "dmean2": 33.4170532227,
        "dvar": 2413.47070312,
        "dvar2": 5098.47265625,
        "max": 960.880554199,
        "mean": 31.5895900726,
        "median": 12.2782258987,
        "min": -1.81191515923,
        "var": 3915.63696289
    },
    "melbands_skewness": {
        "dmean": 1.28770411015,
        "dmean2": 1.97800242901,
        "dvar": 2.7047150135,
        "dvar2": 5.49397325516,
        "max": 23.7242641449,
        "mean": 3.4888188839,
        "median": 2.86721205711,
        "min": -1.44972753525,
        "var": 7.63115787506
    },
    "melbands_spread": {
        "dmean": 8.64028453827,
        "dmean2": 13.3282518387,
        "dvar": 178.604385376,
        "dvar2": 321.303436279,
        "max": 249.476745605,
        "mean": 20.8964633942,
        "median": 16.6314220428,
        "min": 0.385899931192,
        "var": 456.966217041
    },
    "pitch_salience": {
        "dmean": 0.0863258093596,
        "dmean2": 0.134333595634,
        "dvar": 0.00676636584103,
        "dvar2": 0.0152057558298,
        "max": 0.822833538055,
        "mean": 0.498541295528,
        "median": 0.512662529945,
        "min": 0.0839964523911,
        "var": 0.0186524409801
    },
    "silence_rate_20dB": {
        "dmean": 0,
        "dmean2": 0,
        "dvar": 0,
        "dvar2": 0,
        "max": 1,
        "mean": 1,
        "median": 1,
        "min": 1,
        "var": 0
    },
    "silence_rate_30dB": {
        "dmean": 0.0835913345218,
        "dmean2": 0.167312160134,
        "dvar": 0.0766043439507,
        "dvar2": 0.143967851996,
        "max": 1,
        "mean": 0.891724646091,
        "median": 1,
        "min": 0,
        "var": 0.096552953124
    },
    "silence_rate_60dB": {
        "dmean": 0.0317337475717,
        "dmean2": 0.062742061913,
        "dvar": 0.0307267550379,
        "dvar2": 0.0727483853698,
        "max": 1,
        "mean": 0.0324825979769,
        "median": 0,
        "min": 0,
        "var": 0.0314273759723
    },
    "spectral_centroid": {
        "dmean": 313.408081055,
        "dmean2": 476.950897217,
        "dvar": 143404.015625,
        "dvar2": 301941.78125,
        "max": 5005.7109375,
        "mean": 1242.32714844,
        "median": 1105.94641113,
        "min": 206.334899902,
        "var": 398978.40625
    },
    "spectral_complexity": {
        "dmean": 5.36222887039,
        "dmean2": 7.74903154373,
        "dvar": 40.4384994507,
        "dvar2": 76.6002502441,
        "max": 52,
        "mean": 16.5947418213,
        "median": 14,
        "min": 2,
        "var": 85.7957382202
    },
    "spectral_decrease": {
        "dmean": 5.50019363388e-09,
        "dmean2": 8.05217315047e-09,
        "dvar": 5.82010962612e-17,
        "dvar2": 1.18114059344e-16,
        "max": -1.65884445069e-10,
        "mean": -1.23980852251e-08,
        "median": -9.89877779745e-09,
        "min": -6.34129051491e-08,
        "var": 1.24126603606e-16
    },
    "spectral_energy": {
        "dmean": 0.0213757213205,
        "dmean2": 0.0311491042376,
        "dvar": 0.000830892182421,
        "dvar2": 0.00167428830173,
        "max": 0.242485821247,
        "mean": 0.0494506321847,
        "median": 0.0405319929123,
        "min": 0.000715621106792,
        "var": 0.00182227930054
    },
    "spectral_energyband_high": {
        "dmean": 0.00107438524719,
        "dmean2": 0.00163521501236,
        "dvar": 2.70648888545e-06,
        "dvar2": 6.21535400569e-06,
        "max": 0.0140592986718,
        "mean": 0.00154693878721,
        "median": 0.000781876733527,
        "min": 1.09512654944e-06,
        "var": 4.45635168944e-06
    },
    "spectral_energyband_low": {
        "dmean": 0.0174541864544,
        "dmean2": 0.0269322004169,
        "dvar": 0.000937173783313,
        "dvar2": 0.001944280928,
        "max": 0.2381092906,
        "mean": 0.0290141161531,
        "median": 0.0150752151385,
        "min": 5.2245295592e-06,
        "var": 0.00167106289882
    },
    "spectral_energyband_middle_high": {
        "dmean": 0.00324034201913,
        "dmean2": 0.0050249285996,
        "dvar": 2.49604836426e-05,
        "dvar2": 6.00105886406e-05,
        "max": 0.0463177748024,
        "mean": 0.00615052878857,
        "median": 0.00313041894697,
        "min": 7.85231022746e-05,
        "var": 4.96366083098e-05
    },
    "spectral_energyband_middle_low": {
        "dmean": 0.00612111762166,
        "dmean2": 0.00918027572334,
        "dvar": 6.75317132846e-05,
        "dvar2": 0.000155009591253,
        "max": 0.0948874205351,
        "mean": 0.0144945895299,
        "median": 0.0104983504862,
        "min": 6.37820267002e-05,
        "var": 0.000177028879989
    },
    "spectral_entropy": {
        "dmean": 0.257179290056,
        "dmean2": 0.356243044138,
        "dvar": 0.065513163805,
        "dvar2": 0.130460515618,
        "max": 8.66895675659,
        "mean": 7.58957624435,
        "median": 7.62231731415,
        "min": 5.33698225021,
        "var": 0.229102283716
    },
    "spectral_flux": {
        "dmean": 0.0495504625142,
        "dmean2": 0.077082619071,
        "dvar": 0.00253762467764,
        "dvar2": 0.00624141050503,
        "max": 0.413644522429,
        "mean": 0.118066087365,
        "median": 0.0996533110738,
        "min": 0.0130869587883,
        "var": 0.00529945455492
    },
    "spectral_kurtosis": {
        "dmean": 1.34729504585,
        "dmean2": 2.04073691368,
        "dvar": 2.7950720787,
        "dvar2": 7.7211766243,
        "max": 20.9197044373,
        "mean": 3.30717301369,
        "median": 3.01785707474,
        "min": -1.34106016159,
        "var": 5.12684726715
    },
    "spectral_rms": {
        "dmean": 0.00144685222767,
        "dmean2": 0.00200459803455,
        "dvar": 2.48091350841e-06,
        "dvar2": 4.36545724369e-06,
        "max": 0.0153808817267,
        "mean": 0.00634094234556,
        "median": 0.00628835475072,
        "min": 0.000835563871078,
        "var": 8.036959116e-06
    },
    "spectral_rolloff": {
        "dmean": 687.497436523,
        "dmean2": 1124.71435547,
        "dvar": 1837892.5,
        "dvar2": 3731200.5,
        "max": 11993.9941406,
        "mean": 1492.33581543,
        "median": 796.728515625,
        "min": 64.599609375,
        "var": 4279017
    },
    "spectral_skewness": {
        "dmean": 0.245970398188,
        "dmean2": 0.360404998064,
        "dvar": 0.0600123852491,
        "dvar2": 0.146981701255,
        "max": 3.33864998817,
        "mean": 1.50775969028,
        "median": 1.51315879822,
        "min": 0.0905225425959,
        "var": 0.181866362691
    },
    "spectral_spread": {
        "dmean": 954224.5625,
        "dmean2": 1358140,
        "dvar": 1.08803588096e+12,
        "dvar2": 2.19144532787e+12,
        "max": 15888462,
        "mean": 6192901.5,
        "median": 5954153,
        "min": 1891848.5,
        "var": 3.49991678771e+12
    },
    "spectral_strongpeak": {
        "dmean": 0.608409643173,
        "dmean2": 1.04533922672,
        "dvar": 1.02896666527,
        "dvar2": 2.44844889641,
        "max": 8.80600357056,
        "mean": 1.10713744164,
        "median": 0.479573577642,
        "min": 0.0162534173578,
        "var": 2.15223360062
    },
    "zerocrossingrate": {
        "dmean": 0.0170486494899,
        "dmean2": 0.0188383515924,
        "dvar": 0.000364549981896,
        "dvar2": 0.000368024193449,
        "max": 0.35888671875,
        "mean": 0.0672223195434,
        "median": 0.05615234375,
        "min": 0.00439453125,
        "var": 0.00244097574614
    },
    "barkbands": {
        "dmean": [0.00090009777341, 0.0152985174209, 0.00376711692661, 0.00130429805722, 0.00181004928891, 0.0019921886269, 0.00119008170441, 0.000619340164121, 0.00134515669197, 0.00163142289966, 0.00059801817406, 0.000459282658994, 0.000419503543526, 0.000382752798032, 0.000284476322122, 0.000249596690992, 0.00016671528283, 0.000180586663191, 0.000206633922062, 0.000212801984162, 0.000131229491672, 0.000240066685365, 0.000193526546354, 0.000203131014132, 0.000223151539103, 0.000146659498569, 1.31821007443e-08],
        "dmean2": [0.00143587542698, 0.024168709293, 0.00640065222979, 0.00206303596497, 0.00292944046669, 0.00305582303554, 0.00192358379718, 0.00100543268491, 0.00215187692083, 0.00254673138261, 0.000920452410355, 0.00071446003858, 0.000639672332909, 0.000605249661021, 0.000461209565401, 0.000404389342293, 0.000260105152847, 0.000278167921351, 0.000333884701831, 0.00034534878796, 0.00021295073384, 0.000398381700506, 0.000302935339278, 0.000310117990011, 0.000340697297361, 0.000223768991418, 2.51559040265e-08],
        "dvar": [2.99355201605e-06, 0.000811366480775, 8.09070115793e-05, 3.35295158038e-06, 1.15495749924e-05, 2.08933579415e-05, 8.1701155068e-06, 3.34130891133e-06, 1.1609370631e-05, 1.70308667293e-05, 1.89662171124e-06, 1.11519932489e-06, 6.22166965059e-07, 9.41283360589e-07, 5.17597300131e-07, 2.69270572062e-07, 1.0544949447e-07, 7.71485133555e-08, 1.15946903634e-07, 1.44018756032e-07, 4.60437483696e-08, 1.88951545965e-07, 1.07610084399e-07, 1.38268873684e-07, 1.74248683038e-07, 4.45286758577e-08, 1.36047043856e-14],
        "dvar2": [7.37636764825e-06, 0.00170463579707, 0.000220224508666, 8.04403316579e-06, 3.06920155708e-05, 4.76130844618e-05, 2.0256413336e-05, 8.0294230429e-06, 2.62923549599e-05, 4.09392559959e-05, 4.1962166506e-06, 2.55232384916e-06, 1.40517556702e-06, 2.26662541536e-06, 1.18433649732e-06, 6.66126425131e-07, 2.48081704513e-07, 1.79531852496e-07, 2.80823030607e-07, 3.82670833687e-07, 1.14623787795e-07, 4.92249739636e-07, 2.567059596e-07, 2.99492654676e-07, 3.79753259949e-07, 1.11206269082e-07, 4.02145866249e-14],
        "max": [0.0143628744408, 0.224838167429, 0.0739595219493, 0.0227466318756, 0.0468501932919, 0.0894302502275, 0.0270439330488, 0.0388309881091, 0.0598561316729, 0.0541760623455, 0.0232822727412, 0.0149138504639, 0.0110531607643, 0.0167468674481, 0.00984474830329, 0.0101115824655, 0.00612751906738, 0.0028017135337, 0.00265076570213, 0.00497966585681, 0.00160973647144, 0.00321549014188, 0.00427234591916, 0.00600530486554, 0.00622515659779, 0.00276290578768, 2.64254094873e-06],
        "mean": [0.00100208737422, 0.0223085451871, 0.00449522724375, 0.0024013496004, 0.00292772660032, 0.00282935239375, 0.00133542146068, 0.000953362032305, 0.00300360005349, 0.0021225810051, 0.0009614014416, 0.000651765614748, 0.000667377433274, 0.000545777264051, 0.000403660553275, 0.000339887337759, 0.000237429310801, 0.000249630829785, 0.000270852237009, 0.000309658324113, 0.000168362137629, 0.000285918125883, 0.000251334393397, 0.000259341235505, 0.00028690113686, 0.000182094416232, 7.83459075393e-09],
        "median": [0.000162823824212, 0.0101373037323, 0.00168575358111, 0.00160564971156, 0.00169072567951, 0.000983689562418, 0.000340517697623, 0.000237908723648, 0.000620799954049, 0.000354882969987, 0.000149185158079, 0.000162060692674, 0.00015004845045, 0.000134416026413, 8.33517478895e-05, 8.06049865787e-05, 7.60502443882e-05, 9.2385278549e-05, 0.000103754915472, 0.000131454828079, 8.02463036962e-05, 0.000127474108012, 9.0194036602e-05, 8.87373898877e-05, 0.000103217244032, 8.37768166093e-05, 6.30393515166e-10],
        "min": [1.75510194822e-07, 2.43555177804e-06, 1.34863569201e-07, 2.60757929027e-07, 1.79561084224e-06, 2.28935988389e-07, 8.07199796782e-07, 9.32750126026e-08, 3.59062482858e-06, 7.13101599104e-07, 3.58558281732e-07, 4.45159514584e-07, 3.86593654866e-07, 4.34884015021e-07, 2.2836256619e-07, 6.61478225084e-07, 2.31480470347e-07, 4.98060956033e-07, 6.91952095622e-07, 1.2192227814e-06, 4.62872208118e-07, 1.95781439061e-07, 5.15745135488e-08, 2.60924561957e-08, 5.47198331091e-09, 1.04510693433e-08, 1.11290048357e-11],
        "var": [3.79318998966e-06, 0.00125356728677, 6.54782634228e-05, 7.30520059733e-06, 1.63711174537e-05, 2.84268262476e-05, 8.05300805951e-06, 4.68108373752e-06, 5.14531566296e-05, 3.00372121274e-05, 5.79330162509e-06, 1.80314680165e-06, 1.37135225486e-06, 1.5775092379e-06, 1.0630902807e-06, 5.39035738711e-07, 1.84782322776e-07, 1.35082643737e-07, 1.5654755714e-07, 2.53602564726e-07, 5.05234893922e-08, 1.86301733152e-07, 1.62809783433e-07, 2.46898054002e-07, 3.32848486551e-07, 7.34580609674e-08, 7.06272588563e-15]
    },
    "erbbands": {
        "dmean": [0.599038541317, 3.30538749695, 5.07712745667, 3.96696686745, 4.49337244034, 7.27957105637, 10.0648403168, 20.0205307007, 13.5219392776, 19.3383312225, 14.0762796402, 33.0308189392, 49.0646972656, 31.4625015259, 17.9954242706, 16.4675579071, 18.4100894928, 18.0161972046, 16.8166427612, 15.1808519363, 11.787320137, 9.305727005, 10.2891235352, 10.074804306, 11.1240110397, 9.69596672058, 5.17644643784, 5.70179605484, 9.02090930939, 7.55452632904, 5.15335130692, 4.28942203522, 3.45547151566, 2.79528856277, 1.44685447216, 0.695215344429, 0.270667523146, 0.0233429539949, 0.000424431666033, 3.85351486329e-05],
        "dmean2": [0.900175869465, 5.34874248505, 8.65326690674, 6.29152154922, 7.26357364655, 11.789935112, 15.8614139557, 29.9678058624, 21.1803836823, 31.5467681885, 21.7176799774, 49.1716041565, 74.710144043, 49.8179626465, 27.835018158, 25.5803489685, 28.6650238037, 28.0319366455, 27.3107414246, 24.2453212738, 18.9439220428, 14.3630819321, 15.8213443756, 15.844786644, 18.087770462, 15.5537385941, 8.34930038452, 9.39315032959, 15.1357440948, 12.0281496048, 8.00184726715, 6.66517162323, 5.30747365952, 4.3033862114, 2.22581768036, 1.06546878815, 0.425508737564, 0.0368689075112, 0.00065642199479, 5.69660842302e-05],
        "dvar": [1.41141223907, 37.2447509766, 132.967147827, 41.1742172241, 71.6845932007, 229.220825195, 476.412872314, 2573.07470703, 904.204528809, 2483.99121094, 2007.59362793, 7633.55126953, 16641.7597656, 5075.66308594, 2004.13000488, 1203.56103516, 1109.99731445, 1369.93359375, 2971.66943359, 1952.53369141, 405.144744873, 253.327667236, 265.35357666, 303.474273682, 330.636260986, 327.151397705, 54.3748779297, 112.156784058, 311.16317749, 173.187561035, 75.9770278931, 61.8386535645, 37.67527771, 28.9239940643, 7.14726734161, 1.05490136147, 0.207207098603, 0.00139712647069, 4.29445719874e-07, 2.04726191555e-09],
        "dvar2": [3.03384542465, 91.1993637085, 368.698486328, 104.886657715, 177.348526001, 608.352661133, 1210.26330566, 5748.24121094, 2140.61987305, 6228.27392578, 5007.60742188, 15563.8652344, 38703.5273438, 11795.3037109, 4873.66162109, 2768.72070312, 2549.23535156, 3171.12597656, 8254.47753906, 5210.45751953, 975.361633301, 558.592224121, 610.04296875, 716.837219238, 831.642028809, 870.627807617, 126.24066925, 293.816162109, 838.625610352, 426.473815918, 175.989303589, 135.970245361, 78.9630584717, 63.0911369324, 16.0113658905, 2.45577001572, 0.583052515984, 0.00364056648687, 1.11029737582e-06, 4.33355928919e-09],
        "max": [9.09800720215, 52.666633606, 94.8160400391, 63.02003479, 214.862670898, 177.648483276, 225.46647644, 1124.28515625, 345.685455322, 610.276672363, 1026.43591309, 1653.19433594, 2089.81567383, 1078.67260742, 835.024963379, 441.385040283, 409.873626709, 533.172607422, 1230.22412109, 1006.45465088, 325.127380371, 232.610610962, 170.307403564, 190.774307251, 157.945159912, 189.890350342, 64.5410308838, 89.0950546265, 137.703826904, 147.615661621, 125.668937683, 119.171760559, 87.5792922974, 83.6058807373, 35.931728363, 13.0326108932, 7.25815963745, 0.444828212261, 0.00811342522502, 0.00053957675118],
        "mean": [0.746574938297, 4.50494241714, 6.04714298248, 6.89476156235, 8.40891075134, 10.4870738983, 14.4606628418, 26.8156776428, 17.1115665436, 24.4335842133, 22.8448581696, 74.7642822266, 79.2604827881, 48.6408882141, 31.2093658447, 25.2917232513, 30.1859264374, 27.4161586761, 24.7111587524, 21.6537857056, 17.2368183136, 14.2860546112, 15.0618429184, 12.6524171829, 16.0278377533, 13.2824735641, 7.63158893585, 6.83652734756, 10.0017004013, 9.76904392242, 6.78468704224, 5.57069396973, 4.32911682129, 3.44845175743, 1.86032140255, 0.876552760601, 0.336723536253, 0.0251447875053, 0.000505652162246, 8.38616542751e-05],
        "median": [0.167855083942, 2.39448070526, 3.61735272408, 5.03299427032, 5.79946899414, 5.24414205551, 6.32215261459, 7.93000078201, 6.24655485153, 6.27180242538, 8.05966186523, 14.3369112015, 17.1224098206, 10.1582393646, 6.90856599808, 7.9111905098, 7.89585733414, 8.35079574585, 6.53770017624, 5.82476711273, 4.59782409668, 4.628510952, 5.39280986786, 4.95194721222, 6.64788007736, 5.96982288361, 3.94109511375, 3.23509669304, 4.43249368668, 4.06484508514, 2.40015912056, 1.83094608784, 1.47608602047, 1.15701198578, 0.700707614422, 0.409344851971, 0.156264320016, 0.0090116141364, 0.000212938204641, 6.43251041765e-05],
        "min": [6.14329619566e-05, 0.000269468844635, 0.000715469883289, 0.00154855428264, 0.00641992967576, 0.0041356314905, 0.00281348288991, 0.0119915567338, 0.0291934851557, 0.025100197643, 0.0600595548749, 0.132778212428, 0.221462517977, 0.0259665809572, 0.0287433825433, 0.028563991189, 0.0397571399808, 0.10429611057, 0.101659752429, 0.0257223881781, 0.036677133292, 0.0591176562011, 0.0325886122882, 0.0355636700988, 0.0453516431153, 0.0529451034963, 0.020252102986, 0.0185854751617, 0.00890547595918, 0.00210642023012, 0.00125772878528, 0.000666753272526, 0.000364823878044, 0.000147340397234, 9.50355024543e-05, 7.94085790403e-05, 2.03493909794e-05, 9.83103291219e-07, 1.20015283755e-06, 1.29455099795e-06],
        "var": [1.97677373886, 47.8536987305, 104.541809082, 57.8196105957, 125.738632202, 283.844696045, 542.546813965, 3564.10253906, 1042.78271484, 2565.37207031, 2501.06689453, 34449.3320312, 38596.265625, 12671.8095703, 5426.21386719, 2057.234375, 2307.74584961, 2174.47265625, 3870.77954102, 2884.78564453, 938.541687012, 558.305419922, 536.222229004, 398.128662109, 520.461914062, 425.29675293, 83.1936569214, 99.8097229004, 255.682647705, 239.803222656, 123.193603516, 109.721481323, 66.6735153198, 51.7299385071, 13.6691017151, 1.84196090698, 0.29155600071, 0.00175484118517, 6.01827196078e-07, 4.65249883064e-09]
    },
    "gfcc": {
        "mean": [29.3785705566, 72.1208190918, -90.7331085205, 32.5782928467, -60.9642791748, 24.9048366547, -34.5476417542, 18.8778495789, -26.6795310974, 9.85071182251, -19.5383911133, 5.41180562973, -12.2417173386],
        "cov": [[3357.5246582, -575.789123535, 100.213554382, 77.8872833252, 111.358154297, 213.149932861, -117.750061035, 66.2661743164, -125.566078186, 80.6209716797, -53.0471153259, 104.867202759, -156.306533813], [-575.789123535, 1131.12133789, 39.3080329895, 147.350158691, 310.66104126, -4.27687072754, 219.450119019, -51.8109283447, 78.4011611938, -78.7834777832, 68.5917739868, -102.492515564, 41.8300476074], [100.213554382, 39.3080329895, 976.588439941, 271.510772705, 83.2074050903, 57.4702377319, -8.65314388275, 72.2181167603, 2.21549797058, -16.2064304352, -61.984413147, 26.7296638489, -32.1697731018], [77.8872833252, 147.350158691, 271.510772705, 526.517089844, 242.918365479, 34.2521514893, -26.5512008667, -17.3836307526, 41.1612243652, -33.6802558899, 21.7545452118, -23.7091846466, 52.9479789734], [111.358154297, 310.66104126, 83.2074050903, 242.918365479, 482.361663818, 121.480010986, 71.6858978271, -11.7243156433, 29.8622379303, 26.8706817627, 21.9655132294, 4.95511960983, 4.25378847122], [213.149932861, -4.27687072754, 57.4702377319, 34.2521514893, 121.480010986, 262.016143799, 127.981048584, -0.750244319439, -16.8256931305, -16.02759552, 11.9637393951, 3.37618970871, -13.244559288], [-117.750061035, 219.450119019, -8.65314388275, -26.5512008667, 71.6858978271, 127.981048584, 286.087249756, 60.4946670532, 14.3185176849, -39.4142227173, -1.43336069584, -41.5433273315, -4.21335697174], [66.2661743164, -51.8109283447, 72.2181167603, -17.3836307526, -11.7243156433, -0.750244319439, 60.4946670532, 126.093208313, 47.1589126587, 8.03287220001, -32.9957923889, -9.76971149445, -7.84555625916], [-125.566078186, 78.4011611938, 2.21549797058, 41.1612243652, 29.8622379303, -16.8256931305, 14.3185176849, 47.1589126587, 120.588661194, 18.7969398499, 12.7226743698, -4.1646194458, 21.3530025482], [80.6209716797, -78.7834777832, -16.2064304352, -33.6802558899, 26.8706817627, -16.02759552, -39.4142227173, 8.03287220001, 18.7969398499, 99.7414474487, 31.9417114258, 26.3213367462, -16.870470047], [-53.0471153259, 68.5917739868, -61.984413147, 21.7545452118, 21.9655132294, 11.9637393951, -1.43336069584, -32.9957923889, 12.7226743698, 31.9417114258, 96.3552703857, 23.0246887207, 6.3736577034], [104.867202759, -102.492515564, 26.7296638489, -23.7091846466, 4.95511960983, 3.37618970871, -41.5433273315, -9.76971149445, -4.1646194458, 26.3213367462, 23.0246887207, 94.8873672485, 16.6742305756], [-156.306533813, 41.8300476074, -32.1697731018, 52.9479789734, 4.25378847122, -13.244559288, -4.21335697174, -7.84555625916, 21.3530025482, -16.870470047, 6.3736577034, 16.6742305756, 98.7914123535]],
        "icov": [[0.000448263046565, -7.44561184547e-05, 0.000214074811083, -0.000383707665605, 0.000130389424157, -0.000587149814237, 0.000419828429585, -0.000711630622391, 0.000594173441641, -0.000362925726222, 0.000496114604175, -0.000740871066228, 0.000795818807092], [-7.44561184547e-05, 0.00277936179191, -0.000908495683689, 0.00139032118022, -0.00246251281351, 0.00242198514752, -0.00215133046731, 0.0025893712882, -0.00195260997862, 0.00292972195894, -0.00318716745824, 0.00313947349787, -0.00119292002637], [0.000214074811083, -0.000908495683689, 0.00193301076069, -0.00182566407602, 0.00118806352839, -0.00131476297975, 0.000802923634183, -0.0019089205889, 0.00110114063136, -0.00125042395666, 0.00243998947553, -0.0025947894901, 0.00181553477887], [-0.000383707665605, 0.00139032118022, -0.00182566407602, 0.00519802421331, -0.00342771154828, 0.00160720432177, 0.000246307143243, 0.0016199874226, -0.00202856352553, 0.00398853421211, -0.00433349702507, 0.00459787296131, -0.00345086422749], [0.000130389424157, -0.00246251281351, 0.00118806352839, -0.00342771154828, 0.0058844126761, -0.0032679005526, 0.00061384763103, -0.00116647582036, 0.00118428678252, -0.00501636508852, 0.0043683857657, -0.00400484027341, 0.0019965111278], [-0.000587149814237, 0.00242198514752, -0.00131476297975, 0.00160720432177, -0.0032679005526, 0.00858254637569, -0.00501441443339, 0.00392048386857, -0.00151296553668, 0.00338230654597, -0.00368179101497, 0.00218949769624, -0.00108259753324], [0.000419828429585, -0.00215133046731, 0.000802923634183, 0.000246307143243, 0.00061384763103, -0.00501441443339, 0.00891062617302, -0.00664656702429, 0.00221185293049, 0.000915431359317, -0.00011241788161, 0.000191441300558, 0.000511297141202], [-0.000711630622391, 0.0025893712882, -0.0019089205889, 0.0016199874226, -0.00116647582036, 0.00392048386857, -0.00664656702429, 0.017689390108, -0.0081907780841, -0.000374466239009, 0.0025427993387, 0.00264760688879, -0.000919496233109], [0.000594173441641, -0.00195260997862, 0.00110114063136, -0.00202856352553, 0.00118428678252, -0.00151296553668, 0.00221185293049, -0.0081907780841, 0.0140424752608, -0.00394443981349, -7.71190534579e-05, -0.00155403767712, -0.00103880546521], [-0.000362925726222, 0.00292972195894, -0.00125042395666, 0.00398853421211, -0.00501636508852, 0.00338230654597, 0.000915431359317, -0.000374466239009, -0.00394443981349, 0.0195627789944, -0.00989523995668, 0.00207911711186, 0.000799929839559], [0.000496114604175, -0.00318716745824, 0.00243998947553, -0.00433349702507, 0.0043683857657, -0.00368179101497, -0.00011241788161, 0.0025427993387, -7.71190534579e-05, -0.00989523995668, 0.0209190137684, -0.00853992719203, 0.00318564870395], [-0.000740871066228, 0.00313947349787, -0.0025947894901, 0.00459787296131, -0.00400484027341, 0.00218949769624, 0.000191441300558, 0.00264760688879, -0.00155403767712, 0.00207911711186, -0.00853992719203, 0.019813708961, -0.00722861103714], [0.000795818807092, -0.00119292002637, 0.00181553477887, -0.00345086422749, 0.0019965111278, -0.00108259753324, 0.000511297141202, -0.000919496233109, -0.00103880546521, 0.000799929839559, 0.00318564870395, -0.00722861103714, 0.0154206352308]]
    },
    "melbands": {
        "dmean": [0.00462970277295, 0.0031529259868, 0.000695654132869, 0.000410108972574, 0.000332719966536, 0.000418162759161, 0.000225308904191, 0.000198527864995, 0.000120966331451, 0.00021941648447, 0.00025243795244, 0.000136773611302, 6.82656245772e-05, 4.46613739769e-05, 4.34061366832e-05, 4.52325075457e-05, 3.4830201912e-05, 3.09939641738e-05, 2.22252474487e-05, 2.02007540793e-05, 1.26206596178e-05, 1.07662726805e-05, 8.58290513861e-06, 8.32801106299e-06, 8.48525451147e-06, 7.68492100178e-06, 9.55837367655e-06, 5.81357471674e-06, 3.56501277565e-06, 2.8145059332e-06, 3.56749069397e-06, 4.87604120281e-06, 5.47401577933e-06, 4.07095785704e-06, 3.13250598083e-06, 2.73138107332e-06, 2.65157973445e-06, 2.3738928121e-06, 2.6000300295e-06, 2.41476232077e-06],
        "dmean2": [0.00707784667611, 0.00522538460791, 0.00109265383799, 0.000667551998049, 0.000519388297107, 0.000630991824437, 0.000354161253199, 0.000321342580719, 0.000183947689948, 0.000333185889758, 0.000384521699743, 0.000217907683691, 0.000102420461189, 7.02252800693e-05, 6.91789609846e-05, 6.91654859111e-05, 5.40110522707e-05, 5.07404220116e-05, 3.47821769537e-05, 3.26705594489e-05, 2.04598218261e-05, 1.68378628587e-05, 1.32193399622e-05, 1.30707467179e-05, 1.34300216814e-05, 1.26449067466e-05, 1.56838159455e-05, 9.33992578211e-06, 5.72057479076e-06, 4.46041531177e-06, 5.96393283558e-06, 8.1556445366e-06, 9.25764834392e-06, 6.48476225251e-06, 4.96275060868e-06, 4.36490381617e-06, 4.12735698774e-06, 3.66855078937e-06, 4.02181467507e-06, 3.84554550692e-06],
        "dvar": [7.74471845943e-05, 3.86243737012e-05, 1.13774785859e-06, 6.83149551151e-07, 4.43217857082e-07, 1.03809702523e-06, 2.47572216949e-07, 2.30457516182e-07, 1.36746280077e-07, 3.48732839939e-07, 4.40691678705e-07, 9.97512472622e-08, 2.29909886684e-08, 1.46220830999e-08, 9.17327636074e-09, 8.79992256841e-09, 5.93188076436e-09, 1.21970691325e-08, 3.87944876223e-09, 2.48958254012e-09, 5.20812670768e-10, 3.98915178668e-10, 1.95920432655e-10, 1.6056052321e-10, 2.395357801e-10, 1.74658079666e-10, 3.01714181417e-10, 1.07804987159e-10, 2.53552994572e-11, 1.87944486363e-11, 4.97450483583e-11, 8.07206315678e-11, 1.11361468658e-10, 5.33375461853e-11, 3.04533377682e-11, 2.23094459573e-11, 2.70656951712e-11, 1.94122756064e-11, 2.46475565652e-11, 2.29210053715e-11],
        "dvar2": [0.000159199465998, 0.000104698527139, 2.82173618871e-06, 1.81892835371e-06, 1.08389622255e-06, 2.32989918914e-06, 5.91960656493e-07, 5.64353854315e-07, 3.21577800833e-07, 7.42279269161e-07, 1.02843921468e-06, 2.32262067357e-07, 4.7357691102e-08, 3.58235396902e-08, 1.97131129198e-08, 2.03481000938e-08, 1.3498009821e-08, 3.40850512259e-08, 8.43565661768e-09, 6.44796305238e-09, 1.3070715621e-09, 9.04318564476e-10, 4.25202678622e-10, 3.92885945999e-10, 5.61838353619e-10, 4.20475348983e-10, 8.05763233913e-10, 2.75971495656e-10, 6.11236755654e-11, 4.19126885975e-11, 1.34756927839e-10, 2.16574591594e-10, 2.90859197838e-10, 1.32986413548e-10, 7.11010139653e-11, 5.13586777273e-11, 6.14928941101e-11, 4.30879568136e-11, 5.51676343497e-11, 5.13656964185e-11],
        "max": [0.0650693848729, 0.0492631159723, 0.0117721632123, 0.0124315684661, 0.00687928218395, 0.0218453314155, 0.00462137395516, 0.00560290366411, 0.00734716188163, 0.0114622740075, 0.0104033509269, 0.00442642858252, 0.00287584261969, 0.00227630697191, 0.00114734692033, 0.00143888522871, 0.00115990533959, 0.00259448308498, 0.00110698596109, 0.00115777482279, 0.00029515082133, 0.000325831555529, 0.000172008891241, 0.000121906326967, 0.0001838390599, 0.000112067697046, 0.00026482870453, 8.27690309961e-05, 4.25971229561e-05, 5.72601857129e-05, 6.10714851064e-05, 6.66482010274e-05, 8.06251773611e-05, 8.45902759465e-05, 7.45366633055e-05, 6.24335443717e-05, 9.50272878981e-05, 6.72619135003e-05, 6.36488330201e-05, 7.07506842446e-05],
        "mean": [0.00643967278302, 0.00423367926851, 0.00126858998556, 0.000673180038575, 0.000505042844452, 0.000572529970668, 0.000273553712759, 0.000261547684204, 0.000188237318071, 0.000504105060827, 0.000388916931115, 0.000196591237909, 0.0001156995786, 6.54275718261e-05, 6.83565158397e-05, 7.0352012699e-05, 4.95177628181e-05, 4.26219412475e-05, 3.20393846778e-05, 2.75390630122e-05, 1.74436754605e-05, 1.54724839376e-05, 1.25489714264e-05, 1.15736929729e-05, 9.95691516437e-06, 1.03492038761e-05, 1.32683017e-05, 7.60312241255e-06, 5.07365257363e-06, 3.78475874641e-06, 3.91089452023e-06, 5.3260068853e-06, 6.21650406174e-06, 5.16722457178e-06, 3.93310574509e-06, 3.57275825991e-06, 3.27815723722e-06, 2.92260347123e-06, 3.11489225169e-06, 2.8534170724e-06],
        "median": [0.00223748246208, 0.00272088730708, 0.00100069458131, 0.000420696625952, 0.000241299858317, 0.000182060277439, 8.92854659469e-05, 6.17045370745e-05, 6.24988097115e-05, 8.37472543935e-05, 7.59184185881e-05, 3.54026124114e-05, 1.91424296645e-05, 1.75175082404e-05, 1.74706347025e-05, 1.53084747581e-05, 1.4007210666e-05, 9.59777298704e-06, 6.24093263468e-06, 6.86073599354e-06, 4.47190313935e-06, 4.60252658741e-06, 4.27767554356e-06, 4.33179047832e-06, 3.45428929904e-06, 4.03475814892e-06, 4.76734794574e-06, 3.40584279002e-06, 2.52472932516e-06, 1.72081547589e-06, 1.7654332396e-06, 2.48598416874e-06, 2.46158469963e-06, 2.07107018468e-06, 1.39246765229e-06, 1.22669950997e-06, 1.06057461835e-06, 1.0492143474e-06, 9.12939583486e-07, 8.73262820278e-07],
        "min": [8.71025804372e-07, 3.57191652256e-07, 3.81373780556e-07, 2.12887272255e-07, 9.5964260538e-08, 1.34095927251e-07, 2.5993580266e-07, 1.94990420255e-07, 2.54304779901e-07, 7.65837626204e-07, 1.8705138416e-07, 7.44559613963e-08, 4.23838422137e-08, 5.26885663987e-08, 6.91441854883e-08, 3.871171117e-08, 1.4555183725e-07, 2.0374544718e-08, 2.02081373857e-08, 3.77618860625e-08, 3.21682342985e-08, 1.50122243525e-08, 3.47582478355e-08, 2.62185153588e-08, 1.84023694061e-08, 2.68274096271e-08, 4.15509120444e-08, 2.78771867812e-08, 1.23057981583e-08, 5.77888981113e-09, 9.87373827144e-09, 6.00349769897e-09, 1.50280043965e-09, 9.8316443875e-10, 6.77724265596e-10, 2.95786728444e-10, 4.11030848246e-10, 2.3159012208e-10, 3.71958470968e-11, 2.3039868082e-13],
