{
"highlevel": {
    "danceability": {
        "all": {
            "danceable": 0.991177678108,
            "not_danceable": 0.00882230326533
        },
        "probability": 0.991177678108,
        "value": "danceable"
    },
    "gender": {
        "all": {
            "female": 0.997422099113,
            "male": 0.00257791951299
        },
        "probability": 0.997422099113,
        "value": "female"
    },
    "genre_dortmund": {
        "all": {
            "alternative": 0.0317002348602,
            "blues": 0.0775238275528,
            "electronic": 0.0370685234666,
            "folkcountry": 0.194507837296,
            "funksoulrnb": 0.0364025868475,
            "jazz": 0.0301712565124,
            "pop": 0.215022072196,
            "raphiphop": 0.297946125269,
            "rock": 0.0796575248241
        },
        "probability": 0.297946125269,
        "value": "raphiphop"
    },
    "genre_electronic": {
        "all": {
            "ambient": 0.464952230453,
            "dnb": 0.0718878880143,
            "house": 0.286460608244,
            "techno": 0.0173674728721,
            "trance": 0.159331783652
        },
        "probability": 0.464952230453,
        "value": "ambient"
    },
    "genre_rosamerica": {
        "all": {
            "cla": 0.0121253272519,
            "dan": 0.131694585085,
            "hip": 0.0898589342833,
            "jaz": 0.00975853204727,
            "pop": 0.517240345478,
            "rhy": 0.183274254203,
            "roc": 0.0469852350652,
            "spe": 0.00906280148774
        },
        "probability": 0.517240345478,
        "value": "pop"
    },
    "genre_tzanetakis": {
        "all": {
            "blu": 0.0656752660871,
            "cla": 0.0364902876318,
            "cou": 0.109477318823,
            "dis": 0.0821205973625,
            "hip": 0.109498344362,
            "jaz": 0.328496694565,
            "met": 0.0656927227974,
            "pop": 0.0821140632033,
            "reg": 0.0547426454723,
            "roc": 0.0656920596957
        },
        "probability": 0.328496694565,
        "value": "jaz"
    },
    "ismir04_rhythm": {
        "all": {
            "ChaChaCha": 0.247089222074,
            "Jive": 0.181171908975,
            "Quickstep": 0.0659040808678,
            "Rumba-American": 0.00969205331057,
            "Rumba-International": 0.104867272079,
            "Rumba-Misc": 0.0152819929644,
            "Samba": 0.355547040701,
            "Tango": 0.00674369791523,
            "VienneseWaltz": 0.00880840327591,
            "Waltz": 0.00489431759343
        },
        "probability": 0.355547040701,
        "value": "Samba"
    },
    "mood_acoustic": {
        "all": {
            "acoustic": 0.0619737990201,
            "not_acoustic": 0.938026189804
        },
        "probability": 0.938026189804,
        "value": "not_acoustic"
    },
    "mood_aggressive": {
        "all": {
            "aggressive": 0.00417569139972,
            "not_aggressive": 0.995824337006
        },
        "probability": 0.995824337006,
        "value": "not_aggressive"
    },
    "mood_electronic": {
        "all": {
            "electronic": 0.44067889452,
            "not_electronic": 0.55932110548
        },
        "probability": 0.55932110548,
        "value": "not_electronic"
    },
    "mood_happy": {
        "all": {
            "happy": 0.408677428961,
            "not_happy": 0.591322541237
        },
        "probability": 0.591322541237,
        "value": "not_happy"
    },
    "mood_party": {
        "all": {
            "not_party": 0.453289330006,
            "party": 0.546710669994
        },
        "probability": 0.546710669994,
        "value": "party"
    },
    "mood_relaxed": {
        "all": {
            "not_relaxed": 0.90001475811,
            "relaxed": 0.0999852344394
        },
        "probability": 0.90001475811,
        "value": "not_relaxed"
    },
    "mood_sad": {
        "all": {
            "not_sad": 0.368166089058,
            "sad": 0.631833910942
        },
        "probability": 0.631833910942,
        "value": "sad"
    },
    "moods_mirex": {
        "all": {
            "Cluster1": 0.103304997087,
            "Cluster2": 0.291492909193,
            "Cluster3": 0.138686165214,
            "Cluster4": 0.449540257454,
            "Cluster5": 0.0169756691903
        },
        "probability": 0.449540257454,
        "value": "Cluster4"
    },
    "timbre": {
        "all": {
            "bright": 0.980390667915,
            "dark": 0.0196093358099
        },
        "probability": 0.980390667915,
        "value": "bright"
    },
    "tonal_atonal": {
        "all": {
            "atonal": 0.0603529959917,
            "tonal": 0.939647018909
        },
        "probability": 0.939647018909,
        "value": "tonal"
    },
    "voice_instrumental": {
        "all": {
            "instrumental": 0.052233863622,
            "voice": 0.947766125202
        },
        "probability": 0.947766125202,
        "value": "voice"
    }
},
"lowlevel": {
    "average_loudness": 0.898829102516,
    "barkbands_crest": {
        "dmean": 2.86627221107,
        "dmean2": 4.52744531631,
        "dvar": 11.9388828278,
        "dvar2": 24.4450378418,
        "max": 26.387134552,
        "mean": 10.8285398483,
        "median": 8.70223712921,
        "min": 2.59010219574,
        "var": 36.7549781799
    },
    "barkbands_flatness_db": {
        "dmean": 0.0337821170688,
        "dmean2": 0.0475996807218,
        "dvar": 0.00133280351292,
        "dvar2": 0.00226568407379,
        "max": 0.399223864079,
        "mean": 0.161686465144,
        "median": 0.151352360845,
        "min": 0.035607945174,
        "var": 0.00447097001597
    },
    "barkbands_kurtosis": {
        "dmean": 7.84848594666,
        "dmean2": 12.7929010391,
        "dvar": 1006.46710205,
        "dvar2": 2127.13256836,
        "max": 481.298828125,
        "mean": 7.92917776108,
        "median": 0.947299957275,
        "min": -1.92643380165,
        "var": 1050.0411377
    },
    "barkbands_skewness": {
        "dmean": 0.903789699078,
        "dmean2": 1.40016961098,
        "dvar": 2.56581139565,
        "dvar2": 4.84793806076,
        "max": 20.4139862061,
        "mean": 1.70052647591,
        "median": 1.16692042351,
        "min": -2.49875998497,
        "var": 4.79524230957
    },
    "barkbands_spread": {
        "dmean": 10.3314371109,
        "dmean2": 16.5564842224,
        "dvar": 224.964859009,
        "dvar2": 541.907592773,
        "max": 109.856292725,
        "mean": 25.2200813293,
        "median": 22.8265209198,
        "min": 0.788749337196,
        "var": 288.964630127
    },
    "dissonance": {
        "dmean": 0.0201976448298,
        "dmean2": 0.0330607332289,
        "dvar": 0.000432191387517,
        "dvar2": 0.00119488930795,
        "max": 0.499870687723,
        "mean": 0.459624737501,
        "median": 0.468149483204,
        "min": 0.279980868101,
        "var": 0.00104780076072
    },
    "dynamic_complexity": 2.85719203949,
    "erbbands_crest": {
        "dmean": 2.82978796959,
        "dmean2": 4.46738672256,
        "dvar": 6.86062955856,
        "dvar2": 15.1025972366,
        "max": 28.5597038269,
        "mean": 9.55442810059,
        "median": 8.47846031189,
        "min": 2.55936908722,
        "var": 20.7432079315
    },
    "erbbands_flatness_db": {
        "dmean": 0.0264049749821,
        "dmean2": 0.0365983732045,
        "dvar": 0.000653317954857,
        "dvar2": 0.0011757297907,
        "max": 0.351132690907,
        "mean": 0.162291005254,
        "median": 0.157034650445,
        "min": 0.0613587610424,
        "var": 0.00278036226518
    },
    "erbbands_kurtosis": {
        "dmean": 1.24986207485,
        "dmean2": 1.97610902786,
        "dvar": 2.97947406769,
        "dvar2": 7.83427333832,
        "max": 21.8004493713,
        "mean": 1.0619519949,
        "median": 0.150972366333,
        "min": -1.67457461357,
        "var": 7.0836224556
    },
    "erbbands_skewness": {
        "dmean": 0.453578084707,
        "dmean2": 0.702834904194,
        "dvar": 0.204475238919,
        "dvar2": 0.528168082237,
        "max": 3.09872364998,
        "mean": 0.0226607583463,
        "median": 0.00919140130281,
        "min": -2.88186693192,
        "var": 0.770018517971
    },
    "erbbands_spread": {
        "dmean": 11.9808988571,
        "dmean2": 19.074968338,
        "dvar": 306.860473633,
        "dvar2": 856.235595703,
        "max": 167.019424438,
        "mean": 37.5267181396,
        "median": 34.0529975891,
        "min": 4.19976377487,
        "var": 544.113891602
    },
    "hfc": {
        "dmean": 22.238779068,
        "dmean2": 36.7596817017,
        "dvar": 2111.23266602,
        "dvar2": 5309.60644531,
        "max": 351.692474365,
        "mean": 27.7768421173,
        "median": 12.8527927399,
        "min": 0.332631111145,
        "var": 1894.63110352
    },
    "melbands_crest": {
        "dmean": 3.19423341751,
        "dmean2": 4.98586797714,
        "dvar": 14.0880088806,
        "dvar2": 28.3256797791,
        "max": 37.5365447998,
        "mean": 16.1469230652,
        "median": 12.6001367569,
        "min": 3.42256808281,
        "var": 89.4932022095
    },
    "melbands_flatness_db": {
        "dmean": 0.0412272103131,
        "dmean2": 0.0580185949802,
        "dvar": 0.00201729056425,
        "dvar2": 0.00371130183339,
        "max": 0.504165887833,
        "mean": 0.212552130222,
        "median": 0.19836564362,
        "min": 0.035023894161,
        "var": 0.00774316955358
    },
    "melbands_kurtosis": {
        "dmean": 22.750995636,
        "dmean2": 35.9667625427,
        "dvar": 7653.65234375,
        "dvar2": 15124.2587891,
        "max": 1142.8515625,
        "mean": 27.6952362061,
        "median": 5.08986949921,
        "min": -1.71097671986,
        "var": 9217.9765625
    },
    "melbands_skewness": {
        "dmean": 1.24387264252,
        "dmean2": 1.92612636089,
        "dvar": 4.67371416092,
        "dvar2": 9.18605327606,
        "max": 26.5243244171,
        "mean": 3.11780261993,
        "median": 1.94993150234,
        "min": -1.13033080101,
        "var": 11.2693395615
    },
    "melbands_spread": {
        "dmean": 10.3889484406,
        "dmean2": 16.9291591644,
        "dvar": 209.723205566,
        "dvar2": 543.164489746,
        "max": 130.188934326,
        "mean": 25.9783325195,
        "median": 23.1542358398,
        "min": 0.367910563946,
        "var": 351.634674072
    },
    "pitch_salience": {
        "dmean": 0.0794512182474,
        "dmean2": 0.123855672777,
        "dvar": 0.00831503979862,
        "dvar2": 0.0157258249819,
        "max": 0.814778983593,
        "mean": 0.490416258574,
        "median": 0.528039813042,
        "min": 0.0253124665469,
        "var": 0.0321660451591
    },
    "silence_rate_20dB": {
        "dmean": 0,
        "dmean2": 0,
        "dvar": 0,
        "dvar2": 0,
        "max": 1,
        "mean": 1,
        "median": 1,
        "min": 1,
        "var": 0
    },
    "silence_rate_30dB": {
        "dmean": 0.0634674951434,
        "dmean2": 0.127033308148,
        "dvar": 0.0594394728541,
        "dvar2": 0.138782054186,
        "max": 1,
        "mean": 0.939675152302,
        "median": 1,
        "min": 0,
        "var": 0.0566857866943
    },
    "silence_rate_60dB": {
        "dmean": 0.0301857590675,
        "dmean2": 0.0596436858177,
        "dvar": 0.0292747989297,
        "dvar2": 0.0669313445687,
        "max": 1,
        "mean": 0.0525908730924,
        "median": 0,
        "min": 0,
        "var": 0.0498249493539
    },
    "spectral_centroid": {
        "dmean": 345.341003418,
        "dmean2": 555.63684082,
        "dvar": 203645.515625,
        "dvar2": 552952.625,
        "max": 4297.00244141,
        "mean": 1594.3963623,
        "median": 1543.25854492,
        "min": 301.00088501,
        "var": 446739.8125
    },
    "spectral_complexity": {
        "dmean": 5.10990715027,
        "dmean2": 7.79705667496,
        "dvar": 48.9429130554,
        "dvar2": 99.7980651855,
        "max": 54,
        "mean": 16.1964416504,
        "median": 14,
        "min": 2,
        "var": 91.1477966309
    },
    "spectral_decrease": {
        "dmean": 4.10443590226e-09,
        "dmean2": 6.35996899589e-09,
        "dvar": 4.82750083199e-17,
        "dvar2": 1.07937070979e-16,
        "max": -1.75959691262e-10,
        "mean": -8.20141288216e-09,
        "median": -4.28119051321e-09,
        "min": -5.50326788584e-08,
        "var": 9.02821250313e-17
    },
    "spectral_energy": {
        "dmean": 0.0164420250803,
        "dmean2": 0.0254818405956,
        "dvar": 0.000717183167581,
        "dvar2": 0.00158284418285,
        "max": 0.210234433413,
        "mean": 0.0334734432399,
        "median": 0.0178600717336,
        "min": 0.000706069695298,
        "var": 0.001410221681
    },
    "spectral_energyband_high": {
        "dmean": 0.00207439623773,
        "dmean2": 0.00352108012885,
        "dvar": 2.34465987887e-05,
        "dvar2": 5.95529563725e-05,
        "max": 0.0374817810953,
        "mean": 0.0017350492999,
        "median": 0.000230748948525,
        "min": 2.27448623491e-07,
        "var": 1.83254614967e-05
    },
    "spectral_energyband_low": {
        "dmean": 0.0114084305242,
        "dmean2": 0.0175173506141,
        "dvar": 0.0006360373809,
        "dvar2": 0.00131152535323,
        "max": 0.207646340132,
        "mean": 0.0187742635608,
        "median": 0.00341691519134,
        "min": 2.8133640626e-06,
        "var": 0.0011428820435
    },
    "spectral_energyband_middle_high": {
        "dmean": 0.00271645910107,
        "dmean2": 0.00425341632217,
        "dvar": 3.00226165564e-05,
        "dvar2": 7.06662904122e-05,
        "max": 0.0491793714464,
        "mean": 0.00538818445057,
        "median": 0.00349035742693,
        "min": 2.70453001576e-05,
        "var": 4.24809877586e-05
    },
    "spectral_energyband_middle_low": {
        "dmean": 0.00500533916056,
        "dmean2": 0.00827996153384,
        "dvar": 0.000126286264276,
        "dvar2": 0.000344395928551,
        "max": 0.0928183868527,
        "mean": 0.00862436555326,
        "median": 0.00457075191662,
        "min": 0.000124895595945,
        "var": 0.000123591016745
    },
    "spectral_entropy": {
        "dmean": 0.286505579948,
        "dmean2": 0.379341244698,
        "dvar": 0.0847235396504,
        "dvar2": 0.130333349109,
        "max": 8.60185623169,
        "mean": 7.47205209732,
        "median": 7.45969104767,
        "min": 5.86736869812,
        "var": 0.289018213749
    },
    "spectral_flux": {
        "dmean": 0.0397429317236,
        "dmean2": 0.0634107962251,
        "dvar": 0.00290765776299,
        "dvar2": 0.00654498627409,
        "max": 0.415392965078,
        "mean": 0.0875996723771,
        "median": 0.0593889430165,
        "min": 0.00872991792858,
        "var": 0.0055965851061
    },
    "spectral_kurtosis": {
        "dmean": 2.6782310009,
        "dmean2": 4.03790855408,
        "dvar": 17.8266201019,
        "dvar2": 41.2892036438,
        "max": 71.3426208496,
        "mean": 6.00865411758,
        "median": 4.49613237381,
        "min": -0.341968774796,
        "var": 47.6176948547
    },
    "spectral_rms": {
        "dmean": 0.00118614116218,
        "dmean2": 0.00177322409581,
        "dvar": 2.65699623014e-06,
        "dvar2": 5.28410282641e-06,
        "max": 0.0143215488642,
        "mean": 0.00499556679279,
        "median": 0.00417426135391,
        "min": 0.000829968950711,
        "var": 7.70136739447e-06
    },
    "spectral_rolloff": {
        "dmean": 972.313171387,
        "dmean2": 1726.77648926,
        "dvar": 3555017,
        "dvar2": 9285703,
        "max": 10465.1367188,
        "mean": 1741.44238281,
        "median": 1335.05859375,
        "min": 43.06640625,
        "var": 3324119
    },
    "spectral_skewness": {
        "dmean": 0.321265429258,
        "dmean2": 0.481071919203,
        "dvar": 0.136549219489,
        "dvar2": 0.279557883739,
        "max": 7.16214036942,
        "mean": 1.75236582756,
        "median": 1.59989750385,
        "min": 0.449181139469,
        "var": 0.583730816841
    },
    "spectral_spread": {
        "dmean": 1168097.25,
        "dmean2": 1628292.625,
        "dvar": 1.80313325568e+12,
        "dvar2": 3.4724488151e+12,
        "max": 16550529,
        "mean": 4996763.5,
        "median": 4499917,
        "min": 991446.625,
        "var": 4.20511875072e+12
    },
    "spectral_strongpeak": {
        "dmean": 0.448331564665,
        "dmean2": 0.762376964092,
        "dvar": 0.51266759634,
        "dvar2": 1.2841694355,
        "max": 6.15330171585,
        "mean": 0.828989386559,
        "median": 0.440126985312,
        "min": 0,
        "var": 0.896480798721
    },
    "zerocrossingrate": {
        "dmean": 0.0180066935718,
        "dmean2": 0.0234189666808,
        "dvar": 0.000479338516016,
        "dvar2": 0.00069512729533,
        "max": 0.24169921875,
        "mean": 0.0668507292867,
        "median": 0.06005859375,
        "min": 0.00439453125,
        "var": 0.00157644192223
    },
    "barkbands": {
        "dmean": [0.000944902538322, 0.0100514795631, 0.00134496600367, 0.00201510475017, 0.00170435628388, 0.000819129403681, 0.000648643239401, 0.000665850064252, 0.000405491242418, 0.000647251610644, 0.000402056582971, 0.000471572100651, 0.000429147999967, 0.000447266327683, 0.000503387884237, 0.000260332162725, 0.000337484350894, 0.000236204112298, 0.000206382974284, 0.000211439561099, 0.00021553687111, 0.000294318451779, 0.000266804156126, 0.000445591635071, 0.000614977907389, 0.00016993645113, 3.20515539443e-07],
        "dmean2": [0.00136825360823, 0.0152729665861, 0.00233299494721, 0.00368133070879, 0.00293632340617, 0.00114088831469, 0.00104284379631, 0.00108413619455, 0.000648515822832, 0.000966289371718, 0.000638928904664, 0.000748738995753, 0.000696766772307, 0.000700164295267, 0.000823905633297, 0.000432096421719, 0.000544171314687, 0.000387449894333, 0.000345216947608, 0.000352292641765, 0.000361406593584, 0.000494593288749, 0.000463461328764, 0.000753823609557, 0.00106841616798, 0.00029554910725, 5.97420466875e-07],
        "dvar": [5.87055774304e-06, 0.00062951707514, 1.44997311509e-05, 3.65776431863e-05, 2.41465622821e-05, 2.57616284216e-06, 2.04418597605e-06, 2.15442491935e-06, 2.50652806244e-06, 2.10080088436e-06, 1.07205949007e-06, 1.25491510516e-06, 1.25960968944e-06, 8.74024237874e-07, 1.23700226595e-06, 2.76782060382e-07, 3.69037422843e-07, 1.45867986134e-07, 1.19846077951e-07, 1.50996854131e-07, 2.36303236534e-07, 3.87954543157e-07, 3.46324014799e-07, 1.36048163313e-06, 2.57514830082e-06, 1.57127701073e-07, 2.22890824721e-12],
        "dvar2": [1.19363839985e-05, 0.00124215183314, 4.02230980399e-05, 0.000105085804535, 7.01730023138e-05, 3.86132569474e-06, 5.08072889716e-06, 5.83838300372e-06, 7.09115647624e-06, 4.91527498525e-06, 2.63637457465e-06, 3.00260376207e-06, 3.21436027662e-06, 2.06497134059e-06, 3.24264624396e-06, 7.22411925835e-07, 8.65953609264e-07, 3.66807597629e-07, 2.95988854759e-07, 4.03042690778e-07, 5.85487953231e-07, 9.66322886597e-07, 9.09306834274e-07, 3.35630579684e-06, 6.77635216562e-06, 4.09434051107e-07, 6.32963429933e-12],
        "max": [0.0323545522988, 0.20433396101, 0.0296449996531, 0.0487581528723, 0.0442781113088, 0.0199284814298, 0.0148003930226, 0.0194666534662, 0.0330058112741, 0.0186565443873, 0.0102085247636, 0.00922291632742, 0.0105297081172, 0.00869119726121, 0.00984724797308, 0.00602960120887, 0.00848179496825, 0.00630164332688, 0.002829647623, 0.00329199596308, 0.00389851909131, 0.004347151611, 0.00403176480904, 0.00963201001287, 0.0118833100423, 0.00309424800798, 1.80712631845e-05],
        "mean": [0.00202798540704, 0.0148170478642, 0.0012027148623, 0.00160084874369, 0.00199951208197, 0.00153193983715, 0.00119866197929, 0.00102642143611, 0.000584885943681, 0.000962490448728, 0.00049759936519, 0.000645213236567, 0.00053588359151, 0.000631812261418, 0.000700139324181, 0.000372294831323, 0.000597202102654, 0.000408961437643, 0.000280837528408, 0.000250904413406, 0.000195024826098, 0.000248045107583, 0.000216274507693, 0.000349902489688, 0.000465783639811, 0.000124838275951, 1.89835958508e-07],
        "median": [5.00594105688e-05, 0.000866737333126, 0.000316413090331, 0.000347141351085, 0.000770627520978, 0.000516163301654, 0.000433148670709, 0.000361079728464, 0.000156730558956, 0.000225223629968, 9.12907926249e-05, 0.00015795516083, 0.00012964013149, 0.000196591223357, 0.00019834691193, 6.20566279395e-05, 0.000115969480248, 0.000146448481246, 9.98821851681e-05, 9.72528214334e-05, 2.93361190415e-05, 1.79538856173e-05, 2.27453638217e-05, 2.49191507464e-05, 3.24696411553e-05, 9.46551972447e-06, 4.30884050662e-10],
        "min": [2.76702971647e-09, 2.26196846143e-07, 2.53706758713e-07, 1.80012676765e-07, 5.9244393924e-06, 3.67091433873e-06, 1.51755705247e-06, 6.7356756972e-07, 8.98780911029e-07, 1.75152854354e-06, 5.52885296656e-07, 1.31892659283e-06, 9.55825271376e-07, 3.05536332235e-07, 5.50532945454e-07, 3.52150863137e-07, 1.0113302551e-06, 2.63846970938e-07, 9.54645429374e-08, 1.02522442091e-07, 7.46945190144e-08, 2.52032776871e-08, 4.14048934028e-10, 1.31441799667e-08, 2.2667265287e-10, 9.05808848067e-12, 8.07914846135e-12],
        "var": [2.33747105085e-05, 0.000968254928011, 9.5999757832e-06, 2.13742096093e-05, 1.59266892297e-05, 7.60092052587e-06, 3.58353622687e-06, 2.70224632004e-06, 2.09780046134e-06, 3.09156712319e-06, 1.48101275954e-06, 1.68563406078e-06, 1.46753131958e-06, 1.36772155201e-06, 1.44718717365e-06, 5.17771468367e-07, 1.07075550204e-06, 3.40762852602e-07, 1.8601889451e-07, 1.49213931877e-07, 1.99649221599e-07, 3.23091342125e-07, 2.57451290508e-07, 1.09427139705e-06, 1.83439885859e-06, 1.15474186657e-07, 1.27399805115e-12]
    },
    "erbbands": {
        "dmean": [0.453854501247, 1.67784249783, 1.16398119926, 4.98672962189, 6.57540607452, 5.1112241745, 5.23341941833, 7.26966285706, 8.58742237091, 12.7475194931, 14.2721920013, 7.97548294067, 23.1442737579, 14.0416307449, 15.982052803, 20.2241096497, 20.0382347107, 24.6569290161, 24.6948375702, 19.3026199341, 15.5231876373, 15.7183361053, 10.9635896683, 11.8548326492, 9.96999359131, 9.84889316559, 9.32426261902, 9.21504211426, 10.6653900146, 8.05264854431, 8.52459526062, 10.3061504364, 6.75589704514, 6.94227790833, 4.08062362671, 1.24155414104, 0.256474465132, 0.0179583318532, 0.000433228968177, 4.80963535665e-05],
        "dmean2": [0.692271053791, 2.50373959541, 1.88695967197, 9.01763629913, 11.9630870819, 8.65687942505, 7.66655874252, 10.2965679169, 13.4982204437, 20.9434757233, 22.318113327, 12.7358665466, 34.3050575256, 21.8091526031, 25.4395370483, 31.6331329346, 32.1725120544, 38.1419448853, 39.9301605225, 31.9603633881, 25.4203739166, 25.632730484, 18.4270267487, 19.3887786865, 16.6341724396, 16.3336353302, 15.7468729019, 15.3153438568, 17.944272995, 13.6563425064, 15.012755394, 17.4429702759, 11.486328125, 12.3623752594, 6.90385532379, 2.14987277985, 0.44331663847, 0.0314370729029, 0.000747966521885, 7.88537799963e-05],
        "dvar": [1.2102367878, 19.6263160706, 8.14018249512, 203.46144104, 442.123748779, 202.815567017, 119.797828674, 205.577087402, 364.996459961, 893.171936035, 744.356933594, 881.353027344, 3082.82617188, 1214.85412598, 1603.78820801, 2014.83496094, 2925.94750977, 2406.75463867, 3838.6640625, 1642.86120605, 793.286071777, 756.503662109, 351.289245605, 386.7394104, 295.241882324, 313.9949646, 386.208587646, 430.954223633, 535.101074219, 279.962097168, 390.249328613, 794.909851074, 280.490783691, 316.68762207, 116.795845032, 10.6722955704, 0.293628752232, 0.00140393292531, 8.68370818807e-07, 8.94264218232e-09],
        "dvar2": [2.56646728516, 36.5006446838, 21.8484287262, 576.684936523, 1288.50805664, 584.108581543, 252.879089355, 341.958648682, 791.206115723, 2388.93139648, 1877.90795898, 2519.31933594, 7215.74755859, 2920.57495117, 4122.69775391, 4754.82470703, 7520.41992188, 5606.36230469, 9969.13085938, 4110.796875, 2098.94824219, 1789.3260498, 925.303344727, 967.48046875, 747.887084961, 836.649291992, 988.996032715, 1053.16809082, 1327.49047852, 709.81451416, 1035.63806152, 1964.76782227, 707.417236328, 859.44934082, 299.473083496, 27.4694881439, 0.75551199913, 0.00359731353819, 2.23210395234e-06, 2.29596217594e-08],
        "max": [9.27917289734, 40.1024436951, 24.8774795532, 107.222946167, 183.057250977, 132.735137939, 128.776779175, 165.143920898, 211.704666138, 423.673919678, 279.997161865, 623.091064453, 739.766845703, 361.813690186, 474.265625, 467.961578369, 560.524536133, 500.513183594, 604.192138672, 468.711090088, 309.244049072, 405.798217773, 250.949081421, 304.0753479, 148.988845825, 147.029449463, 162.040557861, 166.734375, 162.640670776, 101.640953064, 137.470794678, 230.444732666, 136.762527466, 126.049995422, 82.9853363037, 28.6595344543, 3.37254834175, 0.269483625889, 0.0071638985537, 0.000864035682753],
        "mean": [0.697388291359, 2.26067757607, 1.41695976257, 4.09134864807, 6.25199508667, 6.1309671402, 8.07360267639, 13.0583219528, 16.1475963593, 20.9981689453, 23.5241832733, 12.7742786407, 38.1188201904, 17.697845459, 20.4015846252, 29.5161781311, 25.9853801727, 36.947719574, 33.4976081848, 27.6863460541, 27.6962032318, 27.5375671387, 20.5199127197, 20.1297912598, 13.0088129044, 12.2934856415, 9.2518787384, 7.96602725983, 9.03332519531, 6.71203708649, 6.71029996872, 8.09647369385, 5.2512049675, 4.96631193161, 3.23343873024, 0.926742613316, 0.189386457205, 0.0136145204306, 0.000338892830769, 6.4509906224e-05],
        "median": [0.0220380052924, 0.21282017231, 0.509669184685, 0.9581579566, 1.66041374207, 2.04688858986, 2.51619744301, 3.58389735222, 5.78181123734, 7.0323972702, 7.70786476135, 5.65487098694, 9.90866756439, 6.49243927002, 6.31999826431, 8.74875450134, 7.68275165558, 12.598192215, 9.83159542084, 7.94124269485, 6.44000291824, 7.1655421257, 6.9582452774, 7.15615987778, 5.55204772949, 5.14556264877, 1.99292576313, 0.876945376396, 0.636779606342, 0.602488338947, 0.679794609547, 0.630099594593, 0.372736930847, 0.329443991184, 0.214044585824, 0.0608648508787, 0.014930145815, 0.00123785133474, 4.39208452008e-05, 2.52454683505e-05],
        "min": [5.78684694119e-06, 6.26029650448e-05, 0.000421010918217, 0.00330656929873, 0.00315459887497, 0.0299727302045, 0.0417579710484, 0.0270464848727, 0.0416317246854, 0.0168038122356, 0.0269783567637, 0.0681238025427, 0.113143540919, 0.108661130071, 0.0673636049032, 0.109890587628, 0.0568009652197, 0.0420506112278, 0.0395381823182, 0.0387351103127, 0.0379911288619, 0.046062707901, 0.0151241170242, 0.00906488578767, 0.00548483850434, 0.00477506732568, 0.00340282078832, 0.00169948977418, 0.000703746860381, 0.00041992138722, 0.00015086075291, 0.000241988440393, 0.00013189818128, 5.42550515092e-05, 1.42803692142e-05, 5.08864468429e-06, 2.5863907922e-06, 1.57171541559e-07, 5.02098487232e-07, 8.35120488318e-07],
        "var": [2.06942605972, 27.9590854645, 7.71133756638, 123.486717224, 256.794769287, 144.893432617, 230.197723389, 575.476806641, 743.06817627, 1233.64099121, 1372.8269043, 718.577026367, 4715.32080078, 1231.15344238, 1924.87841797, 3079.16699219, 3429.66577148, 4062.85498047, 4125.18554688, 2511.27075195, 1729.89672852, 2107.25415039, 916.795532227, 915.192932129, 344.811340332, 333.563903809, 329.38671875, 369.652740479, 446.774658203, 224.145004272, 278.774597168, 632.461547852, 219.289932251, 208.702682495, 88.7919921875, 7.93795251846, 0.22388471663, 0.00107434217352, 6.64340802814e-07, 9.27995813527e-09]
    },
    "gfcc": {
        "mean": [-8.40908813477, 82.6823425293, -116.502296448, 27.1963176727, -51.9067153931, 20.7947635651, -43.3792762756, 20.2078990936, -26.8632850647, 7.0619969368, -11.0678863525, -2.56090402603, -10.5140962601],
        "cov": [[5293.33496094, -2161.63964844, 406.792663574, 630.531616211, -330.340087891, 479.128295898, -229.941802979, 154.893951416, -101.484008789, 304.429595947, -287.50088501, 366.757873535, -79.3382110596], [-2161.63964844, 2129.52832031, -397.480194092, -529.534301758, 155.815322876, -318.24395752, 20.4001865387, -200.356750488, 124.110969543, -153.273590088, 277.646759033, -294.941650391, 200.60609436], [406.792663574, -397.480194092, 795.105102539, 268.417205811, 20.0619926453, 234.218505859, 132.13494873, 149.353347778, -0.361440658569, 102.988922119, 19.0486507416, 132.816558838, -48.1291046143], [630.531616211, -529.534301758, 268.417205811, 766.517456055, 319.325286865, 130.804626465, 211.858459473, 199.652603149, 36.2376403809, 44.1831169128, 72.9096450806, 172.687957764, 3.88345646858], [-330.340087891, 155.815322876, 20.0619926453, 319.325286865, 658.429138184, 91.8293762207, 230.836669922, 160.332778931, 76.4361495972, 28.1178607941, 148.592498779, 82.4413757324, 39.0962371826], [479.128295898, -318.24395752, 234.218505859, 130.804626465, 91.8293762207, 444.589385986, 198.343826294, 103.466850281, 23.3923988342, 78.2088546753, 21.9652919769, 32.2173728943, 33.3276023865], [-229.941802979, 20.4001865387, 132.13494873, 211.858459473, 230.836669922, 198.343826294, 435.969665527, 180.422836304, 43.7800483704, 46.6936988831, 122.796913147, 42.5081481934, 35.712474823], [154.893951416, -200.356750488, 149.353347778, 199.652603149, 160.332778931, 103.466850281, 180.422836304, 269.099151611, 48.1692466736, 62.1025314331, 88.7880020142, 75.9052352905, 39.2266578674], [-101.484008789, 124.110969543, -0.361440658569, 36.2376403809, 76.4361495972, 23.3923988342, 43.7800483704, 48.1692466736, 165.943939209, 44.3734893799, 48.9903335571, 4.32505178452, 51.7203216553], [304.429595947, -153.273590088, 102.988922119, 44.1831169128, 28.1178607941, 78.2088546753, 46.6936988831, 62.1025314331, 44.3734893799, 138.018173218, 39.1830101013, 45.7259521484, 9.97811031342], [-287.50088501, 277.646759033, 19.0486507416, 72.9096450806, 148.592498779, 21.9652919769, 122.796913147, 88.7880020142, 48.9903335571, 39.1830101013, 196.963226318, 15.9716854095, 63.2825927734], [366.757873535, -294.941650391, 132.816558838, 172.687957764, 82.4413757324, 32.2173728943, 42.5081481934, 75.9052352905, 4.32505178452, 45.7259521484, 15.9716854095, 178.135925293, -17.390750885], [-79.3382110596, 200.60609436, -48.1291046143, 3.88345646858, 39.0962371826, 33.3276023865, 35.712474823, 39.2266578674, 51.7203216553, 9.97811031342, 63.2825927734, -17.390750885, 139.535827637]],
        "icov": [[0.000472300162073, 7.9120422015e-05, 0.000230628604186, -0.000450050603831, 0.000331292161718, -0.000540049455594, 0.000540088454727, -0.00020235820557, 0.000322826061165, -0.000893735210411, 0.000467217410915, -0.000508310971782, -0.000129301479319], [7.9120422015e-05, 0.00242002843879, -0.000670923909638, 0.00148585718125, -0.0010223374702, 0.00154625368305, -0.000869065639563, 0.00219893408939, -0.00119895802345, 0.00197162362747, -0.00317912409082, 0.00196134555154, -0.00219592498615], [0.000230628604186, -0.000670923909638, 0.00228820205666, -0.00110633915756, 0.000944852130488, -0.00158041738905, 0.000623181753326, -0.00129755935632, 0.000610375718679, -0.00160266109742, 0.000934240117203, -0.0015062126331, 0.00151070114225], [-0.000450050603831, 0.00148585718125, -0.00110633915756, 0.00369617878459, -0.00173670332879, 0.00156882195733, -0.00145913357846, 0.00105317344423, -0.00118799798656, 0.00275421701372, -0.00229845009744, 0.000444445409812, -0.00134607800283], [0.000331292161718, -0.0010223374702, 0.000944852130488, -0.00173670332879, 0.00322038657032, -0.00135533080902, 0.000295304664178, -0.00144910486415, 0.000151659929543, -0.00107758888043, 0.000554849684704, -0.00174013746437, 0.00133791263215], [-0.000540049455594, 0.00154625368305, -0.00158041738905, 0.00156882195733, -0.00135533080902, 0.00535534322262, -0.00277653033845, 0.00186021463014, -0.000857950071804, 0.00096851750277, -0.00141580333002, 0.00250073242933, -0.00262801209465], [0.000540088454727, -0.000869065639563, 0.000623181753326, -0.00145913357846, 0.000295304664178, -0.00277653033845, 0.00538657745346, -0.00279003544711, 0.000840450637043, -0.00132980395574, 0.000157433678396, -0.000888588721864, 0.00139963522088], [-0.00020235820557, 0.00219893408939, -0.00129755935632, 0.00105317344423, -0.00144910486415, 0.00186021463014, -0.00279003544711, 0.00892902445048, -0.00166231219191, 0.00125357881188, -0.00396371632814, 0.00096629007021, -0.00314304651693], [0.000322826061165, -0.00119895802345, 0.000610375718679, -0.00118799798656, 0.000151659929543, -0.000857950071804, 0.000840450637043, -0.00166231219191, 0.00867618620396, -0.00417068088427, 0.00190855038818, -0.000800277804956, -0.00131749326829], [-0.000893735210411, 0.00197162362747, -0.00160266109742, 0.00275421701372, -0.00107758888043, 0.00096851750277, -0.00132980395574, 0.00125357881188, -0.00417068088427, 0.0140282530338, -0.00553600583225, 0.000656884629279, -0.000778290326707], [0.000467217410915, -0.00317912409082, 0.000934240117203, -0.00229845009744, 0.000554849684704, -0.00141580333002, 0.000157433678396, -0.00396371632814, 0.00190855038818, -0.00553600583225, 0.0133729316294, -0.00289286719635, -0.000257934996625], [-0.000508310971782, 0.00196134555154, -0.0015062126331, 0.000444445409812, -0.00174013746437, 0.00250073242933, -0.000888588721864, 0.00096629007021, -0.000800277804956, 0.000656884629279, -0.00289286719635, 0.0107764899731, -0.000889883725904], [-0.000129301479319, -0.00219592498615, 0.00151070114225, -0.00134607800283, 0.00133791263215, -0.00262801209465, 0.00139963522088, -0.00314304651693, -0.00131749326829, -0.000778290326707, -0.000257934996625, -0.000889883725904, 0.0121368998662]]
    },
    "melbands": {
        "dmean": [0.00335024646483, 0.000995176844299, 0.000902332365513, 0.000413705769461, 0.00018462636217, 0.000163244636497, 0.000130873944727, 0.000137411378091, 0.000106362887891, 5.62630775676e-05, 0.000115613591333, 5.49160540686e-05, 5.62651184737e-05, 5.7922617998e-05, 4.54831206298e-05, 4.08788000641e-05, 4.77092980873e-05, 3.93608606828e-05, 3.05222492898e-05, 2.10264406633e-05, 1.92030965991e-05, 1.8295710106e-05, 1.28658957692e-05, 1.30980706672e-05, 9.80673121376e-06, 9.23771494854e-06, 5.90222225583e-06, 6.81436904415e-06, 6.09490143688e-06, 5.40643941349e-06, 5.50013419343e-06, 6.38664550934e-06, 5.41936606169e-06, 4.05209311793e-06, 4.90447609991e-06, 4.60407454739e-06, 7.14612679076e-06, 4.54241717307e-06, 5.12744327352e-06, 5.87113527217e-06],
        "dmean2": [0.00508190179244, 0.00149797298945, 0.00163260090631, 0.000733165245038, 0.000281074055238, 0.000230132194702, 0.000205011790968, 0.000229863784625, 0.000165130913956, 9.00491722859e-05, 0.000172054817085, 8.54268146213e-05, 8.83067186805e-05, 9.22568651731e-05, 7.2413829912e-05, 6.50001384201e-05, 7.39066235838e-05, 6.4002990257e-05, 5.08318371431e-05, 3.50650916516e-05, 3.10703326249e-05, 2.92043514492e-05, 2.14846804738e-05, 2.16054850171e-05, 1.60331510415e-05, 1.55056950462e-05, 9.97548158921e-06, 1.13079022412e-05, 1.02997701106e-05, 9.0804460342e-06, 9.13105577638e-06, 1.07186215246e-05, 9.14944121178e-06, 6.85674149281e-06, 8.64987032401e-06, 7.91252477939e-06, 1.21331640912e-05, 7.72088878875e-06, 8.9604563982e-06, 1.05096632979e-05],
        "dvar": [6.70512454235e-05, 4.9330069487e-06, 7.12765540811e-06, 1.63894981142e-06, 1.56113685534e-07, 1.02215217623e-07, 8.21885066671e-08, 1.0891103841e-07, 3.9963332199e-08, 5.35042481431e-08, 7.74916983914e-08, 1.98077430014e-08, 1.95716243212e-08, 1.91817282058e-08, 1.3906780616e-08, 9.16069264889e-09, 9.89476145463e-09, 1.0374067827e-08, 4.76314898634e-09, 1.86927162638e-09, 1.22415333426e-09, 1.06376285558e-09, 7.73702657497e-10, 4.67315519614e-10, 2.90367146993e-10, 2.57151633321e-10, 1.18341322852e-10, 1.50914739039e-10, 1.48607501305e-10, 1.57392557321e-10, 1.5442515322e-10, 2.00156613506e-10, 1.26889290741e-10, 7.30061705534e-11, 1.26289853575e-10, 1.16458565014e-10, 4.27257673685e-10, 1.38750663736e-10, 1.39598277382e-10, 2.48673526215e-10],
        "dvar2": [0.000135045571369, 9.51150468609e-06, 2.04113002837e-05, 4.77700950796e-06, 3.65976916328e-07, 1.64289247095e-07, 1.81303704494e-07, 2.96962866742e-07, 9.89117481254e-08, 1.52909990447e-07, 1.81296684332e-07, 4.76532839855e-08, 4.85387658955e-08, 4.67255176773e-08, 3.49279858369e-08, 2.28990462148e-08, 2.29266170493e-08, 2.7111569878e-08, 1.25452404021e-08, 4.55467707994e-09, 3.25112892163e-09, 2.45212383732e-09, 2.04556660499e-09, 1.17428644586e-09, 7.32960414584e-10, 6.51866172152e-10, 3.19601012322e-10, 4.01055549881e-10, 3.79996367705e-10, 3.98507199462e-10, 3.76328745944e-10, 4.98466046217e-10, 3.1768904174e-10, 1.87100002158e-10, 3.37299216335e-10, 3.02762453996e-10, 1.04460728956e-09, 3.4862127074e-10, 3.71465080917e-10, 6.80767164862e-10],
        "max": [0.0635883137584, 0.0210549924523, 0.0212161559612, 0.0116375479847, 0.00379606196657, 0.00415686843917, 0.0030515070539, 0.00495309894904, 0.00215984368697, 0.00492887990549, 0.00366786774248, 0.00154351908714, 0.00149578345008, 0.00128994416445, 0.00132871093228, 0.000904755608644, 0.00112940650433, 0.00110885989852, 0.000624891952612, 0.000563510286156, 0.000410963897593, 0.000496425840538, 0.000516367261298, 0.000293142249575, 0.000245283474214, 0.000127537248773, 9.09966474865e-05, 0.000119076117699, 9.31958857109e-05, 0.000100777942862, 0.000104350736365, 0.000111964545795, 6.67718340992e-05, 5.57007479074e-05, 8.41339642648e-05, 7.68576355767e-05, 0.000178163259989, 0.000109106375021, 8.55316829984e-05, 0.000115581053251],
        "mean": [0.00512844603509, 0.00145250814967, 0.000773374806158, 0.000436481815996, 0.000279689586023, 0.000298925559036, 0.000253501231782, 0.000216789863771, 0.000172710351762, 8.4605810116e-05, 0.000189131344086, 6.51726659271e-05, 7.1769580245e-05, 7.69815160311e-05, 6.14471064182e-05, 5.32068588655e-05, 6.99768934282e-05, 4.96063330502e-05, 4.2177947762e-05, 3.09704082611e-05, 3.3533309761e-05, 3.06920264848e-05, 2.06319837162e-05, 2.14721276279e-05, 1.52898028318e-05, 1.11258859761e-05, 7.04833337295e-06, 8.31962279335e-06, 6.20366927251e-06, 4.57554551758e-06, 4.71027396998e-06, 5.45589773537e-06, 4.4078983592e-06, 3.40594306181e-06, 3.85998009733e-06, 3.60481521966e-06, 5.57911425858e-06, 3.55928546014e-06, 3.73950138055e-06, 4.17525143348e-06],
        "median": [0.000248088559601, 0.00045006617438, 0.000222927163122, 0.000160520357895, 9.23136685742e-05, 8.74103425303e-05, 9.541217878e-05, 8.28732008813e-05, 5.23333474121e-05, 2.93258563033e-05, 4.82279974676e-05, 1.95874454221e-05, 1.59346272994e-05, 1.89805632544e-05, 1.54662538989e-05, 1.61553070939e-05, 2.03823747142e-05, 1.16203336802e-05, 1.21066796055e-05, 6.27744338999e-06, 6.40439884592e-06, 6.12760140939e-06, 4.55852477899e-06, 7.02343959347e-06, 4.80214839627e-06, 3.97501935367e-06, 3.12637666866e-06, 3.19270270666e-06, 1.30135174459e-06, 5.73434761009e-07, 4.20045751071e-07, 3.51210758254e-07, 3.36701873493e-07, 3.17606691169e-07, 3.93774769236e-07, 4.01991314902e-07, 3.30926809511e-07, 2.53783639437e-07, 2.40844940436e-07, 2.93589863531e-07],
        "min": [4.64372575948e-08, 1.04237862786e-07, 4.00435084202e-07, 7.80260734246e-07, 9.44826865634e-07, 5.92838205193e-07, 6.99346912825e-07, 1.68511874676e-07, 1.46940351442e-07, 2.25620965466e-07, 3.54547893266e-07, 1.95537708692e-07, 2.70422674475e-07, 1.86399361723e-07, 2.00733850875e-07, 1.15337059015e-07, 4.61748115299e-08, 3.66901673488e-08, 3.86502421179e-08, 3.14955421743e-08, 4.21897965452e-08, 5.20254701541e-08, 1.26059358507e-08, 1.20369545442e-08, 6.68881439125e-09, 3.77500741777e-09, 3.26770699388e-09, 2.58366039674e-09, 2.44480724554e-09, 7.72668262705e-10, 8.02733088334e-11, 9.90924616667e-12, 3.45266260027e-10, 1.83107515261e-10, 2.80628038168e-12, 7.28600374478e-11, 3.43954136006e-11, 7.61265009364e-11, 1.69576202039e-12, 1.19194096867e-12],
