{
"highlevel": {
    "danceability": {
        "all": {
            "danceable": 0.788904249668,
            "not_danceable": 0.211095780134
        },
        "probability": 0.788904249668,
        "value": "danceable"
    },
    "gender": {
        "all": {
            "female": 0.0655620917678,
            "male": 0.934437930584
        },
        "probability": 0.934437930584,
        "value": "male"
    },
    "genre_dortmund": {
        "all": {
            "alternative": 0.044071059674,
            "blues": 0.165529161692,
            "electronic": 0.00846076663584,
            "folkcountry": 0.473244577646,
            "funksoulrnb": 0.00762892328203,
            "jazz": 0.0351929329336,
            "pop": 0.110245853662,
            "raphiphop": 0.00771642848849,
            "rock": 0.147910296917
        },
        "probability": 0.473244577646,
        "value": "folkcountry"
    },
    "genre_electronic": {
        "all": {
            "ambient": 0.620242893696,
            "dnb": 0.0610354952514,
            "house": 0.142958462238,
            "techno": 0.00982914492488,
            "trance": 0.165934026241
        },
        "probability": 0.620242893696,
        "value": "ambient"
    },
    "genre_rosamerica": {
        "all": {
            "cla": 0.052554115653,
            "dan": 0.0228792652488,
            "hip": 0.0368866585195,
            "jaz": 0.0506522767246,
            "pop": 0.433183938265,
            "rhy": 0.305667638779,
            "roc": 0.0769943594933,
            "spe": 0.0211817454547
        },
        "probability": 0.433183938265,
        "value": "pop"
    },
    "genre_tzanetakis": {
        "all": {
            "blu": 0.0605637766421,
            "cla": 0.0336268283427,
            "cou": 0.0756549164653,
            "dis": 0.0605332963169,
            "hip": 0.151350662112,
            "jaz": 0.302779436111,
            "met": 0.0432153269649,
            "pop": 0.0604970082641,
            "reg": 0.0605018958449,
            "roc": 0.151276871562
        },
        "probability": 0.302779436111,
        "value": "jaz"
    },
    "ismir04_rhythm": {
        "all": {
            "ChaChaCha": 0.418617904186,
            "Jive": 0.477743923664,
            "Quickstep": 0.00438156491145,
            "Rumba-American": 0.0227153468877,
            "Rumba-International": 0.0301604438573,
            "Rumba-Misc": 0.0077371452935,
            "Samba": 0.0158117245883,
            "Tango": 0.00401364266872,
            "VienneseWaltz": 0.0155837237835,
            "Waltz": 0.00323457433842
        },
        "probability": 0.477743923664,
        "value": "Jive"
    },
    "mood_acoustic": {
        "all": {
            "acoustic": 0.648489534855,
            "not_acoustic": 0.351510435343
        },
        "probability": 0.648489534855,
        "value": "acoustic"
    },
    "mood_aggressive": {
        "all": {
            "aggressive": 5.26814301338e-06,
            "not_aggressive": 0.999994754791
        },
        "probability": 0.999994754791,
        "value": "not_aggressive"
    },
    "mood_electronic": {
        "all": {
            "electronic": 0.0993086397648,
            "not_electronic": 0.900691390038
        },
        "probability": 0.900691390038,
        "value": "not_electronic"
    },
    "mood_happy": {
        "all": {
            "happy": 0.586090564728,
            "not_happy": 0.41390940547
        },
        "probability": 0.586090564728,
        "value": "happy"
    },
    "mood_party": {
        "all": {
            "not_party": 0.697220742702,
            "party": 0.302779257298
        },
        "probability": 0.697220742702,
        "value": "not_party"
    },
    "mood_relaxed": {
        "all": {
            "not_relaxed": 0.842120885849,
            "relaxed": 0.157879143953
        },
        "probability": 0.842120885849,
        "value": "not_relaxed"
    },
    "mood_sad": {
        "all": {
            "not_sad": 0.5,
            "sad": 0.5
        },
        "probability": 0.5,
        "value": "not_sad"
    },
    "moods_mirex": {
        "all": {
            "Cluster1": 0.0799640640616,
            "Cluster2": 0.433066815138,
            "Cluster3": 0.212547019124,
            "Cluster4": 0.243180900812,
            "Cluster5": 0.0312412157655
        },
        "probability": 0.433066815138,
        "value": "Cluster2"
    },
    "timbre": {
        "all": {
            "bright": 0.989334523678,
            "dark": 0.010665458627
        },
        "probability": 0.989334523678,
        "value": "bright"
    },
    "tonal_atonal": {
        "all": {
            "atonal": 0.00177199370228,
            "tonal": 0.998228013515
        },
        "probability": 0.998228013515,
        "value": "tonal"
    },
    "voice_instrumental": {
        "all": {
            "instrumental": 0.00381997623481,
            "voice": 0.996179997921
        },
        "probability": 0.996179997921,
        "value": "voice"
    }
},
"lowlevel": {
    "average_loudness": 0.893432617188,
    "barkbands_crest": {
        "dmean": 2.70751333237,
        "dmean2": 4.41813611984,
        "dvar": 7.13541698456,
        "dvar2": 17.9738674164,
        "max": 24.2453536987,
        "mean": 10.1744499207,
        "median": 9.25774288177,
        "min": 2.66563034058,
        "var": 19.4685916901
    },
    "barkbands_flatness_db": {
        "dmean": 0.0254911351949,
        "dmean2": 0.0388342738152,
        "dvar": 0.000673342146911,
        "dvar2": 0.00162594218273,
        "max": 0.412612110376,
        "mean": 0.148534223437,
        "median": 0.146302744746,
        "min": 0.0377607680857,
        "var": 0.00217868573964
    },
    "barkbands_kurtosis": {
        "dmean": 3.38965678215,
        "dmean2": 5.3721871376,
        "dvar": 44.6006126404,
        "dvar2": 108.168388367,
        "max": 112.501930237,
        "mean": 5.18417930603,
        "median": 2.84812736511,
        "min": -1.86435556412,
        "var": 81.5592193604
    },
    "barkbands_skewness": {
        "dmean": 0.59512513876,
        "dmean2": 0.882907032967,
        "dvar": 0.439543068409,
        "dvar2": 0.988458275795,
        "max": 9.71112728119,
        "mean": 1.71989738941,
        "median": 1.71625649929,
        "min": -1.51980996132,
        "var": 1.7500795126
    },
    "barkbands_spread": {
        "dmean": 7.35480880737,
        "dmean2": 10.9254798889,
        "dvar": 90.6223068237,
        "dvar2": 204.54838562,
        "max": 113.061141968,
        "mean": 23.6815338135,
        "median": 18.5542221069,
        "min": 1.72329413891,
        "var": 294.040008545
    },
    "dissonance": {
        "dmean": 0.016927247867,
        "dmean2": 0.0271813496947,
        "dvar": 0.000259250693489,
        "dvar2": 0.000694746267982,
        "max": 0.499070942402,
        "mean": 0.462038546801,
        "median": 0.467681974173,
        "min": 0.33856099844,
        "var": 0.000674848852213
    },
    "dynamic_complexity": 4.4203915596,
    "erbbands_crest": {
        "dmean": 2.34309363365,
        "dmean2": 3.55878591537,
        "dvar": 5.84397888184,
        "dvar2": 12.9629602432,
        "max": 30.0972309113,
        "mean": 8.73716259003,
        "median": 6.79235601425,
        "min": 2.22578787804,
        "var": 29.1322174072
    },
    "erbbands_flatness_db": {
        "dmean": 0.0219050068408,
        "dmean2": 0.0288201272488,
        "dvar": 0.000523916212842,
        "dvar2": 0.000888873939402,
        "max": 0.315904736519,
        "mean": 0.146092310548,
        "median": 0.138183027506,
        "min": 0.053860783577,
        "var": 0.00265264092013
    },
    "erbbands_kurtosis": {
        "dmean": 0.858238279819,
        "dmean2": 1.31859385967,
        "dvar": 2.57468819618,
        "dvar2": 5.25629615784,
        "max": 30.1718559265,
        "mean": 0.126228377223,
        "median": -0.609773874283,
        "min": -1.69723808765,
        "var": 6.13469028473
    },
    "erbbands_skewness": {
        "dmean": 0.361889898777,
        "dmean2": 0.514522790909,
        "dvar": 0.135843515396,
        "dvar2": 0.251576840878,
        "max": 4.79668855667,
        "mean": 0.238934054971,
        "median": 0.243132799864,
        "min": -3.18356990814,
        "var": 0.664114117622
    },
    "erbbands_spread": {
        "dmean": 10.3262891769,
        "dmean2": 13.9237642288,
        "dvar": 133.26739502,
        "dvar2": 240.234649658,
        "max": 145.111831665,
        "mean": 46.6741867065,
        "median": 42.6490478516,
        "min": 4.21506690979,
        "var": 569.438842773
    },
    "hfc": {
        "dmean": 5.54677724838,
        "dmean2": 7.43250465393,
        "dvar": 81.4827804565,
        "dvar2": 150.875930786,
        "max": 100.846488953,
        "mean": 15.763756752,
        "median": 7.34692049026,
        "min": 0.0404054373503,
        "var": 325.942718506
    },
    "melbands_crest": {
        "dmean": 3.40875673294,
        "dmean2": 5.43715524673,
        "dvar": 11.1012935638,
        "dvar2": 26.4097137451,
        "max": 35.0888252258,
        "mean": 14.2983160019,
        "median": 13.1537904739,
        "min": 3.82924866676,
        "var": 30.9934139252
    },
    "melbands_flatness_db": {
        "dmean": 0.0310786347836,
        "dmean2": 0.0459773354232,
        "dvar": 0.00105774332769,
        "dvar2": 0.00255616055802,
        "max": 0.51313996315,
        "mean": 0.205333992839,
        "median": 0.205371573567,
        "min": 0.0253421552479,
        "var": 0.00395027687773
    },
    "melbands_kurtosis": {
        "dmean": 11.2480487823,
        "dmean2": 17.8103141785,
        "dvar": 655.292114258,
        "dvar2": 1637.12719727,
        "max": 413.192169189,
        "mean": 19.2442092896,
        "median": 11.4071035385,
        "min": -1.8553160429,
        "var": 950.730102539
    },
    "melbands_skewness": {
        "dmean": 0.91769605875,
        "dmean2": 1.37098765373,
        "dvar": 1.49229204655,
        "dvar2": 3.3382833004,
        "max": 16.2466049194,
        "mean": 3.09753155708,
        "median": 2.85753154755,
        "min": -0.773104310036,
        "var": 4.37749147415
    },
    "melbands_spread": {
        "dmean": 7.7123336792,
        "dmean2": 11.5023012161,
        "dvar": 133.388061523,
        "dvar2": 265.334747314,
        "max": 187.837432861,
        "mean": 22.4910621643,
        "median": 16.3725547791,
        "min": 1.1841135025,
        "var": 388.760345459
    },
    "pitch_salience": {
        "dmean": 0.0784295648336,
        "dmean2": 0.127617180347,
        "dvar": 0.00653618061915,
        "dvar2": 0.0165136288851,
        "max": 0.837587237358,
        "mean": 0.550944685936,
        "median": 0.568252265453,
        "min": 0.164683565497,
        "var": 0.0153456861153
    },
    "silence_rate_20dB": {
        "dmean": 0,
        "dmean2": 0,
        "dvar": 0,
        "dvar2": 0,
        "max": 1,
        "mean": 1,
        "median": 1,
        "min": 1,
        "var": 0
    },
    "silence_rate_30dB": {
        "dmean": 0,
        "dmean2": 0,
        "dvar": 0,
        "dvar2": 0,
        "max": 1,
        "mean": 1,
        "median": 1,
        "min": 1,
        "var": 0
    },
    "silence_rate_60dB": {
        "dmean": 0.039473682642,
        "dmean2": 0.0790085196495,
        "dvar": 0.0379154868424,
        "dvar2": 0.0789617076516,
        "max": 1,
        "mean": 0.130703791976,
        "median": 0,
        "min": 0,
        "var": 0.113619349897
    },
    "spectral_centroid": {
        "dmean": 268.682983398,
        "dmean2": 381.828491211,
        "dvar": 101121.53125,
        "dvar2": 181576.140625,
        "max": 4183.05419922,
        "mean": 1326.81384277,
        "median": 1177.87792969,
        "min": 229.328475952,
        "var": 421562.90625
    },
    "spectral_complexity": {
        "dmean": 3.05882358551,
        "dmean2": 4.61502695084,
        "dvar": 17.2874488831,
        "dvar2": 28.0415802002,
        "max": 53,
        "mean": 13.8522815704,
        "median": 13,
        "min": 0,
        "var": 70.9208297729
    },
    "spectral_decrease": {
        "dmean": 1.56457113931e-09,
        "dmean2": 2.32263341893e-09,
        "dvar": 4.84489900453e-18,
        "dvar2": 1.12417832257e-17,
        "max": -1.52446891916e-11,
        "mean": -4.74847094978e-09,
        "median": -3.64247232376e-09,
        "min": -2.34983943415e-08,
        "var": 1.80870568278e-17
    },
    "spectral_energy": {
        "dmean": 0.00624944549054,
        "dmean2": 0.00917497929186,
        "dvar": 7.35328576411e-05,
        "dvar2": 0.000166063764482,
        "max": 0.0912923440337,
        "mean": 0.0193516332656,
        "median": 0.014722279273,
        "min": 6.5130800067e-05,
        "var": 0.00029572180938
    },
    "spectral_energyband_high": {
        "dmean": 0.000408584339311,
        "dmean2": 0.000543745409232,
        "dvar": 8.16691397176e-07,
        "dvar2": 1.65357914739e-06,
        "max": 0.00959135591984,
        "mean": 0.000608835660387,
        "median": 0.000161409872817,
        "min": 2.42275490336e-07,
        "var": 1.44903367527e-06
    },
    "spectral_energyband_low": {
        "dmean": 0.00441667530686,
        "dmean2": 0.00717440154403,
        "dvar": 7.64177020756e-05,
        "dvar2": 0.000202101567993,
        "max": 0.0827152505517,
        "mean": 0.00707911280915,
        "median": 0.00464000552893,
        "min": 1.0171723261e-05,
        "var": 8.68435527082e-05
    },
    "spectral_energyband_middle_high": {
        "dmean": 0.00140426727012,
        "dmean2": 0.00204721326008,
        "dvar": 8.40662050905e-06,
        "dvar2": 1.61386542459e-05,
        "max": 0.0583877004683,
        "mean": 0.00393017940223,
        "median": 0.00122254784219,
        "min": 1.86926092738e-06,
        "var": 4.31116968684e-05
    },
    "spectral_energyband_middle_low": {
        "dmean": 0.00267806253396,
        "dmean2": 0.0039860275574,
        "dvar": 1.56486967171e-05,
        "dvar2": 3.11167568725e-05,
        "max": 0.0663068443537,
        "mean": 0.00833971705288,
        "median": 0.00520099978894,
        "min": 2.38196735154e-05,
        "var": 0.000106777966721
    },
    "spectral_entropy": {
        "dmean": 0.201508417726,
        "dmean2": 0.277453929186,
        "dvar": 0.0521383732557,
        "dvar2": 0.0977754667401,
        "max": 8.62643146515,
        "mean": 7.54480791092,
        "median": 7.51465702057,
        "min": 5.59804916382,
        "var": 0.198666155338
    },
    "spectral_flux": {
        "dmean": 0.0227351337671,
        "dmean2": 0.033499866724,
        "dvar": 0.000625491084065,
        "dvar2": 0.0012594970176,
        "max": 0.261615425348,
        "mean": 0.0660407990217,
        "median": 0.0539205446839,
        "min": 0.00282372767106,
        "var": 0.00190978427418
    },
    "spectral_kurtosis": {
        "dmean": 1.70680916309,
        "dmean2": 2.80070495605,
        "dvar": 4.13976335526,
        "dvar2": 10.9693956375,
        "max": 19.301858902,
        "mean": 4.19587755203,
        "median": 3.58474779129,
        "min": -0.784863233566,
        "var": 9.08335590363
    },
    "spectral_rms": {
        "dmean": 0.000691729015671,
        "dmean2": 0.000969439046457,
        "dvar": 6.17011096438e-07,
        "dvar2": 1.25080850921e-06,
        "max": 0.00943746231496,
        "mean": 0.00390017870814,
        "median": 0.0037898812443,
        "min": 0.000252075871686,
        "var": 3.66821132047e-06
    },
    "spectral_rolloff": {
        "dmean": 635.280212402,
        "dmean2": 1004.43878174,
        "dvar": 1586511.75,
        "dvar2": 3910284.75,
        "max": 12532.3242188,
        "mean": 1439.84399414,
        "median": 710.595703125,
        "min": 64.599609375,
        "var": 3315528.5
    },
    "spectral_skewness": {
        "dmean": 0.231133028865,
        "dmean2": 0.350648075342,
        "dvar": 0.0490060001612,
        "dvar2": 0.118216343224,
        "max": 3.37708115578,
        "mean": 1.49601662159,
        "median": 1.49990129471,
        "min": 0.202608853579,
        "var": 0.20045901835
    },
    "spectral_spread": {
        "dmean": 806012.8125,
        "dmean2": 1055974.5,
        "dvar": 835978067968,
        "dvar2": 1.4612135936e+12,
        "max": 11749776,
        "mean": 4860874,
        "median": 4484726,
        "min": 2177592.75,
        "var": 3.24417146061e+12
    },
    "spectral_strongpeak": {
        "dmean": 0.499331623316,
        "dmean2": 0.81005358696,
        "dvar": 1.40071082115,
        "dvar2": 2.98888516426,
        "max": 14.2148303986,
        "mean": 1.04254686832,
        "median": 0.241645991802,
        "min": 0,
        "var": 3.53711009026
    },
    "zerocrossingrate": {
        "dmean": 0.0135154137388,
        "dmean2": 0.0150308171287,
        "dvar": 0.000264226429863,
        "dvar2": 0.000295540870866,
        "max": 0.28759765625,
        "mean": 0.0623874664307,
        "median": 0.05078125,
        "min": 0.00390625,
        "var": 0.00169318157714
    },
    "barkbands": {
        "dmean": [0.000225301453611, 0.00309906248003, 0.00125447043683, 0.000530690071173, 0.000961833342444, 0.000629780581221, 0.000188283986063, 0.000702870718669, 0.000872924574651, 0.000327757908963, 0.000181514842552, 0.000154922759975, 0.000209856079891, 0.000399694632506, 0.000253632548265, 0.00028807806666, 0.000251842895523, 0.000123431600514, 0.000129634456243, 0.00011354059825, 7.26610742277e-05, 9.55698633334e-05, 5.72422686673e-05, 5.95622659603e-05, 6.91024033586e-05, 4.72379542771e-05, 1.06256283772e-08],
        "dmean2": [0.000331828923663, 0.00516592431813, 0.00208873790689, 0.00088571512606, 0.00158434850164, 0.000997182796709, 0.000297150632832, 0.000907556037419, 0.00113104924094, 0.000475178007036, 0.000250880606472, 0.000249367352808, 0.000334871263476, 0.000590373703744, 0.000386336701922, 0.000402235367801, 0.000400940421969, 0.000203752148082, 0.000183572992682, 0.000160187948495, 9.83128047665e-05, 0.000131659631734, 8.05271192803e-05, 8.71549200383e-05, 0.000106781757495, 7.24962737877e-05, 1.98446095112e-08],
        "dvar": [2.18977248778e-07, 4.38473143731e-05, 7.08074094291e-06, 7.85624365562e-07, 2.0619049792e-06, 1.24404050439e-06, 8.50631352023e-08, 6.12765279584e-06, 9.26635220821e-06, 2.81569350591e-06, 5.20996252362e-07, 4.57959544065e-07, 7.08363188551e-07, 2.1286257379e-06, 5.26078110852e-07, 1.59689477641e-06, 4.17248230633e-07, 1.02503250332e-07, 1.65871014701e-07, 4.42212275686e-08, 2.52012792856e-08, 5.215009935e-08, 1.83895210171e-08, 1.95307556794e-08, 3.42401875741e-08, 1.48404826206e-08, 4.32614539217e-15],
        "dvar2": [4.48384383844e-07, 0.000118774558359, 1.90113551071e-05, 1.99987221094e-06, 5.65856498724e-06, 3.12030147143e-06, 2.05657698871e-07, 1.0481478057e-05, 1.39851754284e-05, 6.93552374287e-06, 7.33802608011e-07, 1.23736322166e-06, 1.71644558122e-06, 4.58619933852e-06, 1.04080436358e-06, 1.9890517251e-06, 9.09764196422e-07, 2.60144361164e-07, 2.68927720981e-07, 9.77911724931e-08, 4.26825721433e-08, 1.14104089732e-07, 4.08386924278e-08, 4.12222433965e-08, 8.43037142317e-08, 3.60388305864e-08, 1.25507794058e-14],
        "max": [0.00688541540876, 0.061152741313, 0.0312070306391, 0.00967445876449, 0.014195532538, 0.0192431118339, 0.00441381987184, 0.0534550659359, 0.062829323113, 0.0477369613945, 0.0171385854483, 0.0140135427937, 0.0158381853253, 0.023265292868, 0.0152310924605, 0.0336151346564, 0.0173136088997, 0.0052198395133, 0.0106693618, 0.00306062027812, 0.00178461952601, 0.00281652947888, 0.00166456878651, 0.00259115849622, 0.00193395256065, 0.00127082329709, 1.02627029719e-06],
        "mean": [0.000381932768505, 0.00448004063219, 0.00170207722113, 0.000858627434354, 0.00182849715929, 0.00119991146494, 0.000399728858611, 0.00147544348147, 0.00241418858059, 0.000602003536187, 0.000341234175721, 0.000208195269806, 0.000302891392494, 0.000629412767012, 0.000527307100128, 0.000425718812039, 0.000453897839179, 0.000188003468793, 0.000224963805522, 0.000169875536812, 0.00010004840442, 0.000132550791022, 8.5542393208e-05, 8.69309078553e-05, 8.42385488795e-05, 4.83735930175e-05, 6.49376419304e-09],
        "median": [0.000200127324206, 0.00253865588456, 0.000897324178368, 0.000507779943291, 0.00117947463877, 0.000711161468644, 0.000244797207415, 0.000234624007135, 0.000109861473902, 0.000160671246704, 6.55303811072e-05, 7.73679130361e-05, 4.65417615487e-05, 9.47297812672e-05, 0.000110676388431, 8.11432764749e-05, 0.000131716878968, 6.22197621851e-05, 6.54153627693e-05, 5.6711887737e-05, 2.55641098192e-05, 3.33074967784e-05, 1.97912322619e-05, 1.49258203237e-05, 1.45454005178e-05, 2.68365624834e-06, 2.20189477762e-10],
        "min": [3.88081531355e-08, 1.44752925735e-06, 7.4985075571e-07, 4.74038273524e-07, 2.89855302071e-06, 1.65881942849e-06, 5.68936968648e-07, 3.2373188219e-07, 9.2771720972e-08, 2.34218902051e-07, 8.50784189765e-08, 7.9625742444e-08, 5.37976596604e-08, 8.20922352318e-08, 9.57450723149e-08, 5.62197790543e-08, 8.67865495024e-08, 7.65286358728e-08, 1.45619054592e-07, 1.095794957e-07, 7.09951422095e-08, 6.54992788895e-08, 2.15914308654e-08, 5.44233680344e-09, 1.07749052736e-10, 4.43909362394e-12, 4.9279131123e-12],
        "var": [4.08542604191e-07, 4.50403567811e-05, 6.78982360114e-06, 1.10521216357e-06, 3.82991220249e-06, 2.29326542467e-06, 2.20021846076e-07, 2.76394930552e-05, 6.9225578045e-05, 5.92640753894e-06, 2.17983006223e-06, 4.21888415758e-07, 1.22365679545e-06, 4.34921594206e-06, 2.3724167022e-06, 4.3699028538e-06, 1.10090672933e-06, 1.37426539482e-07, 3.84871526649e-07, 8.09847904293e-08, 4.67459138065e-08, 8.40277181169e-08, 3.22427275989e-08, 4.67034446672e-08, 4.42771472819e-08, 1.58718034271e-08, 2.42983322909e-15]
    },
    "erbbands": {
        "dmean": [0.092012360692, 0.732762694359, 1.636490345, 1.51758551598, 2.36623215675, 3.29133081436, 5.44190692902, 4.44813251495, 3.33134675026, 4.35626602173, 21.0024356842, 23.0356445312, 6.79314661026, 10.1576948166, 5.66587209702, 7.51416826248, 7.91068696976, 13.5095024109, 20.2054023743, 15.167599678, 12.0511875153, 10.7339725494, 8.0368719101, 4.37251996994, 7.76974344254, 5.35813856125, 3.34908223152, 2.73815846443, 3.62666034698, 2.58711528778, 1.52406263351, 1.24335467815, 1.02698981762, 0.848089993, 0.444005012512, 0.237915933132, 0.0839513465762, 0.00676371203735, 0.000128946921905, 1.3136130292e-05],
        "dmean2": [0.145389035344, 1.25848269463, 2.7974050045, 2.45288801193, 3.95817804337, 5.39911746979, 8.53704357147, 7.48124647141, 5.46327161789, 6.47792577744, 26.9994316101, 28.0592956543, 9.43090248108, 14.4866170883, 7.57189702988, 12.0902004242, 12.8878383636, 19.3887634277, 29.3705005646, 21.5021915436, 17.4348678589, 16.7961177826, 13.215379715, 6.45141935349, 10.8348770142, 7.77668046951, 4.55961751938, 3.88268494606, 5.00503540039, 3.69244551659, 2.16014099121, 1.87149393559, 1.5014115572, 1.28801584244, 0.695309937, 0.367872536182, 0.130488112569, 0.0104853929952, 0.000198176901904, 1.88261128642e-05],
        "dvar": [0.0299683082849, 3.24678730965, 15.648100853, 6.15221691132, 16.5806598663, 27.4241580963, 84.6826477051, 82.5905685425, 32.0571250916, 89.4636001587, 4497.64111328, 5830.58300781, 946.594726562, 1378.86157227, 325.611572266, 1067.74890137, 906.388549805, 1968.02575684, 6279.78808594, 2547.42211914, 1663.13647461, 705.982177734, 404.669494629, 59.4795265198, 719.736206055, 112.568405151, 54.3014221191, 33.3607215881, 84.3336868286, 34.1999473572, 13.8999147415, 9.48626899719, 5.86446285248, 5.24742746353, 1.28731095791, 0.328364908695, 0.0539822131395, 0.00040110811824, 1.34584183797e-07, 5.10903264139e-10],
        "dvar2": [0.0768622159958, 9.06310081482, 42.6050338745, 14.7906932831, 44.3863449097, 76.0824432373, 182.28465271, 225.003433228, 83.8845977783, 192.647888184, 7833.05322266, 8112.51904297, 1539.68701172, 3380.18823242, 406.032653809, 2834.81347656, 2256.28808594, 4171.46337891, 13617.2304688, 3642.41162109, 2735.85083008, 1461.88684082, 966.712646484, 117.04082489, 1151.88000488, 253.236755371, 106.560127258, 56.5003395081, 184.929000854, 77.6616821289, 30.5578289032, 22.0202903748, 12.5524616241, 12.6804246902, 3.15852093697, 0.772632062435, 0.133562773466, 0.0010119973449, 3.35995309797e-07, 1.14889098235e-09],
        "max": [2.24337029457, 15.9741611481, 46.3332748413, 28.7123031616, 49.1833343506, 76.4525299072, 133.391769409, 182.413253784, 62.9334869385, 206.545196533, 1438.47790527, 1835.68469238, 959.849487305, 767.053222656, 541.08770752, 675.984802246, 644.741455078, 780.564331055, 1274.34777832, 1581.00256348, 1069.52954102, 705.212890625, 376.465148926, 101.357391357, 727.126525879, 160.679443359, 91.9033737183, 67.3827819824, 116.113433838, 62.9815864563, 48.562702179, 51.5890808105, 40.5861206055, 23.8106822968, 13.0235013962, 5.69847297668, 2.40715932846, 0.219226837158, 0.00402567815036, 0.000233717539231],
        "mean": [0.13754825294, 0.94517326355, 2.12238836288, 2.67469477654, 4.20401000977, 5.69705438614, 10.7587184906, 7.43650531769, 6.54929351807, 9.15921020508, 51.0725708008, 63.0168991089, 15.1759548187, 18.9095363617, 11.7622432709, 10.7092761993, 12.7666988373, 24.3847541809, 36.2956352234, 26.7424659729, 21.4068412781, 20.9104213715, 14.781121254, 8.30711936951, 13.0973091125, 8.27733898163, 4.42958164215, 4.16830205917, 4.98339414597, 3.56913208961, 2.29476356506, 1.86640942097, 1.40755164623, 1.08654141426, 0.50378882885, 0.258092999458, 0.0827557519078, 0.00611289171502, 0.000131449967739, 3.01832751575e-05],
        "median": [0.0691040381789, 0.509542584419, 0.96926599741, 1.74018085003, 2.53322839737, 3.55964565277, 5.2824215889, 4.42553567886, 4.142973423, 3.27911949158, 6.55891561508, 3.10574293137, 6.15682125092, 3.81810522079, 3.18199634552, 3.97029614449, 2.571393013, 5.1912984848, 4.74721431732, 6.34250068665, 5.88638925552, 5.88682413101, 4.13671684265, 3.48938274384, 3.1251437664, 2.84910511971, 1.42742800713, 1.02877342701, 1.2387419939, 0.84375679493, 0.549919486046, 0.324078053236, 0.236923918128, 0.215440496802, 0.0693790763617, 0.0194417499006, 0.0039441161789, 0.000218322704313, 1.8814824216e-05, 2.02960145543e-05],
        "min": [4.52377535112e-05, 0.000726269558072, 0.00138909032103, 0.00369518948719, 0.0104402266443, 0.0101291537285, 0.00857937056571, 0.0120246941224, 0.0157833825797, 0.00472164480016, 0.00771272461861, 0.00460621574894, 0.00454936502501, 0.0105310752988, 0.00409857882187, 0.00296274130233, 0.00292623182759, 0.00349230109714, 0.00315285753459, 0.00478923972696, 0.00741055747494, 0.00440460536629, 0.00676754117012, 0.00621246453375, 0.00668094633147, 0.00530427647755, 0.0037164313253, 0.0024466146715, 0.00236542033963, 0.00128190487158, 0.00042158033466, 0.000131710083224, 8.87373025762e-05, 5.16253130627e-05, 2.19893422582e-06, 3.23088016785e-07, 9.63974642332e-08, 2.26907879153e-08, 5.11585369622e-08, 8.67934630833e-08],
        "var": [0.0471512079239, 2.50989079475, 13.4934158325, 9.03584098816, 30.3251132965, 47.3077659607, 251.048629761, 98.482711792, 61.9680137634, 251.198471069, 24092.9394531, 45785.8554688, 2460.60449219, 3817.84765625, 1803.32019043, 989.180480957, 1638.8079834, 4537.19482422, 14532.7685547, 6940.92480469, 4750.41357422, 2111.6574707, 866.021484375, 158.239578247, 1635.41052246, 198.908889771, 84.4774475098, 71.7392120361, 130.9296875, 55.0988960266, 24.2385673523, 21.7955379486, 12.6721544266, 7.42105484009, 1.61938893795, 0.407915979624, 0.0526195913553, 0.000355438096449, 1.25197871625e-07, 9.43247702168e-10]
    },
    "gfcc": {
        "mean": [-31.9506320953, 97.850692749, -110.934501648, 44.6548881531, -57.1400375366, 16.0668525696, -41.7483673096, 14.5937576294, -21.098526001, 3.85040855408, -16.8408908844, -0.918567121029, -5.54139041901],
        "cov": [[6405.17529297, -1240.1862793, -271.44342041, -253.476821899, 145.41607666, 226.965408325, -168.526397705, 288.790130615, -54.8805160522, 197.123809814, -232.808822632, 0.88213467598, -309.182800293], [-1240.1862793, 1571.11206055, -546.691101074, -88.0729827881, 198.785980225, -146.532989502, 110.790222168, -89.2240982056, 224.450057983, -229.523590088, 278.710754395, -228.771087646, 198.197540283], [-271.44342041, -546.691101074, 1001.90148926, 274.350067139, -59.0677375793, 190.071502686, 27.901342392, 28.1791858673, -99.8043441772, 144.764221191, -117.064460754, 204.097381592, -49.2203598022], [-253.476821899, -88.0729827881, 274.350067139, 348.896820068, 7.21631479263, 69.8805847168, 3.78499174118, -45.9453849792, 1.52507579327, 1.35271465778, 19.8181838989, 36.3962478638, 30.6642227173], [145.41607666, 198.785980225, -59.0677375793, 7.21631479263, 218.922088623, -3.3880045414, 22.1834106445, 37.2849349976, 44.2470321655, 1.81501865387, 23.2023239136, -41.0428886414, -3.37243080139], [226.965408325, -146.532989502, 190.071502686, 69.8805847168, -3.3880045414, 179.939437866, 18.9389133453, 15.0966663361, -0.545370578766, 40.9565010071, -12.1603946686, 21.2751083374, -19.0214862823], [-168.526397705, 110.790222168, 27.901342392, 3.78499174118, 22.1834106445, 18.9389133453, 138.429672241, 30.8323116302, 21.309469223, 8.84398841858, 27.5487594604, -5.07427120209, 6.55437088013], [288.790130615, -89.2240982056, 28.1791858673, -45.9453849792, 37.2849349976, 15.0966663361, 30.8323116302, 138.052810669, 48.3378372192, 38.9690170288, -39.7282676697, -16.7807426453, -28.2966594696], [-54.8805160522, 224.450057983, -99.8043441772, 1.52507579327, 44.2470321655, -0.545370578766, 21.309469223, 48.3378372192, 177.305007935, -10.4212350845, 23.2470741272, -78.2969512939, 20.6123790741], [197.123809814, -229.523590088, 144.764221191, 1.35271465778, 1.81501865387, 40.9565010071, 8.84398841858, 38.9690170288, -10.4212350845, 106.51008606, -30.4903011322, 43.6767654419, -49.496711731], [-232.808822632, 278.710754395, -117.064460754, 19.8181838989, 23.2023239136, -12.1603946686, 27.5487594604, -39.7282676697, 23.2470741272, -30.4903011322, 129.750198364, -21.148317337, 44.1759033203], [0.88213467598, -228.771087646, 204.097381592, 36.3962478638, -41.0428886414, 21.2751083374, -5.07427120209, -16.7807426453, -78.2969512939, 43.6767654419, -21.148317337, 138.638320923, -0.415134638548], [-309.182800293, 198.197540283, -49.2203598022, 30.6642227173, -3.37243080139, -19.0214862823, 6.55437088013, -28.2966594696, 20.6123790741, -49.496711731, 44.1759033203, -0.415134638548, 99.4466629028]],
        "icov": [[0.000275294674793, 0.000235477215028, 0.000278251420241, 7.20512252883e-05, -0.000311762589263, -0.000456365960417, 0.000262717047008, -0.00037284498103, -5.94043422097e-06, 0.000133479596116, -4.63992764708e-05, -0.000150885738549, 0.000368474778952], [0.000235477215028, 0.00378839042969, -0.000902852916624, 0.00216512870975, -0.00262488354929, 0.000994414323941, -0.00151752878446, 0.00205963570625, -0.00258552050218, 0.00405408022925, -0.00460554054007, 0.00282712420449, -0.00253401859663], [0.000278251420241, -0.000902852916624, 0.00336678279564, -0.00235246610828, 0.000640412676148, -0.00225291470997, 0.00015373340284, -0.00150674011093, 0.00107021222357, -0.00252167368308, 0.00320857996121, -0.00357972108759, 0.00129099411424], [7.20512252883e-05, 0.00216512870975, -0.00235246610828, 0.00592696387321, -0.00205822498538, 0.000103284713987, -0.000579146668315, 0.00297928182408, -0.00234886119142, 0.00321835069917, -0.00374173023738, 0.00227506831288, -0.00248681940138], [-0.000311762589263, -0.00262488354929, 0.000640412676148, -0.00205822498538, 0.00720468442887, -0.000180037386599, 0.000587276939768, -0.00268714106642, 0.00148490234278, -0.00317179597914, 0.00195313012227, -0.00073372334009, 0.00186319672503], [-0.000456365960417, 0.000994414323941, -0.00225291470997, 0.000103284713987, -0.000180037386599, 0.00875311065465, -0.00156016659457, 0.00137150438968, -0.00118141097482, -8.43980524223e-05, -0.00240174564533, 0.00263541610911, -0.00110566697549], [0.000262717047008, -0.00151752878446, 0.00015373340284, -0.000579146668315, 0.000587276939768, -0.00156016659457, 0.0097333714366, -0.00394885754213, 0.00117870350368, -0.00176499097142, -0.000828532152809, -0.00118929962628, 0.00129257736262], [-0.00037284498103, 0.00205963570625, -0.00150674011093, 0.00297928182408, -0.00268714106642, 0.00137150438968, -0.00394885754213, 0.0141663616523, -0.00490427389741, -0.000638928846456, 0.000806239317171, 0.00294946227223, -0.00211340282112], [-5.94043422097e-06, -0.00258552050218, 0.00107021222357, -0.00234886119142, 0.00148490234278, -0.00118141097482, 0.00117870350368, -0.00490427389741, 0.0112318731844, -0.0048128189519, 0.00245957588777, 0.00307665579021, -0.00106354965828], [0.000133479596116, 0.00405408022925, -0.00252167368308, 0.00321835069917, -0.00317179597914, -8.43980524223e-05, -0.00176499097142, -0.000638928846456, -0.0048128189519, 0.0227447226644, -0.00639493437484, -0.00235563213937, 0.00505455350503], [-4.63992764708e-05, -0.00460554054007, 0.00320857996121, -0.00374173023738, 0.00195313012227, -0.00240174564533, -0.000828532152809, 0.000806239317171, 0.00245957588777, -0.00639493437484, 0.0182675309479, -0.00413678772748, -0.000157429545652], [-0.000150885738549, 0.00282712420449, -0.00357972108759, 0.00227506831288, -0.00073372334009, 0.00263541610911, -0.00118929962628, 0.00294946227223, 0.00307665579021, -0.00235563213937, -0.00413678772748, 0.01807102561, -0.00707709556445], [0.000368474778952, -0.00253401859663, 0.00129099411424, -0.00248681940138, 0.00186319672503, -0.00110566697549, 0.00129257736262, -0.00211340282112, -0.00106354965828, 0.00505455350503, -0.000157429545652, -0.00707709556445, 0.0195990726352]]
    },
    "melbands": {
        "dmean": [0.000792174076196, 0.000914648757316, 0.000263801688561, 0.000209088277188, 0.000174155764398, 0.000104324550193, 4.7563957196e-05, 5.86714122619e-05, 0.000192574589164, 0.000124177910038, 3.37197088811e-05, 4.51227242593e-05, 2.45405171881e-05, 1.70136245288e-05, 1.8203534637e-05, 2.07482371479e-05, 2.81358206848e-05, 4.00662247557e-05, 1.58025140991e-05, 2.39509517996e-05, 1.42620701808e-05, 1.05849076135e-05, 1.44697887663e-05, 5.41690815226e-06, 3.50120512849e-06, 5.66605922359e-06, 4.90623779115e-06, 3.53511882167e-06, 2.11767883229e-06, 2.10033908843e-06, 1.53119378865e-06, 1.98290376829e-06, 2.10283542401e-06, 1.28175554437e-06, 8.93432513749e-07, 8.61598834945e-07, 7.62001434396e-07, 6.72912221944e-07, 8.22957929358e-07, 7.36947129099e-07],
        "dmean2": [0.00129687658045, 0.00156644941308, 0.000427756807767, 0.000347080902429, 0.000275686645182, 0.000172577885678, 7.83157956903e-05, 8.53276724229e-05, 0.000251820398262, 0.000151239291881, 4.87449251523e-05, 6.55920739518e-05, 3.19450919051e-05, 2.69433476205e-05, 2.97103724733e-05, 3.23209897033e-05, 4.0034941776e-05, 5.76288803131e-05, 2.42972328124e-05, 3.27589732478e-05, 2.17675242311e-05, 1.68234291777e-05, 2.28113131016e-05, 8.98517282621e-06, 5.22818436366e-06, 8.30201588542e-06, 7.13857434675e-06, 5.28387181475e-06, 2.98751683658e-06, 2.94408869195e-06, 2.39995688389e-06, 2.77425078821e-06, 3.0766918826e-06, 1.87556804576e-06, 1.28274643885e-06, 1.26525992528e-06, 1.18478089917e-06, 9.95608502308e-07, 1.22361336707e-06, 1.12926306883e-06],
        "dvar": [2.35712423091e-06, 5.22231812283e-06, 1.83652772989e-07, 1.10590846703e-07, 7.63697585171e-08, 4.11582909976e-08, 6.25432594603e-09, 2.22584226606e-08, 3.28947947992e-07, 1.74196813418e-07, 3.21664970215e-08, 3.4560542872e-08, 7.86280995868e-09, 5.02450658857e-09, 3.83643516955e-09, 7.31886862226e-09, 8.15768697038e-09, 2.79600094188e-08, 1.38971878449e-09, 1.37405109513e-08, 2.22181206766e-09, 5.5321303094e-10, 2.04580863361e-09, 1.33941205349e-10, 3.81368304991e-11, 4.87818507811e-10, 1.26749943874e-10, 5.61834780088e-11, 2.02801889865e-11, 3.00546011689e-11, 1.05242125778e-11, 2.51746141294e-11, 2.80211843312e-11, 8.94236074078e-12, 4.72420973868e-12, 4.39184105749e-12, 3.79454323865e-12, 2.4465477387e-12, 4.49995509605e-12, 4.02656467197e-12],
        "dvar2": [6.16406714471e-06, 1.43626530189e-05, 4.40095675458e-07, 3.05624979546e-07, 1.74306094891e-07, 1.10926514196e-07, 1.63621560745e-08, 4.07237195077e-08, 5.83137762078e-07, 2.40609836055e-07, 5.97748552877e-08, 9.21735789916e-08, 9.89582282784e-09, 1.33678126346e-08, 1.00891677235e-08, 1.65348623682e-08, 1.66250853084e-08, 6.03167933377e-08, 2.89855073277e-09, 1.60258100124e-08, 4.27570512329e-09, 1.26836596781e-09, 4.58643389933e-09, 3.24819893205e-10, 8.19693132814e-11, 7.95487842264e-10, 2.34261443577e-10, 1.35351244102e-10, 3.92039942176e-11, 6.38531519326e-11, 2.22106846803e-11, 5.53502348122e-11, 6.44849451614e-11, 2.13247301761e-11, 1.06597300431e-11, 9.9513487728e-12, 9.14687509762e-12, 5.24151989173e-12, 1.05633505415e-11, 9.79964980691e-12],
        "max": [0.0154729261994, 0.0238611903042, 0.00406573759392, 0.00330115994439, 0.0037444960326, 0.00394904101267, 0.000851275282912, 0.00284793460742, 0.0113809518516, 0.00999008305371, 0.00561324041337, 0.00419503077865, 0.00244289753027, 0.0015315891942, 0.000860066909809, 0.00182605243754, 0.00147634500172, 0.00279158656485, 0.000579422863666, 0.00350816687569, 0.00151472818106, 0.000493076338898, 0.00114902446512, 0.000145900587086, 8.79060171428e-05, 0.00058840715792, 0.000202296170755, 0.000104958475276, 5.93414042669e-05, 6.80954108248e-05, 3.36614612024e-05, 6.42731247353e-05, 6.79238000885e-05, 3.83631158911e-05, 2.91561664199e-05, 2.25309468078e-05, 3.26899498759e-05, 2.81394477497e-05, 3.29804279318e-05, 2.06101085496e-05],
        "mean": [0.00123101577628, 0.00120137992781, 0.000492331106216, 0.000364134029951, 0.000342735409504, 0.000183657772141, 9.61938785622e-05, 0.000117696392408, 0.000499612244312, 0.00033073744271, 6.45969194011e-05, 7.87821845734e-05, 4.81483875774e-05, 2.40676054091e-05, 2.43963695539e-05, 3.284169361e-05, 4.77567700727e-05, 6.57212003716e-05, 3.0402567063e-05, 3.61898200936e-05, 2.47200896411e-05, 1.98280486075e-05, 2.32858928939e-05, 9.27067048906e-06, 5.78318758926e-06, 9.30974420044e-06, 8.03777402325e-06, 4.91696164318e-06, 2.83185704575e-06, 2.48334936259e-06, 2.29774673244e-06, 2.71298040389e-06, 2.73623982139e-06, 1.71958231476e-06, 1.28570115976e-06, 1.24798862089e-06, 1.1029981124e-06, 9.18011949125e-07, 1.03830711851e-06, 9.0558478405e-07],
        "median": [0.000684169994202, 0.000652106362395, 0.000339680846082, 0.000217522407183, 0.000184410586371, 0.000111223009299, 6.20784921921e-05, 3.33972384396e-05, 5.03088085679e-05, 1.70583753061e-05, 2.60623437498e-05, 1.3841566215e-05, 1.02511457953e-05, 9.31634713197e-06, 7.04770400262e-06, 5.60787430004e-06, 9.79345895757e-06, 6.95069775247e-06, 7.14799398338e-06, 7.42049496694e-06, 6.99799011272e-06, 6.17977548245e-06, 4.17987439505e-06, 3.1552724522e-06, 2.35535162574e-06, 2.17920614887e-06, 1.97773579202e-06, 1.65869278135e-06, 8.54392396832e-07, 5.66450296446e-07, 5.3696555824e-07, 6.10733081885e-07, 7.1836547022e-07, 3.73052728264e-07, 3.1345192042e-07, 2.19968754323e-07, 1.70636639041e-07, 1.34573483024e-07, 2.06623440135e-07, 1.71412267491e-07],
        "min": [3.62177388524e-07, 1.55793168233e-06, 1.21002460673e-06, 6.80887694671e-07, 2.99373652979e-07, 3.07856367954e-07, 2.06666456393e-07, 3.57775675752e-08, 4.68343799298e-08, 1.88450322014e-08, 1.13741407404e-08, 4.20714663107e-08, 1.3214496164e-08, 8.44082048701e-09, 6.68493482792e-09, 6.80427980626e-09, 6.29083185544e-09, 4.38538183545e-09, 6.25608365112e-09, 8.030511367e-09, 6.98965996193e-09, 4.83750017821e-09, 3.97674293495e-09, 3.58516949461e-09, 4.27833413141e-09, 4.74662664729e-09, 3.99169186593e-09, 2.65337840588e-09, 2.27642549255e-09, 1.02302144533e-09, 1.19216458927e-09, 1.29693056294e-09, 1.08748243743e-09, 5.36335198476e-10, 2.74684969215e-10, 6.39012315284e-11, 1.15487801614e-11, 1.9654635558e-11, 4.94553486705e-12, 1.28337011157e-13],
