{
"highlevel": {
    "danceability": {
        "all": {
            "danceable": 0.407143563032,
            "not_danceable": 0.592856407166
        },
        "probability": 0.592856407166,
        "value": "not_danceable"
    },
    "gender": {
        "all": {
            "female": 0.990676522255,
            "male": 0.00932345259935
        },
        "probability": 0.990676522255,
        "value": "female"
    },
    "genre_dortmund": {
        "all": {
            "alternative": 0.0418208055198,
            "blues": 0.220464110374,
            "electronic": 0.120156601071,
            "folkcountry": 0.118584766984,
            "funksoulrnb": 0.0357585325837,
            "jazz": 0.226237639785,
            "pop": 0.0324999801815,
            "raphiphop": 0.108591251075,
            "rock": 0.0958863198757
        },
        "probability": 0.226237639785,
        "value": "jazz"
    },
    "genre_electronic": {
        "all": {
            "ambient": 0.667246341705,
            "dnb": 0.179264232516,
            "house": 0.117086745799,
            "techno": 0.0160560384393,
            "trance": 0.0203466378152
        },
        "probability": 0.667246341705,
        "value": "ambient"
    },
    "genre_rosamerica": {
        "all": {
            "cla": 0.120516642928,
            "dan": 0.0434267818928,
            "hip": 0.118143633008,
            "jaz": 0.16732211411,
            "pop": 0.260604768991,
            "rhy": 0.169610843062,
            "roc": 0.0822759270668,
            "spe": 0.0380992889404
        },
        "probability": 0.260604768991,
        "value": "pop"
    },
    "genre_tzanetakis": {
        "all": {
            "blu": 0.0626613423228,
            "cla": 0.0348169617355,
            "cou": 0.104475811124,
            "dis": 0.0784321576357,
            "hip": 0.15692435205,
            "jaz": 0.313974827528,
            "met": 0.0448166541755,
            "pop": 0.0627359300852,
            "reg": 0.0627360641956,
            "roc": 0.0784258767962
        },
        "probability": 0.313974827528,
        "value": "jaz"
    },
    "ismir04_rhythm": {
        "all": {
            "ChaChaCha": 0.163508594036,
            "Jive": 0.0378567911685,
            "Quickstep": 0.134304255247,
            "Rumba-American": 0.0100453486666,
            "Rumba-International": 0.0527808219194,
            "Rumba-Misc": 0.0160593464971,
            "Samba": 0.125795632601,
            "Tango": 0.0406504645944,
            "VienneseWaltz": 0.393158465624,
            "Waltz": 0.0258403010666
        },
        "probability": 0.393158465624,
        "value": "VienneseWaltz"
    },
    "mood_acoustic": {
        "all": {
            "acoustic": 0.241428896785,
            "not_acoustic": 0.758571088314
        },
        "probability": 0.758571088314,
        "value": "not_acoustic"
    },
    "mood_aggressive": {
        "all": {
            "aggressive": 0.166874185205,
            "not_aggressive": 0.833125829697
        },
        "probability": 0.833125829697,
        "value": "not_aggressive"
    },
    "mood_electronic": {
        "all": {
            "electronic": 0.354484260082,
            "not_electronic": 0.645515739918
        },
        "probability": 0.645515739918,
        "value": "not_electronic"
    },
    "mood_happy": {
        "all": {
            "happy": 0.364266574383,
            "not_happy": 0.635733425617
        },
        "probability": 0.635733425617,
        "value": "not_happy"
    },
    "mood_party": {
        "all": {
            "not_party": 0.883130788803,
            "party": 0.116869188845
        },
        "probability": 0.883130788803,
        "value": "not_party"
    },
    "mood_relaxed": {
        "all": {
            "not_relaxed": 0.398052126169,
            "relaxed": 0.601947844028
        },
        "probability": 0.601947844028,
        "value": "relaxed"
    },
    "mood_sad": {
        "all": {
            "not_sad": 0.471227735281,
            "sad": 0.528772234917
        },
        "probability": 0.528772234917,
        "value": "sad"
    },
    "moods_mirex": {
        "all": {
            "Cluster1": 0.121563695371,
            "Cluster2": 0.25296330452,
            "Cluster3": 0.21067725122,
            "Cluster4": 0.187652915716,
            "Cluster5": 0.227142825723
        },
        "probability": 0.25296330452,
        "value": "Cluster2"
    },
    "timbre": {
        "all": {
            "bright": 0.999999344349,
            "dark": 6.3890996671e-07
        },
        "probability": 0.999999344349,
        "value": "bright"
    },
    "tonal_atonal": {
        "all": {
            "atonal": 0.0918696373701,
            "tonal": 0.908130347729
        },
        "probability": 0.908130347729,
        "value": "tonal"
    },
    "voice_instrumental": {
        "all": {
            "instrumental": 0.136274576187,
            "voice": 0.863725423813
        },
        "probability": 0.863725423813,
        "value": "voice"
    }
},
"lowlevel": {
    "average_loudness": 0.964118778706,
    "barkbands_crest": {
        "dmean": 2.79518556595,
        "dmean2": 4.47840881348,
        "dvar": 6.93847751617,
        "dvar2": 15.904009819,
        "max": 25.7580795288,
        "mean": 10.1337223053,
        "median": 9.38421535492,
        "min": 2.64583539963,
        "var": 16.6342372894
    },
    "barkbands_flatness_db": {
        "dmean": 0.0295954812318,
        "dmean2": 0.0430295392871,
        "dvar": 0.000827212643344,
        "dvar2": 0.00161903467961,
        "max": 0.376435667276,
        "mean": 0.17902828753,
        "median": 0.170888051391,
        "min": 0.0676779448986,
        "var": 0.00256183580495
    },
    "barkbands_kurtosis": {
        "dmean": 2.31564426422,
        "dmean2": 3.52890586853,
        "dvar": 17.3243503571,
        "dvar2": 36.6793251038,
        "max": 67.204864502,
        "mean": 2.74395513535,
        "median": 0.652866601944,
        "min": -1.63942694664,
        "var": 38.3573951721
    },
    "barkbands_skewness": {
        "dmean": 0.525343358517,
        "dmean2": 0.788328766823,
        "dvar": 0.285415381193,
        "dvar2": 0.577718675137,
        "max": 7.11830997467,
        "mean": 1.08407175541,
        "median": 0.866310656071,
        "min": -0.949469685555,
        "var": 1.08693265915
    },
    "barkbands_spread": {
        "dmean": 4.81069946289,
        "dmean2": 7.30784416199,
        "dvar": 20.9604282379,
        "dvar2": 47.417301178,
        "max": 54.6507873535,
        "mean": 17.6728610992,
        "median": 17.1645069122,
        "min": 1.73130905628,
        "var": 63.8521652222
    },
    "dissonance": {
        "dmean": 0.0252965595573,
        "dmean2": 0.042000412941,
        "dvar": 0.000452225154731,
        "dvar2": 0.00121026940178,
        "max": 0.499788671732,
        "mean": 0.449150681496,
        "median": 0.453948736191,
        "min": 0.286641567945,
        "var": 0.000933133647777
    },
    "dynamic_complexity": 2.36846041679,
    "erbbands_crest": {
        "dmean": 3.13266062737,
        "dmean2": 5.04648113251,
        "dvar": 8.71738910675,
        "dvar2": 20.4817752838,
        "max": 27.5622997284,
        "mean": 10.5163965225,
        "median": 9.65295982361,
        "min": 3.51514863968,
        "var": 17.5526008606
    },
    "erbbands_flatness_db": {
        "dmean": 0.0316975563765,
        "dmean2": 0.045910127461,
        "dvar": 0.000937209755648,
        "dvar2": 0.00190243765246,
        "max": 0.388924777508,
        "mean": 0.222088947892,
        "median": 0.225253805518,
        "min": 0.0894134938717,
        "var": 0.00231235101819
    },
    "erbbands_kurtosis": {
        "dmean": 1.04797708988,
        "dmean2": 1.62760424614,
        "dvar": 2.67250466347,
        "dvar2": 5.59066200256,
        "max": 23.0405006409,
        "mean": 0.316818892956,
        "median": -0.313589096069,
        "min": -1.76215910912,
        "var": 4.92959737778
    },
    "erbbands_skewness": {
        "dmean": 0.444620668888,
        "dmean2": 0.665808856487,
        "dvar": 0.169214904308,
        "dvar2": 0.358635783195,
        "max": 4.32654237747,
        "mean": 0.412200003862,
        "median": 0.315276622772,
        "min": -1.63017451763,
        "var": 0.564282178879
    },
    "erbbands_spread": {
        "dmean": 7.89666223526,
        "dmean2": 11.9833879471,
        "dvar": 58.7504463196,
        "dvar2": 133.429031372,
        "max": 80.8870925903,
        "mean": 28.9874839783,
        "median": 27.0247707367,
        "min": 4.06358575821,
        "var": 152.928985596
    },
    "hfc": {
        "dmean": 7.98898267746,
        "dmean2": 11.1429710388,
        "dvar": 82.5389633179,
        "dvar2": 167.912368774,
        "max": 88.6596908569,
        "mean": 18.496881485,
        "median": 15.5237503052,
        "min": 0.174371629953,
        "var": 224.647384644
    },
    "melbands_crest": {
        "dmean": 3.210916996,
        "dmean2": 5.16038656235,
        "dvar": 8.61011505127,
        "dvar2": 21.186296463,
        "max": 29.6742305756,
        "mean": 12.9090385437,
        "median": 12.3363428116,
        "min": 4.10927057266,
        "var": 19.5709838867
    },
    "melbands_flatness_db": {
        "dmean": 0.0375701002777,
        "dmean2": 0.0519909895957,
        "dvar": 0.00125195784494,
        "dvar2": 0.00224551954307,
        "max": 0.491681426764,
        "mean": 0.233910530806,
        "median": 0.225318521261,
        "min": 0.0592445284128,
        "var": 0.0048789549619
    },
    "melbands_kurtosis": {
        "dmean": 4.62701177597,
        "dmean2": 7.23430156708,
        "dvar": 67.8925094604,
        "dvar2": 151.183731079,
        "max": 128.466674805,
        "mean": 7.14950990677,
        "median": 3.07428407669,
        "min": -1.3293851614,
        "var": 124.78993988
    },
    "melbands_skewness": {
        "dmean": 0.6603256464,
        "dmean2": 0.995501279831,
        "dvar": 0.521606564522,
        "dvar2": 1.06696867943,
        "max": 9.49967002869,
        "mean": 1.77321243286,
        "median": 1.47135984898,
        "min": -0.627600848675,
        "var": 1.71577203274
    },
    "melbands_spread": {
        "dmean": 6.73739624023,
        "dmean2": 10.114900589,
        "dvar": 42.3219108582,
        "dvar2": 93.2916564941,
        "max": 71.0396194458,
        "mean": 22.8740139008,
        "median": 22.1043930054,
        "min": 1.63035857677,
        "var": 143.672042847
    },
    "pitch_salience": {
        "dmean": 0.0687263086438,
        "dmean2": 0.110016033053,
        "dvar": 0.0041860723868,
        "dvar2": 0.010376800783,
        "max": 0.795916974545,
        "mean": 0.520576536655,
        "median": 0.520177543163,
        "min": 0.138539239764,
        "var": 0.00934675894678
    },
    "silence_rate_20dB": {
        "dmean": 0,
        "dmean2": 0,
        "dvar": 0,
        "dvar2": 0,
        "max": 1,
        "mean": 1,
        "median": 1,
        "min": 1,
        "var": 0
    },
    "silence_rate_30dB": {
        "dmean": 0,
        "dmean2": 0,
        "dvar": 0,
        "dvar2": 0,
        "max": 1,
        "mean": 1,
        "median": 1,
        "min": 1,
        "var": 0
    },
    "silence_rate_60dB": {
        "dmean": 0.0417956672609,
        "dmean2": 0.0836560800672,
        "dvar": 0.0400489419699,
        "dvar2": 0.0890506505966,
        "max": 1,
        "mean": 0.047177106142,
        "median": 0,
        "min": 0,
        "var": 0.0449505597353
    },
    "spectral_centroid": {
        "dmean": 275.418731689,
        "dmean2": 407.384490967,
        "dvar": 66297.046875,
        "dvar2": 132443.0625,
        "max": 3028.95898438,
        "mean": 1368.99523926,
        "median": 1374.50622559,
        "min": 237.841400146,
        "var": 297856.90625
    },
    "spectral_complexity": {
        "dmean": 4.49071216583,
        "dmean2": 6.03563117981,
        "dvar": 20.9558429718,
        "dvar2": 39.1762275696,
        "max": 46,
        "mean": 16.8824443817,
        "median": 16,
        "min": 0,
        "var": 68.1083374023
    },
    "spectral_decrease": {
        "dmean": 2.33364594315e-09,
        "dmean2": 3.31792571195e-09,
        "dvar": 9.07904506788e-18,
        "dvar2": 1.90416927379e-17,
        "max": -4.47751870303e-11,
        "mean": -5.5682414235e-09,
        "median": -4.54654891513e-09,
        "min": -3.4429152862e-08,
        "var": 1.91541098919e-17
    },
    "spectral_energy": {
        "dmean": 0.00944424513727,
        "dmean2": 0.01340468321,
        "dvar": 0.00014353064762,
        "dvar2": 0.000299562496366,
        "max": 0.134112477303,
        "mean": 0.0226935558021,
        "median": 0.0185014065355,
        "min": 0.000186943740118,
        "var": 0.000307727546897
    },
    "spectral_energyband_high": {
        "dmean": 0.000331713352352,
        "dmean2": 0.00053779699374,
        "dvar": 2.87875536742e-07,
        "dvar2": 7.13777581041e-07,
        "max": 0.00380183663219,
        "mean": 0.000387740466977,
        "median": 0.000156794209033,
        "min": 2.60868603164e-07,
        "var": 3.17719042187e-07
    },
    "spectral_energyband_low": {
        "dmean": 0.00171919597778,
        "dmean2": 0.00246855174191,
        "dvar": 1.57263311849e-05,
        "dvar2": 3.25170913129e-05,
        "max": 0.05090803653,
        "mean": 0.00429060030729,
        "median": 0.00176479073707,
        "min": 1.3061966456e-05,
        "var": 3.52854222001e-05
    },
    "spectral_energyband_middle_high": {
        "dmean": 0.00320011680014,
        "dmean2": 0.0044491016306,
        "dvar": 2.36646956182e-05,
        "dvar2": 4.48224927823e-05,
        "max": 0.0817257985473,
        "mean": 0.00682263821363,
        "median": 0.00432488787919,
        "min": 2.22326561925e-05,
        "var": 6.24052263447e-05
    },
    "spectral_energyband_middle_low": {
        "dmean": 0.00685239583254,
        "dmean2": 0.010466591455,
        "dvar": 8.56797705637e-05,
        "dvar2": 0.000197733854293,
        "max": 0.0892091020942,
        "mean": 0.0121567184106,
        "median": 0.00880532246083,
        "min": 3.31457376888e-05,
        "var": 0.000132388027851
    },
    "spectral_entropy": {
        "dmean": 0.255624622107,
        "dmean2": 0.356423348188,
        "dvar": 0.0588197633624,
        "dvar2": 0.117886155844,
        "max": 8.2619342804,
        "mean": 7.14507341385,
        "median": 7.17372846603,
        "min": 5.74248600006,
        "var": 0.162717536092
    },
    "spectral_flux": {
        "dmean": 0.0310514550656,
        "dmean2": 0.0470482110977,
        "dvar": 0.000983233563602,
        "dvar2": 0.00217938702554,
        "max": 0.284922659397,
        "mean": 0.0798601210117,
        "median": 0.0728105455637,
        "min": 0.00775785371661,
        "var": 0.00186606147327
    },
    "spectral_kurtosis": {
        "dmean": 3.74249172211,
        "dmean2": 6.48762464523,
        "dvar": 13.1089725494,
        "dvar2": 36.3957519531,
        "max": 35.1106262207,
        "mean": 6.63515758514,
        "median": 5.59524250031,
        "min": 0.108794212341,
        "var": 17.6146678925
    },
    "spectral_rms": {
        "dmean": 0.000951821974013,
        "dmean2": 0.00129864516202,
        "dvar": 9.84559051176e-07,
        "dvar2": 1.88441981663e-06,
        "max": 0.0114385941997,
        "mean": 0.00437862658873,
        "median": 0.00424854690209,
        "min": 0.000427064573159,
        "var": 2.96768303087e-06
    },
    "spectral_rolloff": {
        "dmean": 418.396972656,
        "dmean2": 676.453796387,
        "dvar": 265990.21875,
        "dvar2": 554285.3125,
        "max": 4737.3046875,
        "mean": 1415.79345703,
        "median": 1442.72460938,
        "min": 129.19921875,
        "var": 646300.6875
    },
    "spectral_skewness": {
        "dmean": 0.39254835248,
        "dmean2": 0.656606376171,
        "dvar": 0.117055296898,
        "dvar2": 0.317891567945,
        "max": 4.23460626602,
        "mean": 1.48677110672,
        "median": 1.40348434448,
        "min": 0.173962235451,
        "var": 0.242768466473
    },
    "spectral_spread": {
        "dmean": 620925.5,
        "dmean2": 964424.25,
        "dvar": 513039302656,
        "dvar2": 1.17643463885e+12,
        "max": 6684933.5,
        "mean": 2954113.25,
        "median": 2657922.75,
        "min": 1497734.5,
        "var": 789199126528
    },
    "spectral_strongpeak": {
        "dmean": 0.715748012066,
        "dmean2": 1.16947293282,
        "dvar": 0.766062378883,
        "dvar2": 1.89336383343,
        "max": 8.7178030014,
        "mean": 1.35882878304,
        "median": 0.992378234863,
        "min": 0,
        "var": 1.44866192341
    },
    "zerocrossingrate": {
        "dmean": 0.0086824875325,
        "dmean2": 0.0101336324587,
        "dvar": 6.25861648587e-05,
        "dvar2": 7.87682802184e-05,
        "max": 0.1416015625,
        "mean": 0.0525353625417,
        "median": 0.05224609375,
        "min": 0.00537109375,
        "var": 0.000403679703595
    },
    "barkbands": {
        "dmean": [4.06969047617e-05, 0.000906510162167, 0.000738939095754, 0.000415704475017, 0.00352825573646, 0.00107981974725, 0.000393154507037, 0.000875368481502, 0.00150066497736, 0.0015895498218, 0.000550059950911, 0.000365649320884, 0.000315115088597, 0.000743818469346, 0.000736103393137, 0.000220784349949, 0.00018124494818, 0.000240472683799, 0.000192907289602, 0.000216698041186, 7.03801852069e-05, 7.00044329278e-05, 3.0196741136e-05, 1.74761753442e-05, 2.27942564379e-05, 2.18669138121e-05, 1.23290733178e-09],
        "dmean2": [6.99989177519e-05, 0.00142534263432, 0.00100927252788, 0.000636772776488, 0.00556681538001, 0.00173775304575, 0.000658342847601, 0.00133219768759, 0.00229492969811, 0.0024455236271, 0.000779257097747, 0.000548595620785, 0.000481590570416, 0.00119868444744, 0.00114501931239, 0.000337322417181, 0.000279279716779, 0.000367317697965, 0.000295283243759, 0.000322319683619, 0.000113538873848, 0.000119441530842, 5.24976640008e-05, 3.14410826832e-05, 4.23013880209e-05, 4.05246901209e-05, 1.94261295938e-09],
        "dvar": [5.50085399453e-09, 6.46109083391e-06, 3.50152413375e-06, 8.63768775616e-07, 5.92203905398e-05, 3.35753134095e-06, 5.8534112668e-07, 2.61822287939e-06, 7.92870287114e-06, 2.34358594753e-05, 2.74286207969e-06, 5.34483831416e-07, 5.43812802789e-07, 1.7451035319e-06, 1.34637673455e-06, 2.07441445355e-07, 1.66727289752e-07, 1.27144829776e-07, 9.41753910411e-08, 1.00681162962e-07, 1.56351411817e-08, 2.25102620988e-08, 4.38972014294e-09, 1.74294700894e-09, 3.89871868123e-09, 4.89354201605e-09, 1.79997412967e-16],
        "dvar2": [1.46456837768e-08, 1.49196375787e-05, 6.83209873387e-06, 1.98229963644e-06, 0.000143752986332, 7.38899370845e-06, 1.57721012783e-06, 5.95854862695e-06, 1.85019816854e-05, 5.18064261996e-05, 6.27826238997e-06, 1.24468431295e-06, 1.28052602122e-06, 4.25586722486e-06, 3.09188885694e-06, 4.82292023207e-07, 3.9259967366e-07, 2.82622067971e-07, 2.01564816393e-07, 1.95157554117e-07, 4.03054478681e-08, 5.89199835588e-08, 1.1389301946e-08, 4.63391724992e-09, 1.10423004074e-08, 1.38810323236e-08, 1.83513433496e-16],
        "max": [0.00109715037979, 0.0388851389289, 0.0280335880816, 0.0121492501348, 0.0724666789174, 0.0286448802799, 0.0119476960972, 0.0145080862567, 0.0398723185062, 0.0773029476404, 0.0376833379269, 0.0103679187596, 0.0150463897735, 0.018859539181, 0.0113282920793, 0.0058720628731, 0.00718365656212, 0.00373148033395, 0.00443505635485, 0.00461907172576, 0.00121950695757, 0.0011794246966, 0.000647552893497, 0.000298682803987, 0.000658254197333, 0.000872141099535, 4.81134065922e-07],
        "mean": [7.07892540959e-05, 0.00215695588849, 0.00172947323881, 0.00072565121809, 0.00452876510099, 0.00158850615844, 0.000505121599417, 0.00129324349109, 0.00232236320153, 0.00202040327713, 0.000689502456225, 0.000584837223869, 0.000476053450257, 0.00107018137351, 0.00103481090628, 0.000317460449878, 0.00028508406831, 0.000383582286304, 0.000324054359226, 0.000388415384805, 7.23079356248e-05, 6.16659453954e-05, 2.44580296567e-05, 1.14334025056e-05, 1.43621518873e-05, 1.40936790558e-05, 1.12744147351e-09],
        "median": [5.45791626791e-05, 0.00037692906335, 0.00067549617961, 0.000139989075251, 0.000940132886171, 0.000706691178493, 0.00021879565611, 0.000440363335656, 0.000844412017614, 0.000353404699126, 9.79854667094e-05, 0.000183149371878, 0.000157756236149, 0.000257878768025, 0.000306233443553, 0.000123501347844, 0.000133895169711, 0.000204052499612, 0.000153893677634, 0.000191608327441, 2.80576314253e-05, 1.34977080961e-05, 6.26920882496e-06, 7.26450252841e-07, 1.02565388715e-06, 8.47049420827e-07, 3.14508197263e-10],
        "min": [8.64309924964e-07, 6.78577521285e-07, 5.31895061329e-08, 1.0749587176e-07, 1.94021822608e-06, 2.0492875592e-06, 1.17200227123e-06, 7.97199618319e-07, 8.42515646582e-07, 4.37094257677e-07, 4.36608132759e-07, 7.82697270552e-07, 3.34759306497e-07, 8.71105669376e-07, 1.63216918736e-06, 1.58662214744e-06, 7.51335051064e-07, 5.28676366685e-07, 3.65170365058e-07, 2.14907174723e-07, 9.56384624828e-08, 1.59983102321e-08, 7.87270734715e-11, 2.11415364382e-11, 2.54161362095e-11, 2.98416534539e-11, 3.27569603387e-11],
        "var": [5.14967624099e-09, 1.38350233101e-05, 8.00407906354e-06, 2.00994077204e-06, 7.74039581302e-05, 6.10406686974e-06, 7.33674596631e-07, 3.92027004636e-06, 1.30164944494e-05, 2.98758695862e-05, 3.4545462313e-06, 1.08253834696e-06, 8.59749775373e-07, 4.06926028518e-06, 2.60335332314e-06, 3.33224022597e-07, 2.9281139291e-07, 2.53375333159e-07, 2.25162239076e-07, 2.5359298661e-07, 1.40868365861e-08, 1.70892509033e-08, 3.25733973128e-09, 1.17862442028e-09, 2.29092034232e-09, 2.86812951167e-09, 1.79858128987e-16]
    },
    "erbbands": {
        "dmean": [0.0161147415638, 0.239090323448, 0.780457079411, 1.18477737904, 3.52575612068, 13.5666952133, 15.8350725174, 9.8944311142, 5.40018177032, 10.6142272949, 17.9446372986, 27.8592414856, 66.7811889648, 26.2055797577, 17.7615184784, 13.8316287994, 12.43562603, 36.0661506653, 34.1725921631, 27.7544689178, 11.7846250534, 9.4858789444, 11.4658622742, 13.380068779, 7.16669130325, 11.4825296402, 4.18525934219, 2.70257234573, 2.23917913437, 1.46341097355, 0.921280145645, 0.382903575897, 0.299233943224, 0.208934113383, 0.220748409629, 0.136231377721, 0.0283630657941, 0.00142649642657, 3.62515093002e-05, 1.27347739181e-05],
        "dmean2": [0.0266997870058, 0.37251201272, 1.09432303905, 1.62927746773, 5.68832731247, 21.9838485718, 24.3314094543, 15.920091629, 8.84955310822, 16.6323986053, 28.1774215698, 42.8226051331, 102.899131775, 36.890083313, 25.2004394531, 20.5946235657, 17.9906215668, 58.6503486633, 52.5090103149, 40.7447471619, 17.8892688751, 14.4500265121, 17.2792053223, 20.2252731323, 10.4855365753, 16.8835601807, 6.47562456131, 4.45953226089, 3.82783651352, 2.44480276108, 1.61035358906, 0.666749715805, 0.552471637726, 0.390185803175, 0.410674184561, 0.253653496504, 0.0519253648818, 0.00259998883121, 6.37548146187e-05, 1.84742766578e-05],
        "dvar": [0.00255450396799, 0.435061007738, 3.31483101845, 9.57709980011, 111.404396057, 1045.19006348, 1104.23620605, 333.596588135, 92.7433166504, 430.013549805, 1132.77636719, 2595.99951172, 30937.2539062, 3822.60327148, 1927.77148438, 685.780395508, 525.698791504, 3812.19921875, 2623.48168945, 2351.39111328, 727.682373047, 460.591339111, 236.943908691, 408.943878174, 97.0998382568, 300.658874512, 41.3776435852, 27.2127151489, 24.010591507, 9.4413690567, 4.36536598206, 0.758916735649, 0.544195950031, 0.300893545151, 0.402307242155, 0.18972080946, 0.00766919692978, 1.68911319633e-05, 8.78428796369e-09, 2.75812483963e-10],
        "dvar2": [0.00655734725296, 0.987183630466, 6.54523181915, 17.9141788483, 298.546173096, 2679.28149414, 2534.50341797, 745.767822266, 228.318496704, 1062.13378906, 2685.36645508, 5980.26708984, 70721.015625, 7746.46777344, 4039.89233398, 1546.75231934, 1213.31787109, 9488.62988281, 5812.57568359, 5148.81347656, 1774.01611328, 1124.24890137, 529.413024902, 870.948669434, 200.393997192, 591.980895996, 101.949203491, 70.5054244995, 62.9197883606, 24.1926898956, 11.5598831177, 1.93098783493, 1.5017002821, 0.843677103519, 1.14270138741, 0.537888169289, 0.0217418670654, 4.74518965348e-05, 2.46145113181e-08, 6.23090357088e-10],
        "max": [0.769932031631, 10.3374681473, 21.7872848511, 52.8050041199, 127.82333374, 299.922943115, 360.527557373, 302.558441162, 143.032684326, 204.526031494, 352.59262085, 574.691589355, 2641.40307617, 997.419311523, 982.361877441, 343.990661621, 340.150268555, 938.510437012, 679.866699219, 604.428405762, 401.774108887, 384.285583496, 141.412719727, 249.850402832, 129.795288086, 253.975769043, 64.0296401978, 42.436832428, 47.2962112427, 24.2172718048, 21.9887371063, 8.37332630157, 6.08477687836, 4.85478544235, 7.17751312256, 5.2530579567, 0.912049531937, 0.0532592870295, 0.00108328217175, 0.000154282039148],
        "mean": [0.0299067478627, 0.588724970818, 1.9533752203, 2.42799806595, 5.1117477417, 15.7854328156, 21.1784381866, 14.2705345154, 8.6398859024, 15.0241594315, 26.9202098846, 43.8351325989, 90.4775924683, 37.1721305847, 25.7086353302, 23.766992569, 21.2772369385, 52.7574691772, 50.1344528198, 40.9686126709, 17.9478206635, 15.8916501999, 19.6603717804, 22.4137554169, 13.8018541336, 20.3607807159, 5.39268016815, 2.54297375679, 1.92623484135, 1.37358701229, 0.728887856007, 0.284551858902, 0.181752935052, 0.126251235604, 0.139657899737, 0.0869641453028, 0.0184746813029, 0.000994740286842, 3.45966764144e-05, 2.84700290649e-05],
        "median": [0.00527369137853, 0.135634109378, 0.795367956161, 0.566101074219, 0.800181090832, 2.53838348389, 4.71979951859, 6.02469921112, 5.00361394882, 5.78968143463, 13.0137729645, 19.7188148499, 25.2776374817, 11.2907037735, 7.10509109497, 8.6904296875, 8.60808467865, 16.6731357574, 18.0663204193, 14.3962450027, 8.22722053528, 7.72616910934, 11.6485929489, 11.5871858597, 7.72036123276, 9.18176364899, 2.64113759995, 0.883487939835, 0.491677761078, 0.27216732502, 0.176174625754, 0.047139134258, 0.00593698490411, 0.00462214229628, 0.010349534452, 0.00539407506585, 0.0010638324311, 7.23488992662e-05, 1.40241336339e-05, 2.33235805354e-05],
        "min": [0.000104500439193, 0.000608948583249, 0.00104943464976, 0.00103050051257, 0.00302925473079, 0.0100066838786, 0.0264867600054, 0.0187652818859, 0.0982793718576, 0.0553919672966, 0.083220012486, 0.0813135951757, 0.0546550564468, 0.0234393309802, 0.0255181286484, 0.0328743569553, 0.0225145835429, 0.0428555570543, 0.105416573584, 0.0440727546811, 0.122187390924, 0.0513099804521, 0.0457630380988, 0.0192057304084, 0.0153802251443, 0.0104002989829, 0.00584605755284, 0.00272764801048, 0.000842055247631, 0.000494935316965, 0.000131657448946, 5.74063997192e-05, 1.28360079543e-05, 5.22453865415e-06, 1.87998500678e-06, 1.24233201859e-06, 6.11534460404e-07, 1.34521854989e-07, 1.35040352234e-07, 2.35543907934e-07],
        "var": [0.00502965366468, 0.964606285095, 7.87268829346, 27.4463043213, 153.917984009, 1194.03063965, 1635.54272461, 602.765686035, 171.119018555, 572.901733398, 1484.27294922, 4226.546875, 38871.7109375, 6493.45556641, 3028.05004883, 1571.22692871, 1075.20056152, 8670.42285156, 5150.23925781, 4722.34375, 1096.69775391, 793.467834473, 542.981994629, 891.263427734, 287.486877441, 766.93737793, 51.3120727539, 22.2253074646, 17.8912448883, 8.07959365845, 3.09448957443, 0.573432981968, 0.332914561033, 0.176677748561, 0.235364496708, 0.110510401428, 0.00458130333573, 1.06476181827e-05, 5.70835689828e-09, 4.97743790628e-10]
    },
    "gfcc": {
        "mean": [-40.7032928467, 126.316680908, -157.73626709, 25.4671516418, -49.2978515625, -9.49782180786, -23.3784561157, 3.12263870239, -20.9564380646, 2.84252667427, -17.5811405182, -4.01943206787, -9.16505527496],
        "cov": [[4358.75488281, -1494.54504395, 161.285354614, -57.5630302429, -227.416885376, 520.650878906, -323.80682373, 220.546920776, -494.316070557, 283.82208252, -339.657928467, 209.754348755, -154.077270508], [-1494.54504395, 1475.73742676, -2.32407093048, 229.074188232, 395.291473389, -247.852020264, 364.376434326, -306.640258789, 227.136291504, -336.280578613, 180.529129028, -178.625061035, 55.7750053406], [161.285354614, -2.32407093048, 980.683349609, 307.857025146, 79.8337936401, 166.773117065, -236.563705444, 9.89726829529, -122.537658691, 25.5499534607, -115.53401947, 0.815755546093, -48.8642196655], [-57.5630302429, 229.074188232, 307.857025146, 380.357025146, 111.89655304, 40.1720428467, -42.9337539673, -112.561096191, 29.4911231995, -118.982536316, -5.08826541901, -37.8631782532, 15.4836511612], [-227.416885376, 395.291473389, 79.8337936401, 111.89655304, 335.865753174, -5.05118703842, 119.639442444, -57.3180503845, -12.0449924469, -65.4189300537, -28.7807006836, -39.6805419922, 5.94990253448], [520.650878906, -247.852020264, 166.773117065, 40.1720428467, -5.05118703842, 315.679046631, -14.1580705643, 41.9046211243, -81.1511535645, 52.0226402283, -25.3150348663, 7.84388923645, -32.831111908], [-323.80682373, 364.376434326, -236.563705444, -42.9337539673, 119.639442444, -14.1580705643, 351.364898682, -15.9959230423, 89.2610702515, -51.8473854065, 70.2888793945, -18.2429351807, -31.6392612457], [220.546920776, -306.640258789, 9.89726829529, -112.561096191, -57.3180503845, 41.9046211243, -15.9959230423, 284.363006592, 8.72061634064, 133.220703125, -9.70603847504, 37.0904769897, 1.69805717468], [-494.316070557, 227.136291504, -122.537658691, 29.4911231995, -12.0449924469, -81.1511535645, 89.2610702515, 8.72061634064, 238.476593018, -21.0111675262, 79.2206726074, -45.9902915955, 10.8663740158], [283.82208252, -336.280578613, 25.5499534607, -118.982536316, -65.4189300537, 52.0226402283, -51.8473854065, 133.220703125, -21.0111675262, 236.972885132, -29.4296112061, 54.90574646, -37.3044967651], [-339.657928467, 180.529129028, -115.53401947, -5.08826541901, -28.7807006836, -25.3150348663, 70.2888793945, -9.70603847504, 79.2206726074, -29.4296112061, 187.053878784, 3.2637014389, 29.2195301056], [209.754348755, -178.625061035, 0.815755546093, -37.8631782532, -39.6805419922, 7.84388923645, -18.2429351807, 37.0904769897, -45.9902915955, 54.90574646, 3.2637014389, 163.222869873, 23.8462276459], [-154.077270508, 55.7750053406, -48.8642196655, 15.4836511612, 5.94990253448, -32.831111908, -31.6392612457, 1.69805717468, 10.8663740158, -37.3044967651, 29.2195301056, 23.8462276459, 164.140655518]],
        "icov": [[0.000498909619637, 4.88817058795e-05, 0.000371168396669, -0.000457462039776, 0.000214470710489, -0.000575244019274, 0.000201257425942, -0.000286036287434, 0.00069767824607, -0.000129276275402, 0.000568258925341, -0.000358012330253, 0.000399564742111], [4.88817058795e-05, 0.00578358722851, -0.00263648573309, 0.00146870384924, -0.00400659395382, 0.00327894417569, -0.00410457048565, 0.00364106125198, -0.00247173872776, 0.00274058617651, -0.00380999967456, 0.00292803277262, -0.0018312218599], [0.000371168396669, -0.00263648573309, 0.00363500812091, -0.00277894805185, 0.00152187584899, -0.00245460588485, 0.00323543092236, -0.00248169479892, 0.00221763784066, -0.00169047364034, 0.00246203900315, -0.00175622210372, 0.00197761273012], [-0.000457462039776, 0.00146870384924, -0.00277894805185, 0.00671148579568, -0.00261552352458, 0.000425295816967, -0.000342487328453, 0.00261011347175, -0.00354365352541, 0.00308633991517, -0.00170707015786, 0.000644562183879, -0.00115573802032], [0.000214470710489, -0.00400659395382, 0.00152187584899, -0.00261552352458, 0.00768542569131, -0.0018771662144, 0.00023100693943, -0.00246263109148, 0.00334189482965, -0.00233229179867, 0.00401759380475, -0.0011399325449, 0.000377610296709], [-0.000575244019274, 0.00327894417569, -0.00245460588485, 0.000425295816967, -0.0018771662144, 0.00681142508984, -0.00368446251377, 0.00189466075972, -0.000396802613977, 0.000653381459415, -0.00315832253546, 0.00274659553543, -0.00138639239594], [0.000201257425942, -0.00410457048565, 0.00323543092236, -0.000342487328453, 0.00023100693943, -0.00368446251377, 0.00872922781855, -0.00303920567967, 0.000216959873796, -0.000542522757314, 0.00173616304528, -0.00325999874622, 0.00357474922203], [-0.000286036287434, 0.00364106125198, -0.00248169479892, 0.00261011347175, -0.00246263109148, 0.00189466075972, -0.00303920567967, 0.00783700402826, -0.003021185752, -0.00047445774544, -0.00251869787462, 0.00187219702639, -0.00242085964419], [0.00069767824607, -0.00247173872776, 0.00221763784066, -0.00354365352541, 0.00334189482965, -0.000396802613977, 0.000216959873796, -0.003021185752, 0.00922091305256, -0.00265700905584, 0.000666269799694, 0.000445324723842, 0.000964227423538], [-0.000129276275402, 0.00274058617651, -0.00169047364034, 0.00308633991517, -0.00233229179867, 0.000653381459415, -0.000542522757314, -0.00047445774544, -0.00265700905584, 0.00921887438744, -0.00148414925206, -0.00061199098127, 0.000892770360224], [0.000568258925341, -0.00380999967456, 0.00246203900315, -0.00170707015786, 0.00401759380475, -0.00315832253546, 0.00173616304528, -0.00251869787462, 0.000666269799694, -0.00148414925206, 0.0103939212859, -0.00300868693739, 0.000510800164193], [-0.000358012330253, 0.00292803277262, -0.00175622210372, 0.000644562183879, -0.0011399325449, 0.00274659553543, -0.00325999874622, 0.00187219702639, 0.000445324723842, -0.00061199098127, -0.00300868693739, 0.00957964733243, -0.0029964002315], [0.000399564742111, -0.0018312218599, 0.00197761273012, -0.00115573802032, 0.000377610296709, -0.00138639239594, 0.00357474922203, -0.00242085964419, 0.000964227423538, 0.000892770360224, 0.000510800164193, -0.0029964002315, 0.00869396794587]]
    },
    "melbands": {
        "dmean": [0.000198366615223, 0.000387242995203, 0.000258487416431, 0.000530768360477, 0.000670943583827, 0.00020760478219, 8.36674225866e-05, 0.000141195559991, 0.000142363918712, 0.00020673662948, 0.000337399484124, 0.000105725754111, 7.41646799725e-05, 4.60105657112e-05, 2.4127351935e-05, 3.45657426806e-05, 7.59542963351e-05, 5.56198756385e-05, 5.56409868295e-05, 2.06619934033e-05, 1.40950887726e-05, 9.72833004198e-06, 1.08435751827e-05, 1.27122384583e-05, 1.17538575068e-05, 5.67132110518e-06, 6.55407575323e-06, 8.2904834926e-06, 2.86379122372e-06, 2.0881348064e-06, 1.51633332734e-06, 1.31812578275e-06, 1.38540883654e-06, 5.65187633583e-07, 4.99919224239e-07, 4.62965630277e-07, 1.63247051432e-07, 2.14336893123e-07, 2.1370604486e-07, 1.48589307969e-07],
        "dmean2": [0.000316642574035, 0.000560448039323, 0.000372706766939, 0.0008622231544, 0.00104210327845, 0.000332645344315, 0.000139140684041, 0.000215791165829, 0.000224888761295, 0.000316891964758, 0.000521077075973, 0.000150426843902, 0.000104914113763, 6.82672616676e-05, 3.52888637281e-05, 5.30219804205e-05, 0.000124250946101, 8.44223322929e-05, 8.5732935986e-05, 3.00695592159e-05, 2.18387122004e-05, 1.54385452333e-05, 1.62226951943e-05, 1.93877549464e-05, 1.78866048373e-05, 8.67555809236e-06, 9.63886213867e-06, 1.22111077872e-05, 4.42154441771e-06, 3.36595371664e-06, 2.56662178799e-06, 2.25531607612e-06, 2.38213783632e-06, 9.43961879329e-07, 8.78947332694e-07, 8.04773435448e-07, 2.8954212894e-07, 3.96918039769e-07, 3.99706920007e-07, 2.78256521824e-07],
        "dvar": [3.1828989222e-07, 8.41867858981e-07, 3.57361614078e-07, 1.34722608891e-06, 2.2585888928e-06, 1.38677208383e-07, 2.21639027131e-08, 7.2155856401e-08, 6.94132253898e-08, 1.46345868757e-07, 8.0391788515e-07, 6.97598920851e-08, 4.5440906149e-08, 9.3474623597e-09, 1.70743197359e-09, 6.44674980066e-09, 1.80410015815e-08, 8.67069172017e-09, 9.70208002826e-09, 1.4950484184e-09, 1.22645127387e-09, 6.59772347866e-10, 2.87135176746e-10, 4.12584549858e-10, 3.65468127983e-10, 7.8530501546e-11, 1.30927976794e-10, 1.57605359319e-10, 2.02583037151e-11, 1.71389638592e-11, 1.01308024469e-11, 1.09393535896e-11, 1.13014233388e-11, 1.33829839571e-12, 1.24533055309e-12, 1.19676078943e-12, 1.54770185383e-13, 3.03964291888e-13, 3.96265160442e-13, 1.54390565545e-13],
        "dvar2": [7.68481640989e-07, 1.70884220552e-06, 8.07629703559e-07, 3.49882520823e-06, 5.26320854988e-06, 3.05436572035e-07, 5.63598767656e-08, 1.66844898786e-07, 1.67146268382e-07, 3.40245350117e-07, 1.82677695193e-06, 1.39085415185e-07, 1.02682790271e-07, 2.17616840104e-08, 3.56489437969e-09, 1.61139883659e-08, 4.45121308701e-08, 1.89611082391e-08, 2.26671819092e-08, 3.27693538971e-09, 2.97651592263e-09, 1.68676239642e-09, 6.2008159718e-10, 9.08988162518e-10, 7.84429743383e-10, 1.78474637846e-10, 2.62762783754e-10, 3.2035601949e-10, 4.91887502951e-11, 4.4835864188e-11, 2.64832739072e-11, 2.88132018245e-11, 3.00723682067e-11, 3.28849534409e-12, 3.3179862937e-12, 3.1115125667e-12, 4.04341707685e-13, 8.44048626564e-13, 1.11485245948e-12, 4.3464952232e-13],
        "max": [0.00804426893592, 0.0121614579111, 0.00730900838971, 0.00989952869713, 0.0155725898221, 0.00623558973894, 0.00190492905676, 0.00207040691748, 0.0029616553802, 0.00472569698468, 0.0136724431068, 0.00405672937632, 0.00480255158618, 0.001322214026, 0.000543931906577, 0.00164374895394, 0.00216546305455, 0.00150597444735, 0.00111768953502, 0.000442316464614, 0.000520673464052, 0.000470901577501, 0.000249251374044, 0.000232809907175, 0.000223346811254, 0.000131504726596, 0.000237437780015, 0.000166843310581, 5.74150653847e-05, 4.62573698314e-05, 3.3550131775e-05, 3.84737213608e-05, 3.17845806421e-05, 9.6715766631e-06, 1.2007294572e-05, 1.16821465781e-05, 3.52071992893e-06, 5.23684775544e-06, 5.49954165763e-06, 2.73357363767e-06],
        "mean": [0.000435047753854, 0.00100045255385, 0.000498568755575, 0.000653270864859, 0.000871162221301, 0.000304547371343, 0.000128500891151, 0.000208062774618, 0.000212038634345, 0.000319076207234, 0.000453115673736, 0.000145691810758, 9.63526472333e-05, 7.20225580153e-05, 4.23078672611e-05, 5.11633661517e-05, 0.000107436346298, 7.70868500695e-05, 7.91232523625e-05, 2.9350452678e-05, 1.97188219317e-05, 1.50117721205e-05, 1.71819065145e-05, 1.99654896278e-05, 1.84732271009e-05, 9.57066731644e-06, 1.18567340905e-05, 1.38356344905e-05, 3.37378060067e-06, 1.94172753254e-06, 1.35573179705e-06, 1.11689610094e-06, 1.16636260827e-06, 5.44361625998e-07, 3.90362373537e-07, 3.49648360043e-07, 1.12971264343e-07, 1.29326849674e-07, 1.2409977046e-07, 9.03032031374e-08],
        "median": [8.21411449579e-05, 0.000410370557802, 0.000120683354908, 0.000132590910653, 0.000174432789208, 0.000131687251269, 7.32858679839e-05, 7.34290006221e-05, 0.000104499413283, 0.000133883295348, 0.000112592591904, 3.50245900336e-05, 1.9016180886e-05, 2.11171081901e-05, 1.50647865667e-05, 1.88489975699e-05, 2.77547496808e-05, 2.26354222832e-05, 2.33579885389e-05, 9.86717350315e-06, 8.13076894701e-06, 6.61649437461e-06, 8.35779974295e-06, 1.00117531474e-05, 8.60821455717e-06, 4.68089729111e-06, 5.28583495907e-06, 5.61751221539e-06, 1.45672561302e-06, 6.21960964509e-07, 3.83489606293e-07, 2.60365794702e-07, 2.01242556841e-07, 1.08380383779e-07, 9.66712931927e-08, 6.70809967573e-08, 1.04575228477e-08, 2.53163001673e-09, 1.35129107903e-09, 2.83541390367e-09],
        "min": [1.21748735182e-06, 6.49542698739e-07, 2.61035552285e-07, 1.62559970818e-07, 1.00793727142e-06, 3.68118719507e-07, 4.96189443311e-07, 1.98072470425e-07, 2.68377959856e-07, 1.56975957566e-07, 1.08049633241e-07, 7.91753436147e-08, 6.98019633205e-08, 8.64242082343e-08, 2.22712728259e-08, 5.04302484217e-08, 5.97086753373e-08, 1.51769739887e-07, 1.00294698768e-07, 6.34976515812e-08, 1.28104517216e-07, 3.83451634889e-08, 3.56748941499e-08, 1.5913409257e-08, 1.49932315452e-08, 1.06219371077e-08, 9.45932221441e-09, 7.01878022369e-09, 3.86256138185e-09, 2.45542230992e-09, 1.35253908073e-09, 4.52683668328e-10, 2.44432890595e-10, 4.97772829899e-11, 1.16888584315e-12, 6.94765805217e-13, 2.36446929744e-13, 1.38680272778e-13, 1.30324380844e-13, 1.6776901049e-13],
