{
"highlevel": {
    "danceability": {
        "all": {
            "danceable": 0.450454831123,
            "not_danceable": 0.549545168877
        },
        "probability": 0.549545168877,
        "value": "not_danceable"
    },
    "gender": {
        "all": {
            "female": 0.515607953072,
            "male": 0.484392076731
        },
        "probability": 0.515607953072,
        "value": "female"
    },
    "genre_dortmund": {
        "all": {
            "alternative": 0.148522034287,
            "blues": 0.0134967407212,
            "electronic": 0.0607530623674,
            "folkcountry": 0.392458558083,
            "funksoulrnb": 0.0135337002575,
            "jazz": 0.0350186601281,
            "pop": 0.143742233515,
            "raphiphop": 0.00265680951998,
            "rock": 0.189818203449
        },
        "probability": 0.392458558083,
        "value": "folkcountry"
    },
    "genre_electronic": {
        "all": {
            "ambient": 0.97137004137,
            "dnb": 0.0155575182289,
            "house": 0.00715473946184,
            "techno": 0.00176683778409,
            "trance": 0.00415086466819
        },
        "probability": 0.97137004137,
        "value": "ambient"
    },
    "genre_rosamerica": {
        "all": {
            "cla": 0.0792366266251,
            "dan": 0.0218657404184,
            "hip": 0.0253859777004,
            "jaz": 0.0568179599941,
            "pop": 0.511928021908,
            "rhy": 0.128212273121,
            "roc": 0.143496245146,
            "spe": 0.0330571606755
        },
        "probability": 0.511928021908,
        "value": "pop"
    },
    "genre_tzanetakis": {
        "all": {
            "blu": 0.0626541376114,
            "cla": 0.0348133966327,
            "cou": 0.0783501937985,
            "dis": 0.104547761381,
            "hip": 0.15693578124,
            "jaz": 0.313987255096,
            "met": 0.044816005975,
            "pop": 0.0627349764109,
            "reg": 0.0627352520823,
            "roc": 0.0784252434969
        },
        "probability": 0.313987255096,
        "value": "jaz"
    },
    "ismir04_rhythm": {
        "all": {
            "ChaChaCha": 0.0170261226594,
            "Jive": 0.0129414154217,
            "Quickstep": 0.224541902542,
            "Rumba-American": 0.0205943118781,
            "Rumba-International": 0.372546643019,
            "Rumba-Misc": 0.021412787959,
            "Samba": 0.0669210925698,
            "Tango": 0.0685243681073,
            "VienneseWaltz": 0.0443347394466,
            "Waltz": 0.151156634092
        },
        "probability": 0.372546643019,
        "value": "Rumba-International"
    },
    "mood_acoustic": {
        "all": {
            "acoustic": 0.908985137939,
            "not_acoustic": 0.0910148769617
        },
        "probability": 0.908985137939,
        "value": "acoustic"
    },
    "mood_aggressive": {
        "all": {
            "aggressive": 6.13049860476e-06,
            "not_aggressive": 0.999993860722
        },
        "probability": 0.999993860722,
        "value": "not_aggressive"
    },
    "mood_electronic": {
        "all": {
            "electronic": 0.626627087593,
            "not_electronic": 0.373372912407
        },
        "probability": 0.626627087593,
        "value": "electronic"
    },
    "mood_happy": {
        "all": {
            "happy": 0.381975084543,
            "not_happy": 0.618024945259
        },
        "probability": 0.618024945259,
        "value": "not_happy"
    },
    "mood_party": {
        "all": {
            "not_party": 0.988837301731,
            "party": 0.011162689887
        },
        "probability": 0.988837301731,
        "value": "not_party"
    },
    "mood_relaxed": {
        "all": {
            "not_relaxed": 0.0244993325323,
            "relaxed": 0.975500643253
        },
        "probability": 0.975500643253,
        "value": "relaxed"
    },
    "mood_sad": {
        "all": {
            "not_sad": 0.642162621021,
            "sad": 0.357837378979
        },
        "probability": 0.642162621021,
        "value": "not_sad"
    },
    "moods_mirex": {
        "all": {
            "Cluster1": 0.139474615455,
            "Cluster2": 0.168259188533,
            "Cluster3": 0.507449150085,
            "Cluster4": 0.150410026312,
            "Cluster5": 0.034407030791
        },
        "probability": 0.507449150085,
        "value": "Cluster3"
    },
    "timbre": {
        "all": {
            "bright": 0.957498371601,
            "dark": 0.0425016321242
        },
        "probability": 0.957498371601,
        "value": "bright"
    },
    "tonal_atonal": {
        "all": {
            "atonal": 0.012200304307,
            "tonal": 0.987799704075
        },
        "probability": 0.987799704075,
        "value": "tonal"
    },
    "voice_instrumental": {
        "all": {
            "instrumental": 0.149831667542,
            "voice": 0.850168347359
        },
        "probability": 0.850168347359,
        "value": "voice"
    }
},
"lowlevel": {
    "average_loudness": 0.975444853306,
    "barkbands_crest": {
        "dmean": 2.07372379303,
        "dmean2": 3.46257328987,
        "dvar": 3.24851441383,
        "dvar2": 8.91965198517,
        "max": 18.535118103,
        "mean": 9.45042705536,
        "median": 9.07552909851,
        "min": 3.81951785088,
        "var": 7.17582368851
    },
    "barkbands_flatness_db": {
        "dmean": 0.0268154963851,
        "dmean2": 0.0382708385587,
        "dvar": 0.0007084896788,
        "dvar2": 0.00138649402652,
        "max": 0.443831533194,
        "mean": 0.209706097841,
        "median": 0.196404606104,
        "min": 0.0885550826788,
        "var": 0.00381884910166
    },
    "barkbands_kurtosis": {
        "dmean": 2.63390469551,
        "dmean2": 4.11160898209,
        "dvar": 7.49437475204,
        "dvar2": 17.6996059418,
        "max": 37.6962127686,
        "mean": 5.922768116,
        "median": 5.00804328918,
        "min": -1.33982610703,
        "var": 23.1381015778
    },
    "barkbands_skewness": {
        "dmean": 0.446224868298,
        "dmean2": 0.677722930908,
        "dvar": 0.155155137181,
        "dvar2": 0.352526903152,
        "max": 4.87099504471,
        "mean": 1.64817976952,
        "median": 1.61975777149,
        "min": -0.605802536011,
        "var": 0.650296211243
    },
    "barkbands_spread": {
        "dmean": 3.90477728844,
        "dmean2": 5.77495288849,
        "dvar": 32.9154586792,
        "dvar2": 55.9240036011,
        "max": 76.9057235718,
        "mean": 12.8029251099,
        "median": 9.61661243439,
        "min": 1.01171386242,
        "var": 110.904434204
    },
    "dissonance": {
        "dmean": 0.033652599901,
        "dmean2": 0.0558029450476,
        "dvar": 0.00100604852196,
        "dvar2": 0.00268320739269,
        "max": 0.499886363745,
        "mean": 0.422500729561,
        "median": 0.430635303259,
        "min": 0.196531578898,
        "var": 0.00226678443141
    },
    "dynamic_complexity": 1.47919762135,
    "erbbands_crest": {
        "dmean": 2.99723362923,
        "dmean2": 4.87508869171,
        "dvar": 7.36169147491,
        "dvar2": 19.4177455902,
        "max": 28.1414756775,
        "mean": 11.7857627869,
        "median": 10.7343683243,
        "min": 4.26121520996,
        "var": 19.9768562317
    },
    "erbbands_flatness_db": {
        "dmean": 0.0263294596225,
        "dmean2": 0.0387498810887,
        "dvar": 0.000768285943195,
        "dvar2": 0.00156763521954,
        "max": 0.406641274691,
        "mean": 0.185869157314,
        "median": 0.17246812582,
        "min": 0.0706454366446,
        "var": 0.00343078258447
    },
    "erbbands_kurtosis": {
        "dmean": 2.45335865021,
        "dmean2": 3.9804558754,
        "dvar": 8.09698486328,
        "dvar2": 21.3485527039,
        "max": 28.5865936279,
        "mean": 3.7214949131,
        "median": 2.77115726471,
        "min": -1.80545449257,
        "var": 17.9236030579
    },
    "erbbands_skewness": {
        "dmean": 0.488717883825,
        "dmean2": 0.767769813538,
        "dvar": 0.186718165874,
        "dvar2": 0.461905360222,
        "max": 4.16424655914,
        "mean": 1.35167169571,
        "median": 1.34457993507,
        "min": -1.00414311886,
        "var": 0.626660108566
    },
    "erbbands_spread": {
        "dmean": 8.69489479065,
        "dmean2": 12.9474029541,
        "dvar": 127.993690491,
        "dvar2": 231.25718689,
        "max": 121.467887878,
        "mean": 27.8685703278,
        "median": 21.2509098053,
        "min": 2.89995646477,
        "var": 481.405883789
    },
    "hfc": {
        "dmean": 5.09845542908,
        "dmean2": 7.67586231232,
        "dvar": 26.5532264709,
        "dvar2": 59.0609931946,
        "max": 59.9435348511,
        "mean": 18.0881633759,
        "median": 16.7967395782,
        "min": 2.10581588745,
        "var": 95.7551345825
    },
    "melbands_crest": {
        "dmean": 2.47990632057,
        "dmean2": 4.0723195076,
        "dvar": 4.38533306122,
        "dvar2": 11.039188385,
        "max": 27.0511226654,
        "mean": 12.8490114212,
        "median": 12.1452274323,
        "min": 6.27145528793,
        "var": 12.4486103058
    },
    "melbands_flatness_db": {
        "dmean": 0.0322957150638,
        "dmean2": 0.0451489686966,
        "dvar": 0.001050466788,
        "dvar2": 0.00203733914532,
        "max": 0.602695524693,
        "mean": 0.299019515514,
        "median": 0.282917618752,
        "min": 0.143355444074,
        "var": 0.00568101229146
    },
    "melbands_kurtosis": {
        "dmean": 4.30664873123,
        "dmean2": 6.50047874451,
        "dvar": 27.1430950165,
        "dvar2": 59.0907058716,
        "max": 110.884056091,
        "mean": 9.79281616211,
        "median": 6.8159236908,
        "min": -1.22815191746,
        "var": 96.0517730713
    },
    "melbands_skewness": {
        "dmean": 0.561347723007,
        "dmean2": 0.857779979706,
        "dvar": 0.27115046978,
        "dvar2": 0.582877755165,
        "max": 8.09864234924,
        "mean": 1.92630052567,
        "median": 1.72633719444,
        "min": -0.267582774162,
        "var": 1.23089957237
    },
    "melbands_spread": {
        "dmean": 2.65314412117,
        "dmean2": 3.92884039879,
        "dvar": 10.0539293289,
        "dvar2": 19.7992248535,
        "max": 51.8150482178,
        "mean": 10.9711484909,
        "median": 9.87017822266,
        "min": 1.01038575172,
        "var": 36.7840118408
    },
    "pitch_salience": {
        "dmean": 0.060548864305,
        "dmean2": 0.102045401931,
        "dvar": 0.002552511869,
        "dvar2": 0.00709267612547,
        "max": 0.804828047752,
        "mean": 0.567737340927,
        "median": 0.567764937878,
        "min": 0.319946169853,
        "var": 0.00604590261355
    },
    "silence_rate_20dB": {
        "dmean": 0,
        "dmean2": 0,
        "dvar": 0,
        "dvar2": 0,
        "max": 1,
        "mean": 1,
        "median": 1,
        "min": 1,
        "var": 0
    },
    "silence_rate_30dB": {
        "dmean": 0.00464396271855,
        "dmean2": 0.00929511990398,
        "dvar": 0.00462230015546,
        "dvar2": 0.0123074334115,
        "max": 1,
        "mean": 0.996906399727,
        "median": 1,
        "min": 0,
        "var": 0.00308398087509
    },
    "silence_rate_60dB": {
        "dmean": 0,
        "dmean2": 0,
        "dvar": 0,
        "dvar2": 0,
        "max": 0,
        "mean": 0,
        "median": 0,
        "min": 0,
        "var": 0
    },
    "spectral_centroid": {
        "dmean": 135.413894653,
        "dmean2": 207.711151123,
        "dvar": 37849.9882812,
        "dvar2": 80400.0859375,
        "max": 3177.17456055,
        "mean": 628.158325195,
        "median": 545.359375,
        "min": 182.705825806,
        "var": 113461.726562
    },
    "spectral_complexity": {
        "dmean": 2.3351392746,
        "dmean2": 3.63981413841,
        "dvar": 4.4441947937,
        "dvar2": 10.3296251297,
        "max": 27,
        "mean": 13.5406036377,
        "median": 13,
        "min": 5,
        "var": 16.3813705444
    },
    "spectral_decrease": {
        "dmean": 2.63631050323e-09,
        "dmean2": 4.21277768226e-09,
        "dvar": 7.44388684069e-18,
        "dvar2": 1.93107845173e-17,
        "max": -1.61709812208e-09,
        "mean": -1.0964825492e-08,
        "median": -1.01615418302e-08,
        "min": -3.55747857839e-08,
        "var": 2.29005118021e-17
    },
    "spectral_energy": {
        "dmean": 0.0102485381067,
        "dmean2": 0.0163912530988,
        "dvar": 0.000111803827167,
        "dvar2": 0.000289879535558,
        "max": 0.136329099536,
        "mean": 0.04302437976,
        "median": 0.0399908088148,
        "min": 0.00634954683483,
        "var": 0.000343127263477
    },
    "spectral_energyband_high": {
        "dmean": 0.000290091527859,
        "dmean2": 0.000407658459153,
        "dvar": 3.03098602217e-07,
        "dvar2": 4.8572559308e-07,
        "max": 0.00658712117001,
        "mean": 0.000546387571376,
        "median": 0.000221839916776,
        "min": 2.41585695449e-07,
        "var": 8.75585840276e-07
    },
    "spectral_energyband_low": {
        "dmean": 0.00421932339668,
        "dmean2": 0.00693648308516,
        "dvar": 3.99099553761e-05,
        "dvar2": 0.000104122489574,
        "max": 0.0963479280472,
        "mean": 0.0154856014997,
        "median": 0.0136663131416,
        "min": 0.00181558157783,
        "var": 8.83465036168e-05
    },
    "spectral_energyband_middle_high": {
        "dmean": 0.000794229563326,
        "dmean2": 0.00112868438009,
        "dvar": 9.13835492611e-07,
        "dvar2": 1.75082891474e-06,
        "max": 0.0136988302693,
        "mean": 0.0020465515554,
        "median": 0.00146708451211,
        "min": 0.000105995728518,
        "var": 3.21687775795e-06
    },
    "spectral_energyband_middle_low": {
        "dmean": 0.0088062165305,
        "dmean2": 0.0140724787489,
        "dvar": 9.27757500904e-05,
        "dvar2": 0.000240713707171,
        "max": 0.117390662432,
        "mean": 0.0267930440605,
        "median": 0.0245054140687,
        "min": 0.00334425689653,
        "var": 0.000233907136135
    },
    "spectral_entropy": {
        "dmean": 0.282301545143,
        "dmean2": 0.405512958765,
        "dvar": 0.0851464495063,
        "dvar2": 0.169996023178,
        "max": 8.27933979034,
        "mean": 6.86252450943,
        "median": 6.94600725174,
        "min": 5.018907547,
        "var": 0.391236037016
    },
    "spectral_flux": {
        "dmean": 0.0245068129152,
        "dmean2": 0.0387957692146,
        "dvar": 0.000453050073702,
        "dvar2": 0.00107767910231,
        "max": 0.26507088542,
        "mean": 0.0898509472609,
        "median": 0.0868238806725,
        "min": 0.0144507149234,
        "var": 0.00129287433811
    },
    "spectral_kurtosis": {
        "dmean": 6.20896530151,
        "dmean2": 9.26456069946,
        "dvar": 132.385147095,
        "dvar2": 277.776062012,
        "max": 198.460083008,
        "mean": 13.3838787079,
        "median": 7.70085716248,
        "min": -0.991025686264,
        "var": 338.429962158
    },
    "spectral_rms": {
        "dmean": 0.000761406146921,
        "dmean2": 0.00120726088062,
        "dvar": 5.02600812524e-07,
        "dvar2": 1.2267701095e-06,
        "max": 0.0115327360108,
        "mean": 0.00633278116584,
        "median": 0.00624623289332,
        "min": 0.00248891138472,
        "var": 1.87095122328e-06
    },
    "spectral_rolloff": {
        "dmean": 165.665115356,
        "dmean2": 282.098846436,
        "dvar": 381414.0625,
        "dvar2": 792835.75,
        "max": 7062.890625,
        "mean": 624.248168945,
        "median": 516.796875,
        "min": 193.798828125,
        "var": 559443.5
    },
    "spectral_skewness": {
        "dmean": 0.56114089489,
        "dmean2": 0.803706765175,
        "dvar": 0.452805370092,
        "dvar2": 0.939897656441,
        "max": 12.3996496201,
        "mean": 2.69312858582,
        "median": 2.43773651123,
        "min": 0.201444357634,
        "var": 1.82988095284
    },
    "spectral_spread": {
        "dmean": 988958.9375,
        "dmean2": 1320587.375,
        "dvar": 1.31656371405e+12,
        "dvar2": 2.27047034061e+12,
        "max": 19724950,
        "mean": 4528413,
        "median": 4298578.5,
        "min": 530668.4375,
        "var": 5.00461469696e+12
    },
    "spectral_strongpeak": {
        "dmean": 0.57931637764,
        "dmean2": 1.0016092062,
        "dvar": 0.485039830208,
        "dvar2": 1.26950907707,
        "max": 4.84362363815,
        "mean": 0.978479921818,
        "median": 0.705769002438,
        "min": 0.0463428758085,
        "var": 0.847779929638
    },
    "zerocrossingrate": {
        "dmean": 0.00876449700445,
        "dmean2": 0.0100254621357,
        "dvar": 0.000108982443635,
        "dvar2": 0.000128419633256,
        "max": 0.177734375,
        "mean": 0.0379431918263,
        "median": 0.03125,
        "min": 0.00634765625,
        "var": 0.000637573131826
    },
    "barkbands": {
        "dmean": [0.000172559171915, 0.00252204295248, 0.00174616812728, 0.00200180197135, 0.00443537579849, 0.00252379453741, 0.0021942758467, 0.00287940097041, 0.000567179464269, 0.000482055300381, 0.000148542254465, 0.000119842938147, 0.00021208403632, 0.000169252918568, 0.00012964468624, 6.13474403508e-05, 0.000111414781713, 5.78548715566e-05, 2.66480965365e-05, 5.39809916518e-05, 4.95111162309e-05, 6.50147849228e-05, 6.53283204883e-05, 4.67170902994e-05, 7.01399549143e-05, 5.17991647939e-05, 4.07598710339e-09],
        "dmean2": [0.000288666255074, 0.00424662884325, 0.00290354038589, 0.00333725987002, 0.00724916858599, 0.00406541861594, 0.00369269680232, 0.00458998093382, 0.000880245992448, 0.000693121750373, 0.000230103178183, 0.000180480725248, 0.000315396202495, 0.000268454867182, 0.000200963506359, 9.63188576861e-05, 0.000173808060936, 9.14610573091e-05, 4.56349043816e-05, 8.77370839589e-05, 7.53358835937e-05, 9.11449751584e-05, 0.000100189281511, 6.8071167334e-05, 0.000104702958197, 7.74544896558e-05, 4.98327867859e-09],
        "dvar": [3.57965639353e-08, 1.85055559996e-05, 8.64048797666e-06, 2.14310111915e-05, 3.24909997289e-05, 1.70449166035e-05, 1.24518592202e-05, 2.04855277843e-05, 1.6661126665e-06, 5.34906007488e-07, 8.11793938738e-08, 7.5347415418e-08, 2.42846283527e-07, 1.29690619133e-07, 8.30978095223e-08, 2.29449561573e-08, 3.93239645291e-08, 9.98012161801e-09, 6.29826502063e-09, 1.79748056439e-08, 1.32501956074e-08, 2.58290633326e-08, 3.91061476535e-08, 1.50038292901e-08, 1.80677286465e-08, 9.37628552578e-09, 7.98733773349e-15],
        "dvar2": [8.65248779292e-08, 5.36770130566e-05, 2.10711732507e-05, 5.98816368438e-05, 8.78363862284e-05, 4.27759368904e-05, 3.14291646646e-05, 5.43450296391e-05, 3.86131432606e-06, 1.19495553008e-06, 1.82163987006e-07, 1.66680834468e-07, 5.43677742826e-07, 3.0833714959e-07, 1.96939538455e-07, 5.39411715295e-08, 8.77108021768e-08, 2.41393358635e-08, 1.71500929014e-08, 5.0797140716e-08, 2.92384836342e-08, 4.66032936686e-08, 8.34836342278e-08, 2.87065216042e-08, 4.0763719511e-08, 2.14876632043e-08, 7.98685068955e-15],
        "max": [0.0030132397078, 0.0675063431263, 0.0398140177131, 0.0859138518572, 0.057831581682, 0.0576647669077, 0.0358745157719, 0.0546470060945, 0.0159909594804, 0.00939030293375, 0.00393139617518, 0.00345065700822, 0.00566725060344, 0.00372027605772, 0.00453108875081, 0.00207667518407, 0.0025730766356, 0.00145163852721, 0.00132386665791, 0.0029567501042, 0.0015446592588, 0.00238048075698, 0.00286051188596, 0.00160816195421, 0.00227214396, 0.00137512828223, 3.1317124467e-06],
        "mean": [0.0011181763839, 0.00987390242517, 0.0029107099399, 0.00310901855119, 0.0086030587554, 0.00440763728693, 0.00305121485144, 0.00604226673022, 0.000902420608327, 0.000976283627097, 0.000241138259298, 0.000177020658157, 0.000286526163109, 0.00021798243688, 0.000172260828549, 7.76076194597e-05, 0.000159910632647, 8.70478179422e-05, 3.48283974745e-05, 7.3386625445e-05, 6.64610488457e-05, 9.34736308409e-05, 9.47700027609e-05, 6.39195422991e-05, 0.000105283455923, 7.81130365795e-05, 3.88186904843e-09],
        "median": [0.000997106777504, 0.00901464000344, 0.00181577261537, 0.00158997962717, 0.00614507775754, 0.00241147982888, 0.00158189795911, 0.00407351041213, 0.000297530379612, 0.000609719136264, 0.000125915918034, 4.89248013764e-05, 7.47861122363e-05, 6.50767979096e-05, 4.41976189904e-05, 1.93409068743e-05, 5.51622142666e-05, 2.94504734484e-05, 1.4684335838e-05, 2.79763698927e-05, 1.2323311239e-05, 2.03529616556e-05, 1.78699883691e-05, 1.07766672954e-05, 3.65800806321e-05, 2.55378672591e-05, 3.37547240159e-10],
        "min": [2.14811607293e-05, 0.000242009045905, 3.40577716997e-05, 2.24765844905e-05, 0.000153842076543, 6.24905078439e-05, 6.41069418634e-05, 0.000104451064544, 4.99403586218e-06, 8.12417056295e-06, 5.48020170754e-06, 1.76328023826e-06, 1.68420774571e-06, 7.68770576087e-07, 4.47026081929e-07, 9.78093694926e-08, 1.94951383037e-07, 1.86690726878e-07, 4.96796701555e-08, 4.35756248862e-08, 6.22477216439e-08, 4.84178031002e-08, 2.3573246466e-08, 9.52428469425e-10, 5.57472457086e-10, 5.16944438644e-11, 1.66824332126e-11],
        "var": [5.94169819124e-07, 3.58463767043e-05, 1.34718757181e-05, 2.51790606853e-05, 6.61382073304e-05, 3.46166125382e-05, 1.67038542713e-05, 4.02996156481e-05, 2.79102232525e-06, 1.17062700156e-06, 1.30373805973e-07, 1.42469346542e-07, 4.02584078074e-07, 1.69045080156e-07, 1.09068842846e-07, 3.00848874701e-08, 7.13742309699e-08, 2.13602167065e-08, 6.72450006789e-09, 1.91743687594e-08, 2.36632367034e-08, 5.86283483983e-08, 7.18537904731e-08, 3.07947942702e-08, 3.39076002831e-08, 1.85112991602e-08, 7.99090713033e-15]
    },
    "erbbands": {
        "dmean": [0.0858423933387, 0.574896097183, 1.6867069006, 4.72041416168, 5.52361392975, 18.9001026154, 25.0717849731, 20.6870689392, 25.2754993439, 68.223777771, 28.8942222595, 13.6395998001, 19.0836772919, 6.05087900162, 6.56087112427, 5.21411371231, 8.43131446838, 8.60561084747, 7.86719942093, 4.51659917831, 3.76588201523, 5.75677251816, 3.88809013367, 1.47136151791, 1.56903588772, 2.77187013626, 1.9781883955, 2.22431588173, 2.44632959366, 2.07568001747, 1.76578009129, 1.40641009808, 0.569876670837, 0.778937339783, 0.530971050262, 0.28979036212, 0.091677762568, 0.00757637573406, 0.000135452355607, 1.49375373439e-05],
        "dmean2": [0.143457785249, 0.964952766895, 2.76393818855, 7.68152189255, 9.50378799438, 31.0091495514, 40.3085289001, 34.3696975708, 42.4239616394, 110.859146118, 45.8365707397, 21.0793933868, 27.9127731323, 8.97145843506, 9.9559173584, 7.62506580353, 12.3941240311, 12.8163566589, 12.5759944916, 6.60710191727, 5.93104314804, 8.88273525238, 6.08949518204, 2.37827706337, 2.59587001801, 4.52290868759, 3.00656723976, 3.38430309296, 3.47790288925, 3.01909518242, 2.70385360718, 2.08898329735, 0.828667581081, 1.21179711819, 0.789331793785, 0.439201384783, 0.138401538134, 0.0120329968631, 0.000210941187106, 2.33134414884e-05],
        "dvar": [0.0242332387716, 0.904675722122, 7.15183258057, 88.5580215454, 111.225593567, 753.844787598, 1324.82958984, 1129.2286377, 2322.45776367, 11760.4863281, 2151.69140625, 914.804260254, 956.071228027, 145.440963745, 157.428512573, 127.979492188, 357.87789917, 299.83694458, 337.890106201, 74.0169754028, 83.5039215088, 104.525917053, 44.0148925781, 15.9888153076, 12.8960809708, 53.3372497559, 19.019449234, 35.7377891541, 38.8720207214, 34.1670608521, 26.0466632843, 16.9923496246, 2.06635022163, 2.3213057518, 1.17868053913, 0.321458548307, 0.0370417386293, 0.000228431774303, 6.60010286424e-08, 2.47836307032e-10],
        "dvar2": [0.0658397898078, 2.64057922363, 18.3218307495, 236.022705078, 302.010253906, 2096.21923828, 3247.0390625, 2832.20263672, 5684.57128906, 33315.4414062, 5569.234375, 2046.39038086, 2156.79296875, 352.818450928, 345.994476318, 275.991546631, 786.418334961, 636.328430176, 817.44744873, 158.708740234, 199.073425293, 237.937240601, 109.434570312, 43.2098770142, 33.5614814758, 152.44720459, 39.8492355347, 75.5487823486, 71.0536499023, 67.8846969604, 54.4108543396, 36.7632408142, 4.0739812851, 5.37999153137, 2.72588896751, 0.778801143169, 0.0826752260327, 0.000551210250705, 1.54433280386e-07, 6.15000494975e-10],
        "max": [2.75194358826, 12.0803117752, 44.4875564575, 169.976654053, 169.938537598, 300.102600098, 553.536193848, 526.957458496, 540.883605957, 1218.90600586, 619.611328125, 394.480285645, 414.770050049, 180.561416626, 154.215087891, 179.838638306, 217.2865448, 169.407272339, 267.745574951, 104.324150085, 132.662567139, 146.571975708, 92.7206497192, 76.0177993774, 51.0193519592, 162.708984375, 71.5062255859, 89.6219100952, 97.9517822266, 80.3588256836, 64.4414291382, 63.6749763489, 18.9954910278, 20.2692947388, 19.5338878632, 8.00787067413, 3.36399412155, 0.210158899426, 0.00387457734905, 0.000223877548706],
        "mean": [0.420286089182, 1.64365458488, 3.17002797127, 7.71217775345, 9.43911361694, 35.2082481384, 48.6428756714, 34.708530426, 36.7636222839, 136.478729248, 55.3029785156, 23.5626564026, 36.0051231384, 12.5687150955, 11.3276805878, 8.65754413605, 12.124505043, 12.8387594223, 9.49564933777, 6.72345972061, 5.57207584381, 8.54766082764, 5.951379776, 2.26417541504, 2.10169816017, 3.75734019279, 2.78584480286, 2.9661693573, 3.40858078003, 2.99492096901, 2.5499727726, 1.84386384487, 0.794135928154, 1.04870724678, 0.767073690891, 0.423531770706, 0.131848141551, 0.00978602841496, 0.000209587728023, 5.8941415773e-05],
        "median": [0.403459340334, 1.31118404865, 2.09966683388, 4.68337106705, 5.70676708221, 23.3783779144, 30.095998764, 21.3626537323, 20.3045444489, 88.6404037476, 37.6742477417, 9.62254810333, 20.5844593048, 6.23038911819, 5.86651134491, 3.10001158714, 3.60798406601, 3.84572720528, 2.6197283268, 1.74285817146, 1.6676440239, 3.11927318573, 1.99849796295, 0.880632460117, 0.926775753498, 1.3630245924, 0.640443265438, 0.559823095798, 0.765476703644, 0.559884428978, 0.477880179882, 0.267837107182, 0.165724381804, 0.338500887156, 0.239910617471, 0.137795105577, 0.036298442632, 0.00272482284345, 8.4317602159e-05, 5.49777068954e-05],
        "min": [0.0057382886298, 0.0704761147499, 0.0849952697754, 0.0763511434197, 0.385552167892, 0.850183844566, 1.07974672318, 1.13890111446, 1.44371926785, 0.82996660471, 1.32306003571, 0.646607935429, 0.443831771612, 0.24874329567, 0.2388843894, 0.230985075235, 0.116460107267, 0.0571241602302, 0.0333958789706, 0.0229556467384, 0.0120648844168, 0.0092196604237, 0.0150904078037, 0.00404953304678, 0.00236200680956, 0.00192509195767, 0.00307388487272, 0.00173070118763, 0.00218957592733, 0.000725811871234, 0.00071569881402, 0.000208894838579, 9.06580753508e-05, 2.52757890848e-05, 2.31280773733e-05, 6.3263391894e-06, 3.4011511616e-06, 4.43849643261e-07, 4.02184559789e-06, 7.39037250241e-06],
        "var": [0.0567103326321, 1.69238185883, 12.0160808563, 120.952568054, 164.935150146, 1368.06774902, 3407.61474609, 1843.61218262, 2576.08422852, 21764.4902344, 3417.09594727, 1629.30529785, 1841.57678223, 267.624694824, 257.625854492, 273.105316162, 639.390380859, 545.206604004, 381.026885986, 138.315475464, 134.593795776, 188.019592285, 87.134765625, 20.4116306305, 15.9727182388, 54.0160369873, 38.7773933411, 63.8198776245, 83.2678756714, 68.782913208, 50.53748703, 29.2596168518, 4.21552610397, 3.71539926529, 2.165776968, 0.563556075096, 0.0675437450409, 0.000344316271367, 1.13061872753e-07, 7.39663996718e-10]
    },
    "gfcc": {
        "mean": [-5.71052646637, 128.827270508, -69.5223770142, 15.6525716782, -62.8647651672, 7.58080768585, -37.860534668, 14.8879556656, -18.9020652771, 14.000711441, -15.2837934494, 6.21275091171, -10.0016317368],
        "cov": [[3415.94116211, -2374.86962891, -4.69530010223, 353.63760376, -285.26184082, 298.060119629, -523.128723145, 483.944671631, -222.081893921, 396.976196289, -449.845092773, 292.157012939, -323.798217773], [-2374.86962891, 2187.02929688, -194.039230347, -424.635650635, 402.922393799, -329.83895874, 394.284698486, -381.260345459, 184.457290649, -330.932312012, 328.617370605, -251.223419189, 238.302947998], [-4.69530010223, -194.039230347, 351.342071533, -0.898155391216, -172.516540527, 88.0638122559, 3.36761450768, 10.8597898483, -74.1398849487, -0.112897336483, -1.68709802628, 37.7878608704, -20.8337993622], [353.63760376, -424.635650635, -0.898155391216, 452.213134766, -121.41885376, -43.7365264893, -102.912658691, 11.7785997391, -18.9193458557, 25.9385643005, -45.6045722961, -3.35569548607, 50.5443611145], [-285.26184082, 402.922393799, -172.516540527, -121.41885376, 389.438842773, -138.592315674, -22.9300384521, 8.44933128357, 24.8012256622, -21.3165931702, -5.30977773666, -6.68119907379, 8.33990383148], [298.060119629, -329.83895874, 88.0638122559, -43.7365264893, -138.592315674, 266.511901855, -4.37781953812, 25.061832428, -11.9735574722, 47.7532958984, -15.2285833359, 15.7053260803, -57.9053115845], [-523.128723145, 394.284698486, 3.36761450768, -102.912658691, -22.9300384521, -4.37781953812, 236.609741211, -97.7025527954, 15.2814617157, -67.2689285278, 82.7718353271, -43.3238105774, 29.9926776886], [483.944671631, -381.260345459, 10.8597898483, 11.7785997391, 8.44933128357, 25.061832428, -97.7025527954, 190.773529053, -46.941028595, 62.4407577515, -72.2963790894, 70.9723358154, -58.1925811768], [-222.081893921, 184.457290649, -74.1398849487, -18.9193458557, 24.8012256622, -11.9735574722, 15.2814617157, -46.941028595, 138.380187988, -12.8060903549, 28.914270401, -51.987865448, 12.8312683105], [396.976196289, -330.932312012, -0.112897336483, 25.9385643005, -21.3165931702, 47.7532958984, -67.2689285278, 62.4407577515, -12.8060903549, 134.069946289, -48.4281578064, 25.8909244537, -51.6634025574], [-449.845092773, 328.617370605, -1.68709802628, -45.6045722961, -5.30977773666, -15.2285833359, 82.7718353271, -72.2963790894, 28.914270401, -48.4281578064, 138.988250732, -40.0420837402, 38.9223632812], [292.157012939, -251.223419189, 37.7878608704, -3.35569548607, -6.68119907379, 15.7053260803, -43.3238105774, 70.9723358154, -51.987865448, 25.8909244537, -40.0420837402, 132.04258728, -28.7708644867], [-323.798217773, 238.302947998, -20.8337993622, 50.5443611145, 8.33990383148, -57.9053115845, 29.9926776886, -58.1925811768, 12.8312683105, -51.6634025574, 38.9223632812, -28.7708644867, 143.847122192]],
        "icov": [[0.00199253461324, 0.00128462095745, 0.00155675213318, 0.000294004625175, 0.000840658438392, -8.63953173393e-05, 0.00124432321172, -0.000333270116244, 0.00129112182185, -0.000580807391088, 0.00174179777969, -0.000365022337064, 0.00113331910688], [0.00128462095745, 0.00706463446841, 0.000380228244467, 0.00420138658956, -0.00332291075028, 0.00373954838142, -0.00197171699256, 0.00333681260236, -0.00114284746815, 0.00490370206535, -0.0039536957629, 0.00428260723129, -0.00298459338956], [0.00155675213318, 0.000380228244467, 0.0056230397895, 0.000425269914558, 0.00295141711831, -0.000786897784565, 0.00182574498467, -0.000212028273381, 0.0032285314519, -0.000265702314209, 0.0016380866291, -0.00121326500084, 0.00151565519627], [0.000294004625175, 0.00420138658956, 0.000425269914558, 0.0060826218687, -0.000533404701855, 0.00357416202314, 8.80848165252e-05, 0.00261220568791, -0.000466018245788, 0.00294922245666, -0.00223693740554, 0.00334802339785, -0.0034902843181], [0.000840658438392, -0.00332291075028, 0.00295141711831, -0.000533404701855, 0.00757699273527, -0.000231630940107, 0.00349973631091, -0.0023456721101, 0.00222518877126, -0.00307842344046, 0.00426675844938, -0.00284237391315, 0.0027737643104], [-8.63953173393e-05, 0.00373954838142, -0.000786897784565, 0.00357416202314, -0.000231630940107, 0.00797118153423, -0.00147169362754, 0.00218717730604, -0.00142235832755, 0.00196196278557, -0.00294100213796, 0.00292002921924, -0.00113418977708], [0.00124432321172, -0.00197171699256, 0.00182574498467, 8.80848165252e-05, 0.00349973631091, -0.00147169362754, 0.0092047592625, 0.000448883598438, 0.00276739452966, -0.001061619143, 0.00135919055901, -0.00165191700216, 0.00244158226997], [-0.000333270116244, 0.00333681260236, -0.000212028273381, 0.00261220568791, -0.0023456721101, 0.00218717730604, 0.000448883598438, 0.0113346520811, 0.000223991039093, 0.00168562866747, -0.00159533391707, 1.07075775304e-05, -0.000699210446328], [0.00129112182185, -0.00114284746815, 0.0032285314519, -0.000466018245788, 0.00222518877126, -0.00142235832755, 0.00276739452966, 0.000223991039093, 0.0113449590281, -0.00201874761842, 0.00176139175892, 0.00098427280318, 0.00222619948909], [-0.000580807391088, 0.00490370206535, -0.000265702314209, 0.00294922245666, -0.00307842344046, 0.00196196278557, -0.001061619143, 0.00168562866747, -0.00201874761842, 0.0155114587396, -0.0036310730502, 0.00394260650501, -0.00111215002835], [0.00174179777969, -0.0039536957629, 0.0016380866291, -0.00223693740554, 0.00426675844938, -0.00294100213796, 0.00135919055901, -0.00159533391707, 0.00176139175892, -0.0036310730502, 0.0164167266339, -0.00307908235118, 0.00261467881501], [-0.000365022337064, 0.00428260723129, -0.00121326500084, 0.00334802339785, -0.00284237391315, 0.00292002921924, -0.00165191700216, 1.07075775304e-05, 0.00098427280318, 0.00394260650501, -0.00307908235118, 0.014034201391, -0.00261119590141], [0.00113331910688, -0.00298459338956, 0.00151565519627, -0.0034902843181, 0.0027737643104, -0.00113418977708, 0.00244158226997, -0.000699210446328, 0.00222619948909, -0.00111215002835, 0.00261467881501, -0.00261119590141, 0.0126561438665]]
    },
    "melbands": {
        "dmean": [0.000690512533765, 0.000808447250165, 0.000804902345408, 0.000686182407662, 0.000973986054305, 0.000468888116302, 0.000382455793442, 0.000769810983911, 0.000190974707948, 8.32163204905e-05, 9.41411708482e-05, 2.52236804954e-05, 2.06909317058e-05, 1.52505890583e-05, 1.62007345352e-05, 2.06030799745e-05, 1.65601486515e-05, 1.39017538459e-05, 8.50736341818e-06, 4.2740994104e-06, 4.93979450766e-06, 6.10925917499e-06, 5.89595902056e-06, 2.38722350332e-06, 1.1535636304e-06, 1.05547280782e-06, 1.43803663377e-06, 2.00606928047e-06, 1.40463191656e-06, 1.03661841422e-06, 1.52463474024e-06, 1.50396408571e-06, 1.16878993595e-06, 1.27663281546e-06, 1.22492440369e-06, 1.0036136473e-06, 8.61318198986e-07, 3.88347558555e-07, 5.44546821857e-07, 7.56223414555e-07],
        "dmean2": [0.00117527612019, 0.0013091644505, 0.00132788904011, 0.00113463983871, 0.00158033508342, 0.00077364599565, 0.000643607287202, 0.00124794768635, 0.000303933338728, 0.000127787294332, 0.000138140792842, 3.79825833079e-05, 3.179216219e-05, 2.280523222e-05, 2.39851779043e-05, 2.99949606415e-05, 2.50368684647e-05, 2.24136620091e-05, 1.29484869831e-05, 6.54415407553e-06, 7.91260572441e-06, 9.42336828302e-06, 9.2130539997e-06, 3.77516903427e-06, 1.88972114756e-06, 1.7877054006e-06, 2.3888026135e-06, 3.28673695549e-06, 2.13529870052e-06, 1.57934539402e-06, 2.32169691117e-06, 2.15827390093e-06, 1.67885002611e-06, 1.93333107745e-06, 1.88139313195e-06, 1.57292902259e-06, 1.29793886572e-06, 5.85205555126e-07, 8.3910521198e-07, 1.18271384508e-06],
        "dvar": [1.57048793881e-06, 1.48791150423e-06, 2.5474373615e-06, 9.63561660683e-07, 1.62699996054e-06, 5.42150587535e-07, 4.67185486741e-07, 1.48415745116e-06, 1.08963838841e-07, 3.49695206125e-08, 2.32923493826e-08, 2.88915424917e-09, 1.69366687341e-09, 1.07649189562e-09, 1.37554889701e-09, 2.64729127508e-09, 1.14945430951e-09, 1.10682474297e-09, 3.16847659221e-10, 9.6851165976e-11, 1.70078034989e-10, 1.36246722238e-10, 1.06214093076e-10, 1.95886709631e-11, 1.38092731694e-11, 8.46266806631e-12, 1.39867804838e-11, 2.61729370815e-11, 1.05236080267e-11, 5.92994707158e-12, 1.81454660325e-11, 1.43001843006e-11, 9.0029771832e-12, 1.44970528637e-11, 1.27431043148e-11, 1.4033496587e-11, 6.51956353487e-12, 1.20334731762e-12, 1.59124308782e-12, 2.27722354862e-12],
        "dvar2": [4.41885367763e-06, 3.86611418435e-06, 6.88151703798e-06, 2.6289719699e-06, 4.14684882344e-06, 1.36314122301e-06, 1.12832503874e-06, 4.12726330978e-06, 2.82711368982e-07, 7.75760256033e-08, 5.2400359607e-08, 6.97559032758e-09, 3.74682329607e-09, 2.26388285895e-09, 3.00961655597e-09, 5.78421888164e-09, 2.55707521823e-09, 2.72897016096e-09, 7.21709692009e-10, 2.15490403299e-10, 4.06694927735e-10, 2.94236607301e-10, 2.72335154428e-10, 4.50223677784e-11, 3.78937055345e-11, 2.30210728952e-11, 3.92931902293e-11, 7.37780322946e-11, 2.25137165855e-11, 1.40748619357e-11, 3.92658613957e-11, 2.72355436814e-11, 1.67535360585e-11, 3.13601401791e-11, 2.85630807201e-11, 3.5265759063e-11, 1.40236962667e-11, 2.60852298962e-12, 3.60748150102e-12, 5.74746587129e-12],
        "max": [0.0213480442762, 0.0198840349913, 0.0300676357001, 0.0131906215101, 0.018126482144, 0.0105451038107, 0.00755279138684, 0.0129289049655, 0.00418692501262, 0.00223531294614, 0.00199733371846, 0.000787707685959, 0.000563963258173, 0.000448568898719, 0.00070654443698, 0.000724756042473, 0.000346934772097, 0.000408838590374, 0.000214604966459, 0.000134726098622, 0.00019657361554, 0.000185492404853, 0.000110878456326, 6.6918815719e-05, 7.50776234781e-05, 5.36186962563e-05, 7.89606201579e-05, 0.00010979209037, 5.95685596636e-05, 3.05462563119e-05, 5.78963372391e-05, 5.82841639698e-05, 4.79807895317e-05, 5.47511699551e-05, 4.77814064652e-05, 6.6965847509e-05, 3.76738280465e-05, 1.50231444422e-05, 2.13523708226e-05, 2.12328795897e-05],
        "mean": [0.00314092892222, 0.0018612119602, 0.00140139926225, 0.00135387352202, 0.00193403929006, 0.000783856667113, 0.000546370109078, 0.00157623225823, 0.000339177553542, 0.000140061587445, 0.000175179404323, 4.82950345031e-05, 3.3925211028e-05, 2.50071916525e-05, 2.45004757744e-05, 2.69679749181e-05, 2.36162013607e-05, 1.52807824634e-05, 1.15094399007e-05, 5.80234200243e-06, 6.9309257924e-06, 8.75386558619e-06, 8.09693119663e-06, 3.57721910405e-06, 1.59020282808e-06, 1.2909212046e-06, 1.85259602858e-06, 2.6538232305e-06, 1.85492808669e-06, 1.31504452838e-06, 1.90868422578e-06, 1.98563725462e-06, 1.64488506016e-06, 1.71642602709e-06, 1.65533549534e-06, 1.17515492093e-06, 1.12278974029e-06, 4.85325927002e-07, 6.69956364163e-07, 9.64023342931e-07],
        "median": [0.00297274440527, 0.00132632348686, 0.000890475115739, 0.000914448755793, 0.00125487393234, 0.000472062907647, 0.000287584844045, 0.00101490248926, 0.000214439001866, 5.43849746464e-05, 9.77698291535e-05, 2.04649422813e-05, 1.75680179382e-05, 1.04246864794e-05, 9.56013900577e-06, 5.00705345985e-06, 7.18180172044e-06, 3.4305180634e-06, 2.98930763165e-06, 1.54429062604e-06, 1.71534202309e-06, 2.96894222629e-06, 2.72013153335e-06, 1.0462975979e-06, 5.3972570413e-07, 5.26525298028e-07, 7.39838412755e-07, 9.0243423756e-07, 3.91044807202e-07, 2.31956320818e-07, 3.21119728142e-07, 4.24962081524e-07, 2.67889078032e-07, 2.98968842571e-07, 2.89949724674e-07, 1.46814556956e-07, 1.42426486605e-07, 6.37062882447e-08, 1.60199988386e-07, 2.84471127543e-07],
        "min": [8.51238510222e-05, 0.000137419337989, 2.71193712251e-05, 2.61371806118e-05, 4.01363577112e-05, 1.57417380251e-05, 2.00507456611e-05, 1.24294665511e-05, 5.91143452766e-06, 1.79516507615e-06, 1.62536059634e-06, 5.60624926038e-07, 7.89644047927e-07, 3.54703956873e-07, 2.69097938599e-07, 1.04891078934e-07, 8.75369465803e-08, 5.46494440812e-08, 2.33086367984e-08, 1.20443255369e-08, 8.49239434331e-09, 9.11916675506e-09, 1.22006005299e-08, 6.63218813202e-09, 1.93942328863e-09, 2.01076422179e-09, 1.00568764427e-09, 1.32942834519e-09, 1.64849545126e-09, 4.61439636501e-10, 7.44355244109e-10, 6.28761764876e-10, 4.59830368227e-10, 3.26795618344e-10, 3.9308536981e-10, 9.97075547127e-11, 2.06768348103e-12, 2.02275067356e-12, 3.89848336989e-13, 5.2164338387e-13],
