{
"highlevel": {
    "danceability": {
        "all": {
            "danceable": 0.999734342098,
            "not_danceable": 0.000265636277618
        },
        "probability": 0.999734342098,
        "value": "danceable"
    },
    "gender": {
        "all": {
            "female": 0.56832408905,
            "male": 0.43167591095
        },
        "probability": 0.56832408905,
        "value": "female"
    },
    "genre_dortmund": {
        "all": {
            "alternative": 0.0301359314471,
            "blues": 0.0791989788413,
            "electronic": 0.119611293077,
            "folkcountry": 0.196929901838,
            "funksoulrnb": 0.0563198328018,
            "jazz": 0.13417994976,
            "pop": 0.0749365016818,
            "raphiphop": 0.202941223979,
            "rock": 0.105746380985
        },
        "probability": 0.202941223979,
        "value": "raphiphop"
    },
    "genre_electronic": {
        "all": {
            "ambient": 0.327726840973,
            "dnb": 0.0991673618555,
            "house": 0.467320472002,
            "techno": 0.0449155941606,
            "trance": 0.0608697161078
        },
        "probability": 0.467320472002,
        "value": "house"
    },
    "genre_rosamerica": {
        "all": {
            "cla": 0.00786165520549,
            "dan": 0.251832604408,
            "hip": 0.338538706303,
            "jaz": 0.012993754819,
            "pop": 0.0432821176946,
            "rhy": 0.306881844997,
            "roc": 0.0191844627261,
            "spe": 0.0194248594344
        },
        "probability": 0.338538706303,
        "value": "hip"
    },
    "genre_tzanetakis": {
        "all": {
            "blu": 0.0607384443283,
            "cla": 0.0337369628251,
            "cou": 0.0759031102061,
            "dis": 0.0505959652364,
            "hip": 0.1517791152,
            "jaz": 0.151757359505,
            "met": 0.0505812093616,
            "pop": 0.0606983527541,
            "reg": 0.060700122267,
            "roc": 0.303509354591
        },
        "probability": 0.303509354591,
        "value": "roc"
    },
    "ismir04_rhythm": {
        "all": {
            "ChaChaCha": 0.383598953485,
            "Jive": 0.0399750508368,
            "Quickstep": 0.0283690076321,
            "Rumba-American": 0.0218921210617,
            "Rumba-International": 0.24036771059,
            "Rumba-Misc": 0.0393545590341,
            "Samba": 0.0956959798932,
            "Tango": 0.0831274241209,
            "VienneseWaltz": 0.0414633452892,
            "Waltz": 0.0261558499187
        },
        "probability": 0.383598953485,
        "value": "ChaChaCha"
    },
    "mood_acoustic": {
        "all": {
            "acoustic": 0.213584557176,
            "not_acoustic": 0.786415457726
        },
        "probability": 0.786415457726,
        "value": "not_acoustic"
    },
    "mood_aggressive": {
        "all": {
            "aggressive": 0.185248076916,
            "not_aggressive": 0.814751923084
        },
        "probability": 0.814751923084,
        "value": "not_aggressive"
    },
    "mood_electronic": {
        "all": {
            "electronic": 0.766191959381,
            "not_electronic": 0.233808070421
        },
        "probability": 0.766191959381,
        "value": "electronic"
    },
    "mood_happy": {
        "all": {
            "happy": 0.0911210849881,
            "not_happy": 0.908878922462
        },
        "probability": 0.908878922462,
        "value": "not_happy"
    },
    "mood_party": {
        "all": {
            "not_party": 0.643624126911,
            "party": 0.356375873089
        },
        "probability": 0.643624126911,
        "value": "not_party"
    },
    "mood_relaxed": {
        "all": {
            "not_relaxed": 0.218168407679,
            "relaxed": 0.781831562519
        },
        "probability": 0.781831562519,
        "value": "relaxed"
    },
    "mood_sad": {
        "all": {
            "not_sad": 0.433577895164,
            "sad": 0.566422104836
        },
        "probability": 0.566422104836,
        "value": "sad"
    },
    "moods_mirex": {
        "all": {
            "Cluster1": 0.294809490442,
            "Cluster2": 0.268592834473,
            "Cluster3": 0.229087367654,
            "Cluster4": 0.144344836473,
            "Cluster5": 0.0631654709578
        },
        "probability": 0.294809490442,
        "value": "Cluster1"
    },
    "timbre": {
        "all": {
            "bright": 0.782022416592,
            "dark": 0.217977568507
        },
        "probability": 0.782022416592,
        "value": "bright"
    },
    "tonal_atonal": {
        "all": {
            "atonal": 0.380218625069,
            "tonal": 0.619781374931
        },
        "probability": 0.619781374931,
        "value": "tonal"
    },
    "voice_instrumental": {
        "all": {
            "instrumental": 0.228681191802,
            "voice": 0.771318793297
        },
        "probability": 0.771318793297,
        "value": "voice"
    }
},
"lowlevel": {
    "average_loudness": 0.977047502995,
    "barkbands_crest": {
        "dmean": 2.56261849403,
        "dmean2": 3.90602636337,
        "dvar": 8.53638935089,
        "dvar2": 17.2429275513,
        "max": 26.7177944183,
        "mean": 15.6110076904,
        "median": 13.9615592957,
        "min": 3.33115959167,
        "var": 50.190990448
    },
    "barkbands_flatness_db": {
        "dmean": 0.0331293866038,
        "dmean2": 0.0452165938914,
        "dvar": 0.00158360844944,
        "dvar2": 0.00239440752193,
        "max": 0.813809216022,
        "mean": 0.251593321562,
        "median": 0.226861208677,
        "min": 0.0701198726892,
        "var": 0.0130112580955
    },
    "barkbands_kurtosis": {
        "dmean": 25.1772212982,
        "dmean2": 35.6343383789,
        "dvar": 4827.74902344,
        "dvar2": 10836.4296875,
        "max": 1241.60766602,
        "mean": 41.3356552124,
        "median": 8.5328950882,
        "min": -1.90083396435,
        "var": 9297.33496094
    },
    "barkbands_skewness": {
        "dmean": 1.30490732193,
        "dmean2": 1.79683089256,
        "dvar": 4.03313541412,
        "dvar2": 7.44444561005,
        "max": 29.3676071167,
        "mean": 3.8365778923,
        "median": 2.35017442703,
        "min": -2.39928531647,
        "var": 17.258310318
    },
    "barkbands_spread": {
        "dmean": 4.86791467667,
        "dmean2": 7.06014823914,
        "dvar": 80.5463256836,
        "dvar2": 148.239974976,
        "max": 108.085670471,
        "mean": 13.9683208466,
        "median": 8.29301071167,
        "min": 0.0405978746712,
        "var": 262.717163086
    },
    "dissonance": {
        "dmean": 0.028316302225,
        "dmean2": 0.0463185869157,
        "dvar": 0.00062598491786,
        "dvar2": 0.00158580229618,
        "max": 0.499971956015,
        "mean": 0.437459170818,
        "median": 0.444417417049,
        "min": 0.266244590282,
        "var": 0.00158114405349
    },
    "dynamic_complexity": 2.83924412727,
    "erbbands_crest": {
        "dmean": 2.86071538925,
        "dmean2": 4.33870840073,
        "dvar": 6.39865446091,
        "dvar2": 15.2695436478,
        "max": 27.1095104218,
        "mean": 11.2518491745,
        "median": 10.2963781357,
        "min": 3.46673965454,
        "var": 22.8228797913
    },
    "erbbands_flatness_db": {
        "dmean": 0.019280269742,
        "dmean2": 0.0290309488773,
        "dvar": 0.000495711690746,
        "dvar2": 0.00104053108953,
        "max": 0.454036772251,
        "mean": 0.186810091138,
        "median": 0.178103774786,
        "min": 0.0633198842406,
        "var": 0.003129665507
    },
    "erbbands_kurtosis": {
        "dmean": 1.39823448658,
        "dmean2": 2.27937746048,
        "dvar": 4.60780191422,
        "dvar2": 12.3382825851,
        "max": 23.0553817749,
        "mean": 1.29675221443,
        "median": 0.413188934326,
        "min": -1.79714238644,
        "var": 8.56560134888
    },
    "erbbands_skewness": {
        "dmean": 0.462373256683,
        "dmean2": 0.690383374691,
        "dvar": 0.268840789795,
        "dvar2": 0.588811814785,
        "max": 4.1153960228,
        "mean": 0.715493440628,
        "median": 0.73516780138,
        "min": -3.01664733887,
        "var": 0.922149181366
    },
    "erbbands_spread": {
        "dmean": 9.96093559265,
        "dmean2": 15.6219511032,
        "dvar": 190.543609619,
        "dvar2": 451.006286621,
        "max": 168.028640747,
        "mean": 39.2418518066,
        "median": 34.408290863,
        "min": 2.53115916252,
        "var": 503.548339844
    },
    "hfc": {
        "dmean": 6.8380947113,
        "dmean2": 10.1698513031,
        "dvar": 238.185348511,
        "dvar2": 546.415710449,
        "max": 199.77961731,
        "mean": 18.8823356628,
        "median": 16.5830345154,
        "min": 0.136637240648,
        "var": 336.234375
    },
    "melbands_crest": {
        "dmean": 2.93351125717,
        "dmean2": 4.65263795853,
        "dvar": 9.2220916748,
        "dvar2": 22.9592113495,
        "max": 32.4411964417,
        "mean": 18.1731052399,
        "median": 17.3937511444,
        "min": 5.27618360519,
        "var": 39.0864677429
    },
    "melbands_flatness_db": {
        "dmean": 0.039543159306,
        "dmean2": 0.0520547516644,
        "dvar": 0.00234326976351,
        "dvar2": 0.00344753894024,
        "max": 0.985383033752,
        "mean": 0.323547303677,
        "median": 0.303152114153,
        "min": 0.0447130575776,
        "var": 0.0209385138005
    },
    "melbands_kurtosis": {
        "dmean": 23.4945869446,
        "dmean2": 34.0870895386,
        "dvar": 2890.86279297,
        "dvar2": 6158.0234375,
        "max": 844.299072266,
        "mean": 51.9954681396,
        "median": 17.6807346344,
        "min": -1.82768201828,
        "var": 8091.30078125
    },
    "melbands_skewness": {
        "dmean": 1.15268266201,
        "dmean2": 1.69406795502,
        "dvar": 2.54957842827,
        "dvar2": 5.14786958694,
        "max": 19.0889396667,
        "mean": 4.3005862236,
        "median": 3.26050710678,
        "min": -0.154421254992,
        "var": 11.1002588272
    },
    "melbands_spread": {
        "dmean": 5.46392917633,
        "dmean2": 8.20780658722,
        "dvar": 174.514694214,
        "dvar2": 353.710662842,
        "max": 233.480575562,
        "mean": 13.7641859055,
        "median": 7.41477251053,
        "min": 0.243237897754,
        "var": 352.779937744
    },
    "pitch_salience": {
        "dmean": 0.0810791030526,
        "dmean2": 0.125013008714,
        "dvar": 0.00849101226777,
        "dvar2": 0.0169986914843,
        "max": 0.881290614605,
        "mean": 0.420120567083,
        "median": 0.465758353472,
        "min": 0.0442196428776,
        "var": 0.0362457036972
    },
    "silence_rate_20dB": {
        "dmean": 0.0541795678437,
        "dmean2": 0.108443066478,
        "dvar": 0.0512451604009,
        "dvar2": 0.104428112507,
        "max": 1,
        "mean": 0.949729323387,
        "median": 1,
        "min": 0,
        "var": 0.0477427020669
    },
    "silence_rate_30dB": {
        "dmean": 0.0588235296309,
        "dmean2": 0.117738187313,
        "dvar": 0.0553635060787,
        "dvar2": 0.110072225332,
        "max": 1,
        "mean": 0.767208039761,
        "median": 1,
        "min": 0,
        "var": 0.17860211432
    },
    "silence_rate_60dB": {
        "dmean": 0.00928792543709,
        "dmean2": 0.018590239808,
        "dvar": 0.00920156855136,
        "dvar2": 0.0197934880853,
        "max": 1,
        "mean": 0.0162412989885,
        "median": 0,
        "min": 0,
        "var": 0.0159775316715
    },
    "spectral_centroid": {
        "dmean": 246.693771362,
        "dmean2": 366.408355713,
        "dvar": 146708.453125,
        "dvar2": 285816.71875,
        "max": 4669.96337891,
        "mean": 945.165222168,
        "median": 766.814941406,
        "min": 80.0756225586,
        "var": 466722.59375
    },
    "spectral_complexity": {
        "dmean": 3.1811144352,
        "dmean2": 4.9419054985,
        "dvar": 21.9996948242,
        "dvar2": 42.3507118225,
        "max": 44,
        "mean": 12.7076568604,
        "median": 12,
        "min": 1,
        "var": 45.8155593872
    },
    "spectral_decrease": {
        "dmean": 8.06125655117e-09,
        "dmean2": 1.00834371963e-08,
        "dvar": 2.20718614551e-16,
        "dvar2": 3.36005767607e-16,
        "max": -1.11674308689e-10,
        "mean": -2.12240891528e-08,
        "median": -6.95819490915e-09,
        "min": -1.29307920815e-07,
        "var": 8.63683179778e-16
    },
    "spectral_energy": {
        "dmean": 0.0308380872011,
        "dmean2": 0.0386787243187,
        "dvar": 0.00320405978709,
        "dvar2": 0.00491277175024,
        "max": 0.491073071957,
        "mean": 0.0818172320724,
        "median": 0.0283210147172,
        "min": 0.000433877896285,
        "var": 0.0124417766929
    },
    "spectral_energyband_high": {
        "dmean": 0.000361974205589,
        "dmean2": 0.000553052173927,
        "dvar": 1.72350564753e-06,
        "dvar2": 3.35065078616e-06,
        "max": 0.0167205668986,
        "mean": 0.000648223736789,
        "median": 0.00017447132268,
        "min": 1.85548765241e-09,
        "var": 2.62345452029e-06
    },
    "spectral_energyband_low": {
        "dmean": 0.0276284404099,
        "dmean2": 0.0348459035158,
        "dvar": 0.00354324327782,
        "dvar2": 0.0058649587445,
        "max": 0.487166702747,
        "mean": 0.0661081895232,
        "median": 0.00912176351994,
        "min": 8.07940523373e-06,
        "var": 0.0123228114098
    },
    "spectral_energyband_middle_high": {
        "dmean": 0.00156570645049,
        "dmean2": 0.00246443483047,
        "dvar": 1.21177108667e-05,
        "dvar2": 2.752434375e-05,
        "max": 0.0325125791132,
        "mean": 0.00329669308849,
        "median": 0.00141822302248,
        "min": 3.3330354654e-06,
        "var": 2.11692367884e-05
    },
    "spectral_energyband_middle_low": {
        "dmean": 0.00921008270234,
        "dmean2": 0.0163068883121,
        "dvar": 0.000670932116918,
        "dvar2": 0.00192104489543,
        "max": 0.249574586749,
        "mean": 0.0127388676628,
        "median": 0.00803660415113,
        "min": 0.000133097884827,
        "var": 0.000421496282797
    },
    "spectral_entropy": {
        "dmean": 0.250238150358,
        "dmean2": 0.372670471668,
        "dvar": 0.0912071764469,
        "dvar2": 0.171083122492,
        "max": 8.84530735016,
        "mean": 6.94780015945,
        "median": 7.01684236526,
        "min": 3.9743771553,
        "var": 0.475158631802
    },
    "spectral_flux": {
        "dmean": 0.0465006195009,
        "dmean2": 0.0743504092097,
        "dvar": 0.00652095396072,
        "dvar2": 0.0127942711115,
        "max": 0.602914333344,
        "mean": 0.098351418972,
        "median": 0.0736859589815,
        "min": 0.00718146096915,
        "var": 0.00914623960853
    },
    "spectral_kurtosis": {
        "dmean": 5.4176197052,
        "dmean2": 8.82147121429,
        "dvar": 406.727600098,
        "dvar2": 921.277099609,
        "max": 588.62298584,
        "mean": 10.2198572159,
        "median": 4.7664065361,
        "min": -1.10168361664,
        "var": 882.352478027
    },
    "spectral_rms": {
        "dmean": 0.00140542304143,
        "dmean2": 0.00176344043575,
        "dvar": 4.63614060209e-06,
        "dvar2": 6.8582203312e-06,
        "max": 0.0218882542104,
        "mean": 0.00732204085216,
        "median": 0.00525644933805,
        "min": 0.00065061164787,
        "var": 2.62093253696e-05
    },
    "spectral_rolloff": {
        "dmean": 419.08026123,
        "dmean2": 687.245239258,
        "dvar": 1469010.375,
        "dvar2": 2800970.25,
        "max": 14298.046875,
        "mean": 927.79107666,
        "median": 430.6640625,
        "min": 86.1328125,
        "var": 2683264.25
    },
    "spectral_skewness": {
        "dmean": 0.438204467297,
        "dmean2": 0.688222944736,
        "dvar": 0.513217687607,
        "dvar2": 1.04930067062,
        "max": 19.6431674957,
        "mean": 2.01128911972,
        "median": 1.6910315752,
        "min": 0.0239192657173,
        "var": 2.23073983192
    },
    "spectral_spread": {
        "dmean": 614094.5625,
        "dmean2": 914009.125,
        "dvar": 801742651392,
        "dvar2": 1.44737278362e+12,
        "max": 14578573,
        "mean": 4100909,
        "median": 4089923.75,
        "min": 231436.234375,
        "var": 4.12162903245e+12
    },
    "spectral_strongpeak": {
        "dmean": 0.383575826883,
        "dmean2": 0.628384888172,
        "dvar": 0.425404369831,
        "dvar2": 1.05274689198,
        "max": 7.02617835999,
        "mean": 0.973349690437,
        "median": 0.601512730122,
        "min": 0,
        "var": 0.958873808384
    },
    "zerocrossingrate": {
        "dmean": 0.00997915398329,
        "dmean2": 0.0107297059149,
        "dvar": 0.000388714543078,
        "dvar2": 0.000400358316256,
        "max": 0.40185546875,
        "mean": 0.0366739630699,
        "median": 0.0244140625,
        "min": 0.0029296875,
        "var": 0.00175965006929
    },
    "barkbands": {
        "dmean": [0.000554167141672, 0.0268155112863, 0.0023493336048, 0.00170056091156, 0.00573452468961, 0.00095139053883, 0.000883288914338, 0.00108466262463, 0.000577909697313, 0.000469620572403, 0.000344400294125, 0.000210806218092, 0.000201778238988, 0.000229081473663, 0.000295818346785, 0.000208476936677, 0.000132876128191, 0.000106486411823, 0.000115153612569, 0.000127455030452, 8.30848803162e-05, 9.26018183236e-05, 8.15009552753e-05, 6.64093022351e-05, 5.50557997485e-05, 2.36977539316e-05, 9.14891895576e-09],
        "dmean2": [0.000937005679589, 0.0335285179317, 0.00435631955042, 0.00295911938883, 0.0103474613279, 0.00160123209935, 0.0014037626097, 0.0017024037661, 0.000918051868211, 0.000725468795281, 0.00055489706574, 0.000334408134222, 0.000326653127559, 0.000347075023456, 0.000466193887405, 0.000331777206156, 0.000214590269024, 0.00016708644398, 0.000179712835234, 0.000198498863028, 0.000130761400214, 0.000142256103572, 0.000129919266328, 0.000101856719994, 8.1743892224e-05, 3.46653214365e-05, 1.47889007707e-08],
        "dvar": [2.45633918894e-06, 0.00358381983824, 4.87100041937e-05, 1.91015988094e-05, 0.000345683773048, 5.11873577125e-06, 4.518996775e-06, 7.1418535299e-06, 2.0410648176e-06, 1.45399587836e-06, 9.30217368023e-07, 4.33876294892e-07, 3.62631681128e-07, 2.86499982849e-07, 5.81052802318e-07, 4.21468428158e-07, 1.39763130846e-07, 5.33242037193e-08, 4.86119624554e-08, 6.59206591536e-08, 1.19388772646e-07, 1.26058850469e-07, 1.25673835782e-07, 3.65463641572e-08, 3.91586247872e-08, 8.73490435538e-09, 2.10946084683e-14],
        "dvar2": [6.61330795992e-06, 0.00623299833387, 0.000140259857289, 5.36560874025e-05, 0.000997299910523, 1.36017215482e-05, 1.09689162855e-05, 1.7607701011e-05, 5.20757976119e-06, 3.3025405628e-06, 2.20037736653e-06, 1.01189004909e-06, 8.38159849081e-07, 6.34928369436e-07, 1.43713134548e-06, 9.35098285026e-07, 3.45436575344e-07, 1.20784875435e-07, 1.0616700763e-07, 1.54655765527e-07, 2.73039319154e-07, 2.74675187484e-07, 2.8358439863e-07, 7.38138297152e-08, 6.91734385327e-08, 1.44983829387e-08, 4.1514731377e-14],
        "max": [0.0130816679448, 0.479522615671, 0.0633878260851, 0.0326184555888, 0.158210784197, 0.0226249806583, 0.0359899736941, 0.0380545184016, 0.0174735039473, 0.0177400242537, 0.0134043525904, 0.0167132150382, 0.00677616568282, 0.00806422438473, 0.00915142241865, 0.0160313881934, 0.00635526375845, 0.0038874107413, 0.00282270484604, 0.00370532320812, 0.00568753713742, 0.00519630499184, 0.00522632617503, 0.00232799164951, 0.00280802859925, 0.00219031539746, 3.73084003513e-06],
        "mean": [0.000470121245598, 0.0627392530441, 0.00211105193011, 0.00164937414229, 0.00542453490198, 0.00132223777473, 0.00136200501584, 0.00181775935926, 0.000771437713411, 0.000785813550465, 0.000456303794635, 0.000262213143287, 0.000236597785261, 0.000378547643777, 0.000443104479928, 0.000302997941617, 0.000188091478776, 0.000151010666741, 0.000174094340764, 0.000196776949451, 0.000104819053377, 0.000138611954753, 0.00010859491158, 0.00010393060802, 8.23454611236e-05, 3.57458447979e-05, 6.65057831029e-09],
        "median": [3.48522953573e-05, 0.00514010060579, 0.000851614982821, 0.000678961630911, 0.00206782179885, 0.000441770302132, 0.000279355212115, 0.000324423017446, 0.00020326426602, 0.00011046192958, 9.32803523028e-05, 4.42310411017e-05, 5.81575477554e-05, 4.94291307405e-05, 4.65520970465e-05, 4.18763665948e-05, 5.02288712596e-05, 3.5339850001e-05, 4.48626597063e-05, 6.98779622326e-05, 1.83304709935e-05, 2.11914830288e-05, 1.42038979902e-05, 1.78584232344e-05, 9.02254396351e-06, 3.77123910766e-06, 3.11052572588e-10],
        "min": [5.02726216212e-09, 9.62282115324e-07, 9.8025702755e-07, 1.68938711909e-08, 2.43875462047e-08, 2.1252139959e-07, 3.99175814891e-06, 2.90667708214e-06, 1.45895569403e-06, 3.6193989672e-07, 4.04739324722e-07, 3.98465573426e-07, 1.49241117242e-07, 3.6083083188e-08, 3.48838078423e-08, 7.25587856465e-09, 1.2370356961e-09, 1.4568689588e-09, 1.45266443319e-09, 6.66193711307e-10, 4.46812503663e-10, 3.53745061021e-10, 1.66194016882e-10, 2.67224964379e-10, 3.35664343543e-11, 1.19138848093e-11, 1.65379949318e-11],
        "var": [1.83208146609e-06, 0.0118400137872, 3.00602296193e-05, 1.30152757265e-05, 0.000205837975955, 5.98802353124e-06, 7.9806195572e-06, 1.36793814818e-05, 3.23393442159e-06, 4.80001335745e-06, 1.47757702962e-06, 7.44542717257e-07, 4.12607505496e-07, 6.97431119079e-07, 1.08113988517e-06, 1.05719914245e-06, 1.97852543238e-07, 9.67869837609e-08, 9.16740745538e-08, 1.06316718984e-07, 1.29090665268e-07, 1.54874342684e-07, 1.50234399143e-07, 6.76531684007e-08, 7.72145298811e-08, 2.47383713514e-08, 1.60276234965e-14]
    },
    "erbbands": {
        "dmean": [0.784899890423, 5.97127532959, 3.48244762421, 4.77673816681, 12.1318511963, 22.4109230042, 10.1678752899, 7.59074306488, 10.8307504654, 18.4820976257, 19.2817268372, 13.2876911163, 13.3291254044, 15.33943367, 11.6031637192, 8.23481369019, 8.62400722504, 10.7094078064, 15.2609977722, 11.5296163559, 9.2717924118, 6.41792726517, 6.23935842514, 3.27787733078, 7.3671374321, 6.0452542305, 3.37606430054, 3.30053019524, 3.3603811264, 2.51496553421, 2.29138469696, 1.81697106361, 0.975468218327, 0.749150037766, 0.338265419006, 0.128475368023, 0.0433165282011, 0.00342056551017, 7.41882249713e-05, 3.58147408406e-05],
        "dmean2": [1.0387724638, 7.33631944656, 5.40739774704, 8.51608943939, 22.0125370026, 40.5881195068, 17.7892169952, 12.4580907822, 17.6319580078, 29.9306488037, 29.5954627991, 20.6080474854, 21.3858623505, 25.0533733368, 17.77277565, 12.69917202, 13.8239536285, 16.5085449219, 24.5125846863, 17.5970535278, 14.1767082214, 10.2745275497, 9.76197528839, 5.13769197464, 11.1271419525, 9.38800811768, 5.27433872223, 5.1936006546, 5.25523710251, 3.83413910866, 3.61945414543, 2.78820967674, 1.47250449657, 1.11121177673, 0.491540044546, 0.196847602725, 0.0628974959254, 0.00513347564265, 0.000106840889202, 4.56667767139e-05],
        "dvar": [2.96176195145, 180.089752197, 81.5908737183, 161.77796936, 1306.09301758, 5927.05566406, 845.39050293, 328.400085449, 819.208374023, 1961.36828613, 2136.29443359, 1154.78479004, 1485.58398438, 2144.38085938, 916.839660645, 520.150634766, 638.133544922, 591.885131836, 1602.45349121, 1130.92211914, 751.50793457, 271.802886963, 170.440292358, 67.1647186279, 197.601333618, 183.609970093, 130.521133423, 215.24571228, 173.403167725, 110.922821045, 88.3305206299, 25.5830745697, 11.0126628876, 7.2045249939, 1.4742269516, 0.241564229131, 0.0360390134156, 0.000322800158756, 9.35533108759e-08, 3.9934340279e-09],
        "dvar2": [5.63634634018, 298.988250732, 205.282913208, 451.748291016, 3754.76611328, 17080.9921875, 2363.70336914, 831.970275879, 2080.68310547, 4971.12451172, 4989.26318359, 2947.37353516, 3637.50341797, 5556.54101562, 1689.31079102, 1005.58062744, 1422.55432129, 1297.22631836, 3768.61157227, 2345.51611328, 1687.91882324, 665.998596191, 387.382965088, 148.334762573, 414.570983887, 438.648223877, 285.085723877, 485.881195068, 362.348724365, 252.614349365, 197.267578125, 53.0074501038, 22.8472919464, 13.1359109879, 2.52563285828, 0.448807120323, 0.0618737339973, 0.000676179071888, 1.86452467688e-07, 6.517295148e-09],
        "max": [13.072634697, 110.793357849, 90.1499633789, 88.0650482178, 287.053741455, 765.289245605, 319.532714844, 214.375457764, 391.987457275, 721.768737793, 752.694580078, 495.427642822, 658.564880371, 451.408447266, 707.871765137, 584.15625, 340.601593018, 288.96295166, 601.274230957, 629.594970703, 541.693908691, 261.079498291, 210.389801025, 153.685836792, 198.541397095, 229.331634521, 181.196777344, 227.101150513, 188.685028076, 163.335678101, 146.566131592, 59.8368835449, 36.0432090759, 33.9826927185, 23.1393795013, 8.87383842468, 4.3846745491, 0.435065031052, 0.0073080137372, 0.000696390052326],
        "mean": [1.65351009369, 14.5616979599, 6.63923072815, 4.80053186417, 12.0654344559, 20.0114002228, 11.3153114319, 11.4169654846, 17.3254871368, 34.0993461609, 30.9715805054, 20.3080673218, 24.9878349304, 18.4969997406, 18.534828186, 12.0035400391, 11.1586408615, 18.0534610748, 25.1624584198, 18.7386322021, 13.6994132996, 10.2470035553, 9.52691841125, 4.93446397781, 12.3456068039, 9.51703071594, 4.70485401154, 4.22855186462, 5.06170749664, 3.55653953552, 3.23004364967, 2.74063539505, 1.41063141823, 1.07813179493, 0.489580363035, 0.187488049269, 0.0656266734004, 0.00477515207604, 0.000132934088469, 9.62053891271e-05],
        "median": [0.133749216795, 1.26374447346, 1.85382378101, 2.25199222565, 4.29777288437, 6.06505393982, 4.34761190414, 3.75348615646, 3.52002668381, 8.02341175079, 7.22932624817, 6.18011331558, 4.3926448822, 3.40271353722, 4.55314731598, 2.47062420845, 3.14776611328, 3.1330871582, 3.17210888863, 2.40105819702, 2.63853645325, 3.11750125885, 2.55238747597, 1.64214360714, 3.29372954369, 3.55649733543, 1.17165625095, 0.708193838596, 0.7515386343, 0.563091635704, 0.40419280529, 0.537333130836, 0.184992358088, 0.107538126409, 0.0486850887537, 0.0197636000812, 0.00652860291302, 0.000453164684586, 4.15732647525e-05, 3.76938733098e-05],
        "min": [9.94057918433e-05, 0.000784202769864, 0.000996864866465, 0.00188516394701, 0.000244772003498, 0.000157056652824, 0.000940278870985, 0.0152683155611, 0.0822021812201, 0.0818604081869, 0.123747996986, 0.0845651775599, 0.0281989295036, 0.0236487090588, 0.027707207948, 0.0197307690978, 0.0105038750917, 0.00386324827559, 0.00135418982245, 0.00152185047045, 0.000512445520144, 0.00015401901328, 0.000112352427095, 0.000119430871564, 6.37734483462e-05, 4.04556340072e-05, 4.17842456955e-05, 4.19300340582e-05, 3.95514216507e-05, 4.01362558478e-05, 2.15734180529e-05, 1.99443129532e-05, 1.60741783475e-05, 5.0214816838e-06, 1.71279805272e-06, 8.93205651664e-07, 5.13107124789e-07, 7.84387381714e-08, 3.1324410088e-07, 4.92310277878e-07],
        "var": [8.28802776337, 636.512756348, 129.011322021, 108.631019592, 801.959472656, 3547.65307617, 604.503112793, 454.039306641, 1299.04345703, 4937.10107422, 4126.73388672, 2237.30126953, 5560.15527344, 2288.90600586, 2596.56494141, 1251.45129395, 780.865600586, 1337.01550293, 3342.13769531, 2454.6015625, 1661.5736084, 447.683441162, 325.098449707, 89.3518066406, 423.140655518, 270.681762695, 158.12991333, 243.678985596, 223.365280151, 122.141326904, 119.748344421, 43.7557029724, 18.3771533966, 13.3262214661, 3.03670859337, 0.514202535152, 0.105075418949, 0.000737633905374, 2.34508448216e-07, 1.50899541751e-08]
    },
    "gfcc": {
        "mean": [-40.8395767212, 129.866241455, -98.3820343018, 38.2856674194, -46.8304748535, 8.15497493744, -25.0905742645, 9.5826587677, -16.4300518036, 2.02302408218, -9.59717559814, -7.89086818695, -5.90641689301],
        "cov": [[7601.75537109, -4077.96704102, -473.688171387, 438.992584229, -1302.14794922, 1182.28149414, -1035.15539551, 655.180358887, -252.166091919, 568.922119141, -350.753601074, 468.85168457, -407.136230469], [-4077.96704102, 3513.62353516, -27.5565624237, -178.970657349, 1273.86914062, -816.518981934, 1023.62744141, -375.593444824, 336.505340576, -387.210540771, 439.093261719, -341.600585938, 410.979980469], [-473.688171387, -27.5565624237, 1280.44873047, 87.3173828125, 108.305969238, 192.694641113, 93.7378616333, 81.4932479858, 25.0737533569, 60.9565849304, 88.7277450562, 107.536018372, 61.9032821655], [438.992584229, -178.970657349, 87.3173828125, 445.71270752, 178.802993774, 21.094078064, 73.0575485229, 119.993942261, 78.9037094116, 42.3952598572, 60.9690093994, 26.339756012, 65.0341033936], [-1302.14794922, 1273.86914062, 108.305969238, 178.802993774, 953.760070801, -279.481231689, 547.777160645, 8.76960945129, 226.365524292, -49.4676933289, 225.606658936, -95.2578964233, 232.749252319], [1182.28149414, -816.518981934, 192.694641113, 21.094078064, -279.481231689, 500.703796387, -142.933547974, 136.106140137, 10.0027074814, 127.515586853, -24.7588291168, 103.792167664, -59.761390686], [-1035.15539551, 1023.62744141, 93.7378616333, 73.0575485229, 547.777160645, -142.933547974, 626.536010742, -16.345539093, 152.294250488, -11.3606300354, 231.978515625, -76.0127563477, 169.416778564], [655.180358887, -375.593444824, 81.4932479858, 119.993942261, 8.76960945129, 136.106140137, -16.345539093, 231.944580078, 50.7975578308, 98.5361022949, 19.9457798004, 55.2723808289, -8.94504165649], [-252.166091919, 336.505340576, 25.0737533569, 78.9037094116, 226.365524292, 10.0027074814, 152.294250488, 50.7975578308, 266.044128418, -2.06685972214, 99.120262146, -34.5269622803, 50.8490829468], [568.922119141, -387.210540771, 60.9565849304, 42.3952598572, -49.4676933289, 127.515586853, -11.3606300354, 98.5361022949, -2.06685972214, 196.020477295, 5.53194952011, 38.8614959717, -30.059419632], [-350.753601074, 439.093261719, 88.7277450562, 60.9690093994, 225.606658936, -24.7588291168, 231.978515625, 19.9457798004, 99.120262146, 5.53194952011, 196.612670898, -10.4274778366, 74.0717849731], [468.85168457, -341.600585938, 107.536018372, 26.339756012, -95.2578964233, 103.792167664, -76.0127563477, 55.2723808289, -34.5269622803, 38.8614959717, -10.4274778366, 146.743347168, -23.4720592499], [-407.136230469, 410.979980469, 61.9032821655, 65.0341033936, 232.749252319, -59.761390686, 169.416778564, -8.94504165649, 50.8490829468, -30.059419632, 74.0717849731, -23.4720592499, 160.643280029]],
        "icov": [[0.000543128291611, 0.000248216761975, 0.000395022070734, -0.000374176452169, 3.99285672756e-05, -0.000617211160716, 0.000187046316569, -0.000466016295832, 0.00019727255858, -0.000357468030415, -8.58598577906e-05, -0.000499160145409, 6.73988033668e-05], [0.000248216761975, 0.00327955675311, -6.63141545374e-05, 0.00190829415806, -0.00132131634746, 0.00184251915198, -0.00146119401325, 0.00153248873539, -0.0012522006873, 0.00242832605727, -0.00275216158479, 0.00161085580476, -0.00192683085334], [0.000395022070734, -6.63141545374e-05, 0.00123682082631, -0.000457111338619, -6.14013915765e-05, -0.00102100498043, 0.000249759177677, -0.000433056731708, 0.000414120702771, -0.000468154205009, -0.000117280098493, -0.00105580175295, -1.79983580892e-05], [-0.000374176452169, 0.00190829415806, -0.000457111338619, 0.00458619697019, -0.00133222353179, 0.00194792356342, -0.000768660800532, 0.000116924507893, -0.00127493520267, 0.00176373624709, -0.001985024428, 0.00120247493032, -0.00221431208774], [3.99285672756e-05, -0.00132131634746, -6.14013915765e-05, -0.00133222353179, 0.00385729409754, 0.000455522997072, -0.000992235494778, -0.00134703121148, -0.000686182174832, -0.00118496734649, 0.0011325388914, -0.000675869931001, -0.00102871819399], [-0.000617211160716, 0.00184251915198, -0.00102100498043, 0.00194792356342, 0.000455522997072, 0.00584548898041, -0.00133282400202, 0.000556469371077, -0.00221682153642, 0.000866694725119, -0.00176844885573, 0.000734558794647, -0.00193536689039], [0.000187046316569, -0.00146119401325, 0.000249759177677, -0.000768660800532, -0.000992235494778, -0.00133282400202, 0.00538162048906, -0.000474809436128, 0.000838760985062, -0.00209249230102, -0.00193489191588, -0.000185012817383, -0.000124881364172], [-0.000466016295832, 0.00153248873539, -0.000433056731708, 0.000116924507893, -0.00134703121148, 0.000556469371077, -0.000474809436128, 0.0087054092437, -0.00193005043548, -0.000703997502569, -0.0015700092772, 8.09021948953e-05, -0.000623070343863], [0.00019727255858, -0.0012522006873, 0.000414120702771, -0.00127493520267, -0.000686182174832, -0.00221682153642, 0.000838760985062, -0.00193005043548, 0.0064619765617, -0.000383943202905, -0.000724491372239, 0.000478517787997, 0.00152423453983], [-0.000357468030415, 0.00242832605727, -0.000468154205009, 0.00176373624709, -0.00118496734649, 0.000866694725119, -0.00209249230102, -0.000703997502569, -0.000383943202905, 0.0097558349371, -0.00230841361918, 0.00175412453245, -0.00017749897961], [-8.58598577906e-05, -0.00275216158479, -0.000117280098493, -0.001985024428, 0.0011325388914, -0.00176844885573, -0.00193489191588, -0.0015700092772, -0.000724491372239, -0.00230841361918, 0.0126099083573, -0.00263010547496, 0.000925252330489], [-0.000499160145409, 0.00161085580476, -0.00105580175295, 0.00120247493032, -0.000675869931001, 0.000734558794647, -0.000185012817383, 8.09021948953e-05, 0.000478517787997, 0.00175412453245, -0.00263010547496, 0.0109293898568, -0.0010276051471], [6.73988033668e-05, -0.00192683085334, -1.79983580892e-05, -0.00221431208774, -0.00102871819399, -0.00193536689039, -0.000124881364172, -0.000623070343863, 0.00152423453983, -0.00017749897961, 0.000925252330489, -0.0010276051471, 0.0120036741719]]
    },
    "melbands": {
        "dmean": [0.0076579162851, 0.00363980792463, 0.00091730162967, 0.00139239849523, 0.000469975610031, 0.000174051107024, 0.000168236365425, 0.000212959639612, 0.000147481172462, 8.14852319309e-05, 6.55745534459e-05, 6.27866393188e-05, 4.14994756284e-05, 3.03551769321e-05, 1.9060284103e-05, 1.78537993634e-05, 2.2078598704e-05, 2.56079019891e-05, 2.03615090868e-05, 1.60043509823e-05, 1.13356745715e-05, 6.8038370955e-06, 7.85424617789e-06, 4.44010993306e-06, 2.5385918434e-06, 4.72397732665e-06, 6.04235538049e-06, 3.74690716853e-06, 2.20045649257e-06, 2.12553027268e-06, 1.91702406482e-06, 1.98434236154e-06, 1.84255736713e-06, 1.28196143123e-06, 1.26822465063e-06, 1.60548097483e-06, 1.01979378542e-06, 7.00937732745e-07, 6.97971074715e-07, 6.53797144423e-07],
        "dmean2": [0.00973841641098, 0.00484630651772, 0.00163390522357, 0.00253162835725, 0.000823240436148, 0.000288529408863, 0.000269248412224, 0.00034491441329, 0.000228923847317, 0.00012749862799, 0.000104017271951, 0.000101429628558, 6.40801808913e-05, 4.83666226501e-05, 3.0660576158e-05, 2.81460052065e-05, 3.4211698221e-05, 4.017261017e-05, 3.22054220305e-05, 2.56985495071e-05, 1.76404009835e-05, 1.09143520604e-05, 1.21525681607e-05, 6.87288229528e-06, 4.03100830226e-06, 7.13975487088e-06, 9.21225364436e-06, 5.8929322222e-06, 3.53174505108e-06, 3.44471413882e-06, 3.05509524878e-06, 3.1939573546e-06, 2.7669047995e-06, 2.03327385861e-06, 2.0261904865e-06, 2.52522227129e-06, 1.55403438384e-06, 1.05694277863e-06, 1.05728111066e-06, 9.79103674581e-07],
        "dvar": [0.00028769383789, 7.13480767445e-05, 5.91619391344e-06, 2.15869094973e-05, 1.93140567717e-06, 1.72716823954e-07, 1.90082971585e-07, 2.77167828244e-07, 1.20968223882e-07, 4.70711789546e-08, 3.62955674404e-08, 3.50567397334e-08, 1.11583702278e-08, 8.25168822161e-09, 2.91141977193e-09, 2.43716402615e-09, 2.53628318347e-09, 4.48829107214e-09, 3.40742722926e-09, 3.94449672925e-09, 1.36055422484e-09, 2.95015789575e-10, 4.1108527693e-10, 9.09433015006e-11, 4.85661511007e-11, 8.05047833952e-11, 1.31075622578e-10, 7.60835491831e-11, 4.35577511559e-11, 8.89845211405e-11, 7.22101753392e-11, 6.99148516858e-11, 3.54949819537e-11, 3.4449412073e-11, 2.83721206251e-11, 3.39129245519e-11, 7.35405920188e-12, 5.89105804069e-12, 5.94091009026e-12, 5.59652671428e-12],
        "dvar2": [0.000512888887897, 0.000119875869132, 1.65270448633e-05, 6.24460080871e-05, 5.42998486708e-06, 4.40429005266e-07, 4.7652187618e-07, 7.15342707736e-07, 2.75705986041e-07, 1.20761868061e-07, 8.87389788318e-08, 8.78887007616e-08, 2.27783445439e-08, 2.02863024157e-08, 6.05568262202e-09, 5.73428682316e-09, 5.48612888451e-09, 1.03109396576e-08, 8.52571080401e-09, 9.46547107361e-09, 3.39255645798e-09, 7.29853233405e-10, 9.86470238828e-10, 2.02259320403e-10, 1.08801884169e-10, 1.74293440791e-10, 2.95256680216e-10, 1.75276543279e-10, 9.67882371472e-11, 2.0452037286e-10, 1.61722427117e-10, 1.47139772588e-10, 8.3518449101e-11, 7.44942441067e-11, 6.06718147944e-11, 8.61182722356e-11, 1.55385235928e-11, 1.28036496336e-11, 1.16987764961e-11, 1.05024383287e-11],
        "max": [0.133665919304, 0.0673577785492, 0.0175810251385, 0.0361270643771, 0.0153647800907, 0.00459229387343, 0.00700933020562, 0.00847164448351, 0.00573623552918, 0.0031056702137, 0.00325660058297, 0.00204751593992, 0.0018938225694, 0.00241675344296, 0.000707981351297, 0.00045649940148, 0.000652561255265, 0.00100654002745, 0.000811146979686, 0.00169195036869, 0.000823291426059, 0.000266062095761, 0.000415683869505, 0.000143118799315, 0.000131033593789, 9.84256184893e-05, 0.000124082405819, 0.00014252094843, 8.531272033e-05, 0.000160045645316, 0.000120900360344, 0.000113268673886, 9.23287152546e-05, 8.88480208232e-05, 9.83011123026e-05, 8.14400264062e-05, 3.66593485523e-05, 2.69218671747e-05, 3.32477720804e-05, 3.1872314139e-05],
        "mean": [0.0174072328955, 0.00925033260137, 0.0009436889668, 0.00127344334032, 0.000496184686199, 0.000258350686636, 0.000269532465609, 0.0003890581429, 0.000231264391914, 0.000118130956253, 0.000121680350276, 7.32127082301e-05, 6.09294693277e-05, 3.98606680392e-05, 2.56798066403e-05, 2.13258899748e-05, 3.5660516005e-05, 4.01807810704e-05, 2.89150430035e-05, 2.41386387643e-05, 1.42904427776e-05, 1.00330071291e-05, 1.15048887892e-05, 6.15729686615e-06, 3.26865301759e-06, 7.24883238945e-06, 9.79785636446e-06, 5.47509944226e-06, 2.9753898616e-06, 2.52975701187e-06, 2.40000667873e-06, 2.77737899523e-06, 2.82261157736e-06, 1.63210154369e-06, 1.7572580191e-06, 2.07247330763e-06, 1.49703282659e-06, 9.40504548907e-07, 9.62268359217e-07, 9.0159477395e-07],
        "median": [0.00144600938074, 0.00161166628823, 0.00045769510325, 0.000426684360718, 0.000182935677003, 8.11144054751e-05, 5.08454722876e-05, 8.10448837001e-05, 5.34769351361e-05, 3.07956179313e-05, 1.83076463145e-05, 1.1374544556e-05, 1.33622597787e-05, 7.51459128878e-06, 6.57232931189e-06, 5.3046769608e-06, 5.03254887008e-06, 4.57596524939e-06, 2.86600356958e-06, 2.91852188639e-06, 2.68196822617e-06, 2.89728495773e-06, 2.64767186309e-06, 1.57871818374e-06, 8.73307726579e-07, 1.66046618233e-06, 2.84577799903e-06, 1.91735466615e-06, 7.61666626659e-07, 3.64579562984e-07, 2.78029062883e-07, 3.26713518461e-07, 4.43909925707e-07, 2.15416108063e-07, 1.60230399615e-07, 3.48389988858e-07, 2.22092751301e-07, 8.36753244471e-08, 7.24009510122e-08, 7.61886909117e-08],
