{
"highlevel": {
    "danceability": {
        "all": {
            "danceable": 0.934776246548,
            "not_danceable": 0.0652237609029
        },
        "probability": 0.934776246548,
        "value": "danceable"
    },
    "gender": {
        "all": {
            "female": 0.669915139675,
            "male": 0.330084830523
        },
        "probability": 0.669915139675,
        "value": "female"
    },
    "genre_dortmund": {
        "all": {
            "alternative": 0.0667051374912,
            "blues": 0.0235170796514,
            "electronic": 0.186753243208,
            "folkcountry": 0.114293090999,
            "funksoulrnb": 0.0123131163418,
            "jazz": 0.29976567626,
            "pop": 0.0866086259484,
            "raphiphop": 0.122389256954,
            "rock": 0.08765476197
        },
        "probability": 0.29976567626,
        "value": "jazz"
    },
    "genre_electronic": {
        "all": {
            "ambient": 0.383446127176,
            "dnb": 0.0756924524903,
            "house": 0.452869057655,
            "techno": 0.0546928234398,
            "trance": 0.0332995355129
        },
        "probability": 0.452869057655,
        "value": "house"
    },
    "genre_rosamerica": {
        "all": {
            "cla": 0.0053537148051,
            "dan": 0.00637979106978,
            "hip": 0.0534963794053,
            "jaz": 0.0169172286987,
            "pop": 0.0177505016327,
            "rhy": 0.855911493301,
            "roc": 0.00182197720278,
            "spe": 0.0423689261079
        },
        "probability": 0.855911493301,
        "value": "rhy"
    },
    "genre_tzanetakis": {
        "all": {
            "blu": 0.0530526302755,
            "cla": 0.0397843979299,
            "cou": 0.0636531710625,
            "dis": 0.0530442781746,
            "hip": 0.0636550933123,
            "jaz": 0.318289935589,
            "met": 0.0636698305607,
            "pop": 0.106112591922,
            "reg": 0.0795808658004,
            "roc": 0.159157216549
        },
        "probability": 0.318289935589,
        "value": "jaz"
    },
    "ismir04_rhythm": {
        "all": {
            "ChaChaCha": 0.00962091330439,
            "Jive": 0.0217173807323,
            "Quickstep": 0.0491873882711,
            "Rumba-American": 0.00846354942769,
            "Rumba-International": 0.84128421545,
            "Rumba-Misc": 0.0308954194188,
            "Samba": 0.0253126211464,
            "Tango": 0.000618708902039,
            "VienneseWaltz": 0.00741673912853,
            "Waltz": 0.00548307644203
        },
        "probability": 0.84128421545,
        "value": "Rumba-International"
    },
    "mood_acoustic": {
        "all": {
            "acoustic": 0.791292309761,
            "not_acoustic": 0.208707675338
        },
        "probability": 0.791292309761,
        "value": "acoustic"
    },
    "mood_aggressive": {
        "all": {
            "aggressive": 0.0273363180459,
            "not_aggressive": 0.972663700581
        },
        "probability": 0.972663700581,
        "value": "not_aggressive"
    },
    "mood_electronic": {
        "all": {
            "electronic": 0.868359804153,
            "not_electronic": 0.131640225649
        },
        "probability": 0.868359804153,
        "value": "electronic"
    },
    "mood_happy": {
        "all": {
            "happy": 0.0425873398781,
            "not_happy": 0.957412660122
        },
        "probability": 0.957412660122,
        "value": "not_happy"
    },
    "mood_party": {
        "all": {
            "not_party": 0.538237452507,
            "party": 0.461762577295
        },
        "probability": 0.538237452507,
        "value": "not_party"
    },
    "mood_relaxed": {
        "all": {
            "not_relaxed": 0.0244555398822,
            "relaxed": 0.975544452667
        },
        "probability": 0.975544452667,
        "value": "relaxed"
    },
    "mood_sad": {
        "all": {
            "not_sad": 0.538212299347,
            "sad": 0.461787670851
        },
        "probability": 0.538212299347,
        "value": "not_sad"
    },
    "moods_mirex": {
        "all": {
            "Cluster1": 0.137380316854,
            "Cluster2": 0.135396510363,
            "Cluster3": 0.615580677986,
            "Cluster4": 0.0452972501516,
            "Cluster5": 0.0663452148438
        },
        "probability": 0.615580677986,
        "value": "Cluster3"
    },
    "timbre": {
        "all": {
            "bright": 0.514731585979,
            "dark": 0.485268384218
        },
        "probability": 0.514731585979,
        "value": "bright"
    },
    "tonal_atonal": {
        "all": {
            "atonal": 0.744038462639,
            "tonal": 0.255961537361
        },
        "probability": 0.744038462639,
        "value": "atonal"
    },
    "voice_instrumental": {
        "all": {
            "instrumental": 0.115042038262,
            "voice": 0.884957969189
        },
        "probability": 0.884957969189,
        "value": "voice"
    }
},
"lowlevel": {
    "average_loudness": 0.943796217442,
    "barkbands_crest": {
        "dmean": 2.74902844429,
        "dmean2": 4.3932762146,
        "dvar": 7.05782032013,
        "dvar2": 15.8344364166,
        "max": 25.4876422882,
        "mean": 12.6509046555,
        "median": 12.2300786972,
        "min": 2.4091823101,
        "var": 19.518327713
    },
    "barkbands_flatness_db": {
        "dmean": 0.0470191277564,
        "dmean2": 0.0663118883967,
        "dvar": 0.00302517623641,
        "dvar2": 0.00589899532497,
        "max": 0.581862032413,
        "mean": 0.289025872946,
        "median": 0.284924030304,
        "min": 0.0625293627381,
        "var": 0.0112932072952
    },
    "barkbands_kurtosis": {
        "dmean": 25.2961368561,
        "dmean2": 38.7457923889,
        "dvar": 1814.60839844,
        "dvar2": 4068.24853516,
        "max": 568.774780273,
        "mean": 42.3391151428,
        "median": 19.0345630646,
        "min": -1.91028237343,
        "var": 3916.86669922
    },
    "barkbands_skewness": {
        "dmean": 1.66869771481,
        "dmean2": 2.45884490013,
        "dvar": 3.82711744308,
        "dvar2": 8.12820529938,
        "max": 18.3364391327,
        "mean": 3.49143743515,
        "median": 2.9287853241,
        "min": -3.90169620514,
        "var": 9.3091917038
    },
    "barkbands_spread": {
        "dmean": 9.01512622833,
        "dmean2": 14.0329761505,
        "dvar": 241.803894043,
        "dvar2": 491.785858154,
        "max": 88.3347396851,
        "mean": 13.2827348709,
        "median": 3.53120160103,
        "min": 0.224897831678,
        "var": 411.711242676
    },
    "dissonance": {
        "dmean": 0.031720597297,
        "dmean2": 0.0478833168745,
        "dvar": 0.000931805116124,
        "dvar2": 0.00218104640953,
        "max": 0.499884366989,
        "mean": 0.42594024539,
        "median": 0.433941602707,
        "min": 0.216463148594,
        "var": 0.00275966548361
    },
    "dynamic_complexity": 3.08802890778,
    "erbbands_crest": {
        "dmean": 3.34902763367,
        "dmean2": 5.09943962097,
        "dvar": 12.7977972031,
        "dvar2": 22.4988994598,
        "max": 30.6438713074,
        "mean": 13.7323474884,
        "median": 13.0512809753,
        "min": 2.34597873688,
        "var": 43.6506500244
    },
    "erbbands_flatness_db": {
        "dmean": 0.0334919691086,
        "dmean2": 0.0464566461742,
        "dvar": 0.00139445345849,
        "dvar2": 0.00250304630026,
        "max": 0.444674611092,
        "mean": 0.211521446705,
        "median": 0.209876284003,
        "min": 0.0797447860241,
        "var": 0.00552884116769
    },
    "erbbands_kurtosis": {
        "dmean": 12.7060651779,
        "dmean2": 18.6216468811,
        "dvar": 761.252685547,
        "dvar2": 1413.46813965,
        "max": 389.800292969,
        "mean": 21.0492534637,
        "median": 6.56665992737,
        "min": -1.91414546967,
        "var": 1955.7791748
    },
    "erbbands_skewness": {
        "dmean": 1.28998112679,
        "dmean2": 1.75300395489,
        "dvar": 2.50131034851,
        "dvar2": 4.20499801636,
        "max": 16.276309967,
        "mean": 2.48121523857,
        "median": 2.00819444656,
        "min": -3.8560693264,
        "var": 9.99255084991
    },
    "erbbands_spread": {
        "dmean": 19.646812439,
        "dmean2": 28.1847743988,
        "dvar": 670.613342285,
        "dvar2": 1193.61279297,
        "max": 153.321792603,
        "mean": 38.8591079712,
        "median": 22.1892585754,
        "min": 0.788002192974,
        "var": 1480.99597168
    },
    "hfc": {
        "dmean": 16.007232666,
        "dmean2": 21.7233028412,
        "dvar": 955.422973633,
        "dvar2": 1914.51940918,
        "max": 204.747879028,
        "mean": 19.9994926453,
        "median": 4.68502235413,
        "min": 0.133144333959,
        "var": 1328.00048828
    },
    "melbands_crest": {
        "dmean": 3.66147136688,
        "dmean2": 5.66305923462,
        "dvar": 11.2438287735,
        "dvar2": 25.552116394,
        "max": 33.8378486633,
        "mean": 18.4987239838,
        "median": 17.978635788,
        "min": 3.31085538864,
        "var": 36.7582550049
    },
    "melbands_flatness_db": {
        "dmean": 0.0600141882896,
        "dmean2": 0.0810570791364,
        "dvar": 0.00490305479616,
        "dvar2": 0.00911796651781,
        "max": 0.69722789526,
        "mean": 0.36012789607,
        "median": 0.365473687649,
        "min": 0.0547899119556,
        "var": 0.0182540640235
    },
    "melbands_kurtosis": {
        "dmean": 57.294960022,
        "dmean2": 90.1423110962,
        "dvar": 10352.640625,
        "dvar2": 24884.3339844,
        "max": 1150.54174805,
        "mean": 88.872543335,
        "median": 41.2158813477,
        "min": -1.86939287186,
        "var": 17383.8222656
    },
    "melbands_skewness": {
        "dmean": 2.17728853226,
        "dmean2": 3.20457839966,
        "dvar": 7.39825820923,
        "dvar2": 16.0561466217,
        "max": 28.1728858948,
        "mean": 4.88903427124,
        "median": 3.85352468491,
        "min": -1.42676627636,
        "var": 15.9615163803
    },
    "melbands_spread": {
        "dmean": 11.6692447662,
        "dmean2": 18.1679611206,
        "dvar": 922.139831543,
        "dvar2": 1812.26660156,
        "max": 232.780273438,
        "mean": 14.7879714966,
        "median": 3.00243616104,
        "min": 0.219719648361,
        "var": 1241.54882812
    },
    "pitch_salience": {
        "dmean": 0.0864091217518,
        "dmean2": 0.134612381458,
        "dvar": 0.00792495720088,
        "dvar2": 0.0161875039339,
        "max": 0.847252607346,
        "mean": 0.492948144674,
        "median": 0.514623939991,
        "min": 0.0793794393539,
        "var": 0.0237611494958
    },
    "silence_rate_20dB": {
        "dmean": 0,
        "dmean2": 0,
        "dvar": 0,
        "dvar2": 0,
        "max": 1,
        "mean": 1,
        "median": 1,
        "min": 1,
        "var": 0
    },
    "silence_rate_30dB": {
        "dmean": 0.0201238393784,
        "dmean2": 0.0402788519859,
        "dvar": 0.0197187829763,
        "dvar2": 0.0479512810707,
        "max": 1,
        "mean": 0.982985317707,
        "median": 1,
        "min": 0,
        "var": 0.0167254395783
    },
    "silence_rate_60dB": {
        "dmean": 0.0340557284653,
        "dmean2": 0.0681642144918,
        "dvar": 0.032895822078,
        "dvar2": 0.0743620619178,
        "max": 1,
        "mean": 0.0665119886398,
        "median": 0,
        "min": 0,
        "var": 0.062088418752
    },
    "spectral_centroid": {
        "dmean": 395.281890869,
        "dmean2": 598.714782715,
        "dvar": 520928.0625,
        "dvar2": 932928.4375,
        "max": 4703.19042969,
        "mean": 757.974121094,
        "median": 327.048858643,
        "min": 153.82749939,
        "var": 953632
    },
    "spectral_complexity": {
        "dmean": 3.78715181351,
        "dmean2": 5.6243224144,
        "dvar": 44.745300293,
        "dvar2": 76.4556732178,
        "max": 50,
        "mean": 8.27996921539,
        "median": 5,
        "min": 1,
        "var": 82.1393280029
    },
    "spectral_decrease": {
        "dmean": 3.75357078752e-09,
        "dmean2": 5.68384050936e-09,
        "dvar": 2.92714965847e-17,
        "dvar2": 7.46745702137e-17,
        "max": -1.4874905474e-10,
        "mean": -7.40728767212e-09,
        "median": -5.13295539406e-09,
        "min": -4.48741204195e-08,
        "var": 5.43668957463e-17
    },
    "spectral_energy": {
        "dmean": 0.0151157705113,
        "dmean2": 0.0227577667683,
        "dvar": 0.000436327070929,
        "dvar2": 0.00111288728658,
        "max": 0.172590151429,
        "mean": 0.0297708269209,
        "median": 0.0210623368621,
        "min": 0.000573489814997,
        "var": 0.000826155766845
    },
    "spectral_energyband_high": {
        "dmean": 0.00197701412253,
        "dmean2": 0.00259562092833,
        "dvar": 1.84369655472e-05,
        "dvar2": 3.75414892915e-05,
        "max": 0.0291110742837,
        "mean": 0.00199216022156,
        "median": 2.85220176011e-05,
        "min": 2.55942978811e-07,
        "var": 2.41020097747e-05
    },
    "spectral_energyband_low": {
        "dmean": 0.00708964141086,
        "dmean2": 0.0110937608406,
        "dvar": 0.000161275936989,
        "dvar2": 0.000403239508159,
        "max": 0.117483600974,
        "mean": 0.0113923409954,
        "median": 0.00568787241355,
        "min": 3.64269071724e-05,
        "var": 0.000227311902563
    },
    "spectral_energyband_middle_high": {
        "dmean": 0.000524874485563,
        "dmean2": 0.00073208892718,
        "dvar": 1.50387916165e-06,
        "dvar2": 2.90365824185e-06,
        "max": 0.0106537258253,
        "mean": 0.000623688858468,
        "median": 9.65381768765e-05,
        "min": 2.61056698037e-07,
        "var": 2.2207505026e-06
    },
    "spectral_energyband_middle_low": {
        "dmean": 0.0109483478591,
        "dmean2": 0.0176550354809,
        "dvar": 0.000328081398038,
        "dvar2": 0.000857665028889,
        "max": 0.171046078205,
        "mean": 0.0192610938102,
        "median": 0.0111076254398,
        "min": 0.000309915543767,
        "var": 0.000548257143237
    },
    "spectral_entropy": {
        "dmean": 0.508454561234,
        "dmean2": 0.68032425642,
        "dvar": 0.362740337849,
        "dvar2": 0.62526267767,
        "max": 8.45028495789,
        "mean": 6.53296756744,
        "median": 6.3723783493,
        "min": 3.60144257545,
        "var": 1.30370211601
    },
    "spectral_flux": {
        "dmean": 0.0382390543818,
        "dmean2": 0.0595338977873,
        "dvar": 0.0021643510554,
        "dvar2": 0.00423448998481,
        "max": 0.342530101538,
        "mean": 0.0820448771119,
        "median": 0.0582212358713,
        "min": 0.00604731030762,
        "var": 0.00443884683773
    },
    "spectral_kurtosis": {
        "dmean": 4.80037212372,
        "dmean2": 7.37820053101,
        "dvar": 47.3622207642,
        "dvar2": 106.838729858,
        "max": 87.8324508667,
        "mean": 8.62635231018,
        "median": 5.36160373688,
        "min": -0.215793848038,
        "var": 113.694519043
    },
    "spectral_rms": {
        "dmean": 0.00124683312606,
        "dmean2": 0.00180675520096,
        "dvar": 1.98615634872e-06,
        "dvar2": 4.7243811423e-06,
        "max": 0.0129761565477,
        "mean": 0.00482213450596,
        "median": 0.00453305849805,
        "min": 0.000747998827137,
        "var": 5.79168181503e-06
    },
    "spectral_rolloff": {
        "dmean": 739.73059082,
        "dmean2": 1249.3762207,
        "dvar": 3132248.25,
        "dvar2": 5805561.5,
        "max": 8699.4140625,
        "mean": 1116.82543945,
        "median": 236.865234375,
        "min": 64.599609375,
        "var": 4608333.5
    },
    "spectral_skewness": {
        "dmean": 0.608171522617,
        "dmean2": 0.835921227932,
        "dvar": 0.440822601318,
        "dvar2": 0.847650110722,
        "max": 7.81591176987,
        "mean": 2.15241312981,
        "median": 2.05223059654,
        "min": 0.198454588652,
        "var": 1.66579413414
    },
    "spectral_spread": {
        "dmean": 1176708.875,
        "dmean2": 1696980,
        "dvar": 1.34457943654e+12,
        "dvar2": 2.64152075469e+12,
        "max": 11132244,
        "mean": 5129211,
        "median": 4978605,
        "min": 959063.25,
        "var": 4.23154548736e+12
    },
    "spectral_strongpeak": {
        "dmean": 0.313012331724,
        "dmean2": 0.527698218822,
        "dvar": 0.369473218918,
        "dvar2": 1.03236198425,
        "max": 7.77519702911,
        "mean": 0.661454200745,
        "median": 0.482312321663,
        "min": 0.0393036790192,
        "var": 0.393648743629
    },
    "zerocrossingrate": {
        "dmean": 0.0195996556431,
        "dmean2": 0.0202892012894,
        "dvar": 0.000830228731502,
        "dvar2": 0.00092776119709,
        "max": 0.28564453125,
        "mean": 0.0405922979116,
        "median": 0.017578125,
        "min": 0.00244140625,
        "var": 0.00257135159336
    },
    "barkbands": {
        "dmean": [7.76004453655e-05, 0.00353083549999, 0.00271551683545, 0.00701851211488, 0.00354673946276, 0.000663672748487, 0.000449852959719, 0.000275443395367, 0.000450751278549, 5.25323812326e-05, 8.38559644762e-05, 6.72525929986e-05, 4.01740398956e-05, 3.17993399221e-05, 2.9101889595e-05, 4.57029127574e-05, 4.41994488938e-05, 5.39939210285e-05, 0.000120419885207, 0.000194513049792, 0.000404243532103, 0.000451875996077, 0.000417541101342, 0.000405616330681, 0.000152280699695, 6.30151043879e-05, 1.13255715917e-08],
        "dmean2": [0.000114132759336, 0.00589445699006, 0.00469520501792, 0.0115878796205, 0.00561375636607, 0.000965219223872, 0.000775047345087, 0.000450078048743, 0.00075835629832, 9.26827633521e-05, 0.000134691930725, 0.000117773583042, 6.18140184088e-05, 4.69979277113e-05, 4.44005490863e-05, 7.14628476999e-05, 6.99403972249e-05, 8.6466097855e-05, 0.000168819475221, 0.000292328215437, 0.00055383349536, 0.000651988957543, 0.000599454331677, 0.000623774307314, 0.000211774982745, 9.03324325918e-05, 1.43633629435e-08],
        "dvar": [3.77195235046e-08, 5.09826204507e-05, 5.65543632547e-05, 0.00015814845392, 4.27875165769e-05, 1.49672132466e-06, 2.89581794277e-06, 1.56460953349e-06, 4.86447743242e-06, 3.20893143169e-08, 8.99011780575e-08, 6.67228263751e-08, 1.5822067212e-08, 1.04410924351e-08, 8.24555268508e-09, 1.9955708197e-08, 1.22926913093e-08, 1.36554882957e-08, 5.8084342669e-08, 2.10272901313e-07, 8.31176748761e-07, 1.15099805953e-06, 9.40793654536e-07, 9.97510142042e-07, 1.04268011114e-07, 2.07145820497e-08, 8.05050674019e-14],
        "dvar2": [7.39718970522e-08, 0.000140758100315, 0.000155405941769, 0.000421307981014, 0.000100036784715, 3.08882795252e-06, 7.38562312108e-06, 3.76859111384e-06, 1.33035082399e-05, 8.81796466956e-08, 2.3699449514e-07, 1.83500475259e-07, 3.90247905102e-08, 2.25385718977e-08, 1.73271779147e-08, 4.76140868955e-08, 2.45173161773e-08, 3.09849994551e-08, 1.23019532339e-07, 4.96789823501e-07, 1.77569961579e-06, 2.3460063403e-06, 2.04381808544e-06, 2.32584125115e-06, 2.02219723633e-07, 4.3670425498e-08, 8.51075191767e-14],
        "max": [0.00177372223698, 0.0739831775427, 0.0736635774374, 0.114795036614, 0.08433380723, 0.013431141153, 0.0240057799965, 0.0263660028577, 0.0403287820518, 0.00194110255688, 0.00273489858955, 0.00219007092528, 0.0015738158254, 0.00101848924533, 0.000791551312432, 0.00143338751514, 0.00105528428685, 0.000922861509025, 0.00178864551708, 0.00373885734007, 0.00693789869547, 0.00755957933143, 0.00773886777461, 0.0076473779045, 0.00236912257969, 0.00100743805524, 1.00528041003e-05],
        "mean": [8.6473315605e-05, 0.00497399875894, 0.00284352852032, 0.0102835437283, 0.00625349627808, 0.00121274893172, 0.000520911475178, 0.00041525560664, 0.000556417217012, 5.03853334521e-05, 8.79239742062e-05, 5.7474575442e-05, 4.68373618787e-05, 3.30567017954e-05, 3.48374269379e-05, 4.4716271077e-05, 5.03841401951e-05, 5.48877578694e-05, 0.000112428257125, 0.000173805005034, 0.000421080825618, 0.000432027474744, 0.000410537613789, 0.000393910828279, 0.000156254900503, 6.38859419269e-05, 1.01169215228e-08],
        "median": [7.82762708695e-06, 0.00126264081337, 0.000751370331272, 0.00397519161925, 0.00290991202928, 0.000427971506724, 5.30205579707e-05, 2.5613937396e-05, 3.2878600905e-05, 4.68355574412e-06, 7.81636299507e-06, 4.50882907899e-06, 5.00923124491e-06, 3.01319619211e-06, 4.20599008066e-06, 3.55530073648e-06, 3.20507092511e-06, 3.87165300708e-06, 3.92168249164e-06, 5.46005321667e-06, 5.13994291396e-06, 4.19363186666e-06, 4.66107167085e-06, 4.31727494288e-06, 2.35374182012e-06, 5.92309277181e-07, 3.79749010015e-10],
        "min": [2.97771851621e-09, 1.17780382425e-06, 5.62154809813e-06, 6.1472368543e-05, 2.9763468774e-05, 7.61241778946e-07, 1.43328151125e-07, 3.7016030241e-09, 4.84126116973e-09, 4.2471830497e-09, 1.0164373343e-08, 8.36510771762e-09, 4.63920146743e-09, 6.74192168759e-09, 2.79920220336e-09, 4.94602625523e-09, 1.22640901878e-08, 2.54849954473e-08, 6.87185846004e-08, 9.15194178219e-08, 4.90484026727e-08, 2.18989608669e-08, 3.22356754623e-08, 2.50333354046e-08, 9.4181329402e-09, 2.708552653e-11, 1.05616695945e-11],
        "var": [5.10662268027e-08, 6.78935248288e-05, 4.36323098256e-05, 0.000232474543736, 8.67713606567e-05, 3.45387206835e-06, 2.56188445746e-06, 2.28015392167e-06, 5.44568956684e-06, 2.42926940786e-08, 8.05501940704e-08, 4.69863437047e-08, 1.65486593318e-08, 1.2113266834e-08, 1.13849969452e-08, 2.08775770005e-08, 2.03918286701e-08, 1.78355570313e-08, 7.12643668521e-08, 2.06280901693e-07, 1.05920616988e-06, 1.34605750191e-06, 1.09844495455e-06, 1.02979026906e-06, 1.40242008229e-07, 2.5514070856e-08, 7.9372753758e-14]
    },
    "erbbands": {
        "dmean": [0.0888342261314, 0.860231399536, 2.59830260277, 13.3279161453, 22.9979343414, 6.6215057373, 6.51011037827, 5.09733295441, 5.34767341614, 6.45749235153, 8.26029682159, 10.4712429047, 3.30958342552, 2.78103971481, 2.15386819839, 2.87236094475, 2.10533213615, 1.5897936821, 1.45668530464, 1.62944483757, 2.57296943665, 2.60325551033, 2.93324708939, 3.7752058506, 7.22144842148, 8.4079656601, 17.9528770447, 13.4428806305, 16.8899517059, 13.7738437653, 11.8258218765, 13.4114303589, 4.04313898087, 1.90812468529, 0.994072496891, 0.317487865686, 0.104378044605, 0.011183523573, 0.000211380538531, 2.86361628241e-05],
        "dmean2": [0.14391683042, 1.43587744236, 4.43882703781, 22.3311023712, 36.9014053345, 10.664188385, 9.56053161621, 7.99107933044, 9.10185718536, 11.0218734741, 13.4077587128, 18.3127212524, 5.54929542542, 4.43273735046, 3.48827886581, 5.02067327499, 3.36461758614, 2.34150028229, 2.45905160904, 2.45029568672, 3.95726013184, 4.20036125183, 4.73821401596, 5.77822065353, 10.0566864014, 11.9111022949, 25.3324890137, 18.5509929657, 24.7018108368, 19.4732570648, 16.7940883636, 21.7324733734, 5.49803829193, 2.65614438057, 1.47064673901, 0.447765976191, 0.153022766113, 0.017125884071, 0.000315873476211, 4.24484933319e-05],
        "dvar": [0.0458558313549, 2.96757650375, 47.3012962341, 622.107299805, 2035.04638672, 115.961685181, 166.198654175, 121.715156555, 316.542114258, 637.676879883, 1754.0032959, 2955.81298828, 157.552383423, 84.4421920776, 59.6916313171, 127.057991028, 50.7398910522, 24.7901115417, 21.871837616, 24.6296882629, 61.8355751038, 45.4425926208, 40.7376441956, 57.5059127808, 205.030639648, 325.097106934, 1679.90551758, 872.239868164, 1652.44665527, 1012.95019531, 733.090270996, 1169.63342285, 78.5662918091, 17.1964206696, 4.77472448349, 0.483668088913, 0.060835339129, 0.000853452424053, 2.66327759846e-07, 1.76487768844e-09],
        "dvar2": [0.121425449848, 7.96285486221, 124.945709229, 1765.0032959, 4688.93847656, 289.676330566, 383.937683105, 307.811737061, 788.328063965, 1606.87683105, 4461.04980469, 8414.26367188, 416.062744141, 210.988616943, 160.65184021, 347.174926758, 126.517936707, 47.8769187927, 49.1778640747, 49.4301261902, 141.986038208, 99.0623397827, 96.6049041748, 125.561203003, 403.593322754, 700.989074707, 3831.37402344, 1661.46655273, 3398.10961914, 1962.00097656, 1597.39782715, 2960.72485352, 150.037643433, 32.8984375, 9.86632919312, 0.990044772625, 0.128876134753, 0.00206070323475, 6.11527525507e-07, 3.78486175734e-09],
        "max": [2.18031454086, 16.3022727966, 69.1648635864, 162.527648926, 561.325439453, 123.723213196, 166.4765625, 134.631149292, 234.028442383, 423.830871582, 922.984130859, 995.777282715, 162.793838501, 90.4040298462, 75.7136764526, 94.4384918213, 85.9166717529, 51.52526474, 46.4196624756, 53.702041626, 81.5463638306, 58.3176803589, 47.3215637207, 62.0973625183, 112.664382935, 120.951850891, 350.220458984, 201.826950073, 278.795440674, 273.408630371, 192.430999756, 247.248321533, 62.2474861145, 30.5461559296, 15.7319030762, 4.59269762039, 1.98207509518, 0.266197293997, 0.00442752242088, 0.000288053008262],
        "mean": [0.113863125443, 1.21308386326, 3.24794459343, 17.8458786011, 37.6784439087, 12.6881494522, 12.6772346497, 8.83369541168, 6.30777740479, 8.53506660461, 12.0638237, 11.5588817596, 3.23960900307, 2.76961708069, 2.41992044449, 2.46608138084, 2.42197132111, 1.80871081352, 1.82994580269, 1.87190854549, 2.6920311451, 2.91381239891, 2.95746278763, 3.53320503235, 7.1242017746, 7.96902036667, 17.734254837, 14.1919679642, 16.0144348145, 14.0021181107, 11.7214889526, 11.6904640198, 4.21133041382, 2.00581121445, 0.979536652565, 0.334040611982, 0.103236928582, 0.01007806696, 0.000208147554076, 4.74870248581e-05],
        "median": [0.0199806243181, 0.341789424419, 1.32253742218, 7.73140907288, 15.7664871216, 5.74359798431, 4.33090925217, 2.89659357071, 1.31839632988, 1.00767743587, 0.728497624397, 0.848400712013, 0.380952686071, 0.243375644088, 0.23659466207, 0.228314131498, 0.272576183081, 0.21645219624, 0.262927681208, 0.222827300429, 0.215165391564, 0.192466109991, 0.21600086987, 0.200018316507, 0.240608260036, 0.256882041693, 0.243567064404, 0.174869120121, 0.158033296466, 0.139948651195, 0.131460905075, 0.0950055494905, 0.0588224306703, 0.029136987403, 0.0158923920244, 0.00427535828203, 0.000926627835725, 5.0926257245e-05, 1.32692475745e-05, 2.6284098567e-05],
        "min": [4.53570501122e-05, 0.00116315670311, 0.0169786121696, 0.142417386174, 0.277281850576, 0.123802803457, 0.0232524517924, 0.0104732792825, 0.00700956676155, 0.00196519866586, 0.000452204636531, 0.000246582669206, 0.000192219129531, 0.000595983350649, 0.000355092663085, 0.000417748349719, 0.00027208958636, 0.000251556979492, 0.000282218767097, 0.000194355263375, 0.000297840626445, 0.000697872077581, 0.00133505393751, 0.00179644359741, 0.0032602227293, 0.00362924695946, 0.00293632713147, 0.00108727021143, 0.000839401269332, 0.000772869738284, 0.000779571128078, 0.000565497204661, 0.000506104959641, 7.0326947025e-05, 5.67146707908e-05, 6.21002936896e-06, 1.91268986782e-06, 2.41419854774e-07, 3.43346215459e-07, 6.41618612462e-07],
        "var": [0.0567274168134, 3.84610843658, 40.504989624, 649.997070312, 3995.88330078, 261.506591797, 430.631622314, 205.021118164, 288.685668945, 625.950256348, 2746.12402344, 2343.93994141, 123.234741211, 80.3123703003, 51.521232605, 89.9254608154, 48.5478744507, 31.7318744659, 28.8296394348, 32.4777145386, 73.2905349731, 68.9019165039, 49.8931007385, 71.8401565552, 271.898529053, 380.701782227, 1970.03735352, 1193.26647949, 1888.19030762, 1294.23327637, 872.631652832, 1026.24743652, 106.066062927, 23.2549819946, 5.80095052719, 0.647302389145, 0.070915274322, 0.000805947813205, 2.76332372096e-07, 2.8368078997e-09]
    },
    "gfcc": {
        "mean": [-100.273658752, 101.057540894, -48.3350028992, 66.8042984009, -67.0110931396, 10.6614933014, -42.2688484192, -5.97575330734, -29.1953582764, -9.20635509491, -18.8417854309, -11.3194723129, -10.2450170517],
        "cov": [[10536.9052734, -3401.85595703, -1977.56616211, -349.546325684, -923.667785645, 223.041625977, -234.646697998, 796.590820312, -224.253845215, 638.198791504, -427.069519043, 388.066741943, -492.187255859], [-3401.85595703, 3779.74926758, -220.580718994, -1162.59838867, 467.435699463, -221.571594238, 220.007202148, -203.242156982, 520.74786377, -269.067718506, 520.823181152, -364.242370605, 332.856048584], [-1977.56616211, -220.580718994, 1600.79125977, 894.663574219, 283.732940674, 93.486366272, 126.450172424, -183.016571045, -86.6021118164, -65.1538467407, -60.8780975342, 28.1641235352, 35.0780982971], [-349.546325684, -1162.59838867, 894.663574219, 1032.55078125, 164.363815308, 128.46446228, 49.0230140686, -63.7711143494, -189.454940796, 19.3427581787, -124.606010437, 117.864456177, -33.3615341187], [-923.667785645, 467.435699463, 283.732940674, 164.363815308, 388.448974609, 36.2831306458, 81.4167327881, -73.2502746582, 6.89945316315, -62.5829811096, 79.8187255859, -27.908208847, 67.3561325073], [223.041625977, -221.571594238, 93.486366272, 128.46446228, 36.2831306458, 149.397354126, 44.4501228333, 47.9097213745, -22.1872138977, 44.6675720215, -28.1833972931, 52.7473106384, -7.79416322708], [-234.646697998, 220.007202148, 126.450172424, 49.0230140686, 81.4167327881, 44.4501228333, 144.633834839, 20.9072761536, 64.1715393066, 0.5664960742, 38.3339385986, -15.0022525787, 25.9625396729], [796.590820312, -203.242156982, -183.016571045, -63.7711143494, -73.2502746582, 47.9097213745, 20.9072761536, 173.809844971, 46.857875824, 95.154510498, -6.93848180771, 50.8024864197, -27.5868682861], [-224.253845215, 520.74786377, -86.6021118164, -189.454940796, 6.89945316315, -22.1872138977, 64.1715393066, 46.857875824, 189.904098511, 19.6962566376, 95.6310501099, -56.3515930176, 46.948890686], [638.198791504, -269.067718506, -65.1538467407, 19.3427581787, -62.5829811096, 44.6675720215, 0.5664960742, 95.154510498, 19.6962566376, 143.480438232, 5.34390592575, 69.6575393677, -30.9345970154], [-427.069519043, 520.823181152, -60.8780975342, -124.606010437, 79.8187255859, -28.1833972931, 38.3339385986, -6.93848180771, 95.6310501099, 5.34390592575, 163.924743652, -4.33340644836, 72.6337585449], [388.066741943, -364.242370605, 28.1641235352, 117.864456177, -27.908208847, 52.7473106384, -15.0022525787, 50.8024864197, -56.3515930176, 69.6575393677, -4.33340644836, 133.156448364, 5.7827835083], [-492.187255859, 332.856048584, 35.0780982971, -33.3615341187, 67.3561325073, -7.79416322708, 25.9625396729, -27.5868682861, 46.948890686, -30.9345970154, 72.6337585449, 5.7827835083, 96.5567703247]],
        "icov": [[0.000315780809615, 0.000315680139465, 0.000236268824665, 0.000290017022053, -0.000103429105366, 6.09907692706e-06, -0.000239755681832, -0.000449590646895, 9.93449475573e-07, -0.000386026222259, 5.88132170378e-05, -5.52360143047e-05, 0.000379364093533], [0.000315680139465, 0.00435992330313, -0.00140785099939, 0.00537965307012, -0.00313924090005, 0.000255844410276, -0.00202474766411, 0.00128200417385, -0.00247175898403, 0.00135090725962, -0.00450178887695, 0.00330136879347, -0.00310587044805], [0.000236268824665, -0.00140785099939, 0.00248040724546, -0.00316329207271, 0.000848322582897, -0.000129485313664, -0.000187042314792, 0.000615450670011, -0.000185899858479, -0.0009598757606, 0.00261533027515, -0.00185260118451, 0.00161388784181], [0.000290017022053, 0.00537965307012, -0.00316329207271, 0.00948751531541, -0.00452972576022, 0.000128926563775, -0.00298854103312, 0.00173436524346, -0.00163553422317, 0.00115871347953, -0.00469326274469, 0.00285000097938, -0.0036438901443], [-0.000103429105366, -0.00313924090005, 0.000848322582897, -0.00452972576022, 0.00695644691586, -0.001760901534, 0.000308273971314, -0.00130223645829, 0.00386971235275, -0.000332323543262, 0.00011566287867, 7.76386696089e-06, 0.000896006065886], [6.09907692706e-06, 0.000255844410276, -0.000129485313664, 0.000128926563775, -0.001760901534, 0.0111177442595, -0.00360676646233, -0.00156850344501, 0.00057239481248, -0.00197134586051, 0.00293931853957, -0.00256973179057, -0.0010788688669], [-0.000239755681832, -0.00202474766411, -0.000187042314792, -0.00298854103312, 0.000308273971314, -0.00360676646233, 0.0128993606195, -0.00276007759385, -0.0025436617434, 0.0011946761515, 0.000424609461334, 9.96381422738e-05, 0.00132406491321], [-0.000449590646895, 0.00128200417385, 0.000615450670011, 0.00173436524346, -0.00130223645829, -0.00156850344501, -0.00276007759385, 0.0159884039313, -0.00758342957124, -0.00253586773761, 0.00161209900398, -0.00481516635045, 0.00170701101888], [9.93449475573e-07, -0.00247175898403, -0.000185899858479, -0.00163553422317, 0.00386971235275, 0.00057239481248, -0.0025436617434, -0.00758342957124, 0.0197759270668, -0.00659280596301, -0.00344324647449, 0.00987318065017, -0.005836637225], [-0.000386026222259, 0.00135090725962, -0.0009598757606, 0.00115871347953, -0.000332323543262, -0.00197134586051, 0.0011946761515, -0.00253586773761, -0.00659280596301, 0.0189383290708, -0.00535886222497, -0.00735999085009, 0.00689633470029], [5.88132170378e-05, -0.00450178887695, 0.00261533027515, -0.00469326274469, 0.00011566287867, 0.00293931853957, 0.000424609461334, 0.00161209900398, -0.00344324647449, -0.00535886222497, 0.0210570953786, -0.00849003437907, -0.00162423006259], [-5.52360143047e-05, 0.00330136879347, -0.00185260118451, 0.00285000097938, 7.76386696089e-06, -0.00256973179057, 9.96381422738e-05, -0.00481516635045, 0.00987318065017, -0.00735999085009, -0.00849003437907, 0.0257961861789, -0.0139368670061], [0.000379364093533, -0.00310587044805, 0.00161388784181, -0.0036438901443, 0.000896006065886, -0.0010788688669, 0.00132406491321, 0.00170701101888, -0.005836637225, 0.00689633470029, -0.00162423006259, -0.0139368670061, 0.0276752151549]]
    },
    "melbands": {
        "dmean": [0.000894667580724, 0.00118702230975, 0.00274876062758, 0.000989212305285, 0.000218614615733, 0.00011428171274, 8.76354170032e-05, 6.46266125841e-05, 7.88976904005e-05, 6.27159461146e-05, 1.4420138541e-05, 1.05762537714e-05, 9.03518957784e-06, 5.85946327192e-06, 7.06595028532e-06, 4.01059060096e-06, 3.17797866956e-06, 2.41347402152e-06, 2.14370720641e-06, 2.60221941062e-06, 3.10902282763e-06, 2.67410086963e-06, 2.52970357906e-06, 2.73319210464e-06, 2.94448636851e-06, 4.85159353047e-06, 5.13632767252e-06, 5.67057622902e-06, 1.28707479234e-05, 7.88696343079e-06, 8.38386495161e-06, 9.25535368879e-06, 8.99457154446e-06, 7.52936693971e-06, 6.97509221936e-06, 6.92142430125e-06, 8.45306021802e-06, 2.88340947918e-06, 1.82231349299e-06, 1.57302326897e-06],
        "dmean2": [0.00150062947068, 0.00190684257541, 0.00449392618611, 0.00159794453066, 0.000320865336107, 0.000172209271113, 0.000149401865201, 0.000111578934593, 0.000130842672661, 0.000107974243292, 2.44328548433e-05, 1.69676422956e-05, 1.45719750435e-05, 9.87307157629e-06, 1.18774942166e-05, 6.21913113719e-06, 4.75935939903e-06, 4.13806765209e-06, 3.12454790219e-06, 3.99517966798e-06, 4.79519349028e-06, 4.21437880505e-06, 4.34170806329e-06, 4.33178229287e-06, 4.6055911298e-06, 7.00785813024e-06, 7.35288267606e-06, 8.63720742927e-06, 1.80404840648e-05, 1.12288980745e-05, 1.19683090816e-05, 1.34090078063e-05, 1.33463718157e-05, 1.07135547296e-05, 1.02496660475e-05, 1.1053635717e-05, 1.37995430123e-05, 4.09018866776e-06, 2.49456456913e-06, 2.24535097004e-06],
        "dvar": [3.8032953853e-06, 7.80683876656e-06, 2.44681214099e-05, 3.31314072355e-06, 1.50527540654e-07, 5.31148458549e-08, 9.42182651897e-08, 6.22731732847e-08, 1.75002298874e-07, 9.33922237323e-08, 3.27712723625e-09, 1.19376453167e-09, 1.12580555989e-09, 4.36199576459e-10, 7.16381620691e-10, 1.61052685077e-10, 1.1112739895e-10, 5.80579959109e-11, 4.15633256978e-11, 5.62516387637e-11, 8.89437967722e-11, 4.9936273866e-11, 3.41368495971e-11, 3.6921538743e-11, 3.63473313947e-11, 1.02044407646e-10, 1.11913957268e-10, 1.74937384023e-10, 9.21476783766e-10, 3.13521403283e-10, 3.51502327245e-10, 4.86610141071e-10, 4.84352224994e-10, 3.15732912037e-10, 2.82437712107e-10, 3.12190467922e-10, 4.55540383193e-10, 4.38125820346e-11, 1.48898636476e-11, 1.25278971225e-11],
        "dvar2": [1.06111074274e-05, 1.95547945623e-05, 6.55931144138e-05, 7.74317686592e-06, 3.43185774909e-07, 1.28181625314e-07, 2.37276992721e-07, 1.49791659965e-07, 4.65957839424e-07, 2.62419405317e-07, 8.76635919411e-09, 3.00818392418e-09, 3.04139713414e-09, 1.16693066321e-09, 1.89533189143e-09, 3.97307714506e-10, 2.37933894809e-10, 1.35529532042e-10, 8.23119419846e-11, 1.28269284083e-10, 1.96937174901e-10, 9.7040764313e-11, 8.83339373869e-11, 8.19594114798e-11, 8.19518272688e-11, 2.14222126149e-10, 2.25858776126e-10, 4.10357664515e-10, 2.14156958833e-09, 7.28379245807e-10, 6.41877828667e-10, 1.02657016221e-09, 9.70297064917e-10, 6.3640853698e-10, 6.30588192774e-10, 7.43896055866e-10, 1.1668465083e-09, 8.88959184042e-11, 2.59194055108e-11, 2.64941801137e-11],
        "max": [0.0212403964251, 0.0283013321459, 0.0413281098008, 0.0228874273598, 0.00610699923709, 0.00283098500222, 0.00429944973439, 0.00414538942277, 0.00891888514161, 0.00537909800187, 0.000788819976151, 0.000343389809132, 0.000323906831909, 0.000197349872906, 0.000242432695813, 0.000162665484822, 0.000111461093184, 7.42443880881e-05, 6.27186091151e-05, 7.14185880497e-05, 9.69694228843e-05, 7.03907862771e-05, 4.26208971476e-05, 4.88835794386e-05, 5.14904750162e-05, 7.90680278442e-05, 7.82077477197e-05, 9.72124908003e-05, 0.000281866348814, 0.000140388539876, 0.000125901584397, 0.0001494314929, 0.000148423496285, 0.00017135264352, 0.00013077307085, 0.000137426599395, 0.000157343776664, 5.2318428061e-05, 3.05449248117e-05, 2.61790701188e-05],
        "mean": [0.0012234961614, 0.00167364720255, 0.00413406360894, 0.00173110829201, 0.000443697121227, 0.000199310830794, 0.000101525285572, 9.00672603166e-05, 0.000110946806672, 6.79370423313e-05, 1.38805353345e-05, 1.04066330096e-05, 9.47763965087e-06, 5.60348917134e-06, 6.65729021421e-06, 4.75217711937e-06, 3.24729239765e-06, 2.904919711e-06, 2.54454653259e-06, 2.63565561909e-06, 3.26790291183e-06, 3.13475698022e-06, 2.41216866925e-06, 2.76148330158e-06, 2.67773179985e-06, 4.51469850304e-06, 5.28837790625e-06, 5.05101616e-06, 1.20570357467e-05, 7.93718572822e-06, 8.9388267952e-06, 8.75023397384e-06, 8.49976549944e-06, 7.62216086514e-06, 6.82378731653e-06, 6.53448751109e-06, 7.23893981558e-06, 2.95637005365e-06, 1.92077368411e-06, 1.57414569912e-06],
        "median": [0.000278887280729, 0.000686259998474, 0.00175480393227, 0.00082629872486, 0.000168569094967, 6.7018365371e-05, 1.80058013939e-05, 1.01954492493e-05, 4.25738880949e-06, 5.0073026614e-06, 1.43326485613e-06, 8.03840578101e-07, 8.82331619323e-07, 5.62687716865e-07, 4.1959799546e-07, 4.79242203255e-07, 3.33883605208e-07, 3.32949753101e-07, 3.36164163173e-07, 2.57753640653e-07, 2.30772329246e-07, 2.0691048519e-07, 1.86020486126e-07, 1.77799904577e-07, 1.5408369336e-07, 1.58592158073e-07, 1.51972855633e-07, 1.51993816644e-07, 1.54273806174e-07, 1.0912602022e-07, 9.43621927263e-08, 8.95690206448e-08, 7.62891545492e-08, 7.44016119825e-08, 8.35455225001e-08, 5.30154942169e-08, 5.96868972025e-08, 4.29700790505e-08, 2.50799967461e-08, 2.31685746144e-08],
        "min": [2.66663505499e-07, 3.63928506886e-06, 4.80679736938e-05, 1.39711482916e-05, 1.30122759856e-06, 1.33417472625e-07, 3.25919131683e-08, 9.66892166332e-09, 9.25707177579e-10, 6.41735609097e-10, 6.777446937e-10, 2.1104831216e-09, 1.14349840707e-09, 9.52036116608e-10, 7.25539461843e-10, 4.60599031138e-10, 5.23687759824e-10, 4.09624806297e-10, 1.63915742091e-10, 3.58347185259e-10, 3.36357136588e-10, 6.36485586458e-10, 8.82218464948e-10, 1.12534903618e-09, 1.09450870589e-09, 2.80388157137e-09, 1.01119401741e-09, 2.27774199502e-09, 1.58025115216e-09, 7.11107617235e-10, 5.13738440677e-10, 4.22297113944e-10, 5.38407596284e-10, 2.81738049557e-10, 4.58346360865e-10, 4.3279466122e-10, 2.70764632937e-10, 2.87995460813e-10, 8.22416440505e-11, 1.16040770742e-11],
