{
"highlevel": {
    "danceability": {
        "all": {
            "danceable": 0.994777739048,
            "not_danceable": 0.00522223906592
        },
        "probability": 0.994777739048,
        "value": "danceable"
    },
    "gender": {
        "all": {
            "female": 0.911464869976,
            "male": 0.0885351449251
        },
        "probability": 0.911464869976,
        "value": "female"
    },
    "genre_dortmund": {
        "all": {
            "alternative": 0.152725279331,
            "blues": 0.0202384609729,
            "electronic": 0.0162164997309,
            "folkcountry": 0.228199526668,
            "funksoulrnb": 0.0237493943423,
            "jazz": 0.1079281196,
            "pop": 0.172505989671,
            "raphiphop": 0.0373306423426,
            "rock": 0.241106107831
        },
        "probability": 0.241106107831,
        "value": "rock"
    },
    "genre_electronic": {
        "all": {
            "ambient": 0.498094260693,
            "dnb": 0.257702499628,
            "house": 0.136620715261,
            "techno": 0.0297155827284,
            "trance": 0.0778669565916
        },
        "probability": 0.498094260693,
        "value": "ambient"
    },
    "genre_rosamerica": {
        "all": {
            "cla": 0.0010906343814,
            "dan": 0.0143841104582,
            "hip": 0.0178670808673,
            "jaz": 0.0138118695468,
            "pop": 0.650707662106,
            "rhy": 0.297057986259,
            "roc": 0.00321139022708,
            "spe": 0.00186923751608
        },
        "probability": 0.650707662106,
        "value": "pop"
    },
    "genre_tzanetakis": {
        "all": {
            "blu": 0.0790551155806,
            "cla": 0.035117097199,
            "cou": 0.0632127597928,
            "dis": 0.0632339939475,
            "hip": 0.158143803477,
            "jaz": 0.316540271044,
            "met": 0.0632839202881,
            "pop": 0.0632658004761,
            "reg": 0.0527152828872,
            "roc": 0.105431981385
        },
        "probability": 0.316540271044,
        "value": "jaz"
    },
    "ismir04_rhythm": {
        "all": {
            "ChaChaCha": 0.109963223338,
            "Jive": 0.0273469798267,
            "Quickstep": 0.0968257337809,
            "Rumba-American": 0.0468338802457,
            "Rumba-International": 0.485740542412,
            "Rumba-Misc": 0.0236510820687,
            "Samba": 0.127744823694,
            "Tango": 0.0158524625003,
            "VienneseWaltz": 0.0509879998863,
            "Waltz": 0.0150532731786
        },
        "probability": 0.485740542412,
        "value": "Rumba-International"
    },
    "mood_acoustic": {
        "all": {
            "acoustic": 0.255313485861,
            "not_acoustic": 0.744686543941
        },
        "probability": 0.744686543941,
        "value": "not_acoustic"
    },
    "mood_aggressive": {
        "all": {
            "aggressive": 0.0111813889816,
            "not_aggressive": 0.988818585873
        },
        "probability": 0.988818585873,
        "value": "not_aggressive"
    },
    "mood_electronic": {
        "all": {
            "electronic": 0.474339365959,
            "not_electronic": 0.525660634041
        },
        "probability": 0.525660634041,
        "value": "not_electronic"
    },
    "mood_happy": {
        "all": {
            "happy": 0.290732145309,
            "not_happy": 0.709267854691
        },
        "probability": 0.709267854691,
        "value": "not_happy"
    },
    "mood_party": {
        "all": {
            "not_party": 0.914919435978,
            "party": 0.0850805416703
        },
        "probability": 0.914919435978,
        "value": "not_party"
    },
    "mood_relaxed": {
        "all": {
            "not_relaxed": 0.173027768731,
            "relaxed": 0.82697224617
        },
        "probability": 0.82697224617,
        "value": "relaxed"
    },
    "mood_sad": {
        "all": {
            "not_sad": 0.46536514163,
            "sad": 0.534634888172
        },
        "probability": 0.534634888172,
        "value": "sad"
    },
    "moods_mirex": {
        "all": {
            "Cluster1": 0.0614652968943,
            "Cluster2": 0.0676295310259,
            "Cluster3": 0.667571663857,
            "Cluster4": 0.15690203011,
            "Cluster5": 0.0464314855635
        },
        "probability": 0.667571663857,
        "value": "Cluster3"
    },
    "timbre": {
        "all": {
            "bright": 0.570692121983,
            "dark": 0.429307878017
        },
        "probability": 0.570692121983,
        "value": "bright"
    },
    "tonal_atonal": {
        "all": {
            "atonal": 0.0735428929329,
            "tonal": 0.926457107067
        },
        "probability": 0.926457107067,
        "value": "tonal"
    },
    "voice_instrumental": {
        "all": {
            "instrumental": 0.00998954568058,
            "voice": 0.99001044035
        },
        "probability": 0.99001044035,
        "value": "voice"
    }
},
"lowlevel": {
    "average_loudness": 0.946951389313,
    "barkbands_crest": {
        "dmean": 2.87682199478,
        "dmean2": 4.57656621933,
        "dvar": 7.19878196716,
        "dvar2": 16.5367546082,
        "max": 25.8444881439,
        "mean": 10.9520988464,
        "median": 10.0880746841,
        "min": 3.00556945801,
        "var": 20.3120803833
    },
    "barkbands_flatness_db": {
        "dmean": 0.03323527053,
        "dmean2": 0.0462538376451,
        "dvar": 0.00101716595236,
        "dvar2": 0.00183435133658,
        "max": 0.413190275431,
        "mean": 0.172839224339,
        "median": 0.166302353144,
        "min": 0.0599552281201,
        "var": 0.00342731853016
    },
    "barkbands_kurtosis": {
        "dmean": 5.18622255325,
        "dmean2": 7.8386516571,
        "dvar": 78.1354827881,
        "dvar2": 171.337020874,
        "max": 173.510650635,
        "mean": 7.03505563736,
        "median": 3.57227134705,
        "min": -1.93439769745,
        "var": 130.117660522
    },
    "barkbands_skewness": {
        "dmean": 0.809579849243,
        "dmean2": 1.17827272415,
        "dvar": 0.708749115467,
        "dvar2": 1.39149105549,
        "max": 12.3587141037,
        "mean": 1.77146911621,
        "median": 1.74386012554,
        "min": -4.42313718796,
        "var": 2.49137210846
    },
    "barkbands_spread": {
        "dmean": 12.134598732,
        "dmean2": 17.8208179474,
        "dvar": 218.897399902,
        "dvar2": 446.12097168,
        "max": 108.269271851,
        "mean": 26.6923828125,
        "median": 19.7513027191,
        "min": 0.944981098175,
        "var": 488.602050781
    },
    "dissonance": {
        "dmean": 0.0295362472534,
        "dmean2": 0.0482717975974,
        "dvar": 0.000735956418794,
        "dvar2": 0.00192395132035,
        "max": 0.499857544899,
        "mean": 0.433534175158,
        "median": 0.440533339977,
        "min": 0.254061698914,
        "var": 0.00172285677399
    },
    "dynamic_complexity": 2.6357319355,
    "erbbands_crest": {
        "dmean": 3.36961984634,
        "dmean2": 5.37251281738,
        "dvar": 10.3057899475,
        "dvar2": 23.3621807098,
        "max": 29.6808013916,
        "mean": 10.8224925995,
        "median": 9.64674663544,
        "min": 2.63502955437,
        "var": 24.5884304047
    },
    "erbbands_flatness_db": {
        "dmean": 0.0284931696951,
        "dmean2": 0.0396223478019,
        "dvar": 0.000847059534863,
        "dvar2": 0.00159068312496,
        "max": 0.341581434011,
        "mean": 0.156291604042,
        "median": 0.149598971009,
        "min": 0.0555086620152,
        "var": 0.00283466698602
    },
    "erbbands_kurtosis": {
        "dmean": 2.20418667793,
        "dmean2": 3.41179394722,
        "dvar": 11.5486516953,
        "dvar2": 26.4625072479,
        "max": 39.8695144653,
        "mean": 2.05757689476,
        "median": 0.537103176117,
        "min": -1.77496993542,
        "var": 18.8092384338
    },
    "erbbands_skewness": {
        "dmean": 0.630551874638,
        "dmean2": 0.904291272163,
        "dvar": 0.416196972132,
        "dvar2": 0.776588141918,
        "max": 5.63467025757,
        "mean": 0.68807888031,
        "median": 0.734498858452,
        "min": -4.2707400322,
        "var": 1.60085427761
    },
    "erbbands_spread": {
        "dmean": 15.245759964,
        "dmean2": 22.8827419281,
        "dvar": 296.255371094,
        "dvar2": 675.621826172,
        "max": 156.878967285,
        "mean": 45.9514884949,
        "median": 41.4363327026,
        "min": 2.67463994026,
        "var": 705.221984863
    },
    "hfc": {
        "dmean": 21.6913585663,
        "dmean2": 31.4912490845,
        "dvar": 1464.08215332,
        "dvar2": 2536.36669922,
        "max": 514.068725586,
        "mean": 39.5183372498,
        "median": 23.5889949799,
        "min": 0.0170870628208,
        "var": 3632.38671875
    },
    "melbands_crest": {
        "dmean": 3.2595448494,
        "dmean2": 5.36559057236,
        "dvar": 9.51009559631,
        "dvar2": 22.2875232697,
        "max": 30.8427848816,
        "mean": 14.6798505783,
        "median": 13.8786611557,
        "min": 3.2233440876,
        "var": 25.1914215088
    },
    "melbands_flatness_db": {
        "dmean": 0.039351772517,
        "dmean2": 0.0529383011162,
        "dvar": 0.00151036423631,
        "dvar2": 0.00266211805865,
        "max": 0.530891537666,
        "mean": 0.215516924858,
        "median": 0.209557831287,
        "min": 0.050522506237,
        "var": 0.00607513217255
    },
    "melbands_kurtosis": {
        "dmean": 10.6102552414,
        "dmean2": 16.4613876343,
        "dvar": 269.423217773,
        "dvar2": 636.566772461,
        "max": 304.320800781,
        "mean": 19.0333347321,
        "median": 12.882484436,
        "min": -1.91781842709,
        "var": 489.016143799
    },
    "melbands_skewness": {
        "dmean": 0.958932101727,
        "dmean2": 1.46795153618,
        "dvar": 0.979075551033,
        "dvar2": 2.3091750145,
        "max": 13.6414241791,
        "mean": 3.01666378975,
        "median": 2.74805808067,
        "min": -2.11108851433,
        "var": 3.05397725105
    },
    "melbands_spread": {
        "dmean": 12.7759284973,
        "dmean2": 18.8762722015,
        "dvar": 565.308898926,
        "dvar2": 1011.8550415,
        "max": 260.557922363,
        "mean": 27.4185009003,
        "median": 15.8257694244,
        "min": 0.830269634724,
        "var": 1451.10595703
    },
    "pitch_salience": {
        "dmean": 0.0714843943715,
        "dmean2": 0.113944850862,
        "dvar": 0.00437707221135,
        "dvar2": 0.0102312862873,
        "max": 0.867244243622,
        "mean": 0.507452964783,
        "median": 0.502861738205,
        "min": 0.0541686974466,
        "var": 0.0125597156584
    },
    "silence_rate_20dB": {
        "dmean": 0,
        "dmean2": 0,
        "dvar": 0,
        "dvar2": 0,
        "max": 1,
        "mean": 1,
        "median": 1,
        "min": 1,
        "var": 0
    },
    "silence_rate_30dB": {
        "dmean": 0.00154798757285,
        "dmean2": 0.00309837330133,
        "dvar": 0.0015455899993,
        "dvar2": 0.00463795335963,
        "max": 1,
        "mean": 0.999226629734,
        "median": 1,
        "min": 0,
        "var": 0.000772796862293
    },
    "silence_rate_60dB": {
        "dmean": 0.0239938087761,
        "dmean2": 0.0480247884989,
        "dvar": 0.023418309167,
        "dvar2": 0.0503659360111,
        "max": 1,
        "mean": 0.041763342917,
        "median": 0,
        "min": 0,
        "var": 0.0400188937783
    },
    "spectral_centroid": {
        "dmean": 379.217285156,
        "dmean2": 535.136413574,
        "dvar": 282006.0625,
        "dvar2": 461144.34375,
        "max": 6528.38769531,
        "mean": 1214.17773438,
        "median": 917.375915527,
        "min": 174.407104492,
        "var": 1001893.4375
    },
    "spectral_complexity": {
        "dmean": 3.97291016579,
        "dmean2": 5.93415975571,
        "dvar": 22.3173503876,
        "dvar2": 47.8943481445,
        "max": 39,
        "mean": 13.0982208252,
        "median": 12,
        "min": 0,
        "var": 46.498374939
    },
    "spectral_decrease": {
        "dmean": 2.11279482798e-09,
        "dmean2": 3.21250337443e-09,
        "dvar": 6.30945081679e-18,
        "dvar2": 1.45850818255e-17,
        "max": -3.03961001334e-12,
        "mean": -6.67064758986e-09,
        "median": -5.9065223823e-09,
        "min": -3.3183784609e-08,
        "var": 2.16360305782e-17
    },
    "spectral_energy": {
        "dmean": 0.00913307536393,
        "dmean2": 0.0137837566435,
        "dvar": 0.000104477338027,
        "dvar2": 0.000247655145358,
        "max": 0.130979686975,
        "mean": 0.0287609621882,
        "median": 0.0264497250319,
        "min": 1.30220314531e-05,
        "var": 0.000352137314621
    },
    "spectral_energyband_high": {
        "dmean": 0.00189943285659,
        "dmean2": 0.00273045385256,
        "dvar": 1.71967603819e-05,
        "dvar2": 2.85685146082e-05,
        "max": 0.0572163499892,
        "mean": 0.00289727444761,
        "median": 0.000701177166775,
        "min": 2.16523503127e-07,
        "var": 4.35240872321e-05
    },
    "spectral_energyband_low": {
        "dmean": 0.00187111948617,
        "dmean2": 0.00296763400547,
        "dvar": 7.13108738637e-06,
        "dvar2": 1.65061846928e-05,
        "max": 0.0242796950042,
        "mean": 0.00591516215354,
        "median": 0.00520765595138,
        "min": 8.49761704558e-07,
        "var": 2.51739820669e-05
    },
    "spectral_energyband_middle_high": {
        "dmean": 0.00211422960274,
        "dmean2": 0.00319243548438,
        "dvar": 7.53279800847e-06,
        "dvar2": 1.66382942552e-05,
        "max": 0.0270935706794,
        "mean": 0.00392516469583,
        "median": 0.00231975875795,
        "min": 2.98420991385e-06,
        "var": 1.8860126147e-05
    },
    "spectral_energyband_middle_low": {
        "dmean": 0.0067312461324,
        "dmean2": 0.0104978950694,
        "dvar": 8.87613568921e-05,
        "dvar2": 0.000208413897781,
        "max": 0.12639336288,
        "mean": 0.0173008758575,
        "median": 0.0124131534249,
        "min": 7.09891401129e-06,
        "var": 0.000260021275608
    },
    "spectral_entropy": {
        "dmean": 0.345689862967,
        "dmean2": 0.465278178453,
        "dvar": 0.124433130026,
        "dvar2": 0.229055345058,
        "max": 8.8490524292,
        "mean": 7.37945699692,
        "median": 7.35668468475,
        "min": 5.30673885345,
        "var": 0.423390835524
    },
    "spectral_flux": {
        "dmean": 0.0302716270089,
        "dmean2": 0.0469400733709,
        "dvar": 0.000804324808996,
        "dvar2": 0.00188408058602,
        "max": 0.271604210138,
        "mean": 0.0892903059721,
        "median": 0.0843936577439,
        "min": 0.00332878343761,
        "var": 0.00202959566377
    },
    "spectral_kurtosis": {
        "dmean": 1.99594867229,
        "dmean2": 3.01231908798,
        "dvar": 9.00444412231,
        "dvar2": 20.7944355011,
        "max": 43.7207870483,
        "mean": 3.88909626007,
        "median": 3.06495857239,
        "min": -1.4785169363,
        "var": 19.8846607208
    },
    "spectral_rms": {
        "dmean": 0.000861168082338,
        "dmean2": 0.00126071076375,
        "dvar": 7.33083368232e-07,
        "dvar2": 1.62326261943e-06,
        "max": 0.0113042052835,
        "mean": 0.00496496865526,
        "median": 0.00507982354611,
        "min": 0.000112713889393,
        "var": 3.40854307979e-06
    },
    "spectral_rolloff": {
        "dmean": 1392.05859375,
        "dmean2": 2377.26098633,
        "dvar": 6153740.5,
        "dvar2": 13314671,
        "max": 14125.78125,
        "mean": 2397.92797852,
        "median": 925.927734375,
        "min": 150.732421875,
        "var": 10275872
    },
    "spectral_skewness": {
        "dmean": 0.336636096239,
        "dmean2": 0.482552558184,
        "dvar": 0.134038031101,
        "dvar2": 0.265352904797,
        "max": 5.08083343506,
        "mean": 1.58369243145,
        "median": 1.5846786499,
        "min": -0.416962713003,
        "var": 0.481318414211
    },
    "spectral_spread": {
        "dmean": 1467815.875,
        "dmean2": 2080249.5,
        "dvar": 2.86610030592e+12,
        "dvar2": 5.81841138483e+12,
        "max": 17501814,
        "mean": 6950467.5,
        "median": 6337149.5,
        "min": 1034150.5625,
        "var": 9.51026031002e+12
    },
    "spectral_strongpeak": {
        "dmean": 0.730723321438,
        "dmean2": 1.19462156296,
        "dvar": 1.90454852581,
        "dvar2": 5.05187940598,
        "max": 16.8995323181,
        "mean": 1.37732470036,
        "median": 0.864686965942,
        "min": 0.00962559785694,
        "var": 2.61975860596
    },
    "zerocrossingrate": {
        "dmean": 0.0296914298087,
        "dmean2": 0.0315922871232,
        "dvar": 0.00106094498187,
        "dvar2": 0.00108784472104,
        "max": 0.47021484375,
        "mean": 0.0946230888367,
        "median": 0.068359375,
        "min": 0.00634765625,
        "var": 0.00640298845246
    },
    "barkbands": {
        "dmean": [1.22072224258e-05, 0.000602550571784, 0.00110093283001, 0.000916559423786, 0.00100383255631, 0.00437062978745, 0.00114385073539, 0.000845955044497, 0.00157772644889, 0.000374531868147, 0.000423001882154, 0.000373116752598, 0.000293602963211, 0.000292915152386, 0.000380607554689, 0.000358500779839, 0.00026039063232, 0.000181092720595, 0.000152853564941, 0.000120024640637, 0.000120964446978, 0.000238500215346, 0.000227720141993, 0.000444619654445, 0.000675269344356, 0.000421652075602, 8.67958949158e-09],
        "dmean2": [2.09046993405e-05, 0.000941484468058, 0.00179381889757, 0.00143255246803, 0.00156454276294, 0.00707019586116, 0.00183975405525, 0.0012796955416, 0.00250722980127, 0.000556754879653, 0.000652320508379, 0.000575367012061, 0.000484716176288, 0.000467347592348, 0.000615210854448, 0.000596030731685, 0.000429662730312, 0.000297353341011, 0.000251372141065, 0.000191523111425, 0.000190952938283, 0.000338061974617, 0.000352168251993, 0.000652399729006, 0.000993415829726, 0.000667399726808, 1.65681086628e-08],
        "dvar": [4.11361833486e-10, 7.15358453363e-07, 3.12431075145e-06, 2.3313255042e-06, 4.06876051784e-06, 7.13881236152e-05, 1.50406804096e-05, 5.67131974094e-06, 1.24663638417e-05, 7.70595079302e-07, 1.11727922558e-06, 9.46601346641e-07, 5.46754165498e-07, 4.78459071473e-07, 5.29993826603e-07, 4.82958398607e-07, 2.82004435803e-07, 1.04656606936e-07, 1.08021374956e-07, 6.32550722912e-08, 1.72945917143e-07, 5.19259629073e-07, 5.32810418008e-07, 1.92401716959e-06, 3.17157696372e-06, 4.62715661342e-07, 1.00167770061e-14],
        "dvar2": [1.09507058976e-09, 1.75251966539e-06, 8.07223204902e-06, 5.95568508288e-06, 8.56099813973e-06, 0.00017120258417, 3.39872203767e-05, 1.29002528411e-05, 3.03445667669e-05, 1.5562968656e-06, 2.41364227804e-06, 1.96955875253e-06, 1.47353102875e-06, 1.19226513107e-06, 1.21595485325e-06, 1.11684948934e-06, 7.36199524454e-07, 2.62275221985e-07, 2.43349830953e-07, 1.56738920509e-07, 4.0842587623e-07, 8.25644690394e-07, 1.13972123472e-06, 3.72332056031e-06, 5.1003767112e-06, 1.05990795873e-06, 2.98924838875e-14],
        "max": [0.000192891908227, 0.00981410965323, 0.0160777214915, 0.0161046199501, 0.0459800064564, 0.120210744441, 0.062994427979, 0.0360443554819, 0.0529103763402, 0.0189753677696, 0.0189350824803, 0.0170385818928, 0.0109783774242, 0.0119933178648, 0.0107264053077, 0.00919582694769, 0.00596639979631, 0.00324972486123, 0.00355889718048, 0.00321250013076, 0.0109375910833, 0.0211919303983, 0.0164081472903, 0.0203806702048, 0.0249205753207, 0.00784496031702, 2.44328316512e-06],
        "mean": [1.86513516383e-05, 0.00176403543446, 0.0029028840363, 0.00231087720022, 0.00227747694589, 0.00779799511656, 0.0015260190703, 0.00120806752238, 0.00207599042915, 0.000669069180731, 0.000604788714554, 0.00047062250087, 0.000335637159878, 0.000347633875208, 0.000411427987274, 0.000385805527912, 0.000299164006719, 0.000233019178268, 0.000173419961357, 0.00014847474813, 0.000162509066286, 0.000366028572898, 0.000325065426296, 0.000602833752055, 0.000909752445295, 0.000433736975538, 5.39188382831e-09],
        "median": [5.57831754122e-06, 0.00163417798467, 0.00130210490897, 0.00155368808191, 0.00120604457334, 0.001768107526, 0.000199195244932, 0.000213470077142, 0.000368764420273, 0.000116733288451, 0.000126289611217, 0.000122113648104, 9.36553842621e-05, 9.05259730644e-05, 8.61590160639e-05, 8.84079927346e-05, 9.3333874247e-05, 6.78928990965e-05, 5.37223349966e-05, 6.01754400122e-05, 4.90334969072e-05, 9.58482632996e-05, 8.97600766621e-05, 0.000109895794594, 8.68143397383e-05, 5.11300095241e-05, 5.50604173366e-10],
        "min": [5.23115994966e-09, 3.72755835087e-08, 9.92059341343e-08, 8.40742941932e-08, 2.07371090255e-06, 2.75738193523e-06, 9.87898971516e-08, 7.99316239863e-08, 3.34425948267e-07, 2.00424423724e-08, 1.07363817392e-07, 3.99607209545e-08, 1.53061932906e-07, 9.63562740708e-08, 1.63974959833e-07, 1.71841747942e-07, 1.07767860413e-07, 5.98805058871e-08, 4.43246790383e-08, 3.36433103598e-08, 3.39872308075e-08, 3.62921817043e-08, 2.25740439674e-08, 1.14686260488e-08, 1.40107335456e-11, 5.91304045658e-12, 8.52291587999e-12],
        "var": [6.32769392439e-10, 2.63257675215e-06, 1.06527650132e-05, 6.23749065198e-06, 1.68728056451e-05, 0.000169905688381, 2.45236205956e-05, 1.05493318188e-05, 2.02181963687e-05, 3.31611727233e-06, 2.34655453824e-06, 1.73294085926e-06, 5.7541200249e-07, 5.76621857817e-07, 7.77769514571e-07, 6.42370878268e-07, 3.3938599131e-07, 1.64290057114e-07, 1.2552132489e-07, 8.07525992741e-08, 3.53413724952e-07, 1.66769007137e-06, 8.80925256297e-07, 3.57965745934e-06, 7.68476456869e-06, 6.60896887439e-07, 5.12255033313e-15]
    },
    "erbbands": {
        "dmean": [0.0096072377637, 0.16974966228, 1.01873266697, 2.33721876144, 2.21445226669, 3.58697652817, 21.5392093658, 37.6795387268, 22.4447231293, 9.66340446472, 24.7848834991, 35.0010147095, 13.443731308, 11.9638519287, 18.6525726318, 10.8516998291, 11.5077810287, 13.1559820175, 16.6392288208, 22.1776447296, 15.9485340118, 15.3100194931, 10.8723974228, 8.21963977814, 6.21272706985, 5.35839033127, 5.80738401413, 4.34326601028, 8.20022296906, 8.25221347809, 6.65449333191, 7.60333633423, 9.07797622681, 8.34228038788, 4.2434015274, 1.94275975227, 0.840911507607, 0.0832982510328, 0.0014501826372, 7.55696673878e-05],
        "dmean2": [0.0152826653793, 0.265320897102, 1.65575456619, 3.64991831779, 3.50420618057, 5.57318973541, 33.7597961426, 61.3103523254, 34.8103027344, 14.7896938324, 38.5485801697, 57.0242958069, 20.085899353, 17.3552646637, 29.3243331909, 16.8917217255, 18.9576835632, 21.4017028809, 26.3350048065, 37.401802063, 26.1190338135, 24.8574981689, 17.6780090332, 13.5211610794, 9.98948860168, 8.46568107605, 9.11478424072, 6.60415792465, 11.2393836975, 12.8967370987, 9.83048057556, 11.6533260345, 13.41913414, 12.2195072174, 6.50628519058, 3.01788783073, 1.38259446621, 0.141626387835, 0.00242979382165, 0.00011963747238],
        "dvar": [0.00022505443485, 0.0581788383424, 2.82610678673, 10.9945411682, 13.6606578827, 81.9523696899, 1627.53234863, 7501.29101562, 4827.56054688, 638.380737305, 3531.98950195, 5999.32568359, 951.544799805, 647.663818359, 2739.30200195, 741.610168457, 758.617858887, 1143.21240234, 782.465820312, 2128.24829102, 912.99029541, 961.177368164, 334.716461182, 265.393585205, 190.352416992, 121.569572449, 259.241424561, 334.423217773, 740.295654297, 476.846557617, 649.776977539, 720.15246582, 770.455078125, 562.618164062, 113.661979675, 12.1594238281, 2.03805303574, 0.0233410969377, 6.45159025225e-06, 1.29744668342e-08],
        "dvar2": [0.000540075765457, 0.144470080733, 7.32395267487, 26.3488674164, 34.4938278198, 193.107772827, 3829.0925293, 17804.1386719, 10784.3300781, 1390.1583252, 8207.96777344, 15355.7392578, 1632.86755371, 1317.02697754, 5373.5234375, 1545.78686523, 2045.71142578, 2905.56469727, 1715.01184082, 5528.37548828, 2128.07861328, 2491.34545898, 805.313110352, 636.752441406, 434.301177979, 299.538574219, 611.591918945, 638.740905762, 1140.98364258, 1115.02233887, 1330.20202637, 1648.8059082, 1407.13061523, 893.134277344, 195.294998169, 24.2255058289, 4.98890924454, 0.0601408109069, 1.63409004017e-05, 2.96972828551e-08],
        "max": [0.147228255868, 2.71140360832, 15.0488080978, 32.3355827332, 60.0131912231, 182.077850342, 691.172119141, 1513.4921875, 1121.59680176, 360.616149902, 672.342102051, 1064.1348877, 861.236450195, 413.096954346, 1053.02160645, 434.59765625, 406.704193115, 585.171936035, 299.138763428, 571.266296387, 357.769470215, 377.904174805, 200.084716797, 184.159744263, 224.430099487, 179.015472412, 327.277618408, 492.953613281, 899.141479492, 523.689880371, 636.804931641, 415.716094971, 540.808166504, 359.845611572, 172.618530273, 58.1121673584, 9.70527267456, 1.43945801258, 0.0228467341512, 0.00105714052916],
        "mean": [0.0305376369506, 0.500216543674, 2.93573856354, 6.00384187698, 6.13817548752, 7.47175502777, 38.0733680725, 65.7741088867, 34.8550987244, 13.8970384598, 38.733291626, 43.1814231873, 23.5993556976, 21.3824081421, 25.5622882843, 15.5918197632, 14.1996450424, 15.8716468811, 20.9090480804, 23.127374649, 18.7058582306, 18.2767601013, 14.1787958145, 10.2345752716, 7.23581075668, 6.9824090004, 7.29697561264, 6.82559251785, 12.0980730057, 12.4131059647, 9.29479312897, 9.68491458893, 12.3203401566, 11.4260873795, 5.39047336578, 2.20802092552, 0.789459526539, 0.0695256888866, 0.00130709423684, 0.000105581595562],
        "median": [0.0253905374557, 0.455527961254, 1.55214488506, 4.93862438202, 4.64878177643, 3.82648706436, 10.4490680695, 14.7430896759, 5.57368993759, 4.18613052368, 7.96148443222, 9.13684368134, 7.73704528809, 6.67344427109, 6.59206867218, 5.12099123001, 4.87092018127, 5.29140090942, 7.64635038376, 6.31081914902, 5.54866075516, 6.17490005493, 4.75028562546, 3.60483574867, 2.46866202354, 2.91679739952, 2.37022948265, 1.91417503357, 2.83988165855, 3.77408576012, 2.44740223885, 2.01319026947, 1.92958879471, 0.953715503216, 0.656469404697, 0.311635643244, 0.0736636593938, 0.00479765050113, 0.000127799547045, 5.10134814249e-05],
        "min": [1.04417426883e-06, 1.16497421914e-05, 0.000234622784774, 0.000845233909786, 0.000658436096273, 0.00614070845768, 0.0387176759541, 0.00703750364482, 0.00112233648542, 0.00207591475919, 0.005996233318, 0.0122237661853, 0.00380820292048, 0.0014232036192, 0.00462594022974, 0.00242341635749, 0.00838895048946, 0.00952334143221, 0.00719160959125, 0.0175839699805, 0.00802613515407, 0.00618333788589, 0.00482469843701, 0.00355931092054, 0.00126346503384, 0.00125813193154, 0.0014688805677, 0.00140859349631, 0.0013391711982, 0.00105310429353, 0.00105845613871, 0.000324578868458, 0.00020479032537, 2.58134205069e-05, 1.43734587255e-06, 4.20481057972e-07, 2.01635842245e-07, 7.32266869363e-08, 7.1943553337e-08, 2.38573960587e-08],
        "var": [0.000837169587612, 0.215268939734, 9.88505458832, 31.2389316559, 45.9011650085, 245.149246216, 4178.6484375, 16362.4765625, 8652.55957031, 1021.4644165, 7315.87646484, 7908.99462891, 2971.39892578, 1701.03417969, 6071.83691406, 1374.72509766, 855.191040039, 1212.31103516, 1124.73620605, 2194.04125977, 1255.22839355, 1174.10571289, 532.258666992, 324.369903564, 216.197097778, 167.357025146, 353.4324646, 975.726989746, 2274.41601562, 1080.74108887, 996.385925293, 984.789733887, 1539.03479004, 1374.38146973, 249.099334717, 23.3124637604, 2.24839711189, 0.0219101570547, 6.52178459859e-06, 1.9665797879e-08]
    },
    "gfcc": {
        "mean": [2.96818232536, 66.4134979248, -91.8033981323, 22.2510986328, -67.2042922974, 15.5225782394, -53.2218666077, 9.48411750793, -28.3797130585, 3.2462515831, -21.3043479919, 5.3750500679, -12.0404634476],
        "cov": [[6199.51660156, -2029.87561035, 461.812316895, -166.002563477, -118.988075256, 432.923522949, -223.332168579, 578.420532227, -166.958953857, 317.738769531, -299.284790039, 306.538238525, -226.761444092], [-2029.87561035, 2557.32397461, -255.94102478, 317.93359375, 482.549835205, -229.780807495, 434.515289307, -245.914611816, 111.224304199, -317.807434082, 160.151062012, -231.309265137, 76.6776733398], [461.812316895, -255.94102478, 1384.79711914, 143.046325684, 56.9486694336, 340.340698242, -46.5505409241, 146.373397827, -95.6679458618, 2.70546746254, -70.4699935913, 60.4946670532, -93.7736129761], [-166.002563477, 317.93359375, 143.046325684, 614.122497559, 318.902526855, 25.0013523102, 55.6685066223, -37.615901947, 15.3885087967, -50.7912559509, 0.390190064907, -85.7331924438, 25.7068080902], [-118.988075256, 482.549835205, 56.9486694336, 318.902526855, 643.168640137, 52.6358413696, 85.0048217773, 24.5847930908, 0.95882576704, -26.0350532532, -53.4997329712, -124.048881531, -38.7100524902], [432.923522949, -229.780807495, 340.340698242, 25.0013523102, 52.6358413696, 379.393432617, 49.3871917725, 75.8751754761, -37.0659484863, 4.78376436234, -51.0469779968, -16.338098526, -55.6932563782], [-223.332168579, 434.515289307, -46.5505409241, 55.6685066223, 85.0048217773, 49.3871917725, 289.493865967, -32.1400108337, -15.3189716339, -61.5636177063, 14.8529958725, -41.5634422302, -5.28734350204], [578.420532227, -245.914611816, 146.373397827, -37.615901947, 24.5847930908, 75.8751754761, -32.1400108337, 217.751312256, 20.7419490814, 26.5650844574, -61.4994850159, 20.7007331848, -52.4907798767], [-166.958953857, 111.224304199, -95.6679458618, 15.3885087967, 0.95882576704, -37.0659484863, -15.3189716339, 20.7419490814, 151.03503418, -4.46915483475, 2.8449845314, -20.3876399994, 11.3627319336], [317.738769531, -317.807434082, 2.70546746254, -50.7912559509, -26.0350532532, 4.78376436234, -61.5636177063, 26.5650844574, -4.46915483475, 143.456710815, -6.11429595947, 23.9542579651, -10.0766639709], [-299.284790039, 160.151062012, -70.4699935913, 0.390190064907, -53.4997329712, -51.0469779968, 14.8529958725, -61.4994850159, 2.8449845314, -6.11429595947, 130.874679565, 22.3665790558, 32.0197143555], [306.538238525, -231.309265137, 60.4946670532, -85.7331924438, -124.048881531, -16.338098526, -41.5634422302, 20.7007331848, -20.3876399994, 23.9542579651, 22.3665790558, 139.508300781, 16.3550624847], [-226.761444092, 76.6776733398, -93.7736129761, 25.7068080902, -38.7100524902, -55.6932563782, -5.28734350204, -52.4907798767, 11.3627319336, -10.0766639709, 32.0197143555, 16.3550624847, 122.336273193]],
        "icov": [[0.000328904367052, 4.48077553301e-05, 0.000128834944917, -0.000161532720085, 3.81007630494e-05, -0.000238084976445, 1.91840808839e-05, -0.000578786828555, 0.000315931829391, -0.000393608061131, 0.000439288822236, -0.000696233822964, 0.000286762369797], [4.48077553301e-05, 0.00135194312315, -0.000287765229587, 0.000298931932775, -0.000886081252247, 0.000913628726266, -0.00137312838342, 0.000548562500626, -0.000896137091331, 0.00184003915638, -0.00130440213252, 0.00107808120083, -0.000304055778543], [0.000128834944917, -0.000287765229587, 0.00124474416953, -0.000554757425562, 0.000280031264992, -0.00117108039558, 0.000656590680592, -0.000728070677724, 0.000841794128064, -0.00033602269832, 0.000569636002183, -0.0012143899221, 0.000668724882416], [-0.000161532720085, 0.000298931932775, -0.000554757425562, 0.00269462680444, -0.00141195894685, 0.00043723397539, -0.000353120296495, 0.000851249904372, -0.000750602805056, 0.00104483019095, -0.000880865729414, 0.00129979662597, -0.00116342317779], [3.81007630494e-05, -0.000886081252247, 0.000280031264992, -0.00141195894685, 0.00313369464129, -0.000592134310864, 0.000494539621286, -0.00095317006344, 0.00097094103694, -0.00151460454799, 0.0014951688936, 0.000532999634743, 0.000794219551608], [-0.000238084976445, 0.000913628726266, -0.00117108039558, 0.00043723397539, -0.000592134310864, 0.00470919162035, -0.00186137889978, 0.000171186577063, -0.000441967800725, 0.00123939930927, -0.000696265662555, 0.00209474703297, -8.67788548931e-06], [1.91840808839e-05, -0.00137312838342, 0.000656590680592, -0.000353120296495, 0.000494539621286, -0.00186137889978, 0.00571933714673, -0.000357521057595, 0.0014819316566, -0.000303933426039, 0.000663498940412, -0.000754597655032, 0.000641125778202], [-0.000578786828555, 0.000548562500626, -0.000728070677724, 0.000851249904372, -0.00095317006344, 0.000171186577063, -0.000357521057595, 0.00806016661227, -0.00275776558556, 0.00101844861638, 0.000935721793212, 2.6544337743e-05, 0.00115720101167], [0.000315931829391, -0.000896137091331, 0.000841794128064, -0.000750602805056, 0.00097094103694, -0.000441967800725, 0.0014819316566, -0.00275776558556, 0.00861855689436, -0.00134522793815, 0.000826320960186, 3.69166009477e-05, -0.00019545131363], [-0.000393608061131, 0.00184003915638, -0.00033602269832, 0.00104483019095, -0.00151460454799, 0.00123939930927, -0.000303933426039, 0.00101844861638, -0.00134522793815, 0.0112178046256, -0.00259517412633, 0.00159292970784, -0.000335948221618], [0.000439288822236, -0.00130440213252, 0.000569636002183, -0.000880865729414, 0.0014951688936, -0.000696265662555, 0.000663498940412, 0.000935721793212, 0.000826320960186, -0.00259517412633, 0.0117905316874, -0.0039322078228, -1.0944288988e-05], [-0.000696233822964, 0.00107808120083, -0.0012143899221, 0.00129979662597, 0.000532999634743, 0.00209474703297, -0.000754597655032, 2.6544337743e-05, 3.69166009477e-05, 0.00159292970784, -0.0039322078228, 0.0129738012329, -0.00264666462317], [0.000286762369797, -0.000304055778543, 0.000668724882416, -0.00116342317779, 0.000794219551608, -8.67788548931e-06, 0.000641125778202, 0.00115720101167, -0.00019545131363, -0.000335948221618, -1.0944288988e-05, -0.00264666462317, 0.0107721379027]]
    },
    "melbands": {
        "dmean": [0.000123456513393, 0.00041857251199, 0.000399108073907, 0.000170879546204, 0.000617022102233, 0.000833768222947, 0.000309746421408, 0.000116812603665, 0.000234601015109, 0.000210783357034, 6.6131753556e-05, 5.13312297699e-05, 5.65511654713e-05, 4.9712285545e-05, 2.18483382923e-05, 3.23175700032e-05, 2.47621082963e-05, 2.77047329291e-05, 3.20835970342e-05, 2.97341684927e-05, 1.68829647009e-05, 1.64967714227e-05, 1.11265580927e-05, 1.00723145806e-05, 6.82843983668e-06, 5.91670732319e-06, 3.20704998558e-06, 4.12290000895e-06, 4.07893094234e-06, 2.83760869024e-06, 2.73617661151e-06, 4.61199897472e-06, 5.82577604291e-06, 4.239320333e-06, 3.78178810934e-06, 4.38370670963e-06, 4.99648103869e-06, 6.00835028308e-06, 8.09782613942e-06, 7.05595493855e-06],
        "dmean2": [0.00019356404664, 0.000676453637425, 0.000620096456259, 0.000270401884336, 0.000957990530878, 0.00135225872509, 0.000480260350741, 0.000175162800588, 0.000367445725715, 0.000339172140229, 9.7558950074e-05, 7.452077989e-05, 8.89627626748e-05, 7.60525581427e-05, 3.3934305975e-05, 5.46818700968e-05, 4.00227945647e-05, 4.38100323663e-05, 5.193717152e-05, 5.00833812112e-05, 2.77682356682e-05, 2.69877436949e-05, 1.82093517651e-05, 1.6676622181e-05, 1.13966225399e-05, 9.62757258094e-06, 5.2208993111e-06, 6.58530780129e-06, 6.51668824503e-06, 4.45400519311e-06, 4.27290751759e-06, 6.39414338366e-06, 9.08756646822e-06, 6.78311425872e-06, 5.73485522182e-06, 6.70636563882e-06, 7.70750557422e-06, 9.22375784285e-06, 1.14779004434e-05, 1.07639798443e-05],
        "dvar": [3.11431449518e-08, 4.31993242955e-07, 3.37147611162e-07, 1.28561126189e-07, 1.22618405385e-06, 3.17262788485e-06, 8.75611249285e-07, 1.13948566138e-07, 3.21629556765e-07, 1.97052457906e-07, 2.37565114247e-08, 1.2642774827e-08, 2.13821937933e-08, 1.86192696816e-08, 3.88389365114e-09, 7.49788409138e-09, 4.9976831562e-09, 2.43067521666e-09, 4.55350024353e-09, 4.04668654141e-09, 1.28112154218e-09, 1.10661080299e-09, 4.6021433886e-10, 4.23902635216e-10, 2.08706815719e-10, 1.95559152205e-10, 4.28169756594e-11, 8.80934769576e-11, 1.26592833438e-10, 1.23003426888e-10, 1.57667254252e-10, 3.40445338587e-10, 3.55866530688e-10, 1.08249367803e-10, 2.43105258146e-10, 2.36188568703e-10, 2.98490343553e-10, 3.28077259804e-10, 6.03577521296e-10, 4.23277052297e-10],
        "dvar2": [7.65077814435e-08, 1.10396740638e-06, 8.28373288186e-07, 3.14146802793e-07, 2.89694548883e-06, 7.55313067202e-06, 1.9324729692e-06, 2.44988257236e-07, 7.51204595417e-07, 4.97656742482e-07, 4.08007601038e-08, 2.50208085362e-08, 4.54721202914e-08, 3.82362124185e-08, 7.47234274456e-09, 2.09786534811e-08, 1.28053105897e-08, 5.48789369503e-09, 1.0121875782e-08, 9.96569404776e-09, 3.13957682074e-09, 2.82149659192e-09, 1.26074717333e-09, 1.07780961933e-09, 5.12343834025e-10, 4.46018305622e-10, 1.07842026975e-10, 2.21109186516e-10, 3.07498776442e-10, 2.92418422809e-10, 3.07984054926e-10, 6.4006305811e-10, 9.01346330906e-10, 2.49684384279e-10, 5.36245381433e-10, 5.15488207675e-10, 6.92857993201e-10, 6.78726130854e-10, 9.76097980221e-10, 7.49362072394e-10],
        "max": [0.00195940886624, 0.00635182764381, 0.0059658982791, 0.00740083120763, 0.0179797336459, 0.0293062906712, 0.014843929559, 0.00503085600212, 0.00717145111412, 0.00574592361227, 0.00418776739389, 0.0020821611397, 0.00269036483951, 0.00248469598591, 0.00156028743368, 0.00140268763062, 0.00135052134283, 0.000508676981553, 0.00118988123722, 0.000890060444362, 0.000402653968194, 0.000434892106568, 0.000255842547631, 0.000263832771452, 0.000168220431078, 0.000200567083084, 8.49007410579e-05, 0.000170027109561, 0.00024550181115, 0.00035179121187, 0.000350605376298, 0.000643207458779, 0.000447630300187, 0.000203605988645, 0.000407752493629, 0.000214940213482, 0.000278871797491, 0.000326079287333, 0.000503056508023, 0.000274162710411],
        "mean": [0.000376473151846, 0.0012480217265, 0.0010851547122, 0.000407656363677, 0.00112208456267, 0.00147451006342, 0.000473803869681, 0.000164887911524, 0.000360425212421, 0.000257416249951, 0.000117454736028, 9.0427332907e-05, 7.91345446487e-05, 6.39290374238e-05, 2.9597485991e-05, 3.50033478753e-05, 2.86073227471e-05, 3.31426854245e-05, 3.40452570526e-05, 3.03579981846e-05, 1.8806918888e-05, 1.90900427697e-05, 1.28590527311e-05, 1.24777852761e-05, 7.83917766967e-06, 6.46042690278e-06, 3.70837369701e-06, 5.03362798554e-06, 4.94376945426e-06, 3.37554797625e-06, 4.15424301536e-06, 6.43562498226e-06, 8.03865168564e-06, 6.26264727543e-06, 5.11291000294e-06, 5.38089352631e-06, 6.02019827056e-06, 7.81428843766e-06, 1.03915563159e-05, 9.48168235482e-06],
        "median": [0.00039577082498, 0.000785320065916, 0.000926096050534, 0.000292977027129, 0.000319420505548, 0.000337974604918, 6.49079229333e-05, 3.66230888176e-05, 5.86176174693e-05, 4.83285366499e-05, 3.15430042974e-05, 2.28444605455e-05, 1.8550801542e-05, 1.51113808897e-05, 6.0707634475e-06, 9.14263000595e-06, 7.71260511101e-06, 1.02233243524e-05, 6.7285386649e-06, 6.26526525593e-06, 5.00042460772e-06, 5.67734787182e-06, 4.19153047915e-06, 3.32691183758e-06, 2.61466220763e-06, 1.76183948497e-06, 1.30422836264e-06, 1.85988301382e-06, 1.43036629652e-06, 1.02837202576e-06, 9.99234657684e-07, 1.33484854814e-06, 2.09532754525e-06, 1.88736214568e-06, 1.36854725952e-06, 9.88032525129e-07, 1.24258599499e-06, 1.42418230098e-06, 8.68388099207e-07, 7.30451802156e-07],
