{
"highlevel": {
    "danceability": {
        "all": {
            "danceable": 0.0199148729444,
            "not_danceable": 0.980085134506
        },
        "probability": 0.980085134506,
        "value": "not_danceable"
    },
    "gender": {
        "all": {
            "female": 0.0971048995852,
            "male": 0.902895092964
        },
        "probability": 0.902895092964,
        "value": "male"
    },
    "genre_dortmund": {
        "all": {
            "alternative": 0.145905777812,
            "blues": 0.0769468918443,
            "electronic": 0.00609940337017,
            "folkcountry": 0.258136212826,
            "funksoulrnb": 0.012355572544,
            "jazz": 0.0350437127054,
            "pop": 0.0633731409907,
            "raphiphop": 0.00199716957286,
            "rock": 0.400142133236
        },
        "probability": 0.400142133236,
        "value": "rock"
    },
    "genre_electronic": {
        "all": {
            "ambient": 0.552500665188,
            "dnb": 0.187143534422,
            "house": 0.160642564297,
            "techno": 0.0118130017072,
            "trance": 0.0879002138972
        },
        "probability": 0.552500665188,
        "value": "ambient"
    },
    "genre_rosamerica": {
        "all": {
            "cla": 0.0179713834077,
            "dan": 0.0124049903825,
            "hip": 0.00194348522928,
            "jaz": 0.00552169093862,
            "pop": 0.0550624839962,
            "rhy": 0.0155544085428,
            "roc": 0.879286408424,
            "spe": 0.0122551694512
        },
        "probability": 0.879286408424,
        "value": "roc"
    },
    "genre_tzanetakis": {
        "all": {
            "blu": 0.0626541376114,
            "cla": 0.0348133966327,
            "cou": 0.0783501937985,
            "dis": 0.104547761381,
            "hip": 0.15693578124,
            "jaz": 0.313987255096,
            "met": 0.044816005975,
            "pop": 0.0627349764109,
            "reg": 0.0627352520823,
            "roc": 0.0784252434969
        },
        "probability": 0.313987255096,
        "value": "jaz"
    },
    "ismir04_rhythm": {
        "all": {
            "ChaChaCha": 0.119982384145,
            "Jive": 0.123579710722,
            "Quickstep": 0.200522884727,
            "Rumba-American": 0.0195787250996,
            "Rumba-International": 0.0803878605366,
            "Rumba-Misc": 0.0187668055296,
            "Samba": 0.0628300011158,
            "Tango": 0.11606990546,
            "VienneseWaltz": 0.211962819099,
            "Waltz": 0.0463189147413
        },
        "probability": 0.211962819099,
        "value": "VienneseWaltz"
    },
    "mood_acoustic": {
        "all": {
            "acoustic": 0.186003804207,
            "not_acoustic": 0.813996195793
        },
        "probability": 0.813996195793,
        "value": "not_acoustic"
    },
    "mood_aggressive": {
        "all": {
            "aggressive": 0.145829945803,
            "not_aggressive": 0.854170084
        },
        "probability": 0.854170084,
        "value": "not_aggressive"
    },
    "mood_electronic": {
        "all": {
            "electronic": 0.0844540074468,
            "not_electronic": 0.915546000004
        },
        "probability": 0.915546000004,
        "value": "not_electronic"
    },
    "mood_happy": {
        "all": {
            "happy": 0.584554195404,
            "not_happy": 0.415445774794
        },
        "probability": 0.584554195404,
        "value": "happy"
    },
    "mood_party": {
        "all": {
            "not_party": 0.611187279224,
            "party": 0.388812750578
        },
        "probability": 0.611187279224,
        "value": "not_party"
    },
    "mood_relaxed": {
        "all": {
            "not_relaxed": 0.458853334188,
            "relaxed": 0.541146695614
        },
        "probability": 0.541146695614,
        "value": "relaxed"
    },
    "mood_sad": {
        "all": {
            "not_sad": 0.721000850201,
            "sad": 0.278999149799
        },
        "probability": 0.721000850201,
        "value": "not_sad"
    },
    "moods_mirex": {
        "all": {
            "Cluster1": 0.258957535028,
            "Cluster2": 0.296098232269,
            "Cluster3": 0.303256332874,
            "Cluster4": 0.121518962085,
            "Cluster5": 0.0201689302921
        },
        "probability": 0.303256332874,
        "value": "Cluster3"
    },
    "timbre": {
        "all": {
            "bright": 0.83258587122,
            "dark": 0.167414098978
        },
        "probability": 0.83258587122,
        "value": "bright"
    },
    "tonal_atonal": {
        "all": {
            "atonal": 0.0611746199429,
            "tonal": 0.938825368881
        },
        "probability": 0.938825368881,
        "value": "tonal"
    },
    "voice_instrumental": {
        "all": {
            "instrumental": 0.0356076806784,
            "voice": 0.96439230442
        },
        "probability": 0.96439230442,
        "value": "voice"
    }
},
"lowlevel": {
    "average_loudness": 0.954632639885,
    "barkbands_crest": {
        "dmean": 2.34744215012,
        "dmean2": 4.02492284775,
        "dvar": 4.51027488708,
        "dvar2": 13.2385320663,
        "max": 19.3572845459,
        "mean": 8.91991043091,
        "median": 8.50414085388,
        "min": 3.52432560921,
        "var": 8.55362892151
    },
    "barkbands_flatness_db": {
        "dmean": 0.0184536650777,
        "dmean2": 0.0282809566706,
        "dvar": 0.000317411147989,
        "dvar2": 0.00075851631118,
        "max": 0.405920356512,
        "mean": 0.151305645704,
        "median": 0.140442535281,
        "min": 0.0610729083419,
        "var": 0.00258982251398
    },
    "barkbands_kurtosis": {
        "dmean": 1.92964839935,
        "dmean2": 3.1734855175,
        "dvar": 6.93113327026,
        "dvar2": 17.441028595,
        "max": 29.7957801819,
        "mean": 3.1357460022,
        "median": 2.01655197144,
        "min": -1.8244177103,
        "var": 21.0824737549
    },
    "barkbands_skewness": {
        "dmean": 0.442307084799,
        "dmean2": 0.737044155598,
        "dvar": 0.22603186965,
        "dvar2": 0.58561873436,
        "max": 4.02725839615,
        "mean": 1.41658174992,
        "median": 1.44102394581,
        "min": -4.15866661072,
        "var": 0.788552045822
    },
    "barkbands_spread": {
        "dmean": 5.27941036224,
        "dmean2": 8.2824640274,
        "dvar": 48.3474311829,
        "dvar2": 103.945884705,
        "max": 87.4463729858,
        "mean": 23.363111496,
        "median": 20.3085918427,
        "min": 0.999849677086,
        "var": 228.017547607
    },
    "dissonance": {
        "dmean": 0.0168848279864,
        "dmean2": 0.0277166422457,
        "dvar": 0.000264422909822,
        "dvar2": 0.000696770963259,
        "max": 0.499837994576,
        "mean": 0.45973855257,
        "median": 0.470982402563,
        "min": 0.245226860046,
        "var": 0.00126147770789
    },
    "dynamic_complexity": 2.64392828941,
    "erbbands_crest": {
        "dmean": 2.54032921791,
        "dmean2": 4.10543298721,
        "dvar": 6.10477876663,
        "dvar2": 15.5456161499,
        "max": 28.5699748993,
        "mean": 9.97006225586,
        "median": 8.8401184082,
        "min": 2.81365227699,
        "var": 20.7505950928
    },
    "erbbands_flatness_db": {
        "dmean": 0.0144933294505,
        "dmean2": 0.0212561246008,
        "dvar": 0.000242421083385,
        "dvar2": 0.000497404194903,
        "max": 0.365500241518,
        "mean": 0.17341542244,
        "median": 0.164871156216,
        "min": 0.0727717205882,
        "var": 0.00220397510566
    },
    "erbbands_kurtosis": {
        "dmean": 0.943027436733,
        "dmean2": 1.49132561684,
        "dvar": 1.95588648319,
        "dvar2": 4.3322095871,
        "max": 23.9609203339,
        "mean": 0.664644122124,
        "median": -0.175714015961,
        "min": -1.74353003502,
        "var": 7.19282007217
    },
    "erbbands_skewness": {
        "dmean": 0.354132980108,
        "dmean2": 0.545675754547,
        "dvar": 0.117714770138,
        "dvar2": 0.265467762947,
        "max": 3.78911447525,
        "mean": 0.326698035002,
        "median": 0.303660959005,
        "min": -2.77511310577,
        "var": 0.920579791069
    },
    "erbbands_spread": {
        "dmean": 7.47277641296,
        "dmean2": 11.569152832,
        "dvar": 62.9831733704,
        "dvar2": 144.765151978,
        "max": 117.27040863,
        "mean": 39.7732925415,
        "median": 37.3466262817,
        "min": 2.75035500526,
        "var": 368.038848877
    },
    "hfc": {
        "dmean": 5.64190626144,
        "dmean2": 8.67981433868,
        "dvar": 71.8138504028,
        "dvar2": 143.6171875,
        "max": 154.527877808,
        "mean": 26.9643993378,
        "median": 24.0700626373,
        "min": 0.000560430518817,
        "var": 405.508026123
    },
    "melbands_crest": {
        "dmean": 2.80363559723,
        "dmean2": 4.81713294983,
        "dvar": 6.77684926987,
        "dvar2": 20.2122573853,
        "max": 30.0689659119,
        "mean": 12.1264572144,
        "median": 11.6375589371,
        "min": 4.81199979782,
        "var": 10.5537757874
    },
    "melbands_flatness_db": {
        "dmean": 0.0218900684267,
        "dmean2": 0.0334563814104,
        "dvar": 0.000546959461644,
        "dvar2": 0.00118886760902,
        "max": 0.54344779253,
        "mean": 0.194198802114,
        "median": 0.181947007775,
        "min": 0.0652828589082,
        "var": 0.00410889228806
    },
    "melbands_kurtosis": {
        "dmean": 4.3850312233,
        "dmean2": 7.37599229813,
        "dvar": 33.9846878052,
        "dvar2": 92.0781097412,
        "max": 80.0319747925,
        "mean": 9.5719833374,
        "median": 7.32793331146,
        "min": -1.81515479088,
        "var": 84.6719055176
    },
    "melbands_skewness": {
        "dmean": 0.577295601368,
        "dmean2": 0.966580033302,
        "dvar": 0.369768559933,
        "dvar2": 0.978790581226,
        "max": 7.94538259506,
        "mean": 2.35101699829,
        "median": 2.22374558449,
        "min": -2.72333931923,
        "var": 1.17752921581
    },
    "melbands_spread": {
        "dmean": 7.21974468231,
        "dmean2": 11.5757369995,
        "dvar": 112.091003418,
        "dvar2": 252.597824097,
        "max": 161.661056519,
        "mean": 24.5451793671,
        "median": 18.5845432281,
        "min": 1.42735981941,
        "var": 354.412139893
    },
    "pitch_salience": {
        "dmean": 0.0626593157649,
        "dmean2": 0.103783607483,
        "dvar": 0.00316181639209,
        "dvar2": 0.00844042841345,
        "max": 0.95849865675,
        "mean": 0.563345611095,
        "median": 0.56751292944,
        "min": 0.221414491534,
        "var": 0.0101182721555
    },
    "silence_rate_20dB": {
        "dmean": 0,
        "dmean2": 0,
        "dvar": 0,
        "dvar2": 0,
        "max": 1,
        "mean": 1,
        "median": 1,
        "min": 1,
        "var": 0
    },
    "silence_rate_30dB": {
        "dmean": 0,
        "dmean2": 0,
        "dvar": 0,
        "dvar2": 0,
        "max": 1,
        "mean": 1,
        "median": 1,
        "min": 1,
        "var": 0
    },
    "silence_rate_60dB": {
        "dmean": 0.0030959751457,
        "dmean2": 0.00619674660265,
        "dvar": 0.00308637879789,
        "dvar2": 0.006158397533,
        "max": 1,
        "mean": 0.0703789666295,
        "median": 0,
        "min": 0,
        "var": 0.0654255598783
    },
    "spectral_centroid": {
        "dmean": 241.954910278,
        "dmean2": 380.6769104,
        "dvar": 106811.453125,
        "dvar2": 237630.171875,
        "max": 4717.55810547,
        "mean": 1274.15063477,
        "median": 1090.53747559,
        "min": 201.27041626,
        "var": 503466.90625
    },
    "spectral_complexity": {
        "dmean": 3.02321982384,
        "dmean2": 4.78311395645,
        "dvar": 9.08149528503,
        "dvar2": 22.0026416779,
        "max": 50,
        "mean": 20.5591640472,
        "median": 21,
        "min": 0,
        "var": 73.3540344238
    },
    "spectral_decrease": {
        "dmean": 2.25625940153e-09,
        "dmean2": 3.81992215637e-09,
        "dvar": 7.83009581433e-18,
        "dvar2": 2.20958387741e-17,
        "max": -2.15963735068e-13,
        "mean": -8.09301781146e-09,
        "median": -7.8221420452e-09,
        "min": -2.48681821802e-08,
        "var": 1.70008429521e-17
    },
    "spectral_energy": {
        "dmean": 0.00874638929963,
        "dmean2": 0.0147839821875,
        "dvar": 0.000116054514365,
        "dvar2": 0.000326619308908,
        "max": 0.0963446572423,
        "mean": 0.0329906903207,
        "median": 0.032536316663,
        "min": 9.7733095572e-07,
        "var": 0.000270849006483
    },
    "spectral_energyband_high": {
        "dmean": 0.000495110289194,
        "dmean2": 0.000726519501768,
        "dvar": 1.37967424507e-06,
        "dvar2": 2.61932427748e-06,
        "max": 0.0202778447419,
        "mean": 0.00137275771704,
        "median": 0.000775865919422,
        "min": 4.46415882038e-09,
        "var": 6.6039815465e-06
    },
    "spectral_energyband_low": {
        "dmean": 0.00421319855377,
        "dmean2": 0.00714344857261,
        "dvar": 5.63693211006e-05,
        "dvar2": 0.000164733777638,
        "max": 0.0703865513206,
        "mean": 0.00769304065034,
        "median": 0.00458559766412,
        "min": 1.40075542276e-07,
        "var": 8.00192792667e-05
    },
    "spectral_energyband_middle_high": {
        "dmean": 0.00138477492146,
        "dmean2": 0.00221019261517,
        "dvar": 2.47146749643e-06,
        "dvar2": 6.04333899901e-06,
        "max": 0.0215998254716,
        "mean": 0.00582586228848,
        "median": 0.00456509133801,
        "min": 1.01098045491e-07,
        "var": 1.97773915716e-05
    },
    "spectral_energyband_middle_low": {
        "dmean": 0.00663890782744,
        "dmean2": 0.0111586283892,
        "dvar": 7.6560783782e-05,
        "dvar2": 0.000217440610868,
        "max": 0.0840995237231,
        "mean": 0.0197724159807,
        "median": 0.0178142394871,
        "min": 3.05913800958e-08,
        "var": 0.000151265630848
    },
    "spectral_entropy": {
        "dmean": 0.149551644921,
        "dmean2": 0.213711202145,
        "dvar": 0.0290509685874,
        "dvar2": 0.0571780987084,
        "max": 8.47644329071,
        "mean": 7.43088006973,
        "median": 7.51509141922,
        "min": 5.12284517288,
        "var": 0.256712853909
    },
    "spectral_flux": {
        "dmean": 0.0218584388494,
        "dmean2": 0.0337811931968,
        "dvar": 0.000566800765228,
        "dvar2": 0.00120936252642,
        "max": 0.24078951776,
        "mean": 0.0861938819289,
        "median": 0.0840265601873,
        "min": 0.000452653272077,
        "var": 0.00185149989557
    },
    "spectral_kurtosis": {
        "dmean": 2.00686907768,
        "dmean2": 3.34740662575,
        "dvar": 15.1726579666,
        "dvar2": 40.7141723633,
        "max": 75.4990234375,
        "mean": 4.58581352234,
        "median": 2.6785364151,
        "min": -0.844966411591,
        "var": 60.9257316589
    },
    "spectral_rms": {
        "dmean": 0.000702931894921,
        "dmean2": 0.00116491003428,
        "dvar": 5.96392112584e-07,
        "dvar2": 1.64058747032e-06,
        "max": 0.00969509035349,
        "mean": 0.00538334203884,
        "median": 0.00563407037407,
        "min": 3.08786911773e-05,
        "var": 3.20565345646e-06
    },
    "spectral_rolloff": {
        "dmean": 408.596801758,
        "dmean2": 720.087158203,
        "dvar": 791107.25,
        "dvar2": 1826244.5,
        "max": 8139.55078125,
        "mean": 1576.28991699,
        "median": 1012.06054688,
        "min": 129.19921875,
        "var": 2036105
    },
    "spectral_skewness": {
        "dmean": 0.249980732799,
        "dmean2": 0.392125070095,
        "dvar": 0.103974439204,
        "dvar2": 0.247864410281,
        "max": 6.71483373642,
        "mean": 1.45671510696,
        "median": 1.28842997551,
        "min": -0.242640376091,
        "var": 0.690191328526
    },
    "spectral_spread": {
        "dmean": 424887.46875,
        "dmean2": 615079.0625,
        "dvar": 297527214080,
        "dvar2": 656117661696,
        "max": 10498483,
        "mean": 4446916,
        "median": 4178461,
        "min": 1014048.0625,
        "var": 2.30821173658e+12
    },
    "spectral_strongpeak": {
        "dmean": 0.90064150095,
        "dmean2": 1.60608673096,
        "dvar": 2.94438934326,
        "dvar2": 8.34312057495,
        "max": 11.80788517,
        "mean": 1.32998895645,
        "median": 0.751073300838,
        "min": 0,
        "var": 3.52543258667
    },
    "zerocrossingrate": {
        "dmean": 0.00895799603313,
        "dmean2": 0.0104199443012,
        "dvar": 0.00011504147551,
        "dvar2": 0.000127886902192,
        "max": 0.2216796875,
        "mean": 0.0614331811666,
        "median": 0.05712890625,
        "min": 0.01171875,
        "var": 0.00108295516111
    },
    "barkbands": {
        "dmean": [0.000394016184146, 0.00217836652882, 0.00199888902716, 0.00181422627065, 0.00383989000693, 0.00185923220124, 0.00140426307917, 0.0010949827265, 0.000523735885508, 0.00043728001765, 0.000329859292833, 0.000387108302675, 0.000214813117054, 0.00022350094514, 0.000428636180004, 0.000210950092878, 0.000400096323574, 0.00013576472702, 0.000196077453438, 0.000152238935698, 0.000103409445728, 0.000205481890589, 0.000164649347425, 7.27083388483e-05, 5.0698985433e-05, 7.1412446232e-06, 3.90342442813e-08],
        "dmean2": [0.000718282943126, 0.00379522377625, 0.00330954720266, 0.00311494083144, 0.00674960296601, 0.00299156038091, 0.00227766833268, 0.0017243103357, 0.000872268399689, 0.000691831286531, 0.000524880015291, 0.000625654065516, 0.000362968741683, 0.000347316090483, 0.000724455574527, 0.000358717719791, 0.000652605143841, 0.000214764193515, 0.000320065009873, 0.000254064769251, 0.00016273073561, 0.000312557385769, 0.000253716687439, 0.000115645270853, 7.77690729592e-05, 1.15228494906e-05, 6.98523621168e-08],
        "dvar": [1.27353700918e-06, 3.05631765514e-05, 9.73521400738e-06, 8.39448421175e-06, 4.00293756684e-05, 5.82133179705e-06, 5.78084609515e-06, 5.04061381434e-06, 6.6038165869e-07, 3.38702818681e-07, 2.42528358285e-07, 2.86013772666e-07, 1.49273901684e-07, 1.80509744041e-07, 9.66436687122e-07, 4.22753146267e-07, 1.05563435682e-06, 9.36345969649e-08, 1.8033398419e-07, 7.64366916428e-08, 4.39892424708e-08, 2.72215970654e-07, 2.17666553226e-07, 5.58912809367e-08, 3.24260724938e-08, 4.39350056336e-10, 1.02239905723e-13],
        "dvar2": [4.14171654484e-06, 9.18260775506e-05, 2.4562001272e-05, 2.60071556113e-05, 0.000111581197416, 1.62103733601e-05, 1.49088673425e-05, 1.15217162602e-05, 1.59316471127e-06, 7.94823677097e-07, 5.74541843434e-07, 7.09859989456e-07, 3.92435197227e-07, 4.15751657101e-07, 2.65015569312e-06, 1.09535369575e-06, 2.70725672635e-06, 1.51930095171e-07, 4.29187707596e-07, 1.99456010819e-07, 9.86194805819e-08, 5.76315756007e-07, 4.88996988679e-07, 1.37609163176e-07, 6.8632601824e-08, 1.1849331516e-09, 2.75756685281e-13],
        "max": [0.0154661796987, 0.0537208169699, 0.0275675784796, 0.0410946123302, 0.0536179952323, 0.0298435054719, 0.0288721695542, 0.0370661206543, 0.0173269733787, 0.0090378895402, 0.00648233108222, 0.0090462975204, 0.00571155361831, 0.00620603794232, 0.0152061413974, 0.0132529148832, 0.0144541561604, 0.00941062998027, 0.00810403097421, 0.00368401664309, 0.0046946615912, 0.00946539919823, 0.00783418864012, 0.00378624582663, 0.0033711406868, 0.000314384233207, 5.2443651839e-06],
        "mean": [0.000356133561581, 0.00272130290978, 0.00317624444142, 0.00306168221869, 0.00580322789028, 0.0043183634989, 0.00308834738098, 0.00206038844772, 0.0010119836079, 0.000852811383083, 0.000623860862106, 0.000708849984221, 0.000344540167134, 0.000385195278795, 0.000792395963799, 0.000436590926256, 0.000951936119236, 0.00029014114989, 0.000419128162321, 0.00032821437344, 0.000219212510274, 0.000445834390121, 0.000359509780537, 0.000127112027258, 9.74287104327e-05, 1.02362300822e-05, 2.62989150457e-08],
        "median": [2.11411042983e-05, 0.000634300056845, 0.00160989782307, 0.00219906214625, 0.00410577841103, 0.00264349579811, 0.00124421645887, 0.000700009870343, 0.000615246419329, 0.000668256019708, 0.000346419663401, 0.000482067727717, 0.000198834895855, 0.000180640839972, 0.000275805243291, 0.000121742632473, 0.000232186008361, 0.000150611638674, 0.000188795762369, 0.000123046178487, 0.000124754646095, 0.000199479254661, 0.000129686522996, 4.77987232443e-05, 2.1436759198e-05, 3.00392798636e-06, 5.44359946009e-10],
        "min": [5.23900833826e-09, 5.5632469298e-08, 9.51158618534e-09, 3.68276475982e-09, 6.13094908175e-09, 5.61231550122e-09, 6.67770061469e-10, 2.59888888188e-10, 5.24203680463e-10, 7.78873521234e-10, 9.53241263701e-10, 1.21180343537e-09, 9.01837160505e-10, 9.21365483908e-10, 3.05166381054e-09, 1.2399403726e-09, 1.6814706294e-09, 7.31761407025e-09, 2.36266961551e-09, 6.79383216351e-10, 7.96899657374e-10, 3.81302711627e-10, 5.78553094321e-10, 3.14967357751e-10, 6.11409187168e-12, 3.91753686782e-12, 5.07868963898e-12],
        "var": [1.20870527098e-06, 3.14144854201e-05, 1.71623323695e-05, 1.03879528979e-05, 4.10440625274e-05, 2.1012589059e-05, 2.10344733205e-05, 1.57804497576e-05, 1.93822734218e-06, 6.38877111214e-07, 5.84380472901e-07, 6.91040952461e-07, 2.33926499504e-07, 3.84904979001e-07, 2.89053286906e-06, 2.14263172893e-06, 5.10248810315e-06, 5.38828601293e-07, 5.58637736958e-07, 2.24902407808e-07, 1.2463547705e-07, 1.01775879102e-06, 7.10451843133e-07, 1.11024775151e-07, 9.17893601127e-08, 5.84655157621e-10, 6.53812399186e-14]
    },
    "erbbands": {
        "dmean": [0.0572167932987, 0.529123842716, 1.69410610199, 4.57613277435, 10.252746582, 14.027258873, 10.2907180786, 16.4349956512, 20.8598747253, 20.9774017334, 24.5349349976, 11.5496520996, 15.913848877, 9.63921451569, 13.4073524475, 15.1492815018, 9.85330677032, 12.6736574173, 25.4867210388, 7.41242837906, 19.0899009705, 13.4201927185, 6.40137910843, 8.7382183075, 9.77799797058, 7.78251552582, 3.85542535782, 4.79705810547, 7.20891046524, 7.1248717308, 4.19310665131, 2.29967403412, 0.783341526985, 0.739423274994, 0.269053995609, 0.0492263399065, 0.0126742552966, 0.000790633028373, 2.38819775404e-05, 1.09977654574e-05],
        "dmean2": [0.0996221154928, 0.920395970345, 2.88166713715, 7.741710186, 17.8065929413, 24.896818161, 17.5954151154, 26.3316345215, 32.6603164673, 33.4986457825, 38.4353218079, 18.9304904938, 25.0924053192, 15.2682180405, 21.1083621979, 24.7779903412, 16.4791488647, 20.027463913, 43.0999565125, 12.0365171432, 30.8511543274, 21.8337917328, 10.103272438, 13.9759225845, 15.7141084671, 12.9610824585, 6.01561117172, 7.60300254822, 11.2458677292, 10.6101436615, 6.44695234299, 3.59621667862, 1.23248577118, 1.12269842625, 0.408789128065, 0.078959569335, 0.0208705663681, 0.00128233910073, 3.80271012546e-05, 1.82319672604e-05],
        "dvar": [0.0256306994706, 1.69895327091, 8.08748054504, 43.1617431641, 243.272445679, 654.115600586, 267.519927979, 557.211914062, 1145.87658691, 1790.89489746, 2789.02294922, 277.358276367, 536.708374023, 152.864944458, 350.626312256, 453.254699707, 288.799468994, 548.143798828, 3531.95751953, 168.934707642, 2267.48901367, 802.581359863, 208.864074707, 239.089584351, 581.78112793, 206.654998779, 37.2627716064, 144.344848633, 303.738494873, 438.586914062, 133.738861084, 63.5467796326, 4.76905345917, 7.46765851974, 0.883564293385, 0.0196722131222, 0.00173867028207, 4.91291211802e-06, 5.27556087704e-09, 1.98227517734e-10],
        "dvar2": [0.0742324441671, 5.22776412964, 21.8550262451, 126.371040344, 680.038452148, 1862.41345215, 773.378051758, 1524.78540039, 3068.38378906, 4229.78759766, 6406.14306641, 721.822875977, 1275.82617188, 404.160522461, 838.086364746, 1199.94995117, 744.513671875, 1304.7578125, 9944.55664062, 335.272186279, 5585.84570312, 2063.83642578, 365.682312012, 602.688110352, 1358.6920166, 532.687072754, 91.7364959717, 344.973968506, 696.313232422, 884.432678223, 298.519470215, 153.954727173, 11.9099206924, 15.3876914978, 2.07904291153, 0.0508956126869, 0.00477387290448, 1.21262992252e-05, 1.4291557271e-08, 5.41513278662e-10],
        "max": [1.39670276642, 12.2154989243, 31.109708786, 68.5255355835, 204.23046875, 263.243804932, 172.709030151, 296.360931396, 568.17376709, 650.24395752, 979.542053223, 259.22756958, 469.524597168, 173.694763184, 273.638397217, 250.78477478, 290.914978027, 329.416015625, 913.972290039, 335.259368896, 912.476379395, 380.894287109, 382.550720215, 255.174880981, 504.603271484, 215.499084473, 84.0087203979, 245.262481689, 308.122253418, 363.089569092, 204.438446045, 134.478317261, 40.0432167053, 58.3588867188, 16.1581859589, 1.77416193485, 0.704588592052, 0.0370640456676, 0.00122953800019, 0.000199798378162],
        "mean": [0.0694591999054, 0.670306742191, 2.76204991341, 8.37677001953, 16.591917038, 18.4647750854, 17.8863162994, 38.7030563354, 47.5713233948, 44.7816162109, 47.8558959961, 24.3664722443, 30.4840373993, 20.9818172455, 28.9308834076, 27.9372882843, 17.5771465302, 23.2183914185, 46.8213996887, 15.5489025116, 51.5765419006, 33.5604133606, 15.6753463745, 19.2181720734, 20.7324485779, 17.5002670288, 8.90626144409, 9.83675765991, 15.6157693863, 15.3529949188, 8.90451622009, 4.21901035309, 1.40199351311, 1.44237053394, 0.464519411325, 0.0786997899413, 0.0158306453377, 0.00100256758742, 5.01971080666e-05, 4.34216599388e-05],
        "median": [0.0148510644212, 0.198194801807, 1.55876350403, 6.2233080864, 11.2884397507, 11.7109680176, 10.4238920212, 20.040145874, 24.5202064514, 13.3059988022, 17.3259315491, 15.355096817, 21.1076641083, 16.7036495209, 19.2882175446, 19.8884773254, 12.0189409256, 12.5199708939, 16.3299846649, 8.75891399384, 11.8698558807, 12.6187992096, 9.64061450958, 10.1596250534, 8.1399269104, 6.56309509277, 4.21312141418, 5.59003448486, 7.30400466919, 5.57860517502, 3.00039887428, 1.18288087845, 0.703881084919, 0.351698726416, 0.107375256717, 0.023318676278, 0.00381307816133, 0.000206201773835, 2.8572503652e-05, 4.15015565522e-05],
        "min": [1.1368737205e-06, 5.67300139664e-06, 1.83335032489e-05, 1.45505491673e-05, 7.49771697883e-06, 1.63890381373e-05, 4.64639924758e-05, 3.46583510691e-05, 1.52255161083e-05, 8.52301764098e-06, 6.77290245221e-06, 1.35749269248e-05, 2.89482486551e-05, 3.64818624803e-05, 6.43568564556e-05, 8.33133308333e-05, 7.6266223914e-05, 5.65674527024e-05, 0.000103214319097, 0.000185075521586, 9.04382759472e-05, 0.000113497997518, 0.000302162690787, 0.000157758171554, 0.000112496018119, 3.88720982301e-05, 2.98333798128e-05, 2.59589360212e-05, 1.36250155265e-05, 1.19668893603e-05, 1.61908501468e-05, 7.24811798136e-06, 4.95808171763e-06, 1.03105207927e-06, 1.4607391563e-07, 3.07859018278e-08, 9.74464153813e-09, 3.8250531631e-09, 1.39485478723e-09, 1.32416355658e-09],
        "var": [0.0246900785714, 1.67518854141, 11.2977647781, 64.2472457886, 333.700256348, 555.902587891, 496.562591553, 2077.7253418, 3681.6550293, 8025.91943359, 8432.5703125, 930.098693848, 1209.84838867, 315.650848389, 934.060546875, 855.812255859, 430.63873291, 1196.88952637, 10420.6064453, 512.204406738, 14735.9023438, 3863.5012207, 1000.17419434, 769.072631836, 1854.51745605, 652.407836914, 129.752075195, 384.439300537, 1082.14904785, 1492.35437012, 439.152740479, 149.385894775, 9.14710998535, 22.1806182861, 1.95358550549, 0.0342700816691, 0.00196545710787, 7.34316654416e-06, 7.50809991956e-09, 6.01590055549e-10]
    },
    "gfcc": {
        "mean": [-0.465759605169, 110.683769226, -126.832466125, 42.1504440308, -75.6797714233, 13.0956640244, -41.5141372681, -0.502829730511, -21.9911384583, -7.92696905136, -14.1585788727, -4.235268116, -8.98576545715],
        "cov": [[13356.6767578, -1836.80786133, -126.086738586, 276.443572998, -471.629547119, 432.978088379, -893.452209473, 266.288482666, -246.829284668, 479.795532227, -270.484771729, 67.4940948486, -596.078430176], [-1836.80786133, 1411.1463623, -36.6247673035, -441.660949707, 241.09147644, -242.654891968, 193.726318359, -171.889526367, 116.713523865, -133.48614502, 199.090499878, -91.7816696167, 183.767456055], [-126.086738586, -36.6247673035, 583.621582031, -152.863433838, -87.897605896, 164.699569702, 1.15015625954, 75.1550598145, 53.4954452515, 30.4945373535, -119.859375, 84.2568283081, -111.423713684], [276.443572998, -441.660949707, -152.863433838, 446.558288574, -12.8375520706, 51.8620948792, 33.2904014587, 31.1897411346, 18.317905426, 13.8080482483, 16.6959724426, -8.31772518158, 17.6836547852], [-471.629547119, 241.09147644, -87.897605896, -12.8375520706, 250.750534058, -39.789855957, 52.174407959, 1.93141007423, -6.92598009109, -18.9212837219, 43.5623168945, -1.15445649624, 59.4750747681], [432.978088379, -242.654891968, 164.699569702, 51.8620948792, -39.789855957, 206.886459351, 5.64483594894, 71.4808120728, 11.5509662628, 32.4528045654, -69.9041061401, 24.4586791992, -70.3639221191], [-893.452209473, 193.726318359, 1.15015625954, 33.2904014587, 52.174407959, 5.64483594894, 185.768661499, -0.173442780972, 51.8961334229, -21.7271499634, 49.9614868164, -15.449131012, 29.0976257324], [266.288482666, -171.889526367, 75.1550598145, 31.1897411346, 1.93141007423, 71.4808120728, -0.173442780972, 120.949325562, 6.72382545471, 25.7868518829, -39.4356040955, 20.7996006012, -54.3250427246], [-246.829284668, 116.713523865, 53.4954452515, 18.317905426, -6.92598009109, 11.5509662628, 51.8961334229, 6.72382545471, 171.229568481, 13.923163414, 9.96785354614, -2.84514379501, 0.940573036671], [479.795532227, -133.48614502, 30.4945373535, 13.8080482483, -18.9212837219, 32.4528045654, -21.7271499634, 25.7868518829, 13.923163414, 102.728111267, -5.86711025238, 14.1318845749, -38.3343963623], [-270.484771729, 199.090499878, -119.859375, 16.6959724426, 43.5623168945, -69.9041061401, 49.9614868164, -39.4356040955, 9.96785354614, -5.86711025238, 140.330490112, -10.4077148438, 70.0777816772], [67.4940948486, -91.7816696167, 84.2568283081, -8.31772518158, -1.15445649624, 24.4586791992, -15.449131012, 20.7996006012, -2.84514379501, 14.1318845749, -10.4077148438, 93.7518386841, -1.89568579197], [-596.078430176, 183.767456055, -111.423713684, 17.6836547852, 59.4750747681, -70.3639221191, 29.0976257324, -54.3250427246, 0.940573036671, -38.3343963623, 70.0777816772, -1.89568579197, 148.789001465]],
        "icov": [[0.000206398923183, -0.000423175486503, 0.000373958057025, -0.000431574444519, 0.000357224053005, -0.000565016060136, 0.00109552277718, -0.000293437333312, 0.000292343669571, -0.000727167469449, 6.03385087743e-05, -0.000399936194299, 0.000726785103325], [-0.000423175486503, 0.00684052612633, -0.00241714296862, 0.00624028174207, -0.00444033602253, 0.0032217130065, -0.0050254156813, 0.00378838018514, -0.00423147249967, 0.00518679106608, -0.0049162437208, 0.00564125273377, -0.0032808247488], [0.000373958057025, -0.00241714296862, 0.00489905662835, -0.000735822715797, 0.00246853125282, -0.00358385266736, 0.00184870883822, -0.00165950076189, 0.000487772660563, -0.00213142298162, 0.00298590748571, -0.00474597932771, 0.00257169478573], [-0.000431574444519, 0.00624028174207, -0.000735822715797, 0.00880087539554, -0.00342244189233, 0.00148275913671, -0.00539539009333, 0.00260994350538, -0.00432452466339, 0.00459714001045, -0.00421763909981, 0.00459764525294, -0.00369917787611], [0.000357224053005, -0.00444033602253, 0.00246853125282, -0.00342244189233, 0.00797638297081, -0.00203883624636, 0.00219386816025, -0.00405111070722, 0.00312444544397, -0.00352461682633, 0.00306618679315, -0.00425561657175, 0.000683758116793], [-0.000565016060136, 0.0032217130065, -0.00358385266736, 0.00148275913671, -0.00203883624636, 0.0110424989834, -0.00496190879494, -0.000421264878241, -0.00147355278023, 0.00203460711055, 0.000168190861586, 0.00291478214785, -0.00175764423329], [0.00109552277718, -0.0050254156813, 0.00184870883822, -0.00539539009333, 0.00219386816025, -0.00496190879494, 0.014808697626, -0.00336844171397, 0.00133600004483, -0.00364870741032, -0.000654996547382, -0.0027287544217, 0.00459722988307], [-0.000293437333312, 0.00378838018514, -0.00165950076189, 0.00260994350538, -0.00405111070722, -0.000421264878241, -0.00336844171397, 0.0144774997607, -0.00250110891648, 0.00200281850994, -0.00162192899734, 0.00140383758117, 0.00127093214542], [0.000292343669571, -0.00423147249967, 0.000487772660563, -0.00432452466339, 0.00312444544397, -0.00147355278023, 0.00133600004483, -0.00250110891648, 0.00954082794487, -0.00466646673158, 0.00276960642077, -0.00264523713849, 0.00155568146147], [-0.000727167469449, 0.00518679106608, -0.00213142298162, 0.00459714001045, -0.00352461682633, 0.00203460711055, -0.00364870741032, 0.00200281850994, -0.00466646673158, 0.0170190576464, -0.00562299415469, 0.00296262744814, -0.000545525923371], [6.03385087743e-05, -0.0049162437208, 0.00298590748571, -0.00421763909981, 0.00306618679315, 0.000168190861586, -0.000654996547382, -0.00162192899734, 0.00276960642077, -0.00562299415469, 0.0162478666753, -0.00496811186895, -0.00174122385215], [-0.000399936194299, 0.00564125273377, -0.00474597932771, 0.00459764525294, -0.00425561657175, 0.00291478214785, -0.0027287544217, 0.00140383758117, -0.00264523713849, 0.00296262744814, -0.00496811186895, 0.0183930248022, -0.00519021693617], [0.000726785103325, -0.0032808247488, 0.00257169478573, -0.00369917787611, 0.000683758116793, -0.00175764423329, 0.00459722988307, 0.00127093214542, 0.00155568146147, -0.000545525923371, -0.00174122385215, -0.00519021693617, 0.015114239417]]
    },
    "melbands": {
        "dmean": [0.00056551391026, 0.000789076264482, 0.000847420655191, 0.000947740045376, 0.000384621700505, 0.000374705268769, 0.000315986428177, 0.000225361887715, 0.000187019293662, 6.89965308993e-05, 7.99508707132e-05, 3.98613483412e-05, 4.84860902361e-05, 4.68463113066e-05, 2.7296551707e-05, 2.03983545362e-05, 2.50754856097e-05, 3.91982830479e-05, 1.9394861738e-05, 8.97047993931e-06, 2.91775377264e-05, 1.94694985112e-05, 6.92546245773e-06, 7.37332175049e-06, 7.46851947042e-06, 9.2759164545e-06, 6.32847331872e-06, 4.72331657875e-06, 2.6951079235e-06, 2.43331601268e-06, 3.22517507811e-06, 4.7720168368e-06, 4.16445254814e-06, 4.29431293014e-06, 2.81623397314e-06, 1.89704553577e-06, 1.26362044739e-06, 5.48814341528e-07, 6.03091223184e-07, 7.1354480724e-07],
        "dmean2": [0.000987845356576, 0.00136223202571, 0.00144637515768, 0.00167132075876, 0.000666076084599, 0.000594640034251, 0.000498189299833, 0.000356645672582, 0.000294404482702, 0.00011361635552, 0.000126119921333, 6.35839387542e-05, 7.63776843087e-05, 7.4648662121e-05, 4.54450237157e-05, 3.41121922247e-05, 3.90929744754e-05, 6.62366510369e-05, 3.20675353578e-05, 1.51609247041e-05, 4.68357247883e-05, 3.17232879752e-05, 1.13029645945e-05, 1.1594537682e-05, 1.21573748402e-05, 1.47778446262e-05, 1.05936533146e-05, 7.85846168583e-06, 4.26666292697e-06, 3.88867374568e-06, 5.16110003446e-06, 7.77889181336e-06, 6.46690250505e-06, 6.61422336634e-06, 4.37373591922e-06, 2.95918994198e-06, 2.00489421331e-06, 8.99080419003e-07, 9.47913804339e-07, 1.0848510783e-06],
        "dvar": [2.15482327803e-06, 2.19929870582e-06, 1.39632572882e-06, 2.5711865419e-06, 3.38742353279e-07, 2.80063517266e-07, 2.45395227694e-07, 1.82114661129e-07, 1.41945932342e-07, 1.10270867992e-08, 1.32954891541e-08, 2.63159227742e-09, 5.28279819889e-09, 4.20670076551e-09, 1.74006964393e-09, 1.34909505789e-09, 2.56741650162e-09, 7.69627472863e-09, 1.54226065252e-09, 8.66163307744e-10, 5.31260901937e-09, 2.17617079912e-09, 1.29468172294e-10, 4.11727762994e-10, 1.85029380706e-10, 6.22868367994e-10, 1.38189751309e-10, 6.93493595882e-11, 2.0704776435e-11, 3.13598869095e-11, 6.8055068525e-11, 1.33408242786e-10, 1.45103110083e-10, 1.46084505603e-10, 5.92832449797e-11, 3.85104274858e-11, 1.91781486525e-11, 1.66164282854e-12, 4.43504261094e-12, 7.20498227053e-12],
        "dvar2": [6.36977620161e-06, 6.32766796116e-06, 4.18405306846e-06, 7.17756438462e-06, 9.7513941455e-07, 7.74620616539e-07, 6.48720913432e-07, 4.21747813562e-07, 3.2735709965e-07, 2.64793769134e-08, 3.15401642581e-08, 7.00618407734e-09, 1.25729027189e-08, 9.9271533216e-09, 4.48439330114e-09, 3.56228535559e-09, 5.96944849107e-09, 2.20185647493e-08, 3.88273502239e-09, 2.36474884119e-09, 1.30540529497e-08, 5.58807222717e-09, 3.1614336149e-10, 6.02411509565e-10, 4.9305121097e-10, 1.43931300212e-09, 3.54768880939e-10, 1.81793996523e-10, 5.33169133843e-11, 7.5769689134e-11, 1.67522426486e-10, 3.36733640971e-10, 2.98603919369e-10, 3.18175041869e-10, 1.27660715332e-10, 9.95361709721e-11, 4.5162321799e-11, 4.18705348171e-12, 1.13452077594e-11, 1.48148281837e-11],
        "max": [0.0141780264676, 0.015705762431, 0.0144993960857, 0.0141306361184, 0.00598663231358, 0.0074420645833, 0.00747526856139, 0.00620665866882, 0.00710452953354, 0.00226327683777, 0.00227259448729, 0.000695500755683, 0.000991506269202, 0.00130460457876, 0.000537266780157, 0.000536393548828, 0.000744530232623, 0.00133116019424, 0.000611758208834, 0.000719452858903, 0.00113989843521, 0.000623460393399, 0.000227598880883, 0.000706321385223, 0.000216089276364, 0.00049038103316, 0.000132006010972, 0.000123831487144, 6.04933084105e-05, 0.000147042665049, 0.000149375133333, 0.000181044932106, 0.000215156775084, 0.00018209128757, 0.00013428775128, 0.000106409999717, 6.29822025076e-05, 1.65754863701e-05, 4.4265838369e-05, 5.30454199179e-05],
        "mean": [0.000723348348401, 0.00130677362904, 0.00165972672403, 0.00136516953353, 0.000632254290394, 0.000886377296411, 0.00073034199886, 0.000468082522275, 0.00035658251727, 0.000140554155223, 0.000149783445522, 8.09860430309e-05, 9.73964924924e-05, 8.72291493579e-05, 4.79233567603e-05, 3.42875027854e-05, 4.21615695814e-05, 7.04943740857e-05, 3.69911467715e-05, 1.73200278368e-05, 7.68796744524e-05, 4.5034361392e-05, 1.31898041218e-05, 1.63950699061e-05, 1.44740188261e-05, 1.73786302184e-05, 1.28026058519e-05, 1.03579577626e-05, 5.53606969333e-06, 4.74121361549e-06, 5.94303355683e-06, 9.18711157283e-06, 8.49745083542e-06, 8.45255362947e-06, 5.52480560145e-06, 3.57365183845e-06, 2.09871905099e-06, 8.67031587859e-07, 1.01453872503e-06, 1.32168486289e-06],
        "median": [0.000174189641257, 0.00069459277438, 0.00133535452187, 0.000937887118198, 0.000378407421522, 0.000478665926494, 0.000390503759263, 0.000136963251862, 0.000137425115099, 8.47777409945e-05, 0.000101991514384, 6.35913893348e-05, 5.61519809708e-05, 5.74786754441e-05, 3.35409313266e-05, 1.93805153685e-05, 1.85152002814e-05, 2.4970886443e-05, 1.59180890478e-05, 5.78944855079e-06, 1.40530592034e-05, 1.16568726298e-05, 8.24726157589e-06, 7.62133322496e-06, 7.31863065084e-06, 5.90909303355e-06, 4.4173925744e-06, 4.16126340497e-06, 2.30801674661e-06, 2.62623984781e-06, 2.96404436995e-06, 4.24830568591e-06, 3.34746437147e-06, 2.84042039311e-06, 1.79098356057e-06, 1.02963349491e-06, 5.44345084563e-07, 4.53621680663e-07, 3.42283186683e-07, 2.54618100826e-07],
        "min": [1.9784717864e-08, 7.90604470779e-09, 1.99294380998e-09, 1.48614742734e-09, 1.65413549524e-09, 8.68947691579e-10, 1.9817572583e-10, 5.91809171113e-11, 5.06008290824e-11, 8.8033150214e-11, 1.4546736038e-10, 1.1664139099e-10, 1.66090793896e-10, 1.07545410077e-10, 3.01959651727e-10, 8.46005071553e-11, 9.38249408722e-11, 8.84628204023e-11, 2.14996964676e-10, 1.09059213049e-10, 9.41310224212e-11, 1.00002742198e-10, 1.14479391244e-10, 1.56799601081e-10, 8.19971313071e-11, 9.61014948175e-11, 3.28048699316e-11, 1.8806765173e-11, 1.75001246133e-11, 1.61253996267e-11, 1.46891127734e-11, 7.33881184989e-12, 6.72554069728e-12, 3.92745471561e-12, 8.18763026128e-12, 4.73158101241e-12, 3.63182574292e-12, 1.30414787042e-12, 2.07626147178e-12, 8.27820478182e-14],
