{
"highlevel": {
    "danceability": {
        "all": {
            "danceable": 0.981264173985,
            "not_danceable": 0.0187358316034
        },
        "probability": 0.981264173985,
        "value": "danceable"
    },
    "gender": {
        "all": {
            "female": 0.522008419037,
            "male": 0.477991551161
        },
        "probability": 0.522008419037,
        "value": "female"
    },
    "genre_dortmund": {
        "all": {
            "alternative": 0.0794619545341,
            "blues": 0.0444772951305,
            "electronic": 0.00438868394122,
            "folkcountry": 0.213455915451,
            "funksoulrnb": 0.021200440824,
            "jazz": 0.11415501684,
            "pop": 0.0854124203324,
            "raphiphop": 0.00411378359422,
            "rock": 0.433334499598
        },
        "probability": 0.433334499598,
        "value": "rock"
    },
    "genre_electronic": {
        "all": {
            "ambient": 0.638543248177,
            "dnb": 0.253889381886,
            "house": 0.045697811991,
            "techno": 0.0047155758366,
            "trance": 0.057153981179
        },
        "probability": 0.638543248177,
        "value": "ambient"
    },
    "genre_rosamerica": {
        "all": {
            "cla": 0.0089017143473,
            "dan": 0.00550221232697,
            "hip": 0.0175920948386,
            "jaz": 0.0405680909753,
            "pop": 0.598938107491,
            "rhy": 0.0997616872191,
            "roc": 0.225493356586,
            "spe": 0.00324273109436
        },
        "probability": 0.598938107491,
        "value": "pop"
    },
    "genre_tzanetakis": {
        "all": {
            "blu": 0.0626541376114,
            "cla": 0.0348133966327,
            "cou": 0.0783501937985,
            "dis": 0.104547761381,
            "hip": 0.15693578124,
            "jaz": 0.313987255096,
            "met": 0.044816005975,
            "pop": 0.0627349764109,
            "reg": 0.0627352520823,
            "roc": 0.0784252434969
        },
        "probability": 0.313987255096,
        "value": "jaz"
    },
    "ismir04_rhythm": {
        "all": {
            "ChaChaCha": 0.0170271247625,
            "Jive": 0.02469493635,
            "Quickstep": 0.827069580555,
            "Rumba-American": 0.00808210019022,
            "Rumba-International": 0.0112056555226,
            "Rumba-Misc": 0.00455159321427,
            "Samba": 0.0275459550321,
            "Tango": 0.00744436401874,
            "VienneseWaltz": 0.0688431039453,
            "Waltz": 0.00353561388329
        },
        "probability": 0.827069580555,
        "value": "Quickstep"
    },
    "mood_acoustic": {
        "all": {
            "acoustic": 0.5,
            "not_acoustic": 0.5
        },
        "probability": 0.5,
        "value": "acoustic"
    },
    "mood_aggressive": {
        "all": {
            "aggressive": 0.266823589802,
            "not_aggressive": 0.733176410198
        },
        "probability": 0.733176410198,
        "value": "not_aggressive"
    },
    "mood_electronic": {
        "all": {
            "electronic": 0.0343938320875,
            "not_electronic": 0.965606153011
        },
        "probability": 0.965606153011,
        "value": "not_electronic"
    },
    "mood_happy": {
        "all": {
            "happy": 0.830162227154,
            "not_happy": 0.169837802649
        },
        "probability": 0.830162227154,
        "value": "happy"
    },
    "mood_party": {
        "all": {
            "not_party": 0.863191962242,
            "party": 0.136808052659
        },
        "probability": 0.863191962242,
        "value": "not_party"
    },
    "mood_relaxed": {
        "all": {
            "not_relaxed": 0.392975509167,
            "relaxed": 0.607024490833
        },
        "probability": 0.607024490833,
        "value": "relaxed"
    },
    "mood_sad": {
        "all": {
            "not_sad": 0.333487093449,
            "sad": 0.666512906551
        },
        "probability": 0.666512906551,
        "value": "sad"
    },
    "moods_mirex": {
        "all": {
            "Cluster1": 0.205690428615,
            "Cluster2": 0.243074581027,
            "Cluster3": 0.152783632278,
            "Cluster4": 0.14241476357,
            "Cluster5": 0.256036579609
        },
        "probability": 0.256036579609,
        "value": "Cluster5"
    },
    "timbre": {
        "all": {
            "bright": 0.97583347559,
            "dark": 0.0241665299982
        },
        "probability": 0.97583347559,
        "value": "bright"
    },
    "tonal_atonal": {
        "all": {
            "atonal": 5.98276055825e-05,
            "tonal": 0.999940156937
        },
        "probability": 0.999940156937,
        "value": "tonal"
    },
    "voice_instrumental": {
        "all": {
            "instrumental": 0.00717343529686,
            "voice": 0.992826581001
        },
        "probability": 0.992826581001,
        "value": "voice"
    }
},
"lowlevel": {
    "average_loudness": 0.924017190933,
    "barkbands_crest": {
        "dmean": 2.47909617424,
        "dmean2": 4.00860977173,
        "dvar": 5.24593400955,
        "dvar2": 12.4500799179,
        "max": 23.0824623108,
        "mean": 9.30550193787,
        "median": 8.5532541275,
        "min": 2.86018109322,
        "var": 12.3111009598
    },
    "barkbands_flatness_db": {
        "dmean": 0.0217346847057,
        "dmean2": 0.0326274931431,
        "dvar": 0.000416815426433,
        "dvar2": 0.000840697437525,
        "max": 0.24926891923,
        "mean": 0.136223375797,
        "median": 0.133536309004,
        "min": 0.0500008128583,
        "var": 0.00134809291922
    },
    "barkbands_kurtosis": {
        "dmean": 1.85361897945,
        "dmean2": 2.90206933022,
        "dvar": 6.68566703796,
        "dvar2": 15.7022476196,
        "max": 27.6583747864,
        "mean": 2.52887654305,
        "median": 1.33452892303,
        "min": -1.91195309162,
        "var": 14.4144058228
    },
    "barkbands_skewness": {
        "dmean": 0.443257331848,
        "dmean2": 0.666511058807,
        "dvar": 0.201344251633,
        "dvar2": 0.436601638794,
        "max": 4.70546245575,
        "mean": 1.27917551994,
        "median": 1.07047736645,
        "min": -0.622587502003,
        "var": 0.694502949715
    },
    "barkbands_spread": {
        "dmean": 6.30954408646,
        "dmean2": 9.85812187195,
        "dvar": 60.9796638489,
        "dvar2": 132.590148926,
        "max": 112.015884399,
        "mean": 24.1040382385,
        "median": 22.0946388245,
        "min": 4.82610464096,
        "var": 182.478866577
    },
    "dissonance": {
        "dmean": 0.0240155216306,
        "dmean2": 0.0393850654364,
        "dvar": 0.000480535469251,
        "dvar2": 0.00131375773344,
        "max": 0.5,
        "mean": 0.452777475119,
        "median": 0.459389984608,
        "min": 0.305780500174,
        "var": 0.000979610718787
    },
    "dynamic_complexity": 2.58938264847,
    "erbbands_crest": {
        "dmean": 3.09016013145,
        "dmean2": 4.95169210434,
        "dvar": 8.20645046234,
        "dvar2": 18.9681243896,
        "max": 28.8141803741,
        "mean": 10.4901456833,
        "median": 9.27848148346,
        "min": 2.80827951431,
        "var": 25.4213256836
    },
    "erbbands_flatness_db": {
        "dmean": 0.0223917197436,
        "dmean2": 0.0330477021635,
        "dvar": 0.000429665058618,
        "dvar2": 0.000882051070221,
        "max": 0.263572901487,
        "mean": 0.149640321732,
        "median": 0.149915114045,
        "min": 0.060382373631,
        "var": 0.00126137898769
    },
    "erbbands_kurtosis": {
        "dmean": 0.908993661404,
        "dmean2": 1.41030561924,
        "dvar": 1.36685872078,
        "dvar2": 3.21855711937,
        "max": 14.9183006287,
        "mean": 0.699377834797,
        "median": 0.102836608887,
        "min": -1.72716546059,
        "var": 3.82614326477
    },
    "erbbands_skewness": {
        "dmean": 0.359289646149,
        "dmean2": 0.555523753166,
        "dvar": 0.0964129790664,
        "dvar2": 0.223931208253,
        "max": 3.07908415794,
        "mean": 0.611889779568,
        "median": 0.595554172993,
        "min": -1.63058316708,
        "var": 0.384650737047
    },
    "erbbands_spread": {
        "dmean": 10.0603294373,
        "dmean2": 15.1514511108,
        "dvar": 141.692840576,
        "dvar2": 318.536407471,
        "max": 148.547851562,
        "mean": 37.8153610229,
        "median": 34.193271637,
        "min": 5.40547609329,
        "var": 393.479278564
    },
    "hfc": {
        "dmean": 8.78487300873,
        "dmean2": 13.4257068634,
        "dvar": 92.9707489014,
        "dvar2": 218.601715088,
        "max": 121.717979431,
        "mean": 25.4776477814,
        "median": 23.7308139801,
        "min": 0.811728477478,
        "var": 316.012695312
    },
    "melbands_crest": {
        "dmean": 2.85138511658,
        "dmean2": 4.57503175735,
        "dvar": 7.1029715538,
        "dvar2": 16.3071422577,
        "max": 28.5577030182,
        "mean": 12.8544912338,
        "median": 12.0803785324,
        "min": 3.81850409508,
        "var": 19.5279655457
    },
    "melbands_flatness_db": {
        "dmean": 0.0248654223979,
        "dmean2": 0.0362903624773,
        "dvar": 0.000620350183453,
        "dvar2": 0.00122506101616,
        "max": 0.348827660084,
        "mean": 0.181523278356,
        "median": 0.175894737244,
        "min": 0.0524880439043,
        "var": 0.00228934618644
    },
    "melbands_kurtosis": {
        "dmean": 5.10142421722,
        "dmean2": 7.8816614151,
        "dvar": 63.6832084656,
        "dvar2": 154.681625366,
        "max": 95.5019760132,
        "mean": 9.05547714233,
        "median": 4.92282247543,
        "min": -1.07477128506,
        "var": 123.676826477
    },
    "melbands_skewness": {
        "dmean": 0.655056893826,
        "dmean2": 0.969187021255,
        "dvar": 0.523255586624,
        "dvar2": 1.16368889809,
        "max": 8.11793422699,
        "mean": 2.13337635994,
        "median": 1.80286753178,
        "min": -0.373799830675,
        "var": 1.75496244431
    },
    "melbands_spread": {
        "dmean": 6.28562355042,
        "dmean2": 9.68552875519,
        "dvar": 57.5006217957,
        "dvar2": 136.975463867,
        "max": 132.616638184,
        "mean": 24.4087963104,
        "median": 23.6508712769,
        "min": 3.25938367844,
        "var": 149.741439819
    },
    "pitch_salience": {
        "dmean": 0.0606427267194,
        "dmean2": 0.0969034358859,
        "dvar": 0.00313955685124,
        "dvar2": 0.00795307382941,
        "max": 0.845446228981,
        "mean": 0.520891308784,
        "median": 0.518612742424,
        "min": 0.220351696014,
        "var": 0.00847250316292
    },
    "silence_rate_20dB": {
        "dmean": 0,
        "dmean2": 0,
        "dvar": 0,
        "dvar2": 0,
        "max": 1,
        "mean": 1,
        "median": 1,
        "min": 1,
        "var": 0
    },
    "silence_rate_30dB": {
        "dmean": 0,
        "dmean2": 0,
        "dvar": 0,
        "dvar2": 0,
        "max": 1,
        "mean": 1,
        "median": 1,
        "min": 1,
        "var": 0
    },
    "silence_rate_60dB": {
        "dmean": 0.0201238393784,
        "dmean2": 0.0402788519859,
        "dvar": 0.0197188146412,
        "dvar2": 0.0417547002435,
        "max": 1,
        "mean": 0.0262954365462,
        "median": 0,
        "min": 0,
        "var": 0.0256045050919
    },
    "spectral_centroid": {
        "dmean": 231.174438477,
        "dmean2": 349.423278809,
        "dvar": 51980.3359375,
        "dvar2": 116034.304688,
        "max": 3008.86791992,
        "mean": 1285.91503906,
        "median": 1287.08740234,
        "min": 388.352478027,
        "var": 189392.5
    },
    "spectral_complexity": {
        "dmean": 3.89551091194,
        "dmean2": 5.66382646561,
        "dvar": 14.6508550644,
        "dvar2": 30.0093917847,
        "max": 46,
        "mean": 18.6256771088,
        "median": 18,
        "min": 3,
        "var": 64.3424377441
    },
    "spectral_decrease": {
        "dmean": 1.97829708171e-09,
        "dmean2": 2.98842528501e-09,
        "dvar": 4.20215568034e-18,
        "dvar2": 9.17968813301e-18,
        "max": -2.17980813955e-10,
        "mean": -7.04242930638e-09,
        "median": -6.58827170597e-09,
        "min": -2.0543513557e-08,
        "var": 1.67116440663e-17
    },
    "spectral_energy": {
        "dmean": 0.00808907300234,
        "dmean2": 0.0122323548421,
        "dvar": 6.92167741363e-05,
        "dvar2": 0.00015049763897,
        "max": 0.0831928923726,
        "mean": 0.0288906022906,
        "median": 0.0270507745445,
        "min": 0.000981639372185,
        "var": 0.000279246771242
    },
    "spectral_energyband_high": {
        "dmean": 0.000608162023127,
        "dmean2": 0.000982936937362,
        "dvar": 7.19719878362e-07,
        "dvar2": 1.75802233571e-06,
        "max": 0.0108361337334,
        "mean": 0.00107799831312,
        "median": 0.000756302441005,
        "min": 7.79883066571e-06,
        "var": 1.42074577525e-06
    },
    "spectral_energyband_low": {
        "dmean": 0.00224042613991,
        "dmean2": 0.0036460601259,
        "dvar": 8.47476621857e-06,
        "dvar2": 1.99502101168e-05,
        "max": 0.0286385826766,
        "mean": 0.00760205369443,
        "median": 0.00767487892881,
        "min": 3.81252502848e-05,
        "var": 2.09391819226e-05
    },
    "spectral_energyband_middle_high": {
        "dmean": 0.00252816174179,
        "dmean2": 0.00358939892612,
        "dvar": 1.03137253973e-05,
        "dvar2": 1.91844646906e-05,
        "max": 0.0575613081455,
        "mean": 0.00686082663015,
        "median": 0.00504586007446,
        "min": 0.000127537874505,
        "var": 4.7246900067e-05
    },
    "spectral_energyband_middle_low": {
        "dmean": 0.00620831409469,
        "dmean2": 0.00970722269267,
        "dvar": 4.85985037812e-05,
        "dvar2": 0.000111969740828,
        "max": 0.0685973539948,
        "mean": 0.0142564028502,
        "median": 0.0111816301942,
        "min": 0.000168203012436,
        "var": 0.000130903834361
    },
    "spectral_entropy": {
        "dmean": 0.2202514112,
        "dmean2": 0.31619066,
        "dvar": 0.0428788773715,
        "dvar2": 0.0924810171127,
        "max": 8.62656593323,
        "mean": 7.57378673553,
        "median": 7.56380558014,
        "min": 6.60160398483,
        "var": 0.114841006696
    },
    "spectral_flux": {
        "dmean": 0.0285558048636,
        "dmean2": 0.0443426445127,
        "dvar": 0.000710327876732,
        "dvar2": 0.00158192578238,
        "max": 0.223435297608,
        "mean": 0.0864866003394,
        "median": 0.083929143846,
        "min": 0.0140112871304,
        "var": 0.00150006997865
    },
    "spectral_kurtosis": {
        "dmean": 1.42900788784,
        "dmean2": 2.26871705055,
        "dvar": 1.96213686466,
        "dvar2": 5.15672254562,
        "max": 15.0442829132,
        "mean": 3.68956112862,
        "median": 3.47345161438,
        "min": -1.29286038876,
        "var": 3.95554423332
    },
    "spectral_rms": {
        "dmean": 0.000771574035753,
        "dmean2": 0.00113998947199,
        "dvar": 6.0125461232e-07,
        "dvar2": 1.21642381146e-06,
        "max": 0.00900909490883,
        "mean": 0.00504712900147,
        "median": 0.00513721723109,
        "min": 0.000978619907983,
        "var": 2.71251201411e-06
    },
    "spectral_rolloff": {
        "dmean": 484.830749512,
        "dmean2": 836.093139648,
        "dvar": 1084867.75,
        "dvar2": 2539647.5,
        "max": 10099.0722656,
        "mean": 1491.16918945,
        "median": 1291.9921875,
        "min": 150.732421875,
        "var": 2161647
    },
    "spectral_skewness": {
        "dmean": 0.214120283723,
        "dmean2": 0.335482448339,
        "dvar": 0.0364938117564,
        "dvar2": 0.0918550938368,
        "max": 2.85315608978,
        "mean": 1.52801311016,
        "median": 1.49921667576,
        "min": 0.20997017622,
        "var": 0.110289618373
    },
    "spectral_spread": {
        "dmean": 1001753.875,
        "dmean2": 1467874.5,
        "dvar": 1.31663632794e+12,
        "dvar2": 2.56777466675e+12,
        "max": 14924555,
        "mean": 5198901,
        "median": 4710917,
        "min": 2582321,
        "var": 3.29824600064e+12
    },
    "spectral_strongpeak": {
        "dmean": 0.641986846924,
        "dmean2": 1.02664279938,
        "dvar": 0.819664657116,
        "dvar2": 1.76025032997,
        "max": 8.04497337341,
        "mean": 1.37438952923,
        "median": 0.512958586216,
        "min": 0.0307794697583,
        "var": 2.28415465355
    },
    "zerocrossingrate": {
        "dmean": 0.0120966769755,
        "dmean2": 0.0147539610043,
        "dvar": 0.00017950720212,
        "dvar2": 0.000225159179536,
        "max": 0.27001953125,
        "mean": 0.0627745389938,
        "median": 0.05810546875,
        "min": 0.01220703125,
        "var": 0.0010007446399
    },
    "barkbands": {
        "dmean": [1.318924933e-05, 0.00114733027294, 0.00112809299026, 0.000902431551367, 0.00243462971412, 0.000771014427301, 0.00125588220544, 0.00119610095862, 0.00226741097867, 0.0011201268062, 0.00056378293084, 0.000301827065414, 0.000520407571457, 0.000466817902634, 0.000567037553992, 0.000234679013374, 0.000189778540516, 7.67963501858e-05, 0.000118559852126, 0.000170760322362, 0.000100070603366, 7.77417371864e-05, 9.68765743892e-05, 0.000160136594786, 0.000153888511704, 5.54079160793e-05, 3.82080749262e-08],
        "dmean2": [2.32518559642e-05, 0.00182937411591, 0.0018782527186, 0.00155133905355, 0.00395224848762, 0.00129738962278, 0.00198581861332, 0.00178943783976, 0.00353412237018, 0.00161454605404, 0.000814375700429, 0.000475643668324, 0.000816765183117, 0.000734625558835, 0.000873876851983, 0.000367483211448, 0.000295786536299, 0.000123602643725, 0.000182715448318, 0.00026055573835, 0.000160106254043, 0.000124586789752, 0.000157731337822, 0.000271442288067, 0.000259013700997, 9.4033908681e-05, 6.67298181156e-08],
        "dvar": [6.15595574516e-10, 2.20791685024e-06, 2.96664393318e-06, 2.15988166019e-06, 2.18448440137e-05, 1.48347146478e-06, 5.60305716135e-06, 5.26875146534e-06, 1.88763824553e-05, 7.34953073334e-06, 1.29164345708e-06, 5.15744488894e-07, 1.00550960269e-06, 9.172490536e-07, 9.03385853235e-07, 1.80143558737e-07, 7.45963362192e-08, 1.36245894566e-08, 2.71248907779e-08, 5.75750291887e-08, 1.65405786845e-08, 9.66772262245e-09, 2.28915979505e-08, 9.03598333934e-08, 8.62395808099e-08, 7.28528481986e-09, 3.21667131408e-14],
        "dvar2": [1.35662003853e-09, 4.92158733323e-06, 7.4422932812e-06, 5.57194925932e-06, 5.48139796592e-05, 3.91699677493e-06, 1.32270215545e-05, 1.1310768059e-05, 4.18540694227e-05, 1.33544863274e-05, 2.40569443122e-06, 1.17322417736e-06, 2.45398223342e-06, 1.98076259039e-06, 2.16368425754e-06, 3.78198905082e-07, 1.83979693702e-07, 3.44149491127e-08, 5.87890660597e-08, 1.23947501152e-07, 4.24755199901e-08, 2.498013707e-08, 5.68364342257e-08, 2.20543213914e-07, 2.08820779335e-07, 1.85754522875e-08, 5.31019896295e-14],
        "max": [0.000526493182406, 0.0139965284616, 0.0178444888443, 0.0232958495617, 0.0392283238471, 0.0230800490826, 0.0242969822139, 0.0316245630383, 0.0536096133292, 0.0510947629809, 0.0220124851912, 0.0103654274717, 0.0144882109016, 0.0118125369772, 0.0105674527586, 0.00662428699434, 0.00310415565036, 0.00157221371774, 0.00200828793459, 0.00310192676261, 0.00127581972629, 0.00101958133746, 0.00183651852421, 0.00502412160859, 0.00432466156781, 0.000825253955554, 5.23861262991e-06],
        "mean": [1.7528047465e-05, 0.00392419379205, 0.00293280323967, 0.00123377994169, 0.00308125908487, 0.00120848289225, 0.00184209202416, 0.00199768599123, 0.00450891349465, 0.00186930026393, 0.00099332863465, 0.000412869849242, 0.000771693186834, 0.000741905125324, 0.000968163076323, 0.000424083962571, 0.000352635950549, 0.000119786491268, 0.000214675717871, 0.000388070999179, 0.000192575127585, 0.000125990802189, 0.000112385765533, 0.000208391546039, 0.000181757830433, 6.62816237309e-05, 2.79557799132e-08],
        "median": [7.63784191804e-06, 0.00331908254884, 0.00198868568987, 0.000636062875856, 0.00120201113168, 0.000660416437313, 0.000634894415271, 0.000491308397613, 0.000934411480557, 0.000415429472923, 0.000267504772637, 0.000129706269945, 0.000290895579383, 0.000242755922955, 0.000287142058369, 0.000190427846974, 0.00018899931456, 7.16784998076e-05, 0.000117363990285, 0.000188732708921, 0.000135072041303, 8.85959161678e-05, 4.83235817228e-05, 8.8560700533e-05, 7.1051355917e-05, 2.39359906118e-05, 9.77957714809e-10],
        "min": [2.0909727283e-08, 3.83406950277e-06, 2.35002812587e-06, 1.55287125381e-06, 5.9552271523e-06, 3.52253255187e-06, 3.85335079045e-06, 3.7216968849e-06, 3.32154559146e-06, 2.18372770178e-06, 1.33496757826e-06, 1.74856643298e-06, 7.20751040717e-06, 7.29626799512e-06, 1.17763065646e-05, 2.69730253422e-06, 6.45252839604e-06, 2.15730642594e-06, 4.2324277274e-06, 2.33958780882e-06, 3.05879189e-06, 1.07964683593e-06, 1.36861743272e-07, 1.80009877226e-07, 7.64039331802e-10, 6.67256788017e-12, 5.82021063289e-12],
        "var": [7.70950803197e-10, 8.17746695247e-06, 7.82050301495e-06, 2.66953270511e-06, 2.44279999606e-05, 2.85939563582e-06, 9.19507419894e-06, 1.54392182594e-05, 7.49392347643e-05, 2.0010946173e-05, 4.82445102534e-06, 6.87063106852e-07, 1.61057346304e-06, 1.7592652739e-06, 2.1942157673e-06, 4.44185189963e-07, 1.86361930332e-07, 2.31918821925e-08, 6.57693846051e-08, 2.51870233114e-07, 3.7759125604e-08, 1.53309880346e-08, 3.1726237637e-08, 1.80260911975e-07, 1.48667410826e-07, 8.48587244917e-09, 2.81336216666e-14]
    },
    "erbbands": {
        "dmean": [0.0163643360138, 0.317156046629, 1.16384828091, 2.33569931984, 4.28024864197, 9.89941120148, 7.86292505264, 7.00693416595, 15.1108093262, 19.6777687073, 31.0068759918, 58.4526939392, 27.5627117157, 34.6104316711, 20.9601917267, 12.7747840881, 22.0178813934, 21.9926776886, 31.0012569427, 18.7847442627, 10.2801523209, 8.33162117004, 4.28746414185, 5.09717273712, 6.93247509003, 8.04145812988, 4.88254356384, 3.56266784668, 2.86361718178, 3.19303393364, 2.55603671074, 2.97799754143, 2.91286587715, 2.08394980431, 0.923678815365, 0.338969379663, 0.0899098291993, 0.00668943487108, 0.000135589056299, 1.64023949765e-05],
        "dmean2": [0.0261940695345, 0.506103038788, 1.90791904926, 3.95016121864, 7.12952899933, 16.2155437469, 12.9374227524, 11.6264076233, 23.9015808105, 28.9031486511, 48.2053565979, 89.8805541992, 40.8600120544, 48.6723365784, 30.0738735199, 19.4180984497, 33.8841629028, 34.0789413452, 47.3744010925, 28.7132854462, 15.9406547546, 12.7687597275, 6.76644563675, 8.07247257233, 10.6902704239, 12.2372407913, 7.69568300247, 5.629778862, 4.55168056488, 5.20375823975, 4.23332977295, 5.13023948669, 4.91383647919, 3.47829699516, 1.57547497749, 0.579122781754, 0.150056421757, 0.0112107796595, 0.000225081035751, 2.5555737011e-05],
        "dvar": [0.000451462372439, 0.168986395001, 2.82012939453, 13.9596672058, 103.028129578, 422.87020874, 205.462509155, 158.105529785, 831.554870605, 1181.72363281, 3243.34106445, 14528.9179688, 3998.14794922, 7433.35205078, 1549.28295898, 709.219604492, 2061.09301758, 2254.78173828, 3119.17016602, 949.746643066, 290.94921875, 148.537490845, 31.0149288177, 68.6182403564, 101.054893494, 121.035835266, 38.9770812988, 21.7790241241, 12.4216651917, 22.3372974396, 16.2171936035, 31.5227508545, 32.1771011353, 16.6747512817, 2.91562652588, 0.293161213398, 0.0182978678495, 9.82938145171e-05, 3.87406053903e-08, 3.62478824734e-10],
        "dvar2": [0.00108787289355, 0.373698502779, 6.68955755234, 36.6602363586, 240.179580688, 1087.00231934, 544.610351562, 377.480072021, 1941.9777832, 2500.64379883, 7562.14794922, 31370.5195312, 8313.72070312, 12590.9980469, 2825.12426758, 1566.27038574, 4952.46630859, 4604.625, 7206.76855469, 2355.97045898, 624.971557617, 345.950317383, 75.7529983521, 182.523498535, 203.007827759, 264.603851318, 94.0709381104, 57.8990364075, 31.92760849, 56.1836624146, 39.4089164734, 77.4737472534, 76.7039718628, 39.6171836853, 7.28134250641, 0.743378996849, 0.0469103269279, 0.000252340018051, 9.91355690871e-08, 9.01029917344e-10],
        "max": [0.228901281953, 3.78520131111, 17.6602363586, 50.0155410767, 145.110824585, 173.184677124, 133.530563354, 284.707275391, 404.669586182, 430.775390625, 895.165710449, 1504.83068848, 1563.82739258, 1818.12927246, 735.106933594, 465.446533203, 773.390625, 667.609436035, 684.106811523, 352.989440918, 320.563446045, 165.917449951, 57.8550415039, 131.146209717, 130.853820801, 159.681518555, 81.9144973755, 57.2403793335, 37.4816436768, 34.0162963867, 69.3066635132, 88.0889434814, 112.654693604, 61.1202049255, 24.4707698822, 6.10144805908, 1.13257277012, 0.0942859575152, 0.00216035521589, 0.000228210206842],
        "mean": [0.0514561645687, 1.09321522713, 3.54099965096, 3.93551659584, 5.7358007431, 11.8088197708, 10.9880208969, 11.2751817703, 22.7148990631, 32.6835670471, 57.3950614929, 119.172874451, 44.5096092224, 64.4487075806, 38.0715293884, 20.9141902924, 34.8272171021, 38.9057693481, 53.8768196106, 36.455280304, 21.6577377319, 16.8438091278, 7.77578258514, 8.24656963348, 13.9804534912, 18.2110710144, 10.5684700012, 6.70847463608, 4.89744615555, 3.94146847725, 3.05340719223, 3.53974413872, 3.88069653511, 2.50188398361, 1.0051831007, 0.37735041976, 0.110724143684, 0.00796898361295, 0.000180975403055, 4.5655779104e-05],
        "median": [0.0435907803476, 0.949736058712, 2.86987161636, 2.53010296822, 2.57878303528, 3.76855826378, 5.7095990181, 5.86215162277, 9.04928207397, 11.1023225784, 20.020029068, 25.9375648499, 16.4944763184, 17.6645088196, 14.7576560974, 8.80761241913, 13.7699317932, 17.0871486664, 17.1100273132, 14.2027549744, 10.5775680542, 9.38586235046, 5.35259962082, 4.79823446274, 7.41067075729, 8.54957103729, 6.25663375854, 4.69758605957, 3.52607035637, 2.12581992149, 1.31803035736, 1.31853413582, 1.65479385853, 0.923618018627, 0.344091981649, 0.141910985112, 0.0389211550355, 0.00244899396785, 7.67988021835e-05, 4.23249330197e-05],
        "min": [9.42964179558e-05, 0.00321329408325, 0.00869819428772, 0.0114853093401, 0.011122670956, 0.0328857004642, 0.0417353399098, 0.122761443257, 0.0816561579704, 0.0797143802047, 0.14808049798, 0.151798382401, 0.169302552938, 0.118657231331, 0.0954982042313, 0.15807300806, 0.28123819828, 0.410901069641, 0.441674679518, 0.448160290718, 0.369496047497, 0.370675593615, 0.179544851184, 0.3210285604, 0.213588163257, 0.144594565034, 0.115196533501, 0.116385161877, 0.0446292907, 0.0185445509851, 0.00554630579427, 0.003065896919, 0.00280653918162, 0.000502406910527, 1.60091094585e-05, 2.61041168415e-06, 1.20498873457e-06, 2.42142448315e-07, 5.82203483646e-07, 1.18921684589e-06],
        "var": [0.00144259515218, 0.63372784853, 8.99018096924, 18.5841617584, 129.648895264, 443.489746094, 234.804794312, 333.746337891, 1317.15100098, 3318.16162109, 9340.98144531, 55963.8125, 7888.05859375, 24502.2265625, 5358.296875, 1213.3684082, 3205.23974609, 4236.73388672, 7401.97900391, 2538.80175781, 852.087585449, 397.544677734, 59.3774604797, 109.338508606, 284.89730835, 555.412353516, 140.671707153, 45.0317077637, 23.0502681732, 24.7939224243, 27.6797447205, 61.0136184692, 64.2539520264, 30.5438270569, 3.95323634148, 0.332350850105, 0.0241103358567, 0.000138115894515, 5.36635873516e-08, 8.3873807899e-10]
    },
    "gfcc": {
        "mean": [24.1277141571, 87.7727813721, -115.322868347, 29.8412666321, -62.8255767822, 23.6011943817, -37.5225639343, 17.1881828308, -24.1376075745, 10.8018856049, -21.4538803101, -7.6266207695, -7.4045753479],
        "cov": [[3139.50463867, -1076.37731934, 145.919509888, -413.874420166, -107.656005859, 200.939025879, -19.16065979, 174.867980957, -202.067138672, 170.211486816, -294.292633057, 55.6979675293, -220.261291504], [-1076.37731934, 948.95123291, -179.063613892, 179.58114624, 127.246589661, -135.869552612, 148.707641602, -135.945297241, 107.987121582, -118.678215027, 144.866333008, -84.7612991333, 129.555755615], [145.919509888, -179.063613892, 497.954101562, 57.9884681702, -23.8038692474, 71.6179962158, -125.040657043, 32.8691177368, -88.0278778076, -29.3839378357, -18.9926204681, 91.0516204834, -56.4990501404], [-413.874420166, 179.58114624, 57.9884681702, 292.553588867, 42.6171035767, -43.528881073, -69.6312789917, -74.9278259277, 83.8531341553, -61.5451278687, 38.6626701355, -21.0051574707, 77.1689758301], [-107.656005859, 127.246589661, -23.8038692474, 42.6171035767, 179.526199341, 6.3010840416, 48.1339111328, -15.4744672775, 0.762314856052, -3.31159710884, -13.903924942, 5.4209394455, -6.11429548264], [200.939025879, -135.869552612, 71.6179962158, -43.528881073, 6.3010840416, 141.684783936, 20.7551651001, 50.3077850342, -47.4533462524, 4.35172748566, 13.1635484695, 4.77088546753, -34.7375030518], [-19.16065979, 148.707641602, -125.040657043, -69.6312789917, 48.1339111328, 20.7551651001, 214.040725708, 29.3040943146, -19.8487701416, -2.99120044708, 1.01901042461, -37.3743362427, -13.6534442902], [174.867980957, -135.945297241, 32.8691177368, -74.9278259277, -15.4744672775, 50.3077850342, 29.3040943146, 119.640289307, 1.69237375259, 45.8972816467, -13.1403179169, -0.544098973274, -33.5581474304], [-202.067138672, 107.987121582, -88.0278778076, 83.8531341553, 0.762314856052, -47.4533462524, -19.8487701416, 1.69237375259, 152.017074585, 20.4779911041, 20.2440567017, -30.9093284607, 38.9852600098], [170.211486816, -118.678215027, -29.3839378357, -61.5451278687, -3.31159710884, 4.35172748566, -2.99120044708, 45.8972816467, 20.4779911041, 117.11933136, -3.55984425545, -8.91127681732, -29.762840271], [-294.292633057, 144.866333008, -18.9926204681, 38.6626701355, -13.903924942, 13.1635484695, 1.01901042461, -13.1403179169, 20.2440567017, -3.55984425545, 135.24887085, 9.47470283508, 19.0762996674], [55.6979675293, -84.7612991333, 91.0516204834, -21.0051574707, 5.4209394455, 4.77088546753, -37.3743362427, -0.544098973274, -30.9093284607, -8.91127681732, 9.47470283508, 129.534133911, -17.1706829071], [-220.261291504, 129.555755615, -56.4990501404, 77.1689758301, -6.11429548264, -34.7375030518, -13.6534442902, -33.5581474304, 38.9852600098, -29.762840271, 19.0762996674, -17.1706829071, 113.2837677]],
        "icov": [[0.00065560702933, 0.000423238612711, -7.88912970506e-08, 0.00032430520514, 0.000176867892151, -0.000519679451827, -0.00015879975399, 0.000314863777021, 7.37085210858e-05, -0.000392328714952, 0.000933578819968, -3.58498109563e-05, 0.000202968833037], [0.000423238612711, 0.00502679636702, -0.00176204764284, 0.00195326446556, -0.00338881183416, 0.00401878356934, -0.00367923732847, 0.00306069967337, -0.00289011793211, 0.00351982028224, -0.00504997372627, 0.00321605801582, -0.00236542942002], [-7.88912970506e-08, -0.00176204764284, 0.00499732652679, -0.00341384438798, 0.00200411560945, -0.00264292745851, 0.00330479047261, -0.00358680286445, 0.00399503996596, -0.000793263781816, 0.00284742959775, -0.0031897907611, 0.00292016007006], [0.00032430520514, 0.00195326446556, -0.00341384438798, 0.00968796387315, -0.00397062301636, 0.00173207465559, -0.000175093911821, 0.00464131357148, -0.00609974283725, 0.00398596096784, -0.00344703625888, 0.0037288677413, -0.0039426907897], [0.000176867892151, -0.00338881183416, 0.00200411560945, -0.00397062301636, 0.00994340144098, -0.00454394100234, 0.000185269542271, -0.000854903250001, 0.002655119868, -0.00429360521957, 0.00615884456784, -0.0042445641011, 0.00311393826269], [-0.000519679451827, 0.00401878356934, -0.00264292745851, 0.00173207465559, -0.00454394100234, 0.015128871426, -0.00315145752393, -0.00221163895912, 5.71799973841e-05, 0.00489530898631, -0.00843220576644, 0.00449061626568, -0.00137854076456], [-0.00015879975399, -0.00367923732847, 0.00330479047261, -0.000175093911821, 0.000185269542271, -0.00315145752393, 0.0104213915765, -0.00505816051736, 0.00373161584139, -0.000365550455172, 0.00298931752332, -0.000619960890617, 0.00249015912414], [0.000314863777021, 0.00306069967337, -0.00358680286445, 0.00464131357148, -0.000854903250001, -0.00221163895912, -0.00505816051736, 0.0175364464521, -0.00664126640186, -0.00190212321468, -0.00152522604913, 0.00205342588015, -0.00162394484505], [7.37085210858e-05, -0.00289011793211, 0.00399503996596, -0.00609974283725, 0.002655119868, 5.71799973841e-05, 0.00373161584139, -0.00664126640186, 0.0145791936666, -0.00474059395492, 0.00278781866655, -0.00166951725259, 0.00125419115648], [-0.000392328714952, 0.00351982028224, -0.000793263781816, 0.00398596096784, -0.00429360521957, 0.00489530898631, -0.000365550455172, -0.00190212321468, -0.00474059395492, 0.0160135198385, -0.00615964643657, 0.00401556119323, 0.000247264280915], [0.000933578819968, -0.00504997372627, 0.00284742959775, -0.00344703625888, 0.00615884456784, -0.00843220576644, 0.00298931752332, -0.00152522604913, 0.00278781866655, -0.00615964643657, 0.0169672891498, -0.00600322242826, 0.0026691800449], [-3.58498109563e-05, 0.00321605801582, -0.0031897907611, 0.0037288677413, -0.0042445641011, 0.00449061626568, -0.000619960890617, 0.00205342588015, -0.00166951725259, 0.00401556119323, -0.00600322242826, 0.0126278623939, -0.00164272449911], [0.000202968833037, -0.00236542942002, 0.00292016007006, -0.0039426907897, 0.00311393826269, -0.00137854076456, 0.00249015912414, -0.00162394484505, 0.00125419115648, 0.000247264280915, 0.0026691800449, -0.00164272449911, 0.0145686846226]]
    },
    "melbands": {
        "dmean": [0.000235616927966, 0.000534879043698, 0.000419239368057, 0.000493255909532, 0.000340149359545, 0.000150532185216, 0.000239817920374, 0.000218598186621, 0.000293515244266, 0.00035774425487, 0.000137313618325, 0.000150358857354, 7.7694945503e-05, 3.70491106878e-05, 4.05534265155e-05, 4.94859559694e-05, 4.29657993664e-05, 5.23879607499e-05, 3.22509149555e-05, 2.30750338233e-05, 1.22492547234e-05, 1.02982230601e-05, 6.22214292889e-06, 3.84264649256e-06, 4.32992646893e-06, 4.91557830173e-06, 6.40269945507e-06, 5.3708363339e-06, 3.79999391953e-06, 2.53077223533e-06, 2.15255408875e-06, 1.78785853677e-06, 1.47514742821e-06, 2.03495687856e-06, 1.52104462359e-06, 1.57867032158e-06, 1.92843685909e-06, 2.21529808186e-06, 1.94888912119e-06, 1.73826890659e-06],
        "dmean2": [0.000373276503524, 0.000869270181283, 0.000705111015122, 0.000812324869912, 0.000551363860723, 0.000251684279647, 0.0003789186012, 0.000316364545142, 0.000454179069493, 0.000547665287741, 0.000204221141757, 0.000213535444345, 0.000111629735329, 5.62923269172e-05, 6.2528604758e-05, 7.68898898968e-05, 6.70579029247e-05, 8.01607820904e-05, 4.98325316585e-05, 3.54084586434e-05, 1.90072205442e-05, 1.60059498739e-05, 9.85262704489e-06, 6.19400361757e-06, 7.00642931406e-06, 7.68394147599e-06, 9.73534952209e-06, 8.18073567643e-06, 6.12401936451e-06, 4.05792297897e-06, 3.4469160255e-06, 2.86047657028e-06, 2.40470490098e-06, 3.36238690579e-06, 2.5450042358e-06, 2.671805305e-06, 3.32029617311e-06, 3.74912747247e-06, 3.25237647303e-06, 2.89442004942e-06],
        "dvar": [9.14393822882e-08, 5.16262389283e-07, 4.49493256838e-07, 8.90798048658e-07, 4.70093056038e-07, 6.64434978148e-08, 2.10818939195e-07, 1.4047563468e-07, 2.43230147134e-07, 5.85722489177e-07, 1.02506675148e-07, 1.47047842347e-07, 2.29606147428e-08, 7.47683248647e-09, 6.87098067331e-09, 9.779103749e-09, 9.86370274347e-09, 9.52263778942e-09, 3.43648487444e-09, 1.66945623992e-09, 4.22260532096e-10, 2.59310101169e-10, 8.30579285904e-11, 3.33596622548e-11, 5.53534024172e-11, 6.08512892852e-11, 8.7778929958e-11, 5.39969874369e-11, 2.74923035726e-11, 1.24606514343e-11, 9.68120375533e-12, 5.04039258248e-12, 4.36816164837e-12, 1.0540299536e-11, 6.04983814781e-12, 8.56867007903e-12, 1.41198025494e-11, 1.92208957084e-11, 1.65980094252e-11, 1.15128418951e-11],
        "dvar2": [2.11080703139e-07, 1.18857883535e-06, 1.08777715013e-06, 2.19552202907e-06, 1.21564858091e-06, 1.62737364917e-07, 4.93129903134e-07, 2.84304348952e-07, 5.76982756684e-07, 1.23597897073e-06, 2.14165865486e-07, 2.50749906172e-07, 4.4201755145e-08, 1.59413282574e-08, 1.60946580507e-08, 2.28115215606e-08, 2.01888585849e-08, 2.18771312177e-08, 8.50008241571e-09, 3.79740239254e-09, 9.86867920716e-10, 6.3641092396e-10, 1.89912890969e-10, 8.3146968477e-11, 1.49350407042e-10, 1.29597652054e-10, 1.90322396731e-10, 1.20690915595e-10, 6.77155553852e-11, 3.25080240504e-11, 2.63402945289e-11, 1.31547255727e-11, 1.1379427782e-11, 2.68016251553e-11, 1.50132666715e-11, 2.1006064943e-11, 3.4171221408e-11, 4.56336808619e-11, 3.96489160948e-11, 2.78918624308e-11],
        "max": [0.00323649216443, 0.00777833117172, 0.00931620411575, 0.00998479127884, 0.00563792185858, 0.00562795856968, 0.00582109112293, 0.00489644519985, 0.00734292436391, 0.0100429076701, 0.00773042486981, 0.00818181224167, 0.00265153171495, 0.00144507084042, 0.00116075994447, 0.00161694781855, 0.00152341695502, 0.00113824382424, 0.000764847383834, 0.000567787559703, 0.000409328204114, 0.000228400589549, 0.000143043478602, 5.79956140427e-05, 0.000121303222841, 0.000130761865876, 0.000107794170617, 0.000107935658889, 7.83782234066e-05, 4.12636654801e-05, 4.32436827396e-05, 2.47835632763e-05, 2.53480739048e-05, 2.51502369792e-05, 3.59305959137e-05, 3.90835339203e-05, 7.0331931056e-05, 8.97240897757e-05, 7.68607933423e-05, 4.44634424639e-05],
        "mean": [0.000790147285443, 0.00179403636139, 0.000729861843865, 0.000614263524767, 0.000463336094981, 0.000239062734181, 0.000357614189852, 0.000360302219633, 0.000551128352527, 0.000699550670106, 0.000202665192774, 0.000269418465905, 0.000136456568725, 5.62425993849e-05, 6.44750834908e-05, 7.59970425861e-05, 7.02586112311e-05, 8.75651676324e-05, 5.47789168195e-05, 4.05497739848e-05, 2.33744431171e-05, 1.94106742128e-05, 1.04048012872e-05, 5.78811886953e-06, 6.29369060334e-06, 8.87848182174e-06, 1.2277823771e-05, 1.20337344924e-05, 7.75558237365e-06, 4.26632414019e-06, 3.81141603611e-06, 3.01945897263e-06, 2.04359798772e-06, 2.23994516091e-06, 1.76460378043e-06, 1.74605781922e-06, 2.24632890422e-06, 2.85102510134e-06, 2.49267668551e-06, 1.9483475171e-06],
        "median": [0.000685379141942, 0.00160376750864, 0.000503969902638, 0.000265410460997, 0.000214167579543, 0.000125933453091, 0.000136157832458, 0.000108603926492, 0.000147619924974, 0.000142449207488, 5.40676192031e-05, 6.13590091234e-05, 4.26024053013e-05, 2.11904352909e-05, 2.1260289941e-05, 2.97641799989e-05, 2.43008016696e-05, 2.46868530667e-05, 2.06221338885e-05, 1.49704756041e-05, 1.12642137537e-05, 1.0219609976e-05, 5.36381912752e-06, 3.15534498441e-06, 3.27779821419e-06, 4.41757401859e-06, 5.39021721124e-06, 5.31656814928e-06, 3.79845369025e-06, 2.84465863842e-06, 2.35512334257e-06, 2.01924603971e-06, 1.27337057165e-06, 9.34669969865e-07, 7.64636752137e-07, 5.9966595245e-07, 7.76887873144e-07, 1.19449293834e-06, 9.6047824627e-07, 6.42296299702e-07],
        "min": [7.00653572494e-07, 5.1391884881e-06, 3.64246216122e-06, 3.40810515809e-07, 1.14569968446e-06, 8.90036005785e-07, 1.15632110465e-06, 8.23325535748e-07, 6.19392722001e-07, 5.86638066125e-07, 5.31491366473e-07, 4.50493018889e-07, 2.17920302248e-07, 3.61285344752e-07, 4.5342594035e-07, 9.97458755592e-07, 7.02684303633e-07, 4.96963252772e-07, 7.13116548923e-07, 2.23641222874e-07, 1.71782275515e-07, 3.62139161325e-07, 1.19661820008e-07, 9.4190752975e-08, 1.35207812946e-07, 1.50498991047e-07, 4.2216303342e-08, 8.40048528516e-08, 5.58536505935e-08, 6.94854449534e-08, 5.82488048906e-08, 1.61974238466e-08, 1.15029035186e-08, 7.8520958624e-09, 1.5836498779e-09, 7.27329030337e-11, 1.19557100331e-10, 1.09513587088e-09, 3.84756837501e-10, 2.09303798251e-12],
