{
"highlevel": {
    "danceability": {
        "all": {
            "danceable": 1.10650444185e-06,
            "not_danceable": 0.999998867512
        },
        "probability": 0.999998867512,
        "value": "not_danceable"
    },
    "gender": {
        "all": {
            "female": 0.450706154108,
            "male": 0.549293875694
        },
        "probability": 0.549293875694,
        "value": "male"
    },
    "genre_dortmund": {
        "all": {
            "alternative": 0.172991737723,
            "blues": 0.0129421548918,
            "electronic": 0.00851809605956,
            "folkcountry": 0.0377308353782,
            "funksoulrnb": 0.00461914483458,
            "jazz": 0.00170170154888,
            "pop": 0.0429084971547,
            "raphiphop": 0.000571913551539,
            "rock": 0.718015909195
        },
        "probability": 0.718015909195,
        "value": "rock"
    },
    "genre_electronic": {
        "all": {
            "ambient": 0.36690595746,
            "dnb": 0.158999741077,
            "house": 0.0360028408468,
            "techno": 0.0247903894633,
            "trance": 0.413301080465
        },
        "probability": 0.413301080465,
        "value": "trance"
    },
    "genre_rosamerica": {
        "all": {
            "cla": 0.00351987266913,
            "dan": 0.00050370831741,
            "hip": 0.000234657796682,
            "jaz": 0.000222119313548,
            "pop": 0.00265642162412,
            "rhy": 0.0004219613038,
            "roc": 0.992418646812,
            "spe": 2.2624815756e-05
        },
        "probability": 0.992418646812,
        "value": "roc"
    },
    "genre_tzanetakis": {
        "all": {
            "blu": 0.0626541376114,
            "cla": 0.0348133966327,
            "cou": 0.0783501937985,
            "dis": 0.104547761381,
            "hip": 0.15693578124,
            "jaz": 0.313987255096,
            "met": 0.044816005975,
            "pop": 0.0627349764109,
            "reg": 0.0627352520823,
            "roc": 0.0784252434969
        },
        "probability": 0.313987255096,
        "value": "jaz"
    },
    "ismir04_rhythm": {
        "all": {
            "ChaChaCha": 0.0329893939197,
            "Jive": 0.733706235886,
            "Quickstep": 0.00998873170465,
            "Rumba-American": 0.00309858098626,
            "Rumba-International": 0.00609890883788,
            "Rumba-Misc": 0.00303144706413,
            "Samba": 0.0417721271515,
            "Tango": 0.00597148947418,
            "VienneseWaltz": 0.157111778855,
            "Waltz": 0.00623133359477
        },
        "probability": 0.733706235886,
        "value": "Jive"
    },
    "mood_acoustic": {
        "all": {
            "acoustic": 4.38480492448e-06,
            "not_acoustic": 0.999995589256
        },
        "probability": 0.999995589256,
        "value": "not_acoustic"
    },
    "mood_aggressive": {
        "all": {
            "aggressive": 0.999436736107,
            "not_aggressive": 0.000563239853363
        },
        "probability": 0.999436736107,
        "value": "aggressive"
    },
    "mood_electronic": {
        "all": {
            "electronic": 0.0626665204763,
            "not_electronic": 0.937333464622
        },
        "probability": 0.937333464622,
        "value": "not_electronic"
    },
    "mood_happy": {
        "all": {
            "happy": 0.909407734871,
            "not_happy": 0.0905922427773
        },
        "probability": 0.909407734871,
        "value": "happy"
    },
    "mood_party": {
        "all": {
            "not_party": 0.168237507343,
            "party": 0.831762492657
        },
        "probability": 0.831762492657,
        "value": "party"
    },
    "mood_relaxed": {
        "all": {
            "not_relaxed": 0.974279344082,
            "relaxed": 0.0257206596434
        },
        "probability": 0.974279344082,
        "value": "not_relaxed"
    },
    "mood_sad": {
        "all": {
            "not_sad": 0.93771892786,
            "sad": 0.0622810535133
        },
        "probability": 0.93771892786,
        "value": "not_sad"
    },
    "moods_mirex": {
        "all": {
            "Cluster1": 0.745265901089,
            "Cluster2": 0.0390965901315,
            "Cluster3": 0.0422552488744,
            "Cluster4": 0.0346899069846,
            "Cluster5": 0.138692334294
        },
        "probability": 0.745265901089,
        "value": "Cluster1"
    },
    "timbre": {
        "all": {
            "bright": 0.703393995762,
            "dark": 0.296606004238
        },
        "probability": 0.703393995762,
        "value": "bright"
    },
    "tonal_atonal": {
        "all": {
            "atonal": 0.00425442820415,
            "tonal": 0.99574559927
        },
        "probability": 0.99574559927,
        "value": "tonal"
    },
    "voice_instrumental": {
        "all": {
            "instrumental": 1.99853056984e-05,
            "voice": 0.999980032444
        },
        "probability": 0.999980032444,
        "value": "voice"
    }
},
"lowlevel": {
    "average_loudness": 0.97413110733,
    "barkbands_crest": {
        "dmean": 2.51438331604,
        "dmean2": 4.19496965408,
        "dvar": 7.74095487595,
        "dvar2": 19.0231494904,
        "max": 21.2522106171,
        "mean": 6.78525590897,
        "median": 5.75555896759,
        "min": 2.18847227097,
        "var": 10.8378601074
    },
    "barkbands_flatness_db": {
        "dmean": 0.0144265536219,
        "dmean2": 0.0240345429629,
        "dvar": 0.000193992294953,
        "dvar2": 0.000518934451975,
        "max": 0.182390064001,
        "mean": 0.0967991426587,
        "median": 0.0934845209122,
        "min": 0.050963498652,
        "var": 0.00045456236694
    },
    "barkbands_kurtosis": {
        "dmean": 0.506885945797,
        "dmean2": 0.872298657894,
        "dvar": 0.528940796852,
        "dvar2": 1.44688439369,
        "max": 8.33278083801,
        "mean": -0.566529333591,
        "median": -0.743327379227,
        "min": -1.6497066021,
        "var": 0.620563447475
    },
    "barkbands_skewness": {
        "dmean": 0.3583804667,
        "dmean2": 0.586802601814,
        "dvar": 0.129773750901,
        "dvar2": 0.320730417967,
        "max": 3.00487399101,
        "mean": 0.263725847006,
        "median": 0.216678395867,
        "min": -1.28112471104,
        "var": 0.264997601509
    },
    "barkbands_spread": {
        "dmean": 4.79834794998,
        "dmean2": 7.71183919907,
        "dvar": 20.0982627869,
        "dvar2": 46.0760498047,
        "max": 72.9528121948,
        "mean": 32.8055763245,
        "median": 32.199546814,
        "min": 8.73625087738,
        "var": 83.367225647
    },
    "dissonance": {
        "dmean": 0.0110814506188,
        "dmean2": 0.0186964292079,
        "dvar": 0.000121265751659,
        "dvar2": 0.000345090404153,
        "max": 0.49996176362,
        "mean": 0.480516284704,
        "median": 0.483795255423,
        "min": 0.39122697711,
        "var": 0.000184890930541
    },
    "dynamic_complexity": 1.08985674381,
    "erbbands_crest": {
        "dmean": 2.77224993706,
        "dmean2": 4.59801530838,
        "dvar": 7.25515508652,
        "dvar2": 18.110824585,
        "max": 28.5540294647,
        "mean": 8.71308803558,
        "median": 7.56667423248,
        "min": 3.01992583275,
        "var": 15.9795732498
    },
    "erbbands_flatness_db": {
        "dmean": 0.0143600488082,
        "dmean2": 0.02170240134,
        "dvar": 0.000164176686667,
        "dvar2": 0.00036957100383,
        "max": 0.256965517998,
        "mean": 0.153391584754,
        "median": 0.149634182453,
        "min": 0.0779996216297,
        "var": 0.000822456146125
    },
    "erbbands_kurtosis": {
        "dmean": 0.775583207607,
        "dmean2": 1.22448706627,
        "dvar": 0.680538713932,
        "dvar2": 1.65852463245,
        "max": 11.4597492218,
        "mean": 0.940438568592,
        "median": 0.627796649933,
        "min": -1.28588354588,
        "var": 1.85929346085
    },
    "erbbands_skewness": {
        "dmean": 0.268435716629,
        "dmean2": 0.414964139462,
        "dvar": 0.0514858290553,
        "dvar2": 0.125711560249,
        "max": 2.35201191902,
        "mean": -0.133693695068,
        "median": -0.147622257471,
        "min": -1.52207911015,
        "var": 0.231899157166
    },
    "erbbands_spread": {
        "dmean": 5.44483375549,
        "dmean2": 8.58568096161,
        "dvar": 30.9164447784,
        "dvar2": 77.647026062,
        "max": 77.6861114502,
        "mean": 26.6765117645,
        "median": 25.654088974,
        "min": 6.29812049866,
        "var": 94.472946167
    },
    "hfc": {
        "dmean": 7.86650943756,
        "dmean2": 12.1351709366,
        "dvar": 62.1593093872,
        "dvar2": 143.113586426,
        "max": 100.035865784,
        "mean": 39.6057815552,
        "median": 40.3184356689,
        "min": 7.64888811111,
        "var": 209.699874878
    },
    "melbands_crest": {
        "dmean": 3.44277763367,
        "dmean2": 5.76723146439,
        "dvar": 14.0258741379,
        "dvar2": 35.500038147,
        "max": 28.2132091522,
        "mean": 10.778550148,
        "median": 9.62514686584,
        "min": 3.99463033676,
        "var": 19.1680545807
    },
    "melbands_flatness_db": {
        "dmean": 0.0190799180418,
        "dmean2": 0.0307755526155,
        "dvar": 0.000441650248831,
        "dvar2": 0.00109609297942,
        "max": 0.25016695261,
        "mean": 0.120788216591,
        "median": 0.118400722742,
        "min": 0.0416262000799,
        "var": 0.000926939886995
    },
    "melbands_kurtosis": {
        "dmean": 1.86091411114,
        "dmean2": 3.14936876297,
        "dvar": 8.98142528534,
        "dvar2": 23.5113067627,
        "max": 32.9001960754,
        "mean": 1.47516822815,
        "median": 0.613353490829,
        "min": -1.51103067398,
        "var": 9.45227813721
    },
    "melbands_skewness": {
        "dmean": 0.516167581081,
        "dmean2": 0.832626104355,
        "dvar": 0.312020689249,
        "dvar2": 0.771058022976,
        "max": 5.37998008728,
        "mean": 1.17731893063,
        "median": 1.07200181484,
        "min": -0.776595175266,
        "var": 0.588170528412
    },
    "melbands_spread": {
        "dmean": 8.58293914795,
        "dmean2": 13.8112382889,
        "dvar": 65.0187759399,
        "dvar2": 164.56111145,
        "max": 105.511924744,
        "mean": 46.4734230042,
        "median": 45.2899169922,
        "min": 9.41030025482,
        "var": 172.538604736
    },
    "pitch_salience": {
        "dmean": 0.0664969682693,
        "dmean2": 0.109474271536,
        "dvar": 0.00398790137842,
        "dvar2": 0.0101266764104,
        "max": 0.765309154987,
        "mean": 0.575399875641,
        "median": 0.582824409008,
        "min": 0.202513381839,
        "var": 0.00643330346793
    },
    "silence_rate_20dB": {
        "dmean": 0,
        "dmean2": 0,
        "dvar": 0,
        "dvar2": 0,
        "max": 1,
        "mean": 1,
        "median": 1,
        "min": 1,
        "var": 0
    },
    "silence_rate_30dB": {
        "dmean": 0,
        "dmean2": 0,
        "dvar": 0,
        "dvar2": 0,
        "max": 1,
        "mean": 1,
        "median": 1,
        "min": 1,
        "var": 0
    },
    "silence_rate_60dB": {
        "dmean": 0,
        "dmean2": 0,
        "dvar": 0,
        "dvar2": 0,
        "max": 0,
        "mean": 0,
        "median": 0,
        "min": 0,
        "var": 0
    },
    "spectral_centroid": {
        "dmean": 184.095703125,
        "dmean2": 291.518981934,
        "dvar": 24372.3535156,
        "dvar2": 58475.8867188,
        "max": 3136.4074707,
        "mean": 1971.55236816,
        "median": 1960.55053711,
        "min": 1214.5723877,
        "var": 93332.3671875
    },
    "spectral_complexity": {
        "dmean": 3.86687302589,
        "dmean2": 6.17195987701,
        "dvar": 10.2098531723,
        "dvar2": 24.5419979095,
        "max": 52,
        "mean": 33.5846862793,
        "median": 33,
        "min": 13,
        "var": 32.0541572571
    },
    "spectral_decrease": {
        "dmean": 2.25270757603e-09,
        "dmean2": 3.59509799708e-09,
        "dvar": 7.41448718736e-18,
        "dvar2": 1.75534856281e-17,
        "max": -1.648822745e-09,
        "mean": -7.56620277542e-09,
        "median": -7.05121827593e-09,
        "min": -2.19014140157e-08,
        "var": 1.05891236603e-17
    },
    "spectral_energy": {
        "dmean": 0.00898810010403,
        "dmean2": 0.0142892859876,
        "dvar": 0.000110414672235,
        "dvar2": 0.000257540552411,
        "max": 0.0858891606331,
        "mean": 0.0321489907801,
        "median": 0.0302668605,
        "min": 0.0069168205373,
        "var": 0.000170062718098
    },
    "spectral_energyband_high": {
        "dmean": 0.000471425504657,
        "dmean2": 0.000765355012845,
        "dvar": 6.10590575434e-07,
        "dvar2": 1.52961035838e-06,
        "max": 0.00999392662197,
        "mean": 0.00141797505785,
        "median": 0.00105408055242,
        "min": 0.000144176621689,
        "var": 1.39669964483e-06
    },
    "spectral_energyband_low": {
        "dmean": 0.00528078200296,
        "dmean2": 0.00877710524946,
        "dvar": 9.77326344582e-05,
        "dvar2": 0.000242622205405,
        "max": 0.0635170042515,
        "mean": 0.00817614607513,
        "median": 0.00542824622244,
        "min": 0.000608072150499,
        "var": 8.73031967785e-05
    },
    "spectral_energyband_middle_high": {
        "dmean": 0.0036263265647,
        "dmean2": 0.00555182434618,
        "dvar": 1.24693815451e-05,
        "dvar2": 2.8299391488e-05,
        "max": 0.0542164444923,
        "mean": 0.0150048257783,
        "median": 0.0140646919608,
        "min": 0.00244174548425,
        "var": 4.69159094791e-05
    },
    "spectral_energyband_middle_low": {
        "dmean": 0.00334044126794,
        "dmean2": 0.00539221568033,
        "dvar": 2.49854729191e-05,
        "dvar2": 6.3639752625e-05,
        "max": 0.0414054691792,
        "mean": 0.00808589998633,
        "median": 0.00652031926438,
        "min": 0.00136376230512,
        "var": 3.13376513077e-05
    },
    "spectral_entropy": {
        "dmean": 0.0882543176413,
        "dmean2": 0.132407441735,
        "dvar": 0.00735815381631,
        "dvar2": 0.0154814291745,
        "max": 8.80202293396,
        "mean": 7.88547563553,
        "median": 7.88709211349,
        "min": 7.39840745926,
        "var": 0.034646704793
    },
    "spectral_flux": {
        "dmean": 0.0248217247427,
        "dmean2": 0.0394278801978,
        "dvar": 0.000635797274299,
        "dvar2": 0.00146359915379,
        "max": 0.221150830388,
        "mean": 0.102173961699,
        "median": 0.0928145647049,
        "min": 0.0438858121634,
        "var": 0.0012234672904
    },
    "spectral_kurtosis": {
        "dmean": 1.02751255035,
        "dmean2": 1.75671720505,
        "dvar": 0.823975622654,
        "dvar2": 2.34975147247,
        "max": 10.5372047424,
        "mean": 3.72345542908,
        "median": 3.58403158188,
        "min": 0.0988202095032,
        "var": 2.14028525352
    },
    "spectral_rms": {
        "dmean": 0.000745252764318,
        "dmean2": 0.00116523366887,
        "dvar": 6.27964425348e-07,
        "dvar2": 1.39513485919e-06,
        "max": 0.00915392301977,
        "mean": 0.00549293961376,
        "median": 0.005434026476,
        "min": 0.00259771384299,
        "var": 1.19249182262e-06
    },
    "spectral_rolloff": {
        "dmean": 452.663604736,
        "dmean2": 765.037719727,
        "dvar": 387785.3125,
        "dvar2": 898054.625,
        "max": 8225.68359375,
        "mean": 2338.75878906,
        "median": 2217.91992188,
        "min": 107.666015625,
        "var": 903926.8125
    },
    "spectral_skewness": {
        "dmean": 0.140849351883,
        "dmean2": 0.236073821783,
        "dvar": 0.0137827880681,
        "dvar2": 0.0373357012868,
        "max": 2.22059011459,
        "mean": 1.39660668373,
        "median": 1.38817036152,
        "min": 0.667792201042,
        "var": 0.0409200340509
    },
    "spectral_spread": {
        "dmean": 391099.09375,
        "dmean2": 585876.8125,
        "dvar": 437727002624,
        "dvar2": 641167982592,
        "max": 21991160,
        "mean": 4160750.5,
        "median": 4048444,
        "min": 2478844,
        "var": 983741956096
    },
    "spectral_strongpeak": {
        "dmean": 1.24743640423,
        "dmean2": 2.20446205139,
        "dvar": 2.75625061989,
        "dvar2": 7.01281929016,
        "max": 10.9507770538,
        "mean": 1.67357099056,
        "median": 0.458668231964,
        "min": 0.0385715179145,
        "var": 4.11874437332
    },
    "zerocrossingrate": {
        "dmean": 0.00873086135834,
        "dmean2": 0.0108333388343,
        "dvar": 7.33170381864e-05,
        "dvar2": 0.000106418694486,
        "max": 0.19775390625,
        "mean": 0.0842630714178,
        "median": 0.08056640625,
        "min": 0.0322265625,
        "var": 0.000511142774485
    },
    "barkbands": {
        "dmean": [0.000216900240048, 0.00441761827096, 0.00117722246796, 0.000914028263651, 0.00148300337605, 0.000743083655834, 0.00058935303241, 0.000437330338173, 0.00100806995761, 0.000661118130665, 0.000942824583035, 0.00108443701174, 0.000992539571598, 0.0010868042009, 0.000969070126303, 0.000799129134975, 0.000652741640806, 0.000343421474099, 0.000325245113345, 0.000225283947657, 0.000125887381728, 0.000101791250927, 0.000131269058329, 0.000130798027385, 4.2820291128e-05, 1.94101576199e-05, 2.65786459508e-09],
        "dmean2": [0.000359256460797, 0.00736065488309, 0.0019934377633, 0.00153109314851, 0.00255693378858, 0.00123103777878, 0.000919489422813, 0.000692211382557, 0.00157070858404, 0.00101711030584, 0.00152598449495, 0.00175825855695, 0.00159355101641, 0.00177665811498, 0.00150646048132, 0.00129737996031, 0.00105053151492, 0.000557116640266, 0.000528616656084, 0.000377270334866, 0.000210744969081, 0.00017129931075, 0.000217484048335, 0.000208037265111, 6.86038692947e-05, 3.06588117382e-05, 4.03070510302e-09],
        "dvar": [1.25465376755e-07, 8.87451387825e-05, 1.67359064562e-06, 2.71304975286e-06, 9.75435159489e-06, 1.23355516735e-06, 6.68082236643e-07, 5.82990878684e-07, 2.70325881502e-06, 1.46300976667e-06, 4.12058261645e-06, 3.02021067e-06, 2.3850989237e-06, 3.299781838e-06, 1.44974933391e-06, 1.60885394962e-06, 7.47804620005e-07, 2.54163040836e-07, 1.31508798518e-07, 9.1258200996e-08, 2.96002991007e-08, 2.29730563461e-08, 7.15022423492e-08, 6.56866845361e-08, 7.30137506011e-09, 1.86044624151e-09, 1.51927905766e-15],
        "dvar2": [2.89334906256e-07, 0.000218982240767, 4.64519780508e-06, 6.88557429385e-06, 2.61504665104e-05, 3.26583472088e-06, 1.53767723532e-06, 1.36372273118e-06, 6.50165156912e-06, 3.01140653391e-06, 9.91315118881e-06, 7.14222778697e-06, 5.8339574025e-06, 7.96113909018e-06, 3.20840740642e-06, 3.9512751755e-06, 1.8288657202e-06, 5.47536728845e-07, 3.05754639385e-07, 2.40952289232e-07, 7.67804948509e-08, 6.23231386498e-08, 1.87770794469e-07, 1.52183034174e-07, 1.82480590638e-08, 3.81389186899e-09, 1.59296605363e-15],
        "max": [0.00235018040985, 0.0584515407681, 0.0137465111911, 0.013085661456, 0.0235614180565, 0.0108779454604, 0.0114940386266, 0.0130942640826, 0.0309475753456, 0.0197935160249, 0.0462652742863, 0.0286039449275, 0.0177541486919, 0.0188938882202, 0.0178149677813, 0.0176884178072, 0.0113717345521, 0.00808529555798, 0.00447483640164, 0.0045176516287, 0.00223015644588, 0.00186341861263, 0.00393191399053, 0.0035368448589, 0.00105641933624, 0.00103712349664, 1.38611210332e-06],
        "mean": [0.000223625844228, 0.00444747647271, 0.00308467564173, 0.00118122226559, 0.00182844791561, 0.00113986921497, 0.00122031650972, 0.00073223921936, 0.00181659916416, 0.0012447477784, 0.00152828055434, 0.00187909312081, 0.00175662140828, 0.0021080984734, 0.00211052922532, 0.00134904752485, 0.00129965052474, 0.000693911977578, 0.000779795169365, 0.00049678288633, 0.000303333130432, 0.000239418790443, 0.000282903638436, 0.0002765096433, 9.04841072042e-05, 3.53103023372e-05, 2.26679541804e-09],
        "median": [6.29087517154e-05, 0.00159723986872, 0.00297649623826, 0.000771477876697, 0.0010500055505, 0.000669226166792, 0.000633201852906, 0.0004269531928, 0.00112169585191, 0.000595131248701, 0.000792469305452, 0.000985125661828, 0.00104199466296, 0.000950808171183, 0.00148912915029, 0.000783164112363, 0.000908694870304, 0.000496275606565, 0.000617852376308, 0.000370152760297, 0.000239842993324, 0.00016718741972, 0.000172350512003, 0.000167111706105, 5.56520535611e-05, 1.95588618226e-05, 4.74942751794e-10],
        "min": [3.08870113486e-07, 2.6463136237e-05, 8.47617920954e-05, 4.24971040047e-06, 4.09709318774e-05, 2.49836612056e-05, 1.79018570634e-05, 9.6343082987e-06, 1.9671564587e-05, 2.55004888459e-05, 1.77097463165e-05, 3.96773248212e-05, 7.95643063611e-05, 4.63796786789e-05, 9.58883174462e-05, 9.30534515646e-05, 0.000150213032612, 6.19717757218e-05, 7.44016069802e-05, 6.05979876127e-05, 3.65047817468e-05, 2.53166763287e-05, 1.13391806735e-05, 1.2084457012e-05, 1.49193704146e-06, 4.7658721769e-07, 8.0763815774e-12],
        "var": [1.47197013689e-07, 7.6205287769e-05, 2.75431716545e-06, 2.47212483373e-06, 7.70218048274e-06, 1.83150928024e-06, 2.45868864113e-06, 8.72578198141e-07, 5.29695580553e-06, 4.95792437505e-06, 7.68318659539e-06, 7.2560510489e-06, 4.49578874395e-06, 9.20251113712e-06, 4.06578919865e-06, 2.75088655144e-06, 1.42688406868e-06, 4.80765947941e-07, 2.86382032755e-07, 1.68177379578e-07, 4.98614234345e-08, 4.6141718002e-08, 1.28142559674e-07, 1.34981831934e-07, 1.27963524221e-08, 3.36830630054e-09, 1.50324324166e-15]
    },
    "erbbands": {
        "dmean": [0.170682072639, 0.845265686512, 1.31039726734, 1.75788581371, 6.00123548508, 3.87371015549, 4.82769393921, 5.56629943848, 6.46002197266, 9.87361526489, 13.771812439, 21.5304088593, 15.8763685226, 24.5844593048, 36.2033843994, 36.2537574768, 46.6079101562, 49.7356071472, 45.5866470337, 39.6615257263, 51.0547180176, 38.0466651917, 17.2513523102, 18.9802055359, 14.7817583084, 9.5240020752, 6.15004253387, 4.41902637482, 3.57798671722, 3.45009660721, 3.8690290451, 3.39279317856, 1.87348604202, 0.615402400494, 0.275139421225, 0.108329989016, 0.0352371186018, 0.00284385471605, 5.42146226508e-05, 1.20383192552e-05],
        "dmean2": [0.29386228323, 1.38415133953, 2.26941680908, 2.9775147438, 10.3102579117, 6.60377788544, 8.0056180954, 9.23605632782, 10.4939079285, 14.9863557816, 21.7413730621, 33.3911590576, 24.1868648529, 38.7157173157, 56.542640686, 57.7959442139, 73.2445449829, 80.400177002, 72.9042053223, 62.1187858582, 83.3952941895, 61.9717254639, 27.8989753723, 30.3277378082, 23.8556613922, 15.8308591843, 10.3085718155, 7.45725727081, 6.04965734482, 5.77149057388, 6.48484611511, 5.52093791962, 2.95775318146, 0.989895880222, 0.44293576479, 0.177275434136, 0.054750662297, 0.00450971070677, 8.41780056362e-05, 1.85201151908e-05],
        "dvar": [0.13903349638, 3.11308073997, 2.93000340462, 5.25774335861, 224.104873657, 33.6600914001, 52.8829803467, 95.5854721069, 88.9059906006, 249.662200928, 596.229309082, 1497.44311523, 980.526916504, 1243.03027344, 7129.76757812, 3278.52124023, 5016.28662109, 8133.99462891, 4270.38427734, 2364.47485352, 7329.03271484, 2713.26318359, 656.605529785, 627.614624023, 294.644561768, 164.04309082, 68.7669372559, 35.4703559875, 26.3081588745, 34.8163795471, 70.3386611938, 44.3491401672, 15.765540123, 1.38472402096, 0.335316359997, 0.0579588860273, 0.00639401655644, 4.43653079856e-05, 1.38970230878e-08, 1.86569620864e-10],
        "dvar2": [0.351756036282, 7.73954772949, 8.28197956085, 13.439907074, 589.403869629, 90.2446365356, 146.999145508, 254.039550781, 230.669296265, 499.066619873, 1393.50817871, 3374.98730469, 1875.74182129, 2700.93969727, 15898.1132812, 7635.24560547, 12039.953125, 19417.2480469, 9580.38476562, 5616.0625, 17739.890625, 6729.67529297, 1521.25402832, 1449.04516602, 727.255615234, 414.384063721, 181.857376099, 92.6469039917, 70.0411834717, 90.5938644409, 184.101852417, 107.887481689, 38.9480857849, 3.35465097427, 0.869187116623, 0.139563545585, 0.0119622657076, 7.62223426136e-05, 2.41571438409e-08, 4.2479680884e-10],
        "max": [2.07062315941, 12.2860050201, 15.224070549, 19.1395111084, 113.511566162, 75.4517593384, 84.7111663818, 127.20715332, 119.578910828, 244.372741699, 505.767822266, 641.263366699, 720.098999023, 518.869018555, 2168.58959961, 1192.94689941, 962.277709961, 1078.92871094, 1111.90466309, 947.145507812, 1191.30529785, 684.360900879, 437.585113525, 318.46774292, 221.732849121, 231.468429565, 102.624046326, 78.4086380005, 66.8459625244, 73.2475128174, 132.787841797, 92.2505340576, 52.2378501892, 16.5214939117, 8.30860614777, 4.97073602676, 1.9398086071, 0.177278295159, 0.00314063066617, 0.000164337325259],
        "mean": [0.15360981226, 0.945599794388, 3.29049968719, 3.48171377182, 6.193546772, 5.66618442535, 7.79774808884, 8.53428268433, 11.6375150681, 21.6604366302, 25.1369495392, 39.0088195801, 32.064125061, 51.154510498, 63.4933891296, 70.2454223633, 90.4192733765, 104.7137146, 99.3197174072, 88.658744812, 87.6576538086, 79.8533477783, 40.7081222534, 43.8717269897, 35.9110603333, 22.0173358917, 14.3511400223, 10.5859689713, 8.58018684387, 7.70352077484, 8.15068149567, 7.16084051132, 3.66578483582, 1.30077600479, 0.545634567738, 0.203232511878, 0.0591367632151, 0.00414601387456, 0.000108160864329, 4.72807587357e-05],
        "median": [0.0425921529531, 0.429765552282, 3.09873008728, 2.93530273438, 2.97068285942, 3.59686279297, 4.57258415222, 4.97914791107, 6.22223901749, 10.3170967102, 16.5351161957, 22.782699585, 15.9234418869, 34.7529220581, 34.4851264954, 42.4576301575, 55.619304657, 48.4634361267, 66.255027771, 68.1404800415, 51.5057449341, 59.1038970947, 30.4808559418, 34.3921356201, 28.3969669342, 16.7879009247, 11.0433702469, 8.10355758667, 6.33594036102, 4.85254764557, 5.00026607513, 4.27684307098, 2.12119889259, 0.771174192429, 0.33340460062, 0.118880450726, 0.0303569212556, 0.00175510975532, 6.42024169792e-05, 4.50732259196e-05],
        "min": [0.00155419285875, 0.0113743431866, 0.126645863056, 0.209175646305, 0.258858829737, 0.14179444313, 0.217010781169, 0.262648165226, 0.268852442503, 0.451122671366, 0.337984889746, 0.518465101719, 1.12051725388, 2.44398331642, 3.32583427429, 3.04655528069, 3.84347987175, 4.50631189346, 6.13147926331, 6.17100477219, 5.73509979248, 9.17419910431, 4.39588403702, 6.55865859985, 3.97223258018, 3.4297144413, 2.16633224487, 1.42877566814, 0.931941270828, 0.47699418664, 0.274315148592, 0.295601218939, 0.129964962602, 0.0412132889032, 0.00727737043053, 0.00278582121246, 0.000304501736537, 1.44371124406e-05, 7.44705494071e-06, 1.17806739581e-05],
        "var": [0.113371789455, 2.68972301483, 3.6505844593, 5.9864192009, 165.864517212, 39.243270874, 84.3675842285, 114.14339447, 197.06288147, 1086.14257812, 1079.62451172, 2825.62841797, 3026.96923828, 3382.6809082, 11439.8212891, 7984.81884766, 10124.1435547, 24790.734375, 10866.2949219, 5570.70898438, 12178.2080078, 5175.83154297, 1294.54406738, 1236.12512207, 653.113037109, 312.740600586, 116.459877014, 62.7132110596, 50.1571884155, 73.6225585938, 116.742607117, 89.4388809204, 26.8544845581, 2.83141446114, 0.466203659773, 0.0835068076849, 0.012374766171, 9.27003857214e-05, 2.99557640915e-08, 3.59115015502e-10]
    },
    "gfcc": {
        "mean": [61.3445701599, 77.4285202026, -144.373397827, 39.9726524353, -52.6011581421, 30.9878044128, -40.7683830261, 14.925075531, -23.5510940552, 2.10486841202, -15.7926502228, -2.91580080986, -13.7100114822],
        "cov": [[522.129394531, -275.453643799, 140.727752686, -7.64536857605, -51.5944328308, -9.47575187683, -57.1202774048, 34.1414451599, -5.83908653259, 57.2724113464, -40.3043670654, 57.5669441223, -38.5931739807], [-275.453643799, 381.323760986, -148.435516357, -31.4528961182, 55.8245811462, -33.0779647827, 78.6912307739, -26.0619354248, 21.0818538666, -38.2193183899, 55.1893882751, -44.2742805481, 46.5494346619], [140.727752686, -148.435516357, 205.276535034, 40.7866516113, -18.6999397278, 9.15552997589, -44.6330795288, 12.2304925919, -14.2576503754, 34.4580192566, -23.2385501862, 52.1363792419, -2.81402134895], [-7.64536857605, -31.4528961182, 40.7866516113, 102.574447632, 17.2809886932, 2.84463834763, -29.1555786133, -0.848091423512, 13.147974968, -2.09988355637, 3.18576717377, 4.33505678177, 16.2572517395], [-51.5944328308, 55.8245811462, -18.6999397278, 17.2809886932, 122.951286316, 19.8502559662, 29.9756832123, 10.4387407303, 22.3953533173, 15.7158584595, 6.30184412003, -0.532282650471, 9.08834648132], [-9.47575187683, -33.0779647827, 9.15552997589, 2.84463834763, 19.8502559662, 87.1889266968, 33.8496894836, 8.43774318695, -0.20592661202, -7.12879037857, 6.47907352448, -7.94560480118, -2.85942673683], [-57.1202774048, 78.6912307739, -44.6330795288, -29.1555786133, 29.9756832123, 33.8496894836, 128.122756958, 32.916809082, -3.72025179863, -6.53515100479, 11.3953351974, 4.68778514862, 2.52421498299], [34.1414451599, -26.0619354248, 12.2304925919, -0.848091423512, 10.4387407303, 8.43774318695, 32.916809082, 67.0249404907, 27.8441066742, 15.5173454285, 0.884010970592, 7.48868846893, 2.05559253693], [-5.83908653259, 21.0818538666, -14.2576503754, 13.147974968, 22.3953533173, -0.20592661202, -3.72025179863, 27.8441066742, 70.7943267822, 29.5072479248, 8.61853694916, -15.8775625229, 2.67638301849], [57.2724113464, -38.2193183899, 34.4580192566, -2.09988355637, 15.7158584595, -7.12879037857, -6.53515100479, 15.5173454285, 29.5072479248, 68.8449630737, 6.55841064453, 13.1076908112, -8.81354999542], [-40.3043670654, 55.1893882751, -23.2385501862, 3.18576717377, 6.30184412003, 6.47907352448, 11.3953351974, 0.884010970592, 8.61853694916, 6.55841064453, 60.4184036255, 13.744093895, 12.0894002914], [57.5669441223, -44.2742805481, 52.1363792419, 4.33505678177, -0.532282650471, -7.94560480118, 4.68778514862, 7.48868846893, -15.8775625229, 13.1076908112, 13.744093895, 76.0577316284, 21.7304916382], [-38.5931739807, 46.5494346619, -2.81402134895, 16.2572517395, 9.08834648132, -2.85942673683, 2.52421498299, 2.05559253693, 2.67638301849, -8.81354999542, 12.0894002914, 21.7304916382, 56.6722869873]],
        "icov": [[0.0036037331447, 0.00211435509846, -0.000726894533727, 0.00113687152043, 0.000270485703368, 0.00103576818947, 7.58304595365e-05, -0.000577295082621, -0.000546667375602, -0.000733683991712, 0.000268458243227, -0.00112832803279, 0.000668732856866], [0.00211435509846, 0.0128912357613, -0.00216121342964, 0.00507651362568, -0.0045159375295, 0.0110734142363, -0.00984872039407, 0.00899925921112, -0.00636889226735, 0.00641464674845, -0.0106272501871, 0.0101868528873, -0.0096578290686], [-0.000726894533727, -0.00216121342964, 0.0111629404128, -0.0050519797951, 0.0024479739368, -0.00580183370039, 0.00533626647666, -0.00462905596942, 0.00509124388918, -0.00679575651884, 0.00679647596553, -0.00838431809098, 0.00299636670388], [0.00113687152043, 0.00507651362568, -0.0050519797951, 0.0156187620014, -0.00442618271336, 0.00447646901011, -0.00133739598095, 0.00397669384256, -0.00610429793596, 0.00664713792503, -0.00621034577489, 0.00541296042502, -0.00670458702371], [0.000270485703368, -0.0045159375295, 0.0024479739368, -0.00442618271336, 0.0123464846984, -0.0062760761939, 0.00147357850801, -0.00253669684753, 0.00036603474291, -0.0061727007851, 0.00590283283964, -0.00541116995737, 0.00285292440094], [0.00103576818947, 0.0110734142363, -0.00580183370039, 0.00447646901011, -0.0062760761939, 0.0247914846987, -0.0135433115065, 0.00871451664716, -0.00621795747429, 0.00934139639139, -0.0130825126544, 0.0136851072311, -0.00812812987715], [7.58304595365e-05, -0.00984872039407, 0.00533626647666, -0.00133739598095, 0.00147357850801, -0.0135433115065, 0.0222733747214, -0.0160939618945, 0.0097673907876, -0.00594482989982, 0.00864775758237, -0.0115368878469, 0.00865500140935], [-0.000577295082621, 0.00899925921112, -0.00462905596942, 0.00397669384256, -0.00253669684753, 0.00871451664716, -0.0160939618945, 0.0321380570531, -0.0173033103347, 0.0065321335569, -0.00675684539601, 0.00605545192957, -0.00780543498695], [-0.000546667375602, -0.00636889226735, 0.00509124388918, -0.00610429793596, 0.00036603474291, -0.00621795747429, 0.0097673907876, -0.0173033103347, 0.0322976075113, -0.0162606742233, 0.00312516419217, 0.00273825693876, 0.000912328599952], [-0.000733683991712, 0.00641464674845, -0.00679575651884, 0.00664713792503, -0.0061727007851, 0.00934139639139, -0.00594482989982, 0.0065321335569, -0.0162606742233, 0.0301405470818, -0.0101844724268, 0.00242667319253, 0.000173713036929], [0.000268458243227, -0.0106272501871, 0.00679647596553, -0.00621034577489, 0.00590283283964, -0.0130825126544, 0.00864775758237, -0.00675684539601, 0.00312516419217, -0.0101844724268, 0.0317524448037, -0.01734001562, 0.00742797506973], [-0.00112832803279, 0.0101868528873, -0.00838431809098, 0.00541296042502, -0.00541116995737, 0.0136851072311, -0.0115368878469, 0.00605545192957, 0.00273825693876, 0.00242667319253, -0.01734001562, 0.0355775132775, -0.0189470872283], [0.000668732856866, -0.0096578290686, 0.00299636670388, -0.00670458702371, 0.00285292440094, -0.00812812987715, 0.00865500140935, -0.00780543498695, 0.000912328599952, 0.000173713036929, 0.00742797506973, -0.0189470872283, 0.0328000113368]]
    },
    "melbands": {
        "dmean": [0.00135105242953, 0.000753589556552, 0.000448527134722, 0.000369316141587, 0.000153120228788, 0.000127801162307, 0.000103766637039, 0.000101431825897, 0.000142602526466, 0.000127558785607, 8.31728320918e-05, 0.000102872647403, 0.000136673203087, 0.000105896586319, 0.000134487563628, 8.29923592391e-05, 0.000102304518805, 7.84345465945e-05, 7.52418418415e-05, 3.77202886739e-05, 6.59368452034e-05, 4.44382931164e-05, 2.84668549284e-05, 1.46767424667e-05, 1.71171923284e-05, 1.33970561365e-05, 1.05625676952e-05, 6.27930194241e-06, 4.49569824923e-06, 3.02485636894e-06, 2.74912554232e-06, 2.30409477808e-06, 2.04407274396e-06, 2.10549887925e-06, 2.32218826568e-06, 2.72981333183e-06, 1.98465386347e-06, 1.49728134602e-06, 9.01896612504e-07, 4.60959938664e-07],
        "dmean2": [0.00228629866615, 0.00128595228307, 0.000754186650738, 0.000636783777736, 0.000255065824604, 0.00021152420959, 0.000166377692949, 0.000155245856149, 0.000225804862566, 0.000197087720153, 0.000128028637846, 0.000160319468705, 0.000215676336666, 0.000169063176145, 0.000215565596591, 0.000131715409225, 0.000165213437867, 0.000127668317873, 0.000116929411888, 6.06158100709e-05, 0.00010758764256, 7.15250134817e-05, 4.69129736302e-05, 2.32913062064e-05, 2.77486578852e-05, 2.18448276428e-05, 1.75973127625e-05, 1.0458475117e-05, 7.54223174226e-06, 5.22286700289e-06, 4.63664855488e-06, 3.90996547139e-06, 3.51481321559e-06, 3.48307867171e-06, 3.86731107938e-06, 4.61433228338e-06, 3.17431886288e-06, 2.36714345192e-06, 1.47164644204e-06, 7.44902308725e-07],
        "dvar": [8.65221045387e-06, 1.54169356392e-06, 6.6807803023e-07, 6.31285899999e-07, 4.57028868084e-08, 4.40514078548e-08, 2.13410107364e-08, 2.35899957346e-08, 6.45137774313e-08, 5.00439512052e-08, 2.72440470184e-08, 2.13357491674e-08, 8.62554827563e-08, 4.13068796945e-08, 4.37087734895e-08, 1.68007492363e-08, 3.85033338546e-08, 1.54152459686e-08, 9.37974231618e-09, 2.10633332998e-09, 1.37025315539e-08, 3.42909589612e-09, 1.9632628856e-09, 4.16256168423e-10, 5.32023480826e-10, 2.02391076121e-10, 2.34817776334e-10, 8.26862467385e-11, 3.81395887095e-11, 1.55372832655e-11, 1.33042197051e-11, 1.15001090248e-11, 9.13329308017e-12, 1.30283605085e-11, 2.54946827538e-11, 2.81279062542e-11, 1.62707659845e-11, 9.03970908545e-12, 4.06857577143e-12, 6.74188406925e-13],
        "dvar2": [2.14164247154e-05, 4.08418918596e-06, 1.71513943314e-06, 1.68284020674e-06, 1.26462069261e-07, 1.16618892321e-07, 5.41953006916e-08, 4.83459601242e-08, 1.54879728598e-07, 1.11755497301e-07, 5.23993826107e-08, 4.44485053208e-08, 1.98316570277e-07, 9.21487810501e-08, 1.09567402262e-07, 4.30718110067e-08, 9.11625406275e-08, 3.54394913415e-08, 2.1146343343e-08, 5.46063505524e-09, 3.24884545932e-08, 8.4355527008e-09, 5.11459674613e-09, 8.79749162408e-10, 1.26794663657e-09, 4.65842087127e-10, 6.26287022243e-10, 2.04251046632e-10, 1.00315436513e-10, 4.09776240717e-11, 3.47241090048e-11, 3.1083337293e-11, 2.42297033132e-11, 3.39681754946e-11, 6.69917107898e-11, 7.46053149814e-11, 3.9064994295e-11, 2.24478213795e-11, 1.02598077603e-11, 1.60986014016e-12],
        "max": [0.0165973547846, 0.00994057487696, 0.00641856621951, 0.00604497082531, 0.00241471896879, 0.00252409582026, 0.00185658724513, 0.00229599466547, 0.00494787003845, 0.00376885337755, 0.00364625942893, 0.00210903142579, 0.00701053347439, 0.00412308052182, 0.00281303212978, 0.0017317130696, 0.00244718580507, 0.00197742995806, 0.0015928670764, 0.000648486835416, 0.00164688250516, 0.000810586032458, 0.000479420326883, 0.00035470558214, 0.000282283435808, 0.000180368835572, 0.000250970682828, 0.000165392659255, 7.94796796981e-05, 5.83935288887e-05, 4.49543877039e-05, 4.33819441241e-05, 5.01918402733e-05, 5.05428033648e-05, 7.79941765359e-05, 7.09159940016e-05, 6.31223156233e-05, 3.85249622923e-05, 2.98194481729e-05, 1.39690528158e-05],
        "mean": [0.0012999632163, 0.00153585465159, 0.00073599384632, 0.0004413521674, 0.000264214788331, 0.000196601904463, 0.000197459215997, 0.000217197477468, 0.000250745855737, 0.000227632161113, 0.000162109543453, 0.000208910772926, 0.000227185431868, 0.000179001086508, 0.00023825718381, 0.000154997091158, 0.000204923228011, 0.000148661696585, 0.000162099182489, 7.58083406254e-05, 0.000102865909867, 8.38757114252e-05, 5.27393058292e-05, 3.0143179174e-05, 3.60788762919e-05, 3.02629596263e-05, 2.13343209907e-05, 1.27080438688e-05, 9.40464269661e-06, 6.74914781484e-06, 5.95289020566e-06, 4.9121513257e-06, 4.43026692665e-06, 4.25006101068e-06, 4.48648734164e-06, 5.17688295076e-06, 3.98062684326e-06, 2.78312018054e-06, 1.63325762514e-06, 9.20288982798e-07],
        "median": [0.000410413136706, 0.00130539294332, 0.000551202625502, 0.000257945910562, 0.000170615297975, 0.000116952891403, 0.000104540500615, 0.000111671775812, 0.0001608463499, 0.000138599309139, 7.27159203961e-05, 0.000135646710987, 0.000122023324366, 7.97700704425e-05, 0.000145160563989, 8.91523231985e-05, 8.23414084152e-05, 8.87753340066e-05, 0.000107426909381, 5.72109893255e-05, 5.39248685527e-05, 5.86708665651e-05, 3.41921659128e-05, 2.17472770601e-05, 2.77606068266e-05, 2.41198194999e-05, 1.52955835802e-05, 8.88098475116e-06, 6.91325658408e-06, 5.41775307283e-06, 4.31893522546e-06, 3.54502572009e-06, 2.96487519336e-06, 2.56679140875e-06, 2.66340657618e-06, 3.03647038891e-06, 2.35236802837e-06, 1.59245769282e-06, 8.51546644753e-07, 5.50817162548e-07],
        "min": [1.13351043183e-05, 4.20395736001e-05, 4.64640688733e-05, 1.21930424939e-05, 7.53950416765e-06, 3.56124019163e-06, 3.42860471392e-06, 3.39982034347e-06, 2.83427698378e-06, 2.66032225227e-06, 3.39806615557e-06, 8.64196317707e-06, 5.79493598707e-06, 4.69455062557e-06, 7.82404185884e-06, 8.20825243864e-06, 5.23240169059e-06, 6.4781461333e-06, 8.84107612364e-06, 4.86841236125e-06, 4.65205403088e-06, 8.62054093886e-06, 5.34193441126e-06, 2.67457244263e-06, 4.75541355627e-06, 1.9578883439e-06, 2.19266303247e-06, 1.44206853747e-06, 1.258987254e-06, 7.36969411719e-07, 6.89417845479e-07, 5.24073527686e-07, 1.64207236253e-07, 1.65465561253e-08, 1.26247144294e-07, 1.65130131791e-07, 1.78594220301e-07, 8.42294554104e-08, 2.81574674688e-08, 3.62862939696e-09],
