{
"highlevel": {
    "danceability": {
        "all": {
            "danceable": 0.999986767769,
            "not_danceable": 1.32369623316e-05
        },
        "probability": 0.999986767769,
        "value": "danceable"
    },
    "gender": {
        "all": {
            "female": 0.5,
            "male": 0.5
        },
        "probability": 0.5,
        "value": "female"
    },
    "genre_dortmund": {
        "all": {
            "alternative": 0.0593903958797,
            "blues": 0.00653999624774,
            "electronic": 0.152135923505,
            "folkcountry": 0.0142145697027,
            "funksoulrnb": 0.00862550269812,
            "jazz": 0.0137815400958,
            "pop": 0.0666965469718,
            "raphiphop": 0.56083637476,
            "rock": 0.117779143155
        },
        "probability": 0.56083637476,
        "value": "raphiphop"
    },
    "genre_electronic": {
        "all": {
            "ambient": 0.0549970567226,
            "dnb": 0.0771688371897,
            "house": 0.0113031743094,
            "techno": 0.00667014159262,
            "trance": 0.849860787392
        },
        "probability": 0.849860787392,
        "value": "trance"
    },
    "genre_rosamerica": {
        "all": {
            "cla": 0.000105629769678,
            "dan": 0.925623953342,
            "hip": 0.0245373491198,
            "jaz": 0.000107207866677,
            "pop": 0.039592795074,
            "rhy": 0.000863408669829,
            "roc": 0.00907429028302,
            "spe": 9.53522321652e-05
        },
        "probability": 0.925623953342,
        "value": "dan"
    },
    "genre_tzanetakis": {
        "all": {
            "blu": 0.0626541376114,
            "cla": 0.0348133966327,
            "cou": 0.0783501937985,
            "dis": 0.104547761381,
            "hip": 0.15693578124,
            "jaz": 0.313987255096,
            "met": 0.044816005975,
            "pop": 0.0627349764109,
            "reg": 0.0627352520823,
            "roc": 0.0784252434969
        },
        "probability": 0.313987255096,
        "value": "jaz"
    },
    "ismir04_rhythm": {
        "all": {
            "ChaChaCha": 0.026893356815,
            "Jive": 0.0705868378282,
            "Quickstep": 0.00620022322983,
            "Rumba-American": 0.0151001391932,
            "Rumba-International": 0.0232629422098,
            "Rumba-Misc": 0.00432947464287,
            "Samba": 0.844847798347,
            "Tango": 0.0012755029602,
            "VienneseWaltz": 0.00218237191439,
            "Waltz": 0.00532135320827
        },
        "probability": 0.844847798347,
        "value": "Samba"
    },
    "mood_acoustic": {
        "all": {
            "acoustic": 2.8467974289e-07,
            "not_acoustic": 0.999999701977
        },
        "probability": 0.999999701977,
        "value": "not_acoustic"
    },
    "mood_aggressive": {
        "all": {
            "aggressive": 0.456911593676,
            "not_aggressive": 0.543088376522
        },
        "probability": 0.543088376522,
        "value": "not_aggressive"
    },
    "mood_electronic": {
        "all": {
            "electronic": 0.958286464214,
            "not_electronic": 0.0417135506868
        },
        "probability": 0.958286464214,
        "value": "electronic"
    },
    "mood_happy": {
        "all": {
            "happy": 0.777299046516,
            "not_happy": 0.222700938582
        },
        "probability": 0.777299046516,
        "value": "happy"
    },
    "mood_party": {
        "all": {
            "not_party": 0.250539124012,
            "party": 0.749460875988
        },
        "probability": 0.749460875988,
        "value": "party"
    },
    "mood_relaxed": {
        "all": {
            "not_relaxed": 0.987981021404,
            "relaxed": 0.0120190056041
        },
        "probability": 0.987981021404,
        "value": "not_relaxed"
    },
    "mood_sad": {
        "all": {
            "not_sad": 0.892021238804,
            "sad": 0.107978738844
        },
        "probability": 0.892021238804,
        "value": "not_sad"
    },
    "moods_mirex": {
        "all": {
            "Cluster1": 0.405930757523,
            "Cluster2": 0.0438763983548,
            "Cluster3": 0.049301110208,
            "Cluster4": 0.030330080539,
            "Cluster5": 0.470561653376
        },
        "probability": 0.470561653376,
        "value": "Cluster5"
    },
    "timbre": {
        "all": {
            "bright": 0.630671024323,
            "dark": 0.369328945875
        },
        "probability": 0.630671024323,
        "value": "bright"
    },
    "tonal_atonal": {
        "all": {
            "atonal": 0.00560222333297,
            "tonal": 0.994397759438
        },
        "probability": 0.994397759438,
        "value": "tonal"
    },
    "voice_instrumental": {
        "all": {
            "instrumental": 0.00649485783651,
            "voice": 0.993505120277
        },
        "probability": 0.993505120277,
        "value": "voice"
    }
},
"lowlevel": {
    "average_loudness": 0.980427503586,
    "barkbands_crest": {
        "dmean": 3.39313030243,
        "dmean2": 5.36376142502,
        "dvar": 8.19556617737,
        "dvar2": 23.2198123932,
        "max": 25.310295105,
        "mean": 13.8242425919,
        "median": 13.7762670517,
        "min": 2.96135115623,
        "var": 22.4437465668
    },
    "barkbands_flatness_db": {
        "dmean": 0.0262723751366,
        "dmean2": 0.0426539480686,
        "dvar": 0.000513296341524,
        "dvar2": 0.00137485889718,
        "max": 0.249241098762,
        "mean": 0.13319388032,
        "median": 0.130358606577,
        "min": 0.0422868654132,
        "var": 0.00135311600752
    },
    "barkbands_kurtosis": {
        "dmean": 3.52801823616,
        "dmean2": 5.93249130249,
        "dvar": 21.1121902466,
        "dvar2": 58.5577392578,
        "max": 48.5072975159,
        "mean": 4.37644672394,
        "median": 2.86794710159,
        "min": -1.9206840992,
        "var": 30.1855602264
    },
    "barkbands_skewness": {
        "dmean": 0.704593718052,
        "dmean2": 1.13252842426,
        "dvar": 0.41113871336,
        "dvar2": 1.0897295475,
        "max": 6.63903236389,
        "mean": 1.9040620327,
        "median": 1.82424521446,
        "min": -1.8309469223,
        "var": 1.13335025311
    },
    "barkbands_spread": {
        "dmean": 9.96033573151,
        "dmean2": 16.0593643188,
        "dvar": 103.184959412,
        "dvar2": 245.857574463,
        "max": 109.361465454,
        "mean": 30.5254955292,
        "median": 26.5727291107,
        "min": 5.76473665237,
        "var": 272.924682617
    },
    "dissonance": {
        "dmean": 0.0171071141958,
        "dmean2": 0.0282287541777,
        "dvar": 0.000269534270046,
        "dvar2": 0.000683138612658,
        "max": 0.499995172024,
        "mean": 0.469469994307,
        "median": 0.475884824991,
        "min": 0.341678440571,
        "var": 0.000611118332017
    },
    "dynamic_complexity": 1.18135106564,
    "erbbands_crest": {
        "dmean": 2.73024773598,
        "dmean2": 4.38303232193,
        "dvar": 6.36657238007,
        "dvar2": 15.6741743088,
        "max": 29.8472881317,
        "mean": 8.44620513916,
        "median": 7.36912965775,
        "min": 2.6458761692,
        "var": 18.7741203308
    },
    "erbbands_flatness_db": {
        "dmean": 0.0172969754785,
        "dmean2": 0.0254081450403,
        "dvar": 0.000216536194785,
        "dvar2": 0.000441761832917,
        "max": 0.23291836679,
        "mean": 0.113972783089,
        "median": 0.108872242272,
        "min": 0.0533007234335,
        "var": 0.000854294514284
    },
    "erbbands_kurtosis": {
        "dmean": 0.944518387318,
        "dmean2": 1.42558085918,
        "dvar": 1.39072811604,
        "dvar2": 2.77153706551,
        "max": 14.3733291626,
        "mean": 0.495858162642,
        "median": 0.000709056854248,
        "min": -1.61637556553,
        "var": 3.45771789551
    },
    "erbbands_skewness": {
        "dmean": 0.390066713095,
        "dmean2": 0.568630993366,
        "dvar": 0.121371254325,
        "dvar2": 0.244340673089,
        "max": 3.6379981041,
        "mean": 0.332760035992,
        "median": 0.341119796038,
        "min": -2.86509132385,
        "var": 0.601162731647
    },
    "erbbands_spread": {
        "dmean": 12.1595211029,
        "dmean2": 17.7210578918,
        "dvar": 132.6824646,
        "dvar2": 277.232452393,
        "max": 143.226455688,
        "mean": 47.6608734131,
        "median": 44.7605781555,
        "min": 9.22609710693,
        "var": 404.220825195
    },
    "hfc": {
        "dmean": 14.4151296616,
        "dmean2": 21.587146759,
        "dvar": 295.564178467,
        "dvar2": 578.428039551,
        "max": 203.418762207,
        "mean": 45.8606567383,
        "median": 38.3907966614,
        "min": 4.69623231888,
        "var": 885.856628418
    },
    "melbands_crest": {
        "dmean": 4.39599514008,
        "dmean2": 6.94127464294,
        "dvar": 14.6389541626,
        "dvar2": 35.6010513306,
        "max": 34.6619148254,
        "mean": 21.69298172,
        "median": 21.7239074707,
        "min": 3.05204248428,
        "var": 42.4820098877
    },
    "melbands_flatness_db": {
        "dmean": 0.0334728732705,
        "dmean2": 0.0535943806171,
        "dvar": 0.000880898907781,
        "dvar2": 0.00223093898967,
        "max": 0.347240418196,
        "mean": 0.196400567889,
        "median": 0.197223469615,
        "min": 0.0260801035911,
        "var": 0.0024985591881
    },
    "melbands_kurtosis": {
        "dmean": 12.8706331253,
        "dmean2": 21.0770015717,
        "dvar": 301.96975708,
        "dvar2": 771.08013916,
        "max": 192.253265381,
        "mean": 20.7104454041,
        "median": 13.9159736633,
        "min": -1.71967244148,
        "var": 475.904571533
    },
    "melbands_skewness": {
        "dmean": 1.19044172764,
        "dmean2": 1.85124540329,
        "dvar": 1.18195462227,
        "dvar2": 2.86257648468,
        "max": 11.3639183044,
        "mean": 3.62087845802,
        "median": 3.3268494606,
        "min": -0.719762504101,
        "var": 3.49808263779
    },
    "melbands_spread": {
        "dmean": 9.38326644897,
        "dmean2": 15.2764225006,
        "dvar": 167.586456299,
        "dvar2": 378.74118042,
        "max": 210.3540802,
        "mean": 23.4713783264,
        "median": 18.9873428345,
        "min": 2.47558522224,
        "var": 416.101837158
    },
    "pitch_salience": {
        "dmean": 0.0908431708813,
        "dmean2": 0.146062970161,
        "dvar": 0.00688306847587,
        "dvar2": 0.0184600576758,
        "max": 0.786270856857,
        "mean": 0.421709358692,
        "median": 0.419856160879,
        "min": 0.100575953722,
        "var": 0.0153852254152
    },
    "silence_rate_20dB": {
        "dmean": 0,
        "dmean2": 0,
        "dvar": 0,
        "dvar2": 0,
        "max": 1,
        "mean": 1,
        "median": 1,
        "min": 1,
        "var": 0
    },
    "silence_rate_30dB": {
        "dmean": 0.0433436520398,
        "dmean2": 0.0867544561625,
        "dvar": 0.0414639636874,
        "dvar2": 0.113307669759,
        "max": 1,
        "mean": 0.973704576492,
        "median": 1,
        "min": 0,
        "var": 0.0256042480469
    },
    "silence_rate_60dB": {
        "dmean": 0,
        "dmean2": 0,
        "dvar": 0,
        "dvar2": 0,
        "max": 0,
        "mean": 0,
        "median": 0,
        "min": 0,
        "var": 0
    },
    "spectral_centroid": {
        "dmean": 351.288024902,
        "dmean2": 537.751159668,
        "dvar": 129846.523438,
        "dvar2": 281463.0625,
        "max": 4650.01171875,
        "mean": 1729.03112793,
        "median": 1642.94042969,
        "min": 496.461029053,
        "var": 405496.6875
    },
    "spectral_complexity": {
        "dmean": 5.59210538864,
        "dmean2": 8.64213752747,
        "dvar": 28.4164714813,
        "dvar2": 60.1026802063,
        "max": 58,
        "mean": 27.0966739655,
        "median": 26,
        "min": 4,
        "var": 88.3175506592
    },
    "spectral_decrease": {
        "dmean": 4.7584833851e-09,
        "dmean2": 7.77830866383e-09,
        "dvar": 1.87918577231e-17,
        "dvar2": 5.25857277333e-17,
        "max": -9.91450255228e-10,
        "mean": -1.63464388692e-08,
        "median": -1.61766884332e-08,
        "min": -4.28724504786e-08,
        "var": 3.85546832103e-17
    },
    "spectral_energy": {
        "dmean": 0.0182238221169,
        "dmean2": 0.029422685504,
        "dvar": 0.000265413604211,
        "dvar2": 0.000750742037781,
        "max": 0.164563879371,
        "mean": 0.0658547878265,
        "median": 0.0652699023485,
        "min": 0.00457845348865,
        "var": 0.000543460308108
    },
    "spectral_energyband_high": {
        "dmean": 0.00156492332462,
        "dmean2": 0.00230772094801,
        "dvar": 4.24444942837e-06,
        "dvar2": 7.91393813415e-06,
        "max": 0.0230575669557,
        "mean": 0.00329762068577,
        "median": 0.00200686184689,
        "min": 0.000201514747459,
        "var": 1.34412366606e-05
    },
    "spectral_energyband_low": {
        "dmean": 0.0178336817771,
        "dmean2": 0.0292124263942,
        "dvar": 0.000279164494714,
        "dvar2": 0.000781395006925,
        "max": 0.153529733419,
        "mean": 0.043126847595,
        "median": 0.041908018291,
        "min": 7.88842589827e-06,
        "var": 0.00059627124574
    },
    "spectral_energyband_middle_high": {
        "dmean": 0.00292918412015,
        "dmean2": 0.00455382000655,
        "dvar": 1.21993498396e-05,
        "dvar2": 2.94154233416e-05,
        "max": 0.0381088033319,
        "mean": 0.0082303294912,
        "median": 0.00662401411682,
        "min": 0.000221617796342,
        "var": 3.62646496797e-05
    },
    "spectral_energyband_middle_low": {
        "dmean": 0.00618925690651,
        "dmean2": 0.00982792768627,
        "dvar": 8.07788965176e-05,
        "dvar2": 0.000199834059458,
        "max": 0.0919887572527,
        "mean": 0.0131297940388,
        "median": 0.00937107484788,
        "min": 0.000470806873636,
        "var": 0.000129765321617
    },
    "spectral_entropy": {
        "dmean": 0.152481049299,
        "dmean2": 0.229462713003,
        "dvar": 0.0207301396877,
        "dvar2": 0.0436250269413,
        "max": 8.64601325989,
        "mean": 7.9833521843,
        "median": 7.99956846237,
        "min": 6.84068202972,
        "var": 0.0688596740365
    },
    "spectral_flux": {
        "dmean": 0.0377138443291,
        "dmean2": 0.0595665462315,
        "dvar": 0.00131629477255,
        "dvar2": 0.00295753707178,
        "max": 0.353155016899,
        "mean": 0.133191838861,
        "median": 0.120612174273,
        "min": 0.0296457652003,
        "var": 0.00259431172162
    },
    "spectral_kurtosis": {
        "dmean": 0.746737897396,
        "dmean2": 1.15031313896,
        "dvar": 0.471818327904,
        "dvar2": 1.11608922482,
        "max": 8.49529647827,
        "mean": 2.18008756638,
        "median": 2.1090092659,
        "min": -0.774924755096,
        "var": 1.5719845295
    },
    "spectral_rms": {
        "dmean": 0.00112678972073,
        "dmean2": 0.00180386705324,
        "dvar": 9.6384974313e-07,
        "dvar2": 2.68856615548e-06,
        "max": 0.0126708382741,
        "mean": 0.00786971393973,
        "median": 0.00797984655946,
        "min": 0.00211347686127,
        "var": 2.31634567172e-06
    },
    "spectral_rolloff": {
        "dmean": 712.280212402,
        "dmean2": 1208.79492188,
        "dvar": 1518508.875,
        "dvar2": 3622320.25,
        "max": 10357.4707031,
        "mean": 1370.29760742,
        "median": 796.728515625,
        "min": 64.599609375,
        "var": 3274868.25
    },
    "spectral_skewness": {
        "dmean": 0.183300480247,
        "dmean2": 0.278248131275,
        "dvar": 0.0278474874794,
        "dvar2": 0.0621761381626,
        "max": 2.28196668625,
        "mean": 1.2405449152,
        "median": 1.27278888226,
        "min": -0.0879459604621,
        "var": 0.100726723671
    },
    "spectral_spread": {
        "dmean": 780550.5625,
        "dmean2": 1108582.125,
        "dvar": 543181471744,
        "dvar2": 975099068416,
        "max": 17661968,
        "mean": 6181013.5,
        "median": 6002296.5,
        "min": 3443409.75,
        "var": 1.90037255782e+12
    },
    "spectral_strongpeak": {
        "dmean": 0.362149745226,
        "dmean2": 0.648478507996,
        "dvar": 0.577892959118,
        "dvar2": 1.40819227695,
        "max": 7.97172546387,
        "mean": 0.632773935795,
        "median": 0.42111736536,
        "min": 0,
        "var": 0.663903832436
    },
    "zerocrossingrate": {
        "dmean": 0.0139761064202,
        "dmean2": 0.0171639751643,
        "dvar": 0.000211274222238,
        "dvar2": 0.000237912012381,
        "max": 0.328125,
        "mean": 0.0675142258406,
        "median": 0.05859375,
        "min": 0.00927734375,
        "var": 0.00156924861949
    },
    "barkbands": {
        "dmean": [0.00220659887418, 0.0151820518076, 0.00472869211808, 0.00299507658929, 0.00152500101831, 0.000866079819389, 0.00162923242897, 0.000834360485896, 0.00114266574383, 0.00113345810678, 0.000828358344734, 0.000581296859309, 0.000682208570652, 0.00058885931503, 0.000399702985305, 0.000363906088751, 0.000322296109516, 0.00021324242698, 0.000207846314879, 0.000217727487325, 0.000323967746226, 0.000377475225832, 0.000374372728402, 0.000278593302937, 0.000337886827765, 0.000155487156007, 1.7488767412e-07],
        "dmean2": [0.00355120911263, 0.0242853146046, 0.00777418026701, 0.00515754846856, 0.00269416393712, 0.00148175633512, 0.00245913071558, 0.00126068445388, 0.001758693601, 0.00169020600151, 0.00132875062991, 0.00093736150302, 0.00110493134707, 0.000956040050369, 0.000679654651321, 0.000597926729824, 0.000523246300872, 0.000345119740814, 0.000339144899044, 0.000345060077962, 0.000525362382177, 0.000598196405917, 0.000557908497285, 0.000420564610977, 0.000520020723343, 0.000250252895057, 2.97566401741e-07],
        "dvar": [5.24451661477e-06, 0.000193857369595, 7.77501481934e-05, 5.76390739297e-05, 1.14094436867e-05, 3.76621505893e-06, 9.34827403398e-06, 3.2758650832e-06, 3.16761452268e-06, 3.54053668161e-06, 2.09935319617e-06, 2.45595811066e-06, 1.47589855715e-06, 9.31274655613e-07, 4.6066026016e-07, 3.39972160646e-07, 1.95052379581e-07, 1.24897965748e-07, 7.72630599499e-08, 1.03455974454e-07, 2.05810707143e-07, 3.23353361864e-07, 3.22391997543e-07, 2.34210773442e-07, 2.6695548172e-07, 4.50958630438e-08, 2.13473376888e-13],
        "dvar2": [1.36579974424e-05, 0.000565950700548, 0.000195296932361, 0.000152462511323, 3.18769925798e-05, 1.0565516277e-05, 1.68661681528e-05, 7.01298586137e-06, 6.89065882398e-06, 7.40545283406e-06, 5.02504599353e-06, 6.15247790847e-06, 3.74161436412e-06, 2.28757266996e-06, 1.26873430872e-06, 8.41195742396e-07, 5.0437029131e-07, 2.7601771535e-07, 1.69938445538e-07, 2.23443052505e-07, 4.73833949854e-07, 6.83958489844e-07, 6.31347006674e-07, 4.6931282327e-07, 5.80970493047e-07, 1.14845825294e-07, 4.36859695554e-13],
        "max": [0.0202960669994, 0.116989940405, 0.0634336695075, 0.0795907378197, 0.0349441505969, 0.019955245778, 0.0475882738829, 0.0260112117976, 0.0294126570225, 0.0266751106828, 0.0177558828145, 0.0221357587725, 0.0202011670917, 0.0144765051082, 0.00708199711516, 0.00731104332954, 0.00680337566882, 0.00775033747777, 0.00580142065883, 0.00544489407912, 0.00662823067978, 0.00721650710329, 0.00810909178108, 0.00801432318985, 0.00683776894584, 0.00242550414987, 7.54287930249e-06],
        "mean": [0.00353108020499, 0.0330736711621, 0.00503967516124, 0.00280417664908, 0.00159282202367, 0.00114651001059, 0.00309473997913, 0.00129434978589, 0.00222270912491, 0.00207700277679, 0.00124690611847, 0.000852211145684, 0.00101330049802, 0.000885610876139, 0.000582995882723, 0.000570071162656, 0.000554957194254, 0.000378449942218, 0.000401076802518, 0.000384447164834, 0.000505362229887, 0.000646818429232, 0.000702390563674, 0.000513676030096, 0.000534094288014, 0.000205687189009, 1.43254354157e-07],
        "median": [0.00228717178106, 0.0303791370243, 0.0019924773369, 0.00070674624294, 0.000810984813143, 0.000545037037227, 0.000931578222662, 0.000511678284965, 0.00111171673052, 0.000871973927133, 0.000525716808625, 0.000254937214777, 0.000475779670523, 0.000490521779284, 0.000327648886014, 0.000306871836074, 0.000386861560401, 0.000256832368905, 0.000291838427074, 0.00026601421996, 0.000345186010236, 0.000406470760936, 0.000357037875801, 0.000222023649258, 0.000254186452366, 0.000114198686788, 7.64077778825e-09],
        "min": [2.29822234132e-07, 1.79246490006e-06, 2.81743297137e-07, 2.26039810514e-06, 5.96614427195e-06, 1.0615552128e-05, 2.25761214097e-05, 9.56998155743e-06, 1.61325297086e-05, 7.84501571616e-06, 5.96722384216e-06, 9.09161553864e-06, 5.19059494763e-06, 1.19828728202e-05, 3.52071901943e-06, 7.38084463592e-06, 5.22450864082e-06, 6.09920880379e-06, 8.50693322718e-06, 5.4461511354e-06, 1.50279856825e-05, 2.20918991545e-05, 1.77161273314e-05, 2.66956021733e-06, 4.54827528529e-07, 1.3738792326e-09, 1.35164639897e-11],
        "var": [1.2879325368e-05, 0.000467485631816, 7.00751479599e-05, 4.79912014271e-05, 7.87234603195e-06, 3.31245587404e-06, 3.74113915314e-05, 5.52658957531e-06, 9.97083952825e-06, 1.12755160444e-05, 4.16544480686e-06, 4.03083049605e-06, 2.42800138039e-06, 1.38985024023e-06, 5.86006933645e-07, 5.73768886625e-07, 3.36611833518e-07, 2.1762853919e-07, 1.49443579289e-07, 1.77313864924e-07, 2.67558618816e-07, 6.42617351332e-07, 9.2863132295e-07, 8.11331688055e-07, 6.84063877543e-07, 6.18979854039e-08, 2.06528790922e-13]
    },
    "erbbands": {
        "dmean": [0.709227383137, 2.8179693222, 5.30767536163, 8.43161201477, 6.39193964005, 5.15147924423, 4.73651075363, 7.60905838013, 19.9443492889, 23.0380420685, 17.6286449432, 29.8735103607, 29.6196403503, 31.1740398407, 29.7273101807, 24.3094234467, 31.7663898468, 27.2232666016, 22.5129985809, 19.2651176453, 22.0083255768, 15.0281085968, 10.7927026749, 10.9149141312, 10.9041614532, 10.3864202499, 11.3194036484, 14.2760572433, 13.6732368469, 11.4428443909, 11.6414299011, 6.2900724411, 4.94683122635, 3.91879415512, 2.46906661987, 0.840220808983, 0.310216546059, 0.0258635915816, 0.000472987041576, 3.66412532458e-05],
        "dmean2": [1.09438431263, 4.53499555588, 8.44009876251, 14.4020576477, 10.9186658859, 9.16619300842, 8.21172714233, 12.8558654785, 29.685131073, 36.3272666931, 26.1357936859, 45.5125160217, 42.8842811584, 48.5583000183, 47.3719444275, 39.5345611572, 51.0861854553, 43.7154808044, 37.8453865051, 32.1863059998, 36.1549491882, 24.005771637, 16.9983100891, 17.8177852631, 17.59025383, 16.5801563263, 18.280418396, 23.6010227203, 21.8469352722, 17.7567844391, 17.1255779266, 9.50892925262, 7.50488185883, 6.01224327087, 3.83815169334, 1.32236170769, 0.512072920799, 0.0446566790342, 0.00079338211799, 5.69887415622e-05],
        "dvar": [0.396374821663, 9.02884960175, 84.0766372681, 360.561798096, 184.497665405, 143.552612305, 105.219329834, 290.025817871, 1737.46154785, 2008.27124023, 1343.55651855, 2395.1796875, 3034.19921875, 3628.43139648, 3107.88989258, 3808.43774414, 3351.61108398, 2265.08154297, 1468.52246094, 1050.52514648, 1192.05664062, 447.515563965, 366.684539795, 167.234817505, 271.444335938, 214.661590576, 265.407226562, 438.480987549, 397.67880249, 385.226348877, 294.214477539, 104.65007019, 82.9116363525, 40.5441055298, 14.263209343, 1.35784685612, 0.201636746526, 0.00166981876828, 5.0921340744e-07, 1.48839673919e-09],
        "dvar2": [1.05366301537, 25.1866359711, 212.762313843, 946.519470215, 474.980102539, 404.688873291, 293.173614502, 810.502685547, 2908.95947266, 4932.89111328, 2557.9050293, 5417.27832031, 6270.58691406, 8548.92089844, 7099.39404297, 9523.83496094, 8623.93164062, 5466.17236328, 4006.0612793, 2812.82714844, 3029.61669922, 1043.98522949, 740.221557617, 411.35848999, 594.647766113, 454.755371094, 603.528930664, 1022.97131348, 879.796264648, 781.54901123, 579.739257812, 230.892623901, 164.577514648, 85.7983398438, 33.3194236755, 3.17467904091, 0.525684177876, 0.00457889726385, 1.38576172048e-06, 3.72668251813e-09],
        "max": [5.65506982803, 29.4663162231, 78.1963577271, 176.913757324, 143.207931519, 141.049438477, 145.996231079, 191.531387329, 703.28692627, 646.084228516, 736.131958008, 908.497131348, 1066.43493652, 1028.33862305, 875.914245605, 928.242797852, 1019.746521, 762.59942627, 359.364898682, 353.976348877, 483.483398438, 369.039459229, 463.427825928, 148.577865601, 395.41116333, 252.986038208, 233.853607178, 283.598297119, 235.022949219, 309.116973877, 251.926071167, 163.612228394, 143.55456543, 110.789840698, 37.4286499023, 14.2097797394, 4.49138689041, 0.33705163002, 0.00640121847391, 0.000418798386818],
        "mean": [1.4308924675, 5.48585796356, 6.43011569977, 8.37288188934, 6.5755314827, 5.38823890686, 5.62897109985, 10.793337822, 40.8252792358, 38.7376670837, 31.3939304352, 58.7799758911, 57.4243354797, 55.8293075562, 47.6420478821, 39.4375305176, 49.0337486267, 43.7625083923, 35.8406295776, 29.1299991608, 36.845867157, 26.3916187286, 20.9468612671, 21.4057483673, 20.3869724274, 18.9178924561, 18.0268745422, 21.3501758575, 22.6014499664, 20.9125976562, 21.1260700226, 11.3086013794, 8.90233135223, 6.03441476822, 3.710542202, 1.23339605331, 0.366965055466, 0.0267743803561, 0.000593127449974, 0.000114524940727],
        "median": [1.25258767605, 4.53453588486, 3.33730459213, 2.97083926201, 2.66071128845, 2.60004115105, 2.72603583336, 4.87697792053, 10.1919784546, 18.9258575439, 15.2479953766, 28.7405567169, 26.7989368439, 23.7026786804, 23.302532196, 16.1467838287, 24.1163520813, 26.0551433563, 21.2422180176, 18.3587017059, 21.8683261871, 18.2218513489, 14.6083488464, 16.5190925598, 14.0800647736, 13.4987630844, 12.3074846268, 13.7255735397, 14.3969945908, 11.5836286545, 10.7870359421, 5.39942264557, 3.75252938271, 2.54185223579, 1.87218379974, 0.697280228138, 0.170049086213, 0.01071899198, 0.000312174728606, 0.000105773302494],
        "min": [4.96063803439e-05, 0.000436080095824, 0.00074302329449, 0.00506642553955, 0.0115546276793, 0.053654178977, 0.111295841634, 0.243519484997, 0.316821426153, 0.287461996078, 0.494891643524, 0.452262789011, 0.324756264687, 0.183604717255, 0.537407577038, 0.615729093552, 0.682750403881, 0.583458900452, 0.54851603508, 0.524264335632, 0.419142723083, 0.312754631042, 0.351956307888, 0.310804188251, 0.505324482918, 0.404202848673, 0.728608012199, 0.535741388798, 0.920088231564, 1.04051935673, 0.65727776289, 0.0387666001916, 0.0922846645117, 0.0835537463427, 0.0128628695384, 0.00681325839832, 0.000310748087941, 3.26664667227e-05, 1.85671688087e-05, 7.93325216364e-06],
        "var": [1.15898430347, 17.8149738312, 83.838394165, 300.586242676, 161.478393555, 96.7449645996, 82.826461792, 284.000946045, 8109.38818359, 3147.99365234, 2699.3671875, 7289.546875, 10907.2099609, 8621.97949219, 5474.328125, 6709.77880859, 5624.61035156, 3469.27758789, 1876.72851562, 1273.29064941, 2054.38574219, 856.703674316, 729.546813965, 315.764007568, 508.372741699, 383.768249512, 364.434417725, 541.781188965, 709.794372559, 982.375, 795.475524902, 308.413696289, 282.484161377, 115.746688843, 28.3519001007, 2.42365145683, 0.231507971883, 0.00158095045481, 5.20072433119e-07, 2.64823651897e-09]
    },
    "gfcc": {
        "mean": [75.3934173584, 60.0443840027, -100.076652527, 40.1533546448, -57.9585380554, 39.3394699097, -27.0113353729, 27.367307663, -15.7058820724, 16.6240291595, -17.4893836975, 7.44031190872, -12.9800128937],
        "cov": [[736.285095215, -136.694656372, 45.000617981, 72.5858383179, 39.5485458374, -10.0985107422, -53.5082473755, -27.6679286957, -61.8376312256, -39.2614173889, -67.4699630737, -24.5786647797, -31.6516704559], [-136.694656372, 513.833557129, -61.9104957581, -65.1785583496, 52.1069335938, -51.7912101746, 113.421066284, 0.624643087387, 34.3398208618, 3.03134012222, 36.8698577881, -10.4751777649, -1.05658364296], [45.000617981, -61.9104957581, 414.070251465, 120.544273376, -55.8372268677, -11.252374649, -32.8850326538, -1.34903907776, -1.25239419937, 25.4745368958, -33.7265548706, 4.78302621841, -26.8788738251], [72.5858383179, -65.1785583496, 120.544273376, 273.026672363, 43.3638305664, 6.01385307312, -34.2536048889, -31.2794399261, 10.2294425964, -40.2712593079, -30.1635093689, -34.3825416565, 4.28388118744], [39.5485458374, 52.1069335938, -55.8372268677, 43.3638305664, 281.845001221, 46.4862747192, 74.0787506104, 20.3209476471, -15.5873661041, -33.5503425598, -27.6513881683, 2.14272904396, -24.6165065765], [-10.0985107422, -51.7912101746, -11.252374649, 6.01385307312, 46.4862747192, 164.066604614, 69.4101409912, 31.5278205872, -5.03613948822, -13.8250436783, 14.3712921143, -0.975863337517, 0.368351906538], [-53.5082473755, 113.421066284, -32.8850326538, -34.2536048889, 74.0787506104, 69.4101409912, 177.254135132, 47.752746582, -0.30271846056, -8.67499923706, 0.662069439888, 12.3187389374, -14.5621414185], [-27.6679286957, 0.624643087387, -1.34903907776, -31.2794399261, 20.3209476471, 31.5278205872, 47.752746582, 110.121131897, 47.6178283691, 22.866979599, 7.62843084335, -1.092425704, 12.78074646], [-61.8376312256, 34.3398208618, -1.25239419937, 10.2294425964, -15.5873661041, -5.03613948822, -0.30271846056, 47.6178283691, 100.634750366, 43.4015274048, 24.3796463013, -1.88829088211, 18.8997955322], [-39.2614173889, 3.03134012222, 25.4745368958, -40.2712593079, -33.5503425598, -13.8250436783, -8.67499923706, 22.866979599, 43.4015274048, 82.2032775879, 41.0625419617, 21.7812023163, 8.74167537689], [-67.4699630737, 36.8698577881, -33.7265548706, -30.1635093689, -27.6513881683, 14.3712921143, 0.662069439888, 7.62843084335, 24.3796463013, 41.0625419617, 89.8016586304, 37.9401626587, 25.0430011749], [-24.5786647797, -10.4751777649, 4.78302621841, -34.3825416565, 2.14272904396, -0.975863337517, 12.3187389374, -1.092425704, -1.88829088211, 21.7812023163, 37.9401626587, 72.9141540527, 21.2694320679], [-31.6516704559, -1.05658364296, -26.8788738251, 4.28388118744, -24.6165065765, 0.368351906538, -14.5621414185, 12.78074646, 18.8997955322, 8.74167537689, 25.0430011749, 21.2694320679, 68.3194656372]],
        "icov": [[0.00161095021758, 0.000153075714479, 0.00012346181029, -0.000425561709562, -0.000127440071083, -1.90079535969e-05, 0.000531738856807, -0.000392749672756, 0.000983021222055, -0.000327875342919, 0.000883543805685, -0.000211436825339, 0.000476923625683], [0.000153075714479, 0.00398881407455, -0.00101680203807, 0.00184120342601, -0.00134101381991, 0.00324099045247, -0.00408197008073, 0.00269506149925, -0.00241189589724, 0.00236901454628, -0.0041768969968, 0.00426911003888, -0.00169168075081], [0.00012346181029, -0.00101680203807, 0.00439681159332, -0.00335012772121, 0.00188614369836, -0.00128866406158, 0.00153059361037, -0.00231624837033, 0.00221857638098, -0.00401405803859, 0.00412244116887, -0.00413218745962, 0.00310267833993], [-0.000425561709562, 0.00184120342601, -0.00335012772121, 0.00781570002437, -0.00263191736303, 0.00120393291581, -0.00144334463403, 0.00455542746931, -0.00496236700565, 0.00565634481609, -0.00362746138126, 0.00562863843516, -0.00386506551877], [-0.000127440071083, -0.00134101381991, 0.00188614369836, -0.00263191736303, 0.00563693186268, -0.00175493326969, 0.000152464941493, -0.0024621936027, 0.00151287554763, -0.000896492565516, 0.00342235411517, -0.0042365998961, 0.00312160537578], [-1.90079535969e-05, 0.00324099045247, -0.00128866406158, 0.00120393291581, -0.00175493326969, 0.0109288413078, -0.00606285687536, 0.00038767355727, -0.000676213297993, 0.00387719203718, -0.00701012322679, 0.00539993634447, -0.00201777694747], [0.000531738856807, -0.00408197008073, 0.00153059361037, -0.00144334463403, 0.000152464941493, -0.00606285687536, 0.0131991654634, -0.00619279313833, 0.00288488832302, -0.00131531164516, 0.00516391266137, -0.00717099802569, 0.00464526005089], [-0.000392749672756, 0.00269506149925, -0.00231624837033, 0.00455542746931, -0.0024621936027, 0.00038767355727, -0.00619279313833, 0.0179267153144, -0.009277776815, 0.000942199374549, -0.00195007224102, 0.00608340790495, -0.00563310179859], [0.000983021222055, -0.00241189589724, 0.00221857638098, -0.00496236700565, 0.00151287554763, -0.000676213297993, 0.00288488832302, -0.009277776815, 0.0208980645984, -0.0110111851245, 0.00179235101677, -0.000141570810229, -0.000483798648929], [-0.000327875342919, 0.00236901454628, -0.00401405803859, 0.00565634481609, -0.000896492565516, 0.00387719203718, -0.00131531164516, 0.000942199374549, -0.0110111851245, 0.0272256471217, -0.0118977883831, 0.00102777103893, 0.000754044798668], [0.000883543805685, -0.0041768969968, 0.00412244116887, -0.00362746138126, 0.00342235411517, -0.00701012322679, 0.00516391266137, -0.00195007224102, 0.00179235101677, -0.0118977883831, 0.0268401112407, -0.013872214593, 0.000437311566202], [-0.000211436825339, 0.00426911003888, -0.00413218745962, 0.00562863843516, -0.0042365998961, 0.00539993634447, -0.00717099802569, 0.00608340790495, -0.000141570810229, 0.00102777103893, -0.013872214593, 0.0285429358482, -0.0101261995733], [0.000476923625683, -0.00169168075081, 0.00310267833993, -0.00386506551877, 0.00312160537578, -0.00201777694747, 0.00464526005089, -0.00563310179859, -0.000483798648929, 0.000754044798668, 0.000437311566202, -0.0101261995733, 0.0225040912628]]
    },
    "melbands": {
        "dmean": [0.00500228255987, 0.00272539071739, 0.0013714741217, 0.000409605301684, 0.000168797632796, 0.000170861021616, 0.000316063844366, 0.00023435492767, 0.000160969197168, 0.000170887433342, 0.000149280909682, 0.000129396867123, 0.000117774485261, 6.54659743304e-05, 7.76969754952e-05, 5.44938448002e-05, 5.65648006159e-05, 4.14428286604e-05, 2.56443381659e-05, 2.51500514423e-05, 2.74315007118e-05, 1.64359662449e-05, 1.48772396642e-05, 1.02700669231e-05, 9.29526140681e-06, 9.45006013353e-06, 7.23037101125e-06, 7.12715291229e-06, 7.24096526028e-06, 7.79946367402e-06, 9.14273641683e-06, 8.17104046291e-06, 7.94627248979e-06, 6.45914087727e-06, 7.01046019458e-06, 6.13285146756e-06, 3.67517736777e-06, 3.96913401346e-06, 3.29779800268e-06, 3.65321511708e-06],
        "dmean2": [0.00791415944695, 0.00431596813723, 0.00229009380564, 0.000716950919013, 0.00029207803891, 0.00029087587609, 0.000472586340038, 0.000366516411304, 0.000240023247898, 0.000259874301264, 0.000217325694393, 0.000202829687623, 0.000189548896742, 0.000102889345726, 0.000127461928059, 8.73458702699e-05, 9.15073396754e-05, 6.94661139278e-05, 4.37731941929e-05, 4.16555885749e-05, 4.5188684453e-05, 2.66017923423e-05, 2.36946380028e-05, 1.711468758e-05, 1.53652272274e-05, 1.5413717847e-05, 1.16948776849e-05, 1.15048014777e-05, 1.19194346553e-05, 1.28726023831e-05, 1.54493081936e-05, 1.34108413476e-05, 1.24067319121e-05, 1.02007907117e-05, 1.05145845737e-05, 9.45840929489e-06, 5.7274601204e-06, 6.15050203123e-06, 5.09159144713e-06, 5.72966337131e-06],
        "dvar": [1.94003150682e-05, 1.53805394802e-05, 9.12820360099e-06, 7.81450353315e-07, 1.24209321939e-07, 1.42967692796e-07, 4.16863571218e-07, 2.04748687338e-07, 8.2602902296e-08, 7.56221680831e-08, 7.52093711753e-08, 6.78692870792e-08, 4.4283623879e-08, 3.13519983308e-08, 3.0507187887e-08, 8.20909473731e-09, 9.69372937476e-09, 4.91941065661e-09, 2.12617035089e-09, 1.47276835172e-09, 1.6322767582e-09, 5.40699818252e-10, 7.18125447996e-10, 1.86891391252e-10, 1.20255777558e-10, 1.87370299831e-10, 1.40435621465e-10, 9.81422859647e-11, 1.14241983928e-10, 1.37696604119e-10, 2.03285610567e-10, 1.47955092622e-10, 1.52913126605e-10, 1.27316893139e-10, 1.06536217348e-10, 9.66863464291e-11, 3.58747302698e-11, 5.5983370717e-11, 3.23425591864e-11, 3.84473806958e-11],
        "dvar2": [5.49633368792e-05, 3.92846413888e-05, 2.35179268202e-05, 2.15489080801e-06, 3.43778111755e-07, 3.99733835366e-07, 6.92981870998e-07, 5.11392045155e-07, 1.61497126783e-07, 1.68682262824e-07, 1.54946064868e-07, 1.59058501481e-07, 1.04934287037e-07, 7.88364573623e-08, 8.31466451245e-08, 2.07638350957e-08, 2.37305251005e-08, 1.3358206985e-08, 5.74328984371e-09, 3.6452572072e-09, 4.18293799598e-09, 1.30653110553e-09, 1.4054210018e-09, 4.58879351184e-10, 3.01096120259e-10, 4.23309581832e-10, 3.13455622569e-10, 2.13729201004e-10, 2.68473854259e-10, 3.35317135169e-10, 5.00037344864e-10, 3.55755758186e-10, 3.06708186626e-10, 2.80726719648e-10, 2.20533577511e-10, 2.10776257559e-10, 8.30552432385e-11, 1.22830759453e-10, 7.08764644197e-11, 8.58321677621e-11],
        "max": [0.0379221811891, 0.0383574329317, 0.0288917571306, 0.00895793363452, 0.00412810454145, 0.00410056347027, 0.0108820125461, 0.006494815927, 0.00584454834461, 0.00533092627302, 0.00521106645465, 0.0043878047727, 0.00233726063743, 0.00297847343609, 0.00329822674394, 0.00131995708216, 0.00168967281934, 0.000618920719717, 0.000487625860842, 0.000317905389238, 0.000529488665052, 0.000329162256094, 0.000647291599307, 0.000167725767824, 0.000131636217702, 0.000290262076305, 0.000241685207584, 0.00014536116214, 0.000152861539391, 0.00024274700263, 0.000129461492179, 0.000131284803501, 0.000190078964806, 0.000181383104064, 0.000153273198521, 0.00013701019634, 9.29486341192e-05, 0.000120504286315, 8.35047467262e-05, 0.000101132180134],
        "mean": [0.0107945855707, 0.0046447571367, 0.00140888174064, 0.000428264174843, 0.000199828762561, 0.00023736791627, 0.000639627105556, 0.000386967265513, 0.000298730330542, 0.000334576150635, 0.000277186103631, 0.000222933056648, 0.000179128124728, 0.000100262826891, 0.000113834488729, 8.43424131745e-05, 8.50450451253e-05, 6.18383419351e-05, 3.68566179532e-05, 3.91264511563e-05, 4.43862736574e-05, 2.7500991564e-05, 2.43405993388e-05, 1.76003450179e-05, 1.68462393049e-05, 1.58389939315e-05, 1.30901316879e-05, 1.2130536561e-05, 1.04438458948e-05, 1.23555273603e-05, 1.23843628899e-05, 1.21173261505e-05, 1.36523076435e-05, 1.06902143671e-05, 1.2068403521e-05, 1.03212842077e-05, 5.76272668695e-06, 6.54500217934e-06, 5.28370173924e-06, 5.10269364895e-06],
        "median": [0.00975389406085, 0.00338760041632, 0.000518616929185, 0.000207052886253, 9.8025695479e-05, 0.000110249566205, 0.000168753016624, 0.00019790600345, 0.000146322548972, 0.000164878772921, 0.000122900033602, 8.70601579663e-05, 7.57818634156e-05, 3.45047992596e-05, 4.89884623676e-05, 4.04480160796e-05, 4.68471516797e-05, 3.48002176906e-05, 2.08664714592e-05, 2.31367266679e-05, 2.58339168795e-05, 1.82513576874e-05, 1.49401384988e-05, 1.18909983939e-05, 1.26809882204e-05, 1.0811926586e-05, 9.3080334409e-06, 8.43220095703e-06, 6.55332087263e-06, 8.88304839464e-06, 7.39864981369e-06, 7.67087840359e-06, 8.24499875307e-06, 5.09852998221e-06, 6.25163420409e-06, 5.08333050675e-06, 2.4145253974e-06, 2.68725511887e-06, 2.27657847063e-06, 2.00673684958e-06],
        "min": [5.07952165663e-07, 5.78920150929e-07, 1.47353364355e-06, 1.3324390693e-06, 4.03516560255e-06, 3.77414971808e-06, 5.02061720908e-06, 3.22186610902e-06, 2.89241734208e-06, 2.01353805096e-06, 1.58663692673e-06, 7.15493058578e-07, 9.38123150718e-07, 1.21712275813e-06, 1.58350133006e-06, 8.32241539683e-07, 9.71198574007e-07, 5.67993879486e-07, 2.46357956257e-07, 6.34445200376e-07, 4.1843281906e-07, 2.95694945862e-07, 2.54989856785e-07, 2.85811580625e-07, 1.33319360884e-07, 3.67061431916e-07, 1.20159100447e-07, 1.77281933134e-07, 1.57121760935e-07, 4.25102115287e-07, 2.16118579033e-07, 4.65211194012e-08, 4.31635839959e-07, 2.18650427541e-07, 2.53199033295e-07, 1.32177283008e-10, 5.89236714976e-11, 2.07409609487e-08, 1.40017410999e-08, 3.20506593487e-10],
