{
"highlevel": {
    "danceability": {
        "all": {
            "danceable": 0.740014851093,
            "not_danceable": 0.259985148907
        },
        "probability": 0.740014851093,
        "value": "danceable"
    },
    "gender": {
        "all": {
            "female": 0.482697427273,
            "male": 0.517302572727
        },
        "probability": 0.517302572727,
        "value": "male"
    },
    "genre_dortmund": {
        "all": {
            "alternative": 0.325053155422,
            "blues": 0.0398626103997,
            "electronic": 0.00950828008354,
            "folkcountry": 0.0410617254674,
            "funksoulrnb": 0.0165549423546,
            "jazz": 0.0159912537783,
            "pop": 0.0255147069693,
            "raphiphop": 0.00184793153312,
            "rock": 0.52460539341
        },
        "probability": 0.52460539341,
        "value": "rock"
    },
    "genre_electronic": {
        "all": {
            "ambient": 0.503871500492,
            "dnb": 0.1061078161,
            "house": 0.0304661449045,
            "techno": 0.0153016699478,
            "trance": 0.344252854586
        },
        "probability": 0.503871500492,
        "value": "ambient"
    },
    "genre_rosamerica": {
        "all": {
            "cla": 0.0100557105616,
            "dan": 0.0109118530527,
            "hip": 0.00316741154529,
            "jaz": 0.00487848976627,
            "pop": 0.1783067137,
            "rhy": 0.00721144117415,
            "roc": 0.782482683659,
            "spe": 0.00298569863662
        },
        "probability": 0.782482683659,
        "value": "roc"
    },
    "genre_tzanetakis": {
        "all": {
            "blu": 0.0626613423228,
            "cla": 0.0348169617355,
            "cou": 0.104475811124,
            "dis": 0.0784321576357,
            "hip": 0.15692435205,
            "jaz": 0.313974827528,
            "met": 0.0448166541755,
            "pop": 0.0627359300852,
            "reg": 0.0627360641956,
            "roc": 0.0784258767962
        },
        "probability": 0.313974827528,
        "value": "jaz"
    },
    "ismir04_rhythm": {
        "all": {
            "ChaChaCha": 0.119781479239,
            "Jive": 0.241336256266,
            "Quickstep": 0.0178649257869,
            "Rumba-American": 0.0119828302413,
            "Rumba-International": 0.0273757390678,
            "Rumba-Misc": 0.00977669749409,
            "Samba": 0.0618977583945,
            "Tango": 0.0202561058104,
            "VienneseWaltz": 0.469125062227,
            "Waltz": 0.0206031482667
        },
        "probability": 0.469125062227,
        "value": "VienneseWaltz"
    },
    "mood_acoustic": {
        "all": {
            "acoustic": 0.144303679466,
            "not_acoustic": 0.855696320534
        },
        "probability": 0.855696320534,
        "value": "not_acoustic"
    },
    "mood_aggressive": {
        "all": {
            "aggressive": 0.662250339985,
            "not_aggressive": 0.337749689817
        },
        "probability": 0.662250339985,
        "value": "aggressive"
    },
    "mood_electronic": {
        "all": {
            "electronic": 0.444582074881,
            "not_electronic": 0.555417954922
        },
        "probability": 0.555417954922,
        "value": "not_electronic"
    },
    "mood_happy": {
        "all": {
            "happy": 0.234933793545,
            "not_happy": 0.765066206455
        },
        "probability": 0.765066206455,
        "value": "not_happy"
    },
    "mood_party": {
        "all": {
            "not_party": 0.328557044268,
            "party": 0.671442985535
        },
        "probability": 0.671442985535,
        "value": "party"
    },
    "mood_relaxed": {
        "all": {
            "not_relaxed": 0.670636832714,
            "relaxed": 0.329363167286
        },
        "probability": 0.670636832714,
        "value": "not_relaxed"
    },
    "mood_sad": {
        "all": {
            "not_sad": 0.836799323559,
            "sad": 0.16320066154
        },
        "probability": 0.836799323559,
        "value": "not_sad"
    },
    "moods_mirex": {
        "all": {
            "Cluster1": 0.58250784874,
            "Cluster2": 0.0622529834509,
            "Cluster3": 0.0347375720739,
            "Cluster4": 0.0652322843671,
            "Cluster5": 0.255269318819
        },
        "probability": 0.58250784874,
        "value": "Cluster1"
    },
    "timbre": {
        "all": {
            "bright": 0.397640138865,
            "dark": 0.602359890938
        },
        "probability": 0.602359890938,
        "value": "dark"
    },
    "tonal_atonal": {
        "all": {
            "atonal": 0.312274843454,
            "tonal": 0.687725126743
        },
        "probability": 0.687725126743,
        "value": "tonal"
    },
    "voice_instrumental": {
        "all": {
            "instrumental": 0.00144887180068,
            "voice": 0.998551130295
        },
        "probability": 0.998551130295,
        "value": "voice"
    }
},
"lowlevel": {
    "average_loudness": 0.977743089199,
    "barkbands_crest": {
        "dmean": 2.60777401924,
        "dmean2": 4.27391862869,
        "dvar": 5.64606428146,
        "dvar2": 13.92004776,
        "max": 21.0820999146,
        "mean": 8.65275192261,
        "median": 7.86493206024,
        "min": 2.69064593315,
        "var": 13.0120105743
    },
    "barkbands_flatness_db": {
        "dmean": 0.0171058140695,
        "dmean2": 0.0278273355216,
        "dvar": 0.000229351804592,
        "dvar2": 0.000567501294427,
        "max": 0.422049552202,
        "mean": 0.129491835833,
        "median": 0.118541918695,
        "min": 0.0501972213387,
        "var": 0.00220797164366
    },
    "barkbands_kurtosis": {
        "dmean": 1.69645118713,
        "dmean2": 2.84124302864,
        "dvar": 13.0679931641,
        "dvar2": 34.0662994385,
        "max": 107.510368347,
        "mean": 2.06083440781,
        "median": 0.315058469772,
        "min": -1.87675356865,
        "var": 75.1446685791
    },
    "barkbands_skewness": {
        "dmean": 0.426840990782,
        "dmean2": 0.688015520573,
        "dvar": 0.219508126378,
        "dvar2": 0.533073544502,
        "max": 8.17774200439,
        "mean": 1.06435573101,
        "median": 0.860442399979,
        "min": -0.459191799164,
        "var": 0.934135258198
    },
    "barkbands_spread": {
        "dmean": 5.74139595032,
        "dmean2": 8.78628826141,
        "dvar": 44.015335083,
        "dvar2": 95.1225509644,
        "max": 99.2951889038,
        "mean": 24.9827728271,
        "median": 23.8880462646,
        "min": 0.680361628532,
        "var": 133.105407715
    },
    "dissonance": {
        "dmean": 0.0182407591492,
        "dmean2": 0.0315621197224,
        "dvar": 0.000310157949571,
        "dvar2": 0.000840952270664,
        "max": 0.499995112419,
        "mean": 0.468177258968,
        "median": 0.472835332155,
        "min": 0.327982515097,
        "var": 0.00055872881785
    },
    "dynamic_complexity": 1.78810238838,
    "erbbands_crest": {
        "dmean": 2.59329152107,
        "dmean2": 4.24376058578,
        "dvar": 6.37818050385,
        "dvar2": 15.9808149338,
        "max": 28.9771652222,
        "mean": 8.39670276642,
        "median": 7.4426074028,
        "min": 2.30308961868,
        "var": 15.4508590698
    },
    "erbbands_flatness_db": {
        "dmean": 0.0144964139909,
        "dmean2": 0.0207950808108,
        "dvar": 0.000193351472262,
        "dvar2": 0.000357651151717,
        "max": 0.295518785715,
        "mean": 0.158377066255,
        "median": 0.15496917069,
        "min": 0.0536682382226,
        "var": 0.00118678796571
    },
    "erbbands_kurtosis": {
        "dmean": 0.638733744621,
        "dmean2": 1.03574812412,
        "dvar": 0.697222709656,
        "dvar2": 1.73863732815,
        "max": 11.1274175644,
        "mean": -0.0266654677689,
        "median": -0.294895172119,
        "min": -1.50995659828,
        "var": 1.27395713329
    },
    "erbbands_skewness": {
        "dmean": 0.334561407566,
        "dmean2": 0.526475012302,
        "dvar": 0.0907339975238,
        "dvar2": 0.212969869375,
        "max": 2.88810801506,
        "mean": 0.308111071587,
        "median": 0.270567327738,
        "min": -2.57160377502,
        "var": 0.320124030113
    },
    "erbbands_spread": {
        "dmean": 6.57393455505,
        "dmean2": 9.89518737793,
        "dvar": 51.4463386536,
        "dvar2": 94.6266098022,
        "max": 155.092041016,
        "mean": 34.6641540527,
        "median": 32.3319549561,
        "min": 6.85216760635,
        "var": 191.296279907
    },
    "hfc": {
        "dmean": 4.78428077698,
        "dmean2": 7.34000873566,
        "dvar": 24.343542099,
        "dvar2": 54.3787994385,
        "max": 79.7718811035,
        "mean": 25.5257072449,
        "median": 25.4837245941,
        "min": 0.370602339506,
        "var": 139.973907471
    },
    "melbands_crest": {
        "dmean": 3.35760092735,
        "dmean2": 5.74353456497,
        "dvar": 10.3805847168,
        "dvar2": 26.3283691406,
        "max": 30.8888206482,
        "mean": 12.8022480011,
        "median": 11.733206749,
        "min": 4.41477489471,
        "var": 25.9665775299
    },
    "melbands_flatness_db": {
        "dmean": 0.0215910449624,
        "dmean2": 0.034206468612,
        "dvar": 0.000400457996875,
        "dvar2": 0.00096487859264,
        "max": 0.547026395798,
        "mean": 0.174109295011,
        "median": 0.165162846446,
        "min": 0.073218755424,
        "var": 0.00364039721899
    },
    "melbands_kurtosis": {
        "dmean": 4.23568868637,
        "dmean2": 7.07697439194,
        "dvar": 89.9913482666,
        "dvar2": 211.557800293,
        "max": 220.964004517,
        "mean": 7.79201698303,
        "median": 3.41278362274,
        "min": -1.05314445496,
        "var": 380.498199463
    },
    "melbands_skewness": {
        "dmean": 0.582190036774,
        "dmean2": 0.931863963604,
        "dvar": 0.485106438398,
        "dvar2": 1.08996927738,
        "max": 12.4208564758,
        "mean": 1.94933390617,
        "median": 1.6360449791,
        "min": -0.566820025444,
        "var": 1.89815330505
    },
    "melbands_spread": {
        "dmean": 6.98311710358,
        "dmean2": 10.8786420822,
        "dvar": 46.1753730774,
        "dvar2": 101.225326538,
        "max": 119.513221741,
        "mean": 27.5583705902,
        "median": 26.6429786682,
        "min": 0.587290942669,
        "var": 145.839675903
    },
    "pitch_salience": {
        "dmean": 0.0593680925667,
        "dmean2": 0.0983908846974,
        "dvar": 0.00260686385445,
        "dvar2": 0.00720253167674,
        "max": 0.764006614685,
        "mean": 0.532524049282,
        "median": 0.540360808372,
        "min": 0.127764210105,
        "var": 0.00979706272483
    },
    "silence_rate_20dB": {
        "dmean": 0,
        "dmean2": 0,
        "dvar": 0,
        "dvar2": 0,
        "max": 1,
        "mean": 1,
        "median": 1,
        "min": 1,
        "var": 0
    },
    "silence_rate_30dB": {
        "dmean": 0,
        "dmean2": 0,
        "dvar": 0,
        "dvar2": 0,
        "max": 1,
        "mean": 1,
        "median": 1,
        "min": 1,
        "var": 0
    },
    "silence_rate_60dB": {
        "dmean": 0.00386996893212,
        "dmean2": 0.00697134016082,
        "dvar": 0.00385499396361,
        "dvar2": 0.0100211156532,
        "max": 1,
        "mean": 0.00232018553652,
        "median": 0,
        "min": 0,
        "var": 0.00231480156071
    },
    "spectral_centroid": {
        "dmean": 260.119293213,
        "dmean2": 404.273529053,
        "dvar": 57050.5585938,
        "dvar2": 124355.421875,
        "max": 4166.16992188,
        "mean": 1471.47399902,
        "median": 1458.81652832,
        "min": 145.785522461,
        "var": 218489.265625
    },
    "spectral_complexity": {
        "dmean": 3.25851392746,
        "dmean2": 5.26645994186,
        "dvar": 8.14523887634,
        "dvar2": 20.4572868347,
        "max": 52,
        "mean": 27.3248252869,
        "median": 29,
        "min": 1,
        "var": 95.1148529053
    },
    "spectral_decrease": {
        "dmean": 2.66853472652e-09,
        "dmean2": 4.37744329673e-09,
        "dvar": 1.29986081404e-17,
        "dvar2": 3.38581402894e-17,
        "max": -3.0332508727e-10,
        "mean": -7.97493804328e-09,
        "median": -7.29392635179e-09,
        "min": -2.92509270139e-08,
        "var": 2.02230919411e-17
    },
    "spectral_energy": {
        "dmean": 0.0103671532124,
        "dmean2": 0.0169628132135,
        "dvar": 0.000191931103473,
        "dvar2": 0.000498470908497,
        "max": 0.114940218627,
        "mean": 0.0324145406485,
        "median": 0.0298926774412,
        "min": 0.00118376035243,
        "var": 0.000312376796501
    },
    "spectral_energyband_high": {
        "dmean": 0.000242657290073,
        "dmean2": 0.000339655060088,
        "dvar": 1.6086079313e-07,
        "dvar2": 2.90754570642e-07,
        "max": 0.00839918665588,
        "mean": 0.000848193536513,
        "median": 0.000604596396443,
        "min": 5.37642641518e-08,
        "var": 6.5240629965e-07
    },
    "spectral_energyband_low": {
        "dmean": 0.00481798825786,
        "dmean2": 0.00828017387539,
        "dvar": 7.9926525359e-05,
        "dvar2": 0.000216916334466,
        "max": 0.0755071640015,
        "mean": 0.0096149565652,
        "median": 0.0070203715004,
        "min": 0.000660128192976,
        "var": 9.25946151256e-05
    },
    "spectral_energyband_middle_high": {
        "dmean": 0.00208808062598,
        "dmean2": 0.00318795698695,
        "dvar": 5.54365487915e-06,
        "dvar2": 1.30883991005e-05,
        "max": 0.0337172299623,
        "mean": 0.00794614478946,
        "median": 0.00728120654821,
        "min": 4.74112039228e-06,
        "var": 2.33502923948e-05
    },
    "spectral_energyband_middle_low": {
        "dmean": 0.00763126416132,
        "dmean2": 0.0123493652791,
        "dvar": 0.000126744402223,
        "dvar2": 0.000324787426507,
        "max": 0.105236835778,
        "mean": 0.0149932298809,
        "median": 0.0115828374401,
        "min": 4.11564215028e-05,
        "var": 0.000162134630955
    },
    "spectral_entropy": {
        "dmean": 0.113855414093,
        "dmean2": 0.167754650116,
        "dvar": 0.0137959150597,
        "dvar2": 0.0274091176689,
        "max": 8.57963371277,
        "mean": 7.66766357422,
        "median": 7.72945690155,
        "min": 5.64478397369,
        "var": 0.127627491951
    },
    "spectral_flux": {
        "dmean": 0.0263691749424,
        "dmean2": 0.0426983460784,
        "dvar": 0.000992023851722,
        "dvar2": 0.0021945910994,
        "max": 0.292446494102,
        "mean": 0.0959296301007,
        "median": 0.0889692381024,
        "min": 0.00607209000736,
        "var": 0.00200350140221
    },
    "spectral_kurtosis": {
        "dmean": 1.34146153927,
        "dmean2": 2.26953864098,
        "dvar": 1.86569869518,
        "dvar2": 5.04997587204,
        "max": 31.2293548584,
        "mean": 3.8959338665,
        "median": 3.43480587006,
        "min": -0.726049900055,
        "var": 6.07891225815
    },
    "spectral_rms": {
        "dmean": 0.000817661522888,
        "dmean2": 0.00130960822571,
        "dvar": 8.27293661132e-07,
        "dvar2": 2.06797244573e-06,
        "max": 0.0105894664302,
        "mean": 0.0054158992134,
        "median": 0.00540033215657,
        "min": 0.00107465719339,
        "var": 2.2919211915e-06
    },
    "spectral_rolloff": {
        "dmean": 472.231323242,
        "dmean2": 775.545898438,
        "dvar": 684569.6875,
        "dvar2": 1538967.375,
        "max": 12403.125,
        "mean": 1527.14160156,
        "median": 1356.59179688,
        "min": 107.666015625,
        "var": 1282380.875
    },
    "spectral_skewness": {
        "dmean": 0.177093699574,
        "dmean2": 0.287074685097,
        "dvar": 0.0239969659597,
        "dvar2": 0.0579887926579,
        "max": 4.17230176926,
        "mean": 1.36666703224,
        "median": 1.31191694736,
        "min": 0.217494517565,
        "var": 0.121829420328
    },
    "spectral_spread": {
        "dmean": 373421.5625,
        "dmean2": 497324.375,
        "dvar": 337863409664,
        "dvar2": 458463117312,
        "max": 15472593,
        "mean": 4033497.25,
        "median": 3783816.5,
        "min": 1487477,
        "var": 1.65717488435e+12
    },
    "spectral_strongpeak": {
        "dmean": 0.658007621765,
        "dmean2": 1.10252380371,
        "dvar": 0.679679870605,
        "dvar2": 1.61732625961,
        "max": 7.75333595276,
        "mean": 1.01771271229,
        "median": 0.422731369734,
        "min": 0.0390056222677,
        "var": 1.21950411797
    },
    "zerocrossingrate": {
        "dmean": 0.00830456055701,
        "dmean2": 0.00971078313887,
        "dvar": 0.000105779778096,
        "dvar2": 0.000112982888822,
        "max": 0.23046875,
        "mean": 0.0603478625417,
        "median": 0.056640625,
        "min": 0.00439453125,
        "var": 0.000684386177454
    },
    "barkbands": {
        "dmean": [0.000130778629682, 0.00275892019272, 0.00224189180881, 0.00173359957989, 0.00352716306224, 0.000810806523077, 0.000528453092556, 0.00247753341682, 0.00151898211334, 0.000671716465149, 0.00050933874445, 0.000939623103477, 0.000481810449855, 0.000457949208794, 0.000437968206825, 0.000230211400776, 0.000165009536431, 0.000295159377856, 0.000166231635376, 0.000159729330335, 7.81870621722e-05, 6.04019260209e-05, 3.85334496968e-05, 4.59034927189e-05, 2.51981255133e-05, 1.67876514752e-05, 7.59864082767e-09],
        "dmean2": [0.000190722144907, 0.00461954157799, 0.00388179067522, 0.0030130231753, 0.00596946012229, 0.00130720937159, 0.000882392807398, 0.00397107750177, 0.00230828276835, 0.00107795873191, 0.000797785411123, 0.0014828677522, 0.000784123316407, 0.000713319925126, 0.000707361032255, 0.000390521367081, 0.000271324563073, 0.000491832615808, 0.000272643053904, 0.000271873810561, 0.000124649624922, 9.06256827875e-05, 5.62167369935e-05, 6.64601611788e-05, 3.53320938302e-05, 2.41364668909e-05, 1.3753830963e-08],
        "dvar": [5.51632481915e-08, 2.2688162062e-05, 2.4785154892e-05, 1.38290415634e-05, 7.90520280134e-05, 1.6261400333e-06, 1.49135451011e-06, 1.39302073876e-05, 7.58979331295e-06, 2.36613664129e-06, 9.32974899115e-07, 1.7930916556e-06, 7.08331185706e-07, 5.14021962772e-07, 3.07716334191e-07, 7.55194946578e-08, 6.00642948712e-08, 1.16185226773e-07, 4.04639237672e-08, 4.23641424163e-08, 9.40153999096e-09, 7.80931674882e-09, 5.06466468764e-09, 2.53930636518e-08, 5.95348037535e-09, 4.90442397805e-09, 6.9402401569e-16],
        "dvar2": [1.08693249956e-07, 5.88094990235e-05, 6.85618215357e-05, 3.77533142455e-05, 0.000206821787287, 3.7343902477e-06, 3.92289848605e-06, 3.41375780408e-05, 1.65909914358e-05, 5.69008261664e-06, 2.23623555939e-06, 4.64494405605e-06, 1.67668292761e-06, 1.20295328543e-06, 7.43223438349e-07, 1.9420158992e-07, 1.54925103857e-07, 3.0107005955e-07, 1.05469304401e-07, 1.16582675957e-07, 2.24961134165e-08, 1.5171812251e-08, 8.95949359148e-09, 4.9873825958e-08, 1.1585117754e-08, 1.11878044606e-08, 1.75240010067e-15],
        "max": [0.00217342493124, 0.0540231093764, 0.0413462147117, 0.0241295024753, 0.0846068561077, 0.0210324767977, 0.0207106694579, 0.0378208085895, 0.0379046201706, 0.0186101309955, 0.0194685105234, 0.0159552507102, 0.010182489641, 0.00994699914008, 0.00732071883976, 0.00330262398347, 0.00464256526902, 0.00415614014491, 0.00261435331777, 0.00250821979716, 0.00130764755886, 0.00165546813514, 0.00154002627824, 0.00306868017651, 0.00136422726791, 0.00138284242712, 4.24672407462e-07],
        "mean": [0.000255423801718, 0.00530170369893, 0.00318997423165, 0.00171980727464, 0.00386040494777, 0.00139738549478, 0.000819249835331, 0.00416483730078, 0.00276996521279, 0.00105779827572, 0.000985335442238, 0.00159283948597, 0.000784165167715, 0.000801157962997, 0.00082080962602, 0.000455903849797, 0.000327551417286, 0.000653897004668, 0.000395802140702, 0.000401418947149, 0.000217445835005, 0.000171112013049, 0.000102406382211, 9.37914956012e-05, 5.09761521243e-05, 2.33557748288e-05, 5.2788839966e-09],
        "median": [5.97418329562e-05, 0.00346988555975, 0.00209547579288, 0.000745213823393, 0.00171682378277, 0.000927148852497, 0.000308821501676, 0.00186266354285, 0.0012765476713, 0.000413083238527, 0.000540193985216, 0.00106705888174, 0.000476272485685, 0.000514030398335, 0.000625286193099, 0.00036538724089, 0.000230868434301, 0.000544312351849, 0.000342215091223, 0.000332820985932, 0.000174281667569, 0.000122965910123, 5.70753109059e-05, 3.76903517463e-05, 2.04554471566e-05, 5.9473827605e-06, 7.59498020031e-10],
        "min": [5.79231524966e-08, 0.000105763065221, 3.3918164263e-05, 1.38431289542e-07, 8.79409162735e-06, 4.92399249197e-06, 1.50459442239e-07, 6.47609056159e-07, 3.75868609126e-07, 5.65843436107e-07, 1.37049781301e-07, 2.62474515011e-07, 1.2413002537e-07, 5.00178316543e-07, 6.59080853893e-07, 1.24881523789e-07, 7.92363863411e-08, 1.56758659386e-07, 2.141181632e-08, 2.72581139882e-08, 9.74133929077e-09, 1.10433724387e-08, 5.81869485927e-09, 4.14953138517e-09, 5.12651171514e-11, 1.80062718208e-11, 7.03826970663e-12],
        "var": [1.72771066786e-07, 3.29497379425e-05, 1.89764377865e-05, 9.94751371763e-06, 6.40228390694e-05, 3.01461682284e-06, 2.61681657321e-06, 3.34934265993e-05, 1.90059727174e-05, 4.52738458989e-06, 2.36302798839e-06, 3.27458883476e-06, 1.08667245513e-06, 9.56942585617e-07, 6.49204991987e-07, 1.69629245761e-07, 1.57191934136e-07, 2.78711581814e-07, 1.00614215626e-07, 1.06342952222e-07, 2.98449478464e-08, 2.68427893246e-08, 1.59740896066e-08, 5.95412501525e-08, 1.66689488879e-08, 7.81360753876e-09, 4.70767783073e-16]
    },
    "erbbands": {
        "dmean": [0.0923141241074, 0.651381134987, 2.32274150848, 4.35722398758, 9.55839061737, 12.075053215, 9.9174861908, 5.16580486298, 3.36329746246, 25.7659664154, 55.5157356262, 27.5841083527, 25.0549106598, 20.5079631805, 23.1541061401, 27.3661804199, 22.3138160706, 22.3348770142, 15.7679109573, 19.7812461853, 13.7209329605, 9.94773006439, 15.763543129, 9.81662940979, 9.58460044861, 7.21769475937, 3.79782962799, 2.79549503326, 2.39298772812, 1.58079123497, 1.10984015465, 0.984462857246, 0.778543353081, 0.351095288992, 0.174038782716, 0.0967808887362, 0.0263746753335, 0.00184535817243, 3.83863989555e-05, 1.25893429868e-05],
        "dmean2": [0.144241079688, 1.11501300335, 4.0601439476, 7.52504110336, 16.3178596497, 20.4856128693, 15.6748418808, 8.52072906494, 5.4920706749, 40.9026031494, 90.0965652466, 42.7776565552, 39.8433876038, 32.7107543945, 36.5962181091, 42.8936767578, 35.9834442139, 34.7562713623, 25.02409935, 32.1149215698, 23.1742115021, 16.3588104248, 26.2322349548, 16.4875926971, 15.8101415634, 12.1378688812, 6.10462713242, 4.42260742188, 3.61757016182, 2.43745756149, 1.5986135006, 1.4712485075, 1.11254644394, 0.51451164484, 0.241120353341, 0.140010014176, 0.0386547259986, 0.00286345812492, 5.7198038121e-05, 2.01673356059e-05],
        "dvar": [0.0278693065047, 1.41562390327, 25.7403831482, 94.00756073, 708.758972168, 833.601867676, 191.782653809, 72.5820388794, 31.0292186737, 1667.45837402, 6870.74365234, 2946.60400391, 2720.00244141, 1958.08129883, 1088.48522949, 1609.44799805, 1610.16772461, 1122.61279297, 523.241394043, 638.641418457, 266.504394531, 169.389175415, 371.029083252, 167.437484741, 176.942108154, 82.5299453735, 23.311870575, 12.2422513962, 11.138710022, 7.74662971497, 3.69017720222, 9.71634101868, 7.79004383087, 1.23641180992, 0.283309847116, 0.17240549624, 0.00978415925056, 4.8132824304e-05, 1.74062240177e-08, 2.69994859803e-10],
        "dvar2": [0.0688813626766, 3.87493944168, 71.4336547852, 258.36920166, 1900.5135498, 2149.6887207, 439.534759521, 173.893737793, 77.8185195923, 4116.13574219, 16624.2070312, 6932.78320312, 6205.81005859, 4700.48486328, 2810.23486328, 4076.64526367, 3832.44848633, 2646.63330078, 1135.82470703, 1646.02087402, 688.135681152, 426.25479126, 934.524780273, 461.177490234, 472.257843018, 219.469161987, 59.5613517761, 29.6200942993, 22.8304405212, 14.9910850525, 6.76940059662, 19.4941711426, 16.4494304657, 2.49401497841, 0.570675611496, 0.387920051813, 0.0214284081012, 0.000111244240543, 3.88942780205e-08, 6.71130540031e-10],
        "max": [1.40774130821, 13.4063224792, 42.377910614, 72.1264190674, 235.434906006, 283.994659424, 237.201141357, 173.513076782, 71.3638687134, 607.348693848, 912.823608398, 747.681640625, 877.854858398, 980.318115234, 373.307495117, 531.516540527, 527.052856445, 496.321807861, 294.476867676, 391.907409668, 219.412536621, 196.77281189, 254.784973145, 269.966583252, 197.774749756, 115.098617554, 65.88256073, 44.7773780823, 58.2261810303, 45.4976844788, 41.1934013367, 68.5154342651, 54.3482055664, 21.231098175, 10.3089485168, 8.81769943237, 1.70917212963, 0.136151313782, 0.00239766133018, 0.000162932439707],
        "mean": [0.159800857306, 1.15748405457, 3.55188131332, 4.96388721466, 8.65597724915, 13.0521240234, 16.2303562164, 9.10753822327, 6.35003852844, 44.5672950745, 95.8772277832, 51.5604705811, 43.1711845398, 40.8534469604, 43.602104187, 49.9910583496, 40.1726722717, 42.7788505554, 33.762386322, 38.9492912292, 27.2777996063, 22.4277095795, 34.7497558594, 23.9701118469, 22.2482261658, 18.2471046448, 10.6345710754, 7.68060970306, 6.60196971893, 4.19166231155, 2.8777256012, 2.08517384529, 1.4679684639, 0.702656030655, 0.307360172272, 0.141285285354, 0.0360435061157, 0.00222546583973, 6.69402143103e-05, 4.2161453166e-05],
        "median": [0.0796591192484, 0.770334720612, 2.40136003494, 2.86628675461, 2.37735652924, 5.83291387558, 10.3590602875, 6.01280212402, 4.29415369034, 21.8487892151, 47.4161758423, 26.6655750275, 21.5869541168, 22.2087574005, 31.0031528473, 34.802280426, 26.0299282074, 27.446680069, 26.4071998596, 30.4343738556, 21.3293838501, 17.1517047882, 27.9713382721, 20.8253765106, 19.1853179932, 15.3575372696, 8.5827293396, 5.91507291794, 4.68753957748, 2.77174925804, 1.59834325314, 0.959830999374, 0.533695161343, 0.27292367816, 0.124641805887, 0.0433915555477, 0.00768554396927, 0.000379169738153, 3.09149327222e-05, 3.88910812035e-05],
        "min": [0.00328345037997, 0.0213342122734, 0.0661204457283, 0.142441123724, 0.0229800976813, 0.0431212596595, 0.103876627982, 0.0346170179546, 0.00459631532431, 0.0176660437137, 0.0149158444256, 0.0143318586051, 0.0299965664744, 0.0116128483787, 0.0111378543079, 0.00885766465217, 0.0072976029478, 0.0251180231571, 0.0375266559422, 0.0409617125988, 0.00702645489946, 0.00584970554337, 0.00974080897868, 0.00310246134177, 0.000846636015922, 0.00136097078212, 0.000442054268206, 0.000467698147986, 0.000429360195994, 0.000240991314058, 0.000177240246558, 0.000134981033625, 4.6649867727e-05, 1.42692342706e-05, 3.52186316377e-06, 2.19152479985e-06, 1.0424686252e-06, 9.25788725681e-08, 1.35208631491e-06, 1.82416545158e-06],
        "var": [0.0476811304688, 1.5739877224, 20.1181564331, 66.3819580078, 524.075683594, 687.362792969, 398.57019043, 124.184333801, 55.9058799744, 3587.34912109, 14406.1689453, 6101.96923828, 5598.09570312, 4500.16210938, 2088.66821289, 3040.11279297, 2469.70361328, 2496.31054688, 1158.69091797, 1293.03771973, 644.44909668, 527.270324707, 881.496032715, 364.140472412, 340.760253906, 218.553222656, 73.8751220703, 38.8041725159, 39.4109115601, 20.6415195465, 13.1269607544, 21.7141342163, 17.2888240814, 3.40405964851, 0.615019798279, 0.270157784224, 0.0177422929555, 7.09445230314e-05, 2.91681949705e-08, 5.17680120993e-10]
    },
    "gfcc": {
        "mean": [29.6553401947, 103.537620544, -135.438674927, 39.9816055298, -57.7487297058, 21.7117824554, -29.5944232941, 14.7348327637, -21.5647563934, 3.27847480774, -15.7155427933, -4.87044715881, -11.3739500046],
        "cov": [[3393.40991211, -767.889953613, -399.509796143, 25.7226924896, -449.835723877, 17.8687877655, -187.469070435, 202.92918396, -224.245605469, 123.542243958, -19.7133140564, 170.252975464, -81.7268371582], [-767.889953613, 644.095031738, -142.898605347, -13.936255455, 148.262969971, -96.4894866943, 141.943191528, -76.9776611328, 115.985054016, -72.6225585938, 74.7462768555, -90.9211502075, 40.5554885864], [-399.509796143, -142.898605347, 432.429382324, -0.249009177089, 66.1806945801, 29.2462291718, -87.0884170532, -24.2422771454, -50.2559547424, 16.8463134766, -65.0465316772, 11.9883565903, -25.9059963226], [25.7226924896, -13.936255455, -0.249009177089, 151.364013672, -5.1431889534, -0.0547741651535, -18.3719768524, -40.9177856445, 10.6723651886, -15.6371450424, 4.49835538864, -12.1839332581, 29.1366939545], [-449.835723877, 148.262969971, 66.1806945801, -5.1431889534, 187.583862305, 12.9724340439, 33.2696380615, -20.3850498199, 8.18788433075, -31.6427783966, -11.7218494415, -10.8692722321, 7.97828722], [17.8687877655, -96.4894866943, 29.2462291718, -0.0547741651535, 12.9724340439, 95.204208374, 22.8598442078, 16.2815246582, -20.4437637329, -1.7324231863, -5.71328163147, 10.8161535263, -2.69767332077], [-187.469070435, 141.943191528, -87.0884170532, -18.3719768524, 33.2696380615, 22.8598442078, 145.353942871, 21.5342655182, 33.4638214111, -20.3325500488, 26.3735313416, -15.1947345734, -6.9261803627], [202.92918396, -76.9776611328, -24.2422771454, -40.9177856445, -20.3850498199, 16.2815246582, 21.5342655182, 101.247612, 19.1861610413, 39.1044692993, 5.51139545441, 19.3406677246, -11.235159874], [-224.245605469, 115.985054016, -50.2559547424, 10.6723651886, 8.18788433075, -20.4437637329, 33.4638214111, 19.1861610413, 113.133552551, 23.5512771606, 23.2657604218, -39.7949562073, 14.8456773758], [123.542243958, -72.6225585938, 16.8463134766, -15.6371450424, -31.6427783966, -1.7324231863, -20.3325500488, 39.1044692993, 23.5512771606, 92.935546875, 19.2897987366, 11.7576370239, -4.70851516724], [-19.7133140564, 74.7462768555, -65.0465316772, 4.49835538864, -11.7218494415, -5.71328163147, 26.3735313416, 5.51139545441, 23.2657604218, 19.2897987366, 78.6515274048, 12.8969831467, 19.6420097351], [170.252975464, -90.9211502075, 11.9883565903, -12.1839332581, -10.8692722321, 10.8161535263, -15.1947345734, 19.3406677246, -39.7949562073, 11.7576370239, 12.8969831467, 80.8525390625, 13.0606527328], [-81.7268371582, 40.5554885864, -25.9059963226, 29.1366939545, 7.97828722, -2.69767332077, -6.9261803627, -11.235159874, 14.8456773758, -4.70851516724, 19.6420097351, 13.0606527328, 65.619972229]],
        "icov": [[0.00124598434195, -0.000526693533175, 0.00170625967439, -0.00152840453666, 0.00175759405829, -0.000672027643304, 0.00197595870122, -0.00276716891676, 0.00284381117672, -0.00117453769781, 0.00124240654986, -0.00127062189858, 0.00187640450895], [-0.000526693533175, 0.00937512237579, -0.000424583180575, 0.00404551718384, -0.0060474332422, 0.00890736002475, -0.00703789386898, 0.00642471807078, -0.00463911145926, 0.00433845398948, -0.00757206743583, 0.0065004103817, -0.00462185731158], [0.00170625967439, -0.000424583180575, 0.00593186169863, -0.00208521378227, 0.000572961347643, -0.0018818359822, 0.004409997724, -0.00261361105368, 0.00406271731481, -0.00308352545835, 0.00347992335446, -0.00219934363849, 0.00378185533918], [-0.00152840453666, 0.00404551718384, -0.00208521378227, 0.0115403914824, -0.00325687299483, 0.00272460607812, -0.00376933254302, 0.00839616172016, -0.00616440782323, 0.00364978634752, -0.00435228459537, 0.00451547233388, -0.00674300827086], [0.00175759405829, -0.0060474332422, 0.000572961347643, -0.00325687299483, 0.0125288395211, -0.00628795521334, 0.00415383884683, -0.00578921753913, 0.00475329207256, -0.00192307296675, 0.00641037523746, -0.00530464434996, 0.00318792555481], [-0.000672027643304, 0.00890736002475, -0.0018818359822, 0.00272460607812, -0.00628795521334, 0.0215482898057, -0.0104651041329, 0.00347465812229, -0.000984484096989, 0.00365081964992, -0.0066420561634, 0.00660813460127, -0.00599645636976], [0.00197595870122, -0.00703789386898, 0.004409997724, -0.00376933254302, 0.00415383884683, -0.0104651041329, 0.0190898086876, -0.0100358128548, 0.00374672422186, -0.000349318201188, 0.00283152912743, -0.00534990010783, 0.00893124006689], [-0.00276716891676, 0.00642471807078, -0.00261361105368, 0.00839616172016, -0.00578921753913, 0.00347465812229, -0.0100358128548, 0.0258261859417, -0.0128313601017, -0.0006500291056, -0.00357914785855, 0.000413327798015, -0.00412234617397], [0.00284381117672, -0.00463911145926, 0.00406271731481, -0.00616440782323, 0.00475329207256, -0.000984484096989, 0.00374672422186, -0.0128313601017, 0.0251595843583, -0.00899425521493, 0.00303503125906, 0.00500056846067, 8.89975490281e-05], [-0.00117453769781, 0.00433845398948, -0.00308352545835, 0.00364978634752, -0.00192307296675, 0.00365081964992, -0.000349318201188, -0.0006500291056, -0.00899425521493, 0.0204643066972, -0.00951707269996, 0.00194355717395, -0.000781200185884], [0.00124240654986, -0.00757206743583, 0.00347992335446, -0.00435228459537, 0.00641037523746, -0.0066420561634, 0.00283152912743, -0.00357914785855, 0.00303503125906, -0.00951707269996, 0.0260201208293, -0.0106184622273, 0.00112244137563], [-0.00127062189858, 0.0065004103817, -0.00219934363849, 0.00451547233388, -0.00530464434996, 0.00660813460127, -0.00534990010783, 0.000413327798015, 0.00500056846067, 0.00194355717395, -0.0106184622273, 0.026324827224, -0.0111035164446], [0.00187640450895, -0.00462185731158, 0.00378185533918, -0.00674300827086, 0.00318792555481, -0.00599645636976, 0.00893124006689, -0.00412234617397, 8.89975490281e-05, -0.000781200185884, 0.00112244137563, -0.0111035164446, 0.0263203717768]]
    },
    "melbands": {
        "dmean": [0.000746803998481, 0.00104798492976, 0.00086972193094, 0.000859747058712, 0.000355774420314, 0.000120994845929, 6.33431845927e-05, 0.000369725632481, 0.00044210703345, 0.000170890940353, 0.000129090665723, 8.61666339915e-05, 6.96258284734e-05, 0.000107120802568, 6.8142740929e-05, 5.28395357833e-05, 4.28004459536e-05, 2.78449824691e-05, 4.00577264372e-05, 1.56609276019e-05, 1.64211596712e-05, 1.10019727799e-05, 1.45702269947e-05, 1.29068303067e-05, 8.4729417722e-06, 7.1783920248e-06, 7.79476795287e-06, 5.08823814016e-06, 2.93451171274e-06, 2.0941429284e-06, 1.74961542143e-06, 1.5503077293e-06, 1.26091481434e-06, 8.71532336078e-07, 7.16962347269e-07, 6.47725187264e-07, 6.56169163449e-07, 6.23980497494e-07, 4.26898907335e-07, 2.92849932748e-07],
        "dmean2": [0.00122535438277, 0.00182058196515, 0.00151140196249, 0.00144776538946, 0.000567308394238, 0.000199543486815, 0.000104191691207, 0.000583854387514, 0.00071374757681, 0.00026664417237, 0.000204401716474, 0.000137267707032, 0.000109878303192, 0.000169650709722, 0.000107924504846, 8.62849265104e-05, 6.65526240482e-05, 4.50247753179e-05, 6.42820305075e-05, 2.62053417828e-05, 2.80414351437e-05, 1.81770301424e-05, 2.41650704993e-05, 2.1477771952e-05, 1.43445531648e-05, 1.17211739052e-05, 1.31381020765e-05, 8.471430192e-06, 4.7552371143e-06, 3.43470605912e-06, 2.84825159724e-06, 2.430665063e-06, 1.95789880308e-06, 1.37697611535e-06, 1.07260007098e-06, 9.53562334871e-07, 1.00118336377e-06, 9.33274236559e-07, 6.33623699287e-07, 4.45550739414e-07],
        "dvar": [1.69728889432e-06, 4.7231183089e-06, 3.44226600646e-06, 5.92129117649e-06, 2.33125561522e-07, 3.67153880632e-08, 1.39050966297e-08, 2.99190588748e-07, 4.50474402669e-07, 1.07124463966e-07, 7.0911170269e-08, 3.37569083797e-08, 1.22345280573e-08, 2.9834890114e-08, 1.49105510161e-08, 9.52649692465e-09, 4.58647697599e-09, 2.21937868083e-09, 2.91565926958e-09, 3.72524400216e-10, 4.48819176269e-10, 2.21096349562e-10, 3.1421870661e-10, 2.207187072e-10, 1.35625718989e-10, 9.63264190634e-11, 1.28780305864e-10, 4.13843612157e-11, 1.38927688798e-11, 7.73520743985e-12, 5.1241268173e-12, 4.29585403708e-12, 3.80499538127e-12, 2.53673189225e-12, 1.21519916525e-12, 2.25199307986e-12, 4.70954872323e-12, 5.26379157276e-12, 1.99243529661e-12, 8.01418176613e-13],
        "dvar2": [4.17232467953e-06, 1.32172135636e-05, 9.43831764744e-06, 1.55504039867e-05, 5.63570040413e-07, 8.69951790605e-08, 3.58265985767e-08, 7.14781151601e-07, 1.03860759282e-06, 2.57634354739e-07, 1.63512353879e-07, 8.08606159808e-08, 3.06109555481e-08, 7.67465522244e-08, 3.79546172269e-08, 2.20799236672e-08, 1.08976330182e-08, 4.80287720706e-09, 6.99007607352e-09, 1.00854258278e-09, 1.15644516185e-09, 5.48174394766e-10, 7.80149111979e-10, 5.72012048838e-10, 3.72923386616e-10, 2.50333892504e-10, 3.57433943554e-10, 1.09319699126e-10, 3.67776122057e-11, 2.00357074681e-11, 1.30141305718e-11, 9.517287132e-12, 7.78582233407e-12, 5.04665059742e-12, 2.51428543784e-12, 4.14952490771e-12, 1.00942067205e-11, 1.19874657076e-11, 4.01478589956e-12, 1.75954108055e-12],
        "max": [0.0129085788503, 0.0195744857192, 0.0116034271196, 0.0228602197021, 0.00892653409392, 0.00346838287078, 0.00157136074267, 0.00590645801276, 0.00835257861763, 0.00453776540235, 0.00423457100987, 0.00368988281116, 0.00159658538178, 0.00225825840607, 0.0017936269287, 0.00123163347598, 0.000941782200243, 0.000606276851613, 0.000739215407521, 0.000249062431976, 0.000298632774502, 0.000223062321311, 0.000314194010571, 0.000186823148397, 0.00023707379296, 0.000132988629048, 0.000170251209056, 8.57472041389e-05, 5.79143925279e-05, 3.94600865548e-05, 2.65237758867e-05, 3.14071912726e-05, 3.5115495848e-05, 2.51348556048e-05, 1.77772108145e-05, 3.65202504327e-05, 4.48971004516e-05, 4.11452783737e-05, 2.85902606265e-05, 1.47043574543e-05],
        "mean": [0.00142455613241, 0.00178296829108, 0.000964060192928, 0.00081021420192, 0.000579752260819, 0.000213256294955, 0.000109776083264, 0.000628777954262, 0.000776988512371, 0.000309246010147, 0.000213898805669, 0.000163390272064, 0.000138243471156, 0.000172124389792, 0.000106176637928, 8.63965033204e-05, 7.68172758399e-05, 4.94826635986e-05, 6.92491958034e-05, 3.34609940182e-05, 2.92074346362e-05, 2.07270404644e-05, 3.02718999592e-05, 2.8032445698e-05, 1.8417256797e-05, 1.56666574185e-05, 1.60062427312e-05, 1.12969037218e-05, 7.04819876773e-06, 4.97570772495e-06, 4.16285638494e-06, 3.82571897717e-06, 3.05558478431e-06, 2.02981186703e-06, 1.7139841475e-06, 1.37953873036e-06, 1.22378617107e-06, 1.06812808554e-06, 8.10981021004e-07, 5.22413415638e-07],
        "median": [0.000902022933587, 0.0012980325846, 0.000525252136867, 0.000253478297964, 0.000377540680347, 0.000145775455167, 6.30957292742e-05, 0.000285692862235, 0.000391206442146, 0.000149464118294, 0.000102022910141, 8.49389616633e-05, 9.39447127166e-05, 0.000101839053968, 5.93220865994e-05, 5.09017518198e-05, 4.67145946459e-05, 3.50576810888e-05, 4.90783204441e-05, 2.73732694041e-05, 2.1713633032e-05, 1.50222349475e-05, 2.28449989663e-05, 2.29197448789e-05, 1.5468978745e-05, 1.33096045829e-05, 1.31246997626e-05, 9.28985264181e-06, 5.53008976567e-06, 3.75862032342e-06, 3.16134241984e-06, 2.67120799435e-06, 2.14637566387e-06, 1.25301448861e-06, 9.81000425782e-07, 6.89883108862e-07, 5.32598562586e-07, 3.87144496017e-07, 2.79566052086e-07, 2.11196862665e-07],
        "min": [3.38779464073e-05, 5.48653042642e-05, 2.82016098936e-05, 1.48810477185e-06, 3.21282982441e-06, 7.72036116814e-07, 4.6296086964e-08, 1.79861785909e-07, 1.20435259987e-07, 5.04561903369e-08, 1.48874264028e-07, 2.90894668353e-08, 2.49504275018e-08, 2.56276315724e-08, 1.44561242976e-08, 1.63190652103e-08, 4.82017838976e-08, 4.50903172577e-08, 4.23048085452e-08, 2.97477740219e-08, 4.52411708096e-09, 5.23854559731e-09, 9.28888344021e-09, 6.04367134116e-09, 1.46084500052e-09, 7.14520831391e-10, 5.45134937191e-10, 8.95765406295e-10, 2.95449636978e-10, 2.08331810136e-10, 2.75154482532e-10, 2.62445648547e-10, 1.39593683834e-10, 1.05512855397e-10, 3.86554989407e-11, 9.6663857474e-11, 4.44732063676e-11, 1.98369914245e-11, 6.50520089185e-12, 4.19425887251e-13],
