{
"highlevel": {
    "danceability": {
        "all": {
            "danceable": 0.998943865299,
            "not_danceable": 0.00105611409526
        },
        "probability": 0.998943865299,
        "value": "danceable"
    },
    "gender": {
        "all": {
            "female": 0.0321748815477,
            "male": 0.967825114727
        },
        "probability": 0.967825114727,
        "value": "male"
    },
    "genre_dortmund": {
        "all": {
            "alternative": 0.00614968501031,
            "blues": 0.0660838782787,
            "electronic": 0.0163780022413,
            "folkcountry": 0.00236908951774,
            "funksoulrnb": 0.0122348032892,
            "jazz": 0.00719031598419,
            "pop": 0.00539027899504,
            "raphiphop": 0.851714074612,
            "rock": 0.0324898511171
        },
        "probability": 0.851714074612,
        "value": "raphiphop"
    },
    "genre_electronic": {
        "all": {
            "ambient": 0.209593400359,
            "dnb": 0.338116645813,
            "house": 0.381692677736,
            "techno": 0.023222129792,
            "trance": 0.0473751761019
        },
        "probability": 0.381692677736,
        "value": "house"
    },
    "genre_rosamerica": {
        "all": {
            "cla": 0.00117465993389,
            "dan": 0.0151530131698,
            "hip": 0.942745566368,
            "jaz": 0.00163203442935,
            "pop": 0.00697992555797,
            "rhy": 0.0193369779736,
            "roc": 0.010057663545,
            "spe": 0.00292017334141
        },
        "probability": 0.942745566368,
        "value": "hip"
    },
    "genre_tzanetakis": {
        "all": {
            "blu": 0.0626613423228,
            "cla": 0.0348169617355,
            "cou": 0.104475811124,
            "dis": 0.0784321576357,
            "hip": 0.15692435205,
            "jaz": 0.313974827528,
            "met": 0.0448166541755,
            "pop": 0.0627359300852,
            "reg": 0.0627360641956,
            "roc": 0.0784258767962
        },
        "probability": 0.313974827528,
        "value": "jaz"
    },
    "ismir04_rhythm": {
        "all": {
            "ChaChaCha": 0.00863601174206,
            "Jive": 0.0116791808978,
            "Quickstep": 0.0769826099277,
            "Rumba-American": 0.027752533555,
            "Rumba-International": 0.00834955461323,
            "Rumba-Misc": 0.00341577362269,
            "Samba": 0.838470160961,
            "Tango": 0.00602742470801,
            "VienneseWaltz": 0.0108927087858,
            "Waltz": 0.00779406260699
        },
        "probability": 0.838470160961,
        "value": "Samba"
    },
    "mood_acoustic": {
        "all": {
            "acoustic": 0.161560073495,
            "not_acoustic": 0.838439941406
        },
        "probability": 0.838439941406,
        "value": "not_acoustic"
    },
    "mood_aggressive": {
        "all": {
            "aggressive": 0.569689810276,
            "not_aggressive": 0.430310159922
        },
        "probability": 0.569689810276,
        "value": "aggressive"
    },
    "mood_electronic": {
        "all": {
            "electronic": 0.709820985794,
            "not_electronic": 0.290179014206
        },
        "probability": 0.709820985794,
        "value": "electronic"
    },
    "mood_happy": {
        "all": {
            "happy": 0.293279916048,
            "not_happy": 0.706720113754
        },
        "probability": 0.706720113754,
        "value": "not_happy"
    },
    "mood_party": {
        "all": {
            "not_party": 0.267061144114,
            "party": 0.732938826084
        },
        "probability": 0.732938826084,
        "value": "party"
    },
    "mood_relaxed": {
        "all": {
            "not_relaxed": 0.982086539268,
            "relaxed": 0.0179134570062
        },
        "probability": 0.982086539268,
        "value": "not_relaxed"
    },
    "mood_sad": {
        "all": {
            "not_sad": 0.777154326439,
            "sad": 0.22284565866
        },
        "probability": 0.777154326439,
        "value": "not_sad"
    },
    "moods_mirex": {
        "all": {
            "Cluster1": 0.200600028038,
            "Cluster2": 0.456122279167,
            "Cluster3": 0.126376211643,
            "Cluster4": 0.100743643939,
            "Cluster5": 0.116157844663
        },
        "probability": 0.456122279167,
        "value": "Cluster2"
    },
    "timbre": {
        "all": {
            "bright": 0.926092207432,
            "dark": 0.0739078223705
        },
        "probability": 0.926092207432,
        "value": "bright"
    },
    "tonal_atonal": {
        "all": {
            "atonal": 0.142380416393,
            "tonal": 0.857619583607
        },
        "probability": 0.857619583607,
        "value": "tonal"
    },
    "voice_instrumental": {
        "all": {
            "instrumental": 0.00416696025059,
            "voice": 0.995833039284
        },
        "probability": 0.995833039284,
        "value": "voice"
    }
},
"lowlevel": {
    "average_loudness": 0.968234419823,
    "barkbands_crest": {
        "dmean": 3.50449919701,
        "dmean2": 5.56543159485,
        "dvar": 9.02775859833,
        "dvar2": 20.3209877014,
        "max": 24.5870876312,
        "mean": 14.2121429443,
        "median": 14.015794754,
        "min": 3.17873215675,
        "var": 33.6137123108
    },
    "barkbands_flatness_db": {
        "dmean": 0.0471977181733,
        "dmean2": 0.0709553584456,
        "dvar": 0.00199592346326,
        "dvar2": 0.00433582952246,
        "max": 0.491941392422,
        "mean": 0.208765819669,
        "median": 0.199783325195,
        "min": 0.0624513998628,
        "var": 0.00536856707186
    },
    "barkbands_kurtosis": {
        "dmean": 20.7983779907,
        "dmean2": 35.4627304077,
        "dvar": 2636.96899414,
        "dvar2": 6964.00488281,
        "max": 579.954833984,
        "mean": 16.3646183014,
        "median": 1.9608798027,
        "min": -1.83724319935,
        "var": 2045.16223145
    },
    "barkbands_skewness": {
        "dmean": 1.74788320065,
        "dmean2": 2.73459911346,
        "dvar": 4.75487947464,
        "dvar2": 10.6612491608,
        "max": 20.6425800323,
        "mean": 2.32096552849,
        "median": 1.57907032967,
        "min": -3.52757549286,
        "var": 8.07177829742
    },
    "barkbands_spread": {
        "dmean": 11.8560962677,
        "dmean2": 18.5567150116,
        "dvar": 166.457931519,
        "dvar2": 398.230987549,
        "max": 105.117980957,
        "mean": 21.7715034485,
        "median": 18.6711120605,
        "min": 0.284490257502,
        "var": 284.652252197
    },
    "dissonance": {
        "dmean": 0.0283311605453,
        "dmean2": 0.0462047494948,
        "dvar": 0.00095295230858,
        "dvar2": 0.00222502439283,
        "max": 0.49992442131,
        "mean": 0.458127528429,
        "median": 0.470826715231,
        "min": 0.222401961684,
        "var": 0.00160476949532
    },
    "dynamic_complexity": 1.85666692257,
    "erbbands_crest": {
        "dmean": 3.90517926216,
        "dmean2": 6.59091567993,
        "dvar": 10.6739654541,
        "dvar2": 28.9525470734,
        "max": 30.3884449005,
        "mean": 10.4473104477,
        "median": 9.72868919373,
        "min": 2.79023838043,
        "var": 16.4937858582
    },
    "erbbands_flatness_db": {
        "dmean": 0.0323963649571,
        "dmean2": 0.0506203956902,
        "dvar": 0.000797230110038,
        "dvar2": 0.00178001192398,
        "max": 0.388662755489,
        "mean": 0.185941025615,
        "median": 0.18269020319,
        "min": 0.0671916082501,
        "var": 0.00240274704993
    },
    "erbbands_kurtosis": {
        "dmean": 2.4093580246,
        "dmean2": 4.00897789001,
        "dvar": 11.6476917267,
        "dvar2": 31.9192676544,
        "max": 33.6508407593,
        "mean": 1.40859436989,
        "median": 0.410076379776,
        "min": -1.88090455532,
        "var": 11.4725399017
    },
    "erbbands_skewness": {
        "dmean": 0.826778352261,
        "dmean2": 1.28627049923,
        "dvar": 0.728736639023,
        "dvar2": 1.78511810303,
        "max": 5.01354932785,
        "mean": -0.126780003309,
        "median": -0.103294312954,
        "min": -4.16350650787,
        "var": 1.29722332954
    },
    "erbbands_spread": {
        "dmean": 19.3770866394,
        "dmean2": 30.8251590729,
        "dvar": 417.435821533,
        "dvar2": 1010.97851562,
        "max": 164.633331299,
        "mean": 41.1980781555,
        "median": 34.6557006836,
        "min": 4.88162755966,
        "var": 745.131103516
    },
    "hfc": {
        "dmean": 17.0786876678,
        "dmean2": 25.7159328461,
        "dvar": 418.05645752,
        "dvar2": 945.775390625,
        "max": 233.615921021,
        "mean": 25.5322284698,
        "median": 18.7931900024,
        "min": 0.0834756121039,
        "var": 614.087036133
    },
    "melbands_crest": {
        "dmean": 3.58117485046,
        "dmean2": 5.77592325211,
        "dvar": 11.5850191116,
        "dvar2": 27.740530014,
        "max": 33.3595924377,
        "mean": 17.5429401398,
        "median": 18.8994274139,
        "min": 2.69083738327,
        "var": 29.9446182251
    },
    "melbands_flatness_db": {
        "dmean": 0.0588210858405,
        "dmean2": 0.0860912874341,
        "dvar": 0.00316982343793,
        "dvar2": 0.00667969463393,
        "max": 0.605409324169,
        "mean": 0.255905270576,
        "median": 0.248415917158,
        "min": 0.0414234884083,
        "var": 0.0104075958952
    },
    "melbands_kurtosis": {
        "dmean": 43.3843650818,
        "dmean2": 71.0979995728,
        "dvar": 6142.80126953,
        "dvar2": 13860.5341797,
        "max": 655.948974609,
        "mean": 43.6482315063,
        "median": 10.4602384567,
        "min": -1.7477555275,
        "var": 7288.44921875
    },
    "melbands_skewness": {
        "dmean": 2.26551651955,
        "dmean2": 3.52785778046,
        "dvar": 6.26443862915,
        "dvar2": 13.9718952179,
        "max": 20.8537502289,
        "mean": 4.03214120865,
        "median": 2.98068141937,
        "min": -1.38231694698,
        "var": 13.4295005798
    },
    "melbands_spread": {
        "dmean": 14.0716190338,
        "dmean2": 22.0179691315,
        "dvar": 457.671142578,
        "dvar2": 977.800415039,
        "max": 247.324249268,
        "mean": 24.9979457855,
        "median": 16.7257080078,
        "min": 0.37752532959,
        "var": 870.630432129
    },
    "pitch_salience": {
        "dmean": 0.104813970625,
        "dmean2": 0.16657756269,
        "dvar": 0.00858007837087,
        "dvar2": 0.0197994876653,
        "max": 0.842977166176,
        "mean": 0.418406933546,
        "median": 0.419970601797,
        "min": 0.0808965563774,
        "var": 0.0343386381865
    },
    "silence_rate_20dB": {
        "dmean": 0,
        "dmean2": 0,
        "dvar": 0,
        "dvar2": 0,
        "max": 1,
        "mean": 1,
        "median": 1,
        "min": 1,
        "var": 0
    },
    "silence_rate_30dB": {
        "dmean": 0.0371517017484,
        "dmean2": 0.0743609592319,
        "dvar": 0.0357718169689,
        "dvar2": 0.0889718532562,
        "max": 1,
        "mean": 0.972931146622,
        "median": 1,
        "min": 0,
        "var": 0.0263358931988
    },
    "silence_rate_60dB": {
        "dmean": 0.0294117648154,
        "dmean2": 0.0588690936565,
        "dvar": 0.0285471621901,
        "dvar2": 0.0755415335298,
        "max": 1,
        "mean": 0.0239752512425,
        "median": 0,
        "min": 0,
        "var": 0.0233999993652
    },
    "spectral_centroid": {
        "dmean": 560.868530273,
        "dmean2": 860.602661133,
        "dvar": 349565.0625,
        "dvar2": 743056.625,
        "max": 5012.54785156,
        "mean": 1531.21105957,
        "median": 1422.26171875,
        "min": 116.158058167,
        "var": 758159.875
    },
    "spectral_complexity": {
        "dmean": 6.68962860107,
        "dmean2": 9.74438381195,
        "dvar": 42.9493141174,
        "dvar2": 83.3365097046,
        "max": 54,
        "mean": 15.415312767,
        "median": 14,
        "min": 0,
        "var": 93.638053894
    },
    "spectral_decrease": {
        "dmean": 4.60021354343e-09,
        "dmean2": 7.54011342252e-09,
        "dvar": 4.55161194403e-17,
        "dvar2": 1.18324136749e-16,
        "max": -2.39104222532e-11,
        "mean": -1.07334505728e-08,
        "median": -1.06265956035e-08,
        "min": -5.95741234122e-08,
        "var": 6.70527229089e-17
    },
    "spectral_energy": {
        "dmean": 0.0184212401509,
        "dmean2": 0.0299389138818,
        "dvar": 0.000670550740324,
        "dvar2": 0.00173039094079,
        "max": 0.22951066494,
        "mean": 0.0428263880312,
        "median": 0.0427511893213,
        "min": 0.000151928848936,
        "var": 0.00100348889828
    },
    "spectral_energyband_high": {
        "dmean": 0.00123010843527,
        "dmean2": 0.0019011705881,
        "dvar": 6.66906998958e-06,
        "dvar2": 1.53483397298e-05,
        "max": 0.0287532191724,
        "mean": 0.00127228116617,
        "median": 0.000275831465842,
        "min": 6.00772523285e-07,
        "var": 7.60034572522e-06
    },
    "spectral_energyband_low": {
        "dmean": 0.0115888416767,
        "dmean2": 0.0199187397957,
        "dvar": 0.000532969308551,
        "dvar2": 0.00144841067959,
        "max": 0.2060354352,
        "mean": 0.0274354536086,
        "median": 0.0177260357887,
        "min": 1.51039039054e-08,
        "var": 0.000824479095172
    },
    "spectral_energyband_middle_high": {
        "dmean": 0.00566735630855,
        "dmean2": 0.00861992593855,
        "dvar": 5.56609120395e-05,
        "dvar2": 0.000128499988932,
        "max": 0.0593375787139,
        "mean": 0.00727650988847,
        "median": 0.0038200665731,
        "min": 5.63182356927e-06,
        "var": 8.11620484455e-05
    },
    "spectral_energyband_middle_low": {
        "dmean": 0.00641030771658,
        "dmean2": 0.010547070764,
        "dvar": 0.000127989274915,
        "dvar2": 0.000343564403011,
        "max": 0.133447542787,
        "mean": 0.00822546426207,
        "median": 0.00491579109803,
        "min": 6.14090822637e-06,
        "var": 0.000117054361908
    },
    "spectral_entropy": {
        "dmean": 0.323700159788,
        "dmean2": 0.480315059423,
        "dvar": 0.105989411473,
        "dvar2": 0.247314333916,
        "max": 8.51495265961,
        "mean": 7.46411848068,
        "median": 7.47570133209,
        "min": 5.49631690979,
        "var": 0.238688528538
    },
    "spectral_flux": {
        "dmean": 0.0434108935297,
        "dmean2": 0.0680633634329,
        "dvar": 0.00212630443275,
        "dvar2": 0.00456600310281,
        "max": 0.455264270306,
        "mean": 0.118134945631,
        "median": 0.107466809452,
        "min": 0.00695629557595,
        "var": 0.0038551306352
    },
    "spectral_kurtosis": {
        "dmean": 2.72089123726,
        "dmean2": 4.33893918991,
        "dvar": 10.1642456055,
        "dvar2": 26.7831020355,
        "max": 40.9116668701,
        "mean": 4.92171382904,
        "median": 3.9617395401,
        "min": -0.939943313599,
        "var": 18.2292366028
    },
    "spectral_rms": {
        "dmean": 0.00141820020508,
        "dmean2": 0.00220071454532,
        "dvar": 2.44621060119e-06,
        "dvar2": 5.6459548432e-06,
        "max": 0.0149637171999,
        "mean": 0.00597125245258,
        "median": 0.0064582102932,
        "min": 0.000384997751098,
        "var": 6.12596340943e-06
    },
    "spectral_rolloff": {
        "dmean": 929.229187012,
        "dmean2": 1591.85595703,
        "dvar": 2153344.5,
        "dvar2": 5086127.5,
        "max": 9948.33984375,
        "mean": 1495.26403809,
        "median": 1055.12695312,
        "min": 64.599609375,
        "var": 3050334
    },
    "spectral_skewness": {
        "dmean": 0.449000447989,
        "dmean2": 0.676030635834,
        "dvar": 0.163767769933,
        "dvar2": 0.393504500389,
        "max": 5.00094175339,
        "mean": 1.47415947914,
        "median": 1.46619200706,
        "min": -0.102078691125,
        "var": 0.387558668852
    },
    "spectral_spread": {
        "dmean": 883534.5625,
        "dmean2": 1261790.25,
        "dvar": 798160977920,
        "dvar2": 1.55499429888e+12,
        "max": 11794915,
        "mean": 4318177,
        "median": 4103652.25,
        "min": 1715652,
        "var": 2.39297809613e+12
    },
    "spectral_strongpeak": {
        "dmean": 0.498770833015,
        "dmean2": 0.829580008984,
        "dvar": 0.679515361786,
        "dvar2": 1.60092818737,
        "max": 8.8309431076,
        "mean": 0.896573662758,
        "median": 0.747536361217,
        "min": 0.0216614380479,
        "var": 0.77215975523
    },
    "zerocrossingrate": {
        "dmean": 0.016838144511,
        "dmean2": 0.0201825443655,
        "dvar": 0.000398724165279,
        "dvar2": 0.000533867976628,
        "max": 0.302734375,
        "mean": 0.0544911287725,
        "median": 0.04541015625,
        "min": 0.00341796875,
        "var": 0.00177710293792
    },
    "barkbands": {
        "dmean": [4.17864248448e-05, 0.00732885999605, 0.004828074947, 0.00216705189086, 0.00144484743942, 0.000741065712646, 0.00126119353808, 0.00141444930341, 0.000982760102488, 0.000861945620272, 0.0015123328194, 0.000958673888817, 0.00100437842775, 0.000896659155842, 0.000603857042734, 0.000582867476624, 0.000580398540478, 0.000321576691931, 0.000300843006698, 0.000280857930193, 0.00026861828519, 0.000353095267201, 0.000306784379063, 0.000190522128833, 6.49886860629e-05, 1.38424920806e-05, 1.12567057897e-08],
        "dmean2": [6.91609893693e-05, 0.0123652601615, 0.00869481358677, 0.00384393660352, 0.00245045498013, 0.00117295573, 0.00206576660275, 0.00236713699996, 0.00165223202202, 0.00137866602745, 0.00253848452121, 0.00151579407975, 0.00164659437723, 0.00145696545951, 0.000991567852907, 0.000940713449381, 0.00092896213755, 0.00052486610366, 0.000460635783384, 0.000455566099845, 0.00042727906839, 0.000577643280849, 0.000490067293867, 0.000300670537399, 9.62636913755e-05, 2.07949742617e-05, 1.60268260885e-08],
        "dvar": [4.98764674006e-09, 0.000142061398947, 0.000282274006167, 5.06743854203e-05, 1.340966719e-05, 2.95273957818e-06, 6.44161309538e-06, 1.4146165995e-05, 6.06141838944e-06, 5.76408865527e-06, 1.84172313311e-05, 4.42661712441e-06, 5.05682146468e-06, 3.5861012293e-06, 1.41392342812e-06, 2.01062266569e-06, 8.05253989711e-07, 2.64483361434e-07, 2.36550846466e-07, 3.7358304894e-07, 3.07059082161e-07, 1.37083384288e-06, 1.11189410745e-06, 3.31453804847e-07, 2.51722624967e-08, 1.38699574048e-09, 2.82972921489e-14],
        "dvar2": [1.32079938098e-08, 0.00038347922964, 0.000791685073636, 0.000140476258821, 3.71118439944e-05, 6.67139465804e-06, 1.4898390873e-05, 3.57081989932e-05, 1.61092229973e-05, 1.5406165403e-05, 4.90686397825e-05, 1.12441020974e-05, 1.23666395666e-05, 8.2541955635e-06, 3.50028494722e-06, 4.98273948324e-06, 1.90967625713e-06, 6.28978398254e-07, 5.05153650465e-07, 9.48112244714e-07, 7.2248582228e-07, 3.67471579921e-06, 2.77170943264e-06, 7.3860962857e-07, 5.18275022898e-08, 2.66066124688e-09, 3.11927099547e-14],
        "max": [0.000738841714337, 0.100419104099, 0.156176522374, 0.0845570862293, 0.0467220433056, 0.0205971896648, 0.026895545423, 0.0549799017608, 0.0242862477899, 0.0354865007102, 0.0372106581926, 0.0251239221543, 0.0335340984166, 0.0240415371954, 0.0135202370584, 0.0203776899725, 0.00860848184675, 0.00519503746182, 0.00559051567689, 0.00669370405376, 0.00866503082216, 0.0176912937313, 0.0204727947712, 0.00734977656975, 0.00277030398138, 0.000600483559538, 5.77209993935e-06],
        "mean": [5.3075607866e-05, 0.0206053182483, 0.00553552806377, 0.00231697899289, 0.00161184626631, 0.000776081054937, 0.00121450494044, 0.00120571372099, 0.000826018047519, 0.000791264406871, 0.00129560136702, 0.000857704493683, 0.0009899684228, 0.000850263983011, 0.000541817164049, 0.000588843366131, 0.000653969764244, 0.00034586165566, 0.000337997335009, 0.000279188330751, 0.000276505481452, 0.000314108881867, 0.000280219159322, 0.000190039078007, 7.29289386072e-05, 1.50416244651e-05, 9.46261469181e-09],
        "median": [1.52657903527e-05, 0.00720719480887, 0.00359857478179, 0.000286541791866, 0.000767910154536, 0.000148200066178, 0.000265960057732, 0.000113652342407, 8.86346097104e-05, 6.72842652421e-05, 8.68152201292e-05, 9.32424954954e-05, 0.000140059288242, 0.000118911251775, 7.79267647886e-05, 0.000137126044137, 0.000251462828601, 0.000142907912959, 0.00012048168719, 7.87741082604e-05, 6.64424078423e-05, 5.05720599904e-05, 2.61293062067e-05, 2.27775399253e-05, 1.75081804628e-05, 2.92302729576e-06, 5.88948889657e-10],
        "min": [4.29162178017e-10, 2.78847567259e-09, 9.25831411536e-10, 1.00044061924e-09, 1.26820598467e-08, 8.53315285099e-09, 2.50516421829e-07, 2.83624700614e-07, 4.6583373603e-08, 1.02665858037e-07, 2.1107519288e-08, 2.92249950462e-07, 3.10754266764e-08, 1.6474521658e-07, 1.07144217054e-07, 1.10203359327e-07, 4.28033786193e-07, 1.0631599423e-07, 1.91609743183e-07, 2.06450366136e-07, 6.28880201248e-08, 4.90518203833e-08, 3.40181287584e-08, 2.59738559549e-08, 1.76864265455e-08, 1.31408606219e-09, 1.03191274969e-11],
        "var": [7.91763454799e-09, 0.000477115419926, 0.000185212324141, 3.83136575692e-05, 1.00090637716e-05, 3.54108578904e-06, 6.66938740324e-06, 1.2554278328e-05, 4.84124257127e-06, 5.02295915794e-06, 1.53353284986e-05, 4.16911098e-06, 5.27545671503e-06, 4.19201933255e-06, 1.42037958994e-06, 1.9387989596e-06, 9.90598323369e-07, 3.22526005903e-07, 3.352019462e-07, 3.6565739947e-07, 3.91413664147e-07, 9.90670969259e-07, 9.62432977758e-07, 3.84160983913e-07, 3.55779263828e-08, 1.91715820996e-09, 2.79665698287e-14]
    },
    "erbbands": {
        "dmean": [0.114213705063, 1.98512196541, 5.21908998489, 6.37296390533, 6.50540828705, 4.22762727737, 3.37711215019, 7.21915054321, 14.0968818665, 28.1567401886, 26.0465602875, 22.186964035, 26.4153957367, 29.2929954529, 62.4232215881, 41.0534439087, 46.6422348022, 46.018535614, 34.5064163208, 28.1297683716, 32.0807991028, 31.6556148529, 19.8818244934, 11.6505889893, 17.4916419983, 12.8605937958, 11.5746526718, 9.15612792969, 12.839931488, 10.845489502, 9.12084388733, 5.28352308273, 2.53225207329, 1.02355241776, 0.329435616732, 0.100484356284, 0.0190802719444, 0.00114373012912, 3.64737934433e-05, 2.37425756495e-05],
        "dmean2": [0.194234415889, 3.35634326935, 9.36387443542, 11.1048316956, 11.5042381287, 7.16927957535, 5.40340518951, 11.3661355972, 23.0377655029, 46.7588157654, 43.6736755371, 37.3784561157, 43.4566421509, 46.6458702087, 104.532569885, 64.6861343384, 75.2861480713, 72.637802124, 56.7103805542, 43.9396324158, 51.5436782837, 49.9991912842, 32.2854423523, 18.3434123993, 27.2512283325, 20.6909484863, 18.7305812836, 14.4339237213, 21.3143138885, 17.759223938, 14.7050619125, 8.29040241241, 4.0072684288, 1.54057586193, 0.510084867477, 0.151460662484, 0.0290439445525, 0.0017738166498, 5.45095099369e-05, 3.73490365746e-05],
        "dvar": [0.0382511839271, 10.4508247375, 238.591384888, 409.522796631, 444.353607178, 73.7628479004, 63.7586402893, 302.246673584, 831.868408203, 4452.05712891, 4245.97607422, 3358.56201172, 6716.79638672, 4263.66308594, 33885.0976562, 8460.42675781, 11207.7070312, 8821.96777344, 4659.77441406, 3147.55737305, 4789.48974609, 2291.35498047, 945.175964355, 338.378082275, 824.552062988, 766.4921875, 487.230133057, 491.480743408, 2019.86633301, 1117.65454102, 1039.05114746, 275.467254639, 56.2870178223, 6.22107553482, 0.811012506485, 0.0814962387085, 0.0027149929665, 8.23754635348e-06, 5.76428371701e-09, 9.06159480785e-10],
        "dvar2": [0.116846963763, 27.9429454803, 679.671630859, 1049.80102539, 1253.52478027, 196.676116943, 140.08581543, 694.622924805, 1962.88171387, 10966.2021484, 10707.0830078, 8994.20019531, 18311.9121094, 9992.90527344, 88809.6796875, 20977.5097656, 27555.28125, 20427.2363281, 11549.5458984, 7391.26269531, 11980.171875, 5229.15771484, 2230.55688477, 753.842773438, 1823.83361816, 1918.85107422, 1231.9979248, 1114.03881836, 5488.01220703, 2696.67163086, 2624.32861328, 629.958190918, 126.95665741, 13.4851102829, 1.72137904167, 0.166531890631, 0.00515814172104, 1.71772153408e-05, 1.05832231867e-08, 2.23218110662e-09],
        "max": [1.62482881546, 27.848482132, 148.640304565, 183.318374634, 287.644256592, 86.4739074707, 104.88130188, 224.137924194, 374.762695312, 806.395263672, 1006.27001953, 615.906738281, 1283.88061523, 737.866455078, 1942.97631836, 1152.07666016, 1808.90869141, 1242.16442871, 737.025390625, 645.343200684, 952.796691895, 565.069519043, 311.639221191, 245.806045532, 354.635620117, 341.109283447, 308.398498535, 489.071166992, 690.763305664, 470.282867432, 616.922668457, 258.448699951, 89.3432617188, 38.8370895386, 13.9843358994, 3.82618403435, 1.04100573063, 0.0383131355047, 0.00106337422039, 0.000259243737673],
        "mean": [0.243508696556, 5.58504199982, 9.26310157776, 6.9133644104, 6.6365981102, 5.22966384888, 4.11015367508, 7.47948455811, 13.7918634415, 25.7308349609, 22.6981811523, 19.3248538971, 23.7484054565, 29.1480083466, 55.275806427, 38.9276008606, 46.5797691345, 45.6299514771, 33.4983100891, 28.2498340607, 33.7689857483, 36.6963844299, 22.5872344971, 13.6887159348, 18.9380264282, 13.1454782486, 11.9747905731, 9.37566280365, 11.4154024124, 9.76843929291, 8.23216819763, 5.08178424835, 2.52987217903, 1.11812758446, 0.375436127186, 0.110234707594, 0.0199013631791, 0.00114142824896, 5.51532466488e-05, 5.36392435606e-05],
        "median": [0.147406354547, 1.87020051479, 5.53266572952, 1.60274231434, 1.53217804432, 3.17118144035, 1.51216471195, 1.55050945282, 3.49427270889, 4.58000850677, 3.25604128838, 2.76311659813, 2.45998334885, 3.04546689987, 4.14651632309, 4.53702640533, 7.37109565735, 7.24085998535, 6.19012641907, 5.50318288803, 9.56299495697, 15.1718397141, 10.2055902481, 5.90976762772, 6.77243709564, 3.94692087173, 3.04210543633, 2.16201925278, 1.91682887077, 1.18792414665, 0.713685512543, 0.499265283346, 0.34964966774, 0.255568921566, 0.0908145383, 0.0233363360167, 0.00330930086784, 0.00018226269458, 3.17342237395e-05, 5.27993979631e-05],
        "min": [4.48175825341e-07, 8.12928078631e-07, 2.30633236242e-06, 4.81566348753e-06, 1.30754324346e-05, 5.52376186533e-05, 0.000290973257506, 0.000614942517132, 0.00389223149978, 0.0120336068794, 0.0153641700745, 0.00364982429892, 0.00276906392537, 0.00171304191463, 0.00433642230928, 0.00952259544283, 0.00193341739941, 0.00761260697618, 0.00700625684112, 0.00623366329819, 0.0164186637849, 0.0251664724201, 0.0162730030715, 0.0151017270982, 0.0087006315589, 0.0105826919898, 0.00620767753571, 0.00330296182074, 0.00182799890172, 0.00118629971985, 0.000899467268027, 0.000228509466979, 0.000452837382909, 0.000225634605158, 0.000108401050966, 8.1969468738e-05, 7.3198989412e-06, 3.24283831787e-07, 1.35906290666e-07, 2.53530004102e-07],
        "var": [0.0699128806591, 35.1625213623, 187.834518433, 334.373748779, 300.241455078, 65.5766067505, 86.6554794312, 349.398620605, 908.051940918, 4147.57177734, 3832.54760742, 2660.22167969, 5211.91162109, 4991.11865234, 29073.1015625, 8209.38476562, 11518.0283203, 10819.2871094, 4811.71923828, 3674.04638672, 4669.69335938, 2993.71533203, 1194.94104004, 467.549835205, 1062.2902832, 780.440551758, 566.386169434, 579.025146484, 1392.73596191, 1018.88647461, 862.848999023, 297.082672119, 63.4865074158, 8.09229755402, 1.10912716389, 0.108592450619, 0.00367467151955, 1.0522176126e-05, 8.39646485673e-09, 1.48390721932e-09]
    },
    "gfcc": {
        "mean": [-19.854057312, 87.3781204224, -118.748817444, 53.0149078369, -48.9911842346, 22.8813514709, -35.7283821106, 13.7021179199, -19.0172386169, 2.87199544907, -9.45861244202, -1.93844783306, -8.9517250061],
        "cov": [[4103.18847656, -287.292022705, -423.802001953, 181.326873779, -258.204040527, 478.445587158, 168.222366333, 187.418441772, 46.4400444031, 53.2639732361, -48.5907707214, -89.4046630859, -155.838912964], [-287.292022705, 2179.43994141, 184.762863159, -335.943054199, 672.876464844, -68.5318603516, 316.723815918, 89.5451126099, 162.40725708, -223.464859009, 98.0449447632, -117.190574646, 64.2822647095], [-423.802001953, 184.762863159, 2013.94116211, 1158.78112793, 303.930786133, 223.567077637, 177.977508545, 80.7585830688, 41.2962646484, 6.11805009842, 91.2703475952, 98.8072814941, 19.7363948822], [181.326873779, -335.943054199, 1158.78112793, 1241.8951416, 171.114532471, 129.569992065, -47.2867088318, 5.51534175873, 95.9384307861, 55.8235588074, 44.7637786865, 8.80474948883, 32.797832489], [-258.204040527, 672.876464844, 303.930786133, 171.114532471, 775.497070312, 79.4838104248, 19.7095413208, 65.6079330444, 115.725532532, -10.5134897232, 48.6588516235, -63.4191055298, 57.3618469238], [478.445587158, -68.5318603516, 223.567077637, 129.569992065, 79.4838104248, 457.97354126, 266.260070801, 56.7623825073, -14.5829916, 23.8024501801, 33.817325592, 18.2250595093, -26.1082420349], [168.222366333, 316.723815918, 177.977508545, -47.2867088318, 19.7095413208, 266.260070801, 527.672241211, 113.465400696, -66.0742797852, -60.7627334595, 42.6057853699, 59.2755775452, -6.24974584579], [187.418441772, 89.5451126099, 80.7585830688, 5.51534175873, 65.6079330444, 56.7623825073, 113.465400696, 235.032272339, 79.0283889771, 18.2797241211, 41.8414535522, 6.37273931503, 5.24669933319], [46.4400444031, 162.40725708, 41.2962646484, 95.9384307861, 115.725532532, -14.5829916, -66.0742797852, 79.0283889771, 242.715164185, 93.2368469238, 52.8909950256, -34.3911094666, 32.0337333679], [53.2639732361, -223.464859009, 6.11805009842, 55.8235588074, -10.5134897232, 23.8024501801, -60.7627334595, 18.2797241211, 93.2368469238, 220.915557861, 60.0819587708, 9.35464668274, -7.82039117813], [-48.5907707214, 98.0449447632, 91.2703475952, 44.7637786865, 48.6588516235, 33.817325592, 42.6057853699, 41.8414535522, 52.8909950256, 60.0819587708, 158.368438721, 36.4926071167, 12.5337953568], [-89.4046630859, -117.190574646, 98.8072814941, 8.80474948883, -63.4191055298, 18.2250595093, 59.2755775452, 6.37273931503, -34.3911094666, 9.35464668274, 36.4926071167, 174.199249268, 46.985168457], [-155.838912964, 64.2822647095, 19.7363948822, 32.797832489, 57.3618469238, -26.1082420349, -6.24974584579, 5.24669933319, 32.0337333679, -7.82039117813, 12.5337953568, 46.985168457, 134.557235718]],
        "icov": [[0.000421323347837, -0.000292370736133, 0.000426771934144, -0.000531176629011, 0.000345684296917, -0.000685429433361, 0.000310254545184, -0.000567879993469, 0.000242566136876, -0.000223290058784, 0.000339421327226, -0.000207652105018, 0.000420870754169], [-0.000292370736133, 0.00187487143558, -0.000928427558392, 0.00149518507533, -0.0013685709564, 0.00150185718667, -0.00165755732451, 0.00134526309557, -0.00199384405278, 0.00193891744129, -0.00128427159507, 0.00132008688524, -0.000471145031042], [0.000426771934144, -0.000928427558392, 0.00200554216281, -0.00220916583203, 0.000432217057096, -0.000994906178676, 0.000456440466223, -0.00113119429443, 0.00111831002869, -0.000726484751794, 0.00057909975294, -0.00141575094312, 0.00100208935328], [-0.000531176629011, 0.00149518507533, -0.00220916583203, 0.00349219958298, -0.00100526516326, 0.00107915746048, -0.000733318389393, 0.00164291041438, -0.00197920762002, 0.001334823668, -0.0010813397821, 0.00161671452224, -0.0012318897061], [0.000345684296917, -0.0013685709564, 0.000432217057096, -0.00100526516326, 0.00273800268769, -0.00161810091231, 0.001399444649, -0.00123380625155, 0.000870334159117, -0.000967796891928, 0.000547967036255, 2.97081187455e-05, -0.000457125948742], [-0.000685429433361, 0.00150185718667, -0.000994906178676, 0.00107915746048, -0.00161810091231, 0.00529438396916, -0.00335299386643, 0.00163772387896, -0.00130351469852, 0.000518984743394, -0.00103545433376, 0.0010549002327, -6.23719970463e-05], [0.000310254545184, -0.00165755732451, 0.000456440466223, -0.000733318389393, 0.001399444649, -0.00335299386643, 0.00519201997668, -0.00269416323863, 0.00258321384899, -0.000620049715508, 0.000386216881452, -0.00158480601385, 0.000228418750339], [-0.000567879993469, 0.00134526309557, -0.00113119429443, 0.00164291041438, -0.00123380625155, 0.00163772387896, -0.00269416323863, 0.00717916246504, -0.00374918361194, 0.00147210725117, -0.0014219537843, 0.000751275918446, -0.000247993768426], [0.000242566136876, -0.00199384405278, 0.00111831002869, -0.00197920762002, 0.000870334159117, -0.00130351469852, 0.00258321384899, -0.00374918361194, 0.00936928670853, -0.00445704115555, 0.000110715111077, 0.000417680450482, -0.00145165226422], [-0.000223290058784, 0.00193891744129, -0.000726484751794, 0.001334823668, -0.000967796891928, 0.000518984743394, -0.000620049715508, 0.00147210725117, -0.00445704115555, 0.00858621113002, -0.00318532506935, 0.000412611610955, 0.000736117304768], [0.000339421327226, -0.00128427159507, 0.00057909975294, -0.0010813397821, 0.000547967036255, -0.00103545433376, 0.000386216881452, -0.0014219537843, 0.000110715111077, -0.00318532506935, 0.00924097094685, -0.0026619064156, 0.000681373931002], [-0.000207652105018, 0.00132008688524, -0.00141575094312, 0.00161671452224, 2.97081187455e-05, 0.0010549002327, -0.00158480601385, 0.000751275918446, 0.000417680450482, 0.000412611610955, -0.0026619064156, 0.0093707786873, -0.0040680617094], [0.000420870754169, -0.000471145031042, 0.00100208935328, -0.0012318897061, -0.000457125948742, -6.23719970463e-05, 0.000228418750339, -0.000247993768426, -0.00145165226422, 0.000736117304768, 0.000681373931002, -0.0040680617094, 0.0102460393682]]
    },
    "melbands": {
        "dmean": [0.00161786063109, 0.00272407359444, 0.00113245204557, 0.000371730449842, 0.000128858708194, 0.000161124276929, 0.000225266092457, 0.000323000771459, 0.000201734961593, 0.00014091169578, 0.000132521105115, 0.000110261637019, 0.000218307817704, 0.000111842200567, 0.000120113465528, 9.86568484223e-05, 8.80458173924e-05, 5.95213386987e-05, 4.52737731393e-05, 3.82268917747e-05, 3.9281007048e-05, 3.55457668775e-05, 2.65279304585e-05, 1.27063094624e-05, 9.06881996343e-06, 1.41524960782e-05, 1.19958813229e-05, 7.82571896707e-06, 6.85435315972e-06, 7.11501252226e-06, 4.70781060358e-06, 7.24576329958e-06, 7.50489289203e-06, 5.40095606993e-06, 5.77377159061e-06, 4.32143997386e-06, 2.87480816041e-06, 1.897123866e-06, 1.28284420953e-06, 7.69357143326e-07],
        "dmean2": [0.00273972563446, 0.00476405583322, 0.00196856539696, 0.000639009580482, 0.000207770222914, 0.000253835838521, 0.000366177613614, 0.000536113744602, 0.000339414167684, 0.000237260464928, 0.000218519286136, 0.000174124783371, 0.000368881213944, 0.000176797591848, 0.000195457891095, 0.000161421630764, 0.000141229509609, 9.98813629849e-05, 7.45092256693e-05, 6.07852925896e-05, 6.39008867438e-05, 5.67740753468e-05, 4.27662962466e-05, 2.06061140489e-05, 1.45451576827e-05, 2.17258548219e-05, 1.94785752683e-05, 1.27510556922e-05, 1.1189063116e-05, 1.14991407827e-05, 7.42580186852e-06, 1.21134280562e-05, 1.23524623632e-05, 8.88018530532e-06, 9.35222033149e-06, 6.9512934715e-06, 4.60187038698e-06, 3.03426554638e-06, 2.0077584395e-06, 1.17786782994e-06],
        "dvar": [7.09311279934e-06, 3.95667593693e-05, 1.28887231767e-05, 1.06900176888e-06, 7.13745507142e-08, 1.46165263004e-07, 1.94843877921e-07, 5.9530583485e-07, 2.30704458204e-07, 1.31252477331e-07, 1.72562806711e-07, 6.60622845317e-08, 4.23824246809e-07, 5.45878329206e-08, 7.85795393199e-08, 4.82028070792e-08, 3.85447869178e-08, 1.74931482633e-08, 9.25838872234e-09, 9.6577359443e-09, 7.09964664836e-09, 3.2340994327e-09, 1.73878822451e-09, 4.02078703665e-10, 2.39254754897e-10, 6.29055696422e-10, 7.25341287033e-10, 3.75509706663e-10, 1.92620891459e-10, 2.28640203992e-10, 2.27196497726e-10, 7.35159266796e-10, 5.47318357302e-10, 3.28528843019e-10, 5.24668919422e-10, 2.48046749807e-10, 7.85070758402e-11, 3.41318466546e-11, 1.26483181567e-11, 3.2526464161e-12],
        "dvar2": [2.06068325497e-05, 0.000110790271719, 3.35234472004e-05, 3.01037221107e-06, 1.60846809649e-07, 3.30425223183e-07, 4.51811075663e-07, 1.47348907831e-06, 5.83209043725e-07, 3.48482558366e-07, 4.7044707685e-07, 1.52994445557e-07, 1.14226145342e-06, 1.27998177391e-07, 2.01125956778e-07, 1.16798133831e-07, 8.93951863645e-08, 4.44570247282e-08, 2.31636718695e-08, 2.36383606023e-08, 1.7568524413e-08, 7.62791341202e-09, 4.1322398836e-09, 9.7439434299e-10, 5.51750367617e-10, 1.36165700937e-09, 1.83202530923e-09, 9.43888522897e-10, 4.98001251348e-10, 5.47906275905e-10, 5.12168751854e-10, 2.0163943848e-09, 1.42436928918e-09, 7.94972976337e-10, 1.39834188673e-09, 5.89043314125e-10, 1.82667284077e-10, 7.82888059936e-11, 2.83662589945e-11, 6.98393816737e-12],
        "max": [0.0212195720524, 0.0598746314645, 0.0360463634133, 0.0139374071732, 0.0034535091836, 0.00484029762447, 0.00523880589753, 0.00788726005703, 0.00661629531533, 0.00344213703647, 0.00650955177844, 0.00306970207021, 0.00505377631634, 0.00257474789396, 0.00288955052383, 0.00310698454268, 0.00267706159502, 0.00149842968676, 0.00141582882497, 0.0014786706306, 0.00134155421983, 0.000627307395916, 0.000532287696842, 0.000222637943807, 0.000197560380911, 0.00027058616979, 0.000438759627286, 0.000290507916361, 0.000212116749026, 0.000317738595186, 0.000399458425818, 0.000419817020884, 0.000321275845636, 0.00030043660081, 0.000501299626194, 0.000232744176174, 0.000115180751891, 7.06967257429e-05, 4.20756186941e-05, 3.04906116071e-05],
        "mean": [0.00410917075351, 0.00633516721427, 0.00123902154155, 0.00040994110168, 0.000165146979271, 0.000167799735209, 0.000224540402996, 0.000291080883471, 0.000170114013599, 0.000120276257803, 0.000116887036711, 0.000108600157546, 0.00018536997959, 0.000105123137473, 0.000108233987703, 9.66742882156e-05, 8.36315812194e-05, 5.53893260076e-05, 3.99183663831e-05, 3.83865190088e-05, 3.99491473217e-05, 3.92623405787e-05, 2.93711473205e-05, 1.35628470161e-05, 9.98530776997e-06, 1.51540734805e-05, 1.17020836115e-05, 7.80734808359e-06, 7.00672126186e-06, 7.16178055882e-06, 4.72839474241e-06, 6.30515341982e-06, 6.51754226055e-06, 4.87566194352e-06, 4.99618454342e-06, 3.91997082261e-06, 2.78000288745e-06, 1.85958958809e-06, 1.25820452013e-06, 8.50497542615e-07],
        "median": [0.00165511853993, 0.00351332477294, 0.000304250366753, 0.000183048774488, 8.38361738715e-05, 3.1525400118e-05, 5.66101516597e-05, 4.4972908654e-05, 1.99342994165e-05, 1.29601048684e-05, 1.09564971353e-05, 1.10239625428e-05, 1.30133685161e-05, 1.10421451609e-05, 1.13469377538e-05, 1.40814045153e-05, 1.12917941806e-05, 8.23241407488e-06, 6.02773752689e-06, 7.48298089093e-06, 1.1165543583e-05, 1.43574179674e-05, 1.16891869766e-05, 5.57936118639e-06, 3.79900961889e-06, 4.61625268144e-06, 3.53169798473e-06, 1.82468397725e-06, 1.87907699001e-06, 1.48777155573e-06, 1.02521892131e-06, 1.10064718228e-06, 8.62566650994e-07, 5.40530948001e-07, 4.07495406307e-07, 2.7970926908e-07, 2.87715153036e-07, 2.38182849444e-07, 2.11624865187e-07, 1.90940156131e-07],
        "min": [9.20934883908e-10, 4.44385916953e-10, 1.0266417716e-09, 1.51727941322e-09, 1.65965585719e-09, 3.13001091712e-09, 3.31918670327e-08, 1.06245721554e-07, 6.17303399508e-08, 7.09635328278e-09, 1.43764662397e-08, 8.5639211278e-09, 3.8309386774e-09, 4.15859098268e-08, 1.05180060217e-08, 3.1243836407e-09, 1.5793558461e-08, 1.2561433671e-08, 6.2209037921e-09, 5.40514122349e-09, 2.2243645148e-08, 1.77450409922e-08, 1.05127133665e-08, 3.57272678109e-09, 9.52830436773e-09, 2.78160228184e-09, 1.90335769368e-09, 3.20040549617e-09, 2.89817547738e-09, 1.58469348754e-09, 4.35400215881e-10, 1.0308108811e-09, 2.07029116073e-10, 5.1302684323e-10, 4.69104088907e-10, 4.78490753963e-11, 6.33889208485e-12, 3.00512864593e-10, 5.01470392988e-11, 1.31095023725e-10],
