{
"highlevel": {
    "danceability": {
        "all": {
            "danceable": 0.997668981552,
            "not_danceable": 0.00233099726029
        },
        "probability": 0.997668981552,
        "value": "danceable"
    },
    "gender": {
        "all": {
            "female": 0.136937767267,
            "male": 0.863062262535
        },
        "probability": 0.863062262535,
        "value": "male"
    },
    "genre_dortmund": {
        "all": {
            "alternative": 0.00613380502909,
            "blues": 0.0358985587955,
            "electronic": 0.0691713392735,
            "folkcountry": 0.025555441156,
            "funksoulrnb": 0.0572699122131,
            "jazz": 0.0579837560654,
            "pop": 0.0623073428869,
            "raphiphop": 0.671215236187,
            "rock": 0.0144646205008
        },
        "probability": 0.671215236187,
        "value": "raphiphop"
    },
    "genre_electronic": {
        "all": {
            "ambient": 0.0738804787397,
            "dnb": 0.0312892235816,
            "house": 0.871514320374,
            "techno": 0.0118470545858,
            "trance": 0.0114689040929
        },
        "probability": 0.871514320374,
        "value": "house"
    },
    "genre_rosamerica": {
        "all": {
            "cla": 9.72820998868e-05,
            "dan": 0.0111849494278,
            "hip": 0.00326993176714,
            "jaz": 0.000174048735062,
            "pop": 0.00370936095715,
            "rhy": 0.981028318405,
            "roc": 0.000186679288163,
            "spe": 0.000349416251993
        },
        "probability": 0.981028318405,
        "value": "rhy"
    },
    "genre_tzanetakis": {
        "all": {
            "blu": 0.0626613423228,
            "cla": 0.0348169617355,
            "cou": 0.104475811124,
            "dis": 0.0784321576357,
            "hip": 0.15692435205,
            "jaz": 0.313974827528,
            "met": 0.0448166541755,
            "pop": 0.0627359300852,
            "reg": 0.0627360641956,
            "roc": 0.0784258767962
        },
        "probability": 0.313974827528,
        "value": "jaz"
    },
    "ismir04_rhythm": {
        "all": {
            "ChaChaCha": 0.238002404571,
            "Jive": 0.0465060546994,
            "Quickstep": 0.0520149543881,
            "Rumba-American": 0.0206821039319,
            "Rumba-International": 0.340055495501,
            "Rumba-Misc": 0.086286701262,
            "Samba": 0.161913767457,
            "Tango": 0.021349966526,
            "VienneseWaltz": 0.021403433755,
            "Waltz": 0.0117851123214
        },
        "probability": 0.340055495501,
        "value": "Rumba-International"
    },
    "mood_acoustic": {
        "all": {
            "acoustic": 0.0122450264171,
            "not_acoustic": 0.987755000591
        },
        "probability": 0.987755000591,
        "value": "not_acoustic"
    },
    "mood_aggressive": {
        "all": {
            "aggressive": 1.71338961081e-05,
            "not_aggressive": 0.999982893467
        },
        "probability": 0.999982893467,
        "value": "not_aggressive"
    },
    "mood_electronic": {
        "all": {
            "electronic": 0.747202754021,
            "not_electronic": 0.252797245979
        },
        "probability": 0.747202754021,
        "value": "electronic"
    },
    "mood_happy": {
        "all": {
            "happy": 0.401776045561,
            "not_happy": 0.598223924637
        },
        "probability": 0.598223924637,
        "value": "not_happy"
    },
    "mood_party": {
        "all": {
            "not_party": 0.281743049622,
            "party": 0.718256950378
        },
        "probability": 0.718256950378,
        "value": "party"
    },
    "mood_relaxed": {
        "all": {
            "not_relaxed": 0.0833959877491,
            "relaxed": 0.916603982449
        },
        "probability": 0.916603982449,
        "value": "relaxed"
    },
    "mood_sad": {
        "all": {
            "not_sad": 0.785291075706,
            "sad": 0.214708909392
        },
        "probability": 0.785291075706,
        "value": "not_sad"
    },
    "moods_mirex": {
        "all": {
            "Cluster1": 0.127624675632,
            "Cluster2": 0.25457623601,
            "Cluster3": 0.273630559444,
            "Cluster4": 0.262677878141,
            "Cluster5": 0.0814906135201
        },
        "probability": 0.273630559444,
        "value": "Cluster3"
    },
    "timbre": {
        "all": {
            "bright": 0.144444525242,
            "dark": 0.855555474758
        },
        "probability": 0.855555474758,
        "value": "dark"
    },
    "tonal_atonal": {
        "all": {
            "atonal": 0.843276798725,
            "tonal": 0.156723231077
        },
        "probability": 0.843276798725,
        "value": "atonal"
    },
    "voice_instrumental": {
        "all": {
            "instrumental": 0.00048973725643,
            "voice": 0.999510288239
        },
        "probability": 0.999510288239,
        "value": "voice"
    }
},
"lowlevel": {
    "average_loudness": 0.702789366245,
    "barkbands_crest": {
        "dmean": 2.88922023773,
        "dmean2": 4.67417573929,
        "dvar": 8.98140335083,
        "dvar2": 21.6510505676,
        "max": 26.0708370209,
        "mean": 13.9485282898,
        "median": 13.8854484558,
        "min": 3.14078140259,
        "var": 26.413230896
    },
    "barkbands_flatness_db": {
        "dmean": 0.0416039451957,
        "dmean2": 0.0600858069956,
        "dvar": 0.0020047489088,
        "dvar2": 0.00403616996482,
        "max": 0.729873001575,
        "mean": 0.259012967348,
        "median": 0.233994811773,
        "min": 0.060773100704,
        "var": 0.0129357120022
    },
    "barkbands_kurtosis": {
        "dmean": 23.7274570465,
        "dmean2": 38.4564666748,
        "dvar": 3348.10522461,
        "dvar2": 7708.78613281,
        "max": 956.122802734,
        "mean": 31.8181304932,
        "median": 10.2460918427,
        "min": -1.97001612186,
        "var": 4586.06738281
    },
    "barkbands_skewness": {
        "dmean": 1.45879280567,
        "dmean2": 2.20291304588,
        "dvar": 3.426851511,
        "dvar2": 7.53424310684,
        "max": 25.178144455,
        "mean": 3.36862778664,
        "median": 2.87336945534,
        "min": -4.64675235748,
        "var": 8.82189178467
    },
    "barkbands_spread": {
        "dmean": 7.41041707993,
        "dmean2": 11.9203577042,
        "dvar": 126.253158569,
        "dvar2": 306.923126221,
        "max": 94.892868042,
        "mean": 16.0427703857,
        "median": 11.6910552979,
        "min": 0.15321098268,
        "var": 260.912139893
    },
    "dissonance": {
        "dmean": 0.0330387763679,
        "dmean2": 0.0541587434709,
        "dvar": 0.00103189621586,
        "dvar2": 0.00260729296133,
        "max": 0.499999850988,
        "mean": 0.43210491538,
        "median": 0.440491944551,
        "min": 0.191970467567,
        "var": 0.00228647817858
    },
    "dynamic_complexity": 3.95489573479,
    "erbbands_crest": {
        "dmean": 3.25597691536,
        "dmean2": 5.30497360229,
        "dvar": 8.64967441559,
        "dvar2": 22.8291091919,
        "max": 28.1645870209,
        "mean": 10.6648845673,
        "median": 9.79036617279,
        "min": 3.36092686653,
        "var": 20.6309833527
    },
    "erbbands_flatness_db": {
        "dmean": 0.0253651123494,
        "dmean2": 0.0393503122032,
        "dvar": 0.000711553962901,
        "dvar2": 0.00153245974798,
        "max": 0.513906657696,
        "mean": 0.19073484838,
        "median": 0.177445262671,
        "min": 0.0699719265103,
        "var": 0.00388776720501
    },
    "erbbands_kurtosis": {
        "dmean": 3.17962479591,
        "dmean2": 5.08942317963,
        "dvar": 36.7181015015,
        "dvar2": 86.4766921997,
        "max": 76.8991928101,
        "mean": 3.30826973915,
        "median": 0.266454458237,
        "min": -1.89779639244,
        "var": 69.1946029663
    },
    "erbbands_skewness": {
        "dmean": 0.729864358902,
        "dmean2": 1.12339091301,
        "dvar": 0.722890555859,
        "dvar2": 1.5731869936,
        "max": 7.80659389496,
        "mean": 0.808498084545,
        "median": 0.589108347893,
        "min": -4.94730997086,
        "var": 2.28390789032
    },
    "erbbands_spread": {
        "dmean": 16.9700336456,
        "dmean2": 27.5278091431,
        "dvar": 493.013000488,
        "dvar2": 1233.09423828,
        "max": 183.810348511,
        "mean": 46.7243270874,
        "median": 41.4873962402,
        "min": 1.45608627796,
        "var": 950.753112793
    },
    "hfc": {
        "dmean": 9.06420612335,
        "dmean2": 14.0447254181,
        "dvar": 272.841888428,
        "dvar2": 574.110351562,
        "max": 179.422698975,
        "mean": 18.90899086,
        "median": 12.5647697449,
        "min": 0.00122464320157,
        "var": 481.968444824
    },
    "melbands_crest": {
        "dmean": 3.95654153824,
        "dmean2": 6.45998907089,
        "dvar": 16.6129360199,
        "dvar2": 40.7989501953,
        "max": 38.3270797729,
        "mean": 22.1296138763,
        "median": 22.0047340393,
        "min": 3.47060894966,
        "var": 77.398727417
    },
    "melbands_flatness_db": {
        "dmean": 0.0505617149174,
        "dmean2": 0.0710729211569,
        "dvar": 0.00299346586689,
        "dvar2": 0.00566632347181,
        "max": 0.882414519787,
        "mean": 0.311094164848,
        "median": 0.293068081141,
        "min": 0.0468874946237,
        "var": 0.0227751992643
    },
    "melbands_kurtosis": {
        "dmean": 51.0291862488,
        "dmean2": 82.2658157349,
        "dvar": 13177.4228516,
        "dvar2": 33203.015625,
        "max": 1831.21862793,
        "mean": 73.0908050537,
        "median": 26.5518054962,
        "min": -1.8929797411,
        "var": 19360.7910156
    },
    "melbands_skewness": {
        "dmean": 1.9881349802,
        "dmean2": 3.12774586678,
        "dvar": 6.94994878769,
        "dvar2": 16.9394721985,
        "max": 30.7869033813,
        "mean": 5.13811540604,
        "median": 4.06898498535,
        "min": -2.50550365448,
        "var": 16.8664474487
    },
    "melbands_spread": {
        "dmean": 9.45066738129,
        "dmean2": 14.8884191513,
        "dvar": 409.373748779,
        "dvar2": 826.029724121,
        "max": 241.449737549,
        "mean": 18.9966506958,
        "median": 8.45369625092,
        "min": 0.111471824348,
        "var": 972.739929199
    },
    "pitch_salience": {
        "dmean": 0.0878305435181,
        "dmean2": 0.144603207707,
        "dvar": 0.0101844435558,
        "dvar2": 0.0256058163941,
        "max": 0.857175171375,
        "mean": 0.436197966337,
        "median": 0.416901528835,
        "min": 0.0498505569994,
        "var": 0.034673973918
    },
    "silence_rate_20dB": {
        "dmean": 0.0247678011656,
        "dmean2": 0.0495739728212,
        "dvar": 0.024154568091,
        "dvar2": 0.0626078397036,
        "max": 1,
        "mean": 0.977571547031,
        "median": 1,
        "min": 0,
        "var": 0.0219255574048
    },
    "silence_rate_30dB": {
        "dmean": 0.0541795678437,
        "dmean2": 0.108443066478,
        "dvar": 0.0512449294329,
        "dvar2": 0.105979017913,
        "max": 1,
        "mean": 0.774168610573,
        "median": 1,
        "min": 0,
        "var": 0.174830213189
    },
    "silence_rate_60dB": {
        "dmean": 0.0348297208548,
        "dmean2": 0.0697133988142,
        "dvar": 0.0336165651679,
        "dvar2": 0.0710501372814,
        "max": 1,
        "mean": 0.122196443379,
        "median": 0,
        "min": 0,
        "var": 0.107263825834
    },
    "spectral_centroid": {
        "dmean": 370.692047119,
        "dmean2": 553.706481934,
        "dvar": 277537.53125,
        "dvar2": 507511.1875,
        "max": 5851.23925781,
        "mean": 1216.84680176,
        "median": 1047.37084961,
        "min": 97.1229782104,
        "var": 893271.3125
    },
    "spectral_complexity": {
        "dmean": 3.22058820724,
        "dmean2": 4.44848966599,
        "dvar": 25.7046375275,
        "dvar2": 37.6135215759,
        "max": 60,
        "mean": 10.2088165283,
        "median": 8,
        "min": 0,
        "var": 81.3298492432
    },
    "spectral_decrease": {
        "dmean": 5.1441317872e-09,
        "dmean2": 7.60465734828e-09,
        "dvar": 1.05186324865e-16,
        "dvar2": 1.8066303528e-16,
        "max": -1.15526186707e-12,
        "mean": -1.71694516382e-08,
        "median": -7.15276327057e-09,
        "min": -1.09492354738e-07,
        "var": 5.26632358802e-16
    },
    "spectral_energy": {
        "dmean": 0.0198171045631,
        "dmean2": 0.0294413138181,
        "dvar": 0.00153330131434,
        "dvar2": 0.00264606671408,
        "max": 0.415031313896,
        "mean": 0.0665165111423,
        "median": 0.0279413610697,
        "min": 4.47127740699e-06,
        "var": 0.00764989899471
    },
    "spectral_energyband_high": {
        "dmean": 0.000701766228303,
        "dmean2": 0.00109956029337,
        "dvar": 1.6811812884e-06,
        "dvar2": 3.52137362825e-06,
        "max": 0.0136102037504,
        "mean": 0.00104315124918,
        "median": 0.000387514504837,
        "min": 6.56415921618e-10,
        "var": 2.91985770673e-06
    },
    "spectral_energyband_low": {
        "dmean": 0.0175092965364,
        "dmean2": 0.0261007994413,
        "dvar": 0.00157584028784,
        "dvar2": 0.00276140100323,
        "max": 0.413020223379,
        "mean": 0.0533827953041,
        "median": 0.0139900520444,
        "min": 2.72491860187e-08,
        "var": 0.00682062190026
    },
    "spectral_energyband_middle_high": {
        "dmean": 0.00177657126915,
        "dmean2": 0.0026404436212,
        "dvar": 2.00760241569e-05,
        "dvar2": 3.9230708353e-05,
        "max": 0.0526977665722,
        "mean": 0.0032750684768,
        "median": 0.000979215255938,
        "min": 1.17487175544e-07,
        "var": 3.41379200108e-05
    },
    "spectral_energyband_middle_low": {
        "dmean": 0.0071207806468,
        "dmean2": 0.0126057863235,
        "dvar": 0.000635218806565,
        "dvar2": 0.00185058987699,
        "max": 0.233154788613,
        "mean": 0.00946384388953,
        "median": 0.00556633807719,
        "min": 4.27572467743e-06,
        "var": 0.00038850621786
    },
    "spectral_entropy": {
        "dmean": 0.34116756916,
        "dmean2": 0.509458720684,
        "dvar": 0.147126033902,
        "dvar2": 0.293043762445,
        "max": 8.83036518097,
        "mean": 7.14962339401,
        "median": 7.3177690506,
        "min": 3.94758081436,
        "var": 0.688908815384
    },
    "spectral_flux": {
        "dmean": 0.0410666801035,
        "dmean2": 0.0616425573826,
        "dvar": 0.0041270935908,
        "dvar2": 0.00668106321245,
        "max": 0.644258618355,
        "mean": 0.102591142058,
        "median": 0.0771645754576,
        "min": 0.00102587731089,
        "var": 0.0104123027995
    },
    "spectral_kurtosis": {
        "dmean": 4.15806913376,
        "dmean2": 6.90675592422,
        "dvar": 150.817733765,
        "dvar2": 376.841888428,
        "max": 191.144073486,
        "mean": 6.48269891739,
        "median": 2.42927074432,
        "min": -1.26320207119,
        "var": 227.131286621
    },
    "spectral_rms": {
        "dmean": 0.00115083379205,
        "dmean2": 0.00169623538386,
        "dvar": 2.49635832006e-06,
        "dvar2": 4.50608649771e-06,
        "max": 0.0201223418117,
        "mean": 0.00650635920465,
        "median": 0.00522109819576,
        "min": 6.6047119617e-05,
        "var": 2.25614421652e-05
    },
    "spectral_rolloff": {
        "dmean": 615.282775879,
        "dmean2": 1018.00146484,
        "dvar": 1955319.625,
        "dvar2": 4132204,
        "max": 11993.9941406,
        "mean": 1285.8170166,
        "median": 344.53125,
        "min": 43.06640625,
        "var": 4549226
    },
    "spectral_skewness": {
        "dmean": 0.484286665916,
        "dmean2": 0.743685722351,
        "dvar": 0.591742932796,
        "dvar2": 1.35523414612,
        "max": 10.8890142441,
        "mean": 1.64060664177,
        "median": 1.34849798679,
        "min": -0.323722988367,
        "var": 1.65277421474
    },
    "spectral_spread": {
        "dmean": 997405.75,
        "dmean2": 1519847.625,
        "dvar": 1.51331667968e+12,
        "dvar2": 3.09026357248e+12,
        "max": 16326967,
        "mean": 5238495.5,
        "median": 5063181,
        "min": 556362.4375,
        "var": 5.00468757299e+12
    },
    "spectral_strongpeak": {
        "dmean": 0.306151896715,
        "dmean2": 0.496163070202,
        "dvar": 0.259467303753,
        "dvar2": 0.634469211102,
        "max": 4.9675359726,
        "mean": 0.629626452923,
        "median": 0.41102874279,
        "min": 0,
        "var": 0.463776320219
    },
    "zerocrossingrate": {
        "dmean": 0.0148801067844,
        "dmean2": 0.0164362806827,
        "dvar": 0.000517634209245,
        "dvar2": 0.000551749370061,
        "max": 0.39013671875,
        "mean": 0.0517158955336,
        "median": 0.03271484375,
        "min": 0.0009765625,
        "var": 0.00346550135873
    },
    "barkbands": {
        "dmean": [0.00386769417673, 0.0149509357288, 0.00508127035573, 0.00232687056996, 0.00280997250229, 0.0013077451149, 0.000527672003955, 0.00104353064671, 0.00051741162315, 0.000521930574905, 0.000295205216389, 0.000235834479099, 0.00035146047594, 0.000255423830822, 0.000317720725434, 0.000169766120962, 0.0001898684568, 0.000207910736208, 0.000135609938297, 0.000106218496512, 9.56646326813e-05, 0.000175226392457, 0.000286690483335, 0.000145965648699, 6.82861427777e-05, 1.56530222739e-05, 9.4103747017e-09],
        "dmean2": [0.00557447830215, 0.0221393760294, 0.00944219063967, 0.00437024980783, 0.00512429326773, 0.00223829667084, 0.000867927446961, 0.00170787412208, 0.000861672509927, 0.000741612922866, 0.000463574164314, 0.000346604501829, 0.000572988472413, 0.000401197845349, 0.000466399797006, 0.000271368335234, 0.000294555153232, 0.000322013336699, 0.000207829143619, 0.000158894064953, 0.000141697237268, 0.000259401538642, 0.000482767383801, 0.000237682863371, 0.000104103608464, 2.31585217989e-05, 1.74613266068e-08],
        "dvar": [3.96212162741e-05, 0.00132627564017, 0.000624005915597, 0.000124510086607, 9.31513786782e-05, 9.36396372708e-06, 1.36929702421e-06, 6.94061236572e-06, 1.83684380772e-06, 1.7191380266e-06, 9.4944761031e-07, 6.0805382418e-07, 1.311322535e-06, 4.20163075887e-07, 6.6517338837e-07, 3.49509349462e-07, 1.66262395851e-07, 3.24779620087e-07, 1.42829392757e-07, 6.45913473818e-08, 5.5888101258e-08, 1.5060246028e-07, 3.520943892e-07, 8.21708212584e-08, 3.65893271237e-08, 2.78342149329e-09, 9.93196359709e-15],
        "dvar2": [7.02956749592e-05, 0.00216608098708, 0.00180203968193, 0.000367754342733, 0.00027300909278, 2.54296792264e-05, 3.59636715075e-06, 1.79255566763e-05, 4.76293780594e-06, 3.42498105965e-06, 2.18222680815e-06, 1.25743417811e-06, 3.23698191096e-06, 9.42176598073e-07, 1.33638252464e-06, 8.67294318141e-07, 3.15968577524e-07, 7.37237201065e-07, 2.83889193042e-07, 1.33749168185e-07, 1.10708818113e-07, 3.22719074575e-07, 9.38975802001e-07, 1.86347662634e-07, 8.18999623675e-08, 5.25658627737e-09, 2.94435598136e-14],
        "max": [0.0571836829185, 0.371187210083, 0.219948142767, 0.110107541084, 0.0997214689851, 0.0322263725102, 0.0125111369416, 0.0322660952806, 0.0116987181827, 0.0195745006204, 0.0137093337253, 0.00872248783708, 0.0155868139118, 0.00562957767397, 0.00889489520341, 0.00680552702397, 0.00375862792134, 0.00688395509496, 0.00415011215955, 0.00360641907901, 0.0029714985285, 0.00657115597278, 0.00684352777898, 0.00338808214292, 0.00368294399232, 0.000813965161797, 2.46926606451e-06],
        "mean": [0.00891578104347, 0.0395518653095, 0.00441008154303, 0.00208588107489, 0.00280624534935, 0.00180852075573, 0.000574902456719, 0.00131257344037, 0.000571245269384, 0.000730592000764, 0.000330717826728, 0.000244786438998, 0.000358363613486, 0.000316581514198, 0.000450775318313, 0.000191708677448, 0.000291953008855, 0.000256704312051, 0.000174762666575, 0.000144287128933, 0.000133707100758, 0.000243051239522, 0.000317664671456, 0.000188226418686, 8.56775805005e-05, 1.98855759663e-05, 6.30595220485e-09],
        "median": [0.00257555185817, 0.00826027803123, 0.000272763136309, 0.000268179428531, 0.000966298335698, 0.000522392743733, 0.000130024855025, 9.30567402975e-05, 4.40790572611e-05, 8.70837975526e-05, 1.86898632819e-05, 1.20422973851e-05, 1.90230493899e-05, 2.20894962695e-05, 2.36899977608e-05, 1.61243660841e-05, 4.93679071951e-05, 5.62195600651e-05, 3.69618210243e-05, 3.52413408109e-05, 3.01139498333e-05, 7.48013044358e-05, 9.95533700916e-05, 5.61090491829e-05, 1.67705820786e-05, 3.37389133165e-06, 3.43918338253e-10],
        "min": [3.85232193367e-11, 9.7432784063e-11, 5.0225090753e-09, 5.437296835e-08, 4.6443346946e-07, 4.57882862293e-07, 6.60401013874e-08, 8.22897519015e-08, 5.24489962572e-08, 6.23985263459e-09, 6.35951957761e-09, 3.86955445464e-09, 5.68890090591e-09, 4.93177987337e-09, 9.91052684363e-10, 1.89065429979e-09, 2.21025020508e-09, 1.21733623182e-09, 4.48906550821e-10, 4.22065160599e-10, 5.06722649951e-11, 5.80350247026e-11, 3.61355875778e-11, 6.43966911046e-12, 6.75226064298e-12, 1.01854323586e-11, 9.63744622301e-12],
        "var": [0.000136854127049, 0.00463241478428, 0.000361813552445, 7.17525399523e-05, 5.47858035134e-05, 1.06740490082e-05, 1.29500097046e-06, 7.46909881855e-06, 2.08982692129e-06, 3.05266621581e-06, 1.36647997806e-06, 7.55421467602e-07, 1.30997887027e-06, 6.07963784205e-07, 1.22437950267e-06, 3.73598453507e-07, 2.9781278954e-07, 3.8803355551e-07, 1.87520612371e-07, 9.36130035711e-08, 8.68740457349e-08, 2.32878548445e-07, 3.61851220987e-07, 1.29863110487e-07, 6.13670607663e-08, 4.77833372869e-09, 5.23808605065e-15]
    },
    "erbbands": {
        "dmean": [0.867591023445, 2.60978579521, 5.60064458847, 7.18998765945, 7.74643230438, 10.1305999756, 10.5779895782, 10.419262886, 7.63384962082, 16.212726593, 18.0723724365, 12.6877508163, 13.0006980896, 15.4682664871, 10.5132684708, 11.0170154572, 15.070186615, 12.9614257812, 15.6087503433, 11.6574993134, 7.15285682678, 10.0090789795, 11.9951667786, 6.41954755783, 7.33165788651, 4.62616443634, 3.90851831436, 4.28665828705, 6.49362230301, 7.96341466904, 7.49747610092, 4.37013912201, 1.930357337, 0.9333319664, 0.418229281902, 0.114673614502, 0.0208978522569, 0.00116727501154, 3.61249294656e-05, 2.38359189098e-05],
        "dmean2": [1.17517638206, 4.03143215179, 10.0078468323, 13.3319616318, 14.3902168274, 18.3388938904, 18.3888626099, 17.5948295593, 12.7173366547, 25.7327804565, 29.6073055267, 20.8466854095, 19.3788070679, 23.0678348541, 16.0480957031, 15.8963136673, 24.1577339172, 19.561164856, 22.6526641846, 17.4232883453, 10.9908390045, 15.7737503052, 18.5696868896, 9.88719367981, 11.3295202255, 6.79191827774, 5.71107292175, 6.47426080704, 9.51290607452, 12.8715934753, 12.6024894714, 7.28643751144, 3.02367639542, 1.44876670837, 0.633362233639, 0.172540098429, 0.0303547549993, 0.00174233119469, 5.24626884726e-05, 3.56319142156e-05],
        "dvar": [3.69796562195, 60.3420219421, 669.638671875, 1166.18310547, 1067.0480957, 1066.79284668, 837.474243164, 560.911499023, 405.092468262, 1315.78125, 2206.16088867, 1148.56323242, 826.866577148, 2572.89575195, 862.879333496, 1240.16027832, 2297.34277344, 1154.47546387, 1551.32202148, 1179.52062988, 623.402709961, 557.606506348, 892.974060059, 434.644287109, 352.819122314, 123.933547974, 94.4515457153, 133.778427124, 269.481170654, 180.117584229, 250.909957886, 62.6820640564, 21.3661785126, 7.18727493286, 1.38569235802, 0.138274773955, 0.00611240416765, 2.62962021225e-05, 1.15206830742e-08, 1.90168614189e-09],
        "dvar2": [4.76009559631, 132.041885376, 1860.90380859, 3402.81103516, 3129.45703125, 3102.97216797, 2351.91723633, 1458.31469727, 1084.79699707, 3208.66674805, 5674.85351562, 2927.44677734, 1702.34082031, 5753.02587891, 1949.28869629, 2425.64575195, 5594.72753906, 2525.24584961, 2976.25976562, 2564.21337891, 1450.84912109, 1060.95227051, 1899.91601562, 911.278259277, 724.859069824, 251.970947266, 193.742248535, 283.114990234, 574.275817871, 442.875, 671.96697998, 156.39805603, 46.5184249878, 17.0882015228, 3.04999995232, 0.260035961866, 0.0121843200177, 4.7718440328e-05, 2.10242436793e-08, 3.34741390162e-09],
        "max": [21.2298908234, 74.8395614624, 220.983474731, 294.324371338, 319.972747803, 336.091400146, 414.904174805, 245.720214844, 222.657272339, 371.73651123, 551.643554688, 307.579498291, 410.553039551, 839.44152832, 450.156707764, 383.438964844, 681.307800293, 311.358459473, 526.000549316, 393.858306885, 291.230072021, 235.081054688, 353.324188232, 289.341369629, 210.189453125, 150.20223999, 121.260467529, 156.101242065, 304.613647461, 106.743003845, 173.459182739, 84.8190231323, 63.5449714661, 51.0214767456, 21.9400978088, 5.09746170044, 1.56382346153, 0.114737518132, 0.00230066291988, 0.000491011072882],
        "mean": [2.12538361549, 4.94044542313, 5.27482271194, 6.8623085022, 6.85137653351, 9.99144554138, 13.4372730255, 14.0673894882, 8.78652954102, 21.4921684265, 21.5275363922, 15.5187807083, 19.1080474854, 18.5248203278, 13.0562467575, 12.4933748245, 16.3307209015, 17.2095279694, 23.4916992188, 15.5348558426, 9.53504085541, 15.3813428879, 17.3282318115, 8.37752819061, 9.62329959869, 6.60450935364, 5.26391553879, 5.70537424088, 8.35084342957, 10.5180225372, 8.23174953461, 5.37920856476, 2.38735079765, 1.1098099947, 0.531140089035, 0.150843247771, 0.025816006586, 0.00147230492439, 7.19565578038e-05, 7.8528195445e-05],
        "median": [0.318686485291, 1.00920498371, 0.71479088068, 0.972078561783, 1.97797822952, 3.32561826706, 4.31928730011, 3.63919067383, 2.31463313103, 2.21221351624, 3.00140500069, 2.20734572411, 3.24827194214, 1.88424885273, 1.15947258472, 0.908951699734, 1.08108973503, 1.45978653431, 1.35318720341, 1.27525782585, 1.23919391632, 2.84850645065, 3.94042015076, 2.21691989899, 1.98191452026, 1.86866831779, 1.22398626804, 1.29251182079, 2.40322971344, 3.46048998833, 2.5674996376, 1.79135644436, 0.509952187538, 0.176062554121, 0.108137883246, 0.0298850014806, 0.00407697167248, 0.000192323423107, 3.45704975189e-05, 3.68253204215e-05],
        "min": [7.7623056427e-08, 9.39750236739e-07, 1.79603357537e-05, 0.000471543200547, 0.00168005796149, 0.00241779140197, 0.00369243277237, 0.00303777796216, 0.000952977978159, 0.00474930275232, 0.00224851979874, 0.00131764169782, 0.000387678504921, 0.000402634963393, 0.000257539068116, 0.000354592397343, 0.000480051181512, 0.000213672741666, 0.000314222183079, 0.000229327313718, 8.93720061867e-05, 0.000103007776488, 9.16389180929e-05, 2.31763096963e-05, 2.59698226728e-05, 1.96015535039e-05, 4.77680578115e-06, 2.66266306426e-06, 2.18571085497e-06, 2.28646399592e-06, 1.2138564216e-06, 5.42857151231e-07, 1.75073935793e-07, 1.71371056013e-07, 2.3326153098e-07, 9.25062977331e-08, 3.00446174606e-08, 8.55501003372e-09, 3.91424537227e-09, 5.13615239228e-09],
        "var": [12.8266963959, 112.43396759, 437.311248779, 686.426879883, 599.096069336, 647.594360352, 785.505004883, 712.272583008, 380.27053833, 1842.34472656, 2251.74511719, 1406.93078613, 1688.11791992, 3701.73706055, 1367.62854004, 1691.86694336, 2436.33349609, 1776.35925293, 3351.75292969, 1470.85388184, 772.403991699, 907.154785156, 1271.49047852, 505.613647461, 480.982757568, 186.433990479, 136.330245972, 187.833068848, 374.307647705, 270.171661377, 255.305297852, 84.7197875977, 33.435295105, 10.5215559006, 2.47810196877, 0.250840842724, 0.00960764847696, 4.38439528807e-05, 2.19579892047e-08, 9.31932930825e-09]
    },
    "gfcc": {
        "mean": [-72.6909332275, 88.9170455933, -97.2470397949, 46.6008148193, -72.3163070679, 11.2381000519, -43.2101478577, 2.87479734421, -15.1126947403, -7.84306573868, -9.95926189423, -0.793966293335, -7.83598136902],
        "cov": [[16121.9052734, -3127.12646484, -1347.71826172, 916.711669922, -436.561004639, 2252.32763672, 23.0908336639, 1493.74633789, 323.862121582, 617.965332031, -117.878425598, 448.769989014, -289.461212158], [-3127.12646484, 3244.97387695, 836.081726074, -63.2181892395, 1161.84912109, -290.008789062, 724.633483887, -207.232299805, 537.011047363, -158.245574951, 448.148742676, -100.295944214, 175.993865967], [-1347.71826172, 836.081726074, 2720.05200195, 859.399169922, 661.674804688, 514.879089355, 605.582519531, 230.049224854, 404.229888916, 237.429977417, 371.022796631, 121.817466736, 258.119598389], [916.711669922, -63.2181892395, 859.399169922, 1033.2722168, 378.803619385, 376.182830811, 353.633209229, 212.274642944, 278.219146729, 173.857574463, 214.483764648, 34.0583114624, 200.364181519], [-436.561004639, 1161.84912109, 661.674804688, 378.803619385, 1197.43212891, 321.194793701, 601.125793457, 258.856628418, 488.087890625, 181.231216431, 278.318389893, 42.0288925171, 132.196334839], [2252.32763672, -290.008789062, 514.879089355, 376.182830811, 321.194793701, 978.43927002, 410.356384277, 447.545715332, 290.581573486, 238.529434204, 141.164398193, 123.871337891, 2.6733686924], [23.0908336639, 724.633483887, 605.582519531, 353.633209229, 601.125793457, 410.356384277, 770.477294922, 200.946487427, 305.386169434, 127.236282349, 249.114990234, 86.9780273438, 84.6103591919], [1493.74633789, -207.232299805, 230.049224854, 212.274642944, 258.856628418, 447.545715332, 200.946487427, 468.22354126, 235.010238647, 204.235565186, 79.7580032349, 75.6056137085, -11.3769626617], [323.862121582, 537.011047363, 404.229888916, 278.219146729, 488.087890625, 290.581573486, 305.386169434, 235.010238647, 525.338684082, 158.717544556, 180.381790161, 5.02767896652, 62.3039245605], [617.965332031, -158.245574951, 237.429977417, 173.857574463, 181.231216431, 238.529434204, 127.236282349, 204.235565186, 158.717544556, 251.721359253, 69.6623153687, 29.0503253937, 9.79257011414], [-117.878425598, 448.148742676, 371.022796631, 214.483764648, 278.318389893, 141.164398193, 249.114990234, 79.7580032349, 180.381790161, 69.6623153687, 260.867218018, 37.2212791443, 41.1008872986], [448.769989014, -100.295944214, 121.817466736, 34.0583114624, 42.0288925171, 123.871337891, 86.9780273438, 75.6056137085, 5.02767896652, 29.0503253937, 37.2212791443, 196.778442383, 10.6894187927], [-289.461212158, 175.993865967, 258.119598389, 200.364181519, 132.196334839, 2.6733686924, 84.6103591919, -11.3769626617, 62.3039245605, 9.79257011414, 41.1008872986, 10.6894187927, 210.916778564]],
        "icov": [[0.000196262320969, -0.00013089289132, 0.000240853943978, -0.000346219138009, 0.000216318381717, -0.000437048031017, 0.000206985641853, -0.000374297611415, 6.1853119405e-05, -0.000155599263962, 0.000203413699637, -0.000347283610608, 0.000146359438077], [-0.00013089289132, 0.0016524437815, -0.00049677095376, 0.00126506050583, -0.00115073577035, 0.000977534684353, -0.00096857274184, 0.00082540261792, -0.00107323541306, 0.00170430482831, -0.00164835399482, 0.00108583993278, -0.000506285985466], [0.000240853943978, -0.00049677095376, 0.000960267032497, -0.000912522664294, 0.000430933578173, -0.000796058389824, 0.000344339903677, -0.000412303139456, 0.000279699161183, -0.000724826124497, 0.000230464705965, -0.000765353383031, -3.87123654946e-05], [-0.000346219138009, 0.00126506050583, -0.000912522664294, 0.0030537948478, -0.000943414575886, 0.000938746146858, -0.00102316099219, 0.000816063198727, -0.000849069445394, 0.00100305420347, -0.00193937961012, 0.0015570219839, -0.00177788559813], [0.000216318381717, -0.00115073577035, 0.000430933578173, -0.000943414575886, 0.00274434033781, -0.000622963649221, -0.000200409878744, -0.00111331092194, -0.000235230720136, -0.00137713807635, 0.000832248479128, -0.00080618087668, -5.38145068276e-05], [-0.000437048031017, 0.000977534684353, -0.000796058389824, 0.000938746146858, -0.000622963649221, 0.00356156518683, -0.00160747463815, -0.000450089428341, -0.000796940003056, 0.000697452400345, -0.000832449761219, 0.000676633208059, -3.62069222319e-05], [0.000206985641853, -0.00096857274184, 0.000344339903677, -0.00102316099219, -0.000200409878744, -0.00160747463815, 0.00357928499579, -0.0004184039135, 0.000573531084228, -0.000718238006812, -0.00016818268341, -0.00126103265211, 0.000291012926027], [-0.000374297611415, 0.00082540261792, -0.000412303139456, 0.000816063198727, -0.00111331092194, -0.000450089428341, -0.0004184039135, 0.00608264794573, -0.0014408454299, -0.00122115050908, -0.000429523584899, 3.9875634684e-05, 0.000290358933853], [6.1853119405e-05, -0.00107323541306, 0.000279699161183, -0.000849069445394, -0.000235230720136, -0.000796940003056, 0.000573531084228, -0.0014408454299, 0.00470524840057, -0.00167204358149, -9.84292564681e-05, 0.000283681205474, -1.30214111778e-05], [-0.000155599263962, 0.00170430482831, -0.000724826124497, 0.00100305420347, -0.00137713807635, 0.000697452400345, -0.000718238006812, -0.00122115050908, -0.00167204358149, 0.00854510720819, -0.00191691110376, 0.00129611743614, -0.00021988611843], [0.000203413699637, -0.00164835399482, 0.000230464705965, -0.00193937961012, 0.000832248479128, -0.000832449761219, -0.00016818268341, -0.000429523584899, -9.84292564681e-05, -0.00191691110376, 0.00852756388485, -0.00192365108524, 0.00130193610676], [-0.000347283610608, 0.00108583993278, -0.000765353383031, 0.0015570219839, -0.00080618087668, 0.000676633208059, -0.00126103265211, 3.9875634684e-05, 0.000283681205474, 0.00129611743614, -0.00192365108524, 0.00714232819155, -0.00105150486343], [0.000146359438077, -0.000506285985466, -3.87123654946e-05, -0.00177788559813, -5.38145068276e-05, -3.62069222319e-05, 0.000291012926027, 0.000290358933853, -1.30214111778e-05, -0.00021988611843, 0.00130193610676, -0.00105150486343, 0.00684758694842]]
    },
    "melbands": {
        "dmean": [0.00555475708097, 0.00285091693513, 0.00124081934337, 0.000648995570373, 0.000384636339732, 0.000236089181271, 0.000111875910079, 0.000199492045795, 0.000139031297294, 7.51557818148e-05, 6.58877324895e-05, 6.47123379167e-05, 4.00717071898e-05, 2.66263068625e-05, 3.37442070304e-05, 2.91001288133e-05, 2.56438670476e-05, 2.41298275796e-05, 2.23325405386e-05, 1.4687935618e-05, 7.42255133446e-06, 9.18300156627e-06, 1.43517181641e-05, 1.01590503618e-05, 4.75562183055e-06, 6.02986983722e-06, 5.02422244608e-06, 2.7271610179e-06, 2.69972724709e-06, 2.22617245527e-06, 2.65080052486e-06, 3.75754893867e-06, 3.6183737393e-06, 5.26010398971e-06, 4.24175141234e-06, 3.88215039493e-06, 2.39185192186e-06, 1.54825022491e-06, 9.18443788578e-07, 8.17359193661e-07],
        "dmean2": [0.00769458059222, 0.00460489699617, 0.00228401389904, 0.00119508686475, 0.000675366609357, 0.000400202901801, 0.000186381177627, 0.000319768296322, 0.000226919481065, 0.000124198370031, 9.86493032542e-05, 9.61442783591e-05, 6.10436763964e-05, 4.07090883527e-05, 5.34701575816e-05, 4.73087820865e-05, 3.88296721212e-05, 3.60650374205e-05, 3.30352813762e-05, 2.26758675126e-05, 1.15358761832e-05, 1.43079050758e-05, 2.23528168135e-05, 1.59915925906e-05, 7.38714879844e-06, 9.41779580899e-06, 7.63454499975e-06, 4.03390049541e-06, 4.01114948545e-06, 3.34905371346e-06, 4.08872801927e-06, 5.50419235879e-06, 5.59153932045e-06, 8.70288386068e-06, 7.07421168045e-06, 6.66887626721e-06, 4.02219029638e-06, 2.47375101026e-06, 1.43566421684e-06, 1.29170859964e-06],
        "dvar": [0.000150434701936, 0.000115273454867, 3.2780400943e-05, 5.56802388019e-06, 1.15148077384e-06, 2.92113014666e-07, 8.0958649562e-08, 2.21616033969e-07, 1.28293507373e-07, 4.03076150235e-08, 2.12411883638e-08, 4.66975222935e-08, 1.56058135303e-08, 7.58069873541e-09, 1.20664465086e-08, 8.86266349198e-09, 4.47389147951e-09, 3.79611542201e-09, 3.51943341137e-09, 2.18151341436e-09, 6.44617859091e-10, 4.71512551226e-10, 1.05255537619e-09, 9.9608998827e-10, 2.37098396472e-10, 3.16304815673e-10, 1.44998249518e-10, 4.68301959711e-11, 4.58058868613e-11, 3.02332811564e-11, 5.15368581144e-11, 1.07634873237e-10, 5.46319864347e-11, 8.87088111301e-11, 7.356106696e-11, 6.99908742074e-11, 1.8827071846e-11, 1.35641125068e-11, 6.24190629739e-12, 6.70792284566e-12],
        "dvar2": [0.000213220075238, 0.000291250151349, 9.48426386458e-05, 1.63032837008e-05, 3.28149963025e-06, 7.75073260684e-07, 2.16549537413e-07, 5.56619454528e-07, 3.31883910576e-07, 1.02655050682e-07, 4.38714948814e-08, 1.01866909574e-07, 3.41691581696e-08, 1.73172907125e-08, 2.45104665453e-08, 2.22764189317e-08, 9.80309966536e-09, 7.84257725428e-09, 7.47383310795e-09, 5.24671994739e-09, 1.45262923912e-09, 8.96165086584e-10, 2.22029239438e-09, 2.48813236681e-09, 4.8890969051e-10, 7.02282454412e-10, 3.17545656436e-10, 9.74672981213e-11, 1.00082990506e-10, 6.09138711694e-11, 1.13432263582e-10, 2.24535293136e-10, 1.3034991142e-10, 2.30116287137e-10, 1.95324645347e-10, 1.84758389143e-10, 4.58443977225e-11, 3.0363454806e-11, 1.33186421961e-11, 1.77437353005e-11],
        "max": [0.134171128273, 0.09887547791, 0.0487963147461, 0.0238679014146, 0.0143146151677, 0.00581327173859, 0.00303727691062, 0.00543865049258, 0.00438298797235, 0.00185310770757, 0.0020590715576, 0.00358413322829, 0.00210970523767, 0.000986738596112, 0.00144764059223, 0.00115489040036, 0.000673832313623, 0.000776998640504, 0.000697070499882, 0.000498979818076, 0.000293014541967, 0.000242857378908, 0.000431598775322, 0.000384891987778, 0.000217174179852, 0.000197341651074, 0.00017281001783, 9.4839691883e-05, 8.05000672699e-05, 7.3492017691e-05, 9.30661408347e-05, 0.000187905417988, 0.000111111665319, 7.45335419197e-05, 8.69053328643e-05, 0.000121556789964, 4.3681688112e-05, 4.71646199003e-05, 3.66936219507e-05, 4.61577692477e-05],
        "mean": [0.0145444301888, 0.00386915402487, 0.00117737276014, 0.000602131534833, 0.000478034635307, 0.000322854262777, 0.000126153376186, 0.000258390820818, 0.000163085656823, 8.81383894011e-05, 9.37842487474e-05, 7.60423135944e-05, 4.60842129542e-05, 2.95336685667e-05, 3.80654928449e-05, 3.01709242194e-05, 3.28107162204e-05, 3.53176292265e-05, 3.00632254948e-05, 1.61995958479e-05, 9.89396266959e-06, 1.36199578264e-05, 2.10027410503e-05, 1.18433026728e-05, 5.88815009905e-06, 7.1885201578e-06, 6.65665220367e-06, 3.70441262021e-06, 3.39281496053e-06, 2.87021271106e-06, 3.35645950145e-06, 4.51216374131e-06, 5.15518786415e-06, 6.30814884062e-06, 4.68779398943e-06, 4.13825637224e-06, 2.97794895232e-06, 1.79793391908e-06, 1.11366398414e-06, 8.78291473327e-07],
        "median": [0.00316343666054, 0.000721937103663, 0.000232445410802, 0.000197540735826, 0.000166933125001, 8.4615770902e-05, 2.6058014555e-05, 2.30078549066e-05, 2.1361736799e-05, 8.76602280186e-06, 1.31159877128e-05, 5.31204159415e-06, 2.92260870083e-06, 2.13706948671e-06, 2.20827723751e-06, 1.81768973562e-06, 2.32842785408e-06, 1.86851252693e-06, 1.76652122263e-06, 1.40960457884e-06, 1.3266762835e-06, 2.18485411096e-06, 4.38725874119e-06, 2.42286228058e-06, 1.44243404065e-06, 1.12153054488e-06, 1.46809804846e-06, 8.95472510365e-07, 6.5516428549e-07, 5.78354786285e-07, 6.58265832953e-07, 9.97528331936e-07, 1.64159951055e-06, 1.82570113338e-06, 1.40179963637e-06, 1.14818487873e-06, 8.98794041859e-07, 3.07132495436e-07, 1.30912326313e-07, 1.0631598002e-07],
