{
"highlevel": {
    "danceability": {
        "all": {
            "danceable": 0.994316399097,
            "not_danceable": 0.0056835943833
        },
        "probability": 0.994316399097,
        "value": "danceable"
    },
    "gender": {
        "all": {
            "female": 0.138033315539,
            "male": 0.861966669559
        },
        "probability": 0.861966669559,
        "value": "male"
    },
    "genre_dortmund": {
        "all": {
            "alternative": 0.158295825124,
            "blues": 0.060582716018,
            "electronic": 0.0291534215212,
            "folkcountry": 0.0832108035684,
            "funksoulrnb": 0.0139280259609,
            "jazz": 0.00895026512444,
            "pop": 0.0413144081831,
            "raphiphop": 0.00185073411558,
            "rock": 0.602713823318
        },
        "probability": 0.602713823318,
        "value": "rock"
    },
    "genre_electronic": {
        "all": {
            "ambient": 0.345189571381,
            "dnb": 0.191216185689,
            "house": 0.0633141323924,
            "techno": 0.0308981724083,
            "trance": 0.369381934404
        },
        "probability": 0.369381934404,
        "value": "trance"
    },
    "genre_rosamerica": {
        "all": {
            "cla": 0.000330684881192,
            "dan": 0.00237036379986,
            "hip": 0.0013185540447,
            "jaz": 0.000893263262697,
            "pop": 0.171556323767,
            "rhy": 0.00176260189619,
            "roc": 0.821738243103,
            "spe": 2.99937819364e-05
        },
        "probability": 0.821738243103,
        "value": "roc"
    },
    "genre_tzanetakis": {
        "all": {
            "blu": 0.0626541376114,
            "cla": 0.0348133966327,
            "cou": 0.0783501937985,
            "dis": 0.104547761381,
            "hip": 0.15693578124,
            "jaz": 0.313987255096,
            "met": 0.044816005975,
            "pop": 0.0627349764109,
            "reg": 0.0627352520823,
            "roc": 0.0784252434969
        },
        "probability": 0.313987255096,
        "value": "jaz"
    },
    "ismir04_rhythm": {
        "all": {
            "ChaChaCha": 0.663679659367,
            "Jive": 0.181321904063,
            "Quickstep": 0.0290281735361,
            "Rumba-American": 0.0220428649336,
            "Rumba-International": 0.00908463168889,
            "Rumba-Misc": 0.00178534444422,
            "Samba": 0.0514675267041,
            "Tango": 0.0284310523421,
            "VienneseWaltz": 0.0108141181991,
            "Waltz": 0.00234470586292
        },
        "probability": 0.663679659367,
        "value": "ChaChaCha"
    },
    "mood_acoustic": {
        "all": {
            "acoustic": 0.0306896269321,
            "not_acoustic": 0.96931040287
        },
        "probability": 0.96931040287,
        "value": "not_acoustic"
    },
    "mood_aggressive": {
        "all": {
            "aggressive": 0.802763938904,
            "not_aggressive": 0.197236061096
        },
        "probability": 0.802763938904,
        "value": "aggressive"
    },
    "mood_electronic": {
        "all": {
            "electronic": 0.268610328436,
            "not_electronic": 0.731389701366
        },
        "probability": 0.731389701366,
        "value": "not_electronic"
    },
    "mood_happy": {
        "all": {
            "happy": 0.662632524967,
            "not_happy": 0.337367475033
        },
        "probability": 0.662632524967,
        "value": "happy"
    },
    "mood_party": {
        "all": {
            "not_party": 0.290307015181,
            "party": 0.709693014622
        },
        "probability": 0.709693014622,
        "value": "party"
    },
    "mood_relaxed": {
        "all": {
            "not_relaxed": 0.955546498299,
            "relaxed": 0.0444534979761
        },
        "probability": 0.955546498299,
        "value": "not_relaxed"
    },
    "mood_sad": {
        "all": {
            "not_sad": 0.901302099228,
            "sad": 0.0986979305744
        },
        "probability": 0.901302099228,
        "value": "not_sad"
    },
    "moods_mirex": {
        "all": {
            "Cluster1": 0.322517424822,
            "Cluster2": 0.213866725564,
            "Cluster3": 0.160678997636,
            "Cluster4": 0.193944960833,
            "Cluster5": 0.108991876245
        },
        "probability": 0.322517424822,
        "value": "Cluster1"
    },
    "timbre": {
        "all": {
            "bright": 0.999988436699,
            "dark": 1.15672719403e-05
        },
        "probability": 0.999988436699,
        "value": "bright"
    },
    "tonal_atonal": {
        "all": {
            "atonal": 0.00562346726656,
            "tonal": 0.994376540184
        },
        "probability": 0.994376540184,
        "value": "tonal"
    },
    "voice_instrumental": {
        "all": {
            "instrumental": 0.00725803896785,
            "voice": 0.992741942406
        },
        "probability": 0.992741942406,
        "value": "voice"
    }
},
"lowlevel": {
    "average_loudness": 0.977427423,
    "barkbands_crest": {
        "dmean": 2.57447981834,
        "dmean2": 4.30249404907,
        "dvar": 4.99002218246,
        "dvar2": 12.9134683609,
        "max": 21.5055351257,
        "mean": 9.11233901978,
        "median": 8.5717086792,
        "min": 2.95539617538,
        "var": 12.3376312256
    },
    "barkbands_flatness_db": {
        "dmean": 0.0189473424107,
        "dmean2": 0.0313858799636,
        "dvar": 0.00028932018904,
        "dvar2": 0.000805464107543,
        "max": 0.296529024839,
        "mean": 0.114476837218,
        "median": 0.110015064478,
        "min": 0.03946525231,
        "var": 0.000988742453046
    },
    "barkbands_kurtosis": {
        "dmean": 1.4971113205,
        "dmean2": 2.46792173386,
        "dvar": 15.847240448,
        "dvar2": 40.2981910706,
        "max": 102.373046875,
        "mean": 1.06618309021,
        "median": 0.255821943283,
        "min": -1.89639103413,
        "var": 16.7796001434
    },
    "barkbands_skewness": {
        "dmean": 0.452862113714,
        "dmean2": 0.720921337605,
        "dvar": 0.256927698851,
        "dvar2": 0.621286511421,
        "max": 9.00825977325,
        "mean": 0.962911784649,
        "median": 0.838476121426,
        "min": -0.91265308857,
        "var": 0.66755771637
    },
    "barkbands_spread": {
        "dmean": 6.32031726837,
        "dmean2": 9.89382362366,
        "dvar": 47.8136558533,
        "dvar2": 99.9789581299,
        "max": 93.803855896,
        "mean": 31.8407268524,
        "median": 29.1453208923,
        "min": 1.98341393471,
        "var": 184.601165771
    },
    "dissonance": {
        "dmean": 0.0181277282536,
        "dmean2": 0.0309077389538,
        "dvar": 0.000297137477901,
        "dvar2": 0.000785953481682,
        "max": 0.499902248383,
        "mean": 0.470295101404,
        "median": 0.476187855005,
        "min": 0.272901535034,
        "var": 0.000552060839254
    },
    "dynamic_complexity": 1.16872394085,
    "erbbands_crest": {
        "dmean": 3.12552237511,
        "dmean2": 5.20677042007,
        "dvar": 8.40688800812,
        "dvar2": 21.6435184479,
        "max": 29.3843250275,
        "mean": 10.3083238602,
        "median": 8.77512550354,
        "min": 2.57083082199,
        "var": 29.9174003601
    },
    "erbbands_flatness_db": {
        "dmean": 0.0156573783606,
        "dmean2": 0.024114433676,
        "dvar": 0.000203044139198,
        "dvar2": 0.000452305102954,
        "max": 0.2761901021,
        "mean": 0.131120458245,
        "median": 0.130072891712,
        "min": 0.0532387755811,
        "var": 0.00127253541723
    },
    "erbbands_kurtosis": {
        "dmean": 1.16773617268,
        "dmean2": 1.86561596394,
        "dvar": 1.94673371315,
        "dvar2": 4.82524442673,
        "max": 19.527885437,
        "mean": 1.39729547501,
        "median": 0.694914340973,
        "min": -1.56816577911,
        "var": 5.86838340759
    },
    "erbbands_skewness": {
        "dmean": 0.356170713902,
        "dmean2": 0.535587012768,
        "dvar": 0.0942270755768,
        "dvar2": 0.220486998558,
        "max": 3.18844485283,
        "mean": 0.213648796082,
        "median": 0.21076887846,
        "min": -3.41967463493,
        "var": 0.697270691395
    },
    "erbbands_spread": {
        "dmean": 8.05591011047,
        "dmean2": 12.2553195953,
        "dvar": 71.7252044678,
        "dvar2": 150.607437134,
        "max": 106.701965332,
        "mean": 34.4368515015,
        "median": 29.1540374756,
        "min": 5.09617567062,
        "var": 369.52734375
    },
    "hfc": {
        "dmean": 8.69942760468,
        "dmean2": 14.0075950623,
        "dvar": 98.6132965088,
        "dvar2": 245.551071167,
        "max": 100.623344421,
        "mean": 35.2422981262,
        "median": 31.7370071411,
        "min": 2.85407233238,
        "var": 255.53314209
    },
    "melbands_crest": {
        "dmean": 3.4934322834,
        "dmean2": 5.7738609314,
        "dvar": 9.85242462158,
        "dvar2": 26.0428333282,
        "max": 29.2101554871,
        "mean": 13.8820047379,
        "median": 13.4578399658,
        "min": 4.25427675247,
        "var": 23.305267334
    },
    "melbands_flatness_db": {
        "dmean": 0.0244890432805,
        "dmean2": 0.0396123304963,
        "dvar": 0.000522909220308,
        "dvar2": 0.00141736562364,
        "max": 0.396318376064,
        "mean": 0.163901299238,
        "median": 0.159283846617,
        "min": 0.0693947896361,
        "var": 0.00174576428253
    },
    "melbands_kurtosis": {
        "dmean": 4.76776885986,
        "dmean2": 7.65187549591,
        "dvar": 134.766448975,
        "dvar2": 338.977355957,
        "max": 272.230682373,
        "mean": 7.15733909607,
        "median": 3.33299303055,
        "min": -1.44645702839,
        "var": 183.412887573
    },
    "melbands_skewness": {
        "dmean": 0.682562291622,
        "dmean2": 1.08427083492,
        "dvar": 0.61791229248,
        "dvar2": 1.47069752216,
        "max": 12.9994029999,
        "mean": 2.04101514816,
        "median": 1.7581577301,
        "min": -0.535614550114,
        "var": 1.95520031452
    },
    "melbands_spread": {
        "dmean": 7.84379816055,
        "dmean2": 12.5011434555,
        "dvar": 60.15102005,
        "dvar2": 149.264602661,
        "max": 84.5849914551,
        "mean": 31.9356880188,
        "median": 29.5113964081,
        "min": 1.0404740572,
        "var": 196.047897339
    },
    "pitch_salience": {
        "dmean": 0.0719254687428,
        "dmean2": 0.120548345149,
        "dvar": 0.00407387502491,
        "dvar2": 0.0107144899666,
        "max": 0.773373484612,
        "mean": 0.519961595535,
        "median": 0.517692685127,
        "min": 0.168980523944,
        "var": 0.00998642388731
    },
    "silence_rate_20dB": {
        "dmean": 0,
        "dmean2": 0,
        "dvar": 0,
        "dvar2": 0,
        "max": 1,
        "mean": 1,
        "median": 1,
        "min": 1,
        "var": 0
    },
    "silence_rate_30dB": {
        "dmean": 0.00154798757285,
        "dmean2": 0.00309837330133,
        "dvar": 0.00154558720533,
        "dvar2": 0.00308875204064,
        "max": 1,
        "mean": 0.998453199863,
        "median": 1,
        "min": 0,
        "var": 0.00154439499602
    },
    "silence_rate_60dB": {
        "dmean": 0,
        "dmean2": 0,
        "dvar": 0,
        "dvar2": 0,
        "max": 0,
        "mean": 0,
        "median": 0,
        "min": 0,
        "var": 0
    },
    "spectral_centroid": {
        "dmean": 232.679138184,
        "dmean2": 374.496459961,
        "dvar": 53289.0039062,
        "dvar2": 135703.296875,
        "max": 3398.37597656,
        "mean": 1554.8972168,
        "median": 1495.11120605,
        "min": 330.212646484,
        "var": 181726.84375
    },
    "spectral_complexity": {
        "dmean": 4.49922609329,
        "dmean2": 7.38497304916,
        "dvar": 21.9496116638,
        "dvar2": 53.6248779297,
        "max": 54,
        "mean": 25.3789634705,
        "median": 24,
        "min": 2,
        "var": 54.6546974182
    },
    "spectral_decrease": {
        "dmean": 3.01049252194e-09,
        "dmean2": 4.88101825624e-09,
        "dvar": 1.39574204854e-17,
        "dvar2": 3.48110126504e-17,
        "max": -2.09801975792e-09,
        "mean": -9.52296019818e-09,
        "median": -8.5940028427e-09,
        "min": -3.28397540272e-08,
        "var": 2.06626606817e-17
    },
    "spectral_energy": {
        "dmean": 0.0117627326399,
        "dmean2": 0.0190865006298,
        "dvar": 0.000207777935429,
        "dvar2": 0.000515649968293,
        "max": 0.130771517754,
        "mean": 0.0391384735703,
        "median": 0.035416431725,
        "min": 0.00981993973255,
        "var": 0.000313257361995
    },
    "spectral_energyband_high": {
        "dmean": 0.000563137873542,
        "dmean2": 0.000903597450815,
        "dvar": 9.71441068032e-07,
        "dvar2": 2.3136967684e-06,
        "max": 0.0112465182319,
        "mean": 0.00144977483433,
        "median": 0.000974284019321,
        "min": 2.7551799576e-05,
        "var": 2.27973191613e-06
    },
    "spectral_energyband_low": {
        "dmean": 0.00902100931853,
        "dmean2": 0.0149754565209,
        "dvar": 0.000188194855582,
        "dvar2": 0.000482275208924,
        "max": 0.105374932289,
        "mean": 0.0165032781661,
        "median": 0.0121933305636,
        "min": 0.000769923091866,
        "var": 0.000213806313695
    },
    "spectral_energyband_middle_high": {
        "dmean": 0.00350356218405,
        "dmean2": 0.00551339238882,
        "dvar": 1.58681959874e-05,
        "dvar2": 4.00337994506e-05,
        "max": 0.0600965470076,
        "mean": 0.0113577470183,
        "median": 0.00993422139436,
        "min": 0.000168717611814,
        "var": 5.84611916565e-05
    },
    "spectral_energyband_middle_low": {
        "dmean": 0.00459292298183,
        "dmean2": 0.00736809521914,
        "dvar": 2.7582525945e-05,
        "dvar2": 7.17275470379e-05,
        "max": 0.0506595820189,
        "mean": 0.0117368781939,
        "median": 0.00942274369299,
        "min": 0.000609786598943,
        "var": 5.56085760763e-05
    },
    "spectral_entropy": {
        "dmean": 0.124659664929,
        "dmean2": 0.193485334516,
        "dvar": 0.0161895696074,
        "dvar2": 0.038735896349,
        "max": 8.75015258789,
        "mean": 7.84215927124,
        "median": 7.8386092186,
        "min": 6.52830934525,
        "var": 0.083889208734
    },
    "spectral_flux": {
        "dmean": 0.0273907165974,
        "dmean2": 0.0419185347855,
        "dvar": 0.000812898098957,
        "dvar2": 0.00144408666529,
        "max": 0.272880673409,
        "mean": 0.109841175377,
        "median": 0.100805193186,
        "min": 0.0292624570429,
        "var": 0.00190031481907
    },
    "spectral_kurtosis": {
        "dmean": 0.899827778339,
        "dmean2": 1.45569932461,
        "dvar": 0.808371722698,
        "dvar2": 2.12309932709,
        "max": 12.2617254257,
        "mean": 3.65962481499,
        "median": 3.68049192429,
        "min": -0.748655080795,
        "var": 2.74219179153
    },
    "spectral_rms": {
        "dmean": 0.000872811011504,
        "dmean2": 0.001395534724,
        "dvar": 8.62877868713e-07,
        "dvar2": 2.08956817005e-06,
        "max": 0.011295218952,
        "mean": 0.00604269048199,
        "median": 0.00587814720348,
        "min": 0.00309522682801,
        "var": 1.66970710325e-06
    },
    "spectral_rolloff": {
        "dmean": 535.114135742,
        "dmean2": 879.076171875,
        "dvar": 927822.6875,
        "dvar2": 1934224.375,
        "max": 9388.4765625,
        "mean": 1827.93884277,
        "median": 1442.72460938,
        "min": 107.666015625,
        "var": 2023470.875
    },
    "spectral_skewness": {
        "dmean": 0.160851627588,
        "dmean2": 0.255464524031,
        "dvar": 0.0237640142441,
        "dvar2": 0.0543937012553,
        "max": 2.66005420685,
        "mean": 1.54858052731,
        "median": 1.59889733791,
        "min": 0.434298723936,
        "var": 0.0972907319665
    },
    "spectral_spread": {
        "dmean": 532864.875,
        "dmean2": 772118,
        "dvar": 425317793792,
        "dvar2": 699039678464,
        "max": 14341222,
        "mean": 5398513.5,
        "median": 5177958.5,
        "min": 2778929.75,
        "var": 1.93705056666e+12
    },
    "spectral_strongpeak": {
        "dmean": 0.908957362175,
        "dmean2": 1.61430037022,
        "dvar": 2.38823366165,
        "dvar2": 6.27354335785,
        "max": 11.073220253,
        "mean": 1.2327504158,
        "median": 0.424606025219,
        "min": 0.051126152277,
        "var": 3.12923622131
    },
    "zerocrossingrate": {
        "dmean": 0.0105876158923,
        "dmean2": 0.0128518957645,
        "dvar": 0.000132036642754,
        "dvar2": 0.000174566521309,
        "max": 0.2177734375,
        "mean": 0.0751469731331,
        "median": 0.0693359375,
        "min": 0.00927734375,
        "var": 0.00082847266458
    },
    "barkbands": {
        "dmean": [0.000232640042668, 0.00615926692262, 0.00417113211006, 0.00179819902405, 0.00133343820926, 0.000767534656916, 0.000661439727992, 0.00119107041974, 0.00109695096035, 0.00164924038108, 0.000741425086744, 0.000998813542537, 0.000730501837097, 0.000717576069292, 0.000521200126968, 0.000554291298613, 0.000705844082404, 0.00035113535705, 0.000192461142433, 0.000131436419906, 0.000125992562971, 0.000144616613397, 0.000126716549858, 0.000103047459561, 0.000100096403912, 6.9915142376e-05, 2.35264590032e-08],
        "dmean2": [0.000371736590751, 0.0101725235581, 0.00738352537155, 0.00313638802618, 0.00221983785741, 0.00120877323207, 0.00101882498711, 0.00179746130016, 0.00174333935138, 0.00255378615111, 0.00119997106958, 0.00163470336702, 0.001179339597, 0.00115582975559, 0.000860232627019, 0.00087216834072, 0.00110990589019, 0.000568150309846, 0.000325348024489, 0.000224851290113, 0.000224348026677, 0.00024465561728, 0.000198943060241, 0.000164152181242, 0.000155256406288, 0.000109810753202, 3.94950809834e-08],
        "dvar": [1.65086589732e-07, 6.31902075838e-05, 8.71630982147e-05, 1.04830032797e-05, 4.03123249271e-06, 1.74115814389e-06, 2.3456125291e-06, 5.08301172886e-06, 4.88118575959e-06, 1.01884979813e-05, 2.53748271462e-06, 4.45534806204e-06, 1.86692943771e-06, 1.81848031389e-06, 1.21128607589e-06, 1.43432430377e-06, 1.83639895113e-06, 4.7183738161e-07, 8.64676366064e-08, 4.56310402797e-08, 6.16738233816e-08, 6.04474905685e-08, 5.59838646552e-08, 4.58494398003e-08, 2.86021606399e-08, 1.47314738186e-08, 2.72391277692e-14],
        "dvar2": [3.70577055264e-07, 0.000178723072167, 0.000242978916503, 2.84172438114e-05, 1.00143361124e-05, 3.66287508768e-06, 5.80610367251e-06, 1.22272049339e-05, 1.18147854664e-05, 2.34802282648e-05, 6.51779555483e-06, 1.1542939319e-05, 4.3945874495e-06, 4.44155193691e-06, 3.29105978381e-06, 3.69974122805e-06, 4.43496537628e-06, 1.15115244625e-06, 2.34829357737e-07, 1.2531683069e-07, 1.76250480877e-07, 1.5954962862e-07, 1.23553064668e-07, 9.54673922138e-08, 6.07391328344e-08, 3.08652978731e-08, 3.57164317111e-14],
        "max": [0.00287955300882, 0.0669485777617, 0.0689163058996, 0.0255932360888, 0.0231874231249, 0.01936141029, 0.0209675803781, 0.0302356779575, 0.0379271022975, 0.0497627928853, 0.0221835188568, 0.0332173854113, 0.0262391231954, 0.0213043056428, 0.0130291320384, 0.0147410724312, 0.0176960397512, 0.00911503378302, 0.0046894531697, 0.00244219182059, 0.00231013842858, 0.00267645134591, 0.00310322572477, 0.00330675998703, 0.00226406077854, 0.00258981320076, 5.28800046595e-06],
        "mean": [0.000268541800324, 0.0103221544996, 0.0048722345382, 0.00186391233001, 0.00234754313715, 0.00129748741165, 0.000961488112807, 0.00199894816615, 0.001708472264, 0.00308530475013, 0.000992114655674, 0.00157659011893, 0.00119249639101, 0.00106400763616, 0.000776262197178, 0.00086621340597, 0.00140099611599, 0.000595475314185, 0.000357549957698, 0.000237584943534, 0.00022093381267, 0.000280526001006, 0.00026102332049, 0.000228344055358, 0.000220400383114, 0.000141827695188, 1.67245524096e-08],
        "median": [0.000108272652142, 0.00745079154149, 0.00261754938401, 0.000839474843815, 0.00168854929507, 0.000839733635075, 0.000492839608341, 0.000986468046904, 0.000821008696221, 0.000965533370618, 0.000467645499157, 0.000678997021168, 0.000521505193319, 0.000511777878273, 0.000349409587216, 0.000296681158943, 0.000413830624893, 0.000317191064823, 0.000268480536761, 0.000177945956239, 0.000158077527885, 0.000175796420081, 0.00012475613039, 0.000132796165417, 0.000147884042235, 9.964840865e-05, 8.5040707809e-10],
        "min": [2.80621208049e-07, 7.01698445482e-05, 1.91230865312e-05, 6.86318799126e-06, 3.33070238412e-05, 1.35023083203e-05, 4.79356594951e-06, 5.98320548306e-06, 1.94749009097e-06, 3.97305620936e-06, 5.12822725796e-06, 5.68785890209e-06, 8.82293625182e-06, 4.47163210993e-06, 1.17835188576e-05, 1.29039926833e-05, 1.34423771669e-05, 1.89383663383e-05, 8.34011552797e-06, 3.54729149876e-06, 1.95650363821e-06, 7.47656577005e-06, 1.61966056567e-06, 1.56597491241e-06, 4.59308978407e-07, 4.35359737594e-07, 1.23540171149e-11],
        "var": [1.99549049285e-07, 8.41351575218e-05, 6.16844263277e-05, 8.89255079528e-06, 5.81058066018e-06, 3.05581988869e-06, 3.17870217259e-06, 9.31735212362e-06, 8.70843359735e-06, 3.36787779815e-05, 3.30004240823e-06, 7.18797991794e-06, 4.94277037433e-06, 2.80742801806e-06, 1.5344850226e-06, 2.44970033236e-06, 6.80630364513e-06, 8.89704438123e-07, 1.04321621563e-07, 4.57185223013e-08, 5.16955651619e-08, 9.44307103623e-08, 1.69027103425e-07, 1.15395316413e-07, 7.93065737525e-08, 3.62175924806e-08, 2.56168072594e-14]
    },
    "erbbands": {
        "dmean": [0.165933802724, 1.51044178009, 4.5520195961, 5.35489034653, 4.87380743027, 4.55147123337, 6.43885469437, 6.03348445892, 9.42905521393, 12.8559799194, 26.749168396, 27.4452934265, 39.9181251526, 39.1916732788, 30.6597366333, 45.0829124451, 33.5576095581, 36.7522506714, 27.7291927338, 26.6585388184, 32.4870491028, 28.3841247559, 21.3642749786, 9.89255332947, 8.97923088074, 6.24919033051, 4.56027173996, 5.40079212189, 5.41606378555, 4.64979743958, 3.28552174568, 2.12921714783, 1.91606020927, 1.26333045959, 0.72238779068, 0.361172318459, 0.138684287667, 0.0116048622876, 0.000205118500162, 1.94350977836e-05],
        "dmean2": [0.27161321044, 2.49644136429, 8.03212165833, 9.43779659271, 8.01145267487, 7.68711042404, 9.9189825058, 9.50090789795, 14.4008712769, 20.0096664429, 41.5437431335, 43.5435409546, 63.0157470703, 62.4060096741, 50.1217269897, 74.0628051758, 54.1229362488, 58.7686271667, 44.277431488, 43.151473999, 52.4079017639, 43.8218193054, 34.734828949, 16.5964450836, 15.2780189514, 10.7673940659, 8.0428571701, 9.57957649231, 9.21162223816, 7.46219539642, 5.1798787117, 3.40203785896, 3.0216448307, 1.97026717663, 1.15546393394, 0.56881582737, 0.220063060522, 0.0188692621887, 0.000329943897668, 3.08530470647e-05],
        "dvar": [0.051992174238, 4.15119695663, 96.5106124878, 107.286132812, 81.2901306152, 42.5472221375, 101.823661804, 138.6796875, 473.81161499, 528.805541992, 3043.49169922, 2889.10205078, 7871.03710938, 7837.54638672, 2904.05541992, 10601.3564453, 4108.77929688, 4552.38232422, 2316.34033203, 4449.31689453, 4384.87548828, 2372.5300293, 1479.3861084, 199.086196899, 250.372634888, 114.532897949, 72.0545425415, 116.231193542, 83.5692749023, 71.0901107788, 39.8769226074, 15.9136362076, 17.0660457611, 5.09612846375, 1.37302482128, 0.41535949707, 0.0524171479046, 0.000308885442792, 9.58640100635e-08, 5.17039910886e-10],
        "dvar2": [0.139806598425, 11.2753925323, 265.804473877, 297.967834473, 203.219009399, 107.737930298, 236.965316772, 313.381866455, 1125.69641113, 1212.91552734, 7325.04101562, 7512.56005859, 17459.3828125, 19373.8535156, 7936.67138672, 28068.8359375, 9594.58984375, 11140.6044922, 5765.63916016, 11794.6699219, 11770.1923828, 5437.46533203, 3753.79174805, 539.255737305, 690.909484863, 318.100097656, 205.17805481, 331.989715576, 224.004592896, 168.476608276, 87.1001434326, 35.2000007629, 34.7309951782, 10.7338018417, 3.14642095566, 0.921302676201, 0.108139842749, 0.000709892541636, 2.11747348544e-07, 1.20457499531e-09],
        "max": [1.81766974926, 16.1794090271, 81.8286972046, 76.3476028442, 98.9578170776, 75.2696685791, 137.462234497, 223.530670166, 323.834381104, 386.501678467, 843.520568848, 867.72845459, 1740.63146973, 1908.37731934, 865.202941895, 1704.28564453, 1273.83178711, 1104.81433105, 586.112243652, 1037.29040527, 763.284301758, 754.045593262, 538.646606445, 208.358352661, 264.269897461, 136.487213135, 82.5619125366, 98.4033966064, 86.2522277832, 129.186248779, 84.12134552, 48.7533302307, 61.6780738831, 29.7980690002, 22.3682613373, 12.9751491547, 4.6271739006, 0.329315245152, 0.00573586206883, 0.000354376126779],
        "mean": [0.24332870543, 2.46275925636, 6.17710542679, 5.86327886581, 6.05183839798, 8.12579441071, 11.6373252869, 9.57711982727, 14.0125303268, 22.4998054504, 44.9288063049, 45.4604263306, 85.9634857178, 65.6807937622, 50.8707695007, 72.5538787842, 59.8864784241, 57.4551620483, 44.9288101196, 43.6996498108, 58.6228599548, 61.2906265259, 40.6656646729, 19.6246566772, 16.3361625671, 11.4494256973, 8.53114700317, 9.36155891418, 10.1028242111, 9.24678230286, 6.87985944748, 4.56566143036, 4.0075044632, 2.66893649101, 1.47414159775, 0.701568126678, 0.258621662855, 0.0183005090803, 0.000379830162274, 6.77823627484e-05],
        "median": [0.142506301403, 1.72874557972, 3.61598920822, 3.0315246582, 3.11443448067, 5.75109386444, 7.81131601334, 5.86495542526, 7.19557523727, 11.6024093628, 21.6619796753, 24.206703186, 25.124206543, 24.5179595947, 29.9613113403, 33.6880302429, 29.5240402222, 30.7971477509, 24.102930069, 19.772403717, 16.8543682098, 21.8183612823, 21.2722644806, 14.1295576096, 12.1566085815, 8.75701522827, 6.45911979675, 6.2570476532, 6.43406295776, 4.72942829132, 3.28195285797, 2.6679725647, 2.33438014984, 1.74159872532, 1.01954770088, 0.478520840406, 0.181226626039, 0.0127637330443, 0.000275598955341, 5.99296836299e-05],
        "min": [0.00342401117086, 0.0247955527157, 0.0983740836382, 0.124064296484, 0.206439226866, 0.124842301011, 0.225686848164, 0.221172377467, 0.161607086658, 0.124014548957, 0.223355606198, 0.0629797279835, 0.0902245417237, 0.251587510109, 0.290417641401, 0.268672704697, 0.509059906006, 0.325804203749, 0.484652429819, 0.747361242771, 0.627851366997, 1.35924553871, 1.10456252098, 0.66739910841, 0.401481956244, 0.15391536057, 0.0675655454397, 0.0986446291208, 0.281721413136, 0.198747232556, 0.0345044434071, 0.0338513106108, 0.0202921647578, 0.00741074513644, 0.00470279483125, 0.00379795092158, 0.000277447979897, 3.92666588596e-05, 1.04198161353e-05, 1.67916550708e-05],
        "var": [0.0736346393824, 5.26494789124, 73.5556640625, 80.4375076294, 87.3798370361, 64.9307632446, 176.09854126, 218.424301147, 659.299133301, 1196.45117188, 5210.16601562, 4654.44726562, 38096.609375, 15237.7773438, 4924.11035156, 15772.8710938, 11621.9980469, 7017.47167969, 3678.54882812, 5747.39501953, 9767.08007812, 9813.46191406, 3401.3137207, 342.247741699, 242.621612549, 107.840957642, 64.4068222046, 99.9927215576, 118.690940857, 174.090667725, 118.454704285, 41.9609184265, 40.2822494507, 12.9440069199, 3.68471717834, 0.974342107773, 0.127253383398, 0.000588461232837, 2.09090117664e-07, 1.06848019321e-09]
    },
    "gfcc": {
        "mean": [65.736328125, 72.0050582886, -109.452674866, 29.2208881378, -51.4240150452, 31.3720703125, -35.6587982178, 22.2309379578, -26.5396003723, 8.77940750122, -21.2113742828, 6.94100761414, -15.6636562347],
        "cov": [[620.477539062, -207.378723145, -12.3071937561, 4.33688306808, -59.0034713745, 15.6121530533, -73.3799057007, -33.0636787415, -36.3448066711, 7.07204723358, -56.6501846313, 5.14452123642, -44.9655914307], [-207.378723145, 386.202331543, -159.045776367, -84.1650924683, 75.9160614014, -24.1187572479, 104.391868591, 21.4671230316, 11.0206489563, -13.2076816559, 47.0815200806, -25.4517002106, 37.1518516541], [-12.3071937561, -159.045776367, 337.738098145, 70.1365890503, -64.2931747437, 30.7456169128, -30.5490436554, -9.09488010406, -20.8069877625, 39.9378128052, -9.66367530823, -13.2641649246, -40.5665779114], [4.33688306808, -84.1650924683, 70.1365890503, 225.522613525, 36.0264625549, -23.0573043823, -68.6693496704, -7.17034959793, 52.9282951355, -34.5624885559, -18.6540489197, 5.88389825821, 5.24932384491], [-59.0034713745, 75.9160614014, -64.2931747437, 36.0264625549, 148.40461731, -11.7532663345, -9.28409385681, 23.5925483704, 36.208568573, -16.5148963928, -13.3798446655, 2.83918333054, 23.7253494263], [15.6121530533, -24.1187572479, 30.7456169128, -23.0573043823, -11.7532663345, 131.203430176, 76.7669525146, -15.8885755539, -29.1876907349, 7.0355796814, 14.5022096634, -19.5071239471, -8.20172786713], [-73.3799057007, 104.391868591, -30.5490436554, -68.6693496704, -9.28409385681, 76.7669525146, 183.307922363, 26.399646759, -43.2233200073, -7.47025203705, 34.0243186951, -19.9379520416, -6.17967653275], [-33.0636787415, 21.4671230316, -9.09488010406, -7.17034959793, 23.5925483704, -15.8885755539, 26.399646759, 81.3603134155, 36.3984336853, -12.1044454575, -4.91248369217, 0.349678426981, 8.66784000397], [-36.3448066711, 11.0206489563, -20.8069877625, 52.9282951355, 36.208568573, -29.1876907349, -43.2233200073, 36.3984336853, 106.720428467, 5.25383043289, -16.5004768372, 3.54306387901, 17.6356220245], [7.07204723358, -13.2076816559, 39.9378128052, -34.5624885559, -16.5148963928, 7.0355796814, -7.47025203705, -12.1044454575, 5.25383043289, 75.0699615479, 26.4018478394, -3.78519630432, -7.71350717545], [-56.6501846313, 47.0815200806, -9.66367530823, -18.6540489197, -13.3798446655, 14.5022096634, 34.0243186951, -4.91248369217, -16.5004768372, 26.4018478394, 78.0063095093, 22.063659668, -0.118041522801], [5.14452123642, -25.4517002106, -13.2641649246, 5.88389825821, 2.83918333054, -19.5071239471, -19.9379520416, 0.349678426981, 3.54306387901, -3.78519630432, 22.063659668, 63.0150566101, 23.2088413239], [-44.9655914307, 37.1518516541, -40.5665779114, 5.24932384491, 23.7253494263, -8.20172786713, -6.17967653275, 8.66784000397, 17.6356220245, -7.71350717545, -0.118041522801, 23.2088413239, 63.1418952942]],
        "icov": [[0.00265408447012, 0.000351463386323, 0.00164477806538, -0.00103404093534, 0.00117767602205, -0.00155687867664, 0.00130205159076, -0.00136989762541, 0.00219307886437, -0.00243200454861, 0.00338482577354, -0.00206887116656, 0.0023538491223], [0.000351463386323, 0.00840077362955, 6.48290688332e-06, 0.00410386873409, -0.00420725718141, 0.00609549507499, -0.00512090697885, 0.00519107095897, -0.00452511012554, 0.0053437249735, -0.00840476062149, 0.00885204784572, -0.00522354664281], [0.00164477806538, 6.48290688332e-06, 0.0064102509059, -0.00415414851159, 0.00296197831631, -0.00315660214983, 0.00206686370075, -0.00445169815794, 0.00495871948078, -0.00691952323541, 0.00504756066948, -0.00264036562294, 0.00367130781524], [-0.00103404093534, 0.00410386873409, -0.00415414851159, 0.0112763447687, -0.00477998331189, 0.00448317546397, -0.00181508308742, 0.00756304897368, -0.00918461475521, 0.0115893445909, -0.00921354815364, 0.00675534969196, -0.00411408720538], [0.00117767602205, -0.00420725718141, 0.00296197831631, -0.00477998331189, 0.0116536710411, -0.00478268787265, 0.003675209824, -0.0060034240596, 0.00327623193152, -0.00513239949942, 0.00751567492262, -0.00550372619182, 0.00229326309636], [-0.00155687867664, 0.00609549507499, -0.00315660214983, 0.00448317546397, -0.00478268787265, 0.0179237592965, -0.0106996847317, 0.00998345110565, -0.00621020747349, 0.00633741728961, -0.00936767365783, 0.010300533846, -0.00668327324092], [0.00130205159076, -0.00512090697885, 0.00206686370075, -0.00181508308742, 0.003675209824, -0.0106996847317, 0.0160160660744, -0.0106528410688, 0.00806053075939, -0.00228269095533, 0.00209194305353, -0.00278152315877, 0.00417432468385], [-0.00136989762541, 0.00519107095897, -0.00445169815794, 0.00756304897368, -0.0060034240596, 0.00998345110565, -0.0106528410688, 0.0263501703739, -0.0154031803831, 0.0117489192635, -0.00868686567992, 0.00704667344689, -0.0054949731566], [0.00219307886437, -0.00452511012554, 0.00495871948078, -0.00918461475521, 0.00327623193152, -0.00621020747349, 0.00806053075939, -0.0154031803831, 0.0240433644503, -0.0141218388453, 0.0118432696909, -0.00707263033837, 0.00322063779458], [-0.00243200454861, 0.0053437249735, -0.00691952323541, 0.0115893445909, -0.00513239949942, 0.00633741728961, -0.00228269095533, 0.0117489192635, -0.0141218388453, 0.0318626612425, -0.02107065171, 0.0137499170378, -0.00662647606805], [0.00338482577354, -0.00840476062149, 0.00504756066948, -0.00921354815364, 0.00751567492262, -0.00936767365783, 0.00209194305353, -0.00868686567992, 0.0118432696909, -0.02107065171, 0.0365671850741, -0.0232268404216, 0.0114449132234], [-0.00206887116656, 0.00885204784572, -0.00264036562294, 0.00675534969196, -0.00550372619182, 0.010300533846, -0.00278152315877, 0.00704667344689, -0.00707263033837, 0.0137499170378, -0.0232268404216, 0.0363914594054, -0.0165378786623], [0.0023538491223, -0.00522354664281, 0.00367130781524, -0.00411408720538, 0.00229326309636, -0.00668327324092, 0.00417432468385, -0.0054949731566, 0.00322063779458, -0.00662647606805, 0.0114449132234, -0.0165378786623, 0.02711199224]]
    },
    "melbands": {
        "dmean": [0.00157252827194, 0.00212663831189, 0.000926975510083, 0.000313261902193, 0.000214170300751, 0.00013754615793, 0.000141964497743, 0.000161673568073, 0.000228435150348, 0.00016320940631, 0.000203953604796, 0.000167011050507, 9.95832378976e-05, 0.000116004986921, 9.45039573708e-05, 6.59193756292e-05, 7.54280918045e-05, 4.82695613755e-05, 3.42099556292e-05, 4.15519534727e-05, 4.67205063615e-05, 3.70833913621e-05, 3.49149013346e-05, 1.17154049804e-05, 8.55625330587e-06, 7.40951736589e-06, 6.01321880822e-06, 3.9321607801e-06, 2.77822618955e-06, 3.31385831487e-06, 3.37155529451e-06, 3.31422825184e-06, 2.90851744467e-06, 2.78476613857e-06, 2.1224198008e-06, 1.53318831053e-06, 1.4327356439e-06, 1.4642549786e-06, 1.36938217565e-06, 1.11061376629e-06],
        "dmean2": [0.00259203091264, 0.0035915072076, 0.00161173543893, 0.000521256355569, 0.000338721001754, 0.000215120962821, 0.000216337153688, 0.000248750206083, 0.000356825301424, 0.000256955303485, 0.000320986582665, 0.000265374430455, 0.000162233249284, 0.000189334299648, 0.00015591517149, 0.000106980827695, 0.00011975524103, 7.71949999034e-05, 5.62160894333e-05, 6.457890413e-05, 7.59142058087e-05, 5.82552056585e-05, 5.64951551496e-05, 1.9473822249e-05, 1.45666945173e-05, 1.25597798615e-05, 1.01770374386e-05, 6.8273297984e-06, 4.86311091663e-06, 5.89541832596e-06, 5.92691276324e-06, 5.62546983929e-06, 4.91646096634e-06, 4.45478553956e-06, 3.39859298037e-06, 2.49635650107e-06, 2.34179515246e-06, 2.30366117648e-06, 2.16941339204e-06, 1.78561458597e-06],
        "dvar": [4.20031710746e-06, 1.55772668222e-05, 2.87777993435e-06, 2.56906901086e-07, 9.58428643116e-08, 6.56807372934e-08, 1.04493544484e-07, 8.66464162641e-08, 2.04675160376e-07, 1.1212858908e-07, 2.04960386441e-07, 1.48669542455e-07, 4.02572091218e-08, 5.25956664887e-08, 3.01558173987e-08, 1.37193287841e-08, 2.10001687151e-08, 7.09801284415e-09, 5.66114533029e-09, 8.349707592e-09, 1.02231600962e-08, 4.94951368779e-09, 4.843258683e-09, 2.86334039812e-10, 1.59696270097e-10, 1.76774414551e-10, 9.19243639541e-11, 4.84594100958e-11, 2.22679270856e-11, 4.02125624466e-11, 4.33044398951e-11, 3.17000627137e-11, 2.4674269572e-11, 2.59026567556e-11, 1.62629128914e-11, 8.79574885149e-12, 7.68605231544e-12, 1.07348140793e-11, 7.49506186282e-12, 3.4495663704e-12],
        "dvar2": [1.20823651741e-05, 4.14874339185e-05, 7.84227995609e-06, 6.27160375188e-07, 2.27417089604e-07, 1.41813430332e-07, 2.50542399272e-07, 2.01556716206e-07, 5.02024533944e-07, 2.78752622762e-07, 4.5610030952e-07, 3.65963103377e-07, 1.07163785401e-07, 1.33824457293e-07, 7.84568001677e-08, 3.20118473951e-08, 5.18242408987e-08, 1.71332974475e-08, 1.519083348e-08, 2.05714965062e-08, 2.77107261581e-08, 1.18215730538e-08, 1.21253647123e-08, 7.69029562253e-10, 4.33603014605e-10, 4.84601636597e-10, 2.4801968812e-10, 1.36366459791e-10, 6.24207144306e-11, 1.14910740645e-10, 1.24412868896e-10, 8.63650470584e-11, 6.41473194007e-11, 6.02802391336e-11, 3.45910036725e-11, 2.17941342057e-11, 1.75066974806e-11, 2.3479421532e-11, 1.61982267877e-11, 7.51210465361e-12],
        "max": [0.0165732372552, 0.032988935709, 0.0126012731344, 0.00574233010411, 0.00393902370706, 0.00450395373628, 0.00469751376659, 0.00500481482595, 0.00680614449084, 0.00646722503006, 0.00896874256432, 0.00824800599366, 0.00324674649164, 0.00338493613526, 0.00245383544825, 0.00164173392113, 0.00253960094415, 0.000977717805654, 0.000896028650459, 0.00114152592141, 0.00123891560361, 0.000794465828221, 0.00107059034053, 0.00025026264484, 0.000184479649761, 0.000239207438426, 0.000126433034893, 9.21228711377e-05, 4.98823028465e-05, 5.97705693508e-05, 6.20235296083e-05, 5.56662016606e-05, 6.72107344144e-05, 7.2550472396e-05, 4.70697304991e-05, 4.57434216514e-05, 3.87071195291e-05, 4.96528446092e-05, 4.41407210019e-05, 2.32891270571e-05],
        "mean": [0.00252021080814, 0.00336726917885, 0.00104823429137, 0.000498624751344, 0.00040877860738, 0.000221690905164, 0.000209570804145, 0.000278473453363, 0.000374369410565, 0.000267751107458, 0.000425557896961, 0.000266426708549, 0.000147521845065, 0.000189693513676, 0.000158459253726, 0.000105984028778, 0.000110505985504, 7.24658020772e-05, 5.20958237757e-05, 6.50119109196e-05, 7.66722077969e-05, 6.90187443979e-05, 5.87000431551e-05, 2.12939739868e-05, 1.50836194734e-05, 1.23561585497e-05, 1.03251459223e-05, 6.75892033541e-06, 5.02747934661e-06, 5.33056254426e-06, 5.50758659301e-06, 5.84543113291e-06, 5.16655427418e-06, 5.26193935002e-06, 4.2684168875e-06, 2.8898518849e-06, 2.7875860269e-06, 2.8267027119e-06, 2.61501372734e-06, 2.14900319406e-06],
        "median": [0.00173338339664, 0.00217126682401, 0.000569200958125, 0.00033243332291, 0.000303826032905, 0.000135083464556, 0.000105032951979, 0.000137557202834, 0.000190873644897, 0.000128730054712, 0.00011563955195, 8.79060607986e-05, 7.77788809501e-05, 9.21782120713e-05, 8.35115934024e-05, 4.82178511447e-05, 5.24776514794e-05, 3.78623408324e-05, 2.44047932938e-05, 2.37130952883e-05, 1.87474561244e-05, 2.04418429348e-05, 2.41854249907e-05, 1.35592435981e-05, 1.06455172499e-05, 8.62103843247e-06, 7.69390862843e-06, 4.93844663652e-06, 3.73967145606e-06, 3.7250299556e-06, 3.5176997244e-06, 3.69312556359e-06, 3.01431418848e-06, 2.47922048402e-06, 1.91212893697e-06, 1.54222948368e-06, 1.63521019658e-06, 1.54710949118e-06, 1.59363878538e-06, 1.38221878387e-06],
        "min": [2.66054066742e-05, 8.64847825142e-05, 2.51527544606e-05, 1.10968185254e-05, 5.8569335124e-06, 2.39787914325e-06, 2.52684458246e-06, 1.04519983779e-06, 1.37161134717e-06, 3.45372228594e-07, 3.66531764939e-07, 4.23310552833e-07, 7.92870537225e-07, 5.61032265978e-07, 5.24104393662e-07, 9.21648791063e-07, 5.53367783596e-07, 2.02018270556e-07, 4.50657239526e-07, 6.10428855907e-07, 4.38362008026e-07, 1.0376153341e-06, 1.14998317713e-06, 8.33376134324e-07, 5.12553413046e-07, 3.21380184687e-07, 2.01640659725e-07, 2.98463866955e-08, 4.18849630535e-08, 4.69830290228e-08, 4.73464147888e-08, 1.20412408933e-07, 9.93205304667e-08, 4.38788276824e-08, 1.34005411212e-08, 9.00205332499e-09, 2.43749038731e-08, 6.83993972572e-09, 1.31680177873e-08, 4.13623801876e-09],
