{
"highlevel": {
    "danceability": {
        "all": {
            "danceable": 0.58585447073,
            "not_danceable": 0.41414552927
        },
        "probability": 0.58585447073,
        "value": "danceable"
    },
    "gender": {
        "all": {
            "female": 0.112422943115,
            "male": 0.887577056885
        },
        "probability": 0.887577056885,
        "value": "male"
    },
    "genre_dortmund": {
        "all": {
            "alternative": 0.0839156657457,
            "blues": 0.0233937501907,
            "electronic": 0.127989292145,
            "folkcountry": 0.00644191727042,
            "funksoulrnb": 0.00711357966065,
            "jazz": 0.0126974480227,
            "pop": 0.0196430813521,
            "raphiphop": 0.0132640376687,
            "rock": 0.705541193485
        },
        "probability": 0.705541193485,
        "value": "rock"
    },
    "genre_electronic": {
        "all": {
            "ambient": 0.107559338212,
            "dnb": 0.554033994675,
            "house": 0.00848303828388,
            "techno": 0.0111302547157,
            "trance": 0.318793386221
        },
        "probability": 0.554033994675,
        "value": "dnb"
    },
    "genre_rosamerica": {
        "all": {
            "cla": 7.60257098591e-05,
            "dan": 0.00477501936257,
            "hip": 0.00393796898425,
            "jaz": 0.000829879252706,
            "pop": 0.00714437570423,
            "rhy": 0.000679255463183,
            "roc": 0.982418954372,
            "spe": 0.000138525268994
        },
        "probability": 0.982418954372,
        "value": "roc"
    },
    "genre_tzanetakis": {
        "all": {
            "blu": 0.0626541376114,
            "cla": 0.0348133966327,
            "cou": 0.0783501937985,
            "dis": 0.104547761381,
            "hip": 0.15693578124,
            "jaz": 0.313987255096,
            "met": 0.044816005975,
            "pop": 0.0627349764109,
            "reg": 0.0627352520823,
            "roc": 0.0784252434969
        },
        "probability": 0.313987255096,
        "value": "jaz"
    },
    "ismir04_rhythm": {
        "all": {
            "ChaChaCha": 0.00672732526436,
            "Jive": 0.685477256775,
            "Quickstep": 0.0373682118952,
            "Rumba-American": 0.00289889005944,
            "Rumba-International": 0.00153612007853,
            "Rumba-Misc": 0.000678969721776,
            "Samba": 0.245897114277,
            "Tango": 0.00237624300644,
            "VienneseWaltz": 0.0162891317159,
            "Waltz": 0.000750767241698
        },
        "probability": 0.685477256775,
        "value": "Jive"
    },
    "mood_acoustic": {
        "all": {
            "acoustic": 0.00560298422351,
            "not_acoustic": 0.994397044182
        },
        "probability": 0.994397044182,
        "value": "not_acoustic"
    },
    "mood_aggressive": {
        "all": {
            "aggressive": 0.999547123909,
            "not_aggressive": 0.000452878390206
        },
        "probability": 0.999547123909,
        "value": "aggressive"
    },
    "mood_electronic": {
        "all": {
            "electronic": 0.363033801317,
            "not_electronic": 0.63696616888
        },
        "probability": 0.63696616888,
        "value": "not_electronic"
    },
    "mood_happy": {
        "all": {
            "happy": 0.431432962418,
            "not_happy": 0.568567037582
        },
        "probability": 0.568567037582,
        "value": "not_happy"
    },
    "mood_party": {
        "all": {
            "not_party": 0.151703953743,
            "party": 0.848296046257
        },
        "probability": 0.848296046257,
        "value": "party"
    },
    "mood_relaxed": {
        "all": {
            "not_relaxed": 0.998723745346,
            "relaxed": 0.00127622694708
        },
        "probability": 0.998723745346,
        "value": "not_relaxed"
    },
    "mood_sad": {
        "all": {
            "not_sad": 0.984648406506,
            "sad": 0.0153515785933
        },
        "probability": 0.984648406506,
        "value": "not_sad"
    },
    "moods_mirex": {
        "all": {
            "Cluster1": 0.213838383555,
            "Cluster2": 0.02069571428,
            "Cluster3": 0.0145919257775,
            "Cluster4": 0.0214842110872,
            "Cluster5": 0.72938978672
        },
        "probability": 0.72938978672,
        "value": "Cluster5"
    },
    "timbre": {
        "all": {
            "bright": 0.200789123774,
            "dark": 0.799210846424
        },
        "probability": 0.799210846424,
        "value": "dark"
    },
    "tonal_atonal": {
        "all": {
            "atonal": 0.19284850359,
            "tonal": 0.80715149641
        },
        "probability": 0.80715149641,
        "value": "tonal"
    },
    "voice_instrumental": {
        "all": {
            "instrumental": 0.0099391201511,
            "voice": 0.990060865879
        },
        "probability": 0.990060865879,
        "value": "voice"
    }
},
"lowlevel": {
    "average_loudness": 0.985166966915,
    "barkbands_crest": {
        "dmean": 3.23406386375,
        "dmean2": 5.34465551376,
        "dvar": 10.3947143555,
        "dvar2": 26.2348022461,
        "max": 24.8093109131,
        "mean": 9.2106218338,
        "median": 8.29774475098,
        "min": 2.45974206924,
        "var": 15.5104894638
    },
    "barkbands_flatness_db": {
        "dmean": 0.0196775887161,
        "dmean2": 0.0314904339612,
        "dvar": 0.000361934042303,
        "dvar2": 0.000885382236447,
        "max": 0.22723659873,
        "mean": 0.100302666426,
        "median": 0.0955678448081,
        "min": 0.0367427431047,
        "var": 0.000687971303705
    },
    "barkbands_kurtosis": {
        "dmean": 1.89138746262,
        "dmean2": 3.15155816078,
        "dvar": 9.12509822845,
        "dvar2": 23.4439849854,
        "max": 29.2145500183,
        "mean": 1.08833515644,
        "median": 0.249591350555,
        "min": -1.68377244473,
        "var": 9.16127967834
    },
    "barkbands_skewness": {
        "dmean": 0.584899187088,
        "dmean2": 0.902503252029,
        "dvar": 0.338005542755,
        "dvar2": 0.805494725704,
        "max": 5.27492237091,
        "mean": 1.1436265707,
        "median": 1.06502664089,
        "min": -0.593876779079,
        "var": 0.655613064766
    },
    "barkbands_spread": {
        "dmean": 7.93610906601,
        "dmean2": 12.4070825577,
        "dvar": 58.7823486328,
        "dvar2": 126.021522522,
        "max": 82.7187576294,
        "mean": 33.1505203247,
        "median": 31.6463832855,
        "min": 7.92482328415,
        "var": 136.33555603
    },
    "dissonance": {
        "dmean": 0.0112498514354,
        "dmean2": 0.019240450114,
        "dvar": 0.000117151073937,
        "dvar2": 0.000312288553687,
        "max": 0.500000119209,
        "mean": 0.482286542654,
        "median": 0.485600501299,
        "min": 0.3842664361,
        "var": 0.000177514448296
    },
    "dynamic_complexity": 1.18356120586,
    "erbbands_crest": {
        "dmean": 2.8055870533,
        "dmean2": 4.57450675964,
        "dvar": 6.77054405212,
        "dvar2": 16.6603069305,
        "max": 25.3409080505,
        "mean": 7.80484390259,
        "median": 7.05162858963,
        "min": 2.1915371418,
        "var": 14.3763685226
    },
    "erbbands_flatness_db": {
        "dmean": 0.0156154790893,
        "dmean2": 0.0226588044316,
        "dvar": 0.000180191040272,
        "dvar2": 0.00036736112088,
        "max": 0.205701485276,
        "mean": 0.124679833651,
        "median": 0.122166588902,
        "min": 0.0560141019523,
        "var": 0.000717798771802
    },
    "erbbands_kurtosis": {
        "dmean": 0.750292301178,
        "dmean2": 1.19825792313,
        "dvar": 0.636602759361,
        "dvar2": 1.51569271088,
        "max": 9.26098537445,
        "mean": 0.243933781981,
        "median": -0.0823130607605,
        "min": -1.55259180069,
        "var": 1.56152570248
    },
    "erbbands_skewness": {
        "dmean": 0.312224954367,
        "dmean2": 0.485532909632,
        "dvar": 0.0737705007195,
        "dvar2": 0.175313651562,
        "max": 1.66753709316,
        "mean": -0.0165854487568,
        "median": -0.0605095513165,
        "min": -1.79398548603,
        "var": 0.228287935257
    },
    "erbbands_spread": {
        "dmean": 9.75961399078,
        "dmean2": 14.7216215134,
        "dvar": 75.3717041016,
        "dvar2": 161.080963135,
        "max": 88.5743103027,
        "mean": 40.8850746155,
        "median": 39.471244812,
        "min": 9.37627983093,
        "var": 254.412322998
    },
    "hfc": {
        "dmean": 8.39793872833,
        "dmean2": 12.7052221298,
        "dvar": 52.7798843384,
        "dvar2": 116.129722595,
        "max": 78.8993606567,
        "mean": 36.945892334,
        "median": 36.4671020508,
        "min": 3.87573838234,
        "var": 172.503326416
    },
    "melbands_crest": {
        "dmean": 3.78668189049,
        "dmean2": 5.93272972107,
        "dvar": 10.575633049,
        "dvar2": 24.8829250336,
        "max": 30.0142936707,
        "mean": 14.0872106552,
        "median": 13.2611598969,
        "min": 4.39379739761,
        "var": 22.0891208649
    },
    "melbands_flatness_db": {
        "dmean": 0.0267913360149,
        "dmean2": 0.0417562127113,
        "dvar": 0.000701486656908,
        "dvar2": 0.00163931096904,
        "max": 0.310269325972,
        "mean": 0.155637696385,
        "median": 0.148704841733,
        "min": 0.0655166134238,
        "var": 0.00141204078682
    },
    "melbands_kurtosis": {
        "dmean": 7.09168338776,
        "dmean2": 11.4949245453,
        "dvar": 129.584503174,
        "dvar2": 322.34967041,
        "max": 113.291526794,
        "mean": 9.36570262909,
        "median": 6.19654273987,
        "min": -1.22581768036,
        "var": 146.047027588
    },
    "melbands_skewness": {
        "dmean": 0.942299842834,
        "dmean2": 1.42441785336,
        "dvar": 0.929009497166,
        "dvar2": 2.11885857582,
        "max": 9.8555727005,
        "mean": 2.5141248703,
        "median": 2.33388400078,
        "min": 0.0591731332242,
        "var": 1.93562746048
    },
    "melbands_spread": {
        "dmean": 9.63935661316,
        "dmean2": 15.0484027863,
        "dvar": 75.0005111694,
        "dvar2": 184.066040039,
        "max": 90.2569580078,
        "mean": 31.1752128601,
        "median": 30.0738639832,
        "min": 3.74738574028,
        "var": 165.519317627
    },
    "pitch_salience": {
        "dmean": 0.0878703445196,
        "dmean2": 0.141932621598,
        "dvar": 0.00683059776202,
        "dvar2": 0.0170662999153,
        "max": 0.823397397995,
        "mean": 0.567338228226,
        "median": 0.5812099576,
        "min": 0.120719857514,
        "var": 0.0120262997225
    },
    "silence_rate_20dB": {
        "dmean": 0,
        "dmean2": 0,
        "dvar": 0,
        "dvar2": 0,
        "max": 1,
        "mean": 1,
        "median": 1,
        "min": 1,
        "var": 0
    },
    "silence_rate_30dB": {
        "dmean": 0,
        "dmean2": 0,
        "dvar": 0,
        "dvar2": 0,
        "max": 1,
        "mean": 1,
        "median": 1,
        "min": 1,
        "var": 0
    },
    "silence_rate_60dB": {
        "dmean": 0,
        "dmean2": 0,
        "dvar": 0,
        "dvar2": 0,
        "max": 0,
        "mean": 0,
        "median": 0,
        "min": 0,
        "var": 0
    },
    "spectral_centroid": {
        "dmean": 294.236877441,
        "dmean2": 469.604003906,
        "dvar": 67898.7890625,
        "dvar2": 163748.28125,
        "max": 3432.45874023,
        "mean": 1763.37939453,
        "median": 1749.57543945,
        "min": 598.615539551,
        "var": 163481.90625
    },
    "spectral_complexity": {
        "dmean": 5.03173351288,
        "dmean2": 8.06971359253,
        "dvar": 15.6019649506,
        "dvar2": 39.1290931702,
        "max": 58,
        "mean": 35.1361160278,
        "median": 35,
        "min": 10,
        "var": 46.1965408325
    },
    "spectral_decrease": {
        "dmean": 3.74900910316e-09,
        "dmean2": 5.88446535943e-09,
        "dvar": 1.7009933667e-17,
        "dvar2": 3.93829987147e-17,
        "max": -2.93755753056e-09,
        "mean": -1.05264339467e-08,
        "median": -9.32959753897e-09,
        "min": -2.95789188698e-08,
        "var": 2.31999032074e-17
    },
    "spectral_energy": {
        "dmean": 0.014486935921,
        "dmean2": 0.0226432327181,
        "dvar": 0.00024429988116,
        "dvar2": 0.000567392504308,
        "max": 0.113794311881,
        "mean": 0.0430802963674,
        "median": 0.0386670604348,
        "min": 0.0117982095107,
        "var": 0.000342941348208
    },
    "spectral_energyband_high": {
        "dmean": 0.000595929624978,
        "dmean2": 0.000911514973268,
        "dvar": 5.30110753516e-07,
        "dvar2": 9.8095267731e-07,
        "max": 0.00849140435457,
        "mean": 0.00200279662386,
        "median": 0.00174359150697,
        "min": 1.58187176567e-05,
        "var": 1.47917137383e-06
    },
    "spectral_energyband_low": {
        "dmean": 0.00969765055925,
        "dmean2": 0.0153522258624,
        "dvar": 0.000240250898059,
        "dvar2": 0.000517223379575,
        "max": 0.106108881533,
        "mean": 0.0178762003779,
        "median": 0.0124887116253,
        "min": 0.000607664696872,
        "var": 0.000288550421828
    },
    "spectral_energyband_middle_high": {
        "dmean": 0.00336369522847,
        "dmean2": 0.00493001518771,
        "dvar": 1.05818744487e-05,
        "dvar2": 2.22932885663e-05,
        "max": 0.0362643711269,
        "mean": 0.0100765954703,
        "median": 0.0086692404002,
        "min": 0.000746521865949,
        "var": 3.70255838789e-05
    },
    "spectral_energyband_middle_low": {
        "dmean": 0.00816048122942,
        "dmean2": 0.0133164171129,
        "dvar": 0.00012410558702,
        "dvar2": 0.000321518775309,
        "max": 0.0798393338919,
        "mean": 0.0146963540465,
        "median": 0.0108832549304,
        "min": 0.00106550601777,
        "var": 0.000152539330884
    },
    "spectral_entropy": {
        "dmean": 0.0963913649321,
        "dmean2": 0.148832395673,
        "dvar": 0.00734489038587,
        "dvar2": 0.0159747619182,
        "max": 8.50815010071,
        "mean": 8.00722980499,
        "median": 8.00610923767,
        "min": 7.19610691071,
        "var": 0.0252798274159
    },
    "spectral_flux": {
        "dmean": 0.0347245000303,
        "dmean2": 0.053206320852,
        "dvar": 0.00104064145125,
        "dvar2": 0.00237637409009,
        "max": 0.277286916971,
        "mean": 0.127506107092,
        "median": 0.117594636977,
        "min": 0.0443083830178,
        "var": 0.00195780955255
    },
    "spectral_kurtosis": {
        "dmean": 0.79680109024,
        "dmean2": 1.26110863686,
        "dvar": 0.732690036297,
        "dvar2": 1.73330616951,
        "max": 17.1069316864,
        "mean": 2.81814718246,
        "median": 2.59129285812,
        "min": -0.151250600815,
        "var": 1.79627072811
    },
    "spectral_rms": {
        "dmean": 0.00103539240081,
        "dmean2": 0.00158945191652,
        "dvar": 1.02113460798e-06,
        "dvar2": 2.28736553254e-06,
        "max": 0.0105365477502,
        "mean": 0.00634874356911,
        "median": 0.00614198343828,
        "min": 0.00339270522818,
        "var": 1.72305260548e-06
    },
    "spectral_rolloff": {
        "dmean": 604.296813965,
        "dmean2": 970.579711914,
        "dvar": 681239.25,
        "dvar2": 1417483,
        "max": 9453.07617188,
        "mean": 1722.9050293,
        "median": 1636.5234375,
        "min": 86.1328125,
        "var": 1232651.625
    },
    "spectral_skewness": {
        "dmean": 0.156612455845,
        "dmean2": 0.239748597145,
        "dvar": 0.0211713109165,
        "dvar2": 0.0487928874791,
        "max": 3.09492135048,
        "mean": 1.27316486835,
        "median": 1.25600206852,
        "min": 0.373251378536,
        "var": 0.0642075166106
    },
    "spectral_spread": {
        "dmean": 466138.5625,
        "dmean2": 655869.4375,
        "dvar": 219524464640,
        "dvar2": 374727901184,
        "max": 9260083,
        "mean": 4963593.5,
        "median": 4872776.5,
        "min": 2898187.5,
        "var": 839517929472
    },
    "spectral_strongpeak": {
        "dmean": 0.558123469353,
        "dmean2": 0.978321433067,
        "dvar": 0.762402176857,
        "dvar2": 2.01851582527,
        "max": 5.58840751648,
        "mean": 0.705075263977,
        "median": 0.371961086988,
        "min": 0.0480109788477,
        "var": 0.780394613743
    },
    "zerocrossingrate": {
        "dmean": 0.0121507197618,
        "dmean2": 0.0148140974343,
        "dvar": 0.000143328812555,
        "dvar2": 0.00018683190865,
        "max": 0.2080078125,
        "mean": 0.0724816322327,
        "median": 0.06982421875,
        "min": 0.021484375,
        "var": 0.000576100253966
    },
    "barkbands": {
        "dmean": [0.000328347407049, 0.00841713603586, 0.00276447087526, 0.00343780987896, 0.00405407231301, 0.000900798884686, 0.000976595794782, 0.00130501855165, 0.00157224398572, 0.000646155909635, 0.00047360471217, 0.000753852946218, 0.00113177287858, 0.000929355039261, 0.000885746616405, 0.000501650618389, 0.000253022473771, 0.000262420042418, 0.000263047491899, 0.000195582499146, 0.000206696407986, 0.000173969165189, 0.00011373624875, 0.000102066485852, 0.00010429827671, 5.3666648455e-05, 8.49713828188e-08],
        "dmean2": [0.000487263634568, 0.0134627018124, 0.00499945832416, 0.00570281175897, 0.0070679159835, 0.00155921746045, 0.00166146352421, 0.00214969180524, 0.00255229882896, 0.00105067272671, 0.000788890582044, 0.00118997099344, 0.00179392693099, 0.00149069796316, 0.00142229360063, 0.000840111752041, 0.000416930939537, 0.000427808758104, 0.000436034373706, 0.000325927889207, 0.000355916621629, 0.000272121716989, 0.000165038363775, 0.000150427833432, 0.000153290849994, 8.02254144219e-05, 1.47016265828e-07],
        "dvar": [2.55772306446e-07, 0.000222850139835, 2.53165890172e-05, 2.56856637861e-05, 5.11637299496e-05, 2.13466910282e-06, 2.72161423709e-06, 5.99208942731e-06, 8.01501573733e-06, 1.55110512878e-06, 6.12486530827e-07, 1.32629975269e-06, 4.68254984298e-06, 2.39824680648e-06, 2.35909351431e-06, 3.28057751631e-07, 8.75404282397e-08, 1.55808791646e-07, 9.10539341703e-08, 4.09254496958e-08, 5.84773438561e-08, 3.50497622037e-08, 1.83348500826e-08, 3.43209869413e-08, 4.77117332309e-08, 9.97921301149e-09, 2.01791589758e-14],
        "dvar2": [5.03252181261e-07, 0.000531860627234, 7.29443709133e-05, 6.1616228777e-05, 0.000141094831633, 5.56598752155e-06, 6.76366425978e-06, 1.53787223098e-05, 2.10252073884e-05, 3.45554735759e-06, 1.55096051913e-06, 3.03588353745e-06, 1.1423475371e-05, 5.50005006517e-06, 6.06859657637e-06, 8.32257398997e-07, 2.2972741931e-07, 3.80363218255e-07, 2.34269023736e-07, 1.11006329462e-07, 1.5283106336e-07, 8.24332673233e-08, 3.78502029719e-08, 6.3366748293e-08, 9.42032087892e-08, 1.99716900795e-08, 5.49170186051e-14],
        "max": [0.00461219670251, 0.101918742061, 0.034953918308, 0.0384978763759, 0.0456335693598, 0.0173515770584, 0.0219079293311, 0.024465970695, 0.0393399298191, 0.0200428273529, 0.00884320773184, 0.0139999091625, 0.031213408336, 0.0153360655531, 0.0143719147891, 0.00646974565461, 0.0042524272576, 0.00554849253967, 0.00375790940598, 0.00214687548578, 0.0024436111562, 0.00203678221442, 0.00185666256584, 0.00248600286432, 0.00291994470172, 0.00122093909886, 2.35338075072e-06],
        "mean": [0.000431720778579, 0.0123250531033, 0.00367188313976, 0.00406704563648, 0.00430259853601, 0.00101565674413, 0.00126654969063, 0.00164940650575, 0.00215885136276, 0.000907566398382, 0.000739024428185, 0.00124877819326, 0.00172242464032, 0.00149368995335, 0.00141785980668, 0.000951696536504, 0.000499255547766, 0.000452474341728, 0.000571671058424, 0.00043767754687, 0.000546023948118, 0.000439756811829, 0.000250190321822, 0.000218401692109, 0.000210792612052, 8.42316148919e-05, 7.60229994512e-08],
        "median": [0.000211907579796, 0.00749760027975, 0.00258286064491, 0.00161566387396, 0.0020271348767, 0.000522043847013, 0.000524245027918, 0.000665894767735, 0.0009232070297, 0.000401368160965, 0.000423903489718, 0.000725500402041, 0.000766114098951, 0.000582362175919, 0.000667168700602, 0.00072442938108, 0.000402876728913, 0.000301550899167, 0.000480708782561, 0.000373891292838, 0.00050115515478, 0.00035924767144, 0.000174802757101, 0.000157616770593, 0.000135518057505, 4.38962269982e-05, 2.95742950129e-08],
        "min": [9.22726826502e-07, 0.000209104822716, 1.84325472219e-05, 1.23879035527e-05, 4.01504476031e-05, 3.45952757925e-05, 8.6510208348e-06, 1.56671121658e-05, 1.12137604447e-05, 2.53762755165e-06, 1.40166785059e-05, 5.38524254807e-05, 2.67470932158e-05, 1.91943345271e-05, 3.74102091882e-05, 9.66723455349e-05, 5.84237604926e-05, 5.81592166782e-06, 8.75038767845e-06, 7.98733708507e-06, 3.21577999784e-06, 2.09252152672e-06, 1.25414476315e-06, 2.60433466792e-07, 2.16938914832e-07, 6.76856828363e-08, 6.13512018965e-12],
        "var": [3.75812419406e-07, 0.000230143632507, 1.81306113518e-05, 3.14371973218e-05, 4.07323714171e-05, 2.18435957322e-06, 5.04293802805e-06, 7.95666255726e-06, 1.15577031465e-05, 2.2715914838e-06, 9.58493615144e-07, 2.40185750044e-06, 6.74036618875e-06, 4.90678758069e-06, 3.96530413127e-06, 5.88645946209e-07, 1.30237950202e-07, 2.58549619048e-07, 1.3689297873e-07, 6.61392363099e-08, 9.14098734484e-08, 8.21910859372e-08, 4.82764228593e-08, 6.71003519415e-08, 8.77184973547e-08, 1.77616445995e-08, 1.72682980653e-14]
    },
    "erbbands": {
        "dmean": [0.251765757799, 1.97499656677, 3.31849551201, 6.73650121689, 14.5014543533, 13.602306366, 9.0301361084, 6.70172977448, 10.4331274033, 19.714597702, 33.5122032166, 33.5707855225, 18.5992889404, 22.473274231, 15.0408678055, 33.2887153625, 49.904045105, 44.9940605164, 45.788848877, 39.8268852234, 22.6121177673, 12.7185535431, 13.962896347, 12.8712253571, 12.6980066299, 8.63795566559, 8.28956604004, 8.63388824463, 6.51671648026, 4.80361175537, 3.21765208244, 2.15211033821, 1.82723629475, 1.27943539619, 0.750959992409, 0.328459709883, 0.0871327593923, 0.00689509278163, 0.000130502448883, 1.9509345293e-05],
        "dmean2": [0.397155463696, 3.25478720665, 5.85307025909, 11.6780490875, 23.8473892212, 24.0912494659, 15.4029684067, 11.6578807831, 18.1446456909, 32.0889701843, 55.4643821716, 53.8119544983, 29.221408844, 37.0900192261, 24.3989849091, 52.0948410034, 78.6911849976, 71.221282959, 74.1338195801, 62.1238746643, 37.2312965393, 20.9590110779, 22.6126861572, 21.3035697937, 21.2451553345, 14.5765981674, 14.0101032257, 14.7282371521, 10.3382110596, 7.40349054337, 4.64486885071, 3.19024896622, 2.71634888649, 1.92084336281, 1.15168344975, 0.492824435234, 0.132273733616, 0.0109155159444, 0.000200087233679, 3.00629508274e-05],
        "dvar": [0.196700915694, 13.0127058029, 35.8375778198, 76.1309432983, 673.635620117, 510.178710938, 213.008712769, 118.805580139, 306.46472168, 1249.96948242, 3710.69580078, 3921.17407227, 995.191589355, 1821.53076172, 438.642608643, 2720.8203125, 10106.3457031, 5542.89160156, 5854.70068359, 4199.99755859, 639.215332031, 214.17225647, 405.960632324, 321.619689941, 188.373046875, 93.4342575073, 83.6467285156, 101.650978088, 49.2078704834, 30.2200222015, 15.7912836075, 15.3929014206, 9.98177528381, 6.28847360611, 2.67340922356, 0.437062740326, 0.0259497668594, 0.000193034327822, 6.05374452789e-08, 3.6946148918e-10],
        "dvar2": [0.46266245842, 32.3047714233, 99.9250488281, 194.441177368, 1708.44641113, 1408.0222168, 568.089294434, 314.319396973, 788.304138184, 2919.22583008, 9456.94921875, 10054.7529297, 2377.5234375, 4359.27734375, 1069.96276855, 5918.37939453, 24985.9296875, 13269.2148438, 14737.5830078, 10403.3886719, 1647.55786133, 534.416809082, 997.623657227, 801.791992188, 493.792266846, 252.845031738, 217.284393311, 264.87399292, 114.979789734, 73.2783660889, 32.5328636169, 28.9057121277, 18.8200683594, 12.4942512512, 5.5229101181, 0.882737398148, 0.0529119558632, 0.000396971736336, 1.21958080967e-07, 8.17497458616e-10],
        "max": [3.07053494453, 24.8700141907, 43.2767829895, 58.8228263855, 157.062149048, 146.645339966, 147.985321045, 116.067855835, 199.126907349, 624.355163574, 625.227233887, 830.720458984, 321.200683594, 615.044372559, 340.416351318, 713.430541992, 1593.52172852, 730.777526855, 772.848815918, 674.358581543, 378.31829834, 225.710998535, 275.81463623, 255.794204712, 159.572219849, 108.420036316, 112.389945984, 135.333892822, 81.5545883179, 70.1654663086, 58.9409713745, 62.8951034546, 35.5767250061, 42.6411132812, 20.3065185547, 10.9756498337, 2.07893967628, 0.184372484684, 0.00314972782508, 0.00020756982849],
        "mean": [0.345106422901, 2.72666716576, 4.99097776413, 8.23122215271, 16.3192634583, 13.9380121231, 10.1667327881, 7.76008224487, 12.5482521057, 27.6321754456, 45.9032821655, 47.2018966675, 28.6048374176, 34.3326072693, 26.6361923218, 58.6540222168, 79.3915710449, 73.7436294556, 75.3467178345, 70.4640426636, 46.7944755554, 28.1143684387, 25.8638458252, 26.2321052551, 26.6818981171, 20.1919975281, 21.6571807861, 21.7423763275, 16.776632309, 10.7398443222, 6.90203237534, 4.45957708359, 3.76480484009, 2.52756142616, 1.36713922024, 0.519686162472, 0.133184671402, 0.00916976109147, 0.000226473304792, 6.60489604343e-05],
        "median": [0.179230481386, 1.65351819992, 3.58301591873, 4.61286115646, 6.50174045563, 6.63980722427, 4.80938816071, 4.27888774872, 5.99205970764, 12.5314102173, 18.4388580322, 21.2589664459, 15.4054803848, 16.5373458862, 16.9221687317, 34.3711509705, 36.4095916748, 31.4458351135, 36.7965507507, 37.9412078857, 38.3171386719, 23.641954422, 17.8436031342, 20.4524078369, 22.1861476898, 17.4518985748, 19.7216320038, 19.4048233032, 14.0610408783, 8.20516300201, 4.85762548447, 3.29312348366, 2.69495224953, 1.68035018444, 0.787187278271, 0.272861748934, 0.0686257183552, 0.00427359156311, 0.00013625874999, 6.10813076491e-05],
        "min": [0.0038014522288, 0.0425531975925, 0.0937317982316, 0.244007989764, 0.245699763298, 0.190644562244, 0.137472510338, 0.26125022769, 0.106413438916, 0.697659909725, 1.06853759289, 0.312670081854, 0.317975252867, 0.458362370729, 1.76669418812, 2.79335141182, 1.27217829227, 1.423822999, 2.54898524284, 4.63574504852, 4.43677902222, 2.94111704826, 0.471730589867, 0.43809056282, 0.48877170682, 0.323661834002, 0.203453883529, 0.102522663772, 0.0879829674959, 0.0537479557097, 0.0296465791762, 0.00789183657616, 0.00657848734409, 0.00288533163257, 0.00155807542615, 0.000614762597252, 2.69282099907e-05, 3.74158503291e-06, 7.25363361198e-06, 1.33889107019e-05],
        "var": [0.215864136815, 12.1189651489, 27.605348587, 79.3406906128, 655.491271973, 427.225006104, 232.736618042, 112.002693176, 366.66519165, 2635.74755859, 5363.92382812, 5834.52392578, 1473.36791992, 2804.68920898, 749.265014648, 4916.38964844, 13878.3496094, 10611.1181641, 9687.49707031, 8381.515625, 1035.29614258, 354.800811768, 728.352416992, 448.330566406, 285.391967773, 136.927246094, 139.081008911, 159.952484131, 110.925895691, 68.4262237549, 40.0457611084, 30.2175178528, 18.8187656403, 11.5163478851, 4.52970790863, 0.764649927616, 0.0436506830156, 0.000291893928079, 9.92073054817e-08, 7.21026738315e-10]
    },
    "gfcc": {
        "mean": [71.0493087769, 73.3278884888, -119.13835144, 45.8739356995, -52.7205581665, 32.0915527344, -34.7238998413, 14.5560760498, -24.9303512573, 12.8246011734, -23.448009491, -2.12728762627, -13.8443508148],
        "cov": [[475.828643799, -168.457931519, 27.6065368652, -23.7273960114, -94.4444046021, 6.0980257988, -75.5208511353, -47.3269996643, -53.0297317505, -53.79088974, -46.2245903015, -4.24748802185, -34.8804397583], [-168.457931519, 326.374633789, -122.18687439, -20.4268665314, 0.58467233181, -55.8752250671, 50.7682685852, -46.5858078003, 36.09034729, -18.0606021881, 25.9961051941, -20.2435417175, 18.7598571777], [27.6065368652, -122.18687439, 245.861816406, 80.0818405151, -8.34822368622, -13.4053039551, -45.9429855347, 24.7599449158, -27.3195075989, 12.7530660629, -9.87556552887, 29.1096382141, 2.18989682198], [-23.7273960114, -20.4268665314, 80.0818405151, 173.941299438, -3.27593755722, 0.556350171566, -36.5884819031, -28.3397979736, -8.11124992371, -29.4975337982, 8.9192237854, -0.945732593536, 31.4590110779], [-94.4444046021, 0.58467233181, -8.34822368622, -3.27593755722, 151.890640259, 38.7091255188, 31.0957279205, 31.7253131866, 19.8107452393, 47.8441047668, 22.7060909271, 15.8811979294, 7.72861528397], [6.0980257988, -55.8752250671, -13.4053039551, 0.556350171566, 38.7091255188, 122.939208984, 49.7649765015, 29.2772808075, -5.47399282455, -6.58561563492, 12.3654270172, -10.7194032669, 10.3810472488], [-75.5208511353, 50.7682685852, -45.9429855347, -36.5884819031, 31.0957279205, 49.7649765015, 141.01109314, 56.2673225403, 6.60400629044, 1.72736561298, 13.9889640808, 5.36500549316, -4.33770465851], [-47.3269996643, -46.5858078003, 24.7599449158, -28.3397979736, 31.7253131866, 29.2772808075, 56.2673225403, 114.987976074, 42.668296814, 39.6469650269, 4.50819635391, 4.93753862381, 4.09910154343], [-53.0297317505, 36.09034729, -27.3195075989, -8.11124992371, 19.8107452393, -5.47399282455, 6.60400629044, 42.668296814, 99.2619934082, 43.1320610046, -1.33605337143, -16.7149887085, 3.73757457733], [-53.79088974, -18.0606021881, 12.7530660629, -29.4975337982, 47.8441047668, -6.58561563492, 1.72736561298, 39.6469650269, 43.1320610046, 92.1462097168, 24.7279758453, 11.0606098175, 3.22787165642], [-46.2245903015, 25.9961051941, -9.87556552887, 8.9192237854, 22.7060909271, 12.3654270172, 13.9889640808, 4.50819635391, -1.33605337143, 24.7279758453, 68.5512008667, 24.5816173553, 9.56614494324], [-4.24748802185, -20.2435417175, 29.1096382141, -0.945732593536, 15.8811979294, -10.7194032669, 5.36500549316, 4.93753862381, -16.7149887085, 11.0606098175, 24.5816173553, 64.6437988281, 25.8169269562], [-34.8804397583, 18.7598571777, 2.18989682198, 31.4590110779, 7.72861528397, 10.3810472488, -4.33770465851, 4.09910154343, 3.73757457733, 3.22787165642, 9.56614494324, 25.8169269562, 73.546333313]],
        "icov": [[0.00369103532284, 0.00208643684164, 0.000207877616049, 0.00120642432012, 0.00148099916987, -0.000491914805025, 0.00084721611347, 0.00153661565855, -0.000504793366417, 0.00161243125331, 0.000445478013717, -0.000671234331094, 0.000706791994162], [0.00208643684164, 0.0107952123508, -0.000472716783406, 0.00430746469647, -0.0019281883724, 0.00867145415395, -0.00732089299709, 0.00833619106561, -0.00631129229441, 0.00729613984004, -0.0081982864067, 0.00894130393863, -0.00758203072473], [0.000207877616049, -0.000472716783406, 0.00856365542859, -0.00574741093442, 0.00180624902714, -0.00146614166442, 0.00359645718709, -0.00546391168609, 0.00472036376595, -0.00471192086115, 0.00502374628559, -0.00631867814809, 0.00448790285736], [0.00120642432012, 0.00430746469647, -0.00574741093442, 0.0130367195234, -0.00271592801437, 0.00415308168158, -0.00254724407569, 0.00674637174234, -0.00588973006234, 0.00969823356718, -0.00869341474026, 0.00893300771713, -0.00889018923044], [0.00148099916987, -0.0019281883724, 0.00180624902714, -0.00271592801437, 0.0111006442457, -0.00620168959722, 0.00179430574644, -0.00174269115087, 0.00184734293725, -0.00742383860052, 0.00402518361807, -0.0066077420488, 0.0042418721132], [-0.000491914805025, 0.00867145415395, -0.00146614166442, 0.00415308168158, -0.00620168959722, 0.0207937005907, -0.0102401711047, 0.00437008868903, -0.00343755050562, 0.00923421047628, -0.0115894591436, 0.0153977228329, -0.0114370211959], [0.00084721611347, -0.00732089299709, 0.00359645718709, -0.00254724407569, 0.00179430574644, -0.0102401711047, 0.0188060309738, -0.0126964347437, 0.00617167167366, -0.00233982340433, 0.00590970320627, -0.0104785682634, 0.00902397371829], [0.00153661565855, 0.00833619106561, -0.00546391168609, 0.00674637174234, -0.00174269115087, 0.00437008868903, -0.0126964347437, 0.0248607620597, -0.0122087802738, 0.00288605690002, -0.00584119418636, 0.00734987435862, -0.00801525264978], [-0.000504793366417, -0.00631129229441, 0.00472036376595, -0.00588973006234, 0.00184734293725, -0.00343755050562, 0.00617167167366, -0.0122087802738, 0.0224560685456, -0.012777177617, 0.00807778537273, -0.00149245047942, 0.00397752644494], [0.00161243125331, 0.00729613984004, -0.00471192086115, 0.00969823356718, -0.00742383860052, 0.00923421047628, -0.00233982340433, 0.00288605690002, -0.012777177617, 0.0296781305224, -0.0154909295961, 0.00850797817111, -0.00755140092224], [0.000445478013717, -0.0081982864067, 0.00502374628559, -0.00869341474026, 0.00402518361807, -0.0115894591436, 0.00590970320627, -0.00584119418636, 0.00807778537273, -0.0154909295961, 0.0309145562351, -0.0191892702132, 0.0107427239418], [-0.000671234331094, 0.00894130393863, -0.00631867814809, 0.00893300771713, -0.0066077420488, 0.0153977228329, -0.0104785682634, 0.00734987435862, -0.00149245047942, 0.00850797817111, -0.0191892702132, 0.0392570570111, -0.0203206222504], [0.000706791994162, -0.00758203072473, 0.00448790285736, -0.00889018923044, 0.0042418721132, -0.0114370211959, 0.00902397371829, -0.00801525264978, 0.00397752644494, -0.00755140092224, 0.0107427239418, -0.0203206222504, 0.0275478158146]]
    },
    "melbands": {
        "dmean": [0.00230820965953, 0.0019246613374, 0.00143920688424, 0.00102214945946, 0.0003484893532, 0.000154797846335, 0.000170685627381, 0.000230126039241, 0.000296561076539, 0.000203793955734, 9.48649976635e-05, 9.41833350225e-05, 5.64167421544e-05, 6.87477731844e-05, 0.000125219201436, 0.000106343868538, 8.88404829311e-05, 8.14132508822e-05, 6.68542561471e-05, 4.16613438574e-05, 2.78287225228e-05, 1.45723261085e-05, 1.35586506076e-05, 1.37446795634e-05, 1.10940236482e-05, 1.17170529847e-05, 7.50705657993e-06, 6.14689770373e-06, 5.71722011955e-06, 6.21764866082e-06, 5.0590056162e-06, 4.27571876571e-06, 3.46399701812e-06, 2.55429677054e-06, 2.00788849725e-06, 1.6501517166e-06, 1.41417456234e-06, 1.42711803619e-06, 1.27100668124e-06, 1.16715511922e-06],
        "dmean2": [0.00367581285536, 0.00318021839485, 0.00240795966238, 0.00176878657658, 0.000595971068833, 0.000267771451036, 0.000293709308608, 0.000372315611457, 0.000491045648232, 0.000326171284541, 0.000149937637616, 0.000155888978043, 9.32033508434e-05, 0.000108292013465, 0.000198350127903, 0.000167320671608, 0.000143030527397, 0.000132814078825, 0.00010674418445, 6.80309312884e-05, 4.64750592073e-05, 2.40042118094e-05, 2.21922546189e-05, 2.27194086619e-05, 1.8465485482e-05, 1.97438785108e-05, 1.26623262986e-05, 1.04250675577e-05, 9.50845605985e-06, 1.08015356091e-05, 8.52199718793e-06, 6.86495468472e-06, 5.51433231522e-06, 3.99793589168e-06, 2.98507507068e-06, 2.49156369136e-06, 2.15306135942e-06, 2.15524914893e-06, 1.96770679395e-06, 1.7829462422e-06],
        "dvar": [1.66935769812e-05, 1.10772625703e-05, 4.10067104895e-06, 3.32067679665e-06, 3.11438611789e-07, 6.26902405543e-08, 7.77568445187e-08, 1.57169822046e-07, 2.90826591254e-07, 1.42170335948e-07, 2.66289212902e-08, 3.38259624755e-08, 7.14667436341e-09, 1.49609373779e-08, 3.55424027987e-08, 5.27028625186e-08, 2.38384245677e-08, 1.94296863043e-08, 1.57582213944e-08, 2.92425239579e-09, 1.06187569848e-09, 2.61649146793e-10, 3.02998265367e-10, 5.56272305996e-10, 2.29677790675e-10, 1.66453573147e-10, 8.44576283909e-11, 4.90817178567e-11, 3.68408116513e-11, 5.85303402967e-11, 3.51251458475e-11, 2.15022045308e-11, 1.43656510299e-11, 9.34973626299e-12, 5.70347501866e-12, 7.62054915698e-12, 6.33891680465e-12, 5.65424183169e-12, 5.40147093719e-12, 5.33475217127e-12],
        "dvar2": [3.96834439016e-05, 2.81301399809e-05, 9.98807718133e-06, 9.02002375369e-06, 8.33669616895e-07, 1.6564403893e-07, 1.99860650696e-07, 3.78099031195e-07, 7.46865055135e-07, 3.62639326568e-07, 6.3170190856e-08, 7.91996015437e-08, 1.82448474106e-08, 3.67325760919e-08, 8.42916563215e-08, 1.34049599865e-07, 5.84347432664e-08, 4.804482856e-08, 3.97061938884e-08, 7.12058056962e-09, 2.74629807784e-09, 6.58596621683e-10, 7.84981968316e-10, 1.38520239723e-09, 5.74949809984e-10, 4.32268887351e-10, 2.19817469782e-10, 1.35651323507e-10, 9.62417784356e-11, 1.62393140601e-10, 9.10518674346e-11, 5.20741678944e-11, 3.71129550703e-11, 2.25114406283e-11, 1.25531928602e-11, 1.62622641048e-11, 1.24784418909e-11, 1.16752232882e-11, 1.01629963126e-11, 1.15785072502e-11],
        "max": [0.0276028066874, 0.0237500984222, 0.0133498320356, 0.0114674698561, 0.00613136729226, 0.00278489710763, 0.00304762716405, 0.00587219838053, 0.00546281412244, 0.00449064746499, 0.00161755119916, 0.00288653350435, 0.00114150869194, 0.00183820689563, 0.00179429468699, 0.00370264681987, 0.00150746351574, 0.00140072207432, 0.00146496773232, 0.000640366692096, 0.000482520496007, 0.00021423297585, 0.000244979019044, 0.000362610124284, 0.000222637638217, 0.00016374659026, 0.000119288662972, 8.26161267469e-05, 7.20130265108e-05, 9.38061712077e-05, 8.74519610079e-05, 6.33421368548e-05, 5.00750647916e-05, 3.94368362322e-05, 3.87299405702e-05, 4.93202678626e-05, 3.54341900675e-05, 2.9753691706e-05, 3.47731693182e-05, 3.94255584979e-05],
        "mean": [0.0032648826018, 0.00304999016225, 0.00180594203994, 0.00110472517554, 0.000408231484471, 0.000178106172825, 0.00021081759769, 0.000311033712933, 0.000405954895541, 0.000280454405583, 0.000137940980494, 0.00013877688616, 9.18389196158e-05, 0.000111233275675, 0.000199757312657, 0.00015642910148, 0.000135833834065, 0.000122962461319, 0.000107083804323, 7.59034955991e-05, 5.12841506861e-05, 2.89713952952e-05, 2.45438550337e-05, 2.17191773118e-05, 2.07647481147e-05, 2.28210901696e-05, 1.44661926242e-05, 1.32560953716e-05, 1.36360204124e-05, 1.36296184792e-05, 1.18582966024e-05, 1.00129927887e-05, 7.39249071557e-06, 5.27533939021e-06, 4.11211203755e-06, 3.01510954159e-06, 2.64328377853e-06, 2.71678891295e-06, 2.39798714574e-06, 2.05846276913e-06],
        "median": [0.00190911826212, 0.00213758740574, 0.000892157608178, 0.000512749364134, 0.000191320301383, 9.61150144576e-05, 9.53426279011e-05, 0.000135516791488, 0.000145962476381, 0.000124648126075, 6.78702199366e-05, 6.46437765681e-05, 5.6827939261e-05, 6.14345190115e-05, 0.000103714315628, 6.7162392952e-05, 5.25761206518e-05, 5.34630889888e-05, 5.01503782289e-05, 4.90348575113e-05, 4.13045891037e-05, 2.37442945945e-05, 1.78303253051e-05, 1.37320903377e-05, 1.60149083968e-05, 1.88872163562e-05, 1.15260918392e-05, 1.13881224024e-05, 1.22309384096e-05, 1.20851955216e-05, 1.02243120637e-05, 8.40514258016e-06, 5.88133889323e-06, 3.81547033612e-06, 2.9446798635e-06, 1.98107795768e-06, 1.88547755897e-06, 1.94901417672e-06, 1.64012055848e-06, 1.31273668558e-06],
        "min": [4.54160835943e-05, 4.90688253194e-05, 5.70983938815e-05, 1.07947189463e-05, 4.34462026533e-06, 5.10800555276e-06, 1.4623781226e-06, 1.03118354673e-05, 6.14564442003e-06, 1.52639256612e-06, 1.49313405018e-06, 1.09910297397e-06, 4.0858308239e-06, 6.42599206913e-06, 6.37191624264e-06, 2.52474546869e-06, 1.92352217709e-06, 4.01327361033e-06, 4.49673962066e-06, 5.38568428965e-06, 4.59835382571e-06, 3.1682845929e-06, 5.57941916668e-07, 1.25111625948e-07, 3.32015417825e-07, 3.12100326028e-07, 3.0499040804e-07, 1.73041584617e-07, 8.37212468241e-08, 6.01300342851e-08, 3.60300198565e-08, 4.29192414941e-09, 3.4792190462e-08, 2.90898753974e-08, 7.3914554477e-09, 1.90084559204e-10, 1.88123139289e-09, 4.04666034015e-09, 4.21514778637e-09, 1.8072265906e-09],
