{
"highlevel": {
    "danceability": {
        "all": {
            "danceable": 0.973762691021,
            "not_danceable": 0.0262373071164
        },
        "probability": 0.973762691021,
        "value": "danceable"
    },
    "gender": {
        "all": {
            "female": 0.243036821485,
            "male": 0.756963193417
        },
        "probability": 0.756963193417,
        "value": "male"
    },
    "genre_dortmund": {
        "all": {
            "alternative": 0.0798471719027,
            "blues": 0.125035643578,
            "electronic": 0.0221396498382,
            "folkcountry": 0.0693361014128,
            "funksoulrnb": 0.00659004645422,
            "jazz": 0.0130566041917,
            "pop": 0.0991720482707,
            "raphiphop": 0.0223977249116,
            "rock": 0.562425017357
        },
        "probability": 0.562425017357,
        "value": "rock"
    },
    "genre_electronic": {
        "all": {
            "ambient": 0.244402527809,
            "dnb": 0.43247461319,
            "house": 0.189739182591,
            "techno": 0.0138203287497,
            "trance": 0.119563356042
        },
        "probability": 0.43247461319,
        "value": "dnb"
    },
    "genre_rosamerica": {
        "all": {
            "cla": 0.0144772799686,
            "dan": 0.0447085797787,
            "hip": 0.0475792437792,
            "jaz": 0.0267890058458,
            "pop": 0.419126719236,
            "rhy": 0.14838463068,
            "roc": 0.287680715322,
            "spe": 0.0112538235262
        },
        "probability": 0.419126719236,
        "value": "pop"
    },
    "genre_tzanetakis": {
        "all": {
            "blu": 0.0626613423228,
            "cla": 0.0348169617355,
            "cou": 0.104475811124,
            "dis": 0.0784321576357,
            "hip": 0.15692435205,
            "jaz": 0.313974827528,
            "met": 0.0448166541755,
            "pop": 0.0627359300852,
            "reg": 0.0627360641956,
            "roc": 0.0784258767962
        },
        "probability": 0.313974827528,
        "value": "jaz"
    },
    "ismir04_rhythm": {
        "all": {
            "ChaChaCha": 0.459773361683,
            "Jive": 0.0528620630503,
            "Quickstep": 0.122978404164,
            "Rumba-American": 0.0170489158481,
            "Rumba-International": 0.114754930139,
            "Rumba-Misc": 0.0127338860184,
            "Samba": 0.15405125916,
            "Tango": 0.0171897057444,
            "VienneseWaltz": 0.0213282965124,
            "Waltz": 0.0272791590542
        },
        "probability": 0.459773361683,
        "value": "ChaChaCha"
    },
    "mood_acoustic": {
        "all": {
            "acoustic": 0.0823423564434,
            "not_acoustic": 0.917657673359
        },
        "probability": 0.917657673359,
        "value": "not_acoustic"
    },
    "mood_aggressive": {
        "all": {
            "aggressive": 0.192396968603,
            "not_aggressive": 0.807603001595
        },
        "probability": 0.807603001595,
        "value": "not_aggressive"
    },
    "mood_electronic": {
        "all": {
            "electronic": 0.110874563456,
            "not_electronic": 0.889125466347
        },
        "probability": 0.889125466347,
        "value": "not_electronic"
    },
    "mood_happy": {
        "all": {
            "happy": 0.294524937868,
            "not_happy": 0.705475091934
        },
        "probability": 0.705475091934,
        "value": "not_happy"
    },
    "mood_party": {
        "all": {
            "not_party": 0.702769160271,
            "party": 0.297230869532
        },
        "probability": 0.702769160271,
        "value": "not_party"
    },
    "mood_relaxed": {
        "all": {
            "not_relaxed": 0.418024629354,
            "relaxed": 0.581975400448
        },
        "probability": 0.581975400448,
        "value": "relaxed"
    },
    "mood_sad": {
        "all": {
            "not_sad": 0.908247113228,
            "sad": 0.0917528942227
        },
        "probability": 0.908247113228,
        "value": "not_sad"
    },
    "moods_mirex": {
        "all": {
            "Cluster1": 0.262205958366,
            "Cluster2": 0.127011656761,
            "Cluster3": 0.398956716061,
            "Cluster4": 0.181521520019,
            "Cluster5": 0.0303041506559
        },
        "probability": 0.398956716061,
        "value": "Cluster3"
    },
    "timbre": {
        "all": {
            "bright": 0.835324466228,
            "dark": 0.164675533772
        },
        "probability": 0.835324466228,
        "value": "bright"
    },
    "tonal_atonal": {
        "all": {
            "atonal": 0.0389041081071,
            "tonal": 0.961095869541
        },
        "probability": 0.961095869541,
        "value": "tonal"
    },
    "voice_instrumental": {
        "all": {
            "instrumental": 0.001003512647,
            "voice": 0.998996496201
        },
        "probability": 0.998996496201,
        "value": "voice"
    }
},
"lowlevel": {
    "average_loudness": 0.961898386478,
    "barkbands_crest": {
        "dmean": 2.24848985672,
        "dmean2": 3.56827998161,
        "dvar": 5.34328651428,
        "dvar2": 14.1287651062,
        "max": 25.7597007751,
        "mean": 12.1833372116,
        "median": 11.3519878387,
        "min": 2.78737330437,
        "var": 23.6736946106
    },
    "barkbands_flatness_db": {
        "dmean": 0.0209709834307,
        "dmean2": 0.032665643841,
        "dvar": 0.000501822039951,
        "dvar2": 0.00120252149645,
        "max": 0.442398816347,
        "mean": 0.187650576234,
        "median": 0.166933625937,
        "min": 0.0523524843156,
        "var": 0.00637113023549
    },
    "barkbands_kurtosis": {
        "dmean": 4.46961307526,
        "dmean2": 7.48479938507,
        "dvar": 130.431884766,
        "dvar2": 400.847320557,
        "max": 219.570281982,
        "mean": 8.5253534317,
        "median": 2.15548944473,
        "min": -1.92306673527,
        "var": 391.245025635
    },
    "barkbands_skewness": {
        "dmean": 0.563503503799,
        "dmean2": 0.866502285004,
        "dvar": 0.462969750166,
        "dvar2": 1.15785503387,
        "max": 12.1879911423,
        "mean": 1.98054111004,
        "median": 1.61591756344,
        "min": -1.12549602985,
        "var": 3.00173902512
    },
    "barkbands_spread": {
        "dmean": 5.02432918549,
        "dmean2": 7.40734148026,
        "dvar": 49.8431015015,
        "dvar2": 81.7011184692,
        "max": 105.833808899,
        "mean": 22.3169746399,
        "median": 19.4686832428,
        "min": 0.576359152794,
        "var": 319.176147461
    },
    "dissonance": {
        "dmean": 0.0207343678921,
        "dmean2": 0.0353561639786,
        "dvar": 0.000480851624161,
        "dvar2": 0.0013438204769,
        "max": 0.499999910593,
        "mean": 0.457914203405,
        "median": 0.469320625067,
        "min": 0.294635653496,
        "var": 0.00126709393226
    },
    "dynamic_complexity": 2.70085906982,
    "erbbands_crest": {
        "dmean": 2.75689435005,
        "dmean2": 4.34639167786,
        "dvar": 7.93681287766,
        "dvar2": 19.523601532,
        "max": 28.5508708954,
        "mean": 9.64270687103,
        "median": 8.21465492249,
        "min": 2.5455520153,
        "var": 26.0095443726
    },
    "erbbands_flatness_db": {
        "dmean": 0.0169281419367,
        "dmean2": 0.0248879976571,
        "dvar": 0.00035987465526,
        "dvar2": 0.000692902132869,
        "max": 0.319585204124,
        "mean": 0.163181900978,
        "median": 0.160815238953,
        "min": 0.0559140965343,
        "var": 0.00230766367167
    },
    "erbbands_kurtosis": {
        "dmean": 0.955604791641,
        "dmean2": 1.49464404583,
        "dvar": 1.64444375038,
        "dvar2": 3.97704315186,
        "max": 29.1603775024,
        "mean": 0.852689564228,
        "median": -0.0641138553619,
        "min": -1.61540555954,
        "var": 7.18642377853
    },
    "erbbands_skewness": {
        "dmean": 0.355336308479,
        "dmean2": 0.539994239807,
        "dvar": 0.117108985782,
        "dvar2": 0.239664137363,
        "max": 3.98028993607,
        "mean": 0.179363280535,
        "median": 0.1262383461,
        "min": -3.43176150322,
        "var": 0.715980410576
    },
    "erbbands_spread": {
        "dmean": 8.0198097229,
        "dmean2": 11.7544202805,
        "dvar": 84.4829940796,
        "dvar2": 174.975067139,
        "max": 123.946220398,
        "mean": 39.080368042,
        "median": 37.1738624573,
        "min": 4.08982229233,
        "var": 405.612091064
    },
    "hfc": {
        "dmean": 5.48255777359,
        "dmean2": 7.89196300507,
        "dvar": 69.9564361572,
        "dvar2": 136.580718994,
        "max": 186.014480591,
        "mean": 23.6134567261,
        "median": 16.6042118073,
        "min": 1.09759712219,
        "var": 452.67755127
    },
    "melbands_crest": {
        "dmean": 2.60457110405,
        "dmean2": 4.2283873558,
        "dvar": 8.34921360016,
        "dvar2": 20.6405696869,
        "max": 33.282951355,
        "mean": 15.5942821503,
        "median": 15.3451833725,
        "min": 3.85093617439,
        "var": 24.0728740692
    },
    "melbands_flatness_db": {
        "dmean": 0.0232556778938,
        "dmean2": 0.0349086411297,
        "dvar": 0.000764058262575,
        "dvar2": 0.00171408022288,
        "max": 0.571826517582,
        "mean": 0.248064339161,
        "median": 0.22159036994,
        "min": 0.0663186237216,
        "var": 0.0109637239948
    },
    "melbands_kurtosis": {
        "dmean": 8.89119625092,
        "dmean2": 13.8878393173,
        "dvar": 275.146057129,
        "dvar2": 643.1875,
        "max": 367.85345459,
        "mean": 21.0154514313,
        "median": 10.9684152603,
        "min": -1.63609349728,
        "var": 1113.8260498
    },
    "melbands_skewness": {
        "dmean": 0.748720884323,
        "dmean2": 1.09496045113,
        "dvar": 0.737632572651,
        "dvar2": 1.63225030899,
        "max": 15.8532981873,
        "mean": 3.21786665916,
        "median": 2.97390580177,
        "min": -0.586225688457,
        "var": 4.06205558777
    },
    "melbands_spread": {
        "dmean": 5.07365942001,
        "dmean2": 7.64901018143,
        "dvar": 42.959651947,
        "dvar2": 89.1951599121,
        "max": 91.0285568237,
        "mean": 19.8310279846,
        "median": 18.0767364502,
        "min": 0.605249524117,
        "var": 217.895492554
    },
    "pitch_salience": {
        "dmean": 0.0639990195632,
        "dmean2": 0.10429636389,
        "dvar": 0.00396304717287,
        "dvar2": 0.0105918161571,
        "max": 0.833631634712,
        "mean": 0.475215524435,
        "median": 0.476501435041,
        "min": 0.109252236784,
        "var": 0.0119814816862
    },
    "silence_rate_20dB": {
        "dmean": 0,
        "dmean2": 0,
        "dvar": 0,
        "dvar2": 0,
        "max": 1,
        "mean": 1,
        "median": 1,
        "min": 1,
        "var": 0
    },
    "silence_rate_30dB": {
        "dmean": 0.0356037169695,
        "dmean2": 0.0712625905871,
        "dvar": 0.0343360416591,
        "dvar2": 0.0894228443503,
        "max": 1,
        "mean": 0.975251376629,
        "median": 1,
        "min": 0,
        "var": 0.0241359565407
    },
    "silence_rate_60dB": {
        "dmean": 0,
        "dmean2": 0,
        "dvar": 0,
        "dvar2": 0,
        "max": 0,
        "mean": 0,
        "median": 0,
        "min": 0,
        "var": 0
    },
    "spectral_centroid": {
        "dmean": 199.703567505,
        "dmean2": 298.445648193,
        "dvar": 58536.7382812,
        "dvar2": 110075.640625,
        "max": 4563.24023438,
        "mean": 1188.20495605,
        "median": 1150.76464844,
        "min": 178.69631958,
        "var": 454011.4375
    },
    "spectral_complexity": {
        "dmean": 2.86764717102,
        "dmean2": 4.55848169327,
        "dvar": 8.73255729675,
        "dvar2": 19.4564208984,
        "max": 50,
        "mean": 18.6774940491,
        "median": 20,
        "min": 3,
        "var": 86.8062438965
    },
    "spectral_decrease": {
        "dmean": 2.68562194705e-09,
        "dmean2": 4.26974056111e-09,
        "dvar": 2.43973050467e-17,
        "dvar2": 6.13294337808e-17,
        "max": -1.14269649298e-09,
        "mean": -9.27707510812e-09,
        "median": -7.64199725722e-09,
        "min": -5.20786862523e-08,
        "var": 3.79339205565e-17
    },
    "spectral_energy": {
        "dmean": 0.0104318987578,
        "dmean2": 0.016514968127,
        "dvar": 0.000353727053152,
        "dvar2": 0.000888032664079,
        "max": 0.198579847813,
        "mean": 0.0371556133032,
        "median": 0.0307862944901,
        "min": 0.00482361856848,
        "var": 0.000576630176511
    },
    "spectral_energyband_high": {
        "dmean": 0.000343237072229,
        "dmean2": 0.000466383033199,
        "dvar": 6.40077189473e-07,
        "dvar2": 1.01655757589e-06,
        "max": 0.0196539387107,
        "mean": 0.00102450430859,
        "median": 0.000395766139263,
        "min": 1.75413660486e-07,
        "var": 3.30148259309e-06
    },
    "spectral_energyband_low": {
        "dmean": 0.00785556901246,
        "dmean2": 0.0130008039996,
        "dvar": 0.000317584053846,
        "dvar2": 0.000821942347102,
        "max": 0.188084572554,
        "mean": 0.0197094958276,
        "median": 0.01454975456,
        "min": 0.000146617545397,
        "var": 0.000377249030862
    },
    "spectral_energyband_middle_high": {
        "dmean": 0.00201467215084,
        "dmean2": 0.00302418484353,
        "dvar": 1.27075190903e-05,
        "dvar2": 3.03803917632e-05,
        "max": 0.0628804117441,
        "mean": 0.00637203129008,
        "median": 0.00357644516043,
        "min": 2.17549877561e-05,
        "var": 7.05189013388e-05
    },
    "spectral_energyband_middle_low": {
        "dmean": 0.00487057957798,
        "dmean2": 0.00744099030271,
        "dvar": 8.08551558293e-05,
        "dvar2": 0.000179370865226,
        "max": 0.102434754372,
        "mean": 0.0121321771294,
        "median": 0.00897370185703,
        "min": 0.000401618483011,
        "var": 0.000154853201821
    },
    "spectral_entropy": {
        "dmean": 0.142437770963,
        "dmean2": 0.213526785374,
        "dvar": 0.0324505120516,
        "dvar2": 0.0619806796312,
        "max": 8.53878211975,
        "mean": 7.40661764145,
        "median": 7.59418821335,
        "min": 5.53683185577,
        "var": 0.378302484751
    },
    "spectral_flux": {
        "dmean": 0.0257042367011,
        "dmean2": 0.0401455499232,
        "dvar": 0.00118255149573,
        "dvar2": 0.00276916241273,
        "max": 0.367078006268,
        "mean": 0.0840999558568,
        "median": 0.0724057257175,
        "min": 0.0103617869318,
        "var": 0.00283483183011
    },
    "spectral_kurtosis": {
        "dmean": 2.30416035652,
        "dmean2": 3.78076410294,
        "dvar": 15.4743375778,
        "dvar2": 37.261100769,
        "max": 54.7665863037,
        "mean": 6.36529254913,
        "median": 3.59296751022,
        "min": -1.03539097309,
        "var": 62.4678573608
    },
    "spectral_rms": {
        "dmean": 0.000737862894312,
        "dmean2": 0.00113816454541,
        "dvar": 1.12608427116e-06,
        "dvar2": 2.63646347776e-06,
        "max": 0.0139189241454,
        "mean": 0.00578604824841,
        "median": 0.00548045709729,
        "min": 0.00216932455078,
        "var": 2.7710723316e-06
    },
    "spectral_rolloff": {
        "dmean": 388.463806152,
        "dmean2": 625.950073242,
        "dvar": 629453.375,
        "dvar2": 1123688.125,
        "max": 10099.0722656,
        "mean": 1230.83703613,
        "median": 796.728515625,
        "min": 64.599609375,
        "var": 2417365.5
    },
    "spectral_skewness": {
        "dmean": 0.254798442125,
        "dmean2": 0.397817701101,
        "dvar": 0.104392781854,
        "dvar2": 0.227641165257,
        "max": 5.42087745667,
        "mean": 1.75394284725,
        "median": 1.49558389187,
        "min": 0.0885883495212,
        "var": 0.854595780373
    },
    "spectral_spread": {
        "dmean": 518087.71875,
        "dmean2": 741196.3125,
        "dvar": 671411273728,
        "dvar2": 958812061696,
        "max": 18671696,
        "mean": 4395797.5,
        "median": 4226232,
        "min": 1197843.25,
        "var": 3.26833379738e+12
    },
    "spectral_strongpeak": {
        "dmean": 0.514266014099,
        "dmean2": 0.870786428452,
        "dvar": 1.41889345646,
        "dvar2": 3.16326618195,
        "max": 14.8028202057,
        "mean": 1.05046117306,
        "median": 0.381490051746,
        "min": 0.0512510687113,
        "var": 3.06588220596
    },
    "zerocrossingrate": {
        "dmean": 0.00806533265859,
        "dmean2": 0.00886432826519,
        "dvar": 0.000128713261802,
        "dvar2": 0.00011846273992,
        "max": 0.24658203125,
        "mean": 0.0494546219707,
        "median": 0.04345703125,
        "min": 0.0029296875,
        "var": 0.00145530025475
    },
    "barkbands": {
        "dmean": [0.000284245441435, 0.00477285776287, 0.00322759337723, 0.00238868943416, 0.00116109778173, 0.00112602044828, 0.000312344054691, 0.00108985474799, 0.00123743445147, 0.000336432975018, 0.000799808593001, 0.000204845506232, 0.000488778168801, 0.000276042759651, 0.000443764380179, 0.000441309966845, 0.000245820614509, 0.000146491933265, 9.815118392e-05, 6.28301786492e-05, 7.76631422923e-05, 9.39740493777e-05, 6.86300700181e-05, 9.57377051236e-05, 8.4173065261e-05, 2.01733619178e-05, 2.13519619763e-08],
        "dmean2": [0.000427131046308, 0.00797166116536, 0.00536888744682, 0.00382859352976, 0.00186996674165, 0.00179728772491, 0.000518267450389, 0.00150358793326, 0.00187428854406, 0.000537071144208, 0.00123382057063, 0.000327458808897, 0.00072725256905, 0.000444267760031, 0.000696411123499, 0.000692540314049, 0.000405342463637, 0.000245987350354, 0.000162577998708, 0.000106303028588, 0.000122433833894, 0.000144214151078, 0.000101509511296, 0.000134236353915, 0.000123240897665, 3.09425995511e-05, 3.6471085707e-08],
        "dvar": [1.09325776521e-06, 0.000148197083035, 6.06768080615e-05, 5.0944458053e-05, 4.53927532362e-06, 5.21103174833e-06, 5.30574425284e-07, 9.33635055844e-06, 1.36849675982e-05, 9.08104823338e-07, 5.67321785638e-06, 3.07041744918e-07, 1.78080119895e-06, 5.16471516221e-07, 1.81065615834e-06, 2.07796074392e-06, 2.53410632922e-07, 5.6988429975e-08, 2.40514523853e-08, 1.10858282554e-08, 2.31576748888e-08, 4.66429348478e-08, 2.0292825198e-08, 1.07083074852e-07, 9.01201246961e-08, 6.1580611721e-09, 1.95657631264e-14],
        "dvar2": [2.45353658102e-06, 0.000395144947106, 0.00015725751291, 0.000120947574032, 1.20409422379e-05, 1.3325204236e-05, 1.25546318941e-06, 1.60431700351e-05, 2.96769758279e-05, 2.21483946916e-06, 1.20793420137e-05, 7.35074877412e-07, 3.47614286511e-06, 1.31679792048e-06, 4.14829401052e-06, 4.57146552435e-06, 6.44602607736e-07, 1.52346260052e-07, 6.38398134356e-08, 3.05970146997e-08, 5.13336608776e-08, 9.07422119667e-08, 4.38278320303e-08, 1.76429381327e-07, 1.69756404489e-07, 1.27764065994e-08, 4.34068335746e-14],
        "max": [0.0114950202405, 0.131299182773, 0.0756034851074, 0.0866382271051, 0.0293985139579, 0.0265103857964, 0.00938395597041, 0.0596218705177, 0.0474334508181, 0.0195911917835, 0.0464755743742, 0.0102847935632, 0.024462338537, 0.0156683027744, 0.0235323309898, 0.0378621071577, 0.00739020854235, 0.00247911084443, 0.00246259034611, 0.00180592935067, 0.00260825292207, 0.00537514593452, 0.00217841425911, 0.00984099879861, 0.00695268344134, 0.00135786877945, 2.47186972047e-06],
        "mean": [0.000314963137498, 0.0124763203785, 0.00492097251117, 0.00302126305178, 0.00257323356345, 0.00187754246872, 0.000435359514086, 0.00184449041262, 0.00221944414079, 0.000553228601348, 0.00179754663259, 0.000299194827676, 0.000932675844524, 0.000457212794572, 0.000675893272273, 0.00074226630386, 0.000440592557425, 0.000272383040283, 0.000212301092688, 0.00014004627883, 0.000179049893632, 0.000211327671423, 0.00015958143922, 0.000189473576029, 0.000179985494469, 2.92954700853e-05, 1.46056704509e-08],
        "median": [2.80527838186e-05, 0.00961844343692, 0.00250340858474, 0.00125036109239, 0.00148914498277, 0.000916152785067, 0.000195447733859, 0.000407186249504, 0.000285889196675, 0.000222296977881, 0.000274888268905, 0.000137818540679, 0.000267089810222, 0.000160499752383, 0.00027743173996, 0.00027114682598, 0.0002306701208, 0.000173011329025, 0.000158333888976, 9.91888227873e-05, 9.67023297562e-05, 6.65432671667e-05, 4.80830640299e-05, 3.7260044337e-05, 2.1930783987e-05, 3.43660599356e-06, 4.7733811348e-10],
        "min": [1.09376287583e-07, 9.35895786824e-06, 1.56932510436e-05, 4.93304833071e-06, 4.0474380512e-05, 1.54305016622e-05, 9.72917518993e-07, 5.16291902386e-06, 7.43620319099e-07, 1.57126805789e-06, 7.5596511806e-07, 2.49953700404e-07, 8.2687165559e-07, 6.76544516409e-07, 1.15295426895e-06, 7.71531574628e-07, 2.53145174156e-07, 2.15570551632e-07, 8.39438527578e-08, 3.34442269434e-08, 1.86768946975e-08, 2.03651620012e-08, 1.51474512933e-08, 3.26057691957e-09, 4.44210397632e-11, 5.65476224873e-12, 7.91446335552e-12],
        "var": [1.41746386362e-06, 0.000170602681465, 6.46395346848e-05, 5.25967443537e-05, 9.30680107558e-06, 7.80131358624e-06, 6.60660532503e-07, 2.09036625165e-05, 3.40063816111e-05, 1.97616668629e-06, 2.68809708359e-05, 3.72780846192e-07, 5.34901164428e-06, 1.10705946099e-06, 2.83180816041e-06, 4.56206817034e-06, 4.62893922304e-07, 1.19916663266e-07, 5.63917872398e-08, 2.54408920597e-08, 6.5068213928e-08, 1.79148784696e-07, 7.03312110772e-08, 3.2315543308e-07, 3.69423503344e-07, 1.12278897291e-08, 1.42596387308e-14]
    },
    "erbbands": {
        "dmean": [0.13495028019, 1.13489890099, 3.12790822983, 6.5404214859, 4.18151330948, 4.31515598297, 9.06335258484, 8.94110298157, 4.45704650879, 9.95937156677, 26.3323364258, 31.043132782, 10.0935401917, 19.1551933289, 28.705657959, 9.27312755585, 22.2103099823, 13.4924020767, 22.7553081512, 19.0194950104, 19.0617370605, 11.2106170654, 8.72186183929, 4.71286582947, 4.57612800598, 3.16429543495, 3.27259016037, 3.16043233871, 3.23596525192, 2.98398041725, 1.79785084724, 1.68924880028, 1.8843319416, 1.23232376575, 0.455304771662, 0.120375975966, 0.0332138240337, 0.0026191486977, 5.4204789194e-05, 1.3863103959e-05],
        "dmean2": [0.227263644338, 1.87828409672, 5.22382211685, 10.7104549408, 6.86319351196, 6.82822465897, 14.0626907349, 14.4408588409, 7.38312196732, 14.969786644, 36.4136695862, 46.3010940552, 15.9020471573, 29.9101085663, 44.3687286377, 14.7266302109, 33.0991592407, 22.0637645721, 35.9839134216, 29.3219165802, 29.5018062592, 18.1873149872, 14.5398797989, 7.89054775238, 7.51716423035, 5.35309362411, 5.23951816559, 5.0247168541, 5.09656858444, 4.51724767685, 2.64444112778, 2.43664813042, 2.69084405899, 1.81212711334, 0.68117827177, 0.174605891109, 0.0531939640641, 0.00423681177199, 8.46354887472e-05, 2.13243947655e-05],
        "dvar": [0.124241583049, 9.47061729431, 64.5176544189, 326.564697266, 112.581871033, 75.0944595337, 260.756561279, 405.104766846, 129.691513062, 776.507141113, 6990.18408203, 9132.47265625, 793.280212402, 4768.61621094, 6724.44287109, 474.305480957, 3844.96411133, 870.939025879, 5709.01757812, 2900.8046875, 2345.57519531, 501.007019043, 229.4894104, 63.7055206299, 54.3624420166, 30.8207473755, 45.8156013489, 48.9692230225, 66.8776626587, 35.1836166382, 16.2022190094, 22.848154068, 55.8001174927, 19.5159378052, 2.61977243423, 0.223099648952, 0.0152028119192, 9.77311719907e-05, 3.48342261702e-08, 5.19472853622e-10],
        "dvar2": [0.310431599617, 24.6253414154, 170.497329712, 786.572509766, 281.937896729, 182.255523682, 676.026428223, 1017.8215332, 314.29510498, 1736.73974609, 12111.2226562, 20031.5703125, 2017.72924805, 10284.1074219, 16217.1943359, 1214.48242188, 7509.31201172, 2067.46777344, 14324.6269531, 5433.75585938, 5187.93017578, 1205.2989502, 610.100646973, 173.597427368, 143.587738037, 86.4004364014, 96.2033843994, 121.512687683, 131.969329834, 76.884513855, 33.621131897, 37.526725769, 105.559921265, 37.6584510803, 4.71382427216, 0.468905031681, 0.029416969046, 0.000214494793909, 7.30921456693e-08, 1.22440180217e-09],
        "max": [3.78436255455, 33.3785934448, 87.1089096069, 216.166976929, 114.980606079, 147.192153931, 226.424057007, 254.841918945, 163.864593506, 592.460571289, 1632.42871094, 1268.50927734, 507.965667725, 1538.72912598, 2005.41931152, 471.046539307, 1217.71789551, 503.383666992, 1596.41027832, 1463.17651367, 1194.1541748, 317.14251709, 168.051010132, 101.783607483, 86.0788040161, 98.6028747559, 155.820770264, 155.831207275, 212.565673828, 96.3939437866, 68.4357910156, 117.440887451, 234.940872192, 111.257087708, 43.8978385925, 8.94579219818, 1.92919945717, 0.182330593467, 0.00318488036282, 0.000263821973931],
        "mean": [0.30896922946, 2.9552795887, 5.47196388245, 9.68711185455, 6.21954774857, 9.08781242371, 17.0385627747, 14.2308959961, 7.09077119827, 18.1471557617, 45.8378639221, 58.0628318787, 17.8637657166, 36.7199325562, 64.1402282715, 17.4442157745, 43.3033599854, 25.4332408905, 36.6600074768, 35.4492721558, 34.4397392273, 22.737821579, 17.2056217194, 10.7761316299, 9.72507953644, 7.16489696503, 7.49551677704, 6.87509059906, 7.08812570572, 6.80194568634, 4.1939368248, 3.42934608459, 3.49417352676, 2.51970076561, 0.966721892357, 0.20073504746, 0.0485234372318, 0.00308136106469, 9.48141314439e-05, 5.0058170018e-05],
        "median": [0.193917736411, 2.4210922718, 3.25136065483, 4.56672906876, 3.15327382088, 4.41698408127, 8.03164577484, 6.59307670593, 3.66487407684, 4.63891267776, 9.96446800232, 8.8115272522, 7.01738595963, 9.98218345642, 11.8539896011, 8.40020656586, 13.2574510574, 11.084025383, 15.8782100677, 13.843000412, 16.686088562, 13.6974000931, 10.7796344757, 8.2394952774, 6.85097265244, 5.2429022789, 4.48953962326, 3.22218561172, 2.14761590958, 2.00557398796, 1.22412717342, 0.665524959564, 0.590754985809, 0.315828293562, 0.10346314311, 0.0259631238878, 0.00445806980133, 0.000271792494459, 2.87624716293e-05, 3.99488599214e-05],
        "min": [0.000559918349609, 0.00599693180993, 0.0322280265391, 0.02669047378, 0.126988604665, 0.122331723571, 0.131526276469, 0.150707617402, 0.0373697578907, 0.0577846132219, 0.128248021007, 0.0462835021317, 0.0892230570316, 0.0595066286623, 0.0274979937822, 0.0434136576951, 0.0412275642157, 0.0478559173644, 0.0577736571431, 0.0483255572617, 0.0408927164972, 0.0250900648534, 0.014494872652, 0.00730761047453, 0.00476552173495, 0.00231200922281, 0.000852969998959, 0.000788399076555, 0.000693567912094, 0.000604238011874, 0.000571600859985, 0.000335798977176, 8.61268126755e-05, 1.12172738227e-05, 9.86420582194e-06, 7.22246250007e-06, 2.94586970995e-06, 2.45821041744e-07, 4.20447122451e-06, 6.32746196061e-06],
        "var": [0.198734030128, 8.96646976471, 59.775177002, 355.364868164, 117.560684204, 165.921295166, 541.666687012, 547.166870117, 148.631011963, 1614.81567383, 16699.78125, 22444.6484375, 1382.13513184, 12733.4208984, 31917.2089844, 779.1015625, 11632.3945312, 1947.84594727, 7297.49658203, 8430.71191406, 4884.82910156, 1055.25170898, 496.870422363, 135.841659546, 127.696899414, 66.9782028198, 114.606864929, 132.683486938, 234.508361816, 122.168937683, 54.8754234314, 70.0456237793, 146.336685181, 71.731048584, 11.3623867035, 0.448628544807, 0.0302439667284, 0.000157559363288, 6.62655637029e-08, 1.23106247418e-09]
    },
    "gfcc": {
        "mean": [-1.41542088985, 115.063682556, -110.28062439, 44.2790336609, -48.2005195618, 27.9329795837, -34.8140678406, 10.7023429871, -15.2693185806, 0.998695850372, -12.0816469193, -3.54350829124, -3.13009166718],
        "cov": [[5659.17529297, -2732.37182617, -936.13293457, 403.032531738, -1024.1541748, 341.51965332, -581.932556152, 396.347930908, -462.375335693, 254.454330444, -452.411712646, 209.589492798, -283.41973877], [-2732.37182617, 2003.47363281, 63.0939445496, -335.263092041, 596.194824219, -294.442626953, 419.009246826, -301.23550415, 306.91708374, -244.883224487, 253.022613525, -180.170837402, 163.754638672], [-936.13293457, 63.0939445496, 983.716552734, -136.93598938, 135.349563599, 58.8121681213, -129.452941895, 64.0573730469, -10.6675043106, 107.715316772, 12.1735649109, 40.7528877258, -31.7603969574], [403.032531738, -335.263092041, -136.93598938, 563.29888916, -132.359893799, -88.0312728882, -56.9671173096, -4.53566932678, 37.2476921082, -49.7352027893, 11.2835292816, -1.73328280449, 45.7940254211], [-1024.1541748, 596.194824219, 135.349563599, -132.359893799, 397.93182373, -62.7489433289, 136.458374023, -78.2195892334, 58.5209999084, -45.7431793213, 61.1504936218, -31.3044586182, 35.3711433411], [341.51965332, -294.442626953, 58.8121681213, -88.0312728882, -62.7489433289, 234.440856934, 9.00831031799, 36.0340576172, -76.0949478149, 50.45520401, -29.6506481171, 27.8393268585, -43.6726226807], [-581.932556152, 419.009246826, -129.452941895, -56.9671173096, 136.458374023, 9.00831031799, 304.99395752, -97.7745285034, 57.2026824951, -81.8319549561, 50.1759147644, -43.4124794006, 19.3602409363], [396.347930908, -301.23550415, 64.0573730469, -4.53566932678, -78.2195892334, 36.0340576172, -97.7745285034, 165.321380615, -18.1288490295, 54.630355835, -49.2332267761, 27.8185443878, -16.162399292], [-462.375335693, 306.91708374, -10.6675043106, 37.2476921082, 58.5209999084, -76.0949478149, 57.2026824951, -18.1288490295, 164.985061646, -47.7444496155, 44.7245063782, -43.6120948792, 44.0565757751], [254.454330444, -244.883224487, 107.715316772, -49.7352027893, -45.7431793213, 50.45520401, -81.8319549561, 54.630355835, -47.7444496155, 137.876754761, -23.1995811462, 26.5050640106, -33.5484924316], [-452.411712646, 253.022613525, 12.1735649109, 11.2835292816, 61.1504936218, -29.6506481171, 50.1759147644, -49.2332267761, 44.7245063782, -23.1995811462, 118.034065247, -6.29797887802, 42.9762115479], [209.589492798, -180.170837402, 40.7528877258, -1.73328280449, -31.3044586182, 27.8393268585, -43.4124794006, 27.8185443878, -43.6120948792, 26.5050640106, -6.29797887802, 93.4045715332, -4.16705799103], [-283.41973877, 163.754638672, -31.7603969574, 45.7940254211, 35.3711433411, -43.6726226807, 19.3602409363, -16.162399292, 44.0565757751, -33.5484924316, 42.9762115479, -4.16705799103, 104.293769836]],
        "icov": [[0.0013763285242, 0.000285243819235, 0.00146420230158, -0.000489066587761, 0.00105726986658, -0.000767401768826, 0.00118229107466, -0.000852368073538, 0.00097383762477, -0.000456189853139, 0.00188505998813, -0.00101937563159, 0.00154585100245], [0.000285243819235, 0.00578996026888, -0.000562224362511, 0.00381354242563, -0.00248744781129, 0.00405392795801, -0.00189425190911, 0.00331043149345, -0.00323107629083, 0.00367395789362, -0.00411489559337, 0.00400251056999, -0.00235343491659], [0.00146420230158, -0.000562224362511, 0.00308845774271, -0.0010206149891, 0.00066902989056, -0.00194311898667, 0.00243392540142, -0.00163161929231, 0.00111224211287, -0.00169333966915, 0.00228430493735, -0.0020519583486, 0.00246735452674], [-0.000489066587761, 0.00381354242563, -0.0010206149891, 0.00515081454068, -0.0012808246538, 0.00383783155121, -0.00150422228035, 0.002877864521, -0.00293920491822, 0.00345689174719, -0.00390452682041, 0.00311295804568, -0.00303567410447], [0.00105726986658, -0.00248744781129, 0.00066902989056, -0.0012808246538, 0.00633328594267, -0.0012379825348, 0.00028418682632, -0.00157832656987, 0.00238739093766, -0.00178487598896, 0.00308591662906, -0.00249056750908, 0.00162744673435], [-0.000767401768826, 0.00405392795801, -0.00194311898667, 0.00383783155121, -0.0012379825348, 0.00989178940654, -0.004222123418, 0.00204135710374, -0.000809798482805, 0.00202391645871, -0.00437024654821, 0.00318446359597, -0.00214417115785], [0.00118229107466, -0.00189425190911, 0.00243392540142, -0.00150422228035, 0.00028418682632, -0.004222123418, 0.00788710266352, -0.000198831054149, 0.000653255265206, 8.96904020919e-05, 0.00246346183121, -0.00174308533315, 0.00289764162153], [-0.000852368073538, 0.00331043149345, -0.00163161929231, 0.002877864521, -0.00157832656987, 0.00204135710374, -0.000198831054149, 0.0118858218193, -0.00460947677493, 0.000771890860051, -0.000877058773767, 0.00171252212021, -0.00338037940674], [0.00097383762477, -0.00323107629083, 0.00111224211287, -0.00293920491822, 0.00238739093766, -0.000809798482805, 0.000653255265206, -0.00460947677493, 0.0124868210405, -0.00133164715953, 0.00187265651766, 0.000134799964144, 0.000895109551493], [-0.000456189853139, 0.00367395789362, -0.00169333966915, 0.00345689174719, -0.00178487598896, 0.00202391645871, 8.96904020919e-05, 0.000771890860051, -0.00133164715953, 0.0137385036796, -0.0045208609663, 0.00267481151968, -0.000534408492967], [0.00188505998813, -0.00411489559337, 0.00228430493735, -0.00390452682041, 0.00308591662906, -0.00437024654821, 0.00246346183121, -0.000877058773767, 0.00187265651766, -0.0045208609663, 0.0184693038464, -0.00607179896906, 0.000425305013778], [-0.00101937563159, 0.00400251056999, -0.0020519583486, 0.00311295804568, -0.00249056750908, 0.00318446359597, -0.00174308533315, 0.00171252212021, 0.000134799964144, 0.00267481151968, -0.00607179896906, 0.0172664560378, -0.00428389338776], [0.00154585100245, -0.00235343491659, 0.00246735452674, -0.00303567410447, 0.00162744673435, -0.00214417115785, 0.00289764162153, -0.00338037940674, 0.000895109551493, -0.000534408492967, 0.000425305013778, -0.00428389338776, 0.0161606669426]]
    },
    "melbands": {
        "dmean": [0.0012737326324, 0.00150957063306, 0.00104270502925, 0.000233718950767, 0.000297362741549, 0.000197217057575, 6.48692875984e-05, 0.000126646496938, 0.000226954827667, 0.000190165199456, 4.63203905383e-05, 7.40477044019e-05, 0.00010357501742, 3.65599007637e-05, 2.97975366266e-05, 5.3885676607e-05, 2.43241829594e-05, 3.79174744012e-05, 2.72383222182e-05, 3.85694038414e-05, 2.03492290893e-05, 1.40365518746e-05, 1.06358675112e-05, 6.4814939833e-06, 4.0116137825e-06, 4.60890669274e-06, 2.18956120079e-06, 2.30555292546e-06, 2.19118260247e-06, 2.02166165764e-06, 2.01653892873e-06, 1.97055737772e-06, 2.00126623895e-06, 1.71935118942e-06, 1.13203714136e-06, 1.03335173662e-06, 1.12101793093e-06, 1.34370327487e-06, 1.48075469042e-06, 1.01819682641e-06],
        "dmean2": [0.00212825438939, 0.00247007329017, 0.00169334420934, 0.000380830606446, 0.0004642069689, 0.000320422608638, 0.000107784719148, 0.000186310979188, 0.000315439683618, 0.000284107256448, 7.30277752155e-05, 0.000116794195492, 0.000156837428221, 5.69628755329e-05, 4.50341503893e-05, 7.88956967881e-05, 4.06440558436e-05, 5.99435334152e-05, 4.2661515181e-05, 6.01130559517e-05, 3.26256922563e-05, 2.28567914746e-05, 1.78580885404e-05, 1.09923184937e-05, 6.76530771671e-06, 7.65091681387e-06, 3.59562250196e-06, 3.96499081035e-06, 3.59541513717e-06, 3.26212716573e-06, 3.21106017509e-06, 3.07264735966e-06, 3.17089074997e-06, 2.65783342002e-06, 1.71975079866e-06, 1.57602949002e-06, 1.67544806118e-06, 1.9285844246e-06, 2.25218923333e-06, 1.59546686973e-06],
        "dvar": [1.03129523268e-05, 1.5507095668e-05, 8.08910590422e-06, 2.20841755549e-07, 2.6646648621e-07, 1.87639045635e-07, 2.49936444874e-08, 1.16799604655e-07, 5.20215451161e-07, 3.6244051671e-07, 1.89366726744e-08, 7.24151050235e-08, 8.33883433415e-08, 1.05487139024e-08, 3.38460326432e-09, 2.94960731395e-08, 3.70536978878e-09, 1.65286309084e-08, 5.67988012179e-09, 1.85621455984e-08, 1.69413683082e-09, 9.51547951544e-10, 3.75774328321e-10, 1.14214124269e-10, 4.827927641e-11, 6.17744674858e-11, 1.04351067717e-11, 1.92162362411e-11, 2.00896816543e-11, 1.43068647207e-11, 2.32465331707e-11, 2.63626620534e-11, 2.14186810649e-11, 1.15115096275e-11, 6.90132499759e-12, 5.83993617354e-12, 1.12460336182e-11, 2.56875579835e-11, 3.71824307455e-11, 1.33688381546e-11],
        "dvar2": [2.73559289781e-05, 4.02866498916e-05, 1.94358453882e-05, 5.48085267837e-07, 7.06431876552e-07, 4.75478543649e-07, 6.03710716973e-08, 2.52452878158e-07, 9.4085606861e-07, 7.96986967089e-07, 4.92387002282e-08, 1.58105166292e-07, 1.84579434404e-07, 2.5791107916e-08, 6.6001235588e-09, 5.85585020474e-08, 9.04369645838e-09, 4.12911163039e-08, 1.25138175378e-08, 4.03260500548e-08, 3.90037691034e-09, 2.33367014602e-09, 1.02260488966e-09, 3.11205838877e-10, 1.33021871296e-10, 1.63222324545e-10, 2.71793004769e-11, 5.44762047971e-11, 4.25735419141e-11, 3.20691494193e-11, 5.7591278968e-11, 5.39849727421e-11, 4.33938718292e-11, 2.74034232806e-11, 1.61510978203e-11, 1.18318809611e-11, 1.86688563913e-11, 4.74754159596e-11, 8.01177110765e-11, 2.72631067028e-11],
        "max": [0.0336761511862, 0.0442343838513, 0.0329711921513, 0.00577433174476, 0.00730208773166, 0.00509122898802, 0.00221091439016, 0.00655362149701, 0.012454806827, 0.00889789033681, 0.00256682513282, 0.00564864231274, 0.00525201391429, 0.00259276502766, 0.000988074229099, 0.003117013257, 0.00118088838644, 0.00273907603696, 0.00155135116074, 0.00348417880014, 0.000751264917199, 0.000461556162918, 0.000360941776307, 0.000119877418911, 8.02915237728e-05, 0.00010225996084, 4.56247689726e-05, 7.86588570918e-05, 8.53500387166e-05, 6.04993037996e-05, 0.000118676849524, 0.000137280803756, 0.00010381838365, 4.15291287936e-05, 4.99750240124e-05, 4.86292919959e-05, 7.9231824202e-05, 0.000155664063641, 0.000170559884282, 7.26326397853e-05],
        "mean": [0.00324751692824, 0.00339153991081, 0.00157011079136, 0.000467437552288, 0.000601845618803, 0.000319605285767, 9.89756008494e-05, 0.000227821423323, 0.0003999346809, 0.000344970845617, 7.40885589039e-05, 0.000133218520205, 0.000236527659581, 6.33228555671e-05, 5.40887667739e-05, 9.92392306216e-05, 4.04520869779e-05, 5.9705824242e-05, 4.22949742642e-05, 6.26115943305e-05, 3.48718676833e-05, 2.51906731137e-05, 1.91895069293e-05, 1.15658986033e-05, 8.11388326838e-06, 8.76280137163e-06, 4.62413709101e-06, 4.66834171675e-06, 4.66772689833e-06, 4.173531579e-06, 3.93981554225e-06, 3.94948710891e-06, 4.19942944063e-06, 3.5719187963e-06, 2.38477991843e-06, 2.05976675716e-06, 2.1141624984e-06, 2.31633043768e-06, 2.60936553786e-06, 1.99135229195e-06],
        "median": [0.00240442762151, 0.00261548208073, 0.000767588149756, 0.000267192488536, 0.000300680112559, 0.000153104090714, 4.82881005155e-05, 5.75935264351e-05, 7.12125838618e-05, 4.41765077994e-05, 2.59752378042e-05, 3.24003958667e-05, 3.69932276953e-05, 2.41245179495e-05, 2.35552415688e-05, 2.46426261583e-05, 1.53180590132e-05, 2.25986059377e-05, 1.68404003489e-05, 1.79063572432e-05, 1.80384577106e-05, 1.34552883537e-05, 1.04942300823e-05, 7.49716718929e-06, 5.15663487022e-06, 4.99289672007e-06, 3.31738215209e-06, 3.23581298289e-06, 2.65499716079e-06, 2.3969389531e-06, 1.59057287874e-06, 1.1661049939e-06, 1.15422074032e-06, 1.05279286799e-06, 6.96613767559e-07, 4.83010467178e-07, 3.42377660445e-07, 3.52518782165e-07, 3.24584277678e-07, 2.17581018092e-07],
        "min": [3.68032601727e-06, 2.46937543125e-05, 4.15975546275e-06, 1.05877816168e-05, 6.25110305918e-06, 2.73138243756e-06, 4.00586401383e-07, 8.35282662592e-07, 7.7408475363e-07, 1.64455840945e-07, 2.92693187021e-07, 2.1497945113e-07, 7.79950823926e-08, 3.93989267877e-08, 5.79670249579e-08, 8.32433144637e-08, 6.33075174505e-08, 6.55138521211e-08, 9.07469157596e-08, 5.9261751062e-08, 3.97736421576e-08, 2.67422883837e-08, 1.17779102027e-08, 6.54575682546e-09, 5.14082199032e-09, 2.53355358915e-09, 3.11439429801e-09, 1.10345110826e-09, 4.80696094041e-10, 3.9574249433e-10, 4.31957081215e-10, 3.90551063711e-11, 2.17152462678e-10, 2.24862448106e-10, 1.19975585022e-10, 1.15261439282e-10, 6.8494081934e-12, 9.25923617293e-13, 2.46834697864e-13, 1.02957620457e-13],
