{
"highlevel": {
    "danceability": {
        "all": {
            "danceable": 0.97153711319,
            "not_danceable": 0.0284628756344
        },
        "probability": 0.97153711319,
        "value": "danceable"
    },
    "gender": {
        "all": {
            "female": 0.686397850513,
            "male": 0.313602119684
        },
        "probability": 0.686397850513,
        "value": "female"
    },
    "genre_dortmund": {
        "all": {
            "alternative": 0.180313557386,
            "blues": 0.00769222574309,
            "electronic": 0.00915629044175,
            "folkcountry": 0.301900684834,
            "funksoulrnb": 0.0116928247735,
            "jazz": 0.0167644005269,
            "pop": 0.269960820675,
            "raphiphop": 0.00910269934684,
            "rock": 0.193416491151
        },
        "probability": 0.301900684834,
        "value": "folkcountry"
    },
    "genre_electronic": {
        "all": {
            "ambient": 0.658508658409,
            "dnb": 0.105673268437,
            "house": 0.143118351698,
            "techno": 0.0174876525998,
            "trance": 0.075212046504
        },
        "probability": 0.658508658409,
        "value": "ambient"
    },
    "genre_rosamerica": {
        "all": {
            "cla": 0.0032541337423,
            "dan": 0.027435304597,
            "hip": 0.0121608171612,
            "jaz": 0.00490684108809,
            "pop": 0.663248896599,
            "rhy": 0.252158284187,
            "roc": 0.0330583937466,
            "spe": 0.0037773582153
        },
        "probability": 0.663248896599,
        "value": "pop"
    },
    "genre_tzanetakis": {
        "all": {
            "blu": 0.0642214938998,
            "cla": 0.0356696359813,
            "cou": 0.0802658647299,
            "dis": 0.0642494857311,
            "hip": 0.160689160228,
            "jaz": 0.321663022041,
            "met": 0.0643127858639,
            "pop": 0.0642928555608,
            "reg": 0.064283400774,
            "roc": 0.0803522914648
        },
        "probability": 0.321663022041,
        "value": "jaz"
    },
    "ismir04_rhythm": {
        "all": {
            "ChaChaCha": 0.042261172086,
            "Jive": 0.0212020874023,
            "Quickstep": 0.0914036631584,
            "Rumba-American": 0.0101532787085,
            "Rumba-International": 0.297281831503,
            "Rumba-Misc": 0.0242593195289,
            "Samba": 0.119822025299,
            "Tango": 0.0239696595818,
            "VienneseWaltz": 0.327437907457,
            "Waltz": 0.0422090627253
        },
        "probability": 0.327437907457,
        "value": "VienneseWaltz"
    },
    "mood_acoustic": {
        "all": {
            "acoustic": 0.81673938036,
            "not_acoustic": 0.18326061964
        },
        "probability": 0.81673938036,
        "value": "acoustic"
    },
    "mood_aggressive": {
        "all": {
            "aggressive": 0.0102507388219,
            "not_aggressive": 0.989749252796
        },
        "probability": 0.989749252796,
        "value": "not_aggressive"
    },
    "mood_electronic": {
        "all": {
            "electronic": 0.0862692147493,
            "not_electronic": 0.913730800152
        },
        "probability": 0.913730800152,
        "value": "not_electronic"
    },
    "mood_happy": {
        "all": {
            "happy": 0.938629090786,
            "not_happy": 0.0613708980381
        },
        "probability": 0.938629090786,
        "value": "happy"
    },
    "mood_party": {
        "all": {
            "not_party": 0.939783632755,
            "party": 0.0602163746953
        },
        "probability": 0.939783632755,
        "value": "not_party"
    },
    "mood_relaxed": {
        "all": {
            "not_relaxed": 0.736070692539,
            "relaxed": 0.263929277658
        },
        "probability": 0.736070692539,
        "value": "not_relaxed"
    },
    "mood_sad": {
        "all": {
            "not_sad": 0.118882484734,
            "sad": 0.881117522717
        },
        "probability": 0.881117522717,
        "value": "sad"
    },
    "moods_mirex": {
        "all": {
            "Cluster1": 0.0771678686142,
            "Cluster2": 0.280278563499,
            "Cluster3": 0.587362349033,
            "Cluster4": 0.0511112548411,
            "Cluster5": 0.00407996214926
        },
        "probability": 0.587362349033,
        "value": "Cluster3"
    },
    "timbre": {
        "all": {
            "bright": 0.987592279911,
            "dark": 0.0124077228829
        },
        "probability": 0.987592279911,
        "value": "bright"
    },
    "tonal_atonal": {
        "all": {
            "atonal": 0.000385032122722,
            "tonal": 0.999614953995
        },
        "probability": 0.999614953995,
        "value": "tonal"
    },
    "voice_instrumental": {
        "all": {
            "instrumental": 6.52812595945e-05,
            "voice": 0.999934732914
        },
        "probability": 0.999934732914,
        "value": "voice"
    }
},
"lowlevel": {
    "average_loudness": 0.963015794754,
    "barkbands_crest": {
        "dmean": 2.6565656662,
        "dmean2": 4.32394742966,
        "dvar": 6.8119058609,
        "dvar2": 17.3515167236,
        "max": 24.3149814606,
        "mean": 10.2192192078,
        "median": 9.49512004852,
        "min": 3.54521417618,
        "var": 14.0212869644
    },
    "barkbands_flatness_db": {
        "dmean": 0.0228010024875,
        "dmean2": 0.0354431457818,
        "dvar": 0.000552075973246,
        "dvar2": 0.00134166458156,
        "max": 0.375340849161,
        "mean": 0.175404936075,
        "median": 0.168492034078,
        "min": 0.0777761936188,
        "var": 0.00182145170402
    },
    "barkbands_kurtosis": {
        "dmean": 5.44455766678,
        "dmean2": 8.90175914764,
        "dvar": 183.674057007,
        "dvar2": 469.427856445,
        "max": 170.036621094,
        "mean": 8.82588005066,
        "median": 5.51669216156,
        "min": -1.88741576672,
        "var": 199.197174072
    },
    "barkbands_skewness": {
        "dmean": 0.650411486626,
        "dmean2": 0.996363997459,
        "dvar": 0.800488173962,
        "dvar2": 1.88856160641,
        "max": 11.020488739,
        "mean": 2.06505298615,
        "median": 2.02090644836,
        "min": -1.21368062496,
        "var": 2.11456775665
    },
    "barkbands_spread": {
        "dmean": 5.03643274307,
        "dmean2": 7.40051841736,
        "dvar": 67.6846313477,
        "dvar2": 119.420249939,
        "max": 104.089233398,
        "mean": 17.5241527557,
        "median": 13.6965885162,
        "min": 0.893213450909,
        "var": 254.156860352
    },
    "dissonance": {
        "dmean": 0.0239223763347,
        "dmean2": 0.039671625942,
        "dvar": 0.000437734328443,
        "dvar2": 0.00123525736853,
        "max": 0.498863399029,
        "mean": 0.442770779133,
        "median": 0.447502225637,
        "min": 0.277652531862,
        "var": 0.00104926270433
    },
    "dynamic_complexity": 2.67073941231,
    "erbbands_crest": {
        "dmean": 2.49471783638,
        "dmean2": 3.93120408058,
        "dvar": 4.93421316147,
        "dvar2": 11.9557723999,
        "max": 24.8276939392,
        "mean": 9.96786785126,
        "median": 9.32339382172,
        "min": 3.30148530006,
        "var": 14.2607717514
    },
    "erbbands_flatness_db": {
        "dmean": 0.01727463305,
        "dmean2": 0.02550794743,
        "dvar": 0.000248992815614,
        "dvar2": 0.000505703559611,
        "max": 0.262720435858,
        "mean": 0.150433406234,
        "median": 0.151219785213,
        "min": 0.0612401179969,
        "var": 0.00133045692928
    },
    "erbbands_kurtosis": {
        "dmean": 1.33838272095,
        "dmean2": 2.06733179092,
        "dvar": 2.33099222183,
        "dvar2": 5.68984699249,
        "max": 19.2949695587,
        "mean": 2.01056241989,
        "median": 1.54133272171,
        "min": -1.71553266048,
        "var": 8.02215480804
    },
    "erbbands_skewness": {
        "dmean": 0.387109041214,
        "dmean2": 0.577747285366,
        "dvar": 0.16144067049,
        "dvar2": 0.310704469681,
        "max": 4.10812902451,
        "mean": 1.00957429409,
        "median": 1.11222398281,
        "min": -3.19124269485,
        "var": 0.710271775723
    },
    "erbbands_spread": {
        "dmean": 9.55561161041,
        "dmean2": 14.1440505981,
        "dvar": 125.934425354,
        "dvar2": 267.036743164,
        "max": 138.276351929,
        "mean": 40.9714698792,
        "median": 34.7541046143,
        "min": 7.62190914154,
        "var": 574.578735352
    },
    "hfc": {
        "dmean": 7.89730882645,
        "dmean2": 10.1836385727,
        "dvar": 333.135131836,
        "dvar2": 448.469207764,
        "max": 370.424865723,
        "mean": 26.6539669037,
        "median": 20.6768093109,
        "min": 1.05507445335,
        "var": 1354.00769043
    },
    "melbands_crest": {
        "dmean": 2.96052527428,
        "dmean2": 4.84496879578,
        "dvar": 7.38425540924,
        "dvar2": 17.9231586456,
        "max": 27.4515228271,
        "mean": 13.717546463,
        "median": 12.5566921234,
        "min": 4.60526943207,
        "var": 24.5436668396
    },
    "melbands_flatness_db": {
        "dmean": 0.0271935351193,
        "dmean2": 0.0400612726808,
        "dvar": 0.000841313856654,
        "dvar2": 0.0019303902518,
        "max": 0.462460547686,
        "mean": 0.235094800591,
        "median": 0.225871250033,
        "min": 0.0707921087742,
        "var": 0.00349460495636
    },
    "melbands_kurtosis": {
        "dmean": 11.6767416,
        "dmean2": 18.7850379944,
        "dvar": 671.300964355,
        "dvar2": 1657.11291504,
        "max": 301.124359131,
        "mean": 20.6387004852,
        "median": 12.8789672852,
        "min": -1.24651908875,
        "var": 921.638793945
    },
    "melbands_skewness": {
        "dmean": 0.873209178448,
        "dmean2": 1.34407651424,
        "dvar": 1.13697230816,
        "dvar2": 2.68539476395,
        "max": 13.6728038788,
        "mean": 2.86241841316,
        "median": 2.66929912567,
        "min": -0.332257479429,
        "var": 3.74361276627
    },
    "melbands_spread": {
        "dmean": 5.32471895218,
        "dmean2": 7.61250352859,
        "dvar": 149.241439819,
        "dvar2": 261.288848877,
        "max": 186.321640015,
        "mean": 16.7683105469,
        "median": 12.4419250488,
        "min": 0.633981823921,
        "var": 391.831665039
    },
    "pitch_salience": {
        "dmean": 0.0784750580788,
        "dmean2": 0.125335842371,
        "dvar": 0.00566039932892,
        "dvar2": 0.0140387965366,
        "max": 0.799995601177,
        "mean": 0.526665449142,
        "median": 0.538523137569,
        "min": 0.10840536654,
        "var": 0.012349720113
    },
    "silence_rate_20dB": {
        "dmean": 0,
        "dmean2": 0,
        "dvar": 0,
        "dvar2": 0,
        "max": 1,
        "mean": 1,
        "median": 1,
        "min": 1,
        "var": 0
    },
    "silence_rate_30dB": {
        "dmean": 0.0340557284653,
        "dmean2": 0.0681642144918,
        "dvar": 0.0328958258033,
        "dvar2": 0.0898539274931,
        "max": 1,
        "mean": 0.979118347168,
        "median": 1,
        "min": 0,
        "var": 0.02044583112
    },
    "silence_rate_60dB": {
        "dmean": 0,
        "dmean2": 0,
        "dvar": 0,
        "dvar2": 0,
        "max": 0,
        "mean": 0,
        "median": 0,
        "min": 0,
        "var": 0
    },
    "spectral_centroid": {
        "dmean": 193.564071655,
        "dmean2": 280.577148438,
        "dvar": 85165.1171875,
        "dvar2": 139613.640625,
        "max": 4584.67333984,
        "mean": 959.288269043,
        "median": 815.359130859,
        "min": 200.485443115,
        "var": 369602.25
    },
    "spectral_complexity": {
        "dmean": 2.29179573059,
        "dmean2": 3.59798598289,
        "dvar": 4.80729436874,
        "dvar2": 10.6029062271,
        "max": 39,
        "mean": 14.9505023956,
        "median": 15,
        "min": 4,
        "var": 37.0633201599
    },
    "spectral_decrease": {
        "dmean": 3.95383414897e-09,
        "dmean2": 6.22178086829e-09,
        "dvar": 4.20333714241e-17,
        "dvar2": 1.06267436691e-16,
        "max": -7.26673332618e-10,
        "mean": -9.90615145469e-09,
        "median": -8.54164383668e-09,
        "min": -5.34959525567e-08,
        "var": 5.04753848499e-17
    },
    "spectral_energy": {
        "dmean": 0.0153054054826,
        "dmean2": 0.0239570401609,
        "dvar": 0.000605850189459,
        "dvar2": 0.00153392378706,
        "max": 0.204296648502,
        "mean": 0.0398056358099,
        "median": 0.0350983142853,
        "min": 0.00331166572869,
        "var": 0.00075903814286
    },
    "spectral_energyband_high": {
        "dmean": 0.000670515815727,
        "dmean2": 0.000814983504824,
        "dvar": 5.32184230906e-06,
        "dvar2": 6.73509111948e-06,
        "max": 0.0411155745387,
        "mean": 0.00151251314674,
        "median": 0.000503750576172,
        "min": 2.77693175121e-06,
        "var": 1.95018565137e-05
    },
    "spectral_energyband_low": {
        "dmean": 0.0118418103084,
        "dmean2": 0.0197698865086,
        "dvar": 0.000654657837003,
        "dvar2": 0.00169222231489,
        "max": 0.184928253293,
        "mean": 0.0162967760116,
        "median": 0.0100116794929,
        "min": 0.00015442269796,
        "var": 0.000531041179784
    },
    "spectral_energyband_middle_high": {
        "dmean": 0.00145308091305,
        "dmean2": 0.0021138091106,
        "dvar": 7.6407677625e-06,
        "dvar2": 1.60842027981e-05,
        "max": 0.0560332946479,
        "mean": 0.00506574707106,
        "median": 0.00198121322319,
        "min": 4.36484006059e-05,
        "var": 5.53330719413e-05
    },
    "spectral_energyband_middle_low": {
        "dmean": 0.00625744555146,
        "dmean2": 0.00931330211461,
        "dvar": 5.02116818097e-05,
        "dvar2": 0.000108737025585,
        "max": 0.0671507269144,
        "mean": 0.0181428566575,
        "median": 0.0153672359884,
        "min": 0.000752403808292,
        "var": 0.000170487168361
    },
    "spectral_entropy": {
        "dmean": 0.171757608652,
        "dmean2": 0.244580045342,
        "dvar": 0.0284986738116,
        "dvar2": 0.0536060631275,
        "max": 8.66816616058,
        "mean": 7.3945183754,
        "median": 7.3759803772,
        "min": 5.96844148636,
        "var": 0.168317258358
    },
    "spectral_flux": {
        "dmean": 0.0351853892207,
        "dmean2": 0.0546440184116,
        "dvar": 0.00206515449099,
        "dvar2": 0.00453791022301,
        "max": 0.356352806091,
        "mean": 0.0995504409075,
        "median": 0.0859844908118,
        "min": 0.0166508238763,
        "var": 0.00361611205153
    },
    "spectral_kurtosis": {
        "dmean": 1.33332049847,
        "dmean2": 2.09057855606,
        "dvar": 3.7603559494,
        "dvar2": 8.28669261932,
        "max": 39.3894309998,
        "mean": 3.87771224976,
        "median": 3.38864135742,
        "min": -0.92299413681,
        "var": 9.16657066345
    },
    "spectral_rms": {
        "dmean": 0.00108186074067,
        "dmean2": 0.00164279004093,
        "dvar": 2.08408914659e-06,
        "dvar2": 4.91983428219e-06,
        "max": 0.014117853716,
        "mean": 0.00592285208404,
        "median": 0.00585168832913,
        "min": 0.00179746863432,
        "var": 3.75460149371e-06
    },
    "spectral_rolloff": {
        "dmean": 371.279907227,
        "dmean2": 616.908935547,
        "dvar": 1341532,
        "dvar2": 2797770,
        "max": 10766.6015625,
        "mean": 1029.57873535,
        "median": 559.86328125,
        "min": 86.1328125,
        "var": 2996930.75
    },
    "spectral_skewness": {
        "dmean": 0.216850683093,
        "dmean2": 0.316316664219,
        "dvar": 0.0515175051987,
        "dvar2": 0.0994503721595,
        "max": 4.77567911148,
        "mean": 1.62654149532,
        "median": 1.61117851734,
        "min": -0.104965567589,
        "var": 0.26299482584
    },
    "spectral_spread": {
        "dmean": 645830.4375,
        "dmean2": 928576.375,
        "dvar": 668420866048,
        "dvar2": 1.05847606477e+12,
        "max": 21166482,
        "mean": 5570603,
        "median": 5305487,
        "min": 1856565,
        "var": 2.95301152768e+12
    },
    "spectral_strongpeak": {
        "dmean": 0.581500589848,
        "dmean2": 0.982863903046,
        "dvar": 0.754028439522,
        "dvar2": 1.7437287569,
        "max": 6.88445854187,
        "mean": 1.13610458374,
        "median": 0.487465590239,
        "min": 0.0504421815276,
        "var": 1.68550610542
    },
    "zerocrossingrate": {
        "dmean": 0.0111926756799,
        "dmean2": 0.0127705782652,
        "dvar": 0.00028598625795,
        "dvar2": 0.000245321047259,
        "max": 0.326171875,
        "mean": 0.051123008132,
        "median": 0.04248046875,
        "min": 0.00390625,
        "var": 0.00191401899792
    },
    "barkbands": {
        "dmean": [6.79355725879e-05, 0.00830170698464, 0.00379571341909, 0.00161301810294, 0.00206607184373, 0.00194284925237, 0.00153529050294, 0.00119232060388, 0.00138245976996, 0.000616970122792, 0.000689087610226, 0.000399105600081, 0.000241700778133, 0.000185005614185, 0.000100743221992, 4.42940981884e-05, 7.34052737243e-05, 9.12879986572e-05, 6.64737890474e-05, 7.59574541007e-05, 0.000123094898299, 0.000129295207444, 0.000168151134858, 0.000136568647576, 0.000156839203555, 4.06243525504e-05, 1.50037831048e-08],
        "dmean2": [0.000116449489724, 0.0141575178131, 0.00680059101433, 0.00265658274293, 0.00340112182312, 0.00298044411466, 0.00234895083122, 0.0018262846861, 0.00207350193523, 0.000927724526264, 0.00104349246249, 0.000642993371002, 0.000373708142433, 0.000284027220914, 0.000149557818077, 7.21972901374e-05, 0.000114082031359, 0.000143505909364, 0.000106939514808, 0.000113068570499, 0.000176266010385, 0.000170210405486, 0.000209848498343, 0.000183956391993, 0.000200956623303, 6.16232136963e-05, 2.11415382978e-08],
        "dvar": [2.18876827773e-08, 0.000390937697375, 7.31561231078e-05, 7.25870586393e-06, 9.03728869162e-06, 9.86457052932e-06, 6.30414842817e-06, 5.84156441619e-06, 9.38447738008e-06, 3.63026947525e-06, 3.40776659868e-06, 1.37890833685e-06, 4.20302683324e-07, 2.5719776886e-07, 7.64598269143e-08, 8.48005754506e-09, 2.38060664515e-08, 2.45379361274e-08, 1.37359323915e-08, 2.62620059033e-08, 8.52583070809e-08, 2.52322905681e-07, 5.63124842756e-07, 3.47333468653e-07, 3.96952515302e-07, 2.13798614368e-08, 7.24510783399e-14],
        "dvar2": [5.99022982328e-08, 0.00101911555976, 0.000204922587727, 1.79888793355e-05, 2.52475856541e-05, 2.11750557355e-05, 1.46113097799e-05, 1.30017251649e-05, 2.00031881832e-05, 7.14175894245e-06, 7.63407933846e-06, 3.24223765347e-06, 9.49957154717e-07, 6.49461696867e-07, 1.54007921083e-07, 1.97597831431e-08, 5.27870049893e-08, 5.34862110158e-08, 3.49935689314e-08, 5.74540095499e-08, 1.53946913883e-07, 4.16545788084e-07, 9.44794294355e-07, 5.59856289328e-07, 5.568131769e-07, 3.84151270794e-08, 8.74687759831e-14],
        "max": [0.00189199694432, 0.150100916624, 0.0754415690899, 0.0225315392017, 0.0412424020469, 0.0500049218535, 0.0366093330085, 0.0339346304536, 0.0437817163765, 0.0474722571671, 0.0372403636575, 0.0229489970952, 0.010376477614, 0.00883816648275, 0.00624404055998, 0.00148628978059, 0.00293532176875, 0.0024153131526, 0.00246472097933, 0.00426763948053, 0.00721310311928, 0.0094191217795, 0.0176090784371, 0.0130672315136, 0.0136294178665, 0.00260081421584, 9.07735557121e-06],
        "mean": [7.35610083211e-05, 0.0105434795842, 0.00456361286342, 0.00191660283599, 0.00407024798915, 0.00374204805121, 0.0029264735058, 0.00216915481724, 0.00312159652822, 0.00130942021497, 0.00138155673631, 0.000766255543567, 0.000489346683025, 0.000356802105671, 0.000186465316801, 7.88535617176e-05, 0.000172107218532, 0.000219758498133, 0.00014547581668, 0.000163930249983, 0.000293639022857, 0.000228846241953, 0.000284469133476, 0.000234943348914, 0.000301694875816, 6.53262250125e-05, 1.27607293621e-08],
        "median": [2.39544715441e-05, 0.00614777207375, 0.00252686953172, 0.000723079836462, 0.00267517706379, 0.00208125403151, 0.00132880033925, 0.000741456926335, 0.000499647401739, 0.000110183675133, 0.000208233948797, 0.000140867952723, 5.25094437762e-05, 8.71752126841e-05, 5.80284104217e-05, 4.10607390222e-05, 5.00711394125e-05, 7.89080513641e-05, 8.76398189575e-05, 8.36217514006e-05, 9.66565057752e-05, 5.45557559235e-05, 3.88011576433e-05, 4.21057484346e-05, 5.61224878766e-05, 1.3218613276e-05, 6.06066918873e-10],
        "min": [1.15190337269e-08, 5.24644656252e-06, 2.19843605009e-05, 7.78243975219e-06, 6.76347626722e-05, 2.98260292766e-05, 7.93894650997e-06, 4.03832564189e-06, 5.41650661035e-06, 3.01580348605e-06, 3.34096125698e-06, 3.52387701241e-06, 2.51036362897e-06, 1.07753430711e-06, 7.37262325856e-07, 6.55479425404e-07, 5.50930053578e-07, 7.07007473011e-07, 5.01920567331e-07, 6.83229245624e-07, 7.99981592081e-07, 4.20846987481e-07, 2.80226572613e-07, 1.48891331264e-07, 2.73042866095e-10, 1.73941850506e-11, 1.13200030946e-11],
        "var": [1.99659133671e-08, 0.000307676120428, 5.09514211444e-05, 8.58131988934e-06, 1.83205429494e-05, 2.41929483309e-05, 1.87713703781e-05, 1.25969290821e-05, 3.70825218852e-05, 1.47601922436e-05, 1.08207377707e-05, 3.70793304683e-06, 1.49085838075e-06, 8.32580781207e-07, 2.12162561297e-07, 1.64690661109e-08, 1.2687422668e-07, 1.31626634925e-07, 3.04512610683e-08, 6.32926457911e-08, 2.87016291622e-07, 6.81116603118e-07, 1.44310592987e-06, 1.02895683085e-06, 1.43760553328e-06, 4.37880771642e-08, 7.03247003816e-14]
    },
    "erbbands": {
        "dmean": [0.124942153692, 2.23383641243, 4.72752523422, 5.24315214157, 4.41775560379, 9.23628330231, 15.1438188553, 15.0941486359, 16.3450241089, 26.8532886505, 27.2726039886, 27.0402565002, 26.1949615479, 21.080373764, 20.1042900085, 11.7447052002, 10.1789150238, 8.47201156616, 5.59247255325, 4.25565290451, 2.59801864624, 4.49862909317, 3.79161882401, 4.49203157425, 2.75564336777, 3.30598831177, 5.38573074341, 4.25736427307, 4.57420635223, 5.38908815384, 4.64129161835, 2.64828586578, 2.60071849823, 1.83590710163, 1.15215814114, 0.301749318838, 0.0486775636673, 0.00330088892952, 7.86382006481e-05, 2.17667602556e-05],
        "dmean2": [0.206157073379, 3.85338330269, 8.46436595917, 8.78251457214, 7.38750934601, 15.0812759399, 24.174041748, 23.095243454, 24.7268886566, 40.1738548279, 40.3354225159, 40.6898994446, 37.8475532532, 32.4534873962, 29.9931411743, 18.4509773254, 15.3642702103, 13.1061811447, 8.66944694519, 6.30635643005, 4.14007902145, 6.8193655014, 5.78300046921, 6.94272756577, 4.24123001099, 4.92953586578, 7.85530090332, 6.00708389282, 6.24301242828, 7.10430002213, 5.80049276352, 3.53548526764, 3.49295067787, 2.40912461281, 1.45250976086, 0.439785718918, 0.0727633237839, 0.00514401495457, 0.000115894545161, 3.22719242831e-05],
        "dvar": [0.0778297036886, 28.7811775208, 124.100234985, 85.7895736694, 39.5476570129, 184.417663574, 608.084350586, 794.007141113, 1155.37902832, 1733.48901367, 2917.24487305, 4315.96777344, 4852.21337891, 2430.18139648, 2827.79370117, 801.223022461, 691.401428223, 577.589111328, 202.664474487, 152.771133423, 24.7816638947, 98.8026580811, 41.2949790955, 45.2855377197, 31.5765075684, 54.3092422485, 145.453369141, 141.788909912, 277.075775146, 666.322021484, 352.872283936, 131.059005737, 125.945892334, 60.1425285339, 19.7588672638, 1.34838545322, 0.0291825514287, 5.82240973017e-05, 4.16508036949e-08, 1.20469934028e-09],
        "dvar2": [0.183531403542, 75.9144592285, 343.694763184, 220.857788086, 100.310668945, 508.764801025, 1356.82141113, 1747.33093262, 2523.88354492, 3760.37841797, 6480.84033203, 8519.56933594, 9578.66894531, 5199.66113281, 6777.94677734, 1724.25537109, 1631.76318359, 1440.13024902, 502.496032715, 310.068389893, 55.2620010376, 217.221054077, 85.0321044922, 105.618782043, 76.534866333, 118.386619568, 266.345947266, 253.048797607, 548.136352539, 1202.80541992, 510.094787598, 209.626525879, 205.557342529, 89.6063232422, 30.3067264557, 2.1940779686, 0.055440146476, 0.000132856555865, 7.53168123424e-08, 2.46226661282e-09],
        "max": [2.1922557354, 40.4786529541, 88.7557144165, 71.1928710938, 95.06199646, 159.962677002, 388.784667969, 532.469055176, 588.914123535, 614.075622559, 824.471252441, 1216.76818848, 1204.02197266, 732.277648926, 1044.05200195, 528.785217285, 482.4921875, 456.59161377, 255.266845703, 222.576446533, 80.3621520996, 203.900115967, 121.682594299, 113.667785645, 144.488861084, 209.306671143, 240.570388794, 309.445831299, 333.479370117, 573.212097168, 414.929992676, 196.763275146, 262.530090332, 179.893615723, 111.098503113, 19.5982837677, 2.84757113457, 0.113377705216, 0.0034190567676, 0.000563870242331],
        "mean": [0.175162643194, 2.7716858387, 6.1285200119, 5.94464921951, 7.25515031815, 16.2633972168, 25.2793693542, 30.9003372192, 31.6549263, 55.4004669189, 53.4353179932, 62.1062736511, 56.3661956787, 51.0687904358, 40.9534645081, 25.5517272949, 23.7058143616, 18.6883277893, 11.7202348709, 8.28273296356, 5.43581819534, 10.7109022141, 10.6199083328, 11.0312252045, 6.09557819366, 7.79456090927, 13.0281925201, 9.16361522675, 8.03864002228, 9.0874004364, 7.79727888107, 4.47541427612, 4.35561466217, 3.42685270309, 2.08765983582, 0.54240244627, 0.0694121569395, 0.0038619521074, 0.000131018459797, 5.77699865971e-05],
        "median": [0.100069828331, 1.59838557243, 3.46738839149, 2.36734747887, 4.14670038223, 9.56962203979, 13.4968824387, 15.7103147507, 15.5727748871, 28.3971862793, 18.7572422028, 10.2979679108, 8.00693798065, 7.28322935104, 7.70625829697, 5.39616537094, 2.93717622757, 4.3435997963, 3.26644492149, 3.05204916, 2.79258036613, 3.11912155151, 3.95318722725, 5.31576776505, 3.82083749771, 3.95578694344, 4.56054258347, 2.87578821182, 2.31426906586, 1.38584363461, 1.1156373024, 0.783066213131, 0.819733381271, 0.53508657217, 0.3920609653, 0.0999034643173, 0.0146899987012, 0.000874575984199, 4.96294196637e-05, 4.73250765936e-05],
        "min": [0.000163918652106, 0.00449637789279, 0.0594054199755, 0.132866039872, 0.10699531436, 0.175693690777, 0.348093479872, 0.378268539906, 0.261423677206, 0.343256890774, 0.408849328756, 0.269193023443, 0.178083002567, 0.180944606662, 0.184178456664, 0.150156095624, 0.177515134215, 0.0623191744089, 0.0552487373352, 0.0788914486766, 0.0362924449146, 0.0331933908165, 0.0387094952166, 0.0353317968547, 0.0258235782385, 0.0341132618487, 0.036907337606, 0.0238016732037, 0.0190464481711, 0.00802413187921, 0.00805077608675, 0.00460021523759, 0.00200892426074, 0.000147474303958, 2.81576212728e-05, 1.03937227323e-05, 5.44952172277e-06, 6.20597234047e-07, 3.17829244523e-06, 5.6983972172e-06],
        "var": [0.0758934617043, 22.0070533752, 87.5345230103, 80.7802734375, 91.0279388428, 359.65637207, 1237.42077637, 1873.28637695, 2629.81225586, 6226.01220703, 7178.57226562, 17324.5097656, 15313.9609375, 11549.1132812, 8695.65332031, 2698.93505859, 2978.75219727, 1932.81994629, 762.51751709, 369.39932251, 56.7761611938, 503.40802002, 314.084747314, 188.031509399, 61.4921226501, 141.565704346, 462.250152588, 382.503082275, 693.774169922, 1663.36950684, 970.835571289, 356.098968506, 377.516723633, 212.545608521, 63.2007369995, 3.23444628716, 0.049239769578, 7.96178574092e-05, 8.98543817129e-08, 2.87889956319e-09]
    },
    "gfcc": {
        "mean": [14.9974060059, 102.079795837, -89.166015625, 37.3622245789, -73.5646362305, 17.1085777283, -36.1806221008, 17.3497371674, -26.1540145874, 10.2551183701, -12.4789905548, 1.01642894745, -7.64105701447],
        "cov": [[2510.06542969, -881.928894043, -355.734558105, -159.412857056, -282.955932617, 52.3395423889, -23.6471347809, 181.886779785, -276.591125488, 130.410797119, -161.117416382, 18.5723361969, -50.854385376], [-881.928894043, 1016.98052979, -250.282913208, -211.917663574, 186.002441406, -57.8617134094, 207.176864624, -99.0849456787, 71.2859725952, -119.603004456, 114.569114685, -139.285614014, 73.7064971924], [-355.734558105, -250.282913208, 615.652893066, 229.755447388, 17.7090873718, 15.5476322174, -149.738708496, 0.617228806019, 74.882484436, 10.3416080475, -29.0949859619, 95.8811340332, -73.6716156006], [-159.412857056, -211.917663574, 229.755447388, 454.525482178, 52.8310623169, -119.598426819, -178.998397827, -0.524567246437, 105.901245117, -11.9482746124, 2.02937197685, 91.0875244141, 22.9736938477], [-282.955932617, 186.002441406, 17.7090873718, 52.8310623169, 192.098678589, -27.7517814636, 18.7992973328, -4.64518880844, 38.7159538269, -8.67372131348, -0.140190437436, 8.01110076904, 21.326128006], [52.3395423889, -57.8617134094, 15.5476322174, -119.598426819, -27.7517814636, 252.065612793, 119.629936218, -37.7040786743, -19.3993835449, 1.04491209984, 5.08507633209, -63.5596084595, -48.85987854], [-23.6471347809, 207.176864624, -149.738708496, -178.998397827, 18.7992973328, 119.629936218, 253.114959717, -9.35041332245, -39.934009552, -10.710931778, 29.3158531189, -82.9037017822, -0.191687330604], [181.886779785, -99.0849456787, 0.617228806019, -0.524567246437, -4.64518880844, -37.7040786743, -9.35041332245, 123.383491516, -12.6551818848, 36.0813941956, -22.34126091, 28.21484375, 19.3718414307], [-276.591125488, 71.2859725952, 74.882484436, 105.901245117, 38.7159538269, -19.3993835449, -39.934009552, -12.6551818848, 138.351776123, -14.7221574783, 8.30637264252, 8.66129112244, 4.38088846207], [130.410797119, -119.603004456, 10.3416080475, -11.9482746124, -8.67372131348, 1.04491209984, -10.710931778, 36.0813941956, -14.7221574783, 83.7664031982, -8.3947687149, 23.5728225708, 4.18725156784], [-161.117416382, 114.569114685, -29.0949859619, 2.02937197685, -0.140190437436, 5.08507633209, 29.3158531189, -22.34126091, 8.30637264252, -8.3947687149, 83.0830917358, -6.37044525146, 12.1185684204], [18.5723361969, -139.285614014, 95.8811340332, 91.0875244141, 8.01110076904, -63.5596084595, -82.9037017822, 28.21484375, 8.66129112244, 23.5728225708, -6.37044525146, 106.050598145, 11.4906110764], [-50.854385376, 73.7064971924, -73.6716156006, 22.9736938477, 21.326128006, -48.85987854, -0.191687330604, 19.3718414307, 4.38088846207, 4.18725156784, 12.1185684204, 11.4906110764, 91.5440979004]],
        "icov": [[0.00112653465476, 0.000782121322118, 0.00096944172401, -0.000127988809254, 0.000526577874552, 4.71376188216e-06, -2.53498474194e-05, -0.000815031409729, 0.00108435680158, -0.000156923852046, 0.00103093893267, 0.000160272436915, 0.000659335404634], [0.000782121322118, 0.00624437304214, -4.99539855809e-05, 0.00403712596744, -0.00423364248127, 0.00454394565895, -0.00211123144254, 0.00178896263242, -0.00278268009424, 0.00456695118919, -0.00477581564337, 0.00477224169299, -0.00266050011851], [0.00096944172401, -4.99539855809e-05, 0.00384171586484, -0.00164693314582, 0.000739508133847, -0.00180104002357, 0.00106942432467, -0.00128150056116, 0.000737800437491, -0.000666757521685, 0.00192219926976, -0.00240293331444, 0.00326597737148], [-0.000127988809254, 0.00403712596744, -0.00164693314582, 0.00732476310804, -0.00398381799459, 0.00395137723535, 0.000179318420123, 0.00202112644911, -0.00445018941537, 0.00416179280728, -0.00478334818035, 0.00232554972172, -0.00351154222153], [0.000526577874552, -0.00423364248127, 0.000739508133847, -0.00398381799459, 0.0101725552231, -0.00267409905791, -0.00037194203469, -0.00156846339814, 0.00186776870396, -0.00376105005853, 0.0059685735032, -0.00428198091686, 0.00166021496989], [4.71376188216e-06, 0.00454394565895, -0.00180104002357, 0.00395137723535, -0.00267409905791, 0.0106239886954, -0.0047434088774, 0.00359496148303, -0.00304814171977, 0.00220266007818, -0.0039275274612, 0.00570843415335, -0.000725814781617], [-2.53498474194e-05, -0.00211123144254, 0.00106942432467, 0.000179318420123, -0.00037194203469, -0.0047434088774, 0.00939168501645, -0.00242119608447, 0.0021077785641, -0.000883137166966, -0.000718670955393, 0.00121185008902, 0.00047092337627], [-0.000815031409729, 0.00178896263242, -0.00128150056116, 0.00202112644911, -0.00156846339814, 0.00359496148303, -0.00242119608447, 0.012508938089, -0.00208925874904, -0.00180246343371, -2.66538245342e-06, -7.0647954999e-05, -0.00360800349154], [0.00108435680158, -0.00278268009424, 0.000737800437491, -0.00445018941537, 0.00186776870396, -0.00304814171977, 0.0021077785641, -0.00208925874904, 0.0128698498011, -0.00220590038225, 0.00329251145013, -0.00104628235567, 0.0021184112411], [-0.000156923852046, 0.00456695118919, -0.000666757521685, 0.00416179280728, -0.00376105005853, 0.00220266007818, -0.000883137166966, -0.00180246343371, -0.00220590038225, 0.0187849532813, -0.004638873972, 0.000511090853252, -0.00311760976911], [0.00103093893267, -0.00477581564337, 0.00192219926976, -0.00478334818035, 0.0059685735032, -0.0039275274612, -0.000718670955393, -2.66538245342e-06, 0.00329251145013, -0.004638873972, 0.0204302035272, -0.00564703531563, 0.00173655105755], [0.000160272436915, 0.00477224169299, -0.00240293331444, 0.00232554972172, -0.00428198091686, 0.00570843415335, 0.00121185008902, -7.0647954999e-05, -0.00104628235567, 0.000511090853252, -0.00564703531563, 0.0206237044185, -0.00402339641005], [0.000659335404634, -0.00266050011851, 0.00326597737148, -0.00351154222153, 0.00166021496989, -0.000725814781617, 0.00047092337627, -0.00360800349154, 0.0021184112411, -0.00311760976911, 0.00173655105755, -0.00402339641005, 0.0172483474016]]
    },
    "melbands": {
        "dmean": [0.00179499771912, 0.00269146054052, 0.00084045593394, 0.000439271971118, 0.000492564053275, 0.00033952324884, 0.000264566537226, 0.000285623420496, 0.000231407102547, 0.000176991758053, 0.000134545596666, 8.78438149812e-05, 8.55725156725e-05, 4.24582503911e-05, 2.88187729893e-05, 2.39228029386e-05, 1.60801500897e-05, 1.06674415292e-05, 8.88639078767e-06, 3.19257242154e-06, 3.29169324687e-06, 5.42167072126e-06, 3.26896247316e-06, 5.19764444107e-06, 3.89311981053e-06, 2.39274231717e-06, 2.10992311622e-06, 2.49795516538e-06, 3.66704011867e-06, 3.35655363415e-06, 2.46726676778e-06, 2.50112771027e-06, 2.89168929157e-06, 3.38338577421e-06, 3.01971795125e-06, 2.02820524464e-06, 1.60636943747e-06, 1.85344003967e-06, 1.77555364189e-06, 1.65418373399e-06],
        "dmean2": [0.0030225107912, 0.00474046589807, 0.00140374852344, 0.000735856068786, 0.000789199315477, 0.000517424487043, 0.000400621298468, 0.000433241279097, 0.000340657803463, 0.000265307840891, 0.000195125729078, 0.000133924680995, 0.000128911313368, 6.65967600071e-05, 4.46820195066e-05, 3.71955902665e-05, 2.44857710641e-05, 1.66173231264e-05, 1.34891215566e-05, 5.06775586473e-06, 5.33280081072e-06, 8.46119564812e-06, 5.20855837749e-06, 7.9276633187e-06, 6.14199598203e-06, 3.7974064071e-06, 3.27723569171e-06, 3.82255666409e-06, 5.44723525309e-06, 5.03352703163e-06, 3.52075608134e-06, 3.4567306102e-06, 4.15507247453e-06, 4.52915855931e-06, 3.96235373046e-06, 2.80414701592e-06, 2.29351076086e-06, 2.59352532339e-06, 2.37300309891e-06, 2.27200030167e-06],
        "dvar": [1.75062032213e-05, 4.02122932428e-05, 1.99959208658e-06, 3.89289994018e-07, 5.7029205891e-07, 3.51664255049e-07, 2.28506223721e-07, 1.96948306552e-07, 2.15979682139e-07, 1.72160966372e-07, 1.28888586914e-07, 4.38810054959e-08, 5.72505172158e-08, 1.79959052105e-08, 6.9516734591e-09, 4.35476055216e-09, 2.1313619758e-09, 9.6661278981e-10, 7.12007675041e-10, 9.30776636321e-11, 4.15504367024e-11, 1.64506186451e-10, 5.09570892426e-11, 8.48942097176e-11, 3.48852925713e-11, 2.2727921975e-11, 1.44715680411e-11, 3.54452162066e-11, 7.15162790099e-11, 8.71925934232e-11, 5.3425888713e-11, 7.38257996402e-11, 1.64465774333e-10, 2.88517848501e-10, 1.49423723395e-10, 8.48760367544e-11, 4.84315712534e-11, 6.3230302938e-11, 6.30090077336e-11, 4.85337880995e-11],
        "dvar2": [4.40154690295e-05, 0.000108122723759, 5.21905758433e-06, 1.07353048406e-06, 1.35161610615e-06, 7.62659396969e-07, 5.14900023063e-07, 4.27862602237e-07, 4.81417885112e-07, 3.55042487854e-07, 2.5269167736e-07, 9.07386947802e-08, 1.35857462169e-07, 3.69093484665e-08, 1.61767612639e-08, 9.95452342778e-09, 5.2369242276e-09, 2.59410892767e-09, 1.51008894278e-09, 2.03848271596e-10, 9.44511066581e-11, 3.70181330034e-10, 1.13350315245e-10, 1.72003508658e-10, 8.26479648608e-11, 5.61197061044e-11, 3.28597010713e-11, 8.0291127913e-11, 1.52662341102e-10, 1.97960273174e-10, 9.99379606847e-11, 1.34918354266e-10, 3.2541055961e-10, 5.87120463358e-10, 2.34474800687e-10, 1.4772606749e-10, 8.62010879343e-11, 1.12593448454e-10, 1.07186419462e-10, 8.39640787453e-11],
        "max": [0.0311837047338, 0.044018663466, 0.0101959053427, 0.00650705443695, 0.0122974133119, 0.0108322706074, 0.00833080895245, 0.00557241030037, 0.00801710132509, 0.00672499835491, 0.00665056565776, 0.00336240511388, 0.00505685945973, 0.00312849716283, 0.00212281337008, 0.00126099481713, 0.000880749430507, 0.000600405561272, 0.000662802543957, 0.000219814261072, 0.000101339319372, 0.000271488737781, 0.000134810077725, 0.000168555226992, 9.28380250116e-05, 0.000116594092106, 7.78878238634e-05, 0.000167137535755, 0.000182350398973, 0.000221002745093, 0.000172359024873, 0.000159851129865, 0.000270291086053, 0.000403208425269, 0.000270706805168, 0.000198836918571, 0.00014098486281, 0.000175526496605, 0.000181707961019, 0.000162487398484],
        "mean": [0.00233281170949, 0.00355673860759, 0.00106973375659, 0.000789975514635, 0.00087681831792, 0.000699330877978, 0.000521590001881, 0.000593558012042, 0.000449443323305, 0.000397881987737, 0.000284588895738, 0.0002099974663, 0.000169958802871, 8.20355780888e-05, 6.22419756837e-05, 4.78212059534e-05, 3.2718613511e-05, 1.98550969799e-05, 1.6319041606e-05, 5.72208045924e-06, 5.93083996137e-06, 1.12680772872e-05, 8.17832369648e-06, 1.21508701341e-05, 8.70508665685e-06, 4.89801141157e-06, 4.02627665608e-06, 5.25637142346e-06, 8.15715793578e-06, 7.31148520572e-06, 4.65118228021e-06, 4.34244293501e-06, 4.72040983368e-06, 5.24940378455e-06, 4.84730207972e-06, 3.2328243833e-06, 2.5538824957e-06, 3.03299816551e-06, 2.95527570415e-06, 2.92450431516e-06],
        "median": [0.00123967044055, 0.0021525376942, 0.000492180988658, 0.000503828283399, 0.000490883481689, 0.000377129792469, 0.000265603477601, 0.000283993023913, 0.000116268303827, 6.10572096775e-05, 3.59077748726e-05, 2.59536609519e-05, 2.77072122117e-05, 1.44125215229e-05, 7.58348778618e-06, 6.26277824267e-06, 7.57332054491e-06, 4.34948015027e-06, 4.85845066578e-06, 2.54451515502e-06, 2.92448612527e-06, 3.04707282339e-06, 2.17377873923e-06, 4.16666034653e-06, 4.15204294768e-06, 2.85369401354e-06, 2.07687139664e-06, 2.42161877395e-06, 2.95863901556e-06, 2.01008674594e-06, 1.35729430895e-06, 1.18466869026e-06, 9.52043080815e-07, 6.54753137042e-07, 6.72570934057e-07, 4.67047357233e-07, 4.48107954298e-07, 5.80479820655e-07, 4.49106920541e-07, 4.47964083605e-07],
        "min": [1.43851855228e-06, 2.96236758004e-05, 2.49956683547e-05, 9.54930328589e-06, 7.12695054972e-06, 6.83068856233e-06, 3.10187010655e-06, 1.4414385987e-06, 6.52735025142e-07, 7.42243344121e-07, 8.00816849278e-07, 6.0626348386e-07, 5.47273089069e-07, 3.59773395076e-07, 2.81736561192e-07, 1.90702579062e-07, 1.01388714313e-07, 8.85978224119e-08, 5.59072503847e-08, 4.29286721726e-08, 3.71417918643e-08, 3.17335207001e-08, 2.46092586309e-08, 2.58097649919e-08, 2.32062760119e-08, 1.67319029742e-08, 1.14251310634e-08, 1.9413112895e-08, 2.05912353834e-08, 1.16831291308e-08, 8.89290507899e-09, 1.26172832182e-08, 5.25612176006e-09, 3.97445720779e-09, 4.57462601133e-09, 3.71434860647e-09, 1.79783510301e-09, 1.33232691546e-09, 1.612381062e-10, 2.77693883513e-12],
