{
"highlevel": {
    "danceability": {
        "all": {
            "danceable": 0.999987721443,
            "not_danceable": 1.2301683455e-05
        },
        "probability": 0.999987721443,
        "value": "danceable"
    },
    "gender": {
        "all": {
            "female": 0.39749494195,
            "male": 0.602505028248
        },
        "probability": 0.602505028248,
        "value": "male"
    },
    "genre_dortmund": {
        "all": {
            "alternative": 0.0376810282469,
            "blues": 0.0452095083892,
            "electronic": 0.035589016974,
            "folkcountry": 0.105957902968,
            "funksoulrnb": 0.0945436507463,
            "jazz": 0.0876725167036,
            "pop": 0.117053881288,
            "raphiphop": 0.331496417522,
            "rock": 0.144796088338
        },
        "probability": 0.331496417522,
        "value": "raphiphop"
    },
    "genre_electronic": {
        "all": {
            "ambient": 0.391166359186,
            "dnb": 0.111889362335,
            "house": 0.24829505384,
            "techno": 0.027316365391,
            "trance": 0.221332877874
        },
        "probability": 0.391166359186,
        "value": "ambient"
    },
    "genre_rosamerica": {
        "all": {
            "cla": 0.00266597815789,
            "dan": 0.0688218772411,
            "hip": 0.0724433809519,
            "jaz": 0.00305388960987,
            "pop": 0.69700473547,
            "rhy": 0.0584881715477,
            "roc": 0.093937844038,
            "spe": 0.00358412461355
        },
        "probability": 0.69700473547,
        "value": "pop"
    },
    "genre_tzanetakis": {
        "all": {
            "blu": 0.0622663982213,
            "cla": 0.0345780998468,
            "cou": 0.103735685349,
            "dis": 0.0518908686936,
            "hip": 0.155698984861,
            "jaz": 0.311586618423,
            "met": 0.0519040971994,
            "pop": 0.0622744634748,
            "reg": 0.0622723288834,
            "roc": 0.103792458773
        },
        "probability": 0.311586618423,
        "value": "jaz"
    },
    "ismir04_rhythm": {
        "all": {
            "ChaChaCha": 0.0317007265985,
            "Jive": 0.0488894358277,
            "Quickstep": 0.103316575289,
            "Rumba-American": 0.00815695803612,
            "Rumba-International": 0.0648005977273,
            "Rumba-Misc": 0.0332988239825,
            "Samba": 0.66747045517,
            "Tango": 0.0127196675166,
            "VienneseWaltz": 0.0170286763459,
            "Waltz": 0.0126180890948
        },
        "probability": 0.66747045517,
        "value": "Samba"
    },
    "mood_acoustic": {
        "all": {
            "acoustic": 0.577535748482,
            "not_acoustic": 0.422464251518
        },
        "probability": 0.577535748482,
        "value": "acoustic"
    },
    "mood_aggressive": {
        "all": {
            "aggressive": 0.00970274303108,
            "not_aggressive": 0.9902972579
        },
        "probability": 0.9902972579,
        "value": "not_aggressive"
    },
    "mood_electronic": {
        "all": {
            "electronic": 0.644535541534,
            "not_electronic": 0.355464428663
        },
        "probability": 0.644535541534,
        "value": "electronic"
    },
    "mood_happy": {
        "all": {
            "happy": 0.916929781437,
            "not_happy": 0.0830701962113
        },
        "probability": 0.916929781437,
        "value": "happy"
    },
    "mood_party": {
        "all": {
            "not_party": 0.401099085808,
            "party": 0.598900914192
        },
        "probability": 0.598900914192,
        "value": "party"
    },
    "mood_relaxed": {
        "all": {
            "not_relaxed": 0.799902379513,
            "relaxed": 0.200097635388
        },
        "probability": 0.799902379513,
        "value": "not_relaxed"
    },
    "mood_sad": {
        "all": {
            "not_sad": 0.609613716602,
            "sad": 0.390386283398
        },
        "probability": 0.609613716602,
        "value": "not_sad"
    },
    "moods_mirex": {
        "all": {
            "Cluster1": 0.18705317378,
            "Cluster2": 0.45015335083,
            "Cluster3": 0.160218015313,
            "Cluster4": 0.191543295979,
            "Cluster5": 0.0110321510583
        },
        "probability": 0.45015335083,
        "value": "Cluster2"
    },
    "timbre": {
        "all": {
            "bright": 0.990066111088,
            "dark": 0.00993390567601
        },
        "probability": 0.990066111088,
        "value": "bright"
    },
    "tonal_atonal": {
        "all": {
            "atonal": 0.0734858885407,
            "tonal": 0.926514089108
        },
        "probability": 0.926514089108,
        "value": "tonal"
    },
    "voice_instrumental": {
        "all": {
            "instrumental": 0.00979070737958,
            "voice": 0.990209281445
        },
        "probability": 0.990209281445,
        "value": "voice"
    }
},
"lowlevel": {
    "average_loudness": 0.982950925827,
    "barkbands_crest": {
        "dmean": 3.40440487862,
        "dmean2": 5.05639028549,
        "dvar": 9.47670555115,
        "dvar2": 18.1928405762,
        "max": 25.9165363312,
        "mean": 12.530629158,
        "median": 11.4794435501,
        "min": 3.05405330658,
        "var": 32.1275024414
    },
    "barkbands_flatness_db": {
        "dmean": 0.0293770041317,
        "dmean2": 0.0401632189751,
        "dvar": 0.000686020648573,
        "dvar2": 0.00114653236233,
        "max": 0.347013682127,
        "mean": 0.15687982738,
        "median": 0.154191404581,
        "min": 0.0445900931954,
        "var": 0.00279696774669
    },
    "barkbands_kurtosis": {
        "dmean": 4.37834692001,
        "dmean2": 6.57113790512,
        "dvar": 91.8726806641,
        "dvar2": 206.761322021,
        "max": 150.156341553,
        "mean": 5.31204891205,
        "median": 1.91934347153,
        "min": -1.80011188984,
        "var": 132.393096924
    },
    "barkbands_skewness": {
        "dmean": 0.696634411812,
        "dmean2": 0.975244581699,
        "dvar": 0.618800640106,
        "dvar2": 1.2056453228,
        "max": 11.3973731995,
        "mean": 1.59449017048,
        "median": 1.24075889587,
        "min": -2.35015845299,
        "var": 2.2242398262
    },
    "barkbands_spread": {
        "dmean": 7.33739233017,
        "dmean2": 10.7389335632,
        "dvar": 63.6353645325,
        "dvar2": 122.922798157,
        "max": 85.5525588989,
        "mean": 22.3770046234,
        "median": 18.7083110809,
        "min": 1.56449139118,
        "var": 183.244918823
    },
    "dissonance": {
        "dmean": 0.0251696705818,
        "dmean2": 0.0425735414028,
        "dvar": 0.000597679580096,
        "dvar2": 0.00161306862719,
        "max": 0.499579757452,
        "mean": 0.45207169652,
        "median": 0.459207862616,
        "min": 0.265978395939,
        "var": 0.00117525225505
    },
    "dynamic_complexity": 1.76075828075,
    "erbbands_crest": {
        "dmean": 3.14113116264,
        "dmean2": 4.99575185776,
        "dvar": 8.74496173859,
        "dvar2": 20.2810325623,
        "max": 27.3496875763,
        "mean": 10.7968082428,
        "median": 9.99642658234,
        "min": 2.83073377609,
        "var": 23.4118175507
    },
    "erbbands_flatness_db": {
        "dmean": 0.021737806499,
        "dmean2": 0.0311803314835,
        "dvar": 0.000414776674006,
        "dvar2": 0.00072424474638,
        "max": 0.357163697481,
        "mean": 0.159302771091,
        "median": 0.163005307317,
        "min": 0.0637800469995,
        "var": 0.00208267359994
    },
    "erbbands_kurtosis": {
        "dmean": 1.17609250546,
        "dmean2": 1.836119771,
        "dvar": 2.30714726448,
        "dvar2": 5.45727348328,
        "max": 18.8723602295,
        "mean": 0.96379506588,
        "median": 0.15265750885,
        "min": -1.77268314362,
        "var": 6.17000102997
    },
    "erbbands_skewness": {
        "dmean": 0.407838046551,
        "dmean2": 0.608565449715,
        "dvar": 0.145456239581,
        "dvar2": 0.316595494747,
        "max": 4.10416698456,
        "mean": 0.626975595951,
        "median": 0.584760904312,
        "min": -2.68468642235,
        "var": 0.662237823009
    },
    "erbbands_spread": {
        "dmean": 9.45724010468,
        "dmean2": 14.0001907349,
        "dvar": 115.933982849,
        "dvar2": 232.081741333,
        "max": 142.98298645,
        "mean": 37.6206817627,
        "median": 33.5506668091,
        "min": 6.25935411453,
        "var": 410.656860352
    },
    "hfc": {
        "dmean": 12.8405599594,
        "dmean2": 17.8088436127,
        "dvar": 356.542694092,
        "dvar2": 744.818786621,
        "max": 181.577301025,
        "mean": 31.2941322327,
        "median": 27.15209198,
        "min": 1.21201252937,
        "var": 672.416931152
    },
    "melbands_crest": {
        "dmean": 3.86987948418,
        "dmean2": 6.03032636642,
        "dvar": 11.6564006805,
        "dvar2": 28.3244972229,
        "max": 34.052116394,
        "mean": 15.5907640457,
        "median": 14.2178850174,
        "min": 3.77789211273,
        "var": 40.8148002625
    },
    "melbands_flatness_db": {
        "dmean": 0.0353960692883,
        "dmean2": 0.0471822582185,
        "dvar": 0.00099017075263,
        "dvar2": 0.00168314669281,
        "max": 0.419065058231,
        "mean": 0.212681367993,
        "median": 0.206461682916,
        "min": 0.0643998757005,
        "var": 0.00451280362904
    },
    "melbands_kurtosis": {
        "dmean": 10.4760608673,
        "dmean2": 15.3910150528,
        "dvar": 487.457244873,
        "dvar2": 1087.50524902,
        "max": 355.572601318,
        "mean": 15.9397010803,
        "median": 6.06900024414,
        "min": -1.81914949417,
        "var": 860.483642578
    },
    "melbands_skewness": {
        "dmean": 0.955311954021,
        "dmean2": 1.34309601784,
        "dvar": 1.12742221355,
        "dvar2": 2.28518772125,
        "max": 14.9444742203,
        "mean": 2.59279108047,
        "median": 1.94843769073,
        "min": -0.366859555244,
        "var": 4.70937681198
    },
    "melbands_spread": {
        "dmean": 8.11780166626,
        "dmean2": 11.5575971603,
        "dvar": 135.132156372,
        "dvar2": 221.205551147,
        "max": 249.401412964,
        "mean": 23.9424438477,
        "median": 20.2908802032,
        "min": 0.954945325851,
        "var": 415.934509277
    },
    "pitch_salience": {
        "dmean": 0.0892806574702,
        "dmean2": 0.132757425308,
        "dvar": 0.00623303977773,
        "dvar2": 0.0129639999941,
        "max": 0.794150054455,
        "mean": 0.475083976984,
        "median": 0.485754936934,
        "min": 0.0847951248288,
        "var": 0.0203704759479
    },
    "silence_rate_20dB": {
        "dmean": 0,
        "dmean2": 0,
        "dvar": 0,
        "dvar2": 0,
        "max": 1,
        "mean": 1,
        "median": 1,
        "min": 1,
        "var": 0
    },
    "silence_rate_30dB": {
        "dmean": 0.0634674951434,
        "dmean2": 0.127033308148,
        "dvar": 0.0594395324588,
        "dvar2": 0.110895678401,
        "max": 1,
        "mean": 0.901778817177,
        "median": 1,
        "min": 0,
        "var": 0.0885752663016
    },
    "silence_rate_60dB": {
        "dmean": 0.0030959751457,
        "dmean2": 0.00619674660265,
        "dvar": 0.00308635318652,
        "dvar2": 0.00925684161484,
        "max": 1,
        "mean": 0.00154679035768,
        "median": 0,
        "min": 0,
        "var": 0.00154439150356
    },
    "spectral_centroid": {
        "dmean": 280.816070557,
        "dmean2": 411.191650391,
        "dvar": 89953.4375,
        "dvar2": 178155.375,
        "max": 5570.1640625,
        "mean": 1423.02197266,
        "median": 1291.98779297,
        "min": 412.806427002,
        "var": 386678.25
    },
    "spectral_complexity": {
        "dmean": 4.76006174088,
        "dmean2": 6.81254863739,
        "dvar": 25.1405563354,
        "dvar2": 46.4791107178,
        "max": 49,
        "mean": 19.2196445465,
        "median": 17,
        "min": 4,
        "var": 69.5604171753
    },
    "spectral_decrease": {
        "dmean": 4.96116747684e-09,
        "dmean2": 6.48767217726e-09,
        "dvar": 3.93812086958e-17,
        "dvar2": 6.59225294943e-17,
        "max": -3.97601562785e-10,
        "mean": -1.17167919811e-08,
        "median": -8.60411475401e-09,
        "min": -5.79387986477e-08,
        "var": 1.16041594715e-16
    },
    "spectral_energy": {
        "dmean": 0.0192396007478,
        "dmean2": 0.0253745689988,
        "dvar": 0.000564934860449,
        "dvar2": 0.00094962795265,
        "max": 0.221793964505,
        "mean": 0.0470602922142,
        "median": 0.0350463204086,
        "min": 0.00166259310208,
        "var": 0.00171381677501
    },
    "spectral_energyband_high": {
        "dmean": 0.000940033409279,
        "dmean2": 0.00130571855698,
        "dvar": 3.26170470544e-06,
        "dvar2": 6.36166396362e-06,
        "max": 0.0190270412713,
        "mean": 0.00152208399959,
        "median": 0.000568110321183,
        "min": 6.85166924086e-06,
        "var": 6.17030445937e-06
    },
    "spectral_energyband_low": {
        "dmean": 0.0150876678526,
        "dmean2": 0.0195364449173,
        "dvar": 0.000676292169373,
        "dvar2": 0.00106612569652,
        "max": 0.203959748149,
        "mean": 0.0236679948866,
        "median": 0.00811163149774,
        "min": 5.93763118673e-08,
        "var": 0.00160491617862
    },
    "spectral_energyband_middle_high": {
        "dmean": 0.0026038470678,
        "dmean2": 0.00377754098736,
        "dvar": 8.07900505606e-06,
        "dvar2": 1.74228352989e-05,
        "max": 0.0316725075245,
        "mean": 0.00723732449114,
        "median": 0.00595894502476,
        "min": 0.000139448529808,
        "var": 3.36684315698e-05
    },
    "spectral_energyband_middle_low": {
        "dmean": 0.00790484063327,
        "dmean2": 0.0121603496373,
        "dvar": 9.81476405286e-05,
        "dvar2": 0.000224588089623,
        "max": 0.0878021270037,
        "mean": 0.0153297204524,
        "median": 0.0119281746447,
        "min": 0.000392529676901,
        "var": 0.000171155028511
    },
    "spectral_entropy": {
        "dmean": 0.203304469585,
        "dmean2": 0.281183838844,
        "dvar": 0.040477078408,
        "dvar2": 0.0750805288553,
        "max": 8.74269485474,
        "mean": 7.46538305283,
        "median": 7.45826673508,
        "min": 5.99694252014,
        "var": 0.182285815477
    },
    "spectral_flux": {
        "dmean": 0.0414285026491,
        "dmean2": 0.0643265843391,
        "dvar": 0.00157057994511,
        "dvar2": 0.00344014074653,
        "max": 0.379451364279,
        "mean": 0.115940012038,
        "median": 0.10089122504,
        "min": 0.0163573343307,
        "var": 0.00386542407796
    },
    "spectral_kurtosis": {
        "dmean": 1.43246150017,
        "dmean2": 2.28598976135,
        "dvar": 2.47836208344,
        "dvar2": 6.24614048004,
        "max": 17.4828052521,
        "mean": 4.05329418182,
        "median": 3.63184642792,
        "min": -1.30101013184,
        "var": 6.05347442627
    },
    "spectral_rms": {
        "dmean": 0.00131176284049,
        "dmean2": 0.0017307283124,
        "dvar": 1.5717749875e-06,
        "dvar2": 2.5387603273e-06,
        "max": 0.0147100090981,
        "mean": 0.00628195144236,
        "median": 0.00584735255688,
        "min": 0.00127359421458,
        "var": 6.44958299745e-06
    },
    "spectral_rolloff": {
        "dmean": 601.696411133,
        "dmean2": 975.783203125,
        "dvar": 1109216.25,
        "dvar2": 2254409,
        "max": 11046.5332031,
        "mean": 1363.16870117,
        "median": 947.4609375,
        "min": 64.599609375,
        "var": 2197380.25
    },
    "spectral_skewness": {
        "dmean": 0.222736701369,
        "dmean2": 0.340399265289,
        "dvar": 0.0391730703413,
        "dvar2": 0.0867075696588,
        "max": 3.22653579712,
        "mean": 1.54051804543,
        "median": 1.51482522488,
        "min": -0.178297862411,
        "var": 0.195873081684
    },
    "spectral_spread": {
        "dmean": 708828.375,
        "dmean2": 1009506.4375,
        "dvar": 860481060864,
        "dvar2": 1.51375498445e+12,
        "max": 16456401,
        "mean": 4983147.5,
        "median": 4556701.5,
        "min": 2170120.75,
        "var": 2.68238009139e+12
    },
    "spectral_strongpeak": {
        "dmean": 0.83490639925,
        "dmean2": 1.38949096203,
        "dvar": 1.30138969421,
        "dvar2": 3.18306112289,
        "max": 9.32483768463,
        "mean": 1.4938352108,
        "median": 0.874650418758,
        "min": 0.0217802021652,
        "var": 2.30066466331
    },
    "zerocrossingrate": {
        "dmean": 0.0140029387549,
        "dmean2": 0.0153659200296,
        "dvar": 0.000285425572656,
        "dvar2": 0.000293888064334,
        "max": 0.37939453125,
        "mean": 0.057681761682,
        "median": 0.05078125,
        "min": 0.0048828125,
        "var": 0.00136313878465
    },
    "barkbands": {
        "dmean": [0.000289599061944, 0.0144519880414, 0.00255609862506, 0.00130989996251, 0.00235150568187, 0.00097781221848, 0.00146740756463, 0.00322510255501, 0.00146969361231, 0.000693740788847, 0.000626980734523, 0.000851892400533, 0.000477993278764, 0.000430008483818, 0.000277227547485, 0.000241850808379, 0.000228970326134, 0.000182211326319, 0.000292501063086, 0.000207727352972, 0.00016131492157, 0.000209416728467, 0.000125405073049, 0.000276640319498, 0.000138608520501, 0.000104878025013, 2.49263763408e-07],
        "dmean2": [0.000479986920254, 0.019119894132, 0.00452146492898, 0.00222932384349, 0.00382309244014, 0.00163297064137, 0.00240294355899, 0.00508281728253, 0.00231701205485, 0.00105176947545, 0.000898552068975, 0.00129546376411, 0.000768673315179, 0.000661296420731, 0.000406852981541, 0.000376037292881, 0.000353986921255, 0.00028197967913, 0.000441835843958, 0.000301770895021, 0.000225571973715, 0.00031210918678, 0.000192707200767, 0.000427307211794, 0.000201933682547, 0.000157523099915, 3.92301188867e-07],
        "dvar": [1.57792442224e-07, 0.000708981766365, 5.7108594774e-05, 1.2321333088e-05, 1.54427834786e-05, 3.75554714083e-06, 9.01720613911e-06, 3.20110084431e-05, 9.94812853605e-06, 3.16200589623e-06, 1.59720718784e-06, 2.91582909995e-06, 8.34420802676e-07, 6.70234896916e-07, 3.65908590538e-07, 3.39411485584e-07, 1.75425583393e-07, 8.87876865363e-08, 2.0742874085e-07, 1.33167631589e-07, 9.70829319158e-08, 1.40600363352e-07, 8.79217409988e-08, 6.08614413977e-07, 1.93764023493e-07, 8.14384577552e-08, 5.50305135662e-13],
        "dvar2": [4.73887780572e-07, 0.00111307005864, 0.000156973430421, 3.29573558702e-05, 3.87082509405e-05, 9.71132976701e-06, 2.10111847991e-05, 7.44074277463e-05, 2.22180988203e-05, 7.35596358936e-06, 2.91291735266e-06, 6.4626033236e-06, 2.11936321648e-06, 1.61793639109e-06, 7.11489633431e-07, 7.7828991607e-07, 4.29703277405e-07, 2.09034865861e-07, 4.59238520989e-07, 2.67499586926e-07, 1.64028890026e-07, 2.93374938565e-07, 2.05380743523e-07, 1.4285310499e-06, 3.96165177108e-07, 1.87004388863e-07, 1.19342719301e-12],
        "max": [0.00306760775857, 0.196496784687, 0.0637750774622, 0.0401998311281, 0.0402646958828, 0.0195104815066, 0.0333846993744, 0.0517445802689, 0.0696045309305, 0.0290849227458, 0.0212595127523, 0.0218802057207, 0.0122749023139, 0.0134871406481, 0.0149975707754, 0.0112526658922, 0.0055732531473, 0.00567844696343, 0.00523587781936, 0.00534749869257, 0.00472465250641, 0.00420352676883, 0.00296622538008, 0.0110445572063, 0.00988066755235, 0.00257968925871, 7.35024696041e-06],
        "mean": [0.00038588931784, 0.0203970018774, 0.00227281264961, 0.00120900559705, 0.00300041842274, 0.00110709248111, 0.0021772920154, 0.00495493086055, 0.00269998935983, 0.00124303624034, 0.00131396041252, 0.00136812357232, 0.000605488196015, 0.000693449284881, 0.000430433312431, 0.00035004527308, 0.000311725685606, 0.000297686085105, 0.000541375600733, 0.000321606028592, 0.000282810768113, 0.000321975152474, 0.000162954311236, 0.000315014098305, 0.000187237164937, 0.000108704371087, 2.54223181173e-07],
        "median": [0.000190971783013, 0.00583269121125, 0.000593782169744, 0.000299614155665, 0.00142555590719, 0.000415753311245, 0.000332393101417, 0.00187639228534, 0.000669883098453, 0.000349682144588, 0.000363338913303, 0.00051300477935, 0.000239888671786, 0.000288228940917, 0.000139961179229, 0.000103611149825, 0.000101346558949, 0.000154716166435, 0.0001987755968, 0.000140300981002, 7.65246513765e-05, 0.000133346999064, 5.26433868799e-05, 6.45529507892e-05, 4.07579282182e-05, 1.76747453224e-05, 1.75839998118e-09],
        "min": [6.28539720271e-10, 3.49763240592e-09, 7.17745329837e-09, 8.55322301874e-09, 4.91505352329e-06, 3.70427324015e-06, 1.23835593513e-06, 1.44765954246e-05, 1.06998695628e-05, 2.89067793346e-06, 4.754085694e-06, 8.10296114651e-06, 7.59745125833e-06, 1.61322236636e-06, 9.82294181995e-07, 1.24746088659e-06, 6.18822639353e-07, 4.25649375302e-07, 1.20312336094e-06, 8.00543034529e-07, 7.68179802435e-07, 3.26055328514e-07, 2.34687491663e-10, 4.02094286756e-08, 6.41916464428e-10, 4.88131375598e-11, 6.85099112857e-12],
        "var": [2.52284905855e-07, 0.00144365616143, 3.90266141039e-05, 8.82457152329e-06, 1.86286979442e-05, 3.66301014765e-06, 2.08329074667e-05, 5.23230482941e-05, 3.88540101994e-05, 8.10911569715e-06, 7.67269830249e-06, 6.39510199107e-06, 1.15106831799e-06, 1.19788955999e-06, 9.09950074401e-07, 7.0557126719e-07, 2.93438063181e-07, 1.72240333995e-07, 5.95571577833e-07, 2.72186952088e-07, 3.09116671815e-07, 2.66416350314e-07, 1.04193233597e-07, 8.53952997204e-07, 3.45194820284e-07, 8.89680435989e-08, 6.54126329925e-13]
    },
    "erbbands": {
        "dmean": [0.384846508503, 3.41170501709, 3.54068994522, 3.35824131966, 5.23399114609, 8.64639472961, 10.7409563065, 7.59250068665, 9.50871181488, 49.2428398132, 63.667049408, 28.5737838745, 26.7830524445, 22.641210556, 22.9487419128, 26.0163288116, 22.456029892, 20.0158233643, 13.6635694504, 15.8624696732, 15.2090959549, 13.9221954346, 10.3549451828, 8.96353340149, 16.8486328125, 9.92259788513, 6.79657268524, 6.16064882278, 7.66232156754, 4.98016023636, 3.28383135796, 3.5773358345, 5.13133478165, 2.35006594658, 0.950106859207, 0.518768668175, 0.176138430834, 0.0156795140356, 0.000310333853122, 3.16925543302e-05],
        "dmean2": [0.545384585857, 4.44952869415, 5.60412168503, 5.66064453125, 9.06258296967, 14.0857334137, 17.1207466125, 12.7407035828, 15.837562561, 78.7600021362, 99.6083831787, 44.5216178894, 39.3445281982, 31.9196510315, 34.4418525696, 39.4011001587, 35.9631958008, 30.8640460968, 21.4412117004, 23.129983902, 23.302072525, 21.4053993225, 16.0132522583, 13.4917621613, 24.9352970123, 14.4396800995, 9.60884189606, 8.41418933868, 11.7153224945, 7.09894895554, 4.95158815384, 5.24541807175, 7.97548007965, 3.69777774811, 1.35033535957, 0.752115607262, 0.278885245323, 0.0258278530091, 0.000477631285321, 4.76473069284e-05],
        "dvar": [0.371677488089, 46.0276870728, 78.6303482056, 71.6701126099, 159.673934937, 215.572784424, 430.472900391, 254.1743927, 337.703277588, 6990.85986328, 12404.1103516, 3748.07519531, 4362.6015625, 1762.7434082, 1883.49365234, 2560.8737793, 1682.26757812, 1705.3293457, 530.19921875, 1398.41320801, 1473.97790527, 614.544433594, 302.346557617, 200.109405518, 722.0546875, 313.467224121, 197.902435303, 115.213172913, 211.377197266, 82.2324295044, 59.2478637695, 86.3031845093, 226.191055298, 52.3392829895, 6.37168312073, 1.82553339005, 0.245797082782, 0.0021287559066, 7.44749854675e-07, 2.99912916724e-09],
        "dvar2": [0.720425546169, 72.0406570435, 196.181137085, 186.927230835, 428.495483398, 532.11340332, 1055.48681641, 677.014892578, 883.428161621, 16341.7675781, 28924.828125, 8440.34667969, 8995.82226562, 3507.52172852, 4212.94287109, 5941.53271484, 4224.01708984, 4126.85107422, 1230.27770996, 2574.22314453, 3348.88525391, 1457.29016113, 717.222290039, 447.801940918, 1562.08251953, 638.428466797, 364.254638672, 210.697280884, 439.70111084, 167.588516235, 133.539352417, 170.561096191, 552.322570801, 118.984870911, 11.5070867538, 3.85068702698, 0.602415025234, 0.00536584947258, 1.81494215212e-06, 6.49612452719e-09],
        "max": [5.20997190475, 50.0157585144, 77.9746932983, 91.8582839966, 104.852958679, 179.59576416, 302.489593506, 193.317489624, 189.328598022, 810.086181641, 1107.1484375, 1007.25256348, 1596.92236328, 830.044921875, 591.434509277, 645.26574707, 573.515808105, 671.290161133, 277.097930908, 918.410400391, 776.889404297, 376.851837158, 332.439147949, 281.819671631, 399.233764648, 249.566192627, 207.999588013, 143.254196167, 191.552124023, 102.733703613, 74.079788208, 195.477630615, 219.99949646, 141.969146729, 41.4300613403, 14.9826755524, 4.4062333107, 0.375429481268, 0.00737439002842, 0.000480892194901],
        "mean": [0.562254905701, 4.5781712532, 4.03830194473, 3.42232656479, 5.10537147522, 10.9212875366, 14.5840702057, 8.0545873642, 12.0678577423, 78.3080749512, 103.703910828, 48.3944473267, 53.917591095, 55.1041908264, 42.3965873718, 41.7007789612, 32.3120574951, 34.6258468628, 22.0226345062, 25.038646698, 22.8603687286, 20.9334754944, 16.896320343, 15.9248790741, 31.969827652, 16.2820510864, 11.3977603912, 10.4993991852, 11.9184064865, 7.51146411896, 4.40984535217, 4.84253120422, 5.49682760239, 2.83774065971, 1.22791957855, 0.562876284122, 0.177276447415, 0.0144612239674, 0.000336876051733, 7.49578393879e-05],
        "median": [0.202365785837, 1.11229360104, 1.06100153923, 1.11380946636, 1.56323444843, 4.50397539139, 6.04551649094, 2.86483359337, 3.85753250122, 29.7749881744, 45.2682418823, 16.280878067, 19.0066146851, 19.0378932953, 19.5552139282, 18.3819465637, 16.4446048737, 13.9909610748, 11.6079072952, 7.88359594345, 6.47737360001, 7.29016017914, 8.10435676575, 10.0403785706, 10.9320735931, 8.1890039444, 3.41944622993, 3.15067911148, 4.55400133133, 3.16781973839, 1.40355098248, 1.16892123222, 1.00200176239, 0.477371990681, 0.264046669006, 0.098101682961, 0.0275148190558, 0.00168565963395, 6.3611609221e-05, 4.75245578855e-05],
        "min": [1.27480927858e-06, 9.97006191028e-06, 3.16661062243e-05, 0.000147269558511, 0.00140095571987, 0.0278327986598, 0.0184576548636, 0.0359264016151, 0.0915868356824, 0.310486376286, 0.613541305065, 0.293679535389, 0.313607990742, 0.240037351847, 0.397095769644, 0.413590878248, 0.593613684177, 0.195975363255, 0.0738162621856, 0.0694969892502, 0.0826617628336, 0.0944553688169, 0.123752228916, 0.0984630510211, 0.0977871716022, 0.0547045171261, 0.0542989186943, 0.0474053099751, 0.0281695909798, 0.0199429634959, 0.00113266240805, 0.00103488680907, 0.000999383395538, 0.000146477963426, 3.18080092256e-05, 8.45309023134e-06, 3.52367055712e-06, 6.39950201275e-07, 2.33895775636e-06, 2.86077943201e-06],
        "var": [0.751858115196, 88.2586364746, 84.3319473267, 55.7523612976, 120.64176178, 271.80267334, 544.972351074, 218.042388916, 386.600982666, 14429.2714844, 20009.90625, 9485.71289062, 16466.6386719, 10834.7382812, 4140.28515625, 4601.18310547, 2479.74584961, 3246.57958984, 955.718994141, 3709.53515625, 3182.65283203, 1181.45092773, 587.43737793, 369.205230713, 2357.90234375, 612.029846191, 520.383361816, 357.890136719, 435.510742188, 135.375671387, 76.2707290649, 195.780578613, 280.711395264, 80.2386474609, 11.5662250519, 2.27946734428, 0.243321299553, 0.00187759078108, 7.61892749779e-07, 6.17666273683e-09]
    },
    "gfcc": {
        "mean": [27.0725421906, 86.2644805908, -113.8751297, 29.692533493, -63.5412559509, 25.9199352264, -25.9792728424, 22.7636470795, -20.7502937317, 11.8683156967, -11.5460481644, 1.27768754959, -12.2478685379],
        "cov": [[2702.19897461, -886.42175293, 292.095458984, 81.9348144531, -63.8709106445, 51.1841621399, -232.808120728, 53.3115005493, -80.2599258423, 78.8700027466, -269.760437012, 83.2673492432, -151.22227478], [-886.42175293, 1026.90600586, 34.1931762695, 35.6167869568, 173.522201538, -45.0390510559, 187.595413208, -50.2007904053, 26.2663478851, -68.4793701172, 163.588928223, -81.843208313, 55.4114685059], [292.095458984, 34.1931762695, 712.933654785, 188.28994751, 132.161026001, 119.292373657, -49.6585006714, 24.2653217316, -18.789730072, 32.4324531555, 2.62310481071, 27.5794334412, -43.4391517639], [81.9348144531, 35.6167869568, 188.28994751, 429.798034668, 163.357925415, 71.8328323364, 28.3281764984, -40.987903595, 89.4194107056, 50.7628059387, -26.6713161469, -8.52051544189, 32.3834075928], [-63.8709106445, 173.522201538, 132.161026001, 163.357925415, 380.140197754, 131.251953125, 49.1613578796, 28.2562923431, 123.73034668, 26.8433208466, -69.2289123535, 47.1268844604, 45.0698242188], [51.1841621399, -45.0390510559, 119.292373657, 71.8328323364, 131.251953125, 247.818939209, 77.2348022461, 53.4235992432, 59.797958374, 14.8666324615, 6.01674032211, 29.6340618134, 8.71677398682], [-232.808120728, 187.595413208, -49.6585006714, 28.3281764984, 49.1613578796, 77.2348022461, 345.348114014, 61.6866188049, -27.333404541, 35.7055168152, 73.6309661865, 15.0811681747, -27.5794315338], [53.3115005493, -50.2007904053, 24.2653217316, -40.987903595, 28.2562923431, 53.4235992432, 61.6866188049, 120.636306763, 37.3022613525, 28.7123737335, 23.6598968506, 16.392414093, -6.03620576859], [-80.2599258423, 26.2663478851, -18.789730072, 89.4194107056, 123.73034668, 59.797958374, -27.333404541, 37.3022613525, 241.907913208, 41.8802223206, -42.9176864624, 6.74153280258, 46.9145088196], [78.8700027466, -68.4793701172, 32.4324531555, 50.7628059387, 26.8433208466, 14.8666324615, 35.7055168152, 28.7123737335, 41.8802223206, 128.739700317, 5.67860412598, -3.54343056679, -22.701215744], [-269.760437012, 163.588928223, 2.62310481071, -26.6713161469, -69.2289123535, 6.01674032211, 73.6309661865, 23.6598968506, -42.9176864624, 5.67860412598, 189.491577148, -30.5468063354, -11.7259778976], [83.2673492432, -81.843208313, 27.5794334412, -8.52051544189, 47.1268844604, 29.6340618134, 15.0811681747, 16.392414093, 6.74153280258, -3.54343056679, -30.5468063354, 116.279197693, 18.8461589813], [-151.22227478, 55.4114685059, -43.4391517639, 32.3834075928, 45.0698242188, 8.71677398682, -27.5794315338, -6.03620576859, 46.9145088196, -22.701215744, -11.7259778976, 18.8461589813, 112.525604248]],
        "icov": [[0.000672607508022, 0.000229575452977, -8.02849099273e-05, -0.000331614835886, 0.000187493278645, -0.000162251380971, 0.000425942736911, -0.000668623717502, 0.000444433622761, -0.000180623421329, 0.000816754938569, -0.000262227811618, 0.00076860061381], [0.000229575452977, 0.00304221874103, -0.000952956499532, 0.00111000426114, -0.00246418919414, 0.00211440166458, -0.00226192455739, 0.00259245513007, -0.00129541766364, 0.00198925007135, -0.00259499601088, 0.00231826514937, -0.0011863023974], [-8.02849099273e-05, -0.000952956499532, 0.00248967972584, -0.00146594736725, 0.000171539126313, -0.0014372242149, 0.00187230482697, -0.00180802308023, 0.00147267570719, -0.000732936023269, 0.000322884850902, -0.00129055429716, 0.00163683411665], [-0.000331614835886, 0.00111000426114, -0.00146594736725, 0.00468259910122, -0.00194730912335, 0.000766073586419, -0.00217081140727, 0.00431000767276, -0.00199968367815, -0.000345634558471, -0.00142787839286, 0.00206713052467, -0.00221702340059], [0.000187493278645, -0.00246418919414, 0.000171539126313, -0.00194730912335, 0.00689888559282, -0.00313057890162, 0.0012766137952, -0.00266550388187, -8.85197296157e-05, -0.00171023979783, 0.00416780915111, -0.00284800608642, 0.000344447966199], [-0.000162251380971, 0.00211440166458, -0.0014372242149, 0.000766073586419, -0.00313057890162, 0.00765089457855, -0.00290511990897, 0.000718513503671, -0.00208811275661, 0.0023198009003, -0.00268721557222, 0.00127651297953, -0.00120205048006], [0.000425942736911, -0.00226192455739, 0.00187230482697, -0.00217081140727, 0.0012766137952, -0.00290511990897, 0.00677548442036, -0.00478178309277, 0.00303535861894, -0.002413416747, 0.00122984789778, -0.00289660342969, 0.00301252375357], [-0.000668623717502, 0.00259245513007, -0.00180802308023, 0.00431000767276, -0.00266550388187, 0.000718513503671, -0.00478178309277, 0.0161865707487, -0.00452058808878, 5.31575678906e-05, -0.00460925558582, 0.00170532567427, -0.00227571278811], [0.000444433622761, -0.00129541766364, 0.00147267570719, -0.00199968367815, -8.85197296157e-05, -0.00208811275661, 0.00303535861894, -0.00452058808878, 0.00794942677021, -0.00291519891471, 0.00261520687491, -0.000706621503923, -0.000433714420069], [-0.000180623421329, 0.00198925007135, -0.000732936023269, -0.000345634558471, -0.00171023979783, 0.0023198009003, -0.002413416747, 5.31575678906e-05, -0.00291519891471, 0.0113665349782, -0.00241115689278, 0.00172775634564, 0.00147874723189], [0.000816754938569, -0.00259499601088, 0.000322884850902, -0.00142787839286, 0.00416780915111, -0.00268721557222, 0.00122984789778, -0.00460925558582, 0.00261520687491, -0.00241115689278, 0.0108073698357, -0.000681867590174, 0.00116770970635], [-0.000262227811618, 0.00231826514937, -0.00129055429716, 0.00206713052467, -0.00284800608642, 0.00127651297953, -0.00289660342969, 0.00170532567427, -0.000706621503923, 0.00172775634564, -0.000681867590174, 0.0123489461839, -0.00365986209363], [0.00076860061381, -0.0011863023974, 0.00163683411665, -0.00221702340059, 0.000344447966199, -0.00120205048006, 0.00301252375357, -0.00227571278811, -0.000433714420069, 0.00147874723189, 0.00116770970635, -0.00365986209363, 0.0135591030121]]
    },
    "melbands": {
        "dmean": [0.00389233767055, 0.00257026823238, 0.000596669793595, 0.000482425006339, 0.000390729343053, 0.000167466176208, 0.000186307181139, 0.000616943754721, 0.000476600136608, 0.000179651498911, 0.000140842850669, 9.44653802435e-05, 8.09209886938e-05, 9.06579807634e-05, 6.20934806648e-05, 5.12859733135e-05, 3.9035017835e-05, 2.67321847787e-05, 2.15459494939e-05, 1.60215804499e-05, 1.80786446435e-05, 1.64033917827e-05, 1.11045565063e-05, 8.0750323832e-06, 7.30520196157e-06, 1.30755934151e-05, 1.02492231235e-05, 6.80153470967e-06, 4.6788304644e-06, 3.93576192437e-06, 3.82873531635e-06, 4.63436754217e-06, 4.51556707048e-06, 2.31693979913e-06, 1.73285343408e-06, 2.65053404291e-06, 2.14660121856e-06, 2.80148537968e-06, 4.8372207857e-06, 1.48575770709e-06],
        "dmean2": [0.00526541704312, 0.0035284361802, 0.000988899031654, 0.000817945459858, 0.000617251906078, 0.000279755186057, 0.000309416267555, 0.000976322393399, 0.000738266913686, 0.000279462692561, 0.000208062294405, 0.000134030793561, 0.000120191682072, 0.000134977395646, 0.000100195000414, 8.17323598312e-05, 6.02388572588e-05, 4.22992379754e-05, 3.19021019095e-05, 2.38661214098e-05, 2.83121189568e-05, 2.57837873505e-05, 1.7600483261e-05, 1.25659944388e-05, 1.1190263649e-05, 1.97996669158e-05, 1.54675617523e-05, 1.01296409412e-05, 6.80819312038e-06, 5.42532688996e-06, 5.49568267161e-06, 7.27386668586e-06, 6.88140016791e-06, 3.41058648701e-06, 2.54442738878e-06, 4.25404687121e-06, 3.13129953611e-06, 4.16838429373e-06, 8.10191977507e-06, 2.26789825319e-06],
        "dvar": [4.63572978333e-05, 2.94650708383e-05, 2.21415302804e-06, 8.64147693846e-07, 4.59280016685e-07, 1.17993842252e-07, 1.33354603804e-07, 9.63511752161e-07, 6.44735109745e-07, 1.67568330767e-07, 1.19677153521e-07, 3.18668540444e-08, 2.36522677e-08, 4.76818513562e-08, 1.77142407409e-08, 1.11526325952e-08, 8.09563438509e-09, 2.35804331616e-09, 2.44278353101e-09, 1.05874831124e-09, 2.25782104124e-09, 1.01414787679e-09, 3.40314471048e-10, 2.46208720078e-10, 1.65582450529e-10, 4.43024200658e-10, 3.18278431388e-10, 2.12576303782e-10, 1.09156961248e-10, 6.54193851868e-11, 4.79816568422e-11, 1.00434292827e-10, 8.55377504938e-11, 1.94889104854e-11, 1.32845496756e-11, 5.20929306635e-11, 3.69085491336e-11, 6.26947521676e-11, 2.59354121512e-10, 2.68321979219e-11],
        "dvar2": [7.7148906712e-05, 5.26611947862e-05, 5.48948764845e-06, 2.28320232054e-06, 1.08429287593e-06, 3.10797162228e-07, 3.39806888405e-07, 2.2590863864e-06, 1.52806728693e-06, 3.74913355472e-07, 2.44597060828e-07, 6.71269191344e-08, 4.92562364229e-08, 1.01812922537e-07, 4.29845670169e-08, 2.82783272354e-08, 1.94843714496e-08, 5.44625722299e-09, 4.77983830294e-09, 2.11103512449e-09, 5.11545650284e-09, 2.4956929856e-09, 8.08803635177e-10, 6.19406415048e-10, 3.8674580205e-10, 1.00552144389e-09, 6.79891143385e-10, 4.52498677417e-10, 2.18084009185e-10, 1.09918872615e-10, 9.72081165562e-11, 2.24629981282e-10, 1.87269325047e-10, 4.36370314882e-11, 2.78303630141e-11, 1.32284141974e-10, 6.70214092557e-11, 1.34059166546e-10, 6.78858858016e-10, 5.96652657836e-11],
        "max": [0.0521454587579, 0.0448082052171, 0.015231388621, 0.00796023756266, 0.00889872480184, 0.00415909849107, 0.00386131345294, 0.0086186947301, 0.00760380737484, 0.00897010508925, 0.00804326869547, 0.00319139263593, 0.00297442870215, 0.00315009779297, 0.00172726297751, 0.00163736648392, 0.00154275167733, 0.000578909355681, 0.00129982316867, 0.000582481152378, 0.000920306949411, 0.000497345754411, 0.000199839967536, 0.000307356851408, 0.000259428750724, 0.000276090402622, 0.000316898367601, 0.000221214533667, 0.000165866091265, 0.000144972611452, 0.000111921661301, 0.000149268380483, 0.000129779582494, 5.25446084794e-05, 4.61234994873e-05, 6.90959277563e-05, 0.000134248009999, 0.000196102686459, 0.00013885453518, 0.000117119772767],
        "mean": [0.0055763060227, 0.00362115865573, 0.000639914243948, 0.000538314459845, 0.000547275179997, 0.000181043156772, 0.000246388604864, 0.000991470529698, 0.000769305566791, 0.000309128430672, 0.00027471332578, 0.000224290590268, 0.000155348694534, 0.000147281374666, 8.5096929979e-05, 6.65174156893e-05, 6.56570118736e-05, 3.74895971618e-05, 3.3256932511e-05, 2.48930991802e-05, 2.53105336014e-05, 2.26154443226e-05, 1.59591672855e-05, 1.28976653286e-05, 1.17912268252e-05, 2.40267509071e-05, 1.75891054823e-05, 9.56245276029e-06, 7.14683483238e-06, 6.23134110356e-06, 6.08395066592e-06, 6.87651208864e-06, 6.33878153167e-06, 3.24228290083e-06, 2.30560249292e-06, 2.86196336674e-06, 2.97035103358e-06, 3.3610463106e-06, 4.37674816567e-06, 1.86921772638e-06],
        "median": [0.00176621624269, 0.000951263180468, 0.000206632248592, 0.000208574841963, 0.000229338111239, 6.50394067634e-05, 5.73011056986e-05, 0.000400478835218, 0.00032459947397, 7.33677516109e-05, 8.63523091539e-05, 7.22428885638e-05, 6.57806813251e-05, 4.01075012633e-05, 3.58092220267e-05, 2.21188875003e-05, 2.19244520849e-05, 1.73692114913e-05, 1.12434190669e-05, 7.32342778065e-06, 6.49696494293e-06, 7.09148980604e-06, 6.04106935498e-06, 6.63783566779e-06, 6.77988691677e-06, 8.27807070891e-06, 6.98909070707e-06, 3.45056741935e-06, 1.99983765015e-06, 1.53016480908e-06, 1.83634506357e-06, 2.33341825151e-06, 2.36475966631e-06, 1.3486798025e-06, 7.56447434469e-07, 5.50764639229e-07, 7.10565643658e-07, 7.27114979782e-07, 5.10189067882e-07, 3.35912915261e-07],
        "min": [1.19998777581e-09, 6.3130869421e-09, 1.73804615144e-08, 1.36409838092e-07, 8.19203933133e-07, 7.39226607038e-07, 5.75173089601e-07, 1.22009873849e-06, 2.9183438528e-06, 1.48839512804e-06, 1.56571525167e-06, 5.72792885123e-07, 8.59631200001e-07, 6.09741675817e-07, 6.60509158479e-07, 5.6772859125e-07, 1.48035795178e-07, 1.02747748087e-07, 7.08223168999e-08, 1.00228973565e-07, 4.96640701897e-08, 3.23382280953e-08, 3.01964782068e-08, 1.03612087798e-08, 6.92974140293e-08, 4.90274771892e-08, 2.15061604081e-08, 1.88678086488e-08, 2.08503223575e-08, 1.62438329454e-08, 1.3227229978e-08, 5.53582735208e-09, 7.12934822289e-09, 1.80304016162e-09, 3.87235870539e-13, 1.33624319942e-10, 1.98422819842e-10, 4.99259800169e-10, 9.34338370562e-12, 2.99452650177e-12],
