{
"highlevel": {
    "danceability": {
        "all": {
            "danceable": 0.428325921297,
            "not_danceable": 0.571674108505
        },
        "probability": 0.571674108505,
        "value": "not_danceable"
    },
    "gender": {
        "all": {
            "female": 4.15508884544e-06,
            "male": 0.999995827675
        },
        "probability": 0.999995827675,
        "value": "male"
    },
    "genre_dortmund": {
        "all": {
            "alternative": 0.0601273551583,
            "blues": 0.0669228732586,
            "electronic": 0.00407444592565,
            "folkcountry": 0.660807847977,
            "funksoulrnb": 0.00835213530809,
            "jazz": 0.0213993638754,
            "pop": 0.0586704798043,
            "raphiphop": 0.00378991570324,
            "rock": 0.115855611861
        },
        "probability": 0.660807847977,
        "value": "folkcountry"
    },
    "genre_electronic": {
        "all": {
            "ambient": 0.805266678333,
            "dnb": 0.0492576658726,
            "house": 0.073633916676,
            "techno": 0.0076944869943,
            "trance": 0.0641472265124
        },
        "probability": 0.805266678333,
        "value": "ambient"
    },
    "genre_rosamerica": {
        "all": {
            "cla": 0.363843619823,
            "dan": 0.0249140933156,
            "hip": 0.0343480296433,
            "jaz": 0.0541360490024,
            "pop": 0.116605766118,
            "rhy": 0.196952521801,
            "roc": 0.142449855804,
            "spe": 0.0667500644922
        },
        "probability": 0.363843619823,
        "value": "cla"
    },
    "genre_tzanetakis": {
        "all": {
            "blu": 0.0626613423228,
            "cla": 0.0348169617355,
            "cou": 0.104475811124,
            "dis": 0.0784321576357,
            "hip": 0.15692435205,
            "jaz": 0.313974827528,
            "met": 0.0448166541755,
            "pop": 0.0627359300852,
            "reg": 0.0627360641956,
            "roc": 0.0784258767962
        },
        "probability": 0.313974827528,
        "value": "jaz"
    },
    "ismir04_rhythm": {
        "all": {
            "ChaChaCha": 0.063036262989,
            "Jive": 0.195798709989,
            "Quickstep": 0.315508276224,
            "Rumba-American": 0.0164739880711,
            "Rumba-International": 0.0273914225399,
            "Rumba-Misc": 0.00957178790122,
            "Samba": 0.0641544386744,
            "Tango": 0.094534277916,
            "VienneseWaltz": 0.195056512952,
            "Waltz": 0.0184743311256
        },
        "probability": 0.315508276224,
        "value": "Quickstep"
    },
    "mood_acoustic": {
        "all": {
            "acoustic": 0.858844876289,
            "not_acoustic": 0.141155108809
        },
        "probability": 0.858844876289,
        "value": "acoustic"
    },
    "mood_aggressive": {
        "all": {
            "aggressive": 0.00907313730568,
            "not_aggressive": 0.990926861763
        },
        "probability": 0.990926861763,
        "value": "not_aggressive"
    },
    "mood_electronic": {
        "all": {
            "electronic": 0.0570565126836,
            "not_electronic": 0.942943513393
        },
        "probability": 0.942943513393,
        "value": "not_electronic"
    },
    "mood_happy": {
        "all": {
            "happy": 0.910106658936,
            "not_happy": 0.0898933410645
        },
        "probability": 0.910106658936,
        "value": "happy"
    },
    "mood_party": {
        "all": {
            "not_party": 0.813239037991,
            "party": 0.186760976911
        },
        "probability": 0.813239037991,
        "value": "not_party"
    },
    "mood_relaxed": {
        "all": {
            "not_relaxed": 0.927280366421,
            "relaxed": 0.0727196037769
        },
        "probability": 0.927280366421,
        "value": "not_relaxed"
    },
    "mood_sad": {
        "all": {
            "not_sad": 0.465163767338,
            "sad": 0.534836232662
        },
        "probability": 0.534836232662,
        "value": "sad"
    },
    "moods_mirex": {
        "all": {
            "Cluster1": 0.118862353265,
            "Cluster2": 0.393840372562,
            "Cluster3": 0.151116892695,
            "Cluster4": 0.294174641371,
            "Cluster5": 0.0420057103038
        },
        "probability": 0.393840372562,
        "value": "Cluster2"
    },
    "timbre": {
        "all": {
            "bright": 0.968891561031,
            "dark": 0.0311084613204
        },
        "probability": 0.968891561031,
        "value": "bright"
    },
    "tonal_atonal": {
        "all": {
            "atonal": 0.00634639756754,
            "tonal": 0.993653595448
        },
        "probability": 0.993653595448,
        "value": "tonal"
    },
    "voice_instrumental": {
        "all": {
            "instrumental": 0.000316454330459,
            "voice": 0.999683558941
        },
        "probability": 0.999683558941,
        "value": "voice"
    }
},
"lowlevel": {
    "average_loudness": 0.912685513496,
    "barkbands_crest": {
        "dmean": 2.67247366905,
        "dmean2": 4.42565917969,
        "dvar": 5.5879535675,
        "dvar2": 13.8567667007,
        "max": 24.6866054535,
        "mean": 9.0559015274,
        "median": 8.35203170776,
        "min": 3.35131573677,
        "var": 12.8371019363
    },
    "barkbands_flatness_db": {
        "dmean": 0.0217812284827,
        "dmean2": 0.0341173298657,
        "dvar": 0.000314647215419,
        "dvar2": 0.000731267151423,
        "max": 0.265233933926,
        "mean": 0.138615608215,
        "median": 0.136068150401,
        "min": 0.0611659549177,
        "var": 0.0011300026672
    },
    "barkbands_kurtosis": {
        "dmean": 2.20973277092,
        "dmean2": 3.56776857376,
        "dvar": 8.34786891937,
        "dvar2": 21.7442207336,
        "max": 36.7787818909,
        "mean": 2.91803455353,
        "median": 1.99369239807,
        "min": -1.8694601059,
        "var": 14.8901853561
    },
    "barkbands_skewness": {
        "dmean": 0.505225241184,
        "dmean2": 0.777835309505,
        "dvar": 0.233735054731,
        "dvar2": 0.540437996387,
        "max": 5.44554662704,
        "mean": 1.41029942036,
        "median": 1.43482446671,
        "min": -1.81447339058,
        "var": 0.817580521107
    },
    "barkbands_spread": {
        "dmean": 6.47573041916,
        "dmean2": 10.1046628952,
        "dvar": 56.9959259033,
        "dvar2": 129.612045288,
        "max": 87.7861557007,
        "mean": 21.3416118622,
        "median": 17.9990463257,
        "min": 3.80185842514,
        "var": 151.749221802
    },
    "dissonance": {
        "dmean": 0.0219704732299,
        "dmean2": 0.0364149659872,
        "dvar": 0.000447919621365,
        "dvar2": 0.00116784626152,
        "max": 0.499813854694,
        "mean": 0.455072700977,
        "median": 0.464105784893,
        "min": 0.297132134438,
        "var": 0.00111727439798
    },
    "dynamic_complexity": 2.58702802658,
    "erbbands_crest": {
        "dmean": 3.04699420929,
        "dmean2": 5.00231695175,
        "dvar": 7.74133872986,
        "dvar2": 20.1333942413,
        "max": 26.9258575439,
        "mean": 9.2632856369,
        "median": 8.41415500641,
        "min": 2.60996508598,
        "var": 19.1067123413
    },
    "erbbands_flatness_db": {
        "dmean": 0.021818742156,
        "dmean2": 0.032721247524,
        "dvar": 0.000361222424544,
        "dvar2": 0.000669875997119,
        "max": 0.283776313066,
        "mean": 0.166211947799,
        "median": 0.16492113471,
        "min": 0.0743151754141,
        "var": 0.00159647571854
    },
    "erbbands_kurtosis": {
        "dmean": 0.983186066151,
        "dmean2": 1.52633821964,
        "dvar": 1.37330532074,
        "dvar2": 3.28589296341,
        "max": 11.3548431396,
        "mean": 0.387422651052,
        "median": -0.19625210762,
        "min": -1.736292243,
        "var": 3.46129560471
    },
    "erbbands_skewness": {
        "dmean": 0.420763522387,
        "dmean2": 0.643495380878,
        "dvar": 0.153596833348,
        "dvar2": 0.346977353096,
        "max": 2.98470211029,
        "mean": 0.517427444458,
        "median": 0.571968913078,
        "min": -2.30016493797,
        "var": 0.625720143318
    },
    "erbbands_spread": {
        "dmean": 9.26549625397,
        "dmean2": 14.2403640747,
        "dvar": 83.6422805786,
        "dvar2": 203.144439697,
        "max": 116.583122253,
        "mean": 39.4463691711,
        "median": 37.3887519836,
        "min": 7.64501523972,
        "var": 299.524536133
    },
    "hfc": {
        "dmean": 6.61356639862,
        "dmean2": 8.74967288971,
        "dvar": 114.528770447,
        "dvar2": 180.072494507,
        "max": 221.015060425,
        "mean": 17.0843219757,
        "median": 10.8126955032,
        "min": 0.44188117981,
        "var": 387.754577637
    },
    "melbands_crest": {
        "dmean": 3.39462757111,
        "dmean2": 5.57299757004,
        "dvar": 8.58570575714,
        "dvar2": 21.1934700012,
        "max": 31.8626594543,
        "mean": 12.1497821808,
        "median": 11.2112064362,
        "min": 3.12971735001,
        "var": 21.6266269684
    },
    "melbands_flatness_db": {
        "dmean": 0.0246314685792,
        "dmean2": 0.0377148874104,
        "dvar": 0.000425953650847,
        "dvar2": 0.000972058682237,
        "max": 0.305418223143,
        "mean": 0.164805054665,
        "median": 0.164366394281,
        "min": 0.0373571850359,
        "var": 0.00176679319702
    },
    "melbands_kurtosis": {
        "dmean": 4.74064159393,
        "dmean2": 7.67664957047,
        "dvar": 38.505443573,
        "dvar2": 98.341545105,
        "max": 74.8123245239,
        "mean": 9.12864017487,
        "median": 7.18319606781,
        "min": -1.68772614002,
        "var": 70.7051544189
    },
    "melbands_skewness": {
        "dmean": 0.623777747154,
        "dmean2": 0.965715289116,
        "dvar": 0.367384552956,
        "dvar2": 0.859538853168,
        "max": 7.19365215302,
        "mean": 2.23708820343,
        "median": 2.17847275734,
        "min": -0.493187516928,
        "var": 1.27842581272
    },
    "melbands_spread": {
        "dmean": 8.4186964035,
        "dmean2": 12.6820516586,
        "dvar": 176.865539551,
        "dvar2": 336.527740479,
        "max": 190.108032227,
        "mean": 25.4911727905,
        "median": 19.9146194458,
        "min": 3.07249641418,
        "var": 513.878967285
    },
    "pitch_salience": {
        "dmean": 0.0695361495018,
        "dmean2": 0.114909984171,
        "dvar": 0.00372658087872,
        "dvar2": 0.00913170073181,
        "max": 0.815619885921,
        "mean": 0.625000119209,
        "median": 0.641308426857,
        "min": 0.207295298576,
        "var": 0.0089206835255
    },
    "silence_rate_20dB": {
        "dmean": 0,
        "dmean2": 0,
        "dvar": 0,
        "dvar2": 0,
        "max": 1,
        "mean": 1,
        "median": 1,
        "min": 1,
        "var": 0
    },
    "silence_rate_30dB": {
        "dmean": 0.00154798757285,
        "dmean2": 0.00309837330133,
        "dvar": 0.00154558965005,
        "dvar2": 0.00308876484632,
        "max": 1,
        "mean": 0.998453199863,
        "median": 1,
        "min": 0,
        "var": 0.00154439662583
    },
    "silence_rate_60dB": {
        "dmean": 0.0356037169695,
        "dmean2": 0.0712625905871,
        "dvar": 0.0343358553946,
        "dvar2": 0.0739310383797,
        "max": 1,
        "mean": 0.0440835282207,
        "median": 0,
        "min": 0,
        "var": 0.0421396121383
    },
    "spectral_centroid": {
        "dmean": 297.338867188,
        "dmean2": 452.142333984,
        "dvar": 109053.59375,
        "dvar2": 213244.484375,
        "max": 4242.55175781,
        "mean": 1374.69030762,
        "median": 1227.15869141,
        "min": 344.386688232,
        "var": 405867.03125
    },
    "spectral_complexity": {
        "dmean": 3.28482961655,
        "dmean2": 4.76142501831,
        "dvar": 9.17890167236,
        "dvar2": 18.2761726379,
        "max": 44,
        "mean": 15.2126836777,
        "median": 14,
        "min": 1,
        "var": 43.2192611694
    },
    "spectral_decrease": {
        "dmean": 1.4769199197e-09,
        "dmean2": 2.11021089491e-09,
        "dvar": 4.00659694864e-18,
        "dvar2": 6.76101119472e-18,
        "max": -1.40750272548e-10,
        "mean": -4.27845847639e-09,
        "median": -3.08168734975e-09,
        "min": -2.8405837682e-08,
        "var": 1.58223554247e-17
    },
    "spectral_energy": {
        "dmean": 0.00607260037214,
        "dmean2": 0.00860225316137,
        "dvar": 6.69729779474e-05,
        "dvar2": 0.000110966975626,
        "max": 0.11951521039,
        "mean": 0.0176974982023,
        "median": 0.0127620333806,
        "min": 0.00057423353428,
        "var": 0.000265660928562
    },
    "spectral_energyband_high": {
        "dmean": 0.000367599190213,
        "dmean2": 0.000518535263836,
        "dvar": 1.04847788407e-06,
        "dvar2": 1.6283830746e-06,
        "max": 0.0199966840446,
        "mean": 0.000682506943122,
        "median": 0.00031201163074,
        "min": 1.53077253344e-05,
        "var": 2.86362478619e-06
    },
    "spectral_energyband_low": {
        "dmean": 0.000668296590447,
        "dmean2": 0.00107974291313,
        "dvar": 9.33265482672e-07,
        "dvar2": 2.56688849731e-06,
        "max": 0.0177451297641,
        "mean": 0.00123592547607,
        "median": 0.000879658269696,
        "min": 1.15863922474e-05,
        "var": 1.51161361828e-06
    },
    "spectral_energyband_middle_high": {
        "dmean": 0.00200585904531,
        "dmean2": 0.00274209445342,
        "dvar": 1.35467025757e-05,
        "dvar2": 1.96979090106e-05,
        "max": 0.0775751024485,
        "mean": 0.00452198926359,
        "median": 0.00234059407376,
        "min": 0.000110123051854,
        "var": 4.70178347314e-05
    },
    "spectral_energyband_middle_low": {
        "dmean": 0.00468034809455,
        "dmean2": 0.00701040960848,
        "dvar": 4.17925075453e-05,
        "dvar2": 8.39955173433e-05,
        "max": 0.0777329131961,
        "mean": 0.0118617722765,
        "median": 0.00810439139605,
        "min": 0.000176786459633,
        "var": 0.000139476556797
    },
    "spectral_entropy": {
        "dmean": 0.176058501005,
        "dmean2": 0.261372536421,
        "dvar": 0.0225644540042,
        "dvar2": 0.0463461205363,
        "max": 8.60693454742,
        "mean": 7.61878395081,
        "median": 7.61556434631,
        "min": 6.58144760132,
        "var": 0.0997689962387
    },
    "spectral_flux": {
        "dmean": 0.0220993608236,
        "dmean2": 0.0354422442615,
        "dvar": 0.000529865152203,
        "dvar2": 0.00125722831581,
        "max": 0.295059472322,
        "mean": 0.0776764079928,
        "median": 0.0691077336669,
        "min": 0.0128534715623,
        "var": 0.00149319053162
    },
    "spectral_kurtosis": {
        "dmean": 1.28098011017,
        "dmean2": 2.11635136604,
        "dvar": 1.51954102516,
        "dvar2": 4.04543876648,
        "max": 14.7305469513,
        "mean": 3.34368610382,
        "median": 2.99198770523,
        "min": -0.571666955948,
        "var": 3.70900774002
    },
    "spectral_rms": {
        "dmean": 0.000689236738253,
        "dmean2": 0.000964229926467,
        "dvar": 5.09020992467e-07,
        "dvar2": 7.76572619543e-07,
        "max": 0.0107981571928,
        "mean": 0.00381921627559,
        "median": 0.00352856400423,
        "min": 0.000748483696952,
        "var": 2.67941777565e-06
    },
    "spectral_rolloff": {
        "dmean": 589.647155762,
        "dmean2": 993.496582031,
        "dvar": 902281.5,
        "dvar2": 1881209.75,
        "max": 10960.4003906,
        "mean": 1660.20397949,
        "median": 1248.92578125,
        "min": 215.33203125,
        "var": 2170940.5
    },
    "spectral_skewness": {
        "dmean": 0.212925747037,
        "dmean2": 0.331713378429,
        "dvar": 0.0326220393181,
        "dvar2": 0.0734131261706,
        "max": 2.99062657356,
        "mean": 1.36403000355,
        "median": 1.37374138832,
        "min": 0.234463512897,
        "var": 0.134041503072
    },
    "spectral_spread": {
        "dmean": 656198.4375,
        "dmean2": 1001975.375,
        "dvar": 406421700608,
        "dvar2": 921388384256,
        "max": 10147945,
        "mean": 4494359,
        "median": 4362680,
        "min": 2152015.25,
        "var": 1.10071984947e+12
    },
    "spectral_strongpeak": {
        "dmean": 0.563789308071,
        "dmean2": 0.887486934662,
        "dvar": 0.62730717659,
        "dvar2": 1.38251686096,
        "max": 12.4338741302,
        "mean": 1.12069511414,
        "median": 0.678810417652,
        "min": 0,
        "var": 1.53550457954
    },
    "zerocrossingrate": {
        "dmean": 0.0115706026554,
        "dmean2": 0.013151445426,
        "dvar": 0.000223193972488,
        "dvar2": 0.000213805367821,
        "max": 0.314453125,
        "mean": 0.0667759552598,
        "median": 0.05908203125,
        "min": 0.0146484375,
        "var": 0.00133609212935
    },
    "barkbands": {
        "dmean": [9.15570944926e-06, 0.000241939516854, 0.000291381555144, 0.000636083306745, 0.00145330128726, 0.000938843935728, 0.00193028221838, 0.00133695767727, 0.00113971403334, 0.00065893860301, 0.000317642407026, 0.000501513364725, 0.00034941569902, 0.000288652081508, 0.000179536174983, 0.000203430929105, 0.000218424029299, 0.000298621162074, 0.00018474580429, 9.85864026006e-05, 0.000122448705952, 6.52425223961e-05, 6.45422915113e-05, 8.69417272042e-05, 3.03932301904e-05, 1.14109134302e-05, 9.4461771738e-10],
        "dmean2": [1.3542960005e-05, 0.000400124001317, 0.000468156620627, 0.0010228252504, 0.00235450593755, 0.00145328149665, 0.00304897571914, 0.00207634433173, 0.00164463021792, 0.00107240863144, 0.000472666957648, 0.000731998938136, 0.000550145632587, 0.000457687536255, 0.000281792628812, 0.0003001698351, 0.000322502310155, 0.000446291931439, 0.000275491387583, 0.000144539910252, 0.000181203868124, 9.18297519092e-05, 9.79510587058e-05, 0.000127842940856, 4.71002385893e-05, 1.88858175534e-05, 1.56952262298e-09],
        "dvar": [6.94009694158e-09, 2.07068907798e-07, 2.30429037629e-07, 9.61199930316e-07, 5.17655507792e-06, 2.82389828499e-06, 2.09377067222e-05, 1.06602383312e-05, 8.9205459517e-06, 2.17261458602e-06, 1.3064615132e-06, 3.1783315535e-06, 7.65338995734e-07, 7.95304970325e-07, 5.39295172075e-07, 1.26406462186e-06, 2.62983007815e-07, 4.59384779106e-07, 6.72926717016e-07, 9.7598388038e-08, 1.09966208584e-07, 3.24397966267e-08, 5.33485255971e-08, 1.34361968662e-07, 1.12427196441e-08, 8.96751228829e-10, 3.58764874538e-17],
        "dvar2": [1.37674911471e-08, 6.25705183666e-07, 5.88129921653e-07, 2.40283748099e-06, 1.21914554256e-05, 6.22283914709e-06, 5.22177360835e-05, 2.29350516747e-05, 1.46797647176e-05, 4.88643490826e-06, 1.67376163063e-06, 5.34244009032e-06, 1.66667871326e-06, 1.81954771961e-06, 1.27428324959e-06, 2.92786717182e-06, 5.4775443914e-07, 9.32803857268e-07, 1.55430848281e-06, 2.23938712907e-07, 2.06254767932e-07, 5.3356828289e-08, 1.06952583678e-07, 2.45024239121e-07, 2.13897202173e-08, 2.06062100716e-09, 3.940593147e-17],
        "max": [0.00288737355731, 0.00880255363882, 0.0084668379277, 0.0123263690621, 0.0396963506937, 0.0350673161447, 0.0715884789824, 0.0427847877145, 0.0492792390287, 0.0212583113462, 0.0342798382044, 0.0315868854523, 0.0163588728756, 0.0136026972905, 0.0168358869851, 0.0415880717337, 0.00766883045435, 0.00893380492926, 0.0250449664891, 0.00633441563696, 0.00565562816337, 0.00388148589991, 0.00547679373994, 0.00803021341562, 0.00343922851607, 0.000677952484693, 1.83506088547e-07],
        "mean": [8.81708456291e-06, 0.000380921032047, 0.000434310844867, 0.000945648003835, 0.00246824114583, 0.00151498254854, 0.00284460722469, 0.00175078213215, 0.00200395518914, 0.000826605246402, 0.000497457920574, 0.000727757986169, 0.000505902862642, 0.00041950418381, 0.000258224783465, 0.000324779452058, 0.000320922612445, 0.000444587349193, 0.000268250732915, 0.000167500853422, 0.00019837396394, 0.000109582157165, 9.95171139948e-05, 0.000124591737404, 3.91342910007e-05, 1.25456108435e-05, 8.04823485634e-10],
        "median": [1.59218461704e-06, 0.000230264486163, 0.0002018539235, 0.000444199657068, 0.00132619671058, 0.000816857733298, 0.000764323223848, 0.000354402873199, 0.000458042311948, 0.000225185285672, 0.000157292946824, 0.000168122380273, 0.000112575013191, 6.88662621542e-05, 7.54281427362e-05, 6.64979233989e-05, 0.000111359768198, 0.000154621724505, 9.26343054743e-05, 6.54368050164e-05, 8.33697922644e-05, 4.7387304221e-05, 4.35991532868e-05, 4.41632728325e-05, 1.24106481962e-05, 4.01460874855e-06, 2.25781435215e-10],
        "min": [5.86698600813e-09, 2.10272432355e-07, 1.47328682942e-06, 1.06575371319e-05, 1.76366938831e-05, 1.66642421391e-05, 1.16928713396e-05, 9.18636851566e-06, 1.26206559798e-05, 7.53026779421e-06, 2.48127230407e-06, 3.25100495502e-06, 3.65659980162e-06, 2.39345422415e-06, 4.91318451168e-06, 2.3098946258e-06, 2.62316711996e-06, 2.98629470308e-06, 3.03276874547e-06, 4.52946596852e-06, 1.64537289038e-06, 1.71093608969e-06, 1.78951029284e-06, 6.74156126479e-07, 1.8043124328e-08, 1.6870504993e-11, 1.76372701166e-11],
        "var": [8.30745250369e-09, 2.45861883741e-07, 3.66701044641e-07, 1.79407845735e-06, 1.27441044242e-05, 4.86627595819e-06, 4.71934035886e-05, 1.57590402523e-05, 2.5137400371e-05, 2.9294765227e-06, 4.04827824241e-06, 6.60206433167e-06, 1.2405362213e-06, 1.32585034862e-06, 7.6857776321e-07, 2.86611179945e-06, 4.50892514436e-07, 8.38457822283e-07, 1.00079319054e-06, 1.53440836925e-07, 2.52103944831e-07, 8.78788526393e-08, 1.00653323898e-07, 2.49006205877e-07, 2.51864022971e-08, 1.49889101131e-09, 3.54950248425e-17]
    },
    "erbbands": {
        "dmean": [0.00363743864, 0.0662733316422, 0.281955480576, 1.18760573864, 3.77186155319, 5.73079204559, 5.43374204636, 8.6730632782, 17.7583065033, 36.4921646118, 25.3619594574, 28.6760749817, 18.5455150604, 17.8309001923, 10.4902687073, 21.6031703949, 17.1320819855, 14.8664331436, 8.28951835632, 10.2244215012, 11.3391857147, 11.213388443, 16.1292953491, 11.9288911819, 6.16295528412, 4.90526771545, 5.48103904724, 4.19491243362, 2.60355424881, 1.55878865719, 1.97188436985, 2.38099718094, 1.08749830723, 0.457613646984, 0.170694023371, 0.0768973976374, 0.0146410148591, 0.000846723385621, 2.08252731682e-05, 8.3603672465e-06],
        "dmean2": [0.00608277646825, 0.109389714897, 0.44951915741, 1.9024566412, 6.06937885284, 9.31411457062, 8.75467586517, 13.374215126, 27.1361045837, 57.9303359985, 38.1753311157, 41.2982711792, 29.3182125092, 27.3850631714, 16.1014614105, 30.9276390076, 26.2636890411, 22.7402648926, 12.5359706879, 15.2293844223, 16.7832527161, 16.2847537994, 24.1574115753, 17.5704345703, 9.27266597748, 7.16581344604, 8.37028312683, 5.97128677368, 3.66097545624, 2.4294936657, 3.01234102249, 3.58463907242, 1.59963202477, 0.740773379803, 0.260528177023, 0.125058829784, 0.0245439950377, 0.0014838258503, 3.40344158758e-05, 1.17306744869e-05],
        "dvar": [4.84077245346e-05, 0.0166728422046, 0.269959241152, 2.82731199265, 29.3268890381, 107.090736389, 80.0226364136, 356.152404785, 1357.1875, 11082.9072266, 2818.71582031, 6375.06445312, 1578.71740723, 3479.38378906, 1287.17834473, 4893.33886719, 1690.27478027, 2027.3347168, 1048.16186523, 2123.58398438, 2721.82885742, 629.331420898, 1264.61071777, 2219.65527344, 342.94909668, 275.759307861, 203.911987305, 177.19770813, 46.7667427063, 23.1531658173, 49.862575531, 127.50579071, 15.7587404251, 2.96749377251, 0.324742764235, 0.055251095444, 0.000913214928005, 2.47299044531e-06, 1.42091005628e-09, 1.20533569237e-10],
        "dvar2": [0.000123066492961, 0.0505268312991, 0.708013951778, 7.19531488419, 71.7515640259, 256.158874512, 195.055328369, 798.529602051, 2689.72485352, 28039.9902344, 5555.21728516, 10963.4111328, 3626.75878906, 6400.61474609, 3028.79223633, 8642.859375, 3747.40161133, 4597.03125, 2037.21826172, 5228.78857422, 7088.50341797, 1228.6940918, 2660.41064453, 5356.24755859, 635.495849609, 673.327087402, 401.833984375, 318.607910156, 74.1951141357, 47.0267944336, 96.9625244141, 266.795043945, 23.7800617218, 6.97486209869, 0.481702029705, 0.106387041509, 0.00228981557302, 6.63783339405e-06, 3.3129210486e-09, 2.00417044072e-10],
        "max": [0.107905268669, 2.54966664314, 10.0080308914, 20.927728653, 118.478759766, 196.431289673, 152.913146973, 431.042785645, 850.417724609, 1438.58496094, 1205.33654785, 1316.51342773, 605.311950684, 1653.0645752, 958.205383301, 1139.37890625, 683.166809082, 755.997192383, 1044.82275391, 1119.45117188, 1804.35241699, 401.015014648, 455.817840576, 1158.29333496, 590.01385498, 369.427520752, 326.736022949, 237.995300293, 136.379119873, 103.087203979, 163.254730225, 217.754821777, 106.097244263, 45.1695175171, 17.6772232056, 5.17395925522, 0.597657859325, 0.0147543372586, 0.000651633308735, 0.000149639556184],
        "mean": [0.00564108556136, 0.107063874602, 0.477374643087, 1.9485257864, 5.96191549301, 8.84472846985, 9.36175060272, 13.1795015335, 28.4870643616, 49.8805847168, 42.0306930542, 50.7861251831, 28.1460895538, 25.8087215424, 16.8893718719, 32.5732116699, 26.2987957001, 23.2663002014, 13.415189743, 15.8640928268, 18.1966018677, 18.4818058014, 24.3950138092, 17.701593399, 10.4519252777, 8.41744804382, 8.85118770599, 6.75726699829, 4.30646800995, 2.38241267204, 3.0285718441, 3.28798747063, 1.60186314583, 0.565681159496, 0.220286265016, 0.0910485312343, 0.015572026372, 0.000798812427092, 3.1997635233e-05, 2.381098966e-05],
        "median": [0.00279427459463, 0.0628241896629, 0.232991591096, 1.08830463886, 3.12447333336, 4.28264856339, 4.87027454376, 6.833527565, 10.1080207825, 11.8262195587, 11.2053003311, 12.3070707321, 8.64230823517, 7.999812603, 6.57509565353, 8.23408699036, 6.12721776962, 4.24013757706, 3.96185350418, 4.53253269196, 4.38729381561, 6.8187379837, 8.69200992584, 6.2546453476, 4.29272890091, 3.36584591866, 4.01077127457, 2.53368020058, 1.85193419456, 1.11527466774, 1.3085423708, 1.2018558979, 0.573161184788, 0.195221081376, 0.0606097579002, 0.0251990798861, 0.00574525492266, 0.000254939164734, 1.78288210009e-05, 1.72703203134e-05],
        "min": [4.27696904808e-05, 0.00024488766212, 0.00815084669739, 0.0473903045058, 0.0516430027783, 0.044656496495, 0.137350797653, 0.191287323833, 0.309487313032, 0.129990980029, 0.249430403113, 0.352780252695, 0.352498501539, 0.222926586866, 0.139776736498, 0.173632711172, 0.25891533494, 0.121873401105, 0.176462650299, 0.18885576725, 0.275133430958, 0.170101240277, 0.189721658826, 0.154150664806, 0.131723210216, 0.253374785185, 0.150626316667, 0.0315889753401, 0.0579991936684, 0.061659835279, 0.053690880537, 0.0197682864964, 0.00725580472499, 0.00176059128717, 0.000332541560056, 1.90088121599e-05, 2.74105468634e-06, 5.93927381942e-07, 5.02574664552e-07, 7.34848129014e-07],
        "var": [6.95493727108e-05, 0.0201195087284, 0.451931864023, 5.47654724121, 84.2223968506, 209.717880249, 241.604110718, 467.167938232, 4325.66064453, 16876.0371094, 7898.62744141, 17585.0703125, 2654.88793945, 8805.07324219, 2222.12817383, 10939.1582031, 2999.85888672, 3444.55761719, 2061.69287109, 2941.72363281, 6409.52490234, 1275.98901367, 2208.41577148, 3616.80444336, 635.382385254, 383.152679443, 407.040649414, 424.00994873, 136.313049316, 37.7944259644, 98.0798950195, 192.680038452, 36.6620178223, 4.62422990799, 0.992159843445, 0.123503424227, 0.00114865927026, 2.38981419898e-06, 2.48056686303e-09, 4.54339732503e-10]
    },
    "gfcc": {
        "mean": [-12.1638536453, 89.0447616577, -133.057342529, 31.5358448029, -84.0569458008, 6.4225525856, -48.0032157898, 7.28697729111, -28.5640945435, -5.4022192955, -15.2137413025, -6.01458406448, -13.9491415024],
        "cov": [[1485.20751953, -294.238616943, -222.740875244, -197.975540161, 14.902633667, -43.4364852905, 12.9498510361, 102.053474426, 17.3735694885, 47.0691986084, -42.5727386475, 51.3646774292, -108.750419617], [-294.238616943, 736.670349121, -182.32421875, -108.269035339, 87.6029663086, -49.7601852417, 63.634727478, -42.0418395996, 132.611328125, -131.851821899, 129.345230103, -66.8235931396, 14.0754776001], [-222.740875244, -182.32421875, 487.566314697, 183.148864746, -8.92324733734, 53.0891952515, -36.4681739807, 39.0318412781, -75.2836685181, 75.3662643433, -77.5119400024, 70.3671798706, 21.8160381317], [-197.975540161, -108.269035339, 183.148864746, 368.16809082, 29.0536384583, 26.5642242432, -19.5250492096, 13.7075796127, 13.8794927597, 22.0019416809, 18.9116458893, 1.67151200771, 73.5834884644], [14.902633667, 87.6029663086, -8.92324733734, 29.0536384583, 208.785629272, 15.0950059891, -33.7601852417, 32.0558395386, 53.8750915527, 15.4029216766, -13.732336998, 21.5485477448, -14.8854198456], [-43.4364852905, -49.7601852417, 53.0891952515, 26.5642242432, 15.0950059891, 177.222763062, 106.109390259, 28.7755241394, -21.3003044128, 37.7822723389, -3.60582923889, -17.1597175598, 15.2850065231], [12.9498510361, 63.634727478, -36.4681739807, -19.5250492096, -33.7601852417, 106.109390259, 218.77305603, 51.7206611633, -16.3323554993, -7.04721355438, 32.7978172302, -13.7726106644, -2.75298643112], [102.053474426, -42.0418395996, 39.0318412781, 13.7075796127, 32.0558395386, 28.7755241394, 51.7206611633, 116.952354431, 27.5748329163, 30.6968002319, -5.18927955627, 19.516626358, -14.3981437683], [17.3735694885, 132.611328125, -75.2836685181, 13.8794927597, 53.8750915527, -21.3003044128, -16.3323554993, 27.5748329163, 128.913574219, 6.93228149414, 37.5114898682, -21.8280200958, -4.07471323013], [47.0691986084, -131.851821899, 75.3662643433, 22.0019416809, 15.4029216766, 37.7822723389, -7.04721355438, 30.6968002319, 6.93228149414, 120.290962219, -10.9614658356, 16.2092208862, -16.7015399933], [-42.5727386475, 129.345230103, -77.5119400024, 18.9116458893, -13.732336998, -3.60582923889, 32.7978172302, -5.18927955627, 37.5114898682, -10.9614658356, 114.174720764, -8.8955821991, 3.99521136284], [51.3646774292, -66.8235931396, 70.3671798706, 1.67151200771, 21.5485477448, -17.1597175598, -13.7726106644, 19.516626358, -21.8280200958, 16.2092208862, -8.8955821991, 89.3879470825, -1.42640006542], [-108.750419617, 14.0754776001, 21.8160381317, 73.5834884644, -14.8854198456, 15.2850065231, -2.75298643112, -14.3981437683, -4.07471323013, -16.7015399933, 3.99521136284, -1.42640006542, 97.4524230957]],
        "icov": [[0.0010533464374, 0.000695601222105, 0.000531577854417, 0.000426319194958, -0.000188167134183, 0.000316466408549, -0.000220403439016, -0.000639173784293, -0.000425906851888, 0.000161442279932, 2.30322257266e-05, -0.000423681078246, 0.000457768765045], [0.000695601222105, 0.00600553071126, -0.00283897598274, 0.0040366393514, -0.0046416874975, 0.00331074977294, -0.0040497565642, 0.00295838154852, -0.00499022519216, 0.00478206947446, -0.00579576380551, 0.00403141230345, -0.00250163837336], [0.000531577854417, -0.00283897598274, 0.00651049008593, -0.00426573865116, 0.00372558599338, -0.00323075521737, 0.00346786971204, -0.00339312222786, 0.00390584627166, -0.00361468875781, 0.00558351026848, -0.00550874276087, 0.00267345644534], [0.000426319194958, 0.0040366393514, -0.00426573865116, 0.00744051160291, -0.00435849139467, 0.00280409073457, -0.00274402275681, 0.00178374152165, -0.00371421175078, 0.00297010946088, -0.00606624735519, 0.00463896756992, -0.00501966709271], [-0.000188167134183, -0.0046416874975, 0.00372558599338, -0.00435849139467, 0.0108589697629, -0.00560435466468, 0.00543398642913, -0.00368027877994, 0.000638700381387, -0.00284017482772, 0.00667500635609, -0.00686321733519, 0.00423067063093], [0.000316466408549, 0.00331074977294, -0.00323075521737, 0.00280409073457, -0.00560435466468, 0.0135717699304, -0.0085196569562, 0.00235027284361, -0.000637603283394, -0.00139307975769, -0.00323515944183, 0.00661879265681, -0.00443311873823], [-0.000220403439016, -0.0040497565642, 0.00346786971204, -0.00274402275681, 0.00543398642913, -0.0085196569562, 0.0126573797315, -0.00704776961356, 0.00502215325832, -0.000748947786633, 0.00164334301371, -0.00346103776246, 0.00308075244538], [-0.000639173784293, 0.00295838154852, -0.00339312222786, 0.00178374152165, -0.00368027877994, 0.00235027284361, -0.00704776961356, 0.0160219296813, -0.00720139360055, 0.000740039627999, -0.00135123601649, -6.60077712382e-05, -0.000610377523117], [-0.000425906851888, -0.00499022519216, 0.00390584627166, -0.00371421175078, 0.000638700381387, -0.000637603283394, 0.00502215325832, -0.00720139360055, 0.0177530590445, -0.00575490063056, 0.000702620076481, 0.00104641623329, 0.00119358289521], [0.000161442279932, 0.00478206947446, -0.00361468875781, 0.00297010946088, -0.00284017482772, -0.00139307975769, -0.000748947786633, 0.000740039627999, -0.00575490063056, 0.0155117027462, -0.00494684884325, 0.00171114725526, 0.000574514386244], [2.30322257266e-05, -0.00579576380551, 0.00558351026848, -0.00606624735519, 0.00667500635609, -0.00323515944183, 0.00164334301371, -0.00135123601649, 0.000702620076481, -0.00494684884325, 0.0188856404275, -0.00730011658743, 0.00386757892556], [-0.000423681078246, 0.00403141230345, -0.00550874276087, 0.00463896756992, -0.00686321733519, 0.00661879265681, -0.00346103776246, -6.60077712382e-05, 0.00104641623329, 0.00171114725526, -0.00730011658743, 0.0202460251749, -0.00458596786484], [0.000457768765045, -0.00250163837336, 0.00267345644534, -0.00501966709271, 0.00423067063093, -0.00443311873823, 0.00308075244538, -0.000610377523117, 0.00119358289521, 0.000574514386244, 0.00386757892556, -0.00458596786484, 0.0155863622203]]
    },
    "melbands": {
        "dmean": [5.09006604261e-05, 0.000124405705719, 0.000262551096966, 0.000337134144502, 0.000198583249585, 0.000192405932466, 0.000299639941659, 0.000375912553864, 0.000212276820093, 0.000170738567249, 9.4472852652e-05, 7.49211030779e-05, 3.70834641217e-05, 5.0042890507e-05, 5.32859121449e-05, 3.29008798872e-05, 3.01067375403e-05, 1.46352067532e-05, 1.32772493089e-05, 1.54368408403e-05, 1.33796538648e-05, 1.14736985779e-05, 1.59268274729e-05, 1.4016651221e-05, 9.99967960524e-06, 6.14782447883e-06, 3.28010037265e-06, 3.52919960278e-06, 3.44763066096e-06, 3.33379603035e-06, 2.40614963332e-06, 1.62559740602e-06, 1.14300382847e-06, 8.19758952275e-07, 1.0645914017e-06, 1.63493825767e-06, 1.52466520831e-06, 8.93414267011e-07, 4.77420371681e-07, 3.77654032491e-07],
        "dmean2": [8.38615305838e-05, 0.000199033966055, 0.000419808260631, 0.000554834492505, 0.000317901693052, 0.000298842351185, 0.000466182478704, 0.000587488291785, 0.00032098806696, 0.000246320938459, 0.000151257379912, 0.00011743815412, 5.67230017623e-05, 7.57287416491e-05, 8.13138758531e-05, 5.12953556608e-05, 4.7030258429e-05, 2.28779645113e-05, 2.11160404433e-05, 2.33958890021e-05, 2.02292849281e-05, 1.72298659891e-05, 2.38498214458e-05, 2.10535872611e-05, 1.49655534187e-05, 9.27661585592e-06, 5.0774679039e-06, 5.31392424818e-06, 5.28246073372e-06, 5.16667478223e-06, 3.33518369189e-06, 2.3376169338e-06, 1.76540584107e-06, 1.28185035919e-06, 1.6481176317e-06, 2.43773524744e-06, 2.27542568609e-06, 1.29232796553e-06, 7.42343331694e-07, 6.24840822638e-07],
        "dvar": [8.14942424654e-09, 5.58400508055e-08, 1.24263621615e-07, 3.20551265531e-07, 8.34833073782e-08, 1.45874551549e-07, 4.05209306109e-07, 1.07256676074e-06, 2.32885085438e-07, 2.368328893e-07, 4.5093713652e-08, 5.54460193314e-08, 1.19413376964e-08, 4.17933385677e-08, 2.40814745922e-08, 9.07948027873e-09, 8.67036487051e-09, 3.57608986867e-09, 2.68820210536e-09, 7.55930784635e-09, 2.4974651236e-09, 7.2501660231e-10, 1.33084931964e-09, 1.09913711466e-09, 1.97763139198e-09, 8.2634049603e-10, 7.16623080321e-11, 1.67003300078e-10, 8.43345462909e-11, 7.88556442366e-11, 6.73689298791e-11, 1.79225748825e-11, 1.54093456745e-11, 6.33900961236e-12, 1.08232060467e-11, 5.93295412799e-11, 4.92316361289e-11, 1.10428784172e-11, 2.68437117153e-12, 2.24159493051e-12],
        "dvar2": [2.33321326704e-08, 1.54941957931e-07, 3.16995055982e-07, 7.60942384659e-07, 2.0235550835e-07, 3.2421903029e-07, 8.18274259018e-07, 2.57252713709e-06, 4.39800174945e-07, 4.07096479194e-07, 1.07573654873e-07, 1.03872459079e-07, 2.16837499067e-08, 7.52570130658e-08, 4.04616216088e-08, 1.89067357326e-08, 2.01675867118e-08, 6.64541310869e-09, 6.42580388899e-09, 1.66931730661e-08, 6.28032026384e-09, 1.47196488332e-09, 2.8484510306e-09, 2.33085728496e-09, 4.92065321822e-09, 1.5411091292e-09, 1.57128227096e-10, 4.18585693884e-10, 1.71355873935e-10, 1.61046107006e-10, 1.21472887304e-10, 2.73145915608e-11, 3.7492040722e-11, 1.35773241608e-11, 2.3050646461e-11, 1.19932452858e-10, 1.04996809858e-10, 1.66857135747e-11, 4.80892886276e-12, 5.91979937292e-12],
        "max": [0.00159830611665, 0.00483887037262, 0.00466219475493, 0.0109258182347, 0.00440646521747, 0.00843829661608, 0.014458396472, 0.0129104917869, 0.0125223966315, 0.00799752771854, 0.00321312784217, 0.00617907335982, 0.00325919804163, 0.00427474314347, 0.00438914867118, 0.00215755286627, 0.0015067079803, 0.00162023829762, 0.000977770425379, 0.00311013241298, 0.00152577832341, 0.000392896821722, 0.000543875445146, 0.000507515156642, 0.00109454162885, 0.000994017464109, 0.000143993223901, 0.000294025317999, 0.000201890492463, 0.000177970199729, 0.00016590541054, 9.50956891757e-05, 8.16914325696e-05, 6.12303701928e-05, 8.68132628966e-05, 0.000194619584363, 0.000133655150421, 9.49873210629e-05, 3.56200216629e-05, 3.98920601583e-05],
        "mean": [7.92370483396e-05, 0.0002122392616, 0.000444777513621, 0.000561215856578, 0.000340391183272, 0.000298759143334, 0.000485608208692, 0.000502879265696, 0.000356293050572, 0.000297425023746, 0.000130759202875, 0.000103188489447, 5.95318051637e-05, 7.14640118531e-05, 8.06661919341e-05, 4.57310561615e-05, 4.45371806563e-05, 2.17056931433e-05, 1.95574666577e-05, 2.30145560636e-05, 2.05337364605e-05, 1.77005258593e-05, 2.34487251873e-05, 2.0228773792e-05, 1.39134144774e-05, 9.00841405382e-06, 5.42079669685e-06, 5.58550709684e-06, 5.41378767593e-06, 4.96507072967e-06, 3.62628634321e-06, 2.66920142167e-06, 1.6157795244e-06, 1.15609486784e-06, 1.54925021434e-06, 2.1790926894e-06, 2.00851309273e-06, 1.25837993892e-06, 6.619121109e-07, 4.05516203728e-07],
        "median": [4.9493755796e-05, 0.000110765380668, 0.000259625405306, 0.000293072254863, 0.000196875349502, 0.000157234797371, 0.0001604466961, 0.000120990087453, 8.24789385661e-05, 6.82992686052e-05, 3.81303325412e-05, 2.93043012789e-05, 2.17394699575e-05, 1.81136892934e-05, 1.89865804714e-05, 9.31310114538e-06, 6.81227993482e-06, 5.33287902726e-06, 5.50693494006e-06, 5.13175109518e-06, 4.70676741315e-06, 5.79217930863e-06, 7.52233427193e-06, 6.90628030497e-06, 4.15905742557e-06, 3.16951377499e-06, 2.17623801291e-06, 2.03434456125e-06, 2.47396587838e-06, 1.99101532417e-06, 1.19664321119e-06, 1.08252743303e-06, 7.3802902989e-07, 5.00596968322e-07, 6.89932903697e-07, 7.90033595877e-07, 6.87158546953e-07, 4.23125698035e-07, 2.36979303736e-07, 1.25342310753e-07],
