{
"highlevel": {
    "danceability": {
        "all": {
            "danceable": 0.856958448887,
            "not_danceable": 0.143041566014
        },
        "probability": 0.856958448887,
        "value": "danceable"
    },
    "gender": {
        "all": {
            "female": 0.0957143083215,
            "male": 0.904285669327
        },
        "probability": 0.904285669327,
        "value": "male"
    },
    "genre_dortmund": {
        "all": {
            "alternative": 0.115606032312,
            "blues": 0.0543033629656,
            "electronic": 0.00647823931649,
            "folkcountry": 0.202025026083,
            "funksoulrnb": 0.014158308506,
            "jazz": 0.139534637332,
            "pop": 0.0862390100956,
            "raphiphop": 0.00376811739989,
            "rock": 0.377887278795
        },
        "probability": 0.377887278795,
        "value": "rock"
    },
    "genre_electronic": {
        "all": {
            "ambient": 0.456011474133,
            "dnb": 0.196929439902,
            "house": 0.117517665029,
            "techno": 0.0171140078455,
            "trance": 0.212427422404
        },
        "probability": 0.456011474133,
        "value": "ambient"
    },
    "genre_rosamerica": {
        "all": {
            "cla": 0.0321257598698,
            "dan": 0.0269609224051,
            "hip": 0.0155578991398,
            "jaz": 0.0215166416019,
            "pop": 0.232023134828,
            "rhy": 0.0583572909236,
            "roc": 0.587360858917,
            "spe": 0.0260974857956
        },
        "probability": 0.587360858917,
        "value": "roc"
    },
    "genre_tzanetakis": {
        "all": {
            "blu": 0.0626613423228,
            "cla": 0.0348169617355,
            "cou": 0.104475811124,
            "dis": 0.0784321576357,
            "hip": 0.15692435205,
            "jaz": 0.313974827528,
            "met": 0.0448166541755,
            "pop": 0.0627359300852,
            "reg": 0.0627360641956,
            "roc": 0.0784258767962
        },
        "probability": 0.313974827528,
        "value": "jaz"
    },
    "ismir04_rhythm": {
        "all": {
            "ChaChaCha": 0.0984855145216,
            "Jive": 0.223890542984,
            "Quickstep": 0.235814094543,
            "Rumba-American": 0.0205141603947,
            "Rumba-International": 0.068004399538,
            "Rumba-Misc": 0.0210862029344,
            "Samba": 0.123214520514,
            "Tango": 0.0124803483486,
            "VienneseWaltz": 0.168536916375,
            "Waltz": 0.0279733091593
        },
        "probability": 0.235814094543,
        "value": "Quickstep"
    },
    "mood_acoustic": {
        "all": {
            "acoustic": 0.232701346278,
            "not_acoustic": 0.767298638821
        },
        "probability": 0.767298638821,
        "value": "not_acoustic"
    },
    "mood_aggressive": {
        "all": {
            "aggressive": 0.0778819471598,
            "not_aggressive": 0.922118067741
        },
        "probability": 0.922118067741,
        "value": "not_aggressive"
    },
    "mood_electronic": {
        "all": {
            "electronic": 0.0659823864698,
            "not_electronic": 0.934017598629
        },
        "probability": 0.934017598629,
        "value": "not_electronic"
    },
    "mood_happy": {
        "all": {
            "happy": 0.94529312849,
            "not_happy": 0.0547068752348
        },
        "probability": 0.94529312849,
        "value": "happy"
    },
    "mood_party": {
        "all": {
            "not_party": 0.954930484295,
            "party": 0.0450695231557
        },
        "probability": 0.954930484295,
        "value": "not_party"
    },
    "mood_relaxed": {
        "all": {
            "not_relaxed": 0.793346047401,
            "relaxed": 0.206653922796
        },
        "probability": 0.793346047401,
        "value": "not_relaxed"
    },
    "mood_sad": {
        "all": {
            "not_sad": 0.307497113943,
            "sad": 0.692502856255
        },
        "probability": 0.692502856255,
        "value": "sad"
    },
    "moods_mirex": {
        "all": {
            "Cluster1": 0.381338983774,
            "Cluster2": 0.311520963907,
            "Cluster3": 0.177077054977,
            "Cluster4": 0.0783159807324,
            "Cluster5": 0.0517470166087
        },
        "probability": 0.381338983774,
        "value": "Cluster1"
    },
    "timbre": {
        "all": {
            "bright": 0.99734467268,
            "dark": 0.00265533290803
        },
        "probability": 0.99734467268,
        "value": "bright"
    },
    "tonal_atonal": {
        "all": {
            "atonal": 2.18573677557e-05,
            "tonal": 0.999978125095
        },
        "probability": 0.999978125095,
        "value": "tonal"
    },
    "voice_instrumental": {
        "all": {
            "instrumental": 0.70997685194,
            "voice": 0.29002314806
        },
        "probability": 0.70997685194,
        "value": "instrumental"
    }
},
"lowlevel": {
    "average_loudness": 0.98173558712,
    "barkbands_crest": {
        "dmean": 2.75783491135,
        "dmean2": 4.51012134552,
        "dvar": 6.15016365051,
        "dvar2": 16.581237793,
        "max": 22.592420578,
        "mean": 10.0144090652,
        "median": 9.39380931854,
        "min": 3.17974209785,
        "var": 13.6815061569
    },
    "barkbands_flatness_db": {
        "dmean": 0.0201253667474,
        "dmean2": 0.0311876256019,
        "dvar": 0.000264798902208,
        "dvar2": 0.000609000679106,
        "max": 0.238497272134,
        "mean": 0.141080185771,
        "median": 0.140116691589,
        "min": 0.074221149087,
        "var": 0.000916011165828
    },
    "barkbands_kurtosis": {
        "dmean": 1.98894262314,
        "dmean2": 3.19699144363,
        "dvar": 5.41639184952,
        "dvar2": 13.3310422897,
        "max": 35.9814491272,
        "mean": 3.05428338051,
        "median": 2.34792375565,
        "min": -1.70727539062,
        "var": 12.6967658997
    },
    "barkbands_skewness": {
        "dmean": 0.417307198048,
        "dmean2": 0.675867557526,
        "dvar": 0.13684989512,
        "dvar2": 0.341081649065,
        "max": 5.45600700378,
        "mean": 1.6293143034,
        "median": 1.62154591084,
        "min": -0.572849452496,
        "var": 0.538559854031
    },
    "barkbands_spread": {
        "dmean": 6.16642570496,
        "dmean2": 9.77587509155,
        "dvar": 36.1291618347,
        "dvar2": 82.1940765381,
        "max": 65.7441940308,
        "mean": 24.7583312988,
        "median": 22.6479644775,
        "min": 4.83146619797,
        "var": 117.252891541
    },
    "dissonance": {
        "dmean": 0.0174500308931,
        "dmean2": 0.0291018672287,
        "dvar": 0.000227319527767,
        "dvar2": 0.000618975842372,
        "max": 0.5,
        "mean": 0.463069289923,
        "median": 0.465778321028,
        "min": 0.354126244783,
        "var": 0.000479978218209
    },
    "dynamic_complexity": 0.952001750469,
    "erbbands_crest": {
        "dmean": 3.0475833416,
        "dmean2": 4.86458969116,
        "dvar": 7.68358469009,
        "dvar2": 19.065322876,
        "max": 29.5993785858,
        "mean": 10.9460287094,
        "median": 9.94811058044,
        "min": 2.63614201546,
        "var": 27.0203227997
    },
    "erbbands_flatness_db": {
        "dmean": 0.0195517875254,
        "dmean2": 0.0292004533112,
        "dvar": 0.000352021190338,
        "dvar2": 0.000761176575907,
        "max": 0.267177253962,
        "mean": 0.151016294956,
        "median": 0.146816238761,
        "min": 0.0791385620832,
        "var": 0.00127502495889
    },
    "erbbands_kurtosis": {
        "dmean": 0.764278888702,
        "dmean2": 1.21713006496,
        "dvar": 0.969942808151,
        "dvar2": 2.29956889153,
        "max": 13.1106510162,
        "mean": -0.258331537247,
        "median": -0.708489179611,
        "min": -1.6423368454,
        "var": 1.97432649136
    },
    "erbbands_skewness": {
        "dmean": 0.391622215509,
        "dmean2": 0.604510843754,
        "dvar": 0.114296890795,
        "dvar2": 0.279998391867,
        "max": 3.52448678017,
        "mean": 0.565922498703,
        "median": 0.532908022404,
        "min": -1.82343935966,
        "var": 0.426571547985
    },
    "erbbands_spread": {
        "dmean": 8.61237430573,
        "dmean2": 13.3357152939,
        "dvar": 69.6804199219,
        "dvar2": 149.570480347,
        "max": 103.295265198,
        "mean": 50.1491775513,
        "median": 48.0970726013,
        "min": 11.0487298965,
        "var": 316.445556641
    },
    "hfc": {
        "dmean": 10.9932460785,
        "dmean2": 17.2951526642,
        "dvar": 300.942230225,
        "dvar2": 780.545043945,
        "max": 163.504196167,
        "mean": 29.5708465576,
        "median": 24.3656177521,
        "min": 4.95406103134,
        "var": 363.503570557
    },
    "melbands_crest": {
        "dmean": 3.3431866169,
        "dmean2": 5.53604984283,
        "dvar": 8.19074440002,
        "dvar2": 21.0765209198,
        "max": 26.9465675354,
        "mean": 12.8620548248,
        "median": 12.2058200836,
        "min": 4.47189712524,
        "var": 16.9931716919
    },
    "melbands_flatness_db": {
        "dmean": 0.0233929213136,
        "dmean2": 0.035695694387,
        "dvar": 0.00045710746781,
        "dvar2": 0.000884572335053,
        "max": 0.309957057238,
        "mean": 0.175660401583,
        "median": 0.176086694002,
        "min": 0.0455479435623,
        "var": 0.00161468365695
    },
    "melbands_kurtosis": {
        "dmean": 4.93369483948,
        "dmean2": 8.19253826141,
        "dvar": 32.1808280945,
        "dvar2": 81.320854187,
        "max": 72.0334091187,
        "mean": 12.5992069244,
        "median": 11.1180381775,
        "min": -1.09231722355,
        "var": 79.5878677368
    },
    "melbands_skewness": {
        "dmean": 0.576264441013,
        "dmean2": 0.928390204906,
        "dvar": 0.297266542912,
        "dvar2": 0.743893563747,
        "max": 7.23711109161,
        "mean": 2.76532769203,
        "median": 2.76015591621,
        "min": 0.207458823919,
        "var": 1.07154476643
    },
    "melbands_spread": {
        "dmean": 6.02486515045,
        "dmean2": 9.649102211,
        "dvar": 35.6896934509,
        "dvar2": 89.5322113037,
        "max": 103.569465637,
        "mean": 22.7969322205,
        "median": 19.792514801,
        "min": 3.7197368145,
        "var": 147.389953613
    },
    "pitch_salience": {
        "dmean": 0.0770805776119,
        "dmean2": 0.128158703446,
        "dvar": 0.00490792375058,
        "dvar2": 0.0126203568652,
        "max": 0.831205427647,
        "mean": 0.556106626987,
        "median": 0.554211080074,
        "min": 0.224818721414,
        "var": 0.0138123473153
    },
    "silence_rate_20dB": {
        "dmean": 0,
        "dmean2": 0,
        "dvar": 0,
        "dvar2": 0,
        "max": 1,
        "mean": 1,
        "median": 1,
        "min": 1,
        "var": 0
    },
    "silence_rate_30dB": {
        "dmean": 0,
        "dmean2": 0,
        "dvar": 0,
        "dvar2": 0,
        "max": 1,
        "mean": 1,
        "median": 1,
        "min": 1,
        "var": 0
    },
    "silence_rate_60dB": {
        "dmean": 0,
        "dmean2": 0,
        "dvar": 0,
        "dvar2": 0,
        "max": 0,
        "mean": 0,
        "median": 0,
        "min": 0,
        "var": 0
    },
    "spectral_centroid": {
        "dmean": 225.293075562,
        "dmean2": 365.094055176,
        "dvar": 42200.4453125,
        "dvar2": 102492,
        "max": 3229.99365234,
        "mean": 1310.79626465,
        "median": 1243.66137695,
        "min": 406.342315674,
        "var": 196006.09375
    },
    "spectral_complexity": {
        "dmean": 5.00541782379,
        "dmean2": 7.78311395645,
        "dvar": 28.4047889709,
        "dvar2": 63.9251289368,
        "max": 55,
        "mean": 20.3294658661,
        "median": 18,
        "min": 7,
        "var": 56.8798713684
    },
    "spectral_decrease": {
        "dmean": 2.97293611951e-09,
        "dmean2": 4.81949014031e-09,
        "dvar": 1.11276554622e-17,
        "dvar2": 2.86769687912e-17,
        "max": -1.56614543556e-09,
        "mean": -8.29733526331e-09,
        "median": -7.43771888523e-09,
        "min": -3.26431575104e-08,
        "var": 1.40089290221e-17
    },
    "spectral_energy": {
        "dmean": 0.0120212594047,
        "dmean2": 0.0194642934948,
        "dvar": 0.000187218654901,
        "dvar2": 0.000487135839649,
        "max": 0.138033032417,
        "mean": 0.0339982248843,
        "median": 0.0303295552731,
        "min": 0.00638768076897,
        "var": 0.000228807344683
    },
    "spectral_energyband_high": {
        "dmean": 0.000926206470467,
        "dmean2": 0.00146323896479,
        "dvar": 3.15266720463e-06,
        "dvar2": 8.13362203189e-06,
        "max": 0.0170351415873,
        "mean": 0.00167099677492,
        "median": 0.00090189545881,
        "min": 0.000131082269945,
        "var": 3.93349455408e-06
    },
    "spectral_energyband_low": {
        "dmean": 0.00508682057261,
        "dmean2": 0.00799317099154,
        "dvar": 7.78548273956e-05,
        "dvar2": 0.000173440494109,
        "max": 0.0598183870316,
        "mean": 0.00765195814893,
        "median": 0.00454997643828,
        "min": 0.000136709364597,
        "var": 8.48054187372e-05
    },
    "spectral_energyband_middle_high": {
        "dmean": 0.00145069765858,
        "dmean2": 0.00232235365547,
        "dvar": 2.86647400571e-06,
        "dvar2": 7.20211710359e-06,
        "max": 0.0221412163228,
        "mean": 0.00423258030787,
        "median": 0.00334317842498,
        "min": 0.000576892402023,
        "var": 8.87149417395e-06
    },
    "spectral_energyband_middle_low": {
        "dmean": 0.00787807442248,
        "dmean2": 0.0131400218233,
        "dvar": 8.99833612493e-05,
        "dvar2": 0.000242917391006,
        "max": 0.100757747889,
        "mean": 0.0221092905849,
        "median": 0.0200777687132,
        "min": 0.00239480379969,
        "var": 0.000121142380522
    },
    "spectral_entropy": {
        "dmean": 0.171118736267,
        "dmean2": 0.267473638058,
        "dvar": 0.0282583422959,
        "dvar2": 0.0588720478117,
        "max": 8.32482433319,
        "mean": 7.65916442871,
        "median": 7.65258264542,
        "min": 6.8032078743,
        "var": 0.0919563099742
    },
    "spectral_flux": {
        "dmean": 0.0313738808036,
        "dmean2": 0.0496551841497,
        "dvar": 0.000879012281075,
        "dvar2": 0.00209850724787,
        "max": 0.282218009233,
        "mean": 0.0988865867257,
        "median": 0.0898324027658,
        "min": 0.0272675938904,
        "var": 0.00169610371813
    },
    "spectral_kurtosis": {
        "dmean": 0.904407024384,
        "dmean2": 1.55908823013,
        "dvar": 0.995632410049,
        "dvar2": 2.76104712486,
        "max": 9.80307579041,
        "mean": 2.41195034981,
        "median": 2.20522689819,
        "min": 0.13650727272,
        "var": 1.84998393059
    },
    "spectral_rms": {
        "dmean": 0.000968732172623,
        "dmean2": 0.00154305342585,
        "dvar": 9.63028128353e-07,
        "dvar2": 2.42641476689e-06,
        "max": 0.0116045847535,
        "mean": 0.00563422078267,
        "median": 0.00543965166435,
        "min": 0.00249637407251,
        "var": 1.42453291119e-06
    },
    "spectral_rolloff": {
        "dmean": 602.563476562,
        "dmean2": 1039.59924316,
        "dvar": 689709.125,
        "dvar2": 1660632.25,
        "max": 8354.8828125,
        "mean": 1479.42687988,
        "median": 861.328125,
        "min": 236.865234375,
        "var": 1399219.875
    },
    "spectral_skewness": {
        "dmean": 0.153651595116,
        "dmean2": 0.258079528809,
        "dvar": 0.0204880386591,
        "dvar2": 0.0554777123034,
        "max": 2.26149916649,
        "mean": 1.22573649883,
        "median": 1.2214692831,
        "min": 0.545746207237,
        "var": 0.0635115504265
    },
    "spectral_spread": {
        "dmean": 599567.75,
        "dmean2": 892697,
        "dvar": 591207727104,
        "dvar2": 1.22832473293e+12,
        "max": 10248032,
        "mean": 5290629,
        "median": 5219741,
        "min": 2816353.25,
        "var": 1.39337911501e+12
    },
    "spectral_strongpeak": {
        "dmean": 0.752203583717,
        "dmean2": 1.26530861855,
        "dvar": 1.00596904755,
        "dvar2": 2.71091151237,
        "max": 11.5519742966,
        "mean": 1.50920403004,
        "median": 1.23654389381,
        "min": 0.0350081175566,
        "var": 1.69237053394
    },
    "zerocrossingrate": {
        "dmean": 0.0113453585654,
        "dmean2": 0.0131083279848,
        "dvar": 9.76280934992e-05,
        "dvar2": 0.000131247317768,
        "max": 0.18701171875,
        "mean": 0.0693646371365,
        "median": 0.064453125,
        "min": 0.01806640625,
        "var": 0.000699927972164
    },
    "barkbands": {
        "dmean": [8.83103421074e-05, 0.00343822175637, 0.00168336438946, 0.00141581555363, 0.00312970159575, 0.00210795365274, 0.00304194842465, 0.00124197732657, 0.00156176567543, 0.000417240080424, 0.000133155335789, 7.3349714512e-05, 8.93701944733e-05, 0.000238865468418, 0.000205125485081, 0.000343760621035, 0.000542896043044, 0.000325408997014, 0.000197752611712, 0.000191359140445, 0.000196059772861, 0.000203313335078, 0.00021809937607, 0.00014844283578, 0.000132837012643, 6.30747672403e-05, 1.59226265506e-09],
        "dmean2": [0.000137891387567, 0.00540533522144, 0.002956364071, 0.00232503958978, 0.00522977532819, 0.00335716176778, 0.00505347223952, 0.00199158024043, 0.00240336707793, 0.000621671206318, 0.000202320734388, 0.000119112584798, 0.000151216096128, 0.000357241748134, 0.000328150985297, 0.000558781961445, 0.000860846950673, 0.000533163372893, 0.000331993447617, 0.000327685818775, 0.00034304257133, 0.000341130595189, 0.000356531701982, 0.000235428771703, 0.000200784968911, 0.000108640939288, 2.83753687214e-09],
        "dvar": [2.52283491875e-08, 4.00226417696e-05, 1.05397584775e-05, 3.67595498574e-06, 2.44538023253e-05, 9.62569993135e-06, 2.45552364504e-05, 4.62732623419e-06, 1.16162827908e-05, 7.35255014206e-07, 1.18020018647e-07, 9.35295485505e-09, 2.17730331542e-08, 1.92138472244e-07, 9.62380326541e-08, 4.25390680903e-07, 9.1502045052e-07, 3.48475850842e-07, 7.92804755179e-08, 9.50837346636e-08, 1.36559506814e-07, 1.92554139744e-07, 2.03896433959e-07, 8.08614402104e-08, 6.22567029041e-08, 1.94771860862e-08, 3.00613184121e-17],
        "dvar2": [5.82237689173e-08, 8.69208888616e-05, 2.92347776849e-05, 9.35209209274e-06, 6.49119829177e-05, 2.28400167543e-05, 6.45715990686e-05, 1.064661501e-05, 2.84553807433e-05, 1.49114850956e-06, 2.43399426836e-07, 2.23361098506e-08, 5.44298508487e-08, 3.61315727559e-07, 2.33303794062e-07, 1.04759885744e-06, 2.46957097261e-06, 8.82871233898e-07, 2.05013733989e-07, 2.53916908832e-07, 3.75872872382e-07, 5.29368037405e-07, 5.17256353305e-07, 1.97756989451e-07, 1.47646076698e-07, 5.12502786876e-08, 3.7067650697e-17],
        "max": [0.0012148921378, 0.0354246944189, 0.0234388299286, 0.0219266600907, 0.0453667007387, 0.0332638211548, 0.0547801740468, 0.0302621871233, 0.0465894527733, 0.0126875219867, 0.00626889243722, 0.00129660207313, 0.00209648883902, 0.00899526849389, 0.00535414041951, 0.0107105914503, 0.0180019717664, 0.00908036157489, 0.00280961231329, 0.00371100031771, 0.00376370898448, 0.00609785178676, 0.0048988093622, 0.00286998110823, 0.00186961807776, 0.000936396420002, 1.87244879157e-07],
        "mean": [9.0204004664e-05, 0.00400101020932, 0.00212027109228, 0.00251479214057, 0.00503717362881, 0.00399727420881, 0.00492032477632, 0.00221914355643, 0.0028513695579, 0.00085667235544, 0.000220072455704, 0.000118497482617, 0.000121249402582, 0.00043415511027, 0.000328973925207, 0.000561938504688, 0.000931787362788, 0.000520255125593, 0.000334530603141, 0.000312203192152, 0.000316828285577, 0.000343804626027, 0.000352139060851, 0.000260929547949, 0.000176443951204, 5.61749875487e-05, 1.3517802433e-09],
        "median": [2.19580269913e-05, 0.00151429313701, 0.00137547485065, 0.00191732053645, 0.00311767472886, 0.00203129183501, 0.00226701144129, 0.000712028820999, 0.000649789231829, 0.000268706557108, 7.98348919488e-05, 7.516588812e-05, 6.46676417091e-05, 0.00018981283938, 0.000181616604095, 0.000306838919641, 0.000474427855806, 0.000319249811582, 0.000234590203036, 0.000194977299543, 0.000182724324986, 0.000165628051036, 0.00015582004562, 0.000124541242258, 7.10377571522e-05, 7.42432530387e-06, 5.17650700083e-10],
        "min": [1.8983419281e-08, 5.88656257605e-06, 7.35572211852e-06, 5.14748489877e-06, 4.78088331874e-05, 2.3741802579e-05, 1.08324111352e-05, 5.82002303418e-06, 4.3545128392e-06, 4.07319657825e-06, 8.16366650724e-07, 7.76259696522e-07, 1.75582385964e-06, 2.28035014516e-06, 7.36199172024e-06, 9.9228354884e-06, 4.0763294237e-05, 1.38500872708e-05, 2.74275425909e-05, 1.70874445757e-05, 2.43999693339e-05, 2.53470498137e-05, 1.20479244288e-05, 4.38895904153e-06, 2.85569922198e-06, 6.41644723465e-11, 3.3326393728e-11],
        "var": [2.94744904039e-08, 4.27857266914e-05, 7.75774424255e-06, 5.52360097572e-06, 3.0980896554e-05, 2.53825455729e-05, 4.4853441068e-05, 1.39211515489e-05, 3.24095672113e-05, 2.91201513392e-06, 2.66095781853e-07, 1.84297377359e-08, 3.50546116579e-08, 6.55636654301e-07, 1.99492333763e-07, 8.35483945139e-07, 2.05997343983e-06, 5.03550268149e-07, 1.0044236376e-07, 1.17805136313e-07, 1.39976464197e-07, 2.19647887434e-07, 2.47008898668e-07, 1.16382459225e-07, 7.14915344702e-08, 1.50201131532e-08, 2.99934101925e-17]
    },
    "erbbands": {
        "dmean": [0.107781164348, 0.793275535107, 1.7742164135, 3.61254644394, 7.65348148346, 11.7315454483, 14.1446533203, 16.0577163696, 37.1941947937, 43.3767127991, 23.2711048126, 38.6449890137, 18.8415412903, 6.55593013763, 5.16229248047, 3.27847456932, 3.79711318016, 10.0535783768, 12.3888435364, 10.6159706116, 28.696313858, 19.5956344604, 16.8098144531, 12.4275541306, 8.68066596985, 9.28594017029, 7.73687839508, 8.72183799744, 7.33448934555, 6.56964635849, 6.36407089233, 3.95039749146, 2.09333777428, 1.37669813633, 1.01549351215, 0.421789258718, 0.0933008044958, 0.00529920402914, 0.000120790580695, 2.13438106584e-05],
        "dmean2": [0.168583020568, 1.28537249565, 3.10133242607, 6.01795625687, 12.9541130066, 19.8756809235, 22.0115604401, 26.126625061, 59.8584136963, 73.8159103394, 36.6725234985, 59.9404335022, 28.7998943329, 10.3072853088, 7.89106607437, 5.23379421234, 6.33263635635, 15.1276140213, 19.3947467804, 17.335855484, 45.9095420837, 31.2464866638, 27.8095493317, 20.8578205109, 14.5039634705, 16.0283584595, 13.4801197052, 15.0775365829, 12.4963216782, 11.0332593918, 10.4691286087, 6.24400138855, 3.33977103233, 2.11372995377, 1.57513511181, 0.720572054386, 0.159829974174, 0.00911720655859, 0.000204023788683, 3.39314428857e-05],
        "dvar": [0.0408609211445, 2.19761776924, 12.4987049103, 28.9420318604, 135.063064575, 388.376464844, 607.931762695, 588.423217773, 3661.86425781, 6528.03271484, 1469.91906738, 8656.02636719, 1561.24890137, 232.66595459, 220.196105957, 19.7223873138, 37.3799285889, 357.269500732, 431.924102783, 204.702545166, 2185.69604492, 866.958190918, 1165.85424805, 310.868804932, 160.220031738, 247.768859863, 201.906341553, 264.151855469, 230.507110596, 206.216766357, 177.475250244, 61.7659568787, 14.4654664993, 6.40988111496, 4.18018722534, 0.932586014271, 0.0366228930652, 0.000120109623822, 5.71406957306e-08, 7.89189547046e-10],
        "dvar2": [0.0879507213831, 5.1666560173, 34.5415458679, 74.7655792236, 361.213378906, 1030.36328125, 1360.49926758, 1364.56811523, 8869.91210938, 17984.5605469, 3304.11938477, 21829.2949219, 3661.04223633, 495.477203369, 476.943023682, 44.8167877197, 95.3722610474, 666.414611816, 973.096313477, 510.850463867, 5420.93115234, 2380.54101562, 3074.25854492, 791.68548584, 400.687072754, 657.698852539, 557.484924316, 725.192321777, 627.16796875, 551.904418945, 455.530883789, 153.792633057, 35.4265708923, 15.6163368225, 10.0372047424, 2.46201062202, 0.093429043889, 0.000308228860376, 1.45516878547e-07, 2.03474881388e-09],
        "max": [1.21207559109, 8.81910514832, 25.5727977753, 59.3434562683, 118.769538879, 207.195739746, 397.447265625, 316.226318359, 681.682800293, 730.437866211, 539.000183105, 1357.83032227, 587.914978027, 330.588989258, 308.76965332, 64.2292938232, 110.536628723, 427.893249512, 369.705718994, 163.943267822, 727.973876953, 507.055084229, 584.964111328, 236.867584229, 132.016418457, 226.125854492, 123.182533264, 166.675354004, 201.421005249, 165.661224365, 133.479690552, 72.0385742188, 40.5915298462, 20.9514770508, 17.9830226898, 7.28611326218, 1.56033813953, 0.0976465940475, 0.0018556334544, 0.000224586561671],
        "mean": [0.113579168916, 0.905873894691, 2.25065851212, 6.37430286407, 11.4203968048, 17.8860397339, 25.4371318817, 30.6560535431, 67.0988845825, 63.4023513794, 50.0008468628, 72.0182571411, 42.7374687195, 13.6934080124, 9.37711620331, 5.76669502258, 5.74443340302, 19.6240959167, 20.9945659637, 17.7318592072, 50.967414856, 36.7064552307, 27.9546661377, 21.9155845642, 16.2789287567, 15.4547233582, 11.9752092361, 14.3687553406, 12.3335866928, 10.4916543961, 10.0162744522, 6.49639034271, 3.70156168938, 2.1134262085, 1.17099106312, 0.37029889226, 0.0878419056535, 0.00499917706475, 0.000136270697112, 5.070259067e-05],
        "median": [0.0315223708749, 0.381782233715, 1.40116524696, 4.7816195488, 7.71200323105, 10.6724720001, 11.305516243, 16.4397792816, 28.1153469086, 27.9947853088, 20.1746330261, 19.449760437, 12.3158416748, 6.53535509109, 3.95379376411, 3.73476624489, 3.54277992249, 8.547290802, 11.6519908905, 11.5229320526, 27.5495033264, 23.0143585205, 18.6475410461, 14.9379243851, 10.6807308197, 9.8380022049, 6.92159461975, 7.77001333237, 5.83548116684, 4.57106494904, 4.64127540588, 3.06301689148, 1.7428394556, 0.980965435505, 0.37442368269, 0.0695925503969, 0.00948011688888, 0.000444843171863, 3.84339145967e-05, 4.2627350922e-05],
        "min": [0.000154265537276, 0.00343685923144, 0.0247967224568, 0.078134894371, 0.0701536908746, 0.207463547587, 0.265881597996, 0.176719740033, 0.236192882061, 0.560343623161, 0.392800807953, 0.406099110842, 0.396331220865, 0.219650730491, 0.201060622931, 0.145574554801, 0.264655590057, 0.373850822449, 0.721044421196, 0.838504016399, 2.08452296257, 2.87474894524, 2.06462788582, 1.0590569973, 1.52554416656, 0.863611459732, 0.613707482815, 1.34958827496, 0.932025909424, 0.533696949482, 0.371066123247, 0.141889601946, 0.0322703830898, 0.0254385992885, 0.00663004862145, 0.000860338215716, 5.71965392737e-05, 7.7369995779e-06, 6.86535850036e-06, 8.81114010554e-06],
        "var": [0.0438094325364, 2.11322450638, 9.21720123291, 34.3594360352, 145.561798096, 496.992614746, 1487.96484375, 1570.6439209, 8999.0078125, 8384.93847656, 5651.98193359, 23564.7421875, 6302.35205078, 779.020446777, 473.381530762, 42.0571174622, 55.5619850159, 1457.78735352, 944.350036621, 363.082580566, 5182.04199219, 1817.9621582, 1273.2512207, 481.352905273, 264.382507324, 307.70300293, 197.264846802, 290.471984863, 278.284790039, 238.340759277, 201.302597046, 80.4174804688, 22.0763092041, 7.95423364639, 4.2886967659, 0.696309864521, 0.0320749729872, 0.00012009011698, 5.44564286997e-08, 8.63427773723e-10]
    },
    "gfcc": {
        "mean": [39.1200828552, 84.376953125, -114.193084717, 54.746131897, -76.6843185425, 7.5193567276, -54.2112388611, 17.0374546051, -14.691649437, -0.0590126812458, -19.9128379822, -5.76906776428, -7.1651892662],
        "cov": [[1017.48510742, -621.564147949, 307.615783691, -119.776824951, -115.750167847, 32.0388526917, -73.7011184692, -1.02684807777, -161.517120361, 129.818450928, -140.417739868, 145.198898315, -148.472579956], [-621.564147949, 743.268127441, -239.0340271, 118.437995911, 148.076934814, -6.85132741928, 78.5158462524, -34.8872375488, 162.980697632, -91.4873046875, 170.140991211, -135.607543945, 141.129226685], [307.615783691, -239.0340271, 375.06262207, -59.9906272888, -29.3592205048, -4.61355209351, -43.3388938904, -1.17440080643, -88.4419174194, 104.053153992, -44.8370513916, 133.50352478, -71.6224365234], [-119.776824951, 118.437995911, -59.9906272888, 159.159484863, 64.3483886719, 14.4573001862, 21.6978435516, -2.29194426537, 50.4481582642, -33.1790084839, 42.6492576599, -51.6027908325, 39.5319099426], [-115.750167847, 148.076934814, -29.3592205048, 64.3483886719, 245.863418579, 40.3634490967, 59.2963256836, 41.5226783752, 46.173500061, 0.911731898785, -16.149148941, -25.5540924072, 11.5828533173], [32.0388526917, -6.85132741928, -4.61355209351, 14.4573001862, 40.3634490967, 103.523536682, 40.257144928, 18.039270401, -8.93275356293, -28.4260692596, -18.3566169739, -16.2716712952, 15.0485458374], [-73.7011184692, 78.5158462524, -43.3388938904, 21.6978435516, 59.2963256836, 40.257144928, 134.015365601, 69.7018585205, 34.1164283752, -38.9362373352, -36.9880371094, -46.3269081116, 6.26784849167], [-1.02684807777, -34.8872375488, -1.17440080643, -2.29194426537, 41.5226783752, 18.039270401, 69.7018585205, 133.441253662, 38.7699737549, -11.1084928513, -62.2415237427, -50.1913604736, -18.0638580322], [-161.517120361, 162.980697632, -88.4419174194, 50.4481582642, 46.173500061, -8.93275356293, 34.1164283752, 38.7699737549, 117.880203247, 5.2986741066, 39.9600257874, -63.2505455017, 16.6414012909], [129.818450928, -91.4873046875, 104.053153992, -33.1790084839, 0.911731898785, -28.4260692596, -38.9362373352, -11.1084928513, 5.2986741066, 129.375305176, 34.9323921204, 60.7087783813, -51.9757347107], [-140.417739868, 170.140991211, -44.8370513916, 42.6492576599, -16.149148941, -18.3566169739, -36.9880371094, -62.2415237427, 39.9600257874, 34.9323921204, 158.850860596, 23.7502994537, 35.1580047607], [145.198898315, -135.607543945, 133.50352478, -51.6027908325, -25.5540924072, -16.2716712952, -46.3269081116, -50.1913604736, -63.2505455017, 60.7087783813, 23.7502994537, 151.237365723, -0.431035012007], [-148.472579956, 141.129226685, -71.6224365234, 39.5319099426, 11.5828533173, 15.0485458374, 6.26784849167, -18.0638580322, 16.6414012909, -51.9757347107, 35.1580047607, -0.431035012007, 122.303039551]],
        "icov": [[0.00243169651367, 0.000964524573646, -0.000273615121841, -0.000431161985034, 0.00064370140899, -0.00138285546564, 0.000187359939446, 0.000354225834599, 0.000737516151275, -0.00176992022898, 0.00135012913961, -0.000431447086157, 0.000727894366719], [0.000964524573646, 0.00995406974107, -0.00405722716823, 0.00611891457811, -0.00654523493722, 0.00469344854355, -0.0055310302414, 0.00690032122657, -0.00594878382981, 0.00700075831264, -0.0114929499105, 0.0101524982601, -0.00619998993352], [-0.000273615121841, -0.00405722716823, 0.00777190551162, -0.00439524138346, 0.0034743391443, -0.00296649290249, 0.00281173782423, -0.00459177186713, 0.00487559940666, -0.00669183768332, 0.0069738519378, -0.00848872307688, 0.00399334682152], [-0.000431161985034, 0.00611891457811, -0.00439524138346, 0.0145941292867, -0.00714077986777, 0.00377663923427, -0.00386697938666, 0.0058721457608, -0.00632637180388, 0.00833395682275, -0.0115021895617, 0.0105224149302, -0.00585221266374], [0.00064370140899, -0.00654523493722, 0.0034743391443, -0.00714077986777, 0.0107942130417, -0.00591901270673, 0.00267879897729, -0.00494139222428, 0.00305524026044, -0.00798416230828, 0.0108798183501, -0.00883540511131, 0.00454830750823], [-0.00138285546564, 0.00469344854355, -0.00296649290249, 0.00377663923427, -0.00591901270673, 0.0162610933185, -0.00638962024823, 0.00319247902371, -0.000315796787618, 0.00636626081541, -0.00834045186639, 0.0079014133662, -0.00551995588467], [0.000187359939446, -0.0055310302414, 0.00281173782423, -0.00386697938666, 0.00267879897729, -0.00638962024823, 0.0164394769818, -0.00891845673323, 0.00111760280561, -0.00137083104346, 0.00782236084342, -0.00729651888832, 0.0048701390624], [0.000354225834599, 0.00690032122657, -0.00459177186713, 0.0058721457608, -0.00494139222428, 0.00319247902371, -0.00891845673323, 0.0199762731791, -0.00997141748667, 0.0043498291634, -0.00327481422573, 0.00989551935345, -0.00445523438975], [0.000737516151275, -0.00594878382981, 0.00487559940666, -0.00632637180388, 0.00305524026044, -0.000315796787618, 0.00111760280561, -0.00997141748667, 0.0253351442516, -0.0124070625752, 0.00275423447601, 0.000158240829478, 0.00136821682099], [-0.00176992022898, 0.00700075831264, -0.00669183768332, 0.00833395682275, -0.00798416230828, 0.00636626081541, -0.00137083104346, 0.0043498291634, -0.0124070625752, 0.0270938239992, -0.0155768059194, 0.00347265438177, 0.00153833173681], [0.00135012913961, -0.0114929499105, 0.0069738519378, -0.0115021895617, 0.0108798183501, -0.00834045186639, 0.00782236084342, -0.00327481422573, 0.00275423447601, -0.0155768059194, 0.029353491962, -0.016618847847, 0.00632297853008], [-0.000431447086157, 0.0101524982601, -0.00848872307688, 0.0105224149302, -0.00883540511131, 0.0079014133662, -0.00729651888832, 0.00989551935345, 0.000158240829478, 0.00347265438177, -0.016618847847, 0.028865640983, -0.0125779313967], [0.000727894366719, -0.00619998993352, 0.00399334682152, -0.00585221266374, 0.00454830750823, -0.00551995588467, 0.0048701390624, -0.00445523438975, 0.00136821682099, 0.00153833173681, 0.00632297853008, -0.0125779313967, 0.0183910187334]]
    },
    "melbands": {
        "dmean": [0.000951458408963, 0.00094295758754, 0.000655072974041, 0.000758998736273, 0.000461382442154, 0.000385216524592, 0.000584466091823, 0.000429911451647, 0.000202162758796, 0.000229112964007, 9.06014902284e-05, 2.75815164059e-05, 1.80637907761e-05, 9.97012557491e-06, 7.2683419603e-06, 1.00930665212e-05, 2.12432569242e-05, 2.18382210733e-05, 1.26957947941e-05, 1.76481771632e-05, 4.2469928303e-05, 2.68166841124e-05, 1.35608652272e-05, 2.00283247977e-05, 9.7595866464e-06, 7.4332560871e-06, 5.71800273974e-06, 6.61889953335e-06, 5.43328405911e-06, 4.24797417509e-06, 6.07308811595e-06, 4.61701847598e-06, 3.59164937436e-06, 3.9409665078e-06, 4.11039491155e-06, 2.87408147415e-06, 2.39660516854e-06, 1.67136579421e-06, 1.19618744066e-06, 1.24787641198e-06],
        "dmean2": [0.00150383647997, 0.00158398190979, 0.00108629104216, 0.00129204604309, 0.00072102539707, 0.000626340566669, 0.000952702364884, 0.000726654019672, 0.000313092285069, 0.000356102420483, 0.000139354888233, 4.34516477981e-05, 2.75144666375e-05, 1.58086641022e-05, 1.20905815493e-05, 1.67317666637e-05, 3.16756559187e-05, 3.3805892599e-05, 2.08059736906e-05, 2.88147948595e-05, 6.84406841174e-05, 4.29915198765e-05, 2.20267247641e-05, 3.25677465298e-05, 1.65781748365e-05, 1.23916643133e-05, 9.64157607086e-06, 1.15285210995e-05, 9.50419598666e-06, 7.44623412174e-06, 1.05255267044e-05, 7.91144884715e-06, 6.15799990555e-06, 6.57238661006e-06, 6.86321163812e-06, 4.57671330878e-06, 3.97536177843e-06, 2.71774229077e-06, 1.90853052118e-06, 1.95392749447e-06],
        "dvar": [3.13610416924e-06, 3.40958104061e-06, 7.87161127391e-07, 1.62754781741e-06, 5.1836059356e-07, 3.34198460905e-07, 8.91427191618e-07, 6.35282788153e-07, 1.15509045884e-07, 2.75182827636e-07, 3.83637832613e-08, 4.94159602127e-09, 2.40472486368e-09, 3.39008321415e-10, 8.96488994151e-11, 3.16522336119e-10, 1.75478287456e-09, 1.44451617334e-09, 2.73248562666e-10, 1.08719266922e-09, 4.86104090314e-09, 2.19730567075e-09, 5.63775914841e-10, 1.50834966739e-09, 2.19971332815e-10, 1.2200922217e-10, 8.02161531643e-11, 1.27619900758e-10, 1.02289662851e-10, 4.92799898111e-11, 1.3859970116e-10, 8.34110142067e-11, 7.31924382213e-11, 6.59190341201e-11, 7.39607125544e-11, 3.34775020205e-11, 2.35973168089e-11, 9.35717042044e-12, 4.23087042831e-12, 5.84580127361e-12],
        "dvar2": [6.60236491967e-06, 8.99990754988e-06, 2.02694468499e-06, 4.35145921074e-06, 1.18109028335e-06, 7.74814111537e-07, 2.20138758777e-06, 1.72681359345e-06, 2.67284804067e-07, 7.03477610386e-07, 8.91785703061e-08, 1.04931148215e-08, 5.0085695591e-09, 8.41083758196e-10, 2.43771974828e-10, 7.17739312428e-10, 3.1953728552e-09, 3.10380277035e-09, 6.874145142e-10, 2.87604828841e-09, 1.21727028457e-08, 6.06241812307e-09, 1.3100101004e-09, 3.79678199991e-09, 5.61304891455e-10, 2.99898272882e-10, 2.16152762356e-10, 3.41392358827e-10, 2.83196049944e-10, 1.36793354422e-10, 3.83429343831e-10, 2.26128116232e-10, 2.01072214434e-10, 1.72991676539e-10, 1.93678476035e-10, 8.02339930606e-11, 5.98018995435e-11, 2.29251825856e-11, 1.0218095467e-11, 1.44241138131e-11],
        "max": [0.0105498656631, 0.0129173127934, 0.00879973359406, 0.0118739828467, 0.011044873856, 0.0065973228775, 0.0101179499179, 0.00702232634649, 0.00429412676021, 0.00743485474959, 0.00289329281077, 0.00150394800585, 0.000864157977048, 0.000353852665285, 0.000107151136035, 0.000259827676928, 0.000982704223134, 0.000852593628224, 0.000233387065236, 0.000672437075991, 0.00100530264899, 0.000844066322315, 0.000304404849885, 0.000529849145096, 0.000204464886338, 0.000123249395983, 0.000106629813672, 0.000161395320902, 8.3541694039e-05, 5.6981745729e-05, 0.000128717292682, 0.000125498016132, 0.000106117120595, 9.74419745035e-05, 9.23516854527e-05, 6.57625932945e-05, 4.58315662399e-05, 3.99531927542e-05, 2.71773333225e-05, 2.12998547795e-05],
        "mean": [0.00107760878745, 0.00120444060303, 0.00119317881763, 0.00110552425031, 0.00086241227109, 0.000736849266104, 0.00104199070483, 0.000633535499219, 0.000430137355579, 0.000423206482083, 0.000198183828616, 5.14541243319e-05, 3.0959425203e-05, 1.70901876118e-05, 1.11065210149e-05, 1.46721058627e-05, 4.03828998969e-05, 3.53859322786e-05, 2.00429985853e-05, 2.73409314104e-05, 7.27860169718e-05, 4.58507565781e-05, 2.12111426663e-05, 3.05038302031e-05, 1.5786388758e-05, 1.22983283291e-05, 1.04428863779e-05, 1.01219829958e-05, 7.50596746002e-06, 6.72301257509e-06, 9.39586698223e-06, 7.43430882721e-06, 5.55400811209e-06, 6.00736939305e-06, 6.1279865804e-06, 4.59907596451e-06, 3.7043712382e-06, 2.71902354143e-06, 2.08861547435e-06, 1.67537314155e-06],
        "median": [0.000367532018572, 0.000690132379532, 0.000975214061327, 0.000671103829518, 0.000416905415477, 0.000369755463907, 0.000465007033199, 0.000282237277133, 0.000150708001456, 0.000105713304947, 4.8943929869e-05, 2.14172559936e-05, 1.17260815387e-05, 9.72464567894e-06, 7.78787671152e-06, 6.64079925627e-06, 1.56062105816e-05, 1.93715641217e-05, 1.22339097288e-05, 1.67346752278e-05, 3.4460786992e-05, 2.34419421759e-05, 1.37778524731e-05, 1.63415552379e-05, 1.0372482393e-05, 7.61268711358e-06, 6.99960037309e-06, 6.13120710113e-06, 4.09208951169e-06, 3.99377495341e-06, 4.9670484259e-06, 3.50275513483e-06, 2.47104640039e-06, 2.47844400292e-06, 2.77660683423e-06, 2.11039537135e-06, 1.7812360511e-06, 1.23149243336e-06, 1.04438584003e-06, 7.03409682501e-07],
        "min": [1.32079230752e-06, 1.22162227854e-05, 1.86192446563e-05, 7.40664108889e-06, 8.78741411725e-06, 4.72550163977e-06, 2.84180805465e-06, 4.36760001321e-06, 1.26331997308e-06, 6.257549785e-07, 1.00098725397e-06, 2.88355977318e-07, 1.55914861466e-07, 9.04502144294e-08, 3.82040497016e-08, 2.66242579983e-07, 2.31159930308e-07, 9.88627562037e-07, 3.7930985286e-07, 3.03423576042e-07, 1.0766395917e-06, 2.13905491364e-06, 1.15458340133e-06, 6.51659377127e-07, 7.44026124266e-07, 8.4980945303e-07, 6.19152046966e-07, 4.98616941513e-07, 9.17091682595e-08, 2.28645816946e-07, 6.93691561082e-07, 3.5533355458e-07, 7.20601107673e-08, 1.55375715849e-07, 1.93604748233e-07, 9.39301045833e-08, 5.22154763871e-08, 1.03143493746e-09, 3.54276572523e-08, 1.16114282633e-08],
