{
"highlevel": {
    "danceability": {
        "all": {
            "danceable": 0.979604244232,
            "not_danceable": 0.020395739004
        },
        "probability": 0.979604244232,
        "value": "danceable"
    },
    "gender": {
        "all": {
            "female": 0.388335585594,
            "male": 0.611664414406
        },
        "probability": 0.611664414406,
        "value": "male"
    },
    "genre_dortmund": {
        "all": {
            "alternative": 0.0791344046593,
            "blues": 0.0942125618458,
            "electronic": 0.0521159470081,
            "folkcountry": 0.122185401618,
            "funksoulrnb": 0.0248364917934,
            "jazz": 0.0431531183422,
            "pop": 0.0428894944489,
            "raphiphop": 0.389628380537,
            "rock": 0.151844188571
        },
        "probability": 0.389628380537,
        "value": "raphiphop"
    },
    "genre_electronic": {
        "all": {
            "ambient": 0.887328505516,
            "dnb": 0.0507660247386,
            "house": 0.0099154477939,
            "techno": 0.00402194168419,
            "trance": 0.0479680709541
        },
        "probability": 0.887328505516,
        "value": "ambient"
    },
    "genre_rosamerica": {
        "all": {
            "cla": 0.0162562057376,
            "dan": 0.00983125716448,
            "hip": 0.0111805666238,
            "jaz": 0.0309074427933,
            "pop": 0.543328940868,
            "rhy": 0.0168212912977,
            "roc": 0.368086457253,
            "spe": 0.00358784734271
        },
        "probability": 0.543328940868,
        "value": "pop"
    },
    "genre_tzanetakis": {
        "all": {
            "blu": 0.0560735687613,
            "cla": 0.0420219153166,
            "cou": 0.0840230807662,
            "dis": 0.084015622735,
            "hip": 0.0672117620707,
            "jaz": 0.336077868938,
            "met": 0.0672530531883,
            "pop": 0.0672363117337,
            "reg": 0.0840377435088,
            "roc": 0.11204906553
        },
        "probability": 0.336077868938,
        "value": "jaz"
    },
    "ismir04_rhythm": {
        "all": {
            "ChaChaCha": 0.0477638244629,
            "Jive": 0.0964069738984,
            "Quickstep": 0.34536498785,
            "Rumba-American": 0.00795625522733,
            "Rumba-International": 0.0343148782849,
            "Rumba-Misc": 0.0106484042481,
            "Samba": 0.39421069622,
            "Tango": 0.0279335379601,
            "VienneseWaltz": 0.0248406212777,
            "Waltz": 0.010559826158
        },
        "probability": 0.39421069622,
        "value": "Samba"
    },
    "mood_acoustic": {
        "all": {
            "acoustic": 0.0397136844695,
            "not_acoustic": 0.960286319256
        },
        "probability": 0.960286319256,
        "value": "not_acoustic"
    },
    "mood_aggressive": {
        "all": {
            "aggressive": 0.677854239941,
            "not_aggressive": 0.322145760059
        },
        "probability": 0.677854239941,
        "value": "aggressive"
    },
    "mood_electronic": {
        "all": {
            "electronic": 0.183930337429,
            "not_electronic": 0.816069662571
        },
        "probability": 0.816069662571,
        "value": "not_electronic"
    },
    "mood_happy": {
        "all": {
            "happy": 0.443040579557,
            "not_happy": 0.556959450245
        },
        "probability": 0.556959450245,
        "value": "not_happy"
    },
    "mood_party": {
        "all": {
            "not_party": 0.250195175409,
            "party": 0.749804794788
        },
        "probability": 0.749804794788,
        "value": "party"
    },
    "mood_relaxed": {
        "all": {
            "not_relaxed": 0.703972578049,
            "relaxed": 0.296027421951
        },
        "probability": 0.703972578049,
        "value": "not_relaxed"
    },
    "mood_sad": {
        "all": {
            "not_sad": 0.802914619446,
            "sad": 0.197085380554
        },
        "probability": 0.802914619446,
        "value": "not_sad"
    },
    "moods_mirex": {
        "all": {
            "Cluster1": 0.205649614334,
            "Cluster2": 0.131173580885,
            "Cluster3": 0.196831583977,
            "Cluster4": 0.197495549917,
            "Cluster5": 0.268849670887
        },
        "probability": 0.268849670887,
        "value": "Cluster5"
    },
    "timbre": {
        "all": {
            "bright": 0.991755664349,
            "dark": 0.00824434589595
        },
        "probability": 0.991755664349,
        "value": "bright"
    },
    "tonal_atonal": {
        "all": {
            "atonal": 0.242331311107,
            "tonal": 0.757668673992
        },
        "probability": 0.757668673992,
        "value": "tonal"
    },
    "voice_instrumental": {
        "all": {
            "instrumental": 0.508059084415,
            "voice": 0.491940885782
        },
        "probability": 0.508059084415,
        "value": "instrumental"
    }
},
"lowlevel": {
    "average_loudness": 0.984301507473,
    "barkbands_crest": {
        "dmean": 2.68012213707,
        "dmean2": 4.35989522934,
        "dvar": 5.54983329773,
        "dvar2": 13.8143815994,
        "max": 22.1697292328,
        "mean": 8.89717960358,
        "median": 8.3725938797,
        "min": 2.45218682289,
        "var": 11.3355960846
    },
    "barkbands_flatness_db": {
        "dmean": 0.0230978000909,
        "dmean2": 0.0345181040466,
        "dvar": 0.000368826382328,
        "dvar2": 0.000808913260698,
        "max": 0.261782586575,
        "mean": 0.149436667562,
        "median": 0.148674204946,
        "min": 0.05543968454,
        "var": 0.00112146453466
    },
    "barkbands_kurtosis": {
        "dmean": 1.49229753017,
        "dmean2": 2.35769462585,
        "dvar": 4.89837121964,
        "dvar2": 11.0532875061,
        "max": 25.120513916,
        "mean": 0.670394778252,
        "median": -0.167485713959,
        "min": -1.7893756628,
        "var": 7.68049955368
    },
    "barkbands_skewness": {
        "dmean": 0.538512051105,
        "dmean2": 0.813349843025,
        "dvar": 0.244368374348,
        "dvar2": 0.534560620785,
        "max": 4.33846712112,
        "mean": 0.760839283466,
        "median": 0.655687630177,
        "min": -1.5693718195,
        "var": 0.66204059124
    },
    "barkbands_spread": {
        "dmean": 9.18038368225,
        "dmean2": 14.5185308456,
        "dvar": 136.586471558,
        "dvar2": 332.20324707,
        "max": 101.724891663,
        "mean": 26.0501556396,
        "median": 23.461473465,
        "min": 4.32949733734,
        "var": 193.891143799
    },
    "dissonance": {
        "dmean": 0.0207036044449,
        "dmean2": 0.0339899286628,
        "dvar": 0.000374728464521,
        "dvar2": 0.00101528223604,
        "max": 0.499949008226,
        "mean": 0.462247937918,
        "median": 0.468388259411,
        "min": 0.325733929873,
        "var": 0.000687492021825
    },
    "dynamic_complexity": 1.33902668953,
    "erbbands_crest": {
        "dmean": 3.37154388428,
        "dmean2": 5.66862726212,
        "dvar": 8.74536514282,
        "dvar2": 22.9132137299,
        "max": 25.503988266,
        "mean": 10.156162262,
        "median": 9.29641723633,
        "min": 3.68101668358,
        "var": 15.5817928314
    },
    "erbbands_flatness_db": {
        "dmean": 0.0265932176262,
        "dmean2": 0.0377141535282,
        "dvar": 0.000598490820266,
        "dvar2": 0.00115751137491,
        "max": 0.295929849148,
        "mean": 0.189209014177,
        "median": 0.19686473906,
        "min": 0.0616283006966,
        "var": 0.00181538087782
    },
    "erbbands_kurtosis": {
        "dmean": 1.21853780746,
        "dmean2": 1.97896969318,
        "dvar": 1.8282725811,
        "dvar2": 4.59731960297,
        "max": 20.9900608063,
        "mean": 0.475525200367,
        "median": 0.0615110397339,
        "min": -1.62233138084,
        "var": 2.91437911987
    },
    "erbbands_skewness": {
        "dmean": 0.49179238081,
        "dmean2": 0.782113969326,
        "dvar": 0.175097942352,
        "dvar2": 0.425824314356,
        "max": 2.79322075844,
        "mean": -0.0223098583519,
        "median": -0.0530429445207,
        "min": -2.22350549698,
        "var": 0.50485342741
    },
    "erbbands_spread": {
        "dmean": 9.24302387238,
        "dmean2": 14.9775533676,
        "dvar": 141.055770874,
        "dvar2": 350.507110596,
        "max": 150.582473755,
        "mean": 28.296787262,
        "median": 25.2110614777,
        "min": 4.42771625519,
        "var": 212.058074951
    },
    "hfc": {
        "dmean": 15.2705488205,
        "dmean2": 23.4626674652,
        "dvar": 390.723602295,
        "dvar2": 985.867553711,
        "max": 140.784988403,
        "mean": 35.4382476807,
        "median": 33.3582687378,
        "min": 2.26819968224,
        "var": 503.828826904
    },
    "melbands_crest": {
        "dmean": 3.90155243874,
        "dmean2": 6.27932786942,
        "dvar": 12.4553766251,
        "dvar2": 32.6775741577,
        "max": 31.3659706116,
        "mean": 13.2428503036,
        "median": 13.0162668228,
        "min": 3.3688557148,
        "var": 23.9521408081
    },
    "melbands_flatness_db": {
        "dmean": 0.0315227583051,
        "dmean2": 0.0466381497681,
        "dvar": 0.000827619514894,
        "dvar2": 0.00163961434737,
        "max": 0.398716896772,
        "mean": 0.211507514119,
        "median": 0.208111226559,
        "min": 0.0744152888656,
        "var": 0.00287025631405
    },
    "melbands_kurtosis": {
        "dmean": 3.44669413567,
        "dmean2": 5.28993558884,
        "dvar": 33.8130455017,
        "dvar2": 74.4819564819,
        "max": 72.0308532715,
        "mean": 3.89544463158,
        "median": 1.59718608856,
        "min": -1.59430515766,
        "var": 56.4772148132
    },
    "melbands_skewness": {
        "dmean": 0.697937190533,
        "dmean2": 1.05035352707,
        "dvar": 0.521648466587,
        "dvar2": 1.13273489475,
        "max": 7.51519775391,
        "mean": 1.52044069767,
        "median": 1.27013027668,
        "min": -0.575179636478,
        "var": 1.40173459053
    },
    "melbands_spread": {
        "dmean": 8.90429973602,
        "dmean2": 13.5371017456,
        "dvar": 64.3805541992,
        "dvar2": 139.217391968,
        "max": 76.8488082886,
        "mean": 29.4103050232,
        "median": 28.6762237549,
        "min": 2.95801591873,
        "var": 175.056030273
    },
    "pitch_salience": {
        "dmean": 0.0837923958898,
        "dmean2": 0.133571445942,
        "dvar": 0.00526459701359,
        "dvar2": 0.0130649078637,
        "max": 0.848068416119,
        "mean": 0.54802018404,
        "median": 0.541614770889,
        "min": 0.195652276278,
        "var": 0.0133152557537
    },
    "silence_rate_20dB": {
        "dmean": 0,
        "dmean2": 0,
        "dvar": 0,
        "dvar2": 0,
        "max": 1,
        "mean": 1,
        "median": 1,
        "min": 1,
        "var": 0
    },
    "silence_rate_30dB": {
        "dmean": 0,
        "dmean2": 0,
        "dvar": 0,
        "dvar2": 0,
        "max": 1,
        "mean": 1,
        "median": 1,
        "min": 1,
        "var": 0
    },
    "silence_rate_60dB": {
        "dmean": 0,
        "dmean2": 0,
        "dvar": 0,
        "dvar2": 0,
        "max": 0,
        "mean": 0,
        "median": 0,
        "min": 0,
        "var": 0
    },
    "spectral_centroid": {
        "dmean": 297.398590088,
        "dmean2": 454.530853271,
        "dvar": 66353.71875,
        "dvar2": 139875.65625,
        "max": 3064.15380859,
        "mean": 1561.01135254,
        "median": 1551.01525879,
        "min": 305.206695557,
        "var": 227014.90625
    },
    "spectral_complexity": {
        "dmean": 5.15170288086,
        "dmean2": 7.55538320541,
        "dvar": 20.6488056183,
        "dvar2": 40.0144996643,
        "max": 49,
        "mean": 24.1175556183,
        "median": 25,
        "min": 3,
        "var": 62.5383720398
    },
    "spectral_decrease": {
        "dmean": 2.25463336889e-09,
        "dmean2": 3.10267700421e-09,
        "dvar": 6.58682267415e-18,
        "dvar2": 1.26512981623e-17,
        "max": -3.38111622034e-10,
        "mean": -8.00540433943e-09,
        "median": -7.36289340608e-09,
        "min": -2.39438531224e-08,
        "var": 1.94065918846e-17
    },
    "spectral_energy": {
        "dmean": 0.00903310906142,
        "dmean2": 0.0122575862333,
        "dvar": 9.76141309366e-05,
        "dvar2": 0.000185778029845,
        "max": 0.0952848568559,
        "mean": 0.0334285721183,
        "median": 0.0317184403539,
        "min": 0.00322833727114,
        "var": 0.000296109181363
    },
    "spectral_energyband_high": {
        "dmean": 0.00084884930402,
        "dmean2": 0.0013635448413,
        "dvar": 2.5789022402e-06,
        "dvar2": 6.48685499982e-06,
        "max": 0.0108250370249,
        "mean": 0.000763715768699,
        "median": 0.000161470656167,
        "min": 5.16297131981e-06,
        "var": 2.41166094384e-06
    },
    "spectral_energyband_low": {
        "dmean": 0.00450849672779,
        "dmean2": 0.0065121203661,
        "dvar": 7.95793894213e-05,
        "dvar2": 0.000168182930793,
        "max": 0.065036252141,
        "mean": 0.00994553230703,
        "median": 0.00194269896019,
        "min": 2.36500745814e-05,
        "var": 0.000180498551344
    },
    "spectral_energyband_middle_high": {
        "dmean": 0.00419532833621,
        "dmean2": 0.00625473540276,
        "dvar": 1.58431921591e-05,
        "dvar2": 3.46259803337e-05,
        "max": 0.0460607931018,
        "mean": 0.0110729867592,
        "median": 0.0102377664298,
        "min": 0.000229512748774,
        "var": 4.47357051598e-05
    },
    "spectral_energyband_middle_low": {
        "dmean": 0.00594390975311,
        "dmean2": 0.00936923921108,
        "dvar": 4.04093843827e-05,
        "dvar2": 0.000101406301837,
        "max": 0.0667598694563,
        "mean": 0.0123739251867,
        "median": 0.0104401567951,
        "min": 0.000571300799493,
        "var": 7.04602207406e-05
    },
    "spectral_entropy": {
        "dmean": 0.214208379388,
        "dmean2": 0.307250410318,
        "dvar": 0.0440805070102,
        "dvar2": 0.0875354260206,
        "max": 8.68052387238,
        "mean": 7.36206150055,
        "median": 7.30146169662,
        "min": 6.3921251297,
        "var": 0.10684452951
    },
    "spectral_flux": {
        "dmean": 0.031143495813,
        "dmean2": 0.0476331748068,
        "dvar": 0.000842081790324,
        "dvar2": 0.00186354364268,
        "max": 0.266162991524,
        "mean": 0.108586654067,
        "median": 0.103846199811,
        "min": 0.031099922955,
        "var": 0.00167794001754
    },
    "spectral_kurtosis": {
        "dmean": 2.95047187805,
        "dmean2": 4.94959783554,
        "dvar": 7.24379968643,
        "dvar2": 19.4614887238,
        "max": 24.218832016,
        "mean": 9.9332075119,
        "median": 9.88403606415,
        "min": -0.0341196060181,
        "var": 12.1496772766
    },
    "spectral_rms": {
        "dmean": 0.000795564206783,
        "dmean2": 0.00105570431333,
        "dvar": 6.65145648782e-07,
        "dvar2": 1.17085664897e-06,
        "max": 0.00964162033051,
        "mean": 0.00550741190091,
        "median": 0.00556280650198,
        "min": 0.00177471048664,
        "var": 2.28168642025e-06
    },
    "spectral_rolloff": {
        "dmean": 1290.47546387,
        "dmean2": 2350.72143555,
        "dvar": 7941437,
        "dvar2": 21083884,
        "max": 14082.7148438,
        "mean": 2336.17944336,
        "median": 1894.921875,
        "min": 107.666015625,
        "var": 6486896.5
    },
    "spectral_skewness": {
        "dmean": 0.33913770318,
        "dmean2": 0.555683016777,
        "dvar": 0.0862004384398,
        "dvar2": 0.235119268298,
        "max": 3.62518310547,
        "mean": 2.1887512207,
        "median": 2.19744086266,
        "min": 0.897635042667,
        "var": 0.167770013213
    },
    "spectral_spread": {
        "dmean": 1161592.125,
        "dmean2": 1720020.625,
        "dvar": 3.34614469018e+12,
        "dvar2": 7.53909419213e+12,
        "max": 16613921,
        "mean": 3798932.25,
        "median": 2917412,
        "min": 1734415.5,
        "var": 5.07131356774e+12
    },
    "spectral_strongpeak": {
        "dmean": 0.942709982395,
        "dmean2": 1.61211192608,
        "dvar": 1.43680489063,
        "dvar2": 3.87613844872,
        "max": 9.36003494263,
        "mean": 1.39213836193,
        "median": 0.792326807976,
        "min": 0,
        "var": 1.87913000584
    },
    "zerocrossingrate": {
        "dmean": 0.0221578404307,
        "dmean2": 0.0291679017246,
        "dvar": 0.000911331211682,
        "dvar2": 0.00122561585158,
        "max": 0.42333984375,
        "mean": 0.0760933235288,
        "median": 0.0625,
        "min": 0.01513671875,
        "var": 0.00232327100821
    },
    "barkbands": {
        "dmean": [0.000135164373205, 0.00272910227068, 0.00193942605983, 0.00120596133638, 0.000831564771943, 0.00105207797606, 0.00229451362975, 0.00244831526652, 0.00166279170662, 0.00095737358788, 0.000978735974059, 0.000776115863118, 0.000859817664605, 0.00076011440251, 0.00123899080791, 0.000971362111159, 0.000645594496746, 0.000164386816323, 0.000416816299548, 0.000236354011577, 2.46068048e-05, 1.42692442751e-05, 1.69368395291e-05, 1.70757648448e-05, 0.000146992446389, 0.00063915172359, 2.36721331426e-09],
        "dmean2": [0.000196504537598, 0.00387831265107, 0.00306282914244, 0.00202707014978, 0.00138285069261, 0.00165436847601, 0.00363859953359, 0.00379108032212, 0.00260449294001, 0.00152642501052, 0.00155269389506, 0.00126667122822, 0.0014258766314, 0.00125634041615, 0.00192468729801, 0.00150254496839, 0.00102436007001, 0.000262172980001, 0.000583853339776, 0.000356720236596, 3.87606160075e-05, 2.28194912779e-05, 2.60848719336e-05, 2.66692895821e-05, 0.00022728361364, 0.00106603617314, 3.41038219887e-09],
        "dvar": [3.70980401954e-08, 2.85905480268e-05, 2.0904097255e-05, 4.23597566623e-06, 1.25313647459e-06, 3.44388286067e-06, 1.8806409571e-05, 2.12890172406e-05, 1.14919703265e-05, 3.86761166737e-06, 2.63670676759e-06, 2.31915601034e-06, 2.52668132816e-06, 1.6692315512e-06, 3.50551613337e-06, 1.51288304551e-06, 6.19193997409e-07, 4.13565999224e-08, 2.74395091537e-07, 1.25531656181e-07, 1.46519052446e-09, 7.1557632042e-10, 1.15662679434e-09, 1.52358492489e-09, 8.44642826792e-08, 1.68804649547e-06, 1.35079171071e-15],
        "dvar2": [7.53137214815e-08, 5.7493642089e-05, 5.1521405112e-05, 1.21579714687e-05, 3.50913592229e-06, 7.54262373448e-06, 4.59369330201e-05, 5.02506154589e-05, 2.76335886156e-05, 9.04663829715e-06, 6.35404694549e-06, 5.79868401474e-06, 6.52692233416e-06, 4.37989183411e-06, 7.96817766968e-06, 3.54426970262e-06, 1.43349348036e-06, 1.03792970663e-07, 5.36024629127e-07, 2.64833829533e-07, 3.23080406872e-09, 1.8564308979e-09, 2.53971421671e-09, 3.19265192061e-09, 1.93579467123e-07, 4.35485981143e-06, 1.35316001483e-15],
        "max": [0.00284465448931, 0.0422204621136, 0.0309818014503, 0.0173980910331, 0.010855848901, 0.0281750876456, 0.0450891219079, 0.0626449882984, 0.0477995760739, 0.0351508595049, 0.0194547008723, 0.019907195121, 0.0250293314457, 0.0175238884985, 0.026437913999, 0.0162945780903, 0.00844806898385, 0.00256589381024, 0.00692267902195, 0.00472781807184, 0.000461085903225, 0.000310516305035, 0.000586135254707, 0.000822570757009, 0.00289756548591, 0.00780150992796, 1.31731439978e-06],
        "mean": [0.000288689887384, 0.00649884715676, 0.00271242344752, 0.00150179886259, 0.0011234190315, 0.00137130415533, 0.00264707999304, 0.00286904419772, 0.00222160038538, 0.00127396651078, 0.00148490804713, 0.000972368405201, 0.00103146501351, 0.000975844915956, 0.0017303917557, 0.00151287508197, 0.00100160937291, 0.000282001128653, 0.000830691365991, 0.000376870972104, 3.26264380419e-05, 1.66617919604e-05, 1.94614840439e-05, 2.26499305427e-05, 0.000143868906889, 0.000486132252263, 2.12555528734e-09],
        "median": [0.000143535871757, 0.000906674482394, 0.000268477131613, 0.000978513271548, 0.000785448006354, 0.000627058849204, 0.000867522903718, 0.00100889976602, 0.00076055113459, 0.000426781072747, 0.000780750764534, 0.000393227877794, 0.000390946457628, 0.000414857029682, 0.000714879715815, 0.00107470713556, 0.000730751431547, 0.00020224803302, 0.000503338989802, 0.000207210396184, 1.42026292451e-05, 7.61830824558e-06, 6.40689904685e-06, 1.16613646242e-05, 2.81129432551e-05, 3.75013478333e-05, 4.58136084625e-10],
        "min": [8.30315300959e-08, 3.52457192321e-07, 6.78839285229e-07, 2.41288489633e-07, 1.19621827253e-05, 3.19392347592e-06, 6.21868821327e-06, 5.0016028581e-06, 4.37772450823e-06, 4.51936512036e-06, 6.91483455739e-06, 4.45729756393e-06, 8.24990092951e-06, 1.27891044031e-05, 1.69713421201e-05, 1.41766677189e-05, 7.02082570569e-06, 3.78756476493e-06, 7.2408424785e-06, 2.66527331405e-06, 3.79154158736e-07, 2.86581553155e-07, 1.83686623245e-07, 8.22373422693e-08, 2.64946123707e-07, 1.10937676823e-07, 6.18329476162e-12],
        "var": [1.10607857096e-07, 7.99505360192e-05, 2.45333649218e-05, 3.56550253855e-06, 1.3837698134e-06, 5.36508696314e-06, 2.3505606805e-05, 2.63161855401e-05, 1.58218790602e-05, 6.45453155812e-06, 4.80672088088e-06, 3.09045935865e-06, 3.25967721437e-06, 2.31310286836e-06, 6.1853806983e-06, 2.44447414843e-06, 1.08914946395e-06, 7.87377558709e-08, 9.0776916295e-07, 2.4883217975e-07, 2.49948084452e-09, 6.82879475189e-10, 1.54422530318e-09, 2.48143394721e-09, 9.90929933664e-08, 1.39588155434e-06, 1.35162032069e-15]
    },
    "erbbands": {
        "dmean": [0.0488909035921, 0.708806693554, 2.3831820488, 2.81972074509, 4.40450572968, 2.00424623489, 2.3287768364, 11.4279146194, 29.2576332092, 42.4146232605, 48.0158042908, 36.921672821, 34.4582061768, 21.4615306854, 39.5663490295, 32.7281303406, 37.6064872742, 34.7471694946, 47.384765625, 59.5972862244, 46.5197296143, 33.4996604919, 9.71124744415, 14.1214818954, 24.084941864, 8.7980298996, 1.39688289165, 0.789725065231, 0.51748675108, 0.509188771248, 0.450483679771, 0.404104560614, 0.272231787443, 0.315960228443, 1.91653740406, 2.91500043869, 1.24004662037, 0.0711221694946, 0.00138049887028, 7.77377572376e-05],
        "dmean2": [0.0699183270335, 1.03291773796, 3.55676364899, 4.91447114944, 7.22899913788, 3.40701937675, 3.85969996452, 17.8587493896, 45.7356033325, 64.9947967529, 75.9591369629, 57.1244926453, 52.8997612, 34.1105079651, 63.353679657, 52.5765800476, 61.3529586792, 56.7554397583, 75.6454391479, 89.7103652954, 72.6291503906, 52.5175056458, 15.2983455658, 20.933391571, 33.7920150757, 12.8458404541, 2.09925842285, 1.27030730247, 0.845821857452, 0.771206736565, 0.698126137257, 0.617306888103, 0.433316856623, 0.490984767675, 3.01280355453, 4.81009912491, 2.0987739563, 0.121569357812, 0.00234104227275, 0.000126818500576],
        "dvar": [0.00672425422817, 2.08163976669, 26.282459259, 41.5398330688, 29.8791027069, 10.90599823, 11.636138916, 403.840423584, 3426.14160156, 6358.31201172, 8814.3125, 5467.49169922, 5177.18164062, 1205.11621094, 5166.76416016, 4319.29052734, 5081.88330078, 3659.92797852, 3810.57543945, 6854.77246094, 3139.33276367, 1718.97387695, 132.425216675, 321.167510986, 1145.82397461, 155.202957153, 4.26228809357, 1.84637796879, 0.955652832985, 1.055316329, 0.809788286686, 0.832230508327, 0.380442172289, 0.474511265755, 14.6508731842, 34.3825569153, 6.72512102127, 0.0229157339782, 8.34259208204e-06, 2.16595736902e-08],
        "dvar2": [0.01326905936, 4.23801612854, 59.5972976685, 118.501609802, 81.3025283813, 28.3361911774, 29.8048152924, 916.07434082, 8146.59570312, 14513.9873047, 22160.7285156, 12574.1914062, 11875.8388672, 2783.25854492, 13623.0126953, 10736.0097656, 13082.8613281, 9990.32714844, 8933.83398438, 15004.5224609, 7742.02734375, 4066.64550781, 320.175323486, 745.163513184, 2086.00512695, 303.389221191, 9.20960330963, 4.7594666481, 2.52299356461, 2.48617362976, 1.73325145245, 1.83682858944, 0.811001002789, 1.02097129822, 34.4132385254, 87.4543380737, 17.4801216125, 0.0604317970574, 2.18477980525e-05, 5.66094584542e-08],
        "max": [0.746964216232, 11.1772413254, 35.8785324097, 44.7518844604, 51.3584098816, 45.4019165039, 36.0885505676, 246.338607788, 712.688903809, 1136.98608398, 1102.33972168, 902.577270508, 1004.90087891, 464.705169678, 1066.22888184, 789.757263184, 1196.32043457, 956.419128418, 696.87310791, 1216.86022949, 615.668823242, 452.109191895, 129.093017578, 216.774337769, 404.667907715, 172.080932617, 30.3168678284, 12.6418762207, 11.9235296249, 13.447095871, 15.2340936661, 21.2201023102, 14.1224107742, 10.5877323151, 39.9980659485, 37.0209579468, 16.2789344788, 0.953734874725, 0.01714264974, 0.000862699758727],
        "mean": [0.125058919191, 1.58704078197, 4.11252832413, 3.12758278847, 6.25203800201, 2.51088881493, 3.02649497986, 14.9980287552, 35.3362083435, 51.9075622559, 56.2638244629, 51.6693115234, 50.146812439, 34.7167510986, 59.8367767334, 43.4682235718, 48.6680221558, 48.7624130249, 67.3674316406, 93.7205963135, 80.3956375122, 55.0853462219, 17.7483634949, 28.1817874908, 46.7326583862, 15.5657596588, 2.24372506142, 0.944903314114, 0.59918153286, 0.598094284534, 0.528817534447, 0.49457731843, 0.357468754053, 0.352702260017, 1.80117487907, 2.32663655281, 0.910101234913, 0.0526301003993, 0.00104848807678, 9.47424632614e-05],
        "median": [0.039625223726, 0.153847455978, 0.390311002731, 1.82623779774, 4.57309293747, 1.34851682186, 1.71535968781, 6.8135881424, 10.0425233841, 17.379863739, 22.1995315552, 17.424539566, 16.6632442474, 18.0155448914, 29.8399219513, 18.4159545898, 20.6053848267, 24.0025253296, 33.1613693237, 52.7146530151, 61.8944892883, 39.5789794922, 13.3780460358, 19.1729793549, 23.7316894531, 9.06451416016, 1.35813832283, 0.420378744602, 0.274912923574, 0.2211882025, 0.180653274059, 0.216663375497, 0.19007794559, 0.12450338155, 0.304737448692, 0.242174088955, 0.0449542738497, 0.00274450634606, 8.24326998554e-05, 5.10619502165e-05],
        "min": [3.53792856913e-05, 0.000382491416531, 0.00230473955162, 0.0183263216168, 0.04376912117, 0.0392874851823, 0.0626976117492, 0.037509098649, 0.0936342105269, 0.548256874084, 0.314912766218, 0.0884147211909, 0.253861516714, 0.210960000753, 0.26130220294, 0.317617297173, 0.566509962082, 0.729337692261, 0.787513494492, 1.25759077072, 0.77763915062, 0.499798625708, 0.261760771275, 0.245980888605, 0.214688628912, 0.147704005241, 0.0504530072212, 0.0146531937644, 0.0106472680345, 0.00888967234641, 0.00552674941719, 0.00299671781249, 0.00158827763516, 0.000967239204329, 0.00205913814716, 0.00038734273403, 0.000189538273844, 1.14370368465e-05, 2.52880658991e-06, 3.93826485379e-06],
        "var": [0.021864535287, 5.43343639374, 43.7900009155, 28.3976917267, 36.8225021362, 12.2791786194, 14.1795301437, 597.176696777, 4521.46386719, 8920.38867188, 9784.45507812, 8768.60839844, 9445.828125, 2532.56689453, 8621.19921875, 5844.12988281, 6763.89160156, 5100.63867188, 6798.60009766, 13268.4707031, 5557.73876953, 3142.13793945, 254.104110718, 948.78729248, 3245.27685547, 363.606018066, 8.26913738251, 2.08311271667, 0.847983956337, 1.2528553009, 1.11814677715, 1.24770569801, 0.57380002737, 0.60741508007, 16.0844535828, 29.8471813202, 5.35620307922, 0.0177799798548, 6.61524200041e-06, 1.83513471086e-08]
    },
    "gfcc": {
        "mean": [19.1265869141, 91.1481018066, -131.423828125, 0.237068265676, -28.0704669952, 2.58486700058, -42.2751998901, 31.7467250824, -30.8242092133, 15.6513137817, -20.7994270325, 0.432722449303, -17.3314304352],
        "cov": [[1597.36694336, -803.720092773, 312.231018066, -54.1489257812, 106.483863831, 105.815956116, -30.3187408447, 149.654647827, 8.81717586517, 166.886428833, -136.661209106, 95.168762207, -147.294219971], [-803.720092773, 1322.00891113, -204.858764648, 299.228363037, 162.738189697, -5.30098724365, 255.300216675, 71.4333877563, 117.786514282, -121.674072266, 193.395721436, -154.726516724, 104.575042725], [312.231018066, -204.858764648, 900.96295166, 99.9214172363, 222.537322998, 210.013549805, 45.1196861267, -3.18714594841, -11.9579534531, 59.8713607788, -140.691146851, 142.030105591, -69.6027297974], [-54.1489257812, 299.228363037, 99.9214172363, 405.383270264, 167.936248779, 18.1718292236, 58.256942749, 35.2014503479, 92.6507873535, 7.44993591309, 44.0466918945, -55.2205276489, 24.1889400482], [106.483863831, 162.738189697, 222.537322998, 167.936248779, 280.66192627, 102.73576355, 92.4722442627, 59.489944458, 51.5961914062, 26.9976654053, -20.1976833344, 17.0656661987, -19.1288547516], [105.815956116, -5.30098724365, 210.013549805, 18.1718292236, 102.73576355, 245.612182617, 156.75843811, 17.8516101837, -3.93210244179, -21.932598114, -46.1649589539, 41.10181427, -7.23958587646], [-30.3187408447, 255.300216675, 45.1196861267, 58.256942749, 92.4722442627, 156.75843811, 280.778289795, 66.1295089722, 24.555973053, -34.4540863037, 3.93706130981, 5.73367452621, -0.69596362114], [149.654647827, 71.4333877563, -3.18714594841, 35.2014503479, 59.489944458, 17.8516101837, 66.1295089722, 186.896286011, 75.9483108521, 36.9043197632, 54.0475883484, -33.8564910889, 1.30526208878], [8.81717586517, 117.786514282, -11.9579534531, 92.6507873535, 51.5961914062, -3.93210244179, 24.555973053, 75.9483108521, 154.653091431, 66.6561584473, 36.0015716553, -15.9951219559, 9.68753814697], [166.886428833, -121.674072266, 59.8713607788, 7.44993591309, 26.9976654053, -21.932598114, -34.4540863037, 36.9043197632, 66.6561584473, 140.097915649, 26.7630062103, 38.2153244019, -4.33477640152], [-136.661209106, 193.395721436, -140.691146851, 44.0466918945, -20.1976833344, -46.1649589539, 3.93706130981, 54.0475883484, 36.0015716553, 26.7630062103, 156.097427368, -7.16364431381, 51.5562973022], [95.168762207, -154.726516724, 142.030105591, -55.2205276489, 17.0656661987, 41.10181427, 5.73367452621, -33.8564910889, -15.9951219559, 38.2153244019, -7.16364431381, 142.072967529, 19.0937385559], [-147.294219971, 104.575042725, -69.6027297974, 24.1889400482, -19.1288547516, -7.23958587646, -0.69596362114, 1.30526208878, 9.68753814697, -4.33477640152, 51.5562973022, 19.0937385559, 95.3071060181]],
        "icov": [[0.00143470545299, 0.000585187342949, 0.000322541338392, -0.000616036530118, -9.15026539587e-05, -0.000552658108063, 0.000273967976682, -0.0018181608757, 0.000795499247033, -0.00107826350722, 0.000905507011339, -0.000935602001846, 0.00150136172306], [0.000585187342949, 0.00338868820108, -0.000839510641526, 0.000626262102742, -0.00258257240057, 0.00244308426045, -0.00350483437069, 0.0021822869312, -0.00243579852395, 0.00284263049252, -0.00392076931894, 0.00370778562501, -0.00221910886467], [0.000322541338392, -0.000839510641526, 0.00294321472757, -0.00162716943305, 0.000218896966544, -0.00272114831023, 0.00228153192438, -0.00228348514065, 0.00194991286844, -0.00195122417063, 0.0032164407894, -0.00402967818081, 0.00264762178995], [-0.000616036530118, 0.000626262102742, -0.00162716943305, 0.00575181329623, -0.00359366321936, 0.00228094868362, -0.00203210813925, 0.00382917956449, -0.00367269502021, 0.00217233761214, -0.00361654069275, 0.00501053314656, -0.0034779778216], [-9.15026539587e-05, -0.00258257240057, 0.000218896966544, -0.00359366321936, 0.00919351354241, -0.00355655630119, 0.00242979358882, -0.00416388781741, 0.00229162257165, -0.00324160698801, 0.00449582608417, -0.00465086847544, 0.0035334136337], [-0.000552658108063, 0.00244308426045, -0.00272114831023, 0.00228094868362, -0.00355655630119, 0.0117058428004, -0.00786524824798, 0.00382572901435, -0.00293430127203, 0.00415419228375, -0.00303547689691, 0.0039377277717, -0.00469504669309], [0.000273967976682, -0.00350483437069, 0.00228153192438, -0.00203210813925, 0.00242979358882, -0.00786524824798, 0.0114034693688, -0.00587659655139, 0.00285838637501, -0.00190808635671, 0.00469860108569, -0.00653414707631, 0.00489501142874], [-0.0018181608757, 0.0021822869312, -0.00228348514065, 0.00382917956449, -0.00416388781741, 0.00382572901435, -0.00587659655139, 0.0146018769592, -0.0069353543222, 0.00328723317944, -0.00868394132704, 0.00903004687279, -0.00488893641159], [0.000795499247033, -0.00243579852395, 0.00194991286844, -0.00367269502021, 0.00229162257165, -0.00293430127203, 0.00285838637501, -0.0069353543222, 0.0148579608649, -0.00908387824893, 0.00539743853733, -0.00370593229309, 0.00251044589095], [-0.00107826350722, 0.00284263049252, -0.00195122417063, 0.00217233761214, -0.00324160698801, 0.00415419228375, -0.00190808635671, 0.00328723317944, -0.00908387824893, 0.0169667117298, -0.00733492569998, 0.000930379261263, -0.00167936086655], [0.000905507011339, -0.00392076931894, 0.0032164407894, -0.00361654069275, 0.00449582608417, -0.00303547689691, 0.00469860108569, -0.00868394132704, 0.00539743853733, -0.00733492569998, 0.0179175045341, -0.00804611481726, 0.000830581353512], [-0.000935602001846, 0.00370778562501, -0.00402967818081, 0.00501053314656, -0.00465086847544, 0.0039377277717, -0.00653414707631, 0.00903004687279, -0.00370593229309, 0.000930379261263, -0.00804611481726, 0.0197473894805, -0.00971919484437], [0.00150136172306, -0.00221910886467, 0.00264762178995, -0.0034779778216, 0.0035334136337, -0.00469504669309, 0.00489501142874, -0.00488893641159, 0.00251044589095, -0.00167936086655, 0.000830581353512, -0.00971919484437, 0.019685395062]]
    },
    "melbands": {
        "dmean": [0.000564494926948, 0.00114799430594, 0.000566157046705, 0.000219563487917, 7.78656976763e-05, 0.000266184011707, 0.000446885882411, 0.00047966252896, 0.000390515051549, 0.000229077471886, 0.000172151136212, 8.73408935149e-05, 0.000131949229399, 9.06473214854e-05, 8.77932689036e-05, 8.63069435582e-05, 6.84370970703e-05, 7.43795244489e-05, 0.000106551604404, 7.394811837e-05, 5.70629526919e-05, 4.2805189878e-05, 1.42100925586e-05, 7.67967230786e-06, 1.23627878565e-05, 1.86246361409e-05, 1.67389425769e-05, 3.78818299396e-06, 9.5315630233e-07, 5.68919460875e-07, 4.30074692304e-07, 3.20008183508e-07, 2.49541898256e-07, 3.10141558657e-07, 2.55617948142e-07, 2.96060647997e-07, 2.39023847826e-07, 2.14401055132e-07, 1.57814142199e-07, 2.45874446136e-07],
        "dmean2": [0.000810206052847, 0.0016702094581, 0.000953367736656, 0.000360853475286, 0.000129153806483, 0.000410684733652, 0.000701062555891, 0.000733920722269, 0.000623657833785, 0.0003536666336, 0.00026715916465, 0.000140406511491, 0.000209823265322, 0.000147300335811, 0.000144142235513, 0.00014138079132, 0.000113121190225, 0.000121679266158, 0.000163164469996, 0.000115061535325, 9.03324325918e-05, 6.84680635459e-05, 2.22675553232e-05, 1.23648287627e-05, 1.87752484635e-05, 2.60284468823e-05, 2.4830305847e-05, 5.77005266678e-06, 1.46697266246e-06, 8.98302630503e-07, 7.08034121999e-07, 5.30106376573e-07, 3.91800995203e-07, 4.73421749803e-07, 4.01432544095e-07, 4.70611269066e-07, 3.65968730875e-07, 3.4153262618e-07, 2.69897100225e-07, 3.93677169086e-07],
        "dvar": [1.12156192245e-06, 5.62565946893e-06, 1.11238114187e-06, 8.25014723205e-08, 1.37508555653e-08, 2.14106492535e-07, 7.63444120366e-07, 8.32486591662e-07, 6.20950402208e-07, 2.05610319881e-07, 1.3211952421e-07, 2.24624034928e-08, 5.0184041811e-08, 3.03179277239e-08, 3.31469145465e-08, 2.28300347516e-08, 1.6894260213e-08, 1.11997291441e-08, 3.4272549243e-08, 1.05389448279e-08, 5.14081088809e-09, 3.06149394724e-09, 3.59104218584e-10, 9.20119605508e-11, 2.84716611398e-10, 6.27074836501e-10, 6.53441689646e-10, 3.14115608524e-11, 2.65227835354e-12, 8.35175244934e-13, 6.74345128349e-13, 3.71103375894e-13, 2.35712301457e-13, 4.30762332271e-13, 2.78449789268e-13, 3.94120147759e-13, 3.2850675305e-13, 2.3039369349e-13, 1.6356573485e-13, 3.49230925211e-13],
        "dvar2": [2.27020723287e-06, 1.20640006571e-05, 3.13585724143e-06, 2.27883731441e-07, 3.52882594257e-08, 4.71911789646e-07, 1.81544226052e-06, 1.85562339539e-06, 1.57272802426e-06, 4.59884830661e-07, 3.03230876852e-07, 5.24128154211e-08, 1.26323968175e-07, 7.78273587798e-08, 8.49771808475e-08, 5.79682861712e-08, 4.67193252973e-08, 2.6843473222e-08, 7.8783763513e-08, 2.36728716629e-08, 1.27493180457e-08, 7.13461023594e-09, 7.925231027e-10, 2.45738623894e-10, 6.76965206114e-10, 1.24533494628e-09, 1.25515486893e-09, 7.01770308531e-11, 5.88000958687e-12, 1.95859279316e-12, 1.8069872855e-12, 9.92560200697e-13, 5.94686788962e-13, 1.01012232433e-12, 6.01249573132e-13, 9.37142507693e-13, 7.15820631936e-13, 5.08040061842e-13, 3.75802552055e-13, 7.49316082273e-13],
        "max": [0.00885920971632, 0.0168057084084, 0.00797921884805, 0.00265107816085, 0.00117007351946, 0.0064461575821, 0.0103834262118, 0.0120695568621, 0.00779112474993, 0.00487920502201, 0.00489866174757, 0.00263448734768, 0.00270333420485, 0.00210004998371, 0.00274536176585, 0.0015682260273, 0.00217733578756, 0.00124343147036, 0.00279058911838, 0.00153955584392, 0.00094616424758, 0.000652533723041, 0.000184725911822, 0.000109993306978, 0.000220085014007, 0.000320369115798, 0.000279231840977, 9.55403229455e-05, 2.50335069722e-05, 1.07982150439e-05, 8.693730706e-06, 7.33863134883e-06, 6.44631427349e-06, 9.0253606686e-06, 9.11218921829e-06, 9.0308367362e-06, 1.45335607158e-05, 1.06864181362e-05, 7.90595186118e-06, 8.75108798937e-06],
        "mean": [0.00140605436172, 0.00226859236136, 0.000726588768885, 0.000312329560984, 9.98108589556e-05, 0.000347676454112, 0.000532688805833, 0.000590884243138, 0.000447453581728, 0.00032088192529, 0.000241922665737, 0.000130114451167, 0.000200217516976, 0.000119522155728, 0.000112118170364, 0.000104264923721, 8.91578165465e-05, 9.51600668486e-05, 0.000147882325109, 0.000109068925667, 9.14632400963e-05, 6.54009563732e-05, 2.14868123294e-05, 1.30725447889e-05, 2.25230323849e-05, 3.49228284904e-05, 2.88384580927e-05, 5.76111415285e-06, 1.32643606321e-06, 6.81858523421e-07, 4.67365708801e-07, 3.44156092069e-07, 2.95604365874e-07, 3.47004743162e-07, 2.94056945904e-07, 3.1455093108e-07, 3.02171628164e-07, 2.82318865175e-07, 1.63075483783e-07, 2.56848210256e-07],
        "median": [0.000272785720881, 0.000226765099796, 0.000481630122522, 0.000226610776735, 5.45780603716e-05, 0.000153805842274, 0.00015034750686, 0.000196694469196, 0.000160173527547, 0.000105140061351, 7.94658117229e-05, 6.14045784459e-05, 0.000104311715404, 5.61004962947e-05, 3.94881062675e-05, 3.98046649934e-05, 3.65158484783e-05, 4.59630318801e-05, 6.12541698501e-05, 6.60064106341e-05, 6.68115681037e-05, 4.4792668632e-05, 1.28259061967e-05, 9.28814370127e-06, 1.4161368199e-05, 1.68560491147e-05, 1.45534213516e-05, 3.08293533635e-06, 5.95408323534e-07, 2.80250077367e-07, 1.85126310726e-07, 1.49786146153e-07, 1.30216676553e-07, 1.17768223618e-07, 9.56424415222e-08, 9.71906004565e-08, 1.41090154671e-07, 1.4139024529e-07, 7.52785425107e-08, 7.50979509689e-08],
        "min": [9.23790963725e-08, 2.73117080951e-07, 3.30255988956e-06, 3.94860626329e-06, 6.4919356646e-07, 4.07359635801e-07, 1.16111300485e-06, 3.5747120819e-06, 1.11831320737e-06, 5.40813687167e-07, 1.07726100396e-06, 6.2750007146e-07, 8.20354784992e-07, 5.38948825124e-07, 4.66819244593e-07, 9.83921154329e-07, 1.02337173757e-06, 9.19471972338e-07, 1.38276277539e-06, 6.88997374709e-07, 8.53039580306e-07, 4.37116938201e-07, 1.4650437663e-07, 1.96282471165e-07, 1.51520438862e-07, 1.47379680016e-07, 9.60071844247e-08, 3.16775761178e-08, 1.54507020511e-08, 1.38292177709e-09, 2.02126870796e-09, 1.20396437264e-09, 1.33639799227e-09, 1.24966215154e-09, 6.77470524124e-10, 2.38479214154e-09, 1.09625541977e-09, 6.31934171658e-10, 2.28182212708e-11, 6.75712198868e-13],
