{
"highlevel": {
    "danceability": {
        "all": {
            "danceable": 0.443858504295,
            "not_danceable": 0.556141495705
        },
        "probability": 0.556141495705,
        "value": "not_danceable"
    },
    "gender": {
        "all": {
            "female": 0.60274207592,
            "male": 0.397257894278
        },
        "probability": 0.60274207592,
        "value": "female"
    },
    "genre_dortmund": {
        "all": {
            "alternative": 0.107345737517,
            "blues": 0.163196668029,
            "electronic": 0.277277678251,
            "folkcountry": 0.101991035044,
            "funksoulrnb": 0.0256864726543,
            "jazz": 0.0810344740748,
            "pop": 0.0420751497149,
            "raphiphop": 0.051893312484,
            "rock": 0.149499446154
        },
        "probability": 0.277277678251,
        "value": "electronic"
    },
    "genre_electronic": {
        "all": {
            "ambient": 0.373525470495,
            "dnb": 0.287874490023,
            "house": 0.185809344053,
            "techno": 0.0134550454095,
            "trance": 0.139335662127
        },
        "probability": 0.373525470495,
        "value": "ambient"
    },
    "genre_rosamerica": {
        "all": {
            "cla": 0.0214578453451,
            "dan": 0.0159783307463,
            "hip": 0.0389520563185,
            "jaz": 0.0136451963335,
            "pop": 0.703832387924,
            "rhy": 0.0634705647826,
            "roc": 0.137473225594,
            "spe": 0.00519041344523
        },
        "probability": 0.703832387924,
        "value": "pop"
    },
    "genre_tzanetakis": {
        "all": {
            "blu": 0.0044791479595,
            "cla": 0.00304553937167,
            "cou": 0.00654550408944,
            "dis": 0.00661546736956,
            "hip": 0.0040170061402,
            "jaz": 0.0194427222013,
            "met": 0.0172688066959,
            "pop": 0.0105377873406,
            "reg": 0.00564312003553,
            "roc": 0.922404885292
        },
        "probability": 0.922404885292,
        "value": "roc"
    },
    "ismir04_rhythm": {
        "all": {
            "ChaChaCha": 0.0894589051604,
            "Jive": 0.0604233033955,
            "Quickstep": 0.0260132942349,
            "Rumba-American": 0.0273591801524,
            "Rumba-International": 0.0792436376214,
            "Rumba-Misc": 0.0147898765281,
            "Samba": 0.0715807005763,
            "Tango": 0.204354003072,
            "VienneseWaltz": 0.378442525864,
            "Waltz": 0.0483345873654
        },
        "probability": 0.378442525864,
        "value": "VienneseWaltz"
    },
    "mood_acoustic": {
        "all": {
            "acoustic": 0.115493506193,
            "not_acoustic": 0.884506523609
        },
        "probability": 0.884506523609,
        "value": "not_acoustic"
    },
    "mood_aggressive": {
        "all": {
            "aggressive": 0.175081133842,
            "not_aggressive": 0.824918866158
        },
        "probability": 0.824918866158,
        "value": "not_aggressive"
    },
    "mood_electronic": {
        "all": {
            "electronic": 0.875061094761,
            "not_electronic": 0.124938890338
        },
        "probability": 0.875061094761,
        "value": "electronic"
    },
    "mood_happy": {
        "all": {
            "happy": 0.47975435853,
            "not_happy": 0.520245611668
        },
        "probability": 0.520245611668,
        "value": "not_happy"
    },
    "mood_party": {
        "all": {
            "not_party": 0.870367407799,
            "party": 0.129632592201
        },
        "probability": 0.870367407799,
        "value": "not_party"
    },
    "mood_relaxed": {
        "all": {
            "not_relaxed": 0.494893997908,
            "relaxed": 0.505106031895
        },
        "probability": 0.505106031895,
        "value": "relaxed"
    },
    "mood_sad": {
        "all": {
            "not_sad": 0.779563724995,
            "sad": 0.220436289907
        },
        "probability": 0.779563724995,
        "value": "not_sad"
    },
    "moods_mirex": {
        "all": {
            "Cluster1": 0.265001326799,
            "Cluster2": 0.0712508484721,
            "Cluster3": 0.262553989887,
            "Cluster4": 0.104512557387,
            "Cluster5": 0.296681284904
        },
        "probability": 0.296681284904,
        "value": "Cluster5"
    },
    "timbre": {
        "all": {
            "bright": 0.445977330208,
            "dark": 0.554022669792
        },
        "probability": 0.554022669792,
        "value": "dark"
    },
    "tonal_atonal": {
        "all": {
            "atonal": 0.0247894953936,
            "tonal": 0.975210487843
        },
        "probability": 0.975210487843,
        "value": "tonal"
    },
    "voice_instrumental": {
        "all": {
            "instrumental": 0.349288254976,
            "voice": 0.650711774826
        },
        "probability": 0.650711774826,
        "value": "voice"
    }
},
"lowlevel": {
    "average_loudness": 0.983835995197,
    "barkbands_crest": {
        "dmean": 2.09835553169,
        "dmean2": 3.05485796928,
        "dvar": 5.34575557709,
        "dvar2": 9.88746261597,
        "max": 25.4618206024,
        "mean": 11.3961582184,
        "median": 10.3818273544,
        "min": 3.76855659485,
        "var": 22.7486763
    },
    "barkbands_flatness_db": {
        "dmean": 0.0226825997233,
        "dmean2": 0.0314277596772,
        "dvar": 0.000500089023262,
        "dvar2": 0.000854936894029,
        "max": 0.373595625162,
        "mean": 0.217195495963,
        "median": 0.215546309948,
        "min": 0.0697260946035,
        "var": 0.00196591904387
    },
    "barkbands_kurtosis": {
        "dmean": 2.53508090973,
        "dmean2": 3.96936607361,
        "dvar": 18.3545894623,
        "dvar2": 48.6343078613,
        "max": 53.0819244385,
        "mean": 3.96593999863,
        "median": 1.96199083328,
        "min": -1.56450390816,
        "var": 40.2956771851
    },
    "barkbands_skewness": {
        "dmean": 0.525594711304,
        "dmean2": 0.795495331287,
        "dvar": 0.312064170837,
        "dvar2": 0.784719109535,
        "max": 6.75825500488,
        "mean": 1.64614617825,
        "median": 1.49886071682,
        "min": -0.891456723213,
        "var": 1.23784768581
    },
    "barkbands_spread": {
        "dmean": 2.92129898071,
        "dmean2": 4.40126085281,
        "dvar": 12.2021856308,
        "dvar2": 23.3303756714,
        "max": 51.7346801758,
        "mean": 15.8773288727,
        "median": 15.6723175049,
        "min": 2.27138447762,
        "var": 44.4838943481
    },
    "dissonance": {
        "dmean": 0.0224198028445,
        "dmean2": 0.0384761020541,
        "dvar": 0.000352255388862,
        "dvar2": 0.000980411074124,
        "max": 0.499040514231,
        "mean": 0.459677010775,
        "median": 0.46350517869,
        "min": 0.325039684772,
        "var": 0.000568306946661
    },
    "dynamic_complexity": 1.27670109272,
    "erbbands_crest": {
        "dmean": 3.47901940346,
        "dmean2": 5.56793355942,
        "dvar": 9.00309276581,
        "dvar2": 22.6307792664,
        "max": 29.7047138214,
        "mean": 11.1318473816,
        "median": 9.8936548233,
        "min": 4.0788397789,
        "var": 24.9701099396
    },
    "erbbands_flatness_db": {
        "dmean": 0.020195601508,
        "dmean2": 0.0302207227796,
        "dvar": 0.000398575415602,
        "dvar2": 0.000808322802186,
        "max": 0.387671083212,
        "mean": 0.221494600177,
        "median": 0.219139769673,
        "min": 0.0854472666979,
        "var": 0.00173440866638
    },
    "erbbands_kurtosis": {
        "dmean": 0.863830208778,
        "dmean2": 1.35467791557,
        "dvar": 1.0131983757,
        "dvar2": 2.33289957047,
        "max": 15.3231258392,
        "mean": 0.343963801861,
        "median": -0.0454716682434,
        "min": -1.64625036716,
        "var": 2.61699104309
    },
    "erbbands_skewness": {
        "dmean": 0.337171584368,
        "dmean2": 0.517219305038,
        "dvar": 0.0869668200612,
        "dvar2": 0.212018042803,
        "max": 2.88151931763,
        "mean": 0.342965334654,
        "median": 0.313069075346,
        "min": -1.34712982178,
        "var": 0.265939444304
    },
    "erbbands_spread": {
        "dmean": 6.39767408371,
        "dmean2": 10.0371828079,
        "dvar": 34.0518684387,
        "dvar2": 88.0264587402,
        "max": 75.7981185913,
        "mean": 29.475818634,
        "median": 28.4604129791,
        "min": 5.3590259552,
        "var": 143.6980896
    },
    "hfc": {
        "dmean": 6.3098449707,
        "dmean2": 9.74139785767,
        "dvar": 235.650421143,
        "dvar2": 578.113769531,
        "max": 189.658462524,
        "mean": 19.9850921631,
        "median": 16.4356746674,
        "min": 6.53952646255,
        "var": 261.838348389
    },
    "melbands_crest": {
        "dmean": 2.75244545937,
        "dmean2": 4.09121227264,
        "dvar": 8.17028999329,
        "dvar2": 18.0884647369,
        "max": 31.5850162506,
        "mean": 16.7196331024,
        "median": 15.9845657349,
        "min": 5.02480649948,
        "var": 32.277305603
    },
    "melbands_flatness_db": {
        "dmean": 0.0244156625122,
        "dmean2": 0.0326293557882,
        "dvar": 0.000717920251191,
        "dvar2": 0.00124170805793,
        "max": 0.469860911369,
        "mean": 0.283591926098,
        "median": 0.28320235014,
        "min": 0.0777205079794,
        "var": 0.00294135580771
    },
    "melbands_kurtosis": {
        "dmean": 6.13654375076,
        "dmean2": 9.58899497986,
        "dvar": 93.4484481812,
        "dvar2": 250.663467407,
        "max": 126.838729858,
        "mean": 11.2834644318,
        "median": 6.7701292038,
        "min": -1.34579122066,
        "var": 208.110092163
    },
    "melbands_skewness": {
        "dmean": 0.724595665932,
        "dmean2": 1.10233795643,
        "dvar": 0.529054820538,
        "dvar2": 1.32207643986,
        "max": 9.98291778564,
        "mean": 2.56514835358,
        "median": 2.35437822342,
        "min": -0.673200786114,
        "var": 2.18484044075
    },
    "melbands_spread": {
        "dmean": 4.45807695389,
        "dmean2": 6.69619226456,
        "dvar": 65.3552780151,
        "dvar2": 139.34664917,
        "max": 104.874542236,
        "mean": 17.0977115631,
        "median": 15.5172109604,
        "min": 1.65377378464,
        "var": 131.446899414
    },
    "pitch_salience": {
        "dmean": 0.0631470233202,
        "dmean2": 0.0964298471808,
        "dvar": 0.0042379447259,
        "dvar2": 0.00813420675695,
        "max": 0.792320489883,
        "mean": 0.483456075191,
        "median": 0.486081898212,
        "min": 0.112537577748,
        "var": 0.0150411166251
    },
    "silence_rate_20dB": {
        "dmean": 0,
        "dmean2": 0,
        "dvar": 0,
        "dvar2": 0,
        "max": 1,
        "mean": 1,
        "median": 1,
        "min": 1,
        "var": 0
    },
    "silence_rate_30dB": {
        "dmean": 0.0479876175523,
        "dmean2": 0.0960495769978,
        "dvar": 0.0456852316856,
        "dvar2": 0.094568900764,
        "max": 1,
        "mean": 0.932714641094,
        "median": 1,
        "min": 0,
        "var": 0.0627577826381
    },
    "silence_rate_60dB": {
        "dmean": 0,
        "dmean2": 0,
        "dvar": 0,
        "dvar2": 0,
        "max": 0,
        "mean": 0,
        "median": 0,
        "min": 0,
        "var": 0
    },
    "spectral_centroid": {
        "dmean": 161.504837036,
        "dmean2": 244.25730896,
        "dvar": 34373.4570312,
        "dvar2": 68024.8515625,
        "max": 2717.05908203,
        "mean": 1148.08666992,
        "median": 1119.22668457,
        "min": 397.983184814,
        "var": 104326.59375
    },
    "spectral_complexity": {
        "dmean": 2.64086675644,
        "dmean2": 4.19132471085,
        "dvar": 9.98405838013,
        "dvar2": 20.2802066803,
        "max": 53,
        "mean": 18.1214237213,
        "median": 17,
        "min": 11,
        "var": 25.840719223
    },
    "spectral_decrease": {
        "dmean": 2.71448397093e-09,
        "dmean2": 4.06805700237e-09,
        "dvar": 1.45679542237e-17,
        "dvar2": 3.50996689057e-17,
        "max": -1.68281821811e-09,
        "mean": -1.25708483623e-08,
        "median": -1.05521378302e-08,
        "min": -3.92149672734e-08,
        "var": 4.84916039089e-17
    },
    "spectral_energy": {
        "dmean": 0.010692066513,
        "dmean2": 0.0160480644554,
        "dvar": 0.000216773172724,
        "dvar2": 0.000526555930264,
        "max": 0.149866297841,
        "mean": 0.049257978797,
        "median": 0.041331730783,
        "min": 0.00702208885923,
        "var": 0.00070608308306
    },
    "spectral_energyband_high": {
        "dmean": 0.000227772296057,
        "dmean2": 0.000378940894734,
        "dvar": 8.52944424423e-07,
        "dvar2": 2.15251361624e-06,
        "max": 0.0106891971081,
        "mean": 0.000218965476961,
        "median": 6.09783564869e-05,
        "min": 2.87708712676e-06,
        "var": 6.84968483711e-07
    },
    "spectral_energyband_low": {
        "dmean": 0.00805674213916,
        "dmean2": 0.0114801404998,
        "dvar": 0.000182120929821,
        "dvar2": 0.000384512444725,
        "max": 0.137956857681,
        "mean": 0.0288398135453,
        "median": 0.0217777229846,
        "min": 1.02606676933e-07,
        "var": 0.000671454123221
    },
    "spectral_energyband_middle_high": {
        "dmean": 0.00279195141047,
        "dmean2": 0.00421228818595,
        "dvar": 1.9970599169e-05,
        "dvar2": 4.27034538006e-05,
        "max": 0.065577454865,
        "mean": 0.0075890799053,
        "median": 0.00517191225663,
        "min": 0.000923898944166,
        "var": 5.55359256396e-05
    },
    "spectral_energyband_middle_low": {
        "dmean": 0.00594073999673,
        "dmean2": 0.00952946580946,
        "dvar": 0.000146502803545,
        "dvar2": 0.000387451378629,
        "max": 0.100081704557,
        "mean": 0.0143871707842,
        "median": 0.0118472287431,
        "min": 0.00215527997352,
        "var": 0.000136964343255
    },
    "spectral_entropy": {
        "dmean": 0.152153104544,
        "dmean2": 0.222065284848,
        "dvar": 0.0351873114705,
        "dvar2": 0.068023212254,
        "max": 8.12859153748,
        "mean": 6.96483469009,
        "median": 6.92966890335,
        "min": 6.22817564011,
        "var": 0.0872186198831
    },
    "spectral_flux": {
        "dmean": 0.0244090016931,
        "dmean2": 0.0378104448318,
        "dvar": 0.000920050370041,
        "dvar2": 0.00181329331826,
        "max": 0.315842449665,
        "mean": 0.0896388813853,
        "median": 0.0735463127494,
        "min": 0.031463637948,
        "var": 0.00241174176335
    },
    "spectral_kurtosis": {
        "dmean": 4.52190113068,
        "dmean2": 7.9048204422,
        "dvar": 16.7379131317,
        "dvar2": 48.5652275085,
        "max": 38.5022544861,
        "mean": 7.68134069443,
        "median": 6.47939491272,
        "min": 0.168451309204,
        "var": 26.1519126892
    },
    "spectral_rms": {
        "dmean": 0.000705872895196,
        "dmean2": 0.00104278232902,
        "dvar": 7.10436779627e-07,
        "dvar2": 1.63412141774e-06,
        "max": 0.0120917754248,
        "mean": 0.00672322837636,
        "median": 0.00635008979589,
        "min": 0.00261740689166,
        "var": 2.8547481179e-06
    },
    "spectral_rolloff": {
        "dmean": 195.031692505,
        "dmean2": 317.026245117,
        "dvar": 95025.265625,
        "dvar2": 179487.375,
        "max": 3854.44335938,
        "mean": 774.54510498,
        "median": 689.0625,
        "min": 64.599609375,
        "var": 258847.40625
    },
    "spectral_skewness": {
        "dmean": 0.401465624571,
        "dmean2": 0.691101312637,
        "dvar": 0.111463859677,
        "dvar2": 0.321953058243,
        "max": 3.9015879631,
        "mean": 1.75516116619,
        "median": 1.70269525051,
        "min": 0.466814279556,
        "var": 0.210924521089
    },
    "spectral_spread": {
        "dmean": 417842.375,
        "dmean2": 626209.8125,
        "dvar": 500789051392,
        "dvar2": 889248153600,
        "max": 16528771,
        "mean": 2575763.75,
        "median": 2352944.75,
        "min": 1178537.625,
        "var": 730870775808
    },
    "spectral_strongpeak": {
        "dmean": 0.513267993927,
        "dmean2": 0.895391583443,
        "dvar": 0.928573548794,
        "dvar2": 2.3248026371,
        "max": 9.05655956268,
        "mean": 0.782722651958,
        "median": 0.26147133112,
        "min": 0.0462942384183,
        "var": 1.38050889969
    },
    "zerocrossingrate": {
        "dmean": 0.00519082276151,
        "dmean2": 0.00612904550508,
        "dvar": 4.13531270169e-05,
        "dvar2": 5.50588738406e-05,
        "max": 0.1162109375,
        "mean": 0.0330430082977,
        "median": 0.0322265625,
        "min": 0.00439453125,
        "var": 0.000208680648939
    },
    "barkbands": {
        "dmean": [0.000465230317786, 0.00683166366071, 0.00231248117052, 0.00221410859376, 0.00199308246374, 0.00140574155375, 0.000633203948382, 0.0014215153642, 0.00104952545371, 0.00184379832353, 0.000445831246907, 0.000380394456442, 0.000395157374442, 0.000299674953567, 0.000179213413503, 0.000183991811355, 0.000440138450358, 0.000224456511205, 0.000106076535303, 5.03206792928e-05, 3.32862291543e-05, 4.66373821837e-05, 8.25992101454e-05, 3.82381222153e-05, 8.1928428699e-06, 3.76779530598e-06, 1.23567893695e-08],
        "dmean2": [0.000707879196852, 0.00864813104272, 0.00356615660712, 0.00381365977228, 0.00334739172831, 0.00245907017961, 0.000989247928374, 0.00218417262658, 0.00165535288397, 0.00270863622427, 0.00072909751907, 0.000648559769616, 0.000653577910271, 0.000514841871336, 0.000298020750051, 0.000282629887806, 0.000704270729329, 0.000360633828677, 0.000168869373738, 8.00478155725e-05, 5.19674867974e-05, 7.79760957812e-05, 0.000143941637361, 6.83716425556e-05, 1.44335044752e-05, 6.91546392773e-06, 2.18012718989e-08],
        "dvar": [4.22480042062e-07, 0.000170965708094, 3.23585627484e-05, 4.60586270492e-05, 2.97858532576e-05, 1.0091303011e-05, 6.63614571295e-07, 3.70137831851e-06, 2.44209377342e-06, 1.05127155621e-05, 6.16641216311e-07, 1.16715591503e-06, 5.51892128442e-07, 3.19749545952e-07, 1.0898677516e-07, 3.89300140569e-07, 4.93676816404e-06, 3.37347699997e-07, 8.20702865667e-08, 1.30264110609e-08, 7.18226500496e-09, 2.90090405031e-08, 1.95607796627e-07, 3.5876549731e-08, 9.52215861716e-10, 1.73993403019e-10, 8.99830713142e-15],
        "dvar2": [9.23913660245e-07, 0.000236723790294, 8.64885223564e-05, 0.000130217813421, 8.69000141392e-05, 2.94250148727e-05, 1.68147892055e-06, 8.47703358886e-06, 5.6490453062e-06, 2.02972623811e-05, 1.64130563007e-06, 3.34179321726e-06, 1.40587485475e-06, 8.37342781779e-07, 2.73389332506e-07, 7.93469325799e-07, 1.28371757455e-05, 7.95844243839e-07, 1.86887007203e-07, 2.92340622821e-08, 1.52929970909e-08, 6.79316585206e-08, 5.23536982655e-07, 9.89581536714e-08, 2.46209630461e-09, 4.72282268849e-10, 2.50516838177e-14],
        "max": [0.00847453437746, 0.135482296348, 0.0679104328156, 0.0581302195787, 0.0533717572689, 0.0298493504524, 0.00900134816766, 0.0266866739839, 0.0210121255368, 0.0631694942713, 0.0123993828893, 0.0182446893305, 0.0127183785662, 0.00653333636001, 0.00375545001589, 0.00934677105397, 0.0248902998865, 0.00765865016729, 0.00400563329458, 0.00115637748968, 0.000849072646815, 0.00183754519094, 0.00559342000633, 0.00209640874527, 0.000388632266549, 0.000129147418193, 2.13565363083e-06],
        "mean": [0.00191805558279, 0.0206130389124, 0.00496505433694, 0.00286842207424, 0.00300004915334, 0.00203203875571, 0.00125129288062, 0.00249506975524, 0.00175878696609, 0.00345589639619, 0.000833552679978, 0.00059033598518, 0.000715231813956, 0.000450849824119, 0.00028835242847, 0.000292873475701, 0.000513199483976, 0.000636528769974, 0.000303224107483, 9.33654300752e-05, 4.57784917671e-05, 4.20751566708e-05, 5.95890342083e-05, 2.72077595582e-05, 5.71366354052e-06, 2.41500811171e-06, 8.5493310209e-09],
        "median": [0.00122777267825, 0.0130918687209, 0.00258308602497, 0.00149025442079, 0.00186374876648, 0.00120610557497, 0.00088205706561, 0.00143991352525, 0.000921841827221, 0.00108722504228, 0.000475876790006, 0.000275788770523, 0.000270109274425, 0.000182733056135, 0.000168032580405, 0.00015654314484, 0.000117479379696, 0.000471772247693, 5.43741698493e-05, 5.28432610736e-05, 2.13517050724e-05, 7.99437839305e-06, 5.03887622472e-06, 3.7203149077e-06, 2.26059853503e-07, 8.96376128878e-09, 6.29906904415e-10],
        "min": [1.50168932844e-09, 8.3015789798e-09, 2.95110114124e-09, 7.56866569418e-08, 5.15158899361e-06, 9.96583275992e-06, 2.44179173023e-05, 2.07433586183e-05, 3.0868799513e-05, 7.35049161449e-06, 1.00062379715e-05, 3.29740282723e-06, 4.85158352603e-06, 4.38950337411e-06, 3.58951524504e-06, 2.62703724729e-06, 1.23243580674e-06, 3.43663077729e-06, 4.98634022961e-08, 6.95735877798e-08, 9.01393320873e-07, 1.03160836318e-07, 9.19899747487e-08, 2.18040536737e-08, 9.35898407384e-12, 6.3790127694e-12, 8.31068894258e-12],
        "var": [3.67651409761e-06, 0.000648112269118, 4.77119683637e-05, 3.09248134727e-05, 2.21103582589e-05, 8.49362004374e-06, 1.51838389684e-06, 9.5586574389e-06, 5.47717081645e-06, 3.74670598831e-05, 1.31099773171e-06, 1.82771134405e-06, 1.64984066942e-06, 5.59330487704e-07, 1.544903796e-07, 5.02056536789e-07, 4.33503328168e-06, 5.18635317803e-07, 2.30050986261e-07, 1.81252293174e-08, 8.56015969219e-09, 2.57833630002e-08, 1.3440865132e-07, 2.28627783372e-08, 7.07194802718e-10, 1.12723885781e-10, 5.36645558788e-15]
    },
    "erbbands": {
        "dmean": [0.249520480633, 1.560151577, 2.29801607132, 5.46301460266, 6.00786924362, 6.51232290268, 13.4601631165, 9.86215305328, 8.69832038879, 14.7714242935, 33.4660186768, 27.0229091644, 37.7627449036, 49.0772171021, 19.0445365906, 19.3351802826, 15.4896631241, 18.7527141571, 9.16404056549, 8.81692886353, 11.9707813263, 24.5829353333, 12.9186706543, 8.37014389038, 3.99819302559, 2.48382353783, 1.39731240273, 1.5320879221, 1.74508976936, 1.82065618038, 2.4995174408, 1.18608999252, 0.415559619665, 0.112171173096, 0.0550493523479, 0.01902715303, 0.00806705094874, 0.000534320657607, 1.75130699063e-05, 1.30441585497e-05],
        "dmean2": [0.290158331394, 1.89988136292, 3.41882228851, 9.27505111694, 9.93047523499, 10.8354139328, 24.1205940247, 16.8437900543, 13.5794849396, 23.3817844391, 51.2134475708, 42.6420440674, 60.6500892639, 68.5925674438, 30.8191299438, 32.8271980286, 25.6602897644, 32.0213165283, 15.1774559021, 14.2858715057, 17.6597480774, 40.0349731445, 20.9888439178, 12.8671131134, 6.29072332382, 3.94900727272, 2.18954539299, 2.44307374954, 2.8974981308, 3.06806755066, 4.41574811935, 2.116355896, 0.727846801281, 0.198606625199, 0.0968655049801, 0.0339948497713, 0.0149327814579, 0.000992128276266, 3.03307333525e-05, 1.9903147404e-05],
        "dvar": [0.208465605974, 9.64758014679, 21.8214931488, 299.091033936, 243.395629883, 304.708740234, 1972.86975098, 261.915985107, 107.989494324, 507.05090332, 2287.13769531, 1744.76647949, 5371.11181641, 10851.546875, 1041.85351562, 3017.88378906, 979.940612793, 1085.69897461, 262.889038086, 370.952941895, 2574.09936523, 16312.4599609, 1795.87854004, 471.911773682, 108.252929688, 31.6230831146, 12.1161613464, 17.3718566895, 37.8368186951, 76.9689712524, 185.272506714, 37.2995033264, 3.66718912125, 0.203346565366, 0.0389054380357, 0.00485951406881, 0.000840062159114, 4.0197069211e-06, 2.58407095721e-09, 3.4990435549e-10],
        "dvar2": [0.29095235467, 14.3199596405, 54.9254570007, 842.65222168, 673.587158203, 888.660461426, 5792.02734375, 758.249267578, 264.399169922, 1273.63647461, 4959.296875, 4136.25, 14283.9873047, 18027.6074219, 2778.19506836, 8685.94042969, 2409.64916992, 2921.01074219, 677.687866211, 837.730834961, 5248.23339844, 42176.9765625, 4475.16748047, 1123.50048828, 255.029968262, 68.3084640503, 24.5850315094, 41.3418693542, 91.1309356689, 192.108261108, 505.866485596, 103.118621826, 9.75611019135, 0.529761791229, 0.101052507758, 0.0130507564172, 0.00233038235456, 1.12032812467e-05, 7.05898273168e-09, 8.83613404667e-10],
        "max": [5.42152357101, 33.8106765747, 67.53931427, 145.120117188, 166.046722412, 179.301193237, 486.014862061, 158.937484741, 156.208282471, 451.25881958, 719.356567383, 591.011352539, 1240.1229248, 2267.85375977, 560.144226074, 914.516052246, 582.147094727, 362.061798096, 234.258178711, 248.18862915, 776.564208984, 1404.21069336, 525.687133789, 272.387573242, 164.854232788, 58.4704742432, 40.0550994873, 39.1458969116, 66.3316650391, 89.7357788086, 178.696853638, 65.6132507324, 19.9753112793, 5.45896577835, 2.3409075737, 0.867393553257, 0.20910987258, 0.0147229302675, 0.000561030756216, 0.000163265489391],
        "mean": [0.768606364727, 3.89029502869, 6.15138244629, 7.98875331879, 9.07717037201, 10.0511713028, 15.8960990906, 15.762629509, 17.5082798004, 27.0551261902, 60.6251754761, 47.7866706848, 65.466255188, 96.7339096069, 38.143447876, 31.3914108276, 29.4781513214, 30.385684967, 15.3706951141, 16.0592727661, 18.5544090271, 28.2751922607, 26.6966362, 30.1486034393, 12.0743741989, 4.99558734894, 2.1225092411, 1.77457857132, 1.56755280495, 1.50342679024, 1.75044047832, 0.847963094711, 0.296193003654, 0.0797463133931, 0.0377421416342, 0.0126031329855, 0.00496120983735, 0.000329424365191, 3.20157196256e-05, 5.61536253372e-05],
        "median": [0.487626552582, 2.18934988976, 3.71802473068, 4.63876438141, 5.34233665466, 5.99971246719, 7.41884851456, 10.4043989182, 12.3150634766, 17.4398021698, 34.047454834, 26.5297470093, 26.7246894836, 27.1048297882, 24.5023269653, 15.920753479, 12.715880394, 12.9471626282, 8.64030361176, 10.9837713242, 6.60572385788, 5.98425531387, 17.4677467346, 14.7288780212, 3.98914003372, 3.01546621323, 1.08030581474, 0.707496523857, 0.31469425559, 0.232991680503, 0.140443116426, 0.116612166166, 0.0283639673144, 0.00521843926981, 0.00101987458766, 0.000171871201019, 2.90087882604e-05, 4.90081401949e-06, 2.0964509531e-05, 4.70413942821e-05],
        "min": [7.39991094179e-07, 6.45868294669e-06, 9.50051471591e-05, 0.00022117694607, 0.00105426763184, 0.014246314764, 0.0563317835331, 0.208683386445, 0.881374955177, 0.787613987923, 1.13834822178, 1.52419424057, 0.689210295677, 0.480067312717, 0.956943571568, 0.373862415552, 0.268160998821, 0.300137221813, 0.428330689669, 0.324833124876, 0.33062645793, 0.598408997059, 0.655604302883, 0.416737467051, 0.284396350384, 0.0880663841963, 0.0412250235677, 0.0171853341162, 0.00740372948349, 0.00454901577905, 0.00285884737968, 0.000829809287097, 0.000149536805111, 4.98354675074e-05, 1.87871937669e-05, 9.4210026873e-06, 3.95884217141e-06, 1.24201369545e-06, 4.18086301579e-06, 8.62213801156e-06],
        "var": [0.759156644344, 31.4837970734, 49.3245277405, 202.252059937, 199.057907104, 234.788116455, 1263.94311523, 314.924194336, 326.737854004, 1033.234375, 6131.32861328, 3631.93237305, 9991.77636719, 42335.4296875, 2103.13256836, 4573.75195312, 2878.12866211, 1988.5369873, 391.973999023, 487.27911377, 3390.88525391, 14157.2714844, 1789.75463867, 1103.06958008, 286.671447754, 43.648399353, 15.7710285187, 16.7661304474, 32.5749168396, 60.9809188843, 121.544181824, 23.7151069641, 2.53688001633, 0.148097291589, 0.0286051258445, 0.0032823625952, 0.000514796585776, 2.42436408371e-06, 1.8453573114e-09, 8.99835872481e-10]
    },
    "gfcc": {
        "mean": [-20.7820549011, 171.231781006, -146.358566284, 41.6012611389, -48.0732574463, 3.98926997185, -10.3908414841, 6.55149269104, -2.44235777855, -18.5208072662, 8.03872776031, -12.3285226822, -2.65778064728],
        "cov": [[1285.23388672, -620.480712891, 516.70526123, 250.879058838, -34.8872108459, 288.034393311, -197.193130493, 185.315612793, -217.003387451, 135.603424072, -201.811019897, 158.209075928, -31.6921405792], [-620.480712891, 933.903259277, -68.8346939087, 24.811460495, 290.387634277, -97.8980712891, 287.927093506, -67.1358566284, 195.611160278, -106.716079712, 229.541137695, -125.556541443, 89.0029144287], [516.70526123, -68.8346939087, 696.607666016, 340.144134521, 112.09122467, 127.952613831, -77.6172485352, 190.569320679, -74.9655685425, 81.0908584595, -64.8800582886, 85.9218673706, 18.681098938], [250.879058838, 24.811460495, 340.144134521, 419.972473145, 75.6224899292, 65.4171524048, -13.9098358154, 91.3319778442, 47.1841545105, -25.0399856567, 8.96487903595, 13.2410926819, 54.636013031], [-34.8872108459, 290.387634277, 112.09122467, 75.6224899292, 273.1534729, 41.2802810669, 88.8479232788, 53.9513969421, 55.4729156494, 1.84439837933, 58.6132087708, -1.48567318916, 36.8378334045], [288.034393311, -97.8980712891, 127.952613831, 65.4171524048, 41.2802810669, 186.821380615, 32.3011779785, 60.1933403015, -69.6859054565, 19.4812011719, 6.45106363297, 26.6106815338, 29.2517356873], [-197.193130493, 287.927093506, -77.6172485352, -13.9098358154, 88.8479232788, 32.3011779785, 218.548034668, -3.23495173454, 69.3452682495, -35.910282135, 112.764884949, -25.0449180603, 56.606628418], [185.315612793, -67.1358566284, 190.569320679, 91.3319778442, 53.9513969421, 60.1933403015, -3.23495173454, 167.411346436, -4.11832761765, 40.4676094055, -7.19984292984, 30.0015907288, 22.7270507812], [-217.003387451, 195.611160278, -74.9655685425, 47.1841545105, 55.4729156494, -69.6859054565, 69.3452682495, -4.11832761765, 206.345230103, -15.0398788452, 66.8742370605, -24.1338100433, 9.90215110779], [135.603424072, -106.716079712, 81.0908584595, -25.0399856567, 1.84439837933, 19.4812011719, -35.910282135, 40.4676094055, -15.0398788452, 117.915016174, -20.1160869598, 37.6445999146, -16.6445732117], [-201.811019897, 229.541137695, -64.8800582886, 8.96487903595, 58.6132087708, 6.45106363297, 112.764884949, -7.19984292984, 66.8742370605, -20.1160869598, 158.671615601, -27.1855201721, 57.7828178406], [158.209075928, -125.556541443, 85.9218673706, 13.2410926819, -1.48567318916, 26.6106815338, -25.0449180603, 30.0015907288, -24.1338100433, 37.6445999146, -27.1855201721, 114.687393188, 11.8728199005], [-31.6921405792, 89.0029144287, 18.681098938, 54.636013031, 36.8378334045, 29.2517356873, 56.606628418, 22.7270507812, 9.90215110779, -16.6445732117, 57.7828178406, 11.8728199005, 98.588470459]],
        "icov": [[0.00293006771244, 4.29867577623e-05, -3.71177811758e-05, -0.00132353929803, 0.000389705848647, -0.00362416217104, 0.000998869072646, -0.000663678220008, 0.000700817850884, -0.00140185444616, 0.00190051458776, -0.00161437212955, 0.0009262302774], [4.29867577623e-05, 0.00742728635669, -0.00349418492988, 0.00205374369398, -0.0054695494473, 0.00520386686549, -0.00523469829932, 0.00407646922395, -0.00152137689292, 0.00297521310858, -0.00379794300534, 0.00500833941624, -0.00232385611162], [-3.71177811758e-05, -0.00349418492988, 0.00636772112921, -0.00459907017648, 0.001323014847, -0.00229503796436, 0.0025119157508, -0.00428226636723, 0.00304171070457, -0.00358706340194, 0.00223731691949, -0.0037000507582, 0.00243934313767], [-0.00132353929803, 0.00205374369398, -0.00459907017648, 0.00757191050798, -0.00130060513038, 0.00145989959128, -0.00019300992426, 0.00189159985166, -0.00425086542964, 0.00476580346003, -0.00195193814579, 0.00323420763016, -0.00389061169699], [0.000389705848647, -0.0054695494473, 0.001323014847, -0.00130060513038, 0.00926368031651, -0.00487765623257, 0.00241474341601, -0.00354131311178, -0.000113091969979, -0.0022177179344, 0.002530740574, -0.00351498858072, 0.00152580195572], [-0.00362416217104, 0.00520386686549, -0.00229503796436, 0.00145989959128, -0.00487765623257, 0.0170854777098, -0.00767639046535, 0.00194393121637, 0.00240205880255, 0.00250384584069, -0.00539051182568, 0.00472583156079, -0.00275274529122], [0.000998869072646, -0.00523469829932, 0.0025119157508, -0.00019300992426, 0.00241474341601, -0.00767639046535, 0.0136297782883, -0.00299728591926, -0.00115180620924, -0.00036685258965, -0.000625101500191, -0.00364248058759, -0.000222915783525], [-0.000663678220008, 0.00407646922395, -0.00428226636723, 0.00189159985166, -0.00354131311178, 0.00194393121637, -0.00299728591926, 0.0122710848227, -0.00256174663082, 0.000206786673516, -0.00167992094066, 0.00337639800273, -0.00362151418813], [0.000700817850884, -0.00152137689292, 0.00304171070457, -0.00425086542964, -0.000113091969979, 0.00240205880255, -0.00115180620924, -0.00256174663082, 0.0099579654634, -0.00279658427462, -0.000870002724696, -0.00208968902007, 0.00324882031418], [-0.00140185444616, 0.00297521310858, -0.00358706340194, 0.00476580346003, -0.0022177179344, 0.00250384584069, -0.00036685258965, 0.000206786673516, -0.00279658427462, 0.0146189033985, -0.00378332473338, 0.000292022596113, 8.1933758338e-05], [0.00190051458776, -0.00379794300534, 0.00223731691949, -0.00195193814579, 0.002530740574, -0.00539051182568, -0.000625101500191, -0.00167992094066, -0.000870002724696, -0.00378332473338, 0.0158191192895, -0.00146802153904, -0.00354880630039], [-0.00161437212955, 0.00500833941624, -0.0037000507582, 0.00323420763016, -0.00351498858072, 0.00472583156079, -0.00364248058759, 0.00337639800273, -0.00208968902007, 0.000292022596113, -0.00146802153904, 0.0157116465271, -0.00567983463407], [0.0009262302774, -0.00232385611162, 0.00243934313767, -0.00389061169699, 0.00152580195572, -0.00275274529122, -0.000222915783525, -0.00362151418813, 0.00324882031418, 8.1933758338e-05, -0.00354880630039, -0.00567983463407, 0.0178936887532]]
    },
    "melbands": {
        "dmean": [0.00195819535293, 0.00135924923234, 0.000951850030106, 0.00039886686136, 0.000442301708972, 0.000228041462833, 0.000127673527459, 0.00017974434013, 0.000267515599262, 0.000158231239766, 0.000191241226275, 0.00021562508482, 6.40219732304e-05, 4.86528952024e-05, 4.29814026575e-05, 3.23753920384e-05, 3.7999725464e-05, 1.48212648128e-05, 1.13751802928e-05, 1.18641764857e-05, 1.58867951541e-05, 2.7604675779e-05, 1.39871890497e-05, 1.29670061142e-05, 6.82195968693e-06, 4.1193297875e-06, 1.90353250673e-06, 1.6660055735e-06, 8.92098000804e-07, 8.19724675694e-07, 9.74212525762e-07, 1.01466537217e-06, 8.50131357311e-07, 1.18018613193e-06, 1.65571134403e-06, 1.01069235825e-06, 5.98459280354e-07, 3.521399492e-07, 1.11934028268e-07, 9.07932715677e-08],
        "dmean2": [0.00242827134207, 0.00186200649478, 0.00158964004368, 0.000649999710731, 0.000787304888945, 0.000391814304749, 0.000199925052584, 0.000284784589894, 0.000407494808314, 0.000251193734584, 0.000305040593958, 0.000300612970022, 0.000104178921902, 8.15444436739e-05, 7.32686603442e-05, 5.24580136698e-05, 6.54515606584e-05, 2.45887622441e-05, 1.88138164958e-05, 1.86613106052e-05, 2.34619856201e-05, 4.40807598352e-05, 2.36995438172e-05, 2.09842146432e-05, 1.03208003566e-05, 6.29033229416e-06, 3.02302464661e-06, 2.65593371296e-06, 1.42894680266e-06, 1.25667429529e-06, 1.62309629559e-06, 1.69072632161e-06, 1.41083148719e-06, 2.00818794838e-06, 2.9441089282e-06, 1.77662093392e-06, 1.09067229914e-06, 6.17507225797e-07, 1.96240520722e-07, 1.63804244835e-07],
        "dvar": [1.39398571264e-05, 5.7600486798e-06, 8.05170657259e-06, 9.87004909803e-07, 2.12002055378e-06, 1.62608941423e-07, 2.41729072314e-08, 6.98019420042e-08, 1.35468326334e-07, 6.12213071349e-08, 1.34625366854e-07, 2.17798216795e-07, 1.23748815639e-08, 1.45401584106e-08, 7.49224327024e-09, 3.98432487003e-09, 5.07462072363e-09, 6.93478940939e-10, 5.05082753399e-10, 7.43749950516e-10, 4.99829688749e-09, 2.07961647902e-08, 3.90056564825e-09, 8.71614891373e-10, 3.33770094896e-10, 9.69980831766e-11, 2.03841891283e-11, 1.44678548655e-11, 4.7110228045e-12, 5.78202850182e-12, 7.03297186114e-12, 1.05503444522e-11, 1.41182343594e-11, 3.64226669658e-11, 8.48086600946e-11, 2.88134151954e-11, 8.92494238236e-12, 2.907267092e-12, 1.79669321955e-13, 1.42984731585e-13],
        "dvar2": [1.84219607036e-05, 1.20482081911e-05, 2.23045226448e-05, 2.80490917248e-06, 6.22219931756e-06, 4.7225603339e-07, 5.91845896736e-08, 1.73683787352e-07, 2.96319285553e-07, 1.47955887542e-07, 3.5569900092e-07, 3.61783293101e-07, 3.32861702645e-08, 4.0986247285e-08, 2.1268713013e-08, 9.07520902871e-09, 1.35913929e-08, 1.76926628903e-09, 1.2390100057e-09, 1.49912082748e-09, 1.0464598077e-08, 5.34050492718e-08, 1.03902326742e-08, 2.03052219483e-09, 8.20812529057e-10, 2.23946819422e-10, 4.74462066857e-11, 3.14367074039e-11, 1.07602425234e-11, 1.14060219603e-11, 1.78879220464e-11, 2.45283376943e-11, 3.55566097399e-11, 9.28928045596e-11, 2.33064678667e-10, 7.88596618562e-11, 2.49296538274e-11, 7.74673380999e-12, 4.64259544437e-13, 3.82770746522e-13],
        "max": [0.0411974564195, 0.0315822437406, 0.0232187248766, 0.0144150555134, 0.0161191914231, 0.00394167704508, 0.00201638205908, 0.00524020707235, 0.00515612680465, 0.0039036180824, 0.00613567465916, 0.0101061593741, 0.00167350692209, 0.0020733512938, 0.00123937241733, 0.00140190147795, 0.000808524899185, 0.000395334907807, 0.000286643044092, 0.000366535387002, 0.00113384437282, 0.00163550127763, 0.000670822395477, 0.000394380884245, 0.000219990339247, 0.000146972452058, 5.51934790565e-05, 3.69375302398e-05, 2.69262072834e-05, 2.81791726593e-05, 2.43521062657e-05, 3.20120416291e-05, 4.63414762635e-05, 6.50522342767e-05, 0.000128433937789, 5.9591318859e-05, 3.67281718354e-05, 1.84827949852e-05, 5.17350099472e-06, 4.87251645609e-06],
        "mean": [0.00628517474979, 0.00393834151328, 0.00146629882511, 0.000669867033139, 0.000546546129044, 0.000359474273864, 0.000257933337707, 0.000331727613229, 0.00048529470223, 0.000271839118795, 0.000328463735059, 0.000414253154304, 0.000121724413475, 8.17377003841e-05, 7.20918978914e-05, 5.95454221184e-05, 5.76150268898e-05, 2.37676213146e-05, 1.90985028894e-05, 2.13964849536e-05, 2.27991040447e-05, 3.09792631015e-05, 1.75716613739e-05, 3.49702422682e-05, 2.27243072004e-05, 1.25632650452e-05, 3.85121848012e-06, 2.96404800793e-06, 1.26084364638e-06, 1.10998723812e-06, 1.01855073353e-06, 9.03982595446e-07, 7.37360437597e-07, 9.24481469156e-07, 1.14265662887e-06, 7.08927700543e-07, 4.28254168128e-07, 2.45765789941e-07, 8.25095298751e-08, 6.15890485278e-08],
        "median": [0.00400143722072, 0.00261462060735, 0.000885395333171, 0.00043012961396, 0.000295687350444, 0.000234089457081, 0.000184012344107, 0.00022523230291, 0.000288992188871, 0.000146119491546, 0.000130782675114, 9.89713007584e-05, 7.25740464986e-05, 4.33755521954e-05, 2.98183458654e-05, 2.31993872148e-05, 2.33464561461e-05, 1.26393006212e-05, 1.09781622086e-05, 1.30579655888e-05, 4.59659986518e-06, 5.61005890631e-06, 5.9959270402e-06, 2.79228024738e-05, 5.1986253311e-06, 1.81884081485e-06, 1.66092365816e-06, 1.8444068246e-06, 6.05688910582e-07, 4.78455319808e-07, 3.66144206509e-07, 1.63326745906e-07, 1.47661154415e-07, 1.17464736604e-07, 8.81962378685e-08, 6.14462649651e-08, 6.64743495804e-08, 1.7632432403e-08, 6.96272683953e-09, 2.80656031748e-09],
        "min": [2.6795659025e-09, 1.79761805441e-09, 3.58094780495e-08, 2.17575149009e-07, 2.00561703423e-06, 2.16421608457e-06, 8.96710935194e-06, 4.72989222544e-06, 7.18437604519e-06, 6.94847585692e-06, 2.42090891334e-06, 1.70363330199e-06, 1.46124193634e-06, 9.04924320366e-07, 7.11879408755e-07, 4.29807045066e-07, 4.03210975719e-07, 2.15148304505e-07, 3.70926017013e-07, 2.3750210687e-07, 8.50708232747e-08, 6.74638442888e-08, 1.53324776875e-07, 1.80947509421e-07, 2.87487296191e-08, 5.07628328261e-10, 1.38586786491e-08, 1.10629916339e-09, 5.25161825138e-09, 7.05249236788e-09, 3.05495917452e-09, 7.40996208837e-10, 1.50155976542e-09, 2.01205341277e-09, 3.69490493757e-10, 5.43167011369e-10, 2.98292085477e-10, 8.33239727216e-12, 1.03966639985e-12, 6.39994784599e-14],
