{
"highlevel": {
    "danceability": {
        "all": {
            "danceable": 0.974893629551,
            "not_danceable": 0.0251063816249
        },
        "probability": 0.974893629551,
        "value": "danceable"
    },
    "gender": {
        "all": {
            "female": 0.642290890217,
            "male": 0.357709139585
        },
        "probability": 0.642290890217,
        "value": "female"
    },
    "genre_dortmund": {
        "all": {
            "alternative": 0.285385549068,
            "blues": 0.0401668250561,
            "electronic": 0.162107273936,
            "folkcountry": 0.0701783746481,
            "funksoulrnb": 0.0171706769615,
            "jazz": 0.0156356580555,
            "pop": 0.0390102155507,
            "raphiphop": 0.0411201156676,
            "rock": 0.329225301743
        },
        "probability": 0.329225301743,
        "value": "rock"
    },
    "genre_electronic": {
        "all": {
            "ambient": 0.413175135851,
            "dnb": 0.143666446209,
            "house": 0.176180630922,
            "techno": 0.017234865576,
            "trance": 0.249742925167
        },
        "probability": 0.413175135851,
        "value": "ambient"
    },
    "genre_rosamerica": {
        "all": {
            "cla": 0.0134960990399,
            "dan": 0.0518308654428,
            "hip": 0.0321856327355,
            "jaz": 0.012696784921,
            "pop": 0.543977856636,
            "rhy": 0.170383051038,
            "roc": 0.17081707716,
            "spe": 0.00461261114106
        },
        "probability": 0.543977856636,
        "value": "pop"
    },
    "genre_tzanetakis": {
        "all": {
            "blu": 0.0626613423228,
            "cla": 0.0348169617355,
            "cou": 0.104475811124,
            "dis": 0.0784321576357,
            "hip": 0.15692435205,
            "jaz": 0.313974827528,
            "met": 0.0448166541755,
            "pop": 0.0627359300852,
            "reg": 0.0627360641956,
            "roc": 0.0784258767962
        },
        "probability": 0.313974827528,
        "value": "jaz"
    },
    "ismir04_rhythm": {
        "all": {
            "ChaChaCha": 0.113239392638,
            "Jive": 0.0283473543823,
            "Quickstep": 0.0649571269751,
            "Rumba-American": 0.0272849723697,
            "Rumba-International": 0.0535985678434,
            "Rumba-Misc": 0.0112610207871,
            "Samba": 0.0634957179427,
            "Tango": 0.0771639123559,
            "VienneseWaltz": 0.538288474083,
            "Waltz": 0.0223634783179
        },
        "probability": 0.538288474083,
        "value": "VienneseWaltz"
    },
    "mood_acoustic": {
        "all": {
            "acoustic": 0.587060272694,
            "not_acoustic": 0.412939697504
        },
        "probability": 0.587060272694,
        "value": "acoustic"
    },
    "mood_aggressive": {
        "all": {
            "aggressive": 0.644030272961,
            "not_aggressive": 0.355969756842
        },
        "probability": 0.644030272961,
        "value": "aggressive"
    },
    "mood_electronic": {
        "all": {
            "electronic": 0.842916548252,
            "not_electronic": 0.157083451748
        },
        "probability": 0.842916548252,
        "value": "electronic"
    },
    "mood_happy": {
        "all": {
            "happy": 0.7730666399,
            "not_happy": 0.226933389902
        },
        "probability": 0.7730666399,
        "value": "happy"
    },
    "mood_party": {
        "all": {
            "not_party": 0.85718691349,
            "party": 0.14281308651
        },
        "probability": 0.85718691349,
        "value": "not_party"
    },
    "mood_relaxed": {
        "all": {
            "not_relaxed": 0.273819118738,
            "relaxed": 0.726180911064
        },
        "probability": 0.726180911064,
        "value": "relaxed"
    },
    "mood_sad": {
        "all": {
            "not_sad": 0.422434002161,
            "sad": 0.577566027641
        },
        "probability": 0.577566027641,
        "value": "sad"
    },
    "moods_mirex": {
        "all": {
            "Cluster1": 0.236228093505,
            "Cluster2": 0.201210141182,
            "Cluster3": 0.210797548294,
            "Cluster4": 0.228440627456,
            "Cluster5": 0.123323582113
        },
        "probability": 0.236228093505,
        "value": "Cluster1"
    },
    "timbre": {
        "all": {
            "bright": 0.518660306931,
            "dark": 0.481339693069
        },
        "probability": 0.518660306931,
        "value": "bright"
    },
    "tonal_atonal": {
        "all": {
            "atonal": 0.0651632547379,
            "tonal": 0.934836745262
        },
        "probability": 0.934836745262,
        "value": "tonal"
    },
    "voice_instrumental": {
        "all": {
            "instrumental": 8.68164988788e-06,
            "voice": 0.999991297722
        },
        "probability": 0.999991297722,
        "value": "voice"
    }
},
"lowlevel": {
    "average_loudness": 0.973062574863,
    "barkbands_crest": {
        "dmean": 2.25599503517,
        "dmean2": 3.68292021751,
        "dvar": 4.65186309814,
        "dvar2": 12.2731122971,
        "max": 25.6587104797,
        "mean": 11.1644496918,
        "median": 10.2221803665,
        "min": 2.48400831223,
        "var": 20.2091064453
    },
    "barkbands_flatness_db": {
        "dmean": 0.0190052334219,
        "dmean2": 0.0276029370725,
        "dvar": 0.000312606949592,
        "dvar2": 0.000620336621068,
        "max": 0.349341988564,
        "mean": 0.177894592285,
        "median": 0.182597205043,
        "min": 0.0576930902898,
        "var": 0.00228537106887
    },
    "barkbands_kurtosis": {
        "dmean": 1.39084362984,
        "dmean2": 2.17989468575,
        "dvar": 4.66648435593,
        "dvar2": 11.257610321,
        "max": 64.5614089966,
        "mean": 2.17375564575,
        "median": 0.862273693085,
        "min": -1.84226644039,
        "var": 28.0948581696
    },
    "barkbands_skewness": {
        "dmean": 0.389542251825,
        "dmean2": 0.606201589108,
        "dvar": 0.129487589002,
        "dvar2": 0.327122122049,
        "max": 7.70983123779,
        "mean": 1.09797012806,
        "median": 1.00542724133,
        "min": -1.0523147583,
        "var": 1.1042495966
    },
    "barkbands_spread": {
        "dmean": 4.03510141373,
        "dmean2": 5.99736118317,
        "dvar": 39.1117401123,
        "dvar2": 69.8040084839,
        "max": 103.711029053,
        "mean": 18.6019935608,
        "median": 15.7118387222,
        "min": 1.87064909935,
        "var": 174.036331177
    },
    "dissonance": {
        "dmean": 0.0240703094751,
        "dmean2": 0.0410010553896,
        "dvar": 0.000523353286553,
        "dvar2": 0.00150734290946,
        "max": 0.4995842278,
        "mean": 0.456137627363,
        "median": 0.462188005447,
        "min": 0.296052753925,
        "var": 0.000911690061912
    },
    "dynamic_complexity": 1.92917442322,
    "erbbands_crest": {
        "dmean": 3.0464451313,
        "dmean2": 4.94078922272,
        "dvar": 7.42662763596,
        "dvar2": 19.204416275,
        "max": 28.5463943481,
        "mean": 10.4605922699,
        "median": 9.38113594055,
        "min": 2.66651034355,
        "var": 23.0656890869
    },
    "erbbands_flatness_db": {
        "dmean": 0.0175293181092,
        "dmean2": 0.0250557847321,
        "dvar": 0.000257827894529,
        "dvar2": 0.000437754322775,
        "max": 0.337941050529,
        "mean": 0.191423341632,
        "median": 0.192946687341,
        "min": 0.0690113976598,
        "var": 0.0018716675695
    },
    "erbbands_kurtosis": {
        "dmean": 1.13551461697,
        "dmean2": 1.81056857109,
        "dvar": 1.98061275482,
        "dvar2": 4.34580373764,
        "max": 24.8851490021,
        "mean": 1.54343855381,
        "median": 0.738066196442,
        "min": -1.60009169579,
        "var": 6.74104309082
    },
    "erbbands_skewness": {
        "dmean": 0.33666279912,
        "dmean2": 0.530187010765,
        "dvar": 0.0952060297132,
        "dvar2": 0.208834454417,
        "max": 3.41485786438,
        "mean": 0.374258756638,
        "median": 0.334217190742,
        "min": -1.87932550907,
        "var": 0.507894158363
    },
    "erbbands_spread": {
        "dmean": 5.39013576508,
        "dmean2": 8.20368385315,
        "dvar": 40.550617218,
        "dvar2": 80.9465255737,
        "max": 103.801399231,
        "mean": 24.3627700806,
        "median": 21.6405715942,
        "min": 3.22260546684,
        "var": 203.372192383
    },
    "hfc": {
        "dmean": 7.16253328323,
        "dmean2": 10.4365329742,
        "dvar": 142.197479248,
        "dvar2": 243.618392944,
        "max": 198.438064575,
        "mean": 28.0584793091,
        "median": 22.4644107819,
        "min": 1.13478040695,
        "var": 556.290771484
    },
    "melbands_crest": {
        "dmean": 2.54297566414,
        "dmean2": 4.1909866333,
        "dvar": 6.57950162888,
        "dvar2": 18.6342201233,
        "max": 31.5793514252,
        "mean": 14.6110715866,
        "median": 13.5258579254,
        "min": 4.50168228149,
        "var": 25.7489910126
    },
    "melbands_flatness_db": {
        "dmean": 0.0215395372361,
        "dmean2": 0.0307000093162,
        "dvar": 0.000470947590657,
        "dvar2": 0.000959058583248,
        "max": 0.45572245121,
        "mean": 0.24311734736,
        "median": 0.24673242867,
        "min": 0.0549569278955,
        "var": 0.00363890337758
    },
    "melbands_kurtosis": {
        "dmean": 2.95103478432,
        "dmean2": 4.72701883316,
        "dvar": 22.6621856689,
        "dvar2": 54.388759613,
        "max": 121.579437256,
        "mean": 6.51559495926,
        "median": 3.5892329216,
        "min": -1.5851585865,
        "var": 116.466453552
    },
    "melbands_skewness": {
        "dmean": 0.513087391853,
        "dmean2": 0.812745094299,
        "dvar": 0.244198039174,
        "dvar2": 0.597618758678,
        "max": 9.89435577393,
        "mean": 1.8854483366,
        "median": 1.70901966095,
        "min": -0.866627037525,
        "var": 1.86405277252
    },
    "melbands_spread": {
        "dmean": 4.67545747757,
        "dmean2": 7.11357498169,
        "dvar": 41.6723060608,
        "dvar2": 83.3414230347,
        "max": 113.497428894,
        "mean": 20.5484390259,
        "median": 18.582862854,
        "min": 1.42715620995,
        "var": 166.547286987
    },
    "pitch_salience": {
        "dmean": 0.0582886263728,
        "dmean2": 0.096526093781,
        "dvar": 0.00284492666833,
        "dvar2": 0.00785422511399,
        "max": 0.782695949078,
        "mean": 0.496431022882,
        "median": 0.502412855625,
        "min": 0.0851771458983,
        "var": 0.0110590532422
    },
    "silence_rate_20dB": {
        "dmean": 0,
        "dmean2": 0,
        "dvar": 0,
        "dvar2": 0,
        "max": 1,
        "mean": 1,
        "median": 1,
        "min": 1,
        "var": 0
    },
    "silence_rate_30dB": {
        "dmean": 0,
        "dmean2": 0,
        "dvar": 0,
        "dvar2": 0,
        "max": 1,
        "mean": 1,
        "median": 1,
        "min": 1,
        "var": 0
    },
    "silence_rate_60dB": {
        "dmean": 0.00154798757285,
        "dmean2": 0.00309837330133,
        "dvar": 0.00154558010399,
        "dvar2": 0.00463790120557,
        "max": 1,
        "mean": 0.00077339517884,
        "median": 0,
        "min": 0,
        "var": 0.000772795174271
    },
    "spectral_centroid": {
        "dmean": 170.823608398,
        "dmean2": 255.149368286,
        "dvar": 62736.6328125,
        "dvar2": 119052.53125,
        "max": 3960.58032227,
        "mean": 1051.34033203,
        "median": 911.297851562,
        "min": 336.847961426,
        "var": 273244.46875
    },
    "spectral_complexity": {
        "dmean": 3.43343663216,
        "dmean2": 5.00697135925,
        "dvar": 11.9839410782,
        "dvar2": 19.7884654999,
        "max": 54,
        "mean": 22.1484928131,
        "median": 20,
        "min": 3,
        "var": 70.2137985229
    },
    "spectral_decrease": {
        "dmean": 2.31272245799e-09,
        "dmean2": 3.85398291058e-09,
        "dvar": 5.38899070092e-18,
        "dvar2": 1.33219571778e-17,
        "max": -6.5290761686e-10,
        "mean": -1.16585825438e-08,
        "median": -1.1482012674e-08,
        "min": -2.41856703553e-08,
        "var": 1.770188183e-17
    },
    "spectral_energy": {
        "dmean": 0.00911129824817,
        "dmean2": 0.0150972157717,
        "dvar": 8.15697785583e-05,
        "dvar2": 0.000198834837647,
        "max": 0.0932882428169,
        "mean": 0.0465471409261,
        "median": 0.0459058396518,
        "min": 0.00257884594612,
        "var": 0.00028385873884
    },
    "spectral_energyband_high": {
        "dmean": 0.000443917873781,
        "dmean2": 0.000594767101575,
        "dvar": 2.24490986511e-06,
        "dvar2": 3.57224689651e-06,
        "max": 0.0272195506841,
        "mean": 0.000889776740223,
        "median": 0.000125260921777,
        "min": 2.420644023e-06,
        "var": 7.55156588639e-06
    },
    "spectral_energyband_low": {
        "dmean": 0.00549920741469,
        "dmean2": 0.00904555246234,
        "dvar": 5.57630737603e-05,
        "dvar2": 0.000146601727465,
        "max": 0.0837094634771,
        "mean": 0.0196384899318,
        "median": 0.0191617328674,
        "min": 0.000240113338805,
        "var": 0.00010754691175
    },
    "spectral_energyband_middle_high": {
        "dmean": 0.0031379731372,
        "dmean2": 0.00500102806836,
        "dvar": 1.76165794983e-05,
        "dvar2": 4.3587788241e-05,
        "max": 0.0584187246859,
        "mean": 0.0100499959663,
        "median": 0.00713054323569,
        "min": 0.000287195725832,
        "var": 8.22732181405e-05
    },
    "spectral_energyband_middle_low": {
        "dmean": 0.00596537766978,
        "dmean2": 0.00984242092818,
        "dvar": 4.62836324004e-05,
        "dvar2": 0.00011724363867,
        "max": 0.0630508288741,
        "mean": 0.0180644001812,
        "median": 0.0168435834348,
        "min": 0.000142163597047,
        "var": 0.000125479113194
    },
    "spectral_entropy": {
        "dmean": 0.139021366835,
        "dmean2": 0.195733070374,
        "dvar": 0.0184895228595,
        "dvar2": 0.0295585207641,
        "max": 8.44718742371,
        "mean": 7.35398674011,
        "median": 7.28226470947,
        "min": 6.25059652328,
        "var": 0.134249180555
    },
    "spectral_flux": {
        "dmean": 0.0237309932709,
        "dmean2": 0.0382130667567,
        "dvar": 0.000548679381609,
        "dvar2": 0.00127790181432,
        "max": 0.246278315783,
        "mean": 0.102134592831,
        "median": 0.101144470274,
        "min": 0.0135033093393,
        "var": 0.00173539074603
    },
    "spectral_kurtosis": {
        "dmean": 2.640209198,
        "dmean2": 4.48031425476,
        "dvar": 6.72422981262,
        "dvar2": 18.1056060791,
        "max": 32.5514984131,
        "mean": 7.41679668427,
        "median": 7.07738018036,
        "min": -0.707944393158,
        "var": 17.771396637
    },
    "spectral_rms": {
        "dmean": 0.000655395328067,
        "dmean2": 0.00107459630817,
        "dvar": 3.96552223947e-07,
        "dvar2": 9.22891274513e-07,
        "max": 0.00954006891698,
        "mean": 0.00660947803408,
        "median": 0.00669224839658,
        "min": 0.00158617377747,
        "var": 1.72674424448e-06
    },
    "spectral_rolloff": {
        "dmean": 297.89755249,
        "dmean2": 497.265838623,
        "dvar": 520407.9375,
        "dvar2": 1168527.625,
        "max": 9883.74023438,
        "mean": 1088.50073242,
        "median": 861.328125,
        "min": 64.599609375,
        "var": 1304927.75
    },
    "spectral_skewness": {
        "dmean": 0.281975537539,
        "dmean2": 0.459151655436,
        "dvar": 0.0613317340612,
        "dvar2": 0.145890727639,
        "max": 4.15611791611,
        "mean": 1.90121555328,
        "median": 1.94729912281,
        "min": 0.319098502398,
        "var": 0.304486274719
    },
    "spectral_spread": {
        "dmean": 380121,
        "dmean2": 507313.125,
        "dvar": 364348801024,
        "dvar2": 463759245312,
        "max": 15938670,
        "mean": 3273424,
        "median": 2934022.5,
        "min": 1778668.375,
        "var": 1.50243652403e+12
    },
    "spectral_strongpeak": {
        "dmean": 0.664971649647,
        "dmean2": 1.18199491501,
        "dvar": 1.36777710915,
        "dvar2": 3.52122068405,
        "max": 9.09712696075,
        "mean": 1.03000044823,
        "median": 0.427336275578,
        "min": 0.0659103691578,
        "var": 1.90751171112
    },
    "zerocrossingrate": {
        "dmean": 0.00625959923491,
        "dmean2": 0.00723231164739,
        "dvar": 9.45273059187e-05,
        "dvar2": 8.57257400639e-05,
        "max": 0.2392578125,
        "mean": 0.039792843163,
        "median": 0.03369140625,
        "min": 0.00244140625,
        "var": 0.000741804309655
    },
    "barkbands": {
        "dmean": [0.000115925962746, 0.00425322912633, 0.0017968560569, 0.00187369529158, 0.00150129524991, 0.00155355909374, 0.00142622948624, 0.00181524711661, 0.00187122880016, 0.0020084916614, 0.00108658534009, 0.000587704649661, 0.000588616123423, 0.000521798152477, 0.000316023448249, 0.000212718688999, 0.000160922834766, 0.000155403744429, 0.000134777539643, 0.000107778738311, 0.000125958526041, 0.000116131057439, 9.34015770326e-05, 0.000107676125481, 5.43497953913e-05, 1.06054421849e-05, 5.95025042571e-08],
        "dmean2": [0.000200713257072, 0.00694751599804, 0.00303666084073, 0.00321241351776, 0.00245094927959, 0.00246200733818, 0.00223632529378, 0.00278000347316, 0.00303572090343, 0.00338899949566, 0.00168346986175, 0.000963929633144, 0.000972092908341, 0.000835421844386, 0.000514528248459, 0.000341811741237, 0.000245764764259, 0.000234940525843, 0.000207005505217, 0.000157867063535, 0.000179939699592, 0.000170040744706, 0.000126129962155, 0.000141952303238, 8.31757424749e-05, 1.51403746713e-05, 1.01238420314e-07],
        "dvar": [3.93229271367e-08, 4.10567517974e-05, 8.00207453722e-06, 1.61783555086e-05, 5.55519227419e-06, 8.73608860275e-06, 9.66116749623e-06, 1.03667134681e-05, 1.26634795379e-05, 1.26403538161e-05, 4.47555839855e-06, 2.38731990976e-06, 1.25931819639e-06, 9.56680082709e-07, 3.66581730304e-07, 3.40369041396e-07, 7.33611500436e-08, 2.28274402048e-07, 1.38351211376e-07, 8.45973460173e-08, 2.53494590652e-07, 2.24899466161e-07, 1.74462670088e-07, 3.06118295157e-07, 1.21897727468e-07, 1.56904145232e-09, 8.90230678887e-14],
        "dvar2": [1.16621833968e-07, 0.000114248083264, 2.14696865442e-05, 4.77097819385e-05, 1.40590782394e-05, 2.04878797376e-05, 2.33547943935e-05, 2.25184830924e-05, 3.05795292661e-05, 3.40178921761e-05, 1.05680155684e-05, 6.56529118714e-06, 3.16114574161e-06, 2.22899461733e-06, 9.73354531197e-07, 8.59140925513e-07, 1.56546036578e-07, 4.5635783863e-07, 3.20851484048e-07, 1.91665705529e-07, 4.96627819757e-07, 4.2914854248e-07, 2.77967700413e-07, 5.10267113896e-07, 3.26585336552e-07, 3.16336490336e-09, 2.37936704844e-13],
        "max": [0.00234475196339, 0.0684072971344, 0.0275418497622, 0.043086387217, 0.0276287570596, 0.0391723886132, 0.0381265804172, 0.0461376644671, 0.0558897778392, 0.0541803501546, 0.0353947840631, 0.0340198874474, 0.018039053306, 0.0156107870862, 0.00811156909913, 0.0137048605829, 0.00485192006454, 0.0136044351384, 0.00744812749326, 0.00480738002807, 0.0128781842068, 0.00992715451866, 0.00954005122185, 0.0125675164163, 0.00941924098879, 0.000758978247177, 6.84439146426e-06],
        "mean": [0.000164102268172, 0.0150507837534, 0.00314817856997, 0.00221319287084, 0.00292135728523, 0.00266718026251, 0.00228282948956, 0.00321602355689, 0.00334495399147, 0.00387718202546, 0.00203493097797, 0.00100868509617, 0.00101388455369, 0.000885735906195, 0.000501419825014, 0.000406961946283, 0.000299079663819, 0.000260519125732, 0.000255650811596, 0.00019549173885, 0.000206897442695, 0.000187167912372, 0.000151819927851, 0.000168248487171, 7.01920871506e-05, 1.4681749235e-05, 5.12065518876e-08],
        "median": [7.16082431609e-05, 0.0144932921976, 0.00150016369298, 0.000844193156809, 0.00141516316216, 0.00119733170141, 0.000930092530325, 0.00150672346354, 0.0012066483032, 0.00159990973771, 0.0008235576679, 0.000531932862941, 0.000530829303898, 0.000419577205321, 0.000308951188345, 0.00018150662072, 0.000168184153154, 0.000117768518976, 9.63843049249e-05, 6.04285451118e-05, 3.65942287317e-05, 2.01588409254e-05, 1.30736279971e-05, 7.46084833736e-06, 4.79902610095e-06, 1.964092462e-06, 9.36829724907e-10],
        "min": [2.31950622265e-07, 3.62092869182e-05, 7.24448318579e-06, 2.03705963031e-06, 1.27138928292e-05, 2.94790652333e-06, 5.09825486006e-06, 2.49162731052e-05, 8.95969515113e-06, 3.69814588339e-05, 1.78749432962e-05, 1.62677533808e-05, 1.94717977138e-05, 4.31778062193e-06, 1.64678585861e-05, 4.49341405329e-06, 3.31706200996e-06, 1.38858308674e-06, 1.68353801655e-06, 6.39898473764e-07, 6.18637841399e-07, 1.39435712754e-07, 1.65196368584e-07, 1.41741676174e-08, 2.04010988658e-10, 9.66029513327e-12, 6.85512193885e-12],
        "var": [5.02041288541e-08, 8.36630788399e-05, 1.46595357364e-05, 1.6462036001e-05, 1.69307968463e-05, 1.7353124349e-05, 1.78348818736e-05, 2.46351919486e-05, 3.42421117239e-05, 3.84666709579e-05, 1.59106257343e-05, 3.98790234613e-06, 2.44777061198e-06, 2.0167249204e-06, 4.30259404993e-07, 9.69498159975e-07, 1.62893314837e-07, 3.4175042174e-07, 2.61377323341e-07, 1.76892896775e-07, 5.40031578566e-07, 5.47736590306e-07, 4.24524671416e-07, 8.17929901586e-07, 1.25282682006e-07, 2.82232659465e-09, 8.58314477435e-14]
    },
    "erbbands": {
        "dmean": [0.115820124745, 1.03925740719, 1.89421963692, 4.4035525322, 4.78353357315, 5.57067394257, 9.11459636688, 13.5840854645, 20.6761417389, 25.4747238159, 39.6217155457, 43.130153656, 57.0953102112, 61.2047462463, 30.8818206787, 24.1052017212, 27.1586990356, 26.4127407074, 17.3156242371, 13.1296577454, 9.90598773956, 7.83188009262, 8.88940525055, 7.30293703079, 6.54791975021, 5.0154876709, 5.14696884155, 4.83773231506, 4.69928884506, 2.67241501808, 2.83495926857, 2.50129246712, 1.89193797112, 0.978550970554, 0.202332422137, 0.0733828023076, 0.0155916940421, 0.00088758819038, 2.930325536e-05, 1.22505880427e-05],
        "dmean2": [0.186158910394, 1.70855712891, 3.21139025688, 7.58730602264, 8.00974559784, 9.00883388519, 14.5640487671, 20.8711605072, 32.4338188171, 39.2169418335, 61.0764846802, 67.8969268799, 95.5634155273, 96.7678604126, 51.0945663452, 38.5337562561, 45.0438728333, 42.6705970764, 27.3509845734, 21.2146472931, 15.9525165558, 12.0518655777, 13.7157230377, 11.1853618622, 10.1774301529, 7.31971502304, 7.47462081909, 6.32797288895, 7.00359535217, 3.65835738182, 3.86212277412, 3.30916833878, 2.50109648705, 1.49628198147, 0.292698651552, 0.104330003262, 0.0223810188472, 0.00128271477297, 4.08679625252e-05, 1.91950221051e-05],
        "dvar": [0.0300178844482, 2.48120069504, 9.25556945801, 72.6587219238, 80.8431472778, 107.031089783, 360.015716553, 767.802062988, 2299.24023438, 2107.12353516, 5096.32421875, 7930.41650391, 10027.7949219, 14167.0478516, 5599.85791016, 1771.62341309, 3197.15039062, 2541.45092773, 999.367370605, 1158.97827148, 749.275268555, 187.327575684, 833.535522461, 472.196777344, 295.36706543, 177.087249756, 449.903930664, 377.749237061, 373.486694336, 136.270492554, 167.275466919, 146.600128174, 121.649497986, 50.6809043884, 0.563251614571, 0.0710568875074, 0.00332352030091, 1.01953946796e-05, 8.88531026533e-09, 2.30078428531e-10],
        "dvar2": [0.0812857970595, 7.20363998413, 26.1321220398, 207.623306274, 213.12677002, 262.212310791, 854.616088867, 1757.93994141, 5069.56835938, 4334.66015625, 11520.0097656, 18704.0371094, 27939.5195312, 34992.5429688, 15245.9873047, 4721.44189453, 7861.41357422, 5795.40917969, 2368.56665039, 3129.38452148, 1778.48120117, 386.925048828, 1877.30981445, 1000.48254395, 677.01385498, 411.327758789, 1077.17089844, 560.012817383, 765.607116699, 279.167236328, 264.394378662, 251.440673828, 229.198410034, 131.647201538, 1.22213459015, 0.133654743433, 0.00744965393096, 2.2580012228e-05, 1.86846360606e-08, 4.69773053791e-10],
        "max": [1.74972188473, 15.7883014679, 34.239440918, 99.6140289307, 95.2215194702, 163.473144531, 287.292999268, 371.783599854, 625.637817383, 970.384399414, 822.117675781, 1701.48828125, 1358.18774414, 2043.77307129, 1504.50183105, 621.960144043, 1014.65893555, 861.197631836, 556.838867188, 652.434631348, 829.688293457, 226.171920776, 812.717163086, 483.074737549, 250.802001953, 200.488021851, 497.943328857, 577.11517334, 352.212280273, 297.542236328, 267.969116211, 313.319396973, 247.926971436, 198.03755188, 16.1558189392, 5.30543470383, 1.21053409576, 0.0667347237468, 0.00197364576161, 0.000287934963126],
        "mean": [0.400152623653, 3.47472381592, 4.10947608948, 6.33930397034, 6.88566160202, 10.729763031, 16.3694648743, 23.0370979309, 34.0624771118, 45.4525489807, 71.1134719849, 80.5398864746, 107.723884583, 115.553642273, 66.2142486572, 46.2416038513, 49.1999359131, 48.5171279907, 32.3508834839, 22.3011035919, 21.6713848114, 15.8586359024, 15.3032855988, 13.4440479279, 12.103392601, 9.09204673767, 8.2609539032, 8.24500274658, 7.41472053528, 4.10097026825, 4.66380023956, 3.75896763802, 2.56113171577, 1.23177731037, 0.280852645636, 0.100841276348, 0.0210839565843, 0.00117081229109, 6.12354488112e-05, 5.77142709517e-05],
        "median": [0.365635484457, 3.23015880585, 2.83462548256, 3.10986828804, 2.83403134346, 4.30295991898, 6.84064626694, 9.38348484039, 14.0453100204, 23.8493785858, 30.6304759979, 32.1857414246, 52.3235397339, 48.8250350952, 30.5370807648, 27.7440853119, 27.3480205536, 24.4555454254, 19.4004802704, 13.4822912216, 10.269030571, 9.25014781952, 7.43288612366, 5.9804110527, 4.41291904449, 2.80628848076, 1.76908612251, 1.17159628868, 0.781753838062, 0.452288717031, 0.381098002195, 0.208986744285, 0.0912886112928, 0.0471583679318, 0.0358966216445, 0.0129406405613, 0.00302386516705, 0.000195164975594, 2.98243503494e-05, 5.49206779397e-05],
        "min": [0.000983957084827, 0.0164342783391, 0.0400629602373, 0.106013990939, 0.0199241582304, 0.0482584610581, 0.0245381295681, 0.0265336576849, 0.0874761193991, 0.245542019606, 0.632077515125, 0.408384978771, 1.51197957993, 0.902982771397, 0.798938453197, 0.845914661884, 1.28988921642, 0.529741942883, 0.717479467392, 0.61050850153, 0.394384115934, 0.213423013687, 0.102683149278, 0.107973411679, 0.0630717948079, 0.033694408834, 0.0329207070172, 0.0168878082186, 0.00415919255465, 0.00628827605397, 0.00489364052191, 0.000612778763752, 0.000222115544602, 5.43321330042e-05, 1.39477242556e-05, 1.1825331967e-05, 3.37466758538e-06, 7.00210307514e-07, 1.41214741234e-06, 2.92962636195e-06],
        "var": [0.0823553353548, 4.67980051041, 16.6941509247, 82.6371841431, 116.930053711, 355.943145752, 735.990112305, 1537.83483887, 4301.04345703, 5155.21142578, 12026.3798828, 22544.5957031, 24011.2382812, 40044.3945312, 20695.9882812, 3310.50805664, 5978.81494141, 4941.17822266, 1770.58544922, 1221.84313965, 2881.63427734, 459.869934082, 1044.25488281, 845.643249512, 564.512939453, 368.875549316, 662.132141113, 1059.35192871, 877.409606934, 254.366134644, 425.817474365, 364.918701172, 237.48260498, 57.0933570862, 0.869273841381, 0.1354303509, 0.0056395647116, 1.67959406099e-05, 1.80298194152e-08, 7.72796104886e-10]
    },
    "gfcc": {
        "mean": [13.5359277725, 135.705245972, -128.809951782, 23.1713409424, -49.7059173584, 21.4869976044, -19.2839183807, 15.9991283417, -14.8056755066, 5.3747792244, -9.31572914124, -2.69661927223, -5.16377687454],
        "cov": [[2355.5859375, -1191.86169434, 138.917816162, 352.613830566, -553.381225586, 199.201370239, -303.722442627, 139.849685669, -188.723495483, 23.6533508301, -159.650817871, 91.9084091187, -116.890274048], [-1191.86169434, 1110.27563477, -171.564407349, -300.953887939, 327.53527832, -235.545684814, 195.729156494, -128.056488037, 130.761459351, -52.3843193054, 151.826400757, -50.304813385, 101.548171997], [138.917816162, -171.564407349, 296.017364502, 91.3448562622, -57.8628807068, 61.8986320496, -54.3617515564, 40.8651008606, -33.3767585754, 38.6082611084, -7.1877322197, 51.3697738647, 15.6300964355], [352.613830566, -300.953887939, 91.3448562622, 363.492126465, -87.6938400269, 29.6956806183, -84.8130264282, -42.3666915894, -48.461555481, -22.4333152771, -22.2628288269, -23.6257247925, 8.78187465668], [-553.381225586, 327.53527832, -57.8628807068, -87.6938400269, 275.995758057, -36.5288352966, 89.1905517578, -18.5924625397, 35.5939178467, -1.3126796484, 11.2977180481, -24.7967987061, 9.2796754837], [199.201370239, -235.545684814, 61.8986320496, 29.6956806183, -36.5288352966, 194.976745605, 24.9157562256, 38.9121627808, -29.8881759644, 0.71412807703, -23.4353733063, -3.40258979797, -16.4180088043], [-303.722442627, 195.729156494, -54.3617515564, -84.8130264282, 89.1905517578, 24.9157562256, 180.679428101, 9.51180076599, 49.8352737427, 2.57012653351, 44.3062171936, -3.065294981, 14.8268260956], [139.849685669, -128.056488037, 40.8651008606, -42.3666915894, -18.5924625397, 38.9121627808, 9.51180076599, 133.590652466, 23.9814910889, 30.2591819763, -18.2123756409, 30.5934619904, -1.19697523117], [-188.723495483, 130.761459351, -33.3767585754, -48.461555481, 35.5939178467, -29.8881759644, 49.8352737427, 23.9814910889, 129.295684814, 24.9185504913, 35.4720802307, 2.65338182449, 14.1996431351], [23.6533508301, -52.3843193054, 38.6082611084, -22.4333152771, -1.3126796484, 0.71412807703, 2.57012653351, 30.2591819763, 24.9185504913, 101.355194092, 17.5393867493, 29.2003822327, -7.32896232605], [-159.650817871, 151.826400757, -7.1877322197, -22.2628288269, 11.2977180481, -23.4353733063, 44.3062171936, -18.2123756409, 35.4720802307, 17.5393867493, 120.315429688, 24.6465568542, 34.1455688477], [91.9084091187, -50.304813385, 51.3697738647, -23.6257247925, -24.7967987061, -3.40258979797, -3.065294981, 30.5934619904, 2.65338182449, 29.2003822327, 24.6465568542, 92.0456924438, 13.5808067322], [-116.890274048, 101.548171997, 15.6300964355, 8.78187465668, 9.2796754837, -16.4180088043, 14.8268260956, -1.19697523117, 14.1996431351, -7.32896232605, 34.1455688477, 13.5808067322, 90.3151855469]],
        "icov": [[0.0015909728827, -0.000254058482824, 0.00106246641371, -0.0012849929044, 0.00230604526587, -0.00110054272227, 0.00110393180512, -0.00160671374761, 0.00108959141653, -0.000507310556713, 0.000915129203349, -0.00181516504381, 0.00136080640368], [-0.000254058482824, 0.00718822749332, -0.00218736520037, 0.0050279754214, -0.00463998876512, 0.006157877855, -0.00314929941669, 0.0050388853997, -0.00243731401861, 0.00391275202855, -0.00453719031066, 0.00461694272235, -0.00461963191628], [0.00106246641371, -0.00218736520037, 0.00636533461511, -0.00336260092445, 0.0025334758684, -0.00389206386171, 0.00277800299227, -0.0032897926867, 0.00213071890175, -0.00299717532471, 0.00190063728951, -0.00471500819549, 0.00100460601971], [-0.0012849929044, 0.0050279754214, -0.00336260092445, 0.00811681058258, -0.00396333541721, 0.00443581072614, -0.00181108852848, 0.0058572134003, -0.00231672171503, 0.00337762525305, -0.003580926219, 0.00574346352369, -0.00480667408556], [0.00230604526587, -0.00463998876512, 0.0025334758684, -0.00396333541721, 0.010819398798, -0.00409888103604, 0.000975903996732, -0.00438635144383, 0.00269488897175, -0.00339342048392, 0.00482361763716, -0.0039196643047, 0.00414014654234], [-0.00110054272227, 0.006157877855, -0.00389206386171, 0.00443581072614, -0.00409888103604, 0.0128942308947, -0.00608243141323, 0.0030840174295, -0.000767494086176, 0.0037737020757, -0.0036681345664, 0.0062322774902, -0.00342478626408], [0.00110393180512, -0.00314929941669, 0.00277800299227, -0.00181108852848, 0.000975903996732, -0.00608243141323, 0.0113112144172, -0.00345492246561, -0.000365423999028, -0.00136299512815, -0.000359777564881, -0.003045785008, 0.0020972667262], [-0.00160671374761, 0.0050388853997, -0.0032897926867, 0.0058572134003, -0.00438635144383, 0.0030840174295, -0.00345492246561, 0.0157064739615, -0.00535412924364, 0.00133066414855, -0.000498762994539, 0.0019138638163, -0.00510805984959], [0.00108959141653, -0.00243731401861, 0.00213071890175, -0.00231672171503, 0.00269488897175, -0.000767494086176, -0.000365423999028, -0.00535412924364, 0.0123049439862, -0.00376148661599, -0.000158612267114, -0.0010884135263, 0.00156356836669], [-0.000507310556713, 0.00391275202855, -0.00299717532471, 0.00337762525305, -0.00339342048392, 0.0037737020757, -0.00136299512815, 0.00133066414855, -0.00376148661599, 0.0150207672268, -0.00455389590934, 0.000504596740939, -0.000133522698889], [0.000915129203349, -0.00453719031066, 0.00190063728951, -0.003580926219, 0.00482361763716, -0.0036681345664, -0.000359777564881, -0.000498762994539, -0.000158612267114, -0.00455389590934, 0.0157155506313, -0.00680444249883, -6.78094584146e-05], [-0.00181516504381, 0.00461694272235, -0.00471500819549, 0.00574346352369, -0.0039196643047, 0.0062322774902, -0.003045785008, 0.0019138638163, -0.0010884135263, 0.000504596740939, -0.00680444249883, 0.0202444046736, -0.00548141635954], [0.00136080640368, -0.00461963191628, 0.00100460601971, -0.00480667408556, 0.00414014654234, -0.00342478626408, 0.0020972667262, -0.00510805984959, 0.00156356836669, -0.000133522698889, -6.78094584146e-05, -0.00548141635954, 0.0174545291811]]
    },
    "melbands": {
        "dmean": [0.00112617318518, 0.00103578844573, 0.000746450270526, 0.000333279982442, 0.000299401639495, 0.000309696653858, 0.000303795473883, 0.000309272203594, 0.000330091221258, 0.000277805171208, 0.000291029398795, 0.000257599778706, 0.000120394368423, 6.90338056302e-05, 6.19173442828e-05, 5.44308204553e-05, 5.48746284039e-05, 3.07162808895e-05, 2.31170888583e-05, 1.75105760718e-05, 1.16812361739e-05, 9.31278191274e-06, 8.39536369313e-06, 7.5190177995e-06, 6.35054448139e-06, 5.19829609402e-06, 4.5658516683e-06, 3.27907696374e-06, 3.39513417202e-06, 2.97445717479e-06, 2.88301021101e-06, 2.96151506518e-06, 1.93997652786e-06, 1.58923967319e-06, 1.77048730166e-06, 1.5525957906e-06, 1.63512186191e-06, 1.43684417253e-06, 1.18838602248e-06, 7.54582231366e-07],
        "dmean2": [0.0018033857923, 0.00174333213363, 0.00126408040524, 0.000546107883565, 0.00047921994701, 0.000478554051369, 0.000474592350656, 0.000478129863041, 0.000509522273205, 0.000440664327471, 0.000487422861625, 0.000406407605624, 0.000190069360542, 0.000112071727926, 0.000100963334262, 9.01598687051e-05, 8.94915065146e-05, 4.83441763208e-05, 3.78642071155e-05, 2.78802945104e-05, 1.9148174033e-05, 1.43460829349e-05, 1.35967884489e-05, 1.11246790766e-05, 1.00570750874e-05, 8.26726227388e-06, 7.03389059709e-06, 4.97726341564e-06, 5.13584518558e-06, 4.51252799394e-06, 3.77416517949e-06, 4.66560095447e-06, 2.61650939137e-06, 2.27226428251e-06, 2.40534109253e-06, 2.11541737372e-06, 2.19873641072e-06, 1.95587790586e-06, 1.87131922758e-06, 1.18043533348e-06],
        "dvar": [2.85482315121e-06, 2.52623749475e-06, 2.07778543881e-06, 3.0058740208e-07, 3.18425918522e-07, 3.71523213971e-07, 4.76475378264e-07, 3.17740727951e-07, 3.69803302647e-07, 3.20139832866e-07, 2.59360803057e-07, 2.57701628925e-07, 6.24379978831e-08, 3.00140250431e-08, 1.11285807236e-08, 1.09035243057e-08, 1.08288231715e-08, 3.4955405237e-09, 2.12049111603e-09, 1.83986959001e-09, 1.09954012562e-09, 2.70117678225e-10, 4.33448055226e-10, 6.02061178689e-10, 3.54760110177e-10, 2.21140564194e-10, 1.75335357344e-10, 7.50379897108e-11, 2.19224013942e-10, 1.34173505639e-10, 1.39218150896e-10, 1.62353921973e-10, 6.31898908199e-11, 5.58818755159e-11, 6.91592061397e-11, 5.27149608687e-11, 7.48038575527e-11, 7.43330674791e-11, 6.4118786669e-11, 3.47973039272e-11],
        "dvar2": [7.84800249676e-06, 7.23155835658e-06, 5.89799174122e-06, 7.4148550766e-07, 7.72262637838e-07, 8.61376065586e-07, 1.10935161501e-06, 6.59627914956e-07, 8.65706169861e-07, 7.65526522173e-07, 7.17428804364e-07, 6.38993356006e-07, 1.5804427278e-07, 7.94176600039e-08, 2.9852422756e-08, 2.55208263411e-08, 2.52348986152e-08, 7.96177346274e-09, 5.61872237625e-09, 4.42707603909e-09, 2.61622390418e-09, 5.62858593067e-10, 9.428924308e-10, 1.24105603572e-09, 7.86761267246e-10, 5.45004097408e-10, 4.12843925712e-10, 1.82392920212e-10, 5.620737209e-10, 2.50910237032e-10, 2.03322261805e-10, 3.62436247681e-10, 1.11367637334e-10, 1.24071725116e-10, 1.11666682845e-10, 9.57126461421e-11, 1.3235279539e-10, 1.48611178918e-10, 1.55561216686e-10, 9.21324405656e-11],
        "max": [0.0182738862932, 0.0155564323068, 0.0156231531873, 0.00730204675347, 0.0075244018808, 0.00832637026906, 0.00825899839401, 0.0112694464624, 0.00741115678102, 0.0101691680029, 0.00670263404027, 0.00858055334538, 0.00489624915645, 0.00417535565794, 0.00154342199676, 0.00177802296821, 0.00153938715812, 0.00101199257188, 0.000701038341504, 0.000881201238371, 0.00100244174246, 0.000298541621305, 0.000435713533079, 0.000717234273907, 0.000370621855836, 0.000266026589088, 0.000256696337601, 0.000128583924379, 0.000369146000594, 0.000299980747513, 0.000359367782949, 0.000225043942919, 0.000174411994522, 0.000187134297448, 0.000189468584722, 0.000136474540341, 0.000249874225119, 0.000204653682886, 0.000191343686311, 0.000165188670508],
        "mean": [0.00408036401495, 0.00310273654759, 0.00111238227692, 0.000600940955337, 0.000572134915274, 0.000530226679984, 0.000504599534906, 0.000539097818546, 0.000578271399718, 0.000503285322338, 0.00053481181385, 0.000472389219794, 0.000242435824475, 0.000127808889374, 0.000111260298581, 9.46020008996e-05, 9.32442635531e-05, 5.28486452822e-05, 3.53408577212e-05, 2.98750856018e-05, 2.41610214289e-05, 1.70278890437e-05, 1.43329352795e-05, 1.22008932522e-05, 1.08306012407e-05, 9.01765179151e-06, 7.9744922914e-06, 5.48819662072e-06, 5.13899249199e-06, 4.82746736452e-06, 4.73332147521e-06, 4.50527932117e-06, 3.00482747662e-06, 2.08404139812e-06, 2.80842618849e-06, 2.38093025473e-06, 2.2988983801e-06, 1.78335176315e-06, 1.55202621954e-06, 8.67273456606e-07],
        "median": [0.00390779739246, 0.00276443874463, 0.00055945746135, 0.000259921449469, 0.000237368032685, 0.000226028903853, 0.000212394050322, 0.000270530174021, 0.000237656175159, 0.000185454293387, 0.000232807884458, 0.000190376362298, 0.000100262528576, 7.00883174432e-05, 6.62759557599e-05, 5.05961907038e-05, 4.46370322607e-05, 2.94350211334e-05, 2.15500676859e-05, 1.40346119224e-05, 1.06275974758e-05, 9.56123403739e-06, 7.05079037289e-06, 5.56453460376e-06, 4.42625832875e-06, 3.25120868183e-06, 2.66525194093e-06, 1.64287723692e-06, 1.16210708256e-06, 8.27815540561e-07, 6.12438270764e-07, 4.54425105545e-07, 3.27891740426e-07, 2.07450497669e-07, 2.24098968715e-07, 1.70497415297e-07, 1.06442811898e-07, 6.91047716828e-08, 3.80429874269e-08, 3.56308547111e-08],
        "min": [9.66971492744e-06, 2.16255684791e-05, 8.94087497727e-06, 1.87971295418e-06, 1.0812717619e-06, 4.70304485134e-07, 9.9420128663e-07, 4.35282618128e-06, 4.09551603298e-06, 1.73090461431e-06, 4.89751118948e-06, 2.96021607937e-06, 1.86598731489e-06, 3.4318904909e-06, 1.5668663309e-06, 2.36913410845e-06, 3.47273243051e-07, 8.27398253023e-07, 1.28761678297e-06, 2.8954445952e-07, 3.22691420251e-07, 2.14921470842e-07, 1.10573452616e-07, 5.76684193732e-08, 7.1473358787e-08, 6.78837892565e-08, 2.32165291436e-08, 2.18709867994e-08, 1.99282528257e-08, 1.43565559441e-08, 6.81963330251e-09, 6.47895292971e-10, 1.81467396665e-09, 2.48124942814e-09, 2.4628230566e-09, 5.11452602492e-10, 5.72884552297e-11, 3.37687690311e-12, 1.80483163137e-11, 1.14960623486e-12],
