{
"highlevel": {
    "danceability": {
        "all": {
            "danceable": 0.905246078968,
            "not_danceable": 0.0947539359331
        },
        "probability": 0.905246078968,
        "value": "danceable"
    },
    "gender": {
        "all": {
            "female": 0.375627338886,
            "male": 0.624372661114
        },
        "probability": 0.624372661114,
        "value": "male"
    },
    "genre_dortmund": {
        "all": {
            "alternative": 0.0368149317801,
            "blues": 0.385844498873,
            "electronic": 0.0193405337632,
            "folkcountry": 0.0489226393402,
            "funksoulrnb": 0.0853264406323,
            "jazz": 0.0402797870338,
            "pop": 0.0389622226357,
            "raphiphop": 0.100382097065,
            "rock": 0.244126841426
        },
        "probability": 0.385844498873,
        "value": "blues"
    },
    "genre_electronic": {
        "all": {
            "ambient": 0.622971534729,
            "dnb": 0.24977992475,
            "house": 0.0424282178283,
            "techno": 0.00556848850101,
            "trance": 0.0792518183589
        },
        "probability": 0.622971534729,
        "value": "ambient"
    },
    "genre_rosamerica": {
        "all": {
            "cla": 0.0146784102544,
            "dan": 0.0224175751209,
            "hip": 0.0219593066722,
            "jaz": 0.0147400200367,
            "pop": 0.711020708084,
            "rhy": 0.0485824458301,
            "roc": 0.163362056017,
            "spe": 0.0032394696027
        },
        "probability": 0.711020708084,
        "value": "pop"
    },
    "genre_tzanetakis": {
        "all": {
            "blu": 0.0626541376114,
            "cla": 0.0348133966327,
            "cou": 0.0783501937985,
            "dis": 0.104547761381,
            "hip": 0.15693578124,
            "jaz": 0.313987255096,
            "met": 0.044816005975,
            "pop": 0.0627349764109,
            "reg": 0.0627352520823,
            "roc": 0.0784252434969
        },
        "probability": 0.313987255096,
        "value": "jaz"
    },
    "ismir04_rhythm": {
        "all": {
            "ChaChaCha": 0.0591939687729,
            "Jive": 0.142140552402,
            "Quickstep": 0.203721940517,
            "Rumba-American": 0.0426559299231,
            "Rumba-International": 0.0256881006062,
            "Rumba-Misc": 0.0114371934906,
            "Samba": 0.424799025059,
            "Tango": 0.0445730127394,
            "VienneseWaltz": 0.0268143247813,
            "Waltz": 0.0189759396017
        },
        "probability": 0.424799025059,
        "value": "Samba"
    },
    "mood_acoustic": {
        "all": {
            "acoustic": 0.0384156294167,
            "not_acoustic": 0.96158438921
        },
        "probability": 0.96158438921,
        "value": "not_acoustic"
    },
    "mood_aggressive": {
        "all": {
            "aggressive": 0.485865652561,
            "not_aggressive": 0.514134347439
        },
        "probability": 0.514134347439,
        "value": "not_aggressive"
    },
    "mood_electronic": {
        "all": {
            "electronic": 0.405673921108,
            "not_electronic": 0.594326078892
        },
        "probability": 0.594326078892,
        "value": "not_electronic"
    },
    "mood_happy": {
        "all": {
            "happy": 0.434093862772,
            "not_happy": 0.565906107426
        },
        "probability": 0.565906107426,
        "value": "not_happy"
    },
    "mood_party": {
        "all": {
            "not_party": 0.341144979,
            "party": 0.658855021
        },
        "probability": 0.658855021,
        "value": "party"
    },
    "mood_relaxed": {
        "all": {
            "not_relaxed": 0.940216600895,
            "relaxed": 0.0597833879292
        },
        "probability": 0.940216600895,
        "value": "not_relaxed"
    },
    "mood_sad": {
        "all": {
            "not_sad": 0.698283433914,
            "sad": 0.301716566086
        },
        "probability": 0.698283433914,
        "value": "not_sad"
    },
    "moods_mirex": {
        "all": {
            "Cluster1": 0.153478220105,
            "Cluster2": 0.176850140095,
            "Cluster3": 0.112758845091,
            "Cluster4": 0.288088530302,
            "Cluster5": 0.268824249506
        },
        "probability": 0.288088530302,
        "value": "Cluster4"
    },
    "timbre": {
        "all": {
            "bright": 0.657411873341,
            "dark": 0.342588126659
        },
        "probability": 0.657411873341,
        "value": "bright"
    },
    "tonal_atonal": {
        "all": {
            "atonal": 0.115182958543,
            "tonal": 0.884817063808
        },
        "probability": 0.884817063808,
        "value": "tonal"
    },
    "voice_instrumental": {
        "all": {
            "instrumental": 0.0386009588838,
            "voice": 0.961399018764
        },
        "probability": 0.961399018764,
        "value": "voice"
    }
},
"lowlevel": {
    "average_loudness": 0.961733579636,
    "barkbands_crest": {
        "dmean": 2.77179765701,
        "dmean2": 4.53859424591,
        "dvar": 6.70838594437,
        "dvar2": 17.599855423,
        "max": 23.4603118896,
        "mean": 9.77853107452,
        "median": 9.05419635773,
        "min": 2.29056024551,
        "var": 17.07056427
    },
    "barkbands_flatness_db": {
        "dmean": 0.0198106337339,
        "dmean2": 0.0315444245934,
        "dvar": 0.000376172247343,
        "dvar2": 0.000937558652367,
        "max": 0.292893886566,
        "mean": 0.138796702027,
        "median": 0.130289152265,
        "min": 0.0420371443033,
        "var": 0.00201895646751
    },
    "barkbands_kurtosis": {
        "dmean": 1.58124983311,
        "dmean2": 2.59326124191,
        "dvar": 7.67440032959,
        "dvar2": 20.218378067,
        "max": 34.1904335022,
        "mean": 1.23484742641,
        "median": 0.237050056458,
        "min": -1.76549565792,
        "var": 10.449388504
    },
    "barkbands_skewness": {
        "dmean": 0.482975393534,
        "dmean2": 0.738527715206,
        "dvar": 0.280391484499,
        "dvar2": 0.680713832378,
        "max": 5.48255586624,
        "mean": 0.682649254799,
        "median": 0.698247849941,
        "min": -3.02530241013,
        "var": 1.3156170845
    },
    "barkbands_spread": {
        "dmean": 5.957280159,
        "dmean2": 9.07023525238,
        "dvar": 40.7795448303,
        "dvar2": 87.8018341064,
        "max": 95.4317169189,
        "mean": 27.0304889679,
        "median": 25.3388195038,
        "min": 3.04803538322,
        "var": 194.253631592
    },
    "dissonance": {
        "dmean": 0.0159392543137,
        "dmean2": 0.0269249286503,
        "dvar": 0.000247447489528,
        "dvar2": 0.00066877406789,
        "max": 0.499546676874,
        "mean": 0.470164239407,
        "median": 0.476438134909,
        "min": 0.30840203166,
        "var": 0.000572858087253
    },
    "dynamic_complexity": 2.88541555405,
    "erbbands_crest": {
        "dmean": 2.83478808403,
        "dmean2": 4.51234912872,
        "dvar": 7.55818557739,
        "dvar2": 17.199968338,
        "max": 29.6074771881,
        "mean": 9.40010261536,
        "median": 7.93206644058,
        "min": 2.57964968681,
        "var": 26.8785972595
    },
    "erbbands_flatness_db": {
        "dmean": 0.020847177133,
        "dmean2": 0.0296235885471,
        "dvar": 0.000437670823885,
        "dvar2": 0.000825670198537,
        "max": 0.351110070944,
        "mean": 0.176263198256,
        "median": 0.164528682828,
        "min": 0.0575581341982,
        "var": 0.00417591445148
    },
    "erbbands_kurtosis": {
        "dmean": 0.98423820734,
        "dmean2": 1.46643030643,
        "dvar": 1.60979354382,
        "dvar2": 3.16501951218,
        "max": 23.5312080383,
        "mean": 0.971919298172,
        "median": 0.069319486618,
        "min": -1.62106466293,
        "var": 8.89574813843
    },
    "erbbands_skewness": {
        "dmean": 0.319074094296,
        "dmean2": 0.477426528931,
        "dvar": 0.0788484215736,
        "dvar2": 0.167883619666,
        "max": 2.68623375893,
        "mean": -0.0384922660887,
        "median": -0.0307379942387,
        "min": -3.27073717117,
        "var": 0.655268907547
    },
    "erbbands_spread": {
        "dmean": 7.40402698517,
        "dmean2": 11.0453166962,
        "dvar": 82.1201934814,
        "dvar2": 178.761657715,
        "max": 124.139801025,
        "mean": 31.0156879425,
        "median": 28.8121948242,
        "min": 3.86777114868,
        "var": 312.10067749
    },
    "hfc": {
        "dmean": 8.68199539185,
        "dmean2": 12.8485717773,
        "dvar": 140.602874756,
        "dvar2": 322.09072876,
        "max": 123.632118225,
        "mean": 27.189491272,
        "median": 23.0173339844,
        "min": 0.00832094997168,
        "var": 389.805084229
    },
    "melbands_crest": {
        "dmean": 3.70413374901,
        "dmean2": 6.19073057175,
        "dvar": 12.5256652832,
        "dvar2": 35.7377433777,
        "max": 31.9557361603,
        "mean": 13.579454422,
        "median": 12.5091648102,
        "min": 3.25396633148,
        "var": 29.9972991943
    },
    "melbands_flatness_db": {
        "dmean": 0.0232333634049,
        "dmean2": 0.0365389622748,
        "dvar": 0.000607609166764,
        "dvar2": 0.00147832150105,
        "max": 0.392627805471,
        "mean": 0.172597646713,
        "median": 0.166049093008,
        "min": 0.025766633451,
        "var": 0.0028947009705
    },
    "melbands_kurtosis": {
        "dmean": 4.47530078888,
        "dmean2": 7.48911094666,
        "dvar": 100.776176453,
        "dvar2": 261.563201904,
        "max": 123.255203247,
        "mean": 6.04227781296,
        "median": 2.41697359085,
        "min": -1.7538228035,
        "var": 123.612312317
    },
    "melbands_skewness": {
        "dmean": 0.682758748531,
        "dmean2": 1.06862103939,
        "dvar": 0.755752682686,
        "dvar2": 1.81058239937,
        "max": 10.3466176987,
        "mean": 1.69078528881,
        "median": 1.50437915325,
        "min": -1.80879807472,
        "var": 2.42521262169
    },
    "melbands_spread": {
        "dmean": 7.90281629562,
        "dmean2": 12.1920156479,
        "dvar": 67.9180908203,
        "dvar2": 154.311126709,
        "max": 97.29737854,
        "mean": 33.7609291077,
        "median": 32.4715499878,
        "min": 2.34869599342,
        "var": 302.984222412
    },
    "pitch_salience": {
        "dmean": 0.0735536143184,
        "dmean2": 0.121187254786,
        "dvar": 0.00428004236892,
        "dvar2": 0.0115150595084,
        "max": 0.848042368889,
        "mean": 0.550792276859,
        "median": 0.552738547325,
        "min": 0.188711211085,
        "var": 0.0124549670145
    },
    "silence_rate_20dB": {
        "dmean": 0,
        "dmean2": 0,
        "dvar": 0,
        "dvar2": 0,
        "max": 1,
        "mean": 1,
        "median": 1,
        "min": 1,
        "var": 0
    },
    "silence_rate_30dB": {
        "dmean": 0,
        "dmean2": 0,
        "dvar": 0,
        "dvar2": 0,
        "max": 1,
        "mean": 1,
        "median": 1,
        "min": 1,
        "var": 0
    },
    "silence_rate_60dB": {
        "dmean": 0.0239938087761,
        "dmean2": 0.0472501926124,
        "dvar": 0.0234182141721,
        "dvar2": 0.0527631565928,
        "max": 1,
        "mean": 0.0425367355347,
        "median": 0,
        "min": 0,
        "var": 0.0407267771661
    },
    "spectral_centroid": {
        "dmean": 225.744842529,
        "dmean2": 338.642456055,
        "dvar": 46952.4101562,
        "dvar2": 99364.265625,
        "max": 3193.37011719,
        "mean": 1783.82910156,
        "median": 1817.07775879,
        "min": 392.667938232,
        "var": 308962.1875
    },
    "spectral_complexity": {
        "dmean": 3.75232195854,
        "dmean2": 5.62974452972,
        "dvar": 14.5764741898,
        "dvar2": 28.7784481049,
        "max": 55,
        "mean": 23.0255222321,
        "median": 23,
        "min": 0,
        "var": 89.7665405273
    },
    "spectral_decrease": {
        "dmean": 2.45130160614e-09,
        "dmean2": 4.03048172615e-09,
        "dvar": 1.51797254242e-17,
        "dvar2": 3.95276262817e-17,
        "max": -1.28860344704e-12,
        "mean": -6.37539132597e-09,
        "median": -5.25679944019e-09,
        "min": -2.87998300763e-08,
        "var": 2.40667487847e-17
    },
    "spectral_energy": {
        "dmean": 0.00986649934202,
        "dmean2": 0.0161156449467,
        "dvar": 0.0002334585879,
        "dvar2": 0.000601821986493,
        "max": 0.112218253314,
        "mean": 0.0265283640474,
        "median": 0.0218866299838,
        "min": 5.61820388612e-06,
        "var": 0.000390862143831
    },
    "spectral_energyband_high": {
        "dmean": 0.000367995497072,
        "dmean2": 0.000561931403354,
        "dvar": 5.76756974624e-07,
        "dvar2": 1.51561835082e-06,
        "max": 0.00736507261172,
        "mean": 0.000798174878582,
        "median": 0.000423961231718,
        "min": 5.9052325696e-08,
        "var": 1.04327591544e-06
    },
    "spectral_energyband_low": {
        "dmean": 0.00542441336438,
        "dmean2": 0.00942619983107,
        "dvar": 0.000161625532201,
        "dvar2": 0.000442470249254,
        "max": 0.101971209049,
        "mean": 0.00841576326638,
        "median": 0.00447707390413,
        "min": 7.51496642692e-09,
        "var": 0.000162142983754
    },
    "spectral_energyband_middle_high": {
        "dmean": 0.00374898058362,
        "dmean2": 0.00537202879786,
        "dvar": 3.11046460411e-05,
        "dvar2": 6.4005398599e-05,
        "max": 0.0653722509742,
        "mean": 0.00998400431126,
        "median": 0.00635356223211,
        "min": 2.73440059573e-06,
        "var": 9.86233062577e-05
    },
    "spectral_energyband_middle_low": {
        "dmean": 0.00413989787921,
        "dmean2": 0.00681148050353,
        "dvar": 4.99174384458e-05,
        "dvar2": 0.000129148713313,
        "max": 0.0660632252693,
        "mean": 0.00796901062131,
        "median": 0.00574074685574,
        "min": 2.69701104116e-06,
        "var": 6.7653687438e-05
    },
    "spectral_entropy": {
        "dmean": 0.146031424403,
        "dmean2": 0.211644887924,
        "dvar": 0.0219972673804,
        "dvar2": 0.0413245260715,
        "max": 8.54511356354,
        "mean": 7.55677938461,
        "median": 7.59267950058,
        "min": 6.2791519165,
        "var": 0.187853366137
    },
    "spectral_flux": {
        "dmean": 0.0292102303356,
        "dmean2": 0.0459028668702,
        "dvar": 0.00124794733711,
        "dvar2": 0.00263194530271,
        "max": 0.299362361431,
        "mean": 0.0903265848756,
        "median": 0.0811754241586,
        "min": 0.00154665263835,
        "var": 0.00269807898439
    },
    "spectral_kurtosis": {
        "dmean": 2.2674164772,
        "dmean2": 3.71312403679,
        "dvar": 12.4805650711,
        "dvar2": 34.7496490479,
        "max": 53.3998069763,
        "mean": 6.66539335251,
        "median": 5.40357208252,
        "min": -0.575810194016,
        "var": 32.3950195312
    },
    "spectral_rms": {
        "dmean": 0.000865993206389,
        "dmean2": 0.00135887332726,
        "dvar": 1.28047429371e-06,
        "dvar2": 3.01492400467e-06,
        "max": 0.0104633271694,
        "mean": 0.00472615892068,
        "median": 0.00462091015652,
        "min": 7.40349569242e-05,
        "var": 3.54478947884e-06
    },
    "spectral_rolloff": {
        "dmean": 539.247924805,
        "dmean2": 894.438049316,
        "dvar": 802712.625,
        "dvar2": 1730786.25,
        "max": 10874.2675781,
        "mean": 2034.59533691,
        "median": 1873.38867188,
        "min": 86.1328125,
        "var": 2015244.625
    },
    "spectral_skewness": {
        "dmean": 0.25841537118,
        "dmean2": 0.416284173727,
        "dvar": 0.0894032120705,
        "dvar2": 0.237869411707,
        "max": 5.09115695953,
        "mean": 1.73706674576,
        "median": 1.70002305508,
        "min": 0.230630338192,
        "var": 0.274571537971
    },
    "spectral_spread": {
        "dmean": 623895.625,
        "dmean2": 879393.9375,
        "dvar": 643833528320,
        "dvar2": 1.16733313024e+12,
        "max": 14875289,
        "mean": 4205251,
        "median": 3896612,
        "min": 1052853.875,
        "var": 3.22991764275e+12
    },
    "spectral_strongpeak": {
        "dmean": 0.921526253223,
        "dmean2": 1.52149987221,
        "dvar": 1.98396384716,
        "dvar2": 4.65701246262,
        "max": 10.8539981842,
        "mean": 1.52265965939,
        "median": 0.471134901047,
        "min": 0.0123350657523,
        "var": 3.91492581367
    },
    "zerocrossingrate": {
        "dmean": 0.0102739362046,
        "dmean2": 0.0120096011087,
        "dvar": 0.000147256811033,
        "dvar2": 0.000161705640494,
        "max": 0.23779296875,
        "mean": 0.0758622139692,
        "median": 0.07275390625,
        "min": 0.0087890625,
        "var": 0.00112941488624
    },
    "barkbands": {
        "dmean": [0.000344419560861, 0.00399700412527, 0.00131856976077, 0.000983608653769, 0.0011697250884, 0.000617729208898, 0.000648290384561, 0.00135596201289, 0.000624980777502, 0.00114184466656, 0.000497038709, 0.00123631744646, 0.000389560969779, 0.000603710243013, 0.00071930186823, 0.000439217168605, 0.000558805128094, 0.000365491054254, 0.000309205934172, 0.000147408150951, 8.29047421576e-05, 8.08091499493e-05, 6.64719409542e-05, 7.58993337513e-05, 7.81399503467e-05, 3.43996980519e-05, 1.45308423072e-08],
        "dmean2": [0.000564965070225, 0.0069886688143, 0.0023759806063, 0.00174925825559, 0.00196146615781, 0.00100736820605, 0.00101514963899, 0.00221687974408, 0.00104451016523, 0.00180845346767, 0.000787224620581, 0.00185497757047, 0.000627581961453, 0.000978288939223, 0.0011156272376, 0.000680858734995, 0.000886668916792, 0.000564153771847, 0.000471382198157, 0.000222604125156, 0.00014097665553, 0.000135639609653, 0.000107247382402, 0.000118446085253, 0.00011620951409, 5.07797049067e-05, 2.80282677068e-08],
        "dvar": [7.19698334706e-07, 8.48583513289e-05, 1.67389753187e-05, 6.16937768427e-06, 9.77705076366e-06, 2.59242983702e-06, 2.15642967305e-06, 7.92506307334e-06, 3.14138492286e-06, 9.5915829661e-06, 2.12903955799e-06, 1.24121470435e-05, 6.58431531519e-07, 2.61218519881e-06, 2.61200875684e-06, 6.43805378786e-07, 1.0973138842e-06, 4.65209950562e-07, 2.14916695995e-07, 4.66470808647e-08, 3.895927847e-08, 3.43511494805e-08, 2.94260864564e-08, 2.61777550747e-08, 2.28630714361e-08, 4.0246885824e-09, 2.19075737504e-14],
        "dvar2": [1.75947741354e-06, 0.000236031744862, 4.71057610412e-05, 1.70409111888e-05, 2.59892094618e-05, 6.3974234763e-06, 4.92347044201e-06, 2.03486288228e-05, 8.38681262394e-06, 2.20557831199e-05, 5.44471868125e-06, 2.67721807177e-05, 1.47712273701e-06, 6.64240269543e-06, 5.58725696465e-06, 1.43726992974e-06, 2.54375345321e-06, 1.0795685057e-06, 4.77408605093e-07, 1.05554015306e-07, 1.08449121683e-07, 9.69721156707e-08, 8.16530132397e-08, 6.90882302479e-08, 4.35295532952e-08, 8.97688856583e-09, 6.53534640142e-14],
        "max": [0.00855109747499, 0.0825340151787, 0.0452141016722, 0.020556602627, 0.0415610298514, 0.03070089221, 0.0212618112564, 0.0367514528334, 0.0344963036478, 0.0456871092319, 0.0206381846219, 0.0520067587495, 0.0112722916529, 0.0252222623676, 0.0210962183774, 0.0137978959829, 0.0186403617263, 0.00936444755644, 0.00614781910554, 0.00281111430377, 0.00181089737453, 0.00192314060405, 0.00283881695941, 0.00207190751098, 0.00336083560251, 0.000948762288317, 3.43938631886e-06],
        "mean": [0.000427871273132, 0.00634163571522, 0.00122051872313, 0.000976908835582, 0.00164743268397, 0.00118291436229, 0.00107284844853, 0.00186668604147, 0.000806966505479, 0.00169627927244, 0.000685947597958, 0.00212611933239, 0.000515813822858, 0.000767117075156, 0.00112065521535, 0.000814001716208, 0.000993772293441, 0.000624005566351, 0.000657977943774, 0.000268253294053, 0.000115942937555, 0.000131290202262, 0.00011421131785, 0.000149244413478, 0.000147961312905, 5.60134831176e-05, 8.09408806646e-09],
        "median": [3.32094823534e-05, 0.00262160878628, 0.000354958348908, 0.000287147209747, 0.000731279200409, 0.000494222913403, 0.000418851326685, 0.000694029557053, 0.00039858254604, 0.000469899328891, 0.000268728559604, 0.000339078193065, 0.000245245784754, 0.000359150319127, 0.000298295897665, 0.000416938331909, 0.000493785366416, 0.000314567761961, 0.000380809913622, 0.000155477100634, 4.39722534793e-05, 5.67143288208e-05, 4.94675186928e-05, 4.69404149044e-05, 5.50079093955e-05, 1.9895243895e-05, 3.08129299853e-10],
        "min": [8.10408740115e-10, 1.8300160276e-09, 1.14617215718e-09, 1.15580633953e-09, 1.88677816482e-07, 5.14279570041e-08, 3.86243414141e-07, 5.87820068176e-07, 1.40027196949e-07, 1.59001103839e-07, 2.14943316479e-08, 1.87688868891e-08, 3.75597295488e-08, 2.31472128576e-07, 2.15584762486e-07, 6.58784927055e-07, 3.05286391722e-07, 2.51438052601e-07, 1.08233642493e-07, 5.6620852007e-08, 5.89544235652e-09, 6.73872513346e-09, 6.09242656324e-09, 5.90801962908e-10, 2.05935282716e-10, 5.62458196338e-12, 7.74824822358e-12],
        "var": [9.77895069809e-07, 9.03213658603e-05, 1.14127287816e-05, 4.51948790214e-06, 9.42433143791e-06, 5.59296859137e-06, 4.13533780375e-06, 1.24548241729e-05, 2.63731658379e-06, 1.36391308843e-05, 2.8213078167e-06, 3.35363256454e-05, 8.86373129561e-07, 2.52815812019e-06, 5.00523492519e-06, 1.48009769418e-06, 2.06965682992e-06, 8.02909028152e-07, 6.2157425873e-07, 1.11957426441e-07, 3.99635204928e-08, 3.96504020728e-08, 3.49110536035e-08, 5.43250457952e-08, 6.03521357334e-08, 8.79781314467e-09, 1.11398249566e-14]
    },
    "erbbands": {
        "dmean": [0.141208991408, 0.825434744358, 1.49884104729, 2.59067845345, 3.59817099571, 4.14045381546, 4.29803705215, 4.86998748779, 8.06819343567, 17.7041053772, 27.619764328, 14.723361969, 22.3341903687, 33.9331550598, 22.171957016, 56.6972770691, 19.4305725098, 31.3253040314, 33.4908790588, 25.0632972717, 24.0326919556, 25.1608600616, 21.1831855774, 14.6193141937, 14.0174455643, 5.90788555145, 3.19298553467, 3.53748011589, 2.92466211319, 2.4423532486, 1.82709085941, 1.7341864109, 1.24508655071, 0.881664574146, 0.606056630611, 0.224474877119, 0.0522145181894, 0.00300088012591, 6.68392240186e-05, 1.41561476994e-05],
        "dmean2": [0.245958894491, 1.43623757362, 2.6526350975, 4.62121534348, 6.12605524063, 7.03255462646, 7.08401012421, 8.10550880432, 12.560500145, 28.237903595, 46.5789489746, 24.4730167389, 36.1773033142, 51.1714439392, 33.3748321533, 85.1090393066, 30.6698474884, 49.6902275085, 51.6878128052, 38.3761749268, 37.8063774109, 39.1229400635, 32.0086746216, 22.2105484009, 21.3575935364, 9.00212287903, 5.27583694458, 6.09729671478, 4.91167402267, 3.97644710541, 2.92691159248, 2.78891563416, 1.9116975069, 1.34174990654, 0.902796566486, 0.324349552393, 0.0815583541989, 0.00492291757837, 0.000104744409327, 2.21617301577e-05],
        "dvar": [0.0772438049316, 4.9684138298, 21.0183563232, 49.1071891785, 85.6020584106, 130.243392944, 98.8174743652, 176.257781982, 399.35925293, 1345.61022949, 4417.48388672, 2164.94946289, 7536.95361328, 7142.70507812, 4259.17138672, 26728.4882812, 1327.48376465, 7440.03027344, 6283.74609375, 1595.26147461, 1810.99206543, 2525.06762695, 1681.79174805, 588.768859863, 468.956085205, 73.9812393188, 45.4296302795, 89.7172851562, 44.4301261902, 40.2032089233, 20.1129169464, 15.5799541473, 6.22520685196, 2.92057275772, 1.53107583523, 0.173716172576, 0.0098048504442, 4.2455514631e-05, 1.76028169818e-08, 4.53595466743e-10],
        "dvar2": [0.225543797016, 13.513299942, 58.4793281555, 136.333740234, 222.497848511, 351.145385742, 236.722625732, 438.362457275, 906.978881836, 3169.421875, 11533.1015625, 5825.16943359, 19441.2226562, 14363.3574219, 9163.55273438, 56123.9765625, 3142.34814453, 18777.8984375, 13421.6035156, 3495.98339844, 4234.03955078, 5926.48730469, 3903.31494141, 1185.33398438, 1091.57751465, 171.384338379, 122.436019897, 255.830657959, 126.152664185, 112.680053711, 55.9207382202, 42.7210693359, 15.5372619629, 6.30166339874, 2.76745057106, 0.365353494883, 0.0238178633153, 0.000109405009425, 4.42957457381e-08, 1.11973064154e-09],
        "max": [2.61864256859, 20.8760585785, 39.290561676, 60.8528556824, 94.5937042236, 159.819976807, 190.995422363, 211.69178772, 301.412078857, 660.998352051, 1017.65997314, 1055.4230957, 1452.71179199, 1474.48547363, 1196.84619141, 2274.44799805, 521.694030762, 1276.91345215, 1073.42089844, 481.436584473, 716.428771973, 795.281799316, 602.387268066, 389.804595947, 376.798706055, 128.149124146, 74.1002807617, 111.62588501, 69.9535675049, 78.6351928711, 78.315536499, 55.678237915, 24.8102397919, 30.1208457947, 28.583442688, 6.49965810776, 1.08208048344, 0.0870970636606, 0.00160576147027, 0.000199089612579],
        "mean": [0.215616434813, 1.28348064423, 1.60278058052, 2.45448803902, 4.46390628815, 5.57613229752, 7.18306732178, 9.46743965149, 14.0498571396, 27.8355426788, 36.7559814453, 21.2564411163, 30.1221694946, 55.2118682861, 37.215423584, 101.696525574, 31.3619613647, 40.9533920288, 53.1926460266, 47.4260902405, 49.2165870667, 46.5428504944, 38.5012702942, 31.9960689545, 31.0337181091, 12.1960916519, 5.43021678925, 4.55586481094, 4.49614334106, 4.01010990143, 3.31116580963, 3.10769343376, 2.46548318863, 1.64468419552, 1.07344257832, 0.379947155714, 0.0772857218981, 0.00383354583755, 0.000111019020551, 4.03791636927e-05],
        "median": [0.0612036250532, 0.520326375961, 0.674462258816, 0.85134691, 1.65049338341, 2.43575310707, 3.47681736946, 3.96272754669, 5.27274274826, 12.0412340164, 12.1608724594, 11.4268493652, 11.4649658203, 12.8885345459, 13.6154289246, 16.9990291595, 14.7132062912, 18.1205482483, 16.7143783569, 21.0702629089, 27.5805339813, 23.1853370667, 19.3680934906, 19.9282970428, 16.0002441406, 7.84661197662, 2.7454252243, 1.51298511028, 1.78966856003, 1.81917607784, 1.50812411308, 1.13783705235, 0.623940587044, 0.558950066566, 0.388519287109, 0.140762329102, 0.0267342403531, 0.00111646635924, 5.05040006828e-05, 3.43371175404e-05],
        "min": [2.9018409009e-08, 5.61500314689e-07, 3.73587090507e-06, 6.27849067314e-06, 4.58501817775e-05, 0.000669309985824, 0.00106645317283, 0.000449911691248, 0.00213544559665, 0.0163114778697, 0.00995003338903, 0.00340269319713, 0.00401241937652, 0.00518300989643, 0.000725376652554, 0.00112767913379, 0.00341437198222, 0.0130441607907, 0.0136841675267, 0.0254076439887, 0.0228361524642, 0.0188365001231, 0.0154045494273, 0.0115261180326, 0.00376750016585, 0.00281215342693, 0.000527001800947, 0.000191792641999, 0.000206412660191, 0.000261029606918, 0.000145919897477, 0.00018748488219, 6.33700547041e-05, 1.93257983483e-05, 9.14082738745e-06, 9.31404485982e-07, 6.50236344768e-08, 1.74751644266e-08, 9.88709381033e-09, 7.85198217557e-09],
        "var": [0.0972220376134, 4.53631401062, 14.9103679657, 33.5110168457, 82.0531616211, 118.707221985, 160.216064453, 403.178222656, 824.661071777, 2716.38330078, 5590.38378906, 1739.28967285, 7488.03808594, 14183.7851562, 8150.01318359, 78624.984375, 2229.08203125, 7398.63037109, 10687.8642578, 4654.25439453, 4432.46337891, 4469.26513672, 2897.49121094, 1465.24768066, 1448.01599121, 193.366012573, 58.151096344, 78.0857849121, 50.8592720032, 43.527557373, 26.7060127258, 24.2901000977, 15.2172269821, 6.99722719193, 4.00342607498, 0.416677087545, 0.0167924147099, 5.35414328624e-05, 2.73697473574e-08, 8.88500995e-10]
    },
    "gfcc": {
        "mean": [5.21991968155, 79.9835357666, -140.77041626, 23.1527252197, -52.838432312, 15.6110868454, -45.9927711487, 23.6457691193, -25.7269763947, 4.0613284111, -11.4851808548, 1.09279942513, -11.6120090485],
        "cov": [[5891.9453125, -831.938171387, 1437.2635498, 715.550537109, -94.4904556274, 1009.88586426, 339.82220459, 368.93371582, -119.16268158, 310.593933105, -255.756378174, 303.855865479, -134.100097656], [-831.938171387, 1473.58093262, 15.8894367218, 45.788734436, 439.098602295, -136.152877808, 310.558135986, -55.8203544617, 103.2813797, -91.2514419556, 194.362197876, -128.542663574, 79.6921234131], [1437.2635498, 15.8894367218, 1286.8248291, 425.807769775, 40.9275512695, 491.373779297, 118.302947998, 131.873565674, -88.6555175781, 211.394226074, -104.973335266, 145.825866699, 42.1913261414], [715.550537109, 45.788734436, 425.807769775, 559.076416016, 214.297042847, 231.746765137, 135.172363281, 68.5180511475, 62.12241745, 60.107585907, -41.2553405762, 4.02896785736, 52.0277366638], [-94.4904556274, 439.098602295, 40.9275512695, 214.297042847, 547.651794434, 46.4588394165, 167.486175537, 128.217910767, 115.589614868, 15.4374361038, 27.3428058624, -21.7326278687, 35.2136993408], [1009.88586426, -136.152877808, 491.373779297, 231.746765137, 46.4588394165, 428.983856201, 168.607345581, 127.503448486, -9.92124080658, 89.1944198608, -37.7784805298, 80.6968307495, 7.32958841324], [339.82220459, 310.558135986, 118.302947998, 135.172363281, 167.486175537, 168.607345581, 341.237609863, 78.5559539795, 22.9185218811, 15.7324123383, 63.7249603271, 24.8674201965, -4.96042966843], [368.93371582, -55.8203544617, 131.873565674, 68.5180511475, 128.217910767, 127.503448486, 78.5559539795, 200.165267944, 54.8940582275, 63.234500885, 14.6368741989, 40.6493492126, -2.82893776894], [-119.16268158, 103.2813797, -88.6555175781, 62.12241745, 115.589614868, -9.92124080658, 22.9185218811, 54.8940582275, 181.801361084, 23.0645446777, 25.9361572266, -32.9061584473, 17.8554859161], [310.593933105, -91.2514419556, 211.394226074, 60.107585907, 15.4374361038, 89.1944198608, 15.7324123383, 63.234500885, 23.0645446777, 134.422958374, -8.21188640594, 34.5881576538, 5.61712646484], [-255.756378174, 194.362197876, -104.973335266, -41.2553405762, 27.3428058624, -37.7784805298, 63.7249603271, 14.6368741989, 25.9361572266, -8.21188640594, 135.507476807, -0.755096554756, 7.04770278931], [303.855865479, -128.542663574, 145.825866699, 4.02896785736, -21.7326278687, 80.6968307495, 24.8674201965, 40.6493492126, -32.9061584473, 34.5881576538, -0.755096554756, 111.177993774, 3.3613474369], [-134.100097656, 79.6921234131, 42.1913261414, 52.0277366638, 35.2136993408, 7.32958841324, -4.96042966843, -2.82893776894, 17.8554859161, 5.61712646484, 7.04770278931, 3.3613474369, 91.8850784302]],
        "icov": [[0.000406717241276, -0.000185025084647, 0.000142184973811, -0.000477864203276, 0.000395998125896, -0.00058783381246, 4.50605220976e-05, -0.000469997903565, 0.000207132630749, -0.000369500921806, 0.000676211668178, -0.000672100228257, 0.00079749111319], [-0.000185025084647, 0.00389148434624, -0.00299675296992, 0.00240223133005, -0.0028497283347, 0.0027538780123, -0.00351000786759, 0.00283465185203, -0.00182322517503, 0.00328735494986, -0.00412747683004, 0.00452820863575, -0.00255480222404], [0.000142184973811, -0.00299675296992, 0.00454200385138, -0.00285067199729, 0.00215042289346, -0.00361952348612, 0.00302419392392, -0.00202358863316, 0.00278841075487, -0.00468165054917, 0.00364990136586, -0.00433609960601, 0.00152373115998], [-0.000477864203276, 0.00240223133005, -0.00285067199729, 0.00536645017564, -0.00296293571591, 0.00115767365787, -0.00249826698564, 0.00280555756763, -0.00240647490136, 0.00266614370048, -0.00231764744967, 0.00428059417754, -0.00319005013444], [0.000395998125896, -0.0028497283347, 0.00215042289346, -0.00296293571591, 0.00548096187413, -0.00110168929677, 0.00105901097413, -0.00429010344669, 0.00056045333622, -0.00203570118174, 0.00382558512501, -0.00310739292763, 0.00148802949116], [-0.00058783381246, 0.0027538780123, -0.00361952348612, 0.00115767365787, -0.00110168929677, 0.0089438566938, -0.00488032167777, -0.000113681853691, -0.00163368391804, 0.00281845917925, -0.00185407872777, 0.00262804678641, -0.00260682287626], [4.50605220976e-05, -0.00351000786759, 0.00302419392392, -0.00249826698564, 0.00105901097413, -0.00488032167777, 0.00861877109855, -0.00210552802309, 0.00209926324897, -0.00241586030461, 0.000554850441404, -0.00419134926051, 0.00337037839927], [-0.000469997903565, 0.00283465185203, -0.00202358863316, 0.00280555756763, -0.00429010344669, -0.000113681853691, -0.00210552802309, 0.011500749737, -0.00339393876493, 0.000307830545353, -0.0043561742641, 0.0015244607348, -0.000991159700789], [0.000207132630749, -0.00182322517503, 0.00278841075487, -0.00240647490136, 0.00056045333622, -0.00163368391804, 0.00209926324897, -0.00339393876493, 0.00950739346445, -0.00421079620719, 0.00115804269444, -5.21933252458e-05, 0.000213177452679], [-0.000369500921806, 0.00328735494986, -0.00468165054917, 0.00266614370048, -0.00203570118174, 0.00281845917925, -0.00241586030461, 0.000307830545353, -0.00421079620719, 0.014998790808, -0.00408181827515, 0.00296542746946, -0.00220999866724], [0.000676211668178, -0.00412747683004, 0.00364990136586, -0.00231764744967, 0.00382558512501, -0.00185407872777, 0.000554850441404, -0.0043561742641, 0.00115804269444, -0.00408181827515, 0.0150181073695, -0.00610356405377, 0.00187652348541], [-0.000672100228257, 0.00452820863575, -0.00433609960601, 0.00428059417754, -0.00310739292763, 0.00262804678641, -0.00419134926051, 0.0015244607348, -5.21933252458e-05, 0.00296542746946, -0.00610356405377, 0.0186337865889, -0.00492372503504], [0.00079749111319, -0.00255480222404, 0.00152373115998, -0.00319005013444, 0.00148802949116, -0.00260682287626, 0.00337037839927, -0.000991159700789, 0.000213177452679, -0.00220999866724, 0.00187652348541, -0.00492372503504, 0.0152884367853]]
    },
    "melbands": {
        "dmean": [0.00114701024722, 0.000874747696798, 0.000472023762995, 0.000273261626717, 0.000155405927217, 0.000112057932711, 0.000127147592138, 0.000213880703086, 0.000220786008867, 8.30382559798e-05, 0.000114380702144, 0.000145048092236, 6.87905121595e-05, 0.000138108996907, 9.45649517234e-05, 4.02068981202e-05, 6.24698586762e-05, 5.07670119987e-05, 5.1562423323e-05, 3.20709768857e-05, 3.05821668007e-05, 2.85240657831e-05, 2.79591404251e-05, 1.87944060599e-05, 1.22527753774e-05, 1.19119404189e-05, 8.40767097543e-06, 3.38375662068e-06, 2.12125451071e-06, 2.1333407858e-06, 2.14472083826e-06, 1.79102255515e-06, 1.54754081905e-06, 1.34463562063e-06, 1.04980983906e-06, 1.22625669974e-06, 1.12302359412e-06, 9.59163685366e-07, 8.75430089309e-07, 7.83091820722e-07],
        "dmean2": [0.00200333050452, 0.0015170489205, 0.000830100558233, 0.000461921998067, 0.000255833147094, 0.000183492025826, 0.000197029105038, 0.000343397783581, 0.000370896101231, 0.00013886182569, 0.000184886812349, 0.000218893066631, 0.000103336780739, 0.000207632750971, 0.000147400452988, 6.41684891889e-05, 9.9919452623e-05, 7.89200566942e-05, 8.03200819064e-05, 5.03897608723e-05, 4.82712130179e-05, 4.54358523712e-05, 4.30334584962e-05, 2.91516007564e-05, 1.91931922018e-05, 1.85163444257e-05, 1.25151109387e-05, 5.3514377214e-06, 3.51420408151e-06, 3.69745953321e-06, 3.69347753804e-06, 3.03110687128e-06, 2.57264468928e-06, 2.20570177589e-06, 1.69076076872e-06, 2.02725959753e-06, 1.80286974683e-06, 1.49270556449e-06, 1.36948074214e-06, 1.21305163248e-06],
        "dvar": [5.92094829699e-06, 6.48971308692e-06, 1.43827833199e-06, 5.73247120883e-07, 1.19890032124e-07, 9.08454467208e-08, 9.6200537314e-08, 2.00343109213e-07, 2.87052245085e-07, 7.07996505867e-08, 1.9123326922e-07, 1.35579412586e-07, 3.68200439027e-08, 1.77922586886e-07, 5.77447920591e-08, 8.09555000814e-09, 3.11063566016e-08, 1.29997879128e-08, 1.34952058417e-08, 3.72069908217e-09, 2.74766120967e-09, 3.749834665e-09, 3.38535643962e-09, 1.3755533379e-09, 4.64190436089e-10, 3.26394217209e-10, 1.77582684668e-10, 2.84069955059e-11, 1.76757948556e-11, 2.80348348702e-11, 3.48923355487e-11, 1.58372395059e-11, 1.41726630432e-11, 1.25987241473e-11, 6.71920939027e-12, 8.64443499421e-12, 5.86520242096e-12, 3.75244627038e-12, 2.6736969843e-12, 2.59974789092e-12],
        "dvar2": [1.66162299138e-05, 1.76685807673e-05, 3.93741356675e-06, 1.51275492044e-06, 3.01999705243e-07, 2.22755076607e-07, 2.17408640424e-07, 4.74006526474e-07, 7.46068565149e-07, 1.89431062836e-07, 4.90173135859e-07, 2.69699512501e-07, 8.12885758705e-08, 3.91330161165e-07, 1.35115016064e-07, 1.8523325096e-08, 7.91977186054e-08, 2.80764176352e-08, 2.97512130487e-08, 8.5616083112e-09, 6.35883168343e-09, 9.17314579851e-09, 7.82190490156e-09, 3.14840753468e-09, 9.55225565313e-10, 7.54559692506e-10, 3.96803534475e-10, 6.74557840141e-11, 4.68765894157e-11, 7.87829454452e-11, 1.00140347403e-10, 4.52446899391e-11, 3.99757414671e-11, 3.51155250711e-11, 1.86044773337e-11, 2.44683370787e-11, 1.57490149394e-11, 9.69494623471e-12, 6.26402662379e-12, 5.94005400423e-12],
        "max": [0.0205460563302, 0.0215447116643, 0.00920570455492, 0.0094087459147, 0.00526439212263, 0.00506015494466, 0.00459864223376, 0.00797501672059, 0.00793041381985, 0.00603913282976, 0.00729350931942, 0.00680952286348, 0.002995577408, 0.00731945363805, 0.00375580252148, 0.00133205892053, 0.00285371602513, 0.00141340401024, 0.00132801104337, 0.00133571343031, 0.000900466344319, 0.00109256512951, 0.000961948011536, 0.0005492673954, 0.000359486206435, 0.000282434280962, 0.000184109085239, 7.54723150749e-05, 5.21213805769e-05, 4.66115707241e-05, 7.93890867499e-05, 3.96035065933e-05, 4.75456618005e-05, 5.25013638253e-05, 4.64369004476e-05, 4.2459814722e-05, 3.24057145917e-05, 2.1075415134e-05, 1.92365350813e-05, 2.95536683552e-05],
        "mean": [0.0018830987392, 0.00115167011973, 0.000491928309202, 0.000368401961168, 0.000257169012912, 0.000221384994802, 0.000216342174099, 0.000327511224896, 0.000289281422738, 0.000115272625408, 0.000148821258335, 0.000229862504057, 0.000101801226265, 0.000227223252296, 0.000163618446095, 5.18385022588e-05, 7.74667350925e-05, 7.60275943321e-05, 8.04668961791e-05, 5.95543933741e-05, 5.83184264542e-05, 4.94926061947e-05, 4.32466476923e-05, 3.20739709423e-05, 2.45332903432e-05, 2.45017581619e-05, 1.6929807316e-05, 6.01071178608e-06, 3.56901728082e-06, 2.62422167907e-06, 2.64896038971e-06, 2.56874159277e-06, 2.46207446253e-06, 2.06807681025e-06, 1.82592452802e-06, 1.94345761884e-06, 1.89458398836e-06, 1.76679043307e-06, 1.56028920628e-06, 1.31681940729e-06],
        "median": [0.000723460165318, 0.000631378265098, 0.000180786417332, 0.000148035542225, 0.000133775727591, 8.91138333827e-05, 8.15943494672e-05, 0.000140260264743, 9.55866853474e-05, 6.02832296863e-05, 5.2312065236e-05, 4.75311499031e-05, 4.07818697568e-05, 4.08082923968e-05, 3.76960961148e-05, 2.15959389607e-05, 3.33306415996e-05, 2.56289004028e-05, 2.23662100325e-05, 3.08928974846e-05, 3.3651405829e-05, 2.41311227001e-05, 1.82037238119e-05, 1.47315195136e-05, 1.48082845044e-05, 1.29753034344e-05, 7.59284284868e-06, 3.72804424842e-06, 1.76819958142e-06, 9.41123460052e-07, 7.61712328767e-07, 9.2669336027e-07, 1.0694240018e-06, 8.47928447456e-07, 7.62539912103e-07, 7.72598468757e-07, 6.10567497006e-07, 4.22285523882e-07, 4.02874206884e-07, 4.39871570279e-07],
        "min": [5.13323550333e-10, 1.01470609692e-09, 8.67350524736e-10, 1.63927449393e-08, 4.79948809584e-08, 8.11202394146e-09, 4.51102017962e-08, 2.20359410719e-07, 5.47373915083e-08, 1.4406415616e-08, 1.91361912982e-08, 2.25999166048e-08, 2.26371543732e-09, 2.0013124491e-09, 3.7496699079e-09, 1.4325880926e-08, 1.9410340002e-08, 1.99716332361e-08, 1.35916700117e-08, 5.57958372838e-08, 2.09393871131e-08, 1.78725780842e-08, 1.72551839484e-08, 1.32302826472e-08, 6.91612411785e-09, 2.98539593047e-09, 2.43286235602e-09, 1.2521569337e-09, 3.36278227486e-10, 1.33704353145e-10, 8.48644141072e-11, 9.15479081431e-11, 1.64454741491e-10, 7.0893256543e-12, 5.3997507854e-11, 6.94182628047e-11, 7.24701071722e-12, 2.40872881536e-12, 2.36020708186e-12, 1.91226223224e-12],
