{
"highlevel": {
    "danceability": {
        "all": {
            "danceable": 0.0211043581367,
            "not_danceable": 0.978895664215
        },
        "probability": 0.978895664215,
        "value": "not_danceable"
    },
    "gender": {
        "all": {
            "female": 0.392033457756,
            "male": 0.607966542244
        },
        "probability": 0.607966542244,
        "value": "male"
    },
    "genre_dortmund": {
        "all": {
            "alternative": 0.0948644503951,
            "blues": 0.19621989131,
            "electronic": 0.010166102089,
            "folkcountry": 0.234394162893,
            "funksoulrnb": 0.0127373123541,
            "jazz": 0.0334702469409,
            "pop": 0.0962203964591,
            "raphiphop": 0.00244851363823,
            "rock": 0.319478929043
        },
        "probability": 0.319478929043,
        "value": "rock"
    },
    "genre_electronic": {
        "all": {
            "ambient": 0.530657887459,
            "dnb": 0.277802795172,
            "house": 0.158874988556,
            "techno": 0.00848250370473,
            "trance": 0.0241818167269
        },
        "probability": 0.530657887459,
        "value": "ambient"
    },
    "genre_rosamerica": {
        "all": {
            "cla": 0.253312826157,
            "dan": 0.0159732066095,
            "hip": 0.0372777543962,
            "jaz": 0.020477714017,
            "pop": 0.146900728345,
            "rhy": 0.25931507349,
            "roc": 0.248625859618,
            "spe": 0.0181168206036
        },
        "probability": 0.25931507349,
        "value": "rhy"
    },
    "genre_tzanetakis": {
        "all": {
            "blu": 0.0626613423228,
            "cla": 0.0348169617355,
            "cou": 0.104475811124,
            "dis": 0.0784321576357,
            "hip": 0.15692435205,
            "jaz": 0.313974827528,
            "met": 0.0448166541755,
            "pop": 0.0627359300852,
            "reg": 0.0627360641956,
            "roc": 0.0784258767962
        },
        "probability": 0.313974827528,
        "value": "jaz"
    },
    "ismir04_rhythm": {
        "all": {
            "ChaChaCha": 0.285762995481,
            "Jive": 0.227447882295,
            "Quickstep": 0.085691511631,
            "Rumba-American": 0.0150998681784,
            "Rumba-International": 0.0286376290023,
            "Rumba-Misc": 0.00756439100951,
            "Samba": 0.0365997068584,
            "Tango": 0.144851580262,
            "VienneseWaltz": 0.142227694392,
            "Waltz": 0.0261167604476
        },
        "probability": 0.285762995481,
        "value": "ChaChaCha"
    },
    "mood_acoustic": {
        "all": {
            "acoustic": 0.191305115819,
            "not_acoustic": 0.808694899082
        },
        "probability": 0.808694899082,
        "value": "not_acoustic"
    },
    "mood_aggressive": {
        "all": {
            "aggressive": 0.0859599635005,
            "not_aggressive": 0.914040029049
        },
        "probability": 0.914040029049,
        "value": "not_aggressive"
    },
    "mood_electronic": {
        "all": {
            "electronic": 0.2255551368,
            "not_electronic": 0.774444878101
        },
        "probability": 0.774444878101,
        "value": "not_electronic"
    },
    "mood_happy": {
        "all": {
            "happy": 0.956051766872,
            "not_happy": 0.0439482294023
        },
        "probability": 0.956051766872,
        "value": "happy"
    },
    "mood_party": {
        "all": {
            "not_party": 0.702036261559,
            "party": 0.297963768244
        },
        "probability": 0.702036261559,
        "value": "not_party"
    },
    "mood_relaxed": {
        "all": {
            "not_relaxed": 0.990130901337,
            "relaxed": 0.00986908748746
        },
        "probability": 0.990130901337,
        "value": "not_relaxed"
    },
    "mood_sad": {
        "all": {
            "not_sad": 0.5,
            "sad": 0.5
        },
        "probability": 0.5,
        "value": "not_sad"
    },
    "moods_mirex": {
        "all": {
            "Cluster1": 0.154441908002,
            "Cluster2": 0.409936219454,
            "Cluster3": 0.225295245647,
            "Cluster4": 0.149097949266,
            "Cluster5": 0.0612286739051
        },
        "probability": 0.409936219454,
        "value": "Cluster2"
    },
    "timbre": {
        "all": {
            "bright": 0.976630866528,
            "dark": 0.0233691390604
        },
        "probability": 0.976630866528,
        "value": "bright"
    },
    "tonal_atonal": {
        "all": {
            "atonal": 0.0435497425497,
            "tonal": 0.956450283527
        },
        "probability": 0.956450283527,
        "value": "tonal"
    },
    "voice_instrumental": {
        "all": {
            "instrumental": 0.0074672633782,
            "voice": 0.992532730103
        },
        "probability": 0.992532730103,
        "value": "voice"
    }
},
"lowlevel": {
    "average_loudness": 0.951465785503,
    "barkbands_crest": {
        "dmean": 2.24953126907,
        "dmean2": 3.77995014191,
        "dvar": 4.52422952652,
        "dvar2": 10.9546813965,
        "max": 25.9467868805,
        "mean": 8.40454483032,
        "median": 7.62798881531,
        "min": 2.62443590164,
        "var": 12.7542419434
    },
    "barkbands_flatness_db": {
        "dmean": 0.0188762079924,
        "dmean2": 0.0279735065997,
        "dvar": 0.000311095674988,
        "dvar2": 0.000621095707174,
        "max": 0.325990825891,
        "mean": 0.143967449665,
        "median": 0.138814032078,
        "min": 0.0556149482727,
        "var": 0.00191056134645
    },
    "barkbands_kurtosis": {
        "dmean": 1.9395096302,
        "dmean2": 3.03763532639,
        "dvar": 26.9965496063,
        "dvar2": 56.6643218994,
        "max": 156.428649902,
        "mean": 2.42733049393,
        "median": 0.164896249771,
        "min": -1.90972745419,
        "var": 63.736530304
    },
    "barkbands_skewness": {
        "dmean": 0.502874732018,
        "dmean2": 0.763425648212,
        "dvar": 0.330530166626,
        "dvar2": 0.696368277073,
        "max": 11.0963354111,
        "mean": 0.912158727646,
        "median": 0.792406082153,
        "min": -2.42221260071,
        "var": 1.85092246532
    },
    "barkbands_spread": {
        "dmean": 6.04070663452,
        "dmean2": 8.95240688324,
        "dvar": 54.5626373291,
        "dvar2": 109.652305603,
        "max": 91.5244369507,
        "mean": 24.5018062592,
        "median": 22.0913333893,
        "min": 1.15627801418,
        "var": 202.016540527
    },
    "dissonance": {
        "dmean": 0.0137131130323,
        "dmean2": 0.0225417502224,
        "dvar": 0.000197360437596,
        "dvar2": 0.000496747379657,
        "max": 0.49966403842,
        "mean": 0.472065865993,
        "median": 0.478583902121,
        "min": 0.334959477186,
        "var": 0.00053762155585
    },
    "dynamic_complexity": 3.01026558876,
    "erbbands_crest": {
        "dmean": 2.52832078934,
        "dmean2": 4.12152051926,
        "dvar": 5.76961565018,
        "dvar2": 14.5464048386,
        "max": 27.293302536,
        "mean": 8.68114185333,
        "median": 7.91616487503,
        "min": 2.74607563019,
        "var": 13.8206262589
    },
    "erbbands_flatness_db": {
        "dmean": 0.0185869205743,
        "dmean2": 0.0258132461458,
        "dvar": 0.000376408454031,
        "dvar2": 0.000672054826282,
        "max": 0.337189525366,
        "mean": 0.17872184515,
        "median": 0.175208777189,
        "min": 0.0812951177359,
        "var": 0.00263984291814
    },
    "erbbands_kurtosis": {
        "dmean": 0.943630337715,
        "dmean2": 1.49650979042,
        "dvar": 2.30191135406,
        "dvar2": 5.72861337662,
        "max": 21.5735702515,
        "mean": 0.657667517662,
        "median": -0.0487971305847,
        "min": -1.74927318096,
        "var": 4.67568063736
    },
    "erbbands_skewness": {
        "dmean": 0.372675925493,
        "dmean2": 0.557241499424,
        "dvar": 0.151876181364,
        "dvar2": 0.328570604324,
        "max": 4.46204900742,
        "mean": -0.207188636065,
        "median": -0.222161754966,
        "min": -3.48265218735,
        "var": 0.64871442318
    },
    "erbbands_spread": {
        "dmean": 7.7858953476,
        "dmean2": 12.0046691895,
        "dvar": 100.383682251,
        "dvar2": 229.280044556,
        "max": 116.978141785,
        "mean": 34.6183700562,
        "median": 32.5697097778,
        "min": 4.05722618103,
        "var": 343.330108643
    },
    "hfc": {
        "dmean": 8.28534317017,
        "dmean2": 11.26790905,
        "dvar": 375.371856689,
        "dvar2": 898.068847656,
        "max": 308.36038208,
        "mean": 22.2672672272,
        "median": 14.6769390106,
        "min": 0.224110156298,
        "var": 650.860473633
    },
    "melbands_crest": {
        "dmean": 2.94542431831,
        "dmean2": 4.8130645752,
        "dvar": 6.9017791748,
        "dvar2": 18.4140853882,
        "max": 30.7400512695,
        "mean": 11.5130109787,
        "median": 10.829416275,
        "min": 3.73118185997,
        "var": 19.3431339264
    },
    "melbands_flatness_db": {
        "dmean": 0.0233938451856,
        "dmean2": 0.0327249281108,
        "dvar": 0.000534188526217,
        "dvar2": 0.00105373840779,
        "max": 0.421255111694,
        "mean": 0.175529152155,
        "median": 0.170274779201,
        "min": 0.0492738112807,
        "var": 0.00367811974138
    },
    "melbands_kurtosis": {
        "dmean": 4.60647916794,
        "dmean2": 7.1877040863,
        "dvar": 75.1271820068,
        "dvar2": 158.557388306,
        "max": 218.402313232,
        "mean": 8.28111934662,
        "median": 3.29068374634,
        "min": -1.81356430054,
        "var": 214.257781982
    },
    "melbands_skewness": {
        "dmean": 0.637481331825,
        "dmean2": 0.979505896568,
        "dvar": 0.511862695217,
        "dvar2": 1.12901747227,
        "max": 10.2938861847,
        "mean": 1.97017991543,
        "median": 1.84033882618,
        "min": -1.73040473461,
        "var": 2.58496856689
    },
    "melbands_spread": {
        "dmean": 9.01117992401,
        "dmean2": 14.0756540298,
        "dvar": 158.268356323,
        "dvar2": 362.737976074,
        "max": 149.392547607,
        "mean": 32.4470863342,
        "median": 29.581495285,
        "min": 0.999836862087,
        "var": 460.932189941
    },
    "pitch_salience": {
        "dmean": 0.0643827468157,
        "dmean2": 0.106310367584,
        "dvar": 0.00304220453836,
        "dvar2": 0.00796652399004,
        "max": 0.811598718166,
        "mean": 0.594494760036,
        "median": 0.600264966488,
        "min": 0.181601420045,
        "var": 0.00774073181674
    },
    "silence_rate_20dB": {
        "dmean": 0,
        "dmean2": 0,
        "dvar": 0,
        "dvar2": 0,
        "max": 1,
        "mean": 1,
        "median": 1,
        "min": 1,
        "var": 0
    },
    "silence_rate_30dB": {
        "dmean": 0,
        "dmean2": 0,
        "dvar": 0,
        "dvar2": 0,
        "max": 1,
        "mean": 1,
        "median": 1,
        "min": 1,
        "var": 0
    },
    "silence_rate_60dB": {
        "dmean": 0.0410216711462,
        "dmean2": 0.0821068957448,
        "dvar": 0.0393388010561,
        "dvar2": 0.0831121504307,
        "max": 1,
        "mean": 0.0812064930797,
        "median": 0,
        "min": 0,
        "var": 0.074611581862
    },
    "spectral_centroid": {
        "dmean": 263.162902832,
        "dmean2": 387.537231445,
        "dvar": 99496.53125,
        "dvar2": 196956.421875,
        "max": 3817.08154297,
        "mean": 1489.43798828,
        "median": 1478.28991699,
        "min": 256.336517334,
        "var": 448697.8125
    },
    "spectral_complexity": {
        "dmean": 3.64628481865,
        "dmean2": 5.09450054169,
        "dvar": 21.5737361908,
        "dvar2": 35.5309371948,
        "max": 53,
        "mean": 18.9992275238,
        "median": 18,
        "min": 0,
        "var": 101.963638306
    },
    "spectral_decrease": {
        "dmean": 1.38121225568e-09,
        "dmean2": 1.97251925904e-09,
        "dvar": 4.10169707648e-18,
        "dvar2": 8.91460487082e-18,
        "max": -4.65304496322e-11,
        "mean": -4.3849968101e-09,
        "median": -3.73878084048e-09,
        "min": -2.19749516361e-08,
        "var": 1.08502331468e-17
    },
    "spectral_energy": {
        "dmean": 0.00581044331193,
        "dmean2": 0.00814601033926,
        "dvar": 7.41217008908e-05,
        "dvar2": 0.000156921872986,
        "max": 0.0925563871861,
        "mean": 0.0185697078705,
        "median": 0.0155986193568,
        "min": 0.00019594396872,
        "var": 0.00020127434982
    },
    "spectral_energyband_high": {
        "dmean": 0.00063183833845,
        "dmean2": 0.000878698483575,
        "dvar": 4.1026278268e-06,
        "dvar2": 1.05035123852e-05,
        "max": 0.0304338205606,
        "mean": 0.000894988304935,
        "median": 0.000164456636412,
        "min": 1.23566701404e-06,
        "var": 4.33018794865e-06
    },
    "spectral_energyband_low": {
        "dmean": 0.002084255917,
        "dmean2": 0.00335438060574,
        "dvar": 1.79432681762e-05,
        "dvar2": 4.49926956207e-05,
        "max": 0.0395189747214,
        "mean": 0.00347875524312,
        "median": 0.00144127919339,
        "min": 9.28830922931e-06,
        "var": 2.67899085884e-05
    },
    "spectral_energyband_middle_high": {
        "dmean": 0.00220425636508,
        "dmean2": 0.00304674752988,
        "dvar": 1.50333744386e-05,
        "dvar2": 3.04905352095e-05,
        "max": 0.0500766411424,
        "mean": 0.0070162108168,
        "median": 0.00397900259122,
        "min": 3.48734865838e-05,
        "var": 6.37904959149e-05
    },
    "spectral_energyband_middle_low": {
        "dmean": 0.00324252061546,
        "dmean2": 0.00512672681361,
        "dvar": 3.01615309581e-05,
        "dvar2": 7.71025734139e-05,
        "max": 0.0743781402707,
        "mean": 0.00784251373261,
        "median": 0.00584310339764,
        "min": 7.68774625612e-05,
        "var": 5.49815122213e-05
    },
    "spectral_entropy": {
        "dmean": 0.166559651494,
        "dmean2": 0.228102460504,
        "dvar": 0.0344914458692,
        "dvar2": 0.061126075685,
        "max": 8.55329799652,
        "mean": 7.45356988907,
        "median": 7.43942260742,
        "min": 6.06452941895,
        "var": 0.176814034581
    },
    "spectral_flux": {
        "dmean": 0.0189021620899,
        "dmean2": 0.0279901009053,
        "dvar": 0.000577518716455,
        "dvar2": 0.00109144567978,
        "max": 0.270849764347,
        "mean": 0.0701271891594,
        "median": 0.0642649978399,
        "min": 0.00669058412313,
        "var": 0.00161385198589
    },
    "spectral_kurtosis": {
        "dmean": 2.46824550629,
        "dmean2": 4.054459095,
        "dvar": 8.96527576447,
        "dvar2": 24.9824848175,
        "max": 32.3856658936,
        "mean": 5.86159992218,
        "median": 4.69545507431,
        "min": -0.653693437576,
        "var": 21.8138008118
    },
    "spectral_rms": {
        "dmean": 0.000630460970569,
        "dmean2": 0.000863494176883,
        "dvar": 6.13456506926e-07,
        "dvar2": 1.13600663099e-06,
        "max": 0.00950257387012,
        "mean": 0.00393876526505,
        "median": 0.00390104670078,
        "min": 0.00043722402188,
        "var": 2.60290153165e-06
    },
    "spectral_rolloff": {
        "dmean": 525.646911621,
        "dmean2": 847.118347168,
        "dvar": 813882.5625,
        "dvar2": 1695859,
        "max": 8268.75,
        "mean": 1938.7043457,
        "median": 1959.52148438,
        "min": 129.19921875,
        "var": 1897228.125
    },
    "spectral_skewness": {
        "dmean": 0.287385612726,
        "dmean2": 0.460226505995,
        "dvar": 0.0807128846645,
        "dvar2": 0.207727298141,
        "max": 4.23535346985,
        "mean": 1.61601054668,
        "median": 1.57469546795,
        "min": 0.0305157508701,
        "var": 0.267681986094
    },
    "spectral_spread": {
        "dmean": 580389.375,
        "dmean2": 801274.875,
        "dvar": 646843072512,
        "dvar2": 1.14959502541e+12,
        "max": 18127294,
        "mean": 3904519.5,
        "median": 3678060,
        "min": 1391639.25,
        "var": 2.30643099238e+12
    },
    "spectral_strongpeak": {
        "dmean": 0.891017496586,
        "dmean2": 1.50183403492,
        "dvar": 3.16858911514,
        "dvar2": 7.95668125153,
        "max": 19.2240333557,
        "mean": 1.42263114452,
        "median": 0.499592930079,
        "min": 0,
        "var": 4.77403688431
    },
    "zerocrossingrate": {
        "dmean": 0.0110467961058,
        "dmean2": 0.0119710220024,
        "dvar": 0.000161513205967,
        "dvar2": 0.000179417693289,
        "max": 0.240234375,
        "mean": 0.0696852505207,
        "median": 0.06640625,
        "min": 0.0087890625,
        "var": 0.00116271246225
    },
    "barkbands": {
        "dmean": [5.35038998351e-05, 0.00107033620588, 0.00104067847133, 0.000908323214389, 0.00172476482112, 0.000918990408536, 0.000343531050021, 0.00037346361205, 0.000399310112698, 0.000234752500546, 0.000209265912417, 0.000213562976569, 0.000294872763334, 0.000731939217076, 0.000583384477068, 0.000594775716309, 0.000456152454717, 0.000384587357985, 0.000123046760564, 0.000412556779338, 0.000140848671435, 0.000133007430122, 0.000105774844997, 9.79634278337e-05, 4.0147377149e-05, 1.15926832223e-05, 3.38485595108e-09],
        "dmean2": [7.58358219173e-05, 0.001718658139, 0.00181710044853, 0.0015604798682, 0.00283205509186, 0.00150678656064, 0.000511355581693, 0.000547290837858, 0.000635531265289, 0.000376370648155, 0.000310056144372, 0.000319210841553, 0.000461614050437, 0.00106638181023, 0.000932505936362, 0.000900636368897, 0.000705841288436, 0.00058089394588, 0.000186747580301, 0.000707540486474, 0.000210696278373, 0.000196275024791, 0.000140312535223, 0.000133449575515, 5.43420246686e-05, 1.66713452927e-05, 5.7503610762e-09],
        "dvar": [1.64502367284e-08, 6.26054634267e-06, 5.92023070567e-06, 2.21915206566e-06, 9.67573123489e-06, 5.33388674739e-06, 5.17375440268e-07, 1.92556194634e-06, 6.00489215685e-07, 1.29482643274e-07, 1.84052666441e-07, 1.71672525084e-07, 2.52568156611e-07, 2.29624424719e-06, 1.2375667211e-06, 1.45841886479e-06, 1.04706123238e-06, 6.19475144958e-07, 7.54513109769e-08, 1.09526563392e-05, 1.05580113541e-07, 1.42403095538e-07, 6.7675735238e-08, 5.91228079827e-08, 7.43791517266e-09, 7.06160463437e-10, 1.17868022742e-15],
        "dvar2": [3.28106111169e-08, 1.50615078383e-05, 1.71009487531e-05, 6.08654454481e-06, 2.60489869106e-05, 1.4484681742e-05, 9.75459442998e-07, 4.53251777799e-06, 1.47854893839e-06, 3.44899291349e-07, 3.71667454147e-07, 3.88213976521e-07, 5.33603895292e-07, 4.10795746575e-06, 2.97807855532e-06, 3.01416162074e-06, 2.29372767535e-06, 1.35932202738e-06, 1.59672268296e-07, 3.02461339743e-05, 2.48719601359e-07, 3.5038186752e-07, 1.24156500192e-07, 1.22947923842e-07, 1.47419960683e-08, 1.61189694925e-09, 2.51920854579e-15],
        "max": [0.00147537898738, 0.0284268930554, 0.022162489593, 0.0154826957732, 0.0334163159132, 0.0355518236756, 0.019628431648, 0.0281292796135, 0.0116097787395, 0.00360216712579, 0.0111102312803, 0.00912325549871, 0.0078341094777, 0.0212075840682, 0.0131656583399, 0.0191258713603, 0.0214962922037, 0.0145783945918, 0.00408131675795, 0.0570093654096, 0.00455107633024, 0.00480450456962, 0.00360213778913, 0.00353883183561, 0.00137443875428, 0.000281233922578, 7.14938607871e-07],
        "mean": [6.92748217261e-05, 0.0015496108681, 0.00125221069902, 0.00117584713735, 0.00304099009372, 0.00156665034592, 0.000622069695964, 0.00064830633346, 0.000687797321007, 0.000402438890887, 0.000409839645727, 0.000382420548704, 0.000530634133611, 0.00123480556067, 0.000987888779491, 0.00112385465764, 0.000853738223668, 0.000696510309353, 0.000219406632823, 0.000361061509466, 0.000206490352866, 0.000186882083653, 0.000151662301505, 0.000131921391585, 6.08246919001e-05, 1.65815818036e-05, 2.48282350235e-09],
        "median": [5.82236907576e-06, 0.000383011356462, 0.00049157376634, 0.000563620589674, 0.00203851284459, 0.000855847029015, 0.000251540419413, 0.000126245387946, 0.000277092447504, 0.000213654784602, 0.000106269442767, 0.000168392318301, 0.000214982850594, 0.000327650341205, 0.000324321707012, 0.000291820673738, 0.000224312301725, 0.000261896289885, 9.02232932276e-05, 4.71920648124e-05, 4.51350060757e-05, 3.33472526108e-05, 2.15890413529e-05, 1.85702774615e-05, 8.61138869368e-06, 1.07063760879e-06, 2.32567992642e-10],
        "min": [7.0579035949e-09, 5.43508235751e-07, 1.70604812411e-06, 7.85670636105e-07, 1.38749428515e-05, 2.20051856559e-06, 3.97693327159e-07, 2.41954262492e-06, 1.19565368095e-06, 6.08185985129e-07, 1.38059789379e-07, 2.17414162762e-06, 3.89785691368e-06, 2.10380608223e-06, 9.80941763373e-07, 3.42361460071e-07, 1.47116770677e-06, 8.2032465798e-07, 3.83919655178e-07, 2.30723713912e-07, 3.24338969904e-07, 1.8904273702e-07, 1.26801978695e-07, 9.64790771718e-08, 1.36218254454e-08, 1.37904141231e-11, 1.39687705847e-11],
        "var": [3.00150801991e-08, 9.78226762527e-06, 4.90741695103e-06, 3.25201176565e-06, 1.27101520775e-05, 6.34600019112e-06, 1.79538415068e-06, 4.36319987784e-06, 1.24264784063e-06, 2.71840377764e-07, 7.20189973435e-07, 4.53630406128e-07, 8.00428892944e-07, 6.22689049123e-06, 2.65089283857e-06, 4.11525934396e-06, 2.63703987002e-06, 1.48466710925e-06, 1.46285188407e-07, 7.18944511391e-06, 1.62887516808e-07, 1.75550113113e-07, 1.31321641561e-07, 1.02861442031e-07, 1.47700349729e-08, 1.31580824014e-09, 9.05321201882e-16]
    },
    "erbbands": {
        "dmean": [0.027509668842, 0.267249643803, 1.00082266331, 2.24106693268, 3.16735649109, 7.24227905273, 9.67632579803, 6.85245227814, 5.03845071793, 5.31756591797, 9.36094665527, 10.2051467896, 6.36029481888, 7.36253166199, 8.5871887207, 8.15396595001, 15.046503067, 29.4258327484, 34.9379959106, 31.5675735474, 28.2936668396, 24.0113353729, 22.4842834473, 5.89197540283, 10.6324052811, 17.9350452423, 6.72411203384, 6.05148363113, 4.61317968369, 4.02877616882, 3.00586342812, 2.67782497406, 1.21234869957, 0.533101320267, 0.255250900984, 0.0890732929111, 0.0142060834914, 0.000646262604278, 1.9970089852e-05, 8.69615814736e-06],
        "dmean2": [0.0417083315551, 0.44069236517, 1.73311293125, 3.90161752701, 5.41733837128, 11.9566888809, 15.8538589478, 11.2284059525, 8.10739707947, 7.4748711586, 13.9775276184, 16.3532733917, 10.14523983, 11.4738502502, 12.4973011017, 12.1015405655, 22.9665164948, 42.7963104248, 55.285823822, 49.2825965881, 41.151714325, 36.4944496155, 33.6352806091, 8.71070384979, 17.0455036163, 30.4639415741, 10.4763936996, 9.31231403351, 6.88162088394, 5.80668020248, 4.09374427795, 3.64742231369, 1.65063405037, 0.76663595438, 0.355789065361, 0.124173179269, 0.020617833361, 0.000994954723865, 2.68003241217e-05, 1.15888706205e-05],
        "dvar": [0.00393767049536, 0.432644069195, 5.97885417938, 16.4425678253, 28.8825855255, 172.751647949, 557.119995117, 287.515441895, 95.0697021484, 236.117141724, 1312.76843262, 421.626495361, 127.719345093, 158.822570801, 267.078430176, 205.732421875, 687.638427734, 5082.61767578, 4316.75097656, 3603.57470703, 3924.02514648, 3528.98730469, 1849.17333984, 108.334724426, 2813.4987793, 20172.6054688, 909.365539551, 225.270507812, 155.212615967, 103.58846283, 58.8374595642, 47.7269630432, 7.61095571518, 1.37510025501, 0.312346100807, 0.0387498810887, 0.00106978567783, 3.05960952574e-06, 1.90993598714e-09, 1.96506533268e-10],
        "dvar2": [0.00850382633507, 1.07636094093, 16.7251739502, 45.8759727478, 78.2572402954, 467.714935303, 1498.59155273, 779.45123291, 238.905349731, 352.098846436, 3213.69384766, 1046.7388916, 335.122070312, 371.197784424, 543.339660645, 442.444763184, 1396.16845703, 9014.546875, 9569.7578125, 8526.69140625, 7522.30371094, 7243.15185547, 4108.97851562, 223.065261841, 7582.81640625, 55520.8671875, 2495.78149414, 551.300109863, 375.575592041, 229.320129395, 112.682113647, 99.7840423584, 15.2225170135, 2.92689633369, 0.623755395412, 0.0841228291392, 0.00238864333369, 7.62572472013e-06, 4.01992128474e-09, 3.88749893387e-10],
        "max": [0.729986906052, 6.99812459946, 23.5626411438, 34.8627319336, 73.4155349731, 134.020889282, 315.308105469, 260.538452148, 160.155761719, 519.085998535, 783.303588867, 316.730926514, 182.94342041, 261.492614746, 406.796295166, 252.561538696, 436.166015625, 1161.88977051, 938.429870605, 760.548950195, 1099.46520996, 1503.29345703, 722.685852051, 141.048492432, 954.057128906, 2421.65722656, 527.365844727, 245.798187256, 146.932891846, 118.029296875, 90.5629119873, 98.2330856323, 42.8799858093, 19.5559101105, 6.94197130203, 2.31519246101, 0.424131184816, 0.0272627174854, 0.000628116598818, 0.000181309806067],
        "mean": [0.0389742180705, 0.379589557648, 1.30056452751, 2.97112607956, 4.79597759247, 11.7597198486, 16.1073436737, 11.7082557678, 8.47198867798, 10.9902381897, 16.3361644745, 17.1277332306, 11.6424198151, 14.0292987823, 18.3639163971, 16.3908252716, 29.1793556213, 54.282169342, 61.4891014099, 60.1455535889, 55.0258102417, 49.0014305115, 42.0394325256, 12.3251600266, 13.9620580673, 16.1721153259, 8.49203968048, 8.309425354, 6.49707126617, 5.8848991394, 4.14128732681, 3.49376225471, 1.71033775806, 0.753746151924, 0.392617702484, 0.126351132989, 0.0202532969415, 0.000772900937591, 3.71423884644e-05, 2.64264344878e-05],
        "median": [0.00602834997699, 0.109046809375, 0.563977479935, 1.47083282471, 2.97721338272, 6.57262706757, 8.63184261322, 5.89346170425, 4.58321619034, 3.55582714081, 4.47844409943, 7.54534244537, 6.05844926834, 7.6560997963, 6.9859046936, 8.02314186096, 12.2749509811, 14.746471405, 26.5055122375, 21.208366394, 16.2284507751, 14.7659854889, 16.0475215912, 5.87889528275, 4.38354444504, 2.26707983017, 1.8163715601, 1.52938556671, 1.17511665821, 0.863289773464, 0.562511980534, 0.505798578262, 0.229156568646, 0.120341964066, 0.0447234176099, 0.00968933105469, 0.00126575387549, 5.40490545973e-05, 1.25837113956e-05, 2.08438159461e-05],
        "min": [1.34243955472e-05, 9.99554322334e-05, 0.00252864230424, 0.0260206758976, 0.030547587201, 0.0482845343649, 0.0545980781317, 0.0523103587329, 0.0195196196437, 0.0385973602533, 0.0380081310868, 0.040861658752, 0.0388427525759, 0.02973581478, 0.0880626812577, 0.146356612444, 0.181687667966, 0.216649651527, 0.188408881426, 0.0351991802454, 0.0381464771926, 0.0902470052242, 0.0457316450775, 0.0323107168078, 0.01733972691, 0.0155458701774, 0.00836462434381, 0.0100047625601, 0.00627470482141, 0.00478709675372, 0.0033329424914, 0.002988190623, 0.000959217722993, 0.000298113125609, 4.81045899505e-05, 3.07731625071e-06, 6.30297790849e-07, 1.30421113909e-07, 4.00055881755e-07, 2.94771069775e-07],
        "var": [0.00669547589496, 0.59031111002, 5.17324447632, 18.3491439819, 34.8881149292, 214.718261719, 660.909851074, 371.884552002, 158.956512451, 1133.79248047, 2531.25708008, 711.44342041, 289.703735352, 363.444549561, 1089.2043457, 594.729064941, 2301.30102539, 14412.8369141, 9552.77832031, 8648.94824219, 10568.8349609, 8933.41796875, 5032.14306641, 274.475402832, 2182.68579102, 13442.7763672, 682.585876465, 309.916229248, 204.051574707, 162.636932373, 106.6590271, 77.1414260864, 15.1671142578, 2.3985042572, 0.645202279091, 0.0759025216103, 0.00208731507882, 3.91914409192e-06, 3.81949138983e-09, 5.17547227297e-10]
    },
    "gfcc": {
        "mean": [-20.6289272308, 102.647491455, -140.967681885, 39.3910446167, -57.2534255981, 16.5707111359, -53.8666305542, 0.933477520943, -23.5853214264, -5.76052379608, -15.8490667343, -5.60380172729, -4.90224504471],
        "cov": [[4934.04980469, -1666.29504395, -47.274684906, 281.856750488, -302.77520752, 153.327331543, -204.85748291, 226.965866089, -50.3537940979, 401.575561523, -277.247619629, 297.054840088, -137.826599121], [-1666.29504395, 1418.86682129, -201.699417114, -233.300292969, 318.183319092, -193.061065674, 170.011001587, -125.733772278, 149.584655762, -244.082061768, 208.151992798, -124.838607788, 160.052841187], [-47.274684906, -201.699417114, 989.389526367, 316.519683838, -307.52923584, 169.077484131, 31.0693836212, 60.3341674805, -125.258384705, 129.188644409, -53.2123222351, 23.0623130798, -55.0903739929], [281.856750488, -233.300292969, 316.519683838, 367.348266602, -75.2071304321, 84.9826965332, 12.8056154251, 21.2224826813, -12.48072052, 64.1495285034, -1.92436027527, -2.56687903404, 20.0075836182], [-302.77520752, 318.183319092, -307.52923584, -75.2071304321, 363.716491699, -22.6249008179, 42.264881134, -13.9257249832, 62.8250579834, -51.0224876404, 31.8644237518, -2.15500688553, 67.433555603], [153.327331543, -193.061065674, 169.077484131, 84.9826965332, -22.6249008179, 186.554412842, 40.2489852905, 39.0484580994, -23.9879341125, 55.0443305969, -34.0513572693, 17.554189682, -8.40925121307], [-204.85748291, 170.011001587, 31.0693836212, 12.8056154251, 42.264881134, 40.2489852905, 153.802627563, 7.76715183258, 5.25083780289, -7.42274188995, 19.0108013153, -13.3484344482, 16.3879566193], [226.965866089, -125.733772278, 60.3341674805, 21.2224826813, -13.9257249832, 39.0484580994, 7.76715183258, 122.430038452, 5.82224607468, 47.8616371155, -29.7218856812, 15.992556572, -13.8158798218], [-50.3537940979, 149.584655762, -125.258384705, -12.48072052, 62.8250579834, -23.9879341125, 5.25083780289, 5.82224607468, 119.818222046, -12.6648206711, 26.7606639862, -17.1801567078, 30.0455570221], [401.575561523, -244.082061768, 129.188644409, 64.1495285034, -51.0224876404, 55.0443305969, -7.42274188995, 47.8616371155, -12.6648206711, 132.29675293, -34.0398139954, 46.0380325317, -28.9514465332], [-277.247619629, 208.151992798, -53.2123222351, -1.92436027527, 31.8644237518, -34.0513572693, 19.0108013153, -29.7218856812, 26.7606639862, -34.0398139954, 108.964576721, -16.3616771698, 30.1441116333], [297.054840088, -124.838607788, 23.0623130798, -2.56687903404, -2.15500688553, 17.554189682, -13.3484344482, 15.992556572, -17.1801567078, 46.0380325317, -16.3616771698, 96.1482849121, -4.80739021301], [-137.826599121, 160.052841187, -55.0903739929, 20.0075836182, 67.433555603, -8.40925121307, 16.3879566193, -13.8158798218, 30.0455570221, -28.9514465332, 30.1441116333, -4.80739021301, 103.022979736]],
        "icov": [[0.000465317658382, 6.52233356959e-05, 0.0005195591948, -0.00053760810988, 0.000442604534328, -3.8861289795e-05, 0.00018619230832, -0.000340123835485, -1.15486791401e-05, -0.000700653879903, 0.00064926041523, -0.000943171500694, 0.000107799009129], [6.52233356959e-05, 0.00575092248619, -0.0039055661764, 0.00448923511431, -0.00389921222813, 0.00421900488436, -0.00438903504983, 0.00200077518821, -0.00493299495429, 0.0044008246623, -0.00488371029496, 0.0025164457038, -0.00372262764722], [0.0005195591948, -0.0039055661764, 0.0055898972787, -0.00507810199633, 0.00456132274121, -0.0037444382906, 0.00271092308685, -0.00211698212661, 0.00476574478671, -0.00444216560572, 0.00412467680871, -0.00281997397542, 0.00275491457433], [-0.00053760810988, 0.00448923511431, -0.00507810199633, 0.00859236810356, -0.00371273839846, 0.00256100133993, -0.00332387187518, 0.00231509772129, -0.00448200386018, 0.00290425587445, -0.00521745346487, 0.00422292342409, -0.00475233141333], [0.000442604534328, -0.00389921222813, 0.00456132274121, -0.00371273839846, 0.0076023535803, -0.00354089634493, 0.00207502418198, -0.00187721720431, 0.00277725816704, -0.00330670457333, 0.00406641606241, -0.00339083513245, 0.000875746714883], [-3.8861289795e-05, 0.00421900488436, -0.0037444382906, 0.00256100133993, -0.00354089634493, 0.010950429365, -0.00519253732637, 0.000628079753369, -0.00306121492758, 0.00181645399425, -0.00201966101304, 0.00175468192901, -0.00290836021304], [0.00018619230832, -0.00438903504983, 0.00271092308685, -0.00332387187518, 0.00207502418198, -0.00519253732637, 0.0112687544897, -0.00228834385052, 0.00383967766538, -0.00329877599142, 0.00246053026058, -0.00126621627714, 0.00245558773167], [-0.000340123835485, 0.00200077518821, -0.00211698212661, 0.00231509772129, -0.00187721720431, 0.000628079753369, -0.00228834385052, 0.0112724304199, -0.00349026639014, -0.00066528422758, -0.000316609279253, 0.00145995151252, -0.000997595489025], [-1.15486791401e-05, -0.00493299495429, 0.00476574478671, -0.00448200386018, 0.00277725816704, -0.00306121492758, 0.00383967766538, -0.00349026639014, 0.0155307427049, -0.0053163706325, 0.00243447674438, -0.00010334529361, 0.00118004740216], [-0.000700653879903, 0.0044008246623, -0.00444216560572, 0.00290425587445, -0.00330670457333, 0.00181645399425, -0.00329877599142, -0.00066528422758, -0.0053163706325, 0.0178742986172, -0.00365887908265, -0.00188299000729, -0.000409354135627], [0.00064926041523, -0.00488371029496, 0.00412467680871, -0.00521745346487, 0.00406641606241, -0.00201966101304, 0.00246053026058, -0.000316609279253, 0.00243447674438, -0.00365887908265, 0.0170640144497, -0.0034545538947, 0.0015219867928], [-0.000943171500694, 0.0025164457038, -0.00281997397542, 0.00422292342409, -0.00339083513245, 0.00175468192901, -0.00126621627714, 0.00145995151252, -0.00010334529361, -0.00188299000729, -0.0034545538947, 0.016678897664, -0.00344935921021], [0.000107799009129, -0.00372262764722, 0.00275491457433, -0.00475233141333, 0.000875746714883, -0.00290836021304, 0.00245558773167, -0.000997595489025, 0.00118004740216, -0.000409354135627, 0.0015219867928, -0.00344935921021, 0.0156297367066]]
    },
    "melbands": {
        "dmean": [0.000274689286016, 0.000441206648247, 0.000392519781599, 0.000348168978235, 0.000340892205713, 0.000153277243953, 7.53170461394e-05, 6.03779881203e-05, 7.96260937932e-05, 5.90138988628e-05, 3.19467071677e-05, 3.06480105792e-05, 3.20222679875e-05, 2.44183956966e-05, 2.62145513261e-05, 4.06787221436e-05, 5.52628080186e-05, 5.94796583755e-05, 3.90794084524e-05, 3.9821912651e-05, 3.97627118218e-05, 2.55718368862e-05, 3.479861698e-05, 1.05028821054e-05, 4.64009508505e-06, 5.37132200407e-06, 1.4522706806e-05, 1.16759165394e-05, 4.76176137454e-06, 4.35593165093e-06, 2.83374242827e-06, 2.50867583418e-06, 3.12775432576e-06, 1.98577436095e-06, 1.72440320512e-06, 1.90674245459e-06, 1.56323324063e-06, 9.188884178e-07, 6.55675364669e-07, 4.11150182344e-07],
        "dmean2": [0.000422235578299, 0.000744578661397, 0.00067639851477, 0.000578011444304, 0.000555867212825, 0.000251210585702, 0.000118717100122, 8.49732896313e-05, 0.00012209880515, 9.43484628806e-05, 5.09190685989e-05, 4.78528381791e-05, 4.68905382149e-05, 3.60849007848e-05, 4.01198267355e-05, 6.18232370471e-05, 8.02108115749e-05, 9.34748895816e-05, 6.19443817413e-05, 6.18059493718e-05, 5.88859438722e-05, 4.00429089495e-05, 5.45583279745e-05, 1.53492037498e-05, 7.02113538864e-06, 8.2322058006e-06, 2.47193929681e-05, 1.99714922928e-05, 7.7391623563e-06, 6.6914690251e-06, 4.28124076279e-06, 3.80232290809e-06, 4.76987588627e-06, 2.80634685623e-06, 2.44063130594e-06, 2.61001264334e-06, 2.22389257942e-06, 1.29465479404e-06, 9.48504691678e-07, 6.1415056507e-07],
        "dvar": [3.78886426233e-07, 1.12542500119e-06, 4.34258652149e-07, 3.50390337189e-07, 5.98215308401e-07, 1.4216404054e-07, 2.05755270599e-08, 2.69526161389e-08, 8.38765785716e-08, 1.34137385643e-08, 3.3118636722e-09, 2.7044819717e-09, 4.36845937202e-09, 2.74872657968e-09, 1.92463023296e-09, 5.98126925766e-09, 1.64445026485e-08, 1.40784992553e-08, 4.96832086583e-09, 5.70584468562e-09, 8.3525311112e-09, 4.60521887291e-09, 4.76494754764e-09, 4.0565270587e-10, 7.32669480641e-11, 1.66651303868e-10, 1.26200356831e-08, 8.3011055807e-09, 6.24673868188e-10, 1.17275425482e-10, 4.83245839178e-11, 4.69532156211e-11, 8.71803948477e-11, 2.24528069748e-11, 2.18760998899e-11, 2.35089656075e-11, 1.83793501252e-11, 4.72703994003e-12, 2.09030926249e-12, 8.81777290074e-13],
        "dvar2": [8.78251341874e-07, 2.97295127893e-06, 1.19185506264e-06, 9.43455916058e-07, 1.61137563737e-06, 3.86143909736e-07, 5.00096177802e-08, 4.37546638921e-08, 2.0394865885e-07, 3.31513554386e-08, 8.67472049748e-09, 6.52714948757e-09, 8.71133742919e-09, 5.69543923135e-09, 3.95767996153e-09, 1.14087042036e-08, 2.92607928998e-08, 2.9939329238e-08, 1.15208678153e-08, 1.28099690855e-08, 1.65730611457e-08, 9.91850424015e-09, 1.05326138922e-08, 9.50647338627e-10, 1.59007779166e-10, 3.66251251549e-10, 3.45311690353e-08, 2.30269705526e-08, 1.73219782962e-09, 2.97332408694e-10, 1.13755831144e-10, 1.12558885823e-10, 2.28981916761e-10, 4.44280723322e-11, 4.3962486429e-11, 4.74943764872e-11, 4.07607142483e-11, 9.53807866022e-12, 4.41385079528e-12, 2.02876907981e-12],
        "max": [0.00744481757283, 0.0101156141609, 0.00547009008005, 0.00652951933444, 0.0104946941137, 0.00584492925555, 0.00241225026548, 0.00481350161135, 0.00618455559015, 0.00172243174165, 0.000916223099921, 0.00100433186162, 0.00180064653978, 0.00135923328344, 0.000757560133934, 0.00119257462211, 0.00201477785595, 0.00212069111876, 0.000971017463598, 0.000899940554518, 0.00148871750571, 0.00162613100838, 0.00125121301971, 0.000315304321703, 0.000121007476992, 0.000190579085029, 0.00205246149562, 0.00154228310566, 0.000452659762232, 0.000141521406476, 0.000127630191855, 8.76944613992e-05, 0.000128337138449, 6.82872050675e-05, 6.43811945338e-05, 6.93390247761e-05, 5.79215084144e-05, 3.69492809114e-05, 2.37610038312e-05, 1.43505758388e-05],
        "mean": [0.000402677949751, 0.000626346387435, 0.000556624843739, 0.000568809977267, 0.000589763280004, 0.000265007867711, 0.000128507308546, 0.000121513388876, 0.000135820286232, 9.94346046355e-05, 5.59309446544e-05, 5.48343195987e-05, 6.59785291646e-05, 4.37890776084e-05, 5.01541435369e-05, 7.31094623916e-05, 9.77562012849e-05, 9.80791446636e-05, 7.49394021113e-05, 7.26825674064e-05, 6.80661396473e-05, 4.55304107163e-05, 6.16764009465e-05, 1.88722569874e-05, 8.56640599523e-06, 8.78882019606e-06, 1.35673026307e-05, 9.97589359031e-06, 5.34942137165e-06, 5.76819911657e-06, 3.95306869905e-06, 3.36147695634e-06, 4.16307284468e-06, 2.88444653052e-06, 2.27215059567e-06, 2.49410391007e-06, 1.96270025299e-06, 1.2421393194e-06, 9.07665480554e-07, 5.29071598976e-07],
        "median": [8.55922407936e-05, 0.000245311530307, 0.00030436067027, 0.000373456336092, 0.000337775738444, 0.000137201568577, 6.69036380714e-05, 3.77394317184e-05, 3.99584750994e-05, 4.20414471591e-05, 2.64215705101e-05, 2.92769127554e-05, 1.86684919754e-05, 1.72684467543e-05, 2.13779294427e-05, 2.64407026407e-05, 2.45066003117e-05, 3.69596200471e-05, 2.68422609224e-05, 2.02570172405e-05, 1.72950476554e-05, 1.15421507871e-05, 1.82720359589e-05, 8.55809412315e-06, 4.04548518418e-06, 3.41314785146e-06, 2.34175377045e-06, 1.18530124382e-06, 1.0684696008e-06, 9.44177941165e-07, 7.72834596319e-07, 6.51163759358e-07, 6.25744178251e-07, 4.3006448891e-07, 2.96838152281e-07, 3.40875317306e-07, 2.65551904022e-07, 1.63833732358e-07, 1.23084419101e-07, 8.84275550561e-08],
        "min": [1.74188841129e-07, 5.85215843785e-07, 4.39038649347e-06, 1.86934505564e-06, 2.6867314773e-06, 4.11050137927e-07, 9.76186456114e-08, 4.79768800687e-07, 1.67768348547e-07, 1.783233472e-07, 1.60497677371e-07, 7.88525653661e-08, 1.5855303559e-07, 1.74565172983e-07, 1.86408712466e-07, 3.31455453306e-07, 3.55258606533e-07, 2.60077769099e-07, 3.80663855992e-08, 3.58997205296e-08, 3.01064737585e-08, 7.24699518173e-08, 4.40978205063e-08, 3.85034439887e-08, 2.0212166163e-08, 1.05893747104e-08, 1.31620634392e-08, 7.25094428944e-09, 4.05160260897e-09, 7.85457565655e-09, 4.81321871248e-09, 2.91675150699e-09, 1.94053129121e-09, 2.20702478515e-09, 1.67879332658e-09, 1.41904732409e-09, 6.64980681631e-10, 6.14914619224e-10, 6.89234129839e-12, 6.3194883354e-12],
