{
"highlevel": {
    "danceability": {
        "all": {
            "danceable": 0.748447716236,
            "not_danceable": 0.251552283764
        },
        "probability": 0.748447716236,
        "value": "danceable"
    },
    "gender": {
        "all": {
            "female": 0.209112852812,
            "male": 0.790887176991
        },
        "probability": 0.790887176991,
        "value": "male"
    },
    "genre_dortmund": {
        "all": {
            "alternative": 0.0862515643239,
            "blues": 0.065538674593,
            "electronic": 0.0303933657706,
            "folkcountry": 0.285684585571,
            "funksoulrnb": 0.035556640476,
            "jazz": 0.120663255453,
            "pop": 0.0785716846585,
            "raphiphop": 0.0545605309308,
            "rock": 0.242779701948
        },
        "probability": 0.285684585571,
        "value": "folkcountry"
    },
    "genre_electronic": {
        "all": {
            "ambient": 0.720137119293,
            "dnb": 0.0685274451971,
            "house": 0.150281593204,
            "techno": 0.0202299300581,
            "trance": 0.0408239103854
        },
        "probability": 0.720137119293,
        "value": "ambient"
    },
    "genre_rosamerica": {
        "all": {
            "cla": 0.0383267849684,
            "dan": 0.017836753279,
            "hip": 0.152851656079,
            "jaz": 0.0874183177948,
            "pop": 0.179767772555,
            "rhy": 0.455509841442,
            "roc": 0.0232818424702,
            "spe": 0.0450070165098
        },
        "probability": 0.455509841442,
        "value": "rhy"
    },
    "genre_tzanetakis": {
        "all": {
            "blu": 2.07100775331e-14,
            "cla": 1.13764673273e-14,
            "cou": 2.28104786849e-14,
            "dis": 1.51927285314e-14,
            "hip": 4.29852551123e-14,
            "jaz": 0.999999880791,
            "met": 2.0000017642e-08,
            "pop": 2.0000017642e-08,
            "reg": 1.66666822565e-08,
            "roc": 3.33333645131e-08
        },
        "probability": 0.999999880791,
        "value": "jaz"
    },
    "ismir04_rhythm": {
        "all": {
            "ChaChaCha": 0.159090667963,
            "Jive": 0.00746884616092,
            "Quickstep": 0.266667366028,
            "Rumba-American": 0.0148555021733,
            "Rumba-International": 0.059840105474,
            "Rumba-Misc": 0.0179532151669,
            "Samba": 0.0772749036551,
            "Tango": 0.234722033143,
            "VienneseWaltz": 0.0728850141168,
            "Waltz": 0.0892423540354
        },
        "probability": 0.266667366028,
        "value": "Quickstep"
    },
    "mood_acoustic": {
        "all": {
            "acoustic": 0.572139382362,
            "not_acoustic": 0.427860617638
        },
        "probability": 0.572139382362,
        "value": "acoustic"
    },
    "mood_aggressive": {
        "all": {
            "aggressive": 0.0202475804836,
            "not_aggressive": 0.979752421379
        },
        "probability": 0.979752421379,
        "value": "not_aggressive"
    },
    "mood_electronic": {
        "all": {
            "electronic": 0.1216968894,
            "not_electronic": 0.8783031106
        },
        "probability": 0.8783031106,
        "value": "not_electronic"
    },
    "mood_happy": {
        "all": {
            "happy": 0.854660570621,
            "not_happy": 0.145339414477
        },
        "probability": 0.854660570621,
        "value": "happy"
    },
    "mood_party": {
        "all": {
            "not_party": 0.921806693077,
            "party": 0.0781932771206
        },
        "probability": 0.921806693077,
        "value": "not_party"
    },
    "mood_relaxed": {
        "all": {
            "not_relaxed": 0.191584035754,
            "relaxed": 0.808415949345
        },
        "probability": 0.808415949345,
        "value": "relaxed"
    },
    "mood_sad": {
        "all": {
            "not_sad": 0.382762104273,
            "sad": 0.617237865925
        },
        "probability": 0.617237865925,
        "value": "sad"
    },
    "moods_mirex": {
        "all": {
            "Cluster1": 0.127269253135,
            "Cluster2": 0.234252437949,
            "Cluster3": 0.51601421833,
            "Cluster4": 0.106949977577,
            "Cluster5": 0.0155141158029
        },
        "probability": 0.51601421833,
        "value": "Cluster3"
    },
    "timbre": {
        "all": {
            "bright": 0.901837408543,
            "dark": 0.0981626063585
        },
        "probability": 0.901837408543,
        "value": "bright"
    },
    "tonal_atonal": {
        "all": {
            "atonal": 0.00126787717454,
            "tonal": 0.998732149601
        },
        "probability": 0.998732149601,
        "value": "tonal"
    },
    "voice_instrumental": {
        "all": {
            "instrumental": 0.168418481946,
            "voice": 0.831581532955
        },
        "probability": 0.831581532955,
        "value": "voice"
    }
},
"lowlevel": {
    "average_loudness": 0.355531215668,
    "barkbands_crest": {
        "dmean": 2.43585515022,
        "dmean2": 3.83671808243,
        "dvar": 7.0790810585,
        "dvar2": 16.0465927124,
        "max": 26.0205860138,
        "mean": 11.3977499008,
        "median": 9.98688316345,
        "min": 3.25950717926,
        "var": 23.529542923
    },
    "barkbands_flatness_db": {
        "dmean": 0.0233750157058,
        "dmean2": 0.0355304293334,
        "dvar": 0.000523040594999,
        "dvar2": 0.00102253735531,
        "max": 0.376464158297,
        "mean": 0.193405196071,
        "median": 0.186159983277,
        "min": 0.0683653056622,
        "var": 0.00334832025692
    },
    "barkbands_kurtosis": {
        "dmean": 3.58807611465,
        "dmean2": 5.346367836,
        "dvar": 66.7751464844,
        "dvar2": 98.5666656494,
        "max": 312.257568359,
        "mean": 6.77771091461,
        "median": 3.38228750229,
        "min": -1.87102425098,
        "var": 310.046447754
    },
    "barkbands_skewness": {
        "dmean": 0.577778339386,
        "dmean2": 0.849070906639,
        "dvar": 0.460906744003,
        "dvar2": 0.888643443584,
        "max": 15.8913507462,
        "mean": 1.6720020771,
        "median": 1.49194848537,
        "min": -2.16599392891,
        "var": 2.28830456734
    },
    "barkbands_spread": {
        "dmean": 6.99478816986,
        "dmean2": 10.4907884598,
        "dvar": 128.178237915,
        "dvar2": 247.332931519,
        "max": 104.232696533,
        "mean": 19.7281780243,
        "median": 12.2596654892,
        "min": 0.642942130566,
        "var": 366.851501465
    },
    "dissonance": {
        "dmean": 0.0220205597579,
        "dmean2": 0.0352888442576,
        "dvar": 0.000414314563386,
        "dvar2": 0.00104224483948,
        "max": 0.499047100544,
        "mean": 0.446762770414,
        "median": 0.452018737793,
        "min": 0.316775649786,
        "var": 0.00109028967563
    },
    "dynamic_complexity": 3.18886756897,
    "erbbands_crest": {
        "dmean": 2.85326004028,
        "dmean2": 4.5719461441,
        "dvar": 8.44071960449,
        "dvar2": 19.3003826141,
        "max": 28.9794750214,
        "mean": 11.0535068512,
        "median": 10.2707281113,
        "min": 2.75140476227,
        "var": 24.3599720001
    },
    "erbbands_flatness_db": {
        "dmean": 0.0208750516176,
        "dmean2": 0.03059701249,
        "dvar": 0.000459070550278,
        "dvar2": 0.000907529785763,
        "max": 0.371645182371,
        "mean": 0.191077500582,
        "median": 0.18582649529,
        "min": 0.0685155168176,
        "var": 0.00307816220447
    },
    "erbbands_kurtosis": {
        "dmean": 1.70177936554,
        "dmean2": 2.66344165802,
        "dvar": 7.69642734528,
        "dvar2": 17.0182037354,
        "max": 55.5440368652,
        "mean": 1.5852098465,
        "median": 0.196494817734,
        "min": -1.78793656826,
        "var": 16.2576065063
    },
    "erbbands_skewness": {
        "dmean": 0.529802203178,
        "dmean2": 0.775140941143,
        "dvar": 0.340801268816,
        "dvar2": 0.67830234766,
        "max": 6.6342625618,
        "mean": 0.741708874702,
        "median": 0.841547250748,
        "min": -3.57346630096,
        "var": 1.3658093214
    },
    "erbbands_spread": {
        "dmean": 10.7092180252,
        "dmean2": 16.8545532227,
        "dvar": 188.728912354,
        "dvar2": 456.908599854,
        "max": 126.849273682,
        "mean": 38.3545417786,
        "median": 33.3493728638,
        "min": 3.18145227432,
        "var": 497.517883301
    },
    "hfc": {
        "dmean": 9.34645271301,
        "dmean2": 13.0061893463,
        "dvar": 434.983154297,
        "dvar2": 971.708740234,
        "max": 318.387054443,
        "mean": 20.7213878632,
        "median": 10.7393140793,
        "min": 0.445034503937,
        "var": 758.282226562
    },
    "melbands_crest": {
        "dmean": 2.5626335144,
        "dmean2": 3.94750666618,
        "dvar": 6.88624763489,
        "dvar2": 15.5830831528,
        "max": 35.2345848083,
        "mean": 13.7422237396,
        "median": 12.5859098434,
        "min": 4.5322432518,
        "var": 28.342212677
    },
    "melbands_flatness_db": {
        "dmean": 0.0280667208135,
        "dmean2": 0.0391484722495,
        "dvar": 0.00089123606449,
        "dvar2": 0.00163893506397,
        "max": 0.480090081692,
        "mean": 0.240730002522,
        "median": 0.232773095369,
        "min": 0.0220078211278,
        "var": 0.00687853433192
    },
    "melbands_kurtosis": {
        "dmean": 7.65063238144,
        "dmean2": 11.4765262604,
        "dvar": 266.659790039,
        "dvar2": 512.912780762,
        "max": 446.326019287,
        "mean": 17.3325328827,
        "median": 8.28482437134,
        "min": -1.82978069782,
        "var": 1325.20202637
    },
    "melbands_skewness": {
        "dmean": 0.719859361649,
        "dmean2": 1.1065877676,
        "dvar": 0.744293749332,
        "dvar2": 1.59216058254,
        "max": 15.5965681076,
        "mean": 2.61165332794,
        "median": 2.16593742371,
        "min": -0.667108356953,
        "var": 4.01469516754
    },
    "melbands_spread": {
        "dmean": 10.0207052231,
        "dmean2": 14.9803037643,
        "dvar": 410.005706787,
        "dvar2": 825.085571289,
        "max": 221.927658081,
        "mean": 23.3098831177,
        "median": 12.9411621094,
        "min": 0.494348227978,
        "var": 1016.82867432
    },
    "pitch_salience": {
        "dmean": 0.063286781311,
        "dmean2": 0.0995928496122,
        "dvar": 0.00431843195111,
        "dvar2": 0.00961532723159,
        "max": 0.834013819695,
        "mean": 0.537609934807,
        "median": 0.553346395493,
        "min": 0.0688190236688,
        "var": 0.0159128271043
    },
    "silence_rate_20dB": {
        "dmean": 0,
        "dmean2": 0,
        "dvar": 0,
        "dvar2": 0,
        "max": 1,
        "mean": 1,
        "median": 1,
        "min": 1,
        "var": 0
    },
    "silence_rate_30dB": {
        "dmean": 0.0061919502914,
        "dmean2": 0.0123934932053,
        "dvar": 0.00615360587835,
        "dvar2": 0.0122398938984,
        "max": 1,
        "mean": 0.979118347168,
        "median": 1,
        "min": 0,
        "var": 0.0204456541687
    },
    "silence_rate_60dB": {
        "dmean": 0.0139318881556,
        "dmean2": 0.0278853606433,
        "dvar": 0.0137379486114,
        "dvar2": 0.031755503267,
        "max": 1,
        "mean": 0.0301624126732,
        "median": 0,
        "min": 0,
        "var": 0.0292522571981
    },
    "spectral_centroid": {
        "dmean": 318.368438721,
        "dmean2": 458.235900879,
        "dvar": 203511.015625,
        "dvar2": 363485.09375,
        "max": 4876.03125,
        "mean": 1211.28710938,
        "median": 949.041015625,
        "min": 256.251281738,
        "var": 754822.5625
    },
    "spectral_complexity": {
        "dmean": 3.04024767876,
        "dmean2": 4.41982936859,
        "dvar": 12.8482713699,
        "dvar2": 23.8128566742,
        "max": 49,
        "mean": 14.2173242569,
        "median": 12,
        "min": 3,
        "var": 71.7617492676
    },
    "spectral_decrease": {
        "dmean": 1.70434044655e-09,
        "dmean2": 2.36240582652e-09,
        "dvar": 7.92281035329e-18,
        "dvar2": 1.28805719485e-17,
        "max": -3.41610045806e-10,
        "mean": -5.88104853705e-09,
        "median": -3.88456511402e-09,
        "min": -6.83883953911e-08,
        "var": 4.63303298608e-17
    },
    "spectral_energy": {
        "dmean": 0.00705001503229,
        "dmean2": 0.00979261193424,
        "dvar": 0.000121215787658,
        "dvar2": 0.000201318121981,
        "max": 0.260392814875,
        "mean": 0.0240759272128,
        "median": 0.0161353312433,
        "min": 0.00133922218811,
        "var": 0.000702408549841
    },
    "spectral_energyband_high": {
        "dmean": 0.000906930537894,
        "dmean2": 0.0012864752207,
        "dvar": 7.59074237067e-06,
        "dvar2": 1.66825648193e-05,
        "max": 0.041053570807,
        "mean": 0.00138102797791,
        "median": 0.000212500643102,
        "min": 3.34708438743e-08,
        "var": 1.14210179163e-05
    },
    "spectral_energyband_low": {
        "dmean": 0.00195894041099,
        "dmean2": 0.00272467406467,
        "dvar": 8.6805295723e-05,
        "dvar2": 0.000141580734635,
        "max": 0.256185233593,
        "mean": 0.00713942805305,
        "median": 0.00217589922249,
        "min": 5.80684827582e-05,
        "var": 0.000526890042238
    },
    "spectral_energyband_middle_high": {
        "dmean": 0.00124669715296,
        "dmean2": 0.00175884983037,
        "dvar": 6.09048765909e-06,
        "dvar2": 1.09142165456e-05,
        "max": 0.0593559369445,
        "mean": 0.00285481009632,
        "median": 0.00128414656501,
        "min": 1.57206686708e-05,
        "var": 1.59219780471e-05
    },
    "spectral_energyband_middle_low": {
        "dmean": 0.0049046119675,
        "dmean2": 0.00734821567312,
        "dvar": 6.2470928242e-05,
        "dvar2": 0.000150914522237,
        "max": 0.0903056040406,
        "mean": 0.0132766971365,
        "median": 0.00917471107095,
        "min": 0.000305425928673,
        "var": 0.000150655658217
    },
    "spectral_entropy": {
        "dmean": 0.206590726972,
        "dmean2": 0.298062682152,
        "dvar": 0.0558125004172,
        "dvar2": 0.10250890255,
        "max": 8.74984550476,
        "mean": 7.2520813942,
        "median": 7.2752122879,
        "min": 5.56471586227,
        "var": 0.363070756197
    },
    "spectral_flux": {
        "dmean": 0.0238020718098,
        "dmean2": 0.0367708839476,
        "dvar": 0.000863908033352,
        "dvar2": 0.00177527731284,
        "max": 0.422037899494,
        "mean": 0.0673397034407,
        "median": 0.0586702413857,
        "min": 0.00731810322031,
        "var": 0.00222976994701
    },
    "spectral_kurtosis": {
        "dmean": 3.09112739563,
        "dmean2": 5.25886678696,
        "dvar": 19.3483867645,
        "dvar2": 53.1931152344,
        "max": 56.6530303955,
        "mean": 6.13473939896,
        "median": 3.68407297134,
        "min": -1.35515594482,
        "var": 55.8958206177
    },
    "spectral_rms": {
        "dmean": 0.000672385212965,
        "dmean2": 0.000943731574807,
        "dvar": 5.6879684962e-07,
        "dvar2": 1.02498836441e-06,
        "max": 0.0159386880696,
        "mean": 0.00439095823094,
        "median": 0.00396759202704,
        "min": 0.00114304781891,
        "var": 4.20819060309e-06
    },
    "spectral_rolloff": {
        "dmean": 636.114440918,
        "dmean2": 1026.3729248,
        "dvar": 1999752.875,
        "dvar2": 3959822.25,
        "max": 11369.53125,
        "mean": 1574.73950195,
        "median": 645.99609375,
        "min": 64.599609375,
        "var": 4832267
    },
    "spectral_skewness": {
        "dmean": 0.359944164753,
        "dmean2": 0.573891580105,
        "dvar": 0.149182021618,
        "dvar2": 0.364806890488,
        "max": 5.28755283356,
        "mean": 1.56439983845,
        "median": 1.37809276581,
        "min": 0.0303371213377,
        "var": 0.693289458752
    },
    "spectral_spread": {
        "dmean": 646983.5,
        "dmean2": 956101.875,
        "dvar": 920750260224,
        "dvar2": 1.92186993869e+12,
        "max": 14605018,
        "mean": 4159454.75,
        "median": 3949489.75,
        "min": 916100,
        "var": 3.33368079155e+12
    },
    "spectral_strongpeak": {
        "dmean": 0.509626805782,
        "dmean2": 0.812484800816,
        "dvar": 0.734419465065,
        "dvar2": 1.79201793671,
        "max": 10.9215011597,
        "mean": 1.16951835155,
        "median": 0.761522591114,
        "min": 0.0369602739811,
        "var": 1.52260184288
    },
    "zerocrossingrate": {
        "dmean": 0.0141499526799,
        "dmean2": 0.0152475368232,
        "dvar": 0.000461217336124,
        "dvar2": 0.000495547312312,
        "max": 0.3271484375,
        "mean": 0.0578747354448,
        "median": 0.041015625,
        "min": 0.00390625,
        "var": 0.00288476329297
    },
    "barkbands": {
        "dmean": [4.51307496405e-05, 0.00167336151935, 0.000535937491804, 0.000644937565085, 0.00111554516479, 0.000892553536687, 0.00221382593736, 0.000788106350228, 0.00112162623554, 0.000444458361017, 0.00012549602252, 0.000118405238027, 0.000118406642287, 0.000196078501176, 7.76279339334e-05, 0.000236524909269, 0.000320495426422, 0.000109582208097, 0.000155937712407, 0.0001697485568, 0.000254909624346, 0.000212114799069, 0.000116895353131, 0.000230856705457, 9.41716498346e-05, 3.20710896631e-05, 5.22444398854e-09],
        "dmean2": [5.95156016061e-05, 0.00253514340147, 0.000917326833587, 0.0011132999789, 0.00182395952288, 0.00131125852931, 0.00333003979176, 0.00118089083117, 0.00157556438353, 0.000680430792272, 0.00018915689725, 0.000182157440577, 0.000198924899451, 0.000296334706945, 0.00011770594574, 0.000354584306479, 0.00051354453899, 0.000175328212208, 0.000240904249949, 0.000264661415713, 0.000383041944588, 0.000311754003633, 0.000173127526068, 0.000354190910002, 0.000142135031638, 4.77499816043e-05, 6.20770146398e-09],
        "dvar": [5.88746615904e-08, 9.97603128781e-05, 1.51691256178e-05, 5.89082992519e-06, 1.01002051451e-05, 2.18162313104e-06, 2.65538947133e-05, 7.25848803995e-06, 1.17657054943e-05, 4.3528139031e-06, 1.07525963244e-07, 1.1664647559e-07, 1.59211253958e-07, 2.74995073823e-07, 2.75367089131e-08, 3.33311902523e-07, 8.29512487144e-07, 9.33892749799e-08, 9.44987306184e-08, 1.7845287914e-07, 4.77797698295e-07, 3.50134655491e-07, 1.87005866792e-07, 8.04319029157e-07, 1.31967780703e-07, 1.54470161107e-08, 1.24916632824e-14],
        "dvar2": [8.88066722382e-08, 0.000192738283658, 3.91176945413e-05, 1.74007018359e-05, 3.01394884445e-05, 4.55027702628e-06, 5.25711511727e-05, 1.45775820783e-05, 2.07337343454e-05, 8.78407172422e-06, 2.51843800925e-07, 2.80765391381e-07, 3.88083066127e-07, 5.53600273179e-07, 5.97176921247e-08, 7.37958430364e-07, 2.0409327135e-06, 2.37866913722e-07, 2.20307626364e-07, 3.80712606329e-07, 1.10170969947e-06, 7.82469101068e-07, 4.14082393263e-07, 1.87667285445e-06, 2.92661098911e-07, 3.72534856297e-08, 1.24977390497e-14],
        "max": [0.00647720694542, 0.234140098095, 0.0738217532635, 0.0473689697683, 0.0443013310432, 0.023824673146, 0.0648934319615, 0.0724671557546, 0.0492447204888, 0.0497491843998, 0.00438409112394, 0.00406706146896, 0.00521579571068, 0.00767895625904, 0.00233508669771, 0.00873373448849, 0.013087942265, 0.00458965310827, 0.00338908564299, 0.00844168569893, 0.0119561571628, 0.00874324515462, 0.00668992334977, 0.0138854710385, 0.00529049243778, 0.00241656019352, 3.67489951714e-06],
        "mean": [0.000124027501442, 0.00566013017669, 0.000899916281924, 0.00103499449324, 0.00200479920022, 0.00264628906734, 0.00385911134072, 0.00117704703007, 0.00231352052651, 0.000692013418302, 0.000213831983274, 0.000180103597813, 0.000159537128638, 0.000279053405393, 0.00012474200048, 0.000363175902748, 0.000429816835094, 0.000160011913977, 0.000235007930314, 0.000260230415734, 0.00036860149703, 0.000307402719045, 0.000149220373714, 0.000276946782833, 0.000116956194688, 3.94521193812e-05, 4.97552177237e-09],
        "median": [1.53031464833e-06, 0.00138577818871, 0.000289329356747, 0.000422956189141, 0.00106278841849, 0.00148163642734, 0.000852932222188, 0.000311928626616, 0.000256341299973, 0.000112479952804, 5.69576004636e-05, 4.2141029553e-05, 3.23195199599e-05, 4.54540058854e-05, 3.65505875379e-05, 8.75199621078e-05, 9.80996264843e-05, 3.55071060767e-05, 6.3735365984e-05, 5.17374210176e-05, 6.20386126684e-05, 3.09545393975e-05, 1.21328803289e-05, 1.35948321258e-05, 5.30355282535e-06, 2.8247507089e-06, 2.81792589263e-10],
        "min": [8.62394156087e-10, 1.15457978609e-05, 9.90519583866e-06, 3.01798377222e-06, 1.93981541088e-05, 1.20791319205e-05, 7.2814136729e-06, 2.16653870666e-06, 2.12619852391e-06, 7.61351486744e-07, 5.84596534736e-07, 5.95286280713e-07, 2.43837064318e-07, 1.83926132991e-07, 3.21711326023e-07, 5.55735368835e-07, 6.64946355755e-07, 2.38819808374e-07, 7.5340132355e-08, 2.26105925094e-08, 1.01246575568e-08, 4.87053242182e-09, 2.73641553861e-09, 2.96156255075e-09, 4.41765860004e-11, 1.24315948161e-11, 1.43720998644e-11],
        "var": [4.45047305675e-07, 0.000415393384174, 1.51181229739e-05, 4.7195476327e-06, 1.08970743895e-05, 1.05387625808e-05, 6.01033316343e-05, 1.18810912682e-05, 4.16854381911e-05, 6.71823772791e-06, 1.96344302594e-07, 1.80427903729e-07, 1.9901526116e-07, 5.65330651625e-07, 5.51080816535e-08, 6.84761857883e-07, 1.07021310214e-06, 1.19673842391e-07, 1.87126403262e-07, 3.80164863145e-07, 6.5739521915e-07, 5.91154616814e-07, 2.42719295329e-07, 1.00730142094e-06, 1.76271839791e-07, 1.8088320175e-08, 1.2496357539e-14]
    },
    "erbbands": {
        "dmean": [0.0535973832011, 0.431661516428, 0.709361255169, 1.35999798775, 2.93185663223, 3.69040060043, 7.04541301727, 6.87408018112, 25.0129184723, 27.2902965546, 18.3661022186, 27.6384811401, 16.8052959442, 7.92114496231, 3.60015726089, 5.14573144913, 5.03821802139, 8.14738464355, 6.39802932739, 6.8779540062, 12.9889135361, 16.727689743, 6.20123291016, 5.93854427338, 8.79586696625, 7.77585029602, 7.10905218124, 12.9866027832, 8.31519794464, 2.83446216583, 4.08741617203, 5.25225877762, 3.27948236465, 1.27867794037, 0.626566767693, 0.197726428509, 0.0508965179324, 0.00342181953602, 7.46484074625e-05, 1.32836976263e-05],
        "dmean2": [0.0628679320216, 0.652340888977, 1.09711301327, 2.35764908791, 4.95025110245, 6.00169706345, 10.090133667, 10.5698871613, 37.1346855164, 42.380531311, 25.887342453, 38.6095275879, 25.6371269226, 11.399189949, 5.69293022156, 7.81424760818, 8.09362983704, 12.3674087524, 9.68656921387, 10.2847547531, 19.6249027252, 26.5327987671, 9.99929618835, 9.00434780121, 13.5865278244, 12.2271900177, 10.5782785416, 19.5521602631, 12.1559104919, 4.17898035049, 6.04732751846, 8.07746124268, 5.11096000671, 1.94603133202, 0.95857322216, 0.298493117094, 0.0754907280207, 0.00518472399563, 0.000108138890937, 1.89094243979e-05],
        "dvar": [0.103536278009, 6.80934906006, 23.0513725281, 38.5582580566, 90.9899291992, 104.915245056, 238.195770264, 150.044006348, 3169.26733398, 5307.14453125, 3345.06469727, 9382.69433594, 6361.72021484, 527.940429688, 135.034103394, 215.448989868, 259.243286133, 477.672454834, 228.178375244, 389.098114014, 781.949157715, 2879.26147461, 354.035980225, 134.891586304, 377.179870605, 401.587677002, 284.482574463, 1417.52319336, 506.492797852, 144.575408936, 212.194366455, 340.396759033, 202.58013916, 27.0468139648, 5.48920965195, 0.637254476547, 0.0300895906985, 0.000171121690073, 7.42534851383e-08, 7.30074056765e-10],
        "dvar2": [0.120268128812, 15.911529541, 56.0667953491, 111.494949341, 260.472595215, 308.247253418, 578.233520508, 319.806427002, 6463.03710938, 11853.8417969, 6717.32861328, 16321.2783203, 14271.7773438, 979.289001465, 329.288238525, 499.585510254, 587.971191406, 1093.70166016, 516.78503418, 957.612487793, 1553.07861328, 7321.90917969, 931.126464844, 291.386566162, 850.655700684, 914.705932617, 618.258789062, 3374.66064453, 1116.14697266, 317.046417236, 471.575073242, 751.99005127, 496.536407471, 60.0993843079, 12.8360023499, 1.56113266945, 0.0675019845366, 0.000399092561565, 1.68888732333e-07, 1.58010282636e-09],
        "max": [8.96612071991, 56.9233856201, 95.651473999, 118.01701355, 149.719406128, 150.362411499, 263.815795898, 253.32989502, 749.077697754, 942.041259766, 1504.06616211, 1478.58935547, 1761.77832031, 569.215393066, 189.4112854, 185.400009155, 234.018692017, 367.10144043, 210.042602539, 306.17364502, 506.437561035, 885.455200195, 288.339569092, 149.689666748, 299.202911377, 308.987487793, 209.090087891, 700.017089844, 352.486206055, 211.511184692, 221.042114258, 226.961013794, 251.988632202, 78.6026306152, 32.0885772705, 15.9924707413, 2.84802079201, 0.230878174305, 0.00494397850707, 0.000454122608062],
        "mean": [0.146053299308, 1.27435660362, 1.54850816727, 2.24682831764, 4.28409671783, 6.84235954285, 20.5407447815, 18.1447925568, 44.8166160583, 44.8687057495, 32.9948768616, 55.8284034729, 29.4020500183, 13.6230230331, 6.1538848877, 8.07927513123, 7.62965297699, 12.0998830795, 9.34878158569, 11.2816581726, 23.3909759521, 22.4527702332, 8.98760128021, 9.98140716553, 13.8839864731, 11.9602594376, 11.1072883606, 18.1823635101, 12.354804039, 3.71673107147, 5.09938764572, 6.51152086258, 3.8006966114, 1.51335346699, 0.767913639545, 0.24412125349, 0.0632621869445, 0.00407091388479, 0.000104561077023, 3.62981445505e-05],
        "median": [0.0207138471305, 0.353264272213, 0.441826343536, 1.10591256618, 1.82328641415, 3.51853966713, 9.11046886444, 10.6184988022, 14.9245281219, 8.54738712311, 9.08833408356, 6.26819372177, 5.03237485886, 3.76122951508, 2.18617510796, 1.74521958828, 1.84505414963, 2.33504486084, 2.17754769325, 3.59652042389, 5.69549512863, 6.17933654785, 2.77296113968, 2.55235958099, 3.65411925316, 2.37852168083, 2.17041516304, 2.46622896194, 1.3422870636, 0.423964172602, 0.412867873907, 0.356875896454, 0.16731543839, 0.0545602701604, 0.0336534716189, 0.0164594408125, 0.00324824731797, 0.000173217413248, 1.89495567611e-05, 2.31743451877e-05],
        "min": [0.00026138316025, 0.00287273852155, 0.0133445616812, 0.0315274074674, 0.0293853208423, 0.0691516846418, 0.132217481732, 0.120569333434, 0.140327379107, 0.0936991274357, 0.100757159293, 0.0505023337901, 0.0381979197264, 0.0430818200111, 0.0406181029975, 0.0250415336341, 0.0231300964952, 0.025598436594, 0.0208712182939, 0.0309377461672, 0.0390921719372, 0.0369738526642, 0.0265367031097, 0.00884517934173, 0.00272535160184, 0.00108522758819, 0.000386872823583, 0.000526070361957, 0.000250388955465, 7.68416721257e-05, 8.64009416546e-05, 6.80438970448e-05, 4.57738060504e-05, 7.85183237895e-06, 2.77621688838e-06, 1.6675688812e-06, 8.85370241122e-07, 1.16921121673e-07, 7.27935116629e-07, 1.55512793754e-06],
        "var": [0.486229717731, 19.777463913, 37.4584732056, 27.2423152924, 74.4616622925, 133.089935303, 844.556152344, 444.551879883, 6587.6171875, 9644.49609375, 6878.96582031, 30249.0371094, 8872.68554688, 1079.59570312, 177.093032837, 391.342803955, 372.309387207, 974.216918945, 376.550750732, 537.263549805, 2589.13842773, 3165.81469727, 359.315124512, 310.513549805, 800.111083984, 753.757751465, 500.808258057, 1813.93640137, 898.94152832, 187.730804443, 271.880981445, 473.958953857, 226.887374878, 35.2308692932, 7.09039115906, 0.711764454842, 0.0429459325969, 0.000222726375796, 1.00913347012e-07, 1.7966562682e-09]
    },
    "gfcc": {
        "mean": [-39.029384613, 115.917533875, -114.132843018, 42.1211509705, -66.8801574707, -3.75469446182, -36.9683647156, 9.68531703949, -13.0844650269, 5.60505199432, -13.2870502472, -0.492004305124, -1.38568818569],
        "cov": [[5930.71679688, -3603.89404297, -50.1732978821, 330.902160645, -831.953918457, 566.177612305, -433.852081299, 441.196655273, -383.347900391, 544.437438965, -567.66973877, 269.431762695, -399.316772461], [-3603.89404297, 3443.15991211, -608.000427246, -631.369262695, 746.075500488, -592.337280273, 472.871337891, -390.865386963, 377.835754395, -470.224060059, 385.493774414, -234.190612793, 265.358612061], [-50.1732978821, -608.000427246, 806.002380371, 268.48916626, -107.976913452, 240.16468811, -139.481674194, 95.6476211548, -133.367462158, 42.6967010498, 3.0162024498, 55.4981422424, 0.733478248119], [330.902160645, -631.369262695, 268.48916626, 546.745666504, -108.568656921, 106.843193054, -59.6599884033, 24.0886878967, -9.72118663788, 61.1652641296, -5.96952390671, 3.33120203018, 12.6645889282], [-831.953918457, 746.075500488, -107.976913452, -108.568656921, 358.895599365, -69.103477478, 78.2700576782, -50.4071083069, 79.6597747803, -134.933929443, 92.1207885742, -27.1309719086, 74.2234573364], [566.177612305, -592.337280273, 240.16468811, 106.843193054, -69.103477478, 378.014984131, -54.3680763245, 84.3102874756, -87.7983169556, 31.3895492554, -48.9841308594, 32.3129806519, -43.266784668], [-433.852081299, 472.871337891, -139.481674194, -59.6599884033, 78.2700576782, -54.3680763245, 260.60345459, -30.6445713043, 74.735496521, -50.536075592, 66.3754806519, -36.6948394775, 22.2899646759], [441.196655273, -390.865386963, 95.6476211548, 24.0886878967, -50.4071083069, 84.3102874756, -30.6445713043, 173.545883179, -40.6643638611, 56.9625320435, -40.3254737854, 22.5259418488, -44.6724777222], [-383.347900391, 377.835754395, -133.367462158, -9.72118663788, 79.6597747803, -87.7983169556, 74.735496521, -40.6643638611, 173.047729492, -15.8046255112, 46.0802345276, -57.767578125, 20.504617691], [544.437438965, -470.224060059, 42.6967010498, 61.1652641296, -134.933929443, 31.3895492554, -50.536075592, 56.9625320435, -15.8046255112, 214.130004883, -38.8315238953, 4.79764032364, -86.4073486328], [-567.66973877, 385.493774414, 3.0162024498, -5.96952390671, 92.1207885742, -48.9841308594, 66.3754806519, -40.3254737854, 46.0802345276, -38.8315238953, 174.227142334, -21.0219249725, 48.8599624634], [269.431762695, -234.190612793, 55.4981422424, 3.33120203018, -27.1309719086, 32.3129806519, -36.6948394775, 22.5259418488, -57.767578125, 4.79764032364, -21.0219249725, 113.087585449, 14.502825737], [-399.316772461, 265.358612061, 0.733478248119, 12.6645889282, 74.2234573364, -43.266784668, 22.2899646759, -44.6724777222, 20.504617691, -86.4073486328, 48.8599624634, 14.502825737, 129.703582764]],
        "icov": [[0.000795578001998, 0.000630969123449, 0.000782756542321, 2.34583221754e-05, 0.000264009140665, -0.000339111778885, 6.92130633979e-05, -0.000365771702491, 0.000166297395481, -0.000150884414325, 0.000554762838874, -0.000585079891607, 0.00047928452841], [0.000630969123449, 0.00343282241374, -9.27268138184e-06, 0.00224514305592, -0.00228235032409, 0.00169579894282, -0.00188494916074, 0.00227923458442, -0.00127034762409, 0.0019114598399, -0.00128024560399, 0.00256157270633, -0.000648974906653], [0.000782756542321, -9.27268138184e-06, 0.00299420813099, -0.00118877761997, 0.000939877121709, -0.00156190176494, 0.00115111935884, -0.00151213794015, 0.00140153884422, -0.000505194067955, 2.59624648606e-05, -0.00127148022875, 0.000324739463395], [2.34583221754e-05, 0.00224514305592, -0.00118877761997, 0.00416592136025, -0.00126871175598, 0.00107207335532, -0.00131402688567, 0.00212359265424, -0.00183488894254, 0.000946774205659, -0.00125298008788, 0.00261195423082, -0.00177950051147], [0.000264009140665, -0.00228235032409, 0.000939877121709, -0.00126871175598, 0.00679229944944, -0.00191469420679, 0.00172507716343, -0.00263438210823, -0.000178170492291, 0.000396987394197, 0.000157427901286, -0.0026482003741, 0.000400809862185], [-0.000339111778885, 0.00169579894282, -0.00156190176494, 0.00107207335532, -0.00191469420679, 0.00527400849387, -0.00157168856822, 0.000950032961555, -6.3506726292e-05, 0.00185181212146, -0.000844272086397, 0.00209936476313, 0.000170040977537], [6.92130633979e-05, -0.00188494916074, 0.00115111935884, -0.00131402688567, 0.00172507716343, -0.00157168856822, 0.00640377914533, -0.00204486283474, -0.00033319517388, -0.000480627466459, -0.000410689826822, -0.00159318302758, 0.000940334517509], [-0.000365771702491, 0.00227923458442, -0.00151213794015, 0.00212359265424, -0.00263438210823, 0.000950032961555, -0.00204486283474, 0.0099762128666, -0.000999897602014, 0.000510055862833, -0.000826465315185, 0.00200399546884, 0.000209044577787], [0.000166297395481, -0.00127034762409, 0.00140153884422, -0.00183488894254, -0.000178170492291, -6.3506726292e-05, -0.00033319517388, -0.000999897602014, 0.0102121150121, -0.00226107449271, 0.00036226658267, 0.00183516123798, -0.000386538769817], [-0.000150884414325, 0.0019114598399, -0.000505194067955, 0.000946774205659, 0.000396987394197, 0.00185181212146, -0.000480627466459, 0.000510055862833, -0.00226107449271, 0.00969674810767, -0.00216492987238, 0.00140835402999, 0.00365948188119], [0.000554762838874, -0.00128024560399, 2.59624648606e-05, -0.00125298008788, 0.000157427901286, -0.000844272086397, -0.000410689826822, -0.000826465315185, 0.00036226658267, -0.00216492987238, 0.00952478032559, -0.00145484914538, -0.00106130482163], [-0.000585079891607, 0.00256157270633, -0.00127148022875, 0.00261195423082, -0.0026482003741, 0.00209936476313, -0.00159318302758, 0.00200399546884, 0.00183516123798, 0.00140835402999, -0.00145484914538, 0.0151350488886, -0.00460620922968], [0.00047928452841, -0.000648974906653, 0.000324739463395, -0.00177950051147, 0.000400809862185, 0.000170040977537, 0.000940334517509, 0.000209044577787, -0.000386538769817, 0.00365948188119, -0.00106130482163, -0.00460620922968, 0.0138367218897]]
    },
    "melbands": {
        "dmean": [0.000456233421573, 0.00041162504931, 0.000286896829493, 0.000221766735194, 0.000231166530284, 0.000178102112841, 0.000403209822252, 0.000269650219707, 0.000151225991431, 0.000175098452019, 8.52764787851e-05, 3.636243855e-05, 1.32052891786e-05, 1.12612533485e-05, 1.66128374985e-05, 1.10193368528e-05, 1.71467308974e-05, 1.35876398417e-05, 6.07285392107e-06, 1.50862824739e-05, 1.69266404555e-05, 2.11917231354e-05, 7.42267184251e-06, 5.17141461387e-06, 4.97459677717e-06, 6.64002345729e-06, 6.75502451486e-06, 5.32455624125e-06, 4.14486703448e-06, 6.04428078077e-06, 8.30631870485e-06, 5.75712601858e-06, 2.33996820498e-06, 1.22440042105e-06, 2.22011703954e-06, 2.95246491078e-06, 3.56205327989e-06, 2.62433741227e-06, 1.51231142809e-06, 9.50007120082e-07],
        "dmean2": [0.000605296110734, 0.000640727463178, 0.000491709215567, 0.000368388369679, 0.000338272278896, 0.000273140292848, 0.000595567864366, 0.000414021749748, 0.00021188321989, 0.000243229587795, 0.000130091662868, 5.16587897437e-05, 2.05201085919e-05, 1.68893639056e-05, 2.76585687971e-05, 1.7515692889e-05, 2.60713077296e-05, 2.06010900001e-05, 9.37944878387e-06, 2.33553055295e-05, 2.616153688e-05, 3.35417498718e-05, 1.22072351587e-05, 8.29113469081e-06, 7.57939369578e-06, 1.03384318209e-05, 1.04418031697e-05, 8.44042278914e-06, 6.28104771749e-06, 9.05309843802e-06, 1.27537277876e-05, 8.56553288031e-06, 3.54023813998e-06, 1.84044961316e-06, 3.33727894031e-06, 4.366263056e-06, 5.56106942895e-06, 4.14585656472e-06, 2.29890611081e-06, 1.47209573242e-06],
        "dvar": [7.0057621997e-06, 6.78954575051e-06, 1.35110337851e-06, 3.94103267354e-07, 3.12012389259e-07, 9.96005979914e-08, 8.00852262728e-07, 4.8814490583e-07, 1.94200310943e-07, 4.04567288115e-07, 1.6232175426e-07, 1.45315652844e-08, 1.63646007856e-09, 1.0300701403e-09, 3.21555337912e-09, 1.26412658119e-09, 2.26563989791e-09, 1.23934529306e-09, 1.98841484944e-10, 2.07602823821e-09, 1.54097790084e-09, 4.31434754589e-09, 8.21424428477e-10, 1.74715034107e-10, 1.03024637432e-10, 1.82330303633e-10, 3.27624205543e-10, 2.07660735829e-10, 9.62962903861e-11, 2.560630874e-10, 6.18225470816e-10, 2.52750181895e-10, 6.82522927065e-11, 3.89711284077e-11, 7.8269613013e-11, 8.15630826767e-11, 1.6936468894e-10, 1.33874175634e-10, 4.43844336284e-11, 1.43156224722e-11],
        "dvar2": [9.84195776255e-06, 1.62275991897e-05, 3.89562092096e-06, 1.14556155495e-06, 8.54865504607e-07, 2.22177632736e-07, 1.57486738317e-06, 1.07790708626e-06, 3.8103451061e-07, 6.86635019065e-07, 3.54073563358e-07, 2.60265533569e-08, 4.08000966345e-09, 2.46796649783e-09, 8.24319013049e-09, 2.86065549027e-09, 5.02601693597e-09, 2.91817192632e-09, 4.61230664772e-10, 4.85911177961e-09, 3.27347460249e-09, 1.08902193929e-08, 2.21552753921e-09, 4.28427654464e-10, 2.30186605887e-10, 4.01212285617e-10, 7.01250391089e-10, 4.93499296983e-10, 2.16434689615e-10, 5.92820847967e-10, 1.49776635539e-09, 5.77757952591e-10, 1.43459605306e-10, 8.85277962048e-11, 1.80024717356e-10, 1.71698225082e-10, 3.87199577956e-10, 3.38788330723e-10, 1.00673275272e-10, 3.29023128187e-11],
        "max": [0.0714875906706, 0.0642419308424, 0.0209011211991, 0.0105833625421, 0.00843216851354, 0.00500331446528, 0.00971244182438, 0.00827718898654, 0.00990102998912, 0.00978922937065, 0.00857332069427, 0.00328130577691, 0.000685402890667, 0.000478391797515, 0.000692202302162, 0.000652189308312, 0.000761022325605, 0.000524551491253, 0.000232699079788, 0.000597527832724, 0.000693602778483, 0.00106501183473, 0.000406754610594, 0.000182043251698, 0.000131281718495, 0.000154524837853, 0.000407322688261, 0.000173403241206, 0.000119014614029, 0.000218957051402, 0.000480630202219, 0.000232265127124, 0.000115803370136, 0.000118721000035, 0.000144159028423, 9.97716124402e-05, 0.00016100560606, 0.000210388490814, 0.00011678806186, 5.7052810007e-05],
        "mean": [0.00145503506064, 0.00118448713329, 0.000465257413452, 0.000359408790246, 0.00063484342536, 0.000462941476144, 0.000726227415726, 0.000435889494838, 0.0002811368322, 0.000356239295797, 0.000139100040542, 5.94401572016e-05, 2.19226512854e-05, 1.81167924893e-05, 2.16399548663e-05, 1.62115593412e-05, 2.44294624281e-05, 1.74558335857e-05, 9.992510968e-06, 2.22285761993e-05, 2.89316940325e-05, 2.78227289527e-05, 8.79629897099e-06, 7.73544979893e-06, 7.84655730968e-06, 9.71572444541e-06, 1.02264739326e-05, 7.37758955438e-06, 6.20329547019e-06, 8.44993610372e-06, 1.14451204354e-05, 8.49042407935e-06, 3.0489047731e-06, 1.48555886881e-06, 2.61185300587e-06, 3.74735395781e-06, 4.16543571191e-06, 2.98624217976e-06, 1.67663199591e-06, 1.09375889679e-06],
        "median": [0.000315732788295, 0.000341967854183, 0.00021981264581, 0.000186867750017, 0.000306279573124, 0.000278835912468, 0.000206407814403, 7.60662660468e-05, 5.82226457482e-05, 3.28002315655e-05, 2.18926215894e-05, 1.43515335367e-05, 7.02496481608e-06, 4.47851562058e-06, 3.92623269363e-06, 2.96762118523e-06, 4.13376483266e-06, 2.9704985991e-06, 3.1648348795e-06, 5.39287248102e-06, 5.64946003578e-06, 6.69630480843e-06, 2.47739444603e-06, 1.63112576956e-06, 1.74753461124e-06, 2.6563125175e-06, 2.25985763791e-06, 1.22103278954e-06, 1.26949362311e-06, 1.3508227994e-06, 1.30960734168e-06, 7.88313798239e-07, 3.24830210729e-07, 1.16031579012e-07, 1.78494559577e-07, 2.30051284689e-07, 1.76839932919e-07, 1.16288155994e-07, 4.60476279329e-08, 3.08752454714e-08],
