{
"highlevel": {
    "danceability": {
        "all": {
            "danceable": 0.275676131248,
            "not_danceable": 0.724323868752
        },
        "probability": 0.724323868752,
        "value": "not_danceable"
    },
    "gender": {
        "all": {
            "female": 0.0297521669418,
            "male": 0.970247805119
        },
        "probability": 0.970247805119,
        "value": "male"
    },
    "genre_dortmund": {
        "all": {
            "alternative": 0.0784528627992,
            "blues": 0.131442576647,
            "electronic": 0.00393492588773,
            "folkcountry": 0.463855147362,
            "funksoulrnb": 0.0318081341684,
            "jazz": 0.0660800561309,
            "pop": 0.0932775661349,
            "raphiphop": 0.00244716182351,
            "rock": 0.12870156765
        },
        "probability": 0.463855147362,
        "value": "folkcountry"
    },
    "genre_electronic": {
        "all": {
            "ambient": 0.727749586105,
            "dnb": 0.137677282095,
            "house": 0.0659946352243,
            "techno": 0.00446411920711,
            "trance": 0.0641143918037
        },
        "probability": 0.727749586105,
        "value": "ambient"
    },
    "genre_rosamerica": {
        "all": {
            "cla": 0.0613403916359,
            "dan": 0.00776814995334,
            "hip": 0.0057764807716,
            "jaz": 0.0290461722761,
            "pop": 0.334373176098,
            "rhy": 0.0794141367078,
            "roc": 0.474299430847,
            "spe": 0.00798206776381
        },
        "probability": 0.474299430847,
        "value": "roc"
    },
    "genre_tzanetakis": {
        "all": {
            "blu": 0.0626613423228,
            "cla": 0.0348169617355,
            "cou": 0.104475811124,
            "dis": 0.0784321576357,
            "hip": 0.15692435205,
            "jaz": 0.313974827528,
            "met": 0.0448166541755,
            "pop": 0.0627359300852,
            "reg": 0.0627360641956,
            "roc": 0.0784258767962
        },
        "probability": 0.313974827528,
        "value": "jaz"
    },
    "ismir04_rhythm": {
        "all": {
            "ChaChaCha": 0.0485430546105,
            "Jive": 0.161406159401,
            "Quickstep": 0.168887466192,
            "Rumba-American": 0.0192023646086,
            "Rumba-International": 0.0700337588787,
            "Rumba-Misc": 0.0122691933066,
            "Samba": 0.0485956519842,
            "Tango": 0.0258410871029,
            "VienneseWaltz": 0.424054443836,
            "Waltz": 0.0211668238044
        },
        "probability": 0.424054443836,
        "value": "VienneseWaltz"
    },
    "mood_acoustic": {
        "all": {
            "acoustic": 0.275577813387,
            "not_acoustic": 0.724422156811
        },
        "probability": 0.724422156811,
        "value": "not_acoustic"
    },
    "mood_aggressive": {
        "all": {
            "aggressive": 0.057247530669,
            "not_aggressive": 0.942752480507
        },
        "probability": 0.942752480507,
        "value": "not_aggressive"
    },
    "mood_electronic": {
        "all": {
            "electronic": 0.0288544315845,
            "not_electronic": 0.971145570278
        },
        "probability": 0.971145570278,
        "value": "not_electronic"
    },
    "mood_happy": {
        "all": {
            "happy": 0.870255172253,
            "not_happy": 0.129744797945
        },
        "probability": 0.870255172253,
        "value": "happy"
    },
    "mood_party": {
        "all": {
            "not_party": 0.78877979517,
            "party": 0.211220175028
        },
        "probability": 0.78877979517,
        "value": "not_party"
    },
    "mood_relaxed": {
        "all": {
            "not_relaxed": 0.995213449001,
            "relaxed": 0.00478655379266
        },
        "probability": 0.995213449001,
        "value": "not_relaxed"
    },
    "mood_sad": {
        "all": {
            "not_sad": 0.372820019722,
            "sad": 0.627179980278
        },
        "probability": 0.627179980278,
        "value": "sad"
    },
    "moods_mirex": {
        "all": {
            "Cluster1": 0.16941703856,
            "Cluster2": 0.42834097147,
            "Cluster3": 0.206023693085,
            "Cluster4": 0.175756290555,
            "Cluster5": 0.0204619951546
        },
        "probability": 0.42834097147,
        "value": "Cluster2"
    },
    "timbre": {
        "all": {
            "bright": 0.999998092651,
            "dark": 1.91988533516e-06
        },
        "probability": 0.999998092651,
        "value": "bright"
    },
    "tonal_atonal": {
        "all": {
            "atonal": 0.000716581533197,
            "tonal": 0.999283432961
        },
        "probability": 0.999283432961,
        "value": "tonal"
    },
    "voice_instrumental": {
        "all": {
            "instrumental": 0.00217430037446,
            "voice": 0.997825682163
        },
        "probability": 0.997825682163,
        "value": "voice"
    }
},
"lowlevel": {
    "average_loudness": 0.966694772243,
    "barkbands_crest": {
        "dmean": 2.23386669159,
        "dmean2": 3.57682394981,
        "dvar": 4.76614952087,
        "dvar2": 12.3717746735,
        "max": 21.9139003754,
        "mean": 8.05544376373,
        "median": 7.30962657928,
        "min": 2.59155130386,
        "var": 9.57915687561
    },
    "barkbands_flatness_db": {
        "dmean": 0.0219827406108,
        "dmean2": 0.0328489765525,
        "dvar": 0.000462264055386,
        "dvar2": 0.0010570230661,
        "max": 0.385148406029,
        "mean": 0.146015182137,
        "median": 0.142804011703,
        "min": 0.0508048757911,
        "var": 0.00142605812289
    },
    "barkbands_kurtosis": {
        "dmean": 1.14588844776,
        "dmean2": 1.85141861439,
        "dvar": 5.5622253418,
        "dvar2": 14.8630666733,
        "max": 42.4190597534,
        "mean": 0.903146326542,
        "median": 0.0456788539886,
        "min": -1.76342213154,
        "var": 10.5449066162
    },
    "barkbands_skewness": {
        "dmean": 0.359200000763,
        "dmean2": 0.534643054008,
        "dvar": 0.134338721633,
        "dvar2": 0.294787079096,
        "max": 4.77064752579,
        "mean": 0.723307311535,
        "median": 0.60698646307,
        "min": -1.56375789642,
        "var": 0.692299425602
    },
    "barkbands_spread": {
        "dmean": 5.74019145966,
        "dmean2": 8.98775482178,
        "dvar": 44.0539054871,
        "dvar2": 109.873947144,
        "max": 62.5285797119,
        "mean": 23.4124679565,
        "median": 21.7262191772,
        "min": 1.77394652367,
        "var": 100.256538391
    },
    "dissonance": {
        "dmean": 0.0213391296566,
        "dmean2": 0.0360493957996,
        "dvar": 0.000375909585273,
        "dvar2": 0.00107638863847,
        "max": 0.499999970198,
        "mean": 0.457448780537,
        "median": 0.463160425425,
        "min": 0.3253518641,
        "var": 0.000770029844716
    },
    "dynamic_complexity": 2.33652210236,
    "erbbands_crest": {
        "dmean": 3.24075031281,
        "dmean2": 5.23924922943,
        "dvar": 9.1465587616,
        "dvar2": 23.916765213,
        "max": 28.7423915863,
        "mean": 10.1153993607,
        "median": 9.1326789856,
        "min": 2.65921545029,
        "var": 20.6590080261
    },
    "erbbands_flatness_db": {
        "dmean": 0.0234678443521,
        "dmean2": 0.0342849306762,
        "dvar": 0.000528751814272,
        "dvar2": 0.00112807599362,
        "max": 0.290177762508,
        "mean": 0.181893751025,
        "median": 0.185888141394,
        "min": 0.0701247602701,
        "var": 0.00156357814558
    },
    "erbbands_kurtosis": {
        "dmean": 0.87208533287,
        "dmean2": 1.38541793823,
        "dvar": 1.06655335426,
        "dvar2": 2.63581299782,
        "max": 9.50706577301,
        "mean": 0.418642252684,
        "median": -0.0870747566223,
        "min": -1.65907335281,
        "var": 2.71162652969
    },
    "erbbands_skewness": {
        "dmean": 0.368226975203,
        "dmean2": 0.572810769081,
        "dvar": 0.121804334223,
        "dvar2": 0.288483351469,
        "max": 2.4643933773,
        "mean": 0.141082003713,
        "median": 0.161806792021,
        "min": -2.41023898125,
        "var": 0.452595740557
    },
    "erbbands_spread": {
        "dmean": 6.98585414886,
        "dmean2": 10.6021947861,
        "dvar": 57.4451599121,
        "dvar2": 128.915924072,
        "max": 84.1086578369,
        "mean": 28.690284729,
        "median": 26.1226634979,
        "min": 5.63099241257,
        "var": 166.397232056
    },
    "hfc": {
        "dmean": 8.30643463135,
        "dmean2": 12.6266918182,
        "dvar": 101.739173889,
        "dvar2": 226.858535767,
        "max": 100.531074524,
        "mean": 24.5520992279,
        "median": 22.9898262024,
        "min": 0.716747641563,
        "var": 292.83392334
    },
    "melbands_crest": {
        "dmean": 2.44414830208,
        "dmean2": 3.97883629799,
        "dvar": 7.0066614151,
        "dvar2": 18.2378635406,
        "max": 28.4352035522,
        "mean": 10.6980466843,
        "median": 10.0837173462,
        "min": 4.12144708633,
        "var": 12.7394952774
    },
    "melbands_flatness_db": {
        "dmean": 0.0263254176825,
        "dmean2": 0.0374656505883,
        "dvar": 0.000765401811805,
        "dvar2": 0.00172837101854,
        "max": 0.502538502216,
        "mean": 0.183426886797,
        "median": 0.177092701197,
        "min": 0.0537364706397,
        "var": 0.0028142305091
    },
    "melbands_kurtosis": {
        "dmean": 2.55497980118,
        "dmean2": 3.95649957657,
        "dvar": 26.2454776764,
        "dvar2": 63.3147926331,
        "max": 88.3671035767,
        "mean": 4.26673698425,
        "median": 1.82366943359,
        "min": -1.68013298512,
        "var": 59.0379943848
    },
    "melbands_skewness": {
        "dmean": 0.453001409769,
        "dmean2": 0.663287699223,
        "dvar": 0.233617380261,
        "dvar2": 0.464391112328,
        "max": 8.08550357819,
        "mean": 1.48551380634,
        "median": 1.26977801323,
        "min": -0.825455248356,
        "var": 1.1306912899
    },
    "melbands_spread": {
        "dmean": 6.974173069,
        "dmean2": 10.7444829941,
        "dvar": 53.9392433167,
        "dvar2": 123.751052856,
        "max": 98.7098312378,
        "mean": 30.9776649475,
        "median": 29.1536884308,
        "min": 1.46289920807,
        "var": 224.421264648
    },
    "pitch_salience": {
        "dmean": 0.058182310313,
        "dmean2": 0.0948510766029,
        "dvar": 0.00266168848611,
        "dvar2": 0.00718329427764,
        "max": 0.758908331394,
        "mean": 0.551047503948,
        "median": 0.554002642632,
        "min": 0.280682653189,
        "var": 0.00637608068064
    },
    "silence_rate_20dB": {
        "dmean": 0,
        "dmean2": 0,
        "dvar": 0,
        "dvar2": 0,
        "max": 1,
        "mean": 1,
        "median": 1,
        "min": 1,
        "var": 0
    },
    "silence_rate_30dB": {
        "dmean": 0,
        "dmean2": 0,
        "dvar": 0,
        "dvar2": 0,
        "max": 1,
        "mean": 1,
        "median": 1,
        "min": 1,
        "var": 0
    },
    "silence_rate_60dB": {
        "dmean": 0.00464396271855,
        "dmean2": 0.00929511990398,
        "dvar": 0.00462229643017,
        "dvar2": 0.00920905638486,
        "max": 1,
        "mean": 0.00464037107304,
        "median": 0,
        "min": 0,
        "var": 0.00461876951158
    },
    "spectral_centroid": {
        "dmean": 242.84185791,
        "dmean2": 368.54208374,
        "dvar": 61126.8046875,
        "dvar2": 146557.609375,
        "max": 3004.07861328,
        "mean": 1524.34204102,
        "median": 1542.61499023,
        "min": 197.812911987,
        "var": 293067.59375
    },
    "spectral_complexity": {
        "dmean": 3.40634679794,
        "dmean2": 5.19752120972,
        "dvar": 11.1127004623,
        "dvar2": 23.5139789581,
        "max": 42,
        "mean": 19.7594738007,
        "median": 20,
        "min": 3,
        "var": 45.5717163086
    },
    "spectral_decrease": {
        "dmean": 1.61739166504e-09,
        "dmean2": 2.41183895078e-09,
        "dvar": 3.77395281495e-18,
        "dvar2": 8.41390086552e-18,
        "max": -3.2781211079e-10,
        "mean": -5.87245807537e-09,
        "median": -5.41176081725e-09,
        "min": -1.97659435486e-08,
        "var": 1.02160536235e-17
    },
    "spectral_energy": {
        "dmean": 0.00675136689097,
        "dmean2": 0.0100081926212,
        "dvar": 6.41643346171e-05,
        "dvar2": 0.000142295350088,
        "max": 0.0804664418101,
        "mean": 0.0243909303099,
        "median": 0.0226822271943,
        "min": 0.00135937554296,
        "var": 0.000179701833986
    },
    "spectral_energyband_high": {
        "dmean": 0.000498608627822,
        "dmean2": 0.000844391877763,
        "dvar": 9.85585984381e-07,
        "dvar2": 2.46865283771e-06,
        "max": 0.00703082187101,
        "mean": 0.000530570279807,
        "median": 0.000206870143302,
        "min": 3.17416748885e-07,
        "var": 8.6975717295e-07
    },
    "spectral_energyband_low": {
        "dmean": 0.00129028514493,
        "dmean2": 0.00216471659951,
        "dvar": 5.59445788895e-06,
        "dvar2": 1.40519914567e-05,
        "max": 0.026118202135,
        "mean": 0.00492906151339,
        "median": 0.00433669472113,
        "min": 1.21204420793e-05,
        "var": 9.74106296781e-06
    },
    "spectral_energyband_middle_high": {
        "dmean": 0.00306098279543,
        "dmean2": 0.00423756008968,
        "dvar": 1.47926120917e-05,
        "dvar2": 2.81409265881e-05,
        "max": 0.0516711957753,
        "mean": 0.00939463451505,
        "median": 0.00762159284204,
        "min": 2.50583198067e-05,
        "var": 6.71635352774e-05
    },
    "spectral_energyband_middle_low": {
        "dmean": 0.00439821695909,
        "dmean2": 0.00697052432224,
        "dvar": 4.45082769147e-05,
        "dvar2": 0.000108594067569,
        "max": 0.0683864653111,
        "mean": 0.0104809496552,
        "median": 0.00819147378206,
        "min": 0.000610102782957,
        "var": 6.62354141241e-05
    },
    "spectral_entropy": {
        "dmean": 0.222491070628,
        "dmean2": 0.317549228668,
        "dvar": 0.055574465543,
        "dvar2": 0.120057478547,
        "max": 8.44103813171,
        "mean": 7.34348630905,
        "median": 7.32264614105,
        "min": 5.54582118988,
        "var": 0.138099238276
    },
    "spectral_flux": {
        "dmean": 0.0247117765248,
        "dmean2": 0.0369023568928,
        "dvar": 0.00052807002794,
        "dvar2": 0.0010387430666,
        "max": 0.219328269362,
        "mean": 0.0789992213249,
        "median": 0.0747809112072,
        "min": 0.00798048358411,
        "var": 0.00144549657125
    },
    "spectral_kurtosis": {
        "dmean": 2.53474211693,
        "dmean2": 4.20529317856,
        "dvar": 5.94764900208,
        "dvar2": 15.7916812897,
        "max": 34.2552146912,
        "mean": 6.05368089676,
        "median": 5.55902194977,
        "min": 0.499398469925,
        "var": 11.5507459641
    },
    "spectral_rms": {
        "dmean": 0.00066121481359,
        "dmean2": 0.000963420781773,
        "dvar": 5.10587881308e-07,
        "dvar2": 1.06567779312e-06,
        "max": 0.00886023975909,
        "mean": 0.00468724267557,
        "median": 0.00470414757729,
        "min": 0.00115161633585,
        "var": 1.82581311492e-06
    },
    "spectral_rolloff": {
        "dmean": 440.4637146,
        "dmean2": 757.815856934,
        "dvar": 530248.0625,
        "dvar2": 1329586.125,
        "max": 8914.74609375,
        "mean": 1686.79968262,
        "median": 1550.390625,
        "min": 150.732421875,
        "var": 860352.0625
    },
    "spectral_skewness": {
        "dmean": 0.276704400778,
        "dmean2": 0.445259362459,
        "dvar": 0.061266772449,
        "dvar2": 0.157893940806,
        "max": 4.40852832794,
        "mean": 1.65499305725,
        "median": 1.61251783371,
        "min": 0.851508021355,
        "var": 0.160503253341
    },
    "spectral_spread": {
        "dmean": 702149.625,
        "dmean2": 1041390.25,
        "dvar": 814408990720,
        "dvar2": 1.61967833088e+12,
        "max": 12027760,
        "mean": 3664358.75,
        "median": 3178402.25,
        "min": 1869061.125,
        "var": 2.02461780378e+12
    },
    "spectral_strongpeak": {
        "dmean": 0.994376182556,
        "dmean2": 1.57922661304,
        "dvar": 1.89604449272,
        "dvar2": 4.13419437408,
        "max": 9.796916008,
        "mean": 1.79172837734,
        "median": 0.756597578526,
        "min": 0.0574355535209,
        "var": 4.28730487823
    },
    "zerocrossingrate": {
        "dmean": 0.00939109921455,
        "dmean2": 0.0115924244747,
        "dvar": 9.30422465899e-05,
        "dvar2": 0.000135925380164,
        "max": 0.20458984375,
        "mean": 0.0611242763698,
        "median": 0.0595703125,
        "min": 0.00341796875,
        "var": 0.000500505382661
    },
    "barkbands": {
        "dmean": [5.34602040716e-05, 0.000878314487636, 0.000458092050394, 0.000288012757665, 0.000756978348363, 0.000918931793422, 0.000423563004006, 0.000984021695331, 0.00224139261991, 0.00122242700309, 0.000404481223086, 0.00100654258858, 0.000500192923937, 0.000617579207756, 0.00061019603163, 0.000370599766029, 0.000309060938889, 0.000364708219422, 0.000194813808776, 0.00023625830363, 6.538091111e-05, 0.000147013997776, 6.91846362315e-05, 6.92174362484e-05, 4.70305749332e-05, 2.03741656151e-05, 4.11813649848e-09],
        "dmean2": [8.54708850966e-05, 0.00150857598055, 0.000747541664168, 0.000457763439044, 0.00123130634893, 0.0014675790444, 0.000664912571665, 0.00159760157112, 0.0035980544053, 0.00188588176388, 0.000607373891398, 0.00141960894689, 0.000748367863707, 0.000926950830035, 0.000936703581829, 0.000566212751437, 0.000489597849082, 0.000555186008569, 0.00030129426159, 0.00037167413393, 0.000107223168015, 0.000248668802669, 0.000120965349197, 0.000120770549984, 8.10215788078e-05, 3.56516356987e-05, 5.03981389954e-09],
        "dvar": [2.49195668545e-08, 3.47645277543e-06, 5.43526539332e-07, 2.80216681858e-07, 1.13862540729e-06, 2.43282192969e-06, 6.18486296844e-07, 7.30089004719e-06, 2.38413958868e-05, 9.38430548558e-06, 9.41594066717e-07, 5.83428663958e-06, 1.95243410417e-06, 2.60881870418e-06, 1.1740513628e-06, 4.32735618006e-07, 3.23361007304e-07, 4.15482759308e-07, 6.88391779136e-08, 1.39119606501e-07, 1.62310609397e-08, 1.24960152448e-07, 2.7941004177e-08, 2.31422152552e-08, 1.1045041326e-08, 2.22339813227e-09, 1.03479203017e-14],
        "dvar2": [5.61531976473e-08, 9.17646502785e-06, 1.32919831231e-06, 7.0264235319e-07, 2.56102634921e-06, 6.14855252934e-06, 1.58132024808e-06, 1.93917130673e-05, 6.02255895501e-05, 2.18371715164e-05, 1.75466948349e-06, 1.14920767373e-05, 4.07056586482e-06, 5.33994307261e-06, 2.54971450886e-06, 9.09373397917e-07, 8.26273321763e-07, 9.03928253138e-07, 1.62115824764e-07, 3.35325353262e-07, 4.1379944804e-08, 3.19581687336e-07, 7.43705541595e-08, 6.23977953751e-08, 2.70442477301e-08, 5.26168753012e-09, 1.03524070352e-14],
        "max": [0.00330995162949, 0.0219234079123, 0.00868759118021, 0.00963945221156, 0.0144404545426, 0.0153034552932, 0.0109711615369, 0.0435140058398, 0.0613020583987, 0.039897646755, 0.0203930921853, 0.0381592363119, 0.0224804524332, 0.0260464418679, 0.0136003885418, 0.00923557765782, 0.00750014884397, 0.00809597969055, 0.0037733099889, 0.00537577131763, 0.00141502975021, 0.00343692861497, 0.00142517825589, 0.001355108805, 0.00173572625499, 0.000878121179994, 3.64560446542e-06],
        "mean": [5.79537336307e-05, 0.00274763279594, 0.00153874524403, 0.00104452855885, 0.00174967502244, 0.00147224834654, 0.000844333146233, 0.0012922512833, 0.00325708510354, 0.00190702651162, 0.000667942396831, 0.00173652975354, 0.000761313480325, 0.00101767678279, 0.00109829555731, 0.000650281610433, 0.000574795703869, 0.000742008327506, 0.000435655005276, 0.000410996057326, 7.16891445336e-05, 0.000129573585582, 5.85953603149e-05, 6.2293591327e-05, 4.2943207518e-05, 1.8911969164e-05, 3.89696275249e-09],
        "median": [6.80487300997e-06, 0.00225766398944, 0.00118855200708, 0.000613894313574, 0.0013071980793, 0.000958685239311, 0.000473482476082, 0.000440252973931, 0.00104797910899, 0.000708502775524, 0.000235888030147, 0.000394972768845, 0.000220851667109, 0.000311703246552, 0.000366862514056, 0.000217429842451, 0.000284399138764, 0.00032577503589, 0.000237321932218, 0.000210227735806, 3.14162643917e-05, 3.6323985114e-05, 1.55420311785e-05, 1.7098387616e-05, 5.68775294596e-06, 3.13867553814e-06, 3.08087999557e-10],
        "min": [2.19960156755e-08, 1.12144323339e-06, 3.85962152905e-07, 9.42669373671e-07, 1.5356206859e-05, 1.26469167299e-05, 1.25216934066e-06, 4.34106993907e-07, 2.52010363511e-06, 7.37891127756e-07, 2.05972901313e-06, 1.16477019674e-06, 3.2843365716e-06, 4.11277005696e-06, 9.24695768845e-07, 7.48027673581e-07, 2.93336654522e-07, 9.65097910921e-07, 1.04400172063e-07, 1.27951224727e-07, 9.62609263411e-08, 8.00023869374e-08, 2.6954358745e-08, 1.97874374663e-08, 2.35557546802e-08, 3.44861333934e-10, 6.56710016228e-12],
        "var": [2.79623773025e-08, 5.85097222938e-06, 1.4761295688e-06, 1.40963152262e-06, 2.65530979959e-06, 2.81431948679e-06, 1.38505106406e-06, 7.32264925318e-06, 3.40024962497e-05, 1.30813123178e-05, 2.2048120627e-06, 1.65367673617e-05, 3.54664848601e-06, 6.48976038065e-06, 3.30213674715e-06, 1.14770978143e-06, 7.09277230726e-07, 1.10573409984e-06, 2.74789783816e-07, 2.83060245465e-07, 1.46684318025e-08, 9.88548833902e-08, 1.97385130463e-08, 1.71047140896e-08, 1.60492117374e-08, 3.7437888345e-09, 1.03486140217e-14]
    },
    "erbbands": {
        "dmean": [0.0229109209031, 0.210255146027, 0.50577801466, 0.735831558704, 1.71702253819, 2.54166007042, 5.00062561035, 8.76529598236, 5.74355506897, 9.61835861206, 28.3634872437, 52.4267120361, 43.9754447937, 24.4745731354, 19.68110466, 41.641330719, 22.2176914215, 34.1600494385, 18.2154273987, 35.8401145935, 12.1510868073, 14.0420150757, 20.0033130646, 9.62243652344, 11.5753583908, 10.0688657761, 3.89196848869, 3.4944126606, 5.04083633423, 2.75423574448, 2.32758164406, 1.64300239086, 1.00649130344, 0.586365103722, 0.299558341503, 0.120683684945, 0.0308406520635, 0.00240763113834, 5.05874413648e-05, 1.05914296e-05],
        "dmean2": [0.0398656055331, 0.360417157412, 0.826847970486, 1.14705610275, 2.62158489227, 4.24044370651, 8.13260555267, 14.0259590149, 8.89702796936, 15.290927887, 46.5174179077, 83.1044006348, 68.1456832886, 36.7420005798, 29.4088439941, 59.1342773438, 32.2448730469, 50.5440940857, 28.73919487, 54.5439109802, 18.3998146057, 21.8358898163, 30.7591743469, 14.465927124, 18.1337356567, 15.7227983475, 6.33797740936, 5.92838668823, 8.50810432434, 4.54095172882, 4.11417388916, 2.89492487907, 1.73414123058, 1.02648234367, 0.512591660023, 0.210974901915, 0.0535623580217, 0.0041253240779, 8.59216233948e-05, 1.63663899002e-05],
        "dvar": [0.00261317892, 0.202673688531, 0.710440337658, 1.28985965252, 12.3943252563, 12.6271381378, 71.1138381958, 227.351226807, 103.128822327, 371.750396729, 6412.09277344, 15992.8447266, 18759.8691406, 1833.05957031, 1716.8782959, 10494.2216797, 3394.81933594, 8474.6796875, 1117.7734375, 4030.77050781, 376.702941895, 563.549865723, 1342.34216309, 220.287628174, 263.676696777, 254.262741089, 59.6221694946, 61.694229126, 142.577285767, 38.5439567566, 35.3445281982, 14.7523946762, 4.59718704224, 1.90281617641, 0.473893523216, 0.0745902135968, 0.00584752950817, 3.83179249184e-05, 1.35909763443e-08, 1.69919633919e-10],
        "dvar2": [0.00670999614522, 0.542637646198, 1.72478866577, 2.94116902351, 26.3182601929, 32.3371086121, 182.244232178, 568.31817627, 260.916290283, 999.519287109, 16613.0976562, 40635.5898438, 45683.7929688, 3949.9152832, 3436.27880859, 20425.8457031, 6497.51757812, 17844.5136719, 2581.70166016, 8701.40527344, 825.752197266, 1314.73669434, 2985.08764648, 454.388061523, 638.125671387, 624.774780273, 151.147094727, 158.95249939, 362.850708008, 97.2998428345, 95.5142364502, 40.2924728394, 12.1582489014, 4.91935634613, 1.12022709846, 0.178477793932, 0.0132298646495, 8.94236654858e-05, 3.11635623973e-08, 3.96166266459e-10],
        "max": [0.480376213789, 5.44252681732, 9.66052341461, 14.6422901154, 60.3527870178, 41.7044906616, 99.1913909912, 126.4945755, 168.927597046, 279.547851562, 1274.6640625, 1835.13220215, 1782.24035645, 709.440856934, 625.035217285, 1941.14245605, 1167.78076172, 1549.96337891, 544.275756836, 903.665893555, 375.722930908, 364.398498535, 443.810516357, 252.889221191, 219.416168213, 228.874572754, 109.602073669, 73.9086685181, 124.093200684, 62.3420562744, 57.2503471375, 36.5047645569, 16.0246810913, 17.6078739166, 15.3424949646, 4.74530792236, 1.67847895622, 0.157320708036, 0.00280703487806, 0.000162023628945],
        "mean": [0.057028286159, 0.692341804504, 1.82264208794, 2.89714646339, 4.8520154953, 5.22978448868, 7.67658042908, 13.3253030777, 12.2097244263, 15.9783163071, 40.2439002991, 79.4841995239, 63.635723114, 47.4901199341, 37.2697601318, 72.514503479, 39.578163147, 58.2908859253, 34.8417549133, 73.345741272, 25.6458034515, 29.5756263733, 41.0708007812, 23.7733325958, 26.5793628693, 18.840637207, 4.70301151276, 3.38410615921, 4.46391153336, 2.65657949448, 1.8620326519, 1.36628830433, 0.963077843189, 0.53091531992, 0.274680972099, 0.111160516739, 0.0289715342224, 0.00219497317448, 5.90062918491e-05, 3.27346751874e-05],
        "median": [0.0339870713651, 0.604566693306, 1.55956685543, 1.7750736475, 3.37925624847, 3.48985910416, 4.37389230728, 8.27503681183, 7.25202465057, 8.81499862671, 16.5864505768, 22.5013790131, 25.8254299164, 20.224155426, 15.8490419388, 18.6312599182, 14.5194997787, 17.8829517365, 17.2924804688, 21.1027507782, 13.487569809, 15.3219738007, 19.3892784119, 14.2487401962, 14.3837194443, 9.9710226059, 2.30455350876, 1.2126584053, 1.20669019222, 0.915408194065, 0.434013962746, 0.342718482018, 0.269079148769, 0.0838015899062, 0.0345589779317, 0.016240729019, 0.00504765380174, 0.000417963601649, 2.54840524576e-05, 2.97834794765e-05],
        "min": [8.3752493083e-05, 0.00065527681727, 0.00122086587362, 0.0027596000582, 0.011950342916, 0.102262370288, 0.13885371387, 0.0655723884702, 0.0894390121102, 0.0347589552402, 0.0194554869086, 0.0718450546265, 0.0595335029066, 0.123285129666, 0.192111909389, 0.0896971672773, 0.21580465138, 0.10722604394, 0.0733507871628, 0.121570251882, 0.0283039864153, 0.0143228191882, 0.0413513965905, 0.0358836315572, 0.00767798814923, 0.00565021671355, 0.00339171616361, 0.00324902264401, 0.00340285827406, 0.00149567774497, 0.00065072462894, 0.000483040959807, 0.000307341193547, 0.000251282792306, 0.000140034637298, 6.7869805207e-05, 6.12182748227e-06, 4.61556510345e-07, 1.95387269741e-06, 1.86338434105e-06],
        "var": [0.00469706207514, 0.347189962864, 1.77435660362, 6.79058647156, 30.4862003326, 26.0004959106, 95.3800430298, 260.629364014, 260.668151855, 509.270111084, 6528.99316406, 24593.6074219, 20678.4199219, 5696.67480469, 4378.14941406, 26828.0371094, 7020.21582031, 21147.2148438, 2257.80908203, 14387.4511719, 1060.1394043, 1648.42028809, 3261.82983398, 783.332397461, 995.98046875, 582.322814941, 56.4342079163, 49.681312561, 114.912742615, 32.1094741821, 23.8925304413, 10.0293121338, 3.87738919258, 2.17606043816, 0.790360331535, 0.117563657463, 0.0112658571452, 6.24722742941e-05, 2.33504522384e-08, 3.82004206045e-10]
    },
    "gfcc": {
        "mean": [5.99409627914, 108.313224792, -139.160263062, 28.1433086395, -51.9140930176, 12.1911773682, -34.8332061768, 15.3618812561, -25.0449829102, -0.986094176769, -14.3962430954, -3.71218037605, -12.2305250168],
        "cov": [[2466.28881836, -927.012207031, -340.727050781, 13.3341493607, -258.616363525, 171.920791626, -7.2802324295, 205.495651245, -17.8024539948, 90.2897033691, -135.663284302, 30.079788208, -29.4514503479], [-927.012207031, 910.578674316, -4.15901565552, -20.6040821075, 232.636856079, -106.873443604, 177.328887939, -137.313186646, 51.3134117126, -84.4761581421, 85.5239639282, -69.5920410156, 49.5893592834], [-340.727050781, -4.15901565552, 559.941223145, 86.6530685425, -9.03006744385, 103.436958313, -90.0991897583, -39.0629234314, -29.9229698181, 45.8761520386, -21.148859024, 60.8901824951, 7.8505730629], [13.3341493607, -20.6040821075, 86.6530685425, 246.088790894, 77.4001998901, -15.3364562988, -20.072063446, 13.6696815491, 48.1573066711, 6.94776916504, -16.3154258728, 8.6948299408, 32.5117874146], [-258.616363525, 232.636856079, -9.03006744385, 77.4001998901, 299.304473877, -10.6255950928, 31.1521682739, 15.5731725693, 40.5651741028, -13.176571846, 18.8533229828, -19.3708992004, 10.8478040695], [171.920791626, -106.873443604, 103.436958313, -15.3364562988, -10.6255950928, 178.054229736, 20.59557724, -8.54018878937, -36.5075073242, 22.3195743561, 9.9215593338, 32.9486045837, -0.909631967545], [-7.2802324295, 177.328887939, -90.0991897583, -20.072063446, 31.1521682739, 20.59557724, 189.089508057, -8.21655464172, -16.4856624603, -16.9583587646, 36.6788482666, 4.43431138992, 8.20464706421], [205.495651245, -137.313186646, -39.0629234314, 13.6696815491, 15.5731725693, -8.54018878937, -8.21655464172, 151.213302612, 58.3812713623, 18.7568759918, -19.407371521, -12.3532028198, 2.54491233826], [-17.8024539948, 51.3134117126, -29.9229698181, 48.1573066711, 40.5651741028, -36.5075073242, -16.4856624603, 58.3812713623, 144.575973511, 39.0555152893, -32.1307220459, -21.7235832214, 25.0153179169], [90.2897033691, -84.4761581421, 45.8761520386, 6.94776916504, -13.176571846, 22.3195743561, -16.9583587646, 18.7568759918, 39.0555152893, 103.930015564, -9.6408624649, 14.8885526657, 6.19878435135], [-135.663284302, 85.5239639282, -21.148859024, -16.3154258728, 18.8533229828, 9.9215593338, 36.6788482666, -19.407371521, -32.1307220459, -9.6408624649, 104.010803223, 23.7330150604, -4.07122993469], [30.079788208, -69.5920410156, 60.8901824951, 8.6948299408, -19.3708992004, 32.9486045837, 4.43431138992, -12.3532028198, -21.7235832214, 14.8885526657, 23.7330150604, 99.3614654541, 24.1450595856], [-29.4514503479, 49.5893592834, 7.8505730629, 32.5117874146, 10.8478040695, -0.909631967545, 8.20464706421, 2.54491233826, 25.0153179169, 6.19878435135, -4.07122993469, 24.1450595856, 79.6514511108]],
        "icov": [[0.00101353728678, 0.000371451518731, 0.00103427749127, -0.000657406751998, 0.000580017454922, -0.00119911879301, -0.000134179615998, -0.000896170327906, 0.000651405251119, -0.000615927390754, 0.00124701438472, -0.000346902990714, 0.000271916738711], [0.000371451518731, 0.0076228720136, -0.00329394987784, 0.00368347740732, -0.00418062647805, 0.00455717742443, -0.00693046813831, 0.00747377146035, -0.00656780367717, 0.00452924333513, -0.00492171337828, 0.00613327603787, -0.00509141432121], [0.00103427749127, -0.00329394987784, 0.00551315536723, -0.00356328161433, 0.00264341989532, -0.00504438159987, 0.00448273029178, -0.00411396240816, 0.00459338212386, -0.00373202119954, 0.00448026088998, -0.00445149186999, 0.00302254967391], [-0.000657406751998, 0.00368347740732, -0.00356328161433, 0.00778616266325, -0.00387792638503, 0.00405361782759, -0.00337461335585, 0.00458389054984, -0.00526909716427, 0.00337862386368, -0.00320602650754, 0.00305008026771, -0.00428425287828], [0.000580017454922, -0.00418062647805, 0.00264341989532, -0.00387792638503, 0.00695719430223, -0.00379719608463, 0.00331770838238, -0.00519597483799, 0.00319925975055, -0.00236211926676, 0.00264252093621, -0.00291077280417, 0.00316946022213], [-0.00119911879301, 0.00455717742443, -0.00504438159987, 0.00405361782759, -0.00379719608463, 0.0121198873967, -0.00582047179341, 0.0056517100893, -0.00349876610562, 0.00223674438894, -0.00487264525145, 0.00346677238122, -0.00373866525479], [-0.000134179615998, -0.00693046813831, 0.00448273029178, -0.00337461335585, 0.00331770838238, -0.00582047179341, 0.0129417907447, -0.00679373554885, 0.00653676409274, -0.00382096017711, 0.00315462425351, -0.00576632097363, 0.00372005952522], [-0.000896170327906, 0.00747377146035, -0.00411396240816, 0.00458389054984, -0.00519597483799, 0.0056517100893, -0.00679373554885, 0.0170039404184, -0.0107870800421, 0.00514576118439, -0.00602214131504, 0.00664496142417, -0.00485602905974], [0.000651405251119, -0.00656780367717, 0.00459338212386, -0.00526909716427, 0.00319925975055, -0.00349876610562, 0.00653676409274, -0.0107870800421, 0.0187296289951, -0.00930187478662, 0.00762735167518, -0.00371751445346, 0.00158192845993], [-0.000615927390754, 0.00452924333513, -0.00373202119954, 0.00337862386368, -0.00236211926676, 0.00223674438894, -0.00382096017711, 0.00514576118439, -0.00930187478662, 0.0158726722002, -0.00424622092396, 0.00221252464689, -0.00268403254449], [0.00124701438472, -0.00492171337828, 0.00448026088998, -0.00320602650754, 0.00264252093621, -0.00487264525145, 0.00315462425351, -0.00602214131504, 0.00762735167518, -0.00424622092396, 0.0174737814814, -0.00816921330988, 0.00514873396605], [-0.000346902990714, 0.00613327603787, -0.00445149186999, 0.00305008026771, -0.00291077280417, 0.00346677238122, -0.00576632097363, 0.00664496142417, -0.00371751445346, 0.00221252464689, -0.00816921330988, 0.0193399023265, -0.00922007113695], [0.000271916738711, -0.00509141432121, 0.00302254967391, -0.00428425287828, 0.00316946022213, -0.00373866525479, 0.00372005952522, -0.00485602905974, 0.00158192845993, -0.00268403254449, 0.00514873396605, -0.00922007113695, 0.0193436313421]]
    },
    "melbands": {
        "dmean": [0.000223451817874, 0.000262486748397, 0.000147743528942, 0.000143210039823, 0.000168412501807, 0.000188083839021, 8.85096014827e-05, 0.00011930213077, 0.000273523997748, 0.00032534825732, 0.000216417261981, 0.000103922197013, 6.04892411502e-05, 0.00012195664749, 7.33323540771e-05, 4.84460215375e-05, 6.70214067213e-05, 2.73844852927e-05, 4.91436658194e-05, 3.65874038835e-05, 1.44450568769e-05, 1.32549575937e-05, 2.66448932962e-05, 1.68737642525e-05, 7.76831348048e-06, 8.49450680107e-06, 9.11983988772e-06, 7.13493636795e-06, 3.30613534061e-06, 1.33122023271e-06, 2.42067153522e-06, 2.80342692349e-06, 3.15034458254e-06, 9.67430764831e-07, 1.46302795656e-06, 9.79647097665e-07, 1.07238406599e-06, 7.02704141986e-07, 6.67625840833e-07, 4.5114961722e-07],
        "dmean2": [0.00038421296631, 0.000440791540314, 0.00022682940471, 0.000230592821026, 0.000272642821074, 0.000300103594782, 0.000137463823194, 0.000189667814993, 0.000445332756499, 0.000515621795785, 0.000335506920237, 0.000157625909196, 8.90040464583e-05, 0.000169200386154, 0.00010985017434, 7.15490459697e-05, 9.98389223241e-05, 4.32799024566e-05, 7.27556835045e-05, 5.54445905436e-05, 2.24736540986e-05, 2.01169623324e-05, 4.18212657678e-05, 2.60589076788e-05, 1.18132084026e-05, 1.33254943648e-05, 1.40560223372e-05, 1.12841889859e-05, 5.41805002285e-06, 2.23780989472e-06, 4.14990290665e-06, 4.85907548864e-06, 5.16635782333e-06, 1.6199288666e-06, 2.58998056779e-06, 1.73944704329e-06, 1.90108812603e-06, 1.19853666547e-06, 1.16672674721e-06, 7.84475162163e-07],
        "dvar": [2.30623527386e-07, 2.29758370551e-07, 5.72102969443e-08, 4.66064946636e-08, 7.82617632922e-08, 1.00430675332e-07, 2.4000929244e-08, 6.44154951601e-08, 5.27875840817e-07, 6.08337472841e-07, 4.55697147572e-07, 3.63248204849e-08, 1.78827352926e-08, 8.88518769671e-08, 3.71452237857e-08, 1.24287664605e-08, 3.46342332591e-08, 3.20315618474e-09, 7.95820565003e-09, 3.78590669925e-09, 7.44432515631e-10, 4.80638362443e-10, 2.79013834259e-09, 1.11024733851e-09, 1.49614029499e-10, 1.41274131282e-10, 2.06901273891e-10, 1.7880195935e-10, 5.70228898822e-11, 5.90157089864e-12, 3.55726073598e-11, 4.80431042171e-11, 6.95365640069e-11, 4.34284899709e-12, 1.43703434569e-11, 5.78022742517e-12, 7.28322523819e-12, 2.14648112652e-12, 2.46761248587e-12, 1.24918500023e-12],
        "dvar2": [6.02644490755e-07, 5.8116290802e-07, 1.36128889494e-07, 1.03902813464e-07, 1.94757717509e-07, 2.50796603041e-07, 6.10605042084e-08, 1.75595630481e-07, 1.35272932766e-06, 1.52737334247e-06, 1.10172447876e-06, 7.99369175297e-08, 3.60747627326e-08, 1.61099507068e-07, 8.31485493791e-08, 2.58435868261e-08, 7.11367960093e-08, 7.10891923106e-09, 1.7502829408e-08, 7.75529329644e-09, 1.59249124998e-09, 1.06191122562e-09, 6.47937392628e-09, 2.70005084957e-09, 3.08360531553e-10, 3.68687580465e-10, 4.50183806899e-10, 4.60282950643e-10, 1.48348708318e-10, 1.51626055461e-11, 9.2580811073e-11, 1.25775861948e-10, 1.75139319714e-10, 1.10944508788e-11, 3.87005566482e-11, 1.58000904027e-11, 2.01114437604e-11, 5.67492754178e-12, 6.55869672808e-12, 3.21256064285e-12],
        "max": [0.00524262385443, 0.00559691060334, 0.0041120396927, 0.00347663741559, 0.00282971374691, 0.00275746476837, 0.00255857408047, 0.00377077562734, 0.0105384765193, 0.0111941769719, 0.00862173456699, 0.00306052272208, 0.0029998307582, 0.00496531836689, 0.00295357708819, 0.00172578799538, 0.0030278316699, 0.00083075335715, 0.00116706336848, 0.000843921676278, 0.000606799963862, 0.000448095757747, 0.000656469492242, 0.000620494887698, 0.000206217140658, 0.000151407075464, 0.00020123970171, 0.000210951839108, 0.000121575678349, 1.96790861082e-05, 6.49690482533e-05, 7.90426784079e-05, 9.09757291083e-05, 1.98639590963e-05, 3.10331015498e-05, 2.28224853345e-05, 2.98474060401e-05, 1.14899576147e-05, 1.30405587697e-05, 1.88954745681e-05],
        "mean": [0.000654039380606, 0.000975975126494, 0.000556355691515, 0.000371283036657, 0.000267328869086, 0.000294223951641, 0.000188471458387, 0.00018250705034, 0.000391152774682, 0.00048041541595, 0.000303786015138, 0.000193664804101, 0.000104429956991, 0.000215363543248, 0.000116758666991, 8.1950056483e-05, 0.000108566411654, 4.46503363492e-05, 9.13739422685e-05, 7.27009246475e-05, 2.47411771852e-05, 2.48132309935e-05, 4.80328599224e-05, 3.27084635501e-05, 1.69234190253e-05, 1.81836439879e-05, 1.95005104615e-05, 1.07883342935e-05, 3.35261620421e-06, 1.49015522766e-06, 2.16513990381e-06, 2.3804727789e-06, 2.82489122583e-06, 9.74117142505e-07, 1.14999522793e-06, 7.7285739053e-07, 8.87585258624e-07, 6.88228510626e-07, 5.88222405895e-07, 4.00062191375e-07],
        "median": [0.000417632982135, 0.000911089475267, 0.000461750605609, 0.000296754238661, 0.000160237934324, 0.000186422839761, 0.000114041322377, 9.71932095126e-05, 0.000145002821228, 0.000140059681144, 0.000114961658255, 7.4887277151e-05, 4.38262104581e-05, 4.63572032459e-05, 3.61223574146e-05, 2.95121371892e-05, 3.04247878375e-05, 1.78794525709e-05, 2.96842226817e-05, 2.0119605324e-05, 1.4160423234e-05, 1.27260309455e-05, 1.93299583771e-05, 1.45639487528e-05, 8.75275600265e-06, 9.05652723304e-06, 9.9473645605e-06, 4.19722346123e-06, 1.0949049738e-06, 6.59222052946e-07, 6.33585102605e-07, 6.2219208985e-07, 7.04204012436e-07, 3.77085029868e-07, 2.52382704957e-07, 1.66872553109e-07, 2.14268141008e-07, 2.03259233444e-07, 1.11830033234e-07, 5.24296268622e-08],
        "min": [3.95696872602e-07, 8.42947144974e-07, 6.49388709917e-07, 3.80422306989e-06, 4.74070156997e-06, 1.48465881011e-06, 4.40449582584e-07, 2.89949781518e-07, 1.38641610192e-07, 4.95875269735e-07, 2.4685479616e-07, 4.24741017468e-07, 2.73195382761e-07, 1.14283501773e-07, 4.57368287243e-07, 1.0623435287e-07, 2.28037762895e-07, 7.0710804323e-08, 1.20074560073e-07, 8.38070164377e-08, 1.12487343884e-08, 8.68840643875e-09, 2.90272836878e-08, 5.1189882555e-08, 2.60655301787e-08, 4.45572334584e-09, 5.83805670473e-09, 3.14273007618e-09, 1.8514404454e-09, 2.69258260133e-09, 1.3081598027e-09, 1.53091905819e-09, 1.59226876129e-09, 6.50203169084e-10, 4.07062272778e-10, 2.71924316397e-10, 2.94715252203e-10, 1.53795448599e-10, 5.43583025814e-11, 1.86677048819e-10],
