{
"highlevel": {
    "danceability": {
        "all": {
            "danceable": 0.982397079468,
            "not_danceable": 0.0176029466093
        },
        "probability": 0.982397079468,
        "value": "danceable"
    },
    "gender": {
        "all": {
            "female": 0.430110424757,
            "male": 0.569889545441
        },
        "probability": 0.569889545441,
        "value": "male"
    },
    "genre_dortmund": {
        "all": {
            "alternative": 0.083694756031,
            "blues": 0.073705740273,
            "electronic": 0.0610680915415,
            "folkcountry": 0.0737611800432,
            "funksoulrnb": 0.0140253137797,
            "jazz": 0.0721137225628,
            "pop": 0.0522553659976,
            "raphiphop": 0.284398108721,
            "rock": 0.284977734089
        },
        "probability": 0.284977734089,
        "value": "rock"
    },
    "genre_electronic": {
        "all": {
            "ambient": 0.42623758316,
            "dnb": 0.161577433348,
            "house": 0.17075997591,
            "techno": 0.0195445790887,
            "trance": 0.221880421042
        },
        "probability": 0.42623758316,
        "value": "ambient"
    },
    "genre_rosamerica": {
        "all": {
            "cla": 0.00780918262899,
            "dan": 0.140915557742,
            "hip": 0.168628692627,
            "jaz": 0.0148599911481,
            "pop": 0.454987794161,
            "rhy": 0.152202442288,
            "roc": 0.0516453944147,
            "spe": 0.00895096734166
        },
        "probability": 0.454987794161,
        "value": "pop"
    },
    "genre_tzanetakis": {
        "all": {
            "blu": 0.0622663982213,
            "cla": 0.0345780998468,
            "cou": 0.103735685349,
            "dis": 0.0518908686936,
            "hip": 0.155698984861,
            "jaz": 0.311586618423,
            "met": 0.0519040971994,
            "pop": 0.0622744634748,
            "reg": 0.0622723288834,
            "roc": 0.103792458773
        },
        "probability": 0.311586618423,
        "value": "jaz"
    },
    "ismir04_rhythm": {
        "all": {
            "ChaChaCha": 0.0814768075943,
            "Jive": 0.101700156927,
            "Quickstep": 0.0294807553291,
            "Rumba-American": 0.0063332230784,
            "Rumba-International": 0.124710090458,
            "Rumba-Misc": 0.00542950257659,
            "Samba": 0.608844518661,
            "Tango": 0.0120408143848,
            "VienneseWaltz": 0.024922054261,
            "Waltz": 0.00506211211905
        },
        "probability": 0.608844518661,
        "value": "Samba"
    },
    "mood_acoustic": {
        "all": {
            "acoustic": 0.0203103069216,
            "not_acoustic": 0.979689717293
        },
        "probability": 0.979689717293,
        "value": "not_acoustic"
    },
    "mood_aggressive": {
        "all": {
            "aggressive": 0.416147708893,
            "not_aggressive": 0.583852291107
        },
        "probability": 0.583852291107,
        "value": "not_aggressive"
    },
    "mood_electronic": {
        "all": {
            "electronic": 0.696744799614,
            "not_electronic": 0.303255170584
        },
        "probability": 0.696744799614,
        "value": "electronic"
    },
    "mood_happy": {
        "all": {
            "happy": 0.5,
            "not_happy": 0.5
        },
        "probability": 0.5,
        "value": "happy"
    },
    "mood_party": {
        "all": {
            "not_party": 0.44570016861,
            "party": 0.55429983139
        },
        "probability": 0.55429983139,
        "value": "party"
    },
    "mood_relaxed": {
        "all": {
            "not_relaxed": 0.79606115818,
            "relaxed": 0.203938871622
        },
        "probability": 0.79606115818,
        "value": "not_relaxed"
    },
    "mood_sad": {
        "all": {
            "not_sad": 0.908308088779,
            "sad": 0.0916918963194
        },
        "probability": 0.908308088779,
        "value": "not_sad"
    },
    "moods_mirex": {
        "all": {
            "Cluster1": 0.409609973431,
            "Cluster2": 0.195269525051,
            "Cluster3": 0.133844614029,
            "Cluster4": 0.16664300859,
            "Cluster5": 0.094632871449
        },
        "probability": 0.409609973431,
        "value": "Cluster1"
    },
    "timbre": {
        "all": {
            "bright": 0.995304644108,
            "dark": 0.00469535309821
        },
        "probability": 0.995304644108,
        "value": "bright"
    },
    "tonal_atonal": {
        "all": {
            "atonal": 0.323607891798,
            "tonal": 0.676392138004
        },
        "probability": 0.676392138004,
        "value": "tonal"
    },
    "voice_instrumental": {
        "all": {
            "instrumental": 0.0188015475869,
            "voice": 0.981198430061
        },
        "probability": 0.981198430061,
        "value": "voice"
    }
},
"lowlevel": {
    "average_loudness": 0.981387674809,
    "barkbands_crest": {
        "dmean": 2.62451171875,
        "dmean2": 3.80258750916,
        "dvar": 5.70393180847,
        "dvar2": 12.2990045547,
        "max": 24.6535434723,
        "mean": 11.1878938675,
        "median": 10.0660667419,
        "min": 2.72318100929,
        "var": 22.8097038269
    },
    "barkbands_flatness_db": {
        "dmean": 0.0292439777404,
        "dmean2": 0.0395333766937,
        "dvar": 0.000766270735767,
        "dvar2": 0.00146251660772,
        "max": 0.358530819416,
        "mean": 0.149480849504,
        "median": 0.143869236112,
        "min": 0.0338465534151,
        "var": 0.00291457003914
    },
    "barkbands_kurtosis": {
        "dmean": 2.73207950592,
        "dmean2": 3.91908979416,
        "dvar": 11.7776794434,
        "dvar2": 21.0205192566,
        "max": 46.6566467285,
        "mean": 4.42189598083,
        "median": 2.3923034668,
        "min": -1.8552274704,
        "var": 34.4280471802
    },
    "barkbands_skewness": {
        "dmean": 0.528649806976,
        "dmean2": 0.765268683434,
        "dvar": 0.2780790627,
        "dvar2": 0.532624840736,
        "max": 6.02190876007,
        "mean": 1.82799398899,
        "median": 1.69078218937,
        "min": -0.514036118984,
        "var": 1.08706104755
    },
    "barkbands_spread": {
        "dmean": 8.59710884094,
        "dmean2": 12.9514045715,
        "dvar": 105.666786194,
        "dvar2": 233.603210449,
        "max": 104.876426697,
        "mean": 26.0259819031,
        "median": 22.7958221436,
        "min": 3.13097453117,
        "var": 235.89781189
    },
    "dissonance": {
        "dmean": 0.0156378913671,
        "dmean2": 0.0256715863943,
        "dvar": 0.000230229838053,
        "dvar2": 0.000602974148933,
        "max": 0.499870508909,
        "mean": 0.467606335878,
        "median": 0.472305804491,
        "min": 0.318141222,
        "var": 0.000507894204929
    },
    "dynamic_complexity": 2.25834465027,
    "erbbands_crest": {
        "dmean": 2.31796813011,
        "dmean2": 3.6857843399,
        "dvar": 4.66023111343,
        "dvar2": 11.1965265274,
        "max": 25.7672309875,
        "mean": 8.59725093842,
        "median": 7.69513130188,
        "min": 2.23472738266,
        "var": 17.0878124237
    },
    "erbbands_flatness_db": {
        "dmean": 0.0209302362055,
        "dmean2": 0.0298986751586,
        "dvar": 0.00040145314415,
        "dvar2": 0.000672961410601,
        "max": 0.278866887093,
        "mean": 0.135900810361,
        "median": 0.127314642072,
        "min": 0.0534093305469,
        "var": 0.00191928190179
    },
    "erbbands_kurtosis": {
        "dmean": 0.665010631084,
        "dmean2": 1.04035270214,
        "dvar": 0.587433695793,
        "dvar2": 1.48573756218,
        "max": 6.99395370483,
        "mean": -0.23701839149,
        "median": -0.631704807281,
        "min": -1.74877583981,
        "var": 1.42929720879
    },
    "erbbands_skewness": {
        "dmean": 0.326451838017,
        "dmean2": 0.482886612415,
        "dvar": 0.0869776085019,
        "dvar2": 0.188713014126,
        "max": 2.09732508659,
        "mean": 0.253600329161,
        "median": 0.260908633471,
        "min": -1.61018168926,
        "var": 0.378399312496
    },
    "erbbands_spread": {
        "dmean": 9.62638759613,
        "dmean2": 14.6797418594,
        "dvar": 94.6286773682,
        "dvar2": 212.957611084,
        "max": 118.422203064,
        "mean": 49.5900802612,
        "median": 46.2811927795,
        "min": 9.89706993103,
        "var": 391.010101318
    },
    "hfc": {
        "dmean": 15.7101259232,
        "dmean2": 26.3023796082,
        "dvar": 645.119567871,
        "dvar2": 1651.58874512,
        "max": 152.672973633,
        "mean": 25.761806488,
        "median": 17.2378368378,
        "min": 0.757587611675,
        "var": 696.500610352
    },
    "melbands_crest": {
        "dmean": 3.60136342049,
        "dmean2": 5.67007017136,
        "dvar": 12.1574363708,
        "dvar2": 28.2649593353,
        "max": 33.7883834839,
        "mean": 16.5096168518,
        "median": 15.1621389389,
        "min": 4.16676473618,
        "var": 42.857837677
    },
    "melbands_flatness_db": {
        "dmean": 0.0325064361095,
        "dmean2": 0.045707911253,
        "dvar": 0.00108577427454,
        "dvar2": 0.0021436184179,
        "max": 0.443820536137,
        "mean": 0.206532090902,
        "median": 0.202547833323,
        "min": 0.0583401396871,
        "var": 0.00422658864409
    },
    "melbands_kurtosis": {
        "dmean": 7.90492630005,
        "dmean2": 11.1928310394,
        "dvar": 116.893295288,
        "dvar2": 220.709411621,
        "max": 126.936813354,
        "mean": 17.3814067841,
        "median": 12.1436548233,
        "min": -1.15386843681,
        "var": 317.789672852
    },
    "melbands_skewness": {
        "dmean": 0.778858661652,
        "dmean2": 1.08928489685,
        "dvar": 0.639125347137,
        "dvar2": 1.24849510193,
        "max": 9.90107822418,
        "mean": 3.21863937378,
        "median": 2.9475479126,
        "min": 0.0084287635982,
        "var": 2.76430821419
    },
    "melbands_spread": {
        "dmean": 6.89745426178,
        "dmean2": 10.5110330582,
        "dvar": 71.9192810059,
        "dvar2": 154.391708374,
        "max": 111.023628235,
        "mean": 21.0339641571,
        "median": 18.8965644836,
        "min": 2.01824069023,
        "var": 173.709777832
    },
    "pitch_salience": {
        "dmean": 0.0828052386642,
        "dmean2": 0.124890714884,
        "dvar": 0.00763533357531,
        "dvar2": 0.0179615039378,
        "max": 0.845917344093,
        "mean": 0.494492053986,
        "median": 0.499283820391,
        "min": 0.135826125741,
        "var": 0.0188978593796
    },
    "silence_rate_20dB": {
        "dmean": 0,
        "dmean2": 0,
        "dvar": 0,
        "dvar2": 0,
        "max": 1,
        "mean": 1,
        "median": 1,
        "min": 1,
        "var": 0
    },
    "silence_rate_30dB": {
        "dmean": 0,
        "dmean2": 0,
        "dvar": 0,
        "dvar2": 0,
        "max": 1,
        "mean": 1,
        "median": 1,
        "min": 1,
        "var": 0
    },
    "silence_rate_60dB": {
        "dmean": 0.00386996893212,
        "dmean2": 0.00774593325332,
        "dvar": 0.00385498744436,
        "dvar2": 0.00923512503505,
        "max": 1,
        "mean": 0.0324825979769,
        "median": 0,
        "min": 0,
        "var": 0.0314274765551
    },
    "spectral_centroid": {
        "dmean": 271.90737915,
        "dmean2": 414.886047363,
        "dvar": 75586.453125,
        "dvar2": 177649.28125,
        "max": 3365.98974609,
        "mean": 1336.90515137,
        "median": 1311.25756836,
        "min": 385.565704346,
        "var": 232953.890625
    },
    "spectral_complexity": {
        "dmean": 5.58049535751,
        "dmean2": 8.40588665009,
        "dvar": 45.0251579285,
        "dvar2": 84.3263549805,
        "max": 58,
        "mean": 17.9180202484,
        "median": 16,
        "min": 2,
        "var": 93.1445388794
    },
    "spectral_decrease": {
        "dmean": 2.41260211808e-09,
        "dmean2": 3.6342229226e-09,
        "dvar": 1.02416350111e-17,
        "dvar2": 2.00686341596e-17,
        "max": -2.29556526565e-10,
        "mean": -8.06349209626e-09,
        "median": -7.03790803414e-09,
        "min": -2.73576699072e-08,
        "var": 2.49366549303e-17
    },
    "spectral_energy": {
        "dmean": 0.01019441057,
        "dmean2": 0.0154894543812,
        "dvar": 0.000177022564458,
        "dvar2": 0.000363146478776,
        "max": 0.108570449054,
        "mean": 0.0327701307833,
        "median": 0.0285520981997,
        "min": 0.000996795482934,
        "var": 0.000404296821216
    },
    "spectral_energyband_high": {
        "dmean": 0.00122123409528,
        "dmean2": 0.00205533602275,
        "dvar": 4.6196164476e-06,
        "dvar2": 1.19357218864e-05,
        "max": 0.0141748310998,
        "mean": 0.00141084694769,
        "median": 0.000488480029162,
        "min": 5.44400199942e-06,
        "var": 4.87232409796e-06
    },
    "spectral_energyband_low": {
        "dmean": 0.00673165405169,
        "dmean2": 0.00942051131278,
        "dvar": 9.4582188467e-05,
        "dvar2": 0.000158719471074,
        "max": 0.0827524736524,
        "mean": 0.0147770056501,
        "median": 0.00972401257604,
        "min": 2.54753217632e-06,
        "var": 0.000214003128349
    },
    "spectral_energyband_middle_high": {
        "dmean": 0.00249598594382,
        "dmean2": 0.00402640830725,
        "dvar": 1.79661547008e-05,
        "dvar2": 4.37994240201e-05,
        "max": 0.0336427800357,
        "mean": 0.00467052124441,
        "median": 0.00273057701997,
        "min": 0.000136485075927,
        "var": 2.60043088929e-05
    },
    "spectral_energyband_middle_low": {
        "dmean": 0.00629650242627,
        "dmean2": 0.0107098212466,
        "dvar": 0.000136255082907,
        "dvar2": 0.00037196977064,
        "max": 0.0899167507887,
        "mean": 0.0129873417318,
        "median": 0.0111377453431,
        "min": 0.000459274975583,
        "var": 0.000128360115923
    },
    "spectral_entropy": {
        "dmean": 0.213276043534,
        "dmean2": 0.306212067604,
        "dvar": 0.0503310784698,
        "dvar2": 0.0962639451027,
        "max": 8.61074638367,
        "mean": 7.62999153137,
        "median": 7.68062114716,
        "min": 6.48617267609,
        "var": 0.199551865458
    },
    "spectral_flux": {
        "dmean": 0.033022120595,
        "dmean2": 0.0441379956901,
        "dvar": 0.00135739368852,
        "dvar2": 0.00186773145106,
        "max": 0.300178587437,
        "mean": 0.0923618003726,
        "median": 0.071861974895,
        "min": 0.0141836944968,
        "var": 0.00400705309585
    },
    "spectral_kurtosis": {
        "dmean": 1.397996068,
        "dmean2": 2.24574589729,
        "dvar": 2.15010976791,
        "dvar2": 5.42340612411,
        "max": 18.770406723,
        "mean": 3.63900113106,
        "median": 3.16136312485,
        "min": -0.478364706039,
        "var": 6.2842259407
    },
    "spectral_rms": {
        "dmean": 0.000822763249744,
        "dmean2": 0.00121180678252,
        "dvar": 8.7324207243e-07,
        "dvar2": 1.6990882159e-06,
        "max": 0.0102918604389,
        "mean": 0.00538792740554,
        "median": 0.00527785066515,
        "min": 0.000986145692877,
        "var": 2.94107098853e-06
    },
    "spectral_rolloff": {
        "dmean": 757.480407715,
        "dmean2": 1279.38330078,
        "dvar": 1964144.75,
        "dvar2": 4551106.5,
        "max": 11261.8652344,
        "mean": 1363.03881836,
        "median": 839.794921875,
        "min": 64.599609375,
        "var": 2543139.25
    },
    "spectral_skewness": {
        "dmean": 0.220048397779,
        "dmean2": 0.351954609156,
        "dvar": 0.0410777889192,
        "dvar2": 0.103651843965,
        "max": 2.83676290512,
        "mean": 1.45815682411,
        "median": 1.40335690975,
        "min": 0.419045388699,
        "var": 0.139029666781
    },
    "spectral_spread": {
        "dmean": 1011815.3125,
        "dmean2": 1491389.25,
        "dvar": 1.39214821786e+12,
        "dvar2": 2.75232928563e+12,
        "max": 17770270,
        "mean": 5281000,
        "median": 4946253,
        "min": 1958675.375,
        "var": 3.47435538842e+12
    },
    "spectral_strongpeak": {
        "dmean": 0.390821486712,
        "dmean2": 0.669696807861,
        "dvar": 0.474395334721,
        "dvar2": 1.18099021912,
        "max": 7.93109703064,
        "mean": 0.689957082272,
        "median": 0.370924413204,
        "min": 0,
        "var": 0.681310892105
    },
    "zerocrossingrate": {
        "dmean": 0.0146034639329,
        "dmean2": 0.0173137504607,
        "dvar": 0.000273351062788,
        "dvar2": 0.000327137240674,
        "max": 0.25537109375,
        "mean": 0.0622530281544,
        "median": 0.05419921875,
        "min": 0.00537109375,
        "var": 0.00135834713001
    },
    "barkbands": {
        "dmean": [0.0002018786181, 0.00522862421349, 0.00352222658694, 0.00199409690686, 0.00247536133975, 0.00103571044747, 0.00108127354179, 0.000751376734115, 0.000844308000524, 0.000322980602505, 0.000328153750161, 0.000470033235615, 0.000294230761938, 0.000185258773854, 0.000352356815711, 0.000533645041287, 0.00044102704851, 0.000183833151823, 0.00018002341676, 0.00019273943326, 0.000152438064106, 0.000167514765053, 0.000189033307834, 0.000198649300728, 0.000321788102156, 0.000206326061743, 1.50073304894e-07],
        "dmean2": [0.000258462358033, 0.00758891180158, 0.00574843166396, 0.00365098984912, 0.00445948075503, 0.0015782059636, 0.00167407141998, 0.0012669180287, 0.00134899211116, 0.00054448528681, 0.000541892135516, 0.000763160758652, 0.000456725771073, 0.000296527636237, 0.000634468044154, 0.000900662096683, 0.000731373438612, 0.000313362572342, 0.000300029321807, 0.000323349988321, 0.000262615882093, 0.000285673275357, 0.000315182725899, 0.00032076833304, 0.000553392630536, 0.000367476750398, 2.80744131942e-07],
        "dvar": [5.16959453023e-08, 6.20039936621e-05, 6.78645228618e-05, 2.758356095e-05, 3.49494330294e-05, 2.89768900075e-06, 4.33124341725e-06, 2.48060905506e-06, 2.86557883555e-06, 2.76834612123e-07, 3.09749680127e-07, 8.73938404311e-07, 5.68705502246e-07, 1.8233663468e-07, 1.09829329631e-06, 1.4787639202e-06, 6.97187488186e-07, 1.12252223516e-07, 9.74007789978e-08, 1.4489975797e-07, 8.25161734497e-08, 1.0306752074e-07, 1.21229490446e-07, 1.35051251959e-07, 3.90114422544e-07, 2.00564386432e-07, 2.69638776368e-13],
        "dvar2": [8.54722941313e-08, 0.000141755837831, 0.000161043193657, 7.76637753006e-05, 9.91733468254e-05, 6.43707562631e-06, 9.22988419916e-06, 6.37998664388e-06, 6.67402127874e-06, 6.86932764893e-07, 8.27508699786e-07, 2.22322387344e-06, 1.34549509312e-06, 3.87418481296e-07, 3.09424490297e-06, 3.68977089238e-06, 1.65793812812e-06, 3.10121521352e-07, 2.47507870199e-07, 3.79824541596e-07, 2.17472077679e-07, 2.91013918741e-07, 3.20630533679e-07, 3.27339506612e-07, 1.02654121292e-06, 5.48235846054e-07, 7.37653482134e-13],
        "max": [0.00326234311797, 0.0592251196504, 0.0515195056796, 0.030409257859, 0.0511294901371, 0.0229821559042, 0.0210588984191, 0.0186516027898, 0.0304058939219, 0.00458058714867, 0.00880434643477, 0.0116922557354, 0.0121505968273, 0.00843184441328, 0.0113331777975, 0.0140273487195, 0.0102335736156, 0.00345116527751, 0.00288452627137, 0.00433643953875, 0.00194339419249, 0.00234609190375, 0.00319555890746, 0.00424399971962, 0.00443390570581, 0.00307475496083, 5.48156185687e-06],
        "mean": [0.000527290045284, 0.00978342350572, 0.00342984730378, 0.00192740582861, 0.00371457915753, 0.00280294497497, 0.00205714558251, 0.00109351531137, 0.00132271077018, 0.000369900692021, 0.000439898838522, 0.000735997280572, 0.000472548388643, 0.000233186758123, 0.000359256606316, 0.000744910270441, 0.000680409371853, 0.000263599620666, 0.000264522037469, 0.000236745545408, 0.000192040868569, 0.000200626833248, 0.000233060723986, 0.000238682769123, 0.000289983028779, 0.0001558103977, 9.06214410179e-08],
        "median": [0.000321898027323, 0.00643363874406, 0.000766056240536, 0.000406303850468, 0.00172829604708, 0.00157413852867, 0.000528962933458, 0.000255103048403, 0.000474786851555, 0.000142132266774, 0.000179089809535, 0.000187178928172, 0.000104422666482, 7.5326381193e-05, 0.0001135696657, 0.000209646314033, 0.000209662131965, 0.000146337799379, 0.000146298116306, 9.98762552626e-05, 6.83627295075e-05, 8.57066188473e-05, 8.34143938846e-05, 5.32256744918e-05, 5.27726770088e-05, 2.58713134826e-05, 6.61656673895e-10],
        "min": [4.50457171564e-10, 6.26060341347e-08, 7.77606260272e-07, 1.284361133e-06, 1.17730087368e-05, 5.12960559718e-06, 3.51942139787e-06, 1.88601995887e-06, 2.44683246819e-06, 3.64599804925e-06, 2.09039444599e-06, 5.10935569764e-06, 5.09678966409e-06, 3.79807920581e-06, 7.79574384069e-06, 3.22080722981e-06, 8.74314901012e-06, 4.89432750328e-06, 6.02240879743e-06, 3.1795891573e-06, 5.76089007609e-07, 1.68941909351e-07, 1.21505735251e-07, 4.87296203389e-09, 6.77012057526e-11, 9.73012469208e-12, 8.555894708e-12],
        "var": [2.78802104958e-07, 0.000103958322143, 6.00649691478e-05, 1.97590979951e-05, 3.21512525261e-05, 1.18436591947e-05, 1.17135268738e-05, 4.91352739118e-06, 6.23163577984e-06, 3.29999807036e-07, 5.10734253112e-07, 2.23366555474e-06, 1.46216166286e-06, 3.18433819757e-07, 8.65211291057e-07, 1.98539373741e-06, 1.50513699282e-06, 1.23136814523e-07, 1.1645402509e-07, 1.44200470231e-07, 8.47417993555e-08, 9.57158690085e-08, 1.29341543698e-07, 1.8832646731e-07, 3.4931628079e-07, 1.39728882687e-07, 1.63845743613e-13]
    },
    "erbbands": {
        "dmean": [0.123655006289, 1.34549713135, 3.93297934532, 5.32783269882, 8.11075019836, 8.16201114655, 8.13348960876, 9.28213977814, 11.8511295319, 15.5689735413, 18.6510257721, 17.8848590851, 11.9775905609, 12.7760858536, 13.2885408401, 16.5022220612, 13.7821130753, 9.97803974152, 10.5665063858, 25.5852146149, 29.6112651825, 24.3930130005, 10.4790039062, 8.7040348053, 9.31359672546, 8.81329631805, 7.06932783127, 5.61058759689, 5.3838057518, 6.61256313324, 5.26911115646, 3.8024096489, 3.85351109505, 3.37230491638, 2.38715839386, 1.13828647137, 0.371820092201, 0.023505108431, 0.000486394332256, 4.02706500608e-05],
        "dmean2": [0.170548141003, 1.92070877552, 6.14566421509, 9.30278778076, 14.9278678894, 14.529709816, 12.5247192383, 14.4060325623, 18.6147270203, 24.4274711609, 30.6220188141, 29.157585144, 19.8494243622, 21.7986774445, 21.7673282623, 26.6205482483, 21.8876209259, 16.094997406, 17.8878059387, 46.000377655, 49.4350662231, 40.0813293457, 17.5816822052, 14.6759662628, 15.5496511459, 14.8039522171, 12.270359993, 9.62208175659, 9.30724716187, 10.923207283, 8.76531410217, 6.09479427338, 6.28283977509, 5.66074132919, 4.22115707397, 2.04880809784, 0.658086836338, 0.0417660996318, 0.000860052008647, 6.77465213812e-05],
        "dvar": [0.0188822168857, 5.04260540009, 74.6418457031, 183.045257568, 456.636016846, 351.586853027, 218.949356079, 226.808654785, 547.838745117, 949.129455566, 1441.46154785, 1345.48999023, 636.48449707, 431.662200928, 565.000793457, 1069.47924805, 1198.73632812, 709.851318359, 601.492919922, 6087.17041016, 3706.32519531, 2132.21972656, 381.726715088, 216.052246094, 263.265533447, 358.79296875, 209.256484985, 110.582794189, 105.863731384, 140.860961914, 92.252456665, 52.0309104919, 50.1421127319, 39.9442825317, 22.7495365143, 6.1280837059, 0.682520627975, 0.00259227538481, 1.05964761588e-06, 4.79041784018e-09],
        "dvar2": [0.0355263985693, 10.8785200119, 166.29927063, 495.909606934, 1308.71459961, 998.314697266, 477.09677124, 523.239562988, 1002.85632324, 2370.8762207, 3766.53125, 3433.3996582, 1432.74133301, 1166.10986328, 1429.0369873, 2677.69628906, 2929.18286133, 1629.93334961, 1488.29101562, 16855.9882812, 9274.51171875, 5013.56835938, 1019.171875, 552.73840332, 667.368774414, 949.925720215, 563.808288574, 291.502044678, 299.594665527, 380.545532227, 243.113800049, 122.387176514, 124.416503906, 102.810874939, 61.4698104858, 16.7876930237, 1.85474610329, 0.00706239417195, 2.87868965643e-06, 1.27685035878e-08],
        "max": [1.46974956989, 16.4024600983, 54.5675735474, 90.576499939, 197.161697388, 160.859405518, 223.58241272, 172.670333862, 353.341461182, 345.829437256, 415.791107178, 553.715270996, 614.396911621, 176.381271362, 410.007385254, 451.264770508, 604.597900391, 578.995361328, 212.568939209, 693.883789062, 713.194580078, 691.493835449, 198.740280151, 115.172790527, 120.303497314, 239.03956604, 103.342529297, 83.1618728638, 78.7461013794, 79.7484512329, 92.0877380371, 63.3115081787, 100.344070435, 49.2906188965, 30.6982021332, 16.9157009125, 6.01336574554, 0.396328628063, 0.00758392550051, 0.000484718388179],
        "mean": [0.312126487494, 2.0390226841, 4.25190925598, 5.45250940323, 8.40128231049, 12.193977356, 21.0945205688, 23.515750885, 21.6857509613, 32.4265899658, 28.2124576569, 26.7657012939, 18.3539867401, 15.2134656906, 20.6080608368, 26.0743370056, 22.1069164276, 15.396021843, 13.2740764618, 27.5658321381, 43.4585151672, 40.3109130859, 15.9588956833, 14.041674614, 13.9287595749, 10.9403429031, 8.04058837891, 7.37272453308, 6.54900121689, 7.85245513916, 6.42897224426, 4.6278295517, 4.3602309227, 3.27788972855, 1.97058868408, 0.86232817173, 0.274772316217, 0.0170967429876, 0.000379481673008, 6.21682120254e-05],
        "median": [0.260504961014, 1.03541040421, 1.15889072418, 1.57823574543, 3.28105282784, 5.91865444183, 9.57736873627, 11.3217000961, 10.9228448868, 7.10245895386, 10.0466003418, 10.2180833817, 6.91096544266, 7.46230077744, 8.77886486053, 7.30191516876, 5.3988032341, 4.12746143341, 5.36515569687, 6.69929981232, 16.5052242279, 13.282078743, 8.9187374115, 8.20098590851, 7.73794317245, 4.98043727875, 2.90475487709, 2.55405116081, 2.68021559715, 3.2082130909, 2.28947901726, 1.19222104549, 0.865391135216, 0.595639228821, 0.339403361082, 0.143633216619, 0.0303654391319, 0.00189756369218, 6.37552511762e-05, 4.1008250264e-05],
        "min": [5.60174930797e-06, 0.000102589998278, 0.00294850463979, 0.0175690930337, 0.0492984987795, 0.0646465197206, 0.0790024623275, 0.112553656101, 0.15275990963, 0.0734971016645, 0.185579374433, 0.0706631094217, 0.116423293948, 0.109690271318, 0.118527084589, 0.226985350251, 0.230179578066, 0.34071803093, 0.483592033386, 0.588305592537, 0.754206836224, 0.521942913532, 0.295833021402, 0.174432069063, 0.214251443744, 0.145433738828, 0.100305333734, 0.0168517250568, 0.00734045822173, 0.00528571847826, 0.00310382200405, 0.000967267900705, 0.000192949621123, 2.3795530069e-05, 9.7047068266e-06, 6.33534546068e-06, 3.58777992915e-06, 4.87737906951e-07, 1.14826343633e-06, 1.44701448335e-06],
        "var": [0.0671264082193, 7.69077348709, 76.5373916626, 138.476501465, 284.066162109, 344.838043213, 931.221679688, 856.382324219, 1063.35766602, 3198.13867188, 2540.26391602, 2746.10424805, 1358.07263184, 459.717803955, 1148.02355957, 2824.85546875, 2730.72412109, 1738.86694336, 625.97479248, 5208.24804688, 4798.44628906, 5314.70117188, 423.229309082, 258.906677246, 349.955566406, 334.144470215, 183.754364014, 121.001487732, 98.6130752563, 142.761276245, 100.076499939, 70.1151809692, 66.6061019897, 41.5118217468, 17.8915138245, 4.31499958038, 0.469870954752, 0.00179997726809, 7.49382650156e-07, 4.15482892535e-09]
    },
    "gfcc": {
        "mean": [19.4866313934, 85.902015686, -105.613487244, 42.0811653137, -57.6796035767, 17.2120513916, -43.0654792786, 20.013551712, -19.409526825, 5.16458892822, -11.9218511581, 9.21734905243, -6.06484270096],
        "cov": [[3298.98535156, -1376.89587402, 537.909606934, -100.322921753, -270.650817871, 291.263244629, -185.152313232, 182.528533936, -301.983337402, 168.253768921, -352.965881348, 88.9112930298, -240.596511841], [-1376.89587402, 1418.5098877, -452.368621826, 32.5136833191, 180.099578857, -255.222885132, 247.001724243, -98.0927886963, 227.031509399, -223.735992432, 368.954193115, -87.2062911987, 166.880630493], [537.909606934, -452.368621826, 612.831115723, 61.4212036133, 29.2918586731, 56.2149963379, -144.24949646, 79.6932449341, -81.8039245605, 133.567474365, -148.742446899, 88.8629760742, -28.8673305511], [-100.322921753, 32.5136833191, 61.4212036133, 313.028320312, 66.3142318726, 44.856716156, -14.1559896469, -21.0190982819, 78.5473403931, -22.3691062927, 18.4587306976, -43.3950424194, 98.276222229], [-270.650817871, 180.099578857, 29.2918586731, 66.3142318726, 376.106903076, -16.1836986542, 55.4807281494, 32.0596961975, 97.2122802734, 33.3587532043, -6.26863336563, 42.0050468445, 44.5431442261], [291.263244629, -255.222885132, 56.2149963379, 44.856716156, -16.1836986542, 213.249206543, 42.7380714417, 19.3908252716, -30.9596138, 42.1436576843, -47.8891220093, -11.2009820938, -27.7155838013], [-185.152313232, 247.001724243, -144.24949646, -14.1559896469, 55.4807281494, 42.7380714417, 261.24432373, 29.2944259644, 58.8839607239, -12.0502653122, 119.45337677, 17.8034820557, -24.0204353333], [182.528533936, -98.0927886963, 79.6932449341, -21.0190982819, 32.0596961975, 19.3908252716, 29.2944259644, 136.905578613, 24.0547714233, 54.8557243347, 7.42754840851, 58.7938690186, -15.6325826645], [-301.983337402, 227.031509399, -81.8039245605, 78.5473403931, 97.2122802734, -30.9596138, 58.8839607239, 24.0547714233, 158.125366211, -2.93473291397, 83.7614440918, 8.05473995209, 75.6419067383], [168.253768921, -223.735992432, 133.567474365, -22.3691062927, 33.3587532043, 42.1436576843, -12.0502653122, 54.8557243347, -2.93473291397, 127.836593628, -37.0230979919, 60.4398231506, -15.0445652008], [-352.965881348, 368.954193115, -148.742446899, 18.4587306976, -6.26863336563, -47.8891220093, 119.45337677, 7.42754840851, 83.7614440918, -37.0230979919, 215.554489136, 9.83386707306, 59.2323493958], [88.9112930298, -87.2062911987, 88.8629760742, -43.3950424194, 42.0050468445, -11.2009820938, 17.8034820557, 58.7938690186, 8.05473995209, 60.4398231506, 9.83386707306, 121.161354065, 9.98117828369], [-240.596511841, 166.880630493, -28.8673305511, 98.276222229, 44.5431442261, -27.7155838013, -24.0204353333, -15.6325826645, 75.6419067383, -15.0445652008, 59.2323493958, 9.98117828369, 169.228042603]],
        "icov": [[0.000589227245655, 0.000439123803517, -0.000181314870133, 5.75483391003e-05, 0.000140212345286, -0.000193429237697, -8.85362169356e-05, -0.000583510263823, 0.000305052672047, 0.00050445785746, 5.62082605029e-05, -1.73898952198e-05, 9.51314723352e-05], [0.000439123803517, 0.00452816579491, -0.000867574242875, 0.00183776707854, -0.00193059421144, 0.00285660172813, -0.00255271466449, 0.0010404495988, -0.00139230780769, 0.00433365162462, -0.00412655202672, 0.00347369466908, -0.00209942553192], [-0.000181314870133, -0.000867574242875, 0.0036371066235, -0.0021323680412, 0.000113917405542, -0.000345253618434, 0.00176855421159, -0.00127373600844, 0.0021084130276, -0.0028925719671, 0.00140603713226, -0.0025263633579, 0.000960656965617], [5.75483391003e-05, 0.00183776707854, -0.0021323680412, 0.00677482690662, -0.00134958687704, -0.000663681013975, -0.00093890784774, 0.00133027555421, -0.00355423334986, 0.00340878311545, -0.00210107024759, 0.00415722001344, -0.00341047928669], [0.000140212345286, -0.00193059421144, 0.000113917405542, -0.00134958687704, 0.00485897110775, -0.00065350724617, -0.000340811180649, -0.00070231128484, -0.00145904242527, -0.00227870442905, 0.00406948802993, -0.00255807559006, 0.000583192449994], [-0.000193429237697, 0.00285660172813, -0.000345253618434, -0.000663681013975, -0.00065350724617, 0.00959598273039, -0.00501034874469, 0.000206636090297, 0.00091950269416, -0.000532331992872, -0.000538177846465, 0.00439602835104, -0.00224316841923], [-8.85362169356e-05, -0.00255271466449, 0.00176855421159, -0.00093890784774, -0.000340811180649, -0.00501034874469, 0.00993906427175, -0.00114667846356, -0.000356984412065, -0.00130985944998, -0.00231085484847, -0.00419471971691, 0.00491169374436], [-0.000583510263823, 0.0010404495988, -0.00127373600844, 0.00133027555421, -0.00070231128484, 0.000206636090297, -0.00114667846356, 0.0123714376241, -0.00415324559435, -0.00067381223198, -0.00218018400483, -0.00228160596453, 0.00104753021151], [0.000305052672047, -0.00139230780769, 0.0021084130276, -0.00355423334986, -0.00145904242527, 0.00091950269416, -0.000356984412065, -0.00415324559435, 0.0151150338352, -0.00390360713936, -0.000699362542946, -0.000180114235263, -0.00251705758274], [0.00050445785746, 0.00433365162462, -0.0028925719671, 0.00340878311545, -0.00227870442905, -0.000532331992872, -0.00130985944998, -0.00067381223198, -0.00390360713936, 0.0188253056258, -0.00318424520083, -0.00142668187618, -0.00114779907744], [5.62082605029e-05, -0.00412655202672, 0.00140603713226, -0.00210107024759, 0.00406948802993, -0.000538177846465, -0.00231085484847, -0.00218018400483, -0.000699362542946, -0.00318424520083, 0.014456178993, -0.00432617496699, -0.000854657730088], [-1.73898952198e-05, 0.00347369466908, -0.0025263633579, 0.00415722001344, -0.00255807559006, 0.00439602835104, -0.00419471971691, -0.00228160596453, -0.000180114235263, -0.00142668187618, -0.00432617496699, 0.0186397191137, -0.00533978408203], [9.51314723352e-05, -0.00209942553192, 0.000960656965617, -0.00341047928669, 0.000583192449994, -0.00224316841923, 0.00491169374436, 0.00104753021151, -0.00251705758274, -0.00114779907744, -0.000854657730088, -0.00533978408203, 0.0121693704277]]
    },
    "melbands": {
        "dmean": [0.00120490987319, 0.00183124572504, 0.000970453664195, 0.000599744729698, 0.000288854498649, 0.000202185532544, 0.000195769607672, 0.0001653170184, 0.000154464039952, 0.000114140406367, 6.02166946919e-05, 5.18527704116e-05, 4.23073033744e-05, 5.26280819031e-05, 4.09472595493e-05, 3.04224995489e-05, 1.75205877895e-05, 1.49381476149e-05, 3.0640145269e-05, 3.7388272176e-05, 3.51790840796e-05, 2.91670676233e-05, 1.19871592688e-05, 8.89573857421e-06, 7.16220438335e-06, 7.30994588594e-06, 7.4720505836e-06, 5.79620245844e-06, 4.91122227686e-06, 3.34268179358e-06, 3.55888528247e-06, 2.94488154395e-06, 3.53947302756e-06, 3.84595114156e-06, 3.35505433213e-06, 2.39405721913e-06, 2.38884763348e-06, 2.64279719886e-06, 2.99073030874e-06, 2.94485857921e-06],
        "dmean2": [0.00170200725552, 0.00269019417465, 0.00166604912374, 0.00109875772614, 0.000457640358945, 0.000308265647618, 0.000305435271002, 0.00026162964059, 0.00025295841624, 0.000184437507414, 9.98361865641e-05, 8.86328998604e-05, 6.92951725796e-05, 8.65843830979e-05, 6.54996183584e-05, 4.82725190523e-05, 2.84702491626e-05, 2.43595895881e-05, 5.58148603886e-05, 6.49705543765e-05, 5.81561216677e-05, 4.82604700665e-05, 1.99907135539e-05, 1.5116907889e-05, 1.2132595657e-05, 1.23573336168e-05, 1.24481530293e-05, 9.79633932729e-06, 8.55121743371e-06, 5.67414826946e-06, 6.18110652795e-06, 5.14556859343e-06, 6.05167724643e-06, 6.3753914219e-06, 5.67572124055e-06, 3.98412385039e-06, 3.84821123589e-06, 4.41341580881e-06, 4.89613785248e-06, 5.07357526658e-06],
        "dvar": [2.30200475926e-06, 1.23791960505e-05, 5.45272450836e-06, 2.30153159464e-06, 2.77577072438e-07, 1.03240310523e-07, 1.31946919169e-07, 9.49195637645e-08, 9.57237062948e-08, 6.08945143199e-08, 1.65171503141e-08, 7.02869673574e-09, 4.86357487617e-09, 1.17817915424e-08, 1.12566471699e-08, 7.35639771321e-09, 2.13478523747e-09, 1.02378094891e-09, 8.80802719649e-09, 9.48471168272e-09, 4.85034723496e-09, 3.50300477514e-09, 4.65075089551e-10, 2.70313105233e-10, 1.46320400241e-10, 1.95555072136e-10, 1.97492730503e-10, 1.66863134421e-10, 1.16193797639e-10, 4.01475137857e-11, 4.75772164721e-11, 3.23972966509e-11, 3.99075252011e-11, 4.89312236562e-11, 3.81446089992e-11, 1.9390685238e-11, 2.24882265587e-11, 2.63626568492e-11, 2.65776341907e-11, 3.46602122003e-11],
        "dvar2": [4.84961128677e-06, 2.47864190897e-05, 1.44970135807e-05, 6.6164193413e-06, 6.4760524765e-07, 2.35923721448e-07, 2.56142641319e-07, 2.38523881535e-07, 2.4517703423e-07, 1.49430860574e-07, 3.71737485239e-08, 1.88132975865e-08, 1.26428156833e-08, 2.9964368764e-08, 2.79546146231e-08, 1.73150649374e-08, 4.88629403606e-09, 2.28577268224e-09, 2.51635050574e-08, 2.4745517635e-08, 1.21651533291e-08, 8.19983547728e-09, 1.18274767757e-09, 7.47308381843e-10, 3.72084946187e-10, 5.14000175755e-10, 5.23413812292e-10, 4.38559494276e-10, 3.16628306907e-10, 1.06373694575e-10, 1.28975941038e-10, 9.19451736969e-11, 1.09397726988e-10, 1.32445762691e-10, 1.03044316135e-10, 4.85943368878e-11, 5.20938674142e-11, 6.80905054562e-11, 6.36415781186e-11, 9.19037415614e-11],
        "max": [0.0111058717594, 0.0250248536468, 0.0157506261021, 0.0136204026639, 0.00770752411336, 0.0037307755556, 0.00462853489444, 0.00332353333943, 0.00329434638843, 0.00383937591687, 0.00314295082353, 0.000655165233184, 0.00133701134473, 0.00152960943524, 0.00219737994485, 0.00153500074521, 0.000969429209363, 0.000342251354596, 0.000961329147685, 0.000890872091986, 0.000759783142712, 0.000952733797021, 0.000215017527808, 0.000153387023602, 0.000101683050161, 0.000156518479344, 0.000156295311172, 0.000139804848004, 8.53022793308e-05, 5.40988003195e-05, 6.13839583821e-05, 4.51688429166e-05, 4.5060980483e-05, 4.9802569265e-05, 6.03547523497e-05, 3.75253803213e-05, 4.33954228356e-05, 7.79834008426e-05, 4.84521369799e-05, 5.16414911544e-05],
        "mean": [0.00273144850507, 0.00244314805605, 0.00103245442733, 0.000730854284484, 0.000712795124855, 0.000519605178852, 0.000369984627469, 0.000334238546202, 0.00022455288854, 0.0001744760375, 8.96374476724e-05, 6.00486710027e-05, 6.20330611127e-05, 7.7875709394e-05, 6.13847514614e-05, 4.94499363413e-05, 2.40379304159e-05, 1.86676679732e-05, 2.99477869703e-05, 4.57902788185e-05, 4.9714173656e-05, 4.65052071377e-05, 1.76947996806e-05, 1.30613243527e-05, 1.11291737994e-05, 1.00512506833e-05, 9.98808627628e-06, 6.54919858789e-06, 5.0598737289e-06, 4.12587905885e-06, 4.49508161182e-06, 3.50638515556e-06, 4.11645623899e-06, 4.43079397883e-06, 3.91587946069e-06, 2.82000496554e-06, 2.87791840492e-06, 2.88948854177e-06, 3.16138971357e-06, 2.68132862402e-06],
        "median": [0.0019992843736, 0.000994257046841, 0.000367626053048, 0.000350403191987, 0.000333046569722, 0.000264827627689, 0.00015948440705, 7.40585892345e-05, 7.3742645327e-05, 5.84571243962e-05, 3.09371826006e-05, 2.67351024377e-05, 2.81576030829e-05, 2.26686061069e-05, 1.40936836033e-05, 9.42498081713e-06, 6.64659273752e-06, 7.36106039767e-06, 8.99642236618e-06, 9.48669912759e-06, 1.89853089978e-05, 1.27363109641e-05, 8.15090515971e-06, 6.8162403295e-06, 6.22555126029e-06, 5.54624693905e-06, 4.47211050414e-06, 2.53672305917e-06, 1.63145546139e-06, 1.40114104852e-06, 1.45590024658e-06, 1.32204877445e-06, 1.75968659732e-06, 1.68390101862e-06, 1.41982957302e-06, 7.32740204512e-07, 7.02766840277e-07, 6.01279737111e-07, 5.23089170201e-07, 4.61934234863e-07],
        "min": [1.21541878784e-08, 2.44072623445e-07, 1.86774673239e-06, 5.23967219124e-06, 3.60003377864e-06, 1.60364277235e-06, 1.73747275767e-06, 4.07653089951e-07, 5.13745590069e-07, 3.70653992832e-07, 3.60988110515e-07, 4.8297175681e-07, 2.44456202836e-07, 6.69223879868e-07, 3.66722105127e-07, 4.73997260997e-07, 5.71545058392e-07, 6.05728075698e-07, 5.58498641112e-07, 1.7758597437e-07, 7.86061036706e-07, 4.71265479973e-07, 3.39634823376e-07, 2.48724347784e-07, 8.33364026676e-08, 9.85582175872e-08, 6.48568985184e-08, 6.32167171943e-08, 1.91853555265e-08, 1.47454226607e-08, 4.70469885272e-09, 3.53861207003e-09, 2.7145325987e-09, 2.24762652934e-09, 1.51437828944e-09, 5.48138201495e-10, 6.98625116091e-11, 4.08628643075e-12, 1.16019975745e-12, 2.12046919195e-13],
