{
"highlevel": {
    "danceability": {
        "all": {
            "danceable": 0.998225748539,
            "not_danceable": 0.00177424785215
        },
        "probability": 0.998225748539,
        "value": "danceable"
    },
    "gender": {
        "all": {
            "female": 0.740365505219,
            "male": 0.259634464979
        },
        "probability": 0.740365505219,
        "value": "female"
    },
    "genre_dortmund": {
        "all": {
            "alternative": 0.00270579429343,
            "blues": 0.0047767679207,
            "electronic": 0.0718018189073,
            "folkcountry": 0.00110247568227,
            "funksoulrnb": 0.0182941295207,
            "jazz": 0.0142789455131,
            "pop": 0.00537199294195,
            "raphiphop": 0.860990762711,
            "rock": 0.0206773169339
        },
        "probability": 0.860990762711,
        "value": "raphiphop"
    },
    "genre_electronic": {
        "all": {
            "ambient": 0.163453280926,
            "dnb": 0.732635319233,
            "house": 0.0506800748408,
            "techno": 0.0123794171959,
            "trance": 0.0408519133925
        },
        "probability": 0.732635319233,
        "value": "dnb"
    },
    "genre_rosamerica": {
        "all": {
            "cla": 0.030143847689,
            "dan": 0.16172927618,
            "hip": 0.422712534666,
            "jaz": 0.0296514835209,
            "pop": 0.0816296637058,
            "rhy": 0.2262031883,
            "roc": 0.0339879766107,
            "spe": 0.0139420423657
        },
        "probability": 0.422712534666,
        "value": "hip"
    },
    "genre_tzanetakis": {
        "all": {
            "blu": 0.0626541376114,
            "cla": 0.0348133966327,
            "cou": 0.0783501937985,
            "dis": 0.104547761381,
            "hip": 0.15693578124,
            "jaz": 0.313987255096,
            "met": 0.044816005975,
            "pop": 0.0627349764109,
            "reg": 0.0627352520823,
            "roc": 0.0784252434969
        },
        "probability": 0.313987255096,
        "value": "jaz"
    },
    "ismir04_rhythm": {
        "all": {
            "ChaChaCha": 0.104591622949,
            "Jive": 0.181585177779,
            "Quickstep": 0.0681456401944,
            "Rumba-American": 0.0154250282794,
            "Rumba-International": 0.0237632896751,
            "Rumba-Misc": 0.00848713237792,
            "Samba": 0.52487128973,
            "Tango": 0.0239440500736,
            "VienneseWaltz": 0.0315012931824,
            "Waltz": 0.0176854655147
        },
        "probability": 0.52487128973,
        "value": "Samba"
    },
    "mood_acoustic": {
        "all": {
            "acoustic": 0.00279219658114,
            "not_acoustic": 0.997207820415
        },
        "probability": 0.997207820415,
        "value": "not_acoustic"
    },
    "mood_aggressive": {
        "all": {
            "aggressive": 0.692839503288,
            "not_aggressive": 0.307160526514
        },
        "probability": 0.692839503288,
        "value": "aggressive"
    },
    "mood_electronic": {
        "all": {
            "electronic": 0.786908328533,
            "not_electronic": 0.213091671467
        },
        "probability": 0.786908328533,
        "value": "electronic"
    },
    "mood_happy": {
        "all": {
            "happy": 0.354696840048,
            "not_happy": 0.64530313015
        },
        "probability": 0.64530313015,
        "value": "not_happy"
    },
    "mood_party": {
        "all": {
            "not_party": 0.140993177891,
            "party": 0.859006822109
        },
        "probability": 0.859006822109,
        "value": "party"
    },
    "mood_relaxed": {
        "all": {
            "not_relaxed": 0.84856647253,
            "relaxed": 0.151433497667
        },
        "probability": 0.84856647253,
        "value": "not_relaxed"
    },
    "mood_sad": {
        "all": {
            "not_sad": 0.976154983044,
            "sad": 0.0238450020552
        },
        "probability": 0.976154983044,
        "value": "not_sad"
    },
    "moods_mirex": {
        "all": {
            "Cluster1": 0.318311870098,
            "Cluster2": 0.139439836144,
            "Cluster3": 0.084414973855,
            "Cluster4": 0.122844517231,
            "Cluster5": 0.334988802671
        },
        "probability": 0.334988802671,
        "value": "Cluster5"
    },
    "timbre": {
        "all": {
            "bright": 0.208558499813,
            "dark": 0.791441500187
        },
        "probability": 0.791441500187,
        "value": "dark"
    },
    "tonal_atonal": {
        "all": {
            "atonal": 0.282835632563,
            "tonal": 0.71716439724
        },
        "probability": 0.71716439724,
        "value": "tonal"
    },
    "voice_instrumental": {
        "all": {
            "instrumental": 0.0183109715581,
            "voice": 0.981689035892
        },
        "probability": 0.981689035892,
        "value": "voice"
    }
},
"lowlevel": {
    "average_loudness": 0.758849620819,
    "barkbands_crest": {
        "dmean": 3.2010447979,
        "dmean2": 5.20705509186,
        "dvar": 9.10416889191,
        "dvar2": 20.8305606842,
        "max": 24.5677528381,
        "mean": 10.9592056274,
        "median": 9.58929443359,
        "min": 2.49516391754,
        "var": 31.4282436371
    },
    "barkbands_flatness_db": {
        "dmean": 0.03547007218,
        "dmean2": 0.0517248436809,
        "dvar": 0.00220854836516,
        "dvar2": 0.00360309984535,
        "max": 0.753253877163,
        "mean": 0.171927839518,
        "median": 0.156209513545,
        "min": 0.0531215704978,
        "var": 0.00827149115503
    },
    "barkbands_kurtosis": {
        "dmean": 8.49067020416,
        "dmean2": 13.4037351608,
        "dvar": 1333.609375,
        "dvar2": 2728.71020508,
        "max": 605.95501709,
        "mean": 11.1458511353,
        "median": 0.144577264786,
        "min": -1.76251196861,
        "var": 2246.36914062
    },
    "barkbands_skewness": {
        "dmean": 0.870302677155,
        "dmean2": 1.32902598381,
        "dvar": 2.15183782578,
        "dvar2": 4.51117897034,
        "max": 19.4824829102,
        "mean": 1.35139501095,
        "median": 0.662172734737,
        "min": -3.78541398048,
        "var": 6.76935958862
    },
    "barkbands_spread": {
        "dmean": 8.47414684296,
        "dmean2": 12.4167852402,
        "dvar": 81.0968322754,
        "dvar2": 170.06817627,
        "max": 95.3161849976,
        "mean": 24.2320919037,
        "median": 22.4755382538,
        "min": 0.15313243866,
        "var": 218.94934082
    },
    "dissonance": {
        "dmean": 0.0227296054363,
        "dmean2": 0.0383567474782,
        "dvar": 0.000478810019558,
        "dvar2": 0.0013426420046,
        "max": 0.499927997589,
        "mean": 0.466028422117,
        "median": 0.473344624043,
        "min": 0.341636300087,
        "var": 0.000751930405386
    },
    "dynamic_complexity": 2.59741449356,
    "erbbands_crest": {
        "dmean": 3.82604789734,
        "dmean2": 6.17744112015,
        "dvar": 13.0904016495,
        "dvar2": 31.0194835663,
        "max": 29.0805339813,
        "mean": 9.68214988708,
        "median": 8.38610744476,
        "min": 2.54789566994,
        "var": 25.5153713226
    },
    "erbbands_flatness_db": {
        "dmean": 0.028551409021,
        "dmean2": 0.0384933054447,
        "dvar": 0.000781745708082,
        "dvar2": 0.00135031633545,
        "max": 0.387058645487,
        "mean": 0.194159075618,
        "median": 0.192590579391,
        "min": 0.0492532104254,
        "var": 0.00295404950157
    },
    "erbbands_kurtosis": {
        "dmean": 1.78204417229,
        "dmean2": 2.66502904892,
        "dvar": 60.9245223999,
        "dvar2": 92.8533706665,
        "max": 249.209365845,
        "mean": 1.34931159019,
        "median": 0.142559766769,
        "min": -1.84550595284,
        "var": 98.5137939453
    },
    "erbbands_skewness": {
        "dmean": 0.557281434536,
        "dmean2": 0.826189637184,
        "dvar": 0.466362774372,
        "dvar2": 0.821101665497,
        "max": 12.6492481232,
        "mean": 0.1621324718,
        "median": 0.0544747151434,
        "min": -3.25305938721,
        "var": 1.20438754559
    },
    "erbbands_spread": {
        "dmean": 11.4934425354,
        "dmean2": 17.238483429,
        "dvar": 178.287734985,
        "dvar2": 350.197875977,
        "max": 185.222000122,
        "mean": 35.8805236816,
        "median": 32.2644500732,
        "min": 1.48517239094,
        "var": 483.375640869
    },
    "hfc": {
        "dmean": 11.9405841827,
        "dmean2": 17.4099292755,
        "dvar": 169.576873779,
        "dvar2": 369.154144287,
        "max": 99.6272354126,
        "mean": 30.5904960632,
        "median": 27.7516117096,
        "min": 0.000309315044433,
        "var": 444.190704346
    },
    "melbands_crest": {
        "dmean": 3.94525194168,
        "dmean2": 6.38850069046,
        "dvar": 16.7144927979,
        "dvar2": 37.2090110779,
        "max": 37.3495941162,
        "mean": 16.0406990051,
        "median": 12.6620378494,
        "min": 3.55027961731,
        "var": 92.6103897095
    },
    "melbands_flatness_db": {
        "dmean": 0.0380132496357,
        "dmean2": 0.0574467778206,
        "dvar": 0.00270553538576,
        "dvar2": 0.00451919343323,
        "max": 0.874928057194,
        "mean": 0.175826147199,
        "median": 0.146040856838,
        "min": 0.0357389338315,
        "var": 0.0136138238013
    },
    "melbands_kurtosis": {
        "dmean": 33.5989837646,
        "dmean2": 53.1055145264,
        "dvar": 29057.3398438,
        "dvar2": 59105.53125,
        "max": 2752.40893555,
        "mean": 47.6434783936,
        "median": 2.63491916656,
        "min": -1.83229076862,
        "var": 46118.03125
    },
    "melbands_skewness": {
        "dmean": 1.32933008671,
        "dmean2": 2.0687251091,
        "dvar": 7.64167118073,
        "dvar2": 15.7738084793,
        "max": 39.1675262451,
        "mean": 2.96448564529,
        "median": 1.39132130146,
        "min": -1.8159006834,
        "var": 25.1121234894
    },
    "melbands_spread": {
        "dmean": 14.0790185928,
        "dmean2": 20.5512676239,
        "dvar": 334.557830811,
        "dvar2": 667.994506836,
        "max": 173.784896851,
        "mean": 37.6409339905,
        "median": 31.3128890991,
        "min": 0.0702820122242,
        "var": 959.981933594
    },
    "pitch_salience": {
        "dmean": 0.091936968267,
        "dmean2": 0.149567261338,
        "dvar": 0.00830755103379,
        "dvar2": 0.019045650959,
        "max": 0.88618683815,
        "mean": 0.523932516575,
        "median": 0.565533816814,
        "min": 0.0389923974872,
        "var": 0.0349596440792
    },
    "silence_rate_20dB": {
        "dmean": 0,
        "dmean2": 0,
        "dvar": 0,
        "dvar2": 0,
        "max": 1,
        "mean": 1,
        "median": 1,
        "min": 1,
        "var": 0
    },
    "silence_rate_30dB": {
        "dmean": 0.0170278642327,
        "dmean2": 0.0340821072459,
        "dvar": 0.0167379099876,
        "dvar2": 0.0329205878079,
        "max": 1,
        "mean": 0.961330235004,
        "median": 1,
        "min": 0,
        "var": 0.0371744297445
    },
    "silence_rate_60dB": {
        "dmean": 0.0255417954177,
        "dmean2": 0.0503485687077,
        "dvar": 0.0248893555254,
        "dvar2": 0.0555595383048,
        "max": 1,
        "mean": 0.048723898828,
        "median": 0,
        "min": 0,
        "var": 0.0463494844735
    },
    "spectral_centroid": {
        "dmean": 446.135498047,
        "dmean2": 639.049194336,
        "dvar": 237099.640625,
        "dvar2": 438588,
        "max": 5123.71728516,
        "mean": 1986.54003906,
        "median": 1904.70922852,
        "min": 55.0631523132,
        "var": 607473.6875
    },
    "spectral_complexity": {
        "dmean": 6.57972145081,
        "dmean2": 9.52827262878,
        "dvar": 54.669178009,
        "dvar2": 103.483917236,
        "max": 57,
        "mean": 20.3124523163,
        "median": 19,
        "min": 0,
        "var": 151.931152344
    },
    "spectral_decrease": {
        "dmean": 2.27842167355e-09,
        "dmean2": 3.24706084243e-09,
        "dvar": 9.0283016732e-18,
        "dvar2": 2.00456120688e-17,
        "max": -6.51609164846e-14,
        "mean": -7.33312566226e-09,
        "median": -4.74572026121e-09,
        "min": -3.97716739542e-08,
        "var": 5.87830409832e-17
    },
    "spectral_energy": {
        "dmean": 0.00937345717102,
        "dmean2": 0.0132995890453,
        "dvar": 0.000140465985169,
        "dvar2": 0.000307586160488,
        "max": 0.1520396173,
        "mean": 0.0304515399039,
        "median": 0.0211202129722,
        "min": 2.7398795055e-07,
        "var": 0.000859719119035
    },
    "spectral_energyband_high": {
        "dmean": 0.0010918288026,
        "dmean2": 0.00157567788847,
        "dvar": 2.1201024083e-06,
        "dvar2": 4.4014955165e-06,
        "max": 0.00990294851363,
        "mean": 0.00187140936032,
        "median": 0.00105379079469,
        "min": 5.15868814333e-09,
        "var": 4.13620318795e-06
    },
    "spectral_energyband_low": {
        "dmean": 0.00357607356273,
        "dmean2": 0.00526740308851,
        "dvar": 0.000110145323561,
        "dvar2": 0.000260422937572,
        "max": 0.14349091053,
        "mean": 0.0125844180584,
        "median": 0.000458282069303,
        "min": 1.48262693789e-10,
        "var": 0.000909279973712
    },
    "spectral_energyband_middle_high": {
        "dmean": 0.0042635272257,
        "dmean2": 0.00623855786398,
        "dvar": 2.62285775534e-05,
        "dvar2": 5.00446949445e-05,
        "max": 0.0506517551839,
        "mean": 0.00914608966559,
        "median": 0.00709279952571,
        "min": 1.02937256941e-07,
        "var": 7.32723783585e-05
    },
    "spectral_energyband_middle_low": {
        "dmean": 0.00462806830183,
        "dmean2": 0.00723259709775,
        "dvar": 5.63026696909e-05,
        "dvar2": 0.000138090879773,
        "max": 0.0616307593882,
        "mean": 0.00732142478228,
        "median": 0.00395795376971,
        "min": 6.66384778469e-08,
        "var": 7.89573823567e-05
    },
    "spectral_entropy": {
        "dmean": 0.224272310734,
        "dmean2": 0.326887130737,
        "dvar": 0.0789936557412,
        "dvar2": 0.14165827632,
        "max": 8.61338233948,
        "mean": 7.77377796173,
        "median": 7.81589126587,
        "min": 4.46731615067,
        "var": 0.20316490531
    },
    "spectral_flux": {
        "dmean": 0.030997408554,
        "dmean2": 0.0474590919912,
        "dvar": 0.000999977928586,
        "dvar2": 0.00198772456497,
        "max": 0.339300513268,
        "mean": 0.0980575680733,
        "median": 0.0904100313783,
        "min": 0.000408246240113,
        "var": 0.0028094497975
    },
    "spectral_kurtosis": {
        "dmean": 1.44107353687,
        "dmean2": 2.29927945137,
        "dvar": 3.28001570702,
        "dvar2": 8.26756286621,
        "max": 25.0170536041,
        "mean": 2.87696385384,
        "median": 2.38196086884,
        "min": -0.960211992264,
        "var": 6.07709693909
    },
    "spectral_rms": {
        "dmean": 0.000893740274478,
        "dmean2": 0.00123306852765,
        "dvar": 9.6076405498e-07,
        "dvar2": 1.83192196346e-06,
        "max": 0.0121791353449,
        "mean": 0.00489542121068,
        "median": 0.00453928252682,
        "min": 1.63494751177e-05,
        "var": 5.74370096729e-06
    },
    "spectral_rolloff": {
        "dmean": 849.34552002,
        "dmean2": 1304.16796875,
        "dvar": 1466471.75,
        "dvar2": 2676603,
        "max": 10658.9355469,
        "mean": 2590.38525391,
        "median": 2110.25390625,
        "min": 64.599609375,
        "var": 4596301
    },
    "spectral_skewness": {
        "dmean": 0.266070634127,
        "dmean2": 0.391663253307,
        "dvar": 0.067311398685,
        "dvar2": 0.151895433664,
        "max": 4.11876773834,
        "mean": 1.1680315733,
        "median": 1.1617692709,
        "min": -0.0445119328797,
        "var": 0.200828209519
    },
    "spectral_spread": {
        "dmean": 669655.1875,
        "dmean2": 965034.25,
        "dvar": 487065812992,
        "dvar2": 927853838336,
        "max": 10594276,
        "mean": 4563260.5,
        "median": 4312903,
        "min": 2032811.5,
        "var": 1.76172341658e+12
    },
    "spectral_strongpeak": {
        "dmean": 0.944278180599,
        "dmean2": 1.52364885807,
        "dvar": 1.76810252666,
        "dvar2": 4.10013341904,
        "max": 12.2829971313,
        "mean": 1.60528254509,
        "median": 1.03442001343,
        "min": 0.00187915517017,
        "var": 2.76477503777
    },
    "zerocrossingrate": {
        "dmean": 0.0186567269266,
        "dmean2": 0.0194359384477,
        "dvar": 0.000452242500614,
        "dvar2": 0.000446659163572,
        "max": 0.330078125,
        "mean": 0.0892074331641,
        "median": 0.0810546875,
        "min": 0.001953125,
        "var": 0.00309034204111
    },
    "barkbands": {
        "dmean": [0.000423096469603, 0.00209249346517, 0.00138352811337, 0.000451722327853, 0.000847430899739, 0.00234549981542, 0.000582732143812, 0.000320999446558, 0.00180597719736, 0.00101281481329, 0.00069721165346, 0.0011600961443, 0.00106619892176, 0.000570739095565, 0.0012178379111, 0.000530872901436, 0.000470455299364, 0.000239158398472, 0.000290083233267, 0.000212095255847, 0.000317474739859, 0.000366385589587, 0.000269105628831, 0.000178806265467, 5.70959273318e-05, 2.77763901977e-05, 1.23095063032e-07],
        "dmean2": [0.000482624891447, 0.00255461083725, 0.00238479813561, 0.000716181937605, 0.00143340509385, 0.00373971904628, 0.00106280564796, 0.000524929142557, 0.00280258664861, 0.0014792639995, 0.00107683963142, 0.00181722349953, 0.00178272870835, 0.000966383260675, 0.00197614473291, 0.000851983786561, 0.000742653617635, 0.000399292359361, 0.000467049889266, 0.000332569528837, 0.000493194966111, 0.000563975016121, 0.000389374006772, 0.000251438905252, 8.87093337951e-05, 4.54308283224e-05, 2.26700279882e-07],
        "dvar": [2.20188235289e-06, 6.2348874053e-05, 2.04142743314e-05, 1.08176948288e-06, 7.27005590306e-06, 1.98571797227e-05, 3.8653761294e-06, 4.54699517149e-07, 1.8938584617e-05, 4.41418069386e-06, 2.21138134293e-06, 5.63788626096e-06, 4.47711636298e-06, 1.3290722336e-06, 9.95589834929e-06, 9.51444519615e-07, 6.68499353651e-07, 9.25095875459e-08, 2.40459854695e-07, 1.11628786215e-07, 2.34026401813e-07, 2.98060086834e-07, 1.45316718658e-07, 9.66785691503e-08, 1.3213037775e-08, 3.80980003101e-09, 4.27026713686e-13],
        "dvar2": [2.63097103925e-06, 0.000114597372885, 5.59324544156e-05, 2.48311380346e-06, 2.06591867027e-05, 4.70075283374e-05, 1.08697186079e-05, 1.11358644972e-06, 4.08628693549e-05, 8.4346102085e-06, 4.43432554675e-06, 1.23326863104e-05, 1.13541882456e-05, 3.26979102283e-06, 2.13104722206e-05, 2.34782532971e-06, 1.45190290368e-06, 2.35320356978e-07, 6.2396213707e-07, 2.7046530704e-07, 5.52272751975e-07, 6.7707225071e-07, 2.74405465461e-07, 1.6993082852e-07, 3.41389174707e-08, 1.00157953042e-08, 1.24895590831e-12],
        "max": [0.0250308904797, 0.126872003078, 0.0419508144259, 0.00860092230141, 0.0304789915681, 0.0389752313495, 0.0300191342831, 0.00995098240674, 0.0452534966171, 0.0301568396389, 0.0203371793032, 0.025508325547, 0.0245071649551, 0.0140800559893, 0.0425141863525, 0.0144504522905, 0.0109332716092, 0.00254689971916, 0.009845004417, 0.0031356245745, 0.00464108912274, 0.00637960107997, 0.00310663855635, 0.00386527762748, 0.000926584412809, 0.00066759402398, 7.85252905189e-06],
        "mean": [0.00190408283379, 0.00932282488793, 0.00108410150278, 0.00042334315367, 0.0007780752494, 0.00289960554801, 0.000447648315458, 0.000369485380361, 0.00213735410944, 0.00157868280075, 0.00085061637219, 0.00133980007377, 0.00121943152044, 0.000621353043243, 0.001326643629, 0.000675371557008, 0.000686310348101, 0.000348051573383, 0.000410279462812, 0.000302534550428, 0.000435910653323, 0.000548768904991, 0.000370753172319, 0.00026681352756, 6.95017515682e-05, 3.41436098097e-05, 7.50892183987e-08],
        "median": [2.62996854872e-06, 0.000107693223981, 4.79439731862e-05, 2.29017132369e-05, 0.000162827462191, 0.000648839806672, 8.47001356306e-05, 7.98942928668e-05, 0.000460394599941, 0.000355072959792, 0.000294350960758, 0.000458868220448, 0.000536575214937, 0.000241317859036, 0.000409474945627, 0.000313519965857, 0.00036008169991, 0.000229089389904, 0.000266177550657, 0.000190726525034, 0.000220331348828, 0.000248293188633, 0.000129999301862, 7.65181539464e-05, 2.68538988166e-05, 9.35733805818e-06, 4.07211597775e-10],
        "min": [2.87829222262e-12, 9.0869700653e-11, 2.91081811432e-11, 7.71719355086e-11, 3.80867959393e-09, 1.42632705646e-09, 7.89598608719e-10, 4.03096445112e-10, 1.35410377355e-10, 1.83374515572e-09, 3.79000564266e-09, 1.03858177614e-09, 3.09653280794e-08, 1.88333881823e-09, 7.42402761489e-09, 4.37787139873e-09, 2.17627449395e-09, 6.84476864077e-10, 4.96104601844e-10, 7.64397711794e-10, 1.04969843928e-09, 9.90701076731e-10, 8.72011018949e-10, 3.66755514847e-10, 3.33628125126e-11, 4.38079260368e-12, 6.27888062724e-12],
        "var": [2.7165571737e-05, 0.000595849822275, 1.31716424221e-05, 9.93216872303e-07, 4.6305858632e-06, 2.6253022952e-05, 2.50131643043e-06, 5.73093075218e-07, 2.67313371296e-05, 8.91595027497e-06, 3.32313516083e-06, 7.09955565981e-06, 5.44125168744e-06, 1.48795334098e-06, 1.20151898955e-05, 1.20377910662e-06, 1.14761564873e-06, 1.37801151823e-07, 2.7207391895e-07, 1.36149338914e-07, 3.0863941447e-07, 5.48857201466e-07, 2.75954562312e-07, 2.28127277069e-07, 1.40138141091e-08, 4.56657733849e-09, 2.33435991891e-13]
    },
    "erbbands": {
        "dmean": [0.1181576401, 0.294948905706, 1.22399926186, 2.07629418373, 1.50203812122, 3.24515867233, 7.62793254852, 24.2358150482, 13.3228855133, 4.6742067337, 10.8684577942, 46.5167350769, 31.4736423492, 24.7904224396, 24.2489757538, 48.5830497742, 47.9723548889, 30.6760807037, 71.6425857544, 25.8221111298, 25.3773097992, 27.6564922333, 12.7175016403, 16.0420684814, 11.9421815872, 9.79850196838, 11.5953369141, 13.0026063919, 13.7920417786, 9.86702251434, 7.03536176682, 5.01811885834, 2.15673971176, 0.752169966698, 0.394364714622, 0.178364187479, 0.0387776568532, 0.00386791257188, 8.99109363672e-05, 1.54586741701e-05],
        "dmean2": [0.128876104951, 0.484976142645, 2.13160967827, 3.37493991852, 2.38514971733, 5.50556945801, 12.5014638901, 38.4045066833, 23.7039375305, 7.99371528625, 17.652338028, 72.5001296997, 46.768913269, 35.6136550903, 38.7149505615, 73.9989929199, 77.2404708862, 51.924785614, 115.163764954, 40.1462402344, 40.0536499023, 43.1973228455, 20.9856739044, 26.1291484833, 19.0298595428, 15.2845630646, 18.0331344604, 20.5980052948, 21.5166130066, 14.3439798355, 10.2782649994, 7.41102075577, 3.04536128044, 1.15460109711, 0.613589406013, 0.287381798029, 0.0644128471613, 0.00668291281909, 0.000152209278895, 2.3148551918e-05],
        "dvar": [0.241730332375, 1.53366565704, 23.7457637787, 26.7646026611, 12.3752985001, 119.891242981, 416.678497314, 2280.3918457, 1518.6126709, 104.723937988, 669.469238281, 14813.7617188, 3012.45581055, 3282.78320312, 1252.13415527, 9339.29394531, 7457.71435547, 3967.7644043, 33846.5, 2060.61889648, 1649.94702148, 2565.14501953, 249.601150513, 696.24029541, 402.40246582, 231.316513062, 332.132293701, 380.106048584, 433.860778809, 195.828277588, 105.382537842, 81.8928909302, 12.4361591339, 1.94367575645, 0.631104469299, 0.151459679008, 0.00899586454034, 0.000118760683108, 6.44124824589e-08, 5.70731739646e-10],
        "dvar2": [0.358640223742, 3.9092259407, 67.5702819824, 65.1958007812, 32.1633834839, 343.202178955, 1073.57312012, 5262.88818359, 4224.89794922, 277.275817871, 1609.68847656, 32084.6230469, 6236.56054688, 6172.39160156, 2875.12597656, 19898.3691406, 17893.1328125, 10019.6953125, 70187.78125, 4372.33544922, 4097.1484375, 5438.5703125, 634.72668457, 1847.05773926, 970.044433594, 557.575012207, 794.16229248, 919.732849121, 991.868896484, 345.918945312, 191.51612854, 141.60206604, 23.1639099121, 4.98959350586, 1.60737872124, 0.398503363132, 0.0233905557543, 0.000334150216077, 1.8368221788e-07, 1.43728995372e-09],
        "max": [7.20972204208, 14.4899435043, 48.9554672241, 39.6059799194, 32.697303772, 123.869567871, 196.188858032, 484.374572754, 530.501220703, 93.6999969482, 371.834442139, 1313.2310791, 656.466003418, 891.040039062, 323.384155273, 1020.17456055, 1050.77990723, 789.213745117, 2703.73046875, 575.545715332, 457.703979492, 699.921081543, 139.455459595, 490.276733398, 323.86416626, 150.075698853, 151.44354248, 167.110778809, 250.081848145, 152.613433838, 92.9468154907, 100.042510986, 38.4118919373, 11.3784751892, 7.31118917465, 3.35637331009, 1.35826003551, 0.136830002069, 0.00242309714667, 0.0002472132619],
        "mean": [0.56065094471, 0.918474495411, 1.01083874702, 1.79346096516, 1.44948899746, 2.94589710236, 8.89074802399, 30.387840271, 11.5440855026, 5.41062688828, 13.5943365097, 54.3810768127, 50.4864883423, 35.3149414062, 32.2383117676, 58.2543067932, 60.300567627, 37.871421814, 79.7499313354, 36.0929031372, 35.1074066162, 40.3952903748, 20.2507572174, 23.0443668365, 17.3597373962, 14.0535020828, 16.4648151398, 17.6378936768, 20.4444599152, 15.3086681366, 9.81717681885, 7.47446203232, 3.11165452003, 0.918040394783, 0.466986954212, 0.218081369996, 0.0460494160652, 0.00381915690377, 0.000109036533104, 4.49362851214e-05],
        "median": [0.00133804755751, 0.0275922175497, 0.0758550912142, 0.139671444893, 0.276751190424, 0.525643110275, 2.12850546837, 6.09106063843, 2.52217650414, 1.68341004848, 3.85352516174, 12.5727539062, 16.0665073395, 9.77320766449, 15.6684103012, 19.9233531952, 29.6930274963, 18.4404239655, 23.7690505981, 19.7422199249, 18.9064445496, 21.3194961548, 14.450712204, 14.9705924988, 10.8678750992, 8.63074588776, 8.98137569427, 8.60925197601, 9.65048694611, 5.92314958572, 3.50537896156, 1.99503862858, 0.979793310165, 0.301105320454, 0.175883471966, 0.0686457157135, 0.0110547877848, 0.000550460419618, 4.22681732744e-05, 3.52292008756e-05],
        "min": [2.36185027092e-09, 2.21205453954e-08, 3.50590596554e-08, 2.72948597058e-07, 1.59106525643e-06, 1.84108157555e-05, 2.10252128454e-05, 2.19535650103e-05, 1.66557747434e-05, 1.39233998198e-05, 1.36904227475e-05, 5.7198722061e-06, 6.31116345176e-05, 0.000101848403574, 0.00016342982417, 0.000107539941382, 0.00124654418323, 0.000505944131874, 0.00024724737159, 0.000273927580565, 0.00035897892667, 0.000203319053981, 5.21415531693e-05, 3.42360472132e-05, 3.43342508131e-05, 2.99362109217e-05, 3.40555525327e-05, 4.07560655731e-05, 3.7586552935e-05, 3.60484555131e-05, 2.16692951653e-05, 1.01082487163e-05, 6.05516834185e-06, 8.67964047302e-07, 2.3905417379e-07, 2.37757191712e-08, 8.55224246976e-09, 3.42603190262e-09, 1.32581279289e-09, 4.59660698393e-10],
        "var": [2.30857348442, 5.73295497894, 14.3964166641, 22.0755252838, 9.95823287964, 74.3339080811, 393.828308105, 3283.62182617, 1055.19396973, 104.023017883, 957.284606934, 19575.2011719, 6261.27783203, 5477.85742188, 2063.15576172, 12384.5986328, 10623.7333984, 4165.96728516, 42929.1445312, 3149.80737305, 2381.78442383, 4294.85839844, 402.198608398, 795.692016602, 506.922332764, 288.050201416, 415.02557373, 513.379150391, 771.900512695, 446.500244141, 195.643875122, 190.092636108, 27.3810901642, 2.21459102631, 0.669018507004, 0.161057665944, 0.0114075075835, 0.000130410364363, 5.88730806328e-08, 1.53567902839e-09]
    },
    "gfcc": {
        "mean": [-15.506321907, 42.5484466553, -162.561141968, 25.800661087, -76.061378479, 20.189617157, -42.3104171753, 0.862585186958, -23.2113399506, 0.76323145628, -13.1306295395, 6.73635005951, -4.38641548157],
        "cov": [[7716.47119141, -516.852416992, -402.421325684, -199.754699707, -816.025939941, -232.061309814, -458.016113281, 53.1582260132, -453.362091064, 111.290473938, -475.447906494, 149.216781616, -206.706344604], [-516.852416992, 1722.94543457, 429.449066162, 446.203796387, 669.215942383, 103.63306427, 340.586395264, 12.7931652069, 155.57963562, -153.127868652, 62.0992279053, -205.514678955, -0.150514319539], [-402.421325684, 429.449066162, 1897.66064453, 1207.8807373, 1073.23291016, 736.45111084, 523.277954102, 329.124084473, 76.7678451538, -2.25076270103, 7.55749034882, -103.39855957, -106.027282715], [-199.754699707, 446.203796387, 1207.8807373, 1292.08459473, 925.182861328, 595.12097168, 402.877624512, 174.980911255, 178.082519531, 4.39372491837, 57.8777694702, -116.855010986, -45.8874855042], [-816.025939941, 669.215942383, 1073.23291016, 925.182861328, 1412.19274902, 657.676086426, 684.601501465, 355.694763184, 180.319580078, 91.7583847046, 154.015640259, 6.36364126205, -9.66304397583], [-232.061309814, 103.63306427, 736.45111084, 595.12097168, 657.676086426, 622.410339355, 437.506713867, 284.315246582, 71.2990341187, -2.25233340263, 53.1141204834, -20.3251419067, -52.4767456055], [-458.016113281, 340.586395264, 523.277954102, 402.877624512, 684.601501465, 437.506713867, 593.805908203, 298.346496582, 109.151657104, 19.4553775787, 106.056137085, 34.5210151672, 0.00342670828104], [53.1582260132, 12.7931652069, 329.124084473, 174.980911255, 355.694763184, 284.315246582, 298.346496582, 296.138946533, 33.1706695557, 50.4457931519, 24.0890235901, 40.095123291, -17.4459400177], [-453.362091064, 155.57963562, 76.7678451538, 178.082519531, 180.319580078, 71.2990341187, 109.151657104, 33.1706695557, 187.606018066, 50.1510124207, 82.0883331299, -9.62356281281, 40.095790863], [111.290473938, -153.127868652, -2.25076270103, 4.39372491837, 91.7583847046, -2.25233340263, 19.4553775787, 50.4457931519, 50.1510124207, 178.484680176, 46.9565124512, 74.2545623779, 17.5972290039], [-475.447906494, 62.0992279053, 7.55749034882, 57.8777694702, 154.015640259, 53.1141204834, 106.056137085, 24.0890235901, 82.0883331299, 46.9565124512, 185.037109375, 56.8702545166, 65.5307769775], [149.216781616, -205.514678955, -103.39855957, -116.855010986, 6.36364126205, -20.3251419067, 34.5210151672, 40.095123291, -9.62356281281, 74.2545623779, 56.8702545166, 175.631347656, 51.6947669983], [-206.706344604, -0.150514319539, -106.027282715, -45.8874855042, -9.66304397583, -52.4767456055, 0.00342670828104, -17.4459400177, 40.095790863, 17.5972290039, 65.5307769775, 51.6947669983, 136.017929077]],
        "icov": [[0.000249107659329, -0.000206091150176, 0.000179543363629, -0.000396998366341, 0.000351533759385, -0.000117935815069, 0.000151541855303, -0.000405089522246, 0.000624549982604, -0.000502585840877, 0.000491561600938, -0.000534188875463, 0.000158988666954], [-0.000206091150176, 0.00152910209727, -0.000212920684135, 0.000392496003769, -0.00124940287787, 0.00144919578452, -0.000928514520638, 0.00064684660174, -0.00108675623778, 0.00173317117151, -0.000548536074348, 0.00176313682459, -0.000101416640973], [0.000179543363629, -0.000212920684135, 0.00186537555419, -0.00155051541515, -5.5153392168e-05, -0.000476034736494, 0.000260353845078, -0.000988330808468, 0.00135194987524, -0.000417121860664, 0.000555192935281, -0.000252993631875, 0.00037336332025], [-0.000396998366341, 0.000392496003769, -0.00155051541515, 0.00384577782825, -0.00150621915236, -0.0013325845357, 0.000239626911934, 0.00230837194249, -0.00276421615854, 0.00083233776968, -0.000358835735824, 0.001542080543, -0.000545196176972], [0.000351533759385, -0.00124940287787, -5.5153392168e-05, -0.00150621915236, 0.00390710448846, -0.0013243665453, -0.0012360404944, -0.000739220588002, 0.00150429923087, -0.0027985132765, 0.000218328161282, -0.00149369321298, 3.46621527569e-05], [-0.000117935815069, 0.00144919578452, -0.000476034736494, -0.0013325845357, -0.0013243665453, 0.00771450763568, -0.00230192905292, -0.00268513010815, -0.000253853591857, 0.00280705164187, -0.00131809373852, 0.00147071224637, 0.00132737087552], [0.000151541855303, -0.000928514520638, 0.000260353845078, 0.000239626911934, -0.0012360404944, -0.00230192905292, 0.00748929567635, -0.00401556212455, -0.000964222184848, 0.00138454849366, -0.000854469428305, -0.00214519188739, 0.000353990704753], [-0.000405089522246, 0.00064684660174, -0.000988330808468, 0.00230837194249, -0.000739220588002, -0.00268513010815, -0.00401556212455, 0.0108824316412, -0.00113032897934, -0.00172926404048, 0.00132252159528, 0.000482605479192, -0.000562765693758], [0.000624549982604, -0.00108675623778, 0.00135194987524, -0.00276421615854, 0.00150429923087, -0.000253853591857, -0.000964222184848, -0.00113032897934, 0.011474089697, -0.00473995134234, -0.0013504489325, 0.00105505983811, -0.00158629030921], [-0.000502585840877, 0.00173317117151, -0.000417121860664, 0.00083233776968, -0.0027985132765, 0.00280705164187, 0.00138454849366, -0.00172926404048, -0.00473995134234, 0.0115705309436, -0.00197053095326, -0.00158657855354, 0.00130880705547], [0.000491561600938, -0.000548536074348, 0.000555192935281, -0.000358835735824, 0.000218328161282, -0.00131809373852, -0.000854469428305, 0.00132252159528, -0.0013504489325, -0.00197053095326, 0.0103792762384, -0.003157395171, -0.0024127420038], [-0.000534188875463, 0.00176313682459, -0.000252993631875, 0.001542080543, -0.00149369321298, 0.00147071224637, -0.00214519188739, 0.000482605479192, 0.00105505983811, -0.00158657855354, -0.003157395171, 0.0123260868713, -0.00323278806172], [0.000158988666954, -0.000101416640973, 0.00037336332025, -0.000545196176972, 3.46621527569e-05, 0.00132737087552, 0.000353990704753, -0.000562765693758, -0.00158629030921, 0.00130880705547, -0.0024127420038, -0.00323278806172, 0.0108323134482]]
    },
    "melbands": {
        "dmean": [0.000768250669353, 0.000560319225769, 0.000311194133246, 0.000178040907485, 0.000237730157096, 0.00050848594401, 0.000185076874914, 5.00522146467e-05, 0.000115340808406, 0.00029875288601, 0.000164358163602, 0.000111188557639, 8.27813782962e-05, 7.80167101766e-05, 0.000175557288458, 9.34837662498e-05, 5.64799629501e-05, 0.000115127688332, 6.41635779175e-05, 4.24711179221e-05, 2.71630415227e-05, 3.61818892998e-05, 1.20241757031e-05, 1.13422283903e-05, 1.44216655826e-05, 1.05202389022e-05, 8.21050889499e-06, 6.41519227429e-06, 7.21355308997e-06, 7.92055016063e-06, 7.62454965297e-06, 8.47320552566e-06, 7.39863753552e-06, 5.53922882318e-06, 4.37207108916e-06, 3.67724851458e-06, 2.97735618915e-06, 1.67998882716e-06, 1.09632082967e-06, 4.94451455779e-07],
        "dmean2": [0.000824495858978, 0.000982192577794, 0.00050160306273, 0.000294078170555, 0.000393701047869, 0.000810327241197, 0.000329640548443, 8.4504201368e-05, 0.000191752260434, 0.000465936987894, 0.000247532560024, 0.000159640665515, 0.000131449080072, 0.000123165402329, 0.000276884995401, 0.000156645735842, 9.66576481005e-05, 0.0001846452069, 0.00010425299115, 6.73722825013e-05, 4.50004263257e-05, 5.66362650716e-05, 1.96843993763e-05, 1.91383824131e-05, 2.36258547375e-05, 1.70204075403e-05, 1.33654784804e-05, 1.0172059774e-05, 1.14190243039e-05, 1.23848203657e-05, 1.22738420032e-05, 1.33615167215e-05, 1.13423393486e-05, 8.07838478067e-06, 6.48167815598e-06, 5.58709552934e-06, 4.28403609476e-06, 2.38025586441e-06, 1.73139233084e-06, 7.81354572155e-07],
        "dvar": [8.71032625582e-06, 4.88825571665e-06, 5.91462026023e-07, 2.62106141236e-07, 4.41807770812e-07, 9.90261582956e-07, 2.86858835352e-07, 9.78675984697e-09, 8.68619949301e-08, 6.1184863398e-07, 9.07938328965e-08, 6.30853449479e-08, 2.1051452137e-08, 1.32368551675e-08, 1.43621065263e-07, 4.56112019265e-08, 1.50126258092e-08, 8.30540329844e-08, 2.5923100111e-08, 6.96580793047e-09, 1.73676895088e-09, 5.00019936567e-09, 2.52741660933e-10, 2.28774763023e-10, 5.96583227264e-10, 3.38967132141e-10, 1.84116721869e-10, 9.4881325019e-11, 1.36651481797e-10, 1.46418974167e-10, 1.35814234858e-10, 1.65916405614e-10, 1.34269470542e-10, 6.10311107208e-11, 4.31475341567e-11, 3.76036562999e-11, 3.14856682393e-11, 8.41080764064e-12, 3.30468703617e-12, 1.11725971357e-12],
        "dvar2": [1.32031964313e-05, 1.4191232367e-05, 1.42619614962e-06, 7.2526410122e-07, 1.18850437048e-06, 2.33607102018e-06, 7.94304014562e-07, 2.48027536287e-08, 2.120146263e-07, 1.30753483063e-06, 1.8733786078e-07, 1.20756254773e-07, 4.41989165267e-08, 3.1753437213e-08, 2.99606540466e-07, 1.11610788167e-07, 3.76362336851e-08, 1.73151775584e-07, 6.40916866246e-08, 1.72990546332e-08, 4.6976702528e-09, 1.04665680567e-08, 6.41244723987e-10, 6.13737283217e-10, 1.59724689031e-09, 8.16894718536e-10, 4.59827370625e-10, 2.31825586505e-10, 3.41716183128e-10, 3.35850763866e-10, 3.34976352212e-10, 3.90345783474e-10, 2.98370689267e-10, 1.1709608283e-10, 8.28268981179e-11, 7.32117838576e-11, 5.37990589577e-11, 1.58426275571e-11, 7.75640662809e-12, 2.92017386834e-12],
        "max": [0.0465664304793, 0.0236969776452, 0.00619265856221, 0.00539317075163, 0.00691183842719, 0.00948582217097, 0.0072236363776, 0.000811544945464, 0.00379097345285, 0.00877402722836, 0.003759883577, 0.00337321567349, 0.00151274818927, 0.00106298993342, 0.00418584560975, 0.00332435732707, 0.00157065270469, 0.00436491705477, 0.0014918098459, 0.00133843906224, 0.000418614421505, 0.000921364524402, 0.000179448921699, 0.000113353795314, 0.000455639557913, 0.000267474242719, 0.000156358626555, 0.000106815503386, 9.33559786063e-05, 0.000115165028546, 9.58427481237e-05, 0.0001578854135, 0.00013257667888, 6.84357291902e-05, 4.94143132528e-05, 6.91836175974e-05, 7.25318313926e-05, 3.54280709871e-05, 1.50264413605e-05, 9.72949601419e-06],
        "mean": [0.00356312538497, 0.000704638136085, 0.000283638597466, 0.000160236872034, 0.000279000814771, 0.000632621813565, 0.000153778557433, 5.87516151427e-05, 0.000137834562338, 0.000345595937688, 0.000256124971202, 0.000159198403708, 0.000103328144178, 9.64498758549e-05, 0.000199897127459, 0.000113326779683, 6.01376341365e-05, 0.000125506601762, 6.84550759615e-05, 5.30484794581e-05, 3.53866998921e-05, 5.03289593325e-05, 1.80841216206e-05, 1.6350293663e-05, 1.91950766748e-05, 1.39691228469e-05, 1.07526766442e-05, 8.71933843882e-06, 9.65527851804e-06, 1.05601329778e-05, 9.92265722743e-06, 1.17996914923e-05, 1.05142808025e-05, 7.76015895099e-06, 5.71150985706e-06, 5.03138653585e-06, 4.32961223851e-06, 2.35669540416e-06, 1.31256649638e-06, 5.60857415621e-07],
        "median": [2.1095658667e-05, 4.82353025291e-05, 3.48272660631e-05, 2.81330103462e-05, 7.61890187277e-05, 0.000135580121423, 2.96862162941e-05, 1.25979095174e-05, 3.05837893393e-05, 7.36394358682e-05, 7.29284947738e-05, 3.49297224602e-05, 4.15786053054e-05, 5.04261224705e-05, 5.30686120328e-05, 4.26532060374e-05, 2.40459157794e-05, 3.48854919139e-05, 2.77170875052e-05, 2.60454398813e-05, 1.85748813237e-05, 2.48633386946e-05, 1.24101261463e-05, 1.05590161183e-05, 1.1852363059e-05, 7.74100590206e-06, 6.68641268931e-06, 4.99502630191e-06, 5.35091612619e-06, 4.92663548357e-06, 4.53845404991e-06, 5.39885013495e-06, 4.05146010962e-06, 2.72409783975e-06, 1.97567692339e-06, 1.44219063714e-06, 1.07496043711e-06, 7.20750392702e-07, 4.12973776065e-07, 1.51663186898e-07],
        "min": [2.5263490952e-11, 2.10994572508e-11, 5.58644450144e-11, 5.49719714193e-10, 5.07472786015e-10, 2.27037014189e-10, 2.20344895108e-10, 1.28851415648e-10, 6.70761571286e-11, 1.73308398882e-11, 4.18392646917e-11, 2.20132551076e-10, 5.46936163026e-10, 1.22679061354e-10, 1.89011889473e-10, 4.14041156915e-09, 3.73681585675e-10, 1.93622409772e-10, 5.10073538962e-10, 2.42578929166e-10, 4.47706982598e-10, 1.33285882331e-10, 3.9659529133e-11, 3.99673974472e-11, 2.3113398348e-11, 1.99854282429e-11, 2.55558161438e-11, 1.75509988487e-11, 2.03425037232e-11, 2.03534480936e-11, 1.58645631354e-11, 2.33795222765e-11, 9.7300448948e-12, 2.04552208505e-11, 1.18089375084e-11, 4.47747568189e-12, 3.74178032309e-12, 4.45775144228e-12, 1.10294423334e-12, 1.85728331586e-13],
