{
"highlevel": {
    "danceability": {
        "all": {
            "danceable": 0.999792456627,
            "not_danceable": 0.000207526856684
        },
        "probability": 0.999792456627,
        "value": "danceable"
    },
    "gender": {
        "all": {
            "female": 0.970989823341,
            "male": 0.029010174796
        },
        "probability": 0.970989823341,
        "value": "female"
    },
    "genre_dortmund": {
        "all": {
            "alternative": 0.0227092169225,
            "blues": 0.0835140496492,
            "electronic": 0.085301399231,
            "folkcountry": 0.0368088074028,
            "funksoulrnb": 0.027490761131,
            "jazz": 0.466019690037,
            "pop": 0.148439064622,
            "raphiphop": 0.0920911729336,
            "rock": 0.0376258306205
        },
        "probability": 0.466019690037,
        "value": "jazz"
    },
    "genre_electronic": {
        "all": {
            "ambient": 0.0702650174499,
            "dnb": 0.364069908857,
            "house": 0.532378852367,
            "techno": 0.00747715774924,
            "trance": 0.0258090533316
        },
        "probability": 0.532378852367,
        "value": "house"
    },
    "genre_rosamerica": {
        "all": {
            "cla": 0.0034086657688,
            "dan": 0.372223198414,
            "hip": 0.146666437387,
            "jaz": 0.00693592661992,
            "pop": 0.2014567554,
            "rhy": 0.23111115396,
            "roc": 0.034653827548,
            "spe": 0.0035440379288
        },
        "probability": 0.372223198414,
        "value": "dan"
    },
    "genre_tzanetakis": {
        "all": {
            "blu": 0.0626613423228,
            "cla": 0.0348169617355,
            "cou": 0.104475811124,
            "dis": 0.0784321576357,
            "hip": 0.15692435205,
            "jaz": 0.313974827528,
            "met": 0.0448166541755,
            "pop": 0.0627359300852,
            "reg": 0.0627360641956,
            "roc": 0.0784258767962
        },
        "probability": 0.313974827528,
        "value": "jaz"
    },
    "ismir04_rhythm": {
        "all": {
            "ChaChaCha": 0.69572275877,
            "Jive": 0.0119525529444,
            "Quickstep": 0.0636330023408,
            "Rumba-American": 0.0102325119078,
            "Rumba-International": 0.0677443891764,
            "Rumba-Misc": 0.00747208436951,
            "Samba": 0.128184124827,
            "Tango": 0.00668718246743,
            "VienneseWaltz": 0.00368771562353,
            "Waltz": 0.00468367664143
        },
        "probability": 0.69572275877,
        "value": "ChaChaCha"
    },
    "mood_acoustic": {
        "all": {
            "acoustic": 0.0225356612355,
            "not_acoustic": 0.977464318275
        },
        "probability": 0.977464318275,
        "value": "not_acoustic"
    },
    "mood_aggressive": {
        "all": {
            "aggressive": 0.0258637480438,
            "not_aggressive": 0.97413623333
        },
        "probability": 0.97413623333,
        "value": "not_aggressive"
    },
    "mood_electronic": {
        "all": {
            "electronic": 0.708194732666,
            "not_electronic": 0.291805267334
        },
        "probability": 0.708194732666,
        "value": "electronic"
    },
    "mood_happy": {
        "all": {
            "happy": 0.297216594219,
            "not_happy": 0.702783405781
        },
        "probability": 0.702783405781,
        "value": "not_happy"
    },
    "mood_party": {
        "all": {
            "not_party": 0.18217676878,
            "party": 0.81782323122
        },
        "probability": 0.81782323122,
        "value": "party"
    },
    "mood_relaxed": {
        "all": {
            "not_relaxed": 0.869610905647,
            "relaxed": 0.130389079452
        },
        "probability": 0.869610905647,
        "value": "not_relaxed"
    },
    "mood_sad": {
        "all": {
            "not_sad": 0.806137979031,
            "sad": 0.193862006068
        },
        "probability": 0.806137979031,
        "value": "not_sad"
    },
    "moods_mirex": {
        "all": {
            "Cluster1": 0.298667997122,
            "Cluster2": 0.24062821269,
            "Cluster3": 0.0434040613472,
            "Cluster4": 0.0565137937665,
            "Cluster5": 0.360785961151
        },
        "probability": 0.360785961151,
        "value": "Cluster5"
    },
    "timbre": {
        "all": {
            "bright": 0.334980607033,
            "dark": 0.665019392967
        },
        "probability": 0.665019392967,
        "value": "dark"
    },
    "tonal_atonal": {
        "all": {
            "atonal": 0.30625551939,
            "tonal": 0.69374448061
        },
        "probability": 0.69374448061,
        "value": "tonal"
    },
    "voice_instrumental": {
        "all": {
            "instrumental": 0.216285467148,
            "voice": 0.783714532852
        },
        "probability": 0.783714532852,
        "value": "voice"
    }
},
"lowlevel": {
    "average_loudness": 0.961715996265,
    "barkbands_crest": {
        "dmean": 2.69792366028,
        "dmean2": 4.06171655655,
        "dvar": 7.8812212944,
        "dvar2": 19.2540130615,
        "max": 26.144908905,
        "mean": 14.6945905685,
        "median": 14.8706331253,
        "min": 2.20280003548,
        "var": 22.7715816498
    },
    "barkbands_flatness_db": {
        "dmean": 0.0325413532555,
        "dmean2": 0.0465635508299,
        "dvar": 0.00113554415293,
        "dvar2": 0.00222967169248,
        "max": 0.528726696968,
        "mean": 0.19688038528,
        "median": 0.189610004425,
        "min": 0.0443083755672,
        "var": 0.00516485096887
    },
    "barkbands_kurtosis": {
        "dmean": 12.1430473328,
        "dmean2": 17.9119510651,
        "dvar": 925.751342773,
        "dvar2": 1749.69421387,
        "max": 353.977752686,
        "mean": 18.250825882,
        "median": 5.44558048248,
        "min": -1.8888862133,
        "var": 1744.30969238
    },
    "barkbands_skewness": {
        "dmean": 1.07107234001,
        "dmean2": 1.56563699245,
        "dvar": 1.82282042503,
        "dvar2": 3.40501737595,
        "max": 15.1229848862,
        "mean": 2.92516183853,
        "median": 2.38388085365,
        "min": -9.07824611664,
        "var": 6.59139585495
    },
    "barkbands_spread": {
        "dmean": 8.07173919678,
        "dmean2": 12.2748985291,
        "dvar": 91.1823959351,
        "dvar2": 195.467483521,
        "max": 96.0628128052,
        "mean": 22.4066886902,
        "median": 19.1044902802,
        "min": 0.355610400438,
        "var": 256.050048828
    },
    "dissonance": {
        "dmean": 0.0166735164821,
        "dmean2": 0.0271054804325,
        "dvar": 0.000262346700765,
        "dvar2": 0.000630570808426,
        "max": 0.499735176563,
        "mean": 0.468339025974,
        "median": 0.474640727043,
        "min": 0.308299064636,
        "var": 0.000695953494869
    },
    "dynamic_complexity": 2.46724438667,
    "erbbands_crest": {
        "dmean": 2.94992280006,
        "dmean2": 4.62662315369,
        "dvar": 7.02119874954,
        "dvar2": 16.6646461487,
        "max": 25.7971229553,
        "mean": 9.49513721466,
        "median": 8.46076488495,
        "min": 2.5069770813,
        "var": 19.0784225464
    },
    "erbbands_flatness_db": {
        "dmean": 0.0186578501016,
        "dmean2": 0.0272013451904,
        "dvar": 0.00030310350121,
        "dvar2": 0.000632508075796,
        "max": 0.303675293922,
        "mean": 0.150904044509,
        "median": 0.147140204906,
        "min": 0.0704131498933,
        "var": 0.00154061894864
    },
    "erbbands_kurtosis": {
        "dmean": 1.41319549084,
        "dmean2": 2.25736498833,
        "dvar": 8.8928861618,
        "dvar2": 19.7928199768,
        "max": 44.1699447632,
        "mean": 0.671882390976,
        "median": -0.205624103546,
        "min": -1.89046251774,
        "var": 15.2569713593
    },
    "erbbands_skewness": {
        "dmean": 0.501738786697,
        "dmean2": 0.752157568932,
        "dvar": 0.359337568283,
        "dvar2": 0.669795572758,
        "max": 6.21675300598,
        "mean": -0.00907586235553,
        "median": -0.0323310755193,
        "min": -5.80692958832,
        "var": 1.21415066719
    },
    "erbbands_spread": {
        "dmean": 14.9509315491,
        "dmean2": 22.5193920135,
        "dvar": 281.393280029,
        "dvar2": 609.641052246,
        "max": 158.618225098,
        "mean": 52.9714431763,
        "median": 47.9589614868,
        "min": 5.17606639862,
        "var": 664.28894043
    },
    "hfc": {
        "dmean": 9.44832515717,
        "dmean2": 13.5264844894,
        "dvar": 219.133270264,
        "dvar2": 471.603057861,
        "max": 147.747299194,
        "mean": 25.250333786,
        "median": 19.7128353119,
        "min": 0.0163341462612,
        "var": 452.094360352
    },
    "melbands_crest": {
        "dmean": 3.32154011726,
        "dmean2": 5.34936857224,
        "dvar": 14.4449071884,
        "dvar2": 38.1156311035,
        "max": 39.4549713135,
        "mean": 20.1524333954,
        "median": 19.5377483368,
        "min": 3.05685567856,
        "var": 40.8239173889
    },
    "melbands_flatness_db": {
        "dmean": 0.0402323827147,
        "dmean2": 0.0556448958814,
        "dvar": 0.00172202382237,
        "dvar2": 0.00329084647819,
        "max": 0.602379620075,
        "mean": 0.251993864775,
        "median": 0.253556489944,
        "min": 0.0182843990624,
        "var": 0.00826336443424
    },
    "melbands_kurtosis": {
        "dmean": 55.0501899719,
        "dmean2": 81.730255127,
        "dvar": 60023.2304688,
        "dvar2": 126922.25,
        "max": 3729.16723633,
        "mean": 75.0296783447,
        "median": 23.2303543091,
        "min": -1.89502739906,
        "var": 77091.671875
    },
    "melbands_skewness": {
        "dmean": 1.82165396214,
        "dmean2": 2.71255922318,
        "dvar": 12.6312160492,
        "dvar2": 24.54570961,
        "max": 57.1794090271,
        "mean": 5.43095541,
        "median": 4.33761787415,
        "min": -3.35261511803,
        "var": 30.1011180878
    },
    "melbands_spread": {
        "dmean": 9.76786327362,
        "dmean2": 14.8486452103,
        "dvar": 382.031768799,
        "dvar2": 864.14465332,
        "max": 284.006103516,
        "mean": 20.4738006592,
        "median": 13.0161151886,
        "min": 0.147224679589,
        "var": 749.476257324
    },
    "pitch_salience": {
        "dmean": 0.0790722891688,
        "dmean2": 0.122821234167,
        "dvar": 0.00766374822706,
        "dvar2": 0.0179705992341,
        "max": 0.908974945545,
        "mean": 0.387460768223,
        "median": 0.345595896244,
        "min": 0.014095264487,
        "var": 0.0268143322319
    },
    "silence_rate_20dB": {
        "dmean": 0,
        "dmean2": 0,
        "dvar": 0,
        "dvar2": 0,
        "max": 1,
        "mean": 1,
        "median": 1,
        "min": 1,
        "var": 0
    },
    "silence_rate_30dB": {
        "dmean": 0.0526315793395,
        "dmean2": 0.104570098221,
        "dvar": 0.049861099571,
        "dvar2": 0.109127014875,
        "max": 1,
        "mean": 0.920340299606,
        "median": 1,
        "min": 0,
        "var": 0.073314152658
    },
    "silence_rate_60dB": {
        "dmean": 0.0232198145241,
        "dmean2": 0.0464756004512,
        "dvar": 0.0226807296276,
        "dvar2": 0.0520613342524,
        "max": 1,
        "mean": 0.0332559943199,
        "median": 0,
        "min": 0,
        "var": 0.0321501046419
    },
    "spectral_centroid": {
        "dmean": 407.63192749,
        "dmean2": 591.580932617,
        "dvar": 283869.5625,
        "dvar2": 518029.03125,
        "max": 8465.46484375,
        "mean": 1778.04626465,
        "median": 1683.75842285,
        "min": 129.681365967,
        "var": 912789.75
    },
    "spectral_complexity": {
        "dmean": 4.68188858032,
        "dmean2": 6.50348567963,
        "dvar": 38.7726554871,
        "dvar2": 55.6349487305,
        "max": 63,
        "mean": 16.1051826477,
        "median": 15,
        "min": 0,
        "var": 126.278129578
    },
    "spectral_decrease": {
        "dmean": 3.55101148486e-09,
        "dmean2": 5.45972156374e-09,
        "dvar": 2.7269979237e-17,
        "dvar2": 6.93903353199e-17,
        "max": 9.9517477592e-12,
        "mean": -1.39507232433e-08,
        "median": -1.43043292766e-08,
        "min": -6.20540561158e-08,
        "var": 9.65449542944e-17
    },
    "spectral_energy": {
        "dmean": 0.0137682966888,
        "dmean2": 0.0211014784873,
        "dvar": 0.000396167946747,
        "dvar2": 0.00100546434987,
        "max": 0.236485138535,
        "mean": 0.0549435466528,
        "median": 0.0568529739976,
        "min": 1.66913632711e-05,
        "var": 0.00142182712443
    },
    "spectral_energyband_high": {
        "dmean": 0.0010250643827,
        "dmean2": 0.0015115319984,
        "dvar": 2.70180294137e-06,
        "dvar2": 5.90841546e-06,
        "max": 0.015263508074,
        "mean": 0.00169329356868,
        "median": 0.000855385384057,
        "min": 7.485168112e-07,
        "var": 4.57175246993e-06
    },
    "spectral_energyband_low": {
        "dmean": 0.0124474251643,
        "dmean2": 0.0193014685065,
        "dvar": 0.000469316495582,
        "dvar2": 0.00125075422693,
        "max": 0.227737143636,
        "mean": 0.0409950688481,
        "median": 0.0396233946085,
        "min": 1.75113171963e-07,
        "var": 0.00129448680673
    },
    "spectral_energyband_middle_high": {
        "dmean": 0.00186179869343,
        "dmean2": 0.00270981853828,
        "dvar": 6.02645422987e-06,
        "dvar2": 1.25946799017e-05,
        "max": 0.0273313522339,
        "mean": 0.00488121900707,
        "median": 0.00267110392451,
        "min": 2.82421683551e-06,
        "var": 2.75604779745e-05
    },
    "spectral_energyband_middle_low": {
        "dmean": 0.00445566140115,
        "dmean2": 0.00751344906166,
        "dvar": 0.000109303800855,
        "dvar2": 0.000309354334604,
        "max": 0.128123655915,
        "mean": 0.00773199088871,
        "median": 0.00576839456335,
        "min": 1.81434563729e-06,
        "var": 8.15943494672e-05
    },
    "spectral_entropy": {
        "dmean": 0.222253620625,
        "dmean2": 0.299850225449,
        "dvar": 0.0548319518566,
        "dvar2": 0.0967874377966,
        "max": 8.8710269928,
        "mean": 7.61298751831,
        "median": 7.64818906784,
        "min": 5.33397102356,
        "var": 0.221909895539
    },
    "spectral_flux": {
        "dmean": 0.0335798040032,
        "dmean2": 0.051210090518,
        "dvar": 0.00172611174639,
        "dvar2": 0.00381774897687,
        "max": 0.503651976585,
        "mean": 0.0968216210604,
        "median": 0.0798952952027,
        "min": 0.00383430509828,
        "var": 0.00433332333341
    },
    "spectral_kurtosis": {
        "dmean": 1.16199445724,
        "dmean2": 1.87463140488,
        "dvar": 1.21530508995,
        "dvar2": 2.9488325119,
        "max": 11.7287254333,
        "mean": 2.55215382576,
        "median": 2.37968015671,
        "min": -1.49615848064,
        "var": 2.6265707016
    },
    "spectral_rms": {
        "dmean": 0.000936742057092,
        "dmean2": 0.0013984296238,
        "dvar": 1.39250778375e-06,
        "dvar2": 3.31965247824e-06,
        "max": 0.0151893785223,
        "mean": 0.00678197480738,
        "median": 0.00744757102802,
        "min": 0.00012760979007,
        "var": 7.60816919865e-06
    },
    "spectral_rolloff": {
        "dmean": 644.813781738,
        "dmean2": 1086.65148926,
        "dvar": 1639818.25,
        "dvar2": 3402243.5,
        "max": 12790.7226562,
        "mean": 1245.31286621,
        "median": 495.263671875,
        "min": 43.06640625,
        "var": 3594106.5
    },
    "spectral_skewness": {
        "dmean": 0.243373572826,
        "dmean2": 0.372985064983,
        "dvar": 0.0556416101754,
        "dvar2": 0.112981557846,
        "max": 2.88278055191,
        "mean": 1.12018227577,
        "median": 1.11494100094,
        "min": -0.612904191017,
        "var": 0.160639241338
    },
    "spectral_spread": {
        "dmean": 704653.4375,
        "dmean2": 1030516.5,
        "dvar": 706043379712,
        "dvar2": 1.23542201958e+12,
        "max": 18222718,
        "mean": 5189273,
        "median": 4917155.5,
        "min": 2374437.5,
        "var": 2.46466740224e+12
    },
    "spectral_strongpeak": {
        "dmean": 0.284145444632,
        "dmean2": 0.482107579708,
        "dvar": 0.524777233601,
        "dvar2": 1.2942442894,
        "max": 9.84827804565,
        "mean": 0.577595412731,
        "median": 0.384368777275,
        "min": 0,
        "var": 0.63296687603
    },
    "zerocrossingrate": {
        "dmean": 0.014997263439,
        "dmean2": 0.0166552700102,
        "dvar": 0.000478976784507,
        "dvar2": 0.000471559294965,
        "max": 0.47021484375,
        "mean": 0.0568974167109,
        "median": 0.0439453125,
        "min": 0.00244140625,
        "var": 0.00284326216206
    },
    "barkbands": {
        "dmean": [0.00139711517841, 0.010936175473, 0.00341854826547, 0.00102820596658, 0.00179676269181, 0.00146410625894, 0.000533996440936, 0.000500290363561, 0.000482262228616, 0.000467800040497, 0.000457178830402, 0.000146284874063, 0.000164961384144, 0.000306994334096, 0.00028712846688, 0.000368047243683, 0.000193436455447, 0.000252782774623, 0.000309778493829, 0.000353519106284, 0.000339300459018, 0.000205310730962, 0.000153923567268, 0.000140154676046, 0.000111263798317, 3.03281831293e-05, 6.298952826e-08],
        "dmean2": [0.00245448411442, 0.0172513406724, 0.00586301740259, 0.00187139725313, 0.00304492702708, 0.00249995384365, 0.000842495821416, 0.000831430021208, 0.000690660555847, 0.000681562756654, 0.000690183253027, 0.000226000338444, 0.00025055767037, 0.000475976150483, 0.000441863172455, 0.000588959490415, 0.000307003268972, 0.000404903403251, 0.00046983701759, 0.000544951704796, 0.000528164440766, 0.000309542141622, 0.000235889761825, 0.000214757863432, 0.000171150444658, 5.097380199e-05, 1.12879170899e-07],
        "dvar": [8.75735622685e-06, 0.000401861063438, 0.000132232496981, 2.01657076104e-05, 2.53015296039e-05, 1.38551458804e-05, 1.58344880674e-06, 1.01121611351e-06, 1.24609312024e-06, 1.09749828425e-06, 1.50077164562e-06, 3.06000174533e-07, 1.96334667635e-07, 7.99320730493e-07, 2.66697327334e-07, 9.47555577113e-07, 1.9095411119e-07, 2.86729459731e-07, 2.99270737969e-07, 5.22327638919e-07, 3.31736259795e-07, 1.24604767393e-07, 6.89401673526e-08, 9.02941295067e-08, 8.49297165928e-08, 1.12210951642e-08, 9.65924863423e-14],
        "dvar2": [2.48887099588e-05, 0.00111113267485, 0.000366935943021, 5.78086619498e-05, 7.19903764548e-05, 3.82376383641e-05, 3.93314758185e-06, 2.59656258095e-06, 2.40270446739e-06, 2.13116732084e-06, 3.49826245838e-06, 6.7656264946e-07, 4.29162753335e-07, 1.98304269361e-06, 5.70651366161e-07, 2.27529835684e-06, 4.89052183639e-07, 6.5994288434e-07, 6.59856709717e-07, 1.25439112253e-06, 7.22454046809e-07, 2.87604649429e-07, 1.53893793708e-07, 2.01166017177e-07, 1.70287663082e-07, 3.00662286179e-08, 2.57065446404e-13],
        "max": [0.0272698570043, 0.219755157828, 0.112359508872, 0.0452061705291, 0.0634924173355, 0.0328225642443, 0.0193131696433, 0.00925094168633, 0.0218225140125, 0.0187830775976, 0.0221697837114, 0.0169122572988, 0.0135203460231, 0.0158118959516, 0.010534459725, 0.015461564064, 0.00751415733248, 0.00452864496037, 0.00800513196737, 0.00684522883967, 0.00652229040861, 0.00326729402877, 0.00267812726088, 0.00518378987908, 0.00432077702135, 0.00181995821185, 4.89084050059e-06],
        "mean": [0.00286134216003, 0.0304266717285, 0.00746826920658, 0.000920981925447, 0.00258136773482, 0.0017698496813, 0.000856418977492, 0.000685918901581, 0.00069970311597, 0.000797430460807, 0.000796875567175, 0.000211801438127, 0.000244868570007, 0.000460594397737, 0.000414871930843, 0.000642467930447, 0.000350375979906, 0.000357041339157, 0.000486476055812, 0.000557436025701, 0.000551413337234, 0.00024425832089, 0.000179248381755, 0.000182578296517, 0.000160859635798, 3.43743631674e-05, 4.15405843057e-08],
        "median": [0.00184715213254, 0.028428491205, 0.00276202731766, 0.000342683808412, 0.00089968991233, 0.000450697727501, 0.000247792922892, 0.000217680004425, 0.000122926678159, 0.000162628130056, 0.000117857984151, 5.02274197061e-05, 7.02730976627e-05, 9.33007177082e-05, 0.000170507788425, 0.000147669983562, 9.87499006442e-05, 8.92696843948e-05, 0.000228098433581, 0.000214392639464, 0.000242902780883, 6.43793900963e-05, 4.94570995215e-05, 6.30266658845e-05, 5.38086715096e-05, 6.78071410221e-06, 7.32186311581e-10],
        "min": [4.69958072458e-09, 4.19041406019e-08, 1.18491092493e-08, 2.90517654378e-08, 2.11224090663e-07, 8.48859542657e-08, 1.61870218562e-07, 1.12255655438e-07, 7.61827436691e-08, 6.87037555736e-08, 1.20789094282e-08, 4.18255687862e-08, 5.90691300317e-08, 9.00798227121e-08, 9.71256071125e-08, 1.76046256684e-07, 2.12182669657e-07, 5.2726569777e-08, 4.40727291107e-07, 2.94185099392e-07, 2.63815280732e-07, 1.14972841914e-07, 1.79125070332e-08, 5.15748759256e-08, 4.58254012514e-09, 1.51830787526e-11, 9.68433753329e-12],
        "var": [1.52143093146e-05, 0.000848883704748, 0.000131017339299, 1.17922591016e-05, 2.24758841796e-05, 1.28129540826e-05, 2.44636476054e-06, 1.3660011291e-06, 2.65623589257e-06, 3.40498741025e-06, 4.5520941967e-06, 5.28049326931e-07, 4.33468215988e-07, 1.33786818424e-06, 5.62406739846e-07, 2.64726372734e-06, 6.16162765255e-07, 4.4645298658e-07, 5.0427934184e-07, 7.72395651438e-07, 6.8753377036e-07, 1.7488949311e-07, 9.48894296471e-08, 1.20439665352e-07, 1.63746037174e-07, 1.19534462328e-08, 6.2853076964e-14]
    },
    "erbbands": {
        "dmean": [0.447891712189, 2.13506579399, 3.80757260323, 3.5124297142, 3.91815495491, 6.92245340347, 9.24519824982, 12.9584569931, 7.21226549149, 10.1677074432, 10.3879127502, 11.2625265121, 10.3813858032, 15.969127655, 16.601770401, 6.85064697266, 7.08751344681, 15.7004384995, 14.0836954117, 13.7235784531, 20.6535282135, 9.53491210938, 11.3680372238, 14.9588088989, 15.4994735718, 16.0536994934, 15.8395366669, 10.4134044647, 8.24687862396, 4.88921737671, 4.53212976456, 3.49079036713, 2.14303827286, 1.41708111763, 0.716845929623, 0.215059921145, 0.0454395972192, 0.00393394241109, 8.63032910274e-05, 1.98207962967e-05],
        "dmean2": [0.70556396246, 3.23996686935, 6.41095256805, 5.92840099335, 7.08929777145, 11.3200368881, 15.274846077, 22.4943504333, 11.4370222092, 16.6463775635, 16.5812950134, 16.442653656, 15.2238483429, 23.4966011047, 24.4987678528, 10.2558097839, 10.6048526764, 23.8102989197, 21.6311187744, 21.0256576538, 33.3183708191, 14.8903388977, 17.7909069061, 23.2674827576, 23.7828998566, 24.5977916718, 24.4170646667, 16.4370193481, 12.6184597015, 7.29504346848, 7.02324295044, 5.46136188507, 3.31922841072, 2.20225548744, 1.12926161289, 0.348650693893, 0.0787971764803, 0.00690747983754, 0.000147349739564, 3.07513182634e-05],
        "dvar": [0.571966946125, 19.8105564117, 139.93170166, 194.408660889, 320.99017334, 266.951904297, 239.845809937, 1290.63513184, 311.070465088, 550.776672363, 460.827789307, 782.685302734, 603.350708008, 1690.80847168, 2236.41845703, 827.640075684, 464.839202881, 2179.24291992, 785.478027344, 567.012329102, 3558.39794922, 364.0050354, 627.680847168, 694.904052734, 1022.64666748, 1204.99768066, 768.328369141, 387.66595459, 219.137985229, 67.2108383179, 61.2533302307, 47.5483932495, 23.104429245, 14.4321565628, 3.68718719482, 0.607317328453, 0.0189344044775, 0.000158309747349, 6.20369320359e-08, 7.90786824911e-10],
        "dvar2": [1.59343969822, 53.8964958191, 383.264709473, 523.59161377, 938.277526855, 713.863525391, 636.054260254, 3598.21020508, 776.835266113, 1457.22839355, 1183.76477051, 1504.96777344, 1227.93383789, 3699.45385742, 5264.16699219, 1871.94946289, 1022.49420166, 5161.75732422, 1684.58886719, 1316.96557617, 8755.29003906, 911.868103027, 1444.47900391, 1522.01098633, 2385.66577148, 2855.11572266, 1776.13476562, 920.675415039, 514.433654785, 142.356765747, 139.643875122, 110.618255615, 50.4599838257, 29.0137424469, 7.79704761505, 1.60708773136, 0.0507030040026, 0.000441066746134, 1.67235214121e-07, 1.99844474302e-09],
        "max": [7.34174489975, 45.1573638916, 141.032318115, 165.528808594, 232.311401367, 186.299346924, 139.165237427, 306.306945801, 307.113464355, 393.541931152, 199.000610352, 579.165039062, 442.582794189, 768.354370117, 1021.22277832, 857.586608887, 738.50793457, 819.085327148, 661.568237305, 477.823944092, 910.770568848, 343.520050049, 244.753570557, 225.607894897, 517.389282227, 340.505065918, 311.101776123, 179.88659668, 120.229469299, 81.6321487427, 75.3966217041, 105.410629272, 75.9536895752, 57.2375526428, 36.01745224, 13.8864498138, 1.66620337963, 0.124009683728, 0.00245983060449, 0.000286471738946],
        "mean": [1.02977275848, 6.14047336578, 10.1000385284, 5.22503852844, 3.54960370064, 11.0400762558, 14.0395517349, 14.3481578827, 11.2735681534, 14.9081850052, 14.4693832397, 16.8380241394, 17.905040741, 28.588432312, 31.0303401947, 10.644276619, 11.3656568527, 25.45977211, 20.8811950684, 22.1160583496, 37.2886505127, 18.2404575348, 17.9302711487, 23.4295539856, 25.6931190491, 27.6344776154, 29.4172821045, 14.4270877838, 9.68619823456, 6.01783418655, 5.19122552872, 4.20108032227, 2.85339665413, 2.00521636009, 0.987068593502, 0.265539288521, 0.0451013371348, 0.00342446053401, 0.000112233414256, 7.02447723597e-05],
        "median": [0.895251691341, 5.30246210098, 5.35858917236, 3.1564180851, 0.905409991741, 3.32763957977, 6.17894506454, 3.6858625412, 3.59727287292, 5.54641199112, 5.21574497223, 4.16306304932, 5.05486965179, 7.23440933228, 5.58119678497, 3.11802387238, 3.93568706512, 5.01394367218, 8.79187393188, 11.1528406143, 8.28669548035, 5.30056476593, 4.70503520966, 9.49321174622, 12.1216602325, 10.4416627884, 12.4090709686, 6.09575366974, 2.62527918816, 1.61613190174, 1.42557764053, 1.27523863316, 1.01361370087, 0.674053549767, 0.276239544153, 0.0564443357289, 0.008469697088, 0.000549840508029, 5.07470613229e-05, 7.05888814991e-05],
        "min": [9.05226806935e-06, 5.57111634407e-05, 7.32663975214e-05, 9.44997664192e-05, 0.000570506323129, 0.000888506590854, 0.000973238435108, 0.00162695813924, 0.00216869311407, 0.00328302267008, 0.00208273599856, 0.00212227879092, 0.00187557190657, 0.00180589000229, 0.00107530492824, 0.00159890647046, 0.00277146603912, 0.00719356769696, 0.00582403829321, 0.0108046270907, 0.0129248118028, 0.0137474080548, 0.00422045635059, 0.00462237466127, 0.0230023562908, 0.0137421451509, 0.0122180916369, 0.0115774124861, 0.00587408803403, 0.00127610482741, 0.000506526383106, 0.000140254036523, 0.00150559470057, 0.00016934107407, 9.28936715354e-05, 8.06484877103e-06, 5.09914400482e-07, 7.99111958827e-08, 4.3127954541e-08, 2.63525805622e-08],
        "var": [0.990004479885, 40.856464386, 172.910400391, 139.824432373, 182.548950195, 390.393707275, 369.454620361, 1054.92236328, 481.182128906, 666.145507812, 585.062255859, 1640.54003906, 1461.38085938, 4577.47216797, 7345.81201172, 1162.50317383, 910.897705078, 4219.17382812, 1744.77282715, 1096.71472168, 9798.87890625, 1313.98388672, 1134.86328125, 1174.68078613, 1602.27490234, 1854.85693359, 1773.30700684, 541.701599121, 286.877716064, 107.489814758, 79.1250152588, 58.5223617554, 32.1156616211, 25.1380310059, 7.14889574051, 0.71001547575, 0.0171376504004, 0.000114548362035, 5.36441717713e-08, 2.08976436156e-09]
    },
    "gfcc": {
        "mean": [0.962921023369, 75.4984512329, -107.209785461, 58.9460792542, -57.3796234131, 21.1160964966, -31.5139484406, 19.6455783844, -21.2626304626, 12.8565635681, -10.6603040695, -2.66977262497, 4.86724996567],
        "cov": [[5272.59228516, 326.001831055, -272.999267578, 219.547988892, 354.857849121, 601.239868164, 274.84576416, 255.742965698, 5.14767742157, 101.966514587, 73.680229187, 97.1043319702, -207.647888184], [326.001831055, 1231.67138672, 97.6807327271, 168.017700195, 375.010192871, 65.8660812378, 340.83480835, 29.1323432922, 145.30267334, 0.246113598347, 114.603645325, -121.274406433, 98.2367477417], [-272.999267578, 97.6807327271, 757.317932129, 291.304992676, 164.786254883, 119.99597168, 52.5539970398, 4.61239004135, 75.7790145874, -2.20546936989, 9.47901916504, 16.4016132355, -13.7025232315], [219.547988892, 168.017700195, 291.304992676, 731.563537598, 405.560577393, 272.850524902, 305.152893066, 71.7364578247, 277.724365234, -2.02502131462, 126.257667542, 24.727684021, -26.6908531189], [354.857849121, 375.010192871, 164.786254883, 405.560577393, 666.780639648, 335.529785156, 409.288360596, 147.172134399, 176.977844238, 78.0923690796, 126.298217773, -2.35625743866, -17.0149078369], [601.239868164, 65.8660812378, 119.99597168, 272.850524902, 335.529785156, 559.296264648, 377.796356201, 44.6520004272, 112.006011963, 69.0309524536, 86.1917648315, 1.97127854824, -58.4898643494], [274.84576416, 340.83480835, 52.5539970398, 305.152893066, 409.288360596, 377.796356201, 532.642822266, 104.109786987, 151.203613281, 78.8704223633, 118.042930603, -35.3769569397, -28.8455219269], [255.742965698, 29.1323432922, 4.61239004135, 71.7364578247, 147.172134399, 44.6520004272, 104.109786987, 245.131210327, 100.953567505, 30.8752803802, 13.6131982803, -4.05099773407, -2.35165309906], [5.14767742157, 145.30267334, 75.7790145874, 277.724365234, 176.977844238, 112.006011963, 151.203613281, 100.953567505, 294.796844482, 23.4143829346, 74.9062347412, 14.6009740829, -13.9199457169], [101.966514587, 0.246113598347, -2.20546936989, -2.02502131462, 78.0923690796, 69.0309524536, 78.8704223633, 30.8752803802, 23.4143829346, 133.913757324, 52.6130256653, -0.228992193937, -12.5937318802], [73.680229187, 114.603645325, 9.47901916504, 126.257667542, 126.298217773, 86.1917648315, 118.042930603, 13.6131982803, 74.9062347412, 52.6130256653, 173.970275879, 34.8708877563, -5.65681505203], [97.1043319702, -121.274406433, 16.4016132355, 24.727684021, -2.35625743866, 1.97127854824, -35.3769569397, -4.05099773407, 14.6009740829, -0.228992193937, 34.8708877563, 133.470504761, -7.85219526291], [-207.647888184, 98.2367477417, -13.7025232315, -26.6908531189, -17.0149078369, -58.4898643494, -28.8455219269, -2.35165309906, -13.9199457169, -12.5937318802, -5.65681505203, -7.85219526291, 137.232620239]],
        "icov": [[0.000366620806744, -0.000464325567009, 0.000340992148267, -0.000412251800299, 0.000230827456107, -0.000768849276938, 0.000637949327938, -0.00070692517329, 0.000617529847659, -0.000375813397113, 0.000254048383795, -0.00058630341664, 0.000668970344122], [-0.000464325567009, 0.00229340489022, -0.000747684563976, 0.0012925916817, -0.00126931583509, 0.0018884523306, -0.00204214290716, 0.00170332647394, -0.00164599763229, 0.00152462313417, -0.00121219025459, 0.00212321267463, -0.00187562848441], [0.000340992148267, -0.000747684563976, 0.00203941366635, -0.00133345741779, 0.000154856024892, -0.00114489241969, 0.00135651219171, -0.00070372101618, 0.000912041869015, -0.000796065141913, 0.000837982457597, -0.000845873204526, 0.000805373652838], [-0.000412251800299, 0.0012925916817, -0.00133345741779, 0.00436888774857, -0.00184404035099, 0.00107384135481, -0.00177496252581, 0.00183384353295, -0.00334938010201, 0.00257473578677, -0.00149136048276, 0.00106437865179, -0.00104914128315], [0.000230827456107, -0.00126931583509, 0.000154856024892, -0.00184404035099, 0.0044921929948, -0.00144138070755, -0.000523141527083, -0.00214967131615, 0.00133645429742, -0.00152797449846, 0.000205789430765, -0.0012667933479, 0.000641882244963], [-0.000768849276938, 0.0018884523306, -0.00114489241969, 0.00107384135481, -0.00144138070755, 0.00599606055766, -0.00445069745183, 0.0025868229568, -0.00168497301638, 0.000768438505474, -0.000535517639946, 0.00126945145894, -0.000984792481177], [0.000637949327938, -0.00204214290716, 0.00135651219171, -0.00177496252581, -0.000523141527083, -0.00445069745183, 0.00777038931847, -0.00243973173201, 0.00146162102465, -0.00191967375576, -0.000171810665051, -0.000127619627165, 0.00180476158857], [-0.00070692517329, 0.00170332647394, -0.00070372101618, 0.00183384353295, -0.00214967131615, 0.0025868229568, -0.00243973173201, 0.00735169881955, -0.00360275059938, 0.000579433166422, 0.000255052495049, 0.00153353891801, -0.00176740298048], [0.000617529847659, -0.00164599763229, 0.000912041869015, -0.00334938010201, 0.00133645429742, -0.00168497301638, 0.00146162102465, -0.00360275059938, 0.00775556825101, -0.00160932308063, -6.76581112202e-05, -0.00183887314051, 0.00177631294355], [-0.000375813397113, 0.00152462313417, -0.000796065141913, 0.00257473578677, -0.00152797449846, 0.000768438505474, -0.00191967375576, 0.000579433166422, -0.00160932308063, 0.0109403142706, -0.00369786284864, 0.00186979665887, -0.000698954565451], [0.000254048383795, -0.00121219025459, 0.000837982457597, -0.00149136048276, 0.000205789430765, -0.000535517639946, -0.000171810665051, 0.000255052495049, -6.76581112202e-05, -0.00369786284864, 0.0095790438354, -0.00360231264494, 0.000653803115711], [-0.00058630341664, 0.00212321267463, -0.000845873204526, 0.00106437865179, -0.0012667933479, 0.00126945145894, -0.000127619627165, 0.00153353891801, -0.00183887314051, 0.00186979665887, -0.00360231264494, 0.0107867838815, -0.00144724920392], [0.000668970344122, -0.00187562848441, 0.000805373652838, -0.00104914128315, 0.000641882244963, -0.000984792481177, 0.00180476158857, -0.00176740298048, 0.00177631294355, -0.000698954565451, 0.000653803115711, -0.00144724920392, 0.00958723481745]]
    },
    "melbands": {
        "dmean": [0.00335920974612, 0.00201820326038, 0.00060308695538, 0.000374408991775, 0.000328189693391, 0.000281641405309, 0.000110104781925, 0.000110553533887, 8.60344225657e-05, 6.81460733176e-05, 5.26707044628e-05, 6.70029403409e-05, 6.13266893197e-05, 2.22892813326e-05, 1.59767223522e-05, 1.76602625288e-05, 3.17865960824e-05, 2.26102893066e-05, 1.87242785614e-05, 2.26322536037e-05, 2.35947682086e-05, 9.30435089685e-06, 1.21169678096e-05, 1.2468373825e-05, 1.26960630951e-05, 1.34156962304e-05, 1.00241450127e-05, 1.14488557301e-05, 1.20488930406e-05, 7.66428729548e-06, 5.68775476495e-06, 4.88241676067e-06, 3.63585695595e-06, 2.52264931078e-06, 2.70923874268e-06, 2.46234458245e-06, 2.15655495595e-06, 1.658409019e-06, 1.29335842303e-06, 1.23835172872e-06],
        "dmean2": [0.00533516937867, 0.00319788558409, 0.00100863759872, 0.00063905341085, 0.000539056782145, 0.000486633565743, 0.000172413987457, 0.000180525923497, 0.000136946575367, 9.81269986369e-05, 7.65924560255e-05, 9.84322032309e-05, 9.08618676476e-05, 3.41705454048e-05, 2.46367326326e-05, 2.65152339125e-05, 4.89123231091e-05, 3.48239555024e-05, 2.91610249405e-05, 3.50663613062e-05, 3.83343867725e-05, 1.4542201825e-05, 1.91720046132e-05, 1.96759774553e-05, 1.97894078156e-05, 2.09639456443e-05, 1.56010864885e-05, 1.79785529326e-05, 1.8837470634e-05, 1.21888760987e-05, 9.0577868832e-06, 7.59190197641e-06, 5.4886718317e-06, 3.78903314413e-06, 4.19407342633e-06, 4.00479302698e-06, 3.4247198073e-06, 2.55215036304e-06, 2.02807063943e-06, 1.95071493181e-06],
        "dvar": [3.47687127942e-05, 2.7551110179e-05, 5.31055002284e-06, 1.62480489507e-06, 2.66234337687e-07, 5.79811228363e-07, 6.79492941913e-08, 6.14269168864e-08, 3.38447314618e-08, 2.5672560966e-08, 1.52608734538e-08, 3.00412530407e-08, 2.63139963153e-08, 5.67510660687e-09, 2.12924122778e-09, 2.3431945273e-09, 9.956177216e-09, 1.98818050912e-09, 1.05524688987e-09, 2.99100988421e-09, 4.88193663273e-09, 3.39377081993e-10, 7.93465126936e-10, 7.84413589638e-10, 5.01367447558e-10, 7.94508181468e-10, 4.44960790436e-10, 6.40461239598e-10, 4.81691408982e-10, 2.02494562784e-10, 1.3902051732e-10, 7.60112042753e-11, 4.45781016267e-11, 1.92231664614e-11, 2.26364968436e-11, 1.91737094951e-11, 2.2084712531e-11, 1.55970930615e-11, 9.41059643406e-12, 1.28274647848e-11],
        "dvar2": [9.60506804404e-05, 7.32785920263e-05, 1.41976370287e-05, 4.69575479656e-06, 6.96171639447e-07, 1.60931256232e-06, 1.67251059224e-07, 1.6353216381e-07, 8.52444941302e-08, 4.79863047076e-08, 3.04566682985e-08, 6.36582697666e-08, 6.00846234988e-08, 1.22442642692e-08, 4.88916818142e-09, 4.61038007771e-09, 2.44492657231e-08, 4.43964731645e-09, 2.42709519149e-09, 6.66975097374e-09, 1.17426433022e-08, 7.65868535257e-10, 2.06360728505e-09, 1.77434300586e-09, 1.13521836376e-09, 1.89700410935e-09, 1.06626130147e-09, 1.51580359375e-09, 1.13025577786e-09, 4.62293425763e-10, 3.43100742262e-10, 1.80641196446e-10, 1.00982951168e-10, 4.34949749828e-11, 5.18351646328e-11, 4.60563739924e-11, 5.23271426189e-11, 3.55469993718e-11, 2.12251848042e-11, 2.59884301579e-11],
        "max": [0.0649506598711, 0.0656784921885, 0.0238618031144, 0.0165389664471, 0.00465007964522, 0.00652577262372, 0.00451448140666, 0.0037822953891, 0.00200074655004, 0.00315990578383, 0.00218152464367, 0.00308208353817, 0.0032726591453, 0.00189902610146, 0.000983451958746, 0.00111592141911, 0.00187176000327, 0.00102624902502, 0.000372775713913, 0.00153700727969, 0.00109182286542, 0.00029004085809, 0.000497567933053, 0.000232098405831, 0.000194119871594, 0.000509156496264, 0.00024236466561, 0.000262311077677, 0.000299083592836, 0.000241551504587, 0.000130999964313, 7.64722499298e-05, 6.17229161435e-05, 4.1899158532e-05, 4.57903734059e-05, 4.33379827882e-05, 7.8472403402e-05, 7.52890264266e-05, 3.83760234399e-05, 5.45604416402e-05],
        "mean": [0.00891398731619, 0.00639308011159, 0.000881724059582, 0.000490992271807, 0.000537019805051, 0.000318560109008, 0.000172888496309, 0.000161573203513, 0.000120333701489, 0.00010061958892, 8.80781226442e-05, 0.000114664653665, 0.000110762841359, 3.75440977223e-05, 2.21676546062e-05, 2.77625022136e-05, 4.98709414387e-05, 3.16396472044e-05, 2.61862296611e-05, 3.90668210457e-05, 4.08528394473e-05, 1.58932234626e-05, 2.03941399377e-05, 1.68722144736e-05, 1.84309155884e-05, 2.00903268706e-05, 1.56109053933e-05, 1.86192810361e-05, 2.15574400499e-05, 1.23814561448e-05, 6.76242416375e-06, 5.56194027013e-06, 4.30498448623e-06, 2.96040570902e-06, 3.02042417388e-06, 2.78970355794e-06, 2.51547317021e-06, 2.06728304875e-06, 1.74341766979e-06, 1.67967039033e-06],
        "median": [0.00829214043915, 0.00562803260982, 0.000513458042406, 0.000132236949867, 0.000253768113907, 7.41697949707e-05, 5.1589377108e-05, 6.12568474025e-05, 3.60710764653e-05, 2.10335565498e-05, 1.9415974748e-05, 2.22837625188e-05, 1.79150993063e-05, 7.22979848433e-06, 7.79922265792e-06, 7.11682423571e-06, 8.59511965245e-06, 1.20996655824e-05, 1.12280304165e-05, 1.33428275149e-05, 8.3884497144e-06, 5.28813006895e-06, 4.06494609706e-06, 4.35033643953e-06, 6.52566313875e-06, 8.40155644255e-06, 6.72842588756e-06, 6.50232004773e-06, 8.24235848995e-06, 4.90384536533e-06, 2.14071633309e-06, 1.41712894219e-06, 1.05475476175e-06, 7.62142747135e-07, 7.92069954514e-07, 8.04033788881e-07, 7.26832524833e-07, 6.73346789881e-07, 6.61801436763e-07, 5.03530884544e-07],
        "min": [2.91248074547e-08, 1.78570900289e-08, 1.93900469014e-08, 6.36511074958e-08, 3.60579832659e-08, 2.72929732148e-08, 3.02647400474e-08, 3.31156329025e-08, 1.39518201436e-08, 1.09485158717e-08, 9.19445497516e-09, 6.14897066598e-09, 2.61811528013e-09, 5.25825383235e-09, 3.14207593277e-09, 4.37390568209e-09, 1.13059801521e-08, 6.81630707433e-09, 7.70972530262e-09, 1.27788792881e-08, 1.67441793764e-08, 1.25171464305e-08, 6.05811312226e-09, 1.53517099033e-09, 2.170286173e-09, 4.85311035803e-09, 1.10945999054e-08, 5.92615467809e-09, 6.9054584273e-09, 8.20835310833e-09, 5.16368059422e-09, 3.79699516273e-09, 3.00263230946e-10, 2.08677602975e-10, 3.34493786835e-11, 4.36990756081e-11, 2.43194266808e-11, 6.7742450538e-10, 2.24001733828e-10, 2.43103974451e-11],
