{
"highlevel": {
    "danceability": {
        "all": {
            "danceable": 0.999935209751,
            "not_danceable": 6.48141067359e-05
        },
        "probability": 0.999935209751,
        "value": "danceable"
    },
    "gender": {
        "all": {
            "female": 0.967469096184,
            "male": 0.0325308926404
        },
        "probability": 0.967469096184,
        "value": "female"
    },
    "genre_dortmund": {
        "all": {
            "alternative": 0.151072129607,
            "blues": 0.0136827966198,
            "electronic": 0.132294476032,
            "folkcountry": 0.101203769445,
            "funksoulrnb": 0.0202713906765,
            "jazz": 0.0583562366664,
            "pop": 0.252600669861,
            "raphiphop": 0.133402168751,
            "rock": 0.137116372585
        },
        "probability": 0.252600669861,
        "value": "pop"
    },
    "genre_electronic": {
        "all": {
            "ambient": 0.0700601488352,
            "dnb": 0.0842495858669,
            "house": 0.0410401932895,
            "techno": 0.0138516770676,
            "trance": 0.790798425674
        },
        "probability": 0.790798425674,
        "value": "trance"
    },
    "genre_rosamerica": {
        "all": {
            "cla": 0.000583294313401,
            "dan": 0.552283585072,
            "hip": 0.0380163267255,
            "jaz": 0.000686079321895,
            "pop": 0.361970067024,
            "rhy": 0.0240625236183,
            "roc": 0.0217913947999,
            "spe": 0.000606707762927
        },
        "probability": 0.552283585072,
        "value": "dan"
    },
    "genre_tzanetakis": {
        "all": {
            "blu": 0.07593434304,
            "cla": 0.0337142795324,
            "cou": 0.0606776997447,
            "dis": 0.0505694411695,
            "hip": 0.151736244559,
            "jaz": 0.303671628237,
            "met": 0.0607067197561,
            "pop": 0.060691729188,
            "reg": 0.0505727082491,
            "roc": 0.151725202799
        },
        "probability": 0.303671628237,
        "value": "jaz"
    },
    "ismir04_rhythm": {
        "all": {
            "ChaChaCha": 0.105832867324,
            "Jive": 0.207094907761,
            "Quickstep": 0.0215789861977,
            "Rumba-American": 0.0227042865008,
            "Rumba-International": 0.292949140072,
            "Rumba-Misc": 0.035090893507,
            "Samba": 0.140491455793,
            "Tango": 0.0110039720312,
            "VienneseWaltz": 0.143498778343,
            "Waltz": 0.0197547227144
        },
        "probability": 0.292949140072,
        "value": "Rumba-International"
    },
    "mood_acoustic": {
        "all": {
            "acoustic": 0.0219975244254,
            "not_acoustic": 0.978002488613
        },
        "probability": 0.978002488613,
        "value": "not_acoustic"
    },
    "mood_aggressive": {
        "all": {
            "aggressive": 0.0832374840975,
            "not_aggressive": 0.916762530804
        },
        "probability": 0.916762530804,
        "value": "not_aggressive"
    },
    "mood_electronic": {
        "all": {
            "electronic": 0.898979842663,
            "not_electronic": 0.101020127535
        },
        "probability": 0.898979842663,
        "value": "electronic"
    },
    "mood_happy": {
        "all": {
            "happy": 0.975312829018,
            "not_happy": 0.024687146768
        },
        "probability": 0.975312829018,
        "value": "happy"
    },
    "mood_party": {
        "all": {
            "not_party": 0.611872136593,
            "party": 0.388127833605
        },
        "probability": 0.611872136593,
        "value": "not_party"
    },
    "mood_relaxed": {
        "all": {
            "not_relaxed": 0.795731663704,
            "relaxed": 0.204268321395
        },
        "probability": 0.795731663704,
        "value": "not_relaxed"
    },
    "mood_sad": {
        "all": {
            "not_sad": 0.846107721329,
            "sad": 0.153892293572
        },
        "probability": 0.846107721329,
        "value": "not_sad"
    },
    "moods_mirex": {
        "all": {
            "Cluster1": 0.329089820385,
            "Cluster2": 0.220058381557,
            "Cluster3": 0.220155254006,
            "Cluster4": 0.125069215894,
            "Cluster5": 0.10562735796
        },
        "probability": 0.329089820385,
        "value": "Cluster1"
    },
    "timbre": {
        "all": {
            "bright": 0.838538050652,
            "dark": 0.161461934447
        },
        "probability": 0.838538050652,
        "value": "bright"
    },
    "tonal_atonal": {
        "all": {
            "atonal": 0.11484850198,
            "tonal": 0.88515150547
        },
        "probability": 0.88515150547,
        "value": "tonal"
    },
    "voice_instrumental": {
        "all": {
            "instrumental": 0.00364413508214,
            "voice": 0.996355891228
        },
        "probability": 0.996355891228,
        "value": "voice"
    }
},
"lowlevel": {
    "average_loudness": 0.983995556831,
    "barkbands_crest": {
        "dmean": 2.70567059517,
        "dmean2": 3.67384934425,
        "dvar": 8.41480445862,
        "dvar2": 15.1740856171,
        "max": 26.1610183716,
        "mean": 13.4132814407,
        "median": 12.5077161789,
        "min": 2.61370182037,
        "var": 31.7783985138
    },
    "barkbands_flatness_db": {
        "dmean": 0.030131848529,
        "dmean2": 0.0401720181108,
        "dvar": 0.00101287756115,
        "dvar2": 0.00206517777406,
        "max": 0.444867998362,
        "mean": 0.176823675632,
        "median": 0.173013314605,
        "min": 0.0469416640699,
        "var": 0.00383260427043
    },
    "barkbands_kurtosis": {
        "dmean": 7.07293462753,
        "dmean2": 10.4186429977,
        "dvar": 1434.60559082,
        "dvar2": 3910.96044922,
        "max": 989.691589355,
        "mean": 9.27002239227,
        "median": 3.53396081924,
        "min": -1.86693620682,
        "var": 1158.71813965
    },
    "barkbands_skewness": {
        "dmean": 0.735521912575,
        "dmean2": 0.99903857708,
        "dvar": 1.23881387711,
        "dvar2": 2.66094112396,
        "max": 26.6216259003,
        "mean": 2.18792581558,
        "median": 1.88111579418,
        "min": -1.33382475376,
        "var": 3.33028101921
    },
    "barkbands_spread": {
        "dmean": 9.22398471832,
        "dmean2": 13.7558898926,
        "dvar": 176.549911499,
        "dvar2": 313.776672363,
        "max": 98.3737258911,
        "mean": 22.5850257874,
        "median": 15.7486095428,
        "min": 0.195411607623,
        "var": 375.547454834
    },
    "dissonance": {
        "dmean": 0.0238760691136,
        "dmean2": 0.0379416160285,
        "dvar": 0.000476502056699,
        "dvar2": 0.00122438999824,
        "max": 0.499913156033,
        "mean": 0.44617921114,
        "median": 0.451616436243,
        "min": 0.270788937807,
        "var": 0.00116816698574
    },
    "dynamic_complexity": 0.959656357765,
    "erbbands_crest": {
        "dmean": 2.2560813427,
        "dmean2": 3.46038842201,
        "dvar": 4.91120672226,
        "dvar2": 9.61555290222,
        "max": 24.5980987549,
        "mean": 8.633852005,
        "median": 7.85873794556,
        "min": 2.1895134449,
        "var": 15.3422470093
    },
    "erbbands_flatness_db": {
        "dmean": 0.0217669792473,
        "dmean2": 0.0301094315946,
        "dvar": 0.000538811145816,
        "dvar2": 0.000845185830258,
        "max": 0.321867138147,
        "mean": 0.14531069994,
        "median": 0.139922186732,
        "min": 0.0566242970526,
        "var": 0.00211147544906
    },
    "erbbands_kurtosis": {
        "dmean": 1.03544425964,
        "dmean2": 1.51789426804,
        "dvar": 1.3959236145,
        "dvar2": 2.82687354088,
        "max": 9.5926656723,
        "mean": 0.683811485767,
        "median": 0.176543712616,
        "min": -1.82116866112,
        "var": 3.81455421448
    },
    "erbbands_skewness": {
        "dmean": 0.408653378487,
        "dmean2": 0.587028086185,
        "dvar": 0.167788684368,
        "dvar2": 0.337278962135,
        "max": 2.56551861763,
        "mean": 0.345202535391,
        "median": 0.378406524658,
        "min": -2.64028120041,
        "var": 0.472488582134
    },
    "erbbands_spread": {
        "dmean": 12.4624681473,
        "dmean2": 17.9711952209,
        "dvar": 206.089859009,
        "dvar2": 368.855041504,
        "max": 181.075683594,
        "mean": 44.2299728394,
        "median": 38.4408912659,
        "min": 6.03324317932,
        "var": 677.456420898
    },
    "hfc": {
        "dmean": 16.40259552,
        "dmean2": 24.2912158966,
        "dvar": 725.006896973,
        "dvar2": 1360.15966797,
        "max": 217.388717651,
        "mean": 41.9839477539,
        "median": 28.6608943939,
        "min": 0.721915543079,
        "var": 1370.16894531
    },
    "melbands_crest": {
        "dmean": 3.08556771278,
        "dmean2": 3.90644621849,
        "dvar": 10.6019659042,
        "dvar2": 16.9714393616,
        "max": 33.6715927124,
        "mean": 19.3451824188,
        "median": 18.0279865265,
        "min": 4.01953029633,
        "var": 52.207988739
    },
    "melbands_flatness_db": {
        "dmean": 0.0391001179814,
        "dmean2": 0.0502384528518,
        "dvar": 0.00177438021637,
        "dvar2": 0.00399550050497,
        "max": 0.559664011002,
        "mean": 0.244221657515,
        "median": 0.243799984455,
        "min": 0.0430749692023,
        "var": 0.00669317459688
    },
    "melbands_kurtosis": {
        "dmean": 13.9732999802,
        "dmean2": 19.5363178253,
        "dvar": 1048.4921875,
        "dvar2": 2037.34057617,
        "max": 647.282348633,
        "mean": 26.438999176,
        "median": 12.7437858582,
        "min": -1.38964986801,
        "var": 2259.16040039
    },
    "melbands_skewness": {
        "dmean": 0.9673153162,
        "dmean2": 1.29860270023,
        "dvar": 1.62327194214,
        "dvar2": 3.03448009491,
        "max": 21.8345241547,
        "mean": 3.65431642532,
        "median": 3.10682344437,
        "min": -0.498804837465,
        "var": 6.05377149582
    },
    "melbands_spread": {
        "dmean": 8.00883102417,
        "dmean2": 12.4626255035,
        "dvar": 175.002105713,
        "dvar2": 424.69708252,
        "max": 161.746932983,
        "mean": 17.995174408,
        "median": 13.1071462631,
        "min": 0.278697997332,
        "var": 263.606048584
    },
    "pitch_salience": {
        "dmean": 0.0746665522456,
        "dmean2": 0.103199869394,
        "dvar": 0.00673114927486,
        "dvar2": 0.0130864679813,
        "max": 0.871816158295,
        "mean": 0.429708451033,
        "median": 0.43768915534,
        "min": 0.0714662894607,
        "var": 0.0211907550693
    },
    "silence_rate_20dB": {
        "dmean": 0,
        "dmean2": 0,
        "dvar": 0,
        "dvar2": 0,
        "max": 1,
        "mean": 1,
        "median": 1,
        "min": 1,
        "var": 0
    },
    "silence_rate_30dB": {
        "dmean": 0.0835913345218,
        "dmean2": 0.167312160134,
        "dvar": 0.0766044333577,
        "dvar2": 0.139320641756,
        "max": 1,
        "mean": 0.821345686913,
        "median": 1,
        "min": 0,
        "var": 0.146737098694
    },
    "silence_rate_60dB": {
        "dmean": 0.0030959751457,
        "dmean2": 0.00619674660265,
        "dvar": 0.00308638601564,
        "dvar2": 0.00925671495497,
        "max": 1,
        "mean": 0.00154679035768,
        "median": 0,
        "min": 0,
        "var": 0.00154439709149
    },
    "spectral_centroid": {
        "dmean": 364.652587891,
        "dmean2": 540.781555176,
        "dvar": 206513.34375,
        "dvar2": 435486.28125,
        "max": 4242.21484375,
        "mean": 1209.8659668,
        "median": 993.192626953,
        "min": 148.342346191,
        "var": 482837.125
    },
    "spectral_complexity": {
        "dmean": 4.66563463211,
        "dmean2": 6.78156471252,
        "dvar": 26.7596740723,
        "dvar2": 45.0304832458,
        "max": 56,
        "mean": 21.3665885925,
        "median": 19,
        "min": 2,
        "var": 77.0241394043
    },
    "spectral_decrease": {
        "dmean": 3.6737539677e-09,
        "dmean2": 4.57922588737e-09,
        "dvar": 1.36517962742e-17,
        "dvar2": 2.0845485795e-17,
        "max": -2.75423489571e-10,
        "mean": -1.88763653597e-08,
        "median": -1.73611862664e-08,
        "min": -5.21782155261e-08,
        "var": 7.65012033819e-17
    },
    "spectral_energy": {
        "dmean": 0.0135774230585,
        "dmean2": 0.0168457552791,
        "dvar": 0.000191167404409,
        "dvar2": 0.000288100884063,
        "max": 0.198092892766,
        "mean": 0.0750517770648,
        "median": 0.0694439187646,
        "min": 0.0011049893219,
        "var": 0.00104023714084
    },
    "spectral_energyband_high": {
        "dmean": 0.00191772228573,
        "dmean2": 0.00288284849375,
        "dvar": 1.24102916743e-05,
        "dvar2": 2.2731755962e-05,
        "max": 0.0284353066236,
        "mean": 0.00275099626742,
        "median": 0.00074830558151,
        "min": 5.46794638012e-07,
        "var": 2.01841939997e-05
    },
    "spectral_energyband_low": {
        "dmean": 0.0144459884614,
        "dmean2": 0.0170781109482,
        "dvar": 0.000275307713309,
        "dvar2": 0.000438419549027,
        "max": 0.194040730596,
        "mean": 0.0502382926643,
        "median": 0.0414614714682,
        "min": 2.59925145656e-05,
        "var": 0.00140799628571
    },
    "spectral_energyband_middle_high": {
        "dmean": 0.00244039902464,
        "dmean2": 0.00377079495229,
        "dvar": 1.15816374091e-05,
        "dvar2": 2.64988066192e-05,
        "max": 0.0553798824549,
        "mean": 0.00828791968524,
        "median": 0.00563781615347,
        "min": 0.000117883137136,
        "var": 5.52706442249e-05
    },
    "spectral_energyband_middle_low": {
        "dmean": 0.00494122970849,
        "dmean2": 0.00750945229083,
        "dvar": 2.75643142231e-05,
        "dvar2": 6.80889934301e-05,
        "max": 0.0568216145039,
        "mean": 0.0156616549939,
        "median": 0.0146155571565,
        "min": 0.000500650203321,
        "var": 7.02112010913e-05
    },
    "spectral_entropy": {
        "dmean": 0.266495764256,
        "dmean2": 0.364308089018,
        "dvar": 0.0927684605122,
        "dvar2": 0.176877528429,
        "max": 8.60838508606,
        "mean": 7.54974508286,
        "median": 7.50701808929,
        "min": 6.26491928101,
        "var": 0.281812846661
    },
    "spectral_flux": {
        "dmean": 0.0407451018691,
        "dmean2": 0.0624600276351,
        "dvar": 0.00221187132411,
        "dvar2": 0.00489662913606,
        "max": 0.393545389175,
        "mean": 0.111011914909,
        "median": 0.0951358899474,
        "min": 0.0229991599917,
        "var": 0.0036803430412
    },
    "spectral_kurtosis": {
        "dmean": 2.39515662193,
        "dmean2": 3.6611058712,
        "dvar": 12.2135057449,
        "dvar2": 25.9833850861,
        "max": 51.4879951477,
        "mean": 4.74830722809,
        "median": 3.1728925705,
        "min": -1.08486533165,
        "var": 27.7834091187
    },
    "spectral_rms": {
        "dmean": 0.000798564113211,
        "dmean2": 0.00100360554643,
        "dvar": 6.5483840217e-07,
        "dvar2": 1.07980338271e-06,
        "max": 0.0139018474147,
        "mean": 0.00834523141384,
        "median": 0.00823104940355,
        "min": 0.00103828625288,
        "var": 3.57828366759e-06
    },
    "spectral_rolloff": {
        "dmean": 873.380310059,
        "dmean2": 1532.07763672,
        "dvar": 3067342.25,
        "dvar2": 5764613,
        "max": 11261.8652344,
        "mean": 1378.97558594,
        "median": 667.529296875,
        "min": 64.599609375,
        "var": 4126506.25
    },
    "spectral_skewness": {
        "dmean": 0.361196368933,
        "dmean2": 0.519697189331,
        "dvar": 0.165217995644,
        "dvar2": 0.31134480238,
        "max": 5.32001876831,
        "mean": 1.606153965,
        "median": 1.5349599123,
        "min": 0.171820417047,
        "var": 0.532058179379
    },
    "spectral_spread": {
        "dmean": 983477,
        "dmean2": 1323515.75,
        "dvar": 1.35804472525e+12,
        "dvar2": 2.10573865779e+12,
        "max": 15418471,
        "mean": 5298356,
        "median": 4881210.5,
        "min": 1186392.5,
        "var": 5.47782341427e+12
    },
    "spectral_strongpeak": {
        "dmean": 0.390913039446,
        "dmean2": 0.656329274178,
        "dvar": 0.66574293375,
        "dvar2": 1.73192322254,
        "max": 10.1902685165,
        "mean": 0.874407947063,
        "median": 0.690169870853,
        "min": 0.0163190942258,
        "var": 0.761541962624
    },
    "zerocrossingrate": {
        "dmean": 0.0173003487289,
        "dmean2": 0.0176704097539,
        "dvar": 0.000362473132554,
        "dvar2": 0.000390640663682,
        "max": 0.2529296875,
        "mean": 0.0507782287896,
        "median": 0.03564453125,
        "min": 0.0029296875,
        "var": 0.00181238004006
    },
    "barkbands": {
        "dmean": [0.000638894271106, 0.012586787343, 0.00541735207662, 0.00199972116388, 0.00184196734335, 0.000817634165287, 0.00137276854366, 0.00102396763396, 0.00116795836948, 0.00140475784428, 0.000593591772486, 0.000458901922684, 0.000239245637204, 0.000219143126742, 0.000167275924468, 0.000259081716649, 0.000364171573892, 0.000270259421086, 0.000179806971573, 0.000188423859072, 0.00028643180849, 0.000503299350385, 0.000495968037285, 0.000321131432429, 0.000294224359095, 0.000166395126143, 8.82066970576e-08],
        "dmean2": [0.000720220792573, 0.0146612972021, 0.0087855393067, 0.00356562528759, 0.0029083522968, 0.00122529221699, 0.00199920265004, 0.00153663987294, 0.00166046503, 0.00224682386033, 0.000853249221109, 0.00068087951513, 0.000377477321308, 0.000370470370399, 0.000275280995993, 0.000423453544499, 0.00061312870821, 0.000449144368758, 0.000286512746243, 0.000300557061564, 0.000445633602794, 0.000773322710302, 0.000723045493942, 0.000474078173283, 0.000444255623734, 0.000263444002485, 1.60482215961e-07],
        "dvar": [1.04330536033e-06, 0.000330600916641, 9.50601388467e-05, 1.68583464983e-05, 7.06182754584e-06, 1.53334622155e-06, 4.87702800456e-06, 2.41721113525e-06, 3.60137937605e-06, 8.48108265927e-06, 1.18080095035e-06, 6.10492065789e-07, 2.83108647636e-07, 1.41268330367e-07, 6.29104235372e-08, 2.74359905461e-07, 9.00669647308e-07, 3.48621568946e-07, 1.42588234553e-07, 1.14495776415e-07, 3.54136204805e-07, 8.89088937583e-07, 7.7081034533e-07, 3.94444526819e-07, 4.09599294926e-07, 1.35184720307e-07, 1.21701165313e-13],
        "dvar2": [1.16608725875e-06, 0.000451712519862, 0.000264153728494, 4.92176877742e-05, 1.89300480997e-05, 3.20725462188e-06, 8.13335009298e-06, 5.17266744282e-06, 6.98505255059e-06, 1.93697123905e-05, 2.15194700104e-06, 1.30375951812e-06, 6.07571109867e-07, 3.81738146871e-07, 1.56611022817e-07, 7.16165175163e-07, 2.51265282714e-06, 9.40473228184e-07, 3.46670503859e-07, 2.75299015584e-07, 7.24674976027e-07, 2.09524864658e-06, 1.40067595567e-06, 7.44739395486e-07, 7.84188330272e-07, 2.73077631618e-07, 3.21380996902e-13],
        "max": [0.0131107736379, 0.184572309256, 0.0803856104612, 0.0247114934027, 0.0362850762904, 0.0247927494347, 0.0457079559565, 0.0232614427805, 0.02513185516, 0.0424970239401, 0.0145872896537, 0.0144163956866, 0.0118266809732, 0.0042059882544, 0.00250666844659, 0.00861711148173, 0.0153737701476, 0.00648717815056, 0.00531511520967, 0.00757180852816, 0.0124917589128, 0.00663051567972, 0.00785089470446, 0.00809375010431, 0.00937231164426, 0.00371924205683, 4.87797024107e-06],
        "mean": [0.00143127702177, 0.0359583646059, 0.0112100988626, 0.00265193870291, 0.00353642273694, 0.00198222044855, 0.00271363183856, 0.00187952525448, 0.00256099575199, 0.00312114949338, 0.00135543104261, 0.00104467943311, 0.000420827360358, 0.000363180239219, 0.000273490004474, 0.000452574837254, 0.00054176064441, 0.000406335049774, 0.00027350866003, 0.000270645046839, 0.000352216302417, 0.000559325329959, 0.000627767585684, 0.000447114551207, 0.000414643465774, 0.000202673472813, 5.89792215067e-08],
        "median": [0.000130627595354, 0.0213607959449, 0.00602624705061, 0.00107773952186, 0.00216159201227, 0.00108776148409, 0.00141000049189, 0.00104414660018, 0.0011154677486, 0.000977079151198, 0.000537225976586, 0.000382323894883, 0.000229932018556, 0.000195049506146, 0.000187160665519, 0.000205175441806, 0.000203882300411, 0.000157391856192, 0.000108796804852, 0.000118850024592, 7.4407653301e-05, 0.000100381483207, 0.000152612963575, 8.64864268806e-05, 5.75858721277e-05, 1.77371603058e-05, 3.32710081707e-09],
        "min": [8.76925998483e-09, 3.47810691892e-06, 4.99591442349e-06, 1.88816215996e-06, 1.20694621728e-05, 7.66520406614e-06, 6.31908369542e-06, 1.09083321149e-05, 3.27171233039e-06, 1.3483654584e-05, 3.44909403793e-06, 5.57373368792e-06, 5.21860465597e-06, 6.10150073044e-06, 3.88646958527e-06, 2.5205717975e-06, 2.50536163549e-06, 1.18831360396e-06, 4.68707753498e-07, 4.48111336482e-07, 8.58470556864e-08, 1.0245208415e-07, 5.56699468746e-08, 3.9013514197e-08, 3.18229886886e-10, 1.7194703994e-11, 8.59398489872e-12],
        "var": [5.52666460862e-06, 0.00149245478678, 0.000188861391507, 1.64973262144e-05, 1.54826811922e-05, 5.95627670918e-06, 1.60801355378e-05, 5.596594292e-06, 1.23322433865e-05, 2.60778015218e-05, 4.59963030153e-06, 2.33721652876e-06, 5.49682567907e-07, 2.24120725534e-07, 8.80029134009e-08, 5.17526814292e-07, 1.44683258441e-06, 5.05909781623e-07, 2.12590364868e-07, 2.34519291098e-07, 4.97471546623e-07, 9.92216200757e-07, 1.17829165447e-06, 6.96600693573e-07, 9.73858050202e-07, 2.02238197744e-07, 8.55105916631e-14]
    },
    "erbbands": {
        "dmean": [0.519225895405, 2.46310520172, 5.79883337021, 6.58124446869, 4.80658864975, 8.00212955475, 5.98214006424, 7.59231853485, 17.0375595093, 20.2244701385, 20.5068283081, 27.5072250366, 34.5596199036, 33.9693412781, 20.8875923157, 13.3126144409, 9.62094783783, 8.62791633606, 9.75092124939, 8.76298046112, 17.6419029236, 16.2357311249, 14.5808048248, 10.3828725815, 8.88064289093, 8.38361263275, 10.3837337494, 12.9673156738, 17.1832351685, 16.3161220551, 13.7292156219, 7.99200534821, 5.05457353592, 3.65309214592, 2.07987093925, 0.89431232214, 0.299045085907, 0.0198644492775, 0.000392466608901, 3.51482340193e-05],
        "dmean2": [0.540733993053, 3.26921916008, 9.36356067657, 11.4840764999, 8.16939735413, 12.3185806274, 9.06216907501, 11.0370397568, 25.3535404205, 29.2526378632, 29.7086467743, 38.3537139893, 53.50182724, 51.9900817871, 30.6115150452, 20.1348056793, 15.1180849075, 14.3768577576, 16.5352897644, 14.0828227997, 28.4788742065, 27.4961357117, 24.1853733063, 16.6194667816, 14.0519065857, 13.0558767319, 16.0403060913, 20.0305023193, 26.8808555603, 25.5033378601, 19.5195636749, 11.9153652191, 7.66444063187, 5.60871553421, 3.25230097771, 1.40498292446, 0.472705453634, 0.0321620479226, 0.000616869772784, 4.98677618452e-05],
        "dvar": [0.807591497898, 11.2344379425, 100.289283752, 162.390136719, 62.6073379517, 153.928741455, 86.4464187622, 124.251609802, 771.440979004, 1130.62426758, 763.090148926, 2124.85668945, 4227.62548828, 3865.77832031, 1249.64794922, 396.573394775, 366.772460938, 247.603912354, 266.400115967, 211.0206604, 1452.70800781, 1773.63830566, 1061.96105957, 528.170288086, 295.893249512, 251.867446899, 507.908569336, 645.753112793, 1033.37670898, 981.534606934, 558.313781738, 248.799987793, 105.072746277, 57.3528747559, 23.380361557, 3.93363165855, 0.46320655942, 0.00207155453973, 7.62836521062e-07, 2.8940736474e-09],
        "dvar2": [0.865346312523, 21.9078159332, 283.054016113, 475.84173584, 163.809967041, 393.225494385, 198.530685425, 260.708984375, 1392.08081055, 2015.06103516, 1497.03295898, 3816.82958984, 9325.64355469, 8346.54199219, 2585.55053711, 919.018371582, 890.439880371, 608.858398438, 720.56829834, 531.34161377, 3933.30957031, 4844.60791016, 2733.91845703, 1217.13977051, 762.518066406, 550.133056641, 979.990722656, 1462.38562012, 2509.3215332, 1858.81396484, 1073.109375, 444.696228027, 215.895401001, 111.043464661, 47.9676895142, 8.30544471741, 0.930284619331, 0.00478734215721, 1.67108282767e-06, 5.66979085903e-09],
        "max": [9.10182857513, 34.9447746277, 71.4314575195, 73.443031311, 138.031417847, 218.847076416, 129.324478149, 231.774124146, 578.595275879, 577.384399414, 327.295440674, 709.695739746, 983.394042969, 1104.25317383, 736.984008789, 244.871887207, 413.683410645, 403.028900146, 153.991653442, 192.683563232, 596.543701172, 629.811950684, 367.573913574, 374.170440674, 245.443054199, 442.416534424, 589.94354248, 321.535766602, 217.895111084, 290.15725708, 195.852096558, 250.458999634, 111.335418701, 98.5357894897, 76.0640106201, 27.4553585052, 4.91181993484, 0.381948977709, 0.00681405467913, 0.000446885533165],
        "mean": [1.33640515804, 6.83390712738, 12.7641716003, 11.7225694656, 8.03607749939, 15.4686050415, 13.1351051331, 18.8168010712, 34.170627594, 40.8078460693, 44.6111526489, 62.3202095032, 77.739982605, 79.7915420532, 51.8661003113, 32.1961326599, 18.9953212738, 16.9665031433, 17.5088329315, 16.7971000671, 32.0209121704, 25.8497867584, 22.5643596649, 17.1825847626, 13.3612117767, 12.3727836609, 13.8599462509, 14.9909954071, 18.5631256104, 20.8308467865, 17.071969986, 10.8437585831, 7.02342844009, 5.04789161682, 2.72582006454, 1.11696350574, 0.349793583155, 0.0212043635547, 0.000492391700391, 0.000117301424325],
        "median": [0.316194117069, 5.13511419296, 8.75635051727, 5.74177312851, 4.85622835159, 7.17058753967, 6.74800920486, 12.3428010941, 17.659740448, 19.9544029236, 25.4825515747, 28.5536136627, 34.3708992004, 37.3179473877, 28.2589416504, 16.9273204803, 12.2472200394, 9.6795129776, 11.2900037766, 10.2392072678, 13.265291214, 11.4267110825, 8.99216556549, 6.32060718536, 6.27762985229, 5.23698425293, 3.6689183712, 2.64819049835, 3.26432323456, 4.26868152618, 4.45446538925, 2.33874154091, 1.2323448658, 0.838543236256, 0.281195610762, 0.103281520307, 0.0263777859509, 0.00121198315173, 8.07511532912e-05, 9.61154146353e-05],
        "min": [6.24322565272e-05, 0.000730931584258, 0.0113196233287, 0.0422126986086, 0.0337293148041, 0.0837738737464, 0.0451764576137, 0.0489592142403, 0.215682655573, 0.348422497511, 0.279990553856, 0.305244147778, 0.501607894897, 0.592334389687, 0.695252001286, 0.312822163105, 0.371516019106, 0.303881555796, 0.272955596447, 0.231243416667, 0.177903518081, 0.119498744607, 0.0472372733057, 0.0516291484237, 0.0195702146739, 0.0205828081816, 0.00774625875056, 0.00264823506586, 0.00396693591028, 0.0025822177995, 0.00161428842694, 0.000910420669243, 0.000680790632032, 0.000232325546676, 9.99214171316e-05, 5.84585977776e-05, 1.24980933833e-05, 1.06707955183e-06, 1.6951513544e-06, 1.3688212448e-06],
        "var": [3.8749024868, 36.8444404602, 165.898712158, 190.620422363, 102.181907654, 439.903656006, 286.041412354, 440.102508545, 2372.68164062, 3546.83056641, 2551.00610352, 7877.67675781, 12935.8183594, 11173.0273438, 5538.92724609, 1437.81689453, 715.675537109, 536.982543945, 388.016143799, 435.839233398, 3350.21972656, 2183.09399414, 1627.65002441, 817.067504883, 432.957702637, 577.286376953, 853.272338867, 777.90234375, 1104.46044922, 1323.30603027, 869.459228516, 400.110534668, 187.102249146, 117.039794922, 57.0237884521, 6.76816272736, 0.622005283833, 0.00246284529567, 9.93043386188e-07, 5.11700015693e-09]
    },
    "gfcc": {
        "mean": [47.1170959473, 99.7493133545, -98.6686630249, 34.2306976318, -60.3123321533, 29.4513607025, -28.8132610321, 22.558713913, -15.8799171448, 0.598052322865, -14.7046117783, 3.32855653763, -7.99554395676],
        "cov": [[2380.63769531, -1818.98217773, 377.247436523, 377.081512451, -465.228027344, 293.29006958, -271.341247559, 92.8626861572, -182.409957886, 153.627120972, -362.501617432, 166.654525757, -277.085510254], [-1818.98217773, 2050.86962891, -446.000640869, -392.587219238, 513.264221191, -281.770812988, 272.096679688, -69.7949142456, 201.471572876, -207.330841064, 339.654968262, -167.119522095, 230.013931274], [377.247436523, -446.000640869, 682.265563965, 84.4261703491, -88.0348968506, 172.548950195, -93.9705276489, -7.79225683212, -45.318977356, 126.174209595, -61.1467132568, 80.3837585449, -103.918548584], [377.081512451, -392.587219238, 84.4261703491, 522.029724121, -33.7034111023, 33.8887367249, -1.94579052925, 31.2933921814, 52.1145324707, 17.5279979706, 25.1657981873, 19.2666683197, 27.2651596069], [-465.228027344, 513.264221191, -88.0348968506, -33.7034111023, 356.070953369, -45.6124572754, 137.986602783, 65.0718536377, 72.1101531982, -20.8440761566, 103.244422913, -23.7081069946, 65.4930267334], [293.29006958, -281.770812988, 172.548950195, 33.8887367249, -45.6124572754, 244.905380249, 26.1836776733, -4.92069339752, -29.591506958, 28.8914775848, -52.7665977478, 22.9462871552, -22.6390190125], [-271.341247559, 272.096679688, -93.9705276489, -1.94579052925, 137.986602783, 26.1836776733, 230.182952881, 47.1942062378, 62.3326416016, -24.59009552, 60.1892280579, -20.4802894592, 78.0366439819], [92.8626861572, -69.7949142456, -7.79225683212, 31.2933921814, 65.0718536377, -4.92069339752, 47.1942062378, 182.072753906, 49.9368858337, 17.0955429077, 17.3500709534, 20.274263382, 19.4361782074], [-182.409957886, 201.471572876, -45.318977356, 52.1145324707, 72.1101531982, -29.591506958, 62.3326416016, 49.9368858337, 147.459075928, 19.3917579651, 88.8680419922, -1.52757525444, 51.9305229187], [153.627120972, -207.330841064, 126.174209595, 17.5279979706, -20.8440761566, 28.8914775848, -24.59009552, 17.0955429077, 19.3917579651, 158.891937256, 31.5529632568, 46.9325027466, -37.7764015198], [-362.501617432, 339.654968262, -61.1467132568, 25.1657981873, 103.244422913, -52.7665977478, 60.1892280579, 17.3500709534, 88.8680419922, 31.5529632568, 188.674087524, 4.66113042831, 76.97290802], [166.654525757, -167.119522095, 80.3837585449, 19.2666683197, -23.7081069946, 22.9462871552, -20.4802894592, 20.274263382, -1.52757525444, 46.9325027466, 4.66113042831, 84.0593643188, -8.03896617889], [-277.085510254, 230.013931274, -103.918548584, 27.2651596069, 65.4930267334, -22.6390190125, 78.0366439819, 19.4361782074, 51.9305229187, -37.7764015198, 76.97290802, -8.03896617889, 127.573890686]],
        "icov": [[0.00182579876855, 0.000459404371213, 0.0005591782392, -0.000994331901893, 0.000673917296808, -0.00113220652565, 0.000483301701024, -0.00113517954014, 0.000239582819631, -0.000319751066854, 0.00144821009599, -0.00183312455192, 0.00195417646319], [0.000459404371213, 0.00416712649167, -0.000536604842637, 0.00268382346258, -0.00286440248601, 0.00177764857654, -0.000870353949722, 0.00267452909611, -0.00277371355332, 0.00425249058753, -0.00436301762238, 0.00289952591993, -0.000411792483646], [0.0005591782392, -0.000536604842637, 0.00270120846108, -0.00110405089799, 0.000450218678452, -0.00212417566217, 0.000995420152321, -0.000725195975974, 0.00062264141161, -0.00183722330257, 0.00131544168107, -0.00224694353528, 0.00177905277815], [-0.000994331901893, 0.00268382346258, -0.00110405089799, 0.00480351550505, -0.0021893971134, 0.00188741332386, -0.000770879734773, 0.00247892225161, -0.00301618711092, 0.00347062107176, -0.00429636985064, 0.0033680612687, -0.00231173192151], [0.000673917296808, -0.00286440248601, 0.000450218678452, -0.0021893971134, 0.006975450553, -0.00132697983645, -0.0011816759361, -0.0037271247711, 0.00210954877548, -0.00267571397126, 0.00219793687575, -0.00243580667302, 0.00180635647848], [-0.00113220652565, 0.00177764857654, -0.00212417566217, 0.00188741332386, -0.00132697983645, 0.00772570353001, -0.00304605602287, 0.00252818036824, -0.000925312459003, 0.00180314225145, -0.00173406372778, 0.00240856548771, -0.00215891562402], [0.000483301701024, -0.000870353949722, 0.000995420152321, -0.000770879734773, -0.0011816759361, -0.00304605602287, 0.00806302763522, -0.00179857516196, -0.000556437531486, -0.00116190954577, 0.00163323525339, -0.000221410693484, -0.00211441121064], [-0.00113517954014, 0.00267452909611, -0.000725195975974, 0.00247892225161, -0.0037271247711, 0.00252818036824, -0.00179857516196, 0.00975343585014, -0.00432091206312, 0.0027351861354, -0.00273266900331, 0.00150436919648, -0.00211956421845], [0.000239582819631, -0.00277371355332, 0.00062264141161, -0.00301618711092, 0.00210954877548, -0.000925312459003, -0.000556437531486, -0.00432091206312, 0.0133988903835, -0.00444144522771, -0.000180119415745, -0.00143737334292, -0.000326632260112], [-0.000319751066854, 0.00425249058753, -0.00183722330257, 0.00347062107176, -0.00267571397126, 0.00180314225145, -0.00116190954577, 0.0027351861354, -0.00444144522771, 0.0150654306635, -0.00891390163451, 0.000153437998961, 0.00304466369562], [0.00144821009599, -0.00436301762238, 0.00131544168107, -0.00429636985064, 0.00219793687575, -0.00173406372778, 0.00163323525339, -0.00273266900331, -0.000180119415745, -0.00891390163451, 0.0178022794425, -0.00593992415816, -0.00269882264547], [-0.00183312455192, 0.00289952591993, -0.00224694353528, 0.0033680612687, -0.00243580667302, 0.00240856548771, -0.000221410693484, 0.00150436919648, -0.00143737334292, 0.000153437998961, -0.00593992415816, 0.0206828843802, -0.00465750787407], [0.00195417646319, -0.000411792483646, 0.00177905277815, -0.00231173192151, 0.00180635647848, -0.00215891562402, -0.00211441121064, -0.00211956421845, -0.000326632260112, 0.00304466369562, -0.00269882264547, -0.00465750787407, 0.0174439288676]]
    },
    "melbands": {
        "dmean": [0.00389347202145, 0.00269538443536, 0.00106166501064, 0.000443924742285, 0.000235491810599, 0.000171456398675, 0.00026172248181, 0.000228010350838, 0.000177127629286, 0.000176268687937, 0.000187933910638, 0.000159702103701, 6.92124740453e-05, 5.71146520087e-05, 2.73757832474e-05, 2.30241075769e-05, 1.72886302607e-05, 1.81784962479e-05, 1.34897882162e-05, 1.58911352628e-05, 2.47541829594e-05, 2.05982269108e-05, 9.81972243608e-06, 1.60184390552e-05, 8.22335914563e-06, 7.18605406291e-06, 6.2835092649e-06, 5.64642868994e-06, 6.3955180849e-06, 7.54920574764e-06, 7.60357352192e-06, 9.65164872468e-06, 1.00360339275e-05, 9.17600300454e-06, 8.49154002935e-06, 6.53440201859e-06, 4.60563933302e-06, 3.98408064939e-06, 3.11660005536e-06, 3.22285268339e-06],
        "dmean2": [0.00442606024444, 0.00411172583699, 0.00183244608343, 0.000702787947375, 0.000358654215233, 0.000248220690992, 0.000387198291719, 0.000332953350153, 0.000255956518231, 0.000246011564741, 0.000293254328426, 0.000246755196713, 0.000100567958725, 8.26033356134e-05, 4.35486872448e-05, 3.67363754776e-05, 2.89997406071e-05, 3.08271155518e-05, 2.21850605158e-05, 2.61452041741e-05, 4.03577432735e-05, 3.50370173692e-05, 1.6334151951e-05, 2.68371350103e-05, 1.31038586915e-05, 1.14179165394e-05, 1.02489466371e-05, 8.93172364158e-06, 9.92106106423e-06, 1.19637052194e-05, 1.19167843877e-05, 1.55568886839e-05, 1.52414104377e-05, 1.43910110637e-05, 1.22333767649e-05, 9.53913513513e-06, 6.92343883202e-06, 6.11564200881e-06, 4.75350907436e-06, 5.00211172039e-06],
        "dvar": [3.98945812776e-05, 1.53734727064e-05, 3.96104269385e-06, 3.87800696444e-07, 1.21967033806e-07, 6.30025027704e-08, 1.68383394339e-07, 1.32141821041e-07, 7.26844930909e-08, 9.01807126752e-08, 1.3179531777e-07, 8.94296334764e-08, 1.4467212317e-08, 9.0623233362e-09, 3.63247742996e-09, 2.07431272159e-09, 9.56103418659e-10, 1.05496900105e-09, 4.18013040848e-10, 1.24354682107e-09, 3.39927752613e-09, 2.78078671201e-09, 4.71520600343e-10, 1.55545276659e-09, 3.90914883797e-10, 2.34998492887e-10, 1.66374081179e-10, 1.2253768833e-10, 2.30624352948e-10, 2.51528187167e-10, 2.084049322e-10, 3.138365956e-10, 3.74388187119e-10, 3.09102576868e-10, 2.19299800541e-10, 1.39913483577e-10, 8.89744458665e-11, 6.60746110603e-11, 3.86743831404e-11, 4.85103901493e-11],
        "dvar2": [4.94714804518e-05, 4.20672004111e-05, 1.16016653919e-05, 1.038533469e-06, 2.98423714185e-07, 1.29644973867e-07, 2.94675061241e-07, 2.55152002637e-07, 1.39394515486e-07, 1.62164994322e-07, 2.91553050147e-07, 1.98383659722e-07, 2.72484701469e-08, 1.82201063126e-08, 9.37966593284e-09, 3.94568200335e-09, 2.47334486225e-09, 2.87622770045e-09, 1.03695507736e-09, 3.08501735269e-09, 9.44936395797e-09, 7.60133911371e-09, 1.22280685577e-09, 4.23787493986e-09, 8.73060679307e-10, 5.968024408e-10, 4.39663361274e-10, 2.74163608482e-10, 4.55134874233e-10, 5.46100664689e-10, 4.83468320933e-10, 7.79086462011e-10, 8.3310708332e-10, 5.75637371103e-10, 4.36913838442e-10, 2.70744704434e-10, 1.70210290307e-10, 1.43444076062e-10, 8.00764038411e-11, 9.79834338666e-11],
        "max": [0.0630307868123, 0.0327020920813, 0.0117107136175, 0.0083442479372, 0.00439504301175, 0.00521066691726, 0.00801676139235, 0.00509596895427, 0.00403054477647, 0.00396413635463, 0.00528685608879, 0.00542593700811, 0.00219362718053, 0.00174240360502, 0.00160956394393, 0.00107126904186, 0.000671663845424, 0.000316583871609, 0.000259277730947, 0.000621318933554, 0.000969507498667, 0.000724002486095, 0.000267193856416, 0.000500766735058, 0.000340507802321, 0.000247947435128, 0.000188457939657, 0.000296893034829, 0.000425375648774, 0.000257238163613, 0.000145725352922, 0.000119770498713, 0.000149551866343, 0.000173831693246, 0.000111248409667, 0.000127681778395, 0.000158078502864, 9.21820828808e-05, 8.71475640452e-05, 0.000100831202872],
        "mean": [0.0106998477131, 0.00758284516633, 0.00195775809698, 0.000848811643664, 0.000509831763338, 0.000425393227488, 0.000519293942489, 0.000441117736045, 0.000373288930859, 0.000385564431781, 0.000411178800277, 0.000365028099623, 0.000164455050253, 0.000138664443512, 5.24713505001e-05, 3.99273558287e-05, 3.09588795062e-05, 3.02312637359e-05, 2.19880748773e-05, 2.72691358987e-05, 4.13553789258e-05, 3.06341098621e-05, 1.62354408531e-05, 2.19630037464e-05, 1.28266437969e-05, 1.03927786768e-05, 8.73697081261e-06, 8.00518864708e-06, 8.57757913764e-06, 8.77000093169e-06, 8.52196990309e-06, 1.00554634628e-05, 1.16025503303e-05, 1.16069923024e-05, 1.03222027974e-05, 8.0795125541e-06, 6.04130082138e-06, 5.18666274729e-06, 4.228333637e-06, 4.28539169661e-06],
        "median": [0.00495271850377, 0.00662453565747, 0.00111421511974, 0.000476738088764, 0.000313919066684, 0.000284545472823, 0.000274441816146, 0.000208398152608, 0.000182400021004, 0.000160480558407, 0.000158396331244, 0.000156815527589, 8.46986149554e-05, 4.92684812343e-05, 2.48987544182e-05, 2.33952414419e-05, 1.6641768525e-05, 1.69568811543e-05, 1.40531928992e-05, 1.25151309476e-05, 1.57849754032e-05, 1.23260460896e-05, 7.43431473893e-06, 7.6039209489e-06, 4.50391598861e-06, 4.22189032179e-06, 4.34420689999e-06, 2.89392050945e-06, 2.28114572565e-06, 1.84420616733e-06, 1.30003365939e-06, 1.70094722307e-06, 2.08293977266e-06, 2.2110818918e-06, 2.64042137132e-06, 1.9357310066e-06, 1.10068867798e-06, 8.27917688184e-07, 8.13391693555e-07, 6.40652103812e-07],
        "min": [7.35134563001e-07, 2.96426924251e-06, 5.98734959567e-06, 8.65181755216e-06, 2.13373800761e-06, 7.27062797523e-07, 2.24334212362e-06, 4.23773553848e-06, 1.93917026081e-06, 6.31324212463e-07, 2.62350340563e-06, 2.58977274825e-06, 1.98488351089e-06, 9.72171051217e-07, 6.01441001891e-07, 6.14510554442e-07, 5.73023726247e-07, 3.86486561865e-07, 2.75400111605e-07, 1.69238134617e-07, 1.38044768505e-07, 1.52466427039e-07, 3.37942047679e-08, 5.77015697445e-08, 3.94044725738e-08, 1.54409374176e-08, 1.40944234062e-08, 1.00016785964e-08, 4.60450033657e-09, 1.93967086837e-09, 1.30095845208e-09, 2.51535547946e-09, 1.57047663762e-09, 1.20305998497e-09, 9.02147578863e-10, 8.02784783094e-10, 2.11400896788e-10, 1.01253033735e-10, 6.96195488412e-12, 2.7374274722e-12],
