{
"highlevel": {
    "danceability": {
        "all": {
            "danceable": 0.999749958515,
            "not_danceable": 0.000250048644375
        },
        "probability": 0.999749958515,
        "value": "danceable"
    },
    "gender": {
        "all": {
            "female": 0.168717890978,
            "male": 0.831282138824
        },
        "probability": 0.831282138824,
        "value": "male"
    },
    "genre_dortmund": {
        "all": {
            "alternative": 0.0137089770287,
            "blues": 0.00675780605525,
            "electronic": 0.0469456277788,
            "folkcountry": 0.00867429934442,
            "funksoulrnb": 0.00792886596173,
            "jazz": 0.0224867966026,
            "pop": 0.0262844599783,
            "raphiphop": 0.851268470287,
            "rock": 0.0159446727484
        },
        "probability": 0.851268470287,
        "value": "raphiphop"
    },
    "genre_electronic": {
        "all": {
            "ambient": 0.261980175972,
            "dnb": 0.0790215730667,
            "house": 0.50380563736,
            "techno": 0.0316178873181,
            "trance": 0.123574733734
        },
        "probability": 0.50380563736,
        "value": "house"
    },
    "genre_rosamerica": {
        "all": {
            "cla": 0.00276936520822,
            "dan": 0.561663031578,
            "hip": 0.310815155506,
            "jaz": 0.00506577733904,
            "pop": 0.0276492498815,
            "rhy": 0.0824414342642,
            "roc": 0.00521026039496,
            "spe": 0.0043857563287
        },
        "probability": 0.561663031578,
        "value": "dan"
    },
    "genre_tzanetakis": {
        "all": {
            "blu": 0.0622663982213,
            "cla": 0.0345780998468,
            "cou": 0.103735685349,
            "dis": 0.0518908686936,
            "hip": 0.155698984861,
            "jaz": 0.311586618423,
            "met": 0.0519040971994,
            "pop": 0.0622744634748,
            "reg": 0.0622723288834,
            "roc": 0.103792458773
        },
        "probability": 0.311586618423,
        "value": "jaz"
    },
    "ismir04_rhythm": {
        "all": {
            "ChaChaCha": 0.0521368607879,
            "Jive": 0.0268461704254,
            "Quickstep": 0.0403554663062,
            "Rumba-American": 0.0410960502923,
            "Rumba-International": 0.0659406110644,
            "Rumba-Misc": 0.00817091856152,
            "Samba": 0.746312916279,
            "Tango": 0.00889133568853,
            "VienneseWaltz": 0.00374164991081,
            "Waltz": 0.00650804769248
        },
        "probability": 0.746312916279,
        "value": "Samba"
    },
    "mood_acoustic": {
        "all": {
            "acoustic": 0.0186371225864,
            "not_acoustic": 0.981362879276
        },
        "probability": 0.981362879276,
        "value": "not_acoustic"
    },
    "mood_aggressive": {
        "all": {
            "aggressive": 0.0482873991132,
            "not_aggressive": 0.951712608337
        },
        "probability": 0.951712608337,
        "value": "not_aggressive"
    },
    "mood_electronic": {
        "all": {
            "electronic": 0.866144895554,
            "not_electronic": 0.133855104446
        },
        "probability": 0.866144895554,
        "value": "electronic"
    },
    "mood_happy": {
        "all": {
            "happy": 0.414955288172,
            "not_happy": 0.585044741631
        },
        "probability": 0.585044741631,
        "value": "not_happy"
    },
    "mood_party": {
        "all": {
            "not_party": 0.227692365646,
            "party": 0.772307634354
        },
        "probability": 0.772307634354,
        "value": "party"
    },
    "mood_relaxed": {
        "all": {
            "not_relaxed": 0.41701939702,
            "relaxed": 0.582980573177
        },
        "probability": 0.582980573177,
        "value": "relaxed"
    },
    "mood_sad": {
        "all": {
            "not_sad": 0.627966344357,
            "sad": 0.372033655643
        },
        "probability": 0.627966344357,
        "value": "not_sad"
    },
    "moods_mirex": {
        "all": {
            "Cluster1": 0.193248480558,
            "Cluster2": 0.367475032806,
            "Cluster3": 0.0961925387383,
            "Cluster4": 0.166288539767,
            "Cluster5": 0.176795393229
        },
        "probability": 0.367475032806,
        "value": "Cluster2"
    },
    "timbre": {
        "all": {
            "bright": 0.993278324604,
            "dark": 0.0067216870375
        },
        "probability": 0.993278324604,
        "value": "bright"
    },
    "tonal_atonal": {
        "all": {
            "atonal": 0.432848513126,
            "tonal": 0.567151486874
        },
        "probability": 0.567151486874,
        "value": "tonal"
    },
    "voice_instrumental": {
        "all": {
            "instrumental": 0.00369627773762,
            "voice": 0.996303737164
        },
        "probability": 0.996303737164,
        "value": "voice"
    }
},
"lowlevel": {
    "average_loudness": 0.975823223591,
    "barkbands_crest": {
        "dmean": 2.96533107758,
        "dmean2": 4.2941365242,
        "dvar": 9.55681419373,
        "dvar2": 20.7149085999,
        "max": 26.3432102203,
        "mean": 14.5873804092,
        "median": 14.3570404053,
        "min": 2.4810090065,
        "var": 38.9952392578
    },
    "barkbands_flatness_db": {
        "dmean": 0.0338212288916,
        "dmean2": 0.0440143421292,
        "dvar": 0.0013580841478,
        "dvar2": 0.00249837082811,
        "max": 0.550729334354,
        "mean": 0.189927190542,
        "median": 0.172223195434,
        "min": 0.0293694268912,
        "var": 0.00725145032629
    },
    "barkbands_kurtosis": {
        "dmean": 12.5328493118,
        "dmean2": 16.9640102386,
        "dvar": 1559.09436035,
        "dvar2": 2838.66821289,
        "max": 1025.99304199,
        "mean": 25.988079071,
        "median": 4.93554782867,
        "min": -1.7828040123,
        "var": 5631.38867188
    },
    "barkbands_skewness": {
        "dmean": 0.999908745289,
        "dmean2": 1.33198678493,
        "dvar": 1.76741707325,
        "dvar2": 3.02075695992,
        "max": 25.2888355255,
        "mean": 3.10927605629,
        "median": 2.17607593536,
        "min": -3.12148189545,
        "var": 10.2621774673
    },
    "barkbands_spread": {
        "dmean": 7.93278551102,
        "dmean2": 11.9325666428,
        "dvar": 132.447372437,
        "dvar2": 302.608093262,
        "max": 93.5505065918,
        "mean": 19.7956733704,
        "median": 17.3674545288,
        "min": 0.138818174601,
        "var": 236.680557251
    },
    "dissonance": {
        "dmean": 0.0213757380843,
        "dmean2": 0.0348175764084,
        "dvar": 0.000386602448998,
        "dvar2": 0.000956568750553,
        "max": 0.499993830919,
        "mean": 0.453783363104,
        "median": 0.45866638422,
        "min": 0.266705572605,
        "var": 0.00108964310493
    },
    "dynamic_complexity": 2.94616007805,
    "erbbands_crest": {
        "dmean": 2.62318086624,
        "dmean2": 4.09510421753,
        "dvar": 7.02395057678,
        "dvar2": 17.096364975,
        "max": 27.4421539307,
        "mean": 9.74117660522,
        "median": 9.02787685394,
        "min": 2.57644963264,
        "var": 17.7365150452
    },
    "erbbands_flatness_db": {
        "dmean": 0.018420279026,
        "dmean2": 0.0253877677023,
        "dvar": 0.000483581476146,
        "dvar2": 0.000921284547076,
        "max": 0.425754100084,
        "mean": 0.148737594485,
        "median": 0.141010582447,
        "min": 0.0629042237997,
        "var": 0.00228448701091
    },
    "erbbands_kurtosis": {
        "dmean": 1.01689875126,
        "dmean2": 1.50683832169,
        "dvar": 2.82615923882,
        "dvar2": 6.41787338257,
        "max": 24.4885368347,
        "mean": 0.603630721569,
        "median": -0.227330684662,
        "min": -1.76060676575,
        "var": 6.25064849854
    },
    "erbbands_skewness": {
        "dmean": 0.395019769669,
        "dmean2": 0.595688581467,
        "dvar": 0.20019030571,
        "dvar2": 0.457835495472,
        "max": 4.34220123291,
        "mean": 0.577345967293,
        "median": 0.550442159176,
        "min": -2.15822339058,
        "var": 0.583087086678
    },
    "erbbands_spread": {
        "dmean": 11.0394830704,
        "dmean2": 16.5302734375,
        "dvar": 178.923217773,
        "dvar2": 421.767669678,
        "max": 155.418167114,
        "mean": 48.5880432129,
        "median": 48.1115531921,
        "min": 3.72821545601,
        "var": 498.086090088
    },
    "hfc": {
        "dmean": 16.4331512451,
        "dmean2": 26.2501659393,
        "dvar": 1220.17626953,
        "dvar2": 3105.98095703,
        "max": 210.746109009,
        "mean": 23.603187561,
        "median": 14.4612255096,
        "min": 0.00103059841786,
        "var": 1112.68933105
    },
    "melbands_crest": {
        "dmean": 3.70279765129,
        "dmean2": 5.27636766434,
        "dvar": 14.7246332169,
        "dvar2": 31.6170749664,
        "max": 37.7662086487,
        "mean": 20.8922786713,
        "median": 20.3877983093,
        "min": 3.11109805107,
        "var": 68.9204940796
    },
    "melbands_flatness_db": {
        "dmean": 0.0406377799809,
        "dmean2": 0.0521230585873,
        "dvar": 0.00220063445158,
        "dvar2": 0.00404488155618,
        "max": 0.665811657906,
        "mean": 0.241083934903,
        "median": 0.220054790378,
        "min": 0.0263689365238,
        "var": 0.012472233735
    },
    "melbands_kurtosis": {
        "dmean": 26.980758667,
        "dmean2": 38.0483283997,
        "dvar": 4202.7734375,
        "dvar2": 7954.66210938,
        "max": 1500.21166992,
        "mean": 55.035358429,
        "median": 17.9150791168,
        "min": -1.66808497906,
        "var": 12611.9150391
    },
    "melbands_skewness": {
        "dmean": 1.33223593235,
        "dmean2": 1.8994165659,
        "dvar": 3.57396697998,
        "dvar2": 7.43601512909,
        "max": 30.8469600677,
        "mean": 4.61625623703,
        "median": 3.51129245758,
        "min": -1.7184664011,
        "var": 14.4931087494
    },
    "melbands_spread": {
        "dmean": 10.0648393631,
        "dmean2": 15.5474271774,
        "dvar": 320.877410889,
        "dvar2": 759.666015625,
        "max": 180.703445435,
        "mean": 19.2869606018,
        "median": 13.9200220108,
        "min": 0.18327178061,
        "var": 488.367980957
    },
    "pitch_salience": {
        "dmean": 0.0794306173921,
        "dmean2": 0.110149368644,
        "dvar": 0.00822395924479,
        "dvar2": 0.0154684958979,
        "max": 0.848676264286,
        "mean": 0.432711780071,
        "median": 0.440570622683,
        "min": 0.0262386146933,
        "var": 0.0434943065047
    },
    "silence_rate_20dB": {
        "dmean": 0,
        "dmean2": 0,
        "dvar": 0,
        "dvar2": 0,
        "max": 1,
        "mean": 1,
        "median": 1,
        "min": 1,
        "var": 0
    },
    "silence_rate_30dB": {
        "dmean": 0.0588235296309,
        "dmean2": 0.117738187313,
        "dvar": 0.0553634576499,
        "dvar2": 0.105425134301,
        "max": 1,
        "mean": 0.866202652454,
        "median": 1,
        "min": 0,
        "var": 0.115894146264
    },
    "silence_rate_60dB": {
        "dmean": 0.0379256978631,
        "dmean2": 0.075135551393,
        "dvar": 0.0364871583879,
        "dvar2": 0.0772364735603,
        "max": 1,
        "mean": 0.0610982216895,
        "median": 0,
        "min": 0,
        "var": 0.0573657490313
    },
    "spectral_centroid": {
        "dmean": 355.914245605,
        "dmean2": 527.781738281,
        "dvar": 236774.53125,
        "dvar2": 495243.25,
        "max": 4888.60986328,
        "mean": 1380.26843262,
        "median": 1202.12011719,
        "min": 129.760879517,
        "var": 646740.6875
    },
    "spectral_complexity": {
        "dmean": 5.4636220932,
        "dmean2": 8.19364833832,
        "dvar": 62.8526878357,
        "dvar2": 111.321212769,
        "max": 60,
        "mean": 14.6179428101,
        "median": 12,
        "min": 0,
        "var": 127.659111023
    },
    "spectral_decrease": {
        "dmean": 2.86514900694e-09,
        "dmean2": 3.42766193207e-09,
        "dvar": 1.63513076479e-17,
        "dvar2": 1.84220914457e-17,
        "max": -1.55338646135e-13,
        "mean": -1.1454339699e-08,
        "median": -7.68666197359e-09,
        "min": -4.07743954156e-08,
        "var": 1.16616505093e-16
    },
    "spectral_energy": {
        "dmean": 0.0116314748302,
        "dmean2": 0.0141602363437,
        "dvar": 0.000253569334745,
        "dvar2": 0.000319558981573,
        "max": 0.156936556101,
        "mean": 0.0453721657395,
        "median": 0.0311976931989,
        "min": 7.02911961525e-07,
        "var": 0.00172152649611
    },
    "spectral_energyband_high": {
        "dmean": 0.00147380062845,
        "dmean2": 0.00238309591077,
        "dvar": 1.04226191979e-05,
        "dvar2": 2.62430858129e-05,
        "max": 0.0191105958074,
        "mean": 0.00156844907906,
        "median": 0.000533158949111,
        "min": 3.06861593913e-08,
        "var": 9.17593843042e-06
    },
    "spectral_energyband_low": {
        "dmean": 0.00899685639888,
        "dmean2": 0.0112765077502,
        "dvar": 0.0002823851828,
        "dvar2": 0.00035222855513,
        "max": 0.144350349903,
        "mean": 0.0325419232249,
        "median": 0.0157981961966,
        "min": 1.91668814153e-08,
        "var": 0.00162285519764
    },
    "spectral_energyband_middle_high": {
        "dmean": 0.00276802224107,
        "dmean2": 0.00455073500052,
        "dvar": 3.32779345626e-05,
        "dvar2": 8.60982472659e-05,
        "max": 0.0431124418974,
        "mean": 0.00374480942264,
        "median": 0.00188677711412,
        "min": 1.34513342687e-08,
        "var": 3.19762912113e-05
    },
    "spectral_energyband_middle_low": {
        "dmean": 0.00501450430602,
        "dmean2": 0.00836075562984,
        "dvar": 0.000157764341566,
        "dvar2": 0.000429104169598,
        "max": 0.0897490158677,
        "mean": 0.00901442579925,
        "median": 0.0074122059159,
        "min": 2.78019882671e-07,
        "var": 0.000123626930872
    },
    "spectral_entropy": {
        "dmean": 0.212710678577,
        "dmean2": 0.297968447208,
        "dvar": 0.063622392714,
        "dvar2": 0.111575953662,
        "max": 8.56921482086,
        "mean": 7.59052658081,
        "median": 7.58480262756,
        "min": 5.53067541122,
        "var": 0.214670151472
    },
    "spectral_flux": {
        "dmean": 0.0364983454347,
        "dmean2": 0.0482969880104,
        "dvar": 0.00169154361356,
        "dvar2": 0.00237767002545,
        "max": 0.367382615805,
        "mean": 0.0946271419525,
        "median": 0.0659085065126,
        "min": 0.00127605034504,
        "var": 0.00632819347084
    },
    "spectral_kurtosis": {
        "dmean": 1.24175405502,
        "dmean2": 1.97819530964,
        "dvar": 3.06423974037,
        "dvar2": 7.11538553238,
        "max": 29.8997459412,
        "mean": 3.07354950905,
        "median": 2.42702531815,
        "min": -0.257342576981,
        "var": 6.77317333221
    },
    "spectral_rms": {
        "dmean": 0.000902453262825,
        "dmean2": 0.0010861341143,
        "dvar": 1.33447201733e-06,
        "dvar2": 1.71565181972e-06,
        "max": 0.0123737156391,
        "mean": 0.00587196834385,
        "median": 0.00551695330068,
        "min": 2.61871682596e-05,
        "var": 9.78544812824e-06
    },
    "spectral_rolloff": {
        "dmean": 807.880065918,
        "dmean2": 1327.63696289,
        "dvar": 2259944.75,
        "dvar2": 4897696,
        "max": 13070.6542969,
        "mean": 1393.87854004,
        "median": 667.529296875,
        "min": 43.06640625,
        "var": 3854626.25
    },
    "spectral_skewness": {
        "dmean": 0.215699464083,
        "dmean2": 0.317365676165,
        "dvar": 0.048996347934,
        "dvar2": 0.0943404585123,
        "max": 3.63738703728,
        "mean": 1.41959393024,
        "median": 1.385409832,
        "min": 0.0954773947597,
        "var": 0.216351643205
    },
    "spectral_spread": {
        "dmean": 709219.25,
        "dmean2": 1049699.875,
        "dvar": 642959671296,
        "dvar2": 1.4257389568e+12,
        "max": 12016933,
        "mean": 5670274,
        "median": 5733429,
        "min": 1408946.25,
        "var": 2.14403710976e+12
    },
    "spectral_strongpeak": {
        "dmean": 0.258741825819,
        "dmean2": 0.416836500168,
        "dvar": 0.162640467286,
        "dvar2": 0.389058083296,
        "max": 3.87941122055,
        "mean": 0.704419672489,
        "median": 0.54525244236,
        "min": 0,
        "var": 0.348654359579
    },
    "zerocrossingrate": {
        "dmean": 0.0167512223125,
        "dmean2": 0.0192502327263,
        "dvar": 0.000429085775977,
        "dvar2": 0.000516044849064,
        "max": 0.341796875,
        "mean": 0.0587312094867,
        "median": 0.0498046875,
        "min": 0.001953125,
        "var": 0.00233950768597
    },
    "barkbands": {
        "dmean": [0.000871628813911, 0.0079421652481, 0.00545954238623, 0.00292181177065, 0.00112795329187, 0.000418606156018, 0.000717574846931, 0.000569191819523, 0.000706392165739, 0.000432076805737, 0.000544653448742, 0.00042256427696, 0.000335594115313, 0.000295947509585, 0.00032795581501, 0.000132025423227, 0.000265607930487, 0.000213033184991, 0.000318233360304, 0.000200805443455, 0.000266505667241, 0.000278239982435, 0.000314048142172, 0.000241937843384, 0.000212121929508, 0.000147462473251, 2.25455139002e-07],
        "dmean2": [0.000894524273463, 0.00983194075525, 0.00864779949188, 0.00526434043422, 0.00203549512662, 0.000639937235974, 0.00106280506589, 0.000843360205181, 0.00100414257031, 0.000717282295227, 0.00085607211804, 0.000675174989738, 0.000560806074645, 0.000498253561091, 0.000556288228836, 0.000223167357035, 0.000470262632007, 0.000355988071533, 0.000552492332645, 0.000335245043971, 0.00043036576244, 0.000446920981631, 0.000510378391482, 0.000395667215344, 0.000359263125574, 0.000250545825111, 4.01253316795e-07],
        "dvar": [2.69010388365e-06, 0.000236657753703, 0.000283508503344, 0.000104977734736, 1.0562085663e-05, 5.40043629371e-07, 1.90594369087e-06, 1.82352380307e-06, 1.72362990725e-06, 8.23948823836e-07, 1.94363519768e-06, 1.16796127259e-06, 5.80401490424e-07, 4.50716754585e-07, 5.80716232434e-07, 9.92890889506e-08, 5.88794478062e-07, 1.70020101109e-07, 6.06533262726e-07, 1.96913163109e-07, 3.38844785119e-07, 3.28167317321e-07, 4.87598981636e-07, 2.72422767011e-07, 2.41854621663e-07, 1.53036978645e-07, 6.53443011506e-13],
        "dvar2": [2.97777182823e-06, 0.00030182491173, 0.00064443750307, 0.000295249046758, 3.07864102069e-05, 1.17986348869e-06, 3.84470422432e-06, 4.20747028329e-06, 3.26861868416e-06, 2.17183264795e-06, 4.82065888718e-06, 2.87715579361e-06, 1.52458733282e-06, 1.18023672258e-06, 1.55991494921e-06, 2.61583863903e-07, 1.69082818502e-06, 4.48439720913e-07, 1.65811559327e-06, 5.07289712459e-07, 8.49252216995e-07, 8.15389398667e-07, 1.22561846183e-06, 6.77254661241e-07, 6.41183817152e-07, 3.98641333277e-07, 1.7833439803e-12],
        "max": [0.0171211920679, 0.132648468018, 0.103825010359, 0.0787789821625, 0.0256965458393, 0.00841346103698, 0.0236406940967, 0.0238338969648, 0.0178534965962, 0.00871108938009, 0.0143344542012, 0.017247127369, 0.00726890051737, 0.00690010329708, 0.00667865900323, 0.00347989122383, 0.00912561547011, 0.00296742958017, 0.00681269587949, 0.00407763384283, 0.00407086592168, 0.00415945379063, 0.00474450970069, 0.00393914943561, 0.00311871757731, 0.00281163817272, 9.55456744123e-06],
        "mean": [0.00171776732896, 0.0247629117221, 0.00464823190123, 0.00265033496544, 0.0011950393673, 0.000844569061883, 0.00163948326372, 0.000865785055794, 0.00165292341262, 0.00053141504759, 0.000660860969219, 0.000512850645464, 0.000396907242248, 0.000330111477524, 0.000318729726132, 0.000129922627821, 0.000255197985098, 0.000253359787166, 0.000314305565553, 0.000218028304516, 0.000268444186077, 0.000324222113704, 0.000313535449095, 0.000245285453275, 0.000200899579795, 0.000120900840557, 1.47746547441e-07],
        "median": [8.87042187969e-05, 0.00706979446113, 0.000143942816067, 0.000304662331473, 0.000467149773613, 0.000452288339147, 0.000888546404894, 0.000295653997455, 0.000336686964147, 0.000151084299432, 9.53400885919e-05, 0.000103064558061, 0.000110499429866, 8.68108909344e-05, 8.5808118456e-05, 3.62069331459e-05, 6.78976939525e-05, 0.000102292295196, 0.000114791117085, 5.02303155372e-05, 6.25546017545e-05, 0.000102605925349, 8.54281533975e-05, 6.67947533657e-05, 6.21342478553e-05, 2.17969663936e-05, 8.81132111719e-10],
        "min": [3.86449788836e-10, 1.84553816673e-09, 1.00985442231e-09, 2.28627658472e-10, 1.09585873709e-09, 5.53816681403e-09, 2.54907721597e-08, 4.46259196263e-10, 8.89315787678e-10, 1.09748121702e-09, 1.23426879828e-09, 6.28292640137e-10, 3.67996688677e-10, 4.08933109597e-09, 3.6081290733e-10, 4.16141565651e-10, 1.33236177646e-09, 1.98685357056e-09, 1.43909861805e-09, 1.43150358234e-09, 7.09413028321e-10, 6.75911326908e-10, 2.43668529798e-09, 1.13761489118e-09, 3.01783272851e-12, 4.72981593128e-12, 6.15072099155e-12],
        "var": [1.11766885311e-05, 0.00112378213089, 0.000265491427854, 6.45515101496e-05, 6.73764770909e-06, 1.24543862512e-06, 4.54356722912e-06, 3.20930303133e-06, 7.92239006842e-06, 1.02906108168e-06, 2.47811726695e-06, 1.45338310631e-06, 6.27695328603e-07, 4.78194635889e-07, 4.52794239436e-07, 8.0573997252e-08, 3.72225969159e-07, 1.59574170766e-07, 4.32711971143e-07, 1.82933391102e-07, 3.139161322e-07, 3.32804802383e-07, 4.30530604945e-07, 2.44345955025e-07, 1.85703939337e-07, 1.1388814869e-07, 4.21183406077e-13]
    },
    "erbbands": {
        "dmean": [0.313273012638, 1.98892688751, 5.66748380661, 8.42611217499, 5.95047521591, 3.36489796638, 2.71879053116, 3.79514074326, 8.37962627411, 12.3305673599, 12.09263134, 16.8513393402, 13.3953704834, 14.2996988297, 26.1584243774, 13.9805727005, 15.2582054138, 14.8286800385, 21.0446109772, 8.73513793945, 7.84099721909, 14.9493579865, 11.3007335663, 17.4788208008, 12.39249897, 10.1522483826, 10.0447683334, 10.3579902649, 10.4814519882, 9.1350069046, 9.04453849792, 5.65026473999, 3.96031498909, 2.37756109238, 1.49382996559, 0.747516214848, 0.253904700279, 0.024641379714, 0.000472055689897, 3.62779464922e-05],
        "dmean2": [0.312251925468, 2.36578178406, 8.05002212524, 14.2356758118, 10.657242775, 5.89169025421, 4.43486070633, 5.72048282623, 12.2885217667, 17.7772922516, 17.8982906342, 23.4871120453, 21.8357868195, 23.0459423065, 42.4372596741, 21.8984546661, 25.0334625244, 25.2777442932, 35.3873100281, 14.6759519577, 13.2485599518, 26.5900859833, 18.7814750671, 30.9002342224, 20.6724414825, 16.9295215607, 16.5183601379, 16.6470184326, 17.0812492371, 14.3992805481, 14.7742557526, 9.10340023041, 6.54415464401, 3.95328640938, 2.55694079399, 1.27324712276, 0.433651179075, 0.0428474284708, 0.000813332851976, 5.75789345021e-05],
        "dvar": [0.320589601994, 15.788687706, 252.063415527, 756.321533203, 403.343505859, 57.6648483276, 27.04271698, 46.0320587158, 319.237884521, 578.814453125, 818.485168457, 923.724914551, 871.582336426, 937.063171387, 4706.02392578, 910.923156738, 1160.41625977, 1140.88830566, 2564.05615234, 309.437896729, 376.316986084, 2075.29907227, 452.757629395, 2046.55249023, 713.93157959, 527.064575195, 488.183837891, 532.730285645, 502.552093506, 327.664245605, 437.558959961, 148.504348755, 77.7169647217, 30.2649841309, 12.1448287964, 3.31660437584, 0.488974332809, 0.00595135660842, 1.9131564386e-06, 6.13458883691e-09],
        "dvar2": [0.240774869919, 21.9272975922, 529.091186523, 1934.6036377, 1137.94152832, 164.237060547, 70.7946395874, 98.0807723999, 696.823913574, 1128.93847656, 1894.36730957, 1714.76977539, 2241.21044922, 2382.1262207, 11881.3173828, 2134.6394043, 3007.24462891, 3089.72460938, 6822.16113281, 813.698486328, 978.378417969, 5993.67480469, 1200.23327637, 5677.14697266, 1868.35339355, 1338.85510254, 1242.9440918, 1329.80126953, 1277.04833984, 804.698303223, 1104.67675781, 356.682830811, 202.5181427, 80.0088119507, 32.5096855164, 8.55739212036, 1.29486584663, 0.0160782206804, 5.12258111485e-06, 1.59863713378e-08],
        "max": [5.13812160492, 33.4723396301, 111.16897583, 207.326004028, 151.99671936, 59.9402656555, 63.5836715698, 83.6076965332, 278.664093018, 403.989685059, 393.644470215, 426.243743896, 280.916320801, 294.640686035, 653.3203125, 393.942657471, 343.071289062, 325.887542725, 462.253509521, 126.894569397, 202.720428467, 532.294189453, 167.556411743, 322.592102051, 258.308868408, 203.834091187, 152.570266724, 161.009536743, 158.692993164, 119.56401062, 144.733428955, 82.9233551025, 67.7299880981, 37.2463226318, 22.2541732788, 13.9065694809, 4.75673103333, 0.568938076496, 0.00973674282432, 0.000624460342806],
        "mean": [0.925623893738, 4.63622713089, 6.04588127136, 7.68446588516, 5.96120405197, 4.07379198074, 4.4744052887, 7.87796497345, 17.1018638611, 28.0203838348, 20.6042785645, 39.5985336304, 20.3198738098, 19.7982978821, 31.8610706329, 18.2258262634, 19.090921402, 17.1665058136, 20.184047699, 9.54925537109, 7.56946563721, 14.2194824219, 14.8712005615, 15.7593717575, 14.7468156815, 10.7912988663, 10.3678684235, 10.2638301849, 11.362030983, 11.3132133484, 8.52756690979, 5.50601434708, 3.96092438698, 2.35850524902, 1.35024917126, 0.628417134285, 0.206903800368, 0.0181501023471, 0.000380841171136, 7.30678875698e-05],
        "median": [0.260760366917, 0.87103164196, 0.56700861454, 1.16978514194, 1.67943620682, 1.262758255, 2.44101166725, 4.54721355438, 5.70827102661, 14.1727828979, 8.34784317017, 9.05259895325, 5.4284029007, 6.83066654205, 6.24486923218, 4.99699401855, 5.43622159958, 5.2441983223, 5.16121768951, 3.39161276817, 2.08342981339, 4.48089742661, 6.48425149918, 4.95819234848, 6.19157361984, 2.60155367851, 2.61572051048, 2.15525579453, 2.97601461411, 3.79639387131, 1.937743783, 1.20795345306, 1.09921824932, 0.773725450039, 0.325060248375, 0.117018833756, 0.0370070748031, 0.00190456630662, 6.73356771586e-05, 4.4260519644e-05],
        "min": [1.49971597807e-07, 4.81713186673e-07, 2.5225722311e-06, 1.21551022403e-06, 1.41558632549e-06, 7.73624105932e-06, 3.14888784487e-05, 5.51491466467e-05, 0.000363765779184, 0.000278859341051, 0.000377872987883, 3.29075373884e-05, 2.75181846519e-05, 4.01741126552e-05, 3.12138217851e-05, 3.04919176415e-05, 2.3624726964e-05, 0.000113215981401, 0.00013005627261, 2.00917111215e-05, 3.09080278384e-05, 8.44576497911e-05, 0.000104330392787, 7.64926953707e-05, 7.09815867594e-05, 6.7359287641e-05, 4.38965471403e-05, 2.33378468693e-05, 2.1674677555e-05, 6.17591649643e-05, 6.42647428322e-05, 4.18552626797e-05, 2.3878788852e-05, 8.82383938006e-06, 1.37682980039e-06, 3.62843394441e-07, 1.65410455111e-07, 2.38932447161e-08, 5.60852209119e-09, 2.88867196829e-09],
        "var": [1.98710715771, 50.2034492493, 297.47833252, 569.044250488, 251.974639893, 49.7224731445, 34.4817276001, 99.6134109497, 801.903076172, 1421.34228516, 1616.88208008, 4749.50732422, 1485.10290527, 1284.0892334, 5492.05273438, 1231.51281738, 1340.02453613, 1196.32873535, 1999.74743652, 280.076843262, 302.146057129, 1247.15893555, 455.23260498, 1341.79296875, 628.463012695, 496.375183105, 450.029907227, 491.42791748, 473.723815918, 358.544281006, 375.191619873, 140.184295654, 64.2038269043, 23.8262691498, 9.17064285278, 2.54306387901, 0.352144747972, 0.00402771355584, 1.3360011053e-06, 7.17783787962e-09]
    },
    "gfcc": {
        "mean": [-14.4800806046, 68.4041519165, -107.618423462, 32.1680450439, -70.0026779175, 21.642250061, -34.1647567749, 17.4535942078, -18.7373828888, 6.63791036606, -10.609003067, 2.12921047211, -17.3010692596],
        "cov": [[8231.53027344, -824.005737305, 670.713989258, 86.0252304077, -168.072967529, 364.64743042, -247.400375366, 361.908752441, -440.979095459, 357.123291016, -458.32522583, 137.739761353, -277.809692383], [-824.005737305, 2315.60253906, 535.044067383, 307.745025635, 591.452209473, 163.826187134, 537.342407227, 29.1194095612, 539.589355469, -59.3455657959, 414.491973877, -49.543762207, 181.53163147], [670.713989258, 535.044067383, 1416.64892578, 485.820251465, 486.028839111, 286.633209229, 156.90852356, 198.919052124, 134.279693604, 140.11050415, 42.9703979492, 64.5947723389, -76.2770462036], [86.0252304077, 307.745025635, 485.820251465, 752.765686035, 376.364685059, 94.2555236816, 281.47164917, 69.2113037109, 259.191009521, 82.1568222046, 125.54057312, -15.3146524429, 59.0125045776], [-168.072967529, 591.452209473, 486.028839111, 376.364685059, 605.435241699, 216.3409729, 320.206665039, 99.0570678711, 241.380950928, 73.1782455444, 122.235237122, 26.4931964874, 75.8362426758], [364.64743042, 163.826187134, 286.633209229, 94.2555236816, 216.3409729, 370.476135254, 267.741790771, 137.776535034, 102.302864075, 81.7272491455, 89.7276763916, 54.3178939819, 36.4461364746], [-247.400375366, 537.342407227, 156.90852356, 281.47164917, 320.206665039, 267.741790771, 686.55090332, 178.109191895, 334.009735107, 90.49634552, 277.920501709, 81.9214324951, 137.456634521], [361.908752441, 29.1194095612, 198.919052124, 69.2113037109, 99.0570678711, 137.776535034, 178.109191895, 251.313751221, 90.1251678467, 121.890258789, 68.4435272217, 75.1885757446, 36.0922393799], [-440.979095459, 539.589355469, 134.279693604, 259.191009521, 241.380950928, 102.302864075, 334.009735107, 90.1251678467, 383.303131104, 81.6627883911, 218.181182861, 35.852645874, 118.730422974], [357.123291016, -59.3455657959, 140.11050415, 82.1568222046, 73.1782455444, 81.7272491455, 90.49634552, 121.890258789, 81.6627883911, 210.695632935, 45.1908798218, 45.6393470764, 24.679731369], [-458.32522583, 414.491973877, 42.9703979492, 125.54057312, 122.235237122, 89.7276763916, 277.920501709, 68.4435272217, 218.181182861, 45.1908798218, 255.855575562, 48.4661064148, 102.79901886], [137.739761353, -49.543762207, 64.5947723389, -15.3146524429, 26.4931964874, 54.3178939819, 81.9214324951, 75.1885757446, 35.852645874, 45.6393470764, 48.4661064148, 146.622146606, 46.750579834], [-277.809692383, 181.53163147, -76.2770462036, 59.0125045776, 75.8362426758, 36.4461364746, 137.456634521, 36.0922393799, 118.730422974, 24.679731369, 102.79901886, 46.750579834, 155.049468994]],
        "icov": [[0.000209014411666, -0.000159126764629, 8.48479321576e-05, -0.000266969174845, 0.000246966199484, -0.00032285877387, 3.66874992324e-05, -0.000217856199015, 0.000286230322672, -0.000382071884815, 0.00054861541139, -0.000366341730114, 0.000265798618784], [-0.000159126764629, 0.00135374313686, -0.000735100649763, 0.00101583462674, -0.000885806162842, 0.000731651787646, -0.000273525598459, 0.000473082385724, -0.00124081305694, 0.00119955895934, -0.0016203103587, 0.00157818139996, -0.000867051654495], [8.48479321576e-05, -0.000735100649763, 0.00199445779435, -0.00134133500978, -0.000436398637248, -0.00113874278031, 0.000906703004148, -0.000972169626039, 0.00068617600482, -0.000656456279103, 0.000539812201168, -0.00167675048579, 0.0021346968133], [-0.000266969174845, 0.00101583462674, -0.00134133500978, 0.00349919614382, -0.00142777885776, 0.00157241907436, -0.000925433298107, 0.000865859736223, -0.00182313483674, 0.000654560979456, -0.00117628660519, 0.00236088805832, -0.00135183834936], [0.000246966199484, -0.000885806162842, -0.000436398637248, -0.00142777885776, 0.00447196234018, -0.00155082927085, -0.000594080018345, 0.000106665553176, -0.000173882770468, -0.00078365940135, 0.00233584083617, -0.000745687400922, -0.000578516919632], [-0.00032285877387, 0.000731651787646, -0.00113874278031, 0.00157241907436, -0.00155082927085, 0.00581297138706, -0.0020265399944, -0.000375144882128, 5.57255007152e-05, 0.000363092171028, -0.00132047617808, 0.00127311085816, -0.000926581735257], [3.66874992324e-05, -0.000273525598459, 0.000906703004148, -0.000925433298107, -0.000594080018345, -0.0020265399944, 0.00455078342929, -0.00147676619235, -0.00101462705061, 0.000477891677292, -0.002015335951, -0.000973176851403, 0.000591032207012], [-0.000217856199015, 0.000473082385724, -0.000972169626039, 0.000865859736223, 0.000106665553176, -0.000375144882128, -0.00147676619235, 0.00784627441317, -0.000622177147307, -0.00236733444035, -0.00036409785389, -0.000910684466362, -0.000864028232172], [0.000286230322672, -0.00124081305694, 0.00068617600482, -0.00182313483674, -0.000173882770468, 5.57255007152e-05, -0.00101462705061, -0.000622177147307, 0.00870528630912, -0.00245337490924, -0.00195213442203, -0.000804432318546, -0.000625466462225], [-0.000382071884815, 0.00119955895934, -0.000656456279103, 0.000654560979456, -0.00078365940135, 0.000363092171028, 0.000477891677292, -0.00236733444035, -0.00245337490924, 0.0084323277697, -0.00170674349647, 0.000880911829881, -0.000833285099361], [0.00054861541139, -0.0016203103587, 0.000539812201168, -0.00117628660519, 0.00233584083617, -0.00132047617808, -0.002015335951, -0.00036409785389, -0.00195213442203, -0.00170674349647, 0.0125758806244, -0.00284768198617, -0.00108011532575], [-0.000366341730114, 0.00157818139996, -0.00167675048579, 0.00236088805832, -0.000745687400922, 0.00127311085816, -0.000973176851403, -0.000910684466362, -0.000804432318546, 0.000880911829881, -0.00284768198617, 0.0115629741922, -0.00421001855284], [0.000265798618784, -0.000867051654495, 0.0021346968133, -0.00135183834936, -0.000578516919632, -0.000926581735257, 0.000591032207012, -0.000864028232172, -0.000625466462225, -0.000833285099361, -0.00108011532575, -0.00421001855284, 0.012280670926]]
    },
    "melbands": {
        "dmean": [0.00225979764946, 0.00249145552516, 0.0013191611506, 0.000320050952723, 0.000100640587334, 8.23132504593e-05, 0.000133129797177, 0.000129920619656, 0.000107426356408, 0.000101053345134, 6.73322792863e-05, 5.59050095035e-05, 8.66573536769e-05, 5.259360114e-05, 3.21304651152e-05, 3.19119571941e-05, 2.69097781711e-05, 3.56306736649e-05, 1.85570552276e-05, 8.71346946951e-06, 8.98364669411e-06, 1.53711116582e-05, 1.29762092911e-05, 1.06214883999e-05, 1.51472549987e-05, 1.1494532373e-05, 7.07786148268e-06, 6.52238077237e-06, 5.99282520852e-06, 5.90352965446e-06, 6.39854670226e-06, 6.13987094766e-06, 5.23958988197e-06, 5.22335813002e-06, 5.50866934645e-06, 4.30729824075e-06, 3.39512280334e-06, 3.1001966363e-06, 2.0749118903e-06, 2.09177824217e-06],
        "dmean2": [0.00254512229003, 0.0030279753264, 0.00215967954136, 0.000574641569983, 0.000164315075381, 0.000124454134493, 0.00019523469382, 0.000187169600395, 0.000156732668984, 0.000143245619256, 0.000110520617454, 9.06166969799e-05, 0.000138990726555, 8.48111521918e-05, 4.93082552566e-05, 5.46617120563e-05, 4.54903929494e-05, 6.02246545895e-05, 3.13586897391e-05, 1.47104574353e-05, 1.51841313709e-05, 2.76931350527e-05, 2.17243286897e-05, 1.81619743671e-05, 2.69763477263e-05, 1.9505572709e-05, 1.16974924822e-05, 1.09476886792e-05, 9.99755957309e-06, 9.52276059252e-06, 1.04500240923e-05, 1.01528630694e-05, 8.25639563118e-06, 8.32622208691e-06, 8.98351845535e-06, 6.94418986313e-06, 5.4992897276e-06, 5.15084411745e-06, 3.41785607816e-06, 3.51922017217e-06],
        "dvar": [1.68467740878e-05, 3.32350828103e-05, 1.70895400515e-05, 9.31464853693e-07, 3.44493926718e-08, 2.10432062886e-08, 7.50019282236e-08, 6.95522146543e-08, 6.43972057901e-08, 3.28015126172e-08, 2.21505285225e-08, 1.3808330479e-08, 5.19437044488e-08, 1.90717184267e-08, 3.71489305984e-09, 6.01911898102e-09, 3.97356947346e-09, 7.60822871371e-09, 1.59146507084e-09, 3.67026409265e-10, 5.48854683924e-10, 2.30646635124e-09, 8.52081183389e-10, 4.71867322993e-10, 1.63495117445e-09, 7.37984173771e-10, 2.03938740895e-10, 2.22990084731e-10, 1.79684628288e-10, 1.50106940766e-10, 2.26899818379e-10, 1.84072035392e-10, 1.00373466483e-10, 1.09226926115e-10, 1.63620311744e-10, 9.22999870978e-11, 5.21413814902e-11, 4.70012015419e-11, 2.04685834254e-11, 2.52427315162e-11],
        "dvar2": [1.55798243213e-05, 5.51833727513e-05, 4.18226409238e-05, 2.68879261967e-06, 9.06756696395e-08, 4.46870558335e-08, 1.58274559681e-07, 1.35634053322e-07, 1.45606321666e-07, 6.49088889304e-08, 5.63549171773e-08, 3.47091315689e-08, 1.31825473204e-07, 4.6868599668e-08, 8.16061884734e-09, 1.66659859246e-08, 1.06895683416e-08, 2.01146530543e-08, 4.2438288439e-09, 9.9845609558e-10, 1.41179024027e-09, 6.66217125911e-09, 2.37357378197e-09, 1.26277566181e-09, 4.56086768352e-09, 1.97553728931e-09, 5.28696642021e-10, 5.65805735597e-10, 4.59663529462e-10, 3.69074631967e-10, 5.80892833835e-10, 4.7056525343e-10, 2.44403552951e-10, 2.75077544076e-10, 4.16771950285e-10, 2.27430324573e-10, 1.2671151628e-10, 1.24017532355e-10, 5.26129695366e-11, 6.81466480468e-11],
        "max": [0.0358974188566, 0.043618068099, 0.0318017043173, 0.00773883750662, 0.0022261121776, 0.00171190162655, 0.00461275503039, 0.0045819170773, 0.00414782296866, 0.0024855742231, 0.00142707431223, 0.00134471419733, 0.00225206674077, 0.00218503223732, 0.000731920823455, 0.000739255221561, 0.000670740322676, 0.000779505819082, 0.000298907543765, 0.000225646406761, 0.000267668772722, 0.000569346535485, 0.000300249317661, 0.00015289564908, 0.000292470329441, 0.000278096325928, 0.000133981448016, 0.000136331989779, 9.98750401777e-05, 9.07757785171e-05, 0.000115341223136, 0.000105554638139, 7.50345061533e-05, 7.28597296984e-05, 8.68238930707e-05, 5.81595595577e-05, 5.20381654496e-05, 4.95973617944e-05, 3.95530041715e-05, 3.62563878298e-05],
        "mean": [0.0075093251653, 0.00425206590444, 0.00132025138009, 0.000344492087606, 0.000163103584782, 0.0001687391632, 0.000281443615677, 0.000278843799606, 0.000189804093679, 0.000238501466811, 9.53703929554e-05, 7.59395334171e-05, 0.000104486127384, 6.52754533803e-05, 4.4183783757e-05, 3.61605270882e-05, 3.05895810015e-05, 3.32772287948e-05, 1.86987545021e-05, 9.17710622161e-06, 8.31290708447e-06, 1.34477004394e-05, 1.63207532751e-05, 1.21445800687e-05, 1.26949753394e-05, 1.2214484741e-05, 8.71091287991e-06, 6.47435126666e-06, 6.06718504059e-06, 6.17775594947e-06, 5.99358190811e-06, 6.19509728494e-06, 6.66984260533e-06, 6.12684834778e-06, 5.18342403666e-06, 3.74408091375e-06, 3.33413549924e-06, 2.95999120681e-06, 2.19293588088e-06, 1.93361756828e-06],
        "median": [0.00231502996758, 0.000858322251588, 0.000202770504984, 0.0001709391654, 9.72747584456e-05, 9.58432792686e-05, 0.00011249549425, 0.000134627844091, 5.31454134034e-05, 5.04494746565e-05, 2.04056341317e-05, 2.46381532634e-05, 1.8375201762e-05, 1.23523814182e-05, 1.20851273095e-05, 1.07833957372e-05, 8.27731946629e-06, 7.20938260201e-06, 5.23534845343e-06, 2.98831855616e-06, 1.9960609734e-06, 3.2906780234e-06, 6.42740769763e-06, 4.59195052827e-06, 3.15282409247e-06, 4.82582800032e-06, 2.62469211521e-06, 1.15975467452e-06, 1.35990467243e-06, 1.35763207254e-06, 1.04117282262e-06, 1.3077328731e-06, 2.19492585529e-06, 1.97530516743e-06, 1.2624474266e-06, 4.66263912813e-07, 7.62093634421e-07, 7.22046650026e-07, 7.29085456896e-07, 5.52946403332e-07],
        "min": [9.26351606534e-10, 1.2256589077e-09, 2.16620665849e-10, 1.68331362738e-10, 1.22283916326e-09, 1.07704400953e-09, 5.58658408423e-09, 2.00300886988e-09, 8.27559520911e-10, 1.41005498944e-10, 1.09151229721e-10, 1.50074938587e-10, 1.32234515005e-10, 6.78484282646e-11, 6.20236778603e-11, 6.07499814342e-11, 2.56920373864e-10, 2.95385466087e-10, 2.11335254852e-11, 2.55334607624e-11, 3.8515156342e-11, 9.0929867802e-11, 8.25746623856e-11, 9.96191393265e-11, 5.54016936494e-11, 6.07935993213e-11, 4.3894960583e-11, 4.39643876859e-11, 3.24633896154e-11, 1.51104823098e-11, 1.30922833338e-11, 1.06695468433e-11, 1.43605275241e-11, 4.85912664272e-11, 4.4847934394e-11, 3.26514206297e-13, 1.92977122997e-12, 1.64034627895e-12, 2.99075068638e-14, 2.23994390066e-14],
