{
"highlevel": {
    "danceability": {
        "all": {
            "danceable": 0.999938309193,
            "not_danceable": 6.1703081883e-05
        },
        "probability": 0.999938309193,
        "value": "danceable"
    },
    "gender": {
        "all": {
            "female": 0.343400359154,
            "male": 0.656599640846
        },
        "probability": 0.656599640846,
        "value": "male"
    },
    "genre_dortmund": {
        "all": {
            "alternative": 0.0225361511111,
            "blues": 0.0319482944906,
            "electronic": 0.102040179074,
            "folkcountry": 0.0489625297487,
            "funksoulrnb": 0.0388888791203,
            "jazz": 0.0500956736505,
            "pop": 0.189832121134,
            "raphiphop": 0.457641512156,
            "rock": 0.0580546446145
        },
        "probability": 0.457641512156,
        "value": "raphiphop"
    },
    "genre_electronic": {
        "all": {
            "ambient": 0.08654974401,
            "dnb": 0.535453140736,
            "house": 0.251290649176,
            "techno": 0.00680997921154,
            "trance": 0.119896508753
        },
        "probability": 0.535453140736,
        "value": "dnb"
    },
    "genre_rosamerica": {
        "all": {
            "cla": 0.00230893003754,
            "dan": 0.135369986296,
            "hip": 0.163507252932,
            "jaz": 0.00373071851209,
            "pop": 0.274394959211,
            "rhy": 0.409791320562,
            "roc": 0.00896588154137,
            "spe": 0.00193092762493
        },
        "probability": 0.409791320562,
        "value": "rhy"
    },
    "genre_tzanetakis": {
        "all": {
            "blu": 0.0622663982213,
            "cla": 0.0345780998468,
            "cou": 0.103735685349,
            "dis": 0.0518908686936,
            "hip": 0.155698984861,
            "jaz": 0.311586618423,
            "met": 0.0519040971994,
            "pop": 0.0622744634748,
            "reg": 0.0622723288834,
            "roc": 0.103792458773
        },
        "probability": 0.311586618423,
        "value": "jaz"
    },
    "ismir04_rhythm": {
        "all": {
            "ChaChaCha": 0.0465475134552,
            "Jive": 0.136480003595,
            "Quickstep": 0.0246354360133,
            "Rumba-American": 0.00897968001664,
            "Rumba-International": 0.0918513089418,
            "Rumba-Misc": 0.0123298773542,
            "Samba": 0.662844002247,
            "Tango": 0.00199691345915,
            "VienneseWaltz": 0.00620897021145,
            "Waltz": 0.00812628492713
        },
        "probability": 0.662844002247,
        "value": "Samba"
    },
    "mood_acoustic": {
        "all": {
            "acoustic": 0.0228663571179,
            "not_acoustic": 0.977133631706
        },
        "probability": 0.977133631706,
        "value": "not_acoustic"
    },
    "mood_aggressive": {
        "all": {
            "aggressive": 0.016155956313,
            "not_aggressive": 0.983844041824
        },
        "probability": 0.983844041824,
        "value": "not_aggressive"
    },
    "mood_electronic": {
        "all": {
            "electronic": 0.469545662403,
            "not_electronic": 0.530454337597
        },
        "probability": 0.530454337597,
        "value": "not_electronic"
    },
    "mood_happy": {
        "all": {
            "happy": 0.598741471767,
            "not_happy": 0.401258528233
        },
        "probability": 0.598741471767,
        "value": "happy"
    },
    "mood_party": {
        "all": {
            "not_party": 0.243054911494,
            "party": 0.756945073605
        },
        "probability": 0.756945073605,
        "value": "party"
    },
    "mood_relaxed": {
        "all": {
            "not_relaxed": 0.833884060383,
            "relaxed": 0.166115954518
        },
        "probability": 0.833884060383,
        "value": "not_relaxed"
    },
    "mood_sad": {
        "all": {
            "not_sad": 0.825995504856,
            "sad": 0.174004510045
        },
        "probability": 0.825995504856,
        "value": "not_sad"
    },
    "moods_mirex": {
        "all": {
            "Cluster1": 0.240392431617,
            "Cluster2": 0.20446203649,
            "Cluster3": 0.285390526056,
            "Cluster4": 0.229163706303,
            "Cluster5": 0.0405913107097
        },
        "probability": 0.285390526056,
        "value": "Cluster3"
    },
    "timbre": {
        "all": {
            "bright": 0.999996960163,
            "dark": 3.02514058603e-06
        },
        "probability": 0.999996960163,
        "value": "bright"
    },
    "tonal_atonal": {
        "all": {
            "atonal": 0.00758193898946,
            "tonal": 0.992418050766
        },
        "probability": 0.992418050766,
        "value": "tonal"
    },
    "voice_instrumental": {
        "all": {
            "instrumental": 0.00855248235166,
            "voice": 0.991447508335
        },
        "probability": 0.991447508335,
        "value": "voice"
    }
},
"lowlevel": {
    "average_loudness": 0.96915191412,
    "barkbands_crest": {
        "dmean": 3.11992645264,
        "dmean2": 4.70598602295,
        "dvar": 7.81765699387,
        "dvar2": 18.8132610321,
        "max": 26.1030082703,
        "mean": 12.5081377029,
        "median": 11.44008255,
        "min": 2.18070912361,
        "var": 33.0923194885
    },
    "barkbands_flatness_db": {
        "dmean": 0.0310015752912,
        "dmean2": 0.043457582593,
        "dvar": 0.000956738309469,
        "dvar2": 0.00192724668887,
        "max": 0.38612639904,
        "mean": 0.161253899336,
        "median": 0.155658572912,
        "min": 0.0333560965955,
        "var": 0.0041663297452
    },
    "barkbands_kurtosis": {
        "dmean": 6.72601461411,
        "dmean2": 10.0649747849,
        "dvar": 205.215316772,
        "dvar2": 448.150177002,
        "max": 231.422042847,
        "mean": 9.33422279358,
        "median": 2.71649932861,
        "min": -1.84820747375,
        "var": 416.912109375
    },
    "barkbands_skewness": {
        "dmean": 0.879524171352,
        "dmean2": 1.25935196877,
        "dvar": 1.0381398201,
        "dvar2": 2.09447646141,
        "max": 12.7506303787,
        "mean": 2.15297913551,
        "median": 1.66654002666,
        "min": -1.59797585011,
        "var": 3.59711956978
    },
    "barkbands_spread": {
        "dmean": 8.75691699982,
        "dmean2": 13.2064304352,
        "dvar": 107.294891357,
        "dvar2": 225.163848877,
        "max": 103.961334229,
        "mean": 23.343580246,
        "median": 19.9073867798,
        "min": 0.602171599865,
        "var": 238.303939819
    },
    "dissonance": {
        "dmean": 0.0272082518786,
        "dmean2": 0.0455731526017,
        "dvar": 0.00064102181932,
        "dvar2": 0.00170361972414,
        "max": 0.49915215373,
        "mean": 0.451850354671,
        "median": 0.459910809994,
        "min": 0.292249470949,
        "var": 0.00129966356326
    },
    "dynamic_complexity": 1.89420962334,
    "erbbands_crest": {
        "dmean": 3.56672215462,
        "dmean2": 5.74509716034,
        "dvar": 10.6299905777,
        "dvar2": 24.7014160156,
        "max": 30.0922145844,
        "mean": 10.1944389343,
        "median": 9.3105506897,
        "min": 2.41084647179,
        "var": 22.4416790009
    },
    "erbbands_flatness_db": {
        "dmean": 0.0214303992689,
        "dmean2": 0.0310635883361,
        "dvar": 0.000387598993257,
        "dvar2": 0.00073143444024,
        "max": 0.26415938139,
        "mean": 0.141799941659,
        "median": 0.139812067151,
        "min": 0.0625275820494,
        "var": 0.00144234113395
    },
    "erbbands_kurtosis": {
        "dmean": 1.36508500576,
        "dmean2": 1.98525130749,
        "dvar": 2.91519784927,
        "dvar2": 6.15815925598,
        "max": 21.4470844269,
        "mean": 1.09394752979,
        "median": 0.201476097107,
        "min": -1.77374064922,
        "var": 7.53149986267
    },
    "erbbands_skewness": {
        "dmean": 0.46632796526,
        "dmean2": 0.711294651031,
        "dvar": 0.201357036829,
        "dvar2": 0.448750942945,
        "max": 2.58063316345,
        "mean": 0.495318830013,
        "median": 0.528624713421,
        "min": -3.43123078346,
        "var": 0.536119699478
    },
    "erbbands_spread": {
        "dmean": 13.627699852,
        "dmean2": 20.2586593628,
        "dvar": 229.543930054,
        "dvar2": 525.843017578,
        "max": 164.887557983,
        "mean": 44.8988113403,
        "median": 41.6629638672,
        "min": 5.17739439011,
        "var": 556.545654297
    },
    "hfc": {
        "dmean": 18.9810276031,
        "dmean2": 30.3685398102,
        "dvar": 1000.10577393,
        "dvar2": 2680.1394043,
        "max": 185.861602783,
        "mean": 30.4955310822,
        "median": 22.2422370911,
        "min": 0.300929129124,
        "var": 961.050292969
    },
    "melbands_crest": {
        "dmean": 4.03484201431,
        "dmean2": 5.84234523773,
        "dvar": 13.781332016,
        "dvar2": 32.6629905701,
        "max": 38.2251396179,
        "mean": 19.2941551208,
        "median": 18.5570316315,
        "min": 3.40975213051,
        "var": 68.2023849487
    },
    "melbands_flatness_db": {
        "dmean": 0.0395144633949,
        "dmean2": 0.0554707795382,
        "dvar": 0.00178733095527,
        "dvar2": 0.00380889000371,
        "max": 0.489973694086,
        "mean": 0.212341159582,
        "median": 0.203461647034,
        "min": 0.0248290430754,
        "var": 0.0074713123031
    },
    "melbands_kurtosis": {
        "dmean": 17.4040412903,
        "dmean2": 26.7261333466,
        "dvar": 1306.61975098,
        "dvar2": 2789.44873047,
        "max": 411.303283691,
        "mean": 27.9547557831,
        "median": 10.1027469635,
        "min": -1.66126215458,
        "var": 2510.58007812
    },
    "melbands_skewness": {
        "dmean": 1.230006814,
        "dmean2": 1.79002070427,
        "dvar": 2.44725704193,
        "dvar2": 4.86010551453,
        "max": 18.0502853394,
        "mean": 3.54552388191,
        "median": 2.75135755539,
        "min": -0.932461321354,
        "var": 7.77739191055
    },
    "melbands_spread": {
        "dmean": 10.7748908997,
        "dmean2": 17.0837249756,
        "dvar": 279.37109375,
        "dvar2": 611.825012207,
        "max": 200.105255127,
        "mean": 22.8548316956,
        "median": 18.3339385986,
        "min": 0.496278524399,
        "var": 471.075897217
    },
    "pitch_salience": {
        "dmean": 0.0870405882597,
        "dmean2": 0.128771588206,
        "dvar": 0.00782110635191,
        "dvar2": 0.0169650986791,
        "max": 0.83217304945,
        "mean": 0.465497821569,
        "median": 0.472443908453,
        "min": 0.0723571255803,
        "var": 0.0316994413733
    },
    "silence_rate_20dB": {
        "dmean": 0,
        "dmean2": 0,
        "dvar": 0,
        "dvar2": 0,
        "max": 1,
        "mean": 1,
        "median": 1,
        "min": 1,
        "var": 0
    },
    "silence_rate_30dB": {
        "dmean": 0.0603715181351,
        "dmean2": 0.120836563408,
        "dvar": 0.0567265860736,
        "dvar2": 0.137219548225,
        "max": 1,
        "mean": 0.941221952438,
        "median": 1,
        "min": 0,
        "var": 0.055323485285
    },
    "silence_rate_60dB": {
        "dmean": 0.00928792543709,
        "dmean2": 0.018590239808,
        "dvar": 0.00920157693326,
        "dvar2": 0.0244411397725,
        "max": 1,
        "mean": 0.0146945090964,
        "median": 0,
        "min": 0,
        "var": 0.0144784860313
    },
    "spectral_centroid": {
        "dmean": 400.217041016,
        "dmean2": 639.46105957,
        "dvar": 257147.078125,
        "dvar2": 571836.5,
        "max": 4789.30273438,
        "mean": 1306.07556152,
        "median": 1174.49316406,
        "min": 245.136627197,
        "var": 420047.875
    },
    "spectral_complexity": {
        "dmean": 6.19272422791,
        "dmean2": 9.46088314056,
        "dvar": 62.2484703064,
        "dvar2": 135.951751709,
        "max": 61,
        "mean": 17.216550827,
        "median": 15,
        "min": 0,
        "var": 108.161842346
    },
    "spectral_decrease": {
        "dmean": 2.87784951425e-09,
        "dmean2": 3.88774479276e-09,
        "dvar": 9.69941811958e-18,
        "dvar2": 1.60246209368e-17,
        "max": -7.91601437178e-11,
        "mean": -1.18891669842e-08,
        "median": -8.54919246507e-09,
        "min": -3.41409638338e-08,
        "var": 7.59590295038e-17
    },
    "spectral_energy": {
        "dmean": 0.0117545137182,
        "dmean2": 0.0163452737033,
        "dvar": 0.000163925637025,
        "dvar2": 0.000300220039207,
        "max": 0.130235493183,
        "mean": 0.0476384609938,
        "median": 0.0351213142276,
        "min": 0.000377346092137,
        "var": 0.00111210858449
    },
    "spectral_energyband_high": {
        "dmean": 0.00168386788573,
        "dmean2": 0.00273659732193,
        "dvar": 8.97475274542e-06,
        "dvar2": 2.32501406572e-05,
        "max": 0.0198218654841,
        "mean": 0.00193093193229,
        "median": 0.000839440093841,
        "min": 5.8791565607e-06,
        "var": 8.52118591865e-06
    },
    "spectral_energyband_low": {
        "dmean": 0.00822048448026,
        "dmean2": 0.010248045437,
        "dvar": 0.000140941163409,
        "dvar2": 0.000194536565687,
        "max": 0.120156101882,
        "mean": 0.0285603962839,
        "median": 0.0119608081877,
        "min": 2.71581797051e-07,
        "var": 0.00110619945917
    },
    "spectral_energyband_middle_high": {
        "dmean": 0.00375331263058,
        "dmean2": 0.00583527842537,
        "dvar": 2.37646145251e-05,
        "dvar2": 6.18331687292e-05,
        "max": 0.0330506712198,
        "mean": 0.0064817070961,
        "median": 0.00454306555912,
        "min": 7.46490841266e-05,
        "var": 3.96791911044e-05
    },
    "spectral_energyband_middle_low": {
        "dmean": 0.00624040607363,
        "dmean2": 0.0101700713858,
        "dvar": 0.000100681987533,
        "dvar2": 0.000264074857114,
        "max": 0.0839101076126,
        "mean": 0.0119310542941,
        "median": 0.00933912303299,
        "min": 7.79863839853e-05,
        "var": 0.000104544262285
    },
    "spectral_entropy": {
        "dmean": 0.221867755055,
        "dmean2": 0.323974996805,
        "dvar": 0.0512295849621,
        "dvar2": 0.108072072268,
        "max": 8.66929531097,
        "mean": 7.69450902939,
        "median": 7.68907546997,
        "min": 6.46430635452,
        "var": 0.153716549277
    },
    "spectral_flux": {
        "dmean": 0.0346311330795,
        "dmean2": 0.0489375814795,
        "dvar": 0.00106118549593,
        "dvar2": 0.00170817773324,
        "max": 0.317943572998,
        "mean": 0.109296642244,
        "median": 0.0903416723013,
        "min": 0.00983603578061,
        "var": 0.0038895374164
    },
    "spectral_kurtosis": {
        "dmean": 0.987025976181,
        "dmean2": 1.53797638416,
        "dvar": 0.78115016222,
        "dvar2": 1.83595514297,
        "max": 9.83503341675,
        "mean": 2.58059287071,
        "median": 2.30529594421,
        "min": -0.642738819122,
        "var": 2.34827756882
    },
    "spectral_rms": {
        "dmean": 0.000904117769096,
        "dmean2": 0.00125281617511,
        "dvar": 9.25513688799e-07,
        "dvar2": 1.7032920141e-06,
        "max": 0.0112720457837,
        "mean": 0.00634974334389,
        "median": 0.00585360545665,
        "min": 0.000606747518759,
        "var": 6.1573482526e-06
    },
    "spectral_rolloff": {
        "dmean": 901.996337891,
        "dmean2": 1528.90795898,
        "dvar": 2246883.75,
        "dvar2": 5164885.5,
        "max": 11111.1328125,
        "mean": 1459.91137695,
        "median": 968.994140625,
        "min": 43.06640625,
        "var": 3143930
    },
    "spectral_skewness": {
        "dmean": 0.213403940201,
        "dmean2": 0.312306880951,
        "dvar": 0.0352306254208,
        "dvar2": 0.0678827017546,
        "max": 2.57951426506,
        "mean": 1.38329780102,
        "median": 1.35672450066,
        "min": -0.0802483037114,
        "var": 0.146193683147
    },
    "spectral_spread": {
        "dmean": 727445.0625,
        "dmean2": 1126190.25,
        "dvar": 587657314304,
        "dvar2": 1.34211659366e+12,
        "max": 12181341,
        "mean": 5936107,
        "median": 5875014,
        "min": 3034394.25,
        "var": 1.31207764378e+12
    },
    "spectral_strongpeak": {
        "dmean": 0.474641501904,
        "dmean2": 0.774516582489,
        "dvar": 0.657188713551,
        "dvar2": 1.54258584976,
        "max": 7.63237524033,
        "mean": 0.958239674568,
        "median": 0.662602901459,
        "min": 0,
        "var": 1.10350596905
    },
    "zerocrossingrate": {
        "dmean": 0.0164141114801,
        "dmean2": 0.0191397927701,
        "dvar": 0.000330517883413,
        "dvar2": 0.000389627995901,
        "max": 0.31884765625,
        "mean": 0.0611329637468,
        "median": 0.0546875,
        "min": 0.001953125,
        "var": 0.00171154295094
    },
    "barkbands": {
        "dmean": [0.000956431264058, 0.00739219365641, 0.00382066890597, 0.00229104864411, 0.00258892471902, 0.000930518086534, 0.000506451819092, 0.00117548974231, 0.00116097053979, 0.000720711424947, 0.00085213384591, 0.000720174110029, 0.000927802873775, 0.000498975336086, 0.000514901475981, 0.00021671342256, 0.000438101764303, 0.000265388080152, 0.000187583515071, 0.000323946296703, 0.000285503978375, 0.000352184317308, 0.000313731114147, 0.000263183086645, 0.00023652947857, 0.000193426763872, 7.81290268037e-08],
        "dmean2": [0.000950494082645, 0.00870866142213, 0.00583432335407, 0.00418445421383, 0.00438029319048, 0.00153764605056, 0.000833434634842, 0.00179072888568, 0.00179902114905, 0.00106527062599, 0.00119610398542, 0.00108269555494, 0.00142615730874, 0.000770481943619, 0.000855805585161, 0.000364471954526, 0.000795582309365, 0.000468616053695, 0.000323096959619, 0.000575191865209, 0.000468770129373, 0.000571829441469, 0.000516485073604, 0.000437250622781, 0.000387168431189, 0.000327822606778, 1.45521809714e-07],
        "dvar": [1.8716325485e-06, 0.000154957990162, 9.27008368308e-05, 4.58395224996e-05, 2.09994541365e-05, 2.44498187385e-06, 1.07802475213e-06, 4.19704429078e-06, 7.71807663114e-06, 1.40905751778e-06, 3.06982269649e-06, 2.78746460936e-06, 4.41985275756e-06, 1.06261893507e-06, 9.24472203678e-07, 1.50366147977e-07, 1.48679418999e-06, 3.38245200737e-07, 1.46767987985e-07, 5.23096900906e-07, 2.42446077436e-07, 3.14867435236e-07, 3.47642696852e-07, 2.30574514148e-07, 1.86991556461e-07, 1.73497952005e-07, 1.39681872297e-13],
        "dvar2": [2.06446520679e-06, 0.000185502809472, 0.000206015261938, 0.000129857508, 5.66163107578e-05, 6.00267640039e-06, 2.38567781707e-06, 9.37033928494e-06, 1.77542606252e-05, 2.77278581962e-06, 5.75892681809e-06, 5.56770373805e-06, 9.56674921326e-06, 2.43836666414e-06, 2.43514818976e-06, 3.87691471815e-07, 4.26602809966e-06, 9.35279274472e-07, 3.94477865484e-07, 1.44510329392e-06, 6.14404711996e-07, 7.92340017597e-07, 9.03498403204e-07, 5.95901667566e-07, 4.78260062664e-07, 4.4820558287e-07, 4.0241236992e-13],
        "max": [0.0152652859688, 0.116091966629, 0.0674207061529, 0.0471426025033, 0.0416820421815, 0.0208266936243, 0.0160620938987, 0.020244281739, 0.0321379825473, 0.0155992880464, 0.0277391392738, 0.0295802168548, 0.0255481619388, 0.010721180588, 0.0100405449048, 0.00334686692804, 0.0114205460995, 0.00427789846435, 0.00309824803844, 0.00644494919106, 0.00414985790849, 0.00505175394937, 0.00463008647785, 0.00342618208379, 0.00255420594476, 0.00247173360549, 7.23379571355e-06],
        "mean": [0.00245860195719, 0.0207683853805, 0.00432818010449, 0.00179073063191, 0.00362650258467, 0.00138427875936, 0.000655129435472, 0.00211845664307, 0.00182222342119, 0.00108967721462, 0.00124101235997, 0.000823644804768, 0.00118952034973, 0.000636493321508, 0.000582565029617, 0.000238860433456, 0.000388027983718, 0.000231914847973, 0.000189517857507, 0.000279412546661, 0.000337668694556, 0.000455040310044, 0.000321022991557, 0.000265410664724, 0.000255969382124, 0.00016020568728, 4.69000305259e-08],
        "median": [0.000266399350949, 0.00259882048704, 0.000387279840652, 0.000177965121111, 0.00166521267965, 0.000608008005656, 0.000275845377473, 0.00074743560981, 0.000321383035043, 0.000436395173892, 0.000309921539156, 0.000188335587154, 0.000296298094327, 0.000159873627126, 0.000169762861333, 9.68364620348e-05, 0.000115960727271, 7.22950935597e-05, 6.84551996528e-05, 8.14865197754e-05, 0.000152729466208, 0.000228481178056, 0.000105025799712, 8.28342745081e-05, 9.8705131677e-05, 2.64572554443e-05, 9.68921165523e-10],
        "min": [1.67889808722e-07, 5.1768573428e-08, 1.18076775024e-08, 4.79360195982e-08, 1.33336216095e-05, 1.83393819952e-06, 1.19449441627e-06, 7.1561880759e-06, 1.38767177305e-06, 3.37773644787e-06, 2.85584405901e-06, 1.77546144187e-06, 2.8869774269e-06, 1.76430444299e-06, 1.72102420493e-06, 1.4774450392e-06, 1.91630238078e-06, 5.44722524864e-07, 6.4544963152e-07, 5.39206610028e-07, 1.93623054656e-06, 1.81199402505e-06, 7.62840898005e-07, 1.94781463847e-07, 2.3628418333e-08, 2.11333745642e-11, 8.56477128802e-12],
        "var": [1.4791439753e-05, 0.000919253914617, 9.82521596598e-05, 2.86420508928e-05, 2.36085616052e-05, 4.79540358356e-06, 1.59988235282e-06, 9.28656390897e-06, 1.37720398925e-05, 3.01141471937e-06, 6.21441859039e-06, 4.45757723355e-06, 7.16365320841e-06, 1.84256259672e-06, 1.1384353229e-06, 1.51828217554e-07, 9.3615727792e-07, 2.33766215274e-07, 1.18868719312e-07, 3.62188188774e-07, 2.58282824461e-07, 3.78801956913e-07, 3.20131789522e-07, 2.08238375876e-07, 1.74739284375e-07, 1.38608200473e-07, 7.84502400108e-14]
    },
    "erbbands": {
        "dmean": [0.309861451387, 1.70793807507, 3.93645429611, 6.40202379227, 7.2117562294, 9.58710479736, 8.95236110687, 7.17426586151, 6.30186510086, 14.984369278, 23.8044872284, 31.7950611115, 20.7688827515, 20.9175491333, 38.2283477783, 32.7754478455, 42.7168235779, 23.2863864899, 29.6562747955, 17.1961097717, 11.1893415451, 24.5033493042, 14.3580570221, 12.6893062592, 12.4197816849, 13.5974292755, 11.56300354, 11.5462608337, 12.7075119019, 12.3182477951, 8.17161464691, 5.88765668869, 4.31809854507, 2.68293380737, 1.71571660042, 1.00630199909, 0.318144261837, 0.0281839575619, 0.000527572468854, 3.94555463572e-05],
        "dmean2": [0.317860066891, 2.00960636139, 5.31468915939, 10.8639822006, 12.7243766785, 16.2338180542, 14.3412828445, 12.0294799805, 10.3694086075, 22.9187412262, 35.710521698, 48.2272415161, 30.1969909668, 31.8653087616, 53.3843269348, 49.1485977173, 65.6918640137, 36.228679657, 48.0550880432, 28.7010097504, 18.7948989868, 44.744228363, 25.2635326385, 22.2601642609, 21.8074626923, 23.7460269928, 19.4790821075, 18.6810264587, 20.4058971405, 20.4871292114, 13.5341653824, 9.78628158569, 7.23042583466, 4.4740447998, 2.78206658363, 1.68560612202, 0.540832161903, 0.0484332069755, 0.000901364081074, 6.49302019156e-05],
        "dvar": [0.256836026907, 9.71232795715, 80.4207992554, 317.94619751, 340.949432373, 264.727325439, 174.547119141, 170.661132812, 173.573760986, 681.447387695, 1898.2479248, 5836.68066406, 1434.23657227, 1590.68164062, 6192.64013672, 5241.28808594, 10009.0986328, 1875.15844727, 3344.19189453, 1108.75354004, 401.07043457, 5222.43066406, 954.255249023, 799.655456543, 722.618347168, 921.166320801, 457.641937256, 350.829742432, 402.441894531, 563.619018555, 215.732772827, 120.732078552, 60.5902900696, 24.977935791, 9.28332519531, 4.19960212708, 0.512482464314, 0.00541994860396, 1.66444215211e-06, 5.26638110898e-09],
        "dvar2": [0.235721886158, 12.846745491, 159.163864136, 838.508911133, 958.30065918, 706.424621582, 422.831573486, 435.635131836, 377.474456787, 1354.80651855, 4318.54101562, 13475.8222656, 2782.62304688, 3438.33349609, 12057.9658203, 11109.1044922, 21990.4433594, 4439.51855469, 8667.50585938, 2694.06958008, 1043.36230469, 15084.0429688, 2655.91796875, 2223.29370117, 1979.72814941, 2513.63769531, 1189.42980957, 876.063720703, 999.346313477, 1484.17883301, 552.461425781, 312.596343994, 157.000961304, 64.9487762451, 23.6817016602, 10.8404970169, 1.33006262779, 0.0144572593272, 4.40317535322e-06, 1.3929883913e-08],
        "max": [5.21384572983, 25.9442005157, 73.1805419922, 120.156745911, 178.615997314, 146.663009644, 155.236679077, 128.718048096, 230.006820679, 428.874450684, 532.302124023, 876.409912109, 615.544555664, 544.301574707, 1102.20336914, 1121.20251465, 1346.9296875, 608.590576172, 754.494506836, 564.430786133, 188.958938599, 641.40802002, 242.740615845, 209.596206665, 204.417282104, 308.857940674, 148.743438721, 186.628173828, 221.616149902, 189.79258728, 114.623283386, 86.3584518433, 56.7479743958, 32.100151062, 17.8346042633, 14.3137722015, 4.76876068115, 0.522513389587, 0.00893687643111, 0.000474214321002],
        "mean": [0.898811459541, 3.42513394356, 5.17256212234, 6.20334911346, 6.5851020813, 13.6842126846, 15.5270252228, 10.3496723175, 8.92205238342, 26.9566802979, 42.0952644348, 51.389465332, 33.3983230591, 30.2087135315, 56.8156356812, 41.2800827026, 55.1818084717, 33.0336914062, 36.7917251587, 21.1630249023, 13.2958374023, 20.3970489502, 13.7963762283, 11.1352243423, 11.6142816544, 12.4480037689, 12.1162786484, 14.4226322174, 16.7963848114, 13.4073829651, 8.48123264313, 5.76724290848, 4.35138320923, 2.7153570652, 1.88123941422, 0.900327861309, 0.252590030432, 0.0206121969968, 0.000427169608884, 7.9284858657e-05],
        "median": [0.0660564079881, 0.502918183804, 0.868582248688, 0.857059538364, 1.61848783493, 5.78341197968, 8.26413822174, 4.4128203392, 3.8521463871, 10.2513570786, 18.81483078, 11.8834514618, 15.2616662979, 12.4718904495, 18.1504039764, 13.812828064, 16.2666683197, 11.598405838, 10.1708421707, 7.15953063965, 5.6452794075, 5.78160047531, 5.40205335617, 3.15477895737, 3.9085521698, 3.97977948189, 4.37535619736, 6.46201515198, 8.36275577545, 5.27224111557, 2.73845672607, 1.6893812418, 1.4566706419, 1.03084743023, 0.732915103436, 0.20379537344, 0.0327498093247, 0.00161812885199, 7.62167546782e-05, 5.85833950026e-05],
        "min": [1.53409819177e-05, 6.09573544352e-05, 0.000209554506, 0.00341332051903, 0.0263834409416, 0.0271752867848, 0.0490653663874, 0.00666829524562, 0.0223429054022, 0.120595432818, 0.147496506572, 0.0539404526353, 0.0806062296033, 0.149128109217, 0.138098686934, 0.225815474987, 0.143416330218, 0.122564896941, 0.139341890812, 0.11414924264, 0.10581394285, 0.126088872552, 0.0835211351514, 0.0665434896946, 0.0388375297189, 0.0238261800259, 0.0514633916318, 0.0555625781417, 0.0621163286269, 0.0604887641966, 0.0121805397794, 0.00700055947527, 0.00236149644479, 0.000356714474037, 0.000163897493621, 1.56161568157e-05, 6.53320284982e-06, 5.65785455819e-07, 3.37835189157e-07, 4.96504526382e-07],
        "var": [1.94797766209, 33.6729431152, 114.171653748, 248.257949829, 233.119628906, 353.536529541, 355.378326416, 299.065124512, 295.680633545, 1985.04394531, 3892.55639648, 10440.5292969, 3093.11230469, 2749.44360352, 11686.4296875, 7602.56835938, 15606.9697266, 2959.73974609, 4520.68359375, 1514.49731445, 434.669311523, 3051.70874023, 667.131408691, 551.321044922, 529.731018066, 677.23614502, 417.778900146, 427.746704102, 521.383239746, 505.005950928, 207.347549438, 108.448280334, 54.0285301208, 21.6554222107, 9.31382369995, 3.5215382576, 0.398126989603, 0.00385808898136, 1.22335291053e-06, 5.29092547552e-09]
    },
    "gfcc": {
        "mean": [26.4557323456, 72.9970016479, -105.582466125, 31.4716873169, -68.9772796631, 32.9033584595, -35.4116287231, 11.7149038315, -22.9918289185, 11.3372659683, -18.3646736145, 6.39853858948, -7.32810020447],
        "cov": [[3181.8984375, -947.295288086, 26.2272968292, -118.621963501, -51.567855835, -5.5574669838, -175.855056763, 120.367431641, -252.323074341, 19.398273468, -230.874053955, -27.2899780273, -292.655517578], [-947.295288086, 909.456359863, 79.9326095581, 31.9354286194, 241.046630859, 161.847793579, 250.128067017, 36.2031898499, 234.596359253, 32.7354888916, 184.784362793, -13.2175455093, 149.602554321], [26.2272968292, 79.9326095581, 567.709716797, 237.764144897, 192.205337524, 58.737487793, 55.8005104065, 49.4013710022, 22.3384189606, 14.8125257492, 10.2764062881, 1.05583012104, -62.4662666321], [-118.621963501, 31.9354286194, 237.764144897, 410.708831787, 134.565032959, -10.909658432, -9.35264492035, 3.7127661705, 100.498168945, -2.99696326256, 27.2663536072, -15.05813694, 55.2551689148], [-51.567855835, 241.046630859, 192.205337524, 134.565032959, 360.187133789, 131.079910278, 113.409828186, 90.5469589233, 131.90222168, 49.8579139709, 42.2513275146, -24.600818634, 25.0125160217], [-5.5574669838, 161.847793579, 58.737487793, -10.909658432, 131.079910278, 289.461395264, 200.9634552, 73.7422027588, 76.3800430298, 63.6473617554, 72.8221588135, -17.6627006531, 30.9113388062], [-175.855056763, 250.128067017, 55.8005104065, -9.35264492035, 113.409828186, 200.9634552, 320.069580078, 76.5443115234, 86.6803970337, 52.5743560791, 95.6647109985, 25.820110321, 35.9323196411], [120.367431641, 36.2031898499, 49.4013710022, 3.7127661705, 90.5469589233, 73.7422027588, 76.5443115234, 142.704345703, 79.1498641968, 49.7725563049, 31.3235015869, 9.94812393188, 24.9315166473], [-252.323074341, 234.596359253, 22.3384189606, 100.498168945, 131.90222168, 76.3800430298, 86.6803970337, 79.1498641968, 255.111114502, 80.9313354492, 69.6805038452, 9.01894950867, 105.879318237], [19.398273468, 32.7354888916, 14.8125257492, -2.99696326256, 49.8579139709, 63.6473617554, 52.5743560791, 49.7725563049, 80.9313354492, 134.872879028, 64.399559021, 21.3406867981, 41.4658584595], [-230.874053955, 184.784362793, 10.2764062881, 27.2663536072, 42.2513275146, 72.8221588135, 95.6647109985, 31.3235015869, 69.6805038452, 64.399559021, 167.588531494, 43.9954910278, 79.8809204102], [-27.2899780273, -13.2175455093, 1.05583012104, -15.05813694, -24.600818634, -17.6627006531, 25.820110321, 9.94812393188, 9.01894950867, 21.3406867981, 43.9954910278, 115.570419312, 51.3304901123], [-292.655517578, 149.602554321, -62.4662666321, 55.2551689148, 25.0125160217, 30.9113388062, 35.9323196411, 24.9315166473, 105.879318237, 41.4658584595, 79.8809204102, 51.3304901123, 172.355331421]],
        "icov": [[0.000576420046855, 0.000452267937362, 0.000140396849019, -5.63667163078e-05, -0.000206308206543, -0.000319118669722, 0.000223912982619, -0.000671715126373, 0.000241953122895, -0.00023968401365, 0.000222641450819, -0.000266150396783, 0.000677903124597], [0.000452267937362, 0.00369083299302, -0.00104662298691, 0.00208687107079, -0.00171103642788, 0.00085519294953, -0.00167461205274, 0.00176918972284, -0.00232410221361, 0.00230800546706, -0.00268786260858, 0.00242032716051, -0.00189851270989], [0.000140396849019, -0.00104662298691, 0.0038755023852, -0.00294659519568, -0.000628807465546, -0.000989575404674, 0.000688087719027, -0.0016550719738, 0.0016079650959, -0.00129482592456, 0.000924222869799, -0.00260980427265, 0.00353339663707], [-5.63667163078e-05, 0.00208687107079, -0.00294659519568, 0.00605200743303, -0.0016120695509, 0.00171462120488, -0.000877906393725, 0.00269527104683, -0.00305471406318, 0.00270084617659, -0.00230127503164, 0.0032598155085, -0.00387314893305], [-0.000206308206543, -0.00171103642788, -0.000628807465546, -0.0016120695509, 0.00585159752518, -0.00149923074059, 0.000452589622, -0.00217319116928, -0.000445969752036, -0.00102169357706, 0.00135992758442, -7.3488248745e-05, 0.00097482802812], [-0.000319118669722, 0.00085519294953, -0.000989575404674, 0.00171462120488, -0.00149923074059, 0.00824377406389, -0.00474372925237, 0.00050298916176, -0.000350209476892, -0.000520047149621, -0.00166753504891, 0.0041520819068, -0.00266067381017], [0.000223912982619, -0.00167461205274, 0.000688087719027, -0.000877906393725, 0.000452589622, -0.00474372925237, 0.00776901375502, -0.00230697845109, 0.000399136479245, -0.000238566935877, -0.000311843614327, -0.00357489474118, 0.00288510182872], [-0.000671715126373, 0.00176918972284, -0.0016550719738, 0.00269527104683, -0.00217319116928, 0.00050298916176, -0.00230697845109, 0.0128146801144, -0.0041279210709, 0.000430657586548, -0.00156575674191, 0.00140741560608, -0.00254892627709], [0.000241953122895, -0.00232410221361, 0.0016079650959, -0.00305471406318, -0.000445969752036, -0.000350209476892, 0.000399136479245, -0.0041279210709, 0.0103406980634, -0.00487669091672, 0.00259837880731, -0.000715956441127, -0.00153852964286], [-0.00023968401365, 0.00230800546706, -0.00129482592456, 0.00270084617659, -0.00102169357706, -0.000520047149621, -0.000238566935877, 0.000430657586548, -0.00487669091672, 0.0134568363428, -0.00533626368269, 0.000908353424165, -0.00155550951604], [0.000222641450819, -0.00268786260858, 0.000924222869799, -0.00230127503164, 0.00135992758442, -0.00166753504891, -0.000311843614327, -0.00156575674191, 0.00259837880731, -0.00533626368269, 0.0128649603575, -0.00404176162556, -0.000894142198376], [-0.000266150396783, 0.00242032716051, -0.00260980427265, 0.0032598155085, -7.3488248745e-05, 0.0041520819068, -0.00357489474118, 0.00140741560608, -0.000715956441127, 0.000908353424165, -0.00404176162556, 0.0152256721631, -0.00717592658475], [0.000677903124597, -0.00189851270989, 0.00353339663707, -0.00387314893305, 0.00097482802812, -0.00266067381017, 0.00288510182872, -0.00254892627709, -0.00153852964286, -0.00155550951604, -0.000894142198376, -0.00717592658475, 0.0150970323011]]
    },
    "melbands": {
        "dmean": [0.00225626211613, 0.00177982053719, 0.00105777767021, 0.000604078930337, 0.000331838586135, 0.000161287360243, 9.79608666967e-05, 0.000189828657312, 0.000195920496481, 0.000189931190107, 0.000102002391941, 8.28510528663e-05, 0.000125769642182, 9.45835199673e-05, 9.59997778409e-05, 7.7662167314e-05, 4.52675594715e-05, 5.04043528053e-05, 3.26146146108e-05, 1.89410147868e-05, 1.19544001791e-05, 2.50706616498e-05, 1.95549182536e-05, 1.35253249027e-05, 9.9083290479e-06, 7.70031874708e-06, 1.16191413326e-05, 8.60290947458e-06, 7.08293600837e-06, 7.69574216974e-06, 6.74254533806e-06, 7.36386800781e-06, 7.0513378887e-06, 6.90048545948e-06, 4.90744514536e-06, 3.91610410588e-06, 3.6806177377e-06, 3.46369074578e-06, 2.28997419072e-06, 2.34396043197e-06],
        "dmean2": [0.00249456777237, 0.00215738895349, 0.0017387404805, 0.00104450329673, 0.000521841575392, 0.000270113960141, 0.000159685092513, 0.000290275580483, 0.000293098186376, 0.000289605930448, 0.000150283056428, 0.000128501444124, 0.000174987115315, 0.000139008116093, 0.000152300781338, 0.000117055082228, 7.07419094397e-05, 8.06509051472e-05, 5.4018539231e-05, 3.15118777507e-05, 1.99449477805e-05, 4.56996895082e-05, 3.52120841853e-05, 2.39694436459e-05, 1.74668202817e-05, 1.3336360098e-05, 2.08260789805e-05, 1.49370462168e-05, 1.20753766168e-05, 1.28020874399e-05, 1.09198235805e-05, 1.18779053082e-05, 1.15291122711e-05, 1.15832972369e-05, 8.18714306661e-06, 6.4733239924e-06, 6.16973875367e-06, 5.84388499192e-06, 3.77884248337e-06, 3.97708208766e-06],
        "dvar": [1.29766922328e-05, 1.20232652989e-05, 7.56275039748e-06, 1.51654762703e-06, 2.04441050755e-07, 8.09224260934e-08, 4.07476541398e-08, 1.06331306426e-07, 1.197657582e-07, 2.35555077666e-07, 3.5278763022e-08, 2.79254965818e-08, 6.93232209414e-08, 4.16544345683e-08, 4.33299902625e-08, 3.32267759973e-08, 8.10283573571e-09, 1.08867670434e-08, 3.69063091199e-09, 1.29336263921e-09, 4.5006090521e-10, 5.35726574213e-09, 2.4951847255e-09, 9.10107766927e-10, 4.87801243843e-10, 2.66354938105e-10, 7.22640280948e-10, 3.64941271647e-10, 1.69938868533e-10, 2.37227570921e-10, 1.1216330642e-10, 1.35160299619e-10, 1.42948250459e-10, 2.0153671787e-10, 7.90261814321e-11, 4.83478465596e-11, 4.88163433288e-11, 4.04003150378e-11, 1.62292696643e-11, 2.11066632921e-11],
        "dvar2": [1.36265070978e-05, 1.78813388629e-05, 1.92816260096e-05, 4.19542084273e-06, 5.01656984397e-07, 2.02490468837e-07, 8.75073595807e-08, 2.16492779259e-07, 2.71405696139e-07, 5.42691282135e-07, 6.90491717137e-08, 5.97839786565e-08, 1.32716209578e-07, 8.05463002962e-08, 1.00596807329e-07, 6.57545413674e-08, 1.95084730592e-08, 2.73800733197e-08, 9.96868543268e-09, 3.14018921976e-09, 1.1151989332e-09, 1.54323700485e-08, 7.14589543094e-09, 2.52070031515e-09, 1.35414723879e-09, 7.20233095386e-10, 2.01408201228e-09, 9.94086812867e-10, 4.48079240378e-10, 6.24956864037e-10, 2.75966777208e-10, 3.29836158386e-10, 3.73453962199e-10, 5.33386390611e-10, 2.0267613976e-10, 1.25079460678e-10, 1.26249039001e-10, 1.05508615733e-10, 4.08619388326e-11, 5.6062703091e-11],
        "max": [0.0375068560243, 0.0294691044837, 0.0187281612307, 0.0114657171071, 0.00413388898596, 0.00323681998998, 0.00354889919981, 0.00515503622591, 0.00411200616509, 0.00601683929563, 0.003046116326, 0.00229131407104, 0.00455455482006, 0.00413355603814, 0.00294857635163, 0.00258482061327, 0.00108064990491, 0.00141193158925, 0.000643571664114, 0.000566597504076, 0.000244629336521, 0.000644188956358, 0.000478825008031, 0.000241877758526, 0.000164763288922, 0.000162013966474, 0.000201561939321, 0.000217260196223, 8.77436614246e-05, 0.000129059088067, 0.000125151593238, 0.000145398342283, 0.000135529407999, 0.00011046853615, 7.66985831433e-05, 4.85236269014e-05, 6.0141323047e-05, 4.55865811091e-05, 3.03525830532e-05, 3.81723439205e-05],
        "mean": [0.00673518516123, 0.00334328529425, 0.00107046426274, 0.000698755437043, 0.000610858493019, 0.000233693048358, 0.00013160641538, 0.000338707963238, 0.000342160084983, 0.00030145252822, 0.000155875750352, 0.00011349622946, 0.000182852891157, 0.000120629854791, 0.000109810884169, 0.000106224302726, 5.80394334975e-05, 6.24796666671e-05, 3.62067803508e-05, 2.1790538085e-05, 1.44357591125e-05, 2.08002238651e-05, 1.74803808477e-05, 1.16923465612e-05, 8.49030948302e-06, 7.44198905522e-06, 9.80941149464e-06, 7.8505700003e-06, 7.12373093847e-06, 8.07682226878e-06, 8.54358222568e-06, 9.69919074123e-06, 8.53875826579e-06, 6.98917119735e-06, 5.05250818605e-06, 3.80839765057e-06, 3.49304127667e-06, 3.34228548127e-06, 2.36105279328e-06, 2.26119527724e-06],
        "median": [0.000722359865904, 0.000832233228721, 0.000183952462976, 0.000249617383815, 0.000331303395797, 0.000100264827779, 5.16354193678e-05, 0.000125814563944, 0.000151286381879, 5.67422866879e-05, 6.63515675114e-05, 3.7153280573e-05, 4.6392880904e-05, 3.54340700142e-05, 3.79229859391e-05, 2.51136934821e-05, 1.69444447238e-05, 1.45019557749e-05, 1.05620702016e-05, 8.33114700072e-06, 5.88033799431e-06, 5.65029404243e-06, 5.94641005591e-06, 3.51445874003e-06, 2.11639599002e-06, 2.60639330918e-06, 2.8422516607e-06, 2.3520585728e-06, 2.36741038862e-06, 2.94412120638e-06, 3.69485996998e-06, 4.63851392851e-06, 4.24826839662e-06, 2.31754415836e-06, 1.59396790878e-06, 1.08069195903e-06, 9.26907659959e-07, 1.00396027847e-06, 8.4440421233e-07, 8.1826249243e-07],
        "min": [2.33250787574e-08, 1.94167206757e-08, 4.1165904463e-08, 2.95813401863e-06, 1.73579678631e-06, 1.71110343672e-07, 2.263667227e-07, 1.5936886939e-06, 1.24942198454e-06, 1.58397071459e-07, 3.74482226562e-07, 3.74161828631e-07, 5.25680320607e-07, 2.73786724847e-07, 2.73454844546e-07, 2.71881788194e-07, 1.86188103157e-07, 1.88529540424e-07, 1.30253056341e-07, 9.61830011192e-08, 9.3960061065e-08, 8.80198882669e-08, 1.16347102619e-07, 1.37347218043e-08, 2.31714487597e-08, 4.45720083064e-09, 1.91374809333e-08, 1.24694219394e-08, 9.54798373698e-09, 3.53153595256e-08, 2.6504439532e-08, 2.87786594555e-08, 3.86662257768e-08, 2.4862929493e-08, 4.76944217453e-09, 8.15903233864e-10, 5.51593042075e-11, 1.57309998361e-09, 1.20704982468e-11, 9.58155863678e-12],
