{
"highlevel": {
    "danceability": {
        "all": {
            "danceable": 0.0209567379206,
            "not_danceable": 0.979043245316
        },
        "probability": 0.979043245316,
        "value": "not_danceable"
    },
    "gender": {
        "all": {
            "female": 0.0197137892246,
            "male": 0.980286180973
        },
        "probability": 0.980286180973,
        "value": "male"
    },
    "genre_dortmund": {
        "all": {
            "alternative": 0.106884688139,
            "blues": 0.0809232741594,
            "electronic": 0.00520293833688,
            "folkcountry": 0.0387397184968,
            "funksoulrnb": 0.00459405593574,
            "jazz": 0.00951254740357,
            "pop": 0.0507087446749,
            "raphiphop": 0.00172891828697,
            "rock": 0.701705098152
        },
        "probability": 0.701705098152,
        "value": "rock"
    },
    "genre_electronic": {
        "all": {
            "ambient": 0.210520356894,
            "dnb": 0.0835429206491,
            "house": 0.0480946414173,
            "techno": 0.0222192071378,
            "trance": 0.635622859001
        },
        "probability": 0.635622859001,
        "value": "trance"
    },
    "genre_rosamerica": {
        "all": {
            "cla": 0.000640358659439,
            "dan": 0.00399223808199,
            "hip": 0.00144692929462,
            "jaz": 0.0006210769061,
            "pop": 0.016946842894,
            "rhy": 0.00052019872237,
            "roc": 0.97496932745,
            "spe": 0.000863031949848
        },
        "probability": 0.97496932745,
        "value": "roc"
    },
    "genre_tzanetakis": {
        "all": {
            "blu": 0.0626541376114,
            "cla": 0.0348133966327,
            "cou": 0.0783501937985,
            "dis": 0.104547761381,
            "hip": 0.15693578124,
            "jaz": 0.313987255096,
            "met": 0.044816005975,
            "pop": 0.0627349764109,
            "reg": 0.0627352520823,
            "roc": 0.0784252434969
        },
        "probability": 0.313987255096,
        "value": "jaz"
    },
    "ismir04_rhythm": {
        "all": {
            "ChaChaCha": 0.832230210304,
            "Jive": 0.145417675376,
            "Quickstep": 0.00410093134269,
            "Rumba-American": 0.00164724630304,
            "Rumba-International": 0.000832295569126,
            "Rumba-Misc": 0.000286576600047,
            "Samba": 0.00888562109321,
            "Tango": 0.00170577829704,
            "VienneseWaltz": 0.0047475756146,
            "Waltz": 0.000146083228174
        },
        "probability": 0.832230210304,
        "value": "ChaChaCha"
    },
    "mood_acoustic": {
        "all": {
            "acoustic": 0.00840131752193,
            "not_acoustic": 0.991598665714
        },
        "probability": 0.991598665714,
        "value": "not_acoustic"
    },
    "mood_aggressive": {
        "all": {
            "aggressive": 0.979370772839,
            "not_aggressive": 0.0206292551011
        },
        "probability": 0.979370772839,
        "value": "aggressive"
    },
    "mood_electronic": {
        "all": {
            "electronic": 0.0770340338349,
            "not_electronic": 0.922965943813
        },
        "probability": 0.922965943813,
        "value": "not_electronic"
    },
    "mood_happy": {
        "all": {
            "happy": 0.560768067837,
            "not_happy": 0.439231932163
        },
        "probability": 0.560768067837,
        "value": "happy"
    },
    "mood_party": {
        "all": {
            "not_party": 0.323867946863,
            "party": 0.676132023335
        },
        "probability": 0.676132023335,
        "value": "party"
    },
    "mood_relaxed": {
        "all": {
            "not_relaxed": 0.964481949806,
            "relaxed": 0.0355180464685
        },
        "probability": 0.964481949806,
        "value": "not_relaxed"
    },
    "mood_sad": {
        "all": {
            "not_sad": 0.967011451721,
            "sad": 0.0329885259271
        },
        "probability": 0.967011451721,
        "value": "not_sad"
    },
    "moods_mirex": {
        "all": {
            "Cluster1": 0.668919205666,
            "Cluster2": 0.0712955072522,
            "Cluster3": 0.0804327130318,
            "Cluster4": 0.0444970019162,
            "Cluster5": 0.134855538607
        },
        "probability": 0.668919205666,
        "value": "Cluster1"
    },
    "timbre": {
        "all": {
            "bright": 0.991316616535,
            "dark": 0.00868337973952
        },
        "probability": 0.991316616535,
        "value": "bright"
    },
    "tonal_atonal": {
        "all": {
            "atonal": 0.0251710880548,
            "tonal": 0.974828898907
        },
        "probability": 0.974828898907,
        "value": "tonal"
    },
    "voice_instrumental": {
        "all": {
            "instrumental": 0.0280891563743,
            "voice": 0.971910834312
        },
        "probability": 0.971910834312,
        "value": "voice"
    }
},
"lowlevel": {
    "average_loudness": 0.984587013721,
    "barkbands_crest": {
        "dmean": 2.71928954124,
        "dmean2": 4.46829319,
        "dvar": 7.5483880043,
        "dvar2": 18.3091182709,
        "max": 24.4584903717,
        "mean": 8.39270591736,
        "median": 7.31671524048,
        "min": 2.30826115608,
        "var": 13.4699249268
    },
    "barkbands_flatness_db": {
        "dmean": 0.0217795129865,
        "dmean2": 0.0360739566386,
        "dvar": 0.000554903759621,
        "dvar2": 0.00141844851896,
        "max": 0.318223416805,
        "mean": 0.121367134154,
        "median": 0.115857750177,
        "min": 0.0587248466909,
        "var": 0.00126192811877
    },
    "barkbands_kurtosis": {
        "dmean": 2.36985683441,
        "dmean2": 3.93781423569,
        "dvar": 30.7065620422,
        "dvar2": 77.9871826172,
        "max": 80.1875762939,
        "mean": 1.2007945776,
        "median": -0.247092485428,
        "min": -1.90124762058,
        "var": 29.3544807434
    },
    "barkbands_skewness": {
        "dmean": 0.601469695568,
        "dmean2": 0.919827997684,
        "dvar": 0.596979856491,
        "dvar2": 1.35546398163,
        "max": 8.84624290466,
        "mean": 1.0580432415,
        "median": 0.887188673019,
        "min": -2.58665513992,
        "var": 1.05981862545
    },
    "barkbands_spread": {
        "dmean": 7.3874464035,
        "dmean2": 11.4615163803,
        "dvar": 66.4403305054,
        "dvar2": 141.501876831,
        "max": 104.715858459,
        "mean": 33.0029220581,
        "median": 31.9115753174,
        "min": 2.85671687126,
        "var": 179.422637939
    },
    "dissonance": {
        "dmean": 0.00999347772449,
        "dmean2": 0.0166603960097,
        "dvar": 0.000101729063317,
        "dvar2": 0.000276587030385,
        "max": 0.499924361706,
        "mean": 0.481274008751,
        "median": 0.484067618847,
        "min": 0.339795440435,
        "var": 0.000196001856239
    },
    "dynamic_complexity": 1.2446937561,
    "erbbands_crest": {
        "dmean": 2.24109125137,
        "dmean2": 3.68430638313,
        "dvar": 4.5204668045,
        "dvar2": 10.7557249069,
        "max": 26.5324058533,
        "mean": 7.41756772995,
        "median": 6.60299444199,
        "min": 2.59231138229,
        "var": 10.6606264114
    },
    "erbbands_flatness_db": {
        "dmean": 0.0138749424368,
        "dmean2": 0.0196150541306,
        "dvar": 0.00020150715136,
        "dvar2": 0.000323199317791,
        "max": 0.259021013975,
        "mean": 0.146479308605,
        "median": 0.142014741898,
        "min": 0.079309925437,
        "var": 0.00100042670965
    },
    "erbbands_kurtosis": {
        "dmean": 0.777912199497,
        "dmean2": 1.16971063614,
        "dvar": 0.99673396349,
        "dvar2": 1.82404756546,
        "max": 13.0279197693,
        "mean": 0.24147811532,
        "median": -0.179981708527,
        "min": -1.78389000893,
        "var": 2.78362202644
    },
    "erbbands_skewness": {
        "dmean": 0.31284481287,
        "dmean2": 0.471233248711,
        "dvar": 0.0854572579265,
        "dvar2": 0.184337601066,
        "max": 1.79748106003,
        "mean": -0.339341580868,
        "median": -0.323402494192,
        "min": -2.94883561134,
        "var": 0.366584450006
    },
    "erbbands_spread": {
        "dmean": 8.98499965668,
        "dmean2": 13.0905323029,
        "dvar": 98.6282577515,
        "dvar2": 202.218490601,
        "max": 143.431091309,
        "mean": 39.9386405945,
        "median": 37.8085250854,
        "min": 8.85579490662,
        "var": 249.044570923
    },
    "hfc": {
        "dmean": 6.37510347366,
        "dmean2": 9.81017780304,
        "dvar": 49.5869941711,
        "dvar2": 116.486373901,
        "max": 78.4098052979,
        "mean": 31.01030159,
        "median": 30.1938686371,
        "min": 2.80475282669,
        "var": 166.665054321
    },
    "melbands_crest": {
        "dmean": 3.76802587509,
        "dmean2": 6.32968235016,
        "dvar": 11.8048458099,
        "dvar2": 31.46367836,
        "max": 31.4510555267,
        "mean": 14.4826316833,
        "median": 13.8397159576,
        "min": 3.57137203217,
        "var": 23.2854862213
    },
    "melbands_flatness_db": {
        "dmean": 0.028882086277,
        "dmean2": 0.0456714145839,
        "dvar": 0.00107624242082,
        "dvar2": 0.00241792551242,
        "max": 0.396065801382,
        "mean": 0.158772915602,
        "median": 0.151279047132,
        "min": 0.0356811694801,
        "var": 0.00274261878803
    },
    "melbands_kurtosis": {
        "dmean": 8.99088764191,
        "dmean2": 14.607419014,
        "dvar": 585.534912109,
        "dvar2": 1465.54589844,
        "max": 443.588500977,
        "mean": 10.2917394638,
        "median": 4.52285861969,
        "min": -1.77523744106,
        "var": 564.958007812
    },
    "melbands_skewness": {
        "dmean": 0.925443828106,
        "dmean2": 1.42215049267,
        "dvar": 1.70635473728,
        "dvar2": 3.89203882217,
        "max": 18.8023090363,
        "mean": 2.5052728653,
        "median": 2.13353848457,
        "min": -0.974679946899,
        "var": 2.92807650566
    },
    "melbands_spread": {
        "dmean": 11.0959615707,
        "dmean2": 16.655418396,
        "dvar": 197.72227478,
        "dvar2": 367.191894531,
        "max": 192.778366089,
        "mean": 35.4635276794,
        "median": 32.2045974731,
        "min": 1.54582321644,
        "var": 510.51083374
    },
    "pitch_salience": {
        "dmean": 0.0827252492309,
        "dmean2": 0.139068171382,
        "dvar": 0.00624627014622,
        "dvar2": 0.0169532503933,
        "max": 0.79522395134,
        "mean": 0.557749986649,
        "median": 0.567056000233,
        "min": 0.168912306428,
        "var": 0.0111746331677
    },
    "silence_rate_20dB": {
        "dmean": 0,
        "dmean2": 0,
        "dvar": 0,
        "dvar2": 0,
        "max": 1,
        "mean": 1,
        "median": 1,
        "min": 1,
        "var": 0
    },
    "silence_rate_30dB": {
        "dmean": 0,
        "dmean2": 0,
        "dvar": 0,
        "dvar2": 0,
        "max": 1,
        "mean": 1,
        "median": 1,
        "min": 1,
        "var": 0
    },
    "silence_rate_60dB": {
        "dmean": 0.00851393211633,
        "dmean2": 0.0162664595991,
        "dvar": 0.0084414370358,
        "dvar2": 0.0206495653838,
        "max": 1,
        "mean": 0.00618716143072,
        "median": 0,
        "min": 0,
        "var": 0.0061488552019
    },
    "spectral_centroid": {
        "dmean": 321.789855957,
        "dmean2": 494.341491699,
        "dvar": 112809.609375,
        "dvar2": 248553.5625,
        "max": 4441.14794922,
        "mean": 1902.02148438,
        "median": 1876.10974121,
        "min": 244.437042236,
        "var": 342619.21875
    },
    "spectral_complexity": {
        "dmean": 4.7345199585,
        "dmean2": 7.28814888,
        "dvar": 19.1114311218,
        "dvar2": 38.0625724792,
        "max": 56,
        "mean": 32.890953064,
        "median": 35,
        "min": 2,
        "var": 108.946456909
    },
    "spectral_decrease": {
        "dmean": 3.21119486557e-09,
        "dmean2": 5.15127318579e-09,
        "dvar": 2.03296526563e-17,
        "dvar2": 4.95526384068e-17,
        "max": -2.98179064773e-10,
        "mean": -8.94063134638e-09,
        "median": -8.33166780012e-09,
        "min": -3.14675929758e-08,
        "var": 2.61635722282e-17
    },
    "spectral_energy": {
        "dmean": 0.0123716173694,
        "dmean2": 0.0197917614132,
        "dvar": 0.000292469252599,
        "dvar2": 0.000711498840246,
        "max": 0.12049087137,
        "mean": 0.0365567319095,
        "median": 0.0344372913241,
        "min": 0.00164682010654,
        "var": 0.000386151019484
    },
    "spectral_energyband_high": {
        "dmean": 0.000467318226583,
        "dmean2": 0.000677797303069,
        "dvar": 3.48045062992e-07,
        "dvar2": 7.4491919122e-07,
        "max": 0.00650731334463,
        "mean": 0.00140121718869,
        "median": 0.00108304258902,
        "min": 1.2230365428e-05,
        "var": 1.26304757941e-06
    },
    "spectral_energyband_low": {
        "dmean": 0.00889901258051,
        "dmean2": 0.014588939026,
        "dvar": 0.000261444103671,
        "dvar2": 0.000659374520183,
        "max": 0.113907471299,
        "mean": 0.0159513372928,
        "median": 0.0124739436433,
        "min": 2.02132614504e-05,
        "var": 0.000288360228296
    },
    "spectral_energyband_middle_high": {
        "dmean": 0.00227928999811,
        "dmean2": 0.00345413596369,
        "dvar": 5.66357084608e-06,
        "dvar2": 1.2282375792e-05,
        "max": 0.0304067507386,
        "mean": 0.00874039810151,
        "median": 0.00797723606229,
        "min": 0.000116710180009,
        "var": 2.53647813224e-05
    },
    "spectral_energyband_middle_low": {
        "dmean": 0.00662582414225,
        "dmean2": 0.0110364165157,
        "dvar": 0.000118340249173,
        "dvar2": 0.000306034489768,
        "max": 0.0949001610279,
        "mean": 0.0132277579978,
        "median": 0.0111308973283,
        "min": 0.000104119048046,
        "var": 0.000124244441395
    },
    "spectral_entropy": {
        "dmean": 0.103692173958,
        "dmean2": 0.158257439733,
        "dvar": 0.0114876953885,
        "dvar2": 0.0243795216084,
        "max": 8.63554668427,
        "mean": 7.85920810699,
        "median": 7.87088489532,
        "min": 6.54517364502,
        "var": 0.0555500052869
    },
    "spectral_flux": {
        "dmean": 0.0315961390734,
        "dmean2": 0.0487341023982,
        "dvar": 0.00139718269929,
        "dvar2": 0.00281653692946,
        "max": 0.323953360319,
        "mean": 0.108936086297,
        "median": 0.0959951579571,
        "min": 0.0294854529202,
        "var": 0.00262389611453
    },
    "spectral_kurtosis": {
        "dmean": 1.07957339287,
        "dmean2": 1.82380819321,
        "dvar": 1.44135951996,
        "dvar2": 3.85613965988,
        "max": 15.2064666748,
        "mean": 3.19776535034,
        "median": 2.86766290665,
        "min": -0.598082780838,
        "var": 2.733948946
    },
    "spectral_rms": {
        "dmean": 0.000951948342845,
        "dmean2": 0.00146756984759,
        "dvar": 1.33508979161e-06,
        "dvar2": 2.99460111819e-06,
        "max": 0.0108421426266,
        "mean": 0.00575626967475,
        "median": 0.00579632259905,
        "min": 0.00126753852237,
        "var": 2.53041844189e-06
    },
    "spectral_rolloff": {
        "dmean": 685.73034668,
        "dmean2": 1065.73571777,
        "dvar": 813848.5625,
        "dvar2": 1481056.125,
        "max": 10508.203125,
        "mean": 2110.43701172,
        "median": 1894.921875,
        "min": 64.599609375,
        "var": 2034036.375
    },
    "spectral_skewness": {
        "dmean": 0.155759528279,
        "dmean2": 0.255074441433,
        "dvar": 0.0230733845383,
        "dvar2": 0.0555232353508,
        "max": 3.11473226547,
        "mean": 1.17820441723,
        "median": 1.16393709183,
        "min": 0.385120153427,
        "var": 0.0595300011337
    },
    "spectral_spread": {
        "dmean": 430941.96875,
        "dmean2": 566705.25,
        "dvar": 260675895296,
        "dvar2": 347262189568,
        "max": 11823449,
        "mean": 4190197.25,
        "median": 4045328.75,
        "min": 2217563,
        "var": 1.26538350592e+12
    },
    "spectral_strongpeak": {
        "dmean": 0.504944801331,
        "dmean2": 0.884305417538,
        "dvar": 0.714416861534,
        "dvar2": 1.74916374683,
        "max": 8.66921710968,
        "mean": 0.780167341232,
        "median": 0.465732008219,
        "min": 0.0163611080498,
        "var": 1.07419753075
    },
    "zerocrossingrate": {
        "dmean": 0.0127799678594,
        "dmean2": 0.0143016101792,
        "dvar": 0.000226226562518,
        "dvar2": 0.000201877104701,
        "max": 0.3056640625,
        "mean": 0.0746322572231,
        "median": 0.0673828125,
        "min": 0.0126953125,
        "var": 0.00124920753296
    },
    "barkbands": {
        "dmean": [0.000145329191582, 0.00566051667556, 0.00405795266852, 0.00327131873928, 0.00247479765676, 0.000738453527447, 0.000658555189148, 0.000875534489751, 0.000852509750985, 0.000718475377653, 0.000334343843861, 0.000507063698024, 0.000585498986766, 0.000524337985553, 0.000502883805893, 0.000447696307674, 0.000500507419929, 0.000403673388064, 0.000324758322677, 0.000268880918156, 0.000153077984578, 0.000114916649181, 9.57607117016e-05, 7.46441801311e-05, 4.37785347458e-05, 9.49937202677e-06, 7.70666996885e-09],
        "dmean2": [0.000220631642151, 0.00930154509842, 0.00700903357938, 0.00577136920765, 0.00420875893906, 0.00122757419012, 0.00109061936382, 0.00133591820486, 0.00131953821983, 0.00106913771015, 0.000529129058123, 0.000774990010541, 0.000893684162293, 0.000807798001915, 0.000755477696657, 0.000717393879313, 0.00080678955419, 0.000642790808342, 0.000542804133147, 0.000456785754068, 0.000249750126386, 0.000179558628588, 0.000144003570313, 0.000105114915641, 5.82917200518e-05, 1.3473359104e-05, 1.39100517771e-08],
        "dvar": [9.05173038745e-08, 0.000111796631245, 7.50301696826e-05, 3.76182433683e-05, 2.99499843095e-05, 1.91547451323e-06, 2.29943589147e-06, 2.89093622996e-06, 1.9684957806e-06, 1.58256409577e-06, 4.25065223908e-07, 1.39859287174e-06, 1.09314021302e-06, 7.17590978638e-07, 5.99574434546e-07, 3.78413005819e-07, 5.40562780316e-07, 2.70746568276e-07, 1.20465458053e-07, 1.35187974593e-07, 3.7248444329e-08, 2.33728503218e-08, 1.98672989171e-08, 1.53948711556e-08, 9.23589027479e-09, 2.98268465482e-10, 4.40740438623e-16],
        "dvar2": [1.90111336451e-07, 0.000274082180113, 0.000204077048693, 0.000103464080894, 7.85312367952e-05, 5.01825161336e-06, 6.17229534328e-06, 6.13892507317e-06, 4.37421567767e-06, 3.09984443447e-06, 9.33806234116e-07, 3.10061273012e-06, 2.22549920181e-06, 1.65504536653e-06, 1.27787586734e-06, 8.81560140442e-07, 1.37395204547e-06, 6.93238916938e-07, 3.27465158989e-07, 3.68269581941e-07, 9.2971653487e-08, 5.44686926673e-08, 4.04514715058e-08, 2.82157177622e-08, 1.37595899119e-08, 6.22290108332e-10, 1.18115134017e-15],
        "max": [0.00274985632859, 0.0770842432976, 0.0676399543881, 0.0526840575039, 0.0743477642536, 0.0161669682711, 0.0252297576517, 0.0234584324062, 0.0185388345271, 0.0131065566093, 0.00956844910979, 0.0250263735652, 0.0144695453346, 0.010124752298, 0.010014411062, 0.00777226034552, 0.0109631670639, 0.00801630504429, 0.00332273938693, 0.00369347911328, 0.00208755047061, 0.00182354869321, 0.00242244149558, 0.00215381244197, 0.00193722348195, 0.000303963461192, 2.00653275328e-07],
        "mean": [0.000181663621333, 0.0078522702679, 0.00546202296391, 0.00435895845294, 0.00331859407015, 0.0011872817995, 0.000993375782855, 0.00126499193721, 0.00143402360845, 0.00124881940428, 0.000543745001778, 0.000851784367114, 0.00101786805317, 0.000842759036459, 0.000968696782365, 0.000840161170345, 0.000987908570096, 0.000773533130996, 0.000724964542314, 0.000581490981858, 0.000346524291672, 0.000261495268205, 0.00022634776542, 0.000176599191036, 9.1973481176e-05, 1.88946723938e-05, 5.62369395496e-09],
        "median": [3.1269799365e-05, 0.00452749757096, 0.00302144698799, 0.00259406887926, 0.00171042140573, 0.000726835860405, 0.000589472590946, 0.000532684382051, 0.000773711362854, 0.000552260724362, 0.000239057641011, 0.00040561662172, 0.000437298440374, 0.000474041793495, 0.00060634163674, 0.000596925208811, 0.000756214663852, 0.000565926311538, 0.000637386518065, 0.00047062401427, 0.000251458841376, 0.000174338885699, 0.000148824590724, 0.00010907019896, 5.0927625125e-05, 1.00975921669e-05, 8.73341954311e-10],
        "min": [4.72090064818e-08, 2.36605887949e-06, 6.47203250992e-07, 2.37005588133e-06, 3.08105768454e-06, 1.37171048209e-06, 5.62462537346e-06, 1.11870235742e-06, 2.08090250453e-06, 1.39141593536e-06, 1.26651684695e-06, 1.02697470084e-06, 1.22548794934e-06, 2.52619543062e-06, 2.07410039366e-06, 1.9922752017e-06, 6.71637326377e-06, 3.56018563252e-06, 7.26463213141e-06, 3.65176174455e-06, 1.48761159835e-06, 9.62074523159e-07, 4.22619365281e-07, 8.15756266093e-07, 1.9804761564e-07, 4.64870086869e-11, 5.87109267453e-12],
        "var": [1.42002917869e-07, 0.000119958654977, 6.00637686148e-05, 3.21513689414e-05, 2.91336837108e-05, 2.28002841141e-06, 2.59904118138e-06, 4.79274604004e-06, 3.91511684938e-06, 3.773713388e-06, 9.92073182715e-07, 2.67608265858e-06, 2.94973642667e-06, 1.28042699998e-06, 1.33520029522e-06, 7.79554284236e-07, 1.15877821827e-06, 4.95390054311e-07, 2.25368722795e-07, 2.01193742555e-07, 9.77755547638e-08, 5.95726099561e-08, 5.68458133898e-08, 4.5063636378e-08, 2.27806999931e-08, 6.25768659113e-10, 3.31271832814e-16]
    },
    "erbbands": {
        "dmean": [0.113012127578, 1.53000092506, 4.64515781403, 7.24302196503, 12.6123800278, 6.43267011642, 5.21171712875, 6.18968248367, 7.88840723038, 14.1259899139, 19.0374298096, 18.9953136444, 25.468870163, 14.3918237686, 13.290561676, 23.6383476257, 24.121843338, 25.6376113892, 24.0621032715, 22.6666660309, 24.0551528931, 22.9119129181, 22.84806633, 17.3420257568, 14.9928197861, 12.3073787689, 7.87018013, 5.40758514404, 4.21553039551, 3.50207209587, 2.67904806137, 1.81218183041, 1.1950070858, 0.652381360531, 0.242826238275, 0.0671435520053, 0.0138163948432, 0.000978133990429, 2.24644190894e-05, 1.40008760354e-05],
        "dmean2": [0.177450746298, 2.53913712502, 7.92752885818, 12.5808410645, 21.8451805115, 10.9057807922, 8.83996582031, 10.2893095016, 12.992518425, 21.9571380615, 29.317150116, 29.2562179565, 37.0123214722, 22.3641815186, 20.1565227509, 35.5214576721, 36.4755020142, 39.1460266113, 35.611946106, 35.7783889771, 39.2672042847, 36.9934959412, 36.8301239014, 29.0948867798, 24.705160141, 20.7111759186, 12.7873487473, 8.9505739212, 6.74162769318, 5.35399389267, 4.05707883835, 2.63858580589, 1.69957542419, 0.885420918465, 0.339877396822, 0.0938231647015, 0.0193482805043, 0.0015476194676, 3.27642192133e-05, 2.21601458179e-05],
        "dvar": [0.0668964236975, 8.36032867432, 97.7891387939, 151.345870972, 1010.28356934, 115.036621094, 99.7058181763, 159.008010864, 221.696273804, 972.607421875, 1600.63366699, 1080.59619141, 2240.31445312, 652.88659668, 699.991088867, 3135.19824219, 1975.06689453, 1675.6270752, 1081.84350586, 1199.63195801, 1052.76367188, 872.476074219, 1007.46673584, 472.317687988, 246.417572021, 297.485687256, 105.986457825, 58.4090919495, 32.7875747681, 22.2240486145, 15.7506761551, 9.36658382416, 4.14406776428, 1.92657959461, 0.272180348635, 0.0171270687133, 0.000477810128359, 2.30304476645e-06, 1.01349706405e-09, 3.362359835e-10],
        "dvar2": [0.163333252072, 21.6962547302, 263.569641113, 412.52230835, 2693.74584961, 312.236938477, 250.655807495, 432.312561035, 624.834350586, 2373.60791016, 3366.81884766, 2362.57299805, 4558.88330078, 1509.40661621, 1487.85083008, 6774.65673828, 3866.14526367, 3824.4609375, 2326.39819336, 2818.64428711, 2589.13525391, 2206.42456055, 2676.10229492, 1275.1817627, 655.125610352, 797.148010254, 271.498443604, 150.076721191, 76.6371994019, 49.6191864014, 33.5540390015, 20.8226718903, 6.3373632431, 2.93940472603, 0.464066833258, 0.0346659310162, 0.000982929370366, 5.46091132492e-06, 2.07201100721e-09, 8.07810318637e-10],
        "max": [2.59791517258, 21.1538734436, 66.1281814575, 83.8445739746, 320.75, 108.919273376, 158.458618164, 176.269302368, 230.857940674, 420.631439209, 642.813659668, 564.526184082, 517.830688477, 386.308929443, 466.340332031, 1287.41455078, 701.284973145, 467.202911377, 526.773986816, 590.030395508, 427.041778564, 408.222808838, 563.101623535, 219.952468872, 165.111297607, 173.389694214, 131.437026978, 102.916793823, 63.4490356445, 77.1306838989, 52.8189125061, 54.6932182312, 31.5736217499, 25.7982006073, 10.2333030701, 2.44114661217, 0.29931640625, 0.018654666841, 0.000443675555289, 0.000139489508001],
        "mean": [0.136274889112, 2.07078576088, 6.53550767899, 11.2541217804, 13.6544914246, 10.0761270523, 7.938829422, 9.52236843109, 13.8677482605, 18.9659767151, 29.4372348785, 32.4768295288, 45.338432312, 26.0799465179, 25.4512119293, 41.6133003235, 45.8129463196, 46.5271263123, 50.7382736206, 45.1269226074, 49.4138145447, 50.3855781555, 47.5534095764, 36.2330818176, 35.2721977234, 27.7249469757, 17.6208839417, 11.5961275101, 9.42648410797, 8.17889404297, 6.22899913788, 4.12494468689, 2.69696807861, 1.30081605911, 0.496692359447, 0.133234426379, 0.0279984883964, 0.00171567371581, 6.43130624667e-05, 4.8401478125e-05],
        "median": [0.0560112036765, 1.27080368996, 3.62052893639, 8.30806541443, 6.45110416412, 5.51674032211, 4.56571149826, 5.58661365509, 8.59228134155, 7.54056549072, 15.9666013718, 18.9695320129, 17.6413536072, 17.0795154572, 12.4433088303, 20.3896179199, 21.3540496826, 26.5597057343, 32.8510704041, 31.4874267578, 36.6669158936, 40.5627326965, 36.4937133789, 30.3744316101, 30.5550231934, 22.7715587616, 13.1218509674, 8.12738990784, 6.31879663467, 5.49472856522, 4.10239887238, 2.56352686882, 1.61527740955, 0.733182728291, 0.269914150238, 0.0705629140139, 0.0149558149278, 0.000833927886561, 4.79675109091e-05, 4.55612062069e-05],
        "min": [5.91114512645e-05, 0.000549265882, 0.00215772655793, 0.0199348721653, 0.0206602290273, 0.0114648640156, 0.0183672495186, 0.0141342217103, 0.0746116563678, 0.0682640075684, 0.0790174230933, 0.0533202178776, 0.0568303279579, 0.0661057457328, 0.0308991745114, 0.0626630038023, 0.0921115204692, 0.182495579123, 0.171117559075, 0.0975360944867, 0.13515047729, 0.441702723503, 0.381135821342, 0.294272542, 0.324880689383, 0.168459966779, 0.110616192222, 0.0726094245911, 0.0418006591499, 0.040395617485, 0.0104260863736, 0.022260889411, 0.00742410728708, 0.00195517274551, 0.000972422014456, 8.16102474346e-05, 2.16808675759e-05, 3.19812761518e-06, 1.99025816983e-06, 3.34297124027e-06],
        "var": [0.0662923082709, 8.01133441925, 80.612701416, 141.683898926, 786.008239746, 166.102874756, 136.322631836, 161.21182251, 303.710235596, 1319.90148926, 2347.65454102, 2013.73510742, 5465.97314453, 1010.56109619, 1906.13171387, 6388.60693359, 5528.21679688, 3401.84106445, 3414.30664062, 2398.80493164, 2387.46118164, 2059.54125977, 1714.91296387, 700.095336914, 489.517364502, 462.650482178, 261.339141846, 116.884895325, 79.597038269, 64.5743179321, 42.8361129761, 22.1903305054, 12.7033367157, 4.55846214294, 0.640907466412, 0.0346519909799, 0.00122299988288, 4.81536608277e-06, 2.76410250244e-09, 4.90091800476e-10]
    },
    "gfcc": {
        "mean": [44.7381210327, 85.0946655273, -133.559555054, 54.5329704285, -55.6216659546, 22.1680774689, -37.0167541504, 15.2680149078, -22.8491039276, -0.554657697678, -16.9198055267, -7.38396263123, -14.0056734085],
        "cov": [[1323.81213379, -2.20307660103, -70.7107772827, -124.84488678, -52.8142051697, 77.7262420654, -146.534484863, -47.8408355713, -113.719596863, -60.0690193176, -153.430282593, 0.327305018902, -21.9103984833], [-2.20307660103, 1103.90649414, -289.845214844, -141.206085205, 281.960754395, -83.7399597168, 178.916885376, -74.681350708, 122.996490479, -155.551574707, 118.743553162, -102.92754364, 15.2244215012], [-70.7107772827, -289.845214844, 478.201629639, 179.544937134, -41.2723083496, 79.8879547119, -42.9931373596, 5.56992340088, -61.6744918823, 68.7937088013, -49.8573265076, 45.3540306091, -8.71093940735], [-124.84488678, -141.206085205, 179.544937134, 244.084030151, 45.2084999084, 6.8154706955, -25.0613555908, 18.3435783386, 36.1279411316, 22.7020282745, -12.8641414642, 7.02585029602, 30.6242141724], [-52.8142051697, 281.960754395, -41.2723083496, 45.2084999084, 223.734588623, 28.3178157806, 86.7905044556, 19.2719535828, 59.9239501953, -22.7862205505, 25.7563304901, -25.0819149017, 10.4521741867], [77.7262420654, -83.7399597168, 79.8879547119, 6.8154706955, 28.3178157806, 171.620529175, 44.3625907898, 31.4150180817, -23.8628292084, 0.0356686487794, -11.1205806732, 1.11245107651, -0.845702946186], [-146.534484863, 178.916885376, -42.9931373596, -25.0613555908, 86.7905044556, 44.3625907898, 169.858764648, 46.4263763428, 37.4697990417, -15.4131975174, 38.4460372925, -17.1008014679, -7.75751113892], [-47.8408355713, -74.681350708, 5.56992340088, 18.3435783386, 19.2719535828, 31.4150180817, 46.4263763428, 122.116195679, 75.5102767944, 27.5902614594, 4.17946434021, 2.16937470436, 1.20525705814], [-113.719596863, 122.996490479, -61.6744918823, 36.1279411316, 59.9239501953, -23.8628292084, 37.4697990417, 75.5102767944, 153.07093811, 18.2324314117, 37.4062423706, -28.2843589783, 9.08903121948], [-60.0690193176, -155.551574707, 68.7937088013, 22.7020282745, -22.7862205505, 0.0356686487794, -15.4131975174, 27.5902614594, 18.2324314117, 94.406036377, 8.56153583527, 14.1007261276, -12.1022663116], [-153.430282593, 118.743553162, -49.8573265076, -12.8641414642, 25.7563304901, -11.1205806732, 38.4460372925, 4.17946434021, 37.4062423706, 8.56153583527, 87.2558135986, 5.95441102982, 1.61760401726], [0.327305018902, -102.92754364, 45.3540306091, 7.02585029602, -25.0819149017, 1.11245107651, -17.1008014679, 2.16937470436, -28.2843589783, 14.1007261276, 5.95441102982, 68.2849273682, 12.6162490845], [-21.9103984833, 15.2244215012, -8.71093940735, 30.6242141724, 10.4521741867, -0.845702946186, -7.75751113892, 1.20525705814, 9.08903121948, -12.1022663116, 1.61760401726, 12.6162490845, 60.6578826904]],
        "icov": [[0.00165658188052, -0.0017829145072, 0.00128026434686, -0.000943960854784, 0.0012376800878, -0.00221052928828, 0.00237601972185, -0.00161084544379, 0.00156817189418, -0.00159725372214, 0.00390421436168, -0.00195876182988, 0.0015477190027], [-0.0017829145072, 0.0083075677976, -0.0040985327214, 0.00715862447396, -0.00757822906598, 0.00591597566381, -0.00505349086598, 0.00781343318522, -0.00753242149949, 0.00958778429776, -0.00896511599422, 0.00662529794499, -0.00444241100922], [0.00128026434686, -0.0040985327214, 0.00695673935115, -0.00719199609011, 0.00449911365286, -0.00506974896416, 0.00245543615893, -0.00341455126181, 0.00525608798489, -0.00703712319955, 0.00657245609909, -0.00536279147491, 0.00440564518794], [-0.000943960854784, 0.00715862447396, -0.00719199609011, 0.0147034833208, -0.00883816648275, 0.0057262936607, -0.00219570472836, 0.0066473884508, -0.00904023461044, 0.00891835801303, -0.00664932420477, 0.00632035173476, -0.00740725174546], [0.0012376800878, -0.00757822906598, 0.00449911365286, -0.00883816648275, 0.0141256414354, -0.006457275711, 0.000843153975438, -0.00500884046778, 0.00437305076048, -0.00803813897073, 0.00786908436567, -0.00577414687723, 0.00387272424996], [-0.00221052928828, 0.00591597566381, -0.00506974896416, 0.0057262936607, -0.006457275711, 0.0132391592488, -0.00581381423399, 0.0017125440063, -0.00187507958617, 0.00707399472594, -0.00819373875856, 0.00699539203197, -0.00492680538446], [0.00237601972185, -0.00505349086598, 0.00245543615893, -0.00219570472836, 0.000843153975438, -0.00581381423399, 0.0148748103529, -0.00932768639177, 0.00601766398177, -0.00320500717498, 0.00286244344898, -0.00250716437586, 0.00435309065506], [-0.00161084544379, 0.00781343318522, -0.00341455126181, 0.0066473884508, -0.00500884046778, 0.0017125440063, -0.00932768639177, 0.0254867933691, -0.0182778518647, 0.005831876304, -0.00255415658467, 0.000416245224187, -0.00331784412265], [0.00156817189418, -0.00753242149949, 0.00525608798489, -0.00904023461044, 0.00437305076048, -0.00187507958617, 0.00601766398177, -0.0182778518647, 0.0245703551918, -0.0105893034488, 0.00172952120192, 0.00165631796699, 0.00194401829503], [-0.00159725372214, 0.00958778429776, -0.00703712319955, 0.00891835801303, -0.00803813897073, 0.00707399472594, -0.00320500717498, 0.005831876304, -0.0105893034488, 0.0263166408986, -0.0125595647842, 0.00572247896343, -0.00155656854622], [0.00390421436168, -0.00896511599422, 0.00657245609909, -0.00664932420477, 0.00786908436567, -0.00819373875856, 0.00286244344898, -0.00255415658467, 0.00172952120192, -0.0125595647842, 0.0301163885742, -0.0138571290299, 0.0062219328247], [-0.00195876182988, 0.00662529794499, -0.00536279147491, 0.00632035173476, -0.00577414687723, 0.00699539203197, -0.00250716437586, 0.000416245224187, 0.00165631796699, 0.00572247896343, -0.0138571290299, 0.0272304844111, -0.00996849127114], [0.0015477190027, -0.00444241100922, 0.00440564518794, -0.00740725174546, 0.00387272424996, -0.00492680538446, 0.00435309065506, -0.00331784412265, 0.00194401829503, -0.00155656854622, 0.0062219328247, -0.00996849127114, 0.0237245168537]]
    },
    "melbands": {
        "dmean": [0.00121823418885, 0.00227090530097, 0.00147862115409, 0.000651383306831, 0.000185123819392, 0.000139343959745, 0.000125544334878, 0.000159916569828, 0.000161439937074, 0.000120125550893, 0.000126639992232, 6.16355173406e-05, 4.60750925413e-05, 5.19288914802e-05, 6.73761242069e-05, 5.09190940647e-05, 5.18514098076e-05, 3.94504422729e-05, 3.62641658285e-05, 3.44011023117e-05, 3.11516196234e-05, 2.56659204751e-05, 2.65374983428e-05, 2.0154628146e-05, 1.52692973643e-05, 1.30762809931e-05, 1.05751596493e-05, 8.79835170053e-06, 6.08792470302e-06, 3.62642776963e-06, 3.29095655616e-06, 2.61066111307e-06, 2.32757224694e-06, 1.99721011995e-06, 1.72535146703e-06, 1.3641017631e-06, 1.20260767744e-06, 9.32275099785e-07, 8.10228641512e-07, 5.21947640664e-07],
        "dmean2": [0.00199359399267, 0.00382367544807, 0.00257636327296, 0.00110632937867, 0.000311490352033, 0.000230528210523, 0.000204795971513, 0.000245743634878, 0.000248563737841, 0.000183890864719, 0.000183420313988, 9.50169633143e-05, 7.15774003766e-05, 7.98501787358e-05, 0.000100735218439, 7.69524267525e-05, 7.9126773926e-05, 5.96886093263e-05, 5.4997526604e-05, 5.39312022738e-05, 5.09378951392e-05, 4.09257372667e-05, 4.26173537562e-05, 3.33889474859e-05, 2.60491779045e-05, 2.18547629629e-05, 1.75314016815e-05, 1.48102062667e-05, 9.99571057037e-06, 5.95563324168e-06, 5.49574770048e-06, 4.21362483394e-06, 3.78060235562e-06, 3.06305537379e-06, 2.66644701696e-06, 2.05634592021e-06, 1.80654865289e-06, 1.38323161991e-06, 1.11449514861e-06, 7.39167433039e-07],
        "dvar": [5.69814619666e-06, 2.07417106139e-05, 7.22653430785e-06, 2.11170163311e-06, 1.08569338408e-07, 7.44364854199e-08, 6.49834390742e-08, 1.11109457634e-07, 1.11304018446e-07, 4.19497752091e-08, 5.51140111327e-08, 1.27572974407e-08, 8.57806981003e-09, 1.40476243971e-08, 1.83328925374e-08, 7.01492686161e-09, 7.04979319366e-09, 3.14097126086e-09, 4.31131219614e-09, 2.8745443803e-09, 2.06883177256e-09, 1.24844778959e-09, 9.94276549982e-10, 7.62524376974e-10, 3.83562320794e-10, 1.99222124908e-10, 1.78277309582e-10, 1.56793050765e-10, 6.68309227403e-11, 2.16899380401e-11, 2.21664145372e-11, 1.29848770625e-11, 1.00199050446e-11, 8.20121748291e-12, 6.44120390705e-12, 5.08115077791e-12, 4.04158043837e-12, 2.27551094287e-12, 2.74458689282e-12, 1.2981264284e-12],
        "dvar2": [1.301966131e-05, 5.51082266611e-05, 1.9405159037e-05, 5.57787643629e-06, 2.79329725572e-07, 2.01272285949e-07, 1.80698478403e-07, 2.63250825583e-07, 2.44002933414e-07, 9.21423293221e-08, 1.1067909611e-07, 2.95790201221e-08, 1.97614671293e-08, 3.02706659738e-08, 3.8011457093e-08, 1.4820109584e-08, 1.65385731776e-08, 6.78278455624e-09, 9.42976718932e-09, 6.39346264819e-09, 5.17657916532e-09, 3.02679126207e-09, 2.51567855436e-09, 1.96348204362e-09, 1.04445263549e-09, 5.40779088176e-10, 4.7515474888e-10, 4.21876755752e-10, 1.73615066767e-10, 5.6491873679e-11, 5.79357221919e-11, 3.04162771358e-11, 2.50873731511e-11, 1.83870401543e-11, 1.42507082523e-11, 1.13440064634e-11, 9.40266874777e-12, 3.99455815647e-12, 4.69654653709e-12, 2.20755445174e-12],
        "max": [0.0220847185701, 0.0298752337694, 0.0193507522345, 0.0177682805806, 0.00499973446131, 0.00361700099893, 0.00384179805405, 0.00428570527583, 0.0048585026525, 0.00326122785918, 0.00254203006625, 0.00157831620891, 0.00130599259865, 0.00273712910712, 0.00171989703085, 0.000892430718523, 0.000921644095797, 0.000937002012506, 0.000991932931356, 0.000774582556915, 0.000691234366968, 0.000592749915086, 0.000341495760949, 0.00037451920798, 0.000206484066439, 0.000147358688992, 0.000147218044731, 0.000133151101181, 0.000109137290565, 4.83493968204e-05, 5.56535123906e-05, 4.1754279664e-05, 3.80030687666e-05, 5.82864304306e-05, 3.77974320145e-05, 3.68023793271e-05, 3.01441814372e-05, 2.09409699892e-05, 3.35210352205e-05, 2.27569580602e-05],
        "mean": [0.00172741676215, 0.00329864071682, 0.00205198000185, 0.000867685303092, 0.000293501856504, 0.00022016717412, 0.000213026141864, 0.000216773536522, 0.000245615228778, 0.000204299096367, 0.000222643167945, 0.000102734586108, 7.88728066254e-05, 9.35847274377e-05, 0.000116889765195, 8.88572467375e-05, 8.57563354657e-05, 7.81189373811e-05, 6.60591249471e-05, 6.11892755842e-05, 5.76497113798e-05, 5.14445528097e-05, 5.21704241692e-05, 3.55772936018e-05, 2.83269437205e-05, 2.78672669083e-05, 2.24149644055e-05, 1.75179702637e-05, 1.22864194054e-05, 7.28503937353e-06, 6.40152438791e-06, 5.33120282853e-06, 4.94977257404e-06, 4.29828151027e-06, 3.70785005543e-06, 2.85691680801e-06, 2.46796230385e-06, 1.96014298126e-06, 1.57687736646e-06, 9.22622859889e-07],
        "median": [0.000922173028812, 0.00215334910899, 0.00143381953239, 0.000442557095084, 0.000174898596015, 0.000130822940264, 0.000129572712467, 7.96617750893e-05, 0.000140324191307, 0.000116278824862, 8.16892716102e-05, 6.44349420327e-05, 3.67324464605e-05, 4.42564742116e-05, 4.97727451148e-05, 4.35838992416e-05, 4.70856648462e-05, 4.80175585835e-05, 4.10379834648e-05, 4.15651375079e-05, 4.13193811255e-05, 3.94294802391e-05, 4.02789519285e-05, 2.50157991104e-05, 2.3087259251e-05, 2.41421712417e-05, 1.86863744602e-05, 1.35610835059e-05, 8.74235865922e-06, 5.27211659573e-06, 4.13034604207e-06, 3.3865082969e-06, 3.34282776748e-06, 2.77318281405e-06, 2.39462269747e-06, 1.78687673724e-06, 1.40791007652e-06, 1.132485977e-06, 8.75290822933e-07, 4.85779537485e-07],
        "min": [7.37733103051e-07, 9.82671963357e-07, 3.28732085109e-06, 1.44190482843e-06, 5.01491399518e-07, 3.44786258211e-07, 9.01829082522e-07, 6.4862410909e-07, 4.99556392697e-07, 2.29777555205e-07, 2.06634339861e-07, 2.32716615756e-07, 1.32102144335e-07, 9.38139237405e-08, 1.8097560428e-07, 1.95093875277e-07, 2.77406314808e-07, 2.3989881015e-07, 1.19913607932e-07, 1.27409052197e-07, 1.24491307929e-07, 3.83268201176e-07, 5.01697513755e-07, 1.37308830972e-07, 2.19078600594e-07, 2.72028984227e-07, 1.51892550093e-07, 9.76007896725e-08, 7.7174242108e-08, 1.79429893166e-08, 3.75311088874e-08, 2.03789269904e-08, 1.99205558715e-08, 1.64568163541e-08, 4.98295937845e-09, 5.81457504367e-09, 1.40141409588e-08, 2.69139444065e-09, 1.76057557422e-09, 2.59000626501e-10],
