{
"highlevel": {
    "danceability": {
        "all": {
            "danceable": 0.606989383698,
            "not_danceable": 0.3930105865
        },
        "probability": 0.606989383698,
        "value": "danceable"
    },
    "gender": {
        "all": {
            "female": 0.022745674476,
            "male": 0.977254331112
        },
        "probability": 0.977254331112,
        "value": "male"
    },
    "genre_dortmund": {
        "all": {
            "alternative": 0.0871214568615,
            "blues": 0.0401564948261,
            "electronic": 0.0155265135691,
            "folkcountry": 0.0448908545077,
            "funksoulrnb": 0.0356588996947,
            "jazz": 0.00259702582844,
            "pop": 0.0695653185248,
            "raphiphop": 0.143764287233,
            "rock": 0.560719132423
        },
        "probability": 0.560719132423,
        "value": "rock"
    },
    "genre_electronic": {
        "all": {
            "ambient": 0.203778862953,
            "dnb": 0.256975084543,
            "house": 0.0893881842494,
            "techno": 0.0314049050212,
            "trance": 0.418452948332
        },
        "probability": 0.418452948332,
        "value": "trance"
    },
    "genre_rosamerica": {
        "all": {
            "cla": 0.0103763407096,
            "dan": 0.0947932451963,
            "hip": 0.115534000099,
            "jaz": 0.0127366203815,
            "pop": 0.31040546298,
            "rhy": 0.314508289099,
            "roc": 0.132369026542,
            "spe": 0.00927702058107
        },
        "probability": 0.314508289099,
        "value": "rhy"
    },
    "genre_tzanetakis": {
        "all": {
            "blu": 0.0656354576349,
            "cla": 0.0364576987922,
            "cou": 0.10938680917,
            "dis": 0.0656806901097,
            "hip": 0.109497398138,
            "jaz": 0.328622549772,
            "met": 0.0657293498516,
            "pop": 0.0821348428726,
            "reg": 0.054743796587,
            "roc": 0.0821114182472
        },
        "probability": 0.328622549772,
        "value": "jaz"
    },
    "ismir04_rhythm": {
        "all": {
            "ChaChaCha": 0.0186005346477,
            "Jive": 0.134429261088,
            "Quickstep": 0.134920507669,
            "Rumba-American": 0.0116217778996,
            "Rumba-International": 0.0607968010008,
            "Rumba-Misc": 0.00847714859992,
            "Samba": 0.574119448662,
            "Tango": 0.0071242377162,
            "VienneseWaltz": 0.0438653938472,
            "Waltz": 0.00604486325756
        },
        "probability": 0.574119448662,
        "value": "Samba"
    },
    "mood_acoustic": {
        "all": {
            "acoustic": 0.0978963524103,
            "not_acoustic": 0.902103662491
        },
        "probability": 0.902103662491,
        "value": "not_acoustic"
    },
    "mood_aggressive": {
        "all": {
            "aggressive": 0.0939171016216,
            "not_aggressive": 0.906082868576
        },
        "probability": 0.906082868576,
        "value": "not_aggressive"
    },
    "mood_electronic": {
        "all": {
            "electronic": 0.194958940148,
            "not_electronic": 0.805041074753
        },
        "probability": 0.805041074753,
        "value": "not_electronic"
    },
    "mood_happy": {
        "all": {
            "happy": 0.753453433514,
            "not_happy": 0.246546596289
        },
        "probability": 0.753453433514,
        "value": "happy"
    },
    "mood_party": {
        "all": {
            "not_party": 0.690951526165,
            "party": 0.309048503637
        },
        "probability": 0.690951526165,
        "value": "not_party"
    },
    "mood_relaxed": {
        "all": {
            "not_relaxed": 0.888580679893,
            "relaxed": 0.111419305205
        },
        "probability": 0.888580679893,
        "value": "not_relaxed"
    },
    "mood_sad": {
        "all": {
            "not_sad": 0.823162794113,
            "sad": 0.176837220788
        },
        "probability": 0.823162794113,
        "value": "not_sad"
    },
    "moods_mirex": {
        "all": {
            "Cluster1": 0.0903907120228,
            "Cluster2": 0.0818829312921,
            "Cluster3": 0.610086679459,
            "Cluster4": 0.147521957755,
            "Cluster5": 0.0701177045703
        },
        "probability": 0.610086679459,
        "value": "Cluster3"
    },
    "timbre": {
        "all": {
            "bright": 0.640049934387,
            "dark": 0.359950065613
        },
        "probability": 0.640049934387,
        "value": "bright"
    },
    "tonal_atonal": {
        "all": {
            "atonal": 0.33846116066,
            "tonal": 0.66153883934
        },
        "probability": 0.66153883934,
        "value": "tonal"
    },
    "voice_instrumental": {
        "all": {
            "instrumental": 0.000377661403036,
            "voice": 0.999622344971
        },
        "probability": 0.999622344971,
        "value": "voice"
    }
},
"lowlevel": {
    "average_loudness": 0.973404824734,
    "barkbands_crest": {
        "dmean": 2.66673779488,
        "dmean2": 4.17905855179,
        "dvar": 6.79662561417,
        "dvar2": 15.5863008499,
        "max": 26.1313018799,
        "mean": 10.0658388138,
        "median": 9.00578594208,
        "min": 3.12388682365,
        "var": 18.4499378204
    },
    "barkbands_flatness_db": {
        "dmean": 0.021042842418,
        "dmean2": 0.0311534237117,
        "dvar": 0.000398063479224,
        "dvar2": 0.000841917586513,
        "max": 0.315215110779,
        "mean": 0.141900464892,
        "median": 0.1346642524,
        "min": 0.0517180301249,
        "var": 0.00197828630917
    },
    "barkbands_kurtosis": {
        "dmean": 3.45100212097,
        "dmean2": 5.1350402832,
        "dvar": 74.6051940918,
        "dvar2": 153.412796021,
        "max": 168.144561768,
        "mean": 4.28385639191,
        "median": 1.24184370041,
        "min": -1.91539061069,
        "var": 133.33946228
    },
    "barkbands_skewness": {
        "dmean": 0.602835297585,
        "dmean2": 0.852000594139,
        "dvar": 0.474517345428,
        "dvar2": 0.887895703316,
        "max": 11.8266572952,
        "mean": 1.49879395962,
        "median": 1.26585066319,
        "min": -3.90161395073,
        "var": 2.04056167603
    },
    "barkbands_spread": {
        "dmean": 6.8566069603,
        "dmean2": 10.052271843,
        "dvar": 74.3569946289,
        "dvar2": 140.37046814,
        "max": 115.319862366,
        "mean": 26.5358505249,
        "median": 22.104932785,
        "min": 1.34697151184,
        "var": 302.821716309
    },
    "dissonance": {
        "dmean": 0.0172738004476,
        "dmean2": 0.0293676294386,
        "dvar": 0.000310131727019,
        "dvar2": 0.000817177351564,
        "max": 0.5,
        "mean": 0.467205226421,
        "median": 0.473694264889,
        "min": 0.244582355022,
        "var": 0.000661925645545
    },
    "dynamic_complexity": 1.68556189537,
    "erbbands_crest": {
        "dmean": 2.6993303299,
        "dmean2": 4.27880239487,
        "dvar": 6.62249135971,
        "dvar2": 16.0944461823,
        "max": 26.2290325165,
        "mean": 8.47522926331,
        "median": 7.42185497284,
        "min": 2.34096312523,
        "var": 19.2361373901
    },
    "erbbands_flatness_db": {
        "dmean": 0.0181719586253,
        "dmean2": 0.0253507550806,
        "dvar": 0.000302217958961,
        "dvar2": 0.00053839496104,
        "max": 0.313472926617,
        "mean": 0.147134318948,
        "median": 0.140861824155,
        "min": 0.0637974590063,
        "var": 0.00195320788771
    },
    "erbbands_kurtosis": {
        "dmean": 0.943311870098,
        "dmean2": 1.4395775795,
        "dvar": 2.25196385384,
        "dvar2": 4.43532323837,
        "max": 35.8798408508,
        "mean": 0.492884457111,
        "median": -0.264806747437,
        "min": -1.69294214249,
        "var": 6.80398035049
    },
    "erbbands_skewness": {
        "dmean": 0.363140553236,
        "dmean2": 0.541317522526,
        "dvar": 0.134468615055,
        "dvar2": 0.275931686163,
        "max": 2.61064648628,
        "mean": 0.023669378832,
        "median": 0.0911642536521,
        "min": -4.72239398956,
        "var": 0.649352788925
    },
    "erbbands_spread": {
        "dmean": 9.65109443665,
        "dmean2": 14.1991147995,
        "dvar": 110.755142212,
        "dvar2": 231.743011475,
        "max": 129.91734314,
        "mean": 41.2808494568,
        "median": 38.8869400024,
        "min": 5.0119805336,
        "var": 390.52734375
    },
    "hfc": {
        "dmean": 12.1309518814,
        "dmean2": 16.2103843689,
        "dvar": 640.799560547,
        "dvar2": 888.998840332,
        "max": 658.128601074,
        "mean": 37.4305725098,
        "median": 25.1708908081,
        "min": 1.0720615387,
        "var": 3041.81933594
    },
    "melbands_crest": {
        "dmean": 3.31545376778,
        "dmean2": 5.35497760773,
        "dvar": 9.85415744781,
        "dvar2": 24.4645271301,
        "max": 32.8136863708,
        "mean": 14.7891149521,
        "median": 13.9235887527,
        "min": 3.83681130409,
        "var": 29.1071338654
    },
    "melbands_flatness_db": {
        "dmean": 0.0257823839784,
        "dmean2": 0.0366901122034,
        "dvar": 0.000605116831139,
        "dvar2": 0.00119771412574,
        "max": 0.411480247974,
        "mean": 0.193737834692,
        "median": 0.185120776296,
        "min": 0.0484523512423,
        "var": 0.00399094447494
    },
    "melbands_kurtosis": {
        "dmean": 9.02849674225,
        "dmean2": 13.395699501,
        "dvar": 356.772827148,
        "dvar2": 734.832580566,
        "max": 275.686920166,
        "mean": 15.4861488342,
        "median": 7.46182155609,
        "min": -1.87748873234,
        "var": 706.183227539
    },
    "melbands_skewness": {
        "dmean": 0.82752341032,
        "dmean2": 1.18957853317,
        "dvar": 0.892518699169,
        "dvar2": 1.69864046574,
        "max": 12.7842597961,
        "mean": 2.83186984062,
        "median": 2.49665927887,
        "min": -1.0666577816,
        "var": 3.76354002953
    },
    "melbands_spread": {
        "dmean": 8.17170524597,
        "dmean2": 11.7417545319,
        "dvar": 147.776794434,
        "dvar2": 272.584686279,
        "max": 292.22052002,
        "mean": 27.6321125031,
        "median": 22.3111362457,
        "min": 0.908531963825,
        "var": 679.020629883
    },
    "pitch_salience": {
        "dmean": 0.081064209342,
        "dmean2": 0.129462555051,
        "dvar": 0.00599356135353,
        "dvar2": 0.0140534080565,
        "max": 0.817004978657,
        "mean": 0.535892784595,
        "median": 0.539238929749,
        "min": 0.0866797268391,
        "var": 0.014706581831
    },
    "silence_rate_20dB": {
        "dmean": 0,
        "dmean2": 0,
        "dvar": 0,
        "dvar2": 0,
        "max": 1,
        "mean": 1,
        "median": 1,
        "min": 1,
        "var": 0
    },
    "silence_rate_30dB": {
        "dmean": 0.0294117648154,
        "dmean2": 0.0588690936565,
        "dvar": 0.0285471063107,
        "dvar2": 0.070894241333,
        "max": 1,
        "mean": 0.976024746895,
        "median": 1,
        "min": 0,
        "var": 0.023400189355
    },
    "silence_rate_60dB": {
        "dmean": 0,
        "dmean2": 0,
        "dvar": 0,
        "dvar2": 0,
        "max": 0,
        "mean": 0,
        "median": 0,
        "min": 0,
        "var": 0
    },
    "spectral_centroid": {
        "dmean": 273.8359375,
        "dmean2": 399.804382324,
        "dvar": 103157.867188,
        "dvar2": 200362.75,
        "max": 6285.27197266,
        "mean": 1489.8527832,
        "median": 1395.33581543,
        "min": 350.193328857,
        "var": 538343.0625
    },
    "spectral_complexity": {
        "dmean": 4.12074279785,
        "dmean2": 6.20526742935,
        "dvar": 15.7995929718,
        "dvar2": 30.9702835083,
        "max": 55,
        "mean": 23.0649642944,
        "median": 22,
        "min": 4,
        "var": 78.4396591187
    },
    "spectral_decrease": {
        "dmean": 2.67231969886e-09,
        "dmean2": 3.8607690378e-09,
        "dvar": 1.14072664975e-17,
        "dvar2": 2.05221557828e-17,
        "max": -7.49631190455e-10,
        "mean": -1.013830353e-08,
        "median": -9.08764352658e-09,
        "min": -3.72470516652e-08,
        "var": 3.51136085534e-17
    },
    "spectral_energy": {
        "dmean": 0.010654903017,
        "dmean2": 0.0152138927951,
        "dvar": 0.000167822960066,
        "dvar2": 0.000299793377053,
        "max": 0.143217533827,
        "mean": 0.0416593626142,
        "median": 0.0375225804746,
        "min": 0.00292651890777,
        "var": 0.000542703084648
    },
    "spectral_energyband_high": {
        "dmean": 0.00102629896719,
        "dmean2": 0.00134894123767,
        "dvar": 9.39802066569e-06,
        "dvar2": 1.27177700051e-05,
        "max": 0.076607093215,
        "mean": 0.00226046820171,
        "median": 0.000628930923995,
        "min": 1.82429939741e-05,
        "var": 4.34372486779e-05
    },
    "spectral_energyband_low": {
        "dmean": 0.0080724703148,
        "dmean2": 0.0117266206071,
        "dvar": 0.000166046243976,
        "dvar2": 0.000297764752759,
        "max": 0.129389360547,
        "mean": 0.0201747715473,
        "median": 0.0148090794683,
        "min": 2.00891918212e-06,
        "var": 0.000444547855295
    },
    "spectral_energyband_middle_high": {
        "dmean": 0.0033194872085,
        "dmean2": 0.00469725625589,
        "dvar": 1.98195702978e-05,
        "dvar2": 3.8858037442e-05,
        "max": 0.0556857511401,
        "mean": 0.00868803355843,
        "median": 0.00553934602067,
        "min": 0.000325497851009,
        "var": 7.8832716099e-05
    },
    "spectral_energyband_middle_low": {
        "dmean": 0.00457925023511,
        "dmean2": 0.00735099613667,
        "dvar": 4.45144578407e-05,
        "dvar2": 0.000118646887131,
        "max": 0.0851324051619,
        "mean": 0.0117191625759,
        "median": 0.0103253629059,
        "min": 0.000939682766329,
        "var": 6.0012916947e-05
    },
    "spectral_entropy": {
        "dmean": 0.155115783215,
        "dmean2": 0.219052284956,
        "dvar": 0.02531398274,
        "dvar2": 0.0457530319691,
        "max": 8.83017349243,
        "mean": 7.70537853241,
        "median": 7.66780185699,
        "min": 6.56605005264,
        "var": 0.144230648875
    },
    "spectral_flux": {
        "dmean": 0.0305511020124,
        "dmean2": 0.0483521483839,
        "dvar": 0.000946340151131,
        "dvar2": 0.00226085609756,
        "max": 0.323016434908,
        "mean": 0.109040677547,
        "median": 0.0980109721422,
        "min": 0.0216555949301,
        "var": 0.0025004404597
    },
    "spectral_kurtosis": {
        "dmean": 1.39358484745,
        "dmean2": 2.20063900948,
        "dvar": 2.37912011147,
        "dvar2": 5.90721082687,
        "max": 20.3572254181,
        "mean": 3.74669408798,
        "median": 3.30906820297,
        "min": -1.11844146252,
        "var": 6.6528263092
    },
    "spectral_rms": {
        "dmean": 0.000809015415143,
        "dmean2": 0.00113808969036,
        "dvar": 7.86689327015e-07,
        "dvar2": 1.36835717512e-06,
        "max": 0.0118205081671,
        "mean": 0.00613636896014,
        "median": 0.00605040462688,
        "min": 0.00168971600942,
        "var": 2.98821532851e-06
    },
    "spectral_rolloff": {
        "dmean": 532.647827148,
        "dmean2": 858.760375977,
        "dvar": 1035364.4375,
        "dvar2": 2025989.125,
        "max": 11046.5332031,
        "mean": 1620.93334961,
        "median": 1248.92578125,
        "min": 64.599609375,
        "var": 3075624.5
    },
    "spectral_skewness": {
        "dmean": 0.224998325109,
        "dmean2": 0.344558745623,
        "dvar": 0.0452968068421,
        "dvar2": 0.100669205189,
        "max": 2.81836938858,
        "mean": 1.43449306488,
        "median": 1.43714344501,
        "min": -0.27032622695,
        "var": 0.203523233533
    },
    "spectral_spread": {
        "dmean": 630258.75,
        "dmean2": 835680.0625,
        "dvar": 633905741824,
        "dvar2": 935974338560,
        "max": 14860987,
        "mean": 4775618,
        "median": 4631626.5,
        "min": 1925482.5,
        "var": 2.71220604928e+12
    },
    "spectral_strongpeak": {
        "dmean": 0.763876497746,
        "dmean2": 1.30165874958,
        "dvar": 4.2762389183,
        "dvar2": 12.1639051437,
        "max": 44.3148193359,
        "mean": 1.12980091572,
        "median": 0.43142452836,
        "min": 0,
        "var": 4.46336317062
    },
    "zerocrossingrate": {
        "dmean": 0.0119390813634,
        "dmean2": 0.0129521237686,
        "dvar": 0.000244696217123,
        "dvar2": 0.000237281710724,
        "max": 0.37158203125,
        "mean": 0.0643307715654,
        "median": 0.056640625,
        "min": 0.005859375,
        "var": 0.00205484079197
    },
    "barkbands": {
        "dmean": [0.000411281740526, 0.00671878596768, 0.00310522015207, 0.00171044399031, 0.00151571223978, 0.00105710537173, 0.00108052126598, 0.000865185225848, 0.00102798605803, 0.000603221764322, 0.000684420403559, 0.000781977490988, 0.000882863358129, 0.000750288483687, 0.000494299922138, 0.000440704461653, 0.000401689496357, 0.00042405386921, 0.000190727019799, 0.000161462943652, 0.000144308651215, 0.000238301901845, 0.000266820919933, 0.000283754023258, 0.000163185643032, 5.91971220274e-05, 1.15973627146e-07],
        "dmean2": [0.000681002973579, 0.00966309942305, 0.00511998357251, 0.00299284490757, 0.0025500417687, 0.00169882492628, 0.00165534752887, 0.00132185628172, 0.00155821524095, 0.00096321455203, 0.00104865001049, 0.00121350865811, 0.00136187218595, 0.00111898302566, 0.000755885965191, 0.000710784166586, 0.000620669859927, 0.000636956596281, 0.00029686911148, 0.000250869430602, 0.000223914816161, 0.000351079244865, 0.000393018679461, 0.000362982915249, 0.000227384676691, 8.87263740879e-05, 2.04850991281e-07],
        "dvar": [3.49700286506e-07, 0.000137081195135, 4.34910762124e-05, 1.46879792737e-05, 5.63727553526e-06, 2.73258046946e-06, 6.61344756736e-06, 2.70756959253e-06, 3.33700199917e-06, 2.1379419195e-06, 5.25215955349e-06, 4.15260956288e-06, 5.55351243747e-06, 2.99316843666e-06, 1.48845731474e-06, 9.47726050526e-07, 6.91091713634e-07, 9.60563397712e-07, 1.10191415104e-07, 7.26719520117e-08, 1.00396128744e-07, 3.86908254768e-07, 6.54068969652e-07, 1.602985094e-06, 5.77083483222e-07, 8.24769585961e-08, 1.61941098552e-12],
        "dvar2": [8.1737647406e-07, 0.000239639892243, 0.000106010498712, 4.02314944949e-05, 1.5300423911e-05, 6.45036834612e-06, 1.38487102959e-05, 5.96094832872e-06, 6.61577087158e-06, 4.90062484459e-06, 1.20165686894e-05, 8.44540227263e-06, 1.1878285477e-05, 5.69696021557e-06, 3.32950526172e-06, 2.40719236899e-06, 1.43940781072e-06, 1.90234266029e-06, 2.75162619801e-07, 1.70062619986e-07, 2.13773674318e-07, 6.6462871473e-07, 1.24065957152e-06, 2.41498969444e-06, 9.26932671064e-07, 1.5771340145e-07, 4.20428448999e-12],
        "max": [0.00678352499381, 0.123203150928, 0.0605850256979, 0.0387967638671, 0.0249197315425, 0.0209918711334, 0.0749088823795, 0.0245775990188, 0.032411146909, 0.0228563882411, 0.0430490933359, 0.0425517484546, 0.0390681922436, 0.027585528791, 0.0158104337752, 0.0124671375379, 0.0141336424276, 0.013599993661, 0.00529868900776, 0.00323921232484, 0.00702804792672, 0.0190349705517, 0.016183257103, 0.0455529801548, 0.0173638984561, 0.0071352943778, 3.71648529836e-05],
        "mean": [0.000612723699305, 0.0132600013167, 0.00521907256916, 0.0021530657541, 0.00273220753297, 0.00176933081821, 0.00180437834933, 0.00131791853346, 0.00177798361983, 0.000945616222452, 0.000929077912588, 0.00127503660042, 0.00123843504116, 0.00108914345037, 0.000698370393366, 0.000676561205182, 0.000673699076287, 0.000707176222932, 0.000360225501936, 0.000298411236145, 0.000280800799374, 0.000438749964815, 0.000495478161611, 0.000527824216988, 0.000282658525975, 9.52517002588e-05, 1.48860948457e-07],
        "median": [0.000328741152771, 0.00830074958503, 0.00224045664072, 0.000982030876912, 0.00177350232843, 0.0010193400085, 0.000824167742394, 0.000504407042172, 0.000701758544892, 0.000324230699334, 0.000277967308648, 0.000361226353562, 0.00024509121431, 0.000293391436571, 0.000223719369387, 0.000261170091107, 0.000302218948491, 0.0002638232545, 0.000196390377823, 0.000131684777443, 8.09157863841e-05, 0.000157948263222, 0.000121800148918, 7.66356533859e-05, 3.76152856916e-05, 1.40858210216e-05, 7.48900219616e-10],
        "min": [1.69747824685e-08, 3.25212567986e-07, 5.82531242799e-07, 1.15804471079e-06, 1.07560354081e-05, 1.0110356925e-05, 5.72431554247e-06, 6.81050460116e-06, 1.68720525835e-05, 8.62007891556e-06, 1.72684519839e-06, 3.32545369019e-06, 7.93026265455e-06, 2.03699000849e-05, 7.01896124156e-06, 4.47403135695e-06, 6.20804212303e-06, 2.45125829679e-06, 4.79471418657e-06, 1.23862946566e-06, 1.09511245228e-06, 1.815704195e-06, 1.09349923605e-06, 9.07258534966e-09, 1.36087946467e-10, 3.24714109767e-11, 8.43479539686e-12],
        "var": [5.84355404953e-07, 0.00029655022081, 5.46368028154e-05, 1.22908577396e-05, 8.14484974399e-06, 5.02317561768e-06, 1.03802321973e-05, 5.59774298381e-06, 7.66243374528e-06, 4.75208662465e-06, 6.97347604728e-06, 1.02044932646e-05, 1.03969059637e-05, 6.53768347547e-06, 2.36633400164e-06, 1.81128450549e-06, 1.42548776694e-06, 1.86408999525e-06, 2.29918100558e-07, 1.68637427578e-07, 2.78119927088e-07, 1.43312331602e-06, 2.06316803997e-06, 7.43197415431e-06, 1.79258881872e-06, 1.75028674221e-07, 3.44697794613e-12]
    },
    "erbbands": {
        "dmean": [0.192999988794, 1.64806485176, 3.66898012161, 4.51751565933, 5.23816680908, 5.51676130295, 7.52832126617, 8.4143447876, 11.6987285614, 18.6095237732, 21.2092247009, 21.9610862732, 17.4354972839, 20.9523010254, 24.7716026306, 29.1385936737, 36.7602462769, 35.1117744446, 26.3819198608, 29.0394515991, 21.9670181274, 22.2735290527, 24.8511734009, 9.68483352661, 10.1496562958, 7.09286117554, 6.02868938446, 6.53647661209, 8.13498020172, 8.88237857819, 7.96665477753, 6.78850793839, 4.46125078201, 2.06888818741, 1.11393201351, 0.430962145329, 0.0776962861419, 0.00496972445399, 0.000115914001071, 2.07651792152e-05],
        "dmean2": [0.278281539679, 2.39510393143, 5.87883043289, 7.77035713196, 9.03939437866, 9.19747829437, 12.2622413635, 13.5463876724, 18.6011962891, 27.9704170227, 32.2396278381, 33.3317184448, 27.682849884, 31.0822181702, 38.4202346802, 43.8458938599, 54.4769554138, 51.9554901123, 40.6892127991, 43.1917304993, 32.8408355713, 33.7605171204, 37.274143219, 15.0763092041, 15.2117319107, 11.060177803, 9.16665363312, 10.3452100754, 11.8637657166, 12.5017595291, 12.3324174881, 10.129281044, 6.24841070175, 3.02989864349, 1.55226933956, 0.633487701416, 0.123123675585, 0.00830879155546, 0.000180532893864, 2.91679734801e-05],
        "dvar": [0.10457778722, 9.03256225586, 62.5112228394, 94.2437744141, 83.9228973389, 78.5470809937, 114.545280457, 222.859130859, 528.913208008, 2741.17773438, 1515.16796875, 2116.12963867, 1431.23718262, 4145.71337891, 4745.57861328, 5115.90771484, 8271.46972656, 7360.29589844, 2859.09545898, 6988.25830078, 2210.24243164, 1829.46105957, 3544.31396484, 425.841094971, 328.189666748, 151.989379883, 139.677093506, 253.733459473, 420.419128418, 795.015014648, 615.373352051, 1077.56201172, 432.313812256, 91.9263076782, 26.9133071899, 4.0384812355, 0.163305044174, 0.000535009778105, 2.87225589091e-07, 2.71233746574e-09],
        "dvar2": [0.198024868965, 15.8850364685, 148.832687378, 248.856292725, 234.784515381, 211.893493652, 289.655395508, 525.107421875, 1178.68395996, 5339.49511719, 3609.63598633, 4486.04589844, 3571.76074219, 8126.84912109, 11024.0136719, 10145.8984375, 16851.4296875, 13892.0429688, 6199.92431641, 15494.4150391, 4956.21191406, 3691.61816406, 7318.38720703, 1034.67480469, 713.743896484, 347.592834473, 310.060760498, 548.300170898, 780.37677002, 1281.03381348, 1346.79736328, 1935.12243652, 900.619262695, 158.064147949, 42.4268302917, 7.23846197128, 0.355885088444, 0.00135554431472, 5.89518776906e-07, 4.56917437219e-09],
        "max": [2.94847917557, 31.6580524445, 74.0154037476, 93.6862716675, 91.8550643921, 99.2382507324, 99.2421951294, 170.339447021, 367.222625732, 1493.48461914, 629.045776367, 745.369140625, 525.099731445, 1679.15405273, 1096.04064941, 1392.84997559, 1801.40881348, 1254.15307617, 780.319519043, 1323.95422363, 804.450195312, 847.383850098, 799.544067383, 363.323974609, 301.205963135, 178.789886475, 219.99369812, 387.719451904, 672.237976074, 863.209289551, 538.776306152, 1087.54858398, 692.612487793, 229.801483154, 110.24155426, 47.4116973877, 10.3389844894, 0.393694639206, 0.0110826045275, 0.00137037283275],
        "mean": [0.376838833094, 2.94937467575, 6.53350687027, 6.60294246674, 8.05288124084, 9.17529201508, 12.6522321701, 14.0139970779, 20.6065578461, 29.5451927185, 36.9980888367, 37.0304679871, 28.8185157776, 33.9143295288, 37.4019088745, 50.6677589417, 58.9701957703, 54.7439804077, 38.5128135681, 42.3211669922, 38.7782096863, 41.9441299438, 42.7294502258, 19.0014019012, 20.111164093, 13.721739769, 10.882774353, 12.4629507065, 14.8893289566, 16.5630168915, 14.1405544281, 12.5002059937, 7.34813499451, 3.3513777256, 1.95042788982, 0.717377007008, 0.115685068071, 0.0063439453952, 0.000205283096875, 6.79338918417e-05],
        "median": [0.225079804659, 1.71555602551, 3.21441245079, 4.03615665436, 4.95307731628, 5.93533420563, 7.7208070755, 7.96222734451, 9.47305011749, 12.1276912689, 16.8866481781, 14.3929243088, 12.8757801056, 12.4895801544, 12.5992441177, 13.9567079544, 12.5632743835, 15.2609701157, 14.5897293091, 12.6497831345, 15.6540269852, 19.9826259613, 16.6082935333, 10.9430685043, 9.89418315887, 6.1544213295, 3.82394909859, 3.40341448784, 5.21994400024, 4.86790990829, 3.04680967331, 1.8817769289, 1.02477800846, 0.439235925674, 0.261209189892, 0.0971733853221, 0.0171332620084, 0.000925711297896, 4.95509884786e-05, 5.00048627146e-05],
        "min": [6.14377768215e-06, 9.26787251956e-05, 0.000697321433108, 0.00400534411892, 0.0077380137518, 0.0674117878079, 0.0882274135947, 0.105518512428, 0.201533898711, 0.108834803104, 0.62725019455, 0.469478517771, 0.509517669678, 0.390473037958, 0.126008629799, 0.166378065944, 0.248770087957, 0.889530539513, 0.713347673416, 0.591512143612, 0.354187041521, 0.420007497072, 0.180908918381, 0.237601682544, 0.168233945966, 0.0493955723941, 0.0908258333802, 0.103427357972, 0.0709612667561, 0.0553226023912, 0.0325769931078, 0.006023529917, 0.00905915442854, 0.000667628541123, 3.08563030558e-05, 9.50221965468e-06, 4.71068869956e-06, 8.92328841928e-07, 1.85263331787e-06, 3.33618072546e-06],
        "var": [0.218505904078, 17.6221504211, 83.5716094971, 85.5769119263, 91.1622924805, 101.752220154, 211.643417358, 359.250640869, 1056.54516602, 4300.09033203, 3031.83227539, 4111.24755859, 2586.06640625, 8476.75, 7578.94970703, 13025.1435547, 20634.1113281, 17467.4589844, 4818.078125, 11053.7421875, 5663.75878906, 4691.0390625, 6692.80371094, 708.242858887, 885.499694824, 347.496856689, 326.578674316, 683.724304199, 1489.87878418, 2559.07543945, 1662.65539551, 4400.48779297, 1224.4420166, 259.059204102, 84.4526748657, 9.71381664276, 0.267033845186, 0.000839503074531, 6.74408340728e-07, 9.57326218298e-09]
    },
    "gfcc": {
        "mean": [36.3817901611, 92.1783981323, -117.795387268, 41.6919898987, -59.4197731018, 25.1387519836, -39.3514175415, 13.7947540283, -18.0783233643, 2.99144005775, -15.296216011, 2.43802118301, -13.337562561],
        "cov": [[1908.25134277, -904.943237305, 201.462890625, 274.492553711, -120.569900513, 247.625167847, -12.3398675919, 202.117095947, -69.3169021606, 124.746337891, -60.2020111084, 90.5006027222, -138.011520386], [-904.943237305, 1364.82629395, -155.948806763, -90.07787323, 391.356201172, -152.180633545, 208.560974121, -96.7369689941, 156.311309814, -76.6223373413, 128.608932495, -70.0806655884, 111.731689453], [201.462890625, -155.948806763, 750.493530273, 309.103393555, 31.4380741119, 186.509887695, 16.1745414734, 53.2097358704, -18.5418701172, 113.739082336, -32.5658035278, 40.6820297241, 74.9187850952], [274.492553711, -90.07787323, 309.103393555, 488.533569336, 87.3236541748, 66.7309341431, 13.1812887192, 54.0235900879, 54.5014038086, 39.2658996582, -17.3530044556, -2.05301594734, 87.0367050171], [-120.569900513, 391.356201172, 31.4380741119, 87.3236541748, 327.19152832, 3.0480492115, 72.7081604004, 25.1000862122, 86.5303344727, 11.0162696838, 37.1140022278, -18.5262718201, 38.526927948], [247.625167847, -152.180633545, 186.509887695, 66.7309341431, 3.0480492115, 207.245910645, 66.1973495483, 24.0949344635, -22.9021644592, 48.2025375366, 10.5287256241, 2.96000909805, -10.7503852844], [-12.3398675919, 208.560974121, 16.1745414734, 13.1812887192, 72.7081604004, 66.1973495483, 249.532775879, 25.0969200134, -19.1401042938, -0.988855600357, 47.4337997437, 6.10471820831, -11.9014434814], [202.117095947, -96.7369689941, 53.2097358704, 54.0235900879, 25.1000862122, 24.0949344635, 25.0969200134, 139.789276123, 34.3688697815, 15.4414834976, 2.60964369774, 19.3906593323, -3.81667542458], [-69.3169021606, 156.311309814, -18.5418701172, 54.5014038086, 86.5303344727, -22.9021644592, -19.1401042938, 34.3688697815, 165.756851196, 12.4463624954, 17.6680240631, 0.97090113163, 51.3871765137], [124.746337891, -76.6223373413, 113.739082336, 39.2658996582, 11.0162696838, 48.2025375366, -0.988855600357, 15.4414834976, 12.4463624954, 101.654777527, 10.4039049149, 5.69286346436, -4.32844305038], [-60.2020111084, 128.608932495, -32.5658035278, -17.3530044556, 37.1140022278, 10.5287256241, 47.4337997437, 2.60964369774, 17.6680240631, 10.4039049149, 93.9685897827, 4.83945655823, 2.55629920959], [90.5006027222, -70.0806655884, 40.6820297241, -2.05301594734, -18.5262718201, 2.96000909805, 6.10471820831, 19.3906593323, 0.97090113163, 5.69286346436, 4.83945655823, 86.7430114746, 17.2217636108], [-138.011520386, 111.731689453, 74.9187850952, 87.0367050171, 38.526927948, -10.7503852844, -11.9014434814, -3.81667542458, 51.3871765137, -4.32844305038, 2.55629920959, 17.2217636108, 111.284790039]],
        "icov": [[0.00126305769663, 0.000194462932996, 0.00056265166495, -0.00101319944952, 6.73042959534e-05, -0.00122676847968, 0.000361959479051, -0.00111922866199, 0.000295735022519, -0.000833813392092, 0.000577319879085, -0.00148403609637, 0.00169072404969], [0.000194462932996, 0.00327767967246, -0.00088862440316, 0.00135679985397, -0.00265189213678, 0.00257660169154, -0.00274954759516, 0.00227739894763, -0.00190603139345, 0.00164286093786, -0.00222719879821, 0.00234496826306, -0.0019292535726], [0.00056265166495, -0.00088862440316, 0.0034367707558, -0.00205914257094, 0.000611080205999, -0.0031367088668, 0.00127770751715, -0.00160686741583, 0.00197500665672, -0.00305834552273, 0.00199207244441, -0.00233940966427, -0.000260947213974], [-0.00101319944952, 0.00135679985397, -0.00205914257094, 0.00483913347125, -0.00166703772265, 0.00218993448652, -0.00171839573886, 0.00118517980445, -0.00155296805315, 0.00157385645434, -0.00102657312527, 0.00344469444826, -0.00410288292915], [6.73042959534e-05, -0.00265189213678, 0.000611080205999, -0.00166703772265, 0.00639889994636, -0.0018350322498, 0.000959480297752, -0.00211128639057, -0.000358171877451, -0.00156335334759, 0.00107792916242, -0.00095718348166, 0.00150400178973], [-0.00122676847968, 0.00257660169154, -0.0031367088668, 0.00218993448652, -0.0018350322498, 0.0110600572079, -0.00454001640901, 0.00287158414721, -0.00171434658114, 0.000788272474892, -0.00322848604992, 0.00437173945829, -0.00217285729013], [0.000361959479051, -0.00274954759516, 0.00127770751715, -0.00171839573886, 0.000959480297752, -0.00454001640901, 0.0080625154078, -0.00326611846685, 0.0031949672848, -0.000740162387956, -0.000154228400788, -0.00322533701546, 0.00267133233137], [-0.00111922866199, 0.00227739894763, -0.00160686741583, 0.00118517980445, -0.00211128639057, 0.00287158414721, -0.00326611846685, 0.0116813201457, -0.00430476618931, 0.00212685973383, -0.00179792451672, 0.000966756255366, -0.000497882952914], [0.000295735022519, -0.00190603139345, 0.00197500665672, -0.00155296805315, -0.000358171877451, -0.00171434658114, 0.0031949672848, -0.00430476618931, 0.0109148323536, -0.00328774307854, 0.000496915192343, -0.00150425289758, -0.0026287001092], [-0.000833813392092, 0.00164286093786, -0.00305834552273, 0.00157385645434, -0.00156335334759, 0.000788272474892, -0.000740162387956, 0.00212685973383, -0.00328774307854, 0.0150919277221, -0.00388242467307, 0.00202109268866, 0.000637220684439], [0.000577319879085, -0.00222719879821, 0.00199207244441, -0.00102657312527, 0.00107792916242, -0.00322848604992, -0.000154228400788, -0.00179792451672, 0.000496915192343, -0.00388242467307, 0.0151009159163, -0.00349095324054, 0.00146358693019], [-0.00148403609637, 0.00234496826306, -0.00233940966427, 0.00344469444826, -0.00095718348166, 0.00437173945829, -0.00322533701546, 0.000966756255366, -0.00150425289758, 0.00202109268866, -0.00349095324054, 0.0172127969563, -0.00668244902045], [0.00169072404969, -0.0019292535726, -0.000260947213974, -0.00410288292915, 0.00150400178973, -0.00217285729013, 0.00267133233137, -0.000497882952914, -0.0026287001092, 0.000637220684439, 0.00146358693019, -0.00668244902045, 0.0181814618409]]
    },
    "melbands": {
        "dmean": [0.00178103102371, 0.00184016861022, 0.000776088738348, 0.000364224251825, 0.00024938522256, 0.000194516222109, 0.000183472860954, 0.000195454544155, 0.000189594400581, 0.00013126025442, 9.16834978852e-05, 8.85205008672e-05, 9.10873422981e-05, 7.79473120929e-05, 0.000105150007585, 7.84371295595e-05, 6.86795610818e-05, 5.14622261107e-05, 3.7498135498e-05, 3.50482332578e-05, 2.67605355475e-05, 2.48257838393e-05, 2.95878926408e-05, 1.83682768693e-05, 7.55659721108e-06, 7.91358888819e-06, 6.77316029396e-06, 4.8965212045e-06, 4.30650698036e-06, 3.30542343363e-06, 4.41151360064e-06, 5.06759306518e-06, 4.9071131798e-06, 5.31789510205e-06, 4.65330049337e-06, 4.73764612252e-06, 4.19394291384e-06, 3.75789022655e-06, 2.13957650885e-06, 1.77196750428e-06],
        "dmean2": [0.00254657305777, 0.00276900501922, 0.00131587544456, 0.000609896378592, 0.000405077560572, 0.000312703894451, 0.000289907999104, 0.000294705096167, 0.000289136834908, 0.000198613575776, 0.000146105725435, 0.000132036861032, 0.00013971637236, 0.000114772366942, 0.000163503937074, 0.000119576172438, 0.00010195543291, 8.15395032987e-05, 5.73300021642e-05, 5.47577728867e-05, 3.98276279157e-05, 3.82410034945e-05, 4.44916913693e-05, 2.73294444924e-05, 1.21932398542e-05, 1.20133727251e-05, 1.02566518763e-05, 7.77654895501e-06, 6.69363453198e-06, 4.94450614497e-06, 7.20530215403e-06, 7.95221330918e-06, 7.30312376618e-06, 7.61472574595e-06, 7.34641616873e-06, 7.57146335673e-06, 5.99363193032e-06, 5.66353674003e-06, 3.15556894748e-06, 2.57384635916e-06],
        "dvar": [9.40508562053e-06, 1.23949321278e-05, 2.52462814387e-06, 3.3879308603e-07, 1.21724667679e-07, 1.04565323511e-07, 1.40632508305e-07, 2.48506893286e-07, 1.07839582597e-07, 7.12415513249e-08, 4.13641814134e-08, 6.36700505652e-08, 8.39413800691e-08, 4.97411427602e-08, 8.91064644293e-08, 4.10832683428e-08, 3.07705221303e-08, 1.35094735398e-08, 9.01829189104e-09, 8.64498161945e-09, 3.53954576759e-09, 2.47495868244e-09, 4.34846514352e-09, 2.59837462657e-09, 2.68659983149e-10, 1.8863030582e-10, 1.46343256957e-10, 8.55897366869e-11, 6.98960195278e-11, 5.31642542489e-11, 1.26472610162e-10, 2.02976843666e-10, 2.32304883663e-10, 2.87082746464e-10, 1.93271579296e-10, 4.96292673624e-10, 4.02673450139e-10, 3.80978332215e-10, 9.37619981656e-11, 6.98484464712e-11],
        "dvar2": [1.70620296558e-05, 2.54421629506e-05, 6.61380636302e-06, 9.35378523081e-07, 3.14822472092e-07, 2.46878499865e-07, 3.06541437567e-07, 4.75666524835e-07, 2.46496256295e-07, 1.53069592557e-07, 1.01655125206e-07, 1.27272357986e-07, 1.91026884977e-07, 9.89026744946e-08, 1.95940558001e-07, 8.99868979332e-08, 5.43450582313e-08, 3.00124796127e-08, 2.01868655125e-08, 2.07540846731e-08, 7.64154783894e-09, 4.96350116563e-09, 1.04641539878e-08, 5.32355004523e-09, 7.27167825954e-10, 4.37077374293e-10, 3.31191241099e-10, 1.99701963299e-10, 1.64900787469e-10, 1.06471893802e-10, 2.99328256625e-10, 4.39379449491e-10, 4.27852170359e-10, 5.16983122978e-10, 4.5177120378e-10, 1.18425858009e-09, 6.99742819243e-10, 9.55523438151e-10, 1.60167476504e-10, 1.41398323605e-10],
        "max": [0.0308047849685, 0.0334940813482, 0.0160446241498, 0.00685050990433, 0.00313505460508, 0.00378890661523, 0.00808666925877, 0.0132930455729, 0.00455107539892, 0.00400276808068, 0.00266336882487, 0.0065269744955, 0.00568400509655, 0.00647187326103, 0.00532036274672, 0.00315552856773, 0.00257257092744, 0.0016247483436, 0.00118768634275, 0.00134432618506, 0.000909224676434, 0.00112134066876, 0.00104186777025, 0.0008848849684, 0.000269497628324, 0.000251613178989, 0.000178751797648, 0.00012893807434, 0.000122718018247, 0.00019130021974, 0.000240308538196, 0.00044486351544, 0.000474455242511, 0.000469802762382, 0.000236728898017, 0.000638527213596, 0.000631832750514, 0.000605455017649, 0.000284218665911, 0.000192729246919],
        "mean": [0.00353728840128, 0.00368176633492, 0.00121485523414, 0.000633438641671, 0.000435844616732, 0.000335007760441, 0.00031678576488, 0.000310775620164, 0.000331744202413, 0.00021736168128, 0.00014459801605, 0.000139829455293, 0.000128414554638, 0.000121435114124, 0.000161578282132, 0.000113307309221, 0.000101289828308, 6.65690677124e-05, 5.28364398633e-05, 4.93312581966e-05, 4.3257176003e-05, 4.18468662247e-05, 4.58120630356e-05, 2.88582359644e-05, 1.34658830575e-05, 1.46888223753e-05, 1.2848508959e-05, 8.25169991003e-06, 7.03379464539e-06, 5.89401042816e-06, 7.74638283474e-06, 8.21575122245e-06, 8.8783863248e-06, 9.24750838749e-06, 8.09543962532e-06, 7.61977435104e-06, 7.62434956414e-06, 5.6948274505e-06, 3.48387061422e-06, 2.55687768913e-06],
        "median": [0.00227990746498, 0.0021928101778, 0.000813806254882, 0.000425659236498, 0.00028944274527, 0.00019953440642, 0.000151989574078, 0.000116859002446, 0.000136612943606, 8.39212807477e-05, 5.94680896029e-05, 4.94033265568e-05, 3.95747010771e-05, 3.14132303174e-05, 4.07410989283e-05, 2.2193091354e-05, 2.57630708802e-05, 2.25477633649e-05, 1.63578934007e-05, 1.56177738972e-05, 1.71365754795e-05, 1.90140617633e-05, 1.67323760252e-05, 1.1448792975e-05, 7.31078716854e-06, 7.49071114114e-06, 5.35767367182e-06, 3.40181873071e-06, 2.38204370362e-06, 1.77221807007e-06, 1.97893837139e-06, 2.54975066127e-06, 2.90297475658e-06, 2.57244664681e-06, 1.85482622328e-06, 1.10870166736e-06, 1.09301277007e-06, 7.50456763399e-07, 4.58314133311e-07, 2.85007530465e-07],
        "min": [9.73663105697e-08, 2.4825922651e-07, 6.66954520057e-07, 2.5275153348e-06, 2.45407386501e-06, 1.44345733588e-06, 3.16809837386e-06, 7.39293625429e-07, 4.01418719775e-06, 2.20513516069e-06, 1.87001137419e-06, 2.01677607947e-06, 2.3773952762e-07, 2.94705245096e-07, 4.04688364597e-07, 6.64492972646e-07, 1.15978673421e-06, 1.17998331461e-06, 5.38203153155e-07, 4.33042202985e-07, 4.18570920147e-07, 3.63541658999e-07, 1.781816934e-07, 1.09993116837e-07, 1.94059452951e-07, 1.44462759977e-07, 6.86462371391e-08, 1.25813235385e-08, 1.6303651762e-08, 2.03721342018e-08, 4.44968186741e-08, 2.86136021543e-08, 2.99167979279e-08, 2.53636081027e-08, 1.43593279489e-08, 4.59007321041e-09, 9.59844426163e-11, 8.28730070679e-11, 1.18133480775e-09, 1.30545270774e-12],
