{
"highlevel": {
    "danceability": {
        "all": {
            "danceable": 0.14421698451,
            "not_danceable": 0.855783045292
        },
        "probability": 0.855783045292,
        "value": "not_danceable"
    },
    "gender": {
        "all": {
            "female": 0.575990080833,
            "male": 0.424009889364
        },
        "probability": 0.575990080833,
        "value": "female"
    },
    "genre_dortmund": {
        "all": {
            "alternative": 0.281027704477,
            "blues": 0.0169623345137,
            "electronic": 0.0438359901309,
            "folkcountry": 0.341941952705,
            "funksoulrnb": 0.00417039962485,
            "jazz": 0.0189803168178,
            "pop": 0.121737681329,
            "raphiphop": 0.00632234010845,
            "rock": 0.165021285415
        },
        "probability": 0.341941952705,
        "value": "folkcountry"
    },
    "genre_electronic": {
        "all": {
            "ambient": 0.578781545162,
            "dnb": 0.0593377836049,
            "house": 0.246263757348,
            "techno": 0.0190921928734,
            "trance": 0.0965247228742
        },
        "probability": 0.578781545162,
        "value": "ambient"
    },
    "genre_rosamerica": {
        "all": {
            "cla": 0.0840428620577,
            "dan": 0.0635507404804,
            "hip": 0.0240727476776,
            "jaz": 0.0285853799433,
            "pop": 0.139085128903,
            "rhy": 0.177503779531,
            "roc": 0.449515968561,
            "spe": 0.0336433984339
        },
        "probability": 0.449515968561,
        "value": "roc"
    },
    "genre_tzanetakis": {
        "all": {
            "blu": 0.0661142095923,
            "cla": 0.0366956293583,
            "cou": 0.110065259039,
            "dis": 0.0660354346037,
            "hip": 0.0660345479846,
            "jaz": 0.330210745335,
            "met": 0.0660912245512,
            "pop": 0.0825922191143,
            "reg": 0.0660661756992,
            "roc": 0.110094547272
        },
        "probability": 0.330210745335,
        "value": "jaz"
    },
    "ismir04_rhythm": {
        "all": {
            "ChaChaCha": 0.0632002353668,
            "Jive": 0.0746053904295,
            "Quickstep": 0.0992592796683,
            "Rumba-American": 0.011119807139,
            "Rumba-International": 0.247423455119,
            "Rumba-Misc": 0.0223690383136,
            "Samba": 0.277623265982,
            "Tango": 0.0796285793185,
            "VienneseWaltz": 0.0871654525399,
            "Waltz": 0.0376054868102
        },
        "probability": 0.277623265982,
        "value": "Samba"
    },
    "mood_acoustic": {
        "all": {
            "acoustic": 0.167913153768,
            "not_acoustic": 0.832086861134
        },
        "probability": 0.832086861134,
        "value": "not_acoustic"
    },
    "mood_aggressive": {
        "all": {
            "aggressive": 0.0135545851663,
            "not_aggressive": 0.986445426941
        },
        "probability": 0.986445426941,
        "value": "not_aggressive"
    },
    "mood_electronic": {
        "all": {
            "electronic": 0.24764880538,
            "not_electronic": 0.752351164818
        },
        "probability": 0.752351164818,
        "value": "not_electronic"
    },
    "mood_happy": {
        "all": {
            "happy": 0.227495536208,
            "not_happy": 0.772504448891
        },
        "probability": 0.772504448891,
        "value": "not_happy"
    },
    "mood_party": {
        "all": {
            "not_party": 0.865824818611,
            "party": 0.134175181389
        },
        "probability": 0.865824818611,
        "value": "not_party"
    },
    "mood_relaxed": {
        "all": {
            "not_relaxed": 0.067143522203,
            "relaxed": 0.932856500149
        },
        "probability": 0.932856500149,
        "value": "relaxed"
    },
    "mood_sad": {
        "all": {
            "not_sad": 0.407917827368,
            "sad": 0.592082202435
        },
        "probability": 0.592082202435,
        "value": "sad"
    },
    "moods_mirex": {
        "all": {
            "Cluster1": 0.241995677352,
            "Cluster2": 0.207567945123,
            "Cluster3": 0.477576196194,
            "Cluster4": 0.037528719753,
            "Cluster5": 0.0353314690292
        },
        "probability": 0.477576196194,
        "value": "Cluster3"
    },
    "timbre": {
        "all": {
            "bright": 0.850065588951,
            "dark": 0.149934381247
        },
        "probability": 0.850065588951,
        "value": "bright"
    },
    "tonal_atonal": {
        "all": {
            "atonal": 0.0857347995043,
            "tonal": 0.914265215397
        },
        "probability": 0.914265215397,
        "value": "tonal"
    },
    "voice_instrumental": {
        "all": {
            "instrumental": 0.0016989603173,
            "voice": 0.998301029205
        },
        "probability": 0.998301029205,
        "value": "voice"
    }
},
"lowlevel": {
    "average_loudness": 0.944133579731,
    "barkbands_crest": {
        "dmean": 2.87700748444,
        "dmean2": 5.08054542542,
        "dvar": 5.73583030701,
        "dvar2": 18.2185516357,
        "max": 19.2548809052,
        "mean": 9.73561668396,
        "median": 9.29465579987,
        "min": 3.63481402397,
        "var": 9.15734004974
    },
    "barkbands_flatness_db": {
        "dmean": 0.0291013214737,
        "dmean2": 0.0503358542919,
        "dvar": 0.000627275381703,
        "dvar2": 0.00179253786337,
        "max": 0.329556494951,
        "mean": 0.184966474771,
        "median": 0.183160364628,
        "min": 0.0828922018409,
        "var": 0.00202164961956
    },
    "barkbands_kurtosis": {
        "dmean": 4.88418722153,
        "dmean2": 8.46705436707,
        "dvar": 35.4941520691,
        "dvar2": 102.321617126,
        "max": 67.2680206299,
        "mean": 8.15635681152,
        "median": 6.56425857544,
        "min": -1.76287531853,
        "var": 60.423664093
    },
    "barkbands_skewness": {
        "dmean": 0.676025390625,
        "dmean2": 1.15406060219,
        "dvar": 0.413058787584,
        "dvar2": 1.16467368603,
        "max": 6.32090997696,
        "mean": 2.46284270287,
        "median": 2.41801691055,
        "min": -0.423562526703,
        "var": 1.0650113821
    },
    "barkbands_spread": {
        "dmean": 6.37181043625,
        "dmean2": 10.7566642761,
        "dvar": 56.109210968,
        "dvar2": 146.026428223,
        "max": 80.1402206421,
        "mean": 17.9783420563,
        "median": 13.6239452362,
        "min": 1.47039139271,
        "var": 174.547195435
    },
    "dissonance": {
        "dmean": 0.0192251428962,
        "dmean2": 0.0314797610044,
        "dvar": 0.000280878710328,
        "dvar2": 0.000758623413276,
        "max": 0.499351531267,
        "mean": 0.457598417997,
        "median": 0.462770462036,
        "min": 0.332334637642,
        "var": 0.000699853233527
    },
    "dynamic_complexity": 1.85838091373,
    "erbbands_crest": {
        "dmean": 2.17713809013,
        "dmean2": 3.56649589539,
        "dvar": 3.80653452873,
        "dvar2": 9.84165382385,
        "max": 23.1067047119,
        "mean": 7.30305480957,
        "median": 6.7523651123,
        "min": 2.43191337585,
        "var": 7.93044281006
    },
    "erbbands_flatness_db": {
        "dmean": 0.0164545625448,
        "dmean2": 0.0250344630331,
        "dvar": 0.000297219026834,
        "dvar2": 0.000644097977784,
        "max": 0.301167309284,
        "mean": 0.16884239018,
        "median": 0.176106154919,
        "min": 0.0822711363435,
        "var": 0.0014537362149
    },
    "erbbands_kurtosis": {
        "dmean": 0.672633707523,
        "dmean2": 1.10702252388,
        "dvar": 0.675459742546,
        "dvar2": 1.70875668526,
        "max": 14.2044296265,
        "mean": -0.337751477957,
        "median": -0.690805435181,
        "min": -1.73193573952,
        "var": 1.67735826969
    },
    "erbbands_skewness": {
        "dmean": 0.369995236397,
        "dmean2": 0.603764355183,
        "dvar": 0.106072083116,
        "dvar2": 0.294856667519,
        "max": 3.35219049454,
        "mean": 0.440516084433,
        "median": 0.52058827877,
        "min": -2.01561880112,
        "var": 0.459753513336
    },
    "erbbands_spread": {
        "dmean": 10.9652729034,
        "dmean2": 17.7047710419,
        "dvar": 127.161193848,
        "dvar2": 324.063537598,
        "max": 147.285461426,
        "mean": 54.8529891968,
        "median": 51.1567192078,
        "min": 7.35962152481,
        "var": 480.653137207
    },
    "hfc": {
        "dmean": 6.60506820679,
        "dmean2": 10.4352693558,
        "dvar": 130.712005615,
        "dvar2": 340.692016602,
        "max": 128.727416992,
        "mean": 17.4988059998,
        "median": 12.1069536209,
        "min": 1.65974497795,
        "var": 255.079833984
    },
    "melbands_crest": {
        "dmean": 3.25314736366,
        "dmean2": 5.52652263641,
        "dvar": 7.10618162155,
        "dvar2": 20.3858604431,
        "max": 27.5156173706,
        "mean": 14.535615921,
        "median": 14.2554597855,
        "min": 4.11667394638,
        "var": 15.6739597321
    },
    "melbands_flatness_db": {
        "dmean": 0.0350493863225,
        "dmean2": 0.0604657456279,
        "dvar": 0.000987846637145,
        "dvar2": 0.00272595859133,
        "max": 0.409070074558,
        "mean": 0.242213502526,
        "median": 0.239639207721,
        "min": 0.0924030467868,
        "var": 0.00326746702194
    },
    "melbands_kurtosis": {
        "dmean": 12.411031723,
        "dmean2": 21.087272644,
        "dvar": 209.58543396,
        "dvar2": 596.431274414,
        "max": 153.332382202,
        "mean": 25.3085861206,
        "median": 21.5836086273,
        "min": -1.24777829647,
        "var": 333.214080811
    },
    "melbands_skewness": {
        "dmean": 0.974686264992,
        "dmean2": 1.6162186861,
        "dvar": 0.785440921783,
        "dvar2": 2.21764159203,
        "max": 10.2634191513,
        "mean": 3.98529219627,
        "median": 3.91644620895,
        "min": 0.329175442457,
        "var": 1.96081531048
    },
    "melbands_spread": {
        "dmean": 5.27487611771,
        "dmean2": 8.94798946381,
        "dvar": 35.6376724243,
        "dvar2": 95.5538253784,
        "max": 66.9797439575,
        "mean": 13.8624038696,
        "median": 10.4945993423,
        "min": 1.18853509426,
        "var": 103.396972656
    },
    "pitch_salience": {
        "dmean": 0.0927165597677,
        "dmean2": 0.157746985555,
        "dvar": 0.00605474226177,
        "dvar2": 0.0176021829247,
        "max": 0.814888298512,
        "mean": 0.563807368279,
        "median": 0.571531295776,
        "min": 0.210189461708,
        "var": 0.0111903408542
    },
    "silence_rate_20dB": {
        "dmean": 0,
        "dmean2": 0,
        "dvar": 0,
        "dvar2": 0,
        "max": 1,
        "mean": 1,
        "median": 1,
        "min": 1,
        "var": 0
    },
    "silence_rate_30dB": {
        "dmean": 0.0356037169695,
        "dmean2": 0.0712625905871,
        "dvar": 0.0343360863626,
        "dvar2": 0.0801278799772,
        "max": 1,
        "mean": 0.970610976219,
        "median": 1,
        "min": 0,
        "var": 0.0285253319889
    },
    "silence_rate_60dB": {
        "dmean": 0,
        "dmean2": 0,
        "dvar": 0,
        "dvar2": 0,
        "max": 0,
        "mean": 0,
        "median": 0,
        "min": 0,
        "var": 0
    },
    "spectral_centroid": {
        "dmean": 272.075469971,
        "dmean2": 467.741729736,
        "dvar": 92641.484375,
        "dvar2": 253004.078125,
        "max": 2863.90014648,
        "mean": 952.560546875,
        "median": 827.471130371,
        "min": 209.272918701,
        "var": 224757.5
    },
    "spectral_complexity": {
        "dmean": 3.71130037308,
        "dmean2": 6.07823371887,
        "dvar": 22.0582923889,
        "dvar2": 54.3900375366,
        "max": 53,
        "mean": 17.163187027,
        "median": 16,
        "min": 5,
        "var": 51.7437057495
    },
    "spectral_decrease": {
        "dmean": 3.65749186493e-09,
        "dmean2": 5.83404968779e-09,
        "dvar": 2.68307231707e-17,
        "dvar2": 6.09689418524e-17,
        "max": -9.14927467122e-10,
        "mean": -8.39255953622e-09,
        "median": -6.32852881211e-09,
        "min": -5.97039218064e-08,
        "var": 4.80019990131e-17
    },
    "spectral_energy": {
        "dmean": 0.0141336806118,
        "dmean2": 0.0224267039448,
        "dvar": 0.000395390350604,
        "dvar2": 0.000889406190254,
        "max": 0.23030397296,
        "mean": 0.0332626588643,
        "median": 0.025090912357,
        "min": 0.00363336666487,
        "var": 0.000727374281269
    },
    "spectral_energyband_high": {
        "dmean": 0.000606871151831,
        "dmean2": 0.00106319144834,
        "dvar": 1.81893835816e-06,
        "dvar2": 5.04111358168e-06,
        "max": 0.011979136616,
        "mean": 0.000873640703503,
        "median": 0.000281151238596,
        "min": 3.40139195032e-06,
        "var": 2.31489093494e-06
    },
    "spectral_energyband_low": {
        "dmean": 0.0117390966043,
        "dmean2": 0.0200627110898,
        "dvar": 0.000361543032341,
        "dvar2": 0.00089059950551,
        "max": 0.18729403615,
        "mean": 0.0155493505299,
        "median": 0.00858973711729,
        "min": 0.000588139926549,
        "var": 0.000449550629128
    },
    "spectral_energyband_middle_high": {
        "dmean": 0.000947821710724,
        "dmean2": 0.00147207011469,
        "dvar": 2.99536327475e-06,
        "dvar2": 6.54352561469e-06,
        "max": 0.0288635380566,
        "mean": 0.00276489462703,
        "median": 0.00178211391903,
        "min": 0.000110348883027,
        "var": 1.06672941911e-05
    },
    "spectral_energyband_middle_low": {
        "dmean": 0.00594541849568,
        "dmean2": 0.00890715699643,
        "dvar": 5.13717350259e-05,
        "dvar2": 0.000114298461995,
        "max": 0.0786549523473,
        "mean": 0.016707200557,
        "median": 0.0138756120577,
        "min": 0.00209202757105,
        "var": 0.000124551632325
    },
    "spectral_entropy": {
        "dmean": 0.225949272513,
        "dmean2": 0.368922024965,
        "dvar": 0.0553325377405,
        "dvar2": 0.139467537403,
        "max": 8.22841930389,
        "mean": 7.28471899033,
        "median": 7.2637295723,
        "min": 6.09186887741,
        "var": 0.154952049255
    },
    "spectral_flux": {
        "dmean": 0.0287126451731,
        "dmean2": 0.0455750115216,
        "dvar": 0.001041320269,
        "dvar2": 0.00233002682216,
        "max": 0.388889193535,
        "mean": 0.093975417316,
        "median": 0.0826134085655,
        "min": 0.0222740583122,
        "var": 0.00214262725785
    },
    "spectral_kurtosis": {
        "dmean": 2.49541401863,
        "dmean2": 4.38045406342,
        "dvar": 7.29519844055,
        "dvar2": 22.1255016327,
        "max": 28.717382431,
        "mean": 4.1509976387,
        "median": 3.36124992371,
        "min": -0.444985628128,
        "var": 11.1073703766
    },
    "spectral_rms": {
        "dmean": 0.00112600286957,
        "dmean2": 0.00178380741272,
        "dvar": 1.26690247271e-06,
        "dvar2": 2.70671785074e-06,
        "max": 0.0149895567447,
        "mean": 0.0053736679256,
        "median": 0.00494761951268,
        "min": 0.00188275007531,
        "var": 3.57501994586e-06
    },
    "spectral_rolloff": {
        "dmean": 537.346923828,
        "dmean2": 949.146606445,
        "dvar": 1196741.5,
        "dvar2": 3328901.75,
        "max": 9926.80664062,
        "mean": 926.110778809,
        "median": 516.796875,
        "min": 129.19921875,
        "var": 1530830
    },
    "spectral_skewness": {
        "dmean": 0.339514702559,
        "dmean2": 0.577808976173,
        "dvar": 0.110814876854,
        "dvar2": 0.318857073784,
        "max": 4.35699415207,
        "mean": 1.42892479897,
        "median": 1.40763711929,
        "min": 0.354658126831,
        "var": 0.217570692301
    },
    "spectral_spread": {
        "dmean": 567116.5625,
        "dmean2": 877722.5,
        "dvar": 481078345728,
        "dvar2": 999318028288,
        "max": 12160095,
        "mean": 4208832.5,
        "median": 3537238,
        "min": 1915508.875,
        "var": 2.98186230989e+12
    },
    "spectral_strongpeak": {
        "dmean": 0.343073755503,
        "dmean2": 0.588291227818,
        "dvar": 0.228584125638,
        "dvar2": 0.656705617905,
        "max": 5.37958908081,
        "mean": 0.594448626041,
        "median": 0.457496076822,
        "min": 0.0633556097746,
        "var": 0.253499507904
    },
    "zerocrossingrate": {
        "dmean": 0.00889714993536,
        "dmean2": 0.0113594420254,
        "dvar": 9.69762040768e-05,
        "dvar2": 0.000159539005836,
        "max": 0.2119140625,
        "mean": 0.0469505265355,
        "median": 0.037109375,
        "min": 0.0087890625,
        "var": 0.000958335935138
    },
    "barkbands": {
        "dmean": [4.16252187279e-05, 0.00213021482341, 0.00867715477943, 0.00308073940687, 0.00280191772617, 0.00160414015409, 0.000613629352301, 0.000706468650606, 0.000349018286215, 0.000161298157764, 0.000137346796691, 0.000187377008842, 0.000128198473249, 0.000146172125824, 0.000201556860702, 0.000152376524056, 0.000201830422156, 0.000161050716997, 0.000158478374942, 0.000143619196024, 0.000170434868778, 0.000175963315996, 0.000126558268676, 5.0701211876e-05, 9.86980376183e-05, 1.11547551569e-05, 2.82156986664e-09],
        "dmean2": [6.52534217807e-05, 0.00349457329139, 0.0153514435515, 0.00486952532083, 0.00429136725143, 0.00261971214786, 0.000935319345444, 0.00109561765566, 0.000558633240871, 0.000250557408435, 0.00021657338948, 0.000306025554892, 0.000207202596357, 0.000228940625675, 0.000305896886857, 0.000252336321864, 0.000329193746438, 0.000267537718173, 0.000275751459412, 0.000262277841102, 0.000308075919747, 0.000312238291372, 0.000216285916395, 8.4403596702e-05, 0.000166557612829, 1.80446295417e-05, 4.52047022037e-09],
        "dvar": [1.43001850361e-08, 3.01739491988e-05, 0.00019176704518, 2.50147932093e-05, 1.15035109047e-05, 3.81771087632e-06, 1.01826060472e-06, 1.0733548379e-06, 3.1277306789e-07, 2.21783594156e-07, 9.23475056425e-08, 1.45182667666e-07, 1.09104256296e-07, 1.43158871424e-07, 5.58746648949e-07, 1.10616632298e-07, 2.01355703666e-07, 5.80804453421e-08, 9.03160000121e-08, 1.71969276153e-07, 2.26235655987e-07, 1.66676699109e-07, 1.10097310824e-07, 3.30660583359e-08, 1.09992207342e-07, 2.88961943262e-09, 1.06505965139e-15],
        "dvar2": [3.22310924616e-08, 6.72147289151e-05, 0.000508924480528, 6.13465090282e-05, 2.52939044003e-05, 9.7967840702e-06, 2.23900451601e-06, 2.52350446317e-06, 7.03346188402e-07, 3.69676797618e-07, 1.79945644163e-07, 3.01011112924e-07, 2.24958952799e-07, 2.87112357e-07, 1.23696008814e-06, 2.73936620943e-07, 3.69180327198e-07, 1.52680271981e-07, 2.42645057824e-07, 4.93221307352e-07, 6.38108588191e-07, 4.61447740463e-07, 2.82573779486e-07, 7.89101335386e-08, 2.96531140975e-07, 7.19829973406e-09, 1.22998935408e-15],
        "max": [0.0012267048005, 0.0710577219725, 0.143808990717, 0.047320112586, 0.0304079465568, 0.0219451580197, 0.0140667911619, 0.0205651652068, 0.011815963313, 0.0147499879822, 0.00817461498082, 0.00795230735093, 0.00678498717025, 0.00891818478703, 0.0163573175669, 0.00437489757314, 0.0120303612202, 0.00318262120709, 0.00451389141381, 0.00591095071286, 0.00421268632635, 0.00473208120093, 0.00410655885935, 0.00355745013803, 0.00504540884867, 0.00110516685527, 1.1238114439e-06],
        "mean": [4.45475016022e-05, 0.00306348293088, 0.0098617579788, 0.00500816619024, 0.00596538931131, 0.00288491835818, 0.00109847798012, 0.00105640140828, 0.000591437157709, 0.000284408044536, 0.000266019924311, 0.00029064330738, 0.000201503251446, 0.0002508937323, 0.000316107703838, 0.000241420450038, 0.000352480245056, 0.000285079469904, 0.000261360662989, 0.000143634824781, 0.000179324459168, 0.000192205057829, 0.0001759166189, 5.55408005312e-05, 0.000179200666025, 1.2364344002e-05, 2.3268098559e-09],
        "median": [9.26157281356e-06, 0.000868828268722, 0.00539264688268, 0.00311725283973, 0.00428743474185, 0.00201202183962, 0.000481922354084, 0.000598318409175, 0.000368548819097, 0.00015071357484, 0.000138524846989, 0.000149971790961, 0.000101328812889, 0.000104905579065, 6.98425646988e-05, 0.000107898355054, 0.000156219975906, 0.000174872926436, 0.000122658981127, 5.66508679185e-05, 7.30278334231e-05, 8.47811243148e-05, 1.52352295117e-05, 5.59902127861e-06, 2.9370669381e-06, 1.30876273374e-07, 4.79039363732e-10],
        "min": [3.1425489766e-08, 9.34217496251e-06, 3.33686257363e-05, 5.14587591169e-05, 0.000354736228473, 0.000128430197947, 1.00315828604e-05, 8.22935362521e-06, 1.06188463178e-05, 3.20660069519e-06, 8.30051249068e-07, 4.36163463746e-06, 1.40922691116e-06, 9.46920636125e-07, 4.36524658198e-07, 4.03438616559e-06, 8.57595637171e-07, 2.82457995127e-06, 5.54989446755e-06, 1.91626781998e-06, 1.48383605847e-06, 3.72918378844e-07, 1.14773946791e-07, 5.8985818896e-08, 3.30320021336e-10, 1.8003133706e-11, 2.23601970273e-11],
        "var": [1.62797242353e-08, 4.23253841291e-05, 0.000200099137146, 3.45027365256e-05, 2.67429568339e-05, 8.09917764855e-06, 3.02970875055e-06, 2.37431709138e-06, 5.55659198653e-07, 5.8358187971e-07, 2.81573619532e-07, 3.29688589318e-07, 1.91910359604e-07, 4.29100566635e-07, 9.37490312936e-07, 1.98408940832e-07, 5.66394419366e-07, 1.26950766344e-07, 1.94645636498e-07, 1.12478396375e-07, 1.60117167525e-07, 1.32187807367e-07, 2.17265991864e-07, 4.31304769677e-08, 3.16982294635e-07, 3.05561109748e-09, 1.02661557878e-15]
    },
    "erbbands": {
        "dmean": [0.0417955256999, 0.658679127693, 7.00175571442, 12.3065547943, 10.0981292725, 7.49329423904, 12.6702327728, 17.3116569519, 11.4327011108, 8.63802528381, 11.3324079514, 7.6775226593, 7.02969312668, 4.15803575516, 5.87599277496, 6.68790340424, 6.36265182495, 6.05931425095, 9.30163955688, 8.500415802, 8.68008232117, 10.4759950638, 8.82857322693, 7.69170999527, 7.03933000565, 6.31349611282, 6.64929008484, 7.13430738449, 6.71089220047, 3.59777975082, 4.31804513931, 1.31241226196, 0.875035524368, 1.90973258018, 0.294613659382, 0.0848470926285, 0.0114327995107, 0.00039296070463, 1.98027537408e-05, 1.67882790265e-05],
        "dmean2": [0.0632776767015, 1.09938061237, 12.2950372696, 21.0396728516, 15.7792434692, 11.5332393646, 18.754858017, 28.717042923, 17.6761722565, 13.6252841949, 16.9087467194, 12.1406669617, 10.873585701, 6.24903917313, 9.35398864746, 10.5520105362, 10.0934505463, 9.55432510376, 14.0199203491, 13.710226059, 13.9745578766, 17.1734962463, 14.3343172073, 13.0463314056, 12.4155359268, 11.4850091934, 12.0755443573, 12.9104223251, 11.8941698074, 6.39798307419, 7.29360246658, 2.28755545616, 1.44251585007, 3.22228527069, 0.503445565701, 0.139361158013, 0.0184160042554, 0.000642213562969, 3.16451223625e-05, 2.64886384684e-05],
        "dvar": [0.0155126452446, 2.51567578316, 138.119491577, 425.037475586, 157.173675537, 111.372665405, 317.913421631, 513.390075684, 295.874328613, 282.104248047, 373.967071533, 100.800445557, 417.298034668, 40.0877113342, 178.264724731, 258.84664917, 247.580307007, 271.849517822, 856.57409668, 854.275939941, 295.550933838, 488.016723633, 162.784317017, 215.636001587, 249.528884888, 340.195098877, 388.468536377, 330.692718506, 259.137878418, 117.924369812, 142.143569946, 18.6873340607, 12.6007966995, 45.3465423584, 0.898676991463, 0.13737359643, 0.0146296611056, 1.04355995063e-05, 5.94359850226e-09, 5.21126752862e-10],
        "dvar2": [0.0312461033463, 6.12380695343, 367.778656006, 1062.74462891, 373.495483398, 247.102371216, 685.172607422, 1345.53259277, 640.463989258, 692.979553223, 676.739135742, 222.099746704, 667.471496582, 83.8615570068, 317.975158691, 496.518829346, 491.852874756, 550.672485352, 1778.70141602, 1774.21264648, 670.961669922, 896.763061523, 399.542785645, 556.479736328, 706.172363281, 970.086853027, 1098.04370117, 932.882751465, 712.155761719, 316.310089111, 364.288421631, 46.0819625854, 31.5670661926, 122.041816711, 2.49412703514, 0.347022920847, 0.0362063720822, 2.52015142905e-05, 1.45366083615e-08, 1.1527083732e-09],
        "max": [1.16528856754, 20.8934879303, 122.771278381, 234.84211731, 152.447647095, 116.371063232, 216.856491089, 253.912399292, 260.347473145, 359.140625, 559.797302246, 169.791549683, 764.221130371, 126.767402649, 422.772674561, 390.396606445, 350.443939209, 421.070770264, 591.159118652, 581.877441406, 276.92855835, 559.476013184, 191.075576782, 221.895248413, 195.649078369, 251.178741455, 159.866821289, 158.108276367, 176.496276855, 151.158309937, 181.921142578, 92.9502563477, 92.6780548096, 102.271636963, 12.4621915817, 8.55670452118, 3.90431571007, 0.106730498374, 0.00241600722075, 0.000263172347331],
        "mean": [0.0541174486279, 0.953114926815, 8.68865013123, 16.0835094452, 19.1793842316, 14.5369205475, 23.9999313354, 29.2732315063, 21.9460468292, 14.5347700119, 18.3277873993, 14.4675216675, 12.1673574448, 9.44096851349, 11.2983818054, 10.8025398254, 10.7748804092, 11.8291015625, 16.3136348724, 14.2027397156, 15.7887163162, 20.0788192749, 16.3614521027, 13.9190578461, 10.2672586441, 6.5598692894, 6.4860253334, 8.34478664398, 7.45962333679, 3.58316302299, 6.35964107513, 1.6459223032, 1.18580102921, 3.32186412811, 0.473020523787, 0.112795561552, 0.0119415856898, 0.000422173994593, 3.82263388019e-05, 4.17270493926e-05],
        "median": [0.0131578184664, 0.361258000135, 4.78398275375, 10.0526361465, 12.7238054276, 9.65257167816, 14.7028770447, 18.6989059448, 11.011639595, 8.92904853821, 10.1671504974, 9.52221775055, 6.67729473114, 5.37233734131, 6.21644306183, 5.22041797638, 5.66987276077, 4.93899059296, 5.59036827087, 3.78036570549, 7.70263814926, 9.97948169708, 9.87546730042, 5.02271223068, 5.53744029999, 2.70487809181, 2.16845154762, 4.4181265831, 3.29893612862, 0.658397376537, 0.411000907421, 0.168795987964, 0.0817819535732, 0.0552068427205, 0.0089306589216, 0.00148869899567, 0.000180706163519, 1.28983956529e-05, 1.64470784512e-05, 3.10754585371e-05],
        "min": [0.00041139262612, 0.0113938013092, 0.159764334559, 0.499396562576, 0.484569877386, 1.1423573494, 0.403818100691, 0.706476926804, 0.53050494194, 0.269240766764, 0.316362738609, 0.543357610703, 0.456683903933, 0.0853645354509, 0.130383715034, 0.17161822319, 0.0774140581489, 0.127400666475, 0.0519027858973, 0.110280647874, 0.24436968565, 0.181278184056, 0.347334504128, 0.32790902257, 0.188356503844, 0.0959476828575, 0.0552917309105, 0.0728968605399, 0.0140060698614, 0.00488836690784, 0.00349870650098, 0.00158440193627, 0.000841305183712, 5.34679347766e-05, 1.3566040252e-05, 8.34269667394e-06, 3.07123832499e-06, 5.21325830505e-07, 2.05164246836e-06, 4.2110141294e-06],
        "var": [0.0190436579287, 3.24785995483, 154.118652344, 455.264892578, 392.568725586, 213.76890564, 712.422058105, 1013.12811279, 985.949829102, 472.053985596, 1031.13244629, 260.29989624, 1251.9362793, 137.826522827, 553.585632324, 646.823059082, 509.434936523, 1033.93005371, 1656.74707031, 1585.52111816, 708.084838867, 1580.20092773, 426.973419189, 559.218078613, 263.688842773, 222.524551392, 255.852325439, 246.244415283, 214.260879517, 96.713218689, 335.030578613, 23.4050312042, 15.1132659912, 115.992866516, 2.03364658356, 0.17410980165, 0.0142357628793, 1.12101379273e-05, 7.82066322813e-09, 1.12103848426e-09]
    },
    "gfcc": {
        "mean": [-15.1974306107, 133.977020264, -122.719024658, 57.7284011841, -66.0672454834, 1.67456114292, -38.7420196533, -3.96570539474, -19.971824646, -12.5351171494, -13.175403595, -11.7043714523, -5.67050361633],
        "cov": [[2708.80712891, -1435.74047852, 305.650177002, 25.0858707428, -255.678497314, 582.771118164, -506.298431396, 233.297454834, -231.209106445, 243.348129272, -98.2353820801, 261.419555664, -91.7132949829], [-1435.74047852, 1385.19433594, -484.624603271, 10.0452480316, 301.593109131, -450.79019165, 480.928405762, -289.940246582, 283.431854248, -196.816665649, 147.047363281, -193.214355469, 126.87878418], [305.650177002, -484.624603271, 549.448120117, -56.2269020081, -147.657989502, 220.262191772, -158.920120239, 174.656082153, -142.875900269, 84.1476364136, -63.1306228638, 48.6069145203, -68.7350616455], [25.0858707428, 10.0452480316, -56.2269020081, 221.235031128, 38.2436218262, -19.9687805176, 50.1055831909, -37.3793640137, 58.9825782776, -32.1001701355, 29.0316524506, -39.4189834595, 40.0814399719], [-255.678497314, 301.593109131, -147.657989502, 38.2436218262, 204.952133179, -91.4717941284, 68.122215271, -39.1698989868, 96.1063461304, -33.9750022888, 39.4505805969, -49.1839370728, 18.6782016754], [582.771118164, -450.79019165, 220.262191772, -19.9687805176, -91.4717941284, 270.190704346, -143.842727661, 114.568138123, -90.2650146484, 69.2833251953, -18.2023220062, 63.3345222473, -28.5324859619], [-506.298431396, 480.928405762, -158.920120239, 50.1055831909, 68.122215271, -143.842727661, 322.528167725, -116.967712402, 57.6121826172, -70.5604171753, 27.2093505859, -44.8360481262, 53.1470108032], [233.297454834, -289.940246582, 174.656082153, -37.3793640137, -39.1698989868, 114.568138123, -116.967712402, 168.331848145, -37.8720817566, 40.090461731, -18.6485080719, 22.0227565765, -38.2543487549], [-231.209106445, 283.431854248, -142.875900269, 58.9825782776, 96.1063461304, -90.2650146484, 57.6121826172, -37.8720817566, 166.88343811, -46.8309326172, 61.8576278687, -75.0679855347, 19.1074523926], [243.348129272, -196.816665649, 84.1476364136, -32.1001701355, -33.9750022888, 69.2833251953, -70.5604171753, 40.090461731, -46.8309326172, 104.672355652, -22.1931304932, 53.1295776367, -17.614151001], [-98.2353820801, 147.047363281, -63.1306228638, 29.0316524506, 39.4505805969, -18.2023220062, 27.2093505859, -18.6485080719, 61.8576278687, -22.1931304932, 91.9499816895, -29.1145877838, 21.5560798645], [261.419555664, -193.214355469, 48.6069145203, -39.4189834595, -49.1839370728, 63.3345222473, -44.8360481262, 22.0227565765, -75.0679855347, 53.1295776367, -29.1145877838, 119.635749817, 7.64464521408], [-91.7132949829, 126.87878418, -68.7350616455, 40.0814399719, 18.6782016754, -28.5324859619, 53.1470108032, -38.2543487549, 19.1074523926, -17.614151001, 21.5560798645, 7.64464521408, 88.594367981]],
        "icov": [[0.00119439151604, 0.000939968449529, 0.000652163871564, -0.000185647411854, -6.40585640213e-05, -0.00158419949003, 0.000194675842067, 0.000578525010496, -0.000614446063992, -0.000465477263788, 4.28455896326e-05, -0.000821443332825, 0.000216996195377], [0.000939968449529, 0.016315124929, -0.00256680347957, 0.0120935551822, -0.00876360200346, 0.00775466067716, -0.011294840835, 0.00986156612635, -0.00906360801309, 0.00389457936399, -0.00844677817076, 0.0067506977357, -0.0102744037285], [0.000652163871564, -0.00256680347957, 0.00496177282184, -0.00274493661709, 0.00280752847902, -0.00399612868205, 0.00213517993689, -0.00406619999558, 0.00310523016378, -0.00202270690352, 0.00219947518781, -0.000479650509078, 0.00296135991812], [-0.000185647411854, 0.0120935551822, -0.00274493661709, 0.0153354946524, -0.00705672474578, 0.00618040282279, -0.00922812335193, 0.00827473308891, -0.00818767864257, 0.00385477649979, -0.00641639018431, 0.00721191195771, -0.0105211995542], [-6.40585640213e-05, -0.00876360200346, 0.00280752847902, -0.00705672474578, 0.0122979953885, -0.00408600457013, 0.00587463658303, -0.00626406911761, 0.00229179556482, -0.00301560340449, 0.00426049297675, -0.00346754631028, 0.00588620826602], [-0.00158419949003, 0.00775466067716, -0.00399612868205, 0.00618040282279, -0.00408600457013, 0.0151940630749, -0.00553075782955, 0.00224130437709, -0.00236583920196, 0.00183206202928, -0.00723008671775, 0.00378136988729, -0.00629431381822], [0.000194675842067, -0.011294840835, 0.00213517993689, -0.00922812335193, 0.00587463658303, -0.00553075782955, 0.0134259397164, -0.00483383098617, 0.0065759960562, -0.00178897508886, 0.00607898645103, -0.00530976848677, 0.00625278055668], [0.000578525010496, 0.00986156612635, -0.00406619999558, 0.00827473308891, -0.00626406911761, 0.00224130437709, -0.00483383098617, 0.017445364967, -0.00717734033242, 0.0025629021693, -0.00460545578972, 0.00381956598721, -0.00509899435565], [-0.000614446063992, -0.00906360801309, 0.00310523016378, -0.00818767864257, 0.00229179556482, -0.00236583920196, 0.0065759960562, -0.00717734033242, 0.0190586932003, -0.00242343521677, -0.000626443594228, 0.00124907842837, 0.00562084326521], [-0.000465477263788, 0.00389457936399, -0.00202270690352, 0.00385477649979, -0.00301560340449, 0.00183206202928, -0.00178897508886, 0.0025629021693, -0.00242343521677, 0.0161962714046, -0.00166009750683, -0.00297037046403, -0.00156402471475], [4.28455896326e-05, -0.00844677817076, 0.00219947518781, -0.00641639018431, 0.00426049297675, -0.00723008671775, 0.00607898645103, -0.00460545578972, -0.000626443594228, -0.00166009750683, 0.0203654672951, -0.00292882043868, 0.00299110473134], [-0.000821443332825, 0.0067506977357, -0.000479650509078, 0.00721191195771, -0.00346754631028, 0.00378136988729, -0.00530976848677, 0.00381956598721, 0.00124907842837, -0.00297037046403, -0.00292882043868, 0.0194847751409, -0.00919838342816], [0.000216996195377, -0.0102744037285, 0.00296135991812, -0.0105211995542, 0.00588620826602, -0.00629431381822, 0.00625278055668, -0.00509899435565, 0.00562084326521, -0.00156402471475, 0.00299110473134, -0.00919838342816, 0.0226057358086]]
    },
    "melbands": {
        "dmean": [0.000446346850367, 0.0027730492875, 0.00195568450727, 0.000562337052543, 0.000455424044048, 0.000356748321792, 0.000156353315106, 0.000119207157695, 7.98028268036e-05, 5.37031119165e-05, 3.57919307135e-05, 1.71377159859e-05, 1.8427715986e-05, 1.84128184628e-05, 1.71502942976e-05, 1.42261642395e-05, 1.26232671391e-05, 1.53347173182e-05, 1.4712400116e-05, 1.10354376375e-05, 1.11233102871e-05, 1.32280993057e-05, 1.02157000583e-05, 6.36145068711e-06, 6.74153488944e-06, 5.60224088986e-06, 4.97634482599e-06, 4.30526142736e-06, 4.27449185736e-06, 4.48773425887e-06, 4.27924351243e-06, 4.65129960503e-06, 2.53191319644e-06, 1.86908778232e-06, 2.72427610071e-06, 1.36855237542e-06, 7.43740429243e-07, 5.38977587894e-07, 1.18210698474e-06, 1.66485460795e-06],
        "dmean2": [0.000716232869308, 0.00483770668507, 0.00324144749902, 0.000901197025087, 0.0006649052375, 0.000589373288676, 0.000242261143285, 0.000188426449313, 0.000118171657959, 8.58213024912e-05, 5.558013072e-05, 2.64132777374e-05, 2.94645469694e-05, 2.94023720926e-05, 2.7925159884e-05, 2.32168931689e-05, 2.04872430913e-05, 2.33210303122e-05, 2.34981816902e-05, 1.79389262485e-05, 1.78061764018e-05, 2.19944104174e-05, 1.62812993949e-05, 1.05998378785e-05, 1.15349557746e-05, 9.73902024271e-06, 8.97626250662e-06, 7.81511698733e-06, 7.80661503086e-06, 8.17103045847e-06, 7.69967937231e-06, 8.15940074972e-06, 4.59227385363e-06, 3.28680107486e-06, 4.55365716334e-06, 2.37317954088e-06, 1.29828811168e-06, 8.98778580449e-07, 1.92519792108e-06, 2.81614484265e-06],
        "dvar": [1.44023499615e-06, 2.18901914195e-05, 8.81819687493e-06, 4.50900046189e-07, 4.3289230689e-07, 2.04791462011e-07, 5.20855785169e-08, 3.86321197254e-08, 2.15429594164e-08, 5.56458834566e-09, 9.81033121406e-09, 6.2725946659e-10, 1.52878110171e-09, 1.64167668348e-09, 1.46612033625e-09, 1.63748503645e-09, 1.45442846655e-09, 2.04771244405e-09, 3.08825232054e-09, 8.95246876631e-10, 5.07949182715e-10, 6.61331100993e-10, 4.06099986971e-10, 1.1602422495e-10, 1.67955302444e-10, 1.39425165857e-10, 1.97487262654e-10, 1.46858081251e-10, 1.57865595596e-10, 1.68926733712e-10, 1.1660061805e-10, 9.80563408248e-11, 6.32568789016e-11, 4.75011731338e-11, 5.64580084073e-11, 1.38449746459e-11, 1.06904927619e-11, 5.52005273088e-12, 1.52241639434e-11, 3.58281286583e-11],
        "dvar2": [2.81381812783e-06, 5.74189289182e-05, 2.18602654058e-05, 1.10745145321e-06, 8.8640854301e-07, 5.28224802565e-07, 1.15134604073e-07, 9.85816939192e-08, 3.64697783084e-08, 1.26327366345e-08, 1.55292170234e-08, 1.35974098647e-09, 2.84493317793e-09, 3.2377129866e-09, 3.34661676149e-09, 3.68210661961e-09, 3.11835712807e-09, 4.18066026242e-09, 7.69665131628e-09, 2.04779593282e-09, 1.1502253594e-09, 1.29659960546e-09, 8.64846083637e-10, 2.97357555246e-10, 4.30172286681e-10, 3.85340481746e-10, 5.69811142714e-10, 4.16691597893e-10, 4.47879733301e-10, 4.79384587582e-10, 3.26894428193e-10, 2.72208505736e-10, 1.71440042718e-10, 1.23677276753e-10, 1.44887435383e-10, 3.6147668192e-11, 2.49632484822e-11, 1.3449447285e-11, 3.90466305122e-11, 9.70261440636e-11],
        "max": [0.0133952274919, 0.0475153028965, 0.0339445397258, 0.00670381169766, 0.00775515986606, 0.00507303886116, 0.00331362965517, 0.00372667517513, 0.00469456985593, 0.00127694010735, 0.00368662900291, 0.0004679299891, 0.00110138999298, 0.000898355036043, 0.000711633590981, 0.00088247662643, 0.000926380220335, 0.000862623739522, 0.000979754491709, 0.000550127238967, 0.000333819538355, 0.000591718533542, 0.000503955525346, 0.000163381962921, 0.000206398821319, 0.000134273024742, 0.00023852007871, 0.000138472911203, 0.000108613625343, 0.000133170891786, 0.000115116039524, 0.000109205189801, 0.000107474625111, 0.000132904315251, 0.000113407571916, 4.91855862492e-05, 7.76523665991e-05, 5.00721798744e-05, 6.20488644927e-05, 8.25262104627e-05],
        "mean": [0.000655460287817, 0.00350096239708, 0.00302542094141, 0.00110882078297, 0.000881188316271, 0.000625328393653, 0.000297920661978, 0.000188090940355, 0.0001305097976, 9.35219504754e-05, 5.86744499742e-05, 3.66748936358e-05, 3.70588277292e-05, 3.07213122142e-05, 2.54880669672e-05, 2.15720538108e-05, 2.23572878895e-05, 2.57675110333e-05, 2.25122730626e-05, 1.67170655914e-05, 1.88478861674e-05, 2.28054977924e-05, 1.75288059836e-05, 1.08750900836e-05, 1.16090759548e-05, 8.57985742186e-06, 5.76317052037e-06, 4.10460779676e-06, 3.98622341891e-06, 4.41056954514e-06, 5.13835720994e-06, 5.19825607626e-06, 2.2708538836e-06, 1.67951782259e-06, 4.035130587e-06, 1.89589457023e-06, 7.84094481787e-07, 5.33921252099e-07, 1.97384611056e-06, 2.86326053356e-06],
        "median": [0.000171898966073, 0.00188969029114, 0.00201930548064, 0.000809645687696, 0.000527478230651, 0.000415942835389, 0.000152554028318, 0.000112445188279, 7.3147493822e-05, 6.03205589869e-05, 3.1153580494e-05, 2.0775698431e-05, 2.15072541323e-05, 1.66278987308e-05, 1.21261691675e-05, 1.04517412183e-05, 8.19556225906e-06, 9.75857528829e-06, 4.86345288664e-06, 6.55814392303e-06, 8.85035751708e-06, 1.06853958641e-05, 9.03969612409e-06, 5.60530861549e-06, 3.62799073628e-06, 4.06584649681e-06, 2.99842486129e-06, 1.4560953332e-06, 1.05005403839e-06, 1.79134758582e-06, 2.54505766861e-06, 2.17967635763e-06, 3.27543034473e-07, 2.51005786822e-07, 2.31539644346e-07, 1.73506151668e-07, 6.28771132938e-08, 3.80785252219e-08, 5.68648594879e-08, 3.8737283603e-08],
        "min": [2.07201628655e-06, 2.82824603346e-05, 9.84936195891e-05, 6.15053868387e-05, 6.5087024268e-06, 1.91381259356e-05, 7.04359854353e-06, 2.11035376196e-06, 1.86001875591e-06, 1.74892829818e-06, 2.02479600375e-06, 1.61850351788e-07, 3.4380795455e-07, 4.05138649739e-07, 1.7531580454e-07, 6.71716762213e-08, 1.88733139339e-07, 8.06972693113e-08, 3.96469630459e-08, 1.90304760395e-07, 2.56546201172e-07, 5.213060561e-08, 1.55949209102e-07, 5.94552744815e-08, 6.64281145646e-08, 1.51198463527e-07, 6.30737062579e-08, 4.06309581535e-08, 2.14333919502e-08, 3.2519825055e-08, 3.17877386635e-08, 7.07452851856e-09, 1.72351943828e-09, 1.73116654345e-09, 1.8768249177e-09, 9.46400180446e-10, 4.25341324661e-11, 2.26182420016e-10, 6.98080274142e-11, 1.55055395606e-12],
