{
"highlevel": {
    "danceability": {
        "all": {
            "danceable": 1.85380486073e-06,
            "not_danceable": 0.999998152256
        },
        "probability": 0.999998152256,
        "value": "not_danceable"
    },
    "gender": {
        "all": {
            "female": 0.76050978899,
            "male": 0.23949021101
        },
        "probability": 0.76050978899,
        "value": "female"
    },
    "genre_dortmund": {
        "all": {
            "alternative": 0.337177723646,
            "blues": 0.00994271505624,
            "electronic": 0.0243572015315,
            "folkcountry": 0.0787542238832,
            "funksoulrnb": 0.000977746560238,
            "jazz": 0.00115029420704,
            "pop": 0.0276912599802,
            "raphiphop": 0.000158554918016,
            "rock": 0.519790291786
        },
        "probability": 0.519790291786,
        "value": "rock"
    },
    "genre_electronic": {
        "all": {
            "ambient": 0.692677974701,
            "dnb": 0.145284935832,
            "house": 0.0175454374403,
            "techno": 0.014551339671,
            "trance": 0.12994030118
        },
        "probability": 0.692677974701,
        "value": "ambient"
    },
    "genre_rosamerica": {
        "all": {
            "cla": 0.00336386938579,
            "dan": 0.00065304239979,
            "hip": 0.000168383296113,
            "jaz": 6.54615651001e-05,
            "pop": 0.000896780111361,
            "rhy": 0.0013187477598,
            "roc": 0.993339121342,
            "spe": 0.000194586013095
        },
        "probability": 0.993339121342,
        "value": "roc"
    },
    "genre_tzanetakis": {
        "all": {
            "blu": 0.0626541376114,
            "cla": 0.0348133966327,
            "cou": 0.0783501937985,
            "dis": 0.104547761381,
            "hip": 0.15693578124,
            "jaz": 0.313987255096,
            "met": 0.044816005975,
            "pop": 0.0627349764109,
            "reg": 0.0627352520823,
            "roc": 0.0784252434969
        },
        "probability": 0.313987255096,
        "value": "jaz"
    },
    "ismir04_rhythm": {
        "all": {
            "ChaChaCha": 0.0102803474292,
            "Jive": 0.271787017584,
            "Quickstep": 0.00324542936869,
            "Rumba-American": 0.00704244710505,
            "Rumba-International": 0.0112887332216,
            "Rumba-Misc": 0.0019993854221,
            "Samba": 0.0162082854658,
            "Tango": 0.0443221926689,
            "VienneseWaltz": 0.607672691345,
            "Waltz": 0.0261535048485
        },
        "probability": 0.607672691345,
        "value": "VienneseWaltz"
    },
    "mood_acoustic": {
        "all": {
            "acoustic": 0.187271431088,
            "not_acoustic": 0.812728583813
        },
        "probability": 0.812728583813,
        "value": "not_acoustic"
    },
    "mood_aggressive": {
        "all": {
            "aggressive": 0.944498717785,
            "not_aggressive": 0.0555012971163
        },
        "probability": 0.944498717785,
        "value": "aggressive"
    },
    "mood_electronic": {
        "all": {
            "electronic": 0.0911621153355,
            "not_electronic": 0.908837914467
        },
        "probability": 0.908837914467,
        "value": "not_electronic"
    },
    "mood_happy": {
        "all": {
            "happy": 0.579790592194,
            "not_happy": 0.420209407806
        },
        "probability": 0.579790592194,
        "value": "happy"
    },
    "mood_party": {
        "all": {
            "not_party": 0.92001914978,
            "party": 0.0799808502197
        },
        "probability": 0.92001914978,
        "value": "not_party"
    },
    "mood_relaxed": {
        "all": {
            "not_relaxed": 0.705048084259,
            "relaxed": 0.294951915741
        },
        "probability": 0.705048084259,
        "value": "not_relaxed"
    },
    "mood_sad": {
        "all": {
            "not_sad": 0.789639890194,
            "sad": 0.210360124707
        },
        "probability": 0.789639890194,
        "value": "not_sad"
    },
    "moods_mirex": {
        "all": {
            "Cluster1": 0.160323217511,
            "Cluster2": 0.111211247742,
            "Cluster3": 0.273450762033,
            "Cluster4": 0.0304835699499,
            "Cluster5": 0.424531191587
        },
        "probability": 0.424531191587,
        "value": "Cluster5"
    },
    "timbre": {
        "all": {
            "bright": 0.080328412354,
            "dark": 0.919671595097
        },
        "probability": 0.919671595097,
        "value": "dark"
    },
    "tonal_atonal": {
        "all": {
            "atonal": 0.00607528071851,
            "tonal": 0.993924736977
        },
        "probability": 0.993924736977,
        "value": "tonal"
    },
    "voice_instrumental": {
        "all": {
            "instrumental": 0.00927885249257,
            "voice": 0.990721166134
        },
        "probability": 0.990721166134,
        "value": "voice"
    }
},
"lowlevel": {
    "average_loudness": 0.984210193157,
    "barkbands_crest": {
        "dmean": 1.66884553432,
        "dmean2": 2.70496892929,
        "dvar": 2.1749651432,
        "dvar2": 5.53469228745,
        "max": 16.2935276031,
        "mean": 8.13594722748,
        "median": 7.8676905632,
        "min": 3.41518640518,
        "var": 5.28804397583
    },
    "barkbands_flatness_db": {
        "dmean": 0.01624237746,
        "dmean2": 0.0241056121886,
        "dvar": 0.000180964678293,
        "dvar2": 0.000391753070289,
        "max": 0.267426371574,
        "mean": 0.14725741744,
        "median": 0.143328890204,
        "min": 0.0706433281302,
        "var": 0.000981696299277
    },
    "barkbands_kurtosis": {
        "dmean": 1.75590264797,
        "dmean2": 2.86184692383,
        "dvar": 4.06975030899,
        "dvar2": 10.3170518875,
        "max": 27.6422214508,
        "mean": 3.21585059166,
        "median": 2.32936239243,
        "min": -1.55621635914,
        "var": 11.5587186813
    },
    "barkbands_skewness": {
        "dmean": 0.373405694962,
        "dmean2": 0.600607275963,
        "dvar": 0.112866058946,
        "dvar2": 0.286931604147,
        "max": 4.32859754562,
        "mean": 1.64296996593,
        "median": 1.57239735126,
        "min": 0.00118874316104,
        "var": 0.474486738443
    },
    "barkbands_spread": {
        "dmean": 3.11971116066,
        "dmean2": 4.96646976471,
        "dvar": 10.0589647293,
        "dvar2": 26.1011562347,
        "max": 60.7813453674,
        "mean": 16.7578678131,
        "median": 15.966594696,
        "min": 4.25581121445,
        "var": 40.9234695435
    },
    "dissonance": {
        "dmean": 0.0141206318513,
        "dmean2": 0.023762691766,
        "dvar": 0.000157559174113,
        "dvar2": 0.000442040967755,
        "max": 0.500000119209,
        "mean": 0.473371267319,
        "median": 0.477333784103,
        "min": 0.372143030167,
        "var": 0.000311239302391
    },
    "dynamic_complexity": 0.960716962814,
    "erbbands_crest": {
        "dmean": 1.91716301441,
        "dmean2": 3.13284850121,
        "dvar": 3.19367313385,
        "dvar2": 8.31442546844,
        "max": 22.1399822235,
        "mean": 7.16397428513,
        "median": 6.22971439362,
        "min": 2.68600201607,
        "var": 10.2290802002
    },
    "erbbands_flatness_db": {
        "dmean": 0.0125538231805,
        "dmean2": 0.0178269986063,
        "dvar": 0.000136911214213,
        "dvar2": 0.000253777106991,
        "max": 0.254460006952,
        "mean": 0.154928088188,
        "median": 0.152368694544,
        "min": 0.0814962610602,
        "var": 0.000805759860668
    },
    "erbbands_kurtosis": {
        "dmean": 0.463687777519,
        "dmean2": 0.752958297729,
        "dvar": 0.253934860229,
        "dvar2": 0.660844564438,
        "max": 6.60351657867,
        "mean": -0.142352283001,
        "median": -0.402633666992,
        "min": -1.4752061367,
        "var": 0.816068768501
    },
    "erbbands_skewness": {
        "dmean": 0.250004410744,
        "dmean2": 0.398587465286,
        "dvar": 0.0423670038581,
        "dvar2": 0.111696913838,
        "max": 2.14415740967,
        "mean": 0.172184422612,
        "median": 0.174791067839,
        "min": -1.60243737698,
        "var": 0.246696308255
    },
    "erbbands_spread": {
        "dmean": 5.13609075546,
        "dmean2": 8.00645065308,
        "dvar": 21.7324943542,
        "dvar2": 48.127166748,
        "max": 92.6753005981,
        "mean": 35.3315734863,
        "median": 34.9997520447,
        "min": 12.4720125198,
        "var": 104.282722473
    },
    "hfc": {
        "dmean": 4.19000244141,
        "dmean2": 6.25595521927,
        "dvar": 21.4350986481,
        "dvar2": 47.4801826477,
        "max": 72.2124099731,
        "mean": 23.6286697388,
        "median": 21.4968776703,
        "min": 5.65299654007,
        "var": 107.599662781
    },
    "melbands_crest": {
        "dmean": 2.42976856232,
        "dmean2": 4.0296587944,
        "dvar": 5.06933879852,
        "dvar2": 14.2893133163,
        "max": 23.439540863,
        "mean": 12.8674592972,
        "median": 12.6830949783,
        "min": 5.1315908432,
        "var": 10.8674964905
    },
    "melbands_flatness_db": {
        "dmean": 0.0186803359538,
        "dmean2": 0.0278466492891,
        "dvar": 0.000279493251583,
        "dvar2": 0.000597697799094,
        "max": 0.350814759731,
        "mean": 0.214194849133,
        "median": 0.21037659049,
        "min": 0.107572957873,
        "var": 0.00151779595762
    },
    "melbands_kurtosis": {
        "dmean": 3.99697208405,
        "dmean2": 6.41584300995,
        "dvar": 21.4497718811,
        "dvar2": 53.0142326355,
        "max": 67.9754486084,
        "mean": 9.78712749481,
        "median": 7.85697746277,
        "min": -0.731709241867,
        "var": 61.0568618774
    },
    "melbands_skewness": {
        "dmean": 0.520201861858,
        "dmean2": 0.823532581329,
        "dvar": 0.213444381952,
        "dvar2": 0.531177282333,
        "max": 7.2782793045,
        "mean": 2.58866715431,
        "median": 2.54134845734,
        "min": 0.189897581935,
        "var": 0.97285592556
    },
    "melbands_spread": {
        "dmean": 3.66060066223,
        "dmean2": 5.89641666412,
        "dvar": 13.7599973679,
        "dvar2": 34.4129371643,
        "max": 57.0754394531,
        "mean": 16.7297019958,
        "median": 15.6061515808,
        "min": 3.07749795914,
        "var": 53.9593772888
    },
    "pitch_salience": {
        "dmean": 0.0606033988297,
        "dmean2": 0.0997080281377,
        "dvar": 0.00271973828785,
        "dvar2": 0.00724351545796,
        "max": 0.863543272018,
        "mean": 0.619356572628,
        "median": 0.624188303947,
        "min": 0.346868604422,
        "var": 0.00691518187523
    },
    "silence_rate_20dB": {
        "dmean": 0,
        "dmean2": 0,
        "dvar": 0,
        "dvar2": 0,
        "max": 1,
        "mean": 1,
        "median": 1,
        "min": 1,
        "var": 0
    },
    "silence_rate_30dB": {
        "dmean": 0,
        "dmean2": 0,
        "dvar": 0,
        "dvar2": 0,
        "max": 1,
        "mean": 1,
        "median": 1,
        "min": 1,
        "var": 0
    },
    "silence_rate_60dB": {
        "dmean": 0,
        "dmean2": 0,
        "dvar": 0,
        "dvar2": 0,
        "max": 0,
        "mean": 0,
        "median": 0,
        "min": 0,
        "var": 0
    },
    "spectral_centroid": {
        "dmean": 147.401931763,
        "dmean2": 230.652404785,
        "dvar": 18605.5136719,
        "dvar2": 46240.0898438,
        "max": 2513.06298828,
        "mean": 965.33001709,
        "median": 910.489990234,
        "min": 336.156921387,
        "var": 113308.125
    },
    "spectral_complexity": {
        "dmean": 3.39164090157,
        "dmean2": 5.37955093384,
        "dvar": 7.79550695419,
        "dvar2": 17.6002864838,
        "max": 46,
        "mean": 27.6705341339,
        "median": 27,
        "min": 9,
        "var": 32.7344512939
    },
    "spectral_decrease": {
        "dmean": 2.54032772595e-09,
        "dmean2": 4.14476186705e-09,
        "dvar": 6.64520218665e-18,
        "dvar2": 1.83839154061e-17,
        "max": -2.70454592055e-09,
        "mean": -1.14089262482e-08,
        "median": -1.10812221621e-08,
        "min": -2.64033328534e-08,
        "var": 1.22903868533e-17
    },
    "spectral_energy": {
        "dmean": 0.00985821057111,
        "dmean2": 0.0160376634449,
        "dvar": 9.86506711342e-05,
        "dvar2": 0.000271563912975,
        "max": 0.102388478816,
        "mean": 0.0452031418681,
        "median": 0.0439586527646,
        "min": 0.010815504007,
        "var": 0.000189325772226
    },
    "spectral_energyband_high": {
        "dmean": 0.000131830849568,
        "dmean2": 0.000193479951122,
        "dvar": 1.32543021891e-07,
        "dvar2": 3.55495785698e-07,
        "max": 0.00919093191624,
        "mean": 0.000364970532246,
        "median": 0.000259693333646,
        "min": 2.3770822736e-05,
        "var": 1.55229116672e-07
    },
    "spectral_energyband_low": {
        "dmean": 0.00599037716165,
        "dmean2": 0.00990711338818,
        "dvar": 6.48574787192e-05,
        "dvar2": 0.000179084410775,
        "max": 0.0780399590731,
        "mean": 0.0168388914317,
        "median": 0.0151298679411,
        "min": 0.000432619388448,
        "var": 0.000106748055259
    },
    "spectral_energyband_middle_high": {
        "dmean": 0.00177040323615,
        "dmean2": 0.00262760790065,
        "dvar": 4.30543195762e-06,
        "dvar2": 8.77602269611e-06,
        "max": 0.0482219718397,
        "mean": 0.00757935876027,
        "median": 0.00623236317188,
        "min": 0.000987417646684,
        "var": 3.36445991707e-05
    },
    "spectral_energyband_middle_low": {
        "dmean": 0.00693289330229,
        "dmean2": 0.011472100392,
        "dvar": 5.00718924741e-05,
        "dvar2": 0.000138778879773,
        "max": 0.0792803615332,
        "mean": 0.0236229989678,
        "median": 0.0218730922788,
        "min": 0.00540017709136,
        "var": 9.7443247796e-05
    },
    "spectral_entropy": {
        "dmean": 0.111788608134,
        "dmean2": 0.164641842246,
        "dvar": 0.0103398878127,
        "dvar2": 0.0202805418521,
        "max": 8.24556827545,
        "mean": 7.50630140305,
        "median": 7.51913261414,
        "min": 6.67542314529,
        "var": 0.044576741755
    },
    "spectral_flux": {
        "dmean": 0.0217703208327,
        "dmean2": 0.032916367054,
        "dvar": 0.000377647782443,
        "dvar2": 0.000774560438003,
        "max": 0.222438067198,
        "mean": 0.0961139053106,
        "median": 0.0901944562793,
        "min": 0.0347972624004,
        "var": 0.000939281715546
    },
    "spectral_kurtosis": {
        "dmean": 1.96157848835,
        "dmean2": 3.39501690865,
        "dvar": 3.5559296608,
        "dvar2": 10.9225788116,
        "max": 20.8566741943,
        "mean": 6.09084224701,
        "median": 5.94386959076,
        "min": -0.322048664093,
        "var": 5.69700336456
    },
    "spectral_rms": {
        "dmean": 0.000715365284123,
        "dmean2": 0.00115056871437,
        "dvar": 4.57559650613e-07,
        "dvar2": 1.25593703615e-06,
        "max": 0.00999455805868,
        "mean": 0.00656362250447,
        "median": 0.00654877768829,
        "min": 0.00324833975174,
        "var": 1.01948592146e-06
    },
    "spectral_rolloff": {
        "dmean": 237.981262207,
        "dmean2": 404.059753418,
        "dvar": 129510.304688,
        "dvar2": 336801.53125,
        "max": 6244.62890625,
        "mean": 922.746826172,
        "median": 796.728515625,
        "min": 193.798828125,
        "var": 268223.71875
    },
    "spectral_skewness": {
        "dmean": 0.218063101172,
        "dmean2": 0.369588285685,
        "dvar": 0.0360233671963,
        "dvar2": 0.102238968015,
        "max": 3.31645035744,
        "mean": 1.7775965929,
        "median": 1.76464414597,
        "min": 0.503388762474,
        "var": 0.100765421987
    },
    "spectral_spread": {
        "dmean": 338822.6875,
        "dmean2": 493576.71875,
        "dvar": 176099835904,
        "dvar2": 316809248768,
        "max": 12130158,
        "mean": 3547663.75,
        "median": 3471173,
        "min": 1843268.25,
        "var": 563825082368
    },
    "spectral_strongpeak": {
        "dmean": 0.407322078943,
        "dmean2": 0.719787299633,
        "dvar": 0.488673686981,
        "dvar2": 1.31715488434,
        "max": 6.35851430893,
        "mean": 0.760342180729,
        "median": 0.384110569954,
        "min": 0.0645027533174,
        "var": 1.10797023773
    },
    "zerocrossingrate": {
        "dmean": 0.00495272874832,
        "dmean2": 0.00628449348733,
        "dvar": 1.68687693076e-05,
        "dvar2": 2.5217223083e-05,
        "max": 0.08642578125,
        "mean": 0.0418807864189,
        "median": 0.04150390625,
        "min": 0.0126953125,
        "var": 0.000138944000355
    },
    "barkbands": {
        "dmean": [0.000145468206028, 0.00220557698049, 0.00357132731006, 0.00373070826754, 0.00329087278806, 0.00142342585605, 0.00102732435334, 0.00101661437657, 0.00125450093765, 0.000709133222699, 0.000662821927108, 0.000435864727478, 0.000395997572923, 0.000347433320712, 0.000365271233022, 0.000304854940623, 0.000212263417779, 0.00016659454559, 0.000141407494084, 5.69393159822e-05, 3.90944951505e-05, 3.69938206859e-05, 3.28865571646e-05, 1.89911843336e-05, 1.25545984702e-05, 1.02160574897e-05, 8.74688588226e-09],
        "dmean2": [0.000247971853241, 0.00370922195725, 0.00593223096803, 0.00619369372725, 0.00545886857435, 0.002297521336, 0.00172551395372, 0.00166406622157, 0.00195155316032, 0.00111197482329, 0.0010594202904, 0.000692998291925, 0.00064265175024, 0.000550039345399, 0.000609519716818, 0.000495045213029, 0.000352128117811, 0.000268508272711, 0.000225079187658, 9.03376276256e-05, 5.95869205426e-05, 5.76671300223e-05, 5.33121128683e-05, 2.99759485642e-05, 1.88447229448e-05, 1.5470181097e-05, 1.46456189398e-08],
        "dvar": [1.00308255924e-07, 1.57543599926e-05, 2.41916495725e-05, 1.68152273545e-05, 1.34514248202e-05, 2.82488599623e-06, 1.33076491693e-06, 2.57457099906e-06, 4.97259770782e-06, 2.1406635824e-06, 9.68549557001e-07, 9.82048504738e-07, 3.12854638196e-07, 2.8484001291e-07, 2.57196973052e-07, 3.13908543603e-07, 7.70267192252e-08, 5.65903484073e-08, 3.49939952571e-08, 5.09061770515e-09, 3.26033755549e-09, 1.78105672433e-08, 2.43075923834e-08, 1.10643416651e-09, 4.24068918869e-10, 3.04388514394e-10, 1.09396666242e-15],
        "dvar2": [2.60865022028e-07, 4.10586981161e-05, 6.83227553964e-05, 4.86805802211e-05, 3.27916895912e-05, 7.38464359529e-06, 3.6309393181e-06, 6.59109764456e-06, 1.22312667372e-05, 4.63965579911e-06, 2.35451784647e-06, 2.20829042519e-06, 7.71396798882e-07, 7.0525470619e-07, 6.79221898281e-07, 7.28575571429e-07, 2.14460172288e-07, 1.31665430558e-07, 8.56223110191e-08, 1.19552296951e-08, 7.15927095385e-09, 4.8374189987e-08, 7.23670936509e-08, 2.71585043343e-09, 1.03638320148e-09, 7.14408865399e-10, 1.66004238096e-15],
        "max": [0.00304092513397, 0.0383019410074, 0.040822673589, 0.035266071558, 0.0328403748572, 0.0205301642418, 0.0126802287996, 0.0184816177934, 0.0414146222174, 0.03685400635, 0.0196201261133, 0.0238767508417, 0.00729386974126, 0.00986608490348, 0.0101540749893, 0.0144406957552, 0.00356085156091, 0.00373205379583, 0.00380339776166, 0.000745299912523, 0.000707908591721, 0.00346098956652, 0.00416177418083, 0.000539132102858, 0.000318581005558, 0.000227092852583, 9.92053742266e-07],
        "mean": [0.000148556457134, 0.00485094171017, 0.00875929184258, 0.00694460421801, 0.00725489715114, 0.00275928666815, 0.00194152549375, 0.00172597053461, 0.0026365860831, 0.00142090592999, 0.00124736700673, 0.000844090012833, 0.000785554759204, 0.000717706163414, 0.00082386075519, 0.000627805595286, 0.000480006710859, 0.000420748896431, 0.00037680726382, 0.000130516957142, 8.98120269994e-05, 7.40301111364e-05, 6.13447409705e-05, 3.41328195645e-05, 2.7970134397e-05, 1.88399826584e-05, 7.26523197159e-09],
        "median": [5.56552258786e-05, 0.0033566323109, 0.00778265716508, 0.00552647933364, 0.00583887426183, 0.00210450449958, 0.00151122291572, 0.000933005998377, 0.00113314110786, 0.000648972112685, 0.000659386161715, 0.000475832785014, 0.000458239286672, 0.000443600467406, 0.000551646342501, 0.000447558413725, 0.000315773417242, 0.000246451527346, 0.000223387061851, 0.000100033037597, 5.94905941398e-05, 4.02004552598e-05, 3.65442901966e-05, 2.1087245841e-05, 2.03500094358e-05, 9.51929450821e-06, 1.56586277278e-09],
        "min": [1.26524682287e-07, 2.26648298849e-05, 2.61419045273e-05, 5.45743387192e-05, 0.000286199501716, 0.000122470912174, 0.000108918946353, 1.76204557647e-05, 6.25838147243e-05, 3.90304267057e-05, 3.09769748128e-05, 1.93811920326e-05, 2.83838744508e-05, 5.07729491801e-05, 6.11768264207e-05, 4.57283640571e-05, 4.30399923061e-05, 1.97267836484e-05, 2.08655965253e-05, 8.58111616253e-06, 7.53844869905e-06, 8.48786044116e-07, 3.7114611473e-07, 5.30684793887e-08, 6.39796327029e-10, 8.17626175098e-12, 6.59892756757e-12],
        "var": [8.77203092386e-08, 2.54144051723e-05, 3.5948738514e-05, 2.77827130049e-05, 2.93147386401e-05, 5.03689034304e-06, 2.37484732679e-06, 5.45364446225e-06, 2.06432632694e-05, 1.15134616863e-05, 3.33716548084e-06, 2.66512574854e-06, 9.996974768e-07, 8.40548182168e-07, 8.41262249196e-07, 4.95196275097e-07, 2.17509011691e-07, 2.12660310694e-07, 2.08795697176e-07, 1.11564588678e-08, 7.93180277014e-09, 1.57273110091e-08, 1.80320149923e-08, 1.68267122458e-09, 7.90640275472e-10, 5.5969989754e-10, 1.03197348568e-15]
    },
    "erbbands": {
        "dmean": [0.0438712760806, 0.602011322975, 3.28902935982, 8.14076805115, 13.328915596, 12.1064167023, 8.8540096283, 12.6839838028, 13.3679141998, 22.6938438416, 18.9313163757, 23.8620014191, 26.0741825104, 22.0719490051, 23.177482605, 16.0182666779, 18.0512695312, 15.1700153351, 18.9144382477, 18.6953449249, 13.4058628082, 11.4909820557, 8.58905124664, 8.44347381592, 5.54888010025, 2.47413110733, 1.82080662251, 1.3673106432, 1.30653226376, 1.23124039173, 0.956828773022, 0.51957911253, 0.272471278906, 0.160072132945, 0.092093013227, 0.0518146418035, 0.0193345658481, 0.00151417101733, 2.9217086194e-05, 1.12746874947e-05],
        "dmean2": [0.0742305740714, 1.00725460052, 5.47613525391, 13.3837852478, 22.8331375122, 19.3048419952, 14.8682861328, 20.4231014252, 22.7690086365, 37.399848938, 30.5196151733, 37.317905426, 40.6376190186, 34.5517692566, 37.4180793762, 25.1101608276, 29.3597927094, 23.6736812592, 30.4924697876, 30.6737728119, 21.7788028717, 19.0121021271, 14.039932251, 13.3350992203, 8.93560123444, 3.92248511314, 2.77783513069, 2.11390733719, 2.02972149849, 1.98251867294, 1.55336272717, 0.819150984287, 0.436872214079, 0.247979268432, 0.141027167439, 0.078020773828, 0.0296593960375, 0.00241000507958, 4.47480961157e-05, 1.8170401745e-05],
        "dvar": [0.0061191492714, 1.1512876749, 23.2006645203, 76.393119812, 256.942810059, 189.303329468, 93.3775558472, 236.894668579, 272.808685303, 1296.27368164, 674.440917969, 1732.27148438, 2579.25292969, 2100.70336914, 1002.71960449, 1253.49938965, 717.45513916, 461.726013184, 890.295837402, 570.308776855, 448.351165771, 255.406570435, 162.625839233, 122.589164734, 54.3425292969, 9.73215103149, 6.46197080612, 4.6019487381, 11.9673261642, 49.0103149414, 17.1864643097, 1.32139384747, 0.2194468081, 0.0691634565592, 0.0232136324048, 0.00694977072999, 0.00114946963731, 7.41333224141e-06, 2.29958696529e-09, 1.28646177044e-10],
        "dvar2": [0.0171496737748, 2.99171352386, 66.0919952393, 221.238571167, 684.553710938, 443.200042725, 254.974578857, 596.914611816, 779.900024414, 3583.31445312, 1722.92932129, 4150.39404297, 6195.24316406, 4386.39160156, 2588.75048828, 2939.30541992, 1716.95153809, 1112.19128418, 2224.24707031, 1366.16027832, 990.084228516, 697.60144043, 386.623321533, 291.505218506, 136.202301025, 21.6933822632, 14.1455755234, 10.3861627579, 31.2383022308, 139.515518188, 51.7295646667, 3.51289081573, 0.562760233879, 0.172922536731, 0.0585151873529, 0.0165101271123, 0.00271664001048, 1.82561088877e-05, 5.5046665004e-09, 3.41923434011e-10],
        "max": [0.803707063198, 10.5768327713, 41.7744064331, 90.4648284912, 133.262145996, 161.257019043, 101.213569641, 215.07800293, 169.696960449, 550.85546875, 372.004974365, 686.65447998, 817.496643066, 1326.69909668, 441.053314209, 839.46295166, 365.040588379, 543.559204102, 598.333862305, 376.386657715, 513.414489746, 217.394287109, 222.258041382, 163.485595703, 157.972732544, 33.8244972229, 37.5538597107, 23.9647521973, 81.45652771, 189.468963623, 109.26071167, 24.944196701, 8.23144245148, 4.57398796082, 2.24941205978, 0.925857841969, 0.440920501947, 0.0341557785869, 0.000654080009554, 0.000117101131764],
        "mean": [0.0751899331808, 1.40486395359, 8.35457038879, 17.8050689697, 25.0810527802, 26.1328315735, 18.2932910919, 24.6382751465, 23.9285774231, 40.7935333252, 35.3561592102, 49.8783302307, 57.0298652649, 53.4607810974, 45.4736404419, 34.2743263245, 38.9524803162, 35.3320159912, 42.7715034485, 41.6162796021, 31.2320766449, 27.6478385925, 22.9294376373, 22.2974071503, 14.7878551483, 6.22884130478, 4.31006860733, 3.07426905632, 2.66554999352, 2.2646651268, 1.7078820467, 0.94981944561, 0.471003949642, 0.327808856964, 0.18200288713, 0.0963988155127, 0.0343879424036, 0.00242075300775, 7.05928905518e-05, 5.4489923059e-05],
        "median": [0.0520304627717, 1.0624781847, 7.28163385391, 15.2436704636, 20.6079540253, 18.7468528748, 15.1562309265, 18.5576839447, 18.3082275391, 24.6049613953, 22.0911331177, 24.0267734528, 25.4345474243, 25.5744609833, 28.3976554871, 20.9421424866, 23.359828949, 22.7673568726, 25.4888267517, 31.334487915, 22.7099208832, 17.6843986511, 14.405207634, 13.3901968002, 8.9681186676, 4.84332942963, 3.09552121162, 1.94438493252, 1.41981005669, 1.28636217117, 1.00783360004, 0.574510812759, 0.295820325613, 0.236873149872, 0.124974772334, 0.0506681539118, 0.0172396544367, 0.00120905926451, 4.99652232975e-05, 5.29145763721e-05],
        "min": [0.00128806103021, 0.0262838639319, 0.0827024281025, 0.642657518387, 0.469862937927, 1.18670403957, 0.676942825317, 1.14127659798, 1.46243274212, 1.45826423168, 1.18952286243, 1.19551062584, 1.43233704567, 1.70837306976, 2.12438321114, 1.05066168308, 2.25151753426, 2.9093644619, 4.07174110413, 2.98121333122, 2.32054543495, 3.02583932877, 1.34302926064, 1.40235209465, 0.747669577599, 0.55781763792, 0.343920201063, 0.21619091928, 0.0355794243515, 0.0265029557049, 0.00655522849411, 0.00412937114015, 0.000547081639525, 4.99745947309e-05, 2.59020434896e-05, 1.36442304211e-05, 7.27792667021e-06, 1.62680464655e-06, 8.70782150741e-06, 1.29946647576e-05],
        "var": [0.00686728348956, 1.85662901402, 33.4373779297, 133.884262085, 339.485870361, 533.126403809, 159.721572876, 431.902587891, 370.620910645, 2826.99780273, 1417.67932129, 5931.97851562, 9630.66503906, 14561.1181641, 2527.96582031, 3375.0925293, 2464.38061523, 1872.86315918, 3254.66552734, 1332.84228516, 887.603149414, 757.985595703, 557.137207031, 604.114135742, 338.614593506, 22.2971630096, 16.0441150665, 9.84766960144, 13.8305158615, 33.8856391907, 13.2172002792, 1.69215166569, 0.296596944332, 0.116770036519, 0.0379756204784, 0.0135951861739, 0.00198772549629, 1.09334105218e-05, 3.98501898147e-09, 2.75936246075e-10]
    },
    "gfcc": {
        "mean": [38.4708251953, 123.350891113, -121.832496643, 30.1526889801, -48.3621063232, 10.4251680374, -41.4911346436, 7.28437995911, -27.5027942657, -3.59047174454, -21.6099815369, -4.60889816284, -15.1364917755],
        "cov": [[987.739135742, -701.458435059, 165.162536621, -44.5055160522, -126.531265259, 223.149017334, -96.6147460938, 185.444763184, -101.961265564, 99.4362640381, -127.995285034, 120.822044373, -161.741744995], [-701.458435059, 706.740356445, -203.759307861, 29.4974880219, 98.6718902588, -187.785415649, 142.612411499, -164.948516846, 112.420082092, -101.264785767, 123.437400818, -122.744010925, 155.174423218], [165.162536621, -203.759307861, 299.50680542, -15.8344135284, -6.56640768051, 87.3545837402, -64.1909866333, 83.0695037842, -50.2842979431, 69.5005264282, -35.9823684692, 63.1258277893, -63.7942390442], [-44.5055160522, 29.4974880219, -15.8344135284, 168.313217163, 17.970249176, -6.56206989288, -0.0184635724872, -26.215297699, 53.3506546021, -23.8445663452, 42.3753433228, -20.9196300507, 10.8392343521], [-126.531265259, 98.6718902588, -6.56640768051, 17.970249176, 142.35710144, -12.1162385941, 9.10075950623, -15.539065361, 0.948448359966, 5.78028917313, 11.4583625793, -4.21652698517, 6.86198186874], [223.149017334, -187.785415649, 87.3545837402, -6.56206989288, -12.1162385941, 154.791748047, -0.496251165867, 38.84765625, -34.7849731445, 40.6312637329, -17.8161525726, 45.8764953613, -29.2893199921], [-96.6147460938, 142.612411499, -64.1909866333, -0.0184635724872, 9.10075950623, -0.496251165867, 101.569915771, -19.6680164337, 26.5209121704, -22.1147537231, 22.4723739624, -18.2658367157, 30.8035469055], [185.444763184, -164.948516846, 83.0695037842, -26.215297699, -15.539065361, 38.84765625, -19.6680164337, 149.875549316, -0.0347136296332, 28.4730949402, -29.1307468414, 27.3726596832, -52.8003692627], [-101.961265564, 112.420082092, -50.2842979431, 53.3506546021, 0.948448359966, -34.7849731445, 26.5209121704, -0.0347136296332, 82.8469161987, -15.299282074, 30.5366077423, -34.4396133423, 23.5222072601], [99.4362640381, -101.264785767, 69.5005264282, -23.8445663452, 5.78028917313, 40.6312637329, -22.1147537231, 28.4730949402, -15.299282074, 79.0260620117, -7.85526227951, 26.1720294952, -27.8340473175], [-127.995285034, 123.437400818, -35.9823684692, 42.3753433228, 11.4583625793, -17.8161525726, 22.4723739624, -29.1307468414, 30.5366077423, -7.85526227951, 81.0770187378, -5.81765413284, 28.8953781128], [120.822044373, -122.744010925, 63.1258277893, -20.9196300507, -4.21652698517, 45.8764953613, -18.2658367157, 27.3726596832, -34.4396133423, 26.1720294952, -5.81765413284, 74.0741271973, -21.3158073425], [-161.741744995, 155.174423218, -63.7942390442, 10.8392343521, 6.86198186874, -29.2893199921, 30.8035469055, -52.8003692627, 23.5222072601, -27.8340473175, 28.8953781128, -21.3158073425, 79.6198272705]],
        "icov": [[0.00426796125248, 0.00237827282399, 0.0014703895431, -0.000712166889571, 0.00173060328234, -0.00230716681108, -0.000392859219573, -0.00139430107083, 0.000570015457924, -0.000972695997916, 0.00188019010238, -0.00118828634731, 0.00203056284226], [0.00237827282399, 0.0209061615169, -0.00598849495873, 0.00986332632601, -0.00923153106123, 0.0106575479731, -0.0147605575621, 0.00878874678165, -0.0106651419774, 0.00844045076519, -0.0154248513281, 0.0123828612268, -0.0107849426568], [0.0014703895431, -0.00598849495873, 0.00882440526038, -0.00487819919363, 0.00410787528381, -0.00617884006351, 0.00674168858677, -0.00567154260352, 0.00573033746332, -0.00613147113472, 0.00695355655625, -0.00649971934035, 0.00529630528763], [-0.000712166889571, 0.00986332632601, -0.00487819919363, 0.0156243946403, -0.00702730193734, 0.00402485951781, -0.00461204675958, 0.00787133537233, -0.0134637709707, 0.00914382655174, -0.0126211764291, 0.00755015388131, -0.00383897591382], [0.00173060328234, -0.00923153106123, 0.00410787528381, -0.00702730193734, 0.0135325016454, -0.00596959423274, 0.00614700978622, -0.00535884778947, 0.00763884745538, -0.00698285922408, 0.00901522859931, -0.00701146712527, 0.00661438703537], [-0.00230716681108, 0.0106575479731, -0.00617884006351, 0.00402485951781, -0.00596959423274, 0.0189966335893, -0.0124780088663, 0.0052709071897, -0.00304433261044, 0.00216986727901, -0.00954471342266, 0.00529153412208, -0.00859224796295], [-0.000392859219573, -0.0147605575621, 0.00674168858677, -0.00461204675958, 0.00614700978622, -0.0124780088663, 0.025171302259, -0.00670750485733, 0.00364082399756, -0.00350017263554, 0.00956906378269, -0.00850997306406, 0.00664220517501], [-0.00139430107083, 0.00878874678165, -0.00567154260352, 0.00787133537233, -0.00535884778947, 0.0052709071897, -0.00670750485733, 0.0164398029447, -0.0122487777844, 0.00564288534224, -0.0069081671536, 0.00423563690856, -0.000446590071078], [0.000570015457924, -0.0106651419774, 0.00573033746332, -0.0134637709707, 0.00763884745538, -0.00304433261044, 0.00364082399756, -0.0122487777844, 0.0323739349842, -0.00943920109421, 0.00569526851177, -0.000105585764686, 0.00209900736809], [-0.000972695997916, 0.00844045076519, -0.00613147113472, 0.00914382655174, -0.00698285922408, 0.00216986727901, -0.00350017263554, 0.00564288534224, -0.00943920109421, 0.024261912331, -0.0105588594452, 0.0043789036572, -0.00181258586235], [0.00188019010238, -0.0154248513281, 0.00695355655625, -0.0126211764291, 0.00901522859931, -0.00954471342266, 0.00956906378269, -0.0069081671536, 0.00569526851177, -0.0105588594452, 0.0331826359034, -0.0157935265452, 0.00695524457842], [-0.00118828634731, 0.0123828612268, -0.00649971934035, 0.00755015388131, -0.00701146712527, 0.00529153412208, -0.00850997306406, 0.00423563690856, -0.000105585764686, 0.0043789036572, -0.0157935265452, 0.0309944953769, -0.00853938050568], [0.00203056284226, -0.0107849426568, 0.00529630528763, -0.00383897591382, 0.00661438703537, -0.00859224796295, 0.00664220517501, -0.000446590071078, 0.00209900736809, -0.00181258586235, 0.00695524457842, -0.00853938050568, 0.0298092048615]]
    },
    "melbands": {
        "dmean": [0.000496165652294, 0.00133770867251, 0.00152872328181, 0.000818834465463, 0.000353642652044, 0.000281281128991, 0.000195603599423, 0.000243040500209, 0.000150779713294, 0.000165738601936, 0.000132080749609, 9.22385661397e-05, 9.27136206883e-05, 5.13649538334e-05, 4.45611403848e-05, 3.74267110601e-05, 3.00062511087e-05, 3.31573319272e-05, 2.62190133071e-05, 2.60157612502e-05, 1.52530919877e-05, 1.33439880301e-05, 9.45905776462e-06, 8.54242534842e-06, 7.54392567615e-06, 5.73258648728e-06, 2.84112070403e-06, 1.63166293987e-06, 1.21099560602e-06, 1.14981719435e-06, 7.5891182405e-07, 7.79537970175e-07, 8.07969627203e-07, 6.79346271681e-07, 6.11218467839e-07, 4.5810944016e-07, 2.97809691574e-07, 2.01747170081e-07, 1.74393349539e-07, 1.42665356861e-07],
        "dmean2": [0.000832532474305, 0.00223089684732, 0.0025311645586, 0.00136895664036, 0.000586086476687, 0.000452639709692, 0.000332815368893, 0.000400401331717, 0.000243377609877, 0.000257127481746, 0.00020683708135, 0.000145885031088, 0.000149266401422, 8.25899187475e-05, 7.25136414985e-05, 6.06930698268e-05, 4.72407627967e-05, 5.37150626769e-05, 4.33519380749e-05, 4.21612530772e-05, 2.48429769272e-05, 2.22183880396e-05, 1.57161175594e-05, 1.37767356136e-05, 1.21866432892e-05, 9.24650976231e-06, 4.69959240945e-06, 2.63560104941e-06, 1.90011849099e-06, 1.82366522949e-06, 1.18339744404e-06, 1.23108600292e-06, 1.27473651901e-06, 1.10542373477e-06, 9.96649418994e-07, 7.42368285955e-07, 4.69820491844e-07, 3.2850448406e-07, 2.77323152886e-07, 2.27605141845e-07],
        "dvar": [7.81363155511e-07, 4.19661228079e-06, 2.68787175628e-06, 8.80605114162e-07, 1.35473669616e-07, 1.12062451763e-07, 5.34183506318e-08, 1.56629567982e-07, 4.19386623207e-08, 8.76214940604e-08, 6.57693206563e-08, 4.14778398294e-08, 1.71015841488e-08, 1.82219341838e-08, 7.52647189017e-09, 3.29068838845e-09, 2.03183292413e-09, 2.97443314423e-09, 1.03238984028e-09, 2.50492804277e-09, 4.33747399109e-10, 3.58772178632e-10, 1.58753094004e-10, 1.71547095973e-10, 1.02803487945e-10, 6.62860391576e-11, 1.31480321422e-11, 4.37185747673e-12, 2.49817462723e-12, 3.04766151552e-12, 1.45297467634e-12, 3.04976681929e-12, 1.07918595935e-11, 1.39435503074e-11, 6.08473384525e-12, 2.4811723856e-12, 2.65224420117e-13, 1.14353445875e-13, 8.21578116411e-14, 5.09928640383e-14],
        "dvar2": [2.07562925425e-06, 1.16540823001e-05, 7.77481454861e-06, 2.23237543651e-06, 3.40376828944e-07, 2.8782878303e-07, 1.51195322928e-07, 4.25327442599e-07, 1.05255487881e-07, 2.16537571873e-07, 1.57803114575e-07, 8.68388596587e-08, 4.48679386977e-08, 4.44576180314e-08, 1.40758515954e-08, 7.77038700051e-09, 5.05205477452e-09, 7.14654468936e-09, 2.76334133353e-09, 6.00062977085e-09, 9.53537138138e-10, 9.57223300624e-10, 4.06918526652e-10, 4.09484834929e-10, 2.49336745695e-10, 1.7258716678e-10, 3.25471490037e-11, 1.00500432629e-11, 5.57032675194e-12, 7.12977680367e-12, 3.34035034875e-12, 7.74468163212e-12, 2.99714593421e-11, 3.97923083373e-11, 1.82334009002e-11, 7.36148815517e-12, 6.3346268335e-13, 3.01241263921e-13, 2.03303330117e-13, 1.31888654186e-13],
        "max": [0.00888657197356, 0.0177895091474, 0.0148011585698, 0.00785738136619, 0.00398212578148, 0.00441557867453, 0.00228760531172, 0.00563666783273, 0.00272882799618, 0.00478555262089, 0.00416771275923, 0.00590165005997, 0.00189017294906, 0.0035290659871, 0.00277354288846, 0.000962257036008, 0.00111713411752, 0.000930120702833, 0.000458113820059, 0.00125183479395, 0.000372415641323, 0.000286041380605, 0.000148745282786, 0.000253932987107, 0.000140104602906, 0.000153116678121, 5.93299373577e-05, 2.33125338127e-05, 2.26635584113e-05, 2.15574691538e-05, 1.72513846337e-05, 3.77212636522e-05, 8.56830156408e-05, 0.000101267716673, 6.48548884783e-05, 3.8785077777e-05, 7.6555461419e-06, 5.48873686057e-06, 5.19398872711e-06, 3.29291037815e-06],
        "mean": [0.00101581541821, 0.00361462892033, 0.00349271530285, 0.0018040665891, 0.000791333499365, 0.00055092870025, 0.000364322389942, 0.000436703412561, 0.000284673005808, 0.000344109226717, 0.000284299632767, 0.000213414110476, 0.000171031380887, 9.61430705502e-05, 9.09955415409e-05, 7.60535767768e-05, 6.29990463494e-05, 6.88138607075e-05, 5.71545679122e-05, 5.08715202159e-05, 3.30794828187e-05, 2.88744740828e-05, 2.2773474484e-05, 1.98442503461e-05, 1.80703900696e-05, 1.35412519739e-05, 6.61152216708e-06, 3.53109294338e-06, 2.69347879112e-06, 2.33980949815e-06, 1.54740234848e-06, 1.4976650391e-06, 1.42696205785e-06, 1.17644970032e-06, 1.03881461655e-06, 7.56435895255e-07, 5.11587018082e-07, 3.19229258139e-07, 2.970895423e-07, 2.71301104249e-07],
        "median": [0.000703030615114, 0.00321943452582, 0.00309936283156, 0.00148051476572, 0.00063858833164, 0.000416470924392, 0.000288471463136, 0.000257178355241, 0.000173344771611, 0.000151454427396, 0.000118514268252, 9.18274163269e-05, 9.5070739917e-05, 5.10765348736e-05, 5.61865563213e-05, 4.63914911961e-05, 3.95412644139e-05, 3.83984151995e-05, 4.01420693379e-05, 3.61915845133e-05, 2.34718208958e-05, 1.83812462637e-05, 1.40326246765e-05, 1.15545681183e-05, 1.05555291157e-05, 7.65400363889e-06, 4.17917817686e-06, 2.72984834737e-06, 1.96249675355e-06, 1.45414026065e-06, 9.30482315198e-07, 7.62790193676e-07, 7.36138588309e-07, 6.63740593154e-07, 5.97553025727e-07, 4.39350117176e-07, 3.04235726389e-07, 1.93344433796e-07, 1.98119380457e-07, 1.89908220705e-07],
        "min": [6.88005548e-06, 3.77779797418e-05, 0.000127673294628, 0.000113735295599, 1.10066139314e-05, 2.3172058718e-05, 1.93169489648e-05, 1.78550853889e-05, 5.81318408877e-06, 7.11310030965e-06, 5.02072725794e-06, 4.84587735627e-06, 5.92588912696e-06, 2.92496724796e-06, 2.13765019907e-06, 2.72476040664e-06, 4.784857083e-06, 3.81031077268e-06, 4.52882659374e-06, 4.50763172921e-06, 1.75678042069e-06, 2.25803705689e-06, 1.25354119973e-06, 9.72678890321e-07, 1.068004849e-06, 5.38383233106e-07, 3.21728748531e-07, 1.22449719697e-07, 2.2200860883e-07, 1.32842799871e-07, 6.08797989798e-08, 1.36727980049e-08, 1.38901006252e-08, 1.18168985708e-08, 3.19749937638e-09, 1.76040149125e-09, 1.20387000369e-09, 1.59065857708e-10, 1.04138052348e-11, 6.55870800378e-12],
