{
"highlevel": {
    "danceability": {
        "all": {
            "danceable": 0.033344630152,
            "not_danceable": 0.966655373573
        },
        "probability": 0.966655373573,
        "value": "not_danceable"
    },
    "gender": {
        "all": {
            "female": 0.0739398598671,
            "male": 0.926060140133
        },
        "probability": 0.926060140133,
        "value": "male"
    },
    "genre_dortmund": {
        "all": {
            "alternative": 0.127914756536,
            "blues": 0.0187933277339,
            "electronic": 0.0358080677688,
            "folkcountry": 0.0288592409343,
            "funksoulrnb": 0.00775522505865,
            "jazz": 0.025707019493,
            "pop": 0.024261649698,
            "raphiphop": 0.00626788567752,
            "rock": 0.724632799625
        },
        "probability": 0.724632799625,
        "value": "rock"
    },
    "genre_electronic": {
        "all": {
            "ambient": 0.361406505108,
            "dnb": 0.399992316961,
            "house": 0.036379057914,
            "techno": 0.0124782836065,
            "trance": 0.189743831754
        },
        "probability": 0.399992316961,
        "value": "dnb"
    },
    "genre_rosamerica": {
        "all": {
            "cla": 0.0278683323413,
            "dan": 0.028371155262,
            "hip": 0.0209926776588,
            "jaz": 0.0033986933995,
            "pop": 0.016863996163,
            "rhy": 0.00542373908684,
            "roc": 0.89261585474,
            "spe": 0.00446557532996
        },
        "probability": 0.89261585474,
        "value": "roc"
    },
    "genre_tzanetakis": {
        "all": {
            "blu": 0.0626613423228,
            "cla": 0.0348169617355,
            "cou": 0.104475811124,
            "dis": 0.0784321576357,
            "hip": 0.15692435205,
            "jaz": 0.313974827528,
            "met": 0.0448166541755,
            "pop": 0.0627359300852,
            "reg": 0.0627360641956,
            "roc": 0.0784258767962
        },
        "probability": 0.313974827528,
        "value": "jaz"
    },
    "ismir04_rhythm": {
        "all": {
            "ChaChaCha": 0.04687384516,
            "Jive": 0.428222626448,
            "Quickstep": 0.075748950243,
            "Rumba-American": 0.0150836929679,
            "Rumba-International": 0.0211737714708,
            "Rumba-Misc": 0.00693069444969,
            "Samba": 0.150211170316,
            "Tango": 0.0248441938311,
            "VienneseWaltz": 0.210713118315,
            "Waltz": 0.0201979354024
        },
        "probability": 0.428222626448,
        "value": "Jive"
    },
    "mood_acoustic": {
        "all": {
            "acoustic": 0.0436714924872,
            "not_acoustic": 0.956328511238
        },
        "probability": 0.956328511238,
        "value": "not_acoustic"
    },
    "mood_aggressive": {
        "all": {
            "aggressive": 0.949767947197,
            "not_aggressive": 0.0502320714295
        },
        "probability": 0.949767947197,
        "value": "aggressive"
    },
    "mood_electronic": {
        "all": {
            "electronic": 0.177162483335,
            "not_electronic": 0.822837531567
        },
        "probability": 0.822837531567,
        "value": "not_electronic"
    },
    "mood_happy": {
        "all": {
            "happy": 0.399833112955,
            "not_happy": 0.600166916847
        },
        "probability": 0.600166916847,
        "value": "not_happy"
    },
    "mood_party": {
        "all": {
            "not_party": 0.59072136879,
            "party": 0.409278661013
        },
        "probability": 0.59072136879,
        "value": "not_party"
    },
    "mood_relaxed": {
        "all": {
            "not_relaxed": 0.990509748459,
            "relaxed": 0.00949024502188
        },
        "probability": 0.990509748459,
        "value": "not_relaxed"
    },
    "mood_sad": {
        "all": {
            "not_sad": 0.726630449295,
            "sad": 0.273369520903
        },
        "probability": 0.726630449295,
        "value": "not_sad"
    },
    "moods_mirex": {
        "all": {
            "Cluster1": 0.284350723028,
            "Cluster2": 0.0250716805458,
            "Cluster3": 0.0577698908746,
            "Cluster4": 0.0358379781246,
            "Cluster5": 0.596969723701
        },
        "probability": 0.596969723701,
        "value": "Cluster5"
    },
    "timbre": {
        "all": {
            "bright": 0.920419156551,
            "dark": 0.0795808359981
        },
        "probability": 0.920419156551,
        "value": "bright"
    },
    "tonal_atonal": {
        "all": {
            "atonal": 0.0357896275818,
            "tonal": 0.964210391045
        },
        "probability": 0.964210391045,
        "value": "tonal"
    },
    "voice_instrumental": {
        "all": {
            "instrumental": 0.0791315212846,
            "voice": 0.920868456364
        },
        "probability": 0.920868456364,
        "value": "voice"
    }
},
"lowlevel": {
    "average_loudness": 0.975732266903,
    "barkbands_crest": {
        "dmean": 2.85518908501,
        "dmean2": 4.68983697891,
        "dvar": 7.66722249985,
        "dvar2": 19.2696743011,
        "max": 23.1905994415,
        "mean": 8.6988286972,
        "median": 7.54164505005,
        "min": 2.57922840118,
        "var": 18.4365940094
    },
    "barkbands_flatness_db": {
        "dmean": 0.0221161879599,
        "dmean2": 0.0351638421416,
        "dvar": 0.000455679721199,
        "dvar2": 0.00116636883467,
        "max": 0.316695809364,
        "mean": 0.131887421012,
        "median": 0.118378333747,
        "min": 0.055934548378,
        "var": 0.00214091991074
    },
    "barkbands_kurtosis": {
        "dmean": 2.35699462891,
        "dmean2": 3.90335130692,
        "dvar": 17.6353874207,
        "dvar2": 44.4711837769,
        "max": 49.1021652222,
        "mean": 1.71680784225,
        "median": 0.00317573547363,
        "min": -1.73762059212,
        "var": 25.0756092072
    },
    "barkbands_skewness": {
        "dmean": 0.580321669579,
        "dmean2": 0.919214725494,
        "dvar": 0.431473910809,
        "dvar2": 1.08736026287,
        "max": 6.49319505692,
        "mean": 1.17968952656,
        "median": 0.892717301846,
        "min": -0.280849099159,
        "var": 0.966152608395
    },
    "barkbands_spread": {
        "dmean": 5.85075092316,
        "dmean2": 9.24414253235,
        "dvar": 27.1520385742,
        "dvar2": 68.2381515503,
        "max": 74.9983825684,
        "mean": 25.1525936127,
        "median": 26.0397338867,
        "min": 2.15068864822,
        "var": 75.5428237915
    },
    "dissonance": {
        "dmean": 0.0127970082685,
        "dmean2": 0.0216738209128,
        "dvar": 0.000113346526632,
        "dvar2": 0.000310367147904,
        "max": 0.499999582767,
        "mean": 0.477845847607,
        "median": 0.480766296387,
        "min": 0.410387635231,
        "var": 0.000201533446671
    },
    "dynamic_complexity": 1.52910852432,
    "erbbands_crest": {
        "dmean": 2.08166503906,
        "dmean2": 3.43802762032,
        "dvar": 3.69632124901,
        "dvar2": 9.19967842102,
        "max": 22.7818546295,
        "mean": 6.92839670181,
        "median": 6.23732423782,
        "min": 2.3271355629,
        "var": 7.70299530029
    },
    "erbbands_flatness_db": {
        "dmean": 0.014324140735,
        "dmean2": 0.0212806165218,
        "dvar": 0.000164852142916,
        "dvar2": 0.000320428953273,
        "max": 0.265292912722,
        "mean": 0.160752907395,
        "median": 0.158527672291,
        "min": 0.0809280574322,
        "var": 0.000958306540269
    },
    "erbbands_kurtosis": {
        "dmean": 0.387641906738,
        "dmean2": 0.631037294865,
        "dvar": 0.196395248175,
        "dvar2": 0.546344637871,
        "max": 3.77910804749,
        "mean": -0.586132764816,
        "median": -0.655120134354,
        "min": -1.60449707508,
        "var": 0.265865683556
    },
    "erbbands_skewness": {
        "dmean": 0.29881337285,
        "dmean2": 0.477237135172,
        "dvar": 0.0722332149744,
        "dvar2": 0.181602433324,
        "max": 1.5187432766,
        "mean": -0.0360889919102,
        "median": -0.030193073675,
        "min": -1.82137656212,
        "var": 0.1819858253
    },
    "erbbands_spread": {
        "dmean": 6.58330106735,
        "dmean2": 10.6984882355,
        "dvar": 43.540851593,
        "dvar2": 112.174972534,
        "max": 85.0191116333,
        "mean": 38.0475502014,
        "median": 36.0800323486,
        "min": 19.8096580505,
        "var": 94.1505355835
    },
    "hfc": {
        "dmean": 4.96627569199,
        "dmean2": 7.18330097198,
        "dvar": 26.4570865631,
        "dvar2": 54.3457717896,
        "max": 68.4369735718,
        "mean": 22.4379787445,
        "median": 22.171754837,
        "min": 1.79011785984,
        "var": 123.555427551
    },
    "melbands_crest": {
        "dmean": 3.9237306118,
        "dmean2": 6.42769050598,
        "dvar": 12.784453392,
        "dvar2": 32.364818573,
        "max": 30.227437973,
        "mean": 13.7504787445,
        "median": 12.2554941177,
        "min": 3.24210739136,
        "var": 37.9097290039
    },
    "melbands_flatness_db": {
        "dmean": 0.0297483615577,
        "dmean2": 0.0449900738895,
        "dvar": 0.000885472923983,
        "dvar2": 0.00219309772365,
        "max": 0.394580692053,
        "mean": 0.168674573302,
        "median": 0.152674779296,
        "min": 0.0605693720281,
        "var": 0.00413016183302
    },
    "melbands_kurtosis": {
        "dmean": 6.3053855896,
        "dmean2": 10.3602266312,
        "dvar": 113.48941803,
        "dvar2": 286.050170898,
        "max": 131.375427246,
        "mean": 8.30635738373,
        "median": 3.52843379974,
        "min": -0.738635540009,
        "var": 175.233261108
    },
    "melbands_skewness": {
        "dmean": 0.787705361843,
        "dmean2": 1.26346039772,
        "dvar": 0.875711619854,
        "dvar2": 2.19416880608,
        "max": 9.73833656311,
        "mean": 2.24824166298,
        "median": 1.83003282547,
        "min": 0.251477539539,
        "var": 1.94037890434
    },
    "melbands_spread": {
        "dmean": 8.79634857178,
        "dmean2": 13.7487506866,
        "dvar": 67.2560958862,
        "dvar2": 165.875549316,
        "max": 83.5749359131,
        "mean": 29.448097229,
        "median": 30.3333072662,
        "min": 1.66217398643,
        "var": 191.924179077
    },
    "pitch_salience": {
        "dmean": 0.0729441791773,
        "dmean2": 0.12091140449,
        "dvar": 0.00424206582829,
        "dvar2": 0.011230815202,
        "max": 0.810515642166,
        "mean": 0.575986921787,
        "median": 0.594353020191,
        "min": 0.166123181581,
        "var": 0.0112344203517
    },
    "silence_rate_20dB": {
        "dmean": 0,
        "dmean2": 0,
        "dvar": 0,
        "dvar2": 0,
        "max": 1,
        "mean": 1,
        "median": 1,
        "min": 1,
        "var": 0
    },
    "silence_rate_30dB": {
        "dmean": 0,
        "dmean2": 0,
        "dvar": 0,
        "dvar2": 0,
        "max": 1,
        "mean": 1,
        "median": 1,
        "min": 1,
        "var": 0
    },
    "silence_rate_60dB": {
        "dmean": 0.00154798757285,
        "dmean2": 0.00309837330133,
        "dvar": 0.00154558161739,
        "dvar2": 0.00463790958747,
        "max": 1,
        "mean": 0.00077339517884,
        "median": 0,
        "min": 0,
        "var": 0.000772795407102
    },
    "spectral_centroid": {
        "dmean": 307.322875977,
        "dmean2": 483.936401367,
        "dvar": 80607.9765625,
        "dvar2": 201274.03125,
        "max": 2970.12573242,
        "mean": 1666.68945312,
        "median": 1750.05603027,
        "min": 260.556762695,
        "var": 252464.859375
    },
    "spectral_complexity": {
        "dmean": 3.98219823837,
        "dmean2": 6.07281160355,
        "dvar": 11.6056900024,
        "dvar2": 23.8599491119,
        "max": 50,
        "mean": 29.0100536346,
        "median": 30,
        "min": 4,
        "var": 68.2774276733
    },
    "spectral_decrease": {
        "dmean": 3.60589091919e-09,
        "dmean2": 5.83042814029e-09,
        "dvar": 2.77771220162e-17,
        "dvar2": 7.28587433331e-17,
        "max": -6.80525247265e-10,
        "mean": -7.15429360199e-09,
        "median": -5.32191668512e-09,
        "min": -3.40511157049e-08,
        "var": 2.97899105269e-17
    },
    "spectral_energy": {
        "dmean": 0.0139532210305,
        "dmean2": 0.0224638134241,
        "dvar": 0.00040663999971,
        "dvar2": 0.00106551090721,
        "max": 0.131245791912,
        "mean": 0.0290371384472,
        "median": 0.022277822718,
        "min": 0.00273798289709,
        "var": 0.000444258621428
    },
    "spectral_energyband_high": {
        "dmean": 0.000183954878594,
        "dmean2": 0.000262651155936,
        "dvar": 4.43239436265e-08,
        "dvar2": 8.41880165581e-08,
        "max": 0.00403021834791,
        "mean": 0.000679858261719,
        "median": 0.000610412971582,
        "min": 1.70576447545e-06,
        "var": 2.61616321495e-07
    },
    "spectral_energyband_low": {
        "dmean": 0.00756890559569,
        "dmean2": 0.012414753437,
        "dvar": 0.000225533134653,
        "dvar2": 0.00060087343445,
        "max": 0.110674068332,
        "mean": 0.0101493131369,
        "median": 0.00413021678105,
        "min": 4.02286968892e-05,
        "var": 0.000231846002862
    },
    "spectral_energyband_middle_high": {
        "dmean": 0.00175092148129,
        "dmean2": 0.00268422486261,
        "dvar": 3.35376034855e-06,
        "dvar2": 8.01331043476e-06,
        "max": 0.0225355047733,
        "mean": 0.00691664218903,
        "median": 0.00642656208947,
        "min": 0.000137025272124,
        "var": 1.54327917699e-05
    },
    "spectral_energyband_middle_low": {
        "dmean": 0.00784608442336,
        "dmean2": 0.0129184387624,
        "dvar": 0.00020171343931,
        "dvar2": 0.000532048696186,
        "max": 0.104247801006,
        "mean": 0.0123940575868,
        "median": 0.00853733625263,
        "min": 0.00078474910697,
        "var": 0.000195030632312
    },
    "spectral_entropy": {
        "dmean": 0.0970190688968,
        "dmean2": 0.150551915169,
        "dvar": 0.00821357127279,
        "dvar2": 0.0204340219498,
        "max": 8.24597263336,
        "mean": 7.68023729324,
        "median": 7.70043563843,
        "min": 6.76276397705,
        "var": 0.0445521399379
    },
    "spectral_flux": {
        "dmean": 0.0326414220035,
        "dmean2": 0.0512622147799,
        "dvar": 0.00163691944908,
        "dvar2": 0.00356275471859,
        "max": 0.298437774181,
        "mean": 0.0970762148499,
        "median": 0.0828180909157,
        "min": 0.0186659656465,
        "var": 0.00259087607265
    },
    "spectral_kurtosis": {
        "dmean": 1.62152194977,
        "dmean2": 2.86263298988,
        "dvar": 3.0620162487,
        "dvar2": 9.26995182037,
        "max": 20.6656894684,
        "mean": 4.03435087204,
        "median": 3.77455615997,
        "min": -0.165771722794,
        "var": 4.04983091354
    },
    "spectral_rms": {
        "dmean": 0.00112418981735,
        "dmean2": 0.00172550952993,
        "dvar": 1.88146509572e-06,
        "dvar2": 4.71846487926e-06,
        "max": 0.0113156829029,
        "mean": 0.00505637191236,
        "median": 0.00466202339157,
        "min": 0.00163438147865,
        "var": 2.76196533378e-06
    },
    "spectral_rolloff": {
        "dmean": 563.26385498,
        "dmean2": 908.765380859,
        "dvar": 329464.75,
        "dvar2": 749150.8125,
        "max": 7105.95703125,
        "mean": 1770.96887207,
        "median": 1937.98828125,
        "min": 129.19921875,
        "var": 881838.4375
    },
    "spectral_skewness": {
        "dmean": 0.206203311682,
        "dmean2": 0.342712104321,
        "dvar": 0.0335096865892,
        "dvar2": 0.092260338366,
        "max": 3.08246159554,
        "mean": 1.22852814198,
        "median": 1.22755038738,
        "min": 0.37143984437,
        "var": 0.0777914151549
    },
    "spectral_spread": {
        "dmean": 315952.0625,
        "dmean2": 462083.8125,
        "dvar": 90688266240,
        "dvar2": 185679675392,
        "max": 5921559,
        "mean": 3505060.25,
        "median": 3440237.25,
        "min": 1686560.125,
        "var": 547154132992
    },
    "spectral_strongpeak": {
        "dmean": 0.55652141571,
        "dmean2": 0.946698844433,
        "dvar": 0.471726119518,
        "dvar2": 1.23487448692,
        "max": 4.71177387238,
        "mean": 0.872022807598,
        "median": 0.514220416546,
        "min": 0.0345496200025,
        "var": 0.671457231045
    },
    "zerocrossingrate": {
        "dmean": 0.00903773866594,
        "dmean2": 0.0107675278559,
        "dvar": 5.54047364858e-05,
        "dvar2": 7.95685991761e-05,
        "max": 0.16162109375,
        "mean": 0.0647412613034,
        "median": 0.06494140625,
        "min": 0.0078125,
        "var": 0.000552652229089
    },
    "barkbands": {
        "dmean": [0.000142053802847, 0.00254352507181, 0.00470034824684, 0.00165336683858, 0.00489848572761, 0.000521104200743, 0.000931290909648, 0.000695025082678, 0.00133493775502, 0.000909679278266, 0.000298911560094, 0.000223355513299, 0.0002854221093, 0.000486644974444, 0.000281531334622, 0.000284781359369, 0.000379560544388, 0.000164350334671, 0.000215355554246, 0.000216002255911, 6.42308295937e-05, 4.05073551519e-05, 2.89150775643e-05, 2.23725692194e-05, 1.25939222926e-05, 1.73069711309e-05, 3.01556069005e-09],
        "dmean2": [0.000202449024073, 0.00427279900759, 0.00776681303978, 0.00297063076869, 0.00835224241018, 0.000863396853674, 0.00148337706923, 0.00111599685624, 0.00212727766484, 0.00150345137808, 0.000480728049297, 0.000361920567229, 0.000481097929878, 0.000796508276835, 0.00045147415949, 0.000462013384094, 0.000626168097369, 0.000270782300504, 0.000340388010954, 0.000346941669704, 0.000102271180367, 6.30384747637e-05, 4.27632694482e-05, 3.28579772031e-05, 1.86873494386e-05, 2.62554767687e-05, 4.65766269997e-09],
        "dvar": [9.49046707888e-08, 2.93548946502e-05, 7.84293661127e-05, 1.00410734376e-05, 0.000153011031216, 5.19203865679e-07, 2.30498903875e-06, 1.83832628409e-06, 5.08952189193e-06, 1.89823583696e-06, 1.48472580008e-07, 1.89207625567e-07, 1.91707513864e-07, 4.66708939939e-07, 1.3619018091e-07, 1.4574554541e-07, 1.93088141032e-07, 3.38927961252e-08, 6.31040109056e-08, 6.20600246748e-08, 5.92406967925e-09, 2.44049203069e-09, 2.75376454972e-09, 2.24243978941e-09, 3.79415526774e-10, 1.13743692243e-09, 9.17872112578e-16],
        "dvar2": [1.72824840661e-07, 7.46443329263e-05, 0.000208048237255, 2.85771438939e-05, 0.000414085254306, 1.36806795581e-06, 5.64345918974e-06, 4.10858820032e-06, 1.19167325465e-05, 5.47300896869e-06, 3.84258584063e-07, 4.61220821535e-07, 5.4540862493e-07, 1.19210619687e-06, 3.24642854821e-07, 3.63762865163e-07, 5.36977552201e-07, 8.8847968982e-08, 1.49263073013e-07, 1.58751987556e-07, 1.38772868752e-08, 5.57228352349e-09, 5.95261129277e-09, 4.84056883465e-09, 8.06463062997e-10, 2.39656583467e-09, 9.60542350208e-16],
        "max": [0.0021235649474, 0.0360077768564, 0.0874447003007, 0.0251352936029, 0.085925757885, 0.0098828850314, 0.0316524729133, 0.0155253522098, 0.0289623718709, 0.0158750433475, 0.00418635876849, 0.00973230972886, 0.0054049747996, 0.00712348008528, 0.00675909640267, 0.00562605448067, 0.00487679149956, 0.00290383654647, 0.00372697878629, 0.00285344826989, 0.000979915261269, 0.000770385377109, 0.00143007969018, 0.00128819677047, 0.000254321348621, 0.000371102389181, 1.03062438939e-06],
        "mean": [0.00014962379646, 0.00275431550108, 0.00640090927482, 0.00157057621982, 0.00463729724288, 0.000864201167133, 0.00167978042737, 0.00102826324292, 0.00215068482794, 0.00156564766075, 0.000497983593959, 0.000361992133548, 0.000516384199727, 0.000937860866543, 0.000557616876904, 0.000560650951229, 0.000834901758935, 0.000386794097722, 0.000513809209224, 0.000582009903155, 0.000185483251698, 0.000111731729703, 7.81585040386e-05, 5.3512485465e-05, 2.67237628577e-05, 3.02344178635e-05, 2.50565146409e-09],
        "median": [7.61995943321e-06, 0.000969577871729, 0.00257497699931, 0.000724927405827, 0.00160180695821, 0.000577154860366, 0.000962620601058, 0.00052246125415, 0.00117497122847, 0.000950949033722, 0.00033058191184, 0.000226457123063, 0.000277532322798, 0.000595009070821, 0.000416729133576, 0.000426851591328, 0.00070571701508, 0.000337957317242, 0.000425812002504, 0.000450982421171, 0.000154861001647, 9.07806243049e-05, 4.39173636551e-05, 3.32856980094e-05, 1.10547116492e-05, 4.64911727249e-06, 4.15037226809e-10],
        "min": [1.11006812631e-08, 7.41251506042e-06, 2.02931914828e-05, 9.46527870838e-06, 7.68844911363e-05, 1.88544890989e-05, 2.58296586253e-05, 1.65297497006e-05, 1.81440973392e-05, 2.65390335699e-05, 1.37581923809e-06, 4.79059963254e-06, 2.51589926847e-06, 4.88580508318e-06, 7.59969361752e-06, 4.34375624536e-06, 5.44286740478e-06, 5.65050004298e-06, 3.21788024849e-06, 1.64386187862e-06, 4.49814393733e-07, 9.83938548416e-08, 3.64484016302e-08, 1.74596657132e-08, 4.08886743908e-11, 7.19562777418e-12, 8.2772313309e-12],
        "var": [1.31680167215e-07, 2.6369243642e-05, 9.80306504061e-05, 6.92705407346e-06, 0.000118594121886, 8.06275579635e-07, 5.73555280425e-06, 2.81801794699e-06, 8.86350790097e-06, 3.39936445926e-06, 2.68428777872e-07, 2.89793405273e-07, 4.99709869928e-07, 9.25781932892e-07, 3.43036305139e-07, 2.70351506515e-07, 3.529848982e-07, 6.96219117913e-08, 1.58416725071e-07, 2.34495615814e-07, 2.13456008424e-08, 9.58556700681e-09, 1.00401207348e-08, 5.2414104168e-09, 1.23496546323e-09, 2.96839375302e-09, 9.10678685274e-16]
    },
    "erbbands": {
        "dmean": [0.0604436732829, 0.699157893658, 4.51595449448, 5.77636814117, 14.3198194504, 15.1804237366, 5.11230278015, 4.45302820206, 11.3433094025, 14.9887800217, 17.204914093, 32.8579978943, 24.3852939606, 21.4102172852, 12.5161457062, 6.81635093689, 13.0538663864, 22.9449501038, 15.4548606873, 15.3929681778, 16.6710948944, 20.8019809723, 9.81835174561, 8.96928501129, 12.4557905197, 9.66509151459, 3.17746686935, 2.56987524033, 1.50062990189, 1.0169698, 0.79807305336, 0.559140920639, 0.357123494148, 0.174235552549, 0.0946094691753, 0.0582417994738, 0.0428068749607, 0.00507665798068, 8.47449045978e-05, 1.63608365256e-05],
        "dmean2": [0.0963431298733, 1.230651021, 7.40200948715, 10.0214500427, 25.0466270447, 25.9228343964, 8.65351772308, 7.48938274384, 18.024810791, 24.4442768097, 27.2763786316, 51.3568878174, 40.1771392822, 35.5757789612, 20.0122146606, 11.0317087173, 21.8168773651, 37.5134811401, 25.00806427, 24.4404201508, 27.0495376587, 34.7771263123, 15.95844841, 14.5849056244, 19.6559123993, 15.3590145111, 4.97775554657, 3.9824180603, 2.35183906555, 1.48968696594, 1.20083141327, 0.835897624493, 0.537132322788, 0.254997521639, 0.141002759337, 0.0941468551755, 0.0653212219477, 0.00795032922179, 0.000130220854771, 2.60752549366e-05],
        "dvar": [0.0204525776207, 2.20392274857, 70.8938140869, 128.94493103, 1206.96057129, 1449.23852539, 76.1260604858, 32.8150978088, 308.770904541, 972.85534668, 1022.42132568, 3480.43115234, 1782.56787109, 1002.71466064, 244.554901123, 130.756469727, 425.02142334, 1100.10095215, 478.556793213, 458.17376709, 460.591003418, 624.251464844, 141.710800171, 90.5769042969, 244.764587402, 123.264465332, 14.0930604935, 10.3884181976, 3.4515645504, 2.28048443794, 2.48834037781, 1.46709907055, 0.478736281395, 0.0740906596184, 0.0221178326756, 0.0117325652391, 0.00754469912499, 0.000111513887532, 2.74700653335e-08, 4.6628534367e-10],
        "dvar2": [0.0412515252829, 6.1016087532, 189.318557739, 361.429260254, 3287.6953125, 3908.11083984, 196.656555176, 89.0899353027, 793.225280762, 2229.42041016, 2330.7331543, 7932.77685547, 4809.625, 3008.21386719, 611.765319824, 326.92364502, 1231.31506348, 2920.67602539, 1125.16174316, 1078.86010742, 1199.85327148, 1727.93884277, 393.890045166, 229.538848877, 586.294616699, 309.575378418, 33.1252861023, 24.682466507, 7.91954040527, 4.47097110748, 5.65126562119, 3.42453432083, 1.01206862926, 0.160306707025, 0.0498945191503, 0.0296926647425, 0.0160827059299, 0.000238726555835, 5.76990935031e-08, 1.18350640399e-09],
        "max": [0.842735648155, 9.86800098419, 85.8390655518, 91.994972229, 259.214538574, 288.536956787, 87.5130615234, 70.3729248047, 264.061981201, 748.462097168, 460.878417969, 744.531677246, 566.183410645, 325.310546875, 219.123184204, 237.096603394, 268.346099854, 419.229858398, 392.563812256, 326.050506592, 336.552398682, 269.522735596, 216.427459717, 121.04611969, 258.658721924, 127.934066772, 61.9014129639, 44.7613220215, 25.1138458252, 25.0813713074, 45.7007446289, 35.2665672302, 15.7236852646, 3.83323955536, 1.59370172024, 1.25120329857, 1.06013464928, 0.105769000947, 0.00169291603379, 0.00014518100943],
        "mean": [0.0628202185035, 0.778895318508, 6.33648443222, 6.61568593979, 12.7100191116, 14.6237354279, 7.33873128891, 7.70094966888, 21.0203418732, 24.3424320221, 27.2485771179, 53.0511398315, 41.7113647461, 39.6759147644, 23.5144081116, 13.8409538269, 25.4847259521, 45.5859642029, 32.0217056274, 30.9368934631, 36.3621101379, 46.0556221008, 24.4139156342, 23.1364479065, 32.5870399475, 26.1341743469, 8.97947216034, 7.26531982422, 4.27888011932, 2.72909808159, 2.04500412941, 1.31396865845, 0.796691775322, 0.370960831642, 0.172481954098, 0.0875154659152, 0.070840254426, 0.00759836426005, 0.000144834717503, 4.01329343731e-05],
        "median": [0.00836914777756, 0.325384706259, 2.72895693779, 2.99422502518, 4.02528858185, 5.28934144974, 4.52760028839, 5.55496358871, 12.2808876038, 14.3682308197, 14.2850599289, 29.1016311646, 25.3820800781, 24.4947929382, 17.6144218445, 9.53349208832, 14.8407964706, 24.8923530579, 24.0556564331, 23.0703830719, 29.8132419586, 39.0167961121, 21.3473091125, 20.2085990906, 25.8303279877, 20.8486557007, 8.05074596405, 5.89343833923, 3.48575282097, 1.67909777164, 1.2095669508, 0.821001768112, 0.438803702593, 0.161485895514, 0.0637019202113, 0.0210724193603, 0.00961231347173, 0.000617869780399, 3.63878061762e-05, 3.35522236128e-05],
        "min": [6.97412760928e-05, 0.00242714956403, 0.0187695585191, 0.0802976042032, 0.212776839733, 0.22299157083, 0.221771165729, 0.183529168367, 0.414970397949, 0.946936190128, 0.506774187088, 0.618487358093, 0.609292685986, 0.581996738911, 0.105901509523, 0.211470082402, 0.237670734525, 0.312701642513, 0.555777728558, 0.24671164155, 0.361659497023, 0.32932549715, 0.404103249311, 0.319722831249, 0.167764291167, 0.0937773883343, 0.0365599095821, 0.00767302839085, 0.00445611774921, 0.00167395768221, 0.001117958338, 0.000493489496876, 0.000282358494587, 5.89424271311e-05, 1.33689236463e-05, 5.93992945142e-06, 1.62067522069e-06, 4.67164483098e-07, 1.41496502692e-06, 3.17263243232e-06],
        "var": [0.0227187275887, 1.72834813595, 90.5392684937, 104.1512146, 911.034423828, 1115.35717773, 87.6253662109, 49.3259811401, 775.967346191, 1887.88037109, 1653.68188477, 6141.60986328, 3011.91040039, 1914.8996582, 466.02142334, 234.206756592, 1161.17614746, 2482.58203125, 1069.65734863, 920.385925293, 819.437866211, 1103.25769043, 261.505737305, 231.198104858, 769.89666748, 452.226013184, 41.9421043396, 38.7093009949, 13.8176174164, 9.93555259705, 7.30830955505, 3.30203318596, 1.13035225868, 0.229191124439, 0.0618016645312, 0.0244631692767, 0.0173537023365, 0.000225340656471, 6.07364398775e-08, 6.32897401154e-10]
    },
    "gfcc": {
        "mean": [21.9343090057, 105.198112488, -143.787002563, 39.8779296875, -55.8552360535, 3.69532680511, -32.4570159912, 10.7529020309, -21.4842128754, -5.60192012787, -20.7714557648, -10.7281103134, -12.4831209183],
        "cov": [[2191.67919922, -1357.70275879, 308.393493652, -346.049987793, -299.058441162, 248.541748047, -206.701553345, 112.735801697, -376.600341797, 379.637054443, -256.951202393, 200.517471313, -251.240859985], [-1357.70275879, 1423.64501953, -251.360168457, 410.51171875, 297.039245605, -186.773040771, 241.365203857, -165.986968994, 354.064239502, -363.339172363, 251.625839233, -233.396789551, 239.403137207], [308.393493652, -251.360168457, 387.675079346, -71.9412918091, 35.5037841797, 54.7136573792, -55.2395553589, 71.0087661743, -80.1220092773, 103.738449097, -88.7879714966, 87.0633468628, -85.0742340088], [-346.049987793, 410.51171875, -71.9412918091, 306.697143555, 47.7098007202, 20.8032684326, 57.5504226685, -55.0930671692, 145.417938232, -138.738082886, 105.081314087, -104.090148926, 100.465049744], [-299.058441162, 297.039245605, 35.5037841797, 47.7098007202, 242.903427124, -62.6623382568, 105.387443542, -0.28925973177, 73.0243301392, -21.9935836792, 17.8092384338, -1.10223186016, 22.6578865051], [248.541748047, -186.773040771, 54.7136573792, 20.8032684326, -62.6623382568, 156.438156128, -4.3387465477, 39.4462509155, -41.0889053345, 46.4986114502, -6.4933795929, 0.88297688961, -19.0571250916], [-206.701553345, 241.365203857, -55.2395553589, 57.5504226685, 105.387443542, -4.3387465477, 157.923019409, 2.18094682693, 60.9458427429, -29.5866241455, 44.1648406982, -29.2661094666, 27.847360611], [112.735801697, -165.986968994, 71.0087661743, -55.0930671692, -0.28925973177, 39.4462509155, 2.18094682693, 99.7590789795, -19.2549667358, 68.5251998901, -37.0285186768, 35.8929634094, -33.4950790405], [-376.600341797, 354.064239502, -80.1220092773, 145.417938232, 73.0243301392, -41.0889053345, 60.9458427429, -19.2549667358, 161.356063843, -85.846244812, 70.4174880981, -73.4791259766, 67.6952896118], [379.637054443, -363.339172363, 103.738449097, -138.738082886, -21.9935836792, 46.4986114502, -29.5866241455, 68.5251998901, -85.846244812, 179.84664917, -63.3635063171, 82.014541626, -83.3385925293], [-256.951202393, 251.625839233, -88.7879714966, 105.081314087, 17.8092384338, -6.4933795929, 44.1648406982, -37.0285186768, 70.4174880981, -63.3635063171, 102.449134827, -43.5249137878, 54.6994438171], [200.517471313, -233.396789551, 87.0633468628, -104.090148926, -1.10223186016, 0.88297688961, -29.2661094666, 35.8929634094, -73.4791259766, 82.014541626, -43.5249137878, 110.736129761, -40.9263763428], [-251.240859985, 239.403137207, -85.0742340088, 100.465049744, 22.6578865051, -19.0571250916, 27.847360611, -33.4950790405, 67.6952896118, -83.3385925293, 54.6994438171, -40.9263763428, 88.8077545166]],
        "icov": [[0.00140530464705, 0.000749750237446, -0.000164502474945, -0.000566339818761, 0.000524546077941, -0.000706200895365, -0.000426362152211, 0.00128420395777, 0.000625377870165, -0.00119884964079, 0.00126791396178, 7.10544845788e-05, 0.000420372758526], [0.000749750237446, 0.00788393896073, -0.00239584990777, 0.000483212235849, -0.00361440400593, 0.00381781090982, -0.00389169179834, 0.00310936523601, -0.00273329974152, 0.00404162751511, -0.00671531632543, 0.00621339445934, -0.00496351858601], [-0.000164502474945, -0.00239584990777, 0.00573943555355, -0.00186513701919, -0.00118267827202, -0.002761882497, 0.00334544084035, -0.00226770620793, 0.00134174595587, -0.000817293766886, 0.00413974607363, -0.00440363679081, 0.00503716664389], [-0.000566339818761, 0.000483212235849, -0.00186513701919, 0.0111880013719, -0.00135883432813, -0.00413409294561, 0.00035471242154, 0.00248893210664, -0.00652823084965, 0.00391894159839, -0.00461659301072, 0.00268567120656, -0.0043260352686], [0.000524546077941, -0.00361440400593, -0.00118267827202, -0.00135883432813, 0.0110358549282, 0.00116806325968, -0.00427879625931, 3.63029794244e-05, -0.000662308768369, -0.00384817481972, 0.00582304410636, -0.00467618647963, 0.00157423131168], [-0.000706200895365, 0.00381781090982, -0.002761882497, -0.00413409294561, 0.00116806325968, 0.0154847018421, -0.00451266439632, -0.00409182161093, 0.00422870786861, -0.0007669943152, -0.00618398236111, 0.00699743023142, -0.00427171727642], [-0.000426362152211, -0.00389169179834, 0.00334544084035, 0.00035471242154, -0.00427879625931, -0.00451266439632, 0.0139853982255, -0.00377124361694, 0.000851798278745, -0.00121176464017, -0.000101768288005, -0.00200432329439, 0.00375644327141], [0.00128420395777, 0.00310936523601, -0.00226770620793, 0.00248893210664, 3.63029794244e-05, -0.00409182161093, -0.00377124361694, 0.0201483592391, -0.00723129417747, -0.00304678711109, 0.00324580189772, -0.00102342187893, -0.00166034046561], [0.000625377870165, -0.00273329974152, 0.00134174595587, -0.00652823084965, -0.000662308768369, 0.00422870786861, 0.000851798278745, -0.00723129417747, 0.0214227735996, -0.00367551087402, -0.000832023855764, 0.00458770338446, -0.00126244628336], [-0.00119884964079, 0.00404162751511, -0.000817293766886, 0.00391894159839, -0.00384817481972, -0.0007669943152, -0.00121176464017, -0.00304678711109, -0.00367551087402, 0.0195263233036, -0.00636511202902, -0.00203140173107, 0.00465480145067], [0.00126791396178, -0.00671531632543, 0.00413974607363, -0.00461659301072, 0.00582304410636, -0.00618398236111, -0.000101768288005, 0.00324580189772, -0.000832023855764, -0.00636511202902, 0.0296096485108, -0.00854804366827, 0.00180581072345], [7.10544845788e-05, 0.00621339445934, -0.00440363679081, 0.00268567120656, -0.00467618647963, 0.00699743023142, -0.00200432329439, -0.00102342187893, 0.00458770338446, -0.00203140173107, -0.00854804366827, 0.0254426151514, -0.0092816259712], [0.000420372758526, -0.00496351858601, 0.00503716664389, -0.0043260352686, 0.00157423131168, -0.00427171727642, 0.00375644327141, -0.00166034046561, -0.00126244628336, 0.00465480145067, 0.00180581072345, -0.0092816259712, 0.0323676206172]]
    },
    "melbands": {
        "dmean": [0.000591278891079, 0.00185687665362, 0.00114057643805, 0.00129116617609, 0.000217700915528, 9.65263243415e-05, 0.000181275434443, 0.000161376636242, 0.000168271173607, 0.000193275089259, 0.000125123842736, 9.56603180384e-05, 4.51587584394e-05, 2.6796837119e-05, 2.64658010565e-05, 2.66899514827e-05, 4.81756578665e-05, 2.92399708997e-05, 1.93598225451e-05, 1.8843131329e-05, 2.18736149691e-05, 2.43954036705e-05, 1.59919727594e-05, 7.24319033907e-06, 8.10708388599e-06, 8.65629772306e-06, 1.07476380435e-05, 6.24101312496e-06, 2.48683863902e-06, 1.72373711393e-06, 1.61176649272e-06, 1.03822139863e-06, 7.09802236543e-07, 6.31499347037e-07, 5.20730395692e-07, 4.52726084177e-07, 3.69221822893e-07, 2.74926691191e-07, 2.00546253382e-07, 1.55234232579e-07],
        "dmean2": [0.000948577420786, 0.00307847303338, 0.00197469233535, 0.00220925570466, 0.000369718967704, 0.00016114769096, 0.000288474810077, 0.000263417692622, 0.00026798484032, 0.000303625158267, 0.000206578406505, 0.000159303206601, 7.16819122317e-05, 4.354916382e-05, 4.38669630967e-05, 4.43537173851e-05, 7.91733255028e-05, 4.73966429126e-05, 3.07442751364e-05, 3.04601471726e-05, 3.58309589501e-05, 4.08714222431e-05, 2.7034942832e-05, 1.20141348816e-05, 1.33743587867e-05, 1.38231989695e-05, 1.72467334778e-05, 1.01513123809e-05, 3.99862210543e-06, 2.75947400041e-06, 2.55462236964e-06, 1.65867174928e-06, 1.09372649604e-06, 9.61034288594e-07, 8.00199245532e-07, 7.03031560079e-07, 5.626291113e-07, 4.22285722834e-07, 3.03017969827e-07, 2.38920051743e-07],
        "dvar": [1.71314354702e-06, 1.27271287056e-05, 3.86204419556e-06, 1.09116299427e-05, 1.6217794041e-07, 1.51969921092e-08, 7.55618856374e-08, 1.02674427183e-07, 9.01727830183e-08, 1.09790988745e-07, 4.68015421973e-08, 2.14630890838e-08, 3.19976467544e-09, 2.9744982033e-09, 1.94771376805e-09, 1.41845157842e-09, 4.96333107947e-09, 1.86597048923e-09, 7.71610775274e-10, 6.91377732842e-10, 7.19691639617e-10, 8.03472566258e-10, 4.3822698248e-10, 6.65191443594e-11, 7.38419395074e-11, 1.27583152376e-10, 1.84225759647e-10, 5.51615836342e-11, 9.29105750669e-12, 4.73623657654e-12, 4.30582479394e-12, 1.63272889132e-12, 9.58220915809e-13, 1.05765233811e-12, 1.01312523908e-12, 8.44826866884e-13, 5.95078999098e-13, 3.16398356083e-13, 1.07228875573e-13, 6.16343388544e-14],
        "dvar2": [3.95092229155e-06, 3.44864020008e-05, 1.06567631519e-05, 2.95044719678e-05, 4.36693994743e-07, 4.09498959186e-08, 1.93751532152e-07, 2.35349418176e-07, 2.10146197333e-07, 2.51147270092e-07, 1.26232009734e-07, 6.47634266215e-08, 8.26591683989e-09, 7.35564986698e-09, 5.20266851822e-09, 3.91904153574e-09, 1.32873978487e-08, 4.42933290046e-09, 1.8003852853e-09, 1.669416827e-09, 1.94484761629e-09, 2.15904294443e-09, 1.22923582424e-09, 1.74952177745e-10, 1.92703353274e-10, 3.10330622311e-10, 4.82954787273e-10, 1.37229033692e-10, 2.25682424138e-11, 1.15219118968e-11, 1.04438324308e-11, 4.04719920771e-12, 2.13156011938e-12, 2.22384285466e-12, 2.29174860512e-12, 2.19768365832e-12, 1.3558082608e-12, 6.87838241226e-13, 2.36487722851e-13, 1.43747915047e-13],
        "max": [0.0083202496171, 0.0324328802526, 0.0142275374383, 0.0231713317335, 0.00364103820175, 0.00162319804076, 0.00383264548145, 0.00675511592999, 0.00401194486767, 0.00418540369719, 0.0028966628015, 0.00148906756658, 0.000589507282712, 0.00127769028768, 0.000557963154279, 0.000459710718133, 0.000822256959509, 0.000579332758207, 0.000547528790776, 0.000449755723821, 0.000399167882279, 0.000267400755547, 0.00031149588176, 0.000115904149425, 0.000112979316327, 0.000173722772161, 0.000148855746374, 9.26689899643e-05, 5.19576969964e-05, 2.78782172245e-05, 2.62055800704e-05, 1.71084557223e-05, 1.90441842278e-05, 1.82734565897e-05, 2.74474532489e-05, 2.60981232714e-05, 2.07218727155e-05, 1.27001330839e-05, 5.44165959582e-06, 2.85947930934e-06],
        "mean": [0.000639255566057, 0.0025304753799, 0.00129059073515, 0.00117832701653, 0.000292874115985, 0.000166159574292, 0.000332304276526, 0.000257434498053, 0.000259772932623, 0.000313805561746, 0.000204730342375, 0.000169679886312, 7.92205319158e-05, 4.50227853435e-05, 4.69480146421e-05, 5.17516164109e-05, 9.10817252588e-05, 5.31209225301e-05, 3.85220773751e-05, 3.66700114682e-05, 4.41299926024e-05, 5.10219142598e-05, 3.16868754453e-05, 1.6838144802e-05, 1.86150500667e-05, 1.96183282242e-05, 2.77472208836e-05, 1.46227384903e-05, 5.68348559682e-06, 4.21980803367e-06, 4.17877572545e-06, 2.62038633991e-06, 1.63558308941e-06, 1.49359846091e-06, 1.22147605452e-06, 9.57177462624e-07, 7.57063901347e-07, 5.65821835607e-07, 4.10057992895e-07, 2.870082767e-07],
        "median": [0.000163225398865, 0.00109610101208, 0.000609629962128, 0.00036644859938, 0.000176193832885, 0.000118897092761, 0.00019126146799, 0.000150504449266, 0.000132216096972, 0.000172066196683, 0.000119803618873, 9.91582710412e-05, 5.58145511604e-05, 2.95832869597e-05, 2.33528953686e-05, 3.03294291371e-05, 4.81150018459e-05, 3.62723367289e-05, 2.88070477836e-05, 2.78945663013e-05, 3.54780277121e-05, 4.17218070652e-05, 2.59515527432e-05, 1.4363072296e-05, 1.58747152454e-05, 1.53118126036e-05, 1.95935826923e-05, 1.12331408673e-05, 4.83882695335e-06, 3.35562117471e-06, 3.24867869494e-06, 2.09167615139e-06, 1.16664489269e-06, 8.11135521417e-07, 6.69527423725e-07, 5.89278158714e-07, 4.47456471875e-07, 3.28617318246e-07, 1.87636274518e-07, 1.1261690247e-07],
        "min": [1.37351867124e-06, 8.98978032637e-06, 1.96610144485e-05, 1.47649743667e-05, 8.67269864102e-06, 3.84312352253e-06, 5.6754729485e-06, 8.549793165e-06, 4.09364383813e-06, 3.11426310873e-06, 2.9573016036e-06, 2.04740285881e-06, 2.40775392513e-07, 6.01890747021e-07, 4.30608935176e-07, 4.25457699293e-07, 4.47346849342e-07, 7.0409816999e-07, 5.30928048192e-07, 3.17210265166e-07, 4.70299369226e-07, 3.264434838e-07, 3.23470118246e-07, 2.77184341257e-07, 2.37366549527e-07, 1.31169940687e-07, 8.58903987933e-08, 5.7903331907e-08, 2.57035317475e-08, 8.32710167487e-09, 1.91770888058e-09, 2.6279343146e-09, 1.08190711945e-09, 8.05761013467e-10, 6.03364747054e-10, 4.64778410203e-10, 2.03533745413e-10, 1.58048005239e-10, 1.08188967767e-12, 1.35991586915e-13],
