{
"highlevel": {
    "danceability": {
        "all": {
            "danceable": 0.594245553017,
            "not_danceable": 0.405754446983
        },
        "probability": 0.594245553017,
        "value": "danceable"
    },
    "gender": {
        "all": {
            "female": 0.73463088274,
            "male": 0.26536911726
        },
        "probability": 0.73463088274,
        "value": "female"
    },
    "genre_dortmund": {
        "all": {
            "alternative": 0.0298597421497,
            "blues": 0.525293707848,
            "electronic": 0.00886911153793,
            "folkcountry": 0.0277096256614,
            "funksoulrnb": 0.0441778413951,
            "jazz": 0.0150193264708,
            "pop": 0.0363745689392,
            "raphiphop": 0.0520135872066,
            "rock": 0.260682493448
        },
        "probability": 0.525293707848,
        "value": "blues"
    },
    "genre_electronic": {
        "all": {
            "ambient": 0.379270881414,
            "dnb": 0.196183860302,
            "house": 0.337074398994,
            "techno": 0.0356532856822,
            "trance": 0.0518175661564
        },
        "probability": 0.379270881414,
        "value": "ambient"
    },
    "genre_rosamerica": {
        "all": {
            "cla": 0.0213477816433,
            "dan": 0.02950514853,
            "hip": 0.495593905449,
            "jaz": 0.0155262490734,
            "pop": 0.211696490645,
            "rhy": 0.171456545591,
            "roc": 0.0499582141638,
            "spe": 0.0049156639725
        },
        "probability": 0.495593905449,
        "value": "hip"
    },
    "genre_tzanetakis": {
        "all": {
            "blu": 0.06335606426,
            "cla": 0.0351489670575,
            "cou": 0.063247397542,
            "dis": 0.0526993833482,
            "hip": 0.105408608913,
            "jaz": 0.316346287727,
            "met": 0.0632862225175,
            "pop": 0.0790882781148,
            "reg": 0.06326315552,
            "roc": 0.158155634999
        },
        "probability": 0.316346287727,
        "value": "jaz"
    },
    "ismir04_rhythm": {
        "all": {
            "ChaChaCha": 0.225089430809,
            "Jive": 0.178101539612,
            "Quickstep": 0.145582765341,
            "Rumba-American": 0.0132880927995,
            "Rumba-International": 0.00712125236169,
            "Rumba-Misc": 0.00343330809847,
            "Samba": 0.386603534222,
            "Tango": 0.0208863858134,
            "VienneseWaltz": 0.0160077400506,
            "Waltz": 0.00388596532866
        },
        "probability": 0.386603534222,
        "value": "Samba"
    },
    "mood_acoustic": {
        "all": {
            "acoustic": 0.0446423999965,
            "not_acoustic": 0.955357611179
        },
        "probability": 0.955357611179,
        "value": "not_acoustic"
    },
    "mood_aggressive": {
        "all": {
            "aggressive": 0.726427316666,
            "not_aggressive": 0.273572653532
        },
        "probability": 0.726427316666,
        "value": "aggressive"
    },
    "mood_electronic": {
        "all": {
            "electronic": 0.455928236246,
            "not_electronic": 0.544071733952
        },
        "probability": 0.544071733952,
        "value": "not_electronic"
    },
    "mood_happy": {
        "all": {
            "happy": 0.533645868301,
            "not_happy": 0.466354131699
        },
        "probability": 0.533645868301,
        "value": "happy"
    },
    "mood_party": {
        "all": {
            "not_party": 0.465055704117,
            "party": 0.534944295883
        },
        "probability": 0.534944295883,
        "value": "party"
    },
    "mood_relaxed": {
        "all": {
            "not_relaxed": 0.707628130913,
            "relaxed": 0.292371869087
        },
        "probability": 0.707628130913,
        "value": "not_relaxed"
    },
    "mood_sad": {
        "all": {
            "not_sad": 0.882389605045,
            "sad": 0.117610402405
        },
        "probability": 0.882389605045,
        "value": "not_sad"
    },
    "moods_mirex": {
        "all": {
            "Cluster1": 0.209044694901,
            "Cluster2": 0.244187265635,
            "Cluster3": 0.172508299351,
            "Cluster4": 0.27344301343,
            "Cluster5": 0.100816734135
        },
        "probability": 0.27344301343,
        "value": "Cluster4"
    },
    "timbre": {
        "all": {
            "bright": 0.614513576031,
            "dark": 0.385486453772
        },
        "probability": 0.614513576031,
        "value": "bright"
    },
    "tonal_atonal": {
        "all": {
            "atonal": 0.999996304512,
            "tonal": 3.6755925521e-06
        },
        "probability": 0.999996304512,
        "value": "atonal"
    },
    "voice_instrumental": {
        "all": {
            "instrumental": 0.00482231657952,
            "voice": 0.995177686214
        },
        "probability": 0.995177686214,
        "value": "voice"
    }
},
"lowlevel": {
    "average_loudness": 0.942187666893,
    "barkbands_crest": {
        "dmean": 3.1101500988,
        "dmean2": 5.00407886505,
        "dvar": 7.23542642593,
        "dvar2": 18.1774234772,
        "max": 25.7844104767,
        "mean": 9.71845817566,
        "median": 8.92099952698,
        "min": 2.55660462379,
        "var": 18.6196212769
    },
    "barkbands_flatness_db": {
        "dmean": 0.029495138675,
        "dmean2": 0.0430425554514,
        "dvar": 0.000826106814202,
        "dvar2": 0.00175481988117,
        "max": 0.475237309933,
        "mean": 0.161793842912,
        "median": 0.153756171465,
        "min": 0.0328346267343,
        "var": 0.00335131771863
    },
    "barkbands_kurtosis": {
        "dmean": 3.71474671364,
        "dmean2": 5.91925048828,
        "dvar": 54.967300415,
        "dvar2": 130.986022949,
        "max": 133.806350708,
        "mean": 3.76540708542,
        "median": 0.156767368317,
        "min": -1.90784418583,
        "var": 90.317741394
    },
    "barkbands_skewness": {
        "dmean": 0.788282155991,
        "dmean2": 1.17476928234,
        "dvar": 0.772005498409,
        "dvar2": 1.68678534031,
        "max": 10.5158052444,
        "mean": 0.940688073635,
        "median": 0.651218771935,
        "min": -7.77948379517,
        "var": 2.64556145668
    },
    "barkbands_spread": {
        "dmean": 8.71773910522,
        "dmean2": 13.6358957291,
        "dvar": 124.900115967,
        "dvar2": 276.758056641,
        "max": 110.896842957,
        "mean": 26.7362174988,
        "median": 23.8561916351,
        "min": 1.11193466187,
        "var": 300.51574707
    },
    "dissonance": {
        "dmean": 0.0159018784761,
        "dmean2": 0.0266029313207,
        "dvar": 0.000308260991005,
        "dvar2": 0.000793429499026,
        "max": 0.500000119209,
        "mean": 0.477408885956,
        "median": 0.484424352646,
        "min": 0.26795950532,
        "var": 0.000522156129591
    },
    "dynamic_complexity": 4.54334068298,
    "erbbands_crest": {
        "dmean": 3.27983999252,
        "dmean2": 5.23012495041,
        "dvar": 8.75112056732,
        "dvar2": 20.9968509674,
        "max": 31.0116519928,
        "mean": 10.3246765137,
        "median": 9.36211872101,
        "min": 2.67329859734,
        "var": 23.6002655029
    },
    "erbbands_flatness_db": {
        "dmean": 0.0281404815614,
        "dmean2": 0.037017699331,
        "dvar": 0.000697806361131,
        "dvar2": 0.00123763887677,
        "max": 0.43026253581,
        "mean": 0.185692340136,
        "median": 0.184134155512,
        "min": 0.0578292421997,
        "var": 0.00433800648898
    },
    "erbbands_kurtosis": {
        "dmean": 1.82022762299,
        "dmean2": 2.75989556313,
        "dvar": 8.24178123474,
        "dvar2": 17.8865947723,
        "max": 56.6525650024,
        "mean": 1.78567922115,
        "median": 0.650914669037,
        "min": -1.76862478256,
        "var": 17.760269165
    },
    "erbbands_skewness": {
        "dmean": 0.543351113796,
        "dmean2": 0.801639616489,
        "dvar": 0.292823731899,
        "dvar2": 0.61403876543,
        "max": 5.60677862167,
        "mean": -0.213274493814,
        "median": -0.275260269642,
        "min": -4.56441020966,
        "var": 1.33899533749
    },
    "erbbands_spread": {
        "dmean": 10.6729345322,
        "dmean2": 15.8253469467,
        "dvar": 163.057846069,
        "dvar2": 363.80758667,
        "max": 130.56161499,
        "mean": 33.7937698364,
        "median": 27.3159656525,
        "min": 2.66544723511,
        "var": 520.324645996
    },
    "hfc": {
        "dmean": 9.04937267303,
        "dmean2": 12.717792511,
        "dvar": 143.231079102,
        "dvar2": 288.039855957,
        "max": 148.837692261,
        "mean": 24.6925640106,
        "median": 16.0014781952,
        "min": 0.0006915172562,
        "var": 678.491943359
    },
    "melbands_crest": {
        "dmean": 3.86402153969,
        "dmean2": 6.24492406845,
        "dvar": 11.5895376205,
        "dvar2": 27.9127311707,
        "max": 35.2614555359,
        "mean": 13.5523223877,
        "median": 12.3281145096,
        "min": 3.63734197617,
        "var": 33.1539916992
    },
    "melbands_flatness_db": {
        "dmean": 0.036882981658,
        "dmean2": 0.0537958294153,
        "dvar": 0.00148544588592,
        "dvar2": 0.003098487854,
        "max": 0.616349577904,
        "mean": 0.202023744583,
        "median": 0.193565621972,
        "min": 0.0254821050912,
        "var": 0.00663254177198
    },
    "melbands_kurtosis": {
        "dmean": 10.1632843018,
        "dmean2": 15.8120145798,
        "dvar": 414.126556396,
        "dvar2": 992.658203125,
        "max": 272.944396973,
        "mean": 13.9988985062,
        "median": 2.61279296875,
        "min": -1.84816563129,
        "var": 817.184814453
    },
    "melbands_skewness": {
        "dmean": 1.05979549885,
        "dmean2": 1.58975303173,
        "dvar": 1.41859221458,
        "dvar2": 3.1990711689,
        "max": 12.7302293777,
        "mean": 2.24812602997,
        "median": 1.53290998936,
        "min": -3.62475585938,
        "var": 5.60429000854
    },
    "melbands_spread": {
        "dmean": 13.0860147476,
        "dmean2": 20.2213153839,
        "dvar": 348.375976562,
        "dvar2": 726.482788086,
        "max": 233.381729126,
        "mean": 36.4909515381,
        "median": 29.571439743,
        "min": 0.923826158047,
        "var": 978.871154785
    },
    "pitch_salience": {
        "dmean": 0.0876365303993,
        "dmean2": 0.142201825976,
        "dvar": 0.00640804832801,
        "dvar2": 0.0158056411892,
        "max": 0.949867069721,
        "mean": 0.569048643112,
        "median": 0.575216293335,
        "min": 0.111353479326,
        "var": 0.0147226676345
    },
    "silence_rate_20dB": {
        "dmean": 0,
        "dmean2": 0,
        "dvar": 0,
        "dvar2": 0,
        "max": 1,
        "mean": 1,
        "median": 1,
        "min": 1,
        "var": 0
    },
    "silence_rate_30dB": {
        "dmean": 0,
        "dmean2": 0,
        "dvar": 0,
        "dvar2": 0,
        "max": 1,
        "mean": 1,
        "median": 1,
        "min": 1,
        "var": 0
    },
    "silence_rate_60dB": {
        "dmean": 0.0572755411267,
        "dmean2": 0.114639811218,
        "dvar": 0.0539951808751,
        "dvar2": 0.116990104318,
        "max": 1,
        "mean": 0.172467127442,
        "median": 0,
        "min": 0,
        "var": 0.142721757293
    },
    "spectral_centroid": {
        "dmean": 363.39276123,
        "dmean2": 554.323852539,
        "dvar": 199029.875,
        "dvar2": 431941,
        "max": 5737.33935547,
        "mean": 1814.94763184,
        "median": 1797.15026855,
        "min": 176.176223755,
        "var": 759589.25
    },
    "spectral_complexity": {
        "dmean": 4.94349861145,
        "dmean2": 7.18512773514,
        "dvar": 40.2823066711,
        "dvar2": 70.6634750366,
        "max": 59,
        "mean": 17.1438522339,
        "median": 16,
        "min": 0,
        "var": 149.839859009
    },
    "spectral_decrease": {
        "dmean": 2.29255370243e-09,
        "dmean2": 3.47925044331e-09,
        "dvar": 1.07399526003e-17,
        "dvar2": 2.34454021414e-17,
        "max": 1.44095421359e-11,
        "mean": -5.15038411919e-09,
        "median": -3.77955977626e-09,
        "min": -2.4394800846e-08,
        "var": 2.38786909268e-17
    },
    "spectral_energy": {
        "dmean": 0.00925300177187,
        "dmean2": 0.0139348218217,
        "dvar": 0.000168876620592,
        "dvar2": 0.000360042438842,
        "max": 0.0964081287384,
        "mean": 0.0216784179211,
        "median": 0.0163762290031,
        "min": 1.68553322055e-06,
        "var": 0.000399940588977
    },
    "spectral_energyband_high": {
        "dmean": 0.000474585802294,
        "dmean2": 0.000692986475769,
        "dvar": 8.47625926781e-07,
        "dvar2": 1.9997689833e-06,
        "max": 0.0172977410257,
        "mean": 0.00115542579442,
        "median": 0.000183888056199,
        "min": 3.57780081117e-08,
        "var": 7.03350224285e-06
    },
    "spectral_energyband_low": {
        "dmean": 0.00499250087887,
        "dmean2": 0.00799274630845,
        "dvar": 8.46826660563e-05,
        "dvar2": 0.000208973302506,
        "max": 0.0695536583662,
        "mean": 0.00703817047179,
        "median": 0.00249815988354,
        "min": 5.99289819547e-07,
        "var": 0.000129902939079
    },
    "spectral_energyband_middle_high": {
        "dmean": 0.00356085156091,
        "dmean2": 0.00512561993673,
        "dvar": 2.50538378168e-05,
        "dvar2": 4.699197234e-05,
        "max": 0.0493940487504,
        "mean": 0.0080495281145,
        "median": 0.00450693862513,
        "min": 9.50192600158e-08,
        "var": 8.1570004113e-05
    },
    "spectral_energyband_middle_low": {
        "dmean": 0.00413809949532,
        "dmean2": 0.00672281812876,
        "dvar": 7.98949258751e-05,
        "dvar2": 0.000204195835977,
        "max": 0.0751174092293,
        "mean": 0.00648325728253,
        "median": 0.00393084902316,
        "min": 1.26345270246e-07,
        "var": 8.34542370285e-05
    },
    "spectral_entropy": {
        "dmean": 0.210193052888,
        "dmean2": 0.291001945734,
        "dvar": 0.0637074485421,
        "dvar2": 0.123368099332,
        "max": 8.77453899384,
        "mean": 7.48222780228,
        "median": 7.47431612015,
        "min": 4.82795190811,
        "var": 0.275957345963
    },
    "spectral_flux": {
        "dmean": 0.0305545553565,
        "dmean2": 0.047808278352,
        "dvar": 0.00126113393344,
        "dvar2": 0.00259177968837,
        "max": 0.292861282825,
        "mean": 0.0874548256397,
        "median": 0.0787790641189,
        "min": 0.000576016900595,
        "var": 0.00342634087428
    },
    "spectral_kurtosis": {
        "dmean": 2.69660568237,
        "dmean2": 4.43938302994,
        "dvar": 14.951880455,
        "dvar2": 38.6030158997,
        "max": 55.1133308411,
        "mean": 6.35500812531,
        "median": 5.06627655029,
        "min": -0.992959737778,
        "var": 29.6040725708
    },
    "spectral_rms": {
        "dmean": 0.000944180297665,
        "dmean2": 0.00135813001543,
        "dvar": 1.33081914555e-06,
        "dvar2": 2.46248146141e-06,
        "max": 0.0096982838586,
        "mean": 0.00400224607438,
        "median": 0.00399710005149,
        "min": 4.05514838349e-05,
        "var": 5.1317042562e-06
    },
    "spectral_rolloff": {
        "dmean": 792.296508789,
        "dmean2": 1364.68322754,
        "dvar": 2687074.25,
        "dvar2": 5774586,
        "max": 14125.78125,
        "mean": 2235.50610352,
        "median": 1744.18945312,
        "min": 64.599609375,
        "var": 4849572
    },
    "spectral_skewness": {
        "dmean": 0.339975774288,
        "dmean2": 0.531091928482,
        "dvar": 0.156034186482,
        "dvar2": 0.401584655046,
        "max": 6.20445728302,
        "mean": 1.5582947731,
        "median": 1.50114989281,
        "min": -0.360739350319,
        "var": 0.468790352345
    },
    "spectral_spread": {
        "dmean": 818613.375,
        "dmean2": 1148969,
        "dvar": 1.22415035187e+12,
        "dvar2": 2.62094087782e+12,
        "max": 19549004,
        "mean": 4017481,
        "median": 3533294.75,
        "min": 938443.5,
        "var": 3.69692665446e+12
    },
    "spectral_strongpeak": {
        "dmean": 0.891730725765,
        "dmean2": 1.47726345062,
        "dvar": 1.88764357567,
        "dvar2": 4.5539522171,
        "max": 13.2558946609,
        "mean": 1.28974914551,
        "median": 0.398826867342,
        "min": 0,
        "var": 3.18979334831
    },
    "zerocrossingrate": {
        "dmean": 0.0166140347719,
        "dmean2": 0.0194843504578,
        "dvar": 0.000679869670421,
        "dvar2": 0.000866859219968,
        "max": 0.494140625,
        "mean": 0.0816264227033,
        "median": 0.0703125,
        "min": 0.005859375,
        "var": 0.003187015187
    },
    "barkbands": {
        "dmean": [0.000110722590762, 0.00309917610139, 0.00196555373259, 0.00178309949115, 0.00166734843515, 0.000625372631475, 0.000312201038469, 0.000273242825642, 0.000422884331783, 0.000438589428086, 0.000938634388149, 0.000761155737564, 0.000627398490906, 0.000846727343742, 0.000558022933546, 0.000449034676421, 0.000367166852811, 0.000527949538082, 0.000277897692285, 0.000252504338278, 0.00012562716438, 0.000136165559525, 0.000198981710128, 0.000146071717609, 3.60444137186e-05, 8.0507772509e-05, 1.8316214323e-08],
        "dmean2": [0.000180166898645, 0.00494519807398, 0.00341815780848, 0.00293316552415, 0.00290157785639, 0.00104263459798, 0.000527372176293, 0.000464892596938, 0.000710517459083, 0.000739409995731, 0.00145445449743, 0.00112179038115, 0.000945521984249, 0.00127603812143, 0.00087764771888, 0.000700723903719, 0.000544615497347, 0.000820644956548, 0.000431843072874, 0.000413169793319, 0.00019832351245, 0.000225561132538, 0.000351185473846, 0.000249342498137, 5.03251358168e-05, 0.000103679973108, 3.20399387022e-08],
        "dvar": [5.79263712552e-08, 4.05567698181e-05, 1.83462907444e-05, 2.14097890421e-05, 1.7951531845e-05, 2.03288050216e-06, 7.30496026335e-07, 9.80986555987e-07, 1.40867371101e-06, 2.23620895667e-06, 4.36410709881e-06, 4.18811032432e-06, 2.39386895373e-06, 3.75065792468e-06, 2.5842971354e-06, 1.05746187273e-06, 5.13290046911e-07, 7.89911553056e-07, 2.28101498578e-07, 2.87566024326e-07, 1.71194670884e-07, 3.47008295876e-07, 9.24606865738e-07, 5.98440010435e-07, 4.1228274128e-09, 2.39338238117e-08, 7.1637938569e-15],
        "dvar2": [1.45796349216e-07, 9.47503576754e-05, 5.12140904902e-05, 5.36094266863e-05, 5.07656659465e-05, 4.98503050039e-06, 2.00353451874e-06, 2.72922397926e-06, 3.57166527465e-06, 6.06292951488e-06, 9.99342501018e-06, 8.67520611791e-06, 5.28427290192e-06, 7.8526127254e-06, 6.06608864473e-06, 2.49831418841e-06, 1.1405860505e-06, 1.75226807642e-06, 5.52313849767e-07, 7.43730083741e-07, 4.6192070613e-07, 9.58194846135e-07, 3.10371478918e-06, 1.59362548402e-06, 8.64242721832e-09, 4.0952770064e-08, 1.71277532765e-14],
        "max": [0.00207367166877, 0.0546936616302, 0.0362298563123, 0.0501551404595, 0.0355914533138, 0.0295539870858, 0.0166542343795, 0.0122057478875, 0.0189427733421, 0.0171258058399, 0.0282224826515, 0.0286361649632, 0.0221558213234, 0.028066392988, 0.0280672367662, 0.0167759507895, 0.0106248511001, 0.0121232010424, 0.00589958112687, 0.00620625773445, 0.00937092863023, 0.00865619350225, 0.0145519068465, 0.0116172460839, 0.000986023806036, 0.00158707716037, 1.3536333654e-06],
        "mean": [0.000110897955892, 0.00387956434861, 0.00207308516838, 0.00194023596123, 0.00215140008368, 0.00098815409001, 0.000470999366371, 0.00035245026811, 0.000470927596325, 0.000482743402245, 0.00125479337294, 0.00108422129415, 0.000817395164631, 0.00118554010987, 0.0006710649468, 0.000621011015028, 0.000560757878702, 0.000822474947199, 0.000419710937422, 0.000324567110511, 0.000196785884327, 0.000193666492123, 0.000291489763185, 0.000168046783074, 4.96208594996e-05, 9.68164167716e-05, 1.40417641958e-08],
        "median": [1.93329215108e-05, 0.000775584136136, 0.000781966897193, 0.000687396037392, 0.00105301709846, 0.000380975659937, 0.000112440400699, 6.38204364805e-05, 8.55512917042e-05, 6.04862216278e-05, 0.000172038809978, 9.80215045274e-05, 0.000119388605526, 0.000171480889549, 0.000132635468617, 0.000181190654985, 0.000192130421055, 0.000311437324854, 0.000211129328818, 0.000111170258606, 3.02624503092e-05, 1.7689415472e-05, 1.69922095665e-05, 1.01042514871e-05, 7.28638406144e-06, 3.63086837751e-06, 2.48440101824e-10],
        "min": [7.10963021788e-08, 1.20373016443e-07, 1.55428505622e-08, 1.20772849499e-08, 7.19138704142e-09, 5.6743894028e-09, 9.29807009165e-10, 1.69428193697e-09, 1.94218530147e-09, 1.72769731854e-09, 1.69400560246e-09, 2.13907780378e-09, 7.60334195604e-09, 3.95483024107e-09, 4.51052528661e-09, 2.94597057859e-09, 2.32716201864e-09, 4.12127043603e-09, 5.48757572716e-09, 7.13896897153e-09, 6.67704913582e-09, 4.66644056729e-09, 4.85304907372e-09, 1.63497282379e-09, 5.68281185997e-12, 5.23970970778e-12, 6.72580264052e-12],
        "var": [6.01464833494e-08, 6.00699240749e-05, 1.50495679918e-05, 1.88630656339e-05, 1.35501586556e-05, 5.06351489094e-06, 9.6700011909e-07, 9.52676259658e-07, 1.5101528561e-06, 2.01895818464e-06, 7.68995869294e-06, 9.28921508603e-06, 3.97387111661e-06, 7.19460149412e-06, 3.16712475978e-06, 1.72811428456e-06, 1.05720323518e-06, 1.57541046519e-06, 3.62180031743e-07, 3.47299447867e-07, 2.97192229937e-07, 4.59444180478e-07, 1.2383976582e-06, 5.68266841583e-07, 8.6720568504e-09, 4.79797463981e-08, 5.86186821807e-15]
    },
    "erbbands": {
        "dmean": [0.0959972143173, 0.754678606987, 2.1466023922, 4.28930282593, 5.87421798706, 5.32032203674, 4.90050363541, 5.53928375244, 4.51708126068, 5.11578035355, 6.04271459579, 9.77065181732, 10.7813434601, 22.0078811646, 38.2247772217, 26.5297050476, 26.4895095825, 39.1069564819, 34.4362297058, 27.9975242615, 17.9987354279, 20.7346439362, 29.8414821625, 16.7449893951, 13.3378572464, 11.6660413742, 7.56384897232, 3.55255103111, 4.44059276581, 5.92393636703, 5.94084644318, 4.48473405838, 1.29214215279, 0.450307518244, 0.261525899172, 0.315886050463, 0.176861807704, 0.0108610540628, 0.000205391930649, 1.85173630598e-05],
        "dmean2": [0.133240774274, 1.25663542747, 3.76468586922, 7.1198515892, 10.0110855103, 9.20880794525, 8.17739582062, 9.18574810028, 7.68601608276, 8.60794067383, 10.1320800781, 16.4483451843, 17.8591556549, 35.1352653503, 58.0091209412, 39.2140808105, 39.0406799316, 57.6389656067, 52.8502540588, 43.0678443909, 26.629442215, 30.6040172577, 44.9228553772, 25.3773193359, 21.3246669769, 18.7821464539, 12.1517658234, 5.52024555206, 7.13740634918, 9.10350704193, 10.5723991394, 7.30129051208, 2.14975714684, 0.645742416382, 0.374476909637, 0.429563820362, 0.231049343944, 0.015569223091, 0.0002817575878, 2.42831265496e-05],
        "dvar": [0.0394250564277, 2.6320514679, 23.0052585602, 109.546043396, 274.163024902, 152.345535278, 98.4309310913, 193.153244019, 203.380004883, 159.084396362, 505.913299561, 754.226501465, 1255.34997559, 3507.1171875, 7496.65966797, 5462.78369141, 3421.68652344, 8334.33398438, 7519.07568359, 4789.10351562, 1668.88623047, 1669.18347168, 2634.7902832, 899.72467041, 577.314941406, 712.666320801, 648.254638672, 82.2487487793, 260.738037109, 793.721679688, 810.255004883, 593.921325684, 24.0221652985, 0.718268930912, 0.222836941481, 0.377603858709, 0.120110727847, 0.000593901379034, 1.88484463592e-07, 7.07634340014e-10],
        "dvar2": [0.071924239397, 6.94851970673, 64.8542327881, 270.547088623, 754.91204834, 425.654083252, 262.264556885, 438.117340088, 576.364318848, 434.256195068, 1392.27807617, 1940.82922363, 3386.07519531, 8722.34667969, 14941.2685547, 12349.7773438, 7169.46533203, 16899.2089844, 18204.3027344, 10690.7011719, 3670.9921875, 3744.78540039, 5620.44238281, 2167.05957031, 1434.22790527, 1859.63671875, 1698.77575684, 206.335784912, 708.296203613, 2024.26611328, 2816.76074219, 1505.76513672, 64.3957595825, 1.61321675777, 0.458594858646, 0.723182082176, 0.199842616916, 0.00124488561414, 3.6803396597e-07, 1.15932563549e-09],
        "max": [1.82061469555, 14.3336410522, 40.5098991394, 128.761779785, 159.32875061, 97.5930175781, 80.075881958, 376.510955811, 308.821716309, 154.816757202, 309.066253662, 390.703338623, 621.217224121, 825.529174805, 1128.24829102, 1303.75976562, 781.110290527, 1480.20458984, 1210.20617676, 1422.22509766, 681.279541016, 661.31652832, 753.984008789, 351.54107666, 319.002746582, 337.141784668, 555.800048828, 175.425567627, 278.842590332, 452.223144531, 418.332641602, 357.082458496, 68.3395385742, 12.2022380829, 5.3581700325, 6.42602682114, 3.48393177986, 0.254677563906, 0.00453778496012, 0.000262801186182],
        "mean": [0.116892568767, 0.851779341698, 2.20988559723, 4.869972229, 7.07444763184, 6.92304801941, 6.99670934677, 8.88036155701, 6.74445343018, 7.8553571701, 7.11874055862, 10.8967943192, 12.9581956863, 26.8503093719, 56.999420166, 40.3148384094, 38.5976829529, 55.8609046936, 45.3873596191, 40.3030433655, 28.3592395782, 34.2004394531, 48.0923500061, 25.9073009491, 20.7221221924, 15.2444820404, 10.3756685257, 6.37611341476, 6.60573768616, 8.00886726379, 8.3541841507, 5.65160512924, 1.50676763058, 0.611527562141, 0.341721713543, 0.370895802975, 0.215211123228, 0.0120125776157, 0.000251080287853, 4.03232406825e-05],
        "median": [0.017195712775, 0.195454895496, 0.799534618855, 1.99551212788, 3.46189975739, 3.50298810005, 3.17460203171, 2.71246099472, 1.84586691856, 1.79330289364, 1.60835886002, 2.14774060249, 2.86237549782, 6.09924030304, 8.86857318878, 6.12165880203, 8.08847522736, 10.5972890854, 10.43105793, 12.127073288, 10.0314874649, 13.4789190292, 18.3438014984, 12.0116262436, 10.6882839203, 5.20455789566, 1.96061182022, 0.877433240414, 0.661449193954, 0.537469208241, 0.471159666777, 0.26057395339, 0.142708018422, 0.0851195454597, 0.0439939536154, 0.0221734214574, 0.00516294967383, 0.000238586697378, 2.13570492633e-05, 2.5958805054e-05],
        "min": [5.81056656301e-06, 8.24860489956e-06, 3.45843691321e-05, 0.000107321531686, 3.91003886762e-05, 5.73675570195e-05, 5.72893404751e-05, 3.97778821934e-05, 1.64653556567e-05, 3.63947474398e-05, 5.98150509177e-05, 5.32317135367e-05, 3.49052388628e-05, 0.000143520082929, 0.000122657074826, 0.000116501301818, 0.000348393368768, 0.00019050607807, 0.000337744771969, 0.000262287649093, 0.000219180248678, 0.000173344727955, 0.000202046197955, 0.000319204642437, 0.000371802627342, 0.000374591792934, 0.000300956278807, 0.00025909661781, 0.000217109161895, 0.000140872303746, 0.000152835214976, 3.1202154787e-05, 1.03273669083e-05, 9.77250692813e-07, 1.6072860376e-07, 4.8625889093e-08, 2.96096001051e-08, 7.76712916206e-09, 4.16746281928e-09, 2.42420861163e-09],
        "var": [0.0650469884276, 3.03363060951, 18.3757915497, 101.409980774, 201.637329102, 122.553230286, 113.337287903, 660.500061035, 221.736221313, 296.095153809, 423.762359619, 771.183288574, 1179.18652344, 4279.45458984, 15253.6445312, 12357.5039062, 6815.89306641, 15183.6533203, 9908.82910156, 7553.06591797, 3168.84936523, 3642.08618164, 5601.07324219, 1542.29577637, 877.742736816, 831.338439941, 831.790588379, 296.781311035, 470.472259521, 1000.75543213, 1034.65490723, 693.819152832, 25.9579620361, 1.47925817966, 0.433309823275, 0.680312931538, 0.24232788384, 0.000877814891282, 3.15237230097e-07, 2.04702055306e-09]
    },
    "gfcc": {
        "mean": [-53.4556388855, 82.3028793335, -130.530426025, 41.7038993835, -40.2278289795, 12.1175346375, -39.445930481, 7.64938926697, -32.2109603882, -0.69730836153, -13.3812351227, 2.08143663406, -12.3732147217],
        "cov": [[15766.859375, -674.085083008, -545.813537598, -534.414794922, 53.3451423645, 323.755432129, -253.390625, 190.79006958, -178.556381226, 116.059631348, -263.902130127, 423.182434082, -435.478149414], [-674.085083008, 2722.80029297, -277.63671875, -125.390068054, 316.709594727, -433.142364502, 146.283203125, -333.876525879, 51.8368034363, -408.397491455, 193.281509399, -257.400360107, 149.171035767], [-545.813537598, -277.63671875, 2249.24584961, 550.950683594, 65.3175201416, 131.881484985, -37.499622345, 149.251968384, -90.4944839478, 257.988616943, -285.818572998, 112.780570984, -118.764610291], [-534.414794922, -125.390068054, 550.950683594, 742.114013672, -13.5056056976, 5.94290304184, -68.4534912109, -59.5143051147, 100.127677917, -14.9791097641, -46.6079216003, -77.8376464844, 18.1862506866], [53.3451423645, 316.709594727, 65.3175201416, -13.5056056976, 613.289367676, 10.2591962814, 123.089660645, 15.6039762497, -84.1365509033, 71.3560028076, -40.6841545105, 105.127311707, -44.1130409241], [323.755432129, -433.142364502, 131.881484985, 5.94290304184, 10.2591962814, 336.381469727, 74.1038284302, 60.5165023804, -20.3168754578, 78.8694000244, -5.36358118057, 57.3585700989, -51.8821601868], [-253.390625, 146.283203125, -37.499622345, -68.4534912109, 123.089660645, 74.1038284302, 271.488952637, 5.47261238098, -1.35878348351, 10.4530334473, 19.3847770691, 19.7191429138, -23.3221683502], [190.79006958, -333.876525879, 149.251968384, -59.5143051147, 15.6039762497, 60.5165023804, 5.47261238098, 243.860809326, 3.02989315987, 87.0355682373, -31.2430152893, 65.3028106689, -16.2566814423], [-178.556381226, 51.8368034363, -90.4944839478, 100.127677917, -84.1365509033, -20.3168754578, -1.35878348351, 3.02989315987, 195.385375977, -28.8120193481, 28.1234664917, -45.8671951294, 29.6642017365], [116.059631348, -408.397491455, 257.988616943, -14.9791097641, 71.3560028076, 78.8694000244, 10.4530334473, 87.0355682373, -28.8120193481, 230.823867798, -53.6293067932, 99.4717941284, -52.7833366394], [-263.902130127, 193.281509399, -285.818572998, -46.6079216003, -40.6841545105, -5.36358118057, 19.3847770691, -31.2430152893, 28.1234664917, -53.6293067932, 214.037948608, -19.330696106, 52.4467201233], [423.182434082, -257.400360107, 112.780570984, -77.8376464844, 105.127311707, 57.3585700989, 19.7191429138, 65.3028106689, -45.8671951294, 99.4717941284, -19.330696106, 190.840744019, -35.2127838135], [-435.478149414, 149.171035767, -118.764610291, 18.1862506866, -44.1130409241, -51.8821601868, -23.3221683502, -16.2566814423, 29.6642017365, -52.7833366394, 52.4467201233, -35.2127838135, 121.208847046]],
        "icov": [[8.82885942701e-05, -8.23782102088e-05, 9.20518505154e-05, -4.24932950409e-05, 8.43634043122e-05, -0.000142236109241, 0.000169061517227, -0.000106376865006, 5.23502676515e-05, -1.94034259948e-06, 0.000163366406923, -0.000270473596174, 0.000340317899827], [-8.23782102088e-05, 0.00135699950624, -0.000685275474098, 0.000917549070437, -0.00119990098756, 0.00122340396047, -0.000644987332635, 0.00119269348215, -0.000762787822168, 0.0016210047761, -0.00116556277499, 0.00144339352846, -0.000836065271869], [9.20518505154e-05, -0.000685275474098, 0.00120469753165, -0.00118451635353, 0.000782546936534, -0.000645601656288, 0.000270427524811, -0.000980279175565, 0.000968514883425, -0.00127631181385, 0.0013105685357, -0.00107673567254, 0.000788517121691], [-4.24932950409e-05, 0.000917549070437, -0.00118451635353, 0.00291888043284, -0.00122603285126, 0.000441335141659, 0.000232937149121, 0.00158495130017, -0.00195359671488, 0.00136558385566, -0.000853952253237, 0.00175980397034, -0.000926831562538], [8.43634043122e-05, -0.00119990098756, 0.000782546936534, -0.00122603285126, 0.00326014496386, -0.000626124965493, -0.000528637086973, -0.00105740875006, 0.00158269505482, -0.00173596758395, 0.00136562949046, -0.00235346611589, 0.00098756456282], [-0.000142236109241, 0.00122340396047, -0.000645601656288, 0.000441335141659, -0.000626124965493, 0.00494341365993, -0.00180824892595, 0.000488221412525, -0.000253014266491, 0.000652896706015, -0.0015722316457, 0.000877225596923, 0.000171577717992], [0.000169061517227, -0.000644987332635, 0.000270427524811, 0.000232937149121, -0.000528637086973, -0.00180824892595, 0.00518471840769, -0.00038970989408, -0.000444859295385, -0.000286363239866, 0.000129361244035, -0.000568498275243, 0.00137319217902], [-0.000106376865006, 0.00119269348215, -0.000980279175565, 0.00158495130017, -0.00105740875006, 0.000488221412525, -0.00038970989408, 0.00638538273051, -0.0017118077958, 0.000198326612008, -0.000709796498995, 0.000500681402627, -0.0014848880237], [5.23502676515e-05, -0.000762787822168, 0.000968514883425, -0.00195359671488, 0.00158269505482, -0.000253014266491, -0.000444859295385, -0.0017118077958, 0.00719468435273, -0.00120947638061, 0.000441953539848, -0.0002809651196, -3.8883605157e-05], [-1.94034259948e-06, 0.0016210047761, -0.00127631181385, 0.00136558385566, -0.00173596758395, 0.000652896706015, -0.000286363239866, 0.000198326612008, -0.00120947638061, 0.00907478295267, -0.000911160721444, -0.000782997580245, 0.000576396007091], [0.000163366406923, -0.00116556277499, 0.0013105685357, -0.000853952253237, 0.00136562949046, -0.0015722316457, 0.000129361244035, -0.000709796498995, 0.000441953539848, -0.000911160721444, 0.00739787053317, -0.00197861180641, -0.00109341333155], [-0.000270473596174, 0.00144339352846, -0.00107673567254, 0.00175980397034, -0.00235346611589, 0.000877225596923, -0.000568498275243, 0.000500681402627, -0.0002809651196, -0.000782997580245, -0.00197861180641, 0.00999764725566, -0.00110209349077], [0.000340317899827, -0.000836065271869, 0.000788517121691, -0.000926831562538, 0.00098756456282, 0.000171577717992, 0.00137319217902, -0.0014848880237, -3.8883605157e-05, 0.000576396007091, -0.00109341333155, -0.00110209349077, 0.0123249236494]]
    },
    "melbands": {
        "dmean": [0.000809927587397, 0.00105641118716, 0.000786671764217, 0.000404572463594, 0.000181861498277, 0.000119669486594, 6.6568616603e-05, 5.77432401769e-05, 4.98460103699e-05, 6.46920525469e-05, 5.45583716303e-05, 8.68892821018e-05, 0.000130544955027, 9.10313101485e-05, 6.34058014839e-05, 6.8707850005e-05, 8.0047553638e-05, 6.40989019303e-05, 4.05415594287e-05, 3.8645863242e-05, 1.92553416127e-05, 2.19385510718e-05, 2.82984237856e-05, 2.47645166382e-05, 1.37979604915e-05, 9.61306523095e-06, 1.03730726551e-05, 7.75983517087e-06, 5.65194022784e-06, 2.82708424493e-06, 1.94104313778e-06, 2.31583817367e-06, 3.29110685016e-06, 3.6273825117e-06, 3.98670135837e-06, 3.00798478747e-06, 3.02634794025e-06, 1.03963168385e-06, 4.33342620454e-07, 4.05140013982e-07],
        "dmean2": [0.00125219521578, 0.00180387834553, 0.00128761352971, 0.000694551039487, 0.00030619718018, 0.000199472022359, 0.000113258924102, 9.82597775874e-05, 8.26078176033e-05, 0.000108924825327, 9.08384245122e-05, 0.000139527139254, 0.000196772409254, 0.000135227834107, 9.04367479961e-05, 0.000103222839243, 0.000120510812849, 9.94205329334e-05, 6.2930121203e-05, 6.02892505412e-05, 2.85288551822e-05, 3.29102804244e-05, 4.36036389146e-05, 3.88314438169e-05, 2.10018297366e-05, 1.52449974848e-05, 1.69958257175e-05, 1.25805127027e-05, 9.19418562262e-06, 4.45066916654e-06, 3.05377284349e-06, 3.6950032154e-06, 5.59834825253e-06, 5.68412860957e-06, 7.04789772499e-06, 5.17855187354e-06, 5.23388189322e-06, 1.73454736796e-06, 6.89457863245e-07, 5.80103119319e-07],
        "dvar": [2.81457278106e-06, 5.23579547007e-06, 3.60902913599e-06, 1.12171221645e-06, 1.36962768238e-07, 8.55466453231e-08, 3.90531944561e-08, 2.26776215584e-08, 3.28725384691e-08, 3.53110358731e-08, 3.41248451718e-08, 5.83279238242e-08, 8.09034759186e-08, 5.29649959446e-08, 3.12821946125e-08, 3.4148207817e-08, 3.81521836346e-08, 2.49962059939e-08, 1.32528992225e-08, 9.43030542544e-09, 1.87000814833e-09, 2.2132291555e-09, 2.81811329828e-09, 2.09821404695e-09, 6.87191081816e-10, 2.71529132512e-10, 4.2272843559e-10, 3.85391746294e-10, 3.71658898102e-10, 8.24745965966e-11, 2.61236119542e-11, 4.93466309481e-11, 3.34479444142e-10, 3.18161691437e-10, 3.67236935306e-10, 2.36441644041e-10, 3.71527780763e-10, 1.69951223233e-11, 1.02375681717e-12, 6.65373518002e-13],
        "dvar2": [5.52849633095e-06, 1.46151951412e-05, 9.03349427972e-06, 3.15176475851e-06, 3.67994545059e-07, 2.00478453394e-07, 1.09867251297e-07, 6.26591400987e-08, 8.91927243174e-08, 9.05494630388e-08, 9.2374499161e-08, 1.4607391563e-07, 1.6989508822e-07, 1.12100281058e-07, 6.17287483351e-08, 7.96688865989e-08, 7.70360486513e-08, 5.82067194443e-08, 2.97246653957e-08, 2.26237908407e-08, 4.07411127057e-09, 5.0753219405e-09, 5.99345595376e-09, 5.02843677808e-09, 1.66711222604e-09, 6.90516477331e-10, 1.06694630908e-09, 1.00053387797e-09, 9.66525304236e-10, 2.14179951552e-10, 6.4114664966e-11, 1.22839391437e-10, 9.40342581579e-10, 8.41758551751e-10, 1.25783716776e-09, 7.0810574071e-10, 1.0204157519e-09, 4.62825090752e-11, 2.53947969424e-12, 1.51840692797e-12],
        "max": [0.0147814350203, 0.0177476201206, 0.0186714679003, 0.0090564545244, 0.00263097020797, 0.00728477817029, 0.00418927939609, 0.0017599449493, 0.00278490129858, 0.00282593932934, 0.00313093210571, 0.0034274586942, 0.00455499999225, 0.00332321110182, 0.00297961989418, 0.00303349643946, 0.0025640737731, 0.00218232651241, 0.0021348586306, 0.00144992745481, 0.000739076698665, 0.000938504119404, 0.00077420094749, 0.000542341906112, 0.00030319619691, 0.000179518508958, 0.000203224932193, 0.00029455582262, 0.00036380358506, 0.000197094108444, 0.000107330619358, 0.000184813077794, 0.00027655728627, 0.000285174814053, 0.000277051352896, 0.00026264358894, 0.000298992759781, 5.68534051126e-05, 1.2688951756e-05, 1.36057196869e-05],
        "mean": [0.0010603700066, 0.00116688082926, 0.000926074106246, 0.000518890388776, 0.000259362481302, 0.000193945583305, 9.93164358079e-05, 8.512732893e-05, 5.62886452826e-05, 7.10329040885e-05, 6.33562885923e-05, 9.7498872492e-05, 0.000188495541806, 0.000125787293655, 8.81108935573e-05, 8.8905399025e-05, 0.000109211949166, 8.0556521425e-05, 5.16372201673e-05, 5.26118819835e-05, 2.77361323242e-05, 3.38464560627e-05, 4.31090156781e-05, 3.74567862309e-05, 1.93390333152e-05, 1.4474208001e-05, 1.3778815628e-05, 9.40045265452e-06, 7.09584628567e-06, 4.40916574007e-06, 3.3625094602e-06, 3.53195832759e-06, 4.11405744671e-06, 4.62363732368e-06, 4.92429990118e-06, 4.39445375378e-06, 3.1265724374e-06, 1.1184995401e-06, 5.47607726276e-07, 5.07173069764e-07],
        "median": [0.000192953972146, 0.000412754423451, 0.000431923370343, 0.000282993772998, 0.000130178043037, 6.1735700001e-05, 2.69914944511e-05, 1.81451487151e-05, 1.17852641779e-05, 1.19968544823e-05, 1.07653568193e-05, 1.40333577292e-05, 2.79730247712e-05, 1.37610149977e-05, 9.92077002593e-06, 1.22795636344e-05, 1.61148636835e-05, 1.33676803671e-05, 1.19677852126e-05, 1.37940305649e-05, 8.75675323186e-06, 1.06060688267e-05, 1.55304660439e-05, 1.36626485983e-05, 7.51751758798e-06, 7.5078246482e-06, 5.70062775296e-06, 2.64851018983e-06, 1.28213002881e-06, 6.17488467469e-07, 3.72247200175e-07, 3.24445892375e-07, 3.16653029131e-07, 2.53119736726e-07, 2.73097697345e-07, 2.2655693499e-07, 1.23983440403e-07, 9.46614946429e-08, 6.70352164889e-08, 6.56468870375e-08],
        "min": [1.1410546108e-07, 1.49893395474e-08, 2.35520563052e-08, 1.39795708343e-09, 2.36083508298e-09, 8.5452883658e-10, 1.86103799038e-10, 3.9938954921e-10, 4.5316519981e-10, 3.0601376988e-10, 1.49216874967e-10, 5.37246525045e-10, 4.08779537997e-10, 2.92329327412e-10, 4.81191197998e-10, 8.94808283025e-10, 2.95958729746e-10, 4.74520922555e-10, 3.71923630782e-10, 2.32574320913e-10, 2.41051262284e-10, 1.31222088751e-10, 1.86442236649e-10, 1.85963369703e-10, 2.26806989856e-10, 2.20638438075e-10, 3.33857524959e-10, 2.48446430096e-10, 1.74816591758e-10, 1.63261834607e-10, 1.17522616638e-10, 1.05556230423e-10, 7.0919284334e-11, 5.02030396421e-11, 7.21735934905e-11, 1.72310030827e-11, 3.38573375065e-12, 6.87500317093e-12, 5.86590238189e-14, 5.14697944096e-14],
