{
"highlevel": {
    "danceability": {
        "all": {
            "danceable": 0.552119135857,
            "not_danceable": 0.447880864143
        },
        "probability": 0.552119135857,
        "value": "danceable"
    },
    "gender": {
        "all": {
            "female": 0.073421433568,
            "male": 0.926578581333
        },
        "probability": 0.926578581333,
        "value": "male"
    },
    "genre_dortmund": {
        "all": {
            "alternative": 0.0565521903336,
            "blues": 0.0639252960682,
            "electronic": 0.0674597844481,
            "folkcountry": 0.0330297760665,
            "funksoulrnb": 0.0207523237914,
            "jazz": 0.0579497255385,
            "pop": 0.0384685993195,
            "raphiphop": 0.0762663334608,
            "rock": 0.585595965385
        },
        "probability": 0.585595965385,
        "value": "rock"
    },
    "genre_electronic": {
        "all": {
            "ambient": 0.25230678916,
            "dnb": 0.272803962231,
            "house": 0.0711007937789,
            "techno": 0.023736929521,
            "trance": 0.380051523447
        },
        "probability": 0.380051523447,
        "value": "trance"
    },
    "genre_rosamerica": {
        "all": {
            "cla": 0.00202060630545,
            "dan": 0.0154451243579,
            "hip": 0.0107794813812,
            "jaz": 0.00235037738457,
            "pop": 0.258355826139,
            "rhy": 0.00242861430161,
            "roc": 0.707208812237,
            "spe": 0.00141115195584
        },
        "probability": 0.707208812237,
        "value": "roc"
    },
    "genre_tzanetakis": {
        "all": {
            "blu": 0.0626541376114,
            "cla": 0.0348133966327,
            "cou": 0.0783501937985,
            "dis": 0.104547761381,
            "hip": 0.15693578124,
            "jaz": 0.313987255096,
            "met": 0.044816005975,
            "pop": 0.0627349764109,
            "reg": 0.0627352520823,
            "roc": 0.0784252434969
        },
        "probability": 0.313987255096,
        "value": "jaz"
    },
    "ismir04_rhythm": {
        "all": {
            "ChaChaCha": 0.1158817783,
            "Jive": 0.516713500023,
            "Quickstep": 0.0297298356891,
            "Rumba-American": 0.014913842082,
            "Rumba-International": 0.0124373994768,
            "Rumba-Misc": 0.00497336219996,
            "Samba": 0.207920998335,
            "Tango": 0.0136995026842,
            "VienneseWaltz": 0.0776433199644,
            "Waltz": 0.00608644029126
        },
        "probability": 0.516713500023,
        "value": "Jive"
    },
    "mood_acoustic": {
        "all": {
            "acoustic": 0.0191160421818,
            "not_acoustic": 0.980883955956
        },
        "probability": 0.980883955956,
        "value": "not_acoustic"
    },
    "mood_aggressive": {
        "all": {
            "aggressive": 0.964466154575,
            "not_aggressive": 0.0355338267982
        },
        "probability": 0.964466154575,
        "value": "aggressive"
    },
    "mood_electronic": {
        "all": {
            "electronic": 0.418132930994,
            "not_electronic": 0.581867098808
        },
        "probability": 0.581867098808,
        "value": "not_electronic"
    },
    "mood_happy": {
        "all": {
            "happy": 0.446003556252,
            "not_happy": 0.553996443748
        },
        "probability": 0.553996443748,
        "value": "not_happy"
    },
    "mood_party": {
        "all": {
            "not_party": 0.308102875948,
            "party": 0.69189709425
        },
        "probability": 0.69189709425,
        "value": "party"
    },
    "mood_relaxed": {
        "all": {
            "not_relaxed": 0.967317044735,
            "relaxed": 0.032682955265
        },
        "probability": 0.967317044735,
        "value": "not_relaxed"
    },
    "mood_sad": {
        "all": {
            "not_sad": 0.973143815994,
            "sad": 0.0268561821431
        },
        "probability": 0.973143815994,
        "value": "not_sad"
    },
    "moods_mirex": {
        "all": {
            "Cluster1": 0.35871514678,
            "Cluster2": 0.0303456820548,
            "Cluster3": 0.0240697581321,
            "Cluster4": 0.0373909138143,
            "Cluster5": 0.549478530884
        },
        "probability": 0.549478530884,
        "value": "Cluster5"
    },
    "timbre": {
        "all": {
            "bright": 0.032103061676,
            "dark": 0.967896938324
        },
        "probability": 0.967896938324,
        "value": "dark"
    },
    "tonal_atonal": {
        "all": {
            "atonal": 0.0901629701257,
            "tonal": 0.909837007523
        },
        "probability": 0.909837007523,
        "value": "tonal"
    },
    "voice_instrumental": {
        "all": {
            "instrumental": 0.0270586833358,
            "voice": 0.972941339016
        },
        "probability": 0.972941339016,
        "value": "voice"
    }
},
"lowlevel": {
    "average_loudness": 0.976658880711,
    "barkbands_crest": {
        "dmean": 2.64145064354,
        "dmean2": 4.38673496246,
        "dvar": 5.56925439835,
        "dvar2": 14.8001747131,
        "max": 23.1893062592,
        "mean": 8.71447849274,
        "median": 7.7988409996,
        "min": 2.06632351875,
        "var": 15.8853158951
    },
    "barkbands_flatness_db": {
        "dmean": 0.0191687289625,
        "dmean2": 0.0301580335945,
        "dvar": 0.000274866324617,
        "dvar2": 0.000651069625746,
        "max": 0.298379421234,
        "mean": 0.113513991237,
        "median": 0.10950858891,
        "min": 0.0365377888083,
        "var": 0.00157297309488
    },
    "barkbands_kurtosis": {
        "dmean": 1.70793187618,
        "dmean2": 2.72530198097,
        "dvar": 7.09638643265,
        "dvar2": 17.4659805298,
        "max": 28.5856647491,
        "mean": 1.48292708397,
        "median": 0.013031244278,
        "min": -1.69255614281,
        "var": 14.7439613342
    },
    "barkbands_skewness": {
        "dmean": 0.479869514704,
        "dmean2": 0.730483412743,
        "dvar": 0.222780048847,
        "dvar2": 0.466205567122,
        "max": 4.54062318802,
        "mean": 1.12539565563,
        "median": 0.976388514042,
        "min": -1.14607012272,
        "var": 0.850767850876
    },
    "barkbands_spread": {
        "dmean": 5.85969400406,
        "dmean2": 8.84231090546,
        "dvar": 30.9985466003,
        "dvar2": 66.0199890137,
        "max": 69.9149246216,
        "mean": 30.1123542786,
        "median": 30.4455490112,
        "min": 3.02047228813,
        "var": 158.888092041
    },
    "dissonance": {
        "dmean": 0.0130218574777,
        "dmean2": 0.0217038895935,
        "dvar": 0.000164279364981,
        "dvar2": 0.000450292456662,
        "max": 0.49959179759,
        "mean": 0.474079787731,
        "median": 0.480143606663,
        "min": 0.306775897741,
        "var": 0.000475002889289
    },
    "dynamic_complexity": 1.17877805233,
    "erbbands_crest": {
        "dmean": 2.37823081017,
        "dmean2": 3.82987761497,
        "dvar": 5.53749275208,
        "dvar2": 12.3681240082,
        "max": 25.5191650391,
        "mean": 7.47838020325,
        "median": 6.30955791473,
        "min": 2.49430727959,
        "var": 15.5982513428
    },
    "erbbands_flatness_db": {
        "dmean": 0.0163112320006,
        "dmean2": 0.0224636793137,
        "dvar": 0.000233690487221,
        "dvar2": 0.000418493349571,
        "max": 0.3156234622,
        "mean": 0.145106002688,
        "median": 0.140579089522,
        "min": 0.0705502182245,
        "var": 0.00135989952832
    },
    "erbbands_kurtosis": {
        "dmean": 0.60052126646,
        "dmean2": 0.949037313461,
        "dvar": 0.79937595129,
        "dvar2": 1.91104090214,
        "max": 17.7976303101,
        "mean": -0.181891202927,
        "median": -0.522878885269,
        "min": -1.56302881241,
        "var": 1.80575561523
    },
    "erbbands_skewness": {
        "dmean": 0.303386509418,
        "dmean2": 0.463003247976,
        "dvar": 0.0679072514176,
        "dvar2": 0.158689931035,
        "max": 3.00076031685,
        "mean": 0.00182429410052,
        "median": -0.079887509346,
        "min": -2.5079972744,
        "var": 0.416014760733
    },
    "erbbands_spread": {
        "dmean": 7.16713285446,
        "dmean2": 10.6558389664,
        "dvar": 48.7309837341,
        "dvar2": 96.2593994141,
        "max": 96.0113220215,
        "mean": 41.4589996338,
        "median": 39.8974609375,
        "min": 6.21926546097,
        "var": 196.413467407
    },
    "hfc": {
        "dmean": 6.64018344879,
        "dmean2": 9.59048557281,
        "dvar": 53.0416946411,
        "dvar2": 103.534217834,
        "max": 97.5646972656,
        "mean": 33.4512062073,
        "median": 30.6599273682,
        "min": 0.795940876007,
        "var": 279.197875977
    },
    "melbands_crest": {
        "dmean": 3.66803860664,
        "dmean2": 6.05143499374,
        "dvar": 9.41737747192,
        "dvar2": 25.2089691162,
        "max": 30.2246513367,
        "mean": 13.3738050461,
        "median": 12.8953447342,
        "min": 4.00832986832,
        "var": 26.6833610535
    },
    "melbands_flatness_db": {
        "dmean": 0.0238818321377,
        "dmean2": 0.0364140607417,
        "dvar": 0.000504250347149,
        "dvar2": 0.00107593007851,
        "max": 0.381188005209,
        "mean": 0.15028758347,
        "median": 0.14599531889,
        "min": 0.0389090105891,
        "var": 0.0032838631887
    },
    "melbands_kurtosis": {
        "dmean": 5.25802612305,
        "dmean2": 8.19962692261,
        "dvar": 66.1774597168,
        "dvar2": 154.403701782,
        "max": 85.2825927734,
        "mean": 8.77144622803,
        "median": 4.75042533875,
        "min": -1.80677103996,
        "var": 132.188095093
    },
    "melbands_skewness": {
        "dmean": 0.674829125404,
        "dmean2": 1.02684152126,
        "dvar": 0.496431201696,
        "dvar2": 1.01283478737,
        "max": 8.51138019562,
        "mean": 2.33521533012,
        "median": 2.03771805763,
        "min": -0.0286711957306,
        "var": 1.77022123337
    },
    "melbands_spread": {
        "dmean": 9.00609493256,
        "dmean2": 13.7910203934,
        "dvar": 92.7581329346,
        "dvar2": 192.597854614,
        "max": 101.198272705,
        "mean": 33.6536903381,
        "median": 30.5643348694,
        "min": 3.4859764576,
        "var": 362.742431641
    },
    "pitch_salience": {
        "dmean": 0.0786704868078,
        "dmean2": 0.126188710332,
        "dvar": 0.00424268702045,
        "dvar2": 0.0109451813623,
        "max": 0.852134883404,
        "mean": 0.579227030277,
        "median": 0.587337911129,
        "min": 0.205597311258,
        "var": 0.0121358940378
    },
    "silence_rate_20dB": {
        "dmean": 0,
        "dmean2": 0,
        "dvar": 0,
        "dvar2": 0,
        "max": 1,
        "mean": 1,
        "median": 1,
        "min": 1,
        "var": 0
    },
    "silence_rate_30dB": {
        "dmean": 0,
        "dmean2": 0,
        "dvar": 0,
        "dvar2": 0,
        "max": 1,
        "mean": 1,
        "median": 1,
        "min": 1,
        "var": 0
    },
    "silence_rate_60dB": {
        "dmean": 0.00154798757285,
        "dmean2": 0.00309837330133,
        "dvar": 0.00154558185022,
        "dvar2": 0.00463791005313,
        "max": 1,
        "mean": 0.00077339517884,
        "median": 0,
        "min": 0,
        "var": 0.000772795465309
    },
    "spectral_centroid": {
        "dmean": 273.549591064,
        "dmean2": 414.43359375,
        "dvar": 69659.7734375,
        "dvar2": 142912.15625,
        "max": 3260.8515625,
        "mean": 1858.21887207,
        "median": 1925.38366699,
        "min": 383.300445557,
        "var": 420652
    },
    "spectral_complexity": {
        "dmean": 5.04566574097,
        "dmean2": 7.53369474411,
        "dvar": 20.6798152924,
        "dvar2": 41.7716751099,
        "max": 57,
        "mean": 31.2768745422,
        "median": 31,
        "min": 3,
        "var": 118.218734741
    },
    "spectral_decrease": {
        "dmean": 2.55523180392e-09,
        "dmean2": 4.0299199533e-09,
        "dvar": 8.87656862472e-18,
        "dvar2": 1.99614911093e-17,
        "max": -4.18765105925e-10,
        "mean": -8.30218205294e-09,
        "median": -7.53697726452e-09,
        "min": -2.79666796388e-08,
        "var": 1.81067387633e-17
    },
    "spectral_energy": {
        "dmean": 0.00997050106525,
        "dmean2": 0.0156401656568,
        "dvar": 0.000130162181449,
        "dvar2": 0.000292533426546,
        "max": 0.108871735632,
        "mean": 0.0343684405088,
        "median": 0.0315909385681,
        "min": 0.00165270827711,
        "var": 0.000271210999927
    },
    "spectral_energyband_high": {
        "dmean": 0.000546604103874,
        "dmean2": 0.000764697673731,
        "dvar": 4.5895257017e-07,
        "dvar2": 8.83816198893e-07,
        "max": 0.00845964532346,
        "mean": 0.00192265352234,
        "median": 0.00169449776877,
        "min": 1.82465896614e-06,
        "var": 2.29745864999e-06
    },
    "spectral_energyband_low": {
        "dmean": 0.00662838947028,
        "dmean2": 0.0106723066419,
        "dvar": 0.00010711554205,
        "dvar2": 0.000256345083471,
        "max": 0.0826237350702,
        "mean": 0.0121044777334,
        "median": 0.00701173115522,
        "min": 4.51116238764e-06,
        "var": 0.000211303442484
    },
    "spectral_energyband_middle_high": {
        "dmean": 0.00193923176266,
        "dmean2": 0.00293719791807,
        "dvar": 4.44092484031e-06,
        "dvar2": 9.49999048316e-06,
        "max": 0.0385188423097,
        "mean": 0.00813790597022,
        "median": 0.00683186855167,
        "min": 0.000122073892271,
        "var": 2.75697002508e-05
    },
    "spectral_energyband_middle_low": {
        "dmean": 0.00654514087364,
        "dmean2": 0.0103257903829,
        "dvar": 7.07231229171e-05,
        "dvar2": 0.000174807908479,
        "max": 0.0668998807669,
        "mean": 0.0140756852925,
        "median": 0.0113113159314,
        "min": 0.000511917052791,
        "var": 0.000106918967504
    },
    "spectral_entropy": {
        "dmean": 0.113257288933,
        "dmean2": 0.162214070559,
        "dvar": 0.0125610493124,
        "dvar2": 0.0249624401331,
        "max": 8.48949146271,
        "mean": 7.81418514252,
        "median": 7.8588385582,
        "min": 6.18538045883,
        "var": 0.0970549061894
    },
    "spectral_flux": {
        "dmean": 0.0253454279155,
        "dmean2": 0.0403661504388,
        "dvar": 0.000745467201341,
        "dvar2": 0.00156694243196,
        "max": 0.267099559307,
        "mean": 0.10818208009,
        "median": 0.101426012814,
        "min": 0.026602268219,
        "var": 0.00155521661509
    },
    "spectral_kurtosis": {
        "dmean": 0.965371131897,
        "dmean2": 1.63690006733,
        "dvar": 1.90602171421,
        "dvar2": 5.13820838928,
        "max": 33.8475875854,
        "mean": 3.19956469536,
        "median": 2.59824609756,
        "min": -0.163175821304,
        "var": 5.65524148941
    },
    "spectral_rms": {
        "dmean": 0.000811570556834,
        "dmean2": 0.00126500590704,
        "dvar": 7.08293725893e-07,
        "dvar2": 1.52370887463e-06,
        "max": 0.0103061301634,
        "mean": 0.00562788313255,
        "median": 0.00555161479861,
        "min": 0.00126980245113,
        "var": 1.85710257483e-06
    },
    "spectral_rolloff": {
        "dmean": 614.046081543,
        "dmean2": 981.003295898,
        "dvar": 483989.5625,
        "dvar2": 1007191.375,
        "max": 8441.015625,
        "mean": 2132.56982422,
        "median": 2067.1875,
        "min": 107.666015625,
        "var": 1858790.625
    },
    "spectral_skewness": {
        "dmean": 0.160304114223,
        "dmean2": 0.251904457808,
        "dvar": 0.02380383946,
        "dvar2": 0.0524880364537,
        "max": 4.06183338165,
        "mean": 1.21957421303,
        "median": 1.13825345039,
        "min": 0.5027166605,
        "var": 0.185587197542
    },
    "spectral_spread": {
        "dmean": 408004.15625,
        "dmean2": 576002.8125,
        "dvar": 207820783616,
        "dvar2": 357692080128,
        "max": 11927167,
        "mean": 4396624,
        "median": 4249154,
        "min": 1241713.125,
        "var": 822489382912
    },
    "spectral_strongpeak": {
        "dmean": 0.610282242298,
        "dmean2": 1.04676187038,
        "dvar": 1.17495191097,
        "dvar2": 2.79501438141,
        "max": 14.7762336731,
        "mean": 1.01940751076,
        "median": 0.518342673779,
        "min": 0.0256333388388,
        "var": 1.66623735428
    },
    "zerocrossingrate": {
        "dmean": 0.0104961572215,
        "dmean2": 0.0119880419225,
        "dvar": 9.48317247094e-05,
        "dvar2": 0.000107412750367,
        "max": 0.2109375,
        "mean": 0.0779667720199,
        "median": 0.07421875,
        "min": 0.01708984375,
        "var": 0.00103251077235
    },
    "barkbands": {
        "dmean": [0.00035800357, 0.0042959023267, 0.00242633372545, 0.00227221054956, 0.00268341763876, 0.00145793252159, 0.00177657138556, 0.00127347034868, 0.000770928047132, 0.000535267929081, 0.000457855610875, 0.000518948247191, 0.000447442143923, 0.000386186584365, 0.000397055962821, 0.000396052928409, 0.000664556690026, 0.000284998764982, 0.000335032149451, 0.000245745148277, 0.000197402070626, 0.000154850014951, 0.00010983228276, 0.000110423658043, 4.54326582258e-05, 4.32152919529e-05, 4.45481447287e-08],
        "dmean2": [0.000611227238551, 0.00739387515932, 0.00392756285146, 0.00364121817984, 0.00477294484153, 0.00243329629302, 0.0028900729958, 0.0019767859485, 0.00129140843637, 0.000873833661899, 0.000715596310329, 0.000844348047394, 0.000712282082532, 0.000615412835032, 0.000641144055407, 0.000637807243038, 0.00106475001667, 0.000460452982225, 0.000542726600543, 0.000405064027291, 0.00031147734262, 0.000235873070778, 0.000159259696375, 0.000157404705533, 6.88614745741e-05, 6.54329560348e-05, 7.59092557701e-08],
        "dvar": [3.88577461763e-07, 5.81093336223e-05, 1.7920645405e-05, 1.37243041536e-05, 3.69997978851e-05, 5.22096570421e-06, 6.89031867296e-06, 3.75772333427e-06, 1.12756595172e-06, 6.61371075239e-07, 4.51616472219e-07, 1.08744882255e-06, 7.85213842391e-07, 3.39160180829e-07, 4.05695715244e-07, 3.86635377936e-07, 1.32359161853e-06, 1.18728365806e-07, 1.78702947551e-07, 8.74875567547e-08, 5.24857064477e-08, 4.37890079752e-08, 2.26168044293e-08, 3.49732545146e-08, 9.74613989513e-09, 7.51751283445e-09, 1.44767637683e-14],
        "dvar2": [1.05224762592e-06, 0.000168708473211, 4.12646295445e-05, 3.2852323784e-05, 0.000105920975329, 1.38470068123e-05, 1.78202935786e-05, 8.26722771308e-06, 2.8859590202e-06, 1.6565036276e-06, 9.36323999667e-07, 2.70682926384e-06, 1.81426992185e-06, 7.71986151449e-07, 9.54422489485e-07, 8.26504049201e-07, 3.10136579174e-06, 2.95976462894e-07, 4.52107343563e-07, 2.35732926512e-07, 1.35749345986e-07, 9.90667103906e-08, 4.8635381944e-08, 7.44818962062e-08, 1.98307805732e-08, 1.78820283026e-08, 3.60979760081e-14],
        "max": [0.00421731127426, 0.0569720566273, 0.0425909683108, 0.0344418622553, 0.0531473681331, 0.0219233073294, 0.0315423645079, 0.030505945906, 0.0112628787756, 0.0122646009549, 0.0100752748549, 0.0197535417974, 0.0168831124902, 0.00739853316918, 0.00933836121112, 0.0122641930357, 0.0241953339428, 0.00378921651281, 0.00514344125986, 0.00462191691622, 0.00290245143697, 0.0029176720418, 0.00231927051209, 0.00217699725181, 0.00259108794853, 0.00126616039779, 1.55345662733e-06],
        "mean": [0.000418031588197, 0.00676115322858, 0.00322016584687, 0.00272158300504, 0.0028865695931, 0.00201964005828, 0.00300460634753, 0.00196497398429, 0.00119704334065, 0.000852484547067, 0.000747345213313, 0.000879953731783, 0.000810719910078, 0.000651840411592, 0.00072854856262, 0.00072762882337, 0.0012156018056, 0.000624804582912, 0.000768559693824, 0.000601687410381, 0.000548703072127, 0.00038208370097, 0.000274385383818, 0.000217130946112, 8.76816848177e-05, 5.55125589017e-05, 3.68839607745e-08],
        "median": [8.22264992166e-05, 0.00193981011398, 0.00148547207937, 0.00121805421077, 0.00140985881444, 0.00102006027009, 0.00110406219028, 0.000919278827496, 0.000691029650625, 0.000456709647551, 0.000405655824579, 0.000409909756854, 0.000317486585118, 0.000328791851643, 0.000406288774684, 0.000461190065835, 0.000781808106694, 0.000479953945614, 0.000645553867798, 0.000500689377077, 0.000503865070641, 0.000301281834254, 0.00018472483498, 0.00011683084449, 4.28306193498e-05, 2.01605835173e-05, 2.15425166594e-09],
        "min": [2.3904673796e-09, 1.36692904107e-07, 3.38934228239e-07, 1.11813051262e-06, 2.79835803667e-05, 9.42939186643e-06, 7.24583105693e-06, 1.16684550449e-05, 1.05407571027e-05, 2.45185083259e-06, 3.96910445488e-06, 2.80494668914e-06, 5.96894278715e-06, 5.52569508727e-06, 7.12618066245e-06, 5.14741532243e-06, 2.8719130114e-06, 3.31214505422e-06, 1.68799033418e-06, 1.24050666273e-06, 7.20420302969e-07, 2.03671888244e-07, 1.0360670899e-07, 6.30185112982e-08, 3.43940484981e-08, 9.77400278768e-12, 6.84007971791e-12],
        "var": [5.031810133e-07, 9.45712818066e-05, 2.43857266469e-05, 1.58589373314e-05, 2.46767485805e-05, 7.45322995499e-06, 1.76193170773e-05, 9.24176674744e-06, 2.01306283998e-06, 1.25297128761e-06, 1.174381282e-06, 2.54096312347e-06, 2.0593172394e-06, 8.3021257069e-07, 9.89009208752e-07, 8.81526148078e-07, 2.53369762504e-06, 2.94772519283e-07, 4.11266199762e-07, 2.46200926313e-07, 1.92111329511e-07, 1.24266307466e-07, 7.75312756218e-08, 7.65863390484e-08, 2.09477999391e-08, 9.32206223325e-09, 1.36821570783e-14]
    },
    "erbbands": {
        "dmean": [0.139509305358, 1.00900900364, 2.38306427002, 5.87549781799, 7.31831121445, 9.45045757294, 13.7469358444, 9.61407375336, 24.0796947479, 19.8775806427, 32.604434967, 18.3005008698, 14.7617397308, 16.8054180145, 16.778963089, 20.4513893127, 19.4158763885, 17.5376415253, 22.5648136139, 18.8656215668, 22.1462535858, 28.7358417511, 15.4141788483, 15.6092453003, 16.1315288544, 11.3216848373, 9.71920013428, 6.63359165192, 5.61672973633, 4.0932431221, 3.05938458443, 2.91697430611, 1.52127194405, 0.614690423012, 0.298082470894, 0.216910749674, 0.0982681363821, 0.00422419467941, 9.34277923079e-05, 1.48985709529e-05],
        "dmean2": [0.231092408299, 1.76254832745, 3.78258705139, 9.33067417145, 12.2691040039, 16.9427223206, 23.4965724945, 16.0698337555, 38.7968254089, 32.7686882019, 50.4601287842, 30.6780452728, 24.149597168, 27.0116977692, 25.4914608002, 33.0329093933, 29.9585380554, 27.4503498077, 36.2139053345, 30.6042346954, 35.0479393005, 46.097442627, 24.9015274048, 25.6215171814, 26.2697906494, 18.6923141479, 15.7252674103, 10.3285541534, 8.68141174316, 6.26434898376, 4.38992357254, 4.22292661667, 2.27907419205, 0.904080450535, 0.462033778429, 0.333753198385, 0.153556212783, 0.00656171375886, 0.00013918375771, 2.21116006287e-05],
        "dvar": [0.0620561204851, 3.13764238358, 18.4153327942, 95.7102508545, 219.2605896, 515.821228027, 561.723571777, 232.275344849, 1316.59350586, 1027.07019043, 2739.31591797, 595.544189453, 570.148376465, 684.887512207, 803.571899414, 1619.13452148, 1413.57775879, 820.832885742, 1301.31433105, 1032.85412598, 927.04296875, 2016.30895996, 321.733123779, 371.662780762, 492.270996094, 204.144515991, 136.757507324, 62.4595108032, 57.7287254333, 32.9007873535, 17.2964229584, 22.1824398041, 8.77784442902, 2.34953427315, 0.300470769405, 0.114346422255, 0.0765241906047, 0.00011082070705, 4.81022119914e-08, 3.49758277896e-10],
        "dvar2": [0.166566744447, 9.47553539276, 42.4993896484, 232.66859436, 578.84197998, 1483.19274902, 1470.70666504, 617.291381836, 3238.20336914, 2813.64672852, 6165.01953125, 1564.74291992, 1504.81176758, 1687.20910645, 1604.79187012, 4006.37792969, 3156.20483398, 1817.18237305, 2867.05395508, 2310.0300293, 2111.27856445, 4777.04589844, 796.685302734, 938.97088623, 1225.85791016, 550.526794434, 347.089599609, 155.235305786, 134.342590332, 74.1221160889, 34.9770050049, 45.6767425537, 21.5923938751, 4.8046245575, 0.692274391651, 0.259967982769, 0.191572025418, 0.000281538290437, 1.19366376339e-07, 7.50937034777e-10],
        "max": [2.26294732094, 11.9864683151, 51.7514038086, 88.562461853, 128.66809082, 214.043289185, 289.432403564, 139.661575317, 459.707427979, 467.954986572, 834.380554199, 222.610153198, 314.752288818, 520.33026123, 446.490692139, 739.441040039, 874.143127441, 398.886291504, 679.025085449, 495.121002197, 530.084777832, 894.093444824, 195.181381226, 301.451293945, 342.979827881, 282.420074463, 125.977104187, 95.7587509155, 101.47102356, 80.4221038818, 50.2519989014, 54.2938232422, 48.7356109619, 45.6900291443, 9.66993427277, 3.87814688683, 4.5611538887, 0.174528256059, 0.00360087351874, 0.000239555331063],
        "mean": [0.22276212275, 1.38695454597, 3.50485110283, 7.62837982178, 8.05588912964, 9.77698612213, 17.7395954132, 13.4962587357, 39.2520904541, 33.0458946228, 51.8011474609, 29.8664512634, 24.7365894318, 29.0620765686, 31.3486537933, 36.7089118958, 37.1956367493, 35.1447410583, 41.996711731, 37.2851753235, 47.4990310669, 57.9884300232, 36.8536262512, 36.0545349121, 36.239112854, 28.5370121002, 26.6684246063, 18.838104248, 13.7642717361, 10.6441497803, 7.17749118805, 5.69963979721, 2.79527521133, 1.22571396828, 0.506225764751, 0.289633542299, 0.110348910093, 0.00483161071315, 0.000135306632728, 5.08710727445e-05],
        "median": [0.0444046743214, 0.46494436264, 1.55852174759, 3.78820991516, 3.55028581619, 4.6852555275, 7.62676239014, 8.0689868927, 15.3704004288, 16.0737419128, 23.8592281342, 20.239030838, 13.1082239151, 17.3061447144, 17.9508075714, 18.4886951447, 15.5210103989, 17.1556415558, 25.1712474823, 23.586315155, 34.0560035706, 40.65184021, 29.0079669952, 30.1135349274, 30.5637931824, 23.7682800293, 24.0977535248, 17.4102630615, 10.9077758789, 7.5037894249, 4.51940202713, 3.1258046627, 1.42035508156, 0.588850438595, 0.258515864611, 0.119053326547, 0.0299975369126, 0.001392995473, 5.9892248828e-05, 4.4954369514e-05],
        "min": [3.36161720043e-05, 0.000493367842864, 0.00119717139751, 0.0211408250034, 0.0476983040571, 0.134037554264, 0.179899051785, 0.101322539151, 0.290662616491, 0.516304433346, 0.305038511753, 0.312400609255, 0.278452962637, 0.623506307602, 0.256071925163, 0.238380283117, 0.73584663868, 0.44066414237, 0.284805834293, 0.443691909313, 0.268626391888, 0.174306303263, 0.216748163104, 0.0830900669098, 0.115335859358, 0.0628757253289, 0.0384946130216, 0.0181378573179, 0.00815041549504, 0.00514033576474, 0.00249198335223, 0.00161851220764, 0.000783558003604, 0.000458725757198, 6.98775547789e-05, 2.01428792934e-05, 7.60811599321e-06, 1.35155642056e-06, 4.14692203776e-06, 2.22158701035e-06],
        "var": [0.120916120708, 4.13289356232, 27.0943565369, 111.097106934, 182.498413086, 328.737792969, 858.007324219, 262.585906982, 3020.65673828, 2252.70532227, 6537.74560547, 953.164428711, 1042.32836914, 1390.93859863, 2092.58325195, 3715.36694336, 4010.29394531, 2460.85595703, 3048.359375, 2304.76220703, 2280.06054688, 4118.59619141, 892.271850586, 914.928283691, 977.618408203, 572.34942627, 458.674987793, 238.432769775, 154.607910156, 107.433067322, 57.9368171692, 50.3092536926, 14.8060474396, 5.07223796844, 0.513604402542, 0.163656905293, 0.0746348053217, 0.000113546942885, 5.50349206208e-08, 7.07316705206e-10]
    },
    "gfcc": {
        "mean": [49.096321106, 76.8247375488, -132.876373291, 43.8783607483, -66.799369812, 14.0036687851, -41.1483955383, 12.9170198441, -22.6902008057, 4.29859304428, -18.2973861694, -0.263606458902, -13.9320135117],
        "cov": [[1410.14245605, -602.35369873, 99.1150131226, 160.276229858, 39.1123390198, 177.994064331, 59.6888656616, 71.3022537231, -132.520202637, 41.7595977783, -148.324432373, 54.28565979, -99.0222015381], [-602.35369873, 948.527404785, 141.342163086, -23.8783187866, 187.833511353, -44.7903251648, 43.5699806213, -42.236076355, 131.401855469, -10.3655920029, 178.457962036, -63.9532623291, 103.717735291], [99.1150131226, 141.342163086, 551.13079834, 158.934814453, 183.563705444, 133.810882568, 35.909362793, 65.9383621216, 8.27847194672, 39.3602981567, -25.755191803, 46.7465057373, -3.99675321579], [160.276229858, -23.8783187866, 158.934814453, 446.028381348, 218.525497437, 116.048728943, 187.630661011, 107.75202179, 78.7715301514, 24.9109916687, -27.9155750275, 13.2020711899, 53.0800552368], [39.1123390198, 187.833511353, 183.563705444, 218.525497437, 303.428222656, 136.121856689, 155.713592529, 86.2401046753, 62.382976532, 38.8671264648, 25.2134113312, 28.9837284088, 32.3319702148], [177.994064331, -44.7903251648, 133.810882568, 116.048728943, 136.121856689, 228.480911255, 125.432579041, 73.9899215698, 12.9539833069, 36.122543335, 14.6095790863, 25.2964324951, 1.81098735332], [59.6888656616, 43.5699806213, 35.909362793, 187.630661011, 155.713592529, 125.432579041, 261.256256104, 95.4585418701, 54.21484375, 44.4051094055, 18.7179450989, 27.9308643341, 16.5372219086], [71.3022537231, -42.236076355, 65.9383621216, 107.75202179, 86.2401046753, 73.9899215698, 95.4585418701, 136.726257324, 64.4649200439, 37.2440948486, -2.54894781113, 11.1337213516, 4.7236032486], [-132.520202637, 131.401855469, 8.27847194672, 78.7715301514, 62.382976532, 12.9539833069, 54.21484375, 64.4649200439, 131.994552612, 33.2620544434, 33.8113708496, -15.7563505173, 29.2498130798], [41.7595977783, -10.3655920029, 39.3602981567, 24.9109916687, 38.8671264648, 36.122543335, 44.4051094055, 37.2440948486, 33.2620544434, 78.9874649048, 29.3319396973, 20.2744617462, -1.35051202774], [-148.324432373, 178.457962036, -25.755191803, -27.9155750275, 25.2134113312, 14.6095790863, 18.7179450989, -2.54894781113, 33.8113708496, 29.3319396973, 115.120727539, 12.5724344254, 28.9349994659], [54.28565979, -63.9532623291, 46.7465057373, 13.2020711899, 28.9837284088, 25.2964324951, 27.9308643341, 11.1337213516, -15.7563505173, 20.2744617462, 12.5724344254, 81.2984085083, 9.17768859863], [-99.0222015381, 103.717735291, -3.99675321579, 53.0800552368, 32.3319702148, 1.81098735332, 16.5372219086, 4.7236032486, 29.2498130798, -1.35051202774, 28.9349994659, 9.17768859863, 78.1960830688]],
        "icov": [[0.00129633431789, 0.000100375254988, 0.000331717223162, -0.000692462781444, 4.55545196019e-05, -0.000923932646401, 0.000544846523553, -0.0004988774308, 0.00142214284278, -0.00117184815463, 0.00110432168003, -0.000428629398812, 0.00100240088068], [0.000100375254988, 0.00705318944529, -0.00416125915945, 0.0042894249782, -0.00540893524885, 0.0047853179276, -0.00434433203191, 0.00461958628148, -0.00444795843214, 0.00527123222128, -0.00886274687946, 0.00829460844398, -0.00552635546774], [0.000331717223162, -0.00416125915945, 0.00549504905939, -0.00336975906976, 0.00162801844999, -0.00424371706322, 0.00452695693821, -0.00321189220995, 0.00327755883336, -0.0043902862817, 0.00644159223884, -0.0062246164307, 0.00421469705179], [-0.000692462781444, 0.0042894249782, -0.00336975906976, 0.00809842627496, -0.00517025124282, 0.00353670236655, -0.00520749948919, 0.00260713463649, -0.00456839287654, 0.00420379592106, -0.00339358765632, 0.00600438099355, -0.00690367864445], [4.55545196019e-05, -0.00540893524885, 0.00162801844999, -0.00517025124282, 0.0117986509576, -0.00522628426552, 0.00140027899761, -0.00364675768651, 0.00242437445559, -0.00356351607479, 0.00529592018574, -0.00684059085324, 0.00386638217606], [-0.000923932646401, 0.0047853179276, -0.00424371706322, 0.00353670236655, -0.00522628426552, 0.0119103649631, -0.00579065224156, 0.00125627382658, -0.00159882195294, 0.00386954145506, -0.00830273702741, 0.00669936882332, -0.00415010377765], [0.000544846523553, -0.00434433203191, 0.00452695693821, -0.00520749948919, 0.00140027899761, -0.00579065224156, 0.0116252405569, -0.0052548199892, 0.00331731070764, -0.0050874017179, 0.00540768448263, -0.00701366364956, 0.00512590585276], [-0.0004988774308, 0.00461958628148, -0.00321189220995, 0.00260713463649, -0.00364675768651, 0.00125627382658, -0.0052548199892, 0.0176023151726, -0.00977151468396, 0.00176227500197, -0.0033572698012, 0.00418859394267, -0.00273000216112], [0.00142214284278, -0.00444795843214, 0.00327755883336, -0.00456839287654, 0.00242437445559, -0.00159882195294, 0.00331731070764, -0.00977151468396, 0.0192453395575, -0.0084770321846, 0.00351137667894, -0.000607650203165, 0.00131922902074], [-0.00117184815463, 0.00527123222128, -0.0043902862817, 0.00420379592106, -0.00356351607479, 0.00386954145506, -0.0050874017179, 0.00176227500197, -0.0084770321846, 0.0241874717176, -0.012091008015, 0.00270291464403, -0.00145486765541], [0.00110432168003, -0.00886274687946, 0.00644159223884, -0.00339358765632, 0.00529592018574, -0.00830273702741, 0.00540768448263, -0.0033572698012, 0.00351137667894, -0.012091008015, 0.0260038357228, -0.0122449127957, 0.00314102112316], [-0.000428629398812, 0.00829460844398, -0.0062246164307, 0.00600438099355, -0.00684059085324, 0.00669936882332, -0.00701366364956, 0.00418859394267, -0.000607650203165, 0.00270291464403, -0.0122449127957, 0.0261705312878, -0.0103016523644], [0.00100240088068, -0.00552635546774, 0.00421469705179, -0.00690367864445, 0.00386638217606, -0.00415010377765, 0.00512590585276, -0.00273000216112, 0.00131922902074, -0.00145486765541, 0.00314102112316, -0.0103016523644, 0.0233960170299]]
    },
    "melbands": {
        "dmean": [0.00116877024993, 0.00117332639638, 0.000957500480581, 0.000619644823018, 0.000443228258519, 0.000232943828451, 0.00036842157715, 0.000205120566534, 0.000269732205197, 0.000106000006781, 7.50813851482e-05, 7.01327589923e-05, 5.76443926548e-05, 6.03058651905e-05, 4.56503366877e-05, 4.60802220914e-05, 3.4991393477e-05, 3.89674387407e-05, 2.87784059765e-05, 3.08663475153e-05, 3.1507192034e-05, 3.92256915802e-05, 1.82913463505e-05, 1.51864396685e-05, 1.40320053106e-05, 1.48697872646e-05, 8.91362105904e-06, 8.79244635144e-06, 7.27256247046e-06, 5.67983761357e-06, 3.85799421565e-06, 3.64063498637e-06, 3.02879038827e-06, 2.40394228967e-06, 1.83154600109e-06, 1.83350334737e-06, 2.0727447918e-06, 1.28727606352e-06, 7.43179668916e-07, 5.00573776208e-07],
        "dmean2": [0.00198792968877, 0.00191310595255, 0.00149997079279, 0.00109246768989, 0.00076378765516, 0.000387476960896, 0.000600316445343, 0.000336011464242, 0.000420146388933, 0.000177721274667, 0.000122882731375, 0.000112266272481, 8.85602639755e-05, 9.49065652094e-05, 7.32720873202e-05, 7.30865285732e-05, 5.51812954654e-05, 6.24885942671e-05, 4.66018900624e-05, 4.93802072015e-05, 4.96135471622e-05, 6.30596332485e-05, 2.95478112093e-05, 2.48770120379e-05, 2.29792021855e-05, 2.44871662289e-05, 1.47818291225e-05, 1.45332387547e-05, 1.19759070003e-05, 9.31719841901e-06, 6.06611092735e-06, 5.84925373914e-06, 4.65260745841e-06, 3.7667352899e-06, 2.71461999546e-06, 2.70131022262e-06, 3.05399021272e-06, 2.00341719392e-06, 1.15348291274e-06, 7.52024220674e-07],
        "dvar": [4.39341192759e-06, 4.12330473409e-06, 2.30939122048e-06, 2.22012045015e-06, 5.47752676994e-07, 1.26340140127e-07, 3.06060286448e-07, 9.95771785028e-08, 1.82659576353e-07, 2.08940900137e-08, 1.47962175845e-08, 1.19694485434e-08, 7.43396411096e-09, 1.54169388367e-08, 6.61522037149e-09, 1.05893063207e-08, 3.19332205123e-09, 4.29258850687e-09, 2.57507637436e-09, 3.02027602928e-09, 2.51083220881e-09, 4.74891548308e-09, 5.42916767099e-10, 5.03167618682e-10, 3.33069433145e-10, 4.36656488745e-10, 1.13493173193e-10, 1.28768981589e-10, 8.21292339692e-11, 4.94796287276e-11, 2.18933777357e-11, 2.61317027045e-11, 1.86845868638e-11, 1.21306237624e-11, 6.24424687304e-12, 6.73071711213e-12, 1.36590990255e-11, 6.70120512899e-12, 3.06706266287e-12, 1.47288594082e-12],
        "dvar2": [1.25205970107e-05, 9.70646578935e-06, 5.18894876222e-06, 6.3054317252e-06, 1.46225409026e-06, 3.35859141387e-07, 7.53393862851e-07, 2.6138928888e-07, 4.25504453005e-07, 5.51517125302e-08, 3.87977081573e-08, 2.95684881024e-08, 1.44104834732e-08, 3.60971093016e-08, 1.66256484135e-08, 2.41550317526e-08, 6.95763002767e-09, 9.52524992215e-09, 6.46578612873e-09, 6.16768858208e-09, 5.80845638254e-09, 1.12924878337e-08, 1.33797684043e-09, 1.23682375452e-09, 8.40566727334e-10, 1.10721676272e-09, 2.97444374686e-10, 3.50934614701e-10, 2.07368511251e-10, 1.32693703248e-10, 5.27521498705e-11, 6.5149718953e-11, 4.24568158408e-11, 3.06115965909e-11, 1.30174924659e-11, 1.46535041046e-11, 2.96553753776e-11, 1.74254187468e-11, 7.88238571636e-12, 2.61227606387e-12],
        "max": [0.0178982988, 0.0227739494294, 0.0142684131861, 0.0127536254004, 0.00799318682402, 0.00330541864969, 0.00714686047286, 0.00429188646376, 0.00622841157019, 0.00132019189186, 0.00160929607227, 0.00222819903865, 0.00153600692283, 0.00296838954091, 0.00108441803604, 0.00206475635059, 0.000743652111851, 0.00125407718588, 0.000786698190495, 0.00115719635505, 0.00102600036189, 0.00143574830145, 0.000265250593657, 0.000288716430077, 0.000296003039693, 0.000290936994134, 0.000125316291815, 0.000197206813027, 9.86599916359e-05, 7.39638562663e-05, 5.48080752196e-05, 7.45519791963e-05, 5.51550947421e-05, 5.48323041585e-05, 2.92034183076e-05, 2.64967438852e-05, 4.19320676883e-05, 3.59497098543e-05, 4.20390279032e-05, 3.83261867682e-05],
        "mean": [0.00190151331481, 0.00188036379404, 0.0013019106118, 0.00063992489595, 0.000562745437492, 0.000324743974488, 0.000617892947048, 0.000341783073964, 0.000419368152507, 0.000166135068866, 0.000120437594887, 0.000116357463412, 0.000100030149042, 0.000105909319245, 7.79503970989e-05, 8.39337953948e-05, 6.21007566224e-05, 6.65279512759e-05, 5.18699380336e-05, 5.37897503818e-05, 5.9747872001e-05, 7.02823745087e-05, 3.78088734578e-05, 2.98952218145e-05, 2.8547945476e-05, 2.97847873298e-05, 1.97090885194e-05, 1.91599174286e-05, 1.79551552719e-05, 1.37261286e-05, 9.92687091639e-06, 8.10866913525e-06, 6.52665175949e-06, 5.76341926717e-06, 4.18355739384e-06, 3.48407593265e-06, 3.61352249456e-06, 2.11193287214e-06, 1.33380513034e-06, 9.15533121315e-07],
        "median": [0.000474868546007, 0.000869904062711, 0.000666402629577, 0.00029551688931, 0.000254179380136, 0.000187811034266, 0.000234777660808, 0.000183828000445, 0.000185818818863, 0.000103537466202, 5.90667768847e-05, 6.74693001201e-05, 5.79430197831e-05, 4.74866465083e-05, 3.90980858356e-05, 3.16971600114e-05, 2.98150353046e-05, 3.88246189686e-05, 2.96010948659e-05, 3.06261936203e-05, 3.88302105421e-05, 4.59479051642e-05, 2.59557418758e-05, 2.17753586185e-05, 2.2278229153e-05, 2.36829091591e-05, 1.63723161677e-05, 1.47454647959e-05, 1.55138677655e-05, 1.20871700346e-05, 8.9203913376e-06, 6.31223883829e-06, 4.51529967904e-06, 3.88384432881e-06, 2.66911115432e-06, 1.98042016564e-06, 1.80150823326e-06, 1.03458205558e-06, 6.10173003679e-07, 4.15793493858e-07],
        "min": [4.66161047541e-08, 3.06259124727e-07, 5.3643125284e-06, 2.02283081308e-06, 6.99594693288e-06, 1.5343666746e-06, 1.80507106506e-06, 4.73652789879e-06, 2.31759418057e-06, 1.50928372022e-06, 7.74252782776e-07, 1.45214573877e-06, 7.23589096197e-07, 2.82072846858e-07, 1.23672657537e-06, 4.9591625384e-07, 4.71338381658e-07, 3.46614513091e-07, 5.77207970309e-07, 4.37397943642e-07, 3.52738368292e-07, 1.87320281952e-07, 8.80462280861e-08, 1.51771445189e-07, 4.85099462821e-08, 8.27372161893e-08, 6.16143509546e-08, 3.60914995667e-08, 2.42653417359e-08, 1.64536988478e-08, 6.50788845036e-09, 4.43874137446e-09, 2.71423772347e-09, 2.344661576e-09, 1.21564991407e-09, 8.80576889184e-10, 8.58688398164e-10, 4.70738670266e-10, 5.01255814633e-10, 3.46755874014e-10],
