{
"highlevel": {
    "danceability": {
        "all": {
            "danceable": 0.849932968616,
            "not_danceable": 0.150067061186
        },
        "probability": 0.849932968616,
        "value": "danceable"
    },
    "gender": {
        "all": {
            "female": 0.471105724573,
            "male": 0.528894305229
        },
        "probability": 0.528894305229,
        "value": "male"
    },
    "genre_dortmund": {
        "all": {
            "alternative": 0.163370549679,
            "blues": 0.0247367527336,
            "electronic": 0.0204385649413,
            "folkcountry": 0.135428696871,
            "funksoulrnb": 0.00768447853625,
            "jazz": 0.023503864184,
            "pop": 0.0967708900571,
            "raphiphop": 0.00246005528606,
            "rock": 0.525606155396
        },
        "probability": 0.525606155396,
        "value": "rock"
    },
    "genre_electronic": {
        "all": {
            "ambient": 0.32011064887,
            "dnb": 0.141640275717,
            "house": 0.0605315379798,
            "techno": 0.0371786318719,
            "trance": 0.440538913012
        },
        "probability": 0.440538913012,
        "value": "trance"
    },
    "genre_rosamerica": {
        "all": {
            "cla": 0.00738290231675,
            "dan": 0.12654364109,
            "hip": 0.00969730317593,
            "jaz": 0.0165964905173,
            "pop": 0.16443811357,
            "rhy": 0.0215040203184,
            "roc": 0.648116528988,
            "spe": 0.00572100421414
        },
        "probability": 0.648116528988,
        "value": "roc"
    },
    "genre_tzanetakis": {
        "all": {
            "blu": 0.0626541376114,
            "cla": 0.0348133966327,
            "cou": 0.0783501937985,
            "dis": 0.104547761381,
            "hip": 0.15693578124,
            "jaz": 0.313987255096,
            "met": 0.044816005975,
            "pop": 0.0627349764109,
            "reg": 0.0627352520823,
            "roc": 0.0784252434969
        },
        "probability": 0.313987255096,
        "value": "jaz"
    },
    "ismir04_rhythm": {
        "all": {
            "ChaChaCha": 0.189387381077,
            "Jive": 0.347361862659,
            "Quickstep": 0.0363741628826,
            "Rumba-American": 0.0169735364616,
            "Rumba-International": 0.155673518777,
            "Rumba-Misc": 0.00982417631894,
            "Samba": 0.107514061034,
            "Tango": 0.011018525809,
            "VienneseWaltz": 0.104499474168,
            "Waltz": 0.0213732905686
        },
        "probability": 0.347361862659,
        "value": "Jive"
    },
    "mood_acoustic": {
        "all": {
            "acoustic": 0.0661867856979,
            "not_acoustic": 0.933813214302
        },
        "probability": 0.933813214302,
        "value": "not_acoustic"
    },
    "mood_aggressive": {
        "all": {
            "aggressive": 0.267766475677,
            "not_aggressive": 0.732233524323
        },
        "probability": 0.732233524323,
        "value": "not_aggressive"
    },
    "mood_electronic": {
        "all": {
            "electronic": 0.533375263214,
            "not_electronic": 0.466624736786
        },
        "probability": 0.533375263214,
        "value": "electronic"
    },
    "mood_happy": {
        "all": {
            "happy": 0.7232401371,
            "not_happy": 0.2767598629
        },
        "probability": 0.7232401371,
        "value": "happy"
    },
    "mood_party": {
        "all": {
            "not_party": 0.743412196636,
            "party": 0.256587803364
        },
        "probability": 0.743412196636,
        "value": "not_party"
    },
    "mood_relaxed": {
        "all": {
            "not_relaxed": 0.8122215271,
            "relaxed": 0.187778487802
        },
        "probability": 0.8122215271,
        "value": "not_relaxed"
    },
    "mood_sad": {
        "all": {
            "not_sad": 0.384791612625,
            "sad": 0.615208387375
        },
        "probability": 0.615208387375,
        "value": "sad"
    },
    "moods_mirex": {
        "all": {
            "Cluster1": 0.57665604353,
            "Cluster2": 0.138953045011,
            "Cluster3": 0.106627382338,
            "Cluster4": 0.0883178785443,
            "Cluster5": 0.0894456282258
        },
        "probability": 0.57665604353,
        "value": "Cluster1"
    },
    "timbre": {
        "all": {
            "bright": 0.995230734348,
            "dark": 0.00476927496493
        },
        "probability": 0.995230734348,
        "value": "bright"
    },
    "tonal_atonal": {
        "all": {
            "atonal": 0.00237060454674,
            "tonal": 0.997629404068
        },
        "probability": 0.997629404068,
        "value": "tonal"
    },
    "voice_instrumental": {
        "all": {
            "instrumental": 0.00328512722626,
            "voice": 0.996714890003
        },
        "probability": 0.996714890003,
        "value": "voice"
    }
},
"lowlevel": {
    "average_loudness": 0.981653928757,
    "barkbands_crest": {
        "dmean": 2.42046022415,
        "dmean2": 3.84509301186,
        "dvar": 5.50247955322,
        "dvar2": 12.6714773178,
        "max": 23.9002056122,
        "mean": 10.2803277969,
        "median": 9.29449081421,
        "min": 3.08214735985,
        "var": 20.3721446991
    },
    "barkbands_flatness_db": {
        "dmean": 0.0182688012719,
        "dmean2": 0.0285493209958,
        "dvar": 0.000257164792856,
        "dvar2": 0.000616512261331,
        "max": 0.372036337852,
        "mean": 0.145687386394,
        "median": 0.127451479435,
        "min": 0.0634990483522,
        "var": 0.00293604633771
    },
    "barkbands_kurtosis": {
        "dmean": 2.62381625175,
        "dmean2": 4.13071775436,
        "dvar": 15.0772562027,
        "dvar2": 36.555519104,
        "max": 65.9555435181,
        "mean": 5.07944726944,
        "median": 3.39842653275,
        "min": -1.30724108219,
        "var": 35.177116394
    },
    "barkbands_skewness": {
        "dmean": 0.45602530241,
        "dmean2": 0.693027794361,
        "dvar": 0.198603153229,
        "dvar2": 0.457031488419,
        "max": 7.65026044846,
        "mean": 1.91917812824,
        "median": 1.81652808189,
        "min": -0.204303771257,
        "var": 0.86358487606
    },
    "barkbands_spread": {
        "dmean": 4.53931856155,
        "dmean2": 7.06325626373,
        "dvar": 24.8665008545,
        "dvar2": 49.8169059753,
        "max": 80.3048095703,
        "mean": 21.1054153442,
        "median": 19.9978923798,
        "min": 2.67295670509,
        "var": 106.858215332
    },
    "dissonance": {
        "dmean": 0.015810450539,
        "dmean2": 0.0261026695371,
        "dvar": 0.000227387849009,
        "dvar2": 0.000611566123553,
        "max": 0.498046308756,
        "mean": 0.461647629738,
        "median": 0.46623262763,
        "min": 0.340141445398,
        "var": 0.000581743253861
    },
    "dynamic_complexity": 1.59519231319,
    "erbbands_crest": {
        "dmean": 2.39466834068,
        "dmean2": 3.83410692215,
        "dvar": 5.41319942474,
        "dvar2": 13.3054866791,
        "max": 28.1679191589,
        "mean": 8.64760303497,
        "median": 7.71748828888,
        "min": 2.69485211372,
        "var": 15.4334926605
    },
    "erbbands_flatness_db": {
        "dmean": 0.0119223529473,
        "dmean2": 0.0175558123738,
        "dvar": 0.000142137607327,
        "dvar2": 0.000288851064397,
        "max": 0.27059289813,
        "mean": 0.127634063363,
        "median": 0.121050916612,
        "min": 0.0625662654638,
        "var": 0.00120079086628
    },
    "erbbands_kurtosis": {
        "dmean": 0.692762553692,
        "dmean2": 1.09043562412,
        "dvar": 1.146723032,
        "dvar2": 2.6047706604,
        "max": 19.9217643738,
        "mean": 0.528127014637,
        "median": -0.0542232990265,
        "min": -1.60294556618,
        "var": 3.44043469429
    },
    "erbbands_skewness": {
        "dmean": 0.289709836245,
        "dmean2": 0.437886297703,
        "dvar": 0.0861419141293,
        "dvar2": 0.173349410295,
        "max": 3.98063826561,
        "mean": 0.52483779192,
        "median": 0.536515951157,
        "min": -2.89562153816,
        "var": 0.395814985037
    },
    "erbbands_spread": {
        "dmean": 7.01907014847,
        "dmean2": 10.5072984695,
        "dvar": 53.3638877869,
        "dvar2": 114.927841187,
        "max": 137.991424561,
        "mean": 43.2811546326,
        "median": 41.1026306152,
        "min": 9.45771408081,
        "var": 301.499237061
    },
    "hfc": {
        "dmean": 4.82022285461,
        "dmean2": 7.02484846115,
        "dvar": 30.6833553314,
        "dvar2": 63.5734519958,
        "max": 64.2522735596,
        "mean": 27.4500637054,
        "median": 27.7510929108,
        "min": 1.57952821255,
        "var": 174.167907715
    },
    "melbands_crest": {
        "dmean": 3.0015335083,
        "dmean2": 4.78402614594,
        "dvar": 8.86640262604,
        "dvar2": 21.8907318115,
        "max": 26.6045684814,
        "mean": 13.9919033051,
        "median": 13.353966713,
        "min": 5.39617872238,
        "var": 19.968963623
    },
    "melbands_flatness_db": {
        "dmean": 0.0222656559199,
        "dmean2": 0.0335668288171,
        "dvar": 0.000413012428908,
        "dvar2": 0.000893754360732,
        "max": 0.493639856577,
        "mean": 0.203315913677,
        "median": 0.185925722122,
        "min": 0.0672348290682,
        "var": 0.00419525336474
    },
    "melbands_kurtosis": {
        "dmean": 6.70842599869,
        "dmean2": 10.2596511841,
        "dvar": 105.782081604,
        "dvar2": 233.971557617,
        "max": 251.303527832,
        "mean": 15.8799743652,
        "median": 11.6512784958,
        "min": -0.901534557343,
        "var": 276.669342041
    },
    "melbands_skewness": {
        "dmean": 0.657986879349,
        "dmean2": 0.965877354145,
        "dvar": 0.403795212507,
        "dvar2": 0.892053723335,
        "max": 11.6939821243,
        "mean": 3.00526833534,
        "median": 2.86360359192,
        "min": 0.056143052876,
        "var": 2.01657962799
    },
    "melbands_spread": {
        "dmean": 4.48250484467,
        "dmean2": 6.9348654747,
        "dvar": 18.9080238342,
        "dvar2": 43.5989379883,
        "max": 68.6654129028,
        "mean": 18.0487422943,
        "median": 16.690946579,
        "min": 1.67184579372,
        "var": 91.4923782349
    },
    "pitch_salience": {
        "dmean": 0.0667268708348,
        "dmean2": 0.107244893909,
        "dvar": 0.0038221955765,
        "dvar2": 0.00949609279633,
        "max": 0.802796006203,
        "mean": 0.537226915359,
        "median": 0.548946321011,
        "min": 0.148087382317,
        "var": 0.012962475419
    },
    "silence_rate_20dB": {
        "dmean": 0,
        "dmean2": 0,
        "dvar": 0,
        "dvar2": 0,
        "max": 1,
        "mean": 1,
        "median": 1,
        "min": 1,
        "var": 0
    },
    "silence_rate_30dB": {
        "dmean": 0.0061919502914,
        "dmean2": 0.0123934932053,
        "dvar": 0.0061534862034,
        "dvar2": 0.0168877318501,
        "max": 1,
        "mean": 0.996133029461,
        "median": 1,
        "min": 0,
        "var": 0.00385197601281
    },
    "silence_rate_60dB": {
        "dmean": 0,
        "dmean2": 0,
        "dvar": 0,
        "dvar2": 0,
        "max": 0,
        "mean": 0,
        "median": 0,
        "min": 0,
        "var": 0
    },
    "spectral_centroid": {
        "dmean": 191.590698242,
        "dmean2": 305.097717285,
        "dvar": 44570.2421875,
        "dvar2": 89727.8984375,
        "max": 3904.73535156,
        "mean": 1079.06262207,
        "median": 1010.10681152,
        "min": 302.524078369,
        "var": 196013.359375
    },
    "spectral_complexity": {
        "dmean": 3.18962860107,
        "dmean2": 5.04957389832,
        "dvar": 9.56698322296,
        "dvar2": 22.9580116272,
        "max": 48,
        "mean": 23.2080440521,
        "median": 25,
        "min": 4,
        "var": 65.9313278198
    },
    "spectral_decrease": {
        "dmean": 3.0275515428e-09,
        "dmean2": 4.56948745509e-09,
        "dvar": 1.21763649689e-17,
        "dvar2": 2.702356875e-17,
        "max": -2.40533615248e-09,
        "mean": -1.14461302658e-08,
        "median": -1.02185477857e-08,
        "min": -4.19311554367e-08,
        "var": 2.84697468129e-17
    },
    "spectral_energy": {
        "dmean": 0.0116661144421,
        "dmean2": 0.0175763890147,
        "dvar": 0.000176950605237,
        "dvar2": 0.000391678360756,
        "max": 0.160597577691,
        "mean": 0.0456902086735,
        "median": 0.0413346253335,
        "min": 0.0108353476971,
        "var": 0.000428351428127
    },
    "spectral_energyband_high": {
        "dmean": 0.0002928742324,
        "dmean2": 0.00043568451656,
        "dvar": 2.29598413171e-07,
        "dvar2": 4.39441322442e-07,
        "max": 0.00589023949578,
        "mean": 0.00110330514144,
        "median": 0.000936714233831,
        "min": 1.75085105525e-07,
        "var": 8.70149619914e-07
    },
    "spectral_energyband_low": {
        "dmean": 0.00860791746527,
        "dmean2": 0.0130550982431,
        "dvar": 0.000154784065671,
        "dvar2": 0.000322882115142,
        "max": 0.15175563097,
        "mean": 0.0200353190303,
        "median": 0.0154202645645,
        "min": 0.000804626091849,
        "var": 0.000274525053101
    },
    "spectral_energyband_middle_high": {
        "dmean": 0.00170918076765,
        "dmean2": 0.00250190054066,
        "dvar": 4.10241773352e-06,
        "dvar2": 9.13146141102e-06,
        "max": 0.0297950096428,
        "mean": 0.00635398458689,
        "median": 0.00504599418491,
        "min": 2.77331764664e-05,
        "var": 2.72416655207e-05
    },
    "spectral_energyband_middle_low": {
        "dmean": 0.00753396237269,
        "dmean2": 0.0121206771582,
        "dvar": 9.16085045901e-05,
        "dvar2": 0.000224624396651,
        "max": 0.117933914065,
        "mean": 0.0214847177267,
        "median": 0.0188475884497,
        "min": 0.000468727899715,
        "var": 0.000190754144569
    },
    "spectral_entropy": {
        "dmean": 0.125669792295,
        "dmean2": 0.193450391293,
        "dvar": 0.0175299569964,
        "dvar2": 0.0356842912734,
        "max": 8.47175502777,
        "mean": 7.64040088654,
        "median": 7.72846364975,
        "min": 5.88074350357,
        "var": 0.153167769313
    },
    "spectral_flux": {
        "dmean": 0.0277386214584,
        "dmean2": 0.0412217117846,
        "dvar": 0.000738644448575,
        "dvar2": 0.0016416599974,
        "max": 0.29597607255,
        "mean": 0.100826583803,
        "median": 0.0934169813991,
        "min": 0.010344508104,
        "var": 0.00239414069802
    },
    "spectral_kurtosis": {
        "dmean": 1.00127649307,
        "dmean2": 1.6356960535,
        "dvar": 5.34223651886,
        "dvar2": 14.9152107239,
        "max": 50.7138938904,
        "mean": 3.79555583,
        "median": 3.43827629089,
        "min": -0.752159118652,
        "var": 10.3762712479
    },
    "spectral_rms": {
        "dmean": 0.000803615374025,
        "dmean2": 0.0011935075745,
        "dvar": 6.5934699478e-07,
        "dvar2": 1.43463353197e-06,
        "max": 0.0125172100961,
        "mean": 0.00651940703392,
        "median": 0.00635031191632,
        "min": 0.00325131835416,
        "var": 2.07313428291e-06
    },
    "spectral_rolloff": {
        "dmean": 323.530700684,
        "dmean2": 533.276184082,
        "dvar": 297007.28125,
        "dvar2": 610879.1875,
        "max": 6524.56054688,
        "mean": 994.04107666,
        "median": 732.12890625,
        "min": 86.1328125,
        "var": 704009.375
    },
    "spectral_skewness": {
        "dmean": 0.152576729655,
        "dmean2": 0.242596030235,
        "dvar": 0.0425266586244,
        "dvar2": 0.100880853832,
        "max": 4.9760017395,
        "mean": 1.6007245779,
        "median": 1.60478258133,
        "min": 0.101416192949,
        "var": 0.132883146405
    },
    "spectral_spread": {
        "dmean": 416211.90625,
        "dmean2": 601245.75,
        "dvar": 210916556800,
        "dvar2": 379124383744,
        "max": 13479936,
        "mean": 5448163.5,
        "median": 5387728,
        "min": 1407671.25,
        "var": 1.4766693417e+12
    },
    "spectral_strongpeak": {
        "dmean": 0.496740430593,
        "dmean2": 0.869431376457,
        "dvar": 0.582999229431,
        "dvar2": 1.39652216434,
        "max": 7.48642587662,
        "mean": 0.883389830589,
        "median": 0.46064093709,
        "min": 0.0562473498285,
        "var": 0.919848263264
    },
    "zerocrossingrate": {
        "dmean": 0.00824522599578,
        "dmean2": 0.0102164624259,
        "dvar": 6.68262437102e-05,
        "dvar2": 8.92660391401e-05,
        "max": 0.16650390625,
        "mean": 0.0542581304908,
        "median": 0.05419921875,
        "min": 0.00439453125,
        "var": 0.000541902496479
    },
    "barkbands": {
        "dmean": [0.000145212587086, 0.00557072786614, 0.0032509684097, 0.00404801871628, 0.00308349076658, 0.00176984386053, 0.00127989251632, 0.00120692618657, 0.00101617351174, 0.000457585178083, 0.000428725266829, 0.000449715851573, 0.000512948725373, 0.000348884816049, 0.000436789909145, 0.000211086313357, 0.000229519515415, 0.00018750099116, 0.000122993689729, 8.22472502477e-05, 6.79051372572e-05, 9.38751109061e-05, 9.20625243452e-05, 6.331858458e-05, 5.87948961766e-05, 3.16536134051e-05, 6.03645222697e-09],
        "dmean2": [0.000190396487596, 0.00861562788486, 0.00550714693964, 0.00685603916645, 0.0049807257019, 0.00279764202423, 0.00203862087801, 0.00190161680803, 0.00148478464689, 0.000708718260285, 0.000665139115881, 0.000676905154251, 0.000782586925197, 0.000552826095372, 0.00068739434937, 0.000331586052198, 0.000373240705812, 0.000294928118819, 0.000202218769118, 0.000132765213493, 0.000111966619443, 0.00015071107191, 0.000145709025674, 9.94988731691e-05, 8.32837613416e-05, 4.97083747177e-05, 1.01500088334e-08],
        "dvar": [7.26305557919e-08, 0.000121697310533, 2.85840997094e-05, 5.52550009161e-05, 1.9717756004e-05, 1.31850438265e-05, 6.55199482935e-06, 6.14516466158e-06, 3.22493292515e-06, 9.55735004027e-07, 9.56518761086e-07, 7.90988963217e-07, 8.71040981565e-07, 4.80776691347e-07, 4.53714221749e-07, 1.31065860387e-07, 1.43419285337e-07, 1.06431684799e-07, 3.64301975253e-08, 1.31873525433e-08, 1.12839506627e-08, 2.06742498676e-08, 3.01368281441e-08, 8.10103895077e-09, 7.23607307407e-09, 2.17431228577e-09, 1.33781834233e-15],
        "dvar2": [1.27475701106e-07, 0.00024559017038, 7.79802212492e-05, 0.000139684489113, 5.43008172826e-05, 3.25779910781e-05, 1.68569440575e-05, 1.44225105032e-05, 7.02995157553e-06, 2.01398802346e-06, 2.33047899201e-06, 1.74803949449e-06, 1.95050824914e-06, 1.07974801722e-06, 1.04980438209e-06, 3.07798842414e-07, 3.65016717296e-07, 2.55026407103e-07, 8.68593588166e-08, 3.24833884235e-08, 2.91949326936e-08, 4.63467593192e-08, 6.20264870577e-08, 1.67395466377e-08, 1.33533211155e-08, 4.86068252314e-09, 1.86625858708e-15],
        "max": [0.00269283400849, 0.128375649452, 0.0491357073188, 0.0806903168559, 0.0542388856411, 0.0415369346738, 0.0422375053167, 0.0324340984225, 0.0271550156176, 0.0196247957647, 0.0174528956413, 0.013874114491, 0.0198907405138, 0.0107681211084, 0.0106060402468, 0.00487866112962, 0.00458676880226, 0.00459162751213, 0.00314431381412, 0.0017565889284, 0.00128586974461, 0.00195071811322, 0.00256587076001, 0.00142831518315, 0.00129491824191, 0.000570622913074, 8.60904378897e-07],
        "mean": [0.000221841750317, 0.0113959116861, 0.0053463713266, 0.00514755537733, 0.00614258926362, 0.00323923374526, 0.00221173861064, 0.00226604798809, 0.00206665624864, 0.000904471962713, 0.000825917930342, 0.000829068827443, 0.000976248178631, 0.000640593818389, 0.000786059070379, 0.000388181215385, 0.000453084270703, 0.000369546585716, 0.000266120681772, 0.000182239426067, 0.000172705709701, 0.000217957844143, 0.000215609572479, 0.000177468929905, 0.000160285475431, 8.66895206855e-05, 4.53547599477e-09],
        "median": [4.6339493565e-05, 0.0073565505445, 0.0038501273375, 0.00227478984743, 0.0040528527461, 0.00173720880412, 0.00123247690499, 0.00103201949969, 0.0010507220868, 0.000391212437535, 0.000289810617687, 0.00032969462336, 0.000490277598146, 0.000341842329362, 0.000523701077327, 0.000229071054491, 0.000281937303953, 0.000199408255867, 0.000192779654753, 0.000143899786053, 0.000149840139784, 0.000157559363288, 0.000143636178109, 0.00014625750191, 0.000119295589684, 7.37261361792e-05, 7.47453321459e-10],
        "min": [2.79197731601e-08, 0.000105029801489, 0.00011797479965, 4.07274569625e-07, 2.87282473437e-05, 1.43203283187e-06, 5.45582315681e-06, 9.65671824815e-06, 8.77622642292e-06, 9.37485879149e-07, 1.01596992863e-06, 3.3778303532e-06, 6.34259265553e-07, 3.89758469055e-07, 1.36882121637e-07, 1.11159387473e-07, 1.06947737777e-07, 1.6232706912e-07, 6.87989370363e-07, 6.28184523066e-07, 6.19276860903e-08, 6.77187195208e-09, 1.61461990444e-08, 1.13111431332e-08, 6.95298840725e-09, 2.37367459022e-09, 9.10748212957e-12],
        "var": [1.81390404919e-07, 0.000188665508176, 3.02531425405e-05, 7.09128144081e-05, 4.0411039663e-05, 1.99023324967e-05, 9.60778470471e-06, 1.23432146211e-05, 1.00337911135e-05, 2.48656192525e-06, 2.49636104854e-06, 2.32982938542e-06, 3.09832262246e-06, 1.20291940675e-06, 9.18495572932e-07, 2.6245388085e-07, 3.23913155853e-07, 2.47535552944e-07, 7.50719806319e-08, 2.48770977151e-08, 2.17139017877e-08, 5.65099220751e-08, 8.7084188749e-08, 2.49167975142e-08, 2.74053224558e-08, 6.14751316519e-09, 1.22460338921e-15]
    },
    "erbbands": {
        "dmean": [0.169880852103, 1.31873083115, 3.31409549713, 9.24175167084, 9.10184955597, 13.3637714386, 14.3546361923, 14.6656570435, 13.8552045822, 20.5729732513, 27.8973770142, 26.1000843048, 16.1769809723, 14.5690803528, 16.5863304138, 20.4622592926, 22.7607803345, 18.3365440369, 22.7161159515, 14.2436962128, 11.152844429, 10.2705221176, 10.8505144119, 6.65920448303, 6.26927757263, 3.45853304863, 2.5105650425, 2.80442357063, 3.08536982536, 3.43433594704, 2.65085196495, 1.70533585548, 1.04202246666, 0.798911094666, 0.40255510807, 0.18153052032, 0.0558947511017, 0.0057238903828, 9.78331954684e-05, 1.45965686897e-05],
        "dmean2": [0.22698225081, 2.11768126488, 5.61573839188, 15.3983373642, 15.5318431854, 21.8522090912, 22.4319725037, 23.3761234283, 22.6484107971, 32.3131065369, 43.0638389587, 37.0529594421, 24.8292140961, 21.4139137268, 26.2303657532, 30.3054466248, 34.5407600403, 28.7754020691, 36.5817260742, 21.8636722565, 17.8170108795, 16.3857116699, 16.8750762939, 10.426112175, 10.1041612625, 5.62670135498, 4.18065404892, 4.56442546844, 4.94747447968, 5.40342569351, 4.20628499985, 2.72208189964, 1.60129773617, 1.14765369892, 0.595328211784, 0.283767491579, 0.0870607718825, 0.00894641317427, 0.000150597436004, 2.14304127439e-05],
        "dvar": [0.111329257488, 6.91806602478, 35.168838501, 248.5572052, 213.441146851, 413.943206787, 582.815551758, 1085.11071777, 1169.82971191, 1392.09020996, 4387.47070312, 1833.03613281, 1118.53881836, 967.601074219, 1402.81201172, 1759.13781738, 1917.35375977, 1316.68518066, 1233.67321777, 577.674072266, 327.042999268, 324.207977295, 360.80758667, 123.749008179, 108.596191406, 19.0251636505, 12.7430086136, 22.9306755066, 22.6372680664, 33.7963562012, 27.4317455292, 6.43322181702, 2.42209839821, 1.37866735458, 0.36439499259, 0.0817823633552, 0.00640189973637, 5.77967475692e-05, 1.68902616338e-08, 2.46551640215e-10],
        "dvar2": [0.178357809782, 15.7458257675, 95.3470840454, 632.669616699, 568.873718262, 1079.85949707, 1235.60668945, 2746.94482422, 3161.63354492, 3294.6418457, 10344.1328125, 3628.8515625, 2605.43481445, 1935.07666016, 3430.80957031, 3833.01708984, 4251.64794922, 3013.2565918, 3234.171875, 1282.24438477, 816.20526123, 793.773132324, 897.041992188, 289.193817139, 261.09387207, 49.2217140198, 33.9607391357, 57.9898033142, 51.6876983643, 71.4226379395, 58.6265068054, 12.4893140793, 5.41848516464, 2.67638063431, 0.723350048065, 0.176035791636, 0.014715177007, 0.000134866466396, 3.79406834838e-08, 5.10373132645e-10],
        "max": [3.89800858498, 27.4151954651, 59.9529418945, 149.525497437, 162.491943359, 285.334533691, 281.199035645, 463.121826172, 652.931213379, 652.194213867, 942.599975586, 799.770080566, 445.386871338, 690.938476562, 578.511901855, 675.608093262, 908.617004395, 533.512023926, 645.875976562, 423.53012085, 270.079528809, 222.455154419, 296.940887451, 143.385787964, 206.56388855, 41.8712463379, 43.0142822266, 60.9484367371, 70.3897094727, 114.319587708, 81.6811447144, 56.439125061, 20.7136802673, 16.1779270172, 9.07828903198, 4.34031295776, 0.840300142765, 0.082595102489, 0.00137230218388, 0.000180323986569],
        "mean": [0.293264597654, 2.64949607849, 6.25611782074, 13.2728786469, 13.2781915665, 25.7273902893, 27.8825130463, 27.913022995, 24.8671722412, 39.6914558411, 52.4693107605, 56.943157196, 33.4495391846, 29.9526939392, 33.6052055359, 39.992275238, 45.4944076538, 38.8961334229, 42.152179718, 28.5845603943, 22.1030216217, 22.2957286835, 22.5023651123, 14.1940574646, 14.002491951, 8.20525169373, 6.52259635925, 6.94965696335, 7.24055290222, 7.8398103714, 5.96327924728, 4.33543968201, 2.6510925293, 1.99945545197, 1.02523159981, 0.449415922165, 0.150502949953, 0.0128023689613, 0.00026605540188, 6.647335249e-05],
        "median": [0.144890680909, 1.77752912045, 4.71538066864, 6.94713878632, 8.39177322388, 15.079451561, 15.0039777756, 14.7049770355, 15.9059677124, 23.5702667236, 21.2207374573, 29.5908641815, 16.0847625732, 13.8086576462, 12.7022209167, 17.0598182678, 24.1804771423, 22.1425189972, 27.6321468353, 18.7461357117, 14.5765504837, 14.3644428253, 13.0413265228, 9.65416145325, 9.86485004425, 6.77799034119, 5.63934135437, 5.67007732391, 5.42434358597, 5.47741317749, 3.84762072563, 3.58933019638, 2.00539827347, 1.41329336166, 0.78425514698, 0.36649748683, 0.124124594033, 0.00945935770869, 0.000214653919102, 6.20539722149e-05],
        "min": [0.0013369624503, 0.0327202938497, 0.254201263189, 0.184295162559, 0.0647457093, 0.0782947316766, 0.159943535924, 0.0590170547366, 0.0857857912779, 0.363139718771, 0.77316069603, 0.464981853962, 0.123719774187, 0.062828630209, 0.0503575466573, 0.138490855694, 0.0522487312555, 0.0298754312098, 0.00834000576288, 0.00657839979976, 0.00831296294928, 0.00947909243405, 0.0259374883026, 0.0167997814715, 0.0448485799134, 0.0190997496247, 0.00421935133636, 0.000896473764442, 0.000306729896693, 0.000323324929923, 0.000511841615662, 0.00041439945926, 0.000125558653963, 8.0239988165e-05, 5.48546668142e-05, 2.48880387517e-05, 8.17771342554e-06, 1.09622953914e-06, 5.99196755502e-06, 1.44377036122e-05],
        "var": [0.229056298733, 8.87969779968, 32.025970459, 363.484313965, 245.700775146, 996.107971191, 1525.55212402, 1623.48376465, 1233.95654297, 2474.87451172, 8399.73535156, 7379.19091797, 2459.0246582, 3106.64941406, 3541.4609375, 5164.08447266, 6752.84765625, 3597.77368164, 2297.19677734, 1186.17602539, 653.472595215, 725.39465332, 813.355285645, 266.705627441, 223.572402954, 39.4393730164, 25.2812747955, 41.9490013123, 58.5619010925, 96.8335418701, 72.2050857544, 19.2284164429, 6.79210853577, 4.68212604523, 1.14240658283, 0.202677831054, 0.0184266213328, 0.000160379830049, 5.32983932544e-08, 8.50126247176e-10]
    },
    "gfcc": {
        "mean": [52.0413284302, 90.3936386108, -98.3967590332, 33.8788528442, -58.1866111755, 23.357175827, -42.462223053, 14.3930988312, -23.1596775055, 7.45200872421, -18.2829723358, 0.178212791681, -16.7829990387],
        "cov": [[2748.45092773, -1145.7421875, -110.942169189, -159.410705566, -213.301620483, 138.874649048, -436.242645264, -61.2866210938, -328.021179199, 161.478729248, -303.998748779, 214.891876221, -228.307510376], [-1145.7421875, 898.301635742, -146.367736816, -33.5709114075, 201.971450806, -151.67024231, 217.097763062, -26.4238758087, 144.933441162, -114.690063477, 154.479537964, -120.685699463, 170.802841187], [-110.942169189, -146.367736816, 385.449035645, 117.19103241, -116.173820496, 54.3214874268, -13.7669277191, 33.3657531738, -3.88332772255, 9.2583360672, -4.35767126083, 13.1823949814, -43.0299186707], [-159.410705566, -33.5709114075, 117.19103241, 235.893066406, -0.203524708748, -14.7731122971, -21.7822360992, -12.2011890411, 46.0866737366, 2.8111948967, -2.16340613365, -22.0187339783, 36.6325950623], [-213.301620483, 201.971450806, -116.173820496, -0.203524708748, 245.675170898, -50.5703926086, 16.8195953369, -11.6267271042, 49.8735656738, 14.6558914185, 8.91623973846, -15.6709575653, 63.6804389954], [138.874649048, -151.67024231, 54.3214874268, -14.7731122971, -50.5703926086, 156.815856934, 52.910949707, 30.0833911896, -35.1387901306, -1.38143455982, 4.13801240921, 19.6246986389, -37.974571228], [-436.242645264, 217.097763062, -13.7669277191, -21.7822360992, 16.8195953369, 52.910949707, 218.987319946, 47.4356231689, 35.6373291016, -43.7057609558, 73.0026397705, -35.3207435608, 30.444185257], [-61.2866210938, -26.4238758087, 33.3657531738, -12.2011890411, -11.6267271042, 30.0833911896, 47.4356231689, 110.549804688, 51.2563323975, 2.08316135406, 22.4846382141, -6.78534126282, -27.6772785187], [-328.021179199, 144.933441162, -3.88332772255, 46.0866737366, 49.8735656738, -35.1387901306, 35.6373291016, 51.2563323975, 140.398986816, 17.4631977081, 36.8202209473, -37.5848274231, 26.4214630127], [161.478729248, -114.690063477, 9.2583360672, 2.8111948967, 14.6558914185, -1.38143455982, -43.7057609558, 2.08316135406, 17.4631977081, 92.4037322998, -11.3122758865, 19.9320926666, -11.9658136368], [-303.998748779, 154.479537964, -4.35767126083, -2.16340613365, 8.91623973846, 4.13801240921, 73.0026397705, 22.4846382141, 36.8202209473, -11.3122758865, 114.459609985, 5.42680072784, 13.4383859634], [214.891876221, -120.685699463, 13.1823949814, -22.0187339783, -15.6709575653, 19.6246986389, -35.3207435608, -6.78534126282, -37.5848274231, 19.9320926666, 5.42680072784, 88.4631576538, -13.5225515366], [-228.307510376, 170.802841187, -43.0299186707, 36.6325950623, 63.6804389954, -37.974571228, 30.444185257, -27.6772785187, 26.4214630127, -11.9658136368, 13.4383859634, -13.5225515366, 103.404289246]],
        "icov": [[0.00186066969763, -0.000418886629632, 0.00173259805888, -0.000622744497377, 0.00110569410026, -0.00152698659804, 0.00216840184294, -0.00171889248304, 0.00282456213608, -0.00245711486787, 0.00325450743549, -0.00242898403667, 0.00165485509206], [-0.000418886629632, 0.0101793911308, -0.00246920180507, 0.00567470025271, -0.00430300831795, 0.0066680079326, -0.00503085600212, 0.00696958648041, -0.00684824073687, 0.00929733924568, -0.00927298795432, 0.00741335609928, -0.00733130658045], [0.00173259805888, -0.00246920180507, 0.00610176846385, -0.00411540269852, 0.00328122219071, -0.00325612165034, 0.00284880120307, -0.00409515714273, 0.00432873424143, -0.00451276637614, 0.00483738165349, -0.00422249920666, 0.00394065445289], [-0.000622744497377, 0.00567470025271, -0.00411540269852, 0.00988560821861, -0.00262089143507, 0.00323252775706, -0.001757417107, 0.00582601735368, -0.00696990592405, 0.0061804796569, -0.00581109756604, 0.00581346079707, -0.00707353744656], [0.00110569410026, -0.00430300831795, 0.00328122219071, -0.00262089143507, 0.00815760996193, -0.00287061790004, 0.00275642122142, -0.00355711509474, 0.00281574670225, -0.00619926443323, 0.00577066792175, -0.00435863342136, 0.00124445988331], [-0.00152698659804, 0.0066680079326, -0.00325612165034, 0.00323252775706, -0.00287061790004, 0.0151402307674, -0.00859260372818, 0.00358114438131, -0.0031385361217, 0.0061285411939, -0.00688969623297, 0.00430712336674, -0.00309966993518], [0.00216840184294, -0.00503085600212, 0.00284880120307, -0.001757417107, 0.00275642122142, -0.00859260372818, 0.0141462478787, -0.0075715132989, 0.00595895713195, -0.00415093731135, 0.00281121092848, -0.00204899930395, 0.00122479815036], [-0.00171889248304, 0.00696958648041, -0.00409515714273, 0.00582601735368, -0.00355711509474, 0.00358114438131, -0.0075715132989, 0.0217919796705, -0.0146277034655, 0.00901357643306, -0.00784123502672, 0.0050429739058, -0.00104858179111], [0.00282456213608, -0.00684824073687, 0.00432873424143, -0.00696990592405, 0.00281574670225, -0.0031385361217, 0.00595895713195, -0.0146277034655, 0.0236731059849, -0.0135256107897, 0.00639876769856, -0.00273716659285, 0.00445890333503], [-0.00245711486787, 0.00929733924568, -0.00451276637614, 0.0061804796569, -0.00619926443323, 0.0061285411939, -0.00415093731135, 0.00901357643306, -0.0135256107897, 0.0249869804829, -0.0106574529782, 0.00569755630568, -0.00666912877932], [0.00325450743549, -0.00927298795432, 0.00483738165349, -0.00581109756604, 0.00577066792175, -0.00688969623297, 0.00281121092848, -0.00784123502672, 0.00639876769856, -0.0106574529782, 0.0259986501187, -0.0146907456219, 0.00939575862139], [-0.00242898403667, 0.00741335609928, -0.00422249920666, 0.00581346079707, -0.00435863342136, 0.00430712336674, -0.00204899930395, 0.0050429739058, -0.00273716659285, 0.00569755630568, -0.0146907456219, 0.024351991713, -0.00875340867788], [0.00165485509206, -0.00733130658045, 0.00394065445289, -0.00707353744656, 0.00124445988331, -0.00309966993518, 0.00122479815036, -0.00104858179111, 0.00445890333503, -0.00666912877932, 0.00939575862139, -0.00875340867788, 0.0227572880685]]
    },
    "melbands": {
        "dmean": [0.00150351924822, 0.00158878159709, 0.00155485945288, 0.000699180818629, 0.000523342110682, 0.000319274346111, 0.000231518628425, 0.000219807698159, 0.000221006775973, 0.000169697130332, 8.11352510937e-05, 6.04667256994e-05, 5.29761928192e-05, 5.78332619625e-05, 4.51733139926e-05, 5.47776544408e-05, 3.66832355212e-05, 3.62985883839e-05, 2.73603709502e-05, 1.77189212991e-05, 1.37005208671e-05, 1.15913662739e-05, 1.27194171e-05, 8.77237926034e-06, 5.61769638807e-06, 5.38100039194e-06, 4.19154139308e-06, 2.22332255362e-06, 1.66645759236e-06, 2.03146873901e-06, 1.7719422658e-06, 1.78860909728e-06, 2.23669485422e-06, 1.95505322154e-06, 1.69195629951e-06, 1.43576085065e-06, 1.00106638001e-06, 8.09032087545e-07, 7.55482346904e-07, 7.03891089415e-07],
        "dmean2": [0.00222598016262, 0.00259955157526, 0.00258078565821, 0.00115706340875, 0.000808493292425, 0.000511153135449, 0.000374860042939, 0.000343854422681, 0.000339841062669, 0.000240274122916, 0.000127563718706, 8.97190111573e-05, 8.24153903523e-05, 8.63036475494e-05, 6.82491954649e-05, 8.38362539071e-05, 5.79990773986e-05, 5.8768902818e-05, 4.17678347731e-05, 2.79916330328e-05, 2.21118334593e-05, 1.88196954696e-05, 2.02320952667e-05, 1.38139103001e-05, 8.96990422916e-06, 8.82851600181e-06, 6.69048813506e-06, 3.63145545634e-06, 2.77224171441e-06, 3.46531101059e-06, 2.87574493996e-06, 2.91043920697e-06, 3.65348682863e-06, 3.1396691611e-06, 2.72586930805e-06, 2.28601470553e-06, 1.6183715843e-06, 1.29106683744e-06, 1.13996657092e-06, 1.03963975562e-06],
        "dvar": [9.27178552956e-06, 7.90672766016e-06, 6.78571223034e-06, 1.07925529846e-06, 5.69111193727e-07, 4.93926506806e-07, 2.56872567661e-07, 1.39670447652e-07, 2.87192932547e-07, 8.17533134523e-08, 2.99991924635e-08, 1.70608167593e-08, 1.49992676057e-08, 1.13690559189e-08, 5.75772052258e-09, 1.10769118322e-08, 5.80304915232e-09, 3.29477978234e-09, 2.67658140096e-09, 9.42596889431e-10, 4.86700513225e-10, 5.00988917018e-10, 4.62800631151e-10, 2.45735209958e-10, 9.33728372399e-11, 6.56221882389e-11, 4.97951090084e-11, 7.75965316308e-12, 4.76045678571e-12, 1.01634221872e-11, 8.42957648128e-12, 7.62506204011e-12, 1.27460464058e-11, 1.1921245241e-11, 1.14040322324e-11, 6.67121349482e-12, 1.99049934521e-12, 1.47057615651e-12, 1.16176675485e-12, 1.12296868852e-12],
        "dvar2": [1.68358219526e-05, 2.00171780307e-05, 1.73830630956e-05, 2.91602714242e-06, 1.30814726162e-06, 1.24118241729e-06, 6.7993249786e-07, 3.33135886876e-07, 6.86181977017e-07, 1.61632343065e-07, 6.97660809124e-08, 3.32577911877e-08, 3.71289807788e-08, 2.41943425294e-08, 1.28145831724e-08, 2.56333709814e-08, 1.32982282963e-08, 8.79066597292e-09, 5.74345859761e-09, 2.20869056378e-09, 1.24450261207e-09, 1.2690105633e-09, 1.18230847335e-09, 5.69299885012e-10, 2.21404061751e-10, 1.55133544899e-10, 1.1718880033e-10, 2.11273012973e-11, 1.30393690637e-11, 2.72541988977e-11, 2.0868397288e-11, 1.80952353795e-11, 3.00192336267e-11, 2.54787527881e-11, 2.51648459015e-11, 1.36251921204e-11, 4.2326229327e-12, 3.58767637994e-12, 2.43254201504e-12, 2.18640903993e-12],
        "max": [0.0357931815088, 0.0284018740058, 0.0282303132117, 0.0151132745668, 0.00834416411817, 0.0090679526329, 0.00971928145736, 0.00583758857101, 0.00785173010081, 0.00530935870484, 0.00224086851813, 0.00311319250613, 0.00183165573981, 0.00176436430775, 0.00123696017545, 0.00259739276953, 0.00113130395766, 0.000985224731266, 0.000832253543194, 0.000387057196349, 0.000290254567517, 0.000330735871103, 0.000258456973825, 0.000201833710889, 0.000127719365992, 0.000131870867335, 0.000105794948468, 2.58220079559e-05, 2.69363699772e-05, 3.90369968954e-05, 3.47883542418e-05, 3.62941500498e-05, 4.95604326716e-05, 6.89651060384e-05, 5.22941700183e-05, 5.12459155289e-05, 2.94714209303e-05, 1.57557406055e-05, 1.64576667885e-05, 1.4705522517e-05],
        "mean": [0.00291456351988, 0.00345157412812, 0.00227606436238, 0.00131673191208, 0.00106708507519, 0.000593705219217, 0.000417200120864, 0.000433184439316, 0.00039974891115, 0.000355927477358, 0.000155119923875, 0.000115310394904, 0.000101650141005, 0.000111836801807, 8.18986591185e-05, 0.000103746991954, 6.78769647493e-05, 6.46097323624e-05, 4.96777392982e-05, 3.24576467392e-05, 2.50083576248e-05, 2.31777958106e-05, 2.41178240685e-05, 1.66296940733e-05, 1.06031266114e-05, 1.07491614472e-05, 8.45328213472e-06, 4.69766609967e-06, 3.82368989449e-06, 4.47465254183e-06, 3.85326211472e-06, 3.99276177632e-06, 4.43075668954e-06, 4.24710015068e-06, 3.41876489074e-06, 3.23457902596e-06, 2.32269258049e-06, 1.79086396201e-06, 1.7715717604e-06, 1.6180347302e-06],
        "median": [0.00167837133631, 0.00298407697119, 0.00132142310031, 0.000833752390463, 0.000642017112114, 0.000321329105645, 0.000255163264228, 0.000257751555182, 0.000154746841872, 0.000172270112671, 7.06824794179e-05, 4.91407809022e-05, 3.48732501152e-05, 4.44308825536e-05, 4.5749675337e-05, 5.31413497811e-05, 3.41729537467e-05, 4.2273044528e-05, 3.25102228089e-05, 2.05066280614e-05, 1.59366718435e-05, 1.3765093172e-05, 1.40939873745e-05, 9.23047173274e-06, 6.8556782935e-06, 7.51428933654e-06, 5.85818406762e-06, 3.7880945456e-06, 3.27113411913e-06, 3.72375234292e-06, 2.99184807773e-06, 2.99815246763e-06, 2.93390007755e-06, 2.83125268652e-06, 2.08171854865e-06, 2.33757850765e-06, 1.87757518688e-06, 1.30533931042e-06, 1.31649915147e-06, 1.0855679875e-06],
        "min": [2.04307798413e-05, 0.000108287844341, 2.26065330935e-05, 8.53397159517e-06, 4.92583785672e-06, 4.35340496097e-07, 6.15283454408e-07, 1.19434002954e-06, 3.85058410757e-06, 2.9929728953e-06, 2.74729671901e-07, 1.77293216552e-07, 1.39375316621e-07, 2.06253204738e-07, 2.68256258096e-07, 6.78950939914e-08, 4.75096726404e-08, 1.07083879541e-08, 9.57093959641e-09, 8.04605537752e-09, 7.09501435381e-09, 6.04151528805e-09, 1.87709527921e-08, 7.53101669915e-09, 7.38686534163e-09, 1.68174061344e-08, 4.83915343352e-08, 2.71791944506e-09, 1.97738669883e-09, 1.36990441213e-09, 3.13698400589e-10, 1.58733456934e-10, 1.14059900413e-10, 1.59305665881e-10, 2.53832815877e-10, 3.34576893968e-10, 2.04773989432e-10, 6.36156891054e-11, 5.63229463069e-11, 4.23149015827e-11],
