{
"highlevel": {
    "danceability": {
        "all": {
            "danceable": 0.99836319685,
            "not_danceable": 0.00163679674733
        },
        "probability": 0.99836319685,
        "value": "danceable"
    },
    "gender": {
        "all": {
            "female": 0.317286968231,
            "male": 0.682713031769
        },
        "probability": 0.682713031769,
        "value": "male"
    },
    "genre_dortmund": {
        "all": {
            "alternative": 0.000434650079114,
            "blues": 0.000823009235319,
            "electronic": 0.175093218684,
            "folkcountry": 0.000687733001541,
            "funksoulrnb": 0.000497322122101,
            "jazz": 0.00350183411501,
            "pop": 0.00208305497654,
            "raphiphop": 0.815692007542,
            "rock": 0.00118715513963
        },
        "probability": 0.815692007542,
        "value": "raphiphop"
    },
    "genre_electronic": {
        "all": {
            "ambient": 0.0649282261729,
            "dnb": 0.0193265359849,
            "house": 0.892992377281,
            "techno": 0.0179632417858,
            "trance": 0.00478960713372
        },
        "probability": 0.892992377281,
        "value": "house"
    },
    "genre_rosamerica": {
        "all": {
            "cla": 0.00666807265952,
            "dan": 0.0100183822215,
            "hip": 0.444735765457,
            "jaz": 0.00634015211836,
            "pop": 0.0203726422042,
            "rhy": 0.497980684042,
            "roc": 0.00216193008237,
            "spe": 0.0117223570123
        },
        "probability": 0.497980684042,
        "value": "rhy"
    },
    "genre_tzanetakis": {
        "all": {
            "blu": 0.055278968066,
            "cla": 0.128971725702,
            "cou": 0.0773723423481,
            "dis": 0.096715696156,
            "hip": 0.0483606234193,
            "jaz": 0.128967300057,
            "met": 0.0773887038231,
            "pop": 0.193474888802,
            "reg": 0.0967373251915,
            "roc": 0.0967324227095
        },
        "probability": 0.193474888802,
        "value": "pop"
    },
    "ismir04_rhythm": {
        "all": {
            "ChaChaCha": 0.022812673822,
            "Jive": 0.0137351220474,
            "Quickstep": 0.0108463177457,
            "Rumba-American": 0.00739699974656,
            "Rumba-International": 0.881384313107,
            "Rumba-Misc": 0.0178861599416,
            "Samba": 0.0373977087438,
            "Tango": 0.00273793004453,
            "VienneseWaltz": 0.00281595555134,
            "Waltz": 0.00298681878485
        },
        "probability": 0.881384313107,
        "value": "Rumba-International"
    },
    "mood_acoustic": {
        "all": {
            "acoustic": 0.0323294587433,
            "not_acoustic": 0.967670559883
        },
        "probability": 0.967670559883,
        "value": "not_acoustic"
    },
    "mood_aggressive": {
        "all": {
            "aggressive": 0.0984489321709,
            "not_aggressive": 0.901551067829
        },
        "probability": 0.901551067829,
        "value": "not_aggressive"
    },
    "mood_electronic": {
        "all": {
            "electronic": 0.979199528694,
            "not_electronic": 0.02080046013
        },
        "probability": 0.979199528694,
        "value": "electronic"
    },
    "mood_happy": {
        "all": {
            "happy": 0.146425440907,
            "not_happy": 0.853574573994
        },
        "probability": 0.853574573994,
        "value": "not_happy"
    },
    "mood_party": {
        "all": {
            "not_party": 0.304280370474,
            "party": 0.695719599724
        },
        "probability": 0.695719599724,
        "value": "party"
    },
    "mood_relaxed": {
        "all": {
            "not_relaxed": 0.104353576899,
            "relaxed": 0.895646393299
        },
        "probability": 0.895646393299,
        "value": "relaxed"
    },
    "mood_sad": {
        "all": {
            "not_sad": 0.627993941307,
            "sad": 0.372006058693
        },
        "probability": 0.627993941307,
        "value": "not_sad"
    },
    "moods_mirex": {
        "all": {
            "Cluster1": 0.110623694956,
            "Cluster2": 0.312626510859,
            "Cluster3": 0.441824138165,
            "Cluster4": 0.0696378871799,
            "Cluster5": 0.065287746489
        },
        "probability": 0.441824138165,
        "value": "Cluster3"
    },
    "timbre": {
        "all": {
            "bright": 0.0728057548404,
            "dark": 0.927194237709
        },
        "probability": 0.927194237709,
        "value": "dark"
    },
    "tonal_atonal": {
        "all": {
            "atonal": 0.999994277954,
            "tonal": 5.72246062802e-06
        },
        "probability": 0.999994277954,
        "value": "atonal"
    },
    "voice_instrumental": {
        "all": {
            "instrumental": 0.227280452847,
            "voice": 0.772719562054
        },
        "probability": 0.772719562054,
        "value": "voice"
    }
},
"lowlevel": {
    "average_loudness": 0.962534666061,
    "barkbands_crest": {
        "dmean": 3.72390842438,
        "dmean2": 5.87298583984,
        "dvar": 13.504278183,
        "dvar2": 27.3396682739,
        "max": 26.6872634888,
        "mean": 16.7097511292,
        "median": 17.6934223175,
        "min": 2.72776389122,
        "var": 39.0474052429
    },
    "barkbands_flatness_db": {
        "dmean": 0.0676790103316,
        "dmean2": 0.0868929699063,
        "dvar": 0.0054279146716,
        "dvar2": 0.00738338055089,
        "max": 0.816541314125,
        "mean": 0.321449130774,
        "median": 0.297606736422,
        "min": 0.0418329946697,
        "var": 0.0242655817419
    },
    "barkbands_kurtosis": {
        "dmean": 72.2841796875,
        "dmean2": 117.183189392,
        "dvar": 41078.5078125,
        "dvar2": 108550.492188,
        "max": 2731.40454102,
        "mean": 72.1000976562,
        "median": 17.504940033,
        "min": -1.88437414169,
        "var": 31752.8320312
    },
    "barkbands_skewness": {
        "dmean": 2.31398844719,
        "dmean2": 3.61199045181,
        "dvar": 11.074839592,
        "dvar2": 27.683757782,
        "max": 40.8655471802,
        "mean": 4.25363302231,
        "median": 3.1296005249,
        "min": -2.53484559059,
        "var": 15.4848747253
    },
    "barkbands_spread": {
        "dmean": 6.98397064209,
        "dmean2": 10.2240514755,
        "dvar": 208.082260132,
        "dvar2": 418.931976318,
        "max": 118.039382935,
        "mean": 10.6294126511,
        "median": 3.3346054554,
        "min": 0.0213804561645,
        "var": 325.939331055
    },
    "dissonance": {
        "dmean": 0.0301821231842,
        "dmean2": 0.0506789050996,
        "dvar": 0.000883011904079,
        "dvar2": 0.0023756690789,
        "max": 0.499808400869,
        "mean": 0.442152678967,
        "median": 0.450363904238,
        "min": 0.226213425398,
        "var": 0.00179744372144
    },
    "dynamic_complexity": 4.30588150024,
    "erbbands_crest": {
        "dmean": 3.68966317177,
        "dmean2": 5.46576213837,
        "dvar": 11.9487266541,
        "dvar2": 23.2306613922,
        "max": 27.6343326569,
        "mean": 11.0543441772,
        "median": 9.88565254211,
        "min": 3.01007318497,
        "var": 30.9513549805
    },
    "erbbands_flatness_db": {
        "dmean": 0.0368624925613,
        "dmean2": 0.050446562469,
        "dvar": 0.00166157493368,
        "dvar2": 0.00277678668499,
        "max": 0.48532217741,
        "mean": 0.202135547996,
        "median": 0.198943868279,
        "min": 0.046797528863,
        "var": 0.00627597793937
    },
    "erbbands_kurtosis": {
        "dmean": 10.1726369858,
        "dmean2": 15.6338062286,
        "dvar": 633.921264648,
        "dvar2": 1321.45996094,
        "max": 250.594284058,
        "mean": 9.74979305267,
        "median": 1.0465669632,
        "min": -1.7062766552,
        "var": 770.27142334
    },
    "erbbands_skewness": {
        "dmean": 1.14071834087,
        "dmean2": 1.57738494873,
        "dvar": 1.82738780975,
        "dvar2": 3.56412267685,
        "max": 12.3742361069,
        "mean": 1.39405679703,
        "median": 1.04551792145,
        "min": -2.28430390358,
        "var": 4.4142332077
    },
    "erbbands_spread": {
        "dmean": 14.2753753662,
        "dmean2": 22.0879535675,
        "dvar": 303.409698486,
        "dvar2": 763.49987793,
        "max": 161.806365967,
        "mean": 34.5451164246,
        "median": 31.3380889893,
        "min": 0.776275873184,
        "var": 621.086608887
    },
    "hfc": {
        "dmean": 17.3849925995,
        "dmean2": 25.5442810059,
        "dvar": 2574.36108398,
        "dvar2": 5641.2109375,
        "max": 497.570404053,
        "mean": 18.3646354675,
        "median": 3.4896478653,
        "min": 0.0158182904124,
        "var": 3020.10571289
    },
    "melbands_crest": {
        "dmean": 4.21824598312,
        "dmean2": 6.01689195633,
        "dvar": 14.1287612915,
        "dvar2": 30.3748970032,
        "max": 37.5308914185,
        "mean": 20.5998096466,
        "median": 20.7694969177,
        "min": 5.39190673828,
        "var": 47.6017112732
    },
    "melbands_flatness_db": {
        "dmean": 0.079476043582,
        "dmean2": 0.0996697619557,
        "dvar": 0.00713992118835,
        "dvar2": 0.00952584389597,
        "max": 0.985341668129,
        "mean": 0.421312361956,
        "median": 0.398463606834,
        "min": 0.0554238967597,
        "var": 0.0355885960162
    },
    "melbands_kurtosis": {
        "dmean": 48.6164360046,
        "dmean2": 81.0485610962,
        "dvar": 9560.31933594,
        "dvar2": 26960.1386719,
        "max": 1305.8449707,
        "mean": 64.3475952148,
        "median": 29.118270874,
        "min": -1.69068872929,
        "var": 10019.2861328
    },
    "melbands_skewness": {
        "dmean": 1.98336648941,
        "dmean2": 3.11452293396,
        "dvar": 5.71548271179,
        "dvar2": 14.565038681,
        "max": 26.7418327332,
        "mean": 4.62984323502,
        "median": 3.75959205627,
        "min": -0.0727810412645,
        "var": 10.4369821548
    },
    "melbands_spread": {
        "dmean": 6.89332342148,
        "dmean2": 11.0066146851,
        "dvar": 305.602630615,
        "dvar2": 655.905517578,
        "max": 217.892379761,
        "mean": 9.29839897156,
        "median": 2.71726870537,
        "min": 0.104374647141,
        "var": 402.957214355
    },
    "pitch_salience": {
        "dmean": 0.118894703686,
        "dmean2": 0.187879174948,
        "dvar": 0.0150684611872,
        "dvar2": 0.0287360101938,
        "max": 0.822678565979,
        "mean": 0.397411882877,
        "median": 0.396384835243,
        "min": 0.0199781656265,
        "var": 0.0396263860166
    },
    "silence_rate_20dB": {
        "dmean": 0.0510835908353,
        "dmean2": 0.102246321738,
        "dvar": 0.0484738908708,
        "dvar2": 0.138267084956,
        "max": 1,
        "mean": 0.972157776356,
        "median": 1,
        "min": 0,
        "var": 0.0270667281002
    },
    "silence_rate_30dB": {
        "dmean": 0.126934990287,
        "dmean2": 0.254066616297,
        "dvar": 0.110823146999,
        "dvar2": 0.197260797024,
        "max": 1,
        "mean": 0.821345686913,
        "median": 1,
        "min": 0,
        "var": 0.146737068892
    },
    "silence_rate_60dB": {
        "dmean": 0.0626934990287,
        "dmean2": 0.124709524214,
        "dvar": 0.0587625019252,
        "dvar2": 0.116901390254,
        "max": 1,
        "mean": 0.145398303866,
        "median": 0,
        "min": 0,
        "var": 0.12425648421
    },
    "spectral_centroid": {
        "dmean": 306.940368652,
        "dmean2": 448.239990234,
        "dvar": 301503.0625,
        "dvar2": 601370.5,
        "max": 4550.25488281,
        "mean": 664.211425781,
        "median": 353.967071533,
        "min": 57.5577545166,
        "var": 590152.6875
    },
    "spectral_complexity": {
        "dmean": 3.49612998962,
        "dmean2": 5.00619697571,
        "dvar": 39.0548629761,
        "dvar2": 58.9575805664,
        "max": 63,
        "mean": 8.00696086884,
        "median": 5,
        "min": 0,
        "var": 119.450035095
    },
    "spectral_decrease": {
        "dmean": 1.23772343485e-08,
        "dmean2": 1.76297128007e-08,
        "dvar": 5.43809075241e-16,
        "dvar2": 1.05443828175e-15,
        "max": -1.50653881731e-11,
        "mean": -1.58743400647e-08,
        "median": -5.4417292894e-09,
        "min": -1.54348867909e-07,
        "var": 7.17165696963e-16
    },
    "spectral_energy": {
        "dmean": 0.0476334914565,
        "dmean2": 0.0676169916987,
        "dvar": 0.00782763864845,
        "dvar2": 0.0151064256206,
        "max": 0.586273610592,
        "mean": 0.0615790896118,
        "median": 0.0214647781104,
        "min": 5.8400517446e-05,
        "var": 0.010472279042
    },
    "spectral_energyband_high": {
        "dmean": 0.00161284720525,
        "dmean2": 0.00245026382618,
        "dvar": 3.6598987208e-05,
        "dvar2": 8.19256238174e-05,
        "max": 0.0585102066398,
        "mean": 0.00137870968319,
        "median": 4.57604619442e-06,
        "min": 1.65496931714e-08,
        "var": 3.86281026294e-05
    },
    "spectral_energyband_low": {
        "dmean": 0.045138694346,
        "dmean2": 0.0668010264635,
        "dvar": 0.00829951278865,
        "dvar2": 0.0163734927773,
        "max": 0.576457381248,
        "mean": 0.0535391494632,
        "median": 0.0140935042873,
        "min": 1.44451360029e-06,
        "var": 0.0102537265047
    },
    "spectral_energyband_middle_high": {
        "dmean": 0.00125279754866,
        "dmean2": 0.00170492124744,
        "dvar": 1.05188455564e-05,
        "dvar2": 2.01903167181e-05,
        "max": 0.0352953746915,
        "mean": 0.00150902988389,
        "median": 8.9454704721e-05,
        "min": 2.49197285029e-07,
        "var": 1.80383103725e-05
    },
    "spectral_energyband_middle_low": {
        "dmean": 0.00459090294316,
        "dmean2": 0.00728329550475,
        "dvar": 0.000101306388387,
        "dvar2": 0.0002648558293,
        "max": 0.0994928628206,
        "mean": 0.00604625791311,
        "median": 0.00218283594586,
        "min": 2.77813182947e-06,
        "var": 0.000112849040306
    },
    "spectral_entropy": {
        "dmean": 0.47558966279,
        "dmean2": 0.612175047398,
        "dvar": 0.288435667753,
        "dvar2": 0.418249726295,
        "max": 8.70015048981,
        "mean": 6.55825710297,
        "median": 6.59469842911,
        "min": 3.54094147682,
        "var": 1.2232401371
    },
    "spectral_flux": {
        "dmean": 0.0681792423129,
        "dmean2": 0.102173700929,
        "dvar": 0.00811392068863,
        "dvar2": 0.0176007412374,
        "max": 0.644166529179,
        "mean": 0.122340343893,
        "median": 0.0628162994981,
        "min": 0.00386852957308,
        "var": 0.0175028331578
    },
    "spectral_kurtosis": {
        "dmean": 11.8961420059,
        "dmean2": 16.9697952271,
        "dvar": 450.883270264,
        "dvar2": 896.140686035,
        "max": 237.645996094,
        "mean": 20.307226181,
        "median": 11.9549064636,
        "min": -0.243616819382,
        "var": 814.500305176
    },
    "spectral_rms": {
        "dmean": 0.00232132221572,
        "dmean2": 0.00296899001114,
        "dvar": 1.03186175693e-05,
        "dvar2": 1.54797071446e-05,
        "max": 0.0239159837365,
        "mean": 0.00601818179712,
        "median": 0.00457616057247,
        "min": 0.000238696709857,
        "var": 2.38585253101e-05
    },
    "spectral_rolloff": {
        "dmean": 622.415344238,
        "dmean2": 1075.04467773,
        "dvar": 3704706,
        "dvar2": 8764360,
        "max": 13759.7167969,
        "mean": 745.952026367,
        "median": 172.265625,
        "min": 43.06640625,
        "var": 3529529.5
    },
    "spectral_skewness": {
        "dmean": 0.903036475182,
        "dmean2": 1.20551288128,
        "dvar": 1.24891531467,
        "dvar2": 2.27534985542,
        "max": 13.8404111862,
        "mean": 3.09171867371,
        "median": 2.66405296326,
        "min": 0.489628911018,
        "var": 3.90176796913
    },
    "spectral_spread": {
        "dmean": 883634.75,
        "dmean2": 1268582.375,
        "dvar": 1.62768512614e+12,
        "dvar2": 2.71933479322e+12,
        "max": 12191379,
        "mean": 3670373.5,
        "median": 2901142.5,
        "min": 412466.71875,
        "var": 4.90597462835e+12
    },
    "spectral_strongpeak": {
        "dmean": 0.230532452464,
        "dmean2": 0.34802788496,
        "dvar": 0.0956951975822,
        "dvar2": 0.19650901854,
        "max": 3.51293087006,
        "mean": 0.448881983757,
        "median": 0.299486786127,
        "min": 0,
        "var": 0.15736989677
    },
    "zerocrossingrate": {
        "dmean": 0.0132803432643,
        "dmean2": 0.0153042702004,
        "dvar": 0.000692037050612,
        "dvar2": 0.000980147277005,
        "max": 0.35888671875,
        "mean": 0.0286039151251,
        "median": 0.0126953125,
        "min": 0.00146484375,
        "var": 0.0018205428496
    },
    "barkbands": {
        "dmean": [0.00132480741013, 0.0438112914562, 0.00443688640371, 0.0015985382488, 0.00244004931301, 0.000792241771705, 0.000382346624974, 0.000127721010358, 0.000112755195005, 0.000152339300257, 5.49581527594e-05, 7.33796186978e-05, 7.593389455e-05, 0.000159892413649, 0.00018234809977, 0.00023635859543, 0.00015868988703, 0.000137499067932, 0.000145486570545, 0.000208558194572, 0.00026317848824, 0.000398831645725, 0.000246609211899, 0.000225327908993, 0.000181689305464, 0.00018953109975, 1.09214411737e-07],
        "dmean2": [0.00209193048067, 0.0679402351379, 0.00822032894939, 0.0027721982915, 0.00411023292691, 0.0012617057655, 0.000632991665043, 0.000199543312192, 0.000201024959097, 0.000248904427281, 9.30593232624e-05, 0.000114424299682, 0.000119346455904, 0.000236413165112, 0.000264226429863, 0.000402881501941, 0.000268331496045, 0.000202537892619, 0.000190131409909, 0.000300905987388, 0.00039520530845, 0.000630192167591, 0.000364420004189, 0.000342050014297, 0.000281892018393, 0.000319668615703, 1.96213449044e-07],
        "dvar": [8.06020852906e-06, 0.00862648058683, 0.00014543152065, 9.16923909244e-06, 5.95341771259e-05, 4.78966785522e-06, 6.88809734584e-07, 9.77798180202e-08, 1.85129223951e-07, 2.52505259368e-07, 2.33194707988e-08, 3.54918157086e-08, 4.48054784385e-08, 3.57724559308e-07, 3.00302502865e-07, 5.16807233453e-07, 3.95567951728e-07, 3.34961583803e-07, 3.67433273141e-07, 5.22975824424e-07, 1.24891050746e-06, 3.50873392563e-06, 1.01796558738e-06, 6.99142958638e-07, 3.69628935459e-07, 6.07681158726e-07, 7.69288766803e-13],
        "dvar2": [2.10642410821e-05, 0.0182835310698, 0.000409806903917, 2.60403830907e-05, 0.000165772842593, 1.23602549138e-05, 1.61992863923e-06, 1.98180742927e-07, 5.30274235189e-07, 6.46871228582e-07, 5.8242793699e-08, 7.48788124838e-08, 9.80400258754e-08, 7.16638339782e-07, 6.29700821264e-07, 1.3633814433e-06, 1.03247157313e-06, 7.69732594108e-07, 7.02861370883e-07, 1.05837727915e-06, 2.86071622213e-06, 8.51352069731e-06, 2.11610040424e-06, 1.57606223183e-06, 8.5701867647e-07, 1.59406772582e-06, 2.11479683591e-12],
        "max": [0.0256624110043, 0.567263007164, 0.0653730407357, 0.0234662350267, 0.0709590315819, 0.0321511775255, 0.00901092309505, 0.00577266095206, 0.00438091345131, 0.00440507754683, 0.00127892324235, 0.00287590175867, 0.00340274441987, 0.0157268997282, 0.00997170433402, 0.00714646093547, 0.00791944377124, 0.00678687496111, 0.00791674852371, 0.00850627478212, 0.0114890234545, 0.0175421535969, 0.00983327906579, 0.00905201770365, 0.00462125055492, 0.00757483672351, 1.76127614395e-05],
        "mean": [0.00186689454131, 0.0474813245237, 0.00331687694415, 0.00179473648313, 0.0026447919663, 0.000826667179354, 0.000470301543828, 0.00017672686954, 0.000102194375359, 0.000164500452229, 5.38866661373e-05, 8.32647056086e-05, 8.53473175084e-05, 0.000230061850743, 0.000206530050491, 0.000212178871152, 0.000126086437376, 0.000129353298689, 0.00014593313972, 0.000197710032808, 0.000232402642723, 0.000318940205034, 0.000219871784793, 0.000196324472199, 0.000155217188876, 0.000140921212733, 7.13141119491e-08],
        "median": [0.000767222605646, 0.0117278015241, 0.00055847724434, 0.000533770187758, 0.000575553101953, 0.000150720268721, 8.44587921165e-05, 2.42988116952e-05, 8.9609375209e-06, 8.69842097018e-06, 3.62020341527e-06, 5.33908678335e-06, 5.43582518731e-06, 1.02057383629e-05, 9.22499930311e-06, 9.64903210843e-06, 4.15453541791e-06, 3.70597967958e-06, 9.14654435746e-07, 9.7618772088e-07, 9.43185625601e-07, 1.01146429188e-06, 5.86380622281e-07, 5.24538506852e-07, 2.60688921117e-07, 6.7623943778e-08, 4.73449002225e-10],
        "min": [5.83042891744e-10, 4.13461862081e-07, 2.88669554038e-07, 1.69279843476e-07, 5.32675073828e-07, 1.03243209537e-07, 3.78176885363e-08, 2.77906355706e-08, 3.27746114692e-08, 1.92268689858e-08, 1.41628664352e-08, 1.22570913419e-08, 2.07638386485e-08, 1.7614770087e-08, 1.51483998678e-08, 1.65877676039e-08, 4.08322886614e-09, 3.41143113758e-09, 2.74070366402e-09, 2.40865505319e-09, 2.1677095674e-09, 2.7046860307e-09, 2.77850165098e-09, 2.83981793636e-09, 4.17411244458e-11, 1.45740346874e-11, 1.50480478772e-11],
        "var": [1.08423610072e-05, 0.00932670757174, 8.77571656019e-05, 8.22442143544e-06, 4.67654099339e-05, 4.51576852356e-06, 9.27736209633e-07, 2.42797511874e-07, 1.30887030991e-07, 2.67722555236e-07, 2.48779308265e-08, 5.11851858676e-08, 7.51755848682e-08, 6.67130166221e-07, 4.14987539443e-07, 4.78221522826e-07, 3.22367554872e-07, 3.57967195441e-07, 5.05307752974e-07, 6.93188724199e-07, 1.32365380523e-06, 3.11483745463e-06, 1.15356135666e-06, 7.40803614008e-07, 3.70598314703e-07, 4.37734655634e-07, 4.76226968017e-13]
    },
    "erbbands": {
        "dmean": [1.48619961739, 9.35076618195, 7.35490703583, 4.84293556213, 4.86576890945, 9.79787540436, 10.611738205, 5.76347541809, 6.03525543213, 3.82171726227, 2.37426590919, 2.69049048424, 4.17676734924, 3.19237327576, 2.73271393776, 2.78547286987, 3.4624979496, 5.37372207642, 8.86795806885, 12.0263109207, 11.8889951706, 8.04022312164, 7.43318033218, 8.22026443481, 7.61870241165, 8.75738048553, 12.0795898438, 10.6834640503, 11.6682071686, 12.6373167038, 7.12105369568, 5.33707046509, 3.3023648262, 2.03375840187, 1.26165223122, 0.911375045776, 0.337939292192, 0.0297759026289, 0.000566386675928, 7.7370175859e-05],
        "dmean2": [2.33565044403, 14.5100698471, 12.2132148743, 8.46598339081, 7.8940987587, 17.3734302521, 18.1703853607, 9.04729652405, 10.1762657166, 5.80451583862, 3.69226098061, 4.82676553726, 6.9440984726, 5.28912210464, 4.59898328781, 4.32503271103, 5.329454422, 7.87311410904, 13.3313293457, 18.1662559509, 20.1667499542, 13.0962839127, 10.8894815445, 12.0125865936, 10.2122039795, 12.3000173569, 18.1632556915, 15.9008674622, 17.8507537842, 20.0621967316, 10.5459051132, 8.00465583801, 5.03419160843, 3.13653755188, 1.9904153347, 1.52250063419, 0.571118652821, 0.0510986112058, 0.000957487151027, 0.000116316812637],
        "dvar": [10.3537349701, 400.157653809, 287.763702393, 106.972839355, 82.4780426025, 1438.41809082, 1270.94482422, 216.78666687, 199.887405396, 86.7752914429, 34.6070747375, 113.764450073, 206.811431885, 112.92427063, 53.0551719666, 50.405708313, 96.7067337036, 206.428985596, 932.738952637, 1115.21154785, 1503.09326172, 922.794921875, 979.804016113, 1363.97961426, 693.768981934, 895.142211914, 2929.75268555, 1965.96386719, 2664.33105469, 3679.52856445, 854.784851074, 398.306274414, 147.092102051, 47.225730896, 17.9461994171, 12.3950691223, 2.13552165031, 0.0169968064874, 5.34842683919e-06, 2.08795025713e-08],
        "dvar2": [23.286277771, 876.533203125, 731.986755371, 302.980865479, 209.257171631, 4138.61425781, 3531.53637695, 591.850158691, 500.528717041, 182.820144653, 76.4812545776, 326.923278809, 559.858520508, 291.591827393, 139.327819824, 106.853889465, 204.565170288, 396.848144531, 1960.41552734, 2303.52563477, 3963.60229492, 2313.87744141, 2261.04980469, 3131.58178711, 1204.62390137, 1734.33398438, 6911.65283203, 4374.77978516, 6272.08691406, 8867.16796875, 1769.20874023, 865.164611816, 334.306793213, 103.97252655, 43.0936088562, 32.0447731018, 5.65725755692, 0.0460901223123, 1.43603074321e-05, 4.86918914078e-08],
        "max": [18.1086940765, 132.447616577, 107.91557312, 70.4374160767, 110.066749573, 341.403656006, 360.025054932, 184.49571228, 161.267440796, 108.714630127, 92.3662261963, 106.802154541, 150.573104858, 111.165283203, 75.3097076416, 87.9292449951, 150.011871338, 247.832763672, 654.365234375, 474.276062012, 407.440216064, 390.628509521, 344.952880859, 474.725006104, 304.011749268, 355.442565918, 548.403442383, 500.813659668, 520.897583008, 603.528686523, 304.10559082, 221.805801392, 127.425674438, 60.7437858582, 35.6725006104, 33.8538131714, 14.4625473022, 1.14822876453, 0.02018417418, 0.00100978731643],
        "mean": [1.49013483524, 9.97934436798, 6.83941268921, 5.1988067627, 6.26748275757, 9.24199962616, 10.1520614624, 6.56281137466, 7.05262088776, 5.06627655029, 3.11177897453, 2.47492408752, 4.39488840103, 3.50276660919, 2.7452147007, 3.30411911011, 4.10734701157, 6.93205881119, 11.9418640137, 14.1470813751, 10.304017067, 6.75217962265, 7.07728528976, 7.39942455292, 7.93654441833, 8.45498180389, 10.3702688217, 9.35919094086, 9.78745746613, 10.0965795517, 6.39765882492, 4.74279880524, 2.86373949051, 1.8187173605, 1.02944052219, 0.691325068474, 0.250468373299, 0.0206675771624, 0.000420716038207, 8.97558056749e-05],
        "median": [0.335280448198, 2.51873326302, 1.56990098953, 1.87910711765, 2.0650498867, 1.56743180752, 1.38996100426, 1.33111774921, 1.15517270565, 0.880209207535, 0.528141260147, 0.248194560409, 0.288052260876, 0.228242829442, 0.199531808496, 0.212972193956, 0.269254952669, 0.431814730167, 0.564708411694, 0.704746901989, 0.469719618559, 0.256775259972, 0.204013377428, 0.0954167246819, 0.0447877831757, 0.0455181598663, 0.0345993079245, 0.0439518243074, 0.037480648607, 0.0222443882376, 0.0166976843029, 0.0130629846826, 0.00639226287603, 0.00348979537375, 0.00165627291426, 0.000566235627048, 9.28282825043e-05, 7.68937388784e-06, 1.429612621e-05, 2.58305772149e-05],
        "min": [3.0381202123e-06, 0.000122546378407, 0.000517665292136, 0.00419019022956, 0.00225690822117, 0.00278134853579, 0.00156580645125, 0.00104515068233, 0.000625864195172, 0.000812687852886, 0.000776542408857, 0.00104419316631, 0.00103632581886, 0.000876434263773, 0.000631701259408, 0.00053093401948, 0.000926512817387, 0.00106471288018, 0.00120220403187, 0.000951545196585, 0.00109485827852, 0.000455111206975, 0.000242712718318, 0.000240662338911, 0.000154512250447, 0.000113907808554, 0.000123051053379, 0.000122232246213, 0.000148440070916, 0.000131551205413, 0.000127302977489, 0.000103069571196, 7.70084370743e-05, 5.4185060435e-05, 3.64915576938e-05, 4.95106360177e-06, 8.84864505224e-07, 4.43014620544e-08, 3.26784181937e-08, 6.55461249721e-08],
        "var": [10.3912763596, 415.863800049, 235.97164917, 81.6736221313, 109.952339172, 926.51751709, 911.468566895, 231.509033203, 241.322174072, 142.008239746, 62.2045936584, 78.660736084, 182.132843018, 110.324523926, 52.6416702271, 77.9265213013, 173.055877686, 364.933807373, 1500.03991699, 1774.41589355, 1282.8404541, 822.329345703, 1050.74157715, 1430.89892578, 1122.61499023, 1261.64562988, 2927.1340332, 2117.21875, 2586.67944336, 3217.11645508, 980.007446289, 446.047912598, 153.248931885, 51.3669891357, 16.7623767853, 9.33137989044, 1.50055480003, 0.0113058360294, 3.67840857507e-06, 2.34643913188e-08]
    },
    "gfcc": {
        "mean": [-136.427124023, 136.446090698, -64.5901641846, 45.8334846497, -25.7208805084, 18.0409030914, -37.1846733093, 3.03982210159, -4.76710891724, 3.5171456337, -8.85188674927, -3.27426981926, -0.20166669786],
        "cov": [[12538.4384766, -3733.1965332, -2017.10644531, 98.4453887939, -1256.54064941, 194.701583862, -744.344665527, 196.037033081, -1172.81677246, 467.105255127, -686.489990234, 400.934753418, -363.079833984], [-3733.1965332, 3202.55541992, 424.186096191, -326.801513672, 788.542175293, -367.742614746, 255.992935181, -331.415466309, 590.930908203, -391.163970947, 400.436584473, -260.409698486, 360.862945557], [-2017.10644531, 424.186096191, 2050.7578125, 405.403930664, 667.617675781, 98.3164291382, 542.95098877, 70.1835174561, 352.15713501, -19.4864273071, 175.314971924, -61.1182441711, 58.067779541], [98.4453887939, -326.801513672, 405.403930664, 531.307312012, 118.971687317, 162.250320435, 139.270324707, 47.1184921265, 57.7859306335, -2.65449047089, 21.8712177277, -53.4806060791, 12.4562168121], [-1256.54064941, 788.542175293, 667.617675781, 118.971687317, 897.306335449, 77.0049438477, 373.43057251, 21.4485168457, 282.79119873, -53.3418579102, 125.147796631, -74.8550033569, 114.452651978], [194.701583862, -367.742614746, 98.3164291382, 162.250320435, 77.0049438477, 236.916168213, 73.4197006226, 66.9178695679, 3.39448928833, 50.9350090027, -23.9367904663, 2.0778260231, -30.749704361], [-744.344665527, 255.992935181, 542.95098877, 139.270324707, 373.43057251, 73.4197006226, 328.257659912, 68.0343704224, 176.355300903, -14.7026033401, 99.9966964722, -27.5710773468, 43.3218803406], [196.037033081, -331.415466309, 70.1835174561, 47.1184921265, 21.4485168457, 66.9178695679, 68.0343704224, 141.995666504, -17.8432254791, 69.5653305054, -27.9256362915, 38.6993675232, -40.0283622742], [-1172.81677246, 590.930908203, 352.15713501, 57.7859306335, 282.79119873, 3.39448928833, 176.355300903, -17.8432254791, 264.438842773, -40.9726753235, 134.675888062, -67.1798019409, 81.2902297974], [467.105255127, -391.163970947, -19.4864273071, -2.65449047089, -53.3418579102, 50.9350090027, -14.7026033401, 69.5653305054, -40.9726753235, 123.21723938, -34.3268890381, 48.3584480286, -53.4275474548], [-686.489990234, 400.436584473, 175.314971924, 21.8712177277, 125.147796631, -23.9367904663, 99.9966964722, -27.9256362915, 134.675888062, -34.3268890381, 134.881317139, -31.5448894501, 57.2306213379], [400.934753418, -260.409698486, -61.1182441711, -53.4806060791, -74.8550033569, 2.0778260231, -27.5710773468, 38.6993675232, -67.1798019409, 48.3584480286, -31.5448894501, 89.2906951904, -25.3664073944], [-363.079833984, 360.862945557, 58.067779541, 12.4562168121, 114.452651978, -30.749704361, 43.3218803406, -40.0283622742, 81.2902297974, -53.4275474548, 57.2306213379, -25.3664073944, 105.521537781]],
        "icov": [[0.000179911337909, 5.617957504e-05, 0.000128879357362, -0.000175202701939, -1.93084943021e-05, 9.29713132791e-05, -0.000197776593268, 0.000270887889201, 0.000536417763215, -0.000499616668094, 0.000243096525082, -0.000162381838891, -0.000228415432503], [5.617957504e-05, 0.00243995757774, 2.97841215797e-05, 0.0016300433781, -0.0011543269502, 0.00143782491796, 0.000541872752365, 0.00105686555617, -0.00211440306157, 0.00312188477255, -0.00199397560209, 0.00209509930573, -0.00171558919828], [0.000128879357362, 2.97841215797e-05, 0.00112253718544, -0.000730304629542, -0.000143264522194, 0.000544551934581, -0.00156041921582, 0.000787522294559, -0.000283213681541, -0.000607466965448, 0.000524102768395, -0.00066517770756, 0.000529973185621], [-0.000175202701939, 0.0016300433781, -0.000730304629542, 0.00451573077589, -0.000328006019117, -0.00113337428775, 0.000268127885647, -0.000271456461633, -0.00118552707136, 0.00294770020992, -0.00191940669902, 0.00393312424421, -0.00210373988375], [-1.93084943021e-05, -0.0011543269502, -0.000143264522194, -0.000328006019117, 0.00320561812259, -0.0011500173714, -0.00289966515265, 0.000144567049574, -5.67039132875e-05, -0.00176960311364, 0.00246098218486, -0.000265732000116, -0.00081898632925], [9.29713132791e-05, 0.00143782491796, 0.000544551934581, -0.00113337428775, -0.0011500173714, 0.00777614489198, -0.00113856024109, 0.000259321328485, -0.00149973668158, -0.000447531812824, 0.000610536022577, 0.00125141779426, 0.00021457594994], [-0.000197776593268, 0.000541872752365, -0.00156041921582, 0.000268127885647, -0.00289966515265, -0.00113856024109, 0.0126018468291, -0.00610551703721, -0.00270896567963, 0.0045254281722, -0.00532819423825, -0.000457340298453, 0.000775044551119], [0.000270887889201, 0.00105686555617, 0.000787522294559, -0.000271456461633, 0.000144567049574, 0.000259321328485, -0.00610551703721, 0.0155630772933, -0.000459811242763, -0.00508128665388, 0.00320615852252, -0.00254185684025, 0.000677076517604], [0.000536417763215, -0.00211440306157, -0.000283213681541, -0.00118552707136, -5.67039132875e-05, -0.00149973668158, -0.00270896567963, -0.000459811242763, 0.0166407134384, -0.00668533938006, -0.00511046173051, 0.0034480697941, -0.00266920123249], [-0.000499616668094, 0.00312188477255, -0.000607466965448, 0.00294770020992, -0.00176960311364, -0.000447531812824, 0.0045254281722, -0.00508128665388, -0.00668533938006, 0.0218107048422, -0.00416683731601, -0.00251147011295, 0.00344404997304], [0.000243096525082, -0.00199397560209, 0.000524102768395, -0.00191940669902, 0.00246098218486, 0.000610536022577, -0.00532819423825, 0.00320615852252, -0.00511046173051, -0.00416683731601, 0.0205739829689, -0.00347526883706, -0.00166077236645], [-0.000162381838891, 0.00209509930573, -0.00066517770756, 0.00393312424421, -0.000265732000116, 0.00125141779426, -0.000457340298453, -0.00254185684025, 0.0034480697941, -0.00251147011295, -0.00347526883706, 0.0220420658588, -0.00468968786299], [-0.000228415432503, -0.00171558919828, 0.000529973185621, -0.00210373988375, -0.00081898632925, 0.00021457594994, 0.000775044551119, 0.000677076517604, -0.00266920123249, 0.00344404997304, -0.00166077236645, -0.00468968786299, 0.0189773831517]]
    },
    "melbands": {
        "dmean": [0.0128031224012, 0.00641667004675, 0.000828531337902, 0.000498640642036, 0.000405435042921, 0.000130415253807, 8.49170028232e-05, 3.77841133741e-05, 1.77010952029e-05, 1.72141371877e-05, 2.2118587367e-05, 1.4597721929e-05, 8.68249662744e-06, 8.58732073539e-06, 7.41990515962e-06, 7.35416870157e-06, 1.11016761366e-05, 1.53294513439e-05, 1.53717282956e-05, 1.6983198293e-05, 1.36037260745e-05, 8.68841198098e-06, 6.67054609949e-06, 7.12226938049e-06, 6.64092976876e-06, 5.16673071616e-06, 6.02358250035e-06, 5.89250430494e-06, 8.08765435067e-06, 6.3548268372e-06, 5.95973278905e-06, 6.11079030932e-06, 8.70887197379e-06, 5.90660647504e-06, 3.98461361328e-06, 3.57643193638e-06, 3.19528271575e-06, 2.32705656344e-06, 2.15632258005e-06, 1.60098670676e-06],
        "dmean2": [0.0200854204595, 0.00979081075639, 0.001426502713, 0.000847533345222, 0.000703546684235, 0.000201516915695, 0.000142608856549, 5.70936535951e-05, 2.80839394691e-05, 3.10886280204e-05, 3.65487176168e-05, 2.39918172156e-05, 1.47138243847e-05, 1.3452157873e-05, 1.15487364383e-05, 1.15231368909e-05, 1.63287804753e-05, 2.35287170653e-05, 2.25962066907e-05, 2.71809785772e-05, 2.34858016483e-05, 1.45113126564e-05, 1.03582060547e-05, 1.05699791675e-05, 9.87186649581e-06, 6.81705705574e-06, 9.18528894545e-06, 8.25935694593e-06, 1.21412876979e-05, 9.7185247796e-06, 8.80391235114e-06, 9.3078278951e-06, 1.40080246638e-05, 9.23825245991e-06, 5.80706318942e-06, 5.46778346688e-06, 4.7807620831e-06, 3.60462445315e-06, 3.38762015417e-06, 2.44018951889e-06],
        "dvar": [0.00076195813017, 0.000179062000825, 2.85358009933e-06, 2.25263715947e-06, 2.03509239327e-06, 1.06550317014e-07, 3.84584772917e-08, 8.46221226425e-09, 2.16283324583e-09, 4.64887950358e-09, 5.65055024992e-09, 2.35797803505e-09, 5.63428748102e-10, 5.06026109903e-10, 4.72276218133e-10, 3.68181124477e-10, 1.01501418381e-09, 3.66417962638e-09, 2.36050801128e-09, 2.28546048753e-09, 2.23975216151e-09, 1.01990238477e-09, 9.19498421847e-10, 9.08254249588e-10, 9.55221679533e-10, 4.4466372251e-10, 3.78421322056e-10, 4.7494597144e-10, 1.4005953064e-09, 7.29597326998e-10, 6.13474659961e-10, 7.08398506521e-10, 1.85812565334e-09, 7.47931105938e-10, 2.61008381575e-10, 2.09668615803e-10, 1.3436929347e-10, 8.90827411837e-11, 5.4884811973e-11, 2.99080725463e-11],
        "dvar2": [0.00164871290326, 0.000381918944186, 8.03484635981e-06, 6.23856340098e-06, 5.73871921006e-06, 2.81402151359e-07, 9.48641130094e-08, 1.7445547229e-08, 5.07604225319e-09, 1.34229782844e-08, 1.51915724445e-08, 6.01379879228e-09, 1.46149981006e-09, 1.11406506242e-09, 9.33806476588e-10, 8.78619232925e-10, 1.94871940806e-09, 7.77032216348e-09, 5.02145791614e-09, 5.39837996527e-09, 5.99921090583e-09, 2.60694865695e-09, 2.26217200527e-09, 2.10226946962e-09, 2.24523355463e-09, 8.07534539238e-10, 8.43044190013e-10, 9.473198892e-10, 3.33259930763e-09, 1.70474123706e-09, 1.32843469558e-09, 1.68630898134e-09, 4.61111460126e-09, 1.75560355142e-09, 5.31663268966e-10, 4.51988363404e-10, 2.96940722011e-10, 2.12919376574e-10, 1.27634777747e-10, 6.52377804555e-11],
        "max": [0.152705326676, 0.100464008749, 0.0112583721057, 0.0156350843608, 0.0143125914037, 0.00417435029522, 0.00224404293112, 0.00102576578502, 0.000614312011749, 0.000665976083837, 0.000776728265919, 0.000508494384121, 0.000187010358786, 0.000327145418851, 0.000337072211551, 0.00024750205921, 0.000628299079835, 0.00149854552001, 0.000910674978513, 0.000482158589875, 0.000502909300849, 0.000393723428715, 0.000411401357269, 0.000361764075933, 0.000399856682634, 0.000259742868366, 0.000188672769582, 0.000260356784565, 0.000407724408433, 0.000291690521408, 0.000271494995104, 0.000311388663249, 0.000423162739025, 0.000288191833533, 0.00016819773009, 0.000152090884512, 0.000130474116304, 0.000105179875391, 5.93859258515e-05, 5.12590449944e-05],
        "mean": [0.0136947454885, 0.0071256486699, 0.000917066819966, 0.000558282656129, 0.000384440878406, 0.000148547216668, 9.96473245323e-05, 5.19602217537e-05, 2.16656007979e-05, 1.53002929437e-05, 2.32373458857e-05, 1.61302959896e-05, 8.50245669426e-06, 9.2591444627e-06, 8.96705569176e-06, 8.32817568153e-06, 1.45144385897e-05, 2.10883736145e-05, 1.78807404154e-05, 1.76389785338e-05, 1.0966258742e-05, 7.08448351361e-06, 6.00747807766e-06, 6.63379341859e-06, 5.85183079238e-06, 5.40680457561e-06, 5.98878477831e-06, 5.57860039407e-06, 6.92082585374e-06, 5.46341016161e-06, 5.27017300556e-06, 5.17470243722e-06, 6.76001263855e-06, 4.81249207951e-06, 3.60564240509e-06, 3.18586444337e-06, 2.82947394226e-06, 1.97277017833e-06, 1.88784702004e-06, 1.41941416132e-06],
        "median": [0.00331766204908, 0.00175242230762, 0.000306124158669, 0.000144401594298, 5.06295400555e-05, 2.99047624139e-05, 1.5712916138e-05, 8.81891173776e-06, 3.46812726093e-06, 1.23531515328e-06, 1.43971158195e-06, 9.99716689876e-07, 6.15861267761e-07, 4.93528148127e-07, 5.90407466916e-07, 5.60325759125e-07, 7.8772274037e-07, 8.67111168645e-07, 7.0838910915e-07, 8.32341982004e-07, 4.17570646505e-07, 2.72292965064e-07, 1.52667638531e-07, 1.72081357164e-07, 5.72286502631e-08, 3.06447134335e-08, 3.24748690161e-08, 2.75163021257e-08, 2.18774438565e-08, 1.80325514521e-08, 2.67045994207e-08, 2.2594720761e-08, 1.26128751887e-08, 1.14767670922e-08, 1.01219361781e-08, 7.59759188895e-09, 7.33163352251e-09, 3.99122646044e-09, 3.57572105258e-09, 2.483210082e-09],
