{
"highlevel": {
    "danceability": {
        "all": {
            "danceable": 0.275008141994,
            "not_danceable": 0.724991858006
        },
        "probability": 0.724991858006,
        "value": "not_danceable"
    },
    "gender": {
        "all": {
            "female": 0.984753787518,
            "male": 0.0152462366968
        },
        "probability": 0.984753787518,
        "value": "female"
    },
    "genre_dortmund": {
        "all": {
            "alternative": 0.0211093146354,
            "blues": 0.0945934951305,
            "electronic": 0.135468780994,
            "folkcountry": 0.0272626765072,
            "funksoulrnb": 0.00955689419061,
            "jazz": 0.642945051193,
            "pop": 0.0105181233957,
            "raphiphop": 0.0479838661849,
            "rock": 0.0105617828667
        },
        "probability": 0.642945051193,
        "value": "jazz"
    },
    "genre_electronic": {
        "all": {
            "ambient": 0.261873543262,
            "dnb": 0.0185734648257,
            "house": 0.679702699184,
            "techno": 0.0230356026441,
            "trance": 0.016814686358
        },
        "probability": 0.679702699184,
        "value": "house"
    },
    "genre_rosamerica": {
        "all": {
            "cla": 0.049768909812,
            "dan": 0.00641246233135,
            "hip": 0.0492145121098,
            "jaz": 0.216746598482,
            "pop": 0.012836040929,
            "rhy": 0.642110586166,
            "roc": 0.00258635939099,
            "spe": 0.0203245207667
        },
        "probability": 0.642110586166,
        "value": "rhy"
    },
    "genre_tzanetakis": {
        "all": {
            "blu": 0.0582162067294,
            "cla": 0.0300825797021,
            "cou": 0.0739462375641,
            "dis": 0.0936680436134,
            "hip": 0.270799517632,
            "jaz": 0.270679473877,
            "met": 0.0386627651751,
            "pop": 0.0541751980782,
            "reg": 0.0554009228945,
            "roc": 0.0543690435588
        },
        "probability": 0.270799517632,
        "value": "hip"
    },
    "ismir04_rhythm": {
        "all": {
            "ChaChaCha": 0.291021823883,
            "Jive": 0.00959732942283,
            "Quickstep": 0.0305411294103,
            "Rumba-American": 0.135860234499,
            "Rumba-International": 0.149324834347,
            "Rumba-Misc": 0.0335567481816,
            "Samba": 0.0378041155636,
            "Tango": 0.234047323465,
            "VienneseWaltz": 0.0483050756156,
            "Waltz": 0.0299413837492
        },
        "probability": 0.291021823883,
        "value": "ChaChaCha"
    },
    "mood_acoustic": {
        "all": {
            "acoustic": 0.429982811213,
            "not_acoustic": 0.570017158985
        },
        "probability": 0.570017158985,
        "value": "not_acoustic"
    },
    "mood_aggressive": {
        "all": {
            "aggressive": 0.0100985588506,
            "not_aggressive": 0.989901423454
        },
        "probability": 0.989901423454,
        "value": "not_aggressive"
    },
    "mood_electronic": {
        "all": {
            "electronic": 0.571197330952,
            "not_electronic": 0.428802639246
        },
        "probability": 0.571197330952,
        "value": "electronic"
    },
    "mood_happy": {
        "all": {
            "happy": 0.0345716290176,
            "not_happy": 0.965428352356
        },
        "probability": 0.965428352356,
        "value": "not_happy"
    },
    "mood_party": {
        "all": {
            "not_party": 0.873474121094,
            "party": 0.126525908709
        },
        "probability": 0.873474121094,
        "value": "not_party"
    },
    "mood_relaxed": {
        "all": {
            "not_relaxed": 0.557769179344,
            "relaxed": 0.442230820656
        },
        "probability": 0.557769179344,
        "value": "not_relaxed"
    },
    "mood_sad": {
        "all": {
            "not_sad": 0.120744757354,
            "sad": 0.879255235195
        },
        "probability": 0.879255235195,
        "value": "sad"
    },
    "moods_mirex": {
        "all": {
            "Cluster1": 0.112423963845,
            "Cluster2": 0.203924179077,
            "Cluster3": 0.486535012722,
            "Cluster4": 0.17030826211,
            "Cluster5": 0.0268085710704
        },
        "probability": 0.486535012722,
        "value": "Cluster3"
    },
    "timbre": {
        "all": {
            "bright": 0.994925796986,
            "dark": 0.00507419137284
        },
        "probability": 0.994925796986,
        "value": "bright"
    },
    "tonal_atonal": {
        "all": {
            "atonal": 0.543402254581,
            "tonal": 0.456597745419
        },
        "probability": 0.543402254581,
        "value": "atonal"
    },
    "voice_instrumental": {
        "all": {
            "instrumental": 0.988638579845,
            "voice": 0.0113614210859
        },
        "probability": 0.988638579845,
        "value": "instrumental"
    }
},
"lowlevel": {
    "average_loudness": 0.945542156696,
    "barkbands_crest": {
        "dmean": 2.22881102562,
        "dmean2": 3.23945522308,
        "dvar": 5.81822824478,
        "dvar2": 11.9973678589,
        "max": 26.5752429962,
        "mean": 14.0420999527,
        "median": 13.7972364426,
        "min": 2.56067705154,
        "var": 27.0984210968
    },
    "barkbands_flatness_db": {
        "dmean": 0.0296302884817,
        "dmean2": 0.0391299724579,
        "dvar": 0.00128681340721,
        "dvar2": 0.0021669503767,
        "max": 0.596402168274,
        "mean": 0.261118143797,
        "median": 0.258243262768,
        "min": 0.0859527587891,
        "var": 0.00539357494563
    },
    "barkbands_kurtosis": {
        "dmean": 28.2448482513,
        "dmean2": 51.2007827759,
        "dvar": 30542.8398438,
        "dvar2": 90334.234375,
        "max": 2726.90991211,
        "mean": 25.1579627991,
        "median": 9.44762039185,
        "min": -1.8765027523,
        "var": 16676.3847656
    },
    "barkbands_skewness": {
        "dmean": 1.16933631897,
        "dmean2": 1.82710945606,
        "dvar": 9.11774730682,
        "dvar2": 26.1394271851,
        "max": 37.5220298767,
        "mean": 2.62735915184,
        "median": 2.20828485489,
        "min": -1.79670953751,
        "var": 8.54229068756
    },
    "barkbands_spread": {
        "dmean": 5.19613981247,
        "dmean2": 7.6738653183,
        "dvar": 98.9447402954,
        "dvar2": 194.263122559,
        "max": 79.3203277588,
        "mean": 10.1597623825,
        "median": 5.85818338394,
        "min": 0.0531302914023,
        "var": 147.081176758
    },
    "dissonance": {
        "dmean": 0.0327820144594,
        "dmean2": 0.0517800934613,
        "dvar": 0.000868683448061,
        "dvar2": 0.00235023791902,
        "max": 0.499533623457,
        "mean": 0.416265934706,
        "median": 0.417956531048,
        "min": 0.218770429492,
        "var": 0.00259808381088
    },
    "dynamic_complexity": 3.82871651649,
    "erbbands_crest": {
        "dmean": 2.62187409401,
        "dmean2": 3.91209435463,
        "dvar": 7.05023384094,
        "dvar2": 15.4501686096,
        "max": 31.2239627838,
        "mean": 13.1525917053,
        "median": 12.4232749939,
        "min": 3.10447978973,
        "var": 33.191028595
    },
    "erbbands_flatness_db": {
        "dmean": 0.0201231185347,
        "dmean2": 0.0277102179825,
        "dvar": 0.000452009640867,
        "dvar2": 0.00085260119522,
        "max": 0.411441534758,
        "mean": 0.237707227468,
        "median": 0.229423850775,
        "min": 0.11304011941,
        "var": 0.00348862353712
    },
    "erbbands_kurtosis": {
        "dmean": 3.33163738251,
        "dmean2": 5.23814678192,
        "dvar": 73.7714385986,
        "dvar2": 173.642944336,
        "max": 104.742645264,
        "mean": 4.3473534584,
        "median": 2.56255912781,
        "min": -1.85742807388,
        "var": 77.1777496338
    },
    "erbbands_skewness": {
        "dmean": 0.685429751873,
        "dmean2": 0.972168564796,
        "dvar": 1.08417856693,
        "dvar2": 1.96633076668,
        "max": 8.27982330322,
        "mean": 1.27122187614,
        "median": 1.40591454506,
        "min": -3.54512691498,
        "var": 1.9151648283
    },
    "erbbands_spread": {
        "dmean": 12.1732587814,
        "dmean2": 18.7978286743,
        "dvar": 386.600128174,
        "dvar2": 952.540771484,
        "max": 161.625686646,
        "mean": 28.8263339996,
        "median": 20.8014297485,
        "min": 2.74681735039,
        "var": 595.829406738
    },
    "hfc": {
        "dmean": 6.22913789749,
        "dmean2": 8.52480220795,
        "dvar": 177.073623657,
        "dvar2": 290.45135498,
        "max": 153.773727417,
        "mean": 10.97955513,
        "median": 4.06711864471,
        "min": 0.225606650114,
        "var": 373.742370605
    },
    "melbands_crest": {
        "dmean": 2.46304225922,
        "dmean2": 3.53200149536,
        "dvar": 7.25847864151,
        "dvar2": 16.0452613831,
        "max": 34.1570739746,
        "mean": 16.926410675,
        "median": 16.59100914,
        "min": 3.24568939209,
        "var": 39.5906257629
    },
    "melbands_flatness_db": {
        "dmean": 0.0375094711781,
        "dmean2": 0.0476557202637,
        "dvar": 0.00222029560246,
        "dvar2": 0.00358279119246,
        "max": 0.724191844463,
        "mean": 0.302855968475,
        "median": 0.306083679199,
        "min": 0.049671754241,
        "var": 0.00903627369553
    },
    "melbands_kurtosis": {
        "dmean": 21.0129432678,
        "dmean2": 34.7201805115,
        "dvar": 5116.72558594,
        "dvar2": 15099.9423828,
        "max": 976.178527832,
        "mean": 31.2990474701,
        "median": 14.9087123871,
        "min": -1.51393377781,
        "var": 4511.65380859
    },
    "melbands_skewness": {
        "dmean": 1.15662837029,
        "dmean2": 1.75803339481,
        "dvar": 4.15565729141,
        "dvar2": 10.2141103745,
        "max": 24.2838821411,
        "mean": 3.17532587051,
        "median": 2.49854898453,
        "min": -0.695160210133,
        "var": 8.49492454529
    },
    "melbands_spread": {
        "dmean": 6.44659137726,
        "dmean2": 9.49487686157,
        "dvar": 233.22227478,
        "dvar2": 549.497253418,
        "max": 171.251907349,
        "mean": 12.2583522797,
        "median": 6.57399749756,
        "min": 0.252461820841,
        "var": 324.927185059
    },
    "pitch_salience": {
        "dmean": 0.0607425160706,
        "dmean2": 0.087907999754,
        "dvar": 0.00429971469566,
        "dvar2": 0.00840185303241,
        "max": 0.821649134159,
        "mean": 0.463748663664,
        "median": 0.468789458275,
        "min": 0.0339066646993,
        "var": 0.026269486174
    },
    "silence_rate_20dB": {
        "dmean": 0,
        "dmean2": 0,
        "dvar": 0,
        "dvar2": 0,
        "max": 1,
        "mean": 1,
        "median": 1,
        "min": 1,
        "var": 0
    },
    "silence_rate_30dB": {
        "dmean": 0.0247678011656,
        "dmean2": 0.0495739728212,
        "dvar": 0.0241545625031,
        "dvar2": 0.0486648716033,
        "max": 1,
        "mean": 0.960556864738,
        "median": 1,
        "min": 0,
        "var": 0.0378878489137
    },
    "silence_rate_60dB": {
        "dmean": 0.0448916405439,
        "dmean2": 0.0883036404848,
        "dvar": 0.0428761094809,
        "dvar2": 0.0836043357849,
        "max": 1,
        "mean": 0.105181746185,
        "median": 0,
        "min": 0,
        "var": 0.094118013978
    },
    "spectral_centroid": {
        "dmean": 322.587493896,
        "dmean2": 450.708953857,
        "dvar": 331874.40625,
        "dvar2": 613360.1875,
        "max": 4232.74267578,
        "mean": 896.644042969,
        "median": 599.29699707,
        "min": 85.0952682495,
        "var": 641716.75
    },
    "spectral_complexity": {
        "dmean": 2.70510840416,
        "dmean2": 3.75677776337,
        "dvar": 31.1753044128,
        "dvar2": 43.0347328186,
        "max": 62,
        "mean": 8.84454727173,
        "median": 6,
        "min": 1,
        "var": 115.208274841
    },
    "spectral_decrease": {
        "dmean": 2.50052245576e-09,
        "dmean2": 3.00349078941e-09,
        "dvar": 4.91415891994e-17,
        "dvar2": 6.00316072521e-17,
        "max": -1.11895694099e-10,
        "mean": -5.45376011019e-09,
        "median": -2.72843192484e-09,
        "min": -9.09420876383e-08,
        "var": 1.21382746252e-16
    },
    "spectral_energy": {
        "dmean": 0.00987811200321,
        "dmean2": 0.0119112795219,
        "dvar": 0.000710876542144,
        "dvar2": 0.000866995134857,
        "max": 0.345407009125,
        "mean": 0.0215796418488,
        "median": 0.0108119044453,
        "min": 0.000452950422186,
        "var": 0.00177532667294
    },
    "spectral_energyband_high": {
        "dmean": 0.000612465606537,
        "dmean2": 0.000920443155337,
        "dvar": 2.23083520723e-06,
        "dvar2": 5.10365134687e-06,
        "max": 0.0129392435774,
        "mean": 0.000558085448574,
        "median": 1.47169139382e-05,
        "min": 1.06013101231e-06,
        "var": 2.59259445556e-06
    },
    "spectral_energyband_low": {
        "dmean": 0.0072926110588,
        "dmean2": 0.00851343385875,
        "dvar": 0.000745454570279,
        "dvar2": 0.000925993372221,
        "max": 0.34411406517,
        "mean": 0.0116360336542,
        "median": 0.00093415309675,
        "min": 1.81423658319e-08,
        "var": 0.00175415433478
    },
    "spectral_energyband_middle_high": {
        "dmean": 0.00148088578135,
        "dmean2": 0.002058070153,
        "dvar": 2.48773048952e-05,
        "dvar2": 4.69304068247e-05,
        "max": 0.0788985416293,
        "mean": 0.00284915370867,
        "median": 0.000383785285521,
        "min": 8.10925394035e-06,
        "var": 5.0411792472e-05
    },
    "spectral_energyband_middle_low": {
        "dmean": 0.00255723111331,
        "dmean2": 0.00385896116495,
        "dvar": 3.35420481861e-05,
        "dvar2": 9.03868640307e-05,
        "max": 0.0599739551544,
        "mean": 0.00743032665923,
        "median": 0.00507292384282,
        "min": 3.26836816384e-05,
        "var": 5.21980000485e-05
    },
    "spectral_entropy": {
        "dmean": 0.318502157927,
        "dmean2": 0.425730198622,
        "dvar": 0.165020257235,
        "dvar2": 0.266167402267,
        "max": 8.14187717438,
        "mean": 6.80289745331,
        "median": 6.68790340424,
        "min": 4.58860826492,
        "var": 0.495254218578
    },
    "spectral_flux": {
        "dmean": 0.0248582623899,
        "dmean2": 0.036618065089,
        "dvar": 0.00232841516845,
        "dvar2": 0.00398274231702,
        "max": 0.548867344856,
        "mean": 0.0542299374938,
        "median": 0.0292474087328,
        "min": 0.00340298935771,
        "var": 0.00545081868768
    },
    "spectral_kurtosis": {
        "dmean": 3.43318033218,
        "dmean2": 5.64417886734,
        "dvar": 21.0498523712,
        "dvar2": 56.5127563477,
        "max": 37.7516174316,
        "mean": 6.20051908493,
        "median": 5.09355068207,
        "min": -1.01251721382,
        "var": 31.7652015686
    },
    "spectral_rms": {
        "dmean": 0.000783554452937,
        "dmean2": 0.00094858976081,
        "dvar": 1.88679052826e-06,
        "dvar2": 2.26878478315e-06,
        "max": 0.0183570813388,
        "mean": 0.00375141366385,
        "median": 0.00324779911898,
        "min": 0.000664757739287,
        "var": 6.98015446687e-06
    },
    "spectral_rolloff": {
        "dmean": 459.314422607,
        "dmean2": 758.135314941,
        "dvar": 1377239.375,
        "dvar2": 3048730.75,
        "max": 6589.16015625,
        "mean": 953.739379883,
        "median": 516.796875,
        "min": 64.599609375,
        "var": 1679914.625
    },
    "spectral_skewness": {
        "dmean": 0.502331912518,
        "dmean2": 0.719154417515,
        "dvar": 0.355065494776,
        "dvar2": 0.738173246384,
        "max": 4.98517370224,
        "mean": 1.68279993534,
        "median": 1.83898460865,
        "min": -0.506926476955,
        "var": 0.863712787628
    },
    "spectral_spread": {
        "dmean": 494573.46875,
        "dmean2": 751944.4375,
        "dvar": 335017738240,
        "dvar2": 804106338304,
        "max": 7190811,
        "mean": 3721450.5,
        "median": 3564714.25,
        "min": 1462809.25,
        "var": 1.06102318694e+12
    },
    "spectral_strongpeak": {
        "dmean": 0.263815760612,
        "dmean2": 0.375406235456,
        "dvar": 0.157511547208,
        "dvar2": 0.278692662716,
        "max": 6.61550426483,
        "mean": 0.991304039955,
        "median": 0.752936661243,
        "min": 0.039420042187,
        "var": 0.839633226395
    },
    "zerocrossingrate": {
        "dmean": 0.0107512576506,
        "dmean2": 0.0120425056666,
        "dvar": 0.000237895888858,
        "dvar2": 0.000286424823571,
        "max": 0.16357421875,
        "mean": 0.0362948179245,
        "median": 0.02783203125,
        "min": 0.0029296875,
        "var": 0.000822727219202
    },
    "barkbands": {
        "dmean": [8.83690954652e-05, 0.00645117275417, 0.00335086672567, 0.00116885080934, 0.000363656872651, 0.000772121769842, 0.000572636199649, 7.13121698936e-05, 0.000184719217941, 0.000423401914304, 0.00024007736647, 0.000203349918593, 0.000203748437343, 0.000212003229535, 0.000118646319606, 0.000121823002701, 8.12553771539e-05, 0.000106565756141, 0.000133378634928, 0.000130508647999, 0.000143083423609, 0.000241577974521, 0.000134000947583, 1.66620939126e-05, 9.45682302245e-07, 1.42945268067e-07, 8.29067259289e-10],
        "dmean2": [0.000138272269396, 0.0083341402933, 0.00582020916045, 0.00207959092222, 0.000580758438446, 0.00095469475491, 0.000775832450017, 0.000103396065242, 0.000250099168625, 0.000475498556625, 0.000373191986, 0.000340613041772, 0.000353024166543, 0.000351289374521, 0.000183126539923, 0.000221621332457, 0.000122466197354, 0.000158922353876, 0.000199466754566, 0.000187588069821, 0.000204887663131, 0.000382489321055, 0.000207881515962, 2.81439333776e-05, 1.47685022966e-06, 2.35977509533e-07, 1.49879131328e-09],
        "dvar": [1.857731462e-07, 0.000838298816234, 0.000306951784296, 2.84966372419e-05, 4.15523231823e-07, 1.57848990057e-06, 1.51465133058e-06, 3.8204181152e-08, 2.5998218689e-07, 1.7949435005e-06, 8.60818431647e-07, 7.3512489962e-07, 5.75461513108e-07, 8.88590875547e-07, 2.78970304635e-07, 3.02439474353e-07, 1.17714698433e-07, 1.71487798184e-07, 2.26477155252e-07, 1.88082367458e-07, 1.34725766543e-07, 3.57109797733e-07, 1.05198985523e-07, 1.92011917477e-09, 7.96061133679e-12, 4.77657410153e-13, 2.89538050491e-18],
        "dvar2": [4.42607984041e-07, 0.00156760727987, 0.00084981857799, 8.20258501335e-05, 9.94277797872e-07, 2.27918940254e-06, 2.35397396864e-06, 8.31923046007e-08, 5.09513597535e-07, 1.75556976956e-06, 2.08733081308e-06, 1.64032871908e-06, 1.342007522e-06, 2.17686351789e-06, 5.91708953834e-07, 8.76406375028e-07, 2.40892489956e-07, 3.94931731762e-07, 4.53804375411e-07, 3.87199975194e-07, 2.57941536574e-07, 8.7705501528e-07, 2.42426438035e-07, 5.02487740306e-09, 1.86095236443e-11, 1.16238084696e-12, 8.0130565853e-18],
        "max": [0.00588287785649, 0.339973926544, 0.191681861877, 0.0506586283445, 0.0062232115306, 0.0209790598601, 0.0334236584604, 0.00343879847787, 0.0109743867069, 0.0355349555612, 0.0137493265793, 0.0135038215667, 0.0127084525302, 0.0118575505912, 0.0107468171045, 0.0107138538733, 0.00747549720109, 0.00714975735173, 0.00523875560611, 0.00543372472748, 0.00395192671567, 0.00393978739157, 0.00178793759551, 0.000304500950733, 3.69123372366e-05, 9.31659633352e-06, 1.98899545722e-08],
        "mean": [9.142656927e-05, 0.00801926571876, 0.00280009373091, 0.00114962982479, 0.00065769982757, 0.00283606071025, 0.00174630712718, 0.000148698789417, 0.000510892539751, 0.00116138986778, 0.000370077992557, 0.000237554428168, 0.000267218449153, 0.000267799856374, 0.00015332660405, 0.000122497265693, 0.000106558516563, 0.000129491454572, 0.000178944377694, 0.000155017420184, 0.000153342800331, 0.000191966275452, 0.000110253480671, 1.28411475089e-05, 1.12372572403e-06, 1.72545782107e-07, 7.15019932152e-10],
        "median": [6.61023022985e-07, 0.000117707517347, 0.000168104656041, 0.000162285126862, 0.000276290957117, 0.00115568644833, 0.00019816996064, 1.03268730527e-05, 0.000103750062408, 5.34878927283e-05, 3.02890384773e-05, 8.15488419903e-06, 1.74152173713e-05, 1.30377884489e-05, 9.0041266958e-06, 5.52044821234e-06, 8.2314836618e-06, 1.0203731108e-05, 1.47734454004e-05, 9.68482345343e-06, 4.42988311988e-06, 2.83511303678e-06, 2.79112578028e-06, 1.16987280308e-06, 4.18370973421e-07, 7.61667138249e-08, 1.6922316326e-10],
        "min": [3.99397737105e-10, 5.74153391497e-10, 2.8550792841e-09, 1.0966602737e-08, 3.25615047814e-07, 5.65255163565e-07, 1.31629477096e-07, 5.07257098548e-08, 1.15696813907e-07, 1.90978699521e-08, 9.9101981732e-08, 2.22784795056e-08, 1.0102603909e-07, 1.39472092542e-07, 9.52653138597e-08, 1.2510194658e-08, 9.82633849844e-08, 1.81954590062e-07, 4.28651532047e-07, 3.89863203054e-07, 3.28263496385e-07, 6.24622202849e-08, 1.38101690084e-08, 1.01234876038e-09, 1.5600816472e-10, 1.0153135277e-11, 1.07350265829e-11],
        "var": [2.06150104987e-07, 0.00125819758978, 0.000206698809052, 1.72423988261e-05, 9.21923742681e-07, 1.41902255564e-05, 1.13991991384e-05, 1.75800906277e-07, 1.60254705861e-06, 1.19851756608e-05, 1.14356305403e-06, 8.50412106956e-07, 7.95935250153e-07, 1.17137483358e-06, 3.46398280726e-07, 2.90575286499e-07, 1.74931855668e-07, 2.48919718615e-07, 4.0962495973e-07, 3.02940861729e-07, 2.27571831601e-07, 3.23111095213e-07, 9.97826035132e-08, 1.44854905848e-09, 7.63477996102e-12, 3.94597684606e-13, 3.14267690239e-18]
    },
    "erbbands": {
        "dmean": [0.151068419218, 1.58088350296, 3.47884178162, 4.11442136765, 2.181661129, 1.0920753479, 2.20783281326, 7.21856403351, 9.93388462067, 4.54613733292, 1.56613206863, 4.84390354156, 8.05710887909, 14.5840415955, 8.49703979492, 8.60750675201, 8.90309238434, 10.5199403763, 7.02923345566, 4.91876173019, 8.53621482849, 4.0464925766, 5.82709264755, 6.1787853241, 6.64204216003, 5.93067121506, 6.21195268631, 5.20486783981, 8.31960296631, 8.1071472168, 2.93358135223, 0.6608979702, 0.109808422625, 0.0210055969656, 0.00415508868173, 0.00104938133154, 0.00020096047956, 1.68298938661e-05, 6.3280476752e-06, 1.17822264656e-05],
        "dmean2": [0.189511045814, 2.15974497795, 5.36257553101, 7.2565536499, 3.58128643036, 1.67012417316, 3.04888296127, 9.02547168732, 13.2194671631, 6.12124061584, 2.26672554016, 6.57615089417, 9.59516334534, 18.241771698, 12.3785390854, 14.64661026, 15.4039487839, 16.9949207306, 10.3674030304, 7.43106937408, 15.2115392685, 5.81766176224, 8.25081443787, 9.17818069458, 9.56337070465, 8.6403093338, 8.88512229919, 7.71120977402, 13.2174129486, 13.3137378693, 4.49787187576, 1.04230833054, 0.184102386236, 0.0338631905615, 0.00659731822088, 0.00170210574288, 0.000334471871611, 2.68233743554e-05, 7.87255885371e-06, 1.42934068208e-05],
        "dvar": [0.44357419014, 52.1065216064, 271.155975342, 421.298217773, 45.4352645874, 3.27260565758, 16.4945049286, 179.373504639, 400.53125, 279.346832275, 14.112244606, 184.271957397, 546.241210938, 2427.64135742, 945.316162109, 1312.77661133, 1119.30456543, 2160.31982422, 890.893493652, 450.268341064, 1506.94494629, 268.377563477, 525.518310547, 587.362731934, 434.741149902, 398.269348145, 282.996795654, 189.437652588, 425.258209229, 423.990997314, 49.1350479126, 2.64676904678, 0.0810649320483, 0.00291586830281, 0.000251769728493, 2.2118421839e-05, 1.0362350622e-06, 5.01578956147e-09, 1.66901520382e-10, 8.34541824535e-10],
        "dvar2": [0.688667595387, 99.0746994019, 682.937805176, 1198.42578125, 119.756912231, 7.15955638885, 42.7517051697, 253.558670044, 608.729919434, 488.106842041, 30.0960979462, 365.379974365, 683.985107422, 3273.52978516, 2082.25561523, 3181.34594727, 2680.63891602, 5284.18408203, 1892.51647949, 930.253845215, 4349.18359375, 506.165039062, 1105.4375, 1211.01428223, 868.985351562, 858.347412109, 544.923400879, 379.367980957, 1039.6328125, 1067.8560791, 105.238838196, 6.39073038101, 0.206431955099, 0.00690684048459, 0.000614672084339, 5.37718551641e-05, 2.5381211799e-06, 1.2087316037e-08, 2.2258696275e-10, 1.01301433908e-09],
        "max": [7.91823482513, 81.6106643677, 206.166229248, 204.928359985, 65.4868011475, 24.9626159668, 62.0889053345, 266.384490967, 506.894836426, 414.085418701, 77.1022415161, 311.54019165, 511.576293945, 1243.71447754, 429.63571167, 570.717834473, 579.670410156, 725.773681641, 430.850646973, 442.277160645, 763.419494629, 339.090087891, 392.12902832, 284.588195801, 262.474700928, 223.688568115, 187.384078979, 149.933959961, 144.085784912, 120.716781616, 44.688167572, 10.6828975677, 2.1658217907, 0.539939105511, 0.259279578924, 0.0629075095057, 0.0152538884431, 0.000946418847889, 0.000153905144543, 0.000372773065465],
        "mean": [0.218847945333, 1.84673213959, 3.31929254532, 3.89554095268, 2.66163754463, 2.2042825222, 6.41852855682, 25.7480278015, 30.4885921478, 17.9244232178, 4.39470767975, 13.4928007126, 22.58776474, 33.1309318542, 13.5118455887, 10.4681491852, 11.5470619202, 14.8071317673, 8.66280460358, 6.93898010254, 8.59409618378, 5.60720300674, 7.03010940552, 8.2259979248, 8.75452518463, 7.0320558548, 6.7314658165, 5.61151599884, 6.70268249512, 6.10337305069, 2.55327320099, 0.549768328667, 0.0915796011686, 0.0216404385865, 0.00525199482217, 0.00133937981445, 0.000238875669311, 1.75417444552e-05, 1.22805977298e-05, 2.51599558396e-05],
        "median": [0.00212660548277, 0.0399162396789, 0.262495130301, 0.654469847679, 0.721233308315, 0.873605728149, 3.3375685215, 9.25802516937, 4.38630723953, 1.52098560333, 1.30980122089, 2.73588824272, 2.21118402481, 2.29138827324, 2.43055438995, 0.99567937851, 0.976721644402, 0.761537730694, 0.67558825016, 0.433752566576, 0.471730828285, 0.419931083918, 0.497891515493, 0.592458248138, 0.885263681412, 0.50620675087, 0.1813762784, 0.17909322679, 0.117259554565, 0.0897926241159, 0.075863443315, 0.0351133607328, 0.0142470179126, 0.00624690251425, 0.00222561671399, 0.000627586385235, 0.00010419949831, 5.56538452656e-06, 5.62344712307e-06, 1.23926465676e-05],
        "min": [3.9605563984e-07, 2.05619699045e-06, 1.51603726408e-05, 0.000125264545204, 0.000959139841143, 0.0121549135074, 0.0125269591808, 0.00472063338384, 0.013895617798, 0.0042994976975, 0.0173816438764, 0.00347273075022, 0.00345051195472, 0.0117457471788, 0.0149817122146, 0.00672769546509, 0.00605495693162, 0.00635012891144, 0.00674814078957, 0.00653464859352, 0.00571447983384, 0.0067309611477, 0.013081501238, 0.0204210281372, 0.0251103043556, 0.0184364859015, 0.0157777089626, 0.00899534951895, 0.00319649209268, 0.000919020269066, 0.000330978218699, 5.77408791287e-05, 1.41867531056e-05, 9.04093212739e-06, 2.95653103422e-06, 1.11285930871e-06, 2.87761821482e-07, 6.14805202304e-08, 2.3811263361e-07, 5.28918178588e-07],
        "var": [0.869341909885, 70.5655441284, 236.922149658, 255.988708496, 39.0364875793, 11.8221435547, 52.8490905762, 1550.21582031, 2678.6730957, 3646.38061523, 65.9121627808, 1120.42541504, 3173.29516602, 12891.4042969, 1310.16052246, 1389.73352051, 1454.43969727, 3602.4921875, 1138.13317871, 634.131835938, 1407.78881836, 462.826751709, 779.825622559, 942.654663086, 866.20501709, 616.701171875, 488.902069092, 295.071258545, 390.874847412, 346.536437988, 50.713596344, 2.3704123497, 0.064070276916, 0.00273057329468, 0.000216370943235, 1.85645258171e-05, 8.42153099256e-07, 4.34615765599e-09, 4.33488717144e-10, 2.15334905462e-09]
    },
    "gfcc": {
        "mean": [-114.061775208, 128.517166138, -127.199913025, 37.0838165283, -78.3921813965, -1.61289942265, -27.6597366333, -7.89901685715, -17.0198287964, -8.85462188721, -0.159480243921, -3.95069003105, -0.414510041475],
        "cov": [[3638.35449219, -822.414001465, -922.914550781, 473.549621582, -173.584320068, 306.648254395, 84.9048843384, -219.580780029, 164.356445312, 12.7005414963, -35.2129440308, 14.3326663971, -59.004524231], [-822.414001465, 1136.640625, 503.062194824, -457.846130371, 395.092834473, -109.853752136, 38.1037788391, 105.830856323, -98.0559234619, 4.06345415115, 37.7640304565, -93.9561157227, 32.202041626], [-922.914550781, 503.062194824, 2657.25708008, 1123.55224609, 370.997070312, 687.787597656, 100.93964386, 363.125396729, 17.9117202759, 20.7874794006, 10.9201011658, -78.7498016357, -85.3606338501], [473.549621582, -457.846130371, 1123.55224609, 1506.62365723, 154.774459839, 544.395568848, 229.706314087, 62.0363121033, 199.668258667, -23.6687908173, -8.22723865509, 0.208646461368, -80.9446334839], [-173.584320068, 395.092834473, 370.997070312, 154.774459839, 456.451721191, 118.642547607, 139.787628174, 93.4210357666, 46.9834709167, 35.5244216919, 31.9735870361, -46.2019996643, 3.80065512657], [306.648254395, -109.853752136, 687.787597656, 544.395568848, 118.642547607, 435.925994873, 68.5294799805, 128.999450684, 82.6446228027, 51.0631408691, 14.1613531113, -0.380135625601, -23.6044368744], [84.9048843384, 38.1037788391, 100.93964386, 229.706314087, 139.787628174, 68.5294799805, 226.982254028, 17.0224208832, 148.730056763, -7.52769613266, 41.9204101562, 27.699136734, 35.1314201355], [-219.580780029, 105.830856323, 363.125396729, 62.0363121033, 93.4210357666, 128.999450684, 17.0224208832, 222.093139648, 58.07554245, 60.2613067627, 51.4103507996, 38.5240249634, 56.2796783447], [164.356445312, -98.0559234619, 17.9117202759, 199.668258667, 46.9834709167, 82.6446228027, 148.730056763, 58.07554245, 280.183502197, 56.7831726074, 91.3275299072, 71.4204864502, 95.8104629517], [12.7005414963, 4.06345415115, 20.7874794006, -23.6687908173, 35.5244216919, 51.0631408691, -7.52769613266, 60.2613067627, 56.7831726074, 90.2878036499, 48.8194580078, 18.9183692932, 20.1992378235], [-35.2129440308, 37.7640304565, 10.9201011658, -8.22723865509, 31.9735870361, 14.1613531113, 41.9204101562, 51.4103507996, 91.3275299072, 48.8194580078, 89.7834243774, 34.6361732483, 50.882232666], [14.3326663971, -93.9561157227, -78.7498016357, 0.208646461368, -46.2019996643, -0.380135625601, 27.699136734, 38.5240249634, 71.4204864502, 18.9183692932, 34.6361732483, 77.4841003418, 67.1325836182], [-59.004524231, 32.202041626, -85.3606338501, -80.9446334839, 3.80065512657, -23.6044368744, 35.1314201355, 56.2796783447, 95.8104629517, 20.1992378235, 50.882232666, 67.1325836182, 135.541503906]],
        "icov": [[0.000532299338374, -0.000154685883899, 0.000538592401426, -0.000229449724429, 0.000222166243475, -0.00109331472777, 5.74559744564e-05, 0.00024676771136, -0.000186482880963, 0.000116538409202, 7.42094343877e-05, 0.000254639104242, 0.000117127689009], [-0.000154685883899, 0.00396345276386, -0.00179245020263, 0.00223203375936, -0.00258039357141, 0.00166819582228, -0.0012941097375, 0.00038830190897, 0.000749997445382, 0.000664420833346, -0.00155677797738, 0.00325670419261, -0.00192556949332], [0.000538592401426, -0.00179245020263, 0.00225280458108, -0.00166466552764, 0.00111275631934, -0.00234365765937, 0.000778648827691, -0.00144676701166, -3.88297803511e-06, 0.000718946917914, 4.40068615717e-05, 0.000213889987208, 0.000817648717202], [-0.000229449724429, 0.00223203375936, -0.00166466552764, 0.0033585652709, -0.00157242058776, -0.000579284853302, -0.00115948414896, 0.00125328579452, -0.0010807455983, 0.00194312306121, -0.000381721241865, 2.18170989683e-05, 0.000657392607536], [0.000222166243475, -0.00258039357141, 0.00111275631934, -0.00157242058776, 0.00626612547785, -0.00117490359116, -0.00327644241042, -0.00167959730607, 0.00104779214598, -0.00343567295931, 0.00118820450734, 0.0038703570608, -0.000953824201133], [-0.00109331472777, 0.00166819582228, -0.00234365765937, -0.000579284853302, -0.00117490359116, 0.00926677789539, -0.000938938988838, -0.00201502814889, 0.000556067854632, -0.0042053363286, 0.00140082859434, 0.00112118804827, -0.000814954342786], [5.74559744564e-05, -0.0012941097375, 0.000778648827691, -0.00115948414896, -0.00327644241042, -0.000938938988838, 0.0125334309414, 0.000964638893493, -0.00623118691146, 0.00724239554256, -0.0019990389701, -0.00570249510929, 0.00330982473679], [0.00024676771136, 0.00038830190897, -0.00144676701166, 0.00125328579452, -0.00167959730607, -0.00201502814889, 0.000964638893493, 0.010682657361, 0.000205810341868, -0.00266097346321, -0.00112985039596, -0.00505415070802, -0.00195852364413], [-0.000186482880963, 0.000749997445382, -3.88297803511e-06, -0.0010807455983, 0.00104779214598, 0.000556067854632, -0.00623118691146, 0.000205810341868, 0.0119055043906, -0.00579279474914, -0.00423989258707, 0.00104773137718, -0.00578980939463], [0.000116538409202, 0.000664420833346, 0.000718946917914, 0.00194312306121, -0.00343567295931, -0.0042053363286, 0.00724239554256, -0.00266097346321, -0.00579279474914, 0.0261882022023, -0.0105242235586, -0.00324049731717, 0.00584558676928], [7.42094343877e-05, -0.00155677797738, 4.40068615717e-05, -0.000381721241865, 0.00118820450734, 0.00140082859434, -0.0019990389701, -0.00112985039596, -0.00423989258707, -0.0105242235586, 0.0249808337539, -0.00279631721787, -0.00202752975747], [0.000254639104242, 0.00325670419261, 0.000213889987208, 2.18170989683e-05, 0.0038703570608, 0.00112118804827, -0.00570249510929, -0.00505415070802, 0.00104773137718, -0.00324049731717, -0.00279631721787, 0.0377513952553, -0.0147576937452], [0.000117127689009, -0.00192556949332, 0.000817648717202, 0.000657392607536, -0.000953824201133, -0.000814954342786, 0.00330982473679, -0.00195852364413, -0.00578980939463, 0.00584558676928, -0.00202752975747, -0.0147576937452, 0.0199259687215]]
    },
    "melbands": {
        "dmean": [0.00166049110703, 0.00160981703084, 0.000672177236993, 0.000103883699921, 6.75986593706e-05, 0.000168133818079, 0.000142490564031, 4.0151320718e-05, 1.48495755639e-05, 2.99564344459e-05, 4.14464338974e-05, 6.10666247667e-05, 3.25453511323e-05, 2.29713714361e-05, 2.13403200178e-05, 2.0186902475e-05, 1.99518653972e-05, 1.25234228108e-05, 8.69956056704e-06, 5.30141915078e-06, 1.1452659237e-05, 4.3440331865e-06, 4.286055173e-06, 5.5216646615e-06, 5.58777219339e-06, 4.79666323372e-06, 4.17913724959e-06, 4.15706335843e-06, 4.10541542806e-06, 3.65292544302e-06, 2.62862636191e-06, 3.8144391965e-06, 6.2028730099e-06, 4.21943832407e-06, 1.92898323803e-06, 6.44763758828e-07, 2.72241976518e-07, 7.73601200876e-08, 3.04201357437e-08, 1.27307746567e-08],
        "dmean2": [0.00205955351703, 0.00209889234975, 0.00115973246284, 0.000163548800629, 9.45756182773e-05, 0.000211894861422, 0.000186856166692, 5.43393398402e-05, 2.11186052184e-05, 4.10204884247e-05, 4.89708545501e-05, 7.48333550291e-05, 5.00417118019e-05, 3.75891941076e-05, 3.61910897482e-05, 3.54194744432e-05, 3.18843485729e-05, 1.83921110875e-05, 1.33639332489e-05, 8.72145028552e-06, 2.04436710192e-05, 6.25992834102e-06, 6.61018702885e-06, 7.93459639681e-06, 8.43764428282e-06, 7.21429159967e-06, 5.87261047258e-06, 6.29038913758e-06, 6.05383820584e-06, 5.26492476638e-06, 3.98392649004e-06, 6.00281464358e-06, 1.02366429928e-05, 6.99000020177e-06, 2.95905169878e-06, 9.89259888229e-07, 4.48434064992e-07, 1.33697568572e-07, 5.07941209094e-08, 2.03405363663e-08],
        "dvar": [5.48874595552e-05, 4.58181311842e-05, 1.00188008219e-05, 4.56400499615e-08, 1.38492604052e-08, 8.57396500464e-08, 8.26649397823e-08, 2.29857786138e-08, 1.55068602403e-09, 6.93741419866e-09, 1.431104657e-08, 4.54387105719e-08, 1.55015325021e-08, 9.10577035995e-09, 7.43558947747e-09, 6.2199281281e-09, 7.82005660227e-09, 2.84032330988e-09, 1.61720059566e-09, 4.55951415512e-10, 3.03374414479e-09, 3.37487843227e-10, 2.87788737285e-10, 4.75320727222e-10, 5.20077703126e-10, 2.51586446121e-10, 1.60360294488e-10, 2.2440277414e-10, 1.32448940704e-10, 1.05603532863e-10, 4.57679380506e-11, 8.78604342058e-11, 2.53886078827e-10, 1.16116907756e-10, 2.1552220078e-11, 2.36299196356e-12, 4.94403346388e-13, 4.34315635485e-14, 6.05550418497e-15, 1.25640577061e-15],
        "dvar2": [9.83934878604e-05, 8.23863156256e-05, 2.81622506009e-05, 1.11100504796e-07, 3.40613688365e-08, 1.22253155155e-07, 1.20251669955e-07, 4.11244478471e-08, 2.91643131867e-09, 1.4361314804e-08, 1.76093237769e-08, 5.57660513323e-08, 3.72292880968e-08, 1.88876612128e-08, 1.82629662504e-08, 1.48273988643e-08, 1.96495548721e-08, 6.45340181293e-09, 3.29153349021e-09, 1.09403330839e-09, 8.78003536542e-09, 6.53054943456e-10, 5.29442656383e-10, 1.14122922223e-09, 1.17535969846e-09, 4.96460539345e-10, 3.08285980077e-10, 5.19379983466e-10, 2.64637561864e-10, 2.13341302957e-10, 8.81668696384e-11, 2.05815156584e-10, 6.44794551086e-10, 2.94902852138e-10, 4.61242224969e-11, 4.9820625056e-12, 1.2783255357e-12, 1.13795339254e-13, 1.47348868946e-14, 3.02268471788e-15],
        "max": [0.0895815342665, 0.0854624807835, 0.0308538265526, 0.00202294671908, 0.00176349608228, 0.00514744641259, 0.00778778875247, 0.00376434787177, 0.000824862334412, 0.00185540411621, 0.00254397233948, 0.00562714133412, 0.00162605277728, 0.00156770425383, 0.0014403059613, 0.0012499128934, 0.00122594705317, 0.000766290235333, 0.00083160988288, 0.000403316516895, 0.00111662538256, 0.000422212382546, 0.000231689075008, 0.000377929740353, 0.000267450202955, 0.000168920276337, 0.000177601890755, 0.000165483914316, 0.000124415164464, 0.000120499484183, 6.62946840748e-05, 7.99419067334e-05, 9.10922535695e-05, 5.80595042265e-05, 3.28304704453e-05, 1.02364510894e-05, 4.65577431896e-06, 1.66097447618e-06, 6.86902922098e-07, 4.9352371434e-07],
        "mean": [0.00216326094232, 0.00202766736038, 0.000650483474601, 0.000166157842614, 0.000198098205146, 0.000601412961259, 0.000449341256171, 0.000151606320287, 4.39360737801e-05, 7.94600709924e-05, 0.000115341324999, 0.000141233307659, 5.17276712344e-05, 2.76507780654e-05, 2.4905486498e-05, 2.81194079434e-05, 2.69202264462e-05, 1.4313203792e-05, 1.12978668767e-05, 7.15707847121e-06, 1.10625387606e-05, 5.86754049436e-06, 5.71938198846e-06, 6.21317940386e-06, 6.69410746923e-06, 6.7645191848e-06, 5.30582065039e-06, 4.62536900159e-06, 4.37609151049e-06, 3.87746695196e-06, 2.90312709694e-06, 3.27142652168e-06, 4.58512204204e-06, 3.14133421853e-06, 1.68028850567e-06, 5.91292803165e-07, 2.12573695535e-07, 6.17962427896e-08, 2.85503425346e-08, 1.38100206826e-08],
        "median": [2.46407798841e-05, 0.000138833289384, 0.000115179893328, 6.14117307123e-05, 0.000101546065707, 0.000202019902645, 6.20040736976e-05, 4.97558630741e-06, 1.11461522465e-05, 1.83814790944e-05, 8.64625417307e-06, 7.27537053535e-06, 5.84527742831e-06, 1.18490572731e-06, 2.96690450341e-06, 1.32179798129e-06, 1.40833753903e-06, 8.1326425061e-07, 5.61336833016e-07, 4.51173207239e-07, 5.67998995393e-07, 3.82793103881e-07, 3.81046874054e-07, 4.2244477072e-07, 4.35142396782e-07, 6.32261503597e-07, 5.22484072008e-07, 2.55252103898e-07, 1.01984923617e-07, 1.0214773738e-07, 1.01819978227e-07, 6.17003053094e-08, 5.25428873743e-08, 4.76909747249e-08, 4.71789043388e-08, 3.23638111865e-08, 1.6863525687e-08, 1.04104582732e-08, 6.92995527629e-09, 4.65133798144e-09],
