{
"highlevel": {
    "danceability": {
        "all": {
            "danceable": 4.20191064165e-08,
            "not_danceable": 0.999999940395
        },
        "probability": 0.999999940395,
        "value": "not_danceable"
    },
    "gender": {
        "all": {
            "female": 0.0737852230668,
            "male": 0.926214754581
        },
        "probability": 0.926214754581,
        "value": "male"
    },
    "genre_dortmund": {
        "all": {
            "alternative": 0.168072730303,
            "blues": 0.0514362864196,
            "electronic": 0.0165013093501,
            "folkcountry": 0.0164542235434,
            "funksoulrnb": 0.00589037733153,
            "jazz": 0.0050511197187,
            "pop": 0.0179125573486,
            "raphiphop": 0.0011320002377,
            "rock": 0.71754938364
        },
        "probability": 0.71754938364,
        "value": "rock"
    },
    "genre_electronic": {
        "all": {
            "ambient": 0.326153844595,
            "dnb": 0.351072400808,
            "house": 0.0296579506248,
            "techno": 0.0182358007878,
            "trance": 0.274880021811
        },
        "probability": 0.351072400808,
        "value": "dnb"
    },
    "genre_rosamerica": {
        "all": {
            "cla": 0.000838774256408,
            "dan": 0.000116037430416,
            "hip": 9.58121891017e-05,
            "jaz": 0.000224888790399,
            "pop": 0.00145579024684,
            "rhy": 0.000229728670092,
            "roc": 0.996985793114,
            "spe": 5.31719742867e-05
        },
        "probability": 0.996985793114,
        "value": "roc"
    },
    "genre_tzanetakis": {
        "all": {
            "blu": 0.0626541376114,
            "cla": 0.0348133966327,
            "cou": 0.0783501937985,
            "dis": 0.104547761381,
            "hip": 0.15693578124,
            "jaz": 0.313987255096,
            "met": 0.044816005975,
            "pop": 0.0627349764109,
            "reg": 0.0627352520823,
            "roc": 0.0784252434969
        },
        "probability": 0.313987255096,
        "value": "jaz"
    },
    "ismir04_rhythm": {
        "all": {
            "ChaChaCha": 0.0746177360415,
            "Jive": 0.371959090233,
            "Quickstep": 0.0430666357279,
            "Rumba-American": 0.0101488502696,
            "Rumba-International": 0.00952183455229,
            "Rumba-Misc": 0.00503414310515,
            "Samba": 0.138965889812,
            "Tango": 0.0130185363814,
            "VienneseWaltz": 0.325315207243,
            "Waltz": 0.00835209805518
        },
        "probability": 0.371959090233,
        "value": "Jive"
    },
    "mood_acoustic": {
        "all": {
            "acoustic": 0.00638177199289,
            "not_acoustic": 0.993618249893
        },
        "probability": 0.993618249893,
        "value": "not_acoustic"
    },
    "mood_aggressive": {
        "all": {
            "aggressive": 0.998741388321,
            "not_aggressive": 0.0012586057419
        },
        "probability": 0.998741388321,
        "value": "aggressive"
    },
    "mood_electronic": {
        "all": {
            "electronic": 0.291241794825,
            "not_electronic": 0.708758234978
        },
        "probability": 0.708758234978,
        "value": "not_electronic"
    },
    "mood_happy": {
        "all": {
            "happy": 0.48177999258,
            "not_happy": 0.51822000742
        },
        "probability": 0.51822000742,
        "value": "not_happy"
    },
    "mood_party": {
        "all": {
            "not_party": 0.47494623065,
            "party": 0.525053799152
        },
        "probability": 0.525053799152,
        "value": "party"
    },
    "mood_relaxed": {
        "all": {
            "not_relaxed": 0.993145763874,
            "relaxed": 0.00685426499695
        },
        "probability": 0.993145763874,
        "value": "not_relaxed"
    },
    "mood_sad": {
        "all": {
            "not_sad": 0.83655244112,
            "sad": 0.163447573781
        },
        "probability": 0.83655244112,
        "value": "not_sad"
    },
    "moods_mirex": {
        "all": {
            "Cluster1": 0.17717179656,
            "Cluster2": 0.0251059923321,
            "Cluster3": 0.0354204624891,
            "Cluster4": 0.0115369241685,
            "Cluster5": 0.750764846802
        },
        "probability": 0.750764846802,
        "value": "Cluster5"
    },
    "timbre": {
        "all": {
            "bright": 0.215058714151,
            "dark": 0.784941256046
        },
        "probability": 0.784941256046,
        "value": "dark"
    },
    "tonal_atonal": {
        "all": {
            "atonal": 0.0563755221665,
            "tonal": 0.94362449646
        },
        "probability": 0.94362449646,
        "value": "tonal"
    },
    "voice_instrumental": {
        "all": {
            "instrumental": 0.0161287803203,
            "voice": 0.983871221542
        },
        "probability": 0.983871221542,
        "value": "voice"
    }
},
"lowlevel": {
    "average_loudness": 0.981923520565,
    "barkbands_crest": {
        "dmean": 2.05215358734,
        "dmean2": 3.43339252472,
        "dvar": 3.23115134239,
        "dvar2": 8.32456111908,
        "max": 16.4558906555,
        "mean": 6.84056282043,
        "median": 6.39687299728,
        "min": 2.60738492012,
        "var": 5.4361577034
    },
    "barkbands_flatness_db": {
        "dmean": 0.0136916926131,
        "dmean2": 0.0226249415427,
        "dvar": 0.000126859988086,
        "dvar2": 0.000330539827701,
        "max": 0.210619971156,
        "mean": 0.111047297716,
        "median": 0.109032489359,
        "min": 0.0528092011809,
        "var": 0.000416529481299
    },
    "barkbands_kurtosis": {
        "dmean": 0.897717654705,
        "dmean2": 1.46340227127,
        "dvar": 1.34620523453,
        "dvar2": 3.5119509697,
        "max": 11.0846920013,
        "mean": 0.31583032012,
        "median": -0.0794320106506,
        "min": -1.67332732677,
        "var": 2.38040423393
    },
    "barkbands_skewness": {
        "dmean": 0.362943291664,
        "dmean2": 0.579895436764,
        "dvar": 0.10805760324,
        "dvar2": 0.27063164115,
        "max": 3.15857458115,
        "mean": 0.922236084938,
        "median": 0.851719141006,
        "min": -0.675749063492,
        "var": 0.318188250065
    },
    "barkbands_spread": {
        "dmean": 3.76594519615,
        "dmean2": 6.07897281647,
        "dvar": 10.482632637,
        "dvar2": 26.1864681244,
        "max": 62.9321784973,
        "mean": 27.6080493927,
        "median": 27.6761169434,
        "min": 8.32568740845,
        "var": 38.3163261414
    },
    "dissonance": {
        "dmean": 0.0117254490033,
        "dmean2": 0.0202502682805,
        "dvar": 0.000109763212095,
        "dvar2": 0.000301672320347,
        "max": 0.500000119209,
        "mean": 0.480012863874,
        "median": 0.482827663422,
        "min": 0.408179700375,
        "var": 0.00016161215899
    },
    "dynamic_complexity": 0.682064294815,
    "erbbands_crest": {
        "dmean": 2.61296749115,
        "dmean2": 4.24221420288,
        "dvar": 5.71093463898,
        "dvar2": 14.4612159729,
        "max": 25.3602256775,
        "mean": 8.6763677597,
        "median": 7.50776147842,
        "min": 2.40442037582,
        "var": 19.0931053162
    },
    "erbbands_flatness_db": {
        "dmean": 0.0117311812937,
        "dmean2": 0.0174741260707,
        "dvar": 0.000112503781565,
        "dvar2": 0.000230829769862,
        "max": 0.227514579892,
        "mean": 0.15091149509,
        "median": 0.147555693984,
        "min": 0.0896797329187,
        "var": 0.00064421503339
    },
    "erbbands_kurtosis": {
        "dmean": 0.526784658432,
        "dmean2": 0.860983967781,
        "dvar": 0.32701832056,
        "dvar2": 0.872963488102,
        "max": 6.74678993225,
        "mean": 0.150324642658,
        "median": -0.0816886425018,
        "min": -1.38628089428,
        "var": 1.09795093536
    },
    "erbbands_skewness": {
        "dmean": 0.234732210636,
        "dmean2": 0.375654995441,
        "dvar": 0.0339951664209,
        "dvar2": 0.0850948765874,
        "max": 1.23451125622,
        "mean": -0.07815079391,
        "median": -0.0100204627961,
        "min": -1.86606144905,
        "var": 0.231661438942
    },
    "erbbands_spread": {
        "dmean": 6.06634712219,
        "dmean2": 9.69091320038,
        "dvar": 31.9886894226,
        "dvar2": 79.5952606201,
        "max": 82.2299346924,
        "mean": 35.1891288757,
        "median": 33.7804031372,
        "min": 11.5806665421,
        "var": 121.668670654
    },
    "hfc": {
        "dmean": 4.79431200027,
        "dmean2": 7.33313035965,
        "dvar": 20.6019992828,
        "dvar2": 43.6355705261,
        "max": 84.2185516357,
        "mean": 32.5214691162,
        "median": 31.1436233521,
        "min": 9.38541507721,
        "var": 99.3935623169
    },
    "melbands_crest": {
        "dmean": 3.43538284302,
        "dmean2": 5.62219572067,
        "dvar": 9.30153560638,
        "dvar2": 23.857000351,
        "max": 28.3585681915,
        "mean": 11.8089427948,
        "median": 11.0920467377,
        "min": 3.90409255028,
        "var": 15.9109992981
    },
    "melbands_flatness_db": {
        "dmean": 0.0189652536064,
        "dmean2": 0.0306936651468,
        "dvar": 0.000256551400525,
        "dvar2": 0.00063739111647,
        "max": 0.287817746401,
        "mean": 0.148562610149,
        "median": 0.145439192653,
        "min": 0.0768040046096,
        "var": 0.000857780629303
    },
    "melbands_kurtosis": {
        "dmean": 2.84497833252,
        "dmean2": 4.62658119202,
        "dvar": 13.3133621216,
        "dvar2": 34.2872848511,
        "max": 36.5746383667,
        "mean": 4.6565079689,
        "median": 3.28470134735,
        "min": -1.47829651833,
        "var": 22.9340724945
    },
    "melbands_skewness": {
        "dmean": 0.516880095005,
        "dmean2": 0.824946343899,
        "dvar": 0.246326595545,
        "dvar2": 0.625727951527,
        "max": 5.41125965118,
        "mean": 1.9151070118,
        "median": 1.78374195099,
        "min": 0.233567759395,
        "var": 0.592172384262
    },
    "melbands_spread": {
        "dmean": 6.50111055374,
        "dmean2": 10.5010042191,
        "dvar": 29.9875164032,
        "dvar2": 77.8237915039,
        "max": 72.891708374,
        "mean": 31.7277584076,
        "median": 30.8849086761,
        "min": 6.1628704071,
        "var": 115.447418213
    },
    "pitch_salience": {
        "dmean": 0.0641220957041,
        "dmean2": 0.105764128268,
        "dvar": 0.00270314491354,
        "dvar2": 0.00709241023287,
        "max": 0.824331283569,
        "mean": 0.613474845886,
        "median": 0.616488575935,
        "min": 0.389520376921,
        "var": 0.00654271896929
    },
    "silence_rate_20dB": {
        "dmean": 0,
        "dmean2": 0,
        "dvar": 0,
        "dvar2": 0,
        "max": 1,
        "mean": 1,
        "median": 1,
        "min": 1,
        "var": 0
    },
    "silence_rate_30dB": {
        "dmean": 0,
        "dmean2": 0,
        "dvar": 0,
        "dvar2": 0,
        "max": 1,
        "mean": 1,
        "median": 1,
        "min": 1,
        "var": 0
    },
    "silence_rate_60dB": {
        "dmean": 0,
        "dmean2": 0,
        "dvar": 0,
        "dvar2": 0,
        "max": 0,
        "mean": 0,
        "median": 0,
        "min": 0,
        "var": 0
    },
    "spectral_centroid": {
        "dmean": 204.249450684,
        "dmean2": 344.977355957,
        "dvar": 28460.3339844,
        "dvar2": 75219.4296875,
        "max": 2917.84960938,
        "mean": 1560.35546875,
        "median": 1563.98706055,
        "min": 681.325744629,
        "var": 103149.546875
    },
    "spectral_complexity": {
        "dmean": 4.05959749222,
        "dmean2": 6.76917123795,
        "dvar": 10.9508600235,
        "dvar2": 27.447883606,
        "max": 52,
        "mean": 33.5150794983,
        "median": 33,
        "min": 12,
        "var": 28.771030426
    },
    "spectral_decrease": {
        "dmean": 2.11529593841e-09,
        "dmean2": 3.48711215459e-09,
        "dvar": 4.47445526618e-18,
        "dvar2": 1.12643611205e-17,
        "max": -3.36667738132e-09,
        "mean": -9.13421072113e-09,
        "median": -8.78393979775e-09,
        "min": -2.0418500668e-08,
        "var": 7.32999068779e-18
    },
    "spectral_energy": {
        "dmean": 0.00819971133024,
        "dmean2": 0.013498374261,
        "dvar": 6.66899650241e-05,
        "dvar2": 0.000167659309227,
        "max": 0.0811307430267,
        "mean": 0.0374244041741,
        "median": 0.0361697562039,
        "min": 0.0143037764356,
        "var": 0.000111312598165
    },
    "spectral_energyband_high": {
        "dmean": 0.000308583345031,
        "dmean2": 0.000451520842034,
        "dvar": 1.27276436501e-07,
        "dvar2": 2.18923517536e-07,
        "max": 0.00818943977356,
        "mean": 0.00114374118857,
        "median": 0.000982174067758,
        "min": 5.30292927579e-05,
        "var": 5.855802101e-07
    },
    "spectral_energyband_low": {
        "dmean": 0.00513840001076,
        "dmean2": 0.00840019900352,
        "dvar": 3.59259538527e-05,
        "dvar2": 8.20955319796e-05,
        "max": 0.0486878864467,
        "mean": 0.0107367755845,
        "median": 0.00884359888732,
        "min": 0.000876208767295,
        "var": 5.83634791838e-05
    },
    "spectral_energyband_middle_high": {
        "dmean": 0.00225416570902,
        "dmean2": 0.00360121647827,
        "dvar": 3.88651096728e-06,
        "dvar2": 9.41653888731e-06,
        "max": 0.0306645873934,
        "mean": 0.0110239405185,
        "median": 0.0103938225657,
        "min": 0.00199261959642,
        "var": 1.87989644473e-05
    },
    "spectral_energyband_middle_low": {
        "dmean": 0.00604572612792,
        "dmean2": 0.0101867476478,
        "dvar": 4.81203642266e-05,
        "dvar2": 0.000122746481793,
        "max": 0.0659892782569,
        "mean": 0.0172510650009,
        "median": 0.0153945693746,
        "min": 0.00464721955359,
        "var": 7.54193024477e-05
    },
    "spectral_entropy": {
        "dmean": 0.0750114843249,
        "dmean2": 0.121303722262,
        "dvar": 0.00426384294406,
        "dvar2": 0.00999228656292,
        "max": 8.20565795898,
        "mean": 7.80559825897,
        "median": 7.81842279434,
        "min": 7.34496927261,
        "var": 0.0220593828708
    },
    "spectral_flux": {
        "dmean": 0.0211234912276,
        "dmean2": 0.0343719497323,
        "dvar": 0.00038510383456,
        "dvar2": 0.000936105032451,
        "max": 0.21261882782,
        "mean": 0.107855118811,
        "median": 0.10238404572,
        "min": 0.0475332438946,
        "var": 0.000755975488573
    },
    "spectral_kurtosis": {
        "dmean": 0.993971407413,
        "dmean2": 1.71365725994,
        "dvar": 0.875830590725,
        "dvar2": 2.69254517555,
        "max": 10.0597476959,
        "mean": 3.27702021599,
        "median": 3.22436237335,
        "min": -0.150919437408,
        "var": 1.76847231388
    },
    "spectral_rms": {
        "dmean": 0.000648263143376,
        "dmean2": 0.00105821061879,
        "dvar": 3.69987134263e-07,
        "dvar2": 9.33570959205e-07,
        "max": 0.00889673735946,
        "mean": 0.0059850695543,
        "median": 0.00594033394009,
        "min": 0.00373562634923,
        "var": 6.90600927555e-07
    },
    "spectral_rolloff": {
        "dmean": 343.56362915,
        "dmean2": 586.150390625,
        "dvar": 142560.703125,
        "dvar2": 337266.875,
        "max": 5211.03515625,
        "mean": 1661.9185791,
        "median": 1571.92382812,
        "min": 279.931640625,
        "var": 355818.9375
    },
    "spectral_skewness": {
        "dmean": 0.133326098323,
        "dmean2": 0.227663874626,
        "dvar": 0.0123715810478,
        "dvar2": 0.0361709184945,
        "max": 1.79119896889,
        "mean": 1.30572497845,
        "median": 1.32482075691,
        "min": 0.53469979763,
        "var": 0.0427074879408
    },
    "spectral_spread": {
        "dmean": 311066.6875,
        "dmean2": 461314.9375,
        "dvar": 84690370560,
        "dvar2": 169011757056,
        "max": 6610880,
        "mean": 4073708,
        "median": 4058338.5,
        "min": 2343009.25,
        "var": 434288459776
    },
    "spectral_strongpeak": {
        "dmean": 0.898725569248,
        "dmean2": 1.62588405609,
        "dvar": 2.07873749733,
        "dvar2": 5.29301691055,
        "max": 11.1061124802,
        "mean": 1.14658117294,
        "median": 0.458383858204,
        "min": 0.0475202910602,
        "var": 2.84063601494
    },
    "zerocrossingrate": {
        "dmean": 0.00665113143623,
        "dmean2": 0.00851523131132,
        "dvar": 3.1920033507e-05,
        "dvar2": 4.81834977109e-05,
        "max": 0.13330078125,
        "mean": 0.0659678131342,
        "median": 0.0654296875,
        "min": 0.0244140625,
        "var": 0.000210351412534
    },
    "barkbands": {
        "dmean": [0.000361975951819, 0.0022595890332, 0.0028478608001, 0.00357685470954, 0.00286842510104, 0.0013295467943, 0.000952285423409, 0.000611945986748, 0.00102770247031, 0.000667492102366, 0.000836678082123, 0.000698909687344, 0.000806122261565, 0.000566227070522, 0.00062142952811, 0.000464767043013, 0.000504788593389, 0.000273195881164, 0.000177378693479, 0.000187612648006, 0.000105512910523, 0.000100563614978, 7.65164295444e-05, 4.68379148515e-05, 2.45999653998e-05, 7.23708717487e-06, 7.64217311655e-09],
        "dmean2": [0.000545869232155, 0.00350297987461, 0.00493151089177, 0.0059922914952, 0.00483529223129, 0.002200771356, 0.00162160547916, 0.00102182407863, 0.00164640101139, 0.00107829028275, 0.00137584493496, 0.0011057787342, 0.001339426497, 0.000862798246089, 0.000967569067143, 0.000771588063799, 0.000824660295621, 0.000451734405942, 0.000292487675324, 0.000319991871947, 0.000173608001205, 0.000152766093379, 0.000110143439088, 7.12340915925e-05, 3.67446664313e-05, 1.05832650661e-05, 1.08173985325e-08],
        "dvar": [7.33033175493e-07, 1.50525556819e-05, 1.16991141113e-05, 2.16391290451e-05, 1.52352467921e-05, 2.58485715676e-06, 1.84181703844e-06, 9.24343339648e-07, 1.52627421812e-06, 6.39763186427e-07, 1.08162453216e-06, 8.8642582341e-07, 1.78080017577e-06, 9.80154482022e-07, 1.68561814462e-06, 5.5977119473e-07, 3.5975966739e-07, 1.5036420109e-07, 3.16022763514e-08, 4.24775734587e-08, 1.28546657763e-08, 2.47212987858e-08, 1.22663568192e-08, 4.92744600677e-09, 1.10367459616e-09, 1.72442782276e-10, 2.00693428483e-14],
        "dvar2": [1.54902102167e-06, 3.02656553686e-05, 3.3890533814e-05, 5.70867705392e-05, 4.08260639233e-05, 6.98782423569e-06, 4.98073040944e-06, 2.37907011069e-06, 3.30370812662e-06, 1.61423736245e-06, 2.65343146566e-06, 2.18967261389e-06, 4.19948901254e-06, 1.83539373211e-06, 3.72401200366e-06, 1.43915212902e-06, 8.74807824403e-07, 3.31252351771e-07, 7.81930111771e-08, 1.15880787632e-07, 3.19755102396e-08, 4.98763981227e-08, 2.1970535613e-08, 9.98679006159e-09, 2.48783282863e-09, 3.72114311586e-10, 2.03095529218e-14],
        "max": [0.00703453738242, 0.0356181785464, 0.0304382815957, 0.0401913970709, 0.0454019978642, 0.0194418206811, 0.0231366157532, 0.0154434600845, 0.0181285161525, 0.0106513788924, 0.0225412528962, 0.0116256792098, 0.0151591533795, 0.0142704742029, 0.0222385991365, 0.00955297797918, 0.0083605889231, 0.00851528998464, 0.00308675179258, 0.00332567631267, 0.00155815703329, 0.00317523838021, 0.00204880232923, 0.00125727255363, 0.000337305915309, 0.00020270566165, 5.08160337631e-06],
        "mean": [0.000381644727895, 0.00324846152216, 0.00461835740134, 0.00514348363504, 0.00444769859314, 0.00233962386847, 0.00170028675348, 0.000960589677561, 0.00210102670826, 0.00123075838201, 0.00155362742953, 0.00125139055308, 0.00145177880768, 0.00108208332676, 0.00134210928809, 0.000968130654655, 0.00111740408465, 0.000620386621449, 0.000453430839116, 0.000492356484756, 0.000298543542158, 0.000237861459027, 0.000186808567378, 0.000122973709949, 5.86531132285e-05, 1.49525676534e-05, 6.44660547167e-09],
        "median": [9.06060085981e-05, 0.00173222168814, 0.00376712810248, 0.00374580780044, 0.00338672613725, 0.00178115535527, 0.00102441280615, 0.000624468782917, 0.00143246527296, 0.000776763190515, 0.000941129226703, 0.000791914644651, 0.000648112909403, 0.000529574579559, 0.000529279874172, 0.000611310941167, 0.000775251595769, 0.000421841396019, 0.000376483250875, 0.000416897062678, 0.000242381094722, 0.000161724005011, 0.000109150496428, 9.65161816566e-05, 4.22931661888e-05, 5.65243271922e-06, 6.62114363337e-10],
        "min": [8.95042404636e-08, 7.56392473704e-05, 5.86094647588e-05, 5.7758330513e-05, 0.000225065654377, 0.000104703052784, 2.49474178418e-05, 5.3414467402e-05, 8.45938484417e-05, 5.86919741181e-05, 4.76480490761e-05, 7.34036439098e-05, 5.39320972166e-05, 4.14163914684e-05, 5.16721083841e-05, 0.000104963073682, 7.79931651778e-05, 7.5659052527e-05, 8.29924247228e-05, 7.72410494392e-05, 2.4385011784e-05, 5.06843434778e-06, 9.63098500506e-07, 2.62928665506e-07, 2.42706590825e-07, 3.96727912744e-08, 8.30275171532e-12],
        "var": [8.64622450081e-07, 2.13816401811e-05, 1.4183852727e-05, 2.5854951673e-05, 1.68497317645e-05, 4.51613777841e-06, 4.65466291644e-06, 1.45766671267e-06, 4.49248727818e-06, 2.02369187718e-06, 3.5188277252e-06, 2.04859861697e-06, 4.46801459475e-06, 2.71417002295e-06, 6.30680824543e-06, 1.45144906583e-06, 1.12414329578e-06, 4.61248049533e-07, 8.47849648267e-08, 8.42425080805e-08, 4.03627389289e-08, 7.70714336795e-08, 5.1387619493e-08, 1.42441631823e-08, 3.28343485734e-09, 4.9123044521e-10, 2.00338504737e-14]
    },
    "erbbands": {
        "dmean": [0.0980230495334, 0.45769020915, 2.57689929008, 7.499168396, 11.0923261642, 10.1076469421, 8.01615047455, 11.5892238617, 12.3774528503, 15.3727722168, 12.4954519272, 24.1380939484, 21.1854419708, 22.9990768433, 29.9366836548, 28.6958446503, 37.0255584717, 27.6210517883, 18.1536216736, 34.5118713379, 23.397354126, 25.2659549713, 15.7174921036, 9.93933677673, 9.69018745422, 9.39511394501, 4.47356081009, 4.30465745926, 4.02254629135, 3.1608479023, 1.95801174641, 1.33224880695, 0.654188156128, 0.365386784077, 0.132014110684, 0.0448440052569, 0.012366656214, 0.00117529078852, 2.40663994191e-05, 9.54527604335e-06],
        "dmean2": [0.157204911113, 0.766583263874, 4.51225280762, 12.811914444, 18.8411006927, 17.4921836853, 13.220249176, 19.4931125641, 21.035364151, 25.7473773956, 20.3620681763, 38.3944816589, 33.9772148132, 38.6881256104, 48.4112434387, 45.7775802612, 60.5020523071, 41.9308662415, 27.8504981995, 55.8579292297, 38.5507202148, 41.2564926147, 25.6294631958, 16.5791549683, 15.7656946182, 16.1888751984, 7.25135850906, 7.04157400131, 6.15768861771, 4.82059764862, 2.78059315681, 2.03469181061, 1.00158989429, 0.558222949505, 0.198249593377, 0.069049090147, 0.0178915411234, 0.00175889453385, 3.45014814229e-05, 1.55297038873e-05],
        "dvar": [0.0563727803528, 0.437827855349, 10.2785367966, 78.3851623535, 269.22088623, 156.753173828, 85.8796463013, 207.496856689, 327.996856689, 668.374511719, 304.856872559, 916.43170166, 903.999389648, 657.835021973, 1614.79760742, 1473.23632812, 3476.06298828, 2535.4387207, 906.193908691, 4468.99560547, 1062.39892578, 895.395202637, 451.04208374, 89.9227142334, 100.222671509, 104.300827026, 20.7563762665, 28.7169418335, 40.2836761475, 25.480009079, 8.32760810852, 4.36178207397, 0.788625001907, 0.241743654013, 0.037730474025, 0.00589902279899, 0.000560017768294, 6.51361551718e-06, 2.22062190858e-09, 9.17885628615e-11],
        "dvar2": [0.122870981693, 1.1171195507, 29.7304267883, 219.114929199, 648.051818848, 440.175750732, 240.150588989, 541.338134766, 849.33996582, 1631.65258789, 731.019592285, 1900.58557129, 2164.77661133, 1731.71826172, 3887.92944336, 3679.87597656, 8433.25292969, 4984.77441406, 1752.66174316, 11853.7412109, 2869.61474609, 2231.64892578, 1061.85717773, 238.048477173, 235.974807739, 286.191345215, 53.6129226685, 70.8801727295, 89.7855148315, 52.1596641541, 15.1059751511, 8.9991979599, 1.67387199402, 0.569598019123, 0.0826314985752, 0.0138088921085, 0.00121127802413, 1.44927098518e-05, 4.32372759818e-09, 2.14905523932e-10],
        "max": [1.92505061626, 5.81673431396, 27.6115379333, 64.7855453491, 133.716552734, 141.333908081, 86.0047225952, 162.040130615, 244.528549194, 571.84954834, 324.730041504, 434.071075439, 430.99407959, 272.029022217, 800.842224121, 532.816589355, 706.552246094, 857.603210449, 702.571472168, 1321.48339844, 586.623413086, 517.443786621, 375.388977051, 119.903442383, 167.785003662, 136.804763794, 75.8044433594, 81.1857910156, 116.185409546, 96.6846389771, 58.8367576599, 39.6960411072, 15.2029752731, 5.32942771912, 2.20688152313, 1.10199952126, 0.288624554873, 0.0326855219901, 0.000745198864024, 9.87669773167e-05],
        "mean": [0.106475755572, 0.734507143497, 4.54956483841, 12.0576343536, 16.5088615417, 15.0295553207, 14.4897327423, 19.8608551025, 20.3802165985, 29.0254669189, 23.9702644348, 47.768787384, 44.9651985168, 42.9770469666, 59.953414917, 57.4305038452, 71.7852401733, 58.285697937, 43.8616676331, 80.8838119507, 56.9567871094, 61.2705917358, 39.3056678772, 25.4733142853, 25.2508640289, 24.1997394562, 12.9781293869, 11.4066972733, 8.98139572144, 7.45104503632, 4.74741601944, 3.22471427917, 1.67875003815, 0.877794027328, 0.298248887062, 0.0920765846968, 0.0248492173851, 0.00196871953085, 6.34991156403e-05, 4.84499432787e-05],
        "median": [0.0359456576407, 0.483462065458, 3.7109568119, 9.76087379456, 10.4542770386, 11.2629671097, 11.1427259445, 14.8438510895, 13.4209365845, 15.7202358246, 18.3766784668, 33.6772460938, 23.5411911011, 33.1689453125, 37.3814086914, 39.7290992737, 35.9514465332, 31.07280159, 25.7468395233, 36.0670547485, 38.6737098694, 41.9685630798, 27.1992073059, 21.2838668823, 21.3661384583, 20.871635437, 11.2216358185, 8.51361083984, 6.03713130951, 4.58024168015, 2.79418110847, 2.40928959846, 1.28654158115, 0.650163471699, 0.196889653802, 0.0425090752542, 0.00775852473453, 0.000467691977974, 3.70174275304e-05, 4.68557082058e-05],
        "min": [0.00103869067971, 0.0455403998494, 0.130819991231, 0.563301444054, 1.07257449627, 0.83636701107, 0.536390721798, 0.879905045033, 0.862428069115, 1.22446930408, 2.37535977364, 1.54523801804, 3.10296297073, 2.47548794746, 3.78550124168, 3.06989264488, 3.78719258308, 3.05208277702, 2.2367246151, 4.98803091049, 7.36199378967, 6.96455669403, 5.34251976013, 3.83729076385, 4.95932292938, 2.80776262283, 1.39525818825, 0.704200029373, 0.213348463178, 0.0805113166571, 0.02951778844, 0.00944914296269, 0.00392818031833, 0.00238015200011, 0.00151726184413, 0.000345469714375, 6.54862742522e-05, 5.58811871088e-06, 1.06022735054e-05, 2.04413718166e-05],
        "var": [0.058654949069, 0.568137347698, 12.0648069382, 90.6528778076, 338.050811768, 177.574966431, 140.702514648, 344.569152832, 574.478942871, 2010.59741211, 563.824462891, 2212.55444336, 3630.62988281, 1172.10437012, 4717.22021484, 3233.53930664, 9276.94921875, 7602.53808594, 3354.29321289, 20877.140625, 4178.25488281, 3903.59082031, 1533.78222656, 264.658111572, 241.080627441, 217.830245972, 57.8241691589, 84.3643341064, 106.434669495, 87.3787918091, 32.7053909302, 12.0904226303, 2.31307554245, 0.672329187393, 0.105646900833, 0.0152243105695, 0.00153523718473, 1.33561852635e-05, 4.72395678131e-09, 1.56042942456e-10]
    },
    "gfcc": {
        "mean": [56.9594345093, 101.772293091, -140.330032349, 44.9607505798, -62.5722694397, 20.1681022644, -39.9834709167, 6.23944568634, -26.2899780273, -6.24566411972, -16.3637599945, -6.71514892578, -9.16491699219],
        "cov": [[330.715545654, -303.49621582, 124.726211548, -30.6957302094, -49.3161506653, 31.942407608, -101.868988037, 29.0172729492, -78.4143066406, 48.1083488464, -69.6168746948, 45.0478897095, -64.1877441406], [-303.49621582, 495.204284668, -191.236160278, 87.8517837524, 13.9631547928, -21.1907215118, 150.287979126, -92.2065811157, 154.150131226, -90.9102859497, 118.988616943, -75.6148681641, 92.5837936401], [124.726211548, -191.236160278, 236.804519653, -47.0413322449, 5.39029455185, 4.30959320068, -54.0780525208, 57.2016372681, -101.854492188, 79.7203369141, -48.7518959045, 66.2790908813, -59.1431846619], [-30.6957302094, 87.8517837524, -47.0413322449, 116.247024536, -16.3551883698, 15.6281938553, 27.3982830048, -43.0713272095, 58.1197090149, -47.7218399048, 31.7231483459, -24.5314846039, 39.8225440979], [-49.3161506653, 13.9631547928, 5.39029455185, -16.3551883698, 141.804367065, -14.7509765625, 8.61628055573, 47.5880966187, -9.17019557953, 25.264591217, -24.9132289886, 10.5866737366, 11.1334962845], [31.942407608, -21.1907215118, 4.30959320068, 15.6281938553, -14.7509765625, 99.6137619019, 29.4204940796, -1.31827378273, 14.1814002991, -18.121805191, 16.4156589508, -8.92211723328, -9.71630382538], [-101.868988037, 150.287979126, -54.0780525208, 27.3982830048, 8.61628055573, 29.4204940796, 110.770332336, -7.96291685104, 54.3397827148, -24.4627323151, 41.9196548462, -14.4404373169, 21.184753418], [29.0172729492, -92.2065811157, 57.2016372681, -43.0713272095, 47.5880966187, -1.31827378273, -7.96291685104, 102.64981842, -22.0662097931, 35.3580360413, -32.8928794861, 23.4786510468, -9.30824661255], [-78.4143066406, 154.150131226, -101.854492188, 58.1197090149, -9.17019557953, 14.1814002991, 54.3397827148, -22.0662097931, 119.953102112, -38.4456100464, 39.7644844055, -41.7576713562, 37.8353691101], [48.1083488464, -90.9102859497, 79.7203369141, -47.7218399048, 25.264591217, -18.121805191, -24.4627323151, 35.3580360413, -38.4456100464, 103.792495728, -4.79670000076, 32.1300201416, -28.2837505341], [-69.6168746948, 118.988616943, -48.7518959045, 31.7231483459, -24.9132289886, 16.4156589508, 41.9196548462, -32.8928794861, 39.7644844055, -4.79670000076, 92.4994354248, -5.8603105545, 15.2350292206], [45.0478897095, -75.6148681641, 66.2790908813, -24.5314846039, 10.5866737366, -8.92211723328, -14.4404373169, 23.4786510468, -41.7576713562, 32.1300201416, -5.8603105545, 67.8000640869, -10.3988246918], [-64.1877441406, 92.5837936401, -59.1431846619, 39.8225440979, 11.1334962845, -9.71630382538, 21.184753418, -9.30824661255, 37.8353691101, -28.2837505341, 15.2350292206, -10.3988246918, 69.2097549438]],
        "icov": [[0.00880606845021, 0.00313901621848, 0.000279185507679, -0.00220484286547, 0.00264196540229, -0.00314266700298, 0.0032865665853, 0.000602286309004, -0.00131497217808, -0.00192828197032, 0.00336349778809, -0.00298884464428, 0.00242531835102], [0.00313901621848, 0.0183778367937, -0.00697079347447, 0.00764835299924, -0.00638353871182, 0.0105510456488, -0.013082430698, 0.0116787338629, -0.0108147542924, 0.00958258379251, -0.0137380668893, 0.0096788154915, -0.00964099168777], [0.000279185507679, -0.00697079347447, 0.015090899542, -0.00868436228484, 0.00518339127302, -0.00689354166389, 0.00597747694701, -0.00840752013028, 0.0101147759706, -0.0101487422362, 0.00998184271157, -0.0100534306839, 0.00932992901653], [-0.00220484286547, 0.00764835299924, -0.00868436228484, 0.0221839137375, -0.00556866265833, 0.00536183966324, -0.00661412300542, 0.0110905505717, -0.0115088224411, 0.0108652729541, -0.0110595412552, 0.00765275815502, -0.0129809258506], [0.00264196540229, -0.00638353871182, 0.00518339127302, -0.00556866265833, 0.0136704184115, -0.00525183556601, 0.00472535798326, -0.00870903301984, 0.00575955957174, -0.00814015883952, 0.0103803407401, -0.00593383749947, 0.00341738341376], [-0.00314266700298, 0.0105510456488, -0.00689354166389, 0.00536183966324, -0.00525183556601, 0.0217551961541, -0.0138497985899, 0.00590735068545, -0.00687773991376, 0.0107707548887, -0.0134243369102, 0.0100390305743, -0.00444717891514], [0.0032865665853, -0.013082430698, 0.00597747694701, -0.00661412300542, 0.00472535798326, -0.0138497985899, 0.0274254772812, -0.00988991931081, 0.00337334629148, -0.00693873688579, 0.00855280365795, -0.0108437351882, 0.00884136278182], [0.000602286309004, 0.0116787338629, -0.00840752013028, 0.0110905505717, -0.00870903301984, 0.00590735068545, -0.00988991931081, 0.0245372354984, -0.0108733559027, 0.00540712429211, -0.00609758403152, 0.00509921321645, -0.009810407646], [-0.00131497217808, -0.0108147542924, 0.0101147759706, -0.0115088224411, 0.00575955957174, -0.00687773991376, 0.00337334629148, -0.0108733559027, 0.026518072933, -0.00834232661873, 0.0069333142601, -0.000977770541795, 0.00454705627635], [-0.00192828197032, 0.00958258379251, -0.0101487422362, 0.0108652729541, -0.00814015883952, 0.0107707548887, -0.00693873688579, 0.00540712429211, -0.00834232661873, 0.0251491274685, -0.0158559475094, 0.00602282909676, -0.00462545175105], [0.00336349778809, -0.0137380668893, 0.00998184271157, -0.0110595412552, 0.0103803407401, -0.0134243369102, 0.00855280365795, -0.00609758403152, 0.0069333142601, -0.0158559475094, 0.0328749716282, -0.0146582424641, 0.00968900416046], [-0.00298884464428, 0.0096788154915, -0.0100534306839, 0.00765275815502, -0.00593383749947, 0.0100390305743, -0.0108437351882, 0.00509921321645, -0.000977770541795, 0.00602282909676, -0.0146582424641, 0.0318360850215, -0.0113391606137], [0.00242531835102, -0.00964099168777, 0.00932992901653, -0.0129809258506, 0.00341738341376, -0.00444717891514, 0.00884136278182, -0.009810407646, 0.00454705627635, -0.00462545175105, 0.00968900416046, -0.0113391606137, 0.031624764204]]
    },
    "melbands": {
        "dmean": [0.000708911335096, 0.00104515370913, 0.00138136721216, 0.000718483875971, 0.000303320295643, 0.000261216977378, 0.000184444230399, 0.000159608651302, 0.000118599346024, 0.00014470879978, 0.000106545870949, 9.36473079491e-05, 0.000112214867841, 6.86885541654e-05, 0.00010787055362, 5.92867618252e-05, 5.70813426748e-05, 3.04455061269e-05, 4.94428932143e-05, 4.05234495702e-05, 2.91054911941e-05, 2.84759025817e-05, 2.52740592259e-05, 1.43406532516e-05, 8.35694754642e-06, 7.21110291124e-06, 8.1984744611e-06, 6.55287703921e-06, 3.34395508617e-06, 2.72200463769e-06, 2.75027332464e-06, 2.58126442532e-06, 2.11120709537e-06, 1.88747367247e-06, 1.2710207784e-06, 1.05780452486e-06, 8.24703533908e-07, 5.3093117458e-07, 4.16075152998e-07, 3.04291091879e-07],
        "dmean2": [0.00109183497261, 0.00182400329504, 0.00230850139633, 0.00122457253747, 0.000502995448187, 0.00043650434236, 0.000313889438985, 0.000266291172011, 0.000189566868357, 0.0002314040903, 0.000171276522451, 0.000156674708705, 0.000183354524779, 0.000112078734674, 0.000171615582076, 9.65203289525e-05, 8.72411983437e-05, 4.75396773254e-05, 7.48462771298e-05, 6.58808057779e-05, 4.81235074403e-05, 4.66311685159e-05, 4.19165262429e-05, 2.4015429517e-05, 1.40005859066e-05, 1.19170272228e-05, 1.39063804454e-05, 1.12534771688e-05, 5.47271838514e-06, 4.51069172414e-06, 4.53511802334e-06, 4.0067370719e-06, 3.24798065776e-06, 2.92444110528e-06, 1.84543330306e-06, 1.60866045462e-06, 1.27900409552e-06, 8.35111052311e-07, 6.44011720397e-07, 4.75221099805e-07],
        "dvar": [2.14465376303e-06, 1.78224013325e-06, 2.78589027403e-06, 1.03476884306e-06, 1.12755628834e-07, 1.00422916205e-07, 6.7422647021e-08, 6.56593428516e-08, 2.27615402082e-08, 3.18555670731e-08, 2.22345182266e-08, 1.08040927316e-08, 2.12527151433e-08, 7.72599495491e-09, 2.43939339839e-08, 8.15534750842e-09, 1.11619122833e-08, 2.52039034088e-09, 1.20950325311e-08, 4.90167728628e-09, 1.57584811866e-09, 1.28500809993e-09, 1.57295521053e-09, 4.01144617523e-10, 6.31786914451e-11, 6.58955112698e-11, 8.09670316904e-11, 5.16595585753e-11, 1.30665495784e-11, 8.82728178747e-12, 1.2075035416e-11, 1.65896220372e-11, 1.21726691227e-11, 9.30709589259e-12, 4.07662749044e-12, 2.58719716657e-12, 1.66862465685e-12, 5.20993729929e-13, 3.13417857205e-13, 1.67943539934e-13],
        "dvar2": [4.34508274338e-06, 5.14698831466e-06, 7.44207090975e-06, 2.70404484581e-06, 3.11744031478e-07, 2.63320544036e-07, 1.75115602019e-07, 1.59728188009e-07, 5.30405976917e-08, 6.66322890197e-08, 5.35399493629e-08, 2.83398371437e-08, 5.08662267862e-08, 1.92144131717e-08, 5.57458683659e-08, 1.99206144913e-08, 2.2221353646e-08, 4.83963225051e-09, 2.50449225803e-08, 1.29410517857e-08, 4.16262579961e-09, 3.17745785239e-09, 3.52258644476e-09, 1.14954157304e-09, 1.68569200265e-10, 1.74586525792e-10, 2.1912653636e-10, 1.43573333777e-10, 3.3514128972e-11, 2.25810359994e-11, 3.01696619076e-11, 4.11900687169e-11, 2.48572482042e-11, 1.97149397502e-11, 7.77615038333e-12, 5.70419059209e-12, 3.72199406712e-12, 1.20501427846e-12, 7.3249143296e-13, 4.10935798193e-13],
        "max": [0.0129895992577, 0.0111505240202, 0.014706261456, 0.0120913237333, 0.00296213012189, 0.00401760311797, 0.00355027941987, 0.00521326297894, 0.00236318982206, 0.00276541290805, 0.00208492600359, 0.00103983504232, 0.00343128596433, 0.00120371486992, 0.00201531965286, 0.00108798174188, 0.00183706451207, 0.00112012692261, 0.0021827549208, 0.000965746701695, 0.00072566914605, 0.00073242810322, 0.000777158071287, 0.000272096076515, 9.58474338404e-05, 0.000161177973496, 0.000153262342792, 0.000102852987766, 5.03946503159e-05, 3.89574888686e-05, 4.99933557876e-05, 6.4608786488e-05, 6.71769957989e-05, 4.75721026305e-05, 3.73524708266e-05, 2.80376316368e-05, 2.4725071853e-05, 1.31404394779e-05, 6.13645033809e-06, 4.01977285946e-06],
        "mean": [0.000907899229787, 0.0018743207911, 0.00230319588445, 0.00113317579962, 0.000552117999177, 0.000452377920737, 0.000318159756716, 0.00029753340641, 0.000224707458983, 0.000294908997603, 0.000217080756556, 0.000162422249559, 0.000214162006159, 0.000133465626277, 0.000196159991901, 0.00011428383732, 0.000110150605906, 6.22060033493e-05, 0.000107596919406, 8.58459898154e-05, 6.17930272711e-05, 6.39988429612e-05, 4.95046588185e-05, 3.00895098917e-05, 1.89728725672e-05, 1.67594607774e-05, 1.93278701772e-05, 1.50757041411e-05, 8.02139220468e-06, 6.98336225469e-06, 6.2893213908e-06, 5.03648197991e-06, 4.53300754089e-06, 4.04572892876e-06, 2.77606386589e-06, 2.32466436501e-06, 1.79968469638e-06, 1.19550202271e-06, 9.55184759732e-07, 6.64137417061e-07],
        "median": [0.000396922056098, 0.00151788746007, 0.00176444894169, 0.000844125810545, 0.000441670388682, 0.000341810373357, 0.00020781935018, 0.000172281012055, 0.000166253536008, 0.000206220691325, 0.000110880551802, 0.000120716133097, 0.000124977581436, 9.45513747865e-05, 0.00010001371993, 5.63641769986e-05, 5.00742353324e-05, 3.58378711098e-05, 3.92271867895e-05, 4.48914652225e-05, 4.18632189394e-05, 4.27420491178e-05, 2.98509876302e-05, 1.99829773919e-05, 1.58366019605e-05, 1.38116283779e-05, 1.63284385053e-05, 1.23467898447e-05, 6.67417089062e-06, 5.6217591009e-06, 4.50544848718e-06, 3.27855855176e-06, 2.89033096124e-06, 2.21404980039e-06, 1.45398996665e-06, 1.60571858032e-06, 1.34484787395e-06, 8.89781119895e-07, 6.80682774146e-07, 4.71661110168e-07],
        "min": [1.08732847366e-05, 7.15182031854e-05, 0.000153059576405, 7.23050616216e-05, 2.02401406568e-05, 1.68852766365e-05, 8.6706759248e-06, 8.13526548882e-06, 1.61329189723e-05, 1.09662687464e-05, 8.47534283821e-06, 8.90551473276e-06, 9.32408693188e-06, 7.72655403125e-06, 4.8925471674e-06, 4.9238324209e-06, 4.35670426668e-06, 2.52653217103e-06, 4.42487544206e-06, 5.85509678785e-06, 5.27360725755e-06, 4.50967081633e-06, 3.64848574463e-06, 3.40875180882e-06, 2.39908717958e-06, 2.79978758044e-06, 3.21248307955e-06, 1.37433482905e-06, 9.70322162175e-07, 4.84292627334e-07, 3.06085212287e-07, 1.37868212846e-07, 6.14632753582e-08, 2.92513480105e-08, 1.63859557034e-08, 8.46320524772e-09, 3.65643959555e-09, 2.79484990706e-09, 2.18983053912e-09, 2.03527639187e-09],
