{
"highlevel": {
    "danceability": {
        "all": {
            "danceable": 0.0547486394644,
            "not_danceable": 0.945251345634
        },
        "probability": 0.945251345634,
        "value": "not_danceable"
    },
    "gender": {
        "all": {
            "female": 0.384676396847,
            "male": 0.615323603153
        },
        "probability": 0.615323603153,
        "value": "male"
    },
    "genre_dortmund": {
        "all": {
            "alternative": 0.243295967579,
            "blues": 0.0260068941861,
            "electronic": 0.0174295976758,
            "folkcountry": 0.0853164494038,
            "funksoulrnb": 0.00440136482939,
            "jazz": 0.0148094929755,
            "pop": 0.0997141227126,
            "raphiphop": 0.00123568624258,
            "rock": 0.507790446281
        },
        "probability": 0.507790446281,
        "value": "rock"
    },
    "genre_electronic": {
        "all": {
            "ambient": 0.357699811459,
            "dnb": 0.265933215618,
            "house": 0.095587991178,
            "techno": 0.0187118276954,
            "trance": 0.262067168951
        },
        "probability": 0.357699811459,
        "value": "ambient"
    },
    "genre_rosamerica": {
        "all": {
            "cla": 0.00543068395928,
            "dan": 0.00165122805629,
            "hip": 0.000588610244449,
            "jaz": 0.00070978293661,
            "pop": 0.0105341607705,
            "rhy": 0.0031899958849,
            "roc": 0.977608799934,
            "spe": 0.000286739727017
        },
        "probability": 0.977608799934,
        "value": "roc"
    },
    "genre_tzanetakis": {
        "all": {
            "blu": 0.0626613423228,
            "cla": 0.0348169617355,
            "cou": 0.104475811124,
            "dis": 0.0784321576357,
            "hip": 0.15692435205,
            "jaz": 0.313974827528,
            "met": 0.0448166541755,
            "pop": 0.0627359300852,
            "reg": 0.0627360641956,
            "roc": 0.0784258767962
        },
        "probability": 0.313974827528,
        "value": "jaz"
    },
    "ismir04_rhythm": {
        "all": {
            "ChaChaCha": 0.103115804493,
            "Jive": 0.263463050127,
            "Quickstep": 0.0400197505951,
            "Rumba-American": 0.0175134856254,
            "Rumba-International": 0.0188273377717,
            "Rumba-Misc": 0.00618194509298,
            "Samba": 0.0312636047602,
            "Tango": 0.117552436888,
            "VienneseWaltz": 0.372600585222,
            "Waltz": 0.0294620078057
        },
        "probability": 0.372600585222,
        "value": "VienneseWaltz"
    },
    "mood_acoustic": {
        "all": {
            "acoustic": 0.00415085209534,
            "not_acoustic": 0.995849132538
        },
        "probability": 0.995849132538,
        "value": "not_acoustic"
    },
    "mood_aggressive": {
        "all": {
            "aggressive": 0.891915202141,
            "not_aggressive": 0.108084827662
        },
        "probability": 0.891915202141,
        "value": "aggressive"
    },
    "mood_electronic": {
        "all": {
            "electronic": 0.0666737481952,
            "not_electronic": 0.933326244354
        },
        "probability": 0.933326244354,
        "value": "not_electronic"
    },
    "mood_happy": {
        "all": {
            "happy": 0.887738525867,
            "not_happy": 0.112261481583
        },
        "probability": 0.887738525867,
        "value": "happy"
    },
    "mood_party": {
        "all": {
            "not_party": 0.315856456757,
            "party": 0.684143543243
        },
        "probability": 0.684143543243,
        "value": "party"
    },
    "mood_relaxed": {
        "all": {
            "not_relaxed": 0.987045049667,
            "relaxed": 0.0129549782723
        },
        "probability": 0.987045049667,
        "value": "not_relaxed"
    },
    "mood_sad": {
        "all": {
            "not_sad": 0.700872957706,
            "sad": 0.299127072096
        },
        "probability": 0.700872957706,
        "value": "not_sad"
    },
    "moods_mirex": {
        "all": {
            "Cluster1": 0.523171365261,
            "Cluster2": 0.108898796141,
            "Cluster3": 0.236252218485,
            "Cluster4": 0.0614723823965,
            "Cluster5": 0.0702052414417
        },
        "probability": 0.523171365261,
        "value": "Cluster1"
    },
    "timbre": {
        "all": {
            "bright": 0.992033183575,
            "dark": 0.00796682201326
        },
        "probability": 0.992033183575,
        "value": "bright"
    },
    "tonal_atonal": {
        "all": {
            "atonal": 0.00167508050799,
            "tonal": 0.998324930668
        },
        "probability": 0.998324930668,
        "value": "tonal"
    },
    "voice_instrumental": {
        "all": {
            "instrumental": 0.0104880537838,
            "voice": 0.989511966705
        },
        "probability": 0.989511966705,
        "value": "voice"
    }
},
"lowlevel": {
    "average_loudness": 0.959686934948,
    "barkbands_crest": {
        "dmean": 2.14752960205,
        "dmean2": 3.55300211906,
        "dvar": 3.90553879738,
        "dvar2": 10.6488962173,
        "max": 19.7369155884,
        "mean": 8.27219295502,
        "median": 7.76057291031,
        "min": 2.46582365036,
        "var": 8.59533023834
    },
    "barkbands_flatness_db": {
        "dmean": 0.0157271437347,
        "dmean2": 0.0254231821746,
        "dvar": 0.000185976430657,
        "dvar2": 0.000454311724752,
        "max": 0.347095698118,
        "mean": 0.132372438908,
        "median": 0.124722346663,
        "min": 0.054109685123,
        "var": 0.00170552334748
    },
    "barkbands_kurtosis": {
        "dmean": 1.0073261261,
        "dmean2": 1.58625817299,
        "dvar": 1.30809414387,
        "dvar2": 3.22451257706,
        "max": 15.2775783539,
        "mean": 0.583135962486,
        "median": 0.0240919589996,
        "min": -1.76018834114,
        "var": 3.81814098358
    },
    "barkbands_skewness": {
        "dmean": 0.357583403587,
        "dmean2": 0.552308678627,
        "dvar": 0.0885045453906,
        "dvar2": 0.215892225504,
        "max": 3.48139119148,
        "mean": 1.02140200138,
        "median": 0.979000806808,
        "min": -0.760557115078,
        "var": 0.374479323626
    },
    "barkbands_spread": {
        "dmean": 5.04128265381,
        "dmean2": 7.70333814621,
        "dvar": 28.0223770142,
        "dvar2": 53.3385925293,
        "max": 78.8320083618,
        "mean": 28.2356052399,
        "median": 25.9556446075,
        "min": 3.54956650734,
        "var": 128.419937134
    },
    "dissonance": {
        "dmean": 0.0127272913232,
        "dmean2": 0.0212015155703,
        "dvar": 0.000136425718665,
        "dvar2": 0.000371784088202,
        "max": 0.499884068966,
        "mean": 0.473995119333,
        "median": 0.478527724743,
        "min": 0.375135213137,
        "var": 0.000337338307872
    },
    "dynamic_complexity": 1.66762936115,
    "erbbands_crest": {
        "dmean": 2.43820095062,
        "dmean2": 3.88775157928,
        "dvar": 4.87056398392,
        "dvar2": 12.2171936035,
        "max": 23.3634910583,
        "mean": 8.9169960022,
        "median": 8.09149074554,
        "min": 2.89257574081,
        "var": 12.9825620651
    },
    "erbbands_flatness_db": {
        "dmean": 0.0130634941161,
        "dmean2": 0.0195246245712,
        "dvar": 0.000141823780723,
        "dvar2": 0.000281141576124,
        "max": 0.361572355032,
        "mean": 0.160929575562,
        "median": 0.157059907913,
        "min": 0.0695735216141,
        "var": 0.00173684966285
    },
    "erbbands_kurtosis": {
        "dmean": 0.541823983192,
        "dmean2": 0.844326674938,
        "dvar": 0.291081935167,
        "dvar2": 0.690690338612,
        "max": 7.56214427948,
        "mean": 0.0198759455234,
        "median": -0.156190872192,
        "min": -1.8201842308,
        "var": 1.06589770317
    },
    "erbbands_skewness": {
        "dmean": 0.272946178913,
        "dmean2": 0.421934485435,
        "dvar": 0.0531289353967,
        "dvar2": 0.125325992703,
        "max": 2.30140304565,
        "mean": -0.142809301615,
        "median": -0.182003900409,
        "min": -1.94300448895,
        "var": 0.270756661892
    },
    "erbbands_spread": {
        "dmean": 6.36734247208,
        "dmean2": 9.49626064301,
        "dvar": 38.2953338623,
        "dvar2": 78.7738342285,
        "max": 107.622909546,
        "mean": 37.2017211914,
        "median": 34.7073287964,
        "min": 11.6604413986,
        "var": 215.74772644
    },
    "hfc": {
        "dmean": 6.430103302,
        "dmean2": 9.09144306183,
        "dvar": 54.7875556946,
        "dvar2": 95.355682373,
        "max": 104.632904053,
        "mean": 28.6689777374,
        "median": 25.5340156555,
        "min": 0.912412762642,
        "var": 280.216369629
    },
    "melbands_crest": {
        "dmean": 3.12184429169,
        "dmean2": 5.2157201767,
        "dvar": 7.25586414337,
        "dvar2": 18.9545974731,
        "max": 28.1131057739,
        "mean": 13.1014766693,
        "median": 12.3716697693,
        "min": 4.4827504158,
        "var": 19.2107181549
    },
    "melbands_flatness_db": {
        "dmean": 0.0206092279404,
        "dmean2": 0.0316640883684,
        "dvar": 0.000299748033285,
        "dvar2": 0.00075341865886,
        "max": 0.452662020922,
        "mean": 0.170897826552,
        "median": 0.16251732409,
        "min": 0.0636415630579,
        "var": 0.00290254643187
    },
    "melbands_kurtosis": {
        "dmean": 3.09448933601,
        "dmean2": 4.82779455185,
        "dvar": 11.5049438477,
        "dvar2": 28.0810775757,
        "max": 41.969543457,
        "mean": 6.10551691055,
        "median": 4.31743764877,
        "min": -1.50446629524,
        "var": 36.5764045715
    },
    "melbands_skewness": {
        "dmean": 0.501178443432,
        "dmean2": 0.774264395237,
        "dvar": 0.193109869957,
        "dvar2": 0.469562590122,
        "max": 5.84542417526,
        "mean": 2.1371114254,
        "median": 2.00748634338,
        "min": -0.0276102349162,
        "var": 0.879227995872
    },
    "melbands_spread": {
        "dmean": 6.92615747452,
        "dmean2": 10.7866392136,
        "dvar": 42.4668617249,
        "dvar2": 98.0585708618,
        "max": 95.4766159058,
        "mean": 29.7351398468,
        "median": 27.9474544525,
        "min": 3.66141152382,
        "var": 158.664260864
    },
    "pitch_salience": {
        "dmean": 0.0592052005231,
        "dmean2": 0.0964882075787,
        "dvar": 0.00265936902724,
        "dvar2": 0.00693702464923,
        "max": 0.792296946049,
        "mean": 0.555060565472,
        "median": 0.558053255081,
        "min": 0.318064182997,
        "var": 0.00694742891937
    },
    "silence_rate_20dB": {
        "dmean": 0,
        "dmean2": 0,
        "dvar": 0,
        "dvar2": 0,
        "max": 1,
        "mean": 1,
        "median": 1,
        "min": 1,
        "var": 0
    },
    "silence_rate_30dB": {
        "dmean": 0,
        "dmean2": 0,
        "dvar": 0,
        "dvar2": 0,
        "max": 1,
        "mean": 1,
        "median": 1,
        "min": 1,
        "var": 0
    },
    "silence_rate_60dB": {
        "dmean": 0.00232198135927,
        "dmean2": 0.00387296662666,
        "dvar": 0.00231656827964,
        "dvar2": 0.00540716294199,
        "max": 1,
        "mean": 0.00154679035768,
        "median": 0,
        "min": 0,
        "var": 0.00154438940808
    },
    "spectral_centroid": {
        "dmean": 222.957138062,
        "dmean2": 347.732055664,
        "dvar": 47187.7304688,
        "dvar2": 107549.914062,
        "max": 3167.68383789,
        "mean": 1441.04492188,
        "median": 1382.19519043,
        "min": 339.075836182,
        "var": 185838.4375
    },
    "spectral_complexity": {
        "dmean": 4.04721355438,
        "dmean2": 6.04027891159,
        "dvar": 15.0682077408,
        "dvar2": 27.899269104,
        "max": 54,
        "mean": 26.4996128082,
        "median": 26,
        "min": 3,
        "var": 72.3242111206
    },
    "spectral_decrease": {
        "dmean": 1.87660242901e-09,
        "dmean2": 2.90493828992e-09,
        "dvar": 4.10276868897e-18,
        "dvar2": 9.87872606096e-18,
        "max": -5.43847189505e-10,
        "mean": -7.90119170091e-09,
        "median": -7.56709095384e-09,
        "min": -2.25016769662e-08,
        "var": 1.55094131466e-17
    },
    "spectral_energy": {
        "dmean": 0.00741291930899,
        "dmean2": 0.0113847712055,
        "dvar": 6.28135021543e-05,
        "dvar2": 0.000148333230754,
        "max": 0.0894925445318,
        "mean": 0.032421272248,
        "median": 0.0311922486871,
        "min": 0.00220979354344,
        "var": 0.000253965612501
    },
    "spectral_energyband_high": {
        "dmean": 0.000480621325551,
        "dmean2": 0.00070106680505,
        "dvar": 5.2763863323e-07,
        "dvar2": 1.05839376374e-06,
        "max": 0.00894064921886,
        "mean": 0.0012777101947,
        "median": 0.00078643951565,
        "min": 1.14476279123e-07,
        "var": 1.86505417332e-06
    },
    "spectral_energyband_low": {
        "dmean": 0.00498015759513,
        "dmean2": 0.00825545657426,
        "dvar": 4.63858632429e-05,
        "dvar2": 0.000124492566101,
        "max": 0.062187936157,
        "mean": 0.0109287025407,
        "median": 0.00814285315573,
        "min": 0.000126004015328,
        "var": 9.46687869146e-05
    },
    "spectral_energyband_middle_high": {
        "dmean": 0.00226612063125,
        "dmean2": 0.00311659369618,
        "dvar": 6.13789643467e-06,
        "dvar2": 1.12389516289e-05,
        "max": 0.0360547415912,
        "mean": 0.00842103548348,
        "median": 0.00752239767462,
        "min": 0.000159378105309,
        "var": 2.85007117782e-05
    },
    "spectral_energyband_middle_low": {
        "dmean": 0.00396868912503,
        "dmean2": 0.00615367013961,
        "dvar": 1.98944144358e-05,
        "dvar2": 4.50463121524e-05,
        "max": 0.0503086186945,
        "mean": 0.0126177556813,
        "median": 0.0108025111258,
        "min": 0.00103157444391,
        "var": 5.67658426007e-05
    },
    "spectral_entropy": {
        "dmean": 0.111258231103,
        "dmean2": 0.163169950247,
        "dvar": 0.0123082995415,
        "dvar2": 0.0233683679253,
        "max": 8.53517246246,
        "mean": 7.67751979828,
        "median": 7.70559120178,
        "min": 6.09099960327,
        "var": 0.113893717527
    },
    "spectral_flux": {
        "dmean": 0.0200246144086,
        "dmean2": 0.0300306733698,
        "dvar": 0.000398137053708,
        "dvar2": 0.000784059462603,
        "max": 0.23403672874,
        "mean": 0.0859427675605,
        "median": 0.0800744518638,
        "min": 0.0142300250009,
        "var": 0.0013190319296
    },
    "spectral_kurtosis": {
        "dmean": 1.60847401619,
        "dmean2": 2.74836373329,
        "dvar": 8.81743812561,
        "dvar2": 28.9399394989,
        "max": 43.8772010803,
        "mean": 3.70744776726,
        "median": 2.93987226486,
        "min": -0.577264070511,
        "var": 15.7496919632
    },
    "spectral_rms": {
        "dmean": 0.000627595640253,
        "dmean2": 0.000959894270636,
        "dvar": 3.76724898388e-07,
        "dvar2": 8.42719884986e-07,
        "max": 0.00934397149831,
        "mean": 0.00543413497508,
        "median": 0.00551647180691,
        "min": 0.00146829697769,
        "var": 2.10063694794e-06
    },
    "spectral_rolloff": {
        "dmean": 439.080291748,
        "dmean2": 710.512756348,
        "dvar": 473756.375,
        "dvar2": 899597.1875,
        "max": 8979.34570312,
        "mean": 1826.40661621,
        "median": 1765.72265625,
        "min": 279.931640625,
        "var": 1260815
    },
    "spectral_skewness": {
        "dmean": 0.215755030513,
        "dmean2": 0.351395398378,
        "dvar": 0.071231752634,
        "dvar2": 0.213825985789,
        "max": 4.24406480789,
        "mean": 1.34653866291,
        "median": 1.33895051479,
        "min": 0.305738806725,
        "var": 0.146731764078
    },
    "spectral_spread": {
        "dmean": 432966.53125,
        "dmean2": 604138.0625,
        "dvar": 299380080640,
        "dvar2": 405866151936,
        "max": 11851194,
        "mean": 4262366.5,
        "median": 4025863.5,
        "min": 1242695.5,
        "var": 1.98282221978e+12
    },
    "spectral_strongpeak": {
        "dmean": 0.574193358421,
        "dmean2": 0.990139842033,
        "dvar": 1.10585522652,
        "dvar2": 2.61742973328,
        "max": 9.41964435577,
        "mean": 0.951023757458,
        "median": 0.49146386981,
        "min": 0.060757715255,
        "var": 1.63014674187
    },
    "zerocrossingrate": {
        "dmean": 0.00871272105724,
        "dmean2": 0.0101355239749,
        "dvar": 9.27884611883e-05,
        "dvar2": 9.85442384263e-05,
        "max": 0.2373046875,
        "mean": 0.0649874806404,
        "median": 0.0595703125,
        "min": 0.01416015625,
        "var": 0.000755516870413
    },
    "barkbands": {
        "dmean": [0.000107246611151, 0.00341539294459, 0.00222379993647, 0.00061804393772, 0.00221464689821, 0.00146957801189, 0.000562017376069, 0.000515136285685, 0.00104419037234, 0.000431574124377, 0.000338143348927, 0.000389474793337, 0.000332879426423, 0.000576021848246, 0.000833708967548, 0.000646817032248, 0.000452418986242, 0.000224159579375, 7.2647460911e-05, 0.000220792251639, 0.000136193950311, 0.000151514934259, 0.000124957994558, 7.58019450586e-05, 4.96412358189e-05, 1.33893236125e-05, 4.16031076256e-09],
        "dmean2": [0.000148769453517, 0.00565113499761, 0.00375537993386, 0.00100734899752, 0.00362244481221, 0.00227129855193, 0.000884663837496, 0.000780796166509, 0.0015703192912, 0.000630789785646, 0.000512573402375, 0.000582397624385, 0.000502969080117, 0.000883077038452, 0.00130058429204, 0.00103767146356, 0.000688614556566, 0.000350291811628, 0.00011283322965, 0.000342370942235, 0.000216418513446, 0.000237776519498, 0.000189487429452, 0.00010840412142, 6.81143064867e-05, 1.95533266378e-05, 7.11939263098e-09],
        "dvar": [2.93248234584e-08, 2.42345649895e-05, 1.31128126668e-05, 1.07635003133e-06, 8.67953804118e-06, 6.8923550316e-06, 1.44937018831e-06, 8.97084589724e-07, 5.92213200434e-06, 7.84671101428e-07, 3.54681446879e-07, 3.28062583321e-07, 3.79552346885e-07, 1.00113186363e-06, 1.4005288449e-06, 8.45577005748e-07, 7.91933132405e-07, 2.51682337193e-07, 8.13217315709e-09, 1.23155928122e-07, 4.79990873714e-08, 5.52073196047e-08, 4.58599487274e-08, 2.35688926153e-08, 2.84037753318e-08, 2.48057752117e-09, 6.26053962716e-16],
        "dvar2": [5.46943326185e-08, 6.45743348286e-05, 3.5370063415e-05, 2.70842679129e-06, 2.31938465731e-05, 1.56732057803e-05, 3.03646038446e-06, 1.81425411938e-06, 1.32498689709e-05, 1.2873229025e-06, 8.20262016532e-07, 7.3123879929e-07, 8.07074798104e-07, 2.10964481084e-06, 3.26259259964e-06, 1.99719579541e-06, 1.86072384167e-06, 5.3244184528e-07, 1.85601471969e-08, 2.95263191674e-07, 1.22236400557e-07, 1.31446071805e-07, 9.6593936405e-08, 4.15780228025e-08, 5.04254984435e-08, 4.26014068466e-09, 1.07741775622e-15],
        "max": [0.00218546111137, 0.0419021770358, 0.047046482563, 0.0172110367566, 0.0263069756329, 0.035833619535, 0.0176128782332, 0.0140628162771, 0.0296861696988, 0.0252886079252, 0.00904354546219, 0.0086595537141, 0.0106008909643, 0.0172835383564, 0.0174794662744, 0.0156414471567, 0.0255978349596, 0.0106178224087, 0.000904870219529, 0.00471712928265, 0.00282734376378, 0.0024336874485, 0.00324498908594, 0.0022645490244, 0.00352210132405, 0.000976049399469, 5.35217509423e-07],
        "mean": [0.000164617958944, 0.00496396794915, 0.00502163916826, 0.00118136778474, 0.00402208324522, 0.00295729190111, 0.00121220899746, 0.00104407628532, 0.00210891943425, 0.000981741002761, 0.000624624954071, 0.000821646128315, 0.000617235898972, 0.00108879292384, 0.00159354810603, 0.00116281944793, 0.000853790959809, 0.000370579684386, 0.000140598305734, 0.000395008129999, 0.000272043107543, 0.000295139470836, 0.000260899483692, 0.000158264680067, 8.74897959875e-05, 2.08817236853e-05, 2.97304914021e-09],
        "median": [5.3253803344e-05, 0.00333430012688, 0.00236598262563, 0.000456786365248, 0.00286759389564, 0.00179758190643, 0.000584003981203, 0.000470030296128, 0.000536185514648, 0.000641648541205, 0.000347559747752, 0.000490077247377, 0.00037005689228, 0.000685641600285, 0.000987273873761, 0.000764565833379, 0.000460615818156, 0.000170424755197, 9.68751846813e-05, 0.000237829677644, 0.000174217595486, 0.000176638597623, 0.000112198657007, 6.14504897385e-05, 1.76386511157e-05, 4.4485991566e-06, 3.84022758038e-10],
        "min": [6.12622574891e-09, 2.01290527002e-06, 3.95092001781e-06, 1.74470437742e-06, 0.000130203727167, 1.34578767756e-05, 7.82854385761e-07, 3.42086104865e-06, 2.61532204604e-06, 1.60860918186e-06, 2.03937952392e-06, 2.386376309e-06, 1.91950516637e-06, 3.18512434205e-06, 1.03520469565e-05, 1.273873022e-05, 2.62199205281e-06, 1.39789085551e-06, 4.91571142902e-07, 6.08745210684e-07, 2.67741935289e-08, 3.2730156363e-09, 8.30774116167e-10, 1.74844774076e-11, 6.40287432449e-12, 7.10897139766e-12, 9.40011263273e-12],
        "var": [6.60560957044e-08, 3.10070354317e-05, 3.79210978281e-05, 3.0815701848e-06, 1.21355842566e-05, 1.43593370012e-05, 3.81842164643e-06, 2.44273269345e-06, 1.83330357686e-05, 2.15890463551e-06, 7.02580734924e-07, 1.11738518171e-06, 8.31026056858e-07, 2.46316335506e-06, 3.71055261894e-06, 1.63537993103e-06, 2.09002746487e-06, 4.50268174745e-07, 1.77026535653e-08, 2.22128406335e-07, 7.75389139562e-08, 1.1773667552e-07, 1.43293604538e-07, 7.96626338229e-08, 6.39950599179e-08, 4.71763295096e-09, 5.22717531338e-16]
    },
    "erbbands": {
        "dmean": [0.0972135439515, 0.804689884186, 2.55454492569, 2.02673745155, 4.2156867981, 8.47784233093, 11.0848360062, 12.2339506149, 7.37930774689, 7.76245498657, 14.4063167572, 27.641910553, 6.86230754852, 16.310874939, 12.6924324036, 16.0169696808, 15.3741502762, 20.7886714935, 26.8600559235, 65.9338226318, 19.4918117523, 25.0573730469, 15.147646904, 3.87687969208, 5.61083698273, 10.3553743362, 6.63891506195, 4.93942594528, 5.35389280319, 4.86000204086, 3.50186514854, 1.83980047703, 1.20953249931, 0.585186064243, 0.356569349766, 0.106362216175, 0.0175320822746, 0.0011090436019, 2.6839923521e-05, 9.5126524684e-06],
        "dmean2": [0.149981886148, 1.37357974052, 4.36356163025, 3.3647480011, 6.60746479034, 14.4356603622, 17.8515529633, 19.0051002502, 11.7545442581, 11.9207820892, 21.7168655396, 41.5000228882, 10.4551420212, 23.5274715424, 19.263671875, 23.5328483582, 23.0243358612, 32.1190910339, 40.9199905396, 102.473579407, 30.1655426025, 37.8792686462, 23.0906448364, 5.92389011383, 8.68810749054, 15.8872327805, 10.6233959198, 8.03654575348, 8.43370723724, 7.68207025528, 5.31874990463, 2.70118498802, 1.78341460228, 0.845870018005, 0.494328945875, 0.151991575956, 0.025542486459, 0.00172511138953, 3.92103065678e-05, 1.46105048771e-05],
        "dvar": [0.0213467497379, 1.45825469494, 16.0904159546, 10.9118347168, 56.1953964233, 114.293525696, 372.134521484, 593.021057129, 234.361190796, 331.026824951, 727.506591797, 4294.79101562, 118.446670532, 1091.72729492, 406.961151123, 576.530883789, 840.105041504, 798.793518066, 2528.60595703, 7482.28955078, 851.358825684, 2256.43432617, 1103.11865234, 32.2224159241, 55.6167106628, 310.970794678, 128.231445312, 71.8560409546, 67.2028198242, 57.3251571655, 42.3799819946, 13.480091095, 6.96517324448, 2.44852185249, 2.2506673336, 0.175605759025, 0.00343040004373, 1.36346143336e-05, 6.56821397271e-09, 1.16052528698e-10],
        "dvar2": [0.0479228869081, 4.04560852051, 44.961605072, 29.4515514374, 134.065795898, 321.6746521, 1034.43835449, 1300.38586426, 515.415588379, 624.625244141, 1606.66088867, 9332.26367188, 265.210235596, 1873.76989746, 968.048095703, 1219.44628906, 1802.87060547, 1780.87805176, 5608.02246094, 16437.5546875, 1808.97119141, 5370.90039062, 2210.06152344, 68.5107498169, 124.040206909, 742.853393555, 326.359985352, 181.76890564, 153.501754761, 132.819076538, 90.8605651855, 25.4433422089, 12.4052066803, 4.64930963516, 3.89774918556, 0.298497587442, 0.00614424049854, 3.24130596709e-05, 1.34943736185e-08, 2.47415088417e-10],
        "max": [1.44450175762, 11.1219186783, 46.870388031, 45.3761367798, 70.3012313843, 96.0010528564, 287.706237793, 344.949859619, 263.366088867, 400.987976074, 342.946685791, 864.454956055, 192.092437744, 922.377075195, 375.973419189, 425.014251709, 530.314208984, 428.231933594, 697.276428223, 1228.35522461, 653.118286133, 1383.68212891, 768.175354004, 99.8401031494, 89.519744873, 229.917373657, 185.520080566, 127.330619812, 91.9266052246, 86.4086685181, 99.2104492188, 47.1584854126, 39.3467559814, 29.9058818817, 27.7624950409, 8.347697258, 0.998880982399, 0.0579262077808, 0.0011600801954, 0.000141661759699],
        "mean": [0.146081849933, 1.16266286373, 5.47116708755, 4.86615419388, 6.83805847168, 14.1711320877, 23.4893379211, 23.4268436432, 16.6349487305, 17.4803962708, 30.6214160919, 56.8057518005, 17.6394023895, 36.9327430725, 29.0895214081, 36.8291130066, 31.3393306732, 44.2959289551, 53.7683067322, 127.793624878, 41.9127120972, 48.1362915039, 27.9632720947, 8.28406620026, 10.7864685059, 18.0633163452, 13.2827482224, 9.54348468781, 10.4883852005, 9.32742595673, 7.24678707123, 3.88347554207, 2.42812585831, 1.07622611523, 0.573763251305, 0.165529921651, 0.0272739753127, 0.001545861247, 5.99247032369e-05, 4.34745197708e-05],
        "median": [0.0756687968969, 0.787619769573, 2.58966588974, 3.24787759781, 3.41473889351, 10.4386491776, 17.7131347656, 12.8220653534, 9.42630290985, 9.42629146576, 13.1826457977, 13.239107132, 13.0757255554, 24.5977497101, 19.9717350006, 21.7929534912, 19.8395748138, 30.364068985, 32.2408714294, 86.4392700195, 29.0672264099, 26.3672580719, 13.1220159531, 6.01012086868, 7.22388744354, 10.2182207108, 8.80578327179, 5.71775913239, 6.33801746368, 5.12704324722, 2.76274061203, 1.54206371307, 0.804758429527, 0.295601189137, 0.0762328803539, 0.0275991410017, 0.00710964668542, 0.000448114005849, 3.19237151416e-05, 4.15985959989e-05],
        "min": [0.000324535329128, 0.00736906565726, 0.0226602498442, 0.0536863282323, 0.127112641931, 0.45760434866, 0.424768090248, 0.35009342432, 0.0856048688293, 0.132766455412, 0.176078408957, 0.104458197951, 0.0338106229901, 0.0872860103846, 0.127643957734, 0.223277568817, 0.129166811705, 0.241962611675, 0.632903695107, 0.697177827358, 0.477557808161, 0.161959379911, 0.0882662460208, 0.0624337084591, 0.0276353750378, 0.0213109795004, 0.00323694990948, 0.000503425020725, 0.000152674008859, 5.59824111406e-05, 2.1562927941e-05, 1.07425894385e-05, 3.42164003087e-06, 2.47534330811e-06, 1.69345867107e-06, 1.2621451333e-06, 7.62413492339e-07, 1.68886259644e-07, 1.07473272237e-06, 2.49466711466e-06],
        "var": [0.0364779494703, 1.61715579033, 42.8050575256, 23.6361465454, 81.0464248657, 153.243362427, 519.569885254, 1150.72399902, 548.705078125, 1348.47351074, 1973.49536133, 14220.9111328, 295.777709961, 3078.86865234, 1022.08624268, 2364.93359375, 1819.80065918, 2024.29345703, 5233.79394531, 19135.0136719, 2303.88256836, 5936.05615234, 2344.27856445, 70.7237091064, 116.309020996, 547.029785156, 193.847747803, 113.087150574, 148.870956421, 135.750762939, 126.71661377, 44.5431365967, 22.1988868713, 6.59172201157, 4.32643985748, 0.3382999897, 0.00637947628275, 1.88939302461e-05, 1.22321344165e-08, 5.16819420593e-10]
    },
    "gfcc": {
        "mean": [31.1053390503, 105.332550049, -135.409759521, 43.6244277954, -57.5300521851, 22.7627372742, -43.208694458, -0.036931026727, -16.3470134735, 1.62691855431, -18.0027084351, -1.4651684761, -0.943988621235],
        "cov": [[3420.27856445, -1678.36474609, 445.056884766, 327.139892578, -816.754272461, 793.787780762, -151.695480347, 408.067047119, 57.7918128967, 195.834228516, -179.76133728, 156.145080566, -203.658935547], [-1678.36474609, 1235.42346191, -375.672180176, -139.163528442, 533.323181152, -470.592285156, 173.297180176, -209.030715942, 62.5777511597, -126.910377502, 130.255401611, -113.764030457, 123.791870117], [445.056884766, -375.672180176, 338.500762939, 59.2117958069, -136.31590271, 179.900665283, -48.196685791, 82.0247650146, -30.3955135345, 65.546081543, -40.5325737, 56.7349205017, -32.5100822449], [327.139892578, -139.163528442, 59.2117958069, 225.990158081, -27.9838008881, 71.2593994141, 7.36807203293, 11.6158018112, 20.8040561676, -8.32190322876, 9.48572540283, 24.7298526764, 15.2190313339], [-816.754272461, 533.323181152, -136.31590271, -27.9838008881, 401.257171631, -229.706344604, 61.6445617676, -67.4005432129, 26.5988407135, -50.3211936951, 54.1090621948, -7.3613152504, 70.7396621704], [793.787780762, -470.592285156, 179.900665283, 71.2593994141, -229.706344604, 342.59564209, -2.34479665756, 93.7210388184, -10.3947582245, 54.4949493408, -39.2020149231, 38.7784881592, -34.1340560913], [-151.695480347, 173.297180176, -48.196685791, 7.36807203293, 61.6445617676, -2.34479665756, 129.514358521, -7.28309106827, 18.0354690552, -8.73094272614, 10.7646865845, -31.3265132904, 14.5539646149], [408.067047119, -209.030715942, 82.0247650146, 11.6158018112, -67.4005432129, 93.7210388184, -7.28309106827, 151.556533813, 49.4705276489, 38.5945396423, -26.3803882599, 24.3949546814, -19.3749504089], [57.7918128967, 62.5777511597, -30.3955135345, 20.8040561676, 26.5988407135, -10.3947582245, 18.0354690552, 49.4705276489, 115.324813843, 17.6405105591, 6.01054191589, -3.40520238876, -0.248240888119], [195.834228516, -126.910377502, 65.546081543, -8.32190322876, -50.3211936951, 54.4949493408, -8.73094272614, 38.5945396423, 17.6405105591, 77.6066741943, -2.99600100517, 15.6128034592, -17.5063991547], [-179.76133728, 130.255401611, -40.5325737, 9.48572540283, 54.1090621948, -39.2020149231, 10.7646865845, -26.3803882599, 6.01054191589, -2.99600100517, 78.1808929443, 14.601688385, 32.5164070129], [156.145080566, -113.764030457, 56.7349205017, 24.7298526764, -7.3613152504, 38.7784881592, -31.3265132904, 24.3949546814, -3.40520238876, 15.6128034592, 14.601688385, 89.2290039062, 13.054353714], [-203.658935547, 123.791870117, -32.5100822449, 15.2190313339, 70.7396621704, -34.1340560913, 14.5539646149, -19.3749504089, -0.248240888119, -17.5063991547, 32.5164070129, 13.054353714, 76.2612075806]],
        "icov": [[0.00195884821005, -0.000116155504656, 0.00147957156878, -0.00241532409564, 0.00171109882649, -0.00214711646549, 0.00108116306365, -0.00270656845532, 0.000422071694629, -0.00167069071904, 0.0017494574422, -0.00196767784655, 0.0022990249563], [-0.000116155504656, 0.00944544281811, -0.0011144404998, 0.00485236989334, -0.00512291677296, 0.00472433399409, -0.00694546336308, 0.00606591347605, -0.00655012065545, 0.00598815688863, -0.00687316386029, 0.0054495036602, -0.00400181533769], [0.00147957156878, -0.0011144404998, 0.0070322281681, -0.00368200964294, 0.00141936400905, -0.00369114172645, 0.00272373179905, -0.00426176609471, 0.00363909080625, -0.00530239427462, 0.00375417084433, -0.00356471352279, 0.00272576906718], [-0.00241532409564, 0.00485236989334, -0.00368200964294, 0.0109749920666, -0.00433588819578, 0.00378064974211, -0.00521284202114, 0.00735362898558, -0.00608752435073, 0.00759543385357, -0.00640768697485, 0.00420322082937, -0.00577309727669], [0.00171109882649, -0.00512291677296, 0.00141936400905, -0.00433588819578, 0.00957070291042, -0.000961240846664, 0.00208402657881, -0.00514419656247, 0.00278065283783, -0.00354069424793, 0.00475218193606, -0.00616267649457, 0.00156803522259], [-0.00214711646549, 0.00472433399409, -0.00369114172645, 0.00378064974211, -0.000961240846664, 0.0117299295962, -0.00726387742907, 0.00404448667541, -0.00272565451451, 0.00371888326481, -0.00440410757437, 0.00293775880709, -0.00495533784851], [0.00108116306365, -0.00694546336308, 0.00272373179905, -0.00521284202114, 0.00208402657881, -0.00726387742907, 0.0162446741015, -0.00600256444886, 0.0043844548054, -0.0056565576233, 0.00494296429679, -0.000487833371153, 0.00324508594349], [-0.00270656845532, 0.00606591347605, -0.00426176609471, 0.00735362898558, -0.00514419656247, 0.00404448667541, -0.00600256444886, 0.0190496984869, -0.0105252834037, 0.00500623509288, -0.00395597051829, 0.0038401838392, -0.0056471740827], [0.000422071694629, -0.00655012065545, 0.00363909080625, -0.00608752435073, 0.00278065283783, -0.00272565451451, 0.0043844548054, -0.0105252834037, 0.0180092304945, -0.00847441144288, 0.00423408206552, -0.0029990808107, 0.00403709476814], [-0.00167069071904, 0.00598815688863, -0.00530239427462, 0.00759543385357, -0.00354069424793, 0.00371888326481, -0.0056565576233, 0.00500623509288, -0.00847441144288, 0.0245795547962, -0.00904400739819, 0.00368343736045, -0.00181736121885], [0.0017494574422, -0.00687316386029, 0.00375417084433, -0.00640768697485, 0.00475218193606, -0.00440410757437, 0.00494296429679, -0.00395597051829, 0.00423408206552, -0.00904400739819, 0.0248542539775, -0.00954129081219, -0.00064613763243], [-0.00196767784655, 0.0054495036602, -0.00356471352279, 0.00420322082937, -0.00616267649457, 0.00293775880709, -0.000487833371153, 0.0038401838392, -0.0029990808107, 0.00368343736045, -0.00954129081219, 0.0215410459787, -0.00714239524677], [0.0022990249563, -0.00400181533769, 0.00272576906718, -0.00577309727669, 0.00156803522259, -0.00495533784851, 0.00324508594349, -0.0056471740827, 0.00403709476814, -0.00181736121885, -0.00064613763243, -0.00714239524677, 0.0234301388264]]
    },
    "melbands": {
        "dmean": [0.00088897603564, 0.00116539979354, 0.000349672656739, 0.000493654340971, 0.000366737105651, 0.000265973765636, 0.000113629241241, 9.08439833438e-05, 0.000143064607983, 0.000153346147272, 3.403883602e-05, 6.93123365636e-05, 4.87923061883e-05, 4.57218920928e-05, 3.40244150721e-05, 3.36020675604e-05, 4.34065477748e-05, 5.08772245666e-05, 6.54047325952e-05, 7.42697229725e-05, 2.03309500648e-05, 2.90702846542e-05, 2.01288294193e-05, 8.9771065177e-06, 3.02074317915e-06, 2.70313125839e-06, 7.62042100177e-06, 7.02148145137e-06, 4.7736898523e-06, 3.66395352103e-06, 3.00896681438e-06, 3.25805444845e-06, 3.16589694194e-06, 2.78108609564e-06, 2.31538388107e-06, 1.5574922827e-06, 1.08168103452e-06, 9.4055081945e-07, 7.05381296484e-07, 4.62626644548e-07],
        "dmean2": [0.00143459334504, 0.0020131545607, 0.000570164353121, 0.000804331561085, 0.000602378917392, 0.000412674446125, 0.000180007904419, 0.000136766480864, 0.000213818042539, 0.000231357204029, 5.21796937392e-05, 0.000100251876574, 7.32050903025e-05, 6.91121749696e-05, 5.13186168973e-05, 5.09239616804e-05, 6.71949310345e-05, 7.87588360254e-05, 0.000100618824945, 0.000116368129966, 3.17588783219e-05, 4.45838850283e-05, 3.05322973873e-05, 1.41881982927e-05, 4.71437033411e-06, 4.22270659328e-06, 1.19978385555e-05, 1.08358190118e-05, 7.77442710387e-06, 5.84000645176e-06, 4.93818379255e-06, 5.26990197613e-06, 4.92504841532e-06, 4.44090619567e-06, 3.56870828e-06, 2.32057573157e-06, 1.61381831276e-06, 1.45350702496e-06, 1.0448482044e-06, 6.88871296006e-07],
        "dvar": [1.64882499121e-06, 3.15675492857e-06, 2.9862366091e-07, 5.4136540939e-07, 3.59503246727e-07, 2.6336883252e-07, 5.49386989235e-08, 3.41313288743e-08, 8.25025310291e-08, 1.32400089115e-07, 3.31557248323e-09, 2.07219166271e-08, 6.05329741887e-09, 4.5987205155e-09, 3.12278913839e-09, 3.85412457504e-09, 3.68038621801e-09, 1.03518775774e-08, 8.69957617056e-09, 9.42610345334e-09, 1.64512858891e-09, 3.09252090602e-09, 1.5610556181e-09, 5.59512269849e-10, 1.71592740017e-11, 1.11445826526e-11, 1.42461986652e-10, 1.47030776443e-10, 6.29230972882e-11, 2.89365996442e-11, 2.86115575676e-11, 2.48800476749e-11, 2.73297478398e-11, 2.00240588e-11, 2.07103379585e-11, 8.7163661705e-12, 5.25657078629e-12, 4.4296142275e-12, 2.86720278596e-12, 1.91709950866e-12],
        "dvar2": [4.12336521549e-06, 8.86394718691e-06, 7.53184053792e-07, 1.43519059748e-06, 9.87662588159e-07, 5.76058539536e-07, 1.20270684079e-07, 6.46291056228e-08, 1.89041614362e-07, 2.87624772e-07, 7.45709183292e-09, 3.44070301139e-08, 1.36998110634e-08, 1.05501847258e-08, 6.99162683304e-09, 8.22937273881e-09, 8.13001665989e-09, 2.23460361326e-08, 1.9518557437e-08, 2.18332587565e-08, 3.37875349921e-09, 7.5674382316e-09, 3.13891557191e-09, 1.1476407602e-09, 4.13394596332e-11, 2.58932233294e-11, 3.45361461651e-10, 3.49745815642e-10, 1.60856050702e-10, 7.31274138466e-11, 7.36089800224e-11, 5.77209842423e-11, 6.65262428479e-11, 4.72204671198e-11, 4.83916587357e-11, 1.73227630157e-11, 1.07145715911e-11, 8.64129254263e-12, 5.36289849334e-12, 3.87736587629e-12],
        "max": [0.0102299805731, 0.0183587521315, 0.00808001868427, 0.00694837421179, 0.00886305421591, 0.00736135197803, 0.0037422364112, 0.00387754198164, 0.00373392808251, 0.00473630754277, 0.00117052253336, 0.00412285793573, 0.00115916517098, 0.00100597599521, 0.000833453435916, 0.00117418728769, 0.00100527668837, 0.00158077583183, 0.0014842574019, 0.00153296103235, 0.00101970077958, 0.00152815924957, 0.00090216571698, 0.000578462728299, 4.31534062955e-05, 3.26128283632e-05, 0.000203591465834, 0.000166713478393, 0.000113368485472, 6.88231957611e-05, 7.49594400986e-05, 5.54771904717e-05, 5.83915061725e-05, 5.89492337895e-05, 7.55038490752e-05, 3.69304907508e-05, 3.31234296027e-05, 3.17510821333e-05, 2.85468904622e-05, 2.96208399959e-05],
        "mean": [0.00130942184478, 0.00238637486473, 0.000863850698806, 0.000805148738436, 0.000806493975688, 0.000519494642504, 0.000250493176281, 0.00020163107547, 0.000299956358504, 0.000312124291668, 7.85219672252e-05, 0.000154508234118, 9.84571961453e-05, 9.67029554886e-05, 7.27623482817e-05, 6.48007771815e-05, 8.69773139129e-05, 8.52247030707e-05, 0.000129215914058, 0.000140398231451, 3.48858702637e-05, 5.20936082467e-05, 3.77046962967e-05, 1.48243861986e-05, 5.5936757235e-06, 5.03157298226e-06, 1.29611953525e-05, 1.15669317893e-05, 8.45238628244e-06, 7.0147311817e-06, 4.98252347825e-06, 5.96611744186e-06, 5.68910127186e-06, 5.0065900723e-06, 4.40066651208e-06, 3.14408316626e-06, 2.0581460376e-06, 1.79143694368e-06, 1.29681370709e-06, 7.63859247854e-07],
        "median": [0.000801318325102, 0.00138344615698, 0.000612087489571, 0.000524385774042, 0.000629654969089, 0.000285320886178, 0.000137140814331, 0.000104254831967, 0.000108779138827, 7.62039198889e-05, 5.97916587139e-05, 0.000100748176919, 5.9360780142e-05, 5.95588462602e-05, 4.46519588877e-05, 4.06970648328e-05, 5.82454013056e-05, 4.43664139311e-05, 8.10465353425e-05, 9.59217140917e-05, 1.90461105376e-05, 2.77604449366e-05, 1.59088667715e-05, 7.61279352446e-06, 4.03696094509e-06, 3.47673494616e-06, 8.15403927845e-06, 5.94479479332e-06, 5.10975041834e-06, 4.93473180541e-06, 2.66364122581e-06, 3.61175284525e-06, 3.10638120027e-06, 2.54509814113e-06, 1.70790815446e-06, 1.10543942355e-06, 7.87136514191e-07, 6.04669082804e-07, 3.56078629693e-07, 1.77892843567e-07],
        "min": [9.29318218823e-07, 1.38927462103e-05, 1.31226688609e-05, 1.93326868612e-05, 1.60695944942e-05, 5.15790497957e-06, 5.46318347006e-07, 1.35586628858e-06, 1.55442353389e-06, 4.3088067514e-07, 1.51250475255e-07, 3.28196762212e-07, 2.58026972233e-07, 2.75518715398e-07, 7.73653198394e-07, 2.59932505742e-07, 3.01147736081e-07, 9.17259569633e-07, 8.28482882298e-07, 1.06200673144e-06, 3.60311844361e-07, 1.79686992396e-07, 8.07975268913e-08, 6.47466720238e-08, 2.37428139371e-08, 1.31359074729e-08, 3.25315916427e-08, 7.05363278897e-09, 2.08189776529e-09, 3.9100375715e-10, 1.10322452562e-10, 8.00233837528e-11, 4.68090011196e-11, 2.17413049369e-11, 4.32842520506e-12, 2.26662194873e-13, 1.19517663453e-13, 2.04319498603e-13, 1.92692880424e-13, 6.37888654116e-14],
