{
"highlevel": {
    "danceability": {
        "all": {
            "danceable": 1.18962918805e-06,
            "not_danceable": 0.999998807907
        },
        "probability": 0.999998807907,
        "value": "not_danceable"
    },
    "gender": {
        "all": {
            "female": 0.515032052994,
            "male": 0.484967976809
        },
        "probability": 0.515032052994,
        "value": "female"
    },
    "genre_dortmund": {
        "all": {
            "alternative": 0.132395908237,
            "blues": 0.0347681604326,
            "electronic": 0.0238996557891,
            "folkcountry": 0.0142758861184,
            "funksoulrnb": 0.00442623067647,
            "jazz": 0.00362745742314,
            "pop": 0.0149086089805,
            "raphiphop": 0.00428262213245,
            "rock": 0.767415463924
        },
        "probability": 0.767415463924,
        "value": "rock"
    },
    "genre_electronic": {
        "all": {
            "ambient": 0.227264940739,
            "dnb": 0.451269358397,
            "house": 0.0337032005191,
            "techno": 0.0113799525425,
            "trance": 0.276382565498
        },
        "probability": 0.451269358397,
        "value": "dnb"
    },
    "genre_rosamerica": {
        "all": {
            "cla": 0.00127500062808,
            "dan": 0.000882939144503,
            "hip": 0.0047951056622,
            "jaz": 0.00023719354067,
            "pop": 0.0155916055664,
            "rhy": 0.000322179083014,
            "roc": 0.976665079594,
            "spe": 0.000230900885072
        },
        "probability": 0.976665079594,
        "value": "roc"
    },
    "genre_tzanetakis": {
        "all": {
            "blu": 0.0626613423228,
            "cla": 0.0348169617355,
            "cou": 0.104475811124,
            "dis": 0.0784321576357,
            "hip": 0.15692435205,
            "jaz": 0.313974827528,
            "met": 0.0448166541755,
            "pop": 0.0627359300852,
            "reg": 0.0627360641956,
            "roc": 0.0784258767962
        },
        "probability": 0.313974827528,
        "value": "jaz"
    },
    "ismir04_rhythm": {
        "all": {
            "ChaChaCha": 0.137970015407,
            "Jive": 0.621725261211,
            "Quickstep": 0.0262128058821,
            "Rumba-American": 0.0100809410214,
            "Rumba-International": 0.00622727675363,
            "Rumba-Misc": 0.00412997044623,
            "Samba": 0.0931807383895,
            "Tango": 0.0161102600396,
            "VienneseWaltz": 0.079193547368,
            "Waltz": 0.00516921374947
        },
        "probability": 0.621725261211,
        "value": "Jive"
    },
    "mood_acoustic": {
        "all": {
            "acoustic": 2.8480494052e-07,
            "not_acoustic": 0.999999701977
        },
        "probability": 0.999999701977,
        "value": "not_acoustic"
    },
    "mood_aggressive": {
        "all": {
            "aggressive": 0.999353587627,
            "not_aggressive": 0.000646405038424
        },
        "probability": 0.999353587627,
        "value": "aggressive"
    },
    "mood_electronic": {
        "all": {
            "electronic": 0.0455216132104,
            "not_electronic": 0.954478383064
        },
        "probability": 0.954478383064,
        "value": "not_electronic"
    },
    "mood_happy": {
        "all": {
            "happy": 0.522963702679,
            "not_happy": 0.477036267519
        },
        "probability": 0.522963702679,
        "value": "happy"
    },
    "mood_party": {
        "all": {
            "not_party": 0.269427388906,
            "party": 0.730572581291
        },
        "probability": 0.730572581291,
        "value": "party"
    },
    "mood_relaxed": {
        "all": {
            "not_relaxed": 0.987404644489,
            "relaxed": 0.0125953704119
        },
        "probability": 0.987404644489,
        "value": "not_relaxed"
    },
    "mood_sad": {
        "all": {
            "not_sad": 0.991033554077,
            "sad": 0.00896641984582
        },
        "probability": 0.991033554077,
        "value": "not_sad"
    },
    "moods_mirex": {
        "all": {
            "Cluster1": 0.248164087534,
            "Cluster2": 0.00510690826923,
            "Cluster3": 0.00748679833487,
            "Cluster4": 0.0089280186221,
            "Cluster5": 0.730314195156
        },
        "probability": 0.730314195156,
        "value": "Cluster5"
    },
    "timbre": {
        "all": {
            "bright": 0.20801885426,
            "dark": 0.791981160641
        },
        "probability": 0.791981160641,
        "value": "dark"
    },
    "tonal_atonal": {
        "all": {
            "atonal": 0.68404430151,
            "tonal": 0.31595569849
        },
        "probability": 0.68404430151,
        "value": "atonal"
    },
    "voice_instrumental": {
        "all": {
            "instrumental": 0.00498274667189,
            "voice": 0.995017230511
        },
        "probability": 0.995017230511,
        "value": "voice"
    }
},
"lowlevel": {
    "average_loudness": 0.977841675282,
    "barkbands_crest": {
        "dmean": 2.38774061203,
        "dmean2": 4.06355333328,
        "dvar": 6.36420726776,
        "dvar2": 17.8182678223,
        "max": 22.9490528107,
        "mean": 6.61430549622,
        "median": 5.84169006348,
        "min": 2.39359354973,
        "var": 8.95419979095
    },
    "barkbands_flatness_db": {
        "dmean": 0.0171246994287,
        "dmean2": 0.0283317472786,
        "dvar": 0.000258967484115,
        "dvar2": 0.000710048421752,
        "max": 0.203874602914,
        "mean": 0.104260459542,
        "median": 0.102148935199,
        "min": 0.0415903106332,
        "var": 0.000621067301836
    },
    "barkbands_kurtosis": {
        "dmean": 0.61605912447,
        "dmean2": 1.06297647953,
        "dvar": 1.15685963631,
        "dvar2": 3.15260624886,
        "max": 12.762509346,
        "mean": -0.829540252686,
        "median": -1.16227281094,
        "min": -1.74367058277,
        "var": 1.18952596188
    },
    "barkbands_skewness": {
        "dmean": 0.41316023469,
        "dmean2": 0.665154397488,
        "dvar": 0.164807081223,
        "dvar2": 0.41454398632,
        "max": 3.67145109177,
        "mean": 0.320425659418,
        "median": 0.266330063343,
        "min": -1.70583486557,
        "var": 0.400176733732
    },
    "barkbands_spread": {
        "dmean": 5.51007509232,
        "dmean2": 9.04769897461,
        "dvar": 29.2158412933,
        "dvar2": 81.3076477051,
        "max": 73.755897522,
        "mean": 39.1535682678,
        "median": 39.9543075562,
        "min": 11.1343545914,
        "var": 82.2937850952
    },
    "dissonance": {
        "dmean": 0.0070033124648,
        "dmean2": 0.011935424991,
        "dvar": 4.34133980889e-05,
        "dvar2": 0.000120748081827,
        "max": 0.499999910593,
        "mean": 0.488941311836,
        "median": 0.490687727928,
        "min": 0.451446384192,
        "var": 5.80562154937e-05
    },
    "dynamic_complexity": 0.820425570011,
    "erbbands_crest": {
        "dmean": 2.27489805222,
        "dmean2": 3.75118350983,
        "dvar": 4.2246594429,
        "dvar2": 11.121380806,
        "max": 21.1530513763,
        "mean": 7.8195142746,
        "median": 7.22350788116,
        "min": 2.76244068146,
        "var": 9.41403865814
    },
    "erbbands_flatness_db": {
        "dmean": 0.0167783740908,
        "dmean2": 0.0252359714359,
        "dvar": 0.000303376320517,
        "dvar2": 0.000551198842004,
        "max": 0.28911370039,
        "mean": 0.160890132189,
        "median": 0.157367765903,
        "min": 0.0780686959624,
        "var": 0.00118843559176
    },
    "erbbands_kurtosis": {
        "dmean": 0.877225518227,
        "dmean2": 1.42853021622,
        "dvar": 0.836727559566,
        "dvar2": 2.09087657928,
        "max": 12.1381101608,
        "mean": 1.05170631409,
        "median": 0.761349916458,
        "min": -1.3017103672,
        "var": 2.23225498199
    },
    "erbbands_skewness": {
        "dmean": 0.267034649849,
        "dmean2": 0.433661371469,
        "dvar": 0.0534514449537,
        "dvar2": 0.134500026703,
        "max": 1.28790020943,
        "mean": -0.657429039478,
        "median": -0.655346989632,
        "min": -2.14840936661,
        "var": 0.153350993991
    },
    "erbbands_spread": {
        "dmean": 6.42869949341,
        "dmean2": 10.1185150146,
        "dvar": 34.9866905212,
        "dvar2": 76.6994552612,
        "max": 69.9665603638,
        "mean": 29.9795207977,
        "median": 28.4048500061,
        "min": 8.83693408966,
        "var": 114.966247559
    },
    "hfc": {
        "dmean": 10.1733636856,
        "dmean2": 16.1318073273,
        "dvar": 235.208816528,
        "dvar2": 542.986816406,
        "max": 192.239501953,
        "mean": 39.2056655884,
        "median": 36.1492996216,
        "min": 5.1100487709,
        "var": 391.373748779
    },
    "melbands_crest": {
        "dmean": 3.4840991497,
        "dmean2": 5.73305463791,
        "dvar": 8.529337883,
        "dvar2": 22.0726127625,
        "max": 27.6480102539,
        "mean": 12.1703281403,
        "median": 11.6108455658,
        "min": 2.92203903198,
        "var": 19.4918746948
    },
    "melbands_flatness_db": {
        "dmean": 0.0228007398546,
        "dmean2": 0.037586517632,
        "dvar": 0.000537136569619,
        "dvar2": 0.00141890125815,
        "max": 0.251259177923,
        "mean": 0.123928695917,
        "median": 0.120783410966,
        "min": 0.0269946083426,
        "var": 0.00118516432121
    },
    "melbands_kurtosis": {
        "dmean": 2.72685670853,
        "dmean2": 4.54536437988,
        "dvar": 22.6474838257,
        "dvar2": 60.5881538391,
        "max": 71.8255844116,
        "mean": 2.53890156746,
        "median": 1.11900281906,
        "min": -1.62325263023,
        "var": 25.0304927826
    },
    "melbands_skewness": {
        "dmean": 0.587256133556,
        "dmean2": 0.943430960178,
        "dvar": 0.415693163872,
        "dvar2": 1.04470562935,
        "max": 7.83384990692,
        "mean": 1.56198012829,
        "median": 1.43599784374,
        "min": -0.819491147995,
        "var": 0.858142793179
    },
    "melbands_spread": {
        "dmean": 11.7537717819,
        "dmean2": 19.1445827484,
        "dvar": 123.351112366,
        "dvar2": 314.996520996,
        "max": 151.858398438,
        "mean": 52.1594581604,
        "median": 52.6780815125,
        "min": 7.28043603897,
        "var": 299.617858887
    },
    "pitch_salience": {
        "dmean": 0.0709041282535,
        "dmean2": 0.119704760611,
        "dvar": 0.00416422169656,
        "dvar2": 0.0116859683767,
        "max": 0.798504471779,
        "mean": 0.610388457775,
        "median": 0.621981084347,
        "min": 0.216768339276,
        "var": 0.00817630626261
    },
    "silence_rate_20dB": {
        "dmean": 0,
        "dmean2": 0,
        "dvar": 0,
        "dvar2": 0,
        "max": 1,
        "mean": 1,
        "median": 1,
        "min": 1,
        "var": 0
    },
    "silence_rate_30dB": {
        "dmean": 0,
        "dmean2": 0,
        "dvar": 0,
        "dvar2": 0,
        "max": 1,
        "mean": 1,
        "median": 1,
        "min": 1,
        "var": 0
    },
    "silence_rate_60dB": {
        "dmean": 0,
        "dmean2": 0,
        "dvar": 0,
        "dvar2": 0,
        "max": 0,
        "mean": 0,
        "median": 0,
        "min": 0,
        "var": 0
    },
    "spectral_centroid": {
        "dmean": 207.747360229,
        "dmean2": 340.518218994,
        "dvar": 35341.3359375,
        "dvar2": 93323.4765625,
        "max": 3788.04980469,
        "mean": 2285.66796875,
        "median": 2312.30419922,
        "min": 1119.38134766,
        "var": 113613.476562
    },
    "spectral_complexity": {
        "dmean": 4.62461280823,
        "dmean2": 7.21921014786,
        "dvar": 13.6493577957,
        "dvar2": 35.2462463379,
        "max": 58,
        "mean": 37.9590110779,
        "median": 38,
        "min": 13,
        "var": 50.0005455017
    },
    "spectral_decrease": {
        "dmean": 1.76898395932e-09,
        "dmean2": 2.87894086348e-09,
        "dvar": 4.97631112049e-18,
        "dvar2": 1.24551008471e-17,
        "max": -8.5890855539e-10,
        "mean": -6.64619115298e-09,
        "median": -6.17220230481e-09,
        "min": -2.3101593527e-08,
        "var": 7.37825336781e-18
    },
    "spectral_energy": {
        "dmean": 0.00714841438457,
        "dmean2": 0.0114629678428,
        "dvar": 7.56485096645e-05,
        "dvar2": 0.000185408774996,
        "max": 0.0905473306775,
        "mean": 0.0286403428763,
        "median": 0.0268600042909,
        "min": 0.00370521657169,
        "var": 0.000120978082123
    },
    "spectral_energyband_high": {
        "dmean": 0.00087838358013,
        "dmean2": 0.00138581579085,
        "dvar": 2.91815194942e-06,
        "dvar2": 6.4837595346e-06,
        "max": 0.0200928598642,
        "mean": 0.00206342549063,
        "median": 0.0015132810222,
        "min": 0.000177056033863,
        "var": 4.44257921117e-06
    },
    "spectral_energyband_low": {
        "dmean": 0.00525224255398,
        "dmean2": 0.00881153531373,
        "dvar": 7.60279144743e-05,
        "dvar2": 0.000195026790607,
        "max": 0.0775826796889,
        "mean": 0.00900595914572,
        "median": 0.0063089854084,
        "min": 8.22851689009e-06,
        "var": 9.25783679122e-05
    },
    "spectral_energyband_middle_high": {
        "dmean": 0.00275444146246,
        "dmean2": 0.00445810798556,
        "dvar": 7.96012682258e-06,
        "dvar2": 1.90995742742e-05,
        "max": 0.0449449382722,
        "mean": 0.0113056786358,
        "median": 0.0108816865832,
        "min": 0.00158118177205,
        "var": 2.12257127714e-05
    },
    "spectral_energyband_middle_low": {
        "dmean": 0.00281730620191,
        "dmean2": 0.00464879721403,
        "dvar": 1.08787289719e-05,
        "dvar2": 2.76935261354e-05,
        "max": 0.0447667092085,
        "mean": 0.00736050494015,
        "median": 0.00635128188878,
        "min": 0.00104868947528,
        "var": 2.09046447708e-05
    },
    "spectral_entropy": {
        "dmean": 0.091181397438,
        "dmean2": 0.140142336488,
        "dvar": 0.00921202730387,
        "dvar2": 0.0196251235902,
        "max": 8.41707706451,
        "mean": 7.89475488663,
        "median": 7.89791107178,
        "min": 7.38638067245,
        "var": 0.0316746868193
    },
    "spectral_flux": {
        "dmean": 0.0194340925664,
        "dmean2": 0.0307735316455,
        "dvar": 0.000471999810543,
        "dvar2": 0.000956440577284,
        "max": 0.259382784367,
        "mean": 0.102066524327,
        "median": 0.09425894171,
        "min": 0.0499837137759,
        "var": 0.000916076940484
    },
    "spectral_kurtosis": {
        "dmean": 1.22050571442,
        "dmean2": 2.08861613274,
        "dvar": 1.34829854965,
        "dvar2": 3.98480343819,
        "max": 11.2119092941,
        "mean": 3.24205350876,
        "median": 2.97341156006,
        "min": 0.156985759735,
        "var": 2.40942335129
    },
    "spectral_rms": {
        "dmean": 0.000624650798272,
        "dmean2": 0.000988000305369,
        "dvar": 4.24615791417e-07,
        "dvar2": 9.94665356302e-07,
        "max": 0.00939887482673,
        "mean": 0.00519934296608,
        "median": 0.00511907041073,
        "min": 0.0019012746634,
        "var": 9.08592483029e-07
    },
    "spectral_rolloff": {
        "dmean": 545.446472168,
        "dmean2": 921.791809082,
        "dvar": 578921.5,
        "dvar2": 1442116.75,
        "max": 9797.60742188,
        "mean": 2762.79418945,
        "median": 2627.05078125,
        "min": 86.1328125,
        "var": 840458.5625
    },
    "spectral_skewness": {
        "dmean": 0.179399296641,
        "dmean2": 0.296552419662,
        "dvar": 0.0250080190599,
        "dvar2": 0.0642444491386,
        "max": 2.65858840942,
        "mean": 1.08018755913,
        "median": 1.05914270878,
        "min": 0.445815354586,
        "var": 0.0549247711897
    },
    "spectral_spread": {
        "dmean": 423573.5,
        "dmean2": 636046,
        "dvar": 334508228608,
        "dvar2": 670465130496,
        "max": 11274893,
        "mean": 3683641.25,
        "median": 3604884.25,
        "min": 2090878.625,
        "var": 761861767168
    },
    "spectral_strongpeak": {
        "dmean": 0.758098185062,
        "dmean2": 1.35969924927,
        "dvar": 2.08315300941,
        "dvar2": 5.39498376846,
        "max": 15.127286911,
        "mean": 0.915038049221,
        "median": 0.299360841513,
        "min": 0,
        "var": 2.41250944138
    },
    "zerocrossingrate": {
        "dmean": 0.00995610002428,
        "dmean2": 0.0129116540775,
        "dvar": 0.000110458109702,
        "dvar2": 0.000171835868969,
        "max": 0.2333984375,
        "mean": 0.0911911502481,
        "median": 0.08837890625,
        "min": 0.02880859375,
        "var": 0.000493091298267
    },
    "barkbands": {
        "dmean": [0.000293396908091, 0.00380587973632, 0.00203892937861, 0.0013085094979, 0.0013804086484, 0.000745388446376, 0.000485701864818, 0.000401378289098, 0.000397326453822, 0.000335130287567, 0.000343131978298, 0.000415722752223, 0.000484579766635, 0.000582915265113, 0.000907280656975, 0.00080721656559, 0.00109371775761, 0.0004648619215, 0.000391941546695, 0.000335875840392, 0.00021654489683, 0.000237223342992, 0.000197056375328, 0.000121864533867, 8.99085862329e-05, 4.62586722279e-05, 1.97214760078e-08],
        "dmean2": [0.000410675536841, 0.00655875075608, 0.00355269620195, 0.00227225176059, 0.00234783114865, 0.00124879786745, 0.00081357487943, 0.000673948728945, 0.000655541778542, 0.000560685875826, 0.00055873428937, 0.000662324076984, 0.000777267443482, 0.000955684634391, 0.00148300570436, 0.00134541536681, 0.00179782370105, 0.000781772658229, 0.000649263383821, 0.000579654530156, 0.000357141601853, 0.000376791896997, 0.00030741392402, 0.000194190317416, 0.000147104743519, 7.77968016337e-05, 3.38961960722e-08],
        "dvar": [4.23702857688e-07, 5.98396836722e-05, 7.09750975147e-06, 2.92420327241e-06, 2.85066130346e-06, 1.47856735566e-06, 6.22782977189e-07, 4.91584273732e-07, 4.86371448005e-07, 3.9316381617e-07, 3.26843547782e-07, 4.73872859175e-07, 4.34356337564e-07, 7.24926167095e-07, 1.3776087826e-06, 1.09337520371e-06, 2.27324767366e-06, 2.96300044056e-07, 2.06208881082e-07, 2.04216235034e-07, 1.16150090435e-07, 2.14384655806e-07, 3.64415001286e-07, 8.25963653028e-08, 6.22177154241e-08, 1.77136918467e-08, 2.3443969544e-14],
        "dvar2": [8.95856771876e-07, 0.000160220995895, 2.02061692107e-05, 7.97527809482e-06, 8.04374030849e-06, 3.93394475395e-06, 1.55654583978e-06, 1.36025664688e-06, 1.07017490336e-06, 9.54355868998e-07, 7.00991051872e-07, 1.12684824671e-06, 9.83369545793e-07, 1.81619316209e-06, 3.53890391125e-06, 2.85103328679e-06, 5.57123303224e-06, 7.43985140161e-07, 4.84563145164e-07, 5.39170855518e-07, 2.62783885319e-07, 4.619285221e-07, 8.60657053181e-07, 2.0257016331e-07, 1.61988424452e-07, 4.72039154431e-08, 5.27120664826e-14],
        "max": [0.00605031661689, 0.0619333200157, 0.0256975367665, 0.0235253535211, 0.0189812351018, 0.0130487093702, 0.0131452651694, 0.00923249870539, 0.0116073861718, 0.0118498746306, 0.015454178676, 0.014711371623, 0.0100058270618, 0.0128248864785, 0.0119691034779, 0.0154528543353, 0.0295047312975, 0.00993301253766, 0.00864903442562, 0.00568671757355, 0.00631837220863, 0.00539502780885, 0.0122631760314, 0.00430754292756, 0.00432481663302, 0.00227525644004, 3.50112713932e-06],
        "mean": [0.000351083290298, 0.00472395401448, 0.00295651750639, 0.00178930454422, 0.00226102769375, 0.00113489595242, 0.000722976401448, 0.000564181013033, 0.000697381561622, 0.000613050709944, 0.000513908511493, 0.000697804556694, 0.000901433173567, 0.00103211740497, 0.00166316528339, 0.00156667933334, 0.00216081668623, 0.000972229463514, 0.000901649007574, 0.000768628844526, 0.000510055222549, 0.000483369425638, 0.000337084260536, 0.000180719376658, 9.62522317423e-05, 4.00579956477e-05, 1.33537332303e-08],
        "median": [3.6313689634e-05, 0.002068053931, 0.00235724705271, 0.0012579287868, 0.00165563134942, 0.000623780651949, 0.00041300142766, 0.000275517522823, 0.000352577859303, 0.000296983198496, 0.000270752876531, 0.00044479771168, 0.000604531553108, 0.000696947507095, 0.00120148062706, 0.00118322041817, 0.0016262155259, 0.000766838667914, 0.000731174019165, 0.000650276197121, 0.000389697263017, 0.000313544995151, 0.00017044247943, 9.461704758e-05, 3.32227282343e-05, 7.00697637512e-06, 6.51861342682e-10],
        "min": [1.67928444483e-08, 1.44744990394e-06, 3.83165433959e-06, 1.35614063765e-05, 0.000101198333141, 1.53685941768e-05, 1.06146217149e-05, 7.566610293e-06, 2.34938415815e-05, 1.16569863167e-05, 1.29115333038e-05, 2.71352182608e-05, 5.68075483898e-05, 6.09406160947e-05, 7.25225836504e-05, 5.32700287295e-05, 8.90471274033e-05, 0.000110346045403, 3.65866144421e-05, 3.91978828702e-05, 2.5587843993e-05, 3.18819656968e-05, 9.46220643527e-06, 1.10888174731e-06, 3.87961988924e-11, 3.06491186597e-11, 7.48955671787e-12],
        "var": [6.20467517365e-07, 5.89529045101e-05, 7.79308902565e-06, 3.50313666786e-06, 4.08149935538e-06, 2.06719346352e-06, 9.12018606414e-07, 6.88168597662e-07, 1.4182612631e-06, 1.33110972911e-06, 8.95501671039e-07, 9.11186134545e-07, 9.39767346608e-07, 1.31436843276e-06, 2.56573821389e-06, 1.93507207769e-06, 3.70833913621e-06, 6.12722885762e-07, 5.77941364099e-07, 3.01674447201e-07, 2.1012819218e-07, 3.24193990764e-07, 4.63209175905e-07, 8.89877895816e-08, 5.16892022517e-08, 1.34432021071e-08, 1.76641504429e-14]
    },
    "erbbands": {
        "dmean": [0.0895599871874, 0.965985000134, 2.33692908287, 3.13093590736, 4.30689096451, 5.02657413483, 6.98058080673, 5.68394088745, 6.82383394241, 8.15125751495, 7.00166130066, 9.56811618805, 8.81774044037, 10.474691391, 16.431230545, 17.1565971375, 23.1311855316, 21.4855079651, 54.3107337952, 26.2543830872, 52.8011627197, 51.1812705994, 26.8733463287, 18.2993659973, 20.4441871643, 15.7171268463, 8.93175888062, 9.5036315918, 7.89965343475, 8.60418319702, 5.51103162766, 2.94615364075, 1.95035934448, 1.11786496639, 0.598467886448, 0.278238922358, 0.0712158828974, 0.00511276070029, 0.000106200772279, 1.36759272209e-05],
        "dmean2": [0.146767690778, 1.69212961197, 4.019947052, 5.30302238464, 7.53501653671, 8.50874423981, 11.7790489197, 9.63420677185, 11.5319948196, 13.5013084412, 11.3978691101, 15.6235246658, 14.4582872391, 17.9313526154, 26.9028282166, 26.8449878693, 36.9262161255, 34.9829101562, 89.549331665, 43.4070549011, 88.8464736938, 84.9792861938, 43.9222373962, 30.274810791, 34.8155441284, 26.9782447815, 14.5349082947, 15.7000312805, 12.503200531, 13.556646347, 8.81486988068, 4.65707588196, 3.14044356346, 1.84473335743, 0.978321790695, 0.467239052057, 0.120305128396, 0.00868789665401, 0.000177098365384, 2.13262610487e-05],
        "dvar": [0.0304855108261, 4.32666301727, 12.1672487259, 12.7814102173, 30.3238143921, 42.2052497864, 150.254470825, 87.3585357666, 106.513771057, 202.266479492, 159.453918457, 262.558074951, 294.117004395, 309.459564209, 794.993896484, 720.600524902, 1069.0345459, 731.380126953, 4924.10449219, 920.97052002, 4456.23876953, 5397.96875, 1338.05664062, 374.06942749, 748.575073242, 424.978240967, 137.717422485, 257.407409668, 256.289581299, 368.632659912, 322.288574219, 47.2354507446, 21.0806446075, 11.1933097839, 2.70638585091, 0.720566213131, 0.0312145035714, 0.000212234372157, 7.89225964581e-08, 5.05433528364e-10],
        "dvar2": [0.0664753988385, 11.742893219, 34.4480857849, 33.4051589966, 89.7206497192, 114.996040344, 379.822143555, 237.103942871, 267.584869385, 550.626525879, 392.411071777, 562.935974121, 693.090881348, 816.405090332, 1757.01025391, 1514.80285645, 2417.03442383, 1761.84741211, 12888.6708984, 2483.41235352, 11769.0615234, 13246.9482422, 3405.19165039, 942.131896973, 1866.26098633, 1131.86474609, 290.016357422, 618.459228516, 558.186035156, 851.444213867, 786.781616211, 109.357078552, 53.4740829468, 29.9278202057, 6.97236251831, 1.9161914587, 0.0822696387768, 0.000586596666835, 2.12627668361e-07, 1.20596110875e-09],
        "max": [1.28547155857, 15.1445865631, 31.8871707916, 38.856010437, 59.1474876404, 69.7640457153, 156.808685303, 102.537712097, 157.746643066, 224.343399048, 226.534194946, 328.780639648, 456.600708008, 305.042724609, 734.16796875, 646.801696777, 433.060028076, 535.901184082, 724.524108887, 410.119598389, 1038.28173828, 1492.53686523, 635.405578613, 367.400360107, 408.924194336, 269.311676025, 199.88142395, 268.462280273, 223.576416016, 254.66885376, 369.080383301, 116.244926453, 45.7108078003, 68.482749939, 20.7955989838, 14.2486763, 1.85367894173, 0.236929699779, 0.00370101025328, 0.000300157378661],
        "mean": [0.125959351659, 1.09233248234, 3.43536663055, 4.97722053528, 6.17254543304, 7.67914676666, 9.56108951569, 8.795170784, 10.3380088806, 12.017036438, 11.4563760757, 16.3377571106, 17.3762054443, 18.1643657684, 27.1632556915, 31.4640522003, 44.6328392029, 45.3857078552, 100.432563782, 57.278717041, 108.36415863, 110.311470032, 63.2510108948, 45.6384658813, 45.6015396118, 36.1195144653, 22.8619918823, 20.4804935455, 16.7320194244, 15.0196142197, 8.8299369812, 4.64350652695, 2.67702150345, 1.29820942879, 0.587609827518, 0.241451442242, 0.0623563863337, 0.00438141822815, 0.000113981644972, 4.43343960796e-05],
        "median": [0.0285581871867, 0.570679306984, 2.70291471481, 3.85114073753, 4.58771800995, 5.30420160294, 4.95833492279, 5.06925058365, 5.78997087479, 6.61437034607, 6.42577266693, 8.55068969727, 8.51039409637, 9.39521980286, 15.2598323822, 21.0241737366, 29.1383533478, 33.4633636475, 70.3377380371, 48.1469154358, 85.6002655029, 86.6592712402, 51.1729125977, 37.3057785034, 36.5998878479, 31.2472553253, 18.199180603, 14.5727186203, 10.6226673126, 8.67121124268, 4.49696922302, 2.51241922379, 1.27811491489, 0.499215513468, 0.160887122154, 0.0453268997371, 0.0101928189397, 0.000509297475219, 3.54536314262e-05, 3.79554185201e-05],
        "min": [3.1604180549e-05, 0.000806491472758, 0.00482110492885, 0.0362753272057, 0.225668027997, 0.32060021162, 0.200246378779, 0.179581329226, 0.17549943924, 0.238985195756, 0.281442344189, 0.785604536533, 0.671312510967, 0.552105426788, 0.800799846649, 1.60501778126, 2.59510040283, 3.88708567619, 2.30461025238, 3.79073405266, 4.08771133423, 4.73239994049, 7.46043300629, 5.2483921051, 1.59970998764, 1.72546494007, 2.0712454319, 1.02447974682, 0.824995398521, 0.732771575451, 0.126445785165, 0.0554948672652, 0.0178227480501, 0.00229727290571, 0.000267059891485, 5.07073564222e-05, 1.77808815351e-05, 5.95184837948e-06, 5.10351628691e-06, 5.47350282432e-06],
        "var": [0.0526992194355, 3.3752617836, 11.8361272812, 19.4987983704, 32.38438797, 60.2442359924, 191.889343262, 120.620361328, 164.374267578, 270.929840088, 316.568878174, 687.310241699, 1291.29345703, 837.279846191, 2451.34887695, 1538.95068359, 2302.71508789, 1888.41418457, 9693.9375, 1641.67883301, 7679.34863281, 8711.30664062, 2422.56665039, 1103.14746094, 1438.54992676, 613.203186035, 327.065704346, 405.864746094, 405.093048096, 491.128326416, 385.301635742, 57.4144630432, 21.2152366638, 8.94051074982, 2.24992156029, 0.534775555134, 0.0261941533536, 0.00019000901375, 7.06449725385e-08, 6.5548200201e-10]
    },
    "gfcc": {
        "mean": [47.3952178955, 79.1280593872, -151.041610718, 61.4852371216, -51.1171875, 19.304227829, -42.2937164307, 4.52446269989, -20.7266235352, -1.15516400337, -17.2035808563, -3.10543966293, -10.9422302246],
        "cov": [[884.772521973, -541.558166504, 437.795410156, -30.1311740875, -107.976707458, 146.403015137, -134.456420898, 131.695373535, -104.218788147, 165.20022583, -33.8856086731, 122.264816284, -62.3940849304], [-541.558166504, 741.790710449, -318.367004395, 128.622924805, 73.6999664307, -85.0908050537, 156.803207397, -131.498260498, 149.459747314, -119.133964539, 115.935058594, -140.931289673, 117.349517822], [437.795410156, -318.367004395, 475.476959229, 5.19305801392, -9.47368717194, 115.305458069, -88.8456573486, 120.682006836, -67.8787765503, 118.007751465, -42.8261604309, 104.142280579, -68.303314209], [-30.1311740875, 128.622924805, 5.19305801392, 213.59085083, 50.6955795288, 83.698059082, 31.5623703003, -32.5340461731, 53.1120910645, -18.2794361115, 76.2293167114, -45.7739868164, 47.0979919434], [-107.976707458, 73.6999664307, -9.47368717194, 50.6955795288, 191.352630615, 44.5616607666, 77.2331008911, 20.2712554932, 11.1665754318, 9.53049564362, -2.1501390934, 2.05483102798, 1.71042048931], [146.403015137, -85.0908050537, 115.305458069, 83.698059082, 44.5616607666, 160.286102295, 21.2025852203, 54.5000495911, 1.23144936562, 33.4355583191, 26.1480751038, 5.18878555298, 4.90403938293], [-134.456420898, 156.803207397, -88.8456573486, 31.5623703003, 77.2331008911, 21.2025852203, 158.439590454, 32.869594574, 43.8945083618, -30.0949630737, 8.92649078369, -15.792599678, 31.233083725], [131.695373535, -131.498260498, 120.682006836, -32.5340461731, 20.2712554932, 54.5000495911, 32.869594574, 136.471405029, 1.70260179043, 37.1511306763, -38.8227958679, 33.2282333374, -14.8376703262], [-104.218788147, 149.459747314, -67.8787765503, 53.1120910645, 11.1665754318, 1.23144936562, 43.8945083618, 1.70260179043, 94.2063598633, -14.6066026688, 31.0473918915, -45.4183959961, 28.8148975372], [165.20022583, -119.133964539, 118.007751465, -18.2794361115, 9.53049564362, 33.4355583191, -30.0949630737, 37.1511306763, -14.6066026688, 105.69342804, -0.353444486856, 33.9804458618, -29.6064453125], [-33.8856086731, 115.935058594, -42.8261604309, 76.2293167114, -2.1501390934, 26.1480751038, 8.92649078369, -38.8227958679, 31.0473918915, -0.353444486856, 106.774497986, -15.1941776276, 30.6979064941], [122.264816284, -140.931289673, 104.142280579, -45.7739868164, 2.05483102798, 5.18878555298, -15.792599678, 33.2282333374, -45.4183959961, 33.9804458618, -15.1941776276, 96.8158111572, -13.1699113846], [-62.3940849304, 117.349517822, -68.303314209, 47.0979919434, 1.71042048931, 4.90403938293, 31.233083725, -14.8376703262, 28.8148975372, -29.6064453125, 30.6979064941, -13.1699113846, 76.4402236938]],
        "icov": [[0.00367913697846, 0.00168350071181, -0.00181076186709, -0.00016914268781, 0.00191175180953, -0.000878074089997, -0.00062081287615, 1.38696568683e-05, 0.000879335682839, -0.00247928849421, -0.000636399141513, 0.000514315441251, -0.0017728327075], [0.00168350071181, 0.0077243228443, -0.00390805955976, 0.00228830729611, -0.00191373436246, 0.00425628991798, -0.00590894371271, 0.00549245020375, -0.00416635582224, 0.00128521199804, -0.005500998348, 0.00719805620611, -0.0066181467846], [-0.00181076186709, -0.00390805955976, 0.00917613413185, -0.00484831165522, 0.00144045217894, -0.00361020606942, 0.00591199146584, -0.00664823874831, 0.00270842574537, -0.00269185937941, 0.00490119867027, -0.00825340300798, 0.00674760434777], [-0.00016914268781, 0.00228830729611, -0.00484831165522, 0.0140228364617, -0.0039101075381, -0.00330851692706, -0.00241773668677, 0.0072841225192, -0.00574275618419, 0.00403582071885, -0.00641118874773, 0.00676097813994, -0.00645429641008], [0.00191175180953, -0.00191373436246, 0.00144045217894, -0.0039101075381, 0.0100310891867, -0.00339993950911, -0.00197155727074, -0.0018221141072, 0.00309500400908, -0.00443701492622, 0.00410484662279, -0.00421172333881, 0.00338090234436], [-0.000878074089997, 0.00425628991798, -0.00361020606942, -0.00330851692706, -0.00339993950911, 0.0166737120599, -0.00475792447105, -0.00191898806952, 0.00103621568996, 0.000562743807677, -0.00649169413373, 0.00738970888779, -0.00415280042216], [-0.00062081287615, -0.00590894371271, 0.00591199146584, -0.00241773668677, -0.00197155727074, -0.00475792447105, 0.0172753632069, -0.00965808425099, 0.000581452972256, 0.000988380052149, 0.00407999241725, -0.00778873311356, 0.00393612775952], [1.38696568683e-05, 0.00549245020375, -0.00664823874831, 0.0072841225192, -0.0018221141072, -0.00191898806952, -0.00965808425099, 0.0219420846552, -0.00941806379706, 0.000821913476102, 0.000474164524348, 0.00414789794013, -0.00608711736277], [0.000879335682839, -0.00416635582224, 0.00270842574537, -0.00574275618419, 0.00309500400908, 0.00103621568996, 0.000581452972256, -0.00941806379706, 0.0235578622669, -0.00475592073053, -0.000326027511619, 0.0031843977049, 0.000828060728963], [-0.00247928849421, 0.00128521199804, -0.00269185937941, 0.00403582071885, -0.00443701492622, 0.000562743807677, 0.000988380052149, 0.000821913476102, -0.00475592073053, 0.0184413976967, -0.00522858509794, 0.000503564602695, 0.00205212389119], [-0.000636399141513, -0.005500998348, 0.00490119867027, -0.00641118874773, 0.00410484662279, -0.00649169413373, 0.00407999241725, 0.000474164524348, -0.000326027511619, -0.00522858509794, 0.0210582297295, -0.00934357661754, 0.00303597282618], [0.000514315441251, 0.00719805620611, -0.00825340300798, 0.00676097813994, -0.00421172333881, 0.00738970888779, -0.00778873311356, 0.00414789794013, 0.0031843977049, 0.000503564602695, -0.00934357661754, 0.0275766570121, -0.0110651785508], [-0.0017728327075, -0.0066181467846, 0.00674760434777, -0.00645429641008, 0.00338090234436, -0.00415280042216, 0.00393612775952, -0.00608711736277, 0.000828060728963, 0.00205212389119, 0.00303597282618, -0.0110651785508, 0.0265591461211]]
    },
    "melbands": {
        "dmean": [0.000914754695259, 0.00123391824309, 0.000539870525245, 0.000319619866787, 0.000233495913562, 0.000128352286993, 0.000103510006738, 9.20578022487e-05, 5.6763044995e-05, 6.09011767665e-05, 4.48596474598e-05, 4.37957933173e-05, 4.93165680382e-05, 4.65815646749e-05, 5.27280317328e-05, 4.44321194664e-05, 4.61054951302e-05, 9.02344108908e-05, 5.0721984735e-05, 4.02202858822e-05, 7.45976212784e-05, 6.17215118837e-05, 4.39048853877e-05, 2.33087339438e-05, 1.56415735546e-05, 1.7833603124e-05, 1.36508551805e-05, 1.16791061373e-05, 6.53881443213e-06, 5.28922510057e-06, 6.10467668594e-06, 4.60230739918e-06, 5.5869732023e-06, 4.66621349915e-06, 3.68556379726e-06, 2.25629150918e-06, 1.79000880962e-06, 1.46652064359e-06, 1.15912280307e-06, 9.33671230996e-07],
        "dmean2": [0.00156790285837, 0.00210913852789, 0.00091654935386, 0.000550742086489, 0.000391969049815, 0.000217020147829, 0.000174801461981, 0.000153417189722, 9.07608264242e-05, 9.96782910079e-05, 7.37185982871e-05, 7.49220125726e-05, 8.03783550509e-05, 7.3386800068e-05, 8.31236393424e-05, 7.11623433745e-05, 7.51612169552e-05, 0.000151277898112, 8.17999316496e-05, 6.80764424033e-05, 0.000125814593048, 0.00010259578994, 7.09042142262e-05, 3.96042050852e-05, 2.61160712398e-05, 3.01790496451e-05, 2.35052339121e-05, 2.01900747925e-05, 1.06766183308e-05, 8.64732101036e-06, 1.01470413938e-05, 7.28733675714e-06, 8.99042515812e-06, 7.3433225225e-06, 5.9548669924e-06, 3.63312619811e-06, 2.92224399345e-06, 2.3902873636e-06, 1.90788182408e-06, 1.56974567744e-06],
        "dvar": [3.29883800987e-06, 4.39676978203e-06, 4.05065122777e-07, 1.58823155516e-07, 1.41876697057e-07, 4.4123062537e-08, 2.51547955799e-08, 2.45400002541e-08, 1.05764588199e-08, 1.14333813528e-08, 7.83403919513e-09, 6.08411543368e-09, 6.44509823289e-09, 5.84245185564e-09, 5.91050319798e-09, 3.0410922669e-09, 3.7001972597e-09, 1.37855185045e-08, 3.78222564379e-09, 2.93184587719e-09, 9.09062158883e-09, 6.17679152271e-09, 6.37602948217e-09, 6.6445604574e-10, 2.92261326251e-10, 5.37706656978e-10, 3.12705999983e-10, 2.46866999065e-10, 6.20022921893e-11, 7.31549751332e-11, 1.04721106786e-10, 8.71060168439e-11, 1.32571689737e-10, 1.22811968928e-10, 2.00514896354e-10, 2.51515960836e-11, 1.95258826469e-11, 1.23551776449e-11, 9.3159455844e-12, 7.65137085634e-12],
        "dvar2": [8.4338198576e-06, 1.19875467135e-05, 1.09270195026e-06, 4.62358286768e-07, 3.6105802792e-07, 1.18674059024e-07, 6.29112903994e-08, 6.7654021052e-08, 2.35652706237e-08, 2.49636986638e-08, 1.86135391544e-08, 1.59524145005e-08, 1.40100482326e-08, 1.36210749346e-08, 1.39424409795e-08, 7.39792360704e-09, 9.01718166801e-09, 3.59605749622e-08, 1.00351043031e-08, 7.61495932977e-09, 2.41585240701e-08, 1.5254661534e-08, 1.58753454826e-08, 1.74271763687e-09, 7.36582350669e-10, 1.29329968956e-09, 8.37560243383e-10, 6.66944721672e-10, 1.39926306653e-10, 1.64794886071e-10, 2.57388749203e-10, 2.03782796193e-10, 3.02847302791e-10, 2.93444601951e-10, 5.13476483555e-10, 5.4562313001e-11, 4.86227863528e-11, 3.12505056554e-11, 2.49200677455e-11, 2.03621286499e-11],
        "max": [0.0152904866263, 0.0186485815793, 0.00822483189404, 0.00424452032894, 0.00454445928335, 0.00212739687413, 0.00247513945214, 0.00197515776381, 0.00225624395534, 0.00213472731411, 0.00226385751739, 0.0013902366627, 0.00230608391576, 0.00174382689875, 0.00147849402856, 0.000697646290064, 0.00122725847177, 0.00122206460219, 0.000732025189791, 0.000873460434377, 0.00153326045256, 0.00125024223235, 0.00168611155823, 0.000358445220627, 0.000318853853969, 0.000451225816505, 0.000173628752236, 0.000208693862078, 0.000108004795038, 0.000197739165742, 0.000181823343155, 0.000150929947267, 0.000149974905071, 0.00017863092944, 0.000315268029226, 6.49905923638e-05, 8.09554840089e-05, 3.53417235601e-05, 5.7994879171e-05, 5.37700943823e-05],
        "mean": [0.00122167146765, 0.00171455799136, 0.00090400245972, 0.00050068856217, 0.000338690791978, 0.000202221985091, 0.00015739139053, 0.000133114968776, 9.31349422899e-05, 0.000103663180198, 8.5920910351e-05, 7.27792503312e-05, 7.75444495957e-05, 8.14449667814e-05, 9.382260032e-05, 8.42212393763e-05, 8.29831042211e-05, 0.000162374286447, 9.5210816653e-05, 7.76917731855e-05, 0.000140032658237, 0.000120526230603, 8.10074925539e-05, 4.69178630738e-05, 3.46302367689e-05, 3.66528693121e-05, 2.7281099392e-05, 2.38182237808e-05, 1.52350612552e-05, 1.12986826935e-05, 1.20138529383e-05, 9.19676040212e-06, 9.46478940023e-06, 7.70406404627e-06, 5.47850459043e-06, 3.45474336427e-06, 2.57397095993e-06, 1.90705009118e-06, 1.46320428485e-06, 9.82897518043e-07],
        "median": [0.000440279371105, 0.00127378385514, 0.000736012822017, 0.000365225743735, 0.000190255130292, 0.00011568282207, 8.72978489497e-05, 7.07825238351e-05, 5.33825186722e-05, 5.19501845702e-05, 4.02991790907e-05, 3.48793364537e-05, 4.2774627218e-05, 5.13579398103e-05, 6.29384740023e-05, 5.8153502323e-05, 5.45781149413e-05, 0.00011282741616, 7.40234390832e-05, 5.86855494475e-05, 0.000106033548946, 9.10016024136e-05, 5.51007433387e-05, 3.62374776159e-05, 2.72597571893e-05, 2.83992012555e-05, 2.26447773457e-05, 2.01365255634e-05, 1.20738150144e-05, 8.57069881022e-06, 8.25209281174e-06, 5.76800266572e-06, 5.65588834434e-06, 4.13958377976e-06, 2.54942005995e-06, 1.66672475643e-06, 1.28893498186e-06, 8.25519805403e-07, 6.28664338365e-07, 3.42027732358e-07],
        "min": [3.47633999809e-07, 1.9553203856e-06, 1.10122855403e-05, 2.08021938306e-05, 7.7335671449e-06, 3.43906663147e-06, 2.30705836657e-06, 1.65798644503e-06, 1.64325342666e-06, 3.73171974388e-06, 2.12584041037e-06, 1.53912219503e-06, 2.80599260805e-06, 2.70442910733e-06, 5.1110368986e-06, 5.1877682381e-06, 5.78215394853e-06, 1.38936525218e-06, 4.53690245195e-06, 5.11155758431e-06, 3.72133285964e-06, 4.39627865489e-06, 3.64243760487e-06, 5.62092236578e-06, 2.79026266981e-06, 1.45374986005e-06, 8.15942030385e-07, 1.1090062344e-06, 9.27341886836e-07, 5.26695544067e-07, 5.6256925518e-07, 3.76392051749e-07, 5.18873605415e-07, 3.05483411012e-07, 4.78588901842e-08, 3.24019744369e-08, 1.19113012786e-08, 2.02932493032e-09, 1.43355527102e-11, 1.97684669198e-13],
