{
"highlevel": {
    "danceability": {
        "all": {
            "danceable": 0.999999046326,
            "not_danceable": 9.49550212681e-07
        },
        "probability": 0.999999046326,
        "value": "danceable"
    },
    "gender": {
        "all": {
            "female": 0.412764281034,
            "male": 0.587235748768
        },
        "probability": 0.587235748768,
        "value": "male"
    },
    "genre_dortmund": {
        "all": {
            "alternative": 0.0075833867304,
            "blues": 0.00999262370169,
            "electronic": 0.50125682354,
            "folkcountry": 0.00808350089937,
            "funksoulrnb": 0.00696835806593,
            "jazz": 0.0603202693164,
            "pop": 0.0365864224732,
            "raphiphop": 0.344805955887,
            "rock": 0.0244026575238
        },
        "probability": 0.50125682354,
        "value": "electronic"
    },
    "genre_electronic": {
        "all": {
            "ambient": 0.0167524907738,
            "dnb": 0.55713391304,
            "house": 0.0243898909539,
            "techno": 0.0247443709522,
            "trance": 0.376979321241
        },
        "probability": 0.55713391304,
        "value": "dnb"
    },
    "genre_rosamerica": {
        "all": {
            "cla": 0.00012307857105,
            "dan": 0.82390755415,
            "hip": 0.139607027173,
            "jaz": 0.000132305562147,
            "pop": 0.0225984081626,
            "rhy": 0.00410196883604,
            "roc": 0.00939381308854,
            "spe": 0.000135848240461
        },
        "probability": 0.82390755415,
        "value": "dan"
    },
    "genre_tzanetakis": {
        "all": {
            "blu": 0.0871003344655,
            "cla": 0.0387053787708,
            "cou": 0.0870862677693,
            "dis": 0.0497638508677,
            "hip": 0.174175515771,
            "jaz": 0.174181446433,
            "met": 0.058057077229,
            "pop": 0.0870856419206,
            "reg": 0.0696694031358,
            "roc": 0.174175083637
        },
        "probability": 0.174181446433,
        "value": "jaz"
    },
    "ismir04_rhythm": {
        "all": {
            "ChaChaCha": 0.04488575086,
            "Jive": 0.00360580394045,
            "Quickstep": 0.00857372395694,
            "Rumba-American": 0.00331202638336,
            "Rumba-International": 0.00353188160807,
            "Rumba-Misc": 0.00120751035865,
            "Samba": 0.933827102184,
            "Tango": 0.000337996112648,
            "VienneseWaltz": 0.000489537487738,
            "Waltz": 0.000228642238653
        },
        "probability": 0.933827102184,
        "value": "Samba"
    },
    "mood_acoustic": {
        "all": {
            "acoustic": 3.12399528468e-08,
            "not_acoustic": 0.999999940395
        },
        "probability": 0.999999940395,
        "value": "not_acoustic"
    },
    "mood_aggressive": {
        "all": {
            "aggressive": 0.706840336323,
            "not_aggressive": 0.29315969348
        },
        "probability": 0.706840336323,
        "value": "aggressive"
    },
    "mood_electronic": {
        "all": {
            "electronic": 0.982089042664,
            "not_electronic": 0.0179109796882
        },
        "probability": 0.982089042664,
        "value": "electronic"
    },
    "mood_happy": {
        "all": {
            "happy": 0.215519115329,
            "not_happy": 0.78448086977
        },
        "probability": 0.78448086977,
        "value": "not_happy"
    },
    "mood_party": {
        "all": {
            "not_party": 0.0110225789249,
            "party": 0.988977432251
        },
        "probability": 0.988977432251,
        "value": "party"
    },
    "mood_relaxed": {
        "all": {
            "not_relaxed": 0.947200536728,
            "relaxed": 0.0527994632721
        },
        "probability": 0.947200536728,
        "value": "not_relaxed"
    },
    "mood_sad": {
        "all": {
            "not_sad": 0.94963747263,
            "sad": 0.0503625273705
        },
        "probability": 0.94963747263,
        "value": "not_sad"
    },
    "moods_mirex": {
        "all": {
            "Cluster1": 0.316319644451,
            "Cluster2": 0.186466515064,
            "Cluster3": 0.0589239820838,
            "Cluster4": 0.090862609446,
            "Cluster5": 0.347427248955
        },
        "probability": 0.347427248955,
        "value": "Cluster5"
    },
    "timbre": {
        "all": {
            "bright": 0.295119434595,
            "dark": 0.704880595207
        },
        "probability": 0.704880595207,
        "value": "dark"
    },
    "tonal_atonal": {
        "all": {
            "atonal": 0.86019808054,
            "tonal": 0.13980191946
        },
        "probability": 0.86019808054,
        "value": "atonal"
    },
    "voice_instrumental": {
        "all": {
            "instrumental": 0.0120562147349,
            "voice": 0.987943768501
        },
        "probability": 0.987943768501,
        "value": "voice"
    }
},
"lowlevel": {
    "average_loudness": 0.962257385254,
    "barkbands_crest": {
        "dmean": 3.63848280907,
        "dmean2": 5.02670097351,
        "dvar": 10.2538490295,
        "dvar2": 20.7026157379,
        "max": 26.0364894867,
        "mean": 13.9919910431,
        "median": 14.2143325806,
        "min": 2.82875466347,
        "var": 30.4007282257
    },
    "barkbands_flatness_db": {
        "dmean": 0.0443459488451,
        "dmean2": 0.0606230087578,
        "dvar": 0.00195651850663,
        "dvar2": 0.0040329080075,
        "max": 0.531466543674,
        "mean": 0.161745518446,
        "median": 0.149445697665,
        "min": 0.035535775125,
        "var": 0.00490563595667
    },
    "barkbands_kurtosis": {
        "dmean": 13.8965158463,
        "dmean2": 20.9079761505,
        "dvar": 1031.6973877,
        "dvar2": 2347.08837891,
        "max": 417.290252686,
        "mean": 14.8701286316,
        "median": 3.8995423317,
        "min": -1.9208073616,
        "var": 1197.87658691
    },
    "barkbands_skewness": {
        "dmean": 1.41085219383,
        "dmean2": 1.93711686134,
        "dvar": 2.42567110062,
        "dvar2": 4.72687578201,
        "max": 17.6023654938,
        "mean": 2.6375617981,
        "median": 2.10916805267,
        "min": -3.47123813629,
        "var": 6.39862728119
    },
    "barkbands_spread": {
        "dmean": 13.9427595139,
        "dmean2": 19.3927879333,
        "dvar": 178.206237793,
        "dvar2": 338.131835938,
        "max": 128.627838135,
        "mean": 29.6604156494,
        "median": 24.4149150848,
        "min": 0.290409147739,
        "var": 524.937866211
    },
    "dissonance": {
        "dmean": 0.0153049360961,
        "dmean2": 0.026568684727,
        "dvar": 0.000340905971825,
        "dvar2": 0.000930753070861,
        "max": 0.500000178814,
        "mean": 0.480310767889,
        "median": 0.487072348595,
        "min": 0.353493511677,
        "var": 0.000427200720878
    },
    "dynamic_complexity": 1.89794778824,
    "erbbands_crest": {
        "dmean": 3.06975722313,
        "dmean2": 5.05643033981,
        "dvar": 10.6204414368,
        "dvar2": 27.6584224701,
        "max": 27.0077266693,
        "mean": 7.58861017227,
        "median": 6.08332824707,
        "min": 2.5714905262,
        "var": 19.0940952301
    },
    "erbbands_flatness_db": {
        "dmean": 0.0210680924356,
        "dmean2": 0.0318818613887,
        "dvar": 0.000439557741629,
        "dvar2": 0.00101914489642,
        "max": 0.329348444939,
        "mean": 0.123585991561,
        "median": 0.115179300308,
        "min": 0.058836504817,
        "var": 0.00140682223719
    },
    "erbbands_kurtosis": {
        "dmean": 1.50147795677,
        "dmean2": 2.48211693764,
        "dvar": 9.75123405457,
        "dvar2": 27.0051651001,
        "max": 58.8387260437,
        "mean": 0.572478950024,
        "median": -0.00517416000366,
        "min": -1.69835627079,
        "var": 7.74834299088
    },
    "erbbands_skewness": {
        "dmean": 0.518289327621,
        "dmean2": 0.760481059551,
        "dvar": 0.277237385511,
        "dvar2": 0.627028346062,
        "max": 7.21357727051,
        "mean": -0.111220672727,
        "median": -0.132686719298,
        "min": -2.5446472168,
        "var": 0.742211163044
    },
    "erbbands_spread": {
        "dmean": 16.1523284912,
        "dmean2": 24.766046524,
        "dvar": 236.353424072,
        "dvar2": 515.736755371,
        "max": 158.270370483,
        "mean": 50.7629585266,
        "median": 46.6570892334,
        "min": 4.79011583328,
        "var": 555.870849609
    },
    "hfc": {
        "dmean": 20.4265193939,
        "dmean2": 29.1282672882,
        "dvar": 457.066711426,
        "dvar2": 848.753967285,
        "max": 384.58996582,
        "mean": 39.602596283,
        "median": 28.9321956635,
        "min": 1.29526901245,
        "var": 1437.67468262
    },
    "melbands_crest": {
        "dmean": 5.2305560112,
        "dmean2": 8.51770401001,
        "dvar": 25.1144638062,
        "dvar2": 62.4776992798,
        "max": 36.1003952026,
        "mean": 24.1745643616,
        "median": 26.1938457489,
        "min": 2.75298595428,
        "var": 68.374671936
    },
    "melbands_flatness_db": {
        "dmean": 0.0548978932202,
        "dmean2": 0.073106855154,
        "dvar": 0.00301007297821,
        "dvar2": 0.00628855638206,
        "max": 0.661152124405,
        "mean": 0.216779142618,
        "median": 0.216051667929,
        "min": 0.0225229654461,
        "var": 0.00965405628085
    },
    "melbands_kurtosis": {
        "dmean": 41.193977356,
        "dmean2": 60.8334922791,
        "dvar": 6630.88134766,
        "dvar2": 14825.6386719,
        "max": 971.641235352,
        "mean": 53.5374069214,
        "median": 19.9690475464,
        "min": -1.64148342609,
        "var": 9445.31445312
    },
    "melbands_skewness": {
        "dmean": 2.15146708488,
        "dmean2": 3.01790952682,
        "dvar": 5.65832710266,
        "dvar2": 10.6588478088,
        "max": 24.2541255951,
        "mean": 5.05750417709,
        "median": 4.06745052338,
        "min": -1.91061615944,
        "var": 15.095459938
    },
    "melbands_spread": {
        "dmean": 14.820438385,
        "dmean2": 21.364030838,
        "dvar": 278.954620361,
        "dvar2": 575.336791992,
        "max": 149.787368774,
        "mean": 27.1121444702,
        "median": 16.7652416229,
        "min": 0.265025526285,
        "var": 792.456848145
    },
    "pitch_salience": {
        "dmean": 0.115648761392,
        "dmean2": 0.175853908062,
        "dvar": 0.0154075091705,
        "dvar2": 0.035447075963,
        "max": 0.882674276829,
        "mean": 0.400399506092,
        "median": 0.385662049055,
        "min": 0.0346445254982,
        "var": 0.0317251048982
    },
    "silence_rate_20dB": {
        "dmean": 0,
        "dmean2": 0,
        "dvar": 0,
        "dvar2": 0,
        "max": 1,
        "mean": 1,
        "median": 1,
        "min": 1,
        "var": 0
    },
    "silence_rate_30dB": {
        "dmean": 0.0990712046623,
        "dmean2": 0.198295891285,
        "dvar": 0.0892544314265,
        "dvar2": 0.165172055364,
        "max": 1,
        "mean": 0.86697602272,
        "median": 1,
        "min": 0,
        "var": 0.115327730775
    },
    "silence_rate_60dB": {
        "dmean": 0.00928792543709,
        "dmean2": 0.018590239808,
        "dvar": 0.00920151732862,
        "dvar2": 0.0228920448571,
        "max": 1,
        "mean": 0.00696055684239,
        "median": 0,
        "min": 0,
        "var": 0.00691217929125
    },
    "spectral_centroid": {
        "dmean": 515.549377441,
        "dmean2": 729.959716797,
        "dvar": 207726.5,
        "dvar2": 405343,
        "max": 4686.60791016,
        "mean": 2037.95983887,
        "median": 2056.01928711,
        "min": 107.991905212,
        "var": 796694.125
    },
    "spectral_complexity": {
        "dmean": 9.08281707764,
        "dmean2": 12.9372577667,
        "dvar": 69.3296813965,
        "dvar2": 126.247932434,
        "max": 60,
        "mean": 23.8932723999,
        "median": 22,
        "min": 1,
        "var": 169.638870239
    },
    "spectral_decrease": {
        "dmean": 4.5721826325e-09,
        "dmean2": 7.25587812056e-09,
        "dvar": 3.69580393396e-17,
        "dvar2": 7.73370396124e-17,
        "max": -1.67077920943e-10,
        "mean": -1.49595607013e-08,
        "median": -1.31684378957e-08,
        "min": -4.3504901015e-08,
        "var": 1.03361035038e-16
    },
    "spectral_energy": {
        "dmean": 0.0179504137486,
        "dmean2": 0.0283407978714,
        "dvar": 0.000518701213878,
        "dvar2": 0.00108970527072,
        "max": 0.166992217302,
        "mean": 0.0600529238582,
        "median": 0.056096971035,
        "min": 0.000806194613688,
        "var": 0.00146171543747
    },
    "spectral_energyband_high": {
        "dmean": 0.00200379127637,
        "dmean2": 0.0028372220695,
        "dvar": 5.93313507125e-06,
        "dvar2": 1.03883194242e-05,
        "max": 0.0459353402257,
        "mean": 0.0031972352881,
        "median": 0.00190472172108,
        "min": 1.20105869428e-06,
        "var": 1.68211990967e-05
    },
    "spectral_energyband_low": {
        "dmean": 0.0154927223921,
        "dmean2": 0.0229855347425,
        "dvar": 0.000549392367247,
        "dvar2": 0.00105835834984,
        "max": 0.14659139514,
        "mean": 0.043872628361,
        "median": 0.0299858525395,
        "min": 3.6536044945e-07,
        "var": 0.00149421882816
    },
    "spectral_energyband_middle_high": {
        "dmean": 0.00343101285398,
        "dmean2": 0.00516260974109,
        "dvar": 1.60791314556e-05,
        "dvar2": 3.37116507581e-05,
        "max": 0.0437278933823,
        "mean": 0.00593750504777,
        "median": 0.00389443058521,
        "min": 1.38105260703e-05,
        "var": 4.03985432058e-05
    },
    "spectral_energyband_middle_low": {
        "dmean": 0.008635353297,
        "dmean2": 0.0157833006233,
        "dvar": 0.000296540500131,
        "dvar2": 0.000842472247314,
        "max": 0.098566763103,
        "mean": 0.00820141471922,
        "median": 0.00337858544663,
        "min": 0.000143180790474,
        "var": 0.000190631020814
    },
    "spectral_entropy": {
        "dmean": 0.219081908464,
        "dmean2": 0.326690137386,
        "dvar": 0.0894365608692,
        "dvar2": 0.22065615654,
        "max": 8.65396690369,
        "mean": 7.98022270203,
        "median": 8.05637168884,
        "min": 4.8620557785,
        "var": 0.136763840914
    },
    "spectral_flux": {
        "dmean": 0.0498970970511,
        "dmean2": 0.0776050463319,
        "dvar": 0.00283802812919,
        "dvar2": 0.0056909006089,
        "max": 0.417038589716,
        "mean": 0.133737638593,
        "median": 0.11192741245,
        "min": 0.010879102163,
        "var": 0.00683877104893
    },
    "spectral_kurtosis": {
        "dmean": 1.16168749332,
        "dmean2": 1.97943508625,
        "dvar": 7.208776474,
        "dvar2": 20.304315567,
        "max": 39.6819763184,
        "mean": 2.36052489281,
        "median": 1.9401512146,
        "min": 0.0332922935486,
        "var": 5.6411075592
    },
    "spectral_rms": {
        "dmean": 0.00119984976482,
        "dmean2": 0.0018832271453,
        "dvar": 2.03069453164e-06,
        "dvar2": 4.21935919803e-06,
        "max": 0.0127639826387,
        "mean": 0.00721380114555,
        "median": 0.0073978882283,
        "min": 0.000886866007932,
        "var": 6.54934774502e-06
    },
    "spectral_rolloff": {
        "dmean": 1130.59277344,
        "dmean2": 1745.85925293,
        "dvar": 2352756.5,
        "dvar2": 4483536.5,
        "max": 14147.3144531,
        "mean": 1928.94592285,
        "median": 775.1953125,
        "min": 64.599609375,
        "var": 6139877.5
    },
    "spectral_skewness": {
        "dmean": 0.228633895516,
        "dmean2": 0.365851432085,
        "dvar": 0.102743156254,
        "dvar2": 0.26536205411,
        "max": 5.40156650543,
        "mean": 1.16556739807,
        "median": 1.11102283001,
        "min": 0.532238543034,
        "var": 0.169852972031
    },
    "spectral_spread": {
        "dmean": 828344.5,
        "dmean2": 1242699.125,
        "dvar": 845549731840,
        "dvar2": 1.91674790707e+12,
        "max": 14223557,
        "mean": 5641354,
        "median": 5534317.5,
        "min": 1444083.625,
        "var": 1.92875239834e+12
    },
    "spectral_strongpeak": {
        "dmean": 0.397240430117,
        "dmean2": 0.642661333084,
        "dvar": 1.23337006569,
        "dvar2": 3.21482944489,
        "max": 19.3084697723,
        "mean": 0.65849506855,
        "median": 0.315021634102,
        "min": 0,
        "var": 1.48845303059
    },
    "zerocrossingrate": {
        "dmean": 0.023468868807,
        "dmean2": 0.0260441880673,
        "dvar": 0.000442601856776,
        "dvar2": 0.000543584872503,
        "max": 0.359375,
        "mean": 0.0715077146888,
        "median": 0.05615234375,
        "min": 0.0029296875,
        "var": 0.00314949941821
    },
    "barkbands": {
        "dmean": [0.00189157447312, 0.0137196816504, 0.00582529371604, 0.00288286316209, 0.00241675553843, 0.00185229629278, 0.000812052458059, 0.000654208124615, 0.00084471621085, 0.00105010555126, 0.000524224364199, 0.000774981337599, 0.00031381926965, 0.000406568346079, 0.000391153909732, 0.000449135521194, 0.000389364809962, 0.00028216606006, 0.000492118531838, 0.000366290245438, 0.000471387989819, 0.000425769947469, 0.000507504097186, 0.000296481244732, 0.000241166941123, 0.000209285062738, 1.96372624828e-07],
        "dmean2": [0.0027651686687, 0.0177746713161, 0.00980791635811, 0.00552250538021, 0.00460201920941, 0.00329191167839, 0.001492739073, 0.00100053986534, 0.00138042191975, 0.00177848665044, 0.000869991083164, 0.00116732693277, 0.000530677381903, 0.000662238046061, 0.0006594270817, 0.000764260243159, 0.000630932219792, 0.000447601254564, 0.000770061218645, 0.000555901438929, 0.000705702754203, 0.000617084559053, 0.0007348615909, 0.000428183702752, 0.000370242778445, 0.000305062334519, 3.28648496861e-07],
        "dvar": [7.25304380467e-06, 0.000380868848879, 0.000201937466045, 7.68091995269e-05, 3.77058058803e-05, 7.16997647032e-06, 3.59927548743e-06, 3.01748082165e-06, 3.48976004716e-06, 6.83263442625e-06, 1.24823156966e-06, 3.90816558138e-06, 4.41286744035e-07, 7.5342660466e-07, 4.58751657106e-07, 9.42489521094e-07, 3.95160128619e-07, 2.05654558272e-07, 8.27513360946e-07, 1.89362367564e-07, 3.74429191652e-07, 5.79525249123e-07, 7.26128064343e-07, 1.44842317695e-07, 1.14857463984e-07, 3.56834107151e-07, 3.69782329757e-13],
        "dvar2": [1.31752958623e-05, 0.000624442123808, 0.000523454451468, 0.00022426378564, 0.000108412852569, 1.87126188393e-05, 1.00631241367e-05, 5.39119355381e-06, 7.76751494413e-06, 1.87030182133e-05, 3.45316266248e-06, 7.9296532931e-06, 1.19209084914e-06, 1.99628243536e-06, 1.23649181205e-06, 2.59298326455e-06, 1.04654043298e-06, 5.42414966276e-07, 1.81339635219e-06, 4.15784256802e-07, 7.46382568195e-07, 9.91362867353e-07, 1.46421155023e-06, 2.75397127325e-07, 2.92895748544e-07, 5.98446035838e-07, 9.67435116392e-13],
        "max": [0.0231376327574, 0.140736162663, 0.0844064801931, 0.0481688305736, 0.0400079451501, 0.0179023463279, 0.0131866037846, 0.0299528427422, 0.0237861722708, 0.0436345562339, 0.0152125842869, 0.0312050618231, 0.0128022320569, 0.0107608372346, 0.00772897386923, 0.012859175913, 0.00815434195101, 0.00764139136299, 0.0203886218369, 0.00649471208453, 0.0113307638094, 0.0219731461257, 0.0233921762556, 0.00859437230974, 0.00599488569424, 0.0101506086066, 8.77098318597e-06],
        "mean": [0.00484284479171, 0.0323703922331, 0.0057898145169, 0.00192742317449, 0.00167023926042, 0.00152314617299, 0.000630901544355, 0.000796415901277, 0.00101638399065, 0.00120042753406, 0.000610637362115, 0.00084675301332, 0.000355481228326, 0.000519850407727, 0.000495512096677, 0.000543430738617, 0.000500036287121, 0.000367103435565, 0.000610027345829, 0.000508987403009, 0.000690290878993, 0.000595880032051, 0.000634611700661, 0.000429452426033, 0.000313158583594, 0.00026347846142, 1.80431058538e-07],
        "median": [0.00355931464583, 0.0173767991364, 0.000918417936191, 0.000285084737698, 0.000454410677776, 0.000497847737279, 0.000193558938918, 0.000153491666424, 0.000331316841766, 0.000232374368352, 0.000173684937181, 0.000203506089747, 0.000147427679622, 0.00017970862973, 0.000250264711212, 0.000264991947915, 0.000252452591667, 0.000202184048248, 0.000251182558713, 0.000268303963821, 0.000348563335137, 0.000316697900416, 0.000318007834721, 0.000271039723884, 0.000172858490259, 6.31822040305e-05, 5.30924282316e-09],
        "min": [4.28821478327e-10, 3.95055188562e-08, 7.31756486516e-08, 3.16555258451e-07, 2.59113448919e-06, 5.8788723436e-06, 2.99561111206e-06, 2.8644512895e-07, 1.40484223721e-06, 9.84517100733e-07, 9.51245738179e-07, 6.40932285023e-07, 3.24947677655e-07, 6.34242553588e-07, 9.66844368122e-07, 3.5663623521e-07, 2.5147295446e-07, 2.77725462183e-07, 1.20474203413e-06, 4.80434550809e-07, 1.05150505192e-07, 2.14632720485e-07, 1.125444129e-07, 7.19274879657e-08, 2.35342518806e-08, 1.03136388319e-09, 9.10075920874e-12],
        "var": [2.37761214521e-05, 0.000997583265416, 0.000158162336447, 4.14629394072e-05, 2.08571236726e-05, 6.1659570747e-06, 2.26839802053e-06, 5.8920390984e-06, 5.10217978444e-06, 8.56164569996e-06, 1.38222446822e-06, 5.2534378483e-06, 4.39829562993e-07, 1.14051897526e-06, 5.69528936012e-07, 1.0557761243e-06, 4.68636045525e-07, 3.16355169616e-07, 1.63032234468e-06, 3.84558290989e-07, 9.05850583877e-07, 1.71877127286e-06, 1.19787637232e-06, 2.99815383187e-07, 1.77937323542e-07, 7.44264468722e-07, 3.66659176979e-13]
    },
    "erbbands": {
        "dmean": [0.627707958221, 2.90467739105, 7.02641868591, 8.07039737701, 8.76565933228, 7.16329669952, 13.4268541336, 14.6545581818, 10.5782146454, 11.9750556946, 16.3543109894, 15.4343271255, 38.9840431213, 19.566904068, 21.5241546631, 32.1413002014, 14.7668571472, 17.8760414124, 17.4441642761, 26.5671138763, 20.8745822906, 21.6281242371, 16.9968280792, 21.7908973694, 23.105714798, 17.6833057404, 18.0331268311, 18.7838439941, 13.9693851471, 17.2112026215, 15.2270927429, 8.35286903381, 4.48589706421, 2.96256709099, 1.56534516811, 0.884063720703, 0.446049839258, 0.0446263961494, 0.00077355466783, 4.93176812597e-05],
        "dmean2": [0.920069873333, 3.82269501686, 10.9703464508, 14.9875869751, 16.8458881378, 13.6638021469, 24.468662262, 26.0702133179, 19.0615844727, 21.9558429718, 24.5752124786, 25.5131340027, 65.2671813965, 32.3101043701, 34.3974533081, 48.2095298767, 24.0702857971, 29.1986598969, 27.9830551147, 44.9966430664, 35.1842689514, 35.2597579956, 27.5734539032, 33.9948005676, 35.9855232239, 27.1108188629, 26.4094791412, 29.2354373932, 20.6377849579, 25.3179168701, 22.0323524475, 11.7803297043, 6.72542762756, 4.66492271423, 2.42771673203, 1.39411890507, 0.619309484959, 0.0633192136884, 0.00109748751856, 6.90180604579e-05],
        "dvar": [0.970955550671, 23.2590637207, 255.155181885, 542.280883789, 709.449035645, 339.148132324, 490.864990234, 460.131622314, 413.009033203, 778.792785645, 2272.05493164, 1029.77001953, 9507.5546875, 1056.18054199, 2060.84179688, 8262.91894531, 889.405944824, 1039.3918457, 930.045959473, 2412.57788086, 2064.5234375, 1447.68225098, 674.361206055, 2311.19921875, 2217.43237305, 514.825073242, 495.624572754, 632.038696289, 597.008728027, 825.601013184, 697.980834961, 208.11946106, 30.0446643829, 19.2524089813, 4.60305118561, 1.96901738644, 2.5781288147, 0.0368654690683, 9.54780171014e-06, 1.279880113e-08],
        "dvar2": [1.88283610344, 38.9491233826, 603.910095215, 1554.46459961, 2063.81591797, 975.100036621, 1303.67443848, 1201.42858887, 1110.69799805, 2207.11010742, 4088.34423828, 2379.06445312, 24547.2363281, 2583.09204102, 5530.27148438, 16836.3105469, 2284.86206055, 2769.1953125, 2176.80102539, 6976.84667969, 5698.14306641, 3906.19750977, 1766.77648926, 6163.35107422, 4800.32568359, 1166.90734863, 888.399414062, 1372.02661133, 1057.74951172, 1851.13842773, 1390.74707031, 389.011505127, 66.318977356, 50.3696556091, 10.5722141266, 4.2193069458, 4.64810657501, 0.0683251395822, 1.73273147084e-05, 2.200222049e-08],
        "max": [6.96208429337, 34.8595237732, 92.7044143677, 133.426773071, 165.201217651, 121.889587402, 239.917434692, 208.591873169, 187.405014038, 197.475601196, 821.580932617, 501.785339355, 1716.74157715, 350.777893066, 673.052734375, 1465.37194824, 621.260925293, 414.549041748, 441.183654785, 545.706970215, 546.331970215, 503.732025146, 422.357391357, 814.655639648, 1202.52404785, 325.194061279, 362.185791016, 532.434936523, 769.464111328, 694.816040039, 754.76940918, 440.648193359, 89.3104095459, 92.5035552979, 31.2618484497, 23.4059448242, 27.1590957642, 3.36771559715, 0.0548948645592, 0.00205245963298],
        "mean": [1.46387314796, 4.99243021011, 7.86292076111, 6.3385310173, 5.84398889542, 4.89526939392, 10.3917989731, 12.0394926071, 9.06728553772, 10.0418081284, 20.3190135956, 20.0952396393, 47.3260879517, 25.12241745, 27.0244884491, 35.5879402161, 18.2316169739, 23.4500198364, 22.5780200958, 34.7436637878, 26.077047348, 27.383480072, 22.999458313, 26.3584594727, 29.7128734589, 24.8049812317, 25.9186992645, 26.3180351257, 19.7384338379, 22.0948200226, 18.4009876251, 10.8704977036, 6.4985833168, 3.7785692215, 1.98816478252, 1.0040538311, 0.554593682289, 0.0565600655973, 0.0010367288487, 0.000118964460853],
        "median": [0.922003269196, 1.77605807781, 1.68091368675, 1.48046040535, 1.17335999012, 1.25256502628, 3.14243221283, 4.01959705353, 3.33612585068, 2.87338256836, 3.87972354889, 6.91556549072, 8.83923721313, 8.42301654816, 7.98649644852, 8.58929824829, 7.75666189194, 8.80019950867, 10.7207279205, 15.9478187561, 13.9674797058, 14.8875322342, 14.3294916153, 13.3515987396, 12.3586978912, 13.2919864655, 13.116019249, 12.8672046661, 10.3352584839, 10.9244976044, 8.78496837616, 6.16020584106, 4.03413057327, 2.06703543663, 1.02239179611, 0.393068611622, 0.105332918465, 0.00561484973878, 0.000186141813174, 9.15306227398e-05],
        "min": [1.30841499413e-06, 1.96878063434e-05, 7.78503381298e-05, 0.00101029523648, 0.00321995769627, 0.0194223448634, 0.0485407225788, 0.0765982791781, 0.0826068744063, 0.0596710108221, 0.0149104800075, 0.0342497043312, 0.063282340765, 0.0280013754964, 0.037376370281, 0.030180901289, 0.0225858073682, 0.0322707816958, 0.0494550801814, 0.0319163016975, 0.0176698621362, 0.0144923394546, 0.0212743896991, 0.0675311684608, 0.0389713011682, 0.0243379790336, 0.010544472374, 0.00438031181693, 0.00639059953392, 0.00551360147074, 0.00441703945398, 0.00361641310155, 0.00147874257527, 0.000694760645274, 0.000283058529021, 6.48008208373e-05, 7.21394917491e-06, 5.42137740922e-07, 2.27743134928e-06, 1.30542161969e-06],
        "var": [2.05016374588, 44.9790267944, 247.898086548, 314.375457764, 381.667877197, 188.304046631, 363.46383667, 397.603027344, 306.289794922, 485.673431396, 4302.40478516, 1509.6451416, 15279.0732422, 1478.58569336, 2494.72436523, 10735.0166016, 1028.98706055, 1720.19140625, 1284.50317383, 3138.04492188, 2103.47900391, 1576.3236084, 1038.57592773, 2380.66625977, 4730.73339844, 926.002441406, 1174.18933105, 1526.89538574, 1771.37719727, 1579.72717285, 1159.33959961, 349.484436035, 61.6434822083, 27.2340602875, 8.04658508301, 3.53538131714, 4.82361412048, 0.0713537558913, 1.89192251128e-05, 2.97405673422e-08]
    },
    "gfcc": {
        "mean": [36.6213150024, 51.6473731995, -102.107154846, 53.3093528748, -56.2360534668, 32.2149543762, -31.2285385132, 20.7894039154, -18.6400985718, 10.3431921005, -13.7237920761, 9.09753417969, -4.84297227859],
        "cov": [[2921.79418945, -687.734680176, -206.015838623, -290.376708984, -109.839828491, 297.434631348, -85.1142272949, 135.556289673, -214.503967285, 52.9819908142, -206.4347229, 75.2856216431, -130.385696411], [-687.734680176, 1770.32873535, 441.084075928, 42.6356925964, 345.65838623, 256.207366943, 362.059417725, 125.024559021, 227.546829224, -61.246723175, 223.367279053, -187.605102539, 78.0849151611], [-206.015838623, 441.084075928, 908.097229004, 231.640075684, 351.772918701, 179.949371338, 160.537658691, 140.764282227, 121.201431274, 87.9003982544, 19.7108612061, -36.7373542786, -8.45942497253], [-290.376708984, 42.6356925964, 231.640075684, 589.575378418, 176.871994019, 12.9978380203, -6.65342760086, -6.75905132294, 120.572044373, 88.8622360229, 124.742332458, 42.0839881897, 82.927116394], [-109.839828491, 345.65838623, 351.772918701, 176.871994019, 502.142456055, 279.518310547, 225.46635437, 86.8386764526, 134.703765869, 90.6873779297, 37.6149787903, -5.19704198837, 55.55859375], [297.434631348, 256.207366943, 179.949371338, 12.9978380203, 279.518310547, 458.761322021, 257.709838867, 167.686798096, 65.9940261841, 30.6957874298, 36.2129325867, -44.6171455383, 17.7277755737], [-85.1142272949, 362.059417725, 160.537658691, -6.65342760086, 225.46635437, 257.709838867, 321.950561523, 144.42930603, 83.2710266113, -7.32672643661, 55.3199806213, -34.2664794922, 0.97205799818], [135.556289673, 125.024559021, 140.764282227, -6.75905132294, 86.8386764526, 167.686798096, 144.42930603, 173.043640137, 56.1459274292, 17.8089256287, 17.421710968, -28.1662387848, -4.52471494675], [-214.503967285, 227.546829224, 121.201431274, 120.572044373, 134.703765869, 65.9940261841, 83.2710266113, 56.1459274292, 159.976852417, 49.8773040771, 42.9972381592, -4.29102373123, 52.7217750549], [52.9819908142, -61.246723175, 87.9003982544, 88.8622360229, 90.6873779297, 30.6957874298, -7.32672643661, 17.8089256287, 49.8773040771, 113.02532196, 22.6683101654, 40.0683822632, 35.8595619202], [-206.4347229, 223.367279053, 19.7108612061, 124.742332458, 37.6149787903, 36.2129325867, 55.3199806213, 17.421710968, 42.9972381592, 22.6683101654, 158.99446106, 6.61810493469, 39.2029647827], [75.2856216431, -187.605102539, -36.7373542786, 42.0839881897, -5.19704198837, -44.6171455383, -34.2664794922, -28.1662387848, -4.29102373123, 40.0683822632, 6.61810493469, 142.298126221, 20.4664440155], [-130.385696411, 78.0849151611, -8.45942497253, 82.927116394, 55.55859375, 17.7277755737, 0.97205799818, -4.52471494675, 52.7217750549, 35.8595619202, 39.2029647827, 20.4664440155, 119.769866943]],
        "icov": [[0.000645870750304, -0.000127065519337, 0.000267561146757, -8.61398002598e-05, 0.000153973378474, -0.000821674300823, 0.000646212196443, -0.000824916933198, 0.000901533348951, -0.000782239483669, 0.000825380382594, -0.000542709894944, 0.000538219697773], [-0.000127065519337, 0.00166258122772, -0.000802406633738, 0.000940188067034, -0.000553069112357, 0.000266404967988, -0.00059080903884, 0.000998308882117, -0.0019816334825, 0.00216562650166, -0.0025976554025, 0.00146563118324, -0.000846559705678], [0.000267561146757, -0.000802406633738, 0.0023482858669, -0.00101067929063, -0.000983159523457, 0.00011434667249, 0.000641759776045, -0.00215664529242, 0.0012503877515, -0.0017025944544, 0.00175066001248, -0.000343487336067, 0.00147753534839], [-8.61398002598e-05, 0.000940188067034, -0.00101067929063, 0.00352158769965, -0.00117563595995, 0.00023841446091, 0.00106902397238, 0.000862174842041, -0.00246691820212, 0.00137442164123, -0.00364027149044, 0.000274689373327, -0.000863464665599], [0.000153973378474, -0.000553069112357, -0.000983159523457, -0.00117563595995, 0.00663821119815, -0.00260739983059, -0.00335067277774, 0.00326802907512, -0.00058520649327, -0.00398430693895, 0.00275634462014, -0.00038137746742, -0.000656490039546], [-0.000821674300823, 0.000266404967988, 0.00011434667249, 0.00023841446091, -0.00260739983059, 0.00677082547918, -0.00283156242222, -0.00241386890411, 0.000686106970534, 0.000483634707052, -0.00129833840765, 0.00176055741031, -0.00140876579098], [0.000646212196443, -0.00059080903884, 0.000641759776045, 0.00106902397238, -0.00335067277774, -0.00283156242222, 0.0112540898845, -0.00570428278297, -0.000987103558145, 0.00394920445979, -0.00187434512191, -0.00208334228955, 0.00228202342987], [-0.000824916933198, 0.000998308882117, -0.00215664529242, 0.000862174842041, 0.00326802907512, -0.00241386890411, -0.00570428278297, 0.0150860315189, -0.00474702659994, -0.00108545063995, -0.00133758538868, 0.00219269655645, -0.000362908584066], [0.000901533348951, -0.0019816334825, 0.0012503877515, -0.00246691820212, -0.00058520649327, 0.000686106970534, -0.000987103558145, -0.00474702659994, 0.0150375226513, -0.00611711060628, 0.00387607887387, -0.000757727189921, -0.00185880146455], [-0.000782239483669, 0.00216562650166, -0.0017025944544, 0.00137442164123, -0.00398430693895, 0.000483634707052, 0.00394920445979, -0.00108545063995, -0.00611711060628, 0.0194496326149, -0.00575816025957, -0.0018598845927, -0.00255978479981], [0.000825380382594, -0.0025976554025, 0.00175066001248, -0.00364027149044, 0.00275634462014, -0.00129833840765, -0.00187434512191, -0.00133758538868, 0.00387607887387, -0.00575816025957, 0.0139722684398, -0.00225903233513, -5.50936892978e-05], [-0.000542709894944, 0.00146563118324, -0.000343487336067, 0.000274689373327, -0.00038137746742, 0.00176055741031, -0.00208334228955, 0.00219269655645, -0.000757727189921, -0.0018598845927, -0.00225903233513, 0.010426113382, -0.00189652910922], [0.000538219697773, -0.000846559705678, 0.00147753534839, -0.000863464665599, -0.000656490039546, -0.00140876579098, 0.00228202342987, -0.000362908584066, -0.00185880146455, -0.00255978479981, -5.50936892978e-05, -0.00189652910922, 0.012596976012]]
    },
    "melbands": {
        "dmean": [0.00437109777704, 0.00342303933576, 0.00143405376002, 0.00054646161152, 0.000433199922554, 0.000328180554789, 0.000167639431311, 0.000126744111185, 0.000125089427456, 0.000116702241939, 0.000194497042685, 7.98764594947e-05, 7.4920921179e-05, 9.20078164199e-05, 5.43193054909e-05, 2.90490752377e-05, 3.66797430615e-05, 3.13162308885e-05, 2.8544174711e-05, 3.99450982513e-05, 2.23582956096e-05, 2.08716865018e-05, 2.26717402256e-05, 1.33899247885e-05, 1.91791459656e-05, 1.87374353118e-05, 1.49476873048e-05, 1.13913638415e-05, 1.16118899314e-05, 1.29841600938e-05, 1.07708947326e-05, 7.70451424614e-06, 9.54286770138e-06, 9.53599646891e-06, 8.88232898433e-06, 7.59123258831e-06, 4.54925839222e-06, 3.26598978972e-06, 3.30929196934e-06, 2.30514137911e-06],
        "dmean2": [0.00585977267474, 0.00491558620706, 0.00265229633078, 0.00105168891605, 0.000791179190855, 0.000581917644013, 0.000305136694806, 0.000227832089877, 0.000187989629922, 0.000192508799955, 0.00032606656896, 0.000132586748805, 0.00012385006994, 0.000138583622174, 8.57673803694e-05, 4.80324561067e-05, 6.03016706009e-05, 5.03664268763e-05, 4.79020236526e-05, 6.84007827658e-05, 3.70516754629e-05, 3.40132355632e-05, 3.77241231035e-05, 2.1568250304e-05, 3.03214619635e-05, 2.96500638797e-05, 2.33717910305e-05, 1.76795601874e-05, 1.75254044734e-05, 2.02513219847e-05, 1.7104401195e-05, 1.15915818242e-05, 1.38731857078e-05, 1.44566383824e-05, 1.30941762109e-05, 1.12094248834e-05, 6.84897349856e-06, 5.01994099977e-06, 5.20706225871e-06, 3.68254836758e-06],
        "dvar": [3.78654149245e-05, 4.82006071252e-05, 1.68492406374e-05, 2.70070995612e-06, 4.64748609375e-07, 2.20401147999e-07, 1.17555472912e-07, 7.02309250755e-08, 1.31840991457e-07, 5.95716151963e-08, 2.34160097534e-07, 1.89414155471e-08, 2.72662088463e-08, 6.56733973869e-08, 1.2654398418e-08, 3.39902994639e-09, 5.31087485101e-09, 3.85268839054e-09, 2.36071828752e-09, 6.6132153087e-09, 2.1712758258e-09, 1.31684718685e-09, 1.48166368064e-09, 6.07202732539e-10, 2.04141081817e-09, 1.70820046996e-09, 5.77043968164e-10, 2.14250284181e-10, 2.43498943231e-10, 3.55188572998e-10, 2.33732061483e-10, 2.32459329563e-10, 4.39884434433e-10, 2.12531756083e-10, 1.62453286934e-10, 5.64916446955e-10, 3.75665019925e-11, 1.89806902834e-11, 2.07987151807e-11, 1.21908672393e-11],
        "dvar2": [6.6386666731e-05, 9.64058126556e-05, 4.79942900711e-05, 7.85132851888e-06, 1.23428526422e-06, 5.72242583985e-07, 3.22067620573e-07, 1.92860653669e-07, 2.47414817522e-07, 1.3506407015e-07, 6.0476611452e-07, 4.57764883777e-08, 7.63660779057e-08, 1.3470776139e-07, 3.01294278415e-08, 9.2539043095e-09, 1.44335023933e-08, 9.06088892805e-09, 6.57117960046e-09, 1.84086470512e-08, 5.9962856902e-09, 3.48762996261e-09, 4.1755452429e-09, 1.6398906677e-09, 5.6297300155e-09, 4.13719147829e-09, 1.2366374591e-09, 5.08459774284e-10, 4.88682871946e-10, 8.9490204136e-10, 5.38405209305e-10, 5.20733289822e-10, 9.80778680493e-10, 4.99007390964e-10, 3.52489704092e-10, 1.27910393388e-09, 7.95572982493e-11, 3.96367869082e-11, 5.58517641858e-11, 3.1309854015e-11],
        "max": [0.0462399683893, 0.0418406352401, 0.0238113999367, 0.0107636405155, 0.00712824985385, 0.00416200282052, 0.00261745532043, 0.00183445040602, 0.0060643828474, 0.00314270588569, 0.00852713733912, 0.00153218291234, 0.00242117443122, 0.00414733868092, 0.00124067964498, 0.000778506800998, 0.000987810781226, 0.000998480129056, 0.000508494442329, 0.000992141314782, 0.000608078669757, 0.000492528371979, 0.000604791857768, 0.000344558706274, 0.000765774748288, 0.00100989860948, 0.000608161091805, 0.000163888355019, 0.000256327533862, 0.000233421946177, 0.000337556411978, 0.00047439293121, 0.000523438327946, 0.000289897900075, 0.000269045092864, 0.000738729024306, 0.000120247423183, 8.32176374388e-05, 7.17382208677e-05, 7.68052705098e-05],
        "mean": [0.0106246164069, 0.00501505099237, 0.00113403680734, 0.000364052393707, 0.000332757364959, 0.00027400336694, 0.000137491049827, 0.000117960931675, 0.000154042398208, 0.000142228847835, 0.000235984029132, 9.85210645013e-05, 8.80950537976e-05, 0.000101223238744, 6.11624927842e-05, 3.32786512445e-05, 4.63478245365e-05, 3.84864943044e-05, 3.61633501598e-05, 4.90771053592e-05, 2.61608674919e-05, 2.60118267761e-05, 2.85044607153e-05, 1.70329949469e-05, 2.14755218622e-05, 2.30722889683e-05, 1.84697219083e-05, 1.57307968038e-05, 1.54644549184e-05, 1.73722492036e-05, 1.41645623444e-05, 1.0154811207e-05, 1.2596085071e-05, 1.17312110888e-05, 1.05413637357e-05, 8.9578470579e-06, 5.88882539887e-06, 4.57867781734e-06, 4.18060290031e-06, 2.79489745481e-06],
        "median": [0.00655213929713, 0.00177714275196, 0.000251313322224, 8.49228526931e-05, 0.000101749457826, 9.10222370294e-05, 4.90385900775e-05, 3.06013316731e-05, 3.0528390198e-05, 4.8357367632e-05, 4.27526465501e-05, 3.30052462232e-05, 2.41154266405e-05, 2.2530237402e-05, 1.98083725991e-05, 1.46345673784e-05, 1.55749967234e-05, 1.56584137585e-05, 1.87999303307e-05, 2.04353018489e-05, 1.363307274e-05, 1.41376985994e-05, 1.41861883094e-05, 9.15105829336e-06, 1.05226108644e-05, 8.90702995093e-06, 8.08109598438e-06, 8.61194530444e-06, 7.54536858949e-06, 8.21944013296e-06, 6.89650323693e-06, 5.09318215336e-06, 6.20387618255e-06, 5.7411320995e-06, 4.90279307996e-06, 4.47713046015e-06, 3.34950868819e-06, 2.83069789475e-06, 2.31160151998e-06, 1.50706443947e-06],
        "min": [1.23237002825e-08, 2.84877526013e-08, 1.19220374017e-07, 6.58293288325e-07, 2.35306811192e-06, 1.80271194949e-06, 9.82360688795e-07, 3.34383457812e-07, 7.07390128696e-08, 2.20993328526e-07, 3.11673431952e-07, 9.21776717178e-08, 1.52503332629e-07, 7.00746767279e-08, 5.33401944836e-08, 4.34285105655e-08, 5.74779512874e-08, 8.03242130587e-08, 5.94974274293e-08, 3.02177625144e-08, 1.70747505024e-08, 1.51077923505e-08, 1.18951275496e-08, 1.30245911834e-08, 5.85268935538e-08, 3.31746861093e-08, 1.63161288924e-08, 1.72623977335e-08, 5.42098099743e-09, 2.41593678396e-09, 2.14028861301e-09, 2.83907963805e-09, 3.96401045322e-09, 1.12820530696e-09, 1.61355218076e-09, 2.97781199698e-09, 3.29356292239e-10, 4.24549534417e-10, 3.35797500917e-11, 1.05173543485e-11],
