{
"highlevel": {
    "danceability": {
        "all": {
            "danceable": 2.03453254244e-07,
            "not_danceable": 0.999999821186
        },
        "probability": 0.999999821186,
        "value": "not_danceable"
    },
    "gender": {
        "all": {
            "female": 0.322487324476,
            "male": 0.677512645721
        },
        "probability": 0.677512645721,
        "value": "male"
    },
    "genre_dortmund": {
        "all": {
            "alternative": 0.101393066347,
            "blues": 0.0290906038135,
            "electronic": 0.0107383811846,
            "folkcountry": 0.0441077575088,
            "funksoulrnb": 0.00901470147073,
            "jazz": 0.00719546247274,
            "pop": 0.022142438218,
            "raphiphop": 0.0010501871584,
            "rock": 0.775267422199
        },
        "probability": 0.775267422199,
        "value": "rock"
    },
    "genre_electronic": {
        "all": {
            "ambient": 0.274471104145,
            "dnb": 0.150647655129,
            "house": 0.0891524925828,
            "techno": 0.0226390045136,
            "trance": 0.463089734316
        },
        "probability": 0.463089734316,
        "value": "trance"
    },
    "genre_rosamerica": {
        "all": {
            "cla": 0.00345005397685,
            "dan": 0.00201405049302,
            "hip": 0.000954792951234,
            "jaz": 0.000763851450756,
            "pop": 0.0161056779325,
            "rhy": 0.000693174893968,
            "roc": 0.975819826126,
            "spe": 0.000198570691282
        },
        "probability": 0.975819826126,
        "value": "roc"
    },
    "genre_tzanetakis": {
        "all": {
            "blu": 0.0626613423228,
            "cla": 0.0348169617355,
            "cou": 0.104475811124,
            "dis": 0.0784321576357,
            "hip": 0.15692435205,
            "jaz": 0.313974827528,
            "met": 0.0448166541755,
            "pop": 0.0627359300852,
            "reg": 0.0627360641956,
            "roc": 0.0784258767962
        },
        "probability": 0.313974827528,
        "value": "jaz"
    },
    "ismir04_rhythm": {
        "all": {
            "ChaChaCha": 0.120535135269,
            "Jive": 0.272871077061,
            "Quickstep": 0.180649444461,
            "Rumba-American": 0.00905252434313,
            "Rumba-International": 0.006892492529,
            "Rumba-Misc": 0.00408009439707,
            "Samba": 0.252491891384,
            "Tango": 0.0168540757149,
            "VienneseWaltz": 0.131362363696,
            "Waltz": 0.00521090440452
        },
        "probability": 0.272871077061,
        "value": "Jive"
    },
    "mood_acoustic": {
        "all": {
            "acoustic": 0.0316901728511,
            "not_acoustic": 0.968309819698
        },
        "probability": 0.968309819698,
        "value": "not_acoustic"
    },
    "mood_aggressive": {
        "all": {
            "aggressive": 0.991426944733,
            "not_aggressive": 0.0085730291903
        },
        "probability": 0.991426944733,
        "value": "aggressive"
    },
    "mood_electronic": {
        "all": {
            "electronic": 0.172405704856,
            "not_electronic": 0.827594280243
        },
        "probability": 0.827594280243,
        "value": "not_electronic"
    },
    "mood_happy": {
        "all": {
            "happy": 0.863007724285,
            "not_happy": 0.136992275715
        },
        "probability": 0.863007724285,
        "value": "happy"
    },
    "mood_party": {
        "all": {
            "not_party": 0.346685796976,
            "party": 0.653314173222
        },
        "probability": 0.653314173222,
        "value": "party"
    },
    "mood_relaxed": {
        "all": {
            "not_relaxed": 0.983802974224,
            "relaxed": 0.0161970499903
        },
        "probability": 0.983802974224,
        "value": "not_relaxed"
    },
    "mood_sad": {
        "all": {
            "not_sad": 0.950807929039,
            "sad": 0.0491920784116
        },
        "probability": 0.950807929039,
        "value": "not_sad"
    },
    "moods_mirex": {
        "all": {
            "Cluster1": 0.548334598541,
            "Cluster2": 0.177780434489,
            "Cluster3": 0.0555942766368,
            "Cluster4": 0.08711142838,
            "Cluster5": 0.13117928803
        },
        "probability": 0.548334598541,
        "value": "Cluster1"
    },
    "timbre": {
        "all": {
            "bright": 0.759288311005,
            "dark": 0.240711659193
        },
        "probability": 0.759288311005,
        "value": "bright"
    },
    "tonal_atonal": {
        "all": {
            "atonal": 0.00711617618799,
            "tonal": 0.99288380146
        },
        "probability": 0.99288380146,
        "value": "tonal"
    },
    "voice_instrumental": {
        "all": {
            "instrumental": 0.000939420773648,
            "voice": 0.999060571194
        },
        "probability": 0.999060571194,
        "value": "voice"
    }
},
"lowlevel": {
    "average_loudness": 0.984396517277,
    "barkbands_crest": {
        "dmean": 2.4069788456,
        "dmean2": 4.03106927872,
        "dvar": 6.42591571808,
        "dvar2": 17.2433834076,
        "max": 21.3929386139,
        "mean": 7.08755064011,
        "median": 6.41336536407,
        "min": 2.14567446709,
        "var": 9.55103588104
    },
    "barkbands_flatness_db": {
        "dmean": 0.0157814361155,
        "dmean2": 0.0264466553926,
        "dvar": 0.000244326656684,
        "dvar2": 0.000696735805832,
        "max": 0.185581758618,
        "mean": 0.101041644812,
        "median": 0.0994017645717,
        "min": 0.0460054837167,
        "var": 0.000425168138463
    },
    "barkbands_kurtosis": {
        "dmean": 0.949306070805,
        "dmean2": 1.61379766464,
        "dvar": 2.35133647919,
        "dvar2": 6.25973749161,
        "max": 13.8632183075,
        "mean": 0.0570002682507,
        "median": -0.368448495865,
        "min": -1.78564381599,
        "var": 3.00237131119
    },
    "barkbands_skewness": {
        "dmean": 0.394769489765,
        "dmean2": 0.642968297005,
        "dvar": 0.186447665095,
        "dvar2": 0.497745335102,
        "max": 3.66231274605,
        "mean": 0.800745069981,
        "median": 0.730447292328,
        "min": -0.897951245308,
        "var": 0.360529720783
    },
    "barkbands_spread": {
        "dmean": 6.00182723999,
        "dmean2": 9.68344306946,
        "dvar": 34.1207313538,
        "dvar2": 83.8994293213,
        "max": 91.0555114746,
        "mean": 33.8069000244,
        "median": 32.6006889343,
        "min": 8.00447368622,
        "var": 110.817192078
    },
    "dissonance": {
        "dmean": 0.0102927396074,
        "dmean2": 0.0173441022635,
        "dvar": 8.36863837321e-05,
        "dvar2": 0.000232143560424,
        "max": 0.499999940395,
        "mean": 0.480849772692,
        "median": 0.483898639679,
        "min": 0.423261970282,
        "var": 0.000170067927684
    },
    "dynamic_complexity": 1.39092409611,
    "erbbands_crest": {
        "dmean": 2.06634807587,
        "dmean2": 3.36796808243,
        "dvar": 4.72367858887,
        "dvar2": 11.5390729904,
        "max": 24.4279441833,
        "mean": 6.94946575165,
        "median": 5.78612375259,
        "min": 2.2596578598,
        "var": 13.9705142975
    },
    "erbbands_flatness_db": {
        "dmean": 0.0146639887244,
        "dmean2": 0.0209257248789,
        "dvar": 0.000178259171662,
        "dvar2": 0.000395784765715,
        "max": 0.253271222115,
        "mean": 0.144392594695,
        "median": 0.144928663969,
        "min": 0.0714323893189,
        "var": 0.000750665261876
    },
    "erbbands_kurtosis": {
        "dmean": 0.399677038193,
        "dmean2": 0.64719247818,
        "dvar": 0.180230930448,
        "dvar2": 0.485551595688,
        "max": 5.52920818329,
        "mean": -0.45694449544,
        "median": -0.602825641632,
        "min": -1.45052599907,
        "var": 0.459147691727
    },
    "erbbands_skewness": {
        "dmean": 0.251085191965,
        "dmean2": 0.39282554388,
        "dvar": 0.0470338277519,
        "dvar2": 0.117406465113,
        "max": 1.73553907871,
        "mean": -0.00541497394443,
        "median": -0.0823669359088,
        "min": -1.5409154892,
        "var": 0.226967826486
    },
    "erbbands_spread": {
        "dmean": 6.54873752594,
        "dmean2": 10.3411407471,
        "dvar": 33.6553764343,
        "dvar2": 77.0502471924,
        "max": 100.376930237,
        "mean": 42.1762199402,
        "median": 41.5876998901,
        "min": 10.725312233,
        "var": 128.073150635
    },
    "hfc": {
        "dmean": 9.39515686035,
        "dmean2": 14.5391244888,
        "dvar": 146.555007935,
        "dvar2": 328.104705811,
        "max": 156.955368042,
        "mean": 35.5416297913,
        "median": 32.7779426575,
        "min": 3.29243850708,
        "var": 341.11227417
    },
    "melbands_crest": {
        "dmean": 3.25221467018,
        "dmean2": 5.29383563995,
        "dvar": 8.75253295898,
        "dvar2": 23.1361293793,
        "max": 27.8050632477,
        "mean": 10.6720733643,
        "median": 9.73969936371,
        "min": 3.57178592682,
        "var": 16.7753887177
    },
    "melbands_flatness_db": {
        "dmean": 0.021635659039,
        "dmean2": 0.0350410081446,
        "dvar": 0.000579202955123,
        "dvar2": 0.00151297438424,
        "max": 0.25802847743,
        "mean": 0.118481047451,
        "median": 0.114556171,
        "min": 0.0243385210633,
        "var": 0.00111686391756
    },
    "melbands_kurtosis": {
        "dmean": 3.59282588959,
        "dmean2": 6.10085725784,
        "dvar": 39.9189949036,
        "dvar2": 109.176277161,
        "max": 56.1461639404,
        "mean": 5.19424152374,
        "median": 3.44210195541,
        "min": -1.04280388355,
        "var": 43.209400177
    },
    "melbands_skewness": {
        "dmean": 0.587082147598,
        "dmean2": 0.959922552109,
        "dvar": 0.527840435505,
        "dvar2": 1.41712653637,
        "max": 6.87623977661,
        "mean": 1.92604923248,
        "median": 1.78661847115,
        "min": -0.128116652369,
        "var": 0.888261973858
    },
    "melbands_spread": {
        "dmean": 9.6200056076,
        "dmean2": 15.4090023041,
        "dvar": 108.611671448,
        "dvar2": 266.975250244,
        "max": 153.577224731,
        "mean": 39.1186714172,
        "median": 36.6455917358,
        "min": 6.67710494995,
        "var": 251.732788086
    },
    "pitch_salience": {
        "dmean": 0.0719175413251,
        "dmean2": 0.118783265352,
        "dvar": 0.00501900725067,
        "dvar2": 0.0132266720757,
        "max": 0.863774597645,
        "mean": 0.630387127399,
        "median": 0.643555223942,
        "min": 0.287202686071,
        "var": 0.00964916497469
    },
    "silence_rate_20dB": {
        "dmean": 0,
        "dmean2": 0,
        "dvar": 0,
        "dvar2": 0,
        "max": 1,
        "mean": 1,
        "median": 1,
        "min": 1,
        "var": 0
    },
    "silence_rate_30dB": {
        "dmean": 0,
        "dmean2": 0,
        "dvar": 0,
        "dvar2": 0,
        "max": 1,
        "mean": 1,
        "median": 1,
        "min": 1,
        "var": 0
    },
    "silence_rate_60dB": {
        "dmean": 0,
        "dmean2": 0,
        "dvar": 0,
        "dvar2": 0,
        "max": 0,
        "mean": 0,
        "median": 0,
        "min": 0,
        "var": 0
    },
    "spectral_centroid": {
        "dmean": 255.411834717,
        "dmean2": 409.630279541,
        "dvar": 48672.4570312,
        "dvar2": 118750.039062,
        "max": 3549.93798828,
        "mean": 2075.46020508,
        "median": 2059.03686523,
        "min": 504.877563477,
        "var": 166960.5625
    },
    "spectral_complexity": {
        "dmean": 5.21826648712,
        "dmean2": 8.15646743774,
        "dvar": 19.6226806641,
        "dvar2": 41.9336624146,
        "max": 59,
        "mean": 38.683681488,
        "median": 39,
        "min": 8,
        "var": 65.0639877319
    },
    "spectral_decrease": {
        "dmean": 2.85062973227e-09,
        "dmean2": 4.85392481764e-09,
        "dvar": 1.62288237059e-17,
        "dvar2": 4.41783301618e-17,
        "max": -1.4794457881e-09,
        "mean": -7.03822866654e-09,
        "median": -6.44593400878e-09,
        "min": -3.26212017399e-08,
        "var": 1.53677948627e-17
    },
    "spectral_energy": {
        "dmean": 0.0113766631112,
        "dmean2": 0.0192443095148,
        "dvar": 0.000245909264777,
        "dvar2": 0.000668225984555,
        "max": 0.13048042357,
        "mean": 0.0297876317054,
        "median": 0.0275379270315,
        "min": 0.00669904891402,
        "var": 0.000243706032052
    },
    "spectral_energyband_high": {
        "dmean": 0.000771272636484,
        "dmean2": 0.00116475007962,
        "dvar": 1.25652070437e-06,
        "dvar2": 2.54830092672e-06,
        "max": 0.0153419170529,
        "mean": 0.0022378815338,
        "median": 0.00178877043072,
        "min": 9.9116419733e-05,
        "var": 3.01716954709e-06
    },
    "spectral_energyband_low": {
        "dmean": 0.0064324233681,
        "dmean2": 0.0111012132838,
        "dvar": 0.000189390833839,
        "dvar2": 0.000523359572981,
        "max": 0.0945054739714,
        "mean": 0.00726622529328,
        "median": 0.00387051771395,
        "min": 4.500689829e-05,
        "var": 0.000138319694088
    },
    "spectral_energyband_middle_high": {
        "dmean": 0.0024040187709,
        "dmean2": 0.00370809808373,
        "dvar": 7.42749125493e-06,
        "dvar2": 1.73984080902e-05,
        "max": 0.0372402369976,
        "mean": 0.00892577040941,
        "median": 0.00742745865136,
        "min": 0.000668075925205,
        "var": 2.8082240533e-05
    },
    "spectral_energyband_middle_low": {
        "dmean": 0.00531740346923,
        "dmean2": 0.00901272613555,
        "dvar": 5.15522406204e-05,
        "dvar2": 0.000142151824548,
        "max": 0.066826350987,
        "mean": 0.0122814904898,
        "median": 0.0110450526699,
        "min": 0.00118167302571,
        "var": 6.08477457718e-05
    },
    "spectral_entropy": {
        "dmean": 0.0775089636445,
        "dmean2": 0.115435138345,
        "dvar": 0.00500326044858,
        "dvar2": 0.0105340573937,
        "max": 8.60206127167,
        "mean": 7.97313070297,
        "median": 7.96808862686,
        "min": 7.4294219017,
        "var": 0.0181555449963
    },
    "spectral_flux": {
        "dmean": 0.028396429494,
        "dmean2": 0.0441441126168,
        "dvar": 0.0011285324581,
        "dvar2": 0.00209678686224,
        "max": 0.29155138135,
        "mean": 0.102932192385,
        "median": 0.091692969203,
        "min": 0.037844825536,
        "var": 0.00182940124068
    },
    "spectral_kurtosis": {
        "dmean": 0.84795999527,
        "dmean2": 1.47072911263,
        "dvar": 0.57996571064,
        "dvar2": 1.78164374828,
        "max": 7.61529636383,
        "mean": 2.24570012093,
        "median": 2.16936063766,
        "min": -0.472063302994,
        "var": 0.886254906654
    },
    "spectral_rms": {
        "dmean": 0.000948099361267,
        "dmean2": 0.00155835400801,
        "dvar": 1.30006958443e-06,
        "dvar2": 3.47515333488e-06,
        "max": 0.0112826405093,
        "mean": 0.0052345469594,
        "median": 0.00518326833844,
        "min": 0.002556493273,
        "var": 1.66060021911e-06
    },
    "spectral_rolloff": {
        "dmean": 746.812988281,
        "dmean2": 1218.61938477,
        "dvar": 918015.6875,
        "dvar2": 2114206.75,
        "max": 10745.0683594,
        "mean": 2594.84057617,
        "median": 2433.25195312,
        "min": 107.666015625,
        "var": 2132613
    },
    "spectral_skewness": {
        "dmean": 0.14457257092,
        "dmean2": 0.234790220857,
        "dvar": 0.0155019098893,
        "dvar2": 0.0397055335343,
        "max": 2.58211541176,
        "mean": 1.00041282177,
        "median": 1.00662541389,
        "min": 0.218880608678,
        "var": 0.0471094362438
    },
    "spectral_spread": {
        "dmean": 432896.9375,
        "dmean2": 605196.5,
        "dvar": 322170322944,
        "dvar2": 543585533952,
        "max": 14178432,
        "mean": 4380580.5,
        "median": 4233609,
        "min": 2356848.75,
        "var": 989274112000
    },
    "spectral_strongpeak": {
        "dmean": 0.712811470032,
        "dmean2": 1.21924936771,
        "dvar": 1.13412487507,
        "dvar2": 2.91173958778,
        "max": 11.7608213425,
        "mean": 1.21471655369,
        "median": 0.593464434147,
        "min": 0.0470053590834,
        "var": 1.88242924213
    },
    "zerocrossingrate": {
        "dmean": 0.0115857198834,
        "dmean2": 0.013615898788,
        "dvar": 0.000160172261531,
        "dvar2": 0.000193805404706,
        "max": 0.25537109375,
        "mean": 0.090980052948,
        "median": 0.0859375,
        "min": 0.03173828125,
        "var": 0.000844161841087
    },
    "barkbands": {
        "dmean": [0.000165780846146, 0.00438149366528, 0.00203867838718, 0.000932081544306, 0.0020541511476, 0.00114895217121, 0.001380811329, 0.00138159107883, 0.000736494315788, 0.000619245576672, 0.000505197443999, 0.000598810205702, 0.000728020037059, 0.000476104789414, 0.000428261730121, 0.000328918191371, 0.000271781173069, 0.000304434652207, 0.000311119278194, 0.000395200477215, 0.000239567190874, 0.000164659693837, 0.000122458426631, 0.000144734964124, 0.000124847851112, 2.93139728456e-05, 6.06083405685e-09],
        "dmean2": [0.000280956854112, 0.0076563982293, 0.00361692276783, 0.00158762640785, 0.00353290233761, 0.00191604008432, 0.00243228930049, 0.00219341134652, 0.00111180974636, 0.00098948169034, 0.000801874091849, 0.000932820548769, 0.00114509672858, 0.000748572987504, 0.000685719831381, 0.000534044753294, 0.000450303399703, 0.000515492574777, 0.00051911099581, 0.000636051059701, 0.00040032985271, 0.000267870811513, 0.000185571829206, 0.000212678976823, 0.000187797457329, 4.93206607644e-05, 9.52258183418e-09],
        "dvar": [1.33405308134e-07, 0.000111908906547, 1.460837575e-05, 1.39767041674e-06, 8.49096068123e-06, 2.6314871775e-06, 8.1513353507e-06, 5.67986717215e-06, 1.81300026725e-06, 1.01585908396e-06, 9.43327165714e-07, 1.36315929922e-06, 1.65859000845e-06, 7.52822700179e-07, 6.00936800765e-07, 2.5032107942e-07, 9.39886106721e-08, 1.13249072342e-07, 1.39912273767e-07, 1.85106628692e-07, 7.41697974149e-08, 3.60927217002e-08, 3.82006142274e-08, 2.16723933022e-07, 1.9152572861e-07, 4.04104971707e-09, 4.91646171135e-15],
        "dvar2": [3.53611937953e-07, 0.000307727284962, 4.09172207583e-05, 3.83955375582e-06, 2.34521885432e-05, 7.09178175384e-06, 2.22138824029e-05, 1.39954654514e-05, 3.73715283786e-06, 2.38873099079e-06, 2.43117051468e-06, 3.5029877381e-06, 3.94933840653e-06, 1.71758404122e-06, 1.34683182296e-06, 5.8603677644e-07, 2.34902429952e-07, 3.08243443214e-07, 3.53864692215e-07, 4.33850004811e-07, 1.99898835263e-07, 8.89396858383e-08, 7.8993039665e-08, 4.14395231019e-07, 4.59246223272e-07, 1.02369019928e-08, 5.93975416812e-15],
        "max": [0.00305419112556, 0.0727112591267, 0.0297060422599, 0.01070704218, 0.0226625371724, 0.019995437935, 0.0257510095835, 0.0293629709631, 0.0225598607212, 0.0186152402312, 0.0167258288711, 0.0230228658766, 0.018353022635, 0.0237476080656, 0.0118991062045, 0.00893003679812, 0.00418390566483, 0.00425951881334, 0.00770234316587, 0.0070423479192, 0.00292999413796, 0.00193776388187, 0.00398151529953, 0.0079151103273, 0.00804880727082, 0.000670110515784, 2.35169181906e-06],
        "mean": [0.000143395242048, 0.00416713347659, 0.00233528087847, 0.00127092166804, 0.00301651051268, 0.00188900611829, 0.00165601749904, 0.00246677198447, 0.00149428518489, 0.00109988451004, 0.000855911464896, 0.00107331143226, 0.00142147496808, 0.000816096377093, 0.000807407544926, 0.000601377454586, 0.00055546220392, 0.000664723920636, 0.000739644456189, 0.000975705275778, 0.000598033017013, 0.00039775489131, 0.000280302047031, 0.000249628181336, 0.000182498610229, 2.90843490802e-05, 4.71775196687e-09],
        "median": [1.93265223061e-05, 0.00142083410174, 0.00128990772646, 0.000926394190174, 0.00232153665274, 0.00124078523368, 0.000699762895238, 0.000677601492498, 0.00059759063879, 0.000515429419465, 0.000518069427926, 0.000541285262443, 0.000651486974675, 0.000500568945426, 0.000464363460196, 0.000410720618675, 0.000455079454696, 0.000556140730623, 0.000651251641102, 0.000800714071374, 0.000511528924108, 0.000318227190292, 0.000210385813261, 0.000127382707433, 7.31377003831e-05, 5.52769824935e-06, 4.89563334316e-10],
        "min": [5.03740622548e-08, 3.76711500394e-06, 8.23750087875e-06, 7.51849756853e-06, 3.25029723172e-05, 4.05282116844e-05, 2.05929482036e-05, 2.86694485112e-05, 2.85241694655e-05, 1.61275456776e-05, 2.2503791115e-05, 3.26376721205e-05, 2.67805262411e-05, 2.45546798396e-05, 2.82902346953e-05, 4.21926670242e-05, 2.79149626294e-05, 3.66380190826e-05, 3.9690061385e-05, 3.13954806188e-05, 2.40101544478e-05, 1.78812169906e-05, 9.74023623712e-06, 4.03608311217e-07, 6.0847362704e-09, 1.07913114208e-11, 1.33466692559e-11],
        "var": [1.16273483286e-07, 7.94386869529e-05, 1.13039395728e-05, 1.55746704422e-06, 8.02827889856e-06, 4.0233207983e-06, 7.53672611609e-06, 1.27657012854e-05, 7.16549448043e-06, 2.66088295575e-06, 1.37786435062e-06, 3.37148503604e-06, 4.615126727e-06, 1.54138422204e-06, 1.37908705256e-06, 4.9057086926e-07, 1.6361578048e-07, 1.84997716701e-07, 2.30142376267e-07, 4.62120311795e-07, 1.178089164e-07, 8.40508675992e-08, 8.25911072866e-08, 3.54295536908e-07, 2.48996030905e-07, 4.47306147677e-09, 4.69469323917e-15]
    },
    "erbbands": {
        "dmean": [0.111892744899, 1.05230367184, 2.44372391701, 2.73545479774, 4.54490470886, 8.10992431641, 9.0940580368, 9.0252199173, 10.570684433, 36.4268074036, 22.2607555389, 18.3082466125, 19.1639709473, 15.3339862823, 18.9619007111, 27.7768955231, 32.5266418457, 23.4147605896, 21.4174079895, 22.0171890259, 13.492559433, 14.1432142258, 15.7721118927, 15.7237176895, 16.3503665924, 19.5328292847, 12.525850296, 7.8151807785, 5.97931003571, 4.71319103241, 3.3477370739, 2.75802540779, 2.62872838974, 1.76600968838, 0.7127135396, 0.203637912869, 0.0420206896961, 0.00232892064378, 5.87621289014e-05, 1.65359724633e-05],
        "dmean2": [0.186533644795, 1.91388082504, 4.41684627533, 4.71082258224, 7.8190870285, 13.9311351776, 15.3050880432, 15.237783432, 18.2173156738, 63.0239028931, 34.2016563416, 27.2759094238, 29.8606815338, 24.4574775696, 30.0896682739, 43.3359603882, 50.6704711914, 36.4126930237, 35.2689781189, 34.4729118347, 22.3344230652, 23.5518836975, 26.3271961212, 26.6840229034, 27.2425537109, 31.3799934387, 20.9376068115, 13.0761003494, 9.84065341949, 7.32526397705, 5.19233989716, 4.24192428589, 3.94830417633, 2.65957808495, 1.0959854126, 0.334454625845, 0.0704869925976, 0.00406529568136, 9.63326892816e-05, 2.67200266535e-05],
        "dvar": [0.0716101080179, 6.70778465271, 25.6476726532, 13.9129924774, 39.1983909607, 149.269729614, 166.764205933, 204.683532715, 345.569366455, 6151.99755859, 1356.32189941, 1361.31408691, 1122.77636719, 868.604492188, 902.906860352, 3219.49511719, 3585.70043945, 1963.29138184, 1370.22485352, 1693.88452148, 235.773529053, 270.819702148, 311.721038818, 483.275817871, 362.640563965, 508.515960693, 194.951965332, 80.7426071167, 54.7920722961, 32.7152366638, 30.3522949219, 56.9368362427, 83.8789749146, 42.0490264893, 5.39635562897, 0.211903169751, 0.00872051436454, 3.84358390875e-05, 1.77846022353e-08, 4.60538912561e-10],
        "dvar2": [0.184016630054, 18.9503078461, 72.9978179932, 38.1961097717, 106.033355713, 413.299438477, 448.857025146, 554.702026367, 935.27923584, 16873.9746094, 3039.2043457, 2798.10620117, 2461.76049805, 2092.77734375, 2306.1965332, 8212.66699219, 8548.04589844, 4401.13232422, 3398.97216797, 3713.94726562, 564.450012207, 667.679870605, 847.953125, 1237.36096191, 938.794799805, 1132.70141602, 525.891113281, 212.813171387, 138.633255005, 74.7347869873, 58.4071159363, 106.675071716, 159.489227295, 94.0048599243, 14.0014629364, 0.529912292957, 0.0224089026451, 0.000102955877082, 4.5222002143e-08, 1.14420584119e-09],
        "max": [1.81423509121, 18.4503936768, 36.8020439148, 29.925069809, 52.0315437317, 106.587936401, 139.828399658, 183.869232178, 178.101882935, 793.657165527, 521.573242188, 699.890380859, 711.076843262, 527.202453613, 373.542724609, 1125.05957031, 958.389709473, 1392.45446777, 444.386047363, 847.890319824, 254.434906006, 186.587158203, 244.633911133, 581.617492676, 245.297271729, 429.916046143, 148.369995117, 86.3411865234, 73.7290496826, 96.4680175781, 111.648803711, 157.833389282, 152.502426147, 94.8404388428, 49.7294235229, 5.30982685089, 0.911441266537, 0.103343099356, 0.00199730368331, 0.000238236360019],
        "mean": [0.105449877679, 0.983447730541, 2.64425611496, 3.68974399567, 6.68378543854, 10.9998855591, 14.1139802933, 14.7037038803, 15.0512418747, 51.8520698547, 42.6499404907, 39.1639633179, 35.1482429504, 30.0210380554, 36.0756797791, 53.7434387207, 68.2889404297, 46.4539222717, 40.639919281, 42.0687637329, 29.4409770966, 31.3050537109, 36.4149703979, 36.3170471191, 40.3813400269, 47.357837677, 31.295463562, 19.4344024658, 14.1469888687, 11.0413761139, 7.47501277924, 5.08750295639, 4.29734182358, 2.70673632622, 0.939185857773, 0.217727437615, 0.0405957400799, 0.00201538205147, 7.79979091021e-05, 4.44666511612e-05],
        "median": [0.0256355758756, 0.367197871208, 1.35186994076, 2.78944253922, 5.19711017609, 7.60805940628, 9.81035900116, 9.53305244446, 9.53565692902, 14.2023801804, 18.4183959961, 16.0050125122, 16.8236503601, 17.8849048615, 23.2567615509, 27.7036781311, 33.0728340149, 31.2755851746, 26.1137828827, 24.1486301422, 23.4010944366, 25.8929100037, 30.2798786163, 31.9176559448, 34.3371086121, 37.9003753662, 26.2891635895, 16.4491634369, 10.9682416916, 8.48503112793, 5.53721141815, 3.06753587723, 1.87406766415, 1.07024383545, 0.331549674273, 0.0520862825215, 0.00709469942376, 0.000299665902276, 3.54901494575e-05, 3.95570787077e-05],
        "min": [0.000111395580461, 0.00131718500052, 0.0110939070582, 0.0378948301077, 0.0323225855827, 0.183269515634, 0.335304349661, 0.791035830975, 0.505025088787, 0.806494474411, 0.711095690727, 0.704146564007, 1.27833354473, 0.49760645628, 1.30825102329, 1.69683384895, 1.52027881145, 1.37056648731, 2.11394476891, 1.91547381878, 2.02596235275, 1.31275951862, 1.75518071651, 1.9461004734, 1.89681518078, 1.45577085018, 1.25064599514, 0.850028395653, 0.645268678665, 0.501742899418, 0.231217592955, 0.0470939464867, 0.00230503850617, 0.000283233064692, 5.49352262169e-05, 1.75918794412e-05, 8.23682967166e-06, 3.72900535694e-06, 5.38224685442e-06, 9.11386632652e-06],
        "var": [0.0595501326025, 4.33177709579, 17.3306827545, 13.070019722, 38.1730575562, 142.311553955, 222.58782959, 275.739013672, 330.826385498, 7255.46630859, 3589.14233398, 5524.55761719, 2791.03955078, 1777.44665527, 1705.29174805, 8282.484375, 10803.1699219, 4663.42285156, 2656.50976562, 4113.30664062, 489.13168335, 472.3230896, 557.933410645, 647.54486084, 656.076782227, 1202.1763916, 350.778137207, 127.609558105, 112.100845337, 89.8606033325, 62.8478469849, 93.8586196899, 136.675521851, 62.266204834, 5.61384868622, 0.243539363146, 0.00888277869672, 2.85694350168e-05, 1.75090928423e-08, 6.16815265531e-10]
    },
    "gfcc": {
        "mean": [53.2049331665, 82.5382385254, -144.343597412, 52.2672729492, -73.858795166, 19.7464332581, -39.0830841064, 8.08045387268, -27.7149581909, 3.0093421936, -10.9434518814, -7.58469438553, -7.71340274811],
        "cov": [[876.885620117, -386.560058594, 309.233398438, -145.156539917, -42.8500175476, 95.1808319092, -124.730361938, 104.93938446, -116.388908386, 93.833656311, -119.075691223, 43.2979011536, -121.361442566], [-386.560058594, 508.213287354, -223.33392334, 147.989761353, 48.4769515991, -50.0872764587, 165.02142334, -69.1021881104, 144.312255859, -66.7729873657, 111.027099609, -74.2033615112, 82.4947814941], [309.233398438, -223.33392334, 483.36126709, -18.1421947479, 74.8778762817, 56.0175361633, -113.981643677, 100.590927124, -91.7895355225, 86.6603088379, -95.0948867798, 86.6287231445, -80.1451187134], [-145.156539917, 147.989761353, -18.1421947479, 210.382614136, 85.2092208862, 29.1790142059, 36.5713615417, -27.4923210144, 70.2994842529, -34.5711784363, 54.9556846619, -29.2604618073, 64.0516891479], [-42.8500175476, 48.4769515991, 74.8778762817, 85.2092208862, 146.57623291, 29.9684848785, 38.4266891479, 6.41619348526, 23.2666301727, 26.2917709351, -1.85081362724, 32.2753448486, 10.0116329193], [95.1808319092, -50.0872764587, 56.0175361633, 29.1790142059, 29.9684848785, 133.770477295, 34.297454834, 30.3692493439, -20.2497558594, -5.40551662445, 17.1701335907, -6.03634500504, -0.103990085423], [-124.730361938, 165.02142334, -113.981643677, 36.5713615417, 38.4266891479, 34.297454834, 155.338363647, -2.24341201782, 49.9748497009, -21.8313331604, 51.7879447937, -9.4695148468, 21.124288559], [104.93938446, -69.1021881104, 100.590927124, -27.4923210144, 6.41619348526, 30.3692493439, -2.24341201782, 88.1096496582, 3.85908102989, 33.6376228333, -22.9781208038, 12.5669126511, -19.2022171021], [-116.388908386, 144.312255859, -91.7895355225, 70.2994842529, 23.2666301727, -20.2497558594, 49.9748497009, 3.85908102989, 119.663734436, 1.21682655811, 39.6642494202, -37.1390991211, 33.7236442566], [93.833656311, -66.7729873657, 86.6603088379, -34.5711784363, 26.2917709351, -5.40551662445, -21.8313331604, 33.6376228333, 1.21682655811, 81.150604248, -13.3671350479, 30.9371852875, -33.7581253052], [-119.075691223, 111.027099609, -95.0948867798, 54.9556846619, -1.85081362724, 17.1701335907, 51.7879447937, -22.9781208038, 39.6642494202, -13.3671350479, 87.7658004761, -16.1824398041, 36.8627204895], [43.2979011536, -74.2033615112, 86.6287231445, -29.2604618073, 32.2753448486, -6.03634500504, -9.4695148468, 12.5669126511, -37.1390991211, 30.9371852875, -16.1824398041, 86.6871032715, -4.54440498352], [-121.361442566, 82.4947814941, -80.1451187134, 64.0516891479, 10.0116329193, -0.103990085423, 21.124288559, -19.2022171021, 33.7236442566, -33.7581253052, 36.8627204895, -4.54440498352, 78.7551345825]],
        "icov": [[0.00236975122243, 0.000362165359547, -0.000279767817119, -0.000249236705713, 0.00156102445908, -0.00215778825805, 0.000385718914913, -0.000138718751259, -9.99337353278e-05, -0.00180553714745, 0.0020306808874, -0.000306325178826, 0.00115252484102], [0.000362165359547, 0.00900035630912, -0.00385940563865, 0.00123331137002, -0.00235334038734, 0.0067874067463, -0.00867279432714, 0.0045517347753, -0.00384094705805, 0.00327509455383, -0.00565563514829, 0.00746183237061, -0.00392961828038], [-0.000279767817119, -0.00385940563865, 0.00954172294587, -0.00491016311571, -0.000566681381315, -0.0045428276062, 0.0081017287448, -0.00850871764123, 0.00473641604185, -0.00273929862306, 0.00468158628792, -0.00808133371174, 0.0072734602727], [-0.000249236705713, 0.00123331137002, -0.00491016311571, 0.0166914369911, -0.00972903799266, 0.000512679864187, 0.000938627170399, 0.00508313905448, -0.00695856241509, 0.00805606506765, -0.00852720625699, 0.00691919215024, -0.00719937635586], [0.00156102445908, -0.00235334038734, -0.000566681381315, -0.00972903799266, 0.0202402565628, -0.0063766464591, -0.00399511074647, 0.00336422515102, -0.000530969409738, -0.0112331062555, 0.0121620167047, -0.00832434557378, 0.000756367051508], [-0.00215778825805, 0.0067874067463, -0.0045428276062, 0.000512679864187, -0.0063766464591, 0.0209231432527, -0.0105990190059, -0.00217464845628, 0.00427131773904, 0.00589633034542, -0.0118967350572, 0.0118120983243, -0.0053753531538], [0.000385718914913, -0.00867279432714, 0.0081017287448, 0.000938627170399, -0.00399511074647, -0.0105990190059, 0.0235778279603, -0.00919995270669, -0.000594431709033, 0.00370651925914, -0.000373536720872, -0.0118380747736, 0.0104219261557], [-0.000138718751259, 0.0045517347753, -0.00850871764123, 0.00508313905448, 0.00336422515102, -0.00217464845628, -0.00919995270669, 0.0270962417126, -0.0104097407311, -0.00419646734372, 0.00281025725417, 0.0050165723078, -0.00749804219231], [-9.99337353278e-05, -0.00384094705805, 0.00473641604185, -0.00695856241509, -0.000530969409738, 0.00427131773904, -0.000594431709033, -0.0104097407311, 0.0244091656059, -0.00995191559196, 0.00057770969579, 0.0055989427492, -0.00262218969874], [-0.00180553714745, 0.00327509455383, -0.00273929862306, 0.00805606506765, -0.0112331062555, 0.00589633034542, 0.00370651925914, -0.00419646734372, -0.00995191559196, 0.0329627767205, -0.014014840126, -0.0034238237422, 0.00861901044846], [0.0020306808874, -0.00565563514829, 0.00468158628792, -0.00852720625699, 0.0121620167047, -0.0118967350572, -0.000373536720872, 0.00281025725417, 0.00057770969579, -0.014014840126, 0.0321197994053, -0.00806496385485, -0.00177792517934], [-0.000306325178826, 0.00746183237061, -0.00808133371174, 0.00691919215024, -0.00832434557378, 0.0118120983243, -0.0118380747736, 0.0050165723078, 0.0055989427492, -0.0034238237422, -0.00806496385485, 0.0317214168608, -0.0149270519614], [0.00115252484102, -0.00392961828038, 0.0072734602727, -0.00719937635586, 0.000756367051508, -0.0053753531538, 0.0104219261557, -0.00749804219231, -0.00262218969874, 0.00861901044846, -0.00177792517934, -0.0149270519614, 0.031908262521]]
    },
    "melbands": {
        "dmean": [0.0010988896247, 0.00133601890411, 0.000489422644023, 0.000464956829092, 0.000316063844366, 0.000202304814593, 0.000193119063624, 0.000385657273, 0.000166363155586, 0.00011287551024, 9.65176877799e-05, 6.30491631455e-05, 6.84280967107e-05, 6.34771640762e-05, 8.07258038549e-05, 6.56457486912e-05, 4.70120758109e-05, 3.67385036952e-05, 3.43641877407e-05, 2.84884627035e-05, 1.60688286996e-05, 1.58688017109e-05, 1.64635657711e-05, 1.52421553139e-05, 1.40048787216e-05, 1.25732367451e-05, 1.43533343362e-05, 1.43047991514e-05, 9.46836917137e-06, 6.526391644e-06, 4.53531038147e-06, 3.97214853365e-06, 3.16456316796e-06, 2.73606360679e-06, 2.09654490391e-06, 1.87709520105e-06, 1.82388225767e-06, 2.04775278689e-06, 1.78094774128e-06, 1.48198705574e-06],
        "dmean2": [0.00187620555516, 0.00244132010266, 0.000835979357362, 0.000802552211098, 0.000531582394615, 0.000338426179951, 0.000335007411195, 0.000661836762447, 0.000253552861977, 0.000167033038451, 0.000150729567395, 0.000100606346678, 0.000109632310341, 9.93731227936e-05, 0.00013006356312, 0.000101742210973, 7.31664622435e-05, 6.04117558396e-05, 5.40550245205e-05, 4.56687048427e-05, 2.6871690352e-05, 2.63233941951e-05, 2.75228940154e-05, 2.58557629422e-05, 2.37811800616e-05, 2.118887096e-05, 2.35487786995e-05, 2.32849488384e-05, 1.5948098735e-05, 1.10272585516e-05, 7.61638420954e-06, 6.61487047182e-06, 5.08308858116e-06, 4.31906937592e-06, 3.28201349475e-06, 2.91172023026e-06, 2.84229849967e-06, 3.09275446853e-06, 2.60888077719e-06, 2.25850294555e-06],
        "dvar": [7.00970758771e-06, 8.86491943675e-06, 3.93826269374e-07, 5.05702587361e-07, 1.75185803641e-07, 9.1906464661e-08, 1.29321605868e-07, 6.46620662792e-07, 7.67811556557e-08, 5.16345579626e-08, 2.85679249146e-08, 1.43768765781e-08, 1.51684336203e-08, 1.84641582024e-08, 1.8937173607e-08, 1.49563508245e-08, 8.01339350431e-09, 4.80114037416e-09, 5.0357944481e-09, 2.39470332453e-09, 3.15349441005e-10, 3.17602166788e-10, 3.56715934569e-10, 3.09938075205e-10, 4.09897893405e-10, 2.1145188378e-10, 2.98571167789e-10, 2.95920843385e-10, 9.84239703627e-11, 5.55668080993e-11, 2.5526638095e-11, 2.52673836715e-11, 1.41180444072e-11, 1.35009651028e-11, 1.12959511536e-11, 1.47185076627e-11, 3.12234162136e-11, 5.06103318976e-11, 4.47952334948e-11, 2.96668696553e-11],
        "dvar2": [1.88416634046e-05, 2.5144792744e-05, 1.0739032632e-06, 1.38400628202e-06, 4.85624298108e-07, 2.5000616688e-07, 3.51056883119e-07, 1.75976776973e-06, 1.66191895801e-07, 1.05998125832e-07, 6.26042364615e-08, 3.45980382122e-08, 3.81472311517e-08, 4.99816366073e-08, 4.55528343934e-08, 3.62161785006e-08, 1.78850303456e-08, 1.23419319209e-08, 1.15905534059e-08, 5.40647882019e-09, 7.92908960712e-10, 8.12095279912e-10, 9.62900870149e-10, 8.61504256822e-10, 1.05069453138e-09, 5.71827141194e-10, 7.4729616939e-10, 6.75268341244e-10, 2.69105709938e-10, 1.49511680814e-10, 6.67184293923e-11, 6.58383000895e-11, 3.59974897113e-11, 3.23132666458e-11, 2.27355599625e-11, 3.14285437952e-11, 6.15740861076e-11, 1.01675626252e-10, 9.08886715889e-11, 7.10307507257e-11],
        "max": [0.01863184385, 0.0205941796303, 0.004800662864, 0.00539438892156, 0.00415833899751, 0.00387789378874, 0.00375734316185, 0.0089519592002, 0.00450798636302, 0.00452081440017, 0.003552172333, 0.00197328836657, 0.00150221283548, 0.00284349313006, 0.001788644935, 0.00213727611117, 0.00288953608833, 0.0010136453202, 0.00110346265137, 0.000908921472728, 0.000265390350251, 0.000199031303055, 0.000253834907198, 0.000229724260862, 0.000543153844774, 0.000182450588909, 0.000284595094854, 0.000296060752589, 0.000102873724245, 7.4235649663e-05, 4.48896280432e-05, 5.77542668907e-05, 4.50806364825e-05, 5.5954707932e-05, 6.41224105493e-05, 7.00999080436e-05, 0.00011618813005, 0.000117218623927, 0.000119870252092, 8.98860307643e-05],
        "mean": [0.0010617596563, 0.00140150950756, 0.000726478232536, 0.000648944231216, 0.000506197568029, 0.000336193654221, 0.000253628590144, 0.000578879960813, 0.000325452769175, 0.000232573700487, 0.000169905004441, 0.000118240728625, 0.000119523145258, 0.000118270356325, 0.00015659192286, 0.000127398889163, 8.23986556497e-05, 6.26317269052e-05, 6.08002919762e-05, 4.9544909416e-05, 3.16297773679e-05, 3.13010859827e-05, 3.37633173331e-05, 3.1881074392e-05, 2.89299096039e-05, 2.77257622656e-05, 3.24014254147e-05, 3.10781906592e-05, 2.06922723009e-05, 1.47051077874e-05, 1.01620207715e-05, 8.41603196022e-06, 6.78943661114e-06, 5.77950095249e-06, 4.33744708062e-06, 3.52523807123e-06, 2.99662701764e-06, 3.16479076901e-06, 2.62010303231e-06, 2.17248953049e-06],
        "median": [0.000323916028719, 0.000742871430703, 0.000581899483223, 0.000471336534247, 0.000376156356651, 0.000224345174502, 0.000138415038236, 0.00016260954726, 0.000143699289765, 9.12902251002e-05, 7.90077610873e-05, 6.41681544948e-05, 7.1545575338e-05, 6.10167153354e-05, 8.0070203694e-05, 6.32255250821e-05, 5.01458162034e-05, 3.86188585253e-05, 3.38326281053e-05, 2.90177067654e-05, 2.620426676e-05, 2.57972533291e-05, 2.70784221357e-05, 2.62182929873e-05, 2.49990207521e-05, 2.36119121837e-05, 2.60504875769e-05, 2.48092092079e-05, 1.72499949258e-05, 1.2295767192e-05, 8.62973047333e-06, 6.40755615677e-06, 5.1986426115e-06, 4.35451829617e-06, 3.17468857247e-06, 2.46008130489e-06, 1.62297669704e-06, 1.39237397434e-06, 1.01032765087e-06, 8.40357415655e-07],
        "min": [1.12757743409e-06, 5.25842688148e-06, 5.63705043533e-06, 3.84489430871e-06, 1.29863801703e-05, 1.72555046447e-05, 4.6027503231e-06, 6.05247805652e-06, 4.94336563861e-06, 3.86529472962e-06, 2.57402712123e-06, 1.56212070124e-06, 3.73301668333e-06, 4.00494946007e-06, 4.45898058388e-06, 2.19921867028e-06, 2.49093568527e-06, 2.66390657089e-06, 2.08822734749e-06, 2.03929175768e-06, 2.19687626668e-06, 1.50110474806e-06, 7.91485149421e-07, 1.76121397999e-06, 8.3855752564e-07, 9.54574488787e-07, 1.25906058202e-06, 8.16677527382e-07, 6.7297798978e-07, 5.69001372241e-07, 3.68008073792e-07, 4.13678264977e-07, 2.36646783947e-07, 2.41775722998e-07, 1.20150545513e-07, 5.31338955057e-08, 3.17721227105e-09, 7.5303663305e-10, 2.73732564393e-10, 2.73766924928e-12],
