{
"highlevel": {
    "danceability": {
        "all": {
            "danceable": 0.292927652597,
            "not_danceable": 0.707072377205
        },
        "probability": 0.707072377205,
        "value": "not_danceable"
    },
    "gender": {
        "all": {
            "female": 0.288047105074,
            "male": 0.711952865124
        },
        "probability": 0.711952865124,
        "value": "male"
    },
    "genre_dortmund": {
        "all": {
            "alternative": 0.149483278394,
            "blues": 0.00789665989578,
            "electronic": 0.00532896863297,
            "folkcountry": 0.202490583062,
            "funksoulrnb": 0.00693619204685,
            "jazz": 0.0157602988183,
            "pop": 0.236280441284,
            "raphiphop": 0.00130592705682,
            "rock": 0.374517649412
        },
        "probability": 0.374517649412,
        "value": "rock"
    },
    "genre_electronic": {
        "all": {
            "ambient": 0.380358934402,
            "dnb": 0.245047241449,
            "house": 0.145411357284,
            "techno": 0.0359226353467,
            "trance": 0.193259835243
        },
        "probability": 0.380358934402,
        "value": "ambient"
    },
    "genre_rosamerica": {
        "all": {
            "cla": 0.00644584745169,
            "dan": 0.032698251307,
            "hip": 0.00517050363123,
            "jaz": 0.00599467149004,
            "pop": 0.250007212162,
            "rhy": 0.0534799471498,
            "roc": 0.644390523434,
            "spe": 0.00181302486453
        },
        "probability": 0.644390523434,
        "value": "roc"
    },
    "genre_tzanetakis": {
        "all": {
            "blu": 0.0620671063662,
            "cla": 0.034474901855,
            "cou": 0.103433981538,
            "dis": 0.0620971247554,
            "hip": 0.15527240932,
            "jaz": 0.310666948557,
            "met": 0.044346679002,
            "pop": 0.0620793737471,
            "reg": 0.0620816536248,
            "roc": 0.103479810059
        },
        "probability": 0.310666948557,
        "value": "jaz"
    },
    "ismir04_rhythm": {
        "all": {
            "ChaChaCha": 0.0351140648127,
            "Jive": 0.0997989997268,
            "Quickstep": 0.10562428087,
            "Rumba-American": 0.0044051934965,
            "Rumba-International": 0.0325395278633,
            "Rumba-Misc": 0.011514688842,
            "Samba": 0.131977155805,
            "Tango": 0.0114530762658,
            "VienneseWaltz": 0.539725899696,
            "Waltz": 0.0278471428901
        },
        "probability": 0.539725899696,
        "value": "VienneseWaltz"
    },
    "mood_acoustic": {
        "all": {
            "acoustic": 0.07956340909,
            "not_acoustic": 0.920436561108
        },
        "probability": 0.920436561108,
        "value": "not_acoustic"
    },
    "mood_aggressive": {
        "all": {
            "aggressive": 0.505154669285,
            "not_aggressive": 0.494845330715
        },
        "probability": 0.505154669285,
        "value": "aggressive"
    },
    "mood_electronic": {
        "all": {
            "electronic": 0.272475659847,
            "not_electronic": 0.727524340153
        },
        "probability": 0.727524340153,
        "value": "not_electronic"
    },
    "mood_happy": {
        "all": {
            "happy": 0.900551557541,
            "not_happy": 0.0994484722614
        },
        "probability": 0.900551557541,
        "value": "happy"
    },
    "mood_party": {
        "all": {
            "not_party": 0.467147320509,
            "party": 0.532852649689
        },
        "probability": 0.532852649689,
        "value": "party"
    },
    "mood_relaxed": {
        "all": {
            "not_relaxed": 0.95474177599,
            "relaxed": 0.0452582351863
        },
        "probability": 0.95474177599,
        "value": "not_relaxed"
    },
    "mood_sad": {
        "all": {
            "not_sad": 0.318212449551,
            "sad": 0.681787550449
        },
        "probability": 0.681787550449,
        "value": "sad"
    },
    "moods_mirex": {
        "all": {
            "Cluster1": 0.367479145527,
            "Cluster2": 0.40045517683,
            "Cluster3": 0.12625156343,
            "Cluster4": 0.0706347227097,
            "Cluster5": 0.0351794250309
        },
        "probability": 0.40045517683,
        "value": "Cluster2"
    },
    "timbre": {
        "all": {
            "bright": 0.970661699772,
            "dark": 0.0293382927775
        },
        "probability": 0.970661699772,
        "value": "bright"
    },
    "tonal_atonal": {
        "all": {
            "atonal": 0.000144478137372,
            "tonal": 0.999855518341
        },
        "probability": 0.999855518341,
        "value": "tonal"
    },
    "voice_instrumental": {
        "all": {
            "instrumental": 0.000219886933337,
            "voice": 0.999780118465
        },
        "probability": 0.999780118465,
        "value": "voice"
    }
},
"lowlevel": {
    "average_loudness": 0.969012141228,
    "barkbands_crest": {
        "dmean": 2.01728272438,
        "dmean2": 3.23856258392,
        "dvar": 3.58690094948,
        "dvar2": 9.03153419495,
        "max": 22.7087669373,
        "mean": 8.11570167542,
        "median": 7.24237775803,
        "min": 2.76153063774,
        "var": 11.1580400467
    },
    "barkbands_flatness_db": {
        "dmean": 0.0147685306147,
        "dmean2": 0.0241594891995,
        "dvar": 0.000176815505256,
        "dvar2": 0.000424717669375,
        "max": 0.235057786107,
        "mean": 0.10689175874,
        "median": 0.101044163108,
        "min": 0.0395519062877,
        "var": 0.000946484447923
    },
    "barkbands_kurtosis": {
        "dmean": 1.1222217083,
        "dmean2": 1.81337213516,
        "dvar": 2.45175051689,
        "dvar2": 5.95151090622,
        "max": 27.0139026642,
        "mean": 1.09998214245,
        "median": 0.456469774246,
        "min": -1.84923028946,
        "var": 6.83831739426
    },
    "barkbands_skewness": {
        "dmean": 0.344252794981,
        "dmean2": 0.531794369221,
        "dvar": 0.127410575747,
        "dvar2": 0.289025694132,
        "max": 4.73388147354,
        "mean": 1.06753122807,
        "median": 1.02535784245,
        "min": -1.29334545135,
        "var": 0.554758787155
    },
    "barkbands_spread": {
        "dmean": 6.0238199234,
        "dmean2": 9.17379665375,
        "dvar": 47.7198448181,
        "dvar2": 93.0488815308,
        "max": 92.7001724243,
        "mean": 33.4738044739,
        "median": 31.339838028,
        "min": 6.31507492065,
        "var": 212.250030518
    },
    "dissonance": {
        "dmean": 0.0134452786297,
        "dmean2": 0.022259131074,
        "dvar": 0.000158812428708,
        "dvar2": 0.000433534209151,
        "max": 0.499958783388,
        "mean": 0.469817429781,
        "median": 0.474463433027,
        "min": 0.362434655428,
        "var": 0.000415029528085
    },
    "dynamic_complexity": 1.17249882221,
    "erbbands_crest": {
        "dmean": 2.20510578156,
        "dmean2": 3.47804021835,
        "dvar": 4.69642829895,
        "dvar2": 11.3855705261,
        "max": 27.2329654694,
        "mean": 8.16994857788,
        "median": 7.21119499207,
        "min": 2.42417955399,
        "var": 16.6220932007
    },
    "erbbands_flatness_db": {
        "dmean": 0.0119974305853,
        "dmean2": 0.0178335085511,
        "dvar": 0.000136399758048,
        "dvar2": 0.000277381419437,
        "max": 0.234932675958,
        "mean": 0.131549268961,
        "median": 0.124972067773,
        "min": 0.0693642944098,
        "var": 0.000947611173615
    },
    "erbbands_kurtosis": {
        "dmean": 0.526940047741,
        "dmean2": 0.834378600121,
        "dvar": 0.510040044785,
        "dvar2": 1.38053500652,
        "max": 10.9104642868,
        "mean": -0.222048610449,
        "median": -0.594066143036,
        "min": -1.62841379642,
        "var": 1.61017370224
    },
    "erbbands_skewness": {
        "dmean": 0.266029596329,
        "dmean2": 0.402778595686,
        "dvar": 0.0564183555543,
        "dvar2": 0.13212621212,
        "max": 3.05661606789,
        "mean": 0.221691563725,
        "median": 0.190416619182,
        "min": -2.45026254654,
        "var": 0.397749871016
    },
    "erbbands_spread": {
        "dmean": 6.9387345314,
        "dmean2": 10.8755760193,
        "dvar": 52.6408653259,
        "dvar2": 120.306922913,
        "max": 117.587837219,
        "mean": 46.6236000061,
        "median": 46.7084922791,
        "min": 9.81289768219,
        "var": 238.885055542
    },
    "hfc": {
        "dmean": 8.45807933807,
        "dmean2": 12.2544746399,
        "dvar": 231.600402832,
        "dvar2": 536.225280762,
        "max": 219.866790771,
        "mean": 33.2773666382,
        "median": 28.2422828674,
        "min": 5.98405504227,
        "var": 454.018035889
    },
    "melbands_crest": {
        "dmean": 2.66877484322,
        "dmean2": 4.34494304657,
        "dvar": 5.85456800461,
        "dvar2": 14.5858192444,
        "max": 27.0906562805,
        "mean": 11.5065956116,
        "median": 10.7093734741,
        "min": 4.35985660553,
        "var": 17.2239055634
    },
    "melbands_flatness_db": {
        "dmean": 0.0184023790061,
        "dmean2": 0.0291128531098,
        "dvar": 0.00034072456765,
        "dvar2": 0.000781809154432,
        "max": 0.282366394997,
        "mean": 0.140106260777,
        "median": 0.133959695697,
        "min": 0.0445706509054,
        "var": 0.00163262092974
    },
    "melbands_kurtosis": {
        "dmean": 3.28775000572,
        "dmean2": 5.3115811348,
        "dvar": 26.1366729736,
        "dvar2": 63.9725189209,
        "max": 82.6123657227,
        "mean": 7.6315536499,
        "median": 5.69440078735,
        "min": -1.05282592773,
        "var": 57.4860839844
    },
    "melbands_skewness": {
        "dmean": 0.475743114948,
        "dmean2": 0.754395902157,
        "dvar": 0.307021439075,
        "dvar2": 0.732989251614,
        "max": 7.25778436661,
        "mean": 2.20532488823,
        "median": 2.08564043045,
        "min": -0.230239897966,
        "var": 1.08805751801
    },
    "melbands_spread": {
        "dmean": 7.77868747711,
        "dmean2": 11.9420204163,
        "dvar": 91.2705078125,
        "dvar2": 183.606918335,
        "max": 182.501098633,
        "mean": 34.6125030518,
        "median": 30.2402420044,
        "min": 4.78553819656,
        "var": 361.153900146
    },
    "pitch_salience": {
        "dmean": 0.0578360855579,
        "dmean2": 0.0939312651753,
        "dvar": 0.00254452065565,
        "dvar2": 0.00667343614623,
        "max": 0.797317743301,
        "mean": 0.572126209736,
        "median": 0.578214228153,
        "min": 0.289746910334,
        "var": 0.00705745024607
    },
    "silence_rate_20dB": {
        "dmean": 0,
        "dmean2": 0,
        "dvar": 0,
        "dvar2": 0,
        "max": 1,
        "mean": 1,
        "median": 1,
        "min": 1,
        "var": 0
    },
    "silence_rate_30dB": {
        "dmean": 0,
        "dmean2": 0,
        "dvar": 0,
        "dvar2": 0,
        "max": 1,
        "mean": 1,
        "median": 1,
        "min": 1,
        "var": 0
    },
    "silence_rate_60dB": {
        "dmean": 0,
        "dmean2": 0,
        "dvar": 0,
        "dvar2": 0,
        "max": 0,
        "mean": 0,
        "median": 0,
        "min": 0,
        "var": 0
    },
    "spectral_centroid": {
        "dmean": 234.299942017,
        "dmean2": 358.909362793,
        "dvar": 52825.1835938,
        "dvar2": 110284.59375,
        "max": 4214.77539062,
        "mean": 1747.73706055,
        "median": 1663.1920166,
        "min": 410.674072266,
        "var": 404016.59375
    },
    "spectral_complexity": {
        "dmean": 3.75,
        "dmean2": 5.85670042038,
        "dvar": 12.8732585907,
        "dvar2": 29.6410007477,
        "max": 52,
        "mean": 24.7331790924,
        "median": 24,
        "min": 9,
        "var": 51.2149238586
    },
    "spectral_decrease": {
        "dmean": 1.74205827541e-09,
        "dmean2": 2.81619727538e-09,
        "dvar": 5.32339569193e-18,
        "dvar2": 1.32140092806e-17,
        "max": -1.1216778617e-09,
        "mean": -6.63889831998e-09,
        "median": -6.17379036782e-09,
        "min": -2.31646826165e-08,
        "var": 8.86174802968e-18
    },
    "spectral_energy": {
        "dmean": 0.00707235373557,
        "dmean2": 0.011307544075,
        "dvar": 8.12948637758e-05,
        "dvar2": 0.000202008712222,
        "max": 0.0918685123324,
        "mean": 0.028075106442,
        "median": 0.025981914252,
        "min": 0.00636989157647,
        "var": 0.000140099306009
    },
    "spectral_energyband_high": {
        "dmean": 0.000879577652086,
        "dmean2": 0.00126589892898,
        "dvar": 3.20086564898e-06,
        "dvar2": 7.2001926128e-06,
        "max": 0.0268058571965,
        "mean": 0.002375516342,
        "median": 0.0016883284552,
        "min": 6.12583826296e-05,
        "var": 6.41984979666e-06
    },
    "spectral_energyband_low": {
        "dmean": 0.0035196498502,
        "dmean2": 0.00591794587672,
        "dvar": 4.70988015877e-05,
        "dvar2": 0.000117102405056,
        "max": 0.0587281882763,
        "mean": 0.00676520634443,
        "median": 0.00430025998503,
        "min": 0.000283913454041,
        "var": 5.6860899349e-05
    },
    "spectral_energyband_middle_high": {
        "dmean": 0.0017475434579,
        "dmean2": 0.00259683071636,
        "dvar": 4.83141639052e-06,
        "dvar2": 1.04425653262e-05,
        "max": 0.0378226153553,
        "mean": 0.00685361400247,
        "median": 0.00521797034889,
        "min": 0.00063429994043,
        "var": 2.71122135018e-05
    },
    "spectral_energyband_middle_low": {
        "dmean": 0.00412450265139,
        "dmean2": 0.00670351879671,
        "dvar": 3.11934782076e-05,
        "dvar2": 8.15694147605e-05,
        "max": 0.0557329170406,
        "mean": 0.0129042388871,
        "median": 0.0110803935677,
        "min": 0.00163186015561,
        "var": 6.97592986398e-05
    },
    "spectral_entropy": {
        "dmean": 0.11093878746,
        "dmean2": 0.165556445718,
        "dvar": 0.0129596320912,
        "dvar2": 0.0263684727252,
        "max": 8.58081817627,
        "mean": 7.84125709534,
        "median": 7.87818193436,
        "min": 6.87950229645,
        "var": 0.0852649062872
    },
    "spectral_flux": {
        "dmean": 0.0214935932308,
        "dmean2": 0.0329694971442,
        "dvar": 0.000614749384113,
        "dvar2": 0.00119763833936,
        "max": 0.238668516278,
        "mean": 0.0851476117969,
        "median": 0.0755893364549,
        "min": 0.0252015311271,
        "var": 0.00140608765651
    },
    "spectral_kurtosis": {
        "dmean": 0.731163084507,
        "dmean2": 1.21923208237,
        "dvar": 0.564513385296,
        "dvar2": 1.54328632355,
        "max": 10.1305398941,
        "mean": 2.44903707504,
        "median": 2.22810554504,
        "min": -0.84853887558,
        "var": 2.06416344643
    },
    "spectral_rms": {
        "dmean": 0.000627808913123,
        "dmean2": 0.000984714133665,
        "dvar": 5.20505295754e-07,
        "dvar2": 1.26838915548e-06,
        "max": 0.0094671966508,
        "mean": 0.00512655451894,
        "median": 0.00503470050171,
        "min": 0.00249289558269,
        "var": 1.10879489057e-06
    },
    "spectral_rolloff": {
        "dmean": 721.262451172,
        "dmean2": 1174.0859375,
        "dvar": 1295762.5,
        "dvar2": 2536662.5,
        "max": 12381.5917969,
        "mean": 2427.80444336,
        "median": 1873.38867188,
        "min": 236.865234375,
        "var": 3721562
    },
    "spectral_skewness": {
        "dmean": 0.136305063963,
        "dmean2": 0.219935297966,
        "dvar": 0.0164322964847,
        "dvar2": 0.0395852811635,
        "max": 2.33430147171,
        "mean": 1.22396206856,
        "median": 1.19131243229,
        "min": 0.275735318661,
        "var": 0.0820086225867
    },
    "spectral_spread": {
        "dmean": 502973.5625,
        "dmean2": 712229.25,
        "dvar": 440905072640,
        "dvar2": 719260024832,
        "max": 15416370,
        "mean": 5518070.5,
        "median": 5439691.5,
        "min": 2777499.75,
        "var": 2.15535937126e+12
    },
    "spectral_strongpeak": {
        "dmean": 0.574594140053,
        "dmean2": 0.978873729706,
        "dvar": 1.00941586494,
        "dvar2": 2.51969218254,
        "max": 13.8145742416,
        "mean": 1.21980953217,
        "median": 0.692538797855,
        "min": 0.0296627972275,
        "var": 1.84856593609
    },
    "zerocrossingrate": {
        "dmean": 0.0124519281089,
        "dmean2": 0.0143057703972,
        "dvar": 0.000240777662839,
        "dvar2": 0.000255275401287,
        "max": 0.34228515625,
        "mean": 0.0904944166541,
        "median": 0.08544921875,
        "min": 0.02587890625,
        "var": 0.00164666201454
    },
    "barkbands": {
        "dmean": [8.41843429953e-05, 0.00210650637746, 0.00161731662229, 0.00115690380335, 0.00212208600715, 0.000699189957231, 0.00107220606878, 0.000682785117533, 0.000931242655497, 0.000385398772778, 0.000864582369104, 0.000369977293303, 0.000221664755372, 0.000340844970196, 0.000405698723625, 0.000294876372209, 0.000164669923834, 0.000182705014595, 0.00021136275609, 0.000279688567389, 0.000256229948718, 0.000149329833221, 0.000234677238041, 0.000161896372447, 0.000115029375593, 8.61125226947e-05, 4.41989165267e-08],
        "dmean2": [0.000127149934997, 0.00348078343086, 0.00280578318052, 0.00201479811221, 0.00350790447555, 0.00109595630784, 0.00171075749677, 0.0010585905984, 0.00136081688106, 0.000603208434768, 0.00130443740636, 0.000580751220696, 0.000349362351699, 0.000495245913044, 0.000660094432533, 0.000477450608741, 0.000273664540146, 0.000300162442727, 0.000342184503097, 0.000432482804172, 0.000393718219129, 0.000239317087107, 0.000360350968549, 0.000241052082856, 0.000172024112544, 0.000138132832944, 7.75348851789e-08],
        "dvar": [2.77354974543e-08, 1.63738295669e-05, 1.36385906444e-05, 3.69822419088e-06, 1.25614405988e-05, 1.52302777678e-06, 2.6554851047e-06, 2.03437298296e-06, 2.98482609651e-06, 1.53895814492e-06, 2.87216903416e-06, 4.56777144109e-07, 3.24768279825e-07, 5.30767977125e-07, 4.53908199916e-07, 1.70031398739e-07, 4.39658087714e-08, 6.94920601063e-08, 1.15294405134e-07, 2.79916889667e-07, 3.28889825596e-07, 8.53062473993e-08, 6.41137319235e-07, 1.21956261978e-07, 1.16733964717e-07, 1.34344887215e-07, 4.09006460428e-14],
        "dvar2": [5.95070197562e-08, 4.168286614e-05, 3.80778037652e-05, 1.06541056084e-05, 3.26454392052e-05, 3.10885729959e-06, 6.7510432018e-06, 4.62951720692e-06, 5.91913749304e-06, 3.58064357897e-06, 6.35863125353e-06, 1.05080675894e-06, 7.75916419116e-07, 9.1200257657e-07, 1.1349277429e-06, 4.26832230005e-07, 1.07893896484e-07, 1.7556635612e-07, 3.00938154396e-07, 5.84961128425e-07, 7.38780613574e-07, 2.11115988691e-07, 1.5139299876e-06, 2.51481964142e-07, 2.834758277e-07, 3.6101596379e-07, 1.09313958981e-13],
        "max": [0.00205860566348, 0.0396151319146, 0.0285655073822, 0.0167593341321, 0.0409083925188, 0.0247279088944, 0.0285884737968, 0.0279796607792, 0.0268779564649, 0.0265424288809, 0.0265146289021, 0.0126125663519, 0.0108264833689, 0.0202302075922, 0.0101747242734, 0.00652737077326, 0.00403271894902, 0.00260678026825, 0.00810226146132, 0.0121090542525, 0.0111168045551, 0.00517571577802, 0.0128332711756, 0.00582467298955, 0.0077896239236, 0.00672689359635, 4.03779586122e-06],
        "mean": [0.000111123212264, 0.0038008519914, 0.00211672484875, 0.00156517780852, 0.00434225797653, 0.00150399969425, 0.00195842911489, 0.00128182885237, 0.00207221787423, 0.000635395990685, 0.00175587681588, 0.000741359952372, 0.000367429922335, 0.000673183822073, 0.000725367979612, 0.000538700609468, 0.000343466410413, 0.000369988352759, 0.000492398627102, 0.000691460678354, 0.000563518027775, 0.000317747471854, 0.00042375625344, 0.000344536179909, 0.000229366676649, 0.00010891538841, 3.32133893721e-08],
        "median": [2.66626884695e-05, 0.00218473840505, 0.000978950993158, 0.000813469290733, 0.00233572907746, 0.000981482909992, 0.00116215751041, 0.000545038608834, 0.0009324348066, 0.000280620908597, 0.000587999646086, 0.000406104227295, 0.000174736851477, 0.000337218458299, 0.000428949162597, 0.000343865016475, 0.000252905767411, 0.000267789291684, 0.000316441844916, 0.000325194123434, 0.000256629660726, 0.000205574891879, 0.000220581801841, 0.000211836799281, 0.000127517152578, 3.39975304087e-05, 1.00700803252e-09],
        "min": [1.11939151282e-08, 5.33311940671e-05, 7.68980135035e-06, 4.79097798234e-06, 3.98133852286e-05, 3.05965550069e-05, 2.00975646294e-05, 5.67421193409e-06, 2.30010409723e-05, 9.28437384573e-06, 9.82247638603e-06, 1.14676549856e-05, 9.26950906432e-06, 1.59017326951e-05, 2.49477507168e-05, 1.8415708837e-05, 2.10622038139e-05, 2.72528268397e-05, 2.62308949459e-05, 2.06228505704e-05, 1.89090660569e-05, 5.19249579156e-06, 5.58197871214e-06, 3.40446945302e-06, 1.34892195547e-06, 3.39212213873e-09, 6.00016304003e-12],
        "var": [4.82819046965e-08, 2.1372889023e-05, 1.20893710118e-05, 4.35536503574e-06, 3.04536897602e-05, 3.47343348039e-06, 5.68631730857e-06, 5.60235275771e-06, 9.31483373279e-06, 2.76885839412e-06, 8.54025893204e-06, 1.26710733639e-06, 5.33200477548e-07, 2.10803614209e-06, 8.42701865622e-07, 3.32494863642e-07, 1.06553365242e-07, 1.22836965488e-07, 3.57116022087e-07, 1.38996495025e-06, 1.01464593172e-06, 1.36911680215e-07, 7.85220720445e-07, 2.41643959953e-07, 2.25959936984e-07, 1.13062213813e-07, 3.08470222564e-14]
    },
    "erbbands": {
        "dmean": [0.04799791798, 0.543003261089, 1.72031271458, 2.82857489586, 5.55049991608, 8.70498752594, 6.20967292786, 5.7782702446, 7.23960399628, 22.1829147339, 13.3177814484, 16.5713386536, 18.5490322113, 20.7243061066, 25.5879592896, 12.1834802628, 8.45153427124, 16.4127483368, 14.0158815384, 20.5136756897, 15.6663923264, 8.80285167694, 8.18231296539, 9.57124233246, 10.6661939621, 12.4100189209, 12.956990242, 6.6978559494, 5.86439371109, 5.93035984039, 6.49281930923, 4.10730218887, 2.46887326241, 1.34968614578, 0.921498477459, 0.439189136028, 0.160520195961, 0.0105925332755, 0.000206850585528, 1.81936375157e-05],
        "dmean2": [0.0812981724739, 0.898165583611, 2.94307088852, 5.02250623703, 9.44512939453, 14.2664585114, 9.56192779541, 9.47084236145, 11.6579656601, 35.5109100342, 20.6372966766, 24.6013755798, 27.9414367676, 31.5699157715, 37.4041633606, 18.7851314545, 12.5834999084, 23.5742740631, 21.9636077881, 32.825176239, 25.914773941, 14.6497297287, 13.2734527588, 15.4212369919, 16.4147815704, 18.3242855072, 18.8898010254, 10.5685777664, 9.42888259888, 9.54795646667, 9.96667480469, 6.27186727524, 3.62942934036, 1.989148736, 1.40540003777, 0.705761611462, 0.261063724756, 0.0170982889831, 0.000327630899847, 2.82546334347e-05],
        "dvar": [0.0106334835291, 1.06565201283, 13.6423530579, 31.0349769592, 123.876937866, 201.150512695, 135.973571777, 136.407562256, 131.237609863, 1328.50939941, 893.759460449, 1167.24694824, 1830.8515625, 1438.50158691, 3604.64892578, 373.108459473, 283.494842529, 1427.11291504, 917.385559082, 976.089111328, 438.599304199, 145.698074341, 95.608253479, 188.590515137, 248.019592285, 447.691650391, 962.219360352, 187.028656006, 175.284591675, 228.081359863, 442.100616455, 92.2719726562, 24.9861698151, 9.21181583405, 10.9069643021, 3.07228946686, 0.511579215527, 0.00137300835922, 5.47531385564e-07, 2.0236812226e-09],
        "dvar2": [0.0275643467903, 2.71498894691, 37.7261543274, 89.2320251465, 332.617370605, 492.850402832, 317.56829834, 293.298370361, 336.623413086, 3226.83374023, 2037.41308594, 2283.5715332, 4349.10009766, 3275.44140625, 7048.02392578, 773.611938477, 624.090515137, 2278.953125, 2120.34790039, 2417.97851562, 1213.54614258, 343.072875977, 243.053634644, 418.292419434, 561.277038574, 952.789794922, 1851.59204102, 413.271362305, 464.61138916, 545.039916992, 1013.80487061, 200.750610352, 47.9231987, 19.9450531006, 28.6177921295, 7.99814653397, 1.40301966667, 0.00364568596706, 1.45359581438e-06, 5.23759480231e-09],
        "max": [1.15641844273, 9.57484722137, 29.890253067, 47.5022277832, 134.872680664, 241.793838501, 265.76751709, 272.500762939, 157.272644043, 630.809387207, 663.297668457, 817.398925781, 816.475891113, 502.095794678, 1221.00085449, 348.742370605, 333.312011719, 1082.84643555, 593.506408691, 519.604980469, 281.302032471, 247.305953979, 110.63936615, 309.404754639, 369.235626221, 530.768737793, 674.457092285, 332.665649414, 262.000152588, 248.502685547, 336.780914307, 133.219207764, 84.5459518433, 51.1328735352, 82.7170410156, 32.1115646362, 12.0568809509, 0.512000739574, 0.0108205061406, 0.000707475293893],
        "mean": [0.0718905702233, 0.972018897533, 2.60544419289, 3.94599866867, 7.84759950638, 18.7607879639, 14.6499633789, 11.8099603653, 14.6528978348, 41.1431121826, 30.8325786591, 34.9485015869, 40.6703720093, 46.0356140137, 51.0530929565, 27.8262672424, 18.153377533, 34.8649635315, 27.6410331726, 38.978012085, 31.8237934113, 20.3416118622, 18.2666511536, 23.8355789185, 27.7357807159, 31.9029121399, 30.7121315002, 15.2239027023, 11.8116922379, 11.6371164322, 12.0232105255, 8.29748821259, 5.11544656754, 2.78029322624, 1.59069132805, 0.609224796295, 0.187361896038, 0.0118452422321, 0.000270380027359, 5.27789634361e-05],
        "median": [0.0408062711358, 0.545567214489, 1.39165866375, 2.12221312523, 4.25531244278, 7.9575881958, 7.78545045853, 8.27719306946, 10.1367139816, 23.6356544495, 11.9638214111, 15.8354587555, 19.6106796265, 20.3594532013, 22.5703639984, 15.6386489868, 10.4851474762, 16.8533153534, 15.8017168045, 24.2897815704, 20.9352645874, 15.5797948837, 14.1147155762, 16.4902687073, 16.5365333557, 15.7270679474, 12.1107854843, 8.76193809509, 7.88040494919, 6.76660346985, 6.17820262909, 4.80806350708, 3.11900091171, 1.64822411537, 0.778080582619, 0.220308467746, 0.0444853566587, 0.00253729592077, 8.61974913278e-05, 4.24332865805e-05],
        "min": [0.00100467517041, 0.0140542415902, 0.0318499431014, 0.0432086735964, 0.184530690312, 0.123240634799, 0.21360373497, 0.332929581404, 0.415545612574, 0.362036138773, 0.617879629135, 0.519171476364, 0.789944469929, 0.585239946842, 1.25816094875, 1.01978027821, 0.954127848148, 1.35051047802, 1.29237103462, 1.86140835285, 2.02508068085, 1.38016450405, 1.6543854475, 1.97119510174, 1.59123575687, 1.34881138802, 0.61611020565, 0.663042187691, 0.335394084454, 0.199036493897, 0.119907341897, 0.0766982212663, 0.039096429944, 0.0158544834703, 0.00445529352874, 0.000424831436248, 2.33341288549e-05, 3.36575999427e-06, 6.85400937073e-06, 9.85274982668e-06],
        "var": [0.0112330662087, 1.41224110126, 13.1463003159, 29.3863983154, 112.955032349, 815.993164062, 429.763671875, 219.994415283, 205.868041992, 3097.74853516, 3695.06494141, 2844.43359375, 5260.80761719, 4466.74121094, 9030.02050781, 1451.03723145, 721.252380371, 6558.20507812, 1756.81982422, 2090.00512695, 986.651977539, 380.408905029, 200.589126587, 601.00994873, 1379.03723145, 2583.40039062, 3719.6105957, 595.465576172, 212.412872314, 330.994689941, 577.332336426, 162.747009277, 54.7938652039, 20.3636035919, 17.930683136, 3.19670343399, 0.381750911474, 0.00110515847337, 4.57499936601e-07, 2.07875028302e-09]
    },
    "gfcc": {
        "mean": [52.5322151184, 71.8857879639, -119.528793335, 40.6997833252, -69.7835693359, 22.0182056427, -42.3774185181, 15.8946609497, -27.6836090088, 4.63404226303, -19.0096702576, -0.248882502317, -8.00745487213],
        "cov": [[857.013061523, -529.394226074, 175.426086426, -108.847679138, -91.635093689, 99.3526611328, 41.6361312866, 63.3532142639, -58.7093658447, 102.610618591, -61.0510902405, 37.8499794006, -106.000434875], [-529.394226074, 763.119934082, -221.889053345, 122.571014404, 82.8667526245, -123.771209717, 22.4620132446, -60.2406692505, 72.71459198, -109.356010437, 59.5997962952, -78.9799423218, 105.546112061], [175.426086426, -221.889053345, 318.361938477, -12.6606426239, -59.4630126953, 36.5655403137, -84.0648574829, 18.9060726166, 2.325776577, 8.13302326202, -29.4569129944, 56.9573898315, -62.8123970032], [-108.847679138, 122.571014404, -12.6606426239, 268.781616211, 47.2695388794, -29.3922786713, 14.7246894836, -30.2410144806, 56.4283828735, -36.2320785522, 28.0177631378, -48.479347229, 15.5773210526], [-91.635093689, 82.8667526245, -59.4630126953, 47.2695388794, 168.189804077, -9.40681362152, 37.8836936951, -1.71696150303, -22.9898929596, 11.7859706879, -2.70448684692, -19.2737960815, 16.5264511108], [99.3526611328, -123.771209717, 36.5655403137, -29.3922786713, -9.40681362152, 163.830032349, 38.6737556458, 4.94055461884, -3.65729904175, 0.663627803326, 20.7913761139, 30.0406017303, -10.4116048813], [41.6361312866, 22.4620132446, -84.0648574829, 14.7246894836, 37.8836936951, 38.6737556458, 156.499664307, 25.5968761444, -13.2061452866, 20.9479217529, 9.26181983948, -15.8403625488, 16.3071651459], [63.3532142639, -60.2406692505, 18.9060726166, -30.2410144806, -1.71696150303, 4.94055461884, 25.5968761444, 96.6060638428, 13.1032390594, 32.3080635071, -18.52891922, -10.5739870071, -7.19565391541], [-58.7093658447, 72.71459198, 2.325776577, 56.4283828735, -22.9898929596, -3.65729904175, -13.2061452866, 13.1032390594, 105.595077515, -12.6884784698, 11.8892688751, -2.30134892464, -5.61341238022], [102.610618591, -109.356010437, 8.13302326202, -36.2320785522, 11.7859706879, 0.663627803326, 20.9479217529, 32.3080635071, -12.6884784698, 105.218734741, 9.23350143433, -5.01978349686, -12.7871637344], [-61.0510902405, 59.5997962952, -29.4569129944, 28.0177631378, -2.70448684692, 20.7913761139, 9.26181983948, -18.52891922, 11.8892688751, 9.23350143433, 78.8430938721, 9.46981239319, 12.4534959793], [37.8499794006, -78.9799423218, 56.9573898315, -48.479347229, -19.2737960815, 30.0406017303, -15.8403625488, -10.5739870071, -2.30134892464, -5.01978349686, 9.46981239319, 84.9703140259, 3.08673715591], [-106.000434875, 105.546112061, -62.8123970032, 15.5773210526, 16.5264511108, -10.4116048813, 16.3071651459, -7.19565391541, -5.61341238022, -12.7871637344, 12.4534959793, 3.08673715591, 75.9095458984]],
        "icov": [[0.00249838107266, 0.000910358503461, -0.000246347801294, -0.000235942585277, 0.00113319931552, -0.000480224960484, -0.00108362734318, -0.000105124941911, 0.000780821021181, -0.00126656913199, 0.00131541478913, -0.000283530651359, 0.00161789963022], [0.000910358503461, 0.00453343661502, -0.000354105577571, 0.00185299967416, -0.00182683358435, 0.00287650665268, -0.00164349970873, 0.00172873178963, -0.00350259104744, 0.00414399104193, -0.00364613416605, 0.00426492094994, -0.0035324152559], [-0.000246347801294, -0.000354105577571, 0.00662250863388, -0.00274117523804, 0.00160826998763, -0.00183500396088, 0.00363559625112, -0.00258890050463, 0.00210487795994, -0.00141894456465, 0.00285248365253, -0.00535177858546, 0.00422878656536], [-0.000235942585277, 0.00185299967416, -0.00274117523804, 0.00806699134409, -0.00351015361957, 0.00278759747744, -0.00254343752749, 0.0037073395215, -0.00605316786095, 0.00446659885347, -0.00501959212124, 0.00727591617033, -0.00395277375355], [0.00113319931552, -0.00182683358435, 0.00160826998763, -0.00351015361957, 0.00933362450451, -0.00205389340408, -0.00024482968729, -0.00142979633529, 0.00487154256552, -0.00450470624492, 0.00442073913291, -0.00339212571271, 0.0027909737546], [-0.000480224960484, 0.00287650665268, -0.00183500396088, 0.00278759747744, -0.00205389340408, 0.0104438308626, -0.00398724712431, 0.00142771110404, -0.00323393894359, 0.00504439277574, -0.00621358538046, 0.00197215029038, -0.00233928998932], [-0.00108362734318, -0.00164349970873, 0.00363559625112, -0.00254343752749, -0.00024482968729, -0.00398724712431, 0.0110054397956, -0.00402742624283, 0.00301614380442, -0.002496952191, 0.00146782735828, -0.00228395569138, 0.000717140908819], [-0.000105124941911, 0.00172873178963, -0.00258890050463, 0.0037073395215, -0.00142979633529, 0.00142771110404, -0.00402742624283, 0.0161378961056, -0.00635796366259, -0.00168563285843, 0.00123413815163, 0.00565912667662, -0.00373811670579], [0.000780821021181, -0.00350259104744, 0.00210487795994, -0.00605316786095, 0.00487154256552, -0.00323393894359, 0.00301614380442, -0.00635796366259, 0.017065724358, -0.00354013382457, 0.00296578672715, -0.00676741823554, 0.0066437763162], [-0.00126656913199, 0.00414399104193, -0.00141894456465, 0.00446659885347, -0.00450470624492, 0.00504439277574, -0.002496952191, -0.00168563285843, -0.00354013382457, 0.0185114052147, -0.00971397850662, 0.00663865311071, -0.00339180813171], [0.00131541478913, -0.00364613416605, 0.00285248365253, -0.00501959212124, 0.00442073913291, -0.00621358538046, 0.00146782735828, 0.00123413815163, 0.00296578672715, -0.00971397850662, 0.0223363693804, -0.00823567900807, 0.0035372916609], [-0.000283530651359, 0.00426492094994, -0.00535177858546, 0.00727591617033, -0.00339212571271, 0.00197215029038, -0.00228395569138, 0.00565912667662, -0.00676741823554, 0.00663865311071, -0.00823567900807, 0.0238712299615, -0.00921305082738], [0.00161789963022, -0.0035324152559, 0.00422878656536, -0.00395277375355, 0.0027909737546, -0.00233928998932, 0.000717140908819, -0.00373811670579, 0.0066437763162, -0.00339180813171, 0.0035372916609, -0.00921305082738, 0.0229320377111]]
    },
    "melbands": {
        "dmean": [0.00050802383339, 0.000813989550807, 0.000559904205147, 0.000505959673319, 0.000244040653342, 0.000127265113406, 0.000143917000969, 0.000222422575462, 0.000105303959572, 0.00012030734797, 9.34315175982e-05, 8.02789363661e-05, 0.000109521170089, 4.53194043075e-05, 2.56356797763e-05, 2.45733554038e-05, 3.23029162246e-05, 2.27694436035e-05, 3.51619819412e-05, 2.03498111659e-05, 1.98949237529e-05, 1.08157883005e-05, 6.73379827276e-06, 1.01241512311e-05, 8.38635969558e-06, 9.27569180931e-06, 9.77840682026e-06, 8.73203134688e-06, 9.30502483243e-06, 6.27736289971e-06, 3.8768862396e-06, 3.59024852514e-06, 3.047033033e-06, 4.10609163737e-06, 4.45665500592e-06, 2.91257629215e-06, 2.68322969532e-06, 1.97665781343e-06, 1.41141470067e-06, 1.14860893063e-06],
        "dmean2": [0.000849975622259, 0.00137590442318, 0.00097128393827, 0.000843507179525, 0.000376038049581, 0.000204470183235, 0.000229795783525, 0.000353511422873, 0.000159723378601, 0.000179453607416, 0.000140540636494, 0.000122949000797, 0.00016239292745, 7.00349846738e-05, 3.82174839615e-05, 3.80243109248e-05, 4.58839531348e-05, 3.48749745172e-05, 5.69801086385e-05, 3.20734761772e-05, 3.32214876835e-05, 1.78388891072e-05, 1.11116687549e-05, 1.68576298165e-05, 1.37233955684e-05, 1.45641524796e-05, 1.48961835293e-05, 1.3013388525e-05, 1.36866847242e-05, 9.61859768722e-06, 6.12603071204e-06, 5.86431633565e-06, 5.0424073379e-06, 6.65230800223e-06, 7.03755949871e-06, 4.50736570201e-06, 4.22712537329e-06, 2.99831845041e-06, 2.08397182178e-06, 1.75876709818e-06],
        "dvar": [1.06725360638e-06, 2.72249803857e-06, 9.73776195679e-07, 7.64551771226e-07, 1.80271158001e-07, 5.87690429654e-08, 4.81522803852e-08, 1.34262222673e-07, 5.3711602277e-08, 5.81042876036e-08, 4.8553612686e-08, 2.49778153716e-08, 5.94600315651e-08, 5.96243943107e-09, 4.07123845747e-09, 2.50225951071e-09, 6.96229829344e-09, 2.82652345973e-09, 2.75114553361e-09, 1.22961185678e-09, 7.22225390604e-10, 2.60139465524e-10, 6.54894888319e-11, 2.35043901009e-10, 1.62922758618e-10, 2.22111079529e-10, 3.29858168557e-10, 2.62559918252e-10, 5.44490785792e-10, 2.21587331817e-10, 8.00117125332e-11, 7.16308332094e-11, 3.4145162392e-11, 1.70887706763e-10, 2.28870658536e-10, 7.04659594564e-11, 3.70244702952e-11, 1.60853327186e-11, 7.98438485466e-12, 7.28462342531e-12],
        "dvar2": [2.74284457191e-06, 7.18274441169e-06, 2.75724619314e-06, 2.04518300961e-06, 4.30319460065e-07, 1.24471768004e-07, 1.24114180267e-07, 3.20512356211e-07, 1.1642210751e-07, 1.18979443187e-07, 1.16397480099e-07, 5.65730040591e-08, 1.22753334608e-07, 1.20973702167e-08, 7.85403830861e-09, 5.69733549227e-09, 1.05437809594e-08, 6.06301497896e-09, 6.46172804153e-09, 2.90522650381e-09, 2.01951122492e-09, 6.21922457977e-10, 1.73889347366e-10, 6.01277250212e-10, 3.61598084808e-10, 5.49639223024e-10, 7.47093775733e-10, 5.46106548871e-10, 1.02028041571e-09, 4.42321151928e-10, 1.79968387415e-10, 1.92911311925e-10, 8.52531656381e-11, 4.24425466994e-10, 5.55498647081e-10, 1.37724234794e-10, 8.55374382436e-11, 3.29730479032e-11, 1.61858634135e-11, 1.5981199003e-11],
        "max": [0.0109717361629, 0.0150910774246, 0.00876091513783, 0.00936430785805, 0.00790469907224, 0.00551254535094, 0.00280630635098, 0.00557629717514, 0.00563448481262, 0.00459491321817, 0.0042722383514, 0.00244951364584, 0.00435340916738, 0.00166771467775, 0.00210168375634, 0.00113552866969, 0.00248622032814, 0.000933387258556, 0.000863187015057, 0.000577380124014, 0.000370803696569, 0.000351773138391, 0.000108442021883, 0.000160625102581, 0.00028539847699, 0.000312310206937, 0.000420116033638, 0.000356942095095, 0.000468223472126, 0.000299130944768, 0.000264267466264, 0.00016945876996, 0.000107817751996, 0.000249133910984, 0.000248083175393, 0.000163852586411, 9.1554793471e-05, 6.08329901297e-05, 5.36699881195e-05, 5.17846201546e-05],
        "mean": [0.000867132970598, 0.00139899761416, 0.000792863196693, 0.000942705606576, 0.000610835617408, 0.000263924477622, 0.000283407222014, 0.0004253712832, 0.000241734684096, 0.000252866622759, 0.000199702073587, 0.000169297956745, 0.000218521076022, 8.66469927132e-05, 4.84538104502e-05, 4.72400824947e-05, 6.5181098762e-05, 3.82162725145e-05, 6.22457664576e-05, 3.6475568777e-05, 3.72030954168e-05, 2.17973974941e-05, 1.345198325e-05, 1.93880168808e-05, 1.89602942555e-05, 2.09560075746e-05, 2.10260077438e-05, 2.08377186937e-05, 2.06128606806e-05, 1.2931074707e-05, 7.47029480408e-06, 6.36833283352e-06, 6.30242266197e-06, 6.87863166604e-06, 7.47868079998e-06, 5.55087990506e-06, 4.9683180805e-06, 3.78440586246e-06, 2.74617718787e-06, 2.17303909267e-06],
        "median": [0.000513996870723, 0.000851751770824, 0.000461445946712, 0.000482288713101, 0.00034370450885, 0.000181479161256, 0.000189478203538, 0.000246795418207, 7.33135966584e-05, 0.000117186245916, 8.96763740457e-05, 7.02009347151e-05, 8.1136226072e-05, 4.58070644527e-05, 2.00314443646e-05, 2.72741999652e-05, 2.85848218482e-05, 1.81491413969e-05, 3.77042852051e-05, 2.2848482331e-05, 2.2935515517e-05, 1.49201323438e-05, 1.0471870155e-05, 1.32541545099e-05, 1.28373285406e-05, 1.20073200378e-05, 1.08389376692e-05, 8.67737617227e-06, 6.9948177952e-06, 5.72101998841e-06, 4.22803213951e-06, 4.02728574045e-06, 4.04373804486e-06, 3.52145661964e-06, 3.59998807653e-06, 2.96554185297e-06, 2.79575715467e-06, 2.22323228627e-06, 1.62013873251e-06, 1.27237990455e-06],
        "min": [1.30229700517e-05, 3.20462677337e-05, 6.72588066664e-06, 7.51801508159e-06, 5.88006878388e-06, 6.53552160657e-06, 6.92645608069e-06, 2.49974937105e-06, 1.06057143512e-06, 2.70632676802e-06, 3.15003717333e-06, 1.92671859622e-06, 3.63415074389e-06, 1.45482022162e-06, 4.53198197192e-07, 1.02781996247e-06, 1.52639006501e-06, 1.4565418951e-06, 1.55651719069e-06, 1.659267582e-06, 1.51100675794e-06, 1.22637561617e-06, 1.11085080334e-06, 1.44006116898e-06, 1.25125370687e-06, 9.11260485736e-07, 8.70577935075e-07, 5.7538056808e-07, 2.51362934023e-07, 4.32087396973e-08, 2.53235867831e-07, 1.39914334341e-07, 1.31803517434e-07, 7.81721851695e-08, 5.29976773578e-08, 6.56269083521e-09, 1.55508637079e-08, 1.76850907252e-08, 1.32985817913e-08, 9.03124242058e-09],
