{
"highlevel": {
    "danceability": {
        "all": {
            "danceable": 0.999930143356,
            "not_danceable": 6.98749354342e-05
        },
        "probability": 0.999930143356,
        "value": "danceable"
    },
    "gender": {
        "all": {
            "female": 0.771407067776,
            "male": 0.228592932224
        },
        "probability": 0.771407067776,
        "value": "female"
    },
    "genre_dortmund": {
        "all": {
            "alternative": 0.0055572418496,
            "blues": 0.00608377670869,
            "electronic": 0.0287374090403,
            "folkcountry": 0.0193479489535,
            "funksoulrnb": 0.0174680314958,
            "jazz": 0.0317796058953,
            "pop": 0.0539171919227,
            "raphiphop": 0.832619786263,
            "rock": 0.00448898086324
        },
        "probability": 0.832619786263,
        "value": "raphiphop"
    },
    "genre_electronic": {
        "all": {
            "ambient": 0.254028022289,
            "dnb": 0.0721978917718,
            "house": 0.435100734234,
            "techno": 0.0213247444481,
            "trance": 0.217348605394
        },
        "probability": 0.435100734234,
        "value": "house"
    },
    "genre_rosamerica": {
        "all": {
            "cla": 0.00589871266857,
            "dan": 0.0451452322304,
            "hip": 0.246032297611,
            "jaz": 0.0118621010333,
            "pop": 0.256750792265,
            "rhy": 0.413453817368,
            "roc": 0.0153967933729,
            "spe": 0.00546026043594
        },
        "probability": 0.413453817368,
        "value": "rhy"
    },
    "genre_tzanetakis": {
        "all": {
            "blu": 0.0626613423228,
            "cla": 0.0348169617355,
            "cou": 0.104475811124,
            "dis": 0.0784321576357,
            "hip": 0.15692435205,
            "jaz": 0.313974827528,
            "met": 0.0448166541755,
            "pop": 0.0627359300852,
            "reg": 0.0627360641956,
            "roc": 0.0784258767962
        },
        "probability": 0.313974827528,
        "value": "jaz"
    },
    "ismir04_rhythm": {
        "all": {
            "ChaChaCha": 0.104962915182,
            "Jive": 0.0816392600536,
            "Quickstep": 0.0274283271283,
            "Rumba-American": 0.0285456031561,
            "Rumba-International": 0.150963172317,
            "Rumba-Misc": 0.0628728345037,
            "Samba": 0.504746794701,
            "Tango": 0.00975688174367,
            "VienneseWaltz": 0.0157062541693,
            "Waltz": 0.0133779700845
        },
        "probability": 0.504746794701,
        "value": "Samba"
    },
    "mood_acoustic": {
        "all": {
            "acoustic": 0.25336509943,
            "not_acoustic": 0.74663490057
        },
        "probability": 0.74663490057,
        "value": "not_acoustic"
    },
    "mood_aggressive": {
        "all": {
            "aggressive": 0.125180378556,
            "not_aggressive": 0.874819636345
        },
        "probability": 0.874819636345,
        "value": "not_aggressive"
    },
    "mood_electronic": {
        "all": {
            "electronic": 0.809354305267,
            "not_electronic": 0.190645679832
        },
        "probability": 0.809354305267,
        "value": "electronic"
    },
    "mood_happy": {
        "all": {
            "happy": 0.457342684269,
            "not_happy": 0.542657315731
        },
        "probability": 0.542657315731,
        "value": "not_happy"
    },
    "mood_party": {
        "all": {
            "not_party": 0.545431554317,
            "party": 0.45456841588
        },
        "probability": 0.545431554317,
        "value": "not_party"
    },
    "mood_relaxed": {
        "all": {
            "not_relaxed": 0.287304759026,
            "relaxed": 0.712695240974
        },
        "probability": 0.712695240974,
        "value": "relaxed"
    },
    "mood_sad": {
        "all": {
            "not_sad": 0.223600015044,
            "sad": 0.776399970055
        },
        "probability": 0.776399970055,
        "value": "sad"
    },
    "moods_mirex": {
        "all": {
            "Cluster1": 0.217012152076,
            "Cluster2": 0.265242904425,
            "Cluster3": 0.137418568134,
            "Cluster4": 0.145094975829,
            "Cluster5": 0.235231384635
        },
        "probability": 0.265242904425,
        "value": "Cluster2"
    },
    "timbre": {
        "all": {
            "bright": 0.997159063816,
            "dark": 0.00284094363451
        },
        "probability": 0.997159063816,
        "value": "bright"
    },
    "tonal_atonal": {
        "all": {
            "atonal": 0.0154944499955,
            "tonal": 0.984505534172
        },
        "probability": 0.984505534172,
        "value": "tonal"
    },
    "voice_instrumental": {
        "all": {
            "instrumental": 0.0143704097718,
            "voice": 0.985629618168
        },
        "probability": 0.985629618168,
        "value": "voice"
    }
},
"lowlevel": {
    "average_loudness": 0.976288437843,
    "barkbands_crest": {
        "dmean": 3.48332214355,
        "dmean2": 5.58557844162,
        "dvar": 11.5762414932,
        "dvar2": 26.1639118195,
        "max": 26.2026500702,
        "mean": 14.7231225967,
        "median": 13.9161758423,
        "min": 3.51801133156,
        "var": 32.0185279846
    },
    "barkbands_flatness_db": {
        "dmean": 0.0363486930728,
        "dmean2": 0.0542110614479,
        "dvar": 0.00138373160735,
        "dvar2": 0.00306971650571,
        "max": 0.501250982285,
        "mean": 0.204869627953,
        "median": 0.193508714437,
        "min": 0.0685408934951,
        "var": 0.005271371454
    },
    "barkbands_kurtosis": {
        "dmean": 12.4148263931,
        "dmean2": 18.9135360718,
        "dvar": 932.735412598,
        "dvar2": 2198.65087891,
        "max": 616.30267334,
        "mean": 16.5448665619,
        "median": 5.86057949066,
        "min": -1.82529520988,
        "var": 1225.9597168
    },
    "barkbands_skewness": {
        "dmean": 1.17358148098,
        "dmean2": 1.70643913746,
        "dvar": 2.01058888435,
        "dvar2": 4.31536960602,
        "max": 21.3767127991,
        "mean": 2.67713665962,
        "median": 2.02040481567,
        "min": -4.42357444763,
        "var": 5.55532503128
    },
    "barkbands_spread": {
        "dmean": 7.12366342545,
        "dmean2": 11.0993251801,
        "dvar": 82.264503479,
        "dvar2": 192.462173462,
        "max": 96.2877807617,
        "mean": 16.9779548645,
        "median": 14.6279144287,
        "min": 0.247722685337,
        "var": 176.020767212
    },
    "dissonance": {
        "dmean": 0.0354535169899,
        "dmean2": 0.0587252117693,
        "dvar": 0.00094243651256,
        "dvar2": 0.00257427734323,
        "max": 0.49999153614,
        "mean": 0.433296173811,
        "median": 0.440869480371,
        "min": 0.207381755114,
        "var": 0.00176996842492
    },
    "dynamic_complexity": 3.38359308243,
    "erbbands_crest": {
        "dmean": 3.98813724518,
        "dmean2": 6.48911046982,
        "dvar": 12.7685422897,
        "dvar2": 31.4355354309,
        "max": 30.0516681671,
        "mean": 12.5117502213,
        "median": 11.4703893661,
        "min": 3.53828954697,
        "var": 28.9078369141
    },
    "erbbands_flatness_db": {
        "dmean": 0.0248780492693,
        "dmean2": 0.0374141670763,
        "dvar": 0.000523492286447,
        "dvar2": 0.00109037233051,
        "max": 0.372886538506,
        "mean": 0.15872952342,
        "median": 0.155407130718,
        "min": 0.0706313699484,
        "var": 0.00192638114095
    },
    "erbbands_kurtosis": {
        "dmean": 2.20394039154,
        "dmean2": 3.46075439453,
        "dvar": 6.90656805038,
        "dvar2": 15.9299201965,
        "max": 27.0852813721,
        "mean": 2.85143780708,
        "median": 1.87031745911,
        "min": -1.78280556202,
        "var": 13.762055397
    },
    "erbbands_skewness": {
        "dmean": 0.597227573395,
        "dmean2": 0.897871136665,
        "dvar": 0.336674004793,
        "dvar2": 0.744616448879,
        "max": 4.55892324448,
        "mean": 1.0056271553,
        "median": 1.05785131454,
        "min": -3.73868727684,
        "var": 1.05354690552
    },
    "erbbands_spread": {
        "dmean": 12.4375247955,
        "dmean2": 19.2177391052,
        "dvar": 221.139801025,
        "dvar2": 535.123535156,
        "max": 162.841278076,
        "mean": 34.6514968872,
        "median": 29.7907466888,
        "min": 2.98911190033,
        "var": 427.248352051
    },
    "hfc": {
        "dmean": 13.8536558151,
        "dmean2": 21.9009075165,
        "dvar": 490.110839844,
        "dvar2": 1274.1541748,
        "max": 207.702484131,
        "mean": 22.757232666,
        "median": 15.1512317657,
        "min": 0.0464846119285,
        "var": 596.554504395
    },
    "melbands_crest": {
        "dmean": 4.11623239517,
        "dmean2": 6.21744823456,
        "dvar": 16.2350616455,
        "dvar2": 34.7866744995,
        "max": 37.4896621704,
        "mean": 20.7926139832,
        "median": 20.1698036194,
        "min": 3.79638624191,
        "var": 70.0513458252
    },
    "melbands_flatness_db": {
        "dmean": 0.0456246249378,
        "dmean2": 0.0649181380868,
        "dvar": 0.00220489106141,
        "dvar2": 0.00473462697119,
        "max": 0.647753298283,
        "mean": 0.271256268024,
        "median": 0.261637836695,
        "min": 0.0291807614267,
        "var": 0.00984757952392
    },
    "melbands_kurtosis": {
        "dmean": 27.6729640961,
        "dmean2": 45.0324554443,
        "dvar": 3259.38842773,
        "dvar2": 8241.36425781,
        "max": 581.305053711,
        "mean": 34.6453552246,
        "median": 11.1159410477,
        "min": -1.79257631302,
        "var": 3940.25048828
    },
    "melbands_skewness": {
        "dmean": 1.60767757893,
        "dmean2": 2.44983553886,
        "dvar": 3.98907423019,
        "dvar2": 9.1804857254,
        "max": 18.0271701813,
        "mean": 3.58596730232,
        "median": 2.49200439453,
        "min": -1.53866136074,
        "var": 9.64696979523
    },
    "melbands_spread": {
        "dmean": 7.58218622208,
        "dmean2": 11.6173725128,
        "dvar": 180.13079834,
        "dvar2": 400.743774414,
        "max": 190.880554199,
        "mean": 16.5489044189,
        "median": 12.0771484375,
        "min": 0.377015888691,
        "var": 397.711914062
    },
    "pitch_salience": {
        "dmean": 0.103018097579,
        "dmean2": 0.158564865589,
        "dvar": 0.0115860803053,
        "dvar2": 0.0266314297915,
        "max": 0.884155631065,
        "mean": 0.433390051126,
        "median": 0.449581980705,
        "min": 0.0436500497162,
        "var": 0.0338322371244
    },
    "silence_rate_20dB": {
        "dmean": 0,
        "dmean2": 0,
        "dvar": 0,
        "dvar2": 0,
        "max": 1,
        "mean": 1,
        "median": 1,
        "min": 1,
        "var": 0
    },
    "silence_rate_30dB": {
        "dmean": 0.0758513957262,
        "dmean2": 0.151820287108,
        "dvar": 0.0700972899795,
        "dvar2": 0.139616578817,
        "max": 1,
        "mean": 0.908739387989,
        "median": 1,
        "min": 0,
        "var": 0.0829329192638
    },
    "silence_rate_60dB": {
        "dmean": 0.030959751457,
        "dmean2": 0.0619674660265,
        "dvar": 0.0300013516098,
        "dvar2": 0.0674223080277,
        "max": 1,
        "mean": 0.0363495759666,
        "median": 0,
        "min": 0,
        "var": 0.0350276529789
    },
    "spectral_centroid": {
        "dmean": 301.381347656,
        "dmean2": 454.069458008,
        "dvar": 177730.625,
        "dvar2": 343692.09375,
        "max": 6102.22509766,
        "mean": 1094.47253418,
        "median": 972.877990723,
        "min": 141.380203247,
        "var": 490574.6875
    },
    "spectral_complexity": {
        "dmean": 3.91563463211,
        "dmean2": 5.80635166168,
        "dvar": 25.1885967255,
        "dvar2": 56.5666770935,
        "max": 44,
        "mean": 12.3696832657,
        "median": 11,
        "min": 0,
        "var": 51.8989448547
    },
    "spectral_decrease": {
        "dmean": 6.10887163077e-09,
        "dmean2": 9.69267865969e-09,
        "dvar": 1.32968568784e-16,
        "dvar2": 3.38574950885e-16,
        "max": -3.11729565772e-11,
        "mean": -1.13975637817e-08,
        "median": -8.96861873656e-09,
        "min": -7.67016601344e-08,
        "var": 1.52924982659e-16
    },
    "spectral_energy": {
        "dmean": 0.0240749772638,
        "dmean2": 0.0381707586348,
        "dvar": 0.00196593115106,
        "dvar2": 0.00500414613634,
        "max": 0.295389890671,
        "mean": 0.0450811646879,
        "median": 0.0349755883217,
        "min": 0.000121870129078,
        "var": 0.00227697240189
    },
    "spectral_energyband_high": {
        "dmean": 0.00079623167403,
        "dmean2": 0.00129700091202,
        "dvar": 2.61916352429e-06,
        "dvar2": 6.84154838382e-06,
        "max": 0.017110997811,
        "mean": 0.00104516872671,
        "median": 0.000450037186965,
        "min": 1.58234357173e-07,
        "var": 2.96594203064e-06
    },
    "spectral_energyband_low": {
        "dmean": 0.0162704754621,
        "dmean2": 0.0261728689075,
        "dvar": 0.00140266970266,
        "dvar2": 0.00363023113459,
        "max": 0.245502158999,
        "mean": 0.0280851460993,
        "median": 0.01773792319,
        "min": 3.19052944064e-08,
        "var": 0.00158907775767
    },
    "spectral_energyband_middle_high": {
        "dmean": 0.00361060909927,
        "dmean2": 0.00574902631342,
        "dvar": 5.0763523177e-05,
        "dvar2": 0.000133717010613,
        "max": 0.0526730529964,
        "mean": 0.00482294755057,
        "median": 0.00183421827387,
        "min": 7.02577017364e-06,
        "var": 5.64780166314e-05
    },
    "spectral_energyband_middle_low": {
        "dmean": 0.0103112561628,
        "dmean2": 0.0178027097136,
        "dvar": 0.000496672699228,
        "dvar2": 0.00140204408672,
        "max": 0.140753880143,
        "mean": 0.0123341521248,
        "median": 0.00592096429318,
        "min": 6.12097719568e-05,
        "var": 0.000354778429028
    },
    "spectral_entropy": {
        "dmean": 0.298129230738,
        "dmean2": 0.44975605607,
        "dvar": 0.0903473570943,
        "dvar2": 0.19817186892,
        "max": 8.71630573273,
        "mean": 7.28801774979,
        "median": 7.25845909119,
        "min": 5.85900497437,
        "var": 0.24561496079
    },
    "spectral_flux": {
        "dmean": 0.0529482029378,
        "dmean2": 0.0825880244374,
        "dvar": 0.0054854885675,
        "dvar2": 0.00885826628655,
        "max": 0.49252474308,
        "mean": 0.10995119065,
        "median": 0.0789050161839,
        "min": 0.00399416126311,
        "var": 0.0101190032437
    },
    "spectral_kurtosis": {
        "dmean": 2.22995901108,
        "dmean2": 3.33016705513,
        "dvar": 7.5671787262,
        "dvar2": 15.7864046097,
        "max": 33.6029891968,
        "mean": 5.44266319275,
        "median": 4.45444917679,
        "min": -1.00100195408,
        "var": 20.1031932831
    },
    "spectral_rms": {
        "dmean": 0.0015466863988,
        "dmean2": 0.00232338020578,
        "dvar": 5.09291248818e-06,
        "dvar2": 1.1754688785e-05,
        "max": 0.0169760193676,
        "mean": 0.0058643175289,
        "median": 0.00584144890308,
        "min": 0.000344815431163,
        "var": 9.59144108492e-06
    },
    "spectral_rolloff": {
        "dmean": 527.080627441,
        "dmean2": 892.519470215,
        "dvar": 1366965.25,
        "dvar2": 2949879,
        "max": 11197.265625,
        "mean": 1014.52801514,
        "median": 602.9296875,
        "min": 43.06640625,
        "var": 2673906.5
    },
    "spectral_skewness": {
        "dmean": 0.333055704832,
        "dmean2": 0.49474042654,
        "dvar": 0.12023281306,
        "dvar2": 0.242638841271,
        "max": 4.89169883728,
        "mean": 1.94865083694,
        "median": 1.90791583061,
        "min": -0.0688443332911,
        "var": 0.423415273428
    },
    "spectral_spread": {
        "dmean": 1126054.25,
        "dmean2": 1648832,
        "dvar": 1.47707553382e+12,
        "dvar2": 2.8873940009e+12,
        "max": 16624830,
        "mean": 5930956.5,
        "median": 5855013.5,
        "min": 1390070.375,
        "var": 3.86595055206e+12
    },
    "spectral_strongpeak": {
        "dmean": 0.471215486526,
        "dmean2": 0.750514507294,
        "dvar": 0.706679165363,
        "dvar2": 1.70930922031,
        "max": 6.1688990593,
        "mean": 0.883497595787,
        "median": 0.456203281879,
        "min": 0,
        "var": 1.21806359291
    },
    "zerocrossingrate": {
        "dmean": 0.0136019587517,
        "dmean2": 0.0156983751804,
        "dvar": 0.000305591674987,
        "dvar2": 0.000305928697344,
        "max": 0.36962890625,
        "mean": 0.0496921539307,
        "median": 0.04248046875,
        "min": 0.001953125,
        "var": 0.00183016376104
    },
    "barkbands": {
        "dmean": [0.000731717620511, 0.0112427063286, 0.00551715632901, 0.00283457315527, 0.00231618946418, 0.00141393044032, 0.000609240552876, 0.00224786647595, 0.0025294481311, 0.00101535022259, 0.00122429232579, 0.000810591911431, 0.000489617581479, 0.00023246150522, 0.000371419184376, 0.000212230545003, 0.000139449432027, 0.000134011614136, 0.000103057667729, 9.67855667113e-05, 9.71165500232e-05, 0.000110145643703, 0.000137936658575, 0.000175390814547, 0.000202060269658, 0.000131021617563, 6.08929884294e-09],
        "dmean2": [0.00106234033592, 0.0174128338695, 0.0104498183355, 0.00550579279661, 0.00425646780059, 0.00247228052467, 0.00100730359554, 0.00346487527713, 0.00397203955799, 0.00157629884779, 0.00201218877919, 0.00142622680869, 0.000816270243376, 0.00040176147013, 0.000589204311837, 0.00033145584166, 0.00021923793247, 0.000222247661441, 0.000175005887286, 0.000161869160365, 0.000168515573023, 0.000183215190191, 0.000223153692787, 0.000292935030302, 0.000339633697877, 0.000216381580685, 1.07295372587e-08],
        "dvar": [4.54713335785e-06, 0.000558160303626, 0.000429330364568, 0.000127295250422, 5.85824273003e-05, 1.13618671094e-05, 1.51722372266e-06, 2.8511720302e-05, 3.78182958229e-05, 5.65681602893e-06, 9.8798691397e-06, 5.19576087754e-06, 1.86675049463e-06, 4.62322645944e-07, 7.56176348204e-07, 2.15670652892e-07, 5.05749149227e-08, 7.23116428958e-08, 3.58354803609e-08, 4.04238242879e-08, 5.42943716653e-08, 6.57224603628e-08, 7.92970169528e-08, 1.12291147047e-07, 2.12195416793e-07, 7.54020348381e-08, 2.26858123758e-15],
        "dvar2": [1.02871808849e-05, 0.00151239498518, 0.0012286992278, 0.000373078597477, 0.000171961437445, 3.12839765684e-05, 3.95886809201e-06, 6.50832080282e-05, 8.26367831905e-05, 1.24435282487e-05, 2.54940605373e-05, 1.44109217217e-05, 4.69334509035e-06, 1.23192603496e-06, 1.7991576442e-06, 4.8867843816e-07, 1.2187049947e-07, 1.81471676797e-07, 9.81414842727e-08, 1.06544561618e-07, 1.53628207045e-07, 1.5581932189e-07, 1.73036525553e-07, 2.82768894522e-07, 5.52986421098e-07, 1.98422725362e-07, 5.54630651708e-15],
        "max": [0.0340707488358, 0.190224170685, 0.13545280695, 0.0737876147032, 0.0584282875061, 0.0252063721418, 0.0109017202631, 0.0720370337367, 0.0639957711101, 0.0332522243261, 0.029744900763, 0.0195158217102, 0.0211888737977, 0.00800773221999, 0.00933000259101, 0.00764101743698, 0.00213195593096, 0.00259481323883, 0.00159857620019, 0.00195542280562, 0.00230766762979, 0.00325959990732, 0.00311575783417, 0.0048826332204, 0.00505647761747, 0.00279529090039, 1.08897961582e-06],
        "mean": [0.00178420625161, 0.0220745000988, 0.00331422965974, 0.00163568847347, 0.002069640439, 0.00144192250445, 0.000700674194377, 0.00301849050447, 0.00290268985555, 0.00125972239766, 0.00122786557768, 0.000681779230945, 0.000484352960484, 0.000249781442108, 0.000433855428128, 0.000235384461121, 0.000200069072889, 0.000153502871399, 0.000126768165501, 0.000111565976113, 0.000109182445158, 0.000118512682093, 0.000171693725861, 0.000197457586182, 0.00022634184279, 0.000151322354213, 4.32909885717e-09],
        "median": [0.000401586701628, 0.0134765310213, 0.000159911534865, 7.86641612649e-05, 0.00075745297363, 0.000326505833073, 0.000189501224668, 0.000607423193287, 0.000336398748914, 0.000216555024963, 0.000140340154758, 9.70155888353e-05, 6.58524440951e-05, 3.57151475328e-05, 5.17665030202e-05, 4.66691417387e-05, 6.68573920848e-05, 3.70602137991e-05, 5.28038654011e-05, 2.9761249607e-05, 3.68815781258e-05, 1.65750880115e-05, 3.89413544326e-05, 5.71385498915e-05, 8.01087662694e-05, 6.21985527687e-05, 4.51674669888e-10],
        "min": [3.5409510879e-09, 6.97635327285e-09, 4.8617874171e-09, 2.32621388818e-08, 2.71943918051e-06, 5.77951539071e-07, 1.14419449915e-07, 2.99904655776e-07, 4.12311351283e-07, 6.75813510043e-07, 1.82103192969e-07, 5.69160931718e-07, 3.44352571346e-07, 1.62628936096e-07, 1.06940859723e-07, 2.53081765322e-07, 8.66681304501e-08, 3.37324621569e-08, 3.47114088584e-08, 4.00975643799e-08, 5.84055581676e-10, 5.9290056198e-10, 2.3829403728e-11, 2.4521345024e-11, 7.03078706366e-11, 9.38638142906e-12, 1.10596505912e-11],
        "var": [9.60169018072e-06, 0.000804143084679, 0.000241590110818, 6.71147572575e-05, 3.33997923008e-05, 1.00022843981e-05, 1.62331230058e-06, 4.15794238506e-05, 5.37696942047e-05, 8.63344212121e-06, 9.73652186076e-06, 3.74133878722e-06, 1.78715163202e-06, 4.88201692406e-07, 1.03583022337e-06, 2.66806978289e-07, 9.26401995116e-08, 7.85555869243e-08, 3.93017245415e-08, 4.2326984584e-08, 4.58582682938e-08, 8.99202490245e-08, 1.39733842275e-07, 1.34331855861e-07, 1.96012720721e-07, 7.15104064852e-08, 1.54246679635e-15]
    },
    "erbbands": {
        "dmean": [0.381133615971, 2.41693806648, 5.54373788834, 9.31645107269, 7.26483058929, 8.15081691742, 10.8622121811, 11.1971940994, 9.43227672577, 15.1483268738, 57.7945594788, 62.7931556702, 35.4923362732, 29.79164505, 59.7233200073, 28.980670929, 21.9363594055, 14.0205287933, 20.3017978668, 14.5276737213, 8.698387146, 6.17455720901, 6.51604747772, 7.80974197388, 3.36617612839, 4.7386636734, 4.24782657623, 3.40920162201, 3.632396698, 4.66177034378, 3.87007641792, 3.0763297081, 3.27445793152, 2.38922715187, 1.44980585575, 0.796117842197, 0.195611789823, 0.0128587083891, 0.000262660701992, 3.96010291297e-05],
        "dmean2": [0.549563288689, 3.99843454361, 10.2464828491, 17.9270610809, 14.0090579987, 14.7776460648, 18.9722194672, 19.4856510162, 15.384680748, 24.240940094, 89.122215271, 96.4680862427, 55.4538154602, 47.2444229126, 99.5875930786, 49.4559211731, 36.248008728, 23.266002655, 32.3422927856, 22.3659915924, 13.7193126678, 9.55353832245, 10.5768280029, 12.9176073074, 5.72373056412, 7.93884658813, 7.24706506729, 5.88717365265, 6.04474496841, 7.71756792068, 6.25400781631, 5.33269548416, 5.33379364014, 3.9619102478, 2.44510817528, 1.33218646049, 0.322541743517, 0.0216195136309, 0.000436454894952, 6.30183349131e-05],
        "dvar": [0.577912092209, 34.2544364929, 383.545440674, 1330.46289062, 781.38293457, 705.80682373, 765.183166504, 744.130859375, 372.401885986, 1451.58374023, 18031.1542969, 22497.4472656, 9105.77441406, 4116.55615234, 25334.0859375, 6128.33349609, 4031.70849609, 1005.01086426, 2787.50952148, 950.729492188, 383.648376465, 104.228996277, 144.037796021, 248.784805298, 46.6657409668, 103.282661438, 105.275650024, 70.3656768799, 75.9193344116, 98.6861953735, 62.166343689, 62.414390564, 30.9759674072, 23.1760635376, 12.038435936, 2.76368975639, 0.203553184867, 0.000830629316624, 3.22897165006e-07, 4.24959623047e-09],
        "dvar2": [1.20302224159, 97.8481216431, 1073.09643555, 3869.52099609, 2290.76318359, 2070.60693359, 2149.29882812, 1996.68762207, 975.503112793, 3386.4621582, 39327.3828125, 45794.4804688, 20303.6328125, 9672.72460938, 67212.328125, 16693.5195312, 10179.7587891, 2557.98901367, 6850.25634766, 1958.78564453, 959.863586426, 244.686218262, 340.978027344, 662.867370605, 128.220581055, 272.775085449, 297.445770264, 190.877731323, 177.651885986, 224.503463745, 135.0859375, 164.7918396, 73.8020401001, 59.4291687012, 31.0691661835, 7.20834684372, 0.54041415453, 0.00206178985536, 8.18832631921e-07, 1.0960882868e-08],
        "max": [7.38143444061, 48.1081352234, 137.204299927, 245.179840088, 179.165008545, 229.935501099, 282.288543701, 215.374710083, 169.289672852, 967.768127441, 1988.56420898, 1662.08618164, 1890.85424805, 768.518493652, 1493.71923828, 866.49395752, 1088.65698242, 314.000518799, 571.489379883, 534.980529785, 339.905822754, 115.378135681, 119.41709137, 164.360946655, 60.0172691345, 111.363883972, 113.691818237, 88.1396713257, 96.4818267822, 105.386390686, 93.1605224609, 109.875457764, 76.1432113647, 47.5133018494, 36.9593353271, 19.0515441895, 5.69230699539, 0.332721114159, 0.00618667993695, 0.000481440103613],
        "mean": [0.925769329071, 3.75916361809, 4.09175300598, 5.42064285278, 4.65879917145, 7.67514848709, 11.6182899475, 11.582493782, 11.132024765, 21.5215854645, 76.3883666992, 77.6026535034, 45.442150116, 33.5653953552, 59.4648399353, 27.340631485, 22.4975280762, 15.9443159103, 22.3927192688, 18.2587490082, 11.2394647598, 8.81598186493, 8.77734184265, 9.44172763824, 4.16501760483, 5.59699296951, 4.94885921478, 3.8281211853, 3.87458610535, 5.37320232391, 4.76458930969, 3.14789056778, 3.85767149925, 2.64869022369, 1.58824431896, 0.873554348946, 0.232118204236, 0.0157094877213, 0.000341864506481, 7.1013244451e-05],
        "median": [0.413502931595, 1.75242328644, 0.427413076162, 0.283225536346, 0.61209833622, 2.70926642418, 4.37408018112, 2.18349766731, 3.2166185379, 6.82615804672, 16.3316650391, 11.9604787827, 8.25739002228, 6.42474365234, 8.37627506256, 5.91709375381, 3.71123218536, 3.18253040314, 3.00619125366, 3.34087538719, 2.89660692215, 3.39475917816, 2.67226338387, 3.56382465363, 1.94022810459, 1.45107769966, 1.65284585953, 1.05246448517, 0.562820196152, 0.948978483677, 1.10350584984, 0.71054649353, 1.20111763477, 0.836757779121, 0.489271014929, 0.279878288507, 0.104733467102, 0.00677830912173, 0.000173624735908, 5.16645595781e-05],
        "min": [8.31478587315e-07, 4.52861286249e-06, 6.46141143079e-06, 5.90047711739e-05, 0.000533908838406, 0.00536644458771, 0.0126333907247, 0.00584028288722, 0.00703730527312, 0.0285923555493, 0.0548246093094, 0.0191592685878, 0.0266265198588, 0.0198477655649, 0.0234179273248, 0.0268074609339, 0.0150432027876, 0.0114728407934, 0.0109053673223, 0.0150906601921, 0.0238476004452, 0.00488741323352, 0.00177343457472, 0.00290891947225, 0.00163278763648, 0.00157545751426, 0.000535419734661, 0.000551661010832, 0.000199908492505, 1.99223504751e-05, 2.39278415393e-06, 3.55013366971e-06, 4.30713816968e-06, 2.97701217278e-06, 2.02462592824e-06, 9.92882633e-07, 5.80216863e-07, 5.40733395837e-08, 8.80707418105e-08, 1.38534019811e-07],
        "var": [1.39265847206, 34.1307830811, 231.362289429, 716.790649414, 414.352050781, 415.339263916, 588.52911377, 748.822143555, 394.915679932, 2103.55639648, 27750.1933594, 36156.4179688, 12962.140625, 5646.3359375, 23197.5273438, 4945.01367188, 3823.78027344, 1285.0814209, 3173.79711914, 1888.73486328, 470.883300781, 173.841873169, 202.395599365, 257.403015137, 42.6058502197, 108.857887268, 88.3699493408, 70.8807144165, 104.540542603, 149.512176514, 108.907592773, 60.1378593445, 43.4757118225, 24.1323604584, 10.9251451492, 2.5935561657, 0.190049499273, 0.0009421625291, 3.5038635815e-07, 4.96739271938e-09]
    },
    "gfcc": {
        "mean": [-17.2126560211, 79.3151321411, -88.6364364624, 13.633518219, -58.2499923706, 25.4848937988, -32.5845375061, 29.5054340363, -20.1165447235, 14.9491176605, -12.4233961105, 8.54727649689, -5.71981239319],
        "cov": [[7169, -2169.7265625, -416.98840332, 26.5987262726, -309.103118896, 669.856567383, -241.448379517, 646.014404297, -113.517440796, 100.86516571, -314.011230469, 185.954315186, -217.847167969], [-2169.7265625, 2091.59741211, 358.6590271, 102.642852783, 458.302642822, -99.5737915039, 334.266265869, -269.879943848, 191.815856934, -81.5345001221, 227.677459717, -140.841186523, 134.113296509], [-416.98840332, 358.6590271, 1187.47692871, 315.30758667, 232.426834106, 153.242752075, 71.391166687, 60.2688369751, 93.938911438, 78.6135025024, 64.0664215088, 55.9826507568, -56.2693328857], [26.5987262726, 102.642852783, 315.30758667, 543.860900879, 140.110305786, 42.8331184387, 79.4690551758, -13.4356555939, 115.351501465, 25.4056510925, 79.7459182739, 0.980667471886, 51.7620315552], [-309.103118896, 458.302642822, 232.426834106, 140.110305786, 564.445556641, 151.556167603, 143.094924927, 129.292297363, 110.288085938, 76.898979187, 78.5791931152, -17.0112628937, 40.5819015503], [669.856567383, -99.5737915039, 153.242752075, 42.8331184387, 151.556167603, 393.454559326, 114.38495636, 117.059455872, 64.8589324951, 54.7096366882, 36.5968437195, 26.2826862335, -1.27827739716], [-241.448379517, 334.266265869, 71.391166687, 79.4690551758, 143.094924927, 114.38495636, 261.905761719, 25.6405410767, 90.6668930054, 34.1943740845, 83.7423706055, 11.4318447113, 45.3380355835], [646.014404297, -269.879943848, 60.2688369751, -13.4356555939, 129.292297363, 117.059455872, 25.6405410767, 352.631622314, 106.962280273, 87.8904724121, -10.8384408951, 43.8985023499, 5.95262622833], [-113.517440796, 191.815856934, 93.938911438, 115.351501465, 110.288085938, 64.8589324951, 90.6668930054, 106.962280273, 277.563781738, 55.573513031, 58.2383308411, 11.8344926834, 51.2317733765], [100.86516571, -81.5345001221, 78.6135025024, 25.4056510925, 76.898979187, 54.7096366882, 34.1943740845, 87.8904724121, 55.573513031, 167.874328613, 42.3222045898, 28.0018024445, 26.6773452759], [-314.011230469, 227.677459717, 64.0664215088, 79.7459182739, 78.5791931152, 36.5968437195, 83.7423706055, -10.8384408951, 58.2383308411, 42.3222045898, 172.582366943, 25.9057273865, 49.1280784607], [185.954315186, -140.841186523, 55.9826507568, 0.980667471886, -17.0112628937, 26.2826862335, 11.4318447113, 43.8985023499, 11.8344926834, 28.0018024445, 25.9057273865, 124.984062195, 15.223449707], [-217.847167969, 134.113296509, -56.2693328857, 51.7620315552, 40.5819015503, -1.27827739716, 45.3380355835, 5.95262622833, 51.2317733765, 26.6773452759, 49.1280784607, 15.223449707, 141.996704102]],
        "icov": [[0.00035782912164, -9.92003770079e-05, 0.000338649988407, -0.000488264020532, 0.000364739476936, -0.00080628687283, 0.000410742330132, -0.000678459298797, 0.000332949392032, -0.000217809327296, 0.00051089329645, -0.000526639341842, 0.000541140907444], [-9.92003770079e-05, 0.00201816670597, -0.000959973898716, 0.00135436130222, -0.00156428525224, 0.00149397633504, -0.00190093566198, 0.00187199644279, -0.0013256885577, 0.00162971473765, -0.00152463326231, 0.00208561378531, -0.00146742374636], [0.000338649988407, -0.000959973898716, 0.00190221553203, -0.00163992098533, 0.000634770898614, -0.00153815362137, 0.00126350100618, -0.00123726413585, 0.000742930045817, -0.00121767842211, 0.0010412853444, -0.00195794715546, 0.00204137363471], [-0.000488264020532, 0.00135436130222, -0.00163992098533, 0.00398120563477, -0.00162176182494, 0.00194343610201, -0.00171686720569, 0.00236114533618, -0.00194036390167, 0.00148325564805, -0.0019738546107, 0.0021986796055, -0.00233058491722], [0.000364739476936, -0.00156428525224, 0.000634770898614, -0.00162176182494, 0.00408982392401, -0.00212290207855, 0.000914954638574, -0.0027600186877, 0.00128092314117, -0.00167440820951, 0.000991017441265, -0.000774732383434, 0.00110795150977], [-0.00080628687283, 0.00149397633504, -0.00153815362137, 0.00194343610201, -0.00212290207855, 0.00602881144732, -0.00329554779455, 0.00179585977457, -0.00145480956417, 0.00126680068206, -0.00206292793155, 0.00214196718298, -0.00155706319492], [0.000410742330132, -0.00190093566198, 0.00126350100618, -0.00171686720569, 0.000914954638574, -0.00329554779455, 0.00778416870162, -0.00176827888936, 0.000455377536127, -0.00148478290066, 0.00022810306109, -0.00247699720785, 0.00115094857756], [-0.000678459298797, 0.00187199644279, -0.00123726413585, 0.00236114533618, -0.0027600186877, 0.00179585977457, -0.00176827888936, 0.00714565534145, -0.00322281569242, 0.000188607329619, -0.00077257695375, 0.0011984212324, -0.00182377698366], [0.000332949392032, -0.0013256885577, 0.000742930045817, -0.00194036390167, 0.00128092314117, -0.00145480956417, 0.000455377536127, -0.00322281569242, 0.00630312785506, -0.00151093129534, 0.000609825365245, -0.00115722825285, 0.00029794301372], [-0.000217809327296, 0.00162971473765, -0.00121767842211, 0.00148325564805, -0.00167440820951, 0.00126680068206, -0.00148478290066, 0.000188607329619, -0.00151093129534, 0.00915171951056, -0.00282606692053, 0.00122432678472, -0.0022682256531], [0.00051089329645, -0.00152463326231, 0.0010412853444, -0.0019738546107, 0.000991017441265, -0.00206292793155, 0.00022810306109, -0.00077257695375, 0.000609825365245, -0.00282606692053, 0.0100551564246, -0.00364750484005, 0.000236785461311], [-0.000526639341842, 0.00208561378531, -0.00195794715546, 0.0021986796055, -0.000774732383434, 0.00214196718298, -0.00247699720785, 0.0011984212324, -0.00115722825285, 0.00122432678472, -0.00364750484005, 0.0122296893969, -0.00323547981679], [0.000541140907444, -0.00146742374636, 0.00204137363471, -0.00233058491722, 0.00110795150977, -0.00155706319492, 0.00115094857756, -0.00182377698366, 0.00029794301372, -0.0022682256531, 0.000236785461311, -0.00323547981679, 0.0108789810911]]
    },
    "melbands": {
        "dmean": [0.00323836016469, 0.00291734188795, 0.00155832211021, 0.00052760966355, 0.000376343086828, 0.000253234844422, 0.000138468574733, 0.000212683691643, 0.000485706579639, 0.000391115667298, 0.000172505926457, 0.000117371673696, 0.000188718637219, 0.000119930613437, 4.54242654087e-05, 4.87736797368e-05, 2.4031913199e-05, 3.29035210598e-05, 2.13117546082e-05, 1.99362475541e-05, 9.90937951428e-06, 6.78774904372e-06, 6.42749546387e-06, 7.42746487958e-06, 6.77079151501e-06, 2.52915265264e-06, 2.56279486166e-06, 3.58339843842e-06, 2.75561387753e-06, 2.51924802797e-06, 1.85367809991e-06, 1.92944435184e-06, 2.57779947788e-06, 2.7285343549e-06, 2.42861324296e-06, 2.01646048481e-06, 1.85119699836e-06, 2.2063313736e-06, 2.52825270763e-06, 1.9719420834e-06],
        "dmean2": [0.00484583294019, 0.00508661521599, 0.00299853691831, 0.00098814163357, 0.000661696714815, 0.000440616335254, 0.000227182594244, 0.00033964519389, 0.000754267675802, 0.000601895444561, 0.000273243349511, 0.000186551784282, 0.00031420821324, 0.000207067059819, 7.65647491789e-05, 8.02476643003e-05, 4.12040390074e-05, 5.34317732672e-05, 3.34717260557e-05, 3.04264940496e-05, 1.60417275765e-05, 1.07361738628e-05, 1.01994428405e-05, 1.24385351228e-05, 1.12343786896e-05, 4.3683144213e-06, 4.28120347351e-06, 5.98046926825e-06, 4.6336840569e-06, 4.3950340114e-06, 3.17445801556e-06, 3.19117134495e-06, 4.30958289144e-06, 4.50528523288e-06, 3.948871381e-06, 3.37711958309e-06, 3.2689508771e-06, 3.62407149623e-06, 4.18890476794e-06, 3.30428952111e-06],
        "dvar": [4.04998245358e-05, 7.47645026422e-05, 3.69846529793e-05, 3.47786567545e-06, 9.99889834929e-07, 3.73548743937e-07, 7.8900697531e-08, 3.07936289801e-07, 1.15760406061e-06, 1.00077090792e-06, 2.29108280791e-07, 6.98831144064e-08, 2.53123943139e-07, 1.02983115369e-07, 1.44529872514e-08, 2.03029983936e-08, 3.62687702093e-09, 8.04547450883e-09, 2.14807527321e-09, 1.79633408148e-09, 5.34539357222e-10, 1.40066500065e-10, 1.36425731823e-10, 2.22795795701e-10, 1.89524840266e-10, 2.36183711477e-11, 4.14231669799e-11, 6.51348142089e-11, 3.8504265748e-11, 4.07808023462e-11, 2.07607559616e-11, 2.22833279606e-11, 4.45627632017e-11, 3.26860587208e-11, 2.39162994964e-11, 2.5026836506e-11, 2.38978177525e-11, 1.57005883988e-11, 1.77860608186e-11, 2.05095020828e-11],
        "dvar2": [0.000101090619864, 0.000202416616958, 0.00010760652367, 1.0210182154e-05, 2.85153510049e-06, 1.01686657672e-06, 2.05347362225e-07, 7.5698181945e-07, 2.52423251368e-06, 2.10929920286e-06, 5.09721360231e-07, 1.61736977589e-07, 6.62355091663e-07, 2.84712456278e-07, 3.86962604182e-08, 4.93759166886e-08, 9.46010203506e-09, 2.02641796676e-08, 4.88405760279e-09, 3.78343756324e-09, 1.35930400269e-09, 3.41182138097e-10, 3.02574076905e-10, 5.84809700666e-10, 5.02596853025e-10, 6.61888530096e-11, 1.08375156072e-10, 1.72923203534e-10, 1.06693466562e-10, 1.15460321859e-10, 5.47320834487e-11, 5.16742794388e-11, 1.11045436735e-10, 7.46952430464e-11, 5.26545473889e-11, 6.25463639214e-11, 6.3819900753e-11, 3.76614434083e-11, 4.33256555632e-11, 5.37785579957e-11],
        "max": [0.0510444715619, 0.0604402646422, 0.0401265621185, 0.014074950479, 0.0104958377779, 0.00419288920239, 0.00246403017081, 0.013437282294, 0.0155932493508, 0.0117569006979, 0.00937586836517, 0.0033033976797, 0.00476298294961, 0.00266754813492, 0.00174695777241, 0.00189273583237, 0.000612879055552, 0.000885357381776, 0.000601804931648, 0.000775727501605, 0.000440896692453, 0.000143478435348, 0.000142914504977, 0.000114606322313, 0.000141879121657, 3.8170535845e-05, 8.93404285307e-05, 8.86124034878e-05, 6.38609271846e-05, 6.68773936923e-05, 4.85744203615e-05, 5.91536590946e-05, 0.000114587382996, 5.61404704058e-05, 6.19002748863e-05, 6.65343904984e-05, 6.95800699759e-05, 5.66376183997e-05, 3.54152289219e-05, 4.86294266011e-05],
        "mean": [0.00705729005858, 0.00311268819496, 0.000910163100343, 0.000421369855758, 0.000411936780438, 0.000257290404988, 0.000158405615366, 0.000294555124128, 0.000633886666037, 0.000457841204479, 0.000214796236833, 0.000127207764308, 0.000183736046893, 0.000110221182695, 4.52614585811e-05, 4.72730898764e-05, 2.65844810201e-05, 3.46938759321e-05, 2.52177687798e-05, 2.28054832405e-05, 1.2296280147e-05, 9.43823943089e-06, 8.42088866193e-06, 8.440273632e-06, 7.83587347541e-06, 3.16311025017e-06, 2.70890336651e-06, 4.06238541473e-06, 3.16979594572e-06, 2.66349047706e-06, 1.99432770387e-06, 1.96620680981e-06, 2.67406630883e-06, 3.14324711326e-06, 2.95496624858e-06, 2.12897452911e-06, 1.7794118321e-06, 2.49377899308e-06, 2.91228775495e-06, 2.04757520805e-06],
        "median": [0.0039443122223, 0.000747775717173, 5.05433308717e-05, 0.000122688550618, 0.000160931900609, 5.11738362547e-05, 4.12525478168e-05, 7.69793696236e-05, 0.000130454223836, 5.67301249248e-05, 3.17035410262e-05, 1.98548095796e-05, 2.13713319681e-05, 1.85370608961e-05, 1.0934247257e-05, 5.47421086594e-06, 4.07326751883e-06, 4.02410796596e-06, 3.34435117111e-06, 4.00366980102e-06, 2.4976950499e-06, 2.95223480862e-06, 2.50760467679e-06, 1.94739209292e-06, 2.48567494054e-06, 1.14808540275e-06, 9.00025952433e-07, 8.10212327451e-07, 9.16493434033e-07, 8.06063383152e-07, 3.74025916017e-07, 2.27302862754e-07, 3.51379071617e-07, 5.46228875464e-07, 6.86548446538e-07, 4.17987536139e-07, 3.31219695227e-07, 7.31999421077e-07, 8.01721625976e-07, 5.81308540859e-07],
        "min": [3.06696978924e-09, 3.4985059294e-09, 1.08611306615e-08, 1.33379359113e-07, 6.05879733939e-07, 1.07989080789e-07, 6.5081565026e-08, 8.44827070523e-08, 3.43112645851e-07, 7.68098971093e-08, 9.55108347966e-08, 7.8744740506e-08, 3.06486640511e-08, 8.69779981372e-08, 4.46349339711e-08, 2.31038974619e-08, 1.13471765317e-08, 1.24214647457e-08, 6.27313223589e-09, 1.46924445943e-08, 1.79225985164e-08, 3.97920496553e-09, 2.15711759566e-09, 1.55001567137e-09, 1.94336835513e-09, 7.72349892375e-11, 7.94252386083e-10, 3.65780850053e-10, 4.49200843189e-10, 1.20096502187e-11, 1.71370112545e-10, 7.07335622366e-12, 6.34529158817e-13, 8.89711413809e-14, 3.92366342325e-13, 4.10305036475e-13, 6.60591983133e-14, 2.66237471522e-13, 4.02284434063e-13, 3.84501729501e-13],
