{
"highlevel": {
    "danceability": {
        "all": {
            "danceable": 0.0637194216251,
            "not_danceable": 0.936280608177
        },
        "probability": 0.936280608177,
        "value": "not_danceable"
    },
    "gender": {
        "all": {
            "female": 0.0293965376914,
            "male": 0.970603466034
        },
        "probability": 0.970603466034,
        "value": "male"
    },
    "genre_dortmund": {
        "all": {
            "alternative": 0.179637461901,
            "blues": 0.0440450869501,
            "electronic": 0.0189411733299,
            "folkcountry": 0.141169443727,
            "funksoulrnb": 0.0115901222453,
            "jazz": 0.0108159119263,
            "pop": 0.0658339112997,
            "raphiphop": 0.000707348051947,
            "rock": 0.527259528637
        },
        "probability": 0.527259528637,
        "value": "rock"
    },
    "genre_electronic": {
        "all": {
            "ambient": 0.383175641298,
            "dnb": 0.239919066429,
            "house": 0.0526386499405,
            "techno": 0.0254135448486,
            "trance": 0.298853099346
        },
        "probability": 0.383175641298,
        "value": "ambient"
    },
    "genre_rosamerica": {
        "all": {
            "cla": 0.00446990597993,
            "dan": 0.000653971976135,
            "hip": 0.000209318532143,
            "jaz": 0.000918278004974,
            "pop": 0.0136886928231,
            "rhy": 0.000605686975177,
            "roc": 0.979364991188,
            "spe": 8.91630115802e-05
        },
        "probability": 0.979364991188,
        "value": "roc"
    },
    "genre_tzanetakis": {
        "all": {
            "blu": 0.0626541376114,
            "cla": 0.0348133966327,
            "cou": 0.0783501937985,
            "dis": 0.104547761381,
            "hip": 0.15693578124,
            "jaz": 0.313987255096,
            "met": 0.044816005975,
            "pop": 0.0627349764109,
            "reg": 0.0627352520823,
            "roc": 0.0784252434969
        },
        "probability": 0.313987255096,
        "value": "jaz"
    },
    "ismir04_rhythm": {
        "all": {
            "ChaChaCha": 0.349109917879,
            "Jive": 0.152757123113,
            "Quickstep": 0.153782188892,
            "Rumba-American": 0.0151398396119,
            "Rumba-International": 0.0129967555404,
            "Rumba-Misc": 0.00721225189045,
            "Samba": 0.0509007424116,
            "Tango": 0.133175000548,
            "VienneseWaltz": 0.105367772281,
            "Waltz": 0.0195584110916
        },
        "probability": 0.349109917879,
        "value": "ChaChaCha"
    },
    "mood_acoustic": {
        "all": {
            "acoustic": 0.00764432409778,
            "not_acoustic": 0.992355704308
        },
        "probability": 0.992355704308,
        "value": "not_acoustic"
    },
    "mood_aggressive": {
        "all": {
            "aggressive": 0.929509282112,
            "not_aggressive": 0.0704907029867
        },
        "probability": 0.929509282112,
        "value": "aggressive"
    },
    "mood_electronic": {
        "all": {
            "electronic": 0.097101457417,
            "not_electronic": 0.902898550034
        },
        "probability": 0.902898550034,
        "value": "not_electronic"
    },
    "mood_happy": {
        "all": {
            "happy": 0.804752826691,
            "not_happy": 0.195247158408
        },
        "probability": 0.804752826691,
        "value": "happy"
    },
    "mood_party": {
        "all": {
            "not_party": 0.559569060802,
            "party": 0.440430939198
        },
        "probability": 0.559569060802,
        "value": "not_party"
    },
    "mood_relaxed": {
        "all": {
            "not_relaxed": 0.841523110867,
            "relaxed": 0.158476918936
        },
        "probability": 0.841523110867,
        "value": "not_relaxed"
    },
    "mood_sad": {
        "all": {
            "not_sad": 0.934006035328,
            "sad": 0.0659939646721
        },
        "probability": 0.934006035328,
        "value": "not_sad"
    },
    "moods_mirex": {
        "all": {
            "Cluster1": 0.479170590639,
            "Cluster2": 0.102295227349,
            "Cluster3": 0.0639549344778,
            "Cluster4": 0.07975166291,
            "Cluster5": 0.274827599525
        },
        "probability": 0.479170590639,
        "value": "Cluster1"
    },
    "timbre": {
        "all": {
            "bright": 0.999985456467,
            "dark": 1.45404865179e-05
        },
        "probability": 0.999985456467,
        "value": "bright"
    },
    "tonal_atonal": {
        "all": {
            "atonal": 0.000196097724256,
            "tonal": 0.999803900719
        },
        "probability": 0.999803900719,
        "value": "tonal"
    },
    "voice_instrumental": {
        "all": {
            "instrumental": 0.000183160416782,
            "voice": 0.999816834927
        },
        "probability": 0.999816834927,
        "value": "voice"
    }
},
"lowlevel": {
    "average_loudness": 0.979662060738,
    "barkbands_crest": {
        "dmean": 2.17506957054,
        "dmean2": 3.63468241692,
        "dvar": 5.71664905548,
        "dvar2": 15.2718639374,
        "max": 21.7907009125,
        "mean": 7.36319828033,
        "median": 6.4990901947,
        "min": 2.39408063889,
        "var": 10.2875318527
    },
    "barkbands_flatness_db": {
        "dmean": 0.0148737188429,
        "dmean2": 0.0237968061119,
        "dvar": 0.000235359591898,
        "dvar2": 0.000592563941609,
        "max": 0.297471493483,
        "mean": 0.106315463781,
        "median": 0.0982263088226,
        "min": 0.0460935719311,
        "var": 0.0012302424293
    },
    "barkbands_kurtosis": {
        "dmean": 1.08390963078,
        "dmean2": 1.80778431892,
        "dvar": 3.80603337288,
        "dvar2": 9.76034164429,
        "max": 26.0194282532,
        "mean": 0.628155112267,
        "median": -0.201654434204,
        "min": -1.80101728439,
        "var": 7.87906169891
    },
    "barkbands_skewness": {
        "dmean": 0.356668174267,
        "dmean2": 0.573307573795,
        "dvar": 0.163372159004,
        "dvar2": 0.406565278769,
        "max": 4.50432348251,
        "mean": 0.908545196056,
        "median": 0.767753601074,
        "min": -0.564777076244,
        "var": 0.521345078945
    },
    "barkbands_spread": {
        "dmean": 5.0820555687,
        "dmean2": 8.01303386688,
        "dvar": 32.0313148499,
        "dvar2": 68.293838501,
        "max": 99.87084198,
        "mean": 29.3284721375,
        "median": 28.0143985748,
        "min": 2.76084971428,
        "var": 125.998443604
    },
    "dissonance": {
        "dmean": 0.0128342844546,
        "dmean2": 0.0214320402592,
        "dvar": 0.000132072003908,
        "dvar2": 0.000367173401173,
        "max": 0.499999910593,
        "mean": 0.472162306309,
        "median": 0.475185662508,
        "min": 0.374669492245,
        "var": 0.000327612477122
    },
    "dynamic_complexity": 1.37305474281,
    "erbbands_crest": {
        "dmean": 2.16964554787,
        "dmean2": 3.5856654644,
        "dvar": 5.10271215439,
        "dvar2": 13.0425758362,
        "max": 23.5403862,
        "mean": 7.30311584473,
        "median": 6.57668542862,
        "min": 2.6271572113,
        "var": 9.32944107056
    },
    "erbbands_flatness_db": {
        "dmean": 0.0136545654386,
        "dmean2": 0.0201320648193,
        "dvar": 0.000168278958881,
        "dvar2": 0.000326131033944,
        "max": 0.230668962002,
        "mean": 0.144110321999,
        "median": 0.144613340497,
        "min": 0.0756512507796,
        "var": 0.000743056822103
    },
    "erbbands_kurtosis": {
        "dmean": 0.452203184366,
        "dmean2": 0.731983304024,
        "dvar": 0.255398541689,
        "dvar2": 0.627901732922,
        "max": 7.92659854889,
        "mean": -0.180152729154,
        "median": -0.387079238892,
        "min": -1.46657443047,
        "var": 0.727378964424
    },
    "erbbands_skewness": {
        "dmean": 0.262712836266,
        "dmean2": 0.42076203227,
        "dvar": 0.0600097589195,
        "dvar2": 0.142583653331,
        "max": 2.20220041275,
        "mean": -0.00319569953717,
        "median": 0.0256493762136,
        "min": -1.99051189423,
        "var": 0.238495320082
    },
    "erbbands_spread": {
        "dmean": 5.42162275314,
        "dmean2": 8.19662857056,
        "dvar": 29.2178668976,
        "dvar2": 64.2814254761,
        "max": 94.9288406372,
        "mean": 35.4628562927,
        "median": 33.8781433105,
        "min": 12.3509635925,
        "var": 129.857086182
    },
    "hfc": {
        "dmean": 6.09564447403,
        "dmean2": 9.30283927917,
        "dvar": 46.1165237427,
        "dvar2": 102.783370972,
        "max": 86.4602890015,
        "mean": 30.9754772186,
        "median": 29.6187877655,
        "min": 0.99842351675,
        "var": 217.134552002
    },
    "melbands_crest": {
        "dmean": 2.92541742325,
        "dmean2": 4.88735675812,
        "dvar": 9.53520774841,
        "dvar2": 23.8234996796,
        "max": 29.0952568054,
        "mean": 11.8911046982,
        "median": 10.9422597885,
        "min": 4.06161212921,
        "var": 20.2823123932
    },
    "melbands_flatness_db": {
        "dmean": 0.0192123912275,
        "dmean2": 0.0308248754591,
        "dvar": 0.000438302377006,
        "dvar2": 0.00106979801785,
        "max": 0.409184128046,
        "mean": 0.153211817145,
        "median": 0.143158912659,
        "min": 0.0593039765954,
        "var": 0.00208208430558
    },
    "melbands_kurtosis": {
        "dmean": 2.96406269073,
        "dmean2": 4.9087562561,
        "dvar": 25.6246528625,
        "dvar2": 67.8246383667,
        "max": 63.2191238403,
        "mean": 5.39402914047,
        "median": 3.12430000305,
        "min": -1.24683380127,
        "var": 48.8363342285
    },
    "melbands_skewness": {
        "dmean": 0.483032077551,
        "dmean2": 0.783710241318,
        "dvar": 0.337694585323,
        "dvar2": 0.845673441887,
        "max": 6.53720188141,
        "mean": 1.92519330978,
        "median": 1.75446009636,
        "min": 0.125956356525,
        "var": 0.986732840538
    },
    "melbands_spread": {
        "dmean": 6.77201414108,
        "dmean2": 10.8041419983,
        "dvar": 49.5201072693,
        "dvar2": 117.247940063,
        "max": 90.189201355,
        "mean": 32.4797668457,
        "median": 32.0752487183,
        "min": 2.2210252285,
        "var": 168.735015869
    },
    "pitch_salience": {
        "dmean": 0.0604242011905,
        "dmean2": 0.100535206497,
        "dvar": 0.00322543177754,
        "dvar2": 0.0086616659537,
        "max": 0.796782433987,
        "mean": 0.570778846741,
        "median": 0.579028844833,
        "min": 0.196748897433,
        "var": 0.00737953651696
    },
    "silence_rate_20dB": {
        "dmean": 0,
        "dmean2": 0,
        "dvar": 0,
        "dvar2": 0,
        "max": 1,
        "mean": 1,
        "median": 1,
        "min": 1,
        "var": 0
    },
    "silence_rate_30dB": {
        "dmean": 0,
        "dmean2": 0,
        "dvar": 0,
        "dvar2": 0,
        "max": 1,
        "mean": 1,
        "median": 1,
        "min": 1,
        "var": 0
    },
    "silence_rate_60dB": {
        "dmean": 0,
        "dmean2": 0,
        "dvar": 0,
        "dvar2": 0,
        "max": 0,
        "mean": 0,
        "median": 0,
        "min": 0,
        "var": 0
    },
    "spectral_centroid": {
        "dmean": 209.766815186,
        "dmean2": 331.435394287,
        "dvar": 45438.578125,
        "dvar2": 112388.84375,
        "max": 3510.13696289,
        "mean": 1647.53674316,
        "median": 1668.7520752,
        "min": 299.032745361,
        "var": 178900.671875
    },
    "spectral_complexity": {
        "dmean": 3.54721355438,
        "dmean2": 5.60883045197,
        "dvar": 9.59917068481,
        "dvar2": 21.4682178497,
        "max": 57,
        "mean": 29.723897934,
        "median": 30,
        "min": 4,
        "var": 70.5802307129
    },
    "spectral_decrease": {
        "dmean": 1.96192662116e-09,
        "dmean2": 3.08255443393e-09,
        "dvar": 6.4405068315e-18,
        "dvar2": 1.54346294018e-17,
        "max": -2.13277617789e-09,
        "mean": -7.94565480078e-09,
        "median": -7.54086304511e-09,
        "min": -2.30483205854e-08,
        "var": 9.99862754512e-18
    },
    "spectral_energy": {
        "dmean": 0.00768837705255,
        "dmean2": 0.0120402975008,
        "dvar": 9.38990342547e-05,
        "dvar2": 0.000222466507694,
        "max": 0.0908657163382,
        "mean": 0.0327982679009,
        "median": 0.0313053540885,
        "min": 0.00833159685135,
        "var": 0.000159143528435
    },
    "spectral_energyband_high": {
        "dmean": 0.000384324084735,
        "dmean2": 0.000578443985432,
        "dvar": 4.89672800086e-07,
        "dvar2": 9.92044306258e-07,
        "max": 0.00917746499181,
        "mean": 0.00110934663098,
        "median": 0.000850007927511,
        "min": 1.88749834251e-06,
        "var": 1.46460865835e-06
    },
    "spectral_energyband_low": {
        "dmean": 0.00484314141795,
        "dmean2": 0.00807078834623,
        "dvar": 6.98870426277e-05,
        "dvar2": 0.000175328343175,
        "max": 0.0746026113629,
        "mean": 0.0101360781118,
        "median": 0.00824463553727,
        "min": 0.000670178793371,
        "var": 7.16706708772e-05
    },
    "spectral_energyband_middle_high": {
        "dmean": 0.00232351198792,
        "dmean2": 0.00358197605237,
        "dvar": 7.2750617619e-06,
        "dvar2": 1.54863028001e-05,
        "max": 0.033496491611,
        "mean": 0.00969338044524,
        "median": 0.00818810146302,
        "min": 0.000101607234683,
        "var": 3.64675106539e-05
    },
    "spectral_energyband_middle_low": {
        "dmean": 0.00459902686998,
        "dmean2": 0.00717763230205,
        "dvar": 4.83168914798e-05,
        "dvar2": 0.000118503718113,
        "max": 0.0774046257138,
        "mean": 0.0130876936018,
        "median": 0.0112362671643,
        "min": 0.00120840931777,
        "var": 6.97258292348e-05
    },
    "spectral_entropy": {
        "dmean": 0.0978176295757,
        "dmean2": 0.145849987864,
        "dvar": 0.0124696455896,
        "dvar2": 0.0258119143546,
        "max": 8.67440032959,
        "mean": 7.74849700928,
        "median": 7.75341415405,
        "min": 6.62123155594,
        "var": 0.0615782774985
    },
    "spectral_flux": {
        "dmean": 0.0226365942508,
        "dmean2": 0.0351420640945,
        "dvar": 0.000592236872762,
        "dvar2": 0.00124289514497,
        "max": 0.266020923853,
        "mean": 0.0923150032759,
        "median": 0.0843235328794,
        "min": 0.0134133324027,
        "var": 0.00144932267722
    },
    "spectral_kurtosis": {
        "dmean": 1.10056638718,
        "dmean2": 1.83865070343,
        "dvar": 1.2651758194,
        "dvar2": 3.53504872322,
        "max": 14.1355724335,
        "mean": 4.00319814682,
        "median": 3.83205127716,
        "min": -1.04739236832,
        "var": 3.15846562386
    },
    "spectral_rms": {
        "dmean": 0.000628586101811,
        "dmean2": 0.000974415917881,
        "dvar": 4.95796655287e-07,
        "dvar2": 1.13389569378e-06,
        "max": 0.00941538531333,
        "mean": 0.00555837340653,
        "median": 0.00552646443248,
        "min": 0.00285103265196,
        "var": 1.10278574539e-06
    },
    "spectral_rolloff": {
        "dmean": 456.51461792,
        "dmean2": 751.543823242,
        "dvar": 465932.6875,
        "dvar2": 941916.125,
        "max": 8354.8828125,
        "mean": 1885.5267334,
        "median": 1787.25585938,
        "min": 86.1328125,
        "var": 1295875.25
    },
    "spectral_skewness": {
        "dmean": 0.158578574657,
        "dmean2": 0.252962291241,
        "dvar": 0.0229258835316,
        "dvar2": 0.0569092594087,
        "max": 2.99015116692,
        "mean": 1.43663406372,
        "median": 1.42974686623,
        "min": 0.32917919755,
        "var": 0.0802169293165
    },
    "spectral_spread": {
        "dmean": 417304.78125,
        "dmean2": 599909.3125,
        "dvar": 249486524416,
        "dvar2": 476458483712,
        "max": 11681565,
        "mean": 4190838.75,
        "median": 3994651.25,
        "min": 2122186.75,
        "var": 1.14094820557e+12
    },
    "spectral_strongpeak": {
        "dmean": 0.642921030521,
        "dmean2": 1.11375975609,
        "dvar": 1.23462295532,
        "dvar2": 3.05643367767,
        "max": 11.1276578903,
        "mean": 0.955746889114,
        "median": 0.375796437263,
        "min": 0,
        "var": 1.74825155735
    },
    "zerocrossingrate": {
        "dmean": 0.00816283840686,
        "dmean2": 0.00979853048921,
        "dvar": 7.774662663e-05,
        "dvar2": 8.68112983881e-05,
        "max": 0.2294921875,
        "mean": 0.0670958086848,
        "median": 0.06494140625,
        "min": 0.01123046875,
        "var": 0.000616428442299
    },
    "barkbands": {
        "dmean": [0.000233596962062, 0.00371143687516, 0.00130924035329, 0.00164649134967, 0.00127350795083, 0.000992654589936, 0.000736870395485, 0.00129813782405, 0.00123898917809, 0.000834405422211, 0.000541081943084, 0.000309117516736, 0.000581596745178, 0.000611555180512, 0.000589110713918, 0.000519166234881, 0.000561879365705, 0.000246681884164, 0.000215203355765, 0.000212520113564, 0.000107066931378, 7.57595771574e-05, 0.000106524319563, 7.49690298107e-05, 4.0485709178e-05, 2.69563333859e-05, 6.46789288794e-08],
        "dmean2": [0.000378198368708, 0.00617235153913, 0.00224440405145, 0.00271702930331, 0.00214702589437, 0.00154165935237, 0.00120496412273, 0.00207559927367, 0.00193104380742, 0.00126293289941, 0.0008338970365, 0.000506384007167, 0.000931161863264, 0.000976677751169, 0.000943226914387, 0.000870839576237, 0.000910751288757, 0.000408813153626, 0.000352829287294, 0.000336575641995, 0.000180838440428, 0.0001232388895, 0.000158632494276, 0.000111481938802, 6.21996878181e-05, 4.2012972699e-05, 1.10543709297e-07],
        "dvar": [4.64849478021e-07, 5.52083984076e-05, 4.08237247029e-06, 2.10503185372e-05, 4.76131981486e-06, 1.7856151544e-06, 1.40067515986e-06, 6.12520352661e-06, 6.97078303347e-06, 2.90829598271e-06, 1.1602091945e-06, 1.53524396751e-07, 1.07132586891e-06, 1.37642371101e-06, 1.23869710933e-06, 5.67685788155e-07, 6.28832367511e-07, 1.36720871069e-07, 6.50529301538e-08, 9.64931672343e-08, 4.75403538758e-08, 1.49933381266e-08, 8.67665974624e-08, 4.17628029936e-08, 5.86840753769e-09, 1.99338767715e-09, 2.01517439075e-14],
        "dvar2": [1.08157428258e-06, 0.000144821577123, 1.16940227599e-05, 5.52184210392e-05, 1.34142146635e-05, 3.95271717935e-06, 3.38375252795e-06, 1.5435856767e-05, 1.75779605343e-05, 6.85011491441e-06, 2.89670401799e-06, 3.79659638838e-07, 2.40254053097e-06, 3.39006783179e-06, 2.70828309112e-06, 1.4365214156e-06, 1.50609753291e-06, 3.61950100114e-07, 1.66863912909e-07, 2.25561947786e-07, 1.28984794401e-07, 3.47575408455e-08, 1.67272375506e-07, 7.94266057369e-08, 1.18474963173e-08, 4.97018826096e-09, 5.45672583724e-14],
        "max": [0.0077729630284, 0.0670482069254, 0.0237063560635, 0.0559351667762, 0.0217675175518, 0.022686297074, 0.0200740974396, 0.0303574744612, 0.0375021211803, 0.0265301223844, 0.0206989571452, 0.00375142786652, 0.0228549633175, 0.0169425494969, 0.0204267520458, 0.00822365935892, 0.010595199652, 0.00465792231262, 0.00275773834437, 0.00504095293581, 0.00496664363891, 0.00222891522571, 0.00439626537263, 0.00323551637121, 0.0016167878639, 0.000456950045191, 2.75807474281e-06],
        "mean": [0.000230479039601, 0.00604752963409, 0.00298033305444, 0.00186891865451, 0.00245880731381, 0.00235432572663, 0.00135632406455, 0.00212542223744, 0.00219654641114, 0.00144368980546, 0.00114283082075, 0.000555045553483, 0.00111731118523, 0.00117908196989, 0.0010255028028, 0.001011159271, 0.00123550463468, 0.000549900811166, 0.000513686041813, 0.000488217832753, 0.000247870193562, 0.000173519816599, 0.000215115185711, 0.000160076058819, 8.34438833408e-05, 3.76241150661e-05, 6.61716157424e-08],
        "median": [3.19408027281e-05, 0.00467385305092, 0.00221431138925, 0.000862584449351, 0.00182125694118, 0.00172552932054, 0.000913143681828, 0.00128536159173, 0.00135441380553, 0.000744607415982, 0.000459509465145, 0.000396903196815, 0.000662990030833, 0.000637179415207, 0.000616564531811, 0.000734631204978, 0.000905869761482, 0.000382906611776, 0.000401928846259, 0.000325803994201, 0.000161162577569, 0.000129707434098, 0.000114838396257, 7.53506028559e-05, 4.85624004796e-05, 2.08502042369e-05, 1.92709173064e-08],
        "min": [1.41544575172e-07, 5.34849859832e-05, 3.1942188798e-05, 7.85375959822e-06, 0.000109999404231, 8.50422111398e-06, 4.31942680734e-05, 4.40675648861e-06, 7.8995281001e-06, 1.26041513795e-05, 5.28772761754e-06, 2.72254101219e-06, 1.11949202619e-05, 6.02279897066e-06, 3.48566072716e-06, 3.10094037559e-06, 3.44222098647e-06, 9.62639433055e-07, 5.09213521127e-07, 1.66992424511e-06, 1.83263935583e-07, 2.31536930073e-07, 1.97771228727e-07, 7.01547548942e-08, 2.34836344815e-10, 4.18881682812e-12, 5.77033039406e-12],
        "var": [4.72189498169e-07, 4.98122644785e-05, 7.30092597223e-06, 1.71349838638e-05, 5.12597307534e-06, 4.84979000248e-06, 2.28422550208e-06, 8.21367302706e-06, 9.07263074623e-06, 4.76616014566e-06, 3.57055091627e-06, 3.16832483804e-07, 2.51637834481e-06, 2.87995680992e-06, 2.43738463723e-06, 1.04527259737e-06, 1.49457468979e-06, 3.35017489306e-07, 1.89120626715e-07, 2.44172667863e-07, 7.23315238815e-08, 3.18717994219e-08, 1.93758765477e-07, 1.23122433138e-07, 1.86970918747e-08, 2.72614752994e-09, 1.8731708418e-14]
    },
    "erbbands": {
        "dmean": [0.103510782123, 0.853495955467, 1.59681916237, 3.23233222961, 5.19867515564, 3.91693162918, 6.77109289169, 8.66085147858, 8.98310375214, 18.8267555237, 26.6475219727, 30.3728656769, 28.2136497498, 17.8429470062, 19.8485126495, 14.2236089706, 25.8547668457, 26.3640041351, 32.2467956543, 26.3534851074, 26.8337421417, 24.4154243469, 14.1768121719, 12.0640010834, 10.6826543808, 10.301402092, 5.5879073143, 3.35008168221, 2.5984108448, 2.72226214409, 3.22762298584, 2.00691604614, 1.14597213268, 0.57508289814, 0.259337872267, 0.144859194756, 0.0480644106865, 0.00380160077475, 7.57044690545e-05, 1.13296291602e-05],
        "dmean2": [0.170467212796, 1.46217465401, 2.75002980232, 5.31808233261, 8.89943408966, 6.40315389633, 10.8652973175, 13.4673147202, 14.1433477402, 30.5110015869, 42.6167564392, 46.8938980103, 42.9009590149, 27.8037033081, 31.1662254333, 22.7412586212, 41.6564331055, 42.1500053406, 51.0728302002, 42.1481781006, 44.5551223755, 39.427028656, 23.2179927826, 19.8803119659, 16.9385318756, 16.0020751953, 9.39265632629, 5.56600189209, 4.19359445572, 4.24045848846, 4.90569019318, 3.02359604836, 1.68954527378, 0.846356987953, 0.416623860598, 0.230935111642, 0.0763303562999, 0.00628630584106, 0.000121319601021, 1.75139539351e-05],
        "dvar": [0.0766986012459, 2.47676634789, 5.83480119705, 57.854598999, 217.171005249, 29.819272995, 110.43561554, 155.648880005, 154.03288269, 1030.88012695, 3862.96826172, 4686.95263672, 3950.87426758, 1585.65844727, 1700.91259766, 294.04977417, 2388.84692383, 1706.69287109, 3738.13964844, 2907.46508789, 1575.96484375, 1304.05944824, 369.683441162, 214.045059204, 191.59046936, 258.28326416, 149.395904541, 26.6542816162, 17.7316436768, 33.3735580444, 79.4126586914, 34.3318138123, 8.40477466583, 1.42325353622, 0.228869318962, 0.0611628703773, 0.0069692498073, 5.18924171047e-05, 1.77933152656e-08, 1.81032314139e-10],
        "dvar2": [0.185177952051, 6.89915990829, 16.8076992035, 151.771331787, 600.629577637, 79.2594833374, 276.047058105, 329.88381958, 382.886535645, 2444.66333008, 9670.43359375, 11688.2167969, 9226.43261719, 4446.97119141, 4283.04394531, 723.556396484, 5541.22802734, 4214.91748047, 8758.27832031, 6606.68017578, 4207.14501953, 3245.29736328, 993.046691895, 541.562255859, 459.176086426, 586.318237305, 407.688751221, 71.9393310547, 40.0879058838, 68.5876464844, 151.154647827, 67.8210525513, 15.8528165817, 2.58603215218, 0.575422465801, 0.153967902064, 0.0175373815, 0.000134287663968, 4.53168098602e-08, 4.21596230149e-10],
        "max": [2.77241635323, 13.0954990387, 27.2224903107, 90.6992492676, 163.05229187, 59.9402503967, 145.396789551, 281.368621826, 157.638748169, 336.252563477, 718.859680176, 1167.81408691, 1045.67456055, 602.922912598, 992.64453125, 226.116271973, 1071.38317871, 578.210510254, 1233.82336426, 1460.25476074, 482.356872559, 507.495513916, 281.259002686, 156.166885376, 172.511871338, 286.2734375, 305.31237793, 60.7604370117, 82.8265533447, 81.3080978394, 133.571685791, 96.832069397, 50.1601142883, 26.9557704926, 6.7394528389, 2.17510914803, 0.973826348782, 0.0762993842363, 0.00142668397166, 0.00013537023915],
        "mean": [0.140101969242, 1.45881986618, 3.69462370872, 4.83671188354, 6.32192611694, 8.23816680908, 14.7249774933, 20.1367321014, 19.4872074127, 33.7824249268, 44.6131286621, 56.1336746216, 49.3630218506, 36.445350647, 44.8851127625, 30.311044693, 52.3365097046, 56.0300941467, 60.5016136169, 52.4729499817, 61.271522522, 57.7089805603, 36.2342910767, 27.9847984314, 25.8999004364, 24.2183036804, 12.9301605225, 7.87687540054, 6.06911849976, 5.65345907211, 6.3599023819, 4.09156179428, 2.33484530449, 1.2066630125, 0.456556767225, 0.200631767511, 0.06656858325, 0.00476698204875, 0.000123644349515, 4.70245031465e-05],
        "median": [0.063091173768, 1.17447555065, 2.78159499168, 2.87680959702, 3.20532298088, 5.83806276321, 10.0484209061, 12.4948978424, 13.5647249222, 20.4993171692, 25.0057315826, 35.6540412903, 24.0141296387, 20.8503417969, 22.5817012787, 22.8835277557, 32.4958229065, 35.0587997437, 35.0753936768, 37.090045929, 46.8232345581, 43.2424888611, 27.1269607544, 22.2900524139, 18.6273555756, 15.6718034744, 9.16866588593, 5.9744348526, 4.64042425156, 3.8253223896, 3.30332303047, 1.94358706474, 1.09816372395, 0.645931124687, 0.281684994698, 0.109768651426, 0.035654194653, 0.00216462649405, 7.62550553191e-05, 4.46787889814e-05],
        "min": [0.000749293132685, 0.0263882596046, 0.196138754487, 0.090887144208, 0.181999787688, 0.317114651203, 0.347303181887, 0.118237189949, 0.715573847294, 0.790133416653, 0.316991686821, 0.202761203051, 0.254591137171, 0.270200818777, 0.272135943174, 0.258364498615, 0.990281522274, 0.890408217907, 0.490412563086, 0.163159281015, 0.243686854839, 0.13821837306, 0.047116342932, 0.0483685210347, 0.0536319352686, 0.0606555864215, 0.0138832228258, 0.0109815467149, 0.00761408405378, 0.00477557536215, 0.00496667949483, 0.0013743560994, 0.0011979022529, 0.000149455445353, 1.9991726731e-05, 1.06262968984e-05, 5.3302555898e-06, 9.45915871853e-07, 4.11744258599e-06, 9.06059267436e-06],
        "var": [0.0710757002234, 2.16942763329, 9.66206932068, 51.5825042725, 156.03276062, 55.6787796021, 241.09992981, 452.726257324, 363.862701416, 1656.90222168, 4909.79443359, 6119.46728516, 6578.86474609, 2623.94287109, 4664.44091797, 783.02545166, 5142.29980469, 3879.30249023, 7537.43066406, 5332.04394531, 3211.18798828, 3144.359375, 1156.83947754, 514.636535645, 590.760131836, 650.148132324, 204.235015869, 50.6889381409, 38.2915992737, 66.0719451904, 182.285873413, 84.6752319336, 25.9070777893, 5.19487953186, 0.414584487677, 0.0768932327628, 0.00955444946885, 6.62358361296e-05, 2.62229331582e-08, 3.96220528609e-10]
    },
    "gfcc": {
        "mean": [51.2743873596, 92.9150619507, -131.695037842, 37.1669502258, -56.4012832642, 18.8548145294, -40.8797912598, 16.9070472717, -19.4080982208, 5.19139432907, -15.42715168, -1.45830273628, -11.4582490921],
        "cov": [[1520.59020996, -802.022521973, -14.3440341949, -170.242263794, -165.059051514, 46.7139778137, -119.063217163, 88.757270813, -190.012481689, 153.995269775, -187.899810791, 103.92880249, -145.897247314], [-802.022521973, 684.178955078, -150.514160156, 60.1785583496, 127.553985596, -85.0560684204, 101.601837158, -61.241558075, 129.968597412, -115.291954041, 130.588592529, -78.8571395874, 113.754821777], [-14.3440341949, -150.514160156, 331.410614014, 28.6512756348, -7.29400873184, 51.3084831238, -40.3843345642, 16.3592243195, -18.8424682617, 52.8768424988, -41.2343673706, 35.6850776672, -51.3299026489], [-170.242263794, 60.1785583496, 28.6512756348, 186.441253662, 9.29399108887, 5.1097779274, -17.3405532837, -26.1665267944, 46.4031105042, -35.5684509277, 38.474773407, -10.7646684647, 47.7814178467], [-165.059051514, 127.553985596, -7.29400873184, 9.29399108887, 130.183853149, 0.349913835526, 50.1638412476, 12.5430650711, 21.6359958649, -6.47856998444, 19.6778907776, 7.13547182083, 15.1510858536], [46.7139778137, -85.0560684204, 51.3084831238, 5.1097779274, 0.349913835526, 118.574584961, 33.1111221313, 11.851140976, -3.44136095047, 15.9692258835, -3.69029355049, 2.38741660118, 1.87286770344], [-119.063217163, 101.601837158, -40.3843345642, -17.3405532837, 50.1638412476, 33.1111221313, 162.393005371, 13.1001052856, 10.6309013367, -5.23872661591, 21.3011779785, -21.3359489441, 2.32812070847], [88.757270813, -61.241558075, 16.3592243195, -26.1665267944, 12.5430650711, 11.851140976, 13.1001052856, 102.287010193, 15.1239089966, 28.7509250641, -12.3228340149, 2.09191060066, -9.15647220612], [-190.012481689, 129.968597412, -18.8424682617, 46.4031105042, 21.6359958649, -3.44136095047, 10.6309013367, 15.1239089966, 109.259635925, -16.7664451599, 32.9911842346, -16.5106525421, 40.5160102844], [153.995269775, -115.291954041, 52.8768424988, -35.5684509277, -6.47856998444, 15.9692258835, -5.23872661591, 28.7509250641, -16.7664451599, 86.9943008423, -10.5726509094, 19.7837696075, -26.1427650452], [-187.899810791, 130.588592529, -41.2343673706, 38.474773407, 19.6778907776, -3.69029355049, 21.3011779785, -12.3228340149, 32.9911842346, -10.5726509094, 91.2798156738, -6.56479692459, 38.7714538574], [103.92880249, -78.8571395874, 35.6850776672, -10.7646684647, 7.13547182083, 2.38741660118, -21.3359489441, 2.09191060066, -16.5106525421, 19.7837696075, -6.56479692459, 68.145401001, -2.98803424835], [-145.897247314, 113.754821777, -51.3299026489, 47.7814178467, 15.1510858536, 1.87286770344, 2.32812070847, -9.15647220612, 40.5160102844, -26.1427650452, 38.7714538574, -2.98803424835, 82.391708374]],
        "icov": [[0.00279020681046, 0.00214672111906, 0.00219389772974, 2.00370482162e-06, 0.000885406159796, -0.000169346705661, 0.000420340162236, -0.00088000705, 0.0010362121975, -0.00187340017874, 0.00214679865167, -0.00180693087168, 0.00089418765856], [0.00214672111906, 0.00885072164237, 0.000299289502436, 0.00292472238652, -0.00411826558411, 0.00488106254488, -0.00209490396082, 0.00302643398754, -0.00335467536934, 0.00319343502633, -0.00359660875984, 0.00450680125505, -0.0043674018234], [0.00219389772974, 0.000299289502436, 0.006696597673, -0.00250043720007, 0.00114872527774, -0.00308909127489, 0.00186787138227, -0.00143729906995, 0.00110052828677, -0.00423614261672, 0.00390844140202, -0.00419819587842, 0.00486342841759], [2.00370482162e-06, 0.00292472238652, -0.00250043720007, 0.00934102758765, -0.00217036437243, 0.00167977937963, 9.39096717048e-05, 0.00286799459718, -0.00341483694501, 0.00425215857103, -0.00414195051417, 0.00358616723679, -0.00522480299696], [0.000885406159796, -0.00411826558411, 0.00114872527774, -0.00217036437243, 0.0131360702217, -0.00226487638429, -0.00162986130454, -0.00382795697078, 0.00205443007872, -0.00283284764737, 0.0033486681059, -0.00698605226353, 0.00274633034132], [-0.000169346705661, 0.00488106254488, -0.00308909127489, 0.00167977937963, -0.00226487638429, 0.0140060838312, -0.00482803303748, 0.00199125194922, -0.00207116198726, 0.00202266569249, -0.00304531585425, 0.00430760718882, -0.00623222719878], [0.000420340162236, -0.00209490396082, 0.00186787138227, 9.39096717048e-05, -0.00162986130454, -0.00482803303748, 0.00972406566143, -0.00189776008483, 0.00151506508701, -0.00137795612682, 0.000160459108884, 0.000346794287907, 0.0034244984854], [-0.00088000705, 0.00302643398754, -0.00143729906995, 0.00286799459718, -0.00382795697078, 0.00199125194922, -0.00189776008483, 0.014414855279, -0.00573186762631, -0.000887003203388, -0.00131066492759, 0.00396918645129, -0.00268327258527], [0.0010362121975, -0.00335467536934, 0.00110052828677, -0.00341483694501, 0.00205443007872, -0.00207116198726, 0.00151506508701, -0.00573186762631, 0.0162348859012, -0.00266519677825, 0.00158309447579, -0.00127626210451, -0.00149836449418], [-0.00187340017874, 0.00319343502633, -0.00423614261672, 0.00425215857103, -0.00283284764737, 0.00202266569249, -0.00137795612682, -0.000887003203388, -0.00266519677825, 0.0208778660744, -0.00731083145365, 0.00181011529639, -0.000975100672804], [0.00214679865167, -0.00359660875984, 0.00390844140202, -0.00414195051417, 0.0033486681059, -0.00304531585425, 0.000160459108884, -0.00131066492759, 0.00158309447579, -0.00731083145365, 0.0213237665594, -0.00574927730486, -0.000433706503827], [-0.00180693087168, 0.00450680125505, -0.00419819587842, 0.00358616723679, -0.00698605226353, 0.00430760718882, 0.000346794287907, 0.00396918645129, -0.00127626210451, 0.00181011529639, -0.00574927730486, 0.0242509841919, -0.00771225150675], [0.00089418765856, -0.0043674018234, 0.00486342841759, -0.00522480299696, 0.00274633034132, -0.00623222719878, 0.0034244984854, -0.00268327258527, -0.00149836449418, -0.000975100672804, -0.000433706503827, -0.00771225150675, 0.0254038609564]]
    },
    "melbands": {
        "dmean": [0.000974924769253, 0.000909145979676, 0.000645920168608, 0.000292754964903, 0.000224461662583, 0.000192337305634, 0.000139183597639, 0.000221737092943, 0.000226583797485, 0.000184379590792, 0.000141576630995, 7.51253319322e-05, 7.18434239388e-05, 3.85307939723e-05, 5.39757093065e-05, 4.77390094602e-05, 5.74241348659e-05, 5.75488338654e-05, 3.74849551008e-05, 4.02873665735e-05, 3.54042858817e-05, 3.00183492072e-05, 2.02170976991e-05, 1.3060942365e-05, 1.07880459836e-05, 7.30644251234e-06, 9.82646724879e-06, 6.54625409879e-06, 3.58801435141e-06, 3.0495041301e-06, 1.9775814053e-06, 1.61155298883e-06, 1.58726879818e-06, 1.70020291534e-06, 2.00807494366e-06, 1.82559097084e-06, 1.17427771329e-06, 8.45050237785e-07, 7.22046138435e-07, 4.55543073485e-07],
        "dmean2": [0.00160896289162, 0.00154944823589, 0.00107120617758, 0.000497520843055, 0.000355236406904, 0.000296722457279, 0.000220038811676, 0.000356591132004, 0.000360692763934, 0.0002869850141, 0.000213975596125, 0.000116539915325, 0.000109613261884, 6.2320716097e-05, 8.53400706546e-05, 7.74569416535e-05, 9.10141170607e-05, 9.11979295779e-05, 6.08008631389e-05, 6.59694705973e-05, 5.86969254073e-05, 4.9065292842e-05, 3.36273624271e-05, 2.12700433622e-05, 1.79302187462e-05, 1.19758951769e-05, 1.56203532242e-05, 1.02355725176e-05, 6.10206961937e-06, 5.1603024076e-06, 3.29599106408e-06, 2.63047058979e-06, 2.63406218437e-06, 2.6352547593e-06, 3.06805577566e-06, 2.80237100014e-06, 1.82389248948e-06, 1.25241376736e-06, 1.09380096092e-06, 6.8430790634e-07],
        "dvar": [4.89311332785e-06, 2.01795614885e-06, 2.77060303233e-06, 3.93022531853e-07, 1.09096980339e-07, 6.89940478082e-08, 3.861785558e-08, 1.40864145237e-07, 2.83087473463e-07, 1.64255126833e-07, 9.90981945392e-08, 2.69953286391e-08, 1.91719813358e-08, 2.65874122718e-09, 9.41246636188e-09, 6.40460173784e-09, 8.87719675546e-09, 1.27502959302e-08, 5.50064171989e-09, 4.28828883514e-09, 3.22933702002e-09, 2.51717935384e-09, 6.80888678772e-10, 3.96981031381e-10, 1.72627356854e-10, 8.99883154104e-11, 2.13291967421e-10, 9.50300671487e-11, 4.32720595467e-11, 4.25100649126e-11, 8.72746666603e-12, 6.02097798702e-12, 7.88886490855e-12, 1.61198259602e-11, 3.03985517314e-11, 3.30412745775e-11, 1.07445892461e-11, 4.46869754742e-12, 3.37109658764e-12, 6.70420045434e-13],
        "dvar2": [1.22890432976e-05, 5.73492297917e-06, 7.33775550543e-06, 1.10605219561e-06, 2.76586860082e-07, 1.47952960106e-07, 9.54898737859e-08, 3.40220623229e-07, 7.11109805707e-07, 4.07681483239e-07, 2.30641006738e-07, 7.4671284267e-08, 4.44376375697e-08, 6.61326859941e-09, 1.98867997625e-08, 1.5448879509e-08, 2.19949587432e-08, 3.08137693139e-08, 1.26517205601e-08, 1.01254542528e-08, 8.63855031952e-09, 6.11475492462e-09, 1.88659243783e-09, 1.01121766516e-09, 4.47847842144e-10, 2.21406989964e-10, 5.18937615102e-10, 2.17882656361e-10, 1.19227391848e-10, 1.1468995198e-10, 2.37963797972e-11, 1.37896916108e-11, 1.88672237555e-11, 3.37214943469e-11, 5.99899921405e-11, 6.85493536934e-11, 2.36050172464e-11, 8.32198025769e-12, 6.78056959538e-12, 1.2896913355e-12],
        "max": [0.0216462239623, 0.0152729842812, 0.0195168461651, 0.00682867318392, 0.0046549369581, 0.00547045236453, 0.00271389028057, 0.00435591535643, 0.00643099984154, 0.00680900737643, 0.00516152055934, 0.00232858816162, 0.00295693404041, 0.000881697051227, 0.00231200223789, 0.00129180483054, 0.00132068921812, 0.00180227262899, 0.00130206206813, 0.00132120482158, 0.000774545653258, 0.000724017969333, 0.000304911809508, 0.000331675313646, 0.000138232368045, 0.000119915537653, 0.000211419639527, 0.000160262803547, 0.000153398214024, 0.000145801823237, 4.19218413299e-05, 4.36833506683e-05, 4.67895479233e-05, 5.95141900703e-05, 8.90380179044e-05, 0.000121951190522, 5.00415007991e-05, 3.80644814868e-05, 4.1148323362e-05, 1.66738209373e-05],
        "mean": [0.00148442783393, 0.00200320221484, 0.000921974307857, 0.000489260652103, 0.00051365676336, 0.000453153974377, 0.000291231146548, 0.000393024587538, 0.00037215827615, 0.000336068478646, 0.000237352127442, 0.000141751734191, 0.000159101939062, 7.64324795455e-05, 0.000106122992293, 9.37450749916e-05, 0.000111606816063, 0.000101855155663, 6.54778486933e-05, 7.62280687923e-05, 7.44650460547e-05, 6.47619162919e-05, 4.30958607467e-05, 2.857095933e-05, 2.1921343432e-05, 1.66413192346e-05, 2.08398541872e-05, 1.45820495163e-05, 7.7734257502e-06, 6.4776227191e-06, 4.06416165788e-06, 3.4149095427e-06, 3.29463750859e-06, 3.09089568873e-06, 3.6869048472e-06, 3.37400638273e-06, 2.20413630814e-06, 1.63776087447e-06, 1.38266955219e-06, 9.01483076632e-07],
        "median": [0.00101822882425, 0.00157414749265, 0.000564542133361, 0.000336677476298, 0.000367828266462, 0.000294737255899, 0.000199987436645, 0.000239775443333, 0.000207633784157, 0.000207545774174, 0.000106327577669, 7.60076654842e-05, 6.6259628511e-05, 5.37393207196e-05, 6.9266774517e-05, 5.82025386393e-05, 6.42142549623e-05, 5.49863034394e-05, 4.07630213886e-05, 5.37772975804e-05, 5.34352220711e-05, 4.62193784188e-05, 3.07029113173e-05, 1.8118562366e-05, 1.7531492631e-05, 1.24684083858e-05, 1.28764713736e-05, 9.55742507358e-06, 5.71186319576e-06, 4.23398887506e-06, 3.0638732369e-06, 2.6399500257e-06, 2.33776790992e-06, 1.93927689907e-06, 1.89399827377e-06, 1.61576451774e-06, 1.03540628515e-06, 7.68068446177e-07, 6.51552738873e-07, 5.03236151417e-07],
        "min": [1.29524632939e-05, 9.25786298467e-05, 2.05717442441e-05, 1.59494229592e-05, 1.8752167307e-05, 1.98182942768e-06, 1.01335481304e-05, 7.04703688825e-06, 2.39792734646e-06, 1.02530395907e-06, 1.32816774112e-06, 9.66673042058e-07, 9.60399461292e-07, 3.0295782949e-07, 4.53262686051e-07, 1.92370816876e-06, 5.80040818932e-07, 6.32541514278e-07, 2.31870799894e-07, 1.25057027844e-07, 3.02648857087e-07, 1.91634569546e-07, 3.10725098984e-08, 4.79161847977e-08, 3.85834297845e-08, 1.99155678615e-08, 6.6826473244e-08, 3.5118834063e-08, 1.11559383953e-08, 2.81398038204e-09, 5.29032373464e-09, 3.95412413923e-09, 3.405584037e-09, 2.0040573645e-09, 3.00082025895e-09, 1.37284261736e-09, 6.54999776639e-10, 7.69851349336e-10, 7.55417256526e-11, 2.07689573005e-12],
