{
"highlevel": {
    "danceability": {
        "all": {
            "danceable": 0.0243613123894,
            "not_danceable": 0.975638687611
        },
        "probability": 0.975638687611,
        "value": "not_danceable"
    },
    "gender": {
        "all": {
            "female": 0.100502245128,
            "male": 0.899497747421
        },
        "probability": 0.899497747421,
        "value": "male"
    },
    "genre_dortmund": {
        "all": {
            "alternative": 0.11902281642,
            "blues": 0.020100845024,
            "electronic": 0.0062063797377,
            "folkcountry": 0.0819915086031,
            "funksoulrnb": 0.0046413470991,
            "jazz": 0.00206044595689,
            "pop": 0.0171740204096,
            "raphiphop": 0.000441337004304,
            "rock": 0.748361289501
        },
        "probability": 0.748361289501,
        "value": "rock"
    },
    "genre_electronic": {
        "all": {
            "ambient": 0.410644739866,
            "dnb": 0.439101040363,
            "house": 0.00755774183199,
            "techno": 0.00981193315238,
            "trance": 0.132884547114
        },
        "probability": 0.439101040363,
        "value": "dnb"
    },
    "genre_rosamerica": {
        "all": {
            "cla": 0.0270943231881,
            "dan": 0.00564899202436,
            "hip": 0.00381788611412,
            "jaz": 0.00400897487998,
            "pop": 0.0109817814082,
            "rhy": 0.00329940137453,
            "roc": 0.944202661514,
            "spe": 0.000945977808442
        },
        "probability": 0.944202661514,
        "value": "roc"
    },
    "genre_tzanetakis": {
        "all": {
            "blu": 0.0626541376114,
            "cla": 0.0348133966327,
            "cou": 0.0783501937985,
            "dis": 0.104547761381,
            "hip": 0.15693578124,
            "jaz": 0.313987255096,
            "met": 0.044816005975,
            "pop": 0.0627349764109,
            "reg": 0.0627352520823,
            "roc": 0.0784252434969
        },
        "probability": 0.313987255096,
        "value": "jaz"
    },
    "ismir04_rhythm": {
        "all": {
            "ChaChaCha": 0.0101519413292,
            "Jive": 0.771383285522,
            "Quickstep": 0.0193306133151,
            "Rumba-American": 0.00105221057311,
            "Rumba-International": 0.00146710977424,
            "Rumba-Misc": 0.000381410005502,
            "Samba": 0.0194764137268,
            "Tango": 0.00654422072694,
            "VienneseWaltz": 0.168453738093,
            "Waltz": 0.00175907451194
        },
        "probability": 0.771383285522,
        "value": "Jive"
    },
    "mood_acoustic": {
        "all": {
            "acoustic": 0.00508528854698,
            "not_acoustic": 0.994914710522
        },
        "probability": 0.994914710522,
        "value": "not_acoustic"
    },
    "mood_aggressive": {
        "all": {
            "aggressive": 0.942186772823,
            "not_aggressive": 0.0578132122755
        },
        "probability": 0.942186772823,
        "value": "aggressive"
    },
    "mood_electronic": {
        "all": {
            "electronic": 0.071969486773,
            "not_electronic": 0.928030490875
        },
        "probability": 0.928030490875,
        "value": "not_electronic"
    },
    "mood_happy": {
        "all": {
            "happy": 0.861820340157,
            "not_happy": 0.138179674745
        },
        "probability": 0.861820340157,
        "value": "happy"
    },
    "mood_party": {
        "all": {
            "not_party": 0.352974623442,
            "party": 0.647025406361
        },
        "probability": 0.647025406361,
        "value": "party"
    },
    "mood_relaxed": {
        "all": {
            "not_relaxed": 0.965335667133,
            "relaxed": 0.0346643105149
        },
        "probability": 0.965335667133,
        "value": "not_relaxed"
    },
    "mood_sad": {
        "all": {
            "not_sad": 0.872936546803,
            "sad": 0.127063468099
        },
        "probability": 0.872936546803,
        "value": "not_sad"
    },
    "moods_mirex": {
        "all": {
            "Cluster1": 0.337512403727,
            "Cluster2": 0.174809485674,
            "Cluster3": 0.0696234852076,
            "Cluster4": 0.117587931454,
            "Cluster5": 0.300466686487
        },
        "probability": 0.337512403727,
        "value": "Cluster1"
    },
    "timbre": {
        "all": {
            "bright": 0.808967292309,
            "dark": 0.191032707691
        },
        "probability": 0.808967292309,
        "value": "bright"
    },
    "tonal_atonal": {
        "all": {
            "atonal": 0.110954642296,
            "tonal": 0.889045357704
        },
        "probability": 0.889045357704,
        "value": "tonal"
    },
    "voice_instrumental": {
        "all": {
            "instrumental": 0.00147915713023,
            "voice": 0.998520851135
        },
        "probability": 0.998520851135,
        "value": "voice"
    }
},
"lowlevel": {
    "average_loudness": 0.979698777199,
    "barkbands_crest": {
        "dmean": 2.2337770462,
        "dmean2": 3.6615293026,
        "dvar": 4.31001853943,
        "dvar2": 10.8038825989,
        "max": 22.2404537201,
        "mean": 6.82946872711,
        "median": 5.9784693718,
        "min": 2.15839409828,
        "var": 10.2685489655
    },
    "barkbands_flatness_db": {
        "dmean": 0.0128840086982,
        "dmean2": 0.020207663998,
        "dvar": 0.000111492197902,
        "dvar2": 0.000265821465291,
        "max": 0.20421333611,
        "mean": 0.0932551324368,
        "median": 0.0915879681706,
        "min": 0.0414304211736,
        "var": 0.000441533833509
    },
    "barkbands_kurtosis": {
        "dmean": 0.510880351067,
        "dmean2": 0.855333149433,
        "dvar": 0.435791969299,
        "dvar2": 1.10573077202,
        "max": 5.46119689941,
        "mean": -0.729790747166,
        "median": -0.957059383392,
        "min": -1.7121784687,
        "var": 0.658630728722
    },
    "barkbands_skewness": {
        "dmean": 0.352398246527,
        "dmean2": 0.552416861057,
        "dvar": 0.0907102972269,
        "dvar2": 0.215093523264,
        "max": 2.32393932343,
        "mean": 0.317375659943,
        "median": 0.30026063323,
        "min": -1.58158934116,
        "var": 0.295031636953
    },
    "barkbands_spread": {
        "dmean": 5.50558757782,
        "dmean2": 8.76387405396,
        "dvar": 21.7645931244,
        "dvar2": 51.6743812561,
        "max": 68.6920166016,
        "mean": 36.3119773865,
        "median": 36.1590805054,
        "min": 8.61972522736,
        "var": 97.665763855
    },
    "dissonance": {
        "dmean": 0.00973472278565,
        "dmean2": 0.0169184636325,
        "dvar": 8.19068300189e-05,
        "dvar2": 0.000227862416068,
        "max": 0.5,
        "mean": 0.484338134527,
        "median": 0.48739734292,
        "min": 0.422812134027,
        "var": 0.000129605614347
    },
    "dynamic_complexity": 1.16919922829,
    "erbbands_crest": {
        "dmean": 2.33680462837,
        "dmean2": 3.78743958473,
        "dvar": 5.23828601837,
        "dvar2": 12.7248830795,
        "max": 27.1820068359,
        "mean": 7.9078950882,
        "median": 6.96420240402,
        "min": 2.5241317749,
        "var": 15.0603580475
    },
    "erbbands_flatness_db": {
        "dmean": 0.0142910564318,
        "dmean2": 0.0209463834763,
        "dvar": 0.000156027133926,
        "dvar2": 0.000289619143587,
        "max": 0.269779145718,
        "mean": 0.149808347225,
        "median": 0.148448064923,
        "min": 0.0720505714417,
        "var": 0.00112818565685
    },
    "erbbands_kurtosis": {
        "dmean": 0.701715826988,
        "dmean2": 1.09263241291,
        "dvar": 0.55473035574,
        "dvar2": 1.21960532665,
        "max": 7.30044937134,
        "mean": 0.0973242893815,
        "median": -0.200693845749,
        "min": -1.66490828991,
        "var": 1.39667475224
    },
    "erbbands_skewness": {
        "dmean": 0.29788094759,
        "dmean2": 0.466694891453,
        "dvar": 0.0675903335214,
        "dvar2": 0.15174856782,
        "max": 1.80235803127,
        "mean": -0.462291270494,
        "median": -0.498604416847,
        "min": -2.46725916862,
        "var": 0.342229515314
    },
    "erbbands_spread": {
        "dmean": 5.57168912888,
        "dmean2": 8.49775028229,
        "dvar": 24.0346546173,
        "dvar2": 54.7140846252,
        "max": 70.9301376343,
        "mean": 33.487197876,
        "median": 32.3739395142,
        "min": 8.75040340424,
        "var": 99.2549743652
    },
    "hfc": {
        "dmean": 6.02030801773,
        "dmean2": 9.12386608124,
        "dvar": 33.854095459,
        "dvar2": 75.4649581909,
        "max": 91.9269790649,
        "mean": 32.6913566589,
        "median": 31.8687324524,
        "min": 9.05621623993,
        "var": 138.069885254
    },
    "melbands_crest": {
        "dmean": 3.21626448631,
        "dmean2": 5.28570699692,
        "dvar": 7.22229337692,
        "dvar2": 18.9568729401,
        "max": 30.2574977875,
        "mean": 10.6369924545,
        "median": 10.0857791901,
        "min": 3.29302287102,
        "var": 16.4042301178
    },
    "melbands_flatness_db": {
        "dmean": 0.0180777069181,
        "dmean2": 0.0287208817899,
        "dvar": 0.000242436261033,
        "dvar2": 0.000548115291167,
        "max": 0.227463155985,
        "mean": 0.113758414984,
        "median": 0.113040328026,
        "min": 0.0281150266528,
        "var": 0.000820526678581
    },
    "melbands_kurtosis": {
        "dmean": 1.85783040524,
        "dmean2": 2.99433660507,
        "dvar": 6.00924110413,
        "dvar2": 15.185174942,
        "max": 28.0847053528,
        "mean": 2.05039763451,
        "median": 1.099214077,
        "min": -1.6384922266,
        "var": 10.7780036926
    },
    "melbands_skewness": {
        "dmean": 0.44262316823,
        "dmean2": 0.688002467155,
        "dvar": 0.16554120183,
        "dvar2": 0.409231841564,
        "max": 4.94979810715,
        "mean": 1.37770390511,
        "median": 1.25815916061,
        "min": -0.654078543186,
        "var": 0.617274522781
    },
    "melbands_spread": {
        "dmean": 10.5686941147,
        "dmean2": 16.6090335846,
        "dvar": 80.5567474365,
        "dvar2": 189.125686646,
        "max": 126.631103516,
        "mean": 50.0648117065,
        "median": 49.2260780334,
        "min": 10.9858560562,
        "var": 256.638183594
    },
    "pitch_salience": {
        "dmean": 0.065076187253,
        "dmean2": 0.105727337301,
        "dvar": 0.0026918547228,
        "dvar2": 0.00713078537956,
        "max": 0.795225560665,
        "mean": 0.61483746767,
        "median": 0.62771987915,
        "min": 0.275015026331,
        "var": 0.00772510282695
    },
    "silence_rate_20dB": {
        "dmean": 0,
        "dmean2": 0,
        "dvar": 0,
        "dvar2": 0,
        "max": 1,
        "mean": 1,
        "median": 1,
        "min": 1,
        "var": 0
    },
    "silence_rate_30dB": {
        "dmean": 0,
        "dmean2": 0,
        "dvar": 0,
        "dvar2": 0,
        "max": 1,
        "mean": 1,
        "median": 1,
        "min": 1,
        "var": 0
    },
    "silence_rate_60dB": {
        "dmean": 0,
        "dmean2": 0,
        "dvar": 0,
        "dvar2": 0,
        "max": 0,
        "mean": 0,
        "median": 0,
        "min": 0,
        "var": 0
    },
    "spectral_centroid": {
        "dmean": 219.973556519,
        "dmean2": 351.544036865,
        "dvar": 37237.4101562,
        "dvar2": 81858.03125,
        "max": 3610.19262695,
        "mean": 2316.70019531,
        "median": 2324.41748047,
        "min": 1202.70739746,
        "var": 119244.773438
    },
    "spectral_complexity": {
        "dmean": 4.13235282898,
        "dmean2": 6.70642900467,
        "dvar": 11.265001297,
        "dvar2": 27.4699878693,
        "max": 57,
        "mean": 35.2049484253,
        "median": 35,
        "min": 13,
        "var": 35.765411377
    },
    "spectral_decrease": {
        "dmean": 1.1664198496e-09,
        "dmean2": 1.81758375017e-09,
        "dvar": 1.05830242372e-18,
        "dvar2": 2.53108292532e-18,
        "max": -1.26994448291e-09,
        "mean": -5.08630870755e-09,
        "median": -4.90907359207e-09,
        "min": -1.07923945336e-08,
        "var": 2.54094209104e-18
    },
    "spectral_energy": {
        "dmean": 0.0046974234283,
        "dmean2": 0.00731611298397,
        "dvar": 1.65398578247e-05,
        "dvar2": 3.92072615796e-05,
        "max": 0.0459884665906,
        "mean": 0.0221620891243,
        "median": 0.0215525366366,
        "min": 0.00561449956149,
        "var": 4.35674955952e-05
    },
    "spectral_energyband_high": {
        "dmean": 0.000363631523214,
        "dmean2": 0.000519819790497,
        "dvar": 2.77160921769e-07,
        "dvar2": 4.78821107208e-07,
        "max": 0.00972229428589,
        "mean": 0.00135656585917,
        "median": 0.00112859148066,
        "min": 0.000206575263292,
        "var": 9.95969458017e-07
    },
    "spectral_energyband_low": {
        "dmean": 0.00249217543751,
        "dmean2": 0.00405787816271,
        "dvar": 9.63420916378e-06,
        "dvar2": 2.29643774219e-05,
        "max": 0.0310516227037,
        "mean": 0.00419029267505,
        "median": 0.00300212507136,
        "min": 0.000141255819472,
        "var": 1.5785533833e-05
    },
    "spectral_energyband_middle_high": {
        "dmean": 0.0023854165338,
        "dmean2": 0.00361634255387,
        "dvar": 7.00349528415e-06,
        "dvar2": 1.65424698935e-05,
        "max": 0.0378541499376,
        "mean": 0.00998085923493,
        "median": 0.008130797185,
        "min": 0.00224537192844,
        "var": 3.29380491166e-05
    },
    "spectral_energyband_middle_low": {
        "dmean": 0.00273407250643,
        "dmean2": 0.00438951607794,
        "dvar": 9.12191899261e-06,
        "dvar2": 2.26718202612e-05,
        "max": 0.0322989039123,
        "mean": 0.00731365894899,
        "median": 0.00626079319045,
        "min": 0.000825770082884,
        "var": 1.8319067749e-05
    },
    "spectral_entropy": {
        "dmean": 0.0838676542044,
        "dmean2": 0.122553125024,
        "dvar": 0.00586932338774,
        "dvar2": 0.0103774433956,
        "max": 8.39339351654,
        "mean": 7.85670375824,
        "median": 7.87258625031,
        "min": 7.06594705582,
        "var": 0.0412904657423
    },
    "spectral_flux": {
        "dmean": 0.015471980907,
        "dmean2": 0.0245328303427,
        "dvar": 0.000191138649825,
        "dvar2": 0.000465508957859,
        "max": 0.171237885952,
        "mean": 0.0901308208704,
        "median": 0.0873234644532,
        "min": 0.0488688237965,
        "var": 0.000408978492487
    },
    "spectral_kurtosis": {
        "dmean": 1.07834506035,
        "dmean2": 1.8356372118,
        "dvar": 1.01328766346,
        "dvar2": 2.89912009239,
        "max": 10.8787250519,
        "mean": 3.98163366318,
        "median": 3.80978107452,
        "min": 0.564417123795,
        "var": 2.77485275269
    },
    "spectral_rms": {
        "dmean": 0.000485966185806,
        "dmean2": 0.000750497041736,
        "dvar": 1.57274072876e-07,
        "dvar2": 3.64163611266e-07,
        "max": 0.00669826800004,
        "mean": 0.00459857610986,
        "median": 0.00458550592884,
        "min": 0.00234041898511,
        "var": 4.74648260251e-07
    },
    "spectral_rolloff": {
        "dmean": 439.930633545,
        "dmean2": 710.629333496,
        "dvar": 258591.484375,
        "dvar2": 562862.125,
        "max": 7256.68945312,
        "mean": 2974.66162109,
        "median": 2863.91601562,
        "min": 344.53125,
        "var": 636392.875
    },
    "spectral_skewness": {
        "dmean": 0.153974488378,
        "dmean2": 0.25285628438,
        "dvar": 0.0169679187238,
        "dvar2": 0.0442191213369,
        "max": 2.21371173859,
        "mean": 1.20369470119,
        "median": 1.20722305775,
        "min": 0.472252428532,
        "var": 0.0710218697786
    },
    "spectral_spread": {
        "dmean": 305743.21875,
        "dmean2": 450321.3125,
        "dvar": 81220902912,
        "dvar2": 139789533184,
        "max": 5992851.5,
        "mean": 3743813.25,
        "median": 3666629,
        "min": 2262505.75,
        "var": 471787569152
    },
    "spectral_strongpeak": {
        "dmean": 0.920846164227,
        "dmean2": 1.57205951214,
        "dvar": 2.33491849899,
        "dvar2": 6.27637863159,
        "max": 13.2298955917,
        "mean": 1.41696572304,
        "median": 0.581420958042,
        "min": 0.0413043126464,
        "var": 3.44746422768
    },
    "zerocrossingrate": {
        "dmean": 0.0094629060477,
        "dmean2": 0.0116752544418,
        "dvar": 7.32074986445e-05,
        "dvar2": 0.000102653888462,
        "max": 0.19775390625,
        "mean": 0.0970150232315,
        "median": 0.09423828125,
        "min": 0.04345703125,
        "var": 0.000464212731458
    },
    "barkbands": {
        "dmean": [2.9062581234e-05, 0.00165546825156, 0.00119465880562, 0.000711798435077, 0.000756803958211, 0.000848550174851, 0.000658692151774, 0.000303221167997, 0.000966574822087, 0.000731024949346, 0.000497972476296, 0.000350901507773, 0.000285146787064, 0.000463987002149, 0.000413555157138, 0.000469828955829, 0.000710483640432, 0.000625607557595, 0.000492191698868, 0.000290675408905, 0.000149416475324, 0.000102480167698, 8.16306201159e-05, 5.16674081155e-05, 2.04170628422e-05, 3.90403729398e-05, 2.36972255152e-08],
        "dmean2": [4.77344001411e-05, 0.00274984049611, 0.00202466431074, 0.00120222882833, 0.00125961482991, 0.00140616297722, 0.00103426573332, 0.000492914754432, 0.0016009999672, 0.0011691218242, 0.000756942958105, 0.000585842761211, 0.000456914742244, 0.000754024833441, 0.0006801506388, 0.000751797109842, 0.00110201549251, 0.00104566512164, 0.000779387017246, 0.000467621430289, 0.000236008520005, 0.000155886169523, 0.000125726859551, 8.10609053588e-05, 3.06712026941e-05, 6.08062837273e-05, 4.33556515134e-08],
        "dvar": [2.11538786488e-09, 6.0883144215e-06, 2.95472068501e-06, 8.60350155563e-07, 1.18681850836e-06, 1.78512061666e-06, 1.7917727746e-06, 6.59188970076e-07, 4.12541749029e-06, 3.99984173782e-06, 1.52253687702e-06, 5.43104931694e-07, 1.98255477812e-07, 5.21854076396e-07, 3.19955802297e-07, 3.65580206108e-07, 1.33849607664e-06, 7.06123444161e-07, 5.93938239035e-07, 1.35955204428e-07, 4.18622789766e-08, 2.34389609943e-08, 1.30993349501e-08, 2.16241300421e-08, 7.64790342167e-10, 6.49959286392e-09, 2.39591527702e-15],
        "dvar2": [5.50325784943e-09, 1.60551680892e-05, 7.8668772403e-06, 2.30618047681e-06, 3.01851855511e-06, 4.64807408207e-06, 4.06460003433e-06, 1.6262255258e-06, 1.11369017759e-05, 9.52581649472e-06, 3.13934242513e-06, 1.55925090439e-06, 4.56944746929e-07, 1.27139560391e-06, 7.95622099758e-07, 8.92132732133e-07, 2.96362577501e-06, 1.77312529104e-06, 1.40854012898e-06, 3.07209603534e-07, 9.90102151377e-08, 4.49610944031e-08, 2.64748738488e-08, 4.75962984581e-08, 1.66522140521e-09, 1.55134234348e-08, 6.49665376698e-15],
        "max": [0.000565331953112, 0.0246532522142, 0.0162863135338, 0.00849501788616, 0.0157258976251, 0.0181416422129, 0.0239329598844, 0.01741861552, 0.0301525983959, 0.0309721790254, 0.0245594866574, 0.0148857282475, 0.00598872872069, 0.0119694173336, 0.00617647636682, 0.00748464511707, 0.0243797060102, 0.010884962976, 0.0108647188172, 0.0065456922166, 0.00426852190867, 0.00313368323259, 0.00212927302346, 0.00228123669513, 0.000360510050086, 0.00101111689582, 5.69362384795e-07],
        "mean": [3.19376267726e-05, 0.00204974063672, 0.0016390082892, 0.00103544280864, 0.00115118501708, 0.00138883537147, 0.0011214883998, 0.000561564869713, 0.0017406482948, 0.00130148872267, 0.000860097236, 0.000590251293033, 0.000501833681483, 0.000764061172958, 0.000710109481588, 0.000910419214051, 0.00143881200347, 0.0014563271543, 0.00108294060919, 0.000705728423782, 0.000398902688175, 0.000266173679847, 0.0002251748665, 0.000115366332466, 4.60160044895e-05, 6.85419581714e-05, 1.74707892597e-08],
        "median": [1.4214919247e-05, 0.00121604010928, 0.00087309954688, 0.000643803796265, 0.000792688457295, 0.000924627820496, 0.000581832195166, 0.000318558188155, 0.000559531035833, 0.000363972154446, 0.000314532138873, 0.00033935328247, 0.000308781396598, 0.000497704953887, 0.000479296053527, 0.000644097337499, 0.000922775943764, 0.000913641415536, 0.000655923387967, 0.000546010560356, 0.000325189117575, 0.000193625804968, 0.000163950011483, 7.26268408471e-05, 3.10789619107e-05, 2.72114884865e-05, 2.08943018443e-09],
        "min": [4.27420836502e-08, 1.36492544698e-05, 2.57023589256e-06, 2.9909776913e-06, 1.43850948007e-05, 2.44649381784e-05, 1.41997697938e-05, 1.31431961563e-05, 1.81447285286e-05, 2.57951833191e-05, 1.92578172573e-05, 3.35343647748e-05, 2.51273268077e-05, 6.1365266447e-05, 2.83497429336e-05, 8.51995646372e-05, 0.000125891921925, 9.74936992861e-05, 9.87699531834e-05, 8.84089822648e-05, 6.3103318098e-05, 1.4019493392e-05, 1.61432290042e-05, 3.33558682541e-06, 2.47011854526e-07, 1.33039343431e-10, 5.35301967683e-12],
        "var": [2.33925945281e-09, 7.01176213624e-06, 4.05373384638e-06, 1.38059226629e-06, 1.53424139171e-06, 2.40281724473e-06, 3.18538400279e-06, 1.09607287868e-06, 1.02779713416e-05, 1.03274041976e-05, 3.79176594834e-06, 7.66136963648e-07, 3.71640453523e-07, 7.02810893927e-07, 4.99140867305e-07, 6.89798298481e-07, 3.50803293259e-06, 1.98021621145e-06, 1.55614941377e-06, 3.25196594986e-07, 9.65473887504e-08, 7.19607200494e-08, 4.16933048086e-08, 4.03568094498e-08, 2.10330264316e-09, 1.07647109004e-08, 1.74779213556e-15]
    },
    "erbbands": {
        "dmean": [0.0439698435366, 0.398466736078, 1.27058470249, 1.65720677376, 3.09760570526, 2.19543504715, 3.93956828117, 8.11393928528, 10.9955825806, 4.95129108429, 8.5739107132, 25.219417572, 20.2311344147, 23.7951335907, 13.1655454636, 13.7661314011, 11.8989095688, 17.4520492554, 23.2433452606, 19.6359977722, 25.9201488495, 41.0060081482, 36.9793052673, 22.1124324799, 24.7682304382, 13.0789670944, 6.86030006409, 5.32035493851, 3.64846801758, 3.20438122749, 2.26796317101, 1.49584805965, 0.648748278618, 0.28325971961, 0.140898838639, 0.133836239576, 0.0962955132127, 0.00846938509494, 0.000144942518091, 9.61616024142e-06],
        "dmean2": [0.0726503357291, 0.665195822716, 2.15569543839, 2.79741001129, 5.17860555649, 3.67300462723, 6.56553697586, 13.3511209488, 17.0939445496, 7.88357782364, 14.0303812027, 42.329460144, 32.6547660828, 36.1102638245, 20.0352630615, 22.7455406189, 19.1955852509, 29.0887451172, 37.7274551392, 31.366765976, 41.3371734619, 63.4562034607, 59.7997055054, 35.6534347534, 39.5817337036, 20.9797782898, 11.2522354126, 8.26049137115, 5.56785011292, 4.93323326111, 3.51105189323, 2.34636282921, 1.03145456314, 0.423545062542, 0.224646553397, 0.210237845778, 0.151547148824, 0.0136629231274, 0.000230710676988, 1.48731351146e-05],
        "dvar": [0.00421258853748, 0.343592077494, 3.01463317871, 4.50958681107, 27.926530838, 6.17280387878, 26.6926193237, 189.324157715, 586.146240234, 57.4001617432, 524.803222656, 3221.85424805, 2108.47045898, 3136.83349609, 1416.42834473, 509.000488281, 323.034362793, 593.340942383, 1351.9732666, 1158.10375977, 1090.58605957, 5658.42626953, 2784.375, 1197.3215332, 1512.19152832, 301.84942627, 61.5923347473, 64.8688812256, 38.7587432861, 18.1810398102, 11.8208751678, 14.4657964706, 3.15198111534, 0.164880767465, 0.0434808917344, 0.0618407242, 0.0395978428423, 0.000403650919907, 1.08768361429e-07, 1.56619384128e-10],
        "dvar2": [0.0104885902256, 0.920449972153, 7.89554643631, 12.235033989, 70.9715499878, 16.5850334167, 69.4968719482, 491.21762085, 1275.33544922, 146.166351318, 1316.46655273, 8905.45996094, 5315.05126953, 6994.30810547, 3223.45068359, 1405.57177734, 762.753173828, 1489.13317871, 3566.359375, 2748.69555664, 2598.61279297, 12466.7060547, 6914.79248047, 3081.99584961, 3365.72583008, 694.427307129, 147.41192627, 144.320861816, 73.544128418, 40.972820282, 24.3834590912, 31.2525653839, 7.06046962738, 0.355263084173, 0.105096146464, 0.14294475317, 0.0983477458358, 0.00101193913724, 2.70291081961e-07, 3.78753473029e-10],
        "max": [0.682778298855, 6.05801153183, 15.0252332687, 18.3830165863, 72.4081115723, 27.6453208923, 61.1173782349, 187.837875366, 426.817718506, 161.900695801, 469.458068848, 873.165649414, 665.642883301, 771.578430176, 937.452270508, 386.806884766, 226.316314697, 260.045623779, 704.060791016, 413.126831055, 510.160003662, 1720.02026367, 777.633789062, 654.449035645, 652.201171875, 312.539459229, 137.83807373, 159.164825439, 146.895278931, 73.6449050903, 65.2349624634, 64.0782241821, 29.0198841095, 8.40790367126, 2.41992902756, 3.03536653519, 2.17590761185, 0.320623904467, 0.00515574449673, 0.000208334051422],
        "mean": [0.0523578487337, 0.500849485397, 1.74827349186, 2.7245593071, 4.15002775192, 3.42454481125, 6.20172023773, 13.1030158997, 18.4109859467, 10.3138408661, 15.7352552414, 45.8938713074, 38.2225265503, 44.1951789856, 24.8909950256, 25.7029495239, 24.0144138336, 33.2416801453, 44.5118293762, 38.6654510498, 55.1383056641, 87.9423141479, 87.1712417603, 54.0214118958, 55.0660209656, 32.45154953, 18.4468288422, 13.3947658539, 9.40984916687, 8.56551933289, 6.08120203018, 3.42389678955, 1.38364887238, 0.629349887371, 0.263923972845, 0.229534596205, 0.159933432937, 0.0126811834052, 0.00024512942764, 4.03290723625e-05],
        "median": [0.0257630236447, 0.31209731102, 1.00993859768, 1.82899320126, 2.5327270031, 2.46618103981, 4.15603017807, 8.35790061951, 9.04583835602, 7.31426668167, 9.66199874878, 13.3948087692, 14.423283577, 15.6149311066, 10.9912061691, 15.779501915, 15.1933240891, 23.9212188721, 30.7964496613, 26.4200057983, 43.0012969971, 58.3991470337, 55.4745368958, 38.4001350403, 34.6885452271, 25.9825210571, 15.2472553253, 9.97747993469, 6.80011940002, 6.13728046417, 4.4747543335, 2.21589255333, 0.856958270073, 0.433842778206, 0.158616214991, 0.107383705676, 0.0558987185359, 0.0042379158549, 0.000100001103419, 3.75654126401e-05],
        "min": [0.000442446937086, 0.00490835262462, 0.0409909784794, 0.0394794046879, 0.041650801897, 0.0744826570153, 0.249700382352, 0.229388430715, 0.782097041607, 0.324244111776, 0.501209259033, 0.761584699154, 0.698927342892, 1.60433280468, 1.11865222454, 2.37912535667, 2.29509902, 4.15470504761, 5.09557294846, 4.3295879364, 7.57796621323, 9.53607273102, 7.3758854866, 5.61692762375, 5.83788442612, 4.09131383896, 2.8579480648, 1.74448263645, 0.703696668148, 0.575843095779, 0.394881635904, 0.146220996976, 0.0366801843047, 0.0154918422922, 0.000485344760818, 3.93737100239e-05, 1.22552264656e-05, 5.12379347128e-06, 6.98103758623e-06, 1.00425222627e-05],
        "var": [0.00547331571579, 0.382898271084, 4.00210952759, 7.31211423874, 31.4577045441, 9.56496429443, 42.4617271423, 257.467712402, 1093.61425781, 102.706871033, 818.440856934, 8089.37207031, 5284.15869141, 8066.50732422, 2798.60644531, 970.436279297, 709.779174805, 895.568237305, 1880.65930176, 1835.11694336, 2048.01025391, 14746.9355469, 7414.25537109, 2405.93579102, 3730.07275391, 669.190307617, 150.18560791, 147.818252563, 106.638633728, 60.050994873, 33.2723731995, 28.7600879669, 5.45579242706, 0.43015524745, 0.0886262878776, 0.106416426599, 0.0630478188396, 0.000498776498716, 1.43965934285e-07, 2.82676798635e-10]
    },
    "gfcc": {
        "mean": [48.0952644348, 65.9634399414, -141.196243286, 44.093788147, -54.546005249, 9.03231334686, -37.0689811707, 15.0052080154, -22.7589759827, 2.97431969643, -19.1535606384, 5.96851396561, -16.915719986],
        "cov": [[290.734222412, -194.633728027, 156.330245972, -34.544002533, -13.4390058517, 38.4106407166, -15.8398122787, 8.12646865845, -47.4382019043, 41.0299491882, -43.5611152649, 45.0524864197, -37.0182228088], [-194.633728027, 373.931732178, -142.103149414, 85.8331069946, 22.070192337, -27.2011528015, 37.6308479309, -10.7629489899, 66.0294494629, -60.7063789368, 59.150100708, -79.3778457642, 44.701259613], [156.330245972, -142.103149414, 392.894195557, 29.9064865112, 69.0849609375, 3.52048444748, -36.1547203064, -16.2267494202, -51.4012145996, 118.023147583, -86.9811401367, 64.554649353, -46.0121955872], [-34.544002533, 85.8331069946, 29.9064865112, 229.895614624, 4.74150323868, 19.048116684, -27.9151210785, -35.391746521, 50.7508087158, 4.29793739319, 39.5617179871, -38.7377128601, 38.1802253723], [-13.4390058517, 22.070192337, 69.0849609375, 4.74150323868, 179.997009277, -10.3174991608, 10.9792108536, 20.1230144501, -1.4541425705, 41.5835838318, -6.36080121994, 34.9365539551, -27.7385292053], [38.4106407166, -27.2011528015, 3.52048444748, 19.048116684, -10.3174991608, 128.998794556, 54.7230606079, 7.68017959595, -6.8370718956, -29.9673194885, 9.56887722015, 2.29069232941, 7.50181341171], [-15.8398122787, 37.6308479309, -36.1547203064, -27.9151210785, 10.9792108536, 54.7230606079, 107.885063171, 33.8687286377, -1.24980807304, -26.0547389984, 5.18235397339, -3.91208553314, -3.52574729919], [8.12646865845, -10.7629489899, -16.2267494202, -35.391746521, 20.1230144501, 7.68017959595, 33.8687286377, 79.2396774292, 23.2925224304, 1.82003760338, 2.24742507935, 0.111922547221, -0.670117914677], [-47.4382019043, 66.0294494629, -51.4012145996, 50.7508087158, -1.4541425705, -6.8370718956, -1.24980807304, 23.2925224304, 79.6455078125, 3.86227679253, 22.6966705322, -24.7869701385, 21.8969402313], [41.0299491882, -60.7063789368, 118.023147583, 4.29793739319, 41.5835838318, -29.9673194885, -26.0547389984, 1.82003760338, 3.86227679253, 113.725883484, 5.05097150803, 34.6257820129, -10.2740802765], [-43.5611152649, 59.150100708, -86.9811401367, 39.5617179871, -6.36080121994, 9.56887722015, 5.18235397339, 2.24742507935, 22.6966705322, 5.05097150803, 106.544906616, 11.9179487228, 24.1870880127], [45.0524864197, -79.3778457642, 64.554649353, -38.7377128601, 34.9365539551, 2.29069232941, -3.91208553314, 0.111922547221, -24.7869701385, 34.6257820129, 11.9179487228, 92.5472793579, -1.93297362328], [-37.0182228088, 44.701259613, -46.0121955872, 38.1802253723, -27.7385292053, 7.50181341171, -3.52574729919, -0.670117914677, 21.8969402313, -10.2740802765, 24.1870880127, -1.93297362328, 61.6298561096]],
        "icov": [[0.00643743993714, 0.00193776097149, -0.0016425702488, -0.000161438787472, 0.00127507036086, -0.00168611470144, 0.000998906907625, -0.00167813349981, 0.0010302439332, 4.7293411626e-05, -9.04164917301e-05, -0.000481148104882, 0.00181512918789], [0.00193776097149, 0.008151111193, -0.00315654790029, 0.00163621536922, -0.00349618517794, 0.00416581658646, -0.0047208587639, 0.00488551147282, -0.00476347189397, 0.00588335748762, -0.00629453128204, 0.00717395311221, -0.00504753924906], [-0.0016425702488, -0.00315654790029, 0.0109934331849, -0.00604327674955, 0.00167820521165, -0.00354059482925, 0.00261164759286, -0.00390799157321, 0.00676423544064, -0.0109599363059, 0.0113712185994, -0.00797139666975, 0.00560440728441], [-0.000161438787472, 0.00163621536922, -0.00604327674955, 0.0115127386525, -0.00336280814372, -0.000260583095951, 0.000169737701071, 0.00741473119706, -0.00822717696428, 0.00527001777664, -0.00840033125132, 0.00855170749128, -0.00695269135758], [0.00127507036086, -0.00349618517794, 0.00167820521165, -0.00336280814372, 0.00990569777787, -0.00170906702988, 0.00126210669987, -0.00550576113164, 0.00308785587549, -0.00497334590182, 0.00464382069185, -0.00759181939065, 0.00732988724485], [-0.00168611470144, 0.00416581658646, -0.00354059482925, -0.000260583095951, -0.00170906702988, 0.015302054584, -0.00961699616164, 0.00369592593051, -0.0026953429915, 0.0077011724934, -0.00595694826916, 0.00367008778267, -0.00496364245191], [0.000998906907625, -0.0047208587639, 0.00261164759286, 0.000169737701071, 0.00126210669987, -0.00961699616164, 0.0187229178846, -0.00892016664147, 0.00477063888684, -0.00291770137846, 0.00376398861408, -0.00373718026094, 0.00480576884001], [-0.00167813349981, 0.00488551147282, -0.00390799157321, 0.00741473119706, -0.00550576113164, 0.00369592593051, -0.00892016664147, 0.0248469579965, -0.0136963194236, 0.00543972384185, -0.00677598500624, 0.00744856428355, -0.00656474521384], [0.0010302439332, -0.00476347189397, 0.00676423544064, -0.00822717696428, 0.00308785587549, -0.0026953429915, 0.00477063888684, -0.0136963194236, 0.0277557894588, -0.0102605009452, 0.00665087858215, -0.00317638390698, 0.00178077549208], [4.7293411626e-05, 0.00588335748762, -0.0109599363059, 0.00527001777664, -0.00497334590182, 0.0077011724934, -0.00291770137846, 0.00543972384185, -0.0102605009452, 0.024779137224, -0.0134785631672, 0.0060282163322, -0.00571469590068], [-9.04164917301e-05, -0.00629453128204, 0.0113712185994, -0.00840033125132, 0.00464382069185, -0.00595694826916, 0.00376398861408, -0.00677598500624, 0.00665087858215, -0.0134785631672, 0.0254868734628, -0.0145717067644, 0.00609225593507], [-0.000481148104882, 0.00717395311221, -0.00797139666975, 0.00855170749128, -0.00759181939065, 0.00367008778267, -0.00373718026094, 0.00744856428355, -0.00317638390698, 0.0060282163322, -0.0145717067644, 0.0274597201496, -0.0120245814323], [0.00181512918789, -0.00504753924906, 0.00560440728441, -0.00695269135758, 0.00732988724485, -0.00496364245191, 0.00480576884001, -0.00656474521384, 0.00178077549208, -0.00571469590068, 0.00609225593507, -0.0120245814323, 0.0292220078409]]
    },
    "melbands": {
        "dmean": [0.000430183921708, 0.000578531238716, 0.000329285336193, 0.000179368202225, 0.000122479803395, 0.000180515897227, 0.000151999658556, 5.08565899509e-05, 7.87259923527e-05, 0.000166235331562, 0.000104220198409, 0.00010219685646, 5.25450814166e-05, 3.44841573678e-05, 3.86311512557e-05, 2.62087669398e-05, 3.80595338356e-05, 4.28829043813e-05, 2.79742343992e-05, 3.12709853461e-05, 3.50276168319e-05, 4.83081821585e-05, 4.14883143094e-05, 2.85328715108e-05, 1.97617209778e-05, 2.08813453355e-05, 1.69961604115e-05, 7.89780096966e-06, 4.68597272629e-06, 4.14891701439e-06, 3.24702341459e-06, 2.19457660933e-06, 2.35060792875e-06, 1.91160620489e-06, 1.55269788138e-06, 1.16416549645e-06, 9.62515855463e-07, 5.31200385012e-07, 3.63556409866e-07, 2.23580556735e-07],
        "dmean2": [0.00070940196747, 0.000968383334111, 0.000552397745196, 0.000299135688692, 0.000202269104193, 0.000295153877232, 0.000236065650824, 8.04632290965e-05, 0.000127902545501, 0.00027670149575, 0.000167733873241, 0.000156164416694, 7.93675062596e-05, 5.66345624975e-05, 6.38406490907e-05, 4.28600105806e-05, 6.30005306448e-05, 6.98037401889e-05, 4.59858238173e-05, 5.01166905451e-05, 5.60882181162e-05, 7.41537005524e-05, 6.77467833157e-05, 4.72576211905e-05, 3.19135033351e-05, 3.33160423907e-05, 2.7556090572e-05, 1.29081872728e-05, 7.78974754212e-06, 6.68167695039e-06, 5.11136613568e-06, 3.44155932908e-06, 3.71666919818e-06, 2.98460236081e-06, 2.44323086918e-06, 1.79132939593e-06, 1.53820110427e-06, 8.80876939391e-07, 5.70939903355e-07, 3.4395077364e-07],
        "dvar": [4.05393564051e-07, 5.66273797631e-07, 1.75084252874e-07, 7.11066192594e-08, 2.06901873412e-08, 8.82745680997e-08, 9.98648488348e-08, 7.89367593512e-09, 4.18673700153e-08, 1.40523482628e-07, 6.20890361347e-08, 6.15343225263e-08, 1.72706773327e-08, 5.72856162506e-09, 6.49067288805e-09, 1.48204692962e-09, 2.96858471138e-09, 5.47636735959e-09, 1.66772606836e-09, 2.09429762421e-09, 2.09422257313e-09, 7.20581949665e-09, 2.63736810169e-09, 1.96642635508e-09, 1.14925191586e-09, 1.07892350609e-09, 5.01931329833e-10, 1.09765203871e-10, 2.37475317189e-11, 3.76350443865e-11, 2.28206620267e-11, 1.36018739674e-11, 1.20440263665e-11, 6.17320040572e-12, 4.91762793681e-12, 4.46612321778e-12, 7.60027284163e-12, 2.50843052926e-12, 3.92107651686e-13, 8.53487677126e-14],
        "dvar2": [1.04072614704e-06, 1.45715728195e-06, 4.56052049458e-07, 1.79693998348e-07, 5.43331495351e-08, 2.18674074404e-07, 2.1783272075e-07, 2.0172770121e-08, 1.07443810293e-07, 3.84658591202e-07, 1.56460572498e-07, 1.36253419214e-07, 3.52617739452e-08, 1.54381751827e-08, 1.6976079209e-08, 3.49756268392e-09, 7.34195637619e-09, 1.42092915212e-08, 4.05730249398e-09, 4.82035122928e-09, 4.85255435834e-09, 1.58080553092e-08, 6.49463194335e-09, 4.92089391457e-09, 2.98123481457e-09, 2.42705211484e-09, 1.12101061767e-09, 2.63998517491e-10, 5.89279458563e-11, 8.99788646369e-11, 5.36554654873e-11, 2.43692271223e-11, 2.8198306537e-11, 1.46957324781e-11, 1.07447106767e-11, 1.02697980328e-11, 1.72067377707e-11, 5.92539515717e-12, 9.06976100126e-13, 1.92303014875e-13],
        "max": [0.00630241865292, 0.00644458597526, 0.00418166676536, 0.00382526498288, 0.00174135179259, 0.004529254511, 0.00560594908893, 0.00213405769318, 0.00393310189247, 0.00592068349943, 0.00368881667964, 0.00367554160766, 0.00264531048015, 0.00211208616383, 0.00131686741952, 0.000582452514209, 0.000595601275563, 0.00152377644554, 0.000454006541986, 0.000740876828786, 0.000620653270744, 0.00190408132039, 0.000695643539075, 0.000612266303506, 0.000664993014652, 0.000563251087442, 0.000305692607071, 0.000173174965312, 7.83765644883e-05, 0.000117832780234, 6.71281595714e-05, 8.54683821672e-05, 5.47332238057e-05, 3.76216157747e-05, 4.37552662333e-05, 3.02325679513e-05, 4.92968356411e-05, 2.58283926087e-05, 1.07473197204e-05, 5.45641478311e-06],
        "mean": [0.000527722586412, 0.000834578531794, 0.000545473885722, 0.000265240523731, 0.000202193550649, 0.000303001521388, 0.000261201232206, 0.000104872793599, 0.000131513879751, 0.000298738304991, 0.000189197613508, 0.000184341799468, 9.42122132983e-05, 6.00218590989e-05, 6.91068926244e-05, 4.74066473544e-05, 6.47889828542e-05, 7.56776353228e-05, 4.84468801005e-05, 5.70892188989e-05, 6.5394124249e-05, 9.34843046707e-05, 8.29512064229e-05, 6.46776461508e-05, 4.09227068303e-05, 4.22340526711e-05, 3.54400399374e-05, 1.75937875611e-05, 1.13026444524e-05, 9.58361306402e-06, 7.16248860044e-06, 5.019301625e-06, 5.38774702363e-06, 4.55371582575e-06, 3.73029729417e-06, 2.62291723629e-06, 1.87834530152e-06, 9.91299657471e-07, 7.14325381068e-07, 4.50105943628e-07],
        "median": [0.000291806994937, 0.000527702621184, 0.000398819101974, 0.000180545452167, 0.000145544297993, 0.000197531073354, 0.000135749520268, 7.09057567292e-05, 7.70981641836e-05, 8.06963871582e-05, 6.16367979092e-05, 5.75268968532e-05, 3.68933542632e-05, 3.50143600372e-05, 3.30908296746e-05, 3.15639917972e-05, 4.24751742685e-05, 4.95262756885e-05, 3.34860524163e-05, 3.56729397026e-05, 4.73597137898e-05, 5.63095018151e-05, 5.65841401112e-05, 3.78381701012e-05, 2.73040222964e-05, 2.4096452762e-05, 2.42151381826e-05, 1.37233382702e-05, 9.3514981927e-06, 7.39200368116e-06, 5.03326782564e-06, 3.5251623558e-06, 3.76819230041e-06, 3.22652249451e-06, 2.74743388218e-06, 1.77138622348e-06, 1.10729502012e-06, 5.77577111471e-07, 4.85600367028e-07, 3.05335589701e-07],
        "min": [4.35350648331e-06, 1.38109717227e-05, 7.60451530368e-06, 3.33493585458e-06, 6.29554324405e-06, 4.52674748885e-06, 8.16890133137e-06, 2.19761841436e-06, 2.07119273909e-06, 2.68348480859e-06, 2.63225433628e-06, 5.38565473107e-06, 2.69707356892e-06, 3.54559369953e-06, 2.61653781308e-06, 2.08187088901e-06, 6.05799777986e-06, 7.82918232289e-06, 2.44102648139e-06, 4.17666569774e-06, 8.02803333499e-06, 6.39352856524e-06, 8.23110531201e-06, 5.09714300279e-06, 4.24097879659e-06, 3.51706967194e-06, 3.36612788487e-06, 1.90290938917e-06, 1.15891748464e-06, 7.6596307963e-07, 5.36604716217e-07, 3.26974259224e-07, 2.44422295737e-07, 2.88709060214e-07, 2.54797129173e-07, 1.01303086808e-07, 1.83716384328e-08, 1.67669735873e-08, 7.17727299815e-09, 5.7920157559e-10],
