{
"highlevel": {
    "danceability": {
        "all": {
            "danceable": 0.444093495607,
            "not_danceable": 0.55590647459
        },
        "probability": 0.55590647459,
        "value": "not_danceable"
    },
    "gender": {
        "all": {
            "female": 0.873536229134,
            "male": 0.126463785768
        },
        "probability": 0.873536229134,
        "value": "female"
    },
    "genre_dortmund": {
        "all": {
            "alternative": 0.153992414474,
            "blues": 0.0379330664873,
            "electronic": 0.0791639015079,
            "folkcountry": 0.0541655644774,
            "funksoulrnb": 0.0105942366645,
            "jazz": 0.0553636178374,
            "pop": 0.123148918152,
            "raphiphop": 0.0134681062773,
            "rock": 0.472170174122
        },
        "probability": 0.472170174122,
        "value": "rock"
    },
    "genre_electronic": {
        "all": {
            "ambient": 0.362577587366,
            "dnb": 0.293272167444,
            "house": 0.162718102336,
            "techno": 0.013412181288,
            "trance": 0.168019965291
        },
        "probability": 0.362577587366,
        "value": "ambient"
    },
    "genre_rosamerica": {
        "all": {
            "cla": 0.0216125007719,
            "dan": 0.113195024431,
            "hip": 0.0453103110194,
            "jaz": 0.018944254145,
            "pop": 0.281379550695,
            "rhy": 0.0723663270473,
            "roc": 0.438087254763,
            "spe": 0.0091047771275
        },
        "probability": 0.438087254763,
        "value": "roc"
    },
    "genre_tzanetakis": {
        "all": {
            "blu": 0.0626541376114,
            "cla": 0.0348133966327,
            "cou": 0.0783501937985,
            "dis": 0.104547761381,
            "hip": 0.15693578124,
            "jaz": 0.313987255096,
            "met": 0.044816005975,
            "pop": 0.0627349764109,
            "reg": 0.0627352520823,
            "roc": 0.0784252434969
        },
        "probability": 0.313987255096,
        "value": "jaz"
    },
    "ismir04_rhythm": {
        "all": {
            "ChaChaCha": 0.0576691254973,
            "Jive": 0.216934293509,
            "Quickstep": 0.0625782236457,
            "Rumba-American": 0.0119617581367,
            "Rumba-International": 0.0728200674057,
            "Rumba-Misc": 0.0247128121555,
            "Samba": 0.334589332342,
            "Tango": 0.0134347826242,
            "VienneseWaltz": 0.18746688962,
            "Waltz": 0.0178327038884
        },
        "probability": 0.334589332342,
        "value": "Samba"
    },
    "mood_acoustic": {
        "all": {
            "acoustic": 0.0536622367799,
            "not_acoustic": 0.946337759495
        },
        "probability": 0.946337759495,
        "value": "not_acoustic"
    },
    "mood_aggressive": {
        "all": {
            "aggressive": 0.576542139053,
            "not_aggressive": 0.423457890749
        },
        "probability": 0.576542139053,
        "value": "aggressive"
    },
    "mood_electronic": {
        "all": {
            "electronic": 0.556504368782,
            "not_electronic": 0.443495601416
        },
        "probability": 0.556504368782,
        "value": "electronic"
    },
    "mood_happy": {
        "all": {
            "happy": 0.202316641808,
            "not_happy": 0.797683358192
        },
        "probability": 0.797683358192,
        "value": "not_happy"
    },
    "mood_party": {
        "all": {
            "not_party": 0.526130199432,
            "party": 0.473869800568
        },
        "probability": 0.526130199432,
        "value": "not_party"
    },
    "mood_relaxed": {
        "all": {
            "not_relaxed": 0.922282457352,
            "relaxed": 0.077717512846
        },
        "probability": 0.922282457352,
        "value": "not_relaxed"
    },
    "mood_sad": {
        "all": {
            "not_sad": 0.746514081955,
            "sad": 0.253485888243
        },
        "probability": 0.746514081955,
        "value": "not_sad"
    },
    "moods_mirex": {
        "all": {
            "Cluster1": 0.477400362492,
            "Cluster2": 0.1326533705,
            "Cluster3": 0.245429709554,
            "Cluster4": 0.0214322637767,
            "Cluster5": 0.123084276915
        },
        "probability": 0.477400362492,
        "value": "Cluster1"
    },
    "timbre": {
        "all": {
            "bright": 0.572398900986,
            "dark": 0.427601099014
        },
        "probability": 0.572398900986,
        "value": "bright"
    },
    "tonal_atonal": {
        "all": {
            "atonal": 0.0408169701695,
            "tonal": 0.959183037281
        },
        "probability": 0.959183037281,
        "value": "tonal"
    },
    "voice_instrumental": {
        "all": {
            "instrumental": 0.049690887332,
            "voice": 0.950309097767
        },
        "probability": 0.950309097767,
        "value": "voice"
    }
},
"lowlevel": {
    "average_loudness": 0.958482861519,
    "barkbands_crest": {
        "dmean": 2.55386424065,
        "dmean2": 4.07532405853,
        "dvar": 6.47748231888,
        "dvar2": 16.0299682617,
        "max": 26.5554027557,
        "mean": 10.6214666367,
        "median": 9.85475730896,
        "min": 2.42742967606,
        "var": 19.0268325806
    },
    "barkbands_flatness_db": {
        "dmean": 0.0215645357966,
        "dmean2": 0.0340817682445,
        "dvar": 0.000520172528923,
        "dvar2": 0.00116569141392,
        "max": 0.486477196217,
        "mean": 0.146869212389,
        "median": 0.140191376209,
        "min": 0.0515612177551,
        "var": 0.00233706645668
    },
    "barkbands_kurtosis": {
        "dmean": 6.28993606567,
        "dmean2": 10.2259206772,
        "dvar": 1654.73278809,
        "dvar2": 4331.07714844,
        "max": 1074.23852539,
        "mean": 8.24890518188,
        "median": 2.42191123962,
        "min": -1.66749751568,
        "var": 1947.2130127
    },
    "barkbands_skewness": {
        "dmean": 0.622462153435,
        "dmean2": 0.950049579144,
        "dvar": 1.03678953648,
        "dvar2": 2.39858961105,
        "max": 27.6718196869,
        "mean": 1.96130669117,
        "median": 1.70159244537,
        "min": -0.973125755787,
        "var": 2.94700312614
    },
    "barkbands_spread": {
        "dmean": 5.21977138519,
        "dmean2": 8.24402141571,
        "dvar": 35.4355239868,
        "dvar2": 86.3235092163,
        "max": 71.1553497314,
        "mean": 20.9505748749,
        "median": 19.3993644714,
        "min": 0.147605761886,
        "var": 101.882568359
    },
    "dissonance": {
        "dmean": 0.0139212179929,
        "dmean2": 0.0235831700265,
        "dvar": 0.00018502867897,
        "dvar2": 0.000502865063027,
        "max": 0.498905450106,
        "mean": 0.473784536123,
        "median": 0.478607207537,
        "min": 0.361201286316,
        "var": 0.000338801415637
    },
    "dynamic_complexity": 2.34658837318,
    "erbbands_crest": {
        "dmean": 2.30509376526,
        "dmean2": 3.83071804047,
        "dvar": 5.30220317841,
        "dvar2": 13.7796506882,
        "max": 26.3620319366,
        "mean": 7.32833814621,
        "median": 6.38180732727,
        "min": 2.37472367287,
        "var": 10.9855613708
    },
    "erbbands_flatness_db": {
        "dmean": 0.0153182949871,
        "dmean2": 0.0224576238543,
        "dvar": 0.000218144326936,
        "dvar2": 0.000437232753029,
        "max": 0.285466164351,
        "mean": 0.141153246164,
        "median": 0.139419525862,
        "min": 0.063604041934,
        "var": 0.000858515268192
    },
    "erbbands_kurtosis": {
        "dmean": 0.593676149845,
        "dmean2": 0.97446590662,
        "dvar": 0.983490765095,
        "dvar2": 2.51316022873,
        "max": 15.4995059967,
        "mean": -0.216431230307,
        "median": -0.442685842514,
        "min": -1.74358046055,
        "var": 1.47395324707
    },
    "erbbands_skewness": {
        "dmean": 0.300749778748,
        "dmean2": 0.481748372316,
        "dvar": 0.0907269269228,
        "dvar2": 0.225730836391,
        "max": 3.79126501083,
        "mean": 0.0288230795413,
        "median": -0.0182099100202,
        "min": -1.73729896545,
        "var": 0.285711884499
    },
    "erbbands_spread": {
        "dmean": 8.47958087921,
        "dmean2": 12.9360971451,
        "dvar": 70.0721969604,
        "dvar2": 143.997253418,
        "max": 118.061904907,
        "mean": 44.3732948303,
        "median": 41.3769073486,
        "min": 8.60580062866,
        "var": 298.438781738
    },
    "hfc": {
        "dmean": 5.85282897949,
        "dmean2": 8.61656761169,
        "dvar": 69.8706436157,
        "dvar2": 153.367660522,
        "max": 81.6794204712,
        "mean": 21.027130127,
        "median": 17.5490665436,
        "min": 0.00952349044383,
        "var": 197.966064453
    },
    "melbands_crest": {
        "dmean": 3.23568487167,
        "dmean2": 5.19400024414,
        "dvar": 10.2910871506,
        "dvar2": 26.9031219482,
        "max": 33.6682739258,
        "mean": 15.9853582382,
        "median": 15.6690311432,
        "min": 3.99438381195,
        "var": 32.1476325989
    },
    "melbands_flatness_db": {
        "dmean": 0.0261354129761,
        "dmean2": 0.0397206880152,
        "dvar": 0.000751223531552,
        "dvar2": 0.00163080077618,
        "max": 0.604786515236,
        "mean": 0.203815221786,
        "median": 0.19756616652,
        "min": 0.0280554760247,
        "var": 0.00441491883248
    },
    "melbands_kurtosis": {
        "dmean": 10.2922277451,
        "dmean2": 16.131401062,
        "dvar": 488.057647705,
        "dvar2": 1082.625,
        "max": 472.185974121,
        "mean": 20.0960330963,
        "median": 10.4117441177,
        "min": -1.36265039444,
        "var": 1367.02099609
    },
    "melbands_skewness": {
        "dmean": 0.859611868858,
        "dmean2": 1.30910253525,
        "dvar": 0.953851938248,
        "dvar2": 2.27998757362,
        "max": 15.1638889313,
        "mean": 3.33962702751,
        "median": 2.99071669579,
        "min": -0.791684508324,
        "var": 3.53039169312
    },
    "melbands_spread": {
        "dmean": 5.8052945137,
        "dmean2": 9.03736305237,
        "dvar": 49.6233444214,
        "dvar2": 115.205329895,
        "max": 115.249320984,
        "mean": 19.4425373077,
        "median": 16.4062690735,
        "min": 0.260537326336,
        "var": 158.857269287
    },
    "pitch_salience": {
        "dmean": 0.0771269053221,
        "dmean2": 0.125090956688,
        "dvar": 0.00605485076085,
        "dvar2": 0.015533817932,
        "max": 0.887157380581,
        "mean": 0.520688533783,
        "median": 0.533972978592,
        "min": 0.0637681484222,
        "var": 0.0140981860459
    },
    "silence_rate_20dB": {
        "dmean": 0,
        "dmean2": 0,
        "dvar": 0,
        "dvar2": 0,
        "max": 1,
        "mean": 1,
        "median": 1,
        "min": 1,
        "var": 0
    },
    "silence_rate_30dB": {
        "dmean": 0.0464396290481,
        "dmean2": 0.0929512009025,
        "dvar": 0.044282477349,
        "dvar2": 0.109096772969,
        "max": 1,
        "mean": 0.964423835278,
        "median": 1,
        "min": 0,
        "var": 0.0343110300601
    },
    "silence_rate_60dB": {
        "dmean": 0.011609907262,
        "dmean2": 0.0232378002256,
        "dvar": 0.0114750526845,
        "dvar2": 0.0257965903729,
        "max": 1,
        "mean": 0.0201082751155,
        "median": 0,
        "min": 0,
        "var": 0.0197039488703
    },
    "spectral_centroid": {
        "dmean": 256.049163818,
        "dmean2": 398.07723999,
        "dvar": 66966.8203125,
        "dvar2": 162871.046875,
        "max": 3722.76171875,
        "mean": 1255.49560547,
        "median": 1200.44812012,
        "min": 116.369346619,
        "var": 237815.859375
    },
    "spectral_complexity": {
        "dmean": 3.8188855648,
        "dmean2": 6.05267238617,
        "dvar": 14.6777505875,
        "dvar2": 29.850107193,
        "max": 53,
        "mean": 23.7927303314,
        "median": 24,
        "min": 0,
        "var": 93.4946060181
    },
    "spectral_decrease": {
        "dmean": 3.32894356525e-09,
        "dmean2": 5.15396614276e-09,
        "dvar": 2.43533850649e-17,
        "dvar2": 5.28555871363e-17,
        "max": -1.69318899179e-11,
        "mean": -1.04754516173e-08,
        "median": -8.47118108993e-09,
        "min": -4.54974085073e-08,
        "var": 6.41565849133e-17
    },
    "spectral_energy": {
        "dmean": 0.0129062533379,
        "dmean2": 0.0199570450932,
        "dvar": 0.000361261772923,
        "dvar2": 0.000779772526585,
        "max": 0.177833050489,
        "mean": 0.041444003582,
        "median": 0.0339292734861,
        "min": 6.47686756565e-05,
        "var": 0.000961643061601
    },
    "spectral_energyband_high": {
        "dmean": 0.000394857663196,
        "dmean2": 0.000572489690967,
        "dvar": 7.7290178524e-07,
        "dvar2": 1.75826050963e-06,
        "max": 0.00948649272323,
        "mean": 0.000801026064437,
        "median": 0.00038693175884,
        "min": 7.77520483553e-08,
        "var": 1.26010763779e-06
    },
    "spectral_energyband_low": {
        "dmean": 0.00928615126759,
        "dmean2": 0.0138815063983,
        "dvar": 0.000266533956164,
        "dvar2": 0.000584480876569,
        "max": 0.161467522383,
        "mean": 0.0219403319061,
        "median": 0.0132706016302,
        "min": 1.06787283585e-05,
        "var": 0.000639697245788
    },
    "spectral_energyband_middle_high": {
        "dmean": 0.0018556205323,
        "dmean2": 0.00292366859503,
        "dvar": 6.49852472634e-06,
        "dvar2": 1.68215192389e-05,
        "max": 0.0388544499874,
        "mean": 0.0059603638947,
        "median": 0.00472562713549,
        "min": 4.84241070353e-07,
        "var": 2.41092093347e-05
    },
    "spectral_energyband_middle_low": {
        "dmean": 0.00767273129895,
        "dmean2": 0.0125856241211,
        "dvar": 0.000162854717928,
        "dvar2": 0.000431923923315,
        "max": 0.134907498956,
        "mean": 0.0159845259041,
        "median": 0.0110633037984,
        "min": 2.15016916627e-06,
        "var": 0.000223948867642
    },
    "spectral_entropy": {
        "dmean": 0.141203910112,
        "dmean2": 0.218285471201,
        "dvar": 0.0248827189207,
        "dvar2": 0.0533381737769,
        "max": 8.43673706055,
        "mean": 7.63920259476,
        "median": 7.65205192566,
        "min": 5.96796607971,
        "var": 0.093664444983
    },
    "spectral_flux": {
        "dmean": 0.0288014225662,
        "dmean2": 0.0443576350808,
        "dvar": 0.001435289043,
        "dvar2": 0.00283359643072,
        "max": 0.369810968637,
        "mean": 0.0936497524381,
        "median": 0.0801519304514,
        "min": 0.00351523654535,
        "var": 0.00312627572566
    },
    "spectral_kurtosis": {
        "dmean": 1.27234780788,
        "dmean2": 2.19104766846,
        "dvar": 1.77485704422,
        "dvar2": 5.09051084518,
        "max": 21.0318489075,
        "mean": 4.02995014191,
        "median": 3.86031007767,
        "min": -0.211682796478,
        "var": 4.03456115723
    },
    "spectral_rms": {
        "dmean": 0.000952321570367,
        "dmean2": 0.00142008613329,
        "dvar": 1.44154000736e-06,
        "dvar2": 2.9385041671e-06,
        "max": 0.0131717752665,
        "mean": 0.00590019999072,
        "median": 0.00575341004878,
        "min": 0.000251374120126,
        "var": 5.62080049349e-06
    },
    "spectral_rolloff": {
        "dmean": 428.530273438,
        "dmean2": 706.543151855,
        "dvar": 462331.03125,
        "dvar2": 1157599.125,
        "max": 8505.61523438,
        "mean": 1124.97021484,
        "median": 968.994140625,
        "min": 64.599609375,
        "var": 926000.1875
    },
    "spectral_skewness": {
        "dmean": 0.190182432532,
        "dmean2": 0.314364105463,
        "dvar": 0.0298335105181,
        "dvar2": 0.0777060166001,
        "max": 3.12659716606,
        "mean": 1.44496905804,
        "median": 1.44629013538,
        "min": 0.485489606857,
        "var": 0.12563803792
    },
    "spectral_spread": {
        "dmean": 485667.65625,
        "dmean2": 680780.5625,
        "dvar": 440594432000,
        "dvar2": 725173010432,
        "max": 15729338,
        "mean": 4293098,
        "median": 4037594.75,
        "min": 2155995,
        "var": 1.2053128151e+12
    },
    "spectral_strongpeak": {
        "dmean": 0.331566870213,
        "dmean2": 0.548765301704,
        "dvar": 0.243755236268,
        "dvar2": 0.63196760416,
        "max": 6.02390384674,
        "mean": 0.725336015224,
        "median": 0.601988375187,
        "min": 0,
        "var": 0.381780713797
    },
    "zerocrossingrate": {
        "dmean": 0.00904907565564,
        "dmean2": 0.0105538340285,
        "dvar": 9.35847565415e-05,
        "dvar2": 0.000120932076243,
        "max": 0.21435546875,
        "mean": 0.0498790815473,
        "median": 0.046875,
        "min": 0.001953125,
        "var": 0.00063946552109
    },
    "barkbands": {
        "dmean": [0.000310668692691, 0.00535624241456, 0.00421653687954, 0.00467484630644, 0.00208124658093, 0.00167970499024, 0.000655462383293, 0.000342624494806, 0.00082812376786, 0.000528040109202, 0.00050934148021, 0.000425691192504, 0.000492646940984, 0.000432770786574, 0.000211399659747, 0.000250697543379, 0.000159806484589, 0.000151185857248, 0.000188291305676, 0.000100476223452, 0.000123365636682, 0.00011997672118, 7.42616321077e-05, 4.21686017944e-05, 3.3257445466e-05, 2.88834471576e-05, 4.03725897158e-09],
        "dmean2": [0.00049419363495, 0.00802042055875, 0.00702176382765, 0.00766569981351, 0.00340905040503, 0.00283094518818, 0.0011263928609, 0.000591637508478, 0.00132926460356, 0.000900273269508, 0.000831698183902, 0.000681287783664, 0.00082226190716, 0.000713715504389, 0.000348591071088, 0.000421525386628, 0.000263504247414, 0.000253135949606, 0.000306667468976, 0.000159760573297, 0.000199834918021, 0.000193696643692, 0.000108931773866, 5.88620969211e-05, 4.9381662393e-05, 4.39427167294e-05, 7.13004544295e-09],
        "dvar": [3.90598216882e-07, 0.000124034486362, 0.000109311455162, 0.000113444279123, 1.22929059216e-05, 1.05604985947e-05, 2.032092425e-06, 6.78133460497e-07, 2.58716136159e-06, 1.52930056174e-06, 1.81556072221e-06, 7.94235859303e-07, 7.96069514308e-07, 5.27134716322e-07, 9.21797607134e-08, 1.19722542991e-07, 4.27570903128e-08, 6.59824124227e-08, 7.42202388437e-08, 2.62954689134e-08, 8.12084266499e-08, 1.22563079685e-07, 2.32106138753e-08, 6.03920602416e-09, 7.93585819281e-09, 4.69292160687e-09, 2.30973099813e-16],
        "dvar2": [8.53681854096e-07, 0.000292862125207, 0.000283891917206, 0.000303946260829, 3.16856239806e-05, 2.91735741484e-05, 5.11586222274e-06, 1.74881188286e-06, 6.68869961373e-06, 4.25917551183e-06, 4.9106829465e-06, 1.88155297565e-06, 2.09591917155e-06, 1.32942523123e-06, 2.14671544541e-07, 2.90058636665e-07, 1.15136444379e-07, 1.7290413723e-07, 1.86149947012e-07, 6.37895567479e-08, 2.01780892439e-07, 3.10412559656e-07, 4.70517242945e-08, 1.21824781374e-08, 1.85390938157e-08, 1.1624981866e-08, 5.44628632557e-16],
        "max": [0.0134800076485, 0.116347432137, 0.100067131221, 0.111118420959, 0.0491794534028, 0.0431772209704, 0.0190421231091, 0.011350158602, 0.0295851174742, 0.0195063445717, 0.0243130233139, 0.0159364193678, 0.0136114172637, 0.0106170903891, 0.00664586853236, 0.00522763701156, 0.00225717946887, 0.00482222111896, 0.00289547233842, 0.00230500451289, 0.00346656702459, 0.00392364989966, 0.00187102309428, 0.00146789697465, 0.00207163370214, 0.000768545025494, 2.52044287663e-07],
        "mean": [0.000398329575546, 0.0116209033877, 0.00677069230005, 0.00658058421686, 0.00401068339124, 0.00253896322101, 0.000887315138243, 0.00049529079115, 0.00129810429644, 0.000795498781372, 0.000798988970928, 0.000779673398938, 0.000945935957134, 0.000802699185442, 0.000396406423533, 0.000449457176728, 0.000305236113491, 0.000291481352178, 0.000378807482775, 0.000206752214581, 0.00022565103427, 0.000173637992702, 0.000127261097077, 7.74322252255e-05, 5.50117802049e-05, 3.32254567184e-05, 3.06223735258e-09],
        "median": [0.000160683004651, 0.00444111088291, 0.00356374750845, 0.00272683706135, 0.00209134607576, 0.00124551402405, 0.000326707115164, 0.000206848359085, 0.000605017878115, 0.000332911935402, 0.000289571966277, 0.000358378922101, 0.0005258761812, 0.000484332733322, 0.000275238620816, 0.000348194211256, 0.000232756545302, 0.000195889311726, 0.00023443181999, 0.000130741522298, 0.000114949951239, 5.70957527088e-05, 4.54561777588e-05, 3.38805293723e-05, 2.50015909842e-05, 1.0120485058e-05, 5.81007297829e-10],
        "min": [4.37360050398e-08, 1.93851192876e-07, 4.404591607e-07, 6.56723159409e-07, 8.88187685177e-07, 5.20795815362e-08, 2.11861408417e-08, 2.07580210798e-08, 5.44084670651e-08, 5.10963822364e-08, 8.484562386e-09, 3.6296491146e-08, 3.77650408723e-08, 4.20884092023e-08, 3.8588076734e-08, 8.382708927e-08, 3.89668741718e-08, 6.86442191977e-08, 4.18890166998e-08, 3.23247419942e-08, 1.18022631668e-08, 6.98691504653e-09, 9.18197162747e-09, 8.70516370099e-09, 7.45493533572e-09, 9.71032629304e-11, 9.32037259871e-12],
        "var": [5.68889049646e-07, 0.000295065314276, 0.000110503729957, 0.000115439273941, 2.79964751826e-05, 1.55495436047e-05, 3.16786099575e-06, 1.12701229682e-06, 3.80239998776e-06, 2.35397101278e-06, 3.44866339219e-06, 1.50195728565e-06, 1.84362511391e-06, 1.24140808566e-06, 1.96908416683e-07, 2.07452373502e-07, 7.0553568321e-08, 1.13262380808e-07, 1.54040534994e-07, 4.91186114004e-08, 1.07436328278e-07, 1.34177398081e-07, 4.24259170018e-08, 1.51792978187e-08, 1.47804666284e-08, 4.82747308794e-09, 1.75801688203e-16]
    },
    "erbbands": {
        "dmean": [0.0862484276295, 1.46620488167, 4.46484088898, 10.9737443924, 11.6538496017, 5.59719085693, 8.00600719452, 16.5675487518, 12.2214756012, 6.46899700165, 8.87360954285, 18.7755508423, 16.3067054749, 15.4186506271, 19.2739467621, 15.2736778259, 24.4347839355, 20.1624317169, 13.9435768127, 10.6177797318, 13.1292524338, 8.57635593414, 7.05005550385, 10.2071828842, 6.34087228775, 5.07217741013, 5.04458856583, 4.89920949936, 4.39988183975, 2.56044530869, 2.20020508766, 1.16786313057, 0.656734347343, 0.457784116268, 0.199151426554, 0.172469943762, 0.0421033389866, 0.00356991146691, 7.0265145041e-05, 1.64332923305e-05],
        "dmean2": [0.131907224655, 2.19351530075, 7.03180217743, 18.0486793518, 18.9627952576, 9.42806816101, 13.5794029236, 27.7375335693, 20.7484169006, 11.145450592, 14.970741272, 30.5971603394, 27.1223335266, 25.935131073, 30.8348846436, 25.0403060913, 40.4753494263, 32.5558128357, 22.6938266754, 17.4649753571, 22.0402336121, 14.1413526535, 11.7157669067, 16.6124725342, 10.3396320343, 8.10457134247, 8.13460922241, 8.00025272369, 7.13128995895, 4.05365991592, 3.27291107178, 1.69874429703, 0.911039888859, 0.692773938179, 0.299146771431, 0.262925833464, 0.0638242959976, 0.0058958940208, 0.000110059154395, 2.50938373938e-05],
        "dvar": [0.0240375325084, 9.45647144318, 98.8995437622, 599.168273926, 464.703430176, 135.903274536, 217.282119751, 1231.14221191, 697.338928223, 187.387695312, 292.950256348, 1765.62109375, 1246.4597168, 680.73626709, 1823.24499512, 772.893310547, 2144.32519531, 1118.71362305, 550.429931641, 275.791503906, 370.376800537, 120.953109741, 148.877243042, 227.221221924, 76.6866455078, 66.5476379395, 85.2195053101, 163.653778076, 156.038131714, 50.3649749756, 20.8168983459, 4.69276618958, 1.42263829708, 1.58491778374, 0.232805758715, 0.231037035584, 0.00635835202411, 5.82187494729e-05, 1.85282562626e-08, 5.24030596694e-10],
        "dvar2": [0.0554072931409, 21.7554035187, 240.399810791, 1596.08984375, 1218.83361816, 354.503448486, 582.94732666, 3345.94238281, 1767.98120117, 494.561248779, 782.52142334, 4637.87548828, 3432.61425781, 1770.56542969, 5020.21582031, 1944.70349121, 5649.63720703, 2976.87060547, 1235.2109375, 725.895202637, 879.838378906, 319.695404053, 394.252502441, 571.963378906, 188.720428467, 159.526855469, 202.573028564, 416.342987061, 390.68258667, 108.349983215, 45.3513793945, 9.96807384491, 2.91288304329, 3.69793653488, 0.518624424934, 0.577748417854, 0.0151211982593, 0.000148241393617, 4.60602507246e-08, 1.08445519231e-09],
        "max": [1.88962304592, 30.2042331696, 105.043960571, 243.471191406, 214.643249512, 291.412322998, 242.176055908, 519.09197998, 342.460357666, 236.238510132, 237.390884399, 826.476135254, 497.834716797, 311.323181152, 709.312988281, 508.627685547, 726.267700195, 467.312774658, 454.367889404, 340.632293701, 344.439849854, 124.126693726, 223.256820679, 216.377182007, 85.2536468506, 121.384376526, 105.86164093, 156.508300781, 141.132522583, 95.9526672363, 48.0796012878, 23.9464931488, 24.4400691986, 29.2583808899, 10.156996727, 5.83994102478, 0.698274075985, 0.0937985926867, 0.00152990524657, 0.000222323695198],
        "mean": [0.186357885599, 3.04252624512, 8.51831626892, 15.5091028214, 20.8739681244, 9.22179412842, 12.4469900131, 23.8260917664, 17.1075248718, 10.1904792786, 13.7937583923, 28.2080192566, 27.6409263611, 25.384519577, 33.2691802979, 31.319480896, 48.090877533, 38.1771621704, 27.9091434479, 21.5244064331, 24.2359657288, 17.9572353363, 15.1499252319, 21.6626853943, 13.4412822723, 10.2267303467, 9.91776371002, 7.99386882782, 6.35653352737, 4.35109615326, 3.6740603447, 2.07877182961, 1.16722548008, 0.757231235504, 0.310515075922, 0.208716228604, 0.0457476712763, 0.00331442430615, 8.98669750313e-05, 5.20779794897e-05],
        "median": [0.0735828876495, 1.18203544617, 4.63573360443, 6.9735250473, 9.70304393768, 5.34302711487, 6.65966129303, 10.9814729691, 7.08945322037, 4.41529273987, 7.10920381546, 12.4030132294, 13.4071598053, 13.5757493973, 16.1473636627, 19.0392951965, 26.7005214691, 24.9333839417, 17.6209659576, 16.4804897308, 18.6198825836, 13.7701711655, 11.3235340118, 14.2285652161, 9.73791027069, 6.50426006317, 5.60611009598, 3.69392752647, 2.13345766068, 1.45156240463, 1.29963600636, 0.850368499756, 0.524654686451, 0.336575955153, 0.140345185995, 0.0619466491044, 0.0144509766251, 0.000857324164826, 4.36687987531e-05, 4.47255697509e-05],
        "min": [1.83463271242e-05, 6.24623280601e-05, 0.000531189667527, 0.00509514240548, 0.00199804268777, 0.00276180775836, 0.00053116719937, 0.000610493356362, 0.000335974240443, 0.000801388523541, 0.000531312136445, 0.000888011418283, 0.00114108237904, 0.00147970439866, 0.00113512715325, 0.00163422664627, 0.0017532275524, 0.001586899627, 0.00258945790119, 0.00219839345664, 0.00449489848688, 0.00235901586711, 0.00288909557275, 0.00350439525209, 0.00180518662091, 0.00176785641816, 0.000678917916957, 0.000405498343753, 0.000270172546152, 0.000276626989944, 0.000209513760637, 0.000157999704243, 0.000176422312506, 0.000142285585753, 3.47298737324e-05, 6.56341853755e-06, 2.41985071625e-06, 8.61658350004e-07, 5.62168587237e-08, 7.24015976061e-08],
        "var": [0.0697721689939, 21.2564411163, 135.229736328, 616.857849121, 813.446350098, 238.208969116, 309.031707764, 1669.70727539, 1087.23339844, 409.028137207, 432.917938232, 2270.38623047, 2022.01647949, 1274.37231445, 3233.25805664, 1570.46203613, 4963.22607422, 2196.00146484, 1563.06933594, 464.988342285, 672.507080078, 218.823760986, 251.493377686, 480.897766113, 147.436828613, 123.408500671, 150.22215271, 184.510543823, 173.784545898, 78.3281097412, 35.0850601196, 9.69558048248, 3.65004324913, 3.05205440521, 0.429757982492, 0.229596868157, 0.00732456846163, 5.23410999449e-05, 1.92933455878e-08, 1.37780353793e-09]
    },
    "gfcc": {
        "mean": [20.7470188141, 97.4910125732, -121.610366821, 43.6999931335, -51.3479537964, 22.1246356964, -38.4017944336, 6.62200593948, -30.2102031708, 0.520788550377, -16.5971374512, -3.10726904869, -11.6516199112],
        "cov": [[3801.05810547, -229.488342285, 89.4058074951, -213.569076538, -59.0979118347, 258.481201172, -24.3401756287, 60.8712997437, -207.043228149, 100.595161438, -116.413459778, 112.096687317, -153.750747681], [-229.488342285, 800.514465332, -26.7533569336, 15.5258817673, 208.023223877, 13.3256597519, 175.908432007, -7.46852016449, 121.935539246, -62.7443351746, 159.796432495, -87.6373214722, 98.9427719116], [89.4058074951, -26.7533569336, 567.496337891, 164.62538147, 215.955886841, 173.668106079, 96.4023742676, 84.6128082275, 31.9639720917, 59.8386230469, -36.2669944763, 38.0719337463, -79.3006591797], [-213.569076538, 15.5258817673, 164.62538147, 368.982452393, 90.7281723022, 92.581199646, 63.0138893127, -4.06932735443, 67.8907852173, -41.8154182434, 20.3772010803, -53.3556747437, 6.81782579422], [-59.0979118347, 208.023223877, 215.955886841, 90.7281723022, 319.163970947, 118.788589478, 109.023216248, 55.6798934937, 26.7260246277, 27.91929245, 39.50831604, 4.43591594696, -23.719127655], [258.481201172, 13.3256597519, 173.668106079, 92.581199646, 118.788589478, 208.832672119, 95.2467956543, 49.1185340881, 19.4308586121, 15.9498987198, 5.46110296249, 7.6873216629, -21.9701309204], [-24.3401756287, 175.908432007, 96.4023742676, 63.0138893127, 109.023216248, 95.2467956543, 168.637985229, 53.0267868042, 68.8012161255, -3.13718485832, 26.6022758484, -13.9883975983, 2.01185703278], [60.8712997437, -7.46852016449, 84.6128082275, -4.06932735443, 55.6798934937, 49.1185340881, 53.0267868042, 99.4723587036, 31.9227371216, 39.0222816467, 1.7995775938, 15.2383766174, -16.8644714355], [-207.043228149, 121.935539246, 31.9639720917, 67.8907852173, 26.7260246277, 19.4308586121, 68.8012161255, 31.9227371216, 112.802146912, 8.77923583984, 39.3079872131, -16.5978813171, 23.538608551], [100.595161438, -62.7443351746, 59.8386230469, -41.8154182434, 27.91929245, 15.9498987198, -3.13718485832, 39.0222816467, 8.77923583984, 93.1012649536, 12.6052570343, 42.0791358948, -24.2454109192], [-116.413459778, 159.796432495, -36.2669944763, 20.3772010803, 39.50831604, 5.46110296249, 26.6022758484, 1.7995775938, 39.3079872131, 12.6052570343, 100.314460754, -0.770247519016, 42.1616516113], [112.096687317, -87.6373214722, 38.0719337463, -53.3556747437, 4.43591594696, 7.6873216629, -13.9883975983, 15.2383766174, -16.5978813171, 42.0791358948, -0.770247519016, 81.8034820557, -0.769274353981], [-153.750747681, 98.9427719116, -79.3006591797, 6.81782579422, -23.719127655, -21.9701309204, 2.01185703278, -16.8644714355, 23.538608551, -24.2454109192, 42.1616516113, -0.769274353981, 81.9588928223]],
        "icov": [[0.000443366792751, -0.00061964901397, 0.000241937304963, -0.000228763892665, 0.000686938699801, -0.000978384050541, 0.000290505879093, -0.000421973265475, 0.00101724208798, -0.000594613957219, 0.000656222109683, -0.000823678623419, 0.000862122513354], [-0.00061964901397, 0.00643999548629, -0.00140890618786, 0.00361749785952, -0.00432943506166, 0.00290986523032, -0.00388904917054, 0.00337128713727, -0.00403647264466, 0.00402821460739, -0.00672403117642, 0.0064359609969, -0.00441450998187], [0.000241937304963, -0.00140890618786, 0.00431045750156, -0.00226799724624, -0.000619896280114, -0.00200178218074, 0.00083521642955, -0.00146020750981, 0.000274195510428, -0.00196449435316, 0.00357680651359, -0.00356223899871, 0.00294375279918], [-0.000228763892665, 0.00361749785952, -0.00226799724624, 0.00687562627718, -0.00270012300462, -0.000151799948071, -0.00100980664138, 0.00333658396266, -0.00488112960011, 0.00440841028467, -0.00446156645194, 0.00577087746933, -0.00261816103011], [0.000686938699801, -0.00432943506166, -0.000619896280114, -0.00270012300462, 0.00893369596452, -0.00293007935397, 5.88104194321e-06, -0.00308090867475, 0.0053763189353, -0.00318932440132, 0.00123402255122, -0.00390428421088, 0.00414696289226], [-0.000978384050541, 0.00290986523032, -0.00200178218074, -0.000151799948071, -0.00293007935397, 0.011384758167, -0.00572525896132, 0.000272668665275, -0.000155275221914, 0.00156018487178, -0.00345378601924, 0.00245922361501, -0.00256605679169], [0.000290505879093, -0.00388904917054, 0.00083521642955, -0.00100980664138, 5.88104194321e-06, -0.00572525896132, 0.0158811956644, -0.00518531817943, -0.00465906411409, 0.00215409859084, 0.00334480218589, -0.00338276359253, 0.00336514273658], [-0.000421973265475, 0.00337128713727, -0.00146020750981, 0.00333658396266, -0.00308090867475, 0.000272668665275, -0.00518531817943, 0.0186157394201, -0.00584649620578, -0.00321036204696, -0.00126527808607, 0.00326720811427, -0.00200166925788], [0.00101724208798, -0.00403647264466, 0.000274195510428, -0.00488112960011, 0.0053763189353, -0.000155275221914, -0.00465906411409, -0.00584649620578, 0.0216001085937, -0.00754804024473, 0.000827816547826, -0.000750346924178, -0.000991126056761], [-0.000594613957219, 0.00402821460739, -0.00196449435316, 0.00440841028467, -0.00318932440132, 0.00156018487178, 0.00215409859084, -0.00321036204696, -0.00754804024473, 0.0251190140843, -0.0106244813651, -0.00458767218515, 0.00555688142776], [0.000656222109683, -0.00672403117642, 0.00357680651359, -0.00446156645194, 0.00123402255122, -0.00345378601924, 0.00334480218589, -0.00126527808607, 0.000827816547826, -0.0106244813651, 0.0251747146249, -0.00578072527424, -0.0041162413545], [-0.000823678623419, 0.0064359609969, -0.00356223899871, 0.00577087746933, -0.00390428421088, 0.00245922361501, -0.00338276359253, 0.00326720811427, -0.000750346924178, -0.00458767218515, -0.00578072527424, 0.0265144240111, -0.0108759794384], [0.000862122513354, -0.00441450998187, 0.00294375279918, -0.00261816103011, 0.00414696289226, -0.00256605679169, 0.00336514273658, -0.00200166925788, -0.000991126056761, 0.00555688142776, -0.0041162413545, -0.0108759794384, 0.0261756274849]]
    },
    "melbands": {
        "dmean": [0.00112295185681, 0.00211590295658, 0.00190947635565, 0.000546843570191, 0.000267455092398, 0.000356185744749, 0.000170513128978, 7.14116395102e-05, 8.92413445399e-05, 0.000113453817903, 8.43809175421e-05, 6.68095672154e-05, 7.46558871469e-05, 5.37119922228e-05, 5.00305031892e-05, 4.67243880848e-05, 3.77445139748e-05, 2.70717373496e-05, 1.55174438987e-05, 1.5634128431e-05, 1.65205328813e-05, 8.53373148857e-06, 8.90724732017e-06, 7.1996951192e-06, 9.12811992748e-06, 7.47779495214e-06, 3.34650394507e-06, 3.53789323526e-06, 3.32104627887e-06, 3.48536832462e-06, 2.89971603706e-06, 2.6066556984e-06, 2.31475905821e-06, 1.29043723973e-06, 1.32149227738e-06, 1.19099547646e-06, 5.99279076141e-07, 4.81765880522e-07, 4.40190746076e-07, 4.0014657543e-07],
        "dmean2": [0.00169100309722, 0.00317569030449, 0.00313902576454, 0.000898482452612, 0.000450763647677, 0.000597263628151, 0.000289629446343, 0.000123369143694, 0.000148866383824, 0.000184158518096, 0.000140434873174, 0.000112473317131, 0.000120988574054, 8.46091861604e-05, 8.45658432809e-05, 7.65005752328e-05, 6.18944686721e-05, 4.46438243671e-05, 2.56066959992e-05, 2.6352407076e-05, 2.77556409856e-05, 1.42632679854e-05, 1.46096363096e-05, 1.22361398098e-05, 1.48320714288e-05, 1.24554590002e-05, 5.40588780495e-06, 5.74607474846e-06, 5.38190988664e-06, 5.81155700274e-06, 4.77596950077e-06, 4.24137533628e-06, 3.82332291338e-06, 1.93474761545e-06, 2.01232887775e-06, 1.78773450443e-06, 8.97723282378e-07, 6.8843490908e-07, 6.46075420718e-07, 6.29143585229e-07],
        "dvar": [5.04799982082e-06, 1.80031820491e-05, 1.65393794305e-05, 8.72456610068e-07, 2.3895225354e-07, 5.17408011547e-07, 1.29811624561e-07, 2.4907238938e-08, 2.77892109324e-08, 5.45441274369e-08, 3.57494727155e-08, 1.33476554254e-08, 3.82971592217e-08, 1.30000481491e-08, 7.32952409876e-09, 5.6346398658e-09, 3.91783627762e-09, 2.41939912549e-09, 5.5165599866e-10, 5.4308219033e-10, 6.29208851688e-10, 1.18464904553e-10, 1.64316393825e-10, 1.46859580052e-10, 1.80460549282e-10, 1.10849142365e-10, 2.60560358012e-11, 3.27942117906e-11, 2.71543638269e-11, 8.57107440577e-11, 5.42294889549e-11, 4.86419723944e-11, 5.38769515113e-11, 1.05120799218e-11, 9.1778277686e-12, 5.25338409926e-12, 1.22815841698e-12, 6.99296848726e-13, 8.61540710734e-13, 1.48180990048e-12],
        "dvar2": [1.1784817616e-05, 3.97164440074e-05, 4.4356143917e-05, 2.30556088354e-06, 6.26825681138e-07, 1.41332805015e-06, 3.34272158398e-07, 6.43378186282e-08, 7.36164480486e-08, 1.41520345665e-07, 9.90374289245e-08, 3.52132261128e-08, 1.06484357332e-07, 2.92736466179e-08, 2.02674108607e-08, 1.46386165412e-08, 1.04457651418e-08, 5.4172821784e-09, 1.34869670987e-09, 1.44835521354e-09, 1.5698253808e-09, 3.23730431351e-10, 4.13737627492e-10, 3.88344079116e-10, 4.57260868059e-10, 2.80944129072e-10, 6.53220463831e-11, 7.87503673383e-11, 6.60518514883e-11, 2.20621326763e-10, 1.38642042291e-10, 1.18291987317e-10, 1.43346667869e-10, 2.17507140771e-11, 2.05983580887e-11, 1.14825085204e-11, 2.6666015316e-12, 1.44194313607e-12, 1.81650387007e-12, 3.61162206912e-12],
        "max": [0.0266702529043, 0.0448798798025, 0.0418470688164, 0.0109881171957, 0.0066194315441, 0.0102092148736, 0.00444517657161, 0.00268974225037, 0.0023048100993, 0.00449575390667, 0.00273780198768, 0.00136856536847, 0.00348065071739, 0.00164902769029, 0.00121128582396, 0.00104129931424, 0.000812398502603, 0.00103261542972, 0.000449433166068, 0.000407107407227, 0.000420582626248, 0.000119425632874, 0.000179943031981, 0.000213163497392, 0.000183140902664, 0.000105697843537, 6.12141229794e-05, 7.69263642724e-05, 4.62606876681e-05, 0.000119694697787, 9.41141479416e-05, 7.83211435191e-05, 9.30624519242e-05, 4.80919879919e-05, 3.37345045409e-05, 2.4038099582e-05, 1.65776182257e-05, 1.30831367642e-05, 2.19451103476e-05, 2.84391371679e-05],
        "mean": [0.00245826202445, 0.00455691898242, 0.00300651369616, 0.00102542294189, 0.000428405182902, 0.000525485316757, 0.000239546323428, 0.000109155349492, 0.00013262644643, 0.000175424444024, 0.000138869378134, 0.000104179685877, 0.000119926793559, 9.39466917771e-05, 9.27638902795e-05, 9.31953181862e-05, 6.74031398376e-05, 4.86620992888e-05, 2.88271294266e-05, 2.84064772131e-05, 2.79719115497e-05, 1.65412966453e-05, 1.71288738784e-05, 1.34661995617e-05, 1.83225674846e-05, 1.41762411658e-05, 6.2379076553e-06, 6.66137520966e-06, 6.37208404441e-06, 5.36138304597e-06, 4.41768406745e-06, 3.68131964024e-06, 3.10572818307e-06, 2.08243818633e-06, 2.10424013858e-06, 1.92056063497e-06, 1.03392187611e-06, 8.2236522303e-07, 7.1122741474e-07, 6.19541253855e-07],
        "median": [0.000987258041278, 0.00248003820889, 0.00171818269882, 0.000560458109248, 0.000241244066274, 0.000248888100032, 0.000102901147329, 4.31712833233e-05, 6.12370422459e-05, 7.9337216448e-05, 5.94883676968e-05, 5.21909969393e-05, 4.86661119794e-05, 4.07016486861e-05, 5.46309020137e-05, 5.79921616009e-05, 4.19891293859e-05, 2.76920418401e-05, 1.95952652575e-05, 2.12248360185e-05, 2.0332463464e-05, 1.25815640786e-05, 1.35893842526e-05, 9.05489923753e-06, 1.15523725981e-05, 9.04242915567e-06, 4.1293551476e-06, 4.14904252466e-06, 3.78091476705e-06, 2.4497794584e-06, 1.9534375042e-06, 1.24630480514e-06, 9.53794597081e-07, 6.98059523074e-07, 7.01903616118e-07, 6.86876887812e-07, 4.21741759737e-07, 3.65970862504e-07, 3.10210708676e-07, 2.55050139231e-07],
        "min": [1.30320628955e-07, 1.56231067194e-07, 9.17686350022e-07, 2.56217106198e-07, 3.41611503529e-08, 1.27190249444e-08, 5.03278796415e-09, 7.48258077721e-09, 4.15325507319e-09, 6.98228674878e-09, 5.69559421848e-09, 5.84069415055e-09, 2.06657535529e-09, 4.04872935178e-09, 5.07504704927e-09, 2.45603182236e-09, 2.50469933682e-09, 4.00930222355e-09, 2.02622230105e-09, 4.52930848382e-09, 4.05390254699e-09, 2.25504415141e-09, 2.1847961218e-09, 3.14391690459e-09, 2.8981008704e-09, 1.4841664564e-09, 9.81423164959e-10, 1.1440829395e-09, 4.1117567684e-10, 2.79227002631e-10, 2.16950193921e-10, 1.45519069017e-10, 1.35064903706e-10, 1.67086816605e-10, 1.09617905031e-10, 1.24731738826e-10, 8.87459897236e-11, 3.06253091463e-12, 4.32145846885e-11, 1.39576067718e-11],
