{
"highlevel": {
    "danceability": {
        "all": {
            "danceable": 0.989816963673,
            "not_danceable": 0.0101830521598
        },
        "probability": 0.989816963673,
        "value": "danceable"
    },
    "gender": {
        "all": {
            "female": 0.5,
            "male": 0.5
        },
        "probability": 0.5,
        "value": "female"
    },
    "genre_dortmund": {
        "all": {
            "alternative": 0.0749179124832,
            "blues": 0.0133108627051,
            "electronic": 0.0744682848454,
            "folkcountry": 0.0670280307531,
            "funksoulrnb": 0.0710762143135,
            "jazz": 0.0162100456655,
            "pop": 0.0902816057205,
            "raphiphop": 0.0635705962777,
            "rock": 0.529136419296
        },
        "probability": 0.529136419296,
        "value": "rock"
    },
    "genre_electronic": {
        "all": {
            "ambient": 0.149915635586,
            "dnb": 0.135432228446,
            "house": 0.0335361994803,
            "techno": 0.0149108888581,
            "trance": 0.666205048561
        },
        "probability": 0.666205048561,
        "value": "trance"
    },
    "genre_rosamerica": {
        "all": {
            "cla": 0.000243731046794,
            "dan": 0.0493510998785,
            "hip": 0.0103761963546,
            "jaz": 0.000537314510439,
            "pop": 0.88427901268,
            "rhy": 0.0180045198649,
            "roc": 0.0370620563626,
            "spe": 0.00014604369062
        },
        "probability": 0.88427901268,
        "value": "pop"
    },
    "genre_tzanetakis": {
        "all": {
            "blu": 0.0626613423228,
            "cla": 0.0348169617355,
            "cou": 0.104475811124,
            "dis": 0.0784321576357,
            "hip": 0.15692435205,
            "jaz": 0.313974827528,
            "met": 0.0448166541755,
            "pop": 0.0627359300852,
            "reg": 0.0627360641956,
            "roc": 0.0784258767962
        },
        "probability": 0.313974827528,
        "value": "jaz"
    },
    "ismir04_rhythm": {
        "all": {
            "ChaChaCha": 0.0129498923197,
            "Jive": 0.80284756422,
            "Quickstep": 0.0121838077903,
            "Rumba-American": 0.00371884298511,
            "Rumba-International": 0.0420655012131,
            "Rumba-Misc": 0.00261422223412,
            "Samba": 0.107447192073,
            "Tango": 0.000557434861548,
            "VienneseWaltz": 0.0104100387543,
            "Waltz": 0.00520549761131
        },
        "probability": 0.80284756422,
        "value": "Jive"
    },
    "mood_acoustic": {
        "all": {
            "acoustic": 0.00563940871507,
            "not_acoustic": 0.994360566139
        },
        "probability": 0.994360566139,
        "value": "not_acoustic"
    },
    "mood_aggressive": {
        "all": {
            "aggressive": 0.493322730064,
            "not_aggressive": 0.506677269936
        },
        "probability": 0.506677269936,
        "value": "not_aggressive"
    },
    "mood_electronic": {
        "all": {
            "electronic": 0.87269371748,
            "not_electronic": 0.127306312323
        },
        "probability": 0.87269371748,
        "value": "electronic"
    },
    "mood_happy": {
        "all": {
            "happy": 0.973033368587,
            "not_happy": 0.0269666593522
        },
        "probability": 0.973033368587,
        "value": "happy"
    },
    "mood_party": {
        "all": {
            "not_party": 0.312145590782,
            "party": 0.687854409218
        },
        "probability": 0.687854409218,
        "value": "party"
    },
    "mood_relaxed": {
        "all": {
            "not_relaxed": 0.960530221462,
            "relaxed": 0.0394697859883
        },
        "probability": 0.960530221462,
        "value": "not_relaxed"
    },
    "mood_sad": {
        "all": {
            "not_sad": 0.884888768196,
            "sad": 0.115111216903
        },
        "probability": 0.884888768196,
        "value": "not_sad"
    },
    "moods_mirex": {
        "all": {
            "Cluster1": 0.371910959482,
            "Cluster2": 0.296971410513,
            "Cluster3": 0.0877331569791,
            "Cluster4": 0.0816057696939,
            "Cluster5": 0.161778688431
        },
        "probability": 0.371910959482,
        "value": "Cluster1"
    },
    "timbre": {
        "all": {
            "bright": 0.917798817158,
            "dark": 0.0822011828423
        },
        "probability": 0.917798817158,
        "value": "bright"
    },
    "tonal_atonal": {
        "all": {
            "atonal": 0.0114423297346,
            "tonal": 0.988557696342
        },
        "probability": 0.988557696342,
        "value": "tonal"
    },
    "voice_instrumental": {
        "all": {
            "instrumental": 0.00022339069983,
            "voice": 0.999776601791
        },
        "probability": 0.999776601791,
        "value": "voice"
    }
},
"lowlevel": {
    "average_loudness": 0.981064975262,
    "barkbands_crest": {
        "dmean": 2.87539362907,
        "dmean2": 4.5785484314,
        "dvar": 9.19706249237,
        "dvar2": 21.1615333557,
        "max": 25.2019882202,
        "mean": 9.38321113586,
        "median": 8.10645961761,
        "min": 2.24069857597,
        "var": 20.1499557495
    },
    "barkbands_flatness_db": {
        "dmean": 0.0198279954493,
        "dmean2": 0.0286271199584,
        "dvar": 0.000396454910515,
        "dvar2": 0.000827287381981,
        "max": 0.271750837564,
        "mean": 0.108135603368,
        "median": 0.099651902914,
        "min": 0.0305281002074,
        "var": 0.00169568601996
    },
    "barkbands_kurtosis": {
        "dmean": 1.92084991932,
        "dmean2": 2.96200227737,
        "dvar": 16.8580875397,
        "dvar2": 39.7540245056,
        "max": 59.9734687805,
        "mean": 1.82060313225,
        "median": 0.528292179108,
        "min": -1.87207949162,
        "var": 24.4715671539
    },
    "barkbands_skewness": {
        "dmean": 0.457398682833,
        "dmean2": 0.67547762394,
        "dvar": 0.290237993002,
        "dvar2": 0.62639516592,
        "max": 7.14655590057,
        "mean": 1.19087684155,
        "median": 1.00028467178,
        "min": -0.863135635853,
        "var": 0.776489794254
    },
    "barkbands_spread": {
        "dmean": 6.57181215286,
        "dmean2": 9.43457603455,
        "dvar": 51.6151313782,
        "dvar2": 96.686164856,
        "max": 104.984420776,
        "mean": 33.0358314514,
        "median": 29.8090763092,
        "min": 3.37379002571,
        "var": 298.553833008
    },
    "dissonance": {
        "dmean": 0.0180984288454,
        "dmean2": 0.0306689124554,
        "dvar": 0.000301610678434,
        "dvar2": 0.000795424042735,
        "max": 0.498953729868,
        "mean": 0.463033795357,
        "median": 0.469870328903,
        "min": 0.333682477474,
        "var": 0.00070239638444
    },
    "dynamic_complexity": 1.5478938818,
    "erbbands_crest": {
        "dmean": 2.46426510811,
        "dmean2": 3.83021020889,
        "dvar": 6.34382581711,
        "dvar2": 13.5222787857,
        "max": 32.0178146362,
        "mean": 8.87993526459,
        "median": 7.13064527512,
        "min": 2.49489974976,
        "var": 29.9637775421
    },
    "erbbands_flatness_db": {
        "dmean": 0.0137049136683,
        "dmean2": 0.0189052913338,
        "dvar": 0.000155871661264,
        "dvar2": 0.000278448045719,
        "max": 0.24815736711,
        "mean": 0.125219061971,
        "median": 0.120733596385,
        "min": 0.0563596338034,
        "var": 0.00102341640741
    },
    "erbbands_kurtosis": {
        "dmean": 0.676576256752,
        "dmean2": 1.02882945538,
        "dvar": 1.00784599781,
        "dvar2": 1.88115727901,
        "max": 25.4636993408,
        "mean": 0.400376975536,
        "median": -0.345092773438,
        "min": -1.59175992012,
        "var": 4.64491033554
    },
    "erbbands_skewness": {
        "dmean": 0.278088748455,
        "dmean2": 0.414566010237,
        "dvar": 0.0604383796453,
        "dvar2": 0.123072050512,
        "max": 4.12054252625,
        "mean": 0.415815770626,
        "median": 0.358079075813,
        "min": -1.42698144913,
        "var": 0.463596463203
    },
    "erbbands_spread": {
        "dmean": 7.36964845657,
        "dmean2": 10.998503685,
        "dvar": 48.8617668152,
        "dvar2": 93.9999542236,
        "max": 118.235771179,
        "mean": 43.8764457703,
        "median": 43.587020874,
        "min": 5.75868797302,
        "var": 312.704528809
    },
    "hfc": {
        "dmean": 9.89233207703,
        "dmean2": 13.9493227005,
        "dvar": 220.740463257,
        "dvar2": 414.346099854,
        "max": 161.400146484,
        "mean": 38.3230323792,
        "median": 31.8618602753,
        "min": 1.87855839729,
        "var": 662.450439453
    },
    "melbands_crest": {
        "dmean": 3.4034318924,
        "dmean2": 5.50358200073,
        "dvar": 10.5179271698,
        "dvar2": 26.7558708191,
        "max": 32.5897216797,
        "mean": 13.6578598022,
        "median": 12.3988370895,
        "min": 3.8725631237,
        "var": 28.219625473
    },
    "melbands_flatness_db": {
        "dmean": 0.0246608685702,
        "dmean2": 0.0355275273323,
        "dvar": 0.000661057478283,
        "dvar2": 0.00130103481933,
        "max": 0.362449347973,
        "mean": 0.156119540334,
        "median": 0.143901184201,
        "min": 0.0379082337022,
        "var": 0.00321908551268
    },
    "melbands_kurtosis": {
        "dmean": 5.63334178925,
        "dmean2": 8.70045948029,
        "dvar": 144.847702026,
        "dvar2": 348.362182617,
        "max": 199.823013306,
        "mean": 9.36477947235,
        "median": 5.50290298462,
        "min": -0.605941772461,
        "var": 202.540863037
    },
    "melbands_skewness": {
        "dmean": 0.663711667061,
        "dmean2": 0.994595527649,
        "dvar": 0.640829384327,
        "dvar2": 1.38641738892,
        "max": 10.9682941437,
        "mean": 2.3318593502,
        "median": 2.10605478287,
        "min": -0.55750143528,
        "var": 1.81541383266
    },
    "melbands_spread": {
        "dmean": 7.85589647293,
        "dmean2": 11.8697681427,
        "dvar": 81.7783813477,
        "dvar2": 159.632995605,
        "max": 157.151260376,
        "mean": 31.2494373322,
        "median": 29.8700942993,
        "min": 1.92366015911,
        "var": 263.373199463
    },
    "pitch_salience": {
        "dmean": 0.0767128020525,
        "dmean2": 0.120067454875,
        "dvar": 0.00555300433189,
        "dvar2": 0.0125916497782,
        "max": 0.824261128902,
        "mean": 0.53715056181,
        "median": 0.552270531654,
        "min": 0.13774305582,
        "var": 0.0150736374781
    },
    "silence_rate_20dB": {
        "dmean": 0,
        "dmean2": 0,
        "dvar": 0,
        "dvar2": 0,
        "max": 1,
        "mean": 1,
        "median": 1,
        "min": 1,
        "var": 0
    },
    "silence_rate_30dB": {
        "dmean": 0.0030959751457,
        "dmean2": 0.00619674660265,
        "dvar": 0.00308636622503,
        "dvar2": 0.00925659760833,
        "max": 1,
        "mean": 0.998453199863,
        "median": 1,
        "min": 0,
        "var": 0.00154439371545
    },
    "silence_rate_60dB": {
        "dmean": 0,
        "dmean2": 0,
        "dvar": 0,
        "dvar2": 0,
        "max": 0,
        "mean": 0,
        "median": 0,
        "min": 0,
        "var": 0
    },
    "spectral_centroid": {
        "dmean": 237.50491333,
        "dmean2": 355.576416016,
        "dvar": 53207.96875,
        "dvar2": 113212.867188,
        "max": 3442.86621094,
        "mean": 1651.89379883,
        "median": 1607.00476074,
        "min": 476.005828857,
        "var": 295332.4375
    },
    "spectral_complexity": {
        "dmean": 4.54411745071,
        "dmean2": 6.61425256729,
        "dvar": 21.7759170532,
        "dvar2": 36.7234039307,
        "max": 64,
        "mean": 26.9419956207,
        "median": 25,
        "min": 4,
        "var": 118.35320282
    },
    "spectral_decrease": {
        "dmean": 2.66420996375e-09,
        "dmean2": 4.10812361906e-09,
        "dvar": 1.25559598064e-17,
        "dvar2": 2.81708136657e-17,
        "max": -9.79033742965e-10,
        "mean": -9.27697918485e-09,
        "median": -8.30814617103e-09,
        "min": -3.59072842571e-08,
        "var": 2.59217840264e-17
    },
    "spectral_energy": {
        "dmean": 0.010467688553,
        "dmean2": 0.0161904711276,
        "dvar": 0.000183091644431,
        "dvar2": 0.000410460575949,
        "max": 0.13761459291,
        "mean": 0.0384894385934,
        "median": 0.0348195061088,
        "min": 0.0038730581291,
        "var": 0.000381671037758
    },
    "spectral_energyband_high": {
        "dmean": 0.000938543060329,
        "dmean2": 0.001317345188,
        "dvar": 2.52380300481e-06,
        "dvar2": 4.77751154904e-06,
        "max": 0.0161017514765,
        "mean": 0.00257000769489,
        "median": 0.00174939050339,
        "min": 1.40020965773e-05,
        "var": 7.35020103093e-06
    },
    "spectral_energyband_low": {
        "dmean": 0.0086309351027,
        "dmean2": 0.0130882235244,
        "dvar": 0.000212051570998,
        "dvar2": 0.000463013042463,
        "max": 0.12876726687,
        "mean": 0.0152359232306,
        "median": 0.00948482751846,
        "min": 0.000309683207888,
        "var": 0.000355826457962
    },
    "spectral_energyband_middle_high": {
        "dmean": 0.00241214758717,
        "dmean2": 0.00360919302329,
        "dvar": 7.51403376853e-06,
        "dvar2": 1.52911379701e-05,
        "max": 0.0388117693365,
        "mean": 0.00824298430234,
        "median": 0.00659480271861,
        "min": 0.000233023441979,
        "var": 3.42834428011e-05
    },
    "spectral_energyband_middle_low": {
        "dmean": 0.00441588321701,
        "dmean2": 0.00698809837922,
        "dvar": 2.06910299312e-05,
        "dvar2": 4.96994980494e-05,
        "max": 0.0582480840385,
        "mean": 0.013406121172,
        "median": 0.0117532536387,
        "min": 0.00100465060677,
        "var": 5.50734475837e-05
    },
    "spectral_entropy": {
        "dmean": 0.109365455806,
        "dmean2": 0.153257161379,
        "dvar": 0.0111381765455,
        "dvar2": 0.0190322175622,
        "max": 8.65371799469,
        "mean": 7.91065263748,
        "median": 7.93937730789,
        "min": 6.7410569191,
        "var": 0.0977739393711
    },
    "spectral_flux": {
        "dmean": 0.0272318031639,
        "dmean2": 0.0440757498145,
        "dvar": 0.000823863781989,
        "dvar2": 0.00218115444295,
        "max": 0.285471767187,
        "mean": 0.10831617564,
        "median": 0.101763285697,
        "min": 0.0161006599665,
        "var": 0.00176834466401
    },
    "spectral_kurtosis": {
        "dmean": 0.69202953577,
        "dmean2": 1.10740768909,
        "dvar": 0.358253419399,
        "dvar2": 0.927212893963,
        "max": 9.47088527679,
        "mean": 2.41455578804,
        "median": 2.21527481079,
        "min": -0.874643802643,
        "var": 1.80714988708
    },
    "spectral_rms": {
        "dmean": 0.000785961863585,
        "dmean2": 0.00121072167531,
        "dvar": 7.82353026807e-07,
        "dvar2": 1.70979478753e-06,
        "max": 0.0115869818255,
        "mean": 0.00594764156267,
        "median": 0.00582840014249,
        "min": 0.00194386043586,
        "var": 2.17617093767e-06
    },
    "spectral_rolloff": {
        "dmean": 670.196228027,
        "dmean2": 1022.03564453,
        "dvar": 1172717.875,
        "dvar2": 2390243,
        "max": 10615.8691406,
        "mean": 2066.99023438,
        "median": 1485.79101562,
        "min": 64.599609375,
        "var": 3784442.25
    },
    "spectral_skewness": {
        "dmean": 0.135216027498,
        "dmean2": 0.207266554236,
        "dvar": 0.0128160482273,
        "dvar2": 0.0282605234534,
        "max": 2.63975787163,
        "mean": 1.27928161621,
        "median": 1.24197971821,
        "min": 0.505426585674,
        "var": 0.0902470573783
    },
    "spectral_spread": {
        "dmean": 530416.875,
        "dmean2": 762428.875,
        "dvar": 361908666368,
        "dvar2": 649355395072,
        "max": 13710976,
        "mean": 5652503.5,
        "median": 5459565,
        "min": 3225205.5,
        "var": 1.68204828672e+12
    },
    "spectral_strongpeak": {
        "dmean": 0.703539788723,
        "dmean2": 1.23561751842,
        "dvar": 1.15806758404,
        "dvar2": 2.71908521652,
        "max": 8.40187549591,
        "mean": 1.08291506767,
        "median": 0.367688834667,
        "min": 0.0302397180349,
        "var": 1.99813485146
    },
    "zerocrossingrate": {
        "dmean": 0.0141582665965,
        "dmean2": 0.015575831756,
        "dvar": 0.000203995485208,
        "dvar2": 0.000197176297661,
        "max": 0.26904296875,
        "mean": 0.0825893953443,
        "median": 0.0771484375,
        "min": 0.009765625,
        "var": 0.0018441361608
    },
    "barkbands": {
        "dmean": [0.000403961079428, 0.00821266323328, 0.00181643350516, 0.00105469592381, 0.00187452661339, 0.00103049958125, 0.000662861973979, 0.00117651943583, 0.00132148724515, 0.000866911839694, 0.000747707032133, 0.000779973634053, 0.000681999372318, 0.000550246913917, 0.000382539932616, 0.000243078000494, 0.000268858973868, 0.000202575523872, 0.000167783684446, 0.000271260534646, 0.000243596135988, 0.000226543459576, 0.000160285810125, 0.000210543264984, 0.000202972500119, 9.9028184195e-05, 1.56512669491e-07],
        "dmean2": [0.000648906512652, 0.0128923114389, 0.00323318387382, 0.00187049771193, 0.00316985161044, 0.00162601179909, 0.00108212069608, 0.00178360054269, 0.00196832069196, 0.00125911424402, 0.0011940614786, 0.00118755036965, 0.00102865451481, 0.00084578897804, 0.000629296002444, 0.000389708788134, 0.000438927207142, 0.000329162314301, 0.000271067692665, 0.000399713870138, 0.000395711162128, 0.000353126437403, 0.000239798377152, 0.000306668895064, 0.000298100174405, 0.00014978890249, 2.69172915068e-07],
        "dvar": [4.76712102682e-07, 0.000236044754274, 1.5154508219e-05, 3.61992101716e-06, 6.41270298729e-06, 1.61218304129e-06, 1.14653289529e-06, 3.23201470565e-06, 4.29059309681e-06, 2.43730778493e-06, 1.77597826223e-06, 1.97902363652e-06, 1.62770140832e-06, 1.36385790483e-06, 5.3361583241e-07, 1.61860327808e-07, 1.7471508329e-07, 1.02423484805e-07, 6.19633695464e-08, 1.41678953014e-07, 2.74818830803e-07, 1.28339877392e-07, 5.74275560439e-08, 3.57690993269e-07, 1.77832077952e-07, 2.50705110005e-08, 3.10689543754e-13],
        "dvar2": [1.12535155949e-06, 0.000540687295143, 4.33535496995e-05, 9.92210334516e-06, 1.77444253495e-05, 3.76580669581e-06, 2.88402384285e-06, 6.58197313896e-06, 8.82144104253e-06, 4.15932345277e-06, 3.9485794332e-06, 4.26664064435e-06, 3.21953780258e-06, 2.62838966592e-06, 1.37396114042e-06, 3.93833033741e-07, 4.37026955069e-07, 2.60015752929e-07, 1.46141402979e-07, 2.7228026056e-07, 7.41379153624e-07, 2.96567378655e-07, 1.23047442457e-07, 7.43291025174e-07, 3.49130914401e-07, 5.60283162088e-08, 8.08735457075e-13],
        "max": [0.00611837720498, 0.126418560743, 0.0395848304033, 0.0173045098782, 0.02211583592, 0.0153183192015, 0.0212779827416, 0.0336249135435, 0.0315117016435, 0.0461841076612, 0.0273626297712, 0.0161493178457, 0.0191207043827, 0.0178037565202, 0.0107272583991, 0.00600271485746, 0.00602308567613, 0.00393847608939, 0.00258023804054, 0.00723773008212, 0.00644605467096, 0.00465665198863, 0.00343586760573, 0.00981878768653, 0.00676512392238, 0.00142301339656, 9.17219131225e-06],
        "mean": [0.000536305422429, 0.0121474480256, 0.00206453725696, 0.0011780958157, 0.00312842894346, 0.00215044664219, 0.00118842115626, 0.00208781613037, 0.00254260422662, 0.00184407737106, 0.00126774865203, 0.00133500178345, 0.00101976213045, 0.000836140767206, 0.00062508933479, 0.000443580036517, 0.000479149981402, 0.000375805917429, 0.000336033088388, 0.000613546115346, 0.000466385739855, 0.000499100831803, 0.000387626205338, 0.000436807167716, 0.000367436150555, 0.000131930428324, 1.25836280063e-07],
        "median": [0.000187248238944, 0.00738720037043, 0.000897477264516, 0.00045388849685, 0.00200894474983, 0.00155432953034, 0.000781315553468, 0.00104340922553, 0.00100096268579, 0.000542765134014, 0.000577924889512, 0.000479457667097, 0.000276283361018, 0.000320035469485, 0.000368933775462, 0.0002742408833, 0.000326708919602, 0.000262600777205, 0.000229133263929, 0.000375303381588, 0.000303453067318, 0.000343571213307, 0.000268535804935, 0.000167567108292, 0.000158958690008, 4.99078741996e-05, 5.26137089452e-09],
        "min": [8.05016071581e-08, 2.57402134594e-05, 1.11203926281e-05, 4.62878551843e-06, 7.50735925976e-05, 1.91528306459e-05, 8.80462448549e-06, 4.99101315654e-06, 5.77385299039e-06, 5.7846832533e-06, 1.62270123383e-06, 6.89177431923e-06, 6.20892933512e-06, 4.30544105257e-06, 7.69408143242e-06, 6.17630530542e-06, 6.45670979793e-06, 3.01757654597e-06, 2.92327990792e-06, 9.94503466245e-07, 1.20188724395e-06, 9.28100973852e-07, 2.31588091992e-06, 2.32030379266e-06, 4.4965457846e-07, 3.64309926226e-07, 6.93744194036e-12],
        "var": [7.65832112393e-07, 0.000304063665681, 1.24864154714e-05, 3.38449513038e-06, 1.01126688605e-05, 4.14800979343e-06, 1.82284122729e-06, 8.59236206452e-06, 1.55242323672e-05, 1.58187012858e-05, 4.9810632845e-06, 4.70669374408e-06, 3.51671428689e-06, 2.79488222077e-06, 7.96690756033e-07, 3.10629019395e-07, 2.64797250793e-07, 1.55405118107e-07, 1.19308424473e-07, 5.68174414184e-07, 3.40534938914e-07, 2.74169877912e-07, 1.49231382807e-07, 8.26511779906e-07, 5.3238613873e-07, 4.1495489711e-08, 2.462916481e-13]
    },
    "erbbands": {
        "dmean": [0.248905003071, 1.84382724762, 2.07405614853, 2.55163741112, 6.12479019165, 6.01331043243, 8.19335269928, 8.14777565002, 10.1309700012, 14.1884050369, 27.8880939484, 26.4200134277, 28.7377128601, 25.27709198, 21.6562995911, 31.9143257141, 26.9419326782, 31.0205802917, 17.5041885376, 15.854268074, 11.7008934021, 13.9824857712, 11.6627616882, 8.64880752563, 10.2586345673, 12.2328271866, 9.50877952576, 9.85778999329, 8.27307796478, 6.08597993851, 4.4518122673, 4.30475378036, 3.97622013092, 2.89659690857, 1.15724885464, 0.552071511745, 0.167342066765, 0.0163970049471, 0.000303110457025, 2.46083800448e-05],
        "dmean2": [0.412420898676, 2.84204912186, 3.49587702751, 4.57875967026, 10.8140039444, 10.0361280441, 13.1759986877, 12.6407966614, 16.106672287, 21.8374557495, 42.0903701782, 38.5909309387, 39.6884078979, 40.6904716492, 34.592716217, 47.6457901001, 40.4023666382, 46.7469177246, 28.4954471588, 25.9071788788, 18.788728714, 22.6713447571, 18.8680877686, 14.160161972, 16.0126552582, 17.5918540955, 15.1928710938, 15.8198709488, 13.1377639771, 9.3733959198, 6.7531042099, 6.60937595367, 5.87925481796, 4.19392490387, 1.76595902443, 0.860836327076, 0.253731250763, 0.0258920323104, 0.000461143587017, 3.6780256778e-05],
        "dvar": [0.172176212072, 13.8560571671, 18.8690280914, 25.9013118744, 88.1005554199, 68.7657852173, 128.212341309, 123.540679932, 301.875610352, 646.952209473, 2063.29638672, 2341.68676758, 3588.15014648, 1515.91296387, 2887.70581055, 3078.81982422, 2286.20092773, 3970.82885742, 1372.3548584, 776.063110352, 321.846801758, 561.738830566, 383.902069092, 157.839523315, 187.986022949, 347.827423096, 333.945587158, 434.340515137, 193.562866211, 77.9217147827, 53.5731315613, 92.7179794312, 138.669555664, 42.7060089111, 5.41692829132, 0.747649133205, 0.0942259132862, 0.000902977888472, 3.00378161455e-07, 1.07631714652e-09],
        "dvar2": [0.460146546364, 29.5667304993, 47.5122680664, 72.8797225952, 247.687942505, 177.906311035, 328.489776611, 279.498809814, 786.203308105, 1436.79650879, 4357.3828125, 4651.57910156, 5674.62890625, 3646.89233398, 6343.72949219, 6493.49121094, 4785.00927734, 7679.71484375, 3542.41333008, 2042.85070801, 719.316345215, 1364.34851074, 956.681945801, 387.592041016, 392.805023193, 609.424194336, 856.202392578, 1137.33081055, 456.639099121, 161.933486938, 118.064353943, 197.188278198, 293.183654785, 87.2213058472, 10.4414024353, 1.71737265587, 0.219073355198, 0.00217718328349, 7.08430263785e-07, 2.39400499424e-09],
        "max": [3.34757757187, 28.7988090515, 46.3499794006, 53.7651977539, 69.4494781494, 99.6074447632, 137.876693726, 184.245513916, 350.723937988, 416.08013916, 902.647644043, 881.885498047, 1993.96398926, 670.573974609, 1296.48742676, 724.983703613, 743.180908203, 1000.33868408, 699.223510742, 416.294403076, 379.534576416, 325.213470459, 246.572998047, 126.671569824, 159.565887451, 414.887542725, 221.442062378, 269.093719482, 156.890945435, 88.8659744263, 130.128799438, 186.064559937, 172.945785522, 107.179145813, 30.3651561737, 9.93726062775, 3.05207490921, 0.277876198292, 0.00514504965395, 0.000344653934008],
        "mean": [0.383664488792, 2.53380703926, 3.09817695618, 3.11088132858, 7.3968501091, 10.5391769409, 14.3970565796, 17.0171165466, 20.317111969, 24.2181873322, 54.9252166748, 56.5822944641, 67.0121841431, 49.9418716431, 43.2193069458, 61.2095298767, 48.8555870056, 51.8306388855, 29.8518199921, 29.987159729, 24.4599094391, 25.5176029205, 21.663898468, 17.6885414124, 22.0838603973, 27.8200798035, 19.838344574, 18.7060012817, 17.870973587, 15.03992939, 10.4001293182, 8.68307304382, 7.64565944672, 5.02940988541, 2.08246326447, 0.770466387272, 0.209990680218, 0.0169771201909, 0.000378668890335, 7.09531377652e-05],
        "median": [0.228066414595, 1.36787009239, 1.35964620113, 1.68714356422, 3.69590139389, 6.54593801498, 9.29571914673, 11.5668697357, 12.2264232635, 13.0185565948, 26.4808692932, 23.7939968109, 20.5480079651, 24.1904354095, 19.4705753326, 23.8366680145, 18.4136772156, 20.4965324402, 18.5742950439, 19.1233959198, 17.154466629, 17.2248497009, 14.3922462463, 11.8497772217, 15.3190670013, 16.414806366, 12.2476444244, 12.0547161102, 11.8941574097, 10.5292863846, 7.12048578262, 4.12867355347, 2.80822515488, 2.06584906578, 0.869892776012, 0.328276634216, 0.0642230957747, 0.0040155434981, 0.000127718478325, 5.81638487347e-05],
        "min": [0.00125249347184, 0.0106665026397, 0.0432391017675, 0.0517526417971, 0.204290851951, 0.208549246192, 0.291414767504, 0.256312072277, 0.239053457975, 0.232063904405, 0.248531371355, 0.160615220666, 0.0652241334319, 0.18254981935, 0.0807072594762, 0.320086956024, 0.422916740179, 0.325293362141, 0.349489748478, 0.481792837381, 0.534050583839, 0.569004774094, 0.283574521542, 0.140538573265, 0.110116556287, 0.0559979975224, 0.0545330047607, 0.0482276193798, 0.0340093821287, 0.0670912489295, 0.0790739133954, 0.0606248825788, 0.0176574550569, 0.00575902126729, 0.00263076229021, 0.00141919369344, 0.000221296417294, 1.02798776425e-05, 4.40323219664e-06, 6.13268048255e-06],
        "var": [0.21882660687, 17.5752124786, 23.7611713409, 20.402130127, 97.7983398438, 133.444381714, 223.340606689, 324.233703613, 549.733398438, 1196.06481934, 6573.25537109, 9501.71972656, 25764.2617188, 5025.6953125, 10051.3710938, 8823.29589844, 5723.59277344, 9391.90332031, 1644.9440918, 1337.48925781, 666.390014648, 819.638366699, 573.495483398, 299.807800293, 464.722686768, 1499.63793945, 563.220825195, 545.189453125, 387.790771484, 209.958969116, 125.330917358, 218.046310425, 301.257202148, 117.732940674, 14.7376079559, 1.3534630537, 0.133693560958, 0.00103411916643, 3.88913349525e-07, 2.12942663502e-09]
    },
    "gfcc": {
        "mean": [62.6899528503, 71.3622436523, -111.719039917, 37.374671936, -67.1709060669, 28.3609523773, -36.8222351074, 17.9121265411, -23.2579250336, 11.5600118637, -16.1081409454, 5.48349380493, -8.58197307587],
        "cov": [[1355.64282227, -628.61517334, -81.9624404907, 0.216372087598, -157.828613281, 12.8561372757, -67.2897186279, -53.4630661011, -152.596969604, 50.379776001, -110.081390381, -0.684695899487, -39.5631065369], [-628.61517334, 675.579406738, -103.066879272, -16.366476059, 92.3085479736, 40.480796814, 157.597015381, -0.0959839001298, 113.423194885, -40.870716095, 72.4609375, -30.6810245514, 18.7685623169], [-81.9624404907, -103.066879272, 308.981781006, 46.4226417542, 85.4100570679, -12.306643486, -46.9856834412, 70.9861221313, 14.2855081558, 30.5987358093, 2.30692791939, 22.3465843201, 2.65021562576], [0.216372087598, -16.366476059, 46.4226417542, 200.920028687, 28.0996131897, 0.584250807762, -44.7964324951, 8.32528686523, 36.0781021118, 7.95812273026, 28.2477531433, -10.3864002228, 72.029296875], [-157.828613281, 92.3085479736, 85.4100570679, 28.0996131897, 151.530166626, 9.05715656281, 34.6149215698, 31.1065425873, 38.3096618652, 21.4250431061, 9.87347888947, 18.4091758728, 5.49106359482], [12.8561372757, 40.480796814, -12.306643486, 0.584250807762, 9.05715656281, 119.35509491, 79.2080993652, 10.588098526, 18.5023574829, -4.55145454407, 14.7775497437, -9.9380941391, 11.7785081863], [-67.2897186279, 157.597015381, -46.9856834412, -44.7964324951, 34.6149215698, 79.2080993652, 172.113540649, 30.4245681763, 41.4935493469, 5.42825126648, 5.75410223007, 1.76668584347, -4.39753675461], [-53.4630661011, -0.0959839001298, 70.9861221313, 8.32528686523, 31.1065425873, 10.588098526, 30.4245681763, 92.9080734253, 38.3228111267, 12.4441452026, 13.0172805786, 0.673121094704, 16.0869579315], [-152.596969604, 113.423194885, 14.2855081558, 36.0781021118, 38.3096618652, 18.5023574829, 41.4935493469, 38.3228111267, 115.320129395, 47.2318649292, 28.223197937, 2.12500882149, 26.0601806641], [50.379776001, -40.870716095, 30.5987358093, 7.95812273026, 21.4250431061, -4.55145454407, 5.42825126648, 12.4441452026, 47.2318649292, 106.045082092, 23.7455978394, 13.0500364304, 8.54084968567], [-110.081390381, 72.4609375, 2.30692791939, 28.2477531433, 9.87347888947, 14.7775497437, 5.75410223007, 13.0172805786, 28.223197937, 23.7455978394, 84.1592102051, 19.0810432434, 25.330783844], [-0.684695899487, -30.6810245514, 22.3465843201, -10.3864002228, 18.4091758728, -9.9380941391, 1.76668584347, 0.673121094704, 2.12500882149, 13.0500364304, 19.0810432434, 77.4682312012, 22.628282547], [-39.5631065369, 18.7685623169, 2.65021562576, 72.029296875, 5.49106359482, 11.7785081863, -4.39753675461, 16.0869579315, 26.0601806641, 8.54084968567, 25.330783844, 22.628282547, 93.1113739014]],
        "icov": [[0.0019255199004, 0.00128912064247, 0.00100188481156, -0.00125301280059, 0.000897710269783, -0.000911695242394, -0.000593000615481, -0.000491342449095, 0.00196734140627, -0.00200706860051, 0.00174761132803, -0.000662017555442, 0.000937299802899], [0.00128912064247, 0.00593065004796, 0.000550242315512, 0.00171930785291, -0.00258203991689, 0.00313272490166, -0.00512938480824, 0.00455819070339, -0.00419780984521, 0.00431466288865, -0.00480185635388, 0.00478041125461, -0.00234347977675], [0.00100188481156, 0.000550242315512, 0.00667350366712, -0.00206670234911, -0.0022191926837, -0.00238468614407, 0.00328501989134, -0.00584599887952, 0.00236783968285, -0.0026534923818, 0.0024235364981, -0.0028503483627, 0.00293537252583], [-0.00125301280059, 0.00171930785291, -0.00206670234911, 0.0116695379838, -0.00397479534149, 0.00232296995819, 0.000464383367216, 0.0050781625323, -0.00629260158166, 0.00523326313123, -0.00590181536973, 0.00760331144556, -0.00972342211753], [0.000897710269783, -0.00258203991689, -0.0022191926837, -0.00397479534149, 0.0121207330376, -0.00170860684011, -0.000555432168767, -0.00284669036046, 0.00257182260975, -0.00445447815582, 0.00466340687126, -0.00554054230452, 0.0037734345533], [-0.000911695242394, 0.00313272490166, -0.00238468614407, 0.00232296995819, -0.00170860684011, 0.0171166658401, -0.0109569402412, 0.00636425754055, -0.00466157449409, 0.00641109608114, -0.00799548812211, 0.00761992204934, -0.00538955116645], [-0.000593000615481, -0.00512938480824, 0.00328501989134, 0.000464383367216, -0.000555432168767, -0.0109569402412, 0.0176787041128, -0.00891255401075, 0.00180850829929, -0.00468274671584, 0.00659297080711, -0.00652741407976, 0.00383888208307], [-0.000491342449095, 0.00455819070339, -0.00584599887952, 0.0050781625323, -0.00284669036046, 0.00636425754055, -0.00891255401075, 0.0232321806252, -0.010144664906, 0.0077896299772, -0.00837663467973, 0.00895051751286, -0.00773308239877], [0.00196734140627, -0.00419780984521, 0.00236783968285, -0.00629260158166, 0.00257182260975, -0.00466157449409, 0.00180850829929, -0.010144664906, 0.0231381673366, -0.0137742785737, 0.00658671930432, -0.0051487069577, 0.00300554442219], [-0.00200706860051, 0.00431466288865, -0.0026534923818, 0.00523326313123, -0.00445447815582, 0.00641109608114, -0.00468274671584, 0.0077896299772, -0.0137742785737, 0.0211194027215, -0.0108655309305, 0.00584755558521, -0.00435783853754], [0.00174761132803, -0.00480185635388, 0.0024235364981, -0.00590181536973, 0.00466340687126, -0.00799548812211, 0.00659297080711, -0.00837663467973, 0.00658671930432, -0.0108655309305, 0.0240772310644, -0.0110332947224, 0.00398640846834], [-0.000662017555442, 0.00478041125461, -0.0028503483627, 0.00760331144556, -0.00554054230452, 0.00761992204934, -0.00652741407976, 0.00895051751286, -0.0051487069577, 0.00584755558521, -0.0110332947224, 0.0242422763258, -0.0115225985646], [0.000937299802899, -0.00234347977675, 0.00293537252583, -0.00972342211753, 0.0037734345533, -0.00538955116645, 0.00383888208307, -0.00773308239877, 0.00300554442219, -0.00435783853754, 0.00398640846834, -0.0115225985646, 0.0222996883094]]
    },
    "melbands": {
        "dmean": [0.00228021270595, 0.00144226348493, 0.000528051401488, 0.000447661732323, 0.000270171323791, 0.000189935788512, 0.000144223420648, 0.000169472987182, 0.000247940042755, 0.000171072781086, 0.00014248820662, 0.000101004014141, 7.87650933489e-05, 7.07891304046e-05, 9.37338845688e-05, 5.76399652346e-05, 6.28333727946e-05, 2.70690870821e-05, 3.13888886012e-05, 2.05612504942e-05, 1.40041793202e-05, 1.62810192705e-05, 1.26242630358e-05, 9.3283924798e-06, 7.40851373848e-06, 6.76737045069e-06, 1.04977343653e-05, 8.51717959449e-06, 6.50290530757e-06, 6.18262083663e-06, 5.94947096033e-06, 4.96044913234e-06, 4.77565799883e-06, 3.30993634634e-06, 2.67512541541e-06, 3.13823943543e-06, 2.70929604085e-06, 3.01649174617e-06, 3.14056683237e-06, 2.39262840296e-06],
        "dmean2": [0.00369006954134, 0.00210541137494, 0.000929306377657, 0.000781791575719, 0.000431870081229, 0.000294075696729, 0.000229696262977, 0.000259493652266, 0.000373829941964, 0.000248000811553, 0.00019690686895, 0.000163511562278, 0.000126263141283, 0.000105292434455, 0.000144637277117, 8.65526017151e-05, 9.61738915066e-05, 4.48287573818e-05, 5.15197898494e-05, 3.36582088494e-05, 2.26846277656e-05, 2.65101189143e-05, 2.04098232643e-05, 1.55437592184e-05, 1.23171066662e-05, 1.08516769615e-05, 1.60362196766e-05, 1.25901051433e-05, 1.04283053588e-05, 1.02314970718e-05, 9.36821652431e-06, 7.96842050477e-06, 7.67127949075e-06, 5.06609876538e-06, 4.15181921198e-06, 4.77760522699e-06, 4.19139541918e-06, 4.60805767943e-06, 4.62596653961e-06, 3.61457659892e-06],
        "dvar": [1.68389833561e-05, 7.02665374774e-06, 7.94956008576e-07, 3.94084736399e-07, 1.22836908645e-07, 5.81337680217e-08, 5.57092363351e-08, 8.62136531055e-08, 1.61590222092e-07, 9.60101544933e-08, 8.61948379338e-08, 2.53327723243e-08, 2.87733215032e-08, 1.53630868027e-08, 3.30133325122e-08, 1.56939119478e-08, 1.85147470688e-08, 3.70601282995e-09, 3.36891137209e-09, 1.29638400015e-09, 4.2675785128e-10, 6.93591184486e-10, 4.46227443884e-10, 2.29366733939e-10, 1.10069252324e-10, 1.02647244871e-10, 2.25410731747e-10, 1.83704843004e-10, 1.2983807085e-10, 1.86326981622e-10, 1.29181665365e-10, 6.38192901303e-11, 5.81613437967e-11, 2.27240171125e-11, 1.88091781733e-11, 2.84019145008e-11, 4.45470466071e-11, 9.08010125422e-11, 4.91286837601e-11, 3.15380568883e-11],
        "dvar2": [4.17080627813e-05, 1.32064860736e-05, 2.1801188268e-06, 1.09997051823e-06, 3.13817281494e-07, 1.35587981731e-07, 1.43286868592e-07, 1.88117041944e-07, 3.57423971309e-07, 1.93231628032e-07, 1.36851525667e-07, 6.00742211532e-08, 6.36886099414e-08, 3.19613668864e-08, 7.23560873439e-08, 3.07553698065e-08, 3.54595677265e-08, 9.57257650924e-09, 8.5463964794e-09, 3.28693605667e-09, 9.55326040497e-10, 1.66348568253e-09, 1.13663811696e-09, 5.90635040876e-10, 2.7431562577e-10, 2.42684899954e-10, 4.95420759972e-10, 3.39401950988e-10, 3.17450787879e-10, 5.17060005922e-10, 3.25041216165e-10, 1.50148504741e-10, 1.40024630779e-10, 4.96849783538e-11, 4.45894744738e-11, 6.2944628676e-11, 9.57894805143e-11, 1.97470692576e-10, 1.04335436124e-10, 6.86529999516e-11],
        "max": [0.0345149599016, 0.0245866868645, 0.00827499572188, 0.00522445933893, 0.00405315496027, 0.00363879092038, 0.0049266112037, 0.0044056493789, 0.00650922115892, 0.00609605200589, 0.00969390198588, 0.0026261669118, 0.00420815311372, 0.00175268016756, 0.00226038601249, 0.00261496868916, 0.00228063389659, 0.00113854336087, 0.000778475019615, 0.000591607182287, 0.000422966579208, 0.000369823945221, 0.000263220368652, 0.000190987237147, 0.000104259626823, 0.000111467757961, 0.000251949531958, 0.000313498690957, 0.000125348786241, 0.000184392323717, 0.000128861734993, 9.74811700871e-05, 9.62931735558e-05, 5.38365165994e-05, 7.04778940417e-05, 8.21756475489e-05, 0.00014768744586, 0.00014261364413, 9.18044679565e-05, 9.45187857724e-05],
        "mean": [0.00343946926296, 0.00228399434127, 0.000666875217576, 0.000660136400256, 0.000500466034282, 0.000407546933275, 0.000286147347651, 0.000283589266473, 0.000481401511934, 0.000354422751116, 0.000320385501254, 0.000187583937077, 0.000143876706716, 0.000126759303384, 0.000173537817318, 9.01788225747e-05, 9.71478511929e-05, 4.12141162087e-05, 4.93151455885e-05, 3.60520971299e-05, 2.69829670287e-05, 2.81541852019e-05, 2.13166913454e-05, 1.70531002368e-05, 1.38149353006e-05, 1.2878027519e-05, 2.09360659937e-05, 1.7626249246e-05, 1.26329550767e-05, 1.09937818706e-05, 1.06762427095e-05, 9.99834173854e-06, 9.69094799075e-06, 7.78022786108e-06, 5.8301379795e-06, 5.79657898925e-06, 5.08579205416e-06, 5.35666322321e-06, 5.10482186655e-06, 3.97591702495e-06],
        "median": [0.00211055530235, 0.00113401841372, 0.000360860489309, 0.000389564898796, 0.000341708713677, 0.000291878095595, 0.000185098440852, 0.000139628886245, 0.00020988684264, 0.000134615198476, 8.78333084984e-05, 8.23045047582e-05, 6.41237420496e-05, 5.4931784689e-05, 5.34283681191e-05, 2.77764029306e-05, 3.44568943547e-05, 2.30789410125e-05, 2.86501144728e-05, 2.1749352527e-05, 1.87797795661e-05, 1.8770870156e-05, 1.39015473906e-05, 1.18633770398e-05, 8.92424304766e-06, 8.52433277032e-06, 1.22319588627e-05, 1.00101560747e-05, 7.3390565376e-06, 7.10402400728e-06, 6.6872203206e-06, 6.50561105431e-06, 6.40762982584e-06, 5.21797846886e-06, 3.78952290703e-06, 3.32044669449e-06, 2.10877783502e-06, 1.75799948465e-06, 1.96048517864e-06, 1.62484207067e-06],
        "min": [9.44322437135e-06, 1.61532989296e-05, 1.24405987663e-05, 2.32823549595e-05, 1.58892908075e-05, 2.98786744679e-06, 3.13095233651e-06, 1.39875896821e-06, 1.72120189745e-06, 7.74145178184e-07, 2.86923295789e-07, 7.32585135665e-07, 1.68919655152e-07, 8.82312974682e-07, 4.66494043394e-07, 7.2824406061e-07, 4.28896527183e-07, 4.64879235551e-07, 4.10555344388e-07, 5.55156930204e-07, 6.83467249019e-07, 4.10388395267e-07, 4.80162498206e-07, 1.02995393547e-07, 1.06512807463e-07, 1.06182213244e-07, 3.27871170214e-08, 3.5647619967e-08, 3.28370255431e-08, 1.92013054345e-08, 1.8684717773e-08, 1.9496694037e-08, 1.3393167464e-08, 4.33500453312e-08, 3.6189309327e-08, 5.16722096222e-08, 1.8834800386e-08, 9.32710264578e-09, 6.58190790759e-09, 3.6636664813e-09],
