{
"highlevel": {
    "danceability": {
        "all": {
            "danceable": 0.999997377396,
            "not_danceable": 2.61071772911e-06
        },
        "probability": 0.999997377396,
        "value": "danceable"
    },
    "gender": {
        "all": {
            "female": 0.899900734425,
            "male": 0.100099265575
        },
        "probability": 0.899900734425,
        "value": "female"
    },
    "genre_dortmund": {
        "all": {
            "alternative": 0.000599386694375,
            "blues": 0.00249101105146,
            "electronic": 0.195299774408,
            "folkcountry": 0.000854205049109,
            "funksoulrnb": 0.00166271871421,
            "jazz": 0.0151150627062,
            "pop": 0.00355144683272,
            "raphiphop": 0.776837468147,
            "rock": 0.00358894001693
        },
        "probability": 0.776837468147,
        "value": "raphiphop"
    },
    "genre_electronic": {
        "all": {
            "ambient": 0.0334947928786,
            "dnb": 0.142772391438,
            "house": 0.749662697315,
            "techno": 0.068599127233,
            "trance": 0.00547096738592
        },
        "probability": 0.749662697315,
        "value": "house"
    },
    "genre_rosamerica": {
        "all": {
            "cla": 0.000349968991941,
            "dan": 0.145723611116,
            "hip": 0.795075953007,
            "jaz": 0.000699506374076,
            "pop": 0.00265171541832,
            "rhy": 0.0510261692107,
            "roc": 0.000391259847675,
            "spe": 0.00408180523664
        },
        "probability": 0.795075953007,
        "value": "hip"
    },
    "genre_tzanetakis": {
        "all": {
            "blu": 0.0634256228805,
            "cla": 0.0422801412642,
            "cou": 0.126839458942,
            "dis": 0.0761052444577,
            "hip": 0.0761076435447,
            "jaz": 0.190276131034,
            "met": 0.0761154741049,
            "pop": 0.126857236028,
            "reg": 0.0951410606503,
            "roc": 0.126851975918
        },
        "probability": 0.190276131034,
        "value": "jaz"
    },
    "ismir04_rhythm": {
        "all": {
            "ChaChaCha": 0.477756798267,
            "Jive": 0.0496209524572,
            "Quickstep": 0.00758787570521,
            "Rumba-American": 0.0125405397266,
            "Rumba-International": 0.190992087126,
            "Rumba-Misc": 0.0279937684536,
            "Samba": 0.215784922242,
            "Tango": 0.00323709985241,
            "VienneseWaltz": 0.0111120510846,
            "Waltz": 0.00337390112691
        },
        "probability": 0.477756798267,
        "value": "ChaChaCha"
    },
    "mood_acoustic": {
        "all": {
            "acoustic": 3.47301761394e-06,
            "not_acoustic": 0.999996542931
        },
        "probability": 0.999996542931,
        "value": "not_acoustic"
    },
    "mood_aggressive": {
        "all": {
            "aggressive": 0.130472376943,
            "not_aggressive": 0.869527637959
        },
        "probability": 0.869527637959,
        "value": "not_aggressive"
    },
    "mood_electronic": {
        "all": {
            "electronic": 0.982953131199,
            "not_electronic": 0.0170468576252
        },
        "probability": 0.982953131199,
        "value": "electronic"
    },
    "mood_happy": {
        "all": {
            "happy": 0.206207990646,
            "not_happy": 0.793792009354
        },
        "probability": 0.793792009354,
        "value": "not_happy"
    },
    "mood_party": {
        "all": {
            "not_party": 0.0706132277846,
            "party": 0.929386794567
        },
        "probability": 0.929386794567,
        "value": "party"
    },
    "mood_relaxed": {
        "all": {
            "not_relaxed": 0.51433545351,
            "relaxed": 0.485664516687
        },
        "probability": 0.51433545351,
        "value": "not_relaxed"
    },
    "mood_sad": {
        "all": {
            "not_sad": 0.850644826889,
            "sad": 0.149355188012
        },
        "probability": 0.850644826889,
        "value": "not_sad"
    },
    "moods_mirex": {
        "all": {
            "Cluster1": 0.208666205406,
            "Cluster2": 0.114140167832,
            "Cluster3": 0.0926703959703,
            "Cluster4": 0.0300623830408,
            "Cluster5": 0.554460823536
        },
        "probability": 0.554460823536,
        "value": "Cluster5"
    },
    "timbre": {
        "all": {
            "bright": 0.00282203429379,
            "dark": 0.997177958488
        },
        "probability": 0.997177958488,
        "value": "dark"
    },
    "tonal_atonal": {
        "all": {
            "atonal": 0.995706140995,
            "tonal": 0.00429385807365
        },
        "probability": 0.995706140995,
        "value": "atonal"
    },
    "voice_instrumental": {
        "all": {
            "instrumental": 0.00977300386876,
            "voice": 0.990226984024
        },
        "probability": 0.990226984024,
        "value": "voice"
    }
},
"lowlevel": {
    "average_loudness": 0.937249064445,
    "barkbands_crest": {
        "dmean": 4.36950159073,
        "dmean2": 6.68487882614,
        "dvar": 13.6663160324,
        "dvar2": 30.8069019318,
        "max": 26.7502193451,
        "mean": 15.5067396164,
        "median": 15.714931488,
        "min": 2.42108106613,
        "var": 38.8355026245
    },
    "barkbands_flatness_db": {
        "dmean": 0.0574814118445,
        "dmean2": 0.0794771835208,
        "dvar": 0.00323379435576,
        "dvar2": 0.00610779598355,
        "max": 0.630057752132,
        "mean": 0.260692477226,
        "median": 0.242447763681,
        "min": 0.0691427439451,
        "var": 0.0130314305425
    },
    "barkbands_kurtosis": {
        "dmean": 48.2364997864,
        "dmean2": 73.7064666748,
        "dvar": 9979.4609375,
        "dvar2": 21714.5800781,
        "max": 1307.65551758,
        "mean": 62.7911758423,
        "median": 16.4893436432,
        "min": -1.85202598572,
        "var": 15139.0830078
    },
    "barkbands_skewness": {
        "dmean": 2.20375967026,
        "dmean2": 3.15572428703,
        "dvar": 6.43417215347,
        "dvar2": 11.9885063171,
        "max": 28.899230957,
        "mean": 4.66027498245,
        "median": 3.5432164669,
        "min": -3.06156802177,
        "var": 20.0931758881
    },
    "barkbands_spread": {
        "dmean": 8.65798187256,
        "dmean2": 12.0914344788,
        "dvar": 153.574951172,
        "dvar2": 266.966217041,
        "max": 90.851234436,
        "mean": 15.8322620392,
        "median": 7.71412706375,
        "min": 0.158158957958,
        "var": 367.129394531
    },
    "dissonance": {
        "dmean": 0.0221719983965,
        "dmean2": 0.0369595177472,
        "dvar": 0.00057823798852,
        "dvar2": 0.00136725965422,
        "max": 0.499888151884,
        "mean": 0.460800409317,
        "median": 0.472898840904,
        "min": 0.229028701782,
        "var": 0.00162773707416
    },
    "dynamic_complexity": 4.8204627037,
    "erbbands_crest": {
        "dmean": 3.34051418304,
        "dmean2": 5.23621034622,
        "dvar": 9.53933238983,
        "dvar2": 21.179769516,
        "max": 25.2218456268,
        "mean": 9.92835140228,
        "median": 8.73083782196,
        "min": 2.34107065201,
        "var": 24.7222232819
    },
    "erbbands_flatness_db": {
        "dmean": 0.0242614857852,
        "dmean2": 0.0340058244765,
        "dvar": 0.000709439977072,
        "dvar2": 0.00128441152629,
        "max": 0.41467154026,
        "mean": 0.174841612577,
        "median": 0.16246034205,
        "min": 0.0688126012683,
        "var": 0.00381631031632
    },
    "erbbands_kurtosis": {
        "dmean": 3.04266500473,
        "dmean2": 4.48366308212,
        "dvar": 61.3506126404,
        "dvar2": 94.8142089844,
        "max": 158.161331177,
        "mean": 3.09183168411,
        "median": 0.195668935776,
        "min": -1.87714159489,
        "var": 129.724487305
    },
    "erbbands_skewness": {
        "dmean": 0.704369544983,
        "dmean2": 0.957639813423,
        "dvar": 0.592888534069,
        "dvar2": 0.992559850216,
        "max": 10.2978820801,
        "mean": 0.675467729568,
        "median": 0.538813173771,
        "min": -2.57651591301,
        "var": 2.67167592049
    },
    "erbbands_spread": {
        "dmean": 15.7887268066,
        "dmean2": 23.7249507904,
        "dvar": 300.236297607,
        "dvar2": 537.14239502,
        "max": 169.933609009,
        "mean": 53.1302261353,
        "median": 49.8918075562,
        "min": 1.24789988995,
        "var": 919.365234375
    },
    "hfc": {
        "dmean": 14.1635227203,
        "dmean2": 20.2909889221,
        "dvar": 670.542541504,
        "dvar2": 1440.29675293,
        "max": 191.201919556,
        "mean": 21.6029205322,
        "median": 12.1923666,
        "min": 0.00342829711735,
        "var": 993.871520996
    },
    "melbands_crest": {
        "dmean": 5.31985664368,
        "dmean2": 8.4759721756,
        "dvar": 27.4440155029,
        "dvar2": 59.1895332336,
        "max": 38.9378738403,
        "mean": 22.2694339752,
        "median": 21.8612346649,
        "min": 3.00807714462,
        "var": 83.013923645
    },
    "melbands_flatness_db": {
        "dmean": 0.0656146779656,
        "dmean2": 0.0887137949467,
        "dvar": 0.00422890949994,
        "dvar2": 0.00769074587151,
        "max": 0.752025425434,
        "mean": 0.318691283464,
        "median": 0.308107405901,
        "min": 0.0319703668356,
        "var": 0.0221883933991
    },
    "melbands_kurtosis": {
        "dmean": 99.8112182617,
        "dmean2": 151.461929321,
        "dvar": 41591.2851562,
        "dvar2": 94418.7109375,
        "max": 3294.78491211,
        "mean": 143.082977295,
        "median": 49.304523468,
        "min": -1.70456016064,
        "var": 62909.4765625
    },
    "melbands_skewness": {
        "dmean": 2.84156346321,
        "dmean2": 4.04342079163,
        "dvar": 11.4851455688,
        "dvar2": 22.2097797394,
        "max": 36.2966384888,
        "mean": 6.92301940918,
        "median": 5.5739531517,
        "min": -2.04964089394,
        "var": 32.3929824829
    },
    "melbands_spread": {
        "dmean": 8.90540981293,
        "dmean2": 12.7877807617,
        "dvar": 226.997940063,
        "dvar2": 488.053833008,
        "max": 178.152191162,
        "mean": 16.4859886169,
        "median": 5.30996847153,
        "min": 0.0604963153601,
        "var": 686.922607422
    },
    "pitch_salience": {
        "dmean": 0.136161029339,
        "dmean2": 0.207305133343,
        "dvar": 0.0168952960521,
        "dvar2": 0.0405771359801,
        "max": 0.916604757309,
        "mean": 0.402374058962,
        "median": 0.4006973207,
        "min": 0.0336832553148,
        "var": 0.0379439033568
    },
    "silence_rate_20dB": {
        "dmean": 0,
        "dmean2": 0,
        "dvar": 0,
        "dvar2": 0,
        "max": 1,
        "mean": 1,
        "median": 1,
        "min": 1,
        "var": 0
    },
    "silence_rate_30dB": {
        "dmean": 0.178792566061,
        "dmean2": 0.357862114906,
        "dvar": 0.146826073527,
        "dvar2": 0.318095743656,
        "max": 1,
        "mean": 0.529775738716,
        "median": 1,
        "min": 0,
        "var": 0.249110013247
    },
    "silence_rate_60dB": {
        "dmean": 0.0518575869501,
        "dmean2": 0.103020913899,
        "dvar": 0.0491684526205,
        "dvar2": 0.0986042842269,
        "max": 1,
        "mean": 0.191028609872,
        "median": 0,
        "min": 0,
        "var": 0.154536902905
    },
    "spectral_centroid": {
        "dmean": 385.829040527,
        "dmean2": 515.402893066,
        "dvar": 229262.4375,
        "dvar2": 367188.34375,
        "max": 5317.16357422,
        "mean": 1252.47705078,
        "median": 885.441345215,
        "min": 107.011924744,
        "var": 1059974
    },
    "spectral_complexity": {
        "dmean": 4.54798746109,
        "dmean2": 6.42137861252,
        "dvar": 41.9148330688,
        "dvar2": 68.9142684937,
        "max": 50,
        "mean": 10.9868526459,
        "median": 6,
        "min": 0,
        "var": 122.301757812
    },
    "spectral_decrease": {
        "dmean": 1.46986325333e-08,
        "dmean2": 2.21483045237e-08,
        "dvar": 2.2824472728e-16,
        "dvar2": 6.54982573085e-16,
        "max": -1.26682182539e-12,
        "mean": -2.29616272662e-08,
        "median": -1.76313665889e-08,
        "min": -9.231487752e-08,
        "var": 5.0193531328e-16
    },
    "spectral_energy": {
        "dmean": 0.056031178683,
        "dmean2": 0.0851074978709,
        "dvar": 0.00331003777683,
        "dvar2": 0.00943787395954,
        "max": 0.350637733936,
        "mean": 0.0886219069362,
        "median": 0.069224268198,
        "min": 5.30561874257e-06,
        "var": 0.00726735591888
    },
    "spectral_energyband_high": {
        "dmean": 0.00130533345509,
        "dmean2": 0.00176009640563,
        "dvar": 1.06121478893e-05,
        "dvar2": 2.22208800551e-05,
        "max": 0.0227393768728,
        "mean": 0.00148391560651,
        "median": 0.000189863887499,
        "min": 1.81802484178e-08,
        "var": 1.40628844747e-05
    },
    "spectral_energyband_low": {
        "dmean": 0.0527068115771,
        "dmean2": 0.0782959610224,
        "dvar": 0.00318805873394,
        "dvar2": 0.00881433673203,
        "max": 0.34014698863,
        "mean": 0.0757663995028,
        "median": 0.0464716404676,
        "min": 1.83907444828e-09,
        "var": 0.00673549994826
    },
    "spectral_energyband_middle_high": {
        "dmean": 0.00108620617539,
        "dmean2": 0.00154875300359,
        "dvar": 3.17798844662e-06,
        "dvar2": 6.64708022668e-06,
        "max": 0.0171212088317,
        "mean": 0.00189751561265,
        "median": 0.000515376683325,
        "min": 2.17179390916e-07,
        "var": 7.68291738495e-06
    },
    "spectral_energyband_middle_low": {
        "dmean": 0.0104554127902,
        "dmean2": 0.0179487038404,
        "dvar": 0.000383080972824,
        "dvar2": 0.00102877023164,
        "max": 0.189456611872,
        "mean": 0.0120540084317,
        "median": 0.00555286603048,
        "min": 9.43659301811e-07,
        "var": 0.000370576337446
    },
    "spectral_entropy": {
        "dmean": 0.314964950085,
        "dmean2": 0.410074084997,
        "dvar": 0.14043007791,
        "dvar2": 0.220108911395,
        "max": 8.74320888519,
        "mean": 7.31445550919,
        "median": 7.46505403519,
        "min": 4.19447517395,
        "var": 0.622055947781
    },
    "spectral_flux": {
        "dmean": 0.06743555516,
        "dmean2": 0.112946040928,
        "dvar": 0.00487163616344,
        "dvar2": 0.0132738761604,
        "max": 0.470114737749,
        "mean": 0.153559550643,
        "median": 0.141378775239,
        "min": 0.00121543358546,
        "var": 0.0120683507994
    },
    "spectral_kurtosis": {
        "dmean": 2.28374099731,
        "dmean2": 3.6061732769,
        "dvar": 12.8327960968,
        "dvar2": 29.5304031372,
        "max": 60.0024032593,
        "mean": 4.08623218536,
        "median": 2.50154399872,
        "min": -0.875224113464,
        "var": 26.351266861
    },
    "spectral_rms": {
        "dmean": 0.00278514414094,
        "dmean2": 0.0041278633289,
        "dvar": 6.51408163321e-06,
        "dvar2": 1.83800384548e-05,
        "max": 0.0184955559671,
        "mean": 0.00771359959617,
        "median": 0.00821802113205,
        "min": 7.19459058018e-05,
        "var": 2.69608244707e-05
    },
    "spectral_rolloff": {
        "dmean": 675.696044922,
        "dmean2": 1110.07043457,
        "dvar": 1846652.875,
        "dvar2": 3904454,
        "max": 11584.8632812,
        "mean": 1228.85559082,
        "median": 236.865234375,
        "min": 43.06640625,
        "var": 4330795.5
    },
    "spectral_skewness": {
        "dmean": 0.323924988508,
        "dmean2": 0.462991595268,
        "dvar": 0.135985657573,
        "dvar2": 0.263672202826,
        "max": 6.44433546066,
        "mean": 1.4238319397,
        "median": 1.30579102039,
        "min": 0.0386717580259,
        "var": 0.542410671711
    },
    "spectral_spread": {
        "dmean": 759837.5,
        "dmean2": 1096950.625,
        "dvar": 782484897792,
        "dvar2": 1.80132564173e+12,
        "max": 15540290,
        "mean": 5027167,
        "median": 5152140,
        "min": 1311405.875,
        "var": 2.74684890317e+12
    },
    "spectral_strongpeak": {
        "dmean": 0.349623322487,
        "dmean2": 0.552717685699,
        "dvar": 0.213150829077,
        "dvar2": 0.511009514332,
        "max": 6.10761117935,
        "mean": 0.608168542385,
        "median": 0.499823838472,
        "min": 0,
        "var": 0.3402325809
    },
    "zerocrossingrate": {
        "dmean": 0.01585024409,
        "dmean2": 0.0179866012186,
        "dvar": 0.00033175846329,
        "dvar2": 0.000417358038248,
        "max": 0.35693359375,
        "mean": 0.0473749861121,
        "median": 0.02587890625,
        "min": 0.00146484375,
        "var": 0.0030613776762
    },
    "barkbands": {
        "dmean": [0.00631421850994, 0.039487414062, 0.0103793488815, 0.00567015493289, 0.00182583625428, 0.00287237414159, 0.00070675968891, 0.000584356253967, 0.00034809159115, 0.000105797982542, 0.000161540068802, 9.45789215621e-05, 0.000139895302709, 8.26875839266e-05, 0.000162233249284, 0.000144133751746, 8.64438188728e-05, 0.000128494997625, 0.000143271667184, 0.000366634863894, 0.000230327248573, 0.000295916979667, 0.000312306685373, 0.000204131603823, 0.0001270656212, 1.99018559215e-05, 1.54690376064e-08],
        "dmean2": [0.0081496424973, 0.055834852159, 0.0178073421121, 0.0104926656932, 0.00316119496711, 0.00423782598227, 0.00114551349543, 0.000938159646466, 0.000621614803094, 0.000175315755769, 0.000260628614342, 0.00014501894475, 0.000220281275688, 0.000135979877086, 0.000255643477431, 0.000226308402489, 0.0001297469571, 0.000179061986273, 0.000207223856705, 0.000598916318268, 0.000335738033755, 0.000422944722231, 0.00045118338312, 0.0002804165415, 0.000183853218914, 2.93367793347e-05, 2.58239687412e-08],
        "dvar": [6.96276765666e-05, 0.00233817240223, 0.000550425203983, 0.000179079957888, 1.52518878167e-05, 7.6379350503e-05, 6.92498952048e-06, 2.783534228e-06, 5.92028300161e-07, 5.43807168185e-08, 2.19670326373e-07, 4.33529407928e-08, 1.06403930999e-07, 3.95667996145e-08, 2.4309008495e-07, 1.1792180743e-07, 2.12420268042e-08, 5.30496535589e-08, 9.94257334241e-08, 1.0528550547e-06, 3.7465196101e-07, 6.00363023295e-07, 6.81406277181e-07, 2.59821035797e-07, 9.46137603819e-08, 4.52292781006e-09, 2.35481562906e-14],
        "dvar2": [0.000140995049151, 0.00537677621469, 0.00149593420792, 0.00053323211614, 4.17677547375e-05, 0.000117122435768, 1.69092509168e-05, 6.12233043285e-06, 1.58847149123e-06, 1.39777299069e-07, 5.50218942408e-07, 9.08402597588e-08, 2.49086582471e-07, 1.00291799754e-07, 5.7348466953e-07, 2.87527456067e-07, 4.45778276514e-08, 9.97449944862e-08, 2.29078352731e-07, 2.77578737951e-06, 7.257160064e-07, 1.27674229589e-06, 1.62771004852e-06, 5.04400645696e-07, 1.73856719243e-07, 9.04622332598e-09, 2.90787020656e-14],
        "max": [0.065103083849, 0.26806011796, 0.146628007293, 0.069167919457, 0.0332362279296, 0.188011780381, 0.0464131496847, 0.0239047594368, 0.00689966510981, 0.00348078738898, 0.00785313919187, 0.00281526311301, 0.004708269611, 0.00323398667388, 0.00820255093277, 0.00646145129576, 0.00171331933234, 0.00389820430428, 0.00290615390986, 0.00855693407357, 0.00578583171591, 0.00619486905634, 0.00683108065277, 0.0039948229678, 0.00310762529261, 0.00108689349145, 5.18827346241e-06],
        "mean": [0.00902258791029, 0.0555248633027, 0.00869276188314, 0.00487274257466, 0.00191410828847, 0.00349562242627, 0.000729323655833, 0.000672606925946, 0.000323980551912, 0.000119587479276, 0.000172183557879, 0.00011876008648, 0.000209158824873, 9.95956070255e-05, 0.000230246849242, 0.000238648979575, 0.000135942187626, 0.000205603253562, 0.00017093961651, 0.000354429066647, 0.000264791073278, 0.000326049746946, 0.00031887050136, 0.000240079258219, 0.000146030361066, 2.23527094931e-05, 1.11973568195e-08],
        "median": [0.00250418111682, 0.0222270637751, 0.000862722983584, 0.00110379420221, 0.000425535778049, 0.000511865597218, 7.40065806895e-05, 3.02877579088e-05, 5.3147879953e-05, 1.52909124154e-05, 1.92646893993e-05, 2.12795985135e-05, 3.94296293962e-05, 1.93791438505e-05, 1.96913970285e-05, 1.77636120497e-05, 5.02501461597e-05, 3.36930097546e-05, 2.81077991531e-05, 5.17935259268e-05, 2.95694135275e-05, 3.19171085721e-05, 3.69779081666e-05, 1.61118350661e-05, 1.53119945026e-05, 2.99703430073e-07, 9.42297795348e-10],
        "min": [2.8349948257e-12, 2.11553309593e-11, 5.7168582368e-11, 5.74892577987e-10, 5.55675550018e-09, 3.79800333405e-08, 1.56592854239e-08, 6.88210866073e-09, 8.10368572246e-09, 3.98319066619e-09, 6.0418590131e-09, 9.39642497144e-09, 1.64930291646e-08, 1.29916322145e-09, 1.85254545038e-09, 4.4284091949e-09, 1.55812092117e-08, 5.57238921672e-09, 4.23721013831e-09, 8.99639562846e-09, 4.08022504672e-09, 2.18723994472e-09, 9.10650999053e-10, 1.68783736987e-10, 1.21099189704e-11, 9.5140024331e-12, 1.16786380913e-11],
        "var": [0.000171261155629, 0.00469863694161, 0.000420869590016, 0.000107797233795, 1.32086997837e-05, 0.000142307399074, 7.45962279325e-06, 5.27595193489e-06, 5.3096408692e-07, 7.13383414563e-08, 2.8055671919e-07, 6.73825581998e-08, 2.27998640412e-07, 5.41446141256e-08, 4.58546395521e-07, 3.44660946894e-07, 4.45356072021e-08, 1.5126317976e-07, 1.28506755459e-07, 9.05323133793e-07, 4.88464081627e-07, 7.46832881759e-07, 7.51361199036e-07, 3.81587369702e-07, 1.36596483458e-07, 7.88279930219e-09, 2.22853385864e-14]
    },
    "erbbands": {
        "dmean": [2.25689697266, 4.88337945938, 9.49335098267, 17.7938899994, 11.5261440277, 5.0515499115, 13.0233049393, 25.3564224243, 12.0207242966, 8.58298683167, 13.5221405029, 8.41864967346, 4.1955037117, 4.00083494186, 5.25408983231, 4.0010433197, 5.94340467453, 4.32860517502, 6.46536397934, 7.7208533287, 7.81990194321, 4.57672405243, 7.26170158386, 7.75017690659, 8.48490524292, 20.118347168, 11.4266452789, 6.88482618332, 8.07045650482, 9.77528762817, 10.7238225937, 5.5554189682, 3.00960016251, 1.64847505093, 0.815062701702, 0.168695911765, 0.0259507633746, 0.00136966514401, 5.87922659179e-05, 6.27262852504e-05],
        "dmean2": [3.23825216293, 6.96067667007, 15.773443222, 31.8512878418, 21.4264373779, 8.71208095551, 19.1142940521, 38.2432937622, 19.456193924, 14.0617694855, 21.54778862, 14.9301490784, 7.30433750153, 6.68711042404, 8.36569595337, 5.88501834869, 9.16247653961, 6.74470090866, 10.5791864395, 11.6018314362, 12.3832674026, 6.71382951736, 10.1889238358, 11.4037694931, 12.8462715149, 33.3039627075, 16.7957649231, 9.90716648102, 11.2909955978, 14.2651138306, 15.9172592163, 7.68719959259, 4.26859092712, 2.38702726364, 1.20686638355, 0.247900888324, 0.0387387089431, 0.00218011625111, 8.95207267604e-05, 9.84998478089e-05],
        "dvar": [8.3751745224, 34.493396759, 414.030609131, 1678.1583252, 748.736999512, 113.647132874, 1565.16931152, 4788.45800781, 1718.73681641, 531.555419922, 1299.75646973, 330.004730225, 77.8861846924, 87.2654571533, 186.567001343, 69.8740539551, 203.032608032, 72.4260177612, 277.007232666, 456.125061035, 330.302581787, 57.016494751, 189.762863159, 265.920501709, 410.739440918, 3307.44238281, 1011.95074463, 279.049163818, 387.75982666, 690.539794922, 870.958374023, 200.784240723, 57.8383865356, 17.7253284454, 3.7484254837, 0.222083121538, 0.0132443467155, 3.8905582187e-05, 2.04060786047e-08, 4.17088763527e-09],
        "dvar2": [19.4793491364, 74.7029342651, 1110.28161621, 4855.41992188, 2189.57543945, 300.596466064, 2310.97802734, 8161.20751953, 4406.13232422, 1234.07702637, 2917.81054688, 887.729736328, 210.351135254, 200.493713379, 473.716796875, 148.511734009, 478.537719727, 155.257888794, 695.953186035, 1017.89331055, 827.317565918, 110.205001831, 371.655487061, 619.34765625, 979.35168457, 8782.57226562, 2125.41088867, 544.751281738, 814.737976074, 1421.97351074, 2136.81201172, 432.511627197, 104.97869873, 30.9337997437, 8.21395683289, 0.470912843943, 0.0291720125824, 9.8545824585e-05, 4.5553051109e-08, 1.12478808489e-08],
        "max": [14.2012014389, 43.745716095, 125.775421143, 214.926635742, 155.27784729, 100.118621826, 877.617980957, 1376.58374023, 655.530212402, 328.983337402, 479.395690918, 155.357131958, 82.3402786255, 126.045478821, 241.846084595, 114.668304443, 199.386611938, 166.985931396, 299.83682251, 437.16519165, 331.723480225, 87.1142272949, 246.154022217, 153.590393066, 162.665771484, 438.10559082, 312.674102783, 141.475585938, 166.899978638, 213.579421997, 249.158721924, 106.492080688, 68.5012741089, 38.8340492249, 22.1111431122, 6.85422229767, 1.95038557053, 0.134532824159, 0.00276811234653, 0.000383356004022],
        "mean": [2.75437760353, 7.93843126297, 9.17493629456, 16.1445922852, 9.7797460556, 6.10143280029, 15.7014379501, 29.7409420013, 12.7309970856, 9.49113082886, 15.4607620239, 8.15823364258, 4.37328958511, 4.75974559784, 6.08045959473, 5.29260063171, 8.92799568176, 6.334856987, 7.91936588287, 13.3885974884, 12.6191682816, 7.92195558548, 11.7528018951, 10.0842761993, 9.41738891602, 19.2053852081, 12.4284620285, 8.55572414398, 9.70558071136, 10.786693573, 10.4234819412, 6.15179777145, 3.5582652092, 1.90951299667, 0.889401376247, 0.184684380889, 0.0294757019728, 0.00141731870826, 8.8004519057e-05, 0.000104096514406],
        "median": [0.696586787701, 2.53406405449, 3.06455302238, 3.28052377701, 2.70448184013, 1.52275598049, 2.60501646996, 4.63355398178, 2.21343946457, 0.903892397881, 1.2341632843, 1.35470843315, 0.732423722744, 0.637992739677, 0.907761871815, 0.984988152981, 1.74169778824, 1.366314888, 1.00257241726, 1.18986415863, 1.19880354404, 2.60420489311, 2.37168955803, 1.55230998993, 1.71683204174, 2.84070730209, 1.25538420677, 1.22678565979, 1.02026593685, 1.26210701466, 1.0149166584, 0.403541356325, 0.255399525166, 0.133662641048, 0.101952247322, 0.00932556856424, 0.000575748214033, 3.87932741432e-05, 4.91974096803e-05, 8.27449985081e-05],
        "min": [6.99548152738e-09, 4.87029545582e-08, 1.80040103714e-07, 1.09779648483e-06, 8.61117132445e-06, 4.03719714086e-05, 0.000108653555799, 0.000442341872258, 0.000268309842795, 0.00030305882683, 0.000192694322322, 0.000198474997887, 0.000166469748365, 0.000185065990081, 0.000491757993586, 0.000623521045782, 0.000864495639689, 0.000578301434871, 0.000208539888263, 0.000210629426874, 0.000346444081515, 0.000942629645579, 0.00054873485351, 0.000287038477836, 0.000180150978849, 0.000508638855536, 0.000102963000245, 0.000223786526476, 0.000116720424558, 4.85877608298e-05, 2.51436631515e-05, 1.71818628587e-05, 3.26875624523e-06, 3.48859430233e-06, 1.31161937134e-06, 2.38236140149e-07, 3.95588415358e-08, 9.83595338511e-09, 5.20571141749e-09, 6.95137236661e-09],
        "var": [13.7800884247, 95.3523406982, 352.691375732, 1069.80187988, 485.118103027, 110.674545288, 2945.15649414, 8469.62011719, 1695.16711426, 751.288757324, 2351.8918457, 296.794708252, 84.9704666138, 121.755386353, 251.66444397, 122.065765381, 409.236022949, 161.474655151, 382.13293457, 1321.92102051, 871.495727539, 150.798492432, 505.578826904, 384.369232178, 437.572784424, 2793.2590332, 1196.66467285, 396.04119873, 545.967224121, 851.338562012, 892.797668457, 264.713317871, 85.8242111206, 26.3981876373, 4.54392957687, 0.353843510151, 0.019585326314, 4.47644233645e-05, 3.04526359685e-08, 9.1098018018e-09]
    },
    "gfcc": {
        "mean": [-74.3163375854, 89.1715393066, -97.2892532349, 66.3559951782, -62.2529373169, 15.3212985992, -36.1384239197, 4.87461233139, -16.2724323273, -1.02033495903, -1.28023731709, -3.13914394379, -4.21963167191],
        "cov": [[15660.3867188, -509.435760498, 1437.41870117, 1517.07324219, 1178.57507324, 1669.07067871, 170.834564209, 914.566345215, 211.650787354, 651.245483398, -304.163360596, -31.4548854828, 41.5358123779], [-509.435760498, 2711.25219727, 722.15625, -56.9943351746, 661.826171875, -293.186431885, 552.344421387, -205.439041138, 256.128479004, -315.95980835, 176.858596802, -81.7520828247, 139.202911377], [1437.41870117, 722.15625, 2684.37915039, 1178.00805664, 929.801879883, 694.674743652, 515.816101074, 311.740234375, 135.043930054, 124.289390564, 189.630691528, 122.138748169, 231.7394104], [1517.07324219, -56.9943351746, 1178.00805664, 1380.84729004, 810.20324707, 640.159179688, 294.563720703, 164.441970825, 212.305465698, 101.69342804, 152.162811279, 13.8345994949, 124.275009155], [1178.57507324, 661.826171875, 929.801879883, 810.20324707, 1154.24133301, 468.091125488, 427.922637939, 126.601501465, 223.263153076, 65.8078842163, 98.3521194458, 6.82889318466, 91.5261611938], [1669.07067871, -293.186431885, 694.674743652, 640.159179688, 468.091125488, 697.0703125, 219.467514038, 279.538848877, 59.2343101501, 146.208374023, 9.30672454834, 28.7715988159, 37.3239402771], [170.834564209, 552.344421387, 515.816101074, 294.563720703, 427.922637939, 219.467514038, 445.725189209, 108.99584198, 162.513565063, -33.0247154236, 87.6121902466, 11.8318901062, 27.4489612579], [914.566345215, -205.439041138, 311.740234375, 164.441970825, 126.601501465, 279.538848877, 108.99584198, 290.920288086, 59.4187736511, 122.873443604, -19.8628234863, 29.1300258636, 7.88594388962], [211.650787354, 256.128479004, 135.043930054, 212.305465698, 223.263153076, 59.2343101501, 162.513565063, 59.4187736511, 249.613143921, 30.2846336365, 77.8845062256, -21.534992218, 58.2892189026], [651.245483398, -315.95980835, 124.289390564, 101.69342804, 65.8078842163, 146.208374023, -33.0247154236, 122.873443604, 30.2846336365, 181.247650146, 5.53648138046, 41.2294006348, 10.2278966904], [-304.163360596, 176.858596802, 189.630691528, 152.162811279, 98.3521194458, 9.30672454834, 87.6121902466, -19.8628234863, 77.8845062256, 5.53648138046, 166.980255127, 43.4543113708, 69.9675140381], [-31.4548854828, -81.7520828247, 122.138748169, 13.8345994949, 6.82889318466, 28.7715988159, 11.8318901062, 29.1300258636, -21.534992218, 41.2294006348, 43.4543113708, 124.96105957, 48.1072845459], [41.5358123779, 139.202911377, 231.7394104, 124.275009155, 91.5261611938, 37.3239402771, 27.4489612579, 7.88594388962, 58.2892189026, 10.2278966904, 69.9675140381, 48.1072845459, 175.691452026]],
        "icov": [[0.000112420078949, -0.000129395179101, 4.90624115628e-05, -0.000118552670756, 4.10573957197e-05, -0.000226797521464, 0.000168104452314, -0.000140191637911, -8.55848520587e-06, -0.000303633045405, 0.000294535682769, -3.36884186254e-05, 1.43529541674e-05], [-0.000129395179101, 0.00145297858398, -0.000564008543734, 0.00103340554051, -0.000922466802876, 0.000896502227988, -0.000956249830779, 0.000589024741203, -0.000622568768449, 0.00178811943624, -0.000801607850008, 0.000937471282668, -0.000529611657839], [4.90624115628e-05, -0.000564008543734, 0.00109785748646, -0.000999336247332, 0.000214694940951, -6.7535758717e-05, -0.000430743471952, -0.00080413906835, 0.00128552271053, -0.00101522251498, 0.000145349040395, -0.000337377714459, -0.000632945389953], [-0.000118552670756, 0.00103340554051, -0.000999336247332, 0.00319630769081, -0.0013519548811, -0.00132958800532, 0.000662336067762, 0.00128377403598, -0.0020000974182, 0.00212846859358, -0.0018192990683, 0.000822383386549, 0.00013113670866], [4.10573957197e-05, -0.000922466802876, 0.000214694940951, -0.0013519548811, 0.002831768943, -0.000895159551874, -0.00110498873983, 0.000850544602145, -3.93332447857e-05, -0.00216089328751, 0.00131607067306, -0.000438864371972, -2.13811545109e-05], [-0.000226797521464, 0.000896502227988, -6.7535758717e-05, -0.00132958800532, -0.000895159551874, 0.00599169079214, -0.00245689973235, -0.00258197169751, 0.00244736904278, -0.000676146999467, 0.000110583270725, 0.00127642112784, -0.00110008008778], [0.000168104452314, -0.000956249830779, -0.000430743471952, 0.000662336067762, -0.00110498873983, -0.00245689973235, 0.00798778515309, -0.00218947045505, -0.00347884534858, 0.00397340301424, -0.00160036352463, -0.00235277530737, 0.00296988687478], [-0.000140191637911, 0.000589024741203, -0.00080413906835, 0.00128377403598, 0.000850544602145, -0.00258197169751, -0.00218947045505, 0.00940352026373, -0.0024549162481, -0.00316211092286, 0.00215924577788, -0.000590756651945, 4.48716091341e-05], [-8.55848520587e-06, -0.000622568768449, 0.00128552271053, -0.0020000974182, -3.93332447857e-05, 0.00244736904278, -0.00347884534858, -0.0024549162481, 0.0100640254095, -0.00405694590881, -0.00184510601684, 0.00377830513753, -0.00303382659331], [-0.000303633045405, 0.00178811943624, -0.00101522251498, 0.00212846859358, -0.00216089328751, -0.000676146999467, 0.00397340301424, -0.00316211092286, -0.00405694590881, 0.014708140865, -0.00299215386622, -0.00267881923355, 0.0016939023044], [0.000294535682769, -0.000801607850008, 0.000145349040395, -0.0018192990683, 0.00131607067306, 0.000110583270725, -0.00160036352463, 0.00215924577788, -0.00184510601684, -0.00299215386622, 0.0118475910276, -0.00357975065708, -0.00184698903468], [-3.36884186254e-05, 0.000937471282668, -0.000337377714459, 0.000822383386549, -0.000438864371972, 0.00127642112784, -0.00235277530737, -0.000590756651945, 0.00377830513753, -0.00267881923355, -0.00357975065708, 0.0131796207279, -0.00380073301494], [1.43529541674e-05, -0.000529611657839, -0.000632945389953, 0.00013113670866, -2.13811545109e-05, -0.00110008008778, 0.00296988687478, 4.48716091341e-05, -0.00303382659331, 0.0016939023044, -0.00184698903468, -0.00380073301494, 0.00931312981993]]
    },
    "melbands": {
        "dmean": [0.014638138935, 0.00455376738682, 0.00286620226689, 0.000523858063389, 0.000405287049944, 0.000558995641768, 0.000167141522979, 0.000100467113953, 0.000106600207801, 4.83088915644e-05, 2.00549111469e-05, 1.53166311065e-05, 2.1422161808e-05, 1.12284114948e-05, 1.23755817185e-05, 1.32192362798e-05, 7.93223262008e-06, 1.00349643617e-05, 1.35726386361e-05, 9.64142600424e-06, 9.35168282012e-06, 4.58226395494e-06, 6.73947170071e-06, 6.38779101791e-06, 6.72694568493e-06, 4.99546194987e-06, 1.09863849502e-05, 1.31638280436e-05, 6.6846032496e-06, 6.46768557999e-06, 3.89690649172e-06, 4.24948939326e-06, 6.18521244178e-06, 4.42324289907e-06, 5.80809455641e-06, 5.3429844229e-06, 3.22658661389e-06, 2.40347321778e-06, 1.55601946972e-06, 1.40404461035e-06],
        "dmean2": [0.0206219926476, 0.00737689249218, 0.00512834917754, 0.000921703118365, 0.00059465697268, 0.000834942853544, 0.000273664132692, 0.000162853510119, 0.00017054399359, 8.67419876158e-05, 3.49745787389e-05, 2.54867427429e-05, 3.43700194207e-05, 1.76893609023e-05, 1.94683070731e-05, 1.9970097128e-05, 1.26574268506e-05, 1.70974271896e-05, 2.11379574466e-05, 1.51186623043e-05, 1.47559494508e-05, 6.78544893162e-06, 1.02389567473e-05, 9.35396474233e-06, 1.03012162072e-05, 7.45162788007e-06, 1.7654912881e-05, 2.2221232939e-05, 1.01907116914e-05, 9.16108729143e-06, 5.87479598835e-06, 6.07444235357e-06, 8.92903699423e-06, 6.59394981994e-06, 8.67104063218e-06, 8.33247668197e-06, 4.58952899862e-06, 3.4704492009e-06, 2.20417405217e-06, 2.03940749088e-06],
        "dvar": [0.000332811556291, 5.78254439461e-05, 4.5599994337e-05, 1.31129468173e-06, 1.33939033731e-06, 2.4771252356e-06, 3.50714202568e-07, 7.432883109e-08, 6.80491680782e-08, 1.1655248322e-08, 1.81491299767e-09, 1.27637234115e-09, 4.12147294071e-09, 6.42275399532e-10, 1.06396425004e-09, 9.18704945452e-10, 2.86414753026e-10, 6.03398719878e-10, 2.25322227543e-09, 5.16023501707e-10, 4.61614496627e-10, 5.82716860875e-11, 1.79585804561e-10, 1.43173431444e-10, 2.24715260289e-10, 1.28762375762e-10, 9.00566676787e-10, 1.43437428601e-09, 3.70111052916e-10, 2.88146118077e-10, 9.50970829861e-11, 1.04001383894e-10, 2.68633976175e-10, 1.37886008167e-10, 2.49390758045e-10, 2.37085684418e-10, 6.7131335213e-11, 3.83152398697e-11, 1.55886657749e-11, 1.34411726541e-11],
        "dvar2": [0.000758242385928, 0.000160225608852, 0.000133099660161, 3.62478021998e-06, 2.0279205728e-06, 4.04219144912e-06, 8.91806678283e-07, 1.72505224327e-07, 1.54524087748e-07, 3.18662287668e-08, 4.88805129706e-09, 2.94553714753e-09, 1.06073416717e-08, 1.41461031777e-09, 2.64862021204e-09, 2.04149630534e-09, 6.43232633823e-10, 1.62784619118e-09, 5.4029514196e-09, 1.2148924089e-09, 1.14478804214e-09, 1.23414861664e-10, 4.03840821894e-10, 2.61549781833e-10, 5.40881839317e-10, 3.02068314806e-10, 2.31373720183e-09, 3.82974763014e-09, 8.57416693201e-10, 5.36017841224e-10, 2.26305071904e-10, 2.18957810216e-10, 5.73826541839e-10, 2.75033912311e-10, 6.09731543033e-10, 5.96740934444e-10, 1.36817099317e-10, 7.81977607667e-11, 2.73408119061e-11, 2.48694745353e-11],
        "max": [0.0988162234426, 0.0470516644418, 0.0351748988032, 0.00853865128011, 0.025372011587, 0.0324876382947, 0.0099857095629, 0.00367737025954, 0.00315945106559, 0.000844897818752, 0.000430018932093, 0.000482759962324, 0.00113873928785, 0.000293000979582, 0.000577341823373, 0.000566368049476, 0.000297754188068, 0.000337823410518, 0.000762054638471, 0.00033671860001, 0.000394296162995, 9.54220377025e-05, 0.00021940091392, 0.00021508995269, 0.000137593306135, 0.000101436518889, 0.000285189744318, 0.000294051278615, 0.000181624971447, 0.000182244577445, 8.60560976434e-05, 8.50169817568e-05, 0.000138572446303, 0.000102523961687, 0.000156005655299, 0.000117862335173, 6.3923333073e-05, 5.40534092579e-05, 4.34951834904e-05, 3.83444385079e-05],
        "mean": [0.0195745583624, 0.00652040494606, 0.00261315144598, 0.000519547669683, 0.000501003989484, 0.000667787331622, 0.000175190813025, 0.000112155350507, 0.000119650896522, 4.43141616415e-05, 2.04654133995e-05, 1.82710373338e-05, 2.35477964452e-05, 1.3566137568e-05, 1.61967600434e-05, 2.036301521e-05, 1.03761803985e-05, 1.05273684312e-05, 1.94355598069e-05, 1.65018427651e-05, 1.41134451042e-05, 7.34667355573e-06, 1.00444876807e-05, 1.01271371022e-05, 8.09403263702e-06, 5.72494218432e-06, 1.07520172605e-05, 1.24918260553e-05, 6.87984356773e-06, 7.07906838215e-06, 4.50756851933e-06, 5.07152481077e-06, 6.69773908157e-06, 5.17613625561e-06, 5.86086889598e-06, 4.80438166051e-06, 3.71013197764e-06, 2.71398926088e-06, 1.75192917595e-06, 1.56904945925e-06],
        "median": [0.00628854706883, 0.00334639754146, 0.00056077237241, 0.000121014323668, 0.000101490863017, 0.000105851999251, 2.56447001448e-05, 7.36809079172e-06, 1.11233375719e-05, 7.53567837819e-06, 2.88041519525e-06, 2.33425748775e-06, 2.89177364721e-06, 2.43469639827e-06, 3.01398790725e-06, 3.53052996616e-06, 1.89625825442e-06, 1.27902808345e-06, 1.54296583332e-06, 1.45514320593e-06, 1.2834775589e-06, 2.20640868065e-06, 3.35182494382e-06, 1.50481355377e-06, 1.15820694191e-06, 1.11225313049e-06, 1.64480979947e-06, 1.76790706519e-06, 6.44503131753e-07, 5.8901008515e-07, 7.58214639518e-07, 5.5982440017e-07, 6.68740710807e-07, 6.72872829455e-07, 6.05522586739e-07, 3.33524269536e-07, 2.01769822183e-07, 1.80962715035e-07, 1.20652174473e-07, 1.04595571315e-07],
        "min": [2.19546585772e-11, 3.42747809301e-11, 4.15057321845e-10, 4.62591492889e-10, 3.87854326434e-09, 8.70163407996e-09, 2.44587705645e-09, 2.70511835154e-09, 1.48689516255e-09, 1.09952225102e-09, 7.81819831097e-10, 3.62883501026e-10, 6.49958142862e-10, 5.48577461235e-10, 2.04279793081e-09, 1.62306457163e-09, 1.84481790955e-10, 2.15678183646e-10, 1.47969900222e-10, 3.06260794503e-10, 2.37073333187e-10, 9.72891212037e-10, 6.74957867375e-10, 2.77606271304e-10, 2.30609240037e-10, 1.26410618084e-10, 2.04437342055e-10, 3.66517566297e-10, 5.24319893058e-11, 6.65708529968e-11, 7.42917810603e-11, 6.60228816063e-11, 4.76715195097e-11, 3.78296482681e-12, 1.27752192505e-11, 4.60275350819e-12, 2.81332422636e-12, 7.08392830615e-14, 7.17678005782e-14, 8.59189089775e-14],
