{
"highlevel": {
    "danceability": {
        "all": {
            "danceable": 0.996753573418,
            "not_danceable": 0.00324640097097
        },
        "probability": 0.996753573418,
        "value": "danceable"
    },
    "gender": {
        "all": {
            "female": 0.714271128178,
            "male": 0.285728871822
        },
        "probability": 0.714271128178,
        "value": "female"
    },
    "genre_dortmund": {
        "all": {
            "alternative": 0.0580311231315,
            "blues": 0.0226580742747,
            "electronic": 0.412216335535,
            "folkcountry": 0.0161798149347,
            "funksoulrnb": 0.00452679069713,
            "jazz": 0.0105276061222,
            "pop": 0.0223620422184,
            "raphiphop": 0.430657446384,
            "rock": 0.0228407755494
        },
        "probability": 0.430657446384,
        "value": "raphiphop"
    },
    "genre_electronic": {
        "all": {
            "ambient": 0.406204521656,
            "dnb": 0.16352468729,
            "house": 0.212306424975,
            "techno": 0.0889715477824,
            "trance": 0.128992810845
        },
        "probability": 0.406204521656,
        "value": "ambient"
    },
    "genre_rosamerica": {
        "all": {
            "cla": 0.00696547981352,
            "dan": 0.0909726247191,
            "hip": 0.213372573256,
            "jaz": 0.00933158677071,
            "pop": 0.14228028059,
            "rhy": 0.497957855463,
            "roc": 0.0270235296339,
            "spe": 0.0120960921049
        },
        "probability": 0.497957855463,
        "value": "rhy"
    },
    "genre_tzanetakis": {
        "all": {
            "blu": 0.0620671063662,
            "cla": 0.034474901855,
            "cou": 0.103433981538,
            "dis": 0.0620971247554,
            "hip": 0.15527240932,
            "jaz": 0.310666948557,
            "met": 0.044346679002,
            "pop": 0.0620793737471,
            "reg": 0.0620816536248,
            "roc": 0.103479810059
        },
        "probability": 0.310666948557,
        "value": "jaz"
    },
    "ismir04_rhythm": {
        "all": {
            "ChaChaCha": 0.0298374462873,
            "Jive": 0.0125084929168,
            "Quickstep": 0.0166214033961,
            "Rumba-American": 0.0139785297215,
            "Rumba-International": 0.758727192879,
            "Rumba-Misc": 0.0128749618307,
            "Samba": 0.0428187288344,
            "Tango": 0.0162696745247,
            "VienneseWaltz": 0.0495532825589,
            "Waltz": 0.0468102954328
        },
        "probability": 0.758727192879,
        "value": "Rumba-International"
    },
    "mood_acoustic": {
        "all": {
            "acoustic": 0.00449701212347,
            "not_acoustic": 0.995503008366
        },
        "probability": 0.995503008366,
        "value": "not_acoustic"
    },
    "mood_aggressive": {
        "all": {
            "aggressive": 0.0758642852306,
            "not_aggressive": 0.924135684967
        },
        "probability": 0.924135684967,
        "value": "not_aggressive"
    },
    "mood_electronic": {
        "all": {
            "electronic": 0.99522793293,
            "not_electronic": 0.00477205077186
        },
        "probability": 0.99522793293,
        "value": "electronic"
    },
    "mood_happy": {
        "all": {
            "happy": 0.698971092701,
            "not_happy": 0.301028937101
        },
        "probability": 0.698971092701,
        "value": "happy"
    },
    "mood_party": {
        "all": {
            "not_party": 0.836289584637,
            "party": 0.163710445166
        },
        "probability": 0.836289584637,
        "value": "not_party"
    },
    "mood_relaxed": {
        "all": {
            "not_relaxed": 0.272931694984,
            "relaxed": 0.727068305016
        },
        "probability": 0.727068305016,
        "value": "relaxed"
    },
    "mood_sad": {
        "all": {
            "not_sad": 0.698565840721,
            "sad": 0.301434129477
        },
        "probability": 0.698565840721,
        "value": "not_sad"
    },
    "moods_mirex": {
        "all": {
            "Cluster1": 0.311175733805,
            "Cluster2": 0.211485207081,
            "Cluster3": 0.132993623614,
            "Cluster4": 0.0486197732389,
            "Cluster5": 0.295725673437
        },
        "probability": 0.311175733805,
        "value": "Cluster1"
    },
    "timbre": {
        "all": {
            "bright": 0.656738221645,
            "dark": 0.343261778355
        },
        "probability": 0.656738221645,
        "value": "bright"
    },
    "tonal_atonal": {
        "all": {
            "atonal": 0.934160172939,
            "tonal": 0.0658398196101
        },
        "probability": 0.934160172939,
        "value": "atonal"
    },
    "voice_instrumental": {
        "all": {
            "instrumental": 0.127225264907,
            "voice": 0.872774720192
        },
        "probability": 0.872774720192,
        "value": "voice"
    }
},
"lowlevel": {
    "average_loudness": 0.985428154469,
    "barkbands_crest": {
        "dmean": 1.84209620953,
        "dmean2": 2.75709056854,
        "dvar": 4.78222370148,
        "dvar2": 10.2382602692,
        "max": 26.2005271912,
        "mean": 15.4671516418,
        "median": 15.7406787872,
        "min": 5.14238834381,
        "var": 18.0737285614
    },
    "barkbands_flatness_db": {
        "dmean": 0.0316356197,
        "dmean2": 0.0417480431497,
        "dvar": 0.00119909713976,
        "dvar2": 0.00184923002962,
        "max": 0.512287080288,
        "mean": 0.254295319319,
        "median": 0.24496345222,
        "min": 0.0698844566941,
        "var": 0.0049146595411
    },
    "barkbands_kurtosis": {
        "dmean": 7.77147436142,
        "dmean2": 11.7564792633,
        "dvar": 175.479293823,
        "dvar2": 416.675262451,
        "max": 191.273330688,
        "mean": 16.382390976,
        "median": 8.95592212677,
        "min": -1.61337506771,
        "var": 411.015472412
    },
    "barkbands_skewness": {
        "dmean": 0.748753666878,
        "dmean2": 1.10124802589,
        "dvar": 0.73221886158,
        "dvar2": 1.54947185516,
        "max": 12.2445354462,
        "mean": 3.08492541313,
        "median": 2.65727472305,
        "min": 0.114627107978,
        "var": 2.82847619057
    },
    "barkbands_spread": {
        "dmean": 3.99677252769,
        "dmean2": 5.68579435349,
        "dvar": 53.7424354553,
        "dvar2": 96.736114502,
        "max": 70.11693573,
        "mean": 10.5880155563,
        "median": 8.62285614014,
        "min": 0.462756127119,
        "var": 91.4179840088
    },
    "dissonance": {
        "dmean": 0.0240577403456,
        "dmean2": 0.0401889272034,
        "dvar": 0.000641772232484,
        "dvar2": 0.0017995989183,
        "max": 0.498838812113,
        "mean": 0.445474267006,
        "median": 0.453855931759,
        "min": 0.247350126505,
        "var": 0.00131471070927
    },
    "dynamic_complexity": 1.74220252037,
    "erbbands_crest": {
        "dmean": 2.78074765205,
        "dmean2": 4.25066280365,
        "dvar": 5.90565776825,
        "dvar2": 13.47407341,
        "max": 28.6952953339,
        "mean": 10.3610839844,
        "median": 9.5854434967,
        "min": 2.66413140297,
        "var": 18.9428405762
    },
    "erbbands_flatness_db": {
        "dmean": 0.0239672698081,
        "dmean2": 0.0338264890015,
        "dvar": 0.000615736178588,
        "dvar2": 0.00117294059601,
        "max": 0.323985606432,
        "mean": 0.18132480979,
        "median": 0.182190403342,
        "min": 0.0671133697033,
        "var": 0.00204205838963
    },
    "erbbands_kurtosis": {
        "dmean": 1.0639642477,
        "dmean2": 1.67341697216,
        "dvar": 1.90311920643,
        "dvar2": 4.28034162521,
        "max": 20.4783744812,
        "mean": 0.634632408619,
        "median": 0.147290468216,
        "min": -1.78732049465,
        "var": 4.16071367264
    },
    "erbbands_skewness": {
        "dmean": 0.444600492716,
        "dmean2": 0.662552297115,
        "dvar": 0.154907301068,
        "dvar2": 0.338073551655,
        "max": 3.88527488708,
        "mean": 0.49017059803,
        "median": 0.453739583492,
        "min": -1.80535340309,
        "var": 0.555156469345
    },
    "erbbands_spread": {
        "dmean": 10.2512578964,
        "dmean2": 15.3797130585,
        "dvar": 160.526779175,
        "dvar2": 361.790893555,
        "max": 151.92906189,
        "mean": 36.9479484558,
        "median": 33.1998138428,
        "min": 7.26946687698,
        "var": 429.566162109
    },
    "hfc": {
        "dmean": 9.57299423218,
        "dmean2": 14.7221088409,
        "dvar": 470.367736816,
        "dvar2": 1029.68835449,
        "max": 171.031951904,
        "mean": 19.6323432922,
        "median": 14.9889411926,
        "min": 0.892239809036,
        "var": 519.560180664
    },
    "melbands_crest": {
        "dmean": 2.430996418,
        "dmean2": 3.5821814537,
        "dvar": 8.07970619202,
        "dvar2": 16.6875514984,
        "max": 36.3682174683,
        "mean": 26.4356365204,
        "median": 27.3048648834,
        "min": 11.4920721054,
        "var": 23.4668579102
    },
    "melbands_flatness_db": {
        "dmean": 0.0383235439658,
        "dmean2": 0.0480808354914,
        "dvar": 0.00179120572284,
        "dvar2": 0.002621374093,
        "max": 0.667590558529,
        "mean": 0.348249971867,
        "median": 0.337082743645,
        "min": 0.0882407203317,
        "var": 0.00750770792365
    },
    "melbands_kurtosis": {
        "dmean": 16.5363311768,
        "dmean2": 25.4011116028,
        "dvar": 626.194763184,
        "dvar2": 1387.89587402,
        "max": 379.730194092,
        "mean": 35.0395355225,
        "median": 20.0110321045,
        "min": -0.873984336853,
        "var": 1698.08898926
    },
    "melbands_skewness": {
        "dmean": 1.01833438873,
        "dmean2": 1.53315448761,
        "dvar": 1.34842789173,
        "dvar2": 3.01760864258,
        "max": 16.2942276001,
        "mean": 4.25315999985,
        "median": 3.74320745468,
        "min": 0.423271298409,
        "var": 4.83412265778
    },
    "melbands_spread": {
        "dmean": 3.14325976372,
        "dmean2": 4.4374461174,
        "dvar": 30.9265289307,
        "dvar2": 62.3708000183,
        "max": 73.9471664429,
        "mean": 8.92845535278,
        "median": 7.08870458603,
        "min": 0.436367422342,
        "var": 58.6050720215
    },
    "pitch_salience": {
        "dmean": 0.0605444125831,
        "dmean2": 0.0928314551711,
        "dvar": 0.00447061052546,
        "dvar2": 0.0107470527291,
        "max": 0.735911548138,
        "mean": 0.366870135069,
        "median": 0.36565425992,
        "min": 0.0675140172243,
        "var": 0.00990951806307
    },
    "silence_rate_20dB": {
        "dmean": 0,
        "dmean2": 0,
        "dvar": 0,
        "dvar2": 0,
        "max": 1,
        "mean": 1,
        "median": 1,
        "min": 1,
        "var": 0
    },
    "silence_rate_30dB": {
        "dmean": 0.0743034034967,
        "dmean2": 0.148721918464,
        "dvar": 0.0687826052308,
        "dvar2": 0.146744430065,
        "max": 1,
        "mean": 0.849187910557,
        "median": 1,
        "min": 0,
        "var": 0.128068432212
    },
    "silence_rate_60dB": {
        "dmean": 0,
        "dmean2": 0,
        "dvar": 0,
        "dvar2": 0,
        "max": 0,
        "mean": 0,
        "median": 0,
        "min": 0,
        "var": 0
    },
    "spectral_centroid": {
        "dmean": 208.821517944,
        "dmean2": 289.158935547,
        "dvar": 92443.8125,
        "dvar2": 153533.8125,
        "max": 3171.94702148,
        "mean": 818.26171875,
        "median": 734.869567871,
        "min": 150.053222656,
        "var": 215094.875
    },
    "spectral_complexity": {
        "dmean": 3.75619196892,
        "dmean2": 5.51820278168,
        "dvar": 32.4784545898,
        "dvar2": 54.0729637146,
        "max": 55,
        "mean": 15.170920372,
        "median": 14,
        "min": 3,
        "var": 70.2437973022
    },
    "spectral_decrease": {
        "dmean": 4.7120418678e-09,
        "dmean2": 7.47589901096e-09,
        "dvar": 6.12205900471e-17,
        "dvar2": 1.29953224136e-16,
        "max": -2.10227502073e-09,
        "mean": -2.16112336915e-08,
        "median": -1.96844638367e-08,
        "min": -7.50600293031e-08,
        "var": 1.28987090415e-16
    },
    "spectral_energy": {
        "dmean": 0.0184536967427,
        "dmean2": 0.0292754434049,
        "dvar": 0.000907781883143,
        "dvar2": 0.00192608567886,
        "max": 0.2862406075,
        "mean": 0.0833464339375,
        "median": 0.0759796500206,
        "min": 0.00802310090512,
        "var": 0.00189515668899
    },
    "spectral_energyband_high": {
        "dmean": 0.000731220818125,
        "dmean2": 0.00115672266111,
        "dvar": 5.16155432706e-06,
        "dvar2": 1.12128791443e-05,
        "max": 0.0163780264556,
        "mean": 0.000643518113066,
        "median": 6.29590358585e-05,
        "min": 4.40922072187e-08,
        "var": 5.10397194375e-06
    },
    "spectral_energyband_low": {
        "dmean": 0.0147202154621,
        "dmean2": 0.0223857183009,
        "dvar": 0.000741481257137,
        "dvar2": 0.00153448036872,
        "max": 0.267737239599,
        "mean": 0.0644751489162,
        "median": 0.0577877014875,
        "min": 0.00561562972143,
        "var": 0.00167001830414
    },
    "spectral_energyband_middle_high": {
        "dmean": 0.00165430072229,
        "dmean2": 0.0023371365387,
        "dvar": 5.52451956537e-06,
        "dvar2": 1.14707372632e-05,
        "max": 0.0260359570384,
        "mean": 0.00411805836484,
        "median": 0.00266766245477,
        "min": 1.47355849549e-05,
        "var": 1.74631040863e-05
    },
    "spectral_energyband_middle_low": {
        "dmean": 0.00720723113045,
        "dmean2": 0.0122344577685,
        "dvar": 0.000209059813642,
        "dvar2": 0.000585539208259,
        "max": 0.123248361051,
        "mean": 0.015487906523,
        "median": 0.012624441646,
        "min": 0.000817336200271,
        "var": 0.000172587897396
    },
    "spectral_entropy": {
        "dmean": 0.266503453255,
        "dmean2": 0.379909545183,
        "dvar": 0.0944600626826,
        "dvar2": 0.161763966084,
        "max": 8.29624080658,
        "mean": 6.98522233963,
        "median": 6.99811553955,
        "min": 5.18696117401,
        "var": 0.290856957436
    },
    "spectral_flux": {
        "dmean": 0.0388513766229,
        "dmean2": 0.0614303052425,
        "dvar": 0.00296141044237,
        "dvar2": 0.00563261564821,
        "max": 0.516609013081,
        "mean": 0.0988693386316,
        "median": 0.0753610804677,
        "min": 0.00988767389208,
        "var": 0.00622542202473
    },
    "spectral_kurtosis": {
        "dmean": 5.02345132828,
        "dmean2": 7.9894952774,
        "dvar": 39.5717811584,
        "dvar2": 96.0822601318,
        "max": 99.2788085938,
        "mean": 9.88556480408,
        "median": 7.73890399933,
        "min": -0.63396191597,
        "var": 89.895866394
    },
    "spectral_rms": {
        "dmean": 0.0009327052976,
        "dmean2": 0.00144062843174,
        "dvar": 1.88827505099e-06,
        "dvar2": 3.53438190359e-06,
        "max": 0.0167110487819,
        "mean": 0.00874636694789,
        "median": 0.00860967393965,
        "min": 0.0027977519203,
        "var": 4.81457800561e-06
    },
    "spectral_rolloff": {
        "dmean": 214.931289673,
        "dmean2": 357.323455811,
        "dvar": 316834.21875,
        "dvar2": 783475.125,
        "max": 5340.234375,
        "mean": 424.168212891,
        "median": 322.998046875,
        "min": 64.599609375,
        "var": 299504.375
    },
    "spectral_skewness": {
        "dmean": 0.496923029423,
        "dmean2": 0.748332500458,
        "dvar": 0.24993558228,
        "dvar2": 0.579874753952,
        "max": 7.96182394028,
        "mean": 2.2154481411,
        "median": 2.14138913155,
        "min": 0.424067467451,
        "var": 0.760749578476
    },
    "spectral_spread": {
        "dmean": 910364.8125,
        "dmean2": 1371769,
        "dvar": 1.36038763725e+12,
        "dvar2": 2.91726478541e+12,
        "max": 13143311,
        "mean": 3538010,
        "median": 3090168,
        "min": 805927.8125,
        "var": 2.64245765734e+12
    },
    "spectral_strongpeak": {
        "dmean": 0.110273346305,
        "dmean2": 0.190804541111,
        "dvar": 0.0868504568934,
        "dvar2": 0.235231921077,
        "max": 4.27495765686,
        "mean": 0.509974479675,
        "median": 0.512078523636,
        "min": 0,
        "var": 0.0819897577167
    },
    "zerocrossingrate": {
        "dmean": 0.00686730537564,
        "dmean2": 0.00848724320531,
        "dvar": 9.71834961092e-05,
        "dvar2": 0.000130604792503,
        "max": 0.12548828125,
        "mean": 0.0200859941542,
        "median": 0.017578125,
        "min": 0.001953125,
        "var": 0.00024649646366
    },
    "barkbands": {
        "dmean": [0.00209970213473, 0.0132184689865, 0.00488180154935, 0.00288326176815, 0.00174082058948, 0.00180093571544, 0.00204048934393, 0.000570545380469, 0.000738927337807, 0.000264471222181, 0.000274622288998, 0.000552354380488, 0.000447196362074, 0.000241848523729, 0.000145777143189, 0.000135901878821, 0.000176109329914, 0.000148964318214, 0.000179994429345, 0.000165562145412, 0.000120833632536, 0.000169872262632, 0.000182322459295, 0.000123916252051, 5.87727809034e-05, 2.08954625123e-05, 3.48042092924e-08],
        "dmean2": [0.00307709118351, 0.0209020990878, 0.00847445987165, 0.00528263719752, 0.00295587000437, 0.00284301280044, 0.00334833143279, 0.000869289855473, 0.00109986483585, 0.000392476562411, 0.000427115301136, 0.000777064706199, 0.000657848373521, 0.000380188168492, 0.000219407404074, 0.000213938663364, 0.000274559366517, 0.000231024503591, 0.00028417390422, 0.000255657068919, 0.000188686419278, 0.000264060363406, 0.000305373599986, 0.000204750103876, 9.26747452468e-05, 3.45097614627e-05, 6.10203159113e-08],
        "dvar": [8.31815123092e-06, 0.000806740834378, 0.000294572353596, 0.00010809822561, 8.57984377944e-06, 8.81720279722e-06, 2.39485889324e-05, 1.69814632045e-06, 2.73403134088e-06, 5.20894161582e-07, 3.33676723585e-07, 1.58599698352e-06, 8.93143749181e-07, 3.71829003143e-07, 7.18291062185e-08, 5.01752950299e-08, 1.60414316497e-07, 1.56610667545e-07, 2.55720806308e-07, 3.05681652435e-07, 1.87173171184e-07, 3.55616919023e-07, 2.07656142948e-07, 1.19719061331e-07, 3.61360648071e-08, 5.02548935799e-09, 3.96765106392e-14],
        "dvar2": [1.45214371514e-05, 0.00202505732886, 0.000798129360192, 0.000312890828354, 2.52283352893e-05, 2.11828210013e-05, 6.23702580924e-05, 3.7988704662e-06, 6.04679735261e-06, 9.94625224848e-07, 7.4878965961e-07, 3.23864765051e-06, 1.92106585928e-06, 9.03378236217e-07, 1.45281092045e-07, 1.15154819014e-07, 3.54168804506e-07, 3.37443651688e-07, 6.64474100631e-07, 6.86513828896e-07, 4.17284439891e-07, 7.47493800191e-07, 4.7460318342e-07, 2.77101662505e-07, 8.16954184302e-08, 1.18889822431e-08, 9.3470329675e-14],
        "max": [0.0334367677569, 0.261436462402, 0.142454326153, 0.0899038463831, 0.0282561555505, 0.0366997271776, 0.0648240670562, 0.0172401908785, 0.0234781801701, 0.014866348356, 0.013012685813, 0.0254168603569, 0.0182503014803, 0.00806336477399, 0.00649332394823, 0.00328716519289, 0.00788316316903, 0.00426229881123, 0.00559162022546, 0.00455585634336, 0.00339223514311, 0.00518583832309, 0.003771324642, 0.00287712202407, 0.00157320615835, 0.000557617458981, 2.45124533649e-06],
        "mean": [0.00976638868451, 0.0481761172414, 0.00522318901494, 0.00291277049109, 0.0033257289324, 0.00391407450661, 0.00314000737853, 0.000807755044661, 0.00127669726498, 0.000461189163616, 0.000423232471803, 0.00100808579009, 0.000738926231861, 0.00034279897227, 0.00023573586077, 0.000208878904232, 0.000261912064161, 0.000178192567546, 0.000215654668864, 0.000153866058099, 0.000107192958239, 0.000154974259203, 0.000141147625982, 0.000103816193587, 5.04728486703e-05, 1.76477606146e-05, 2.55220697909e-08],
        "median": [0.0072338222526, 0.0434115417302, 0.00229752063751, 0.00147669902071, 0.00240836665034, 0.00249305972829, 0.000634570256807, 0.000236323438003, 0.000280273961835, 0.000106303567009, 0.00015297869686, 0.00022596179042, 0.000122346435091, 6.06773537584e-05, 8.26550312922e-05, 0.000108007567178, 8.68369170348e-05, 5.68453797314e-05, 5.47426825506e-05, 9.17691249924e-06, 5.1087627071e-06, 1.48555263877e-05, 9.09475420485e-06, 1.3022395251e-05, 2.20795368477e-06, 1.0708984064e-06, 1.23262400287e-09],
        "min": [0.000303772249026, 0.00334982271306, 9.85937513178e-05, 2.23771712626e-05, 0.000125615784782, 0.000127838371554, 3.92310221287e-06, 2.19625732711e-07, 1.9707113097e-06, 3.07207301375e-07, 5.26694577729e-07, 1.44936322499e-07, 5.95037249695e-07, 2.81307450223e-07, 7.33520323593e-07, 2.54699671132e-06, 4.22159018854e-07, 6.45861064186e-07, 1.15186715277e-07, 2.00920808879e-08, 1.33107791456e-09, 9.77530487112e-11, 6.86009235529e-11, 1.63771732287e-10, 2.43112231735e-11, 1.7002978886e-11, 1.09113299993e-11],
        "var": [3.49066685885e-05, 0.00132292159833, 0.00019474120927, 6.07202964602e-05, 1.05843027995e-05, 1.92406369024e-05, 3.46172455465e-05, 2.53828125096e-06, 5.98815768171e-06, 1.70437112956e-06, 6.96311758475e-07, 4.83050826006e-06, 2.18559011955e-06, 6.23365394858e-07, 2.42639231374e-07, 9.40146023254e-08, 2.37821737414e-07, 1.74974246647e-07, 2.26205656872e-07, 2.97238983649e-07, 1.81243990482e-07, 3.61724659115e-07, 1.90174674231e-07, 1.08460341153e-07, 3.42165620282e-08, 4.48223769212e-09, 3.11521574053e-14]
    },
    "erbbands": {
        "dmean": [0.601777851582, 2.46602320671, 4.12718439102, 9.15594100952, 7.40932655334, 5.58958625793, 6.78235960007, 19.562253952, 30.9789485931, 16.3874435425, 13.8778991699, 15.976732254, 10.2251834869, 8.96430587769, 12.2789058685, 21.173368454, 18.4420661926, 12.0043258667, 7.71020507812, 6.56805419922, 8.33476638794, 9.51790332794, 8.01632022858, 6.5077753067, 10.687953949, 7.11846494675, 5.32498311996, 5.20223331451, 5.54523563385, 6.06276512146, 4.46597957611, 3.39489865303, 1.56730258465, 0.825964689255, 0.378273189068, 0.126914575696, 0.0334948897362, 0.00260086590424, 6.33151285001e-05, 2.46051913564e-05],
        "dmean2": [0.89017444849, 3.99052095413, 6.53110647202, 16.607252121, 12.8905038834, 9.58605289459, 10.975279808, 30.5475769043, 50.7105255127, 26.2235851288, 21.3642253876, 23.4399299622, 14.4209661484, 13.845785141, 18.5693206787, 28.0558948517, 27.1799659729, 18.0209274292, 12.0813188553, 9.7181892395, 12.9493532181, 14.4008522034, 12.4266910553, 10.0835313797, 16.9485282898, 10.9109344482, 8.27579116821, 8.0753993988, 8.58592319489, 9.74876022339, 7.46106815338, 5.64603376389, 2.53361821175, 1.32259941101, 0.607464909554, 0.205183416605, 0.0559628456831, 0.00438917195424, 0.000105200939288, 3.90233653889e-05],
        "dvar": [1.23253571987, 40.5830383301, 164.551254272, 1196.93444824, 288.489227295, 86.4322967529, 275.329925537, 1056.54223633, 4931.50097656, 1209.87109375, 1026.9050293, 1491.24975586, 505.132507324, 410.999603271, 820.184143066, 2162.01049805, 1606.24536133, 812.968566895, 254.467514038, 143.176025391, 191.269805908, 360.148803711, 445.307647705, 363.023193359, 882.814453125, 570.56262207, 375.296844482, 344.520690918, 372.362426758, 382.074890137, 106.783187866, 73.5810852051, 21.4964389801, 7.14708137512, 1.53824174404, 0.177007675171, 0.0127978045493, 8.94970871741e-05, 4.1390293859e-08, 1.58392177152e-09],
        "dvar2": [2.35374855995, 105.762176514, 391.088378906, 3410.13330078, 840.027404785, 251.286575317, 736.291992188, 2423.80883789, 12961.8603516, 2964.20336914, 2296.53125, 3266.50708008, 1015.57995605, 890.14642334, 1841.96704102, 3713.22460938, 3485.1184082, 1985.95861816, 568.928466797, 290.768951416, 407.112457275, 812.365600586, 942.843811035, 844.040649414, 2227.85375977, 1255.90002441, 885.476867676, 720.568969727, 794.151123047, 855.712890625, 233.185180664, 168.018981934, 49.4521369934, 16.5195903778, 3.55441904068, 0.409541457891, 0.0307044573128, 0.000229544850299, 9.99167397708e-08, 3.40552008815e-09],
        "max": [10.1676445007, 57.9758796692, 119.457626343, 306.139831543, 151.704437256, 128.211959839, 309.804107666, 475.63873291, 827.803466797, 495.561126709, 417.353546143, 557.922241211, 391.832550049, 476.660552979, 605.772399902, 1145.40722656, 660.536010742, 458.686035156, 177.304489136, 267.468048096, 243.151443481, 240.439651489, 205.281723022, 210.058380127, 317.426940918, 201.490219116, 165.153030396, 142.393829346, 189.561279297, 165.008148193, 80.2250518799, 81.7680664062, 36.6557769775, 25.8787784576, 9.9015789032, 3.33478474617, 0.883730709553, 0.0821569263935, 0.0017465793062, 0.00032541048131],
        "mean": [2.71444940567, 5.51722669601, 5.64858484268, 9.37026786804, 10.1597938538, 10.510477066, 14.9083194733, 41.1791152954, 51.5376625061, 24.6258525848, 22.505022049, 27.896156311, 18.4572601318, 15.7075815201, 23.185546875, 41.1311302185, 32.5588035583, 21.2895298004, 12.8543462753, 11.4754238129, 13.5255718231, 14.8343381882, 10.6947793961, 7.87236022949, 12.6362781525, 6.79106235504, 4.5488524437, 4.71449041367, 5.03198719025, 5.12575101852, 3.54283428192, 2.73714518547, 1.36450636387, 0.689469397068, 0.31700950861, 0.108711473644, 0.0280772820115, 0.00194212200586, 8.39880740386e-05, 9.56105868681e-05],
        "median": [2.64191436768, 4.30117559433, 2.53808093071, 4.72797775269, 6.14484024048, 7.50682210922, 10.7348194122, 24.9006671906, 18.7711200714, 8.94182109833, 7.31977319717, 6.15925312042, 4.7659869194, 6.29183769226, 7.17618989944, 9.31771373749, 7.07665252686, 4.95160198212, 3.713950634, 4.45052480698, 7.51911830902, 5.08186101913, 3.57129716873, 2.4498026371, 2.80666255951, 0.590447247028, 0.249540925026, 0.189368396997, 0.503208398819, 0.476736873388, 0.205164924264, 0.214445263147, 0.200899004936, 0.040183916688, 0.0111418114975, 0.00583337526768, 0.00162440736312, 8.91632662388e-05, 4.01315410272e-05, 8.46817129059e-05],
        "min": [0.222789034247, 0.234636545181, 0.128492623568, 0.273199886084, 0.176896601915, 0.243576616049, 0.312091290951, 1.18783688545, 0.552229821682, 0.075018376112, 0.0188021529466, 0.0405061468482, 0.0268839467317, 0.0327887311578, 0.00883182510734, 0.0122700687498, 0.0261151697487, 0.0281487051398, 0.0562520958483, 0.0640887394547, 0.149899065495, 0.0408832803369, 0.0359012745321, 0.0175740513951, 0.0130764618516, 0.00141940580215, 0.000508457247633, 0.000111987283162, 2.91910328087e-05, 5.35443359695e-05, 3.55467709596e-05, 3.41401464539e-05, 5.29697608727e-05, 2.66544411716e-05, 1.59442333825e-05, 4.58653676105e-06, 2.62517710325e-06, 2.89128649911e-07, 3.65498567589e-06, 8.7161661213e-06],
        "var": [2.76944971085, 47.3249702454, 149.253051758, 693.999267578, 208.323928833, 115.719184875, 311.577972412, 2508.84521484, 7336.70898438, 1962.55957031, 1768.0579834, 3397.23168945, 1576.12390137, 881.125305176, 2006.48901367, 8167.60009766, 3813.546875, 1927.93212891, 528.033081055, 483.728729248, 364.980255127, 591.21875, 532.259643555, 356.757843018, 819.588745117, 566.454101562, 335.0362854, 357.976348877, 375.336151123, 356.756500244, 104.984725952, 68.1021347046, 19.7641220093, 6.48180627823, 1.41336548328, 0.166274875402, 0.0110230082646, 6.89933003741e-05, 3.54253977264e-08, 2.77449685449e-09]
    },
    "gfcc": {
        "mean": [-18.4129867554, 145.709838867, -93.5971832275, 39.8780937195, -37.3489189148, 17.6173782349, -33.8861808777, 9.70770454407, -4.54457569122, -1.05461418629, 7.3294005394, 7.48844909668, -3.46312355995],
        "cov": [[3876.85986328, -1835.25598145, -391.423309326, 218.5912323, -996.241088867, 526.967468262, -113.075523376, 386.922180176, -220.988876343, 327.455657959, -204.499755859, -53.7997779846, -318.55871582], [-1835.25598145, 1516.01123047, -108.905548096, -432.677734375, 516.391906738, -289.918823242, 308.890594482, -253.144790649, 133.129943848, -270.101501465, 191.917755127, -22.5220947266, 105.864997864], [-391.423309326, -108.905548096, 483.553009033, 132.398605347, 65.3323135376, -28.2154216766, -192.978057861, -6.80851745605, -4.18655586243, -16.7054729462, -53.3725166321, 56.8210067749, 44.2923774719], [218.5912323, -432.677734375, 132.398605347, 510.257751465, -46.2660560608, -94.1188964844, -199.136077881, -18.5559711456, 42.0555381775, 46.7081985474, -20.9420089722, -18.2905864716, 73.2320327759], [-996.241088867, 516.391906738, 65.3323135376, -46.2660560608, 472.06539917, -184.874191284, 6.31700658798, -114.687973022, 84.0674133301, -54.8602027893, -4.06956100464, 13.6724615097, 92.9279327393], [526.967468262, -289.918823242, -28.2154216766, -94.1188964844, -184.874191284, 306.925323486, 31.3090991974, 29.1704063416, -56.654335022, 23.08061409, -49.9322929382, -20.2095146179, -71.129524231], [-113.075523376, 308.890594482, -192.978057861, -199.136077881, 6.31700658798, 31.3090991974, 335.88269043, -85.3206558228, -40.2945899963, -32.4155540466, 34.8129730225, 14.6275348663, -22.929069519], [386.922180176, -253.144790649, -6.80851745605, -18.5559711456, -114.687973022, 29.1704063416, -85.3206558228, 215.143386841, -13.5645122528, 29.793680191, -10.9926013947, -28.0912952423, -28.6131629944], [-220.988876343, 133.129943848, -4.18655586243, 42.0555381775, 84.0674133301, -56.654335022, -40.2945899963, -13.5645122528, 136.383956909, -23.0191574097, 7.76156663895, -31.7819576263, 36.0357894897], [327.455657959, -270.101501465, -16.7054729462, 46.7081985474, -54.8602027893, 23.08061409, -32.4155540466, 29.793680191, -23.0191574097, 133.567672729, -50.977897644, 7.87466573715, -16.091588974], [-204.499755859, 191.917755127, -53.3725166321, -20.9420089722, -4.06956100464, -49.9322929382, 34.8129730225, -10.9926013947, 7.76156663895, -50.977897644, 160.823623657, -16.807302475, 1.15157771111], [-53.7997779846, -22.5220947266, 56.8210067749, -18.2905864716, 13.6724615097, -20.2095146179, 14.6275348663, -28.0912952423, -31.7819576263, 7.87466573715, -16.807302475, 117.961288452, 4.53636312485], [-318.55871582, 105.864997864, 44.2923774719, 73.2320327759, 92.9279327393, -71.129524231, -22.929069519, -28.6131629944, 36.0357894897, -16.091588974, 1.15157771111, 4.53636312485, 125.528236389]],
        "icov": [[0.00141702336259, 0.00102234631777, 0.00122348079458, -6.64598264848e-05, 0.0013138424838, -9.75410148385e-05, 9.63488637353e-05, -0.000321763800457, 0.00015015983081, -6.68301436235e-05, 0.000914233503863, 0.000113555848657, 0.00119310105219], [0.00102234631777, 0.0149508882314, -0.000261727749603, 0.0127862421796, -0.00322175165638, 0.0104314880446, -0.00376626220532, 0.0102274864912, -0.00519019877538, 0.013080842793, -0.00506081338972, 0.00767325796187, -0.00450626388192], [0.00122348079458, -0.000261727749603, 0.0045479349792, -0.00138430320658, 0.00105264200829, -0.00122236611787, 0.00249964348041, -0.000735705543775, 0.00148410839029, 0.00020983806462, 0.00202339352109, -0.00207832432352, 0.00100284838118], [-6.64598264848e-05, 0.0127862421796, -0.00138430320658, 0.015328723006, -0.00216313404962, 0.0109850969166, -0.00146344653331, 0.0113040385768, -0.00504990434274, 0.0108474232256, -0.00480026705191, 0.00794868078083, -0.006673859898], [0.0013138424838, -0.00322175165638, 0.00105264200829, -0.00216313404962, 0.00686314096674, -0.000712078122888, 0.00182190304622, -0.00118294823915, 0.000483160314616, -0.00347548024729, 0.00378018454649, -0.00141932570841, 0.000953101145569], [-9.75410148385e-05, 0.0104314880446, -0.00122236611787, 0.0109850969166, -0.000712078122888, 0.0135667035356, -0.00253779371269, 0.00898505188525, -0.00315704406239, 0.0099025759846, -0.0020999899134, 0.00741639919579, -0.00329619273543], [9.63488637353e-05, -0.00376626220532, 0.00249964348041, -0.00146344653331, 0.00182190304622, -0.00253779371269, 0.00734038092196, 5.11960524818e-06, 0.00301962555386, -0.00265830568969, 0.00167394708842, -0.00246283970773, 0.000813798280433], [-0.000321763800457, 0.0102274864912, -0.000735705543775, 0.0113040385768, -0.00118294823915, 0.00898505188525, 5.11960524818e-06, 0.0150630651042, -0.0034382767044, 0.00902785826474, -0.0037776469253, 0.00728027243167, -0.00445968611166], [0.00015015983081, -0.00519019877538, 0.00148410839029, -0.00504990434274, 0.000483160314616, -0.00315704406239, 0.00301962555386, -0.0034382767044, 0.0121404202655, -0.0034422990866, 0.00264138542116, -0.000366621417925, 0.000864458503202], [-6.68301436235e-05, 0.013080842793, 0.00020983806462, 0.0108474232256, -0.00347548024729, 0.0099025759846, -0.00265830568969, 0.00902785826474, -0.0034422990866, 0.0222612060606, -0.00214678281918, 0.00606911117211, -0.00420513609424], [0.000914233503863, -0.00506081338972, 0.00202339352109, -0.00480026705191, 0.00378018454649, -0.0020999899134, 0.00167394708842, -0.0037776469253, 0.00264138542116, -0.00214678281918, 0.0112681277096, -0.00183056970127, 0.00306023960002], [0.000113555848657, 0.00767325796187, -0.00207832432352, 0.00794868078083, -0.00141932570841, 0.00741639919579, -0.00246283970773, 0.00728027243167, -0.000366621417925, 0.00606911117211, -0.00183056970127, 0.0150629645213, -0.00326849427074], [0.00119310105219, -0.00450626388192, 0.00100284838118, -0.006673859898, 0.000953101145569, -0.00329619273543, 0.000813798280433, -0.00445968611166, 0.000864458503202, -0.00420513609424, 0.00306023960002, -0.00326849427074, 0.014195705764]]
    },
    "melbands": {
        "dmean": [0.00433099688962, 0.00194806687068, 0.001497247722, 0.00045012155897, 0.000222841117647, 0.000413037574617, 0.000467104109703, 0.000162568656378, 0.000115608090709, 0.000102767240605, 5.18946617376e-05, 3.69423360098e-05, 3.55788797606e-05, 6.30793656455e-05, 5.36596526217e-05, 3.96045179514e-05, 2.2453663405e-05, 1.43392726386e-05, 1.32256354846e-05, 7.75807802711e-06, 1.07012974695e-05, 1.06185607365e-05, 8.66149184731e-06, 7.34423019821e-06, 4.75846854897e-06, 8.81644700712e-06, 6.74515649735e-06, 4.2847154873e-06, 3.96517771151e-06, 2.22356084123e-06, 3.43938904734e-06, 2.89265790343e-06, 3.74928163183e-06, 3.54234634869e-06, 2.56935118159e-06, 2.60552383224e-06, 1.91032245311e-06, 9.49542368289e-07, 1.20705669815e-06, 5.2819478924e-07],
        "dmean2": [0.00674767885357, 0.00307592377067, 0.00270549952984, 0.000774183077738, 0.000360609934432, 0.000646097934805, 0.000766749726608, 0.000257776060607, 0.000178160480573, 0.000151463857037, 7.32407206669e-05, 5.70741067349e-05, 5.52625788259e-05, 8.83702887222e-05, 7.25943609723e-05, 5.88309085288e-05, 3.35795812134e-05, 2.22513244807e-05, 2.00893409783e-05, 1.21075163406e-05, 1.67654707184e-05, 1.63620625244e-05, 1.33911999001e-05, 1.16538294606e-05, 7.46860314393e-06, 1.43111137731e-05, 1.05131593955e-05, 6.60661635266e-06, 6.34510297459e-06, 3.32577815243e-06, 5.35552908332e-06, 4.52360018244e-06, 5.84349936616e-06, 5.89906176174e-06, 4.30617592428e-06, 4.37755306848e-06, 3.1837514598e-06, 1.49726872678e-06, 2.04467733056e-06, 8.25251788683e-07],
        "dvar": [7.06529535819e-05, 2.67017239821e-05, 2.84647412627e-05, 6.57206953747e-07, 2.36301701761e-07, 4.39504731276e-07, 1.13867872642e-06, 1.04690904834e-07, 6.92190980089e-08, 5.94230797901e-08, 1.36384148419e-08, 7.68467689483e-09, 6.66458932486e-09, 2.51627199077e-08, 1.56347752522e-08, 7.05347336094e-09, 3.05912806198e-09, 1.23627685866e-09, 5.97798588409e-10, 2.45101827723e-10, 3.75958764121e-10, 4.87623941225e-10, 4.57951565558e-10, 4.02312239078e-10, 2.07252201512e-10, 6.75829003871e-10, 3.89201393336e-10, 2.23556229084e-10, 2.29230454063e-10, 5.80152627327e-11, 1.56886628688e-10, 1.07617810496e-10, 1.72294289946e-10, 1.2165916885e-10, 3.64386888718e-11, 3.20897648731e-11, 2.86000546162e-11, 6.16352715394e-12, 1.90908053255e-11, 2.71144066401e-12],
        "dvar2": [0.000160744210007, 4.92125618621e-05, 8.06651951279e-05, 1.9836750198e-06, 6.1385776462e-07, 1.021549906e-06, 3.0025810247e-06, 2.5039207685e-07, 1.50572944335e-07, 1.25706520748e-07, 2.69481681414e-08, 1.62131925663e-08, 1.44749536801e-08, 4.97403327415e-08, 3.03783984634e-08, 1.65701994348e-08, 7.34745908559e-09, 2.93926705197e-09, 1.2373134739e-09, 5.60776758363e-10, 7.87978071681e-10, 1.10722730984e-09, 1.08132058863e-09, 8.69199656695e-10, 5.04111863364e-10, 1.81265025212e-09, 9.08910224862e-10, 4.87724638454e-10, 5.68453284444e-10, 1.2243731029e-10, 3.38916339437e-10, 2.41807435186e-10, 3.51639217744e-10, 2.93397167672e-10, 8.11647693499e-11, 7.23257009838e-11, 6.80706879752e-11, 1.30173562901e-11, 4.87653632752e-11, 5.93329682261e-12],
        "max": [0.0747202709317, 0.0460023283958, 0.0455496646464, 0.00767029030249, 0.0090126497671, 0.00914037507027, 0.0134530356154, 0.00443530268967, 0.00283865723759, 0.00410983199254, 0.00197628187016, 0.00200259080157, 0.00188855361193, 0.00344977807254, 0.00247019412927, 0.00106655561831, 0.000803902745247, 0.000421104545239, 0.000632031122223, 0.000272837700322, 0.000425354053732, 0.000376619951567, 0.000209046600503, 0.000205826130696, 0.000173579916009, 0.000278112129308, 0.000175685840077, 0.00013968339772, 0.000140384116094, 7.95939777163e-05, 0.000101825542515, 0.000121813653095, 0.000101778568933, 0.000108374253614, 4.84270240122e-05, 5.75373633183e-05, 4.64788390673e-05, 1.90077116713e-05, 3.58948018402e-05, 1.64712328115e-05],
        "mean": [0.0179784055799, 0.00414299499243, 0.00163776800036, 0.000746310804971, 0.000494226929732, 0.000886519555934, 0.000765550415963, 0.000236954190768, 0.000191195504158, 0.000176727524376, 9.0163659479e-05, 6.26082619419e-05, 6.19857091806e-05, 0.000116677278129, 9.32278271648e-05, 6.40052821836e-05, 3.61383172276e-05, 2.03729850909e-05, 2.12598224607e-05, 1.15606844702e-05, 1.63969307323e-05, 1.57503509399e-05, 1.16990759125e-05, 8.54405607242e-06, 5.39149641554e-06, 1.02773310573e-05, 7.11758912075e-06, 3.89113392885e-06, 3.18613842865e-06, 2.07489961213e-06, 3.0003327538e-06, 2.52925087807e-06, 3.50682853423e-06, 2.76432751889e-06, 2.01992770599e-06, 1.99020473701e-06, 1.55623354203e-06, 9.02710610262e-07, 8.98166376828e-07, 4.66966042723e-07],
        "median": [0.0168542154133, 0.00252448976971, 0.000847869319841, 0.000529066426679, 0.000372940208763, 0.000539245666005, 0.000289024785161, 7.24726705812e-05, 4.62823518319e-05, 3.73492002836e-05, 2.11982896872e-05, 2.33209302678e-05, 2.26686206588e-05, 2.58429681708e-05, 1.59060946316e-05, 1.16111768875e-05, 6.85874465489e-06, 4.08390633311e-06, 7.58257419875e-06, 4.41106385551e-06, 8.86150610313e-06, 5.22354685017e-06, 2.66485812972e-06, 2.97176848107e-06, 1.39524865972e-06, 2.34551816902e-06, 8.57751501826e-07, 1.95470406084e-07, 1.31669139591e-07, 1.27129311522e-07, 9.99658809064e-08, 2.36282673427e-07, 3.39747998623e-07, 2.42148331608e-07, 1.2743686284e-07, 6.63651817945e-08, 1.52732042125e-07, 1.743991902e-07, 3.67654102718e-08, 2.19507221288e-08],
        "min": [0.00156722322572, 0.0002088630863, 4.28873609053e-05, 1.54546250997e-05, 7.43373175283e-06, 2.48169453698e-05, 8.100301784e-06, 5.8775844991e-07, 1.12931196838e-07, 1.90851764614e-07, 1.09755802669e-07, 1.03209615077e-07, 4.23458992316e-08, 1.55185713169e-08, 2.74997251637e-08, 6.69563959832e-08, 3.01438305428e-08, 7.04160996179e-08, 6.1490240455e-08, 1.07480907729e-07, 1.64906424516e-07, 2.5040167273e-08, 1.63772728712e-08, 3.10396188752e-08, 3.84769949235e-09, 5.24063725749e-09, 2.12199435801e-09, 2.33901873564e-11, 6.46549654093e-12, 1.87451911632e-11, 1.17095753666e-12, 2.87473170268e-12, 1.17143176669e-12, 1.38617025844e-12, 5.37720150524e-13, 1.05151770537e-12, 1.1208604574e-12, 2.48797700107e-13, 9.81459596754e-13, 4.33080187109e-14],
