{
"highlevel": {
    "danceability": {
        "all": {
            "danceable": 0.93846642971,
            "not_danceable": 0.0615336000919
        },
        "probability": 0.93846642971,
        "value": "danceable"
    },
    "gender": {
        "all": {
            "female": 0.0133118089288,
            "male": 0.986688196659
        },
        "probability": 0.986688196659,
        "value": "male"
    },
    "genre_dortmund": {
        "all": {
            "alternative": 0.0149189606309,
            "blues": 0.366660445929,
            "electronic": 0.010018072091,
            "folkcountry": 0.0224066860974,
            "funksoulrnb": 0.0707815736532,
            "jazz": 0.0410866849124,
            "pop": 0.0268767233938,
            "raphiphop": 0.319723308086,
            "rock": 0.127527534962
        },
        "probability": 0.366660445929,
        "value": "blues"
    },
    "genre_electronic": {
        "all": {
            "ambient": 0.518503367901,
            "dnb": 0.222876355052,
            "house": 0.205494463444,
            "techno": 0.0179397221655,
            "trance": 0.0351860933006
        },
        "probability": 0.518503367901,
        "value": "ambient"
    },
    "genre_rosamerica": {
        "all": {
            "cla": 0.0232373680919,
            "dan": 0.00828065164387,
            "hip": 0.518142402172,
            "jaz": 0.0714654773474,
            "pop": 0.263498485088,
            "rhy": 0.0677221938968,
            "roc": 0.0394931100309,
            "spe": 0.00816028751433
        },
        "probability": 0.518142402172,
        "value": "hip"
    },
    "genre_tzanetakis": {
        "all": {
            "blu": 0.0626613423228,
            "cla": 0.0348169617355,
            "cou": 0.104475811124,
            "dis": 0.0784321576357,
            "hip": 0.15692435205,
            "jaz": 0.313974827528,
            "met": 0.0448166541755,
            "pop": 0.0627359300852,
            "reg": 0.0627360641956,
            "roc": 0.0784258767962
        },
        "probability": 0.313974827528,
        "value": "jaz"
    },
    "ismir04_rhythm": {
        "all": {
            "ChaChaCha": 0.151937171817,
            "Jive": 0.290141046047,
            "Quickstep": 0.0599458254874,
            "Rumba-American": 0.0239322707057,
            "Rumba-International": 0.081958539784,
            "Rumba-Misc": 0.0159843638539,
            "Samba": 0.303491741419,
            "Tango": 0.0345690436661,
            "VienneseWaltz": 0.0198939237744,
            "Waltz": 0.0181460790336
        },
        "probability": 0.303491741419,
        "value": "Samba"
    },
    "mood_acoustic": {
        "all": {
            "acoustic": 0.181857943535,
            "not_acoustic": 0.818142056465
        },
        "probability": 0.818142056465,
        "value": "not_acoustic"
    },
    "mood_aggressive": {
        "all": {
            "aggressive": 0.092072725296,
            "not_aggressive": 0.907927274704
        },
        "probability": 0.907927274704,
        "value": "not_aggressive"
    },
    "mood_electronic": {
        "all": {
            "electronic": 0.9335501194,
            "not_electronic": 0.0664499029517
        },
        "probability": 0.9335501194,
        "value": "electronic"
    },
    "mood_happy": {
        "all": {
            "happy": 0.144650176167,
            "not_happy": 0.855349838734
        },
        "probability": 0.855349838734,
        "value": "not_happy"
    },
    "mood_party": {
        "all": {
            "not_party": 0.592142939568,
            "party": 0.407857060432
        },
        "probability": 0.592142939568,
        "value": "not_party"
    },
    "mood_relaxed": {
        "all": {
            "not_relaxed": 0.990448772907,
            "relaxed": 0.009551233612
        },
        "probability": 0.990448772907,
        "value": "not_relaxed"
    },
    "mood_sad": {
        "all": {
            "not_sad": 0.844566047192,
            "sad": 0.155433937907
        },
        "probability": 0.844566047192,
        "value": "not_sad"
    },
    "moods_mirex": {
        "all": {
            "Cluster1": 0.142732679844,
            "Cluster2": 0.143649339676,
            "Cluster3": 0.16014739871,
            "Cluster4": 0.147282019258,
            "Cluster5": 0.406188577414
        },
        "probability": 0.406188577414,
        "value": "Cluster5"
    },
    "timbre": {
        "all": {
            "bright": 0.913512170315,
            "dark": 0.0864878073335
        },
        "probability": 0.913512170315,
        "value": "bright"
    },
    "tonal_atonal": {
        "all": {
            "atonal": 0.0888863131404,
            "tonal": 0.911113679409
        },
        "probability": 0.911113679409,
        "value": "tonal"
    },
    "voice_instrumental": {
        "all": {
            "instrumental": 0.00241997814737,
            "voice": 0.997580051422
        },
        "probability": 0.997580051422,
        "value": "voice"
    }
},
"lowlevel": {
    "average_loudness": 0.966001868248,
    "barkbands_crest": {
        "dmean": 3.02100372314,
        "dmean2": 4.95667076111,
        "dvar": 8.28670215607,
        "dvar2": 19.351442337,
        "max": 26.1106300354,
        "mean": 9.6451883316,
        "median": 8.45108890533,
        "min": 3.40882134438,
        "var": 20.7055835724
    },
    "barkbands_flatness_db": {
        "dmean": 0.0298776160926,
        "dmean2": 0.042753431946,
        "dvar": 0.000994774163701,
        "dvar2": 0.00170739355963,
        "max": 0.513394415379,
        "mean": 0.176177993417,
        "median": 0.161653101444,
        "min": 0.0632946416736,
        "var": 0.00398334255442
    },
    "barkbands_kurtosis": {
        "dmean": 9.5306520462,
        "dmean2": 14.0145692825,
        "dvar": 1670.05053711,
        "dvar2": 3240.47753906,
        "max": 785.914611816,
        "mean": 9.89042854309,
        "median": 0.34482884407,
        "min": -1.91360020638,
        "var": 2393.87573242
    },
    "barkbands_skewness": {
        "dmean": 0.930173814297,
        "dmean2": 1.33487963676,
        "dvar": 2.22597408295,
        "dvar2": 3.94919610023,
        "max": 24.6746845245,
        "mean": 1.25661766529,
        "median": 0.639904260635,
        "min": -3.99967455864,
        "var": 5.56633615494
    },
    "barkbands_spread": {
        "dmean": 8.62507820129,
        "dmean2": 13.1274023056,
        "dvar": 126.016799927,
        "dvar2": 259.253204346,
        "max": 117.983779907,
        "mean": 24.7883758545,
        "median": 20.6665000916,
        "min": 0.158532455564,
        "var": 363.655273438
    },
    "dissonance": {
        "dmean": 0.0211822837591,
        "dmean2": 0.0350338071585,
        "dvar": 0.000417246017605,
        "dvar2": 0.00109298084863,
        "max": 0.499999940395,
        "mean": 0.464556127787,
        "median": 0.471580177546,
        "min": 0.327679127455,
        "var": 0.000738657196052
    },
    "dynamic_complexity": 2.93679761887,
    "erbbands_crest": {
        "dmean": 3.24430537224,
        "dmean2": 5.37523412704,
        "dvar": 8.56109428406,
        "dvar2": 21.2035160065,
        "max": 28.2170677185,
        "mean": 9.92184925079,
        "median": 9.3819065094,
        "min": 2.91982603073,
        "var": 14.9610853195
    },
    "erbbands_flatness_db": {
        "dmean": 0.0278714243323,
        "dmean2": 0.0396866351366,
        "dvar": 0.000692557892762,
        "dvar2": 0.00126555992756,
        "max": 0.319710046053,
        "mean": 0.18936792016,
        "median": 0.197289600968,
        "min": 0.0616925098002,
        "var": 0.00269516208209
    },
    "erbbands_kurtosis": {
        "dmean": 1.83683657646,
        "dmean2": 2.94367647171,
        "dvar": 7.92197990417,
        "dvar2": 18.7609844208,
        "max": 38.240940094,
        "mean": 1.08926689625,
        "median": 0.14165687561,
        "min": -1.75362217426,
        "var": 10.5301446915
    },
    "erbbands_skewness": {
        "dmean": 0.638251781464,
        "dmean2": 0.95294034481,
        "dvar": 0.415049225092,
        "dvar2": 0.875438153744,
        "max": 3.70712780952,
        "mean": -0.141335010529,
        "median": -0.0788933336735,
        "min": -5.12574195862,
        "var": 1.30290460587
    },
    "erbbands_spread": {
        "dmean": 12.8330316544,
        "dmean2": 19.1960964203,
        "dvar": 269.760803223,
        "dvar2": 590.549133301,
        "max": 194.871032715,
        "mean": 35.3331871033,
        "median": 27.9339122772,
        "min": 4.10346364975,
        "var": 593.405456543
    },
    "hfc": {
        "dmean": 10.533955574,
        "dmean2": 15.0494337082,
        "dvar": 150.567489624,
        "dvar2": 277.714630127,
        "max": 156.55897522,
        "mean": 22.467004776,
        "median": 17.7120513916,
        "min": 0.0168004389852,
        "var": 407.812164307
    },
    "melbands_crest": {
        "dmean": 4.03216552734,
        "dmean2": 6.32896184921,
        "dvar": 12.1615428925,
        "dvar2": 29.5829334259,
        "max": 36.3462104797,
        "mean": 14.5308055878,
        "median": 13.2445383072,
        "min": 3.41311883926,
        "var": 42.7455368042
    },
    "melbands_flatness_db": {
        "dmean": 0.0370722785592,
        "dmean2": 0.0488825440407,
        "dvar": 0.0016737927217,
        "dvar2": 0.00262901606038,
        "max": 0.660579621792,
        "mean": 0.218014091253,
        "median": 0.196799188852,
        "min": 0.0316894575953,
        "var": 0.00846748426557
    },
    "melbands_kurtosis": {
        "dmean": 17.4744529724,
        "dmean2": 25.2662181854,
        "dvar": 3422.5078125,
        "dvar2": 7183.31933594,
        "max": 1040.98266602,
        "mean": 21.115480423,
        "median": 2.88971614838,
        "min": -1.8722858429,
        "var": 4880.68505859
    },
    "melbands_skewness": {
        "dmean": 1.18119180202,
        "dmean2": 1.61973154545,
        "dvar": 2.80894064903,
        "dvar2": 5.22341823578,
        "max": 20.4022636414,
        "mean": 2.42364215851,
        "median": 1.63425290585,
        "min": -0.776627361774,
        "var": 7.83182811737
    },
    "melbands_spread": {
        "dmean": 13.7861356735,
        "dmean2": 20.3446464539,
        "dvar": 405.604217529,
        "dvar2": 877.734802246,
        "max": 212.864028931,
        "mean": 33.0455665588,
        "median": 27.3250961304,
        "min": 0.189111441374,
        "var": 895.448791504
    },
    "pitch_salience": {
        "dmean": 0.0832668915391,
        "dmean2": 0.136174038053,
        "dvar": 0.00714974710718,
        "dvar2": 0.017227768898,
        "max": 0.87888354063,
        "mean": 0.56737023592,
        "median": 0.582687735558,
        "min": 0.066673502326,
        "var": 0.0190658848733
    },
    "silence_rate_20dB": {
        "dmean": 0,
        "dmean2": 0,
        "dvar": 0,
        "dvar2": 0,
        "max": 1,
        "mean": 1,
        "median": 1,
        "min": 1,
        "var": 0
    },
    "silence_rate_30dB": {
        "dmean": 0.00928792543709,
        "dmean2": 0.018590239808,
        "dvar": 0.00920155830681,
        "dvar2": 0.0259907022119,
        "max": 1,
        "mean": 0.994586229324,
        "median": 1,
        "min": 0,
        "var": 0.0053843902424
    },
    "silence_rate_60dB": {
        "dmean": 0.0526315793395,
        "dmean2": 0.105344690382,
        "dvar": 0.0498610399663,
        "dvar2": 0.112837791443,
        "max": 1,
        "mean": 0.0688321739435,
        "median": 0,
        "min": 0,
        "var": 0.0640942677855
    },
    "spectral_centroid": {
        "dmean": 397.442169189,
        "dmean2": 585.508178711,
        "dvar": 207778.578125,
        "dvar2": 426806.1875,
        "max": 5855.828125,
        "mean": 1543.69677734,
        "median": 1515.65661621,
        "min": 116.377510071,
        "var": 615750
    },
    "spectral_complexity": {
        "dmean": 5.08978319168,
        "dmean2": 6.87451601028,
        "dvar": 28.4857654572,
        "dvar2": 45.7196159363,
        "max": 52,
        "mean": 16.912607193,
        "median": 16,
        "min": 0,
        "var": 109.866325378
    },
    "spectral_decrease": {
        "dmean": 2.53347254286e-09,
        "dmean2": 3.75837849731e-09,
        "dvar": 1.33011866726e-17,
        "dvar2": 2.90729666202e-17,
        "max": -2.35730922629e-12,
        "mean": -5.62258639647e-09,
        "median": -4.01541822015e-09,
        "min": -3.2432261321e-08,
        "var": 3.13459629906e-17
    },
    "spectral_energy": {
        "dmean": 0.0102966958657,
        "dmean2": 0.0152265233919,
        "dvar": 0.000203851624974,
        "dvar2": 0.000444048782811,
        "max": 0.127257198095,
        "mean": 0.0232587642968,
        "median": 0.0170689579099,
        "min": 1.04208520497e-05,
        "var": 0.000485252647195
    },
    "spectral_energyband_high": {
        "dmean": 0.000447406346211,
        "dmean2": 0.000616319535766,
        "dvar": 1.27023531604e-06,
        "dvar2": 2.18197533286e-06,
        "max": 0.0174997467548,
        "mean": 0.000628910900559,
        "median": 0.000151064727106,
        "min": 5.85462025526e-08,
        "var": 2.35812899518e-06
    },
    "spectral_energyband_low": {
        "dmean": 0.00336522515863,
        "dmean2": 0.00463653448969,
        "dvar": 0.000112406320113,
        "dvar2": 0.000197072571609,
        "max": 0.101246796548,
        "mean": 0.00733329541981,
        "median": 0.00257113110274,
        "min": 6.37833386108e-09,
        "var": 0.000287886156002
    },
    "spectral_energyband_middle_high": {
        "dmean": 0.00382271409035,
        "dmean2": 0.00523299025372,
        "dvar": 2.48496417043e-05,
        "dvar2": 4.22517186962e-05,
        "max": 0.0481964275241,
        "mean": 0.0077683404088,
        "median": 0.0040759188123,
        "min": 7.49967784941e-06,
        "var": 8.81866071722e-05
    },
    "spectral_energyband_middle_low": {
        "dmean": 0.00591550674289,
        "dmean2": 0.00976561568677,
        "dvar": 8.99375445442e-05,
        "dvar2": 0.000237878673943,
        "max": 0.069823898375,
        "mean": 0.00797087233514,
        "median": 0.00489597022533,
        "min": 2.81475672637e-06,
        "var": 9.22717517824e-05
    },
    "spectral_entropy": {
        "dmean": 0.247030258179,
        "dmean2": 0.352853149176,
        "dvar": 0.0749235525727,
        "dvar2": 0.147659495473,
        "max": 8.76526451111,
        "mean": 7.37864637375,
        "median": 7.33053874969,
        "min": 5.28883695602,
        "var": 0.268678545952
    },
    "spectral_flux": {
        "dmean": 0.0322358012199,
        "dmean2": 0.0483793914318,
        "dvar": 0.00132943841163,
        "dvar2": 0.00241226237267,
        "max": 0.326749026775,
        "mean": 0.0961118116975,
        "median": 0.0917633324862,
        "min": 0.00176284089684,
        "var": 0.00324488384649
    },
    "spectral_kurtosis": {
        "dmean": 3.21095347404,
        "dmean2": 4.95037603378,
        "dvar": 14.2537221909,
        "dvar2": 32.6031837463,
        "max": 50.2897872925,
        "mean": 7.74322319031,
        "median": 7.28061199188,
        "min": -1.43107628822,
        "var": 33.5378417969
    },
    "spectral_rms": {
        "dmean": 0.00101938378066,
        "dmean2": 0.0014267252991,
        "dvar": 1.27066653022e-06,
        "dvar2": 2.5538281534e-06,
        "max": 0.0111424131319,
        "mean": 0.00429473165423,
        "median": 0.00408076494932,
        "min": 0.000100829980511,
        "var": 4.24673999078e-06
    },
    "spectral_rolloff": {
        "dmean": 755.046691895,
        "dmean2": 1248.42504883,
        "dvar": 1912339,
        "dvar2": 3780402.25,
        "max": 13156.7871094,
        "mean": 2133.98339844,
        "median": 1658.05664062,
        "min": 64.599609375,
        "var": 4520500.5
    },
    "spectral_skewness": {
        "dmean": 0.395225137472,
        "dmean2": 0.577035605907,
        "dvar": 0.153312593699,
        "dvar2": 0.324086904526,
        "max": 5.85303926468,
        "mean": 1.88930881023,
        "median": 1.90236246586,
        "min": -0.187194541097,
        "var": 0.574744284153
    },
    "spectral_spread": {
        "dmean": 925497.0625,
        "dmean2": 1295408.625,
        "dvar": 1.67143171686e+12,
        "dvar2": 3.04103345357e+12,
        "max": 15618352,
        "mean": 4128612.5,
        "median": 3143493.5,
        "min": 923739.0625,
        "var": 5.87897398886e+12
    },
    "spectral_strongpeak": {
        "dmean": 0.750828027725,
        "dmean2": 1.25399720669,
        "dvar": 1.17153310776,
        "dvar2": 3.04696774483,
        "max": 8.04092502594,
        "mean": 1.07336890697,
        "median": 0.483802944422,
        "min": 0.0129163404927,
        "var": 1.6495783329
    },
    "zerocrossingrate": {
        "dmean": 0.0167674720287,
        "dmean2": 0.0178111083806,
        "dvar": 0.000492038379889,
        "dvar2": 0.000491597747896,
        "max": 0.4130859375,
        "mean": 0.0716791599989,
        "median": 0.0615234375,
        "min": 0.00244140625,
        "var": 0.00304321013391
    },
    "barkbands": {
        "dmean": [0.000219823472435, 0.00286972220056, 0.00138433102984, 0.000976654933766, 0.00221415539272, 0.000648200861178, 0.000394503120333, 0.00102190556936, 0.00201415875927, 0.00112351507414, 0.0004633012868, 0.000520852569025, 0.000610151211731, 0.000619514088612, 0.000557451450732, 0.00051548256306, 0.000569738796912, 0.000738698348869, 0.000211430611671, 0.000107295418275, 6.96132410667e-05, 6.86597195454e-05, 0.000117159368529, 0.00012181220518, 5.84313565923e-05, 1.78930295078e-05, 1.38713163178e-09],
        "dmean2": [0.000268649746431, 0.00359476869926, 0.00260216323659, 0.00184254674241, 0.00383105222136, 0.00108223420102, 0.000662650214508, 0.00171986629721, 0.00323180132546, 0.00157964054961, 0.000702999648638, 0.00077998713823, 0.000950818299316, 0.000957421143539, 0.000857738079503, 0.000785982119851, 0.000839167565573, 0.00114275969099, 0.000309328694129, 0.000155848960276, 9.31518734433e-05, 9.24284686334e-05, 0.000173726919456, 0.000189626865904, 8.73828976182e-05, 2.60265605903e-05, 2.23847540504e-09],
        "dvar": [5.53141433102e-07, 8.67995549925e-05, 3.8075268094e-05, 1.24838643387e-05, 2.11798524106e-05, 2.94132996714e-06, 6.4339360506e-07, 4.61562558485e-06, 1.6232024791e-05, 8.67221478984e-06, 1.53298253736e-06, 1.77688275471e-06, 2.20650781557e-06, 1.75025627414e-06, 1.48047013226e-06, 1.5668110791e-06, 9.61111595643e-07, 1.49109064296e-06, 2.76621221929e-07, 6.30507841493e-08, 6.89343835347e-08, 3.31856320201e-08, 1.36817689622e-07, 1.95813029791e-07, 3.67190402528e-08, 1.98445859745e-09, 1.15067797993e-16],
        "dvar2": [8.68650545272e-07, 0.000126322236611, 0.000111554283649, 3.62979335478e-05, 5.3514373576e-05, 7.66923494666e-06, 1.6140520529e-06, 1.15686607387e-05, 4.10965149058e-05, 1.6865446014e-05, 2.89444415102e-06, 3.80452775062e-06, 5.04937997903e-06, 4.15208205595e-06, 3.5115888295e-06, 3.3299968436e-06, 2.0437432795e-06, 3.55467932422e-06, 5.08176071889e-07, 1.21242493378e-07, 1.29126632942e-07, 5.87991273449e-08, 2.72331874385e-07, 3.9212932279e-07, 8.33896294239e-08, 3.95061716674e-09, 1.2168747959e-16],
        "max": [0.00785900652409, 0.0934096053243, 0.0501681081951, 0.0273284651339, 0.040977101773, 0.0315843299031, 0.00875775422901, 0.0188368093222, 0.0460911244154, 0.041238322854, 0.0263160001487, 0.0188900902867, 0.0218567606062, 0.0130450967699, 0.0136788701639, 0.0198956243694, 0.0132674761117, 0.0121057564393, 0.0109917772934, 0.0030870474875, 0.00311692641117, 0.00221239775419, 0.00525791151449, 0.00917892158031, 0.004611721728, 0.000735308625735, 2.97155452245e-07],
        "mean": [0.000307345209876, 0.00512420292944, 0.00165337184444, 0.000693173380569, 0.00254809157923, 0.000821101071779, 0.000433493900346, 0.00102080078796, 0.0020153010264, 0.00145678175613, 0.000655690673739, 0.000712897861376, 0.000784898293205, 0.000730185362045, 0.000682590820361, 0.000669295957778, 0.000881406129338, 0.00106584827881, 0.000289585441351, 0.000144540477777, 8.06572497822e-05, 8.61537919263e-05, 0.000147106780787, 0.000156776601216, 7.17121729394e-05, 2.57516348938e-05, 1.17913601105e-09],
        "median": [3.99839018428e-06, 0.00130452518351, 0.000748342776205, 0.000159533374244, 0.00143997732084, 0.000201423055842, 0.00016819468874, 0.000151836080477, 0.000256570783677, 0.000159689283464, 6.11728464719e-05, 8.86120324139e-05, 7.73014253355e-05, 7.6709970017e-05, 0.000101641388028, 0.000139590818435, 0.000262534915237, 0.000319313228829, 3.87489599234e-05, 2.16596818063e-05, 9.38521679927e-06, 2.00274826057e-05, 2.35005354625e-05, 2.60696269834e-05, 1.17695535664e-05, 4.75859087601e-06, 2.91542817665e-10],
        "min": [2.10736228468e-09, 3.02996894241e-09, 2.14013085031e-10, 2.54563037316e-09, 2.55847378838e-08, 7.8714563756e-08, 5.95565694539e-08, 4.54441703823e-07, 5.42544796645e-07, 1.62882486165e-07, 1.76918021566e-07, 1.91099118751e-07, 4.50465478252e-07, 3.26781190552e-07, 3.74706758066e-07, 4.40172584604e-07, 1.14680608476e-06, 5.21407969245e-07, 7.66377539207e-08, 2.5360662903e-08, 1.72712955049e-08, 1.26156596281e-08, 6.51266773843e-09, 4.43767200764e-09, 2.98010782718e-10, 2.00171129672e-11, 1.50724675796e-11],
        "var": [1.1577112673e-06, 0.000201790302526, 2.09598019865e-05, 6.92681715009e-06, 1.90002592717e-05, 4.29185729445e-06, 6.60857324419e-07, 5.35565777682e-06, 1.76505473064e-05, 1.58460734383e-05, 3.67946427104e-06, 3.24096504301e-06, 4.03908506996e-06, 2.61936065726e-06, 2.12174313674e-06, 2.18471950575e-06, 2.0280328954e-06, 2.69994234259e-06, 6.31042098576e-07, 1.09653001346e-07, 9.88830919368e-08, 5.1528662226e-08, 2.10139518231e-07, 3.00938097553e-07, 4.96553660412e-08, 4.22118473509e-09, 1.14821364345e-16]
    },
    "erbbands": {
        "dmean": [0.133684322238, 0.613276004791, 1.47901034355, 2.49356818199, 7.16531038284, 6.38868379593, 6.12850618362, 4.48379230499, 4.28579902649, 10.3025379181, 27.0694694519, 42.6088943481, 41.2525444031, 28.7148132324, 15.2217693329, 22.9988059998, 25.5173969269, 29.1128692627, 27.7270851135, 29.4664821625, 27.1409511566, 32.6940422058, 43.5367126465, 17.10131073, 8.21186828613, 5.02057695389, 2.52931690216, 3.18154358864, 2.52426052094, 2.83197259903, 3.54264950752, 2.90401792526, 1.93353891373, 0.80460190773, 0.358353167772, 0.11083380878, 0.0323891118169, 0.0022412026301, 4.77502981084e-05, 1.42988719745e-05],
        "dmean2": [0.147718131542, 0.79589009285, 2.64923548698, 4.75913524628, 13.0921163559, 10.7401924133, 9.70095252991, 7.54339694977, 6.99988746643, 17.3584861755, 44.2966918945, 69.1009216309, 62.8567237854, 40.089969635, 22.4418125153, 34.4766273499, 39.4448280334, 43.7522850037, 42.7323532104, 43.6734657288, 39.8307266235, 47.847869873, 66.0796585083, 24.8097286224, 12.2175388336, 7.32097291946, 3.41875576973, 4.39601325989, 3.38094592094, 3.89262342453, 5.28114652634, 4.3884510994, 2.94870638847, 1.20070374012, 0.54247289896, 0.169782742858, 0.0469152517617, 0.00325099332258, 6.72273381497e-05, 2.08578130696e-05],
        "dvar": [0.182716220617, 4.32546615601, 39.3756332397, 101.057617188, 348.541473389, 145.66758728, 230.485397339, 112.924125671, 74.6094741821, 454.832733154, 2978.07519531, 8786.328125, 9200.20214844, 6861.71435547, 1489.89343262, 3850.55932617, 3816.10375977, 3846.67578125, 3877.61694336, 3855.93920898, 4694.35791016, 3247.77661133, 5451.01611328, 1255.25158691, 390.210784912, 134.834106445, 77.9599227905, 147.924575806, 53.3729133606, 64.7180328369, 145.356323242, 140.126235962, 50.2807350159, 7.20816802979, 1.42937612534, 0.0965908840299, 0.00653868494555, 3.04258119286e-05, 1.09401581128e-08, 3.15142412166e-10],
        "dvar2": [0.262654930353, 8.74877929688, 111.904769897, 295.478515625, 962.301696777, 341.396484375, 569.957397461, 295.90032959, 183.430450439, 1172.96533203, 7246.65380859, 23009.125, 20430.4003906, 13636.8974609, 2895.03515625, 8454.53222656, 8662.31445312, 8898.77929688, 9113.10644531, 8618.15722656, 9773.27636719, 6984.92236328, 13289.5488281, 2697.22729492, 751.889221191, 265.373779297, 135.951202393, 299.589263916, 96.6221237183, 132.582351685, 305.273925781, 305.843505859, 113.381149292, 16.2234268188, 3.25854182243, 0.222549811006, 0.0124411210418, 5.57253151783e-05, 1.94636626816e-08, 6.65857147197e-10],
        "max": [4.62425994873, 21.1899528503, 51.5398597717, 79.995552063, 160.256759644, 115.809494019, 238.806808472, 157.070922852, 92.8483734131, 259.007415771, 589.91607666, 1344.52832031, 1030.90539551, 1484.9432373, 688.664123535, 928.893371582, 1167.96911621, 703.86151123, 983.837524414, 745.997924805, 1414.36279297, 873.932678223, 706.151489258, 652.440124512, 377.965789795, 127.037742615, 102.208076477, 150.272094727, 86.4399108887, 111.922180176, 181.738998413, 305.032592773, 133.258499146, 57.7619361877, 31.6167793274, 6.10467481613, 1.76669168472, 0.122356899083, 0.00219634990208, 0.00020954736101],
        "mean": [0.186292871833, 0.978538453579, 2.18297600746, 1.84649705887, 7.08501815796, 7.28177261353, 8.2568397522, 5.21896696091, 5.17406702042, 10.4078826904, 28.8889369965, 43.5887489319, 48.7951049805, 39.4765319824, 24.5101642609, 31.3504447937, 35.2237205505, 37.6986351013, 35.9030380249, 38.6017608643, 37.881855011, 52.3989944458, 65.0363998413, 24.736032486, 11.6012735367, 6.91195440292, 3.24168419838, 3.56757283211, 3.14364981651, 3.47476124763, 4.37229299545, 3.56558418274, 2.36608958244, 0.979986906052, 0.440476745367, 0.1448559165, 0.0453755185008, 0.00316287926398, 7.932967128e-05, 3.30108014168e-05],
        "median": [0.00808334909379, 0.346353918314, 1.07760286331, 0.544285356998, 3.62233281136, 3.3425886631, 2.12099933624, 1.328327775, 2.18974041939, 3.52139687538, 6.08560466766, 7.3729391098, 5.53789424896, 5.17394399643, 3.30040192604, 4.09688186646, 3.76063227654, 4.71530532837, 6.24170923233, 6.62279605865, 9.46343231201, 16.260345459, 20.8251533508, 5.45816993713, 1.82205474377, 1.11444532871, 0.389728397131, 0.548976063728, 0.752072036266, 0.625103116035, 0.665780305862, 0.62288916111, 0.342450797558, 0.135626390576, 0.0842520445585, 0.0283209532499, 0.00793117564172, 0.000459468370536, 2.80002841464e-05, 2.69193442364e-05],
        "min": [1.69594940758e-07, 5.48070090645e-07, 8.12224129731e-07, 6.41223459752e-06, 2.41713332798e-05, 0.000132648376166, 0.000266783608822, 0.000551279867068, 0.000727106176782, 0.00263204588555, 0.0138100590557, 0.0193113368005, 0.0166832786053, 0.00975089333951, 0.00778564298525, 0.00906039681286, 0.0181070808321, 0.0183723401278, 0.0373834334314, 0.0242814533412, 0.0309342835099, 0.0604402758181, 0.0549846589565, 0.00657653203234, 0.00333409779705, 0.00121674558613, 0.00049817096442, 0.000687802617904, 0.000468231999548, 0.000312945863698, 0.000129210777231, 0.000128155443235, 1.94896001631e-05, 1.32990589918e-05, 4.79964819533e-06, 1.10958501409e-06, 8.62859437234e-08, 1.65163971388e-08, 9.4000238704e-09, 1.39256686182e-08],
        "var": [0.409831851721, 6.5576581955, 24.6409549713, 55.076751709, 232.076446533, 159.722000122, 367.550567627, 172.265075684, 85.2702255249, 453.720703125, 3650.54882812, 8557.47363281, 13266.6484375, 11583.5595703, 3839.38745117, 6470.79980469, 7640.95800781, 6388.98876953, 5485.95751953, 6232.74707031, 6878.05957031, 7039.77246094, 9516.13183594, 2607.78637695, 849.180786133, 239.172714233, 124.324775696, 189.301025391, 79.0359191895, 97.9433135986, 204.832702637, 173.76751709, 71.9247970581, 10.0225381851, 1.83811914921, 0.145748645067, 0.0150470864028, 7.8395147284e-05, 2.89453172542e-08, 7.66300523036e-10]
    },
    "gfcc": {
        "mean": [-33.5760307312, 91.1169662476, -122.743667603, 26.5332279205, -49.8325538635, 16.5589160919, -50.0174484253, 19.3597640991, -20.0379924774, -11.9974851608, -18.8993930817, 0.830486834049, -15.939119339],
        "cov": [[5102.40283203, -1076.97949219, -618.381469727, -77.0168304443, -339.034118652, 283.595977783, -30.5858860016, 294.846557617, -151.102233887, 37.0969924927, -286.833068848, -14.1320295334, -182.487167358], [-1076.97949219, 2002.99499512, 63.6682281494, -48.4275627136, 641.926635742, -96.8522796631, 265.539459229, -71.3356170654, 260.669586182, -190.113220215, 176.898345947, -13.8217954636, 59.8547172546], [-618.381469727, 63.6682281494, 1678.09594727, 543.990844727, 68.5926361084, 180.770782471, 3.21555113792, -11.1276035309, 25.3496665955, 171.581069946, 103.491149902, 122.933425903, 47.8453140259], [-77.0168304443, -48.4275627136, 543.990844727, 792.536254883, 49.5337867737, -115.094573975, 17.1815567017, 50.1001739502, 73.9831390381, 67.1107940674, 90.5985183716, -18.1373271942, 51.6264076233], [-339.034118652, 641.926635742, 68.5926361084, 49.5337867737, 595.991333008, 1.80335402489, 101.408309937, 107.080032349, 187.843658447, -40.0414886475, 36.8141365051, 30.9963741302, 1.23151469231], [283.595977783, -96.8522796631, 180.770782471, -115.094573975, 1.80335402489, 405.428009033, 131.415969849, 5.63785839081, -7.9973077774, 27.6855068207, 2.7007496357, 26.2098693848, -1.78901207447], [-30.5858860016, 265.539459229, 3.21555113792, 17.1815567017, 101.408309937, 131.415969849, 384.577697754, 8.1708946228, -40.7613067627, 15.6844778061, 78.5441894531, 2.39360880852, -6.16649961472], [294.846557617, -71.3356170654, -11.1276035309, 50.1001739502, 107.080032349, 5.63785839081, 8.1708946228, 249.780792236, 81.9190368652, 6.45032930374, -1.1385345459, -24.772485733, -5.14726305008], [-151.102233887, 260.669586182, 25.3496665955, 73.9831390381, 187.843658447, -7.9973077774, -40.7613067627, 81.9190368652, 248.407455444, -18.1916351318, 7.92511701584, 9.21868991852, 17.5059509277], [37.0969924927, -190.113220215, 171.581069946, 67.1107940674, -40.0414886475, 27.6855068207, 15.6844778061, 6.45032930374, -18.1916351318, 156.442260742, 5.80808734894, 7.42537403107, -2.44567775726], [-286.833068848, 176.898345947, 103.491149902, 90.5985183716, 36.8141365051, 2.7007496357, 78.5441894531, -1.1385345459, 7.92511701584, 5.80808734894, 167.157852173, 36.9347953796, 16.9860839844], [-14.1320295334, -13.8217954636, 122.933425903, -18.1373271942, 30.9963741302, 26.2098693848, 2.39360880852, -24.772485733, 9.21868991852, 7.42537403107, 36.9347953796, 166.533691406, 8.63042545319], [-182.487167358, 59.8547172546, 47.8453140259, 51.6264076233, 1.23151469231, -1.78901207447, -6.16649961472, -5.14726305008, 17.5059509277, -2.44567775726, 16.9860839844, 8.63042545319, 113.810409546]],
        "icov": [[0.000347654306097, -0.000133316003485, 0.000281607353827, -0.000364025618182, 0.000272629578831, -0.000502683746163, 0.000171036372194, -0.000632717972621, 0.000392750982428, -0.000177393463673, 0.000666293432005, -0.000485707569169, 0.000517259177286], [-0.000133316003485, 0.00177350884769, -0.00064595072763, 0.00100948335603, -0.00141828588676, 0.00126513221767, -0.00132180331275, 0.00167064799462, -0.00164803024381, 0.00172161799856, -0.00154236494564, 0.00145736872219, -0.000883499043994], [0.000281607353827, -0.00064595072763, 0.00148442317732, -0.00138036021963, 0.000362995924661, -0.00151198753156, 0.00100022228435, -0.000774453976192, 0.00108968513086, -0.00141879543662, 0.000717189046554, -0.00142158393282, 0.000587499642279], [-0.000364025618182, 0.00100948335603, -0.00138036021963, 0.00302243581973, -0.000709004991222, 0.00216456851922, -0.0012876332039, 0.00109055661596, -0.00185557676014, 0.000792254752014, -0.00196763104759, 0.001951263519, -0.00143593153916], [0.000272629578831, -0.00141828588676, 0.000362995924661, -0.000709004991222, 0.00388684333302, -0.000729279243387, -2.61084624071e-05, -0.00216033752076, -0.000545533839613, -0.00068929156987, 0.00159394030925, -0.00172216619831, 0.00116121664178], [-0.000502683746163, 0.00126513221767, -0.00151198753156, 0.00216456851922, -0.000729279243387, 0.0050209495239, -0.00261079380289, 0.00152722862549, -0.00217117858119, 0.00121394055896, -0.00123953167349, 0.00143626448698, -0.00136706233025], [0.000171036372194, -0.00132180331275, 0.00100022228435, -0.0012876332039, -2.61084624071e-05, -0.00261079380289, 0.00500130001456, -0.00131054013036, 0.00280955224298, -0.00178242556285, -0.000525987299625, -0.000834795297123, 0.000975308415946], [-0.000632717972621, 0.00167064799462, -0.000774453976192, 0.00109055661596, -0.00216033752076, 0.00152722862549, -0.00131054013036, 0.00714141083881, -0.00313653051853, 0.00114787998609, -0.00222104531713, 0.00269183539785, -0.00112842163071], [0.000392750982428, -0.00164803024381, 0.00108968513086, -0.00185557676014, -0.000545533839613, -0.00217117858119, 0.00280955224298, -0.00313653051853, 0.00815654639155, -0.00141405430622, 0.00160529045388, -0.00194327544887, 0.000485019176267], [-0.000177393463673, 0.00172161799856, -0.00141879543662, 0.000792254752014, -0.00068929156987, 0.00121394055896, -0.00178242556285, 0.00114787998609, -0.00141405430622, 0.00929146353155, -0.00120574131142, 0.0013511586003, -0.00047624608851], [0.000666293432005, -0.00154236494564, 0.000717189046554, -0.00196763104759, 0.00159394030925, -0.00123953167349, -0.000525987299625, -0.00222104531713, 0.00160529045388, -0.00120574131142, 0.0099425278604, -0.00352206779644, 0.000815219304059], [-0.000485707569169, 0.00145736872219, -0.00142158393282, 0.001951263519, -0.00172216619831, 0.00143626448698, -0.000834795297123, 0.00269183539785, -0.00194327544887, 0.0013511586003, -0.00352206779644, 0.00876090023667, -0.00152577413246], [0.000517259177286, -0.000883499043994, 0.000587499642279, -0.00143593153916, 0.00116121664178, -0.00136706233025, 0.000975308415946, -0.00112842163071, 0.000485019176267, -0.00047624608851, 0.000815219304059, -0.00152577413246, 0.010361908935]]
    },
    "melbands": {
        "dmean": [0.000930072623305, 0.000711459782906, 0.000556033977773, 0.00054539530538, 0.000205630232813, 0.000104152764834, 6.8513872975e-05, 0.000133393637952, 0.000238870707108, 0.000287633767584, 0.000209040546906, 0.000125919861603, 5.8101479226e-05, 5.27348565811e-05, 5.70503252675e-05, 6.32963201497e-05, 5.75242847844e-05, 4.93249317515e-05, 4.12854606111e-05, 3.71235255443e-05, 3.27717170876e-05, 3.33063835569e-05, 4.43986355094e-05, 3.27663947246e-05, 1.2821121345e-05, 7.29298881197e-06, 4.76997456644e-06, 3.23950757775e-06, 1.67898190284e-06, 1.50694745571e-06, 1.95050870389e-06, 1.4654305005e-06, 1.3231755247e-06, 1.76289870524e-06, 2.16493390326e-06, 1.98202496904e-06, 1.79893118002e-06, 1.54057170221e-06, 9.32542889132e-07, 6.45922000331e-07],
        "dmean2": [0.00106892862823, 0.00110370456241, 0.00104859936982, 0.000961949815974, 0.000324749853462, 0.000175322405994, 0.000113330417662, 0.000224561197683, 0.00038598786341, 0.000464496231871, 0.000318862963468, 0.000173588923644, 8.73118915479e-05, 8.07892647572e-05, 8.47505507409e-05, 9.7988791822e-05, 8.85806439328e-05, 7.64145079302e-05, 6.40318103251e-05, 5.6206175941e-05, 4.8837493523e-05, 4.91159407829e-05, 6.69688452035e-05, 5.10696554556e-05, 1.86852666957e-05, 1.09124066512e-05, 7.31597401682e-06, 4.65066250399e-06, 2.29920101447e-06, 1.99237706511e-06, 2.74521880783e-06, 2.02544742933e-06, 1.80305744379e-06, 2.52268910117e-06, 3.22208097714e-06, 3.06793663185e-06, 2.76830974144e-06, 2.38003622144e-06, 1.42442672768e-06, 9.77393028734e-07],
        "dvar": [8.69998712005e-06, 7.23512130207e-06, 3.48186267729e-06, 1.41373607221e-06, 2.06280859061e-07, 6.3288354113e-08, 1.88558040293e-08, 7.42199688375e-08, 2.16659202579e-07, 3.98887237907e-07, 2.34843611224e-07, 1.38090470614e-07, 2.5407336679e-08, 1.86391151402e-08, 2.06860431007e-08, 2.4819023281e-08, 1.6178937301e-08, 1.33343212028e-08, 7.98846055972e-09, 7.14256476186e-09, 8.14374256919e-09, 4.19418988429e-09, 4.89400608927e-09, 3.56375284838e-09, 8.98003116312e-10, 4.13147294154e-10, 1.09809487892e-10, 7.00056124181e-11, 3.36352681818e-11, 3.20689863553e-11, 5.23383870965e-11, 1.79445399512e-11, 1.22343012457e-11, 2.72680177049e-11, 5.9736590674e-11, 5.10757582062e-11, 5.5003553795e-11, 3.31738560233e-11, 1.24382457459e-11, 3.94617455032e-12],
        "dvar2": [1.14562708404e-05, 1.87240857485e-05, 1.00679999377e-05, 3.56570990334e-06, 5.03831188325e-07, 1.65642191519e-07, 4.66463347948e-08, 1.92938415466e-07, 5.2643605386e-07, 1.02829676507e-06, 5.18510887559e-07, 2.70191293339e-07, 4.76080614931e-08, 4.15259435727e-08, 4.5640788926e-08, 5.2298798181e-08, 3.93364629758e-08, 3.11281773691e-08, 1.79690893276e-08, 1.56904587101e-08, 1.71536456151e-08, 9.56788603901e-09, 1.12833733468e-08, 8.39263503138e-09, 1.91574800468e-09, 8.3551848773e-10, 2.32181898707e-10, 1.41349071336e-10, 6.10193076622e-11, 5.69154202934e-11, 1.08275256816e-10, 3.30466418119e-11, 2.26941816034e-11, 5.91680732187e-11, 1.28611621353e-10, 1.18213272504e-10, 1.13886761133e-10, 7.52673479099e-11, 2.91160047461e-11, 9.03631856841e-12],
        "max": [0.0323497802019, 0.0267872866243, 0.0137060210109, 0.0103866429999, 0.00627539819106, 0.00392718845978, 0.00119303469546, 0.00277330726385, 0.00517710670829, 0.00848552212119, 0.00520660821348, 0.00665563438088, 0.00319007784128, 0.00209043594077, 0.00191542319953, 0.00237134564668, 0.00148760352749, 0.00167605641764, 0.00104453030508, 0.00114727590699, 0.00187814061064, 0.000978735857643, 0.000654382049106, 0.000698579358868, 0.000591402989812, 0.000402828503866, 0.000111196852231, 9.76289520622e-05, 7.0290210715e-05, 6.92836256349e-05, 8.45943068271e-05, 4.80655144202e-05, 4.46410085715e-05, 7.79076217441e-05, 0.000112048212031, 0.000148156352225, 0.000189874495845, 0.000114761322038, 5.93024269619e-05, 4.08343257732e-05],
        "mean": [0.00148757139686, 0.00119934952818, 0.00047314670519, 0.000573647383135, 0.000280796230072, 0.000125707330881, 8.18985936348e-05, 0.000132488727104, 0.00024766966817, 0.000288144306978, 0.000246795942076, 0.000166678364621, 8.71008596732e-05, 7.60689654271e-05, 7.46867663111e-05, 8.31587531138e-05, 6.78276192048e-05, 5.85796806263e-05, 5.21605652466e-05, 4.72038664157e-05, 4.36654954683e-05, 4.97051514685e-05, 6.74925322528e-05, 4.62011266791e-05, 1.72793261299e-05, 9.59791850619e-06, 6.30399063084e-06, 4.16249986301e-06, 2.03690547096e-06, 1.78791947292e-06, 2.12194572669e-06, 1.79068047146e-06, 1.59527814958e-06, 2.08459482565e-06, 2.60825845544e-06, 2.27593886848e-06, 2.18671675611e-06, 1.84035502571e-06, 1.10505345674e-06, 7.31096747586e-07],
        "median": [0.000220003974391, 0.000565944472328, 0.000189112412045, 0.00030715946923, 7.78178145993e-05, 3.20059371006e-05, 3.46551823895e-05, 3.45317275787e-05, 4.55730041722e-05, 3.6909688788e-05, 2.36436644627e-05, 2.00285157916e-05, 8.97860809346e-06, 1.05162080217e-05, 8.38983305584e-06, 8.19972319732e-06, 7.39056986276e-06, 8.2872556959e-06, 7.30066494725e-06, 8.55734833749e-06, 1.12478810479e-05, 1.43544621096e-05, 1.94964031834e-05, 1.06179695649e-05, 2.69128258878e-06, 1.14137617402e-06, 9.34833053634e-07, 5.11990037921e-07, 1.75983217332e-07, 1.50991326109e-07, 3.16465389005e-07, 4.42860283556e-07, 3.00931645825e-07, 3.17665353577e-07, 3.6893578681e-07, 3.44706222677e-07, 3.66074118574e-07, 2.41731640926e-07, 1.2907156588e-07, 9.57574357585e-08],
