{
"highlevel": {
    "danceability": {
        "all": {
            "danceable": 0.385280489922,
            "not_danceable": 0.614719510078
        },
        "probability": 0.614719510078,
        "value": "not_danceable"
    },
    "gender": {
        "all": {
            "female": 0.966989517212,
            "male": 0.0330104976892
        },
        "probability": 0.966989517212,
        "value": "female"
    },
    "genre_dortmund": {
        "all": {
            "alternative": 0.133579343557,
            "blues": 0.0534965917468,
            "electronic": 0.00498047610745,
            "folkcountry": 0.268090039492,
            "funksoulrnb": 0.00694346614182,
            "jazz": 0.0241834670305,
            "pop": 0.184145539999,
            "raphiphop": 0.00228715618141,
            "rock": 0.322293907404
        },
        "probability": 0.322293907404,
        "value": "rock"
    },
    "genre_electronic": {
        "all": {
            "ambient": 0.601605296135,
            "dnb": 0.146440789104,
            "house": 0.190816342831,
            "techno": 0.0151747213677,
            "trance": 0.0459628254175
        },
        "probability": 0.601605296135,
        "value": "ambient"
    },
    "genre_rosamerica": {
        "all": {
            "cla": 0.0120558990166,
            "dan": 0.0162359904498,
            "hip": 0.0115734208375,
            "jaz": 0.0164993237704,
            "pop": 0.445480823517,
            "rhy": 0.360968053341,
            "roc": 0.125126957893,
            "spe": 0.012059526518
        },
        "probability": 0.445480823517,
        "value": "pop"
    },
    "genre_tzanetakis": {
        "all": {
            "blu": 0.0626613423228,
            "cla": 0.0348169617355,
            "cou": 0.104475811124,
            "dis": 0.0784321576357,
            "hip": 0.15692435205,
            "jaz": 0.313974827528,
            "met": 0.0448166541755,
            "pop": 0.0627359300852,
            "reg": 0.0627360641956,
            "roc": 0.0784258767962
        },
        "probability": 0.313974827528,
        "value": "jaz"
    },
    "ismir04_rhythm": {
        "all": {
            "ChaChaCha": 0.0421118959785,
            "Jive": 0.0231059752405,
            "Quickstep": 0.30894690752,
            "Rumba-American": 0.0271685533226,
            "Rumba-International": 0.215420141816,
            "Rumba-Misc": 0.0317148938775,
            "Samba": 0.0417310334742,
            "Tango": 0.107947580516,
            "VienneseWaltz": 0.0711265802383,
            "Waltz": 0.130726441741
        },
        "probability": 0.30894690752,
        "value": "Quickstep"
    },
    "mood_acoustic": {
        "all": {
            "acoustic": 0.881809234619,
            "not_acoustic": 0.118190765381
        },
        "probability": 0.881809234619,
        "value": "acoustic"
    },
    "mood_aggressive": {
        "all": {
            "aggressive": 0.0110363038257,
            "not_aggressive": 0.988963723183
        },
        "probability": 0.988963723183,
        "value": "not_aggressive"
    },
    "mood_electronic": {
        "all": {
            "electronic": 0.0204543285072,
            "not_electronic": 0.979545652866
        },
        "probability": 0.979545652866,
        "value": "not_electronic"
    },
    "mood_happy": {
        "all": {
            "happy": 0.124915525317,
            "not_happy": 0.875084459782
        },
        "probability": 0.875084459782,
        "value": "not_happy"
    },
    "mood_party": {
        "all": {
            "not_party": 0.916354238987,
            "party": 0.083645761013
        },
        "probability": 0.916354238987,
        "value": "not_party"
    },
    "mood_relaxed": {
        "all": {
            "not_relaxed": 0.0592142567039,
            "relaxed": 0.940785765648
        },
        "probability": 0.940785765648,
        "value": "relaxed"
    },
    "mood_sad": {
        "all": {
            "not_sad": 0.133452385664,
            "sad": 0.866547644138
        },
        "probability": 0.866547644138,
        "value": "sad"
    },
    "moods_mirex": {
        "all": {
            "Cluster1": 0.256131529808,
            "Cluster2": 0.161326795816,
            "Cluster3": 0.428087353706,
            "Cluster4": 0.107673637569,
            "Cluster5": 0.0467806681991
        },
        "probability": 0.428087353706,
        "value": "Cluster3"
    },
    "timbre": {
        "all": {
            "bright": 0.56032115221,
            "dark": 0.439678817987
        },
        "probability": 0.56032115221,
        "value": "bright"
    },
    "tonal_atonal": {
        "all": {
            "atonal": 0.0513579659164,
            "tonal": 0.948642015457
        },
        "probability": 0.948642015457,
        "value": "tonal"
    },
    "voice_instrumental": {
        "all": {
            "instrumental": 0.000350295158569,
            "voice": 0.999649703503
        },
        "probability": 0.999649703503,
        "value": "voice"
    }
},
"lowlevel": {
    "average_loudness": 0.928749978542,
    "barkbands_crest": {
        "dmean": 1.74402606487,
        "dmean2": 2.6510925293,
        "dvar": 2.94722652435,
        "dvar2": 6.39409923553,
        "max": 23.5887641907,
        "mean": 10.707529068,
        "median": 9.77178573608,
        "min": 3.07554721832,
        "var": 18.361749649
    },
    "barkbands_flatness_db": {
        "dmean": 0.0202637016773,
        "dmean2": 0.0292476769537,
        "dvar": 0.00049231533194,
        "dvar2": 0.000828608055599,
        "max": 0.428555071354,
        "mean": 0.210593119264,
        "median": 0.188233330846,
        "min": 0.078457288444,
        "var": 0.00626514246687
    },
    "barkbands_kurtosis": {
        "dmean": 2.86958479881,
        "dmean2": 4.34418058395,
        "dvar": 20.5284252167,
        "dvar2": 50.9336624146,
        "max": 85.2225799561,
        "mean": 8.6740322113,
        "median": 4.69451332092,
        "min": -1.78083944321,
        "var": 134.853713989
    },
    "barkbands_skewness": {
        "dmean": 0.415956586599,
        "dmean2": 0.597749352455,
        "dvar": 0.210417047143,
        "dvar2": 0.43528085947,
        "max": 7.57786178589,
        "mean": 2.11331701279,
        "median": 1.84088754654,
        "min": -0.894920170307,
        "var": 2.03244996071
    },
    "barkbands_spread": {
        "dmean": 3.59334254265,
        "dmean2": 5.17923259735,
        "dvar": 41.210269928,
        "dvar2": 72.6848220825,
        "max": 93.81224823,
        "mean": 14.0804176331,
        "median": 11.4040851593,
        "min": 0.852422118187,
        "var": 162.337905884
    },
    "dissonance": {
        "dmean": 0.0241813734174,
        "dmean2": 0.0406062752008,
        "dvar": 0.000448303704616,
        "dvar2": 0.00117944984231,
        "max": 0.498995631933,
        "mean": 0.43946737051,
        "median": 0.446177750826,
        "min": 0.293980568647,
        "var": 0.00126676866785
    },
    "dynamic_complexity": 3.17368793488,
    "erbbands_crest": {
        "dmean": 2.1616101265,
        "dmean2": 3.35798501968,
        "dvar": 4.94987869263,
        "dvar2": 11.416513443,
        "max": 26.3475017548,
        "mean": 9.28202915192,
        "median": 8.34982681274,
        "min": 2.8590362072,
        "var": 14.9371118546
    },
    "erbbands_flatness_db": {
        "dmean": 0.0162718500942,
        "dmean2": 0.0229605659842,
        "dvar": 0.000396050570998,
        "dvar2": 0.000682714395225,
        "max": 0.322231888771,
        "mean": 0.184434309602,
        "median": 0.181578218937,
        "min": 0.0591111294925,
        "var": 0.00250753760338
    },
    "erbbands_kurtosis": {
        "dmean": 0.676348686218,
        "dmean2": 1.01343786716,
        "dvar": 0.876447081566,
        "dvar2": 2.04062652588,
        "max": 13.847234726,
        "mean": 0.601101577282,
        "median": 0.232903718948,
        "min": -1.65880405903,
        "var": 2.80245089531
    },
    "erbbands_skewness": {
        "dmean": 0.276833057404,
        "dmean2": 0.405328989029,
        "dvar": 0.0821584314108,
        "dvar2": 0.161703944206,
        "max": 2.60875368118,
        "mean": 0.52403986454,
        "median": 0.470634818077,
        "min": -2.49104809761,
        "var": 0.358835041523
    },
    "erbbands_spread": {
        "dmean": 6.34101915359,
        "dmean2": 9.2489824295,
        "dvar": 80.8832702637,
        "dvar2": 164.067779541,
        "max": 139.840515137,
        "mean": 33.1126823425,
        "median": 29.5739650726,
        "min": 4.80853414536,
        "var": 312.499603271
    },
    "hfc": {
        "dmean": 4.79413414001,
        "dmean2": 6.87463378906,
        "dvar": 53.9612464905,
        "dvar2": 99.2329483032,
        "max": 82.1223907471,
        "mean": 18.3281955719,
        "median": 10.7201814651,
        "min": 0.586941301823,
        "var": 300.465026855
    },
    "melbands_crest": {
        "dmean": 2.00944113731,
        "dmean2": 3.02354335785,
        "dvar": 4.66627120972,
        "dvar2": 10.4115743637,
        "max": 30.9921379089,
        "mean": 15.4045639038,
        "median": 14.8065853119,
        "min": 4.39422035217,
        "var": 33.3258514404
    },
    "melbands_flatness_db": {
        "dmean": 0.0230085235089,
        "dmean2": 0.0308621823788,
        "dvar": 0.000749051338062,
        "dvar2": 0.00126292696223,
        "max": 0.536834657192,
        "mean": 0.284924536943,
        "median": 0.258914083242,
        "min": 0.0788257792592,
        "var": 0.0102989710867
    },
    "melbands_kurtosis": {
        "dmean": 6.13420629501,
        "dmean2": 9.38421916962,
        "dvar": 102.513885498,
        "dvar2": 254.560684204,
        "max": 231.965103149,
        "mean": 19.6478233337,
        "median": 11.645195961,
        "min": -1.37171697617,
        "var": 523.297241211
    },
    "melbands_skewness": {
        "dmean": 0.542130887508,
        "dmean2": 0.790730953217,
        "dvar": 0.356492191553,
        "dvar2": 0.696633219719,
        "max": 11.7048225403,
        "mean": 3.09886193275,
        "median": 2.80020451546,
        "min": -0.416609764099,
        "var": 3.36471581459
    },
    "melbands_spread": {
        "dmean": 3.62908053398,
        "dmean2": 5.19246482849,
        "dvar": 48.4638404846,
        "dvar2": 109.038017273,
        "max": 127.892608643,
        "mean": 14.2744541168,
        "median": 10.5350961685,
        "min": 0.735970914364,
        "var": 182.724197388
    },
    "pitch_salience": {
        "dmean": 0.051954805851,
        "dmean2": 0.0815168768167,
        "dvar": 0.00210693478584,
        "dvar2": 0.00505803385749,
        "max": 0.825776219368,
        "mean": 0.524983227253,
        "median": 0.535396575928,
        "min": 0.144001275301,
        "var": 0.0150574492291
    },
    "silence_rate_20dB": {
        "dmean": 0,
        "dmean2": 0,
        "dvar": 0,
        "dvar2": 0,
        "max": 1,
        "mean": 1,
        "median": 1,
        "min": 1,
        "var": 0
    },
    "silence_rate_30dB": {
        "dmean": 0,
        "dmean2": 0,
        "dvar": 0,
        "dvar2": 0,
        "max": 1,
        "mean": 1,
        "median": 1,
        "min": 1,
        "var": 0
    },
    "silence_rate_60dB": {
        "dmean": 0.00773993786424,
        "dmean2": 0.0154918665066,
        "dvar": 0.00768015766516,
        "dvar2": 0.0198996383697,
        "max": 1,
        "mean": 0.00541376648471,
        "median": 0,
        "min": 0,
        "var": 0.00538430782035
    },
    "spectral_centroid": {
        "dmean": 142.991210938,
        "dmean2": 199.191589355,
        "dvar": 50661.3242188,
        "dvar2": 84382.8359375,
        "max": 4129.92041016,
        "mean": 796.299377441,
        "median": 644.998901367,
        "min": 162.205703735,
        "var": 264091
    },
    "spectral_complexity": {
        "dmean": 2.32275533676,
        "dmean2": 3.58481788635,
        "dvar": 5.4491815567,
        "dvar2": 10.6115379333,
        "max": 41,
        "mean": 15.4709978104,
        "median": 14,
        "min": 3,
        "var": 48.0201721191
    },
    "spectral_decrease": {
        "dmean": 1.77064818363e-09,
        "dmean2": 2.70095878996e-09,
        "dvar": 4.72439822802e-18,
        "dvar2": 1.00651394838e-17,
        "max": -6.46967146523e-10,
        "mean": -9.35227095766e-09,
        "median": -8.70439986755e-09,
        "min": -2.51137795004e-08,
        "var": 3.35549951385e-17
    },
    "spectral_energy": {
        "dmean": 0.00696141365916,
        "dmean2": 0.010601288639,
        "dvar": 7.26598809706e-05,
        "dvar2": 0.000153125307406,
        "max": 0.0998320132494,
        "mean": 0.0369600579143,
        "median": 0.0344377420843,
        "min": 0.00256965612061,
        "var": 0.000521436566487
    },
    "spectral_energyband_high": {
        "dmean": 0.000275588652585,
        "dmean2": 0.000404607126256,
        "dvar": 4.453686131e-07,
        "dvar2": 8.52526284234e-07,
        "max": 0.0108073437586,
        "mean": 0.000546093680896,
        "median": 0.000113734269689,
        "min": 2.67742645832e-08,
        "var": 1.17118156595e-06
    },
    "spectral_energyband_low": {
        "dmean": 0.00408670632169,
        "dmean2": 0.0065575200133,
        "dvar": 3.91701250919e-05,
        "dvar2": 0.000100207420473,
        "max": 0.0807616040111,
        "mean": 0.0180875305086,
        "median": 0.0128913810477,
        "min": 1.39651074278e-05,
        "var": 0.000260111730313
    },
    "spectral_energyband_middle_high": {
        "dmean": 0.00203984882683,
        "dmean2": 0.00264271115884,
        "dvar": 1.50908535943e-05,
        "dvar2": 2.29064735322e-05,
        "max": 0.0663857385516,
        "mean": 0.00631665624678,
        "median": 0.00159325147979,
        "min": 2.99764469673e-05,
        "var": 9.23455590964e-05
    },
    "spectral_energyband_middle_low": {
        "dmean": 0.00401578517631,
        "dmean2": 0.00609039189294,
        "dvar": 3.24954598909e-05,
        "dvar2": 7.01760072843e-05,
        "max": 0.0715715587139,
        "mean": 0.0131867509335,
        "median": 0.0100744673982,
        "min": 0.000799209694378,
        "var": 0.000119750511658
    },
    "spectral_entropy": {
        "dmean": 0.172623321414,
        "dmean2": 0.240996479988,
        "dvar": 0.0466617010534,
        "dvar2": 0.0819187238812,
        "max": 8.5115404129,
        "mean": 6.9949631691,
        "median": 7.06768512726,
        "min": 5.3104634285,
        "var": 0.354518085718
    },
    "spectral_flux": {
        "dmean": 0.0202535763383,
        "dmean2": 0.0323347486556,
        "dvar": 0.000520095112734,
        "dvar2": 0.00127524044365,
        "max": 0.254784017801,
        "mean": 0.0686079934239,
        "median": 0.0612750984728,
        "min": 0.00394223351032,
        "var": 0.00181713071652
    },
    "spectral_kurtosis": {
        "dmean": 5.10520362854,
        "dmean2": 8.72396945953,
        "dvar": 72.5658340454,
        "dvar2": 214.181503296,
        "max": 109.000663757,
        "mean": 12.2208280563,
        "median": 6.8958234787,
        "min": -1.01840114594,
        "var": 245.074417114
    },
    "spectral_rms": {
        "dmean": 0.000561762368307,
        "dmean2": 0.00084576709196,
        "dvar": 4.34212267919e-07,
        "dvar2": 8.56303131513e-07,
        "max": 0.00986899621785,
        "mean": 0.00566577026621,
        "median": 0.00579636078328,
        "min": 0.00158334511798,
        "var": 3.95764118366e-06
    },
    "spectral_rolloff": {
        "dmean": 248.281280518,
        "dmean2": 409.230163574,
        "dvar": 518549.0625,
        "dvar2": 1054141.5,
        "max": 8677.88085938,
        "mean": 827.369689941,
        "median": 559.86328125,
        "min": 86.1328125,
        "var": 1225795.5
    },
    "spectral_skewness": {
        "dmean": 0.429929077625,
        "dmean2": 0.716433465481,
        "dvar": 0.288141459227,
        "dvar2": 0.84276586771,
        "max": 8.21588897705,
        "mean": 2.36907577515,
        "median": 2.08724308014,
        "min": 0.171517640352,
        "var": 1.28216278553
    },
    "spectral_spread": {
        "dmean": 657031.75,
        "dmean2": 952947,
        "dvar": 1.06414591181e+12,
        "dvar2": 1.99266939699e+12,
        "max": 14216805,
        "mean": 3701575.5,
        "median": 3481687.5,
        "min": 666433,
        "var": 3.84590282752e+12
    },
    "spectral_strongpeak": {
        "dmean": 0.453274995089,
        "dmean2": 0.764347434044,
        "dvar": 0.841258168221,
        "dvar2": 1.89556467533,
        "max": 9.74882888794,
        "mean": 0.96439653635,
        "median": 0.497731000185,
        "min": 0.0522210821509,
        "var": 1.85810089111
    },
    "zerocrossingrate": {
        "dmean": 0.00738015212119,
        "dmean2": 0.00875351019204,
        "dvar": 0.000127924693516,
        "dvar2": 0.000150339896209,
        "max": 0.22705078125,
        "mean": 0.0347861684859,
        "median": 0.02880859375,
        "min": 0.00244140625,
        "var": 0.000809597375337
    },
    "barkbands": {
        "dmean": [5.75282974751e-05, 0.0025400405284, 0.0018963116454, 0.00123119435739, 0.00176800834015, 0.000731174717657, 0.000840937311295, 0.000871184282005, 0.000767501012888, 0.000967343512457, 0.000341841136105, 0.000391584122553, 0.000535706407391, 0.000409645610489, 0.000291657139314, 0.000147668484715, 5.95249766775e-05, 9.85374426818e-05, 6.56584088574e-05, 8.25733441161e-05, 5.83141300012e-05, 3.06244219246e-05, 6.50782531011e-05, 7.04092526576e-05, 4.30670188507e-05, 1.5762359908e-05, 1.88076332286e-09],
        "dmean2": [9.59474928095e-05, 0.00383359869011, 0.00308165699244, 0.00195177260321, 0.0026472362224, 0.00113277777564, 0.00128585239872, 0.00143756298348, 0.00113483623136, 0.00122553668916, 0.000522631336935, 0.000580185092986, 0.000812859216239, 0.000601186940912, 0.000430286716437, 0.000207712655538, 9.43893537624e-05, 0.000145188183524, 9.52980408329e-05, 0.00012029424397, 8.80102670635e-05, 4.4681768486e-05, 9.82214696705e-05, 0.000104100377939, 6.96478018654e-05, 2.627584945e-05, 3.34274763425e-09],
        "dvar": [1.44034464356e-08, 1.69742379512e-05, 9.37048571359e-06, 3.61362162948e-06, 6.70090867061e-06, 2.77666663351e-06, 6.18708600086e-06, 7.93786057329e-06, 4.31552552982e-06, 7.34140803615e-06, 1.52850270752e-06, 6.27532301678e-07, 3.88601984014e-06, 1.16632304525e-06, 5.84130532388e-07, 3.38109146014e-07, 1.50253605113e-08, 3.52443230156e-08, 1.71595058163e-08, 2.87412849076e-08, 1.69823799467e-08, 1.65103131167e-08, 7.99848081101e-08, 4.27522444113e-08, 1.30270629839e-08, 2.15348250343e-09, 3.47909121615e-17],
        "dvar2": [3.71399977439e-08, 4.48754544777e-05, 2.21504542424e-05, 9.61021851253e-06, 1.58248967637e-05, 6.99455449649e-06, 1.31817187139e-05, 1.99845435418e-05, 8.99243786989e-06, 1.11975305117e-05, 3.44609338754e-06, 1.41119016916e-06, 9.30958049139e-06, 2.56848420577e-06, 1.1503617543e-06, 5.3322145277e-07, 3.64625236671e-08, 7.73010455646e-08, 3.06753236146e-08, 5.49922809512e-08, 3.55728744239e-08, 3.28486926549e-08, 1.82503313795e-07, 8.37477287519e-08, 3.21268487369e-08, 5.7401456921e-09, 5.97199189798e-17],
        "max": [0.00171958247665, 0.0628327727318, 0.063747599721, 0.0233351681381, 0.0346515104175, 0.0355270691216, 0.0457019023597, 0.0503413230181, 0.0356799773872, 0.0580405853689, 0.0308698900044, 0.015009383671, 0.0314782038331, 0.0134019898251, 0.0136572867632, 0.0133991613984, 0.00217819702812, 0.00240188650787, 0.00245736679062, 0.0017663675826, 0.00175238377415, 0.00256580859423, 0.00550411641598, 0.00307011185214, 0.00152177282143, 0.000585518253502, 1.35390905598e-07],
        "mean": [0.0002026737493, 0.0088797044009, 0.00799653213471, 0.00257882080041, 0.00442092586309, 0.00158745690715, 0.00156593346037, 0.0013766073389, 0.00138795096427, 0.00207231799141, 0.00062143226387, 0.00081123795826, 0.000867740076501, 0.000735053909011, 0.000540667970199, 0.000276692211628, 0.000109961059934, 0.000200784139452, 0.000137445516884, 0.00016185262939, 9.34008494369e-05, 4.29008578067e-05, 0.00010410464165, 0.000115542039566, 5.73817560507e-05, 1.49676807268e-05, 1.48257872645e-09],
        "median": [1.39534786285e-05, 0.00522889662534, 0.00406786426902, 0.00158121343702, 0.00304004177451, 0.000703085272107, 0.000537250598427, 0.00037365037133, 0.000416843395215, 0.000325416156556, 0.000116827308375, 0.000195113389054, 0.000126180544612, 9.03159743757e-05, 0.000130187574541, 6.56051124679e-05, 5.58740066481e-05, 5.13586564921e-05, 3.11192379741e-05, 2.96334292216e-05, 1.52672091644e-05, 6.39325935481e-06, 1.35270220198e-05, 2.220184615e-05, 9.93221419776e-06, 1.46197294271e-06, 4.64879690298e-10],
        "min": [4.06845401812e-09, 6.64764741032e-07, 3.02340458802e-06, 1.10888349809e-05, 6.84053084115e-05, 1.06773613879e-05, 6.93072797731e-06, 3.75966919819e-06, 2.68692247118e-06, 2.92849517791e-06, 2.89396211883e-07, 1.04302466752e-06, 1.02283922843e-06, 2.22672815653e-06, 4.38739419906e-07, 9.1963494242e-07, 2.15337678355e-07, 6.77800287008e-08, 1.33441782069e-08, 7.70977326425e-09, 4.30454250022e-09, 3.05386227417e-09, 2.34181940506e-09, 1.48971635028e-09, 2.78282979993e-10, 1.22523987484e-11, 9.63363243345e-12],
        "var": [1.08972393775e-07, 7.57720990805e-05, 0.000117665666039, 8.74777924764e-06, 1.93005816982e-05, 7.10191807229e-06, 1.26846498461e-05, 1.1528018149e-05, 8.88450267666e-06, 3.05506291625e-05, 4.54006158179e-06, 1.917100235e-06, 6.34831121715e-06, 2.67745645033e-06, 1.42452165619e-06, 1.14658166694e-06, 3.04203453538e-08, 1.08886048622e-07, 6.4125096344e-08, 7.76766455601e-08, 3.64106149675e-08, 2.72181512884e-08, 1.55936561441e-07, 9.19804818977e-08, 1.98539353846e-08, 1.75181935624e-09, 3.0715446223e-17]
    },
    "erbbands": {
        "dmean": [0.0365423597395, 0.690823614597, 2.18277072906, 2.77206230164, 6.63443756104, 4.94980621338, 5.7598567009, 5.56806325912, 9.61826992035, 14.5808124542, 19.9519119263, 15.9996700287, 22.680475235, 26.1528873444, 13.0144414902, 13.3977603912, 22.2010726929, 20.6320838928, 16.8440303802, 14.2815723419, 5.83606433868, 2.90893769264, 4.1259393692, 4.56933736801, 2.59093546867, 3.61710786819, 3.99520301819, 0.91540658474, 1.04377388954, 1.75998771191, 1.67181098461, 1.44656455517, 1.28656995296, 0.568984389305, 0.276631891727, 0.10039909184, 0.0224924720824, 0.0016100195935, 3.50518312189e-05, 9.03521322471e-06],
        "dmean2": [0.0548873767257, 1.05694997311, 3.59873390198, 4.47766065598, 10.2872667313, 7.41928195953, 8.86621189117, 8.6126537323, 14.4977197647, 22.837228775, 32.4610786438, 23.7364883423, 31.1269569397, 33.7649726868, 19.330947876, 19.886510849, 33.5737571716, 29.5365562439, 25.7428436279, 20.575876236, 8.64352798462, 4.45656919479, 6.02199459076, 6.55226612091, 3.6159362793, 5.21614599228, 5.67382335663, 1.37750422955, 1.52153754234, 2.51752924919, 2.54299759865, 2.14118075371, 1.93539333344, 0.921628117561, 0.444050908089, 0.164745315909, 0.0383627824485, 0.0029108368326, 6.03131884418e-05, 1.40940583151e-05],
        "dvar": [0.00460823811591, 1.26664912701, 14.0484228134, 13.8136701584, 120.815605164, 70.5255813599, 121.837219238, 266.058197021, 959.106323242, 2221.66674805, 4382.55517578, 1563.9642334, 4901.54980469, 4705.65283203, 881.508728027, 694.439697266, 7360.86669922, 3387.87109375, 2209.37255859, 1712.84216309, 530.848510742, 32.1802940369, 71.1488723755, 81.6837692261, 26.7832698822, 57.5139122009, 78.2463912964, 9.87036132812, 19.73777771, 53.4028015137, 51.3849754333, 26.0748748779, 12.5982027054, 2.70584201813, 0.46493524313, 0.0661548674107, 0.00704283593222, 0.000108072803414, 2.90734814001e-08, 1.34606284452e-10],
        "dvar2": [0.0116568133235, 3.36311221123, 34.565158844, 37.7697792053, 287.887359619, 171.077362061, 247.299957275, 680.067321777, 1845.92578125, 5759.00195312, 10994.8837891, 3369.45507812, 9656.47851562, 6285.35107422, 2228.3503418, 1581.21740723, 18789.0507812, 7132.23388672, 4860.32421875, 3123.22363281, 952.188110352, 75.0531845093, 158.668502808, 146.059310913, 49.7428588867, 103.364021301, 151.216125488, 21.7251300812, 39.6709136963, 101.852272034, 123.616020203, 56.9740028381, 26.4063930511, 6.5049071312, 1.15201890469, 0.169871643186, 0.0194049607962, 0.000317654834362, 8.44679064471e-08, 3.04448272148e-10],
        "max": [0.991517901421, 16.2803134918, 67.4595108032, 42.27942276, 186.782546997, 179.571380615, 211.758209229, 394.171600342, 663.041564941, 911.736816406, 1353.99206543, 765.628723145, 1575.80126953, 1308.27404785, 536.438659668, 396.115692139, 1313.7244873, 864.803039551, 849.008666992, 801.254089355, 688.469421387, 112.538528442, 150.976776123, 148.203674316, 112.400520325, 80.7334213257, 123.034645081, 67.8698043823, 86.4566268921, 125.667762756, 128.811569214, 91.0914764404, 60.9926795959, 19.8340167999, 9.36950111389, 2.75761628151, 1.32878756523, 0.238864272833, 0.00380948721431, 0.000179831651621],
        "mean": [0.206610143185, 2.21498966217, 9.52761077881, 7.52194595337, 15.0282926559, 12.1305122375, 12.9453029633, 12.1301984787, 20.0696105957, 24.5058498383, 33.339099884, 30.7003765106, 49.3227005005, 56.8213996887, 29.6505641937, 28.8351669312, 38.3244743347, 39.8760223389, 31.0755176544, 27.7603054047, 11.772526741, 6.20330190659, 9.11632823944, 10.5333061218, 5.70094203949, 7.57725954056, 7.47796487808, 1.38149333, 1.4438945055, 2.70876336098, 2.72245645523, 2.24314641953, 2.0030875206, 0.773215711117, 0.353906214237, 0.110415391624, 0.0191250722855, 0.0011630730005, 4.78112706332e-05, 4.49128019682e-05],
        "median": [0.103346697986, 1.28167796135, 4.96262979507, 5.63257026672, 8.10274505615, 7.82719326019, 5.66822481155, 4.69573783875, 6.79835414886, 8.38558483124, 10.2923402786, 11.5260477066, 8.09060192108, 11.3343381882, 7.5252494812, 8.19925308228, 6.60657453537, 5.64186954498, 6.22056102753, 6.64002370834, 3.5762565136, 2.96779966354, 2.76440906525, 2.46706676483, 1.27253901958, 1.44152522087, 1.04334056377, 0.366363853216, 0.208623453975, 0.35882088542, 0.372085779905, 0.405427634716, 0.34776827693, 0.124125175178, 0.0660718977451, 0.0166384782642, 0.00151363934856, 7.49015962356e-05, 2.58892523561e-05, 4.30622458225e-05],
        "min": [0.000117580631922, 0.00148161093239, 0.0278635080904, 0.114467047155, 0.301382303238, 0.182532936335, 0.0681420639157, 0.175747007132, 0.144576087594, 0.336451858282, 0.109822832048, 0.147588580847, 0.188906550407, 0.0798616111279, 0.0664441883564, 0.0624733231962, 0.06791241467, 0.0788751542568, 0.0716935023665, 0.044090192765, 0.0380508899689, 0.0130944140255, 0.0050138453953, 0.00202155997977, 0.000793902901933, 0.000334976561135, 0.000224963892833, 0.000122290744912, 0.000141909200465, 7.28466475266e-05, 6.86067287461e-05, 6.49825742585e-05, 2.7007126846e-05, 1.01684017864e-05, 5.39125539945e-06, 2.40134204432e-06, 1.09126472125e-06, 1.43494304439e-07, 1.29468389787e-06, 2.93152515951e-06],
        "var": [0.0592348501086, 5.15023994446, 140.849533081, 45.1876869202, 329.985290527, 190.608673096, 388.545898438, 591.526794434, 2769.03588867, 2574.25463867, 6474.63574219, 3307.16772461, 15479.7617188, 20425.2832031, 3101.76245117, 2014.35925293, 10857.1513672, 8329.96875, 4421.62744141, 5272.05566406, 1373.72338867, 91.6565551758, 212.902389526, 344.129547119, 95.5316772461, 167.946273804, 209.535675049, 13.7179584503, 31.8894042969, 102.491348267, 103.688446045, 51.9314956665, 24.395450592, 4.47063493729, 0.631116330624, 0.0666893795133, 0.00479968218133, 5.82356333325e-05, 1.71775731417e-08, 7.57686746677e-10]
    },
    "gfcc": {
        "mean": [-30.3590946198, 143.854309082, -107.941230774, 26.6901683807, -47.1374015808, 22.5259590149, -36.6329536438, 10.8439559937, -22.3263206482, -6.21164321899, -8.89587593079, -15.0171642303, -4.15859985352],
        "cov": [[7583.29345703, -3683.99609375, -612.358337402, 621.106018066, -1301.38378906, 931.182189941, -432.168212891, 785.196655273, -828.510864258, 624.638061523, -98.9931411743, 96.1278152466, -377.919708252], [-3683.99609375, 2440.72241211, 77.1400375366, -361.726654053, 843.338317871, -568.570007324, 363.275390625, -402.989837646, 460.939300537, -405.65335083, 170.492614746, -146.56678772, 246.882720947], [-612.358337402, 77.1400375366, 557.385314941, 86.8076171875, 83.4223251343, -2.91783738136, -22.5656318665, -24.8992347717, 105.1354599, 14.8252544403, -62.3089675903, 79.5738754272, -26.4064006805], [621.106018066, -361.726654053, 86.8076171875, 327.220214844, -89.5301055908, 103.875892639, -26.4520606995, 66.9655456543, 9.47519207001, 37.6254005432, -8.73109340668, 22.906162262, 21.017074585], [-1301.38378906, 843.338317871, 83.4223251343, -89.5301055908, 505.682037354, -161.962890625, 171.902694702, -84.7368850708, 185.392593384, -145.162338257, -7.50249433517, -38.8691940308, 109.766952515], [931.182189941, -568.570007324, -2.91783738136, 103.875892639, -161.962890625, 296.607849121, -18.1696987152, 119.922492981, -78.8917922974, 74.0280914307, -12.5483579636, 25.7626628876, -35.380191803], [-432.168212891, 363.275390625, -22.5656318665, -26.4520606995, 171.902694702, -18.1696987152, 199.255859375, -25.5060825348, 92.2541503906, -65.3526763916, 41.2040634155, -36.527305603, 35.1745529175], [785.196655273, -402.989837646, -24.8992347717, 66.9655456543, -84.7368850708, 119.922492981, -25.5060825348, 190.866760254, -46.2843017578, 74.7406234741, -37.129776001, 15.2208032608, -19.2244243622], [-828.510864258, 460.939300537, 105.1354599, 9.47519207001, 185.392593384, -78.8917922974, 92.2541503906, -46.2843017578, 224.81072998, -73.0178756714, 9.73615932465, -24.4788532257, 61.1132583618], [624.638061523, -405.65335083, 14.8252544403, 37.6254005432, -145.162338257, 74.0280914307, -65.3526763916, 74.7406234741, -73.0178756714, 155.804870605, -11.4983882904, 34.2595825195, -53.6896514893], [-98.9931411743, 170.492614746, -62.3089675903, -8.73109340668, -7.50249433517, -12.5483579636, 41.2040634155, -37.129776001, 9.73615932465, -11.4983882904, 124.963432312, -17.5264968872, 8.77122020721], [96.1278152466, -146.56678772, 79.5738754272, 22.906162262, -38.8691940308, 25.7626628876, -36.527305603, 15.2208032608, -24.4788532257, 34.2595825195, -17.5264968872, 92.7768859863, -6.0634522438], [-377.919708252, 246.882720947, -26.4064006805, 21.017074585, 109.766952515, -35.380191803, 35.1745529175, -19.2244243622, 61.1132583618, -53.6896514893, 8.77122020721, -6.0634522438, 125.970687866]],
        "icov": [[0.00113322236575, 0.000270571210422, 0.00104451319203, -0.00144415243994, 0.000348840490915, -0.000760590308346, 7.43584241718e-05, -0.002008237876, 0.00160132301971, -0.000717391201761, 1.17168574434e-05, 0.000211932201637, 0.00141129165422], [0.000270571210422, 0.00803061202168, -0.00166387681384, 0.00436740694568, -0.00446939095855, 0.00572457350791, -0.00245530367829, 0.00312800658867, -0.00403481675312, 0.00473071075976, -0.00768846971914, 0.00324371107854, -0.00467402115464], [0.00104451319203, -0.00166387681384, 0.00452991202474, -0.00336216925643, 0.000426783721196, -0.00255085737444, 0.00154313456733, -0.00172741175629, 0.000609197537415, -0.00232062023133, 0.00285259704106, -0.00313801085576, 0.00448795501143], [-0.00144415243994, 0.00436740694568, -0.00336216925643, 0.00882724206895, -0.00206533144228, 0.00352290016599, -0.00151377194561, 0.00378405116498, -0.00528493104503, 0.00373999914154, -0.00481439661235, 0.00191731378436, -0.00669477786869], [0.000348840490915, -0.00446939095855, 0.000426783721196, -0.00206533144228, 0.00798382051289, -0.00207377434708, -0.00181789812632, -0.00307304924354, 0.00207819254138, -0.00153969659004, 0.00587126566097, -0.00130362354685, 0.000603224500082], [-0.000760590308346, 0.00572457350791, -0.00255085737444, 0.00352290016599, -0.00207377434708, 0.0107266353443, -0.00384622369893, 0.00139578210656, -0.0030696510803, 0.0041235582903, -0.00558753311634, 0.00185762799811, -0.00479170121253], [7.43584241718e-05, -0.00245530367829, 0.00154313456733, -0.00151377194561, -0.00181789812632, -0.00384622369893, 0.0103610865772, -0.00151055189781, -0.00080034538405, -0.000550116761588, -0.000523161899764, -0.00017161804135, 0.00317328190431], [-0.002008237876, 0.00312800658867, -0.00172741175629, 0.00378405116498, -0.00307304924354, 0.00139578210656, -0.00151055189781, 0.0140485679731, -0.00509462086484, 0.000180133443791, -0.000920374353882, 0.00109366269317, -0.00484805321321], [0.00160132301971, -0.00403481675312, 0.000609197537415, -0.00528493104503, 0.00207819254138, -0.0030696510803, -0.00080034538405, -0.00509462086484, 0.0132917035371, -0.00291160284542, 0.00385752483271, 0.000470913393656, 0.00255889166147], [-0.000717391201761, 0.00473071075976, -0.00232062023133, 0.00373999914154, -0.00153969659004, 0.0041235582903, -0.000550116761588, 0.000180133443791, -0.00291160284542, 0.0148904109374, -0.00567334517837, -0.000202711657039, -0.0017090117326], [1.17168574434e-05, -0.00768846971914, 0.00285259704106, -0.00481439661235, 0.00587126566097, -0.00558753311634, -0.000523161899764, -0.000920374353882, 0.00385752483271, -0.00567334517837, 0.0177818480879, -0.00271556875668, 0.00416651694104], [0.000211932201637, 0.00324371107854, -0.00313801085576, 0.00191731378436, -0.00130362354685, 0.00185762799811, -0.00017161804135, 0.00109366269317, 0.000470913393656, -0.000202711657039, -0.00271556875668, 0.0160051789135, -0.00418192707002], [0.00141129165422, -0.00467402115464, 0.00448795501143, -0.00669477786869, 0.000603224500082, -0.00479170121253, 0.00317328190431, -0.00484805321321, 0.00255889166147, -0.0017090117326, 0.00416651694104, -0.00418192707002, 0.017431827262]]
    },
    "melbands": {
        "dmean": [0.000506076030433, 0.00106281135231, 0.000571422977373, 0.000429367268225, 0.000182934687473, 0.000127503139083, 0.000154740191647, 0.000167175836395, 0.000155472676852, 0.000103721773485, 0.000123386649648, 0.000118519405078, 4.57767600892e-05, 4.92168001074e-05, 4.10585926147e-05, 5.11258549523e-05, 3.95370516344e-05, 3.10398390866e-05, 1.94545700651e-05, 1.45754847836e-05, 6.72227679388e-06, 3.41645340995e-06, 2.67802124654e-06, 5.38531185157e-06, 3.87281625081e-06, 2.26006227422e-06, 1.57908857545e-06, 2.94273445434e-06, 3.51253220288e-06, 8.02850991022e-07, 5.31423836492e-07, 6.40037853827e-07, 6.21239109933e-07, 1.25774818116e-06, 1.04812249901e-06, 9.84952066574e-07, 9.06111097265e-07, 1.07512255454e-06, 6.38383824025e-07, 4.46395262088e-07],
        "dmean2": [0.000755775603466, 0.0017290256219, 0.000889859860763, 0.000660150079057, 0.00027724870597, 0.000199325324502, 0.000232956954278, 0.000263801950496, 0.000251739256782, 0.000153178116307, 0.000168405327713, 0.00014993014338, 6.95528942742e-05, 7.25009667804e-05, 6.27325644018e-05, 7.43844211684e-05, 5.7164052123e-05, 4.78702168039e-05, 2.86455378955e-05, 2.1019612177e-05, 1.06170546132e-05, 5.48035768588e-06, 4.13253383158e-06, 7.85831343819e-06, 5.68614541407e-06, 3.32437298312e-06, 2.26909469347e-06, 4.36550999439e-06, 5.0000585361e-06, 1.23667769003e-06, 8.06178150015e-07, 9.57995212048e-07, 8.93806543445e-07, 1.78650020644e-06, 1.64193806995e-06, 1.46980255522e-06, 1.38829557272e-06, 1.61502782703e-06, 1.01016792087e-06, 7.39734161925e-07],
        "dvar": [7.25337940821e-07, 2.99673388326e-06, 6.32718240468e-07, 4.40744457819e-07, 1.05298852304e-07, 1.2241933689e-07, 2.17233733224e-07, 2.49913341577e-07, 2.45202556926e-07, 8.44168823733e-08, 1.40818357863e-07, 9.77029870342e-08, 1.55661687984e-08, 1.08501838625e-08, 1.812076178e-08, 3.44124124751e-08, 1.26004158219e-08, 8.50207371172e-09, 2.87972246049e-09, 2.43558040403e-09, 1.08250619579e-09, 4.57750504168e-11, 2.76312878827e-11, 1.1528867444e-10, 6.50544895731e-11, 2.07955735965e-11, 9.58289697595e-12, 4.2454512128e-11, 6.19737872132e-11, 3.28084196095e-12, 6.00546869178e-12, 8.38292976701e-12, 5.79903096029e-12, 3.06087724611e-11, 2.2668996888e-11, 1.65849955297e-11, 8.99212908995e-12, 9.01858882713e-12, 3.36471475681e-12, 1.81269669414e-12],
        "dvar2": [1.92810921362e-06, 7.69438793213e-06, 1.62399555848e-06, 1.04139814994e-06, 2.07802415275e-07, 3.06482917267e-07, 4.15723349079e-07, 6.46887372113e-07, 6.11914117599e-07, 1.76315765543e-07, 2.67483500238e-07, 1.31056921759e-07, 4.09168023907e-08, 2.41281092883e-08, 4.75602455197e-08, 7.16222885444e-08, 2.83784054034e-08, 1.9587881539e-08, 5.59616042395e-09, 4.25283763761e-09, 2.41244202392e-09, 1.09871327314e-10, 6.39405264846e-11, 2.46312442664e-10, 1.18073953392e-10, 3.96972107963e-11, 1.80327454358e-11, 7.90967777387e-11, 1.21833626521e-10, 7.36747815533e-12, 1.36454025162e-11, 1.74882712478e-11, 1.23879743269e-11, 6.24912274705e-11, 5.7617244309e-11, 4.07871687813e-11, 1.9605421453e-11, 1.86156524223e-11, 7.78678597296e-12, 4.56086514042e-12],
        "max": [0.0140107646585, 0.0254053547978, 0.0123970508575, 0.00913691148162, 0.00580241624266, 0.00823142658919, 0.0103496024385, 0.008336301893, 0.00990954320878, 0.00568755716085, 0.00831896811724, 0.00577942049131, 0.00230371626094, 0.00176177360117, 0.00229347753339, 0.00358481681906, 0.00140570767689, 0.00136851682328, 0.000882608175743, 0.00129954621661, 0.00103272323031, 0.000152676861035, 0.00010029112309, 0.000173833570443, 0.000140797783388, 7.81058915891e-05, 4.77001667605e-05, 7.05494021531e-05, 0.000110973312985, 2.34920516959e-05, 5.28853015567e-05, 5.8509001974e-05, 4.06811814173e-05, 0.000109641361632, 0.000100687539089, 7.28449012968e-05, 5.16687905474e-05, 5.50706172362e-05, 3.02267544612e-05, 1.73256030394e-05],
        "mean": [0.0020829886198, 0.00429817801341, 0.00163022719789, 0.00105273281224, 0.00043980742339, 0.00028081506025, 0.000314594188239, 0.000277009326965, 0.000264391303062, 0.000188598831301, 0.00026110507315, 0.000254610611591, 9.49550230871e-05, 9.76006776909e-05, 7.09197847755e-05, 8.69850409799e-05, 7.08597581252e-05, 5.20377943758e-05, 3.65250889445e-05, 2.78355382761e-05, 1.14570566438e-05, 6.53307461107e-06, 5.18009937878e-06, 1.11494819066e-05, 8.37371135276e-06, 4.55934241472e-06, 3.21494712807e-06, 5.65791879126e-06, 6.40868256596e-06, 1.2550823385e-06, 6.33060381006e-07, 7.98254006895e-07, 8.58330452047e-07, 1.85869248526e-06, 1.62415835803e-06, 1.40278154959e-06, 1.35557809244e-06, 1.60118827353e-06, 9.23831748878e-07, 5.47670822471e-07],
        "median": [0.0013692448847, 0.00243487115949, 0.00118907529395, 0.000691775698215, 0.000218686225708, 0.000109636734123, 0.000109845714178, 8.92752723303e-05, 8.26845644042e-05, 5.98720180278e-05, 4.0474908019e-05, 4.67317913717e-05, 2.25413768931e-05, 2.32228649111e-05, 1.53999371832e-05, 1.21216280604e-05, 9.53915969149e-06, 8.47554019856e-06, 8.80586594576e-06, 6.7644673436e-06, 3.49528750121e-06, 3.1852025586e-06, 2.07828088605e-06, 2.63370475295e-06, 1.76932655904e-06, 1.02368267108e-06, 7.5302989444e-07, 9.46131763158e-07, 7.40543271149e-07, 2.28091664667e-07, 8.89155344908e-08, 8.69318128593e-08, 1.06975349468e-07, 2.19720448058e-07, 2.10574896187e-07, 1.47448986354e-07, 2.48359299349e-07, 2.80837554101e-07, 1.2095355828e-07, 6.17527504687e-08],
        "min": [2.72458123618e-07, 2.58409272647e-06, 2.38396023633e-05, 1.85394892469e-05, 1.94973540601e-06, 2.65709377345e-06, 2.19137291424e-06, 1.90851483239e-06, 6.03450928338e-07, 3.80910620379e-07, 3.76096807031e-07, 3.18135931821e-07, 1.32241538608e-07, 1.00704291128e-07, 1.69197761579e-07, 7.70113288695e-08, 1.49172009856e-07, 1.15745145024e-07, 2.92837718519e-08, 5.60892239321e-08, 1.83268014098e-08, 1.22825714044e-08, 5.47620615521e-09, 3.53405860132e-09, 7.43013484072e-10, 4.59236343398e-10, 2.65546501454e-10, 2.2305708669e-10, 1.27100274749e-10, 1.01580646672e-10, 4.64784148668e-11, 4.10604224232e-11, 5.25442918342e-11, 3.25735688422e-11, 3.7108784795e-11, 3.88034673837e-11, 2.05407739429e-11, 1.79884874357e-11, 7.24431669166e-12, 2.16475654676e-13],
