{
"highlevel": {
    "danceability": {
        "all": {
            "danceable": 0.999028861523,
            "not_danceable": 0.00097114109667
        },
        "probability": 0.999028861523,
        "value": "danceable"
    },
    "gender": {
        "all": {
            "female": 0.910427331924,
            "male": 0.0895726531744
        },
        "probability": 0.910427331924,
        "value": "female"
    },
    "genre_dortmund": {
        "all": {
            "alternative": 0.0149321500212,
            "blues": 0.0156071465462,
            "electronic": 0.0766232311726,
            "folkcountry": 0.00761992996559,
            "funksoulrnb": 0.0129123423249,
            "jazz": 0.0341694578528,
            "pop": 0.0164914093912,
            "raphiphop": 0.789128065109,
            "rock": 0.0325162746012
        },
        "probability": 0.789128065109,
        "value": "raphiphop"
    },
    "genre_electronic": {
        "all": {
            "ambient": 0.091533459723,
            "dnb": 0.0463096499443,
            "house": 0.818964958191,
            "techno": 0.0130551885813,
            "trance": 0.0301367267966
        },
        "probability": 0.818964958191,
        "value": "house"
    },
    "genre_rosamerica": {
        "all": {
            "cla": 0.00444747786969,
            "dan": 0.170959070325,
            "hip": 0.0970279052854,
            "jaz": 0.00563618214801,
            "pop": 0.516648650169,
            "rhy": 0.159708380699,
            "roc": 0.0351803302765,
            "spe": 0.0103920288384
        },
        "probability": 0.516648650169,
        "value": "pop"
    },
    "genre_tzanetakis": {
        "all": {
            "blu": 0.0638493075967,
            "cla": 0.0547335855663,
            "cou": 0.0957924947143,
            "dis": 0.076644577086,
            "hip": 0.191622897983,
            "jaz": 0.191634103656,
            "met": 0.076642870903,
            "pop": 0.0958002284169,
            "reg": 0.0766394287348,
            "roc": 0.0766404941678
        },
        "probability": 0.191634103656,
        "value": "jaz"
    },
    "ismir04_rhythm": {
        "all": {
            "ChaChaCha": 0.789657950401,
            "Jive": 0.00748915225267,
            "Quickstep": 0.00540640903637,
            "Rumba-American": 0.017165966332,
            "Rumba-International": 0.0310002379119,
            "Rumba-Misc": 0.0104853445664,
            "Samba": 0.125583350658,
            "Tango": 0.00590192386881,
            "VienneseWaltz": 0.00561432912946,
            "Waltz": 0.00169532781001
        },
        "probability": 0.789657950401,
        "value": "ChaChaCha"
    },
    "mood_acoustic": {
        "all": {
            "acoustic": 0.0136935710907,
            "not_acoustic": 0.986306428909
        },
        "probability": 0.986306428909,
        "value": "not_acoustic"
    },
    "mood_aggressive": {
        "all": {
            "aggressive": 0.211191356182,
            "not_aggressive": 0.788808643818
        },
        "probability": 0.788808643818,
        "value": "not_aggressive"
    },
    "mood_electronic": {
        "all": {
            "electronic": 0.748511195183,
            "not_electronic": 0.251488804817
        },
        "probability": 0.748511195183,
        "value": "electronic"
    },
    "mood_happy": {
        "all": {
            "happy": 0.0312580391765,
            "not_happy": 0.968741953373
        },
        "probability": 0.968741953373,
        "value": "not_happy"
    },
    "mood_party": {
        "all": {
            "not_party": 0.289382100105,
            "party": 0.710617899895
        },
        "probability": 0.710617899895,
        "value": "party"
    },
    "mood_relaxed": {
        "all": {
            "not_relaxed": 0.22603815794,
            "relaxed": 0.77396184206
        },
        "probability": 0.77396184206,
        "value": "relaxed"
    },
    "mood_sad": {
        "all": {
            "not_sad": 0.749617397785,
            "sad": 0.250382602215
        },
        "probability": 0.749617397785,
        "value": "not_sad"
    },
    "moods_mirex": {
        "all": {
            "Cluster1": 0.211858734488,
            "Cluster2": 0.087244592607,
            "Cluster3": 0.305231422186,
            "Cluster4": 0.285411924124,
            "Cluster5": 0.110253326595
        },
        "probability": 0.305231422186,
        "value": "Cluster3"
    },
    "timbre": {
        "all": {
            "bright": 0.0603962987661,
            "dark": 0.939603686333
        },
        "probability": 0.939603686333,
        "value": "dark"
    },
    "tonal_atonal": {
        "all": {
            "atonal": 0.986858725548,
            "tonal": 0.0131412977353
        },
        "probability": 0.986858725548,
        "value": "atonal"
    },
    "voice_instrumental": {
        "all": {
            "instrumental": 0.030391190201,
            "voice": 0.969608783722
        },
        "probability": 0.969608783722,
        "value": "voice"
    }
},
"lowlevel": {
    "average_loudness": 0.892154633999,
    "barkbands_crest": {
        "dmean": 2.81865596771,
        "dmean2": 4.25981235504,
        "dvar": 11.2188777924,
        "dvar2": 21.0105667114,
        "max": 26.2634239197,
        "mean": 15.2705926895,
        "median": 15.6969394684,
        "min": 2.97566056252,
        "var": 35.5010757446
    },
    "barkbands_flatness_db": {
        "dmean": 0.0380845330656,
        "dmean2": 0.0508648231626,
        "dvar": 0.00131667812821,
        "dvar2": 0.00228826724924,
        "max": 0.564664304256,
        "mean": 0.234008386731,
        "median": 0.214992940426,
        "min": 0.0530882291496,
        "var": 0.0102588292211
    },
    "barkbands_kurtosis": {
        "dmean": 8.12964820862,
        "dmean2": 12.4679546356,
        "dvar": 389.21975708,
        "dvar2": 872.926513672,
        "max": 574.268371582,
        "mean": 11.7208423615,
        "median": 5.02573013306,
        "min": -1.81071519852,
        "var": 594.76953125
    },
    "barkbands_skewness": {
        "dmean": 0.946514189243,
        "dmean2": 1.38968729973,
        "dvar": 1.18994522095,
        "dvar2": 2.48596525192,
        "max": 17.8218650818,
        "mean": 2.44714450836,
        "median": 2.19301700592,
        "min": -3.28645277023,
        "var": 3.59275221825
    },
    "barkbands_spread": {
        "dmean": 8.51841068268,
        "dmean2": 12.9237508774,
        "dvar": 127.53250885,
        "dvar2": 296.170227051,
        "max": 84.7317123413,
        "mean": 16.6570892334,
        "median": 11.8217411041,
        "min": 0.186930805445,
        "var": 252.744445801
    },
    "dissonance": {
        "dmean": 0.0283872149885,
        "dmean2": 0.0476282387972,
        "dvar": 0.00110017380212,
        "dvar2": 0.00322092603892,
        "max": 0.5,
        "mean": 0.444855570793,
        "median": 0.464437395334,
        "min": 0.168505609035,
        "var": 0.00302828615531
    },
    "dynamic_complexity": 4.74501276016,
    "erbbands_crest": {
        "dmean": 2.8122355938,
        "dmean2": 4.40037107468,
        "dvar": 7.76122570038,
        "dvar2": 16.5505485535,
        "max": 30.1788978577,
        "mean": 9.25571060181,
        "median": 8.25151538849,
        "min": 2.39274382591,
        "var": 20.9110851288
    },
    "erbbands_flatness_db": {
        "dmean": 0.0279740635306,
        "dmean2": 0.0412937514484,
        "dvar": 0.000866367889103,
        "dvar2": 0.00160892831627,
        "max": 0.526592850685,
        "mean": 0.199572563171,
        "median": 0.180467531085,
        "min": 0.0583278015256,
        "var": 0.0102089000866
    },
    "erbbands_kurtosis": {
        "dmean": 1.32952797413,
        "dmean2": 2.12050580978,
        "dvar": 3.75781941414,
        "dvar2": 9.86782932281,
        "max": 34.5449485779,
        "mean": 0.823703289032,
        "median": 0.0715720653534,
        "min": -1.71106386185,
        "var": 6.95429134369
    },
    "erbbands_skewness": {
        "dmean": 0.529238581657,
        "dmean2": 0.822589099407,
        "dvar": 0.261324703693,
        "dvar2": 0.690792739391,
        "max": 4.48035287857,
        "mean": 0.203117877245,
        "median": 0.196998998523,
        "min": -2.78922390938,
        "var": 0.727803885937
    },
    "erbbands_spread": {
        "dmean": 12.9615077972,
        "dmean2": 20.0370159149,
        "dvar": 220.649398804,
        "dvar2": 500.666503906,
        "max": 134.673141479,
        "mean": 38.6043434143,
        "median": 34.4126014709,
        "min": 1.86673521996,
        "var": 598.498046875
    },
    "hfc": {
        "dmean": 19.9408340454,
        "dmean2": 29.1117630005,
        "dvar": 1254.75488281,
        "dvar2": 2700.81030273,
        "max": 400.714324951,
        "mean": 30.3850002289,
        "median": 14.5087480545,
        "min": 0.00194958609063,
        "var": 1929.23168945
    },
    "melbands_crest": {
        "dmean": 3.24972367287,
        "dmean2": 4.91144037247,
        "dvar": 17.0111026764,
        "dvar2": 34.7120246887,
        "max": 35.3500671387,
        "mean": 19.9969463348,
        "median": 19.9449214935,
        "min": 3.82785201073,
        "var": 54.5892791748
    },
    "melbands_flatness_db": {
        "dmean": 0.0471178330481,
        "dmean2": 0.0600866414607,
        "dvar": 0.00222395197488,
        "dvar2": 0.00380763225257,
        "max": 0.676099896431,
        "mean": 0.290134429932,
        "median": 0.271941870451,
        "min": 0.0280595626682,
        "var": 0.017005007714
    },
    "melbands_kurtosis": {
        "dmean": 17.113861084,
        "dmean2": 25.2471160889,
        "dvar": 885.825561523,
        "dvar2": 1892.08349609,
        "max": 451.922058105,
        "mean": 29.5724391937,
        "median": 14.9765758514,
        "min": -1.66815721989,
        "var": 1832.60070801
    },
    "melbands_skewness": {
        "dmean": 1.23966574669,
        "dmean2": 1.73893427849,
        "dvar": 1.91636371613,
        "dvar2": 4.14387607574,
        "max": 16.3496456146,
        "mean": 3.82044887543,
        "median": 3.37845349312,
        "min": -1.66412091255,
        "var": 7.07477235794
    },
    "melbands_spread": {
        "dmean": 8.93673324585,
        "dmean2": 13.7835025787,
        "dvar": 344.890106201,
        "dvar2": 826.064941406,
        "max": 212.949417114,
        "mean": 16.9140281677,
        "median": 9.61559581757,
        "min": 0.197307616472,
        "var": 576.727355957
    },
    "pitch_salience": {
        "dmean": 0.0856251642108,
        "dmean2": 0.133460775018,
        "dvar": 0.0109249940142,
        "dvar2": 0.0224982183427,
        "max": 0.934414684772,
        "mean": 0.456613689661,
        "median": 0.424894779921,
        "min": 0.0546715632081,
        "var": 0.0286948662251
    },
    "silence_rate_20dB": {
        "dmean": 0,
        "dmean2": 0,
        "dvar": 0,
        "dvar2": 0,
        "max": 1,
        "mean": 1,
        "median": 1,
        "min": 1,
        "var": 0
    },
    "silence_rate_30dB": {
        "dmean": 0.0913312658668,
        "dmean2": 0.182029440999,
        "dvar": 0.0829888656735,
        "dvar2": 0.172136038542,
        "max": 1,
        "mean": 0.681361198425,
        "median": 1,
        "min": 0,
        "var": 0.217108398676
    },
    "silence_rate_60dB": {
        "dmean": 0.0247678011656,
        "dmean2": 0.0495739728212,
        "dvar": 0.0241543557495,
        "dvar2": 0.0533126071095,
        "max": 1,
        "mean": 0.141531318426,
        "median": 0,
        "min": 0,
        "var": 0.121500603855
    },
    "spectral_centroid": {
        "dmean": 433.743133545,
        "dmean2": 658.016113281,
        "dvar": 309941.5625,
        "dvar2": 699942,
        "max": 4548.89355469,
        "mean": 1218.06262207,
        "median": 940.687927246,
        "min": 136.468170166,
        "var": 741554.75
    },
    "spectral_complexity": {
        "dmean": 5.70046424866,
        "dmean2": 8.3292016983,
        "dvar": 53.768611908,
        "dvar2": 95.1659851074,
        "max": 57,
        "mean": 16.2954368591,
        "median": 14,
        "min": 0,
        "var": 143.438171387
    },
    "spectral_decrease": {
        "dmean": 3.38557248902e-09,
        "dmean2": 5.10020958799e-09,
        "dvar": 3.78227110863e-17,
        "dvar2": 6.37433784188e-17,
        "max": -1.06564572704e-12,
        "mean": -1.5213204918e-08,
        "median": -1.05449311505e-08,
        "min": -5.88971644788e-08,
        "var": 1.89360793099e-16
    },
    "spectral_energy": {
        "dmean": 0.0136911701411,
        "dmean2": 0.0207509063184,
        "dvar": 0.000611509021837,
        "dvar2": 0.00107619899791,
        "max": 0.223556444049,
        "mean": 0.0601740851998,
        "median": 0.043892800808,
        "min": 4.39227278548e-06,
        "var": 0.00286139571108
    },
    "spectral_energyband_high": {
        "dmean": 0.00206283340231,
        "dmean2": 0.00310174631886,
        "dvar": 1.75325949385e-05,
        "dvar2": 3.75566123694e-05,
        "max": 0.0440663211048,
        "mean": 0.00214660470374,
        "median": 0.000204907511943,
        "min": 4.48172721157e-10,
        "var": 2.27782620641e-05
    },
    "spectral_energyband_low": {
        "dmean": 0.0099391406402,
        "dmean2": 0.0142241492867,
        "dvar": 0.000460541807115,
        "dvar2": 0.000649319728836,
        "max": 0.221471384168,
        "mean": 0.0433459579945,
        "median": 0.00566614838317,
        "min": 5.28354604512e-09,
        "var": 0.00232729362324
    },
    "spectral_energyband_middle_high": {
        "dmean": 0.00231864117086,
        "dmean2": 0.00343506573699,
        "dvar": 1.67823054653e-05,
        "dvar2": 4.08721061831e-05,
        "max": 0.0580204874277,
        "mean": 0.00421720743179,
        "median": 0.00206839945167,
        "min": 4.93720051509e-08,
        "var": 2.82594701275e-05
    },
    "spectral_energyband_middle_low": {
        "dmean": 0.00627367943525,
        "dmean2": 0.0109376925975,
        "dvar": 0.000137264607474,
        "dvar2": 0.000392463116441,
        "max": 0.0949091315269,
        "mean": 0.0115629984066,
        "median": 0.0100043313578,
        "min": 2.73438740805e-06,
        "var": 0.000128768195282
    },
    "spectral_entropy": {
        "dmean": 0.301348894835,
        "dmean2": 0.418667703867,
        "dvar": 0.102877922356,
        "dvar2": 0.171345546842,
        "max": 8.70528411865,
        "mean": 7.19000053406,
        "median": 7.30351352692,
        "min": 4.68692731857,
        "var": 0.844304382801
    },
    "spectral_flux": {
        "dmean": 0.0414151996374,
        "dmean2": 0.063066445291,
        "dvar": 0.00273811980151,
        "dvar2": 0.00594895193353,
        "max": 0.457759648561,
        "mean": 0.0938354060054,
        "median": 0.0720407366753,
        "min": 0.000396443530917,
        "var": 0.00688656559214
    },
    "spectral_kurtosis": {
        "dmean": 8.65615844727,
        "dmean2": 14.430560112,
        "dvar": 634.402160645,
        "dvar2": 1836.79882812,
        "max": 584.718688965,
        "mean": 26.8166713715,
        "median": 4.60485029221,
        "min": -0.633662939072,
        "var": 6023.35644531
    },
    "spectral_rms": {
        "dmean": 0.000992682296783,
        "dmean2": 0.00148234050721,
        "dvar": 2.76093874163e-06,
        "dvar2": 5.18098568136e-06,
        "max": 0.0147683387622,
        "mean": 0.00651007052511,
        "median": 0.00654387054965,
        "min": 6.54610121273e-05,
        "var": 1.63254662766e-05
    },
    "spectral_rolloff": {
        "dmean": 729.281982422,
        "dmean2": 1208.32861328,
        "dvar": 2194873.5,
        "dvar2": 4585487.5,
        "max": 12639.9902344,
        "mean": 1261.19799805,
        "median": 581.396484375,
        "min": 64.599609375,
        "var": 4188598
    },
    "spectral_skewness": {
        "dmean": 0.538044571877,
        "dmean2": 0.826578199863,
        "dvar": 0.483413130045,
        "dvar2": 1.22232043743,
        "max": 19.268995285,
        "mean": 2.68822264671,
        "median": 1.66621208191,
        "min": -0.509557425976,
        "var": 10.6860752106
    },
    "spectral_spread": {
        "dmean": 951983.9375,
        "dmean2": 1385476.5,
        "dvar": 1.2281249792e+12,
        "dvar2": 2.08760445338e+12,
        "max": 12781988,
        "mean": 4274725,
        "median": 3972013.25,
        "min": 162622.265625,
        "var": 4.63197752525e+12
    },
    "spectral_strongpeak": {
        "dmean": 0.292837798595,
        "dmean2": 0.510378956795,
        "dvar": 0.553814530373,
        "dvar2": 1.46627914906,
        "max": 10.1852016449,
        "mean": 0.711405456066,
        "median": 0.710567176342,
        "min": 0,
        "var": 0.526933312416
    },
    "zerocrossingrate": {
        "dmean": 0.0166378431022,
        "dmean2": 0.0181738212705,
        "dvar": 0.000609487004112,
        "dvar2": 0.000626525375992,
        "max": 0.4013671875,
        "mean": 0.0485902167857,
        "median": 0.03076171875,
        "min": 0.001953125,
        "var": 0.00305161462165
    },
    "barkbands": {
        "dmean": [0.000651566777378, 0.00928500667214, 0.00223198719323, 0.00155283499043, 0.00217662309296, 0.00159449339844, 0.000880622828845, 0.000809610355645, 0.000875845435075, 0.00046351031051, 0.000492268358357, 0.000296308309771, 0.00033012861968, 0.000281566870399, 0.000385974271921, 0.000329818023602, 0.000375367992092, 0.000219997484237, 0.000246352603426, 0.00031641498208, 0.000335033488227, 0.000448195729405, 0.000283957750071, 0.000447080703452, 0.000402856181609, 8.53675373946e-05, 1.32989868007e-07],
        "dmean2": [0.000932938652113, 0.0130551243201, 0.00411493889987, 0.00272002420388, 0.0037587385159, 0.00288894749247, 0.00149574817624, 0.00127994408831, 0.00132894155104, 0.000763046497013, 0.000745068013202, 0.000503500807099, 0.000529900833499, 0.000433226581663, 0.000596651574597, 0.0005288720713, 0.000555544334929, 0.000345343898516, 0.000392023153836, 0.000475709937746, 0.000524330127519, 0.000689170788974, 0.000415996619267, 0.000691562017892, 0.000619308033492, 0.000137700277264, 2.36580262936e-07],
        "dvar": [3.32298191097e-06, 0.000409781525377, 6.40726502752e-05, 1.48387534864e-05, 1.88832491403e-05, 2.05351389013e-05, 3.07068034999e-06, 2.97584188047e-06, 3.32618424181e-06, 1.42873011555e-06, 2.22554558604e-06, 6.32049477645e-07, 8.82727078988e-07, 4.46435421964e-07, 6.87744886818e-07, 4.75686334767e-07, 6.35050923847e-07, 2.21575930937e-07, 2.83496859765e-07, 3.84988453561e-07, 5.00865951381e-07, 9.39192489113e-07, 4.18325925011e-07, 1.16437240649e-06, 8.12491066426e-07, 5.0566050902e-08, 7.96987096544e-13],
        "dvar2": [5.65784375794e-06, 0.000549013435375, 0.000184195203474, 4.28615130659e-05, 5.42143898201e-05, 5.8941070165e-05, 8.19420529297e-06, 6.58427370581e-06, 7.37834989195e-06, 3.92065430788e-06, 4.98998588228e-06, 1.64540870173e-06, 1.93340702026e-06, 8.86929569788e-07, 1.36357550673e-06, 1.1278692682e-06, 1.19790865938e-06, 4.7709681894e-07, 7.19027639207e-07, 8.24227242902e-07, 1.15885541163e-06, 2.13039425034e-06, 8.18832745608e-07, 2.60853767031e-06, 1.73032901785e-06, 1.09350146715e-07, 2.18465480081e-12],
        "max": [0.0256911218166, 0.217457979918, 0.0956701263785, 0.0443073585629, 0.0438850522041, 0.0428612306714, 0.0234547331929, 0.022163182497, 0.0264861136675, 0.0173210725188, 0.0251177698374, 0.00988502241671, 0.0142683144659, 0.0135952197015, 0.0115048484877, 0.00831848476082, 0.0164129901677, 0.0108297411352, 0.0060872877948, 0.00856512412429, 0.00581572437659, 0.00752198509872, 0.00819845497608, 0.0118046458811, 0.0137086380273, 0.00264918548055, 1.70170515048e-05],
        "mean": [0.00193209643476, 0.0382552705705, 0.00219563976862, 0.00236415746622, 0.00369701185264, 0.00144171249121, 0.00112316431478, 0.00125211966224, 0.00140666100197, 0.00056096498156, 0.000629097863566, 0.000300225336105, 0.000387020321796, 0.000311672338285, 0.000519187597092, 0.000394625152694, 0.000521376612596, 0.000278470193734, 0.000270274991635, 0.000377476884751, 0.000323796906741, 0.00042003983981, 0.000294701952953, 0.000429771665949, 0.000402527773986, 8.49059870234e-05, 8.73534560242e-08],
        "median": [3.83427723136e-05, 0.00199927925132, 0.0001408396638, 0.000491364742629, 0.00175952806603, 0.000377150077838, 0.000423198798671, 0.000413532019593, 0.00048979226267, 0.000194570195163, 0.000128146682982, 9.60624820436e-05, 9.90522967186e-05, 6.91455425113e-05, 0.00011596805416, 8.8975080871e-05, 0.000124069716549, 7.62941272114e-05, 4.28586063208e-05, 5.70918964513e-05, 3.37268211297e-05, 3.46786764567e-05, 1.90431364899e-05, 1.91964682017e-05, 1.64873745234e-05, 2.14404212784e-06, 7.45229156163e-10],
        "min": [2.01995711824e-12, 2.89585383451e-10, 2.02864414156e-09, 6.17828854743e-09, 9.98240352601e-08, 7.48195247979e-07, 3.52943033022e-07, 1.41151081934e-08, 2.76903229235e-08, 8.54118553661e-09, 9.88326931406e-09, 9.65150515064e-10, 1.58764557057e-09, 3.2042207776e-10, 6.08369910005e-10, 1.65208124958e-10, 4.78947437266e-11, 3.42796971364e-11, 5.14701094245e-11, 4.41228373282e-11, 7.19387119319e-11, 9.01414845544e-11, 6.77150696626e-11, 1.10152607521e-11, 5.07786824741e-12, 6.46810903449e-12, 8.70962416771e-12],
        "var": [1.81715495273e-05, 0.00199758028612, 4.15269350924e-05, 1.45908934428e-05, 2.30807254411e-05, 1.32519826366e-05, 3.86292276744e-06, 5.98979067945e-06, 8.17281852505e-06, 1.32305990519e-06, 3.22447203871e-06, 5.55452459139e-07, 1.13320641049e-06, 6.5925371473e-07, 1.28954138745e-06, 6.94718494287e-07, 1.26369570808e-06, 3.97193105073e-07, 3.55149722964e-07, 5.82336497246e-07, 5.39905954611e-07, 1.01209968761e-06, 5.74931675601e-07, 1.35198604312e-06, 1.17880142625e-06, 6.51818368169e-08, 5.08166100345e-13]
    },
    "erbbands": {
        "dmean": [0.353319108486, 1.94103682041, 2.7609000206, 3.86652493477, 6.6907916069, 7.71074724197, 8.44752407074, 13.9638204575, 13.3735761642, 14.579662323, 15.857667923, 23.3676815033, 14.6742706299, 12.4553785324, 22.5684947968, 11.7079467773, 15.7791156769, 14.5155448914, 18.0248260498, 16.7479419708, 19.1192321777, 16.7847366333, 12.7852163315, 10.728811264, 13.7224245071, 15.6769132614, 14.553191185, 12.1305408478, 15.1226825714, 13.1567802429, 8.06820201874, 7.49701595306, 8.10015964508, 6.32378768921, 1.94408559799, 0.575291514397, 0.129787072539, 0.00703272968531, 0.000190300183021, 3.21574225381e-05],
        "dmean2": [0.453334212303, 2.87352275848, 4.85642385483, 6.9667263031, 11.5989704132, 12.9914207458, 15.1347675323, 25.4611740112, 22.9578380585, 23.4785308838, 25.172580719, 34.6939163208, 24.0413093567, 20.844285965, 33.3002815247, 19.3514614105, 25.3063735962, 21.7804145813, 28.2147045135, 25.5142059326, 29.5854568481, 25.5495948792, 19.5983390808, 17.3378047943, 21.37134552, 23.6576843262, 23.4279823303, 18.5548801422, 23.5226707458, 19.7841873169, 11.9765100479, 11.3987045288, 12.4223985672, 9.91873168945, 2.96304655075, 0.910472452641, 0.215907916427, 0.0118671804667, 0.000305723224301, 4.84784395667e-05],
        "dvar": [0.675526976585, 19.7048988342, 79.6903915405, 120.331489563, 178.498153687, 245.340042114, 531.57232666, 1604.90759277, 708.19140625, 1148.1776123, 921.160339355, 2678.32836914, 724.233154297, 2732.33447266, 4381.109375, 860.649597168, 2309.56323242, 1196.99975586, 1390.18920898, 1013.49688721, 1712.22216797, 1054.43823242, 763.966674805, 489.750152588, 887.089416504, 993.99407959, 901.230651855, 686.343444824, 986.832519531, 894.445800781, 365.91494751, 341.237243652, 351.272369385, 213.428573608, 19.8411998749, 2.29327011108, 0.137127518654, 0.000553173769731, 2.43719000537e-07, 3.27387361665e-09],
        "dvar2": [0.807276785374, 31.77850914, 217.060241699, 349.847137451, 515.390563965, 689.30871582, 1516.5423584, 4582.34667969, 1963.27209473, 2675.63256836, 2212.41845703, 5719.87158203, 1872.10766602, 7867.83203125, 9142.27636719, 2190.72875977, 5366.25146484, 2311.72558594, 3008.1887207, 2240.96264648, 3665.9050293, 2321.86694336, 1572.9786377, 1287.86499023, 2027.31201172, 2239.59570312, 2160.54833984, 1515.31542969, 2257.01147461, 2001.3972168, 726.054626465, 747.518371582, 766.735046387, 490.837585449, 38.612613678, 4.72162389755, 0.327677935362, 0.00135285384022, 5.79635866416e-07, 7.17943837714e-09],
        "max": [10.6679506302, 42.2363815308, 98.7461090088, 119.736923218, 153.482528687, 150.609451294, 195.811080933, 440.009063721, 224.753295898, 430.031616211, 517.295715332, 786.50604248, 256.661590576, 958.685546875, 1272.55212402, 345.066833496, 748.704162598, 723.976806641, 493.41696167, 435.875, 532.783630371, 455.685302734, 709.041137695, 234.9427948, 538.496276855, 383.843933105, 241.771591187, 244.297561646, 256.318267822, 274.962036133, 223.595275879, 190.77545166, 193.165435791, 242.044570923, 62.8521652222, 21.2023925781, 4.75016069412, 0.300767838955, 0.00564108369872, 0.000630174181424],
        "mean": [1.45970535278, 7.07246112823, 4.29536390305, 5.31882333755, 11.088514328, 12.813498497, 8.23326873779, 13.0105285645, 17.5743026733, 20.9290008545, 25.2346363068, 38.8836631775, 20.7346820831, 14.5420017242, 29.5463943481, 13.6546697617, 18.5152301788, 17.5903091431, 23.0582523346, 23.8557033539, 26.1557807922, 23.7119102478, 18.0861434937, 12.0844402313, 15.8350448608, 18.2819156647, 14.7369327545, 11.754611969, 14.3104486465, 12.5565338135, 8.26828765869, 7.15597677231, 8.01153564453, 6.01899576187, 2.05932354927, 0.600093245506, 0.121783711016, 0.00625915685669, 0.000205032119993, 8.5949744971e-05],
        "median": [0.0671554207802, 0.435797423124, 0.653348267078, 1.81015276909, 8.28491973877, 3.9290189743, 2.44231820107, 3.77359104156, 6.0916466713, 6.80287218094, 11.7947053909, 13.9476470947, 7.47270679474, 6.08401298523, 6.08793115616, 4.60879516602, 5.44176054001, 4.86676216125, 5.39238882065, 5.85663461685, 6.09849786758, 6.55807161331, 5.40656709671, 2.73568153381, 2.50940728188, 2.73811793327, 1.91260921955, 1.18385624886, 1.29351615906, 0.911543667316, 0.502289116383, 0.292873293161, 0.36100935936, 0.286003291607, 0.063805423677, 0.0178409349173, 0.00279842014425, 0.000176797882887, 4.87793513457e-05, 7.58188107284e-05],
        "min": [6.77945166672e-09, 1.92934095367e-07, 3.78021650249e-06, 1.85684311873e-05, 7.48122256482e-05, 0.000318949896609, 0.00139757897705, 0.00676990486681, 0.0125534413382, 0.000796357868239, 0.00105042033829, 0.00086087314412, 0.000669356784783, 0.000412588793552, 0.000396899122279, 0.000162392505445, 9.31846225285e-05, 2.34097806242e-05, 2.04225725611e-05, 4.19467469328e-05, 8.139782949e-06, 3.53881773663e-06, 3.07292452817e-06, 1.62548985827e-06, 3.49586048287e-06, 2.31297326536e-06, 3.07550862999e-06, 2.1911444037e-06, 3.36586549565e-06, 2.2268527573e-06, 2.23635788643e-06, 9.83034283308e-07, 4.05508615131e-07, 9.66613313835e-08, 6.22031066655e-08, 3.2883161083e-08, 1.53595749453e-08, 5.79884673613e-09, 3.78880571361e-09, 5.23817611509e-09],
        "var": [3.74331474304, 73.3346481323, 69.0559768677, 88.8630142212, 174.840240479, 366.630981445, 366.939880371, 1065.53930664, 755.012207031, 2078.71899414, 1514.12805176, 6623.70166016, 1125.47851562, 1789.26025391, 7248.77880859, 889.382263184, 2668.07617188, 1880.58483887, 2370.91088867, 2052.32910156, 3096.50927734, 1795.90795898, 1674.92321777, 541.900939941, 1282.98413086, 1388.51928711, 970.530090332, 767.620727539, 1062.43371582, 1009.07421875, 477.364318848, 389.249694824, 450.762481689, 269.46975708, 32.4324035645, 3.21595692635, 0.144181460142, 0.00049533037236, 2.53555526797e-07, 7.09111835917e-09]
    },
    "gfcc": {
        "mean": [-59.4844169617, 107.363861084, -114.150665283, 21.0388336182, -67.0519714355, 8.63832473755, -41.3663101196, 6.37947702408, -18.589263916, -3.75285577774, -16.8980808258, -9.0867729187, -4.43373346329],
        "cov": [[27964.0898438, -7258.99755859, -54.5408477783, 6074.26757812, 1435.54882812, 3423.60180664, 579.200683594, 2807.77539062, -276.71697998, 1373.29064941, -315.026763916, 780.334838867, -164.175613403], [-7258.99755859, 4739.26367188, 397.200256348, -1684.26184082, 500.155029297, -558.454101562, 683.346191406, -782.702453613, 744.519470215, -550.483947754, 346.000061035, -320.344696045, 312.44543457], [-54.5408477783, 397.200256348, 1248.59375, 217.823486328, 333.547821045, 386.668762207, 405.336364746, 213.424880981, 118.362060547, 182.731323242, 79.6170578003, 88.9641036987, 6.90584278107], [6074.26757812, -1684.26184082, 217.823486328, 2067.77783203, 620.627746582, 984.466064453, 368.913116455, 814.118713379, 112.512397766, 349.437957764, 37.2477226257, 138.298309326, 60.1335754395], [1435.54882812, 500.155029297, 333.547821045, 620.627746582, 831.112121582, 501.238037109, 536.135314941, 306.290130615, 340.748657227, 93.6925430298, 107.741027832, 35.3236427307, 126.900436401], [3423.60180664, -558.454101562, 386.668762207, 984.466064453, 501.238037109, 941.21887207, 539.790222168, 510.294403076, 199.542221069, 242.995697021, 104.663406372, 157.675964355, 62.0357551575], [579.200683594, 683.346191406, 405.336364746, 368.913116455, 536.135314941, 539.790222168, 760.178771973, 262.462860107, 363.508453369, 69.5354309082, 199.255828857, 51.8870925903, 128.339614868], [2807.77539062, -782.702453613, 213.424880981, 814.118713379, 306.290130615, 510.294403076, 262.462860107, 541.727966309, 85.7830581665, 230.748138428, 36.6691551208, 113.538581848, 35.4695930481], [-276.71697998, 744.519470215, 118.362060547, 112.512397766, 340.748657227, 199.542221069, 363.508453369, 85.7830581665, 399.868408203, 7.61298942566, 131.845062256, -8.63604450226, 151.079483032], [1373.29064941, -550.483947754, 182.731323242, 349.437957764, 93.6925430298, 242.995697021, 69.5354309082, 230.748138428, 7.61298942566, 245.147399902, 1.84661567211, 93.5092926025, -10.685667038], [-315.026763916, 346.000061035, 79.6170578003, 37.2477226257, 107.741027832, 104.663406372, 199.255828857, 36.6691551208, 131.845062256, 1.84661567211, 183.023864746, 15.1977357864, 80.6525650024], [780.334838867, -320.344696045, 88.9641036987, 138.298309326, 35.3236427307, 157.675964355, 51.8870925903, 113.538581848, -8.63604450226, 93.5092926025, 15.1977357864, 145.275985718, 0.215767502785], [-164.175613403, 312.44543457, 6.90584278107, 60.1335754395, 126.900436401, 62.0357551575, 128.339614868, 35.4695930481, 151.079483032, -10.685667038, 80.6525650024, 0.215767502785, 143.640777588]],
        "icov": [[0.000195668020751, -0.00012866796169, 0.000239508211962, -0.00035614692024, 1.62909800565e-05, -0.000457888701931, 0.000225733427214, -0.000379245873773, 0.00030490901554, -0.000194470063434, 0.000361652404536, -0.000328379828716, 0.000178684858838], [-0.00012866796169, 0.00192677404266, -0.000810631201603, 0.00133884709794, -0.00122563622426, 0.00082362635294, -0.00104102981277, 0.00157733669039, -0.00185352622066, 0.00158727925736, -0.00114887347445, 0.00169447180815, -0.0008818191709], [0.000239508211962, -0.000810631201603, 0.00166343920864, -0.000614832155406, 0.000172292027855, -0.000868900911883, 2.87604452751e-05, -0.000875292695127, 0.00129655341152, -0.00157834286802, 0.000714490481187, -0.000915231357794, 0.000747015699744], [-0.00035614692024, 0.00133884709794, -0.000614832155406, 0.00305537506938, -0.00142210850026, -0.00016484966909, -9.92799687083e-05, -0.000200171140023, -0.00108928547706, 0.0011002223473, -0.00135274266358, 0.00242000562139, -0.00111968477722], [1.62909800565e-05, -0.00122563622426, 0.000172292027855, -0.00142210850026, 0.00389666226692, -0.000368551816791, -0.000672930269502, -0.000919292506296, -0.000282599736238, -0.0006719364319, 0.00160453200806, -0.00088287825929, 0.000164210243383], [-0.000457888701931, 0.00082362635294, -0.000868900911883, -0.00016484966909, -0.000368551816791, 0.00568875903264, -0.00308918068185, 0.000795271596871, -0.00115403544623, 0.000268038042122, -0.000844041525852, -0.000790952646639, -6.27937624813e-05], [0.000225733427214, -0.00104102981277, 2.87604452751e-05, -9.92799687083e-05, -0.000672930269502, -0.00308918068185, 0.00614944472909, -0.00211012805812, -0.000934346928261, 0.00041919076466, -0.00167429097928, -0.000614279939327, 0.00147289352026], [-0.000379245873773, 0.00157733669039, -0.000875292695127, -0.000200171140023, -0.000919292506296, 0.000795271596871, -0.00211012805812, 0.00836362317204, -0.00148381479084, -0.00139441445936, -0.00080113398144, 0.000714779249392, -0.00154411490075], [0.00030490901554, -0.00185352622066, 0.00129655341152, -0.00108928547706, -0.000282599736238, -0.00115403544623, -0.000934346928261, -0.00148381479084, 0.00919186230749, -0.00262269703671, 0.000875077501405, -0.00051894277567, -0.00363031728193], [-0.000194470063434, 0.00158727925736, -0.00157834286802, 0.0011002223473, -0.0006719364319, 0.000268038042122, 0.00041919076466, -0.00139441445936, -0.00262269703671, 0.0101274987683, -0.00115732231643, -0.00127804174554, 0.000551704550162], [0.000361652404536, -0.00114887347445, 0.000714490481187, -0.00135274266358, 0.00160453200806, -0.000844041525852, -0.00167429097928, -0.00080113398144, 0.000875077501405, -0.00115732231643, 0.0105614671484, -0.00217933347449, -0.00284826965071], [-0.000328379828716, 0.00169447180815, -0.000915231357794, 0.00242000562139, -0.00088287825929, -0.000790952646639, -0.000614279939327, 0.000714779249392, -0.00051894277567, -0.00127804174554, -0.00217933347449, 0.0123969148844, -0.00188050873112], [0.000178684858838, -0.0008818191709, 0.000747015699744, -0.00111968477722, 0.000164210243383, -6.27937624813e-05, 0.00147289352026, -0.00154411490075, -0.00363031728193, 0.000551704550162, -0.00284826965071, -0.00188050873112, 0.0139257907867]]
    },
    "melbands": {
        "dmean": [0.0028103236109, 0.00168546894565, 0.000747384270653, 0.000536301755346, 0.000294322351692, 0.000312993506668, 0.000197347035282, 0.000162602926139, 0.00013387236686, 0.000143296187161, 7.13461704436e-05, 5.0826700317e-05, 6.95173366694e-05, 4.52928725281e-05, 2.78975621768e-05, 3.22135711031e-05, 2.87708644464e-05, 2.78278585029e-05, 2.79362830042e-05, 2.28574681387e-05, 2.52198915405e-05, 2.02697556233e-05, 1.40394258779e-05, 1.02545327536e-05, 8.77853835846e-06, 1.0161517821e-05, 1.06156758193e-05, 1.05422222987e-05, 9.66197330854e-06, 8.39084805193e-06, 6.45479940431e-06, 8.05849231256e-06, 9.48066372075e-06, 6.44678721073e-06, 4.50329753221e-06, 4.72241754323e-06, 4.64616232421e-06, 5.25008090335e-06, 6.82444124323e-06, 4.94934056405e-06],
        "dmean2": [0.0037735607475, 0.00268176500686, 0.00132910499815, 0.000920350081287, 0.000518226763234, 0.000567893963307, 0.000337148638209, 0.00025965840905, 0.000211697086343, 0.000212511033169, 0.000118366304378, 8.59405627125e-05, 0.000104832419311, 7.32727930881e-05, 4.50682637165e-05, 5.18656452186e-05, 4.35712317994e-05, 4.41850461357e-05, 4.23611854785e-05, 3.60272315447e-05, 3.88516709791e-05, 3.11304756906e-05, 2.17790966417e-05, 1.59643568622e-05, 1.44609748531e-05, 1.61149091582e-05, 1.59703122335e-05, 1.61104962899e-05, 1.59315513883e-05, 1.32502027554e-05, 9.81381253951e-06, 1.26990025819e-05, 1.46281718116e-05, 9.6558524092e-06, 6.76503850627e-06, 7.15028409104e-06, 7.09809182808e-06, 8.04235696705e-06, 1.08524909592e-05, 7.8033472164e-06],
        "dvar": [3.81256068067e-05, 1.9248940589e-05, 3.60609624295e-06, 1.07699281671e-06, 5.44654483292e-07, 7.70710357756e-07, 1.52857197122e-07, 1.47567106978e-07, 6.29353635873e-08, 1.08748785976e-07, 1.81212289618e-08, 4.63870044598e-08, 4.0140012203e-08, 1.35930724454e-08, 5.15464559925e-09, 8.59787085972e-09, 5.73339464793e-09, 3.42827766175e-09, 4.46735048953e-09, 2.12222972529e-09, 3.64473096148e-09, 1.72387326636e-09, 9.34086252791e-10, 4.29328878004e-10, 3.62553292943e-10, 5.57654755706e-10, 4.87551776729e-10, 4.73711958549e-10, 3.968390061e-10, 3.80412923384e-10, 1.86774873345e-10, 2.79035378137e-10, 4.63101917925e-10, 2.22446450149e-10, 1.12932871388e-10, 1.39182013137e-10, 1.3831458201e-10, 1.66975253069e-10, 2.4215332517e-10, 1.44713338535e-10],
        "dvar2": [4.71501771244e-05, 4.30558320659e-05, 1.04250084405e-05, 3.06879542222e-06, 1.54732231294e-06, 2.20377046389e-06, 4.20559416625e-07, 3.32958421723e-07, 1.53510498535e-07, 2.30758956832e-07, 4.70241268147e-08, 1.32982350465e-07, 8.85316069343e-08, 3.29757412487e-08, 1.15797602618e-08, 1.88730080453e-08, 1.10095763617e-08, 8.00677391055e-09, 8.7619396183e-09, 5.22782528378e-09, 7.70868968658e-09, 3.60116847453e-09, 2.22017093598e-09, 9.62964485929e-10, 9.76898895111e-10, 1.40052969222e-09, 1.01019659304e-09, 1.11142739456e-09, 9.85765025163e-10, 8.9143076254e-10, 4.07822831061e-10, 6.58432197653e-10, 1.04358632846e-09, 4.96922503146e-10, 2.17103557354e-10, 3.10213299493e-10, 3.12520925805e-10, 3.72066821797e-10, 5.6803212134e-10, 3.32422284144e-10],
        "max": [0.0711283460259, 0.0492566488683, 0.019730379805, 0.0102522829548, 0.0072168065235, 0.00917545426637, 0.00330943311565, 0.00496262544766, 0.00433106767014, 0.0052513256669, 0.00124317943119, 0.00385611830279, 0.00339063303545, 0.00155704002827, 0.000904753338546, 0.00135467946529, 0.00165479816496, 0.000786168442573, 0.0012101221364, 0.000591748801526, 0.000945778156165, 0.000752140593249, 0.000655596202705, 0.000325038708979, 0.000226558113354, 0.000325637374772, 0.000431821303209, 0.000262357469182, 0.00019727977633, 0.000163185803103, 0.000137964772875, 0.00012643559603, 0.000192229650565, 0.000155011817697, 0.000128667670651, 0.000147726314026, 0.000152439883095, 0.000147245431435, 0.000211053484236, 0.000215284948354],
        "mean": [0.0118443835527, 0.00467949500307, 0.00108792458195, 0.000933772709686, 0.000336289871484, 0.000294987054076, 0.000261123554083, 0.00023666927882, 0.000210342943319, 0.00023421550577, 9.51316251303e-05, 5.42099878658e-05, 8.92307798495e-05, 5.29142307641e-05, 3.11699805025e-05, 3.84562190447e-05, 3.22227824654e-05, 3.3188960515e-05, 3.67614156858e-05, 3.0201381378e-05, 3.2912921597e-05, 2.72997822321e-05, 1.9071103452e-05, 1.27068487927e-05, 9.12924770091e-06, 1.10958362711e-05, 1.23350355352e-05, 1.1976647329e-05, 9.67586311162e-06, 7.80499067332e-06, 6.29295664112e-06, 7.56111194278e-06, 8.83269331098e-06, 6.22087327429e-06, 4.71785097034e-06, 4.38167853645e-06, 4.35215088146e-06, 5.26806024936e-06, 6.29027817922e-06, 4.71645671496e-06],
        "median": [0.000556489510927, 0.000509075180162, 0.000519864144735, 0.000531448924448, 9.80932891252e-05, 8.12377402326e-05, 8.99940787349e-05, 7.48697566451e-05, 0.000101946265204, 7.88867109804e-05, 3.25125729432e-05, 2.0352379579e-05, 1.87667355931e-05, 1.4643556824e-05, 9.37743334362e-06, 9.96369999484e-06, 7.44110411688e-06, 7.39699135011e-06, 7.58042097004e-06, 6.85999339112e-06, 6.72317037242e-06, 6.71806719765e-06, 5.4470961004e-06, 3.14019575853e-06, 1.72560316969e-06, 1.62722301411e-06, 1.93751316147e-06, 1.63496952155e-06, 1.22345522868e-06, 6.85904012698e-07, 5.81012784551e-07, 6.60664568386e-07, 6.25194218173e-07, 4.28246465844e-07, 2.95703756592e-07, 1.85726364066e-07, 1.33022425075e-07, 2.0400884182e-07, 3.04252807837e-07, 1.94391887476e-07],
        "min": [6.29388000051e-11, 7.26079585345e-10, 5.08145214795e-09, 1.67327751655e-08, 4.09947062963e-08, 1.58112044346e-07, 1.75076067421e-07, 3.10418335481e-09, 6.46446274288e-09, 4.87741003141e-09, 1.70831093715e-09, 1.09219733258e-09, 1.42119127577e-09, 2.33954383644e-10, 2.91802637609e-10, 1.16722326249e-10, 3.13291233234e-11, 1.61276027255e-11, 4.46394171627e-11, 4.69200338304e-11, 2.52164803795e-12, 2.55992059148e-12, 1.70096564871e-12, 1.60491617825e-12, 9.13008167333e-13, 2.13095578509e-12, 1.94196199919e-12, 1.22770684678e-12, 1.52283719489e-12, 1.6846879794e-12, 1.14813432199e-12, 1.73806921546e-12, 1.17965533175e-12, 1.0570607974e-12, 9.76677072551e-13, 7.0388042183e-13, 1.70007969291e-13, 9.39471075804e-14, 7.34922444624e-14, 4.67876808802e-14],
