{
"highlevel": {
    "danceability": {
        "all": {
            "danceable": 0.995211064816,
            "not_danceable": 0.00478893052787
        },
        "probability": 0.995211064816,
        "value": "danceable"
    },
    "gender": {
        "all": {
            "female": 0.902478694916,
            "male": 0.0975213050842
        },
        "probability": 0.902478694916,
        "value": "female"
    },
    "genre_dortmund": {
        "all": {
            "alternative": 0.0078285690397,
            "blues": 0.00951095856726,
            "electronic": 0.177634462714,
            "folkcountry": 0.00731367571279,
            "funksoulrnb": 0.0139021668583,
            "jazz": 0.0721519440413,
            "pop": 0.0185451637954,
            "raphiphop": 0.68738847971,
            "rock": 0.005724593997
        },
        "probability": 0.68738847971,
        "value": "raphiphop"
    },
    "genre_electronic": {
        "all": {
            "ambient": 0.184191629291,
            "dnb": 0.13165794313,
            "house": 0.545475900173,
            "techno": 0.0448583066463,
            "trance": 0.0938162133098
        },
        "probability": 0.545475900173,
        "value": "house"
    },
    "genre_rosamerica": {
        "all": {
            "cla": 0.0118175297976,
            "dan": 0.252266287804,
            "hip": 0.499550789595,
            "jaz": 0.0175923146307,
            "pop": 0.0554924719036,
            "rhy": 0.146469980478,
            "roc": 0.00665732147172,
            "spe": 0.0101533122361
        },
        "probability": 0.499550789595,
        "value": "hip"
    },
    "genre_tzanetakis": {
        "all": {
            "blu": 0.0534286126494,
            "cla": 0.0296793803573,
            "cou": 0.0534212701023,
            "dis": 0.0445159301162,
            "hip": 0.133544236422,
            "jaz": 0.267067581415,
            "met": 0.0534032955766,
            "pop": 0.0534038804471,
            "reg": 0.0445042736828,
            "roc": 0.267031520605
        },
        "probability": 0.267067581415,
        "value": "jaz"
    },
    "ismir04_rhythm": {
        "all": {
            "ChaChaCha": 0.00856719072908,
            "Jive": 0.0290721394122,
            "Quickstep": 0.0114038316533,
            "Rumba-American": 0.00741004152223,
            "Rumba-International": 0.0385853797197,
            "Rumba-Misc": 0.00312106590718,
            "Samba": 0.892322540283,
            "Tango": 0.00132722081617,
            "VienneseWaltz": 0.00221868720837,
            "Waltz": 0.00597190484405
        },
        "probability": 0.892322540283,
        "value": "Samba"
    },
    "mood_acoustic": {
        "all": {
            "acoustic": 0.0880520120263,
            "not_acoustic": 0.911947965622
        },
        "probability": 0.911947965622,
        "value": "not_acoustic"
    },
    "mood_aggressive": {
        "all": {
            "aggressive": 0.16093558073,
            "not_aggressive": 0.83906441927
        },
        "probability": 0.83906441927,
        "value": "not_aggressive"
    },
    "mood_electronic": {
        "all": {
            "electronic": 0.974031627178,
            "not_electronic": 0.025968356058
        },
        "probability": 0.974031627178,
        "value": "electronic"
    },
    "mood_happy": {
        "all": {
            "happy": 0.455544829369,
            "not_happy": 0.544455170631
        },
        "probability": 0.544455170631,
        "value": "not_happy"
    },
    "mood_party": {
        "all": {
            "not_party": 0.237101212144,
            "party": 0.762898802757
        },
        "probability": 0.762898802757,
        "value": "party"
    },
    "mood_relaxed": {
        "all": {
            "not_relaxed": 0.644049465656,
            "relaxed": 0.355950534344
        },
        "probability": 0.644049465656,
        "value": "not_relaxed"
    },
    "mood_sad": {
        "all": {
            "not_sad": 0.831122994423,
            "sad": 0.168876990676
        },
        "probability": 0.831122994423,
        "value": "not_sad"
    },
    "moods_mirex": {
        "all": {
            "Cluster1": 0.222997635603,
            "Cluster2": 0.178156375885,
            "Cluster3": 0.0629933327436,
            "Cluster4": 0.0683364719152,
            "Cluster5": 0.467516183853
        },
        "probability": 0.467516183853,
        "value": "Cluster5"
    },
    "timbre": {
        "all": {
            "bright": 0.997104763985,
            "dark": 0.00289524323307
        },
        "probability": 0.997104763985,
        "value": "bright"
    },
    "tonal_atonal": {
        "all": {
            "atonal": 0.685066044331,
            "tonal": 0.314933985472
        },
        "probability": 0.685066044331,
        "value": "atonal"
    },
    "voice_instrumental": {
        "all": {
            "instrumental": 0.823960483074,
            "voice": 0.176039516926
        },
        "probability": 0.823960483074,
        "value": "instrumental"
    }
},
"lowlevel": {
    "average_loudness": 0.98098886013,
    "barkbands_crest": {
        "dmean": 3.59205007553,
        "dmean2": 5.61686706543,
        "dvar": 12.0079135895,
        "dvar2": 26.0078125,
        "max": 26.0017642975,
        "mean": 14.545592308,
        "median": 14.8169822693,
        "min": 2.37673425674,
        "var": 29.5168399811
    },
    "barkbands_flatness_db": {
        "dmean": 0.0335668362677,
        "dmean2": 0.050434589386,
        "dvar": 0.00115341832861,
        "dvar2": 0.00245046662167,
        "max": 0.369370996952,
        "mean": 0.175189077854,
        "median": 0.17316518724,
        "min": 0.0349387452006,
        "var": 0.00338625116274
    },
    "barkbands_kurtosis": {
        "dmean": 7.7529296875,
        "dmean2": 11.8332052231,
        "dvar": 202.250549316,
        "dvar2": 434.442840576,
        "max": 201.960189819,
        "mean": 9.87634754181,
        "median": 4.19276380539,
        "min": -1.86549592018,
        "var": 310.983123779
    },
    "barkbands_skewness": {
        "dmean": 1.05544435978,
        "dmean2": 1.56658887863,
        "dvar": 1.40947115421,
        "dvar2": 3.00973534584,
        "max": 13.415886879,
        "mean": 2.40630173683,
        "median": 2.09557008743,
        "min": -2.02209091187,
        "var": 3.34781932831
    },
    "barkbands_spread": {
        "dmean": 8.6936378479,
        "dmean2": 13.6972379684,
        "dvar": 107.531410217,
        "dvar2": 276.273040771,
        "max": 92.3457565308,
        "mean": 21.5640621185,
        "median": 19.1019668579,
        "min": 1.05548107624,
        "var": 187.706237793
    },
    "dissonance": {
        "dmean": 0.0181796588004,
        "dmean2": 0.0304802022874,
        "dvar": 0.000284686189843,
        "dvar2": 0.000782187562436,
        "max": 0.499998897314,
        "mean": 0.467057406902,
        "median": 0.47163194418,
        "min": 0.370337933302,
        "var": 0.000446986843599
    },
    "dynamic_complexity": 2.59729814529,
    "erbbands_crest": {
        "dmean": 3.26387286186,
        "dmean2": 5.1535115242,
        "dvar": 8.17777633667,
        "dvar2": 19.4147548676,
        "max": 32.352973938,
        "mean": 9.60416889191,
        "median": 8.42451000214,
        "min": 2.39399147034,
        "var": 22.364107132
    },
    "erbbands_flatness_db": {
        "dmean": 0.0235754009336,
        "dmean2": 0.0338115692139,
        "dvar": 0.000498096749652,
        "dvar2": 0.000951806199737,
        "max": 0.291171371937,
        "mean": 0.145665898919,
        "median": 0.144013404846,
        "min": 0.0503146722913,
        "var": 0.00176981638651
    },
    "erbbands_kurtosis": {
        "dmean": 1.25541543961,
        "dmean2": 2.04993796349,
        "dvar": 4.38335895538,
        "dvar2": 11.5946559906,
        "max": 29.2344474792,
        "mean": 0.416574954987,
        "median": -0.262818098068,
        "min": -1.78517138958,
        "var": 6.71149730682
    },
    "erbbands_skewness": {
        "dmean": 0.464834302664,
        "dmean2": 0.72745770216,
        "dvar": 0.234076693654,
        "dvar2": 0.609895288944,
        "max": 2.91954255104,
        "mean": 0.145162269473,
        "median": 0.182417497039,
        "min": -2.80641937256,
        "var": 0.499247550964
    },
    "erbbands_spread": {
        "dmean": 15.8621644974,
        "dmean2": 23.0598812103,
        "dvar": 363.671386719,
        "dvar2": 827.174255371,
        "max": 167.68421936,
        "mean": 49.9633026123,
        "median": 43.3633995056,
        "min": 3.5204205513,
        "var": 773.342407227
    },
    "hfc": {
        "dmean": 10.6529397964,
        "dmean2": 16.3402061462,
        "dvar": 345.936004639,
        "dvar2": 895.853515625,
        "max": 126.598251343,
        "mean": 16.5167446136,
        "median": 11.0170679092,
        "min": 0.21852940321,
        "var": 342.502593994
    },
    "melbands_crest": {
        "dmean": 4.52523088455,
        "dmean2": 7.11150836945,
        "dvar": 19.4860477448,
        "dvar2": 44.3184928894,
        "max": 37.3707237244,
        "mean": 21.2403659821,
        "median": 21.5866584778,
        "min": 4.03949213028,
        "var": 59.6526107788
    },
    "melbands_flatness_db": {
        "dmean": 0.0419903583825,
        "dmean2": 0.0626255050302,
        "dvar": 0.00202059932053,
        "dvar2": 0.00448111305013,
        "max": 0.46203777194,
        "mean": 0.235046982765,
        "median": 0.236142665148,
        "min": 0.0470572635531,
        "var": 0.00585789838806
    },
    "melbands_kurtosis": {
        "dmean": 25.2578334808,
        "dmean2": 38.6217498779,
        "dvar": 1783.00891113,
        "dvar2": 3983.86181641,
        "max": 510.976928711,
        "mean": 35.1993331909,
        "median": 16.7843952179,
        "min": -1.71033406258,
        "var": 2681.00317383
    },
    "melbands_skewness": {
        "dmean": 1.67996203899,
        "dmean2": 2.49101638794,
        "dvar": 3.8418674469,
        "dvar2": 8.45217609406,
        "max": 17.9935035706,
        "mean": 4.28690290451,
        "median": 3.60934710503,
        "min": -0.554615080357,
        "var": 8.36206054688
    },
    "melbands_spread": {
        "dmean": 10.0004758835,
        "dmean2": 16.4026470184,
        "dvar": 275.406707764,
        "dvar2": 716.872131348,
        "max": 147.065597534,
        "mean": 19.3763160706,
        "median": 14.3429574966,
        "min": 0.729365706444,
        "var": 332.826263428
    },
    "pitch_salience": {
        "dmean": 0.106062546372,
        "dmean2": 0.167951196432,
        "dvar": 0.0117717757821,
        "dvar2": 0.0272086132318,
        "max": 0.892189204693,
        "mean": 0.433917582035,
        "median": 0.438593327999,
        "min": 0.056042637676,
        "var": 0.0260655749589
    },
    "silence_rate_20dB": {
        "dmean": 0,
        "dmean2": 0,
        "dvar": 0,
        "dvar2": 0,
        "max": 1,
        "mean": 1,
        "median": 1,
        "min": 1,
        "var": 0
    },
    "silence_rate_30dB": {
        "dmean": 0.0247678011656,
        "dmean2": 0.0495739728212,
        "dvar": 0.0241546873003,
        "dvar2": 0.0548617765307,
        "max": 1,
        "mean": 0.977571547031,
        "median": 1,
        "min": 0,
        "var": 0.0219256561249
    },
    "silence_rate_60dB": {
        "dmean": 0.0572755411267,
        "dmean2": 0.113090626895,
        "dvar": 0.0539951920509,
        "dvar2": 0.117341242731,
        "max": 1,
        "mean": 0.0835266858339,
        "median": 0,
        "min": 0,
        "var": 0.0765489861369
    },
    "spectral_centroid": {
        "dmean": 398.236053467,
        "dmean2": 613.601013184,
        "dvar": 220025.6875,
        "dvar2": 578508,
        "max": 3665.48754883,
        "mean": 1384.87060547,
        "median": 1281.89880371,
        "min": 284.979095459,
        "var": 444700.65625
    },
    "spectral_complexity": {
        "dmean": 5.11919498444,
        "dmean2": 7.9024014473,
        "dvar": 44.8093566895,
        "dvar2": 95.9421081543,
        "max": 50,
        "mean": 13.717710495,
        "median": 12,
        "min": 0,
        "var": 76.0386962891
    },
    "spectral_decrease": {
        "dmean": 4.01570510178e-09,
        "dmean2": 5.9213718373e-09,
        "dvar": 3.27719528835e-17,
        "dvar2": 6.47226345326e-17,
        "max": -5.39958286416e-11,
        "mean": -8.24426482637e-09,
        "median": -6.13456085929e-09,
        "min": -4.18613694819e-08,
        "var": 5.8445756434e-17
    },
    "spectral_energy": {
        "dmean": 0.0157768707722,
        "dmean2": 0.0230289138854,
        "dvar": 0.000487725512357,
        "dvar2": 0.000960994162597,
        "max": 0.159672573209,
        "mean": 0.0326138809323,
        "median": 0.0244461651891,
        "min": 0.000229982251767,
        "var": 0.000882075924892
    },
    "spectral_energyband_high": {
        "dmean": 0.000896939076483,
        "dmean2": 0.0014156299876,
        "dvar": 3.51296239387e-06,
        "dvar2": 9.40480276768e-06,
        "max": 0.0158770401031,
        "mean": 0.0010028379038,
        "median": 0.000412876572227,
        "min": 1.92555944523e-06,
        "var": 2.89854938273e-06
    },
    "spectral_energyband_low": {
        "dmean": 0.00961868930608,
        "dmean2": 0.015366377309,
        "dvar": 0.000357105163857,
        "dvar2": 0.000752468244173,
        "max": 0.154142126441,
        "mean": 0.0186122935265,
        "median": 0.0118029173464,
        "min": 9.89120417216e-06,
        "var": 0.000607164634857
    },
    "spectral_energyband_middle_high": {
        "dmean": 0.00178500893526,
        "dmean2": 0.00290939374827,
        "dvar": 7.26913185645e-06,
        "dvar2": 1.94396361621e-05,
        "max": 0.0267435591668,
        "mean": 0.00311324838549,
        "median": 0.00197500921786,
        "min": 4.25140751759e-05,
        "var": 1.16156579679e-05
    },
    "spectral_energyband_middle_low": {
        "dmean": 0.00766336452216,
        "dmean2": 0.0108230756596,
        "dvar": 0.000221530484851,
        "dvar2": 0.000451262516435,
        "max": 0.104581527412,
        "mean": 0.0107353869826,
        "median": 0.00408829795197,
        "min": 9.30059104576e-05,
        "var": 0.00033547935891
    },
    "spectral_entropy": {
        "dmean": 0.217397406697,
        "dmean2": 0.3278619349,
        "dvar": 0.0483389943838,
        "dvar2": 0.107403732836,
        "max": 8.61106109619,
        "mean": 7.56064224243,
        "median": 7.54493331909,
        "min": 6.24613571167,
        "var": 0.131674945354
    },
    "spectral_flux": {
        "dmean": 0.0455403998494,
        "dmean2": 0.073053508997,
        "dvar": 0.00290327100083,
        "dvar2": 0.00669131940231,
        "max": 0.349242329597,
        "mean": 0.0927154645324,
        "median": 0.0729506909847,
        "min": 0.00728301471099,
        "var": 0.00465723127127
    },
    "spectral_kurtosis": {
        "dmean": 1.46950769424,
        "dmean2": 2.36538767815,
        "dvar": 2.30512356758,
        "dvar2": 5.76943731308,
        "max": 19.4331531525,
        "mean": 3.23619508743,
        "median": 2.8209271431,
        "min": -1.02211928368,
        "var": 4.52105665207
    },
    "spectral_rms": {
        "dmean": 0.00129120983183,
        "dmean2": 0.00179792707786,
        "dvar": 2.57421061178e-06,
        "dvar2": 4.47406409876e-06,
        "max": 0.0124811101705,
        "mean": 0.0050666294992,
        "median": 0.0048836376518,
        "min": 0.000473680207506,
        "var": 6.14759528617e-06
    },
    "spectral_rolloff": {
        "dmean": 679.230651855,
        "dmean2": 1185.47814941,
        "dvar": 1399895.875,
        "dvar2": 3426534.5,
        "max": 9883.74023438,
        "mean": 1084.6217041,
        "median": 602.9296875,
        "min": 43.06640625,
        "var": 1745943.125
    },
    "spectral_skewness": {
        "dmean": 0.243451714516,
        "dmean2": 0.383916020393,
        "dvar": 0.053105674684,
        "dvar2": 0.120050832629,
        "max": 3.22321391106,
        "mean": 1.34215736389,
        "median": 1.29588592052,
        "min": 0.48426002264,
        "var": 0.139792993665
    },
    "spectral_spread": {
        "dmean": 894097.125,
        "dmean2": 1241218.375,
        "dvar": 1.22958485914e+12,
        "dvar2": 2.28926501683e+12,
        "max": 12883239,
        "mean": 5043563,
        "median": 4587895,
        "min": 2184186.25,
        "var": 3.24234824909e+12
    },
    "spectral_strongpeak": {
        "dmean": 0.331238865852,
        "dmean2": 0.536771476269,
        "dvar": 0.411989182234,
        "dvar2": 0.936218798161,
        "max": 8.1188659668,
        "mean": 0.596958816051,
        "median": 0.310035735369,
        "min": 0,
        "var": 0.640308260918
    },
    "zerocrossingrate": {
        "dmean": 0.0130687039346,
        "dmean2": 0.0154756037518,
        "dvar": 0.000212837141589,
        "dvar2": 0.000244139082497,
        "max": 0.2939453125,
        "mean": 0.0491185262799,
        "median": 0.04345703125,
        "min": 0.00439453125,
        "var": 0.000995267764665
    },
    "barkbands": {
        "dmean": [0.00106022984255, 0.00759257096797, 0.00200486672111, 0.00246867141686, 0.00453544873744, 0.000901022285689, 0.000381188117899, 0.000302476080833, 0.000303035747493, 0.000103915102954, 0.000252842553891, 0.000334647193085, 0.000276817008853, 0.000323561544064, 0.000214081228478, 0.000174345885171, 0.000246784155024, 0.000266765942797, 0.00024410180049, 0.000249499862548, 0.000209940524655, 0.000142128643347, 0.000133599081892, 0.000129363266751, 0.000112255373097, 8.13099250081e-05, 2.85745869633e-07],
        "dmean2": [0.00164364697412, 0.0120560899377, 0.00364398211241, 0.00393930170685, 0.00630186218768, 0.00146307749674, 0.000622888095677, 0.00048738962505, 0.000488469726406, 0.000170473038452, 0.000394847127609, 0.00046700128587, 0.000429374311352, 0.000510021171067, 0.000359391357051, 0.000303934299154, 0.000446320133051, 0.000468177022412, 0.000432690605521, 0.000445498124463, 0.000352819653926, 0.000225925381528, 0.000209629055462, 0.000207304197829, 0.000174473010702, 0.000135127280373, 5.03523381212e-07],
        "dvar": [5.03006413055e-06, 0.000271887663985, 3.93747686758e-05, 6.92777830409e-05, 0.000118988667964, 2.56569774137e-06, 6.36523509456e-07, 2.72087277153e-07, 2.9007668445e-07, 5.34448219014e-08, 5.32854585344e-07, 5.59326963412e-07, 3.44486437598e-07, 6.08219295373e-07, 2.06164145311e-07, 1.97599305807e-07, 3.83393853554e-07, 4.23348325285e-07, 3.4679737837e-07, 8.25780887226e-07, 2.77496184253e-07, 1.01375796646e-07, 7.2395010875e-08, 9.77158762794e-08, 9.5986806059e-08, 5.41536344656e-08, 8.7559218773e-13],
        "dvar2": [1.10869195851e-05, 0.000543304719031, 0.000111329769425, 0.000158139722771, 0.000226991367526, 6.39898553345e-06, 1.41868486025e-06, 6.16843465195e-07, 6.75182604937e-07, 1.28819110046e-07, 1.16203830203e-06, 8.50198205171e-07, 7.98260032298e-07, 1.41566408729e-06, 5.37293658454e-07, 5.30620695827e-07, 1.07265100269e-06, 1.20329184483e-06, 9.8277860161e-07, 2.41711131821e-06, 7.78281901148e-07, 2.64529944616e-07, 1.77032106308e-07, 2.57495969436e-07, 2.31878061641e-07, 1.44644516809e-07, 2.34411990686e-12],
        "max": [0.0224200487137, 0.149269968271, 0.0459970980883, 0.0842755511403, 0.0903891175985, 0.0192316975445, 0.0128414984792, 0.00782727357, 0.0076895095408, 0.00598644837737, 0.0128048472106, 0.0232741087675, 0.00756841246039, 0.0145622612908, 0.00469171069562, 0.00513535737991, 0.0052462243475, 0.00556498486549, 0.0050334809348, 0.0089133894071, 0.00540631171316, 0.00276435911655, 0.00266949087381, 0.0034587897826, 0.00332169025205, 0.00201870664023, 1.02725316538e-05],
        "mean": [0.00173957052175, 0.0143747068942, 0.00166958209593, 0.00237740506418, 0.00577224558219, 0.00123627576977, 0.000463920558104, 0.000424578174716, 0.000431025400758, 0.000137773633469, 0.000334819109412, 0.000552911602426, 0.000369228160707, 0.000482704606839, 0.000247724383371, 0.000181380484719, 0.00021963987092, 0.000280888401903, 0.000230599631323, 0.000247079209657, 0.000226789838052, 0.00013871997362, 0.000141531258123, 0.000150513820699, 0.000113924790639, 6.81141900714e-05, 1.92626870898e-07],
        "median": [0.000259165797615, 0.00967230182141, 0.000142092758324, 7.60544498917e-05, 0.0007875735173, 0.000441431300715, 0.000128023064462, 0.000158509181347, 0.000174956061528, 5.77563769184e-05, 0.000101808691397, 0.000176166271558, 0.00012115167192, 7.48843158362e-05, 6.82089375914e-05, 5.5486412748e-05, 4.48255959782e-05, 8.0067125964e-05, 7.1247384767e-05, 8.01237329142e-05, 7.07817962393e-05, 2.42511850956e-05, 3.74981173081e-05, 5.79422157898e-05, 1.74109682121e-05, 4.09435597248e-06, 9.54863077496e-10],
        "min": [3.86247691608e-08, 1.3144950799e-06, 1.50537516674e-07, 3.02574562738e-07, 4.52918220617e-06, 2.78042762147e-06, 1.51789140546e-06, 2.61780019173e-06, 2.9043496852e-06, 1.50167227275e-06, 1.24242649235e-06, 4.51277901448e-06, 9.12803386655e-07, 1.56026010245e-06, 8.11132736089e-07, 4.60666711888e-07, 4.86588589865e-07, 7.22022036825e-07, 7.3833712122e-07, 6.29442297395e-07, 4.2463994987e-07, 2.01285587309e-07, 5.62558499784e-10, 1.06578667669e-07, 6.62700033738e-11, 2.07114082829e-11, 5.64944228551e-12],
        "var": [9.8568307294e-06, 0.000438834365923, 2.55341219599e-05, 6.83431644575e-05, 0.000202462892048, 3.95963161282e-06, 1.04982564153e-06, 5.42603061149e-07, 5.25471023138e-07, 8.15306435697e-08, 8.18636237909e-07, 2.20131687456e-06, 5.78795322781e-07, 1.76332025603e-06, 2.66483823452e-07, 1.71285620354e-07, 3.03753353137e-07, 3.34917643841e-07, 2.39885196152e-07, 4.75328619132e-07, 1.98411257202e-07, 8.68178773317e-08, 7.00954458921e-08, 8.33886062424e-08, 9.37486248631e-08, 4.19011101371e-08, 5.92517463045e-13]
    },
    "erbbands": {
        "dmean": [0.333953469992, 1.40942668915, 2.42435145378, 5.08930253983, 17.4471664429, 11.2651538849, 8.24572277069, 6.80811214447, 4.62798881531, 6.36105155945, 7.21049451828, 6.49033880234, 3.53124022484, 6.62663125992, 9.49384880066, 12.3147516251, 12.6906433105, 16.2982273102, 9.73104858398, 11.3680696487, 8.83122634888, 14.514131546, 13.2113609314, 15.4275846481, 10.3850355148, 11.0325231552, 11.0345439911, 7.40861558914, 5.21738767624, 3.70563745499, 3.85377192497, 2.92018127441, 2.05127644539, 1.2309025526, 0.824153721333, 0.404268682003, 0.160434603691, 0.0115669518709, 0.000251879828284, 3.08636954287e-05],
        "dmean2": [0.526174604893, 2.15991854668, 4.21415138245, 8.32707118988, 24.8456001282, 16.1020450592, 13.2828912735, 11.2499513626, 7.69491481781, 10.1943864822, 11.1884040833, 10.4418058395, 5.8360490799, 10.6701383591, 14.435713768, 17.1412811279, 18.7761821747, 24.9552459717, 15.7826070786, 19.6065692902, 15.2915039062, 25.9804267883, 22.9292697906, 27.5666503906, 18.4348220825, 19.4527378082, 18.8360328674, 12.6271781921, 8.32792854309, 5.65399980545, 6.16790437698, 4.74343776703, 3.26221609116, 1.99457788467, 1.30863749981, 0.668918430805, 0.265523672104, 0.0195766668767, 0.000409937696531, 4.71391431347e-05],
        "dvar": [0.492024242878, 12.3798370361, 53.2159805298, 198.25994873, 1670.15270996, 771.882324219, 192.514144897, 222.827713013, 79.1750259399, 169.858795166, 135.681732178, 134.471343994, 50.2592468262, 222.579238892, 883.879089355, 725.08605957, 657.444396973, 1566.60998535, 327.408355713, 845.365112305, 440.813415527, 1231.57189941, 841.012878418, 1679.44848633, 850.331054688, 1366.99694824, 1233.24328613, 311.086242676, 143.637008667, 45.7218742371, 63.9278144836, 40.7566108704, 28.3202972412, 10.4675645828, 5.78399991989, 1.54946959019, 0.169107839465, 0.000954215764068, 4.12155657159e-07, 3.02980529554e-09],
        "dvar2": [1.10737156868, 24.5715370178, 145.294158936, 478.60760498, 3455.27563477, 1549.62854004, 491.328582764, 550.393920898, 185.818008423, 405.329101562, 298.204681396, 325.917297363, 131.807617188, 498.212432861, 1820.22631836, 1097.43847656, 1295.12658691, 3478.43066406, 845.562133789, 2346.7434082, 1203.12902832, 3453.31445312, 2339.44555664, 4816.69824219, 2441.42480469, 3979.74560547, 3554.328125, 862.720153809, 378.048156738, 105.885627747, 159.643997192, 107.492034912, 73.8626098633, 26.2790374756, 13.8821191788, 4.09100246429, 0.434443384409, 0.00253538438119, 1.0610319805e-06, 6.80947298548e-09],
        "max": [6.61250591278, 31.8882083893, 55.6769752502, 122.052032471, 295.066589355, 238.268814087, 148.443908691, 235.308151245, 146.641677856, 177.236465454, 160.052764893, 129.658447266, 135.011459351, 251.966247559, 668.04510498, 816.961853027, 411.872314453, 867.868774414, 226.5025177, 279.016052246, 204.213043213, 306.861175537, 259.630126953, 351.388061523, 281.592041016, 365.76361084, 380.270050049, 137.177490234, 108.011009216, 48.2444572449, 85.5009307861, 63.6574020386, 62.2733154297, 27.784570694, 28.0004806519, 11.4089574814, 3.78340244293, 0.320839345455, 0.00540480203927, 0.00049276498612],
        "mean": [0.627177834511, 2.35444664955, 2.27706050873, 5.2338886261, 18.5542640686, 14.9808959961, 12.6173391342, 8.75354862213, 5.61225748062, 8.08102035522, 10.8435993195, 9.29463672638, 4.80995321274, 8.91908836365, 14.1262645721, 21.1749649048, 19.4720363617, 25.6111354828, 14.3693914413, 12.2314853668, 9.87513446808, 13.8029184341, 14.467508316, 14.977848053, 9.95063686371, 11.2267370224, 11.5360517502, 7.51738262177, 5.13457298279, 4.16005182266, 3.9463698864, 3.28435087204, 2.37337398529, 1.25600028038, 0.784901022911, 0.351919800043, 0.134352892637, 0.0094238249585, 0.000224354371312, 5.08950470248e-05],
        "median": [0.372905284166, 1.50454628468, 0.494399040937, 0.262414187193, 0.758733928204, 2.84817361832, 4.62392711639, 3.1359744072, 2.05889344215, 2.94490027428, 4.65469169617, 3.9761941433, 2.36127877235, 3.45298671722, 4.94816112518, 6.91143369675, 7.16215515137, 5.43670129776, 3.73275327682, 3.83239674568, 3.39202833176, 3.0309343338, 4.27370977402, 5.02753067017, 3.4026222229, 3.70712304115, 3.35422158241, 2.43488335609, 0.965255379677, 0.868439376354, 1.06293106079, 1.22059953213, 0.795714616776, 0.275214344263, 0.0695535168052, 0.0224077049643, 0.0076647773385, 0.000400254968554, 2.67293598881e-05, 3.12834490614e-05],
        "min": [3.42863531841e-05, 0.000342048762832, 0.000772846571635, 0.00564261712134, 0.00833644997329, 0.0287058446556, 0.0605016574264, 0.0378867611289, 0.0706456229091, 0.0700794458389, 0.149635314941, 0.126755312085, 0.0969807952642, 0.100050464272, 0.0825020298362, 0.153146848083, 0.0955214500427, 0.0907229185104, 0.0806731283665, 0.0635112822056, 0.046784080565, 0.0348086804152, 0.0585866607726, 0.0461842902005, 0.0257165115327, 0.0228975228965, 0.0187588315457, 0.0130978133529, 0.0069026267156, 0.00358870043419, 0.00302918395028, 0.00279175792821, 0.00132358062547, 0.000279090570984, 2.41611051024e-05, 4.76403147331e-06, 9.95326445263e-07, 1.34882725433e-07, 2.12175862657e-07, 3.90234788483e-07],
        "var": [0.78316962719, 17.5637283325, 37.5602684021, 203.103393555, 2305.80908203, 1245.65734863, 353.194976807, 291.037078857, 117.049240112, 232.152740479, 314.149932861, 217.484222412, 61.1877098083, 347.58706665, 1585.40515137, 3207.73754883, 1580.4317627, 5481.87255859, 626.631408691, 694.742919922, 392.433746338, 1066.88476562, 828.399047852, 1096.68481445, 530.215942383, 821.15246582, 775.682250977, 222.39251709, 120.170776367, 51.016204834, 58.1175193787, 35.4671859741, 24.6802825928, 9.55497550964, 5.59922409058, 1.24817621708, 0.142306372523, 0.000736292800866, 3.41989959907e-07, 3.52310491891e-09]
    },
    "gfcc": {
        "mean": [-20.7398872375, 84.4410400391, -110.757888794, 43.7666778564, -56.7230949402, 24.3411102295, -34.854309082, 11.6492929459, -24.0275936127, 8.62917995453, -3.66107153893, 1.22256422043, -5.26334810257],
        "cov": [[4503.25830078, -1268.70910645, 680.320251465, 437.132415771, 119.105262756, 33.8155670166, -238.599731445, 3.47835230827, -200.662338257, 22.1986236572, -416.894927979, 202.294692993, -215.643692017], [-1268.70910645, 1060.21069336, -272.815551758, -45.7354888916, 150.617340088, 29.020362854, 324.926055908, -15.5914897919, 200.793991089, 42.0821151733, 332.431915283, -95.2814331055, 205.664794922], [680.320251465, -272.815551758, 852.708129883, 187.144989014, 114.349601746, 136.53793335, -36.792388916, 55.294418335, -30.1616764069, 6.43238830566, -168.102752686, 108.831085205, -165.116455078], [437.132415771, -45.7354888916, 187.144989014, 368.945983887, 91.3887252808, 27.0932235718, 44.0259971619, 76.0518417358, 88.1465606689, -37.7152290344, 25.8889255524, -1.88550162315, 65.8410491943], [119.105262756, 150.617340088, 114.349601746, 91.3887252808, 350.346191406, 164.164154053, 157.207061768, 90.9499816895, 94.3623123169, 92.9374542236, 78.1147003174, 21.9104156494, 31.0369701385], [33.8155670166, 29.020362854, 136.53793335, 27.0932235718, 164.164154053, 313.740905762, 116.366607666, 114.832878113, 83.4885864258, 83.9794311523, 75.9173431396, -28.3689231873, 15.661400795], [-238.599731445, 324.926055908, -36.792388916, 44.0259971619, 157.207061768, 116.366607666, 383.857666016, 118.857261658, 95.2482299805, 116.252784729, 168.158859253, 9.06528759003, 83.6497268677], [3.47835230827, -15.5914897919, 55.294418335, 76.0518417358, 90.9499816895, 114.832878113, 118.857261658, 245.430801392, 114.472259521, 72.9336395264, 106.416069031, 22.7472572327, 71.82762146], [-200.662338257, 200.793991089, -30.1616764069, 88.1465606689, 94.3623123169, 83.4885864258, 95.2482299805, 114.472259521, 224.942169189, 52.836265564, 142.15826416, -14.0177879333, 87.89868927], [22.1986236572, 42.0821151733, 6.43238830566, -37.7152290344, 92.9374542236, 83.9794311523, 116.252784729, 72.9336395264, 52.836265564, 185.264190674, 97.8781661987, 26.9723510742, 36.4829101562], [-416.894927979, 332.431915283, -168.102752686, 25.8889255524, 78.1147003174, 75.9173431396, 168.158859253, 106.416069031, 142.15826416, 97.8781661987, 321.601348877, -1.46549379826, 160.695785522], [202.294692993, -95.2814331055, 108.831085205, -1.88550162315, 21.9104156494, -28.3689231873, 9.06528759003, 22.7472572327, -14.0177879333, 26.9723510742, -1.46549379826, 151.565689087, 0.316438436508], [-215.643692017, 205.664794922, -165.116455078, 65.8410491943, 31.0369701385, 15.661400795, 83.6497268677, 71.82762146, 87.89868927, 36.4829101562, 160.695785522, 0.316438436508, 252.816375732]],
        "icov": [[0.000446357909823, 0.000507085118443, -1.54852314154e-05, -0.00051541038556, -0.000237090367591, -9.72578072833e-06, -8.21814828669e-05, 0.000333234085701, 8.84725013748e-05, -0.000291816919344, 0.000140764081152, -0.000223388691666, -2.32850779867e-05], [0.000507085118443, 0.00432140100747, -0.0011328359833, 0.00188238790724, -0.00177996745333, 0.00179357000161, -0.00300967111252, 0.00320096989162, -0.00253026839346, 0.00220220023766, -0.00262460741214, 0.00252195936628, -0.00189217820298], [-1.54852314154e-05, -0.0011328359833, 0.00286297523417, -0.00235321000218, 0.000484239106299, -0.00198039109819, 0.00116322748363, -0.00104914174881, 0.00105601223186, -0.00122827698942, 0.00180308974814, -0.00279986672103, 0.0020349691622], [-0.00051541038556, 0.00188238790724, -0.00235321000218, 0.00695754634216, -0.00177641760092, 0.00245890230872, -0.00218827347271, 0.000750852981582, -0.00311173289083, 0.00403014849871, -0.00200874754228, 0.00336456205696, -0.00297042564489], [-0.000237090367591, -0.00177996745333, 0.000484239106299, -0.00177641760092, 0.0055899117142, -0.00262846751139, 0.000145026424434, -0.00077752902871, 0.000178942733328, -0.00204654713161, 0.00139711459633, -0.00197224598378, 0.00102170463651], [-9.72578072833e-06, 0.00179357000161, -0.00198039109819, 0.00245890230872, -0.00262846751139, 0.00695741409436, -0.00170738995075, -0.000264971022261, -0.00164571229834, 0.000658636097796, -0.00202154368162, 0.00413056230173, -0.00111234153155], [-8.21814828669e-05, -0.00300967111252, 0.00116322748363, -0.00218827347271, 0.000145026424434, -0.00170738995075, 0.00655625155196, -0.00302345864475, 0.00243883230723, -0.00313659477979, 0.00080579664791, -0.00213548634201, 0.00158073380589], [0.000333234085701, 0.00320096989162, -0.00104914174881, 0.000750852981582, -0.00077752902871, -0.000264971022261, -0.00302345864475, 0.00925565510988, -0.00396455358714, 0.000767643912695, -0.00215371325612, 0.000664968858473, -0.00208213320002], [8.84725013748e-05, -0.00253026839346, 0.00105601223186, -0.00311173289083, 0.000178942733328, -0.00164571229834, 0.00243883230723, -0.00396455358714, 0.00989059079438, -0.00209337193519, -0.000402021541959, -0.00110948493239, 0.00115358072799], [-0.000291816919344, 0.00220220023766, -0.00122827698942, 0.00403014849871, -0.00204654713161, 0.000658636097796, -0.00313659477979, 0.000767643912695, -0.00209337193519, 0.0107771866024, -0.00351574760862, 0.00105506170075, -0.00145602622069], [0.000140764081152, -0.00262460741214, 0.00180308974814, -0.00200874754228, 0.00139711459633, -0.00202154368162, 0.00080579664791, -0.00215371325612, -0.000402021541959, -0.00351574760862, 0.00926463026553, -0.00278272107244, -0.000983295147307], [-0.000223388691666, 0.00252195936628, -0.00279986672103, 0.00336456205696, -0.00197224598378, 0.00413056230173, -0.00213548634201, 0.000664968858473, -0.00110948493239, 0.00105506170075, -0.00278272107244, 0.011307680048, -0.00245500402525], [-2.32850779867e-05, -0.00189217820298, 0.0020349691622, -0.00297042564489, 0.00102170463651, -0.00111234153155, 0.00158073380589, -0.00208213320002, 0.00115358072799, -0.00145602622069, -0.000983295147307, -0.00245500402525, 0.00802662782371]]
    },
    "melbands": {
        "dmean": [0.00247530452907, 0.00135267595761, 0.00120019016322, 0.00119134143461, 0.000285014451947, 0.000151809101226, 7.47371886973e-05, 6.96470669936e-05, 6.21629005764e-05, 4.05961363867e-05, 1.7589156414e-05, 2.53059843089e-05, 3.0638424505e-05, 3.19967948599e-05, 3.6364494008e-05, 2.88836454274e-05, 3.35930308211e-05, 1.66195331985e-05, 1.898665505e-05, 1.41144491863e-05, 9.33054070629e-06, 1.60234358191e-05, 1.18550087791e-05, 1.32338518597e-05, 1.30074122353e-05, 8.77409638633e-06, 6.53016923025e-06, 8.1823900473e-06, 7.65785898693e-06, 5.69133226236e-06, 4.25022381023e-06, 3.27156999447e-06, 2.11677888728e-06, 2.21181880988e-06, 2.34263211496e-06, 1.86258978374e-06, 2.08125538848e-06, 1.63452443758e-06, 1.20659115055e-06, 9.94615220407e-07],
        "dmean2": [0.00383932958357, 0.00220136111602, 0.00186522863805, 0.00165327149443, 0.000463580043288, 0.000249683012953, 0.000123718986288, 0.000111780071165, 9.56555450102e-05, 6.58413628116e-05, 2.93284610962e-05, 4.0976319724e-05, 4.81404422317e-05, 4.5440679969e-05, 5.13366139785e-05, 4.41491611127e-05, 5.18647393619e-05, 2.63932524831e-05, 3.2186966564e-05, 2.49655222433e-05, 1.61836342158e-05, 2.88636620098e-05, 2.09754180105e-05, 2.32788861467e-05, 2.32437705563e-05, 1.55775160238e-05, 1.16621777124e-05, 1.44676596392e-05, 1.32606874104e-05, 9.81038192549e-06, 7.30222336642e-06, 5.37991172678e-06, 3.31139995069e-06, 3.44407453667e-06, 3.71459123016e-06, 3.15435590892e-06, 3.42796693076e-06, 2.63033007286e-06, 2.00668432626e-06, 1.6163711507e-06],
        "dvar": [2.58269883489e-05, 1.44847645061e-05, 9.88279043668e-06, 8.49966363603e-06, 2.72327412176e-07, 9.70469571371e-08, 2.17786482182e-08, 1.79642896114e-08, 1.07562456719e-08, 5.42053646413e-09, 1.3885703698e-09, 3.17434589725e-09, 8.53679171797e-09, 5.24258458867e-09, 1.14805001061e-08, 3.89831278369e-09, 7.30907512292e-09, 1.24044208238e-09, 1.90716908932e-09, 1.69885849832e-09, 4.61586213696e-10, 1.64741287279e-09, 6.45739628435e-10, 1.27299659702e-09, 1.16473197753e-09, 3.76778414024e-10, 5.47126899342e-10, 7.47382045141e-10, 6.89521828523e-10, 2.06273526038e-10, 1.10537717868e-10, 6.37544045334e-11, 1.56055134093e-11, 1.77166527976e-11, 2.34609311145e-11, 1.49365606689e-11, 2.21906677061e-11, 1.77086765391e-11, 9.49220129581e-12, 6.89069374477e-12],
        "dvar2": [5.31523255631e-05, 3.55235133611e-05, 2.27199234359e-05, 1.60324907483e-05, 7.24731137325e-07, 2.4188267389e-07, 4.95618799334e-08, 4.28945483577e-08, 2.27526211205e-08, 1.33711308692e-08, 3.60331653404e-09, 7.12790848567e-09, 1.85487252224e-08, 1.01003987396e-08, 1.86834494542e-08, 8.6364684293e-09, 1.59851420989e-08, 2.9994107198e-09, 4.89316809293e-09, 4.64124427779e-09, 1.26828747504e-09, 4.53248460985e-09, 1.81362802554e-09, 3.64151642174e-09, 3.33869509817e-09, 1.05612185664e-09, 1.59879709472e-09, 2.17731122021e-09, 1.99619187846e-09, 5.84975068385e-10, 3.05656028265e-10, 1.71013397887e-10, 3.64045703305e-11, 4.1084476099e-11, 5.64133392777e-11, 4.0858868372e-11, 5.76252587314e-11, 4.57204205051e-11, 2.53319882432e-11, 1.71147766098e-11],
        "max": [0.0451986193657, 0.0307794511318, 0.029099393636, 0.0238761566579, 0.00512909609824, 0.00458984542638, 0.00253286631778, 0.00187383126467, 0.00164949870668, 0.00082911294885, 0.000765564211179, 0.000930679263547, 0.00176150398329, 0.00161674851552, 0.00349536398426, 0.000844810216222, 0.00190771953203, 0.000394986447645, 0.000521099369507, 0.000464573036879, 0.000201014830964, 0.000453243090305, 0.000186636709259, 0.000323372514686, 0.000292017473839, 0.000151298707351, 0.00023033983598, 0.000270103599178, 0.000290906260489, 0.000145768557559, 9.89791442407e-05, 7.67941237427e-05, 3.1001138268e-05, 3.24249049299e-05, 4.85374839627e-05, 3.41419254255e-05, 4.21124204877e-05, 5.20740140928e-05, 3.14489407174e-05, 2.24695231736e-05],
        "mean": [0.00473448494449, 0.00182577501982, 0.00125987839419, 0.00141647295095, 0.000433297565905, 0.000198942187126, 9.03193649719e-05, 9.04991902644e-05, 9.18411751627e-05, 5.618472278e-05, 2.24510531552e-05, 3.35038275807e-05, 4.22121593147e-05, 5.34348655492e-05, 5.55994593014e-05, 3.9616596041e-05, 5.06484575453e-05, 2.25077601499e-05, 2.12373852264e-05, 1.40060601552e-05, 9.87902876659e-06, 1.4757034478e-05, 1.20952554425e-05, 1.32058548843e-05, 1.22560668387e-05, 8.05204399512e-06, 6.10853749095e-06, 8.01138776296e-06, 7.64851120039e-06, 5.85358930039e-06, 3.94215521737e-06, 3.02904595628e-06, 2.26261408898e-06, 2.40228064285e-06, 2.33779064729e-06, 1.90467210359e-06, 2.19735034079e-06, 1.78894708824e-06, 1.32369223138e-06, 9.31302338358e-07],
        "median": [0.0029847077094, 0.000891892355867, 5.64905894862e-05, 0.000125997976284, 0.000177149864612, 7.25624049664e-05, 2.9908864235e-05, 3.25171386066e-05, 3.67880238628e-05, 2.2514610464e-05, 9.57905467658e-06, 1.24075277199e-05, 1.38479499583e-05, 1.79082053364e-05, 1.48706540131e-05, 1.2356526895e-05, 7.92264563643e-06, 4.87091256218e-06, 5.74827663513e-06, 3.71734358851e-06, 3.16883097184e-06, 3.08387734549e-06, 2.95249242299e-06, 3.64338961845e-06, 3.94636754208e-06, 2.40143594965e-06, 2.04637171919e-06, 2.37154768001e-06, 2.17404794967e-06, 1.62928608916e-06, 1.07817902517e-06, 4.7476828513e-07, 4.24434631441e-07, 4.49594409702e-07, 5.22502944023e-07, 6.37270204606e-07, 7.02047259438e-07, 5.35422202574e-07, 3.74406198489e-07, 1.19044578639e-07],
        "min": [3.94371170387e-07, 1.80868596544e-07, 6.8199051384e-07, 5.41908548257e-07, 1.98115003514e-06, 7.39101949421e-07, 3.64213519788e-07, 4.90376692142e-07, 6.64744334244e-07, 4.12731139932e-07, 3.50413586148e-07, 2.73489177971e-07, 2.09733400425e-07, 4.61735396584e-07, 2.21376296849e-07, 9.870906581e-08, 1.58203619094e-07, 1.07992718767e-07, 6.34540953115e-08, 3.54189708673e-08, 4.94199561274e-08, 3.1044187665e-08, 3.6354784072e-08, 3.04468947832e-08, 3.4233327284e-08, 2.06405612602e-08, 1.27629506963e-09, 9.81346826023e-09, 1.05334470035e-08, 1.05514805782e-08, 1.648048642e-10, 2.796259925e-11, 8.02068047395e-12, 1.56516141193e-12, 1.68223150254e-12, 1.25247269153e-11, 5.52702120182e-11, 4.66412464206e-10, 2.52955330293e-11, 4.59701341663e-13],
