{
"highlevel": {
    "danceability": {
        "all": {
            "danceable": 0.23745508492,
            "not_danceable": 0.762544929981
        },
        "probability": 0.762544929981,
        "value": "not_danceable"
    },
    "gender": {
        "all": {
            "female": 0.559725522995,
            "male": 0.440274477005
        },
        "probability": 0.559725522995,
        "value": "female"
    },
    "genre_dortmund": {
        "all": {
            "alternative": 0.246985077858,
            "blues": 0.047534622252,
            "electronic": 0.0518146939576,
            "folkcountry": 0.290214985609,
            "funksoulrnb": 0.0236728060991,
            "jazz": 0.177153721452,
            "pop": 0.0892999172211,
            "raphiphop": 0.0124605819583,
            "rock": 0.0608635954559
        },
        "probability": 0.290214985609,
        "value": "folkcountry"
    },
    "genre_electronic": {
        "all": {
            "ambient": 0.901536345482,
            "dnb": 0.022757999599,
            "house": 0.0487395375967,
            "techno": 0.0102174635977,
            "trance": 0.016748631373
        },
        "probability": 0.901536345482,
        "value": "ambient"
    },
    "genre_rosamerica": {
        "all": {
            "cla": 0.00754142971709,
            "dan": 0.00770523585379,
            "hip": 0.0133612425998,
            "jaz": 0.0721815377474,
            "pop": 0.226138830185,
            "rhy": 0.646090388298,
            "roc": 0.00694793276489,
            "spe": 0.0200333911926
        },
        "probability": 0.646090388298,
        "value": "rhy"
    },
    "genre_tzanetakis": {
        "all": {
            "blu": 0.0626541376114,
            "cla": 0.0348133966327,
            "cou": 0.0783501937985,
            "dis": 0.104547761381,
            "hip": 0.15693578124,
            "jaz": 0.313987255096,
            "met": 0.044816005975,
            "pop": 0.0627349764109,
            "reg": 0.0627352520823,
            "roc": 0.0784252434969
        },
        "probability": 0.313987255096,
        "value": "jaz"
    },
    "ismir04_rhythm": {
        "all": {
            "ChaChaCha": 0.0237442981452,
            "Jive": 0.005922076758,
            "Quickstep": 0.0180534645915,
            "Rumba-American": 0.0726610422134,
            "Rumba-International": 0.665506660938,
            "Rumba-Misc": 0.0234744995832,
            "Samba": 0.0146680800244,
            "Tango": 0.0847945660353,
            "VienneseWaltz": 0.0631661266088,
            "Waltz": 0.0280091874301
        },
        "probability": 0.665506660938,
        "value": "Rumba-International"
    },
    "mood_acoustic": {
        "all": {
            "acoustic": 0.991134166718,
            "not_acoustic": 0.00886580348015
        },
        "probability": 0.991134166718,
        "value": "acoustic"
    },
    "mood_aggressive": {
        "all": {
            "aggressive": 2.43437995096e-07,
            "not_aggressive": 0.999999761581
        },
        "probability": 0.999999761581,
        "value": "not_aggressive"
    },
    "mood_electronic": {
        "all": {
            "electronic": 0.65951526165,
            "not_electronic": 0.340484768152
        },
        "probability": 0.65951526165,
        "value": "electronic"
    },
    "mood_happy": {
        "all": {
            "happy": 0.33790409565,
            "not_happy": 0.66209590435
        },
        "probability": 0.66209590435,
        "value": "not_happy"
    },
    "mood_party": {
        "all": {
            "not_party": 0.987151741982,
            "party": 0.0128482747823
        },
        "probability": 0.987151741982,
        "value": "not_party"
    },
    "mood_relaxed": {
        "all": {
            "not_relaxed": 0.0553442165256,
            "relaxed": 0.944655776024
        },
        "probability": 0.944655776024,
        "value": "relaxed"
    },
    "mood_sad": {
        "all": {
            "not_sad": 0.244178980589,
            "sad": 0.755821049213
        },
        "probability": 0.755821049213,
        "value": "sad"
    },
    "moods_mirex": {
        "all": {
            "Cluster1": 0.118539609015,
            "Cluster2": 0.122462980449,
            "Cluster3": 0.650989770889,
            "Cluster4": 0.0942494496703,
            "Cluster5": 0.0137581769377
        },
        "probability": 0.650989770889,
        "value": "Cluster3"
    },
    "timbre": {
        "all": {
            "bright": 0.949474453926,
            "dark": 0.050525534898
        },
        "probability": 0.949474453926,
        "value": "bright"
    },
    "tonal_atonal": {
        "all": {
            "atonal": 0.0223007798195,
            "tonal": 0.977699220181
        },
        "probability": 0.977699220181,
        "value": "tonal"
    },
    "voice_instrumental": {
        "all": {
            "instrumental": 0.0761821866035,
            "voice": 0.923817813396
        },
        "probability": 0.923817813396,
        "value": "voice"
    }
},
"lowlevel": {
    "average_loudness": 0.980845093727,
    "barkbands_crest": {
        "dmean": 2.55107450485,
        "dmean2": 3.98859357834,
        "dvar": 6.24451875687,
        "dvar2": 14.8054609299,
        "max": 26.1269187927,
        "mean": 13.4623765945,
        "median": 12.8028640747,
        "min": 4.23200464249,
        "var": 22.7215194702
    },
    "barkbands_flatness_db": {
        "dmean": 0.0267528463155,
        "dmean2": 0.0381775759161,
        "dvar": 0.00065111060394,
        "dvar2": 0.00122237100732,
        "max": 0.417513340712,
        "mean": 0.24275071919,
        "median": 0.237417444587,
        "min": 0.103314593434,
        "var": 0.00318098836578
    },
    "barkbands_kurtosis": {
        "dmean": 7.39411640167,
        "dmean2": 11.3746109009,
        "dvar": 142.874176025,
        "dvar2": 332.289001465,
        "max": 179.186477661,
        "mean": 15.3496398926,
        "median": 7.86545372009,
        "min": -1.79606580734,
        "var": 459.865753174
    },
    "barkbands_skewness": {
        "dmean": 0.739643990993,
        "dmean2": 1.10141670704,
        "dvar": 0.738244354725,
        "dvar2": 1.5219938755,
        "max": 10.8526525497,
        "mean": 2.42170500755,
        "median": 2.07254171371,
        "min": -1.0941054821,
        "var": 3.16122221947
    },
    "barkbands_spread": {
        "dmean": 3.14701151848,
        "dmean2": 4.62235498428,
        "dvar": 48.518913269,
        "dvar2": 91.2258224487,
        "max": 92.8159942627,
        "mean": 9.07225322723,
        "median": 6.64165258408,
        "min": 0.578204751015,
        "var": 116.176246643
    },
    "dissonance": {
        "dmean": 0.0350310988724,
        "dmean2": 0.0561048053205,
        "dvar": 0.000977049116045,
        "dvar2": 0.00246460037306,
        "max": 0.499969542027,
        "mean": 0.40244576335,
        "median": 0.406961351633,
        "min": 0.157535985112,
        "var": 0.00255035678856
    },
    "dynamic_complexity": 1.84356606007,
    "erbbands_crest": {
        "dmean": 2.79548025131,
        "dmean2": 4.29561853409,
        "dvar": 7.28964471817,
        "dvar2": 16.9186515808,
        "max": 31.3267040253,
        "mean": 13.2706613541,
        "median": 12.4323625565,
        "min": 3.64381790161,
        "var": 26.1108036041
    },
    "erbbands_flatness_db": {
        "dmean": 0.0260981153697,
        "dmean2": 0.0352768003941,
        "dvar": 0.000652063346934,
        "dvar2": 0.00118404161185,
        "max": 0.371154010296,
        "mean": 0.203491136432,
        "median": 0.206151783466,
        "min": 0.0599355772138,
        "var": 0.00278439396061
    },
    "erbbands_kurtosis": {
        "dmean": 2.53724002838,
        "dmean2": 3.95129203796,
        "dvar": 11.9053297043,
        "dvar2": 29.8691482544,
        "max": 36.688999176,
        "mean": 3.88039183617,
        "median": 2.47228336334,
        "min": -1.81892490387,
        "var": 24.2043018341
    },
    "erbbands_skewness": {
        "dmean": 0.537541389465,
        "dmean2": 0.79618614912,
        "dvar": 0.363069057465,
        "dvar2": 0.80802577734,
        "max": 5.7287197113,
        "mean": 1.21321988106,
        "median": 1.19627153873,
        "min": -3.88518643379,
        "var": 1.26888847351
    },
    "erbbands_spread": {
        "dmean": 8.19952487946,
        "dmean2": 12.0240221024,
        "dvar": 141.966049194,
        "dvar2": 294.552978516,
        "max": 123.357879639,
        "mean": 25.5769100189,
        "median": 20.0304012299,
        "min": 3.34405422211,
        "var": 369.624969482
    },
    "hfc": {
        "dmean": 3.9235098362,
        "dmean2": 5.56341743469,
        "dvar": 38.7343978882,
        "dvar2": 90.8665313721,
        "max": 99.6216049194,
        "mean": 15.1278591156,
        "median": 13.6562299728,
        "min": 0.759830832481,
        "var": 95.2217636108
    },
    "melbands_crest": {
        "dmean": 2.86787581444,
        "dmean2": 4.48347139359,
        "dvar": 7.31282281876,
        "dvar2": 16.4311695099,
        "max": 32.5986747742,
        "mean": 16.0127391815,
        "median": 15.3330030441,
        "min": 6.01375246048,
        "var": 26.2803764343
    },
    "melbands_flatness_db": {
        "dmean": 0.0318764187396,
        "dmean2": 0.042973600328,
        "dvar": 0.000943981634919,
        "dvar2": 0.00166079646442,
        "max": 0.51959758997,
        "mean": 0.327510237694,
        "median": 0.322121620178,
        "min": 0.0888243541121,
        "var": 0.00515401689336
    },
    "melbands_kurtosis": {
        "dmean": 11.9861955643,
        "dmean2": 17.9142036438,
        "dvar": 431.973968506,
        "dvar2": 994.451904297,
        "max": 299.967346191,
        "mean": 24.0295314789,
        "median": 12.2332687378,
        "min": -1.36571490765,
        "var": 1070.90722656
    },
    "melbands_skewness": {
        "dmean": 0.845268011093,
        "dmean2": 1.23668169975,
        "dvar": 1.03055977821,
        "dvar2": 2.20681214333,
        "max": 13.3738031387,
        "mean": 2.88226461411,
        "median": 2.49528837204,
        "min": -0.385243594646,
        "var": 3.73702096939
    },
    "melbands_spread": {
        "dmean": 3.0258603096,
        "dmean2": 4.44208478928,
        "dvar": 76.7401046753,
        "dvar2": 162.747253418,
        "max": 159.932785034,
        "mean": 9.02393627167,
        "median": 6.64521121979,
        "min": 0.643148779869,
        "var": 132.500900269
    },
    "pitch_salience": {
        "dmean": 0.067139826715,
        "dmean2": 0.108316011727,
        "dvar": 0.00413827551529,
        "dvar2": 0.00984851364046,
        "max": 0.783658444881,
        "mean": 0.491397619247,
        "median": 0.498783648014,
        "min": 0.103505909443,
        "var": 0.0121309198439
    },
    "silence_rate_20dB": {
        "dmean": 0,
        "dmean2": 0,
        "dvar": 0,
        "dvar2": 0,
        "max": 1,
        "mean": 1,
        "median": 1,
        "min": 1,
        "var": 0
    },
    "silence_rate_30dB": {
        "dmean": 0.00464396271855,
        "dmean2": 0.00929511990398,
        "dvar": 0.00462233833969,
        "dvar2": 0.0123072853312,
        "max": 1,
        "mean": 0.994586229324,
        "median": 1,
        "min": 0,
        "var": 0.00538443401456
    },
    "silence_rate_60dB": {
        "dmean": 0,
        "dmean2": 0,
        "dvar": 0,
        "dvar2": 0,
        "max": 0,
        "mean": 0,
        "median": 0,
        "min": 0,
        "var": 0
    },
    "spectral_centroid": {
        "dmean": 129.097259521,
        "dmean2": 192.742172241,
        "dvar": 94362.5859375,
        "dvar2": 179850.78125,
        "max": 4620.70507812,
        "mean": 562.666931152,
        "median": 453.870513916,
        "min": 149.837295532,
        "var": 212601.84375
    },
    "spectral_complexity": {
        "dmean": 1.66795670986,
        "dmean2": 2.6460108757,
        "dvar": 3.19081139565,
        "dvar2": 6.76474809647,
        "max": 36,
        "mean": 10.3859243393,
        "median": 10,
        "min": 3,
        "var": 15.2130584717
    },
    "spectral_decrease": {
        "dmean": 2.58846144519e-09,
        "dmean2": 3.82899001394e-09,
        "dvar": 8.30732939694e-18,
        "dvar2": 1.71542022377e-17,
        "max": -6.55327792032e-10,
        "mean": -1.05686481788e-08,
        "median": -1.01128767582e-08,
        "min": -3.17946273753e-08,
        "var": 2.80393879012e-17
    },
    "spectral_energy": {
        "dmean": 0.00999799743295,
        "dmean2": 0.0147848222405,
        "dvar": 0.000122361350805,
        "dvar2": 0.000252184778219,
        "max": 0.122112438083,
        "mean": 0.0412606187165,
        "median": 0.0394380688667,
        "min": 0.00284188892692,
        "var": 0.000415169866756
    },
    "spectral_energyband_high": {
        "dmean": 0.000241681133048,
        "dmean2": 0.000367601867765,
        "dvar": 1.05581989374e-06,
        "dvar2": 2.68007488557e-06,
        "max": 0.0190555136651,
        "mean": 0.000301070860587,
        "median": 4.83347794216e-05,
        "min": 8.03198247468e-07,
        "var": 1.14022111575e-06
    },
    "spectral_energyband_low": {
        "dmean": 0.00515054631978,
        "dmean2": 0.00768075790256,
        "dvar": 8.2067126641e-05,
        "dvar2": 0.000168905491591,
        "max": 0.0982470214367,
        "mean": 0.0130863944069,
        "median": 0.00660116830841,
        "min": 0.000233904225752,
        "var": 0.000248186872341
    },
    "spectral_energyband_middle_high": {
        "dmean": 0.000810097786598,
        "dmean2": 0.00108349334914,
        "dvar": 2.28494673138e-06,
        "dvar2": 4.06249637308e-06,
        "max": 0.0328610502183,
        "mean": 0.00278711528517,
        "median": 0.00132453429978,
        "min": 1.13849800982e-05,
        "var": 1.46222228068e-05
    },
    "spectral_energyband_middle_low": {
        "dmean": 0.00738842179999,
        "dmean2": 0.0113691603765,
        "dvar": 7.14026318747e-05,
        "dvar2": 0.000164131139172,
        "max": 0.0930145457387,
        "mean": 0.0266087148339,
        "median": 0.0269361771643,
        "min": 0.000497630797327,
        "var": 0.000252369994996
    },
    "spectral_entropy": {
        "dmean": 0.303348988295,
        "dmean2": 0.408611178398,
        "dvar": 0.0948445349932,
        "dvar2": 0.171806722879,
        "max": 8.66037082672,
        "mean": 6.54727602005,
        "median": 6.49280166626,
        "min": 4.85110139847,
        "var": 0.380098521709
    },
    "spectral_flux": {
        "dmean": 0.0307160373777,
        "dmean2": 0.0486056245863,
        "dvar": 0.000874255376402,
        "dvar2": 0.00205918797292,
        "max": 0.271711707115,
        "mean": 0.0800349935889,
        "median": 0.0701987594366,
        "min": 0.0132369818166,
        "var": 0.0018315508496
    },
    "spectral_kurtosis": {
        "dmean": 5.49158239365,
        "dmean2": 7.98042488098,
        "dvar": 40.629234314,
        "dvar2": 83.5101394653,
        "max": 71.5015335083,
        "mean": 13.2987785339,
        "median": 11.2007551193,
        "min": -0.944808006287,
        "var": 112.810684204
    },
    "spectral_rms": {
        "dmean": 0.000775643100496,
        "dmean2": 0.00113467860501,
        "dvar": 6.45433146929e-07,
        "dvar2": 1.27641237668e-06,
        "max": 0.010914856568,
        "mean": 0.00613615103066,
        "median": 0.00620291614905,
        "min": 0.00166510499548,
        "var": 2.6019138204e-06
    },
    "spectral_rolloff": {
        "dmean": 204.131576538,
        "dmean2": 358.474761963,
        "dvar": 591951.875,
        "dvar2": 1313059.875,
        "max": 10228.2714844,
        "mean": 625.978515625,
        "median": 452.197265625,
        "min": 86.1328125,
        "var": 866523.75
    },
    "spectral_skewness": {
        "dmean": 0.549007058144,
        "dmean2": 0.759575068951,
        "dvar": 0.293370723724,
        "dvar2": 0.52925568819,
        "max": 7.21519517899,
        "mean": 2.79500937462,
        "median": 2.75642442703,
        "min": -0.172953173518,
        "var": 1.21255397797
    },
    "spectral_spread": {
        "dmean": 968853.3125,
        "dmean2": 1318702.625,
        "dvar": 1.2847733801e+12,
        "dvar2": 2.44906275635e+12,
        "max": 19326790,
        "mean": 3986841.5,
        "median": 3429088.5,
        "min": 933895.8125,
        "var": 3.61247408128e+12
    },
    "spectral_strongpeak": {
        "dmean": 0.441650629044,
        "dmean2": 0.746585428715,
        "dvar": 0.371040046215,
        "dvar2": 0.821559667587,
        "max": 6.407995224,
        "mean": 1.17585730553,
        "median": 0.975668609142,
        "min": 0,
        "var": 0.865517318249
    },
    "zerocrossingrate": {
        "dmean": 0.00723011512309,
        "dmean2": 0.00833746884018,
        "dvar": 0.000128873420181,
        "dvar2": 0.000124665079056,
        "max": 0.28369140625,
        "mean": 0.0293610729277,
        "median": 0.02392578125,
        "min": 0.0029296875,
        "var": 0.00059538561618
    },
    "barkbands": {
        "dmean": [0.000156277586939, 0.00302355643362, 0.00255730398931, 0.00186987372581, 0.00508909160271, 0.00151932484005, 0.000845546135679, 0.00144951336551, 0.000484281103127, 0.000770654529333, 0.000144393154187, 0.000102841157059, 9.22706603887e-05, 8.06705866125e-05, 5.24894894625e-05, 5.44415597687e-05, 3.20938597724e-05, 4.59701659565e-05, 3.82424914278e-05, 5.40922010259e-05, 6.67492713546e-05, 5.91260613874e-05, 5.20939684066e-05, 2.91632186418e-05, 1.84254295164e-05, 1.71699502971e-05, 3.34442118444e-09],
        "dmean2": [0.000273844081676, 0.00484596658498, 0.00349296070635, 0.00308855623007, 0.0078453226015, 0.00227107224055, 0.00125474005472, 0.00205546547659, 0.000669344619382, 0.00105339719448, 0.000192416657228, 0.000141243741382, 0.000138455710839, 0.000115405571705, 7.35820722184e-05, 7.02758406987e-05, 4.52183594462e-05, 6.77154166624e-05, 5.67825554754e-05, 8.86341586011e-05, 0.000117411815154, 9.51370675466e-05, 7.50617618905e-05, 4.1266252083e-05, 2.72411871265e-05, 2.67687064479e-05, 4.88862683667e-09],
        "dvar": [4.6057280656e-08, 4.28651837865e-05, 3.86278879887e-05, 1.39231469802e-05, 4.27572776971e-05, 1.50460809891e-05, 3.2132124943e-06, 1.10430373752e-05, 2.91322339763e-06, 2.63828428615e-06, 1.97046105654e-07, 1.29431597884e-07, 7.73131532128e-08, 5.71883020939e-08, 2.03499670448e-08, 2.5587670649e-08, 4.23691393081e-09, 1.19104557328e-08, 1.64948357195e-08, 1.90426447944e-07, 4.98534291182e-07, 1.07481469058e-07, 6.26367437917e-08, 6.64650423587e-09, 1.61360902418e-09, 9.48806810896e-10, 2.19635177355e-15],
        "dvar2": [1.26503323372e-07, 0.00010688087059, 7.50644539949e-05, 3.86696228816e-05, 9.4134498795e-05, 3.28841451847e-05, 7.57337465984e-06, 2.37955791818e-05, 5.37059804628e-06, 4.5273395699e-06, 3.49486612095e-07, 2.45029895041e-07, 1.60164219665e-07, 1.14886120173e-07, 3.69043746673e-08, 4.15841441281e-08, 8.03991628828e-09, 2.74626543728e-08, 3.80711675518e-08, 5.0758967518e-07, 1.44364389598e-06, 2.52525694577e-07, 1.45807547369e-07, 1.12157652055e-08, 3.02101321736e-09, 2.19215290365e-09, 2.38561302704e-15],
        "max": [0.00255144760013, 0.0787663012743, 0.0791656523943, 0.0512702874839, 0.0881014987826, 0.0714878290892, 0.0304054655135, 0.0424868762493, 0.0353435017169, 0.0314742252231, 0.00961240381002, 0.0101095875725, 0.00598197709769, 0.00375148956664, 0.00260744802654, 0.00288442708552, 0.00104310910683, 0.00190903013572, 0.00248564733192, 0.0119611416012, 0.017713336274, 0.00734147895128, 0.00516760582104, 0.0013106209226, 0.00085124198813, 0.000305740657495, 1.61165837653e-06],
        "mean": [0.000188437043107, 0.00769954454154, 0.00434414157644, 0.00281360070221, 0.0130182076246, 0.00339913601056, 0.00184682197869, 0.00308173219673, 0.00104892568197, 0.00209131860174, 0.000348648347426, 0.000237186977756, 0.000212713741348, 0.000152191059897, 9.40689060371e-05, 0.00011459380039, 6.22530642431e-05, 9.48060478549e-05, 6.97312716511e-05, 7.25615973352e-05, 5.5775824876e-05, 6.6075612267e-05, 6.33023228147e-05, 3.94000526285e-05, 2.35492807406e-05, 2.19572029891e-05, 2.9180204919e-09],
        "median": [0.00010552979802, 0.00341400597245, 0.00118264730554, 0.00107238534838, 0.00943484622985, 0.000875963480212, 0.000525958486833, 0.000962164951488, 0.000155348592671, 0.000543163681868, 5.55760816496e-05, 4.58432623418e-05, 5.2551709814e-05, 2.83608569589e-05, 2.77067847492e-05, 1.78923601197e-05, 1.67046746355e-05, 2.29109300562e-05, 1.81936757144e-05, 1.27680823425e-05, 3.9699766603e-06, 3.55999623025e-06, 4.76889545098e-06, 7.2879192885e-06, 7.42525526221e-06, 1.04210303107e-05, 4.98800112325e-10],
        "min": [4.94673827234e-07, 4.62920024802e-06, 9.43183204072e-06, 7.70761653257e-06, 0.00018610994448, 2.99682142213e-06, 6.88128147885e-06, 1.06077982309e-06, 2.0858294647e-06, 1.29416980599e-06, 3.79376388082e-07, 6.23263701982e-07, 6.48787306545e-07, 4.32181820997e-07, 2.96525115573e-07, 3.69001071476e-07, 2.20612477619e-07, 1.60940700766e-07, 1.88705158166e-07, 2.41130578615e-07, 5.0778627525e-08, 3.33927019369e-08, 5.27021200014e-08, 6.4182592574e-09, 1.59583735115e-09, 1.54438545286e-11, 8.91026401967e-12],
        "var": [5.62050779251e-08, 0.000119048163469, 8.89296570676e-05, 2.13823168451e-05, 0.000147078259033, 4.36503905803e-05, 9.33777846512e-06, 2.41616453422e-05, 7.76397519076e-06, 1.22330557133e-05, 9.96584617496e-07, 8.10553274277e-07, 3.32804461323e-07, 1.78312973276e-07, 5.27231911462e-08, 1.08341573934e-07, 1.46588643446e-08, 3.36436976056e-08, 2.9879782204e-08, 1.98547141395e-07, 2.84605391698e-07, 1.12921682671e-07, 8.57931041764e-08, 1.4813409166e-08, 2.93967072906e-09, 1.2077380207e-09, 2.15263979127e-15]
    },
    "erbbands": {
        "dmean": [0.0637255087495, 0.76970154047, 2.46170067787, 4.14219284058, 12.6798057556, 19.1791992188, 20.3468112946, 10.4740848541, 11.5212144852, 18.9808444977, 26.2151088715, 10.704410553, 27.0745391846, 8.12049865723, 5.46696186066, 3.37141728401, 4.10509967804, 3.65217709541, 3.30880093575, 2.64415407181, 2.68099212646, 1.73568379879, 2.31488275528, 2.08156967163, 2.11892342567, 2.65690803528, 1.78993952274, 3.40946125984, 2.34304761887, 1.65135145187, 1.42114913464, 0.889775156975, 0.396196275949, 0.241474747658, 0.123956628144, 0.082606613636, 0.0337302424014, 0.00266399257816, 4.94853775308e-05, 1.17701501949e-05],
        "dmean2": [0.100092038512, 1.22861337662, 3.45525860786, 6.36706113815, 20.6517009735, 28.4398727417, 30.2526111603, 15.5993337631, 17.6468582153, 26.5710201263, 36.9705085754, 14.7356462479, 37.2300796509, 11.1193447113, 7.03330850601, 4.85011672974, 5.96274662018, 5.18003082275, 4.67059421539, 3.49397182465, 3.47493076324, 2.37833189964, 3.30356144905, 2.95951080322, 3.15879249573, 4.33918809891, 2.94010734558, 6.04682540894, 3.87199616432, 2.5347571373, 2.07379007339, 1.26722896099, 0.563820958138, 0.363652765751, 0.187908738852, 0.130041465163, 0.0531664788723, 0.00432504853234, 7.84217772889e-05, 1.74185643118e-05],
        "dvar": [0.0160073898733, 2.76570558548, 30.0040493011, 58.9524421692, 382.179504395, 909.036865234, 1191.93188477, 1157.76281738, 710.32611084, 1672.78039551, 4535.390625, 1334.60192871, 3607.41479492, 331.762054443, 296.246795654, 166.76399231, 155.753143311, 110.420906067, 86.6989517212, 47.9447135925, 64.5255813599, 12.0210285187, 26.7775249481, 59.7581329346, 52.8072738647, 609.122619629, 130.591415405, 1258.26501465, 185.912750244, 68.7063674927, 37.062122345, 7.42049694061, 1.11575126648, 0.327840924263, 0.0710392296314, 0.0224559176713, 0.00438987929374, 2.92372005788e-05, 8.8513569807e-09, 1.49492584978e-10],
        "dvar2": [0.0384138040245, 6.87619447708, 56.8554611206, 141.704544067, 1076.90454102, 1909.05541992, 2366.37060547, 2716.4777832, 1832.39672852, 3380.40209961, 9498.91308594, 2668.53393555, 6341.77832031, 551.995239258, 535.715698242, 403.504333496, 303.352600098, 229.721420288, 177.445541382, 77.9944229126, 115.125892639, 22.0007171631, 61.558052063, 142.779678345, 114.639610291, 1654.62023926, 340.776977539, 3690.82299805, 470.286834717, 165.420318604, 81.7430419922, 13.8407526016, 1.85436797142, 0.692769885063, 0.135243505239, 0.0495052933693, 0.0107114929706, 7.58694877732e-05, 2.22324487709e-08, 3.06389247307e-10],
        "max": [1.82375979424, 19.1175689697, 72.6704101562, 93.1683273315, 242.475204468, 502.990539551, 459.867889404, 724.190063477, 538.498474121, 660.071777344, 886.333740234, 823.583862305, 1084.39929199, 381.102722168, 449.40625, 263.306884766, 332.177062988, 203.080978394, 184.523406982, 169.201034546, 182.745788574, 49.3265228271, 101.135978699, 166.957092285, 142.773925781, 683.113586426, 248.717819214, 868.328918457, 303.483917236, 156.698959351, 110.710739136, 45.8565559387, 16.8267478943, 13.0836009979, 4.67922735214, 1.96006155014, 0.973061978817, 0.0710520222783, 0.00118987273891, 0.000136336879223],
        "mean": [0.165147677064, 1.93814325333, 4.90363168716, 7.16183233261, 24.3241558075, 45.0969085693, 50.3558349609, 23.0081653595, 25.4879512787, 44.1157073975, 56.9493904114, 26.3081741333, 72.5127029419, 21.4922161102, 16.1353206635, 7.93043994904, 10.1333446503, 7.26325702667, 6.64015388489, 5.50265645981, 5.57934617996, 3.65255713463, 4.79540395737, 4.13590669632, 3.88004779816, 3.56434392929, 1.83922445774, 2.72193813324, 2.48548674583, 1.86005723476, 1.77145266533, 1.10487997532, 0.549568831921, 0.291099518538, 0.157650917768, 0.108206130564, 0.0402091145515, 0.00287079554982, 7.52057749196e-05, 4.92432372994e-05],
        "median": [0.0791507437825, 0.829272687435, 1.82708358765, 3.10915088654, 11.7527418137, 22.8950881958, 18.1281986237, 8.37840938568, 8.82771778107, 14.6923570633, 14.7058916092, 6.16926908493, 15.5202026367, 8.99414348602, 2.81428575516, 2.21575593948, 2.69399929047, 1.77171730995, 1.87301933765, 1.23244309425, 1.03884792328, 1.02237784863, 1.2801861763, 1.03551614285, 1.0867524147, 0.670000016689, 0.225713983178, 0.142283082008, 0.125138655305, 0.122863277793, 0.136733978987, 0.122331827879, 0.120189666748, 0.0766587182879, 0.0470119416714, 0.0465057492256, 0.0178504418582, 0.00105674215592, 4.42396194558e-05, 4.69815167889e-05],
        "min": [0.000454372348031, 0.00382608431391, 0.0227363854647, 0.0592846050858, 0.185974642634, 0.625891804695, 0.21481654048, 0.0408997945487, 0.11978148669, 0.151113957167, 0.0451681353152, 0.0847603976727, 0.0639707893133, 0.0236027482897, 0.0222076885402, 0.0335595682263, 0.0498035773635, 0.0205871555954, 0.0436546877027, 0.017137285322, 0.0237785279751, 0.0156871266663, 0.0147482994944, 0.0104086045176, 0.0107681322843, 0.0129011673853, 0.00521238101646, 0.00260100094602, 0.000866719929036, 0.00118763477076, 0.00159459840506, 0.00109189865179, 0.000671045097988, 0.000173400272615, 2.99773764709e-05, 8.39209224068e-06, 5.03860019307e-06, 4.88559749101e-07, 3.27449924953e-06, 5.15182546224e-06],
        "var": [0.0552606768906, 7.58025312424, 73.8898925781, 105.421913147, 944.503845215, 3046.97265625, 4477.39257812, 2302.44335938, 1896.79248047, 4899.76904297, 10560.3671875, 3035.73168945, 15641.9472656, 1501.45397949, 2126.25317383, 473.948272705, 797.08404541, 266.408630371, 253.34954834, 184.552368164, 218.319488525, 45.8465232849, 77.7749633789, 108.728935242, 103.371231079, 564.229980469, 113.693992615, 691.672851562, 169.184310913, 78.4238891602, 58.058391571, 15.394203186, 2.69142985344, 0.54404103756, 0.119972623885, 0.0335123352706, 0.00463247904554, 2.77405997622e-05, 9.34863031432e-09, 5.11692743732e-10]
    },
    "gfcc": {
        "mean": [-33.0422668457, 131.566543579, -72.6930618286, 14.5263605118, -57.007484436, 7.24323272705, -40.1614456177, 13.7531528473, -28.0949440002, -1.45489358902, -16.7383899689, -1.05139005184, -9.48771762848],
        "cov": [[2180.57641602, -946.991577148, -380.537841797, 33.765296936, -243.741973877, -154.612792969, -185.408615112, 378.178039551, -115.515785217, 98.0503234863, -108.06855011, 91.9043197632, -206.733062744], [-946.991577148, 1362.72229004, -160.231842041, -404.537719727, 354.591888428, -111.357765198, 140.186264038, -108.425247192, 92.1854553223, -169.889282227, 190.925033569, -173.706832886, 113.010993958], [-380.537841797, -160.231842041, 678.095458984, 180.266220093, -130.189865112, 209.806060791, 49.4296722412, -63.5996208191, 52.4779548645, 79.4868469238, -76.7464981079, 61.3118057251, -10.462720871], [33.765296936, -404.537719727, 180.266220093, 579.006896973, -108.710754395, 136.142959595, 36.6627883911, -109.719665527, 87.9402084351, 28.8369293213, -20.2071361542, 22.3057842255, 23.7656650543], [-243.741973877, 354.591888428, -130.189865112, -108.710754395, 403.68460083, -42.4438362122, -32.8828239441, -17.5869865417, -71.9623947144, -43.3754768372, 76.1332168579, -0.0943406671286, 24.1464672089], [-154.612792969, -111.357765198, 209.806060791, 136.142959595, -42.4438362122, 329.510803223, 146.536758423, -87.518081665, 33.64585495, 28.3939056396, 0.204394221306, 27.5358428955, 16.5535831451], [-185.408615112, 140.186264038, 49.4296722412, 36.6627883911, -32.8828239441, 146.536758423, 269.342987061, -7.70170116425, 55.7866210938, 9.64374923706, 43.0931625366, -10.0188388824, 0.251167982817], [378.178039551, -108.425247192, -63.5996208191, -109.719665527, -17.5869865417, -87.518081665, -7.70170116425, 277.245147705, 19.6530971527, 38.820690155, -13.2952651978, 16.4498920441, -41.2796401978], [-115.515785217, 92.1854553223, 52.4779548645, 87.9402084351, -71.9623947144, 33.64585495, 55.7866210938, 19.6530971527, 212.322921753, 33.3358917236, -8.88011169434, -26.1664142609, 52.2117729187], [98.0503234863, -169.889282227, 79.4868469238, 28.8369293213, -43.3754768372, 28.3939056396, 9.64374923706, 38.820690155, 33.3358917236, 141.234130859, -10.1272392273, 34.2265777588, -17.4949398041], [-108.06855011, 190.925033569, -76.7464981079, -20.2071361542, 76.1332168579, 0.204394221306, 43.0931625366, -13.2952651978, -8.88011169434, -10.1272392273, 151.613296509, -4.17247724533, 9.39553165436], [91.9043197632, -173.706832886, 61.3118057251, 22.3057842255, -0.0943406671286, 27.5358428955, -10.0188388824, 16.4498920441, -26.1664142609, 34.2265777588, -4.17247724533, 122.696464539, 10.6021699905], [-206.733062744, 113.010993958, -10.462720871, 23.7656650543, 24.1464672089, 16.5535831451, 0.251167982817, -41.2796401978, 52.2117729187, -17.4949398041, 9.39553165436, 10.6021699905, 132.500900269]],
        "icov": [[0.00135376758408, -7.99101544544e-05, 0.00127805396914, -0.000636722659692, 0.000916164834052, -0.000738561036997, 0.00104416022077, -0.0016403751215, 0.000620152568445, -0.000479599984828, 0.00060870195739, -0.00102464435622, 0.00153889658395], [-7.99101544544e-05, 0.00670444825664, -0.00245384406298, 0.00494648981839, -0.004518520087, 0.00388288497925, -0.00440637953579, 0.00364548224024, -0.0052588712424, 0.0047552222386, -0.0049008615315, 0.00578735442832, -0.00285696424544], [0.00127805396914, -0.00245384406298, 0.00428144820035, -0.00253067631274, 0.00271087512374, -0.00325572607107, 0.00277698948048, -0.00245358957909, 0.00206162431277, -0.00274840765633, 0.00312197068706, -0.00376262469217, 0.00292644323781], [-0.000636722659692, 0.00494648981839, -0.00253067631274, 0.0061801369302, -0.0033196718432, 0.0026165349409, -0.00339022791013, 0.00423032743856, -0.00508923456073, 0.00368313211948, -0.0039261947386, 0.0041552754119, -0.00248059490696], [0.000916164834052, -0.004518520087, 0.00271087512374, -0.0033196718432, 0.00677733263001, -0.00320073869079, 0.00401003239676, -0.00338056334294, 0.00472940085456, -0.00312636583112, 0.00224883039482, -0.00455672340468, 0.00212554796599], [-0.000738561036997, 0.00388288497925, -0.00325572607107, 0.0026165349409, -0.00320073869079, 0.00834453105927, -0.0060000657104, 0.00420042406768, -0.00300629017875, 0.00248065893538, -0.00279326178133, 0.00309298280627, -0.00286694592796], [0.00104416022077, -0.00440637953579, 0.00277698948048, -0.00339022791013, 0.00401003239676, -0.0060000657104, 0.00945371482521, -0.0041091167368, 0.00254547945224, -0.00301597756334, 0.00180084339809, -0.00399584695697, 0.00372624769807], [-0.0016403751215, 0.00364548224024, -0.00245358957909, 0.00423032743856, -0.00338056334294, 0.00420042406768, -0.0041091167368, 0.00890129618347, -0.00488615361974, 0.00207452382892, -0.00277075124905, 0.00279388343915, -0.00157671584748], [0.000620152568445, -0.0052588712424, 0.00206162431277, -0.00508923456073, 0.00472940085456, -0.00300629017875, 0.00254547945224, -0.00488615361974, 0.0118776988238, -0.0057758721523, 0.00422489317134, -0.00209396728314, -0.00105987710413], [-0.000479599984828, 0.0047552222386, -0.00274840765633, 0.00368313211948, -0.00312636583112, 0.00248065893538, -0.00301597756334, 0.00207452382892, -0.0057758721523, 0.0126394927502, -0.0040243039839, 0.00187686097343, -0.000689822656568], [0.00060870195739, -0.0049008615315, 0.00312197068706, -0.0039261947386, 0.00224883039482, -0.00279326178133, 0.00180084339809, -0.00277075124905, 0.00422489317134, -0.0040243039839, 0.0120680546388, -0.00487474119291, 0.00249111652374], [-0.00102464435622, 0.00578735442832, -0.00376262469217, 0.0041552754119, -0.00455672340468, 0.00309298280627, -0.00399584695697, 0.00279388343915, -0.00209396728314, 0.00187686097343, -0.00487474119291, 0.0162316560745, -0.00613538781181], [0.00153889658395, -0.00285696424544, 0.00292644323781, -0.00248059490696, 0.00212554796599, -0.00286694592796, 0.00372624769807, -0.00157671584748, -0.00105987710413, -0.000689822656568, 0.00249111652374, -0.00613538781181, 0.0131742879748]]
    },
    "melbands": {
        "dmean": [0.000735583889764, 0.0011618634453, 0.000945525534917, 0.001110542682, 0.000743461074308, 0.000250138080446, 0.000168275844771, 0.000246357027208, 0.000196814100491, 6.61259909975e-05, 0.000136544709676, 3.51049056917e-05, 1.8178981918e-05, 1.37764309329e-05, 8.04591127235e-06, 1.03643915281e-05, 7.1851127359e-06, 6.10622146269e-06, 3.96794848712e-06, 4.29913689004e-06, 3.04134960061e-06, 1.91702065422e-06, 1.7909176222e-06, 2.42220903601e-06, 1.76673040642e-06, 1.39217456763e-06, 1.87775117411e-06, 1.81604366389e-06, 9.45579415657e-07, 1.62219180311e-06, 2.13313114727e-06, 1.49676952788e-06, 9.24674282032e-07, 9.32415787247e-07, 7.976748293e-07, 9.03884483705e-07, 4.29451603168e-07, 2.84235795789e-07, 2.47545216325e-07, 2.01830147262e-07],
        "dmean2": [0.00116109917872, 0.00170038302895, 0.00151388568338, 0.00170953047927, 0.00111576449126, 0.000373901799321, 0.000254793703789, 0.000343664287357, 0.000276649167063, 9.00377999642e-05, 0.000188186852029, 4.8400801461e-05, 2.34722210735e-05, 1.81379909918e-05, 1.17023937491e-05, 1.51705971803e-05, 1.00795850813e-05, 8.7373846327e-06, 5.51972789253e-06, 5.63239200346e-06, 4.11084693042e-06, 2.69716565526e-06, 2.58875593317e-06, 3.57831231668e-06, 2.56072735283e-06, 2.02959131457e-06, 2.88088017442e-06, 3.0301712286e-06, 1.51665551584e-06, 2.89433910439e-06, 3.81689733331e-06, 2.52907807408e-06, 1.44387900036e-06, 1.4887685893e-06, 1.18179718811e-06, 1.29942134208e-06, 6.35627884549e-07, 4.13465102156e-07, 3.64453541124e-07, 3.13689412224e-07],
        "dvar": [2.39710448113e-06, 5.16723594046e-06, 2.46270246862e-06, 2.46867330134e-06, 1.36417679641e-06, 5.28060297711e-07, 1.32818229304e-07, 2.9808828117e-07, 2.86867788191e-07, 4.37933458386e-08, 9.11347228794e-08, 7.04909774996e-09, 3.10060288555e-09, 2.18123763496e-09, 7.03283431491e-10, 1.08148956457e-09, 4.67133665083e-10, 3.51336265636e-10, 1.26663762812e-10, 1.59943197575e-10, 1.11590570118e-10, 1.43722377749e-11, 1.04636794021e-11, 4.27298994798e-11, 5.40196394561e-11, 1.47459024158e-11, 8.3254229899e-11, 3.41448092023e-10, 2.2096713348e-11, 3.67993691075e-10, 3.90996346411e-10, 9.77355488208e-11, 2.09770013859e-11, 3.14431362891e-11, 1.43004288966e-11, 1.26551885291e-11, 1.51923352371e-12, 6.32007250354e-13, 3.85211204297e-13, 2.36439421644e-13],
        "dvar2": [5.93665208726e-06, 1.02751473605e-05, 6.59058105157e-06, 5.51112316316e-06, 2.77437152363e-06, 1.23013478515e-06, 3.33832872457e-07, 6.12269047906e-07, 5.74718114876e-07, 8.82784760847e-08, 1.61767559348e-07, 1.10421227717e-08, 5.75161474003e-09, 3.89636323206e-09, 1.59319446524e-09, 2.28933516588e-09, 9.5828489588e-10, 7.16860404371e-10, 2.17544190995e-10, 2.37263431124e-10, 2.28386157208e-10, 2.66349910877e-11, 2.0421442315e-11, 1.05064568157e-10, 1.31609140253e-10, 3.03103861454e-11, 1.94062418912e-10, 9.394794942e-10, 5.59242582798e-11, 1.06598352367e-09, 1.14570486431e-09, 2.64258809279e-10, 4.28863923541e-11, 8.17420922616e-11, 3.35642381943e-11, 2.75323167043e-11, 2.89562362803e-12, 1.17015468495e-12, 6.93134677258e-13, 5.63323422197e-13],
        "max": [0.0209943596274, 0.0280926432461, 0.0184694044292, 0.0211741812527, 0.0141773996875, 0.015122115612, 0.00715330382809, 0.00725619588047, 0.0073165516369, 0.00443998677656, 0.00560402451083, 0.00196337956004, 0.00141119142063, 0.00128945964389, 0.000567530631088, 0.000723687408026, 0.00046260326053, 0.000387010077247, 0.000225961732212, 0.000250822893577, 0.000284160545561, 4.9135502195e-05, 4.56870366179e-05, 0.000143037585076, 0.000167398582562, 8.04607843747e-05, 0.000223982497118, 0.000505474745296, 8.45708927955e-05, 0.000486561795697, 0.000458451220766, 0.000219587513129, 0.000101065772469, 0.000124483325635, 7.79908514232e-05, 6.51614682283e-05, 1.80782026291e-05, 1.20598906506e-05, 1.04409909909e-05, 1.11560566438e-05],
        "mean": [0.00188239733689, 0.00266961171292, 0.00175075919833, 0.00250855693594, 0.00195760605857, 0.00054399081273, 0.000369072629837, 0.000549852615222, 0.000435315159848, 0.000151486325194, 0.000362909253454, 8.83079119376e-05, 4.75780107081e-05, 3.51191665686e-05, 1.5846300812e-05, 2.27579566854e-05, 1.28184947243e-05, 1.17422723633e-05, 7.24891151549e-06, 8.86951420398e-06, 5.59905174669e-06, 3.62498690265e-06, 3.75091099158e-06, 4.66830942969e-06, 3.21666539094e-06, 2.5818251288e-06, 3.03697765958e-06, 2.18322543333e-06, 1.02331523522e-06, 1.29387967718e-06, 1.67319308275e-06, 1.48400670241e-06, 1.10470716663e-06, 1.00248678336e-06, 9.83925360742e-07, 1.02811804936e-06, 5.33543811798e-07, 3.81928742854e-07, 3.17229961411e-07, 2.22066361744e-07],
        "median": [0.000851668592077, 0.0011480023386, 0.00092494400451, 0.00158153811935, 0.000811551872175, 0.000177106048795, 0.00011989325867, 0.000159301853273, 9.49475506786e-05, 2.94601140922e-05, 7.640937838e-05, 3.35457480105e-05, 7.93004619482e-06, 6.17695650362e-06, 5.94248012931e-06, 4.75941897093e-06, 2.59341277342e-06, 2.60823958342e-06, 1.84934935987e-06, 1.40314887176e-06, 1.05832964437e-06, 9.35659954848e-07, 1.00758836652e-06, 1.05229844394e-06, 7.01108092471e-07, 7.03117507328e-07, 6.89429612066e-07, 3.16954128721e-07, 1.23179788147e-07, 8.35299900359e-08, 7.63568905882e-08, 6.75392115568e-08, 6.86092107571e-08, 6.53447145282e-08, 7.1246525124e-08, 8.14563421159e-08, 6.90438213269e-08, 7.50470974253e-08, 7.31302876034e-08, 5.33272910275e-08],
        "min": [3.13305054078e-06, 8.15290331957e-06, 1.17224826681e-05, 2.56171078945e-05, 7.09192136128e-06, 5.9322570678e-07, 1.14142846996e-06, 5.02570571825e-07, 2.50541972946e-07, 3.89822503166e-07, 3.12468841912e-07, 6.3929718408e-08, 5.99142566671e-08, 6.83873722096e-08, 1.13729733187e-07, 6.01990777227e-08, 2.69923319252e-08, 6.86825956109e-08, 1.87615878389e-08, 2.94351529817e-08, 2.03993764103e-08, 1.30036337254e-08, 1.58145727625e-08, 7.77224862247e-09, 6.10506090126e-09, 5.28026111724e-09, 3.56226026454e-09, 6.65229293872e-09, 3.13766790327e-09, 1.26021060254e-09, 9.31059465636e-11, 2.87773194163e-10, 1.61842636515e-10, 1.22319321338e-10, 6.92956136916e-10, 7.19016624018e-10, 1.53253451596e-11, 1.51780241153e-10, 3.54123050328e-11, 2.43423987564e-12],
