{
"highlevel": {
    "danceability": {
        "all": {
            "danceable": 0.999997019768,
            "not_danceable": 2.98677309729e-06
        },
        "probability": 0.999997019768,
        "value": "danceable"
    },
    "gender": {
        "all": {
            "female": 0.743967056274,
            "male": 0.256032973528
        },
        "probability": 0.743967056274,
        "value": "female"
    },
    "genre_dortmund": {
        "all": {
            "alternative": 0.0804458409548,
            "blues": 0.0464014112949,
            "electronic": 0.118776217103,
            "folkcountry": 0.138532996178,
            "funksoulrnb": 0.0153512731194,
            "jazz": 0.0177734475583,
            "pop": 0.259695827961,
            "raphiphop": 0.0772794038057,
            "rock": 0.245743587613
        },
        "probability": 0.259695827961,
        "value": "pop"
    },
    "genre_electronic": {
        "all": {
            "ambient": 0.0842970535159,
            "dnb": 0.198410525918,
            "house": 0.031226284802,
            "techno": 0.0148373227566,
            "trance": 0.671228826046
        },
        "probability": 0.671228826046,
        "value": "trance"
    },
    "genre_rosamerica": {
        "all": {
            "cla": 0.00114986626431,
            "dan": 0.245076432824,
            "hip": 0.0150290066376,
            "jaz": 0.00138895935379,
            "pop": 0.639022529125,
            "rhy": 0.0103994412348,
            "roc": 0.0868787243962,
            "spe": 0.0010550240986
        },
        "probability": 0.639022529125,
        "value": "pop"
    },
    "genre_tzanetakis": {
        "all": {
            "blu": 0.0626613423228,
            "cla": 0.0348169617355,
            "cou": 0.104475811124,
            "dis": 0.0784321576357,
            "hip": 0.15692435205,
            "jaz": 0.313974827528,
            "met": 0.0448166541755,
            "pop": 0.0627359300852,
            "reg": 0.0627360641956,
            "roc": 0.0784258767962
        },
        "probability": 0.313974827528,
        "value": "jaz"
    },
    "ismir04_rhythm": {
        "all": {
            "ChaChaCha": 0.370853275061,
            "Jive": 0.0379964411259,
            "Quickstep": 0.0317665487528,
            "Rumba-American": 0.00840745680034,
            "Rumba-International": 0.0480982325971,
            "Rumba-Misc": 0.00504638114944,
            "Samba": 0.479442089796,
            "Tango": 0.00466538779438,
            "VienneseWaltz": 0.00835526082665,
            "Waltz": 0.00536892144009
        },
        "probability": 0.479442089796,
        "value": "Samba"
    },
    "mood_acoustic": {
        "all": {
            "acoustic": 1.6493735302e-06,
            "not_acoustic": 0.99999833107
        },
        "probability": 0.99999833107,
        "value": "not_acoustic"
    },
    "mood_aggressive": {
        "all": {
            "aggressive": 0.350732177496,
            "not_aggressive": 0.649267852306
        },
        "probability": 0.649267852306,
        "value": "not_aggressive"
    },
    "mood_electronic": {
        "all": {
            "electronic": 0.371851056814,
            "not_electronic": 0.628148972988
        },
        "probability": 0.628148972988,
        "value": "not_electronic"
    },
    "mood_happy": {
        "all": {
            "happy": 0.877266466618,
            "not_happy": 0.122733533382
        },
        "probability": 0.877266466618,
        "value": "happy"
    },
    "mood_party": {
        "all": {
            "not_party": 0.472557365894,
            "party": 0.527442634106
        },
        "probability": 0.527442634106,
        "value": "party"
    },
    "mood_relaxed": {
        "all": {
            "not_relaxed": 0.935343205929,
            "relaxed": 0.0646567717195
        },
        "probability": 0.935343205929,
        "value": "not_relaxed"
    },
    "mood_sad": {
        "all": {
            "not_sad": 0.792010486126,
            "sad": 0.207989498973
        },
        "probability": 0.792010486126,
        "value": "not_sad"
    },
    "moods_mirex": {
        "all": {
            "Cluster1": 0.453365415335,
            "Cluster2": 0.179919973016,
            "Cluster3": 0.101519092917,
            "Cluster4": 0.12923233211,
            "Cluster5": 0.135963186622
        },
        "probability": 0.453365415335,
        "value": "Cluster1"
    },
    "timbre": {
        "all": {
            "bright": 0.801438212395,
            "dark": 0.198561802506
        },
        "probability": 0.801438212395,
        "value": "bright"
    },
    "tonal_atonal": {
        "all": {
            "atonal": 0.181994006038,
            "tonal": 0.818005979061
        },
        "probability": 0.818005979061,
        "value": "tonal"
    },
    "voice_instrumental": {
        "all": {
            "instrumental": 0.00347334938124,
            "voice": 0.996526658535
        },
        "probability": 0.996526658535,
        "value": "voice"
    }
},
"lowlevel": {
    "average_loudness": 0.983580887318,
    "barkbands_crest": {
        "dmean": 4.0453710556,
        "dmean2": 6.69183731079,
        "dvar": 11.1511611938,
        "dvar2": 28.3785037994,
        "max": 25.505065918,
        "mean": 14.3925495148,
        "median": 14.3889884949,
        "min": 3.07391119003,
        "var": 21.7924766541
    },
    "barkbands_flatness_db": {
        "dmean": 0.0316968336701,
        "dmean2": 0.0507144369185,
        "dvar": 0.000708859937731,
        "dvar2": 0.00172060832847,
        "max": 0.310293346643,
        "mean": 0.155727848411,
        "median": 0.15308251977,
        "min": 0.0322591923177,
        "var": 0.00185974233318
    },
    "barkbands_kurtosis": {
        "dmean": 5.61245203018,
        "dmean2": 9.09590816498,
        "dvar": 91.123588562,
        "dvar2": 230.420028687,
        "max": 145.60534668,
        "mean": 6.90943670273,
        "median": 3.0216422081,
        "min": -1.93070447445,
        "var": 125.380882263
    },
    "barkbands_skewness": {
        "dmean": 0.863982796669,
        "dmean2": 1.36491918564,
        "dvar": 0.733796596527,
        "dvar2": 1.72994077206,
        "max": 11.170173645,
        "mean": 2.19811916351,
        "median": 1.92980098724,
        "min": -0.940950751305,
        "var": 2.02334570885
    },
    "barkbands_spread": {
        "dmean": 9.18576145172,
        "dmean2": 14.2194671631,
        "dvar": 116.532012939,
        "dvar2": 232.233856201,
        "max": 123.593597412,
        "mean": 28.7338695526,
        "median": 25.5960063934,
        "min": 1.50405883789,
        "var": 319.01864624
    },
    "dissonance": {
        "dmean": 0.0162014048547,
        "dmean2": 0.0276750195771,
        "dvar": 0.000283765111817,
        "dvar2": 0.00081245606998,
        "max": 0.499950736761,
        "mean": 0.47031968832,
        "median": 0.476031154394,
        "min": 0.344985634089,
        "var": 0.000521616777405
    },
    "dynamic_complexity": 1.22444283962,
    "erbbands_crest": {
        "dmean": 2.33973741531,
        "dmean2": 3.68820571899,
        "dvar": 5.03181028366,
        "dvar2": 11.1537351608,
        "max": 32.068561554,
        "mean": 9.50313568115,
        "median": 7.93200874329,
        "min": 2.44461655617,
        "var": 31.5429019928
    },
    "erbbands_flatness_db": {
        "dmean": 0.0145277772099,
        "dmean2": 0.0215221680701,
        "dvar": 0.00015990488464,
        "dvar2": 0.000331131799612,
        "max": 0.283305466175,
        "mean": 0.122886948287,
        "median": 0.117149151862,
        "min": 0.0514078401029,
        "var": 0.00135290203616
    },
    "erbbands_kurtosis": {
        "dmean": 0.750090420246,
        "dmean2": 1.19711637497,
        "dvar": 2.56408333778,
        "dvar2": 6.13342857361,
        "max": 47.412902832,
        "mean": 0.560245394707,
        "median": -0.187035799026,
        "min": -1.46301090717,
        "var": 10.7114591599
    },
    "erbbands_skewness": {
        "dmean": 0.308675915003,
        "dmean2": 0.459453850985,
        "dvar": 0.0822013989091,
        "dvar2": 0.18768197298,
        "max": 3.42452764511,
        "mean": 0.18400901556,
        "median": 0.150691434741,
        "min": -2.11325478554,
        "var": 0.54308193922
    },
    "erbbands_spread": {
        "dmean": 8.73544216156,
        "dmean2": 13.2842502594,
        "dvar": 74.9641113281,
        "dvar2": 173.606246948,
        "max": 135.396133423,
        "mean": 48.8478469849,
        "median": 46.9973831177,
        "min": 3.06800746918,
        "var": 411.927978516
    },
    "hfc": {
        "dmean": 12.3585653305,
        "dmean2": 17.8753013611,
        "dvar": 446.509521484,
        "dvar2": 907.492858887,
        "max": 280.372467041,
        "mean": 40.3780555725,
        "median": 35.8079414368,
        "min": 5.00230026245,
        "var": 898.290405273
    },
    "melbands_crest": {
        "dmean": 5.02419757843,
        "dmean2": 8.21020126343,
        "dvar": 16.7941455841,
        "dvar2": 42.348941803,
        "max": 35.3350639343,
        "mean": 21.4315547943,
        "median": 21.3753662109,
        "min": 4.46732378006,
        "var": 36.6258125305
    },
    "melbands_flatness_db": {
        "dmean": 0.0391257070005,
        "dmean2": 0.0622333735228,
        "dvar": 0.0010384991765,
        "dvar2": 0.00251000048593,
        "max": 0.411900311708,
        "mean": 0.219923242927,
        "median": 0.218672260642,
        "min": 0.0274759847671,
        "var": 0.00302803702652
    },
    "melbands_kurtosis": {
        "dmean": 17.1585426331,
        "dmean2": 28.1646461487,
        "dvar": 656.653747559,
        "dvar2": 1733.83129883,
        "max": 274.168426514,
        "mean": 27.3548316956,
        "median": 16.7169265747,
        "min": -1.24762892723,
        "var": 1007.09106445
    },
    "melbands_skewness": {
        "dmean": 1.31255626678,
        "dmean2": 2.10532617569,
        "dvar": 1.65642917156,
        "dvar2": 4.21601724625,
        "max": 13.3319091797,
        "mean": 4.03545093536,
        "median": 3.62467288971,
        "min": -0.548312902451,
        "var": 4.78345394135
    },
    "melbands_spread": {
        "dmean": 8.57158088684,
        "dmean2": 13.6824455261,
        "dvar": 88.6424331665,
        "dvar2": 214.460250854,
        "max": 113.083908081,
        "mean": 20.7944316864,
        "median": 17.9207572937,
        "min": 0.961862206459,
        "var": 221.261627197
    },
    "pitch_salience": {
        "dmean": 0.0947700962424,
        "dmean2": 0.156330034137,
        "dvar": 0.00748868752271,
        "dvar2": 0.0178049392998,
        "max": 0.743400275707,
        "mean": 0.410400480032,
        "median": 0.414842814207,
        "min": 0.08411347121,
        "var": 0.0135015798733
    },
    "silence_rate_20dB": {
        "dmean": 0,
        "dmean2": 0,
        "dvar": 0,
        "dvar2": 0,
        "max": 1,
        "mean": 1,
        "median": 1,
        "min": 1,
        "var": 0
    },
    "silence_rate_30dB": {
        "dmean": 0.0417956672609,
        "dmean2": 0.0836560800672,
        "dvar": 0.040048956871,
        "dvar2": 0.115387603641,
        "max": 1,
        "mean": 0.976798117161,
        "median": 1,
        "min": 0,
        "var": 0.0226632151753
    },
    "silence_rate_60dB": {
        "dmean": 0,
        "dmean2": 0,
        "dvar": 0,
        "dvar2": 0,
        "max": 0,
        "mean": 0,
        "median": 0,
        "min": 0,
        "var": 0
    },
    "spectral_centroid": {
        "dmean": 269.795684814,
        "dmean2": 386.716796875,
        "dvar": 77629.546875,
        "dvar2": 138714.90625,
        "max": 4263.20703125,
        "mean": 1692.74829102,
        "median": 1553.71728516,
        "min": 433.059906006,
        "var": 399194.59375
    },
    "spectral_complexity": {
        "dmean": 4.97058820724,
        "dmean2": 7.26181268692,
        "dvar": 26.9030971527,
        "dvar2": 45.2019348145,
        "max": 58,
        "mean": 24.1608657837,
        "median": 21,
        "min": 6,
        "var": 101.404815674
    },
    "spectral_decrease": {
        "dmean": 5.72214808869e-09,
        "dmean2": 9.79730607753e-09,
        "dvar": 2.64953030867e-17,
        "dvar2": 7.75295741718e-17,
        "max": -1.90065807537e-09,
        "mean": -1.63180118307e-08,
        "median": -1.54788644124e-08,
        "min": -4.53210375895e-08,
        "var": 3.9187820486e-17
    },
    "spectral_energy": {
        "dmean": 0.0218048207462,
        "dmean2": 0.0373778566718,
        "dvar": 0.000377178948838,
        "dvar2": 0.00109874864575,
        "max": 0.172392889857,
        "mean": 0.0652502775192,
        "median": 0.0627404227853,
        "min": 0.00769327906892,
        "var": 0.000564114016015
    },
    "spectral_energyband_high": {
        "dmean": 0.00106515432708,
        "dmean2": 0.00152684852947,
        "dvar": 4.08367395721e-06,
        "dvar2": 7.77269451646e-06,
        "max": 0.0271796882153,
        "mean": 0.00235471013002,
        "median": 0.0014636561973,
        "min": 7.05826314515e-05,
        "var": 9.1732972578e-06
    },
    "spectral_energyband_low": {
        "dmean": 0.0223942976445,
        "dmean2": 0.0382058434188,
        "dvar": 0.000422712502768,
        "dvar2": 0.00122393690981,
        "max": 0.169184684753,
        "mean": 0.0436424314976,
        "median": 0.0387991033494,
        "min": 0.00143980293069,
        "var": 0.000592818600126
    },
    "spectral_energyband_middle_high": {
        "dmean": 0.00255798664875,
        "dmean2": 0.00381037546322,
        "dvar": 1.46786742334e-05,
        "dvar2": 3.29901158693e-05,
        "max": 0.0581789799035,
        "mean": 0.00816232617944,
        "median": 0.00572397001088,
        "min": 0.00068437558366,
        "var": 6.39706122456e-05
    },
    "spectral_energyband_middle_low": {
        "dmean": 0.00409375550225,
        "dmean2": 0.006552670151,
        "dvar": 2.44888451562e-05,
        "dvar2": 6.14818709437e-05,
        "max": 0.0382431149483,
        "mean": 0.0115555664524,
        "median": 0.0103955725208,
        "min": 0.00135704234708,
        "var": 5.6535260228e-05
    },
    "spectral_entropy": {
        "dmean": 0.138108760118,
        "dmean2": 0.201638519764,
        "dvar": 0.0180319156498,
        "dvar2": 0.0329758748412,
        "max": 8.82077312469,
        "mean": 7.81521749496,
        "median": 7.81162023544,
        "min": 6.94612073898,
        "var": 0.119925715029
    },
    "spectral_flux": {
        "dmean": 0.0374383963645,
        "dmean2": 0.0611336044967,
        "dvar": 0.00100386072882,
        "dvar2": 0.00255269673653,
        "max": 0.309397220612,
        "mean": 0.132491394877,
        "median": 0.12607704103,
        "min": 0.0365503244102,
        "var": 0.00211007962935
    },
    "spectral_kurtosis": {
        "dmean": 0.795899748802,
        "dmean2": 1.27322399616,
        "dvar": 0.516100883484,
        "dvar2": 1.28381037712,
        "max": 9.43457984924,
        "mean": 2.79184746742,
        "median": 2.67538261414,
        "min": -1.32249748707,
        "var": 2.11019849777
    },
    "spectral_rms": {
        "dmean": 0.00132372102235,
        "dmean2": 0.00225524161942,
        "dvar": 1.25543863305e-06,
        "dvar2": 3.63391859537e-06,
        "max": 0.0129687385634,
        "mean": 0.00784272421151,
        "median": 0.0078236926347,
        "min": 0.00273964204825,
        "var": 2.15072032006e-06
    },
    "spectral_rolloff": {
        "dmean": 672.614074707,
        "dmean2": 1156.70617676,
        "dvar": 1821668,
        "dvar2": 4138538,
        "max": 11218.7988281,
        "mean": 1208.8572998,
        "median": 710.595703125,
        "min": 64.599609375,
        "var": 2747956.75
    },
    "spectral_skewness": {
        "dmean": 0.143614843488,
        "dmean2": 0.223521709442,
        "dvar": 0.0185330267996,
        "dvar2": 0.0397641547024,
        "max": 2.57275629044,
        "mean": 1.3827881813,
        "median": 1.39732909203,
        "min": 0.187246695161,
        "var": 0.0842543914914
    },
    "spectral_spread": {
        "dmean": 703376.875,
        "dmean2": 1019879.6875,
        "dvar": 814114078720,
        "dvar2": 1.38981684019e+12,
        "max": 14951335,
        "mean": 5923223,
        "median": 5532857,
        "min": 2981656.75,
        "var": 3.14076010906e+12
    },
    "spectral_strongpeak": {
        "dmean": 0.472677886486,
        "dmean2": 0.863467633724,
        "dvar": 0.932244181633,
        "dvar2": 2.50193166733,
        "max": 8.6420135498,
        "mean": 0.674231052399,
        "median": 0.388748943806,
        "min": 0,
        "var": 1.25134146214
    },
    "zerocrossingrate": {
        "dmean": 0.0141919022426,
        "dmean2": 0.0174813009799,
        "dvar": 0.000264571834123,
        "dvar2": 0.000331910181558,
        "max": 0.29150390625,
        "mean": 0.0606865994632,
        "median": 0.0537109375,
        "min": 0.00439453125,
        "var": 0.00119038473349
    },
    "barkbands": {
        "dmean": [0.00285731628537, 0.0211560577154, 0.00258093257435, 0.000917557335924, 0.00168643076904, 0.00103475875221, 0.00104959204327, 0.000487521436298, 0.00107395206578, 0.00081521901302, 0.000729626859538, 0.000256693019764, 0.000363738479791, 0.000348441128153, 0.000409821019275, 0.000263148453087, 0.000402408855734, 0.000355887255864, 0.000340602535289, 0.000248970114626, 0.000158329712576, 0.000126750310301, 0.000151846528752, 0.00028588832356, 0.000382576748962, 9.05538181541e-05, 2.22015934526e-08],
        "dmean2": [0.00485595222563, 0.0361863896251, 0.00447620684281, 0.00160593527835, 0.0028298725374, 0.00162635731976, 0.00169695913792, 0.000808397249784, 0.00151833763812, 0.00120481709018, 0.00113503914326, 0.000409246451454, 0.000563739100471, 0.000542283116374, 0.000613709620666, 0.000411298096878, 0.000651303795166, 0.000539785309229, 0.000521094189025, 0.000373149901861, 0.000237374901189, 0.000188889709534, 0.000228037883062, 0.000420970609412, 0.00058874161914, 0.000137442257255, 3.86816232378e-08],
        "dvar": [7.23864832253e-06, 0.000408591178712, 1.79434573511e-05, 2.87961120193e-06, 7.94412153482e-06, 4.04477486882e-06, 4.6706672947e-06, 2.3631394015e-06, 4.25868120146e-06, 3.50738855559e-06, 3.44609247804e-06, 3.34920912337e-07, 5.35469951046e-07, 5.08995697146e-07, 5.18770377766e-07, 2.12870332916e-07, 6.29851911071e-07, 3.30184150243e-07, 2.95299230402e-07, 1.28088544216e-07, 8.2145774627e-08, 6.15954220962e-08, 7.89777558907e-08, 4.13588622905e-07, 1.12323243684e-06, 6.85416239321e-08, 1.40581829557e-14],
        "dvar2": [2.0224311811e-05, 0.00115795200691, 4.93803054269e-05, 7.95219420979e-06, 2.0321298507e-05, 8.7381222329e-06, 1.14587010103e-05, 6.41298765913e-06, 7.81470498623e-06, 7.13465033186e-06, 7.5738630585e-06, 7.75610544679e-07, 1.09462393993e-06, 1.21043194667e-06, 1.01553655441e-06, 4.81690676679e-07, 1.52344262005e-06, 7.42766133044e-07, 6.5844301389e-07, 2.68652939894e-07, 1.65665227314e-07, 1.21401740216e-07, 1.63885829352e-07, 8.57699944845e-07, 2.31758826885e-06, 1.64017791349e-07, 2.79579809146e-14],
        "max": [0.0203942470253, 0.162054181099, 0.0331671833992, 0.0167778413743, 0.0286166369915, 0.0269751138985, 0.0259993486106, 0.029037207365, 0.0296458005905, 0.0521626360714, 0.047467444092, 0.0111843952909, 0.0145653262734, 0.00922953244299, 0.0135467536747, 0.00599163910374, 0.00857384968549, 0.00875512789935, 0.00669873971492, 0.00345472362824, 0.00327195576392, 0.00320370867848, 0.003121196758, 0.0132338115945, 0.0202748291194, 0.00532022025436, 2.66054507847e-06],
        "mean": [0.00409999350086, 0.0361759066582, 0.00314624095336, 0.00105242757127, 0.00316799688153, 0.00207696831785, 0.00171805603895, 0.000609200331382, 0.00246995920315, 0.00191623019055, 0.00134532398079, 0.000360115926014, 0.000542629742995, 0.000586436653975, 0.00078647735063, 0.000421322270995, 0.000778585032094, 0.000682428071741, 0.00067480513826, 0.000556705053896, 0.00030019285623, 0.000212756043766, 0.000249143689871, 0.000558858271688, 0.000626495515462, 0.000135072899866, 1.54792481055e-08],
        "median": [0.00338359246962, 0.0313628613949, 0.00198496179655, 0.000585470465012, 0.000954650167841, 0.00066416937625, 0.000608499278314, 0.000290269817924, 0.000469421967864, 0.000366150139598, 0.000406482315157, 0.000179312046384, 0.000230656703934, 0.000152924360009, 0.000348932895577, 0.000214355415665, 0.000270452466793, 0.000311992858769, 0.000395313545596, 0.000332812574925, 0.000150422172737, 7.17959555914e-05, 0.000103013597254, 0.000262519315584, 0.000269534066319, 4.6593555453e-05, 1.31119559654e-09],
        "min": [2.41600464506e-05, 0.000992309418507, 2.99302282656e-05, 6.5123153945e-06, 2.8964388548e-05, 2.12323429878e-05, 9.2400387075e-06, 7.31969385015e-06, 3.06526417262e-05, 3.24593020196e-05, 1.05222661659e-05, 1.8528658984e-05, 1.16595665531e-05, 1.33484309117e-05, 2.80699314317e-05, 1.10479395516e-05, 2.87832262984e-05, 1.71211995621e-05, 1.8821505364e-05, 9.01601561054e-06, 8.8352644525e-06, 1.47588662003e-06, 8.29258056001e-07, 3.3985236314e-07, 1.69102554537e-06, 1.33147066705e-08, 1.26504006923e-11],
        "var": [1.01473078757e-05, 0.000534810475074, 1.54578410729e-05, 2.3457143925e-06, 2.20761339733e-05, 1.1599588106e-05, 7.8970033428e-06, 1.79042240234e-06, 2.80642598227e-05, 2.82623259409e-05, 1.60662675626e-05, 4.49821811799e-07, 9.81592620519e-07, 1.39054282045e-06, 1.62363608069e-06, 3.84933287023e-07, 1.79153278168e-06, 9.36954108965e-07, 6.21098649844e-07, 3.55629452997e-07, 1.6374464451e-07, 1.36667807737e-07, 1.54246976081e-07, 7.65320294249e-07, 1.87736532098e-06, 9.49004430595e-08, 1.12461614728e-14]
    },
    "erbbands": {
        "dmean": [0.935646057129, 4.07468080521, 3.60217356682, 2.53114390373, 4.21706914902, 6.70314311981, 8.35144042969, 8.91341114044, 12.5915546417, 13.694981575, 11.087272644, 27.1971893311, 20.2753238678, 33.4526672363, 19.9610023499, 10.280538559, 16.1806945801, 17.2202186584, 21.3884925842, 12.2427501678, 16.4504833221, 19.5257606506, 18.4224395752, 18.5038223267, 14.6637830734, 11.7452936172, 8.20335578918, 5.43206930161, 4.6864862442, 4.17074489594, 4.61695194244, 5.08584308624, 5.92886734009, 5.34613084793, 2.14121866226, 0.658284962177, 0.123303726315, 0.00950232241303, 0.000194977706997, 3.17417179758e-05],
        "dmean2": [1.59123408794, 6.98772144318, 6.19576025009, 4.34774303436, 7.33869695663, 10.9679269791, 13.376994133, 13.6763181686, 19.9963092804, 22.2714214325, 18.0255050659, 38.1515235901, 29.4117240906, 49.7445602417, 29.0080299377, 16.3250236511, 24.928319931, 26.4909629822, 31.190656662, 18.8995494843, 25.5055770874, 31.0622634888, 28.0333023071, 28.4437236786, 22.3837661743, 17.3193817139, 12.1140451431, 8.31056404114, 6.96732711792, 6.24205207825, 6.90783548355, 7.47317838669, 8.94093704224, 8.33022975922, 3.26941204071, 0.989162802696, 0.192757129669, 0.015393323265, 0.000302812492009, 5.20312823937e-05],
        "dvar": [0.796898424625, 17.3206367493, 24.7566986084, 20.0040988922, 73.3665390015, 161.121185303, 224.192092896, 396.882415771, 773.588134766, 865.427246094, 860.560974121, 3111.58398438, 2629.86157227, 6323.38183594, 3493.64550781, 376.761260986, 1152.8795166, 1140.83190918, 1610.43603516, 421.461700439, 899.424804688, 1601.66394043, 1117.34240723, 770.870117188, 591.236572266, 283.765319824, 189.309783936, 107.909080505, 86.8561782837, 67.3789215088, 69.25440979, 133.433273315, 174.353027344, 193.198455811, 40.8258285522, 3.74765110016, 0.104057595134, 0.000520251342095, 2.15293383121e-07, 1.53790258306e-09],
        "dvar2": [2.2142021656, 47.2413978577, 68.1772994995, 53.2781448364, 202.440353394, 391.813415527, 523.069885254, 831.645263672, 1850.76086426, 2248.27490234, 2202.11010742, 5953.95654297, 5425.25341797, 13219.0361328, 4455.91357422, 826.280212402, 2307.87695312, 2874.47021484, 2947.16479492, 901.119567871, 2067.04077148, 3943.80200195, 2506.76733398, 1757.00561523, 1315.98400879, 589.706848145, 381.543884277, 228.867355347, 175.980133057, 141.092559814, 140.763946533, 276.547302246, 377.192169189, 408.873596191, 84.6768417358, 8.59280872345, 0.249405905604, 0.00127515033819, 5.1165915238e-07, 3.54745877118e-09],
        "max": [6.56436872482, 35.9218940735, 48.3085899353, 39.8626785278, 77.6117095947, 174.20413208, 198.501113892, 347.604766846, 378.753509521, 474.078826904, 461.959136963, 861.844543457, 1028.13464355, 1868.61083984, 2533.86425781, 342.338134766, 789.437805176, 541.141784668, 809.536132812, 277.061737061, 413.539764404, 459.077392578, 601.805847168, 312.639038086, 288.585357666, 233.690368652, 143.893569946, 112.948707581, 117.986465454, 92.7433776855, 99.5613861084, 211.778182983, 261.919616699, 228.148620605, 136.340057373, 34.570980072, 6.76503992081, 0.378153473139, 0.00847693905234, 0.000673695816658],
        "mean": [1.51439583302, 6.11297750473, 5.26587677002, 3.34994959831, 5.00164794922, 12.7885923386, 17.4876441956, 17.1683425903, 21.1150093079, 21.192855835, 17.4921665192, 64.376739502, 45.2350502014, 79.8080444336, 40.1541671753, 16.8613014221, 25.3853626251, 31.6057910919, 44.3726768494, 23.7689971924, 34.4505577087, 36.2304878235, 38.3639678955, 37.6994018555, 30.6029014587, 25.8078346252, 16.9831886292, 9.69165706635, 7.92334318161, 6.70202302933, 7.56503009796, 9.03156375885, 10.9008083344, 8.80637168884, 3.24633479118, 0.980994522572, 0.175943210721, 0.0111586563289, 0.000304740155116, 9.95724985842e-05],
        "median": [1.33483839035, 4.92365789413, 3.77942419052, 2.0619904995, 2.67427325249, 2.9978749752, 4.69189548492, 6.32902765274, 7.69781827927, 9.5683889389, 9.08026885986, 12.5180091858, 13.2223348618, 18.5657253265, 14.3344917297, 9.58894252777, 11.6884965897, 11.4427156448, 17.7757072449, 14.9286499023, 14.0144882202, 15.1724443436, 15.9103221893, 23.8235359192, 18.7676563263, 15.6086959839, 8.39271259308, 4.70514059067, 2.82498979568, 2.24999928474, 3.33713531494, 3.95933914185, 5.39671993256, 3.7372508049, 1.27861881256, 0.328272283077, 0.0667510330677, 0.00346557004377, 0.000140967909829, 9.0917252237e-05],
        "min": [0.0307510141283, 0.0773922652006, 0.135296478868, 0.14219199121, 0.0889359414577, 0.120925664902, 0.195128798485, 0.443313866854, 0.473563998938, 0.649166166782, 0.558616757393, 0.951265573502, 1.14402556419, 1.24724900723, 1.56433963776, 0.869493424892, 0.879791140556, 1.11239242554, 1.14018189907, 1.48204648495, 1.16119503975, 1.80033063889, 1.41171240807, 1.68066608906, 0.901263177395, 0.662819743156, 0.696502923965, 0.455020427704, 0.0916672945023, 0.131163775921, 0.0640521794558, 0.0335040390491, 0.0374993830919, 0.0281329415739, 0.0026128150057, 0.000382173922844, 6.80290468154e-05, 5.21305810253e-06, 6.31105240245e-06, 9.70250493992e-06],
        "var": [1.03881371021, 22.7984809875, 25.8787460327, 17.1351032257, 59.6672363281, 516.647033691, 825.97052002, 1165.97363281, 1240.8034668, 1077.42895508, 1014.07885742, 20783.5585938, 7833.33886719, 45918.15625, 20191.8066406, 701.985473633, 2203.67260742, 3460.27612305, 5864.91015625, 818.372070312, 3039.11035156, 2979.61230469, 3517.49145508, 1586.71008301, 1319.40722656, 780.779174805, 442.251739502, 206.511703491, 186.215515137, 137.050094604, 133.350418091, 250.57371521, 305.390167236, 335.176971436, 61.0075454712, 5.4397482872, 0.140256851912, 0.000587086135056, 2.85011594769e-07, 2.87204571237e-09]
    },
    "gfcc": {
        "mean": [59.1166305542, 74.3966293335, -100.404541016, 46.2788009644, -50.2666931152, 32.9983787537, -34.5678901672, 35.2780990601, -23.0882644653, 12.4434299469, -6.07588291168, 1.75134027004, -0.36452588439],
        "cov": [[962.648925781, -513.118591309, -18.6963768005, 22.1391029358, -56.7347679138, 29.277513504, -131.844650269, 18.037481308, -105.362098694, 40.4722099304, -86.2313995361, 30.5522632599, -104.70211792], [-513.118591309, 613.500061035, -149.495361328, -68.2646789551, 48.3311729431, -65.7669830322, 129.974441528, -36.7746620178, 12.6293783188, -63.3294677734, 68.9962768555, -89.4497756958, 88.8893280029], [-18.6963768005, -149.495361328, 394.224761963, 4.01424598694, -15.1303873062, 57.8895988464, -105.149307251, -36.1426734924, -23.5247745514, 5.80769586563, -41.4227142334, 76.4608917236, -24.2191524506], [22.1391029358, -68.2646789551, 4.01424598694, 228.966110229, 4.29618263245, -64.0135726929, -53.3731803894, -36.2212486267, 59.6170921326, -23.3826007843, -6.62208938599, 32.6411781311, -2.97548532486], [-56.7347679138, 48.3311729431, -15.1303873062, 4.29618263245, 91.0653457642, -2.00269579887, 28.9704551697, 18.7125835419, 11.6281328201, 6.04289674759, 0.653335213661, -4.43148469925, 8.79048442841], [29.277513504, -65.7669830322, 57.8895988464, -64.0135726929, -2.00269579887, 148.574371338, 29.4081916809, -5.90696144104, -18.1564788818, 4.70526456833, -3.63864541054, -25.4034748077, -14.3168745041], [-131.844650269, 129.974441528, -105.149307251, -53.3731803894, 28.9704551697, 29.4081916809, 174.384979248, 23.5126514435, 16.601190567, 3.98851180077, 3.3482170105, -34.9852409363, -3.03770685196], [18.037481308, -36.7746620178, -36.1426734924, -36.2212486267, 18.7125835419, -5.90696144104, 23.5126514435, 135.520721436, 20.8624477386, 10.9729127884, 29.422700882, -19.9852256775, 27.5269508362], [-105.362098694, 12.6293783188, -23.5247745514, 59.6170921326, 11.6281328201, -18.1564788818, 16.601190567, 20.8624477386, 122.568084717, 20.9898509979, 16.0372886658, 22.1618766785, 5.17652988434], [40.4722099304, -63.3294677734, 5.80769586563, -23.3826007843, 6.04289674759, 4.70526456833, 3.98851180077, 10.9729127884, 20.9898509979, 79.3314056396, 11.634352684, 8.89881134033, -8.95907211304], [-86.2313995361, 68.9962768555, -41.4227142334, -6.62208938599, 0.653335213661, -3.63864541054, 3.3482170105, 29.422700882, 16.0372886658, 11.634352684, 100.402008057, -4.76872158051, 44.1069335938], [30.5522632599, -89.4497756958, 76.4608917236, 32.6411781311, -4.43148469925, -25.4034748077, -34.9852409363, -19.9852256775, 22.1618766785, 8.89881134033, -4.76872158051, 111.547149658, -9.08149337769], [-104.70211792, 88.8893280029, -24.2191524506, -2.97548532486, 8.79048442841, -14.3168745041, -3.03770685196, 27.5269508362, 5.17652988434, -8.95907211304, 44.1069335938, -9.08149337769, 85.1929168701]],
        "icov": [[0.00292482506484, 0.00174507813063, 0.00176421517972, -0.000385042658309, 0.000381702091545, -0.000571821583435, 0.00167227617931, -0.000904403277673, 0.00270756124519, -0.000948956527282, 0.00117252534255, -0.000536885228939, 0.00154968525749], [0.00174507813063, 0.00832868553698, -0.000357947661541, 0.00473412126303, -0.00307462667115, 0.00655317632481, -0.00388149032369, 0.00702064763755, -0.00262422068045, 0.00642796978354, -0.00406136270612, 0.00598955107853, -0.00389350252226], [0.00176421517972, -0.000357947661541, 0.00559861026704, -0.00113153364509, 0.000594816228841, -0.00419575255364, 0.00438856519759, -0.00210470799357, 0.00294750463217, -0.00222589005716, 0.00316794379614, -0.00434782728553, 0.00164705363568], [-0.000385042658309, 0.00473412126303, -0.00113153364509, 0.0106794480234, -0.00342172849923, 0.00697795860469, -0.00140308646951, 0.00738897547126, -0.00749627547339, 0.00779756437987, -0.00349174975418, 0.00438567996025, -0.00272241234779], [0.000381702091545, -0.00307462667115, 0.000594816228841, -0.00342172849923, 0.0138352895156, -0.00307645159774, 3.04721343127e-05, -0.00499156489968, 0.00233524758369, -0.00460469909012, 0.00344627606682, -0.00290653295815, 0.000675872783177], [-0.000571821583435, 0.00655317632481, -0.00419575255364, 0.00697795860469, -0.00307645159774, 0.0162853803486, -0.00687475083396, 0.00845048576593, -0.00511743267998, 0.00718855764717, -0.00606495561078, 0.00911093130708, -0.00323257688433], [0.00167227617931, -0.00388149032369, 0.00438856519759, -0.00140308646951, 3.04721343127e-05, -0.00687475083396, 0.013087763451, -0.00566315604374, 0.00222149165347, -0.00437248311937, 0.00452692434192, -0.0041292719543, 0.00506307464093], [-0.000904403277673, 0.00702064763755, -0.00210470799357, 0.00738897547126, -0.00499156489968, 0.00845048576593, -0.00566315604374, 0.0175560507923, -0.00758131360635, 0.00739128189161, -0.00672697369009, 0.00830362271518, -0.00711053656414], [0.00270756124519, -0.00262422068045, 0.00294750463217, -0.00749627547339, 0.00233524758369, -0.00511743267998, 0.00222149165347, -0.00758131360635, 0.0171003919095, -0.00863355956972, 0.00307054677978, -0.00667328899726, 0.00382160302252], [-0.000948956527282, 0.00642796978354, -0.00222589005716, 0.00779756437987, -0.00460469909012, 0.00718855764717, -0.00437248311937, 0.00739128189161, -0.00863355956972, 0.0223846491426, -0.00756776146591, 0.00553251523525, -0.00170810043346], [0.00117252534255, -0.00406136270612, 0.00316794379614, -0.00349174975418, 0.00344627606682, -0.00606495561078, 0.00452692434192, -0.00672697369009, 0.00307054677978, -0.00756776146591, 0.0180812478065, -0.00527476379648, -0.00348848477006], [-0.000536885228939, 0.00598955107853, -0.00434782728553, 0.00438567996025, -0.00290653295815, 0.00911093130708, -0.0041292719543, 0.00830362271518, -0.00667328899726, 0.00553251523525, -0.00527476379648, 0.0181510411203, -0.00333825312555], [0.00154968525749, -0.00389350252226, 0.00164705363568, -0.00272241234779, 0.000675872783177, -0.00323257688433, 0.00506307464093, -0.00711053656414, 0.00382160302252, -0.00170810043346, -0.00348848477006, -0.00333825312555, 0.0209816768765]]
    },
    "melbands": {
        "dmean": [0.00680879456922, 0.00285372277722, 0.000489480094984, 0.0003703746479, 0.000293294142466, 0.000194730149815, 0.000205461226869, 0.000139017633046, 9.87275998341e-05, 0.000180433155037, 0.000103625883639, 0.000135964830406, 7.7917247836e-05, 3.31571754941e-05, 3.37254859915e-05, 3.61492784577e-05, 3.54538169631e-05, 3.68947112293e-05, 2.8024905987e-05, 1.56043406605e-05, 2.27037053264e-05, 2.23924453167e-05, 2.15009968088e-05, 1.44867817653e-05, 1.66001464095e-05, 1.29180607473e-05, 9.27568271436e-06, 8.21246248961e-06, 6.25486927675e-06, 3.66471931557e-06, 3.34332798957e-06, 2.81363736576e-06, 2.45049432124e-06, 2.4459695851e-06, 2.95359404845e-06, 2.80328913504e-06, 3.47819582203e-06, 4.1751200115e-06, 5.01928388985e-06, 4.72986948807e-06],
        "dmean2": [0.0116078099236, 0.0048730801791, 0.000839476997498, 0.000626598426607, 0.000473236781545, 0.000297573773423, 0.000327098794514, 0.000226368239964, 0.000159115428687, 0.000250778539339, 0.000150137741002, 0.000200671784114, 0.000114364876936, 5.05879761477e-05, 5.56464183319e-05, 5.54861144337e-05, 5.54070866201e-05, 5.32799276698e-05, 4.30249856436e-05, 2.39217588387e-05, 3.54941694241e-05, 3.63990875485e-05, 3.38731333613e-05, 2.17873912334e-05, 2.60129927483e-05, 2.02389855986e-05, 1.45437961692e-05, 1.2423388398e-05, 9.49198874878e-06, 5.55993892704e-06, 5.24807410329e-06, 4.27694976679e-06, 3.78684080715e-06, 3.69332815353e-06, 4.52695849162e-06, 4.17596766056e-06, 5.24315737493e-06, 6.40348116576e-06, 7.75247372076e-06, 7.40522500564e-06],
        "dvar": [4.14563764934e-05, 9.67461710388e-06, 7.81996163823e-07, 4.40743264107e-07, 2.32766268482e-07, 1.66252874578e-07, 1.87525373008e-07, 1.09480161825e-07, 6.56110117347e-08, 1.3526972964e-07, 6.93451553957e-08, 1.02472512253e-07, 3.91829324542e-08, 1.09056124131e-08, 6.4541110234e-09, 5.09644593194e-09, 5.76815217812e-09, 4.79836792522e-09, 2.51514564731e-09, 5.68588898187e-10, 1.8855399464e-09, 1.95319138641e-09, 2.27224483673e-09, 4.41849917765e-10, 6.30021979031e-10, 5.06199415717e-10, 2.32326560767e-10, 1.35491701192e-10, 1.07295866636e-10, 4.13782653974e-11, 4.53317279547e-11, 3.27680452217e-11, 2.37973460382e-11, 2.36971536144e-11, 2.65491482965e-11, 3.67206508256e-11, 6.00804822559e-11, 8.09519881684e-11, 1.41099312789e-10, 1.82740697574e-10],
        "dvar2": [0.000118724201457, 2.59704211203e-05, 2.06736058317e-06, 1.13413580038e-06, 5.45231500837e-07, 3.51930083298e-07, 4.56543205019e-07, 2.93741919677e-07, 1.6385088486e-07, 2.54354091567e-07, 1.44748241837e-07, 2.03691300271e-07, 7.03526978896e-08, 1.79484569429e-08, 1.61872524274e-08, 1.04004955759e-08, 1.49445664732e-08, 9.08951580669e-09, 5.62105251234e-09, 1.17660281518e-09, 4.38240688183e-09, 4.82980366812e-09, 5.4114379644e-09, 9.66727808915e-10, 1.46016509994e-09, 1.19799736797e-09, 5.46956868686e-10, 2.91163537725e-10, 2.35991309827e-10, 8.56473919564e-11, 1.02070546459e-10, 6.75510550274e-11, 4.87819680484e-11, 5.14931743079e-11, 5.75066279318e-11, 7.82444872782e-11, 1.27209118239e-10, 1.75850084494e-10, 3.26573351694e-10, 3.97699373433e-10],
        "max": [0.0447327569127, 0.0287298671901, 0.00646532140672, 0.00738404970616, 0.00547774275765, 0.0066763353534, 0.00588511163369, 0.00623183697462, 0.00391369592398, 0.00579567300156, 0.00509556662291, 0.00839309208095, 0.00652328040451, 0.00357225863263, 0.00153530202806, 0.00121853989549, 0.00117348693311, 0.00117266783491, 0.000754981068894, 0.000271237659035, 0.000698701362126, 0.000511428108439, 0.000478360627312, 0.000306754634948, 0.00029747231747, 0.000309053313686, 0.000195965636522, 0.000158792929142, 0.00010855137225, 8.36028630147e-05, 7.81548078521e-05, 6.87921710778e-05, 6.01129540883e-05, 5.53222744202e-05, 5.26179064764e-05, 7.46161022107e-05, 0.000144268225995, 0.000187422687304, 0.00022457029263, 0.000250938144745],
        "mean": [0.011651603505, 0.00461434014142, 0.000635554897599, 0.000602703075856, 0.000637854682282, 0.000374422263121, 0.00034657100332, 0.000207457094803, 0.000146350328578, 0.000426069775131, 0.000213866049307, 0.000323533604387, 0.000146989506902, 5.52692363271e-05, 4.71265921078e-05, 5.48079005966e-05, 5.89328010392e-05, 6.79647928337e-05, 4.83582953166e-05, 2.57113806583e-05, 4.60040646431e-05, 3.94039307139e-05, 3.87852378481e-05, 2.8728536563e-05, 3.10631367029e-05, 2.39453493123e-05, 1.91228609765e-05, 1.65071087395e-05, 1.23213931147e-05, 6.6729203354e-06, 5.24526194567e-06, 4.58325121144e-06, 3.76661319024e-06, 3.7333218188e-06, 4.43249473392e-06, 4.34305047747e-06, 5.87941258345e-06, 7.33149090593e-06, 8.42499775899e-06, 7.15319538358e-06],
        "median": [0.0102064423263, 0.0036504920572, 0.000398739852244, 0.000204536772799, 0.000173323001945, 0.000131969994982, 0.000125319813378, 9.49333407334e-05, 5.94898374402e-05, 7.87881144788e-05, 5.53217214474e-05, 6.61817612126e-05, 4.78658803331e-05, 2.58815325651e-05, 1.94999702217e-05, 2.49856930168e-05, 1.52389256982e-05, 2.25966196012e-05, 2.55162376561e-05, 1.40390702654e-05, 1.5399804397e-05, 1.55687012011e-05, 1.18542484415e-05, 1.50825580931e-05, 1.87123805517e-05, 1.43067472891e-05, 1.12177149276e-05, 9.82315395959e-06, 5.87691738474e-06, 3.2423556604e-06, 2.24724431064e-06, 1.60523018167e-06, 1.21446805679e-06, 1.24073289953e-06, 1.8806948674e-06, 1.89847241927e-06, 2.31488616009e-06, 3.25933274326e-06, 3.88316402677e-06, 2.68507960755e-06],
        "min": [0.000300540181343, 6.23432861175e-05, 1.51552940224e-05, 5.92166998103e-06, 5.36912102689e-06, 8.68041570357e-06, 2.5966648991e-06, 3.32654940394e-06, 2.63759079644e-06, 4.96013217344e-06, 3.84113036489e-06, 4.19666775997e-06, 1.99527221412e-06, 2.29522311201e-06, 1.60059983045e-06, 1.26577458559e-06, 1.55857924256e-06, 1.40831411954e-06, 1.68317581029e-06, 9.15838882065e-07, 9.18723515042e-07, 1.71933697857e-06, 1.03483910152e-06, 8.17402451503e-07, 1.21702180422e-06, 5.94834261847e-07, 3.46397030171e-07, 2.02223915835e-07, 3.87064289953e-07, 3.78340807572e-08, 1.86297512528e-07, 3.24192477308e-08, 5.62903190726e-09, 1.71477605448e-08, 1.22435572791e-08, 2.3184840714e-08, 1.82602988286e-10, 2.69666311503e-09, 1.03680966035e-08, 4.44401390687e-11],
