{
"highlevel": {
    "danceability": {
        "all": {
            "danceable": 0.816729545593,
            "not_danceable": 0.183270439506
        },
        "probability": 0.816729545593,
        "value": "danceable"
    },
    "gender": {
        "all": {
            "female": 0.192251265049,
            "male": 0.807748734951
        },
        "probability": 0.807748734951,
        "value": "male"
    },
    "genre_dortmund": {
        "all": {
            "alternative": 0.0308479387313,
            "blues": 0.400154173374,
            "electronic": 0.0040619042702,
            "folkcountry": 0.345577538013,
            "funksoulrnb": 0.00908556766808,
            "jazz": 0.0815278962255,
            "pop": 0.0424074083567,
            "raphiphop": 0.00293053989299,
            "rock": 0.0834070518613
        },
        "probability": 0.400154173374,
        "value": "blues"
    },
    "genre_electronic": {
        "all": {
            "ambient": 0.38295173645,
            "dnb": 0.231414139271,
            "house": 0.336191445589,
            "techno": 0.019122634083,
            "trance": 0.0303200427443
        },
        "probability": 0.38295173645,
        "value": "ambient"
    },
    "genre_rosamerica": {
        "all": {
            "cla": 0.057719103992,
            "dan": 0.0338322855532,
            "hip": 0.151932641864,
            "jaz": 0.0536291897297,
            "pop": 0.291305780411,
            "rhy": 0.214345231652,
            "roc": 0.161197975278,
            "spe": 0.0360377915204
        },
        "probability": 0.291305780411,
        "value": "pop"
    },
    "genre_tzanetakis": {
        "all": {
            "blu": 0.0626541376114,
            "cla": 0.0348133966327,
            "cou": 0.0783501937985,
            "dis": 0.104547761381,
            "hip": 0.15693578124,
            "jaz": 0.313987255096,
            "met": 0.044816005975,
            "pop": 0.0627349764109,
            "reg": 0.0627352520823,
            "roc": 0.0784252434969
        },
        "probability": 0.313987255096,
        "value": "jaz"
    },
    "ismir04_rhythm": {
        "all": {
            "ChaChaCha": 0.0976363494992,
            "Jive": 0.0944867953658,
            "Quickstep": 0.388860553503,
            "Rumba-American": 0.0128584932536,
            "Rumba-International": 0.0239155311137,
            "Rumba-Misc": 0.00605554319918,
            "Samba": 0.327966034412,
            "Tango": 0.0236254073679,
            "VienneseWaltz": 0.016236661002,
            "Waltz": 0.00835864152759
        },
        "probability": 0.388860553503,
        "value": "Quickstep"
    },
    "mood_acoustic": {
        "all": {
            "acoustic": 0.228524640203,
            "not_acoustic": 0.771475374699
        },
        "probability": 0.771475374699,
        "value": "not_acoustic"
    },
    "mood_aggressive": {
        "all": {
            "aggressive": 0.0211544297636,
            "not_aggressive": 0.978845596313
        },
        "probability": 0.978845596313,
        "value": "not_aggressive"
    },
    "mood_electronic": {
        "all": {
            "electronic": 0.0569897554815,
            "not_electronic": 0.943010270596
        },
        "probability": 0.943010270596,
        "value": "not_electronic"
    },
    "mood_happy": {
        "all": {
            "happy": 0.831199228764,
            "not_happy": 0.168800801039
        },
        "probability": 0.831199228764,
        "value": "happy"
    },
    "mood_party": {
        "all": {
            "not_party": 0.298118561506,
            "party": 0.701881408691
        },
        "probability": 0.701881408691,
        "value": "party"
    },
    "mood_relaxed": {
        "all": {
            "not_relaxed": 0.980295598507,
            "relaxed": 0.0197044219822
        },
        "probability": 0.980295598507,
        "value": "not_relaxed"
    },
    "mood_sad": {
        "all": {
            "not_sad": 0.732249319553,
            "sad": 0.267750650644
        },
        "probability": 0.732249319553,
        "value": "not_sad"
    },
    "moods_mirex": {
        "all": {
            "Cluster1": 0.139868125319,
            "Cluster2": 0.517011880875,
            "Cluster3": 0.0737381577492,
            "Cluster4": 0.206491351128,
            "Cluster5": 0.0628904625773
        },
        "probability": 0.517011880875,
        "value": "Cluster2"
    },
    "timbre": {
        "all": {
            "bright": 0.987163960934,
            "dark": 0.0128360632807
        },
        "probability": 0.987163960934,
        "value": "bright"
    },
    "tonal_atonal": {
        "all": {
            "atonal": 0.132553130388,
            "tonal": 0.867446839809
        },
        "probability": 0.867446839809,
        "value": "tonal"
    },
    "voice_instrumental": {
        "all": {
            "instrumental": 0.181498974562,
            "voice": 0.818501055241
        },
        "probability": 0.818501055241,
        "value": "voice"
    }
},
"lowlevel": {
    "average_loudness": 0.965484261513,
    "barkbands_crest": {
        "dmean": 2.71220755577,
        "dmean2": 4.47216081619,
        "dvar": 6.57766389847,
        "dvar2": 17.3188648224,
        "max": 22.4478435516,
        "mean": 9.40964984894,
        "median": 8.69007778168,
        "min": 2.99508976936,
        "var": 13.7193403244
    },
    "barkbands_flatness_db": {
        "dmean": 0.0270133409649,
        "dmean2": 0.0414143651724,
        "dvar": 0.000565008318517,
        "dvar2": 0.00124639132991,
        "max": 0.350791573524,
        "mean": 0.160103470087,
        "median": 0.150183811784,
        "min": 0.0638010054827,
        "var": 0.00279790023342
    },
    "barkbands_kurtosis": {
        "dmean": 4.89947557449,
        "dmean2": 7.68388557434,
        "dvar": 88.6494827271,
        "dvar2": 204.176116943,
        "max": 176.31791687,
        "mean": 6.2879743576,
        "median": 1.3385219574,
        "min": -1.86078357697,
        "var": 176.933502197
    },
    "barkbands_skewness": {
        "dmean": 0.778456449509,
        "dmean2": 1.16146922112,
        "dvar": 0.608185052872,
        "dvar2": 1.30103886127,
        "max": 10.4155235291,
        "mean": 1.81885826588,
        "median": 1.57616662979,
        "min": -1.5422809124,
        "var": 2.71798801422
    },
    "barkbands_spread": {
        "dmean": 9.16534233093,
        "dmean2": 14.1322946548,
        "dvar": 85.6060638428,
        "dvar2": 185.540359497,
        "max": 86.2977371216,
        "mean": 29.1051998138,
        "median": 27.4868679047,
        "min": 0.926565051079,
        "var": 259.310089111
    },
    "dissonance": {
        "dmean": 0.0129829663783,
        "dmean2": 0.0216035638005,
        "dvar": 0.000165701771039,
        "dvar2": 0.000429896113928,
        "max": 0.500000059605,
        "mean": 0.474038779736,
        "median": 0.478673607111,
        "min": 0.340362995863,
        "var": 0.000372005393729
    },
    "dynamic_complexity": 2.29908823967,
    "erbbands_crest": {
        "dmean": 2.17825865746,
        "dmean2": 3.44551515579,
        "dvar": 4.04239225388,
        "dvar2": 9.12193107605,
        "max": 26.6169147491,
        "mean": 8.0312204361,
        "median": 7.1403837204,
        "min": 2.50785017014,
        "var": 13.9256057739
    },
    "erbbands_flatness_db": {
        "dmean": 0.0195120275021,
        "dmean2": 0.0270626153797,
        "dvar": 0.000333176867571,
        "dvar2": 0.000590073410422,
        "max": 0.384100168943,
        "mean": 0.152727127075,
        "median": 0.139201372862,
        "min": 0.0717759504914,
        "var": 0.00328236189671
    },
    "erbbands_kurtosis": {
        "dmean": 0.861092865467,
        "dmean2": 1.3142772913,
        "dvar": 1.53266918659,
        "dvar2": 3.01931166649,
        "max": 22.6899490356,
        "mean": -0.0541844256222,
        "median": -0.70821762085,
        "min": -1.76671826839,
        "var": 3.92619013786
    },
    "erbbands_skewness": {
        "dmean": 0.425319671631,
        "dmean2": 0.637619793415,
        "dvar": 0.168532267213,
        "dvar2": 0.345471680164,
        "max": 2.92620325089,
        "mean": -0.288644492626,
        "median": -0.266304016113,
        "min": -4.42655086517,
        "var": 0.767208039761
    },
    "erbbands_spread": {
        "dmean": 12.2415237427,
        "dmean2": 18.4824295044,
        "dvar": 153.537414551,
        "dvar2": 335.136657715,
        "max": 145.588027954,
        "mean": 55.5610809326,
        "median": 52.9409217834,
        "min": 8.69129943848,
        "var": 596.301635742
    },
    "hfc": {
        "dmean": 7.72786569595,
        "dmean2": 10.0001010895,
        "dvar": 107.256286621,
        "dvar2": 204.247360229,
        "max": 143.707260132,
        "mean": 18.6288871765,
        "median": 11.5641336441,
        "min": 0.199088022113,
        "var": 341.906463623
    },
    "melbands_crest": {
        "dmean": 3.12709522247,
        "dmean2": 5.13686084747,
        "dvar": 8.43395614624,
        "dvar2": 21.5721282959,
        "max": 29.0537204742,
        "mean": 13.5438022614,
        "median": 13.1986455917,
        "min": 4.82394933701,
        "var": 18.6231422424
    },
    "melbands_flatness_db": {
        "dmean": 0.0342708416283,
        "dmean2": 0.050925180316,
        "dvar": 0.000916514720302,
        "dvar2": 0.00183917069808,
        "max": 0.45757356286,
        "mean": 0.207693502307,
        "median": 0.200542137027,
        "min": 0.0585702694952,
        "var": 0.00472612446174
    },
    "melbands_kurtosis": {
        "dmean": 15.2756652832,
        "dmean2": 23.5881118774,
        "dvar": 607.978942871,
        "dvar2": 1351.65905762,
        "max": 310.913879395,
        "mean": 26.8429374695,
        "median": 13.2236728668,
        "min": -1.67931699753,
        "var": 1508.25488281
    },
    "melbands_skewness": {
        "dmean": 1.11346244812,
        "dmean2": 1.68358528614,
        "dvar": 1.34698343277,
        "dvar2": 3.04006886482,
        "max": 13.9769077301,
        "mean": 3.73807573318,
        "median": 3.3806951046,
        "min": -0.842116951942,
        "var": 5.51568603516
    },
    "melbands_spread": {
        "dmean": 10.992228508,
        "dmean2": 16.6653327942,
        "dvar": 177.740768433,
        "dvar2": 397.124298096,
        "max": 192.159759521,
        "mean": 28.7544136047,
        "median": 21.9828014374,
        "min": 0.681927680969,
        "var": 547.072937012
    },
    "pitch_salience": {
        "dmean": 0.0761842280626,
        "dmean2": 0.122269667685,
        "dvar": 0.00414738850668,
        "dvar2": 0.010698328726,
        "max": 0.82525831461,
        "mean": 0.572662174702,
        "median": 0.583058655262,
        "min": 0.250086516142,
        "var": 0.0103399753571
    },
    "silence_rate_20dB": {
        "dmean": 0,
        "dmean2": 0,
        "dvar": 0,
        "dvar2": 0,
        "max": 1,
        "mean": 1,
        "median": 1,
        "min": 1,
        "var": 0
    },
    "silence_rate_30dB": {
        "dmean": 0,
        "dmean2": 0,
        "dvar": 0,
        "dvar2": 0,
        "max": 1,
        "mean": 1,
        "median": 1,
        "min": 1,
        "var": 0
    },
    "silence_rate_60dB": {
        "dmean": 0.0263157896698,
        "dmean2": 0.0526723451912,
        "dvar": 0.0256231855601,
        "dvar2": 0.0576438680291,
        "max": 1,
        "mean": 0.040216550231,
        "median": 0,
        "min": 0,
        "var": 0.0385992303491
    },
    "spectral_centroid": {
        "dmean": 408.042480469,
        "dmean2": 613.706665039,
        "dvar": 154594.65625,
        "dvar2": 341335.5,
        "max": 4159.37646484,
        "mean": 1809.53137207,
        "median": 1784.33081055,
        "min": 228.356964111,
        "var": 621089.9375
    },
    "spectral_complexity": {
        "dmean": 4.3080496788,
        "dmean2": 6.08752918243,
        "dvar": 22.9715995789,
        "dvar2": 39.5205917358,
        "max": 46,
        "mean": 15.1198759079,
        "median": 13,
        "min": 0,
        "var": 82.1580123901
    },
    "spectral_decrease": {
        "dmean": 1.78123416017e-09,
        "dmean2": 2.71713007649e-09,
        "dvar": 3.69724422084e-18,
        "dvar2": 8.79013073225e-18,
        "max": -2.57403716397e-11,
        "mean": -4.79128425823e-09,
        "median": -4.40663106005e-09,
        "min": -1.56053783229e-08,
        "var": 8.31083002529e-18
    },
    "spectral_energy": {
        "dmean": 0.00713155139238,
        "dmean2": 0.0106873810291,
        "dvar": 5.72731187276e-05,
        "dvar2": 0.000131721710204,
        "max": 0.0626987814903,
        "mean": 0.0197731181979,
        "median": 0.017946973443,
        "min": 0.000119095791888,
        "var": 0.000140634088893
    },
    "spectral_energyband_high": {
        "dmean": 0.000646729837172,
        "dmean2": 0.000877494574524,
        "dvar": 1.17985962333e-06,
        "dvar2": 2.36639380091e-06,
        "max": 0.0155604928732,
        "mean": 0.00113200407941,
        "median": 0.000498023407999,
        "min": 9.79129481493e-07,
        "var": 2.58313184531e-06
    },
    "spectral_energyband_low": {
        "dmean": 0.00418778695166,
        "dmean2": 0.00670376745984,
        "dvar": 3.32730342052e-05,
        "dvar2": 7.9576348071e-05,
        "max": 0.0516131520271,
        "mean": 0.00858524721116,
        "median": 0.00678700022399,
        "min": 5.73691750105e-07,
        "var": 6.29425921943e-05
    },
    "spectral_energyband_middle_high": {
        "dmean": 0.00157503248192,
        "dmean2": 0.00212080497295,
        "dvar": 6.629130894e-06,
        "dvar2": 1.14223239507e-05,
        "max": 0.0339588820934,
        "mean": 0.0039672520943,
        "median": 0.00185777829029,
        "min": 2.00442827918e-05,
        "var": 2.72839733952e-05
    },
    "spectral_energyband_middle_low": {
        "dmean": 0.00367297930643,
        "dmean2": 0.00600925367326,
        "dvar": 2.89672516374e-05,
        "dvar2": 7.77133755037e-05,
        "max": 0.0539920441806,
        "mean": 0.00694744521752,
        "median": 0.0055472375825,
        "min": 2.5925488444e-05,
        "var": 3.3912678191e-05
    },
    "spectral_entropy": {
        "dmean": 0.220249757171,
        "dmean2": 0.307891368866,
        "dvar": 0.0365722626448,
        "dvar2": 0.0741732940078,
        "max": 8.62112236023,
        "mean": 7.52539682388,
        "median": 7.57012367249,
        "min": 6.00468492508,
        "var": 0.192868739367
    },
    "spectral_flux": {
        "dmean": 0.0251072365791,
        "dmean2": 0.0383744463325,
        "dvar": 0.000535741157364,
        "dvar2": 0.00116914592218,
        "max": 0.216529980302,
        "mean": 0.0760658606887,
        "median": 0.0683477669954,
        "min": 0.00570923183113,
        "var": 0.00138313358184
    },
    "spectral_kurtosis": {
        "dmean": 1.34894478321,
        "dmean2": 2.27335643768,
        "dvar": 2.52302455902,
        "dvar2": 7.21254253387,
        "max": 14.4676074982,
        "mean": 3.08319807053,
        "median": 2.42808055878,
        "min": -1.10964643955,
        "var": 4.96350288391
    },
    "spectral_rms": {
        "dmean": 0.000809372228105,
        "dmean2": 0.00117952772416,
        "dvar": 6.09478320257e-07,
        "dvar2": 1.35517677791e-06,
        "max": 0.00782109610736,
        "mean": 0.00416589062661,
        "median": 0.00418440485373,
        "min": 0.000340868049534,
        "var": 1.93621394828e-06
    },
    "spectral_rolloff": {
        "dmean": 784.38079834,
        "dmean2": 1325.18518066,
        "dvar": 1281065.75,
        "dvar2": 2761912.25,
        "max": 11907.8613281,
        "mean": 1846.95861816,
        "median": 1399.65820312,
        "min": 86.1328125,
        "var": 2789184.25
    },
    "spectral_skewness": {
        "dmean": 0.2227293998,
        "dmean2": 0.364833921194,
        "dvar": 0.0461905412376,
        "dvar2": 0.121480338275,
        "max": 2.52483391762,
        "mean": 1.12182128429,
        "median": 1.11513221264,
        "min": -0.145087137818,
        "var": 0.128346398473
    },
    "spectral_spread": {
        "dmean": 703970.125,
        "dmean2": 1017202.6875,
        "dvar": 569054855168,
        "dvar2": 1.11649082573e+12,
        "max": 12780810,
        "mean": 4750650.5,
        "median": 4588106,
        "min": 1641283.875,
        "var": 2.11263370035e+12
    },
    "spectral_strongpeak": {
        "dmean": 0.635253787041,
        "dmean2": 1.08868002892,
        "dvar": 2.77524638176,
        "dvar2": 7.11615276337,
        "max": 17.1816864014,
        "mean": 0.818076312542,
        "median": 0.236167490482,
        "min": 0.0156659632921,
        "var": 3.81284737587
    },
    "zerocrossingrate": {
        "dmean": 0.0144171463326,
        "dmean2": 0.0167017914355,
        "dvar": 0.000190683378605,
        "dvar2": 0.000266574294074,
        "max": 0.28466796875,
        "mean": 0.0746722891927,
        "median": 0.07177734375,
        "min": 0.00634765625,
        "var": 0.00119268463459
    },
    "barkbands": {
        "dmean": [0.000216915403144, 0.00297135300934, 0.0013608521549, 0.00109560403507, 0.00211576861329, 0.000660160265397, 0.000453020824352, 0.00027821760159, 0.000341839186149, 0.000227168435231, 0.000148980572703, 0.000142323915497, 6.65939805913e-05, 0.000131185006467, 0.000215633233893, 0.000257787469309, 0.000309331167955, 0.00037435896229, 0.00041261795559, 0.000171542764292, 0.000323212618241, 9.8736374639e-05, 7.94908701209e-05, 9.00179875316e-05, 7.06894788891e-05, 1.35073796628e-05, 1.15465459416e-09],
        "dmean2": [0.000365689193131, 0.00482373172417, 0.00217345519923, 0.00189673982095, 0.00363597483374, 0.00105370790698, 0.00072777090827, 0.000459217670141, 0.000505639938638, 0.00037443934707, 0.000230566147366, 0.000224107367103, 0.000100379555079, 0.000203659859835, 0.000319119077176, 0.00038820199552, 0.000440136209363, 0.000524850795045, 0.00059176859213, 0.00024627908715, 0.000465947610792, 0.000136950155138, 0.000113828158646, 0.000133397072204, 9.71716726781e-05, 1.97327590286e-05, 1.87501325577e-09],
        "dvar": [1.44378049072e-07, 2.38727479882e-05, 2.56064822679e-06, 2.1257408207e-06, 1.51184185597e-05, 1.26934253331e-06, 1.11621432097e-06, 1.16735145639e-06, 1.43419697451e-06, 5.14484497671e-07, 5.25156906406e-07, 1.05859221833e-07, 2.62188457612e-08, 1.35807511015e-07, 2.83507887389e-07, 3.37533123229e-07, 6.59734439523e-07, 7.29778435016e-07, 8.52254686379e-07, 1.14755636105e-07, 4.56149251704e-07, 2.94992013039e-08, 3.41932064885e-08, 1.38442615594e-07, 3.25530642442e-08, 8.93896401344e-10, 1.0908174998e-16],
        "dvar2": [3.62928943787e-07, 5.9475620219e-05, 6.52657308819e-06, 5.89313413002e-06, 4.25539074058e-05, 3.07543882627e-06, 2.70843656835e-06, 2.87463740278e-06, 2.75874617728e-06, 1.47702257891e-06, 1.44087312037e-06, 2.17388475221e-07, 5.74317660096e-08, 2.79541580994e-07, 5.46198464235e-07, 7.35130072371e-07, 1.29141653815e-06, 1.15421062219e-06, 1.74023250565e-06, 2.14356091988e-07, 8.77685863543e-07, 5.88107589294e-08, 7.73885702188e-08, 3.70883213918e-07, 7.76253870072e-08, 2.12496997776e-09, 1.11680817639e-16],
        "max": [0.00366954877973, 0.0421414412558, 0.0137295713648, 0.0180792659521, 0.0385458879173, 0.0130167771131, 0.0141862593591, 0.0275231581181, 0.0278034582734, 0.0105891488492, 0.0170165058225, 0.00538261886686, 0.00281298859045, 0.00536930933595, 0.00973016582429, 0.0119557827711, 0.022951560095, 0.0170922800899, 0.00961714796722, 0.00737750343978, 0.00911855045706, 0.00186786416452, 0.0032211986836, 0.00895296689123, 0.00390938436612, 0.000643638020847, 3.73292891709e-07],
        "mean": [0.00025313635706, 0.00500398455188, 0.00251096999273, 0.00162345962599, 0.00282858335413, 0.00100871198811, 0.000613890995737, 0.000346948392689, 0.000456597248558, 0.000328191556036, 0.000224749252084, 0.000258760497672, 0.000105846498627, 0.000217590975808, 0.0003598293697, 0.000444019387942, 0.000491753395181, 0.000722415861674, 0.000665733590722, 0.000280338193988, 0.000576555496082, 0.000140260308399, 9.59406097536e-05, 0.000111452529381, 8.68168499437e-05, 1.65960955201e-05, 9.89887394276e-10],
        "median": [7.84508156357e-05, 0.00344320712611, 0.00178778462578, 0.0011892025359, 0.0019039256731, 0.000582853215747, 0.000215887834202, 0.000113626469101, 9.18588484637e-05, 6.6139808041e-05, 3.64011320926e-05, 6.62909733364e-05, 3.47317909473e-05, 4.58407484984e-05, 7.19540548744e-05, 0.000111365123303, 0.00015422188153, 0.000145312325913, 0.000166330108186, 0.000136343718623, 0.000186916571693, 5.39857173862e-05, 2.57709507423e-05, 2.71705848718e-05, 2.43985195993e-05, 5.05377420268e-06, 2.65510696762e-10],
        "min": [1.00506678535e-08, 1.25158479136e-07, 4.93946679114e-08, 9.86065540332e-09, 1.19256604592e-08, 4.24324255732e-08, 1.52328667014e-07, 2.36377601937e-08, 2.87531463528e-07, 3.68913894988e-08, 1.89324254052e-07, 1.01002221697e-07, 1.59334049954e-07, 6.4559577595e-07, 6.24425069873e-07, 1.15951138469e-06, 3.93224780737e-07, 2.76709982927e-07, 9.23641948702e-07, 1.09659049485e-06, 8.53362394082e-08, 1.37886374318e-07, 3.94506177726e-10, 1.70156655432e-09, 7.85350742771e-11, 1.15147093249e-11, 1.09993698177e-11],
        "var": [1.76939721541e-07, 3.29077956849e-05, 6.11875111645e-06, 2.747678991e-06, 1.24173175209e-05, 1.76043101874e-06, 1.51464541887e-06, 1.0751219861e-06, 1.95793973035e-06, 7.03611817698e-07, 7.96838492079e-07, 2.63403933332e-07, 4.76151669204e-08, 3.02826720144e-07, 7.46124726447e-07, 1.20374511425e-06, 1.31014473936e-06, 2.98572172142e-06, 2.05577157431e-06, 2.28047909445e-07, 1.15745308449e-06, 5.11494206989e-08, 4.2731613803e-08, 1.16737929545e-07, 3.65318442164e-08, 1.04782793553e-09, 1.09045479765e-16]
    },
    "erbbands": {
        "dmean": [0.0976415202022, 0.661980569363, 1.45580399036, 2.5001950264, 6.19273042679, 7.58794355392, 4.06953382492, 6.1441321373, 5.99712610245, 6.6904001236, 5.62197685242, 8.42242527008, 4.87905311584, 8.71547412872, 4.97315645218, 4.95929145813, 2.89439415932, 6.06451654434, 10.4194316864, 10.2182455063, 15.855137825, 15.4499807358, 20.1978988647, 14.9442453384, 23.1841487885, 7.53947973251, 9.97389316559, 12.7683086395, 3.80972456932, 2.35023522377, 2.4171462059, 2.03659677505, 1.48522543907, 1.00022757053, 0.386318653822, 0.10214984417, 0.0187481306493, 0.00101137405727, 2.77616109088e-05, 1.00724955701e-05],
        "dmean2": [0.159709215164, 1.09515988827, 2.34634256363, 4.2073340416, 10.7608690262, 12.985159874, 6.51208353043, 9.82151222229, 9.4923658371, 11.0234651566, 9.1191444397, 12.5433998108, 7.48193836212, 13.6254549026, 7.15198612213, 7.54909658432, 4.36300945282, 9.0941028595, 15.5646572113, 15.100071907, 22.7490653992, 21.9508914948, 28.5140304565, 21.541349411, 32.3129272461, 10.5140066147, 14.1580619812, 18.6421146393, 5.29372024536, 3.22482872009, 3.50691580772, 2.98810625076, 2.19828033447, 1.42194926739, 0.531675517559, 0.145018592477, 0.0283356532454, 0.00163744657766, 4.04178681492e-05, 1.39803014463e-05],
        "dvar": [0.0286690760404, 1.15899717808, 3.06930756569, 9.01718997955, 116.768333435, 197.117111206, 32.1940193176, 130.064453125, 194.949981689, 302.51776123, 535.050537109, 1009.90844727, 148.398147583, 1420.27209473, 137.510406494, 127.561958313, 41.4856681824, 305.963897705, 707.011291504, 896.112304688, 1388.96289062, 1196.47668457, 2080.73291016, 910.255249023, 2813.44458008, 164.299987793, 430.917999268, 735.556091309, 39.5618133545, 22.1915626526, 33.6234359741, 39.9566116333, 50.5347480774, 9.58920955658, 0.769460618496, 0.0535102337599, 0.0015900132712, 7.18353248885e-06, 3.60678598099e-09, 1.30258248632e-10],
        "dvar2": [0.0696949735284, 2.97524809837, 7.67077493668, 24.0429573059, 332.58001709, 543.579467773, 81.1073532104, 310.877380371, 450.205352783, 792.97253418, 1359.27087402, 1907.83288574, 325.366363525, 3503.09985352, 279.252624512, 269.48059082, 84.6397628784, 642.876403809, 1228.1027832, 2113.43579102, 2479.99267578, 2248.56591797, 3473.10375977, 1639.8972168, 5615.94921875, 305.155792236, 785.540344238, 1497.69494629, 77.3126831055, 45.6390419006, 78.0036697388, 104.070968628, 137.032958984, 24.4793758392, 1.7108079195, 0.129394486547, 0.00367148360237, 1.79564049176e-05, 8.43650305171e-09, 2.71435901533e-10],
        "max": [1.27572131157, 9.52550983429, 15.9313497543, 32.6193885803, 137.553497314, 123.778762817, 78.3922576904, 122.282821655, 171.729232788, 303.345550537, 543.277893066, 781.731628418, 167.533905029, 783.915649414, 250.780807495, 209.859039307, 79.9048919678, 269.627258301, 611.250183105, 657.103393555, 771.324645996, 679.671630859, 1003.04193115, 592.390197754, 848.715148926, 244.157531738, 359.039367676, 404.439117432, 67.989112854, 69.8056182861, 95.5059585571, 119.945724487, 182.349594116, 73.6660461426, 16.8706226349, 4.79080438614, 0.765366613865, 0.0383340604603, 0.00120748172048, 0.000193585947272],
        "mean": [0.147083714604, 1.11069047451, 2.80880379677, 4.50712633133, 8.0464630127, 9.56497383118, 7.17065048218, 8.79661560059, 8.62007904053, 8.93693161011, 7.34964799881, 11.228055954, 8.14726352692, 12.6781682968, 9.67835998535, 9.13965129852, 5.26222801208, 10.420416832, 18.641336441, 16.9689025879, 27.9515571594, 28.8061065674, 41.2719268799, 26.3753452301, 36.9063415527, 13.3570652008, 17.5068130493, 21.580072403, 6.03362369537, 3.12357902527, 2.85132718086, 2.48255395889, 1.77974379063, 1.1785851717, 0.490077853203, 0.129480198026, 0.0217725522816, 0.00103631441016, 4.21385120717e-05, 2.7669730116e-05],
        "median": [0.0867201983929, 0.781613469124, 2.0268330574, 3.47366499901, 5.20469045639, 6.0076956749, 4.76105642319, 4.57437610626, 3.21975874901, 3.67087435722, 2.60679888725, 2.33307099342, 2.42651057243, 2.49142932892, 2.97398424149, 2.70298504829, 1.87687695026, 2.45412111282, 3.70846748352, 4.94587516785, 7.32927656174, 9.52740859985, 9.22283554077, 8.10910701752, 9.66177749634, 6.68719863892, 6.23215246201, 6.95375156403, 2.5326321125, 0.972870767117, 0.745521306992, 0.606656372547, 0.44583594799, 0.318904697895, 0.139411568642, 0.0419723056257, 0.00575769226998, 0.000202500174055, 2.08276724152e-05, 2.37022886722e-05],
        "min": [1.82913470326e-06, 3.81622703571e-05, 6.51342488709e-05, 8.2479127741e-05, 9.15880664252e-05, 9.6714393294e-05, 0.000484740303364, 0.00146758288611, 0.00731556629762, 0.0545613542199, 0.0272788330913, 0.0126100303605, 0.00563468318433, 0.0154538247734, 0.0467304997146, 0.00580369355157, 0.0113564459607, 0.0305179264396, 0.0310034584254, 0.0484042987227, 0.0744458064437, 0.0419734343886, 0.042260684073, 0.0227499306202, 0.0604772605002, 0.0460626222193, 0.00636105425656, 0.00698316190392, 0.00807954929769, 0.00115436059423, 0.000291500706226, 9.32977491175e-05, 3.29985159624e-05, 1.77876900125e-05, 5.9664539549e-06, 1.88799572243e-06, 3.2415036344e-07, 1.1447839654e-07, 1.16092195412e-07, 1.78408129159e-07],
        "var": [0.0364751331508, 1.57387697697, 7.15184164047, 15.4838933945, 99.5421142578, 162.176315308, 60.634765625, 167.355224609, 312.66116333, 304.410247803, 465.279571533, 1392.0802002, 280.854858398, 2176.57666016, 364.090545654, 359.830688477, 90.0386505127, 647.178466797, 2351.95361328, 1563.0123291, 5002.86816406, 3122.23657227, 8688.68554688, 2544.28295898, 6418.14648438, 413.472930908, 1093.99377441, 1677.25036621, 77.392364502, 34.6033287048, 39.7919120789, 40.100189209, 38.3355789185, 8.91923427582, 0.992878973484, 0.0613541677594, 0.00194603216369, 6.6864645305e-06, 4.38304237349e-09, 3.34941935298e-10]
    },
    "gfcc": {
        "mean": [-18.9137172699, 87.8967971802, -115.766906738, 66.2825012207, -55.7833786011, 9.60796642303, -39.0846214294, 13.6966142654, -29.3467826843, 3.1912446022, -16.5299072266, -1.98023045063, -2.4584672451],
        "cov": [[4434.22851562, -873.1875, 644.55255127, 206.210189819, -216.79258728, 516.089904785, -554.080444336, 312.003936768, -301.396331787, -84.3226623535, -197.700271606, 59.9945335388, -259.401367188], [-873.1875, 910.711608887, -13.1861867905, 36.3251876831, 233.407440186, -121.375724792, 215.497512817, -90.9003372192, 69.7662582397, -61.0221176147, 88.3787231445, -57.5979881287, 146.213745117], [644.55255127, -13.1861867905, 1605.35754395, 454.111114502, -13.7292900085, 450.208984375, -318.591156006, 100.478500366, -239.824493408, -94.9863357544, -38.8741073608, -10.1396627426, -129.78338623], [206.210189819, 36.3251876831, 454.111114502, 453.810119629, 139.78843689, 128.158843994, -23.80443573, 1.49247777462, 17.5925807953, -30.4333209991, -42.908706665, -8.19796180725, 51.0813484192], [-216.79258728, 233.407440186, -13.7292900085, 139.78843689, 261.238098145, 13.9296636581, 90.955581665, -10.3286762238, 52.7196769714, -2.10835576057, -8.88403892517, -21.4809436798, 51.1883163452], [516.089904785, -121.375724792, 450.208984375, 128.158843994, 13.9296636581, 410.078033447, -6.64456748962, -16.3925971985, -79.3955383301, 11.379237175, -62.9250984192, 12.0274400711, -27.9670753479], [-554.080444336, 215.497512817, -318.591156006, -23.80443573, 90.955581665, -6.64456748962, 333.501800537, -73.7778167725, 109.733337402, 56.9137229919, 19.0412750244, 4.24712467194, 110.739898682], [312.003936768, -90.9003372192, 100.478500366, 1.49247777462, -10.3286762238, -16.3925971985, -73.7778167725, 185.313095093, -13.4125328064, -39.1645088196, 12.0594625473, -18.2728443146, -79.1060714722], [-301.396331787, 69.7662582397, -239.824493408, 17.5925807953, 52.7196769714, -79.3955383301, 109.733337402, -13.4125328064, 159.447906494, 41.1365509033, 8.81879138947, -1.00668179989, 53.491859436], [-84.3226623535, -61.0221176147, -94.9863357544, -30.4333209991, -2.10835576057, 11.379237175, 56.9137229919, -39.1645088196, 41.1365509033, 108.737594604, 8.33947944641, 18.9218940735, 25.2053470612], [-197.700271606, 88.3787231445, -38.8741073608, -42.908706665, -8.88403892517, -62.9250984192, 19.0412750244, 12.0594625473, 8.81879138947, 8.33947944641, 99.1802978516, 8.41749191284, -4.14314889908], [59.9945335388, -57.5979881287, -10.1396627426, -8.19796180725, -21.4809436798, 12.0274400711, 4.24712467194, -18.2728443146, -1.00668179989, 18.9218940735, 8.41749191284, 71.6228561401, 29.5864944458], [-259.401367188, 146.213745117, -129.78338623, 51.0813484192, 51.1883163452, -27.9670753479, 110.739898682, -79.1060714722, 53.491859436, 25.2053470612, -4.14314889908, 29.5864944458, 160.457214355]],
        "icov": [[0.000572633754928, -0.000393125374103, 0.00074751052307, -0.000892720301636, 0.00068792863749, -0.00107120827306, 0.00100011611357, -0.00120805052575, 0.00086022366304, -0.000544260779861, 0.000800967391115, -0.000904641696252, 0.000467014062451], [-0.000393125374103, 0.00436208723113, -0.00247696531005, 0.00317078107037, -0.00382194505073, 0.00230806483887, -0.00259305746295, 0.0028884485364, -0.00189220311586, 0.00408739317209, -0.00367088243365, 0.00403411360458, -0.00363800767809], [0.00074751052307, -0.00247696531005, 0.00401702849194, -0.00433711940423, 0.00295996852219, -0.00374155002646, 0.00324197439477, -0.0029973690398, 0.00336980028078, -0.00236262986436, 0.00124581879936, -0.00250486843288, 0.0025255640503], [-0.000892720301636, 0.00317078107037, -0.00433711940423, 0.00832662824541, -0.00526686059311, 0.00271455780603, -0.00227800058201, 0.00329215941019, -0.00487382151186, 0.00410141004249, -0.00184101134073, 0.00365821900778, -0.00488429237157], [0.00068792863749, -0.00382194505073, 0.00295996852219, -0.00526686059311, 0.0092177093029, -0.00281263981014, 0.00157513981685, -0.00350694684312, 0.00191052129958, -0.00334981339984, 0.00324002862908, -0.00221012649126, 0.00279925926588], [-0.00107120827306, 0.00230806483887, -0.00374155002646, 0.00271455780603, -0.00281263981014, 0.00770616298541, -0.00469299964607, 0.00359074119478, -0.00070132635301, 0.00096097739879, 0.000439523486421, 0.00155160971917, -0.000667749962304], [0.00100011611357, -0.00259305746295, 0.00324197439477, -0.00227800058201, 0.00157513981685, -0.00469299964607, 0.0089106624946, -0.00260820728727, -0.000102232137579, -0.00316202547401, 0.000752960913815, -0.0016774852993, -0.000569374125917], [-0.00120805052575, 0.0028884485364, -0.0029973690398, 0.00329215941019, -0.00350694684312, 0.00359074119478, -0.00260820728727, 0.0112637458369, -0.00408259732649, 0.00501949246973, -0.0039455355145, 0.00337385688908, 0.00088885484729], [0.00086022366304, -0.00189220311586, 0.00336980028078, -0.00487382151186, 0.00191052129958, -0.00070132635301, -0.000102232137579, -0.00408259732649, 0.0139214033261, -0.00555825885385, 0.00229638675228, -0.00183001207188, 0.00134703388903], [-0.000544260779861, 0.00408739317209, -0.00236262986436, 0.00410141004249, -0.00334981339984, 0.00096097739879, -0.00316202547401, 0.00501949246973, -0.00555825885385, 0.0163445584476, -0.00471627386287, 0.00160200730897, -0.00305972946808], [0.000800967391115, -0.00367088243365, 0.00124581879936, -0.00184101134073, 0.00324002862908, 0.000439523486421, 0.000752960913815, -0.0039455355145, 0.00229638675228, -0.00471627386287, 0.0164534654468, -0.00627054553479, 0.00436817575246], [-0.000904641696252, 0.00403411360458, -0.00250486843288, 0.00365821900778, -0.00221012649126, 0.00155160971917, -0.0016774852993, 0.00337385688908, -0.00183001207188, 0.00160200730897, -0.00627054553479, 0.021804895252, -0.00835662055761], [0.000467014062451, -0.00363800767809, 0.0025255640503, -0.00488429237157, 0.00279925926588, -0.000667749962304, -0.000569374125917, 0.00088885484729, 0.00134703388903, -0.00305972946808, 0.00436817575246, -0.00835662055761, 0.0154069261625]]
    },
    "melbands": {
        "dmean": [0.000838726293296, 0.000773678475525, 0.000495734915603, 0.000551980454475, 0.000163653559866, 0.000132718647365, 9.0283487225e-05, 7.15775895515e-05, 4.77089197375e-05, 5.18169836141e-05, 2.50976954703e-05, 3.60374287993e-05, 1.77187230292e-05, 1.81296290975e-05, 8.44346232043e-06, 6.90885417498e-06, 1.24953849081e-05, 1.7595162717e-05, 1.27691919261e-05, 1.5195108972e-05, 1.96443834284e-05, 1.65014371305e-05, 2.05423457373e-05, 1.78088630491e-05, 1.17176568892e-05, 1.89105758182e-05, 1.1749792975e-05, 4.13154339185e-06, 5.18123988513e-06, 9.57426073001e-06, 6.78304877511e-06, 2.26333122555e-06, 1.60370609592e-06, 1.1993724911e-06, 1.35405593937e-06, 1.50690584633e-06, 1.2130652749e-06, 1.10602161385e-06, 9.32859222758e-07, 8.38321227548e-07],
        "dmean2": [0.001359523274, 0.00125282083172, 0.000834919163026, 0.000949710200075, 0.000262675486738, 0.00021096249111, 0.000143623867189, 0.000117004070489, 7.60314287618e-05, 7.78353933129e-05, 3.88757762266e-05, 5.70269621676e-05, 2.62942849076e-05, 2.84360085061e-05, 1.28097017296e-05, 1.05659109977e-05, 1.89411257452e-05, 2.69083029707e-05, 1.88808298844e-05, 2.3157992473e-05, 2.78180777968e-05, 2.40123808908e-05, 2.85401856672e-05, 2.51873043453e-05, 1.71372994373e-05, 2.71610624623e-05, 1.69109607668e-05, 5.8736709434e-06, 7.55684595788e-06, 1.40800075314e-05, 1.01119485407e-05, 3.22238975059e-06, 2.27382292906e-06, 1.70026964952e-06, 1.99733085537e-06, 2.18818399844e-06, 1.83904057849e-06, 1.66216113939e-06, 1.37848269333e-06, 1.20910453916e-06],
        "dvar": [1.99420878744e-06, 1.0039185554e-06, 3.90112148807e-07, 1.09980396701e-06, 4.72400998319e-08, 5.67859039791e-08, 4.34004832073e-08, 3.82651634823e-08, 3.28549347728e-08, 3.46837083498e-08, 4.31326663275e-09, 2.24026504014e-08, 3.13827119847e-09, 1.78907688664e-09, 4.0065356588e-10, 3.1089641972e-10, 1.36277089613e-09, 2.06987293971e-09, 1.07950837158e-09, 1.41078848603e-09, 2.50864817808e-09, 1.99240801635e-09, 2.1489090507e-09, 1.96266025654e-09, 5.93330440335e-10, 2.035192459e-09, 7.1147626679e-10, 6.45074341166e-11, 1.22872587105e-10, 4.86561679836e-10, 1.94557869815e-10, 1.5565767425e-11, 1.02044605405e-11, 6.56763445711e-12, 1.27061607763e-11, 1.4088319053e-11, 1.7893721227e-11, 2.74105477899e-11, 1.88381636679e-11, 4.56370184698e-12],
        "dvar2": [4.90325965075e-06, 2.53101416092e-06, 1.08514927888e-06, 3.08535982185e-06, 1.21986374779e-07, 1.3576203628e-07, 1.00716363249e-07, 9.67387450146e-08, 7.94934820192e-08, 6.72981741445e-08, 9.55055146079e-09, 5.57442270122e-08, 8.03936117677e-09, 3.60857055348e-09, 8.46436309931e-10, 7.12018610738e-10, 2.83608270202e-09, 3.84082943228e-09, 2.22626139745e-09, 3.26087601366e-09, 4.15372358731e-09, 3.98431510007e-09, 3.27191806981e-09, 3.57495633097e-09, 1.1535282729e-09, 3.96950694537e-09, 1.44782064115e-09, 1.23362917104e-10, 2.30676269752e-10, 9.64758384292e-10, 4.02379185527e-10, 3.17754295098e-11, 2.15127429759e-11, 1.39280739719e-11, 3.04855099498e-11, 3.42347018789e-11, 4.79413349297e-11, 7.40292827039e-11, 5.15641140897e-11, 1.09520994704e-11],
        "max": [0.0107918838039, 0.0104101411998, 0.00736642256379, 0.010272401385, 0.00274348398671, 0.00250700768083, 0.00270483130589, 0.0033641520422, 0.00356720155105, 0.00424764165655, 0.000915848882869, 0.0029357415624, 0.00109626958147, 0.000788006000221, 0.000336563069141, 0.00029429528513, 0.000511252903379, 0.000956869567744, 0.000589594943449, 0.000685276347212, 0.00130058976356, 0.00104000698775, 0.0012069363147, 0.000850257696584, 0.000471768667921, 0.000623314583208, 0.000495150801726, 0.000219739711611, 0.000208911165828, 0.000406633218518, 0.000227680633543, 4.46437115897e-05, 4.11511973653e-05, 4.50988045486e-05, 7.34765126253e-05, 7.12137625669e-05, 7.66361990827e-05, 0.000133891036967, 0.000111585337436, 4.44643010269e-05],
        "mean": [0.00136484589893, 0.00150138081517, 0.000872674863786, 0.000701694225427, 0.000275022350252, 0.000193505504285, 0.000129761290736, 9.41080434131e-05, 6.15828030277e-05, 6.79697768646e-05, 3.94604176108e-05, 5.18878550793e-05, 3.17228259519e-05, 3.25988039549e-05, 1.38178547786e-05, 1.08724088932e-05, 2.00126196432e-05, 2.97724473057e-05, 2.02683859243e-05, 2.69580905297e-05, 3.17357080348e-05, 2.53603120655e-05, 4.30401632912e-05, 3.07900299958e-05, 1.88198864635e-05, 2.95505287795e-05, 1.80361857929e-05, 6.70119243296e-06, 8.54580139276e-06, 1.59106111823e-05, 1.09040047391e-05, 3.37910591952e-06, 2.12350164475e-06, 1.51937410919e-06, 1.57961892455e-06, 1.7241778778e-06, 1.44629950682e-06, 1.29338820898e-06, 1.06283141577e-06, 9.85892029348e-07],
        "median": [0.00094238249585, 0.00116462539881, 0.000705437385477, 0.000442073564045, 0.000193616084289, 0.000105169434391, 4.96437460242e-05, 3.6282785004e-05, 1.87324367289e-05, 1.35775244416e-05, 1.09680713649e-05, 9.14536394703e-06, 7.73045212554e-06, 8.9295399448e-06, 3.69422741642e-06, 3.58236979991e-06, 3.94470180254e-06, 5.26810799784e-06, 5.168817097e-06, 6.55186158838e-06, 7.662997632e-06, 8.06094431027e-06, 8.95058929018e-06, 6.81706660544e-06, 5.52534584131e-06, 6.33171703157e-06, 6.25830443823e-06, 3.01701811622e-06, 3.21357765642e-06, 4.47790944236e-06, 3.6784722397e-06, 1.32447519263e-06, 6.3413119733e-07, 4.29106336242e-07, 4.06922765706e-07, 3.95562977928e-07, 3.44397989238e-07, 3.07397840515e-07, 2.69311783541e-07, 2.58883829929e-07],
        "min": [2.81832939208e-08, 4.60409133041e-08, 1.68637885878e-08, 2.16586526491e-09, 6.22723117516e-09, 1.02532196067e-08, 4.26920649943e-08, 7.79760114256e-08, 8.85254607397e-08, 3.27439799719e-08, 5.55828361115e-09, 1.14453539979e-08, 1.35180144412e-07, 2.28173586692e-08, 1.21808900744e-08, 2.13038688912e-08, 4.30102424787e-08, 1.39531692867e-08, 3.94339068066e-08, 3.82021738687e-08, 7.44743005043e-08, 1.97284339976e-08, 2.19544382674e-08, 1.38436178077e-08, 5.96708948919e-09, 4.21855474997e-08, 3.81497287094e-08, 1.82068031762e-08, 3.1950910806e-09, 9.35222566056e-10, 3.25346238839e-09, 3.21118109881e-09, 3.52948226201e-11, 1.02502201334e-13, 1.16293866897e-12, 1.4612028601e-11, 2.70288704612e-11, 4.16520637425e-12, 2.04391191472e-13, 9.29260398556e-14],
