{
"highlevel": {
    "danceability": {
        "all": {
            "danceable": 0.666116774082,
            "not_danceable": 0.33388325572
        },
        "probability": 0.666116774082,
        "value": "danceable"
    },
    "gender": {
        "all": {
            "female": 0.0305051933974,
            "male": 0.969494819641
        },
        "probability": 0.969494819641,
        "value": "male"
    },
    "genre_dortmund": {
        "all": {
            "alternative": 0.100529029965,
            "blues": 0.0132247582078,
            "electronic": 0.0206485725939,
            "folkcountry": 0.392535120249,
            "funksoulrnb": 0.0113759208471,
            "jazz": 0.039474837482,
            "pop": 0.131110727787,
            "raphiphop": 0.00629787286744,
            "rock": 0.284803152084
        },
        "probability": 0.392535120249,
        "value": "folkcountry"
    },
    "genre_electronic": {
        "all": {
            "ambient": 0.653832256794,
            "dnb": 0.118910960853,
            "house": 0.122654013336,
            "techno": 0.0125013235956,
            "trance": 0.0921014323831
        },
        "probability": 0.653832256794,
        "value": "ambient"
    },
    "genre_rosamerica": {
        "all": {
            "cla": 0.00623051729053,
            "dan": 0.0260478742421,
            "hip": 0.0111260414124,
            "jaz": 0.00672871246934,
            "pop": 0.644369423389,
            "rhy": 0.196512952447,
            "roc": 0.107063613832,
            "spe": 0.00192083918955
        },
        "probability": 0.644369423389,
        "value": "pop"
    },
    "genre_tzanetakis": {
        "all": {
            "blu": 0.0626541376114,
            "cla": 0.0348133966327,
            "cou": 0.0783501937985,
            "dis": 0.104547761381,
            "hip": 0.15693578124,
            "jaz": 0.313987255096,
            "met": 0.044816005975,
            "pop": 0.0627349764109,
            "reg": 0.0627352520823,
            "roc": 0.0784252434969
        },
        "probability": 0.313987255096,
        "value": "jaz"
    },
    "ismir04_rhythm": {
        "all": {
            "ChaChaCha": 0.0736028179526,
            "Jive": 0.175083041191,
            "Quickstep": 0.212778002024,
            "Rumba-American": 0.0179357063025,
            "Rumba-International": 0.103331260383,
            "Rumba-Misc": 0.0241879541427,
            "Samba": 0.264346092939,
            "Tango": 0.0317666865885,
            "VienneseWaltz": 0.0805250555277,
            "Waltz": 0.0164433605969
        },
        "probability": 0.264346092939,
        "value": "Samba"
    },
    "mood_acoustic": {
        "all": {
            "acoustic": 0.52693593502,
            "not_acoustic": 0.47306406498
        },
        "probability": 0.52693593502,
        "value": "acoustic"
    },
    "mood_aggressive": {
        "all": {
            "aggressive": 0.0231161154807,
            "not_aggressive": 0.976883888245
        },
        "probability": 0.976883888245,
        "value": "not_aggressive"
    },
    "mood_electronic": {
        "all": {
            "electronic": 0.100747182965,
            "not_electronic": 0.899252831936
        },
        "probability": 0.899252831936,
        "value": "not_electronic"
    },
    "mood_happy": {
        "all": {
            "happy": 0.871864199638,
            "not_happy": 0.128135815263
        },
        "probability": 0.871864199638,
        "value": "happy"
    },
    "mood_party": {
        "all": {
            "not_party": 0.70251840353,
            "party": 0.29748159647
        },
        "probability": 0.70251840353,
        "value": "not_party"
    },
    "mood_relaxed": {
        "all": {
            "not_relaxed": 0.789999485016,
            "relaxed": 0.210000529885
        },
        "probability": 0.789999485016,
        "value": "not_relaxed"
    },
    "mood_sad": {
        "all": {
            "not_sad": 0.259988129139,
            "sad": 0.740011870861
        },
        "probability": 0.740011870861,
        "value": "sad"
    },
    "moods_mirex": {
        "all": {
            "Cluster1": 0.306787729263,
            "Cluster2": 0.300246059895,
            "Cluster3": 0.29692915082,
            "Cluster4": 0.0632441788912,
            "Cluster5": 0.0327928811312
        },
        "probability": 0.306787729263,
        "value": "Cluster1"
    },
    "timbre": {
        "all": {
            "bright": 0.999990046024,
            "dark": 9.96917879093e-06
        },
        "probability": 0.999990046024,
        "value": "bright"
    },
    "tonal_atonal": {
        "all": {
            "atonal": 2.82996224996e-05,
            "tonal": 0.999971687794
        },
        "probability": 0.999971687794,
        "value": "tonal"
    },
    "voice_instrumental": {
        "all": {
            "instrumental": 0.0104438373819,
            "voice": 0.989556133747
        },
        "probability": 0.989556133747,
        "value": "voice"
    }
},
"lowlevel": {
    "average_loudness": 0.983779966831,
    "barkbands_crest": {
        "dmean": 2.58723068237,
        "dmean2": 4.34409666061,
        "dvar": 7.00544452667,
        "dvar2": 18.8476867676,
        "max": 22.7947158813,
        "mean": 8.80004882812,
        "median": 8.14674854279,
        "min": 3.25537276268,
        "var": 11.4032564163
    },
    "barkbands_flatness_db": {
        "dmean": 0.0230352450162,
        "dmean2": 0.0377192236483,
        "dvar": 0.000531647528987,
        "dvar2": 0.00149994622916,
        "max": 0.296451717615,
        "mean": 0.14242862165,
        "median": 0.139036178589,
        "min": 0.0584910996258,
        "var": 0.000967586587649
    },
    "barkbands_kurtosis": {
        "dmean": 3.8289847374,
        "dmean2": 6.34976959229,
        "dvar": 44.9108085632,
        "dvar2": 124.828872681,
        "max": 107.492034912,
        "mean": 5.3750667572,
        "median": 3.55452203751,
        "min": -1.91142177582,
        "var": 45.2136764526
    },
    "barkbands_skewness": {
        "dmean": 0.639307141304,
        "dmean2": 0.98875194788,
        "dvar": 0.551109492779,
        "dvar2": 1.41638183594,
        "max": 9.0427904129,
        "mean": 1.80472624302,
        "median": 1.69201183319,
        "min": -0.482218742371,
        "var": 1.05214548111
    },
    "barkbands_spread": {
        "dmean": 6.49787378311,
        "dmean2": 10.0667991638,
        "dvar": 70.8347930908,
        "dvar2": 143.665328979,
        "max": 101.880432129,
        "mean": 19.6449337006,
        "median": 16.4500427246,
        "min": 2.0107793808,
        "var": 185.625488281
    },
    "dissonance": {
        "dmean": 0.0230139568448,
        "dmean2": 0.0377695150673,
        "dvar": 0.000423327786848,
        "dvar2": 0.00110915745609,
        "max": 0.498477607965,
        "mean": 0.449066519737,
        "median": 0.454189062119,
        "min": 0.248071685433,
        "var": 0.000883200962562
    },
    "dynamic_complexity": 1.72458350658,
    "erbbands_crest": {
        "dmean": 2.62978553772,
        "dmean2": 4.24627590179,
        "dvar": 5.75350999832,
        "dvar2": 14.6691093445,
        "max": 24.1979999542,
        "mean": 8.88754749298,
        "median": 8.08280754089,
        "min": 2.47421717644,
        "var": 13.1412763596
    },
    "erbbands_flatness_db": {
        "dmean": 0.0177259668708,
        "dmean2": 0.0257062222809,
        "dvar": 0.000261314766249,
        "dvar2": 0.000483604380861,
        "max": 0.263671815395,
        "mean": 0.134676352143,
        "median": 0.134673014283,
        "min": 0.0636764541268,
        "var": 0.00111092429142
    },
    "erbbands_kurtosis": {
        "dmean": 0.99511963129,
        "dmean2": 1.56227087975,
        "dvar": 1.28503012657,
        "dvar2": 3.09014511108,
        "max": 12.5606813431,
        "mean": 0.837733268738,
        "median": 0.438809871674,
        "min": -1.75665509701,
        "var": 3.55356097221
    },
    "erbbands_skewness": {
        "dmean": 0.379175275564,
        "dmean2": 0.573095202446,
        "dvar": 0.104101732373,
        "dvar2": 0.233603999019,
        "max": 2.83686733246,
        "mean": 0.656288087368,
        "median": 0.663245797157,
        "min": -2.29966235161,
        "var": 0.381910026073
    },
    "erbbands_spread": {
        "dmean": 10.2258625031,
        "dmean2": 14.6538705826,
        "dvar": 130.089874268,
        "dvar2": 256.830200195,
        "max": 129.440856934,
        "mean": 41.8085746765,
        "median": 36.370513916,
        "min": 8.18834686279,
        "var": 541.139892578
    },
    "hfc": {
        "dmean": 8.81327056885,
        "dmean2": 12.5288047791,
        "dvar": 127.771537781,
        "dvar2": 282.978881836,
        "max": 169.169448853,
        "mean": 20.716632843,
        "median": 17.268611908,
        "min": 1.18541193008,
        "var": 242.404006958
    },
    "melbands_crest": {
        "dmean": 3.07235217094,
        "dmean2": 4.98026323318,
        "dvar": 8.40741157532,
        "dvar2": 20.6086750031,
        "max": 24.1325378418,
        "mean": 11.8634681702,
        "median": 11.1061010361,
        "min": 4.79093885422,
        "var": 15.5128469467
    },
    "melbands_flatness_db": {
        "dmean": 0.0284829679877,
        "dmean2": 0.0450657792389,
        "dvar": 0.000839575717691,
        "dvar2": 0.0022296202369,
        "max": 0.395951360464,
        "mean": 0.206581175327,
        "median": 0.201806887984,
        "min": 0.104233749211,
        "var": 0.00173092016485
    },
    "melbands_kurtosis": {
        "dmean": 9.26850318909,
        "dmean2": 15.0164756775,
        "dvar": 270.9659729,
        "dvar2": 715.062133789,
        "max": 202.889877319,
        "mean": 14.873041153,
        "median": 9.41000366211,
        "min": -1.17276096344,
        "var": 310.155609131
    },
    "melbands_skewness": {
        "dmean": 0.891708016396,
        "dmean2": 1.36408674717,
        "dvar": 1.17530930042,
        "dvar2": 2.81628918648,
        "max": 11.141456604,
        "mean": 2.70724081993,
        "median": 2.50125026703,
        "min": -0.147076398134,
        "var": 2.62940955162
    },
    "melbands_spread": {
        "dmean": 5.75862312317,
        "dmean2": 9.03608703613,
        "dvar": 53.3159713745,
        "dvar2": 119.596122742,
        "max": 117.455528259,
        "mean": 17.2049942017,
        "median": 15.7609586716,
        "min": 1.15035843849,
        "var": 105.426506042
    },
    "pitch_salience": {
        "dmean": 0.0777326971292,
        "dmean2": 0.130830720067,
        "dvar": 0.00473942607641,
        "dvar2": 0.0131853949279,
        "max": 0.796984314919,
        "mean": 0.561641991138,
        "median": 0.566354930401,
        "min": 0.182233214378,
        "var": 0.00829150434583
    },
    "silence_rate_20dB": {
        "dmean": 0,
        "dmean2": 0,
        "dvar": 0,
        "dvar2": 0,
        "max": 1,
        "mean": 1,
        "median": 1,
        "min": 1,
        "var": 0
    },
    "silence_rate_30dB": {
        "dmean": 0.0464396290481,
        "dmean2": 0.0929512009025,
        "dvar": 0.0442825965583,
        "dvar2": 0.119940936565,
        "max": 1,
        "mean": 0.97138440609,
        "median": 1,
        "min": 0,
        "var": 0.0277967527509
    },
    "silence_rate_60dB": {
        "dmean": 0,
        "dmean2": 0,
        "dvar": 0,
        "dvar2": 0,
        "max": 0,
        "mean": 0,
        "median": 0,
        "min": 0,
        "var": 0
    },
    "spectral_centroid": {
        "dmean": 213.876037598,
        "dmean2": 331.576477051,
        "dvar": 55453.4492188,
        "dvar2": 126614.421875,
        "max": 3748.28881836,
        "mean": 933.680419922,
        "median": 874.852478027,
        "min": 336.366424561,
        "var": 132700.828125
    },
    "spectral_complexity": {
        "dmean": 3.85216712952,
        "dmean2": 5.71727323532,
        "dvar": 19.2157440186,
        "dvar2": 39.6806373596,
        "max": 45,
        "mean": 16.5027065277,
        "median": 16,
        "min": 5,
        "var": 41.2182426453
    },
    "spectral_decrease": {
        "dmean": 5.06382802357e-09,
        "dmean2": 8.48290948596e-09,
        "dvar": 8.5021785731e-17,
        "dvar2": 2.30872435241e-16,
        "max": -6.9216987697e-10,
        "mean": -8.75381012122e-09,
        "median": -6.62408305985e-09,
        "min": -6.00002394435e-08,
        "var": 6.62055509953e-17
    },
    "spectral_energy": {
        "dmean": 0.0197348687798,
        "dmean2": 0.0328904278576,
        "dvar": 0.00124558492098,
        "dvar2": 0.00337172811851,
        "max": 0.229935884476,
        "mean": 0.0349179431796,
        "median": 0.0267517659813,
        "min": 0.00278877513483,
        "var": 0.000989418709651
    },
    "spectral_energyband_high": {
        "dmean": 0.00053835217841,
        "dmean2": 0.000766348268371,
        "dvar": 1.09474979126e-06,
        "dvar2": 2.28712565331e-06,
        "max": 0.0203723330051,
        "mean": 0.000850426615216,
        "median": 0.000394816655898,
        "min": 2.94809069601e-05,
        "var": 1.93129494619e-06
    },
    "spectral_energyband_low": {
        "dmean": 0.0113015333191,
        "dmean2": 0.0204301420599,
        "dvar": 0.0010595403146,
        "dvar2": 0.0029779127799,
        "max": 0.198831230402,
        "mean": 0.0125618139282,
        "median": 0.00675997603685,
        "min": 0.000318620004691,
        "var": 0.000655681535136
    },
    "spectral_energyband_middle_high": {
        "dmean": 0.00192237028386,
        "dmean2": 0.00262808753178,
        "dvar": 5.14954081154e-06,
        "dvar2": 9.59464068728e-06,
        "max": 0.0274548716843,
        "mean": 0.00500270770863,
        "median": 0.00337693025358,
        "min": 5.91246534896e-05,
        "var": 2.40786466748e-05
    },
    "spectral_energyband_middle_low": {
        "dmean": 0.00945077557117,
        "dmean2": 0.0148438084871,
        "dvar": 0.000228163786232,
        "dvar2": 0.000564171234146,
        "max": 0.171443581581,
        "mean": 0.0176052711904,
        "median": 0.0135697340593,
        "min": 0.000867568945978,
        "var": 0.000252672791248
    },
    "spectral_entropy": {
        "dmean": 0.186642259359,
        "dmean2": 0.270693391562,
        "dvar": 0.0290050692856,
        "dvar2": 0.0621903799474,
        "max": 8.67217826843,
        "mean": 7.54535865784,
        "median": 7.53427362442,
        "min": 6.43895626068,
        "var": 0.116705842316
    },
    "spectral_flux": {
        "dmean": 0.0440738536417,
        "dmean2": 0.0711259022355,
        "dvar": 0.00355559634045,
        "dvar2": 0.0069688600488,
        "max": 0.410915404558,
        "mean": 0.107612378895,
        "median": 0.0887852683663,
        "min": 0.0184631086886,
        "var": 0.00495336903259
    },
    "spectral_kurtosis": {
        "dmean": 1.30602908134,
        "dmean2": 1.9836512804,
        "dvar": 1.46670055389,
        "dvar2": 3.23295068741,
        "max": 13.9421253204,
        "mean": 4.18464040756,
        "median": 3.96470975876,
        "min": -1.15181446075,
        "var": 5.71444129944
    },
    "spectral_rms": {
        "dmean": 0.00137698848266,
        "dmean2": 0.00217795511708,
        "dvar": 3.70341945199e-06,
        "dvar2": 9.45452120504e-06,
        "max": 0.0149775734171,
        "mean": 0.00547758396715,
        "median": 0.00510874576867,
        "min": 0.0016494714655,
        "var": 4.0623726818e-06
    },
    "spectral_rolloff": {
        "dmean": 477.080535889,
        "dmean2": 797.713500977,
        "dvar": 987948.5,
        "dvar2": 1898660.75,
        "max": 10077.5390625,
        "mean": 1072.61279297,
        "median": 775.1953125,
        "min": 86.1328125,
        "var": 1757761
    },
    "spectral_skewness": {
        "dmean": 0.229643657804,
        "dmean2": 0.330634713173,
        "dvar": 0.0421574227512,
        "dvar2": 0.0777020007372,
        "max": 3.1182653904,
        "mean": 1.70068657398,
        "median": 1.71324002743,
        "min": -0.0224557705224,
        "var": 0.214163601398
    },
    "spectral_spread": {
        "dmean": 758418.5,
        "dmean2": 1084975.125,
        "dvar": 710476496896,
        "dvar2": 1.46106168115e+12,
        "max": 13794571,
        "mean": 5485687.5,
        "median": 5088530.5,
        "min": 3003374,
        "var": 2.66153571123e+12
    },
    "spectral_strongpeak": {
        "dmean": 0.568072497845,
        "dmean2": 0.960984766483,
        "dvar": 0.541396439075,
        "dvar2": 1.23909771442,
        "max": 7.32010507584,
        "mean": 0.876794338226,
        "median": 0.500027298927,
        "min": 0.0543465614319,
        "var": 0.950476646423
    },
    "zerocrossingrate": {
        "dmean": 0.0111133111641,
        "dmean2": 0.0133715691045,
        "dvar": 0.00017049156304,
        "dvar2": 0.00020877168572,
        "max": 0.28759765625,
        "mean": 0.0553128607571,
        "median": 0.04833984375,
        "min": 0.01220703125,
        "var": 0.000906518602278
    },
    "barkbands": {
        "dmean": [0.000159804272698, 0.00806810054928, 0.0029497272335, 0.00364232365973, 0.00402043573558, 0.0016513132723, 0.000919840997085, 0.00159013341181, 0.000849334930535, 0.000727687263861, 0.000585945672356, 0.000392750371248, 0.000294585333904, 0.000360545207513, 0.000326836103341, 0.000169033577549, 0.000114637390652, 0.000102502817754, 7.46652222006e-05, 7.29622406652e-05, 7.81302078394e-05, 8.81281521288e-05, 0.000105318889837, 0.000115089787869, 0.000111214263598, 7.29828971089e-05, 1.60244955083e-08],
        "dmean2": [0.00025526151876, 0.0148166827857, 0.00540129421279, 0.00608668429777, 0.0066106300801, 0.00260088522919, 0.00146721513011, 0.00240814685822, 0.00130300270393, 0.00103744922671, 0.000852804630995, 0.000613567652181, 0.00046026869677, 0.00056648615282, 0.000518216460478, 0.00026042299578, 0.000181853683898, 0.000158291819389, 0.000116237104521, 0.00011089497275, 0.000118063537229, 0.000129453183035, 0.000158562121214, 0.000169302409631, 0.000166678975802, 0.000114099573693, 2.49389024987e-08],
        "dvar": [1.08809175003e-07, 0.000622032850515, 7.02986726537e-05, 5.24007227796e-05, 5.6163444242e-05, 6.04667729931e-06, 2.52460404226e-06, 7.87856879469e-06, 3.47599416273e-06, 2.14828742173e-06, 1.49254981352e-06, 4.38008811443e-07, 3.50315048081e-07, 5.32862372893e-07, 4.07371771871e-07, 1.75604427e-07, 3.26442162191e-08, 2.61019152958e-08, 1.69536988892e-08, 1.59249822218e-08, 1.62509987689e-08, 2.4948825228e-08, 8.93262352974e-08, 9.62828607953e-08, 5.29633723545e-08, 2.10408543921e-08, 6.04455518299e-14],
        "dvar2": [2.47056590297e-07, 0.00176560005639, 0.000202336435905, 0.000132946850499, 0.000143781348015, 1.40147640195e-05, 6.28863426755e-06, 1.81061641342e-05, 8.47763567435e-06, 4.69615997645e-06, 3.08367748403e-06, 1.06045922621e-06, 7.46942589558e-07, 1.30226101192e-06, 9.9824001154e-07, 3.9737861357e-07, 7.71875505734e-08, 6.17154896076e-08, 4.23864747745e-08, 3.68955817009e-08, 3.77368643001e-08, 5.75665026759e-08, 2.11040372733e-07, 1.97462043161e-07, 1.09911539425e-07, 5.12436209021e-08, 6.98211901165e-14],
        "max": [0.00300914491527, 0.170398175716, 0.0609206594527, 0.0723001733422, 0.0894847512245, 0.0263659935445, 0.0187519192696, 0.0275430586189, 0.0259536020458, 0.0207934062928, 0.025577917695, 0.00792011152953, 0.0102736130357, 0.00939247198403, 0.00868541095406, 0.0108138155192, 0.00240218546242, 0.00198015477508, 0.00178592291195, 0.00143410766032, 0.00125865230802, 0.00233692512847, 0.0070757586509, 0.00655173696578, 0.00355767318979, 0.00126785156317, 8.49441494211e-06],
        "mean": [0.000206152224564, 0.00796028599143, 0.00337925506756, 0.00340748461895, 0.00532354880124, 0.00324147287756, 0.00161863758694, 0.002605143236, 0.00124985829461, 0.00118363101501, 0.000941222417168, 0.000679810007568, 0.000517752196174, 0.000509588164277, 0.000462554220576, 0.000257267442066, 0.000190929684322, 0.000165919147548, 0.000115085225843, 0.000109272623376, 0.000121438424685, 0.000139140247484, 0.000141885335324, 0.000160780851729, 0.000145129000884, 8.47002083901e-05, 1.19360246131e-08],
        "median": [9.79655960691e-05, 0.00366213638335, 0.00174132105894, 0.00120133091696, 0.00286772288382, 0.00238237320445, 0.000797295826487, 0.000879823579453, 0.000582950713579, 0.00036015897058, 0.000272130855592, 0.000353601732058, 0.000160551542649, 0.000162044394528, 0.000177906928002, 9.53142807703e-05, 0.000103589540231, 9.23075567698e-05, 6.55524709146e-05, 5.89590708842e-05, 6.77844436723e-05, 6.92421526765e-05, 5.1519862609e-05, 5.35949038749e-05, 4.44733086624e-05, 3.56202217517e-05, 4.92348828374e-10],
        "min": [2.12931382748e-07, 8.93198284757e-06, 3.92274023397e-06, 5.16520549354e-06, 3.79149714718e-05, 3.43730425811e-05, 4.19112529926e-06, 4.10383745475e-06, 7.06721493771e-06, 8.31708621263e-06, 4.71187240692e-06, 2.32148704526e-06, 1.63749064086e-06, 2.92883510156e-06, 2.36212849813e-06, 2.29730358114e-06, 2.12456279769e-06, 2.56220391748e-06, 2.34036042457e-06, 3.88652779293e-06, 4.01563465857e-06, 2.93131392937e-06, 2.16731677938e-06, 1.44398029533e-06, 3.98483468445e-10, 1.73510955603e-10, 1.41366284998e-11],
        "var": [1.23802550434e-07, 0.000374100636691, 4.23889941885e-05, 4.49113758805e-05, 5.59190048079e-05, 1.05529215944e-05, 4.28101202488e-06, 1.44010327858e-05, 4.10252914662e-06, 4.88041678182e-06, 4.55691679235e-06, 8.51350023368e-07, 1.43886370552e-06, 7.963274129e-07, 5.72984333758e-07, 2.83442375348e-07, 6.19990672135e-08, 4.66411869127e-08, 2.08587280781e-08, 2.11436113062e-08, 2.31619274871e-08, 4.37226006511e-08, 1.15625233832e-07, 1.56426111175e-07, 9.70104920839e-08, 2.1561222141e-08, 5.81217609848e-14]
    },
    "erbbands": {
        "dmean": [0.16975748539, 2.02675104141, 3.98862028122, 6.51941537857, 18.7011013031, 9.91514778137, 13.7733955383, 12.4800720215, 9.94040584564, 20.4936828613, 37.26121521, 20.0745925903, 16.9601974487, 23.8673877716, 20.5637321472, 13.7220926285, 12.2987556458, 15.85105896, 19.7711410522, 13.0586919785, 7.48389053345, 5.96455526352, 5.86838626862, 3.80162167549, 3.66907978058, 3.4111225605, 3.18952488899, 3.2580935955, 3.08898329735, 3.26265525818, 3.0518591404, 2.51121878624, 1.93669521809, 1.33276450634, 0.767442941666, 0.389402627945, 0.130604639649, 0.0128226252273, 0.000231857367908, 3.09132046823e-05],
        "dmean2": [0.304493129253, 3.73916769028, 7.33592557907, 11.1437540054, 31.0160064697, 16.4582901001, 22.1761569977, 19.7227573395, 15.7640180588, 32.1338005066, 54.8268890381, 30.4895858765, 25.2803058624, 33.2615661621, 29.9985332489, 20.9675750732, 18.6980667114, 24.3343830109, 31.5055046082, 19.5699863434, 11.0235729218, 9.23626804352, 8.92313957214, 5.98169326782, 5.50722265244, 5.23059844971, 4.89593791962, 4.95255231857, 4.61340332031, 4.85672235489, 4.63746786118, 3.67652249336, 2.91471338272, 1.99470436573, 1.19743931293, 0.611978530884, 0.208101734519, 0.0210513640195, 0.000370675552404, 4.87014222017e-05],
        "dvar": [0.238945052028, 40.1696815491, 141.312042236, 133.564102173, 1681.63122559, 240.157913208, 413.024291992, 469.280487061, 400.5262146, 1253.74182129, 4364.40283203, 2135.29614258, 1227.8359375, 2090.65893555, 1753.97216797, 608.597595215, 591.985229492, 1190.31335449, 1407.54992676, 735.888305664, 219.022521973, 91.3564910889, 89.2008590698, 51.3973960876, 33.2978134155, 35.3761329651, 30.5765705109, 30.5825214386, 30.0587730408, 55.1491012573, 76.4195175171, 49.2676277161, 27.2571868896, 11.7162637711, 2.23049283028, 0.537087321281, 0.0825684294105, 0.000950179877691, 2.75148209994e-07, 2.3063715382e-09],
        "dvar2": [0.659305214882, 115.105819702, 405.821258545, 346.952056885, 4270.08349609, 622.901550293, 983.376525879, 1092.25683594, 956.444213867, 2870.08178711, 9677.37011719, 5241.37158203, 2937.53881836, 4101.421875, 3684.98461914, 1481.93725586, 1305.22473145, 2867.86645508, 3555.97875977, 1663.31958008, 468.356903076, 216.588043213, 214.450515747, 130.748977661, 80.4584503174, 80.8790359497, 72.6802978516, 73.9071731567, 70.416015625, 124.826599121, 181.133529663, 97.6057281494, 61.475982666, 24.8086433411, 5.23898077011, 1.31906890869, 0.203737854958, 0.00238680257462, 6.8301619649e-07, 5.77775960409e-09],
        "max": [3.72587990761, 41.1354942322, 80.8402633667, 101.671379089, 487.443023682, 147.395507812, 235.275527954, 236.7734375, 313.154754639, 375.508270264, 614.335083008, 766.26953125, 456.444274902, 746.927185059, 816.485168457, 334.053070068, 530.26739502, 544.75213623, 558.789428711, 379.132049561, 306.014465332, 162.88822937, 140.200378418, 110.014556885, 59.8553314209, 64.576713562, 56.262638092, 56.1008262634, 75.9680252075, 139.236282349, 207.601104736, 152.428833008, 113.322257996, 74.5389251709, 17.0467681885, 7.59714412689, 2.40005779266, 0.29193353653, 0.00489524938166, 0.00033396598883],
        "mean": [0.177489072084, 1.93845486641, 4.42658281326, 6.79236602783, 17.9334220886, 14.7243709564, 25.4641456604, 24.8254833221, 17.3019618988, 36.5500297546, 61.30834198, 31.6538906097, 27.0622272491, 42.1101646423, 36.9096984863, 26.4546089172, 24.6341304779, 23.7885837555, 29.2950992584, 19.6719074249, 13.0531873703, 10.5567207336, 10.1342544556, 5.74196767807, 6.0660443306, 5.17971038818, 4.84950828552, 4.97882318497, 4.8052945137, 4.80462265015, 3.96206355095, 3.41125130653, 2.62309718132, 1.67453527451, 0.978438317776, 0.485575407743, 0.135079368949, 0.0115164248273, 0.000238106236793, 5.29140306753e-05],
        "median": [0.0835911408067, 0.902767598629, 2.42034721375, 3.29029965401, 6.02668333054, 8.74802398682, 17.6930141449, 17.1625709534, 8.18590927124, 16.6569328308, 19.9681930542, 15.5789651871, 10.5189523697, 13.5168867111, 16.1956672668, 13.5653944016, 9.08343505859, 7.82433414459, 11.9977064133, 8.16718864441, 5.54134750366, 5.89288330078, 5.93397665024, 3.28039455414, 3.63611888885, 2.77119493484, 2.81855225563, 2.6722073555, 2.35824370384, 2.05821967125, 1.39303779602, 1.09044694901, 0.840893208981, 0.382942140102, 0.352423936129, 0.219724312425, 0.0456290207803, 0.00255946163088, 7.50803665142e-05, 3.80628771381e-05],
        "min": [0.000431181659224, 0.00177405274007, 0.0324923396111, 0.128547161818, 0.124320089817, 0.15140645206, 0.397353172302, 0.216448277235, 0.337375104427, 0.119945943356, 0.358292102814, 0.372930169106, 0.255672633648, 0.419101059437, 0.599459171295, 0.126800090075, 0.0842870697379, 0.107867449522, 0.128447145224, 0.161972925067, 0.130133092403, 0.150689020753, 0.214966878295, 0.153371632099, 0.127510145307, 0.178408697248, 0.168214336038, 0.191789284348, 0.134300336242, 0.0821021646261, 0.0500394180417, 0.0448963679373, 0.0217730607837, 0.00371566531248, 0.000138705421705, 1.99373225769e-05, 6.67743552185e-06, 1.42864553254e-06, 3.98976817451e-06, 4.67287782158e-06],
        "var": [0.159379646182, 23.4213695526, 82.8036270142, 109.633506775, 1450.37658691, 322.266479492, 772.165283203, 774.50579834, 595.777526855, 2483.12646484, 8506.43261719, 2487.86962891, 2225.59863281, 5141.76806641, 4401.77148438, 1351.91723633, 3128.61621094, 1857.44104004, 2103.6171875, 1176.61999512, 496.366485596, 170.307861328, 156.075927734, 59.7497940063, 48.1356697083, 47.772228241, 40.088924408, 41.6179656982, 50.9077529907, 84.8980407715, 96.5346755981, 78.7526321411, 40.2157020569, 19.7913684845, 3.25687670708, 0.631283581257, 0.0772743672132, 0.000808064825833, 2.46544772153e-07, 2.32898034191e-09]
    },
    "gfcc": {
        "mean": [28.2244243622, 93.6125717163, -93.9033889771, 27.674993515, -63.2286643982, 23.4229564667, -42.1211776733, 12.7214565277, -27.9061813354, 8.82428073883, -20.4160003662, 6.06103420258, -11.840596199],
        "cov": [[1621.95544434, -437.713867188, -64.4098434448, -131.092193604, -23.7622032166, -0.294888079166, -36.061756134, 31.4502162933, -43.7132377625, -2.64625883102, -158.858276367, -89.2279586792, -126.854438782], [-437.713867188, 577.868041992, -172.125839233, -143.59336853, 73.2199859619, -71.4561309814, 93.34375, -7.39314365387, 27.0672740936, 3.39259934425, 68.775428772, -9.35010719299, 11.8641719818], [-64.4098434448, -172.125839233, 370.405731201, 154.403747559, -20.8244342804, 39.1282348633, -42.3637657166, -21.5021286011, -49.3968009949, 1.66402792931, 4.57165384293, 47.1076278687, 13.3379325867], [-131.092193604, -143.59336853, 154.403747559, 358.736907959, 25.5046100616, -5.38374900818, -90.1563110352, -46.1954460144, 39.4014320374, -38.436340332, -7.26243972778, 32.5670700073, 88.3048477173], [-23.7622032166, 73.2199859619, -20.8244342804, 25.5046100616, 163.545761108, -4.46182250977, 7.39001560211, 9.96138095856, 9.46057224274, 2.06343126297, -16.2636413574, 15.4465579987, 0.639536559582], [-0.294888079166, -71.4561309814, 39.1282348633, -5.38374900818, -4.46182250977, 146.390777588, 48.805934906, 10.8169164658, -23.11120224, 6.77461147308, 32.5074195862, -9.49778175354, -6.62382698059], [-36.061756134, 93.34375, -42.3637657166, -90.1563110352, 7.39001560211, 48.805934906, 162.037307739, 19.5802459717, -53.9445381165, 7.25076246262, 33.7834587097, -8.54543781281, -43.031791687], [31.4502162933, -7.39314365387, -21.5021286011, -46.1954460144, 9.96138095856, 10.8169164658, 19.5802459717, 84.4595718384, 34.3371047974, 18.0687637329, -3.69933390617, 0.422433912754, -10.9257984161], [-43.7132377625, 27.0672740936, -49.3968009949, 39.4014320374, 9.46057224274, -23.11120224, -53.9445381165, 34.3371047974, 132.249801636, 21.6001796722, -16.4748535156, -3.75865340233, 24.7651176453], [-2.64625883102, 3.39259934425, 1.66402792931, -38.436340332, 2.06343126297, 6.77461147308, 7.25076246262, 18.0687637329, 21.6001796722, 74.7944869995, 25.5203380585, 1.85265910625, -17.8515014648], [-158.858276367, 68.775428772, 4.57165384293, -7.26243972778, -16.2636413574, 32.5074195862, 33.7834587097, -3.69933390617, -16.4748535156, 25.5203380585, 100.29372406, 23.1644153595, 7.34778308868], [-89.2279586792, -9.35010719299, 47.1076278687, 32.5670700073, 15.4465579987, -9.49778175354, -8.54543781281, 0.422433912754, -3.75865340233, 1.85265910625, 23.1644153595, 74.8991470337, 35.0650367737], [-126.854438782, 11.8641719818, 13.3379325867, 88.3048477173, 0.639536559582, -6.62382698059, -43.031791687, -10.9257984161, 24.7651176453, -17.8515014648, 7.34778308868, 35.0650367737, 90.9013671875]],
        "icov": [[0.00110659503844, 0.00108969712164, 0.000302594475215, 0.000567346520256, -0.00038461846998, 0.000410231790738, -2.52061490755e-05, 7.79215988587e-05, 0.000161686723004, 5.38607164344e-05, 0.000659004494082, 0.00072892854223, 0.00046861617011], [0.00108969712164, 0.00604975735769, -0.000581242900807, 0.00400552619249, -0.0038762090262, 0.00473331753165, -0.00397065747529, 0.00310593890026, -0.00380154675804, 0.00285778613761, -0.00497576734051, 0.0047819330357, -0.00405441131443], [0.000302594475215, -0.000581242900807, 0.00534387398511, -0.00334749813192, 0.00188164249994, -0.0024052511435, 0.00237764022313, -0.00157907721587, 0.00401260051876, -0.002604277106, 0.00265989149921, -0.00423938082531, 0.0035288638901], [0.000567346520256, 0.00400552619249, -0.00334749813192, 0.008749733679, -0.00420552399009, 0.00335908262059, -0.00236298120581, 0.00488332333043, -0.00573227414861, 0.00470748497173, -0.00458240602165, 0.00475053815171, -0.0069729173556], [-0.00038461846998, -0.0038762090262, 0.00188164249994, -0.00420552399009, 0.00970318447798, -0.00363965472206, 0.00211121980101, -0.00289864442311, 0.00316019007005, -0.00322384573519, 0.00604562973604, -0.00625224225223, 0.00452505983412], [0.000410231790738, 0.00473331753165, -0.0024052511435, 0.00335908262059, -0.00363965472206, 0.0129933487624, -0.00594383710995, 0.00119796441868, -0.00305477925576, 0.00271738204174, -0.00753116933629, 0.00757583929226, -0.00560057116672], [-2.52061490755e-05, -0.00397065747529, 0.00237764022313, -0.00236298120581, 0.00211121980101, -0.00594383710995, 0.0138770900667, -0.00535798352212, 0.00733307143673, -0.00163671455812, 0.00183276785538, -0.00399589864537, 0.0069810054265], [7.79215988587e-05, 0.00310593890026, -0.00157907721587, 0.00488332333043, -0.00289864442311, 0.00119796441868, -0.00535798352212, 0.0189700461924, -0.00927848741412, 0.00100321462378, -0.00165581295732, 0.000471083476441, -0.00228045298718], [0.000161686723004, -0.00380154675804, 0.00401260051876, -0.00573227414861, 0.00316019007005, -0.00305477925576, 0.00733307143673, -0.00927848741412, 0.0179767347872, -0.00804360862821, 0.00631545856595, -0.00207685725763, 0.00162637396716], [5.38607164344e-05, 0.00285778613761, -0.002604277106, 0.00470748497173, -0.00322384573519, 0.00271738204174, -0.00163671455812, 0.00100321462378, -0.00804360862821, 0.0213512033224, -0.00959793105721, 0.00221858220175, 0.00138217187487], [0.000659004494082, -0.00497576734051, 0.00265989149921, -0.00458240602165, 0.00604562973604, -0.00753116933629, 0.00183276785538, -0.00165581295732, 0.00631545856595, -0.00959793105721, 0.0221370477229, -0.0096879741177, 0.00404985388741], [0.00072892854223, 0.0047819330357, -0.00423938082531, 0.00475053815171, -0.00625224225223, 0.00757583929226, -0.00399589864537, 0.000471083476441, -0.00207685725763, 0.00221858220175, -0.0096879741177, 0.0262090079486, -0.0131641253829], [0.00046861617011, -0.00405441131443, 0.0035288638901, -0.0069729173556, 0.00452505983412, -0.00560057116672, 0.0069810054265, -0.00228045298718, 0.00162637396716, 0.00138217187487, 0.00404985388741, -0.0131641253829, 0.0256097447127]]
    },
    "melbands": {
        "dmean": [0.00190886179917, 0.0023584512528, 0.00165273563471, 0.000989660155028, 0.000448874750873, 0.000282467255602, 0.000161068004672, 0.000245327770244, 0.00029456106131, 0.000115087837912, 8.90774317668e-05, 0.000103226455394, 8.14140730654e-05, 4.76728491776e-05, 3.3992317185e-05, 2.65096423391e-05, 3.06982765323e-05, 3.55992124241e-05, 2.02393384825e-05, 1.48382468979e-05, 8.42483132146e-06, 6.47259230391e-06, 6.66820687911e-06, 5.09951496497e-06, 3.0274591154e-06, 2.97636756841e-06, 2.51958158515e-06, 2.40773260884e-06, 2.1352677777e-06, 1.93742948795e-06, 1.9790738861e-06, 1.74675858489e-06, 1.9056860765e-06, 1.86204067631e-06, 1.88130059087e-06, 1.58397187988e-06, 1.58042598741e-06, 1.44228022236e-06, 1.24976884308e-06, 1.14948613827e-06],
        "dmean2": [0.00349783478305, 0.00431763194501, 0.00275563518517, 0.00161326921079, 0.000735897396225, 0.000444804725703, 0.000256923725829, 0.000383782258723, 0.000430064275861, 0.000175727240276, 0.00013343700266, 0.000143465425936, 0.000118184354506, 7.43318669265e-05, 5.1675040595e-05, 4.00542048737e-05, 4.79562222608e-05, 5.65396621823e-05, 3.175096208e-05, 2.26418214879e-05, 1.26418790387e-05, 1.02231924757e-05, 1.04374976218e-05, 8.13039878267e-06, 4.87646639158e-06, 4.61421223008e-06, 3.86223291571e-06, 3.74459568775e-06, 3.35116874339e-06, 2.99459748021e-06, 3.05789080812e-06, 2.70140617431e-06, 2.84381167148e-06, 2.79642563328e-06, 2.90144362225e-06, 2.38305665334e-06, 2.34997878579e-06, 2.22609560296e-06, 1.91906224245e-06, 1.75483501152e-06],
        "dvar": [3.37251294695e-05, 5.23536909895e-05, 9.83954214462e-06, 4.01553825213e-06, 4.22441956971e-07, 2.17320575757e-07, 9.33188175622e-08, 1.66233974142e-07, 2.69519489393e-07, 7.80854776394e-08, 3.44726238666e-08, 3.89892882424e-08, 2.68329962694e-08, 6.55620313594e-09, 6.27619778371e-09, 2.2515032061e-09, 5.10639353024e-09, 4.94234031478e-09, 2.22548512951e-09, 1.61595758996e-09, 2.4857343961e-10, 1.20404727855e-10, 9.97808988212e-11, 7.70437533215e-11, 3.62083349414e-11, 2.22858970861e-11, 1.78246809673e-11, 1.83389848446e-11, 1.42371427148e-11, 1.06937366948e-11, 1.32686214446e-11, 9.74258347608e-12, 1.40542135221e-11, 2.110906068e-11, 2.65307775749e-11, 2.2284297671e-11, 2.1083522081e-11, 1.50225196865e-11, 1.11763185512e-11, 8.61054890583e-12],
        "dvar2": [9.47943772189e-05, 0.000150097417645, 2.5069259209e-05, 1.03582824522e-05, 1.00211980225e-06, 5.0207717095e-07, 2.27915833761e-07, 3.80842664072e-07, 5.88939030877e-07, 1.95141595327e-07, 8.18665029101e-08, 7.72270212224e-08, 5.35672803892e-08, 1.61093858253e-08, 1.42053488972e-08, 4.73785011224e-09, 1.25527588324e-08, 1.25264385531e-08, 5.30093524631e-09, 3.61337137988e-09, 5.09939757087e-10, 2.9530747292e-10, 2.38183195389e-10, 1.83217427341e-10, 9.27780907656e-11, 5.43000297504e-11, 4.37481439963e-11, 4.26624152672e-11, 3.48231860015e-11, 2.49476515835e-11, 3.39791736415e-11, 2.35207617272e-11, 3.30192991005e-11, 4.76614026024e-11, 6.32259036792e-11, 5.13099215893e-11, 4.06853266355e-11, 3.51531720399e-11, 2.44392475007e-11, 1.89209377333e-11],
        "max": [0.0421160832047, 0.0444783419371, 0.0328949913383, 0.0246339179575, 0.00783990975469, 0.00509878899902, 0.0043031219393, 0.00379224400967, 0.00587615324184, 0.0049037267454, 0.00256261136383, 0.00315266288817, 0.00316970515996, 0.000912288960535, 0.00150901963934, 0.000985270366073, 0.00119081593584, 0.000936540134717, 0.000768764002714, 0.00102567230351, 0.000284562731395, 0.000182787538506, 0.000115164468298, 0.000132441331516, 9.10867456696e-05, 5.009902452e-05, 4.81276547362e-05, 4.37365270045e-05, 3.85450694012e-05, 3.34494288836e-05, 4.86661920149e-05, 3.78767144866e-05, 6.5453183197e-05, 9.2162292276e-05, 0.000114960625069, 0.000125454214867, 8.73820536071e-05, 7.82381175668e-05, 7.37988448236e-05, 6.00432067586e-05],
        "mean": [0.00193139002658, 0.00249045388773, 0.00165498873685, 0.00116204889491, 0.00086349650519, 0.000564752554055, 0.000274516525678, 0.000430237356341, 0.000473253632663, 0.000171633204445, 0.000137249386171, 0.000176970977918, 0.000141032549436, 7.89315527072e-05, 6.29505666438e-05, 4.64602344437e-05, 4.24556019425e-05, 5.0064874813e-05, 2.80977637885e-05, 2.13641014852e-05, 1.40444553836e-05, 1.05430272015e-05, 1.07736696009e-05, 7.89983459981e-06, 4.08754794989e-06, 4.60761975773e-06, 3.98824340664e-06, 3.29750787387e-06, 3.07407253786e-06, 2.87156285594e-06, 2.87048237624e-06, 2.64358322966e-06, 2.78772085949e-06, 2.62397929873e-06, 2.35748939303e-06, 2.01977513825e-06, 2.10731423067e-06, 1.92336801774e-06, 1.56508974669e-06, 1.34866024837e-06],
        "median": [0.000890476279892, 0.00132226094138, 0.000702710705809, 0.000561036285944, 0.000612476782408, 0.000396511546569, 0.000142188015161, 0.00021376053337, 0.000164860801306, 8.26668328955e-05, 4.67138743261e-05, 5.54448815819e-05, 5.23479138792e-05, 4.24676400144e-05, 2.11502174352e-05, 1.48736316987e-05, 1.24355183289e-05, 1.79794697033e-05, 1.10074270196e-05, 7.9722776718e-06, 5.55698807148e-06, 5.36384641237e-06, 6.32602723272e-06, 3.92275478589e-06, 2.14651413444e-06, 2.64237382908e-06, 2.25088274419e-06, 1.65278800068e-06, 1.73476973941e-06, 1.58944851592e-06, 1.51468907461e-06, 1.26761494812e-06, 1.32210118409e-06, 1.03697141185e-06, 7.92739058397e-07, 6.50148649584e-07, 6.59114959944e-07, 6.24089807388e-07, 3.96593065943e-07, 2.74736265737e-07],
        "min": [3.01537284031e-06, 2.40632175519e-06, 1.96512155526e-05, 1.30861817524e-05, 1.36520657179e-05, 4.20103151555e-06, 2.3833385967e-06, 1.05193578293e-06, 4.2669666982e-06, 1.06338586647e-06, 9.02980332285e-07, 1.58146963258e-06, 1.41254599839e-06, 3.05777689391e-07, 1.81636309549e-07, 1.72759968109e-07, 2.2747288142e-07, 1.9569380072e-07, 1.67626311054e-07, 1.99739474738e-07, 1.51503883217e-07, 1.54262409069e-07, 1.86366449384e-07, 1.32231775751e-07, 9.8099441459e-08, 9.19971014923e-08, 9.39112894116e-08, 9.85496271255e-08, 8.26910238061e-08, 6.00829324071e-08, 9.70339470996e-08, 3.77212607816e-08, 4.45901555679e-08, 3.49605109307e-08, 2.34272903299e-08, 6.23616092099e-09, 8.94786200689e-09, 2.03872230209e-09, 2.02323136023e-09, 2.010056184e-12],
