{
"highlevel": {
    "danceability": {
        "all": {
            "danceable": 0.118242837489,
            "not_danceable": 0.88175714016
        },
        "probability": 0.88175714016,
        "value": "not_danceable"
    },
    "gender": {
        "all": {
            "female": 0.0959850624204,
            "male": 0.90401494503
        },
        "probability": 0.90401494503,
        "value": "male"
    },
    "genre_dortmund": {
        "all": {
            "alternative": 0.145274683833,
            "blues": 0.148106351495,
            "electronic": 0.0339489914477,
            "folkcountry": 0.392178863287,
            "funksoulrnb": 0.00802955031395,
            "jazz": 0.0280140824616,
            "pop": 0.0326259955764,
            "raphiphop": 0.00162349198945,
            "rock": 0.210197985172
        },
        "probability": 0.392178863287,
        "value": "folkcountry"
    },
    "genre_electronic": {
        "all": {
            "ambient": 0.706318318844,
            "dnb": 0.0283599607646,
            "house": 0.126196607947,
            "techno": 0.00434190779924,
            "trance": 0.13478320837
        },
        "probability": 0.706318318844,
        "value": "ambient"
    },
    "genre_rosamerica": {
        "all": {
            "cla": 0.113085404038,
            "dan": 0.0222317148,
            "hip": 0.0119657684118,
            "jaz": 0.0562026761472,
            "pop": 0.103235766292,
            "rhy": 0.0688158273697,
            "roc": 0.583399951458,
            "spe": 0.0410629063845
        },
        "probability": 0.583399951458,
        "value": "roc"
    },
    "genre_tzanetakis": {
        "all": {
            "blu": 0.0613909773529,
            "cla": 0.0341114625335,
            "cou": 0.102361664176,
            "dis": 0.094366915524,
            "hip": 0.153766795993,
            "jaz": 0.307624429464,
            "met": 0.0439069494605,
            "pop": 0.0614632330835,
            "reg": 0.0641686990857,
            "roc": 0.0768388807774
        },
        "probability": 0.307624429464,
        "value": "jaz"
    },
    "ismir04_rhythm": {
        "all": {
            "ChaChaCha": 0.0321884676814,
            "Jive": 0.07394964993,
            "Quickstep": 0.0318190716207,
            "Rumba-American": 0.0190739464015,
            "Rumba-International": 0.213433012366,
            "Rumba-Misc": 0.0148327210918,
            "Samba": 0.0217691361904,
            "Tango": 0.407183378935,
            "VienneseWaltz": 0.134507104754,
            "Waltz": 0.0512435287237
        },
        "probability": 0.407183378935,
        "value": "Tango"
    },
    "mood_acoustic": {
        "all": {
            "acoustic": 0.804571628571,
            "not_acoustic": 0.195428356528
        },
        "probability": 0.804571628571,
        "value": "acoustic"
    },
    "mood_aggressive": {
        "all": {
            "aggressive": 0.0548812262714,
            "not_aggressive": 0.945118784904
        },
        "probability": 0.945118784904,
        "value": "not_aggressive"
    },
    "mood_electronic": {
        "all": {
            "electronic": 0.210720151663,
            "not_electronic": 0.789279818535
        },
        "probability": 0.789279818535,
        "value": "not_electronic"
    },
    "mood_happy": {
        "all": {
            "happy": 0.541294276714,
            "not_happy": 0.458705693483
        },
        "probability": 0.541294276714,
        "value": "happy"
    },
    "mood_party": {
        "all": {
            "not_party": 0.962186038494,
            "party": 0.03781395033
        },
        "probability": 0.962186038494,
        "value": "not_party"
    },
    "mood_relaxed": {
        "all": {
            "not_relaxed": 0.219889566302,
            "relaxed": 0.780110418797
        },
        "probability": 0.780110418797,
        "value": "relaxed"
    },
    "mood_sad": {
        "all": {
            "not_sad": 0.223490431905,
            "sad": 0.776509582996
        },
        "probability": 0.776509582996,
        "value": "sad"
    },
    "moods_mirex": {
        "all": {
            "Cluster1": 0.262657880783,
            "Cluster2": 0.08585716784,
            "Cluster3": 0.533626198769,
            "Cluster4": 0.107832081616,
            "Cluster5": 0.0100266952068
        },
        "probability": 0.533626198769,
        "value": "Cluster3"
    },
    "timbre": {
        "all": {
            "bright": 0.999999761581,
            "dark": 2.66389918124e-07
        },
        "probability": 0.999999761581,
        "value": "bright"
    },
    "tonal_atonal": {
        "all": {
            "atonal": 0.000553892750759,
            "tonal": 0.999446094036
        },
        "probability": 0.999446094036,
        "value": "tonal"
    },
    "voice_instrumental": {
        "all": {
            "instrumental": 0.316722542048,
            "voice": 0.683277487755
        },
        "probability": 0.683277487755,
        "value": "voice"
    }
},
"lowlevel": {
    "average_loudness": 0.980930268764,
    "barkbands_crest": {
        "dmean": 2.42298674583,
        "dmean2": 4.02349042892,
        "dvar": 5.17681455612,
        "dvar2": 14.8158960342,
        "max": 23.511756897,
        "mean": 9.34805774689,
        "median": 8.74265670776,
        "min": 3.62246394157,
        "var": 10.0607948303
    },
    "barkbands_flatness_db": {
        "dmean": 0.0244232043624,
        "dmean2": 0.0390858538449,
        "dvar": 0.000507348566316,
        "dvar2": 0.00128266622778,
        "max": 0.284965455532,
        "mean": 0.193717285991,
        "median": 0.192851349711,
        "min": 0.0915919020772,
        "var": 0.000986324506812
    },
    "barkbands_kurtosis": {
        "dmean": 2.12602901459,
        "dmean2": 3.54889917374,
        "dvar": 7.45545768738,
        "dvar2": 19.7492656708,
        "max": 29.0096092224,
        "mean": 3.23906779289,
        "median": 2.12916040421,
        "min": -1.44869434834,
        "var": 14.3027572632
    },
    "barkbands_skewness": {
        "dmean": 0.430269181728,
        "dmean2": 0.707700908184,
        "dvar": 0.191661283374,
        "dvar2": 0.512317836285,
        "max": 5.07734155655,
        "mean": 1.56340324879,
        "median": 1.4615238905,
        "min": -0.468465656042,
        "var": 0.58188867569
    },
    "barkbands_spread": {
        "dmean": 3.58164453506,
        "dmean2": 5.91486263275,
        "dvar": 16.6308307648,
        "dvar2": 44.3372802734,
        "max": 62.9028549194,
        "mean": 13.9632291794,
        "median": 13.2796764374,
        "min": 2.36688780785,
        "var": 33.6939582825
    },
    "dissonance": {
        "dmean": 0.0225161835551,
        "dmean2": 0.0377195253968,
        "dvar": 0.000384729792131,
        "dvar2": 0.00106974551454,
        "max": 0.500000059605,
        "mean": 0.452188044786,
        "median": 0.455852419138,
        "min": 0.331631958485,
        "var": 0.000773399427999
    },
    "dynamic_complexity": 1.21793186665,
    "erbbands_crest": {
        "dmean": 2.50865340233,
        "dmean2": 4.04642534256,
        "dvar": 4.88507127762,
        "dvar2": 11.425570488,
        "max": 24.9909610748,
        "mean": 10.1795511246,
        "median": 9.56779766083,
        "min": 2.90721225739,
        "var": 16.6176986694
    },
    "erbbands_flatness_db": {
        "dmean": 0.0204442441463,
        "dmean2": 0.0287605691701,
        "dvar": 0.000290420342935,
        "dvar2": 0.00057077081874,
        "max": 0.293495178223,
        "mean": 0.209834903479,
        "median": 0.212951511145,
        "min": 0.099723726511,
        "var": 0.00102962146048
    },
    "erbbands_kurtosis": {
        "dmean": 0.523578107357,
        "dmean2": 0.83246666193,
        "dvar": 0.388438910246,
        "dvar2": 0.906563639641,
        "max": 5.68616008759,
        "mean": -0.288920849562,
        "median": -0.533645153046,
        "min": -1.64390313625,
        "var": 1.0725761652
    },
    "erbbands_skewness": {
        "dmean": 0.300770819187,
        "dmean2": 0.470026642084,
        "dvar": 0.0623414255679,
        "dvar2": 0.157107099891,
        "max": 2.27022218704,
        "mean": 0.31266310811,
        "median": 0.28224337101,
        "min": -1.4435583353,
        "var": 0.288037449121
    },
    "erbbands_spread": {
        "dmean": 5.37404060364,
        "dmean2": 8.11971950531,
        "dvar": 29.353345871,
        "dvar2": 66.3221435547,
        "max": 106.325515747,
        "mean": 32.6260604858,
        "median": 30.9138011932,
        "min": 9.84122371674,
        "var": 166.117431641
    },
    "hfc": {
        "dmean": 5.30783462524,
        "dmean2": 7.68255281448,
        "dvar": 41.1486129761,
        "dvar2": 90.9493103027,
        "max": 71.2035980225,
        "mean": 20.0103721619,
        "median": 18.0118713379,
        "min": 3.63058400154,
        "var": 101.9141922
    },
    "melbands_crest": {
        "dmean": 3.020195961,
        "dmean2": 5.05346155167,
        "dvar": 6.54186010361,
        "dvar2": 19.1358966827,
        "max": 24.8543224335,
        "mean": 13.1814908981,
        "median": 12.7963428497,
        "min": 5.7199177742,
        "var": 13.7686004639
    },
    "melbands_flatness_db": {
        "dmean": 0.0284018386155,
        "dmean2": 0.0453787669539,
        "dvar": 0.000752001011278,
        "dvar2": 0.00187316117808,
        "max": 0.394690692425,
        "mean": 0.256834089756,
        "median": 0.256371796131,
        "min": 0.130160704255,
        "var": 0.00170749542303
    },
    "melbands_kurtosis": {
        "dmean": 4.62751722336,
        "dmean2": 7.63195180893,
        "dvar": 45.0296707153,
        "dvar2": 117.235534668,
        "max": 70.8262481689,
        "mean": 9.39637756348,
        "median": 6.49643421173,
        "min": -0.982284545898,
        "var": 86.4387359619
    },
    "melbands_skewness": {
        "dmean": 0.578222632408,
        "dmean2": 0.925337433815,
        "dvar": 0.369359433651,
        "dvar2": 0.976859688759,
        "max": 7.53204393387,
        "mean": 2.3865249157,
        "median": 2.25142502785,
        "min": 0.0272051654756,
        "var": 1.33287525177
    },
    "melbands_spread": {
        "dmean": 4.26731872559,
        "dmean2": 7.15593099594,
        "dvar": 21.4883728027,
        "dvar2": 60.4812164307,
        "max": 46.7248458862,
        "mean": 15.136179924,
        "median": 14.6319732666,
        "min": 2.45408606529,
        "var": 40.5701637268
    },
    "pitch_salience": {
        "dmean": 0.0647837296128,
        "dmean2": 0.106221206486,
        "dvar": 0.00305317691527,
        "dvar2": 0.00812446046621,
        "max": 0.779123187065,
        "mean": 0.542093276978,
        "median": 0.542760193348,
        "min": 0.201940998435,
        "var": 0.0078745605424
    },
    "silence_rate_20dB": {
        "dmean": 0,
        "dmean2": 0,
        "dvar": 0,
        "dvar2": 0,
        "max": 1,
        "mean": 1,
        "median": 1,
        "min": 1,
        "var": 0
    },
    "silence_rate_30dB": {
        "dmean": 0.0216718260199,
        "dmean2": 0.0433772280812,
        "dvar": 0.0212018713355,
        "dvar2": 0.0569871403277,
        "max": 1,
        "mean": 0.986078858376,
        "median": 1,
        "min": 0,
        "var": 0.0137272458524
    },
    "silence_rate_60dB": {
        "dmean": 0,
        "dmean2": 0,
        "dvar": 0,
        "dvar2": 0,
        "max": 0,
        "mean": 0,
        "median": 0,
        "min": 0,
        "var": 0
    },
    "spectral_centroid": {
        "dmean": 171.02671814,
        "dmean2": 282.078338623,
        "dvar": 40577.6015625,
        "dvar2": 105508.984375,
        "max": 2143.82617188,
        "mean": 868.80645752,
        "median": 820.162353516,
        "min": 273.513580322,
        "var": 92713.265625
    },
    "spectral_complexity": {
        "dmean": 3.21671819687,
        "dmean2": 4.95662260056,
        "dvar": 13.6992025375,
        "dvar2": 30.7339916229,
        "max": 46,
        "mean": 19.4663581848,
        "median": 19,
        "min": 8,
        "var": 26.5473918915
    },
    "spectral_decrease": {
        "dmean": 3.81008113948e-09,
        "dmean2": 6.04325700593e-09,
        "dvar": 2.59975686598e-17,
        "dvar2": 6.34438662452e-17,
        "max": -1.87865811796e-09,
        "mean": -1.04277786406e-08,
        "median": -9.05041286359e-09,
        "min": -4.94374603477e-08,
        "var": 3.53000021239e-17
    },
    "spectral_energy": {
        "dmean": 0.0147202601656,
        "dmean2": 0.0232206732035,
        "dvar": 0.000380472658435,
        "dvar2": 0.000923617975786,
        "max": 0.19037142396,
        "mean": 0.0411718077958,
        "median": 0.0360982008278,
        "min": 0.00781896803528,
        "var": 0.000529545592144
    },
    "spectral_energyband_high": {
        "dmean": 0.000151111496962,
        "dmean2": 0.000239631073782,
        "dvar": 1.14216518909e-07,
        "dvar2": 2.7616451348e-07,
        "max": 0.0056883636862,
        "mean": 0.000225589654292,
        "median": 9.61486803135e-05,
        "min": 9.66899096966e-06,
        "var": 1.72602838688e-07
    },
    "spectral_energyband_low": {
        "dmean": 0.0098929470405,
        "dmean2": 0.0167132988572,
        "dvar": 0.000289776391583,
        "dvar2": 0.000765609729569,
        "max": 0.146895423532,
        "mean": 0.0143332127482,
        "median": 0.00881951581687,
        "min": 0.000280920765363,
        "var": 0.000294270837912
    },
    "spectral_energyband_middle_high": {
        "dmean": 0.0017787682591,
        "dmean2": 0.00270231859758,
        "dvar": 5.82301299801e-06,
        "dvar2": 1.33080638989e-05,
        "max": 0.0324290432036,
        "mean": 0.00575282843783,
        "median": 0.00487019028515,
        "min": 0.000580928463023,
        "var": 1.53778964886e-05
    },
    "spectral_energyband_middle_low": {
        "dmean": 0.00751802418381,
        "dmean2": 0.0118862381205,
        "dvar": 7.43490891182e-05,
        "dvar2": 0.000195034546778,
        "max": 0.110374979675,
        "mean": 0.0233920682222,
        "median": 0.0211725309491,
        "min": 0.00490222591907,
        "var": 0.000139326381031
    },
    "spectral_entropy": {
        "dmean": 0.179736018181,
        "dmean2": 0.269274771214,
        "dvar": 0.0273142773658,
        "dvar2": 0.0572781376541,
        "max": 8.13884162903,
        "mean": 7.00295162201,
        "median": 6.95303201675,
        "min": 6.26320075989,
        "var": 0.0862995013595
    },
    "spectral_flux": {
        "dmean": 0.0284619666636,
        "dmean2": 0.0413435548544,
        "dvar": 0.0010830508545,
        "dvar2": 0.00215585087426,
        "max": 0.336028695107,
        "mean": 0.0953435450792,
        "median": 0.0806867107749,
        "min": 0.0312778279185,
        "var": 0.00239741895348
    },
    "spectral_kurtosis": {
        "dmean": 3.73910665512,
        "dmean2": 6.42529344559,
        "dvar": 9.45670318604,
        "dvar2": 27.7967243195,
        "max": 29.3459968567,
        "mean": 7.74974489212,
        "median": 7.13561153412,
        "min": -0.4975066185,
        "var": 18.277973175
    },
    "spectral_rms": {
        "dmean": 0.00103920581751,
        "dmean2": 0.00160376587883,
        "dvar": 1.26968791392e-06,
        "dvar2": 2.99981934404e-06,
        "max": 0.0136282136664,
        "mean": 0.00614621443674,
        "median": 0.00593445496634,
        "min": 0.00276193069294,
        "var": 2.39170617533e-06
    },
    "spectral_rolloff": {
        "dmean": 307.980834961,
        "dmean2": 549.388671875,
        "dvar": 225716.75,
        "dvar2": 627738.0625,
        "max": 6330.76171875,
        "mean": 867.972167969,
        "median": 710.595703125,
        "min": 107.666015625,
        "var": 260066.421875
    },
    "spectral_skewness": {
        "dmean": 0.370723158121,
        "dmean2": 0.613909125328,
        "dvar": 0.0807144790888,
        "dvar2": 0.216360628605,
        "max": 3.80449032784,
        "mean": 1.83883750439,
        "median": 1.83789610863,
        "min": 0.424574673176,
        "var": 0.245995923877
    },
    "spectral_spread": {
        "dmean": 351946.78125,
        "dmean2": 514173.375,
        "dvar": 146504990720,
        "dvar2": 276471513088,
        "max": 9157023,
        "mean": 2780077.75,
        "median": 2630513,
        "min": 1817491.75,
        "var": 605253730304
    },
    "spectral_strongpeak": {
        "dmean": 0.562224566936,
        "dmean2": 0.941008448601,
        "dvar": 0.558454930782,
        "dvar2": 1.40766370296,
        "max": 7.17835044861,
        "mean": 1.11750555038,
        "median": 0.657398998737,
        "min": 0.0544292330742,
        "var": 1.15000498295
    },
    "zerocrossingrate": {
        "dmean": 0.00525129120797,
        "dmean2": 0.00676861451939,
        "dvar": 2.55206250586e-05,
        "dvar2": 4.01797915401e-05,
        "max": 0.11376953125,
        "mean": 0.0354311689734,
        "median": 0.03466796875,
        "min": 0.0107421875,
        "var": 0.000128255735035
    },
    "barkbands": {
        "dmean": [6.56539195916e-05, 0.00522192846984, 0.00443345261738, 0.00254094065167, 0.00383065221831, 0.00102423445787, 0.00152051937766, 0.00210329890251, 0.000633655523416, 0.000361798593076, 0.000307014473947, 0.000471273961011, 0.000552963116206, 0.000367230095435, 0.000296166515909, 0.000205883479794, 0.000174199813046, 0.000147615864989, 0.000118602387374, 6.59320066916e-05, 6.82274840074e-05, 4.12122280977e-05, 1.24182324726e-05, 1.05345907286e-05, 5.53989320906e-06, 2.92454569717e-06, 2.59496069077e-09],
        "dmean2": [9.76562296273e-05, 0.00878525711596, 0.00763219641522, 0.00460279174149, 0.00602039415389, 0.00152870640159, 0.00230442848988, 0.00314721954055, 0.000945088686422, 0.000570582400542, 0.000480997579871, 0.000740352785215, 0.000842554611154, 0.000570794509258, 0.000467791745905, 0.000319505605148, 0.000270110496785, 0.000226356263738, 0.000188980600797, 0.000106332539872, 0.000109817861812, 6.4666455728e-05, 2.03187955776e-05, 1.60857380251e-05, 8.90075443749e-06, 5.12325505042e-06, 3.89115717425e-09],
        "dvar": [1.89882154444e-08, 0.00017663903418, 5.75361700612e-05, 1.07171854324e-05, 3.31099690811e-05, 2.01357011065e-06, 5.9256417444e-06, 8.99021870282e-06, 5.08688481204e-06, 3.4756286027e-07, 2.43102476816e-07, 1.14168346954e-06, 1.52253664965e-06, 9.16668227546e-07, 1.91993777321e-07, 9.68119309164e-08, 6.24089153689e-08, 9.52724050762e-08, 6.68533317594e-08, 3.27360574204e-08, 2.37263719782e-08, 1.2577443087e-08, 1.83494019979e-09, 4.80435558003e-09, 1.31005906123e-09, 2.76424386852e-11, 1.4581595954e-15],
        "dvar2": [3.82071227989e-08, 0.000448712031357, 0.000188297635759, 3.31294722855e-05, 8.60700311023e-05, 4.95660651723e-06, 1.3967308405e-05, 1.94743024622e-05, 1.07592813947e-05, 8.83771008375e-07, 5.43886756077e-07, 2.66788674708e-06, 3.08707717522e-06, 1.92749212147e-06, 4.64771005682e-07, 2.42007388351e-07, 1.47066586464e-07, 2.31528318295e-07, 1.715971365e-07, 8.69524470204e-08, 6.39022772475e-08, 3.26961142605e-08, 4.17905621219e-09, 1.00887991294e-08, 3.2427402985e-09, 7.00919947083e-11, 1.46450111932e-15],
        "max": [0.00124704628251, 0.101026698947, 0.0696491897106, 0.036155808717, 0.0741237178445, 0.0181008242071, 0.0407159999013, 0.0365058481693, 0.0595351867378, 0.0090448781848, 0.00940301641822, 0.0208879839629, 0.0233701877296, 0.0178219601512, 0.00800237618387, 0.00461752386764, 0.00439704069868, 0.00440907338634, 0.00276020495221, 0.00230376143008, 0.0020170356147, 0.0015224236995, 0.000897000601981, 0.00170253950637, 0.00101738434751, 4.42400123575e-05, 1.37335018735e-06],
        "mean": [9.62623453233e-05, 0.00516330217943, 0.00665492890403, 0.00383202009834, 0.00803298410028, 0.00226078974083, 0.00296959467232, 0.00482147699222, 0.00124778982718, 0.000621712591965, 0.000602460582741, 0.000878620950971, 0.00105196726508, 0.000659361830913, 0.000619508558884, 0.000494505395181, 0.000414258305682, 0.000270026939688, 0.000209969075513, 8.23515365482e-05, 9.01651146705e-05, 5.7799021306e-05, 1.52111615535e-05, 1.44538198583e-05, 8.30348926684e-06, 2.01503871722e-06, 2.32493047037e-09],
        "median": [1.48949957293e-05, 0.00175119144842, 0.00422499189153, 0.00260189338587, 0.00583311216906, 0.00172807159834, 0.00182549376041, 0.00209706649184, 0.000382386468118, 0.000414437294239, 0.000284821231617, 0.000259347551037, 0.000280288630165, 0.000244961003773, 0.000408068386605, 0.000270441465545, 0.00024830608163, 0.000140562202432, 0.000115188675409, 2.7734786272e-05, 3.80114979635e-05, 2.46007384703e-05, 3.32738773068e-06, 1.37208076012e-06, 1.1562308373e-06, 1.62070350029e-07, 5.75688385851e-10],
        "min": [4.11118818988e-08, 7.18180535841e-06, 2.56088223978e-05, 1.2609811165e-05, 0.000388823449612, 4.390140748e-05, 3.77383512387e-05, 1.43921370181e-05, 1.42419139593e-05, 1.90901828319e-05, 1.31552387757e-05, 1.34484198497e-05, 8.76575177244e-06, 1.12798552436e-05, 8.26316954772e-06, 1.30410435304e-05, 1.51325521074e-05, 6.44100282443e-06, 5.08449284098e-06, 1.74895217242e-06, 3.4811578189e-06, 9.72499378804e-07, 9.6948660655e-08, 1.47211869361e-08, 1.63557978272e-09, 1.65590145762e-11, 2.27004959968e-11],
        "var": [2.95482891488e-08, 0.000140033051139, 5.69192852709e-05, 1.49607512867e-05, 6.15313692833e-05, 4.13556244894e-06, 1.22663450384e-05, 3.70496454707e-05, 1.26242366605e-05, 4.94996299949e-07, 7.26552855213e-07, 2.91015953735e-06, 4.69169481221e-06, 2.10941061596e-06, 5.90465901951e-07, 4.08636338989e-07, 2.7548816206e-07, 1.44156771853e-07, 8.82487256604e-08, 2.8839105326e-08, 2.28731771301e-08, 1.38497702196e-08, 3.42658168506e-09, 1.04470547768e-08, 2.85039081227e-09, 2.22553000334e-11, 1.45850613776e-15]
    },
    "erbbands": {
        "dmean": [0.117303580046, 1.34531128407, 4.52043581009, 7.39770746231, 11.1004896164, 12.7375183105, 12.0889253616, 7.34680366516, 14.7383766174, 41.6672439575, 35.0273132324, 16.9289321899, 8.97625827789, 10.4654951096, 13.18704319, 21.3701076508, 23.1956577301, 20.9037685394, 11.8319826126, 17.5562725067, 9.2840719223, 8.90823554993, 7.36051702499, 7.27955818176, 5.36320495605, 3.11694955826, 2.651086092, 2.55304455757, 1.73384773731, 0.664019882679, 0.30927413702, 0.268577158451, 0.138829872012, 0.0837486758828, 0.032005045563, 0.0121411206201, 0.0058204010129, 0.000460109324194, 1.22874689623e-05, 1.62820961123e-05],
        "dmean2": [0.193322777748, 2.28359079361, 7.77371454239, 13.3769922256, 18.2724208832, 19.8108615875, 16.4803256989, 11.5085849762, 21.9892024994, 66.1725692749, 50.0270576477, 24.5487747192, 13.878824234, 16.4630260468, 21.2447662354, 33.2066307068, 36.0470733643, 32.28647995, 19.2013092041, 27.130279541, 14.4407024384, 13.86165905, 11.1333341599, 11.5913934708, 8.58769130707, 5.01114273071, 4.24840593338, 4.13829231262, 2.77023553848, 1.06575870514, 0.5168389678, 0.4266076684, 0.209339529276, 0.130098059773, 0.0542659685016, 0.0209919326007, 0.0101980650797, 0.000824653776363, 1.92020615941e-05, 2.53991765931e-05],
        "dvar": [0.0903294831514, 10.949432373, 57.2269363403, 113.210975647, 372.440765381, 311.021026611, 229.621810913, 176.55480957, 871.746398926, 4361.10009766, 4089.01928711, 3846.47631836, 292.505493164, 213.727996826, 353.121337891, 2488.4609375, 2860.01245117, 2338.14428711, 606.583557129, 676.577209473, 153.937454224, 190.133865356, 190.412094116, 355.424987793, 154.322433472, 70.4174804688, 32.898601532, 33.3809242249, 23.5309848785, 3.96037507057, 1.28060996532, 2.81693959236, 0.897477447987, 0.323005586863, 0.0258921664208, 0.000508136465214, 0.00010458091856, 9.4497261216e-07, 3.26404514528e-10, 4.45386311165e-10],
        "dvar2": [0.223712995648, 28.3338127136, 173.698181152, 378.020050049, 1014.67980957, 737.389404297, 467.500183105, 457.72076416, 1943.90100098, 11435.9492188, 7611.63574219, 7931.98681641, 702.779907227, 531.354064941, 800.562438965, 6118.76367188, 6045.96435547, 5073.42871094, 1494.87805176, 1610.43676758, 373.785766602, 451.095092773, 444.499755859, 962.463134766, 396.49319458, 186.265594482, 83.9868087769, 88.0046691895, 62.9454269409, 9.84298610687, 3.03569746017, 5.58718824387, 1.96947991848, 0.750606298447, 0.0706169307232, 0.00125130347442, 0.000263361027464, 2.54270776168e-06, 7.27796323208e-10, 1.05921049709e-09],
        "max": [2.23544430733, 25.179731369, 73.3492202759, 102.394996643, 235.43548584, 351.615325928, 228.241271973, 221.911468506, 622.517150879, 836.213256836, 983.891296387, 1784.42578125, 229.270782471, 182.918548584, 281.04095459, 966.37487793, 1061.7064209, 689.10546875, 401.75378418, 535.682800293, 145.47442627, 258.20223999, 174.798080444, 252.703659058, 139.985855103, 120.794845581, 61.6706352234, 79.9748687744, 63.0276603699, 41.2867584229, 24.6792583466, 46.7176933289, 23.1309909821, 14.827703476, 4.15995168686, 0.221316561103, 0.103581055999, 0.0100309764966, 0.000216422427911, 0.000210273865378],
        "mean": [0.109614126384, 1.3713208437, 6.91560792923, 11.6945953369, 18.5404052734, 27.3620586395, 26.9143733978, 15.2899265289, 29.1684398651, 90.3394622803, 83.6621170044, 36.287021637, 16.7864532471, 19.0724277496, 29.0520019531, 43.3273200989, 48.3565216064, 41.5871925354, 22.9163246155, 38.9809150696, 24.1080207825, 22.036031723, 15.0067434311, 13.2873687744, 9.09917736053, 4.30498695374, 3.56314349174, 3.39072346687, 2.40609836578, 0.895299613476, 0.384036421776, 0.366437107325, 0.193470358849, 0.131765425205, 0.0379640720785, 0.00955178122967, 0.00397638138384, 0.000300668703858, 2.66228325927e-05, 4.72125357192e-05],
        "median": [0.0228208322078, 0.508836567402, 4.29365587234, 7.85583925247, 12.5884027481, 18.9311504364, 18.2103672028, 12.0567483902, 16.9642333984, 52.6259727478, 31.0297603607, 12.9345378876, 10.3229875565, 13.4398012161, 15.7365512848, 14.2482147217, 15.305138588, 17.5165214539, 11.0200490952, 26.8947639465, 16.3686599731, 12.1057529449, 8.36465740204, 8.15784931183, 4.23336029053, 1.57331097126, 1.53196585178, 1.31487250328, 1.07348966599, 0.338066399097, 0.0798702090979, 0.0383217297494, 0.0206226930022, 0.0146449366584, 0.00656028836966, 0.00144041748717, 0.000278515421087, 2.02079172595e-05, 2.02806895686e-05, 4.13325797126e-05],
        "min": [0.000522241112776, 0.00784965977073, 0.0440789945424, 0.245010703802, 0.876236617565, 0.677644193172, 0.942529261112, 0.731460571289, 0.754012465477, 1.31054890156, 0.558341264725, 0.641281664371, 0.512879729271, 0.716158509254, 1.35926496983, 1.07781612873, 0.554360747337, 1.04137313366, 1.12998759747, 1.00109016895, 1.3499007225, 1.31208848953, 0.551511406898, 0.439843863249, 0.266133964062, 0.23768606782, 0.153655976057, 0.112175934017, 0.0389025695622, 0.0298329219222, 0.00270827184431, 0.000451162428362, 0.00040946243098, 0.00027969974326, 5.50392542209e-05, 1.60240069818e-05, 5.22605614606e-06, 9.12238931505e-07, 4.48102264272e-06, 1.0287936675e-05],
        "var": [0.0771479457617, 8.4438867569, 61.0890617371, 140.224365234, 441.070800781, 883.241699219, 834.238525391, 216.904434204, 1755.67785645, 10857.6474609, 18373.4628906, 8824.99316406, 487.720458984, 390.356079102, 1173.70751953, 5982.26513672, 9324.5, 6206.79248047, 1130.6541748, 2146.87866211, 536.930358887, 999.677185059, 387.396575928, 339.365661621, 207.171096802, 69.2890930176, 33.5752334595, 34.3603973389, 23.3799877167, 5.19136953354, 2.42232823372, 6.26999855042, 1.86136698723, 0.86090773344, 0.0418727621436, 0.000523258233443, 8.75495024957e-05, 6.37211030607e-07, 4.14191042575e-10, 6.56904086682e-10]
    },
    "gfcc": {
        "mean": [-9.10569953918, 159.840393066, -140.262466431, 33.2888526917, -47.7793235779, -5.28111982346, -32.3899650574, -6.88301277161, -15.5410680771, -4.60493755341, -15.2641086578, -10.4077978134, -8.90252113342],
        "cov": [[1079.10644531, -586.624145508, 89.5572738647, 2.8318862915, -112.694595337, 133.919586182, -30.4735393524, 95.751083374, -104.562454224, 136.421554565, -124.802703857, 110.122680664, -233.373596191], [-586.624145508, 637.042907715, -120.008804321, 47.0159645081, 158.892669678, -80.2131958008, 112.021034241, -83.0074081421, 147.538955688, -121.725944519, 170.484313965, -111.779571533, 158.099319458], [89.5572738647, -120.008804321, 292.59552002, -8.0834903717, 3.45770859718, 57.6441268921, -46.4090766907, 38.365562439, -42.0814704895, 59.0892677307, -80.3436660767, 60.9925880432, -25.1059951782], [2.8318862915, 47.0159645081, -8.0834903717, 300.876098633, 46.2828674316, 9.91501808167, 54.8971061707, -43.8769836426, 47.526184082, -85.3543930054, 59.0559768677, -36.2422370911, 96.5866470337], [-112.694595337, 158.892669678, 3.45770859718, 46.2828674316, 202.154190063, -49.0231361389, 46.3154373169, 7.28852367401, -6.57172203064, -18.1424827576, 17.1316642761, 20.1397037506, 10.5895814896], [133.919586182, -80.2131958008, 57.6441268921, 9.91501808167, -49.0231361389, 148.962417603, 4.61904859543, 7.27790403366, 24.4691944122, 12.9448604584, 3.09055376053, 6.41009950638, -15.9723024368], [-30.4735393524, 112.021034241, -46.4090766907, 54.8971061707, 46.3154373169, 4.61904859543, 156.23928833, 3.72680425644, 17.8018856049, -11.2053365707, 51.6029281616, 5.79151391983, 0.534211218357], [95.751083374, -83.0074081421, 38.365562439, -43.8769836426, 7.28852367401, 7.27790403366, 3.72680425644, 109.14515686, -23.770526886, 33.6203384399, -6.01309156418, 22.5890884399, -37.3501853943], [-104.562454224, 147.538955688, -42.0814704895, 47.526184082, -6.57172203064, 24.4691944122, 17.8018856049, -23.770526886, 154.373092651, -6.78135108948, 47.9194297791, -48.4140052795, 50.9744415283], [136.421554565, -121.725944519, 59.0892677307, -85.3543930054, -18.1424827576, 12.9448604584, -11.2053365707, 33.6203384399, -6.78135108948, 133.85206604, -52.3248405457, 38.2497253418, -62.2903366089], [-124.802703857, 170.484313965, -80.3436660767, 59.0559768677, 17.1316642761, 3.09055376053, 51.6029281616, -6.01309156418, 47.9194297791, -52.3248405457, 147.520202637, -46.5148010254, 43.3558807373], [110.122680664, -111.779571533, 60.9925880432, -36.2422370911, 20.1397037506, 6.41009950638, 5.79151391983, 22.5890884399, -48.4140052795, 38.2497253418, -46.5148010254, 123.878059387, -45.4290122986], [-233.373596191, 158.099319458, -25.1059951782, 96.5866470337, 10.5895814896, -15.9723024368, 0.534211218357, -37.3501853943, 50.9744415283, -62.2903366089, 43.3558807373, -45.4290122986, 166.565216064]],
        "icov": [[0.00259809731506, 0.0010518047493, 0.000775820401032, -0.00173210469075, 0.000401854049414, -0.00145967665594, 0.000244366092375, -0.000955020892434, 0.000362353486707, -0.00112105521839, 0.000543860194739, -0.000433527020505, 0.00259278062731], [0.0010518047493, 0.0181044712663, -0.00529183447361, 0.0119692487642, -0.0117819933221, 0.00619735522196, -0.010172589682, 0.00999205000699, -0.0118141826242, 0.00919346045703, -0.0107441740111, 0.00734020257369, -0.00798011478037], [0.000775820401032, -0.00529183447361, 0.00750219170004, -0.00554929254577, 0.00304155028425, -0.00500390212983, 0.00487016374245, -0.00492275459692, 0.0049085044302, -0.00514464266598, 0.00550636509433, -0.0037525515072, 0.00278300070204], [-0.00173210469075, 0.0119692487642, -0.00554929254577, 0.0155279440805, -0.00953927449882, 0.0053474875167, -0.00915119238198, 0.00916687212884, -0.00942534487695, 0.00995046179742, -0.00854927487671, 0.00603117793798, -0.00994833931327], [0.000401854049414, -0.0117819933221, 0.00304155028425, -0.00953927449882, 0.0145114026964, -0.00218243314885, 0.00531711708754, -0.00769632169977, 0.00781517103314, -0.00592053402215, 0.00699377432466, -0.00640735216439, 0.00668771238998], [-0.00145967665594, 0.00619735522196, -0.00500390212983, 0.0053474875167, -0.00218243314885, 0.0125197051093, -0.00502574024722, 0.00439464766532, -0.00689630722627, 0.00489789713174, -0.00557327782735, 0.00252606649883, -0.00335993384942], [0.000244366092375, -0.010172589682, 0.00487016374245, -0.00915119238198, 0.00531711708754, -0.00502574024722, 0.0147664593533, -0.00664234953001, 0.00682748574764, -0.00680949585512, 0.00393861718476, -0.00596002209932, 0.00639502191916], [-0.000955020892434, 0.00999205000699, -0.00492275459692, 0.00916687212884, -0.00769632169977, 0.00439464766532, -0.00664234953001, 0.0176919456571, -0.00602712249383, 0.00437551504001, -0.00848789513111, 0.00430960441008, -0.00511510716751], [0.000362353486707, -0.0118141826242, 0.0049085044302, -0.00942534487695, 0.00781517103314, -0.00689630722627, 0.00682748574764, -0.00602712249383, 0.0174791980535, -0.00956969894469, 0.00582896964625, -0.00277849147096, 0.00419214880094], [-0.00112105521839, 0.00919346045703, -0.00514464266598, 0.00995046179742, -0.00592053402215, 0.00489789713174, -0.00680949585512, 0.00437551504001, -0.00956969894469, 0.0182668864727, -0.00368003128096, 0.00292883790098, -0.00347666349262], [0.000543860194739, -0.0107441740111, 0.00550636509433, -0.00854927487671, 0.00699377432466, -0.00557327782735, 0.00393861718476, -0.00848789513111, 0.00582896964625, -0.00368003128096, 0.0180475916713, -0.00276250788011, 0.00524133443832], [-0.000433527020505, 0.00734020257369, -0.0037525515072, 0.00603117793798, -0.00640735216439, 0.00252606649883, -0.00596002209932, 0.00430960441008, -0.00277849147096, 0.00292883790098, -0.00276250788011, 0.014865456149, -0.00328331813216], [0.00259278062731, -0.00798011478037, 0.00278300070204, -0.00994833931327, 0.00668771238998, -0.00335993384942, 0.00639502191916, -0.00511510716751, 0.00419214880094, -0.00347666349262, 0.00524133443832, -0.00328331813216, 0.0166413858533]]
    },
    "melbands": {
        "dmean": [0.00128647708334, 0.00215854635462, 0.00127042969689, 0.000914302130695, 0.00043399410788, 0.000166147525306, 0.000243696238613, 0.000459321425296, 0.000267118535703, 8.84630353539e-05, 4.45055629825e-05, 4.48413593404e-05, 4.52416716143e-05, 5.26331277797e-05, 6.15576645941e-05, 4.42534546892e-05, 4.07876905228e-05, 2.01249094971e-05, 1.86874276551e-05, 2.27830932999e-05, 1.00104198282e-05, 1.01830946733e-05, 7.28243003323e-06, 8.49741172715e-06, 5.86543228565e-06, 4.8834831432e-06, 2.55293980445e-06, 2.01478201234e-06, 1.6368813931e-06, 2.07918492379e-06, 1.32010234211e-06, 1.19403523513e-06, 5.21966228462e-07, 3.15847188403e-07, 1.71849478647e-07, 1.92533434529e-07, 1.61771566809e-07, 8.91412668125e-08, 1.00039009965e-07, 6.99221018863e-08],
        "dmean2": [0.0021427066531, 0.00366850802675, 0.00227507902309, 0.00147811835632, 0.000603483757004, 0.000257403502474, 0.000362415157724, 0.000724752841052, 0.000373854505597, 0.000130855376483, 6.93612091709e-05, 7.09710293449e-05, 7.20377938705e-05, 8.19951819722e-05, 9.52775517362e-05, 6.81523451931e-05, 6.36262338958e-05, 3.29770446115e-05, 2.91522810585e-05, 3.51813250745e-05, 1.58275524882e-05, 1.58893981279e-05, 1.13188507385e-05, 1.30322468976e-05, 9.50111552811e-06, 7.82098231866e-06, 4.16208149545e-06, 3.26200756717e-06, 2.61517448052e-06, 3.44128807228e-06, 2.1121240934e-06, 1.93893129108e-06, 8.35074899896e-07, 5.0668785434e-07, 2.80419328647e-07, 3.26028299469e-07, 2.48291428306e-07, 1.3533325216e-07, 1.59200723715e-07, 1.13453495487e-07],
        "dvar": [1.10118853627e-05, 1.39885514727e-05, 3.15535180562e-06, 2.20532456296e-06, 2.80918158069e-07, 7.55029319066e-08, 2.09168803167e-07, 4.93795084822e-07, 2.52520351296e-07, 1.18520723902e-07, 7.50795781101e-09, 4.16015399907e-09, 4.79099204753e-09, 1.36943318907e-08, 2.28928467294e-08, 7.92256926729e-09, 1.03032782306e-08, 2.48163556371e-09, 8.91981488671e-10, 9.55508672185e-10, 1.86565027316e-10, 2.55967885776e-10, 1.62332133846e-10, 2.92149887615e-10, 2.68510963464e-10, 1.13876560959e-10, 5.63950899868e-11, 2.86220994822e-11, 1.36465656483e-11, 3.50893966661e-11, 9.73789538589e-12, 1.25155242073e-11, 1.82874895782e-12, 9.81296315906e-13, 3.49953166489e-13, 9.94891452208e-13, 1.24843603337e-12, 3.52329846071e-13, 5.11790750838e-13, 2.46099256425e-13],
        "dvar2": [2.78343322861e-05, 3.89295419154e-05, 9.8086802609e-06, 6.03448825132e-06, 5.70712415993e-07, 1.95087579868e-07, 4.6996424885e-07, 1.27730368149e-06, 4.63448230903e-07, 2.4360815587e-07, 1.82350596845e-08, 1.04312292137e-08, 1.09473248244e-08, 3.28412568251e-08, 4.89586220453e-08, 1.60289577167e-08, 2.28992700357e-08, 5.84833292905e-09, 2.09721262578e-09, 2.358455653e-09, 4.504921991e-10, 6.00333893708e-10, 3.61253221781e-10, 6.85067558237e-10, 7.38853311866e-10, 2.80996087509e-10, 1.53792895086e-10, 7.48352421698e-11, 3.38253348942e-11, 9.87295523114e-11, 2.50282260195e-11, 3.39616945677e-11, 4.63415980936e-12, 2.41719968694e-12, 9.04071359876e-13, 2.44565782556e-12, 2.36349134708e-12, 8.0107724924e-13, 1.08183709387e-12, 6.63560244078e-13],
        "max": [0.0252236835659, 0.0346534177661, 0.0170710347593, 0.0140863452107, 0.0118043813854, 0.00439347792417, 0.00944344792515, 0.00920390989631, 0.00722248852253, 0.00990710780025, 0.00121019768994, 0.000699700030964, 0.00135022320319, 0.00252523180097, 0.00278703309596, 0.0014714532299, 0.00153028371278, 0.00105632387567, 0.000564822461456, 0.000449963728897, 0.000157179441885, 0.000344252621289, 0.000322030216921, 0.000201053189812, 0.000223151160753, 0.000132485380163, 9.83234422165e-05, 8.57120394357e-05, 4.41983393102e-05, 0.000102216232335, 4.10417742387e-05, 4.84682204842e-05, 2.52048248512e-05, 2.0341389245e-05, 1.05969365904e-05, 2.29914021475e-05, 3.41752784152e-05, 1.51357398863e-05, 1.64069006132e-05, 1.33351095428e-05],
        "mean": [0.00120279134717, 0.0030205717776, 0.00212580617517, 0.00177480408456, 0.000995331676677, 0.0003509283124, 0.000478047324577, 0.00101597316097, 0.000628118345048, 0.000179113922059, 7.85333686508e-05, 7.56846129661e-05, 9.17128636502e-05, 9.96296803351e-05, 0.000129256091896, 8.6904168711e-05, 7.5389900303e-05, 3.36525408784e-05, 3.79059347324e-05, 5.44395261386e-05, 2.22354501602e-05, 2.46207309829e-05, 1.42434355439e-05, 1.55895304488e-05, 9.79873584583e-06, 8.64433241077e-06, 3.37609299095e-06, 2.62623916569e-06, 2.14626720663e-06, 2.39207224695e-06, 1.801519943e-06, 1.58226748681e-06, 7.23853474938e-07, 3.92289393858e-07, 1.98912275096e-07, 2.25829950296e-07, 2.22210871925e-07, 1.15714435367e-07, 1.50187531744e-07, 9.83922774367e-08],
        "median": [0.00035037600901, 0.00175671314355, 0.00150706060231, 0.00122115376871, 0.000700815988239, 0.000275359780062, 0.000281902903225, 0.000575766025577, 0.000207991513889, 6.2589191657e-05, 4.62880998384e-05, 5.04934214405e-05, 4.62547213829e-05, 3.62052560376e-05, 2.94215005852e-05, 3.42366802215e-05, 2.71956196229e-05, 1.39031781146e-05, 2.46995841735e-05, 3.45309417753e-05, 1.53415403474e-05, 1.23042773339e-05, 7.80337632023e-06, 6.89271701049e-06, 5.764049547e-06, 3.6924802771e-06, 1.34264644203e-06, 8.14325460397e-07, 8.21231424197e-07, 8.90479668669e-07, 6.03596163273e-07, 6.62184220346e-07, 2.95807581097e-07, 1.2145567041e-07, 3.66508317029e-08, 3.17853370291e-08, 1.72949707888e-08, 1.06042277181e-08, 1.85341288983e-08, 9.06033292836e-09],
        "min": [1.73355874722e-06, 1.7390028006e-05, 7.39112583688e-05, 9.67570231296e-05, 3.03845263261e-05, 8.40382926981e-06, 5.37107871423e-06, 1.47987375385e-05, 2.47261641562e-06, 3.07205959871e-06, 2.03708395929e-06, 2.10002644963e-06, 2.66493725576e-06, 2.45285377787e-06, 1.14384795324e-06, 1.15120678856e-06, 1.44973955685e-06, 7.56339318286e-07, 8.90654405339e-07, 1.47210994328e-06, 5.62135028304e-07, 7.90979413523e-07, 4.65983788445e-07, 2.708646889e-07, 2.5360179734e-07, 1.53330560693e-07, 8.7144641725e-08, 6.0269080393e-08, 5.06105877207e-08, 6.13296862184e-08, 4.77184798342e-08, 1.46131613477e-08, 1.57409818513e-08, 3.70118047321e-09, 1.89486495938e-10, 5.16372881953e-12, 3.45465973536e-12, 1.51167045461e-12, 8.83185191647e-11, 1.15921577892e-11],
