{
"highlevel": {
    "danceability": {
        "all": {
            "danceable": 0.989604830742,
            "not_danceable": 0.0103951860219
        },
        "probability": 0.989604830742,
        "value": "danceable"
    },
    "gender": {
        "all": {
            "female": 0.00304475380108,
            "male": 0.996955275536
        },
        "probability": 0.996955275536,
        "value": "male"
    },
    "genre_dortmund": {
        "all": {
            "alternative": 0.0135555556044,
            "blues": 0.0206939950585,
            "electronic": 0.0349207669497,
            "folkcountry": 0.00956350006163,
            "funksoulrnb": 0.0288804471493,
            "jazz": 0.0451329685748,
            "pop": 0.0252854712307,
            "raphiphop": 0.771753191948,
            "rock": 0.0502141192555
        },
        "probability": 0.771753191948,
        "value": "raphiphop"
    },
    "genre_electronic": {
        "all": {
            "ambient": 0.458813250065,
            "dnb": 0.148134604096,
            "house": 0.273121297359,
            "techno": 0.0298337265849,
            "trance": 0.0900971293449
        },
        "probability": 0.458813250065,
        "value": "ambient"
    },
    "genre_rosamerica": {
        "all": {
            "cla": 0.0141329606995,
            "dan": 0.121168226004,
            "hip": 0.458844065666,
            "jaz": 0.0267985146493,
            "pop": 0.189767718315,
            "rhy": 0.112051166594,
            "roc": 0.0594198592007,
            "spe": 0.0178174804896
        },
        "probability": 0.458844065666,
        "value": "hip"
    },
    "genre_tzanetakis": {
        "all": {
            "blu": 0.0605663768947,
            "cla": 0.0336414501071,
            "cou": 0.075687803328,
            "dis": 0.0605419129133,
            "hip": 0.151341602206,
            "jaz": 0.151314869523,
            "met": 0.0432291142642,
            "pop": 0.0605219639838,
            "reg": 0.0605241544545,
            "roc": 0.302630752325
        },
        "probability": 0.302630752325,
        "value": "roc"
    },
    "ismir04_rhythm": {
        "all": {
            "ChaChaCha": 0.0378004647791,
            "Jive": 0.0868048518896,
            "Quickstep": 0.0215954948217,
            "Rumba-American": 0.0188254285604,
            "Rumba-International": 0.0280384961516,
            "Rumba-Misc": 0.00561217498034,
            "Samba": 0.785931169987,
            "Tango": 0.00350326206535,
            "VienneseWaltz": 0.00901755690575,
            "Waltz": 0.00287108961493
        },
        "probability": 0.785931169987,
        "value": "Samba"
    },
    "mood_acoustic": {
        "all": {
            "acoustic": 0.312112957239,
            "not_acoustic": 0.687887072563
        },
        "probability": 0.687887072563,
        "value": "not_acoustic"
    },
    "mood_aggressive": {
        "all": {
            "aggressive": 0.408780664206,
            "not_aggressive": 0.591219305992
        },
        "probability": 0.591219305992,
        "value": "not_aggressive"
    },
    "mood_electronic": {
        "all": {
            "electronic": 0.817651987076,
            "not_electronic": 0.182348027825
        },
        "probability": 0.817651987076,
        "value": "electronic"
    },
    "mood_happy": {
        "all": {
            "happy": 0.615020215511,
            "not_happy": 0.384979784489
        },
        "probability": 0.615020215511,
        "value": "happy"
    },
    "mood_party": {
        "all": {
            "not_party": 0.451664656401,
            "party": 0.548335313797
        },
        "probability": 0.548335313797,
        "value": "party"
    },
    "mood_relaxed": {
        "all": {
            "not_relaxed": 0.661010146141,
            "relaxed": 0.338989853859
        },
        "probability": 0.661010146141,
        "value": "not_relaxed"
    },
    "mood_sad": {
        "all": {
            "not_sad": 0.801907598972,
            "sad": 0.198092386127
        },
        "probability": 0.801907598972,
        "value": "not_sad"
    },
    "moods_mirex": {
        "all": {
            "Cluster1": 0.3263425529,
            "Cluster2": 0.229686439037,
            "Cluster3": 0.103469394147,
            "Cluster4": 0.259723454714,
            "Cluster5": 0.0807781592011
        },
        "probability": 0.3263425529,
        "value": "Cluster1"
    },
    "timbre": {
        "all": {
            "bright": 0.960171759129,
            "dark": 0.0398282334208
        },
        "probability": 0.960171759129,
        "value": "bright"
    },
    "tonal_atonal": {
        "all": {
            "atonal": 0.134984210134,
            "tonal": 0.865015804768
        },
        "probability": 0.865015804768,
        "value": "tonal"
    },
    "voice_instrumental": {
        "all": {
            "instrumental": 0.144575342536,
            "voice": 0.855424642563
        },
        "probability": 0.855424642563,
        "value": "voice"
    }
},
"lowlevel": {
    "average_loudness": 0.978659689426,
    "barkbands_crest": {
        "dmean": 3.84760928154,
        "dmean2": 6.14362668991,
        "dvar": 11.1696138382,
        "dvar2": 26.2050857544,
        "max": 25.6085948944,
        "mean": 12.0357208252,
        "median": 11.1383476257,
        "min": 3.14059400558,
        "var": 24.5643558502
    },
    "barkbands_flatness_db": {
        "dmean": 0.0363625474274,
        "dmean2": 0.0542745441198,
        "dvar": 0.00131505017634,
        "dvar2": 0.00297866738401,
        "max": 0.377704501152,
        "mean": 0.169222280383,
        "median": 0.166899099946,
        "min": 0.0505157113075,
        "var": 0.00278530083597
    },
    "barkbands_kurtosis": {
        "dmean": 7.10172176361,
        "dmean2": 11.5611038208,
        "dvar": 351.080444336,
        "dvar2": 814.360107422,
        "max": 348.069702148,
        "mean": 6.82390975952,
        "median": 2.27641868591,
        "min": -1.9322412014,
        "var": 416.308868408
    },
    "barkbands_skewness": {
        "dmean": 1.00362205505,
        "dmean2": 1.49765598774,
        "dvar": 1.42824995518,
        "dvar2": 3.29406070709,
        "max": 16.6903762817,
        "mean": 1.71346902847,
        "median": 1.41881752014,
        "min": -4.53244400024,
        "var": 3.11795544624
    },
    "barkbands_spread": {
        "dmean": 9.20654964447,
        "dmean2": 14.3554849625,
        "dvar": 131.516998291,
        "dvar2": 292.982879639,
        "max": 122.541313171,
        "mean": 22.0849018097,
        "median": 18.3620758057,
        "min": 0.686652481556,
        "var": 253.20149231
    },
    "dissonance": {
        "dmean": 0.0237184166908,
        "dmean2": 0.039202477783,
        "dvar": 0.000509505276568,
        "dvar2": 0.00131343351677,
        "max": 0.499979704618,
        "mean": 0.457294464111,
        "median": 0.46415746212,
        "min": 0.265434235334,
        "var": 0.00111821305472
    },
    "dynamic_complexity": 2.45039582253,
    "erbbands_crest": {
        "dmean": 3.65436530113,
        "dmean2": 5.95782136917,
        "dvar": 10.2351417542,
        "dvar2": 23.9633522034,
        "max": 26.8174133301,
        "mean": 10.2371072769,
        "median": 9.41072368622,
        "min": 2.62615275383,
        "var": 21.3697834015
    },
    "erbbands_flatness_db": {
        "dmean": 0.0291009694338,
        "dmean2": 0.0394381023943,
        "dvar": 0.00074125372339,
        "dvar2": 0.00125237356406,
        "max": 0.340603619814,
        "mean": 0.164414808154,
        "median": 0.162822887301,
        "min": 0.053631529212,
        "var": 0.00351300509647
    },
    "erbbands_kurtosis": {
        "dmean": 1.58659529686,
        "dmean2": 2.51797866821,
        "dvar": 4.26984453201,
        "dvar2": 9.5292673111,
        "max": 17.6088237762,
        "mean": 1.0079792738,
        "median": 0.275800466537,
        "min": -1.77807748318,
        "var": 6.54829502106
    },
    "erbbands_skewness": {
        "dmean": 0.597028970718,
        "dmean2": 0.891087591648,
        "dvar": 0.313228815794,
        "dvar2": 0.714593052864,
        "max": 3.31841039658,
        "mean": 0.376575469971,
        "median": 0.39869582653,
        "min": -3.92774128914,
        "var": 0.868953883648
    },
    "erbbands_spread": {
        "dmean": 14.9093122482,
        "dmean2": 22.1687259674,
        "dvar": 336.670471191,
        "dvar2": 737.438537598,
        "max": 151.368804932,
        "mean": 40.6475868225,
        "median": 33.7926902771,
        "min": 4.38292789459,
        "var": 784.4453125
    },
    "hfc": {
        "dmean": 11.1423435211,
        "dmean2": 16.3628845215,
        "dvar": 212.173355103,
        "dvar2": 479.931121826,
        "max": 90.6303100586,
        "mean": 22.5092372894,
        "median": 19.4002227783,
        "min": 0.00588722154498,
        "var": 307.422546387
    },
    "melbands_crest": {
        "dmean": 4.29786205292,
        "dmean2": 6.9413599968,
        "dvar": 14.2280683517,
        "dvar2": 33.1910972595,
        "max": 32.7464294434,
        "mean": 15.7973232269,
        "median": 15.4251213074,
        "min": 3.18237829208,
        "var": 31.6908779144
    },
    "melbands_flatness_db": {
        "dmean": 0.0432350672781,
        "dmean2": 0.0623407997191,
        "dvar": 0.00180490803905,
        "dvar2": 0.00422579515725,
        "max": 0.497080892324,
        "mean": 0.221667125821,
        "median": 0.21731968224,
        "min": 0.0154970949516,
        "var": 0.0046472446993
    },
    "melbands_kurtosis": {
        "dmean": 20.1162147522,
        "dmean2": 31.9585838318,
        "dvar": 2122.86523438,
        "dvar2": 5114.27587891,
        "max": 661.151977539,
        "mean": 24.0022544861,
        "median": 7.03270435333,
        "min": -1.87150120735,
        "var": 3051.16235352
    },
    "melbands_skewness": {
        "dmean": 1.41790854931,
        "dmean2": 2.10980033875,
        "dvar": 3.15086007118,
        "dvar2": 7.18312549591,
        "max": 18.7872581482,
        "mean": 3.06505250931,
        "median": 2.2546043396,
        "min": -2.35534644127,
        "var": 8.03047084808
    },
    "melbands_spread": {
        "dmean": 10.3526639938,
        "dmean2": 15.5387945175,
        "dvar": 271.003356934,
        "dvar2": 590.981689453,
        "max": 273.882171631,
        "mean": 22.1279506683,
        "median": 16.5769824982,
        "min": 0.425587892532,
        "var": 493.727508545
    },
    "pitch_salience": {
        "dmean": 0.105033412576,
        "dmean2": 0.165492832661,
        "dvar": 0.0102650579065,
        "dvar2": 0.0237890202552,
        "max": 0.888741970062,
        "mean": 0.518650352955,
        "median": 0.523896992207,
        "min": 0.0627539157867,
        "var": 0.0225088391453
    },
    "silence_rate_20dB": {
        "dmean": 0,
        "dmean2": 0,
        "dvar": 0,
        "dvar2": 0,
        "max": 1,
        "mean": 1,
        "median": 1,
        "min": 1,
        "var": 0
    },
    "silence_rate_30dB": {
        "dmean": 0.0417956672609,
        "dmean2": 0.0836560800672,
        "dvar": 0.0400489754975,
        "dvar2": 0.110739827156,
        "max": 1,
        "mean": 0.975251376629,
        "median": 1,
        "min": 0,
        "var": 0.0241359509528
    },
    "silence_rate_60dB": {
        "dmean": 0.0162538699806,
        "dmean2": 0.0325329191983,
        "dvar": 0.0159898828715,
        "dvar2": 0.0361215919256,
        "max": 1,
        "mean": 0.0332559943199,
        "median": 0,
        "min": 0,
        "var": 0.0321501791477
    },
    "spectral_centroid": {
        "dmean": 380.333831787,
        "dmean2": 571.599304199,
        "dvar": 229467.609375,
        "dvar2": 459296.625,
        "max": 5305.20654297,
        "mean": 1260.78222656,
        "median": 1120.26989746,
        "min": 180.354492188,
        "var": 526586.3125
    },
    "spectral_complexity": {
        "dmean": 5.59287929535,
        "dmean2": 8.14097595215,
        "dvar": 42.1501045227,
        "dvar2": 93.3898773193,
        "max": 50,
        "mean": 16.5096683502,
        "median": 16,
        "min": 0,
        "var": 89.8878936768
    },
    "spectral_decrease": {
        "dmean": 3.83690546002e-09,
        "dmean2": 5.48350209684e-09,
        "dvar": 2.54687984163e-17,
        "dvar2": 5.09467057455e-17,
        "max": -1.141521014e-12,
        "mean": -8.40824387893e-09,
        "median": -5.97117910672e-09,
        "min": -4.11682918866e-08,
        "var": 5.24644365857e-17
    },
    "spectral_energy": {
        "dmean": 0.0150761092082,
        "dmean2": 0.0215603578836,
        "dvar": 0.000385620514862,
        "dvar2": 0.000755189394113,
        "max": 0.157948821783,
        "mean": 0.0337762832642,
        "median": 0.0242913551629,
        "min": 7.21572041584e-06,
        "var": 0.0008044600836
    },
    "spectral_energyband_high": {
        "dmean": 0.000737982802093,
        "dmean2": 0.00113881367724,
        "dvar": 1.49208472067e-06,
        "dvar2": 3.54863368557e-06,
        "max": 0.00829255953431,
        "mean": 0.000913345138542,
        "median": 0.000290411466267,
        "min": 1.11784508761e-07,
        "var": 1.84062344033e-06
    },
    "spectral_energyband_low": {
        "dmean": 0.00880249310285,
        "dmean2": 0.0126084685326,
        "dvar": 0.000329528993461,
        "dvar2": 0.000709112093318,
        "max": 0.149318128824,
        "mean": 0.0141750238836,
        "median": 0.00670246826485,
        "min": 1.65574590483e-07,
        "var": 0.00055793550564
    },
    "spectral_energyband_middle_high": {
        "dmean": 0.00273258774541,
        "dmean2": 0.0040874206461,
        "dvar": 9.42008591664e-06,
        "dvar2": 2.08257297345e-05,
        "max": 0.0308223795146,
        "mean": 0.00541716255248,
        "median": 0.00409778114408,
        "min": 4.79662219277e-07,
        "var": 2.62263401964e-05
    },
    "spectral_energyband_middle_low": {
        "dmean": 0.00801032409072,
        "dmean2": 0.0120983226225,
        "dvar": 0.000113336340291,
        "dvar2": 0.000231250625802,
        "max": 0.0940362662077,
        "mean": 0.0142597118393,
        "median": 0.0104474127293,
        "min": 1.83058432413e-06,
        "var": 0.00020895410853
    },
    "spectral_entropy": {
        "dmean": 0.261570930481,
        "dmean2": 0.369095742702,
        "dvar": 0.0766025781631,
        "dvar2": 0.152688726783,
        "max": 8.94627285004,
        "mean": 7.54328155518,
        "median": 7.53029298782,
        "min": 5.90930318832,
        "var": 0.241223558784
    },
    "spectral_flux": {
        "dmean": 0.039032895118,
        "dmean2": 0.06093705073,
        "dvar": 0.00166892725974,
        "dvar2": 0.00371760386042,
        "max": 0.343570977449,
        "mean": 0.11133813113,
        "median": 0.101645186543,
        "min": 0.0029489051085,
        "var": 0.00365377659909
    },
    "spectral_kurtosis": {
        "dmean": 2.40231323242,
        "dmean2": 3.66907310486,
        "dvar": 7.22929191589,
        "dvar2": 16.912317276,
        "max": 31.9281425476,
        "mean": 5.26164245605,
        "median": 4.50456047058,
        "min": -1.00794708729,
        "var": 16.5008487701
    },
    "spectral_rms": {
        "dmean": 0.00120023766067,
        "dmean2": 0.00167200434953,
        "dvar": 1.77936101409e-06,
        "dvar2": 3.10544578497e-06,
        "max": 0.0124135576189,
        "mean": 0.00527588184923,
        "median": 0.00486814975739,
        "min": 8.39030835778e-05,
        "var": 5.11754569743e-06
    },
    "spectral_rolloff": {
        "dmean": 778.029785156,
        "dmean2": 1295.17944336,
        "dvar": 2128922.5,
        "dvar2": 4256278.5,
        "max": 14685.6445312,
        "mean": 1520.31530762,
        "median": 1012.06054688,
        "min": 64.599609375,
        "var": 4022272
    },
    "spectral_skewness": {
        "dmean": 0.349094390869,
        "dmean2": 0.51424151659,
        "dvar": 0.109242349863,
        "dvar2": 0.237906202674,
        "max": 4.15562963486,
        "mean": 1.69718897343,
        "median": 1.70340919495,
        "min": -0.0746251866221,
        "var": 0.352686524391
    },
    "spectral_spread": {
        "dmean": 1078896.75,
        "dmean2": 1488475.375,
        "dvar": 1.45507090432e+12,
        "dvar2": 3.12540895642e+12,
        "max": 13834705,
        "mean": 5078495.5,
        "median": 4544025.5,
        "min": 1669764.125,
        "var": 4.95245695386e+12
    },
    "spectral_strongpeak": {
        "dmean": 0.602552711964,
        "dmean2": 0.99704259634,
        "dvar": 0.663205981255,
        "dvar2": 1.53555297852,
        "max": 7.30272817612,
        "mean": 0.945308089256,
        "median": 0.518455922604,
        "min": 0,
        "var": 1.05000114441
    },
    "zerocrossingrate": {
        "dmean": 0.0169666390866,
        "dmean2": 0.0201798956841,
        "dvar": 0.000540477922186,
        "dvar2": 0.00063576165121,
        "max": 0.42138671875,
        "mean": 0.0621623955667,
        "median": 0.04931640625,
        "min": 0.00341796875,
        "var": 0.00234056636691
    },
    "barkbands": {
        "dmean": [0.000358957040589, 0.00716588459909, 0.0029796527233, 0.00196327175945, 0.00302567891777, 0.00186555227265, 0.00220980448648, 0.0014130063355, 0.00141421251465, 0.000813510792796, 0.000430805084761, 0.000528298842255, 0.00056611339096, 0.000469834951218, 0.000423708930612, 0.000381176767405, 0.000319912971463, 0.000176384259248, 0.000126983621158, 0.000145953366882, 0.000130780899781, 0.000120299424452, 0.000108393491246, 0.000112530578917, 0.000117516588944, 0.000163780408911, 1.54996001811e-07],
        "dmean2": [0.000609392533079, 0.0117106465623, 0.00445532239974, 0.00333175621927, 0.00478253141046, 0.00295541482046, 0.00357733550481, 0.00226782541722, 0.00226332945749, 0.00122588023078, 0.000666487845592, 0.000864027650096, 0.000892671116162, 0.000747585843783, 0.000699026102666, 0.000615738041233, 0.000550566473976, 0.000308707501972, 0.000202851093491, 0.000234327744693, 0.000212523402297, 0.000184506759979, 0.000169537961483, 0.000171420149854, 0.000183593278052, 0.000266786053544, 2.74436644077e-07],
        "dvar": [5.99558404701e-07, 0.000309510040097, 5.64892361581e-05, 1.60191702889e-05, 2.29035049415e-05, 2.47324696829e-05, 1.35319069159e-05, 8.57652776176e-06, 7.19465288057e-06, 2.77627918877e-06, 7.60700345381e-07, 1.50527546339e-06, 1.58627108249e-06, 6.67099584462e-07, 6.7377555979e-07, 3.76735783902e-07, 3.33445939305e-07, 1.26446479953e-07, 3.80911977516e-08, 8.41077607561e-08, 7.03253988377e-08, 4.47747936505e-08, 3.14055697004e-08, 3.49204398731e-08, 5.27173931175e-08, 1.14199615098e-07, 3.62339769733e-13],
        "dvar2": [1.59891453677e-06, 0.000826365896501, 0.000127045568661, 4.13059278799e-05, 5.3794188716e-05, 5.30836623511e-05, 3.33663592755e-05, 2.04432471946e-05, 1.72105937963e-05, 6.09396693108e-06, 1.69003862993e-06, 3.49372862729e-06, 3.27885163642e-06, 1.55196084961e-06, 1.63009747212e-06, 9.29342547806e-07, 9.45095109728e-07, 3.52324121877e-07, 9.35893709197e-08, 2.20889688762e-07, 1.8742515806e-07, 1.0764394176e-07, 7.29856708404e-08, 7.64287193533e-08, 1.29447556674e-07, 2.8052929224e-07, 9.96773301919e-13],
        "max": [0.00620630942285, 0.132910013199, 0.0656534060836, 0.0248227864504, 0.047910105437, 0.0493050813675, 0.0326769091189, 0.0281394049525, 0.0238930433989, 0.0262481924146, 0.0134859103709, 0.0166578739882, 0.0230131372809, 0.00959257036448, 0.00919715967029, 0.00590746011585, 0.00389935309067, 0.00338669284247, 0.00199759402312, 0.00285203312524, 0.0021362088155, 0.0015388984466, 0.00184982316568, 0.00219949590974, 0.00195720978081, 0.00199527922086, 6.33526951788e-06],
        "mean": [0.000388332700823, 0.00976256839931, 0.00322948535904, 0.00163691665512, 0.00385590037331, 0.00227915588766, 0.00258351536468, 0.001701655332, 0.00176591961645, 0.00124936783686, 0.000559448089916, 0.000597372942138, 0.000769134028815, 0.000670910638291, 0.000514027313329, 0.000475941429613, 0.000374379567802, 0.000167038640939, 0.000165534176631, 0.000177222973434, 0.000140233751154, 0.000135557449539, 0.000136982198455, 0.000164422381204, 0.000134374335175, 0.000140808726428, 1.01695569299e-07],
        "median": [6.83259422658e-05, 0.00552623067051, 0.0002473424247, 0.000128155515995, 0.00151401851326, 0.000358671852155, 0.000733896740712, 0.00031648617005, 0.000434785644757, 0.000227626602282, 0.000166179030202, 0.000169680104591, 0.000211152480915, 0.000169851322426, 0.000160589508596, 0.000215730280615, 0.000206286189496, 6.11538416706e-05, 8.41116561787e-05, 8.75316400197e-05, 5.09133606101e-05, 3.73186521756e-05, 4.31940061389e-05, 4.31727385148e-05, 2.64591544692e-05, 1.34533329401e-05, 7.39240169079e-10],
        "min": [2.78656653308e-10, 9.71526059601e-09, 2.46374742829e-08, 8.74491661307e-08, 5.93247648339e-07, 2.68018744976e-08, 1.45856091649e-07, 6.37249542024e-08, 7.70587575971e-08, 7.99457566814e-08, 6.94087987085e-08, 3.43468293806e-08, 2.00413730056e-08, 1.61098743234e-08, 1.49089540713e-08, 9.3958050229e-09, 6.43682041002e-09, 7.51091810969e-09, 3.62639340779e-09, 1.30749766569e-09, 8.26107537932e-09, 8.10839839716e-09, 4.92127272267e-09, 2.18354738735e-08, 3.38048200543e-10, 1.17744064498e-10, 5.59355122984e-12],
        "var": [6.31222462744e-07, 0.000331604707753, 6.51337322779e-05, 1.37256593007e-05, 3.2008796552e-05, 3.99335622205e-05, 1.75437526195e-05, 1.33083658511e-05, 1.00236866274e-05, 7.60610919315e-06, 1.17399179089e-06, 1.70628629803e-06, 2.52799191003e-06, 1.38297446028e-06, 9.41027565204e-07, 5.07039942477e-07, 2.81207348962e-07, 9.48362384179e-08, 5.07606081612e-08, 7.93594097104e-08, 5.92807936073e-08, 5.13696178928e-08, 4.41980283483e-08, 7.86232305927e-08, 6.30810248481e-08, 9.90012480884e-08, 2.29806326963e-13]
    },
    "erbbands": {
        "dmean": [0.148121342063, 1.85889101028, 2.9530248642, 5.40452384949, 8.31034183502, 11.7931680679, 8.48487758636, 20.0814533234, 22.8422966003, 41.8454437256, 24.9478206635, 30.9264278412, 29.6753044128, 17.2157745361, 19.6766986847, 19.9074344635, 23.7889385223, 23.5995140076, 20.628118515, 22.3641777039, 19.8830432892, 16.4391365051, 10.3071126938, 7.63882923126, 6.75017690659, 7.04616832733, 4.11233282089, 5.67662620544, 4.52353477478, 3.82301735878, 3.09639286995, 2.69155621529, 1.6901870966, 1.37287557125, 0.841744542122, 0.600064873695, 0.33848246932, 0.0328030698001, 0.000586361915339, 4.02632904297e-05],
        "dmean2": [0.240814849734, 3.09377503395, 4.50247001648, 8.99660587311, 13.2041654587, 18.4884319305, 13.3361749649, 31.5363998413, 37.067489624, 66.978553772, 39.0338058472, 49.6845436096, 45.0809288025, 25.4735393524, 30.4912891388, 30.9678878784, 36.1930732727, 37.2795181274, 32.1595649719, 37.2175102234, 31.6887245178, 28.2307739258, 18.056974411, 12.8878974915, 10.5086011887, 11.3804197311, 6.62523317337, 9.21370029449, 6.89695262909, 5.94028759003, 4.89954137802, 4.09274053574, 2.58490109444, 2.16332936287, 1.32720065117, 0.984869897366, 0.551578760147, 0.0537581630051, 0.000954423856456, 5.86422393098e-05],
        "dvar": [0.104689538479, 21.8740596771, 50.3236579895, 154.262954712, 195.068344116, 408.3175354, 306.258331299, 3037.83544922, 1682.06921387, 5975.23974609, 2181.41796875, 3638.67016602, 4001.15283203, 1204.65075684, 1570.33935547, 2343.79321289, 2562.12817383, 1678.45922852, 1357.71105957, 1950.2244873, 907.121643066, 986.819152832, 474.836914062, 192.514083862, 122.837486267, 208.265777588, 63.0425834656, 129.075363159, 65.9933853149, 39.8733482361, 26.860326767, 16.3045082092, 9.53460884094, 7.17284631729, 3.42475104332, 1.49592995644, 0.491581737995, 0.00462897401303, 1.47031619235e-06, 4.34794200643e-09],
        "dvar2": [0.263770461082, 59.9790267944, 85.3647460938, 405.503570557, 462.923797607, 967.591796875, 666.882629395, 6971.015625, 4114.37939453, 14753.8095703, 4942.78076172, 8948.55078125, 8979.40625, 2637.4699707, 3736.39379883, 5029.75048828, 5247.92333984, 3962.99414062, 3161.26782227, 5010.04980469, 2249.13085938, 2816.32080078, 1340.19824219, 516.52545166, 296.672698975, 550.196044922, 162.013275146, 341.302185059, 161.343963623, 93.9265899658, 64.8869018555, 34.6294212341, 20.8010845184, 17.4091587067, 8.52826690674, 3.67439055443, 1.20092535019, 0.0114762922749, 3.62033688361e-06, 9.89051240907e-09],
        "max": [2.58931422234, 34.7013511658, 63.0410804749, 90.0842132568, 127.07043457, 271.924346924, 140.953811646, 524.510009766, 459.490905762, 700.20513916, 643.67590332, 611.013305664, 725.745788574, 726.494567871, 543.40411377, 714.413085938, 967.456787109, 559.933166504, 498.081237793, 468.836883545, 368.934356689, 225.525665283, 194.088592529, 105.970581055, 164.439834595, 134.887786865, 61.5178527832, 91.9735412598, 57.4438209534, 49.3781356812, 45.4785690308, 52.9259185791, 37.6845932007, 27.2590675354, 16.0498600006, 7.71923875809, 4.13778209686, 0.453973829746, 0.00797705538571, 0.000470370287076],
        "mean": [0.24681198597, 2.26872897148, 4.16738033295, 4.82862710953, 9.03595733643, 14.8077630997, 11.4263792038, 23.1046123505, 27.8153705597, 50.8854408264, 30.5315246582, 38.8090057373, 44.0281028748, 29.1968021393, 24.9323272705, 25.7289619446, 34.4148254395, 37.3030395508, 27.5290412903, 26.81457901, 27.0095348358, 19.7988643646, 10.1436090469, 7.96695327759, 9.82487773895, 8.43970775604, 4.71018838882, 5.88993597031, 5.02020740509, 4.66448736191, 3.81602597237, 3.94014120102, 2.27160143852, 1.62857937813, 0.896298587322, 0.548748195171, 0.284438043833, 0.0265100952238, 0.000498148263432, 6.26030450803e-05],
        "median": [0.123622737825, 0.891586363316, 0.887824356556, 0.663354754448, 2.31563806534, 5.7632727623, 3.70274591446, 3.2836534977, 8.27576255798, 12.0001993179, 10.1191368103, 10.5925750732, 8.15746498108, 7.70814037323, 7.84675836563, 8.30681991577, 9.87253570557, 10.7590808868, 10.7739963531, 9.2602481842, 14.2212810516, 11.7613334656, 4.07058000565, 3.12555670738, 5.71540117264, 4.08850860596, 1.95068371296, 2.00913071632, 1.26472759247, 1.31235456467, 1.22584724426, 1.17793989182, 0.513368725777, 0.375353962183, 0.129065647721, 0.0704636946321, 0.0235913712531, 0.00164881406818, 5.10846439283e-05, 3.58532670361e-05],
        "min": [5.33954448656e-07, 5.85360248806e-06, 4.60060327896e-05, 0.000386103114579, 0.00174381874967, 0.00172594981268, 0.00206669024192, 0.000471327599371, 0.00179011176806, 0.00194355158601, 0.00180964544415, 0.00203332491219, 0.00326707144268, 0.00231481180526, 0.00266259210184, 0.00149863469414, 0.000864074798301, 0.000950943154749, 0.00083466002252, 0.00053067371482, 0.000531351892278, 0.000328340713168, 0.000268861127552, 0.000522277376149, 0.000179551701876, 8.12473517726e-05, 0.0003055743, 0.000263100548182, 0.000299189065117, 0.000230645746342, 0.000177545560291, 0.000548806798179, 0.000241703266511, 5.36070547241e-05, 2.18246186705e-05, 1.26924885535e-06, 4.92140486585e-07, 8.30160900023e-08, 5.53232020195e-08, 1.30100206164e-08],
        "var": [0.154387548566, 20.915178299, 79.9493713379, 123.248100281, 243.35218811, 552.426940918, 480.666778564, 4478.64599609, 2427.06225586, 8237.9609375, 3205.94360352, 4815.20361328, 7489.67138672, 3924.74438477, 2171.03613281, 3053.74755859, 4345.96582031, 4028.95288086, 2095.13989258, 2315.14257812, 1311.90478516, 774.102600098, 337.763427734, 171.803527832, 170.599182129, 188.823989868, 59.2017402649, 109.768608093, 73.3351669312, 53.1464805603, 35.4723892212, 42.9377212524, 17.4529151917, 9.43423366547, 3.48219275475, 1.34384036064, 0.424790233374, 0.00387648073956, 1.25601854961e-06, 5.46681544478e-09]
    },
    "gfcc": {
        "mean": [-3.36798810959, 80.6310653687, -110.072822571, 25.0330581665, -57.1733970642, 17.7543468475, -42.468208313, 13.1850662231, -20.3303585052, 8.46380805969, -17.0387172699, 1.33717393875, -10.308927536],
        "cov": [[5598.48046875, -240.313156128, 291.977050781, 181.502166748, 55.5973243713, 171.74546814, 33.9317321777, 126.512069702, -50.574672699, 161.614471436, -204.632400513, 157.313232422, -224.841812134], [-240.313156128, 2039.7734375, -613.462097168, -302.139251709, 277.169403076, -170.391983032, 309.15246582, -3.06273126602, 174.037811279, -111.164428711, 252.283187866, -156.090957642, 175.492996216], [291.977050781, -613.462097168, 1584.7052002, 666.840576172, 109.95035553, 296.087921143, -58.7273712158, 105.50553894, -10.111492157, 169.712921143, -80.5066299438, 273.552703857, -71.5212554932], [181.502166748, -302.139251709, 666.840576172, 834.533081055, 236.457794189, 222.364547729, 2.96584773064, 51.4451065063, 82.5099029541, 68.3963546753, 6.68746995926, 67.9976882935, 25.2568397522], [55.5973243713, 277.169403076, 109.95035553, 236.457794189, 441.308105469, 143.754394531, 121.523857117, 93.032119751, 95.1854248047, 17.9570446014, 3.11170315742, 9.64392757416, 24.5287570953], [171.74546814, -170.391983032, 296.087921143, 222.364547729, 143.754394531, 424.453643799, 228.274017334, 103.404823303, 49.8576507568, 44.5499649048, 13.9039583206, 73.0120773315, 14.0296144485], [33.9317321777, 309.15246582, -58.7273712158, 2.96584773064, 121.523857117, 228.274017334, 418.974365234, 95.7395935059, 41.8012695312, -22.3370265961, 77.5378570557, 22.8595619202, 25.905626297], [126.512069702, -3.06273126602, 105.50553894, 51.4451065063, 93.032119751, 103.404823303, 95.7395935059, 181.586196899, 97.1960754395, 59.2414665222, 7.81562185287, 26.4092483521, 15.8904600143], [-50.574672699, 174.037811279, -10.111492157, 82.5099029541, 95.1854248047, 49.8576507568, 41.8012695312, 97.1960754395, 221.541091919, 81.9471282959, 50.8551559448, -12.0772266388, 49.0621261597], [161.614471436, -111.164428711, 169.712921143, 68.3963546753, 17.9570446014, 44.5499649048, -22.3370265961, 59.2414665222, 81.9471282959, 182.292572021, 35.0008583069, 32.9234008789, -10.9181308746], [-204.632400513, 252.283187866, -80.5066299438, 6.68746995926, 3.11170315742, 13.9039583206, 77.5378570557, 7.81562185287, 50.8551559448, 35.0008583069, 157.335983276, 6.56857347488, 49.363155365], [157.313232422, -156.090957642, 273.552703857, 67.9976882935, 9.64392757416, 73.0120773315, 22.8595619202, 26.4092483521, -12.0772266388, 32.9234008789, 6.56857347488, 173.282211304, 12.087015152], [-224.841812134, 175.492996216, -71.5212554932, 25.2568397522, 24.5287570953, 14.0296144485, 25.905626297, 15.8904600143, 49.0621261597, -10.9181308746, 49.363155365, 12.087015152, 121.229988098]],
        "icov": [[0.000259980559349, -0.00025160756195, 0.000257695355685, -0.000313000171445, 0.000264849455561, -0.000235745392274, 0.000142866600072, -0.000319622282404, 0.000266189832473, -0.000452553969808, 0.000672163092531, -0.0006010234938, 0.000686451036017], [-0.00025160756195, 0.00178155815229, -0.000817228166852, 0.00127276068088, -0.00163929129485, 0.00153577083256, -0.00138759927358, 0.0012560026953, -0.00128019484691, 0.00137533445377, -0.00246678059921, 0.00194597325753, -0.0020547232125], [0.000257695355685, -0.000817228166852, 0.00222158711404, -0.00184827717021, 0.00103632023092, -0.00116870715283, 0.00101359793916, -0.00129838252906, 0.00119169533718, -0.0015946860658, 0.00193945120554, -0.00308893295005, 0.00212820409797], [-0.000313000171445, 0.00127276068088, -0.00184827717021, 0.00353239895776, -0.00218139402568, 0.000369313143892, -0.000434771558503, 0.00175074976869, -0.00161872152239, 0.00156792416237, -0.00258799945004, 0.00257296045311, -0.00239368947223], [0.000264849455561, -0.00163929129485, 0.00103632023092, -0.00218139402568, 0.0048059313558, -0.00159115286078, 0.000601022969931, -0.00197329372168, 0.000411916116718, -0.00105138937943, 0.00300305546261, -0.00189593946561, 0.00197691260837], [-0.000235745392274, 0.00153577083256, -0.00116870715283, 0.000369313143892, -0.00159115286078, 0.00616165762767, -0.00392969232053, 0.000619004073087, -0.000978211523034, 0.000337967387168, -0.00107353669591, 0.00128432153724, -0.00232398509979], [0.000142866600072, -0.00138759927358, 0.00101359793916, -0.000434771558503, 0.000601022969931, -0.00392969232053, 0.00619468279183, -0.00280651147477, 0.0012520585442, 0.000909617345314, -0.000939062738325, -0.00179901788943, 0.00247647450306], [-0.000319622282404, 0.0012560026953, -0.00129838252906, 0.00175074976869, -0.00197329372168, 0.000619004073087, -0.00280651147477, 0.0107030961663, -0.00439462112263, -0.000570253236219, -9.27801156649e-05, 0.00134430930484, -0.00238641072065], [0.000266189832473, -0.00128019484691, 0.00119169533718, -0.00161872152239, 0.000411916116718, -0.000978211523034, 0.0012520585442, -0.00439462112263, 0.00947803538293, -0.00417073816061, 0.000890384137165, -0.00027051140205, -0.000821440538857], [-0.000452553969808, 0.00137533445377, -0.0015946860658, 0.00156792416237, -0.00105138937943, 0.000337967387168, 0.000909617345314, -0.000570253236219, -0.00417073816061, 0.0106599247083, -0.00539329089224, 0.00127638806589, 0.000673015019856], [0.000672163092531, -0.00246678059921, 0.00193945120554, -0.00258799945004, 0.00300305546261, -0.00107353669591, -0.000939062738325, -9.27801156649e-05, 0.000890384137165, -0.00539329089224, 0.0138197559863, -0.00390250212513, 0.000146211503306], [-0.0006010234938, 0.00194597325753, -0.00308893295005, 0.00257296045311, -0.00189593946561, 0.00128432153724, -0.00179901788943, 0.00134430930484, -0.00027051140205, 0.00127638806589, -0.00390250212513, 0.0117828585207, -0.00520821427926], [0.000686451036017, -0.0020547232125, 0.00212820409797, -0.00239368947223, 0.00197691260837, -0.00232398509979, 0.00247647450306, -0.00238641072065, -0.000821440538857, 0.000673015019856, 0.000146211503306, -0.00520821427926, 0.0147559633479]]
    },
    "melbands": {
        "dmean": [0.00166631944012, 0.00189192639664, 0.00097881234251, 0.000761557836086, 0.000325949571561, 0.000417595496401, 0.000384115934139, 0.000435815687524, 0.000201797884074, 0.000201630100491, 0.000150227555423, 7.40170435165e-05, 6.25108004897e-05, 6.11450304859e-05, 5.31590630999e-05, 5.58229403396e-05, 4.58949871245e-05, 3.51180569851e-05, 3.15345205308e-05, 2.97768747259e-05, 2.30178175116e-05, 1.95050961338e-05, 1.13048818093e-05, 8.72497184901e-06, 6.18694684817e-06, 4.27400527769e-06, 6.16010493104e-06, 4.39568384536e-06, 2.03772106033e-06, 3.82338521376e-06, 2.99718590213e-06, 2.47637626671e-06, 2.47147363552e-06, 2.08360825127e-06, 1.96799805963e-06, 1.47544449192e-06, 1.86306272099e-06, 1.20611537113e-06, 1.21891685012e-06, 1.17603417493e-06],
        "dmean2": [0.00270738010295, 0.00267009739764, 0.00158417900093, 0.00121301237959, 0.00050632894272, 0.000657259603031, 0.000623308471404, 0.000695758324582, 0.00031817497802, 0.000321241968777, 0.000228445031098, 0.000111368957732, 9.73136993707e-05, 0.000100014192867, 7.97092579887e-05, 8.76844424056e-05, 7.31347245164e-05, 5.63250614505e-05, 5.21125475643e-05, 4.97144974361e-05, 3.6506975448e-05, 3.34436081175e-05, 1.98194902623e-05, 1.5459885617e-05, 1.04856890175e-05, 6.72719306749e-06, 9.78317530098e-06, 7.21363130651e-06, 3.20815024679e-06, 6.38787241769e-06, 4.86031967739e-06, 3.77587457479e-06, 3.92878337152e-06, 3.24813868247e-06, 3.17582407661e-06, 2.31453554989e-06, 2.8631461646e-06, 1.87301338883e-06, 1.88503781828e-06, 1.88176795746e-06],
        "dvar": [1.50520527313e-05, 1.809024252e-05, 3.88532407669e-06, 1.5233964632e-06, 3.62788625807e-07, 1.24777250221e-06, 4.37684121835e-07, 6.42638553927e-07, 1.44709446204e-07, 1.5314762436e-07, 1.02989694994e-07, 2.48912517264e-08, 1.59038400227e-08, 2.55827199425e-08, 1.79034902459e-08, 1.0640730963e-08, 7.24390503137e-09, 4.26508384166e-09, 4.07395139845e-09, 2.96749913531e-09, 1.09263309511e-09, 1.25029286924e-09, 6.18751161419e-10, 3.16094345143e-10, 1.30803048948e-10, 4.03928314407e-11, 1.4227179157e-10, 8.56999263221e-11, 1.5104452411e-11, 8.26639173779e-11, 3.03939026725e-11, 2.02699784041e-11, 2.01796981902e-11, 1.15566653469e-11, 1.30373663254e-11, 4.74703609754e-12, 8.80098945111e-12, 4.77861587106e-12, 5.88133751769e-12, 5.14246284444e-12],
        "dvar2": [3.88489243051e-05, 3.87279505958e-05, 9.75174407358e-06, 3.55088673132e-06, 7.91423644841e-07, 2.8277409001e-06, 1.07910705083e-06, 1.57955514624e-06, 3.26709795218e-07, 3.73585464786e-07, 2.30958491443e-07, 5.35989528316e-08, 3.72469557419e-08, 5.85674797549e-08, 3.23876676589e-08, 2.34792256748e-08, 1.70407723488e-08, 9.55880796738e-09, 9.90275594859e-09, 7.78916930955e-09, 2.66997335352e-09, 3.537835358e-09, 1.74751690896e-09, 8.75876593476e-10, 3.50556361717e-10, 9.24090387544e-11, 3.63629792943e-10, 2.27447741197e-10, 3.68467166501e-11, 2.27801694175e-10, 7.76224223786e-11, 4.94035125309e-11, 5.01174414469e-11, 2.65516497677e-11, 3.25134398571e-11, 1.13522871659e-11, 1.95199151981e-11, 1.02995615509e-11, 1.3678975487e-11, 1.27790850818e-11],
        "max": [0.0292095169425, 0.0325794667006, 0.0134537406266, 0.0131892245263, 0.00570883788168, 0.0106360111386, 0.00639745686203, 0.00721971597522, 0.00470984913409, 0.00421990593895, 0.00360694364645, 0.00350034190342, 0.00208761915565, 0.0024040939752, 0.00315798027441, 0.00140545424074, 0.00118192692753, 0.000989989726804, 0.000676139839925, 0.000497359025758, 0.000423811987275, 0.000238217253354, 0.000299229344819, 0.000152951761265, 8.66020855028e-05, 8.864463598e-05, 0.000143705736264, 8.70326839504e-05, 3.7514273572e-05, 8.12359430711e-05, 4.47876227554e-05, 3.84230115742e-05, 3.55984120688e-05, 3.365019802e-05, 3.43107785739e-05, 2.11247006519e-05, 3.74666342395e-05, 2.8879081583e-05, 2.76430691883e-05, 2.3069078452e-05],
        "mean": [0.00252316938713, 0.00257932487875, 0.000935553514864, 0.000930921931285, 0.000452186184702, 0.00048683967907, 0.000457178772194, 0.000532609294169, 0.000240108201979, 0.000249216391239, 0.000220614660066, 0.000122941870359, 7.94295046944e-05, 6.96105635143e-05, 7.15655041859e-05, 7.75789521867e-05, 6.77303905832e-05, 4.37726412201e-05, 3.85357016057e-05, 3.38330792147e-05, 3.11438088829e-05, 2.32142829191e-05, 1.08332778836e-05, 7.9086257756e-06, 6.16916076979e-06, 6.17367186351e-06, 8.2002588897e-06, 4.82075438413e-06, 2.35208153754e-06, 3.8378843783e-06, 3.11136136588e-06, 2.75075262834e-06, 2.68685903393e-06, 2.61057289208e-06, 2.27570444622e-06, 1.97670851776e-06, 2.62182061306e-06, 1.58059231126e-06, 1.4680890672e-06, 1.32289244448e-06],
        "median": [0.00152950466145, 0.000776653178036, 0.000140270392876, 0.000360835227184, 0.000172732849023, 6.92198300385e-05, 0.000128840474645, 0.000118567346362, 6.41558071948e-05, 6.16139732301e-05, 3.47641580447e-05, 2.69038882834e-05, 2.429318738e-05, 2.07692792173e-05, 1.98787256522e-05, 2.07051216421e-05, 1.62291271408e-05, 1.44562227433e-05, 1.09726152004e-05, 1.19060441648e-05, 1.66602312675e-05, 1.32087880047e-05, 4.34774165115e-06, 2.69799807029e-06, 2.13765065382e-06, 3.40914971275e-06, 4.20416881752e-06, 2.02582236852e-06, 9.53521293923e-07, 1.28439762648e-06, 9.99000349111e-07, 6.50859647067e-07, 7.23763378119e-07, 7.56907240884e-07, 6.57704561036e-07, 6.87959357037e-07, 6.93177923949e-07, 3.36343532581e-07, 3.39437434604e-07, 2.82949798702e-07],
        "min": [6.50694298443e-09, 1.82389747749e-08, 9.47900318238e-08, 1.56137090812e-07, 7.37527017236e-08, 7.72638841795e-09, 2.82365775206e-08, 1.56806692075e-08, 7.08237912761e-09, 1.3359416684e-08, 1.68984009008e-08, 8.33682722856e-09, 9.7305674629e-09, 4.18917922573e-09, 2.24469842713e-09, 2.28939356361e-09, 1.67655422878e-09, 1.32427568911e-09, 1.26778809673e-09, 6.26754537159e-10, 6.03696592716e-10, 3.60418528356e-10, 1.94402743903e-10, 3.36686317715e-10, 2.81799972246e-10, 1.03759154046e-10, 8.32129226636e-11, 4.0977114063e-11, 2.04483360799e-10, 2.14686116107e-10, 9.48447570481e-11, 1.29672869664e-10, 1.95712987483e-10, 9.85062101333e-11, 5.92352694673e-11, 1.97724059348e-10, 4.58586779661e-11, 1.83453807701e-10, 1.47137389078e-11, 2.90186342837e-12],
