{
"highlevel": {
    "danceability": {
        "all": {
            "danceable": 0.999977231026,
            "not_danceable": 2.27744531003e-05
        },
        "probability": 0.999977231026,
        "value": "danceable"
    },
    "gender": {
        "all": {
            "female": 0.783947765827,
            "male": 0.21605220437
        },
        "probability": 0.783947765827,
        "value": "female"
    },
    "genre_dortmund": {
        "all": {
            "alternative": 0.0213559176773,
            "blues": 0.00893405266106,
            "electronic": 0.15023599565,
            "folkcountry": 0.00644281739369,
            "funksoulrnb": 0.0236858632416,
            "jazz": 0.0362318120897,
            "pop": 0.0425361134112,
            "raphiphop": 0.639340698719,
            "rock": 0.0712367147207
        },
        "probability": 0.639340698719,
        "value": "raphiphop"
    },
    "genre_electronic": {
        "all": {
            "ambient": 0.160796821117,
            "dnb": 0.160017818213,
            "house": 0.311440050602,
            "techno": 0.0253347177058,
            "trance": 0.342410594225
        },
        "probability": 0.342410594225,
        "value": "trance"
    },
    "genre_rosamerica": {
        "all": {
            "cla": 0.00125125830527,
            "dan": 0.719838202,
            "hip": 0.216724783182,
            "jaz": 0.00268673570827,
            "pop": 0.0379257537425,
            "rhy": 0.0130471941084,
            "roc": 0.00693844072521,
            "spe": 0.00158764084335
        },
        "probability": 0.719838202,
        "value": "dan"
    },
    "genre_tzanetakis": {
        "all": {
            "blu": 0.0626541376114,
            "cla": 0.0348133966327,
            "cou": 0.0783501937985,
            "dis": 0.104547761381,
            "hip": 0.15693578124,
            "jaz": 0.313987255096,
            "met": 0.044816005975,
            "pop": 0.0627349764109,
            "reg": 0.0627352520823,
            "roc": 0.0784252434969
        },
        "probability": 0.313987255096,
        "value": "jaz"
    },
    "ismir04_rhythm": {
        "all": {
            "ChaChaCha": 0.0028914634604,
            "Jive": 0.00916724652052,
            "Quickstep": 0.0322679392993,
            "Rumba-American": 0.00977064482868,
            "Rumba-International": 0.00247818580829,
            "Rumba-Misc": 0.00111175945494,
            "Samba": 0.939324855804,
            "Tango": 0.00139716581907,
            "VienneseWaltz": 0.000898695434444,
            "Waltz": 0.000692043395247
        },
        "probability": 0.939324855804,
        "value": "Samba"
    },
    "mood_acoustic": {
        "all": {
            "acoustic": 0.00440484797582,
            "not_acoustic": 0.995595157146
        },
        "probability": 0.995595157146,
        "value": "not_acoustic"
    },
    "mood_aggressive": {
        "all": {
            "aggressive": 0.827759861946,
            "not_aggressive": 0.172240138054
        },
        "probability": 0.827759861946,
        "value": "aggressive"
    },
    "mood_electronic": {
        "all": {
            "electronic": 0.967304050922,
            "not_electronic": 0.0326959788799
        },
        "probability": 0.967304050922,
        "value": "electronic"
    },
    "mood_happy": {
        "all": {
            "happy": 0.374441534281,
            "not_happy": 0.625558495522
        },
        "probability": 0.625558495522,
        "value": "not_happy"
    },
    "mood_party": {
        "all": {
            "not_party": 0.0799582898617,
            "party": 0.920041680336
        },
        "probability": 0.920041680336,
        "value": "party"
    },
    "mood_relaxed": {
        "all": {
            "not_relaxed": 0.983023583889,
            "relaxed": 0.0169763993472
        },
        "probability": 0.983023583889,
        "value": "not_relaxed"
    },
    "mood_sad": {
        "all": {
            "not_sad": 0.811696887016,
            "sad": 0.188303098083
        },
        "probability": 0.811696887016,
        "value": "not_sad"
    },
    "moods_mirex": {
        "all": {
            "Cluster1": 0.246822863817,
            "Cluster2": 0.161359712481,
            "Cluster3": 0.0364383943379,
            "Cluster4": 0.147489473224,
            "Cluster5": 0.407889574766
        },
        "probability": 0.407889574766,
        "value": "Cluster5"
    },
    "timbre": {
        "all": {
            "bright": 0.962923705578,
            "dark": 0.0370763130486
        },
        "probability": 0.962923705578,
        "value": "bright"
    },
    "tonal_atonal": {
        "all": {
            "atonal": 0.211023882031,
            "tonal": 0.78897613287
        },
        "probability": 0.78897613287,
        "value": "tonal"
    },
    "voice_instrumental": {
        "all": {
            "instrumental": 0.0535497553647,
            "voice": 0.946450233459
        },
        "probability": 0.946450233459,
        "value": "voice"
    }
},
"lowlevel": {
    "average_loudness": 0.981868624687,
    "barkbands_crest": {
        "dmean": 2.92304825783,
        "dmean2": 4.15175008774,
        "dvar": 7.20882034302,
        "dvar2": 14.0438222885,
        "max": 26.1000614166,
        "mean": 12.7684373856,
        "median": 11.5322084427,
        "min": 1.80564260483,
        "var": 44.1169929504
    },
    "barkbands_flatness_db": {
        "dmean": 0.0270814243704,
        "dmean2": 0.0378887839615,
        "dvar": 0.000716942362487,
        "dvar2": 0.00140820979141,
        "max": 0.333466470242,
        "mean": 0.140172407031,
        "median": 0.131316170096,
        "min": 0.0415391847491,
        "var": 0.00370698119514
    },
    "barkbands_kurtosis": {
        "dmean": 5.89585781097,
        "dmean2": 9.00168514252,
        "dvar": 179.242233276,
        "dvar2": 368.745147705,
        "max": 156.56867981,
        "mean": 7.32721185684,
        "median": 2.1583647728,
        "min": -1.90286362171,
        "var": 275.276245117
    },
    "barkbands_skewness": {
        "dmean": 0.834993600845,
        "dmean2": 1.23307693005,
        "dvar": 1.02462148666,
        "dvar2": 1.91626489162,
        "max": 11.9413528442,
        "mean": 1.98487532139,
        "median": 1.60436475277,
        "min": -3.27839183807,
        "var": 3.22535300255
    },
    "barkbands_spread": {
        "dmean": 9.27774429321,
        "dmean2": 13.7292041779,
        "dvar": 94.6394271851,
        "dvar2": 203.190628052,
        "max": 106.874610901,
        "mean": 29.8621120453,
        "median": 26.1733436584,
        "min": 1.91920757294,
        "var": 344.677215576
    },
    "dissonance": {
        "dmean": 0.019741171971,
        "dmean2": 0.0328905358911,
        "dvar": 0.00038293201942,
        "dvar2": 0.000972869573161,
        "max": 0.499999940395,
        "mean": 0.466808766127,
        "median": 0.474470943213,
        "min": 0.331812620163,
        "var": 0.000753836764488
    },
    "dynamic_complexity": 2.22539687157,
    "erbbands_crest": {
        "dmean": 3.01451587677,
        "dmean2": 4.97725057602,
        "dvar": 7.61955022812,
        "dvar2": 19.8582210541,
        "max": 24.7849388123,
        "mean": 8.27635478973,
        "median": 7.37579393387,
        "min": 2.32717013359,
        "var": 15.6735258102
    },
    "erbbands_flatness_db": {
        "dmean": 0.0185917876661,
        "dmean2": 0.0269251223654,
        "dvar": 0.000270599703072,
        "dvar2": 0.000599123013671,
        "max": 0.268868744373,
        "mean": 0.118231885135,
        "median": 0.114028953016,
        "min": 0.0533223412931,
        "var": 0.00108724308666
    },
    "erbbands_kurtosis": {
        "dmean": 1.14830505848,
        "dmean2": 1.73859858513,
        "dvar": 2.78715634346,
        "dvar2": 5.95282030106,
        "max": 25.0889072418,
        "mean": 0.708100795746,
        "median": -0.122023582458,
        "min": -1.70778846741,
        "var": 6.5722155571
    },
    "erbbands_skewness": {
        "dmean": 0.449626713991,
        "dmean2": 0.682995796204,
        "dvar": 0.191378101707,
        "dvar2": 0.420478433371,
        "max": 3.26303887367,
        "mean": 0.316002875566,
        "median": 0.330163836479,
        "min": -4.84343767166,
        "var": 0.738946259022
    },
    "erbbands_spread": {
        "dmean": 12.3797016144,
        "dmean2": 17.922460556,
        "dvar": 165.079437256,
        "dvar2": 330.355224609,
        "max": 165.197296143,
        "mean": 48.0885124207,
        "median": 44.5929450989,
        "min": 6.9196138382,
        "var": 509.55380249
    },
    "hfc": {
        "dmean": 17.1880722046,
        "dmean2": 24.4305763245,
        "dvar": 498.880065918,
        "dvar2": 1054.18444824,
        "max": 174.604522705,
        "mean": 30.5755996704,
        "median": 21.4410629272,
        "min": 1.17076420784,
        "var": 784.849731445
    },
    "melbands_crest": {
        "dmean": 3.65015506744,
        "dmean2": 5.65472888947,
        "dvar": 13.7174606323,
        "dvar2": 32.0623970032,
        "max": 36.7061500549,
        "mean": 18.3244152069,
        "median": 17.8969135284,
        "min": 2.20500659943,
        "var": 73.5505065918
    },
    "melbands_flatness_db": {
        "dmean": 0.0365787036717,
        "dmean2": 0.0500088892877,
        "dvar": 0.00139194296207,
        "dvar2": 0.00269280700013,
        "max": 0.434696733952,
        "mean": 0.187812641263,
        "median": 0.179350659251,
        "min": 0.0245326925069,
        "var": 0.00836370233446
    },
    "melbands_kurtosis": {
        "dmean": 20.9922637939,
        "dmean2": 30.732919693,
        "dvar": 3492.12231445,
        "dvar2": 6360.80078125,
        "max": 838.410461426,
        "mean": 30.945432663,
        "median": 11.1576251984,
        "min": -1.70155954361,
        "var": 5969.23046875
    },
    "melbands_skewness": {
        "dmean": 1.26979780197,
        "dmean2": 1.83692085743,
        "dvar": 3.12930083275,
        "dvar2": 4.95276641846,
        "max": 24.4349098206,
        "mean": 3.66105890274,
        "median": 2.90065693855,
        "min": -1.28877186775,
        "var": 10.0736837387
    },
    "melbands_spread": {
        "dmean": 11.1582832336,
        "dmean2": 16.8536529541,
        "dvar": 227.421783447,
        "dvar2": 509.316955566,
        "max": 245.45111084,
        "mean": 27.1391201019,
        "median": 20.8721160889,
        "min": 0.700956285,
        "var": 538.665710449
    },
    "pitch_salience": {
        "dmean": 0.0901435911655,
        "dmean2": 0.138332545757,
        "dvar": 0.00997170247138,
        "dvar2": 0.0225869249552,
        "max": 0.927553296089,
        "mean": 0.494359880686,
        "median": 0.5239777565,
        "min": 0.041151329875,
        "var": 0.0387071371078
    },
    "silence_rate_20dB": {
        "dmean": 0,
        "dmean2": 0,
        "dvar": 0,
        "dvar2": 0,
        "max": 1,
        "mean": 1,
        "median": 1,
        "min": 1,
        "var": 0
    },
    "silence_rate_30dB": {
        "dmean": 0,
        "dmean2": 0,
        "dvar": 0,
        "dvar2": 0,
        "max": 1,
        "mean": 1,
        "median": 1,
        "min": 1,
        "var": 0
    },
    "silence_rate_60dB": {
        "dmean": 0.022445820272,
        "dmean2": 0.0441518202424,
        "dvar": 0.0219418015331,
        "dvar2": 0.0530470088124,
        "max": 1,
        "mean": 0.0170146953315,
        "median": 0,
        "min": 0,
        "var": 0.0167254917324
    },
    "spectral_centroid": {
        "dmean": 433.865844727,
        "dmean2": 657.413146973,
        "dvar": 185707.328125,
        "dvar2": 424819.8125,
        "max": 5094.3671875,
        "mean": 1709.74560547,
        "median": 1634.63476562,
        "min": 293.885253906,
        "var": 548444.1875
    },
    "spectral_complexity": {
        "dmean": 7.92260074615,
        "dmean2": 11.0627422333,
        "dvar": 71.4337615967,
        "dvar2": 141.240951538,
        "max": 59,
        "mean": 20.5939674377,
        "median": 18,
        "min": 0,
        "var": 166.767608643
    },
    "spectral_decrease": {
        "dmean": 2.61202415253e-09,
        "dmean2": 3.71349817563e-09,
        "dvar": 1.20566967497e-17,
        "dvar2": 2.337538792e-17,
        "max": -1.51688078764e-10,
        "mean": -8.79766215434e-09,
        "median": -7.17285697505e-09,
        "min": -3.02100211513e-08,
        "var": 4.13218339699e-17
    },
    "spectral_energy": {
        "dmean": 0.0109327081591,
        "dmean2": 0.0153490165249,
        "dvar": 0.000196600682102,
        "dvar2": 0.000380697543733,
        "max": 0.118380911648,
        "mean": 0.0359776578844,
        "median": 0.0302000511438,
        "min": 0.000678697775584,
        "var": 0.00062840123428
    },
    "spectral_energyband_high": {
        "dmean": 0.00134002929553,
        "dmean2": 0.00193580705673,
        "dvar": 3.18733145832e-06,
        "dvar2": 6.65686638968e-06,
        "max": 0.0160781983286,
        "mean": 0.0020512342453,
        "median": 0.00116705091204,
        "min": 4.20318247052e-05,
        "var": 5.31746991328e-06
    },
    "spectral_energyband_low": {
        "dmean": 0.0057129394263,
        "dmean2": 0.00838521774858,
        "dvar": 0.000111559835204,
        "dvar2": 0.000192482140847,
        "max": 0.0803745910525,
        "mean": 0.0201726965606,
        "median": 0.00605320371687,
        "min": 1.2003079064e-06,
        "var": 0.000506217882503
    },
    "spectral_energyband_middle_high": {
        "dmean": 0.00339393340982,
        "dmean2": 0.00504269916564,
        "dvar": 2.32160600717e-05,
        "dvar2": 5.05845709995e-05,
        "max": 0.0489783398807,
        "mean": 0.00568675901741,
        "median": 0.00378714408726,
        "min": 8.08256572782e-06,
        "var": 3.96560644731e-05
    },
    "spectral_energyband_middle_low": {
        "dmean": 0.00689608696848,
        "dmean2": 0.0113756572828,
        "dvar": 0.000148816718138,
        "dvar2": 0.000402947538532,
        "max": 0.078791283071,
        "mean": 0.00912394560874,
        "median": 0.00601161876693,
        "min": 1.26792801893e-05,
        "var": 0.000123159305076
    },
    "spectral_entropy": {
        "dmean": 0.187609598041,
        "dmean2": 0.288729548454,
        "dvar": 0.0375367328525,
        "dvar2": 0.100337125361,
        "max": 8.67042160034,
        "mean": 7.94847488403,
        "median": 7.99103355408,
        "min": 6.82199907303,
        "var": 0.105392634869
    },
    "spectral_flux": {
        "dmean": 0.0342016629875,
        "dmean2": 0.0459896400571,
        "dvar": 0.00150198501069,
        "dvar2": 0.00201980536804,
        "max": 0.333495587111,
        "mean": 0.104143619537,
        "median": 0.086052402854,
        "min": 0.0204185377806,
        "var": 0.00397715438157
    },
    "spectral_kurtosis": {
        "dmean": 0.875905513763,
        "dmean2": 1.35808861256,
        "dvar": 0.677700161934,
        "dvar2": 1.61538147926,
        "max": 10.028512001,
        "mean": 2.72672915459,
        "median": 2.64955043793,
        "min": -1.42680621147,
        "var": 2.32488179207
    },
    "spectral_rms": {
        "dmean": 0.00096152065089,
        "dmean2": 0.0012889750069,
        "dvar": 1.25297856357e-06,
        "dvar2": 2.21760456043e-06,
        "max": 0.0107467938215,
        "mean": 0.00550718093291,
        "median": 0.00542802596465,
        "min": 0.000813722377643,
        "var": 4.77119328934e-06
    },
    "spectral_rolloff": {
        "dmean": 1060.94421387,
        "dmean2": 1667.81408691,
        "dvar": 2176088.75,
        "dvar2": 4907997,
        "max": 13178.3203125,
        "mean": 2150.05517578,
        "median": 1227.39257812,
        "min": 64.599609375,
        "var": 5565642.5
    },
    "spectral_skewness": {
        "dmean": 0.193997964263,
        "dmean2": 0.293219387531,
        "dvar": 0.0308947488666,
        "dvar2": 0.0699732005596,
        "max": 2.73150587082,
        "mean": 1.37876152992,
        "median": 1.36994457245,
        "min": -0.4651915133,
        "var": 0.151707172394
    },
    "spectral_spread": {
        "dmean": 748508.0625,
        "dmean2": 1083811.75,
        "dvar": 583668400128,
        "dvar2": 1.28276732314e+12,
        "max": 15908324,
        "mean": 6351912.5,
        "median": 6075031,
        "min": 2995010.75,
        "var": 2.67241861939e+12
    },
    "spectral_strongpeak": {
        "dmean": 0.350217968225,
        "dmean2": 0.579539000988,
        "dvar": 0.356609463692,
        "dvar2": 0.923591256142,
        "max": 6.72779321671,
        "mean": 0.73985427618,
        "median": 0.513631105423,
        "min": 0,
        "var": 0.563022494316
    },
    "zerocrossingrate": {
        "dmean": 0.018550908193,
        "dmean2": 0.0197506174445,
        "dvar": 0.000305947993184,
        "dvar2": 0.000377479736926,
        "max": 0.31298828125,
        "mean": 0.0855198353529,
        "median": 0.07666015625,
        "min": 0.00830078125,
        "var": 0.00246340921149
    },
    "barkbands": {
        "dmean": [0.000282230350422, 0.00481877615675, 0.00279193068855, 0.00190222042147, 0.00166050274856, 0.00202544266358, 0.00115797517356, 0.00104663532693, 0.00117390661035, 0.000734697445296, 0.000549706805032, 0.000538034713827, 0.000695561175235, 0.00050908542471, 0.000555251142941, 0.000302218366414, 0.000333864183631, 0.000242303372943, 0.000281524349703, 0.000282267370494, 0.000263956084382, 0.000208382523851, 0.000200568829314, 0.000289282324957, 0.000259714957792, 0.000173804917722, 1.83195201231e-08],
        "dmean2": [0.000409843516536, 0.00690368656069, 0.00497708376497, 0.00343333347701, 0.00297837192193, 0.00346875959076, 0.00191553356126, 0.0017129087355, 0.00189582142048, 0.00121642067097, 0.000886086316314, 0.000843248679303, 0.00112534174696, 0.000808972166851, 0.000920290476643, 0.00047144855489, 0.000521188543644, 0.000396628893213, 0.00042794435285, 0.000435105815995, 0.000396037445171, 0.000306848116452, 0.0002950001508, 0.000443686411018, 0.000400210003136, 0.000264444533968, 3.44951729403e-08],
        "dvar": [3.61677905403e-07, 8.45558170113e-05, 7.90078483988e-05, 2.76866339846e-05, 1.67547586898e-05, 1.5739356968e-05, 4.565731615e-06, 3.21911261381e-06, 3.7600923406e-06, 2.22677067541e-06, 2.00322847377e-06, 1.62001163062e-06, 1.66483334851e-06, 6.04097692758e-07, 1.33957917114e-06, 2.12148322021e-07, 3.16483237839e-07, 1.95850603291e-07, 2.12876742012e-07, 1.79716380444e-07, 1.45095896187e-07, 8.78731398757e-08, 9.53049763552e-08, 2.29179278222e-07, 1.50459015913e-07, 5.88346367181e-08, 1.39614839804e-14],
        "dvar2": [7.57053442157e-07, 0.000143248660606, 0.000215249092435, 7.9411205661e-05, 4.74703774671e-05, 4.18600029661e-05, 1.1839324543e-05, 8.27343592391e-06, 9.55667655944e-06, 5.50413460587e-06, 4.9987197599e-06, 3.70714133169e-06, 4.38774941358e-06, 1.53139671966e-06, 3.51689914169e-06, 4.84582756144e-07, 7.23279867998e-07, 5.01021304444e-07, 4.40904955212e-07, 4.18594339635e-07, 3.4244874314e-07, 1.94359614625e-07, 2.03579148206e-07, 4.84325823891e-07, 3.59263793825e-07, 1.26535027789e-07, 4.03859786596e-14],
        "max": [0.0245800614357, 0.0777831524611, 0.0586852729321, 0.0494572371244, 0.0253850854933, 0.0282381922007, 0.019118193537, 0.0180395115167, 0.0186692494899, 0.0231004990637, 0.0244318526238, 0.0293917506933, 0.0134034752846, 0.0104774804786, 0.010660818778, 0.00507531361654, 0.0050928555429, 0.00386123429053, 0.0037900051102, 0.00550578814, 0.00368493259884, 0.0034614992328, 0.00461064558476, 0.00705111399293, 0.005470382981, 0.00215357425623, 2.10568509829e-06],
        "mean": [0.000664940860588, 0.0165476892143, 0.00212397822179, 0.00163548230194, 0.0014409602154, 0.00195763423108, 0.0011627584463, 0.0011540899286, 0.00141854130197, 0.000916396675166, 0.000660768942907, 0.000680787430611, 0.000743083248381, 0.000651315494906, 0.000597147387452, 0.000406388164265, 0.000378651049687, 0.000250421813689, 0.000334543205099, 0.000394369824789, 0.000357603450539, 0.000290076131932, 0.000277217390249, 0.000353177019861, 0.000329136295477, 0.000250545854215, 1.10867954817e-08],
        "median": [0.000113397130917, 0.00298800226301, 0.000358664925443, 0.000471643870696, 0.000416023511207, 0.000624657550361, 0.000307135807816, 0.000408100517234, 0.000390120316297, 0.000301935651805, 0.000174290355062, 0.000200662121642, 0.000260063039605, 0.000275371887255, 0.000199613365112, 0.00018339966482, 0.000143732948345, 7.5924275734e-05, 0.000109546119347, 0.000196451394004, 0.000157767513883, 0.000146537917317, 0.000130581960548, 0.000146493097418, 0.000168260899954, 0.000153709755978, 6.88779144831e-10],
        "min": [1.25079093749e-08, 2.25917190733e-07, 1.19496434081e-07, 4.44933121457e-08, 1.86328747986e-06, 1.75507170752e-06, 2.26037741413e-06, 4.89305193696e-07, 6.68572909035e-07, 4.66549749945e-07, 3.17699601737e-07, 6.30895840459e-07, 6.02379486736e-07, 4.27259237767e-07, 2.89114069574e-07, 4.71353331477e-07, 2.01127377863e-07, 1.28349967099e-07, 3.41223653777e-07, 5.05440596044e-07, 3.19948298966e-06, 1.27792759486e-06, 2.94110378718e-07, 2.71064912738e-08, 1.15166619707e-06, 2.68877649034e-08, 1.04207710169e-11],
        "var": [1.99352393793e-06, 0.000419076706748, 5.06319083797e-05, 1.65554156411e-05, 1.1127185644e-05, 1.30632724904e-05, 4.5399060582e-06, 3.67683810509e-06, 5.09863230036e-06, 2.86263593807e-06, 2.48210062637e-06, 2.65546282208e-06, 1.72015211319e-06, 8.76636647718e-07, 1.26765530695e-06, 3.17275606676e-07, 3.9037439592e-07, 2.02476613254e-07, 3.13219260306e-07, 2.77441500884e-07, 2.12482092365e-07, 1.4548817262e-07, 1.58115582849e-07, 3.53154035793e-07, 1.84879894505e-07, 7.84384894814e-08, 7.87763172023e-15]
    },
    "erbbands": {
        "dmean": [0.185972213745, 1.108725667, 2.73902869225, 5.14552688599, 4.91930103302, 5.820271492, 12.0959968567, 17.1962051392, 15.9702377319, 20.1362190247, 21.6434631348, 28.211391449, 25.2976951599, 18.4042377472, 22.292350769, 21.8445281982, 30.2574825287, 26.0570602417, 27.9974842072, 19.8651657104, 16.2411975861, 17.3364219666, 13.1390953064, 15.6772022247, 13.305893898, 13.0927066803, 10.1292762756, 10.5301618576, 7.60644626617, 7.24677705765, 5.85535907745, 5.62200021744, 4.97472286224, 3.06609201431, 1.87036156654, 0.735880076885, 0.395961105824, 0.0385062731802, 0.000659439421725, 3.98563024646e-05],
        "dmean2": [0.220667600632, 1.60294032097, 4.61202526093, 9.29231739044, 8.78307342529, 10.5612659454, 21.2085418701, 29.2508773804, 26.8442707062, 33.4216766357, 34.9052314758, 45.1136436462, 41.2128982544, 30.0899925232, 35.3491096497, 33.6944122314, 48.3697090149, 40.7446670532, 44.7718276978, 32.2238121033, 25.2715587616, 26.7621669769, 20.7414836884, 24.3545799255, 19.9386386871, 20.3609867096, 14.6284580231, 16.4504871368, 11.201256752, 11.1028814316, 8.57561969757, 8.7481880188, 7.66258955002, 4.77157640457, 2.88073897362, 1.14286255836, 0.607791960239, 0.0604591853917, 0.00101824349258, 5.66874696233e-05],
        "dvar": [0.0802006050944, 4.94400501251, 65.3086700439, 238.774765015, 152.615859985, 236.448410034, 794.687805176, 1090.93811035, 1174.38427734, 1133.12866211, 1545.08740234, 2340.30639648, 2787.6003418, 1526.19470215, 2744.55566406, 2604.53051758, 3045.24243164, 1592.06921387, 2543.11254883, 1326.67700195, 495.656066895, 847.444458008, 554.397277832, 783.313110352, 374.278869629, 418.253723145, 198.25, 286.887390137, 110.840545654, 139.776382446, 89.9358825684, 101.415000916, 66.3760070801, 22.7499141693, 7.70015001297, 1.07172751427, 0.316801309586, 0.00477971695364, 1.28309898173e-06, 3.09045411484e-09],
        "dvar2": [0.0878601819277, 10.0337753296, 165.848648071, 679.096191406, 435.284759521, 669.186035156, 2157.65161133, 2869.49389648, 3051.68212891, 2890.22143555, 3966.16259766, 5921.6796875, 7265.04492188, 3791.49462891, 6783.98388672, 6015.80126953, 7820.95361328, 3747.85717773, 6375.54541016, 3260.94995117, 1119.89416504, 1881.24707031, 1267.09814453, 1818.91674805, 775.865783691, 977.509765625, 398.020111084, 734.990600586, 235.122634888, 347.329193115, 193.207717896, 229.323974609, 141.541046143, 53.1058998108, 18.9632759094, 2.52117466927, 0.674811244011, 0.0112120257691, 2.95405652651e-06, 6.44884146084e-09],
        "max": [3.29818558693, 18.6665058136, 52.0574417114, 123.340255737, 104.137969971, 117.94090271, 212.619415283, 268.62600708, 368.318847656, 319.453857422, 472.942626953, 567.131225586, 870.830810547, 533.77734375, 1086.04431152, 1287.63781738, 504.855163574, 551.423950195, 620.055725098, 338.3878479, 173.842987061, 267.373413086, 222.522399902, 306.456817627, 181.795196533, 345.363433838, 194.272491455, 172.81300354, 96.2353439331, 127.90927887, 146.469970703, 148.298736572, 102.445678711, 58.3966674805, 38.7676048279, 8.42408466339, 5.36720848083, 0.723678708076, 0.0117090474814, 0.000498914625496],
        "mean": [0.684377968311, 2.9026863575, 2.67414617538, 4.25005960464, 4.45968675613, 4.73213005066, 11.0168437958, 17.0096435547, 15.6667470932, 22.488199234, 25.4176826477, 34.7138786316, 29.986661911, 25.56914711, 30.1382236481, 28.5816001892, 33.9999160767, 34.6302146912, 34.217300415, 25.7333450317, 22.1116085052, 20.5111999512, 14.7503232956, 16.7919883728, 17.3103294373, 18.2753715515, 15.3502922058, 12.9645462036, 10.8535442352, 9.12085437775, 8.09318065643, 6.74796247482, 6.01799106598, 3.72380399704, 2.3127682209, 0.964199781418, 0.583785712719, 0.0468309335411, 0.00086919934256, 8.52066441439e-05],
        "median": [0.096561037004, 0.691660642624, 0.932685375214, 1.16094374657, 1.64484739304, 1.14321374893, 2.53104758263, 5.45476961136, 4.81356048584, 8.46079063416, 10.7845821381, 10.1893796921, 10.9567070007, 9.09266376495, 8.70271015167, 9.54131221771, 12.9190578461, 14.9947118759, 12.9579896927, 10.6557435989, 10.3506288528, 8.0603723526, 5.03408241272, 4.7939581871, 7.35397052765, 9.10932922363, 7.14124774933, 5.7350935936, 5.44548130035, 4.03473567963, 3.84629201889, 2.79757928848, 2.46949958801, 1.72008836269, 1.18440937996, 0.536024034023, 0.374793678522, 0.0240423604846, 0.000481324765133, 7.09311789251e-05],
        "min": [7.26389453121e-06, 8.96271376405e-05, 0.00043579537305, 0.00113122188486, 0.00552752101794, 0.00448471028358, 0.00771915586665, 0.0141496276483, 0.0169556811452, 0.0309231057763, 0.015685800463, 0.0146276205778, 0.0130725968629, 0.0190472174436, 0.0240003988147, 0.04541990906, 0.0368977375329, 0.0203872546554, 0.0160246212035, 0.0206143837422, 0.0183089207858, 0.012116510421, 0.00692955823615, 0.0199174452573, 0.0136124566197, 0.0269097834826, 0.130475521088, 0.137060701847, 0.107251808047, 0.0456712916493, 0.0183454696089, 0.0174052845687, 0.015206348151, 0.0151172867045, 0.00398234929889, 0.000494907202665, 0.000305509573082, 2.44239981839e-05, 3.67191523765e-06, 3.12231054522e-06],
        "var": [0.734900832176, 14.8042678833, 50.7921981812, 142.263885498, 95.9879608154, 154.211807251, 608.575134277, 969.1640625, 1003.83355713, 1293.72412109, 1710.97814941, 3297.38598633, 3048.47241211, 2516.90136719, 4362.02050781, 4163.44042969, 3391.55249023, 2476.38989258, 2853.19360352, 1940.2878418, 793.698547363, 1095.94665527, 671.442199707, 951.961242676, 631.827514648, 625.522277832, 389.375732422, 315.998382568, 201.668869019, 176.074493408, 143.241638184, 142.955307007, 99.7117843628, 28.7937717438, 8.93648910522, 1.35214030743, 0.416297763586, 0.00489744450897, 1.38245115977e-06, 4.56650095515e-09]
    },
    "gfcc": {
        "mean": [33.5849533081, 46.3452453613, -96.8943405151, 26.2462177277, -58.3336906433, 29.2227287292, -35.2036399841, 19.3781032562, -23.78840065, 19.1411762238, -19.9335041046, 6.48082923889, -12.7425270081],
        "cov": [[2904.1887207, -208.734710693, -553.67010498, -162.29800415, -46.8183670044, -296.170410156, -170.743377686, -31.1781749725, -62.5171012878, 42.0877037048, -85.2643356323, -33.8806419373, -90.6455078125], [-208.734710693, 763.652893066, 260.437835693, 23.9660816193, 200.75994873, 38.8767433167, 146.329269409, 17.8357143402, 104.400749207, 62.5275688171, 29.0246162415, -5.42695999146, 44.9593887329], [-553.67010498, 260.437835693, 905.67956543, 238.759307861, 300.106750488, 295.203369141, 180.886962891, 120.683509827, 108.964202881, 93.5085296631, 38.6493301392, 42.7076034546, 37.9839782715], [-162.29800415, 23.9660816193, 238.759307861, 432.355407715, 167.771850586, 116.704185486, -50.2765350342, -12.1917552948, 53.1940422058, -25.3063087463, 27.0434455872, -36.255443573, 42.1509742737], [-46.8183670044, 200.75994873, 300.106750488, 167.771850586, 438.498535156, 187.820571899, 130.17767334, 88.7407226562, 87.3041152954, 89.7705230713, 0.574707746506, -16.7776832581, 12.8864250183], [-296.170410156, 38.8767433167, 295.203369141, 116.704185486, 187.820571899, 388.551055908, 268.66796875, 136.123519897, 123.246711731, 69.1764144897, 43.1107177734, -0.581108868122, 42.1794128418], [-170.743377686, 146.329269409, 180.886962891, -50.2765350342, 130.17767334, 268.66796875, 452.54019165, 181.89276123, 100.218353271, 81.7721939087, 20.5855560303, 45.9716682434, 34.4389228821], [-31.1781749725, 17.8357143402, 120.683509827, -12.1917552948, 88.7407226562, 136.123519897, 181.89276123, 201.08480835, 97.2592849731, 61.6516647339, 34.2038841248, 19.2334709167, 23.4507980347], [-62.5171012878, 104.400749207, 108.964202881, 53.1940422058, 87.3041152954, 123.246711731, 100.218353271, 97.2592849731, 203.774459839, 116.035774231, 45.0785903931, -13.0716629028, 29.5622577667], [42.0877037048, 62.5275688171, 93.5085296631, -25.3063087463, 89.7705230713, 69.1764144897, 81.7721939087, 61.6516647339, 116.035774231, 177.371002197, 39.018283844, -10.2623634338, 10.5236873627], [-85.2643356323, 29.0246162415, 38.6493301392, 27.0434455872, 0.574707746506, 43.1107177734, 20.5855560303, 34.2038841248, 45.0785903931, 39.018283844, 97.5933990479, 31.4930953979, 24.6025276184], [-33.8806419373, -5.42695999146, 42.7076034546, -36.255443573, -16.7776832581, -0.581108868122, 45.9716682434, 19.2334709167, -13.0716629028, -10.2623634338, 31.4930953979, 97.7361984253, 25.910451889], [-90.6455078125, 44.9593887329, 37.9839782715, 42.1509742737, 12.8864250183, 42.1794128418, 34.4389228821, 23.4507980347, 29.5622577667, 10.5236873627, 24.6025276184, 25.910451889, 84.0606842041]],
        "icov": [[0.000449249753729, 1.79578842108e-06, 0.000327839632519, -0.000143243494676, -0.000120724245789, 0.000171591658727, 0.000125506179756, -0.000318839214742, 0.000139619267429, -0.00048596074339, 0.000458797527244, -0.000331298680976, 0.000356681586709], [1.79578842108e-06, 0.00258896616288, -0.00107011361979, 0.00112888694275, -0.00157023360953, 0.00234231259674, -0.00197871727869, 0.0021218652837, -0.00202972954139, 0.00191534298938, -0.00215192581527, 0.00239243335091, -0.00181474350393], [0.000327839632519, -0.00107011361979, 0.00263414834626, -0.00150385359302, 0.000110420376586, -0.00195181241725, 0.0011909204768, -0.00151621503755, 0.00127566070296, -0.00215575215407, 0.00197181594558, -0.00301387603395, 0.00156032992527], [-0.000143243494676, 0.00112888694275, -0.00150385359302, 0.00523655535653, -0.00222776108421, 0.000271780707408, 0.000165684119565, 0.00225113797933, -0.00249472307041, 0.00404362101108, -0.00311296060681, 0.00360682909377, -0.00302479905076], [-0.000120724245789, -0.00157023360953, 0.000110420376586, -0.00222776108421, 0.00504625262693, -0.00227412814274, 0.00101078138687, -0.00212558661588, 0.00185023387894, -0.00326501927339, 0.00301521574147, -0.00173459446523, 0.00173346884549], [0.000171591658727, 0.00234231259674, -0.00195181241725, 0.000271780707408, -0.00227412814274, 0.00929713901132, -0.00541364168748, 0.00171631958801, -0.00309336138889, 0.00298784207553, -0.00412298040465, 0.00490567740053, -0.00249098218046], [0.000125506179756, -0.00197871727869, 0.0011909204768, 0.000165684119565, 0.00101078138687, -0.00541364168748, 0.00741497473791, -0.00445772660896, 0.00182357500307, -0.00260953907855, 0.00393325090408, -0.00463749608025, 0.00130329548847], [-0.000318839214742, 0.0021218652837, -0.00151621503755, 0.00225113797933, -0.00212558661588, 0.00171631958801, -0.00445772660896, 0.0116948168725, -0.00495437020436, 0.00326701672748, -0.00413191318512, 0.00252168718725, -0.00212860223837], [0.000139619267429, -0.00202972954139, 0.00127566070296, -0.00249472307041, 0.00185023387894, -0.00309336138889, 0.00182357500307, -0.00495437020436, 0.0125880399719, -0.00771062774584, 0.00103591068182, -0.000657358556055, 0.000252039841143], [-0.00048596074339, 0.00191534298938, -0.00215575215407, 0.00404362101108, -0.00326501927339, 0.00298784207553, -0.00260953907855, 0.00326701672748, -0.00771062774584, 0.0142906680703, -0.00653028907254, 0.00561553239822, -0.00234001292847], [0.000458797527244, -0.00215192581527, 0.00197181594558, -0.00311296060681, 0.00301521574147, -0.00412298040465, 0.00393325090408, -0.00413191318512, 0.00103591068182, -0.00653028907254, 0.0186208244413, -0.00943223387003, 0.00137420208193], [-0.000331298680976, 0.00239243335091, -0.00301387603395, 0.00360682909377, -0.00173459446523, 0.00490567740053, -0.00463749608025, 0.00252168718725, -0.000657358556055, 0.00561553239822, -0.00943223387003, 0.019680749625, -0.00686028134078], [0.000356681586709, -0.00181474350393, 0.00156032992527, -0.00302479905076, 0.00173346884549, -0.00249098218046, 0.00130329548847, -0.00212860223837, 0.000252039841143, -0.00234001292847, 0.00137420208193, -0.00686028134078, 0.0170238222927]]
    },
    "melbands": {
        "dmean": [0.00143893843051, 0.00124035112094, 0.000891799689271, 0.00033990709926, 0.000400675984565, 0.00038644936285, 0.000242677633651, 0.000222750051762, 0.000179558192031, 0.000176365996595, 0.000126138271298, 7.55216897232e-05, 7.50930412323e-05, 6.08404370723e-05, 6.3668419898e-05, 6.78607975715e-05, 5.0432736316e-05, 4.47053025709e-05, 3.93307054765e-05, 2.11509850487e-05, 1.98537982214e-05, 1.852573223e-05, 1.52512548084e-05, 1.21577058962e-05, 1.32270033646e-05, 1.01601735878e-05, 1.06296965896e-05, 8.62692922965e-06, 6.55045232634e-06, 6.68562688588e-06, 5.94256562181e-06, 4.51521009381e-06, 4.22363245889e-06, 3.98210750063e-06, 3.46698266185e-06, 3.19738796861e-06, 3.7472564145e-06, 3.89320257455e-06, 2.97915016745e-06, 2.58880481852e-06],
        "dmean2": [0.00189912831411, 0.00190554966684, 0.00159359991085, 0.000610209535807, 0.000701884913724, 0.000657513679471, 0.000403010693844, 0.000368353532394, 0.000286979222437, 0.00028286743327, 0.000205869684578, 0.000124158526887, 0.000120429591334, 9.64681021287e-05, 0.000100307908724, 0.000111380250019, 8.03563816589e-05, 7.23912598914e-05, 6.6015534685e-05, 3.31593000737e-05, 3.14481076202e-05, 2.8909120374e-05, 2.40171320911e-05, 2.0257455617e-05, 2.08596047742e-05, 1.52206475832e-05, 1.65337405633e-05, 1.37385850394e-05, 9.50901903707e-06, 1.02039821286e-05, 9.47646276472e-06, 6.74504508424e-06, 6.45691261525e-06, 6.24155882178e-06, 5.09557094119e-06, 4.92611115988e-06, 5.88838383919e-06, 6.14046712144e-06, 4.55161944046e-06, 4.08071446145e-06],
        "dvar": [6.04743945587e-06, 8.94046297617e-06, 6.40793177809e-06, 6.75835792663e-07, 8.99340363958e-07, 5.62327613807e-07, 2.42719039534e-07, 1.32476017711e-07, 9.894807107e-08, 9.0658254237e-08, 7.14055801154e-08, 2.52825529401e-08, 3.54697817784e-08, 2.00390530836e-08, 1.37757236729e-08, 1.84122210811e-08, 6.63034294135e-09, 5.67612490343e-09, 8.01515476212e-09, 1.39669986687e-09, 7.55046747347e-10, 9.74993419334e-10, 9.57668944146e-10, 5.29930543891e-10, 5.9136240349e-10, 2.72460054518e-10, 2.44907677471e-10, 2.03428052181e-10, 9.12871375713e-11, 9.63887719641e-11, 9.45757222537e-11, 3.98528779422e-11, 4.24661486531e-11, 4.38901380517e-11, 3.18497034302e-11, 3.48445231002e-11, 4.62309183991e-11, 4.29433363869e-11, 2.28166305294e-11, 1.63236368866e-11],
        "dvar2": [7.94773404778e-06, 1.97974586627e-05, 1.80641854968e-05, 1.93949017557e-06, 2.46692070505e-06, 1.48518029164e-06, 6.3063748712e-07, 3.35761484394e-07, 2.50691101655e-07, 2.3200890098e-07, 1.85498535643e-07, 6.24895974966e-08, 8.99069121374e-08, 4.61164901822e-08, 3.15501829107e-08, 4.80999240438e-08, 1.66469984464e-08, 1.39820892642e-08, 2.11485886581e-08, 3.33271654718e-09, 1.80740267197e-09, 2.22864082744e-09, 2.21315410442e-09, 1.37970690428e-09, 1.35954458802e-09, 5.47875966816e-10, 5.63167512624e-10, 4.85758711033e-10, 1.93112831282e-10, 2.25986465652e-10, 2.46652948066e-10, 8.41826608422e-11, 9.97415344761e-11, 1.11287395965e-10, 6.84910808624e-11, 8.43245612225e-11, 1.04004756196e-10, 9.62167082119e-11, 4.88367575546e-11, 4.04929284548e-11],
        "max": [0.0249273329973, 0.0208066236228, 0.0206632968038, 0.00525395711884, 0.00700919702649, 0.00595548283309, 0.00474629737437, 0.00358600402251, 0.00378976203501, 0.00333545403555, 0.00438332790509, 0.00198164698668, 0.00363055733033, 0.00237235520035, 0.0024745692499, 0.00140634283889, 0.00110983906779, 0.000960030476563, 0.000846207898576, 0.000471590145025, 0.000237781263422, 0.000328808673657, 0.000315818062518, 0.000219713925617, 0.000303747016005, 0.000138279676321, 0.000149815605255, 0.000263841444394, 0.00014807030675, 0.000103115002275, 8.83234242792e-05, 5.79237712373e-05, 7.82888382673e-05, 7.96783715487e-05, 0.000103508806205, 8.66797563503e-05, 0.00010050189303, 8.76270787558e-05, 4.57854621345e-05, 5.48026255274e-05],
        "mean": [0.00527586555108, 0.00216409051791, 0.000769512262195, 0.00029507803265, 0.000360045029083, 0.000377441028832, 0.000242310808972, 0.000251740042586, 0.000209689489566, 0.000213565683225, 0.000145946673001, 0.000102238547697, 9.61426703725e-05, 8.19554843474e-05, 7.35167996027e-05, 7.1307302278e-05, 6.36957047391e-05, 5.50317527086e-05, 4.15508147853e-05, 2.8905693398e-05, 2.52722347795e-05, 2.1559142624e-05, 1.64829307323e-05, 1.21498242152e-05, 1.37607512443e-05, 1.24278376461e-05, 1.3634365132e-05, 1.16337996587e-05, 9.61039313552e-06, 8.74023226061e-06, 6.95688459018e-06, 6.30936119705e-06, 5.32279136678e-06, 4.85003374706e-06, 4.84039537696e-06, 3.89719889426e-06, 4.25322605224e-06, 4.48331593361e-06, 3.56684017788e-06, 3.01119916912e-06],
        "median": [0.000852473720443, 0.00077409989899, 0.000241956746322, 9.54179413384e-05, 8.35014507174e-05, 0.00012462772429, 7.42249758332e-05, 9.7228170489e-05, 8.09758712421e-05, 5.48115676793e-05, 4.91372484248e-05, 3.41435734299e-05, 2.6340407203e-05, 2.41165143962e-05, 2.36795167439e-05, 2.52171539614e-05, 2.56441871898e-05, 1.9693199647e-05, 1.47970658873e-05, 1.25140904856e-05, 1.12023017209e-05, 7.86011696619e-06, 5.62206969335e-06, 3.30482316713e-06, 3.46061597156e-06, 4.27859640695e-06, 5.58899546377e-06, 5.43247597307e-06, 4.52858921562e-06, 3.60354624718e-06, 3.0623625662e-06, 3.22157006849e-06, 2.27695159083e-06, 2.08120673051e-06, 2.36142341237e-06, 1.7387421849e-06, 1.54055737767e-06, 1.7057553805e-06, 1.55246505074e-06, 1.38036023145e-06],
        "min": [8.31783566468e-08, 1.31732349473e-07, 2.00696234742e-07, 2.70465761787e-07, 2.60287038145e-07, 3.3580215586e-07, 3.55559222953e-07, 3.3610010064e-07, 1.09117166858e-07, 8.17836038891e-08, 6.15556672301e-08, 7.56446496553e-08, 5.33018535975e-08, 8.81054305069e-08, 1.15967175418e-07, 5.37681223989e-08, 3.77229945059e-08, 2.09896064973e-08, 2.32796022459e-08, 2.9903965526e-08, 1.91614351053e-08, 1.11005498127e-08, 7.58962581671e-09, 6.40848307754e-09, 1.54861723445e-08, 8.70264571518e-09, 4.36426716988e-09, 1.22867200858e-08, 5.56501085214e-08, 3.60378251685e-08, 4.84937388023e-08, 4.58195295039e-08, 6.31043128863e-09, 1.57742103823e-08, 7.33317095936e-09, 4.24001056487e-09, 1.79456154797e-11, 4.55508686326e-11, 6.79621514621e-09, 3.12679118708e-11],
