{
"highlevel": {
    "danceability": {
        "all": {
            "danceable": 0.420766681433,
            "not_danceable": 0.579233288765
        },
        "probability": 0.579233288765,
        "value": "not_danceable"
    },
    "gender": {
        "all": {
            "female": 0.632102012634,
            "male": 0.367897957563
        },
        "probability": 0.632102012634,
        "value": "female"
    },
    "genre_dortmund": {
        "all": {
            "alternative": 0.167778000236,
            "blues": 0.0494187735021,
            "electronic": 0.0151745304465,
            "folkcountry": 0.140655428171,
            "funksoulrnb": 0.0181805491447,
            "jazz": 0.0294932238758,
            "pop": 0.0749071091413,
            "raphiphop": 0.00618130574003,
            "rock": 0.498211085796
        },
        "probability": 0.498211085796,
        "value": "rock"
    },
    "genre_electronic": {
        "all": {
            "ambient": 0.470653325319,
            "dnb": 0.141492530704,
            "house": 0.0542241297662,
            "techno": 0.0247476957738,
            "trance": 0.308882325888
        },
        "probability": 0.470653325319,
        "value": "ambient"
    },
    "genre_rosamerica": {
        "all": {
            "cla": 0.00732731027529,
            "dan": 0.0195925906301,
            "hip": 0.00239325221628,
            "jaz": 0.0132304700091,
            "pop": 0.174438804388,
            "rhy": 0.0173717681319,
            "roc": 0.763089060783,
            "spe": 0.00255675497465
        },
        "probability": 0.763089060783,
        "value": "roc"
    },
    "genre_tzanetakis": {
        "all": {
            "blu": 0.0620671063662,
            "cla": 0.034474901855,
            "cou": 0.103433981538,
            "dis": 0.0620971247554,
            "hip": 0.15527240932,
            "jaz": 0.310666948557,
            "met": 0.044346679002,
            "pop": 0.0620793737471,
            "reg": 0.0620816536248,
            "roc": 0.103479810059
        },
        "probability": 0.310666948557,
        "value": "jaz"
    },
    "ismir04_rhythm": {
        "all": {
            "ChaChaCha": 0.214405491948,
            "Jive": 0.113362185657,
            "Quickstep": 0.117135569453,
            "Rumba-American": 0.0132061578333,
            "Rumba-International": 0.044881042093,
            "Rumba-Misc": 0.0126065639779,
            "Samba": 0.173592478037,
            "Tango": 0.0386761389673,
            "VienneseWaltz": 0.260193437338,
            "Waltz": 0.0119409440085
        },
        "probability": 0.260193437338,
        "value": "VienneseWaltz"
    },
    "mood_acoustic": {
        "all": {
            "acoustic": 0.0753380507231,
            "not_acoustic": 0.924661934376
        },
        "probability": 0.924661934376,
        "value": "not_acoustic"
    },
    "mood_aggressive": {
        "all": {
            "aggressive": 0.342962443829,
            "not_aggressive": 0.657037556171
        },
        "probability": 0.657037556171,
        "value": "not_aggressive"
    },
    "mood_electronic": {
        "all": {
            "electronic": 0.173888728023,
            "not_electronic": 0.826111257076
        },
        "probability": 0.826111257076,
        "value": "not_electronic"
    },
    "mood_happy": {
        "all": {
            "happy": 0.986707985401,
            "not_happy": 0.0132919922471
        },
        "probability": 0.986707985401,
        "value": "happy"
    },
    "mood_party": {
        "all": {
            "not_party": 0.615000426769,
            "party": 0.384999603033
        },
        "probability": 0.615000426769,
        "value": "not_party"
    },
    "mood_relaxed": {
        "all": {
            "not_relaxed": 0.950094640255,
            "relaxed": 0.0499053522944
        },
        "probability": 0.950094640255,
        "value": "not_relaxed"
    },
    "mood_sad": {
        "all": {
            "not_sad": 0.522613704205,
            "sad": 0.477386265993
        },
        "probability": 0.522613704205,
        "value": "not_sad"
    },
    "moods_mirex": {
        "all": {
            "Cluster1": 0.348567426205,
            "Cluster2": 0.131682306528,
            "Cluster3": 0.0611623302102,
            "Cluster4": 0.169495478272,
            "Cluster5": 0.289092451334
        },
        "probability": 0.348567426205,
        "value": "Cluster1"
    },
    "timbre": {
        "all": {
            "bright": 0.879755914211,
            "dark": 0.120244078338
        },
        "probability": 0.879755914211,
        "value": "bright"
    },
    "tonal_atonal": {
        "all": {
            "atonal": 0.0127158388495,
            "tonal": 0.987284183502
        },
        "probability": 0.987284183502,
        "value": "tonal"
    },
    "voice_instrumental": {
        "all": {
            "instrumental": 0.00157594506163,
            "voice": 0.998424053192
        },
        "probability": 0.998424053192,
        "value": "voice"
    }
},
"lowlevel": {
    "average_loudness": 0.974105000496,
    "barkbands_crest": {
        "dmean": 2.40107727051,
        "dmean2": 3.9232339859,
        "dvar": 5.06074714661,
        "dvar2": 13.1087656021,
        "max": 21.5443973541,
        "mean": 8.41779613495,
        "median": 7.53361368179,
        "min": 2.74613618851,
        "var": 11.0110874176
    },
    "barkbands_flatness_db": {
        "dmean": 0.0210786834359,
        "dmean2": 0.032591894269,
        "dvar": 0.000373021612177,
        "dvar2": 0.000857566425111,
        "max": 0.244443312287,
        "mean": 0.12914352119,
        "median": 0.128476187587,
        "min": 0.0537148304284,
        "var": 0.00101551599801
    },
    "barkbands_kurtosis": {
        "dmean": 1.76780879498,
        "dmean2": 2.82510232925,
        "dvar": 6.71427249908,
        "dvar2": 15.3453035355,
        "max": 39.8840484619,
        "mean": 1.38778996468,
        "median": 0.181134462357,
        "min": -1.87812852859,
        "var": 15.1102600098
    },
    "barkbands_skewness": {
        "dmean": 0.532853007317,
        "dmean2": 0.815814137459,
        "dvar": 0.260773777962,
        "dvar2": 0.610551893711,
        "max": 5.56108188629,
        "mean": 1.04488730431,
        "median": 0.970567762852,
        "min": -1.3106637001,
        "var": 0.894097626209
    },
    "barkbands_spread": {
        "dmean": 7.37660074234,
        "dmean2": 11.788892746,
        "dvar": 82.8006744385,
        "dvar2": 196.387008667,
        "max": 89.2872314453,
        "mean": 26.4321079254,
        "median": 24.0623722076,
        "min": 3.78842043877,
        "var": 159.908050537
    },
    "dissonance": {
        "dmean": 0.0147995948792,
        "dmean2": 0.0251688174903,
        "dvar": 0.000183831652976,
        "dvar2": 0.000519241963048,
        "max": 0.499879211187,
        "mean": 0.472630947828,
        "median": 0.475819528103,
        "min": 0.353947937489,
        "var": 0.000315993791446
    },
    "dynamic_complexity": 1.81744205952,
    "erbbands_crest": {
        "dmean": 2.63103485107,
        "dmean2": 4.26506328583,
        "dvar": 6.2077088356,
        "dvar2": 15.5083255768,
        "max": 28.0115718842,
        "mean": 8.15421485901,
        "median": 7.1634221077,
        "min": 2.72406363487,
        "var": 13.7753543854
    },
    "erbbands_flatness_db": {
        "dmean": 0.0222377609462,
        "dmean2": 0.032844979316,
        "dvar": 0.000493294617627,
        "dvar2": 0.00106669939123,
        "max": 0.294464856386,
        "mean": 0.153652399778,
        "median": 0.150464326143,
        "min": 0.0559089370072,
        "var": 0.00142027740367
    },
    "erbbands_kurtosis": {
        "dmean": 0.692876756191,
        "dmean2": 1.12554216385,
        "dvar": 0.60301977396,
        "dvar2": 1.46364605427,
        "max": 7.7626657486,
        "mean": -0.0354313999414,
        "median": -0.290426254272,
        "min": -1.49645042419,
        "var": 1.11377251148
    },
    "erbbands_skewness": {
        "dmean": 0.37682145834,
        "dmean2": 0.592202663422,
        "dvar": 0.125477895141,
        "dvar2": 0.301302134991,
        "max": 2.66961336136,
        "mean": -0.0350488908589,
        "median": -0.051229480654,
        "min": -2.09684228897,
        "var": 0.296225517988
    },
    "erbbands_spread": {
        "dmean": 9.5856590271,
        "dmean2": 15.1844148636,
        "dvar": 103.816368103,
        "dvar2": 247.97088623,
        "max": 116.769668579,
        "mean": 38.4964447021,
        "median": 36.9161529541,
        "min": 7.71028852463,
        "var": 245.455841064
    },
    "hfc": {
        "dmean": 11.9087352753,
        "dmean2": 18.1729545593,
        "dvar": 284.968170166,
        "dvar2": 617.88079834,
        "max": 219.190536499,
        "mean": 31.2216567993,
        "median": 25.0538902283,
        "min": 1.50518894196,
        "var": 736.057006836
    },
    "melbands_crest": {
        "dmean": 3.19377732277,
        "dmean2": 5.19170856476,
        "dvar": 8.92708873749,
        "dvar2": 22.8038063049,
        "max": 29.8220386505,
        "mean": 12.6030673981,
        "median": 11.697104454,
        "min": 4.13063001633,
        "var": 21.3151531219
    },
    "melbands_flatness_db": {
        "dmean": 0.0262354593724,
        "dmean2": 0.04064039886,
        "dvar": 0.000731723499484,
        "dvar2": 0.00161544117145,
        "max": 0.325727015734,
        "mean": 0.162338450551,
        "median": 0.163451954722,
        "min": 0.0318521037698,
        "var": 0.00217243446968
    },
    "melbands_kurtosis": {
        "dmean": 5.12243556976,
        "dmean2": 8.32242584229,
        "dvar": 68.676071167,
        "dvar2": 156.284347534,
        "max": 154.778274536,
        "mean": 7.66918563843,
        "median": 4.39931821823,
        "min": -1.45244956017,
        "var": 150.234573364
    },
    "melbands_skewness": {
        "dmean": 0.723641097546,
        "dmean2": 1.13453793526,
        "dvar": 0.605229198933,
        "dvar2": 1.43172490597,
        "max": 10.9632129669,
        "mean": 2.13559675217,
        "median": 1.98609387875,
        "min": -0.776728153229,
        "var": 1.7737544775
    },
    "melbands_spread": {
        "dmean": 10.0014820099,
        "dmean2": 15.4280805588,
        "dvar": 149.499038696,
        "dvar2": 322.166381836,
        "max": 166.666915894,
        "mean": 31.3222770691,
        "median": 27.7418460846,
        "min": 2.39161252975,
        "var": 432.655639648
    },
    "pitch_salience": {
        "dmean": 0.066703222692,
        "dmean2": 0.10773716867,
        "dvar": 0.0035501732491,
        "dvar2": 0.00916117988527,
        "max": 0.802424430847,
        "mean": 0.554221093655,
        "median": 0.553762853146,
        "min": 0.227091908455,
        "var": 0.00870822835714
    },
    "silence_rate_20dB": {
        "dmean": 0,
        "dmean2": 0,
        "dvar": 0,
        "dvar2": 0,
        "max": 1,
        "mean": 1,
        "median": 1,
        "min": 1,
        "var": 0
    },
    "silence_rate_30dB": {
        "dmean": 0,
        "dmean2": 0,
        "dvar": 0,
        "dvar2": 0,
        "max": 1,
        "mean": 1,
        "median": 1,
        "min": 1,
        "var": 0
    },
    "silence_rate_60dB": {
        "dmean": 0.00696594407782,
        "dmean2": 0.0131680862978,
        "dvar": 0.00691745895892,
        "dvar2": 0.0145439319313,
        "max": 1,
        "mean": 0.00618716143072,
        "median": 0,
        "min": 0,
        "var": 0.00614888034761
    },
    "spectral_centroid": {
        "dmean": 294.595947266,
        "dmean2": 466.046875,
        "dvar": 87301.3125,
        "dvar2": 197437.578125,
        "max": 3722.95214844,
        "mean": 1512.36560059,
        "median": 1469.19311523,
        "min": 344.654846191,
        "var": 273287.1875
    },
    "spectral_complexity": {
        "dmean": 4.15557289124,
        "dmean2": 6.41518211365,
        "dvar": 17.7877006531,
        "dvar2": 40.977104187,
        "max": 47,
        "mean": 23.0054130554,
        "median": 23,
        "min": 4,
        "var": 51.3216972351
    },
    "spectral_decrease": {
        "dmean": 2.26519336621e-09,
        "dmean2": 3.57089713354e-09,
        "dvar": 1.03805666124e-17,
        "dvar2": 2.6696653737e-17,
        "max": -4.04544342469e-10,
        "mean": -7.51871187532e-09,
        "median": -7.16930870226e-09,
        "min": -2.94446174109e-08,
        "var": 1.70438298742e-17
    },
    "spectral_energy": {
        "dmean": 0.00903314910829,
        "dmean2": 0.0141565222293,
        "dvar": 0.000158434282639,
        "dvar2": 0.00040555128362,
        "max": 0.114759624004,
        "mean": 0.0312092546374,
        "median": 0.0297525357455,
        "min": 0.00184277724475,
        "var": 0.000269583804766
    },
    "spectral_energyband_high": {
        "dmean": 0.000918342499062,
        "dmean2": 0.00147428293712,
        "dvar": 3.52901179212e-06,
        "dvar2": 7.39234519642e-06,
        "max": 0.0244551282376,
        "mean": 0.00134750059806,
        "median": 0.000546756898984,
        "min": 2.1081075829e-05,
        "var": 7.45779425415e-06
    },
    "spectral_energyband_low": {
        "dmean": 0.00553594343364,
        "dmean2": 0.00940548721701,
        "dvar": 0.000132892746478,
        "dvar2": 0.000372518232325,
        "max": 0.0991367697716,
        "mean": 0.00900732632726,
        "median": 0.00592573639005,
        "min": 1.10531300379e-05,
        "var": 0.000129421387101
    },
    "spectral_energyband_middle_high": {
        "dmean": 0.00297117629088,
        "dmean2": 0.0044230055064,
        "dvar": 1.09724705908e-05,
        "dvar2": 2.25535513891e-05,
        "max": 0.0434131883085,
        "mean": 0.00832668226212,
        "median": 0.00642569549382,
        "min": 0.000316972087603,
        "var": 4.17159862991e-05
    },
    "spectral_energyband_middle_low": {
        "dmean": 0.00483290385455,
        "dmean2": 0.00748867634684,
        "dvar": 3.04238346871e-05,
        "dvar2": 6.97237483109e-05,
        "max": 0.0680346488953,
        "mean": 0.0139315845445,
        "median": 0.0119499024004,
        "min": 0.000528211996425,
        "var": 8.95049743121e-05
    },
    "spectral_entropy": {
        "dmean": 0.192794203758,
        "dmean2": 0.290646284819,
        "dvar": 0.039768602699,
        "dvar2": 0.0840955525637,
        "max": 8.63203620911,
        "mean": 7.66006278992,
        "median": 7.60973310471,
        "min": 6.92870664597,
        "var": 0.102263905108
    },
    "spectral_flux": {
        "dmean": 0.0281112976372,
        "dmean2": 0.0434375777841,
        "dvar": 0.000922486709896,
        "dvar2": 0.00182916747872,
        "max": 0.316362351179,
        "mean": 0.0953235849738,
        "median": 0.0854053422809,
        "min": 0.0189334191382,
        "var": 0.00203638710082
    },
    "spectral_kurtosis": {
        "dmean": 1.44907820225,
        "dmean2": 2.43068289757,
        "dvar": 1.82496368885,
        "dvar2": 5.02505683899,
        "max": 16.6705493927,
        "mean": 3.63552618027,
        "median": 3.46131801605,
        "min": -1.03792953491,
        "var": 3.92614722252
    },
    "spectral_rms": {
        "dmean": 0.000788140518125,
        "dmean2": 0.00119303329848,
        "dvar": 9.03280010789e-07,
        "dvar2": 2.12217150874e-06,
        "max": 0.0105811441317,
        "mean": 0.00531208049506,
        "median": 0.00538765825331,
        "min": 0.00134083232842,
        "var": 2.22988114729e-06
    },
    "spectral_rolloff": {
        "dmean": 764.879760742,
        "dmean2": 1307.65466309,
        "dvar": 1735304.5,
        "dvar2": 4129120.5,
        "max": 11111.1328125,
        "mean": 1956.42749023,
        "median": 1658.05664062,
        "min": 129.19921875,
        "var": 2921659
    },
    "spectral_skewness": {
        "dmean": 0.206174015999,
        "dmean2": 0.337774276733,
        "dvar": 0.0323943309486,
        "dvar2": 0.0872398018837,
        "max": 2.60943460464,
        "mean": 1.4387897253,
        "median": 1.43042159081,
        "min": 0.396245837212,
        "var": 0.0990975424647
    },
    "spectral_spread": {
        "dmean": 875661.5625,
        "dmean2": 1339463.125,
        "dvar": 1.21386644275e+12,
        "dvar2": 2.7858394153e+12,
        "max": 12803327,
        "mean": 4633740,
        "median": 4234983.5,
        "min": 2239311,
        "var": 2.42396063334e+12
    },
    "spectral_strongpeak": {
        "dmean": 0.932809948921,
        "dmean2": 1.6385396719,
        "dvar": 2.48094892502,
        "dvar2": 5.8357334137,
        "max": 13.3381547928,
        "mean": 1.35597145557,
        "median": 0.620666325092,
        "min": 0.053122907877,
        "var": 3.32414031029
    },
    "zerocrossingrate": {
        "dmean": 0.0133812492713,
        "dmean2": 0.0167853776366,
        "dvar": 0.000311670417432,
        "dvar2": 0.00036516354885,
        "max": 0.32470703125,
        "mean": 0.0730439275503,
        "median": 0.06494140625,
        "min": 0.00927734375,
        "var": 0.00164543907158
    },
    "barkbands": {
        "dmean": [9.90881744656e-05, 0.00236508017406, 0.00286701484583, 0.0015747458674, 0.0019601827953, 0.00136711646337, 0.00074256391963, 0.000988825457171, 0.00128909572959, 0.000343509862432, 0.000378049182473, 0.00059273064835, 0.000647444976494, 0.000831446435768, 0.00082643184578, 0.000697731040418, 0.000329067290295, 0.00029836918111, 0.000354857445927, 0.000150265725097, 0.000124909958686, 0.000110048880742, 0.000116854869702, 0.000321870407788, 0.000221082416829, 6.5130618168e-05, 2.06105932321e-09],
        "dmean2": [0.000169743114384, 0.00418120017275, 0.00474571948871, 0.00257861102, 0.00304613402113, 0.00216380367056, 0.00128554739058, 0.00161117943935, 0.00197914172895, 0.000542605586816, 0.000580304709729, 0.000853455218021, 0.000991274951957, 0.00126290030312, 0.00123780220747, 0.00114911969285, 0.000527472759131, 0.000491835526191, 0.00061696296325, 0.000248246185947, 0.000202320909011, 0.000181753843208, 0.000192344465177, 0.00050462060608, 0.000364683713997, 0.000116722956591, 3.39804029359e-09],
        "dvar": [1.56918119387e-07, 5.07504446432e-05, 2.74795147561e-05, 6.34948992229e-06, 1.0368016774e-05, 8.5775518528e-06, 2.65453491011e-06, 2.47754087468e-06, 5.039214102e-06, 3.81565456564e-07, 5.12469796377e-07, 7.16977638149e-07, 2.24482869271e-06, 3.08090261569e-06, 2.70854479822e-06, 2.24568861995e-06, 3.27243412812e-07, 2.9726561479e-07, 3.38855983273e-07, 4.04596143255e-08, 3.25274385204e-08, 3.60070977479e-08, 5.46737979334e-08, 8.81128357832e-07, 3.5576900359e-07, 2.6444439527e-08, 4.00496765099e-16],
        "dvar2": [4.27927091096e-07, 0.000143127923366, 7.41794210626e-05, 1.5707932107e-05, 2.38576012634e-05, 2.00727536139e-05, 7.43930104363e-06, 5.49653304915e-06, 1.0980074876e-05, 8.59953502186e-07, 1.16117234938e-06, 1.4380890434e-06, 3.85950079362e-06, 6.20825449005e-06, 5.39402935829e-06, 5.7862966969e-06, 8.01606120149e-07, 8.56817848671e-07, 9.77055606199e-07, 1.02309378747e-07, 8.18580403461e-08, 9.13207784947e-08, 1.16821141205e-07, 1.60065133059e-06, 8.45991792175e-07, 7.35340250912e-08, 4.06637833376e-16],
        "max": [0.00616117566824, 0.0577962584794, 0.0508603416383, 0.0304258838296, 0.054874766618, 0.0381331406534, 0.0145201701671, 0.0248191840947, 0.0256869532168, 0.00877327937633, 0.00813352316618, 0.00947044882923, 0.0294327661395, 0.0312304776162, 0.0304127298295, 0.0204524639994, 0.00791109446436, 0.00998414773494, 0.00574784725904, 0.00194263772573, 0.00177568104118, 0.00290578790009, 0.00376384728588, 0.0173131041229, 0.00820645317435, 0.00173031084705, 7.18571754987e-07],
        "mean": [8.39203930809e-05, 0.00267071067356, 0.0049671959132, 0.00273184524849, 0.00379319302738, 0.00227975775488, 0.0010326327756, 0.00156273518223, 0.00232221977785, 0.000556326587684, 0.000604630273301, 0.000949147390202, 0.00100920465775, 0.00138209736906, 0.00121854199097, 0.00102534203324, 0.000539070810191, 0.0004687065084, 0.000527093652636, 0.000251705583651, 0.000209452147828, 0.000161426374689, 0.000151968226419, 0.000423000659794, 0.000235457293456, 5.18954875588e-05, 1.72586323011e-09],
        "median": [1.06630286609e-05, 0.00109219946899, 0.00220444914885, 0.00169210229069, 0.00236505852081, 0.000960235018283, 0.000613646348938, 0.000901839986909, 0.000921768718399, 0.00029246439226, 0.000248174008448, 0.000469802820589, 0.000364131847164, 0.000421658100095, 0.000449808925623, 0.000440705509391, 0.000272035656963, 0.000305294466671, 0.000271701457677, 0.000166859914316, 0.000130821703351, 9.61784899118e-05, 5.89680530538e-05, 6.88368600095e-05, 3.40278129443e-05, 7.32815533411e-06, 5.06515496213e-10],
        "min": [7.06718106258e-09, 2.8297663448e-06, 2.22611697609e-06, 6.40664438833e-07, 1.56725218403e-05, 1.53717573994e-05, 3.053726914e-06, 5.46134515389e-06, 1.91785329662e-05, 5.98454516876e-06, 2.07416314879e-06, 6.41845736027e-06, 1.02289868664e-05, 4.94984169563e-06, 1.63226923178e-05, 1.61046737048e-05, 1.84260588867e-05, 9.51483889367e-06, 7.94703100837e-06, 9.75550938165e-06, 1.01096493381e-05, 3.4024587876e-06, 7.35493188131e-07, 5.581649134e-07, 2.78778578e-09, 9.88442574318e-12, 1.22364618438e-11],
        "var": [1.12414120679e-07, 3.52676433977e-05, 4.58537797385e-05, 1.15705943244e-05, 2.17198121391e-05, 1.32364275487e-05, 2.07031371247e-06, 4.62762136522e-06, 1.26661225295e-05, 7.23393895896e-07, 9.78119601314e-07, 1.59682383583e-06, 5.81704625802e-06, 8.67803464644e-06, 5.41620693184e-06, 3.14504109156e-06, 6.0378863509e-07, 3.53289152599e-07, 5.00427518091e-07, 6.35839185747e-08, 5.21794412123e-08, 4.53009150192e-08, 9.39647151199e-08, 2.17864635488e-06, 5.89463695633e-07, 1.88448048277e-08, 4.00671015658e-16]
    },
    "erbbands": {
        "dmean": [0.0490200892091, 0.622502446175, 2.81844687462, 4.45264482498, 5.50524282455, 7.23456382751, 11.2103414536, 11.0257492065, 7.11387300491, 17.7574424744, 23.0835571289, 29.3996315002, 15.1708707809, 10.6496400833, 18.5834999084, 16.8595142365, 24.8084087372, 36.8545303345, 39.1846961975, 40.9291381836, 28.0615177155, 17.2676048279, 14.3370838165, 18.8890781403, 13.2173910141, 6.61197757721, 5.5416302681, 4.63236093521, 4.13961076736, 3.07274103165, 3.54285359383, 5.9106297493, 6.0083489418, 3.46483016014, 1.06465005875, 0.331577539444, 0.122000068426, 0.0128680691123, 0.00023494476045, 2.14730425796e-05],
        "dmean2": [0.0835699811578, 1.11192178726, 4.73198366165, 7.37686443329, 8.74511528015, 11.4346122742, 18.0483188629, 17.5843677521, 11.7764129639, 30.8845214844, 36.830280304, 44.441368103, 23.5367698669, 15.8349027634, 27.250825882, 25.3015422821, 37.8259811401, 53.7406806946, 58.0285682678, 63.0092887878, 45.7302436829, 27.9546928406, 23.144159317, 32.5129623413, 23.0182361603, 10.783495903, 9.14943218231, 7.52222728729, 6.79849290848, 5.14950466156, 5.73230981827, 9.69423961639, 9.50787639618, 5.55267858505, 1.84982967377, 0.5869384408, 0.219670727849, 0.0233752783388, 0.000421733391704, 3.55139673047e-05],
        "dvar": [0.0295049212873, 3.13130569458, 29.9208583832, 48.2697639465, 104.650146484, 227.713760376, 500.341369629, 622.007385254, 217.10383606, 1666.7199707, 1598.06359863, 3015.98144531, 808.952514648, 410.395935059, 830.633483887, 540.647521973, 2555.7355957, 6633.88720703, 5534.28027344, 6259.0546875, 2180.68920898, 853.546264648, 469.780853271, 1281.22741699, 502.17477417, 90.6405715942, 62.899066925, 49.6902427673, 50.8266372681, 30.1720600128, 54.4166069031, 381.322570801, 298.583251953, 85.6023025513, 9.9841594696, 0.801271140575, 0.0973321199417, 0.00103823887184, 3.2721345633e-07, 1.3362094764e-09],
        "dvar2": [0.0784709826112, 9.07915687561, 83.9565429688, 124.137756348, 260.444244385, 557.550842285, 1203.04663086, 1429.21264648, 530.606506348, 4689.06542969, 3536.9152832, 6569.74414062, 1762.66638184, 899.484619141, 1846.85668945, 1205.16625977, 4374.68554688, 12356.5117188, 10986.0771484, 12269.7792969, 5319.04296875, 2125.27124023, 1252.07250977, 3734.31054688, 1501.93237305, 225.704269409, 160.439117432, 124.547035217, 131.648086548, 79.0553359985, 105.930961609, 758.962219238, 599.266784668, 187.835006714, 26.8975353241, 2.20645976067, 0.27113905549, 0.00290614273399, 9.09833545393e-07, 3.47970918746e-09],
        "max": [1.59626960754, 15.063410759, 49.6159934998, 63.5362014771, 168.396286011, 279.289672852, 316.312103271, 338.978210449, 324.649902344, 371.29083252, 677.737243652, 769.355407715, 416.64276123, 252.5184021, 321.29473877, 280.860443115, 1022.41052246, 1851.23168945, 1470.42175293, 2097.15576172, 577.261047363, 438.805877686, 322.956573486, 623.446838379, 287.918487549, 110.607498169, 83.2538833618, 80.8692779541, 101.788978577, 54.3798866272, 153.983886719, 338.381286621, 360.450531006, 145.549468994, 46.041217804, 9.39529132843, 4.36020183563, 0.463640570641, 0.00806426256895, 0.000418872135924],
        "mean": [0.0503605008125, 0.750771462917, 4.73605871201, 8.06991100311, 11.4394769669, 11.6203050613, 17.9904632568, 18.8787288666, 13.6843395233, 22.3902721405, 41.491859436, 51.9528045654, 28.0742282867, 19.1587772369, 31.2628917694, 30.0500812531, 43.1264724731, 67.9988479614, 65.0017089844, 64.1040649414, 47.741558075, 31.1019706726, 25.0058555603, 28.9760761261, 21.5636348724, 11.3686561584, 9.43457984924, 7.29212665558, 6.06662034988, 4.0903096199, 4.66470813751, 7.99776268005, 7.1095085144, 3.82282495499, 0.976447582245, 0.281256079674, 0.094327762723, 0.0091016003862, 0.000194578882656, 4.98567096656e-05],
        "median": [0.014860002324, 0.384510815144, 2.30695557594, 5.17167377472, 6.00625514984, 5.95633220673, 7.93391990662, 8.26089191437, 8.93488883972, 12.4134473801, 22.4910354614, 20.639093399, 14.8355464935, 9.85322475433, 17.1431236267, 17.8214912415, 18.3676662445, 19.995765686, 32.1344833374, 31.2406177521, 26.7336959839, 17.6830272675, 16.3928947449, 17.8786621094, 12.8648786545, 7.8986749649, 6.06329536438, 4.46171236038, 3.65606427193, 2.2315557003, 1.6652739048, 1.65017461777, 1.01225674152, 0.471215993166, 0.171379700303, 0.0479033328593, 0.0120135713369, 0.000701195502188, 3.97508883907e-05, 4.16768125433e-05],
        "min": [9.83605059446e-05, 0.00161655014381, 0.0022824278567, 0.0136194480583, 0.0493906699121, 0.0545112527907, 0.129110947251, 0.169385790825, 0.088174007833, 0.531833171844, 0.415682077408, 0.649821043015, 0.537543952465, 0.359201997519, 0.409819066525, 0.405766457319, 0.55654746294, 0.671158909798, 1.01753079891, 0.782703816891, 0.865079045296, 1.43245887756, 0.938319206238, 0.537018060684, 0.729698061943, 0.405287891626, 0.498701840639, 0.310704320669, 0.139374196529, 0.0680109858513, 0.0162431187928, 0.0109123960137, 0.00834972970188, 0.000475837179692, 4.04934617109e-05, 1.46770644278e-05, 4.85568807562e-06, 1.22748758713e-06, 1.40189740705e-06, 2.27985924539e-06],
        "var": [0.0222157798707, 2.09585309029, 40.1107254028, 78.6971817017, 215.050994873, 301.105102539, 882.976013184, 1012.43206787, 302.062438965, 1193.56616211, 3301.82641602, 7148.60009766, 1814.77709961, 945.382568359, 1428.20422363, 1142.88830566, 7446.56152344, 22414.4335938, 12269.6894531, 13471.1787109, 3928.27026367, 1631.38647461, 764.865966797, 1434.10693359, 729.624389648, 129.372421265, 97.4779968262, 73.3362579346, 62.1009292603, 32.1593208313, 112.700538635, 873.423828125, 618.063903809, 174.205307007, 9.17200756073, 0.62128084898, 0.0663644447923, 0.000672413443681, 2.26364804234e-07, 1.60460800203e-09]
    },
    "gfcc": {
        "mean": [33.9258575439, 88.8326797485, -133.118118286, 36.2154502869, -61.4868164062, 17.3669719696, -48.3647994995, 9.38678073883, -24.9400672913, -0.840346872807, -18.9345111847, -10.6993789673, -12.445599556],
        "cov": [[1659.8548584, -711.434204102, 444.815460205, -138.079452515, -2.15726613998, 99.5973510742, -130.747238159, 151.608123779, -145.202804565, 149.325119019, -119.00037384, 128.456192017, -102.708023071], [-711.434204102, 1079.84667969, -256.778503418, 195.766464233, 162.992706299, -116.873291016, 178.992523193, -152.87272644, 118.760803223, -146.88873291, 85.7011184692, -137.093765259, 66.6233062744], [444.815460205, -256.778503418, 602.045349121, 109.92943573, 4.502597332, 112.985824585, -35.5296096802, 102.535606384, -60.3797721863, 62.1555671692, -60.4174003601, 44.0114059448, -64.5309753418], [-138.079452515, 195.766464233, 109.92943573, 337.8800354, 55.0641937256, 41.9526863098, 70.9234008789, 0.40058735013, 40.5222053528, -45.0039787292, 50.3522872925, -49.457736969, 35.4067687988], [-2.15726613998, 162.992706299, 4.502597332, 55.0641937256, 179.710800171, 16.4204177856, 47.2902679443, -11.8856563568, 12.0515184402, 7.97993421555, -13.776055336, -10.9165964127, -21.9202365875], [99.5973510742, -116.873291016, 112.985824585, 41.9526863098, 16.4204177856, 146.252853394, 34.2843093872, 45.8319473267, -10.1221914291, 22.7211360931, 8.54138565063, 4.49325799942, -9.1055059433], [-130.747238159, 178.992523193, -35.5296096802, 70.9234008789, 47.2902679443, 34.2843093872, 168.537582397, 23.3372974396, 17.8488178253, -22.640712738, 22.1425666809, -10.3666801453, -12.6210384369], [151.608123779, -152.87272644, 102.535606384, 0.40058735013, -11.8856563568, 45.8319473267, 23.3372974396, 125.304481506, 3.44302797318, 25.7372055054, -14.5774555206, 18.5067558289, -12.9530220032], [-145.202804565, 118.760803223, -60.3797721863, 40.5222053528, 12.0515184402, -10.1221914291, 17.8488178253, 3.44302797318, 102.440849304, 0.654735565186, 16.9830875397, -31.4683265686, 29.9768276215], [149.325119019, -146.88873291, 62.1555671692, -45.0039787292, 7.97993421555, 22.7211360931, -22.640712738, 25.7372055054, 0.654735565186, 100.815155029, -8.52868556976, 35.2597351074, -25.7499446869], [-119.00037384, 85.7011184692, -60.4174003601, 50.3522872925, -13.776055336, 8.54138565063, 22.1425666809, -14.5774555206, 16.9830875397, -8.52868556976, 89.8700332642, -10.6928024292, 26.288766861], [128.456192017, -137.093765259, 44.0114059448, -49.457736969, -10.9165964127, 4.49325799942, -10.3666801453, 18.5067558289, -31.4683265686, 35.2597351074, -10.6928024292, 92.5333633423, -2.1601023674], [-102.708023071, 66.6233062744, -64.5309753418, 35.4067687988, -21.9202365875, -9.1055059433, -12.6210384369, -12.9530220032, 29.9768276215, -25.7499446869, 26.288766861, -2.1601023674, 90.8242111206]],
        "icov": [[0.0010901123751, 0.000351444992702, -0.00042113676318, 0.000165699922945, -0.000494666222949, 8.35100145196e-05, 0.000324609020026, -0.000555955455638, 0.000763938005548, -0.000462900323328, 0.000272122008028, -0.000150975538418, 2.02815385819e-07], [0.000351444992702, 0.00364922266454, -0.00105461326893, 0.000563090783544, -0.00279723154381, 0.00299972714856, -0.00353624671698, 0.00298909563571, -0.00179959996603, 0.00217152875848, -0.00201193522662, 0.00253677531146, -0.00183542142622], [-0.00042113676318, -0.00105461326893, 0.00397332245484, -0.00259309005924, 0.00141559867188, -0.00252230861224, 0.00255201617256, -0.00235535972752, 0.00148216506932, -0.00139261386357, 0.0026459353976, -0.00180728139821, 0.00254594907165], [0.000165699922945, 0.000563090783544, -0.00259309005924, 0.00593535928056, -0.00206047180109, 0.000563069945201, -0.00238613528199, 0.00118144974113, -0.00148989539593, 0.0021625328809, -0.00336448801681, 0.0024498954881, -0.00284886849113], [-0.000494666222949, -0.00279723154381, 0.00141559867188, -0.00206047180109, 0.00936286058277, -0.00298652984202, 0.000909341673832, -0.000469284743303, 0.000529661017936, -0.00310094072483, 0.00402395846322, -0.00188871426508, 0.00305764656514], [8.35100145196e-05, 0.00299972714856, -0.00252230861224, 0.000563069945201, -0.00298652984202, 0.0122944489121, -0.00519368145615, 0.000533248414285, 0.000107243497041, -0.00025074617588, -0.00367320934311, 0.0038239043206, -0.00320383976214], [0.000324609020026, -0.00353624671698, 0.00255201617256, -0.00238613528199, 0.000909341673832, -0.00519368145615, 0.0131031610072, -0.00596436951309, 0.000979008036666, 0.000523736409377, 0.000881483196281, -0.00478730769828, 0.0058298446238], [-0.000555955455638, 0.00298909563571, -0.00235535972752, 0.00118144974113, -0.000469284743303, 0.000533248414285, -0.00596436951309, 0.0145607050508, -0.00446243584156, 0.00110593368299, -0.000497405242641, 0.00125179509632, -0.00180727883708], [0.000763938005548, -0.00179959996603, 0.00148216506932, -0.00148989539593, 0.000529661017936, 0.000107243497041, 0.000979008036666, -0.00446243584156, 0.016569821164, -0.00650074053556, 0.00163483037613, 0.0040336237289, -0.00423314794898], [-0.000462900323328, 0.00217152875848, -0.00139261386357, 0.0021625328809, -0.00310094072483, -0.00025074617588, 0.000523736409377, 0.00110593368299, -0.00650074053556, 0.0178778413683, -0.00390821043402, -0.00422518607229, 0.00375302904285], [0.000272122008028, -0.00201193522662, 0.0026459353976, -0.00336448801681, 0.00402395846322, -0.00367320934311, 0.000881483196281, -0.000497405242641, 0.00163483037613, -0.00390821043402, 0.017172826454, -0.00155832397286, -0.00102570047602], [-0.000150975538418, 0.00253677531146, -0.00180728139821, 0.0024498954881, -0.00188871426508, 0.0038239043206, -0.00478730769828, 0.00125179509632, 0.0040336237289, -0.00422518607229, -0.00155832397286, 0.018399335444, -0.00647046323866], [2.02815385819e-07, -0.00183542142622, 0.00254594907165, -0.00284886849113, 0.00305764656514, -0.00320383976214, 0.0058298446238, -0.00180727883708, -0.00423314794898, 0.00375302904285, -0.00102570047602, -0.00647046323866, 0.018849702552]]
    },
    "melbands": {
        "dmean": [0.000545525399502, 0.00124790787231, 0.000770564714912, 0.000424195837695, 0.000362838327419, 0.00024222736829, 0.000120786979096, 0.000202422379516, 0.000203799005249, 0.000183365234989, 7.467046089e-05, 4.30967738794e-05, 5.35373364983e-05, 7.33427077648e-05, 3.81345089409e-05, 7.71220511524e-05, 7.34167988412e-05, 6.78321885061e-05, 6.58629869577e-05, 6.35684045847e-05, 2.72219040198e-05, 2.02999126486e-05, 1.62139112945e-05, 1.1461745089e-05, 1.6421694454e-05, 1.55819125212e-05, 6.10337110629e-06, 4.43104272563e-06, 3.936468147e-06, 3.06814877149e-06, 2.73409523288e-06, 2.61508148469e-06, 2.00794738703e-06, 1.67083635461e-06, 1.79573862624e-06, 3.23219433085e-06, 3.87881982533e-06, 4.08426240028e-06, 4.52548238172e-06, 2.47184470936e-06],
        "dmean2": [0.000949240115006, 0.0021378134843, 0.00126177922357, 0.000661883619614, 0.000583776447456, 0.000382462108973, 0.000201841496164, 0.000346254586475, 0.000321093393723, 0.000279331987258, 0.000116420080303, 6.44543761155e-05, 8.15084204078e-05, 0.000103293103166, 6.04398082942e-05, 0.000118632990052, 0.000107315485366, 0.000101470766822, 9.88469982985e-05, 0.000102954858448, 4.43790158897e-05, 3.33070674969e-05, 2.56823987002e-05, 1.90251084859e-05, 2.83553781628e-05, 2.75212896668e-05, 1.03263337223e-05, 7.28690429241e-06, 6.54408995615e-06, 5.08611947225e-06, 4.46596141046e-06, 4.28378280048e-06, 3.37767073688e-06, 2.84972270492e-06, 3.00236388284e-06, 5.07070672029e-06, 6.40387588646e-06, 6.49848834655e-06, 7.19856643627e-06, 4.0264612835e-06],
        "dvar": [3.11501844408e-06, 6.98205849403e-06, 1.33904791255e-06, 5.29534759153e-07, 4.70572189215e-07, 2.91162820076e-07, 5.72952139066e-08, 1.6834417238e-07, 1.30508993834e-07, 1.18078453681e-07, 2.0586718108e-08, 6.19069684404e-09, 8.40135072622e-09, 1.31211770338e-08, 5.98382809969e-09, 3.23957216608e-08, 2.89664789932e-08, 1.89873432532e-08, 1.63435647238e-08, 2.40813360364e-08, 1.75182546247e-09, 1.37229250186e-09, 6.44609976508e-10, 5.66629576593e-10, 1.05347464086e-09, 9.03508379224e-10, 7.65452493057e-11, 4.57157263434e-11, 3.03672677282e-11, 2.25594612435e-11, 1.96312462813e-11, 1.86128751301e-11, 1.38844560849e-11, 9.48296996484e-12, 1.04855065602e-11, 1.14723570921e-10, 1.71279698757e-10, 1.38780556491e-10, 1.82376405644e-10, 4.20665689782e-11],
        "dvar2": [8.63282093633e-06, 2.00497997866e-05, 3.36659877576e-06, 1.19799710774e-06, 1.10389476049e-06, 6.71072882596e-07, 1.45523046058e-07, 4.61690916609e-07, 2.97162756624e-07, 2.5141758897e-07, 4.49552679527e-08, 1.35099345044e-08, 1.97717646699e-08, 2.55834784468e-08, 1.20533645287e-08, 5.6882726085e-08, 5.45301013233e-08, 3.8035789629e-08, 3.47698900782e-08, 6.07214971637e-08, 4.12012113316e-09, 3.50719786546e-09, 1.44690037729e-09, 1.6535105507e-09, 3.04691827324e-09, 2.69995426017e-09, 2.08869047058e-10, 1.14635301252e-10, 7.74032574147e-11, 5.91471038813e-11, 4.86584730841e-11, 4.88707928292e-11, 3.54932368218e-11, 2.53958399449e-11, 2.47961425698e-11, 2.05990405289e-10, 3.69131863964e-10, 2.89392260155e-10, 3.82014198053e-10, 9.70329025463e-11],
        "max": [0.0144139453769, 0.0228751692921, 0.0125866094604, 0.0108315777034, 0.00852181296796, 0.00676652044058, 0.0043729506433, 0.00374091137201, 0.00521826045588, 0.00495957303792, 0.00204831827432, 0.0009279132355, 0.000988145708106, 0.00143479323015, 0.00150204217061, 0.00295279570855, 0.00397915672511, 0.00224745227024, 0.00222428981215, 0.00197414075956, 0.00058531796094, 0.000646758882795, 0.000357610726496, 0.000498532142956, 0.000540874607395, 0.000393136841012, 8.45160611789e-05, 7.74384679971e-05, 6.63476166665e-05, 5.43269743503e-05, 4.76794302813e-05, 5.29579629074e-05, 6.49518842692e-05, 3.05964676954e-05, 4.23949095421e-05, 0.000266943621682, 0.000268851959845, 0.000222376707825, 0.000261992041487, 0.000103662045149],
        "mean": [0.000590893847402, 0.00201616529375, 0.00157358509023, 0.000791833212133, 0.000616402889136, 0.000417723029386, 0.000212110666325, 0.000271330296528, 0.000359313125955, 0.000323465937981, 0.000132406494231, 7.39052265999e-05, 9.02898682398e-05, 0.000116674164019, 6.22987718089e-05, 0.000118552794447, 0.000129059815663, 0.000103299586044, 9.6442476206e-05, 8.69887953741e-05, 4.60238370579e-05, 3.25345426972e-05, 2.71046210401e-05, 1.8143973648e-05, 2.36561718339e-05, 2.25839194172e-05, 9.49745208345e-06, 6.82167865307e-06, 6.33247054793e-06, 4.7231624194e-06, 3.97113944928e-06, 3.68159703612e-06, 2.71390035778e-06, 2.0383699848e-06, 2.19176467908e-06, 4.25257576353e-06, 5.00178430229e-06, 4.64722324978e-06, 5.1832189456e-06, 2.57270016846e-06],
        "median": [0.000231312209507, 0.00110639317427, 0.00121175299864, 0.000483199051814, 0.000320075982017, 0.000185850367416, 0.000141996672028, 0.000151840446051, 0.000171123276232, 0.000122685727547, 6.55404146528e-05, 3.65238302038e-05, 5.14621642651e-05, 5.45360635442e-05, 2.75322599919e-05, 3.62906212104e-05, 3.45758126059e-05, 4.52802705695e-05, 3.48323810613e-05, 3.06122892653e-05, 2.57377669186e-05, 1.70969196915e-05, 1.50523728735e-05, 1.19090273074e-05, 1.23241334222e-05, 1.06139823401e-05, 5.73420129513e-06, 4.38553252025e-06, 3.98058909923e-06, 2.77397157333e-06, 2.23487586481e-06, 2.11567476072e-06, 1.48404365063e-06, 1.02799447177e-06, 8.70815313192e-07, 1.038426376e-06, 8.95649975519e-07, 6.77506193369e-07, 5.99482746111e-07, 3.29971385327e-07],
        "min": [8.40229176902e-07, 1.52168172463e-06, 3.67595862372e-06, 2.73735781775e-06, 3.7718771182e-06, 2.75817069451e-06, 1.19278786315e-06, 4.02483738071e-06, 2.69221459348e-06, 3.02403464048e-06, 1.95645816348e-06, 7.67145706959e-07, 8.36351716771e-07, 5.42492784916e-07, 6.13009603967e-07, 8.78072455635e-07, 5.05261425587e-07, 1.64807192959e-06, 1.06005052203e-06, 9.78373577709e-07, 9.2414518349e-07, 9.92252012111e-07, 5.163581136e-07, 4.78697074868e-07, 3.22984476497e-07, 3.92274984051e-07, 4.38897785671e-07, 2.0712064952e-07, 2.98341433336e-07, 1.48687846036e-07, 1.12538302233e-07, 8.00393777922e-08, 6.36276453747e-08, 2.78730016845e-08, 8.91127793778e-09, 6.49152198662e-09, 2.0375345855e-09, 4.95393637223e-09, 8.0039197492e-10, 5.470453604e-11],
