{
"highlevel": {
    "danceability": {
        "all": {
            "danceable": 0.0099532250315,
            "not_danceable": 0.990046799183
        },
        "probability": 0.990046799183,
        "value": "not_danceable"
    },
    "gender": {
        "all": {
            "female": 0.413490086794,
            "male": 0.586509883404
        },
        "probability": 0.586509883404,
        "value": "male"
    },
    "genre_dortmund": {
        "all": {
            "alternative": 0.0932600647211,
            "blues": 0.0638581961393,
            "electronic": 0.00500256288797,
            "folkcountry": 0.518157243729,
            "funksoulrnb": 0.0208004228771,
            "jazz": 0.0334301441908,
            "pop": 0.134103104472,
            "raphiphop": 0.000868558883667,
            "rock": 0.130519717932
        },
        "probability": 0.518157243729,
        "value": "folkcountry"
    },
    "genre_electronic": {
        "all": {
            "ambient": 0.712435305119,
            "dnb": 0.156960472465,
            "house": 0.11370498687,
            "techno": 0.00773077597842,
            "trance": 0.00916844233871
        },
        "probability": 0.712435305119,
        "value": "ambient"
    },
    "genre_rosamerica": {
        "all": {
            "cla": 0.0427839793265,
            "dan": 0.00792339630425,
            "hip": 0.00654920330271,
            "jaz": 0.0424580872059,
            "pop": 0.495934724808,
            "rhy": 0.179204151034,
            "roc": 0.213153228164,
            "spe": 0.0119932340458
        },
        "probability": 0.495934724808,
        "value": "pop"
    },
    "genre_tzanetakis": {
        "all": {
            "blu": 0.0626541376114,
            "cla": 0.0348133966327,
            "cou": 0.0783501937985,
            "dis": 0.104547761381,
            "hip": 0.15693578124,
            "jaz": 0.313987255096,
            "met": 0.044816005975,
            "pop": 0.0627349764109,
            "reg": 0.0627352520823,
            "roc": 0.0784252434969
        },
        "probability": 0.313987255096,
        "value": "jaz"
    },
    "ismir04_rhythm": {
        "all": {
            "ChaChaCha": 0.0185750965029,
            "Jive": 0.0133634824306,
            "Quickstep": 0.0678414851427,
            "Rumba-American": 0.0183144975454,
            "Rumba-International": 0.276667922735,
            "Rumba-Misc": 0.0116797471419,
            "Samba": 0.0107081932947,
            "Tango": 0.010834353976,
            "VienneseWaltz": 0.26320618391,
            "Waltz": 0.308809041977
        },
        "probability": 0.308809041977,
        "value": "Waltz"
    },
    "mood_acoustic": {
        "all": {
            "acoustic": 0.793063104153,
            "not_acoustic": 0.206936866045
        },
        "probability": 0.793063104153,
        "value": "acoustic"
    },
    "mood_aggressive": {
        "all": {
            "aggressive": 0.0106006078422,
            "not_aggressive": 0.989399373531
        },
        "probability": 0.989399373531,
        "value": "not_aggressive"
    },
    "mood_electronic": {
        "all": {
            "electronic": 0.0473566874862,
            "not_electronic": 0.952643334866
        },
        "probability": 0.952643334866,
        "value": "not_electronic"
    },
    "mood_happy": {
        "all": {
            "happy": 0.0401989892125,
            "not_happy": 0.959801018238
        },
        "probability": 0.959801018238,
        "value": "not_happy"
    },
    "mood_party": {
        "all": {
            "not_party": 0.985812604427,
            "party": 0.0141874179244
        },
        "probability": 0.985812604427,
        "value": "not_party"
    },
    "mood_relaxed": {
        "all": {
            "not_relaxed": 0.0228789206594,
            "relaxed": 0.977121055126
        },
        "probability": 0.977121055126,
        "value": "relaxed"
    },
    "mood_sad": {
        "all": {
            "not_sad": 0.302374154329,
            "sad": 0.697625815868
        },
        "probability": 0.697625815868,
        "value": "sad"
    },
    "moods_mirex": {
        "all": {
            "Cluster1": 0.15172021091,
            "Cluster2": 0.0988534539938,
            "Cluster3": 0.657985091209,
            "Cluster4": 0.060836520046,
            "Cluster5": 0.0306047070771
        },
        "probability": 0.657985091209,
        "value": "Cluster3"
    },
    "timbre": {
        "all": {
            "bright": 0.999991893768,
            "dark": 8.11007430457e-06
        },
        "probability": 0.999991893768,
        "value": "bright"
    },
    "tonal_atonal": {
        "all": {
            "atonal": 0.0625556558371,
            "tonal": 0.937444329262
        },
        "probability": 0.937444329262,
        "value": "tonal"
    },
    "voice_instrumental": {
        "all": {
            "instrumental": 0.00411805743352,
            "voice": 0.995881915092
        },
        "probability": 0.995881915092,
        "value": "voice"
    }
},
"lowlevel": {
    "average_loudness": 0.969986379147,
    "barkbands_crest": {
        "dmean": 2.36226677895,
        "dmean2": 3.93060350418,
        "dvar": 4.63699865341,
        "dvar2": 12.902674675,
        "max": 23.3839130402,
        "mean": 11.7864427567,
        "median": 11.3983068466,
        "min": 4.21951723099,
        "var": 14.5172138214
    },
    "barkbands_flatness_db": {
        "dmean": 0.0178729854524,
        "dmean2": 0.0287637393922,
        "dvar": 0.000300075073028,
        "dvar2": 0.000663520710077,
        "max": 0.481809109449,
        "mean": 0.205410271883,
        "median": 0.188556179404,
        "min": 0.0838649198413,
        "var": 0.00420521851629
    },
    "barkbands_kurtosis": {
        "dmean": 3.24985599518,
        "dmean2": 5.15649938583,
        "dvar": 16.8396377563,
        "dvar2": 41.9916229248,
        "max": 73.7147445679,
        "mean": 10.2415027618,
        "median": 5.41586780548,
        "min": -1.6909160614,
        "var": 195.877578735
    },
    "barkbands_skewness": {
        "dmean": 0.45227214694,
        "dmean2": 0.704000234604,
        "dvar": 0.183071300387,
        "dvar2": 0.449339210987,
        "max": 7.96225976944,
        "mean": 2.27556228638,
        "median": 1.98031306267,
        "min": -0.586611330509,
        "var": 2.6094596386
    },
    "barkbands_spread": {
        "dmean": 2.80859017372,
        "dmean2": 4.36067247391,
        "dvar": 19.3271942139,
        "dvar2": 38.1372146606,
        "max": 87.7885513306,
        "mean": 11.6576509476,
        "median": 9.59365081787,
        "min": 0.931399464607,
        "var": 91.7052383423
    },
    "dissonance": {
        "dmean": 0.0238651242107,
        "dmean2": 0.0399742051959,
        "dvar": 0.000552332785446,
        "dvar2": 0.00147982174531,
        "max": 0.499821454287,
        "mean": 0.433647602797,
        "median": 0.445150583982,
        "min": 0.205220893025,
        "var": 0.00202875607647
    },
    "dynamic_complexity": 2.64041543007,
    "erbbands_crest": {
        "dmean": 2.0738530159,
        "dmean2": 3.28913140297,
        "dvar": 4.17999410629,
        "dvar2": 10.4442062378,
        "max": 23.7804298401,
        "mean": 10.5696716309,
        "median": 9.7852640152,
        "min": 3.14215040207,
        "var": 17.9124317169
    },
    "erbbands_flatness_db": {
        "dmean": 0.0136617254466,
        "dmean2": 0.019579352811,
        "dvar": 0.000207268167287,
        "dvar2": 0.000371458212612,
        "max": 0.429968029261,
        "mean": 0.192861154675,
        "median": 0.18205589056,
        "min": 0.0759380534291,
        "var": 0.00303533556871
    },
    "erbbands_kurtosis": {
        "dmean": 1.12467491627,
        "dmean2": 1.73672091961,
        "dvar": 2.6717414856,
        "dvar2": 6.52145624161,
        "max": 32.6235466003,
        "mean": 3.00661039352,
        "median": 0.506314992905,
        "min": -1.72172188759,
        "var": 41.5482635498
    },
    "erbbands_skewness": {
        "dmean": 0.294625729322,
        "dmean2": 0.45547246933,
        "dvar": 0.0708315521479,
        "dvar2": 0.158555060625,
        "max": 5.30124616623,
        "mean": 1.02190876007,
        "median": 0.7134770751,
        "min": -1.28711354733,
        "var": 1.43424880505
    },
    "erbbands_spread": {
        "dmean": 4.73260545731,
        "dmean2": 6.8723077774,
        "dvar": 39.8370475769,
        "dvar2": 71.1147384644,
        "max": 131.159912109,
        "mean": 30.2361431122,
        "median": 28.0782623291,
        "min": 3.09309506416,
        "var": 350.332305908
    },
    "hfc": {
        "dmean": 2.8641064167,
        "dmean2": 4.17636060715,
        "dvar": 13.0923500061,
        "dvar2": 23.5599956512,
        "max": 59.2972145081,
        "mean": 17.5814304352,
        "median": 15.1797914505,
        "min": 0.0816450566053,
        "var": 123.850914001
    },
    "melbands_crest": {
        "dmean": 2.48319768906,
        "dmean2": 4.04394340515,
        "dvar": 5.23013353348,
        "dvar2": 15.5556516647,
        "max": 28.0064201355,
        "mean": 13.8605260849,
        "median": 13.270318985,
        "min": 5.45133018494,
        "var": 16.6386852264
    },
    "melbands_flatness_db": {
        "dmean": 0.0187907721847,
        "dmean2": 0.0287920441478,
        "dvar": 0.00037278525997,
        "dvar2": 0.000811814155895,
        "max": 0.605801284313,
        "mean": 0.2643019557,
        "median": 0.248252913356,
        "min": 0.104588836432,
        "var": 0.00546481506899
    },
    "melbands_kurtosis": {
        "dmean": 6.38612318039,
        "dmean2": 9.8708820343,
        "dvar": 84.9648361206,
        "dvar2": 185.966140747,
        "max": 215.500045776,
        "mean": 21.6917533875,
        "median": 11.2582683563,
        "min": -1.29650521278,
        "var": 982.345214844
    },
    "melbands_skewness": {
        "dmean": 0.565547883511,
        "dmean2": 0.875693738461,
        "dvar": 0.306443691254,
        "dvar2": 0.712842226028,
        "max": 10.765455246,
        "mean": 2.99170613289,
        "median": 2.78168606758,
        "min": -0.210815027356,
        "var": 3.46880817413
    },
    "melbands_spread": {
        "dmean": 2.88812422752,
        "dmean2": 4.59252166748,
        "dvar": 17.8187141418,
        "dvar2": 42.8349647522,
        "max": 70.1470336914,
        "mean": 11.5597934723,
        "median": 9.97896575928,
        "min": 1.3271471262,
        "var": 66.0999832153
    },
    "pitch_salience": {
        "dmean": 0.0537291243672,
        "dmean2": 0.0885038822889,
        "dvar": 0.00237681297585,
        "dvar2": 0.00615152530372,
        "max": 0.811856150627,
        "mean": 0.562890648842,
        "median": 0.565018296242,
        "min": 0.244520142674,
        "var": 0.00772393075749
    },
    "silence_rate_20dB": {
        "dmean": 0,
        "dmean2": 0,
        "dvar": 0,
        "dvar2": 0,
        "max": 1,
        "mean": 1,
        "median": 1,
        "min": 1,
        "var": 0
    },
    "silence_rate_30dB": {
        "dmean": 0.00154798757285,
        "dmean2": 0.00309837330133,
        "dvar": 0.00154558685608,
        "dvar2": 0.00463793659583,
        "max": 1,
        "mean": 0.999226629734,
        "median": 1,
        "min": 0,
        "var": 0.000772796280216
    },
    "silence_rate_60dB": {
        "dmean": 0.0030959751457,
        "dmean2": 0.00619674660265,
        "dvar": 0.00308638717979,
        "dvar2": 0.0077075464651,
        "max": 1,
        "mean": 0.0603248253465,
        "median": 0,
        "min": 0,
        "var": 0.0566856749356
    },
    "spectral_centroid": {
        "dmean": 106.823249817,
        "dmean2": 170.836242676,
        "dvar": 22874.8027344,
        "dvar2": 48511.6015625,
        "max": 3096.97119141,
        "mean": 669.834655762,
        "median": 615.210571289,
        "min": 242.16229248,
        "var": 88222.6484375
    },
    "spectral_complexity": {
        "dmean": 1.84907126427,
        "dmean2": 2.97056555748,
        "dvar": 2.87891054153,
        "dvar2": 7.44295692444,
        "max": 32,
        "mean": 15.3271465302,
        "median": 16,
        "min": 1,
        "var": 31.9790096283
    },
    "spectral_decrease": {
        "dmean": 1.60016355721e-09,
        "dmean2": 2.56813237343e-09,
        "dvar": 3.15974143163e-18,
        "dvar2": 8.03601581038e-18,
        "max": -5.596145769e-11,
        "mean": -8.35891533768e-09,
        "median": -8.10083822245e-09,
        "min": -2.77142060412e-08,
        "var": 1.86197462531e-17
    },
    "spectral_energy": {
        "dmean": 0.00620926264673,
        "dmean2": 0.00994201749563,
        "dvar": 4.70281811431e-05,
        "dvar2": 0.000118816460599,
        "max": 0.106062300503,
        "mean": 0.0331431850791,
        "median": 0.0321257822216,
        "min": 0.000218616449274,
        "var": 0.000289879390039
    },
    "spectral_energyband_high": {
        "dmean": 0.000106916209916,
        "dmean2": 0.000152778578922,
        "dvar": 6.89960657496e-08,
        "dvar2": 1.19100604934e-07,
        "max": 0.00510270707309,
        "mean": 0.000308376533212,
        "median": 0.000181236042408,
        "min": 1.86801472069e-08,
        "var": 2.96802511457e-07
    },
    "spectral_energyband_low": {
        "dmean": 0.00201278342865,
        "dmean2": 0.00300058512948,
        "dvar": 1.26878194351e-05,
        "dvar2": 2.41655598074e-05,
        "max": 0.0906393826008,
        "mean": 0.0047025019303,
        "median": 0.00279969698749,
        "min": 2.36573996517e-05,
        "var": 4.13094749092e-05
    },
    "spectral_energyband_middle_high": {
        "dmean": 0.00111268693581,
        "dmean2": 0.00159766396973,
        "dvar": 3.60328476745e-06,
        "dvar2": 7.19445961295e-06,
        "max": 0.0337461940944,
        "mean": 0.00456225313246,
        "median": 0.00259015359916,
        "min": 3.70044926967e-06,
        "var": 2.9186006941e-05
    },
    "spectral_energyband_middle_low": {
        "dmean": 0.00574187608436,
        "dmean2": 0.0093210702762,
        "dvar": 4.01399556722e-05,
        "dvar2": 0.000110197863251,
        "max": 0.0697904378176,
        "mean": 0.0244066994637,
        "median": 0.0230589695275,
        "min": 0.000111302753794,
        "var": 0.000192544917809
    },
    "spectral_entropy": {
        "dmean": 0.141120433807,
        "dmean2": 0.215164959431,
        "dvar": 0.0240139383823,
        "dvar2": 0.0454242900014,
        "max": 8.28971099854,
        "mean": 6.87022161484,
        "median": 6.95363950729,
        "min": 4.77567195892,
        "var": 0.313824564219
    },
    "spectral_flux": {
        "dmean": 0.0171797331423,
        "dmean2": 0.0276362169534,
        "dvar": 0.000305357243633,
        "dvar2": 0.000782429182436,
        "max": 0.205906122923,
        "mean": 0.067434206605,
        "median": 0.0640428289771,
        "min": 0.00474407151341,
        "var": 0.00126912270207
    },
    "spectral_kurtosis": {
        "dmean": 3.27066493034,
        "dmean2": 5.06152963638,
        "dvar": 75.0188751221,
        "dvar2": 124.653442383,
        "max": 241.839447021,
        "mean": 11.8416643143,
        "median": 7.42319488525,
        "min": -0.659984827042,
        "var": 343.570129395
    },
    "spectral_rms": {
        "dmean": 0.000528566306457,
        "dmean2": 0.000842250999995,
        "dvar": 2.9370622201e-07,
        "dvar2": 7.3101051612e-07,
        "max": 0.0101722870022,
        "mean": 0.00541982846335,
        "median": 0.00559841282666,
        "min": 0.000461827177787,
        "var": 2.96024904856e-06
    },
    "spectral_rolloff": {
        "dmean": 209.198120117,
        "dmean2": 348.249969482,
        "dvar": 252472.59375,
        "dvar2": 527158.0625,
        "max": 10960.4003906,
        "mean": 791.231323242,
        "median": 581.396484375,
        "min": 129.19921875,
        "var": 791086.25
    },
    "spectral_skewness": {
        "dmean": 0.270709961653,
        "dmean2": 0.425594449043,
        "dvar": 0.20804233849,
        "dvar2": 0.361626535654,
        "max": 13.815536499,
        "mean": 2.52719378471,
        "median": 2.26018404961,
        "min": 0.612937808037,
        "var": 1.58016777039
    },
    "spectral_spread": {
        "dmean": 471542.28125,
        "dmean2": 657565.375,
        "dvar": 806833881088,
        "dvar2": 983553933312,
        "max": 26749634,
        "mean": 4209183,
        "median": 3887471.75,
        "min": 737264.625,
        "var": 3.69096314061e+12
    },
    "spectral_strongpeak": {
        "dmean": 0.461341679096,
        "dmean2": 0.789291322231,
        "dvar": 0.553593099117,
        "dvar2": 1.44352054596,
        "max": 8.84780693054,
        "mean": 1.14884591103,
        "median": 0.83614218235,
        "min": 0.0169526021928,
        "var": 1.12734830379
    },
    "zerocrossingrate": {
        "dmean": 0.00611598743126,
        "dmean2": 0.00729282665998,
        "dvar": 6.49528519716e-05,
        "dvar2": 7.45947036194e-05,
        "max": 0.22998046875,
        "mean": 0.039443153888,
        "median": 0.0361328125,
        "min": 0.00634765625,
        "var": 0.000543184345588
    },
    "barkbands": {
        "dmean": [8.92261596164e-06, 0.00122223189101, 0.000760628317948, 0.00105806544889, 0.0044477134943, 0.00154605892021, 0.000530584075022, 0.000496739812661, 0.000722909986507, 0.000687613326591, 0.000412259221775, 0.000206612967304, 0.000173178937985, 0.000218846689677, 0.000186807010323, 0.00011077948875, 0.000120137221529, 9.77331728791e-05, 3.40761798725e-05, 3.67714237655e-05, 1.71109968505e-05, 1.50626492541e-05, 2.78451207123e-05, 2.74848480331e-05, 3.24320790241e-05, 1.11886156446e-05, 3.06677239159e-09],
        "dmean2": [1.55505440489e-05, 0.00178106583189, 0.00119771296158, 0.00175966054667, 0.00755293527618, 0.00226809293963, 0.000774481042754, 0.000738998467568, 0.00106662919279, 0.0010144620901, 0.000632159877568, 0.000294228288112, 0.000270461576292, 0.000339390215231, 0.000264929607511, 0.000169794395333, 0.000178577756742, 0.000151959946379, 5.5008680647e-05, 5.79846309847e-05, 2.60645974777e-05, 2.20210531552e-05, 4.45712103101e-05, 4.0175698814e-05, 4.87833822262e-05, 1.69132472365e-05, 4.20238599474e-09],
        "dvar": [4.52607007428e-10, 6.94463369655e-06, 1.44853584061e-06, 4.02182695325e-06, 2.93620087177e-05, 6.25375469099e-06, 1.24936605062e-06, 8.35989851566e-07, 3.45813145941e-06, 3.11197504743e-06, 1.22789754187e-06, 3.69923924382e-07, 3.32510552425e-07, 4.71021763815e-07, 2.52112613452e-07, 4.7191843322e-08, 7.11617502702e-08, 4.23305515085e-08, 8.76368932978e-09, 5.79363828024e-08, 1.11484810272e-09, 1.42816736215e-09, 1.27474155676e-08, 5.64658675373e-09, 1.2241276437e-08, 9.64063384679e-10, 1.96951698555e-15],
        "dvar2": [1.25824184405e-09, 1.08998619908e-05, 3.74314276996e-06, 1.11431718324e-05, 8.6580083007e-05, 1.33847388497e-05, 3.06210608869e-06, 1.61118123287e-06, 6.77260595694e-06, 6.90556498739e-06, 2.59642933997e-06, 6.59510476453e-07, 8.42915824251e-07, 1.04491925867e-06, 4.51696536174e-07, 8.56350936829e-08, 1.3893220796e-07, 8.22880181772e-08, 2.30806627144e-08, 1.39746703098e-07, 2.31348784574e-09, 2.4058559589e-09, 3.24185087663e-08, 1.06518713849e-08, 2.05499564032e-08, 2.02103556113e-09, 1.98189298394e-15],
        "max": [0.000280310690869, 0.0757933631539, 0.014596240595, 0.0255268700421, 0.0532302036881, 0.0461461432278, 0.0238481089473, 0.0146870547906, 0.0356225371361, 0.0308451894671, 0.0262975618243, 0.0146315218881, 0.0150913838297, 0.013955693692, 0.010643420741, 0.00504137482494, 0.0073472391814, 0.0052599767223, 0.00179804489017, 0.00699112098664, 0.000881447864231, 0.000627368397545, 0.00269086007029, 0.00205219164491, 0.00330765498802, 0.000752110558096, 1.32845570988e-06],
        "mean": [7.75688749854e-06, 0.0023751349654, 0.00185014423914, 0.0018507206114, 0.011039650999, 0.00530762784183, 0.00203073583543, 0.00131081033032, 0.00202236627229, 0.00154075282626, 0.000818974745926, 0.000522104615811, 0.000386611296562, 0.000510527170263, 0.000408357562264, 0.000237529326114, 0.000277713261312, 0.000228642194998, 7.2173163062e-05, 6.53203678667e-05, 3.76271236746e-05, 3.40608457918e-05, 4.48035316367e-05, 6.3481827965e-05, 7.71672494011e-05, 2.23979914153e-05, 2.80379297557e-09],
        "median": [1.82728740583e-06, 0.000908185262233, 0.00108999712393, 0.00106142740697, 0.00875837914646, 0.00278119253926, 0.000632173614576, 0.000475936569273, 0.000630069582257, 0.000572845805436, 0.000267340015853, 0.000148596474901, 8.94927361514e-05, 0.000102972633613, 0.000166787329363, 0.000141568671097, 0.000131616819999, 9.52602422331e-05, 4.86621247546e-05, 2.86087852146e-05, 1.60303898156e-05, 1.45254480231e-05, 1.1804217138e-05, 2.46078234341e-05, 3.75157251256e-05, 9.43144732446e-06, 4.04235783735e-10],
        "min": [1.13632458998e-09, 8.14751183498e-06, 3.14472481477e-06, 2.40299300458e-07, 1.89918846445e-05, 9.40001336858e-06, 8.71449174156e-06, 3.05460417849e-07, 1.38079940371e-06, 1.27098837766e-06, 1.42885383525e-07, 5.1883262131e-08, 1.99268139767e-08, 2.02605914268e-08, 1.60871991284e-08, 1.06608952777e-08, 1.20508492074e-08, 7.87958587267e-09, 5.07903186175e-09, 3.80164077995e-09, 2.42819342411e-09, 3.63350860511e-09, 2.64249266912e-09, 1.26564747571e-09, 1.55594398477e-10, 5.82319218886e-12, 7.94777178098e-12],
        "var": [3.80533549116e-10, 2.2553067538e-05, 4.4238972805e-06, 5.68007999391e-06, 8.34918755572e-05, 4.63985270471e-05, 9.92569857772e-06, 4.90011234433e-06, 2.05497599381e-05, 8.67616381584e-06, 3.78767526854e-06, 1.94775248019e-06, 1.10754012894e-06, 2.26952079174e-06, 7.19748015854e-07, 1.39758000728e-07, 2.62013202246e-07, 1.54515717554e-07, 1.30605553039e-08, 5.84832235972e-08, 3.90336074574e-09, 4.8553010501e-09, 2.99875821952e-08, 2.15947775217e-08, 4.47662422687e-08, 2.4763369133e-09, 1.96798449119e-15]
    },
    "erbbands": {
        "dmean": [0.00876578409225, 0.352976709604, 1.07153379917, 1.79693770409, 10.4868946075, 17.3624515533, 13.5302371979, 12.9518947601, 8.86230945587, 9.48212051392, 9.61598777771, 18.0386047363, 22.386259079, 12.834482193, 16.2944202423, 9.65716648102, 8.24872970581, 12.0124673843, 6.99017000198, 9.83734703064, 4.79803609848, 4.90716171265, 4.93406295776, 3.00564670563, 1.75761914253, 1.26850128174, 0.80378651619, 0.651498019695, 0.576026141644, 0.426164746284, 0.949475347996, 0.672703444958, 0.480671256781, 0.441432744265, 0.218213558197, 0.0770816579461, 0.0180990751833, 0.0012912490638, 2.536383181e-05, 7.55964401833e-06],
        "dmean2": [0.0125089045614, 0.517025053501, 1.6347463131, 2.9428062439, 17.440290451, 29.1521015167, 21.0406227112, 19.3040561676, 13.2698278427, 14.3196592331, 13.2195158005, 26.2348747253, 33.0671463013, 16.9806404114, 24.8006954193, 13.6135578156, 12.6207561493, 18.3386383057, 10.1391687393, 14.3980150223, 7.05859994888, 7.28889703751, 7.50923013687, 4.63151359558, 2.89048266411, 2.01552152634, 1.22586643696, 0.9996560812, 0.858130395412, 0.619947135448, 1.51139521599, 1.01556897163, 0.728547632694, 0.658821105957, 0.319549322128, 0.118107013404, 0.0266214814037, 0.00204624258913, 3.91198227589e-05, 1.18767839012e-05],
        "dvar": [0.000483797601191, 0.546132981777, 2.95710110664, 12.4896564484, 252.680679321, 487.085906982, 317.124969482, 507.201812744, 392.991546631, 195.28465271, 498.828277588, 2470.92480469, 3636.57861328, 766.88848877, 1840.91430664, 797.963806152, 729.539978027, 1538.81494141, 344.01373291, 623.749267578, 145.904647827, 93.0176773071, 83.731300354, 64.0285415649, 106.856544495, 52.6690101624, 2.1283659935, 2.32682752609, 1.87761676311, 1.606990695, 16.5065784454, 5.12950658798, 1.57065689564, 2.24860191345, 0.525431752205, 0.0537802800536, 0.00232366193086, 9.15269356483e-06, 3.28739702127e-09, 6.60127230656e-11],
        "dvar2": [0.000752441759687, 0.87062817812, 6.80274057388, 32.7987556458, 826.071533203, 1322.08056641, 683.450256348, 1168.65991211, 968.44744873, 438.229003906, 847.38494873, 4943.00634766, 8091.26855469, 1282.20629883, 4248.19091797, 1345.98706055, 1735.09973145, 3352.37207031, 655.325866699, 1090.38366699, 280.838012695, 188.603790283, 145.846069336, 170.275894165, 274.193023682, 127.390785217, 4.28877258301, 4.85971403122, 3.25487327576, 3.12750411034, 42.1916809082, 12.4940958023, 2.87036943436, 3.44322657585, 0.960240900517, 0.123403735459, 0.00434287311509, 1.9635179342e-05, 6.31517194094e-09, 1.56624949121e-10],
        "max": [0.653068602085, 21.0032272339, 32.5079689026, 56.0025749207, 161.923034668, 253.433792114, 351.857696533, 440.548400879, 391.897857666, 232.756256104, 500.859619141, 857.854248047, 1146.8293457, 625.610839844, 915.14654541, 754.704956055, 740.911193848, 798.061340332, 376.618591309, 631.100280762, 356.258789062, 189.435455322, 250.414337158, 182.666809082, 279.142150879, 209.576004028, 27.6559906006, 36.8051681519, 24.2153053284, 28.1972141266, 92.2614517212, 68.2495498657, 27.1916770935, 49.5270385742, 24.8982524872, 5.16707754135, 1.02958595753, 0.0679619386792, 0.0012059637811, 0.000115651848319],
        "mean": [0.0174233261496, 0.701336860657, 2.53277802467, 3.70783567429, 24.6539287567, 35.9529380798, 36.4104957581, 47.6106300354, 36.1978302002, 27.6991634369, 29.0707206726, 52.280834198, 51.379863739, 33.4487342834, 34.4455795288, 25.7834224701, 20.7442398071, 29.6171722412, 16.9820213318, 23.0223178864, 11.7969417572, 12.9804162979, 12.9186983109, 7.01787424088, 3.55337142944, 2.56778049469, 1.95819139481, 1.49032533169, 1.32455420494, 0.824593245983, 1.46241223812, 1.3213545084, 1.08154666424, 0.963594913483, 0.472213387489, 0.146394878626, 0.0345481708646, 0.00223385426216, 6.56447882648e-05, 4.1426239477e-05],
        "median": [0.00573470722884, 0.297353506088, 1.53144276142, 2.58477258682, 15.4309415817, 26.9902515411, 24.1579608917, 18.8388576508, 10.1183900833, 15.0115480423, 8.2705450058, 14.5716714859, 16.7913150787, 15.5527067184, 12.495262146, 8.5636100769, 6.25686836243, 5.78181505203, 7.65081167221, 10.8363208771, 6.79821205139, 6.24791288376, 6.42616176605, 3.64425587654, 2.3011443615, 1.29345107079, 0.739181399345, 0.688785672188, 0.563256859779, 0.318500727415, 0.351554960012, 0.355320751667, 0.486828535795, 0.450914114714, 0.204633012414, 0.0618161708117, 0.0140599086881, 0.000645638268907, 3.94430280721e-05, 4.02058103646e-05],
        "min": [0.000125158330775, 0.00554048689082, 0.00513734063134, 0.00587306870148, 0.0278720874339, 0.0583901442587, 0.0662761032581, 0.127003997564, 0.227029651403, 0.0617583803833, 0.0158254951239, 0.0314244814217, 0.0537639446557, 0.0269004069269, 0.00997763685882, 0.00216648052447, 0.00101441016886, 0.00197319593281, 0.00148347136565, 0.000928810681216, 0.000549890450202, 0.000542236026376, 0.000647366745397, 0.000473553925985, 0.000235029699979, 0.000187708224985, 0.000156731344759, 0.000127280611196, 0.000125373189803, 0.000113879963465, 7.21651231288e-05, 3.19684731949e-05, 7.0034870987e-06, 4.55720601167e-06, 8.874252444e-07, 2.6604001846e-07, 9.17173963444e-08, 1.88529778455e-08, 1.08133377807e-07, 2.48730970043e-07],
        "var": [0.00149018014781, 1.77210104465, 9.3145570755, 17.5853557587, 721.727661133, 1178.06616211, 1420.23962402, 4857.20996094, 3339.89819336, 1023.793396, 3544.20336914, 14663.5078125, 10765.34375, 4060.47094727, 5744.85400391, 4415.39355469, 2741.2019043, 7521.60693359, 1079.40246582, 2040.19238281, 460.684020996, 405.183197021, 408.777954102, 133.4322052, 97.4431610107, 61.626914978, 8.80592727661, 6.9918179512, 6.44373941422, 4.72038555145, 36.8645172119, 17.2735538483, 4.86622858047, 7.652323246, 1.69680809975, 0.110808074474, 0.0063630794175, 2.64279042312e-05, 1.09628279787e-08, 4.3528874949e-10]
    },
    "gfcc": {
        "mean": [-20.6661090851, 120.637580872, -102.088783264, 14.80235672, -64.2319717407, 3.90312194824, -54.9196815491, 9.77865219116, -34.0853385925, -9.22050857544, -19.0614242554, -1.65835475922, -2.72133159637],
        "cov": [[8834.21386719, -2683.11743164, -1187.18798828, 76.7636489868, 154.1199646, 746.527160645, -633.256652832, 527.90826416, -627.597351074, 562.952087402, -628.876586914, 151.055633545, -434.183624268], [-2683.11743164, 1628.86877441, 12.0784387589, 25.4296989441, 304.235931396, -115.612304688, 409.418670654, -402.697631836, 227.610168457, -237.834579468, 165.302337646, -246.645263672, 79.2586364746], [-1187.18798828, 12.0784387589, 650.666381836, 28.121805191, -200.368591309, -193.119018555, -43.058265686, 91.6905975342, 79.1435241699, -41.706237793, 126.184364319, 114.13066864, 58.9899864197], [76.7636489868, 25.4296989441, 28.121805191, 301.317352295, 82.0576782227, 42.5946159363, 2.92492079735, -46.364315033, 42.1587562561, -54.4655456543, 8.85214710236, -18.8400669098, -1.1747456789], [154.1199646, 304.235931396, -200.368591309, 82.0576782227, 365.280090332, 120.340644836, 74.0509796143, -135.680053711, -36.8746528625, 1.55747866631, -79.7262039185, -107.151100159, -48.3148727417], [746.527160645, -115.612304688, -193.119018555, 42.5946159363, 120.340644836, 280.744415283, 45.7915496826, -43.6446418762, -51.087474823, 42.9099731445, -79.9959030151, -53.8252182007, -62.145324707], [-633.256652832, 409.418670654, -43.058265686, 2.92492079735, 74.0509796143, 45.7915496826, 221.815322876, -94.225730896, 64.2303390503, -47.8691291809, 28.1346988678, -64.5834121704, 2.6747200489], [527.90826416, -402.697631836, 91.6905975342, -46.364315033, -135.680053711, -43.6446418762, -94.225730896, 244.493637085, -21.1371498108, 68.0548019409, -3.07342410088, 99.9100875854, 18.7616996765], [-627.597351074, 227.610168457, 79.1435241699, 42.1587562561, -36.8746528625, -51.087474823, 64.2303390503, -21.1371498108, 141.762496948, -37.2174530029, 74.7132949829, 4.47709751129, 43.5705413818], [562.952087402, -237.834579468, -41.706237793, -54.4655456543, 1.55747866631, 42.9099731445, -47.8691291809, 68.0548019409, -37.2174530029, 136.666488647, -31.2573719025, 31.1327095032, -11.0550994873], [-628.876586914, 165.302337646, 126.184364319, 8.85214710236, -79.7262039185, -79.9959030151, 28.1346988678, -3.07342410088, 74.7132949829, -31.2573719025, 163.583404541, 45.7322807312, 66.4567642212], [151.055633545, -246.645263672, 114.13066864, -18.8400669098, -107.151100159, -53.8252182007, -64.5834121704, 99.9100875854, 4.47709751129, 31.1327095032, 45.7322807312, 149.15411377, 19.0490932465], [-434.183624268, 79.2586364746, 58.9899864197, -1.1747456789, -48.3148727417, -62.145324707, 2.6747200489, 18.7616996765, 43.5705413818, -11.0550994873, 66.4567642212, 19.0490932465, 110.38167572]],
        "icov": [[0.00084665720351, 5.38587955816e-05, 0.00134547019843, -0.000966545834672, 0.000366480409866, -0.000952595670242, 0.00121987739112, -0.00129079387989, 0.00114126515109, -0.0012894392712, 0.000460299226688, -0.000723923032638, 0.0016444089124], [5.38587955816e-05, 0.00686103338376, -0.000890854687896, 0.00298497383483, -0.00550885265693, 0.00356403575279, -0.00564308557659, 0.00374788837507, -0.00469280406833, 0.00416509341449, -0.00416466128081, 0.0054354313761, -0.00127289700322], [0.00134547019843, -0.000890854687896, 0.00467839138582, -0.00249632564373, 0.00198163837194, -0.000972486915998, 0.00267149414867, -0.00292596267536, 0.00222232355736, -0.00237911799923, 0.000573133816943, -0.00269120698795, 0.00316160335205], [-0.000966545834672, 0.00298497383483, -0.00249632564373, 0.00712991692126, -0.00442867772654, 0.00116588361561, -0.00225134729408, 0.00303872139193, -0.00555433891714, 0.00564492540434, -0.00255266064778, 0.00304630328901, -0.00251031597145], [0.000366480409866, -0.00550885265693, 0.00198163837194, -0.00442867772654, 0.00972933042794, -0.00335484230891, 0.00387505069375, -0.00173054274637, 0.00557552231476, -0.00550622632727, 0.00474786618724, -0.00365458684973, 0.00188092584722], [-0.000952595670242, 0.00356403575279, -0.000972486915998, 0.00116588361561, -0.00335484230891, 0.0090917441994, -0.0063065867871, 0.00371735030785, -0.00234661065042, 0.00135493197013, -0.00195300939959, 0.00391921633855, -0.00104134215508], [0.00121987739112, -0.00564308557659, 0.00267149414867, -0.00225134729408, 0.00387505069375, -0.0063065867871, 0.0142931090668, -0.00434724241495, 0.00181572395377, -0.00348197272979, 0.00274328212254, -0.003953918349, 0.00390201038681], [-0.00129079387989, 0.00374788837507, -0.00292596267536, 0.00303872139193, -0.00173054274637, 0.00371735030785, -0.00434724241495, 0.0118408212438, -0.00405238708481, 0.00164528796449, -0.000992651446722, 0.00107802369166, -0.00456829974428], [0.00114126515109, -0.00469280406833, 0.00222232355736, -0.00555433891714, 0.00557552231476, -0.00234661065042, 0.00181572395377, -0.00405238708481, 0.0172082688659, -0.00506870122626, 0.000769494334236, -0.00453137187287, 0.00139460514765], [-0.0012894392712, 0.00416509341449, -0.00237911799923, 0.00564492540434, -0.00550622632727, 0.00135493197013, -0.00348197272979, 0.00164528796449, -0.00506870122626, 0.0159985683858, -0.00295298430137, 0.00283897621557, -0.00368272070773], [0.000460299226688, -0.00416466128081, 0.000573133816943, -0.00255266064778, 0.00474786618724, -0.00195300939959, 0.00274328212254, -0.000992651446722, 0.000769494334236, -0.00295298430137, 0.0148668326437, -0.00716707389802, -0.00276502245106], [-0.000723923032638, 0.0054354313761, -0.00269120698795, 0.00304630328901, -0.00365458684973, 0.00391921633855, -0.003953918349, 0.00107802369166, -0.00453137187287, 0.00283897621557, -0.00716707389802, 0.0171353444457, -0.00132938870229], [0.0016444089124, -0.00127289700322, 0.00316160335205, -0.00251031597145, 0.00188092584722, -0.00104134215508, 0.00390201038681, -0.00456829974428, 0.00139460514765, -0.00368272070773, -0.00276502245106, -0.00132938870229, 0.016619130969]]
    },
    "melbands": {
        "dmean": [0.000205335716601, 0.000552421319298, 0.000535176252015, 0.000971442321315, 0.000574622943532, 0.000291044154437, 0.000127908599097, 0.000106275292637, 8.73326789588e-05, 0.000111069137347, 0.000112679867016, 5.26149633515e-05, 6.01234387432e-05, 2.80218519038e-05, 2.32569491345e-05, 1.54515564645e-05, 2.47438456427e-05, 1.07021287477e-05, 1.3752473933e-05, 1.19444512166e-05, 6.15577118879e-06, 5.38085760127e-06, 6.9974098551e-06, 5.01342674397e-06, 2.52809650192e-06, 1.17140280054e-06, 1.75521199708e-06, 7.47907563436e-07, 6.23441678727e-07, 4.52025687991e-07, 4.10834189779e-07, 3.95580428858e-07, 2.45758030815e-07, 2.46846184382e-07, 5.9399917518e-07, 5.47921217731e-07, 3.8828662241e-07, 3.13063253543e-07, 5.31509499524e-07, 3.77631494075e-07],
        "dmean2": [0.000296120357234, 0.000823861337267, 0.000882729364093, 0.00164663232863, 0.00091355870245, 0.000432468397776, 0.000190797305549, 0.000162983473274, 0.000120841606986, 0.000163630305906, 0.00016669674369, 7.06368737156e-05, 9.08224101295e-05, 4.02287550969e-05, 3.43129759131e-05, 2.3486720238e-05, 3.84083214158e-05, 1.57268477778e-05, 2.00508529815e-05, 1.77029360202e-05, 9.06150944502e-06, 7.90856847743e-06, 1.08487138277e-05, 7.59478916734e-06, 3.95429833588e-06, 1.95817142412e-06, 2.86088197754e-06, 1.1771762729e-06, 9.59664816946e-07, 6.95651749538e-07, 6.40113341888e-07, 5.96553832111e-07, 3.55601002866e-07, 3.72251037106e-07, 9.80437334874e-07, 8.64524793087e-07, 5.88021976e-07, 4.73395118661e-07, 8.38332368858e-07, 5.3469506156e-07],
        "dvar": [2.21079275775e-07, 9.14438089694e-07, 7.68619031533e-07, 1.62662388448e-06, 4.96808468142e-07, 2.38117294771e-07, 8.11255560507e-08, 2.39889725862e-08, 4.68916958596e-08, 8.58048636587e-08, 9.36053723422e-08, 1.46883785135e-08, 2.55453098674e-08, 6.28143448367e-09, 4.468796444e-09, 2.20835461029e-09, 7.24341520097e-09, 7.47652606492e-10, 1.82379433777e-09, 6.15073492138e-10, 3.79109049709e-10, 1.22739485242e-10, 2.293896878e-10, 1.33092370458e-10, 5.40497195611e-11, 1.59109513759e-11, 2.39056968665e-10, 5.40442473759e-12, 1.41839545751e-12, 9.12303219081e-13, 1.04663229038e-12, 8.26583376398e-13, 4.87229180612e-13, 5.35391988989e-13, 7.03246618924e-12, 7.4004509118e-12, 1.23439355525e-12, 7.15825185585e-13, 2.49953942093e-12, 1.98031760261e-12],
        "dvar2": [3.42539266285e-07, 1.76118692252e-06, 2.29125430451e-06, 5.02397915625e-06, 1.18390539683e-06, 5.35688172931e-07, 1.963821461e-07, 5.39490798701e-08, 8.56875246313e-08, 1.63187593216e-07, 2.09256128869e-07, 2.45001636756e-08, 5.48351941632e-08, 1.20215686295e-08, 1.14907008353e-08, 4.59032012401e-09, 1.59880340078e-08, 1.39849054559e-09, 3.44560735499e-09, 1.06515618548e-09, 7.22967241629e-10, 2.41378750321e-10, 5.33994182206e-10, 2.3514665215e-10, 1.55237642185e-10, 4.6073169585e-11, 5.80285097751e-10, 1.30108345972e-11, 3.22903249278e-12, 1.88277453524e-12, 2.40710359631e-12, 1.54244054595e-12, 8.70259430925e-13, 1.17124951231e-12, 1.84424038541e-11, 1.92570352026e-11, 2.64890887003e-12, 1.32789775269e-12, 5.9041491314e-12, 2.98141828066e-12],
        "max": [0.0137748345733, 0.0233108662069, 0.0101739829406, 0.0126592162997, 0.0097774900496, 0.00942015275359, 0.00561264948919, 0.00219595432281, 0.00520601635799, 0.00572074670345, 0.00576317962259, 0.00284155132249, 0.0041133207269, 0.00150025740732, 0.00142263690941, 0.0010261782445, 0.00179751566611, 0.000559211301152, 0.00113856128883, 0.00052055879496, 0.000605340581387, 0.000274442398222, 0.000331262883265, 0.000291981181363, 0.000161681964528, 9.93654248305e-05, 0.000448672421044, 5.44334216102e-05, 2.21726004384e-05, 2.01147322514e-05, 2.37742897298e-05, 1.67079597304e-05, 1.15843567983e-05, 1.48517019625e-05, 4.65373595944e-05, 7.60586990509e-05, 3.02617045236e-05, 1.76393350557e-05, 4.14026981161e-05, 5.31049445271e-05],
        "mean": [0.000400290329708, 0.00123211159371, 0.00123785214964, 0.00227769301273, 0.00142700457945, 0.00103081029374, 0.000537541811354, 0.000293473625788, 0.0002534466621, 0.000320309278322, 0.000246272364166, 0.000130225831526, 0.000119458665722, 7.04829071765e-05, 5.05549251102e-05, 3.8708854845e-05, 5.92313626839e-05, 2.35788102145e-05, 2.9037859349e-05, 2.65473117906e-05, 1.25341657622e-05, 1.31639935717e-05, 1.44399255078e-05, 1.10655764729e-05, 5.00513215229e-06, 2.37791891777e-06, 2.61760283138e-06, 1.50362870954e-06, 1.37954828006e-06, 9.2830180165e-07, 8.463716199e-07, 8.5142221451e-07, 4.80772257561e-07, 4.24695429047e-07, 8.12864186628e-07, 9.31906640744e-07, 7.6543153682e-07, 6.6465264581e-07, 9.59957105806e-07, 7.52023481709e-07],
        "median": [0.000142440854688, 0.000705541227944, 0.000793281069491, 0.00170265196357, 0.00102667347528, 0.000449358456535, 0.000139493320603, 0.000168090118677, 6.36463009869e-05, 9.62952835835e-05, 7.77875975473e-05, 5.31730329385e-05, 4.02845471399e-05, 1.61996122188e-05, 2.17460328713e-05, 9.1163401521e-06, 9.34097806748e-06, 1.06877623693e-05, 1.18519637908e-05, 1.54845001816e-05, 5.15199235451e-06, 5.79605921303e-06, 6.67718904879e-06, 4.83457733935e-06, 2.54931205745e-06, 1.68143117207e-06, 1.27839689412e-06, 6.607382943e-07, 4.91880825848e-07, 3.54025019078e-07, 3.76459951212e-07, 3.49533451072e-07, 1.50980028479e-07, 1.71543803162e-07, 1.74568157263e-07, 1.9738654089e-07, 1.9457118583e-07, 2.62589622935e-07, 4.11570454162e-07, 3.09511193564e-07],
