{
"highlevel": {
    "danceability": {
        "all": {
            "danceable": 0.999995231628,
            "not_danceable": 4.75962406199e-06
        },
        "probability": 0.999995231628,
        "value": "danceable"
    },
    "gender": {
        "all": {
            "female": 0.691096305847,
            "male": 0.308903694153
        },
        "probability": 0.691096305847,
        "value": "female"
    },
    "genre_dortmund": {
        "all": {
            "alternative": 0.0876160785556,
            "blues": 0.0945639908314,
            "electronic": 0.116812258959,
            "folkcountry": 0.145468711853,
            "funksoulrnb": 0.0162350162864,
            "jazz": 0.0590161792934,
            "pop": 0.2146178931,
            "raphiphop": 0.187206238508,
            "rock": 0.0784636363387
        },
        "probability": 0.2146178931,
        "value": "pop"
    },
    "genre_electronic": {
        "all": {
            "ambient": 0.10629748553,
            "dnb": 0.101564630866,
            "house": 0.164084717631,
            "techno": 0.0418164879084,
            "trance": 0.586236655712
        },
        "probability": 0.586236655712,
        "value": "trance"
    },
    "genre_rosamerica": {
        "all": {
            "cla": 0.00130306766368,
            "dan": 0.626096904278,
            "hip": 0.0513279475272,
            "jaz": 0.00158598565031,
            "pop": 0.213789269328,
            "rhy": 0.0845757201314,
            "roc": 0.0201695468277,
            "spe": 0.00115156709217
        },
        "probability": 0.626096904278,
        "value": "dan"
    },
    "genre_tzanetakis": {
        "all": {
            "blu": 0.07593434304,
            "cla": 0.0337142795324,
            "cou": 0.0606776997447,
            "dis": 0.0505694411695,
            "hip": 0.151736244559,
            "jaz": 0.303671628237,
            "met": 0.0607067197561,
            "pop": 0.060691729188,
            "reg": 0.0505727082491,
            "roc": 0.151725202799
        },
        "probability": 0.303671628237,
        "value": "jaz"
    },
    "ismir04_rhythm": {
        "all": {
            "ChaChaCha": 0.55656093359,
            "Jive": 0.0451585203409,
            "Quickstep": 0.0282971728593,
            "Rumba-American": 0.0265161488205,
            "Rumba-International": 0.187057003379,
            "Rumba-Misc": 0.0167740564793,
            "Samba": 0.114164665341,
            "Tango": 0.00914871040732,
            "VienneseWaltz": 0.00928004365414,
            "Waltz": 0.00704276468605
        },
        "probability": 0.55656093359,
        "value": "ChaChaCha"
    },
    "mood_acoustic": {
        "all": {
            "acoustic": 0.00988877285272,
            "not_acoustic": 0.990111231804
        },
        "probability": 0.990111231804,
        "value": "not_acoustic"
    },
    "mood_aggressive": {
        "all": {
            "aggressive": 2.52651557275e-06,
            "not_aggressive": 0.999997496605
        },
        "probability": 0.999997496605,
        "value": "not_aggressive"
    },
    "mood_electronic": {
        "all": {
            "electronic": 0.720183134079,
            "not_electronic": 0.279816865921
        },
        "probability": 0.720183134079,
        "value": "electronic"
    },
    "mood_happy": {
        "all": {
            "happy": 0.583179473877,
            "not_happy": 0.416820526123
        },
        "probability": 0.583179473877,
        "value": "happy"
    },
    "mood_party": {
        "all": {
            "not_party": 0.318945378065,
            "party": 0.681054592133
        },
        "probability": 0.681054592133,
        "value": "party"
    },
    "mood_relaxed": {
        "all": {
            "not_relaxed": 0.890364170074,
            "relaxed": 0.109635807574
        },
        "probability": 0.890364170074,
        "value": "not_relaxed"
    },
    "mood_sad": {
        "all": {
            "not_sad": 0.832741737366,
            "sad": 0.167258247733
        },
        "probability": 0.832741737366,
        "value": "not_sad"
    },
    "moods_mirex": {
        "all": {
            "Cluster1": 0.268735557795,
            "Cluster2": 0.103489309549,
            "Cluster3": 0.17563816905,
            "Cluster4": 0.0917911231518,
            "Cluster5": 0.360345840454
        },
        "probability": 0.360345840454,
        "value": "Cluster5"
    },
    "timbre": {
        "all": {
            "bright": 0.925801098347,
            "dark": 0.0741988793015
        },
        "probability": 0.925801098347,
        "value": "bright"
    },
    "tonal_atonal": {
        "all": {
            "atonal": 0.180116176605,
            "tonal": 0.819883823395
        },
        "probability": 0.819883823395,
        "value": "tonal"
    },
    "voice_instrumental": {
        "all": {
            "instrumental": 0.0152368647978,
            "voice": 0.984763145447
        },
        "probability": 0.984763145447,
        "value": "voice"
    }
},
"lowlevel": {
    "average_loudness": 0.983889818192,
    "barkbands_crest": {
        "dmean": 3.11927247047,
        "dmean2": 4.73562049866,
        "dvar": 9.38745307922,
        "dvar2": 23.7444019318,
        "max": 26.5562763214,
        "mean": 16.7427787781,
        "median": 16.9479122162,
        "min": 2.94082641602,
        "var": 18.6486663818
    },
    "barkbands_flatness_db": {
        "dmean": 0.0504925660789,
        "dmean2": 0.0729712843895,
        "dvar": 0.00255885743536,
        "dvar2": 0.00567498058081,
        "max": 0.42149963975,
        "mean": 0.208597064018,
        "median": 0.206599339843,
        "min": 0.0493174903095,
        "var": 0.00572867970914
    },
    "barkbands_kurtosis": {
        "dmean": 15.9544448853,
        "dmean2": 23.0397777557,
        "dvar": 1210.50598145,
        "dvar2": 2425.02026367,
        "max": 502.365661621,
        "mean": 19.9138565063,
        "median": 5.46111965179,
        "min": -1.72987532616,
        "var": 2076.5859375
    },
    "barkbands_skewness": {
        "dmean": 1.38256347179,
        "dmean2": 1.93627679348,
        "dvar": 2.72226381302,
        "dvar2": 5.40319776535,
        "max": 21.6296844482,
        "mean": 3.16520857811,
        "median": 2.34848403931,
        "min": -0.344218075275,
        "var": 6.8448638916
    },
    "barkbands_spread": {
        "dmean": 15.5031824112,
        "dmean2": 24.8531932831,
        "dvar": 314.097320557,
        "dvar2": 808.527099609,
        "max": 103.411155701,
        "mean": 24.578666687,
        "median": 18.3302593231,
        "min": 0.591198205948,
        "var": 425.994354248
    },
    "dissonance": {
        "dmean": 0.0259595792741,
        "dmean2": 0.0436451286077,
        "dvar": 0.000585031986702,
        "dvar2": 0.00149495864753,
        "max": 0.49898815155,
        "mean": 0.461110413074,
        "median": 0.468825191259,
        "min": 0.343343257904,
        "var": 0.000891483214218
    },
    "dynamic_complexity": 1.47774708271,
    "erbbands_crest": {
        "dmean": 4.57100296021,
        "dmean2": 7.45695734024,
        "dvar": 16.0563545227,
        "dvar2": 41.6032104492,
        "max": 29.3150291443,
        "mean": 11.428689003,
        "median": 10.1118879318,
        "min": 2.71459937096,
        "var": 32.493183136
    },
    "erbbands_flatness_db": {
        "dmean": 0.0270494166762,
        "dmean2": 0.0423863939941,
        "dvar": 0.000629094662145,
        "dvar2": 0.0015021947911,
        "max": 0.268998354673,
        "mean": 0.13746483624,
        "median": 0.133104473352,
        "min": 0.0583577230573,
        "var": 0.00175776379183
    },
    "erbbands_kurtosis": {
        "dmean": 1.56736111641,
        "dmean2": 2.55374884605,
        "dvar": 8.15722560883,
        "dvar2": 19.7423439026,
        "max": 53.8586730957,
        "mean": 0.556768536568,
        "median": -0.132220029831,
        "min": -1.90256106853,
        "var": 9.68522930145
    },
    "erbbands_skewness": {
        "dmean": 0.605985105038,
        "dmean2": 0.947776019573,
        "dvar": 0.341683208942,
        "dvar2": 0.823401331902,
        "max": 5.96841716766,
        "mean": 0.338217407465,
        "median": 0.282772481441,
        "min": -2.78807067871,
        "var": 0.727892518044
    },
    "erbbands_spread": {
        "dmean": 19.9460792542,
        "dmean2": 31.3650035858,
        "dvar": 413.692626953,
        "dvar2": 1032.06311035,
        "max": 180.60168457,
        "mean": 55.703754425,
        "median": 50.3884315491,
        "min": 5.83384895325,
        "var": 904.417724609
    },
    "hfc": {
        "dmean": 37.4875564575,
        "dmean2": 62.5823974609,
        "dvar": 2357.71484375,
        "dvar2": 6292.85742188,
        "max": 243.551452637,
        "mean": 47.3570632935,
        "median": 28.2281970978,
        "min": 0.944416344166,
        "var": 2556.26245117
    },
    "melbands_crest": {
        "dmean": 3.03231215477,
        "dmean2": 4.77503299713,
        "dvar": 12.6971082687,
        "dvar2": 35.40051651,
        "max": 37.6435012817,
        "mean": 23.4786205292,
        "median": 23.2383842468,
        "min": 6.01522254944,
        "var": 28.7126083374
    },
    "melbands_flatness_db": {
        "dmean": 0.0571053214371,
        "dmean2": 0.0829844921827,
        "dvar": 0.00341286906041,
        "dvar2": 0.00790390744805,
        "max": 0.512830674648,
        "mean": 0.283641457558,
        "median": 0.282100051641,
        "min": 0.0542523600161,
        "var": 0.00771107058972
    },
    "melbands_kurtosis": {
        "dmean": 42.5508346558,
        "dmean2": 63.5378227234,
        "dvar": 7769.6796875,
        "dvar2": 17126.3417969,
        "max": 1315.45812988,
        "mean": 62.1706619263,
        "median": 23.3699111938,
        "min": -0.393440246582,
        "var": 12873.8535156
    },
    "melbands_skewness": {
        "dmean": 1.92041313648,
        "dmean2": 2.91992235184,
        "dvar": 5.5985827446,
        "dvar2": 12.2013149261,
        "max": 27.567401886,
        "mean": 5.3593993187,
        "median": 4.23875951767,
        "min": 0.625529408455,
        "var": 12.6020307541
    },
    "melbands_spread": {
        "dmean": 8.80843925476,
        "dmean2": 14.1694297791,
        "dvar": 96.1506576538,
        "dvar2": 232.988388062,
        "max": 99.0909347534,
        "mean": 14.9077768326,
        "median": 12.1274366379,
        "min": 0.261052429676,
        "var": 156.726760864
    },
    "pitch_salience": {
        "dmean": 0.0999060347676,
        "dmean2": 0.15879778564,
        "dvar": 0.012764477171,
        "dvar2": 0.0316723398864,
        "max": 0.826880156994,
        "mean": 0.381168395281,
        "median": 0.38427811861,
        "min": 0.053679831326,
        "var": 0.0175582710654
    },
    "silence_rate_20dB": {
        "dmean": 0,
        "dmean2": 0,
        "dvar": 0,
        "dvar2": 0,
        "max": 1,
        "mean": 1,
        "median": 1,
        "min": 1,
        "var": 0
    },
    "silence_rate_30dB": {
        "dmean": 0.0913312658668,
        "dmean2": 0.18280403316,
        "dvar": 0.0829892382026,
        "dvar2": 0.205157369375,
        "max": 1,
        "mean": 0.925754070282,
        "median": 1,
        "min": 0,
        "var": 0.0687344670296
    },
    "silence_rate_60dB": {
        "dmean": 0.00154798757285,
        "dmean2": 0.00309837330133,
        "dvar": 0.0015455809189,
        "dvar2": 0.00463790586218,
        "max": 1,
        "mean": 0.00077339517884,
        "median": 0,
        "min": 0,
        "var": 0.000772795290686
    },
    "spectral_centroid": {
        "dmean": 502.051330566,
        "dmean2": 783.52154541,
        "dvar": 229532.625,
        "dvar2": 569943.125,
        "max": 3957.55737305,
        "mean": 1310.64343262,
        "median": 1253.47143555,
        "min": 191.143585205,
        "var": 432169.125
    },
    "spectral_complexity": {
        "dmean": 7.3931889534,
        "dmean2": 11.7761421204,
        "dvar": 80.7106018066,
        "dvar2": 176.223388672,
        "max": 60,
        "mean": 15.8244390488,
        "median": 13,
        "min": 1,
        "var": 133.796600342
    },
    "spectral_decrease": {
        "dmean": 3.22113846707e-09,
        "dmean2": 4.75402117672e-09,
        "dvar": 1.29441540135e-17,
        "dvar2": 2.48815266511e-17,
        "max": -4.43195397049e-10,
        "mean": -1.94039593282e-08,
        "median": -2.06204529007e-08,
        "min": -3.61095722212e-08,
        "var": 3.62897138006e-17
    },
    "spectral_energy": {
        "dmean": 0.0132257221267,
        "dmean2": 0.0197751428932,
        "dvar": 0.000202569222893,
        "dvar2": 0.000405362690799,
        "max": 0.138512358069,
        "mean": 0.0775304436684,
        "median": 0.0822032466531,
        "min": 0.00306065450422,
        "var": 0.000579034327529
    },
    "spectral_energyband_high": {
        "dmean": 0.00359398359433,
        "dmean2": 0.00614170636982,
        "dvar": 2.61148470599e-05,
        "dvar2": 7.11692991899e-05,
        "max": 0.025899713859,
        "mean": 0.00319286808372,
        "median": 0.000851047865581,
        "min": 7.04418516762e-06,
        "var": 2.46025683737e-05
    },
    "spectral_energyband_low": {
        "dmean": 0.0114982714877,
        "dmean2": 0.0175292883068,
        "dvar": 0.000239534114371,
        "dvar2": 0.000535326485988,
        "max": 0.121503382921,
        "mean": 0.053441118449,
        "median": 0.0562100112438,
        "min": 3.02867510982e-06,
        "var": 0.000415852438891
    },
    "spectral_energyband_middle_high": {
        "dmean": 0.00462336651981,
        "dmean2": 0.00757285673171,
        "dvar": 3.27962261508e-05,
        "dvar2": 7.94659499661e-05,
        "max": 0.0434450507164,
        "mean": 0.00809210166335,
        "median": 0.00525522837415,
        "min": 1.42289445648e-05,
        "var": 6.59653742332e-05
    },
    "spectral_energyband_middle_low": {
        "dmean": 0.00822951458395,
        "dmean2": 0.0125922402367,
        "dvar": 0.000123404999613,
        "dvar2": 0.000332365598297,
        "max": 0.0853799432516,
        "mean": 0.0149306133389,
        "median": 0.0124988276511,
        "min": 7.36557703931e-05,
        "var": 0.000176089262823
    },
    "spectral_entropy": {
        "dmean": 0.40174677968,
        "dmean2": 0.599566698074,
        "dvar": 0.150322273374,
        "dvar2": 0.350101470947,
        "max": 8.81605052948,
        "mean": 7.61724948883,
        "median": 7.62392139435,
        "min": 5.26216888428,
        "var": 0.335967034101
    },
    "spectral_flux": {
        "dmean": 0.0457329116762,
        "dmean2": 0.0646990388632,
        "dvar": 0.00194663822185,
        "dvar2": 0.00342261348851,
        "max": 0.381042659283,
        "mean": 0.124768637121,
        "median": 0.108052134514,
        "min": 0.0184965822846,
        "var": 0.00500386767089
    },
    "spectral_kurtosis": {
        "dmean": 1.5887658596,
        "dmean2": 2.47815275192,
        "dvar": 2.52630925179,
        "dvar2": 6.12791061401,
        "max": 18.8150749207,
        "mean": 2.95619177818,
        "median": 2.53163766861,
        "min": -0.942386388779,
        "var": 5.85414457321
    },
    "spectral_rms": {
        "dmean": 0.00080875272397,
        "dmean2": 0.00121160864364,
        "dvar": 9.29860163978e-07,
        "dvar2": 1.907402293e-06,
        "max": 0.011624715291,
        "mean": 0.00854257587343,
        "median": 0.0089553501457,
        "min": 0.00172800594009,
        "var": 2.66370329882e-06
    },
    "spectral_rolloff": {
        "dmean": 1273.14135742,
        "dmean2": 2353.15771484,
        "dvar": 4493072,
        "dvar2": 12767526,
        "max": 10012.9394531,
        "mean": 1182.49328613,
        "median": 495.263671875,
        "min": 43.06640625,
        "var": 3531472.25
    },
    "spectral_skewness": {
        "dmean": 0.326870650053,
        "dmean2": 0.500304400921,
        "dvar": 0.0876921787858,
        "dvar2": 0.198056712747,
        "max": 3.33735442162,
        "mean": 1.38860952854,
        "median": 1.39312922955,
        "min": 0.142018437386,
        "var": 0.212678283453
    },
    "spectral_spread": {
        "dmean": 1475801.25,
        "dmean2": 2171740.5,
        "dvar": 2.5102605353e+12,
        "dvar2": 5.44471043277e+12,
        "max": 14686145,
        "mean": 6689933,
        "median": 6093575.5,
        "min": 2111308,
        "var": 6.67710075699e+12
    },
    "spectral_strongpeak": {
        "dmean": 0.165088266134,
        "dmean2": 0.278878420591,
        "dvar": 0.118260882795,
        "dvar2": 0.33185505867,
        "max": 5.18114519119,
        "mean": 0.562061071396,
        "median": 0.465747892857,
        "min": 0.0747043117881,
        "var": 0.104711793363
    },
    "zerocrossingrate": {
        "dmean": 0.018527854234,
        "dmean2": 0.0240464340895,
        "dvar": 0.000317961850669,
        "dvar2": 0.000486445176648,
        "max": 0.2724609375,
        "mean": 0.0486476160586,
        "median": 0.03759765625,
        "min": 0.00244140625,
        "var": 0.00122813996859
    },
    "barkbands": {
        "dmean": [0.00107501621824, 0.010706375353, 0.00432223267853, 0.00354914506897, 0.00396225089207, 0.000798417779151, 0.0011533399811, 0.000587671296671, 0.000901422288734, 0.00227417307906, 0.000707124534529, 0.000692332687322, 0.000433992390754, 0.000476831104606, 0.000655869196635, 0.000380531069823, 0.000570637173951, 0.00033691842691, 0.000258017913438, 0.000237813859712, 0.000255376042333, 0.00042466528248, 0.00072829273995, 0.000841581320856, 0.000723217555787, 0.000601039791945, 8.06975322121e-07],
        "dmean2": [0.00164851802401, 0.0171987116337, 0.00734576303512, 0.00539122195914, 0.00617110170424, 0.00139396754093, 0.00191230350174, 0.000976500159595, 0.00152401369996, 0.00380590511486, 0.00119359279051, 0.00120544561651, 0.00075863674283, 0.000831490615383, 0.00111683038995, 0.000667256128509, 0.000959221448284, 0.000537968357094, 0.00044459401397, 0.000401111057727, 0.000445343292085, 0.000737772963475, 0.00124153809156, 0.00147039280273, 0.00126573361922, 0.00100112415385, 1.48712570081e-06],
        "dvar": [5.27405472894e-06, 0.000225184063311, 0.000159884657478, 4.30951658927e-05, 3.42145940522e-05, 3.63889898836e-06, 5.49017886442e-06, 2.19667322199e-06, 2.66996289611e-06, 1.19725455079e-05, 3.75201216229e-06, 2.66288952844e-06, 9.78315028988e-07, 8.07948026704e-07, 1.22753567666e-06, 5.77223090659e-07, 8.198727528e-07, 3.11963901822e-07, 2.27579661782e-07, 1.10560414157e-07, 1.6101674305e-07, 3.32557874572e-07, 1.15897898922e-06, 1.82891642453e-06, 1.27582779896e-06, 8.89856096364e-07, 4.96988778256e-12],
        "dvar2": [9.26004122448e-06, 0.000559869455174, 0.000410138774896, 0.000102479236375, 7.64785800129e-05, 9.69311531662e-06, 1.42170838444e-05, 5.74558816879e-06, 6.75485080137e-06, 3.26404770021e-05, 1.03174033939e-05, 5.73402803639e-06, 2.51552455666e-06, 1.99333248929e-06, 3.17372655445e-06, 1.41437647017e-06, 2.22127982852e-06, 6.90021863647e-07, 5.98088149673e-07, 2.86666249849e-07, 4.13162752011e-07, 9.09654886527e-07, 3.16234036291e-06, 5.15661349709e-06, 3.47938475898e-06, 2.35002926274e-06, 1.41352858238e-11],
        "max": [0.0337107330561, 0.0872351303697, 0.0776374191046, 0.0744452625513, 0.0675604566932, 0.016309209168, 0.0296964701265, 0.0176858231425, 0.0266611836851, 0.0320161283016, 0.0304069761187, 0.0176322124898, 0.0079021025449, 0.0102632101625, 0.00956698134542, 0.00674576126039, 0.00857132021338, 0.00591459684074, 0.00503105344251, 0.00230190926231, 0.00262958160602, 0.00282599311322, 0.00545446295291, 0.00645624287426, 0.00555469142273, 0.00478456169367, 2.84045108856e-05],
        "mean": [0.00366698950529, 0.0448260270059, 0.00329858716577, 0.00465783895925, 0.0056563494727, 0.000668972556014, 0.00118476164062, 0.000623069819994, 0.00103314069565, 0.00364625896327, 0.000985382008366, 0.000598472019192, 0.000369187735487, 0.000475488050142, 0.000703940342646, 0.000340900733136, 0.000741238240153, 0.000432044209447, 0.000271126744337, 0.000284127192572, 0.000247482210398, 0.000368043460185, 0.000632098352071, 0.000695239054039, 0.00058988458477, 0.00053313083481, 5.11067355546e-07],
        "median": [0.000329755741404, 0.0498087480664, 0.000365532992873, 0.00140922295395, 0.00297718308866, 8.19657143438e-05, 0.000204501862754, 0.000131120250444, 0.000190415797988, 0.0014336038148, 0.000174026237801, 6.7521330493e-05, 4.75249617011e-05, 7.84096046118e-05, 0.000184313292266, 8.28182164696e-05, 0.000295523932436, 0.000167195728864, 0.000119224321679, 0.000143082783325, 9.68695021584e-05, 8.86204070412e-05, 0.000123195786728, 0.000134466390591, 0.000110907218186, 6.58443459542e-05, 5.44183276219e-09],
        "min": [3.70999542199e-09, 6.83674805657e-09, 1.75892992615e-07, 3.23791800838e-06, 1.58399543579e-05, 7.85692236605e-07, 6.81130813973e-07, 6.88888633249e-07, 1.77184119821e-06, 1.85856595181e-06, 6.70271560921e-07, 2.90839182071e-07, 1.63784989127e-07, 1.4352691835e-07, 2.39519920342e-07, 2.1236512282e-07, 1.21470782233e-06, 5.01638680817e-07, 1.45988724398e-06, 1.64087100529e-06, 1.63929905739e-06, 7.87575459071e-07, 1.07895641577e-06, 3.54287323034e-07, 3.95363173311e-07, 9.83829406831e-11, 8.7133624968e-12],
        "var": [4.64079384983e-05, 0.000342091079801, 0.000122297526104, 6.35469041299e-05, 5.87024151173e-05, 2.68952862825e-06, 5.70664769839e-06, 2.27306804845e-06, 4.22368793807e-06, 2.49271561188e-05, 7.09030791768e-06, 2.89587865154e-06, 8.83293978404e-07, 9.36299784371e-07, 1.43510044381e-06, 5.13598706675e-07, 1.18651428238e-06, 5.15841577453e-07, 1.99584860638e-07, 1.26850906668e-07, 1.4716394503e-07, 3.10856563601e-07, 1.08347205696e-06, 1.52589893787e-06, 1.08498477402e-06, 8.98217251688e-07, 3.04636329183e-12]
    },
    "erbbands": {
        "dmean": [0.333394557238, 2.50178313255, 4.86821556091, 8.04105854034, 15.4494895935, 11.5327854156, 5.9405207634, 6.48215961456, 12.7547769547, 17.5811405182, 13.877366066, 18.2097759247, 44.9127731323, 67.0205841064, 25.0062332153, 29.010345459, 20.3397006989, 22.8994903564, 38.0677871704, 25.1773757935, 21.2949085236, 24.590007782, 19.0621547699, 14.6352415085, 11.9692440033, 11.9653921127, 9.50782871246, 10.8633708954, 14.4149303436, 18.0814990997, 23.1124038696, 19.3447628021, 11.8693847656, 8.35576248169, 5.09667873383, 2.94231414795, 1.18206632137, 0.0645292624831, 0.00141345674638, 0.00010474048031],
        "dmean2": [0.522726237774, 3.99269652367, 7.59369850159, 12.7304296494, 23.4809246063, 17.9702091217, 10.2922029495, 11.3000688553, 21.5470657349, 28.097820282, 22.7807731628, 30.2335910797, 74.885848999, 110.742980957, 42.6385498047, 50.142578125, 34.6280860901, 39.0433158875, 64.8564682007, 44.0154304504, 36.4265098572, 41.268901825, 30.7986278534, 24.0396232605, 20.8964729309, 20.324426651, 16.1659526825, 19.1707668304, 25.1722583771, 30.8826007843, 39.8753433228, 34.140045166, 20.5744247437, 14.9223270416, 8.86986255646, 4.89237070084, 1.98059427738, 0.108677282929, 0.00236196350306, 0.000174038024852],
        "dvar": [0.220336064696, 15.6520986557, 167.279907227, 288.205993652, 472.008758545, 384.840087891, 190.723327637, 248.720199585, 651.420776367, 1422.93725586, 1242.62194824, 975.516845703, 7625.56982422, 13568.5283203, 2856.98901367, 5415.55175781, 1961.51452637, 1883.8293457, 4540.19189453, 2564.95776367, 1158.21032715, 1384.98083496, 971.254333496, 504.336212158, 401.325012207, 297.560119629, 234.030929565, 287.836761475, 377.054870605, 634.926452637, 1245.68566895, 1037.74169922, 335.744232178, 192.613418579, 61.5861968994, 20.6828327179, 3.62051963806, 0.011064982973, 4.971580438e-06, 2.20148610452e-08],
        "dvar2": [0.431666105986, 35.8605995178, 398.691345215, 763.611633301, 1000.55383301, 872.213134766, 526.279602051, 651.30456543, 1655.67333984, 3663.29003906, 3195.86425781, 2466.13427734, 18955.9199219, 39198.3789062, 7911.44384766, 10992.6904297, 4912.76513672, 4534.72363281, 11743.7880859, 6546.16259766, 3021.06933594, 3724.14990234, 2318.79345703, 1219.86169434, 1039.49682617, 773.99621582, 585.765808105, 771.370422363, 1024.55688477, 1721.52770996, 3439.99414062, 2943.18530273, 928.72833252, 546.985656738, 163.373565674, 53.9114608765, 9.69197654724, 0.0284689813852, 1.28729425342e-05, 5.85800705721e-08],
        "max": [4.2412314415, 24.1463336945, 89.4145355225, 117.862548828, 296.574981689, 180.042739868, 90.5404052734, 159.414916992, 316.877990723, 474.78503418, 488.055175781, 352.997009277, 975.048461914, 1108.86804199, 871.797851562, 874.854614258, 362.778167725, 550.646606445, 554.823547363, 444.542266846, 280.477355957, 357.341949463, 360.880981445, 206.778762817, 160.214324951, 120.348594666, 131.585647583, 130.964477539, 93.7675094604, 126.273376465, 179.043426514, 165.516906738, 89.0317840576, 68.9565887451, 46.1215591431, 23.5284996033, 9.6123085022, 0.553087770939, 0.0119531331584, 0.000925734522752],
        "mean": [1.70279443264, 8.34001541138, 5.94970464706, 9.58071041107, 22.152256012, 16.6510906219, 6.40651893616, 5.57808160782, 12.1671295166, 19.4291973114, 15.143242836, 21.2813873291, 76.7904663086, 109.279762268, 31.4765052795, 26.6194133759, 18.5835952759, 24.613735199, 39.8021278381, 25.1689548492, 23.1645011902, 32.3019981384, 26.6413955688, 17.2963199615, 13.9355268478, 13.9087152481, 10.5509719849, 9.69007301331, 12.314827919, 15.809296608, 19.5155696869, 15.4419755936, 10.2881593704, 6.56873464584, 4.19592285156, 2.67081165314, 1.0128480196, 0.0563629753888, 0.00126437307335, 0.00016597447393],
        "median": [1.44403290749, 9.16578674316, 3.21450352669, 3.19994068146, 12.4491968155, 6.1684627533, 1.30553758144, 0.959948897362, 1.6317179203, 3.90197300911, 3.28904509544, 5.44130754471, 26.1785678864, 32.5765647888, 8.63211917877, 3.53495359421, 3.02410650253, 5.00379085541, 10.8046169281, 6.3359746933, 5.88903856277, 15.5212059021, 12.2853946686, 6.95750665665, 6.95316934586, 6.56015300751, 4.64851284027, 2.92442893982, 3.12692213058, 3.89384579659, 3.4972615242, 2.96247816086, 2.04558968544, 1.29921162128, 0.693254232407, 0.362377405167, 0.0979086831212, 0.0052882861346, 0.000168514845427, 0.000106424457044],
        "min": [3.80548704015e-06, 7.03918849467e-05, 0.00167003797833, 0.0409832634032, 0.0625697374344, 0.0470405109227, 0.0143043911085, 0.00709423748776, 0.0108893653378, 0.01161579974, 0.0294394791126, 0.044950183481, 0.0639874190092, 0.0455393977463, 0.0474759154022, 0.031013906002, 0.0128734977916, 0.00989120732993, 0.0128539772704, 0.0109815718606, 0.0271993279457, 0.0643851682544, 0.0496211051941, 0.0549818091094, 0.0877619534731, 0.0809239521623, 0.0700223147869, 0.0640854910016, 0.0363848954439, 0.0263356287032, 0.0291982796043, 0.0152638023719, 0.00241203210317, 0.00324733462185, 0.00399448163807, 0.000338454468874, 3.01373420371e-05, 3.88183661926e-06, 6.32547107671e-06, 6.82223299009e-06],
        "var": [1.08726501465, 23.7781829834, 156.164733887, 280.542449951, 894.893554688, 693.204162598, 165.046829224, 192.101547241, 643.09967041, 1637.74597168, 1410.59082031, 1407.99169922, 18795.6796875, 27940.8007812, 4035.89916992, 6304.88867188, 1928.40600586, 2433.15698242, 5084.25488281, 2387.22705078, 1449.39147949, 1873.2956543, 1442.61218262, 624.450866699, 369.663391113, 328.587432861, 241.776199341, 238.171768188, 345.025238037, 617.21875, 1110.7869873, 826.920410156, 297.380279541, 148.197967529, 54.4322547913, 21.2772674561, 3.53660345078, 0.0109944557771, 5.00690839544e-06, 2.36989308178e-08]
    },
    "gfcc": {
        "mean": [34.0725898743, 63.5793075562, -82.1862716675, 47.3113861084, -42.6420402527, 38.4707870483, -26.1692523956, 29.3030071259, -23.8069801331, -1.19610273838, -24.1945533752, 4.40174341202, -6.52065563202],
        "cov": [[3922.00073242, -1052.84228516, -405.991577148, -551.682922363, -399.569610596, 266.633148193, -287.558166504, -36.6305198669, -44.5172920227, 301.96975708, 15.8369865417, 362.867401123, -123.899154663], [-1052.84228516, 1410.19152832, -294.647094727, 116.463272095, 310.817718506, -266.446258545, 211.78855896, 8.49301815033, 110.868469238, -57.2085494995, 117.644165039, -150.84413147, 212.947387695], [-405.991577148, -294.647094727, 1012.03619385, 139.83102417, -48.152256012, 192.307800293, -72.955291748, -69.4167022705, -4.13636112213, 31.5409545898, -28.1513881683, 51.4437446594, -162.572097778], [-551.682922363, 116.463272095, 139.83102417, 381.537963867, 160.418685913, 56.4496917725, 97.9566116333, -21.9160995483, 40.2616424561, -48.3967552185, 25.8159065247, -69.056137085, 45.1263465881], [-399.569610596, 310.817718506, -48.152256012, 160.418685913, 601.7734375, 302.672302246, 338.573913574, 133.750732422, 95.8633956909, -59.7979469299, -34.2746353149, 57.524887085, 140.806518555], [266.633148193, -266.446258545, 192.307800293, 56.4496917725, 302.672302246, 481.370147705, 226.995834351, 90.9711608887, 74.4556503296, 3.88135910034, -34.6568565369, 127.209220886, 36.7697410583], [-287.558166504, 211.78855896, -72.955291748, 97.9566116333, 338.573913574, 226.995834351, 342.511749268, 141.107315063, 82.5104980469, -44.2290420532, -20.2673950195, 34.6730194092, 117.212112427], [-36.6305198669, 8.49301815033, -69.4167022705, -21.9160995483, 133.750732422, 90.9711608887, 141.107315063, 199.673324585, 62.7570762634, -39.6830635071, -37.5216293335, 19.4968128204, 54.6669960022], [-44.5172920227, 110.868469238, -4.13636112213, 40.2616424561, 95.8633956909, 74.4556503296, 82.5104980469, 62.7570762634, 153.604675293, 59.1786155701, 47.2642974854, 7.41088962555, 20.3042488098], [301.96975708, -57.2085494995, 31.5409545898, -48.3967552185, -59.7979469299, 3.88135910034, -44.2290420532, -39.6830635071, 59.1786155701, 186.266845703, 90.2346878052, 36.0078926086, -61.9971885681], [15.8369865417, 117.644165039, -28.1513881683, 25.8159065247, -34.2746353149, -34.6568565369, -20.2673950195, -37.5216293335, 47.2642974854, 90.2346878052, 147.939590454, 25.5895233154, 14.9833860397], [362.867401123, -150.84413147, 51.4437446594, -69.056137085, 57.524887085, 127.209220886, 34.6730194092, 19.4968128204, 7.41088962555, 36.0078926086, 25.5895233154, 193.428756714, 49.9804267883], [-123.899154663, 212.947387695, -162.572097778, 45.1263465881, 140.806518555, 36.7697410583, 117.212112427, 54.6669960022, 20.3042488098, -61.9971885681, 14.9833860397, 49.9804267883, 196.545028687]],
        "icov": [[0.000764417345636, -0.000329174421495, 0.00087094277842, -0.000192404477275, 0.000932840863243, -0.00165626197122, 0.0012352229096, -0.000489397847559, 0.000444351113401, -0.00123588030692, 0.00105798884761, -0.00140347122215, 0.000484634976601], [-0.000329174421495, 0.00336766149849, -0.00132081017364, 0.00224901293404, -0.00314480438828, 0.00469269603491, -0.00321548944339, 0.00270035024732, -0.00233801547438, 0.00192105874885, -0.00341730075888, 0.00342978350818, -0.00268767517991], [0.00087094277842, -0.00132081017364, 0.00291081913747, -0.00193004636094, 0.00220239092596, -0.00384600041434, 0.00268418248743, -0.00117602862883, 0.000949766603298, -0.00155145791359, 0.00247690430842, -0.00341155845672, 0.00279015535489], [-0.000192404477275, 0.00224901293404, -0.00193004636094, 0.00633367383853, -0.00317337037995, 0.00306496117264, -0.00292695849203, 0.00353310909122, -0.0024138877634, 0.002907916205, -0.00431220326573, 0.00485289376229, -0.00288446387276], [0.000932840863243, -0.00314480438828, 0.00220239092596, -0.00317337037995, 0.00800227280706, -0.00656668422744, 0.000923441431951, -0.00250721536577, 0.00160615786444, -0.00256145559251, 0.00482694990933, -0.00464205769822, 0.00202643475495], [-0.00165626197122, 0.00469269603491, -0.00384600041434, 0.00306496117264, -0.00656668422744, 0.0135651007295, -0.00832314882427, 0.00442489283159, -0.00455295387655, 0.0041140136309, -0.0045855101198, 0.00373812555335, -0.00294675375335], [0.0012352229096, -0.00321548944339, 0.00268418248743, -0.00292695849203, 0.000923441431951, -0.00832314882427, 0.0138179548085, -0.00614800676703, 0.00225900462829, -0.00350208114833, 0.00397033896297, -0.00339336087927, 0.000741967698559], [-0.000489397847559, 0.00270035024732, -0.00117602862883, 0.00353310909122, -0.00250721536577, 0.00442489283159, -0.00614800676703, 0.0117219528183, -0.00619265716523, 0.00413610646501, -0.00110540958121, 0.00255278102122, -0.00226415973157], [0.000444351113401, -0.00233801547438, 0.000949766603298, -0.0024138877634, 0.00160615786444, -0.00455295387655, 0.00225900462829, -0.00619265716523, 0.0138711826876, -0.00629898067564, -0.000121606171888, -0.000631210568827, 0.000979299191386], [-0.00123588030692, 0.00192105874885, -0.00155145791359, 0.002907916205, -0.00256145559251, 0.0041140136309, -0.00350208114833, 0.00413610646501, -0.00629898067564, 0.0152692617849, -0.00909920968115, 0.0013600520324, 0.00300708808936], [0.00105798884761, -0.00341730075888, 0.00247690430842, -0.00431220326573, 0.00482694990933, -0.0045855101198, 0.00397033896297, -0.00110540958121, -0.000121606171888, -0.00909920968115, 0.0175957772881, -0.00655295979232, 0.000215102976654], [-0.00140347122215, 0.00342978350818, -0.00341155845672, 0.00485289376229, -0.00464205769822, 0.00373812555335, -0.00339336087927, 0.00255278102122, -0.000631210568827, 0.0013600520324, -0.00655295979232, 0.0149410814047, -0.00740256905556], [0.000484634976601, -0.00268767517991, 0.00279015535489, -0.00288446387276, 0.00202643475495, -0.00294675375335, 0.000741967698559, -0.00226415973157, 0.000979299191386, 0.00300708808936, 0.000215102976654, -0.00740256905556, 0.0132757211104]]
    },
    "melbands": {
        "dmean": [0.00290566496551, 0.00253250356764, 0.00160877103917, 0.000997410854325, 0.000251116289292, 0.000151902568177, 0.000215441104956, 0.000171209147084, 0.000115259441372, 0.000126736864331, 0.000232012054767, 0.000289171584882, 9.45078209043e-05, 8.03372968221e-05, 5.3082480008e-05, 4.25509897468e-05, 4.31142798334e-05, 6.2112660089e-05, 3.91676658182e-05, 3.11301264446e-05, 2.64303344011e-05, 2.61402783508e-05, 2.70493328571e-05, 1.64690227393e-05, 1.19531568998e-05, 9.56302028499e-06, 8.56419046613e-06, 7.67798883317e-06, 6.12197027294e-06, 5.63979074286e-06, 6.60032901578e-06, 6.71860880175e-06, 1.09601114673e-05, 1.00167553683e-05, 1.2003003576e-05, 1.72568379639e-05, 8.9159620984e-06, 6.66068353894e-06, 1.01890227597e-05, 6.0832426243e-06],
        "dmean2": [0.00462777866051, 0.00372999045067, 0.00247678207234, 0.00155528320465, 0.000417364848545, 0.000264736183453, 0.000361606042134, 0.000273759738775, 0.00019164357218, 0.000212889412069, 0.000386185362004, 0.000476852757856, 0.00016024208162, 0.000140262302011, 8.86458656169e-05, 7.39693641663e-05, 7.27988444851e-05, 0.000106731247797, 6.75969058648e-05, 5.50383665541e-05, 4.4674558012e-05, 4.43550670752e-05, 4.42784476036e-05, 2.62149060291e-05, 1.99081405299e-05, 1.68158439919e-05, 1.44841060319e-05, 1.32184622998e-05, 1.04098799056e-05, 9.87667954178e-06, 1.17456183943e-05, 1.18652160381e-05, 1.9081409846e-05, 1.70833409356e-05, 2.07491739275e-05, 3.01137224596e-05, 1.57190279424e-05, 1.13319265438e-05, 1.80329170689e-05, 1.09784814413e-05],
        "dvar": [1.37518400152e-05, 2.73192181339e-05, 7.87780936662e-06, 2.0787192625e-06, 2.83073859464e-07, 1.3278125266e-07, 1.86428309235e-07, 1.4000060844e-07, 7.96248968982e-08, 4.82102180399e-08, 1.90285263102e-07, 2.60617838421e-07, 6.58165006939e-08, 3.38342864836e-08, 1.67886131663e-08, 7.99365285076e-09, 7.42713579527e-09, 1.25195267486e-08, 4.69966865424e-09, 4.62612526064e-09, 2.0285746416e-09, 1.72728797931e-09, 2.35562214179e-09, 9.81083214668e-10, 3.64968943956e-10, 3.42430112044e-10, 1.6225093491e-10, 1.27877500256e-10, 9.48248563004e-11, 8.65951685358e-11, 1.18220183642e-10, 9.1809199132e-11, 2.56581256242e-10, 1.97527272316e-10, 3.26910554183e-10, 8.29056323592e-10, 2.09176495569e-10, 9.18449136189e-11, 2.91536406127e-10, 1.0456700783e-10],
        "dvar2": [3.26265726471e-05, 5.77736609557e-05, 1.98242214537e-05, 4.69199358122e-06, 7.33992294499e-07, 3.47547654656e-07, 4.76118543702e-07, 3.65381538359e-07, 2.01920386189e-07, 1.22442742168e-07, 4.72773166393e-07, 7.52942071358e-07, 1.86506682098e-07, 7.55486340154e-08, 3.30672769167e-08, 2.08856256734e-08, 1.79123080812e-08, 3.31174021539e-08, 1.25134942408e-08, 1.1250166132e-08, 5.35302335791e-09, 4.67498662005e-09, 6.15058937115e-09, 2.04463734832e-09, 9.25500398541e-10, 9.30998000914e-10, 4.23812984707e-10, 3.32399885394e-10, 2.37617703291e-10, 2.28133789637e-10, 3.22503551642e-10, 2.46082876298e-10, 7.13575365463e-10, 5.32299815337e-10, 9.07424579921e-10, 2.30726615591e-09, 5.93207427624e-10, 2.46560549755e-10, 8.24000090383e-10, 2.97687013928e-10],
        "max": [0.026215005666, 0.0370574630797, 0.0247824173421, 0.0164944995195, 0.00388697325252, 0.00368785439059, 0.00559319928288, 0.00519901141524, 0.00378746725619, 0.00311406771652, 0.00476397993043, 0.00502928718925, 0.00431177578866, 0.00192836835049, 0.00132016546559, 0.000964829407167, 0.00126453314442, 0.00083006604109, 0.000505840522237, 0.0006372925709, 0.000493439030834, 0.000348675443092, 0.000594087236095, 0.000355424243025, 0.000177456342499, 0.000210931539186, 9.92330387817e-05, 9.91949127638e-05, 9.15896671358e-05, 8.75922196428e-05, 8.67734415806e-05, 5.97674697929e-05, 9.26061475184e-05, 7.20421521692e-05, 9.6698931884e-05, 0.000137501847348, 7.8141434642e-05, 4.71423009003e-05, 8.64624744281e-05, 5.37105515832e-05],
        "mean": [0.0140077378601, 0.00583420461044, 0.00212272093631, 0.00146775331814, 0.000311688607326, 0.000127422012156, 0.000209107223782, 0.000189702244825, 0.000118917232612, 0.000150836451212, 0.000391121662688, 0.000462638476165, 0.000123456236906, 6.90731612849e-05, 5.03336086695e-05, 3.79431548936e-05, 4.50933366665e-05, 6.22730949544e-05, 4.09695167036e-05, 2.76682130789e-05, 2.989427594e-05, 3.2513129554e-05, 3.59607183782e-05, 2.06013482966e-05, 1.29907384689e-05, 9.97973802441e-06, 1.00654588095e-05, 8.63114746608e-06, 6.96280221746e-06, 5.27892188984e-06, 5.61484966966e-06, 5.7726583691e-06, 9.13137137104e-06, 8.79140316101e-06, 1.02495341707e-05, 1.37054958032e-05, 7.34353625376e-06, 6.10362440057e-06, 8.25858387543e-06, 4.61812533104e-06],
        "median": [0.0149008063599, 0.00479880347848, 0.00100877415389, 0.000887024041731, 4.82767318317e-05, 1.5297495338e-05, 3.26242334268e-05, 4.34197754657e-05, 1.91714407265e-05, 2.89794679702e-05, 0.000134404297569, 0.000120371078083, 2.51930541708e-05, 8.48795843922e-06, 6.41720862404e-06, 4.91753507958e-06, 6.77443449604e-06, 1.58351940627e-05, 1.10812561616e-05, 5.31075147592e-06, 4.95356061947e-06, 1.26985296447e-05, 1.19876822282e-05, 6.02453337706e-06, 5.0876988098e-06, 4.59216562376e-06, 4.41992779088e-06, 4.08984487876e-06, 3.1465608572e-06, 1.7973507056e-06, 1.57830424996e-06, 1.46172931181e-06, 1.8719573518e-06, 2.13676321437e-06, 2.04205525733e-06, 1.62556864325e-06, 1.50883010974e-06, 1.35189873163e-06, 1.3541697399e-06, 8.79535718923e-07],
        "min": [2.64238808612e-09, 5.99643925625e-08, 3.45612033925e-06, 5.79481093155e-06, 1.9935710327e-07, 9.95297924078e-08, 1.51699538264e-07, 1.12982696976e-07, 1.31053724317e-07, 2.20603354251e-07, 3.20166719803e-07, 1.74791026097e-07, 1.05644069492e-07, 4.43446062093e-08, 4.73482870689e-08, 2.28620571363e-08, 1.33172592953e-08, 2.0162644887e-08, 1.45084149139e-08, 1.26894796892e-08, 2.93142541352e-08, 6.95842956588e-08, 5.52354428862e-08, 2.96091933194e-08, 4.18236716371e-08, 4.89183236141e-08, 5.30834292078e-08, 5.15598586048e-08, 4.86816880141e-08, 2.22256915094e-08, 1.52163548428e-09, 2.02371719382e-08, 8.55314485904e-09, 1.66897091702e-08, 1.71685581307e-08, 8.37233660178e-09, 7.15827441766e-09, 6.97175928099e-10, 1.06634883215e-12, 4.1872599138e-12],
