{
"highlevel": {
    "danceability": {
        "all": {
            "danceable": 0.998894870281,
            "not_danceable": 0.00110512773972
        },
        "probability": 0.998894870281,
        "value": "danceable"
    },
    "gender": {
        "all": {
            "female": 0.992388606071,
            "male": 0.00761141907424
        },
        "probability": 0.992388606071,
        "value": "female"
    },
    "genre_dortmund": {
        "all": {
            "alternative": 0.06827390939,
            "blues": 0.0158554315567,
            "electronic": 0.403486162424,
            "folkcountry": 0.0439719110727,
            "funksoulrnb": 0.0552980937064,
            "jazz": 0.071579515934,
            "pop": 0.057781919837,
            "raphiphop": 0.224882617593,
            "rock": 0.0588704459369
        },
        "probability": 0.403486162424,
        "value": "electronic"
    },
    "genre_electronic": {
        "all": {
            "ambient": 0.245290309191,
            "dnb": 0.201234132051,
            "house": 0.342641890049,
            "techno": 0.0241995938122,
            "trance": 0.186634078622
        },
        "probability": 0.342641890049,
        "value": "house"
    },
    "genre_rosamerica": {
        "all": {
            "cla": 0.0285456161946,
            "dan": 0.31907749176,
            "hip": 0.308263629675,
            "jaz": 0.0219203140587,
            "pop": 0.190507680178,
            "rhy": 0.0880249217153,
            "roc": 0.0331691913307,
            "spe": 0.0104911653325
        },
        "probability": 0.31907749176,
        "value": "dan"
    },
    "genre_tzanetakis": {
        "all": {
            "blu": 0.0620671063662,
            "cla": 0.034474901855,
            "cou": 0.103433981538,
            "dis": 0.0620971247554,
            "hip": 0.15527240932,
            "jaz": 0.310666948557,
            "met": 0.044346679002,
            "pop": 0.0620793737471,
            "reg": 0.0620816536248,
            "roc": 0.103479810059
        },
        "probability": 0.310666948557,
        "value": "jaz"
    },
    "ismir04_rhythm": {
        "all": {
            "ChaChaCha": 0.212452188134,
            "Jive": 0.0493483655155,
            "Quickstep": 0.0808129757643,
            "Rumba-American": 0.0242099128664,
            "Rumba-International": 0.0437842197716,
            "Rumba-Misc": 0.0150657724589,
            "Samba": 0.144868969917,
            "Tango": 0.321620047092,
            "VienneseWaltz": 0.0643249303102,
            "Waltz": 0.043512608856
        },
        "probability": 0.321620047092,
        "value": "Tango"
    },
    "mood_acoustic": {
        "all": {
            "acoustic": 0.00864742975682,
            "not_acoustic": 0.991352558136
        },
        "probability": 0.991352558136,
        "value": "not_acoustic"
    },
    "mood_aggressive": {
        "all": {
            "aggressive": 0.116315037012,
            "not_aggressive": 0.883684933186
        },
        "probability": 0.883684933186,
        "value": "not_aggressive"
    },
    "mood_electronic": {
        "all": {
            "electronic": 0.804444789886,
            "not_electronic": 0.195555225015
        },
        "probability": 0.804444789886,
        "value": "electronic"
    },
    "mood_happy": {
        "all": {
            "happy": 0.45879805088,
            "not_happy": 0.54120194912
        },
        "probability": 0.54120194912,
        "value": "not_happy"
    },
    "mood_party": {
        "all": {
            "not_party": 0.267841428518,
            "party": 0.732158541679
        },
        "probability": 0.732158541679,
        "value": "party"
    },
    "mood_relaxed": {
        "all": {
            "not_relaxed": 0.685362637043,
            "relaxed": 0.314637362957
        },
        "probability": 0.685362637043,
        "value": "not_relaxed"
    },
    "mood_sad": {
        "all": {
            "not_sad": 0.940021574497,
            "sad": 0.0599784292281
        },
        "probability": 0.940021574497,
        "value": "not_sad"
    },
    "moods_mirex": {
        "all": {
            "Cluster1": 0.186815917492,
            "Cluster2": 0.133546441793,
            "Cluster3": 0.385639756918,
            "Cluster4": 0.137770205736,
            "Cluster5": 0.156227678061
        },
        "probability": 0.385639756918,
        "value": "Cluster3"
    },
    "timbre": {
        "all": {
            "bright": 0.105131901801,
            "dark": 0.894868075848
        },
        "probability": 0.894868075848,
        "value": "dark"
    },
    "tonal_atonal": {
        "all": {
            "atonal": 0.285140126944,
            "tonal": 0.714859902859
        },
        "probability": 0.714859902859,
        "value": "tonal"
    },
    "voice_instrumental": {
        "all": {
            "instrumental": 0.0272269099951,
            "voice": 0.972773075104
        },
        "probability": 0.972773075104,
        "value": "voice"
    }
},
"lowlevel": {
    "average_loudness": 0.917246162891,
    "barkbands_crest": {
        "dmean": 3.44302010536,
        "dmean2": 5.07965993881,
        "dvar": 8.23408699036,
        "dvar2": 17.0010204315,
        "max": 25.1787166595,
        "mean": 11.1250143051,
        "median": 9.94194221497,
        "min": 2.70518493652,
        "var": 26.0202236176
    },
    "barkbands_flatness_db": {
        "dmean": 0.0293498858809,
        "dmean2": 0.0405001826584,
        "dvar": 0.000676390132867,
        "dvar2": 0.00120311055798,
        "max": 0.366437971592,
        "mean": 0.174381241202,
        "median": 0.169477447867,
        "min": 0.0486418791115,
        "var": 0.00482170563191
    },
    "barkbands_kurtosis": {
        "dmean": 2.94889998436,
        "dmean2": 4.36616945267,
        "dvar": 46.8145942688,
        "dvar2": 86.7676544189,
        "max": 141.080123901,
        "mean": 3.00325489044,
        "median": 0.763476610184,
        "min": -1.71505522728,
        "var": 75.0423583984
    },
    "barkbands_skewness": {
        "dmean": 0.639027893543,
        "dmean2": 0.945845603943,
        "dvar": 0.45954105258,
        "dvar2": 0.844976842403,
        "max": 10.4538593292,
        "mean": 1.3337444067,
        "median": 1.06981754303,
        "min": -1.39389777184,
        "var": 1.41280639172
    },
    "barkbands_spread": {
        "dmean": 6.67238426208,
        "dmean2": 10.2129983902,
        "dvar": 62.1610870361,
        "dvar2": 127.937149048,
        "max": 81.6500778198,
        "mean": 23.6342277527,
        "median": 18.9327793121,
        "min": 0.983781099319,
        "var": 260.942321777
    },
    "dissonance": {
        "dmean": 0.0221838839352,
        "dmean2": 0.037731423974,
        "dvar": 0.000381243327865,
        "dvar2": 0.001117965905,
        "max": 0.499997913837,
        "mean": 0.456922262907,
        "median": 0.462528705597,
        "min": 0.322275847197,
        "var": 0.000764524913393
    },
    "dynamic_complexity": 1.80536401272,
    "erbbands_crest": {
        "dmean": 3.02632331848,
        "dmean2": 4.87264537811,
        "dvar": 7.61964845657,
        "dvar2": 19.2127914429,
        "max": 26.4942893982,
        "mean": 9.69672870636,
        "median": 8.70353317261,
        "min": 2.72926449776,
        "var": 18.5714797974
    },
    "erbbands_flatness_db": {
        "dmean": 0.0186475627124,
        "dmean2": 0.0271231718361,
        "dvar": 0.000307959533529,
        "dvar2": 0.000600889441557,
        "max": 0.373661935329,
        "mean": 0.200585618615,
        "median": 0.175780147314,
        "min": 0.0827972739935,
        "var": 0.00545873912051
    },
    "erbbands_kurtosis": {
        "dmean": 0.805110991001,
        "dmean2": 1.26410031319,
        "dvar": 0.758430600166,
        "dvar2": 1.80661225319,
        "max": 7.26475715637,
        "mean": 0.0756462216377,
        "median": -0.274910211563,
        "min": -1.76105523109,
        "var": 1.70731449127
    },
    "erbbands_skewness": {
        "dmean": 0.384494811296,
        "dmean2": 0.609150707722,
        "dvar": 0.134342044592,
        "dvar2": 0.316509068012,
        "max": 2.3102722168,
        "mean": 0.396255582571,
        "median": 0.409757763147,
        "min": -1.48927760124,
        "var": 0.325009852648
    },
    "erbbands_spread": {
        "dmean": 7.93410921097,
        "dmean2": 11.9436969757,
        "dvar": 55.1649894714,
        "dvar2": 119.324554443,
        "max": 99.5044326782,
        "mean": 35.4388046265,
        "median": 33.1367034912,
        "min": 7.3625087738,
        "var": 266.376098633
    },
    "hfc": {
        "dmean": 15.5597410202,
        "dmean2": 25.3685569763,
        "dvar": 1253.60290527,
        "dvar2": 3354.06396484,
        "max": 363.62298584,
        "mean": 31.4591789246,
        "median": 21.3102226257,
        "min": 2.27307343483,
        "var": 1318.42260742
    },
    "melbands_crest": {
        "dmean": 4.50402927399,
        "dmean2": 6.73784637451,
        "dvar": 14.1783418655,
        "dvar2": 26.6569843292,
        "max": 34.7163467407,
        "mean": 16.3884983063,
        "median": 14.915971756,
        "min": 3.62695741653,
        "var": 49.5222969055
    },
    "melbands_flatness_db": {
        "dmean": 0.0380514897406,
        "dmean2": 0.0501233376563,
        "dvar": 0.00118039315566,
        "dvar2": 0.00207838206552,
        "max": 0.463341355324,
        "mean": 0.201660394669,
        "median": 0.199171468616,
        "min": 0.0270594730973,
        "var": 0.00674351584166
    },
    "melbands_kurtosis": {
        "dmean": 6.77249288559,
        "dmean2": 10.2277641296,
        "dvar": 186.308837891,
        "dvar2": 366.444396973,
        "max": 254.427886963,
        "mean": 9.55836677551,
        "median": 4.55971193314,
        "min": -1.43533408642,
        "var": 316.727630615
    },
    "melbands_skewness": {
        "dmean": 0.825508415699,
        "dmean2": 1.22218096256,
        "dvar": 0.781746685505,
        "dvar2": 1.45116007328,
        "max": 13.1879444122,
        "mean": 2.28077507019,
        "median": 1.9135158062,
        "min": -0.239821776748,
        "var": 2.34957528114
    },
    "melbands_spread": {
        "dmean": 11.2337751389,
        "dmean2": 17.6174697876,
        "dvar": 289.112976074,
        "dvar2": 735.709228516,
        "max": 162.325180054,
        "mean": 27.8517475128,
        "median": 22.0505428314,
        "min": 0.747293412685,
        "var": 520.677368164
    },
    "pitch_salience": {
        "dmean": 0.0844532996416,
        "dmean2": 0.124681323767,
        "dvar": 0.00536897499114,
        "dvar2": 0.0106906862929,
        "max": 0.770108342171,
        "mean": 0.492363005877,
        "median": 0.510867714882,
        "min": 0.0578909628093,
        "var": 0.0153638292104
    },
    "silence_rate_20dB": {
        "dmean": 0,
        "dmean2": 0,
        "dvar": 0,
        "dvar2": 0,
        "max": 1,
        "mean": 1,
        "median": 1,
        "min": 1,
        "var": 0
    },
    "silence_rate_30dB": {
        "dmean": 0.0526315793395,
        "dmean2": 0.105344690382,
        "dvar": 0.0498610176146,
        "dvar2": 0.098896689713,
        "max": 1,
        "mean": 0.920340299606,
        "median": 1,
        "min": 0,
        "var": 0.0733147785068
    },
    "silence_rate_60dB": {
        "dmean": 0.00154798757285,
        "dmean2": 0.00309837330133,
        "dvar": 0.00154559011571,
        "dvar2": 0.00463795382529,
        "max": 1,
        "mean": 0.00077339517884,
        "median": 0,
        "min": 0,
        "var": 0.000772796920501
    },
    "spectral_centroid": {
        "dmean": 343.466705322,
        "dmean2": 528.02130127,
        "dvar": 146478.03125,
        "dvar2": 316915.3125,
        "max": 4065.09204102,
        "mean": 1592.55432129,
        "median": 1457.45141602,
        "min": 323.696685791,
        "var": 544488.625
    },
    "spectral_complexity": {
        "dmean": 4.40944290161,
        "dmean2": 7.11773824692,
        "dvar": 23.3439979553,
        "dvar2": 52.9760437012,
        "max": 49,
        "mean": 21.4624900818,
        "median": 19,
        "min": 6,
        "var": 78.9725723267
    },
    "spectral_decrease": {
        "dmean": 4.49513137823e-09,
        "dmean2": 6.50195453034e-09,
        "dvar": 5.89458764498e-17,
        "dvar2": 1.09076588373e-16,
        "max": -6.44160169649e-10,
        "mean": -9.95319915376e-09,
        "median": -5.89287951769e-09,
        "min": -8.37408933307e-08,
        "var": 1.4120007467e-16
    },
    "spectral_energy": {
        "dmean": 0.0178482234478,
        "dmean2": 0.0260624960065,
        "dvar": 0.000852393917739,
        "dvar2": 0.00158383790404,
        "max": 0.318459808826,
        "mean": 0.0404191315174,
        "median": 0.0247170273215,
        "min": 0.0026744841598,
        "var": 0.00206196587533
    },
    "spectral_energyband_high": {
        "dmean": 0.00167862128001,
        "dmean2": 0.00277760089375,
        "dvar": 1.95948159671e-05,
        "dvar2": 5.19547284057e-05,
        "max": 0.0430252850056,
        "mean": 0.0023181156721,
        "median": 0.000552853569388,
        "min": 6.81128312863e-06,
        "var": 2.03349227377e-05
    },
    "spectral_energyband_low": {
        "dmean": 0.013896596618,
        "dmean2": 0.0196492373943,
        "dvar": 0.000874070741702,
        "dvar2": 0.00154395366553,
        "max": 0.302590548992,
        "mean": 0.0206076856703,
        "median": 0.00306479423307,
        "min": 2.9377665669e-06,
        "var": 0.00189725542441
    },
    "spectral_energyband_middle_high": {
        "dmean": 0.00233840756118,
        "dmean2": 0.00378391938284,
        "dvar": 5.97012603976e-06,
        "dvar2": 1.5293722754e-05,
        "max": 0.028394760564,
        "mean": 0.0061566918157,
        "median": 0.00530847208574,
        "min": 0.000848361290991,
        "var": 1.45599296957e-05
    },
    "spectral_energyband_middle_low": {
        "dmean": 0.00553523888811,
        "dmean2": 0.00878857448697,
        "dvar": 6.35362885077e-05,
        "dvar2": 0.000165044169989,
        "max": 0.0744043663144,
        "mean": 0.0121257919818,
        "median": 0.00985415372998,
        "min": 0.000757059082389,
        "var": 8.0990488641e-05
    },
    "spectral_entropy": {
        "dmean": 0.169305071235,
        "dmean2": 0.256230384111,
        "dvar": 0.0312854498625,
        "dvar2": 0.0653557926416,
        "max": 8.51846313477,
        "mean": 7.48091459274,
        "median": 7.44142961502,
        "min": 6.22916126251,
        "var": 0.230314835906
    },
    "spectral_flux": {
        "dmean": 0.036603230983,
        "dmean2": 0.0602550543845,
        "dvar": 0.00216633593664,
        "dvar2": 0.00528177572414,
        "max": 0.448232382536,
        "mean": 0.108238592744,
        "median": 0.0892011076212,
        "min": 0.0297825876623,
        "var": 0.00471591902897
    },
    "spectral_kurtosis": {
        "dmean": 2.49000167847,
        "dmean2": 4.35034894943,
        "dvar": 10.7349033356,
        "dvar2": 32.7124671936,
        "max": 29.4132232666,
        "mean": 4.08853340149,
        "median": 2.72015857697,
        "min": -1.02038323879,
        "var": 16.0374526978
    },
    "spectral_rms": {
        "dmean": 0.00120174314361,
        "dmean2": 0.00169592781458,
        "dvar": 1.95553411686e-06,
        "dvar2": 3.43381816492e-06,
        "max": 0.0176264718175,
        "mean": 0.00564200757071,
        "median": 0.00491061853245,
        "min": 0.00161531812046,
        "var": 7.60105058362e-06
    },
    "spectral_rolloff": {
        "dmean": 812.330871582,
        "dmean2": 1337.8782959,
        "dvar": 1696713.75,
        "dvar2": 4041539.5,
        "max": 8742.48046875,
        "mean": 1935.95471191,
        "median": 1227.39257812,
        "min": 64.599609375,
        "var": 3054385
    },
    "spectral_skewness": {
        "dmean": 0.311998456717,
        "dmean2": 0.516841053963,
        "dvar": 0.0999900996685,
        "dvar2": 0.272596865892,
        "max": 3.49482154846,
        "mean": 1.2902739048,
        "median": 1.20090472698,
        "min": -0.00577806727961,
        "var": 0.271927893162
    },
    "spectral_spread": {
        "dmean": 406987.75,
        "dmean2": 613159.75,
        "dvar": 284209250304,
        "dvar2": 446166859776,
        "max": 14267044,
        "mean": 3900564,
        "median": 3821602.75,
        "min": 1649639.5,
        "var": 1.91906421146e+12
    },
    "spectral_strongpeak": {
        "dmean": 0.609883785248,
        "dmean2": 1.03712189198,
        "dvar": 0.634013712406,
        "dvar2": 1.67202746868,
        "max": 10.284538269,
        "mean": 1.05945503712,
        "median": 0.8399720788,
        "min": 0.0543406233191,
        "var": 0.810634016991
    },
    "zerocrossingrate": {
        "dmean": 0.0145025579259,
        "dmean2": 0.0159646403044,
        "dvar": 0.000249086151598,
        "dvar2": 0.000314520468237,
        "max": 0.224609375,
        "mean": 0.0675682276487,
        "median": 0.05517578125,
        "min": 0.00341796875,
        "var": 0.00167511811014
    },
    "barkbands": {
        "dmean": [0.000865332549438, 0.0127464877442, 0.00396029697731, 0.00129854609258, 0.00138433638494, 0.00160509941634, 0.000502072100062, 0.00153406988829, 0.00123916438315, 0.000557313323952, 0.000847088114824, 0.000801906979177, 0.000303948414512, 0.000309241877403, 0.00017180715804, 0.000161922405823, 0.000167553604115, 0.000235370462178, 0.000373933144147, 0.000304864312056, 0.000391857436625, 0.000473876309115, 0.000289410090772, 0.000398965203203, 0.000119666692626, 2.96895523206e-05, 1.29295143481e-08],
        "dmean2": [0.00100652279798, 0.0175209026784, 0.00707612093538, 0.00230800826102, 0.00237458222546, 0.00244181021117, 0.000840040447656, 0.00231047230773, 0.00192815123592, 0.000931343005504, 0.00136531970929, 0.00133062282111, 0.000527150754351, 0.000522588961758, 0.000282586057438, 0.000275902042631, 0.000281351123704, 0.000379291392164, 0.000650574162137, 0.000498463923577, 0.000656434334815, 0.000746056262869, 0.000513031205628, 0.000731315230951, 0.000210047001019, 4.81739843963e-05, 2.36931043673e-08],
        "dvar": [3.96831092075e-06, 0.000869923504069, 0.00020990264602, 1.79145499715e-05, 1.18011739687e-05, 4.88403702548e-06, 1.13519354272e-06, 5.25954328623e-06, 4.51814412372e-06, 1.3743525642e-06, 1.61498599027e-06, 9.50352159634e-07, 3.22014045651e-07, 4.57999277614e-07, 6.33766390479e-08, 5.59343753537e-08, 5.55278276693e-08, 1.09954328309e-07, 1.021850494e-06, 2.97209027167e-07, 9.61958903645e-07, 1.26043630644e-06, 7.39172151043e-07, 2.57885812971e-06, 1.4183966357e-07, 6.34405550315e-09, 7.52552520625e-15],
        "dvar2": [6.80675975673e-06, 0.00154622085392, 0.000582770968322, 4.93322804687e-05, 3.21324550896e-05, 1.0479948287e-05, 2.69360884886e-06, 1.18999887491e-05, 9.36784726946e-06, 3.35147569785e-06, 4.02645173381e-06, 2.62637195192e-06, 8.57268389609e-07, 1.2218666825e-06, 1.50047185343e-07, 1.55138337732e-07, 1.46428320136e-07, 2.464005604e-07, 2.8795873277e-06, 7.21989238173e-07, 2.50040488936e-06, 2.95036079478e-06, 2.05117021324e-06, 7.38447261028e-06, 3.86719108292e-07, 1.61203441706e-08, 1.94175509954e-14],
        "max": [0.0256532505155, 0.288197427988, 0.134163692594, 0.0353503413498, 0.0366101674736, 0.0242037344724, 0.0167510472238, 0.0250225290656, 0.0486985221505, 0.0227779187262, 0.0151133276522, 0.00851476378739, 0.00610811496153, 0.00947724375874, 0.0041361162439, 0.00241589988582, 0.00231058802456, 0.00339671270922, 0.018053881824, 0.0050146006979, 0.0118254553527, 0.0130401430652, 0.00767300603911, 0.0185609087348, 0.00381783721969, 0.00108280067798, 1.38043913012e-06],
        "mean": [0.00118990789633, 0.0162127129734, 0.00267660873942, 0.000900519429706, 0.00173508911394, 0.00319445482455, 0.000782603980042, 0.00271078036167, 0.00227873073891, 0.000845012778882, 0.00144542974886, 0.00127253204118, 0.000448357022833, 0.00047394115245, 0.000249132281169, 0.000275226833764, 0.000264912116108, 0.00039135091356, 0.000537586689461, 0.00048821431119, 0.000545302405953, 0.000627705478109, 0.000370675552404, 0.000341942824889, 0.000122827826999, 3.76191419491e-05, 8.05120237146e-09],
        "median": [7.00467862771e-05, 0.0021741760429, 0.000131182387122, 5.78912222409e-05, 0.000792725244537, 0.00123199517839, 0.00034383678576, 0.00155197118875, 0.000978312105872, 0.000323259067954, 0.000853688514326, 0.000806179828942, 0.000169344479218, 0.000202182098292, 0.000146346224938, 0.000187617741176, 0.000158330716658, 0.000243485046667, 0.000227340366109, 0.000264269328909, 0.000119617718155, 0.000120609838632, 4.46657577413e-05, 2.53022335528e-05, 1.07281339297e-05, 2.58883665083e-06, 4.9723708484e-10],
        "min": [9.84780035296e-10, 1.63529747965e-07, 2.05587440405e-07, 5.0319147249e-07, 1.06691304609e-05, 1.31044562295e-05, 6.67688755129e-06, 2.50711236731e-05, 1.28020583361e-05, 1.29837872009e-05, 1.58820857905e-05, 2.95849367831e-05, 9.56412259256e-06, 8.36173694552e-06, 1.15061320685e-05, 5.07978847963e-06, 3.78693448511e-06, 9.40260633797e-06, 6.07615083936e-06, 5.02181819684e-06, 1.17909110031e-06, 1.27117277771e-06, 1.48552441459e-08, 4.2640779796e-10, 5.73836724665e-12, 8.84661007644e-12, 1.37765788361e-11],
        "var": [8.11679637991e-06, 0.00144645245746, 0.000133533976623, 1.17814133773e-05, 9.99134772428e-06, 1.79553026101e-05, 2.00055274036e-06, 1.0877767636e-05, 1.29004583869e-05, 2.48075411946e-06, 3.23298991134e-06, 1.83654628927e-06, 5.19409809385e-07, 6.92420485393e-07, 9.93676465555e-08, 8.28133437381e-08, 8.85538611328e-08, 1.97534319568e-07, 8.9327824071e-07, 4.32904414538e-07, 1.19322135106e-06, 1.74255421825e-06, 6.4033667968e-07, 1.58466514222e-06, 1.12833888011e-07, 7.58452234351e-09, 4.71050395616e-15]
    },
    "erbbands": {
        "dmean": [0.57983571291, 2.19414067268, 3.90302181244, 4.64651679993, 4.30961751938, 4.49347734451, 10.7583494186, 12.2827310562, 6.35783910751, 24.6342258453, 25.7426013947, 29.211933136, 23.105506897, 16.9403171539, 37.6821594238, 35.4713287354, 15.9683628082, 18.3580417633, 9.71766471863, 6.74652147293, 7.96614074707, 7.87600660324, 10.5858459473, 21.8077011108, 14.4690980911, 16.0569438934, 10.2098970413, 19.8903083801, 18.4825782776, 11.9623022079, 7.75246715546, 6.97764348984, 6.87105464935, 1.86706578732, 0.702652335167, 0.196242183447, 0.0496077127755, 0.00345885264687, 8.00673078629e-05, 2.66157312581e-05],
        "dmean2": [0.794032514095, 3.15283083916, 6.60831880569, 8.31827354431, 7.73441648483, 7.70366287231, 16.724773407, 18.5783462524, 10.4373197556, 37.4165000916, 38.6995773315, 45.2083435059, 37.7070007324, 28.5179672241, 60.4060554504, 58.9819793701, 27.4301719666, 31.17212677, 15.5975522995, 11.3875417709, 13.4671964645, 13.1753845215, 17.0096931458, 36.9993247986, 24.4728126526, 25.9791049957, 16.915397644, 33.0333213806, 29.5982437134, 19.8623638153, 13.7165317535, 12.6102056503, 12.6260280609, 3.3020939827, 1.23614668846, 0.323234856129, 0.0794656425714, 0.00579045154154, 0.000132381828735, 4.06824219681e-05],
        "dvar": [1.82165241241, 26.6850833893, 164.52520752, 292.239257812, 176.875137329, 104.717056274, 251.236938477, 387.634033203, 160.280380249, 2085.53417969, 1070.92419434, 3116.32861328, 2461.15698242, 899.459289551, 3375.30737305, 2170.59521484, 606.401672363, 1386.43823242, 224.825317383, 71.4831542969, 108.310394287, 142.966217041, 266.470458984, 2143.18505859, 1336.39489746, 911.15838623, 502.545959473, 2638.97241211, 1875.78430176, 865.361938477, 568.488708496, 601.663513184, 859.651306152, 36.6257324219, 4.19396352768, 0.245469152927, 0.0156875979155, 9.01219100342e-05, 4.74144776774e-08, 1.75130188129e-09],
        "dvar2": [3.12069034576, 51.5876083374, 439.173522949, 803.654418945, 487.55847168, 283.72958374, 576.370117188, 763.727172852, 413.063720703, 4725.53564453, 2446.32348633, 6532.77929688, 6090.33105469, 2457.28613281, 8570.99316406, 6248.31933594, 1631.98193359, 3725.17041016, 521.425964355, 194.59538269, 287.678375244, 379.830047607, 620.536743164, 5815.48339844, 3724.59912109, 2202.09765625, 1329.58007812, 6609.76855469, 4560.33398438, 2173.77709961, 1580.12878418, 1711.71362305, 2469.61621094, 101.681282043, 11.3925065994, 0.618420898914, 0.0374128594995, 0.000243023299845, 1.24647527855e-07, 3.92761290158e-09],
        "max": [14.4663076401, 53.4339485168, 120.972663879, 160.657562256, 140.122436523, 106.749328613, 178.5652771, 293.591644287, 187.490142822, 594.539794922, 384.111053467, 1264.76184082, 825.698669434, 408.078155518, 686.692626953, 421.874908447, 252.582458496, 531.886535645, 261.966552734, 71.0354995728, 109.080627441, 104.947608948, 176.046768188, 768.989807129, 587.914245605, 312.234588623, 323.865600586, 489.026489258, 521.006958008, 259.87109375, 196.859115601, 274.639465332, 344.983154297, 57.0150718689, 18.7647800446, 5.49401807785, 1.7393040657, 0.14948220551, 0.00318133365363, 0.000379220611649],
        "mean": [0.730938315392, 2.60137200356, 3.05282282829, 3.41331028938, 3.20929336548, 6.29588460922, 21.0204238892, 23.7910346985, 10.5517692566, 43.0728302002, 45.3698654175, 54.9607543945, 38.3644142151, 27.9131793976, 62.194694519, 57.9273872375, 26.2357616425, 29.586889267, 15.9016304016, 12.2810726166, 13.6162376404, 13.5816659927, 18.5658931732, 34.7190666199, 19.9636478424, 24.8569431305, 16.2169895172, 26.7564411163, 24.5435771942, 16.7495746613, 9.41870594025, 7.0117225647, 5.43358707428, 1.77393519878, 0.682020306587, 0.218852072954, 0.0663045346737, 0.00405189534649, 0.000115573959192, 5.65425871173e-05],
        "median": [0.078993819654, 0.343037396669, 0.252405643463, 0.262324362993, 0.54691696167, 3.10385203362, 8.84634685516, 8.57389640808, 5.76670598984, 17.3919906616, 29.1856269836, 24.4528560638, 14.0896902084, 16.5808887482, 33.5647163391, 35.8157577515, 15.0938720703, 16.4060592651, 9.95847415924, 8.7841796875, 9.6355676651, 8.62162780762, 11.8559961319, 19.2574825287, 9.87501049042, 12.4035720825, 6.87391042709, 4.71660804749, 5.07318782806, 2.2421309948, 1.20077621937, 0.727934420109, 0.321423709393, 0.144751042128, 0.0481543317437, 0.0171814486384, 0.00397915625945, 0.000224445524509, 3.51461130776e-05, 3.67368702427e-05],
        "min": [5.21213178217e-06, 8.45761824166e-05, 0.000651637965348, 0.00327874999493, 0.0164314955473, 0.0326212123036, 0.17819301784, 0.157489478588, 0.281087934971, 0.555718958378, 1.043582201, 1.33676052094, 0.784319698811, 0.515451729298, 1.53347074986, 2.19231700897, 0.974955260754, 0.834324538708, 1.13248097897, 0.753815889359, 0.482156842947, 0.597593963146, 0.72101598978, 0.745639681816, 0.218831837177, 0.232392594218, 0.0813935101032, 0.0609230585396, 0.0528075695038, 0.0128695648164, 0.00109752488788, 0.000254909158684, 2.91156466119e-05, 7.91834736447e-06, 3.48203752765e-06, 2.24136920224e-06, 1.27549913032e-06, 4.30505764371e-07, 1.47001082951e-06, 3.19455170938e-06],
        "var": [3.06873464584, 39.6627540588, 123.365066528, 188.614486694, 114.298751831, 107.410705566, 899.684387207, 1381.54907227, 271.933044434, 4122.27246094, 2213.62329102, 8462.78613281, 4450.64111328, 1338.59411621, 6168.31347656, 4048.45556641, 949.410766602, 2008.35656738, 381.079284668, 113.691184998, 156.901702881, 214.944030762, 479.044036865, 2422.42797852, 1146.17614746, 1281.75500488, 663.566772461, 3341.76098633, 2503.78198242, 1101.91943359, 463.506866455, 411.590637207, 512.15234375, 27.3263645172, 3.36035037041, 0.274901002645, 0.022402048111, 0.000104685692349, 5.40404911931e-08, 3.26737281675e-09]
    },
    "gfcc": {
        "mean": [-2.93625068665, 103.35018158, -158.466705322, 28.7997722626, -76.574546814, 3.96766233444, -20.6193943024, -1.20306766033, -14.7247390747, -0.332715839148, -2.98993396759, 2.82690477371, -6.09205579758],
        "cov": [[6319.55615234, -3152.0703125, 3101.15698242, 1384.40515137, 20.3686485291, 2284.20410156, -238.248672485, 1838.16894531, -376.544952393, 931.770812988, -322.75201416, 458.839141846, -139.547668457], [-3152.0703125, 2311.78540039, -1310.43359375, -626.446777344, 285.699523926, -1087.47692871, 252.688415527, -933.331726074, 270.494903564, -519.260437012, 164.600784302, -286.552734375, 127.491256714], [3101.15698242, -1310.43359375, 2080.24853516, 690.954223633, 310.658569336, 1355.47277832, -23.484834671, 1103.48950195, -153.564819336, 594.2734375, -174.322570801, 318.239318848, -25.54529953], [1384.40515137, -626.446777344, 690.954223633, 521.271850586, 36.4315223694, 527.608398438, 13.2161073685, 367.257598877, -37.3482894897, 153.324798584, -42.1391410828, 50.9560470581, -12.0430612564], [20.3686485291, 285.699523926, 310.658569336, 36.4315223694, 330.385192871, 182.00630188, 131.210098267, 129.034835815, 53.1149635315, 70.4286499023, -19.4769153595, 39.0434150696, 32.8148231506], [2284.20410156, -1087.47692871, 1355.47277832, 527.608398438, 182.00630188, 1112.04968262, 14.8651695251, 851.325744629, -85.4002304077, 411.744628906, -104.788581848, 191.862960815, -13.4927511215], [-238.248672485, 252.688415527, -23.484834671, 13.2161073685, 131.210098267, 14.8651695251, 206.745864868, 24.5223560333, 114.365493774, 5.01288795471, 30.1107597351, -13.7505559921, 0.589048147202], [1838.16894531, -933.331726074, 1103.48950195, 367.257598877, 129.034835815, 851.325744629, 24.5223560333, 792.547912598, -40.4622039795, 394.482574463, -66.9429931641, 180.998458862, -32.3264350891], [-376.544952393, 270.494903564, -153.564819336, -37.3482894897, 53.1149635315, -85.4002304077, 114.365493774, -40.4622039795, 156.62588501, -11.2860326767, 60.1966590881, -38.8895797729, 0.190115094185], [931.770812988, -519.260437012, 594.2734375, 153.324798584, 70.4286499023, 411.744628906, 5.01288795471, 394.482574463, -11.2860326767, 302.871917725, -19.5615959167, 141.774795532, -27.313873291], [-322.75201416, 164.600784302, -174.322570801, -42.1391410828, -19.4769153595, -104.788581848, 30.1107597351, -66.9429931641, 60.1966590881, -19.5615959167, 138.507675171, -11.5498189926, 26.1413841248], [458.839141846, -286.552734375, 318.239318848, 50.9560470581, 39.0434150696, 191.862960815, -13.7505559921, 180.998458862, -38.8895797729, 141.774795532, -11.5498189926, 143.898696899, 8.51706981659], [-139.547668457, 127.491256714, -25.54529953, -12.0430612564, 32.8148231506, -13.4927511215, 0.589048147202, -32.3264350891, 0.190115094185, -27.313873291, 26.1413841248, 8.51706981659, 95.9016265869]],
        "icov": [[0.00207487028092, 0.000470212573418, -0.00111424515489, -0.00190780812409, 0.00114436121657, -0.000850825570524, 0.000768350088038, -0.000831381650642, 0.000646901724394, -0.000237034386373, 0.000761368020903, -0.000174679022166, 0.000800641195383], [0.000470212573418, 0.00481383875012, -0.00242304103449, 0.00252904673107, -0.00425176462159, 0.0021769895684, -0.00165829970501, 0.00249964580871, -0.00245902687311, 0.00267965928651, -0.00202368129976, 0.00417796801776, -0.00248058419675], [-0.00111424515489, -0.00242304103449, 0.00640205154195, -0.00268012424931, -0.00148045609239, -0.0021292285528, 0.00237436243333, -0.00282562477514, 0.00207104696892, -0.00287496787496, 0.00195860490203, -0.0039818668738, 0.0012053536484], [-0.00190780812409, 0.00252904673107, -0.00268012424931, 0.00895206164569, -0.00148804974742, -9.56326184678e-05, -0.00352553557605, 0.00431355228648, -0.00272930017672, 0.00310450419784, -0.00304631632753, 0.00475012138486, -0.00245840381831], [0.00114436121657, -0.00425176462159, -0.00148045609239, -0.00148804974742, 0.0121414717287, -0.00351986498572, -0.00246269186027, -0.00074991787551, 0.00165708945133, -0.00233424827456, 0.00318744243123, -0.0032399345655, 0.000599678664003], [-0.000850825570524, 0.0021769895684, -0.0021292285528, -9.56326184678e-05, -0.00351986498572, 0.0102788405493, -0.00158354919404, -0.00458671618253, 9.87720268313e-05, 0.00153801904526, -0.000810664088931, 0.00329640973359, -0.00323102530092], [0.000768350088038, -0.00165829970501, 0.00237436243333, -0.00352553557605, -0.00246269186027, -0.00158354919404, 0.0128061203286, -0.0030255606398, -0.0054173222743, 0.000315022916766, 0.00138506386429, -0.00379230012186, 0.00309337093495], [-0.000831381650642, 0.00249964580871, -0.00282562477514, 0.00431355228648, -0.00074991787551, -0.00458671618253, -0.0030255606398, 0.0134235136211, -0.0032447213307, -0.00261452165432, -0.00208849646151, 0.00308824074455, -0.0010322900489], [0.000646901724394, -0.00245902687311, 0.00207104696892, -0.00272930017672, 0.00165708945133, 9.87720268313e-05, -0.0054173222743, -0.0032447213307, 0.01717559807, -0.0054540685378, -0.00224203197286, 0.00214748014696, 0.00163869315293], [-0.000237034386373, 0.00267965928651, -0.00287496787496, 0.00310450419784, -0.00233424827456, 0.00153801904526, 0.000315022916766, -0.00261452165432, -0.0054540685378, 0.0166437774897, -0.00294867670164, -0.00496584735811, 0.00184461241588], [0.000761368020903, -0.00202368129976, 0.00195860490203, -0.00304631632753, 0.00318744243123, -0.000810664088931, 0.00138506386429, -0.00208849646151, -0.00224203197286, -0.00294867670164, 0.0120810149238, -0.00335902743973, -0.00181005161721], [-0.000174679022166, 0.00417796801776, -0.0039818668738, 0.00475012138486, -0.0032399345655, 0.00329640973359, -0.00379230012186, 0.00308824074455, 0.00214748014696, -0.00496584735811, -0.00335902743973, 0.0207445602864, -0.00598112121224], [0.000800641195383, -0.00248058419675, 0.0012053536484, -0.00245840381831, 0.000599678664003, -0.00323102530092, 0.00309337093495, -0.0010322900489, 0.00163869315293, 0.00184461241588, -0.00181005161721, -0.00598112121224, 0.0154223609716]]
    },
    "melbands": {
        "dmean": [0.00423942739144, 0.00185718678404, 0.000788971665315, 0.000312854215736, 0.000322864972986, 0.000277962302789, 9.3894872407e-05, 0.000299421895761, 0.000207332384889, 0.000192254141439, 0.000111707660835, 6.46695771138e-05, 0.000110352120828, 9.45896317717e-05, 6.31747898296e-05, 3.50012633135e-05, 3.80807905458e-05, 1.53810615302e-05, 1.14955209938e-05, 1.35795798997e-05, 9.56329768087e-06, 8.66982736625e-06, 9.61962177826e-06, 1.10523851617e-05, 1.98119123525e-05, 1.02740777947e-05, 1.17515610327e-05, 1.12313118734e-05, 5.84514691582e-06, 8.54163135955e-06, 1.31587830765e-05, 1.1523368812e-05, 8.22374931886e-06, 6.53232382319e-06, 5.28748250872e-06, 3.51038693225e-06, 4.50065317636e-06, 6.88459749654e-06, 1.71293390849e-06, 1.46946581481e-06],
        "dmean2": [0.00583038292825, 0.00279272743501, 0.00139993813355, 0.000552375102416, 0.000503799354192, 0.000421771837864, 0.000155074987561, 0.000455735862488, 0.000316967460094, 0.000296898040688, 0.000183442709385, 0.000109257060103, 0.000176701927558, 0.000156400667038, 0.000106480394606, 6.10554270679e-05, 6.4476946136e-05, 2.4588092856e-05, 1.93491741811e-05, 2.35084753513e-05, 1.6260848497e-05, 1.48005137817e-05, 1.51826989168e-05, 1.78628633876e-05, 3.37836245308e-05, 1.77939382411e-05, 1.97567042051e-05, 1.80401257239e-05, 9.57305019256e-06, 1.47174532685e-05, 2.17134092964e-05, 1.84901327884e-05, 1.3205381947e-05, 1.11483350338e-05, 9.39675464906e-06, 6.42098302706e-06, 8.11714289739e-06, 1.26681479742e-05, 3.0837175018e-06, 2.59390481006e-06],
        "dvar": [9.67759115156e-05, 2.24302166316e-05, 7.39203778721e-06, 7.82939082455e-07, 2.05550762189e-07, 1.65387376683e-07, 3.98762054488e-08, 2.93552147923e-07, 6.66050539166e-08, 1.49295914298e-07, 5.99747238539e-08, 1.33162032512e-08, 2.8214437009e-08, 1.3431911583e-08, 5.70213876117e-09, 5.71611158406e-09, 7.09233916041e-09, 5.86921788948e-10, 2.26118013202e-10, 4.50660286866e-10, 1.84126713876e-10, 1.78394493622e-10, 2.34339297966e-10, 3.56087742626e-10, 1.89562565645e-09, 8.10252698269e-10, 6.93576140964e-10, 4.24746737782e-10, 1.29762020573e-10, 4.59096788363e-10, 1.15848386439e-09, 7.26048388078e-10, 4.07479772147e-10, 2.83960494007e-10, 2.62200039458e-10, 1.19346393879e-10, 2.69711086798e-10, 9.22445342333e-10, 3.09264801268e-11, 2.2049443868e-11],
        "dvar2": [0.000170454019099, 5.04141717101e-05, 2.00675076485e-05, 2.15010345528e-06, 4.87639567837e-07, 3.37746342893e-07, 1.02658518131e-07, 6.61269098146e-07, 1.48035894654e-07, 3.10264994141e-07, 1.4864718878e-07, 3.64158765365e-08, 7.15533943207e-08, 3.58876945938e-08, 1.60317181752e-08, 1.53331711772e-08, 1.90916207288e-08, 1.35040700844e-09, 5.76864500612e-10, 1.27011012818e-09, 4.91072349451e-10, 4.85150919438e-10, 5.4500709501e-10, 8.38754288246e-10, 5.16309484055e-09, 2.31539587503e-09, 1.86349935483e-09, 9.94572757484e-10, 3.34084732101e-10, 1.25529375783e-09, 2.84300338826e-09, 1.76367653815e-09, 9.97042559625e-10, 7.57182150313e-10, 7.28275162398e-10, 3.4404695759e-10, 7.60910057185e-10, 2.65092903184e-09, 8.80351069821e-11, 6.07206368519e-11],
        "max": [0.0972469449043, 0.0463354811072, 0.023838924244, 0.00930253136903, 0.00491593964398, 0.00569340074435, 0.00311607285403, 0.00687654037029, 0.00274758646265, 0.00899484753609, 0.00414249766618, 0.00147834734526, 0.00191414984874, 0.000968227395788, 0.00081266585039, 0.000783181283623, 0.00119150045794, 0.00043182252557, 0.00016631546896, 0.000224282237468, 0.000173350650584, 0.000109841748781, 0.000218472996494, 0.000274110032478, 0.0007258746773, 0.000489578815177, 0.000306178233586, 0.000215998836211, 0.000151896601892, 0.000302018568618, 0.000319423270412, 0.000327530055074, 0.000192848820006, 0.000163264732691, 0.00014683806512, 0.00011049897148, 0.000207625911571, 0.000350408867234, 6.86360071995e-05, 5.49402066099e-05],
        "mean": [0.00535499956459, 0.00216253008693, 0.000587130605709, 0.000310791452648, 0.000645533145871, 0.000542029563803, 0.000146763894008, 0.000521320675034, 0.000352731294697, 0.000355585943907, 0.000179335271241, 9.59376993706e-05, 0.000183340671356, 0.000161665666383, 9.99233598122e-05, 5.0835282309e-05, 5.71965647396e-05, 2.36219420913e-05, 1.69102004293e-05, 2.20594283746e-05, 1.45465746755e-05, 1.34107613121e-05, 1.68444421433e-05, 1.73858297785e-05, 3.05880566884e-05, 1.34657102535e-05, 1.54597801156e-05, 1.71913852682e-05, 9.17989473237e-06, 1.13589630928e-05, 1.70771836565e-05, 1.5297839127e-05, 9.79825654213e-06, 8.89684633876e-06, 5.84296230954e-06, 4.06218396165e-06, 4.25383768743e-06, 4.9356690397e-06, 1.82334179044e-06, 1.32029720135e-06],
        "median": [0.000694350746926, 0.000259198306594, 5.36901206942e-05, 0.000109292661364, 0.000323639484122, 0.000214602157939, 7.58523747209e-05, 0.000215505220694, 0.000217569046072, 0.000141992684803, 6.13079610048e-05, 5.15384745086e-05, 0.000101601741335, 0.000104756989458, 6.47596389172e-05, 1.30609987536e-05, 2.50653447438e-05, 1.38393970701e-05, 1.09177462946e-05, 1.34644396894e-05, 9.36618380365e-06, 8.43775433168e-06, 8.49039497552e-06, 1.07657433546e-05, 1.49765637616e-05, 5.57086741537e-06, 6.32090950603e-06, 7.92962418927e-06, 4.03389230996e-06, 3.1072895581e-06, 2.32158299696e-06, 3.35637628268e-06, 1.48709420955e-06, 9.92901505015e-07, 6.69309088153e-07, 5.56739735202e-07, 3.74912758616e-07, 2.23273787014e-07, 1.43590824564e-07, 9.10541189114e-08],
        "min": [4.53632509334e-08, 2.48891353749e-07, 6.21025606051e-07, 2.09515428651e-06, 5.24257484358e-06, 2.87938610199e-06, 2.74802960121e-06, 5.48905745745e-06, 6.02256386628e-06, 2.1619493964e-06, 2.6877783057e-06, 1.26123188693e-06, 2.75537217931e-06, 4.37077642346e-06, 2.340415449e-06, 9.55918494583e-07, 6.37622122213e-07, 1.10115354346e-06, 1.00668273717e-06, 3.28103368474e-07, 4.26712517765e-07, 1.85088083526e-07, 2.5410673743e-07, 3.95010602006e-07, 2.57017234162e-07, 5.12629405591e-08, 1.55690571546e-07, 9.8228362333e-08, 2.07933190666e-08, 2.71254840811e-08, 2.77972898033e-08, 2.56490970685e-08, 7.91881493711e-09, 1.30201405213e-09, 8.71092850629e-11, 2.24692861539e-10, 9.79243595933e-12, 1.45282494802e-13, 9.86376372291e-14, 4.79122153735e-14],
