{
"highlevel": {
    "danceability": {
        "all": {
            "danceable": 0.5,
            "not_danceable": 0.5
        },
        "probability": 0.5,
        "value": "danceable"
    },
    "gender": {
        "all": {
            "female": 0.441509515047,
            "male": 0.558490455151
        },
        "probability": 0.558490455151,
        "value": "male"
    },
    "genre_dortmund": {
        "all": {
            "alternative": 0.199020907283,
            "blues": 0.0356885045767,
            "electronic": 0.0620981119573,
            "folkcountry": 0.185196205974,
            "funksoulrnb": 0.00353664392605,
            "jazz": 0.021495891735,
            "pop": 0.0741743817925,
            "raphiphop": 0.00352553790435,
            "rock": 0.415263801813
        },
        "probability": 0.415263801813,
        "value": "rock"
    },
    "genre_electronic": {
        "all": {
            "ambient": 0.235957384109,
            "dnb": 0.166528970003,
            "house": 0.182334885001,
            "techno": 0.0389714241028,
            "trance": 0.376207321882
        },
        "probability": 0.376207321882,
        "value": "trance"
    },
    "genre_rosamerica": {
        "all": {
            "cla": 0.00211832695641,
            "dan": 0.0252295173705,
            "hip": 0.00437597185373,
            "jaz": 0.00461556203663,
            "pop": 0.158239275217,
            "rhy": 0.00616244645789,
            "roc": 0.798188388348,
            "spe": 0.00107051967643
        },
        "probability": 0.798188388348,
        "value": "roc"
    },
    "genre_tzanetakis": {
        "all": {
            "blu": 0.0626541376114,
            "cla": 0.0348133966327,
            "cou": 0.0783501937985,
            "dis": 0.104547761381,
            "hip": 0.15693578124,
            "jaz": 0.313987255096,
            "met": 0.044816005975,
            "pop": 0.0627349764109,
            "reg": 0.0627352520823,
            "roc": 0.0784252434969
        },
        "probability": 0.313987255096,
        "value": "jaz"
    },
    "ismir04_rhythm": {
        "all": {
            "ChaChaCha": 0.222159475088,
            "Jive": 0.39477288723,
            "Quickstep": 0.0344969779253,
            "Rumba-American": 0.0150574631989,
            "Rumba-International": 0.0285574104637,
            "Rumba-Misc": 0.00648971134797,
            "Samba": 0.111482322216,
            "Tango": 0.0612148307264,
            "VienneseWaltz": 0.10709630698,
            "Waltz": 0.0186726059765
        },
        "probability": 0.39477288723,
        "value": "Jive"
    },
    "mood_acoustic": {
        "all": {
            "acoustic": 0.0746328607202,
            "not_acoustic": 0.925367116928
        },
        "probability": 0.925367116928,
        "value": "not_acoustic"
    },
    "mood_aggressive": {
        "all": {
            "aggressive": 0.694096148014,
            "not_aggressive": 0.305903822184
        },
        "probability": 0.694096148014,
        "value": "aggressive"
    },
    "mood_electronic": {
        "all": {
            "electronic": 0.250363379717,
            "not_electronic": 0.749636650085
        },
        "probability": 0.749636650085,
        "value": "not_electronic"
    },
    "mood_happy": {
        "all": {
            "happy": 0.742560446262,
            "not_happy": 0.257439553738
        },
        "probability": 0.742560446262,
        "value": "happy"
    },
    "mood_party": {
        "all": {
            "not_party": 0.376498132944,
            "party": 0.623501896858
        },
        "probability": 0.623501896858,
        "value": "party"
    },
    "mood_relaxed": {
        "all": {
            "not_relaxed": 0.661602735519,
            "relaxed": 0.338397264481
        },
        "probability": 0.661602735519,
        "value": "not_relaxed"
    },
    "mood_sad": {
        "all": {
            "not_sad": 0.797956824303,
            "sad": 0.2020432055
        },
        "probability": 0.797956824303,
        "value": "not_sad"
    },
    "moods_mirex": {
        "all": {
            "Cluster1": 0.586948573589,
            "Cluster2": 0.181230932474,
            "Cluster3": 0.115991823375,
            "Cluster4": 0.0834230482578,
            "Cluster5": 0.0324056074023
        },
        "probability": 0.586948573589,
        "value": "Cluster1"
    },
    "timbre": {
        "all": {
            "bright": 0.999990403652,
            "dark": 9.62234116741e-06
        },
        "probability": 0.999990403652,
        "value": "bright"
    },
    "tonal_atonal": {
        "all": {
            "atonal": 0.01978257671,
            "tonal": 0.980217397213
        },
        "probability": 0.980217397213,
        "value": "tonal"
    },
    "voice_instrumental": {
        "all": {
            "instrumental": 0.0160999726504,
            "voice": 0.983900010586
        },
        "probability": 0.983900010586,
        "value": "voice"
    }
},
"lowlevel": {
    "average_loudness": 0.984231710434,
    "barkbands_crest": {
        "dmean": 2.7073764801,
        "dmean2": 4.51221323013,
        "dvar": 6.93356180191,
        "dvar2": 18.6619338989,
        "max": 22.6123485565,
        "mean": 11.1983060837,
        "median": 10.7468614578,
        "min": 3.24667048454,
        "var": 17.3842754364
    },
    "barkbands_flatness_db": {
        "dmean": 0.0200682654977,
        "dmean2": 0.0333421193063,
        "dvar": 0.000400799151976,
        "dvar2": 0.00110826513264,
        "max": 0.25163680315,
        "mean": 0.135190859437,
        "median": 0.130276635289,
        "min": 0.0621319934726,
        "var": 0.000962736434303
    },
    "barkbands_kurtosis": {
        "dmean": 2.52229094505,
        "dmean2": 4.45611619949,
        "dvar": 20.3682422638,
        "dvar2": 58.3012809753,
        "max": 51.4639854431,
        "mean": 2.77675056458,
        "median": 1.52352571487,
        "min": -1.76870012283,
        "var": 19.3051986694
    },
    "barkbands_skewness": {
        "dmean": 0.524975121021,
        "dmean2": 0.891985952854,
        "dvar": 0.412341624498,
        "dvar2": 1.14999079704,
        "max": 6.38722038269,
        "mean": 1.62742137909,
        "median": 1.49391436577,
        "min": -0.589298725128,
        "var": 0.668161451817
    },
    "barkbands_spread": {
        "dmean": 5.98815822601,
        "dmean2": 9.78079128265,
        "dvar": 38.2377586365,
        "dvar2": 94.7236633301,
        "max": 83.2833557129,
        "mean": 26.1671504974,
        "median": 25.1466255188,
        "min": 3.25450801849,
        "var": 110.889091492
    },
    "dissonance": {
        "dmean": 0.0141382841393,
        "dmean2": 0.0236841328442,
        "dvar": 0.000170955085196,
        "dvar2": 0.000479869893752,
        "max": 0.499986380339,
        "mean": 0.474695950747,
        "median": 0.478699684143,
        "min": 0.3692727983,
        "var": 0.000304933259031
    },
    "dynamic_complexity": 1.05803394318,
    "erbbands_crest": {
        "dmean": 2.46872210503,
        "dmean2": 4.09099960327,
        "dvar": 5.48780012131,
        "dvar2": 14.4122543335,
        "max": 25.1168193817,
        "mean": 7.62592840195,
        "median": 6.78713035583,
        "min": 2.63248252869,
        "var": 12.5585451126
    },
    "erbbands_flatness_db": {
        "dmean": 0.0145503729582,
        "dmean2": 0.0227539632469,
        "dvar": 0.000166953133885,
        "dvar2": 0.000358384597348,
        "max": 0.24984793365,
        "mean": 0.138091430068,
        "median": 0.134588673711,
        "min": 0.0793209373951,
        "var": 0.00065646058647
    },
    "erbbands_kurtosis": {
        "dmean": 0.602831721306,
        "dmean2": 0.963659524918,
        "dvar": 0.422525256872,
        "dvar2": 1.02593851089,
        "max": 10.5392112732,
        "mean": -0.240908309817,
        "median": -0.430880784988,
        "min": -1.54437577724,
        "var": 0.891051530838
    },
    "erbbands_skewness": {
        "dmean": 0.304652035236,
        "dmean2": 0.480115175247,
        "dvar": 0.0642311498523,
        "dvar2": 0.158748298883,
        "max": 2.03557920456,
        "mean": 0.00201693712734,
        "median": 0.00737997470424,
        "min": -1.74591803551,
        "var": 0.229712441564
    },
    "erbbands_spread": {
        "dmean": 9.07283782959,
        "dmean2": 14.416601181,
        "dvar": 74.0117034912,
        "dvar2": 184.641433716,
        "max": 98.2288360596,
        "mean": 43.5421791077,
        "median": 42.1577682495,
        "min": 7.82581472397,
        "var": 205.17565918
    },
    "hfc": {
        "dmean": 7.04365110397,
        "dmean2": 11.82213974,
        "dvar": 88.5276184082,
        "dvar2": 231.643981934,
        "max": 131.463439941,
        "mean": 28.1855449677,
        "median": 26.0242080688,
        "min": 7.46742343903,
        "var": 190.645553589
    },
    "melbands_crest": {
        "dmean": 2.93544721603,
        "dmean2": 4.87730836868,
        "dvar": 7.16673088074,
        "dvar2": 20.4358692169,
        "max": 28.6914043427,
        "mean": 15.2866458893,
        "median": 15.3177595139,
        "min": 4.72566795349,
        "var": 15.7390623093
    },
    "melbands_flatness_db": {
        "dmean": 0.0234229639173,
        "dmean2": 0.0388355888426,
        "dvar": 0.000679026998114,
        "dvar2": 0.00188935862388,
        "max": 0.349272936583,
        "mean": 0.190216422081,
        "median": 0.18642501533,
        "min": 0.0888720601797,
        "var": 0.00162120279856
    },
    "melbands_kurtosis": {
        "dmean": 7.73234987259,
        "dmean2": 13.3858680725,
        "dvar": 175.322052002,
        "dvar2": 494.872283936,
        "max": 127.861984253,
        "mean": 13.1353769302,
        "median": 9.73132038116,
        "min": -1.2571349144,
        "var": 165.883834839
    },
    "melbands_skewness": {
        "dmean": 0.785773515701,
        "dmean2": 1.30695581436,
        "dvar": 0.93618786335,
        "dvar2": 2.58274078369,
        "max": 9.50679779053,
        "mean": 3.02001547813,
        "median": 2.85848259926,
        "min": -0.127215012908,
        "var": 1.50241994858
    },
    "melbands_spread": {
        "dmean": 6.3112077713,
        "dmean2": 10.4418067932,
        "dvar": 47.936832428,
        "dvar2": 124.146614075,
        "max": 81.1683807373,
        "mean": 21.9847278595,
        "median": 20.6870307922,
        "min": 2.02600741386,
        "var": 110.464096069
    },
    "pitch_salience": {
        "dmean": 0.0745124667883,
        "dmean2": 0.122695617378,
        "dvar": 0.00463766604662,
        "dvar2": 0.0124846855178,
        "max": 0.801148176193,
        "mean": 0.489275753498,
        "median": 0.488986968994,
        "min": 0.221206083894,
        "var": 0.00977442692965
    },
    "silence_rate_20dB": {
        "dmean": 0,
        "dmean2": 0,
        "dvar": 0,
        "dvar2": 0,
        "max": 1,
        "mean": 1,
        "median": 1,
        "min": 1,
        "var": 0
    },
    "silence_rate_30dB": {
        "dmean": 0.00928792543709,
        "dmean2": 0.018590239808,
        "dvar": 0.00920162070543,
        "dvar2": 0.0275395549834,
        "max": 1,
        "mean": 0.99535959959,
        "median": 1,
        "min": 0,
        "var": 0.00461879279464
    },
    "silence_rate_60dB": {
        "dmean": 0,
        "dmean2": 0,
        "dvar": 0,
        "dvar2": 0,
        "max": 0,
        "mean": 0,
        "median": 0,
        "min": 0,
        "var": 0
    },
    "spectral_centroid": {
        "dmean": 276.672485352,
        "dmean2": 437.582489014,
        "dvar": 70228.109375,
        "dvar2": 168191.96875,
        "max": 3617.22583008,
        "mean": 1518.07543945,
        "median": 1486.65100098,
        "min": 394.134277344,
        "var": 269548.46875
    },
    "spectral_complexity": {
        "dmean": 3.83668732643,
        "dmean2": 6.20681619644,
        "dvar": 14.8548793793,
        "dvar2": 35.3492546082,
        "max": 52,
        "mean": 26.5614852905,
        "median": 26,
        "min": 11,
        "var": 50.3467445374
    },
    "spectral_decrease": {
        "dmean": 3.88816401298e-09,
        "dmean2": 6.70853150808e-09,
        "dvar": 4.06553811678e-17,
        "dvar2": 1.15047628021e-16,
        "max": -4.01050082033e-09,
        "mean": -1.15014540114e-08,
        "median": -1.0257472205e-08,
        "min": -4.25468087428e-08,
        "var": 3.18269321208e-17
    },
    "spectral_energy": {
        "dmean": 0.0150126200169,
        "dmean2": 0.0259204786271,
        "dvar": 0.000596145633608,
        "dvar2": 0.0016816604184,
        "max": 0.165124744177,
        "mean": 0.045965667814,
        "median": 0.0412610135972,
        "min": 0.0162475816905,
        "var": 0.000472078594612
    },
    "spectral_energyband_high": {
        "dmean": 0.00053145585116,
        "dmean2": 0.000854952668305,
        "dvar": 1.09933193926e-06,
        "dvar2": 2.63478159468e-06,
        "max": 0.0160861369222,
        "mean": 0.00135382055305,
        "median": 0.000810847035609,
        "min": 2.64835525741e-05,
        "var": 2.57801207226e-06
    },
    "spectral_energyband_low": {
        "dmean": 0.0114932768047,
        "dmean2": 0.0201706867665,
        "dvar": 0.000450732943136,
        "dvar2": 0.00128703354858,
        "max": 0.153053820133,
        "mean": 0.0237316936255,
        "median": 0.0197489857674,
        "min": 0.0012652433943,
        "var": 0.000366143911378
    },
    "spectral_energyband_middle_high": {
        "dmean": 0.0021420752164,
        "dmean2": 0.00350361363962,
        "dvar": 4.60489809484e-06,
        "dvar2": 1.26804925458e-05,
        "max": 0.0313950367272,
        "mean": 0.00717683089897,
        "median": 0.00636824220419,
        "min": 0.000873762939591,
        "var": 1.47792079588e-05
    },
    "spectral_energyband_middle_low": {
        "dmean": 0.00724007608369,
        "dmean2": 0.0117213577032,
        "dvar": 0.000107890373329,
        "dvar2": 0.000292116747005,
        "max": 0.123531356454,
        "mean": 0.0149621339515,
        "median": 0.0116124395281,
        "min": 0.00225144415163,
        "var": 0.000127258244902
    },
    "spectral_entropy": {
        "dmean": 0.118521615863,
        "dmean2": 0.181501030922,
        "dvar": 0.0120861912146,
        "dvar2": 0.028042010963,
        "max": 8.3967924118,
        "mean": 7.69253635406,
        "median": 7.68338775635,
        "min": 6.77991533279,
        "var": 0.0550933815539
    },
    "spectral_flux": {
        "dmean": 0.0318219847977,
        "dmean2": 0.0504516065121,
        "dvar": 0.00156240141951,
        "dvar2": 0.00290085584857,
        "max": 0.35039305687,
        "mean": 0.106729976833,
        "median": 0.0917658731341,
        "min": 0.037646189332,
        "var": 0.0026314985007
    },
    "spectral_kurtosis": {
        "dmean": 1.14116418362,
        "dmean2": 1.93662106991,
        "dvar": 1.41501796246,
        "dvar2": 4.10995101929,
        "max": 15.1417751312,
        "mean": 3.0782160759,
        "median": 2.87021207809,
        "min": -0.769288539886,
        "var": 3.30220389366
    },
    "spectral_rms": {
        "dmean": 0.000977904768661,
        "dmean2": 0.00165510433726,
        "dvar": 1.83842928436e-06,
        "dvar2": 5.14496605319e-06,
        "max": 0.0126924114302,
        "mean": 0.00656643137336,
        "median": 0.006344655063,
        "min": 0.00398136908188,
        "var": 1.72660850239e-06
    },
    "spectral_rolloff": {
        "dmean": 480.863830566,
        "dmean2": 826.118408203,
        "dvar": 397207.5,
        "dvar2": 952526.125,
        "max": 7558.15429688,
        "mean": 1234.28991699,
        "median": 1141.25976562,
        "min": 107.666015625,
        "var": 786566.9375
    },
    "spectral_skewness": {
        "dmean": 0.186594098806,
        "dmean2": 0.304501950741,
        "dvar": 0.0324808321893,
        "dvar2": 0.0862798914313,
        "max": 2.88606095314,
        "mean": 1.28199374676,
        "median": 1.30984699726,
        "min": 0.138693168759,
        "var": 0.13251927495
    },
    "spectral_spread": {
        "dmean": 415693.90625,
        "dmean2": 615828.9375,
        "dvar": 176755605504,
        "dvar2": 343788912640,
        "max": 7881972.5,
        "mean": 4469356,
        "median": 4427855,
        "min": 2401006.5,
        "var": 723577012224
    },
    "spectral_strongpeak": {
        "dmean": 0.343421399593,
        "dmean2": 0.612171828747,
        "dvar": 0.455106943846,
        "dvar2": 1.26454806328,
        "max": 7.17786884308,
        "mean": 0.664047658443,
        "median": 0.482980132103,
        "min": 0,
        "var": 0.532422244549
    },
    "zerocrossingrate": {
        "dmean": 0.00793948303908,
        "dmean2": 0.00994490087032,
        "dvar": 5.40133187314e-05,
        "dvar2": 7.62363633839e-05,
        "max": 0.17431640625,
        "mean": 0.0541606992483,
        "median": 0.05224609375,
        "min": 0.01416015625,
        "var": 0.000372270995285
    },
    "barkbands": {
        "dmean": [0.000485016324092, 0.00821979902685, 0.00398451182991, 0.0018337413203, 0.00389885134064, 0.00136583042331, 0.00118519901298, 0.00146415398922, 0.000480058952235, 0.000639493810013, 0.000213721606997, 0.000661858299281, 0.000707279366907, 0.000261264445726, 0.000686167448293, 0.000199912246899, 0.000373564660549, 0.000367592147086, 0.000264213129412, 0.000164041965036, 0.000184026779607, 0.000185222641448, 9.31598478928e-05, 7.65186996432e-05, 4.21049226134e-05, 1.01832529253e-05, 4.21136867601e-08],
        "dmean2": [0.000739523035008, 0.0143945235759, 0.00714223179966, 0.00314642465673, 0.006415465381, 0.00222568074241, 0.00189276516903, 0.00230498309247, 0.000677821459249, 0.00100600370206, 0.00034273674828, 0.00111452897545, 0.00117219006643, 0.000443007302238, 0.00120413117111, 0.000339320802595, 0.000641782709863, 0.000612120493315, 0.000434711459093, 0.000277284358162, 0.000310575269395, 0.000318667036481, 0.000150322099216, 0.000118725067296, 6.67490967317e-05, 1.70975854417e-05, 7.57115046213e-08],
        "dvar": [8.9650808377e-07, 0.000215965876123, 7.97072934802e-05, 1.65100609593e-05, 4.12984227296e-05, 5.3121198107e-06, 5.76327011004e-06, 5.40903647561e-06, 1.53499661337e-06, 6.16119734786e-07, 2.21470344286e-07, 8.73860699357e-07, 2.0810884962e-06, 2.83669891132e-07, 9.35926038892e-07, 4.69229810562e-08, 3.37096338399e-07, 2.14910258478e-07, 1.46739481011e-07, 4.86849742742e-08, 8.56525446125e-08, 1.2629612911e-07, 6.47981863722e-08, 6.66752768552e-08, 4.75312100789e-09, 2.3444943209e-10, 1.8428963596e-14],
        "dvar2": [2.22740754907e-06, 0.000610758899711, 0.000229669807595, 4.35344772995e-05, 0.000108861924673, 1.40492584251e-05, 1.68994447449e-05, 1.27720250021e-05, 2.08527444556e-06, 1.40920690228e-06, 5.08696587076e-07, 2.25193548431e-06, 5.55760743737e-06, 8.05030538231e-07, 2.74953595181e-06, 1.24723413819e-07, 9.69614575297e-07, 5.53562642835e-07, 3.6999156805e-07, 1.38397098226e-07, 2.21042597559e-07, 3.1924855648e-07, 1.49592793264e-07, 1.52910189399e-07, 1.19628715822e-08, 6.08668337954e-10, 4.77266541717e-14],
        "max": [0.00716269714758, 0.107216522098, 0.0794679149985, 0.0720445364714, 0.078139513731, 0.0390820465982, 0.0535544194281, 0.0351088866591, 0.0389754064381, 0.0161616690457, 0.0168916862458, 0.0130569608882, 0.0248484611511, 0.00796420592815, 0.00969538185745, 0.0023749077227, 0.00793156865984, 0.00462996959686, 0.00564489979297, 0.0030131873209, 0.00391946872696, 0.00621360400692, 0.00428234087303, 0.00461254967377, 0.0013734002132, 0.000151440792251, 2.36078540183e-06],
        "mean": [0.000549366581254, 0.0163806583732, 0.00561037706211, 0.00216383510269, 0.00524469744414, 0.00222510076128, 0.00187671382446, 0.00232618767768, 0.000988475629129, 0.00100175966509, 0.000327835528878, 0.000979920034297, 0.00115993071813, 0.000390375585994, 0.0010438458994, 0.000367851025658, 0.000655812793411, 0.000659155659378, 0.000530043733306, 0.000344832340488, 0.00037912913831, 0.000328337046085, 0.000194874664885, 0.000148623163113, 7.59924587328e-05, 1.19782571346e-05, 3.29917000386e-08],
        "median": [9.24499472603e-05, 0.0130933690816, 0.00287359114736, 0.000954798772, 0.0030818474479, 0.00146480370313, 0.00105370965321, 0.00104288721923, 0.0003474127152, 0.000647537526675, 0.000170671817614, 0.000640675192699, 0.00052358355606, 0.000202113878913, 0.000667847518343, 0.000305621186271, 0.00042968604248, 0.000439712603111, 0.000329350208631, 0.000237489919527, 0.000193639105419, 0.00017528598255, 9.97246315819e-05, 8.77122583915e-05, 5.72845019633e-05, 6.61141302771e-06, 3.94213861554e-09],
        "min": [5.69432074826e-07, 0.000498839013744, 6.09419730608e-05, 8.19736487756e-06, 0.000119755408377, 5.11409634782e-05, 1.18274328997e-05, 1.85026328836e-05, 3.83324440918e-05, 1.16580113172e-05, 8.51239838084e-06, 4.19594543928e-05, 1.57571394084e-05, 9.57958036452e-06, 3.82819307561e-05, 2.44275342993e-05, 1.60976687766e-05, 2.14055962715e-05, 1.87910063687e-05, 1.07575024231e-05, 6.77083744449e-06, 5.70408519707e-06, 3.09790107167e-06, 5.23209564562e-07, 1.19006990928e-08, 6.97105741188e-12, 7.22578203868e-12],
        "var": [1.17967340429e-06, 0.000221120833885, 6.10442002653e-05, 2.08960555028e-05, 4.08213927585e-05, 6.36999584458e-06, 8.29559121485e-06, 1.19958749565e-05, 8.71306656336e-06, 1.29477291466e-06, 6.0784532252e-07, 1.24333416807e-06, 4.38760162069e-06, 4.07018433179e-07, 1.28938904709e-06, 6.94171120585e-08, 5.44484350939e-07, 4.23235917424e-07, 4.15951092236e-07, 1.0814547835e-07, 2.20295632403e-07, 2.20869125656e-07, 1.19989280734e-07, 1.06652372267e-07, 6.03060490434e-09, 2.67123156927e-10, 1.72508881501e-14]
    },
    "erbbands": {
        "dmean": [0.192286208272, 2.07809209824, 4.61920404434, 5.39326858521, 10.8481740952, 12.7670354843, 12.0594882965, 11.2493858337, 16.2720832825, 18.6089172363, 33.7393684387, 12.5897264481, 8.64947319031, 23.1727619171, 11.5182323456, 29.1191711426, 33.7181930542, 15.734172821, 38.3423461914, 11.7740840912, 17.489522934, 13.8591375351, 17.8406581879, 11.7651433945, 15.0734596252, 8.21307277679, 7.45550680161, 7.13881778717, 7.3472070694, 3.72910857201, 2.7434015274, 1.93961000443, 1.12434220314, 0.534117102623, 0.32140570879, 0.069991081953, 0.0159370936453, 0.00111762690358, 3.19934624713e-05, 1.80309361895e-05],
        "dmean2": [0.345539957285, 3.56093263626, 8.19285964966, 9.3299779892, 18.350315094, 20.9874076843, 18.8793525696, 18.8381385803, 25.7239055634, 30.4547157288, 52.5398788452, 17.8437309265, 13.0587434769, 36.8596611023, 19.1614131927, 48.3855400085, 55.9072113037, 26.8311271667, 67.2520370483, 20.4141426086, 30.1176509857, 23.5661888123, 29.7306842804, 19.3250999451, 25.0987911224, 13.9121398926, 12.5011091232, 12.074798584, 12.6843128204, 6.29918670654, 4.37319755554, 2.99358773232, 1.77249765396, 0.862218081951, 0.510912299156, 0.115372166038, 0.0275906920433, 0.00197125039995, 5.46733463125e-05, 3.09004281007e-05],
        "dvar": [0.0957101136446, 14.6802968979, 102.582771301, 121.669685364, 575.863525391, 414.237182617, 267.566345215, 622.596008301, 667.435974121, 1862.0291748, 3045.03393555, 1101.42321777, 274.828186035, 697.881530762, 340.130310059, 1741.29138184, 4904.50048828, 952.796508789, 3270.98339844, 209.238311768, 488.369537354, 321.001464844, 537.544921875, 203.528366089, 492.710662842, 121.94002533, 118.522651672, 166.448226929, 184.992599487, 65.6755828857, 73.6681137085, 45.8421134949, 11.1209611893, 1.08474779129, 0.180624529719, 0.00917817745358, 0.000655745330732, 4.33546938439e-06, 2.45794762321e-09, 7.63854479668e-10],
        "dvar2": [0.299749493599, 39.977897644, 292.05090332, 328.340423584, 1561.64978027, 1058.59008789, 594.288513184, 1725.16674805, 1714.74560547, 5356.74365234, 7065.11621094, 1503.90246582, 488.471191406, 1707.49560547, 865.798339844, 4276.12597656, 13172.3056641, 2727.75561523, 9577.47558594, 596.119506836, 1421.32348633, 893.516479492, 1374.97680664, 511.160675049, 1283.84533691, 353.771118164, 323.291778564, 415.608398438, 465.977294922, 173.89024353, 166.276397705, 107.570404053, 24.6417579651, 2.73135519028, 0.39809936285, 0.0222532507032, 0.00165853276849, 1.17163708637e-05, 6.18659834473e-09, 2.12389283938e-09],
        "max": [2.06095266342, 27.5140037537, 89.2111816406, 172.961395264, 298.660980225, 202.554962158, 160.074737549, 481.890289307, 479.804138184, 720.22479248, 874.723754883, 1049.63586426, 551.73223877, 271.187713623, 426.556243896, 651.758666992, 1320.8885498, 406.223602295, 563.547241211, 151.479385376, 275.860229492, 232.123855591, 234.345306396, 234.52154541, 329.952148438, 171.114089966, 146.312271118, 205.934555054, 204.974060059, 118.148101807, 145.796630859, 131.602127075, 64.6134338379, 22.6390762329, 3.83021426201, 0.969104170799, 0.20627400279, 0.0149062462151, 0.00054591416847, 0.000206728451303],
        "mean": [0.322990238667, 4.16363143921, 7.70214700699, 7.05085229874, 12.5931968689, 17.35247612, 18.6080055237, 16.7753829956, 27.1527175903, 30.3628005981, 54.0188980103, 27.5062541962, 16.576051712, 36.3208007812, 21.0166130066, 46.3267631531, 57.1899185181, 27.0971641541, 57.2247123718, 22.9581279755, 30.9227085114, 28.4382228851, 34.2843399048, 24.3733444214, 30.1638450623, 18.2724933624, 15.5916852951, 14.4132471085, 12.9376726151, 7.34980821609, 5.28609991074, 3.86553001404, 2.02135038376, 0.973317325115, 0.492561072111, 0.102234169841, 0.0162367727607, 0.00100283510983, 5.68630675843e-05, 5.73031247768e-05],
        "median": [0.264895558357, 3.12503910065, 5.1517996788, 3.77481484413, 5.59552526474, 9.19279098511, 11.753663063, 10.0517482758, 17.4240322113, 13.232175827, 27.0055217743, 10.5816364288, 10.5873622894, 23.5225143433, 14.4741773605, 30.2106552124, 26.2628917694, 15.4262599945, 35.2233505249, 18.5720386505, 23.6922969818, 21.1240634918, 24.1230297089, 19.2215309143, 18.751701355, 12.6474666595, 8.75747203827, 7.24458360672, 6.76538085938, 3.52300047874, 2.70126056671, 2.24589633942, 1.17002534866, 0.692241668701, 0.33542779088, 0.068899191916, 0.00610830960795, 0.000279329309706, 4.02032601414e-05, 5.17866537848e-05],
        "min": [0.00593134574592, 0.109482884407, 0.294903218746, 0.181338399649, 0.380314975977, 0.430922031403, 0.269564539194, 0.627769768238, 1.17161273956, 1.29461765289, 0.618819177151, 1.3274589777, 1.29627716541, 1.5249556303, 1.17241239548, 1.61686635017, 2.6479268074, 0.986950516701, 2.08574295044, 2.56514120102, 1.82521224022, 1.56725692749, 1.10397911072, 1.12217605114, 0.881310045719, 0.509108126163, 0.453996956348, 0.162221089005, 0.259508430958, 0.0995633453131, 0.0775061696768, 0.041393507272, 0.00325585179962, 0.00112547108438, 0.000162591517437, 9.92435598164e-05, 2.06560762308e-05, 3.72866179532e-06, 8.67460312293e-06, 1.88124486158e-05],
        "var": [0.0947355702519, 14.6356086731, 73.2494049072, 140.228713989, 480.315704346, 462.134857178, 425.758514404, 569.649536133, 1012.63787842, 3249.09155273, 6629.91894531, 6357.36962891, 726.592285156, 1334.46118164, 728.085449219, 2538.23120117, 10542.6044922, 1568.87341309, 4519.37109375, 282.204223633, 699.548828125, 684.184326172, 1095.79199219, 462.169464111, 1318.31018066, 322.125671387, 295.533447266, 382.083068848, 337.140991211, 117.114837646, 120.196960449, 71.7985992432, 18.340675354, 1.4350092411, 0.259085565805, 0.0125717725605, 0.00067303708056, 3.67732945961e-06, 2.78356648842e-09, 6.58295251643e-10]
    },
    "gfcc": {
        "mean": [49.8686332703, 102.958129883, -123.933822632, 53.9391860962, -59.0986633301, 26.2376289368, -37.2130050659, 12.5287504196, -20.2887401581, 5.83067083359, -8.01393890381, -2.1821782589, -6.80980348587],
        "cov": [[591.105773926, -328.96206665, 54.2272262573, 61.9084434509, -130.453155518, -27.346452713, -73.0583877563, -20.5209999084, -82.3281936646, 30.9885044098, -58.5033607483, 13.8644208908, -81.328163147], [-328.96206665, 353.633148193, -84.1659545898, -62.7031478882, 100.999572754, -45.0158615112, 60.2470779419, -3.19904899597, 62.0142326355, -47.3526878357, 59.9856796265, -34.0192070007, 42.2549209595], [54.2272262573, -84.1659545898, 280.576293945, -39.3581008911, -22.9378242493, 54.7305221558, -46.8898429871, 4.81340456009, -55.2385673523, 29.4065647125, -78.0942077637, 48.7167320251, 10.8699102402], [61.9084434509, -62.7031478882, -39.3581008911, 240.149673462, -29.3874740601, 14.0337352753, 32.3385848999, -56.0821990967, 47.3239517212, -27.0825481415, 28.2135429382, -26.8876399994, 53.338180542], [-130.453155518, 100.999572754, -22.9378242493, -29.3874740601, 160.489639282, -20.3520526886, -1.54992377758, 20.856256485, 5.43398141861, 1.71158885956, 1.87900769711, 6.26143264771, -2.67343473434], [-27.346452713, -45.0158615112, 54.7305221558, 14.0337352753, -20.3520526886, 122.647445679, 38.815372467, 4.3762345314, 3.25094032288, 8.60567855835, 5.21386909485, 14.448800087, 36.0627098083], [-73.0583877563, 60.2470779419, -46.8898429871, 32.3385848999, -1.54992377758, 38.815372467, 129.078903198, 15.2945575714, 51.1240386963, -10.105890274, 33.3282203674, -6.64211988449, 23.2776298523], [-20.5209999084, -3.19904899597, 4.81340456009, -56.0821990967, 20.856256485, 4.3762345314, 15.2945575714, 90.4155502319, 9.76126003265, 20.9585456848, -6.82441902161, 2.87283325195, -7.8980550766], [-82.3281936646, 62.0142326355, -55.2385673523, 47.3239517212, 5.43398141861, 3.25094032288, 51.1240386963, 9.76126003265, 99.0821075439, 7.46850347519, 37.266872406, -19.2465419769, 22.8978939056], [30.9885044098, -47.3526878357, 29.4065647125, -27.0825481415, 1.71158885956, 8.60567855835, -10.105890274, 20.9585456848, 7.46850347519, 67.0020370483, 0.0661482140422, 21.1793003082, -9.53572654724], [-58.5033607483, 59.9856796265, -78.0942077637, 28.2135429382, 1.87900769711, 5.21386909485, 33.3282203674, -6.82441902161, 37.266872406, 0.0661482140422, 84.9262237549, -2.12959074974, 14.7862024307], [13.8644208908, -34.0192070007, 48.7167320251, -26.8876399994, 6.26143264771, 14.448800087, -6.64211988449, 2.87283325195, -19.2465419769, 21.1793003082, -2.12959074974, 70.3644332886, 20.7580413818], [-81.328163147, 42.2549209595, 10.8699102402, 53.338180542, -2.67343473434, 36.0627098083, 23.2776298523, -7.8980550766, 22.8978939056, -9.53572654724, 14.7862024307, 20.7580413818, 94.7544174194]],
        "icov": [[0.00469295214862, 0.00351103348657, -7.41725816624e-05, -0.000922802253626, 0.0016655838117, 0.00238165282644, -0.000585892994422, 0.000292749202345, 0.00179778621532, -0.000442633754574, -5.53827085241e-05, -0.000159509887453, 0.0018637184985], [0.00351103348657, 0.0183537751436, -0.00400841375813, 0.0116703053936, -0.00730023346841, 0.010932049714, -0.00711250118911, 0.00763220107183, -0.00471589062363, 0.00797423161566, -0.0106800515205, 0.0124797252938, -0.0123890861869], [-7.41725816624e-05, -0.00400841375813, 0.00789039488882, -0.00306998752058, 0.00275045610033, -0.0054355962202, 0.00319818779826, -0.00167382042855, 0.00209970702417, -0.00371785205789, 0.00835016649216, -0.00624213786796, 0.00295086950064], [-0.000922802253626, 0.0116703053936, -0.00306998752058, 0.0165991913527, -0.00640033045784, 0.00680966116488, -0.00567443203181, 0.00961942132562, -0.00711403926834, 0.00691762613133, -0.00852557644248, 0.0125467302278, -0.0145673956722], [0.0016655838117, -0.00730023346841, 0.00275045610033, -0.00640033045784, 0.0120178414509, -0.00317775015719, 0.00366687076166, -0.00523743452504, 0.00330250198022, -0.0041617648676, 0.00602619722486, -0.00802239775658, 0.00778368907049], [0.00238165282644, 0.010932049714, -0.0054355962202, 0.00680966116488, -0.00317775015719, 0.0188513509929, -0.00874140299857, 0.00432217447087, -0.000251534482231, 0.00241805310361, -0.00838558096439, 0.00882081966847, -0.0111168744043], [-0.000585892994422, -0.00711250118911, 0.00319818779826, -0.00567443203181, 0.00366687076166, -0.00874140299857, 0.0155090196058, -0.00580114359036, -0.00309822615236, 0.000294823548757, 0.00339847826399, -0.00728008616716, 0.00647593289614], [0.000292749202345, 0.00763220107183, -0.00167382042855, 0.00961942132562, -0.00523743452504, 0.00432217447087, -0.00580114359036, 0.0188872534782, -0.00451423972845, -0.000282414635876, -0.0028277086094, 0.00765737565234, -0.00734220957384], [0.00179778621532, -0.00471589062363, 0.00209970702417, -0.00711403926834, 0.00330250198022, -0.000251534482231, -0.00309822615236, -0.00451423972845, 0.0215976499021, -0.00963446777314, -4.90913989779e-05, 0.00119470141362, 0.00154067820404], [-0.000442633754574, 0.00797423161566, -0.00371785205789, 0.00691762613133, -0.0041617648676, 0.00241805310361, 0.000294823548757, -0.000282414635876, -0.00963446777314, 0.0262102894485, -0.00728216813877, -0.00101929425728, -0.00221154582687], [-5.53827085241e-05, -0.0106800515205, 0.00835016649216, -0.00852557644248, 0.00602619722486, -0.00838558096439, 0.00339847826399, -0.0028277086094, -4.90913989779e-05, -0.00728216813877, 0.0268392357975, -0.0121135925874, 0.00859185960144], [-0.000159509887453, 0.0124797252938, -0.00624213786796, 0.0125467302278, -0.00802239775658, 0.00882081966847, -0.00728008616716, 0.00765737565234, 0.00119470141362, -0.00101929425728, -0.0121135925874, 0.0331590510905, -0.0189707037061], [0.0018637184985, -0.0123890861869, 0.00295086950064, -0.0145673956722, 0.00778368907049, -0.0111168744043, 0.00647593289614, -0.00734220957384, 0.00154067820404, -0.00221154582687, 0.00859185960144, -0.0189707037061, 0.0300077013671]]
    },
    "melbands": {
        "dmean": [0.002022751607, 0.0025248285383, 0.00101550715044, 0.000948421249632, 0.000417498697061, 0.000249813048868, 0.000253388629062, 0.000213558669202, 0.000254557991866, 6.82320678607e-05, 4.43231547251e-05, 0.000101136094599, 3.23448985e-05, 7.73002466303e-05, 8.2555343397e-05, 5.23793387401e-05, 2.96962170978e-05, 5.69680851186e-05, 3.38720856234e-05, 1.27486036945e-05, 2.51750479947e-05, 1.80270908459e-05, 1.09615384645e-05, 2.46796989813e-05, 7.83496852819e-06, 1.38808527481e-05, 6.41225233267e-06, 6.29657915852e-06, 4.49300478067e-06, 5.19363402418e-06, 4.71987686979e-06, 4.70020631838e-06, 2.97309316011e-06, 1.90298487723e-06, 1.74439867351e-06, 1.54155804921e-06, 1.2576001609e-06, 9.4450706456e-07, 6.15753037891e-07, 4.43700201913e-07],
        "dmean2": [0.0035919197835, 0.00438690185547, 0.00174864090513, 0.00157060741913, 0.00065800792072, 0.000416018621763, 0.000401593599236, 0.000347619294189, 0.000391878566006, 9.66448278632e-05, 6.75667979522e-05, 0.000161116098752, 5.23815688211e-05, 0.00013075771858, 0.000134615795105, 8.74757388374e-05, 5.04360723426e-05, 9.96421731543e-05, 5.93925651629e-05, 2.14461088035e-05, 4.35313777416e-05, 3.09210954583e-05, 1.87496189028e-05, 4.10090542573e-05, 1.2891170627e-05, 2.28476073971e-05, 1.06002853499e-05, 1.0765334082e-05, 7.52517462388e-06, 8.87909482117e-06, 7.90407830209e-06, 8.20067270979e-06, 5.0698290579e-06, 3.18909405905e-06, 2.83850999949e-06, 2.38785969486e-06, 1.99344344765e-06, 1.53592873176e-06, 1.00730926533e-06, 7.18259855148e-07],
        "dvar": [1.1765329873e-05, 2.59765438386e-05, 4.13453790316e-06, 2.9892130442e-06, 2.68901061418e-07, 2.66253522341e-07, 1.89086890146e-07, 1.94207714799e-07, 1.6448186102e-07, 3.29687139811e-08, 7.0142855968e-09, 1.3412601696e-08, 4.11021883195e-09, 1.19595711112e-08, 2.1795004912e-08, 1.04276391966e-08, 4.01459443466e-09, 7.01170366213e-09, 1.86725190865e-09, 2.09972747522e-10, 1.38777556113e-09, 7.27846949378e-10, 1.9967416609e-10, 1.24097954135e-09, 1.23754381742e-10, 4.28087704174e-10, 9.26488469277e-11, 9.08564473656e-11, 4.24763973994e-11, 6.19655715628e-11, 7.30676144589e-11, 8.14418185668e-11, 3.41705240492e-11, 1.72342765059e-11, 2.65964177765e-11, 2.27035612532e-11, 1.95987271551e-11, 7.36502091953e-12, 2.78008106987e-12, 4.6756001848e-13],
        "dvar2": [3.46498745785e-05, 7.2102433478e-05, 1.13337573566e-05, 7.87904718891e-06, 6.22594882316e-07, 7.24197832369e-07, 5.17337355177e-07, 5.35775086519e-07, 3.79753402058e-07, 4.62100899767e-08, 1.26148620438e-08, 3.28531974958e-08, 9.78074155e-09, 3.21575441831e-08, 5.59230883823e-08, 2.84178085508e-08, 1.14130065398e-08, 2.03539833876e-08, 5.57673152102e-09, 5.57969614956e-10, 4.09386302636e-09, 2.06400252445e-09, 5.31808763693e-10, 3.17888804169e-09, 3.02951302933e-10, 1.08243936037e-09, 2.33639607661e-10, 2.688999301e-10, 1.15852140381e-10, 1.68260641531e-10, 1.85511231376e-10, 2.09944076013e-10, 8.39066038871e-11, 4.80074383025e-11, 6.12920131315e-11, 5.04017140524e-11, 4.79947886989e-11, 1.63829349392e-11, 6.84350362837e-12, 1.1940814006e-12],
        "max": [0.0247087292373, 0.0403549894691, 0.0266748517752, 0.0207151826471, 0.00455792760476, 0.00946788676083, 0.00923184026033, 0.00771204242483, 0.00641023973003, 0.00563384359702, 0.00274830101989, 0.00107239175122, 0.00219420809299, 0.00161487539299, 0.00261869258247, 0.00190333079081, 0.000916765478905, 0.000804881332442, 0.000438789837062, 0.000172605519765, 0.000491317885462, 0.000375139614334, 0.000291751784971, 0.000365258660167, 0.000203180141398, 0.000261749926722, 0.000182020783541, 0.000153107743245, 8.02721915534e-05, 0.000112955829536, 0.000132026718347, 0.000141496449942, 8.81939631654e-05, 8.00479392637e-05, 9.1483387223e-05, 7.98365363153e-05, 8.3295366494e-05, 5.24403476447e-05, 3.58971155947e-05, 1.2489474102e-05],
        "mean": [0.00395634956658, 0.00476669799536, 0.00132879777811, 0.00119035074022, 0.000635121774394, 0.000379613338737, 0.000422722863732, 0.000355632510036, 0.000416406634031, 0.000143654149724, 8.06726311566e-05, 0.000154140841914, 5.50509503228e-05, 0.0001149243908, 0.000135695372592, 8.9013716206e-05, 4.35681504314e-05, 8.36281542433e-05, 5.35070175829e-05, 2.3788159524e-05, 4.05439350288e-05, 3.27655179717e-05, 2.11239712371e-05, 4.15468457504e-05, 1.46722040881e-05, 2.58072814177e-05, 1.27454040921e-05, 1.26786189867e-05, 8.72716009326e-06, 9.68221593212e-06, 8.49603475217e-06, 7.68942118157e-06, 5.33679940418e-06, 3.6076444303e-06, 3.04909713122e-06, 2.7699391012e-06, 2.20664446715e-06, 1.53547500759e-06, 1.02058641005e-06, 7.3807359513e-07],
        "median": [0.00322384387255, 0.00398230971768, 0.000751826737542, 0.000585283560213, 0.000423089397373, 0.00023435424373, 0.00027032912476, 0.000155795758474, 0.000198845213163, 5.02828988829e-05, 5.04932613694e-05, 9.8476819403e-05, 3.24483225995e-05, 7.75851949584e-05, 7.89145487943e-05, 4.3128424295e-05, 2.12114537135e-05, 5.04351773998e-05, 3.68993387383e-05, 1.88043759408e-05, 2.73620789812e-05, 2.15568561543e-05, 1.51153662955e-05, 2.26990250667e-05, 1.00420984381e-05, 1.52369848365e-05, 7.91190814198e-06, 7.40576479075e-06, 5.20405728821e-06, 4.8461993174e-06, 4.25232792622e-06, 4.02234809371e-06, 2.58521436081e-06, 1.72974432644e-06, 1.48067181271e-06, 1.52672805598e-06, 1.2276683492e-06, 8.10655535588e-07, 6.34140235434e-07, 5.29099622781e-07],
        "min": [0.00010244679288, 0.000165975099662, 2.3786607926e-05, 1.79163289431e-05, 1.25855804072e-05, 1.24346333905e-05, 1.37437664307e-05, 1.08346075649e-05, 3.8294119804e-06, 4.67680729344e-06, 1.36942423978e-06, 4.18020590587e-06, 2.17263141167e-06, 5.76689762966e-06, 3.9962151277e-06, 1.7670138277e-06, 9.15644875477e-07, 2.51731148637e-06, 2.39655673795e-06, 1.71631052126e-06, 1.78173104359e-06, 6.86646842496e-07, 9.32550449306e-07, 8.90983415047e-07, 7.54388054247e-07, 5.06090998442e-07, 4.47829080485e-07, 2.5578501095e-07, 2.45136135391e-07, 7.71622339357e-08, 7.26274933527e-08, 1.59354272e-07, 8.88859403858e-08, 2.93806259322e-08, 2.45311273517e-08, 2.64953659013e-08, 5.69875169276e-09, 7.91817611479e-10, 1.41588017352e-11, 1.93779931337e-12],
