{
"highlevel": {
    "danceability": {
        "all": {
            "danceable": 0.999977350235,
            "not_danceable": 2.26778065553e-05
        },
        "probability": 0.999977350235,
        "value": "danceable"
    },
    "gender": {
        "all": {
            "female": 0.623585224152,
            "male": 0.376414775848
        },
        "probability": 0.623585224152,
        "value": "female"
    },
    "genre_dortmund": {
        "all": {
            "alternative": 0.0283432211727,
            "blues": 0.00450580567122,
            "electronic": 0.0329889878631,
            "folkcountry": 0.0402570851147,
            "funksoulrnb": 0.0221110377461,
            "jazz": 0.00735832750797,
            "pop": 0.0193451941013,
            "raphiphop": 0.812915980816,
            "rock": 0.0321743525565
        },
        "probability": 0.812915980816,
        "value": "raphiphop"
    },
    "genre_electronic": {
        "all": {
            "ambient": 0.510748028755,
            "dnb": 0.302272289991,
            "house": 0.121793307364,
            "techno": 0.021440513432,
            "trance": 0.0437458269298
        },
        "probability": 0.510748028755,
        "value": "ambient"
    },
    "genre_rosamerica": {
        "all": {
            "cla": 0.0774180740118,
            "dan": 0.0257146973163,
            "hip": 0.354700773954,
            "jaz": 0.0165702607483,
            "pop": 0.279879033566,
            "rhy": 0.199621483684,
            "roc": 0.030964916572,
            "spe": 0.0151307536289
        },
        "probability": 0.354700773954,
        "value": "hip"
    },
    "genre_tzanetakis": {
        "all": {
            "blu": 2.00933528442e-14,
            "cla": 1.10376880297e-14,
            "cou": 2.21312073892e-14,
            "dis": 1.76883671149e-14,
            "hip": 4.29576757196e-14,
            "jaz": 0.999999940395,
            "met": 2.0000017642e-08,
            "pop": 2.0000017642e-08,
            "reg": 1.66666822565e-08,
            "roc": 2.50000233848e-08
        },
        "probability": 0.999999940395,
        "value": "jaz"
    },
    "ismir04_rhythm": {
        "all": {
            "ChaChaCha": 0.0996745228767,
            "Jive": 0.0298745557666,
            "Quickstep": 0.083290271461,
            "Rumba-American": 0.0203168317676,
            "Rumba-International": 0.0471407137811,
            "Rumba-Misc": 0.0412815026939,
            "Samba": 0.241482988,
            "Tango": 0.0309247616678,
            "VienneseWaltz": 0.357942283154,
            "Waltz": 0.0480715669692
        },
        "probability": 0.357942283154,
        "value": "VienneseWaltz"
    },
    "mood_acoustic": {
        "all": {
            "acoustic": 0.492002040148,
            "not_acoustic": 0.50799793005
        },
        "probability": 0.50799793005,
        "value": "not_acoustic"
    },
    "mood_aggressive": {
        "all": {
            "aggressive": 0.201664477587,
            "not_aggressive": 0.798335552216
        },
        "probability": 0.798335552216,
        "value": "not_aggressive"
    },
    "mood_electronic": {
        "all": {
            "electronic": 0.250945448875,
            "not_electronic": 0.749054551125
        },
        "probability": 0.749054551125,
        "value": "not_electronic"
    },
    "mood_happy": {
        "all": {
            "happy": 0.462776839733,
            "not_happy": 0.537223160267
        },
        "probability": 0.537223160267,
        "value": "not_happy"
    },
    "mood_party": {
        "all": {
            "not_party": 0.94718760252,
            "party": 0.0528123825788
        },
        "probability": 0.94718760252,
        "value": "not_party"
    },
    "mood_relaxed": {
        "all": {
            "not_relaxed": 0.221841678023,
            "relaxed": 0.778158307076
        },
        "probability": 0.778158307076,
        "value": "relaxed"
    },
    "mood_sad": {
        "all": {
            "not_sad": 0.329269647598,
            "sad": 0.670730352402
        },
        "probability": 0.670730352402,
        "value": "sad"
    },
    "moods_mirex": {
        "all": {
            "Cluster1": 0.0760197341442,
            "Cluster2": 0.18811827898,
            "Cluster3": 0.345823556185,
            "Cluster4": 0.340894162655,
            "Cluster5": 0.0491442717612
        },
        "probability": 0.345823556185,
        "value": "Cluster3"
    },
    "timbre": {
        "all": {
            "bright": 0.0622193962336,
            "dark": 0.937780618668
        },
        "probability": 0.937780618668,
        "value": "dark"
    },
    "tonal_atonal": {
        "all": {
            "atonal": 0.702982366085,
            "tonal": 0.297017633915
        },
        "probability": 0.702982366085,
        "value": "atonal"
    },
    "voice_instrumental": {
        "all": {
            "instrumental": 0.000136981805554,
            "voice": 0.999863028526
        },
        "probability": 0.999863028526,
        "value": "voice"
    }
},
"lowlevel": {
    "average_loudness": 0.877452850342,
    "barkbands_crest": {
        "dmean": 2.77274608612,
        "dmean2": 4.50941944122,
        "dvar": 6.0177989006,
        "dvar2": 14.94962883,
        "max": 23.9645175934,
        "mean": 11.0178928375,
        "median": 10.579706192,
        "min": 2.21715068817,
        "var": 14.458782196
    },
    "barkbands_flatness_db": {
        "dmean": 0.0269228108227,
        "dmean2": 0.0395575203001,
        "dvar": 0.000743062526453,
        "dvar2": 0.00139086716808,
        "max": 0.479893773794,
        "mean": 0.212795391679,
        "median": 0.209592267871,
        "min": 0.048707857728,
        "var": 0.00321923126467
    },
    "barkbands_kurtosis": {
        "dmean": 3.17978167534,
        "dmean2": 5.13189554214,
        "dvar": 22.0151252747,
        "dvar2": 51.9344749451,
        "max": 52.9169998169,
        "mean": 4.44916725159,
        "median": 3.0078792572,
        "min": -1.9104244709,
        "var": 37.9656639099
    },
    "barkbands_skewness": {
        "dmean": 0.650598287582,
        "dmean2": 0.968929290771,
        "dvar": 0.390327751637,
        "dvar2": 0.815964221954,
        "max": 6.2849316597,
        "mean": 1.33898663521,
        "median": 1.28536128998,
        "min": -2.87334227562,
        "var": 1.29896652699
    },
    "barkbands_spread": {
        "dmean": 5.30867910385,
        "dmean2": 7.96497011185,
        "dvar": 69.945640564,
        "dvar2": 133.089477539,
        "max": 95.4485473633,
        "mean": 15.9738883972,
        "median": 10.2400617599,
        "min": 0.851026117802,
        "var": 232.217086792
    },
    "dissonance": {
        "dmean": 0.0397765263915,
        "dmean2": 0.0671320036054,
        "dvar": 0.00145823915955,
        "dvar2": 0.00400954438373,
        "max": 0.499975204468,
        "mean": 0.425847440958,
        "median": 0.434996634722,
        "min": 0.187196224928,
        "var": 0.00253372336738
    },
    "dynamic_complexity": 1.66192114353,
    "erbbands_crest": {
        "dmean": 3.37036585808,
        "dmean2": 5.50814437866,
        "dvar": 8.63031578064,
        "dvar2": 22.4351387024,
        "max": 31.1455574036,
        "mean": 11.8276290894,
        "median": 10.9109230042,
        "min": 2.75409388542,
        "var": 22.7184200287
    },
    "erbbands_flatness_db": {
        "dmean": 0.0253018308431,
        "dmean2": 0.0360737293959,
        "dvar": 0.000665863859467,
        "dvar2": 0.00125174573623,
        "max": 0.469283372164,
        "mean": 0.23256598413,
        "median": 0.228613004088,
        "min": 0.0875797644258,
        "var": 0.00379859469831
    },
    "erbbands_kurtosis": {
        "dmean": 2.41007566452,
        "dmean2": 3.89355063438,
        "dvar": 14.3663225174,
        "dvar2": 34.6673469543,
        "max": 60.4607887268,
        "mean": 3.54569292068,
        "median": 1.65764665604,
        "min": -1.88752257824,
        "var": 36.6860656738
    },
    "erbbands_skewness": {
        "dmean": 0.587512016296,
        "dmean2": 0.896805763245,
        "dvar": 0.359723389149,
        "dvar2": 0.790261387825,
        "max": 4.96278429031,
        "mean": 0.859765589237,
        "median": 0.856400549412,
        "min": -2.44030833244,
        "var": 1.03195858002
    },
    "erbbands_spread": {
        "dmean": 7.99385929108,
        "dmean2": 11.9652910233,
        "dvar": 148.89553833,
        "dvar2": 309.952026367,
        "max": 154.723571777,
        "mean": 25.6004257202,
        "median": 18.4651126862,
        "min": 1.24444913864,
        "var": 499.398590088
    },
    "hfc": {
        "dmean": 13.8143081665,
        "dmean2": 19.3416900635,
        "dvar": 540.588195801,
        "dvar2": 852.401611328,
        "max": 305.132263184,
        "mean": 35.9776153564,
        "median": 27.7606086731,
        "min": 2.22261404991,
        "var": 1306.41552734
    },
    "melbands_crest": {
        "dmean": 3.4457628727,
        "dmean2": 5.42695140839,
        "dvar": 9.12120723724,
        "dvar2": 22.2188873291,
        "max": 37.8259429932,
        "mean": 14.7596797943,
        "median": 12.6502542496,
        "min": 3.70231485367,
        "var": 50.4357299805
    },
    "melbands_flatness_db": {
        "dmean": 0.0318058654666,
        "dmean2": 0.0441781319678,
        "dvar": 0.00117340311408,
        "dvar2": 0.00192977511324,
        "max": 0.600013494492,
        "mean": 0.23335750401,
        "median": 0.231064766645,
        "min": 0.0272982921451,
        "var": 0.00595774920657
    },
    "melbands_kurtosis": {
        "dmean": 5.65644788742,
        "dmean2": 9.03889369965,
        "dvar": 71.8502502441,
        "dvar2": 176.795730591,
        "max": 97.3935470581,
        "mean": 8.67906093597,
        "median": 4.6971950531,
        "min": -1.85784780979,
        "var": 143.539260864
    },
    "melbands_skewness": {
        "dmean": 0.745878398418,
        "dmean2": 1.13263475895,
        "dvar": 0.558770120144,
        "dvar2": 1.30560088158,
        "max": 8.44027328491,
        "mean": 1.83695375919,
        "median": 1.60510993004,
        "min": -2.45460343361,
        "var": 2.19478011131
    },
    "melbands_spread": {
        "dmean": 8.42953014374,
        "dmean2": 11.749830246,
        "dvar": 239.541366577,
        "dvar2": 357.43170166,
        "max": 204.824035645,
        "mean": 21.3025379181,
        "median": 12.9415197372,
        "min": 1.45280754566,
        "var": 676.78112793
    },
    "pitch_salience": {
        "dmean": 0.0744283273816,
        "dmean2": 0.118942156434,
        "dvar": 0.00465856306255,
        "dvar2": 0.0116577697918,
        "max": 0.868277132511,
        "mean": 0.560592532158,
        "median": 0.574383318424,
        "min": 0.114973798394,
        "var": 0.017511466518
    },
    "silence_rate_20dB": {
        "dmean": 0,
        "dmean2": 0,
        "dvar": 0,
        "dvar2": 0,
        "max": 1,
        "mean": 1,
        "median": 1,
        "min": 1,
        "var": 0
    },
    "silence_rate_30dB": {
        "dmean": 0.0123839005828,
        "dmean2": 0.0247869864106,
        "dvar": 0.0122305639088,
        "dvar2": 0.0257217437029,
        "max": 1,
        "mean": 0.979891717434,
        "median": 1,
        "min": 0,
        "var": 0.0197039432824
    },
    "silence_rate_60dB": {
        "dmean": 0,
        "dmean2": 0,
        "dvar": 0,
        "dvar2": 0,
        "max": 0,
        "mean": 0,
        "median": 0,
        "min": 0,
        "var": 0
    },
    "spectral_centroid": {
        "dmean": 277.817230225,
        "dmean2": 393.944580078,
        "dvar": 184514.953125,
        "dvar2": 298544.5625,
        "max": 5782.42138672,
        "mean": 1198.08996582,
        "median": 961.780883789,
        "min": 327.373138428,
        "var": 570206.8125
    },
    "spectral_complexity": {
        "dmean": 3.27631568909,
        "dmean2": 4.91247081757,
        "dvar": 20.664308548,
        "dvar2": 34.4858093262,
        "max": 59,
        "mean": 15.0146942139,
        "median": 14,
        "min": 3,
        "var": 58.5281562805
    },
    "spectral_decrease": {
        "dmean": 2.23025531376e-09,
        "dmean2": 3.48016460094e-09,
        "dvar": 8.22798457822e-18,
        "dvar2": 1.96432366773e-17,
        "max": -7.95308374713e-10,
        "mean": -8.49266879044e-09,
        "median": -7.42543804222e-09,
        "min": -5.03585724232e-08,
        "var": 3.51574623607e-17
    },
    "spectral_energy": {
        "dmean": 0.00918554980308,
        "dmean2": 0.0143103422597,
        "dvar": 0.000127285296912,
        "dvar2": 0.000301469292026,
        "max": 0.193722680211,
        "mean": 0.035316593945,
        "median": 0.0312558151782,
        "min": 0.0032967729494,
        "var": 0.000533217040356
    },
    "spectral_energyband_high": {
        "dmean": 0.00104897783604,
        "dmean2": 0.00139016623143,
        "dvar": 6.77821844874e-06,
        "dvar2": 1.00047363958e-05,
        "max": 0.0309786889702,
        "mean": 0.00182109198067,
        "median": 0.000299020670354,
        "min": 2.0139134449e-07,
        "var": 1.73796252056e-05
    },
    "spectral_energyband_low": {
        "dmean": 0.00148128834553,
        "dmean2": 0.00235385145061,
        "dvar": 6.23617743258e-05,
        "dvar2": 0.000159076007549,
        "max": 0.141543596983,
        "mean": 0.00686554471031,
        "median": 9.43140985328e-05,
        "min": 4.05684694726e-08,
        "var": 0.000397098308895
    },
    "spectral_energyband_middle_high": {
        "dmean": 0.0041145789437,
        "dmean2": 0.00601161038503,
        "dvar": 2.92915719911e-05,
        "dvar2": 5.73699435336e-05,
        "max": 0.0660851970315,
        "mean": 0.00963212642819,
        "median": 0.00680587254465,
        "min": 9.6075462352e-05,
        "var": 9.08276051632e-05
    },
    "spectral_energyband_middle_low": {
        "dmean": 0.00648601446301,
        "dmean2": 0.0102475536987,
        "dvar": 5.74988516746e-05,
        "dvar2": 0.000139237454277,
        "max": 0.0742920339108,
        "mean": 0.0170490760356,
        "median": 0.0143477544188,
        "min": 4.68501784781e-05,
        "var": 0.000122861878481
    },
    "spectral_entropy": {
        "dmean": 0.259687066078,
        "dmean2": 0.362825930119,
        "dvar": 0.0852152556181,
        "dvar2": 0.145555540919,
        "max": 8.71235370636,
        "mean": 7.13210105896,
        "median": 7.08215236664,
        "min": 5.22831916809,
        "var": 0.427992910147
    },
    "spectral_flux": {
        "dmean": 0.030094454065,
        "dmean2": 0.0457739718258,
        "dvar": 0.000944823608734,
        "dvar2": 0.00193381332792,
        "max": 0.420739531517,
        "mean": 0.0964729860425,
        "median": 0.0882926359773,
        "min": 0.0119114052504,
        "var": 0.00230794167146
    },
    "spectral_kurtosis": {
        "dmean": 3.52076601982,
        "dmean2": 5.299700737,
        "dvar": 35.4068603516,
        "dvar2": 83.8183135986,
        "max": 99.5439605713,
        "mean": 8.40986442566,
        "median": 6.01439380646,
        "min": -1.14892697334,
        "var": 95.910774231
    },
    "spectral_rms": {
        "dmean": 0.000782049086411,
        "dmean2": 0.00119847909082,
        "dvar": 6.59738589093e-07,
        "dvar2": 1.40615361488e-06,
        "max": 0.0137476446107,
        "mean": 0.00558650959283,
        "median": 0.00552209001034,
        "min": 0.00179342238698,
        "var": 3.24609231939e-06
    },
    "spectral_rolloff": {
        "dmean": 632.180908203,
        "dmean2": 1005.65765381,
        "dvar": 2019585.75,
        "dvar2": 3462967.25,
        "max": 11240.3320312,
        "mean": 1934.65856934,
        "median": 1184.32617188,
        "min": 43.06640625,
        "var": 5024388
    },
    "spectral_skewness": {
        "dmean": 0.40625038743,
        "dmean2": 0.576404035091,
        "dvar": 0.233431130648,
        "dvar2": 0.49163544178,
        "max": 7.85111618042,
        "mean": 2.16387605667,
        "median": 2.09835648537,
        "min": -0.103486612439,
        "var": 1.05490958691
    },
    "spectral_spread": {
        "dmean": 839800.375,
        "dmean2": 1135114.375,
        "dvar": 1.22501241242e+12,
        "dvar2": 1.8463335383e+12,
        "max": 18957120,
        "mean": 4804671,
        "median": 4205220,
        "min": 639355.375,
        "var": 5.90331563213e+12
    },
    "spectral_strongpeak": {
        "dmean": 0.882100462914,
        "dmean2": 1.45421230793,
        "dvar": 1.61954522133,
        "dvar2": 4.24796962738,
        "max": 17.5425758362,
        "mean": 1.94926178455,
        "median": 1.59225344658,
        "min": 0,
        "var": 2.65210843086
    },
    "zerocrossingrate": {
        "dmean": 0.015841929242,
        "dmean2": 0.0164396837354,
        "dvar": 0.00059907551622,
        "dvar2": 0.000500546535477,
        "max": 0.4091796875,
        "mean": 0.0677426978946,
        "median": 0.04931640625,
        "min": 0.0029296875,
        "var": 0.00317200343125
    },
    "barkbands": {
        "dmean": [0.00058389978949, 0.000998155679554, 0.000406205508625, 0.000345640059095, 0.000940775149502, 0.00120682327542, 0.00357991247438, 0.0010511247674, 0.00256190169603, 0.00102019775659, 0.00160470092669, 0.000878708844539, 0.000802812865004, 0.00075812038267, 0.000511745223776, 0.000313681783155, 0.000283698580461, 0.000116913215606, 0.000106130559288, 0.00014895304048, 0.000177513938979, 0.000250181707088, 0.000129625754198, 0.000284159323201, 0.000261218665401, 6.83905091137e-05, 6.26994065556e-08],
        "dmean2": [0.000882512307726, 0.00169067329261, 0.000759731105063, 0.000618680380285, 0.00151733041275, 0.00197486719117, 0.00557914376259, 0.00159857422113, 0.00398692814633, 0.00156773987692, 0.00238880026154, 0.00130698131397, 0.00123466004152, 0.00113646127284, 0.000770475133322, 0.00047937038471, 0.000436774891568, 0.000171798645169, 0.000163198143127, 0.000227898795856, 0.000257311301539, 0.000345675391145, 0.000187065859791, 0.000383885635529, 0.00036942915176, 0.000100732504507, 1.15306825421e-07],
        "dvar": [5.75923149881e-06, 3.21630868712e-05, 1.56409150804e-05, 4.80492508359e-06, 4.5700926421e-06, 1.06397783384e-05, 2.36021714954e-05, 5.04900935994e-06, 1.70670209627e-05, 5.78042681809e-06, 8.8284332378e-06, 4.9770296755e-06, 2.32269280787e-06, 2.65417247647e-06, 1.52280858856e-06, 8.74884847235e-07, 5.24441247762e-07, 1.52069134174e-07, 9.93787807602e-08, 1.81717737746e-07, 2.80514228734e-07, 4.66786019615e-07, 1.69101554093e-07, 7.92980699771e-07, 6.86540886363e-07, 3.27287992263e-08, 4.02218731411e-13],
        "dvar2": [1.3737714653e-05, 7.87658209447e-05, 4.56618763565e-05, 1.4057845874e-05, 1.20007534861e-05, 2.46652998612e-05, 5.61862580071e-05, 1.12163334052e-05, 4.08588894061e-05, 1.2006770703e-05, 1.74249835254e-05, 1.08281819848e-05, 5.3914086493e-06, 6.0052234403e-06, 3.59512841897e-06, 2.07111634154e-06, 1.26138263568e-06, 3.09226891204e-07, 1.93844186924e-07, 3.97231985971e-07, 5.53867380404e-07, 8.12499934e-07, 3.28524009774e-07, 1.59228977736e-06, 1.09005361537e-06, 6.48768647693e-08, 1.17740528698e-12],
        "max": [0.0549565702677, 0.104357391596, 0.0811244100332, 0.0404689013958, 0.0246092863381, 0.0483329333365, 0.0713805928826, 0.0283660199493, 0.0484965629876, 0.0366569645703, 0.0451091565192, 0.0412305369973, 0.016855886206, 0.0169541854411, 0.0148663837463, 0.0172940660268, 0.0118548832834, 0.00483569502831, 0.00616992916912, 0.00621811626479, 0.00945557747036, 0.0108720809221, 0.0061788004823, 0.0178394913673, 0.0181316062808, 0.00169361126609, 1.51073363668e-05],
        "mean": [0.00233161705546, 0.00431259488687, 0.00035477837082, 0.000314403412631, 0.00150294159539, 0.00174638070166, 0.0064373598434, 0.001681745518, 0.00483590783551, 0.00161928823218, 0.00306646456011, 0.00133237650152, 0.00120567029808, 0.000949435401708, 0.000658917299006, 0.000365927553503, 0.000381727062631, 0.000139989075251, 0.000146496488014, 0.000199515445274, 0.000249132193858, 0.000391797511838, 0.000216824249947, 0.000404027930927, 0.000374379655113, 9.68402600847e-05, 3.98618240638e-08],
        "median": [1.21015276022e-07, 3.16418008879e-05, 2.54907481576e-05, 2.52162444667e-05, 0.000573677301873, 0.000338330719387, 0.00426925858483, 0.000443646335043, 0.00267590582371, 0.000343091029208, 0.00103170447983, 0.000273110636044, 0.000396916846512, 0.000130518485093, 0.000103613630927, 7.48529855628e-05, 8.68376882863e-05, 2.88448445644e-05, 4.15780850744e-05, 4.59549482912e-05, 2.46371273533e-05, 6.40903963358e-05, 1.30725738927e-05, 4.4809657993e-05, 3.55445408786e-05, 8.52168705023e-06, 5.28360633023e-10],
        "min": [3.2155766938e-10, 7.89730769668e-09, 5.60053292631e-09, 1.09168070139e-08, 1.78670552486e-06, 2.21688353008e-07, 1.44547561831e-06, 6.2101810272e-07, 2.37346830545e-06, 6.42868485556e-07, 1.44586565511e-05, 1.5535694331e-07, 1.31565485617e-07, 4.96557106544e-07, 5.04538775203e-07, 2.66852708819e-07, 3.27549912527e-07, 3.44419426312e-08, 1.9102543547e-08, 9.80409637918e-08, 2.16358451155e-08, 7.28067650613e-09, 6.47849951463e-09, 2.32958141666e-09, 8.18770953814e-11, 4.6853878416e-11, 8.79063835613e-12],
        "var": [6.10090828559e-05, 0.000168076818227, 8.79238723428e-06, 2.73674640994e-06, 6.13723068454e-06, 1.74055203388e-05, 4.97982291563e-05, 9.46624004428e-06, 3.25522960338e-05, 1.37565721161e-05, 3.16167243e-05, 1.17285399028e-05, 4.03248077419e-06, 4.20101014242e-06, 2.45871547122e-06, 9.39206699968e-07, 8.05937247605e-07, 2.11971766362e-07, 1.79065565931e-07, 2.78192743508e-07, 6.01531951361e-07, 1.11333167752e-06, 4.27828751981e-07, 1.42363933264e-06, 1.36936023409e-06, 5.97699028049e-08, 2.30703639786e-13]
    },
    "erbbands": {
        "dmean": [0.0461089201272, 0.234136477113, 0.473919004202, 0.848774373531, 2.35261797905, 3.7521340847, 2.75515842438, 13.0858516693, 31.9295444489, 60.0844917297, 27.118309021, 54.8451461792, 40.9781303406, 46.676525116, 44.3133964539, 40.7534942627, 31.3971347809, 29.1336708069, 34.1744613647, 23.2532424927, 15.2732152939, 14.7253608704, 6.50740814209, 4.87409877777, 6.67116594315, 6.68209123611, 6.66962099075, 8.11026191711, 9.35541439056, 6.42182445526, 3.51992964745, 3.97858285904, 6.109126091, 3.6941473484, 1.46127438545, 0.446384757757, 0.10047737509, 0.00907738413662, 0.000183999669389, 2.21265709115e-05],
        "dmean2": [0.0653830245137, 0.40467685461, 0.865399360657, 1.54193985462, 3.83460021019, 6.04173469543, 4.49989891052, 21.530752182, 49.3210754395, 92.4056015015, 40.7205886841, 85.4786529541, 62.1417007446, 69.2693862915, 67.7537078857, 60.3898429871, 48.0293273926, 44.9678573608, 52.2070083618, 33.9674835205, 22.7019233704, 22.9387264252, 9.67674541473, 7.0755033493, 10.1151123047, 10.1098365784, 9.82476234436, 11.955373764, 13.1564235687, 9.14725971222, 5.16996860504, 5.5733757019, 8.16973400116, 5.15619277954, 2.02851557732, 0.623365402222, 0.148131132126, 0.0141169568524, 0.000275328638963, 3.23927743011e-05],
        "dvar": [0.0414621643722, 2.81317353249, 18.0137939453, 43.6222915649, 57.0035438538, 70.1829376221, 50.3269844055, 1328.21899414, 3437.14038086, 5525.68261719, 3861.43725586, 8652.8046875, 6849.58496094, 6886.7734375, 9651.078125, 12260.7050781, 3818.51464844, 3057.20410156, 5823.15087891, 3307.49926758, 1423.23205566, 1588.86975098, 349.218109131, 251.264221191, 374.309631348, 342.420562744, 475.987915039, 561.221435547, 633.924316406, 329.55090332, 126.47567749, 142.551834106, 403.7734375, 140.164291382, 21.7629127502, 1.48943269253, 0.0904425159097, 0.00184335117228, 5.07736274358e-07, 1.69714831078e-09],
        "dvar2": [0.0705144256353, 7.48989868164, 51.2386283875, 128.123306274, 160.227767944, 172.613952637, 117.320487976, 3096.54467773, 7972.94677734, 13049.3183594, 8661.90527344, 19947.3300781, 16380.0322266, 14717.8496094, 22590.5273438, 26785.4902344, 8715.16015625, 6813.71826172, 13627.8046875, 7495.24560547, 3079.10791016, 3692.82446289, 728.199584961, 418.527069092, 769.564697266, 706.153320312, 998.715026855, 1176.99462891, 1073.98742676, 633.193786621, 260.992095947, 272.651977539, 835.785522461, 225.090286255, 39.4941291809, 2.82901334763, 0.1880979985, 0.00454236846417, 1.19650712804e-06, 3.38123173904e-09],
        "max": [5.1592335701, 27.7172222137, 78.4251174927, 130.216796875, 124.493286133, 110.874588013, 120.198875427, 606.474243164, 1043.60522461, 950.51159668, 814.187561035, 1355.24438477, 1179.95031738, 1281.84082031, 2523.20385742, 2097.62646484, 936.216796875, 714.755981445, 863.812255859, 905.727050781, 506.338134766, 652.793640137, 226.297363281, 205.944366455, 420.906860352, 283.802764893, 469.397369385, 414.563751221, 414.575469971, 229.672821045, 175.216201782, 164.272293091, 397.774108887, 264.672180176, 105.315406799, 19.8161792755, 3.18136692047, 0.938753128052, 0.0141024524346, 0.000568244140595],
        "mean": [0.279143661261, 0.367854744196, 0.433431237936, 0.753630876541, 3.12662339211, 6.3119354248, 4.35383558273, 18.6892223358, 53.7237243652, 107.955833435, 45.7740783691, 103.00592041, 75.253036499, 90.9569854736, 82.3357925415, 64.6535797119, 48.7992210388, 41.7559547424, 45.7445907593, 31.4007434845, 20.7309799194, 20.1278972626, 8.97542762756, 6.76748657227, 9.26615428925, 9.15102767944, 9.03820419312, 11.1233787537, 14.7422418594, 10.4408321381, 5.49187803268, 5.73703336716, 8.30095100403, 5.15849876404, 2.03442358971, 0.654815495014, 0.136070683599, 0.00965386815369, 0.000238917840761, 6.02973304922e-05],
        "median": [0.0002803960233, 0.0101677821949, 0.040255010128, 0.111894853413, 0.936042904854, 2.15772461891, 1.90486395359, 4.15529537201, 26.783449173, 80.2828369141, 20.9163150787, 56.8553733826, 38.1661758423, 36.6548614502, 27.9809913635, 15.5840034485, 17.4875946045, 11.1845140457, 7.11020565033, 6.04284477234, 5.21396636963, 4.55912494659, 1.98544597626, 2.02684497833, 2.41131544113, 2.15435171127, 0.97284924984, 1.33143436909, 2.48241329193, 1.13255262375, 0.317167460918, 0.55017632246, 0.874310731888, 0.43831050396, 0.190067082644, 0.0586776025593, 0.0120264245197, 0.000628443376627, 3.91224566556e-05, 4.47865822935e-05],
        "min": [8.62838533067e-07, 6.04746537647e-06, 3.41536579072e-05, 0.000496988242958, 0.00215958477929, 0.0103085339069, 0.00323984073475, 0.0104107959196, 0.027925344184, 0.0292451996356, 0.0211416557431, 0.0636817142367, 0.324153274298, 0.639877140522, 0.595704972744, 0.173948258162, 0.02207220532, 0.0241531990469, 0.0476747192442, 0.0576219186187, 0.0267018713057, 0.0224867537618, 0.00544633157551, 0.000794111809228, 0.00126923888456, 0.00534851942211, 0.00262108864263, 0.000833536731079, 0.000944793922827, 0.000226065036259, 0.000167714024428, 0.000107203348307, 5.17527150805e-05, 1.28359488372e-05, 9.74855902314e-06, 5.63284174859e-06, 3.34093419951e-06, 7.8225565403e-07, 2.4948058126e-06, 4.34206685895e-06],
        "var": [0.682022452354, 2.75428509712, 10.9113998413, 23.9737625122, 46.2251014709, 136.571182251, 66.1098861694, 2018.13916016, 6460.74902344, 10943.6884766, 5979.67675781, 16210.5429688, 13198.6044922, 25538.25, 25105.484375, 27260.3164062, 6430.30224609, 5049.77832031, 9235.54296875, 4926.76611328, 2017.06420898, 2494.33349609, 560.311096191, 428.191955566, 672.309082031, 573.388061523, 947.13494873, 1026.12988281, 1537.62609863, 762.214782715, 278.767944336, 258.391784668, 711.825622559, 275.52947998, 39.9131546021, 2.97473526001, 0.135152429342, 0.0016460850602, 5.33457978236e-07, 3.5411999999e-09]
    },
    "gfcc": {
        "mean": [-12.811413765, 74.446182251, -137.758804321, -17.0599765778, -93.0791854858, 10.3994655609, -44.3015365601, 11.7018165588, -25.4795589447, 6.08511638641, -18.6540184021, -3.44148373604, -8.84581375122],
        "cov": [[3110.81787109, -1721.49169922, 249.760467529, 717.752746582, -63.4011535645, 356.52722168, -350.745513916, 149.530105591, -75.1084518433, 277.378326416, -236.906494141, 184.236083984, -13.7275590897], [-1721.49169922, 2396.80078125, -189.357803345, -445.754119873, 509.368286133, -230.415130615, 312.156707764, -154.576400757, 104.420341492, -314.706970215, 256.562316895, -77.8495635986, 112.700691223], [249.760467529, -189.357803345, 1267.74560547, 571.346923828, -16.3570213318, 352.418731689, 259.099639893, 217.75239563, -23.0240058899, -4.31457185745, -0.576522231102, 187.68170166, 35.2253837585], [717.752746582, -445.754119873, 571.346923828, 803.268493652, 83.0823135376, 212.156509399, 54.8210334778, 126.728256226, 56.1600952148, 63.7681846619, -19.1210269928, 109.741851807, 74.2070846558], [-63.4011535645, 509.368286133, -16.3570213318, 83.0823135376, 575.194824219, 208.771865845, 177.206298828, 34.7629966736, 76.7044525146, -30.2242832184, 51.5561943054, 57.0553588867, 91.5431900024], [356.52722168, -230.415130615, 352.418731689, 212.156509399, 208.771865845, 534.212402344, 280.039306641, 101.792037964, 47.7070083618, 29.765165329, 27.3113059998, 117.137939453, 59.617805481], [-350.745513916, 312.156707764, 259.099639893, 54.8210334778, 177.206298828, 280.039306641, 553.30291748, 91.7386779785, 6.95703935623, -61.6517219543, 92.3741912842, 105.900726318, 45.4094924927], [149.530105591, -154.576400757, 217.75239563, 126.728256226, 34.7629966736, 101.792037964, 91.7386779785, 213.743026733, 54.2149047852, 19.7904090881, 1.28786885738, 51.101600647, 17.011428833], [-75.1084518433, 104.420341492, -23.0240058899, 56.1600952148, 76.7044525146, 47.7070083618, 6.95703935623, 54.2149047852, 249.390838623, 55.011680603, 4.55177927017, 0.533518254757, 26.8399124146], [277.378326416, -314.706970215, -4.31457185745, 63.7681846619, -30.2242832184, 29.765165329, -61.6517219543, 19.7904090881, 55.011680603, 220.62322998, -20.4207267761, -21.5650444031, -47.2142372131], [-236.906494141, 256.562316895, -0.576522231102, -19.1210269928, 51.5561943054, 27.3113059998, 92.3741912842, 1.28786885738, 4.55177927017, -20.4207267761, 193.265762329, 25.6848449707, -10.083070755], [184.236083984, -77.8495635986, 187.68170166, 109.741851807, 57.0553588867, 117.137939453, 105.900726318, 51.101600647, 0.533518254757, -21.5650444031, 25.6848449707, 191.227539062, 38.0788726807], [-13.7275590897, 112.700691223, 35.2253837585, 74.2070846558, 91.5431900024, 59.617805481, 45.4094924927, 17.011428833, 26.8399124146, -47.2142372131, -10.083070755, 38.0788726807, 153.540847778]],
        "icov": [[0.000884143926669, 7.60062757763e-05, 0.000463044416392, -0.000740866991691, 8.2714119344e-05, -0.000850799726322, 0.000826174335089, -0.000516287924256, 0.000734458211809, -0.000508863013238, 0.000683799211401, -0.000894386088476, 0.000350844813511], [7.60062757763e-05, 0.00201629288495, -0.00108629651368, 0.0011553557124, -0.0020454947371, 0.00207801465876, -0.00103814038448, 0.0016412344994, -0.00149390054867, 0.00156077055726, -0.00174558744766, 0.00122253899463, -0.000921224011108], [0.000463044416392, -0.00108629651368, 0.00254630856216, -0.00202138232999, 0.00168576918077, -0.00222304696217, 0.000720528478269, -0.00205775373615, 0.00164873758331, -0.000784615287557, 0.00151750363875, -0.00173469586298, 0.00110490061343], [-0.000740866991691, 0.0011553557124, -0.00202138232999, 0.00351770734414, -0.00158796529286, 0.00189485726878, -0.000912689603865, 0.00129789009225, -0.00176510435995, 0.000724462326616, -0.0016561060911, 0.00126972177532, -0.00170584290754], [8.2714119344e-05, -0.0020454947371, 0.00168576918077, -0.00158796529286, 0.00456612091511, -0.00309567782097, 0.00082274019951, -0.00177749537397, 0.00120470963884, -0.00136663077865, 0.00153778295498, -0.00149916810915, 0.000164723547641], [-0.000850799726322, 0.00207801465876, -0.00222304696217, 0.00189485726878, -0.00309567782097, 0.00663124257699, -0.00320154055953, 0.0022561037913, -0.00251293857582, 0.00121360865887, -0.00233517633751, 0.00160333549138, -0.00177790259477], [0.000826174335089, -0.00103814038448, 0.000720528478269, -0.000912689603865, 0.00082274019951, -0.00320154055953, 0.00447403639555, -0.00201982678846, 0.00168024469167, -0.00064897997072, 0.000601825362537, -0.00194078136701, 0.000792420527432], [-0.000516287924256, 0.0016412344994, -0.00205775373615, 0.00129789009225, -0.00177749537397, 0.0022561037913, -0.00201982678846, 0.00812142994255, -0.00306004565209, 0.00124380702619, -0.00161676947027, 0.00109928846359, -0.000986136263236], [0.000734458211809, -0.00149390054867, 0.00164873758331, -0.00176510435995, 0.00120470963884, -0.00251293857582, 0.00168024469167, -0.00306004565209, 0.00673035578802, -0.00289645930752, 0.00170117872767, -0.00145612563938, 0.000142280216096], [-0.000508863013238, 0.00156077055726, -0.000784615287557, 0.000724462326616, -0.00136663077865, 0.00121360865887, -0.00064897997072, 0.00124380702619, -0.00289645930752, 0.00758662167937, -0.00145653518848, 0.00197361735627, 0.00129056558944], [0.000683799211401, -0.00174558744766, 0.00151750363875, -0.0016561060911, 0.00153778295498, -0.00233517633751, 0.000601825362537, -0.00161676947027, 0.00170117872767, -0.00145653518848, 0.00807000417262, -0.00252852775156, 0.00219746539369], [-0.000894386088476, 0.00122253899463, -0.00173469586298, 0.00126972177532, -0.00149916810915, 0.00160333549138, -0.00194078136701, 0.00109928846359, -0.00145612563938, 0.00197361735627, -0.00252852775156, 0.00876284763217, -0.00194739445578], [0.000350844813511, -0.000921224011108, 0.00110490061343, -0.00170584290754, 0.000164723547641, -0.00177790259477, 0.000792420527432, -0.000986136263236, 0.000142280216096, 0.00129056558944, 0.00219746539369, -0.00194739445578, 0.00925771519542]]
    },
    "melbands": {
        "dmean": [0.000325266591972, 0.000266904622549, 0.000181997180334, 0.000236394713284, 0.000102474754385, 0.000287200207822, 0.000564985442907, 0.000561240536626, 0.000249058823101, 0.000372914597392, 0.000210843500099, 0.000185331868124, 0.000183197160368, 9.75907823886e-05, 9.81978228083e-05, 7.64366268413e-05, 5.60587723157e-05, 6.65940169711e-05, 4.08919840993e-05, 2.68086241704e-05, 1.67079124367e-05, 1.73650114448e-05, 9.09141090233e-06, 5.34537184649e-06, 3.87956606573e-06, 4.55545887235e-06, 6.13146585238e-06, 4.12456438426e-06, 4.09138237956e-06, 4.44738088845e-06, 5.03725732415e-06, 5.47607851331e-06, 5.02618104292e-06, 3.3078404158e-06, 2.30692876357e-06, 1.51219262534e-06, 2.92987760986e-06, 4.66318670078e-06, 4.03593958254e-06, 2.96118741971e-06],
        "dmean2": [0.000477715570014, 0.000461350660771, 0.000322174397297, 0.00038023549132, 0.000167197416886, 0.000466789817438, 0.000871244352311, 0.000861992477439, 0.000377632590244, 0.000579411047511, 0.000322112027789, 0.000276983570075, 0.000274033518508, 0.000147054961417, 0.000151464613737, 0.000117118463095, 8.64035901031e-05, 0.000101241108496, 6.00721796218e-05, 4.05503342336e-05, 2.53266825894e-05, 2.70333530352e-05, 1.44077303048e-05, 7.79934089223e-06, 5.79993047722e-06, 6.83022517478e-06, 9.51534002525e-06, 6.28951420367e-06, 6.08005120739e-06, 6.51179652778e-06, 7.56926738177e-06, 7.86641976447e-06, 7.21186415831e-06, 4.78605898024e-06, 3.47273225998e-06, 2.25390908781e-06, 4.24256313636e-06, 6.65989637127e-06, 5.5007390074e-06, 4.20802416556e-06],
        "dvar": [2.12239774555e-06, 4.50128482044e-06, 1.36604899126e-06, 3.11796242158e-07, 5.32260919783e-08, 5.8888156218e-07, 8.14297720808e-07, 4.7297129413e-07, 3.62065492254e-07, 3.79356862368e-07, 1.80149314133e-07, 1.10978007228e-07, 1.11267986824e-07, 6.25444585012e-08, 4.61774476435e-08, 2.4990745473e-08, 1.29538264559e-08, 2.44786892978e-08, 1.05446291698e-08, 7.07153313684e-09, 1.50723600267e-09, 2.31382801807e-09, 6.90513368706e-10, 3.80963677271e-10, 1.60433888396e-10, 1.9263343698e-10, 4.21925938632e-10, 1.2352040224e-10, 1.70466613048e-10, 1.98031868681e-10, 2.24367024959e-10, 2.33608715705e-10, 2.0809654e-10, 1.04589864547e-10, 5.73511273194e-11, 2.16507246159e-11, 8.75669051159e-11, 2.73017303209e-10, 1.54701862431e-10, 1.00718024199e-10],
        "dvar2": [4.35359834228e-06, 1.21756165754e-05, 4.00888802687e-06, 8.14421412088e-07, 1.2696882834e-07, 1.36696178288e-06, 1.92596985471e-06, 1.10859798497e-06, 8.30435283206e-07, 8.80651953139e-07, 4.27680674875e-07, 2.38334123992e-07, 2.43522265464e-07, 1.43840097167e-07, 1.03126197359e-07, 5.96768572336e-08, 2.87492945006e-08, 5.6839855489e-08, 2.33346213463e-08, 1.72203566962e-08, 3.29107763264e-09, 5.42720446361e-09, 1.56371027238e-09, 7.90284560015e-10, 2.79828715755e-10, 3.74553305038e-10, 1.02089270371e-09, 2.56458659864e-10, 3.55796836438e-10, 4.21257584371e-10, 4.78804218496e-10, 4.12755440937e-10, 4.3574274744e-10, 2.18072823688e-10, 1.25414012508e-10, 4.20358470254e-11, 1.79936690547e-10, 6.34257812937e-10, 2.71067196467e-10, 1.66913025068e-10],
        "max": [0.0321855433285, 0.0327497459948, 0.0231081917882, 0.00667637400329, 0.00335830450058, 0.011786964722, 0.0160608235747, 0.00833567790687, 0.00837007444352, 0.00915883760899, 0.00574170146137, 0.00473173707724, 0.00636918004602, 0.00450324220583, 0.00274533173069, 0.00195462349802, 0.00157184945419, 0.0016944243107, 0.00157798838336, 0.00183810072485, 0.000494300737046, 0.000831191777252, 0.00035727879731, 0.000269421812845, 0.000149161540321, 0.000281853572233, 0.000354040588718, 0.000145213518408, 0.000261250126641, 0.000270870281383, 0.000260103843175, 0.000278545339825, 0.000226525298785, 0.000146835649502, 0.000105065773823, 6.24044550932e-05, 0.000145389771205, 0.000331444636686, 0.000188093836186, 0.000246053852607],
        "mean": [0.00187422800809, 0.000288272218313, 0.000182621733984, 0.00037509916001, 0.000166645389982, 0.000407902349252, 0.00100475514773, 0.00101005414035, 0.000387359672459, 0.000696334056556, 0.000373424292775, 0.000350328744389, 0.000343851599609, 0.00015742648975, 0.000146023434354, 0.000106637897261, 7.48462771298e-05, 8.23744921945e-05, 5.36799852853e-05, 3.14987155434e-05, 2.22188773478e-05, 2.25555249926e-05, 1.23256604638e-05, 6.27467261438e-06, 5.18275010108e-06, 5.92735159444e-06, 7.8001885413e-06, 5.47579611521e-06, 5.2507593864e-06, 5.9261642491e-06, 6.64132176098e-06, 8.47503270052e-06, 7.46462910683e-06, 5.25163659404e-06, 3.34697233484e-06, 2.20779406845e-06, 3.97262419938e-06, 6.02646105108e-06, 5.45976718058e-06, 3.95396727981e-06],
        "median": [5.57425801162e-06, 1.92219122255e-05, 3.08905582642e-05, 0.000140666146763, 7.6278411143e-05, 7.90332633187e-05, 0.000590434879996, 0.000746638106648, 0.000130350759719, 0.000370573397959, 0.00018313115288, 0.00012782466365, 0.000115259994345, 3.21284896927e-05, 3.33313510055e-05, 3.10939394694e-05, 1.61706047948e-05, 9.06370587472e-06, 8.59706688061e-06, 5.87473869018e-06, 6.1024684328e-06, 5.28174859937e-06, 2.04463503906e-06, 1.32958257382e-06, 1.47020296026e-06, 1.52334507675e-06, 1.78208347279e-06, 1.15136856493e-06, 5.3074944617e-07, 4.66847382086e-07, 7.89945261204e-07, 1.48374203945e-06, 9.71145027506e-07, 4.12206929923e-07, 1.48178898485e-07, 9.22081611066e-08, 3.80867618333e-07, 6.23141033884e-07, 4.94442531362e-07, 2.85930610744e-07],
        "min": [2.35003572158e-09, 5.60564172858e-09, 3.41425767658e-08, 3.51288633738e-07, 1.86969174365e-07, 1.13315010708e-07, 4.62910350052e-07, 2.12301713987e-07, 1.28287680923e-07, 3.42437175505e-07, 9.65003863485e-08, 1.99479427465e-06, 1.71052340647e-06, 2.2881703643e-08, 1.0354419544e-08, 2.30821406433e-08, 3.50425750639e-08, 3.75348641057e-08, 4.38477307796e-08, 8.064366952e-09, 4.96280883056e-09, 1.7910982919e-08, 4.26887769578e-09, 1.24715671124e-09, 4.80389061863e-10, 5.3719706461e-10, 1.43408696029e-09, 3.89708798565e-09, 4.06080891135e-10, 1.07852372866e-10, 1.07880301914e-11, 1.3048949421e-10, 1.81499468233e-10, 7.37217092928e-11, 2.63949348489e-11, 9.38017025165e-13, 2.81773510774e-11, 7.51574150137e-12, 6.28116742646e-12, 7.4689944984e-13],
