{
"highlevel": {
    "danceability": {
        "all": {
            "danceable": 0.140415638685,
            "not_danceable": 0.859584331512
        },
        "probability": 0.859584331512,
        "value": "not_danceable"
    },
    "gender": {
        "all": {
            "female": 0.847813665867,
            "male": 0.152186334133
        },
        "probability": 0.847813665867,
        "value": "female"
    },
    "genre_dortmund": {
        "all": {
            "alternative": 0.0672680586576,
            "blues": 0.0873543247581,
            "electronic": 0.0718398615718,
            "folkcountry": 0.361068844795,
            "funksoulrnb": 0.0581309497356,
            "jazz": 0.151396125555,
            "pop": 0.105975426733,
            "raphiphop": 0.0080000013113,
            "rock": 0.0889664068818
        },
        "probability": 0.361068844795,
        "value": "folkcountry"
    },
    "genre_electronic": {
        "all": {
            "ambient": 0.415666788816,
            "dnb": 0.230583667755,
            "house": 0.176963418722,
            "techno": 0.0294874999672,
            "trance": 0.147298634052
        },
        "probability": 0.415666788816,
        "value": "ambient"
    },
    "genre_rosamerica": {
        "all": {
            "cla": 0.115147553384,
            "dan": 0.0696117728949,
            "hip": 0.0394629985094,
            "jaz": 0.0788523182273,
            "pop": 0.27816554904,
            "rhy": 0.126506537199,
            "roc": 0.262350469828,
            "spe": 0.0299028065056
        },
        "probability": 0.27816554904,
        "value": "pop"
    },
    "genre_tzanetakis": {
        "all": {
            "blu": 0.0626613423228,
            "cla": 0.0348169617355,
            "cou": 0.104475811124,
            "dis": 0.0784321576357,
            "hip": 0.15692435205,
            "jaz": 0.313974827528,
            "met": 0.0448166541755,
            "pop": 0.0627359300852,
            "reg": 0.0627360641956,
            "roc": 0.0784258767962
        },
        "probability": 0.313974827528,
        "value": "jaz"
    },
    "ismir04_rhythm": {
        "all": {
            "ChaChaCha": 0.125765636563,
            "Jive": 0.0600862428546,
            "Quickstep": 0.0469860807061,
            "Rumba-American": 0.00815170630813,
            "Rumba-International": 0.0159779395908,
            "Rumba-Misc": 0.00612536072731,
            "Samba": 0.0532083958387,
            "Tango": 0.0305377095938,
            "VienneseWaltz": 0.640971004963,
            "Waltz": 0.0121899405494
        },
        "probability": 0.640971004963,
        "value": "VienneseWaltz"
    },
    "mood_acoustic": {
        "all": {
            "acoustic": 0.0311983004212,
            "not_acoustic": 0.968801677227
        },
        "probability": 0.968801677227,
        "value": "not_acoustic"
    },
    "mood_aggressive": {
        "all": {
            "aggressive": 0.205974757671,
            "not_aggressive": 0.794025242329
        },
        "probability": 0.794025242329,
        "value": "not_aggressive"
    },
    "mood_electronic": {
        "all": {
            "electronic": 0.631769955158,
            "not_electronic": 0.368230044842
        },
        "probability": 0.631769955158,
        "value": "electronic"
    },
    "mood_happy": {
        "all": {
            "happy": 0.767971396446,
            "not_happy": 0.232028588653
        },
        "probability": 0.767971396446,
        "value": "happy"
    },
    "mood_party": {
        "all": {
            "not_party": 0.657806038857,
            "party": 0.342193961143
        },
        "probability": 0.657806038857,
        "value": "not_party"
    },
    "mood_relaxed": {
        "all": {
            "not_relaxed": 0.283776342869,
            "relaxed": 0.716223657131
        },
        "probability": 0.716223657131,
        "value": "relaxed"
    },
    "mood_sad": {
        "all": {
            "not_sad": 0.95455378294,
            "sad": 0.0454462431371
        },
        "probability": 0.95455378294,
        "value": "not_sad"
    },
    "moods_mirex": {
        "all": {
            "Cluster1": 0.22933113575,
            "Cluster2": 0.485201865435,
            "Cluster3": 0.0589936748147,
            "Cluster4": 0.138085156679,
            "Cluster5": 0.0883881598711
        },
        "probability": 0.485201865435,
        "value": "Cluster2"
    },
    "timbre": {
        "all": {
            "bright": 0.90214818716,
            "dark": 0.0978518128395
        },
        "probability": 0.90214818716,
        "value": "bright"
    },
    "tonal_atonal": {
        "all": {
            "atonal": 0.282442003489,
            "tonal": 0.717558026314
        },
        "probability": 0.717558026314,
        "value": "tonal"
    },
    "voice_instrumental": {
        "all": {
            "instrumental": 0.00373925385065,
            "voice": 0.996260762215
        },
        "probability": 0.996260762215,
        "value": "voice"
    }
},
"lowlevel": {
    "average_loudness": 0.983472824097,
    "barkbands_crest": {
        "dmean": 2.84605979919,
        "dmean2": 4.47885417938,
        "dvar": 6.29154062271,
        "dvar2": 14.7126731873,
        "max": 24.6289615631,
        "mean": 10.0347366333,
        "median": 9.04157924652,
        "min": 2.81682896614,
        "var": 18.3512325287
    },
    "barkbands_flatness_db": {
        "dmean": 0.0228214450181,
        "dmean2": 0.0324628390372,
        "dvar": 0.000397492869524,
        "dvar2": 0.000799647066742,
        "max": 0.300947219133,
        "mean": 0.147185340524,
        "median": 0.143010824919,
        "min": 0.0633414685726,
        "var": 0.00143437960651
    },
    "barkbands_kurtosis": {
        "dmean": 2.50695133209,
        "dmean2": 3.83550548553,
        "dvar": 15.7857093811,
        "dvar2": 38.3063774109,
        "max": 50.8421173096,
        "mean": 2.95361495018,
        "median": 1.12285614014,
        "min": -1.87555575371,
        "var": 29.3005371094
    },
    "barkbands_skewness": {
        "dmean": 0.51098960638,
        "dmean2": 0.751075983047,
        "dvar": 0.258716195822,
        "dvar2": 0.565032303333,
        "max": 6.23213529587,
        "mean": 1.47870159149,
        "median": 1.35015106201,
        "min": -0.703497409821,
        "var": 0.955458581448
    },
    "barkbands_spread": {
        "dmean": 6.24468517303,
        "dmean2": 9.18198394775,
        "dvar": 45.7874298096,
        "dvar2": 91.4081420898,
        "max": 96.2475891113,
        "mean": 23.9789562225,
        "median": 22.7546577454,
        "min": 2.14084362984,
        "var": 154.236663818
    },
    "dissonance": {
        "dmean": 0.0167120993137,
        "dmean2": 0.0280960351229,
        "dvar": 0.000208005672903,
        "dvar2": 0.000560336455237,
        "max": 0.499816656113,
        "mean": 0.467825263739,
        "median": 0.471187442541,
        "min": 0.364126324654,
        "var": 0.000415984919528
    },
    "dynamic_complexity": 1.4067530632,
    "erbbands_crest": {
        "dmean": 2.79579615593,
        "dmean2": 4.49986028671,
        "dvar": 6.76143550873,
        "dvar2": 17.9285125732,
        "max": 26.6228485107,
        "mean": 8.77528572083,
        "median": 7.99095058441,
        "min": 2.34384012222,
        "var": 13.9744491577
    },
    "erbbands_flatness_db": {
        "dmean": 0.0174073558301,
        "dmean2": 0.0236917380244,
        "dvar": 0.000236046878854,
        "dvar2": 0.000430275395047,
        "max": 0.297987520695,
        "mean": 0.17555424571,
        "median": 0.176971569657,
        "min": 0.0800495222211,
        "var": 0.0012041105656
    },
    "erbbands_kurtosis": {
        "dmean": 0.78549939394,
        "dmean2": 1.26984775066,
        "dvar": 1.37883901596,
        "dvar2": 3.44265675545,
        "max": 9.95008182526,
        "mean": -0.397781133652,
        "median": -0.792854785919,
        "min": -1.83482408524,
        "var": 1.97945785522
    },
    "erbbands_skewness": {
        "dmean": 0.396972239017,
        "dmean2": 0.583367347717,
        "dvar": 0.134767383337,
        "dvar2": 0.30224904418,
        "max": 3.12372255325,
        "mean": 0.319109141827,
        "median": 0.313854604959,
        "min": -1.67623519897,
        "var": 0.499456763268
    },
    "erbbands_spread": {
        "dmean": 9.21357250214,
        "dmean2": 13.8148937225,
        "dvar": 103.573883057,
        "dvar2": 206.722427368,
        "max": 151.53515625,
        "mean": 46.7848014832,
        "median": 45.7867164612,
        "min": 10.3368988037,
        "var": 327.513793945
    },
    "hfc": {
        "dmean": 6.79064369202,
        "dmean2": 9.99004364014,
        "dvar": 46.959980011,
        "dvar2": 95.1018753052,
        "max": 79.8243103027,
        "mean": 26.0427818298,
        "median": 25.701593399,
        "min": 1.92143821716,
        "var": 167.503417969
    },
    "melbands_crest": {
        "dmean": 3.52911520004,
        "dmean2": 5.64832305908,
        "dvar": 9.31426143646,
        "dvar2": 22.6479377747,
        "max": 30.1396865845,
        "mean": 13.3318195343,
        "median": 12.2583141327,
        "min": 4.44090652466,
        "var": 24.2684803009
    },
    "melbands_flatness_db": {
        "dmean": 0.0269682258368,
        "dmean2": 0.0377032049,
        "dvar": 0.000569707073737,
        "dvar2": 0.00112066231668,
        "max": 0.354218304157,
        "mean": 0.183067291975,
        "median": 0.176898822188,
        "min": 0.0539782866836,
        "var": 0.00233007129282
    },
    "melbands_kurtosis": {
        "dmean": 5.88728284836,
        "dmean2": 8.96700572968,
        "dvar": 69.2572631836,
        "dvar2": 167.476211548,
        "max": 117.254867554,
        "mean": 11.8373727798,
        "median": 7.89398860931,
        "min": -1.17493128777,
        "var": 174.696060181
    },
    "melbands_skewness": {
        "dmean": 0.668994724751,
        "dmean2": 0.997193515301,
        "dvar": 0.448371946812,
        "dvar2": 0.972814261913,
        "max": 9.55726051331,
        "mean": 2.65674781799,
        "median": 2.46905016899,
        "min": 0.0985169932246,
        "var": 1.77126157284
    },
    "melbands_spread": {
        "dmean": 7.64066505432,
        "dmean2": 11.0866718292,
        "dvar": 56.8859100342,
        "dvar2": 123.554862976,
        "max": 90.2865829468,
        "mean": 25.1871013641,
        "median": 22.4816207886,
        "min": 2.07282757759,
        "var": 217.180679321
    },
    "pitch_salience": {
        "dmean": 0.0743716657162,
        "dmean2": 0.118648916483,
        "dvar": 0.00408700760454,
        "dvar2": 0.00954026449472,
        "max": 0.806960761547,
        "mean": 0.565575361252,
        "median": 0.572311639786,
        "min": 0.155838832259,
        "var": 0.0112853553146
    },
    "silence_rate_20dB": {
        "dmean": 0,
        "dmean2": 0,
        "dvar": 0,
        "dvar2": 0,
        "max": 1,
        "mean": 1,
        "median": 1,
        "min": 1,
        "var": 0
    },
    "silence_rate_30dB": {
        "dmean": 0,
        "dmean2": 0,
        "dvar": 0,
        "dvar2": 0,
        "max": 1,
        "mean": 1,
        "median": 1,
        "min": 1,
        "var": 0
    },
    "silence_rate_60dB": {
        "dmean": 0.00154798757285,
        "dmean2": 0.00309837330133,
        "dvar": 0.00154558813665,
        "dvar2": 0.00463794311509,
        "max": 1,
        "mean": 0.00077339517884,
        "median": 0,
        "min": 0,
        "var": 0.000772796513047
    },
    "spectral_centroid": {
        "dmean": 331.309997559,
        "dmean2": 479.494140625,
        "dvar": 84523.375,
        "dvar2": 160429.453125,
        "max": 3286.26293945,
        "mean": 1559.52624512,
        "median": 1521.32373047,
        "min": 362.945373535,
        "var": 417527.59375
    },
    "spectral_complexity": {
        "dmean": 5.23374605179,
        "dmean2": 7.53292036057,
        "dvar": 23.3261871338,
        "dvar2": 45.0685005188,
        "max": 56,
        "mean": 23.2815151215,
        "median": 23,
        "min": 4,
        "var": 84.1108932495
    },
    "spectral_decrease": {
        "dmean": 1.77606329643e-09,
        "dmean2": 2.79645240298e-09,
        "dvar": 2.98645763985e-18,
        "dvar2": 6.87329434543e-18,
        "max": -7.72991004538e-10,
        "mean": -7.2032531051e-09,
        "median": -7.10799197279e-09,
        "min": -1.98156300257e-08,
        "var": 8.4588242174e-18
    },
    "spectral_energy": {
        "dmean": 0.00700535811484,
        "dmean2": 0.0110365217552,
        "dvar": 4.59748698631e-05,
        "dvar2": 0.000104923325125,
        "max": 0.0769120678306,
        "mean": 0.0295488685369,
        "median": 0.0290291719139,
        "min": 0.00309172575362,
        "var": 0.000132647895953
    },
    "spectral_energyband_high": {
        "dmean": 0.000613505195361,
        "dmean2": 0.000883323547896,
        "dvar": 5.86497094446e-07,
        "dvar2": 1.27181078824e-06,
        "max": 0.00769732194021,
        "mean": 0.00138303032145,
        "median": 0.00113358604722,
        "min": 7.5162970461e-06,
        "var": 1.38164409691e-06
    },
    "spectral_energyband_low": {
        "dmean": 0.00206372048706,
        "dmean2": 0.00310190580785,
        "dvar": 1.0188547094e-05,
        "dvar2": 2.52728896157e-05,
        "max": 0.0366276912391,
        "mean": 0.00436738040298,
        "median": 0.00214167335071,
        "min": 1.338691618e-05,
        "var": 2.89014387818e-05
    },
    "spectral_energyband_middle_high": {
        "dmean": 0.00202952045947,
        "dmean2": 0.00289908098057,
        "dvar": 5.10820837007e-06,
        "dvar2": 9.58556574915e-06,
        "max": 0.0302414484322,
        "mean": 0.00584582425654,
        "median": 0.00483887735754,
        "min": 0.00034343887819,
        "var": 1.9861423425e-05
    },
    "spectral_energyband_middle_low": {
        "dmean": 0.00606772350147,
        "dmean2": 0.00938896182925,
        "dvar": 4.11899163737e-05,
        "dvar2": 9.5448565844e-05,
        "max": 0.0637030228972,
        "mean": 0.0183634012938,
        "median": 0.0168717112392,
        "min": 0.00061207509134,
        "var": 0.000109037660877
    },
    "spectral_entropy": {
        "dmean": 0.180314823985,
        "dmean2": 0.247456282377,
        "dvar": 0.0271275751293,
        "dvar2": 0.0480569899082,
        "max": 8.51156997681,
        "mean": 7.52167606354,
        "median": 7.53133487701,
        "min": 6.41524505615,
        "var": 0.106809280813
    },
    "spectral_flux": {
        "dmean": 0.0251180008054,
        "dmean2": 0.0393163338304,
        "dvar": 0.000461870862637,
        "dvar2": 0.0011516821105,
        "max": 0.213693261147,
        "mean": 0.0969724580646,
        "median": 0.0968772023916,
        "min": 0.0241041984409,
        "var": 0.00111645017751
    },
    "spectral_kurtosis": {
        "dmean": 1.50575578213,
        "dmean2": 2.49795842171,
        "dvar": 2.54776644707,
        "dvar2": 7.16741132736,
        "max": 19.9741439819,
        "mean": 3.05072307587,
        "median": 2.76448345184,
        "min": -0.975234270096,
        "var": 4.29032707214
    },
    "spectral_rms": {
        "dmean": 0.000637319637462,
        "dmean2": 0.000987991224974,
        "dvar": 3.43025305938e-07,
        "dvar2": 7.57058842282e-07,
        "max": 0.00866234209388,
        "mean": 0.00525612989441,
        "median": 0.00532176112756,
        "min": 0.00173675501719,
        "var": 1.20125400827e-06
    },
    "spectral_rolloff": {
        "dmean": 673.446960449,
        "dmean2": 1103.9654541,
        "dvar": 1052342.625,
        "dvar2": 2344967.25,
        "max": 9733.0078125,
        "mean": 1790.60339355,
        "median": 1335.05859375,
        "min": 86.1328125,
        "var": 2161362.5
    },
    "spectral_skewness": {
        "dmean": 0.246488466859,
        "dmean2": 0.386209279299,
        "dvar": 0.0526196286082,
        "dvar2": 0.120131373405,
        "max": 3.16811060905,
        "mean": 1.10586678982,
        "median": 1.07399260998,
        "min": -0.0287918783724,
        "var": 0.157494276762
    },
    "spectral_spread": {
        "dmean": 489292.09375,
        "dmean2": 661496.875,
        "dvar": 519084867584,
        "dvar2": 717576667136,
        "max": 15962065,
        "mean": 4095904.25,
        "median": 3796805,
        "min": 1953001.25,
        "var": 1.88424414822e+12
    },
    "spectral_strongpeak": {
        "dmean": 0.65968888998,
        "dmean2": 1.10606539249,
        "dvar": 0.767719805241,
        "dvar2": 1.95592176914,
        "max": 8.8033914566,
        "mean": 1.21969652176,
        "median": 0.983551859856,
        "min": 0.0537199415267,
        "var": 0.987814188004
    },
    "zerocrossingrate": {
        "dmean": 0.0108691705391,
        "dmean2": 0.0123023428023,
        "dvar": 0.000128587489598,
        "dvar2": 0.000165682067745,
        "max": 0.23095703125,
        "mean": 0.0633443892002,
        "median": 0.06005859375,
        "min": 0.00927734375,
        "var": 0.000761629373301
    },
    "barkbands": {
        "dmean": [0.000134406829602, 0.00164472893812, 0.000645928783342, 0.000492413004395, 0.00271468237042, 0.00368172768503, 0.000988239306025, 0.0013069503475, 0.00137587531935, 0.0004860998597, 0.000672745518386, 0.000381553429179, 0.000203888252145, 0.000227932963753, 0.000419182266342, 0.000321395200444, 0.00018539399025, 0.000310339208227, 0.000483446754515, 0.000330842362018, 0.000329146860167, 8.82331223693e-05, 7.79856127338e-05, 5.02100810991e-05, 5.53637000849e-05, 5.84332155995e-06, 2.70901914234e-08],
        "dmean2": [0.000205304735573, 0.00251330900937, 0.00103454547934, 0.000846096081659, 0.00408494379371, 0.00588185572997, 0.00160226284061, 0.00205244775862, 0.00219132890925, 0.000717742077541, 0.000972540525254, 0.000619145052042, 0.000344801752362, 0.000374753319193, 0.000665901228786, 0.000490370381158, 0.00029826440732, 0.000476473534945, 0.0007602191763, 0.000519842433278, 0.000484030431835, 0.000128479339764, 0.000113854344818, 7.30437677703e-05, 8.31028228276e-05, 9.38009816309e-06, 4.55940174504e-08],
        "dvar": [8.49048618079e-08, 9.51793663262e-06, 1.53342762133e-06, 1.05301126041e-06, 1.79822400241e-05, 2.58909112745e-05, 2.65675862465e-06, 5.08988614456e-06, 4.60257206214e-06, 8.34878449041e-07, 1.50248763475e-06, 6.14344173755e-07, 1.28440163394e-07, 1.47845540255e-07, 6.23702533176e-07, 6.81522749346e-07, 1.02903499055e-07, 2.45866402793e-07, 4.74845990084e-07, 3.21386863789e-07, 2.11840315956e-07, 1.77564825066e-08, 2.43058746463e-08, 2.21567777459e-08, 5.13560571846e-08, 1.70785913189e-10, 4.91527586523e-15],
        "dvar2": [1.98575435206e-07, 2.32507682085e-05, 3.49184028892e-06, 2.98217264572e-06, 3.98008814955e-05, 6.46743210382e-05, 6.66735058985e-06, 1.18541056509e-05, 1.08523481686e-05, 1.51099175127e-06, 2.54292399404e-06, 1.34474066726e-06, 3.2063670119e-07, 3.76813005687e-07, 1.39928272347e-06, 1.3063794313e-06, 2.49454785717e-07, 5.71837290408e-07, 1.08405663468e-06, 7.65709671668e-07, 4.31558902392e-07, 4.12232310509e-08, 5.65221682791e-08, 4.08992697487e-08, 1.13327295992e-07, 3.94095950318e-10, 1.21628721973e-14],
        "max": [0.00379009405151, 0.0342845395207, 0.0217960197479, 0.0100943222642, 0.0537844486535, 0.0438429638743, 0.0166383944452, 0.0258338786662, 0.0305598732084, 0.0119726769626, 0.0155241312459, 0.01121851895, 0.00542074814439, 0.00482346443459, 0.00895418040454, 0.0174269210547, 0.00445135496557, 0.00640475749969, 0.00790139101446, 0.00677628209814, 0.00467065069824, 0.00150741881225, 0.00226503517479, 0.00246158847585, 0.00366336689331, 0.00028541192296, 8.13207691408e-07],
        "mean": [0.000203988762223, 0.00282548926771, 0.00105825613718, 0.000500170746818, 0.00566889625043, 0.00637753494084, 0.00140443327837, 0.0020176761318, 0.00209954148158, 0.000740089337341, 0.00111377076246, 0.000544998096302, 0.000313290365739, 0.000335150019964, 0.000650341506116, 0.000440280797193, 0.000268034142209, 0.000555123959202, 0.000799009460025, 0.000581692322157, 0.000647669425234, 0.000136590606417, 0.000101055607956, 8.07062824606e-05, 7.75167791289e-05, 7.58937721912e-06, 2.18253788375e-08],
        "median": [3.96048417315e-05, 0.000798317429144, 0.000224928808166, 0.000152693726704, 0.00401196582243, 0.00381872244179, 0.000546362134628, 0.000862012850121, 0.00110145995859, 0.000321739469655, 0.000440758507466, 0.000243295871769, 0.000181299386895, 0.00017090109759, 0.000241619767621, 0.000175097316969, 0.000139828334795, 0.000225890325964, 0.000445741112344, 0.000336719007464, 0.000415179412812, 7.07452127244e-05, 4.16330221924e-05, 2.60555061686e-05, 1.61171901709e-05, 2.08852452488e-06, 1.59615998196e-09],
        "min": [3.0259894146e-08, 2.83470421891e-06, 4.59541865894e-07, 3.89208366869e-07, 5.43065034435e-05, 2.21805057663e-05, 4.12967483499e-06, 1.22565425045e-05, 1.69704435393e-05, 2.7708399557e-06, 6.6962411438e-06, 4.75319939142e-06, 4.67591644338e-06, 4.09820131608e-06, 3.67819120584e-06, 6.82558038534e-06, 4.09086169384e-06, 4.97654536957e-06, 5.60258740734e-06, 1.95348093257e-06, 2.20948527385e-06, 2.862225017e-07, 2.27905033512e-07, 1.27756893953e-09, 6.6423494309e-12, 5.38755411811e-12, 5.93505973534e-12],
        "var": [1.33828578441e-07, 2.05508513318e-05, 4.27281702287e-06, 8.72175689892e-07, 3.64435727533e-05, 5.29416538484e-05, 4.24520294473e-06, 9.79204469331e-06, 7.43731243347e-06, 2.04143634619e-06, 3.61632919521e-06, 1.03967124687e-06, 2.13911718561e-07, 2.431753785e-07, 1.24025598325e-06, 1.05333424472e-06, 1.42501875189e-07, 6.95058247402e-07, 9.58535679274e-07, 5.29505655322e-07, 4.8066749514e-07, 3.07265928257e-08, 3.03640952382e-08, 4.49336035047e-08, 7.61989227271e-08, 2.46266562698e-10, 4.15802502225e-15]
    },
    "erbbands": {
        "dmean": [0.0603150129318, 0.343951880932, 0.686761081219, 1.27581715584, 2.4934797287, 11.2636976242, 31.5639152527, 25.2468528748, 12.9171361923, 15.756975174, 35.7359161377, 30.4457874298, 17.0486450195, 24.4191627502, 18.8423213959, 12.7638912201, 9.74458408356, 9.47050380707, 14.1635227203, 21.9765396118, 14.5026063919, 10.9386644363, 12.0186309814, 22.2048892975, 21.1781311035, 14.7027807236, 17.5753669739, 8.33543682098, 2.95854377747, 2.97119665146, 2.03196382523, 1.16162407398, 0.965409994125, 0.866327047348, 0.200164705515, 0.0445872098207, 0.00762984342873, 0.000561848864891, 1.71061583387e-05, 8.66830032464e-06],
        "dmean2": [0.0944520309567, 0.50518399477, 1.03810989857, 2.1574010849, 3.89246582985, 17.0356578827, 49.3592376709, 40.8136558533, 21.3559875488, 26.3348083496, 55.1242256165, 49.0287742615, 25.1936206818, 34.214427948, 28.8328056335, 20.4388999939, 16.2318572998, 15.3157348633, 22.3565406799, 33.8023834229, 22.6018314362, 17.2863178253, 18.6865520477, 34.6634025574, 32.9460678101, 22.6028957367, 26.134809494, 12.0710897446, 4.33324098587, 4.33514118195, 3.00109195709, 1.68029928207, 1.40412247181, 1.29622006416, 0.297768086195, 0.0702968835831, 0.0123449359089, 0.000934673065785, 2.62608664343e-05, 1.36971812026e-05],
        "dvar": [0.0156782306731, 0.393025189638, 1.51717984676, 6.30080127716, 14.7272024155, 370.588287354, 2044.58190918, 1672.87695312, 433.844482422, 509.554504395, 3600.8359375, 2422.95654297, 1168.83935547, 2301.4284668, 1324.99328613, 602.720153809, 281.694976807, 239.444122314, 663.89050293, 1701.50073242, 810.022949219, 377.725708008, 348.477386475, 997.151489258, 1163.89855957, 609.936523438, 747.007202148, 106.028442383, 22.4000720978, 24.5306224823, 22.852558136, 9.46120166779, 10.8868331909, 14.5696744919, 0.311989873648, 0.0100803514943, 0.000244806520641, 1.66472159435e-06, 7.92591658971e-10, 6.95885016277e-11],
        "dvar2": [0.0412605330348, 0.882665574551, 3.35423851013, 17.386428833, 32.9382972717, 873.868041992, 4875.57470703, 4142.02783203, 1144.95263672, 1328.62426758, 8390.03613281, 5842.54345703, 2164.30566406, 4173.54980469, 2516.21655273, 1330.63647461, 711.358581543, 577.195861816, 1499.73913574, 3539.52490234, 1650.26220703, 909.019348145, 837.78717041, 2391.39086914, 2527.10571289, 1381.82275391, 1542.09204102, 226.121780396, 51.9156494141, 57.8213844299, 53.3624267578, 18.1047286987, 22.7374916077, 32.6605148315, 0.606168627739, 0.021670660004, 0.000590183655731, 4.45102341473e-06, 1.8502521737e-09, 1.54409152131e-10],
        "max": [1.36797571182, 7.38038682938, 20.5313568115, 26.0693531036, 65.9499816895, 260.013214111, 377.436859131, 440.36819458, 220.946670532, 185.939849854, 638.003173828, 505.944030762, 459.587463379, 708.628112793, 674.07208252, 451.831420898, 248.414855957, 221.591567993, 414.837097168, 539.156616211, 462.125427246, 287.680328369, 216.056671143, 423.049499512, 453.731414795, 261.775726318, 297.933776855, 112.516418457, 66.4724884033, 51.7044868469, 81.1035766602, 50.9930229187, 47.5801734924, 62.0035362244, 11.5240955353, 1.8349199295, 0.257115632296, 0.0167367048562, 0.000390151108149, 9.91604538285e-05],
        "mean": [0.0853800028563, 0.605311155319, 1.27820205688, 1.63940858841, 4.5815653801, 23.51222229, 55.0644569397, 41.3849906921, 20.1104679108, 25.3508987427, 57.1764678955, 45.309211731, 27.1118431091, 38.1069221497, 32.1553649902, 19.4361152649, 15.7078714371, 15.9097394943, 23.572681427, 35.2340316772, 21.7811584473, 17.0112285614, 21.3989868164, 43.3501739502, 37.6836204529, 27.0119571686, 32.7081184387, 17.0816249847, 5.16856765747, 4.03570699692, 2.66026687622, 1.70721256733, 1.46499049664, 1.17665529251, 0.319076061249, 0.0653233528137, 0.00916774943471, 0.000605532899499, 3.77844880859e-05, 3.82940852433e-05],
        "median": [0.0164805576205, 0.167828127742, 0.328366905451, 0.555872797966, 2.96620130539, 16.056142807, 29.5521297455, 24.070066452, 11.1511697769, 11.2290220261, 28.0057125092, 25.3252601624, 13.2638559341, 16.6004009247, 14.8032913208, 10.2945404053, 9.44869804382, 9.21237659454, 11.9203500748, 13.9061889648, 10.6092319489, 9.57534885406, 11.4215230942, 22.0374984741, 20.8492832184, 16.3217830658, 21.7628269196, 10.1933059692, 3.05182552338, 1.71914887428, 1.10372471809, 0.699142277241, 0.370509088039, 0.198357820511, 0.0940986648202, 0.0196594595909, 0.00260357325897, 0.000146016885992, 2.62085486611e-05, 3.78284639737e-05],
        "min": [5.74593505007e-05, 0.000623901898507, 0.00348426960409, 0.0184301640838, 0.0695219635963, 0.238887697458, 0.301849484444, 0.380459755659, 0.129476383328, 0.176873013377, 0.721201241016, 0.541104972363, 0.193260937929, 0.241060569882, 0.57157087326, 0.253654956818, 0.242405697703, 0.214099615812, 0.233554497361, 0.419727504253, 0.419063746929, 0.287172228098, 0.254226654768, 0.612878441811, 0.228303268552, 0.0767129436135, 0.121036745608, 0.101902231574, 0.0591146089137, 0.0320692248642, 0.0095193143934, 0.00129799963906, 8.51472723298e-05, 5.33609745617e-05, 1.30934940898e-05, 5.22768505107e-06, 2.82077894553e-06, 5.97808309521e-07, 2.3367290396e-06, 3.75645299755e-06],
        "var": [0.0226066056639, 1.02469456196, 5.00001621246, 6.93471002579, 27.4276695251, 627.849060059, 4096.63476562, 2475.53344727, 594.326293945, 999.882080078, 6240.08105469, 3511.59716797, 2624.71435547, 4675.46777344, 2868.07421875, 981.314575195, 467.706115723, 442.442565918, 1329.06726074, 3709.78198242, 1367.71960449, 546.324462891, 731.584716797, 2941.27734375, 2398.15551758, 1104.47839355, 1444.94909668, 334.515563965, 39.061466217, 34.3798713684, 26.2033157349, 14.5838661194, 20.6946678162, 21.1213340759, 0.659663915634, 0.0175399910659, 0.000325662113028, 1.82318046882e-06, 1.38542410877e-09, 2.09966974363e-10]
    },
    "gfcc": {
        "mean": [15.9760503769, 101.39050293, -140.030975342, 42.9284896851, -78.8792648315, -1.3647056818, -37.9274520874, 5.46795797348, -28.1070365906, 3.05552911758, -9.40203475952, -3.47824287415, 4.62215328217],
        "cov": [[1295.5567627, -524.079589844, -46.4959983826, -40.7410964966, -108.876014709, 92.3015823364, -30.3672599792, 128.016998291, -60.6523132324, 163.348739624, -96.6518707275, 76.1053009033, -48.4276123047], [-524.079589844, 638.125061035, -115.802223206, -36.2558670044, 111.193511963, -121.908973694, 105.692466736, -126.340751648, 101.788291931, -82.6061248779, 95.9166259766, -66.7767181396, 49.4231033325], [-46.4959983826, -115.802223206, 619.808349609, 152.376266479, 56.8902740479, 206.798187256, -54.9547195435, 100.604545593, -12.0317392349, 31.8942661285, -12.1875333786, 82.4654159546, -37.1700782776], [-40.7410964966, -36.2558670044, 152.376266479, 351.634002686, 63.9831047058, 22.0373096466, 57.074092865, 34.9066848755, 27.9965953827, -42.2668418884, 29.7587928772, 14.981013298, -7.00046873093], [-108.876014709, 111.193511963, 56.8902740479, 63.9831047058, 238.524230957, 56.9155273438, 73.6767578125, 47.4337501526, 26.480173111, 37.847076416, -1.13381922245, 33.8332366943, -17.8892917633], [92.3015823364, -121.908973694, 206.798187256, 22.0373096466, 56.9155273438, 357.898254395, -18.8365573883, 34.3391723633, 40.8072891235, 15.7146940231, -22.7112674713, 7.53046941757, -27.1440353394], [-30.3672599792, 105.692466736, -54.9547195435, 57.074092865, 73.6767578125, -18.8365573883, 168.595794678, 33.912727356, 8.64298820496, 20.5819320679, 15.8257980347, -7.13611555099, 14.9071416855], [128.016998291, -126.340751648, 100.604545593, 34.9066848755, 47.4337501526, 34.3391723633, 33.912727356, 178.692565918, -0.627551496029, 56.2800292969, -2.24956774712, 44.9134750366, 0.0308779068291], [-60.6523132324, 101.788291931, -12.0317392349, 27.9965953827, 26.480173111, 40.8072891235, 8.64298820496, -0.627551496029, 129.003295898, -3.33612656593, 40.2266197205, 16.4343013763, 1.61749613285], [163.348739624, -82.6061248779, 31.8942661285, -42.2668418884, 37.847076416, 15.7146940231, 20.5819320679, 56.2800292969, -3.33612656593, 135.312210083, 2.59611439705, 40.9175262451, 19.4935684204], [-96.6518707275, 95.9166259766, -12.1875333786, 29.7587928772, -1.13381922245, -22.7112674713, 15.8257980347, -2.24956774712, 40.2266197205, 2.59611439705, 114.820419312, 20.7996635437, 35.5847625732], [76.1053009033, -66.7767181396, 82.4654159546, 14.981013298, 33.8332366943, 7.53046941757, -7.13611555099, 44.9134750366, 16.4343013763, 40.9175262451, 20.7996635437, 118.269714355, -14.0770606995], [-48.4276123047, 49.4231033325, -37.1700782776, -7.00046873093, -17.8892917633, -27.1440353394, 14.9071416855, 0.0308779068291, 1.61749613285, 19.4935684204, 35.5847625732, -14.0770606995, 123.2473526]],
        "icov": [[0.0015138151357, 0.000297855876852, 0.00080493488349, -0.000559792271815, 0.0011923861457, -0.000682238372974, 8.57908817125e-05, -0.00060057285009, 0.000382969796192, -0.0018604126526, 0.000988179235719, -0.000872275675647, 0.00060322182253], [0.000297855876852, 0.00836881063879, -0.00305863842368, 0.00467029586434, -0.00568414060399, 0.00433316640556, -0.0053635276854, 0.00522074615583, -0.00655334675685, 0.00544506404549, -0.00469858432189, 0.0047339159064, -0.00199729856104], [0.00080493488349, -0.00305863842368, 0.00465067336336, -0.00353370187804, 0.00283345626667, -0.00362966232933, 0.00353082735091, -0.00328041426837, 0.00393357314169, -0.00360003579408, 0.00236224057153, -0.00371759315021, 0.00134145549964], [-0.000559792271815, 0.00467029586434, -0.00353370187804, 0.00714721903205, -0.00447822362185, 0.00335068348795, -0.00473067769781, 0.002917164471, -0.0046582785435, 0.00615491531789, -0.00390208302997, 0.00325498287566, -0.0015070962254], [0.0011923861457, -0.00568414060399, 0.00283345626667, -0.00447822362185, 0.0109508223832, -0.00439689820632, 0.00150382507127, -0.00442633684725, 0.00423007365316, -0.00671293213964, 0.0049228547141, -0.00526732066646, 0.00277169537731], [-0.000682238372974, 0.00433316640556, -0.00362966232933, 0.00335068348795, -0.00439689820632, 0.00674906512722, -0.00277609447949, 0.00304137123749, -0.00555577827618, 0.00375909614377, -0.00227715144865, 0.00423780223355, -0.0011069693137], [8.57908817125e-05, -0.0053635276854, 0.00353082735091, -0.00473067769781, 0.00150382507127, -0.00277609447949, 0.0120959440246, -0.00498694553971, 0.00471769226715, -0.00509111303836, 0.00232697627507, -0.00176087254658, 0.00099610502366], [-0.00060057285009, 0.00522074615583, -0.00328041426837, 0.002917164471, -0.00442633684725, 0.00304137123749, -0.00498694553971, 0.0113318581134, -0.00427746819332, 0.00217331689782, -0.00283686351031, 0.00184953247663, -0.00178276502993], [0.000382969796192, -0.00655334675685, 0.00393357314169, -0.0046582785435, 0.00423007365316, -0.00555577827618, 0.00471769226715, -0.00427746819332, 0.0153780551627, -0.00463960319757, 0.000632123206742, -0.00542147131637, 0.00225125998259], [-0.0018604126526, 0.00544506404549, -0.00360003579408, 0.00615491531789, -0.00671293213964, 0.00375909614377, -0.00509111303836, 0.00217331689782, -0.00463960319757, 0.0172013454139, -0.00433143647388, 0.00147956341971, -0.00442207790911], [0.000988179235719, -0.00469858432189, 0.00236224057153, -0.00390208302997, 0.0049228547141, -0.00227715144865, 0.00232697627507, -0.00283686351031, 0.000632123206742, -0.00433143647388, 0.0154664125293, -0.0060083004646, -0.00177950086072], [-0.000872275675647, 0.0047339159064, -0.00371759315021, 0.00325498287566, -0.00526732066646, 0.00423780223355, -0.00176087254658, 0.00184953247663, -0.00542147131637, 0.00147956341971, -0.0060083004646, 0.0156629495323, 0.000564803252928], [0.00060322182253, -0.00199729856104, 0.00134145549964, -0.0015070962254, 0.00277169537731, -0.0011069693137, 0.00099610502366, -0.00178276502993, 0.00225125998259, -0.00442207790911, -0.00177950086072, 0.000564803252928, 0.0107573382556]]
    },
    "melbands": {
        "dmean": [0.000487063633045, 0.00035570532782, 0.000221063848585, 0.000448807375506, 0.000950519810431, 0.000580892839935, 0.000205327436561, 0.000192899839021, 0.000310706556775, 0.000185674784007, 8.37322950247e-05, 9.49968016357e-05, 7.08212319296e-05, 4.74848275189e-05, 2.9987833841e-05, 2.09627323784e-05, 1.99923160835e-05, 2.20515266847e-05, 3.73648363166e-05, 2.73331497738e-05, 1.48732606249e-05, 1.23765903481e-05, 1.17450190373e-05, 1.21307875816e-05, 1.96474957193e-05, 2.03652962227e-05, 1.21129778563e-05, 1.07260475488e-05, 1.26231288959e-05, 8.67971630214e-06, 4.05761738875e-06, 1.73831426764e-06, 1.80751851531e-06, 1.6843252979e-06, 1.22695337268e-06, 9.81394009614e-07, 6.48728587294e-07, 6.54097505048e-07, 1.00002216641e-06, 6.39779443645e-07],
        "dmean2": [0.000757234811317, 0.000519906869158, 0.000366798078176, 0.000672121357638, 0.0014583459124, 0.000932508788537, 0.000335560849635, 0.000316782854497, 0.000481437746203, 0.000298804836348, 0.000124499973026, 0.000134976988193, 0.000107439482235, 7.39737733966e-05, 4.9805141316e-05, 3.49198235199e-05, 3.30735638272e-05, 3.4896122088e-05, 5.98375918344e-05, 4.10630636907e-05, 2.37804779317e-05, 1.98351735889e-05, 1.91132057807e-05, 1.83867778105e-05, 3.10771756631e-05, 3.25590590364e-05, 1.89824841073e-05, 1.68618698808e-05, 1.88937556231e-05, 1.30301104946e-05, 5.97833241045e-06, 2.6288432764e-06, 2.73038608611e-06, 2.50053085438e-06, 1.82637745638e-06, 1.51587482833e-06, 9.6897417734e-07, 9.83335553428e-07, 1.5465202523e-06, 9.41436724133e-07],
        "dvar": [9.21144987842e-07, 3.00996390479e-07, 1.66987135231e-07, 4.73150663538e-07, 1.71351587142e-06, 7.38119467769e-07, 1.10057911229e-07, 8.47849292995e-08, 2.77785289882e-07, 9.51106855496e-08, 2.96370767927e-08, 3.34791572243e-08, 1.51513859237e-08, 1.12811298081e-08, 2.69471733816e-09, 1.55449164652e-09, 1.2673200267e-09, 1.7252792528e-09, 5.43126432717e-09, 6.20245810268e-09, 6.74178268767e-10, 5.09742803523e-10, 4.43692443897e-10, 3.13554182618e-10, 8.32550028917e-10, 1.16827392205e-09, 5.92435600577e-10, 3.23909760125e-10, 3.70385500048e-10, 1.45325695922e-10, 2.74427008895e-11, 7.6321848147e-12, 9.54606879655e-12, 8.23652430981e-12, 7.66080428261e-12, 6.76617702838e-12, 3.36525230425e-12, 4.19252176379e-12, 2.04192617675e-11, 6.81598484251e-12],
        "dvar2": [2.35307197727e-06, 6.13405006789e-07, 4.4830534307e-07, 1.09359245926e-06, 3.93961727241e-06, 1.83151621513e-06, 2.83084716557e-07, 2.11180434917e-07, 6.45673026156e-07, 2.29881578662e-07, 5.48313572324e-08, 6.13479613776e-08, 2.92239690225e-08, 2.3134717253e-08, 6.63462351724e-09, 3.84538623166e-09, 3.0391846817e-09, 3.78500297771e-09, 1.23003092156e-08, 1.19341763138e-08, 1.51856416331e-09, 1.22563192928e-09, 1.09711373319e-09, 7.16142201096e-10, 2.00792471539e-09, 2.83617396235e-09, 1.41742861892e-09, 7.67067021012e-10, 7.63996754749e-10, 3.14264697598e-10, 6.10468411932e-11, 1.81513155201e-11, 2.30998206674e-11, 2.00417963475e-11, 1.78653446203e-11, 1.547816042e-11, 6.46185839212e-12, 9.01061690539e-12, 4.63521651617e-11, 1.45780713889e-11],
        "max": [0.0108862770721, 0.0074646230787, 0.00424813572317, 0.00960209593177, 0.0113634187728, 0.0086992578581, 0.00355694931932, 0.00353569234721, 0.00682527897879, 0.00327000091784, 0.00223862193525, 0.00265056104399, 0.00174540840089, 0.00143426912837, 0.000742583011743, 0.000754263077397, 0.000502322218381, 0.00065064599039, 0.000930511858314, 0.00174232351128, 0.000328446738422, 0.000288161507342, 0.000239939734456, 0.00021693079907, 0.000386644212995, 0.000407420331612, 0.000399178330554, 0.000208301193197, 0.000211830047192, 0.000140114425449, 5.76653983444e-05, 3.73193070118e-05, 3.47567620338e-05, 3.01062900689e-05, 4.12938570662e-05, 4.57234455098e-05, 3.36644661729e-05, 3.21914012602e-05, 6.97621144354e-05, 5.03128540004e-05],
        "mean": [0.000777129433118, 0.00074097403558, 0.000305794674205, 0.000930034555495, 0.00177814718336, 0.000983916572295, 0.000308739341563, 0.000305580615532, 0.000492233084515, 0.00026925833663, 0.000126027836814, 0.000144902238389, 0.00012039084686, 6.85445193085e-05, 4.04012789659e-05, 3.14883254759e-05, 2.93743669317e-05, 3.34824180754e-05, 5.35912586201e-05, 3.93749833165e-05, 2.12984414247e-05, 1.7416465198e-05, 1.70224357134e-05, 2.24840132432e-05, 3.64178631571e-05, 3.25390064972e-05, 2.00319682335e-05, 1.72849358933e-05, 2.1607555027e-05, 1.5879251805e-05, 7.66468110669e-06, 2.78776883533e-06, 2.40808822127e-06, 2.14534179577e-06, 1.53636779032e-06, 1.29138118155e-06, 9.2448686928e-07, 9.53593257691e-07, 1.26407371681e-06, 8.80293157479e-07],
        "median": [0.000203222618438, 0.000217907436308, 0.000138158575282, 0.000692891830113, 0.0010685963789, 0.000601942942012, 0.000153554341523, 0.000119285366964, 0.000237769228988, 0.000139980969834, 5.45923467143e-05, 6.32304727333e-05, 5.43152455066e-05, 2.78363968391e-05, 2.22125272558e-05, 1.77027723112e-05, 1.5296976926e-05, 1.53932032845e-05, 1.99561181944e-05, 1.38286513902e-05, 1.00013194242e-05, 8.62070191943e-06, 8.73649787536e-06, 1.04489336081e-05, 1.66677455127e-05, 1.56396508828e-05, 9.65601702774e-06, 9.35305342864e-06, 1.32571085487e-05, 9.62803824223e-06, 4.20767082687e-06, 1.52752124905e-06, 1.07183859654e-06, 8.58134455939e-07, 6.25906807272e-07, 5.41552935829e-07, 3.65882328879e-07, 2.62486480551e-07, 1.82294016327e-07, 1.48320580706e-07],
        "min": [6.52422897929e-07, 8.44579915338e-07, 3.36389894073e-06, 4.98457575304e-06, 2.5206747523e-05, 5.3035532801e-06, 1.23578900002e-06, 1.27197574784e-06, 5.49557807972e-06, 2.20986657951e-06, 6.57557052364e-07, 7.24241715488e-07, 1.15245734378e-06, 6.35268577298e-07, 5.64154390759e-07, 4.54739250699e-07, 3.69723892391e-07, 2.63370509401e-07, 2.82157259335e-07, 5.49590652099e-07, 4.08707904853e-07, 2.25104585638e-07, 2.13452082676e-07, 2.2321152926e-07, 3.8655630874e-07, 9.20055711617e-08, 7.36173220162e-08, 2.83270331636e-08, 1.08230420182e-08, 4.63483651458e-08, 4.82716977501e-08, 2.01178682602e-08, 1.46749075114e-08, 7.56233742294e-09, 4.78833728224e-09, 2.04847672158e-09, 1.01655142637e-11, 1.88269945424e-13, 2.02601217053e-11, 6.8627341223e-14],
