{
"highlevel": {
    "danceability": {
        "all": {
            "danceable": 0.970174670219,
            "not_danceable": 0.0298253335059
        },
        "probability": 0.970174670219,
        "value": "danceable"
    },
    "gender": {
        "all": {
            "female": 0.0110413627699,
            "male": 0.988958656788
        },
        "probability": 0.988958656788,
        "value": "male"
    },
    "genre_dortmund": {
        "all": {
            "alternative": 0.0311673991382,
            "blues": 0.0547299832106,
            "electronic": 0.144874870777,
            "folkcountry": 0.025268772617,
            "funksoulrnb": 0.0515653379261,
            "jazz": 0.0662849247456,
            "pop": 0.0245978366584,
            "raphiphop": 0.362914860249,
            "rock": 0.238596022129
        },
        "probability": 0.362914860249,
        "value": "raphiphop"
    },
    "genre_electronic": {
        "all": {
            "ambient": 0.314333379269,
            "dnb": 0.377203643322,
            "house": 0.164110645652,
            "techno": 0.0186568368226,
            "trance": 0.125695496798
        },
        "probability": 0.377203643322,
        "value": "dnb"
    },
    "genre_rosamerica": {
        "all": {
            "cla": 0.0100242737681,
            "dan": 0.033874027431,
            "hip": 0.147697478533,
            "jaz": 0.0184006486088,
            "pop": 0.556170642376,
            "rhy": 0.129496753216,
            "roc": 0.0965266674757,
            "spe": 0.00780953885987
        },
        "probability": 0.556170642376,
        "value": "pop"
    },
    "genre_tzanetakis": {
        "all": {
            "blu": 0.0626541376114,
            "cla": 0.0348133966327,
            "cou": 0.0783501937985,
            "dis": 0.104547761381,
            "hip": 0.15693578124,
            "jaz": 0.313987255096,
            "met": 0.044816005975,
            "pop": 0.0627349764109,
            "reg": 0.0627352520823,
            "roc": 0.0784252434969
        },
        "probability": 0.313987255096,
        "value": "jaz"
    },
    "ismir04_rhythm": {
        "all": {
            "ChaChaCha": 0.754590988159,
            "Jive": 0.0579687021673,
            "Quickstep": 0.0346429944038,
            "Rumba-American": 0.00758592179045,
            "Rumba-International": 0.00939470808953,
            "Rumba-Misc": 0.00346305221319,
            "Samba": 0.112782679498,
            "Tango": 0.00853902194649,
            "VienneseWaltz": 0.0086395451799,
            "Waltz": 0.00239235651679
        },
        "probability": 0.754590988159,
        "value": "ChaChaCha"
    },
    "mood_acoustic": {
        "all": {
            "acoustic": 0.1012384817,
            "not_acoustic": 0.898761510849
        },
        "probability": 0.898761510849,
        "value": "not_acoustic"
    },
    "mood_aggressive": {
        "all": {
            "aggressive": 0.512504041195,
            "not_aggressive": 0.487495929003
        },
        "probability": 0.512504041195,
        "value": "aggressive"
    },
    "mood_electronic": {
        "all": {
            "electronic": 0.809391140938,
            "not_electronic": 0.190608859062
        },
        "probability": 0.809391140938,
        "value": "electronic"
    },
    "mood_happy": {
        "all": {
            "happy": 0.138688027859,
            "not_happy": 0.861311972141
        },
        "probability": 0.861311972141,
        "value": "not_happy"
    },
    "mood_party": {
        "all": {
            "not_party": 0.316556751728,
            "party": 0.683443248272
        },
        "probability": 0.683443248272,
        "value": "party"
    },
    "mood_relaxed": {
        "all": {
            "not_relaxed": 0.680737674236,
            "relaxed": 0.319262355566
        },
        "probability": 0.680737674236,
        "value": "not_relaxed"
    },
    "mood_sad": {
        "all": {
            "not_sad": 0.85320186615,
            "sad": 0.146798148751
        },
        "probability": 0.85320186615,
        "value": "not_sad"
    },
    "moods_mirex": {
        "all": {
            "Cluster1": 0.245762139559,
            "Cluster2": 0.125521332026,
            "Cluster3": 0.0543913170695,
            "Cluster4": 0.100106038153,
            "Cluster5": 0.474219173193
        },
        "probability": 0.474219173193,
        "value": "Cluster5"
    },
    "timbre": {
        "all": {
            "bright": 0.696007668972,
            "dark": 0.30399236083
        },
        "probability": 0.696007668972,
        "value": "bright"
    },
    "tonal_atonal": {
        "all": {
            "atonal": 0.0664010345936,
            "tonal": 0.933598995209
        },
        "probability": 0.933598995209,
        "value": "tonal"
    },
    "voice_instrumental": {
        "all": {
            "instrumental": 0.0143534354866,
            "voice": 0.985646545887
        },
        "probability": 0.985646545887,
        "value": "voice"
    }
},
"lowlevel": {
    "average_loudness": 0.939461708069,
    "barkbands_crest": {
        "dmean": 3.05242562294,
        "dmean2": 5.04366254807,
        "dvar": 9.96403217316,
        "dvar2": 27.499797821,
        "max": 25.5456314087,
        "mean": 9.11169624329,
        "median": 8.04148578644,
        "min": 2.60769557953,
        "var": 18.5188522339
    },
    "barkbands_flatness_db": {
        "dmean": 0.025511469692,
        "dmean2": 0.0405481383204,
        "dvar": 0.000797368120402,
        "dvar2": 0.0021302329842,
        "max": 0.330328583717,
        "mean": 0.139307886362,
        "median": 0.135283559561,
        "min": 0.0454839207232,
        "var": 0.00171638163738
    },
    "barkbands_kurtosis": {
        "dmean": 4.84736585617,
        "dmean2": 8.4489364624,
        "dvar": 210.512359619,
        "dvar2": 604.04888916,
        "max": 173.944320679,
        "mean": 3.39381837845,
        "median": 0.347236633301,
        "min": -1.90988695621,
        "var": 165.312698364
    },
    "barkbands_skewness": {
        "dmean": 0.83263874054,
        "dmean2": 1.31902384758,
        "dvar": 1.44227004051,
        "dvar2": 3.78661870956,
        "max": 12.2641983032,
        "mean": 1.18567156792,
        "median": 0.927092015743,
        "min": -3.87321162224,
        "var": 2.19744133949
    },
    "barkbands_spread": {
        "dmean": 8.48516178131,
        "dmean2": 12.828836441,
        "dvar": 83.9944229126,
        "dvar2": 202.838409424,
        "max": 94.4373321533,
        "mean": 26.2598609924,
        "median": 24.3292713165,
        "min": 1.57571721077,
        "var": 190.279983521
    },
    "dissonance": {
        "dmean": 0.019779862836,
        "dmean2": 0.0324382223189,
        "dvar": 0.000403272191761,
        "dvar2": 0.00104184634984,
        "max": 0.499923586845,
        "mean": 0.466283202171,
        "median": 0.474024057388,
        "min": 0.338993757963,
        "var": 0.000732159824111
    },
    "dynamic_complexity": 2.07621526718,
    "erbbands_crest": {
        "dmean": 3.11074995995,
        "dmean2": 5.01272344589,
        "dvar": 6.65258646011,
        "dvar2": 17.1544132233,
        "max": 28.1946849823,
        "mean": 8.88574695587,
        "median": 8.08331108093,
        "min": 2.67199611664,
        "var": 14.8931570053
    },
    "erbbands_flatness_db": {
        "dmean": 0.0234875455499,
        "dmean2": 0.0330762267113,
        "dvar": 0.00040579092456,
        "dvar2": 0.000848018331453,
        "max": 0.294990688562,
        "mean": 0.161483749747,
        "median": 0.162723258138,
        "min": 0.0660552158952,
        "var": 0.0014184814645
    },
    "erbbands_kurtosis": {
        "dmean": 1.23027420044,
        "dmean2": 1.8813072443,
        "dvar": 3.20380115509,
        "dvar2": 7.28212213516,
        "max": 21.2403469086,
        "mean": 0.548882246017,
        "median": -0.16077041626,
        "min": -1.70189011097,
        "var": 5.16790962219
    },
    "erbbands_skewness": {
        "dmean": 0.493031591177,
        "dmean2": 0.752027511597,
        "dvar": 0.21145683527,
        "dvar2": 0.492968559265,
        "max": 2.42338228226,
        "mean": 0.0067594316788,
        "median": 0.0524591505527,
        "min": -3.5953605175,
        "var": 0.614432454109
    },
    "erbbands_spread": {
        "dmean": 11.324546814,
        "dmean2": 16.4758110046,
        "dvar": 142.167068481,
        "dvar2": 327.37600708,
        "max": 159.301574707,
        "mean": 37.8115844727,
        "median": 34.5610466003,
        "min": 5.21368169785,
        "var": 375.095367432
    },
    "hfc": {
        "dmean": 12.948182106,
        "dmean2": 19.3435440063,
        "dvar": 432.42880249,
        "dvar2": 1022.9866333,
        "max": 204.682067871,
        "mean": 28.5771007538,
        "median": 22.339717865,
        "min": 0.369765490294,
        "var": 668.880432129
    },
    "melbands_crest": {
        "dmean": 3.87610888481,
        "dmean2": 6.43835878372,
        "dvar": 12.8507766724,
        "dvar2": 35.4516983032,
        "max": 33.1324920654,
        "mean": 13.078707695,
        "median": 11.8506851196,
        "min": 3.0771420002,
        "var": 32.8276023865
    },
    "melbands_flatness_db": {
        "dmean": 0.033924266696,
        "dmean2": 0.051509719342,
        "dvar": 0.00133194029331,
        "dvar2": 0.00318359653465,
        "max": 0.424976170063,
        "mean": 0.171608805656,
        "median": 0.165588289499,
        "min": 0.0383560061455,
        "var": 0.00457342062145
    },
    "melbands_kurtosis": {
        "dmean": 12.5857934952,
        "dmean2": 21.3495616913,
        "dvar": 1333.08081055,
        "dvar2": 3817.6340332,
        "max": 443.059509277,
        "mean": 12.429520607,
        "median": 3.93344831467,
        "min": -1.69381761551,
        "var": 1149.28442383
    },
    "melbands_skewness": {
        "dmean": 1.06887614727,
        "dmean2": 1.67867767811,
        "dvar": 2.58181881905,
        "dvar2": 6.75480175018,
        "max": 16.6320571899,
        "mean": 2.30921530724,
        "median": 1.85593092442,
        "min": -1.93871879578,
        "var": 4.21661186218
    },
    "melbands_spread": {
        "dmean": 13.5674762726,
        "dmean2": 21.0942363739,
        "dvar": 392.950042725,
        "dvar2": 938.599731445,
        "max": 230.120864868,
        "mean": 32.6196212769,
        "median": 26.7531242371,
        "min": 0.845235705376,
        "var": 614.933044434
    },
    "pitch_salience": {
        "dmean": 0.08775293082,
        "dmean2": 0.145431056619,
        "dvar": 0.00729066459462,
        "dvar2": 0.021142506972,
        "max": 0.867538690567,
        "mean": 0.575931251049,
        "median": 0.597502350807,
        "min": 0.0959346219897,
        "var": 0.0178420655429
    },
    "silence_rate_20dB": {
        "dmean": 0,
        "dmean2": 0,
        "dvar": 0,
        "dvar2": 0,
        "max": 1,
        "mean": 1,
        "median": 1,
        "min": 1,
        "var": 0
    },
    "silence_rate_30dB": {
        "dmean": 0.0541795678437,
        "dmean2": 0.108443066478,
        "dvar": 0.0512454099953,
        "dvar2": 0.104428447783,
        "max": 1,
        "mean": 0.948182523251,
        "median": 1,
        "min": 0,
        "var": 0.0491328127682
    },
    "silence_rate_60dB": {
        "dmean": 0.0278637763113,
        "dmean2": 0.0557707212865,
        "dvar": 0.027087463066,
        "dvar2": 0.0588571690023,
        "max": 1,
        "mean": 0.0340293906629,
        "median": 0,
        "min": 0,
        "var": 0.0328715071082
    },
    "spectral_centroid": {
        "dmean": 391.263092041,
        "dmean2": 592.772338867,
        "dvar": 198209.96875,
        "dvar2": 443857.5,
        "max": 4367.42285156,
        "mean": 1615.59692383,
        "median": 1482.79187012,
        "min": 377.947296143,
        "var": 447188.875
    },
    "spectral_complexity": {
        "dmean": 5.34829711914,
        "dmean2": 7.7877612114,
        "dvar": 33.398727417,
        "dvar2": 57.389541626,
        "max": 61,
        "mean": 22.288476944,
        "median": 21,
        "min": 2,
        "var": 111.164321899
    },
    "spectral_decrease": {
        "dmean": 4.58280657867e-09,
        "dmean2": 7.64088792238e-09,
        "dvar": 9.73911799134e-17,
        "dvar2": 2.63832022466e-16,
        "max": -1.18406603966e-10,
        "mean": -8.22126988709e-09,
        "median": -5.74158720568e-09,
        "min": -7.13267667152e-08,
        "var": 9.9986402837e-17
    },
    "spectral_energy": {
        "dmean": 0.0181163996458,
        "dmean2": 0.0301096513867,
        "dvar": 0.00140449532773,
        "dvar2": 0.00379244540818,
        "max": 0.271424472332,
        "mean": 0.0336209796369,
        "median": 0.0243534706533,
        "min": 0.000491498794872,
        "var": 0.0014741551131
    },
    "spectral_energyband_high": {
        "dmean": 0.00115476455539,
        "dmean2": 0.00169748114422,
        "dvar": 6.41329188511e-06,
        "dvar2": 1.50872665472e-05,
        "max": 0.023705881089,
        "mean": 0.00151381071191,
        "median": 0.000499881629366,
        "min": 5.88990769756e-06,
        "var": 8.30362569104e-06
    },
    "spectral_energyband_low": {
        "dmean": 0.0122662158683,
        "dmean2": 0.0212333165109,
        "dvar": 0.00142890505958,
        "dvar2": 0.00390694802627,
        "max": 0.264100372791,
        "mean": 0.0144933834672,
        "median": 0.00132263754494,
        "min": 3.8982748265e-06,
        "var": 0.0012678996427
    },
    "spectral_energyband_middle_high": {
        "dmean": 0.00310833309777,
        "dmean2": 0.00474758539349,
        "dvar": 1.28438350657e-05,
        "dvar2": 2.98445120279e-05,
        "max": 0.0374718494713,
        "mean": 0.00719815585762,
        "median": 0.00596583914012,
        "min": 6.97996511008e-05,
        "var": 3.59907826351e-05
    },
    "spectral_energyband_middle_low": {
        "dmean": 0.00610937317833,
        "dmean2": 0.0101627288386,
        "dvar": 0.000133695983095,
        "dvar2": 0.000357191282092,
        "max": 0.114694975317,
        "mean": 0.0111219184473,
        "median": 0.00866772048175,
        "min": 0.000273607409326,
        "var": 0.000130568121676
    },
    "spectral_entropy": {
        "dmean": 0.188304111362,
        "dmean2": 0.258850961924,
        "dvar": 0.0279139000922,
        "dvar2": 0.0499546825886,
        "max": 8.63099193573,
        "mean": 7.68942594528,
        "median": 7.66460800171,
        "min": 6.8472533226,
        "var": 0.111926548183
    },
    "spectral_flux": {
        "dmean": 0.0374552421272,
        "dmean2": 0.0595228411257,
        "dvar": 0.0027982853353,
        "dvar2": 0.00594163686037,
        "max": 0.463572800159,
        "mean": 0.111769452691,
        "median": 0.0941897779703,
        "min": 0.0134711619467,
        "var": 0.00525393849239
    },
    "spectral_kurtosis": {
        "dmean": 1.50665974617,
        "dmean2": 2.30637645721,
        "dvar": 2.3601026535,
        "dvar2": 5.33723068237,
        "max": 18.6940116882,
        "mean": 4.1719121933,
        "median": 3.78699874878,
        "min": -1.19235444069,
        "var": 7.05318927765
    },
    "spectral_rms": {
        "dmean": 0.00126494187862,
        "dmean2": 0.00200400874019,
        "dvar": 3.3389114833e-06,
        "dvar2": 8.47060346132e-06,
        "max": 0.0162728112191,
        "mean": 0.00515171466395,
        "median": 0.00487437006086,
        "min": 0.000692467321642,
        "var": 6.2608587541e-06
    },
    "spectral_rolloff": {
        "dmean": 847.012573242,
        "dmean2": 1345.45043945,
        "dvar": 1727940,
        "dvar2": 3450966.5,
        "max": 10292.8710938,
        "mean": 2156.53393555,
        "median": 1722.65625,
        "min": 64.599609375,
        "var": 3369589.5
    },
    "spectral_skewness": {
        "dmean": 0.25817155838,
        "dmean2": 0.371151536703,
        "dvar": 0.0578851923347,
        "dvar2": 0.118559941649,
        "max": 2.75206017494,
        "mean": 1.50748312473,
        "median": 1.5309484005,
        "min": -0.101419962943,
        "var": 0.205525264144
    },
    "spectral_spread": {
        "dmean": 741872.4375,
        "dmean2": 1042841.6875,
        "dvar": 606679400448,
        "dvar2": 1.1271766016e+12,
        "max": 13006246,
        "mean": 4655446,
        "median": 4496765.5,
        "min": 1649856.5,
        "var": 2.20282958643e+12
    },
    "spectral_strongpeak": {
        "dmean": 0.725334763527,
        "dmean2": 1.23092985153,
        "dvar": 1.28575944901,
        "dvar2": 3.28241157532,
        "max": 13.2500123978,
        "mean": 0.987164378166,
        "median": 0.510509729385,
        "min": 0,
        "var": 1.5107653141
    },
    "zerocrossingrate": {
        "dmean": 0.0167708732188,
        "dmean2": 0.018561873585,
        "dvar": 0.000352522270987,
        "dvar2": 0.000398068223149,
        "max": 0.3076171875,
        "mean": 0.0774327963591,
        "median": 0.06787109375,
        "min": 0.00634765625,
        "var": 0.00191188941244
    },
    "barkbands": {
        "dmean": [0.000666603154968, 0.0108677586541, 0.00198593293317, 0.00119954545517, 0.00193135917652, 0.00115255708806, 0.0010340269655, 0.00208101258613, 0.00119124073535, 0.000541314133443, 0.000561199325603, 0.000553732621484, 0.000687276595272, 0.000765918230172, 0.000759032438509, 0.000364189152606, 0.000474001659313, 0.000310671195621, 0.000305171706714, 0.000267885159701, 0.000241326662945, 0.000326534907799, 0.000221731534111, 0.000198282490601, 0.000109060114482, 3.03260749206e-05, 4.62671678747e-08],
        "dmean2": [0.00112037989311, 0.019196908921, 0.00364324706607, 0.00215814844705, 0.00331762759015, 0.00188851554412, 0.00167412997689, 0.00336284958757, 0.00180986477062, 0.000847493996844, 0.000868622388225, 0.00089800497517, 0.00111164420377, 0.00116005423479, 0.00118434580509, 0.000582692387979, 0.000738108588848, 0.000500091118738, 0.000482828589156, 0.000429771433119, 0.000355066556949, 0.00052868144121, 0.000332850351697, 0.000308701622998, 0.000166471887496, 4.68822981929e-05, 8.53982058402e-08],
        "dvar": [3.39101370628e-06, 0.00125968363136, 3.64486695617e-05, 8.65529273142e-06, 3.31463670591e-05, 2.5145991458e-06, 3.38036329595e-06, 2.21539357881e-05, 5.24822098669e-06, 8.53754556829e-07, 1.21903269701e-06, 1.38845575748e-06, 1.58457328325e-06, 2.2515987439e-06, 1.95611119125e-06, 3.24352157577e-07, 9.80938693829e-07, 2.26888985821e-07, 7.61176636388e-07, 4.62487889763e-07, 3.68695850739e-07, 1.06778327336e-06, 2.49557615462e-07, 2.42245022264e-07, 3.92562142792e-08, 3.73153374866e-09, 1.08205186076e-13],
        "dvar2": [9.16631233849e-06, 0.00356641947292, 0.00011084072321, 2.53822527156e-05, 9.05746419448e-05, 6.02664931648e-06, 8.13644601294e-06, 5.51431839995e-05, 1.14232625492e-05, 1.83077634119e-06, 2.94435812975e-06, 3.48265234607e-06, 3.83935321224e-06, 4.96423626828e-06, 4.40173107563e-06, 7.8069325582e-07, 2.34998105952e-06, 5.7583264379e-07, 1.98260750039e-06, 1.06713116566e-06, 7.01220642441e-07, 2.87084321826e-06, 5.74436057832e-07, 6.18938940988e-07, 9.0436074629e-08, 8.96263419037e-09, 2.99499113661e-13],
        "max": [0.015119693242, 0.256804168224, 0.0585005804896, 0.0288677364588, 0.0609781481326, 0.0195452198386, 0.0239713974297, 0.0465349592268, 0.0350918285549, 0.012065586634, 0.0136957699433, 0.0122074475512, 0.0179991815239, 0.030279237777, 0.0295969843864, 0.00614992156625, 0.0141628803685, 0.00576370907947, 0.0194287523627, 0.0105403084308, 0.0100007671863, 0.010894600302, 0.0063432585448, 0.00532588595524, 0.00297033367679, 0.00085705332458, 6.662432952e-06],
        "mean": [0.00074000278255, 0.0109768249094, 0.00223623774946, 0.00151644670404, 0.00218289741315, 0.00170776282903, 0.00129640416708, 0.00239167152904, 0.00164956739172, 0.000740928866435, 0.00076564878691, 0.000657709373627, 0.000839899585117, 0.00110613100696, 0.00109354220331, 0.000500628142618, 0.000673748494592, 0.000449297658633, 0.000415976799559, 0.000362582097296, 0.000313012569677, 0.000323203363223, 0.000266585906502, 0.000230682519032, 0.000149622690515, 3.39604921464e-05, 2.86050259035e-08],
        "median": [1.34307756525e-05, 0.000268467294518, 0.000175145280082, 0.000774905551225, 0.00110625778325, 0.0010812098626, 0.000608672969975, 0.000666822365019, 0.000589644419961, 0.000315649085678, 0.000266976800049, 0.000207682503969, 0.000300280982628, 0.00036078778794, 0.000365860149032, 0.000248302938417, 0.000321703235386, 0.000270220683888, 0.00017521144764, 0.000126637678477, 8.63859968376e-05, 5.49031210539e-05, 5.6337667047e-05, 5.53523204871e-05, 5.73819706915e-05, 1.08845651994e-05, 3.23071958075e-10],
        "min": [3.45820150294e-09, 1.78006246188e-07, 2.20062013057e-08, 4.94505741244e-07, 8.58778912516e-06, 4.12723238696e-05, 1.59239680215e-05, 5.56352051717e-06, 6.40869211566e-06, 2.32061211136e-06, 3.04011382468e-06, 1.84175826234e-06, 1.80299389285e-06, 1.84886698662e-06, 4.06717117585e-06, 2.36832465816e-06, 2.31325134337e-06, 2.04207935894e-06, 1.48396088662e-06, 1.71616568423e-06, 9.36595370149e-07, 9.51804622673e-07, 6.32382523236e-07, 1.29850789676e-07, 1.04881472396e-07, 3.06694003527e-10, 8.64255281924e-12],
        "var": [4.35995343651e-06, 0.000970812805463, 2.6484247428e-05, 6.5270264713e-06, 2.3490847525e-05, 3.7224335756e-06, 4.14225678469e-06, 2.42369605985e-05, 8.85490680957e-06, 1.4078040067e-06, 1.92078800865e-06, 1.71743715782e-06, 2.11278370443e-06, 4.18572108174e-06, 4.27554368798e-06, 4.85824728003e-07, 1.4379569393e-06, 3.03619316355e-07, 7.52611981625e-07, 6.4022776769e-07, 5.88441764648e-07, 8.19541241981e-07, 3.31361150074e-07, 2.83414550495e-07, 6.92798280966e-08, 4.17856416135e-09, 6.66389618725e-14]
    },
    "erbbands": {
        "dmean": [0.376450508833, 2.24168157578, 2.55926012993, 3.04051184654, 5.20167970657, 7.6984038353, 4.80837583542, 11.7287435532, 12.7824306488, 28.3389129639, 39.7565689087, 25.4153385162, 24.4531440735, 14.4334096909, 25.0265464783, 21.9308319092, 29.7994651794, 35.0103721619, 40.5703353882, 26.739118576, 18.7735500336, 26.9906234741, 17.2718048096, 18.1168899536, 12.9375715256, 12.7840328217, 10.7627182007, 9.27934646606, 13.3708715439, 8.05086898804, 6.3957118988, 4.44779682159, 3.1009850502, 1.73237109184, 0.531218349934, 0.152551084757, 0.0571597293019, 0.0067639653571, 0.000123691628687, 2.52704867307e-05],
        "dmean2": [0.68047785759, 3.93184781075, 4.59885120392, 5.49406290054, 8.90644931793, 13.3092498779, 7.99380636215, 19.0462417603, 20.554813385, 46.2027206421, 63.1021003723, 38.6292648315, 38.4298057556, 22.2070941925, 38.8151741028, 35.4243736267, 47.4492988586, 52.5991592407, 62.818649292, 41.7809104919, 29.5656833649, 42.1459465027, 27.1208820343, 29.7713317871, 20.1653652191, 20.2456321716, 16.132818222, 13.528752327, 22.2415618896, 12.2578468323, 9.86988449097, 6.87211179733, 4.8065032959, 2.64305949211, 0.800152540207, 0.232673019171, 0.0903950259089, 0.0114150689915, 0.000199046553462, 3.99805467168e-05],
        "dvar": [1.51092815399, 53.1344146729, 59.9587669373, 67.9507675171, 95.4685821533, 934.989746094, 86.7700424194, 283.639556885, 382.484313965, 3270.37304688, 9014.80371094, 2594.83251953, 1553.03515625, 1024.4465332, 2306.04760742, 1897.3416748, 3053.63037109, 4409.93945312, 6414.97119141, 1754.54162598, 737.726318359, 3409.16259766, 618.668395996, 2736.53515625, 870.585998535, 1010.27978516, 725.14074707, 501.208587646, 2357.51831055, 371.792266846, 216.118270874, 136.365203857, 47.5589065552, 10.8794975281, 1.02713131905, 0.0908819884062, 0.0134081570432, 0.000214711180888, 6.2205842255e-08, 1.84517834345e-09],
        "dvar2": [4.45281505585, 148.034439087, 176.833602905, 200.890609741, 270.216644287, 2559.38720703, 224.384170532, 700.878540039, 917.555969238, 8245.01367188, 22468.3183594, 5851.22998047, 3471.76342773, 2318.86474609, 5909.28564453, 4787.52294922, 7199.07373047, 9760.9609375, 14362.9902344, 4016.58129883, 1803.46166992, 8427.25878906, 1496.18518066, 7355.29736328, 1978.08129883, 2219.41918945, 1566.10668945, 938.286376953, 6527.81347656, 884.267883301, 519.632995605, 350.853179932, 114.820793152, 25.6850967407, 2.39142537117, 0.19969625771, 0.033840328455, 0.000561919994652, 1.54918865292e-07, 4.75977657288e-09],
        "max": [8.57610607147, 52.8198776245, 75.9265823364, 73.8072433472, 94.7248840332, 312.66583252, 109.365692139, 180.511016846, 226.26210022, 876.155700684, 926.64666748, 716.545288086, 404.632568359, 558.206542969, 664.302734375, 533.710449219, 806.45324707, 1168.42712402, 1586.71569824, 425.62097168, 301.049163818, 857.580627441, 320.424835205, 1280.88171387, 545.16986084, 471.999969482, 446.651306152, 400.81854248, 569.462402344, 166.209945679, 174.930160522, 126.214065552, 89.5639877319, 48.161491394, 12.599817276, 4.01052951813, 1.39518857002, 0.136996939778, 0.0024889758788, 0.000343339750543],
        "mean": [0.326076924801, 2.35986280441, 3.27487707138, 3.66327786446, 7.24425554276, 7.13173151016, 6.60870218277, 16.7435684204, 17.9523620605, 35.6397323608, 47.4925308228, 35.9078292847, 33.9272766113, 21.5467510223, 33.3234024048, 27.7112731934, 39.0610771179, 53.7347602844, 61.7589912415, 40.461353302, 28.4691753387, 38.0323524475, 27.311340332, 23.391046524, 18.8650112152, 17.398733139, 14.1204595566, 11.533657074, 12.3838262558, 9.10309314728, 7.53018712997, 4.79687595367, 3.91941475868, 2.32749986649, 0.694473981857, 0.186162725091, 0.0601883232594, 0.00604310724884, 0.000140220494359, 4.86786375404e-05],
        "median": [0.0138269336894, 0.0463216416538, 0.211372241378, 1.63672852516, 4.57684612274, 2.48092007637, 3.39957332611, 10.2607631683, 9.99706268311, 11.9976396561, 14.9903678894, 14.4664154053, 14.4590682983, 8.56923484802, 11.8753032684, 10.2531490326, 15.5836782455, 21.4329776764, 23.3807983398, 18.6425437927, 15.2697038651, 18.3064899445, 17.6288833618, 11.4860839844, 7.15979528427, 6.12339735031, 4.3748216629, 2.79671955109, 1.83407270908, 1.99809598923, 1.53129386902, 0.848265469074, 1.18084466457, 0.851770401001, 0.211753472686, 0.0516458749771, 0.0205266606063, 0.0018351431936, 5.79567022214e-05, 3.54678159056e-05],
        "min": [8.77686306922e-06, 0.00013236956147, 0.00127543939743, 0.00580349983647, 0.0255063828081, 0.0314595848322, 0.104639060795, 0.3163215518, 0.39776456356, 0.188523590565, 0.153913661838, 0.159575730562, 0.136598855257, 0.0702463835478, 0.162823975086, 0.0994782447815, 0.0679346397519, 0.137206718326, 0.207993194461, 0.1617962569, 0.206141754985, 0.113052882254, 0.158070474863, 0.0825971737504, 0.0504832603037, 0.0746308639646, 0.0465246029198, 0.0358008407056, 0.0314445123076, 0.0282061845064, 0.0151608223096, 0.00432041240856, 0.00280420808122, 0.00144954305142, 0.000296653219266, 4.67282989121e-05, 1.01772038761e-05, 8.10421056485e-07, 4.39172055167e-07, 8.29164889637e-07],
        "var": [1.09417498112, 41.5786437988, 49.8803596497, 46.797203064, 83.0333862305, 625.215576172, 100.858558655, 410.037994385, 510.45703125, 4560.68457031, 9592.7265625, 4115.44287109, 2616.27368164, 1661.67248535, 3381.74780273, 2469.47900391, 4301.91748047, 9142.99804688, 13557.7988281, 3179.71582031, 1306.26745605, 4587.10546875, 1029.8605957, 2323.99121094, 1356.10253906, 1478.47424316, 1035.14562988, 791.409484863, 1608.15856934, 423.562805176, 268.90045166, 144.876785278, 68.1625366211, 18.2164592743, 1.6811876297, 0.126700162888, 0.0132139921188, 0.000172034648131, 6.00099525627e-08, 2.27085861226e-09]
    },
    "gfcc": {
        "mean": [17.0308551788, 75.4569168091, -131.021499634, 26.8752746582, -66.3366394043, 10.9412746429, -49.8922424316, 12.0494251251, -24.6638050079, 4.16709899902, -17.564950943, -4.37733411789, -13.2698335648],
        "cov": [[2527.52001953, -235.014755249, 25.9939651489, 223.560974121, 120.413978577, 399.877624512, 231.522033691, 73.9248428345, 167.062698364, 158.267852783, -33.3550491333, 57.4196128845, -116.699546814], [-235.014755249, 1589.58410645, 91.002532959, 74.4623031616, 744.848754883, 179.71446228, 430.109527588, 122.077178955, 345.073699951, 23.7604103088, 67.1937103271, -12.5460720062, 91.3396530151], [25.9939651489, 91.002532959, 688.715332031, 326.170410156, 211.968078613, 163.695510864, 126.398399353, 121.344207764, 95.4760818481, 93.1610870361, 18.830657959, 60.6225624084, -17.8209152222], [223.560974121, 74.4623031616, 326.170410156, 619.464599609, 166.551177979, 62.6805267334, 125.189712524, 55.1626701355, 153.094161987, 26.6991252899, 61.1564445496, 34.7567634583, 35.8503456116], [120.413978577, 744.848754883, 211.968078613, 166.551177979, 687.461181641, 231.243469238, 285.056335449, 123.718254089, 222.550064087, 125.126647949, 10.4098405838, 53.946559906, 48.0207176208], [399.877624512, 179.71446228, 163.695510864, 62.6805267334, 231.243469238, 393.613891602, 216.034362793, 69.5774383545, 92.3265686035, 97.7438354492, 33.3036003113, 16.6529960632, 29.0918540955], [231.522033691, 430.109527588, 126.398399353, 125.189712524, 285.056335449, 216.034362793, 378.679779053, 89.6081924438, 117.901557922, 80.8283462524, 44.2111473083, 66.272354126, 18.5070953369], [73.9248428345, 122.077178955, 121.344207764, 55.1626701355, 123.718254089, 69.5774383545, 89.6081924438, 154.690597534, 101.678886414, 38.5218429565, 10.4648351669, 21.3097457886, 16.6489048004], [167.062698364, 345.073699951, 95.4760818481, 153.094161987, 222.550064087, 92.3265686035, 117.901557922, 101.678886414, 247.690719604, 59.5625801086, 28.1547050476, 7.77708244324, 28.5093612671], [158.267852783, 23.7604103088, 93.1610870361, 26.6991252899, 125.126647949, 97.7438354492, 80.8283462524, 38.5218429565, 59.5625801086, 161.418869019, 25.2381191254, 32.0506896973, -7.79374504089], [-33.3550491333, 67.1937103271, 18.830657959, 61.1564445496, 10.4098405838, 33.3036003113, 44.2111473083, 10.4648351669, 28.1547050476, 25.2381191254, 108.413360596, 30.2135009766, 18.9248905182], [57.4196128845, -12.5460720062, 60.6225624084, 34.7567634583, 53.946559906, 16.6529960632, 66.272354126, 21.3097457886, 7.77708244324, 32.0506896973, 30.2135009766, 117.909416199, 5.75603723526], [-116.699546814, 91.3396530151, -17.8209152222, 35.8503456116, 48.0207176208, 29.0918540955, 18.5070953369, 16.6489048004, 28.5093612671, -7.79374504089, 18.9248905182, 5.75603723526, 104.061904907]],
        "icov": [[0.000715946778655, 0.000165634672157, 0.000528134871274, -0.000458852417069, 0.000149083396536, -0.000943078019191, -4.89265767101e-05, -0.000116213370347, -0.000487706827698, -0.00022434128914, 0.000709406158421, -0.000498273759149, 0.00114354072139], [0.000165634672157, 0.00369409029372, -0.000758405018132, 0.00202912348323, -0.00346880126745, 0.00189348182175, -0.00346263125539, 0.00216536852531, -0.00348337646574, 0.00321769225411, -0.00283214612864, 0.0031086653471, -0.00100646680221], [0.000528134871274, -0.000758405018132, 0.00332155800425, -0.00235051615164, 0.00062209146563, -0.00209422199987, 0.00143336853944, -0.00242632091977, 0.0013756880071, -0.00156992382836, 0.00175031367689, -0.00193658960052, 0.0023625572212], [-0.000458852417069, 0.00202912348323, -0.00235051615164, 0.00440029706806, -0.00206455471925, 0.00245961616747, -0.00263821193948, 0.0025950181298, -0.00329738110304, 0.00273093627766, -0.00324114086106, 0.00238119717687, -0.00232935743406], [0.000149083396536, -0.00346880126745, 0.00062209146563, -0.00206455471925, 0.00632915506139, -0.00255174562335, 0.00199095066637, -0.00193276710343, 0.00140805088449, -0.00400190846995, 0.00427867192775, -0.00358448363841, 0.000512205006089], [-0.000943078019191, 0.00189348182175, -0.00209422199987, 0.00245961616747, -0.00255174562335, 0.00702603952959, -0.00409553060308, 0.00168139103334, -0.0013468459947, 0.000858847575728, -0.00326885888353, 0.00404703430831, -0.00344897899777], [-4.89265767101e-05, -0.00346263125539, 0.00143336853944, -0.00263821193948, 0.00199095066637, -0.00409553060308, 0.00877049192786, -0.00334907486103, 0.00325194117613, -0.00290968152694, 0.00204008072615, -0.00501136342064, 0.00213835760951], [-0.000116213370347, 0.00216536852531, -0.00242632091977, 0.0025950181298, -0.00193276710343, 0.00168139103334, -0.00334907486103, 0.01207447052, -0.0059755705297, 0.00208475976251, -0.00148834718857, 0.00143618020229, -0.00227034767158], [-0.000487706827698, -0.00348337646574, 0.0013756880071, -0.00329738110304, 0.00140805088449, -0.0013468459947, 0.00325194117613, -0.0059755705297, 0.0116856386885, -0.00402001990005, 0.00131342071109, -0.00109980104025, 0.000306028348859], [-0.00022434128914, 0.00321769225411, -0.00156992382836, 0.00273093627766, -0.00400190846995, 0.000858847575728, -0.00290968152694, 0.00208475976251, -0.00402001990005, 0.0118025373667, -0.00441024592146, 0.00159917515703, 0.000203884410439], [0.000709406158421, -0.00283214612864, 0.00175031367689, -0.00324114086106, 0.00427867192775, -0.00326885888353, 0.00204008072615, -0.00148834718857, 0.00131342071109, -0.00441024592146, 0.0148157924414, -0.00567073561251, 0.000441612821305], [-0.000498273759149, 0.0031086653471, -0.00193658960052, 0.00238119717687, -0.00358448363841, 0.00404703430831, -0.00501136342064, 0.00143618020229, -0.00109980104025, 0.00159917515703, -0.00567073561251, 0.0141910873353, -0.00258779409342], [0.00114354072139, -0.00100646680221, 0.0023625572212, -0.00232935743406, 0.000512205006089, -0.00344897899777, 0.00213835760951, -0.00227034767158, 0.000306028348859, 0.000203884410439, 0.000441612821305, -0.00258779409342, 0.0136876152828]]
    },
    "melbands": {
        "dmean": [0.00321827945299, 0.00180297740735, 0.00058889068896, 0.000462562340545, 0.000207686796784, 0.00025260320399, 0.000198766443646, 0.000364114501281, 0.000297415361274, 0.000164598866832, 0.000121691045933, 5.63289613638e-05, 7.90694539319e-05, 6.50188376312e-05, 7.0220354246e-05, 6.32126393612e-05, 7.0439215051e-05, 6.94446280249e-05, 5.36883599125e-05, 2.92323984468e-05, 2.13305193029e-05, 3.09721945086e-05, 1.9220624381e-05, 1.5838915715e-05, 1.5706733393e-05, 1.03106958704e-05, 9.38347966439e-06, 8.95962784853e-06, 7.02328361513e-06, 6.53979986964e-06, 5.00310079588e-06, 7.9512492448e-06, 5.74595014768e-06, 4.25207554144e-06, 3.88579201172e-06, 3.21320521834e-06, 2.62436128651e-06, 2.22636867875e-06, 2.04868433684e-06, 1.40202962484e-06],
        "dmean2": [0.00571221718565, 0.00313089811243, 0.00105756765697, 0.000797553628217, 0.000348143279552, 0.000411416665884, 0.000319254933856, 0.000591425923631, 0.0004732554371, 0.000251081830356, 0.000191038605408, 8.82243402884e-05, 0.000121287375805, 0.000104823688162, 0.000114162219688, 9.94088914013e-05, 0.000105579012597, 0.000108131069283, 8.49084244692e-05, 4.63764445158e-05, 3.41105405823e-05, 4.89019075758e-05, 3.04150853481e-05, 2.55086415564e-05, 2.61301756836e-05, 1.60529070854e-05, 1.48720873767e-05, 1.43153429235e-05, 1.0687228496e-05, 9.84223606793e-06, 7.4045542533e-06, 1.35398804559e-05, 9.27530709305e-06, 6.38673691356e-06, 6.11866653344e-06, 4.97480323247e-06, 4.16201737607e-06, 3.54871235686e-06, 3.1453819247e-06, 2.14295982914e-06],
        "dvar": [0.000110246342956, 3.00574101857e-05, 2.21841764869e-06, 1.85403894193e-06, 3.04193378042e-07, 1.23626605841e-07, 9.15448623573e-08, 5.40640883173e-07, 4.63194481881e-07, 9.78873018198e-08, 3.84183849178e-08, 1.62703948092e-08, 2.35995489817e-08, 2.05352161942e-08, 2.03202930038e-08, 1.08078088701e-08, 1.99114449373e-08, 2.01934167166e-08, 9.51429868223e-09, 2.21523399624e-09, 1.07524600335e-09, 5.02887509413e-09, 1.05972985942e-09, 6.25448193237e-10, 2.45213738204e-09, 7.5093958829e-10, 4.94386476202e-10, 5.07705932851e-10, 3.03500974352e-10, 3.34655664291e-10, 1.26235202846e-10, 8.76256900373e-10, 2.81564715987e-10, 9.74998276559e-11, 8.23347778844e-11, 6.20014317665e-11, 5.3482693968e-11, 2.72016402458e-11, 1.75861495505e-11, 7.46864983053e-12],
        "dvar2": [0.000316533842124, 8.29522978165e-05, 6.55135863781e-06, 5.06400556333e-06, 8.23865661914e-07, 3.01754027987e-07, 2.20482007762e-07, 1.3555188616e-06, 1.13856094686e-06, 2.22571145514e-07, 8.50973620459e-08, 3.74051296603e-08, 5.8653032653e-08, 5.23998444635e-08, 4.86368847419e-08, 2.59059795837e-08, 4.38665637148e-08, 4.58361988365e-08, 2.21458762439e-08, 5.00224084377e-09, 2.62261923289e-09, 1.23516228356e-08, 2.53002729877e-09, 1.59094315499e-09, 6.61686128112e-09, 1.87674142893e-09, 1.06221609286e-09, 1.16587373089e-09, 7.14378334266e-10, 6.56798893051e-10, 2.4692606293e-10, 2.4176618485e-09, 7.49022621704e-10, 2.21605608863e-10, 1.99500624354e-10, 1.54305984656e-10, 1.41236439211e-10, 6.76816033773e-11, 4.16918652379e-11, 1.83150768857e-11],
        "max": [0.0763155817986, 0.0440052337945, 0.0136487782001, 0.0135596264154, 0.00689462851733, 0.00420945137739, 0.00287217251025, 0.0109482221305, 0.0062312358059, 0.00408655498177, 0.00208871951327, 0.00213530776091, 0.00201029214077, 0.00176938553341, 0.00192123663146, 0.00113255344331, 0.00274613569491, 0.00214653671719, 0.00163578486536, 0.000482795818243, 0.000422093842644, 0.00124407745898, 0.000526910414919, 0.000298949016724, 0.00124360620975, 0.000598386803176, 0.000324895809172, 0.000329781702021, 0.000242713576881, 0.00037350715138, 0.000192410559976, 0.000336572236847, 0.000168113183463, 0.000107631683932, 0.00011090177577, 8.5285770183e-05, 8.49241114338e-05, 6.2400205934e-05, 7.36430447432e-05, 4.12693589169e-05],
        "mean": [0.00304836826399, 0.00228973734193, 0.000782932853326, 0.000521992333233, 0.000252731959336, 0.000370319990907, 0.000271466939012, 0.000442773307441, 0.000362042890629, 0.000226831791224, 0.000163938122569, 7.98843684606e-05, 0.000107124185888, 7.98253968242e-05, 8.10901256045e-05, 8.3349950728e-05, 0.000102016390883, 9.89092077361e-05, 7.62469499023e-05, 4.11935725424e-05, 3.01351810776e-05, 4.17838709836e-05, 2.78862517007e-05, 2.21716927626e-05, 1.87400692084e-05, 1.35308828249e-05, 1.29047630253e-05, 1.14211316031e-05, 8.92576736078e-06, 8.09553603176e-06, 6.00825978836e-06, 7.14342149877e-06, 5.77675427849e-06, 4.85577174913e-06, 4.54063774669e-06, 3.52780557478e-06, 2.69969154942e-06, 2.66593337983e-06, 2.67299924417e-06, 1.7733813138e-06],
        "median": [9.30774331209e-05, 0.000104466664197, 0.000449285435025, 0.000275851110928, 0.000112289664685, 0.000233383238083, 0.000145475642057, 0.00014093091886, 0.000113565467473, 8.68508359417e-05, 6.44192041364e-05, 2.74536578218e-05, 3.6322784581e-05, 2.50937428063e-05, 2.66803035629e-05, 3.03696797346e-05, 3.30053262587e-05, 3.15443357977e-05, 2.69156444119e-05, 1.95153279492e-05, 1.51652502609e-05, 1.88969006558e-05, 1.56288824655e-05, 1.23088930195e-05, 8.0793588495e-06, 4.85455166199e-06, 4.49815115644e-06, 3.62053924619e-06, 2.80270114672e-06, 2.09435893339e-06, 1.40147790262e-06, 9.88534907265e-07, 1.0150287153e-06, 1.080890911e-06, 9.10276867216e-07, 6.20513390004e-07, 4.27704748063e-07, 6.54435837077e-07, 9.37492984576e-07, 6.05312550306e-07],
        "min": [4.32866009703e-08, 2.00084883772e-07, 2.37367044065e-06, 1.50740606841e-06, 1.8279380356e-06, 8.00208272267e-06, 3.93713662561e-06, 1.74311549017e-06, 1.33093624299e-06, 8.21272749363e-07, 6.67273070576e-07, 1.63612867254e-07, 4.51926496225e-07, 3.13515585049e-07, 1.29251645831e-07, 1.9490305192e-07, 2.05489712357e-07, 1.46163316117e-07, 3.48727496657e-07, 1.30816644628e-07, 1.85872650604e-07, 1.25010458873e-07, 1.2838457053e-07, 5.68767433151e-08, 6.5274065264e-08, 4.58952520432e-08, 3.15737338497e-08, 5.30959880507e-08, 3.32415623916e-08, 1.61392819109e-08, 1.14121672112e-08, 4.11058787009e-09, 9.79574110715e-09, 9.96485116644e-09, 6.98952051792e-09, 4.38911396117e-09, 2.4786392383e-10, 6.91284113286e-11, 5.37896005515e-10, 3.74230646472e-10],
