{
"highlevel": {
    "danceability": {
        "all": {
            "danceable": 0.603488445282,
            "not_danceable": 0.39651158452
        },
        "probability": 0.603488445282,
        "value": "danceable"
    },
    "gender": {
        "all": {
            "female": 0.792660713196,
            "male": 0.207339301705
        },
        "probability": 0.792660713196,
        "value": "female"
    },
    "genre_dortmund": {
        "all": {
            "alternative": 0.14224973321,
            "blues": 0.0926560983062,
            "electronic": 0.0450446419418,
            "folkcountry": 0.104551844299,
            "funksoulrnb": 0.021183963865,
            "jazz": 0.138769477606,
            "pop": 0.0668073222041,
            "raphiphop": 0.0483294725418,
            "rock": 0.340407460928
        },
        "probability": 0.340407460928,
        "value": "rock"
    },
    "genre_electronic": {
        "all": {
            "ambient": 0.72075933218,
            "dnb": 0.0893887132406,
            "house": 0.141680777073,
            "techno": 0.0126674603671,
            "trance": 0.0355036891997
        },
        "probability": 0.72075933218,
        "value": "ambient"
    },
    "genre_rosamerica": {
        "all": {
            "cla": 0.0320123247802,
            "dan": 0.10165861994,
            "hip": 0.0258808135986,
            "jaz": 0.0211963932961,
            "pop": 0.200374215841,
            "rhy": 0.145894959569,
            "roc": 0.459710001945,
            "spe": 0.0132726570591
        },
        "probability": 0.459710001945,
        "value": "roc"
    },
    "genre_tzanetakis": {
        "all": {
            "blu": 0.0514389835298,
            "cla": 0.0342905148864,
            "cou": 0.102888338268,
            "dis": 0.0772267058492,
            "hip": 0.154498815536,
            "jaz": 0.309085905552,
            "met": 0.0441147200763,
            "pop": 0.0617549531162,
            "reg": 0.0617581829429,
            "roc": 0.102942891419
        },
        "probability": 0.309085905552,
        "value": "jaz"
    },
    "ismir04_rhythm": {
        "all": {
            "ChaChaCha": 0.0983211100101,
            "Jive": 0.0142333768308,
            "Quickstep": 0.0279600452632,
            "Rumba-American": 0.034605011344,
            "Rumba-International": 0.522365570068,
            "Rumba-Misc": 0.0199983809143,
            "Samba": 0.0436551421881,
            "Tango": 0.0393219403923,
            "VienneseWaltz": 0.0861435234547,
            "Waltz": 0.113395869732
        },
        "probability": 0.522365570068,
        "value": "Rumba-International"
    },
    "mood_acoustic": {
        "all": {
            "acoustic": 0.0533743463457,
            "not_acoustic": 0.946625649929
        },
        "probability": 0.946625649929,
        "value": "not_acoustic"
    },
    "mood_aggressive": {
        "all": {
            "aggressive": 0.250860661268,
            "not_aggressive": 0.749139368534
        },
        "probability": 0.749139368534,
        "value": "not_aggressive"
    },
    "mood_electronic": {
        "all": {
            "electronic": 0.404325097799,
            "not_electronic": 0.595674932003
        },
        "probability": 0.595674932003,
        "value": "not_electronic"
    },
    "mood_happy": {
        "all": {
            "happy": 0.476529270411,
            "not_happy": 0.523470699787
        },
        "probability": 0.523470699787,
        "value": "not_happy"
    },
    "mood_party": {
        "all": {
            "not_party": 0.741622805595,
            "party": 0.258377194405
        },
        "probability": 0.741622805595,
        "value": "not_party"
    },
    "mood_relaxed": {
        "all": {
            "not_relaxed": 0.376380205154,
            "relaxed": 0.623619794846
        },
        "probability": 0.623619794846,
        "value": "relaxed"
    },
    "mood_sad": {
        "all": {
            "not_sad": 0.519723236561,
            "sad": 0.480276733637
        },
        "probability": 0.519723236561,
        "value": "not_sad"
    },
    "moods_mirex": {
        "all": {
            "Cluster1": 0.326543927193,
            "Cluster2": 0.252341747284,
            "Cluster3": 0.174654468894,
            "Cluster4": 0.127227813005,
            "Cluster5": 0.119232043624
        },
        "probability": 0.326543927193,
        "value": "Cluster1"
    },
    "timbre": {
        "all": {
            "bright": 0.855068445206,
            "dark": 0.144931569695
        },
        "probability": 0.855068445206,
        "value": "bright"
    },
    "tonal_atonal": {
        "all": {
            "atonal": 0.00574059924111,
            "tonal": 0.994259417057
        },
        "probability": 0.994259417057,
        "value": "tonal"
    },
    "voice_instrumental": {
        "all": {
            "instrumental": 0.034002661705,
            "voice": 0.965997338295
        },
        "probability": 0.965997338295,
        "value": "voice"
    }
},
"lowlevel": {
    "average_loudness": 0.875722885132,
    "barkbands_crest": {
        "dmean": 2.40056180954,
        "dmean2": 3.68597960472,
        "dvar": 5.18806171417,
        "dvar2": 12.7310676575,
        "max": 26.266910553,
        "mean": 12.0241670609,
        "median": 10.914021492,
        "min": 3.58263134956,
        "var": 27.6007347107
    },
    "barkbands_flatness_db": {
        "dmean": 0.022249031812,
        "dmean2": 0.0341854505241,
        "dvar": 0.00044903048547,
        "dvar2": 0.00095968140522,
        "max": 0.456832587719,
        "mean": 0.198424324393,
        "median": 0.182200491428,
        "min": 0.0439769998193,
        "var": 0.00698295468464
    },
    "barkbands_kurtosis": {
        "dmean": 5.18612003326,
        "dmean2": 8.20897483826,
        "dvar": 75.6756515503,
        "dvar2": 178.149658203,
        "max": 199.089065552,
        "mean": 12.8671798706,
        "median": 4.66962385178,
        "min": -1.36927115917,
        "var": 419.882141113
    },
    "barkbands_skewness": {
        "dmean": 0.568462908268,
        "dmean2": 0.891617715359,
        "dvar": 0.369086444378,
        "dvar2": 0.857604384422,
        "max": 12.9795455933,
        "mean": 2.70029687881,
        "median": 2.14025807381,
        "min": 0.229812189937,
        "var": 3.44005537033
    },
    "barkbands_spread": {
        "dmean": 4.07299518585,
        "dmean2": 6.56753015518,
        "dvar": 28.3514575958,
        "dvar2": 70.2684402466,
        "max": 61.5508842468,
        "mean": 16.095161438,
        "median": 13.7047958374,
        "min": 0.849062979221,
        "var": 144.698776245
    },
    "dissonance": {
        "dmean": 0.0205176211894,
        "dmean2": 0.0342247672379,
        "dvar": 0.000434198387666,
        "dvar2": 0.00124308362138,
        "max": 0.499159961939,
        "mean": 0.447589486837,
        "median": 0.459029823542,
        "min": 0.137793824077,
        "var": 0.00172800174914
    },
    "dynamic_complexity": 4.54812860489,
    "erbbands_crest": {
        "dmean": 2.51582217216,
        "dmean2": 4.05018043518,
        "dvar": 5.81300401688,
        "dvar2": 14.2258787155,
        "max": 30.6645965576,
        "mean": 11.3046855927,
        "median": 9.2182598114,
        "min": 2.84897589684,
        "var": 40.5419464111
    },
    "erbbands_flatness_db": {
        "dmean": 0.0172153096646,
        "dmean2": 0.0256525296718,
        "dvar": 0.000270549964625,
        "dvar2": 0.000573473516852,
        "max": 0.410147875547,
        "mean": 0.186263918877,
        "median": 0.16142770648,
        "min": 0.0726908817887,
        "var": 0.00511006778106
    },
    "erbbands_kurtosis": {
        "dmean": 1.4888048172,
        "dmean2": 2.43676710129,
        "dvar": 6.33086585999,
        "dvar2": 15.4313058853,
        "max": 29.6334381104,
        "mean": 2.05542969704,
        "median": -0.107136487961,
        "min": -1.61280465126,
        "var": 24.8830299377
    },
    "erbbands_skewness": {
        "dmean": 0.390900045633,
        "dmean2": 0.621370434761,
        "dvar": 0.137249812484,
        "dvar2": 0.333039402962,
        "max": 5.13860177994,
        "mean": 0.897295176983,
        "median": 0.427011072636,
        "min": -1.74143266678,
        "var": 1.69296264648
    },
    "erbbands_spread": {
        "dmean": 6.65230083466,
        "dmean2": 10.6018648148,
        "dvar": 48.5287361145,
        "dvar2": 111.905677795,
        "max": 97.7858123779,
        "mean": 34.6904411316,
        "median": 34.9881324768,
        "min": 4.27553415298,
        "var": 247.93409729
    },
    "hfc": {
        "dmean": 5.34941387177,
        "dmean2": 8.52080154419,
        "dvar": 80.1892318726,
        "dvar2": 197.405517578,
        "max": 96.9447784424,
        "mean": 18.8940887451,
        "median": 15.0212850571,
        "min": 0.0103024020791,
        "var": 319.024658203
    },
    "melbands_crest": {
        "dmean": 2.73597717285,
        "dmean2": 4.33323907852,
        "dvar": 6.99232149124,
        "dvar2": 16.5715579987,
        "max": 32.9951210022,
        "mean": 15.7337779999,
        "median": 15.1927919388,
        "min": 5.45730543137,
        "var": 27.0965080261
    },
    "melbands_flatness_db": {
        "dmean": 0.0249161683023,
        "dmean2": 0.0374897904694,
        "dvar": 0.000635214149952,
        "dvar2": 0.00138581451029,
        "max": 0.478556275368,
        "mean": 0.253594875336,
        "median": 0.256164342165,
        "min": 0.0697300061584,
        "var": 0.00710056861863
    },
    "melbands_kurtosis": {
        "dmean": 9.103266716,
        "dmean2": 14.3162622452,
        "dvar": 192.12461853,
        "dvar2": 452.302001953,
        "max": 270.049835205,
        "mean": 26.8646011353,
        "median": 14.7879276276,
        "min": -0.697491884232,
        "var": 1182.55090332
    },
    "melbands_skewness": {
        "dmean": 0.671734929085,
        "dmean2": 1.04680526257,
        "dvar": 0.52613979578,
        "dvar2": 1.19057500362,
        "max": 13.5523538589,
        "mean": 3.64928555489,
        "median": 3.08902239799,
        "min": 0.63001704216,
        "var": 3.83108592033
    },
    "melbands_spread": {
        "dmean": 4.01153612137,
        "dmean2": 6.41038322449,
        "dvar": 25.9897594452,
        "dvar2": 59.5890007019,
        "max": 62.2950668335,
        "mean": 14.5453920364,
        "median": 11.3445072174,
        "min": 0.788601636887,
        "var": 133.241592407
    },
    "pitch_salience": {
        "dmean": 0.0694905668497,
        "dmean2": 0.110783137381,
        "dvar": 0.00405539944768,
        "dvar2": 0.00977334193885,
        "max": 0.801441371441,
        "mean": 0.500143826008,
        "median": 0.507396996021,
        "min": 0.123056955636,
        "var": 0.0135888932273
    },
    "silence_rate_20dB": {
        "dmean": 0,
        "dmean2": 0,
        "dvar": 0,
        "dvar2": 0,
        "max": 1,
        "mean": 1,
        "median": 1,
        "min": 1,
        "var": 0
    },
    "silence_rate_30dB": {
        "dmean": 0.0232198145241,
        "dmean2": 0.0464756004512,
        "dvar": 0.0226809810847,
        "dvar2": 0.061356112361,
        "max": 1,
        "mean": 0.98530548811,
        "median": 1,
        "min": 0,
        "var": 0.014478335157
    },
    "silence_rate_60dB": {
        "dmean": 0.0170278642327,
        "dmean2": 0.0340821072459,
        "dvar": 0.0167379062623,
        "dvar2": 0.0375685542822,
        "max": 1,
        "mean": 0.187935039401,
        "median": 0,
        "min": 0,
        "var": 0.152616247535
    },
    "spectral_centroid": {
        "dmean": 171.895431519,
        "dmean2": 274.259521484,
        "dvar": 40364.2929688,
        "dvar2": 101297.96875,
        "max": 2683.01220703,
        "mean": 1008.95715332,
        "median": 908.058349609,
        "min": 288.290222168,
        "var": 226749.15625
    },
    "spectral_complexity": {
        "dmean": 2.69349837303,
        "dmean2": 4.37490320206,
        "dvar": 11.929271698,
        "dvar2": 25.5514316559,
        "max": 54,
        "mean": 18.8329467773,
        "median": 20,
        "min": 0,
        "var": 164.841659546
    },
    "spectral_decrease": {
        "dmean": 2.37427455474e-09,
        "dmean2": 3.7253915508e-09,
        "dvar": 1.46558603618e-17,
        "dvar2": 3.75714069987e-17,
        "max": -3.66942760899e-12,
        "mean": -8.62774474086e-09,
        "median": -8.47377368274e-09,
        "min": -4.17971470767e-08,
        "var": 5.5453682031e-17
    },
    "spectral_energy": {
        "dmean": 0.00920877140015,
        "dmean2": 0.0144513463601,
        "dvar": 0.000213761930354,
        "dvar2": 0.000547197298147,
        "max": 0.16076245904,
        "mean": 0.0342767983675,
        "median": 0.0342689789832,
        "min": 1.4783719962e-05,
        "var": 0.000849441159517
    },
    "spectral_energyband_high": {
        "dmean": 0.000364070903743,
        "dmean2": 0.000600444735028,
        "dvar": 7.19151330486e-07,
        "dvar2": 1.86767545074e-06,
        "max": 0.00720153190196,
        "mean": 0.000667596003041,
        "median": 0.000137472699862,
        "min": 3.3954218992e-08,
        "var": 1.15455384275e-06
    },
    "spectral_energyband_low": {
        "dmean": 0.0075235418044,
        "dmean2": 0.0118309604004,
        "dvar": 0.00020803436928,
        "dvar2": 0.000531565223355,
        "max": 0.146825492382,
        "mean": 0.0177203007042,
        "median": 0.0131299886853,
        "min": 1.10745856929e-09,
        "var": 0.000509941135533
    },
    "spectral_energyband_middle_high": {
        "dmean": 0.00140893785283,
        "dmean2": 0.00224978337064,
        "dvar": 5.51857056053e-06,
        "dvar2": 1.46768934428e-05,
        "max": 0.0347776524723,
        "mean": 0.00486507313326,
        "median": 0.00314250891097,
        "min": 2.17566395122e-07,
        "var": 3.37298661179e-05
    },
    "spectral_energyband_middle_low": {
        "dmean": 0.00490659289062,
        "dmean2": 0.00817598495632,
        "dvar": 7.43497075746e-05,
        "dvar2": 0.000208064491744,
        "max": 0.0903922989964,
        "mean": 0.012365908362,
        "median": 0.0111244656146,
        "min": 9.80419827101e-06,
        "var": 0.000108335785626
    },
    "spectral_entropy": {
        "dmean": 0.158060252666,
        "dmean2": 0.239831715822,
        "dvar": 0.0266718324274,
        "dvar2": 0.0592486262321,
        "max": 8.40404415131,
        "mean": 7.14078903198,
        "median": 7.35332202911,
        "min": 4.81338787079,
        "var": 0.543319880962
    },
    "spectral_flux": {
        "dmean": 0.0204550623894,
        "dmean2": 0.0320886783302,
        "dvar": 0.000770680257119,
        "dvar2": 0.00162240909413,
        "max": 0.359876722097,
        "mean": 0.0773344561458,
        "median": 0.0744643136859,
        "min": 0.00103316863533,
        "var": 0.00354124396108
    },
    "spectral_kurtosis": {
        "dmean": 2.1221613884,
        "dmean2": 3.60427999496,
        "dvar": 4.47398900986,
        "dvar2": 12.6363916397,
        "max": 31.3344078064,
        "mean": 5.75057983398,
        "median": 5.09612369537,
        "min": -0.188838243484,
        "var": 13.2221746445
    },
    "spectral_rms": {
        "dmean": 0.000678383104969,
        "dmean2": 0.00104986387305,
        "dvar": 7.40899281482e-07,
        "dvar2": 1.82343205779e-06,
        "max": 0.0125236352906,
        "mean": 0.0050694141537,
        "median": 0.00578214041889,
        "min": 0.000120096388855,
        "var": 7.74185900809e-06
    },
    "spectral_rolloff": {
        "dmean": 271.464233398,
        "dmean2": 462.725219727,
        "dvar": 220687.671875,
        "dvar2": 535256.5625,
        "max": 5017.23632812,
        "mean": 860.193847656,
        "median": 538.330078125,
        "min": 86.1328125,
        "var": 478890.78125
    },
    "spectral_skewness": {
        "dmean": 0.247439831495,
        "dmean2": 0.410556405783,
        "dvar": 0.0458150357008,
        "dvar2": 0.125979721546,
        "max": 4.64086961746,
        "mean": 1.72931301594,
        "median": 1.66655373573,
        "min": 0.614222764969,
        "var": 0.27191311121
    },
    "spectral_spread": {
        "dmean": 486770.375,
        "dmean2": 749393.75,
        "dvar": 443168555008,
        "dvar2": 963135995904,
        "max": 9516684,
        "mean": 3990336.25,
        "median": 3839406.75,
        "min": 1892192.625,
        "var": 1.08349154918e+12
    },
    "spectral_strongpeak": {
        "dmean": 0.316504120827,
        "dmean2": 0.540345430374,
        "dvar": 0.277236759663,
        "dvar2": 0.700644850731,
        "max": 5.61789417267,
        "mean": 0.620469450951,
        "median": 0.416629105806,
        "min": 0.0261049624532,
        "var": 0.38289296627
    },
    "zerocrossingrate": {
        "dmean": 0.00645309779793,
        "dmean2": 0.00803451519459,
        "dvar": 5.05555108248e-05,
        "dvar2": 7.10935491952e-05,
        "max": 0.12109375,
        "mean": 0.0407274886966,
        "median": 0.0361328125,
        "min": 0.00341796875,
        "var": 0.000401202880312
    },
    "barkbands": {
        "dmean": [8.73002572916e-05, 0.00567101407796, 0.00354774924926, 0.00215488485992, 0.00145254516974, 0.00116784474812, 0.00121218431741, 0.000680603494402, 0.000475116510643, 0.000395038863644, 0.000586923910305, 0.000158059410751, 0.000247241929173, 0.000199443529709, 0.000361160840839, 0.000261647976004, 0.000297482154565, 0.000133560577524, 0.00011619371071, 9.14515403565e-05, 7.9865589214e-05, 6.8865781941e-05, 8.65149049787e-05, 7.38910603104e-05, 5.4545878811e-05, 2.20885904127e-05, 1.62745088517e-08],
        "dmean2": [0.000150540436152, 0.00867944955826, 0.00591955566779, 0.00399461761117, 0.00246563344263, 0.00184111262206, 0.00191537931096, 0.00109481159598, 0.000733813853003, 0.000620066188276, 0.000980124925263, 0.00025919554173, 0.000412421562942, 0.000327805668348, 0.000599297811277, 0.000435041059973, 0.000491936225444, 0.000222354530706, 0.000199184200028, 0.000152223365149, 0.000137335431646, 0.000110945074994, 0.000148413877469, 0.000126217535581, 9.56577423494e-05, 3.58509605576e-05, 2.76963980639e-08],
        "dvar": [3.26864366684e-08, 0.000145540150697, 7.25328354747e-05, 4.61492381874e-05, 6.13792735749e-06, 2.91109859063e-06, 3.69751683138e-06, 1.4473802139e-06, 7.70204508171e-07, 9.12770701689e-07, 2.93374046123e-06, 1.83730620051e-07, 2.58509970763e-07, 2.01293175905e-07, 5.61136630495e-07, 2.67035090928e-07, 2.63544592372e-07, 6.58514736074e-08, 4.39967173804e-08, 5.00967090034e-08, 2.93362436565e-08, 2.19298623705e-08, 4.31538538237e-08, 3.3187308901e-08, 1.92034672608e-08, 2.63407740064e-09, 9.32108089444e-15],
        "dvar2": [8.97537688616e-08, 0.000375963398255, 0.000189070648048, 0.000131805776618, 1.6741667423e-05, 7.6643536886e-06, 8.80401421455e-06, 3.71461260329e-06, 1.81034920388e-06, 2.02894761969e-06, 8.50362903293e-06, 4.86380599796e-07, 6.30776469279e-07, 4.66710332603e-07, 1.42677458825e-06, 7.23778555312e-07, 6.95425910635e-07, 1.67244650129e-07, 1.20841917806e-07, 1.29822296913e-07, 7.61192566756e-08, 5.35512114652e-08, 1.16488827473e-07, 8.86383162424e-08, 4.9862993734e-08, 6.78691147726e-09, 2.18741549125e-14],
        "max": [0.00172721571289, 0.131926342845, 0.0990656241775, 0.0661848857999, 0.0291144326329, 0.0231712535024, 0.0212184488773, 0.0157627388835, 0.012271235697, 0.0175151508301, 0.0241580083966, 0.00865330640227, 0.00858910102397, 0.0078186057508, 0.0107331378385, 0.0109588094056, 0.00701044127345, 0.00328519614413, 0.0024653612636, 0.0035560678225, 0.00174442946445, 0.00151857908349, 0.00312289851718, 0.00132368307095, 0.0020742630586, 0.0006065153284, 1.88492867892e-06],
        "mean": [0.00011704343342, 0.0104118213058, 0.00595470145345, 0.00193204334937, 0.00318036228418, 0.00251375394873, 0.00247241603211, 0.00113843870349, 0.0008907605079, 0.000624151783995, 0.000970433524344, 0.000223755865591, 0.000408075255109, 0.000358356221113, 0.000694236252457, 0.000513147504535, 0.000587267568335, 0.000273543817457, 0.000259287422523, 0.000155935704242, 0.000157924878295, 0.000141706492286, 0.000120367556519, 9.13559633773e-05, 6.04298547842e-05, 2.55030154221e-05, 1.21372538686e-08],
        "median": [4.5200540626e-05, 0.00586080597714, 0.0031511366833, 0.000704972073436, 0.0021098125726, 0.00170996435918, 0.00142414832953, 0.000428996339906, 0.000350800517481, 0.000252460798947, 0.000206442855415, 8.75426921993e-05, 0.000128545056214, 0.000169435676071, 0.000239342756686, 0.000314910197631, 0.000245038623689, 0.000138289949973, 0.000146544974996, 6.21243016212e-05, 3.71274400095e-05, 2.74380199698e-05, 2.30712175835e-05, 7.45804709368e-06, 4.48505761597e-06, 1.22042354178e-06, 4.0482669994e-10],
        "min": [5.62345222471e-12, 4.82690415415e-11, 3.74080683097e-10, 3.14200693241e-10, 2.59044526274e-07, 8.64044924498e-09, 2.22899085855e-08, 5.89715165589e-09, 5.87762460924e-09, 1.00042596429e-09, 5.46299849802e-09, 7.42177097557e-10, 1.72891334582e-09, 1.60374924452e-09, 6.87411860767e-09, 5.59550583645e-09, 4.61184868072e-09, 2.19846651994e-09, 3.36438277238e-09, 8.00391930511e-09, 9.13902908906e-09, 5.04435160309e-09, 3.8630285637e-09, 4.4330148441e-09, 4.08075878644e-10, 7.94226750339e-12, 8.26864791914e-12],
        "var": [3.87241350097e-08, 0.000271644763416, 8.37325933389e-05, 2.87196544377e-05, 1.32992599902e-05, 7.63921343605e-06, 9.53381277213e-06, 3.31947785526e-06, 1.94045856006e-06, 1.8493352627e-06, 5.90356921748e-06, 2.13490636725e-07, 5.90094998643e-07, 4.41175387778e-07, 1.32879370085e-06, 4.59051506141e-07, 7.18151682122e-07, 1.52964020117e-07, 1.07149283224e-07, 6.65552022383e-08, 6.0253334766e-08, 5.42297193817e-08, 5.42799476477e-08, 3.40617418715e-08, 2.16493258876e-08, 3.09607339766e-09, 6.75061542039e-15]
    },
    "erbbands": {
        "dmean": [0.139799207449, 1.38598382473, 3.40849423409, 6.14654636383, 4.89271593094, 6.09561491013, 5.965675354, 10.1241188049, 12.8800430298, 26.4116325378, 8.54117488861, 11.2521429062, 11.0823373795, 17.1804199219, 13.9591369629, 7.0460357666, 10.367980957, 8.63887882233, 10.3179588318, 24.4857997894, 13.6140737534, 14.648431778, 7.6076259613, 5.57767772675, 5.90732049942, 4.1782541275, 2.83543109894, 3.34186649323, 2.85310602188, 3.29691362381, 1.83416140079, 1.51863133907, 1.26094245911, 0.754415154457, 0.309900999069, 0.0982057899237, 0.0459462888539, 0.00582285504788, 0.000100153993117, 1.29909694806e-05],
        "dmean2": [0.213891655207, 2.14365124702, 5.47965764999, 10.7632541656, 8.7950963974, 10.0949201584, 9.79969406128, 15.8136816025, 19.6297950745, 42.9737586975, 13.2165393829, 17.3177165985, 17.0907649994, 28.0455913544, 23.1583156586, 11.5370998383, 17.3391571045, 13.6800737381, 16.9613704681, 40.2804679871, 22.5210571289, 24.2346057892, 12.7976341248, 9.0970954895, 9.9334936142, 6.89935731888, 4.73911333084, 5.7696928978, 4.76979351044, 5.77986478806, 3.0015733242, 2.54514932632, 2.18506288528, 1.31074726582, 0.521524131298, 0.166196122766, 0.0747912228107, 0.00961522292346, 0.000163981007063, 2.04887310247e-05],
        "dvar": [0.0767824053764, 9.06612491608, 68.2224807739, 250.496932983, 172.573272705, 106.657463074, 86.8665008545, 231.191101074, 415.38192749, 2380.85620117, 260.391876221, 475.729736328, 682.630493164, 2311.19580078, 1252.74475098, 350.400360107, 443.639312744, 352.723480225, 677.179931641, 2842.30737305, 663.611816406, 710.334899902, 177.742156982, 101.747917175, 134.367614746, 110.821815491, 30.4659137726, 55.0728721619, 39.0661354065, 60.7612609863, 19.0547199249, 13.0370759964, 10.3578958511, 3.57075619698, 0.778938889503, 0.0595470033586, 0.0110368346795, 0.000264442525804, 6.7189461106e-08, 3.90328797062e-10],
        "dvar2": [0.187813907862, 23.5515155792, 170.202987671, 677.508972168, 500.091583252, 283.000671387, 226.868804932, 612.131835938, 850.857971191, 6292.48144531, 567.585083008, 1128.62402344, 1339.7689209, 6507.44384766, 3718.11035156, 904.614257812, 1177.13452148, 773.50201416, 1718.14562988, 7091.68310547, 1802.85900879, 1872.6940918, 476.255279541, 250.075180054, 358.751495361, 290.171386719, 71.9476470947, 144.41734314, 100.293289185, 167.883575439, 48.0309295654, 33.5424194336, 28.32579422, 9.63908958435, 1.82971668243, 0.15534375608, 0.0275165438652, 0.000680856581312, 1.70878323047e-07, 9.5377061804e-10],
        "max": [2.69882822037, 32.7676086426, 101.056747437, 139.948074341, 127.849563599, 149.790313721, 123.442268372, 201.725753784, 363.274810791, 597.097229004, 429.252227783, 346.182159424, 569.348999023, 830.119445801, 518.309631348, 388.240753174, 424.640045166, 464.319671631, 566.719360352, 832.299072266, 421.117370605, 387.301452637, 201.223983765, 137.225997925, 167.225234985, 181.98739624, 59.6928939819, 70.1596832275, 60.276802063, 63.4093437195, 94.0401687622, 48.348361969, 30.5627555847, 19.4950828552, 24.7110805511, 3.7523765564, 1.23232781887, 0.226851046085, 0.0036362039391, 0.000213709121454],
        "mean": [0.28117698431, 2.45979714394, 6.11060810089, 7.75954294205, 6.38445663452, 12.8245544434, 13.4460496902, 22.2435817719, 28.5125007629, 47.6002578735, 17.4300823212, 21.017999649, 19.8626766205, 31.8798332214, 24.1159286499, 11.536491394, 18.0915756226, 18.131439209, 20.0494937897, 48.7484397888, 28.6456222534, 30.5300502777, 16.6998901367, 13.6606168747, 11.5052833557, 7.55526208878, 6.38612890244, 6.08513879776, 5.39972257614, 4.59810161591, 2.93393325806, 2.03306460381, 1.44403111935, 0.812810719013, 0.342665195465, 0.109677389264, 0.0516494065523, 0.00538853090256, 0.000115411072329, 4.47153906862e-05],
        "median": [0.174578130245, 1.27773082256, 3.40846848488, 4.32946300507, 3.32635998726, 7.39847993851, 9.1223154068, 15.3977441788, 18.513551712, 20.062746048, 9.64836788177, 8.43773365021, 8.60545921326, 9.24922561646, 8.29656791687, 4.9899520874, 6.67417573929, 8.54484367371, 10.9920740128, 18.6736774445, 17.8085746765, 12.4377422333, 9.15735435486, 7.79914569855, 5.92834472656, 3.28209280968, 1.84577202797, 1.22997033596, 1.07159531116, 0.771754980087, 0.589631021023, 0.220393687487, 0.104540549219, 0.0568623766303, 0.0202012695372, 0.0061671375297, 0.00178065185901, 0.000174105356564, 2.51666006079e-05, 4.37887101725e-05],
        "min": [1.06373621023e-08, 8.91842830697e-08, 1.34312324462e-06, 1.25921596918e-05, 0.000147245373228, 0.0010283497395, 0.00136931822635, 0.000591598975006, 0.00201569264755, 0.00133833638392, 0.000332854920998, 0.000365881191101, 0.000309394701617, 0.0001648315083, 0.000423001794843, 0.00011653456022, 7.82176721259e-05, 9.34669878916e-05, 0.000104994680441, 0.000989821273834, 0.000419458083343, 0.000244317285251, 0.000151419080794, 0.000219563196879, 0.000282619468635, 0.000410630076658, 0.000370452646166, 0.000270275893854, 0.000190966151422, 0.000174687884282, 6.40448197373e-05, 5.19868481206e-05, 9.43686973187e-05, 1.13258947749e-05, 2.24348787015e-06, 1.36597464007e-06, 8.37464995129e-07, 2.25122605002e-07, 1.68546741008e-08, 1.83033677104e-08],
        "var": [0.159087687731, 16.2365570068, 90.32862854, 211.26361084, 124.269187927, 246.581176758, 232.138381958, 571.645690918, 1255.38195801, 5271.44873047, 628.620483398, 1097.43859863, 1468.12353516, 5667.23974609, 2433.59448242, 474.911407471, 974.98828125, 1196.2232666, 1091.52404785, 6756.90185547, 1309.08483887, 2133.73266602, 491.132537842, 299.758514404, 241.51524353, 144.975128174, 91.1607437134, 97.7677612305, 80.2788696289, 69.7641525269, 32.5445022583, 16.2326946259, 9.34196186066, 3.28514671326, 1.11618709564, 0.0642256289721, 0.0139241050929, 0.000249434495345, 7.03999987195e-08, 1.48691325919e-09]
    },
    "gfcc": {
        "mean": [-43.7737350464, 103.22568512, -116.807159424, 35.0256958008, -63.4756240845, -8.30936145782, -50.6551170349, 4.70762491226, -15.6779851913, 2.84404087067, -21.1234207153, 2.72014021873, -7.30207443237],
        "cov": [[18392.9140625, 672.35369873, -307.564880371, 1652.9083252, 1721.14746094, 3789.38110352, 1949.14904785, 1392.70446777, 456.053344727, 182.938903809, 961.488098145, -33.1166191101, -90.1022491455], [672.35369873, 1063.96130371, -92.1685333252, 266.150787354, 340.726257324, 182.698577881, 327.530853271, 11.0056629181, 197.133682251, -163.167541504, 249.197494507, -120.39125061, 91.1109085083], [-307.564880371, -92.1685333252, 736.029602051, 325.789916992, 234.792709351, 98.9605026245, -112.719161987, 80.283821106, -81.3270263672, -59.9527244568, -135.653900146, 116.499671936, 22.7033176422], [1652.9083252, 266.150787354, 325.789916992, 681.352661133, 438.039611816, 515.002868652, 150.887374878, 174.590179443, 60.4617614746, -157.639251709, 62.0307426453, 18.7251815796, 92.7527542114], [1721.14746094, 340.726257324, 234.792709351, 438.039611816, 550.760559082, 565.864624023, 254.923400879, 189.411636353, 60.8571128845, -98.1075897217, 104.706848145, 58.2295303345, 45.710144043], [3789.38110352, 182.698577881, 98.9605026245, 515.002868652, 565.864624023, 1229.03222656, 520.615356445, 325.922149658, 20.9665737152, -56.2452354431, 287.975982666, 36.0816879272, 50.0053443909], [1949.14904785, 327.530853271, -112.719161987, 150.887374878, 254.923400879, 520.615356445, 404.164276123, 145.401046753, 88.7142333984, -5.83961343765, 217.621765137, -40.5556755066, 4.70844984055], [1392.70446777, 11.0056629181, 80.283821106, 174.590179443, 189.411636353, 325.922149658, 145.401046753, 188.27003479, 39.2316551208, 13.9514799118, 41.9673080444, 26.1832580566, 1.36456120014], [456.053344727, 197.133682251, -81.3270263672, 60.4617614746, 60.8571128845, 20.9665737152, 88.7142333984, 39.2316551208, 135.610427856, 5.53172826767, 61.2606430054, -38.5042991638, 7.70900344849], [182.938903809, -163.167541504, -59.9527244568, -157.639251709, -98.1075897217, -56.2452354431, -5.83961343765, 13.9514799118, 5.53172826767, 149.624023438, 4.20198535919, -3.33091950417, -65.3357467651], [961.488098145, 249.197494507, -135.653900146, 62.0307426453, 104.706848145, 287.975982666, 217.621765137, 41.9673080444, 61.2606430054, 4.20198535919, 211.931060791, -39.1551017761, 22.6224994659], [-33.1166191101, -120.39125061, 116.499671936, 18.7251815796, 58.2295303345, 36.0816879272, -40.5556755066, 26.1832580566, -38.5042991638, -3.33091950417, -39.1551017761, 105.088562012, 16.5511779785], [-90.1022491455, 91.1109085083, 22.7033176422, 92.7527542114, 45.710144043, 50.0053443909, 4.70844984055, 1.36456120014, 7.70900344849, -65.3357467651, 22.6224994659, 16.5511779785, 99.6394424438]],
        "icov": [[0.000329577509547, -0.000140055315569, 0.000449675571872, -0.000617617974058, 0.000305799505441, -0.000655403127894, -0.000348560075508, -0.000893481366802, -0.000171353458427, -0.000740836316254, 0.000343799096299, -0.000357929384336, 0.000624784850515], [-0.000140055315569, 0.00483098998666, -0.000760875467677, 0.00064246787224, -0.00392816169187, 0.00334958755411, -0.00280833663419, 0.00126233883202, -0.0014825075632, 0.00372683140449, -0.00439099268988, 0.00407852930948, -0.00185445416719], [0.000449675571872, -0.000760875467677, 0.00367253227159, -0.00262218411081, -0.00019961570797, -0.000589544477407, 0.00017954800569, -0.00167421647348, 0.00200354121625, -0.00247875740752, 0.00191479013301, -0.00236828322522, 0.00128668686375], [-0.000617617974058, 0.00064246787224, -0.00262218411081, 0.00738631607965, -0.00297323800623, -0.000691967899911, 0.00345012871549, 0.000200977097847, -0.00288467202336, 0.00511503359303, -0.00112024752889, 0.00442461716011, -0.00278223794885], [0.000305799505441, -0.00392816169187, -0.00019961570797, -0.00297323800623, 0.0106008127332, -0.00416114274412, -0.000583847460803, -0.00167397316545, -0.00149007327855, -0.000891997304279, 0.00395173439756, -0.00761524215341, 0.00385548430495], [-0.000655403127894, 0.00334958755411, -0.000589544477407, -0.000691967899911, -0.00416114274412, 0.00857093930244, -0.00448595173657, -0.00171139359009, 0.00489156972617, 0.00300927716307, -0.0065934760496, 0.00226180907339, -0.00231806118973], [-0.000348560075508, -0.00280833663419, 0.00017954800569, 0.00345012871549, -0.000583847460803, -0.00448595173657, 0.0151070998982, -0.00284356065094, -0.00222779996693, 0.00111476401798, -0.00390102039091, 0.00165555276908, 0.00235845171846], [-0.000893481366802, 0.00126233883202, -0.00167421647348, 0.000200977097847, -0.00167397316545, -0.00171139359009, -0.00284356065094, 0.0194631516933, -0.00507509009913, -0.00286073447205, 0.00529765244573, -0.00098273367621, -0.0027959512081], [-0.000171353458427, -0.0014825075632, 0.00200354121625, -0.00288467202336, -0.00149007327855, 0.00489156972617, -0.00222779996693, -0.00507509009913, 0.0172225162387, -0.00363051448949, -0.00240132282488, 0.00164522184059, -0.00160828011576], [-0.000740836316254, 0.00372683140449, -0.00247875740752, 0.00511503359303, -0.000891997304279, 0.00300927716307, 0.00111476401798, -0.00286073447205, -0.00363051448949, 0.0195594169199, -0.00784572120756, 0.00203013350256, 0.00516151310876], [0.000343799096299, -0.00439099268988, 0.00191479013301, -0.00112024752889, 0.00395173439756, -0.0065934760496, -0.00390102039091, 0.00529765244573, -0.00240132282488, -0.00784572120756, 0.0204725433141, -0.00268426607363, -0.00262059620582], [-0.000357929384336, 0.00407852930948, -0.00236828322522, 0.00442461716011, -0.00761524215341, 0.00226180907339, 0.00165555276908, -0.00098273367621, 0.00164522184059, 0.00203013350256, -0.00268426607363, 0.0210111867636, -0.0070154638961], [0.000624784850515, -0.00185445416719, 0.00128668686375, -0.00278223794885, 0.00385548430495, -0.00231806118973, 0.00235845171846, -0.0027959512081, -0.00160828011576, 0.00516151310876, -0.00262059620582, -0.0070154638961, 0.0191844031215]]
    },
    "melbands": {
        "dmean": [0.00146251462866, 0.00160158099607, 0.000964379520155, 0.000352685950929, 0.000222657676204, 0.000232382139075, 0.00020989125187, 0.000263769790763, 6.72256719554e-05, 6.76137060509e-05, 5.66252892895e-05, 6.75818155287e-05, 6.96408969816e-05, 1.7020791347e-05, 2.45628780249e-05, 1.96385608433e-05, 1.73797088792e-05, 1.81174855243e-05, 2.62703724729e-05, 2.61806799244e-05, 1.85353201232e-05, 1.80072129297e-05, 1.0945233953e-05, 6.34842717773e-06, 4.73943691759e-06, 5.33889306098e-06, 4.10442680732e-06, 2.52486279351e-06, 1.90328091776e-06, 2.27775649364e-06, 1.98539328267e-06, 1.73697810624e-06, 1.29721081521e-06, 2.32004708778e-06, 1.11486087917e-06, 7.39575568787e-07, 1.12300153887e-06, 9.26679831537e-07, 7.9708274825e-07, 6.25021982614e-07],
        "dmean2": [0.00222443346865, 0.00257287081331, 0.00168074772228, 0.000611413852312, 0.000366537075024, 0.000360505451681, 0.00031962711364, 0.00042981171282, 0.000101075151179, 0.00010449472029, 8.73743119882e-05, 0.000111056113383, 0.000116396637168, 2.81590127997e-05, 4.02134828619e-05, 3.13251330226e-05, 2.77233739325e-05, 2.99457678921e-05, 4.30724176113e-05, 4.38541574113e-05, 3.13026539516e-05, 3.00871961372e-05, 1.86021552508e-05, 1.07372434286e-05, 7.76751494413e-06, 9.06641525944e-06, 7.07557956048e-06, 4.15082240579e-06, 3.15964666697e-06, 3.82842699764e-06, 3.45651619682e-06, 2.94529672829e-06, 2.10306211557e-06, 4.18721720052e-06, 1.83572876722e-06, 1.18365846902e-06, 1.93541086446e-06, 1.61274135735e-06, 1.38598227295e-06, 1.09807626814e-06],
        "dvar": [9.11323968467e-06, 1.26811492009e-05, 6.25688380751e-06, 4.34126974369e-07, 1.1766601915e-07, 1.21427589761e-07, 9.8095867429e-08, 2.26477993692e-07, 1.62334075071e-08, 1.63102455986e-08, 1.72804668352e-08, 3.53347999749e-08, 3.60719525361e-08, 1.85719728485e-09, 2.85974066649e-09, 1.65189495416e-09, 1.37607081285e-09, 2.58467136582e-09, 2.98872770976e-09, 2.76608735916e-09, 1.42076117537e-09, 1.22150944915e-09, 4.01060462618e-10, 1.57810819967e-10, 7.02885319392e-11, 1.04422866187e-10, 1.034026198e-10, 3.82329515269e-11, 1.3925448468e-11, 2.21130648514e-11, 1.9223978312e-11, 1.41388107819e-11, 6.99257015138e-12, 3.27331495242e-11, 6.77514338035e-12, 3.06482638747e-12, 7.72159940154e-12, 5.48509328235e-12, 4.02816321965e-12, 2.38799041305e-12],
        "dvar2": [2.30531331908e-05, 3.14268909278e-05, 1.66343761521e-05, 1.21695791222e-06, 3.08763929979e-07, 3.15098588999e-07, 2.07805186392e-07, 6.00924352057e-07, 3.61877035004e-08, 3.79485030066e-08, 3.392741732e-08, 9.95795801373e-08, 1.07602680544e-07, 5.02989916384e-09, 6.92324553242e-09, 3.72106478963e-09, 3.13114045802e-09, 6.4613545625e-09, 7.55208073855e-09, 7.02397473518e-09, 3.91826882051e-09, 3.22869309066e-09, 1.03787234362e-09, 4.11183670446e-10, 1.78061246303e-10, 2.93701202247e-10, 2.80801604191e-10, 9.81356801377e-11, 3.3269557248e-11, 5.82869447152e-11, 5.11680767201e-11, 3.66958789744e-11, 1.68898020569e-11, 9.24189128004e-11, 1.71498804741e-11, 6.96354779395e-12, 2.06291182053e-11, 1.50869282345e-11, 1.08661213707e-11, 6.47916095775e-12],
        "max": [0.0331173613667, 0.0402188487351, 0.0243396013975, 0.00623386446387, 0.00374908978119, 0.00537157524377, 0.00489899795502, 0.00563859054819, 0.00326300831512, 0.00187618134078, 0.00279008527286, 0.00311829801649, 0.00252776010893, 0.000585746718571, 0.000950336980168, 0.000784915871918, 0.000870972929988, 0.00118998356629, 0.000764877826441, 0.000981204677373, 0.000600092229433, 0.000535136088729, 0.000276912731351, 0.000166263605934, 0.000110295135528, 0.000113231966679, 0.000157718634, 0.000108075946628, 4.4910091674e-05, 4.31613443652e-05, 4.28545317845e-05, 3.8156977098e-05, 3.0010323826e-05, 4.01501092711e-05, 5.49159958609e-05, 4.71853127237e-05, 2.34820581682e-05, 2.30932346312e-05, 1.80177285074e-05, 1.70828479895e-05],
        "mean": [0.00280489050783, 0.00329518597573, 0.00131368439179, 0.000656097545289, 0.000542190799024, 0.000507612770889, 0.000458738650195, 0.000471056555398, 0.000131530658109, 0.000125708931591, 9.55783470999e-05, 0.000123472782434, 0.000114549526188, 2.49905733654e-05, 3.87325962947e-05, 3.6361241655e-05, 3.37275050697e-05, 2.97145397781e-05, 5.2727667935e-05, 5.29702410859e-05, 3.22243176925e-05, 3.55261799996e-05, 1.98397265194e-05, 1.26563681988e-05, 1.05226217784e-05, 1.05166873254e-05, 6.03432454227e-06, 4.52194399259e-06, 4.04479351346e-06, 3.87037289329e-06, 3.39326220455e-06, 3.13361533699e-06, 2.49430127042e-06, 2.69825204668e-06, 1.74071226411e-06, 1.22757717236e-06, 1.30430396439e-06, 1.04702951376e-06, 8.4754560703e-07, 6.43688622404e-07],
        "median": [0.00165266823024, 0.00218330207281, 0.000789366953541, 0.000395187060349, 0.00038510147715, 0.000355422613211, 0.000301398162264, 0.000194989232114, 7.21954420442e-05, 4.79242808069e-05, 3.62683349522e-05, 3.41960076184e-05, 2.90228945232e-05, 1.10319961095e-05, 1.51964977704e-05, 1.22140245367e-05, 1.50934001795e-05, 1.45291678564e-05, 1.7190217477e-05, 2.48513697443e-05, 1.790879287e-05, 1.236596745e-05, 8.79441176949e-06, 6.94713435223e-06, 5.49144533579e-06, 4.74660328109e-06, 2.65437574853e-06, 1.81543271083e-06, 1.06179334125e-06, 1.00944691894e-06, 5.83871155868e-07, 6.17828618488e-07, 4.55480574146e-07, 4.56408429272e-07, 3.57212570634e-07, 2.22412950279e-07, 9.47245339944e-08, 7.55650759743e-08, 5.71104088465e-08, 4.0547842417e-08],
