{
"highlevel": {
    "danceability": {
        "all": {
            "danceable": 0.99980121851,
            "not_danceable": 0.000198751760763
        },
        "probability": 0.99980121851,
        "value": "danceable"
    },
    "gender": {
        "all": {
            "female": 0.344944149256,
            "male": 0.655055820942
        },
        "probability": 0.655055820942,
        "value": "male"
    },
    "genre_dortmund": {
        "all": {
            "alternative": 0.126227483153,
            "blues": 0.0163409076631,
            "electronic": 0.0594135783613,
            "folkcountry": 0.0143686728552,
            "funksoulrnb": 0.0157034695148,
            "jazz": 0.0407671071589,
            "pop": 0.0816849917173,
            "raphiphop": 0.107468493283,
            "rock": 0.538025319576
        },
        "probability": 0.538025319576,
        "value": "rock"
    },
    "genre_electronic": {
        "all": {
            "ambient": 0.0581646375358,
            "dnb": 0.0355112552643,
            "house": 0.0619926713407,
            "techno": 0.0118892434984,
            "trance": 0.832442164421
        },
        "probability": 0.832442164421,
        "value": "trance"
    },
    "genre_rosamerica": {
        "all": {
            "cla": 7.01642566128e-05,
            "dan": 0.980389177799,
            "hip": 0.00382269034162,
            "jaz": 0.000110960514576,
            "pop": 0.00660086469725,
            "rhy": 0.00181101541966,
            "roc": 0.00708748446777,
            "spe": 0.000107646264951
        },
        "probability": 0.980389177799,
        "value": "dan"
    },
    "genre_tzanetakis": {
        "all": {
            "blu": 0.0622663982213,
            "cla": 0.0345780998468,
            "cou": 0.103735685349,
            "dis": 0.0518908686936,
            "hip": 0.155698984861,
            "jaz": 0.311586618423,
            "met": 0.0519040971994,
            "pop": 0.0622744634748,
            "reg": 0.0622723288834,
            "roc": 0.103792458773
        },
        "probability": 0.311586618423,
        "value": "jaz"
    },
    "ismir04_rhythm": {
        "all": {
            "ChaChaCha": 0.486625820398,
            "Jive": 0.101870082319,
            "Quickstep": 0.00743017112836,
            "Rumba-American": 0.00761228939518,
            "Rumba-International": 0.00823147501796,
            "Rumba-Misc": 0.00279847928323,
            "Samba": 0.376386731863,
            "Tango": 0.00304457405582,
            "VienneseWaltz": 0.00438519753516,
            "Waltz": 0.00161517295055
        },
        "probability": 0.486625820398,
        "value": "ChaChaCha"
    },
    "mood_acoustic": {
        "all": {
            "acoustic": 6.91549985277e-07,
            "not_acoustic": 0.999999284744
        },
        "probability": 0.999999284744,
        "value": "not_acoustic"
    },
    "mood_aggressive": {
        "all": {
            "aggressive": 0.773404538631,
            "not_aggressive": 0.226595461369
        },
        "probability": 0.773404538631,
        "value": "aggressive"
    },
    "mood_electronic": {
        "all": {
            "electronic": 0.93910831213,
            "not_electronic": 0.0608916804194
        },
        "probability": 0.93910831213,
        "value": "electronic"
    },
    "mood_happy": {
        "all": {
            "happy": 0.438556194305,
            "not_happy": 0.561443805695
        },
        "probability": 0.561443805695,
        "value": "not_happy"
    },
    "mood_party": {
        "all": {
            "not_party": 0.141054928303,
            "party": 0.858945071697
        },
        "probability": 0.858945071697,
        "value": "party"
    },
    "mood_relaxed": {
        "all": {
            "not_relaxed": 0.984886527061,
            "relaxed": 0.0151134720072
        },
        "probability": 0.984886527061,
        "value": "not_relaxed"
    },
    "mood_sad": {
        "all": {
            "not_sad": 0.870995223522,
            "sad": 0.12900480628
        },
        "probability": 0.870995223522,
        "value": "not_sad"
    },
    "moods_mirex": {
        "all": {
            "Cluster1": 0.164666339755,
            "Cluster2": 0.0134209217504,
            "Cluster3": 0.00891209486872,
            "Cluster4": 0.0157704446465,
            "Cluster5": 0.797230184078
        },
        "probability": 0.797230184078,
        "value": "Cluster5"
    },
    "timbre": {
        "all": {
            "bright": 0.951690852642,
            "dark": 0.0483091361821
        },
        "probability": 0.951690852642,
        "value": "bright"
    },
    "tonal_atonal": {
        "all": {
            "atonal": 0.318311542273,
            "tonal": 0.681688427925
        },
        "probability": 0.681688427925,
        "value": "tonal"
    },
    "voice_instrumental": {
        "all": {
            "instrumental": 0.00393594941124,
            "voice": 0.996064066887
        },
        "probability": 0.996064066887,
        "value": "voice"
    }
},
"lowlevel": {
    "average_loudness": 0.985422134399,
    "barkbands_crest": {
        "dmean": 2.95664954185,
        "dmean2": 4.52291107178,
        "dvar": 9.64355278015,
        "dvar2": 20.5707855225,
        "max": 26.0246200562,
        "mean": 11.4618940353,
        "median": 9.46326351166,
        "min": 2.45736861229,
        "var": 32.1068077087
    },
    "barkbands_flatness_db": {
        "dmean": 0.0284331236035,
        "dmean2": 0.0442605875432,
        "dvar": 0.00103008793667,
        "dvar2": 0.00211752881296,
        "max": 0.326282441616,
        "mean": 0.142744451761,
        "median": 0.1311737746,
        "min": 0.0446714274585,
        "var": 0.00273599103093
    },
    "barkbands_kurtosis": {
        "dmean": 5.59564399719,
        "dmean2": 8.63507270813,
        "dvar": 116.199905396,
        "dvar2": 260.343780518,
        "max": 136.229187012,
        "mean": 6.88907003403,
        "median": 1.90404415131,
        "min": -1.95450675488,
        "var": 206.665023804
    },
    "barkbands_skewness": {
        "dmean": 0.870138704777,
        "dmean2": 1.31520152092,
        "dvar": 1.14292407036,
        "dvar2": 2.49259877205,
        "max": 11.202753067,
        "mean": 2.10898065567,
        "median": 1.71478843689,
        "min": -3.39588785172,
        "var": 2.91159963608
    },
    "barkbands_spread": {
        "dmean": 11.5493021011,
        "dmean2": 17.8572463989,
        "dvar": 156.66267395,
        "dvar2": 345.551635742,
        "max": 118.292945862,
        "mean": 36.4548225403,
        "median": 33.268699646,
        "min": 1.70851802826,
        "var": 431.460357666
    },
    "dissonance": {
        "dmean": 0.0134904831648,
        "dmean2": 0.0225216764957,
        "dvar": 0.000232604128541,
        "dvar2": 0.000636040407699,
        "max": 0.500000059605,
        "mean": 0.477356463671,
        "median": 0.483919084072,
        "min": 0.309013158083,
        "var": 0.000442873715656
    },
    "dynamic_complexity": 1.26867878437,
    "erbbands_crest": {
        "dmean": 2.56720876694,
        "dmean2": 4.16939544678,
        "dvar": 6.77919244766,
        "dvar2": 17.2205619812,
        "max": 24.6331977844,
        "mean": 7.37332773209,
        "median": 6.20747423172,
        "min": 2.28131985664,
        "var": 16.5588588715
    },
    "erbbands_flatness_db": {
        "dmean": 0.0140255140141,
        "dmean2": 0.021710652858,
        "dvar": 0.000171787818545,
        "dvar2": 0.000375459087081,
        "max": 0.24683842063,
        "mean": 0.106152847409,
        "median": 0.100319489837,
        "min": 0.05115192011,
        "var": 0.000753272383008
    },
    "erbbands_kurtosis": {
        "dmean": 0.931582450867,
        "dmean2": 1.41735029221,
        "dvar": 1.91780340672,
        "dvar2": 3.91916894913,
        "max": 19.6333618164,
        "mean": 0.178640693426,
        "median": -0.364120721817,
        "min": -1.83263838291,
        "var": 4.10351657867
    },
    "erbbands_skewness": {
        "dmean": 0.385787278414,
        "dmean2": 0.582922518253,
        "dvar": 0.149683177471,
        "dvar2": 0.343955457211,
        "max": 3.35142230988,
        "mean": -0.144735112786,
        "median": -0.107848569751,
        "min": -3.74843144417,
        "var": 0.546016395092
    },
    "erbbands_spread": {
        "dmean": 15.690117836,
        "dmean2": 23.3033828735,
        "dvar": 283.554412842,
        "dvar2": 607.921630859,
        "max": 209.097167969,
        "mean": 66.074256897,
        "median": 61.986869812,
        "min": 10.7008314133,
        "var": 951.825317383
    },
    "hfc": {
        "dmean": 16.6342906952,
        "dmean2": 25.3505535126,
        "dvar": 653.47064209,
        "dvar2": 1493.70947266,
        "max": 299.031341553,
        "mean": 43.5860176086,
        "median": 35.1295852661,
        "min": 2.33087396622,
        "var": 1115.49291992
    },
    "melbands_crest": {
        "dmean": 3.84730625153,
        "dmean2": 6.17477798462,
        "dvar": 15.9278717041,
        "dvar2": 39.2515182495,
        "max": 34.8679122925,
        "mean": 18.1881065369,
        "median": 16.6470584869,
        "min": 3.39736914635,
        "var": 44.8435287476
    },
    "melbands_flatness_db": {
        "dmean": 0.0366558171809,
        "dmean2": 0.0573212206364,
        "dvar": 0.00181875715498,
        "dvar2": 0.00388324283995,
        "max": 0.42506852746,
        "mean": 0.196698665619,
        "median": 0.185114130378,
        "min": 0.0180230308324,
        "var": 0.00509321410209
    },
    "melbands_kurtosis": {
        "dmean": 28.5478916168,
        "dmean2": 43.444026947,
        "dvar": 3519.76538086,
        "dvar2": 7447.36083984,
        "max": 690.48449707,
        "mean": 44.6722412109,
        "median": 19.1972579956,
        "min": -1.39232933521,
        "var": 6396.1640625
    },
    "melbands_skewness": {
        "dmean": 1.57733416557,
        "dmean2": 2.37275075912,
        "dvar": 4.40268945694,
        "dvar2": 8.96061038971,
        "max": 21.3029060364,
        "mean": 4.88577508926,
        "median": 4.02116680145,
        "min": -1.98320734501,
        "var": 11.7563915253
    },
    "melbands_spread": {
        "dmean": 11.4343929291,
        "dmean2": 18.8074569702,
        "dvar": 261.464477539,
        "dvar2": 618.971191406,
        "max": 201.267608643,
        "mean": 25.5622997284,
        "median": 21.2713813782,
        "min": 0.942817509174,
        "var": 484.406616211
    },
    "pitch_salience": {
        "dmean": 0.0909033641219,
        "dmean2": 0.145044654608,
        "dvar": 0.0111182285473,
        "dvar2": 0.0229197479784,
        "max": 0.826041638851,
        "mean": 0.488077610731,
        "median": 0.522096216679,
        "min": 0.0741715952754,
        "var": 0.028233975172
    },
    "silence_rate_20dB": {
        "dmean": 0,
        "dmean2": 0,
        "dvar": 0,
        "dvar2": 0,
        "max": 1,
        "mean": 1,
        "median": 1,
        "min": 1,
        "var": 0
    },
    "silence_rate_30dB": {
        "dmean": 0.0897832810879,
        "dmean2": 0.179705649614,
        "dvar": 0.0817230716348,
        "dvar2": 0.148959130049,
        "max": 1,
        "mean": 0.88553750515,
        "median": 1,
        "min": 0,
        "var": 0.101360596716
    },
    "silence_rate_60dB": {
        "dmean": 0.00154798757285,
        "dmean2": 0.00309837330133,
        "dvar": 0.0015455794055,
        "dvar2": 0.00308871129528,
        "max": 1,
        "mean": 0.00309358071536,
        "median": 0,
        "min": 0,
        "var": 0.00308397761546
    },
    "spectral_centroid": {
        "dmean": 427.055969238,
        "dmean2": 650.644775391,
        "dvar": 211698.03125,
        "dvar2": 477606.71875,
        "max": 5599.68505859,
        "mean": 1738.87426758,
        "median": 1622.76623535,
        "min": 222.392211914,
        "var": 651362.6875
    },
    "spectral_complexity": {
        "dmean": 6.02321958542,
        "dmean2": 9.36948108673,
        "dvar": 47.5274162292,
        "dvar2": 104.727088928,
        "max": 59,
        "mean": 21.6488780975,
        "median": 20,
        "min": 1,
        "var": 113.081703186
    },
    "spectral_decrease": {
        "dmean": 4.15949319432e-09,
        "dmean2": 6.05756067529e-09,
        "dvar": 3.45653730957e-17,
        "dvar2": 5.63197037364e-17,
        "max": -2.06026015692e-10,
        "mean": -1.23660663931e-08,
        "median": -9.24967391569e-09,
        "min": -5.21464933456e-08,
        "var": 8.96016465547e-17
    },
    "spectral_energy": {
        "dmean": 0.0159934461117,
        "dmean2": 0.0228614211082,
        "dvar": 0.000472701038234,
        "dvar2": 0.00074601941742,
        "max": 0.200024247169,
        "mean": 0.0506257750094,
        "median": 0.0390574075282,
        "min": 0.00101021397859,
        "var": 0.00129160808865
    },
    "spectral_energyband_high": {
        "dmean": 0.00173647573683,
        "dmean2": 0.00267310044728,
        "dvar": 7.15476880941e-06,
        "dvar2": 1.68103015312e-05,
        "max": 0.0297454576939,
        "mean": 0.003549979534,
        "median": 0.00256314594299,
        "min": 2.14869905903e-05,
        "var": 1.2520555174e-05
    },
    "spectral_energyband_low": {
        "dmean": 0.0152407325804,
        "dmean2": 0.0230695139617,
        "dvar": 0.000655015115626,
        "dvar2": 0.0012216521427,
        "max": 0.194426938891,
        "mean": 0.0326252132654,
        "median": 0.0192282088101,
        "min": 4.17246883444e-06,
        "var": 0.00137089181226
    },
    "spectral_energyband_middle_high": {
        "dmean": 0.00234257336706,
        "dmean2": 0.00361256930046,
        "dvar": 1.10947203211e-05,
        "dvar2": 2.51463989116e-05,
        "max": 0.0731757059693,
        "mean": 0.00573606882244,
        "median": 0.00379551341757,
        "min": 8.63526656758e-05,
        "var": 3.28035021084e-05
    },
    "spectral_energyband_middle_low": {
        "dmean": 0.00658478448167,
        "dmean2": 0.0115775233135,
        "dvar": 0.000165217134054,
        "dvar2": 0.000469223654363,
        "max": 0.0882170498371,
        "mean": 0.0116638606414,
        "median": 0.00980256311595,
        "min": 6.86063067405e-05,
        "var": 0.000122018718685
    },
    "spectral_entropy": {
        "dmean": 0.166049987078,
        "dmean2": 0.257082730532,
        "dvar": 0.0318919494748,
        "dvar2": 0.0835000500083,
        "max": 8.82596492767,
        "mean": 8.01385116577,
        "median": 8.04623889923,
        "min": 6.51987409592,
        "var": 0.100532263517
    },
    "spectral_flux": {
        "dmean": 0.0413753986359,
        "dmean2": 0.0578637085855,
        "dvar": 0.00247310311534,
        "dvar2": 0.00330155179836,
        "max": 0.407588005066,
        "mean": 0.124479912221,
        "median": 0.0985646769404,
        "min": 0.0220935754478,
        "var": 0.00661313859746
    },
    "spectral_kurtosis": {
        "dmean": 0.533953428268,
        "dmean2": 0.800932824612,
        "dvar": 0.316750824451,
        "dvar2": 0.644619524479,
        "max": 10.8174295425,
        "mean": 1.55385839939,
        "median": 1.34777021408,
        "min": -1.24511742592,
        "var": 1.31120252609
    },
    "spectral_rms": {
        "dmean": 0.00105008401442,
        "dmean2": 0.00151475029998,
        "dvar": 1.45827505094e-06,
        "dvar2": 2.33620062318e-06,
        "max": 0.0139694530517,
        "mean": 0.00668121734634,
        "median": 0.00617290753871,
        "min": 0.000992761109956,
        "var": 4.7523531066e-06
    },
    "spectral_rolloff": {
        "dmean": 1228.67602539,
        "dmean2": 2109.3203125,
        "dvar": 3258866.25,
        "dvar2": 7466484.5,
        "max": 13070.6542969,
        "mean": 2068.80078125,
        "median": 1270.45898438,
        "min": 64.599609375,
        "var": 6175595
    },
    "spectral_skewness": {
        "dmean": 0.1422239393,
        "dmean2": 0.209986209869,
        "dvar": 0.01830111444,
        "dvar2": 0.0355695225298,
        "max": 2.85931754112,
        "mean": 1.11053287983,
        "median": 1.08931934834,
        "min": -0.139431893826,
        "var": 0.109634459019
    },
    "spectral_spread": {
        "dmean": 755925.375,
        "dmean2": 1110490,
        "dvar": 864880295936,
        "dvar2": 1.48667511603e+12,
        "max": 21679472,
        "mean": 7100512.5,
        "median": 6803778,
        "min": 2917852.75,
        "var": 2.93695127552e+12
    },
    "spectral_strongpeak": {
        "dmean": 0.396707355976,
        "dmean2": 0.693605482578,
        "dvar": 0.754921138287,
        "dvar2": 1.94415307045,
        "max": 7.65379524231,
        "mean": 0.653316915035,
        "median": 0.446791738272,
        "min": 0.045765966177,
        "var": 0.788723766804
    },
    "zerocrossingrate": {
        "dmean": 0.0193933062255,
        "dmean2": 0.0224174428731,
        "dvar": 0.000379857898224,
        "dvar2": 0.000468407553853,
        "max": 0.3857421875,
        "mean": 0.0898962393403,
        "median": 0.08203125,
        "min": 0.00537109375,
        "var": 0.00257836468518
    },
    "barkbands": {
        "dmean": [0.000359947240213, 0.0117865372449, 0.00920547079295, 0.00385226216167, 0.00283146090806, 0.000593351083808, 0.000527087715454, 0.000227493932471, 0.000368139473721, 0.000336582044838, 0.000570891192183, 0.000369990302715, 0.000545686285477, 0.00035440249485, 0.000368467124645, 0.000323017651681, 0.000248938100412, 0.000204113384825, 0.000226159230806, 0.000283635425149, 0.000313761353027, 0.000266698043561, 0.000360530539183, 0.000370428082533, 0.000367329164874, 0.00025089646806, 6.06756387356e-08],
        "dmean2": [0.000457481073681, 0.0181085076183, 0.0162900257856, 0.00702047953382, 0.00495564285666, 0.000987442210317, 0.000799481116701, 0.000368591485312, 0.000581121305004, 0.000544623006135, 0.00088206178043, 0.000580287422054, 0.000860234256834, 0.000561946129892, 0.000589310016949, 0.000533791258931, 0.000410396576626, 0.000345214182744, 0.000383970153052, 0.000476108572911, 0.000532651261892, 0.000436262547737, 0.000593815988395, 0.000588309136219, 0.000559131149203, 0.000405377184507, 1.07741577438e-07],
        "dvar": [2.44115824444e-07, 0.0004209272156, 0.000541842950042, 7.32721091481e-05, 2.96856014756e-05, 9.65582785284e-07, 2.82000860352e-06, 5.13808799951e-07, 9.62825993156e-07, 8.21474259283e-07, 2.47043340096e-06, 7.23111156731e-07, 1.69833174368e-06, 4.3427164087e-07, 3.66624135495e-07, 2.74318409765e-07, 2.23122128773e-07, 1.11291697635e-07, 1.2758250989e-07, 1.42817910387e-07, 1.85618276305e-07, 1.39808093991e-07, 3.18306234703e-07, 5.19031516433e-07, 6.65391667098e-07, 3.37341219847e-07, 4.04041492104e-14],
        "dvar2": [3.95846683432e-07, 0.000677018426359, 0.00147602928337, 0.000211018603295, 8.58104467625e-05, 2.47043726631e-06, 6.65966717861e-06, 1.41342081861e-06, 2.41973384618e-06, 2.11238216252e-06, 6.31292232356e-06, 1.68381552612e-06, 3.37847291121e-06, 9.82998699328e-07, 8.31328918593e-07, 6.57301654883e-07, 5.42350790056e-07, 2.82899975446e-07, 3.15824649988e-07, 3.76398958224e-07, 4.96966436003e-07, 3.55832497689e-07, 8.05615684385e-07, 1.17043032333e-06, 1.34448850986e-06, 7.85346571774e-07, 1.01568120505e-13],
        "max": [0.00384378992021, 0.145519226789, 0.135984331369, 0.059906039387, 0.047138158232, 0.0133739672601, 0.0278407223523, 0.0119723174721, 0.0188379064202, 0.0129066798836, 0.0198791008443, 0.0137177333236, 0.0346826836467, 0.00915068294853, 0.00809771753848, 0.00720070954412, 0.00562064023688, 0.00354837137274, 0.00501897139475, 0.00325302826241, 0.00369096151553, 0.00417603738606, 0.00671839248389, 0.0118164960295, 0.0138904033229, 0.0084614502266, 2.67148789135e-06],
        "mean": [0.000612064963207, 0.0195026993752, 0.00962832011282, 0.00466896640137, 0.0042990129441, 0.000855130434502, 0.000788447388913, 0.000337012839736, 0.00063270854298, 0.000528570380993, 0.000949221779592, 0.000592201424297, 0.00079524575267, 0.000599311664701, 0.00055967469234, 0.000447130179964, 0.000353409763193, 0.000285224232357, 0.000361487647751, 0.000537895830348, 0.000508566852659, 0.000478313071653, 0.00061341014225, 0.00067211757414, 0.000690881977789, 0.00032875611214, 4.24169463997e-08],
        "median": [0.000155190660735, 0.00739496620372, 0.00450022611767, 0.00270264572464, 0.00286951242015, 0.000471437349916, 0.000286127877189, 0.000101046265627, 0.000143423327245, 0.000123828562209, 0.000114681140985, 0.00014665312483, 0.000219114066567, 0.000217495340621, 0.000228900637012, 0.000229490528, 0.000184601434739, 0.00016660275287, 0.000238363951212, 0.00041931506712, 0.000348641275195, 0.000304504588712, 0.000414906768128, 0.000428485189332, 0.000442409393145, 0.000131963053718, 1.62140267879e-09],
        "min": [8.84184947481e-10, 7.03936038349e-08, 1.08028234536e-06, 1.41631051065e-06, 6.58088174532e-06, 1.68909070908e-06, 1.47896639646e-06, 1.18631965051e-06, 3.64475590686e-06, 1.87389196071e-06, 2.17397246161e-06, 2.65297308033e-06, 4.17455112256e-06, 5.03412638864e-06, 3.25353221342e-06, 1.18147875128e-06, 4.21874892709e-06, 1.99627766051e-06, 3.09803499476e-06, 1.95022244043e-06, 9.01069199699e-07, 1.34462879942e-06, 2.75949992101e-06, 3.64323295798e-06, 1.15653683963e-07, 1.06590266127e-11, 1.09295003603e-11],
        "var": [6.81737674313e-07, 0.000837626866996, 0.00036404671846, 4.8809353757e-05, 2.39540695475e-05, 1.39323617532e-06, 3.93380742025e-06, 7.98791802481e-07, 1.92371635421e-06, 1.68224573827e-06, 5.6875824157e-06, 1.90291621038e-06, 3.87160935134e-06, 1.21697178201e-06, 7.81437449859e-07, 3.87311303029e-07, 3.05323624161e-07, 1.23177855471e-07, 1.67827323594e-07, 2.37959895344e-07, 2.38629326077e-07, 2.38917067463e-07, 4.57760535255e-07, 7.79861920819e-07, 1.08704580271e-06, 5.33234640443e-07, 2.97108020966e-14]
    },
    "erbbands": {
        "dmean": [0.386719226837, 2.84018921852, 9.31681156158, 12.6956090927, 9.71112251282, 9.93224811554, 7.17204332352, 4.5700097084, 8.07545280457, 4.5879483223, 6.83860349655, 7.61008834839, 8.35649871826, 15.4731140137, 18.525308609, 13.9961977005, 21.2408561707, 21.9590988159, 13.138666153, 24.0825958252, 14.8662853241, 13.9148712158, 11.5772800446, 9.34952354431, 13.3534440994, 12.4524354935, 12.5115852356, 12.6210165024, 9.88625431061, 9.71301269531, 10.4063892365, 8.09271144867, 6.47761154175, 4.23964881897, 2.85416007042, 1.18704724312, 0.488261252642, 0.0476546548307, 0.000832516350783, 4.72422070743e-05],
        "dmean2": [0.536385893822, 4.3782081604, 15.8992967606, 22.6533184052, 16.8202762604, 17.7347240448, 12.2754383087, 7.47550106049, 12.1727266312, 7.36937379837, 10.3436336517, 12.0186843872, 13.6759901047, 24.0170764923, 28.2266693115, 21.8890724182, 32.7393875122, 34.6036987305, 21.4292736053, 38.7305679321, 23.987947464, 22.8066539764, 19.4494590759, 15.4988365173, 22.5411510468, 20.8078460693, 20.9656200409, 21.6452846527, 16.3993473053, 15.8840074539, 17.2016448975, 13.0346603394, 10.3579559326, 6.50416135788, 4.39310884476, 1.88232684135, 0.803527712822, 0.0792964920402, 0.00136206625029, 7.07160725142e-05],
        "dvar": [0.37615403533, 27.6505393982, 513.116577148, 874.828918457, 348.047180176, 390.337036133, 137.707397461, 74.2444839478, 786.772338867, 206.519683838, 413.485534668, 463.008178711, 526.436218262, 1481.6895752, 2291.10888672, 1129.06896973, 2038.40881348, 2785.69091797, 474.120605469, 1529.1295166, 676.498352051, 746.815246582, 387.564666748, 196.850738525, 413.045562744, 288.144866943, 279.387512207, 336.574127197, 201.643218994, 193.197525024, 275.091125488, 209.750320435, 181.114715576, 74.6395645142, 50.0739479065, 7.57022237778, 1.57272434235, 0.0144947981462, 4.14401392845e-06, 8.21395662598e-09],
        "dvar2": [0.670695304871, 47.3144683838, 1344.51586914, 2469.55297852, 994.918457031, 1129.0291748, 384.234924316, 185.447982788, 1808.95300293, 534.242492676, 995.991882324, 1194.7598877, 1414.09179688, 3582.90307617, 5469.13134766, 2596.90307617, 4532.15771484, 6542.390625, 1123.61499023, 3558.11083984, 1554.31872559, 1771.26818848, 979.487792969, 467.313659668, 1056.19250488, 753.516784668, 736.327392578, 924.304321289, 519.264160156, 490.938568115, 710.329650879, 479.452789307, 415.485778809, 137.697021484, 115.419639587, 17.6391143799, 3.79258823395, 0.033455979079, 9.56115127337e-06, 1.82983015407e-08],
        "max": [5.23752975464, 37.6582717896, 146.123046875, 180.190673828, 145.504302979, 155.579559326, 101.063339233, 129.610168457, 501.873413086, 210.686126709, 360.418457031, 370.48248291, 460.045349121, 676.590393066, 592.280517578, 659.746887207, 750.230651855, 1410.27856445, 259.437225342, 567.343200684, 493.367034912, 396.380706787, 174.432632446, 192.515029907, 270.556152344, 182.031143188, 172.876937866, 141.225463867, 149.727478027, 135.712173462, 207.911651611, 259.143737793, 228.665283203, 162.678665161, 122.042678833, 48.6501731873, 18.7270355225, 2.14835834503, 0.0340107344091, 0.0012812265195],
        "mean": [0.619846701622, 4.16311454773, 10.5485496521, 14.9700050354, 14.7059211731, 13.2795038223, 10.1680326462, 6.9332985878, 12.1101465225, 6.66246891022, 11.6470632553, 13.1432666779, 13.4495801926, 25.385887146, 30.7491455078, 22.7611999512, 34.1990737915, 38.0909233093, 20.6675701141, 37.2805175781, 22.0856895447, 20.7181529999, 16.2882213593, 15.7995681763, 22.5303440094, 24.1162586212, 21.1627540588, 19.5480861664, 17.6226406097, 16.3225097656, 17.6582374573, 14.1892337799, 11.442943573, 7.89212417603, 4.7275891304, 1.80167543888, 0.570610702038, 0.0469819530845, 0.000936936878134, 0.000113865826279],
        "median": [0.150695055723, 1.58794403076, 4.77238607407, 8.47576236725, 10.3210144043, 8.3070306778, 6.04607486725, 3.82856345177, 3.87741494179, 3.01138734818, 3.1894698143, 3.23694753647, 4.56068181992, 6.75139856339, 5.65019273758, 7.11928462982, 10.3592319489, 12.3464069366, 11.2188625336, 15.244509697, 13.2168693542, 10.9699401855, 9.11227226257, 10.8715200424, 15.569601059, 18.1640663147, 15.0355377197, 12.7244787216, 11.7291326523, 10.4314994812, 11.7319545746, 9.4257183075, 7.22124385834, 5.00221061707, 2.9501285553, 0.921373665333, 0.181964099407, 0.0120547600091, 0.000321113388054, 7.69936668803e-05],
        "min": [1.52573647938e-06, 3.02811695292e-05, 0.0012775498908, 0.0067479480058, 0.00476893270388, 0.0148406466469, 0.0337129719555, 0.0173647906631, 0.0296747684479, 0.0595480501652, 0.0871721953154, 0.0714820995927, 0.057934217155, 0.0830246508121, 0.118813045323, 0.110296823084, 0.193660780787, 0.245872870088, 0.348228186369, 0.274497210979, 0.125611677766, 0.408073693514, 0.225748538971, 0.164083883166, 0.0933957546949, 0.120771318674, 0.0552060939372, 0.0320561863482, 0.0517022609711, 0.0321870148182, 0.0671477541327, 0.0465725250542, 0.0728026553988, 0.010756528005, 0.000628614448942, 4.08691339544e-05, 8.30788576422e-06, 1.5734609633e-06, 2.15851491703e-06, 2.42690498453e-06],
        "var": [0.877598404884, 44.5068817139, 389.383544922, 581.263122559, 270.978912354, 281.195465088, 144.714080811, 104.002960205, 1122.0189209, 218.039108276, 815.798339844, 834.077636719, 819.938232422, 2894.01245117, 5125.07666016, 2547.89892578, 5292.81054688, 6547.22900391, 847.902160645, 3352.14819336, 908.680908203, 1059.87268066, 428.013885498, 297.585296631, 551.324401855, 467.739837646, 391.294891357, 395.437469482, 312.00793457, 304.522216797, 393.694915771, 337.984924316, 245.416015625, 135.934646606, 66.510055542, 12.4812269211, 2.18618535995, 0.0184671450406, 5.54617463422e-06, 1.40293421325e-08]
    },
    "gfcc": {
        "mean": [56.8606872559, 46.5396499634, -85.7410964966, 56.1496696472, -52.7712211609, 37.7245979309, -44.3455848694, 13.6473531723, -34.3073158264, 7.83985519409, -21.4173336029, 0.0179836452007, -10.7797117233],
        "cov": [[1259.34460449, -301.566864014, -172.755020142, 8.67281341553, 27.0376987457, -80.50025177, -102.746612549, -76.4834823608, -138.999160767, -22.9463710785, -103.505989075, 54.7459373474, -70.5844497681], [-301.566864014, 866.256896973, -62.600402832, -53.1970825195, 91.7681274414, 40.1696090698, 32.1474189758, 9.57399082184, 35.8730163574, -28.1436309814, 74.0210342407, -101.365966797, 71.2032852173], [-172.755020142, -62.600402832, 626.725891113, 150.231369019, 57.6527023315, 16.1554660797, 46.3621063232, 89.9395294189, 71.5725708008, 34.5979881287, -24.6459903717, 47.3370170593, -26.0888252258], [8.67281341553, -53.1970825195, 150.231369019, 405.545318604, 41.0528869629, 37.0513076782, 32.2593345642, 35.2135810852, 72.3350219727, 19.785200119, 44.1846008301, 18.9396133423, 56.0408592224], [27.0376987457, 91.7681274414, 57.6527023315, 41.0528869629, 229.420303345, 106.955749512, 57.594909668, 13.0428390503, 14.1185626984, 44.9376983643, 40.2422943115, 17.0431308746, 14.2060756683], [-80.50025177, 40.1696090698, 16.1554660797, 37.0513076782, 106.955749512, 201.969772339, 112.425613403, 32.0745811462, 40.3494949341, 40.6164970398, 72.4176635742, 9.8912229538, 42.4905433655], [-102.746612549, 32.1474189758, 46.3621063232, 32.2593345642, 57.594909668, 112.425613403, 176.246887207, 75.1772842407, 60.8388824463, 29.5356998444, 42.5867042542, 24.0817718506, 21.2652873993], [-76.4834823608, 9.57399082184, 89.9395294189, 35.2135810852, 13.0428390503, 32.0745811462, 75.1772842407, 148.512313843, 97.8565444946, 33.6796379089, 15.1044063568, 21.3281135559, 26.0959968567], [-138.999160767, 35.8730163574, 71.5725708008, 72.3350219727, 14.1185626984, 40.3494949341, 60.8388824463, 97.8565444946, 175.776794434, 56.5000419617, 47.8748588562, 19.2633190155, 27.295124054], [-22.9463710785, -28.1436309814, 34.5979881287, 19.785200119, 44.9376983643, 40.6164970398, 29.5356998444, 33.6796379089, 56.5000419617, 98.6904373169, 53.7099151611, 27.9598617554, 12.8296937943], [-103.505989075, 74.0210342407, -24.6459903717, 44.1846008301, 40.2422943115, 72.4176635742, 42.5867042542, 15.1044063568, 47.8748588562, 53.7099151611, 119.188301086, 29.5542755127, 41.29322052], [54.7459373474, -101.365966797, 47.3370170593, 18.9396133423, 17.0431308746, 9.8912229538, 24.0817718506, 21.3281135559, 19.2633190155, 27.9598617554, 29.5542755127, 94.4230422974, 26.569568634], [-70.5844497681, 71.2032852173, -26.0888252258, 56.0408592224, 14.2060756683, 42.4905433655, 21.2652873993, 26.0959968567, 27.295124054, 12.8296937943, 41.29322052, 26.569568634, 106.151702881]],
        "icov": [[0.00127483380493, -1.0916903193e-05, 0.000740248826332, -0.00063016981585, -0.000364261039067, -0.000366111897165, 0.000727796403226, -0.000429158913903, 0.000831229961477, -0.000583691056818, 0.00159985711798, -0.00181938312016, 0.00121447711717], [-1.0916903193e-05, 0.00229708850384, -0.000424465455581, 0.00101300771348, -0.00159315997735, 0.00176049233414, -0.000823148118798, 0.000254609709373, -0.000747470243368, 0.00195946684107, -0.0028587882407, 0.00390412681736, -0.00248611602001], [0.000740248826332, -0.000424465455581, 0.00275099370629, -0.0014496545773, -0.000286332535325, -0.000860178784933, 0.000783860043157, -0.00142556068022, 0.000441115291324, -0.00109066523146, 0.00273013743572, -0.00303751975298, 0.00251107639633], [-0.00063016981585, 0.00101300771348, -0.0014496545773, 0.00399099430069, -0.000904070620891, 0.00137215154245, -0.00088560290169, 0.00104236451443, -0.00186929025222, 0.00185530527961, -0.00296657113358, 0.00311705702916, -0.00343863898888], [-0.000364261039067, -0.00159315997735, -0.000286332535325, -0.000904070620891, 0.00753287132829, -0.00440410571173, 0.000383173348382, 0.000191361468751, 0.00123016850557, -0.00330660352483, 0.00192098564003, -0.0026080510579, 0.00185316242278], [-0.000366111897165, 0.00176049233414, -0.000860178784933, 0.00137215154245, -0.00440410571173, 0.013117919676, -0.00690092006698, 0.00173092260957, -0.000649394060019, 0.0012917930726, -0.00643376400694, 0.00625126622617, -0.00511574884877], [0.000727796403226, -0.000823148118798, 0.000783860043157, -0.00088560290169, 0.000383173348382, -0.00690092006698, 0.0122636184096, -0.00498852739111, 0.00027829661849, 0.000342000304954, 0.00155987055041, -0.00452455598861, 0.00358970300294], [-0.000429158913903, 0.000254609709373, -0.00142556068022, 0.00104236451443, 0.000191361468751, 0.00173092260957, -0.00498852739111, 0.0140244858339, -0.00645709922537, -0.000849061936606, 0.00167564465664, 0.000990621862002, -0.00366048421711], [0.000831229961477, -0.000747470243368, 0.000441115291324, -0.00186929025222, 0.00123016850557, -0.000649394060019, 0.00027829661849, -0.00645709922537, 0.012078483589, -0.00449516391382, -0.000409958243836, -0.00138583406806, 0.0017201800365], [-0.000583691056818, 0.00195946684107, -0.00109066523146, 0.00185530527961, -0.00330660352483, 0.0012917930726, 0.000342000304954, -0.000849061936606, -0.00449516391382, 0.0189385153353, -0.00914721656591, 0.00159651611466, -0.000858750601765], [0.00159985711798, -0.0028587882407, 0.00273013743572, -0.00296657113358, 0.00192098564003, -0.00643376400694, 0.00155987055041, 0.00167564465664, -0.000409958243836, -0.00914721656591, 0.0217244066298, -0.00979646574706, 0.0020245006308], [-0.00181938312016, 0.00390412681736, -0.00303751975298, 0.00311705702916, -0.0026080510579, 0.00625126622617, -0.00452455598861, 0.000990621862002, -0.00138583406806, 0.00159651611466, -0.00979646574706, 0.0230301450938, -0.00950120575726], [0.00121447711717, -0.00248611602001, 0.00251107639633, -0.00343863898888, 0.00185316242278, -0.00511574884877, 0.00358970300294, -0.00366048421711, 0.0017201800365, -0.000858750601765, 0.0020245006308, -0.00950120575726, 0.0175607223064]]
    },
    "melbands": {
        "dmean": [0.00337915704586, 0.00408150441945, 0.002031884389, 0.000701786833815, 0.000286316731945, 0.000108232452476, 0.000112343361252, 4.57582900708e-05, 6.57066048007e-05, 4.4137777877e-05, 4.43182434537e-05, 6.22329098405e-05, 7.74340951466e-05, 3.40049191436e-05, 4.58632348455e-05, 5.98961050855e-05, 3.77790129278e-05, 2.19619723794e-05, 2.98263184959e-05, 3.01496966131e-05, 1.71010542545e-05, 1.64606444741e-05, 1.18928746815e-05, 9.23231345951e-06, 7.68421250541e-06, 1.04736436697e-05, 1.09376815089e-05, 8.66418940859e-06, 8.0505033111e-06, 7.6259184425e-06, 7.61763249102e-06, 6.04032993579e-06, 5.2583213801e-06, 6.06653338764e-06, 6.75547880746e-06, 5.29203362021e-06, 5.17138369105e-06, 5.07993763676e-06, 4.11806240663e-06, 3.83043015972e-06],
        "dmean2": [0.00484318425879, 0.0062659275718, 0.00358063890599, 0.00122663180809, 0.000496660883073, 0.000174598681042, 0.000169701757841, 7.36932852305e-05, 9.74611539277e-05, 7.08330408088e-05, 7.25374047761e-05, 9.66668740148e-05, 0.000117736024549, 5.55215810891e-05, 7.07540966687e-05, 9.21157261473e-05, 6.06104040344e-05, 3.66078966181e-05, 4.75343986182e-05, 5.02647199028e-05, 2.79528176179e-05, 2.71188637271e-05, 2.0078399757e-05, 1.57770482474e-05, 1.27259736473e-05, 1.77987003553e-05, 1.8636810637e-05, 1.46633010445e-05, 1.34834599521e-05, 1.30663520395e-05, 1.30902562887e-05, 1.02121402961e-05, 8.63401510287e-06, 1.01252953755e-05, 1.12425104817e-05, 8.85606095835e-06, 8.33970170788e-06, 8.17884756543e-06, 6.65099150865e-06, 5.93721188125e-06],
        "dvar": [2.96853595501e-05, 7.11140892236e-05, 2.09114205063e-05, 1.78379684712e-06, 2.62050008359e-07, 4.09740401608e-08, 1.47861669575e-07, 2.04428562967e-08, 3.64730645686e-08, 1.41214666627e-08, 1.49002881145e-08, 2.26986571761e-08, 4.70812295816e-08, 7.89817455882e-09, 1.20729026776e-08, 2.01283825163e-08, 7.90801468753e-09, 1.60883595335e-09, 2.40695952058e-09, 2.44873255006e-09, 9.98785498751e-10, 1.2187783005e-09, 4.09597356033e-10, 2.29583504985e-10, 1.37660480237e-10, 3.06105918391e-10, 2.43280645629e-10, 1.51005374871e-10, 1.06508801778e-10, 1.18849152742e-10, 1.28943897226e-10, 8.24253582055e-11, 5.21281316723e-11, 7.69372135445e-11, 1.10778934637e-10, 8.17546655374e-11, 9.2437384136e-11, 8.98930929694e-11, 9.53823547922e-11, 5.30977969926e-11],
        "dvar2": [5.07641925651e-05, 0.000165452482179, 5.83235487284e-05, 5.15054898642e-06, 7.44019189369e-07, 1.01916960205e-07, 3.48200188682e-07, 5.32511172935e-08, 8.4283200863e-08, 3.63900696243e-08, 4.02962960777e-08, 5.34038377964e-08, 1.1427222546e-07, 2.03559746836e-08, 2.47948008791e-08, 4.21075796453e-08, 1.89692492825e-08, 3.96797972257e-09, 5.18683718198e-09, 6.01584249083e-09, 2.31514296622e-09, 2.88061263731e-09, 1.02111963329e-09, 5.97769556077e-10, 3.29622773521e-10, 8.15320144731e-10, 6.18902706861e-10, 4.06332356651e-10, 2.77855460862e-10, 3.24797994056e-10, 3.51516732389e-10, 2.11396442018e-10, 1.31513980262e-10, 1.97379196321e-10, 2.97068508681e-10, 1.94097071748e-10, 2.10877773577e-10, 2.12652881415e-10, 2.17340992426e-10, 9.79025957526e-11],
        "max": [0.0437903627753, 0.0586924739182, 0.0278358403593, 0.011651577428, 0.00435260962695, 0.00332240527496, 0.00648496346548, 0.00209910888225, 0.00405111955479, 0.00199825363234, 0.00233782012947, 0.00266119022854, 0.00274796015583, 0.00134376366623, 0.00213285768405, 0.00336308171973, 0.00229947455227, 0.00055594247533, 0.000717861228622, 0.000520535104442, 0.00059254525695, 0.000476003187941, 0.00020598329138, 0.000164122960996, 0.000160504831001, 0.000218320696149, 0.000181905255886, 0.000139734678669, 9.21283790376e-05, 0.000115810478746, 9.7337331681e-05, 0.000100120079878, 9.16648787097e-05, 7.45124052628e-05, 0.000103564030724, 0.000157986505656, 0.000175306675374, 0.000132214729092, 0.00020055549976, 0.000151376647409],
        "mean": [0.00544124376029, 0.00559908803552, 0.0025933093857, 0.00105247856118, 0.000396580027882, 0.000166029611137, 0.000167813064763, 6.5442189225e-05, 0.000113044079626, 7.45537909097e-05, 6.8457222369e-05, 0.000100688805105, 0.000130177562824, 4.96866596222e-05, 7.06756691216e-05, 9.50143585214e-05, 6.30410359008e-05, 3.0510547731e-05, 4.50820152764e-05, 4.29020801676e-05, 2.27229702432e-05, 2.30795267271e-05, 1.57182475959e-05, 1.29385744003e-05, 1.23210184029e-05, 1.51845770233e-05, 1.85171247722e-05, 1.53207165567e-05, 1.33958210426e-05, 1.19913001981e-05, 1.08960575744e-05, 1.01429759525e-05, 8.86502766662e-06, 9.36609103519e-06, 1.04911650851e-05, 9.24772848521e-06, 8.4610283011e-06, 8.15116891317e-06, 7.1315880632e-06, 6.62202455715e-06],
        "median": [0.00168916455004, 0.00276368879713, 0.00164976296946, 0.000719437317457, 0.000251581601333, 8.99507431313e-05, 5.60869848414e-05, 2.45255178015e-05, 2.49689037446e-05, 1.78609425348e-05, 1.86411998584e-05, 2.7723466701e-05, 1.73538301169e-05, 1.18481457321e-05, 2.03797208087e-05, 2.09266581805e-05, 2.11975821003e-05, 1.37091901706e-05, 1.90486680367e-05, 1.66778354469e-05, 1.23507525132e-05, 1.16062310553e-05, 8.45994054544e-06, 7.72875046096e-06, 8.27694293548e-06, 9.69949087448e-06, 1.32964114528e-05, 1.14523227239e-05, 9.65469189396e-06, 8.04881437944e-06, 6.67500353302e-06, 6.6539432737e-06, 5.38999120181e-06, 6.02654699833e-06, 6.78411743138e-06, 6.26080372967e-06, 5.43551323062e-06, 5.08914763486e-06, 4.47045704277e-06, 4.12638792113e-06],
        "min": [2.16098428041e-08, 4.52956669506e-07, 7.91403806488e-07, 8.68865981829e-07, 1.33817809456e-06, 4.47201387033e-07, 4.38694797822e-07, 5.27350607626e-07, 6.35372487068e-07, 4.37191999936e-07, 2.31670142625e-07, 3.45099266497e-07, 3.51532037257e-07, 3.85175269457e-07, 2.89440862389e-07, 2.6216690685e-07, 4.4238316832e-07, 4.6837359946e-07, 2.44265663696e-07, 1.29155097284e-07, 1.28036859337e-07, 3.54240512479e-07, 2.06190591712e-07, 8.69124505698e-08, 9.97731604002e-08, 1.10833717315e-07, 1.0409840101e-08, 5.97634297606e-08, 3.44610100456e-08, 2.1908967085e-08, 1.3226388873e-08, 3.28588072307e-08, 1.83315602698e-08, 1.73840390971e-08, 3.22411644049e-08, 2.14128412779e-08, 2.67128577036e-08, 3.31769456352e-08, 3.84879378368e-10, 3.55178830791e-10],
