{
"highlevel": {
    "danceability": {
        "all": {
            "danceable": 0.0249663591385,
            "not_danceable": 0.975033640862
        },
        "probability": 0.975033640862,
        "value": "not_danceable"
    },
    "gender": {
        "all": {
            "female": 0.622096002102,
            "male": 0.377903997898
        },
        "probability": 0.622096002102,
        "value": "female"
    },
    "genre_dortmund": {
        "all": {
            "alternative": 0.0937540978193,
            "blues": 0.0259502138942,
            "electronic": 0.00233842525631,
            "folkcountry": 0.0236274097115,
            "funksoulrnb": 0.00307926605456,
            "jazz": 0.00148548162542,
            "pop": 0.01611992158,
            "raphiphop": 0.000407341489336,
            "rock": 0.833237826824
        },
        "probability": 0.833237826824,
        "value": "rock"
    },
    "genre_electronic": {
        "all": {
            "ambient": 0.309389621019,
            "dnb": 0.471059054136,
            "house": 0.0339245200157,
            "techno": 0.00573472725227,
            "trance": 0.179892063141
        },
        "probability": 0.471059054136,
        "value": "dnb"
    },
    "genre_rosamerica": {
        "all": {
            "cla": 0.00292167626321,
            "dan": 0.000243113085162,
            "hip": 0.000771317456383,
            "jaz": 0.000265405833488,
            "pop": 0.0017146258615,
            "rhy": 0.000367298023775,
            "roc": 0.993622481823,
            "spe": 9.40958634601e-05
        },
        "probability": 0.993622481823,
        "value": "roc"
    },
    "genre_tzanetakis": {
        "all": {
            "blu": 0.0622663982213,
            "cla": 0.0345780998468,
            "cou": 0.103735685349,
            "dis": 0.0518908686936,
            "hip": 0.155698984861,
            "jaz": 0.311586618423,
            "met": 0.0519040971994,
            "pop": 0.0622744634748,
            "reg": 0.0622723288834,
            "roc": 0.103792458773
        },
        "probability": 0.311586618423,
        "value": "jaz"
    },
    "ismir04_rhythm": {
        "all": {
            "ChaChaCha": 0.0286071039736,
            "Jive": 0.509931921959,
            "Quickstep": 0.0597519613802,
            "Rumba-American": 0.00605442561209,
            "Rumba-International": 0.0134092168882,
            "Rumba-Misc": 0.0057561728172,
            "Samba": 0.119262941182,
            "Tango": 0.0228725727648,
            "VienneseWaltz": 0.213991269469,
            "Waltz": 0.0203623902053
        },
        "probability": 0.509931921959,
        "value": "Jive"
    },
    "mood_acoustic": {
        "all": {
            "acoustic": 1.73313297047e-09,
            "not_acoustic": 1
        },
        "probability": 1,
        "value": "not_acoustic"
    },
    "mood_aggressive": {
        "all": {
            "aggressive": 0.999982774258,
            "not_aggressive": 1.72155996552e-05
        },
        "probability": 0.999982774258,
        "value": "aggressive"
    },
    "mood_electronic": {
        "all": {
            "electronic": 0.0285311099142,
            "not_electronic": 0.971468865871
        },
        "probability": 0.971468865871,
        "value": "not_electronic"
    },
    "mood_happy": {
        "all": {
            "happy": 0.571584284306,
            "not_happy": 0.428415685892
        },
        "probability": 0.571584284306,
        "value": "happy"
    },
    "mood_party": {
        "all": {
            "not_party": 0.715357065201,
            "party": 0.284642934799
        },
        "probability": 0.715357065201,
        "value": "not_party"
    },
    "mood_relaxed": {
        "all": {
            "not_relaxed": 0.662394702435,
            "relaxed": 0.337605297565
        },
        "probability": 0.662394702435,
        "value": "not_relaxed"
    },
    "mood_sad": {
        "all": {
            "not_sad": 0.929492890835,
            "sad": 0.0705070793629
        },
        "probability": 0.929492890835,
        "value": "not_sad"
    },
    "moods_mirex": {
        "all": {
            "Cluster1": 0.285950422287,
            "Cluster2": 0.0406551845372,
            "Cluster3": 0.464396774769,
            "Cluster4": 0.0351203195751,
            "Cluster5": 0.173877283931
        },
        "probability": 0.464396774769,
        "value": "Cluster3"
    },
    "timbre": {
        "all": {
            "bright": 0.988998651505,
            "dark": 0.0110013699159
        },
        "probability": 0.988998651505,
        "value": "bright"
    },
    "tonal_atonal": {
        "all": {
            "atonal": 0.0510247461498,
            "tonal": 0.948975265026
        },
        "probability": 0.948975265026,
        "value": "tonal"
    },
    "voice_instrumental": {
        "all": {
            "instrumental": 0.00248515768908,
            "voice": 0.997514843941
        },
        "probability": 0.997514843941,
        "value": "voice"
    }
},
"lowlevel": {
    "average_loudness": 0.980702877045,
    "barkbands_crest": {
        "dmean": 2.29140591621,
        "dmean2": 3.86923289299,
        "dvar": 7.4679942131,
        "dvar2": 19.959980011,
        "max": 19.7524337769,
        "mean": 6.66787290573,
        "median": 5.82305717468,
        "min": 2.46540594101,
        "var": 8.5347738266
    },
    "barkbands_flatness_db": {
        "dmean": 0.0161060616374,
        "dmean2": 0.0263166800141,
        "dvar": 0.000210096957744,
        "dvar2": 0.000570872391108,
        "max": 0.231365010142,
        "mean": 0.111320346594,
        "median": 0.109831638634,
        "min": 0.0553273893893,
        "var": 0.000424117373768
    },
    "barkbands_kurtosis": {
        "dmean": 0.535438716412,
        "dmean2": 0.940351963043,
        "dvar": 0.828021645546,
        "dvar2": 2.21421265602,
        "max": 4.53959512711,
        "mean": -0.8966832757,
        "median": -1.10570585728,
        "min": -1.71716213226,
        "var": 0.685533940792
    },
    "barkbands_skewness": {
        "dmean": 0.388647228479,
        "dmean2": 0.607820153236,
        "dvar": 0.173985883594,
        "dvar2": 0.411296963692,
        "max": 2.40016651154,
        "mean": 0.192095026374,
        "median": 0.0990573763847,
        "min": -1.10721385479,
        "var": 0.296157449484
    },
    "barkbands_spread": {
        "dmean": 4.90945053101,
        "dmean2": 8.24897384644,
        "dvar": 23.7285270691,
        "dvar2": 71.6228637695,
        "max": 65.8868484497,
        "mean": 37.411190033,
        "median": 37.069858551,
        "min": 16.4262313843,
        "var": 56.7714195251
    },
    "dissonance": {
        "dmean": 0.00770320976153,
        "dmean2": 0.0131705375388,
        "dvar": 5.45419279661e-05,
        "dvar2": 0.000152384018293,
        "max": 0.500000059605,
        "mean": 0.484789252281,
        "median": 0.487161099911,
        "min": 0.427402496338,
        "var": 0.000108945270767
    },
    "dynamic_complexity": 0.678543627262,
    "erbbands_crest": {
        "dmean": 1.9043161869,
        "dmean2": 3.12202334404,
        "dvar": 2.68834495544,
        "dvar2": 6.95978689194,
        "max": 22.5727348328,
        "mean": 8.36842918396,
        "median": 7.95636987686,
        "min": 3.61615800858,
        "var": 5.93089580536
    },
    "erbbands_flatness_db": {
        "dmean": 0.0155984377488,
        "dmean2": 0.0237453263253,
        "dvar": 0.000220243731746,
        "dvar2": 0.000454834691482,
        "max": 0.235595688224,
        "mean": 0.167709320784,
        "median": 0.171219617128,
        "min": 0.0714345723391,
        "var": 0.000611580791883
    },
    "erbbands_kurtosis": {
        "dmean": 0.769681215286,
        "dmean2": 1.23263478279,
        "dvar": 0.622194647789,
        "dvar2": 1.56165111065,
        "max": 8.64492797852,
        "mean": 0.962392926216,
        "median": 0.412432909012,
        "min": -1.26653707027,
        "var": 2.46233463287
    },
    "erbbands_skewness": {
        "dmean": 0.232947289944,
        "dmean2": 0.376835733652,
        "dvar": 0.0398256219923,
        "dvar2": 0.0973937138915,
        "max": 0.680972158909,
        "mean": -0.587807178497,
        "median": -0.596319615841,
        "min": -2.08009457588,
        "var": 0.271587669849
    },
    "erbbands_spread": {
        "dmean": 6.12826061249,
        "dmean2": 9.8074464798,
        "dvar": 41.2665061951,
        "dvar2": 99.8136291504,
        "max": 77.6671066284,
        "mean": 29.8183479309,
        "median": 28.4684200287,
        "min": 11.4961423874,
        "var": 79.4502334595
    },
    "hfc": {
        "dmean": 7.67271947861,
        "dmean2": 12.5066843033,
        "dvar": 79.7818450928,
        "dvar2": 212.961288452,
        "max": 135.453659058,
        "mean": 45.723903656,
        "median": 43.8222465515,
        "min": 18.3374843597,
        "var": 129.730102539
    },
    "melbands_crest": {
        "dmean": 3.06463217735,
        "dmean2": 4.97655248642,
        "dvar": 9.86260890961,
        "dvar2": 24.5163040161,
        "max": 25.8345031738,
        "mean": 10.4875745773,
        "median": 9.71124267578,
        "min": 3.37079310417,
        "var": 15.5750646591
    },
    "melbands_flatness_db": {
        "dmean": 0.0208961386234,
        "dmean2": 0.0336357168853,
        "dvar": 0.000557997555006,
        "dvar2": 0.00133788492531,
        "max": 0.246792286634,
        "mean": 0.11271392554,
        "median": 0.107461996377,
        "min": 0.0490962639451,
        "var": 0.00101301539689
    },
    "melbands_kurtosis": {
        "dmean": 2.33639192581,
        "dmean2": 3.86697602272,
        "dvar": 16.5649662018,
        "dvar2": 41.8284721375,
        "max": 28.7677516937,
        "mean": 1.55821979046,
        "median": 0.367035627365,
        "min": -1.61316931248,
        "var": 15.2890930176
    },
    "melbands_skewness": {
        "dmean": 0.538768708706,
        "dmean2": 0.846479058266,
        "dvar": 0.42000412941,
        "dvar2": 0.987560451031,
        "max": 5.19361114502,
        "mean": 1.29810869694,
        "median": 1.11031830311,
        "min": -0.0502427816391,
        "var": 0.620769560337
    },
    "melbands_spread": {
        "dmean": 10.8097324371,
        "dmean2": 16.9919033051,
        "dvar": 108.083000183,
        "dvar2": 255.17779541,
        "max": 115.753845215,
        "mean": 55.8592376709,
        "median": 54.8625335693,
        "min": 13.2171630859,
        "var": 273.765930176
    },
    "pitch_salience": {
        "dmean": 0.060526419431,
        "dmean2": 0.100663878024,
        "dvar": 0.00318063050508,
        "dvar2": 0.00858812406659,
        "max": 0.817562639713,
        "mean": 0.588879883289,
        "median": 0.590364515781,
        "min": 0.29787749052,
        "var": 0.00743371294811
    },
    "silence_rate_20dB": {
        "dmean": 0,
        "dmean2": 0,
        "dvar": 0,
        "dvar2": 0,
        "max": 1,
        "mean": 1,
        "median": 1,
        "min": 1,
        "var": 0
    },
    "silence_rate_30dB": {
        "dmean": 0,
        "dmean2": 0,
        "dvar": 0,
        "dvar2": 0,
        "max": 1,
        "mean": 1,
        "median": 1,
        "min": 1,
        "var": 0
    },
    "silence_rate_60dB": {
        "dmean": 0,
        "dmean2": 0,
        "dvar": 0,
        "dvar2": 0,
        "max": 0,
        "mean": 0,
        "median": 0,
        "min": 0,
        "var": 0
    },
    "spectral_centroid": {
        "dmean": 189.860321045,
        "dmean2": 308.157470703,
        "dvar": 37957.5117188,
        "dvar2": 99341.6484375,
        "max": 3109.48535156,
        "mean": 2230.27832031,
        "median": 2229.40600586,
        "min": 1103.14257812,
        "var": 83082.71875
    },
    "spectral_complexity": {
        "dmean": 4.23529434204,
        "dmean2": 6.93106126785,
        "dvar": 10.9229660034,
        "dvar2": 27.2895336151,
        "max": 53,
        "mean": 39.4331016541,
        "median": 40,
        "min": 21,
        "var": 23.7166843414
    },
    "spectral_decrease": {
        "dmean": 1.99365612907e-09,
        "dmean2": 3.26796834038e-09,
        "dvar": 8.15028171302e-18,
        "dvar2": 2.08463592977e-17,
        "max": -2.36590502745e-09,
        "mean": -7.19448012276e-09,
        "median": -6.56740262173e-09,
        "min": -2.62398014428e-08,
        "var": 8.72250292691e-18
    },
    "spectral_energy": {
        "dmean": 0.00787247624248,
        "dmean2": 0.0128629272804,
        "dvar": 0.000118460127851,
        "dvar2": 0.000301236374071,
        "max": 0.103642217815,
        "mean": 0.0313009247184,
        "median": 0.028981955722,
        "min": 0.0105927642435,
        "var": 0.000130219617859
    },
    "spectral_energyband_high": {
        "dmean": 0.000543913745787,
        "dmean2": 0.000890363298822,
        "dvar": 7.30722376829e-07,
        "dvar2": 1.88203284779e-06,
        "max": 0.0112710287794,
        "mean": 0.00199166848324,
        "median": 0.00165246706456,
        "min": 0.000439599069068,
        "var": 1.37385302423e-06
    },
    "spectral_energyband_low": {
        "dmean": 0.00482575362548,
        "dmean2": 0.00780841568485,
        "dvar": 9.58863311098e-05,
        "dvar2": 0.00023841849179,
        "max": 0.0762300565839,
        "mean": 0.00675841234624,
        "median": 0.00395050225779,
        "min": 0.000211120175663,
        "var": 9.27046494326e-05
    },
    "spectral_energyband_middle_high": {
        "dmean": 0.00246392632835,
        "dmean2": 0.00393444020301,
        "dvar": 3.92540823668e-06,
        "dvar2": 9.91602519207e-06,
        "max": 0.0297096371651,
        "mean": 0.0141703756526,
        "median": 0.0133839817718,
        "min": 0.00506836967543,
        "var": 1.89842285181e-05
    },
    "spectral_energyband_middle_low": {
        "dmean": 0.00410342402756,
        "dmean2": 0.00687699113041,
        "dvar": 5.39478423889e-05,
        "dvar2": 0.000144631354488,
        "max": 0.067321151495,
        "mean": 0.00976702384651,
        "median": 0.00788966566324,
        "min": 0.0013461826602,
        "var": 5.63135909033e-05
    },
    "spectral_entropy": {
        "dmean": 0.084191173315,
        "dmean2": 0.139129862189,
        "dvar": 0.00723700830713,
        "dvar2": 0.0199692435563,
        "max": 8.41254997253,
        "mean": 7.84404373169,
        "median": 7.83907604218,
        "min": 7.4217581749,
        "var": 0.0150769520551
    },
    "spectral_flux": {
        "dmean": 0.019742500037,
        "dmean2": 0.0308322515339,
        "dvar": 0.000561361608561,
        "dvar2": 0.00107449188363,
        "max": 0.239373475313,
        "mean": 0.103035636246,
        "median": 0.0934255346656,
        "min": 0.0616045109928,
        "var": 0.000982016557828
    },
    "spectral_kurtosis": {
        "dmean": 1.155341506,
        "dmean2": 2.00414085388,
        "dvar": 0.914237558842,
        "dvar2": 2.64660000801,
        "max": 10.4942502975,
        "mean": 3.2536547184,
        "median": 3.07589149475,
        "min": 0.540832042694,
        "var": 1.55632936954
    },
    "spectral_rms": {
        "dmean": 0.00064028671477,
        "dmean2": 0.00102550256997,
        "dvar": 5.87300007737e-07,
        "dvar2": 1.44535579238e-06,
        "max": 0.0100555634126,
        "mean": 0.00545368390158,
        "median": 0.00531743140891,
        "min": 0.00321471691132,
        "var": 7.94836978457e-07
    },
    "spectral_rolloff": {
        "dmean": 440.397064209,
        "dmean2": 741.970336914,
        "dvar": 411846.875,
        "dvar2": 1164306.875,
        "max": 8720.94726562,
        "mean": 2823.37890625,
        "median": 2734.71679688,
        "min": 258.3984375,
        "var": 525785.125
    },
    "spectral_skewness": {
        "dmean": 0.176688268781,
        "dmean2": 0.288759678602,
        "dvar": 0.020057938993,
        "dvar2": 0.0505014099181,
        "max": 2.67390346527,
        "mean": 1.14465415478,
        "median": 1.12455844879,
        "min": 0.476748436689,
        "var": 0.047352284193
    },
    "spectral_spread": {
        "dmean": 476656.09375,
        "dmean2": 769629.1875,
        "dvar": 461030785024,
        "dvar2": 1.12652189696e+12,
        "max": 8962678,
        "mean": 3636001.5,
        "median": 3444723.5,
        "min": 2402173.5,
        "var": 688169549824
    },
    "spectral_strongpeak": {
        "dmean": 0.840083658695,
        "dmean2": 1.47055160999,
        "dvar": 1.4566552639,
        "dvar2": 3.60704183578,
        "max": 9.82308483124,
        "mean": 1.5127748251,
        "median": 0.992892384529,
        "min": 0.043847233057,
        "var": 2.05437326431
    },
    "zerocrossingrate": {
        "dmean": 0.00923577137291,
        "dmean2": 0.0120436400175,
        "dvar": 7.63500866015e-05,
        "dvar2": 0.000133739376906,
        "max": 0.17626953125,
        "mean": 0.0984953567386,
        "median": 0.0966796875,
        "min": 0.0380859375,
        "var": 0.00039802613901
    },
    "barkbands": {
        "dmean": [6.03908592893e-05, 0.00319195375778, 0.00195239356253, 0.00099161954131, 0.00227090367116, 0.000985306454822, 0.000873181212228, 0.000358804449206, 0.000231438301853, 0.000781102804467, 0.000124588725157, 0.00021719992219, 0.000372805865481, 0.000304051674902, 0.000803904375061, 0.00128494354431, 0.0010814673733, 0.000622766383458, 0.000337850826327, 0.000174054410309, 0.000159571063705, 0.000136655653478, 0.000142803197377, 0.000153160828631, 0.000155347355758, 4.49502622359e-05, 2.90853368057e-08],
        "dmean2": [8.88142894837e-05, 0.00532754370943, 0.00342398136854, 0.00173958158121, 0.00397169170901, 0.00155555340461, 0.00141000724398, 0.000594755110797, 0.000358347751899, 0.0011008346919, 0.000201417555218, 0.000352387287421, 0.000588356691878, 0.000494655920193, 0.00135365873575, 0.00219215336256, 0.00181116745807, 0.00105000589974, 0.000568944960833, 0.000295647216262, 0.000267639727099, 0.000217215259909, 0.000235745144892, 0.000266837188974, 0.000266834773356, 7.77600798756e-05, 5.23971976918e-08],
        "dvar": [2.35224550948e-08, 5.82447064517e-05, 1.41626169352e-05, 2.21729078476e-06, 3.33908938046e-05, 1.99403848455e-06, 2.07633434002e-06, 5.20852495356e-07, 2.61543135593e-07, 1.66551956227e-06, 3.38417081025e-08, 1.59401210453e-07, 4.17493907889e-07, 1.35882189056e-07, 7.66771393046e-07, 1.3160221215e-06, 9.09727361886e-07, 2.65099231456e-07, 8.91028051342e-08, 2.40284592223e-08, 1.89222824076e-08, 3.6236968981e-08, 5.28679287015e-08, 5.80365480118e-08, 1.28022222157e-07, 2.08175663374e-08, 2.46744407539e-14],
        "dvar2": [4.5474159549e-08, 0.000148720748257, 3.99499367632e-05, 5.99105123911e-06, 9.28122899495e-05, 4.66267511001e-06, 5.12259248353e-06, 1.33688149617e-06, 6.07753975146e-07, 3.34845822181e-06, 8.50139088016e-08, 4.28696580457e-07, 8.85195049705e-07, 3.39112233405e-07, 1.89309434973e-06, 3.61144248018e-06, 2.45992850978e-06, 7.42423935662e-07, 2.35018433159e-07, 6.46299938012e-08, 5.1943366941e-08, 8.20636287813e-08, 1.17940984978e-07, 1.64440280059e-07, 3.57212456947e-07, 5.57843371496e-08, 6.09564346698e-14],
        "max": [0.00177103362512, 0.0553925819695, 0.040745228529, 0.0132857346907, 0.0569121204317, 0.0174757968634, 0.0161231905222, 0.00894949585199, 0.00862394273281, 0.0174515452236, 0.00256013916805, 0.00880026631057, 0.013622446917, 0.00562896905467, 0.0141603536904, 0.00989535823464, 0.0112283406779, 0.00470176897943, 0.0032625766471, 0.00238752807491, 0.00210439763032, 0.00380263058469, 0.00382193503901, 0.00252546276897, 0.00431839982048, 0.00202151038684, 2.35496531786e-06],
        "mean": [5.8013250964e-05, 0.00339832762256, 0.00262431544252, 0.00117149041034, 0.00285688345321, 0.00203962391242, 0.00152269902173, 0.000519210356288, 0.00049494439736, 0.00283544207923, 0.000210587430047, 0.000411294400692, 0.00088174227858, 0.000590457464568, 0.00148365600035, 0.0028488135431, 0.00256074406207, 0.0015421154676, 0.000956932606641, 0.000541598070413, 0.000510520359967, 0.000386124505894, 0.000339278776664, 0.000304972549202, 0.000175551933353, 3.55870251951e-05, 1.86212183451e-08],
        "median": [6.43753355689e-06, 0.0014249056112, 0.00165765103884, 0.000723402656149, 0.0018784647109, 0.00114342267625, 0.000735094945412, 0.000266144488705, 0.000138632298331, 0.00033094373066, 0.000136824528454, 0.000266542134341, 0.000395244336687, 0.000456407491583, 0.00120907649398, 0.00258098426275, 0.00236050807871, 0.00143066921737, 0.000879637431353, 0.00049992557615, 0.000469890597742, 0.000300228915876, 0.00023524237622, 0.000227307071327, 6.58337958157e-05, 3.01123441204e-06, 5.20239407109e-10],
        "min": [2.75539999706e-08, 7.82648385211e-06, 1.61644165928e-05, 1.81224204425e-05, 0.000108665219159, 4.52162421425e-05, 1.80445658771e-05, 1.30947155412e-05, 9.15370219445e-06, 1.1045305655e-05, 1.11479021143e-05, 2.03760027944e-05, 1.90415976249e-05, 6.47714914521e-05, 9.45979991229e-05, 0.000180826667929, 0.000418757816078, 0.000358990422683, 0.000264989270363, 0.000132170971483, 0.000112478395749, 4.70353661512e-05, 9.15406781132e-06, 1.02513868114e-05, 2.84103074399e-09, 1.64413899162e-11, 1.09154716516e-11],
        "var": [2.72690705572e-08, 4.849297693e-05, 1.22111141536e-05, 2.05550873034e-06, 2.28907319979e-05, 6.08617710895e-06, 4.10108305005e-06, 6.04706031027e-07, 1.20208017051e-06, 1.52443499246e-05, 5.30174197877e-08, 2.72746973451e-07, 1.90670880329e-06, 2.67252147523e-07, 1.19884327887e-06, 1.90333503269e-06, 1.41086036365e-06, 4.15283807342e-07, 1.47916836113e-07, 5.11569595574e-08, 4.16763086264e-08, 1.00670611403e-07, 1.39040864156e-07, 7.38976382308e-08, 1.06376269571e-07, 1.5114709484e-08, 1.66844213141e-14]
    },
    "erbbands": {
        "dmean": [0.0747194588184, 0.793617069721, 2.02342295647, 3.0801281929, 6.96817350388, 7.0673327446, 4.35814619064, 8.85143184662, 12.6431016922, 12.0073719025, 6.10832262039, 4.43982839584, 19.4776916504, 16.3491783142, 5.59900712967, 8.90814495087, 16.2489471436, 16.2087440491, 13.7768583298, 68.5129776001, 66.0847396851, 48.3928833008, 29.5801410675, 26.2249240875, 13.6541757584, 8.32661819458, 8.171210289, 5.25824022293, 4.65082788467, 4.31549263, 4.15311336517, 3.34446382523, 2.81773996353, 1.93938040733, 0.96193164587, 0.282735049725, 0.0765532702208, 0.00600370811298, 0.000120419383165, 1.50016676344e-05],
        "dmean2": [0.118194781244, 1.36881482601, 3.54723882675, 5.3891711235, 12.0951108932, 12.505941391, 7.13265895844, 14.179444313, 20.5431919098, 19.1167507172, 10.069858551, 6.70936393738, 27.8535346985, 23.107793808, 9.07968902588, 14.335767746, 24.9269981384, 25.8474559784, 23.0153751373, 115.594322205, 113.670188904, 82.0178909302, 49.7945365906, 44.3564453125, 23.0721588135, 14.2464103699, 13.8037376404, 8.62274169922, 7.47770261765, 7.07752799988, 6.77817296982, 5.72108602524, 4.91074132919, 3.32458972931, 1.6843791008, 0.500678777695, 0.132797405124, 0.0105256894603, 0.000206030192203, 2.45081973844e-05],
        "dvar": [0.0328381173313, 3.73240375519, 17.6128978729, 23.915687561, 291.829986572, 283.316955566, 42.6794052124, 186.420791626, 451.666931152, 586.053527832, 172.985244751, 75.3173980713, 1307.56176758, 1333.00488281, 63.6506271362, 279.034088135, 640.808166504, 491.459014893, 168.401809692, 4506.51757812, 4244.49707031, 1693.96618652, 578.294006348, 501.075958252, 154.279464722, 57.3161354065, 54.0310401917, 45.3456420898, 32.6218719482, 36.4464836121, 43.8610305786, 27.7377281189, 19.8823261261, 16.3353996277, 6.67627048492, 0.86185079813, 0.0597256533802, 0.000450753839687, 1.50028483858e-07, 7.44644401696e-10],
        "dvar2": [0.0774347409606, 9.90082168579, 49.7151832581, 65.0350112915, 803.511474609, 792.829589844, 86.4869537354, 458.255126953, 1151.65625, 1376.43469238, 446.807281494, 163.053741455, 2622.33447266, 2726.01611328, 157.458145142, 767.036437988, 1361.86193848, 1042.1763916, 426.904663086, 11435.4824219, 11274.3935547, 4758.12158203, 1575.09460449, 1426.01733398, 412.145050049, 147.160446167, 147.898147583, 111.492347717, 77.3059921265, 89.322013855, 93.1851730347, 77.5077896118, 56.7990493774, 45.1371955872, 18.6290664673, 2.37836432457, 0.156209111214, 0.00120315572713, 3.94759439359e-07, 1.86208115593e-09],
        "max": [1.12509644032, 13.7291173935, 46.3043289185, 45.7452507019, 155.242507935, 171.378433228, 123.8487854, 174.574020386, 256.487182617, 349.030181885, 170.801422119, 163.225830078, 601.723693848, 638.12097168, 152.305831909, 353.46762085, 454.897064209, 442.784637451, 164.532318115, 1029.18005371, 614.353088379, 410.52355957, 238.380645752, 219.060287476, 159.671112061, 109.026756287, 94.3405761719, 161.701126099, 77.9854888916, 102.27696991, 116.826690674, 62.903629303, 56.3453178406, 43.3550949097, 32.4651603699, 14.8774328232, 2.89650201797, 0.310981959105, 0.00527575938031, 0.000318570644595],
        "mean": [0.0801908895373, 0.837174892426, 2.67588186264, 4.09503412247, 8.07544994354, 8.87626838684, 8.86251926422, 17.6268692017, 22.8284931183, 20.1687259674, 10.5457115173, 10.7180624008, 67.1845169067, 59.3781242371, 12.9310560226, 19.4580097198, 39.9779777527, 34.870174408, 34.5817108154, 141.743530273, 159.639724731, 130.629043579, 82.9563522339, 71.1684951782, 39.7600402832, 26.9400196075, 24.8272857666, 15.6118993759, 13.1342716217, 10.9219236374, 10.1156644821, 6.65293264389, 5.21106290817, 2.46195220947, 0.843944847584, 0.223230436444, 0.0598522052169, 0.00437453668565, 0.000119688789709, 4.93867773912e-05],
        "median": [0.0270184166729, 0.359862923622, 1.52633368969, 2.66499328613, 4.75783252716, 5.29423618317, 6.01429462433, 9.01811313629, 11.228802681, 9.14127731323, 4.8590426445, 3.75875258446, 14.3925046921, 8.22582244873, 9.81430435181, 12.7126722336, 18.8519191742, 24.8065509796, 30.7541370392, 125.00617218, 144.572036743, 123.184608459, 77.5307769775, 65.2010650635, 37.0954017639, 24.9022808075, 22.7745494843, 13.3780641556, 10.6114187241, 8.4449224472, 7.04121541977, 4.95656442642, 3.70697450638, 1.11994111538, 0.187465548515, 0.0282602198422, 0.00398609554395, 0.000204714218853, 3.57933531632e-05, 4.29304491263e-05],
        "min": [0.00028098441544, 0.0135576492175, 0.0333606190979, 0.172146931291, 0.159514322877, 0.295978218317, 0.430705934763, 0.520365059376, 0.717120051384, 0.395731300116, 0.414751559496, 0.302760481834, 0.466757684946, 0.657181680202, 1.13591527939, 1.55849194527, 1.80168521404, 4.26734924316, 6.7092666626, 24.3368110657, 29.4680767059, 33.4590530396, 20.9666156769, 14.9099779129, 8.94403362274, 7.56497764587, 5.75227212906, 4.22330617905, 2.21328735352, 0.861543297768, 0.364299565554, 0.343594223261, 0.230280578136, 0.0221857856959, 0.000898362661246, 0.000119555748824, 4.03273879783e-05, 1.07172727439e-05, 1.43115339597e-05, 2.01192378881e-05],
        "var": [0.0312915295362, 2.83166766167, 14.2408351898, 23.0781345367, 203.272506714, 204.189727783, 116.06993103, 564.475891113, 969.961608887, 1097.79907227, 344.916381836, 304.292694092, 13318.5107422, 11153.9335938, 122.615898132, 538.350463867, 3370.7578125, 1317.43054199, 294.0234375, 7133.33349609, 5400.63818359, 2581.56274414, 935.291870117, 817.205627441, 253.456497192, 116.007797241, 105.882041931, 99.1420059204, 82.1720809937, 95.7734298706, 122.590934753, 36.1962852478, 25.7817516327, 14.9305830002, 4.75392246246, 0.581589818001, 0.0450001880527, 0.000315597397275, 1.11119575763e-07, 6.97187640952e-10]
    },
    "gfcc": {
        "mean": [54.6760482788, 74.2451629639, -151.523468018, 65.4227752686, -58.2841148376, 17.5389728546, -54.2147865295, 10.4204387665, -16.2399406433, -7.52329301834, -11.0939340591, -3.9826374054, -1.37530100346],
        "cov": [[353.905853271, -228.326385498, 237.673110962, -172.861831665, -17.4819869995, 37.9952545166, -17.9827976227, 71.4574127197, -103.633865356, 59.7180290222, -129.434844971, 68.548538208, -82.8368377686], [-228.326385498, 392.449920654, -221.377487183, 114.747848511, -14.837843895, -35.486869812, 86.4477310181, -79.9094161987, 101.359054565, -103.236564636, 94.0480041504, -97.3144302368, 76.1390075684], [237.673110962, -221.377487183, 370.396636963, -62.9381637573, 106.771247864, 9.59914875031, -59.3110313416, 94.7369842529, -81.6797866821, 134.313522339, -97.9777069092, 84.5160446167, -87.0633239746], [-172.861831665, 114.747848511, -62.9381637573, 206.569244385, 47.1554412842, -2.7351140976, -12.8243627548, -54.9606056213, 76.5282287598, -14.1444206238, 104.413856506, -38.2444839478, 44.3347091675], [-17.4819869995, -14.837843895, 106.771247864, 47.1554412842, 161.46282959, 16.0913772583, 11.2628116608, 20.8474025726, -16.9920063019, 66.2787322998, 4.83680963516, 38.321105957, -28.3086662292], [37.9952545166, -35.486869812, 9.59914875031, -2.7351140976, 16.0913772583, 121.309776306, 57.7798042297, 40.9847183228, -18.2457504272, -34.9589920044, -6.35945129395, 4.87326622009, 27.6616458893], [-17.9827976227, 86.4477310181, -59.3110313416, -12.8243627548, 11.2628116608, 57.7798042297, 131.60559082, 22.2262821198, 16.5163249969, -65.9209594727, -18.861989975, -4.3556599617, 26.4184741974], [71.4574127197, -79.9094161987, 94.7369842529, -54.9606056213, 20.8474025726, 40.9847183228, 22.2262821198, 104.82270813, -19.4804286957, 28.7213554382, -52.3817558289, 20.2991504669, 0.508778572083], [-103.633865356, 101.359054565, -81.6797866821, 76.5282287598, -16.9920063019, -18.2457504272, 16.5163249969, -19.4804286957, 97.0572662354, -14.1048851013, 61.1359863281, -37.5784339905, 31.4932994843], [59.7180290222, -103.236564636, 134.313522339, -14.1444206238, 66.2787322998, -34.9589920044, -65.9209594727, 28.7213554382, -14.1048851013, 142.813644409, 6.88964366913, 50.5849342346, -55.6739120483], [-129.434844971, 94.0480041504, -97.9777069092, 104.413856506, 4.83680963516, -6.35945129395, -18.861989975, -52.3817558289, 61.1359863281, 6.88964366913, 137.544845581, -15.1098060608, 38.3608512878], [68.548538208, -97.3144302368, 84.5160446167, -38.2444839478, 38.321105957, 4.87326622009, -4.3556599617, 20.2991504669, -37.5784339905, 50.5849342346, -15.1098060608, 86.5869140625, -18.8311061859], [-82.8368377686, 76.1390075684, -87.0633239746, 44.3347091675, -28.3086662292, 27.6616458893, 26.4184741974, 0.508778572083, 31.4932994843, -55.6739120483, 38.3608512878, -18.8311061859, 90.2792129517]],
        "icov": [[0.0147709101439, 0.00099611422047, -0.00968257244676, 0.00628862855956, 0.00783408805728, -0.00596969528124, -0.00292520108633, 0.00562510592863, 0.00117403746117, -0.00188487535343, 0.00138652068563, -0.000404565536883, 0.00315170269459], [0.00099611422047, 0.0102375792339, -0.00144615315367, 0.0011335342424, -0.0021598294843, 0.00712360162288, -0.00988470111042, 0.00445930147544, 0.000340685248375, 0.000552956131287, -0.00483616068959, 0.00944471266121, -0.0054167388007], [-0.00968257244676, -0.00144615315367, 0.0158921144903, -0.00682376977056, -0.00714158033952, 0.00134599441662, 0.00699913688004, -0.00911469105631, -9.13914045668e-05, -0.00169512629509, 0.00519168423489, -0.00457937689498, 0.00218906137161], [0.00628862855956, 0.0011335342424, -0.00682376977056, 0.0183457601815, -0.00484974356368, -0.00395603245124, 0.00272440561093, 0.00837109424174, -0.00864984840155, 0.00389090180397, -0.00502186780795, 0.0039251674898, -0.00355929974467], [0.00783408805728, -0.0021598294843, -0.00714158033952, -0.00484974356368, 0.0197979286313, -0.00457247672603, -0.00746204191819, 0.00158131006174, 0.00757464254275, -0.00899321306497, 0.00151057774201, -0.00320507446304, 0.00478922016919], [-0.00596969528124, 0.00712360162288, 0.00134599441662, -0.00395603245124, -0.00457247672603, 0.0240102931857, -0.0125797549263, -0.00626464467496, 0.00758371641859, 0.00514564616606, -0.0102135483176, 0.00821689981967, -0.00673712464049], [-0.00292520108633, -0.00988470111042, 0.00699913688004, 0.00272440561093, -0.00746204191819, -0.0125797549263, 0.0308695565909, -0.00867438316345, -0.0118335671723, 0.0109777534381, 0.00841244589537, -0.0152221275494, 0.00774261029437], [0.00562510592863, 0.00445930147544, -0.00911469105631, 0.00837109424174, 0.00158131006174, -0.00626464467496, -0.00867438316345, 0.0289773400873, -0.00463642599061, -0.0100159347057, 0.00567829189822, 0.00778326485306, -0.0120585523546], [0.00117403746117, 0.000340685248375, -9.13914045668e-05, -0.00864984840155, 0.00757464254275, 0.00758371641859, -0.0118335671723, -0.00463642599061, 0.0285102445632, -0.00724334549159, -0.00703402515501, 0.0075150532648, -0.00136598059908], [-0.00188487535343, 0.000552956131287, -0.00169512629509, 0.00389090180397, -0.00899321306497, 0.00514564616606, 0.0109777534381, -0.0100159347057, -0.00724334549159, 0.0288707464933, -0.00980975758284, -0.00754983955994, 0.00963052920997], [0.00138652068563, -0.00483616068959, 0.00519168423489, -0.00502186780795, 0.00151057774201, -0.0102135483176, 0.00841244589537, 0.00567829189822, -0.00703402515501, -0.00980975758284, 0.0255200024694, -0.00816950481385, -0.00221043126658], [-0.000404565536883, 0.00944471266121, -0.00457937689498, 0.0039251674898, -0.00320507446304, 0.00821689981967, -0.0152221275494, 0.00778326485306, 0.0075150532648, -0.00754983955994, -0.00816950481385, 0.030873099342, -0.0111589254811], [0.00315170269459, -0.0054167388007, 0.00218906137161, -0.00355929974467, 0.00478922016919, -0.00673712464049, 0.00774261029437, -0.0120585523546, -0.00136598059908, 0.00963052920997, -0.00221043126658, -0.0111589254811, 0.0287913549691]]
    },
    "melbands": {
        "dmean": [0.000782033253927, 0.00101707025897, 0.000580259249546, 0.000576187798288, 0.000157391143148, 0.000203491392313, 0.000189153492101, 0.000118244657642, 4.60059236502e-05, 3.06814836222e-05, 0.000100888428278, 7.20642565284e-05, 1.76069625013e-05, 2.4618822863e-05, 2.97686619888e-05, 3.6376681237e-05, 3.23297172145e-05, 2.19658941205e-05, 6.45517720841e-05, 9.93898720481e-05, 9.19921076274e-05, 6.21988729108e-05, 4.1451825382e-05, 3.43410392816e-05, 2.31465019169e-05, 1.23851659737e-05, 8.56332189869e-06, 5.78923118155e-06, 6.01280635237e-06, 4.97405562783e-06, 3.40461701853e-06, 3.02188072965e-06, 2.99523026115e-06, 2.69544284492e-06, 2.77791286862e-06, 2.5314168397e-06, 2.2245578748e-06, 2.21915979637e-06, 1.92368293028e-06, 1.86383954315e-06],
        "dmean2": [0.00129568879493, 0.00176742498297, 0.00101184088271, 0.00101302750409, 0.000261834618868, 0.000323413260048, 0.000306733796606, 0.000190175735042, 7.57881134632e-05, 4.73072650493e-05, 0.000143748518894, 0.000101642530353, 2.8539365303e-05, 4.00241951866e-05, 4.60988194391e-05, 5.72042881686e-05, 5.17959233548e-05, 3.66636122635e-05, 0.000108281921712, 0.000167651436641, 0.000158191207447, 0.00010556037887, 7.00010859873e-05, 5.80201303819e-05, 3.92236506741e-05, 2.0993349608e-05, 1.46571301229e-05, 9.90160788206e-06, 1.01230434666e-05, 8.51862751006e-06, 5.62172681384e-06, 4.98114832226e-06, 4.97795826959e-06, 4.46681769972e-06, 4.50562583865e-06, 4.29256488133e-06, 3.8238772504e-06, 3.85806242775e-06, 3.2288719467e-06, 3.22351456816e-06],
        "dvar": [3.62162018064e-06, 4.92991330248e-06, 7.75839623657e-07, 2.4128764835e-06, 4.24362589513e-08, 9.58157926334e-08, 9.31643313606e-08, 5.65624844739e-08, 1.12563567356e-08, 3.83741838306e-09, 3.31427152389e-08, 2.66858126707e-08, 5.75248348955e-10, 2.08490047449e-09, 1.60525903681e-09, 4.80540762737e-09, 1.83349235794e-09, 4.72973382681e-10, 4.17796064411e-09, 7.51495843332e-09, 8.43382075288e-09, 2.79449063889e-09, 1.24043486593e-09, 9.84963444139e-10, 4.07769595867e-10, 1.23713123079e-10, 5.74860645197e-11, 2.85277079737e-11, 3.55109969208e-11, 2.01618721718e-11, 3.13031926769e-11, 1.42869535646e-11, 1.47846301174e-11, 1.6893772839e-11, 2.33127996074e-11, 1.44624485998e-11, 1.34635670668e-11, 1.08288178771e-11, 1.05473919529e-11, 1.72752229188e-11],
        "dvar2": [8.89978400664e-06, 1.33980602186e-05, 2.10788743971e-06, 6.70175404593e-06, 9.67995319456e-08, 2.34093135987e-07, 2.36150597743e-07, 1.34913065608e-07, 2.85257293342e-08, 9.02586716478e-09, 6.68138113724e-08, 5.4076760847e-08, 1.51756762712e-09, 5.42795985936e-09, 3.64896890481e-09, 9.7612993244e-09, 4.16861078989e-09, 1.15521614497e-09, 1.06909388009e-08, 2.12070467853e-08, 2.23438938463e-08, 7.68225039138e-09, 3.51994744463e-09, 2.66187472064e-09, 1.16559528696e-09, 3.4257843784e-10, 1.55436080673e-10, 7.62940127741e-11, 9.73956956751e-11, 5.54619059012e-11, 7.35777480609e-11, 3.44807307706e-11, 3.7302078093e-11, 4.31899412068e-11, 4.74971659226e-11, 4.06078330684e-11, 3.73260554409e-11, 3.11784140172e-11, 2.90717207252e-11, 4.75487392515e-11],
        "max": [0.0135491322726, 0.0205401331186, 0.00664885668084, 0.0151507202536, 0.00330136693083, 0.00386032601818, 0.00341572449543, 0.00312928436324, 0.00174875988159, 0.0010937047191, 0.00310543691739, 0.00277283834293, 0.00043670865125, 0.00103398715146, 0.000689521839377, 0.00148005236406, 0.000677028147038, 0.000363033876056, 0.000929725181777, 0.000906525703613, 0.000799999164883, 0.000548939628061, 0.000278423744021, 0.000310121482471, 0.000192099570995, 0.000123499528854, 0.000138697359944, 7.78706744313e-05, 7.97430038801e-05, 6.64731924189e-05, 0.000138280083775, 6.29019123153e-05, 5.05285534018e-05, 5.97206126258e-05, 9.49337045313e-05, 5.50737677258e-05, 5.6281372963e-05, 4.10631073464e-05, 4.70556078653e-05, 4.63026335638e-05],
        "mean": [0.000845705741085, 0.0013505644165, 0.000810007564723, 0.000661377038341, 0.000312935299007, 0.000411575601902, 0.000348710134858, 0.000193693587789, 7.87343669799e-05, 7.20112948329e-05, 0.000346266722772, 0.000258051499259, 3.39073631039e-05, 4.62407260784e-05, 6.7178021709e-05, 8.65214678925e-05, 6.17384794168e-05, 4.37101662101e-05, 0.000125948688947, 0.000209188336157, 0.000190027043573, 0.00014558370458, 8.87390851858e-05, 7.64944561524e-05, 5.62047353014e-05, 3.07688424073e-05, 2.30576624745e-05, 1.60101535585e-05, 1.56713995239e-05, 1.28545698317e-05, 8.00879752205e-06, 7.56867439122e-06, 6.98641815688e-06, 5.63444064028e-06, 6.16122952124e-06, 4.79512118545e-06, 3.79470975531e-06, 3.78515642296e-06, 2.8757765449e-06, 1.89252762084e-06],
        "median": [0.000334826094331, 0.000759915390518, 0.000563320703804, 0.000396826741053, 0.000226804899285, 0.000211503152968, 0.000176850764547, 8.95481643965e-05, 2.94687906717e-05, 2.22431244765e-05, 6.67899148539e-05, 2.63057718257e-05, 2.52844711213e-05, 3.02812568407e-05, 3.82766884286e-05, 4.22783778049e-05, 4.39168361481e-05, 3.69125882571e-05, 0.000106768318801, 0.000189865531866, 0.000170150466147, 0.000135449212394, 7.9996229033e-05, 6.80522134644e-05, 5.13776139996e-05, 2.81036300294e-05, 2.11479218706e-05, 1.45270660141e-05, 1.39986213981e-05, 1.1676158465e-05, 6.27445751888e-06, 5.90108220422e-06, 5.50937784283e-06, 4.05937089454e-06, 3.93123218601e-06, 3.57794033334e-06, 2.72736974694e-06, 2.61278023572e-06, 1.74038859768e-06, 6.09261462614e-07],
        "min": [1.97524218493e-06, 2.30090790865e-05, 3.74531955458e-05, 2.3141346901e-05, 1.27065068227e-05, 8.04930732556e-06, 9.10838207346e-06, 3.97656094719e-06, 1.10117491658e-06, 1.63878348758e-06, 1.08574795377e-06, 1.96494943339e-06, 2.03360991691e-06, 1.80570327757e-06, 3.45966213899e-06, 2.07625271287e-06, 3.8948760448e-06, 2.13935095417e-06, 1.25652268252e-05, 2.07595439861e-05, 3.53574541805e-05, 2.50646789937e-05, 1.43402949107e-05, 1.453351706e-05, 9.26158554648e-06, 7.06392484062e-06, 5.2902059906e-06, 3.88525086237e-06, 2.75679576589e-06, 2.23119877774e-06, 9.8077975963e-07, 1.23963241094e-06, 4.95744984619e-07, 3.62447565294e-08, 1.1106814668e-07, 9.29804357952e-08, 5.42787015334e-09, 3.10144017135e-08, 4.64156157953e-10, 1.13722713972e-12],
