{
"highlevel": {
    "danceability": {
        "all": {
            "danceable": 0.982387900352,
            "not_danceable": 0.0176121238619
        },
        "probability": 0.982387900352,
        "value": "danceable"
    },
    "gender": {
        "all": {
            "female": 0.58078533411,
            "male": 0.419214695692
        },
        "probability": 0.58078533411,
        "value": "female"
    },
    "genre_dortmund": {
        "all": {
            "alternative": 0.0852172374725,
            "blues": 0.0907150804996,
            "electronic": 0.0143989194185,
            "folkcountry": 0.492929190397,
            "funksoulrnb": 0.00856462772936,
            "jazz": 0.0783234387636,
            "pop": 0.0729842409492,
            "raphiphop": 0.0214494392276,
            "rock": 0.135417833924
        },
        "probability": 0.492929190397,
        "value": "folkcountry"
    },
    "genre_electronic": {
        "all": {
            "ambient": 0.250908225775,
            "dnb": 0.0557014122605,
            "house": 0.517152428627,
            "techno": 0.0228520706296,
            "trance": 0.153385862708
        },
        "probability": 0.517152428627,
        "value": "house"
    },
    "genre_rosamerica": {
        "all": {
            "cla": 0.0197592061013,
            "dan": 0.102581828833,
            "hip": 0.0558632016182,
            "jaz": 0.0259358789772,
            "pop": 0.389930814505,
            "rhy": 0.21137599647,
            "roc": 0.171526059508,
            "spe": 0.0230270009488
        },
        "probability": 0.389930814505,
        "value": "pop"
    },
    "genre_tzanetakis": {
        "all": {
            "blu": 0.063259229064,
            "cla": 0.0351214334369,
            "cou": 0.0790196210146,
            "dis": 0.0526951625943,
            "hip": 0.158124744892,
            "jaz": 0.316520601511,
            "met": 0.0632875487208,
            "pop": 0.063269995153,
            "reg": 0.0632629841566,
            "roc": 0.105438686907
        },
        "probability": 0.316520601511,
        "value": "jaz"
    },
    "ismir04_rhythm": {
        "all": {
            "ChaChaCha": 0.463140398264,
            "Jive": 0.112203076482,
            "Quickstep": 0.0325927883387,
            "Rumba-American": 0.0130060939118,
            "Rumba-International": 0.118899293244,
            "Rumba-Misc": 0.0217352248728,
            "Samba": 0.0881519019604,
            "Tango": 0.0372361540794,
            "VienneseWaltz": 0.105946950614,
            "Waltz": 0.00708811637014
        },
        "probability": 0.463140398264,
        "value": "ChaChaCha"
    },
    "mood_acoustic": {
        "all": {
            "acoustic": 0.348651021719,
            "not_acoustic": 0.651348948479
        },
        "probability": 0.651348948479,
        "value": "not_acoustic"
    },
    "mood_aggressive": {
        "all": {
            "aggressive": 0.0295122843236,
            "not_aggressive": 0.970487713814
        },
        "probability": 0.970487713814,
        "value": "not_aggressive"
    },
    "mood_electronic": {
        "all": {
            "electronic": 0.285776853561,
            "not_electronic": 0.714223146439
        },
        "probability": 0.714223146439,
        "value": "not_electronic"
    },
    "mood_happy": {
        "all": {
            "happy": 0.738597631454,
            "not_happy": 0.261402368546
        },
        "probability": 0.738597631454,
        "value": "happy"
    },
    "mood_party": {
        "all": {
            "not_party": 0.590627849102,
            "party": 0.409372121096
        },
        "probability": 0.590627849102,
        "value": "not_party"
    },
    "mood_relaxed": {
        "all": {
            "not_relaxed": 0.388995438814,
            "relaxed": 0.611004590988
        },
        "probability": 0.611004590988,
        "value": "relaxed"
    },
    "mood_sad": {
        "all": {
            "not_sad": 0.48874899745,
            "sad": 0.511251032352
        },
        "probability": 0.511251032352,
        "value": "sad"
    },
    "moods_mirex": {
        "all": {
            "Cluster1": 0.156375303864,
            "Cluster2": 0.277282327414,
            "Cluster3": 0.435618311167,
            "Cluster4": 0.114430353045,
            "Cluster5": 0.0162937361747
        },
        "probability": 0.435618311167,
        "value": "Cluster3"
    },
    "timbre": {
        "all": {
            "bright": 0.997247934341,
            "dark": 0.00275206542574
        },
        "probability": 0.997247934341,
        "value": "bright"
    },
    "tonal_atonal": {
        "all": {
            "atonal": 0.0046851253137,
            "tonal": 0.995314896107
        },
        "probability": 0.995314896107,
        "value": "tonal"
    },
    "voice_instrumental": {
        "all": {
            "instrumental": 0.00329856923781,
            "voice": 0.996701419353
        },
        "probability": 0.996701419353,
        "value": "voice"
    }
},
"lowlevel": {
    "average_loudness": 0.977606296539,
    "barkbands_crest": {
        "dmean": 3.11216711998,
        "dmean2": 4.824406147,
        "dvar": 9.29074192047,
        "dvar2": 19.856760025,
        "max": 25.6588420868,
        "mean": 12.3172864914,
        "median": 10.9485206604,
        "min": 3.53088188171,
        "var": 31.7478122711
    },
    "barkbands_flatness_db": {
        "dmean": 0.0277185793966,
        "dmean2": 0.041660245508,
        "dvar": 0.00071892386768,
        "dvar2": 0.00152622337919,
        "max": 0.383994430304,
        "mean": 0.182674452662,
        "median": 0.175042107701,
        "min": 0.0649701207876,
        "var": 0.00349517352879
    },
    "barkbands_kurtosis": {
        "dmean": 5.82636260986,
        "dmean2": 8.50548362732,
        "dvar": 116.830314636,
        "dvar2": 216.93737793,
        "max": 202.116073608,
        "mean": 9.3805809021,
        "median": 4.05271053314,
        "min": -1.92895245552,
        "var": 274.706237793
    },
    "barkbands_skewness": {
        "dmean": 0.72832685709,
        "dmean2": 1.06734275818,
        "dvar": 0.714273750782,
        "dvar2": 1.51454722881,
        "max": 12.030175209,
        "mean": 2.31946754456,
        "median": 1.93739581108,
        "min": -0.531734287739,
        "var": 2.51491594315
    },
    "barkbands_spread": {
        "dmean": 6.91036128998,
        "dmean2": 10.5154333115,
        "dvar": 79.8193588257,
        "dvar2": 176.213943481,
        "max": 102.030464172,
        "mean": 20.3338680267,
        "median": 16.3981590271,
        "min": 0.924751102924,
        "var": 219.500915527
    },
    "dissonance": {
        "dmean": 0.0228656604886,
        "dmean2": 0.0377732850611,
        "dvar": 0.000476902030641,
        "dvar2": 0.0012434727978,
        "max": 0.499772191048,
        "mean": 0.44949221611,
        "median": 0.457285374403,
        "min": 0.27584066987,
        "var": 0.00115763291251
    },
    "dynamic_complexity": 1.9147387743,
    "erbbands_crest": {
        "dmean": 2.5334482193,
        "dmean2": 3.96367287636,
        "dvar": 6.26781892776,
        "dvar2": 14.7615337372,
        "max": 29.4312095642,
        "mean": 8.89091587067,
        "median": 7.94750404358,
        "min": 2.61396861076,
        "var": 17.12358284
    },
    "erbbands_flatness_db": {
        "dmean": 0.0187836661935,
        "dmean2": 0.0255997423083,
        "dvar": 0.000269413198112,
        "dvar2": 0.000538435589988,
        "max": 0.261604905128,
        "mean": 0.154052019119,
        "median": 0.156820088625,
        "min": 0.0631227716804,
        "var": 0.00172876392026
    },
    "erbbands_kurtosis": {
        "dmean": 0.889169692993,
        "dmean2": 1.37074327469,
        "dvar": 1.81730175018,
        "dvar2": 3.96429085732,
        "max": 14.7599945068,
        "mean": 0.210557028651,
        "median": -0.656464099884,
        "min": -1.74984610081,
        "var": 4.61280250549
    },
    "erbbands_skewness": {
        "dmean": 0.389367461205,
        "dmean2": 0.577641189098,
        "dvar": 0.160591632128,
        "dvar2": 0.3601770401,
        "max": 3.71399593353,
        "mean": 0.513281822205,
        "median": 0.508427679539,
        "min": -3.24037027359,
        "var": 0.548983693123
    },
    "erbbands_spread": {
        "dmean": 10.933139801,
        "dmean2": 16.1284694672,
        "dvar": 139.359008789,
        "dvar2": 329.765380859,
        "max": 126.103881836,
        "mean": 49.7932472229,
        "median": 47.19373703,
        "min": 8.10090351105,
        "var": 493.622039795
    },
    "hfc": {
        "dmean": 9.91830444336,
        "dmean2": 14.7274532318,
        "dvar": 294.646514893,
        "dvar2": 673.663574219,
        "max": 237.622528076,
        "mean": 22.0763130188,
        "median": 14.7536115646,
        "min": 0.836162567139,
        "var": 518.256591797
    },
    "melbands_crest": {
        "dmean": 3.40030455589,
        "dmean2": 5.13745975494,
        "dvar": 10.0152664185,
        "dvar2": 21.0819396973,
        "max": 32.0024528503,
        "mean": 15.6576414108,
        "median": 14.856007576,
        "min": 4.34527826309,
        "var": 33.464138031
    },
    "melbands_flatness_db": {
        "dmean": 0.0335754938424,
        "dmean2": 0.048582162708,
        "dvar": 0.00111674820073,
        "dvar2": 0.00228765816428,
        "max": 0.474868357182,
        "mean": 0.241048678756,
        "median": 0.231495589018,
        "min": 0.0594623424113,
        "var": 0.00612042751163
    },
    "melbands_kurtosis": {
        "dmean": 14.6819849014,
        "dmean2": 22.3118991852,
        "dvar": 718.932739258,
        "dvar2": 1763.04418945,
        "max": 456.785491943,
        "mean": 27.3447132111,
        "median": 14.4848804474,
        "min": -0.986695051193,
        "var": 1380.18859863
    },
    "melbands_skewness": {
        "dmean": 1.0386557579,
        "dmean2": 1.54247188568,
        "dvar": 1.42947888374,
        "dvar2": 3.45468258858,
        "max": 16.3928756714,
        "mean": 3.68362498283,
        "median": 3.11136460304,
        "min": -0.180588766932,
        "var": 4.83873796463
    },
    "melbands_spread": {
        "dmean": 6.40508460999,
        "dmean2": 10.0233268738,
        "dvar": 84.6727600098,
        "dvar2": 196.175109863,
        "max": 119.13924408,
        "mean": 17.0288562775,
        "median": 14.2539377213,
        "min": 0.703077733517,
        "var": 186.509460449
    },
    "pitch_salience": {
        "dmean": 0.0839799940586,
        "dmean2": 0.130930751562,
        "dvar": 0.00588053325191,
        "dvar2": 0.0129594085738,
        "max": 0.813189566135,
        "mean": 0.494309186935,
        "median": 0.50516730547,
        "min": 0.105273835361,
        "var": 0.0183043181896
    },
    "silence_rate_20dB": {
        "dmean": 0,
        "dmean2": 0,
        "dvar": 0,
        "dvar2": 0,
        "max": 1,
        "mean": 1,
        "median": 1,
        "min": 1,
        "var": 0
    },
    "silence_rate_30dB": {
        "dmean": 0,
        "dmean2": 0,
        "dvar": 0,
        "dvar2": 0,
        "max": 1,
        "mean": 1,
        "median": 1,
        "min": 1,
        "var": 0
    },
    "silence_rate_60dB": {
        "dmean": 0.0061919502914,
        "dmean2": 0.0123934932053,
        "dvar": 0.00615362683311,
        "dvar2": 0.0137890493497,
        "max": 1,
        "mean": 0.00928074214607,
        "median": 0,
        "min": 0,
        "var": 0.00919449795038
    },
    "spectral_centroid": {
        "dmean": 297.903869629,
        "dmean2": 461.312072754,
        "dvar": 113684.851562,
        "dvar2": 261844.890625,
        "max": 4299.52392578,
        "mean": 1302.83898926,
        "median": 1186.08825684,
        "min": 227.486602783,
        "var": 380336.75
    },
    "spectral_complexity": {
        "dmean": 3.91563463211,
        "dmean2": 5.93338489532,
        "dvar": 23.0616970062,
        "dvar2": 49.0677185059,
        "max": 48,
        "mean": 16.7200317383,
        "median": 15,
        "min": 2,
        "var": 56.1876106262
    },
    "spectral_decrease": {
        "dmean": 3.41537109705e-09,
        "dmean2": 5.41763922612e-09,
        "dvar": 1.54784749373e-17,
        "dvar2": 3.86104881231e-17,
        "max": -2.66686561723e-10,
        "mean": -9.74205782711e-09,
        "median": -8.86943851697e-09,
        "min": -3.03738758589e-08,
        "var": 3.02595737526e-17
    },
    "spectral_energy": {
        "dmean": 0.0134159522131,
        "dmean2": 0.0211780034006,
        "dvar": 0.00023155240342,
        "dvar2": 0.000576522375923,
        "max": 0.116598598659,
        "mean": 0.0387711562216,
        "median": 0.0352584011853,
        "min": 0.001087523764,
        "var": 0.000459939124994
    },
    "spectral_energyband_high": {
        "dmean": 0.000793369952589,
        "dmean2": 0.00114471686538,
        "dvar": 3.60111016562e-06,
        "dvar2": 7.6344840636e-06,
        "max": 0.0321662165225,
        "mean": 0.00114528241102,
        "median": 0.000418670650106,
        "min": 1.17339432109e-05,
        "var": 5.90928675592e-06
    },
    "spectral_energyband_low": {
        "dmean": 0.00983597710729,
        "dmean2": 0.0153334503993,
        "dvar": 0.000154540306539,
        "dvar2": 0.000366066873539,
        "max": 0.0924630835652,
        "mean": 0.0208709705621,
        "median": 0.0165930557996,
        "min": 1.04887312773e-05,
        "var": 0.000334455922712
    },
    "spectral_energyband_middle_high": {
        "dmean": 0.00161876145285,
        "dmean2": 0.00240862788633,
        "dvar": 7.07033086655e-06,
        "dvar2": 1.51891481437e-05,
        "max": 0.0383694879711,
        "mean": 0.00398583523929,
        "median": 0.00223135552369,
        "min": 2.7089867217e-05,
        "var": 2.56763050857e-05
    },
    "spectral_energyband_middle_low": {
        "dmean": 0.00642578536645,
        "dmean2": 0.010515586473,
        "dvar": 8.47626652103e-05,
        "dvar2": 0.000226645526709,
        "max": 0.0711746364832,
        "mean": 0.014561669901,
        "median": 0.0114130275324,
        "min": 0.000384240644053,
        "var": 0.000122648532852
    },
    "spectral_entropy": {
        "dmean": 0.201778545976,
        "dmean2": 0.278622359037,
        "dvar": 0.0394713357091,
        "dvar2": 0.0785295441747,
        "max": 8.43153095245,
        "mean": 7.35243558884,
        "median": 7.3325843811,
        "min": 6.03045558929,
        "var": 0.19449865818
    },
    "spectral_flux": {
        "dmean": 0.0349031351507,
        "dmean2": 0.0509583204985,
        "dvar": 0.00133896828629,
        "dvar2": 0.00252730259672,
        "max": 0.28645196557,
        "mean": 0.0907375514507,
        "median": 0.0756469964981,
        "min": 0.0137387542054,
        "var": 0.00277867470868
    },
    "spectral_kurtosis": {
        "dmean": 1.55248224735,
        "dmean2": 2.59046769142,
        "dvar": 2.45629000664,
        "dvar2": 7.07327079773,
        "max": 20.7583599091,
        "mean": 3.28023409843,
        "median": 2.83216094971,
        "min": -0.883257865906,
        "var": 5.867415905
    },
    "spectral_rms": {
        "dmean": 0.00104748690501,
        "dmean2": 0.00160318915732,
        "dvar": 1.18907848901e-06,
        "dvar2": 2.75697198049e-06,
        "max": 0.0106655862182,
        "mean": 0.00588927650824,
        "median": 0.00586501834914,
        "min": 0.00103004800621,
        "var": 3.14196859108e-06
    },
    "spectral_rolloff": {
        "dmean": 598.464904785,
        "dmean2": 1034.84606934,
        "dvar": 1352998.625,
        "dvar2": 3359930.75,
        "max": 8376.41601562,
        "mean": 1098.609375,
        "median": 645.99609375,
        "min": 64.599609375,
        "var": 1879798.125
    },
    "spectral_skewness": {
        "dmean": 0.250611841679,
        "dmean2": 0.383112698793,
        "dvar": 0.0542146489024,
        "dvar2": 0.123776771128,
        "max": 3.15246367455,
        "mean": 1.31811368465,
        "median": 1.28625321388,
        "min": 0.0265972297639,
        "var": 0.230029985309
    },
    "spectral_spread": {
        "dmean": 763982.125,
        "dmean2": 1078446.875,
        "dvar": 839843708928,
        "dvar2": 1.92332418253e+12,
        "max": 11593646,
        "mean": 4853776,
        "median": 4290111.5,
        "min": 2379806,
        "var": 3.1587345367e+12
    },
    "spectral_strongpeak": {
        "dmean": 0.404549390078,
        "dmean2": 0.700435221195,
        "dvar": 0.684485912323,
        "dvar2": 1.8787021637,
        "max": 10.5025434494,
        "mean": 0.763177514076,
        "median": 0.473668456078,
        "min": 0,
        "var": 0.839998841286
    },
    "zerocrossingrate": {
        "dmean": 0.0121718840674,
        "dmean2": 0.0139006981626,
        "dvar": 0.000185321259778,
        "dvar2": 0.000212702885619,
        "max": 0.24462890625,
        "mean": 0.0516173318028,
        "median": 0.04150390625,
        "min": 0.00341796875,
        "var": 0.00126112822909
    },
    "barkbands": {
        "dmean": [0.000117835588753, 0.00794850382954, 0.00227755773813, 0.00259101577103, 0.00229634856805, 0.000967506493907, 0.000842084293254, 0.00117242580745, 0.00116524903569, 0.000679832533933, 0.000289692688966, 0.000238271764829, 0.000162371696206, 9.91988854366e-05, 8.07625474408e-05, 0.000147066675709, 0.000240218039835, 0.000173955442733, 0.000382314610761, 0.00010944258247, 0.000170747574884, 0.000154896493768, 0.000158569426276, 0.000169252321939, 0.000116522882308, 6.60957812215e-05, 3.95549060173e-09],
        "dmean2": [0.000173389460542, 0.0119180679321, 0.00396507233381, 0.00439603580162, 0.00398741895333, 0.00154970842414, 0.00133770855609, 0.00176659983117, 0.00183218508027, 0.00101173412986, 0.000422283163061, 0.000364518666174, 0.000254945829511, 0.000151044820086, 0.000129208463477, 0.000247945281444, 0.000405727943871, 0.000296558340779, 0.000620727369096, 0.000172297659446, 0.000258394808043, 0.000222577989916, 0.00022903890931, 0.000260537141003, 0.000179874215974, 0.00010881308117, 6.06761751953e-09],
        "dvar": [9.43529698816e-08, 0.000122416648082, 1.35651844175e-05, 2.34544968407e-05, 2.00528593268e-05, 1.87844227639e-06, 3.12362999466e-06, 5.82337952437e-06, 8.22301717562e-06, 1.8395742245e-06, 9.69387770056e-07, 3.17455857157e-07, 2.13298747553e-07, 6.5748118061e-08, 2.43170248382e-08, 6.79999203612e-08, 3.17187499377e-07, 1.24990194195e-07, 7.76039598804e-07, 3.45632500398e-08, 1.10411150445e-07, 3.94814264837e-07, 3.04715996435e-07, 2.38965611743e-07, 1.13821791103e-07, 4.08998026558e-08, 1.71222141046e-15],
        "dvar2": [1.90764964714e-07, 0.000283818633761, 3.67646025552e-05, 6.23823798378e-05, 5.67001588934e-05, 4.8990364121e-06, 7.16831618774e-06, 1.42600010804e-05, 2.40805820795e-05, 3.682798706e-06, 1.53399923875e-06, 7.51710388158e-07, 5.09258939019e-07, 1.32654591312e-07, 5.64752404841e-08, 1.84938741654e-07, 8.23103221137e-07, 3.4489798395e-07, 2.01777857001e-06, 8.15768927964e-08, 2.63415330437e-07, 8.11748861906e-07, 5.88146860991e-07, 5.9569390487e-07, 2.97280251971e-07, 1.09008432503e-07, 1.86331684166e-15],
        "max": [0.00682773906738, 0.0860075205564, 0.0269432142377, 0.0369535759091, 0.0427968986332, 0.0178746022284, 0.0255896504968, 0.0417101681232, 0.0447425208986, 0.0270797982812, 0.0281926076859, 0.00893584825099, 0.00910199433565, 0.00632322346792, 0.00298341060989, 0.00254320167005, 0.00642661238089, 0.00423108926043, 0.0151094291359, 0.0026404298842, 0.004100211896, 0.0145500153303, 0.00975036807358, 0.00623560091481, 0.00433903839439, 0.00190518109594, 1.13221949505e-06],
        "mean": [0.000149875020725, 0.0161844361573, 0.00307705020532, 0.00281309639104, 0.00341886561364, 0.00178398296703, 0.00145298370626, 0.0023545275908, 0.00205031433143, 0.00137994368561, 0.000524828676134, 0.000388342974475, 0.000251139310421, 0.000164089156897, 0.000108759093564, 0.000196485605557, 0.000323180400301, 0.000264697184321, 0.000645203108434, 0.000167272883118, 0.00029223918682, 0.000230234029004, 0.000193059182493, 0.000177921421709, 0.000118448799185, 6.02117434028e-05, 3.29348370798e-09],
        "median": [2.53005400737e-05, 0.0113925170153, 0.0018594795838, 0.00139875640161, 0.00218327855691, 0.00105699629057, 0.000625732121989, 0.00129451032262, 0.000658696459141, 0.000450726656709, 8.67761991685e-05, 0.000128134503029, 6.61808153382e-05, 4.8245106882e-05, 4.00151075155e-05, 9.90689513856e-05, 0.000112623034511, 0.000133929541335, 0.000247984600719, 8.16964529804e-05, 0.000137369832373, 7.66408702475e-05, 3.62890568795e-05, 2.25967160077e-05, 1.17469571705e-05, 5.50693903278e-06, 6.34992114446e-10],
        "min": [1.49940007077e-07, 3.00875717585e-06, 2.30236400967e-06, 3.43959368365e-06, 1.95994471142e-05, 2.53991674981e-06, 1.58040393217e-06, 1.19541937238e-06, 1.26738325434e-06, 1.59021487889e-06, 5.13221948495e-07, 5.9048733192e-07, 5.72770204599e-07, 2.22729156008e-07, 1.61578469715e-07, 8.18668411284e-07, 6.18791602847e-07, 1.06435868474e-06, 2.5803446988e-06, 1.26566885683e-06, 3.3320491184e-06, 1.11131839731e-06, 1.78860815936e-07, 1.4844151508e-07, 3.42766162675e-11, 1.23706895422e-11, 1.31247963886e-11],
        "var": [1.23176604916e-07, 0.000279792788206, 1.48810031533e-05, 1.87503483176e-05, 1.68217284227e-05, 4.45127443527e-06, 6.73475778967e-06, 1.26803279272e-05, 1.4122657376e-05, 6.7266601036e-06, 3.38418612955e-06, 6.83146822666e-07, 4.10811566098e-07, 2.0895005548e-07, 5.08883175598e-08, 7.87591645235e-08, 4.15526983488e-07, 1.55996943363e-07, 1.24780240185e-06, 5.90020690083e-08, 1.88161578762e-07, 6.61392391521e-07, 5.34628838977e-07, 2.54175802183e-07, 1.06859218363e-07, 3.59039198372e-08, 1.67853681597e-15]
    },
    "erbbands": {
        "dmean": [0.22697429359, 1.86015999317, 2.5725312233, 6.1179060936, 9.16692733765, 7.39746379852, 5.24799346924, 8.99742603302, 12.0585193634, 15.6869878769, 26.458240509, 27.4852638245, 25.7129116058, 14.1192359924, 9.86074066162, 9.73631381989, 7.58105230331, 5.41301298141, 3.74915313721, 4.80352115631, 11.2443790436, 11.0319890976, 8.48787879944, 14.1622076035, 19.8734703064, 5.5887928009, 7.36501216888, 5.3508439064, 5.13101959229, 4.86882591248, 4.37503385544, 4.88579654694, 2.04297423363, 1.79285287857, 0.546500623226, 0.384140312672, 0.0984868183732, 0.00607768679038, 0.000132078537717, 2.22077105718e-05],
        "dmean2": [0.312188923359, 2.89820027351, 4.44921255112, 10.52257061, 15.6899633408, 12.9121046066, 8.54776954651, 14.3901844025, 19.2830371857, 25.0267562866, 40.8524589539, 41.9488182068, 40.3477325439, 20.514837265, 14.3208780289, 14.8677959442, 12.1651363373, 7.77275085449, 5.92031335831, 7.7689781189, 19.0146408081, 18.7605667114, 14.4892311096, 23.146238327, 32.254940033, 8.77307891846, 11.3813333511, 8.21691989899, 7.53197908401, 6.75457954407, 6.2082657814, 7.60289621353, 3.14712333679, 2.79812693596, 0.838062167168, 0.632990658283, 0.162649601698, 0.00991806946695, 0.000212838625885, 3.45511107298e-05],
        "dvar": [0.124524235725, 6.65718793869, 14.9591236115, 137.465454102, 347.160614014, 197.088775635, 68.0045852661, 186.197113037, 714.540710449, 1188.62646484, 3496.14697266, 5769.56152344, 2971.14233398, 1099.3157959, 1159.87988281, 446.462554932, 416.625671387, 205.592681885, 62.3105049133, 60.6489105225, 451.219390869, 734.386474609, 300.73727417, 788.896850586, 2990.12524414, 89.7367858887, 229.0259552, 149.662506104, 421.592773438, 443.999328613, 206.927444458, 201.66696167, 35.2238883972, 29.9586372375, 2.3949277401, 1.50128805637, 0.0855845287442, 0.000321986561175, 1.39510376584e-07, 1.01992347901e-09],
        "dvar2": [0.223539367318, 17.2301120758, 40.9691390991, 363.443054199, 956.624328613, 562.897949219, 163.560897827, 491.36895752, 1676.8972168, 2872.78613281, 8608.50292969, 17163.1582031, 6215.01074219, 2041.67077637, 1726.45178223, 982.965332031, 1017.84655762, 407.037506104, 128.750686646, 151.961624146, 1206.49084473, 1966.04797363, 830.270324707, 1965.3302002, 8017.72363281, 214.5652771, 547.995239258, 345.85949707, 903.358642578, 813.769775391, 396.385314941, 494.72845459, 88.3149795532, 78.781036377, 6.12683773041, 4.05943346024, 0.222966432571, 0.000790623074863, 3.50452097564e-07, 2.54191934168e-09],
        "max": [2.78592038155, 18.0851364136, 33.0440788269, 89.0464935303, 150.323028564, 141.776489258, 78.9293060303, 185.999633789, 479.554870605, 547.024658203, 1154.10009766, 1261.66369629, 1381.91101074, 746.260253906, 1036.04931641, 402.71975708, 320.750762939, 353.928436279, 174.9112854, 84.8171157837, 195.694824219, 296.386505127, 179.478942871, 329.598693848, 1069.79931641, 118.859230042, 231.35508728, 174.524200439, 413.66986084, 445.700317383, 246.641799927, 143.169647217, 93.1168746948, 66.2434997559, 20.6442241669, 13.2058677673, 2.85438466072, 0.262436121702, 0.00469002267346, 0.000314647564664],
        "mean": [0.413441210985, 3.75362229347, 4.5071310997, 7.00495672226, 11.0401172638, 11.6877908707, 8.54630279541, 16.1757659912, 20.8714122772, 32.2903823853, 52.2579040527, 49.7165908813, 53.0685005188, 30.5906963348, 18.8681640625, 17.0641689301, 12.5753536224, 9.64449310303, 5.96968078613, 7.06435108185, 15.5771903992, 15.1645622253, 12.9373502731, 22.8356075287, 32.8354225159, 9.23602867126, 12.3320474625, 8.89723396301, 7.82232093811, 6.89188766479, 5.16884660721, 5.09860086441, 2.17849993706, 1.78364610672, 0.564744472504, 0.345562905073, 0.0935273692012, 0.00538684800267, 0.000138259856612, 5.32461235707e-05],
        "median": [0.177434906363, 2.85329604149, 3.44777488708, 3.83930301666, 6.26479244232, 6.88777160645, 5.04978179932, 8.83939361572, 9.66271495819, 15.115489006, 27.0975055695, 16.0665378571, 18.6684417725, 9.49577331543, 4.31763267517, 5.66682481766, 3.99180936813, 2.77033638954, 1.99861562252, 3.57255005836, 7.73377990723, 6.1707983017, 6.949239254, 10.2980499268, 12.9539422989, 4.94353580475, 6.08387374878, 3.78618621826, 2.6880004406, 1.79920148849, 0.978387236595, 0.663730740547, 0.258313775063, 0.170152455568, 0.0497633256018, 0.0285508725792, 0.00912713445723, 0.000454944645753, 3.43383071595e-05, 4.41976808361e-05],
        "min": [5.84739646001e-05, 0.000956402276643, 0.00693369610235, 0.0278190746903, 0.0698583349586, 0.0307297836989, 0.0135855274275, 0.0877749323845, 0.0577173754573, 0.137162715197, 0.0803787186742, 0.0618504621089, 0.0622946619987, 0.0526082850993, 0.0447368845344, 0.0313204526901, 0.0547920912504, 0.0230658967048, 0.0247024763376, 0.0394759401679, 0.078425988555, 0.0737117677927, 0.0795434638858, 0.0902963578701, 0.137667879462, 0.113180845976, 0.130571499467, 0.0595612153411, 0.0430835857987, 0.0155774503946, 0.00553738838062, 0.00349010503851, 0.00090274901595, 0.000183370852028, 2.36576725001e-05, 5.47678519069e-06, 2.62347725766e-06, 5.80023481689e-07, 2.32884644902e-06, 1.57256079092e-06],
        "var": [0.327957242727, 13.01866436, 20.8460922241, 106.433006287, 253.686416626, 215.180206299, 97.7396469116, 435.957946777, 1342.50402832, 2896.33325195, 7285.64746094, 9520.18652344, 10834.6191406, 3956.68823242, 3755.29003906, 1193.09973145, 789.630310059, 735.837158203, 193.998413086, 95.740486145, 497.415588379, 804.436889648, 333.873382568, 1311.48718262, 4205.69580078, 159.592834473, 346.652496338, 236.321472168, 697.361877441, 794.529174805, 355.419677734, 226.172683716, 35.8277244568, 27.093580246, 2.38219332695, 1.24141597748, 0.0835853889585, 0.000342006911524, 1.43691337939e-07, 1.46190715089e-09]
    },
    "gfcc": {
        "mean": [4.90331411362, 109.594062805, -105.495422363, 51.5210075378, -66.3033370972, 6.48476171494, -22.681306839, 19.8030776978, -18.3771724701, -1.03949606419, -14.95241642, -2.58663153648, -10.5586080551],
        "cov": [[2862.33422852, -1231.16772461, 25.8690433502, -364.652923584, -363.8097229, 342.666107178, -401.893615723, 109.859977722, -359.42074585, 131.096603394, -259.828582764, 127.939086914, -214.947509766], [-1231.16772461, 1654.12402344, -473.332855225, 240.5728302, 404.210388184, -366.639556885, 590.17388916, -193.775039673, 350.821289062, -158.749740601, 246.313751221, -113.982177734, 219.936508179], [25.8690433502, -473.332855225, 850.853820801, -24.768579483, 51.5037307739, 260.559936523, -256.167724609, 146.105361938, -96.0217590332, 90.5820236206, -87.5590820312, 66.8035583496, -52.4729423523], [-364.652923584, 240.5728302, -24.768579483, 538.465393066, 209.132736206, -120.092132568, 144.068862915, -88.6765670776, 194.497756958, -41.7158126831, 65.3855361938, -58.950668335, 85.3079910278], [-363.8097229, 404.210388184, 51.5037307739, 209.132736206, 328.340606689, -44.9351348877, 158.388061523, -16.0334606171, 114.698829651, -3.27333426476, 56.6998519897, -18.5936737061, 59.9999046326], [342.666107178, -366.639556885, 260.559936523, -120.092132568, -44.9351348877, 283.342498779, -107.325027466, 62.1911048889, -90.1546478271, 55.3497238159, -55.2929496765, 32.7980766296, -37.9615745544], [-401.893615723, 590.17388916, -256.167724609, 144.068862915, 158.388061523, -107.325027466, 391.649475098, -53.3392105103, 161.532806396, -44.457118988, 105.372192383, -31.9100570679, 81.4387588501], [109.859977722, -193.775039673, 146.105361938, -88.6765670776, -16.0334606171, 62.1911048889, -53.3392105103, 161.220626831, -31.2154579163, 58.144493103, -18.2568092346, 24.9906463623, -26.9046726227], [-359.42074585, 350.821289062, -96.0217590332, 194.497756958, 114.698829651, -90.1546478271, 161.532806396, -31.2154579163, 226.433395386, -11.0872049332, 69.1003875732, -32.0150718689, 75.6055679321], [131.096603394, -158.749740601, 90.5820236206, -41.7158126831, -3.27333426476, 55.3497238159, -44.457118988, 58.144493103, -11.0872049332, 110.970054626, -3.77871632576, 24.3111495972, -19.9138431549], [-259.828582764, 246.313751221, -87.5590820312, 65.3855361938, 56.6998519897, -55.2929496765, 105.372192383, -18.2568092346, 69.1003875732, -3.77871632576, 109.944549561, -18.6458053589, 30.0633792877], [127.939086914, -113.982177734, 66.8035583496, -58.950668335, -18.5936737061, 32.7980766296, -31.9100570679, 24.9906463623, -32.0150718689, 24.3111495972, -18.6458053589, 85.6664123535, -8.10960674286], [-214.947509766, 219.936508179, -52.4729423523, 85.3079910278, 59.9999046326, -37.9615745544, 81.4387588501, -26.9046726227, 75.6055679321, -19.9138431549, 30.0633792877, -8.10960674286, 106.028152466]],
        "icov": [[0.000709080020897, -2.03182917176e-05, 0.00061086419737, -0.000344268046319, 0.000202846582397, -0.000808319891803, 0.000240257038968, -0.000233858139836, 0.00041686129407, -0.000518237706274, 0.00105317670386, -0.000693055277225, 0.000664661289193], [-2.03182917176e-05, 0.00563769601285, -0.000961156736594, 0.00433320738375, -0.00446979003027, 0.00394428567961, -0.00364496442489, 0.00352623593062, -0.00273642828688, 0.0032576713711, -0.00417218497023, 0.0031552973669, -0.00407422380522], [0.00061086419737, -0.000961156736594, 0.00327229546383, -0.00161586503964, -0.000280936568743, -0.0031318848487, 0.00240638339892, -0.00223567779176, 0.000736515270546, -0.000830378383398, 0.00181709579192, -0.00212790910155, 0.00141459552106], [-0.000344268046319, 0.00433320738375, -0.00161586503964, 0.00713167386129, -0.00483467010781, 0.00416783383116, -0.00262985774316, 0.00428319396451, -0.00439287070185, 0.00296856579371, -0.00364191411063, 0.00393037870526, -0.00386592978612], [0.000202846582397, -0.00446979003027, -0.000280936568743, -0.00483467010781, 0.00897811818868, -0.00282570510171, 0.000831079669297, -0.0028155350592, 0.00226783915423, -0.00339271873236, 0.0031460239552, -0.0024501439184, 0.00265500298701], [-0.000808319891803, 0.00394428567961, -0.0031318848487, 0.00416783383116, -0.00282570510171, 0.0096513479948, -0.00361211062409, 0.00306589808315, -0.00129459926393, 0.00109392707236, -0.00294300587848, 0.00341394846328, -0.00389261357486], [0.000240257038968, -0.00364496442489, 0.00240638339892, -0.00262985774316, 0.000831079669297, -0.00361211062409, 0.00826979894191, -0.00283120432869, -0.000176299305167, -0.000804979645181, 0.000582369568292, -0.002936496865, 0.00210564373992], [-0.000233858139836, 0.00352623593062, -0.00223567779176, 0.00428319396451, -0.0028155350592, 0.00306589808315, -0.00283120432869, 0.0115634733811, -0.00241615599953, -0.00123882992193, -0.00273118214682, 0.00217342702672, -0.00211057020351], [0.00041686129407, -0.00273642828688, 0.000736515270546, -0.00439287070185, 0.00226783915423, -0.00129459926393, -0.000176299305167, -0.00241615599953, 0.0111385444179, -0.00355377886444, 0.00121652171947, -0.000875931291375, -0.000826263334602], [-0.000518237706274, 0.0032576713711, -0.000830378383398, 0.00296856579371, -0.00339271873236, 0.00109392707236, -0.000804979645181, -0.00123882992193, -0.00355377886444, 0.0150353116915, -0.00501707661897, -9.72535272012e-05, -0.00121887819842], [0.00105317670386, -0.00417218497023, 0.00181709579192, -0.00364191411063, 0.0031460239552, -0.00294300587848, 0.000582369568292, -0.00273118214682, 0.00121652171947, -0.00501707661897, 0.0181816928089, -0.0020547627937, 0.00352249341086], [-0.000693055277225, 0.0031552973669, -0.00212790910155, 0.00393037870526, -0.0024501439184, 0.00341394846328, -0.002936496865, 0.00217342702672, -0.000875931291375, -9.72535272012e-05, -0.0020547627937, 0.0165502224118, -0.00429490813985], [0.000664661289193, -0.00407422380522, 0.00141459552106, -0.00386592978612, 0.00265500298701, -0.00389261357486, 0.00210564373992, -0.00211057020351, -0.000826263334602, -0.00121887819842, 0.00352249341086, -0.00429490813985, 0.0170246772468]]
    },
    "melbands": {
        "dmean": [0.00218277028762, 0.00166585401166, 0.00114493037108, 0.000595494115259, 0.000203109302674, 0.000203593066544, 0.000180842282134, 0.000185267112101, 0.000221447611693, 0.000169888502569, 0.000126868180814, 5.81264757784e-05, 3.83518345188e-05, 2.8361186196e-05, 1.87150089914e-05, 1.59006485774e-05, 1.00309434856e-05, 6.11294672126e-06, 6.71254792906e-06, 6.38712981527e-06, 1.6631300241e-05, 1.37220213219e-05, 8.18054468255e-06, 8.76936701388e-06, 1.24055686683e-05, 1.52194370457e-05, 8.56492624735e-06, 3.17952412843e-06, 4.53031543657e-06, 4.96522352478e-06, 2.81269012703e-06, 2.95853169519e-06, 3.14897920362e-06, 2.62514117821e-06, 2.20166657527e-06, 3.62132232112e-06, 2.85570467895e-06, 1.60450269959e-06, 1.10188875624e-06, 1.68095584741e-06],
        "dmean2": [0.00318105239421, 0.00275469990447, 0.00194563099649, 0.0010371709941, 0.000333558855345, 0.000325589673594, 0.000285063841147, 0.000294424593449, 0.000346019747667, 0.000260255939793, 0.000197806439246, 8.49701027619e-05, 5.44253671251e-05, 4.36335576524e-05, 2.88623596134e-05, 2.52256777458e-05, 1.46509582919e-05, 9.64576156548e-06, 1.08732692752e-05, 1.04176797322e-05, 2.83403896901e-05, 2.33055852732e-05, 1.40003003253e-05, 1.50354899233e-05, 2.01373459277e-05, 2.48105279752e-05, 1.389537465e-05, 5.00205987919e-06, 6.94801792633e-06, 7.75113130658e-06, 4.41988186139e-06, 4.3505992835e-06, 4.62972002424e-06, 3.85168959838e-06, 3.0217213407e-06, 5.68836367165e-06, 4.5000629143e-06, 2.54608698924e-06, 1.71878616584e-06, 2.65807966571e-06],
        "dvar": [1.00099532574e-05, 4.6985201152e-06, 4.27477834819e-06, 1.41885300309e-06, 1.06012358003e-07, 9.37293904713e-08, 1.38750792189e-07, 1.49396171878e-07, 2.43198854832e-07, 1.88131224377e-07, 7.17931811778e-08, 1.87680893049e-08, 1.97946956604e-08, 5.6140079252e-09, 2.34865660254e-09, 2.0919808108e-09, 8.25526424997e-10, 1.93166566076e-10, 1.41118408625e-10, 9.93907872671e-11, 1.04859387839e-09, 1.15663945088e-09, 3.00374197737e-10, 4.8169035427e-10, 6.7956590355e-10, 1.53360257826e-09, 3.99906247006e-10, 3.5100294199e-11, 9.2780415295e-11, 1.11145877224e-10, 5.69691550878e-11, 1.3498771545e-10, 2.02012601092e-10, 1.5008991272e-10, 7.16364398357e-11, 1.16443160669e-10, 7.16776013543e-11, 2.41979873639e-11, 1.07154172688e-11, 2.7015447171e-11],
        "dvar2": [2.075165321e-05, 1.30576245283e-05, 1.12652096504e-05, 4.01558463636e-06, 2.7211248721e-07, 2.4630313078e-07, 3.16522886123e-07, 3.60027542001e-07, 6.23139726486e-07, 5.42619829957e-07, 1.50294098944e-07, 3.50951232519e-08, 2.83588654781e-08, 1.30708377455e-08, 5.35932942469e-09, 5.02579267092e-09, 1.69754721391e-09, 4.13019785039e-10, 3.57347512692e-10, 2.53119220028e-10, 2.76792766485e-09, 3.02858182977e-09, 8.21960166597e-10, 1.34754551961e-09, 1.66765323772e-09, 4.03986621933e-09, 1.08788655862e-09, 8.02883662332e-11, 2.15445675189e-10, 2.79791551039e-10, 1.29685248651e-10, 2.934814336e-10, 4.29003610414e-10, 2.94525903666e-10, 1.28258723087e-10, 2.87303902891e-10, 1.79493128694e-10, 6.21683746149e-11, 2.77985898189e-11, 7.13601053248e-11],
        "max": [0.0253473278135, 0.0166431870311, 0.0150562236086, 0.0115756709129, 0.00308681791648, 0.00399710051715, 0.00623672455549, 0.00648175319657, 0.00890521425754, 0.00689890608191, 0.0066684326157, 0.00301546091214, 0.00455575576052, 0.00132646760903, 0.00118751404807, 0.00083065207582, 0.000750139879528, 0.00030525677721, 0.000175993569428, 0.000121581528219, 0.000310379866278, 0.000366788910469, 0.000193783693248, 0.000270630000159, 0.000343495514244, 0.00070780859096, 0.000387512816815, 0.00010136574565, 0.000181597759365, 0.000184596487088, 0.000115264505439, 0.000242030815571, 0.000351415452315, 0.000257416308159, 0.000169230508618, 0.000128400628455, 9.1691952548e-05, 7.72789280745e-05, 4.47920574516e-05, 6.85900304234e-05],
        "mean": [0.00426300382242, 0.00339949084446, 0.00133474718314, 0.000860035070218, 0.000329910079017, 0.000369889516151, 0.00031536957249, 0.000379050761694, 0.000428016704973, 0.00029847343103, 0.000256599392742, 0.000122137455037, 7.06305509084e-05, 4.71454695798e-05, 3.19057398883e-05, 2.50277989835e-05, 1.65605160873e-05, 9.10137896426e-06, 8.9471350293e-06, 9.08681431611e-06, 2.26394677156e-05, 1.79481758096e-05, 1.14854819913e-05, 1.2564239114e-05, 1.90511582332e-05, 2.4278249839e-05, 1.42134331327e-05, 4.50086372439e-06, 7.06759237801e-06, 8.07550986792e-06, 4.3004647523e-06, 4.36756999989e-06, 4.45753994427e-06, 3.54429971594e-06, 2.67678410637e-06, 3.68480118595e-06, 2.92163417726e-06, 1.68392830346e-06, 1.14050249067e-06, 1.62867684139e-06],
        "median": [0.00248680706136, 0.00284895626828, 0.000767585239373, 0.000541563727893, 0.000200200214749, 0.000198344292585, 0.000153659901116, 0.000192405539565, 0.000212112587178, 8.45347749419e-05, 8.47646369948e-05, 3.56715318048e-05, 1.30357520902e-05, 1.45075000546e-05, 1.24039015645e-05, 6.84578390064e-06, 4.52919857707e-06, 2.65278254119e-06, 3.88875423596e-06, 4.18534546043e-06, 1.00318102341e-05, 5.65789923712e-06, 6.06138792136e-06, 4.84019801661e-06, 8.06870775705e-06, 9.6136745924e-06, 6.37477751297e-06, 1.96810697162e-06, 3.18055731441e-06, 3.28489340973e-06, 1.59961666668e-06, 1.40731390275e-06, 1.32033517275e-06, 7.60306193115e-07, 4.37428724354e-07, 5.61418630696e-07, 2.98190258263e-07, 1.85661150454e-07, 1.29456481091e-07, 1.37459466032e-07],
        "min": [7.44308749745e-07, 1.26267309497e-06, 8.31129000289e-06, 3.35708500643e-06, 2.30966875847e-07, 1.0661755141e-06, 4.860847298e-07, 1.04149933122e-06, 4.18248134793e-07, 2.11008639894e-07, 2.57512965618e-07, 2.15371088075e-07, 7.50698987417e-08, 1.04005188462e-07, 5.87068100799e-08, 6.86722501086e-08, 2.44605775634e-08, 1.15788196808e-08, 1.81084978124e-08, 6.87705803415e-09, 9.44028428762e-08, 1.89025008979e-08, 9.55114956014e-08, 3.12041201767e-08, 6.18725337631e-08, 9.6566850516e-08, 6.98636242191e-08, 2.48264182545e-08, 6.21498585929e-08, 5.08218427342e-08, 1.97171967642e-08, 2.55660381754e-08, 1.10901634542e-08, 3.3833984503e-09, 1.88126225709e-09, 2.74884803808e-09, 1.81959636247e-09, 2.40732763584e-11, 1.9592263738e-13, 3.40275767632e-13],
