{
"highlevel": {
    "danceability": {
        "all": {
            "danceable": 0.99999755621,
            "not_danceable": 2.46500349022e-06
        },
        "probability": 0.99999755621,
        "value": "danceable"
    },
    "gender": {
        "all": {
            "female": 0.384557515383,
            "male": 0.615442454815
        },
        "probability": 0.615442454815,
        "value": "male"
    },
    "genre_dortmund": {
        "all": {
            "alternative": 0.0416217148304,
            "blues": 0.0358197875321,
            "electronic": 0.0753147676587,
            "folkcountry": 0.0404328107834,
            "funksoulrnb": 0.0429150313139,
            "jazz": 0.0577652193606,
            "pop": 0.0688142180443,
            "raphiphop": 0.547961831093,
            "rock": 0.089354634285
        },
        "probability": 0.547961831093,
        "value": "raphiphop"
    },
    "genre_electronic": {
        "all": {
            "ambient": 0.077656596899,
            "dnb": 0.048501111567,
            "house": 0.7033213377,
            "techno": 0.0132459439337,
            "trance": 0.157275021076
        },
        "probability": 0.7033213377,
        "value": "house"
    },
    "genre_rosamerica": {
        "all": {
            "cla": 0.000254419777775,
            "dan": 0.4408839643,
            "hip": 0.512816011906,
            "jaz": 0.000586638052482,
            "pop": 0.0183633267879,
            "rhy": 0.01950834319,
            "roc": 0.0070782052353,
            "spe": 0.00050912250299
        },
        "probability": 0.512816011906,
        "value": "hip"
    },
    "genre_tzanetakis": {
        "all": {
            "blu": 0.0626613423228,
            "cla": 0.0348169617355,
            "cou": 0.104475811124,
            "dis": 0.0784321576357,
            "hip": 0.15692435205,
            "jaz": 0.313974827528,
            "met": 0.0448166541755,
            "pop": 0.0627359300852,
            "reg": 0.0627360641956,
            "roc": 0.0784258767962
        },
        "probability": 0.313974827528,
        "value": "jaz"
    },
    "ismir04_rhythm": {
        "all": {
            "ChaChaCha": 0.396349281073,
            "Jive": 0.182386577129,
            "Quickstep": 0.0224029738456,
            "Rumba-American": 0.0154019398615,
            "Rumba-International": 0.0554474554956,
            "Rumba-Misc": 0.0206004101783,
            "Samba": 0.241977900267,
            "Tango": 0.0253231562674,
            "VienneseWaltz": 0.0296530351043,
            "Waltz": 0.0104572689161
        },
        "probability": 0.396349281073,
        "value": "ChaChaCha"
    },
    "mood_acoustic": {
        "all": {
            "acoustic": 0.0182358287275,
            "not_acoustic": 0.98176419735
        },
        "probability": 0.98176419735,
        "value": "not_acoustic"
    },
    "mood_aggressive": {
        "all": {
            "aggressive": 0.647483289242,
            "not_aggressive": 0.352516710758
        },
        "probability": 0.647483289242,
        "value": "aggressive"
    },
    "mood_electronic": {
        "all": {
            "electronic": 0.807757019997,
            "not_electronic": 0.192242994905
        },
        "probability": 0.807757019997,
        "value": "electronic"
    },
    "mood_happy": {
        "all": {
            "happy": 0.862955331802,
            "not_happy": 0.137044638395
        },
        "probability": 0.862955331802,
        "value": "happy"
    },
    "mood_party": {
        "all": {
            "not_party": 0.218923300505,
            "party": 0.781076729298
        },
        "probability": 0.781076729298,
        "value": "party"
    },
    "mood_relaxed": {
        "all": {
            "not_relaxed": 0.961658835411,
            "relaxed": 0.0383411683142
        },
        "probability": 0.961658835411,
        "value": "not_relaxed"
    },
    "mood_sad": {
        "all": {
            "not_sad": 0.86443811655,
            "sad": 0.135561913252
        },
        "probability": 0.86443811655,
        "value": "not_sad"
    },
    "moods_mirex": {
        "all": {
            "Cluster1": 0.152367785573,
            "Cluster2": 0.506795227528,
            "Cluster3": 0.110792569816,
            "Cluster4": 0.146882563829,
            "Cluster5": 0.0831618756056
        },
        "probability": 0.506795227528,
        "value": "Cluster2"
    },
    "timbre": {
        "all": {
            "bright": 0.973834574223,
            "dark": 0.0261654090136
        },
        "probability": 0.973834574223,
        "value": "bright"
    },
    "tonal_atonal": {
        "all": {
            "atonal": 0.131149411201,
            "tonal": 0.868850588799
        },
        "probability": 0.868850588799,
        "value": "tonal"
    },
    "voice_instrumental": {
        "all": {
            "instrumental": 0.0218741949648,
            "voice": 0.978125810623
        },
        "probability": 0.978125810623,
        "value": "voice"
    }
},
"lowlevel": {
    "average_loudness": 0.981355071068,
    "barkbands_crest": {
        "dmean": 3.43806004524,
        "dmean2": 5.30577325821,
        "dvar": 13.1626005173,
        "dvar2": 24.1293468475,
        "max": 26.1717662811,
        "mean": 13.1675653458,
        "median": 11.9659690857,
        "min": 1.84991705418,
        "var": 38.59998703
    },
    "barkbands_flatness_db": {
        "dmean": 0.0346141159534,
        "dmean2": 0.0516248568892,
        "dvar": 0.00142385123763,
        "dvar2": 0.00274391775019,
        "max": 0.392772108316,
        "mean": 0.164399206638,
        "median": 0.152262285352,
        "min": 0.0404271036386,
        "var": 0.00429434329271
    },
    "barkbands_kurtosis": {
        "dmean": 7.13081264496,
        "dmean2": 10.3907461166,
        "dvar": 226.200515747,
        "dvar2": 446.571838379,
        "max": 269.182220459,
        "mean": 9.69740581512,
        "median": 1.75698471069,
        "min": -1.95067322254,
        "var": 494.533355713
    },
    "barkbands_skewness": {
        "dmean": 0.968379795551,
        "dmean2": 1.36829316616,
        "dvar": 1.49593985081,
        "dvar2": 2.4246032238,
        "max": 15.1896867752,
        "mean": 2.12845921516,
        "median": 1.46566867828,
        "min": -3.7768239975,
        "var": 5.13623666763
    },
    "barkbands_spread": {
        "dmean": 10.8679742813,
        "dmean2": 16.488117218,
        "dvar": 140.8724823,
        "dvar2": 294.837768555,
        "max": 101.021354675,
        "mean": 29.7200317383,
        "median": 25.8071784973,
        "min": 1.00464677811,
        "var": 405.662414551
    },
    "dissonance": {
        "dmean": 0.017353432253,
        "dmean2": 0.0281584374607,
        "dvar": 0.000283246045001,
        "dvar2": 0.000731618260033,
        "max": 0.49992287159,
        "mean": 0.468561470509,
        "median": 0.4752420187,
        "min": 0.302179336548,
        "var": 0.000631276459899
    },
    "dynamic_complexity": 2.0777797699,
    "erbbands_crest": {
        "dmean": 2.98039150238,
        "dmean2": 4.82865905762,
        "dvar": 7.96439266205,
        "dvar2": 19.2970256805,
        "max": 25.1469249725,
        "mean": 8.66624927521,
        "median": 7.60868740082,
        "min": 2.18992114067,
        "var": 18.8850383759
    },
    "erbbands_flatness_db": {
        "dmean": 0.0202488880605,
        "dmean2": 0.0299825947732,
        "dvar": 0.000371025409549,
        "dvar2": 0.00072840298526,
        "max": 0.299756377935,
        "mean": 0.135381340981,
        "median": 0.130464449525,
        "min": 0.063300319016,
        "var": 0.00131760688964
    },
    "erbbands_kurtosis": {
        "dmean": 1.32670462132,
        "dmean2": 2.09068346024,
        "dvar": 7.73771429062,
        "dvar2": 17.7923164368,
        "max": 42.0719032288,
        "mean": 0.592748522758,
        "median": -0.371883869171,
        "min": -1.7574057579,
        "var": 12.1640281677
    },
    "erbbands_skewness": {
        "dmean": 0.466040551662,
        "dmean2": 0.674641549587,
        "dvar": 0.208722159266,
        "dvar2": 0.388656944036,
        "max": 2.14302396774,
        "mean": -0.112559743226,
        "median": -0.0114583699033,
        "min": -5.69513225555,
        "var": 0.9047062397
    },
    "erbbands_spread": {
        "dmean": 12.5397129059,
        "dmean2": 18.6547393799,
        "dvar": 153.905349731,
        "dvar2": 305.911010742,
        "max": 130.435745239,
        "mean": 50.5303382874,
        "median": 48.4966163635,
        "min": 3.79801416397,
        "var": 550.582580566
    },
    "hfc": {
        "dmean": 12.9542150497,
        "dmean2": 19.450006485,
        "dvar": 274.394683838,
        "dvar2": 632.127319336,
        "max": 186.167144775,
        "mean": 31.1819133759,
        "median": 25.7538414001,
        "min": 3.02640843391,
        "var": 545.161682129
    },
    "melbands_crest": {
        "dmean": 4.26207256317,
        "dmean2": 6.31507778168,
        "dvar": 22.4746665955,
        "dvar2": 41.3641281128,
        "max": 36.4540710449,
        "mean": 19.4248123169,
        "median": 18.6327590942,
        "min": 2.78166031837,
        "var": 64.957611084
    },
    "melbands_flatness_db": {
        "dmean": 0.0418747067451,
        "dmean2": 0.0616814903915,
        "dvar": 0.0025029364042,
        "dvar2": 0.00437299953774,
        "max": 0.483645379543,
        "mean": 0.204764351249,
        "median": 0.189296633005,
        "min": 0.0228971205652,
        "var": 0.00807024911046
    },
    "melbands_kurtosis": {
        "dmean": 24.6644897461,
        "dmean2": 35.9654693604,
        "dvar": 2837.77441406,
        "dvar2": 5445.43701172,
        "max": 678.494262695,
        "mean": 41.078742981,
        "median": 11.6696128845,
        "min": -1.89932024479,
        "var": 6442.13867188
    },
    "melbands_skewness": {
        "dmean": 1.53994083405,
        "dmean2": 2.19663405418,
        "dvar": 4.47809028625,
        "dvar2": 7.33537149429,
        "max": 23.2757930756,
        "mean": 4.3075504303,
        "median": 3.14775037766,
        "min": -1.40390753746,
        "var": 15.0061903
    },
    "melbands_spread": {
        "dmean": 12.1906557083,
        "dmean2": 19.0833339691,
        "dvar": 293.886993408,
        "dvar2": 593.704162598,
        "max": 192.541656494,
        "mean": 28.4081134796,
        "median": 22.4851150513,
        "min": 0.566929459572,
        "var": 699.682922363
    },
    "pitch_salience": {
        "dmean": 0.0994591861963,
        "dmean2": 0.15359929204,
        "dvar": 0.0116118947044,
        "dvar2": 0.024156767875,
        "max": 0.806185126305,
        "mean": 0.412928283215,
        "median": 0.437318682671,
        "min": 0.0323816910386,
        "var": 0.030379280448
    },
    "silence_rate_20dB": {
        "dmean": 0,
        "dmean2": 0,
        "dvar": 0,
        "dvar2": 0,
        "max": 1,
        "mean": 1,
        "median": 1,
        "min": 1,
        "var": 0
    },
    "silence_rate_30dB": {
        "dmean": 0.0851393193007,
        "dmean2": 0.170410528779,
        "dvar": 0.0778899565339,
        "dvar2": 0.141369432211,
        "max": 1,
        "mean": 0.787316322327,
        "median": 1,
        "min": 0,
        "var": 0.167447477579
    },
    "silence_rate_60dB": {
        "dmean": 0.0247678011656,
        "dmean2": 0.0495739728212,
        "dvar": 0.0241546127945,
        "dvar2": 0.0548616349697,
        "max": 1,
        "mean": 0.0247486457229,
        "median": 0,
        "min": 0,
        "var": 0.0241359528154
    },
    "spectral_centroid": {
        "dmean": 414.946899414,
        "dmean2": 603.849060059,
        "dvar": 149122.234375,
        "dvar2": 296610.3125,
        "max": 4796.13183594,
        "mean": 1961.61450195,
        "median": 1833.04187012,
        "min": 362.939453125,
        "var": 591387.3125
    },
    "spectral_complexity": {
        "dmean": 5.6710524559,
        "dmean2": 8.80015468597,
        "dvar": 40.4173469543,
        "dvar2": 91.6688613892,
        "max": 50,
        "mean": 19.4315547943,
        "median": 18,
        "min": 1,
        "var": 86.8733978271
    },
    "spectral_decrease": {
        "dmean": 6.17533224556e-09,
        "dmean2": 8.63807958495e-09,
        "dvar": 8.48486601376e-17,
        "dvar2": 1.25110723542e-16,
        "max": -2.2137339184e-10,
        "mean": -1.57723398786e-08,
        "median": -8.55489723506e-09,
        "min": -7.10601639753e-08,
        "var": 2.89299576802e-16
    },
    "spectral_energy": {
        "dmean": 0.023843023926,
        "dmean2": 0.0334272906184,
        "dvar": 0.00119990401436,
        "dvar2": 0.00175396131817,
        "max": 0.270238995552,
        "mean": 0.062356710434,
        "median": 0.0362452194095,
        "min": 0.00132822385058,
        "var": 0.00414650235325
    },
    "spectral_energyband_high": {
        "dmean": 0.00122695462778,
        "dmean2": 0.00195247051306,
        "dvar": 4.52412859886e-06,
        "dvar2": 9.3705702966e-06,
        "max": 0.0257195085287,
        "mean": 0.00202238210477,
        "median": 0.000984060228802,
        "min": 0.000149806059198,
        "var": 9.18434125197e-06
    },
    "spectral_energyband_low": {
        "dmean": 0.0210958067328,
        "dmean2": 0.0309814531356,
        "dvar": 0.00136135623325,
        "dvar2": 0.00210481532849,
        "max": 0.263160586357,
        "mean": 0.0461960956454,
        "median": 0.0178374610841,
        "min": 2.20169340537e-06,
        "var": 0.0041844509542
    },
    "spectral_energyband_middle_high": {
        "dmean": 0.00269565079361,
        "dmean2": 0.00391884148121,
        "dvar": 1.32250142997e-05,
        "dvar2": 2.61132699961e-05,
        "max": 0.0433676950634,
        "mean": 0.00590110523626,
        "median": 0.00341103551909,
        "min": 0.000254454585956,
        "var": 4.56071466033e-05
    },
    "spectral_energyband_middle_low": {
        "dmean": 0.00502782361582,
        "dmean2": 0.007882848382,
        "dvar": 5.55132282898e-05,
        "dvar2": 0.000145407175296,
        "max": 0.0785872638226,
        "mean": 0.00885313935578,
        "median": 0.00554218096659,
        "min": 3.68928958778e-05,
        "var": 8.89394723345e-05
    },
    "spectral_entropy": {
        "dmean": 0.211916714907,
        "dmean2": 0.323991686106,
        "dvar": 0.0436790473759,
        "dvar2": 0.0995257198811,
        "max": 8.60421562195,
        "mean": 7.74976682663,
        "median": 7.76756668091,
        "min": 6.77701711655,
        "var": 0.12108091265
    },
    "spectral_flux": {
        "dmean": 0.0635437071323,
        "dmean2": 0.0929374992847,
        "dvar": 0.00487591465935,
        "dvar2": 0.010254336521,
        "max": 0.460092037916,
        "mean": 0.125857204199,
        "median": 0.0929255187511,
        "min": 0.0183449890465,
        "var": 0.00815789401531
    },
    "spectral_kurtosis": {
        "dmean": 0.962590157986,
        "dmean2": 1.54022276402,
        "dvar": 0.84714359045,
        "dvar2": 2.05288290977,
        "max": 10.6066923141,
        "mean": 2.51263856888,
        "median": 2.30211830139,
        "min": -0.299619197845,
        "var": 2.20763611794
    },
    "spectral_rms": {
        "dmean": 0.00150927877985,
        "dmean2": 0.00201848871075,
        "dvar": 3.65011601389e-06,
        "dvar2": 4.89729973197e-06,
        "max": 0.0162372346967,
        "mean": 0.00684102531523,
        "median": 0.00594652770087,
        "min": 0.0011383445235,
        "var": 1.40361216836e-05
    },
    "spectral_rolloff": {
        "dmean": 963.562133789,
        "dmean2": 1582.44921875,
        "dvar": 1963560.25,
        "dvar2": 3786746.75,
        "max": 11326.4648438,
        "mean": 1900.71911621,
        "median": 1313.52539062,
        "min": 64.599609375,
        "var": 4293314.5
    },
    "spectral_skewness": {
        "dmean": 0.190801993012,
        "dmean2": 0.292638480663,
        "dvar": 0.0313271209598,
        "dvar2": 0.0614450089633,
        "max": 2.25624394417,
        "mean": 1.16565692425,
        "median": 1.17886078358,
        "min": -0.27657559514,
        "var": 0.132767513394
    },
    "spectral_spread": {
        "dmean": 723344.9375,
        "dmean2": 1048370.75,
        "dvar": 630200729600,
        "dvar2": 1.27762536858e+12,
        "max": 10051447,
        "mean": 5379652,
        "median": 5116370,
        "min": 1906639,
        "var": 1.64097058406e+12
    },
    "spectral_strongpeak": {
        "dmean": 0.508698105812,
        "dmean2": 0.850320398808,
        "dvar": 0.817332267761,
        "dvar2": 1.86142063141,
        "max": 9.83335590363,
        "mean": 0.9200283885,
        "median": 0.612284302711,
        "min": 0,
        "var": 1.15615797043
    },
    "zerocrossingrate": {
        "dmean": 0.0193169657141,
        "dmean2": 0.0215532109141,
        "dvar": 0.000406512641348,
        "dvar2": 0.000433511217125,
        "max": 0.30322265625,
        "mean": 0.0727954432368,
        "median": 0.0654296875,
        "min": 0.00390625,
        "var": 0.00232311384752
    },
    "barkbands": {
        "dmean": [0.00165849924088, 0.0192405246198, 0.00544284284115, 0.00164872594178, 0.00123113126028, 0.000804945302662, 0.00085641577607, 0.00128454877995, 0.00106960104313, 0.000375756586436, 0.00065070373239, 0.000644167768769, 0.000619830098003, 0.000541947607417, 0.000230822348385, 0.000244194088737, 0.000209416495636, 0.000405121740187, 0.000328094116412, 0.000210368511034, 0.000311092037009, 0.000333747710101, 0.00023502719705, 0.000156726426212, 0.000188779667951, 7.77659297455e-05, 1.24891430531e-08],
        "dmean2": [0.00228719343431, 0.0290379729122, 0.00966444611549, 0.00308378203772, 0.00199042796157, 0.00116637267638, 0.00129138701595, 0.00192176143173, 0.00158645398915, 0.000580762105528, 0.000936878554057, 0.000982236815616, 0.000937878969125, 0.000798929308075, 0.000372776441509, 0.000395209033741, 0.000360118487151, 0.000640768383164, 0.000503569375724, 0.000330132141244, 0.000488618039526, 0.000517133506946, 0.000383887672797, 0.000252432393609, 0.000314591918141, 0.000131541877636, 2.26673595449e-08],
        "dvar": [1.40896618177e-05, 0.00132079434115, 0.00020656111883, 1.91900780919e-05, 4.04047023039e-06, 2.17606566366e-06, 4.68064627057e-06, 1.05438048195e-05, 7.56862846174e-06, 1.15917475796e-06, 2.8711106097e-06, 2.17285014514e-06, 3.67467737306e-06, 1.93479831978e-06, 1.50654884123e-07, 1.46197308482e-07, 1.0556712482e-07, 3.98373401822e-07, 4.96770894642e-07, 1.42776144685e-07, 6.88529553372e-07, 6.7440970497e-07, 1.81938418109e-07, 5.46961160808e-08, 1.40747943078e-07, 3.00671025855e-08, 2.935612272e-15],
        "dvar2": [2.40804183704e-05, 0.00203794403933, 0.000580555584747, 5.67871647945e-05, 9.88352076092e-06, 4.48150376542e-06, 1.10562205009e-05, 2.24229042942e-05, 1.72840045707e-05, 2.82059136225e-06, 5.80318055654e-06, 4.9652890084e-06, 7.73768442741e-06, 3.41922054758e-06, 3.92068443489e-07, 3.64609746839e-07, 2.6484374871e-07, 8.66368509378e-07, 1.07811035832e-06, 2.77562321571e-07, 1.24945358948e-06, 1.43378656503e-06, 4.57992712199e-07, 1.30804508558e-07, 3.50149321093e-07, 7.55074509584e-08, 6.63167505394e-15],
        "max": [0.0267383679748, 0.254368275404, 0.0844009667635, 0.0265730470419, 0.0176740605384, 0.0199678428471, 0.0416536033154, 0.0415420085192, 0.046783272177, 0.0185137670487, 0.0247635357082, 0.0218159649521, 0.0311282016337, 0.0262371003628, 0.00584978144616, 0.00510044535622, 0.00306683871895, 0.00879094004631, 0.0135725475848, 0.00809942744672, 0.0149074578658, 0.0158994738013, 0.00729013048112, 0.00196438236162, 0.0033376456704, 0.00142377952579, 1.09885127131e-06],
        "mean": [0.00227359659038, 0.0384697280824, 0.00487894518301, 0.0012552231783, 0.00171119731385, 0.00126527587418, 0.00123401801102, 0.0016556532355, 0.00164563173894, 0.000454544962849, 0.000917076133192, 0.000768125522882, 0.000775347754825, 0.000694191316143, 0.000313289550832, 0.000331778428517, 0.000262047542492, 0.000688632077072, 0.000531169120222, 0.00035984677379, 0.000481058115838, 0.000529224285856, 0.000314300297759, 0.00025792841916, 0.000211488993955, 7.74585278123e-05, 8.41664427043e-09],
        "median": [3.87687796319e-05, 0.0120800696313, 0.000633116287645, 0.000255763152381, 0.000692791654728, 0.000258893880527, 0.000231406258536, 0.000473613064969, 0.000514265266247, 9.59034296102e-05, 0.000177978465217, 0.000180649862159, 0.000124093072372, 0.000168962913449, 0.000166399084264, 0.000166189813172, 0.000129450112581, 0.000350026646629, 0.000281457614619, 0.000236089850659, 0.000233396029216, 0.000216803528019, 0.000144492412801, 0.000149922416313, 8.36986582726e-05, 2.53916550719e-05, 8.64354643415e-10],
        "min": [1.60822395401e-08, 4.1262404693e-07, 3.27664707811e-07, 1.07005057259e-07, 2.20713991439e-06, 1.54140820996e-06, 6.43136317535e-08, 1.38936309213e-06, 1.94087579075e-06, 7.81353378443e-07, 8.15286568923e-07, 8.92590094281e-07, 1.11194481178e-06, 9.962149079e-07, 1.90969149116e-06, 1.0209556649e-06, 2.54412015011e-07, 4.48938408226e-06, 6.0708835008e-06, 5.66794142287e-06, 6.89770649842e-06, 1.14232370834e-05, 3.02182989742e-08, 1.07149598989e-05, 3.45577575445e-08, 3.48298993813e-11, 1.31082245752e-11],
        "var": [2.72252455034e-05, 0.00352413603105, 0.000135181937367, 1.13965861601e-05, 5.95772689849e-06, 5.41681947652e-06, 9.73879105004e-06, 1.55226771312e-05, 1.24209645946e-05, 1.48008814449e-06, 5.72906628804e-06, 3.08729249809e-06, 5.24828465132e-06, 3.5699606542e-06, 2.08309216987e-07, 2.57083172528e-07, 1.28782687625e-07, 9.22161859762e-07, 9.0013264753e-07, 2.73375576398e-07, 1.25792632844e-06, 1.43731210756e-06, 2.57200355236e-07, 7.94884229549e-08, 1.25301284015e-07, 2.53016114726e-08, 2.10329715748e-15]
    },
    "erbbands": {
        "dmean": [0.809416770935, 4.23613071442, 7.0429725647, 5.57370901108, 3.74307107925, 4.62825870514, 6.59075069427, 5.77644062042, 5.88694906235, 24.2129096985, 28.7775859833, 21.813035965, 14.9044237137, 18.6788368225, 21.1637115479, 22.9705944061, 26.9003238678, 33.5280647278, 11.1760349274, 12.7491140366, 14.6264572144, 12.2126531601, 20.610326767, 20.2816257477, 12.3397579193, 8.67669296265, 12.2284479141, 13.5169973373, 13.7505578995, 7.7878780365, 6.50760316849, 3.52246952057, 2.92338681221, 2.24040079117, 1.24060595036, 0.418134331703, 0.147623926401, 0.0159219652414, 0.000283567293081, 3.75652925868e-05],
        "dmean2": [1.12481272221, 6.13976240158, 11.7330856323, 10.2927217484, 6.51668834686, 7.41569328308, 9.52935314178, 8.49311923981, 9.10985946655, 36.1733283997, 42.9501800537, 31.8354988098, 22.8708076477, 26.2567710876, 31.5403518677, 34.2010231018, 40.3183364868, 48.0583953857, 17.4696235657, 20.2972354889, 23.8029689789, 20.4685707092, 32.7815513611, 31.362985611, 18.4316482544, 13.6412286758, 18.8337097168, 20.9740695953, 21.5397109985, 12.405790329, 10.6734724045, 5.70213842392, 4.82099056244, 3.73040747643, 2.06376934052, 0.695247173309, 0.253133654594, 0.0276699140668, 0.000486463599373, 5.59275940759e-05],
        "dvar": [3.00146842003, 54.7334480286, 266.221801758, 251.225357056, 60.9059410095, 62.1939468384, 137.838119507, 125.388702393, 117.034034729, 5100.07763672, 4364.76464844, 4482.84716797, 705.378845215, 2542.5859375, 3061.54980469, 3074.54833984, 6368.96777344, 7922.21923828, 415.940368652, 647.097229004, 537.212097168, 336.04296875, 1028.33996582, 2086.80639648, 529.983764648, 260.753997803, 1793.82397461, 841.519042969, 1291.07763672, 205.320968628, 141.730758667, 26.5440883636, 21.0019817352, 18.0421772003, 6.03259468079, 0.715782403946, 0.121870778501, 0.00182543264236, 5.37695825642e-07, 2.30887753361e-09],
        "dvar2": [4.2863240242, 108.401000977, 717.053466797, 725.094909668, 171.769515991, 152.220046997, 270.401977539, 275.454986572, 249.881225586, 12373.2753906, 9264.50390625, 10564.9677734, 1491.76647949, 4991.13134766, 7207.13085938, 6787.07519531, 14072.5966797, 13621.4589844, 969.77935791, 1711.20202637, 1374.2791748, 790.201538086, 2298.58154297, 4775.95996094, 885.944152832, 507.596343994, 3567.44995117, 1696.49365234, 2783.73291016, 521.645263672, 350.90234375, 63.9128227234, 50.3299674988, 44.3137130737, 14.9929876328, 1.7743127346, 0.316832304001, 0.00478924391791, 1.40219958666e-06, 4.46603376503e-09],
        "max": [11.7357110977, 54.0461769104, 114.374656677, 91.7107467651, 52.6602096558, 82.0176315308, 155.691925049, 141.478744507, 143.278091431, 1503.34069824, 1041.66320801, 1125.43408203, 245.937240601, 769.749389648, 909.656860352, 891.461120605, 1196.9119873, 1550.08447266, 302.358459473, 559.09967041, 326.809448242, 196.073303223, 405.488983154, 971.357971191, 668.00201416, 313.982818604, 792.913574219, 546.669006348, 658.653259277, 223.351287842, 183.223678589, 46.2027854919, 35.202583313, 36.6449966431, 21.3773994446, 6.22021245956, 3.27331519127, 0.383390516043, 0.00649576634169, 0.000343535473803],
        "mean": [1.45271754265, 7.08165597916, 7.73090457916, 4.40146493912, 4.02333211899, 6.27718687057, 11.0204391479, 8.51256656647, 8.01455974579, 35.9628105164, 39.2157363892, 31.6904239655, 22.2281723022, 25.8037872314, 30.0600261688, 28.5935440063, 35.2296028137, 44.6508712769, 16.3066768646, 17.5683574677, 19.6963176727, 17.3498001099, 34.5121192932, 34.7094917297, 22.4030513763, 14.8982105255, 17.5356750488, 20.2704620361, 21.0383720398, 12.263882637, 8.48535346985, 5.07036685944, 4.59970808029, 2.77879047394, 1.30749428272, 0.426110446453, 0.139518529177, 0.0131181906909, 0.000280815642327, 8.65438778419e-05],
        "median": [0.138934448361, 2.94610285759, 2.38860201836, 1.16930961609, 1.28666317463, 2.28922724724, 2.97289562225, 1.83247983456, 2.53654098511, 8.38518428802, 13.776049614, 9.69633579254, 7.5938205719, 5.82921743393, 7.905834198, 7.00848770142, 6.89699316025, 9.11786460876, 7.23205089569, 9.74551296234, 9.72453403473, 8.7171087265, 18.4640369415, 16.5564460754, 14.6664838791, 9.89217853546, 8.35883617401, 9.24716854095, 8.28210544586, 5.96513557434, 3.80343008041, 2.55737876892, 2.51242733002, 1.2769908905, 0.49781998992, 0.148170351982, 0.0443700514734, 0.00254730368033, 0.000109825952677, 6.15508397459e-05],
        "min": [2.81412176264e-05, 7.63106436352e-05, 0.000391440378735, 0.00262660020962, 0.00297758402303, 0.010377112776, 0.0140008060262, 0.0213390160352, 0.0149893732741, 0.0408844351768, 0.0271400008351, 0.070297382772, 0.0820026397705, 0.0677104741335, 0.0655546188354, 0.0887842550874, 0.115138471127, 0.153625413775, 0.190943777561, 0.332827478647, 0.225366860628, 0.535388052464, 0.328294873238, 0.412526875734, 0.745252788067, 0.575673878193, 0.64120644331, 0.408976644278, 0.377333760262, 0.28916490078, 0.0625244155526, 0.198535218835, 0.062285143882, 0.0181033872068, 0.000756500114221, 9.87422536127e-05, 2.85392034129e-05, 6.38214532955e-06, 3.91579533243e-06, 2.64520281235e-06],
        "var": [7.89091873169, 107.143173218, 213.9974823, 149.515518188, 50.6101531982, 86.7481460571, 375.287414551, 240.584762573, 205.469497681, 8838.54101562, 6909.03271484, 6538.32324219, 1341.25256348, 4810.98535156, 4510.98046875, 4336.58300781, 8702.91601562, 15538.4980469, 620.722290039, 778.101013184, 901.512878418, 479.639709473, 2110.2722168, 3959.20947266, 1125.94311523, 466.88369751, 2493.58178711, 1741.39709473, 2518.28027344, 400.823669434, 181.480560303, 39.0361557007, 28.7633781433, 17.6925792694, 5.30446481705, 0.635009050369, 0.0950849354267, 0.00134723749943, 3.99584791921e-07, 5.28834753766e-09]
    },
    "gfcc": {
        "mean": [30.4126243591, 57.5656967163, -109.004676819, 53.1926345825, -59.342830658, 29.2254905701, -29.5313835144, 24.6967201233, -18.8906383514, 10.4329795837, -12.7582244873, 2.6241209507, -12.298412323],
        "cov": [[1906.05493164, 432.955535889, 152.427368164, -121.739067078, 30.1141643524, -6.80986499786, -91.5830001831, -5.27600717545, -26.7140750885, -77.9617767334, -31.7932987213, -38.7669143677, -123.796257019], [432.955535889, 1107.38891602, -41.0979156494, -37.9095306396, 147.979934692, -12.5302677155, 92.645614624, -42.3283843994, 72.8328018188, -104.16696167, 165.002182007, -81.8305053711, 62.2366714478], [152.427368164, -41.0979156494, 720.007873535, 410.341094971, 123.563621521, 12.9133234024, 52.4308433533, 56.0008773804, 123.124954224, 48.6389198303, -47.4193153381, 13.2105779648, -23.7910270691], [-121.739067078, -37.9095306396, 410.341094971, 648.083435059, 144.00289917, 16.6987018585, 52.2195968628, -21.0610351562, 130.77305603, -16.8088207245, -41.4707489014, -30.1678924561, 80.1694412231], [30.1141643524, 147.979934692, 123.563621521, 144.00289917, 330.440002441, 121.62588501, 134.910797119, 50.6301345825, 53.7973060608, 20.7648048401, 37.3475914001, 4.66854810715, 19.6195144653], [-6.80986499786, -12.5302677155, 12.9133234024, 16.6987018585, 121.62588501, 273.46395874, 160.006500244, 15.7410840988, -10.1863145828, 10.7762451172, 19.3934936523, -23.6154003143, 24.1621494293], [-91.5830001831, 92.645614624, 52.4308433533, 52.2195968628, 134.910797119, 160.006500244, 285.293060303, 105.91784668, 57.1034622192, 35.2815437317, 69.3268737793, -13.3646345139, 2.89224767685], [-5.27600717545, -42.3283843994, 56.0008773804, -21.0610351562, 50.6301345825, 15.7410840988, 105.91784668, 190.494689941, 94.6268997192, 45.3770980835, 29.8912200928, -2.20360207558, -33.9700317383], [-26.7140750885, 72.8328018188, 123.124954224, 130.77305603, 53.7973060608, -10.1863145828, 57.1034622192, 94.6268997192, 189.436019897, 56.5767173767, 30.8398113251, -25.0695075989, 26.4376239777], [-77.9617767334, -104.16696167, 48.6389198303, -16.8088207245, 20.7648048401, 10.7762451172, 35.2815437317, 45.3770980835, 56.5767173767, 122.121940613, 36.3473129272, 18.4728946686, -11.3239345551], [-31.7932987213, 165.002182007, -47.4193153381, -41.4707489014, 37.3475914001, 19.3934936523, 69.3268737793, 29.8912200928, 30.8398113251, 36.3473129272, 151.776916504, 32.5736656189, 16.0289726257], [-38.7669143677, -81.8305053711, 13.2105779648, -30.1678924561, 4.66854810715, -23.6154003143, -13.3646345139, -2.20360207558, -25.0695075989, 18.4728946686, 32.5736656189, 104.494094849, 30.2320194244], [-123.796257019, 62.2366714478, -23.7910270691, 80.1694412231, 19.6195144653, 24.1621494293, 2.89224767685, -33.9700317383, 26.4376239777, -11.3239345551, 16.0289726257, 30.2320194244, 148.860946655]],
        "icov": [[0.00075501651736, -0.000582855078392, -0.000164742290508, 2.45152696152e-05, 0.000132020286401, -0.000622944615316, 0.000699251017068, -0.000389008491766, 2.13255643757e-05, 2.40956851485e-05, 0.000587998190895, -0.000651016889606, 0.000880341685843], [-0.000582855078392, 0.00335222226568, -0.00110325706191, 0.0021061792504, -0.00195082498249, 0.00255330954678, -0.00185343739577, 0.00287115154788, -0.0018187253736, 0.00402295775712, -0.00441749440506, 0.00459447782487, -0.00249135005288], [-0.000164742290508, -0.00110325706191, 0.00344683974981, -0.00280847796239, 0.000657700176816, -0.00121104018763, 0.000542939349543, -0.00127889332362, -0.000209382880712, -0.00239190435968, 0.00259323534556, -0.00359149300493, 0.00250052660704], [2.45152696152e-05, 0.0021061792504, -0.00280847796239, 0.00532299047336, -0.00224473094568, 0.00228463066742, -0.00185754941776, 0.00371485529467, -0.00309998588637, 0.00419995188713, -0.00226436415687, 0.00412132032216, -0.00309002073482], [0.000132020286401, -0.00195082498249, 0.000657700176816, -0.00224473094568, 0.00572054181248, -0.00300275953487, 0.000175634413608, -0.00211461726576, 0.000748361693695, -0.00237161130644, 0.00208520074375, -0.00371004990302, 0.00170251319651], [-0.000622944615316, 0.00255330954678, -0.00121104018763, 0.00228463066742, -0.00300275953487, 0.00909196678549, -0.0054887807928, 0.00313390861265, 0.000866265967488, 0.00178282428533, -0.00265378458425, 0.0060792141594, -0.004234790802], [0.000699251017068, -0.00185343739577, 0.000542939349543, -0.00185754941776, 0.000175634413608, -0.0054887807928, 0.00961183384061, -0.0055844085291, 0.00149960140698, -0.00199572369456, -0.000484773103381, -0.00159299874213, 0.00180779048242], [-0.000389008491766, 0.00287115154788, -0.00127889332362, 0.00371485529467, -0.00211461726576, 0.00313390861265, -0.0055844085291, 0.0136353559792, -0.00802806578577, 0.0041387709789, -0.00238990574144, 0.00152705586515, 0.000949005712755], [2.13255643757e-05, -0.0018187253736, -0.000209382880712, -0.00309998588637, 0.000748361693695, 0.000866265967488, 0.00149960140698, -0.00802806578577, 0.014859800227, -0.00732862111181, -2.91373216896e-05, 0.00382775184698, -0.0036570392549], [2.40956851485e-05, 0.00402295775712, -0.00239190435968, 0.00419995188713, -0.00237161130644, 0.00178282428533, -0.00199572369456, 0.0041387709789, -0.00732862111181, 0.0174291394651, -0.00666529033333, 0.00238022953272, -0.000437928800238], [0.000587998190895, -0.00441749440506, 0.00259323534556, -0.00226436415687, 0.00208520074375, -0.00265378458425, -0.000484773103381, -0.00238990574144, -2.91373216896e-05, -0.00666529033333, 0.0155466413125, -0.00968101806939, 0.0033800075762], [-0.000651016889606, 0.00459447782487, -0.00359149300493, 0.00412132032216, -0.00371004990302, 0.0060792141594, -0.00159299874213, 0.00152705586515, 0.00382775184698, 0.00238022953272, -0.00968101806939, 0.0221529528499, -0.00932950247079], [0.000880341685843, -0.00249135005288, 0.00250052660704, -0.00309002073482, 0.00170251319651, -0.004234790802, 0.00180779048242, 0.000949005712755, -0.0036570392549, -0.000437928800238, 0.0033800075762, -0.00932950247079, 0.0133465230465]]
    },
    "melbands": {
        "dmean": [0.00604962324724, 0.0041150986217, 0.000918250356335, 0.000274151389021, 0.000220723290113, 0.000135772963404, 0.000107994230348, 0.000272860663245, 0.000237489075516, 0.000133233144879, 7.55112341722e-05, 7.42461925256e-05, 8.6321386334e-05, 5.50494623894e-05, 7.8033466707e-05, 6.38173660263e-05, 6.24793538009e-05, 1.90700502571e-05, 1.90105438378e-05, 1.5957180949e-05, 1.73429834831e-05, 1.36667540573e-05, 1.68202823261e-05, 2.00751801458e-05, 1.80189163075e-05, 1.09739185064e-05, 8.4279145085e-06, 5.52494475414e-06, 8.3691547843e-06, 6.86888188284e-06, 8.73958015291e-06, 8.911052646e-06, 5.52214441996e-06, 4.20139485868e-06, 3.97094936488e-06, 3.17041872222e-06, 1.96044402401e-06, 2.2135193376e-06, 2.06470940611e-06, 1.95686970983e-06],
        "dmean2": [0.00876214075834, 0.00616260850802, 0.00166750291828, 0.000459847098682, 0.000317971513141, 0.000198728055693, 0.000166121055372, 0.000405567028793, 0.000354928663, 0.000195496264496, 0.000116045208415, 0.000105048129626, 0.000126854982227, 8.54053287185e-05, 0.00011972579523, 9.53063208726e-05, 8.99589576875e-05, 3.08783346554e-05, 3.06154397549e-05, 2.54802416748e-05, 2.89746585622e-05, 2.35127317865e-05, 2.67053801508e-05, 3.14810749842e-05, 2.85430414806e-05, 1.66312565852e-05, 1.32281729748e-05, 8.86814905243e-06, 1.3151834537e-05, 1.06537181637e-05, 1.39117400977e-05, 1.41664204421e-05, 8.67930702952e-06, 6.77522075421e-06, 6.48258173896e-06, 5.27964857611e-06, 3.21901256939e-06, 3.68465953215e-06, 3.42490079674e-06, 3.26861209032e-06],
        "dvar": [0.000140656615258, 5.77502214583e-05, 6.20815444563e-06, 2.48049332185e-07, 1.27369261804e-07, 6.30273504498e-08, 4.36530740444e-08, 5.64296158245e-07, 2.88010596705e-07, 1.39613931083e-07, 1.9442612853e-08, 4.16568788353e-08, 5.42295595096e-08, 1.91318711984e-08, 6.78588207847e-08, 2.92625159659e-08, 3.16673727241e-08, 1.78498715808e-09, 1.12760478732e-09, 8.29438684402e-10, 7.74577124663e-10, 4.72781702676e-10, 6.84784839944e-10, 1.44126244273e-09, 2.04503769474e-09, 4.32707508713e-10, 2.35517411129e-10, 9.59340246132e-11, 9.06219155272e-10, 4.13399398047e-10, 3.09233083584e-10, 5.82248471659e-10, 1.56323454181e-10, 6.05915526086e-11, 5.81927631083e-11, 2.70683093995e-11, 8.06769234751e-12, 1.18080649425e-11, 1.12676040373e-11, 1.50714701136e-11],
        "dvar2": [0.000204413212487, 0.000139314608532, 1.78852860699e-05, 6.34732373328e-07, 2.52771911846e-07, 1.35048225047e-07, 9.9309744428e-08, 1.33450475914e-06, 6.06261892244e-07, 3.25759344832e-07, 4.114482266e-08, 8.61329354507e-08, 1.22058992247e-07, 4.40726779516e-08, 1.52295555722e-07, 5.35248396716e-08, 5.30198001059e-08, 4.4983266001e-09, 3.0521529748e-09, 2.06827532878e-09, 2.01352534646e-09, 1.18258025594e-09, 1.63529467745e-09, 2.96361002405e-09, 4.68548133625e-09, 8.21334833478e-10, 4.22271578815e-10, 1.999333199e-10, 2.00515337667e-09, 7.36931626832e-10, 6.76104172648e-10, 1.28896116003e-09, 3.53867685154e-10, 1.59055685289e-10, 1.41720968294e-10, 6.70753244614e-11, 1.98526264872e-11, 2.90928826169e-11, 2.70593807777e-11, 3.74344479026e-11],
        "max": [0.0816293954849, 0.0584838502109, 0.0145638138056, 0.00460270466283, 0.00512879481539, 0.00310976756737, 0.00310685345903, 0.0150227844715, 0.00754230469465, 0.00617642281577, 0.00124597200193, 0.00318101793528, 0.00377843272872, 0.00191472994629, 0.00501129217446, 0.00238610547967, 0.00342166237533, 0.000704924459569, 0.000513151811901, 0.00059962720843, 0.00035450651194, 0.000219138993998, 0.000281928863842, 0.000670849403832, 0.000998085248284, 0.000503343064338, 0.00036414663191, 0.00016850749671, 0.000623445317615, 0.000352022674633, 0.000300714222249, 0.000481143855723, 0.000170666360646, 0.00013698991097, 0.000143476572703, 4.12284280173e-05, 2.58744221355e-05, 2.77786348306e-05, 3.14954959322e-05, 3.3512020309e-05],
        "mean": [0.0116157513112, 0.00596039742231, 0.000779738998972, 0.000343664869433, 0.000373568065697, 0.000204015144845, 0.000150335094077, 0.000398982258048, 0.000324858876411, 0.000194751730305, 0.000108641761472, 9.89532054518e-05, 0.000121764271171, 6.68889042572e-05, 8.68702773005e-05, 8.718312165e-05, 7.96768581495e-05, 2.38548436755e-05, 2.49300574069e-05, 2.18396635319e-05, 2.19772846322e-05, 1.63553831953e-05, 2.46241288551e-05, 3.41160593962e-05, 2.83084063994e-05, 1.74709784915e-05, 1.45594904097e-05, 8.38099913381e-06, 1.09946176963e-05, 1.0248714716e-05, 1.23194286061e-05, 1.28542887978e-05, 8.72378132044e-06, 6.1573732637e-06, 5.08363427798e-06, 3.85546672987e-06, 2.72291481451e-06, 3.25393625644e-06, 2.93593643619e-06, 2.17074193642e-06],
        "median": [0.00228208210319, 0.00307964161038, 0.000227443830227, 0.000128707994008, 0.000123652484035, 4.18654090026e-05, 4.12697954744e-05, 0.000102877471363, 9.80764307315e-05, 5.65692607779e-05, 3.20452054439e-05, 2.1403973733e-05, 2.68689818768e-05, 1.6811889509e-05, 1.45707590491e-05, 1.44956902659e-05, 1.54511144501e-05, 9.01862949831e-06, 1.29294103317e-05, 1.12708157758e-05, 1.06716270238e-05, 7.47689546188e-06, 1.30302014441e-05, 1.47133505379e-05, 1.28559850054e-05, 9.8263453765e-06, 9.81658740784e-06, 5.13822124049e-06, 5.02062539454e-06, 4.48990749646e-06, 5.07679396833e-06, 4.6129725888e-06, 3.97920348405e-06, 3.04833520204e-06, 2.34439949054e-06, 1.71959879935e-06, 1.38384518777e-06, 1.70531347976e-06, 1.62251171787e-06, 8.37214372496e-07],
        "min": [3.58751321983e-07, 1.37688516588e-07, 3.8909831801e-07, 3.73545844923e-07, 5.33269030711e-07, 4.62993000383e-07, 4.49071464459e-08, 3.51712742486e-07, 1.46550689806e-07, 1.96373463268e-07, 8.68202647553e-08, 1.96705428834e-07, 1.59150715717e-07, 1.13261805268e-07, 9.50723091364e-08, 9.74163185674e-08, 1.74500144112e-07, 2.30925820688e-07, 1.36859426902e-07, 1.04523209643e-07, 7.69523609279e-08, 2.41091004938e-08, 2.12045804915e-07, 1.94043835222e-07, 3.19019903827e-07, 3.50257096216e-07, 2.80863389435e-07, 1.79495259545e-07, 3.88378424532e-07, 1.2725746501e-07, 1.12994101187e-07, 5.48329026628e-08, 2.23316988013e-07, 4.11478957574e-08, 1.17039239411e-10, 1.75523345858e-10, 9.11179043328e-08, 7.307840999e-09, 8.71522021217e-10, 7.20842552315e-11],
