{
"highlevel": {
    "danceability": {
        "all": {
            "danceable": 0.636594712734,
            "not_danceable": 0.363405317068
        },
        "probability": 0.636594712734,
        "value": "danceable"
    },
    "gender": {
        "all": {
            "female": 0.0342178978026,
            "male": 0.965782105923
        },
        "probability": 0.965782105923,
        "value": "male"
    },
    "genre_dortmund": {
        "all": {
            "alternative": 0.127649456263,
            "blues": 0.0307011995465,
            "electronic": 0.0175903476775,
            "folkcountry": 0.0317379049957,
            "funksoulrnb": 0.00749241234735,
            "jazz": 0.025182262063,
            "pop": 0.0354105085135,
            "raphiphop": 0.00912890769541,
            "rock": 0.715107023716
        },
        "probability": 0.715107023716,
        "value": "rock"
    },
    "genre_electronic": {
        "all": {
            "ambient": 0.356250882149,
            "dnb": 0.161726623774,
            "house": 0.0409087352455,
            "techno": 0.01356661506,
            "trance": 0.427547156811
        },
        "probability": 0.427547156811,
        "value": "trance"
    },
    "genre_rosamerica": {
        "all": {
            "cla": 0.0052813696675,
            "dan": 0.106192559004,
            "hip": 0.0196199733764,
            "jaz": 0.0184525642544,
            "pop": 0.114021331072,
            "rhy": 0.0316520296037,
            "roc": 0.694955050945,
            "spe": 0.00982510205358
        },
        "probability": 0.694955050945,
        "value": "roc"
    },
    "genre_tzanetakis": {
        "all": {
            "blu": 0.0626541376114,
            "cla": 0.0348133966327,
            "cou": 0.0783501937985,
            "dis": 0.104547761381,
            "hip": 0.15693578124,
            "jaz": 0.313987255096,
            "met": 0.044816005975,
            "pop": 0.0627349764109,
            "reg": 0.0627352520823,
            "roc": 0.0784252434969
        },
        "probability": 0.313987255096,
        "value": "jaz"
    },
    "ismir04_rhythm": {
        "all": {
            "ChaChaCha": 0.0563682764769,
            "Jive": 0.223277315497,
            "Quickstep": 0.0518487766385,
            "Rumba-American": 0.0249562337995,
            "Rumba-International": 0.114576160908,
            "Rumba-Misc": 0.0127060608938,
            "Samba": 0.355669915676,
            "Tango": 0.00731781916693,
            "VienneseWaltz": 0.141779333353,
            "Waltz": 0.0115001183003
        },
        "probability": 0.355669915676,
        "value": "Samba"
    },
    "mood_acoustic": {
        "all": {
            "acoustic": 0.177351519465,
            "not_acoustic": 0.822648465633
        },
        "probability": 0.822648465633,
        "value": "not_acoustic"
    },
    "mood_aggressive": {
        "all": {
            "aggressive": 0.83593070507,
            "not_aggressive": 0.164069280028
        },
        "probability": 0.83593070507,
        "value": "aggressive"
    },
    "mood_electronic": {
        "all": {
            "electronic": 0.573737502098,
            "not_electronic": 0.426262497902
        },
        "probability": 0.573737502098,
        "value": "electronic"
    },
    "mood_happy": {
        "all": {
            "happy": 0.258036315441,
            "not_happy": 0.741963684559
        },
        "probability": 0.741963684559,
        "value": "not_happy"
    },
    "mood_party": {
        "all": {
            "not_party": 0.803588986397,
            "party": 0.196411013603
        },
        "probability": 0.803588986397,
        "value": "not_party"
    },
    "mood_relaxed": {
        "all": {
            "not_relaxed": 0.711382448673,
            "relaxed": 0.288617581129
        },
        "probability": 0.711382448673,
        "value": "not_relaxed"
    },
    "mood_sad": {
        "all": {
            "not_sad": 0.599684774876,
            "sad": 0.400315225124
        },
        "probability": 0.599684774876,
        "value": "not_sad"
    },
    "moods_mirex": {
        "all": {
            "Cluster1": 0.485383272171,
            "Cluster2": 0.0769776403904,
            "Cluster3": 0.127068027854,
            "Cluster4": 0.0312771722674,
            "Cluster5": 0.279293894768
        },
        "probability": 0.485383272171,
        "value": "Cluster1"
    },
    "timbre": {
        "all": {
            "bright": 0.202110782266,
            "dark": 0.797889232635
        },
        "probability": 0.797889232635,
        "value": "dark"
    },
    "tonal_atonal": {
        "all": {
            "atonal": 0.0159867648035,
            "tonal": 0.984013259411
        },
        "probability": 0.984013259411,
        "value": "tonal"
    },
    "voice_instrumental": {
        "all": {
            "instrumental": 8.98031066754e-05,
            "voice": 0.9999101758
        },
        "probability": 0.9999101758,
        "value": "voice"
    }
},
"lowlevel": {
    "average_loudness": 0.974562466145,
    "barkbands_crest": {
        "dmean": 2.672778368,
        "dmean2": 4.33436346054,
        "dvar": 5.21122980118,
        "dvar2": 13.6364097595,
        "max": 23.5026111603,
        "mean": 10.4879522324,
        "median": 9.92219829559,
        "min": 3.83116769791,
        "var": 12.7918014526
    },
    "barkbands_flatness_db": {
        "dmean": 0.021265225485,
        "dmean2": 0.0337966233492,
        "dvar": 0.000384005281376,
        "dvar2": 0.000927952874918,
        "max": 0.353164613247,
        "mean": 0.150554299355,
        "median": 0.143741711974,
        "min": 0.0676578506827,
        "var": 0.00190749997273
    },
    "barkbands_kurtosis": {
        "dmean": 3.8900706768,
        "dmean2": 6.18897438049,
        "dvar": 37.5450019836,
        "dvar2": 97.6528930664,
        "max": 107.914863586,
        "mean": 6.40686845779,
        "median": 3.75169658661,
        "min": -1.46154904366,
        "var": 84.4349899292
    },
    "barkbands_skewness": {
        "dmean": 0.600623607635,
        "dmean2": 0.929706692696,
        "dvar": 0.357324570417,
        "dvar2": 0.902556955814,
        "max": 9.57545661926,
        "mean": 2.08844470978,
        "median": 1.94796419144,
        "min": -0.685039997101,
        "var": 1.59608411789
    },
    "barkbands_spread": {
        "dmean": 4.85650873184,
        "dmean2": 7.51190042496,
        "dvar": 26.8455429077,
        "dvar2": 61.4962921143,
        "max": 65.1792526245,
        "mean": 19.0761032104,
        "median": 18.2464752197,
        "min": 1.76165652275,
        "var": 91.3915252686
    },
    "dissonance": {
        "dmean": 0.0182116236538,
        "dmean2": 0.0308006219566,
        "dvar": 0.000305606925394,
        "dvar2": 0.000824565126095,
        "max": 0.499159812927,
        "mean": 0.464992344379,
        "median": 0.4719620049,
        "min": 0.319100499153,
        "var": 0.000712751352694
    },
    "dynamic_complexity": 1.59486269951,
    "erbbands_crest": {
        "dmean": 2.52634716034,
        "dmean2": 4.02852106094,
        "dvar": 5.37635421753,
        "dvar2": 13.8109264374,
        "max": 28.7534599304,
        "mean": 8.79293727875,
        "median": 7.73584032059,
        "min": 2.43052697182,
        "var": 18.3971691132
    },
    "erbbands_flatness_db": {
        "dmean": 0.0125496443361,
        "dmean2": 0.0192875638604,
        "dvar": 0.000135403373861,
        "dvar2": 0.000303321547108,
        "max": 0.344424188137,
        "mean": 0.145443946123,
        "median": 0.134671211243,
        "min": 0.0774321258068,
        "var": 0.0021134710405
    },
    "erbbands_kurtosis": {
        "dmean": 0.750801861286,
        "dmean2": 1.23322355747,
        "dvar": 1.39218842983,
        "dvar2": 3.73642110825,
        "max": 19.9579772949,
        "mean": 0.328459829092,
        "median": -0.416471481323,
        "min": -1.62290453911,
        "var": 4.20050477982
    },
    "erbbands_skewness": {
        "dmean": 0.320552796125,
        "dmean2": 0.508824884892,
        "dvar": 0.0857235789299,
        "dvar2": 0.210016816854,
        "max": 4.07670354843,
        "mean": 0.382744848728,
        "median": 0.314638644457,
        "min": -1.48904180527,
        "var": 0.394184231758
    },
    "erbbands_spread": {
        "dmean": 7.99191474915,
        "dmean2": 12.2944984436,
        "dvar": 61.4137649536,
        "dvar2": 132.043563843,
        "max": 120.467720032,
        "mean": 47.638343811,
        "median": 46.9623298645,
        "min": 4.78408956528,
        "var": 527.34576416
    },
    "hfc": {
        "dmean": 4.91459608078,
        "dmean2": 7.54989004135,
        "dvar": 23.4865207672,
        "dvar2": 53.7732009888,
        "max": 68.9991912842,
        "mean": 25.6774978638,
        "median": 25.0918197632,
        "min": 0.340771406889,
        "var": 143.576034546
    },
    "melbands_crest": {
        "dmean": 3.47038269043,
        "dmean2": 5.66961288452,
        "dvar": 7.90030765533,
        "dvar2": 19.9287471771,
        "max": 32.9764289856,
        "mean": 15.5955562592,
        "median": 15.085729599,
        "min": 4.4570980072,
        "var": 23.7957267761
    },
    "melbands_flatness_db": {
        "dmean": 0.0257872138172,
        "dmean2": 0.0400625430048,
        "dvar": 0.00058056745911,
        "dvar2": 0.0013866701629,
        "max": 0.385438710451,
        "mean": 0.203791424632,
        "median": 0.197682276368,
        "min": 0.103571280837,
        "var": 0.00235984404571
    },
    "melbands_kurtosis": {
        "dmean": 10.9808530807,
        "dmean2": 17.4351825714,
        "dvar": 338.229309082,
        "dvar2": 865.827148438,
        "max": 394.712615967,
        "mean": 22.4664535522,
        "median": 14.2962970734,
        "min": -0.788439750671,
        "var": 803.177490234
    },
    "melbands_skewness": {
        "dmean": 0.879348516464,
        "dmean2": 1.37567996979,
        "dvar": 0.841077983379,
        "dvar2": 2.03387928009,
        "max": 16.0347080231,
        "mean": 3.51590371132,
        "median": 3.30987548828,
        "min": -0.657736301422,
        "var": 4.20801258087
    },
    "melbands_spread": {
        "dmean": 4.84808540344,
        "dmean2": 7.50747156143,
        "dvar": 23.3856315613,
        "dvar2": 57.7058830261,
        "max": 49.4949569702,
        "mean": 16.6351528168,
        "median": 14.9097776413,
        "min": 1.21540510654,
        "var": 82.9927062988
    },
    "pitch_salience": {
        "dmean": 0.0769908130169,
        "dmean2": 0.127026244998,
        "dvar": 0.00444243848324,
        "dvar2": 0.0115842409432,
        "max": 0.80444419384,
        "mean": 0.530005991459,
        "median": 0.526619493961,
        "min": 0.173630028963,
        "var": 0.0109354760498
    },
    "silence_rate_20dB": {
        "dmean": 0,
        "dmean2": 0,
        "dvar": 0,
        "dvar2": 0,
        "max": 1,
        "mean": 1,
        "median": 1,
        "min": 1,
        "var": 0
    },
    "silence_rate_30dB": {
        "dmean": 0.0247678011656,
        "dmean2": 0.0495739728212,
        "dvar": 0.0241547450423,
        "dvar2": 0.0688043162227,
        "max": 1,
        "mean": 0.986078858376,
        "median": 1,
        "min": 0,
        "var": 0.0137273799628
    },
    "silence_rate_60dB": {
        "dmean": 0.0030959751457,
        "dmean2": 0.00619674660265,
        "dvar": 0.00308636645786,
        "dvar2": 0.00770741328597,
        "max": 1,
        "mean": 0.00773395225406,
        "median": 0,
        "min": 0,
        "var": 0.00767426658422
    },
    "spectral_centroid": {
        "dmean": 213.112304688,
        "dmean2": 333.704925537,
        "dvar": 44776.7460938,
        "dvar2": 110779.6875,
        "max": 2569.3815918,
        "mean": 1090.13684082,
        "median": 1061.05810547,
        "min": 246.541213989,
        "var": 144751.4375
    },
    "spectral_complexity": {
        "dmean": 3.87074303627,
        "dmean2": 5.99070501328,
        "dvar": 13.4144086838,
        "dvar2": 29.3600730896,
        "max": 49,
        "mean": 23.1670532227,
        "median": 23,
        "min": 2,
        "var": 73.653503418
    },
    "spectral_decrease": {
        "dmean": 3.92907573143e-09,
        "dmean2": 6.28995611152e-09,
        "dvar": 2.37001936224e-17,
        "dvar2": 6.11894218816e-17,
        "max": -2.66007660343e-10,
        "mean": -1.22229781852e-08,
        "median": -1.12705356159e-08,
        "min": -4.56986839481e-08,
        "var": 4.46343713771e-17
    },
    "spectral_energy": {
        "dmean": 0.0151083953679,
        "dmean2": 0.024157403037,
        "dvar": 0.000344552856404,
        "dvar2": 0.000888238137122,
        "max": 0.175939664245,
        "mean": 0.0484613440931,
        "median": 0.0451088175178,
        "min": 0.00103488226887,
        "var": 0.000662676233333
    },
    "spectral_energyband_high": {
        "dmean": 0.000272026227321,
        "dmean2": 0.00038646889152,
        "dvar": 1.3314836167e-07,
        "dvar2": 2.56325449755e-07,
        "max": 0.00611171731725,
        "mean": 0.000948523986153,
        "median": 0.000746228964999,
        "min": 1.68237511389e-06,
        "var": 5.71142038552e-07
    },
    "spectral_energyband_low": {
        "dmean": 0.0115370964631,
        "dmean2": 0.0190381649882,
        "dvar": 0.00033298440394,
        "dvar2": 0.000881925574504,
        "max": 0.155445873737,
        "mean": 0.0233888290823,
        "median": 0.0172317940742,
        "min": 1.11786243906e-06,
        "var": 0.000521098496392
    },
    "spectral_energyband_middle_high": {
        "dmean": 0.00210217712447,
        "dmean2": 0.00326062552631,
        "dvar": 8.28054817248e-06,
        "dvar2": 2.02369719773e-05,
        "max": 0.0473597310483,
        "mean": 0.00773020880297,
        "median": 0.0045666587539,
        "min": 3.35558906954e-05,
        "var": 5.74693294766e-05
    },
    "spectral_energyband_middle_low": {
        "dmean": 0.00789693370461,
        "dmean2": 0.0123689761385,
        "dvar": 7.53847853048e-05,
        "dvar2": 0.000170937273651,
        "max": 0.0828782841563,
        "mean": 0.0208765305579,
        "median": 0.0172096770257,
        "min": 0.000542643188965,
        "var": 0.000193820247659
    },
    "spectral_entropy": {
        "dmean": 0.129852756858,
        "dmean2": 0.203105479479,
        "dvar": 0.015171139501,
        "dvar2": 0.0341459698975,
        "max": 8.41542053223,
        "mean": 7.65178728104,
        "median": 7.70573329926,
        "min": 5.76796722412,
        "var": 0.103624604642
    },
    "spectral_flux": {
        "dmean": 0.0333595760167,
        "dmean2": 0.0533603802323,
        "dvar": 0.00123576028273,
        "dvar2": 0.00253768707626,
        "max": 0.337440431118,
        "mean": 0.11493524164,
        "median": 0.103597342968,
        "min": 0.0109668970108,
        "var": 0.00241263513453
    },
    "spectral_kurtosis": {
        "dmean": 0.925095379353,
        "dmean2": 1.54998648167,
        "dvar": 0.943129718304,
        "dvar2": 2.55302476883,
        "max": 15.7020702362,
        "mean": 2.98917007446,
        "median": 2.68880319595,
        "min": -0.501542568207,
        "var": 2.97741937637
    },
    "spectral_rms": {
        "dmean": 0.00104159023613,
        "dmean2": 0.00163031381089,
        "dvar": 1.17877834782e-06,
        "dvar2": 2.85715213977e-06,
        "max": 0.0131014678627,
        "mean": 0.00662634521723,
        "median": 0.00663389824331,
        "min": 0.00100480904803,
        "var": 3.37086544278e-06
    },
    "spectral_rolloff": {
        "dmean": 321.080627441,
        "dmean2": 529.973754883,
        "dvar": 283680.34375,
        "dvar2": 641996.75,
        "max": 6266.16210938,
        "mean": 899.181335449,
        "median": 710.595703125,
        "min": 129.19921875,
        "var": 512007.1875
    },
    "spectral_skewness": {
        "dmean": 0.148502320051,
        "dmean2": 0.239375248551,
        "dvar": 0.0170828718692,
        "dvar2": 0.0398228131235,
        "max": 2.93664741516,
        "mean": 1.36057949066,
        "median": 1.34105622768,
        "min": 0.488021612167,
        "var": 0.0927771925926
    },
    "spectral_spread": {
        "dmean": 393038.8125,
        "dmean2": 559792.5625,
        "dvar": 299930910720,
        "dvar2": 404049395712,
        "max": 18544466,
        "mean": 4757028,
        "median": 4665235.5,
        "min": 2463148.5,
        "var": 1.10709794406e+12
    },
    "spectral_strongpeak": {
        "dmean": 0.483011156321,
        "dmean2": 0.828948378563,
        "dvar": 0.605060756207,
        "dvar2": 1.62616693974,
        "max": 7.31838178635,
        "mean": 0.960707426071,
        "median": 0.644553422928,
        "min": 0.0670567005873,
        "var": 1.03807771206
    },
    "zerocrossingrate": {
        "dmean": 0.00784689094871,
        "dmean2": 0.00954777095467,
        "dvar": 5.2711871831e-05,
        "dvar2": 6.74834882375e-05,
        "max": 0.13818359375,
        "mean": 0.0491729043424,
        "median": 0.0478515625,
        "min": 0.00341796875,
        "var": 0.000358302640961
    },
    "barkbands": {
        "dmean": [0.000165363875567, 0.00563897704706, 0.00695799151435, 0.00441735144705, 0.00328063964844, 0.00124942837283, 0.00137713225558, 0.000953714072239, 0.000807258184068, 0.000816598650999, 0.000825710245408, 0.000620628707111, 0.000438561110059, 0.0005203007604, 0.000228669319768, 0.000208585479413, 0.000275072263321, 0.000158593422384, 0.000103448983282, 9.3288734206e-05, 8.69993600645e-05, 8.74154793564e-05, 7.00312884874e-05, 5.76665697736e-05, 2.64508780674e-05, 7.84556777944e-06, 2.57546268756e-08],
        "dmean2": [0.000261109234998, 0.00911645963788, 0.0122463731095, 0.00708299828693, 0.00534328399226, 0.00192205945496, 0.00231746817008, 0.00150112970732, 0.00125808431767, 0.00123531476129, 0.0012987931259, 0.00102271058131, 0.000684783037286, 0.000822883448564, 0.000358550081728, 0.000325366272591, 0.000448882899946, 0.000260417582467, 0.000168896498508, 0.000153941349708, 0.000143050565384, 0.000135725320433, 0.000107133819256, 8.69500217959e-05, 3.94189373765e-05, 1.22063129311e-05, 4.50422028564e-08],
        "dvar": [9.83320020964e-08, 8.96592973731e-05, 0.000150539781316, 3.90709792555e-05, 1.65267756529e-05, 3.7276099647e-06, 7.48174807086e-06, 4.66417759526e-06, 3.50463028553e-06, 3.04304421661e-06, 4.01160150432e-06, 2.29549414144e-06, 7.32459056962e-07, 9.39761036989e-07, 1.72023121081e-07, 9.84871348919e-08, 1.61375893981e-07, 5.33387911617e-08, 1.34800162144e-08, 1.73202785447e-08, 1.05941806439e-08, 1.3922705655e-08, 1.5912329232e-08, 7.21227344513e-09, 1.34271516128e-09, 1.21278917464e-10, 3.90817274918e-15],
        "dvar2": [2.327800388e-07, 0.000220335889026, 0.000423134159064, 9.57269367063e-05, 4.12307672377e-05, 8.60748605191e-06, 2.09761783481e-05, 1.12914030979e-05, 7.42383463148e-06, 6.15573935647e-06, 1.00048127933e-05, 5.98010728936e-06, 1.68648716681e-06, 2.26040742746e-06, 3.51188191416e-07, 2.22058773147e-07, 4.11693775959e-07, 1.44800708313e-07, 3.44615074255e-08, 4.42115108967e-08, 2.66057984533e-08, 3.0316375188e-08, 3.29566205437e-08, 1.56446677835e-08, 2.64663579941e-09, 2.51412224372e-10, 1.01618525741e-14],
        "max": [0.00341090839356, 0.0780466273427, 0.105463281274, 0.063863940537, 0.0417774915695, 0.0272489152849, 0.0327047891915, 0.0227295979857, 0.0391208268702, 0.0256217345595, 0.0376824177802, 0.028416229412, 0.012556088157, 0.0128409061581, 0.00735249789432, 0.00537866959348, 0.00702511752024, 0.00278682890348, 0.00144624046516, 0.00241474853829, 0.00132969580591, 0.00185546721332, 0.00244460487738, 0.00128428952303, 0.000642368628178, 0.000175098626642, 7.99380131866e-07],
        "mean": [0.000275372818578, 0.00961359031498, 0.00919983163476, 0.00743317231536, 0.00606035348028, 0.00213515805081, 0.001989741344, 0.00136366789229, 0.00149181101006, 0.00166493607685, 0.00152558262926, 0.000962631311268, 0.000848573923577, 0.00091955868993, 0.000382411031751, 0.000397017371142, 0.000556694518309, 0.000323136220686, 0.000250232289545, 0.000219915324124, 0.000215286097955, 0.000228496734053, 0.000167633508681, 0.000150263498654, 7.04648118699e-05, 1.58359216584e-05, 2.09088142356e-08],
        "median": [4.14642890973e-05, 0.00438668113202, 0.00539481826127, 0.0036524515599, 0.00418878253549, 0.00130724685732, 0.000789945421275, 0.000527622643858, 0.000465214136057, 0.000338517158525, 0.000305545923766, 0.000289415766019, 0.000298325525364, 0.000267889990937, 0.000233921295148, 0.000267001509201, 0.000418595998781, 0.000250419223448, 0.00021492432279, 0.000159563031048, 0.000180278264452, 0.000177694266313, 0.000109121043351, 0.000103042213595, 4.96658358315e-05, 9.75638067757e-06, 2.94125679368e-09],
        "min": [3.39275239014e-08, 1.8961252124e-07, 1.80923962034e-07, 8.12666201e-08, 3.3642987546e-05, 2.09343397728e-06, 6.67762924422e-06, 4.63636126824e-07, 5.53662630409e-07, 2.01466991712e-06, 7.84405358445e-07, 7.79774609327e-07, 4.16011653215e-06, 1.1859569895e-06, 6.48047773666e-07, 5.2712903198e-07, 7.0674525432e-07, 6.33441914033e-07, 5.29860301413e-07, 2.758831954e-07, 3.8025589788e-07, 3.13429580956e-07, 2.26239521339e-07, 3.94985768537e-08, 4.49280435078e-08, 6.73259408293e-12, 7.16393264155e-12],
        "var": [2.48654885127e-07, 0.000160054609296, 0.000148651786731, 8.90714436537e-05, 3.51636481355e-05, 7.67749133956e-06, 1.15520288091e-05, 7.3542400969e-06, 1.30087655634e-05, 1.14831545943e-05, 1.07150754047e-05, 4.18450781581e-06, 1.88253079614e-06, 2.47046909863e-06, 3.00155818422e-07, 2.36061239889e-07, 3.53413554421e-07, 8.64096065811e-08, 3.19976791729e-08, 4.3600927313e-08, 2.70834554783e-08, 3.97391239915e-08, 4.28386606188e-08, 2.41900472986e-08, 5.56992274525e-09, 3.90926430116e-10, 3.19278799193e-15]
    },
    "erbbands": {
        "dmean": [0.154993340373, 1.45617365837, 6.59314250946, 11.8724594116, 13.356344223, 10.6727256775, 11.7150316238, 10.4989585876, 17.8347702026, 20.4700927734, 18.4421768188, 18.0619926453, 21.932182312, 24.3135375977, 34.8376464844, 17.7837963104, 17.9900627136, 27.4754104614, 15.0946359634, 11.2762556076, 10.9175786972, 14.7668828964, 8.89172935486, 5.61940431595, 4.91681671143, 4.26453018188, 4.17956447601, 2.98658466339, 3.4552025795, 2.48228979111, 1.96804082394, 1.54913902283, 0.801332354546, 0.434020936489, 0.143740281463, 0.0482081994414, 0.0153660122305, 0.000860685424414, 2.14382525883e-05, 1.68843707797e-05],
        "dmean2": [0.232555240393, 2.40136361122, 11.6510887146, 19.4655570984, 20.3774681091, 17.6140289307, 18.9568939209, 16.5365104675, 29.7994289398, 33.4946022034, 28.2464141846, 27.2373943329, 33.9112510681, 36.3542175293, 56.6981925964, 28.7739181519, 27.8828582764, 43.4734230042, 23.5921001434, 17.8421649933, 17.0826053619, 24.2591400146, 14.4385004044, 9.10678386688, 8.20544815063, 6.97910022736, 6.90485572815, 4.75924444199, 5.41633558273, 3.96574163437, 3.01522469521, 2.3493142128, 1.216979146, 0.64683175087, 0.217822417617, 0.0758982151747, 0.0243731793016, 0.00139612227213, 3.38069876307e-05, 2.68157455139e-05],
        "dvar": [0.0719801336527, 6.14684772491, 141.651535034, 312.661621094, 412.383605957, 213.570755005, 261.990875244, 366.553375244, 1478.7121582, 1692.36999512, 1920.6583252, 2317.55053711, 2180.0324707, 3431.78979492, 6084.31103516, 1767.41625977, 1085.08288574, 2902.22729492, 628.440490723, 572.379150391, 228.979568481, 388.649536133, 168.097549438, 44.1112785339, 29.7281494141, 36.9341087341, 22.6274738312, 16.1818561554, 21.4194221497, 18.0978393555, 11.7646760941, 5.38361692429, 1.43848609924, 0.421292096376, 0.0361332520843, 0.00413367990404, 0.000512463157065, 1.43385136653e-06, 6.8265770814e-10, 4.07315875472e-10],
        "dvar2": [0.163869410753, 15.7355766296, 401.159240723, 828.164123535, 855.919616699, 609.434082031, 562.490600586, 919.395690918, 4257.14160156, 4749.95605469, 4344.7578125, 4751.42529297, 5473.69335938, 6409.53417969, 16087.2792969, 4262.94042969, 2422.64111328, 6981.48974609, 1395.7010498, 1202.4621582, 522.818847656, 969.899108887, 444.066802979, 112.130081177, 75.712097168, 94.932434082, 59.0729942322, 36.8898849487, 46.9994850159, 38.3511505127, 26.0316886902, 11.0613231659, 3.14800739288, 0.860607028008, 0.0743822753429, 0.00894939899445, 0.0012173873838, 3.39889129464e-06, 1.50523771225e-09, 1.04932329492e-09],
        "max": [2.26515626907, 19.031419754, 104.967590332, 151.485061646, 200.044464111, 152.049072266, 235.074905396, 281.859008789, 526.692077637, 695.22845459, 574.247131348, 1238.89904785, 883.646850586, 1045.65710449, 1082.96582031, 980.816589355, 585.347167969, 770.150939941, 454.638366699, 479.02142334, 259.224273682, 302.205932617, 174.179122925, 85.4925613403, 71.445930481, 107.286430359, 60.7389945984, 65.8901824951, 70.436882019, 70.2265472412, 63.9076690674, 39.6256752014, 21.5276012421, 10.120388031, 3.50246191025, 0.989073395729, 0.396490573883, 0.0144890202209, 0.000351444643456, 0.00019599229563],
        "mean": [0.281519711018, 2.19871997833, 8.6924571991, 20.9189815521, 21.6623954773, 18.179441452, 21.646938324, 17.3546619415, 25.9207458496, 31.9226150513, 27.6419582367, 32.0254745483, 47.3887634277, 54.0226821899, 67.372795105, 32.6016693115, 38.1828155518, 49.9493370056, 27.9330253601, 21.0742149353, 23.4183921814, 31.343460083, 20.0717563629, 13.4223413467, 12.2717323303, 10.2526111603, 10.0975914001, 7.3985991478, 8.76755619049, 6.06894302368, 4.63053560257, 3.77698922157, 1.97341322899, 1.08381617069, 0.334710359573, 0.0990223512053, 0.0274861119688, 0.00140789151192, 6.254370237e-05, 5.93101722188e-05],
        "median": [0.0657791420817, 1.1611764431, 5.53553247452, 11.8543558121, 11.9530105591, 11.4211597443, 13.0597867966, 10.0309619904, 10.841129303, 15.4646663666, 12.4556283951, 10.7389583588, 12.7254638672, 14.019780159, 16.4782943726, 13.5715713501, 14.7950973511, 14.4761095047, 15.3541383743, 13.8375082016, 16.5778121948, 23.4676418304, 16.201593399, 10.9274253845, 10.2110099792, 7.45100593567, 8.51106643677, 5.90932798386, 6.6713886261, 4.39783859253, 3.05644345284, 2.45775508881, 1.33557832241, 0.756079673767, 0.237910225987, 0.0656383112073, 0.0162551160902, 0.000805508403573, 5.18698398082e-05, 5.67162060179e-05],
        "min": [2.91812511932e-06, 7.69927937654e-05, 0.000371203845134, 0.00142927281559, 0.0101291220635, 0.156400322914, 0.119936928153, 0.0669424980879, 0.178668156266, 0.520117521286, 0.0294389706105, 0.0299484413117, 0.0989625826478, 0.0845025926828, 0.0962408185005, 0.147087782621, 0.215689897537, 0.15301990509, 0.0365505479276, 0.0275036226958, 0.0351602248847, 0.0376204811037, 0.0291839372367, 0.031106505543, 0.0275435447693, 0.0175976417959, 0.0190746411681, 0.0129329450428, 0.0120942164212, 0.0109611675143, 0.00336849293672, 0.000530912191607, 0.00085768266581, 0.000903878128156, 6.86578714522e-05, 1.26543491206e-05, 1.56447788413e-06, 1.19108086949e-07, 4.89089984512e-07, 1.14947067686e-06],
        "var": [0.177166357636, 8.37496757507, 126.322097778, 630.957885742, 794.010314941, 386.045227051, 667.572143555, 592.516540527, 2171.40087891, 2469.40429688, 3026.0246582, 7105.50048828, 7243.45410156, 12310.6455078, 15875.1044922, 3251.97070312, 3381.15966797, 7972.58105469, 1284.9206543, 925.26953125, 663.150146484, 1097.75927734, 301.585845947, 108.748184204, 79.8628005981, 88.4357147217, 57.0402336121, 39.4627494812, 61.0883712769, 41.2828521729, 31.7744140625, 16.9037532806, 4.55198764801, 1.4334872961, 0.131775408983, 0.0134957721457, 0.00127507129218, 3.19251216752e-06, 2.09352957192e-09, 8.39652403162e-10]
    },
    "gfcc": {
        "mean": [37.3776473999, 97.9560546875, -118.543502808, 46.794090271, -65.1106338501, 22.6858921051, -42.075466156, 5.66250562668, -24.7775115967, -3.9443936348, -15.0275640488, -3.06529784203, -9.16707611084],
        "cov": [[2164.09082031, -190.66847229, 371.341339111, 287.920928955, 306.244293213, 283.688018799, 121.559936523, 318.787872314, -53.7492752075, 81.6064529419, -306.658416748, 31.8863506317, -202.183578491], [-190.66847229, 518.141906738, -69.9031448364, 43.2440071106, 182.804229736, -0.2511087358, 152.04524231, -3.55332589149, 122.905403137, -29.0859889984, 101.296615601, -52.1031112671, 74.3621673584], [371.341339111, -69.9031448364, 616.704406738, 368.299743652, 132.364822388, 9.07945251465, -98.074432373, 129.350250244, -4.40023374557, 36.5074386597, -165.592376709, -8.10180473328, -96.866027832], [287.920928955, 43.2440071106, 368.299743652, 479.19128418, 193.245880127, 34.4848098755, -38.8983154297, 90.565574646, 69.6535339355, 11.1307134628, -55.8909034729, -30.5065670013, -18.1093845367], [306.244293213, 182.804229736, 132.364822388, 193.245880127, 323.198059082, 110.92691803, 128.483276367, 107.702461243, 52.6578292847, 18.0968933105, -48.0571403503, -8.94086265564, -25.4617652893], [283.688018799, -0.2511087358, 9.07945251465, 34.4848098755, 110.92691803, 210.894134521, 146.851593018, 54.8511695862, -26.3958683014, 11.7308635712, -0.275193065405, -0.353575050831, -25.8918972015], [121.559936523, 152.04524231, -98.074432373, -38.8983154297, 128.483276367, 146.851593018, 227.340164185, 51.1749000549, 20.1531333923, 1.37710034847, 29.5756454468, -10.6622209549, 1.08308696747], [318.787872314, -3.55332589149, 129.350250244, 90.565574646, 107.702461243, 54.8511695862, 51.1749000549, 143.905578613, 40.2482566833, 33.8970870972, -69.7844009399, 6.29406118393, -27.8641014099], [-53.7492752075, 122.905403137, -4.40023374557, 69.6535339355, 52.6578292847, -26.3958683014, 20.1531333923, 40.2482566833, 125.12197876, 28.5489215851, 35.6262664795, -13.198472023, 33.8523902893], [81.6064529419, -29.0859889984, 36.5074386597, 11.1307134628, 18.0968933105, 11.7308635712, 1.37710034847, 33.8970870972, 28.5489215851, 77.8256225586, 15.8631954193, 23.9953670502, -11.0977888107], [-306.658416748, 101.296615601, -165.592376709, -55.8909034729, -48.0571403503, -0.275193065405, 29.5756454468, -69.7844009399, 35.6262664795, 15.8631954193, 173.633300781, 17.7466583252, 72.5734710693], [31.8863506317, -52.1031112671, -8.10180473328, -30.5065670013, -8.94086265564, -0.353575050831, -10.6622209549, 6.29406118393, -13.198472023, 23.9953670502, 17.7466583252, 70.3820419312, 17.2166423798], [-202.183578491, 74.3621673584, -96.866027832, -18.1093845367, -25.4617652893, -25.8918972015, 1.08308696747, -27.8641014099, 33.8523902893, -11.0977888107, 72.5734710693, 17.2166423798, 100.389129639]],
        "icov": [[0.00120705831796, -0.000930122740101, 0.0011311393464, -0.00120770477224, 0.000753066560719, -0.00158701534383, 0.000822300906293, -0.00181232963223, 0.00106691499241, -0.00128084886819, 0.00213792617433, -0.00151789956726, 0.0014767505927], [-0.000930122740101, 0.00876401737332, -0.00393271585926, 0.00380002032034, -0.00628421269357, 0.00562616158277, -0.0057561933063, 0.00388386240229, -0.00528760626912, 0.00541920168325, -0.00670965574682, 0.00601287465543, -0.00427553243935], [0.0011311393464, -0.00393271585926, 0.0076344711706, -0.00607438432053, 0.00320453452878, -0.00253619882278, 0.00379298697226, -0.00470484467223, 0.00485263112932, -0.00494489772245, 0.00595168909058, -0.00377821340226, 0.0044361888431], [-0.00120770477224, 0.00380002032034, -0.00607438432053, 0.00931934360415, -0.00600969512016, 0.000550609722268, 0.00107492040843, 0.00265977042727, -0.00590985547751, 0.00551649462432, -0.00608907174319, 0.00539019936696, -0.0040025790222], [0.000753066560719, -0.00628421269357, 0.00320453452878, -0.00600969512016, 0.0120541844517, -0.00422257510945, -0.000648280547466, -0.00320246256888, 0.00234595336951, -0.00436006626114, 0.00722438190132, -0.00637117261067, 0.0038628813345], [-0.00158701534383, 0.00562616158277, -0.00253619882278, 0.000550609722268, -0.00422257510945, 0.01733683981, -0.0119948564097, 0.000755225191824, 0.00355344871059, 0.00138819380663, -0.00745521765202, 0.00518525578082, -0.00251666945405], [0.000822300906293, -0.0057561933063, 0.00379298697226, 0.00107492040843, -0.000648280547466, -0.0119948564097, 0.018938107416, -0.00669922446832, 0.000994437723421, -8.47631818033e-05, 0.00112469692249, -0.0013358774595, 0.0035232140217], [-0.00181232963223, 0.00388386240229, -0.00470484467223, 0.00265977042727, -0.00320246256888, 0.000755225191824, -0.00669922446832, 0.0229431781918, -0.0109214084223, -0.001411209465, 0.00471641449258, -0.000815825653262, -0.00450680358335], [0.00106691499241, -0.00528760626912, 0.00485263112932, -0.00590985547751, 0.00234595336951, 0.00355344871059, 0.000994437723421, -0.0109214084223, 0.0234702154994, -0.01090423204, 0.000385345629184, 0.00351681467146, -0.00185042223893], [-0.00128084886819, 0.00541920168325, -0.00494489772245, 0.00551649462432, -0.00436006626114, 0.00138819380663, -8.47631818033e-05, -0.001411209465, -0.01090423204, 0.0272541288286, -0.0118292700499, -0.00343051622622, 0.00432121753693], [0.00213792617433, -0.00670965574682, 0.00595168909058, -0.00608907174319, 0.00722438190132, -0.00745521765202, 0.00112469692249, 0.00471641449258, 0.000385345629184, -0.0118292700499, 0.0235023498535, -0.0086365500465, -0.00182008498814], [-0.00151789956726, 0.00601287465543, -0.00377821340226, 0.00539019936696, -0.00637117261067, 0.00518525578082, -0.0013358774595, -0.000815825653262, 0.00351681467146, -0.00343051622622, -0.0086365500465, 0.0269395709038, -0.0106165967882], [0.0014767505927, -0.00427553243935, 0.0044361888431, -0.0040025790222, 0.0038628813345, -0.00251666945405, 0.0035232140217, -0.00450680358335, -0.00185042223893, 0.00432121753693, -0.00182008498814, -0.0106165967882, 0.0229408703744]]
    },
    "melbands": {
        "dmean": [0.00144882383756, 0.00277064368129, 0.00208473159, 0.000756735331379, 0.000433697976405, 0.000229208279052, 0.000278562307358, 0.00022448177333, 0.000144672289025, 0.000117846459034, 0.000114300441055, 0.00010449882393, 0.000122794270283, 8.18460175651e-05, 3.56664349965e-05, 4.72378087579e-05, 5.42958514416e-05, 2.91974738502e-05, 1.59560950124e-05, 1.60966992553e-05, 1.4091405319e-05, 1.78812824743e-05, 1.22821593322e-05, 6.39371273792e-06, 4.97556675327e-06, 4.01322313337e-06, 4.05870378017e-06, 2.94351957564e-06, 2.85598707706e-06, 2.2334370442e-06, 1.92288098333e-06, 2.2234332846e-06, 1.76654623374e-06, 1.48243248077e-06, 1.25464714529e-06, 1.18593072784e-06, 9.35839011618e-07, 5.97480379838e-07, 6.00989551458e-07, 3.37083378099e-07],
        "dmean2": [0.00227760500275, 0.00476625468582, 0.00335044064559, 0.00119841168635, 0.000712031731382, 0.000358910881914, 0.000467030127766, 0.000363998988178, 0.000221999653149, 0.000179792346898, 0.00017785235832, 0.000155096611707, 0.000198329449631, 0.000131246633828, 5.81583335588e-05, 7.25412610336e-05, 8.53282035678e-05, 4.55582085124e-05, 2.51365036092e-05, 2.58806685451e-05, 2.28219068958e-05, 2.9568987884e-05, 1.99644055101e-05, 1.04631499198e-05, 8.13932456367e-06, 6.70808776704e-06, 6.80887751514e-06, 4.87608485855e-06, 4.70458826385e-06, 3.74905630451e-06, 3.10246855406e-06, 3.53156292476e-06, 2.83475719698e-06, 2.3739653443e-06, 1.97463282348e-06, 1.80809570338e-06, 1.44542764247e-06, 9.48574836457e-07, 9.16173405585e-07, 5.23697110566e-07],
        "dvar": [5.97606413066e-06, 2.43500599026e-05, 8.14541544969e-06, 9.2073844371e-07, 3.27000975631e-07, 1.57509688847e-07, 3.3805903854e-07, 2.04976927876e-07, 1.26327464045e-07, 8.99942165233e-08, 5.75287515403e-08, 6.31130703255e-08, 8.93873064456e-08, 3.96504695743e-08, 4.56516335845e-09, 8.92517348916e-09, 1.17194440818e-08, 2.76783618247e-09, 8.38389579982e-10, 8.81552719711e-10, 4.59192628366e-10, 5.77822567571e-10, 2.99633484691e-10, 8.42880418239e-11, 3.52200144049e-11, 2.07817391767e-11, 3.30912415525e-11, 1.65807350488e-11, 1.04214163341e-11, 7.61125971277e-12, 6.94321640113e-12, 8.43766809894e-12, 6.30435590884e-12, 6.77568981824e-12, 4.21902356801e-12, 4.07865971899e-12, 1.7880653555e-12, 8.53776305296e-13, 9.43048807447e-13, 2.53599496004e-13],
        "dvar2": [1.41467626236e-05, 6.75269620842e-05, 2.09626596188e-05, 2.17948968384e-06, 8.18198884645e-07, 3.87738509744e-07, 9.60199486144e-07, 5.66417838854e-07, 2.8060892987e-07, 1.89837024323e-07, 1.43100933769e-07, 1.14861784084e-07, 2.30472721796e-07, 1.00264827552e-07, 1.19063017223e-08, 2.14915800711e-08, 2.75088058999e-08, 6.33813179718e-09, 1.70552305612e-09, 2.04173011831e-09, 1.11961329097e-09, 1.42421185956e-09, 7.83746068045e-10, 2.05572572853e-10, 9.11177522323e-11, 5.34914786077e-11, 8.40683078707e-11, 4.31410671076e-11, 2.70383472556e-11, 2.0094445205e-11, 1.53730361774e-11, 1.95843133377e-11, 1.35613421534e-11, 1.49229170687e-11, 9.94796432729e-12, 8.13998521365e-12, 4.02641028158e-12, 2.01062213753e-12, 2.18225784665e-12, 5.30339064764e-13],
        "max": [0.0205693859607, 0.0436460003257, 0.0237262155861, 0.0100997416303, 0.0068671554327, 0.00548737263307, 0.00739545095712, 0.0073994579725, 0.00540569471195, 0.00770449079573, 0.00451665185392, 0.00444777077064, 0.00527654634789, 0.00435516191646, 0.000986173399724, 0.00170291308314, 0.00152156630065, 0.000982401426882, 0.000531481287908, 0.000531468307599, 0.000315229350235, 0.00038668041816, 0.000286466267426, 0.000119785261631, 7.31696854928e-05, 5.46578521607e-05, 0.000100188037322, 6.08038862993e-05, 4.0157501644e-05, 3.41291597579e-05, 4.55235567642e-05, 4.09608983318e-05, 4.38210845459e-05, 4.20634860347e-05, 3.38712670782e-05, 4.40374715254e-05, 2.02135852305e-05, 1.52481816258e-05, 1.80853621714e-05, 7.25792460798e-06],
        "mean": [0.00257199420594, 0.00407393323258, 0.00372350635007, 0.0013208463788, 0.000802284688689, 0.000382590165827, 0.000410795357311, 0.000349456997355, 0.000213679406443, 0.000209881734918, 0.000241313318838, 0.000219723689952, 0.000229589510127, 0.000134324858664, 6.46538537694e-05, 9.12943214644e-05, 9.25685963011e-05, 4.77949033666e-05, 2.67308787443e-05, 2.83051303995e-05, 2.68939056696e-05, 3.4268185118e-05, 2.48818359978e-05, 1.29666623252e-05, 1.06676516225e-05, 9.05725937628e-06, 8.6920490503e-06, 6.19956017545e-06, 6.43392922939e-06, 4.8453071031e-06, 4.20777587351e-06, 5.24918232259e-06, 4.00638373321e-06, 3.19511286762e-06, 2.68349003818e-06, 2.53849407272e-06, 2.15890258914e-06, 1.25869530621e-06, 1.36789174121e-06, 7.61967839935e-07],
        "median": [0.000947071355768, 0.00285422126763, 0.00245584291406, 0.000824406277388, 0.000533245620318, 0.000227679149248, 0.00017487606965, 0.000167406920809, 9.11530369194e-05, 6.2199862441e-05, 5.99335689913e-05, 4.85349446535e-05, 4.99312118336e-05, 3.8551272155e-05, 2.89213894575e-05, 2.92898075713e-05, 2.48065698543e-05, 2.28200024139e-05, 1.65477649716e-05, 1.81265877472e-05, 1.90026530618e-05, 2.42555724981e-05, 1.97030039999e-05, 9.56222993409e-06, 8.39434233058e-06, 7.58922988098e-06, 6.2333342612e-06, 4.3525642468e-06, 5.29806584382e-06, 3.9985075091e-06, 3.0918711218e-06, 3.99614646085e-06, 2.9712707601e-06, 2.15505974666e-06, 1.79579535597e-06, 1.58059060595e-06, 1.38885582146e-06, 7.89485739006e-07, 9.61305772762e-07, 5.25799407569e-07],
        "min": [3.25200879558e-08, 1.26294608549e-07, 6.22165288178e-08, 3.36230596076e-06, 5.72237377128e-06, 3.91519762388e-07, 1.68102837961e-06, 4.24242352892e-06, 4.24911732466e-08, 8.51790247225e-08, 5.1554724223e-07, 1.82965521844e-07, 7.29838660618e-08, 1.40159613693e-07, 3.91720647031e-07, 3.15194171208e-07, 1.6387033952e-07, 4.14574046204e-08, 5.43405391795e-08, 2.90654558199e-08, 4.45431531659e-08, 4.11725196159e-08, 2.57115218005e-08, 3.02638412109e-08, 2.28520757872e-08, 1.76528480722e-08, 1.05353228363e-08, 5.75555691995e-09, 6.55097753821e-09, 9.21866050163e-09, 5.71210101441e-09, 5.31306731943e-09, 5.16965004138e-09, 6.14112494191e-09, 1.33822652959e-09, 3.83716752816e-10, 2.18338042091e-10, 3.83799381165e-10, 1.01381247841e-09, 6.9149530546e-10],
