{
"highlevel": {
    "danceability": {
        "all": {
            "danceable": 0.998456478119,
            "not_danceable": 0.00154351093806
        },
        "probability": 0.998456478119,
        "value": "danceable"
    },
    "gender": {
        "all": {
            "female": 0.828181385994,
            "male": 0.171818584204
        },
        "probability": 0.828181385994,
        "value": "female"
    },
    "genre_dortmund": {
        "all": {
            "alternative": 0.0546841770411,
            "blues": 0.0251330491155,
            "electronic": 0.0921249166131,
            "folkcountry": 0.0303293466568,
            "funksoulrnb": 0.0225566290319,
            "jazz": 0.0960057005286,
            "pop": 0.0601970478892,
            "raphiphop": 0.174906000495,
            "rock": 0.444063127041
        },
        "probability": 0.444063127041,
        "value": "rock"
    },
    "genre_electronic": {
        "all": {
            "ambient": 0.218685030937,
            "dnb": 0.144482895732,
            "house": 0.152530953288,
            "techno": 0.0245636180043,
            "trance": 0.459737479687
        },
        "probability": 0.459737479687,
        "value": "trance"
    },
    "genre_rosamerica": {
        "all": {
            "cla": 0.00143596203998,
            "dan": 0.237689182162,
            "hip": 0.0137007487938,
            "jaz": 0.00275571201928,
            "pop": 0.597049891949,
            "rhy": 0.0333806946874,
            "roc": 0.111490093172,
            "spe": 0.00249769235961
        },
        "probability": 0.597049891949,
        "value": "pop"
    },
    "genre_tzanetakis": {
        "all": {
            "blu": 0.0626613423228,
            "cla": 0.0348169617355,
            "cou": 0.104475811124,
            "dis": 0.0784321576357,
            "hip": 0.15692435205,
            "jaz": 0.313974827528,
            "met": 0.0448166541755,
            "pop": 0.0627359300852,
            "reg": 0.0627360641956,
            "roc": 0.0784258767962
        },
        "probability": 0.313974827528,
        "value": "jaz"
    },
    "ismir04_rhythm": {
        "all": {
            "ChaChaCha": 0.144712343812,
            "Jive": 0.0104742581025,
            "Quickstep": 0.0099069532007,
            "Rumba-American": 0.0116969859228,
            "Rumba-International": 0.0176329538226,
            "Rumba-Misc": 0.0048674098216,
            "Samba": 0.776556789875,
            "Tango": 0.00687149167061,
            "VienneseWaltz": 0.0144631695002,
            "Waltz": 0.00281767826527
        },
        "probability": 0.776556789875,
        "value": "Samba"
    },
    "mood_acoustic": {
        "all": {
            "acoustic": 0.00265717343427,
            "not_acoustic": 0.997342824936
        },
        "probability": 0.997342824936,
        "value": "not_acoustic"
    },
    "mood_aggressive": {
        "all": {
            "aggressive": 0.731301963329,
            "not_aggressive": 0.268698036671
        },
        "probability": 0.731301963329,
        "value": "aggressive"
    },
    "mood_electronic": {
        "all": {
            "electronic": 0.921348929405,
            "not_electronic": 0.0786510556936
        },
        "probability": 0.921348929405,
        "value": "electronic"
    },
    "mood_happy": {
        "all": {
            "happy": 0.197371974587,
            "not_happy": 0.802628040314
        },
        "probability": 0.802628040314,
        "value": "not_happy"
    },
    "mood_party": {
        "all": {
            "not_party": 0.212507143617,
            "party": 0.787492871284
        },
        "probability": 0.787492871284,
        "value": "party"
    },
    "mood_relaxed": {
        "all": {
            "not_relaxed": 0.631723940372,
            "relaxed": 0.368276059628
        },
        "probability": 0.631723940372,
        "value": "not_relaxed"
    },
    "mood_sad": {
        "all": {
            "not_sad": 0.88062441349,
            "sad": 0.119375579059
        },
        "probability": 0.88062441349,
        "value": "not_sad"
    },
    "moods_mirex": {
        "all": {
            "Cluster1": 0.420050323009,
            "Cluster2": 0.137093275785,
            "Cluster3": 0.0176665559411,
            "Cluster4": 0.0841252952814,
            "Cluster5": 0.341064542532
        },
        "probability": 0.420050323009,
        "value": "Cluster1"
    },
    "timbre": {
        "all": {
            "bright": 0.349330753088,
            "dark": 0.65066921711
        },
        "probability": 0.65066921711,
        "value": "dark"
    },
    "tonal_atonal": {
        "all": {
            "atonal": 0.826160907745,
            "tonal": 0.173839077353
        },
        "probability": 0.826160907745,
        "value": "atonal"
    },
    "voice_instrumental": {
        "all": {
            "instrumental": 0.0144092198461,
            "voice": 0.985590755939
        },
        "probability": 0.985590755939,
        "value": "voice"
    }
},
"lowlevel": {
    "average_loudness": 0.913840353489,
    "barkbands_crest": {
        "dmean": 3.51931810379,
        "dmean2": 5.74156093597,
        "dvar": 11.7128677368,
        "dvar2": 29.644903183,
        "max": 25.9434947968,
        "mean": 12.2107563019,
        "median": 11.1177787781,
        "min": 2.28835892677,
        "var": 30.4866733551
    },
    "barkbands_flatness_db": {
        "dmean": 0.0278077088296,
        "dmean2": 0.0422960966825,
        "dvar": 0.000722514174413,
        "dvar2": 0.00155190529767,
        "max": 0.373570621014,
        "mean": 0.143204748631,
        "median": 0.124958589673,
        "min": 0.0452671647072,
        "var": 0.00425324309617
    },
    "barkbands_kurtosis": {
        "dmean": 3.59755086899,
        "dmean2": 5.60206890106,
        "dvar": 45.3185348511,
        "dvar2": 99.0959625244,
        "max": 107.25579834,
        "mean": 5.48019075394,
        "median": 2.27595233917,
        "min": -1.7143497467,
        "var": 118.441452026
    },
    "barkbands_skewness": {
        "dmean": 0.633555948734,
        "dmean2": 0.970172464848,
        "dvar": 0.463413923979,
        "dvar2": 1.03606891632,
        "max": 8.6368560791,
        "mean": 1.736358881,
        "median": 1.53969633579,
        "min": -1.7516285181,
        "var": 1.76064586639
    },
    "barkbands_spread": {
        "dmean": 7.20896148682,
        "dmean2": 10.9439096451,
        "dvar": 62.454498291,
        "dvar2": 143.790878296,
        "max": 85.9020080566,
        "mean": 26.5973567963,
        "median": 26.0124092102,
        "min": 0.489002943039,
        "var": 238.510360718
    },
    "dissonance": {
        "dmean": 0.0209969114512,
        "dmean2": 0.035318274051,
        "dvar": 0.000636461889371,
        "dvar2": 0.00171651679557,
        "max": 0.499999761581,
        "mean": 0.460876315832,
        "median": 0.474671065807,
        "min": 0.252922862768,
        "var": 0.00151431851555
    },
    "dynamic_complexity": 4.2327413559,
    "erbbands_crest": {
        "dmean": 2.87914705276,
        "dmean2": 4.50496292114,
        "dvar": 9.24696063995,
        "dvar2": 19.0632572174,
        "max": 32.9368400574,
        "mean": 9.71933555603,
        "median": 7.42552614212,
        "min": 2.36012554169,
        "var": 42.7422523499
    },
    "erbbands_flatness_db": {
        "dmean": 0.0196056254208,
        "dmean2": 0.0282412078232,
        "dvar": 0.00057495496003,
        "dvar2": 0.00107175251469,
        "max": 0.426061272621,
        "mean": 0.150545671582,
        "median": 0.115796536207,
        "min": 0.0587549358606,
        "var": 0.0066630798392
    },
    "erbbands_kurtosis": {
        "dmean": 1.6398768425,
        "dmean2": 2.52300739288,
        "dvar": 15.1171827316,
        "dvar2": 33.1668395996,
        "max": 64.9846725464,
        "mean": 1.92276287079,
        "median": -0.399476289749,
        "min": -1.80385971069,
        "var": 43.6893577576
    },
    "erbbands_skewness": {
        "dmean": 0.419454187155,
        "dmean2": 0.617698252201,
        "dvar": 0.227844431996,
        "dvar2": 0.472760409117,
        "max": 6.51707935333,
        "mean": 0.602746248245,
        "median": 0.245094627142,
        "min": -1.3854650259,
        "var": 1.42959237099
    },
    "erbbands_spread": {
        "dmean": 8.59200286865,
        "dmean2": 12.6505212784,
        "dvar": 68.5786972046,
        "dvar2": 142.69859314,
        "max": 104.095146179,
        "mean": 44.2295913696,
        "median": 46.8903465271,
        "min": 1.1564129591,
        "var": 577.183959961
    },
    "hfc": {
        "dmean": 9.51601600647,
        "dmean2": 13.4533824921,
        "dvar": 200.890396118,
        "dvar2": 447.647521973,
        "max": 131.280517578,
        "mean": 30.0236587524,
        "median": 27.2451610565,
        "min": 0.027786552906,
        "var": 650.52734375
    },
    "melbands_crest": {
        "dmean": 4.32059955597,
        "dmean2": 6.9782075882,
        "dvar": 15.6599702835,
        "dvar2": 40.0164794922,
        "max": 33.5903663635,
        "mean": 16.5323867798,
        "median": 15.7861757278,
        "min": 3.9152803421,
        "var": 36.4376831055
    },
    "melbands_flatness_db": {
        "dmean": 0.0323758907616,
        "dmean2": 0.0486491657794,
        "dvar": 0.000980536337011,
        "dvar2": 0.00204276829027,
        "max": 0.43873244524,
        "mean": 0.187341302633,
        "median": 0.180229440331,
        "min": 0.0245747435838,
        "var": 0.0042849900201
    },
    "melbands_kurtosis": {
        "dmean": 9.35656356812,
        "dmean2": 14.7491073608,
        "dvar": 194.875808716,
        "dvar2": 493.623931885,
        "max": 160.996887207,
        "mean": 17.3736190796,
        "median": 11.0834331512,
        "min": -1.33473396301,
        "var": 389.244995117
    },
    "melbands_skewness": {
        "dmean": 0.88696116209,
        "dmean2": 1.36289846897,
        "dvar": 0.885121941566,
        "dvar2": 2.14004135132,
        "max": 11.7276287079,
        "mean": 2.98471856117,
        "median": 2.83132553101,
        "min": -1.20491635799,
        "var": 3.33577013016
    },
    "melbands_spread": {
        "dmean": 7.82680606842,
        "dmean2": 11.8805818558,
        "dvar": 88.3862304688,
        "dvar2": 196.349777222,
        "max": 124.908317566,
        "mean": 22.4551773071,
        "median": 19.6025810242,
        "min": 0.823551774025,
        "var": 238.625579834
    },
    "pitch_salience": {
        "dmean": 0.0919167324901,
        "dmean2": 0.14665094018,
        "dvar": 0.00810092035681,
        "dvar2": 0.0208733268082,
        "max": 0.87785577774,
        "mean": 0.503922462463,
        "median": 0.506954908371,
        "min": 0.112070895731,
        "var": 0.01850188151
    },
    "silence_rate_20dB": {
        "dmean": 0,
        "dmean2": 0,
        "dvar": 0,
        "dvar2": 0,
        "max": 1,
        "mean": 1,
        "median": 1,
        "min": 1,
        "var": 0
    },
    "silence_rate_30dB": {
        "dmean": 0.0541795678437,
        "dmean2": 0.108443066478,
        "dvar": 0.0512453317642,
        "dvar2": 0.107527159154,
        "max": 1,
        "mean": 0.945862352848,
        "median": 1,
        "min": 0,
        "var": 0.051206164062
    },
    "silence_rate_60dB": {
        "dmean": 0.0340557284653,
        "dmean2": 0.0681642144918,
        "dvar": 0.0328958965838,
        "dvar2": 0.066616140306,
        "max": 1,
        "mean": 0.164733171463,
        "median": 0,
        "min": 0,
        "var": 0.137595847249
    },
    "spectral_centroid": {
        "dmean": 280.486816406,
        "dmean2": 419.519317627,
        "dvar": 81040.390625,
        "dvar2": 178661.859375,
        "max": 3494.93579102,
        "mean": 1537.41101074,
        "median": 1492.46984863,
        "min": 382.702331543,
        "var": 296336.125
    },
    "spectral_complexity": {
        "dmean": 4.70433425903,
        "dmean2": 6.76374912262,
        "dvar": 25.1726722717,
        "dvar2": 47.2679443359,
        "max": 56,
        "mean": 20.2606334686,
        "median": 21,
        "min": 0,
        "var": 195.30166626
    },
    "spectral_decrease": {
        "dmean": 3.39192496313e-09,
        "dmean2": 5.27829691066e-09,
        "dvar": 2.94261032586e-17,
        "dvar2": 6.12610027831e-17,
        "max": -7.31911926899e-12,
        "mean": -9.76127889629e-09,
        "median": -8.95719498573e-09,
        "min": -5.10246280783e-08,
        "var": 8.11511760343e-17
    },
    "spectral_energy": {
        "dmean": 0.0132728200406,
        "dmean2": 0.0205799080431,
        "dvar": 0.000445566256531,
        "dvar2": 0.000919187732507,
        "max": 0.198773488402,
        "mean": 0.039564576,
        "median": 0.0368921272457,
        "min": 3.01443269564e-05,
        "var": 0.00127677293494
    },
    "spectral_energyband_high": {
        "dmean": 0.000880354782566,
        "dmean2": 0.00121386523824,
        "dvar": 1.91757112589e-06,
        "dvar2": 3.97289386456e-06,
        "max": 0.0124456249177,
        "mean": 0.00205838819966,
        "median": 0.001407501637,
        "min": 8.43089367208e-08,
        "var": 5.40883320355e-06
    },
    "spectral_energyband_low": {
        "dmean": 0.0111118620262,
        "dmean2": 0.0172037109733,
        "dvar": 0.000389691471355,
        "dvar2": 0.00084481399972,
        "max": 0.181522637606,
        "mean": 0.0212323255837,
        "median": 0.0140341306105,
        "min": 1.74198788727e-07,
        "var": 0.000777091598138
    },
    "spectral_energyband_middle_high": {
        "dmean": 0.00176950613968,
        "dmean2": 0.00269466196187,
        "dvar": 4.66718802272e-06,
        "dvar2": 1.02019912447e-05,
        "max": 0.0252952445298,
        "mean": 0.00513731595129,
        "median": 0.00444484921172,
        "min": 8.65219590196e-06,
        "var": 1.82827261597e-05
    },
    "spectral_energyband_middle_low": {
        "dmean": 0.00530038541183,
        "dmean2": 0.00887365918607,
        "dvar": 0.000100366392871,
        "dvar2": 0.00028979437775,
        "max": 0.0899242684245,
        "mean": 0.0122092133388,
        "median": 0.010119359009,
        "min": 9.17647867027e-06,
        "var": 0.000133911715238
    },
    "spectral_entropy": {
        "dmean": 0.182014867663,
        "dmean2": 0.252366602421,
        "dvar": 0.04590190202,
        "dvar2": 0.079504288733,
        "max": 8.52537631989,
        "mean": 7.74049425125,
        "median": 7.93483400345,
        "min": 5.57074213028,
        "var": 0.322601139545
    },
    "spectral_flux": {
        "dmean": 0.0318337567151,
        "dmean2": 0.0496279336512,
        "dvar": 0.00173126382288,
        "dvar2": 0.0037054871209,
        "max": 0.414704710245,
        "mean": 0.0945127084851,
        "median": 0.0845395997167,
        "min": 0.00404157489538,
        "var": 0.00454896967858
    },
    "spectral_kurtosis": {
        "dmean": 1.20906066895,
        "dmean2": 1.87836420536,
        "dvar": 3.62552690506,
        "dvar2": 8.25977516174,
        "max": 37.6809768677,
        "mean": 3.33882832527,
        "median": 2.22820425034,
        "min": -0.408397197723,
        "var": 11.828540802
    },
    "spectral_rms": {
        "dmean": 0.000929885427468,
        "dmean2": 0.00143221241888,
        "dvar": 1.35639061227e-06,
        "dvar2": 2.84924544758e-06,
        "max": 0.0139257088304,
        "mean": 0.00542512256652,
        "median": 0.00599935976788,
        "min": 0.000171490813955,
        "var": 9.1675465228e-06
    },
    "spectral_rolloff": {
        "dmean": 714.197570801,
        "dmean2": 1137.19018555,
        "dvar": 1204503.375,
        "dvar2": 2721289.25,
        "max": 9797.60742188,
        "mean": 1524.27575684,
        "median": 1119.7265625,
        "min": 21.533203125,
        "var": 2059225.375
    },
    "spectral_skewness": {
        "dmean": 0.188906222582,
        "dmean2": 0.280576497316,
        "dvar": 0.0430205240846,
        "dvar2": 0.0938707217574,
        "max": 4.42442512512,
        "mean": 1.40143799782,
        "median": 1.24326765537,
        "min": 0.382616370916,
        "var": 0.264633774757
    },
    "spectral_spread": {
        "dmean": 601394.5,
        "dmean2": 869559.8125,
        "dvar": 569497485312,
        "dvar2": 1.08816216883e+12,
        "max": 18888450,
        "mean": 5481059,
        "median": 5636883.5,
        "min": 1607171.125,
        "var": 2.1150695424e+12
    },
    "spectral_strongpeak": {
        "dmean": 0.3814702034,
        "dmean2": 0.639338374138,
        "dvar": 0.519590735435,
        "dvar2": 1.29359662533,
        "max": 8.27690410614,
        "mean": 0.819793641567,
        "median": 0.436905771494,
        "min": 0,
        "var": 1.059877038
    },
    "zerocrossingrate": {
        "dmean": 0.0137538854033,
        "dmean2": 0.0165005773306,
        "dvar": 0.000227074488066,
        "dvar2": 0.000269478216069,
        "max": 0.2255859375,
        "mean": 0.0701765492558,
        "median": 0.064453125,
        "min": 0.0048828125,
        "var": 0.00106263486668
    },
    "barkbands": {
        "dmean": [0.000750277016778, 0.0106584634632, 0.00245188944973, 0.00159926014021, 0.00206280965358, 0.00123830756638, 0.000819371955004, 0.000986425438896, 0.000651657290291, 0.000557811930776, 0.000263127119979, 0.000442898453912, 0.000275457947282, 0.000457664194982, 0.000236431369558, 0.000325736094965, 0.000224017581786, 0.000135357651743, 0.000178966773092, 0.000172299725818, 0.000204258380109, 0.000196913242689, 0.000176022716914, 0.00014547718456, 0.000170308136148, 0.000100668170489, 1.29520017822e-07],
        "dmean2": [0.00123652012553, 0.0172541625798, 0.00443190243095, 0.00293773878366, 0.00345274806023, 0.00206608464941, 0.00125076377299, 0.00155532720964, 0.000931681366637, 0.000875011959579, 0.000433675217209, 0.000704528123606, 0.00044107681606, 0.000707932980731, 0.000379449367756, 0.000497155182529, 0.000360914011253, 0.000218080487684, 0.000283585628495, 0.000277311715763, 0.000322775391396, 0.000301145599224, 0.000254969025264, 0.000209152218304, 0.000252542522503, 0.000155915200594, 2.23647745656e-07],
        "dvar": [2.00827389563e-06, 0.000412841938669, 4.19346688432e-05, 2.72890774795e-05, 1.57299473358e-05, 5.01330305269e-06, 4.53848360848e-06, 3.57766634806e-06, 2.01427224056e-06, 1.03063769075e-06, 3.99547843699e-07, 6.61117042e-07, 3.18400878996e-07, 8.59357612626e-07, 2.08534999047e-07, 6.16150316546e-07, 1.64952567161e-07, 4.40933227708e-08, 7.44489199178e-08, 7.38803294098e-08, 1.06533626365e-07, 8.65893738933e-08, 7.83444562558e-08, 5.38699111985e-08, 8.37086844285e-08, 4.18933474577e-08, 2.88510507802e-13],
        "dvar2": [5.04221497977e-06, 0.00101345533039, 0.000120762852021, 7.89838668425e-05, 4.24032841693e-05, 1.26647937577e-05, 9.47246462601e-06, 7.85127213021e-06, 3.046088068e-06, 2.1317489427e-06, 9.54537881626e-07, 1.47989442212e-06, 7.76628894528e-07, 1.84136490589e-06, 5.341786391e-07, 1.32690161081e-06, 3.9936929852e-07, 1.04234345599e-07, 1.94059609271e-07, 1.82947800909e-07, 2.71568296739e-07, 2.00097801439e-07, 1.57134948608e-07, 1.07347148059e-07, 1.87112092931e-07, 9.98171856281e-08, 7.74755259947e-13],
        "max": [0.0143717145547, 0.168926775455, 0.0531928874552, 0.0468560494483, 0.0343135669827, 0.0245327875018, 0.0326367467642, 0.0318610407412, 0.0356566719711, 0.0179122388363, 0.0124324876815, 0.0170327890664, 0.00786869041622, 0.012079756707, 0.00570156006142, 0.0107915690169, 0.00514244008809, 0.00263068638742, 0.00291685876437, 0.00338405929506, 0.00336855277419, 0.00261573586613, 0.00312663684599, 0.00345663540065, 0.00258940597996, 0.00187874631956, 8.7996959337e-06],
        "mean": [0.00121483812109, 0.0158962514251, 0.00314163300209, 0.00164014019538, 0.00365159288049, 0.00191434577573, 0.00144673569594, 0.00179505127016, 0.00155974924564, 0.00089030561503, 0.000402987614507, 0.000757399655413, 0.000392069661757, 0.000723327102605, 0.000365338375559, 0.000531990663148, 0.000401236466132, 0.000231667378102, 0.000360821868526, 0.000363356724847, 0.000398666248657, 0.000400613324018, 0.000363165454473, 0.000298493891023, 0.000290971889626, 0.000131699809572, 9.54255057195e-08],
        "median": [0.000197461398784, 0.00788240414113, 0.00115046603605, 0.000494013307616, 0.00129038176965, 0.000767267076299, 0.000355999771273, 0.000438523391495, 0.000392970890971, 0.000454604625702, 0.000150566789671, 0.000366667110939, 0.00018126211944, 0.000275395461358, 0.000175115143065, 0.000161856674822, 0.000177873414941, 0.000145527548739, 0.000244288443355, 0.000265126640443, 0.000248753291089, 0.000280264706817, 0.000213399296626, 0.000156395646627, 0.000150837600813, 4.9896978453e-05, 6.66856458942e-10],
        "min": [2.17397411184e-09, 3.14591304118e-08, 1.68049962834e-09, 4.01134858663e-09, 4.83763571424e-08, 1.61964464951e-07, 1.49683117456e-07, 4.06309737855e-07, 8.88639590357e-07, 2.33240200487e-07, 1.35778151389e-07, 4.12908377712e-07, 1.40871861731e-07, 1.68860808003e-07, 1.36232344516e-07, 2.24895600809e-07, 1.71784108716e-07, 2.87385670816e-08, 2.10747437279e-08, 3.73873625392e-08, 1.42686555904e-08, 1.16273950468e-08, 9.15913744848e-09, 1.46674017376e-09, 5.97247988912e-12, 7.33900440419e-12, 7.73157319417e-12],
        "var": [4.51557889392e-06, 0.000587851158343, 3.48577159457e-05, 1.72159816429e-05, 3.07798291033e-05, 1.06892193799e-05, 1.13803253043e-05, 1.09278789751e-05, 1.46039219544e-05, 2.16859893953e-06, 1.12964175969e-06, 1.79359960839e-06, 4.22274382572e-07, 1.74171134404e-06, 2.94573879955e-07, 1.44108196309e-06, 3.66351173398e-07, 8.75303172165e-08, 1.82571952223e-07, 1.64306712236e-07, 2.20761563696e-07, 1.99655985966e-07, 2.14970881984e-07, 1.58312744247e-07, 1.54632019189e-07, 5.27642711745e-08, 2.04319227553e-13]
    },
    "erbbands": {
        "dmean": [0.447097867727, 1.94140529633, 2.37345838547, 4.70719480515, 5.1375579834, 6.96473503113, 12.0303564072, 9.18394088745, 12.1193561554, 14.2944955826, 19.4206390381, 12.8283672333, 18.471540451, 11.6677923203, 12.5144338608, 14.2169294357, 12.1874074936, 14.9528646469, 17.8675498962, 15.2912454605, 17.5528011322, 13.7907829285, 7.5875082016, 7.60098218918, 9.00130748749, 8.1124124527, 8.01035022736, 7.93738603592, 7.43930721283, 6.12631082535, 4.73008489609, 3.31698346138, 2.43543934822, 1.78517401218, 1.40529561043, 0.524877727032, 0.205753341317, 0.0134310740978, 0.000272612815024, 2.77588915196e-05],
        "dmean2": [0.727993130684, 3.12502884865, 4.18261241913, 8.52191257477, 9.36102294922, 11.5313873291, 20.0450725555, 15.268705368, 19.6818294525, 21.016210556, 30.202041626, 18.0302467346, 26.9049243927, 18.4035835266, 20.4491062164, 22.3936233521, 19.338470459, 23.506521225, 27.6100654602, 24.0371055603, 26.0617580414, 22.0801239014, 12.0486574173, 12.3153057098, 14.2059602737, 13.0938434601, 12.4701480865, 12.7167844772, 11.4691524506, 9.21276855469, 6.86755943298, 4.77144813538, 3.61418819427, 2.65523743629, 2.1358230114, 0.825678467751, 0.320457547903, 0.0215066876262, 0.000424229248893, 4.1273462557e-05],
        "dvar": [0.779376268387, 13.6821269989, 35.6093521118, 206.735809326, 278.633239746, 177.405990601, 549.094604492, 387.021514893, 980.957336426, 1289.16345215, 1343.78161621, 762.461486816, 1176.49694824, 416.46685791, 598.01751709, 622.173583984, 588.89239502, 1136.60839844, 1365.79919434, 914.961303711, 1970.46264648, 653.655456543, 143.260620117, 145.524200439, 190.261245728, 154.152862549, 177.886566162, 164.298446655, 132.414718628, 88.9652633667, 58.4392547607, 31.53099823, 15.5974178314, 8.82653045654, 5.98383712769, 1.01049590111, 0.192849621177, 0.000783302763011, 3.24629837678e-07, 2.29919283612e-09],
        "dvar2": [1.94102025032, 33.9665679932, 99.833656311, 601.438110352, 802.221435547, 418.786254883, 1502.24597168, 926.946838379, 2528.36962891, 2203.60668945, 2928.17749023, 1172.20153809, 2094.53515625, 963.201782227, 1450.91723633, 1409.55114746, 1465.49816895, 2435.82421875, 3185.13452148, 2212.15698242, 4277.78173828, 1561.31799316, 345.368164062, 400.778778076, 476.452056885, 376.628814697, 456.486022949, 407.447570801, 322.907836914, 192.474960327, 117.276374817, 66.2448501587, 33.503578186, 19.4430522919, 13.7320585251, 2.32440209389, 0.468528836966, 0.00193600321654, 7.91198203842e-07, 5.00770402923e-09],
        "max": [6.73571538925, 30.557226181, 53.5264587402, 126.567070007, 155.002334595, 202.055740356, 248.000686646, 292.274261475, 596.043823242, 765.565002441, 589.128662109, 729.075744629, 721.471191406, 255.977035522, 431.87210083, 384.315429688, 352.232086182, 667.041748047, 444.632537842, 416.469421387, 653.122131348, 312.618804932, 140.084289551, 156.204605103, 182.303070068, 128.928970337, 173.417419434, 121.257141113, 106.456771851, 95.8460464478, 78.9088592529, 88.1192321777, 56.4371643066, 26.8242950439, 20.856294632, 8.15426254272, 4.31353330612, 0.219301238656, 0.00441434513777, 0.000465308694402],
        "mean": [0.607293128967, 2.98958420753, 3.52120876312, 5.65658855438, 5.74925708771, 12.1517009735, 20.4929447174, 16.1660041809, 20.6400032043, 26.0722675323, 36.8777542114, 29.7143573761, 40.4669532776, 19.6389598846, 21.5942249298, 25.4838695526, 19.4772434235, 25.4337692261, 28.4376411438, 25.6870708466, 29.9839248657, 25.7765483856, 14.0829658508, 15.360994339, 18.9558906555, 17.7038612366, 16.1999530792, 15.061923027, 14.7985229492, 12.8093929291, 9.58420085907, 6.47212982178, 4.77092790604, 3.00794863701, 2.21267223358, 0.772139251232, 0.246158793569, 0.0153987053782, 0.000354953925125, 6.93159599905e-05],
        "median": [0.267064273357, 1.32724535465, 1.77808618546, 2.40424180031, 2.2545235157, 4.059715271, 6.24262189865, 6.15620517731, 5.69076013565, 8.64311885834, 11.0660142899, 10.7754669189, 16.3815612793, 11.356007576, 11.4484081268, 13.5165195465, 10.1900615692, 11.5280694962, 12.3243160248, 11.3803453445, 10.368897438, 11.5443868637, 9.3530216217, 10.5952653885, 13.1682529449, 12.8879184723, 10.3235588074, 9.5937871933, 10.340842247, 8.80530071259, 5.59695911407, 3.25950193405, 2.4748404026, 1.43625354767, 1.09568369389, 0.363378971815, 0.0762035772204, 0.00400201510638, 0.000142432603752, 6.01363171882e-05],
        "min": [2.80568406197e-06, 5.1892270676e-06, 5.09194342158e-06, 1.26505819935e-05, 4.24863137596e-05, 0.00074770161882, 0.00125108635984, 0.00167129456531, 0.00487234489992, 0.00680186180398, 0.0237384922802, 0.0225409138948, 0.00915859732777, 0.0158002525568, 0.00662291701883, 0.018240692094, 0.0079029686749, 0.00963386055082, 0.015779228881, 0.0109135191888, 0.0110025042668, 0.011334201321, 0.0023303385824, 0.00142894196324, 0.00165233027656, 0.00189494155347, 0.000823460286483, 0.000501621514559, 0.000449732644483, 0.000240356501308, 0.000243247239268, 0.000107729378215, 1.92801526282e-05, 6.09351036474e-06, 1.57848728577e-06, 5.21019444477e-07, 1.81350429784e-07, 3.31589546931e-08, 3.33066658698e-08, 3.79478919399e-08],
        "var": [0.984082639217, 20.7139453888, 34.9725608826, 139.30255127, 187.156768799, 502.085174561, 988.433959961, 1055.97546387, 2033.30004883, 3249.93774414, 4035.29345703, 4608.67724609, 7073.09912109, 670.439941406, 1526.66711426, 1806.61450195, 861.221191406, 2291.36987305, 2523.60668945, 1665.40759277, 4208.38867188, 1536.05200195, 292.535522461, 338.681030273, 448.152252197, 376.167449951, 381.003173828, 319.307189941, 280.076934814, 218.282653809, 159.926223755, 87.0282821655, 38.7153625488, 17.0598220825, 10.0775127411, 1.45312798023, 0.219768762589, 0.000867189199198, 3.83357274814e-07, 4.97989161019e-09]
    },
    "gfcc": {
        "mean": [-0.954588115215, 62.8670921326, -120.325393677, 28.3846492767, -69.484413147, 23.8974971771, -35.854927063, 18.537021637, -22.2110958099, 12.182803154, -15.5970401764, 7.37707090378, -6.20602321625],
        "cov": [[16110.4902344, -667.708679199, 3657.01318359, 3070.81665039, 1106.60693359, 827.020996094, -489.678405762, 108.83379364, -339.686706543, 531.631896973, -513.735168457, 102.600753784, -576.285766602], [-667.708679199, 933.562805176, 91.1686859131, 222.003051758, 155.719589233, -5.1049413681, 164.030197144, -128.101104736, 104.192276001, -88.6189041138, 111.324363708, -34.8276977539, 18.8296947479], [3657.01318359, 91.1686859131, 1420.08325195, 1025.57250977, 371.038696289, 276.098327637, -90.7618713379, 16.6057548523, -89.4763412476, 148.993209839, -104.986961365, 46.1000556946, -201.049346924], [3070.81665039, 222.003051758, 1025.57250977, 1227.66479492, 423.973144531, 222.621231079, -112.441612244, -25.4213943481, 12.1614847183, 68.6788482666, -79.4966430664, -14.6532297134, -107.078346252], [1106.60693359, 155.719589233, 371.038696289, 423.973144531, 305.936035156, 120.961593628, -10.4534063339, -10.9678707123, 11.6959505081, 32.4665489197, -41.1800727844, 11.5524082184, -52.0391120911], [827.020996094, -5.1049413681, 276.098327637, 222.621231079, 120.961593628, 235.375442505, 51.372631073, 24.6939868927, -28.4423160553, 21.9966468811, -7.30377721786, -10.6573600769, -61.1681861877], [-489.678405762, 164.030197144, -90.7618713379, -112.441612244, -10.4534063339, 51.372631073, 182.848678589, 22.6684379578, 27.7122592926, -38.8310852051, 39.5819549561, -9.31257820129, -4.39284324646], [108.83379364, -128.101104736, 16.6057548523, -25.4213943481, -10.9678707123, 24.6939868927, 22.6684379578, 145.292327881, 47.1996459961, 17.1840744019, -36.4132537842, -17.3696498871, -3.74506425858], [-339.686706543, 104.192276001, -89.4763412476, 12.1614847183, 11.6959505081, -28.4423160553, 27.7122592926, 47.1996459961, 136.57611084, 8.23366832733, 10.573466301, -23.3097171783, 38.58568573], [531.631896973, -88.6189041138, 148.993209839, 68.6788482666, 32.4665489197, 21.9966468811, -38.8310852051, 17.1840744019, 8.23366832733, 109.266456604, 3.41956806183, 27.7116031647, -22.6947879791], [-513.735168457, 111.324363708, -104.986961365, -79.4966430664, -41.1800727844, -7.30377721786, 39.5819549561, -36.4132537842, 10.573466301, 3.41956806183, 120.520301819, 39.7391548157, 27.2720985413], [102.600753784, -34.8276977539, 46.1000556946, -14.6532297134, 11.5524082184, -10.6573600769, -9.31257820129, -17.3696498871, -23.3097171783, 27.7116031647, 39.7391548157, 103.076965332, 15.95591259], [-576.285766602, 18.8296947479, -201.049346924, -107.078346252, -52.0391120911, -61.1681861877, -4.39284324646, -3.74506425858, 38.58568573, -22.6947879791, 27.2720985413, 15.95591259, 117.405334473]],
        "icov": [[0.000219451234443, 0.000123380246805, -0.000196976761799, -0.000335204065777, 9.97454026219e-06, -0.000108089283458, -3.88887820009e-05, -4.32488513979e-06, 0.000276323524304, -0.000457508227555, 0.00045601639431, -0.000158208917128, 9.71960325842e-05], [0.000123380246805, 0.0038297153078, -0.00175657239743, 0.000329832168063, -0.00246406393126, 0.00216712825932, -0.00300632836297, 0.00349698984064, -0.00291711697355, 0.00281319022179, -0.00360815133899, 0.00291036767885, -0.000734721426852], [-0.000196976761799, -0.00175657239743, 0.00422109477222, -0.00249554426409, 0.00160843110643, -0.00144088617526, 0.000541065179277, -0.00217623868957, 0.00278920214623, -0.00328400055878, 0.00280778366141, -0.00322988512926, 0.00241548381746], [-0.000335204065777, 0.000329832168063, -0.00249554426409, 0.00449628010392, -0.00285918661393, -0.000159185394295, 0.00179596815724, 0.0013778640423, -0.00294886156917, 0.00316497590393, -0.00247528287582, 0.00253642466851, -0.00129880628083], [9.97454026219e-06, -0.00246406393126, 0.00160843110643, -0.00285918661393, 0.00954735465348, -0.00367821892723, 0.000870040734299, -0.000419388263253, -0.00010865135846, -0.00262763770297, 0.00587491504848, -0.00527321873233, 0.00180516892578], [-0.000108089283458, 0.00216712825932, -0.00144088617526, -0.000159185394295, -0.00367821892723, 0.00961853470653, -0.00483292434365, -0.000276066391962, 0.00166986940894, 0.000686360464897, -0.00454161129892, 0.00436856783926, -0.000254330632742], [-3.88887820009e-05, -0.00300632836297, 0.000541065179277, 0.00179596815724, 0.000870040734299, -0.00483292434365, 0.0120842847973, -0.00370478979312, -0.000987842446193, 0.0025919531472, -0.000625199638307, -0.00213149050251, 0.00231806072406], [-4.32488513979e-06, 0.00349698984064, -0.00217623868957, 0.0013778640423, -0.000419388263253, -0.000276066391962, -0.00370478979312, 0.0139875495806, -0.00804201886058, 0.00160741514992, 0.00127721182071, 0.00175417400897, -0.000655573792756], [0.000276323524304, -0.00291711697355, 0.00278920214623, -0.00294886156917, -0.00010865135846, 0.00166986940894, -0.000987842446193, -0.00804201886058, 0.0172237437218, -0.00749327801168, 0.00115279771853, 0.00177007529419, -0.00317806215025], [-0.000457508227555, 0.00281319022179, -0.00328400055878, 0.00316497590393, -0.00262763770297, 0.000686360464897, 0.0025919531472, 0.00160741514992, -0.00749327801168, 0.0185920782387, -0.006714199204, -0.00014823890524, 0.00154361629393], [0.00045601639431, -0.00360815133899, 0.00280778366141, -0.00247528287582, 0.00587491504848, -0.00454161129892, -0.000625199638307, 0.00127721182071, 0.00115279771853, -0.006714199204, 0.019937036559, -0.00997425243258, 0.000670452660415], [-0.000158208917128, 0.00291036767885, -0.00322988512926, 0.00253642466851, -0.00527321873233, 0.00436856783926, -0.00213149050251, 0.00175417400897, 0.00177007529419, -0.00014823890524, -0.00997425243258, 0.0189161300659, -0.00541035225615], [9.71960325842e-05, -0.000734721426852, 0.00241548381746, -0.00129880628083, 0.00180516892578, -0.000254330632742, 0.00231806072406, -0.000655573792756, -0.00317806215025, 0.00154361629393, 0.000670452660415, -0.00541035225615, 0.0147200897336]]
    },
    "melbands": {
        "dmean": [0.00342950108461, 0.00140584248584, 0.000799914530944, 0.000407179584727, 0.000408045045333, 0.000212636412471, 0.000175182867679, 0.000183639625902, 0.000137349881697, 8.72726741363e-05, 9.72555208136e-05, 5.42712587048e-05, 4.09169806517e-05, 5.26539843122e-05, 3.2828473195e-05, 2.83877561742e-05, 3.0553630495e-05, 3.76855095965e-05, 1.92433726625e-05, 2.13022740354e-05, 2.02363007702e-05, 1.57329122885e-05, 9.39143410505e-06, 6.557204415e-06, 6.64047047394e-06, 7.51088373363e-06, 6.6469574449e-06, 5.67126107853e-06, 5.06989181304e-06, 5.55538963454e-06, 4.78132415083e-06, 4.77715411762e-06, 3.67944926438e-06, 3.71094529328e-06, 3.08158632834e-06, 2.42550663643e-06, 2.12103918784e-06, 1.82713779395e-06, 1.89844320175e-06, 1.47245123117e-06],
        "dmean2": [0.00559653528035, 0.00224520685151, 0.00145428441465, 0.000716865120921, 0.000666998617817, 0.000355346506694, 0.000279901694739, 0.000274216436082, 0.000214012325159, 0.000122908459161, 0.000141401775181, 8.50887954584e-05, 6.74377661198e-05, 8.34548845887e-05, 5.19033310411e-05, 4.63328360638e-05, 4.79129594169e-05, 5.80149935558e-05, 3.08323178615e-05, 3.36023622367e-05, 3.02320058836e-05, 2.53135603998e-05, 1.47594973896e-05, 1.07802325147e-05, 1.08807380457e-05, 1.20126251204e-05, 1.05857870949e-05, 9.17328270589e-06, 7.96825497673e-06, 9.24832420424e-06, 7.67618621467e-06, 7.66880020819e-06, 5.52213668925e-06, 5.67694723941e-06, 4.57281066701e-06, 3.49502920471e-06, 3.21274069393e-06, 2.7890059755e-06, 2.85913529297e-06, 2.26983456741e-06],
        "dvar": [4.44988436357e-05, 6.94408026902e-06, 6.49782168693e-06, 9.74652152763e-07, 5.6300302731e-07, 1.82005010174e-07, 1.96589596158e-07, 1.48458781268e-07, 6.42629203185e-08, 3.69714605597e-08, 3.12520072043e-08, 9.01732111203e-09, 8.64210036866e-09, 1.02650661304e-08, 5.54972379163e-09, 3.1906850495e-09, 4.79614703508e-09, 6.69476074577e-09, 1.77615477881e-09, 2.76573342006e-09, 2.96991475857e-09, 9.76451697277e-10, 2.54663984345e-10, 1.24148580305e-10, 1.17563958568e-10, 1.37594949323e-10, 1.07921303838e-10, 7.77410497088e-11, 7.95591995062e-11, 9.69333294187e-11, 5.78174452759e-11, 6.03433969459e-11, 3.03470894247e-11, 3.44161157906e-11, 2.45980822516e-11, 1.84152051247e-11, 1.31739601866e-11, 8.80638010431e-12, 9.93694189433e-12, 6.22043649229e-12],
        "dvar2": [0.000110414992378, 1.68015321833e-05, 1.89058901015e-05, 2.70434270533e-06, 1.48694959989e-06, 4.38776169176e-07, 4.89879312227e-07, 2.82610955082e-07, 1.39114305853e-07, 5.60915971448e-08, 5.58577575305e-08, 2.00556264929e-08, 2.09498249859e-08, 2.17812168302e-08, 1.22829861837e-08, 7.73554909017e-09, 9.67874846936e-09, 1.5228064143e-08, 4.57790783059e-09, 5.51824053119e-09, 6.35011954131e-09, 2.34793406939e-09, 6.18182782741e-10, 3.00209829218e-10, 3.25689919478e-10, 3.49008544287e-10, 2.72793621026e-10, 1.96346106041e-10, 2.07352482406e-10, 2.53484871982e-10, 1.42083192434e-10, 1.49409679073e-10, 7.16744580354e-11, 7.73421465761e-11, 5.38980839127e-11, 3.82914221164e-11, 3.09247211172e-11, 2.01255678789e-11, 2.19688468805e-11, 1.43308273234e-11],
        "max": [0.0541564933956, 0.0256101191044, 0.0215553604066, 0.00815064180642, 0.00759223103523, 0.00583975296468, 0.00762635050341, 0.00721687311307, 0.00385038857348, 0.00431767711416, 0.00363174430095, 0.00128901505377, 0.00194955756888, 0.00217850948684, 0.0014982939465, 0.000608931470197, 0.00152844551485, 0.00100810208824, 0.000587571354117, 0.0011052438058, 0.000868813251145, 0.000391651381506, 0.000314383185469, 0.000153064727783, 0.000133676512633, 0.000151163927512, 0.000193235726329, 9.01494495338e-05, 0.000115644899779, 0.000109458262159, 7.83666328061e-05, 6.54070536257e-05, 5.93620352447e-05, 6.50681613479e-05, 5.72646495129e-05, 7.81089620432e-05, 5.14070525242e-05, 4.13223024225e-05, 3.50085429091e-05, 2.45405553869e-05],
        "mean": [0.00497671682388, 0.00257865502499, 0.000951823021751, 0.00058906286722, 0.000736111600418, 0.000365711224731, 0.000301821826724, 0.000338878046023, 0.000269533367828, 0.000200849899556, 0.000206604890991, 8.58868443174e-05, 6.69936925988e-05, 8.56530823512e-05, 5.1495997468e-05, 4.1755825805e-05, 4.94174528285e-05, 5.53138124815e-05, 2.86364975182e-05, 3.60120284313e-05, 3.16279438266e-05, 2.74168251053e-05, 1.58686252689e-05, 1.09523152787e-05, 1.23607969726e-05, 1.43659399328e-05, 1.35284044518e-05, 1.1122894648e-05, 9.78488333203e-06, 9.5838913694e-06, 8.44717942527e-06, 8.76713875186e-06, 7.11586835678e-06, 7.2770276347e-06, 5.82776601732e-06, 4.40020039605e-06, 3.83725046049e-06, 3.3705655369e-06, 3.10897235067e-06, 2.30983573601e-06],
        "median": [0.00254963128828, 0.00148403365165, 0.000433594948845, 0.000237061118241, 0.000223160968744, 0.000142207674799, 8.11344725662e-05, 9.60676552495e-05, 8.73772078194e-05, 5.50488148292e-05, 8.04560331744e-05, 4.66289529868e-05, 3.03846863972e-05, 4.30409309047e-05, 2.09758109122e-05, 1.75781133294e-05, 2.04581319849e-05, 1.92146799236e-05, 1.3649052562e-05, 1.22707733681e-05, 1.04437840491e-05, 1.11968083729e-05, 9.08290803636e-06, 6.79540471538e-06, 8.40448956296e-06, 9.22449271457e-06, 9.17612123885e-06, 7.78474441177e-06, 6.18414105702e-06, 5.76477123104e-06, 5.16464297107e-06, 5.74526029595e-06, 4.92439539812e-06, 4.64014874524e-06, 3.4038114336e-06, 1.97867848328e-06, 1.9158098894e-06, 1.67763460013e-06, 1.42152077842e-06, 1.02070657704e-06],
        "min": [3.27776064069e-08, 4.71600625218e-09, 2.11839523701e-09, 9.43120603836e-09, 4.9201204888e-08, 2.91582402667e-08, 2.90646759993e-08, 3.49993101167e-08, 7.97637724759e-08, 1.05591290378e-07, 3.00346059134e-08, 6.48019380378e-08, 1.90128393029e-08, 4.75042192249e-08, 2.46475817534e-08, 1.80066237476e-08, 1.63039430845e-08, 1.37635307595e-08, 9.36113231376e-09, 1.4040052676e-08, 9.09106478986e-09, 1.0306909104e-08, 2.19236251375e-09, 1.65700564381e-09, 9.12726116908e-10, 1.02942987468e-09, 1.30795430042e-09, 9.25657106521e-10, 4.92880458669e-10, 3.38605754546e-10, 2.62871779899e-10, 2.14229564643e-10, 2.73616879154e-10, 8.16887391064e-11, 8.67377281111e-11, 4.13382392553e-12, 4.64934514499e-13, 4.46893346981e-12, 5.05982408749e-13, 4.74738825996e-14],
