{
"highlevel": {
    "danceability": {
        "all": {
            "danceable": 9.77755007625e-07,
            "not_danceable": 0.999999046326
        },
        "probability": 0.999999046326,
        "value": "not_danceable"
    },
    "gender": {
        "all": {
            "female": 0.539416372776,
            "male": 0.460583627224
        },
        "probability": 0.539416372776,
        "value": "female"
    },
    "genre_dortmund": {
        "all": {
            "alternative": 0.0847779810429,
            "blues": 0.0161226894706,
            "electronic": 0.0100689381361,
            "folkcountry": 0.0814987570047,
            "funksoulrnb": 0.00188366160728,
            "jazz": 0.0140968412161,
            "pop": 0.0460305176675,
            "raphiphop": 0.000284358509816,
            "rock": 0.74523627758
        },
        "probability": 0.74523627758,
        "value": "rock"
    },
    "genre_electronic": {
        "all": {
            "ambient": 0.226571261883,
            "dnb": 0.35374429822,
            "house": 0.13862746954,
            "techno": 0.0288659632206,
            "trance": 0.252191007137
        },
        "probability": 0.35374429822,
        "value": "dnb"
    },
    "genre_rosamerica": {
        "all": {
            "cla": 0.00309435836971,
            "dan": 0.0043847351335,
            "hip": 0.00217972742394,
            "jaz": 0.00115080398973,
            "pop": 0.00430793920532,
            "rhy": 0.00797375850379,
            "roc": 0.975504636765,
            "spe": 0.00140402431134
        },
        "probability": 0.975504636765,
        "value": "roc"
    },
    "genre_tzanetakis": {
        "all": {
            "blu": 0.0626613423228,
            "cla": 0.0348169617355,
            "cou": 0.104475811124,
            "dis": 0.0784321576357,
            "hip": 0.15692435205,
            "jaz": 0.313974827528,
            "met": 0.0448166541755,
            "pop": 0.0627359300852,
            "reg": 0.0627360641956,
            "roc": 0.0784258767962
        },
        "probability": 0.313974827528,
        "value": "jaz"
    },
    "ismir04_rhythm": {
        "all": {
            "ChaChaCha": 0.0147460224107,
            "Jive": 0.913361012936,
            "Quickstep": 0.0131600126624,
            "Rumba-American": 0.00359281571582,
            "Rumba-International": 0.00374847929925,
            "Rumba-Misc": 0.0020037246868,
            "Samba": 0.0271356478333,
            "Tango": 0.0018585488433,
            "VienneseWaltz": 0.017545286566,
            "Waltz": 0.00284847267903
        },
        "probability": 0.913361012936,
        "value": "Jive"
    },
    "mood_acoustic": {
        "all": {
            "acoustic": 0.0574525929987,
            "not_acoustic": 0.942547380924
        },
        "probability": 0.942547380924,
        "value": "not_acoustic"
    },
    "mood_aggressive": {
        "all": {
            "aggressive": 0.739751875401,
            "not_aggressive": 0.260248154402
        },
        "probability": 0.739751875401,
        "value": "aggressive"
    },
    "mood_electronic": {
        "all": {
            "electronic": 0.0468052923679,
            "not_electronic": 0.95319467783
        },
        "probability": 0.95319467783,
        "value": "not_electronic"
    },
    "mood_happy": {
        "all": {
            "happy": 0.529645979404,
            "not_happy": 0.470354020596
        },
        "probability": 0.529645979404,
        "value": "happy"
    },
    "mood_party": {
        "all": {
            "not_party": 0.726915240288,
            "party": 0.27308472991
        },
        "probability": 0.726915240288,
        "value": "not_party"
    },
    "mood_relaxed": {
        "all": {
            "not_relaxed": 0.927815258503,
            "relaxed": 0.0721847712994
        },
        "probability": 0.927815258503,
        "value": "not_relaxed"
    },
    "mood_sad": {
        "all": {
            "not_sad": 0.724266350269,
            "sad": 0.275733619928
        },
        "probability": 0.724266350269,
        "value": "not_sad"
    },
    "moods_mirex": {
        "all": {
            "Cluster1": 0.695414662361,
            "Cluster2": 0.117025077343,
            "Cluster3": 0.0372462458909,
            "Cluster4": 0.0129696130753,
            "Cluster5": 0.137344405055
        },
        "probability": 0.695414662361,
        "value": "Cluster1"
    },
    "timbre": {
        "all": {
            "bright": 0.983009397984,
            "dark": 0.0169906280935
        },
        "probability": 0.983009397984,
        "value": "bright"
    },
    "tonal_atonal": {
        "all": {
            "atonal": 0.000235126601183,
            "tonal": 0.999764859676
        },
        "probability": 0.999764859676,
        "value": "tonal"
    },
    "voice_instrumental": {
        "all": {
            "instrumental": 0.0013022844214,
            "voice": 0.998697698116
        },
        "probability": 0.998697698116,
        "value": "voice"
    }
},
"lowlevel": {
    "average_loudness": 0.982716023922,
    "barkbands_crest": {
        "dmean": 2.22947907448,
        "dmean2": 3.77106380463,
        "dvar": 3.56335568428,
        "dvar2": 10.2920236588,
        "max": 21.693063736,
        "mean": 8.86155986786,
        "median": 8.50641727448,
        "min": 2.7955789566,
        "var": 8.45112514496
    },
    "barkbands_flatness_db": {
        "dmean": 0.0188536830246,
        "dmean2": 0.0315577425063,
        "dvar": 0.000284283421934,
        "dvar2": 0.000800356036052,
        "max": 0.224950298667,
        "mean": 0.124654963613,
        "median": 0.121411800385,
        "min": 0.0611154027283,
        "var": 0.000628848152701
    },
    "barkbands_kurtosis": {
        "dmean": 2.04544401169,
        "dmean2": 3.42816638947,
        "dvar": 6.5727057457,
        "dvar2": 16.9077148438,
        "max": 24.4100856781,
        "mean": 2.40876317024,
        "median": 1.13437509537,
        "min": -1.86706399918,
        "var": 16.8571815491
    },
    "barkbands_skewness": {
        "dmean": 0.503984034061,
        "dmean2": 0.838032484055,
        "dvar": 0.241560101509,
        "dvar2": 0.644382476807,
        "max": 4.58709621429,
        "mean": 1.67323482037,
        "median": 1.56738853455,
        "min": -0.0175052061677,
        "var": 0.662686705589
    },
    "barkbands_spread": {
        "dmean": 6.73722887039,
        "dmean2": 11.1176424026,
        "dvar": 42.9579925537,
        "dvar2": 104.219573975,
        "max": 84.4136886597,
        "mean": 31.0953636169,
        "median": 30.9021053314,
        "min": 4.25101518631,
        "var": 115.82195282
    },
    "dissonance": {
        "dmean": 0.00829798448831,
        "dmean2": 0.0138014312834,
        "dvar": 4.62179050373e-05,
        "dvar2": 0.00012304840493,
        "max": 0.500000059605,
        "mean": 0.481618076563,
        "median": 0.483955442905,
        "min": 0.416316986084,
        "var": 0.000136797825689
    },
    "dynamic_complexity": 1.14896416664,
    "erbbands_crest": {
        "dmean": 1.48668563366,
        "dmean2": 2.4928457737,
        "dvar": 2.19983530045,
        "dvar2": 6.08293008804,
        "max": 18.9414424896,
        "mean": 5.57154846191,
        "median": 4.97152614594,
        "min": 2.39015746117,
        "var": 4.50011396408
    },
    "erbbands_flatness_db": {
        "dmean": 0.00981484446675,
        "dmean2": 0.0145757896826,
        "dvar": 7.35885987524e-05,
        "dvar2": 0.000157904301886,
        "max": 0.207104533911,
        "mean": 0.133494243026,
        "median": 0.135193645954,
        "min": 0.0654651448131,
        "var": 0.000351431779563
    },
    "erbbands_kurtosis": {
        "dmean": 0.364839762449,
        "dmean2": 0.600805282593,
        "dvar": 0.158353388309,
        "dvar2": 0.39372241497,
        "max": 2.75323009491,
        "mean": -0.900392770767,
        "median": -1.0571782589,
        "min": -1.70907497406,
        "var": 0.382344901562
    },
    "erbbands_skewness": {
        "dmean": 0.25976023078,
        "dmean2": 0.417310088873,
        "dvar": 0.0539872124791,
        "dvar2": 0.13524158299,
        "max": 1.85847067833,
        "mean": -0.245389506221,
        "median": -0.300567567348,
        "min": -1.57555067539,
        "var": 0.265176594257
    },
    "erbbands_spread": {
        "dmean": 8.72601032257,
        "dmean2": 14.0348033905,
        "dvar": 59.3877716064,
        "dvar2": 150.945709229,
        "max": 123.101203918,
        "mean": 63.5207061768,
        "median": 62.67420578,
        "min": 24.7543945312,
        "var": 224.444625854
    },
    "hfc": {
        "dmean": 5.53828334808,
        "dmean2": 7.88158321381,
        "dvar": 41.1356620789,
        "dvar2": 76.3249206543,
        "max": 164.052429199,
        "mean": 27.342798233,
        "median": 25.0964508057,
        "min": 2.54908204079,
        "var": 177.037734985
    },
    "melbands_crest": {
        "dmean": 3.39072585106,
        "dmean2": 5.70002794266,
        "dvar": 8.34612941742,
        "dvar2": 24.2815608978,
        "max": 29.1834526062,
        "mean": 14.2029647827,
        "median": 13.8191614151,
        "min": 5.56090641022,
        "var": 16.4470176697
    },
    "melbands_flatness_db": {
        "dmean": 0.0246038716286,
        "dmean2": 0.0403637774289,
        "dvar": 0.000567201117519,
        "dvar2": 0.00150186603423,
        "max": 0.305723279715,
        "mean": 0.163033127785,
        "median": 0.158657178283,
        "min": 0.0731647312641,
        "var": 0.00135269528255
    },
    "melbands_kurtosis": {
        "dmean": 7.74964570999,
        "dmean2": 13.1920881271,
        "dvar": 89.557182312,
        "dvar2": 243.513458252,
        "max": 102.652145386,
        "mean": 17.0595436096,
        "median": 13.5616874695,
        "min": 0.360864162445,
        "var": 181.836624146
    },
    "melbands_skewness": {
        "dmean": 0.798453807831,
        "dmean2": 1.34131217003,
        "dvar": 0.65651267767,
        "dvar2": 1.75534939766,
        "max": 8.56401348114,
        "mean": 3.62001252174,
        "median": 3.52739739418,
        "min": 0.935469686985,
        "var": 1.59993088245
    },
    "melbands_spread": {
        "dmean": 8.17884063721,
        "dmean2": 13.6285991669,
        "dvar": 72.013999939,
        "dvar2": 188.690872192,
        "max": 93.764503479,
        "mean": 25.345659256,
        "median": 23.5551452637,
        "min": 3.70247030258,
        "var": 154.808044434
    },
    "pitch_salience": {
        "dmean": 0.0659950897098,
        "dmean2": 0.110946044326,
        "dvar": 0.00374372932129,
        "dvar2": 0.0107239019126,
        "max": 0.859276950359,
        "mean": 0.64850962162,
        "median": 0.659264862537,
        "min": 0.289263129234,
        "var": 0.00646369019523
    },
    "silence_rate_20dB": {
        "dmean": 0,
        "dmean2": 0,
        "dvar": 0,
        "dvar2": 0,
        "max": 1,
        "mean": 1,
        "median": 1,
        "min": 1,
        "var": 0
    },
    "silence_rate_30dB": {
        "dmean": 0.00154798757285,
        "dmean2": 0.00309837330133,
        "dvar": 0.00154559093062,
        "dvar2": 0.00463795801625,
        "max": 1,
        "mean": 0.999226629734,
        "median": 1,
        "min": 0,
        "var": 0.000772796978708
    },
    "silence_rate_60dB": {
        "dmean": 0,
        "dmean2": 0,
        "dvar": 0,
        "dvar2": 0,
        "max": 0,
        "mean": 0,
        "median": 0,
        "min": 0,
        "var": 0
    },
    "spectral_centroid": {
        "dmean": 294.630645752,
        "dmean2": 490.464355469,
        "dvar": 73318.671875,
        "dvar2": 191105.546875,
        "max": 3042.34423828,
        "mean": 1716.12158203,
        "median": 1726.05249023,
        "min": 348.86932373,
        "var": 243082.84375
    },
    "spectral_complexity": {
        "dmean": 4.76083612442,
        "dmean2": 7.44074344635,
        "dvar": 18.0535182953,
        "dvar2": 38.4694900513,
        "max": 55,
        "mean": 30.592420578,
        "median": 32,
        "min": 4,
        "var": 91.401473999
    },
    "spectral_decrease": {
        "dmean": 3.13064907331e-09,
        "dmean2": 5.35642463717e-09,
        "dvar": 1.80882363874e-17,
        "dvar2": 4.88892924951e-17,
        "max": -1.20353449429e-09,
        "mean": -8.02811328526e-09,
        "median": -7.21839832352e-09,
        "min": -3.26366951242e-08,
        "var": 1.84433036653e-17
    },
    "spectral_energy": {
        "dmean": 0.0121048996225,
        "dmean2": 0.0206535123289,
        "dvar": 0.000265972543275,
        "dvar2": 0.000717085495126,
        "max": 0.127106547356,
        "mean": 0.0327800102532,
        "median": 0.0296786352992,
        "min": 0.00499710440636,
        "var": 0.000281403015833
    },
    "spectral_energyband_high": {
        "dmean": 0.000488034565933,
        "dmean2": 0.0006705520791,
        "dvar": 4.06489789384e-07,
        "dvar2": 6.34240336694e-07,
        "max": 0.0186619795859,
        "mean": 0.00183002173435,
        "median": 0.00157910317648,
        "min": 3.73290749849e-05,
        "var": 1.61522814324e-06
    },
    "spectral_energyband_low": {
        "dmean": 0.00785111822188,
        "dmean2": 0.013537122868,
        "dvar": 0.000211379432585,
        "dvar2": 0.000572779972572,
        "max": 0.10391870141,
        "mean": 0.0106567824259,
        "median": 0.00738773634657,
        "min": 0.000325609522406,
        "var": 0.000167013495229
    },
    "spectral_energyband_middle_high": {
        "dmean": 0.00119053199887,
        "dmean2": 0.00181991257705,
        "dvar": 2.14477108784e-06,
        "dvar2": 5.12184988111e-06,
        "max": 0.0248466804624,
        "mean": 0.00488073285669,
        "median": 0.00425382005051,
        "min": 0.000193126121303,
        "var": 1.07197847683e-05
    },
    "spectral_energyband_middle_low": {
        "dmean": 0.00677652191371,
        "dmean2": 0.011541233398,
        "dvar": 6.45879263175e-05,
        "dvar2": 0.000179316019057,
        "max": 0.0759768486023,
        "mean": 0.0187066495419,
        "median": 0.0171312969178,
        "min": 0.00307668396272,
        "var": 8.58510029502e-05
    },
    "spectral_entropy": {
        "dmean": 0.0865538865328,
        "dmean2": 0.133115768433,
        "dvar": 0.00624210340902,
        "dvar2": 0.0138746090233,
        "max": 8.50479221344,
        "mean": 7.82881736755,
        "median": 7.84090089798,
        "min": 6.9248085022,
        "var": 0.0258319769055
    },
    "spectral_flux": {
        "dmean": 0.0270831491798,
        "dmean2": 0.0414230749011,
        "dvar": 0.00107759970706,
        "dvar2": 0.00221064407378,
        "max": 0.291340410709,
        "mean": 0.0942390114069,
        "median": 0.0830486118793,
        "min": 0.0189156439155,
        "var": 0.00198474293575
    },
    "spectral_kurtosis": {
        "dmean": 0.747000932693,
        "dmean2": 1.30204606056,
        "dvar": 0.431703537703,
        "dvar2": 1.27288031578,
        "max": 7.82803344727,
        "mean": 1.82745754719,
        "median": 1.68742895126,
        "min": -0.678762674332,
        "var": 0.980164587498
    },
    "spectral_rms": {
        "dmean": 0.000961880665272,
        "dmean2": 0.00160679069813,
        "dvar": 1.226555014e-06,
        "dvar2": 3.24835400534e-06,
        "max": 0.0111358156428,
        "mean": 0.00550066214055,
        "median": 0.00538096344098,
        "min": 0.0022079909686,
        "var": 1.72321836089e-06
    },
    "spectral_rolloff": {
        "dmean": 829.295959473,
        "dmean2": 1417.5213623,
        "dvar": 789132,
        "dvar2": 1812911.25,
        "max": 8720.94726562,
        "mean": 1829.24279785,
        "median": 1744.18945312,
        "min": 129.19921875,
        "var": 1665199
    },
    "spectral_skewness": {
        "dmean": 0.12543682754,
        "dmean2": 0.205264300108,
        "dvar": 0.0107044307515,
        "dvar2": 0.0283901598305,
        "max": 1.89596021175,
        "mean": 0.865298092365,
        "median": 0.824551284313,
        "min": 0.247784674168,
        "var": 0.0599041581154
    },
    "spectral_spread": {
        "dmean": 334369.71875,
        "dmean2": 485754.9375,
        "dvar": 118606766080,
        "dvar2": 186401488896,
        "max": 9303854,
        "mean": 4601640.5,
        "median": 4382709,
        "min": 2607401.25,
        "var": 900046716928
    },
    "spectral_strongpeak": {
        "dmean": 0.29781922698,
        "dmean2": 0.514546692371,
        "dvar": 0.167538076639,
        "dvar2": 0.450847834349,
        "max": 7.10503911972,
        "mean": 0.587386727333,
        "median": 0.519119799137,
        "min": 0.0596671737731,
        "var": 0.171346977353
    },
    "zerocrossingrate": {
        "dmean": 0.0100611634552,
        "dmean2": 0.0126090785488,
        "dvar": 7.9229255789e-05,
        "dvar2": 0.00010505290993,
        "max": 0.20849609375,
        "mean": 0.0766197517514,
        "median": 0.07421875,
        "min": 0.0146484375,
        "var": 0.000463054602733
    },
    "barkbands": {
        "dmean": [0.000155536836246, 0.00386982434429, 0.00312838400714, 0.00357020646334, 0.00367475370876, 0.00100995390676, 0.000788527948316, 0.000373911432689, 0.000471615116112, 0.000279761559796, 0.000151107480633, 0.000163150762091, 0.000209280275158, 0.000224414281547, 0.000176490051672, 0.000174897955731, 0.000314711040119, 0.000193172061699, 0.000363407685654, 0.000236296182266, 0.000246619048994, 0.000127017236082, 9.01104576769e-05, 8.57191116665e-05, 3.30502152792e-05, 1.29530790218e-05, 4.95349539165e-09],
        "dmean2": [0.000240595676587, 0.00669518206269, 0.00553100928664, 0.00604148861021, 0.00622194400057, 0.00165413389914, 0.0012430800125, 0.000583300541621, 0.000745390134398, 0.000437828304712, 0.000253277947195, 0.000274367455859, 0.000335352087859, 0.000371671951143, 0.000285386369796, 0.000289999385132, 0.000522069516592, 0.000319533515722, 0.00058772083139, 0.000387386389775, 0.00038991405745, 0.000200300230063, 0.000130840868223, 0.00011308156536, 4.40162657469e-05, 1.81018731382e-05, 6.0284994774e-09],
        "dvar": [6.58881873505e-08, 8.2757032942e-05, 3.4527562093e-05, 1.83605934581e-05, 1.92766856344e-05, 1.87147986708e-06, 1.50076016325e-06, 8.07942626579e-07, 9.7898146123e-07, 4.69543948611e-07, 1.91106636294e-07, 5.57098402965e-08, 2.90371389156e-07, 1.33272351377e-07, 1.54194694346e-07, 6.43143636125e-08, 1.12585802015e-07, 5.56916539551e-08, 1.82127962489e-07, 9.95909630319e-08, 6.11955286445e-08, 2.32093704255e-08, 2.00185503729e-08, 8.22030585823e-08, 8.67625171708e-09, 8.64859794891e-10, 1.2649993222e-14],
        "dvar2": [1.21965001654e-07, 0.000220115747652, 9.57073571044e-05, 5.06370306539e-05, 5.64437068533e-05, 5.17171247338e-06, 3.96380710299e-06, 1.73445550899e-06, 2.20920128413e-06, 1.13991814032e-06, 5.33707861905e-07, 1.51477252075e-07, 7.89652347066e-07, 3.28829230511e-07, 3.89616332086e-07, 1.44425982285e-07, 2.92109803013e-07, 1.43052659496e-07, 4.71561179438e-07, 2.11004703488e-07, 1.38958057505e-07, 5.12221269844e-08, 3.59925600435e-08, 1.12440666555e-07, 1.15154925595e-08, 1.51889212319e-09, 1.26558504548e-14],
        "max": [0.00234341714531, 0.057189039886, 0.0391784086823, 0.0399303883314, 0.0551342517138, 0.0144891235977, 0.0137368496507, 0.0196310691535, 0.0223490558565, 0.0126617830247, 0.00926643796265, 0.00307733309455, 0.00913339760154, 0.00587508408353, 0.0107872635126, 0.00545771652833, 0.00337836379185, 0.00318712648004, 0.00520282518119, 0.00584515091032, 0.0049926135689, 0.00276521290652, 0.00335920229554, 0.00921326410025, 0.00293388147838, 0.000365959509509, 3.96741597797e-06],
        "mean": [0.000164579221746, 0.00356979877688, 0.00366343138739, 0.0064680352807, 0.00756897684187, 0.00182808563113, 0.00138745235745, 0.000608569942415, 0.000794782070443, 0.000498945650179, 0.000262385961832, 0.00029192873626, 0.000351297319867, 0.000446659192676, 0.000316116726026, 0.000335874356097, 0.000709328160156, 0.000423769146437, 0.000897038262337, 0.00058503751643, 0.000742488075048, 0.000359625410056, 0.00022708348115, 0.000190110033145, 6.58750795992e-05, 2.27723539865e-05, 4.73795580547e-09],
        "median": [4.4607626478e-05, 0.00132519332692, 0.00207957392558, 0.00526093691587, 0.00641343463212, 0.00138177594636, 0.000872058502864, 0.00032939913217, 0.000393248890759, 0.000198498906684, 8.44804890221e-05, 0.000160149735166, 0.000144985620864, 0.000274996069493, 0.000211530248635, 0.00024493469391, 0.000604994769674, 0.000339757301845, 0.000747354119085, 0.000468617974548, 0.000672017165925, 0.000297639402561, 0.000158691240358, 0.00010979551007, 3.04773948301e-05, 4.33858576798e-06, 5.07502873059e-10],
        "min": [3.34649058686e-07, 1.69455834111e-05, 1.95564243768e-05, 7.8807825048e-06, 0.000307371868985, 3.66683816537e-05, 1.39497697091e-05, 9.76885439741e-06, 1.20290096675e-05, 4.77392177345e-06, 2.57867486653e-06, 6.56755310047e-06, 9.5609930213e-06, 3.02834960166e-05, 8.90364572115e-06, 5.2902933021e-06, 2.34825729422e-05, 5.3129524531e-06, 9.79984724836e-06, 5.0036628636e-06, 1.10425316961e-05, 8.37153675093e-06, 4.24222344009e-06, 2.16917169382e-06, 2.01534612643e-06, 6.60333085989e-08, 2.15167831469e-11],
        "var": [9.4980407539e-08, 6.06914654782e-05, 2.63714173343e-05, 2.7244188459e-05, 2.66015686066e-05, 2.61060131379e-06, 2.30159707826e-06, 1.30894579797e-06, 1.84227792488e-06, 1.07898586066e-06, 6.84652206928e-07, 1.1371167119e-07, 5.99136114943e-07, 2.61478533048e-07, 1.97045764594e-07, 1.2072162292e-07, 2.36615306903e-07, 1.33932175572e-07, 4.73141852808e-07, 2.56186126535e-07, 2.01816376943e-07, 7.12956875759e-08, 5.58855219879e-08, 2.37184224261e-07, 2.42264004413e-08, 2.24325180653e-09, 1.26429272731e-14]
    },
    "erbbands": {
        "dmean": [0.0578594505787, 1.04963040352, 3.66179490089, 7.26470661163, 11.4566831589, 15.1948843002, 11.1429672241, 7.25888490677, 11.3229560852, 8.67533493042, 8.1680059433, 12.2680139542, 5.64875459671, 9.58571720123, 6.08037662506, 6.27311754227, 9.59746170044, 10.0789070129, 10.3921833038, 7.72846364975, 11.1393899918, 17.2446212769, 10.0845632553, 13.5457906723, 20.5396022797, 9.69452762604, 8.92696475983, 10.1614990234, 4.56765270233, 3.32188796997, 2.50800848007, 2.08609199524, 1.27995049953, 0.496004760265, 0.188548222184, 0.0833457633853, 0.0211387779564, 0.0013449419057, 3.15944962495e-05, 1.44523173731e-05],
        "dmean2": [0.0963747650385, 1.83494055271, 6.50616550446, 12.4058818817, 19.4506931305, 25.7095546722, 18.7303276062, 12.0121049881, 18.21068573, 13.4663610458, 12.9085664749, 19.3914756775, 8.78466892242, 15.4914684296, 10.1736364365, 10.3742046356, 15.2808828354, 16.5031738281, 16.8765182495, 13.0934448242, 18.5265522003, 28.4591159821, 16.2009124756, 22.0215396881, 33.2632369995, 15.7739715576, 14.425863266, 16.234254837, 7.2863817215, 5.08057403564, 3.64357614517, 2.89857006073, 1.67652487755, 0.649643540382, 0.264670133591, 0.119948372245, 0.0299496110529, 0.00202021026053, 4.53384200227e-05, 2.38234151766e-05],
        "dvar": [0.0175833590329, 6.11883020401, 59.9352378845, 65.0165786743, 279.354644775, 292.818054199, 177.576446533, 121.027450562, 372.829589844, 279.828460693, 397.949523926, 748.373840332, 173.293884277, 460.09753418, 199.114212036, 81.3145904541, 705.444885254, 367.62600708, 216.125747681, 493.176513672, 178.727615356, 367.108459473, 118.097000122, 216.882278442, 719.095214844, 143.621444702, 81.1563339233, 122.840148926, 33.5261421204, 17.827955246, 19.2765960693, 28.5062160492, 23.5667247772, 2.72548174858, 0.210537552834, 0.0343775451183, 0.00291973305866, 1.25020833366e-05, 4.55822890544e-09, 3.36840527693e-10],
        "dvar2": [0.0451746843755, 16.4479064941, 165.833770752, 182.063796997, 771.921203613, 850.647460938, 516.105529785, 342.266082764, 1023.34594727, 631.819641113, 891.642211914, 1666.53662109, 355.430084229, 1299.15332031, 548.961364746, 212.894561768, 1928.05358887, 945.840515137, 446.831054688, 1389.58959961, 426.85345459, 933.59588623, 289.73147583, 557.490112305, 1793.94360352, 290.290222168, 192.949142456, 281.638092041, 78.7132949829, 36.5651321411, 35.1036491394, 36.5056648254, 39.2655181885, 3.8682653904, 0.316654771566, 0.0676010996103, 0.00525663048029, 2.71958087978e-05, 8.48831493983e-09, 8.68824956424e-10],
        "max": [0.907154142857, 15.5000724792, 45.3835792542, 70.012840271, 159.727935791, 174.368423462, 126.188110352, 115.348373413, 231.124237061, 291.218261719, 401.574249268, 623.526672363, 257.686920166, 398.811920166, 302.557891846, 93.7912368774, 506.132324219, 351.515167236, 271.103607178, 649.738891602, 192.109817505, 220.032196045, 149.092880249, 200.056091309, 336.544769287, 257.78112793, 162.256256104, 216.01159668, 109.899780273, 75.3678588867, 105.817993164, 166.540390015, 149.686401367, 51.8805274963, 11.9175701141, 2.52249193192, 0.864134669304, 0.0497401282191, 0.000955653144047, 0.000177175432327],
        "mean": [0.056608106941, 0.97913569212, 4.09786224365, 13.9487047195, 21.0778198242, 29.5741062164, 20.2298412323, 13.2822713852, 18.7044792175, 16.3509502411, 14.6620264053, 20.5074081421, 10.5920467377, 17.5200557709, 11.8489542007, 12.4958963394, 17.226234436, 19.5812225342, 22.5201759338, 14.6796283722, 24.2387866974, 38.8072052002, 24.5489997864, 35.0355262756, 49.7076339722, 26.6071777344, 25.2115497589, 29.1056461334, 13.1462593079, 9.09437084198, 6.08588218689, 4.76311016083, 2.49337220192, 1.00024211407, 0.353917449713, 0.14614610374, 0.0355555936694, 0.00194824452046, 6.6693755798e-05, 4.4193566282e-05],
        "median": [0.0208415053785, 0.38706818223, 2.10721755028, 11.5467252731, 17.0801544189, 25.3540382385, 16.2646007538, 9.61621856689, 11.7865076065, 9.43495178223, 9.32768535614, 9.87184333801, 5.87129068375, 6.72209787369, 5.96837520599, 6.98838186264, 7.13101625443, 12.4785966873, 15.4452362061, 10.7056789398, 19.1063499451, 32.5179748535, 20.9454135895, 30.0571613312, 38.689365387, 21.9974021912, 22.6276187897, 26.0594844818, 10.7619009018, 7.1640253067, 4.21244764328, 3.0764374733, 1.22537946701, 0.488738894463, 0.140880391002, 0.0360864810646, 0.00396829098463, 0.000183225158253, 3.100835238e-05, 3.99437521992e-05],
        "min": [0.000873008393683, 0.00287260208279, 0.0912567749619, 0.298665136099, 1.17433774471, 1.03828513622, 0.865524828434, 0.784722387791, 0.687685966492, 0.311478674412, 0.46744543314, 0.412932544947, 0.151024729013, 0.289019197226, 0.509866952896, 0.403912782669, 0.689951241016, 1.25864374638, 1.17108726501, 0.73932415247, 0.903870522976, 1.43197464943, 0.490977942944, 0.404009729624, 0.47564291954, 0.294501006603, 0.350509941578, 0.620037913322, 0.237874418497, 0.140714988112, 0.105518788099, 0.0538334101439, 0.0224326215684, 0.0255232937634, 0.0103693315759, 0.00157408649102, 9.40794852795e-05, 9.74914473773e-06, 5.93840195506e-06, 9.17799752642e-06],
        "var": [0.0144106354564, 4.34427928925, 42.3879203796, 100.283737183, 292.578948975, 450.018951416, 246.209396362, 148.52394104, 481.196777344, 523.74786377, 591.537597656, 1448.55395508, 384.604156494, 932.406738281, 654.229064941, 208.841064453, 1505.58398438, 639.337768555, 519.43170166, 573.911193848, 417.670043945, 755.953369141, 301.198822021, 627.196960449, 1941.13879395, 434.319549561, 246.310302734, 341.217346191, 101.460266113, 55.3816452026, 47.5528526306, 88.2113418579, 59.5972709656, 7.61648368835, 0.519556105137, 0.0795638784766, 0.00692869815975, 2.38774737227e-05, 1.02666835033e-08, 4.35375041574e-10]
    },
    "gfcc": {
        "mean": [40.2003250122, 87.6987228394, -124.265640259, 69.9944763184, -71.4056854248, 7.87314653397, -46.55128479, 0.188358128071, -30.1494522095, -4.56169843674, -19.0566368103, -9.31526851654, -10.3644924164],
        "cov": [[671.047241211, -101.132095337, -110.105453491, -3.82744026184, -3.05945396423, 66.7119140625, 83.5895080566, 57.820476532, -18.3117027283, -31.8541660309, -8.74140548706, 6.98686122894, -26.8953170776], [-101.132095337, 377.559967041, -211.535171509, 109.640174866, 23.4062423706, 5.35665273666, 126.76197052, -30.5617256165, 94.7510299683, -58.9098587036, 87.3491668701, -73.4887619019, 80.73412323], [-110.105453491, -211.535171509, 431.193115234, -79.816947937, 57.1643104553, -22.500207901, -126.470985413, 22.7113571167, -68.0413513184, 100.906692505, -80.9134521484, 86.9971542358, -65.4516601562], [-3.82744026184, 109.640174866, -79.816947937, 247.449371338, 16.3108959198, 26.0069332123, 42.175163269, -14.6134023666, 81.0204315186, -77.5018768311, 60.9526596069, -57.5694465637, 66.7065963745], [-3.05945396423, 23.4062423706, 57.1643104553, 16.3108959198, 112.008674622, -6.46918678284, 26.1806793213, 30.098613739, -3.96379947662, 27.5656261444, -21.3739471436, 19.3581180573, -11.2071857452], [66.7119140625, 5.35665273666, -22.500207901, 26.0069332123, -6.46918678284, 98.0238189697, 44.1876106262, 1.02835941315, 13.9066343307, -24.0821800232, 26.6526832581, -22.2072143555, 13.7567844391], [83.5895080566, 126.76197052, -126.470985413, 42.175163269, 26.1806793213, 44.1876106262, 143.273925781, 26.3019657135, 29.0672473907, -32.7378883362, 30.4565677643, -26.0709571838, 21.9068336487], [57.820476532, -30.5617256165, 22.7113571167, -14.6134023666, 30.098613739, 1.02835941315, 26.3019657135, 73.7568283081, 11.7081861496, 24.2528553009, -17.1106834412, 11.9318685532, -11.9805641174], [-18.3117027283, 94.7510299683, -68.0413513184, 81.0204315186, -3.96379947662, 13.9066343307, 29.0672473907, 11.7081861496, 88.5394134521, -11.9844903946, 37.6016120911, -34.1906051636, 32.8468093872], [-31.8541660309, -58.9098587036, 100.906692505, -77.5018768311, 27.5656261444, -24.0821800232, -32.7378883362, 24.2528553009, -11.9844903946, 86.7337646484, -22.1826896667, 39.7921180725, -30.5227355957], [-8.74140548706, 87.3491668701, -80.9134521484, 60.9526596069, -21.3739471436, 26.6526832581, 30.4565677643, -17.1106834412, 37.6016120911, -22.1826896667, 70.6872253418, -18.6719436646, 34.1958732605], [6.98686122894, -73.4887619019, 86.9971542358, -57.5694465637, 19.3581180573, -22.2072143555, -26.0709571838, 11.9318685532, -34.1906051636, 39.7921180725, -18.6719436646, 68.9086074829, -17.5786762238], [-26.8953170776, 80.73412323, -65.4516601562, 66.7065963745, -11.2071857452, 13.7567844391, 21.9068336487, -11.9805641174, 32.8468093872, -30.5227355957, 34.1958732605, -17.5786762238, 63.6876373291]],
        "icov": [[0.00228860345669, 0.000887855479959, 0.00121639831923, -0.000657520606183, 0.000244671769906, -0.00140722549986, -0.000832735095173, -0.00131137215067, 0.000444108794909, 0.000411908113165, 0.000619866594207, -0.00147405988537, 0.00139520678204], [0.000887855479959, 0.0156983640045, -0.00231741252355, 0.00904671475291, -0.0101655134931, 0.0112945456058, -0.0120727792382, 0.00948163773865, -0.0113974288106, 0.00714509794489, -0.0134028773755, 0.0114543233067, -0.0100140031427], [0.00121639831923, -0.00231741252355, 0.00775148626417, -0.00533173885196, 0.00121698458679, -0.00673827296123, 0.00608443887904, -0.00279626459815, 0.00443586986512, -0.00657257065177, 0.00753103615716, -0.00736805703491, 0.0045377057977], [-0.000657520606183, 0.00904671475291, -0.00533173885196, 0.0190703719854, -0.012408606708, 0.0101556619629, -0.00600123871118, 0.00630279257894, -0.0147784715518, 0.0164855848998, -0.015759781003, 0.0118263056502, -0.011077946052], [0.000244671769906, -0.0101655134931, 0.00121698458679, -0.012408606708, 0.0225966870785, -0.00762246362865, 0.00175956683233, -0.00785052683204, 0.0104115596041, -0.0125114312395, 0.0154727287591, -0.0108998939395, 0.00809577386826], [-0.00140722549986, 0.0112945456058, -0.00673827296123, 0.0101556619629, -0.00762246362865, 0.0253755412996, -0.0136508336291, 0.00739509053528, -0.00905697327107, 0.00990226957947, -0.0180335808545, 0.01544280909, -0.0098477024585], [-0.000832735095173, -0.0120727792382, 0.00608443887904, -0.00600123871118, 0.00175956683233, -0.0136508336291, 0.0249044913799, -0.0131584620103, 0.00909552164376, -0.00236962176859, 0.00709810014814, -0.00893442425877, 0.00760378642008], [-0.00131137215067, 0.00948163773865, -0.00279626459815, 0.00630279257894, -0.00785052683204, 0.00739509053528, -0.0131584620103, 0.0289618633687, -0.0151598434895, 1.28791925817e-05, -0.00115388596896, 0.00441937986761, -0.00538886617869], [0.000444108794909, -0.0113974288106, 0.00443586986512, -0.0147784715518, 0.0104115596041, -0.00905697327107, 0.00909552164376, -0.0151598434895, 0.03558485955, -0.0164490547031, 0.00506877945736, -0.000534694816452, 0.00337607623078], [0.000411908113165, 0.00714509794489, -0.00657257065177, 0.0164855848998, -0.0125114312395, 0.00990226957947, -0.00236962176859, 1.28791925817e-05, -0.0164490547031, 0.0375364422798, -0.0155687890947, 0.00106821209192, -0.00130094250198], [0.000619866594207, -0.0134028773755, 0.00753103615716, -0.015759781003, 0.0154727287591, -0.0180335808545, 0.00709810014814, -0.00115388596896, 0.00506877945736, -0.0155687890947, 0.0458772704005, -0.0189602728933, 0.005516060628], [-0.00147405988537, 0.0114543233067, -0.00736805703491, 0.0118263056502, -0.0108998939395, 0.01544280909, -0.00893442425877, 0.00441937986761, -0.000534694816452, 0.00106821209192, -0.0189602728933, 0.0402676686645, -0.0143684074283], [0.00139520678204, -0.0100140031427, 0.0045377057977, -0.011077946052, 0.00809577386826, -0.0098477024585, 0.00760378642008, -0.00538886617869, 0.00337607623078, -0.00130094250198, 0.005516060628, -0.0143684074283, 0.0358818471432]]
    },
    "melbands": {
        "dmean": [0.000792479200754, 0.00177815568168, 0.0013505644165, 0.00092621910153, 0.000413489236962, 0.000167527337908, 0.000169419654412, 9.00389350136e-05, 7.13148256182e-05, 7.0658075856e-05, 2.87722305075e-05, 4.1624505684e-05, 2.24367395276e-05, 1.82726489584e-05, 1.93575851881e-05, 1.91843246284e-05, 2.07606735785e-05, 1.90652099263e-05, 1.10785604193e-05, 1.03940774352e-05, 1.53620203491e-05, 2.04879015655e-05, 1.37731785799e-05, 9.17695797398e-06, 1.24717416838e-05, 1.53410674102e-05, 1.34951842483e-05, 6.4162027229e-06, 5.86300666328e-06, 7.70233327785e-06, 6.38490155325e-06, 3.09406368615e-06, 2.32411366596e-06, 2.05452170121e-06, 1.70315092873e-06, 1.2374380276e-06, 1.39500718888e-06, 1.01053342405e-06, 6.91299987921e-07, 3.967512896e-07],
        "dmean2": [0.00134783622343, 0.00312412064523, 0.00229339301586, 0.00155801523943, 0.000704427715391, 0.000276560924249, 0.000270180404186, 0.000140095609822, 0.000112756344606, 0.000112066671136, 4.44726756541e-05, 6.68696011417e-05, 3.72037757188e-05, 3.1042345654e-05, 3.16359764838e-05, 3.08078779199e-05, 3.41430750268e-05, 3.09428323817e-05, 1.83281408681e-05, 1.72144445969e-05, 2.58707568719e-05, 3.43939645973e-05, 2.22289454541e-05, 1.51164131239e-05, 2.05360247492e-05, 2.507989484e-05, 2.20857637032e-05, 1.0812786968e-05, 9.70157270785e-06, 1.24743219203e-05, 1.02746962511e-05, 5.08393623022e-06, 3.70391671822e-06, 3.17430180985e-06, 2.5529514005e-06, 1.80491724677e-06, 1.99969417736e-06, 1.39361111451e-06, 9.43996610658e-07, 5.65583036405e-07],
        "dvar": [3.40103656526e-06, 1.53084456542e-05, 2.64467666966e-06, 1.25438600662e-06, 2.30511801647e-07, 6.23105620434e-08, 7.75092701133e-08, 3.13028820642e-08, 2.56957459754e-08, 2.31198402645e-08, 5.07928810123e-09, 9.19246190278e-09, 4.10393763417e-09, 7.5988759729e-10, 1.6571748418e-09, 2.50655696199e-09, 1.51851964336e-09, 8.02289623625e-10, 1.00731167851e-09, 3.78758996389e-10, 2.99109070845e-10, 4.94973950715e-10, 2.30244462385e-10, 1.30419522404e-10, 1.81631654161e-10, 3.31323996017e-10, 3.61520757775e-10, 6.59578572315e-11, 3.9626499998e-11, 5.9012919551e-11, 5.28013327505e-11, 1.65842097e-11, 7.50750243222e-12, 7.37590457461e-12, 8.24131995286e-12, 6.28944899633e-12, 1.43923085255e-11, 1.34443281161e-11, 7.4247543877e-12, 1.3441399686e-12],
        "dvar2": [8.93055039342e-06, 4.19823663833e-05, 7.25893869458e-06, 3.66805284102e-06, 6.66484083922e-07, 1.75311583916e-07, 2.10023898717e-07, 6.85484380369e-08, 5.90640425457e-08, 5.17316074422e-08, 1.00240846734e-08, 2.55703298535e-08, 1.1440600467e-08, 2.10411088553e-09, 4.2726098215e-09, 6.93106816385e-09, 3.89532539558e-09, 1.64750557641e-09, 2.61674082402e-09, 1.00919361756e-09, 7.51450068837e-10, 1.27522770121e-09, 5.99139793334e-10, 3.25024895886e-10, 4.73857286742e-10, 8.44123992927e-10, 8.34933566729e-10, 1.49333392874e-10, 1.00985692031e-10, 1.49331685906e-10, 1.22438170713e-10, 3.90944360218e-11, 1.81098122609e-11, 1.55047901601e-11, 1.68865806754e-11, 9.27485518942e-12, 2.05911052098e-11, 2.17203113134e-11, 1.41613630544e-11, 2.04975468023e-12],
        "max": [0.0120264329016, 0.0235367007554, 0.0141877243295, 0.0141999628395, 0.00419748667628, 0.00255357264541, 0.00328790745698, 0.00318157975562, 0.00319203175604, 0.00340971327387, 0.00144748273306, 0.00185275042895, 0.00141857273411, 0.000439023657236, 0.000726471364032, 0.00078516866779, 0.000703852041624, 0.000512135215104, 0.000936919706874, 0.000481822993606, 0.000227921409532, 0.000253994978266, 0.000184566379176, 0.000189003301784, 0.000166716083186, 0.000213291365071, 0.000333717442118, 0.000161742194905, 0.000106165898615, 0.000102759746369, 0.000153400833369, 7.08214865881e-05, 3.90644745494e-05, 5.34685023013e-05, 6.55204421491e-05, 6.14197342657e-05, 0.000112582652946, 0.000106856903585, 8.17318941699e-05, 3.34323267452e-05],
        "mean": [0.000761232280638, 0.00186872994527, 0.00259231729433, 0.0019557045307, 0.000805702235084, 0.000301077176118, 0.0002868550946, 0.000167743026395, 0.000125429825857, 0.000117402043543, 5.10966747242e-05, 7.45849174564e-05, 4.11497458117e-05, 3.29265058099e-05, 3.60496269423e-05, 3.25697510561e-05, 3.77032374672e-05, 3.89911583625e-05, 1.96122127818e-05, 1.96350356418e-05, 3.02328462567e-05, 4.23447781941e-05, 2.83577192022e-05, 1.94909334823e-05, 2.87231578113e-05, 3.56114651368e-05, 3.10919749609e-05, 1.44724317579e-05, 1.36615790325e-05, 1.90300670511e-05, 1.63484255609e-05, 7.84853091318e-06, 5.29641556568e-06, 4.9633222261e-06, 3.71930650545e-06, 2.81327356788e-06, 2.89479999083e-06, 1.86187787676e-06, 1.16611386147e-06, 7.45640818423e-07],
        "median": [0.000287686183583, 0.000926401815377, 0.00214813556522, 0.0016983813839, 0.000669292698149, 0.000223095325055, 0.000181545270607, 9.94991496555e-05, 7.8151388152e-05, 5.53974350623e-05, 2.65412309091e-05, 2.7413274438e-05, 1.57297199621e-05, 1.82836865861e-05, 1.67324524227e-05, 1.39424182635e-05, 2.39449564106e-05, 2.47292646236e-05, 1.35729305839e-05, 1.44175055539e-05, 2.35102234001e-05, 3.47205495927e-05, 2.34477847698e-05, 1.50994164869e-05, 2.39638047788e-05, 2.88199171337e-05, 2.27614982578e-05, 1.18774642033e-05, 1.17103536468e-05, 1.67103153217e-05, 1.40157035275e-05, 6.32629826214e-06, 4.08967980547e-06, 3.74886531063e-06, 2.60560773313e-06, 1.82631617918e-06, 1.72260774889e-06, 8.83508789684e-07, 4.71575077654e-07, 3.86597690749e-07],
        "min": [6.18070498604e-06, 1.48067701957e-05, 4.80364651594e-05, 7.43383570807e-05, 3.66205822502e-05, 1.33448502311e-05, 6.42105487714e-06, 3.12013821713e-06, 3.29449630954e-06, 1.8048574475e-06, 4.92203469094e-07, 7.65126742408e-07, 1.34717731726e-06, 8.71988333984e-07, 1.01910347894e-06, 1.23431425436e-06, 2.3304462502e-06, 1.91478420675e-06, 5.25185896549e-07, 3.06514039039e-07, 1.14580973332e-06, 1.6206587361e-06, 4.37871335635e-07, 2.06466182817e-07, 2.71835631338e-07, 3.79895965352e-07, 2.21151978508e-07, 1.80033893571e-07, 1.7966161181e-07, 2.25518505204e-07, 3.7423646404e-07, 1.52864487291e-07, 6.44105782044e-08, 8.01929047611e-08, 6.45248903197e-08, 3.95516082108e-08, 2.57574299667e-08, 1.10730056235e-08, 1.45907890214e-08, 1.70681264677e-08],
