{
"highlevel": {
    "danceability": {
        "all": {
            "danceable": 0.999999880791,
            "not_danceable": 1.00000008274e-07
        },
        "probability": 0.999999880791,
        "value": "danceable"
    },
    "gender": {
        "all": {
            "female": 0.622102618217,
            "male": 0.37789735198
        },
        "probability": 0.622102618217,
        "value": "female"
    },
    "genre_dortmund": {
        "all": {
            "alternative": 0.0121383583173,
            "blues": 0.00509287137538,
            "electronic": 0.0784423947334,
            "folkcountry": 0.0169183332473,
            "funksoulrnb": 0.0180809907615,
            "jazz": 0.018456729129,
            "pop": 0.18141888082,
            "raphiphop": 0.654274404049,
            "rock": 0.01517706085
        },
        "probability": 0.654274404049,
        "value": "raphiphop"
    },
    "genre_electronic": {
        "all": {
            "ambient": 0.0570334196091,
            "dnb": 0.78385412693,
            "house": 0.102540060878,
            "techno": 0.00889368727803,
            "trance": 0.0476786904037
        },
        "probability": 0.78385412693,
        "value": "dnb"
    },
    "genre_rosamerica": {
        "all": {
            "cla": 0.000969894055743,
            "dan": 0.474653929472,
            "hip": 0.368555575609,
            "jaz": 0.00136773998383,
            "pop": 0.0289775971323,
            "rhy": 0.122498035431,
            "roc": 0.00195072067436,
            "spe": 0.00102650455665
        },
        "probability": 0.474653929472,
        "value": "dan"
    },
    "genre_tzanetakis": {
        "all": {
            "blu": 0.0630427002907,
            "cla": 0.0540414527059,
            "cou": 0.0756649523973,
            "dis": 0.0756740197539,
            "hip": 0.189201146364,
            "jaz": 0.189222037792,
            "met": 0.0756794139743,
            "pop": 0.126126796007,
            "reg": 0.0756734758615,
            "roc": 0.0756739974022
        },
        "probability": 0.189222037792,
        "value": "jaz"
    },
    "ismir04_rhythm": {
        "all": {
            "ChaChaCha": 0.00803367607296,
            "Jive": 0.0099991299212,
            "Quickstep": 0.0131261032075,
            "Rumba-American": 0.0291728638113,
            "Rumba-International": 0.786443650723,
            "Rumba-Misc": 0.0172245483845,
            "Samba": 0.115095615387,
            "Tango": 0.00482571218163,
            "VienneseWaltz": 0.00792167708278,
            "Waltz": 0.00815704930574
        },
        "probability": 0.786443650723,
        "value": "Rumba-International"
    },
    "mood_acoustic": {
        "all": {
            "acoustic": 0.00405036332086,
            "not_acoustic": 0.995949625969
        },
        "probability": 0.995949625969,
        "value": "not_acoustic"
    },
    "mood_aggressive": {
        "all": {
            "aggressive": 3.00000096379e-14,
            "not_aggressive": 1
        },
        "probability": 1,
        "value": "not_aggressive"
    },
    "mood_electronic": {
        "all": {
            "electronic": 0.88955026865,
            "not_electronic": 0.110449708998
        },
        "probability": 0.88955026865,
        "value": "electronic"
    },
    "mood_happy": {
        "all": {
            "happy": 0.313462585211,
            "not_happy": 0.686537444592
        },
        "probability": 0.686537444592,
        "value": "not_happy"
    },
    "mood_party": {
        "all": {
            "not_party": 0.986991941929,
            "party": 0.0130080860108
        },
        "probability": 0.986991941929,
        "value": "not_party"
    },
    "mood_relaxed": {
        "all": {
            "not_relaxed": 0.192652747035,
            "relaxed": 0.807347238064
        },
        "probability": 0.807347238064,
        "value": "relaxed"
    },
    "mood_sad": {
        "all": {
            "not_sad": 0.404847174883,
            "sad": 0.595152854919
        },
        "probability": 0.595152854919,
        "value": "sad"
    },
    "moods_mirex": {
        "all": {
            "Cluster1": 0.0772273615003,
            "Cluster2": 0.0444037392735,
            "Cluster3": 0.227800667286,
            "Cluster4": 0.0306552387774,
            "Cluster5": 0.619912981987
        },
        "probability": 0.619912981987,
        "value": "Cluster5"
    },
    "timbre": {
        "all": {
            "bright": 0.882289648056,
            "dark": 0.117710322142
        },
        "probability": 0.882289648056,
        "value": "bright"
    },
    "tonal_atonal": {
        "all": {
            "atonal": 0.00142471236177,
            "tonal": 0.998575270176
        },
        "probability": 0.998575270176,
        "value": "tonal"
    },
    "voice_instrumental": {
        "all": {
            "instrumental": 0.0824669003487,
            "voice": 0.917533099651
        },
        "probability": 0.917533099651,
        "value": "voice"
    }
},
"lowlevel": {
    "average_loudness": 0.98511993885,
    "barkbands_crest": {
        "dmean": 2.56347894669,
        "dmean2": 3.83835124969,
        "dvar": 9.66764640808,
        "dvar2": 20.2479934692,
        "max": 26.5240001678,
        "mean": 19.5764579773,
        "median": 22.0726013184,
        "min": 2.94168043137,
        "var": 38.8233108521
    },
    "barkbands_flatness_db": {
        "dmean": 0.0506440512836,
        "dmean2": 0.0663994923234,
        "dvar": 0.00162831565831,
        "dvar2": 0.00327105936594,
        "max": 0.555943846703,
        "mean": 0.254904806614,
        "median": 0.247473075986,
        "min": 0.0607879981399,
        "var": 0.00811292696744
    },
    "barkbands_kurtosis": {
        "dmean": 48.6433143616,
        "dmean2": 69.4827651978,
        "dvar": 14722.2460938,
        "dvar2": 24710.0859375,
        "max": 1823.60473633,
        "mean": 65.8719482422,
        "median": 18.6896038055,
        "min": -1.8673607111,
        "var": 25783.0703125
    },
    "barkbands_skewness": {
        "dmean": 2.06444311142,
        "dmean2": 2.89294624329,
        "dvar": 7.09099626541,
        "dvar2": 12.9863672256,
        "max": 34.834815979,
        "mean": 5.16051483154,
        "median": 4.02436113358,
        "min": -1.8020093441,
        "var": 22.6814956665
    },
    "barkbands_spread": {
        "dmean": 12.0904579163,
        "dmean2": 18.7279491425,
        "dvar": 293.671112061,
        "dvar2": 638.721496582,
        "max": 114.85533905,
        "mean": 16.9638786316,
        "median": 8.47403240204,
        "min": 0.11229865998,
        "var": 434.893615723
    },
    "dissonance": {
        "dmean": 0.0336439572275,
        "dmean2": 0.0563056766987,
        "dvar": 0.00095445086481,
        "dvar2": 0.00257910368964,
        "max": 0.499915421009,
        "mean": 0.440470933914,
        "median": 0.44847998023,
        "min": 0.304096579552,
        "var": 0.00147799449041
    },
    "dynamic_complexity": 1.4743039608,
    "erbbands_crest": {
        "dmean": 3.27602958679,
        "dmean2": 5.1548075676,
        "dvar": 8.55260658264,
        "dvar2": 19.0135917664,
        "max": 30.2069549561,
        "mean": 10.9319248199,
        "median": 9.55918216705,
        "min": 3.36320662498,
        "var": 27.382270813
    },
    "erbbands_flatness_db": {
        "dmean": 0.0321687757969,
        "dmean2": 0.0480730980635,
        "dvar": 0.000647587876301,
        "dvar2": 0.00136824033689,
        "max": 0.352223604918,
        "mean": 0.142618313432,
        "median": 0.132965371013,
        "min": 0.0631822794676,
        "var": 0.00197164551355
    },
    "erbbands_kurtosis": {
        "dmean": 2.35970854759,
        "dmean2": 3.79049825668,
        "dvar": 10.6936759949,
        "dvar2": 24.8801803589,
        "max": 48.1382980347,
        "mean": 1.9069852829,
        "median": 0.921293973923,
        "min": -1.91937172413,
        "var": 14.9091815948
    },
    "erbbands_skewness": {
        "dmean": 0.727811574936,
        "dmean2": 1.11303925514,
        "dvar": 0.478444516659,
        "dvar2": 1.09663462639,
        "max": 4.40398073196,
        "mean": 0.61613035202,
        "median": 0.697465181351,
        "min": -2.89126682281,
        "var": 0.996267080307
    },
    "erbbands_spread": {
        "dmean": 24.929649353,
        "dmean2": 37.9645423889,
        "dvar": 594.206787109,
        "dvar2": 1371.38171387,
        "max": 212.497909546,
        "mean": 56.6050415039,
        "median": 46.7270050049,
        "min": 2.4387254715,
        "var": 1336.46582031
    },
    "hfc": {
        "dmean": 47.9858818054,
        "dmean2": 78.4552841187,
        "dvar": 6318.06982422,
        "dvar2": 15278.9667969,
        "max": 501.348419189,
        "mean": 56.493473053,
        "median": 25.3046550751,
        "min": 0.498607635498,
        "var": 6198.16259766
    },
    "melbands_crest": {
        "dmean": 2.6369497776,
        "dmean2": 3.94323921204,
        "dvar": 11.4892129898,
        "dvar2": 22.7683563232,
        "max": 34.9532089233,
        "mean": 25.8914165497,
        "median": 29.4133415222,
        "min": 5.08890724182,
        "var": 55.9040145874
    },
    "melbands_flatness_db": {
        "dmean": 0.062718808651,
        "dmean2": 0.0796379745007,
        "dvar": 0.00228699645959,
        "dvar2": 0.00481373164803,
        "max": 0.677453875542,
        "mean": 0.338270157576,
        "median": 0.33857601881,
        "min": 0.0623900741339,
        "var": 0.013546382077
    },
    "melbands_kurtosis": {
        "dmean": 73.3109664917,
        "dmean2": 113.806549072,
        "dvar": 19487.4667969,
        "dvar2": 49261.4023438,
        "max": 1748.26721191,
        "mean": 124.505607605,
        "median": 55.221988678,
        "min": -1.60117840767,
        "var": 39283.0234375
    },
    "melbands_skewness": {
        "dmean": 2.22301769257,
        "dmean2": 3.38341736794,
        "dvar": 7.61346101761,
        "dvar2": 18.7080993652,
        "max": 30.9732265472,
        "mean": 7.07315778732,
        "median": 6.32561206818,
        "min": -1.26479136944,
        "var": 24.3206882477
    },
    "melbands_spread": {
        "dmean": 9.05704307556,
        "dmean2": 14.0979061127,
        "dvar": 442.408721924,
        "dvar2": 1022.8182373,
        "max": 240.6534729,
        "mean": 12.8457193375,
        "median": 5.17088270187,
        "min": 0.180462822318,
        "var": 539.025939941
    },
    "pitch_salience": {
        "dmean": 0.085445933044,
        "dmean2": 0.12975075841,
        "dvar": 0.0113806668669,
        "dvar2": 0.0257718134671,
        "max": 0.803080499172,
        "mean": 0.288731515408,
        "median": 0.232913449407,
        "min": 0.0380565561354,
        "var": 0.02912305668
    },
    "silence_rate_20dB": {
        "dmean": 0,
        "dmean2": 0,
        "dvar": 0,
        "dvar2": 0,
        "max": 1,
        "mean": 1,
        "median": 1,
        "min": 1,
        "var": 0
    },
    "silence_rate_30dB": {
        "dmean": 0.0611455105245,
        "dmean2": 0.12161115557,
        "dvar": 0.0574064031243,
        "dvar2": 0.106820598245,
        "max": 1,
        "mean": 0.283836036921,
        "median": 0,
        "min": 0,
        "var": 0.203275442123
    },
    "silence_rate_60dB": {
        "dmean": 0.00154798757285,
        "dmean2": 0.00309837330133,
        "dvar": 0.00154558022041,
        "dvar2": 0.00463790167123,
        "max": 1,
        "mean": 0.00077339517884,
        "median": 0,
        "min": 0,
        "var": 0.000772795174271
    },
    "spectral_centroid": {
        "dmean": 415.681365967,
        "dmean2": 617.234008789,
        "dvar": 321202.75,
        "dvar2": 674181.875,
        "max": 4805.171875,
        "mean": 997.907287598,
        "median": 795.029724121,
        "min": 96.4549713135,
        "var": 531427.3125
    },
    "spectral_complexity": {
        "dmean": 4.10448932648,
        "dmean2": 6.13865232468,
        "dvar": 27.5087795258,
        "dvar2": 57.488986969,
        "max": 53,
        "mean": 13.9358081818,
        "median": 13,
        "min": 1,
        "var": 55.4212875366
    },
    "spectral_decrease": {
        "dmean": 5.34165378596e-09,
        "dmean2": 7.03468350238e-09,
        "dvar": 3.23464379415e-17,
        "dvar2": 6.01264418549e-17,
        "max": -6.31553698227e-10,
        "mean": -3.43784449797e-08,
        "median": -4.19581809297e-08,
        "min": -7.2517863714e-08,
        "var": 2.72215292833e-16
    },
    "spectral_energy": {
        "dmean": 0.0220774002373,
        "dmean2": 0.0304579474032,
        "dvar": 0.000526636722498,
        "dvar2": 0.00101547944359,
        "max": 0.275666713715,
        "mean": 0.134876266122,
        "median": 0.162146732211,
        "min": 0.00242884806357,
        "var": 0.00383747415617
    },
    "spectral_energyband_high": {
        "dmean": 0.00442306930199,
        "dmean2": 0.00719970278442,
        "dvar": 5.99419799983e-05,
        "dvar2": 0.000145771438838,
        "max": 0.0493929982185,
        "mean": 0.00380997429602,
        "median": 0.000627406116109,
        "min": 8.29387772683e-06,
        "var": 5.72851640754e-05
    },
    "spectral_energyband_low": {
        "dmean": 0.0184432938695,
        "dmean2": 0.0215626154095,
        "dvar": 0.000402243371354,
        "dvar2": 0.000598010374233,
        "max": 0.267086356878,
        "mean": 0.113489821553,
        "median": 0.140566408634,
        "min": 4.98491181133e-06,
        "var": 0.00422785338014
    },
    "spectral_energyband_middle_high": {
        "dmean": 0.00383761129342,
        "dmean2": 0.00641149794683,
        "dvar": 6.90674132784e-05,
        "dvar2": 0.000176718880539,
        "max": 0.11265271157,
        "mean": 0.00650564813986,
        "median": 0.00256598484702,
        "min": 7.46281102693e-06,
        "var": 0.000124346086523
    },
    "spectral_energyband_middle_low": {
        "dmean": 0.00758812297136,
        "dmean2": 0.0128050344065,
        "dvar": 0.000214420229895,
        "dvar2": 0.00058999605244,
        "max": 0.107544369996,
        "mean": 0.0120166046545,
        "median": 0.00887396838516,
        "min": 0.000221396054258,
        "var": 0.000169755745446
    },
    "spectral_entropy": {
        "dmean": 0.455536305904,
        "dmean2": 0.651359260082,
        "dvar": 0.143062099814,
        "dvar2": 0.309871315956,
        "max": 8.82312297821,
        "mean": 7.21908330917,
        "median": 7.14649534225,
        "min": 5.47497415543,
        "var": 0.344647169113
    },
    "spectral_flux": {
        "dmean": 0.0574312061071,
        "dmean2": 0.0889666229486,
        "dvar": 0.00451840599999,
        "dvar2": 0.00797386374325,
        "max": 0.507053732872,
        "mean": 0.125952139497,
        "median": 0.0985328406096,
        "min": 0.0146789411083,
        "var": 0.00760054774582
    },
    "spectral_kurtosis": {
        "dmean": 3.05279302597,
        "dmean2": 4.61183834076,
        "dvar": 8.32915115356,
        "dvar2": 19.3758926392,
        "max": 25.2351799011,
        "mean": 3.95303559303,
        "median": 3.07127666473,
        "min": -1.25215935707,
        "var": 14.3561649323
    },
    "spectral_rms": {
        "dmean": 0.00111084547825,
        "dmean2": 0.00148493226152,
        "dvar": 1.58096167979e-06,
        "dvar2": 2.83494455289e-06,
        "max": 0.0163994859904,
        "mean": 0.0109978308901,
        "median": 0.0125774377957,
        "min": 0.00153935304843,
        "var": 1.06344159576e-05
    },
    "spectral_rolloff": {
        "dmean": 1038.32824707,
        "dmean2": 1854.9732666,
        "dvar": 6185644,
        "dvar2": 14067460,
        "max": 12489.2578125,
        "mean": 1097.39562988,
        "median": 107.666015625,
        "min": 64.599609375,
        "var": 6426272
    },
    "spectral_skewness": {
        "dmean": 0.533971726894,
        "dmean2": 0.771619141102,
        "dvar": 0.184261515737,
        "dvar2": 0.421100318432,
        "max": 3.79146504402,
        "mean": 1.77575027943,
        "median": 1.75927746296,
        "min": 0.230161175132,
        "var": 0.420189231634
    },
    "spectral_spread": {
        "dmean": 2355165,
        "dmean2": 3377647.75,
        "dvar": 3.69856636518e+12,
        "dvar2": 8.39559256474e+12,
        "max": 16385491,
        "mean": 7104772.5,
        "median": 6547762.5,
        "min": 1819846.375,
        "var": 8.50899605914e+12
    },
    "spectral_strongpeak": {
        "dmean": 0.480405151844,
        "dmean2": 0.825079202652,
        "dvar": 4.55374574661,
        "dvar2": 13.1216373444,
        "max": 29.5696220398,
        "mean": 1.18661868572,
        "median": 0.896396517754,
        "min": 0,
        "var": 3.76822376251
    },
    "zerocrossingrate": {
        "dmean": 0.021453762427,
        "dmean2": 0.026240862906,
        "dvar": 0.00085723324446,
        "dvar2": 0.0011807566043,
        "max": 0.33984375,
        "mean": 0.0431907996535,
        "median": 0.0224609375,
        "min": 0.00244140625,
        "var": 0.00268550310284
    },
    "barkbands": {
        "dmean": [0.00176741776522, 0.0224917940795, 0.00596621492878, 0.00188024784438, 0.00174624903593, 0.00146855146158, 0.00108056445606, 0.00125547777861, 0.00183170114178, 0.000534552556928, 0.000796780863311, 0.000644751009531, 0.00125031883363, 0.000451434229035, 0.000187790938071, 0.000297695107292, 0.000235490108025, 0.000316765304888, 0.000167212536326, 8.3939266915e-05, 0.000143324403325, 0.000242912035901, 0.000329074333422, 0.000983328325674, 0.00226752460003, 0.000711427128408, 4.55232473939e-08],
        "dmean2": [0.00281464331783, 0.0291972048581, 0.010682862252, 0.00329962163232, 0.00304472981952, 0.00212885416113, 0.00165195576847, 0.00206640665419, 0.00324882753193, 0.000872618111316, 0.00118261016905, 0.0011437543435, 0.00208310782909, 0.000696559844073, 0.000322469131788, 0.000543984468095, 0.000397693191189, 0.000578137289267, 0.000276528618997, 0.000142116376082, 0.000248058408033, 0.000395343522541, 0.000549513904843, 0.00167569459882, 0.0036949981004, 0.00124889926519, 6.16650623897e-08],
        "dvar": [1.04681466837e-05, 0.00101193937007, 0.000281460757833, 3.04693712678e-05, 2.81251250271e-05, 4.71815837955e-06, 2.5656595426e-06, 4.97625978824e-06, 2.21505579248e-05, 9.3413683544e-07, 1.19865799206e-05, 4.83253279526e-06, 1.24099424283e-05, 1.69334361999e-06, 1.73948720317e-07, 1.76330536306e-06, 3.31557743039e-07, 8.3735909584e-07, 1.46723735384e-07, 8.26218240491e-08, 1.11680023451e-07, 2.90322702767e-07, 3.31088756411e-07, 2.73956948149e-06, 2.290719749e-05, 2.5304339033e-06, 7.17270589711e-13],
        "dvar2": [2.81897100649e-05, 0.00225145486183, 0.000763704592828, 8.31529614516e-05, 7.88390461821e-05, 9.46575983107e-06, 5.77203445573e-06, 1.15368948173e-05, 6.279158697e-05, 2.36982805291e-06, 2.26389420277e-05, 1.40729343912e-05, 3.03550386889e-05, 3.42502926287e-06, 4.7852068974e-07, 5.13268059876e-06, 8.89152090622e-07, 2.354597882e-06, 3.92919304204e-07, 2.26608236176e-07, 3.04362458792e-07, 6.31695684206e-07, 8.5691209506e-07, 7.07615436113e-06, 5.51583798369e-05, 6.79520871927e-06, 7.47276264305e-13],
        "max": [0.03230400756, 0.258057147264, 0.123693436384, 0.0426769889891, 0.0437006391585, 0.0343150161207, 0.0144972419366, 0.0262594036758, 0.0409280844033, 0.0120365507901, 0.10457110405, 0.0265542268753, 0.0537905916572, 0.0526381507516, 0.00334740709513, 0.0197326149791, 0.00600332580507, 0.00822157040238, 0.00553116947412, 0.0035673447419, 0.00281176622957, 0.00778323644772, 0.00501674320549, 0.010633029975, 0.0367976687849, 0.0127564361319, 2.93009634333e-05],
        "mean": [0.00364183704369, 0.103644967079, 0.00541281048208, 0.00173253344838, 0.00173659133725, 0.00303381658159, 0.00163494725712, 0.00174882076681, 0.00180394470226, 0.000748915306758, 0.00150375277735, 0.000672599184327, 0.00179176544771, 0.000866504211444, 0.00019481376512, 0.000216296641156, 0.000239896340645, 0.00022411129612, 0.000185461613, 6.98290459695e-05, 0.000123955949675, 0.000212067097891, 0.000280490989098, 0.000781362119596, 0.00189106538892, 0.000483201845782, 3.99762214442e-08],
        "median": [0.0037883115001, 0.13241225481, 0.00218423013575, 0.000696176779456, 0.000562793284189, 0.00176662136801, 0.000699500320479, 0.000611123105045, 0.000619153201114, 0.000166255747899, 0.000256735773291, 0.000176977802766, 0.000165098826983, 9.33781775529e-05, 7.26593862055e-05, 3.52610768459e-05, 6.33007148281e-05, 3.65488340321e-05, 4.53286484117e-05, 1.6163692635e-05, 3.1943724025e-05, 3.41838567692e-05, 8.2419719547e-05, 0.000174318440259, 0.000149086990859, 3.20858416671e-05, 4.45538095306e-09],
        "min": [2.81339112007e-08, 4.65481775791e-07, 1.32320417379e-06, 1.47247760651e-06, 6.43438806947e-06, 6.08918662692e-06, 3.1835329537e-06, 3.09760508799e-07, 1.08658218778e-06, 2.4777008889e-07, 1.44655359691e-07, 9.23172507328e-08, 2.29123770623e-07, 1.15204755957e-07, 3.32094771238e-07, 1.06328826632e-07, 1.81838387903e-07, 1.78717712629e-07, 7.34619050036e-08, 1.90995308458e-08, 1.03506772575e-06, 1.48481078099e-07, 2.52479654961e-08, 2.09343710367e-07, 1.81537256339e-08, 6.00566749109e-11, 3.63052782282e-11],
        "var": [1.12747711682e-05, 0.00416072364897, 0.000183238531463, 2.00157592189e-05, 1.80361748789e-05, 1.33572084451e-05, 4.80104517919e-06, 9.70109977061e-06, 1.53573491843e-05, 1.8705900402e-06, 4.28668572567e-05, 3.28446571984e-06, 2.38361444644e-05, 1.25289525386e-05, 1.44965625282e-07, 9.87626663118e-07, 2.83771669274e-07, 5.074716114e-07, 1.55056099516e-07, 5.5945761801e-08, 8.43977119303e-08, 3.09627495199e-07, 2.90539503567e-07, 2.25556073019e-06, 2.21059490286e-05, 1.73620730948e-06, 7.1019346003e-13]
    },
    "erbbands": {
        "dmean": [0.998082697392, 4.37042474747, 5.69796991348, 7.16582155228, 5.8270907402, 5.85202884674, 8.23714637756, 11.4107875824, 15.6454696655, 20.434261322, 30.9819374084, 42.0977363586, 21.8130989075, 17.4862670898, 28.104434967, 32.6894950867, 55.309967041, 29.9243717194, 14.0135679245, 9.04423141479, 18.5489463806, 12.6801729202, 17.2635669708, 14.9427671432, 4.95788097382, 3.64359259605, 4.24814128876, 7.13522005081, 9.52766799927, 11.2731847763, 7.66416692734, 12.6355028152, 31.1546211243, 32.8726615906, 4.83544158936, 3.87794470787, 1.01140975952, 0.101857744157, 0.00187800603453, 0.000123826030176],
        "dmean2": [1.14246308804, 5.94604110718, 9.31244659424, 12.9611358643, 10.0524091721, 10.4507169724, 12.5306940079, 16.7784023285, 23.5858840942, 31.3576221466, 52.9000701904, 73.6868896484, 38.0880317688, 27.4121074677, 40.717918396, 56.5461959839, 91.1189117432, 47.9053497314, 23.7058315277, 15.3751468658, 33.9628334045, 21.919002533, 31.1527462006, 25.5633220673, 8.16738986969, 6.07562732697, 7.20832777023, 12.3308353424, 15.3942575455, 18.72240448, 12.7724723816, 21.1718502045, 51.045665741, 52.9434356689, 8.44150352478, 6.81692647934, 1.79066896439, 0.179551243782, 0.00328751234338, 0.000206491473364],
        "dvar": [1.65259361267, 37.3308258057, 181.288574219, 445.301849365, 316.911804199, 330.712127686, 210.59022522, 310.740509033, 737.602355957, 950.792785645, 4441.58837891, 10563.6894531, 3191.58935547, 2591.50512695, 10948.2421875, 12113.9121094, 24502.578125, 7298.48925781, 1300.05053711, 390.220428467, 7741.85302734, 1167.79272461, 2357.40966797, 1194.10070801, 149.662979126, 128.873474121, 135.029403687, 254.473144531, 590.591674805, 265.091491699, 267.74822998, 438.998748779, 4365.20800781, 4636.28027344, 160.82623291, 91.1716003418, 5.0376496315, 0.0467550270259, 1.42881654028e-05, 4.63871678846e-08],
        "dvar2": [2.87107419968, 97.9247589111, 445.001342773, 1220.97363281, 868.333251953, 937.342834473, 530.415222168, 618.00970459, 1631.21264648, 1927.734375, 11446.6220703, 29883.984375, 8937.18164062, 5797.28222656, 20223.2792969, 35158.765625, 57326.7851562, 17094.0175781, 3487.00585938, 1063.29443359, 22499.8359375, 3232.44213867, 6633.18603516, 3226.1862793, 393.094787598, 347.350616455, 367.648223877, 694.188110352, 1256.33276367, 655.041992188, 701.966918945, 1130.41638184, 10601.0439453, 11305.2382812, 447.619659424, 246.159912109, 13.6783847809, 0.128274127841, 3.87858854083e-05, 1.22560479099e-07],
        "max": [10.7326211929, 50.3282470703, 111.287773132, 126.339454651, 146.290893555, 130.955886841, 185.686294556, 277.904296875, 332.243347168, 348.102966309, 677.955810547, 845.227966309, 639.403381348, 1394.2746582, 3061.22900391, 1393.42797852, 2672.97875977, 2783.01269531, 481.359771729, 227.648330688, 1326.03723145, 350.383728027, 599.792358398, 431.851318359, 147.904846191, 143.62449646, 108.296424866, 121.578979492, 405.012329102, 166.529037476, 143.176467896, 174.154296875, 532.986450195, 582.072998047, 99.7753829956, 95.2364349365, 14.1149520874, 2.22616171837, 0.0358644165099, 0.00173282856122],
        "mean": [4.56761932373, 17.1122398376, 8.07028579712, 6.27178764343, 5.49215269089, 5.60442304611, 15.8618783951, 23.1040325165, 23.9703769684, 30.1100101471, 42.3920936584, 45.813785553, 23.7088451385, 32.3597373962, 51.4894485474, 43.0614891052, 86.3596496582, 51.2794418335, 17.9880084991, 9.66370010376, 13.4113464355, 11.8326940536, 13.4016962051, 14.6846733093, 4.85876607895, 3.29634904861, 3.77181744576, 5.95612049103, 8.46775531769, 9.73802757263, 6.46972560883, 10.3451957703, 26.560005188, 27.8561401367, 3.48243498802, 2.62038493156, 0.682668328285, 0.0686248317361, 0.0013557827333, 0.000227631884627],
        "median": [5.89566898346, 21.1383094788, 5.2325501442, 2.41445827484, 2.01811552048, 1.72324192524, 8.79905605316, 12.0283164978, 9.25107860565, 12.2427043915, 17.0035114288, 17.6478481293, 5.81764936447, 7.46931743622, 11.4651184082, 13.377910614, 10.7742729187, 6.57662534714, 4.69670534134, 4.07396697998, 2.24201130867, 2.94116640091, 2.71152043343, 2.70696687698, 1.6254928112, 0.896059215069, 1.2248032093, 1.27628386021, 1.27868700027, 3.20183324814, 1.68305325508, 3.05548787117, 2.89551663399, 2.61733365059, 0.292795330286, 0.0903027206659, 0.0518243797123, 0.0101752672344, 0.000248676078627, 0.000191695260582],
        "min": [1.62505002663e-05, 0.000159505245392, 0.00103296164889, 0.0054883081466, 0.0381327234209, 0.049365054816, 0.0772878751159, 0.0586371049285, 0.036814879626, 0.0267148781568, 0.0186073295772, 0.0295832268894, 0.0109071135521, 0.0058676940389, 0.00649442849681, 0.00746027007699, 0.00956929475069, 0.019138853997, 0.0167812034488, 0.0118000861257, 0.0118242381141, 0.0114309927449, 0.0122738974169, 0.00821675267071, 0.00854290276766, 0.00840000342578, 0.0485964417458, 0.0194728877395, 0.0096395323053, 0.0445017181337, 0.0185654126108, 0.00496984925121, 0.0041763111949, 0.000595285964664, 0.000213465900742, 0.000111889108666, 2.42649821303e-05, 4.63457854494e-06, 3.605916163e-06, 2.81216921394e-06],
        "var": [8.3538980484, 117.991744995, 159.941543579, 283.775512695, 210.503067017, 201.17388916, 401.544494629, 861.082458496, 1299.97839355, 1761.00488281, 6876.82421875, 7949.11816406, 2653.82739258, 8676.76367188, 38225.578125, 9403.94726562, 54616.9648438, 35606.390625, 2012.23681641, 323.364990234, 4340.01025391, 843.097167969, 1447.96618652, 1126.02355957, 119.900596619, 92.3201293945, 96.6428756714, 195.96522522, 637.286010742, 238.663238525, 232.236083984, 387.23236084, 4056.3828125, 4443.30078125, 107.66368103, 61.4074935913, 3.40542674065, 0.0305870454758, 9.63904494711e-06, 3.60362655272e-08]
    },
    "gfcc": {
        "mean": [21.6102027893, 83.4402770996, -62.3177947998, 27.4575443268, -54.6299743652, 40.8637542725, -31.656709671, 24.020318985, -8.89646148682, 11.9544744492, 1.19169902802, 4.51929235458, -9.5255355835],
        "cov": [[4140.74658203, -1450.86755371, -876.109619141, -483.723205566, -318.873565674, 108.016143799, -415.300079346, 233.995666504, -441.684631348, 184.104415894, -246.983886719, 267.902313232, -219.405838013], [-1450.86755371, 1780.07678223, -23.8562602997, 36.8276519775, 291.520874023, 4.84205579758, 457.621032715, -193.16053772, 301.759735107, -88.0897674561, 343.121826172, -133.751968384, 251.924591064], [-876.109619141, -23.8562602997, 1619.06274414, 618.850158691, 190.795028687, 195.987701416, 68.7320175171, 125.166290283, 154.997879028, 18.5418796539, -42.3724021912, -0.33464717865, 10.9007673264], [-483.723205566, 36.8276519775, 618.850158691, 570.091796875, 215.034835815, 45.785572052, 89.9672470093, 88.4970474243, 129.170913696, -17.2392253876, 37.7084236145, -9.64425849915, 24.3271579742], [-318.873565674, 291.520874023, 190.795028687, 215.034835815, 347.206756592, 127.607208252, 163.159729004, 41.2040252686, 121.07963562, 26.8713321686, 120.308982849, 7.57159233093, 47.5362091064], [108.016143799, 4.84205579758, 195.987701416, 45.785572052, 127.607208252, 259.756408691, 99.6028442383, 47.7483329773, 38.5400466919, 62.4653015137, 41.9409637451, 11.9555206299, -2.16730499268], [-415.300079346, 457.621032715, 68.7320175171, 89.9672470093, 163.159729004, 99.6028442383, 320.600311279, 16.6370410919, 161.421218872, 8.65390014648, 131.985687256, 1.90493750572, 68.3193511963], [233.995666504, -193.16053772, 125.166290283, 88.4970474243, 41.2040252686, 47.7483329773, 16.6370410919, 210.477020264, 22.0151939392, 39.0080757141, -3.91183280945, 35.5559768677, 0.0635061264038], [-441.684631348, 301.759735107, 154.997879028, 129.170913696, 121.07963562, 38.5400466919, 161.421218872, 22.0151939392, 222.344406128, 27.7460174561, 95.1748504639, -4.4030919075, 63.8893356323], [184.104415894, -88.0897674561, 18.5418796539, -17.2392253876, 26.8713321686, 62.4653015137, 8.65390014648, 39.0080757141, 27.7460174561, 116.626075745, 33.4264411926, 34.72108078, 12.1626062393], [-246.983886719, 343.121826172, -42.3724021912, 37.7084236145, 120.308982849, 41.9409637451, 131.985687256, -3.91183280945, 95.1748504639, 33.4264411926, 221.554229736, 42.2766952515, 92.1311645508], [267.902313232, -133.751968384, -0.33464717865, -9.64425849915, 7.57159233093, 11.9555206299, 1.90493750572, 35.5559768677, -4.4030919075, 34.72108078, 42.2766952515, 147.313980103, 28.0137233734], [-219.405838013, 251.924591064, 10.9007673264, 24.3271579742, 47.5362091064, -2.16730499268, 68.3193511963, 0.0635061264038, 63.8893356323, 12.1626062393, 92.1311645508, 28.0137233734, 155.677566528]],
        "icov": [[0.000618128688075, -7.10222957423e-05, 0.000459009286715, -0.000208488592762, 0.000277058104984, -0.000701056269463, 0.000388306711102, -0.000609681010246, 0.000585387460887, -0.000664677121677, 0.000549467338715, -0.00107643927913, 0.000402229110477], [-7.10222957423e-05, 0.00246769096702, -0.000504335213918, 0.00127317989245, -0.00118933734484, 0.00112760660704, -0.00206165621057, 0.0015130873071, -0.000755836197641, 0.00177834602073, -0.00213654153049, 0.0026371513959, -0.00201293220744], [0.000459009286715, -0.000504335213918, 0.0017446478596, -0.00186501326971, 0.000865019799676, -0.00183440546971, 0.000972103793174, -0.000638816913124, -5.49709511688e-06, -0.000753053172957, 0.00147546408698, -0.00148136948701, 0.000370770023437], [-0.000208488592762, 0.00127317989245, -0.00186501326971, 0.00512127717957, -0.0028678542003, 0.00218323315494, -0.000965347280726, -0.000128831161419, -0.00127460143995, 0.00220781657845, -0.00154441781342, 0.00191179953981, -0.000773478415795], [0.000277058104984, -0.00118933734484, 0.000865019799676, -0.0028678542003, 0.00664079980925, -0.00303139653988, 0.00025339963031, -0.000897158053704, 2.10296207115e-06, -0.00107682682574, -0.000413564412156, -0.00149163440801, 0.00111831398681], [-0.000701056269463, 0.00112760660704, -0.00183440546971, 0.00218323315494, -0.00303139653988, 0.00819449685514, -0.00340665876865, 0.000726792030036, 0.000718010996934, -0.00159833591897, -0.00161583756562, 0.00269482564181, -0.000189519152627], [0.000388306711102, -0.00206165621057, 0.000972103793174, -0.000965347280726, 0.00025339963031, -0.00340665876865, 0.00863942597061, -0.00179036706686, -0.00287477811798, 0.000467386766104, 0.000368986686226, -0.00263277348131, 0.00144948705565], [-0.000609681010246, 0.0015130873071, -0.000638816913124, -0.000128831161419, -0.000897158053704, 0.000726792030036, -0.00179036706686, 0.00730499299243, -0.00102454482112, -5.23986745975e-05, -0.000717556686141, 0.00120087258983, -0.00154302967712], [0.000585387460887, -0.000755836197641, -5.49709511688e-06, -0.00127460143995, 2.10296207115e-06, 0.000718010996934, -0.00287477811798, -0.00102454482112, 0.0100091891363, -0.00376379583031, 4.23309902544e-05, -0.000386523053749, -0.000250082259299], [-0.000664677121677, 0.00177834602073, -0.000753053172957, 0.00220781657845, -0.00107682682574, -0.00159833591897, 0.000467386766104, -5.23986745975e-05, -0.00376379583031, 0.014257739298, -0.00340883084573, 0.00099333259277, -0.00173602707218], [0.000549467338715, -0.00213654153049, 0.00147546408698, -0.00154441781342, -0.000413564412156, -0.00161583756562, 0.000368986686226, -0.000717556686141, 4.23309902544e-05, -0.00340883084573, 0.0112028913572, -0.00490063335747, -0.00118712964468], [-0.00107643927913, 0.0026371513959, -0.00148136948701, 0.00191179953981, -0.00149163440801, 0.00269482564181, -0.00263277348131, 0.00120087258983, -0.000386523053749, 0.00099333259277, -0.00490063335747, 0.0127168502659, -0.00363888498396], [0.000402229110477, -0.00201293220744, 0.000370770023437, -0.000773478415795, 0.00111831398681, -0.000189519152627, 0.00144948705565, -0.00154302967712, -0.000250082259299, -0.00173602707218, -0.00118712964468, -0.00363888498396, 0.0109587712213]]
    },
    "melbands": {
        "dmean": [0.0072446600534, 0.00272596254945, 0.00118016824126, 0.000438709656009, 0.000263655878371, 0.000270588177955, 0.00023189233616, 0.000225924857659, 0.000283366709482, 0.000248877244303, 0.000105103492388, 6.81214805809e-05, 0.000116329320008, 6.65373154334e-05, 0.000117772811791, 0.000101806821476, 5.46116607438e-05, 2.57549272646e-05, 1.07723953988e-05, 1.33661023938e-05, 2.39348701143e-05, 1.15466846182e-05, 1.5845271264e-05, 1.74989272637e-05, 1.21344555737e-05, 3.32244599122e-06, 2.83898043563e-06, 2.48018523052e-06, 2.57511987911e-06, 3.29164276991e-06, 4.29120518675e-06, 5.02431566929e-06, 5.3453518376e-06, 7.8980347098e-06, 3.93613800043e-06, 6.54102359476e-06, 7.20599246051e-06, 1.63945478562e-05, 4.63254764327e-05, 2.03409636015e-05],
        "dmean2": [0.00885767582804, 0.00381681229919, 0.0020897637587, 0.000763428281061, 0.000412192894146, 0.000394691509428, 0.000349272333551, 0.000347163091647, 0.000488771765959, 0.000438609480625, 0.000183424868737, 0.000106304629298, 0.000166639874806, 0.000116090945085, 0.000196580062038, 0.000173069929588, 8.48834097269e-05, 4.36804730271e-05, 1.85804638022e-05, 2.31284266192e-05, 4.41034098912e-05, 1.99970836547e-05, 2.72620636679e-05, 3.20580002153e-05, 2.05635078601e-05, 5.4938127505e-06, 4.7851904128e-06, 4.22915945819e-06, 4.42251212007e-06, 5.63285448152e-06, 7.45061379348e-06, 8.20000786916e-06, 8.82214317244e-06, 1.32416798806e-05, 6.62558750264e-06, 1.11326135084e-05, 1.20678196254e-05, 2.83439585473e-05, 7.52679479774e-05, 3.3362503018e-05],
        "dvar": [9.85758888419e-05, 1.45735248225e-05, 1.1507848285e-05, 1.87373086646e-06, 2.44564830609e-07, 1.70638244867e-07, 1.49505808622e-07, 1.15971658943e-07, 4.04675915888e-07, 4.1898081804e-07, 7.47060653339e-08, 3.48976705311e-08, 2.37124808677e-07, 4.09895193343e-08, 1.54117856255e-07, 8.86640236786e-08, 2.69926960783e-08, 4.64139704448e-09, 5.09056574671e-10, 1.43233158667e-09, 1.40340254973e-08, 1.06407815892e-09, 2.06381822743e-09, 2.59136490044e-09, 8.8754337213e-10, 5.43046267676e-11, 8.22927420652e-11, 6.7395096448e-11, 6.39501993027e-11, 4.32466874811e-11, 1.07687511686e-10, 1.48679402123e-10, 1.59651875054e-10, 1.58945342998e-10, 6.17008666381e-11, 2.88067764087e-10, 1.14220889691e-10, 1.23665677698e-09, 1.40367353296e-08, 1.50122958509e-09],
        "dvar2": [0.000196370325284, 2.95193385682e-05, 3.08093840431e-05, 5.25534005646e-06, 6.42723875899e-07, 3.35933862061e-07, 3.31631866857e-07, 2.37616617937e-07, 1.08527569864e-06, 1.19143078336e-06, 2.08946772773e-07, 8.03994595344e-08, 4.18315380557e-07, 1.18442940789e-07, 4.07356338883e-07, 2.32339999684e-07, 5.70060052496e-08, 1.23543886232e-08, 1.39469324978e-09, 4.05958289207e-09, 4.07436147043e-08, 2.94560198455e-09, 5.69068436818e-09, 7.33563121358e-09, 2.40624986603e-09, 1.40530392878e-10, 2.229483681e-10, 1.84791348889e-10, 1.75954487092e-10, 1.18543466709e-10, 2.94147234348e-10, 3.23859356e-10, 3.47674805612e-10, 4.08923228612e-10, 1.58441121334e-10, 7.73442310198e-10, 2.91112967066e-10, 3.2461173749e-09, 3.37974555009e-08, 3.75685393905e-09],
        "max": [0.0784217640758, 0.0424773581326, 0.0212762504816, 0.010414743796, 0.00509293237701, 0.00630885269493, 0.00433772755787, 0.00361908623017, 0.00673285173252, 0.00611482653767, 0.00308734015562, 0.00480716023594, 0.01510555204, 0.00217277207412, 0.00501187052578, 0.00343053438701, 0.00638587679714, 0.000912295246962, 0.000215219028178, 0.000523887749296, 0.00176998705138, 0.000352031347575, 0.000742278527468, 0.000486378121423, 0.000421615201049, 9.09707887331e-05, 0.000102287653135, 0.000105816230644, 7.775555423e-05, 6.13663723925e-05, 8.57730046846e-05, 0.000190149119589, 0.000182257805136, 0.000152475869982, 6.53016177239e-05, 0.000170507148141, 9.26809443627e-05, 0.00026962949778, 0.00102585158311, 0.000404190737754],
        "mean": [0.0340870469809, 0.00984955392778, 0.00108471396379, 0.000397955969675, 0.000483118608827, 0.000550082826521, 0.000356174597982, 0.000328825291945, 0.000372658250853, 0.00025410958915, 0.000109072512714, 0.000120720826089, 0.000219351364649, 7.51087281969e-05, 0.000185269294889, 0.000128285741084, 0.000101564481156, 3.25768414768e-05, 1.12280613394e-05, 1.28733936435e-05, 1.65617002494e-05, 1.08419617391e-05, 1.43580482472e-05, 1.26136446852e-05, 1.23467989397e-05, 3.24431221088e-06, 2.55341683442e-06, 2.12382451537e-06, 2.15254681279e-06, 3.04291506836e-06, 3.37522078553e-06, 4.45464456789e-06, 4.5151869017e-06, 6.68194252285e-06, 3.32442209583e-06, 5.01536624142e-06, 5.99052191319e-06, 1.29545296659e-05, 3.88156695408e-05, 1.69648919837e-05],
        "median": [0.0439694784582, 0.0106702083722, 0.000426674960181, 0.000104235979961, 0.00026220723521, 0.000291045143967, 0.000141916578286, 0.000130486034323, 0.000149823899847, 9.63904458331e-05, 2.15614072658e-05, 2.47043353738e-05, 3.81511526939e-05, 2.4442702852e-05, 2.9447624911e-05, 1.37239348987e-05, 8.55620692164e-06, 7.20280058886e-06, 4.68057123726e-06, 4.22614857598e-06, 1.82694532214e-06, 2.50281664194e-06, 2.66880579147e-06, 1.95806615011e-06, 1.97726626538e-06, 1.0636879324e-06, 6.3168278075e-07, 5.16880788837e-07, 5.74977093493e-07, 8.37466359371e-07, 6.73488045777e-07, 6.93588503964e-07, 6.1784794525e-07, 2.30844761973e-06, 7.54083657739e-07, 9.33088244892e-07, 1.85170847544e-06, 1.96129849428e-06, 1.45403407714e-06, 2.13518478631e-06],
        "min": [1.52302121137e-07, 5.14076589297e-07, 1.46675597534e-06, 1.75219702214e-06, 2.96696634905e-06, 1.0678744502e-06, 4.73913161159e-07, 2.14830905065e-07, 1.45866991375e-07, 1.61671366072e-07, 3.01675839864e-08, 2.05734274061e-08, 1.87796462825e-08, 1.20404575199e-08, 2.25642207141e-08, 2.06329424657e-08, 1.5129041131e-08, 2.69872373337e-08, 2.38954118714e-08, 9.29100352209e-09, 4.02662747589e-09, 1.04754880326e-08, 8.3061761913e-09, 3.87215326469e-09, 3.24960480746e-09, 7.85780440715e-10, 7.42149619537e-10, 5.47126233208e-10, 4.41725278577e-09, 2.45489530926e-08, 3.29009863798e-09, 5.53592460761e-09, 1.34207400748e-09, 1.31902577749e-09, 2.00624045155e-10, 1.05150783913e-10, 5.76033332145e-10, 3.76855791018e-09, 1.23421839415e-09, 1.71734779175e-10],
