{
"highlevel": {
    "danceability": {
        "all": {
            "danceable": 0.999999880791,
            "not_danceable": 1.00000008274e-07
        },
        "probability": 0.999999880791,
        "value": "danceable"
    },
    "gender": {
        "all": {
            "female": 0.622302591801,
            "male": 0.377697378397
        },
        "probability": 0.622302591801,
        "value": "female"
    },
    "genre_dortmund": {
        "all": {
            "alternative": 0.0105647472665,
            "blues": 0.0113552566618,
            "electronic": 0.554096400738,
            "folkcountry": 0.0136486953124,
            "funksoulrnb": 0.00113488419447,
            "jazz": 0.00552630284801,
            "pop": 0.0196935385466,
            "raphiphop": 0.376901417971,
            "rock": 0.00707876356319
        },
        "probability": 0.554096400738,
        "value": "electronic"
    },
    "genre_electronic": {
        "all": {
            "ambient": 0.157222986221,
            "dnb": 0.359332025051,
            "house": 0.127076923847,
            "techno": 0.268785685301,
            "trance": 0.0875823572278
        },
        "probability": 0.359332025051,
        "value": "dnb"
    },
    "genre_rosamerica": {
        "all": {
            "cla": 0.00222960975952,
            "dan": 0.103545799851,
            "hip": 0.716561496258,
            "jaz": 0.00326006510295,
            "pop": 0.0284275263548,
            "rhy": 0.119114778936,
            "roc": 0.0229598619044,
            "spe": 0.00390083179809
        },
        "probability": 0.716561496258,
        "value": "hip"
    },
    "genre_tzanetakis": {
        "all": {
            "blu": 0.0620671063662,
            "cla": 0.034474901855,
            "cou": 0.103433981538,
            "dis": 0.0620971247554,
            "hip": 0.15527240932,
            "jaz": 0.310666948557,
            "met": 0.044346679002,
            "pop": 0.0620793737471,
            "reg": 0.0620816536248,
            "roc": 0.103479810059
        },
        "probability": 0.310666948557,
        "value": "jaz"
    },
    "ismir04_rhythm": {
        "all": {
            "ChaChaCha": 0.0257408861071,
            "Jive": 0.0327938050032,
            "Quickstep": 0.0107376910746,
            "Rumba-American": 0.0261570792645,
            "Rumba-International": 0.479732662439,
            "Rumba-Misc": 0.0782850757241,
            "Samba": 0.0451430045068,
            "Tango": 0.0283108297735,
            "VienneseWaltz": 0.239213511348,
            "Waltz": 0.0338854528964
        },
        "probability": 0.479732662439,
        "value": "Rumba-International"
    },
    "mood_acoustic": {
        "all": {
            "acoustic": 2.08704906655e-13,
            "not_acoustic": 1
        },
        "probability": 1,
        "value": "not_acoustic"
    },
    "mood_aggressive": {
        "all": {
            "aggressive": 3.00000096379e-14,
            "not_aggressive": 1
        },
        "probability": 1,
        "value": "not_aggressive"
    },
    "mood_electronic": {
        "all": {
            "electronic": 0.998434782028,
            "not_electronic": 0.00156520935707
        },
        "probability": 0.998434782028,
        "value": "electronic"
    },
    "mood_happy": {
        "all": {
            "happy": 0.639554679394,
            "not_happy": 0.360445290804
        },
        "probability": 0.639554679394,
        "value": "happy"
    },
    "mood_party": {
        "all": {
            "not_party": 0.688070714474,
            "party": 0.311929255724
        },
        "probability": 0.688070714474,
        "value": "not_party"
    },
    "mood_relaxed": {
        "all": {
            "not_relaxed": 0.28258228302,
            "relaxed": 0.71741771698
        },
        "probability": 0.71741771698,
        "value": "relaxed"
    },
    "mood_sad": {
        "all": {
            "not_sad": 0.887580215931,
            "sad": 0.112419776618
        },
        "probability": 0.887580215931,
        "value": "not_sad"
    },
    "moods_mirex": {
        "all": {
            "Cluster1": 0.0813780203462,
            "Cluster2": 0.0461382381618,
            "Cluster3": 0.214138224721,
            "Cluster4": 0.0295915640891,
            "Cluster5": 0.628753960133
        },
        "probability": 0.628753960133,
        "value": "Cluster5"
    },
    "timbre": {
        "all": {
            "bright": 0.680554568768,
            "dark": 0.319445431232
        },
        "probability": 0.680554568768,
        "value": "bright"
    },
    "tonal_atonal": {
        "all": {
            "atonal": 0.98522657156,
            "tonal": 0.014773410745
        },
        "probability": 0.98522657156,
        "value": "atonal"
    },
    "voice_instrumental": {
        "all": {
            "instrumental": 0.0816473066807,
            "voice": 0.918352723122
        },
        "probability": 0.918352723122,
        "value": "voice"
    }
},
"lowlevel": {
    "average_loudness": 0.977055430412,
    "barkbands_crest": {
        "dmean": 1.39273238182,
        "dmean2": 2.30729961395,
        "dvar": 4.04443073273,
        "dvar2": 11.135594368,
        "max": 26.4277420044,
        "mean": 16.2502727509,
        "median": 16.1127052307,
        "min": 8.35145187378,
        "var": 6.85001182556
    },
    "barkbands_flatness_db": {
        "dmean": 0.0418252795935,
        "dmean2": 0.0576354116201,
        "dvar": 0.00146868359298,
        "dvar2": 0.00276573281735,
        "max": 0.556916356087,
        "mean": 0.32534378767,
        "median": 0.321275562048,
        "min": 0.127734154463,
        "var": 0.00546011142433
    },
    "barkbands_kurtosis": {
        "dmean": 35.3395042419,
        "dmean2": 55.1282310486,
        "dvar": 2817.42236328,
        "dvar2": 6674.38183594,
        "max": 605.739135742,
        "mean": 60.2905502319,
        "median": 39.4992523193,
        "min": 0.556275844574,
        "var": 4431.62988281
    },
    "barkbands_skewness": {
        "dmean": 1.70466160774,
        "dmean2": 2.62509679794,
        "dvar": 3.28922843933,
        "dvar2": 7.6713809967,
        "max": 21.30260849,
        "mean": 5.9179520607,
        "median": 5.52662277222,
        "min": 1.00246870518,
        "var": 7.06571388245
    },
    "barkbands_spread": {
        "dmean": 2.87904930115,
        "dmean2": 4.22725296021,
        "dvar": 17.3818588257,
        "dvar2": 34.9910087585,
        "max": 59.030960083,
        "mean": 5.42714071274,
        "median": 3.62677574158,
        "min": 0.144814088941,
        "var": 35.7545051575
    },
    "dissonance": {
        "dmean": 0.0330915227532,
        "dmean2": 0.0543342716992,
        "dvar": 0.000905958877411,
        "dvar2": 0.00227332510985,
        "max": 0.499904751778,
        "mean": 0.43930670619,
        "median": 0.446098506451,
        "min": 0.21374720335,
        "var": 0.00188451376744
    },
    "dynamic_complexity": 1.50356006622,
    "erbbands_crest": {
        "dmean": 3.76221489906,
        "dmean2": 6.09346580505,
        "dvar": 11.2309265137,
        "dvar2": 26.8566799164,
        "max": 32.2834815979,
        "mean": 10.7731609344,
        "median": 9.91069126129,
        "min": 2.22286343575,
        "var": 24.3917770386
    },
    "erbbands_flatness_db": {
        "dmean": 0.0271814502776,
        "dmean2": 0.0411679893732,
        "dvar": 0.000631913193502,
        "dvar2": 0.0012913813116,
        "max": 0.364059090614,
        "mean": 0.161411628127,
        "median": 0.156746372581,
        "min": 0.0472017340362,
        "var": 0.00207515340298
    },
    "erbbands_kurtosis": {
        "dmean": 1.55852162838,
        "dmean2": 2.38599467278,
        "dvar": 3.81886434555,
        "dvar2": 8.41300964355,
        "max": 23.1771812439,
        "mean": 1.05805468559,
        "median": 0.298278093338,
        "min": -1.88954937458,
        "var": 7.07599592209
    },
    "erbbands_skewness": {
        "dmean": 0.572222292423,
        "dmean2": 0.874043643475,
        "dvar": 0.277951419353,
        "dvar2": 0.623279213905,
        "max": 3.69963359833,
        "mean": 0.208566904068,
        "median": 0.152321249247,
        "min": -3.13156580925,
        "var": 0.78048157692
    },
    "erbbands_spread": {
        "dmean": 14.7283277512,
        "dmean2": 22.881603241,
        "dvar": 285.193481445,
        "dvar2": 637.647644043,
        "max": 193.854202271,
        "mean": 43.6245994568,
        "median": 38.5339622498,
        "min": 4.45765352249,
        "var": 635.216918945
    },
    "hfc": {
        "dmean": 12.4512271881,
        "dmean2": 18.5044078827,
        "dvar": 316.290344238,
        "dvar2": 675.832275391,
        "max": 205.209976196,
        "mean": 31.67852211,
        "median": 26.241191864,
        "min": 4.55940198898,
        "var": 537.252685547
    },
    "melbands_crest": {
        "dmean": 1.71516478062,
        "dmean2": 2.70872044563,
        "dvar": 9.31789779663,
        "dvar2": 23.2793159485,
        "max": 39.1652145386,
        "mean": 35.7601585388,
        "median": 36.7555427551,
        "min": 15.8464775085,
        "var": 12.0412311554
    },
    "melbands_flatness_db": {
        "dmean": 0.0486414395273,
        "dmean2": 0.0656635090709,
        "dvar": 0.00206700479612,
        "dvar2": 0.00374874891713,
        "max": 0.707455694675,
        "mean": 0.416461199522,
        "median": 0.409854084253,
        "min": 0.163152113557,
        "var": 0.00797875225544
    },
    "melbands_kurtosis": {
        "dmean": 111.441177368,
        "dmean2": 171.364639282,
        "dvar": 40723.6875,
        "dvar2": 89232.3828125,
        "max": 2428.76953125,
        "mean": 172.204437256,
        "median": 88.3473510742,
        "min": 1.50786209106,
        "var": 62326.2734375
    },
    "melbands_skewness": {
        "dmean": 3.14093637466,
        "dmean2": 4.65647268295,
        "dvar": 12.1475038528,
        "dvar2": 24.4099731445,
        "max": 39.973449707,
        "mean": 9.5891046524,
        "median": 8.0074968338,
        "min": 1.13323426247,
        "var": 32.4216842651
    },
    "melbands_spread": {
        "dmean": 2.04247808456,
        "dmean2": 3.02501034737,
        "dvar": 7.57937145233,
        "dvar2": 15.9095401764,
        "max": 33.9945755005,
        "mean": 3.92332363129,
        "median": 2.5055038929,
        "min": 0.124773927033,
        "var": 17.1823196411
    },
    "pitch_salience": {
        "dmean": 0.0598746724427,
        "dmean2": 0.0967495068908,
        "dvar": 0.00620839186013,
        "dvar2": 0.0166325662285,
        "max": 0.633841991425,
        "mean": 0.173296391964,
        "median": 0.14836384356,
        "min": 0.0534561797976,
        "var": 0.00839511491358
    },
    "silence_rate_20dB": {
        "dmean": 0.0897832810879,
        "dmean2": 0.178156465292,
        "dvar": 0.0817231833935,
        "dvar2": 0.192891642451,
        "max": 1,
        "mean": 0.567672073841,
        "median": 1,
        "min": 0,
        "var": 0.245421871543
    },
    "silence_rate_30dB": {
        "dmean": 0.0061919502914,
        "dmean2": 0.0123934932053,
        "dvar": 0.00615357793868,
        "dvar2": 0.0184368491173,
        "max": 1,
        "mean": 0.00309358071536,
        "median": 0,
        "min": 0,
        "var": 0.00308399368078
    },
    "silence_rate_60dB": {
        "dmean": 0,
        "dmean2": 0,
        "dvar": 0,
        "dvar2": 0,
        "max": 0,
        "mean": 0,
        "median": 0,
        "min": 0,
        "var": 0
    },
    "spectral_centroid": {
        "dmean": 392.588623047,
        "dmean2": 576.944152832,
        "dvar": 209500.328125,
        "dvar2": 396944.625,
        "max": 4459.65087891,
        "mean": 1168.02978516,
        "median": 991.912109375,
        "min": 117.492034912,
        "var": 567785.5
    },
    "spectral_complexity": {
        "dmean": 4.91873073578,
        "dmean2": 7.23857498169,
        "dvar": 42.1613731384,
        "dvar2": 73.2831954956,
        "max": 59,
        "mean": 14.9288473129,
        "median": 13,
        "min": 1,
        "var": 86.0258636475
    },
    "spectral_decrease": {
        "dmean": 9.02344599041e-09,
        "dmean2": 1.38494051782e-08,
        "dvar": 2.27583697474e-16,
        "dvar2": 5.07878096437e-16,
        "max": -2.54226613094e-08,
        "mean": -8.26972055279e-08,
        "median": -7.74294619532e-08,
        "min": -2.45251698061e-07,
        "var": 1.11588321642e-15
    },
    "spectral_energy": {
        "dmean": 0.0344941951334,
        "dmean2": 0.0529442504048,
        "dvar": 0.00327589968219,
        "dvar2": 0.00731093157083,
        "max": 0.930245220661,
        "mean": 0.314991503954,
        "median": 0.294625073671,
        "min": 0.0971768200397,
        "var": 0.016030093655
    },
    "spectral_energyband_high": {
        "dmean": 0.000870996329468,
        "dmean2": 0.00129495572764,
        "dvar": 4.24814288635e-06,
        "dvar2": 9.09336176846e-06,
        "max": 0.0221955087036,
        "mean": 0.00101112003904,
        "median": 0.000264361442532,
        "min": 2.24212982403e-07,
        "var": 5.83734390602e-06
    },
    "spectral_energyband_low": {
        "dmean": 0.0282730273902,
        "dmean2": 0.0407780781388,
        "dvar": 0.00330024608411,
        "dvar2": 0.00716512370855,
        "max": 0.919400513172,
        "mean": 0.289341628551,
        "median": 0.272061079741,
        "min": 0.0901257023215,
        "var": 0.0158634055406
    },
    "spectral_energyband_middle_high": {
        "dmean": 0.0029172077775,
        "dmean2": 0.0042974264361,
        "dvar": 1.46074153236e-05,
        "dvar2": 3.00943956972e-05,
        "max": 0.0409573502839,
        "mean": 0.00491479970515,
        "median": 0.00275374902412,
        "min": 4.22612465627e-05,
        "var": 3.21740226354e-05
    },
    "spectral_energyband_middle_low": {
        "dmean": 0.00731666106731,
        "dmean2": 0.0119203589857,
        "dvar": 0.000127752689878,
        "dvar2": 0.000347541674273,
        "max": 0.175122007728,
        "mean": 0.0114487847313,
        "median": 0.00870037730783,
        "min": 0.000324724212987,
        "var": 0.000136027301778
    },
    "spectral_entropy": {
        "dmean": 0.315475642681,
        "dmean2": 0.459178060293,
        "dvar": 0.0944149121642,
        "dvar2": 0.185992360115,
        "max": 8.67735862732,
        "mean": 7.2728099823,
        "median": 7.26727724075,
        "min": 5.46186590195,
        "var": 0.33907315135
    },
    "spectral_flux": {
        "dmean": 0.0514441207051,
        "dmean2": 0.078850351274,
        "dvar": 0.0044951508753,
        "dvar2": 0.00835338979959,
        "max": 0.68378162384,
        "mean": 0.141217812896,
        "median": 0.117686420679,
        "min": 0.0254846382886,
        "var": 0.0089992294088
    },
    "spectral_kurtosis": {
        "dmean": 3.58394694328,
        "dmean2": 5.72113847733,
        "dvar": 23.425365448,
        "dvar2": 56.4323501587,
        "max": 51.5409469604,
        "mean": 6.82811737061,
        "median": 4.96871328354,
        "min": -1.18887841702,
        "var": 47.5132026672
    },
    "spectral_rms": {
        "dmean": 0.000949724169914,
        "dmean2": 0.00146066572051,
        "dvar": 2.28025032811e-06,
        "dvar2": 4.79296886624e-06,
        "max": 0.030125675723,
        "mean": 0.0171645283699,
        "median": 0.0169540289789,
        "min": 0.00973687041551,
        "var": 1.2687405615e-05
    },
    "spectral_rolloff": {
        "dmean": 54.0995445251,
        "dmean2": 100.643600464,
        "dvar": 34927.1171875,
        "dvar2": 96453.578125,
        "max": 3057.71484375,
        "mean": 92.5274658203,
        "median": 43.06640625,
        "min": 43.06640625,
        "var": 27382.390625
    },
    "spectral_skewness": {
        "dmean": 0.460026890039,
        "dmean2": 0.69456410408,
        "dvar": 0.199995160103,
        "dvar2": 0.424275547266,
        "max": 5.89070320129,
        "mean": 1.89159345627,
        "median": 1.81354796886,
        "min": -0.0820169597864,
        "var": 0.64213681221
    },
    "spectral_spread": {
        "dmean": 1003607.75,
        "dmean2": 1493600,
        "dvar": 1.35186559795e+12,
        "dvar2": 2.64481302118e+12,
        "max": 14383479,
        "mean": 4504676,
        "median": 4175618,
        "min": 1054518,
        "var": 3.73123579904e+12
    },
    "spectral_strongpeak": {
        "dmean": 0.16308966279,
        "dmean2": 0.295837700367,
        "dvar": 0.0797721743584,
        "dvar2": 0.252358108759,
        "max": 2.6987247467,
        "mean": 0.796008527279,
        "median": 0.795728266239,
        "min": 0,
        "var": 0.117436647415
    },
    "zerocrossingrate": {
        "dmean": 0.00412393594161,
        "dmean2": 0.0054603535682,
        "dvar": 2.24414197874e-05,
        "dvar2": 3.39686193911e-05,
        "max": 0.0732421875,
        "mean": 0.0108343306929,
        "median": 0.0087890625,
        "min": 0.0009765625,
        "var": 7.56415247452e-05
    },
    "barkbands": {
        "dmean": [0.0151985203847, 0.0252778455615, 0.0052878302522, 0.00136248988565, 0.0022442555055, 0.000705792044755, 0.00242368201725, 0.00164124881849, 0.00132196594495, 0.000732300570235, 0.000536972831469, 0.000417446484789, 0.000440045871073, 0.000359962170478, 0.000491902639624, 0.00033866422018, 0.000260100670857, 0.000369978806702, 0.000249001226621, 0.000197809407837, 0.000244786438998, 0.000159372168127, 0.000197986242711, 0.00012670198339, 9.77540403255e-05, 3.62217833754e-05, 3.38050369919e-08],
        "dmean2": [0.0248966533691, 0.0370003581047, 0.00999469682574, 0.00248515070416, 0.00366448587738, 0.00114580674563, 0.00382941309363, 0.00262977508828, 0.00214155646972, 0.00107482238673, 0.000861655746121, 0.000667065614834, 0.000720450130757, 0.000585682224482, 0.000814231461845, 0.000545129238162, 0.000404836930102, 0.000579029205255, 0.000390832283301, 0.000314510893077, 0.000372611335479, 0.000249956035987, 0.000302800704958, 0.000191170373, 0.00015185753, 5.68564646528e-05, 4.34852296394e-08],
        "dvar": [0.000336630415404, 0.00333512667567, 0.000404218677431, 2.77652870864e-05, 2.22170729103e-05, 2.28466797125e-06, 1.7795677195e-05, 2.17414308281e-05, 1.0446205124e-05, 2.99162911688e-06, 2.24950304073e-06, 8.69339714882e-07, 1.12191094104e-06, 6.43080966256e-07, 9.94671381704e-07, 5.7593655356e-07, 2.22089099111e-07, 4.45375746949e-07, 2.11862726474e-07, 2.88917590296e-07, 4.69323111929e-07, 1.80044338549e-07, 2.1717697507e-07, 1.17316332648e-07, 7.39428571706e-08, 9.59766044417e-09, 3.21576288818e-13],
        "dvar2": [0.000827769748867, 0.00740439305082, 0.00117745692842, 8.02284266683e-05, 5.99387130933e-05, 5.29987846676e-06, 4.07566731155e-05, 5.08038428961e-05, 2.52214704233e-05, 5.56869372303e-06, 5.22120899404e-06, 2.20632023229e-06, 2.95595191346e-06, 1.61599655257e-06, 2.47250909524e-06, 1.40678537264e-06, 4.95439508086e-07, 1.0193119806e-06, 4.28627657811e-07, 7.00967632383e-07, 1.03826835129e-06, 4.24485619988e-07, 4.49956388593e-07, 2.28688023185e-07, 1.46198260609e-07, 2.06060963848e-08, 3.2321644276e-13],
        "max": [0.270754784346, 0.822147607803, 0.150552451611, 0.0807691663504, 0.077647536993, 0.0259749591351, 0.0382823087275, 0.0758356973529, 0.0568576790392, 0.0255335122347, 0.0352652333677, 0.0110293440521, 0.0127746015787, 0.010958510451, 0.0107969930395, 0.0086653502658, 0.00847421307117, 0.0075616389513, 0.00473139202222, 0.00533713167533, 0.00754205416888, 0.00395292276517, 0.00676679890603, 0.00428649690002, 0.0041646216996, 0.00136528618168, 1.85709013749e-05],
        "mean": [0.101146191359, 0.19224460423, 0.00441246945411, 0.0011018125806, 0.0028686535079, 0.000924100982957, 0.00292867003009, 0.00179439515341, 0.00152539496776, 0.00108086306136, 0.000602921063546, 0.000439389114035, 0.000521716778167, 0.00037641619565, 0.000505545001943, 0.000358022633009, 0.000349768204615, 0.000414140435169, 0.000291674106847, 0.000180711693247, 0.000235873259953, 0.000158386581461, 0.000232655802392, 0.000148846986121, 0.000108474596345, 3.99843629566e-05, 3.2549369422e-08],
        "median": [0.0990414470434, 0.165696650743, 0.00139374076389, 0.000214131563553, 0.00123596913181, 0.000201979055419, 0.000527042488102, 0.000401401863201, 0.00026755197905, 0.000207012402825, 0.000106235354906, 9.12194664124e-05, 0.000127343664644, 0.000103116093669, 0.000107477259007, 8.16412139102e-05, 8.63173045218e-05, 9.75524017122e-05, 7.41864714655e-05, 2.43986669375e-05, 2.39490509557e-05, 2.99641978927e-05, 6.98810181348e-05, 2.56554449152e-05, 1.60392937687e-05, 7.21938567949e-06, 8.76047767662e-09],
        "min": [0.00357410614379, 0.0411540046334, 2.13665734918e-05, 1.27185683141e-06, 6.36838331047e-06, 1.00895397281e-06, 2.12120426113e-06, 3.9112524064e-06, 5.32330477654e-06, 6.84179440213e-07, 4.33422457036e-07, 5.8178324025e-07, 9.18385524074e-07, 1.00992315311e-06, 6.10496215359e-07, 3.38097152053e-07, 5.4476151945e-07, 5.7836052747e-07, 2.80191130742e-07, 7.71092771856e-08, 2.98466886761e-08, 3.7202447345e-08, 3.12904440136e-08, 1.36334810108e-08, 5.19945686506e-09, 9.58949697427e-10, 4.17969409083e-11],
        "var": [0.00206415983848, 0.0116257295012, 0.000226276009926, 1.68773767655e-05, 2.42301430262e-05, 4.94241703564e-06, 2.81382417597e-05, 2.56047933362e-05, 1.25553378894e-05, 6.39113659417e-06, 2.86701629193e-06, 9.35918933465e-07, 1.33902733523e-06, 6.59602619635e-07, 1.0648271882e-06, 5.97412167735e-07, 4.6158851319e-07, 5.4695073004e-07, 3.06927631755e-07, 2.7032913863e-07, 5.26024678038e-07, 1.90590583315e-07, 3.48612900325e-07, 2.06696483929e-07, 1.14053882783e-07, 1.23401786567e-08, 3.21475214071e-13]
    },
    "erbbands": {
        "dmean": [1.39949584007, 4.40776014328, 6.25388383865, 5.29007005692, 5.86917161942, 8.93361854553, 4.69459533691, 6.91283941269, 25.2936935425, 43.39793396, 30.1664543152, 30.9071483612, 19.806344986, 28.6524982452, 19.1000652313, 16.2548122406, 19.9573040009, 16.1618061066, 24.2809524536, 20.0956745148, 17.8277664185, 13.7958965302, 19.0214672089, 13.7361812592, 12.5835056305, 9.02636051178, 9.8208770752, 8.99741077423, 5.59312725067, 6.06698989868, 5.42924642563, 3.79977154732, 1.58456635475, 1.20803034306, 0.652961432934, 0.246110975742, 0.05071182549, 0.00301785743795, 7.89380501374e-05, 4.01569159294e-05],
        "dmean2": [1.89647567272, 6.57229804993, 11.4799365997, 9.72675800323, 10.1615457535, 14.3840589523, 7.38142728806, 11.2592315674, 41.2902336121, 68.5968704224, 47.8699455261, 49.4286651611, 30.3226699829, 41.4108810425, 30.36003685, 25.9456329346, 31.765203476, 25.9136657715, 39.7046546936, 32.0107421875, 27.9636268616, 20.8812408447, 29.4239788055, 21.4493980408, 19.8525390625, 14.0722961426, 15.5199394226, 13.9209852219, 8.69453144073, 9.41790008545, 8.29177856445, 5.69476222992, 2.36119604111, 1.88197040558, 1.00011622906, 0.389356166124, 0.0800764560699, 0.00493327435106, 0.000121704993944, 6.15478929831e-05],
        "dvar": [8.65256214142, 132.015945435, 535.390014648, 388.335906982, 284.207183838, 302.937683105, 114.264587402, 224.921081543, 1896.09228516, 8374.44433594, 5444.28466797, 4972.12402344, 2617.42626953, 7333.73144531, 2045.19018555, 1336.1229248, 1903.4876709, 946.899658203, 2345.01171875, 1478.03942871, 1710.49475098, 599.057556152, 1201.79870605, 604.581054688, 653.567016602, 609.255187988, 837.773620605, 622.364562988, 244.706420898, 200.875976562, 176.030090332, 100.941101074, 19.4588031769, 13.2249994278, 2.83225917816, 0.430720418692, 0.0190665200353, 7.17014190741e-05, 3.81552567319e-08, 3.789011771e-09],
        "dvar2": [17.8556957245, 315.53225708, 1529.76721191, 1110.39916992, 817.142211914, 752.161499023, 268.198242188, 526.220397949, 4597.16992188, 20086.2480469, 12741.1230469, 12157.4228516, 5596.25390625, 13914.0849609, 4754.7421875, 3420.1418457, 4657.65625, 2417.40673828, 5828.45458984, 3520.45898438, 4414.15283203, 1308.6237793, 2726.88232422, 1305.69909668, 1414.96691895, 1424.29772949, 1999.95605469, 1334.07666016, 565.080444336, 479.733154297, 348.864868164, 196.712860107, 39.8000106812, 27.6301498413, 5.42659044266, 0.921767115593, 0.038112744689, 0.000165243152878, 7.47260742173e-08, 8.49704662187e-09],
        "max": [43.0327682495, 110.835655212, 180.447860718, 211.176635742, 316.340087891, 305.801330566, 141.401275635, 315.520629883, 315.845062256, 753.670349121, 1064.8828125, 1046.57592773, 823.353942871, 1425.23217773, 769.620178223, 422.027679443, 526.627380371, 386.43661499, 462.018890381, 314.145446777, 579.10546875, 478.365386963, 371.222015381, 319.65826416, 220.491943359, 245.267532349, 299.338012695, 203.974975586, 158.511962891, 172.693359375, 175.822921753, 170.021621704, 62.3563919067, 54.3730430603, 25.0259075165, 9.87756347656, 2.01214337349, 0.11419441551, 0.00294879754074, 0.00100355129689],
        "mean": [13.0899372101, 13.7732048035, 6.35792636871, 4.50422286987, 6.36166191101, 11.6179962158, 6.26622581482, 8.9197177887, 29.3390159607, 50.0433349609, 35.4815368652, 36.6059417725, 28.3848934174, 40.243309021, 22.8883876801, 17.4909210205, 24.8190517426, 18.8748874664, 26.6842765808, 21.9642219543, 20.6670722961, 19.1961364746, 21.7159938812, 16.5238380432, 14.2630691528, 8.54650402069, 8.92649078369, 8.87543392181, 5.4630150795, 6.585293293, 6.54507064819, 4.40212154388, 1.8273088932, 1.2763645649, 0.722533404827, 0.277886867523, 0.054911095649, 0.00297909136862, 0.000216589032789, 0.000348275963916],
        "median": [11.9773445129, 8.72911548615, 2.23877429962, 1.14437055588, 2.3731007576, 4.06104803085, 1.99196398258, 2.59491419792, 7.39791917801, 9.07661056519, 12.6203231812, 8.12841415405, 8.90081977844, 7.32579851151, 4.95686817169, 4.6048579216, 6.69134902954, 6.28220558167, 7.64606332779, 5.32077026367, 5.34625577927, 4.93803405762, 5.09831905365, 5.03221559525, 3.25737214088, 1.37037670612, 1.01848435402, 0.827078819275, 0.831711351871, 1.99120664597, 1.86514353752, 0.860188782215, 0.250964909792, 0.147766843438, 0.111975692213, 0.0503353327513, 0.00952642224729, 0.000514257058967, 0.000173143751454, 0.000329566770233],
        "min": [3.11445999146, 1.42487931252, 0.397123843431, 0.0918077528477, 0.0383058525622, 0.0246348883957, 0.0108744008467, 0.0355223789811, 0.14981842041, 0.173485577106, 0.205857038498, 0.183442890644, 0.0711265429854, 0.0417823307216, 0.0439563430846, 0.0591217540205, 0.0729921907187, 0.0530211254954, 0.0360354967415, 0.0394129008055, 0.0289636533707, 0.0277299657464, 0.0409787520766, 0.0407080985606, 0.0126427551731, 0.00461696879938, 0.00307893543504, 0.00111176073551, 0.00117883167695, 0.00127369421534, 0.000866129179485, 0.000542334048077, 0.000328369176714, 0.000113455942483, 8.6197615019e-05, 5.24662100361e-05, 2.98640352412e-05, 2.33131481764e-06, 4.50337392977e-05, 0.00010952084267],
        "var": [37.9756278992, 296.911956787, 334.428955078, 236.500823975, 199.202346802, 464.775024414, 189.193313599, 455.940490723, 2495.46044922, 10281.6933594, 6283.60351562, 6162.12939453, 4010.39404297, 14934.4033203, 2795.8449707, 1344.71252441, 2891.24365234, 1082.0267334, 2636.80883789, 1750.08605957, 1666.32275391, 1280.81066895, 1532.4263916, 813.842834473, 864.384277344, 602.163818359, 803.113342285, 732.451782227, 265.162567139, 231.227523804, 307.987670898, 183.762969971, 31.8079433441, 19.4795360565, 4.35210418701, 0.573339760303, 0.0260657593608, 8.02578069852e-05, 5.11305735529e-08, 1.88702902193e-08]
    },
    "gfcc": {
        "mean": [4.52517271042, 110.629455566, -85.2620925903, 39.7201423645, -33.1913833618, 30.9039802551, -18.3695812225, 25.2504196167, 6.28320884705, 7.49396467209, 2.01516437531, 5.24268960953, -5.00837278366],
        "cov": [[3183.46508789, -1573.02880859, -617.157836914, 531.054504395, -529.337646484, 157.651733398, -254.850448608, 286.226501465, -352.7890625, 292.460174561, -294.427246094, 189.98034668, -97.6457824707], [-1573.02880859, 1707.94287109, 68.6089630127, -571.530334473, 347.521759033, -332.263458252, 174.113876343, -263.279510498, 238.878753662, -301.585418701, 278.082855225, -150.375259399, -22.7010059357], [-617.157836914, 68.6089630127, 766.301269531, 90.8396530151, -6.96085119247, 35.723941803, -137.537261963, -97.4108734131, 25.5150089264, 1.39167642593, 4.96709156036, -35.4902763367, -9.27968788147], [531.054504395, -571.530334473, 90.8396530151, 530.628112793, -133.004730225, -17.5847625732, -81.3710174561, 6.86147928238, -71.5737609863, 70.2378768921, -63.1916656494, 3.91057920456, 48.0256881714], [-529.337646484, 347.521759033, -6.96085119247, -133.004730225, 380.763214111, -79.1939849854, 34.0820503235, -10.0532503128, 57.3899612427, -54.4320030212, -26.6467494965, -43.0722122192, 5.22126102448], [157.651733398, -332.263458252, 35.723941803, -17.5847625732, -79.1939849854, 332.554626465, 24.2715320587, -18.1111125946, -52.1428451538, 11.7715187073, -59.0654144287, 18.4492149353, 14.1866016388], [-254.850448608, 174.113876343, -137.537261963, -81.3710174561, 34.0820503235, 24.2715320587, 285.895568848, -26.3105564117, -34.9961776733, -31.375087738, 44.0509681702, -22.0663146973, -1.84224808216], [286.226501465, -263.279510498, -97.4108734131, 6.86147928238, -10.0532503128, -18.1111125946, -26.3105564117, 212.486618042, -9.91464328766, 28.2761249542, -61.9657859802, 35.1177406311, -0.470986098051], [-352.7890625, 238.878753662, 25.5150089264, -71.5737609863, 57.3899612427, -52.1428451538, -34.9961776733, -9.91464328766, 197.517578125, -41.3587684631, 31.7689170837, -38.521156311, 0.20735669136], [292.460174561, -301.585418701, 1.39167642593, 70.2378768921, -54.4320030212, 11.7715187073, -31.375087738, 28.2761249542, -41.3587684631, 182.844772339, -37.0652046204, 1.33108365536, -39.7664108276], [-294.427246094, 278.082855225, 4.96709156036, -63.1916656494, -26.6467494965, -59.0654144287, 44.0509681702, -61.9657859802, 31.7689170837, -37.0652046204, 186.508605957, -29.4708156586, -28.5297050476], [189.98034668, -150.375259399, -35.4902763367, 3.91057920456, -43.0722122192, 18.4492149353, -22.0663146973, 35.1177406311, -38.521156311, 1.33108365536, -29.4708156586, 98.8984985352, 9.33036804199], [-97.6457824707, -22.7010059357, -9.27968788147, 48.0256881714, 5.22126102448, 14.1866016388, -1.84224808216, -0.470986098051, 0.20735669136, -39.7664108276, -28.5297050476, 9.33036804199, 148.76902771]],
        "icov": [[0.00212426204234, -0.00195105490275, 0.00238411291502, -0.00294400868006, 0.00223269010894, -0.0022088305559, 0.00267101428472, -0.00239299214445, 0.00270389043726, -0.00220326241106, 0.00260345893912, -0.00160923902877, 0.00236092368141], [-0.00195105490275, 0.0164798088372, -0.00413494138047, 0.0153935784474, -0.00424507912248, 0.0158735457808, -0.0060633639805, 0.0150893358514, -0.00578978704289, 0.015452740714, -0.00610975315794, 0.0112027162686, -0.00312085729092], [0.00238411291502, -0.00413494138047, 0.00455304933712, -0.00522289378569, 0.00269353017211, -0.00460374029353, 0.00435131276026, -0.00368189695291, 0.00345526635647, -0.00411654915661, 0.00335429725237, -0.00259785470553, 0.00299164606258], [-0.00294400868006, 0.0153935784474, -0.00522289378569, 0.0176976826042, -0.0039843050763, 0.0157309193164, -0.00638191122562, 0.0146731473505, -0.00572877749801, 0.0141075132415, -0.0058496282436, 0.0114980256185, -0.00507913436741], [0.00223269010894, -0.00424507912248, 0.00269353017211, -0.0039843050763, 0.00641219364479, -0.00320891523734, 0.00295369513333, -0.00412392895669, 0.00306316674687, -0.0034966499079, 0.00518874032423, -0.00155712547712, 0.00253016175702], [-0.0022088305559, 0.0158735457808, -0.00460374029353, 0.0157309193164, -0.00320891523734, 0.0192218776792, -0.00671452004462, 0.0153497830033, -0.00526996282861, 0.0150501839817, -0.00432064617053, 0.0109728584066, -0.00363441812806], [0.00267101428472, -0.0060633639805, 0.00435131276026, -0.00638191122562, 0.00295369513333, -0.00671452004462, 0.00891322176903, -0.00580877624452, 0.00562945986167, -0.00549755897373, 0.00318601983599, -0.00302356644534, 0.00311142555438], [-0.00239299214445, 0.0150893358514, -0.00368189695291, 0.0146731473505, -0.00412392895669, 0.0153497830033, -0.00580877624452, 0.0200126226991, -0.00617810525, 0.0137830693275, -0.00418854504824, 0.0090425144881, -0.00323969125748], [0.00270389043726, -0.00578978704289, 0.00345526635647, -0.00572877749801, 0.00306316674687, -0.00526996282861, 0.00562945986167, -0.00617810525, 0.010887012817, -0.00467069633305, 0.00366170308553, -0.00164713454433, 0.00294317607768], [-0.00220326241106, 0.015452740714, -0.00411654915661, 0.0141075132415, -0.0034966499079, 0.0150501839817, -0.00549755897373, 0.0137830693275, -0.00467069633305, 0.021685693413, -0.00467200158164, 0.0118397092447, -0.00107138615567], [0.00260345893912, -0.00610975315794, 0.00335429725237, -0.0058496282436, 0.00518874032423, -0.00432064617053, 0.00318601983599, -0.00418854504824, 0.00366170308553, -0.00467200158164, 0.0124193318188, -0.00282048131339, 0.00443483935669], [-0.00160923902877, 0.0112027162686, -0.00259785470553, 0.0114980256185, -0.00155712547712, 0.0109728584066, -0.00302356644534, 0.0090425144881, -0.00164713454433, 0.0118397092447, -0.00282048131339, 0.0208714548498, -0.00290396879427], [0.00236092368141, -0.00312085729092, 0.00299164606258, -0.00507913436741, 0.00253016175702, -0.00363441812806, 0.00311142555438, -0.00323969125748, 0.00294317607768, -0.00107138615567, 0.00443483935669, -0.00290396879427, 0.0106496494263]]
    },
    "melbands": {
        "dmean": [0.00905241444707, 0.00366036989726, 0.000917248427868, 0.00056736782426, 0.000203559786314, 0.000155077505042, 0.000430035142926, 0.000467764184577, 0.000242992595304, 0.000190676131751, 9.64280989137e-05, 0.000115693939733, 6.88236032147e-05, 4.93319312227e-05, 3.98427328037e-05, 4.42153359472e-05, 3.08302114718e-05, 3.99782511522e-05, 3.61646125384e-05, 2.35721381614e-05, 2.20913170779e-05, 1.52726934175e-05, 1.69951163116e-05, 1.74401357071e-05, 1.10712935566e-05, 9.61847581493e-06, 8.14420582174e-06, 5.79766128794e-06, 5.91382558923e-06, 6.38754136162e-06, 5.03369528815e-06, 3.28411692863e-06, 2.88623641609e-06, 3.61351499123e-06, 3.18313254866e-06, 3.1006086374e-06, 2.13696876017e-06, 1.18988634767e-06, 9.95231744128e-07, 1.0316045973e-06],
        "dmean2": [0.0127380825579, 0.00593372294679, 0.00168191676494, 0.000930736714508, 0.000318322097883, 0.000254300044617, 0.000681729114149, 0.00074169394793, 0.000387919921195, 0.000307459005853, 0.000150183695951, 0.000167009682627, 0.000108732805529, 7.76442175265e-05, 6.28398993285e-05, 7.23904377082e-05, 5.03524679516e-05, 6.5813655965e-05, 5.96696554567e-05, 3.75619820261e-05, 3.51120543201e-05, 2.38398588408e-05, 2.71052267635e-05, 2.75090951618e-05, 1.73803255166e-05, 1.49187362695e-05, 1.32974673761e-05, 9.08992842596e-06, 9.67977393884e-06, 9.6625117294e-06, 7.98594828666e-06, 5.14053272127e-06, 4.49884873888e-06, 5.65704704059e-06, 4.81205006508e-06, 4.82884115627e-06, 3.18565162161e-06, 1.83730992376e-06, 1.58418708907e-06, 1.6337028228e-06],
        "dvar": [0.000373436661903, 0.000126335959067, 1.09725897346e-05, 1.52505356255e-06, 1.68221404806e-07, 1.04313116367e-07, 5.13134864377e-07, 1.07576784103e-06, 3.40516891129e-07, 2.09028414133e-07, 6.63612240714e-08, 1.1837711611e-07, 3.41621237965e-08, 1.19497061135e-08, 9.83700143564e-09, 1.14603020407e-08, 3.96144450576e-09, 7.11254966035e-09, 6.20117646122e-09, 2.60337729152e-09, 2.87167178925e-09, 9.5951691037e-10, 1.09330566822e-09, 1.00202834918e-09, 4.2287962021e-10, 3.60208779471e-10, 3.45348222242e-10, 3.01810437753e-10, 3.35940830709e-10, 3.20181769986e-10, 2.09132086648e-10, 9.33395583047e-11, 5.40848789365e-11, 6.95080659696e-11, 5.98881083613e-11, 7.68522467887e-11, 3.27172768044e-11, 1.06005534212e-11, 9.55990148155e-12, 1.00881213105e-11],
        "dvar2": [0.000799069937784, 0.000326207780745, 3.1374162063e-05, 4.17496812588e-06, 3.96111374812e-07, 2.45962269219e-07, 1.21977666367e-06, 2.57429633166e-06, 8.17531145003e-07, 4.98827944284e-07, 1.44279454162e-07, 2.23212722972e-07, 7.87445841866e-08, 2.92435355931e-08, 2.40597071155e-08, 3.08010008609e-08, 9.98738780567e-09, 1.78105317161e-08, 1.54126027496e-08, 5.876642728e-09, 7.50047579601e-09, 2.08568051718e-09, 2.48403231318e-09, 2.21706963899e-09, 9.49382461535e-10, 7.58416496272e-10, 8.47639014534e-10, 7.12868097885e-10, 8.56198389965e-10, 6.84386325389e-10, 4.65549848672e-10, 2.16767132022e-10, 1.33715177819e-10, 1.65576330424e-10, 1.26809465706e-10, 1.66396479928e-10, 6.34028593516e-11, 2.24447908176e-11, 2.10409970697e-11, 2.0997759087e-11],
        "max": [0.295157760382, 0.0899709612131, 0.039239525795, 0.0204796753824, 0.00614036154002, 0.00616463413462, 0.00587105751038, 0.0122709004208, 0.006972997915, 0.008460810408, 0.0040370831266, 0.00560276163742, 0.00426991423592, 0.0015415729722, 0.00157585577108, 0.00147378642578, 0.000889242393896, 0.00104534463026, 0.000969754124526, 0.000712858629413, 0.000804329290986, 0.00068244477734, 0.000403224170441, 0.000370649911929, 0.000269042939181, 0.000177236637683, 0.000155490473844, 0.0002029689349, 0.00020342906646, 0.000241331814323, 0.000125145248603, 0.000102686652099, 0.000106056824734, 0.000109929373139, 0.000113706599222, 0.0001568410662, 9.95836162474e-05, 4.81589959236e-05, 3.92965048377e-05, 5.1790397265e-05],
        "mean": [0.0855004414916, 0.00683661364019, 0.000811235804576, 0.000703489116859, 0.000274264079053, 0.000192860185052, 0.00050826621009, 0.000530776567757, 0.000279581232462, 0.000224527888349, 0.000132515007863, 0.000160516996402, 8.05724412203e-05, 5.2804225561e-05, 4.46721314802e-05, 5.16613399668e-05, 3.3561977034e-05, 4.25544749305e-05, 3.71573150915e-05, 2.50113571383e-05, 2.47095485975e-05, 2.10217058338e-05, 1.87944278878e-05, 1.93242540263e-05, 1.26188188005e-05, 1.07546375148e-05, 8.31462966744e-06, 5.05009347762e-06, 4.99493671668e-06, 6.21023309577e-06, 4.81869210489e-06, 3.05081721308e-06, 2.95268978334e-06, 3.89224032915e-06, 3.74368005396e-06, 3.44190129908e-06, 2.44881357503e-06, 1.30799912768e-06, 1.06633308405e-06, 1.05109745618e-06],
        "median": [0.0783622562885, 0.00313557777554, 0.000244962400757, 0.00030045141466, 9.60114484769e-05, 4.64092627226e-05, 0.000109490400064, 8.69490395417e-05, 9.17423676583e-05, 3.82442522096e-05, 3.21985498886e-05, 2.62249595835e-05, 1.5726654965e-05, 1.0739913705e-05, 1.20091945064e-05, 1.28595665956e-05, 1.00400729934e-05, 1.13500136649e-05, 7.79356014391e-06, 5.91592197452e-06, 5.92437618252e-06, 5.04180752614e-06, 3.10602217723e-06, 4.43339740741e-06, 3.07278924083e-06, 2.12791610466e-06, 1.427193979e-06, 4.90442459977e-07, 4.87304703256e-07, 5.02094565036e-07, 3.54852687678e-07, 3.13749751513e-07, 6.97952771134e-07, 1.16686453566e-06, 1.06067670913e-06, 7.00217356098e-07, 4.08835973076e-07, 1.63621677984e-07, 9.37900779263e-08, 1.03995610345e-07],
        "min": [0.0238167047501, 0.00044981460087, 1.46844840856e-05, 2.04096068046e-06, 5.74943385345e-07, 6.84752706093e-07, 2.48047604146e-06, 4.4193942017e-07, 4.8830003152e-07, 8.39880783587e-07, 1.00570041184e-07, 1.37209738682e-07, 7.63180167951e-08, 9.04226311604e-08, 3.29726617565e-07, 6.70269599823e-08, 7.91272896095e-08, 5.38726041555e-08, 4.37440270673e-08, 3.03523570722e-08, 3.73096256112e-08, 2.84398939954e-08, 1.61333630899e-08, 2.55686227746e-08, 2.90849637707e-08, 6.44730535626e-09, 5.44924549928e-09, 5.80729853095e-10, 9.92885440532e-10, 5.94920057662e-10, 6.67885677319e-11, 1.53098939776e-11, 7.86518461471e-10, 6.38636865613e-10, 4.02672561961e-10, 3.87935072954e-10, 2.02948810535e-10, 2.74872971606e-11, 4.18538571856e-11, 4.03920369374e-11],
