{
"highlevel": {
    "danceability": {
        "all": {
            "danceable": 0.999870181084,
            "not_danceable": 0.000129808744532
        },
        "probability": 0.999870181084,
        "value": "danceable"
    },
    "gender": {
        "all": {
            "female": 0.714764237404,
            "male": 0.285235762596
        },
        "probability": 0.714764237404,
        "value": "female"
    },
    "genre_dortmund": {
        "all": {
            "alternative": 0.0910748317838,
            "blues": 0.0107386484742,
            "electronic": 0.109931156039,
            "folkcountry": 0.0287189725786,
            "funksoulrnb": 0.0464083552361,
            "jazz": 0.047892447561,
            "pop": 0.0974241569638,
            "raphiphop": 0.311284899712,
            "rock": 0.256526499987
        },
        "probability": 0.311284899712,
        "value": "raphiphop"
    },
    "genre_electronic": {
        "all": {
            "ambient": 0.0648122057319,
            "dnb": 0.0480569116771,
            "house": 0.214250147343,
            "techno": 0.00990123674273,
            "trance": 0.662979483604
        },
        "probability": 0.662979483604,
        "value": "trance"
    },
    "genre_rosamerica": {
        "all": {
            "cla": 0.00041373167187,
            "dan": 0.901908278465,
            "hip": 0.0202172193676,
            "jaz": 0.000367495958926,
            "pop": 0.0388310216367,
            "rhy": 0.0271693933755,
            "roc": 0.0108314994723,
            "spe": 0.000261361070443
        },
        "probability": 0.901908278465,
        "value": "dan"
    },
    "genre_tzanetakis": {
        "all": {
            "blu": 0.0626541376114,
            "cla": 0.0348133966327,
            "cou": 0.0783501937985,
            "dis": 0.104547761381,
            "hip": 0.15693578124,
            "jaz": 0.313987255096,
            "met": 0.044816005975,
            "pop": 0.0627349764109,
            "reg": 0.0627352520823,
            "roc": 0.0784252434969
        },
        "probability": 0.313987255096,
        "value": "jaz"
    },
    "ismir04_rhythm": {
        "all": {
            "ChaChaCha": 0.00526383845136,
            "Jive": 0.0142759103328,
            "Quickstep": 0.00452181138098,
            "Rumba-American": 0.00251525361091,
            "Rumba-International": 0.0438803955913,
            "Rumba-Misc": 0.00391057599336,
            "Samba": 0.91198772192,
            "Tango": 0.0010075053433,
            "VienneseWaltz": 0.010399280116,
            "Waltz": 0.00223767687567
        },
        "probability": 0.91198772192,
        "value": "Samba"
    },
    "mood_acoustic": {
        "all": {
            "acoustic": 0.00583067676052,
            "not_acoustic": 0.994169294834
        },
        "probability": 0.994169294834,
        "value": "not_acoustic"
    },
    "mood_aggressive": {
        "all": {
            "aggressive": 0.700901091099,
            "not_aggressive": 0.299098908901
        },
        "probability": 0.700901091099,
        "value": "aggressive"
    },
    "mood_electronic": {
        "all": {
            "electronic": 0.826691150665,
            "not_electronic": 0.173308864236
        },
        "probability": 0.826691150665,
        "value": "electronic"
    },
    "mood_happy": {
        "all": {
            "happy": 0.376705259085,
            "not_happy": 0.623294711113
        },
        "probability": 0.623294711113,
        "value": "not_happy"
    },
    "mood_party": {
        "all": {
            "not_party": 0.435090601444,
            "party": 0.564909398556
        },
        "probability": 0.564909398556,
        "value": "party"
    },
    "mood_relaxed": {
        "all": {
            "not_relaxed": 0.889700293541,
            "relaxed": 0.110299691558
        },
        "probability": 0.889700293541,
        "value": "not_relaxed"
    },
    "mood_sad": {
        "all": {
            "not_sad": 0.884891808033,
            "sad": 0.115108162165
        },
        "probability": 0.884891808033,
        "value": "not_sad"
    },
    "moods_mirex": {
        "all": {
            "Cluster1": 0.378116846085,
            "Cluster2": 0.11495514214,
            "Cluster3": 0.134807094932,
            "Cluster4": 0.110523998737,
            "Cluster5": 0.261596918106
        },
        "probability": 0.378116846085,
        "value": "Cluster1"
    },
    "timbre": {
        "all": {
            "bright": 0.969074130058,
            "dark": 0.0309258643538
        },
        "probability": 0.969074130058,
        "value": "bright"
    },
    "tonal_atonal": {
        "all": {
            "atonal": 0.282772958279,
            "tonal": 0.717227041721
        },
        "probability": 0.717227041721,
        "value": "tonal"
    },
    "voice_instrumental": {
        "all": {
            "instrumental": 0.00291461218148,
            "voice": 0.997085392475
        },
        "probability": 0.997085392475,
        "value": "voice"
    }
},
"lowlevel": {
    "average_loudness": 0.945883214474,
    "barkbands_crest": {
        "dmean": 2.82763075829,
        "dmean2": 3.89167118073,
        "dvar": 8.07344722748,
        "dvar2": 14.1905603409,
        "max": 26.6114788055,
        "mean": 11.9999485016,
        "median": 9.59746360779,
        "min": 2.7726817131,
        "var": 47.9260749817
    },
    "barkbands_flatness_db": {
        "dmean": 0.0252895560116,
        "dmean2": 0.0353884622455,
        "dvar": 0.000909942784347,
        "dvar2": 0.0015720782103,
        "max": 0.431325495243,
        "mean": 0.157609477639,
        "median": 0.12847957015,
        "min": 0.0625712946057,
        "var": 0.00567379780114
    },
    "barkbands_kurtosis": {
        "dmean": 9.86934661865,
        "dmean2": 13.89448452,
        "dvar": 1128.61914062,
        "dvar2": 2184.05004883,
        "max": 710.289916992,
        "mean": 15.3531637192,
        "median": 1.37770366669,
        "min": -1.85888516903,
        "var": 2433.37207031
    },
    "barkbands_skewness": {
        "dmean": 0.849536240101,
        "dmean2": 1.11194813251,
        "dvar": 1.66306209564,
        "dvar2": 2.64881563187,
        "max": 23.853761673,
        "mean": 2.21699690819,
        "median": 1.18956005573,
        "min": -1.40220463276,
        "var": 7.68396472931
    },
    "barkbands_spread": {
        "dmean": 6.60167646408,
        "dmean2": 9.34257030487,
        "dvar": 56.1249504089,
        "dvar2": 100.104171753,
        "max": 89.5610961914,
        "mean": 26.6454868317,
        "median": 22.8212566376,
        "min": 0.36962801218,
        "var": 334.014526367
    },
    "dissonance": {
        "dmean": 0.0198202580214,
        "dmean2": 0.0331935957074,
        "dvar": 0.000399885175284,
        "dvar2": 0.00101391191129,
        "max": 0.499705135822,
        "mean": 0.464851856232,
        "median": 0.472431480885,
        "min": 0.304094076157,
        "var": 0.000754342065193
    },
    "dynamic_complexity": 1.17842805386,
    "erbbands_crest": {
        "dmean": 2.92980837822,
        "dmean2": 4.63562059402,
        "dvar": 7.40528392792,
        "dvar2": 16.9623813629,
        "max": 29.0921993256,
        "mean": 9.54980278015,
        "median": 8.36497211456,
        "min": 2.57937121391,
        "var": 22.5690364838
    },
    "erbbands_flatness_db": {
        "dmean": 0.0163378398865,
        "dmean2": 0.0240614227951,
        "dvar": 0.000188623933354,
        "dvar2": 0.00037822444574,
        "max": 0.257622867823,
        "mean": 0.134578540921,
        "median": 0.131889432669,
        "min": 0.0614689439535,
        "var": 0.000832323043142
    },
    "erbbands_kurtosis": {
        "dmean": 1.12584924698,
        "dmean2": 1.69078826904,
        "dvar": 2.91541576385,
        "dvar2": 6.35817432404,
        "max": 26.8518218994,
        "mean": 0.951819241047,
        "median": 0.220293998718,
        "min": -1.84393358231,
        "var": 7.24243736267
    },
    "erbbands_skewness": {
        "dmean": 0.356361478567,
        "dmean2": 0.532920718193,
        "dvar": 0.115905717015,
        "dvar2": 0.260837256908,
        "max": 4.20700407028,
        "mean": 0.224281445146,
        "median": 0.219809368253,
        "min": -2.41664934158,
        "var": 0.578764617443
    },
    "erbbands_spread": {
        "dmean": 10.2778015137,
        "dmean2": 14.716468811,
        "dvar": 117.199676514,
        "dvar2": 229.109054565,
        "max": 163.001342773,
        "mean": 44.3701019287,
        "median": 41.2869987488,
        "min": 4.6354598999,
        "var": 475.942230225
    },
    "hfc": {
        "dmean": 8.70696640015,
        "dmean2": 12.4819803238,
        "dvar": 91.9742279053,
        "dvar2": 194.882751465,
        "max": 102.653030396,
        "mean": 33.3569068909,
        "median": 31.249162674,
        "min": 2.77218103409,
        "var": 318.008026123
    },
    "melbands_crest": {
        "dmean": 3.58741545677,
        "dmean2": 5.12159776688,
        "dvar": 13.3848257065,
        "dvar2": 24.0892696381,
        "max": 36.5633277893,
        "mean": 17.0269832611,
        "median": 13.5044326782,
        "min": 4.59410333633,
        "var": 87.7543487549
    },
    "melbands_flatness_db": {
        "dmean": 0.0320413969457,
        "dmean2": 0.0431162081659,
        "dvar": 0.00149017083459,
        "dvar2": 0.00239662150852,
        "max": 0.551766037941,
        "mean": 0.199073761702,
        "median": 0.167405411601,
        "min": 0.0448208078742,
        "var": 0.011748614721
    },
    "melbands_kurtosis": {
        "dmean": 19.0145778656,
        "dmean2": 26.6611881256,
        "dvar": 1629.93151855,
        "dvar2": 3238.56347656,
        "max": 663.835144043,
        "mean": 34.1562538147,
        "median": 6.46415042877,
        "min": -1.31044375896,
        "var": 4487.08300781
    },
    "melbands_skewness": {
        "dmean": 1.14423954487,
        "dmean2": 1.52071988583,
        "dvar": 2.28355693817,
        "dvar2": 3.77356910706,
        "max": 19.8887405396,
        "mean": 3.66369462013,
        "median": 2.25648140907,
        "min": -0.971837997437,
        "var": 11.0630054474
    },
    "melbands_spread": {
        "dmean": 9.01443099976,
        "dmean2": 13.0346384048,
        "dvar": 169.029129028,
        "dvar2": 344.330108643,
        "max": 194.187744141,
        "mean": 29.7785587311,
        "median": 23.426410675,
        "min": 0.30063021183,
        "var": 666.749328613
    },
    "pitch_salience": {
        "dmean": 0.0807300880551,
        "dmean2": 0.12193647027,
        "dvar": 0.00792417116463,
        "dvar2": 0.0164905432612,
        "max": 0.78679049015,
        "mean": 0.447767078876,
        "median": 0.492761880159,
        "min": 0.0328441038728,
        "var": 0.032447732985
    },
    "silence_rate_20dB": {
        "dmean": 0,
        "dmean2": 0,
        "dvar": 0,
        "dvar2": 0,
        "max": 1,
        "mean": 1,
        "median": 1,
        "min": 1,
        "var": 0
    },
    "silence_rate_30dB": {
        "dmean": 0.0820433422923,
        "dmean2": 0.163439199328,
        "dvar": 0.075312294066,
        "dvar2": 0.142923682928,
        "max": 1,
        "mean": 0.781902551651,
        "median": 1,
        "min": 0,
        "var": 0.170530378819
    },
    "silence_rate_60dB": {
        "dmean": 0.00154798757285,
        "dmean2": 0.00309837330133,
        "dvar": 0.00154558720533,
        "dvar2": 0.00463793892413,
        "max": 1,
        "mean": 0.00077339517884,
        "median": 0,
        "min": 0,
        "var": 0.000772796396632
    },
    "spectral_centroid": {
        "dmean": 291.75491333,
        "dmean2": 430.939666748,
        "dvar": 107498.914062,
        "dvar2": 216297.671875,
        "max": 4178.06835938,
        "mean": 1564.3972168,
        "median": 1542.49609375,
        "min": 126.865875244,
        "var": 558374.4375
    },
    "spectral_complexity": {
        "dmean": 4.01315784454,
        "dmean2": 6.21146392822,
        "dvar": 16.4681110382,
        "dvar2": 36.0568580627,
        "max": 44,
        "mean": 20.5174007416,
        "median": 20,
        "min": 3,
        "var": 60.1785774231
    },
    "spectral_decrease": {
        "dmean": 4.83499862369e-09,
        "dmean2": 7.16757897479e-09,
        "dvar": 5.60656269395e-17,
        "dvar2": 1.23147737921e-16,
        "max": -5.74562342148e-10,
        "mean": -1.53458667995e-08,
        "median": -8.85794637639e-09,
        "min": -6.96631872188e-08,
        "var": 1.79930391485e-16
    },
    "spectral_energy": {
        "dmean": 0.018587000668,
        "dmean2": 0.0275686271489,
        "dvar": 0.0007995821652,
        "dvar2": 0.00176191178616,
        "max": 0.264525949955,
        "mean": 0.060944404453,
        "median": 0.0374226458371,
        "min": 0.00250941910781,
        "var": 0.00253313733265
    },
    "spectral_energyband_high": {
        "dmean": 0.000711059954483,
        "dmean2": 0.00103326130193,
        "dvar": 1.18836715046e-06,
        "dvar2": 2.44217562795e-06,
        "max": 0.0113102700561,
        "mean": 0.00201700301841,
        "median": 0.00130896619521,
        "min": 6.43469866191e-06,
        "var": 4.38152028437e-06
    },
    "spectral_energyband_low": {
        "dmean": 0.0168459489942,
        "dmean2": 0.0252403300256,
        "dvar": 0.00101106532384,
        "dvar2": 0.00226853741333,
        "max": 0.262158095837,
        "mean": 0.0408972017467,
        "median": 0.00904627330601,
        "min": 7.05490128894e-06,
        "var": 0.00289115938358
    },
    "spectral_energyband_middle_high": {
        "dmean": 0.00288738822564,
        "dmean2": 0.00421227328479,
        "dvar": 1.72800537257e-05,
        "dvar2": 3.05376815959e-05,
        "max": 0.0630425065756,
        "mean": 0.00760934315622,
        "median": 0.00517041375861,
        "min": 0.00011503296264,
        "var": 6.79111108184e-05
    },
    "spectral_energyband_middle_low": {
        "dmean": 0.00594250904396,
        "dmean2": 0.00988025031984,
        "dvar": 0.000113624133519,
        "dvar2": 0.000304672546918,
        "max": 0.0878541395068,
        "mean": 0.0121518997476,
        "median": 0.0085593899712,
        "min": 0.000485190917971,
        "var": 0.000140932330396
    },
    "spectral_entropy": {
        "dmean": 0.161538094282,
        "dmean2": 0.246375694871,
        "dvar": 0.0320059731603,
        "dvar2": 0.0801070854068,
        "max": 8.58474063873,
        "mean": 7.76186656952,
        "median": 7.82060670853,
        "min": 5.66672706604,
        "var": 0.133801236749
    },
    "spectral_flux": {
        "dmean": 0.0409686081111,
        "dmean2": 0.0600441582501,
        "dvar": 0.00329645606689,
        "dvar2": 0.00476507190615,
        "max": 0.448727786541,
        "mean": 0.117446392775,
        "median": 0.0922241508961,
        "min": 0.0303091593087,
        "var": 0.0061790458858
    },
    "spectral_kurtosis": {
        "dmean": 0.802862465382,
        "dmean2": 1.30638003349,
        "dvar": 0.839422106743,
        "dvar2": 2.26723814011,
        "max": 20.4954280853,
        "mean": 2.68419933319,
        "median": 2.10329151154,
        "min": -1.01638734341,
        "var": 4.77493047714
    },
    "spectral_rms": {
        "dmean": 0.00111043511424,
        "dmean2": 0.00158217817079,
        "dvar": 2.01892817131e-06,
        "dvar2": 3.85466819353e-06,
        "max": 0.0160646848381,
        "mean": 0.00708927633241,
        "median": 0.00604234216735,
        "min": 0.00156467687339,
        "var": 9.20021830098e-06
    },
    "spectral_rolloff": {
        "dmean": 630.948181152,
        "dmean2": 975.966125488,
        "dvar": 1137783.625,
        "dvar2": 2158617.5,
        "max": 9625.34179688,
        "mean": 1882.39794922,
        "median": 1012.06054688,
        "min": 64.599609375,
        "var": 4136457
    },
    "spectral_skewness": {
        "dmean": 0.162473142147,
        "dmean2": 0.251022458076,
        "dvar": 0.0235064420849,
        "dvar2": 0.0510683245957,
        "max": 3.31987810135,
        "mean": 1.34502375126,
        "median": 1.27768301964,
        "min": 0.175483316183,
        "var": 0.247557714581
    },
    "spectral_spread": {
        "dmean": 623439.9375,
        "dmean2": 866099.0625,
        "dvar": 369782292480,
        "dvar2": 601094356992,
        "max": 19625942,
        "mean": 5688470.5,
        "median": 5523558.5,
        "min": 2614408,
        "var": 1.66788333568e+12
    },
    "spectral_strongpeak": {
        "dmean": 0.747444033623,
        "dmean2": 1.26115202904,
        "dvar": 1.61268866062,
        "dvar2": 3.69108510017,
        "max": 11.0249271393,
        "mean": 1.30766558647,
        "median": 0.73754632473,
        "min": 0,
        "var": 2.73069167137
    },
    "zerocrossingrate": {
        "dmean": 0.0139745939523,
        "dmean2": 0.0147709809244,
        "dvar": 0.000230881181778,
        "dvar2": 0.000230966077652,
        "max": 0.287109375,
        "mean": 0.0738845467567,
        "median": 0.0693359375,
        "min": 0.0009765625,
        "var": 0.0025606835261
    },
    "barkbands": {
        "dmean": [0.000909283175133, 0.012863272801, 0.00706467078999, 0.00260567711666, 0.00211800937541, 0.00107796269003, 0.0007844788488, 0.000322494714055, 0.00147552741691, 0.000792917620856, 0.00104442215525, 0.000391472189222, 0.000325388915371, 0.000563715584576, 0.000397606636398, 0.000408337917179, 0.000287094182568, 0.000214742452954, 0.000143933793879, 0.000225878146011, 0.00014194555115, 0.000191656828974, 0.000182008720003, 0.000186120159924, 0.000132660250529, 3.87210784538e-05, 1.28956694212e-08],
        "dmean2": [0.000795293948613, 0.0179889053106, 0.0130713582039, 0.00465058116242, 0.00363178527914, 0.00175481999759, 0.00128647009842, 0.000521731504705, 0.00202438328415, 0.00118746177759, 0.0014208125649, 0.000620341743343, 0.000528635806404, 0.000937013945077, 0.000623950210866, 0.000612492440268, 0.000462186289951, 0.000350371003151, 0.000231950660236, 0.000363505067071, 0.000227525219088, 0.000297224207316, 0.000272653676802, 0.000282250781311, 0.000196332504856, 5.95681012783e-05, 2.10834034675e-08],
        "dvar": [2.88840215035e-06, 0.000615344790276, 0.000455480854725, 3.84296836273e-05, 2.72171619145e-05, 2.99631051348e-06, 1.67231257819e-06, 2.99831526718e-07, 8.77211277839e-06, 3.3898336369e-06, 1.00786082839e-05, 6.42208021873e-07, 5.26038377302e-07, 1.67395523931e-06, 8.08500374205e-07, 5.45174316358e-07, 2.66903839474e-07, 1.16933470906e-07, 4.75781227749e-08, 1.99305119963e-07, 5.9629478244e-08, 1.07096916224e-07, 1.03772677562e-07, 9.51131085003e-08, 3.32775798029e-08, 3.1093241315e-09, 1.87306360743e-14],
        "dvar2": [2.19639650823e-06, 0.00124738703016, 0.00128555262927, 0.000110510256491, 7.45436627767e-05, 7.72166640672e-06, 4.47768388767e-06, 7.36990898531e-07, 1.35451755341e-05, 5.88637112742e-06, 1.45873173096e-05, 1.28189083171e-06, 1.29011073113e-06, 4.63568130726e-06, 1.70842292846e-06, 1.1295794593e-06, 6.54605287309e-07, 2.69680356269e-07, 1.19117018471e-07, 4.81827896692e-07, 1.51424586647e-07, 2.53302260944e-07, 2.21384468091e-07, 2.15574871731e-07, 7.19999775356e-08, 7.61252039183e-09, 2.78538856476e-14],
        "max": [0.0271682552993, 0.256627708673, 0.166491746902, 0.0558592751622, 0.0699576810002, 0.0196051597595, 0.0188578404486, 0.00545314606279, 0.052477888763, 0.0437846370041, 0.0556126572192, 0.0118792103603, 0.0108949104324, 0.0198193062097, 0.0157142654061, 0.0105014313012, 0.00917913299054, 0.00423777569085, 0.0026839140337, 0.00845187157393, 0.00305047165602, 0.0045869150199, 0.00382335204631, 0.0043933885172, 0.00271401065402, 0.000477080291603, 4.19714478994e-06],
        "mean": [0.00187948299572, 0.0319583304226, 0.00541738141328, 0.00278245145455, 0.00297521497123, 0.00162281957455, 0.00129949918482, 0.000495433690958, 0.00274872756563, 0.00141662848182, 0.00187426176853, 0.000599631282967, 0.000434923655121, 0.000874873308931, 0.000608156959061, 0.000659976270981, 0.00046137633035, 0.000367502769222, 0.000262823858066, 0.000404449965572, 0.000292866723612, 0.000387245236197, 0.000414249137975, 0.000428543367889, 0.000225997369853, 5.15796309628e-05, 9.76191838475e-09],
        "median": [1.69258146343e-05, 0.00295518292114, 0.00135893002152, 0.00123958615586, 0.00157573772594, 0.000935334013775, 0.000699603406247, 0.000242708571022, 0.000892643874977, 0.000347099499777, 0.000303461099975, 0.000225768671953, 0.000184891556273, 0.000275424390566, 0.000219335983275, 0.000251646968536, 0.000203513001907, 0.000188484715181, 0.000163531862199, 0.000213561579585, 0.000173130174517, 0.000231847676332, 0.000215085587115, 0.000218687186134, 0.000135052352562, 2.64743139269e-05, 8.23247914283e-10],
        "min": [1.50501122675e-08, 2.24882660405e-06, 1.05290246211e-06, 1.70850796621e-07, 3.41251034115e-05, 5.87704926147e-06, 1.59303417604e-05, 3.33454227075e-06, 5.45943976249e-06, 6.7732134994e-06, 4.5781521294e-06, 3.36720063387e-06, 4.00841463488e-06, 2.28717271966e-06, 2.09883069147e-06, 3.43650435752e-06, 2.01444868253e-06, 2.74293779512e-06, 3.74302635464e-06, 1.78741788659e-06, 1.12037741928e-06, 4.79224468108e-07, 1.89898614167e-07, 6.39086408682e-07, 1.97117330458e-07, 4.70739613956e-10, 1.21556688326e-11],
        "var": [1.42604976645e-05, 0.00216259993613, 0.000271645927569, 2.65956805379e-05, 2.22510661843e-05, 3.78269692192e-06, 2.77550020655e-06, 4.87591421461e-07, 2.62923895207e-05, 1.3206674339e-05, 3.65818705177e-05, 1.47413027207e-06, 7.13271276709e-07, 3.71011697098e-06, 1.54407302944e-06, 1.24570919979e-06, 5.27810641415e-07, 2.43819329171e-07, 9.27726944155e-08, 4.25174420116e-07, 1.25294093323e-07, 2.23112550657e-07, 3.40838511192e-07, 2.84931815031e-07, 7.05018052827e-08, 4.23585566622e-09, 1.6558906278e-14]
    },
    "erbbands": {
        "dmean": [0.508889913559, 3.04297637939, 7.90263795853, 8.39545822144, 7.22013378143, 7.80097341537, 8.60386943817, 8.33236503601, 10.1972265244, 9.40434551239, 9.44130706787, 22.8731555939, 36.1541595459, 38.2238006592, 22.4790287018, 13.5302143097, 13.3623876572, 23.6070690155, 23.3421916962, 17.2832374573, 23.1887798309, 17.9014873505, 12.5872011185, 6.88622283936, 8.55937671661, 9.2783946991, 7.15493869781, 5.9357008934, 7.59011650085, 5.42335510254, 5.3305683136, 3.74880576134, 3.66381645203, 1.78450787067, 0.82639759779, 0.234463900328, 0.0764349773526, 0.00596236763522, 0.000113570109534, 2.33182781813e-05],
        "dmean2": [0.509819567204, 4.43550348282, 14.1025943756, 14.8845977783, 12.3977508545, 13.2892665863, 13.9483976364, 13.7765808105, 16.968372345, 15.1735553741, 15.0869016647, 32.4868011475, 49.4997406006, 54.143371582, 31.2727298737, 21.4751682281, 21.1125907898, 39.1629447937, 38.2767066956, 27.0849533081, 34.7649345398, 28.5115375519, 19.9224815369, 11.1066770554, 13.5466098785, 14.7258243561, 11.6332492828, 9.35721206665, 11.7421178818, 8.29455089569, 7.89864492416, 5.59812355042, 5.63022708893, 2.7184035778, 1.19467294216, 0.349777877331, 0.124721348286, 0.0102435974404, 0.000186119505088, 3.39501420967e-05],
        "dvar": [0.705095112324, 39.753742218, 530.052429199, 469.845733643, 222.856948853, 584.412475586, 226.765167236, 183.325088501, 292.321014404, 284.381347656, 272.784698486, 1750.23547363, 5288.03027344, 11051.4882812, 4481.17919922, 827.027587891, 716.692077637, 2028.85046387, 2742.11987305, 1171.32067871, 1961.04467773, 1194.03979492, 445.517364502, 105.236465454, 163.930419922, 337.214294434, 260.167541504, 106.161811829, 174.230911255, 88.0358657837, 90.4281539917, 46.2434501648, 32.3072319031, 8.19087505341, 1.15842604637, 0.113895490766, 0.0143828196451, 0.000124869926367, 3.70135708749e-08, 8.88407181154e-10],
        "dvar2": [0.793615043163, 92.5116958618, 1473.78295898, 1315.2434082, 640.944152832, 1586.73791504, 581.755004883, 476.607269287, 790.689025879, 694.823669434, 664.938598633, 2901.20092773, 8776.39941406, 18639.4101562, 6031.93554688, 1780.22351074, 1683.72888184, 5352.81103516, 6960.36572266, 2816.81225586, 3911.19604492, 2917.34643555, 1023.07336426, 267.677398682, 367.513977051, 725.114501953, 667.87902832, 281.993377686, 414.856414795, 203.951660156, 190.880584717, 97.5664749146, 75.0390930176, 17.0210552216, 2.5634021759, 0.264833301306, 0.0371765457094, 0.000334924581693, 9.63652979635e-08, 1.9010624186e-09],
        "max": [9.89905452728, 52.9255638123, 171.089584351, 183.389221191, 152.976867676, 411.200469971, 134.922714233, 150.332595825, 204.303604126, 203.398834229, 199.611877441, 686.451171875, 1100.47912598, 2190.68408203, 1635.91381836, 416.780975342, 444.110809326, 611.635620117, 765.292541504, 548.847839355, 721.198791504, 612.277770996, 291.724121094, 104.926345825, 193.156463623, 325.143341064, 359.909454346, 124.603775024, 190.272476196, 115.794883728, 126.220626831, 92.5856781006, 63.8281822205, 50.7909317017, 10.2522087097, 3.33269691467, 1.22447454929, 0.0892482250929, 0.00145329232328, 0.000309769849991],
        "mean": [1.296220541, 5.60670948029, 6.85731458664, 8.62134742737, 9.04625701904, 10.3216209412, 12.2467889786, 12.7101802826, 16.9048728943, 15.6282930374, 14.9731969833, 44.5887756348, 71.2044906616, 71.0166015625, 43.9414100647, 21.798500061, 20.6578502655, 36.8398742676, 38.1897621155, 28.625005722, 38.4970054626, 30.243429184, 22.4806480408, 13.4199895859, 16.6780738831, 17.1081867218, 14.1670732498, 11.7858638763, 14.7840833664, 11.2219676971, 11.9822826385, 8.27718830109, 7.5289607048, 3.28367400169, 1.22692263126, 0.329442948103, 0.0937107726932, 0.00620229635388, 0.000170770654222, 8.20261266199e-05],
        "median": [0.0700359568, 0.678868949413, 1.97460746765, 3.50705099106, 4.58030605316, 5.15821123123, 6.73309993744, 7.4695019722, 8.56556034088, 9.06561183929, 7.3709230423, 15.2509536743, 23.5087947845, 18.7255630493, 11.5907993317, 8.67281723022, 9.39746189117, 14.4913768768, 13.8674201965, 14.6698293686, 14.7551059723, 13.2721786499, 11.2959737778, 9.08486747742, 9.6849822998, 9.61272144318, 7.1813082695, 7.33713054657, 8.67985916138, 5.98262166977, 6.08467912674, 4.12080812454, 3.93860340118, 1.91931188107, 0.715162217617, 0.179351821542, 0.0459360145032, 0.00229260511696, 0.000100390825537, 6.59417855786e-05],
        "min": [6.47155611659e-05, 0.000520665606018, 0.00128199148457, 0.00219428678975, 0.0648814067245, 0.0841898620129, 0.0754934772849, 0.0664390549064, 0.191359147429, 0.241439968348, 0.203308984637, 0.511516213417, 0.454707801342, 0.485652863979, 0.435888618231, 0.229330152273, 0.244344800711, 0.180645868182, 0.179377421737, 0.201901823282, 0.246756061912, 0.18427464366, 0.1354393363, 0.295540392399, 0.158694073558, 0.0811707302928, 0.0529099591076, 0.0177448559552, 0.0121773416176, 0.020830495283, 0.00551250437275, 0.00554557843134, 0.0138640385121, 0.00819162651896, 0.00140166492201, 0.000391275185393, 7.00712480466e-05, 6.87302053848e-06, 2.70975965577e-06, 3.5042323816e-06],
        "var": [4.48709344864, 76.55128479, 344.431640625, 313.34197998, 177.428421021, 439.485076904, 254.377700806, 238.622772217, 512.200134277, 432.998321533, 462.755706787, 6380.08837891, 16497.3847656, 32929.0664062, 19990.4570312, 1715.78649902, 1245.33691406, 4227.421875, 6107.14990234, 2064.76831055, 4522.12011719, 2184.53027344, 939.48260498, 204.662704468, 407.466949463, 710.518005371, 500.466308594, 206.110641479, 349.851135254, 209.467056274, 300.996643066, 137.580444336, 88.4922637939, 18.3146800995, 1.98767066002, 0.166771665215, 0.0161060672253, 0.000108222353447, 3.77410565022e-08, 2.84379386706e-09]
    },
    "gfcc": {
        "mean": [43.8520050049, 73.0233078003, -107.063735962, 41.5974731445, -64.5732192993, 30.356546402, -40.1473731995, 17.8006877899, -23.4009170532, 1.41550731659, -18.7159576416, -0.13346990943, -5.43179130554],
        "cov": [[1414.38171387, -441.881774902, -210.698898315, -0.383199512959, -182.634124756, -71.25806427, -313.085296631, -109.854248047, -184.73789978, -44.9737548828, -258.296295166, -41.8762741089, -153.934875488], [-441.881774902, 823.096374512, 274.314727783, -205.788024902, 329.315795898, 44.7234954834, 325.407501221, 144.398132324, 92.0125427246, 43.3597412109, 144.796264648, 52.6739120483, 100.340675354], [-210.698898315, 274.314727783, 770.60369873, 14.4761486053, 292.69152832, 171.989120483, 284.667907715, 166.171890259, 76.0578994751, 74.1835861206, 55.0299758911, 104.233314514, 18.2084445953], [-0.383199512959, -205.788024902, 14.4761486053, 407.743865967, 0.221307188272, 56.1219482422, -36.8651542664, -13.6089792252, 134.847106934, 9.69629859924, 52.1316452026, -27.9764938354, 35.5056190491], [-182.634124756, 329.315795898, 292.69152832, 0.221307188272, 415.221832275, 136.538619995, 230.042480469, 136.553497314, 114.164352417, 86.7904968262, 82.8103103638, 63.7662582397, 48.107006073], [-71.25806427, 44.7234954834, 171.989120483, 56.1219482422, 136.538619995, 213.109222412, 150.794906616, 58.3085289001, 73.7799987793, 43.7071418762, 63.5337600708, 37.0023994446, 27.7019195557], [-313.085296631, 325.407501221, 284.667907715, -36.8651542664, 230.042480469, 150.794906616, 347.717926025, 126.375511169, 94.5029830933, 64.6774902344, 108.930992126, 83.0840606689, 65.2115325928], [-109.854248047, 144.398132324, 166.171890259, -13.6089792252, 136.553497314, 58.3085289001, 126.375511169, 173.155136108, 88.0420455933, 37.0858306885, 47.1661949158, 36.7815895081, 47.9865455627], [-184.73789978, 92.0125427246, 76.0578994751, 134.847106934, 114.164352417, 73.7799987793, 94.5029830933, 88.0420455933, 206.534545898, 63.3351287842, 99.9504547119, 11.0651311874, 56.6563606262], [-44.9737548828, 43.3597412109, 74.1835861206, 9.69629859924, 86.7904968262, 43.7071418762, 64.6774902344, 37.0858306885, 63.3351287842, 105.412185669, 59.9637374878, 19.0585613251, 7.7228512764], [-258.296295166, 144.796264648, 55.0299758911, 52.1316452026, 82.8103103638, 63.5337600708, 108.930992126, 47.1661949158, 99.9504547119, 59.9637374878, 155.515014648, 40.6809463501, 60.7555084229], [-41.8762741089, 52.6739120483, 104.233314514, -27.9764938354, 63.7662582397, 37.0023994446, 83.0840606689, 36.7815895081, 11.0651311874, 19.0585613251, 40.6809463501, 121.16028595, 44.5119819641], [-153.934875488, 100.340675354, 18.2084445953, 35.5056190491, 48.107006073, 27.7019195557, 65.2115325928, 47.9865455627, 56.6563606262, 7.7228512764, 60.7555084229, 44.5119819641, 108.180282593]],
        "icov": [[0.00144074251875, -0.000557600869797, 0.000509783916641, -0.00085599423619, 0.000310393515974, -0.00109500007238, 0.00122295634355, -0.00080267584417, 0.000814033788629, -0.00150158826727, 0.00260982639156, -0.00153808505274, 0.00137166690547], [-0.000557600869797, 0.00516508473083, -0.00118457700592, 0.00359462853521, -0.00306216068566, 0.0034308785107, -0.00317990034819, 0.00175786286127, -0.00174115342088, 0.00381518155336, -0.00469963252544, 0.00397050613537, -0.00329915806651], [0.000509783916641, -0.00118457700592, 0.00287660444155, -0.00168025214225, 3.50134578184e-05, -0.00144183554221, -0.000286512746243, -0.00204316340387, 0.00133059627842, -0.0015493533574, 0.0023185221944, -0.0024935323745, 0.00246170512401], [-0.00085599423619, 0.00359462853521, -0.00168025214225, 0.00691114226356, -0.00191188079771, 0.00141969439574, -0.000866206421051, 0.00337714515626, -0.0050630425103, 0.00409184861928, -0.00432557845488, 0.00402603205293, -0.00389460870065], [0.000310393515974, -0.00306216068566, 3.50134578184e-05, -0.00191188079771, 0.00662156799808, -0.00277989101596, 0.000419204006903, -0.00213103415444, 0.000196337234229, -0.00396677758545, 0.0033477479592, -0.0024401624687, 0.00166764750611], [-0.00109500007238, 0.0034308785107, -0.00144183554221, 0.00141969439574, -0.00277989101596, 0.0104971397668, -0.00516354991123, 0.00185779761523, -0.00174406520091, 0.00277481274679, -0.00467388890684, 0.00296098506078, -0.00200503971428], [0.00122295634355, -0.00317990034819, -0.000286512746243, -0.000866206421051, 0.000419204006903, -0.00516354991123, 0.0103018758819, -0.00241936813109, 0.000893565127626, -0.00241442141123, 0.00160491652787, -0.00388541026041, 0.00142290757503], [-0.00080267584417, 0.00175786286127, -0.00204316340387, 0.00337714515626, -0.00213103415444, 0.00185779761523, -0.00241936813109, 0.0123359216377, -0.00557346828282, 0.00206711539067, -0.00102931214496, 0.00219561671838, -0.00463273609057], [0.000814033788629, -0.00174115342088, 0.00133059627842, -0.0050630425103, 0.000196337234229, -0.00174406520091, 0.000893565127626, -0.00557346828282, 0.0136128487065, -0.00503113353625, -0.00106998730917, 2.06585700653e-05, 0.000326241279254], [-0.00150158826727, 0.00381518155336, -0.0015493533574, 0.00409184861928, -0.00396677758545, 0.00277481274679, -0.00241442141123, 0.00206711539067, -0.00503113353625, 0.0188976880163, -0.0098223388195, 0.00300657004118, 0.000399463053327], [0.00260982639156, -0.00469963252544, 0.0023185221944, -0.00432557845488, 0.0033477479592, -0.00467388890684, 0.00160491652787, -0.00102931214496, -0.00106998730917, -0.0098223388195, 0.0211522839963, -0.00680744461715, 0.000482583185658], [-0.00153808505274, 0.00397050613537, -0.0024935323745, 0.00402603205293, -0.0024401624687, 0.00296098506078, -0.00388541026041, 0.00219561671838, 2.06585700653e-05, 0.00300657004118, -0.00680744461715, 0.0162611044943, -0.00817106477916], [0.00137166690547, -0.00329915806651, 0.00246170512401, -0.00389460870065, 0.00166764750611, -0.00200503971428, 0.00142290757503, -0.00463273609057, 0.000326241279254, 0.000399463053327, 0.000482583185658, -0.00817106477916, 0.0189803801477]]
    },
    "melbands": {
        "dmean": [0.00379597186111, 0.00387134193443, 0.00140617217403, 0.00050936936168, 0.000300820305711, 0.000190401347936, 0.000155151254148, 9.24111227505e-05, 8.59838910401e-05, 0.00018361635739, 0.000187362224096, 0.000153676213813, 0.000108526422991, 3.59261684935e-05, 4.09701133322e-05, 3.68593391613e-05, 4.63736978418e-05, 4.17900700995e-05, 3.5175235098e-05, 2.38653647102e-05, 2.71629105555e-05, 2.07161720027e-05, 1.28647461679e-05, 1.05114140752e-05, 5.66966218685e-06, 6.07957645116e-06, 7.95800224296e-06, 6.82878589942e-06, 5.51678840566e-06, 3.43490728483e-06, 4.00011731472e-06, 4.6360360102e-06, 3.98100110033e-06, 3.38897439178e-06, 3.59008572559e-06, 2.78397806142e-06, 2.42344754042e-06, 2.78195125247e-06, 2.33603327615e-06, 1.44188391005e-06],
        "dmean2": [0.00463734939694, 0.006446858868, 0.0024521749001, 0.000879505008925, 0.000492393097375, 0.000312933058012, 0.000257022416918, 0.000148709994392, 0.00013853458222, 0.000254261540249, 0.000256272935076, 0.000219104709686, 0.000147528844536, 5.85017114645e-05, 6.52220915072e-05, 5.95310448261e-05, 7.72242856328e-05, 6.94674672559e-05, 5.51602788619e-05, 3.7840942241e-05, 4.17331830249e-05, 3.34312608175e-05, 2.06214608625e-05, 1.68955211848e-05, 9.31863814913e-06, 9.60599845712e-06, 1.25334727272e-05, 1.10036407932e-05, 9.18623300095e-06, 5.49688820684e-06, 6.42423992758e-06, 7.30237752578e-06, 6.3921529545e-06, 5.3334479162e-06, 5.46060982742e-06, 4.34043931818e-06, 3.75104946215e-06, 4.3659451876e-06, 3.60622266271e-06, 2.25177745961e-06],
        "dvar": [4.51766172773e-05, 9.54845672823e-05, 1.20698887258e-05, 1.48975811953e-06, 3.91831775914e-07, 9.05503583226e-08, 6.54294680658e-08, 2.58908201545e-08, 2.58896957206e-08, 1.30934154186e-07, 1.42765557598e-07, 1.61306360269e-07, 1.15610795604e-07, 5.49462653154e-09, 1.06696846913e-08, 7.74024844219e-09, 8.45679881678e-09, 1.30186004199e-08, 7.60316698489e-09, 2.23328977533e-09, 2.86516699255e-09, 1.69990244103e-09, 4.9886111908e-10, 2.96097368846e-10, 7.81271367045e-11, 8.57624249395e-11, 1.85071916126e-10, 2.30446717264e-10, 1.9613558e-10, 3.49993194149e-11, 5.20818041472e-11, 6.17379064538e-11, 4.76909033098e-11, 3.54513016165e-11, 4.02715083503e-11, 2.56509744001e-11, 2.01383076881e-11, 1.89909164783e-11, 1.40679143681e-11, 4.92074003072e-12],
        "dvar2": [7.31096370146e-05, 0.000250678829616, 3.34460601152e-05, 4.14780697611e-06, 1.01628552329e-06, 2.35720946762e-07, 1.7915617434e-07, 6.26332550269e-08, 6.18104749606e-08, 2.07755590509e-07, 2.32073759321e-07, 2.74353538998e-07, 1.57163938752e-07, 1.19127729903e-08, 2.30072565444e-08, 1.85646022999e-08, 2.28800178803e-08, 3.48180400067e-08, 1.57682702451e-08, 5.61508661789e-09, 6.01240479625e-09, 4.15086454097e-09, 1.15284393143e-09, 6.89730050851e-10, 2.05372746587e-10, 2.05508193796e-10, 4.29300345273e-10, 5.1097032161e-10, 5.1258902678e-10, 8.52385037553e-11, 1.45737186208e-10, 1.46418432934e-10, 1.17967469127e-10, 8.45016071005e-11, 8.95574864268e-11, 5.38344160916e-11, 4.60424059989e-11, 4.52666099049e-11, 3.07448962122e-11, 1.08492702669e-11],
        "max": [0.0775541514158, 0.0714989602566, 0.0300889648497, 0.0158004052937, 0.00780557468534, 0.00310695986263, 0.00362905254588, 0.00195236795116, 0.00215306971222, 0.00600255979225, 0.00561434729025, 0.00809359271079, 0.00766170118004, 0.00137389102019, 0.00169998221099, 0.00140795658808, 0.00109829951543, 0.00179125601426, 0.00171012536157, 0.000683534133714, 0.000841712462716, 0.00062136806082, 0.00027974951081, 0.000240926761762, 9.36269352678e-05, 0.00017064801068, 0.000221811264055, 0.000302259868477, 0.000292546348646, 9.91379201878e-05, 9.12011237233e-05, 9.9675176898e-05, 9.00865270523e-05, 6.82913232595e-05, 8.14621816971e-05, 5.88600014453e-05, 7.08574370947e-05, 4.65802622784e-05, 5.43092028238e-05, 3.40795522789e-05],
        "mean": [0.00998264178634, 0.00490028643981, 0.00151103560347, 0.00069633644307, 0.000428769591963, 0.000295675563393, 0.000259453954641, 0.000151730535435, 0.000124028883874, 0.000352183036739, 0.00036066499888, 0.000281689863186, 0.000206161377719, 5.49631477043e-05, 5.89740593568e-05, 5.1354720199e-05, 7.04527628841e-05, 6.40957005089e-05, 5.17394255439e-05, 3.67591019312e-05, 4.17751944042e-05, 3.14338285534e-05, 2.21226200665e-05, 1.74941142177e-05, 9.79182641458e-06, 1.11263516374e-05, 1.33957300932e-05, 1.11105036922e-05, 9.73460828391e-06, 6.66736195853e-06, 6.93647325534e-06, 8.60550971993e-06, 6.9684688242e-06, 6.39957397652e-06, 7.43961436456e-06, 5.53383642909e-06, 4.8715360208e-06, 5.50687173018e-06, 4.18294257543e-06, 2.33218588619e-06],
        "median": [0.000744653865695, 0.00137090403587, 0.000675296469126, 0.000358531891834, 0.000240876863245, 0.000176213114173, 0.000140650445246, 8.81755186128e-05, 5.32769045094e-05, 0.000111595327326, 0.000109884407721, 6.76843483234e-05, 4.02690311603e-05, 2.45408919e-05, 1.65464589372e-05, 2.15250693145e-05, 2.46755498665e-05, 1.65279907378e-05, 1.82843305083e-05, 1.48381886902e-05, 1.44457726492e-05, 1.30363359858e-05, 9.39208985073e-06, 9.39722758631e-06, 6.53928418615e-06, 6.68254551783e-06, 7.18759974916e-06, 5.27904330738e-06, 4.71912517241e-06, 3.62121295439e-06, 4.13023735746e-06, 5.0324674703e-06, 3.92349238609e-06, 3.2499262943e-06, 3.72332510779e-06, 2.43279487222e-06, 2.35900756707e-06, 2.68972962658e-06, 2.24116070058e-06, 1.25543499507e-06],
        "min": [6.2387584876e-07, 8.76533704286e-07, 3.58905026587e-07, 9.27283963392e-06, 3.69346525986e-06, 1.29683735395e-06, 3.29303111357e-06, 1.93806158677e-06, 5.0941042673e-07, 6.7490100264e-07, 2.08926940104e-06, 1.38881432576e-06, 1.18888885936e-06, 3.08637680746e-07, 3.37178818199e-07, 2.63301444647e-07, 2.08564401305e-07, 1.71657276837e-07, 1.42016844507e-07, 2.54671505218e-07, 2.38920932816e-07, 1.10886958282e-07, 1.20528824255e-07, 1.46322335581e-07, 2.11207193956e-07, 9.7912028707e-08, 8.95590375194e-08, 2.23951701628e-08, 2.4627757611e-08, 1.80308195041e-08, 8.05449129615e-09, 2.49666687324e-09, 1.55159352033e-08, 7.62265095489e-09, 3.90820487084e-09, 6.43143094337e-10, 2.4085217154e-10, 8.91787976798e-09, 3.89218168806e-09, 6.59400659075e-11],
