{
"highlevel": {
    "danceability": {
        "all": {
            "danceable": 0.92101162672,
            "not_danceable": 0.078988365829
        },
        "probability": 0.92101162672,
        "value": "danceable"
    },
    "gender": {
        "all": {
            "female": 0.843299746513,
            "male": 0.156700253487
        },
        "probability": 0.843299746513,
        "value": "female"
    },
    "genre_dortmund": {
        "all": {
            "alternative": 0.028434375301,
            "blues": 0.0770224407315,
            "electronic": 0.1156116575,
            "folkcountry": 0.112736478448,
            "funksoulrnb": 0.0462145805359,
            "jazz": 0.296172142029,
            "pop": 0.177032917738,
            "raphiphop": 0.118800535798,
            "rock": 0.0279748849571
        },
        "probability": 0.296172142029,
        "value": "jazz"
    },
    "genre_electronic": {
        "all": {
            "ambient": 0.554534137249,
            "dnb": 0.117816478014,
            "house": 0.214434951544,
            "techno": 0.022199286148,
            "trance": 0.0910151526332
        },
        "probability": 0.554534137249,
        "value": "ambient"
    },
    "genre_rosamerica": {
        "all": {
            "cla": 0.0414878390729,
            "dan": 0.051059551537,
            "hip": 0.163567200303,
            "jaz": 0.0456900335848,
            "pop": 0.116428412497,
            "rhy": 0.548091888428,
            "roc": 0.0269533507526,
            "spe": 0.00672174058855
        },
        "probability": 0.548091888428,
        "value": "rhy"
    },
    "genre_tzanetakis": {
        "all": {
            "blu": 0.0620671063662,
            "cla": 0.034474901855,
            "cou": 0.103433981538,
            "dis": 0.0620971247554,
            "hip": 0.15527240932,
            "jaz": 0.310666948557,
            "met": 0.044346679002,
            "pop": 0.0620793737471,
            "reg": 0.0620816536248,
            "roc": 0.103479810059
        },
        "probability": 0.310666948557,
        "value": "jaz"
    },
    "ismir04_rhythm": {
        "all": {
            "ChaChaCha": 0.03787991032,
            "Jive": 0.153630018234,
            "Quickstep": 0.330140084028,
            "Rumba-American": 0.0120186759159,
            "Rumba-International": 0.0779115855694,
            "Rumba-Misc": 0.0140521069989,
            "Samba": 0.353837490082,
            "Tango": 0.00511199235916,
            "VienneseWaltz": 0.00524638500065,
            "Waltz": 0.0101717449725
        },
        "probability": 0.353837490082,
        "value": "Samba"
    },
    "mood_acoustic": {
        "all": {
            "acoustic": 0.380411207676,
            "not_acoustic": 0.619588792324
        },
        "probability": 0.619588792324,
        "value": "not_acoustic"
    },
    "mood_aggressive": {
        "all": {
            "aggressive": 0.00746856257319,
            "not_aggressive": 0.9925314188
        },
        "probability": 0.9925314188,
        "value": "not_aggressive"
    },
    "mood_electronic": {
        "all": {
            "electronic": 0.608668088913,
            "not_electronic": 0.391331881285
        },
        "probability": 0.608668088913,
        "value": "electronic"
    },
    "mood_happy": {
        "all": {
            "happy": 0.878281950951,
            "not_happy": 0.121718049049
        },
        "probability": 0.878281950951,
        "value": "happy"
    },
    "mood_party": {
        "all": {
            "not_party": 0.424733757973,
            "party": 0.575266242027
        },
        "probability": 0.575266242027,
        "value": "party"
    },
    "mood_relaxed": {
        "all": {
            "not_relaxed": 0.633359134197,
            "relaxed": 0.366640895605
        },
        "probability": 0.633359134197,
        "value": "not_relaxed"
    },
    "mood_sad": {
        "all": {
            "not_sad": 0.700481951237,
            "sad": 0.299518018961
        },
        "probability": 0.700481951237,
        "value": "not_sad"
    },
    "moods_mirex": {
        "all": {
            "Cluster1": 0.299854487181,
            "Cluster2": 0.288728415966,
            "Cluster3": 0.0922908484936,
            "Cluster4": 0.207544565201,
            "Cluster5": 0.111581683159
        },
        "probability": 0.299854487181,
        "value": "Cluster1"
    },
    "timbre": {
        "all": {
            "bright": 0.999985575676,
            "dark": 1.43975303217e-05
        },
        "probability": 0.999985575676,
        "value": "bright"
    },
    "tonal_atonal": {
        "all": {
            "atonal": 0.00218376191333,
            "tonal": 0.997816264629
        },
        "probability": 0.997816264629,
        "value": "tonal"
    },
    "voice_instrumental": {
        "all": {
            "instrumental": 0.229144990444,
            "voice": 0.770855009556
        },
        "probability": 0.770855009556,
        "value": "voice"
    }
},
"lowlevel": {
    "average_loudness": 0.95407050848,
    "barkbands_crest": {
        "dmean": 3.6845562458,
        "dmean2": 5.84103727341,
        "dvar": 10.9925775528,
        "dvar2": 26.9298839569,
        "max": 25.4901351929,
        "mean": 12.613114357,
        "median": 11.6493263245,
        "min": 2.32815647125,
        "var": 25.984960556
    },
    "barkbands_flatness_db": {
        "dmean": 0.0307487603277,
        "dmean2": 0.0448302216828,
        "dvar": 0.000767927500419,
        "dvar2": 0.00161865563132,
        "max": 0.312308877707,
        "mean": 0.153910666704,
        "median": 0.147628247738,
        "min": 0.043702788651,
        "var": 0.00245124683715
    },
    "barkbands_kurtosis": {
        "dmean": 5.03487825394,
        "dmean2": 7.69448518753,
        "dvar": 74.5355606079,
        "dvar2": 174.36555481,
        "max": 107.997138977,
        "mean": 7.12822723389,
        "median": 2.64978599548,
        "min": -1.84503209591,
        "var": 142.348022461
    },
    "barkbands_skewness": {
        "dmean": 0.773153722286,
        "dmean2": 1.15117788315,
        "dvar": 0.704413890839,
        "dvar2": 1.47190725803,
        "max": 9.51780414581,
        "mean": 2.00866127014,
        "median": 1.62426877022,
        "min": -2.17340660095,
        "var": 2.31087136269
    },
    "barkbands_spread": {
        "dmean": 8.513671875,
        "dmean2": 12.2702245712,
        "dvar": 89.7986373901,
        "dvar2": 176.813522339,
        "max": 118.497612,
        "mean": 23.7499523163,
        "median": 20.5062351227,
        "min": 1.63591146469,
        "var": 278.847167969
    },
    "dissonance": {
        "dmean": 0.0219119302928,
        "dmean2": 0.0358770638704,
        "dvar": 0.000392155052396,
        "dvar2": 0.000980567652732,
        "max": 0.499781578779,
        "mean": 0.457522034645,
        "median": 0.463413983583,
        "min": 0.317530661821,
        "var": 0.000756305817049
    },
    "dynamic_complexity": 2.97727799416,
    "erbbands_crest": {
        "dmean": 3.50745153427,
        "dmean2": 5.74330472946,
        "dvar": 10.9272623062,
        "dvar2": 26.1518573761,
        "max": 31.5853881836,
        "mean": 10.2511100769,
        "median": 8.81845474243,
        "min": 2.63114714622,
        "var": 27.4117183685
    },
    "erbbands_flatness_db": {
        "dmean": 0.0224721189588,
        "dmean2": 0.0316426493227,
        "dvar": 0.000490217644256,
        "dvar2": 0.000861073262058,
        "max": 0.323053717613,
        "mean": 0.145137667656,
        "median": 0.13905711472,
        "min": 0.0570988282561,
        "var": 0.00203797221184
    },
    "erbbands_kurtosis": {
        "dmean": 1.18683433533,
        "dmean2": 1.87298882008,
        "dvar": 2.17055153847,
        "dvar2": 4.91478347778,
        "max": 23.8383827209,
        "mean": 0.740329086781,
        "median": 0.0659906864166,
        "min": -1.75470352173,
        "var": 5.29352378845
    },
    "erbbands_skewness": {
        "dmean": 0.446843951941,
        "dmean2": 0.660817027092,
        "dvar": 0.14884622395,
        "dvar2": 0.350615590811,
        "max": 4.64707660675,
        "mean": 0.647580623627,
        "median": 0.648746550083,
        "min": -2.37268424034,
        "var": 0.616391599178
    },
    "erbbands_spread": {
        "dmean": 11.9530105591,
        "dmean2": 17.5781364441,
        "dvar": 153.166793823,
        "dvar2": 292.937255859,
        "max": 151.149017334,
        "mean": 44.707233429,
        "median": 40.9638557434,
        "min": 6.4589343071,
        "var": 488.652587891
    },
    "hfc": {
        "dmean": 7.94404792786,
        "dmean2": 11.1423568726,
        "dvar": 143.346054077,
        "dvar2": 327.667999268,
        "max": 105.815345764,
        "mean": 13.1277885437,
        "median": 8.50667476654,
        "min": 0.0480791032314,
        "var": 190.287734985
    },
    "melbands_crest": {
        "dmean": 4.27207422256,
        "dmean2": 6.71580457687,
        "dvar": 15.6343164444,
        "dvar2": 35.2038192749,
        "max": 33.1396827698,
        "mean": 17.9407405853,
        "median": 17.2890644073,
        "min": 5.01026296616,
        "var": 43.5581436157
    },
    "melbands_flatness_db": {
        "dmean": 0.0362640991807,
        "dmean2": 0.0508307181299,
        "dvar": 0.00105992564932,
        "dvar2": 0.00226672017016,
        "max": 0.423642337322,
        "mean": 0.200370907784,
        "median": 0.193600401282,
        "min": 0.0541014075279,
        "var": 0.00414850236848
    },
    "melbands_kurtosis": {
        "dmean": 13.3211593628,
        "dmean2": 20.6764945984,
        "dvar": 481.375640869,
        "dvar2": 1085.25402832,
        "max": 270.274658203,
        "mean": 22.1309623718,
        "median": 10.0610132217,
        "min": -1.32407677174,
        "var": 922.462463379
    },
    "melbands_skewness": {
        "dmean": 1.1229404211,
        "dmean2": 1.68744134903,
        "dvar": 1.51527905464,
        "dvar2": 3.13975596428,
        "max": 13.4107398987,
        "mean": 3.29704380035,
        "median": 2.65713572502,
        "min": -0.211664184928,
        "var": 4.75271272659
    },
    "melbands_spread": {
        "dmean": 8.6864233017,
        "dmean2": 13.0449562073,
        "dvar": 115.411712646,
        "dvar2": 251.251846313,
        "max": 208.21244812,
        "mean": 21.3025455475,
        "median": 18.5807533264,
        "min": 1.25365364552,
        "var": 265.471221924
    },
    "pitch_salience": {
        "dmean": 0.0942670106888,
        "dmean2": 0.151842907071,
        "dvar": 0.00767538649961,
        "dvar2": 0.0178826320916,
        "max": 0.865418970585,
        "mean": 0.492629528046,
        "median": 0.492971032858,
        "min": 0.121667124331,
        "var": 0.0162532962859
    },
    "silence_rate_20dB": {
        "dmean": 0,
        "dmean2": 0,
        "dvar": 0,
        "dvar2": 0,
        "max": 1,
        "mean": 1,
        "median": 1,
        "min": 1,
        "var": 0
    },
    "silence_rate_30dB": {
        "dmean": 0.0170278642327,
        "dmean2": 0.0340821072459,
        "dvar": 0.0167378950864,
        "dvar2": 0.0344705320895,
        "max": 1,
        "mean": 0.983758687973,
        "median": 1,
        "min": 0,
        "var": 0.0159773360938
    },
    "silence_rate_60dB": {
        "dmean": 0.0386996902525,
        "dmean2": 0.0774593353271,
        "dvar": 0.0372023545206,
        "dvar2": 0.0838518217206,
        "max": 1,
        "mean": 0.0525908730924,
        "median": 0,
        "min": 0,
        "var": 0.0498250685632
    },
    "spectral_centroid": {
        "dmean": 317.045623779,
        "dmean2": 451.135986328,
        "dvar": 106547.515625,
        "dvar2": 224036.859375,
        "max": 4613.86376953,
        "mean": 1253.65087891,
        "median": 1157.15441895,
        "min": 225.603561401,
        "var": 374168.4375
    },
    "spectral_complexity": {
        "dmean": 4.72600603104,
        "dmean2": 6.66924858093,
        "dvar": 31.7020053864,
        "dvar2": 62.3546676636,
        "max": 49,
        "mean": 12.3588552475,
        "median": 11,
        "min": 0,
        "var": 59.8402328491
    },
    "spectral_decrease": {
        "dmean": 2.79559686511e-09,
        "dmean2": 4.10291534081e-09,
        "dvar": 2.82681099581e-17,
        "dvar2": 6.01312262676e-17,
        "max": -2.60300808685e-11,
        "mean": -4.93661600487e-09,
        "median": -2.96125746146e-09,
        "min": -5.42897176103e-08,
        "var": 4.10824776791e-17
    },
    "spectral_energy": {
        "dmean": 0.0111296009272,
        "dmean2": 0.016314720735,
        "dvar": 0.000431987980846,
        "dvar2": 0.000916350982152,
        "max": 0.210199341178,
        "mean": 0.0198226645589,
        "median": 0.0119613232091,
        "min": 0.000102604630229,
        "var": 0.000628465088084
    },
    "spectral_energyband_high": {
        "dmean": 0.000533359183464,
        "dmean2": 0.000769105157815,
        "dvar": 9.50859543991e-07,
        "dvar2": 2.22678932005e-06,
        "max": 0.00933132972568,
        "mean": 0.000688040629029,
        "median": 0.000290576834232,
        "min": 8.40896689169e-07,
        "var": 1.06012998913e-06
    },
    "spectral_energyband_low": {
        "dmean": 0.00306797469966,
        "dmean2": 0.00474691018462,
        "dvar": 4.51626874565e-05,
        "dvar2": 0.000116184237413,
        "max": 0.0728356093168,
        "mean": 0.00568348960951,
        "median": 0.00373381795362,
        "min": 9.0978096523e-07,
        "var": 7.0282323577e-05
    },
    "spectral_energyband_middle_high": {
        "dmean": 0.00118387152907,
        "dmean2": 0.00178188399877,
        "dvar": 1.9744875317e-06,
        "dvar2": 4.57364694739e-06,
        "max": 0.0140657620504,
        "mean": 0.00232943426818,
        "median": 0.00168592960108,
        "min": 1.16251230793e-05,
        "var": 4.79927257402e-06
    },
    "spectral_energyband_middle_low": {
        "dmean": 0.008364867419,
        "dmean2": 0.0119084697217,
        "dvar": 0.000388625019696,
        "dvar2": 0.00082529487554,
        "max": 0.206185936928,
        "mean": 0.0116604715586,
        "median": 0.00477523962036,
        "min": 5.66443668504e-05,
        "var": 0.000553135119844
    },
    "spectral_entropy": {
        "dmean": 0.222068667412,
        "dmean2": 0.304649949074,
        "dvar": 0.0442011766136,
        "dvar2": 0.0810300707817,
        "max": 8.71356296539,
        "mean": 7.64973640442,
        "median": 7.65368509293,
        "min": 6.01776456833,
        "var": 0.153669312596
    },
    "spectral_flux": {
        "dmean": 0.0316486880183,
        "dmean2": 0.049456499517,
        "dvar": 0.00193842791487,
        "dvar2": 0.00465331785381,
        "max": 0.401329219341,
        "mean": 0.0766793787479,
        "median": 0.0612167194486,
        "min": 0.00425917841494,
        "var": 0.00291301100515
    },
    "spectral_kurtosis": {
        "dmean": 1.20093393326,
        "dmean2": 1.97093331814,
        "dvar": 1.52691030502,
        "dvar2": 3.90450119972,
        "max": 12.9972782135,
        "mean": 2.97403120995,
        "median": 2.85577583313,
        "min": -1.34926843643,
        "var": 2.64339828491
    },
    "spectral_rms": {
        "dmean": 0.0010549784638,
        "dmean2": 0.00148239789996,
        "dvar": 1.96930454877e-06,
        "dvar2": 3.68674750462e-06,
        "max": 0.0143203539774,
        "mean": 0.00388969597407,
        "median": 0.00341607723385,
        "min": 0.000316389137879,
        "var": 4.20943297286e-06
    },
    "spectral_rolloff": {
        "dmean": 693.71295166,
        "dmean2": 1099.02783203,
        "dvar": 1449170.5,
        "dvar2": 2814557.25,
        "max": 12726.1230469,
        "mean": 1434.69482422,
        "median": 947.4609375,
        "min": 64.599609375,
        "var": 3419457.5
    },
    "spectral_skewness": {
        "dmean": 0.208807885647,
        "dmean2": 0.328580141068,
        "dvar": 0.0366736091673,
        "dvar2": 0.0830345377326,
        "max": 2.79822039604,
        "mean": 1.40503501892,
        "median": 1.4121979475,
        "min": 0.14599737525,
        "var": 0.0955985561013
    },
    "spectral_spread": {
        "dmean": 847638.8125,
        "dmean2": 1142246.25,
        "dvar": 1.06055827456e+12,
        "dvar2": 1.67526924288e+12,
        "max": 15193591,
        "mean": 5560171.5,
        "median": 5042300,
        "min": 2447494.25,
        "var": 3.73505340211e+12
    },
    "spectral_strongpeak": {
        "dmean": 0.439684897661,
        "dmean2": 0.708454847336,
        "dvar": 0.41329061985,
        "dvar2": 0.954356789589,
        "max": 5.66579723358,
        "mean": 0.687350153923,
        "median": 0.300920546055,
        "min": 0,
        "var": 0.670333564281
    },
    "zerocrossingrate": {
        "dmean": 0.0164216700941,
        "dmean2": 0.0171874240041,
        "dvar": 0.000361330370652,
        "dvar2": 0.000352473958628,
        "max": 0.44091796875,
        "mean": 0.0642076656222,
        "median": 0.056640625,
        "min": 0.00390625,
        "var": 0.00192887173034
    },
    "barkbands": {
        "dmean": [0.0001973426115, 0.00256480369717, 0.00067794386996, 0.000905944267288, 0.00633673416451, 0.000922534673009, 0.000533150276169, 0.000861705804709, 0.000486506061861, 0.000277823361102, 0.000392933696276, 0.000148446735693, 0.000145233250805, 0.000173389998963, 0.000151970569277, 0.000163042888744, 0.000149766521645, 0.000114257505629, 8.4409948613e-05, 8.13233054942e-05, 7.0668378612e-05, 7.82148199505e-05, 0.000107766420115, 0.000120020355098, 0.000106834842882, 6.24762978987e-05, 4.45926211512e-08],
        "dmean2": [0.000288771552732, 0.00437475880608, 0.00102411571424, 0.00132420402952, 0.00921464059502, 0.0015354094794, 0.000864678353537, 0.00136617769022, 0.000749394355807, 0.000442529068096, 0.000625746499281, 0.000234098886722, 0.000232778780628, 0.000271549884928, 0.000244721537456, 0.000259616994299, 0.00023881738889, 0.000180364644621, 0.000130523039843, 0.000124992380734, 0.000102223952126, 0.000113932255772, 0.000158792550792, 0.000186094199307, 0.000160291718203, 9.27674700506e-05, 8.49579109286e-08],
        "dvar": [1.45158111309e-07, 3.8464757381e-05, 4.06263689001e-06, 1.05640019683e-05, 0.000353915587766, 4.09511631005e-06, 1.15058787742e-06, 1.91448702935e-06, 1.1163255067e-06, 4.09022476333e-07, 7.37613277124e-07, 1.04172791282e-07, 6.90798316327e-08, 1.17533488719e-07, 6.06459309438e-08, 7.93502650254e-08, 8.40900042931e-08, 4.26284714194e-08, 2.22449259013e-08, 1.71547362982e-08, 1.36656987948e-08, 1.30459580916e-08, 5.80415679963e-08, 8.6615955297e-08, 5.57321868655e-08, 1.86534130364e-08, 7.26287451946e-14],
        "dvar2": [2.52137596135e-07, 0.00011394557805, 8.66410391609e-06, 1.84675336641e-05, 0.000778562214691, 1.12830402941e-05, 2.94000415124e-06, 4.77680941913e-06, 2.2892816105e-06, 9.59265548772e-07, 1.83734721304e-06, 2.44721150011e-07, 1.63949053444e-07, 3.14437841098e-07, 1.57583485816e-07, 1.9187105238e-07, 2.06671671776e-07, 1.0190475308e-07, 5.19940144272e-08, 3.98229396126e-08, 2.86485111189e-08, 2.95569151376e-08, 1.37737387718e-07, 2.19137433533e-07, 1.26663536548e-07, 4.32409343887e-08, 2.12558472885e-13],
        "max": [0.00525000272319, 0.0633964464068, 0.0206608492881, 0.0548005066812, 0.198445096612, 0.0206381659955, 0.00969928037375, 0.0168130919337, 0.0240529179573, 0.00786817353219, 0.0109326625243, 0.00551683828235, 0.0044003771618, 0.00425462517887, 0.00259168422781, 0.00279525155202, 0.00424504606053, 0.00244645518251, 0.00169627775904, 0.00188269536011, 0.00109901861288, 0.00100134976674, 0.00215814844705, 0.00285506807268, 0.0029743060004, 0.00141793722287, 3.58423744728e-06],
        "mean": [0.000442154181655, 0.00401736563072, 0.000753894506488, 0.00116782495752, 0.00682759983465, 0.00106335768942, 0.000676190888043, 0.00111608451698, 0.000670793175232, 0.000335825694492, 0.000551523524337, 0.000202290597372, 0.000190721038962, 0.000242898560828, 0.000200777110877, 0.000191527607967, 0.000180063492735, 0.000137526658364, 0.000102556899947, 0.000121229299111, 9.32909388212e-05, 0.000112136745884, 0.000117958952615, 0.000121739525639, 0.00012167996465, 6.36448676232e-05, 2.52627643249e-08],
        "median": [0.000194680847926, 0.00295026460662, 4.8428595619e-05, 8.13059741631e-05, 0.00106883817352, 0.00027719856007, 0.000225819268962, 0.000363139435649, 0.000190003833268, 0.000113653390144, 0.000134591682581, 6.30723152426e-05, 7.32375774533e-05, 8.95496632438e-05, 8.46700349939e-05, 7.74884028942e-05, 6.32561568636e-05, 5.49309079361e-05, 4.67733334517e-05, 6.42968152533e-05, 4.20345750172e-05, 6.83739926899e-05, 3.79704761144e-05, 3.57681856258e-05, 2.20141446334e-05, 8.74522174854e-06, 2.55625187684e-10],
        "min": [1.32131301456e-08, 1.82825743877e-07, 5.98993850076e-08, 5.81633727847e-08, 4.05009359383e-06, 2.90888488053e-06, 2.31900480685e-06, 6.17801504177e-07, 4.07736678198e-07, 3.20133807463e-07, 6.51349466807e-07, 3.17725152854e-07, 3.67355852404e-07, 7.5613354511e-07, 1.04241792087e-06, 6.18968613253e-07, 3.3080010553e-07, 3.91683954604e-07, 2.63584865934e-07, 1.64947792314e-07, 1.75912958866e-07, 2.04275607985e-07, 1.62704168361e-07, 4.65563658736e-08, 9.73115543701e-09, 6.30879029573e-12, 7.09560448592e-12],
        "var": [4.13742753835e-07, 3.85531384381e-05, 5.00066380482e-06, 2.19487628783e-05, 0.00043252116302, 4.45114437753e-06, 1.3234355265e-06, 3.65299138139e-06, 2.46712170338e-06, 5.16402280937e-07, 1.31730234898e-06, 1.75338186637e-07, 1.06980841963e-07, 1.89398164707e-07, 8.42918339572e-08, 9.34507369266e-08, 1.18652032199e-07, 4.87458784448e-08, 2.52434180226e-08, 2.43788473853e-08, 1.79906329834e-08, 1.68099045794e-08, 5.49735865718e-08, 7.40294581192e-08, 8.04066502269e-08, 2.08445971595e-08, 3.88944247903e-14]
    },
    "erbbands": {
        "dmean": [0.0892396718264, 0.519765675068, 0.746419489384, 1.91449713707, 10.6951322556, 27.7742176056, 12.9828634262, 6.01960134506, 5.83667039871, 15.0409898758, 16.1091823578, 12.2788038254, 7.28818893433, 9.83008384705, 14.4117069244, 6.63074302673, 6.61753606796, 7.96826839447, 7.34130716324, 8.90608787537, 8.34564590454, 7.68721675873, 6.90495157242, 4.98641300201, 3.61786818504, 4.00083971024, 3.06420397758, 2.67747116089, 2.81591010094, 2.4818482399, 3.46198272705, 2.70911884308, 1.97374463081, 1.20560479164, 0.801725029945, 0.356405049562, 0.0995719507337, 0.00839963927865, 0.000167020552908, 2.06134063774e-05],
        "dmean2": [0.151543676853, 0.888080358505, 1.09538185596, 2.71761083603, 16.0688171387, 40.2669029236, 21.1810302734, 9.87521648407, 9.21283531189, 24.4176712036, 24.9627037048, 18.7481899261, 11.6047544479, 15.3660707474, 23.3369178772, 10.3772296906, 10.4322223663, 12.1958904266, 12.0022220612, 14.386806488, 13.3509206772, 12.1790809631, 10.8161258698, 7.77122211456, 5.69216632843, 6.18376731873, 4.44303274155, 3.8191204071, 4.17871665955, 3.57101035118, 5.18769598007, 4.12158870697, 3.07415223122, 1.85193014145, 1.20696389675, 0.544088363647, 0.146430715919, 0.0132144773379, 0.000256890256424, 3.0324808904e-05],
        "dvar": [0.032298758626, 2.06415009499, 4.58958005905, 29.2382507324, 1161.08422852, 8180.84375, 1083.20935059, 137.721694946, 153.413787842, 680.735595703, 771.802734375, 727.032226562, 210.055526733, 591.523010254, 829.651000977, 229.868179321, 140.685897827, 258.120025635, 202.360290527, 203.111312866, 204.978805542, 205.302215576, 165.640075684, 76.8400650024, 36.5851821899, 43.5759735107, 23.2630214691, 17.5813140869, 18.1240272522, 15.3590679169, 78.5083084106, 43.8846931458, 20.6846160889, 7.50071525574, 3.27481245995, 0.687827646732, 0.0439630113542, 0.000424129801104, 1.40135568927e-07, 1.19207832494e-09],
        "dvar2": [0.0939236059785, 6.11559534073, 8.93415641785, 50.7994155884, 2695.90844727, 17687.9433594, 2808.06079102, 358.70980835, 379.171539307, 1681.04125977, 1899.8371582, 1403.69360352, 488.371551514, 1289.9173584, 2079.28613281, 540.760986328, 333.974304199, 676.248962402, 572.648742676, 505.556640625, 496.862182617, 506.026000977, 402.533996582, 174.306350708, 85.5862731934, 102.49697113, 48.9914703369, 36.1209259033, 41.6655693054, 34.7901916504, 191.077362061, 108.789398193, 52.6984367371, 17.0450305939, 7.4590010643, 1.59641814232, 0.101457037032, 0.00104674394242, 3.40449958003e-07, 2.66254596148e-09],
        "max": [1.41851866245, 15.1470088959, 24.3166828156, 92.3739089966, 357.262023926, 985.949523926, 292.915222168, 120.122421265, 139.889587402, 277.170440674, 462.576171875, 632.095153809, 250.432983398, 510.377288818, 359.105926514, 282.19039917, 202.210037231, 218.296600342, 216.723815918, 158.614562988, 123.646507263, 163.927886963, 153.180755615, 100.00843811, 52.9302940369, 119.046005249, 45.9978027344, 30.2014484406, 34.8488693237, 37.104473114, 83.4371643066, 67.778755188, 39.2754898071, 41.6598701477, 21.8309288025, 10.408364296, 1.62315177917, 0.222808927298, 0.00376637489535, 0.0003213637101],
        "mean": [0.166797935963, 0.683790683746, 0.977346360683, 2.55763530731, 11.1962070465, 29.5481433868, 15.1601247787, 7.28187847137, 7.65067386627, 18.6881713867, 22.6298999786, 17.7913360596, 9.80017089844, 13.1640968323, 20.2877349854, 9.71633815765, 9.29703998566, 11.7657728195, 10.2715454102, 11.8858451843, 10.1266918182, 9.19480037689, 8.44235038757, 6.27592563629, 4.61366510391, 5.99492835999, 4.31380176544, 3.49123811722, 3.9754884243, 3.34350991249, 3.63896727562, 2.75216054916, 1.98745822906, 1.37390089035, 0.866213858128, 0.358232647181, 0.103915177286, 0.00816708337516, 0.000172952321009, 3.29106806021e-05],
        "median": [0.130502477288, 0.340570241213, 0.105106420815, 0.253385782242, 1.12593495846, 3.80950450897, 4.03047895432, 2.14718031883, 2.90789413452, 6.49190187454, 8.18230056763, 5.30923986435, 3.94919037819, 4.64052677155, 6.37125873566, 3.87069582939, 4.26563167572, 4.8756814003, 5.00943565369, 5.07045125961, 4.04368543625, 3.37665820122, 3.23304152489, 2.89237070084, 2.34779524803, 3.16415643692, 1.9840041399, 1.56806910038, 2.37714576721, 1.86123049259, 1.04854023457, 0.745671570301, 0.548613727093, 0.323057740927, 0.116551436484, 0.0428145676851, 0.0157086700201, 0.00110392668284, 3.20472026942e-05, 1.78085665539e-05],
        "min": [6.70777353662e-06, 2.56624207395e-05, 0.000104974213173, 0.000481345283333, 0.00495808105916, 0.0102616082877, 0.0150758465752, 0.0200074706227, 0.0437261164188, 0.0252600144595, 0.0143019221723, 0.0155131565407, 0.0435387939215, 0.0334844142199, 0.0553255714476, 0.0365844853222, 0.0290460232645, 0.0504295006394, 0.032917290926, 0.0445845425129, 0.0396397709846, 0.0165105983615, 0.0174738205969, 0.0231234394014, 0.0163502581418, 0.00916406884789, 0.00995179545134, 0.00580094568431, 0.00446642842144, 0.00906331744045, 0.00272004515864, 0.00224754167721, 0.000927550718188, 0.000435080786701, 1.39649573612e-05, 6.68396126002e-07, 1.15179602744e-07, 2.63989115012e-08, 5.6419132477e-08, 1.17792680498e-07],
        "var": [0.0406810864806, 1.96346616745, 6.97896289825, 70.2919464111, 1276.26989746, 10094.4101562, 1104.0690918, 166.095825195, 182.630126953, 879.345397949, 1876.48205566, 1689.42785645, 307.849151611, 969.851806641, 1407.70507812, 399.095947266, 226.830581665, 426.902740479, 237.413040161, 292.157592773, 262.405853271, 259.2578125, 193.968811035, 90.2787399292, 42.0634880066, 62.5484466553, 34.0338516235, 24.1216049194, 22.5962543488, 18.2226734161, 69.2398452759, 38.0288009644, 18.2844772339, 10.7346858978, 4.45623874664, 0.743430733681, 0.0517179556191, 0.000424224155722, 1.47008350382e-07, 1.59279589518e-09]
    },
    "gfcc": {
        "mean": [-25.5973205566, 75.6112518311, -112.527854919, 31.4770450592, -70.5907821655, 18.1420402527, -43.2345581055, 11.1353902817, -22.2814941406, 6.92816162109, -15.485657692, 4.3140873909, -5.97958230972],
        "cov": [[4387.02294922, -852.164978027, 477.988433838, -7.97870540619, 102.712532043, 110.012840271, -258.832977295, 166.517715454, -168.883651733, 170.786697388, -232.721481323, 155.986129761, -266.952728271], [-852.164978027, 1105.14562988, -72.4447631836, 234.413528442, 179.71673584, 25.7775611877, 287.705291748, -51.8058738708, 217.846069336, -97.1645431519, 160.59312439, -113.635253906, 158.140655518], [477.988433838, -72.4447631836, 1012.41998291, 197.619171143, 248.408065796, 164.764160156, -56.3100738525, 144.661529541, -1.56075036526, 161.833770752, -45.6991958618, 71.2167358398, -83.246635437], [-7.97870540619, 234.413528442, 197.619171143, 365.740264893, 213.360977173, 72.234161377, 62.2670326233, 73.7398834229, 141.55847168, 17.453792572, 46.3426551819, -22.4720973969, 66.9399719238], [102.712532043, 179.71673584, 248.408065796, 213.360977173, 344.045135498, 165.101852417, 133.300689697, 155.09274292, 140.530410767, 89.3771286011, 27.8578033447, 39.1641540527, 27.8996524811], [110.012840271, 25.7775611877, 164.764160156, 72.234161377, 165.101852417, 313.736907959, 162.963699341, 134.408462524, 76.7519378662, 97.9828948975, 70.0026016235, 23.0269126892, 9.55472660065], [-258.832977295, 287.705291748, -56.3100738525, 62.2670326233, 133.300689697, 162.963699341, 297.176055908, 126.054298401, 148.666229248, 54.0296897888, 88.7877044678, -7.38389396667, 52.8754882812], [166.517715454, -51.8058738708, 144.661529541, 73.7398834229, 155.09274292, 134.408462524, 126.054298401, 274.398590088, 160.040710449, 137.432220459, 24.1519050598, 39.042640686, 4.62976121902], [-168.883651733, 217.846069336, -1.56075036526, 141.55847168, 140.530410767, 76.7519378662, 148.666229248, 160.040710449, 246.948043823, 78.3305130005, 74.3253479004, -6.98876857758, 52.0137252808], [170.786697388, -97.1645431519, 161.833770752, 17.453792572, 89.3771286011, 97.9828948975, 54.0296897888, 137.432220459, 78.3305130005, 179.328536987, 27.2734127045, 53.3494415283, -15.614777565], [-232.721481323, 160.59312439, -45.6991958618, 46.3426551819, 27.8578033447, 70.0026016235, 88.7877044678, 24.1519050598, 74.3253479004, 27.2734127045, 140.446212769, 35.5521316528, 54.0692596436], [155.986129761, -113.635253906, 71.2167358398, -22.4720973969, 39.1641540527, 23.0269126892, -7.38389396667, 39.042640686, -6.98876857758, 53.3494415283, 35.5521316528, 138.900497437, 11.0569820404], [-266.952728271, 158.140655518, -83.246635437, 66.9399719238, 27.8996524811, 9.55472660065, 52.8754882812, 4.62976121902, 52.0137252808, -15.614777565, 54.0692596436, 11.0569820404, 158.450698853]],
        "icov": [[0.000330886483425, -1.30449197968e-05, 8.83665343281e-05, -0.000271223572781, 8.28931515571e-05, -0.00028122990625, 0.000264377566054, -0.000241377245402, 0.000215338339331, -0.000161885051057, 0.000558553030714, -0.000468738056952, 0.000408156221965], [-1.30449197968e-05, 0.0034334550146, -0.00102741678711, 0.000686051207595, -0.00211367732845, 0.00207894481719, -0.00310103502125, 0.00282176095061, -0.00215026782826, 0.00187418970745, -0.00307568768039, 0.00282020377927, -0.00133585371077], [8.83665343281e-05, -0.00102741678711, 0.00221102079377, -0.00141833547968, -3.57236094715e-05, -0.00126754830126, 0.00177893787622, -0.00131883926224, 0.00182534952182, -0.00183871900663, 0.00148182432167, -0.00129948928952, 0.00126735796221], [-0.000271223572781, 0.000686051207595, -0.00141833547968, 0.0071384194307, -0.00424059433863, 0.00102555484045, 0.000807740434539, 0.00127072725445, -0.00327893858775, 0.00222402485088, -0.00308280438185, 0.00342152011581, -0.00241566379555], [8.28931515571e-05, -0.00211367732845, -3.57236094715e-05, -0.00424059433863, 0.00982148107141, -0.00348940980621, -0.000223882088903, -0.00192397576757, -0.000439356896095, -0.00123113160953, 0.00556522561237, -0.00521490909159, 0.00112167629413], [-0.00028122990625, 0.00207894481719, -0.00126754830126, 0.00102555484045, -0.00348940980621, 0.00838441494852, -0.00458391942084, 8.89145667315e-05, 0.0014412032906, -6.22871011728e-05, -0.00556946964934, 0.00374746811576, -0.000852228491567], [0.000264377566054, -0.00310103502125, 0.00177893787622, 0.000807740434539, -0.000223882088903, -0.00458391942084, 0.0109449820593, -0.00398176489398, -1.59633182193e-05, -0.000992601388134, 0.000554347701836, -0.000907984212972, 0.000695179274771], [-0.000241377245402, 0.00282176095061, -0.00131883926224, 0.00127072725445, -0.00192397576757, 8.89145667315e-05, -0.00398176489398, 0.0129039362073, -0.00770899420604, -0.00194498128258, 0.000987022765912, 0.000351583206793, -0.00118996307719], [0.000215338339331, -0.00215026782826, 0.00182534952182, -0.00327893858775, -0.000439356896095, 0.0014412032906, -1.59633182193e-05, -0.00770899420604, 0.0145783666521, -0.00368779175915, -0.00237860856578, 0.00129089714028, 0.000646734959446], [-0.000161885051057, 0.00187418970745, -0.00183871900663, 0.00222402485088, -0.00123113160953, -6.22871011728e-05, -0.000992601388134, -0.00194498128258, -0.00368779175915, 0.0128412358463, -0.00295185740106, -0.000499292043969, 7.78917965363e-05], [0.000558553030714, -0.00307568768039, 0.00148182432167, -0.00308280438185, 0.00556522561237, -0.00556946964934, 0.000554347701836, 0.000987022765912, -0.00237860856578, -0.00295185740106, 0.0182719342411, -0.00896762311459, 0.000114336282422], [-0.000468738056952, 0.00282020377927, -0.00129948928952, 0.00342152011581, -0.00521490909159, 0.00374746811576, -0.000907984212972, 0.000351583206793, 0.00129089714028, -0.000499292043969, -0.00896762311459, 0.0147608797997, -0.00319053558633], [0.000408156221965, -0.00133585371077, 0.00126735796221, -0.00241566379555, 0.00112167629413, -0.000852228491567, 0.000695179274771, -0.00118996307719, 0.000646734959446, 7.78917965363e-05, 0.000114336282422, -0.00319053558633, 0.00965405348688]]
    },
    "melbands": {
        "dmean": [0.000744237622712, 0.000451491767308, 0.00046638949425, 0.00151755486149, 0.000576507824007, 0.000143020894029, 9.36046344577e-05, 0.000173694803379, 0.000131727123517, 6.80906159687e-05, 3.63334729627e-05, 3.96519026253e-05, 5.43008536624e-05, 2.03917734325e-05, 1.76181238203e-05, 1.33361791086e-05, 1.62760334206e-05, 1.27966068248e-05, 1.14282047434e-05, 1.30811276904e-05, 9.65910112427e-06, 8.52216453495e-06, 7.54020447857e-06, 5.59893442187e-06, 4.18498211729e-06, 2.81482994069e-06, 2.79738969766e-06, 2.67143036581e-06, 1.95948996407e-06, 1.88879641883e-06, 1.57078829943e-06, 1.61295236012e-06, 1.60448678344e-06, 1.28282863443e-06, 2.14910551222e-06, 1.78427023911e-06, 1.69444342646e-06, 1.51106848989e-06, 1.03077752556e-06, 1.05735739453e-06],
        "dmean2": [0.00126931618433, 0.000689255422913, 0.000682152749505, 0.00219652079977, 0.000895844306797, 0.000235822793911, 0.000148295075633, 0.000282292079646, 0.000204374518944, 0.000104387610918, 5.80434789299e-05, 6.22552615823e-05, 8.75149780768e-05, 3.2327559893e-05, 2.76784048765e-05, 2.11596379813e-05, 2.51452020166e-05, 2.11270944419e-05, 1.82919793588e-05, 2.1465768441e-05, 1.5451303625e-05, 1.37472634378e-05, 1.21312768897e-05, 8.84695054992e-06, 6.64514527671e-06, 4.48106038675e-06, 4.48373521067e-06, 4.11963628721e-06, 2.96508756037e-06, 2.76395962828e-06, 2.32402203437e-06, 2.39960968429e-06, 2.42993428401e-06, 1.86833005955e-06, 3.35401227858e-06, 2.6446020911e-06, 2.69104589279e-06, 2.40511531047e-06, 1.62280321092e-06, 1.64695688909e-06],
        "dvar": [2.66498250312e-06, 1.62869957876e-06, 1.8478298216e-06, 2.52344907494e-05, 2.29761394621e-06, 8.15548659716e-08, 3.88485368319e-08, 8.66540048605e-08, 4.96871024325e-08, 2.19879545682e-08, 5.44034195471e-09, 1.02977635308e-08, 1.42035352368e-08, 1.50549739342e-09, 1.04447794858e-09, 6.01002581035e-10, 1.28617305695e-09, 7.50618067702e-10, 3.57045032429e-10, 5.12927922358e-10, 3.06857872445e-10, 2.96202867789e-10, 1.87672974383e-10, 1.06722769511e-10, 5.81324814675e-11, 2.38908493683e-11, 2.2863400409e-11, 1.96948169578e-11, 9.53540718607e-12, 1.20902558798e-11, 5.8974708797e-12, 5.87599543675e-12, 6.63524356986e-12, 3.92307237043e-12, 4.02408453781e-11, 1.24162954224e-11, 2.09697710585e-11, 1.42363646913e-11, 4.49716305861e-12, 6.18311608511e-12],
        "dvar2": [7.88645047578e-06, 3.89486967833e-06, 3.5455516354e-06, 5.54261496291e-05, 5.48082198293e-06, 2.19434070914e-07, 9.7553545686e-08, 2.13188741327e-07, 1.18001153737e-07, 4.27094377642e-08, 1.28379520348e-08, 2.25960832267e-08, 3.49766757779e-08, 3.71240016506e-09, 2.35762653844e-09, 1.50289258816e-09, 3.38993744187e-09, 2.1405563988e-09, 9.08361164065e-10, 1.28012145328e-09, 7.53434536982e-10, 7.48291095753e-10, 4.51168158389e-10, 2.62263349926e-10, 1.3701569046e-10, 5.71360736501e-11, 5.57906429388e-11, 4.72599528956e-11, 2.11867277194e-11, 2.74985850063e-11, 1.2593299667e-11, 1.35587201189e-11, 1.58854041032e-11, 8.7548536129e-12, 1.02868644158e-10, 2.79963968675e-11, 5.33015194482e-11, 3.68247515814e-11, 1.10874625453e-11, 1.36777082715e-11],
        "max": [0.0154441213235, 0.0144992116839, 0.0200377311558, 0.054951056838, 0.0129586029798, 0.00291297282092, 0.0020999610424, 0.00307635380886, 0.00353782717139, 0.00344666978344, 0.00123145931866, 0.00202708528377, 0.00163255596999, 0.000505370786414, 0.000457913818536, 0.000345414329786, 0.000499414687511, 0.000393300113501, 0.000211773847695, 0.000271104450803, 0.000194774926058, 0.000186682285857, 0.000180558839929, 0.000100631426903, 9.04439148144e-05, 4.93242150696e-05, 6.40470243525e-05, 7.64547585277e-05, 2.46240069828e-05, 3.50382833858e-05, 1.82163093996e-05, 2.46238651016e-05, 2.7481428333e-05, 1.72896434378e-05, 6.39232093818e-05, 3.23881104123e-05, 4.79625814478e-05, 3.34455726261e-05, 2.81061747955e-05, 3.69587178284e-05],
        "mean": [0.00127347745001, 0.000647229258902, 0.00059150904417, 0.00160379253794, 0.00069956673542, 0.000167694757693, 0.000121363758808, 0.000215481923078, 0.000186172503163, 9.62147241808e-05, 4.53374814242e-05, 4.9604139349e-05, 7.60679758969e-05, 2.77774870483e-05, 2.35265833908e-05, 1.77437959792e-05, 2.30921705224e-05, 1.68143997143e-05, 1.48999797602e-05, 1.57284684974e-05, 1.12897805593e-05, 9.5923724075e-06, 9.02287956706e-06, 6.67177255309e-06, 4.98734470966e-06, 3.26010331264e-06, 3.7585773498e-06, 3.91909861719e-06, 2.71893259196e-06, 2.33127229876e-06, 1.94562721845e-06, 2.21580899051e-06, 2.20110268856e-06, 1.6637114868e-06, 2.14855322156e-06, 1.86945328551e-06, 1.63392383001e-06, 1.45170452015e-06, 1.11499230115e-06, 1.17898935059e-06],
        "median": [0.00103326281533, 0.000192846244317, 6.13802185399e-05, 0.000206826938665, 0.000152701046318, 4.6441633458e-05, 4.3652842578e-05, 7.34408458811e-05, 6.27385015832e-05, 2.80018302874e-05, 1.55586803885e-05, 1.47569708133e-05, 1.95495777007e-05, 9.93863250187e-06, 8.70717030921e-06, 6.8368731263e-06, 8.41007295094e-06, 7.10918175173e-06, 5.68986888538e-06, 6.49296453048e-06, 3.84725581171e-06, 3.30282750838e-06, 3.384667707e-06, 2.51265714724e-06, 2.23380538955e-06, 1.44419243497e-06, 1.98948646357e-06, 2.02085311685e-06, 1.23172219446e-06, 9.82399228633e-07, 8.54300708397e-07, 1.31238630274e-06, 1.35005916491e-06, 8.61809951402e-07, 5.78437607146e-07, 5.09646099545e-07, 4.1114361693e-07, 3.78851098048e-07, 3.13351932846e-07, 2.3816532746e-07],
        "min": [7.33242231377e-08, 3.72176742758e-08, 5.73674157067e-08, 4.03968812179e-07, 2.78451040003e-07, 3.03783565414e-07, 2.92050515327e-07, 1.03562470599e-07, 6.81108218714e-08, 1.05913194659e-07, 1.48049096538e-07, 9.56132879537e-08, 1.37212381901e-07, 1.25969393139e-07, 6.98005635513e-08, 5.0365262183e-08, 8.3106598936e-08, 1.05140607332e-08, 7.33500087335e-08, 5.48165601799e-08, 4.2428730751e-08, 1.71294338713e-08, 1.97289384829e-08, 1.23590204737e-08, 1.80340435918e-08, 6.45422115753e-09, 8.41460146006e-09, 5.39383027132e-09, 4.40685488101e-09, 2.374455077e-09, 5.68485276214e-12, 8.36537644711e-11, 3.8563654492e-09, 7.32492400068e-10, 1.1177885284e-09, 7.32393659608e-12, 2.46690792793e-11, 4.48544118514e-10, 3.0178906596e-10, 1.07208590963e-11],
