{
"highlevel": {
    "danceability": {
        "all": {
            "danceable": 0.14970651269,
            "not_danceable": 0.850293517113
        },
        "probability": 0.850293517113,
        "value": "not_danceable"
    },
    "gender": {
        "all": {
            "female": 0.213050872087,
            "male": 0.786949157715
        },
        "probability": 0.786949157715,
        "value": "male"
    },
    "genre_dortmund": {
        "all": {
            "alternative": 0.224751710892,
            "blues": 0.00969879887998,
            "electronic": 0.0920383259654,
            "folkcountry": 0.0367843769491,
            "funksoulrnb": 0.00422089220956,
            "jazz": 0.00273570884019,
            "pop": 0.0430377647281,
            "raphiphop": 0.00582802388817,
            "rock": 0.580904424191
        },
        "probability": 0.580904424191,
        "value": "rock"
    },
    "genre_electronic": {
        "all": {
            "ambient": 0.294064193964,
            "dnb": 0.352534294128,
            "house": 0.0322063192725,
            "techno": 0.0186251010746,
            "trance": 0.302570074797
        },
        "probability": 0.352534294128,
        "value": "dnb"
    },
    "genre_rosamerica": {
        "all": {
            "cla": 0.000912593211979,
            "dan": 0.00429553817958,
            "hip": 0.00076802802505,
            "jaz": 0.000258683139691,
            "pop": 0.0421662703156,
            "rhy": 0.00113996968139,
            "roc": 0.950048625469,
            "spe": 0.000410290638683
        },
        "probability": 0.950048625469,
        "value": "roc"
    },
    "genre_tzanetakis": {
        "all": {
            "blu": 0.0626613423228,
            "cla": 0.0348169617355,
            "cou": 0.104475811124,
            "dis": 0.0784321576357,
            "hip": 0.15692435205,
            "jaz": 0.313974827528,
            "met": 0.0448166541755,
            "pop": 0.0627359300852,
            "reg": 0.0627360641956,
            "roc": 0.0784258767962
        },
        "probability": 0.313974827528,
        "value": "jaz"
    },
    "ismir04_rhythm": {
        "all": {
            "ChaChaCha": 0.057244669646,
            "Jive": 0.373644381762,
            "Quickstep": 0.0423942543566,
            "Rumba-American": 0.00704867113382,
            "Rumba-International": 0.0302719697356,
            "Rumba-Misc": 0.00490729929879,
            "Samba": 0.30321854353,
            "Tango": 0.0182559154928,
            "VienneseWaltz": 0.147212833166,
            "Waltz": 0.0158014707267
        },
        "probability": 0.373644381762,
        "value": "Jive"
    },
    "mood_acoustic": {
        "all": {
            "acoustic": 0.0125758806244,
            "not_acoustic": 0.987424135208
        },
        "probability": 0.987424135208,
        "value": "not_acoustic"
    },
    "mood_aggressive": {
        "all": {
            "aggressive": 0.91470092535,
            "not_aggressive": 0.085299089551
        },
        "probability": 0.91470092535,
        "value": "aggressive"
    },
    "mood_electronic": {
        "all": {
            "electronic": 0.842517852783,
            "not_electronic": 0.157482162118
        },
        "probability": 0.842517852783,
        "value": "electronic"
    },
    "mood_happy": {
        "all": {
            "happy": 0.236028328538,
            "not_happy": 0.763971686363
        },
        "probability": 0.763971686363,
        "value": "not_happy"
    },
    "mood_party": {
        "all": {
            "not_party": 0.333954632282,
            "party": 0.666045367718
        },
        "probability": 0.666045367718,
        "value": "party"
    },
    "mood_relaxed": {
        "all": {
            "not_relaxed": 0.684621870518,
            "relaxed": 0.315378159285
        },
        "probability": 0.684621870518,
        "value": "not_relaxed"
    },
    "mood_sad": {
        "all": {
            "not_sad": 0.912760317326,
            "sad": 0.0872396677732
        },
        "probability": 0.912760317326,
        "value": "not_sad"
    },
    "moods_mirex": {
        "all": {
            "Cluster1": 0.381954997778,
            "Cluster2": 0.0944003239274,
            "Cluster3": 0.0835474431515,
            "Cluster4": 0.0688057765365,
            "Cluster5": 0.371291458607
        },
        "probability": 0.381954997778,
        "value": "Cluster1"
    },
    "timbre": {
        "all": {
            "bright": 0.193441331387,
            "dark": 0.806558668613
        },
        "probability": 0.806558668613,
        "value": "dark"
    },
    "tonal_atonal": {
        "all": {
            "atonal": 0.912445068359,
            "tonal": 0.0875549539924
        },
        "probability": 0.912445068359,
        "value": "atonal"
    },
    "voice_instrumental": {
        "all": {
            "instrumental": 0.00343522592448,
            "voice": 0.996564745903
        },
        "probability": 0.996564745903,
        "value": "voice"
    }
},
"lowlevel": {
    "average_loudness": 0.976198613644,
    "barkbands_crest": {
        "dmean": 2.61886286736,
        "dmean2": 4.44170618057,
        "dvar": 6.33871269226,
        "dvar2": 18.0207080841,
        "max": 23.3478221893,
        "mean": 8.18151569366,
        "median": 7.46957445145,
        "min": 2.67257666588,
        "var": 10.5603780746
    },
    "barkbands_flatness_db": {
        "dmean": 0.0175278820097,
        "dmean2": 0.0279563907534,
        "dvar": 0.000263474270469,
        "dvar2": 0.000664703082293,
        "max": 0.366377085447,
        "mean": 0.132272064686,
        "median": 0.117156378925,
        "min": 0.0466461181641,
        "var": 0.00282312044874
    },
    "barkbands_kurtosis": {
        "dmean": 1.42168807983,
        "dmean2": 2.38126325607,
        "dvar": 7.02002763748,
        "dvar2": 17.8334312439,
        "max": 37.9339637756,
        "mean": 1.25013685226,
        "median": 0.177191495895,
        "min": -1.49773180485,
        "var": 13.3764438629
    },
    "barkbands_skewness": {
        "dmean": 0.404024213552,
        "dmean2": 0.662226617336,
        "dvar": 0.176960736513,
        "dvar2": 0.444196790457,
        "max": 4.83892679214,
        "mean": 1.05146789551,
        "median": 0.940909445286,
        "min": -0.35980027914,
        "var": 0.494214653969
    },
    "barkbands_spread": {
        "dmean": 4.24962377548,
        "dmean2": 6.71407747269,
        "dvar": 16.7426624298,
        "dvar2": 40.1617202759,
        "max": 84.1439208984,
        "mean": 25.3880653381,
        "median": 25.9455337524,
        "min": 1.41929864883,
        "var": 114.780944824
    },
    "dissonance": {
        "dmean": 0.0154773527756,
        "dmean2": 0.0262340698391,
        "dvar": 0.000238544991589,
        "dvar2": 0.000678904820234,
        "max": 0.499748826027,
        "mean": 0.473272740841,
        "median": 0.478577494621,
        "min": 0.293659627438,
        "var": 0.000474104599562
    },
    "dynamic_complexity": 1.31025755405,
    "erbbands_crest": {
        "dmean": 1.85575640202,
        "dmean2": 3.05069112778,
        "dvar": 2.76640987396,
        "dvar2": 7.43243932724,
        "max": 18.5887622833,
        "mean": 6.87306642532,
        "median": 6.2457947731,
        "min": 2.35924220085,
        "var": 6.17214870453
    },
    "erbbands_flatness_db": {
        "dmean": 0.0134784728289,
        "dmean2": 0.0198985245079,
        "dvar": 0.000184899239684,
        "dvar2": 0.000328084046487,
        "max": 0.324344575405,
        "mean": 0.158946245909,
        "median": 0.156173706055,
        "min": 0.0736209526658,
        "var": 0.00116892089136
    },
    "erbbands_kurtosis": {
        "dmean": 0.524031341076,
        "dmean2": 0.850542366505,
        "dvar": 0.29745465517,
        "dvar2": 0.808554708958,
        "max": 6.22353935242,
        "mean": 0.0124469399452,
        "median": -0.148879051208,
        "min": -1.38700222969,
        "var": 0.722797036171
    },
    "erbbands_skewness": {
        "dmean": 0.276654720306,
        "dmean2": 0.438223540783,
        "dvar": 0.0521696358919,
        "dvar2": 0.128618359566,
        "max": 2.29872536659,
        "mean": 0.185072883964,
        "median": 0.150259554386,
        "min": -1.3097730875,
        "var": 0.227841883898
    },
    "erbbands_spread": {
        "dmean": 5.16425466537,
        "dmean2": 8.05785560608,
        "dvar": 28.0228176117,
        "dvar2": 60.2368087769,
        "max": 84.1803283691,
        "mean": 31.5976963043,
        "median": 30.145526886,
        "min": 8.47598552704,
        "var": 106.344451904
    },
    "hfc": {
        "dmean": 6.18493890762,
        "dmean2": 9.66494083405,
        "dvar": 78.2215652466,
        "dvar2": 175.909591675,
        "max": 197.337478638,
        "mean": 29.4539413452,
        "median": 25.6931152344,
        "min": 3.33224844933,
        "var": 316.201538086
    },
    "melbands_crest": {
        "dmean": 4.15017080307,
        "dmean2": 7.09050321579,
        "dvar": 11.5685987473,
        "dvar2": 34.6015930176,
        "max": 31.3032417297,
        "mean": 13.2717514038,
        "median": 12.3753681183,
        "min": 4.64840221405,
        "var": 21.7757778168
    },
    "melbands_flatness_db": {
        "dmean": 0.0224960036576,
        "dmean2": 0.0355107039213,
        "dvar": 0.000443458236987,
        "dvar2": 0.00109789206181,
        "max": 0.468375891447,
        "mean": 0.182324901223,
        "median": 0.162728488445,
        "min": 0.0626920163631,
        "var": 0.00486771576107
    },
    "melbands_kurtosis": {
        "dmean": 3.5411093235,
        "dmean2": 5.87143468857,
        "dvar": 41.7361755371,
        "dvar2": 104.643768311,
        "max": 90.4709701538,
        "mean": 5.62804555893,
        "median": 3.49538135529,
        "min": -0.927145957947,
        "var": 63.5567893982
    },
    "melbands_skewness": {
        "dmean": 0.552262187004,
        "dmean2": 0.89347743988,
        "dvar": 0.373030215502,
        "dvar2": 0.934548199177,
        "max": 7.67297077179,
        "mean": 1.91041910648,
        "median": 1.74912202358,
        "min": 0.010390188545,
        "var": 0.812554001808
    },
    "melbands_spread": {
        "dmean": 6.06880521774,
        "dmean2": 9.83221244812,
        "dvar": 31.4239559174,
        "dvar2": 79.5386734009,
        "max": 79.0436248779,
        "mean": 27.5036468506,
        "median": 27.8286342621,
        "min": 1.24114191532,
        "var": 149.921966553
    },
    "pitch_salience": {
        "dmean": 0.0700723230839,
        "dmean2": 0.118729665875,
        "dvar": 0.00366469868459,
        "dvar2": 0.0106323985383,
        "max": 0.794939875603,
        "mean": 0.569034278393,
        "median": 0.573970615864,
        "min": 0.232254743576,
        "var": 0.00692151067778
    },
    "silence_rate_20dB": {
        "dmean": 0,
        "dmean2": 0,
        "dvar": 0,
        "dvar2": 0,
        "max": 1,
        "mean": 1,
        "median": 1,
        "min": 1,
        "var": 0
    },
    "silence_rate_30dB": {
        "dmean": 0.0356037169695,
        "dmean2": 0.0712625905871,
        "dvar": 0.0343361124396,
        "dvar2": 0.087873660028,
        "max": 1,
        "mean": 0.975251376629,
        "median": 1,
        "min": 0,
        "var": 0.0241359751672
    },
    "silence_rate_60dB": {
        "dmean": 0,
        "dmean2": 0,
        "dvar": 0,
        "dvar2": 0,
        "max": 0,
        "mean": 0,
        "median": 0,
        "min": 0,
        "var": 0
    },
    "spectral_centroid": {
        "dmean": 182.223327637,
        "dmean2": 289.439208984,
        "dvar": 23357.859375,
        "dvar2": 58913.4765625,
        "max": 2918.37866211,
        "mean": 1399.96569824,
        "median": 1465.45495605,
        "min": 262.617095947,
        "var": 213851.59375
    },
    "spectral_complexity": {
        "dmean": 3.61764717102,
        "dmean2": 5.96824169159,
        "dvar": 9.77183628082,
        "dvar2": 24.6875724792,
        "max": 56,
        "mean": 30.8313999176,
        "median": 32,
        "min": 6,
        "var": 89.4147415161
    },
    "spectral_decrease": {
        "dmean": 3.53228668537e-09,
        "dmean2": 5.87442361422e-09,
        "dvar": 3.07801085859e-17,
        "dvar2": 7.98079538336e-17,
        "max": -3.44837225441e-09,
        "mean": -1.06529505217e-08,
        "median": -9.19838250013e-09,
        "min": -5.57401271806e-08,
        "var": 3.36664494543e-17
    },
    "spectral_energy": {
        "dmean": 0.0136720584705,
        "dmean2": 0.0227167569101,
        "dvar": 0.000454039865872,
        "dvar2": 0.00117273489013,
        "max": 0.21514031291,
        "mean": 0.0428782850504,
        "median": 0.0372893474996,
        "min": 0.013392360881,
        "var": 0.00050898414338
    },
    "spectral_energyband_high": {
        "dmean": 0.000311282870825,
        "dmean2": 0.00043782038847,
        "dvar": 5.4769725466e-07,
        "dvar2": 1.11725114493e-06,
        "max": 0.0192165318877,
        "mean": 0.000979336444288,
        "median": 0.000550979573745,
        "min": 6.28564407634e-07,
        "var": 2.19147568714e-06
    },
    "spectral_energyband_low": {
        "dmean": 0.00998131092638,
        "dmean2": 0.0169853959233,
        "dvar": 0.000365574640455,
        "dvar2": 0.00098396174144,
        "max": 0.188716709614,
        "mean": 0.0175497531891,
        "median": 0.0126056829467,
        "min": 0.00147205218673,
        "var": 0.000342934392393
    },
    "spectral_energyband_middle_high": {
        "dmean": 0.00279598217458,
        "dmean2": 0.00457183923572,
        "dvar": 1.06052484625e-05,
        "dvar2": 2.78793995676e-05,
        "max": 0.0542690716684,
        "mean": 0.0102192442864,
        "median": 0.00917181745172,
        "min": 0.00047014883603,
        "var": 4.16498151026e-05
    },
    "spectral_energyband_middle_low": {
        "dmean": 0.00565370311961,
        "dmean2": 0.00889346003532,
        "dvar": 6.98532967363e-05,
        "dvar2": 0.00016219211102,
        "max": 0.0968042165041,
        "mean": 0.0150738265365,
        "median": 0.0125507451594,
        "min": 0.00274478667416,
        "var": 0.000103871629108
    },
    "spectral_entropy": {
        "dmean": 0.0943201258779,
        "dmean2": 0.139342069626,
        "dvar": 0.0127552710474,
        "dvar2": 0.0227232221514,
        "max": 8.59631156921,
        "mean": 7.70603895187,
        "median": 7.78576946259,
        "min": 6.03679656982,
        "var": 0.142529994249
    },
    "spectral_flux": {
        "dmean": 0.02550679259,
        "dmean2": 0.041426692158,
        "dvar": 0.00113828270696,
        "dvar2": 0.00227078096941,
        "max": 0.348252296448,
        "mean": 0.110900215805,
        "median": 0.102775879204,
        "min": 0.0347651056945,
        "var": 0.00196151598357
    },
    "spectral_kurtosis": {
        "dmean": 1.89387309551,
        "dmean2": 3.19766163826,
        "dvar": 11.9203948975,
        "dvar2": 28.4117908478,
        "max": 62.1680908203,
        "mean": 4.83596467972,
        "median": 3.65299701691,
        "min": -0.610914945602,
        "var": 29.3734931946
    },
    "spectral_rms": {
        "dmean": 0.000936404103413,
        "dmean2": 0.00153297558427,
        "dvar": 1.31761908051e-06,
        "dvar2": 3.26633880832e-06,
        "max": 0.014487683773,
        "mean": 0.00631216401234,
        "median": 0.00603157095611,
        "min": 0.00361465313472,
        "var": 1.98900761461e-06
    },
    "spectral_rolloff": {
        "dmean": 367.44708252,
        "dmean2": 615.873840332,
        "dvar": 236459.46875,
        "dvar2": 527952.6875,
        "max": 8871.6796875,
        "mean": 1394.52685547,
        "median": 1356.59179688,
        "min": 86.1328125,
        "var": 744881.875
    },
    "spectral_skewness": {
        "dmean": 0.202050149441,
        "dmean2": 0.33797070384,
        "dvar": 0.0695251002908,
        "dvar2": 0.171282216907,
        "max": 5.3773431778,
        "mean": 1.50382232666,
        "median": 1.4046664238,
        "min": 0.179263293743,
        "var": 0.291370242834
    },
    "spectral_spread": {
        "dmean": 361650.15625,
        "dmean2": 504479.53125,
        "dvar": 350828789760,
        "dvar2": 435970899968,
        "max": 17398182,
        "mean": 3742126.75,
        "median": 3570403,
        "min": 925596.75,
        "var": 1.25497861734e+12
    },
    "spectral_strongpeak": {
        "dmean": 0.582125604153,
        "dmean2": 1.03332436085,
        "dvar": 0.605845987797,
        "dvar2": 1.53589892387,
        "max": 7.33698511124,
        "mean": 0.686208188534,
        "median": 0.285410404205,
        "min": 0,
        "var": 0.843442678452
    },
    "zerocrossingrate": {
        "dmean": 0.00671084364876,
        "dmean2": 0.00837566889822,
        "dvar": 4.97493965668e-05,
        "dvar2": 6.33638555882e-05,
        "max": 0.2314453125,
        "mean": 0.0538340471685,
        "median": 0.05224609375,
        "min": 0.005859375,
        "var": 0.000585861038417
    },
    "barkbands": {
        "dmean": [0.00166263268329, 0.00802745390683, 0.0022294127848, 0.0022240690887, 0.0019583539106, 0.00126845273189, 0.00143750349525, 0.00157118157949, 0.000595590623561, 0.00128462957218, 0.000408580439398, 0.00105826067738, 0.000525048351847, 0.000662803300656, 0.000432475761045, 0.00052662845701, 0.000319783168379, 0.00025724247098, 0.000159113682457, 0.000137932787766, 9.11438037292e-05, 6.82696845615e-05, 6.65742045385e-05, 8.22522051749e-05, 3.27842026309e-05, 1.38623800012e-05, 3.31556759825e-09],
        "dmean2": [0.0029923170805, 0.0136830955744, 0.00393375940621, 0.00370197137818, 0.00322375446558, 0.00211767526343, 0.0022431735415, 0.00236432347447, 0.000955277704634, 0.00212302664295, 0.00067887356272, 0.00173433648888, 0.000862167275045, 0.00112200970761, 0.000699731172062, 0.000887182017323, 0.000548305572011, 0.000440470146714, 0.000255091639701, 0.000231559286476, 0.000154660010594, 0.000105072082079, 0.000101571669802, 0.000110513625259, 4.5336142648e-05, 1.95365519176e-05, 5.63694513289e-09],
        "dvar": [4.02685373047e-06, 0.000275665923255, 2.35389288719e-05, 2.02483315661e-05, 1.13468131531e-05, 4.2940705498e-06, 5.64937772651e-06, 4.10849543186e-06, 1.30536864162e-06, 4.77979483549e-06, 4.05199472198e-07, 2.48462947638e-06, 4.19308264554e-07, 7.98650489742e-07, 3.61582038977e-07, 4.43405951955e-07, 1.25040344301e-07, 1.01126531149e-07, 3.4479505473e-08, 3.28000027139e-08, 2.33914310144e-08, 1.51813459581e-08, 2.82090422132e-08, 1.59613492201e-07, 1.25570691623e-08, 3.98769106624e-09, 4.9155979495e-16],
        "dvar2": [1.20883369163e-05, 0.000759433372878, 6.64902763674e-05, 4.45427940576e-05, 2.94647961709e-05, 1.09628326754e-05, 1.38494069688e-05, 8.29025157145e-06, 3.09518304675e-06, 1.25731103253e-05, 1.11023382487e-06, 6.9427364906e-06, 1.09341624466e-06, 2.13227485801e-06, 8.7093582124e-07, 1.1801311075e-06, 3.28404979655e-07, 2.80377378203e-07, 8.70671499342e-08, 8.83206610069e-08, 6.27185130497e-08, 3.12078434206e-08, 6.30161025583e-08, 3.6196166775e-07, 2.5466032838e-08, 8.2112148192e-09, 7.49767359828e-16],
        "max": [0.0232618525624, 0.171740099788, 0.0451942831278, 0.0676366463304, 0.0366261526942, 0.0235417895019, 0.0317927598953, 0.022355850786, 0.0266780778766, 0.0333450995386, 0.0107620935887, 0.0260978713632, 0.00816931575537, 0.0104135777801, 0.00660474412143, 0.00677030580118, 0.0039053321816, 0.00318252597935, 0.00223677395843, 0.00270849047229, 0.0025165497791, 0.00294494419359, 0.00350770168006, 0.0119540449232, 0.0027249539271, 0.00142951007001, 6.83819905589e-07],
        "mean": [0.00231304671615, 0.0117664244026, 0.00268109841272, 0.00269700074568, 0.00347139616497, 0.00208165333606, 0.00244847405702, 0.00296641956083, 0.00117500533815, 0.00205772905611, 0.000691397581249, 0.00188838748727, 0.000967318599578, 0.00117271102499, 0.000797789951321, 0.000959545257501, 0.00066692737164, 0.000544408860151, 0.000377751945052, 0.00033070918289, 0.000235493527725, 0.000175098437467, 0.00015572126722, 0.000167410486029, 6.56217816868e-05, 2.37443109654e-05, 2.56453591696e-09],
        "median": [0.00166130776051, 0.00790053140372, 0.00141790159978, 0.00116108171642, 0.00229087704793, 0.00119879329577, 0.00128949817736, 0.00170751579572, 0.000548452953808, 0.00118572975043, 0.000435734604253, 0.00118878425565, 0.000731088395696, 0.000849358737469, 0.000609884737059, 0.000773332372773, 0.000566464208532, 0.000444339239039, 0.000286333321128, 0.000252667086897, 0.000162054624525, 0.000100324381492, 6.65014522383e-05, 4.57543683297e-05, 1.56681016961e-05, 3.63341837328e-06, 5.82850545605e-10],
        "min": [3.71147507394e-07, 0.000136854563607, 3.43174760928e-05, 1.85730132216e-05, 4.71943203593e-05, 3.67459651898e-05, 2.46872241405e-05, 2.91387696052e-05, 3.94526068703e-05, 2.22767212108e-05, 7.61520368542e-06, 1.9450480977e-05, 1.34641304612e-05, 5.21137189935e-06, 8.24263497634e-06, 5.29377939529e-06, 3.60460921911e-06, 1.88475587493e-06, 1.27980013076e-06, 4.66002916255e-07, 3.21211189203e-07, 6.75283473583e-08, 3.80523452748e-08, 5.81720493997e-09, 3.99894076186e-11, 1.13708235536e-11, 1.13335738364e-11],
        "var": [5.70450220039e-06, 0.000235753017478, 1.92253628484e-05, 2.64346799668e-05, 1.43205879795e-05, 7.62997751735e-06, 1.12476182039e-05, 1.13791156764e-05, 4.07767583965e-06, 8.12135294836e-06, 8.45600197863e-07, 5.11914458912e-06, 7.68484710534e-07, 1.35037953441e-06, 5.87505610383e-07, 6.91358366112e-07, 2.66520174819e-07, 1.97131882373e-07, 1.07061772781e-07, 9.536906731e-08, 6.34942267652e-08, 6.74835973768e-08, 1.06255832577e-07, 3.00641545437e-07, 4.31829576542e-08, 9.74956471111e-09, 4.3628396006e-16]
    },
    "erbbands": {
        "dmean": [0.340562015772, 1.63428378105, 2.5652115345, 4.59709787369, 7.86460113525, 5.84166526794, 8.24587726593, 12.3920993805, 22.5054912567, 19.4424171448, 29.7539024353, 12.4802246094, 29.7775402069, 26.7073822021, 23.6845149994, 32.2580451965, 23.5452632904, 19.8296413422, 29.8307285309, 25.8039531708, 32.0380210876, 18.9823989868, 15.2531032562, 8.87248039246, 7.10949659348, 6.52775430679, 4.51541900635, 3.04255175591, 2.53468418121, 2.14324641228, 1.95046329498, 1.62683165073, 1.42163014412, 0.530982077122, 0.164222463965, 0.0850212201476, 0.0214263703674, 0.00147466058843, 3.35158147209e-05, 1.61936150107e-05],
        "dmean2": [0.591472506523, 2.81233310699, 4.55895376205, 7.79641485214, 13.0865058899, 9.79036235809, 13.8118553162, 20.1622810364, 35.0922355652, 30.2044887543, 44.0353927612, 20.1773071289, 48.9628944397, 44.5519104004, 39.2426185608, 53.1490058899, 38.9367446899, 33.14012146, 50.3759918213, 42.6325187683, 53.6565475464, 32.6454734802, 26.0019645691, 14.3308115005, 11.8145685196, 10.917725563, 7.61600351334, 4.98800754547, 3.91858077049, 3.2651116848, 3.04705190659, 2.44998383522, 1.98123371601, 0.754348218441, 0.219797641039, 0.121286347508, 0.03120325692, 0.00226184097119, 4.89160556754e-05, 2.63192250713e-05],
        "dvar": [0.307637274265, 12.9451036453, 33.9025421143, 65.3222045898, 301.939727783, 83.2838973999, 144.625030518, 402.091430664, 1721.77783203, 572.044433594, 1364.21008301, 422.470977783, 2345.57080078, 2375.61474609, 1023.74682617, 2268.23730469, 750.565734863, 750.474182129, 1435.84509277, 1478.78564453, 1721.86108398, 505.251068115, 337.226470947, 140.262619019, 73.7696609497, 70.8551177979, 65.431427002, 19.505897522, 21.2512531281, 19.5970077515, 27.8939323425, 40.1509132385, 54.8927459717, 3.81157374382, 0.322029083967, 0.1774186939, 0.00773057341576, 3.03711840388e-05, 1.26955788105e-08, 6.17715933959e-10],
        "dvar2": [0.828247725964, 36.419506073, 96.0047149658, 158.49206543, 703.509033203, 226.715316772, 388.279907227, 1012.73382568, 4192.65966797, 1434.79003906, 2632.90625, 1064.70568848, 6053.17382812, 6181.45117188, 2990.32226562, 6261.10449219, 1959.83752441, 1952.59020996, 3719.76147461, 3767.95849609, 4512.86425781, 1351.84619141, 937.653198242, 358.92175293, 193.558303833, 188.068984985, 185.974807739, 46.9254112244, 45.1507339478, 38.8581848145, 63.8539543152, 93.3756027222, 121.392417908, 8.09625339508, 0.595029294491, 0.370361596346, 0.0158258229494, 5.93202894379e-05, 2.46480951205e-08, 1.55146817615e-09],
        "max": [5.61474370956, 37.4970436096, 52.2587776184, 112.199745178, 231.338272095, 97.8055801392, 143.250579834, 263.019378662, 558.084533691, 233.601394653, 441.453430176, 360.796447754, 654.810119629, 749.334411621, 447.390563965, 793.080688477, 287.570159912, 498.275482178, 473.06463623, 452.488769531, 432.051544189, 255.711166382, 178.708023071, 166.335342407, 106.248016357, 120.041786194, 149.21862793, 69.8252105713, 99.4409408569, 95.5091171265, 113.075401306, 158.808410645, 224.653533936, 44.3591423035, 12.1986818314, 9.89558887482, 1.80090856552, 0.135044202209, 0.00263835419901, 0.00030469475314],
        "mean": [0.455423235893, 2.18150305748, 3.30561542511, 6.31320714951, 10.6386785507, 9.92996501923, 14.6401405334, 20.6536445618, 36.4030227661, 39.5439682007, 58.5979118347, 26.7559967041, 51.9286613464, 46.6429901123, 47.7592430115, 62.4402656555, 47.1683959961, 42.9580764771, 57.3222389221, 46.6858177185, 58.0692443848, 41.1216049194, 32.3322029114, 21.6112480164, 17.6408996582, 15.7325897217, 10.9907665253, 8.25234127045, 6.46571016312, 5.35423707962, 4.37128305435, 3.43036222458, 2.70828056335, 1.03358817101, 0.333698093891, 0.146870166063, 0.0362336747348, 0.00219904677942, 7.31356049073e-05, 5.4482366977e-05],
        "median": [0.325774848461, 1.31686902046, 2.02167463303, 2.87808537483, 5.41510677338, 6.64512825012, 10.1531047821, 11.214017868, 17.0755195618, 27.8678436279, 35.0619773865, 15.61074543, 30.5377922058, 29.5483779907, 36.1407051086, 41.1803894043, 37.2634239197, 35.1093940735, 44.0475883484, 35.1702690125, 45.5633049011, 34.6184883118, 26.8960971832, 16.4321060181, 14.2635908127, 11.9044141769, 7.40376520157, 5.75204944611, 3.79972863197, 2.69099664688, 1.70383632183, 1.01547062397, 0.680701851845, 0.253604114056, 0.0705013722181, 0.0210104547441, 0.00620359322056, 0.000359971338185, 3.15680081258e-05, 4.61161544081e-05],
        "min": [0.00382437603548, 0.0794306695461, 0.0839671567082, 0.123092263937, 0.21154871583, 0.141438886523, 0.454911828041, 0.462408810854, 1.01047241688, 1.99087929726, 0.850380718708, 1.40862071514, 1.70050621033, 2.4023771286, 1.16115689278, 1.02765250206, 0.826918661594, 0.373251974583, 0.43902233243, 0.366769880056, 0.356879293919, 0.18922957778, 0.156751424074, 0.0809656977654, 0.0430148988962, 0.0216000396758, 0.0124516896904, 0.00963127426803, 0.0036900115665, 0.00124530936591, 0.00132163148373, 0.00028505231603, 9.30031383177e-05, 2.99778057524e-05, 1.43111283251e-05, 9.53050221142e-06, 5.8085083765e-06, 9.08272511424e-07, 6.90898696121e-06, 1.49094466906e-05],
        "var": [0.289646923542, 10.383972168, 25.5190124512, 96.3527374268, 347.168670654, 105.964553833, 219.355285645, 768.932495117, 3263.26171875, 1337.19946289, 4130.41210938, 1255.91955566, 4404.28710938, 3888.11669922, 2163.70996094, 4985.9296875, 1534.91418457, 1435.57507324, 2660.06420898, 2084.37304688, 2678.31665039, 1014.65692139, 656.53503418, 359.460083008, 203.536376953, 208.633728027, 162.419235229, 70.3024978638, 89.2877731323, 88.2132263184, 94.8092575073, 86.5195846558, 100.317741394, 10.8566093445, 1.22941875458, 0.406130433083, 0.0191958490759, 7.46971563785e-05, 3.48041844234e-08, 9.41894562345e-10]
    },
    "gfcc": {
        "mean": [40.5199775696, 117.386756897, -136.333068848, 40.0811500549, -55.2934989929, 20.9547653198, -31.8615016937, 11.8811912537, -13.8814964294, 2.9876229763, -7.90134811401, -0.515122294426, -4.32232522964],
        "cov": [[2237.09838867, -1552.1237793, -185.255203247, 110.090301514, -194.527664185, 391.215667725, -369.841125488, 269.664886475, -151.210189819, 281.766113281, -159.503936768, 173.998916626, -218.2784729], [-1552.1237793, 1320.2532959, 76.2863311768, -86.0394134521, 180.273452759, -340.621337891, 313.660095215, -246.124664307, 123.238059998, -232.26071167, 122.421813965, -143.600891113, 166.642105103], [-185.255203247, 76.2863311768, 412.340179443, -26.755777359, -6.9203619957, -12.083943367, -25.8232898712, -0.454706817865, -14.5995702744, -25.3819789886, -30.2178287506, 7.314265728, -5.37858200073], [110.090301514, -86.0394134521, -26.755777359, 120.209327698, -15.1546382904, 23.2278137207, -20.185836792, -5.93595695496, -1.9885841608, -2.84453868866, 3.6713757515, -12.7644834518, 3.59541392326], [-194.527664185, 180.273452759, -6.9203619957, -15.1546382904, 140.865707397, -18.4131584167, 59.0770072937, -14.4842424393, 27.5300521851, -25.5324020386, -1.44386017323, -8.37409591675, 18.1053333282], [391.215667725, -340.621337891, -12.083943367, 23.2278137207, -18.4131584167, 169.360153198, -62.5912399292, 80.0576782227, -18.143863678, 52.5978088379, -23.5017375946, 36.1167297363, -28.1982822418], [-369.841125488, 313.660095215, -25.8232898712, -20.185836792, 59.0770072937, -62.5912399292, 151.645614624, -48.0183258057, 30.9086532593, -55.4133262634, 22.2631607056, -41.4726142883, 39.2995147705], [269.664886475, -246.124664307, -0.454706817865, -5.93595695496, -14.4842424393, 80.0576782227, -48.0183258057, 106.769554138, 6.2736158371, 55.9598503113, -21.8851413727, 29.3374862671, -31.5520744324], [-151.210189819, 123.238059998, -14.5995702744, -1.9885841608, 27.5300521851, -18.143863678, 30.9086532593, 6.2736158371, 85.9668655396, 3.10770106316, 30.312128067, -8.75684452057, 16.2703723907], [281.766113281, -232.26071167, -25.3819789886, -2.84453868866, -25.5324020386, 52.5978088379, -55.4133262634, 55.9598503113, 3.10770106316, 97.3217010498, -2.63423442841, 37.7532615662, -37.1262931824], [-159.503936768, 122.421813965, -30.2178287506, 3.6713757515, -1.44386017323, -23.5017375946, 22.2631607056, -21.8851413727, 30.312128067, -2.63423442841, 79.5327835083, 2.68938589096, 30.7319660187], [173.998916626, -143.600891113, 7.314265728, -12.7644834518, -8.37409591675, 36.1167297363, -41.4726142883, 29.3374862671, -8.75684452057, 37.7532615662, 2.68938589096, 67.2265853882, -6.96316289902], [-218.2784729, 166.642105103, -5.37858200073, 3.59541392326, 18.1053333282, -28.1982822418, 39.2995147705, -31.5520744324, 16.2703723907, -37.1262931824, 30.7319660187, -6.96316289902, 69.1684494019]],
        "icov": [[0.00287852506153, 0.00222843303345, 0.000989195425063, -0.000816976360511, 0.000192308754777, -0.000732969259843, 0.000658015487716, 0.000443755212473, 0.000470349768875, -0.000821731926408, 0.00160411954857, -0.00166952703148, 0.00188142154366], [0.00222843303345, 0.013879025355, -0.00190977077, 0.00564428372309, -0.0059947934933, 0.00873459037393, -0.0058611552231, 0.00844717770815, -0.00704992283136, 0.00700922496617, -0.00667768297717, 0.00726869050413, -0.00541444774717], [0.000989195425063, -0.00190977077, 0.00361862871796, -0.0010402725311, 0.00158240902238, -0.00201239879243, 0.00243113120086, -0.00176861172076, 0.00152228912339, -0.000505909440108, 0.00325178471394, -0.00309576047584, 0.00224942038767], [-0.000816976360511, 0.00564428372309, -0.0010402725311, 0.0134008470923, -0.00271647283807, 0.00249308743514, -0.00105705705937, 0.00612090202048, -0.00462291529402, 0.00456322683021, -0.00502078700811, 0.00832225754857, -0.00522850919515], [0.000192308754777, -0.0059947934933, 0.00158240902238, -0.00271647283807, 0.0124508133158, -0.00536761106923, -2.10844209505e-05, -0.00334998313338, 0.000737404159736, -0.00254946877249, 0.00669001974165, -0.00651793554425, 0.00317995972], [-0.000732969259843, 0.00873459037393, -0.00201239879243, 0.00249308743514, -0.00536761106923, 0.0181554295123, -0.00420028995723, -0.00103293871507, -0.00336692528799, 0.00515023665503, -0.0059432303533, 0.00494634499773, -0.00622592447326], [0.000658015487716, -0.0058611552231, 0.00243113120086, -0.00105705705937, -2.10844209505e-05, -0.00420028995723, 0.0160280596465, -0.00306274648756, 0.0021405396983, -0.00156646117102, 0.00333552830853, -3.96963296225e-05, 0.00140041019768], [0.000443755212473, 0.00844717770815, -0.00176861172076, 0.00612090202048, -0.00334998313338, -0.00103293871507, -0.00306274648756, 0.0259128082544, -0.0102711906657, -0.000573347788304, -0.000685211736709, 0.00393391819671, -0.00258123595268], [0.000470349768875, -0.00704992283136, 0.00152228912339, -0.00462291529402, 0.000737404159736, -0.00336692528799, 0.0021405396983, -0.0102711906657, 0.021802842617, -0.00778756616637, -0.00124070071615, -0.0021057035774, 0.00239128177054], [-0.000821731926408, 0.00700922496617, -0.000505909440108, 0.00456322683021, -0.00254946877249, 0.00515023665503, -0.00156646117102, -0.000573347788304, -0.00778756616637, 0.0274328980595, -0.00866456050426, -0.00144983443897, 0.00389922666363], [0.00160411954857, -0.00667768297717, 0.00325178471394, -0.00502078700811, 0.00669001974165, -0.0059432303533, 0.00333552830853, -0.000685211736709, -0.00124070071615, -0.00866456050426, 0.0259075425565, -0.00983554124832, -0.00157761620358], [-0.00166952703148, 0.00726869050413, -0.00309576047584, 0.00832225754857, -0.00651793554425, 0.00494634499773, -3.96963296225e-05, 0.00393391819671, -0.0021057035774, -0.00144983443897, -0.00983554124832, 0.0312562659383, -0.0106804724783], [0.00188142154366, -0.00541444774717, 0.00224942038767, -0.00522850919515, 0.00317995972, -0.00622592447326, 0.00140041019768, -0.00258123595268, 0.00239128177054, 0.00389922666363, -0.00157761620358, -0.0106804724783, 0.0296985544264]]
    },
    "melbands": {
        "dmean": [0.00254447502084, 0.00153610575944, 0.000923062791117, 0.000450277351774, 0.000287978647975, 0.000273920653854, 0.000312734424369, 0.000263346417341, 0.00020408614364, 8.38768391986e-05, 0.000166133613675, 0.000131708860863, 6.58793360344e-05, 0.000127368199173, 8.30971912364e-05, 5.00578680658e-05, 4.07995539717e-05, 6.29431087873e-05, 3.03574597638e-05, 3.20085418934e-05, 4.15478534705e-05, 2.17643646465e-05, 1.61920143e-05, 1.10743949335e-05, 7.84995336289e-06, 6.45786849418e-06, 5.62943841942e-06, 4.44737361249e-06, 3.32970239469e-06, 2.4798805498e-06, 1.80501672276e-06, 1.64105051681e-06, 1.34714503019e-06, 1.27384407733e-06, 1.23301458643e-06, 1.0226831364e-06, 1.16458852517e-06, 1.15525506317e-06, 7.26982364085e-07, 3.85876830933e-07],
        "dmean2": [0.00436008954421, 0.00268381717615, 0.00155168923084, 0.000740712566767, 0.000479429989355, 0.000445017736638, 0.00049052410759, 0.000400649500079, 0.000303121225443, 0.0001352729887, 0.000273477955488, 0.000219798268517, 0.000109870452434, 0.00021025967726, 0.000137686394737, 8.12244179542e-05, 6.84026163071e-05, 0.000107189953269, 4.91483588121e-05, 5.37786836503e-05, 7.00560121913e-05, 3.73774346372e-05, 2.76736082014e-05, 1.86093275261e-05, 1.26754430312e-05, 1.04853697849e-05, 9.53293601924e-06, 7.40715813663e-06, 5.64072570342e-06, 4.27216900789e-06, 2.86240651803e-06, 2.58662157648e-06, 2.08408232538e-06, 1.98617408387e-06, 1.94772974282e-06, 1.60323850196e-06, 1.75087347998e-06, 1.64983111972e-06, 1.05320418697e-06, 5.7218613847e-07],
        "dvar": [2.28312983381e-05, 1.15258108053e-05, 3.12170709549e-06, 7.18710509773e-07, 1.65909014527e-07, 1.84454293617e-07, 3.13659910489e-07, 1.00607550735e-07, 6.06954841942e-08, 2.39534045932e-08, 7.19128649962e-08, 5.54119132801e-08, 8.19957790554e-09, 3.90778325254e-08, 2.27527134911e-08, 3.7195866387e-09, 3.24684634734e-09, 6.77936284887e-09, 1.94419125243e-09, 1.74104541895e-09, 2.94178637006e-09, 6.46300679641e-10, 3.91485760476e-10, 1.77754921893e-10, 1.11826194138e-10, 6.01691474422e-11, 5.30090346618e-11, 3.5688844241e-11, 2.90466990738e-11, 1.7964251614e-11, 6.04958314346e-12, 8.71295570415e-12, 6.01419912136e-12, 8.14181708164e-12, 1.13919099848e-11, 9.75457388475e-12, 2.67267232651e-11, 3.36442436411e-11, 1.19511388633e-11, 1.69684372889e-12],
        "dvar2": [6.26555702183e-05, 3.22007799696e-05, 7.14300267646e-06, 1.77405331669e-06, 4.43844413667e-07, 4.6364903028e-07, 7.71823465584e-07, 2.34261889887e-07, 1.18468193477e-07, 5.82043639952e-08, 1.86875112718e-07, 1.44515055922e-07, 2.3143762462e-08, 1.07748114431e-07, 6.3303950526e-08, 9.72553326761e-09, 8.52669224116e-09, 1.77464460904e-08, 4.90391727226e-09, 4.66777105856e-09, 7.65568586303e-09, 1.73893044408e-09, 1.09454034725e-09, 4.88667550869e-10, 2.86369178371e-10, 1.54231821758e-10, 1.44814896186e-10, 9.6884916756e-11, 8.27541438153e-11, 4.75840131187e-11, 1.46887155217e-11, 1.91442244002e-11, 1.36123777181e-11, 1.82275635557e-11, 2.8188526166e-11, 2.39689535581e-11, 6.47525089104e-11, 7.33445248979e-11, 2.69806694347e-11, 3.74108036216e-12],
        "max": [0.0483120754361, 0.0295991562307, 0.0245160665363, 0.00997928529978, 0.00450077420101, 0.00522921513766, 0.00752013362944, 0.00305229588412, 0.00289206509478, 0.00306511111557, 0.00379065913148, 0.00337647367269, 0.00136390828993, 0.002971224254, 0.00182472891174, 0.000667013751809, 0.000912251474801, 0.00105699745473, 0.000521083944477, 0.000452060048701, 0.000551466480829, 0.000287598522846, 0.000238633307163, 0.000128757383209, 0.000140809454024, 9.88378524198e-05, 8.03417206043e-05, 7.96736931079e-05, 8.58012499521e-05, 6.0856462369e-05, 4.29385509051e-05, 6.19462807663e-05, 4.73242253065e-05, 6.06543944741e-05, 7.03335172147e-05, 6.24853855697e-05, 0.000134072746732, 0.000176080386154, 9.15715936571e-05, 2.59675216512e-05],
        "mean": [0.00377961341292, 0.00214657420292, 0.00126591953449, 0.000737775058951, 0.000518457440194, 0.000465250748675, 0.000515046936926, 0.000525832700077, 0.000403933168855, 0.000163409349625, 0.000281147134956, 0.00021780563111, 0.000125035614474, 0.000218080953346, 0.000130848537083, 9.49633686105e-05, 7.85694282968e-05, 0.000107080530142, 5.47563868167e-05, 5.82959655731e-05, 6.99707306921e-05, 4.30440632044e-05, 3.1706498703e-05, 2.3910712116e-05, 1.69218019437e-05, 1.43674706123e-05, 1.19161386465e-05, 9.92226978269e-06, 7.25199424778e-06, 5.5173054534e-06, 4.47151978733e-06, 3.78576260118e-06, 3.08623384626e-06, 2.92946037916e-06, 2.59651437773e-06, 2.06906156563e-06, 2.17120350499e-06, 2.08156188819e-06, 1.36711082632e-06, 6.99191843978e-07],
        "median": [0.00268344650976, 0.00136465393007, 0.000596897909418, 0.000445554149337, 0.000366693624528, 0.000259018677752, 0.000256287108641, 0.000358908699127, 0.000246162671829, 7.55761575419e-05, 0.000161913863849, 0.000129436783027, 9.10341841518e-05, 0.000131540422444, 6.83672260493e-05, 7.15663991286e-05, 6.02145046287e-05, 7.67036690377e-05, 4.07523912145e-05, 4.51722262369e-05, 5.26914300281e-05, 3.56848104275e-05, 2.5748164262e-05, 1.96442433662e-05, 1.21892853713e-05, 1.04005612229e-05, 9.5452687674e-06, 7.25371364751e-06, 4.83824442199e-06, 3.58794295607e-06, 3.18200113725e-06, 2.22396215577e-06, 1.58461273259e-06, 1.4360688283e-06, 1.00384329471e-06, 6.80760706473e-07, 5.96633697114e-07, 5.31084481281e-07, 3.11918398666e-07, 1.71780072833e-07],
        "min": [3.33862699335e-05, 8.47418850753e-05, 3.42095918313e-05, 1.29271566038e-05, 1.77412184712e-05, 5.86609212405e-06, 1.12342322609e-05, 2.07984994631e-05, 5.56590657652e-06, 6.14274767941e-06, 3.19232208312e-06, 8.53543406265e-06, 1.44531315982e-06, 2.83151211988e-06, 1.51607002863e-06, 1.31967340167e-06, 3.39230723512e-07, 5.37315202109e-07, 5.20136836712e-07, 4.27143078241e-07, 3.79456054134e-07, 2.02975044772e-07, 1.52164801648e-07, 7.27377837961e-08, 5.92667745991e-08, 4.23551362871e-08, 1.88456006356e-08, 1.25944916718e-08, 7.72804398252e-09, 5.8075730891e-09, 4.67228566947e-09, 2.03901495688e-09, 9.58453094668e-10, 5.20511245217e-10, 7.77656994355e-10, 3.28350263645e-10, 1.03532085682e-10, 5.11524919644e-11, 1.08015228706e-11, 3.88789938828e-13],
