{
"highlevel": {
    "danceability": {
        "all": {
            "danceable": 0.999964296818,
            "not_danceable": 3.57231147063e-05
        },
        "probability": 0.999964296818,
        "value": "danceable"
    },
    "gender": {
        "all": {
            "female": 0.663881182671,
            "male": 0.336118787527
        },
        "probability": 0.663881182671,
        "value": "female"
    },
    "genre_dortmund": {
        "all": {
            "alternative": 0.0202402938157,
            "blues": 0.0264456253499,
            "electronic": 0.285348773003,
            "folkcountry": 0.0430910028517,
            "funksoulrnb": 0.0203903578222,
            "jazz": 0.079965300858,
            "pop": 0.0710922554135,
            "raphiphop": 0.433230936527,
            "rock": 0.0201954487711
        },
        "probability": 0.433230936527,
        "value": "raphiphop"
    },
    "genre_electronic": {
        "all": {
            "ambient": 0.0682430639863,
            "dnb": 0.310033529997,
            "house": 0.480275839567,
            "techno": 0.0169227626175,
            "trance": 0.12452480197
        },
        "probability": 0.480275839567,
        "value": "house"
    },
    "genre_rosamerica": {
        "all": {
            "cla": 0.000402394653065,
            "dan": 0.17227961123,
            "hip": 0.684647381306,
            "jaz": 0.000844195426907,
            "pop": 0.0163738038391,
            "rhy": 0.122962154448,
            "roc": 0.00170672696549,
            "spe": 0.000783730472904
        },
        "probability": 0.684647381306,
        "value": "hip"
    },
    "genre_tzanetakis": {
        "all": {
            "blu": 0.0626541376114,
            "cla": 0.0348133966327,
            "cou": 0.0783501937985,
            "dis": 0.104547761381,
            "hip": 0.15693578124,
            "jaz": 0.313987255096,
            "met": 0.044816005975,
            "pop": 0.0627349764109,
            "reg": 0.0627352520823,
            "roc": 0.0784252434969
        },
        "probability": 0.313987255096,
        "value": "jaz"
    },
    "ismir04_rhythm": {
        "all": {
            "ChaChaCha": 0.678111851215,
            "Jive": 0.0226528309286,
            "Quickstep": 0.0156536307186,
            "Rumba-American": 0.0174584537745,
            "Rumba-International": 0.0721924304962,
            "Rumba-Misc": 0.00495225936174,
            "Samba": 0.172666043043,
            "Tango": 0.0115451076999,
            "VienneseWaltz": 0.0030390706379,
            "Waltz": 0.00172830442898
        },
        "probability": 0.678111851215,
        "value": "ChaChaCha"
    },
    "mood_acoustic": {
        "all": {
            "acoustic": 0.00360407191329,
            "not_acoustic": 0.996395945549
        },
        "probability": 0.996395945549,
        "value": "not_acoustic"
    },
    "mood_aggressive": {
        "all": {
            "aggressive": 0.0358038060367,
            "not_aggressive": 0.964196205139
        },
        "probability": 0.964196205139,
        "value": "not_aggressive"
    },
    "mood_electronic": {
        "all": {
            "electronic": 0.970027863979,
            "not_electronic": 0.0299721490592
        },
        "probability": 0.970027863979,
        "value": "electronic"
    },
    "mood_happy": {
        "all": {
            "happy": 0.696872353554,
            "not_happy": 0.303127616644
        },
        "probability": 0.696872353554,
        "value": "happy"
    },
    "mood_party": {
        "all": {
            "not_party": 0.0741742178798,
            "party": 0.92582577467
        },
        "probability": 0.92582577467,
        "value": "party"
    },
    "mood_relaxed": {
        "all": {
            "not_relaxed": 0.314969331026,
            "relaxed": 0.685030639172
        },
        "probability": 0.685030639172,
        "value": "relaxed"
    },
    "mood_sad": {
        "all": {
            "not_sad": 0.70111310482,
            "sad": 0.29888689518
        },
        "probability": 0.70111310482,
        "value": "not_sad"
    },
    "moods_mirex": {
        "all": {
            "Cluster1": 0.291525632143,
            "Cluster2": 0.294210195541,
            "Cluster3": 0.0726739317179,
            "Cluster4": 0.123415492475,
            "Cluster5": 0.218174740672
        },
        "probability": 0.294210195541,
        "value": "Cluster2"
    },
    "timbre": {
        "all": {
            "bright": 0.204280495644,
            "dark": 0.795719504356
        },
        "probability": 0.795719504356,
        "value": "dark"
    },
    "tonal_atonal": {
        "all": {
            "atonal": 0.84653455019,
            "tonal": 0.153465434909
        },
        "probability": 0.84653455019,
        "value": "atonal"
    },
    "voice_instrumental": {
        "all": {
            "instrumental": 0.129638284445,
            "voice": 0.870361745358
        },
        "probability": 0.870361745358,
        "value": "voice"
    }
},
"lowlevel": {
    "average_loudness": 0.956753790379,
    "barkbands_crest": {
        "dmean": 3.0899605751,
        "dmean2": 5.04363632202,
        "dvar": 6.94760656357,
        "dvar2": 16.8230819702,
        "max": 26.0698413849,
        "mean": 12.9362421036,
        "median": 12.6436605453,
        "min": 3.06418609619,
        "var": 22.765203476
    },
    "barkbands_flatness_db": {
        "dmean": 0.0469257794321,
        "dmean2": 0.0732840448618,
        "dvar": 0.00183293654118,
        "dvar2": 0.00433672685176,
        "max": 0.477224647999,
        "mean": 0.209156364202,
        "median": 0.198836222291,
        "min": 0.0506236441433,
        "var": 0.0059296824038
    },
    "barkbands_kurtosis": {
        "dmean": 17.5663089752,
        "dmean2": 29.0468482971,
        "dvar": 612.097045898,
        "dvar2": 1566.47424316,
        "max": 274.475585938,
        "mean": 20.3801803589,
        "median": 7.88694763184,
        "min": -1.96234846115,
        "var": 976.834899902
    },
    "barkbands_skewness": {
        "dmean": 1.5662946701,
        "dmean2": 2.54740953445,
        "dvar": 2.32693958282,
        "dvar2": 6.21908521652,
        "max": 15.0693855286,
        "mean": 3.21589708328,
        "median": 2.72337675095,
        "min": -1.91440677643,
        "var": 5.59806251526
    },
    "barkbands_spread": {
        "dmean": 14.1028928757,
        "dmean2": 22.9154701233,
        "dvar": 263.171325684,
        "dvar2": 633.275512695,
        "max": 114.793029785,
        "mean": 24.5658035278,
        "median": 17.6221828461,
        "min": 0.476246446371,
        "var": 521.218994141
    },
    "dissonance": {
        "dmean": 0.0291842613369,
        "dmean2": 0.0478385612369,
        "dvar": 0.000909763330128,
        "dvar2": 0.00240982649848,
        "max": 0.499750226736,
        "mean": 0.447838038206,
        "median": 0.456137359142,
        "min": 0.245128780603,
        "var": 0.00166989595164
    },
    "dynamic_complexity": 1.76724994183,
    "erbbands_crest": {
        "dmean": 3.48162150383,
        "dmean2": 5.81374835968,
        "dvar": 9.12944412231,
        "dvar2": 23.5156936646,
        "max": 27.1870079041,
        "mean": 9.97118091583,
        "median": 9.00581741333,
        "min": 2.54316973686,
        "var": 18.381690979
    },
    "erbbands_flatness_db": {
        "dmean": 0.0257033891976,
        "dmean2": 0.0395515374839,
        "dvar": 0.000632141309325,
        "dvar2": 0.00145697023254,
        "max": 0.379041701555,
        "mean": 0.144010528922,
        "median": 0.136768519878,
        "min": 0.0660145804286,
        "var": 0.00146999524441
    },
    "erbbands_kurtosis": {
        "dmean": 2.30016446114,
        "dmean2": 3.71097373962,
        "dvar": 14.5380659103,
        "dvar2": 35.7092056274,
        "max": 55.581401825,
        "mean": 1.57828044891,
        "median": 0.111276626587,
        "min": -1.90894758701,
        "var": 25.9453639984
    },
    "erbbands_skewness": {
        "dmean": 0.76680368185,
        "dmean2": 1.16726124287,
        "dvar": 0.652179718018,
        "dvar2": 1.45458316803,
        "max": 5.41854524612,
        "mean": 0.232474088669,
        "median": 0.327341645956,
        "min": -6.70144128799,
        "var": 1.62121891975
    },
    "erbbands_spread": {
        "dmean": 20.1544685364,
        "dmean2": 31.5881671906,
        "dvar": 414.57522583,
        "dvar2": 1005.65771484,
        "max": 186.536193848,
        "mean": 55.4581565857,
        "median": 51.3505172729,
        "min": 2.38888382912,
        "var": 872.192016602
    },
    "hfc": {
        "dmean": 16.6777820587,
        "dmean2": 25.6190032959,
        "dvar": 685.296264648,
        "dvar2": 1595.7578125,
        "max": 254.171478271,
        "mean": 27.1380596161,
        "median": 19.2325210571,
        "min": 0.0788542851806,
        "var": 894.048461914
    },
    "melbands_crest": {
        "dmean": 5.0798573494,
        "dmean2": 9.05663871765,
        "dvar": 21.1896629333,
        "dvar2": 71.0573654175,
        "max": 37.1433830261,
        "mean": 21.8038387299,
        "median": 21.8047466278,
        "min": 3.27924013138,
        "var": 49.1409797668
    },
    "melbands_flatness_db": {
        "dmean": 0.0605834499002,
        "dmean2": 0.0948904454708,
        "dvar": 0.00304933497682,
        "dvar2": 0.00742292730138,
        "max": 0.60241830349,
        "mean": 0.277213037014,
        "median": 0.267338395119,
        "min": 0.0529319755733,
        "var": 0.0104304365814
    },
    "melbands_kurtosis": {
        "dmean": 47.84715271,
        "dmean2": 81.3663711548,
        "dvar": 4591.54199219,
        "dvar2": 12473.484375,
        "max": 759.19519043,
        "mean": 60.4613380432,
        "median": 29.5961608887,
        "min": -1.74883341789,
        "var": 6308.79296875
    },
    "melbands_skewness": {
        "dmean": 2.36759877205,
        "dmean2": 3.93455886841,
        "dvar": 5.74342918396,
        "dvar2": 17.020772934,
        "max": 20.932636261,
        "mean": 5.43298196793,
        "median": 4.67506694794,
        "min": -1.27385532856,
        "var": 11.5222597122
    },
    "melbands_spread": {
        "dmean": 12.6325893402,
        "dmean2": 21.1462345123,
        "dvar": 332.394561768,
        "dvar2": 778.68536377,
        "max": 163.35005188,
        "mean": 19.5265712738,
        "median": 11.1136770248,
        "min": 0.356713682413,
        "var": 598.603393555
    },
    "pitch_salience": {
        "dmean": 0.109971925616,
        "dmean2": 0.188868790865,
        "dvar": 0.00926404446363,
        "dvar2": 0.0278654955328,
        "max": 0.856774270535,
        "mean": 0.411511391401,
        "median": 0.41820910573,
        "min": 0.0759818181396,
        "var": 0.0234300382435
    },
    "silence_rate_20dB": {
        "dmean": 0,
        "dmean2": 0,
        "dvar": 0,
        "dvar2": 0,
        "max": 1,
        "mean": 1,
        "median": 1,
        "min": 1,
        "var": 0
    },
    "silence_rate_30dB": {
        "dmean": 0.0541795678437,
        "dmean2": 0.107668474317,
        "dvar": 0.0512451604009,
        "dvar2": 0.113115862012,
        "max": 1,
        "mean": 0.919566869736,
        "median": 1,
        "min": 0,
        "var": 0.0739638656378
    },
    "silence_rate_60dB": {
        "dmean": 0.00773993786424,
        "dmean2": 0.0154918665066,
        "dvar": 0.00768006918952,
        "dvar2": 0.0168011132628,
        "max": 1,
        "mean": 0.0154679045081,
        "median": 0,
        "min": 0,
        "var": 0.0152286756784
    },
    "spectral_centroid": {
        "dmean": 523.686584473,
        "dmean2": 811.165283203,
        "dvar": 368352.15625,
        "dvar2": 780361.25,
        "max": 5596.22705078,
        "mean": 1391.13549805,
        "median": 1144.24914551,
        "min": 119.455535889,
        "var": 937771.6875
    },
    "spectral_complexity": {
        "dmean": 4.28869962692,
        "dmean2": 6.18512773514,
        "dvar": 27.5289726257,
        "dvar2": 42.5164375305,
        "max": 58,
        "mean": 13.5367364883,
        "median": 11,
        "min": 0,
        "var": 96.1542053223
    },
    "spectral_decrease": {
        "dmean": 6.96963819991e-09,
        "dmean2": 1.21482788273e-08,
        "dvar": 7.07470637258e-17,
        "dvar2": 2.17602486217e-16,
        "max": -1.8854392006e-11,
        "mean": -1.45630814075e-08,
        "median": -1.16123839433e-08,
        "min": -6.64438744025e-08,
        "var": 1.18805820564e-16
    },
    "spectral_energy": {
        "dmean": 0.0267532598227,
        "dmean2": 0.0464548952878,
        "dvar": 0.00101005646866,
        "dvar2": 0.00309462449513,
        "max": 0.254552543163,
        "mean": 0.0574259161949,
        "median": 0.0471823364496,
        "min": 8.81275555003e-05,
        "var": 0.00170943664853
    },
    "spectral_energyband_high": {
        "dmean": 0.00187582848594,
        "dmean2": 0.00295017054304,
        "dvar": 9.79741162155e-06,
        "dvar2": 2.35239040194e-05,
        "max": 0.0254813227803,
        "mean": 0.00221577659249,
        "median": 0.000912770628929,
        "min": 8.99131123333e-07,
        "var": 1.17555428005e-05
    },
    "spectral_energyband_low": {
        "dmean": 0.0256489198655,
        "dmean2": 0.0452699512243,
        "dvar": 0.00102278729901,
        "dvar2": 0.00323212263174,
        "max": 0.22633728385,
        "mean": 0.0429875478148,
        "median": 0.0325199589133,
        "min": 2.46328863795e-06,
        "var": 0.00156575732399
    },
    "spectral_energyband_middle_high": {
        "dmean": 0.00203257775865,
        "dmean2": 0.0029705578927,
        "dvar": 1.29617428684e-05,
        "dvar2": 2.76253103948e-05,
        "max": 0.0367181822658,
        "mean": 0.00353603879921,
        "median": 0.00187166477554,
        "min": 4.21380173066e-06,
        "var": 2.26464653679e-05
    },
    "spectral_energyband_middle_low": {
        "dmean": 0.00523101491854,
        "dmean2": 0.00895602628589,
        "dvar": 0.000159681483638,
        "dvar2": 0.000458123482531,
        "max": 0.115878842771,
        "mean": 0.00717899715528,
        "median": 0.00464416667819,
        "min": 1.18772222777e-05,
        "var": 0.000108626765723
    },
    "spectral_entropy": {
        "dmean": 0.340788960457,
        "dmean2": 0.49844121933,
        "dvar": 0.121784232557,
        "dvar2": 0.248961925507,
        "max": 8.75338172913,
        "mean": 7.62921524048,
        "median": 7.7327170372,
        "min": 5.28752613068,
        "var": 0.313667684793
    },
    "spectral_flux": {
        "dmean": 0.0421747118235,
        "dmean2": 0.0651631653309,
        "dvar": 0.00271373405121,
        "dvar2": 0.00583196571097,
        "max": 0.490841120481,
        "mean": 0.135583058,
        "median": 0.115315444767,
        "min": 0.00604863511398,
        "var": 0.00576143246144
    },
    "spectral_kurtosis": {
        "dmean": 2.35229921341,
        "dmean2": 3.54012274742,
        "dvar": 13.6194705963,
        "dvar2": 32.2272720337,
        "max": 42.7407684326,
        "mean": 3.0639693737,
        "median": 2.02604627609,
        "min": -1.14896500111,
        "var": 19.7294464111
    },
    "spectral_rms": {
        "dmean": 0.00164669146761,
        "dmean2": 0.00281497882679,
        "dvar": 2.77274739346e-06,
        "dvar2": 8.39453150547e-06,
        "max": 0.0157589316368,
        "mean": 0.0070236348547,
        "median": 0.00678465561941,
        "min": 0.000293220218737,
        "var": 6.69393102726e-06
    },
    "spectral_rolloff": {
        "dmean": 980.961791992,
        "dmean2": 1793.57995605,
        "dvar": 3423496.75,
        "dvar2": 8481171,
        "max": 12747.65625,
        "mean": 1336.10705566,
        "median": 344.53125,
        "min": 43.06640625,
        "var": 4705470.5
    },
    "spectral_skewness": {
        "dmean": 0.468181937933,
        "dmean2": 0.658544421196,
        "dvar": 0.236495122313,
        "dvar2": 0.515016853809,
        "max": 5.20956707001,
        "mean": 1.36940574646,
        "median": 1.30901420116,
        "min": -0.469123214483,
        "var": 0.596466422081
    },
    "spectral_spread": {
        "dmean": 1414805,
        "dmean2": 2126159,
        "dvar": 2.5509125161e+12,
        "dvar2": 5.18555959296e+12,
        "max": 24477772,
        "mean": 6627409.5,
        "median": 6244827,
        "min": 1448168.75,
        "var": 5.69132449792e+12
    },
    "spectral_strongpeak": {
        "dmean": 0.329539418221,
        "dmean2": 0.579503834248,
        "dvar": 0.425934553146,
        "dvar2": 1.202272892,
        "max": 11.735918045,
        "mean": 0.453982979059,
        "median": 0.289191782475,
        "min": 0,
        "var": 0.407433509827
    },
    "zerocrossingrate": {
        "dmean": 0.0185206737369,
        "dmean2": 0.0228032264858,
        "dvar": 0.000343578460161,
        "dvar2": 0.000450941122836,
        "max": 0.2998046875,
        "mean": 0.0588339269161,
        "median": 0.04736328125,
        "min": 0.0029296875,
        "var": 0.00219786376692
    },
    "barkbands": {
        "dmean": [0.00470678508282, 0.0203125979751, 0.00668653100729, 0.00155187689234, 0.00145124678966, 0.0011231842218, 0.00126579008065, 0.00084684533067, 0.000450200284831, 0.000784255506005, 0.000210382320802, 0.000173487511347, 0.000173088366864, 0.00033818942029, 0.000192816049093, 0.000202888462809, 0.000291338365059, 0.000247656105785, 0.000207060264074, 0.000257781677647, 0.000298159458907, 0.000285885849735, 0.000721478310879, 0.000426401355071, 0.000150948340888, 4.24864847446e-05, 1.01877596137e-07],
        "dmean2": [0.00862036738545, 0.0343050211668, 0.0119612440467, 0.00292030838318, 0.0024573856499, 0.00186100124847, 0.0021418845281, 0.00139647303149, 0.000743324460927, 0.0012012924999, 0.000318889971823, 0.000283938017674, 0.000283831090201, 0.000543631438632, 0.000303084641928, 0.00032474368345, 0.000459502829472, 0.000382891856134, 0.000309877679683, 0.000379106524633, 0.000439594645286, 0.000436939822976, 0.00120826053899, 0.000707103288732, 0.000248227181146, 7.16612048564e-05, 1.76837247068e-07],
        "dvar": [4.90457714477e-05, 0.000615841301624, 0.000483284180518, 5.07907388965e-05, 1.69500108314e-05, 4.98405916005e-06, 5.92293281443e-06, 2.92943400382e-06, 1.11005726922e-06, 1.63323954894e-06, 3.51010214672e-07, 2.15435377982e-07, 1.60444173503e-07, 5.62881893984e-07, 1.95150462901e-07, 2.44250827564e-07, 4.66985511594e-07, 8.95698917702e-07, 5.38882943601e-07, 6.22696461505e-07, 1.19458798054e-06, 4.18928692625e-07, 1.8416644707e-06, 4.17036318368e-07, 4.5897575518e-08, 6.7438024054e-09, 2.91137610981e-13],
        "dvar2": [0.000152820968651, 0.0018262185622, 0.00134728581179, 0.000148378807353, 4.87122706545e-05, 1.26245486172e-05, 1.5717039787e-05, 6.92710364092e-06, 2.67503264695e-06, 3.90310287912e-06, 7.64056323987e-07, 5.21727542946e-07, 3.99021530484e-07, 1.39415510603e-06, 4.51594416973e-07, 5.80892447033e-07, 1.09108498236e-06, 1.84015584637e-06, 1.08821723188e-06, 1.25994404243e-06, 2.71604744739e-06, 9.82254732662e-07, 4.74496391689e-06, 1.07926439341e-06, 1.21400844932e-07, 1.86686701653e-08, 7.48559417577e-13],
        "max": [0.0616598576307, 0.17064678669, 0.173563599586, 0.0717962533236, 0.0372997373343, 0.0250629000366, 0.020375309512, 0.023798391223, 0.0115769989789, 0.0145880673081, 0.00879635289311, 0.00533117353916, 0.00386960688047, 0.0181940048933, 0.00496631814167, 0.0086758043617, 0.00708480924368, 0.0109496973455, 0.00814193021506, 0.00811117980629, 0.0121890474111, 0.00709989061579, 0.0111723225564, 0.00533066736534, 0.00209733773954, 0.000805319868959, 9.63553156907e-06],
        "mean": [0.0102594373748, 0.0265406221151, 0.00794229563326, 0.00111139717046, 0.00179734895937, 0.00130381318741, 0.00122455158271, 0.000812436745036, 0.000494913023431, 0.00110977818258, 0.000291632284643, 0.000197764078621, 0.000190141247003, 0.000421017117333, 0.000232469945331, 0.000242894049734, 0.000345907406881, 0.000288046518108, 0.000242585112574, 0.000315057783155, 0.000327708839905, 0.0003469423973, 0.000697750831023, 0.000457925052615, 0.000183670621482, 4.7763762268e-05, 7.17959807162e-08],
        "median": [0.00420722365379, 0.0167208313942, 0.00261135818437, 0.000274615420494, 0.000647225650027, 0.000366886408301, 0.000218011206016, 0.000172003667103, 0.000169861712493, 0.000360604492016, 5.82947905059e-05, 5.35798280907e-05, 3.41359591403e-05, 0.000133441135404, 3.24144348269e-05, 5.309415792e-05, 6.67001513648e-05, 2.23622173507e-05, 2.23108600039e-05, 4.17419541918e-05, 6.18650592514e-05, 9.81795601547e-05, 0.00016167369904, 0.000201496033696, 9.43831619225e-05, 2.10939160752e-05, 2.01619743123e-09],
        "min": [7.2811219276e-09, 3.48789626514e-07, 9.50253763676e-07, 5.06740946093e-07, 3.14329486173e-06, 2.36091409533e-06, 1.00398597169e-06, 7.67725055084e-07, 2.8972834798e-07, 8.05900128853e-08, 2.05018920951e-07, 1.09564190609e-07, 3.04649972804e-07, 5.38777044312e-07, 2.544723543e-07, 2.62893280478e-07, 9.85962742561e-08, 3.62333771875e-08, 1.05078479251e-08, 9.30303230007e-08, 1.99658138911e-08, 5.12944531295e-08, 8.9958845928e-10, 7.56648219635e-08, 4.60527116442e-10, 6.46954842129e-12, 6.96792883809e-12],
        "var": [0.000187073659617, 0.000893284624908, 0.000329970149323, 2.81289867416e-05, 1.29861155074e-05, 6.39066502117e-06, 6.08826621828e-06, 3.22161827171e-06, 1.16739522582e-06, 3.30301463691e-06, 6.63614173391e-07, 2.17524117829e-07, 1.93047668517e-07, 8.51565289395e-07, 2.85253491938e-07, 3.11730786962e-07, 5.86483906773e-07, 1.06304344172e-06, 7.51737786686e-07, 8.44177350245e-07, 1.32293325805e-06, 5.25265477336e-07, 1.63495678862e-06, 4.30883545732e-07, 5.44514833223e-08, 6.10853234662e-09, 1.96867614441e-13]
    },
    "erbbands": {
        "dmean": [0.956584990025, 3.39823198318, 6.75908088684, 6.67942142487, 4.08371782303, 5.39456319809, 6.38054561615, 10.328915596, 15.9722194672, 20.3173465729, 16.1774787903, 10.2785110474, 24.4217128754, 10.4451398849, 8.83493328094, 7.12466001511, 7.06477594376, 16.2789402008, 11.2237043381, 10.3888969421, 11.9386777878, 16.1338844299, 13.8860578537, 9.86132240295, 13.7680587769, 11.3162202835, 11.7746171951, 11.6701841354, 10.5204620361, 13.9701910019, 20.4134654999, 12.9781494141, 5.08698415756, 2.26579904556, 0.872027516365, 0.277797847986, 0.0682399645448, 0.00383488018997, 0.000101608362456, 3.39417383657e-05],
        "dmean2": [1.74847877026, 5.2726354599, 11.5468626022, 12.2095785141, 7.41743183136, 8.88703155518, 10.6502056122, 17.1362762451, 27.3338260651, 33.1599273682, 26.6421508789, 17.0090484619, 38.1953964233, 15.8353052139, 13.6088571548, 11.5201883316, 11.2213525772, 25.7914199829, 17.9114284515, 16.2673988342, 18.5089969635, 25.1492233276, 21.3815746307, 14.9204692841, 21.3226013184, 16.6788902283, 16.8728103638, 17.4903697968, 16.1431674957, 22.566286087, 34.3135032654, 21.5662250519, 8.35245418549, 3.72196030617, 1.45084321499, 0.465432822704, 0.115731991827, 0.00667249131948, 0.000171495179529, 5.8074532717e-05],
        "dvar": [1.58813130856, 19.2145519257, 355.556365967, 741.742675781, 272.146148682, 193.67427063, 155.413162231, 426.607086182, 1030.24926758, 1602.01037598, 1155.14416504, 573.618652344, 1487.16845703, 456.353363037, 575.002685547, 385.760070801, 240.768341064, 1223.37145996, 543.755554199, 670.369262695, 792.898681641, 1509.14733887, 2289.76342773, 1445.88378906, 2639.54785156, 1175.26245117, 1687.2166748, 1654.2520752, 618.704833984, 567.411987305, 1503.09545898, 481.056610107, 51.8855743408, 9.86725521088, 2.17852902412, 0.297031849623, 0.0141843948513, 8.28015108709e-05, 3.63848045026e-08, 1.32006017228e-09],
        "dvar2": [5.79042816162, 36.3523826599, 953.594482422, 2124.59472656, 793.374267578, 534.916870117, 400.519500732, 1064.11816406, 2746.07666016, 3805.37207031, 2853.921875, 1455.55810547, 3608.40234375, 966.698608398, 1378.18518066, 983.298217773, 583.042236328, 2846.19482422, 1363.18005371, 1587.36633301, 1968.71984863, 3499.50878906, 4618.21826172, 3337.14550781, 5303.79296875, 2386.49511719, 3649.07324219, 3889.17089844, 1471.72692871, 1395.58288574, 3895.27685547, 1240.31884766, 131.404510498, 25.4894275665, 6.01912403107, 0.824508368969, 0.0382346846163, 0.000236062624026, 1.00831471173e-07, 3.82487908013e-09],
        "max": [5.77897500992, 41.5950012207, 157.144958496, 221.249069214, 165.851303101, 141.637237549, 114.574401855, 230.551055908, 296.227508545, 466.364837646, 534.859558105, 246.203826904, 404.907562256, 249.635360718, 366.413818359, 222.963348389, 164.750427246, 825.763000488, 244.66104126, 378.223632812, 519.11505127, 416.595153809, 472.778137207, 448.186584473, 587.254150391, 408.174255371, 476.773223877, 460.682739258, 261.320617676, 245.925735474, 320.070068359, 143.789794922, 88.1010665894, 31.3303432465, 16.5397796631, 5.97814321518, 1.31266367435, 0.133061632514, 0.00233426946215, 0.000295439705951],
        "mean": [1.04401111603, 4.91674423218, 10.385474205, 5.59173727036, 3.94430732727, 6.78845596313, 7.64236450195, 11.9606761932, 16.1965351105, 20.0008869171, 15.6907186508, 11.7670822144, 34.1264152527, 16.3130283356, 12.3276844025, 8.42532539368, 8.97475147247, 20.7647418976, 14.7260379791, 12.0651760101, 14.7847547531, 19.751909256, 16.7903671265, 11.0510873795, 15.9809598923, 14.0849676132, 13.4110593796, 12.7048635483, 12.2285575867, 15.8020868301, 19.0475101471, 12.9427871704, 5.86211585999, 2.66012358665, 1.018029809, 0.316435992718, 0.0747830495238, 0.00377166620456, 0.000137482958962, 7.68719328335e-05],
        "median": [0.555816590786, 3.24410128593, 4.19757318497, 1.83007180691, 1.56814646721, 1.83191537857, 2.23035407066, 3.11336684227, 4.08379840851, 4.16283750534, 3.59916496277, 4.58893966675, 12.0027933121, 4.85604715347, 2.84037470818, 2.44021558762, 2.54473972321, 6.35790538788, 3.7490606308, 2.19284152985, 3.71358108521, 3.87132000923, 1.71276390553, 1.08889913559, 1.4381570816, 2.01774764061, 2.25983715057, 2.52745676041, 3.34509110451, 4.51600790024, 4.40514564514, 4.33005189896, 2.93607854843, 1.34003281593, 0.470373988152, 0.146281152964, 0.0276743657887, 0.00134067249019, 9.03449981706e-05, 6.55681724311e-05],
        "min": [1.02486847027e-05, 7.12625114829e-05, 0.000670102948789, 0.00427047396079, 0.00516270147637, 0.00876934546977, 0.0207038708031, 0.0145944105461, 0.0130479959771, 0.0179344341159, 0.0220829825848, 0.022341158241, 0.00277970125899, 0.00490855332464, 0.00596411433071, 0.0065758288838, 0.0142412930727, 0.0305955018848, 0.0216945149004, 0.0122920330614, 0.0194900985807, 0.00869505945593, 0.00261747511104, 0.00279468321241, 0.00265788729303, 0.00419755838811, 0.00205550226383, 0.0014298070455, 0.00277340132743, 0.00149820116349, 0.000568364106584, 0.00148158031516, 0.000610782008152, 0.000130150219775, 0.000173748543602, 2.67675277428e-05, 4.47619095212e-06, 3.60252101927e-07, 2.29159013543e-07, 1.77130871748e-07],
        "var": [1.48096883297, 42.2246742249, 317.346069336, 440.803833008, 162.587844849, 186.50831604, 193.461685181, 541.457885742, 1028.22644043, 1782.65722656, 1146.65368652, 576.840759277, 2774.03808594, 946.726318359, 971.790405273, 372.594696045, 331.530151367, 2171.37841797, 784.65020752, 818.62713623, 969.397338867, 1927.01391602, 2885.88110352, 1683.29797363, 3343.50512695, 1637.54577637, 2064.36791992, 1757.73510742, 731.479431152, 705.40838623, 1262.9675293, 440.901885986, 61.9145927429, 11.798365593, 2.16987967491, 0.27558606863, 0.0144073870033, 5.94824086875e-05, 2.92227610998e-08, 2.24730989373e-09]
    },
    "gfcc": {
        "mean": [-3.1694419384, 77.5690155029, -78.910949707, 47.5066337585, -60.705368042, 41.6824989319, -34.2775840759, 21.0915107727, -8.89172554016, 6.72105884552, -12.9261875153, 1.03245544434, -4.86445426941],
        "cov": [[3892.94360352, -1203.85961914, -650.4609375, 327.439544678, -506.538513184, -53.6893806458, -302.520294189, 146.952041626, -0.435172200203, 294.832061768, -28.3804836273, 174.453155518, -164.725524902], [-1203.85961914, 1670.8125, 176.396896362, -341.458587646, 521.957641602, -150.208969116, 220.841796875, -97.489402771, 112.159118652, -150.699310303, 121.982925415, -95.5078887939, 194.573547363], [-650.4609375, 176.396896362, 989.765075684, 174.343505859, 27.8175392151, 154.035140991, -26.5498371124, -49.4253082275, 3.81955289841, -82.8908157349, -26.9598312378, 40.3920974731, -12.5891199112], [327.439544678, -341.458587646, 174.343505859, 729.252258301, 42.5581054688, -54.1978034973, -84.7650909424, 2.68514466286, 58.5173301697, -57.3457984924, 48.8519477844, -10.7410993576, -0.263103097677], [-506.538513184, 521.957641602, 27.8175392151, 42.5581054688, 630.933654785, -92.3620758057, 62.1477661133, 59.85887146, 39.3030815125, -55.5845947266, 50.8753929138, -24.5552139282, 46.109588623], [-53.6893806458, -150.208969116, 154.035140991, -54.1978034973, -92.3620758057, 483.496856689, 189.715652466, 6.94777441025, 65.35181427, -42.1198501587, -28.2031345367, -27.1854801178, 23.1632194519], [-302.520294189, 220.841796875, -26.5498371124, -84.7650909424, 62.1477661133, 189.715652466, 378.403594971, 27.6885757446, 31.2668552399, -25.4206142426, -2.0732190609, -47.9882087708, 46.8324317932], [146.952041626, -97.489402771, -49.4253082275, 2.68514466286, 59.85887146, 6.94777441025, 27.6885757446, 168.369232178, 26.9977684021, 33.67735672, -10.2600393295, -0.439334273338, -8.0850982666], [-0.435172200203, 112.159118652, 3.81955289841, 58.5173301697, 39.3030815125, 65.35181427, 31.2668552399, 26.9977684021, 200.886550903, 6.58122777939, 27.4635429382, -26.4078273773, 28.5193023682], [294.832061768, -150.699310303, -82.8908157349, -57.3457984924, -55.5845947266, -42.1198501587, -25.4206142426, 33.67735672, 6.58122777939, 194.431350708, -5.0742688179, 15.7509870529, -30.3656005859], [-28.3804836273, 121.982925415, -26.9598312378, 48.8519477844, 50.8753929138, -28.2031345367, -2.0732190609, -10.2600393295, 27.4635429382, -5.0742688179, 132.928024292, -8.50136852264, 14.3624048233], [174.453155518, -95.5078887939, 40.3920974731, -10.7410993576, -24.5552139282, -27.1854801178, -47.9882087708, -0.439334273338, -26.4078273773, 15.7509870529, -8.50136852264, 141.332229614, -7.7997636795], [-164.725524902, 194.573547363, -12.5891199112, -0.263103097677, 46.109588623, 23.1632194519, 46.8324317932, -8.0850982666, 28.5193023682, -30.3656005859, 14.3624048233, -7.7997636795, 155.022857666]],
        "icov": [[0.000520242319908, -0.000229403944104, 0.000515165680554, -0.000553226156626, 0.000415310874814, -0.00046355847735, 0.000461502961116, -0.000506112526637, 0.000183620257303, -0.000616949866526, 0.000184304692084, -0.000709127110895, 0.000454169290606], [-0.000229403944104, 0.00293347658589, -0.00134671467822, 0.00229694577865, -0.00172012648545, 0.00244619417936, -0.0018122496549, 0.00204733898863, -0.00202169595286, 0.00170941534452, -0.00171961262822, 0.00158988533076, -0.00228465907276], [0.000515165680554, -0.00134671467822, 0.00219025555998, -0.00166750757489, 0.000806153460871, -0.00191741099115, 0.00134216493461, -0.000837859930471, 0.00101823511068, -0.000891511153895, 0.00113692739978, -0.00163567997515, 0.00146071403287], [-0.000553226156626, 0.00229694577865, -0.00166750757489, 0.00369075196795, -0.00150047813077, 0.00238121673465, -0.00135061854962, 0.00161777553149, -0.00210823863745, 0.00219556875527, -0.00188927701674, 0.00187716202345, -0.00192967103794], [0.000415310874814, -0.00172012648545, 0.000806153460871, -0.00150047813077, 0.00315991928801, -0.000823500391562, 0.000727961130906, -0.00224824575707, 0.000879957515281, -0.000607029651292, 0.000440041447291, -0.00106756598689, 0.00113392865751], [-0.00046355847735, 0.00244619417936, -0.00191741099115, 0.00238121673465, -0.000823500391562, 0.00546683277935, -0.00326263392344, 0.00164280098397, -0.00275420490652, 0.00231800437905, -0.00106040597893, 0.00180928735062, -0.00206510140561], [0.000461502961116, -0.0018122496549, 0.00134216493461, -0.00135061854962, 0.000727961130906, -0.00326263392344, 0.00514270970598, -0.00188438687474, 0.00146671757102, -0.00127897609491, 0.00101730634924, -0.000516630767379, 0.000850180047564], [-0.000506112526637, 0.00204733898863, -0.000837859930471, 0.00161777553149, -0.00224824575707, 0.00164280098397, -0.00188438687474, 0.00857177190483, -0.00220458256081, 0.000243142683757, -0.000241348898271, 0.00116313726176, -0.00119909981731], [0.000183620257303, -0.00202169595286, 0.00101823511068, -0.00210823863745, 0.000879957515281, -0.00275420490652, 0.00146671757102, -0.00220458256081, 0.00741300452501, -0.00192978780251, 0.000114919326734, -0.000287587550702, 0.000636554905213], [-0.000616949866526, 0.00170941534452, -0.000891511153895, 0.00219556875527, -0.000607029651292, 0.00231800437905, -0.00127897609491, 0.000243142683757, -0.00192978780251, 0.00765230460092, -0.00114692968782, 0.000928107765503, -0.000629613816272], [0.000184304692084, -0.00171961262822, 0.00113692739978, -0.00188927701674, 0.000440041447291, -0.00106040597893, 0.00101730634924, -0.000241348898271, 0.000114919326734, -0.00114692968782, 0.00943923089653, -0.000869374955073, 0.000986880855635], [-0.000709127110895, 0.00158988533076, -0.00163567997515, 0.00187716202345, -0.00106756598689, 0.00180928735062, -0.000516630767379, 0.00116313726176, -0.000287587550702, 0.000928107765503, -0.000869374955073, 0.0093155996874, -0.00183078448754], [0.000454169290606, -0.00228465907276, 0.00146071403287, -0.00192967103794, 0.00113392865751, -0.00206510140561, 0.000850180047564, -0.00119909981731, 0.000636554905213, -0.000629613816272, 0.000986880855635, -0.00183078448754, 0.00914407800883]]
    },
    "melbands": {
        "dmean": [0.00703829200938, 0.00323670683429, 0.00107386009768, 0.000327631656546, 0.000229113386013, 0.000229555356782, 0.000249156029895, 0.000216722575715, 0.000122976824059, 6.37624034425e-05, 0.000126773433294, 4.9261849199e-05, 2.92740151053e-05, 1.9831390091e-05, 1.94792010006e-05, 1.84176060429e-05, 3.35763106705e-05, 2.04991702049e-05, 1.36813769132e-05, 1.41886921483e-05, 1.45797785081e-05, 1.77298552444e-05, 1.37752831506e-05, 1.23448726299e-05, 7.20933576304e-06, 9.02915689949e-06, 1.06703027996e-05, 7.04544436303e-06, 7.30996907805e-06, 7.47544208934e-06, 6.83867483531e-06, 5.93079857936e-06, 5.69689836993e-06, 9.89471209323e-06, 1.25913020383e-05, 1.15355260277e-05, 6.78834248902e-06, 4.07690185966e-06, 2.34717367675e-06, 1.80583413112e-06],
        "dmean2": [0.0124033829197, 0.00521217286587, 0.00194041256327, 0.000568585761357, 0.000376330164727, 0.000379970297217, 0.000425990321673, 0.000353341194568, 0.000203256044188, 0.000105670056655, 0.000197249086341, 7.45583020034e-05, 4.46958874818e-05, 3.12830925395e-05, 3.21021616401e-05, 2.92682780128e-05, 5.35871913598e-05, 3.34044161718e-05, 2.15620912059e-05, 2.23759743676e-05, 2.27885429922e-05, 2.8006195862e-05, 2.15683830902e-05, 1.89601014426e-05, 1.1150960745e-05, 1.40383408507e-05, 1.62676060427e-05, 1.0628862583e-05, 1.06277284431e-05, 1.11580384328e-05, 1.05402459667e-05, 9.32738112169e-06, 8.76961803442e-06, 1.63567019626e-05, 2.13583552977e-05, 1.93588930415e-05, 1.12495363283e-05, 6.75415913065e-06, 3.88355010728e-06, 2.97910105473e-06],
        "dvar": [8.00014022388e-05, 3.91633511754e-05, 1.82687927008e-05, 1.11673841729e-06, 1.86517453926e-07, 2.01640489195e-07, 2.4171839641e-07, 1.75724153451e-07, 7.09341350102e-08, 2.2379824216e-08, 4.01984223686e-08, 1.05793871441e-08, 6.74087674568e-09, 2.80863710067e-09, 2.4273789645e-09, 1.78836123688e-09, 5.95562310579e-09, 1.95645122325e-09, 1.00302166572e-09, 1.26434651637e-09, 1.22276144765e-09, 1.76387415785e-09, 1.55895363285e-09, 2.54292831237e-09, 7.46554429387e-10, 1.14729503675e-09, 1.39537292831e-09, 4.85187723331e-10, 5.80424208696e-10, 8.36793023762e-10, 5.39247091424e-10, 2.38676162168e-10, 1.19753013061e-10, 3.02114305795e-10, 5.7442162138e-10, 4.89960128025e-10, 1.10545538001e-10, 3.52855140939e-11, 1.15231062539e-11, 6.59694607968e-12],
        "dvar2": [0.000272605102509, 9.37836593948e-05, 5.16217041877e-05, 3.25386940858e-06, 4.72180602173e-07, 5.04742445173e-07, 6.50478568787e-07, 4.11282485402e-07, 1.770811906e-07, 5.717007312e-08, 9.68947873048e-08, 2.3083279288e-08, 1.56788040329e-08, 6.8798504671e-09, 6.13400352734e-09, 4.2810839318e-09, 1.40823450678e-08, 4.93038498917e-09, 2.25739360538e-09, 3.07148084744e-09, 3.07878322836e-09, 4.13660217191e-09, 3.32045635432e-09, 5.53012569071e-09, 1.76797865237e-09, 2.39275954605e-09, 2.69040634215e-09, 1.03098241055e-09, 1.22286847315e-09, 1.9334609469e-09, 1.3173422353e-09, 5.87293880194e-10, 2.6741597825e-10, 7.66945784658e-10, 1.50203116611e-09, 1.26665800071e-09, 2.83736978357e-10, 9.00432575723e-11, 2.92156888959e-11, 1.75151872173e-11],
        "max": [0.045895665884, 0.0599254593253, 0.03633588925, 0.00948266778141, 0.00375808845274, 0.00498925475404, 0.00455641746521, 0.00490382872522, 0.00358105823398, 0.00142298336141, 0.00199695536867, 0.00116204225924, 0.00119682995137, 0.000808125478216, 0.000521423411556, 0.000534210237674, 0.00191698223352, 0.000609603885096, 0.00036928782356, 0.000535392493475, 0.000696508039255, 0.000468827900477, 0.000443059194367, 0.000615174591076, 0.000317120051477, 0.000367950706277, 0.000433894136222, 0.000349470356014, 0.000306822359562, 0.000305052351905, 0.000272111385129, 0.000168888858752, 0.000134623827762, 0.000150387844769, 0.00018969415396, 0.000201907998417, 7.72119819885e-05, 6.26084438409e-05, 4.52313033747e-05, 2.56545608863e-05],
        "mean": [0.00892923306674, 0.00588598754257, 0.000964318518527, 0.000373867253074, 0.00029233036912, 0.000267153722234, 0.000251142657362, 0.00021445742459, 0.000117828814837, 7.14619818609e-05, 0.000176792076672, 7.45114375604e-05, 3.95746392314e-05, 2.38798347709e-05, 2.20404617721e-05, 2.09612971958e-05, 4.16480033891e-05, 2.49895820161e-05, 1.64029679581e-05, 1.60402378242e-05, 1.7469350496e-05, 2.09430454561e-05, 1.69921695488e-05, 1.35799955387e-05, 7.9425963122e-06, 1.0310860489e-05, 1.24496345961e-05, 8.59697411215e-06, 8.28754400573e-06, 7.81577546149e-06, 7.28617214918e-06, 6.60645855532e-06, 6.96259439792e-06, 1.05518611235e-05, 1.13989854071e-05, 1.05162234831e-05, 6.98185613146e-06, 4.46004560217e-06, 2.79880123344e-06, 1.99632927433e-06],
        "median": [0.00552252260968, 0.00348465307616, 0.000342526269378, 0.000131391760078, 8.39792046463e-05, 7.32257976779e-05, 5.53670761292e-05, 4.24111385655e-05, 2.6283916668e-05, 2.55566519627e-05, 6.01170213486e-05, 1.81219547812e-05, 8.13735005067e-06, 5.46706314708e-06, 5.9037461142e-06, 4.15311797042e-06, 1.18522239063e-05, 6.20428545517e-06, 2.31430385611e-06, 3.10581390295e-06, 4.2138885874e-06, 3.9432752601e-06, 1.9957421955e-06, 9.30782391606e-07, 7.43786870316e-07, 8.39511471895e-07, 1.00533384284e-06, 1.19431331314e-06, 1.15470220408e-06, 1.23302834254e-06, 1.32622074034e-06, 1.6974142909e-06, 1.94552899302e-06, 2.61142099589e-06, 2.3402781153e-06, 2.34237018049e-06, 2.57026567851e-06, 2.08513461075e-06, 1.3805878325e-06, 8.84814426172e-07],
        "min": [1.10505503415e-07, 2.69615071602e-07, 7.17658053873e-07, 4.94052301292e-07, 5.87650163197e-07, 3.83009819416e-07, 1.89804922002e-07, 2.08826918424e-07, 1.54030047383e-07, 3.63931498271e-08, 8.01884780799e-09, 1.58254316318e-08, 2.67143924759e-08, 1.02793533685e-08, 2.81117369383e-08, 3.10211518695e-08, 4.865377079e-08, 2.84730283795e-08, 1.59709543368e-08, 6.92988821882e-09, 3.89614873697e-09, 9.16601194945e-09, 1.53382984092e-09, 1.603562505e-09, 1.61746327443e-09, 4.11942598089e-11, 1.79436443482e-09, 2.54928944621e-09, 8.91055285113e-10, 3.95980165324e-10, 4.7942788628e-10, 3.09669151433e-10, 1.77241679666e-10, 1.42804185144e-10, 1.78025042624e-11, 4.4501546892e-10, 4.14731887721e-10, 9.29485516332e-11, 4.35858250533e-12, 1.38494315842e-12],
