{
"highlevel": {
    "danceability": {
        "all": {
            "danceable": 0.900095760822,
            "not_danceable": 0.0999042615294
        },
        "probability": 0.900095760822,
        "value": "danceable"
    },
    "gender": {
        "all": {
            "female": 0.16474570334,
            "male": 0.835254311562
        },
        "probability": 0.835254311562,
        "value": "male"
    },
    "genre_dortmund": {
        "all": {
            "alternative": 0.128818288445,
            "blues": 0.0243082083762,
            "electronic": 0.158937439322,
            "folkcountry": 0.0708183720708,
            "funksoulrnb": 0.0170972589403,
            "jazz": 0.197163775563,
            "pop": 0.0590760707855,
            "raphiphop": 0.177433118224,
            "rock": 0.166347488761
        },
        "probability": 0.197163775563,
        "value": "jazz"
    },
    "genre_electronic": {
        "all": {
            "ambient": 0.466060638428,
            "dnb": 0.0736488848925,
            "house": 0.317305028439,
            "techno": 0.0412346124649,
            "trance": 0.101750835776
        },
        "probability": 0.466060638428,
        "value": "ambient"
    },
    "genre_rosamerica": {
        "all": {
            "cla": 0.0625810995698,
            "dan": 0.129957601428,
            "hip": 0.105115540326,
            "jaz": 0.0436028838158,
            "pop": 0.202163860202,
            "rhy": 0.245332404971,
            "roc": 0.102432832122,
            "spe": 0.108813777566
        },
        "probability": 0.245332404971,
        "value": "rhy"
    },
    "genre_tzanetakis": {
        "all": {
            "blu": 0.0626613423228,
            "cla": 0.0348169617355,
            "cou": 0.104475811124,
            "dis": 0.0784321576357,
            "hip": 0.15692435205,
            "jaz": 0.313974827528,
            "met": 0.0448166541755,
            "pop": 0.0627359300852,
            "reg": 0.0627360641956,
            "roc": 0.0784258767962
        },
        "probability": 0.313974827528,
        "value": "jaz"
    },
    "ismir04_rhythm": {
        "all": {
            "ChaChaCha": 0.131241515279,
            "Jive": 0.0222238786519,
            "Quickstep": 0.0643902346492,
            "Rumba-American": 0.0157309100032,
            "Rumba-International": 0.118731446564,
            "Rumba-Misc": 0.0231007430702,
            "Samba": 0.533074319363,
            "Tango": 0.0395838543773,
            "VienneseWaltz": 0.0384105630219,
            "Waltz": 0.0135124968365
        },
        "probability": 0.533074319363,
        "value": "Samba"
    },
    "mood_acoustic": {
        "all": {
            "acoustic": 0.406466960907,
            "not_acoustic": 0.593533039093
        },
        "probability": 0.593533039093,
        "value": "not_acoustic"
    },
    "mood_aggressive": {
        "all": {
            "aggressive": 0.273104399443,
            "not_aggressive": 0.72689563036
        },
        "probability": 0.72689563036,
        "value": "not_aggressive"
    },
    "mood_electronic": {
        "all": {
            "electronic": 0.73834079504,
            "not_electronic": 0.26165920496
        },
        "probability": 0.73834079504,
        "value": "electronic"
    },
    "mood_happy": {
        "all": {
            "happy": 0.00400543399155,
            "not_happy": 0.995994567871
        },
        "probability": 0.995994567871,
        "value": "not_happy"
    },
    "mood_party": {
        "all": {
            "not_party": 0.726023137569,
            "party": 0.273976862431
        },
        "probability": 0.726023137569,
        "value": "not_party"
    },
    "mood_relaxed": {
        "all": {
            "not_relaxed": 0.0378627330065,
            "relaxed": 0.962137281895
        },
        "probability": 0.962137281895,
        "value": "relaxed"
    },
    "mood_sad": {
        "all": {
            "not_sad": 0.449267178774,
            "sad": 0.550732851028
        },
        "probability": 0.550732851028,
        "value": "sad"
    },
    "moods_mirex": {
        "all": {
            "Cluster1": 0.202946588397,
            "Cluster2": 0.170370832086,
            "Cluster3": 0.183977469802,
            "Cluster4": 0.175666868687,
            "Cluster5": 0.26703825593
        },
        "probability": 0.26703825593,
        "value": "Cluster5"
    },
    "timbre": {
        "all": {
            "bright": 0.0703209713101,
            "dark": 0.92967903614
        },
        "probability": 0.92967903614,
        "value": "dark"
    },
    "tonal_atonal": {
        "all": {
            "atonal": 0.885328531265,
            "tonal": 0.114671446383
        },
        "probability": 0.885328531265,
        "value": "atonal"
    },
    "voice_instrumental": {
        "all": {
            "instrumental": 0.141970515251,
            "voice": 0.858029484749
        },
        "probability": 0.858029484749,
        "value": "voice"
    }
},
"lowlevel": {
    "average_loudness": 0.943045198917,
    "barkbands_crest": {
        "dmean": 2.81083059311,
        "dmean2": 4.33283853531,
        "dvar": 6.66026306152,
        "dvar2": 13.2113838196,
        "max": 23.7889556885,
        "mean": 10.8203725815,
        "median": 9.96726131439,
        "min": 2.96736383438,
        "var": 20.1103153229
    },
    "barkbands_flatness_db": {
        "dmean": 0.0267566051334,
        "dmean2": 0.0378134325147,
        "dvar": 0.000603952154052,
        "dvar2": 0.00107243133243,
        "max": 0.383777827024,
        "mean": 0.18192589283,
        "median": 0.177753224969,
        "min": 0.0703457966447,
        "var": 0.0030519568827
    },
    "barkbands_kurtosis": {
        "dmean": 5.32978916168,
        "dmean2": 7.60067510605,
        "dvar": 78.9730606079,
        "dvar2": 143.09034729,
        "max": 105.298042297,
        "mean": 8.52597808838,
        "median": 4.91638040543,
        "min": -1.78197157383,
        "var": 151.87147522
    },
    "barkbands_skewness": {
        "dmean": 0.715983450413,
        "dmean2": 0.997863054276,
        "dvar": 0.605849087238,
        "dvar2": 0.983904957771,
        "max": 9.15276813507,
        "mean": 2.12946796417,
        "median": 1.94802200794,
        "min": -1.99337816238,
        "var": 2.24338054657
    },
    "barkbands_spread": {
        "dmean": 5.24848508835,
        "dmean2": 7.73621034622,
        "dvar": 55.6657142639,
        "dvar2": 103.998123169,
        "max": 80.2261505127,
        "mean": 16.1942024231,
        "median": 11.6482009888,
        "min": 1.05484843254,
        "var": 200.230621338
    },
    "dissonance": {
        "dmean": 0.021468680352,
        "dmean2": 0.0349670387805,
        "dvar": 0.000385143910535,
        "dvar2": 0.000978476484306,
        "max": 0.499930977821,
        "mean": 0.45636254549,
        "median": 0.463584989309,
        "min": 0.243585914373,
        "var": 0.0009908672655
    },
    "dynamic_complexity": 3.13389420509,
    "erbbands_crest": {
        "dmean": 2.72708320618,
        "dmean2": 4.38099575043,
        "dvar": 5.91906929016,
        "dvar2": 15.2188892365,
        "max": 26.5126781464,
        "mean": 9.33424282074,
        "median": 8.39323425293,
        "min": 2.82774138451,
        "var": 16.0335216522
    },
    "erbbands_flatness_db": {
        "dmean": 0.0187832843512,
        "dmean2": 0.0270942877978,
        "dvar": 0.000290589930955,
        "dvar2": 0.000593288976233,
        "max": 0.324690252542,
        "mean": 0.174062669277,
        "median": 0.169865146279,
        "min": 0.0743338093162,
        "var": 0.00164272577967
    },
    "erbbands_kurtosis": {
        "dmean": 1.04005658627,
        "dmean2": 1.64201116562,
        "dvar": 2.01203250885,
        "dvar2": 4.65535259247,
        "max": 20.0419063568,
        "mean": 0.784944236279,
        "median": 0.135495901108,
        "min": -1.7256462574,
        "var": 5.15469503403
    },
    "erbbands_skewness": {
        "dmean": 0.395247340202,
        "dmean2": 0.604012131691,
        "dvar": 0.162562251091,
        "dvar2": 0.321812301874,
        "max": 3.92230415344,
        "mean": 0.595544159412,
        "median": 0.629592895508,
        "min": -2.87309551239,
        "var": 0.740409195423
    },
    "erbbands_spread": {
        "dmean": 8.57045269012,
        "dmean2": 12.5998401642,
        "dvar": 71.5946655273,
        "dvar2": 151.958389282,
        "max": 117.728149414,
        "mean": 38.2622489929,
        "median": 35.6865501404,
        "min": 5.92170953751,
        "var": 323.746582031
    },
    "hfc": {
        "dmean": 4.34005784988,
        "dmean2": 6.3043627739,
        "dvar": 28.8825836182,
        "dvar2": 58.3964157104,
        "max": 62.997127533,
        "mean": 15.8698186874,
        "median": 13.2674674988,
        "min": 0.0756277367473,
        "var": 129.096862793
    },
    "melbands_crest": {
        "dmean": 3.88777470589,
        "dmean2": 5.87483739853,
        "dvar": 11.7897901535,
        "dvar2": 22.3789367676,
        "max": 34.6918449402,
        "mean": 15.1637887955,
        "median": 13.9715633392,
        "min": 4.26012277603,
        "var": 39.7562675476
    },
    "melbands_flatness_db": {
        "dmean": 0.032175142318,
        "dmean2": 0.042883053422,
        "dvar": 0.00101427058689,
        "dvar2": 0.00156685675029,
        "max": 0.482796579599,
        "mean": 0.231032669544,
        "median": 0.232039183378,
        "min": 0.0478975586593,
        "var": 0.00645125145093
    },
    "melbands_kurtosis": {
        "dmean": 11.1073160172,
        "dmean2": 16.0163288116,
        "dvar": 411.547607422,
        "dvar2": 749.036865234,
        "max": 256.795471191,
        "mean": 19.7322769165,
        "median": 11.117433548,
        "min": -1.77869391441,
        "var": 776.855407715
    },
    "melbands_skewness": {
        "dmean": 0.904337584972,
        "dmean2": 1.26530611515,
        "dvar": 1.06560122967,
        "dvar2": 1.78590834141,
        "max": 14.438700676,
        "mean": 3.05314326286,
        "median": 2.62439274788,
        "min": -0.661109924316,
        "var": 3.80236649513
    },
    "melbands_spread": {
        "dmean": 6.91639566422,
        "dmean2": 10.1064691544,
        "dvar": 176.096817017,
        "dvar2": 310.349090576,
        "max": 206.593948364,
        "mean": 19.138879776,
        "median": 11.6356163025,
        "min": 0.823817968369,
        "var": 671.298950195
    },
    "pitch_salience": {
        "dmean": 0.0815413966775,
        "dmean2": 0.12420412153,
        "dvar": 0.00538181280717,
        "dvar2": 0.0125565547496,
        "max": 0.840512752533,
        "mean": 0.564007163048,
        "median": 0.582267105579,
        "min": 0.122883364558,
        "var": 0.0160607807338
    },
    "silence_rate_20dB": {
        "dmean": 0,
        "dmean2": 0,
        "dvar": 0,
        "dvar2": 0,
        "max": 1,
        "mean": 1,
        "median": 1,
        "min": 1,
        "var": 0
    },
    "silence_rate_30dB": {
        "dmean": 0.071207433939,
        "dmean2": 0.142525181174,
        "dvar": 0.0661380141973,
        "dvar2": 0.131505861878,
        "max": 1,
        "mean": 0.883217334747,
        "median": 1,
        "min": 0,
        "var": 0.103146240115
    },
    "silence_rate_60dB": {
        "dmean": 0.0263157896698,
        "dmean2": 0.0526723451912,
        "dvar": 0.0256232861429,
        "dvar2": 0.0560947433114,
        "max": 1,
        "mean": 0.0812064930797,
        "median": 0,
        "min": 0,
        "var": 0.0746118500829
    },
    "spectral_centroid": {
        "dmean": 240.980865479,
        "dmean2": 351.914367676,
        "dvar": 137518.875,
        "dvar2": 233545.21875,
        "max": 4832.06298828,
        "mean": 1038.91271973,
        "median": 754.562011719,
        "min": 313.680267334,
        "var": 622027.125
    },
    "spectral_complexity": {
        "dmean": 3.10990715027,
        "dmean2": 4.72424459457,
        "dvar": 9.18297958374,
        "dvar2": 18.1067314148,
        "max": 47,
        "mean": 16.006187439,
        "median": 15,
        "min": 0,
        "var": 58.677532196
    },
    "spectral_decrease": {
        "dmean": 5.74778891149e-09,
        "dmean2": 8.10166511656e-09,
        "dvar": 1.17745083851e-16,
        "dvar2": 1.90845933023e-16,
        "max": -2.58022839206e-11,
        "mean": -1.23035244215e-08,
        "median": -6.78858658176e-09,
        "min": -8.47116226055e-08,
        "var": 2.78208342103e-16
    },
    "spectral_energy": {
        "dmean": 0.0219480786473,
        "dmean2": 0.0309472978115,
        "dvar": 0.00169713096693,
        "dvar2": 0.00275834952481,
        "max": 0.321826547384,
        "mean": 0.0478757508099,
        "median": 0.0266407150775,
        "min": 0.000104243350506,
        "var": 0.0040329657495
    },
    "spectral_energyband_high": {
        "dmean": 0.000264509697445,
        "dmean2": 0.000361080194125,
        "dvar": 2.29560342291e-07,
        "dvar2": 4.06600435099e-07,
        "max": 0.00667788460851,
        "mean": 0.00060728599783,
        "median": 0.00018380311667,
        "min": 1.76233399429e-07,
        "var": 8.99782037322e-07
    },
    "spectral_energyband_low": {
        "dmean": 0.017372328788,
        "dmean2": 0.0237524937838,
        "dvar": 0.00162390782498,
        "dvar2": 0.00253226235509,
        "max": 0.305017441511,
        "mean": 0.0289801843464,
        "median": 0.00326746189967,
        "min": 2.42614146373e-06,
        "var": 0.00352613255382
    },
    "spectral_energyband_middle_high": {
        "dmean": 0.000772598548792,
        "dmean2": 0.00113330013119,
        "dvar": 8.73659985245e-07,
        "dvar2": 1.86433680938e-06,
        "max": 0.0152381509542,
        "mean": 0.00269320094958,
        "median": 0.00209093047306,
        "min": 1.16284172691e-05,
        "var": 5.78164235776e-06
    },
    "spectral_energyband_middle_low": {
        "dmean": 0.00780448690057,
        "dmean2": 0.0125574441627,
        "dvar": 0.000223350085435,
        "dvar2": 0.000551450299099,
        "max": 0.150230079889,
        "mean": 0.017437485978,
        "median": 0.0132595030591,
        "min": 7.36995207262e-05,
        "var": 0.000330164562911
    },
    "spectral_entropy": {
        "dmean": 0.188512027264,
        "dmean2": 0.271221667528,
        "dvar": 0.0353468842804,
        "dvar2": 0.0651267915964,
        "max": 8.52765274048,
        "mean": 7.36404180527,
        "median": 7.35204839706,
        "min": 5.89098167419,
        "var": 0.20041936636
    },
    "spectral_flux": {
        "dmean": 0.0410357154906,
        "dmean2": 0.0648559033871,
        "dvar": 0.00374830979854,
        "dvar2": 0.00855547655374,
        "max": 0.445832014084,
        "mean": 0.102877117693,
        "median": 0.0762094929814,
        "min": 0.00608805101365,
        "var": 0.00709773972631
    },
    "spectral_kurtosis": {
        "dmean": 2.20549273491,
        "dmean2": 3.57218623161,
        "dvar": 6.46727609634,
        "dvar2": 18.1428852081,
        "max": 26.0238342285,
        "mean": 5.03109455109,
        "median": 3.87964248657,
        "min": -0.861671209335,
        "var": 16.1185684204
    },
    "spectral_rms": {
        "dmean": 0.00126381812152,
        "dmean2": 0.00173338747118,
        "dvar": 3.49116862708e-06,
        "dvar2": 5.34460878043e-06,
        "max": 0.017719399184,
        "mean": 0.00576031440869,
        "median": 0.00509813101962,
        "min": 0.000318905658787,
        "var": 1.35268701342e-05
    },
    "spectral_rolloff": {
        "dmean": 414.930297852,
        "dmean2": 662.39239502,
        "dvar": 878433,
        "dvar2": 1633690.125,
        "max": 9905.2734375,
        "mean": 1186.97412109,
        "median": 581.396484375,
        "min": 64.599609375,
        "var": 2766627
    },
    "spectral_skewness": {
        "dmean": 0.285599768162,
        "dmean2": 0.430711090565,
        "dvar": 0.0803830474615,
        "dvar2": 0.183074012399,
        "max": 3.80490756035,
        "mean": 1.66126966476,
        "median": 1.60800266266,
        "min": 0.17490234971,
        "var": 0.380284518003
    },
    "spectral_spread": {
        "dmean": 567515.3125,
        "dmean2": 815891.8125,
        "dvar": 632645287936,
        "dvar2": 1.06691015475e+12,
        "max": 22413560,
        "mean": 4211360.5,
        "median": 4056917,
        "min": 1823678.875,
        "var": 1.97373526016e+12
    },
    "spectral_strongpeak": {
        "dmean": 0.410303354263,
        "dmean2": 0.672344386578,
        "dvar": 0.276523560286,
        "dvar2": 0.710704863071,
        "max": 5.09881305695,
        "mean": 0.785654366016,
        "median": 0.611733853817,
        "min": 0.0324926935136,
        "var": 0.451492756605
    },
    "zerocrossingrate": {
        "dmean": 0.0113899540156,
        "dmean2": 0.0116037717089,
        "dvar": 0.000246348383371,
        "dvar2": 0.000211900885915,
        "max": 0.32080078125,
        "mean": 0.0498764365911,
        "median": 0.03662109375,
        "min": 0.00341796875,
        "var": 0.00198458647355
    },
    "barkbands": {
        "dmean": [0.00188281957526, 0.0139893861488, 0.00436771195382, 0.00315626338124, 0.00342391361482, 0.00163099321071, 0.0014005714329, 0.00121566769667, 0.000525794981513, 0.000269564188784, 0.000143355573528, 0.000161659088917, 0.000159907373018, 0.00014537081006, 0.000105191473267, 0.000151097308844, 0.000118184951134, 8.14074955997e-05, 5.07800723426e-05, 9.7242926131e-05, 9.24071428017e-05, 5.93941040279e-05, 4.62336174678e-05, 4.83628064103e-05, 2.78324969258e-05, 5.31235264134e-06, 2.94891933095e-09],
        "dmean2": [0.00250115082599, 0.0194242671132, 0.00764149660245, 0.00521913357079, 0.00564233306795, 0.00266908924095, 0.00220305938274, 0.0018911480438, 0.000756849418394, 0.000410740729421, 0.000219751746044, 0.000258348882198, 0.000266943941824, 0.000236356048845, 0.000167935155332, 0.000226609030506, 0.00018854670634, 0.000125539023429, 7.65993900131e-05, 0.000144654753967, 0.000139198295074, 8.89919829206e-05, 6.56366391922e-05, 6.78677897668e-05, 4.03987141908e-05, 8.57909799379e-06, 4.56316628927e-09],
        "dvar": [2.43043123191e-05, 0.00126857927535, 0.000120555101603, 5.40081127838e-05, 5.40784712939e-05, 7.55785504225e-06, 4.33533568867e-06, 7.17056900612e-06, 9.30693545342e-07, 2.75143634099e-07, 1.24185802974e-07, 8.48582573099e-08, 4.02537878585e-08, 3.82583955627e-08, 2.57717012175e-08, 8.49045278528e-08, 3.95190369318e-08, 2.22844551701e-08, 1.49328958088e-08, 4.95710317239e-08, 6.37627337596e-08, 1.71425504902e-08, 5.9572609068e-09, 1.04584128024e-08, 4.0475471863e-09, 1.54387488904e-10, 7.36461425138e-16],
        "dvar2": [4.28344246757e-05, 0.00192204781342, 0.000354021496605, 0.000134336907649, 0.000138542833156, 1.89923885046e-05, 9.62264675763e-06, 1.72468844539e-05, 1.49725224219e-06, 5.53268137082e-07, 2.83276023083e-07, 1.98147517949e-07, 1.05520527427e-07, 9.35653972078e-08, 6.18291409182e-08, 1.67489702108e-07, 9.50697440771e-08, 4.65980818376e-08, 3.03161016291e-08, 1.25612487523e-07, 1.52860380354e-07, 3.56182425776e-08, 1.16143406004e-08, 1.96973619637e-08, 8.25822876749e-09, 3.71089686757e-10, 7.55522631067e-16],
        "max": [0.0412493795156, 0.264573514462, 0.138368844986, 0.0697401314974, 0.0725118815899, 0.0334268026054, 0.0308148469776, 0.041488904506, 0.0290823113173, 0.00956817809492, 0.0091857817024, 0.00409079343081, 0.00278829154558, 0.00253806682304, 0.0019078903133, 0.00510046258569, 0.0037464259658, 0.00410631019622, 0.00228175753728, 0.00351073010825, 0.00565612874925, 0.00258066738024, 0.000810529920273, 0.00151247729082, 0.00111674470827, 0.000155030167662, 7.63554567129e-07],
        "mean": [0.00224853353575, 0.019057976082, 0.0059036584571, 0.00374591094442, 0.00531905237585, 0.00252950447612, 0.00255891960114, 0.002122329548, 0.00103330577258, 0.000542305060662, 0.000270809832728, 0.000356792210368, 0.000321108003845, 0.000254874641541, 0.00019785753102, 0.00026743314811, 0.000220595451538, 0.000151561311213, 9.2307702289e-05, 0.000172962638317, 0.000164009223226, 0.000110089051304, 9.08695510589e-05, 9.32764596655e-05, 4.34306130046e-05, 6.3230354499e-06, 2.53466292399e-09],
        "median": [2.58852087427e-05, 0.00102989247534, 0.000730859232135, 0.00132307503372, 0.00232925801538, 0.0012543424964, 0.00128930388018, 0.000767806894146, 0.00038616580423, 0.000191147875739, 6.68967186357e-05, 0.000118619827845, 0.00022615720809, 0.000150996624143, 0.000124758124002, 0.000100454890344, 0.000118445328553, 7.13176923455e-05, 3.739170279e-05, 5.70284100831e-05, 4.45816222054e-05, 3.24995926348e-05, 2.97467104247e-05, 2.08080236916e-05, 7.92229093349e-06, 7.81358892255e-07, 3.38330558014e-10],
        "min": [7.73593300529e-10, 2.0371240339e-07, 1.29139664296e-07, 7.45091142562e-07, 7.97433222033e-06, 4.44896249974e-06, 3.9475498852e-06, 1.49434060859e-06, 3.08071525978e-06, 7.49246339637e-07, 4.81080633108e-07, 5.59373063425e-07, 1.32175148337e-06, 4.33377721265e-07, 1.41711154811e-07, 1.6581181228e-07, 1.35151736913e-07, 2.18358096049e-08, 1.03985309252e-08, 8.4227536945e-08, 2.40727793255e-08, 3.63521230895e-08, 3.65429251303e-08, 1.55764556808e-08, 3.8781672318e-11, 1.8177870667e-11, 1.91866991045e-11],
        "var": [3.77251344617e-05, 0.00235683191568, 0.000119399905088, 5.33279780939e-05, 6.8604851549e-05, 1.30874359456e-05, 1.12349134724e-05, 1.63117110787e-05, 4.06816934628e-06, 1.00647901036e-06, 4.592194216e-07, 3.33534103447e-07, 9.79025926995e-08, 9.12316053814e-08, 5.22744976195e-08, 2.45581418312e-07, 9.19671236943e-08, 6.48982450002e-08, 3.52895028755e-08, 1.2816924766e-07, 1.15041970616e-07, 4.16212451171e-08, 1.80126633609e-08, 3.16524655375e-08, 1.02334745122e-08, 2.23219775997e-10, 7.36011597704e-16]
    },
    "erbbands": {
        "dmean": [0.768575906754, 2.22902035713, 4.64066267014, 7.48762512207, 13.8850593567, 10.3766717911, 10.8489809036, 15.3572921753, 19.839220047, 20.6734657288, 20.9785404205, 10.6839370728, 9.82952404022, 7.86982488632, 5.3972735405, 5.63993740082, 6.56823253632, 8.06851959229, 5.67477226257, 4.81248188019, 9.38330841064, 6.66476774216, 4.76882171631, 2.90336418152, 3.01957249641, 4.28791379929, 4.50302457809, 3.17857027054, 2.22182440758, 1.5471227169, 1.36886751652, 1.08590948582, 0.841600656509, 0.407153993845, 0.154002249241, 0.0362578965724, 0.00887299794704, 0.000624553416856, 2.03584659175e-05, 2.42566657107e-05],
        "dmean2": [1.01735877991, 3.5718972683, 8.28671455383, 12.6930942535, 22.4958934784, 17.6959896088, 17.9938240051, 25.1831665039, 30.7290306091, 31.9256725311, 31.7855739594, 15.8330841064, 14.0202970505, 11.7355651855, 8.12019252777, 9.08983898163, 10.8183937073, 13.0611839294, 9.03687667847, 7.68892049789, 13.9177207947, 10.5548868179, 7.46114683151, 4.44828939438, 4.52684116364, 6.51516819, 7.02487039566, 4.74277019501, 3.21827149391, 2.34355783463, 1.91858410835, 1.52684640884, 1.21179640293, 0.587876737118, 0.231571897864, 0.0580828599632, 0.014450814575, 0.00100215233397, 3.02871303575e-05, 3.4006054193e-05],
        "dvar": [3.85548686981, 36.2816734314, 138.366775513, 235.532485962, 1640.55883789, 391.010009766, 448.459350586, 631.550476074, 912.755310059, 1462.91381836, 2017.5994873, 359.222290039, 339.892822266, 355.900634766, 94.132270813, 91.2066268921, 62.8497123718, 124.084037781, 71.8769683838, 57.174331665, 369.690002441, 121.352264404, 66.5191879272, 50.5233192444, 55.0232925415, 114.295448303, 180.106735229, 69.0864486694, 24.6695842743, 8.17805099487, 5.23147535324, 6.02349567413, 3.59788298607, 0.963547766209, 0.119995675981, 0.00776621745899, 0.000413476635003, 4.4532425818e-06, 1.54108215078e-09, 1.96341964909e-09],
        "dvar2": [6.35903739929, 77.0104293823, 408.429321289, 645.175170898, 4006.20922852, 1092.95202637, 1143.97827148, 1523.42504883, 1998.00732422, 3304.25756836, 4603.45556641, 667.933227539, 588.260314941, 766.068481445, 216.944732666, 221.797393799, 168.338851929, 304.37991333, 170.591110229, 140.678588867, 706.722412109, 294.636016846, 148.06199646, 112.063224792, 120.476982117, 301.242462158, 472.322387695, 157.800247192, 49.2424736023, 18.7926864624, 10.1906032562, 12.3801841736, 7.21991968155, 1.95387649536, 0.264527827501, 0.0196589510888, 0.000962054240517, 9.89897307591e-06, 3.15857962008e-09, 3.19979620578e-09],
        "max": [14.6164054871, 46.8588867188, 126.236228943, 151.656082153, 441.974243164, 229.935592651, 288.872528076, 262.409332275, 486.065185547, 595.107849121, 1001.56304932, 467.476715088, 449.671478271, 411.827728271, 230.661743164, 134.935516357, 113.059120178, 155.659011841, 101.654014587, 73.7142105103, 346.772644043, 221.228988647, 194.353042603, 144.50189209, 173.988632202, 186.0050354, 333.843536377, 127.204689026, 100.351783752, 46.3553352356, 26.0701961517, 41.4004707336, 39.9032554626, 19.8458919525, 4.95556640625, 1.08516657352, 0.229286700487, 0.0526616126299, 0.000821943802293, 0.000347338180291],
        "mean": [0.913614809513, 2.84436798096, 5.74430322647, 10.9352226257, 16.2815799713, 17.0823783875, 16.4545516968, 24.8419799805, 37.3510437012, 38.6510543823, 39.5949745178, 22.1386108398, 20.8341789246, 15.9637088776, 12.9590082169, 12.7778501511, 14.3763818741, 15.401102066, 10.7612886429, 9.39811229706, 17.5066394806, 13.3147706985, 9.21671295166, 5.39665937424, 5.64119768143, 7.9010014534, 7.76631736755, 5.77773714066, 4.15596628189, 2.7965567112, 2.67372488976, 2.07143568993, 1.49683248997, 0.657780766487, 0.220655351877, 0.0445585213602, 0.0101034576073, 0.000653978262562, 3.99009186367e-05, 5.53568861505e-05],
        "median": [0.0287162400782, 0.25625488162, 0.85164386034, 3.04826331139, 6.2520442009, 6.55327653885, 7.15601396561, 12.5188302994, 18.1902809143, 20.5997142792, 15.8112649918, 8.83927154541, 8.00879096985, 5.61804103851, 4.04528903961, 5.42051792145, 10.3710031509, 10.2552061081, 6.33466005325, 6.00730276108, 6.24299716949, 7.25709486008, 5.08846521378, 2.57085847855, 2.21842813492, 2.55787229538, 2.06723117828, 1.51388299465, 1.15633547306, 1.0678268671, 0.857280254364, 0.529697597027, 0.287583768368, 0.1356189996, 0.0344401746988, 0.00589945260435, 0.00116504053585, 7.22924232832e-05, 2.18695004151e-05, 3.26998560922e-05],
        "min": [2.35247061937e-05, 0.000167992111528, 0.000678756739944, 0.00294403056614, 0.0154227344319, 0.0255266241729, 0.0187816526741, 0.0446373596787, 0.0573366880417, 0.0767245069146, 0.044210460037, 0.0654938146472, 0.0421335063875, 0.0187011603266, 0.0276729296893, 0.0227596126497, 0.0658207163215, 0.0492378436029, 0.0127916513011, 0.00520096160471, 0.0116752199829, 0.0114309759811, 0.00304696825333, 0.000702635967173, 0.003328980878, 0.00331972888671, 0.00102266808972, 0.00102333340328, 0.00127572019119, 0.000887171423528, 0.000882017309777, 0.000531374942511, 0.000178647169378, 5.67877068534e-05, 1.55802354129e-05, 2.10213670471e-06, 6.2880724272e-07, 1.44636359778e-07, 7.04938898366e-08, 1.24981596628e-07],
        "var": [6.22334194183, 51.5092430115, 123.222412109, 256.968566895, 1558.22192383, 692.284851074, 716.670654297, 1256.54455566, 2537.10620117, 3280.68359375, 5536.75390625, 1360.50622559, 1546.1307373, 1127.99182129, 528.909851074, 315.70111084, 178.983413696, 281.138061523, 169.06918335, 111.525428772, 1100.80969238, 316.030944824, 177.527496338, 106.755271912, 151.907028198, 284.764678955, 298.452545166, 156.719848633, 61.9905700684, 20.4429283142, 15.8966732025, 16.3951435089, 8.85776138306, 2.47737193108, 0.243598103523, 0.0103751132265, 0.000630092748906, 5.57153362024e-06, 2.74691625002e-09, 4.73658356981e-09]
    },
    "gfcc": {
        "mean": [-19.0577697754, 117.935493469, -119.144828796, 38.237487793, -72.777130127, 12.8895902634, -43.7207221985, 1.68856477737, -13.6366205215, -0.245011493564, -6.64122915268, -8.46580219269, -6.99724721909],
        "cov": [[3993.61962891, -360.647644043, 428.108703613, 548.557922363, 275.354797363, 276.094848633, 93.1043930054, 322.77142334, -10.0276165009, 45.9856529236, -277.284667969, 24.589673996, 42.2231788635], [-360.647644043, 1914.15539551, -23.1715354919, -164.179489136, 604.214233398, -57.8751678467, 347.025238037, -117.613754272, 425.388000488, -233.736450195, 231.715332031, -102.276435852, 89.6690216064], [428.108703613, -23.1715354919, 493.616333008, 136.996871948, 121.508407593, 124.702003479, 48.2880630493, 77.7777786255, 16.0064640045, 109.776824951, -10.2108983994, 41.9494171143, 4.1977148056], [548.557922363, -164.179489136, 136.996871948, 492.4324646, 165.797271729, 91.8475418091, 28.3360919952, 81.8204116821, 60.4387893677, 45.1021385193, 14.9211044312, -18.4358997345, 114.26197052], [275.354797363, 604.214233398, 121.508407593, 165.797271729, 490.391357422, 50.4513969421, 174.469573975, 72.608215332, 197.965911865, -35.3736381531, 60.7138442993, -16.4399375916, 75.0462188721], [276.094848633, -57.8751678467, 124.702003479, 91.8475418091, 50.4513969421, 229.293823242, 91.2432098389, 54.1688995361, 30.6020545959, 75.0671768188, -0.417184323072, -18.9465370178, 28.0655117035], [93.1043930054, 347.025238037, 48.2880630493, 28.3360919952, 174.469573975, 91.2432098389, 264.947479248, 47.2530670166, 108.636306763, 10.4601287842, 59.3478660583, -29.193271637, 39.3142356873], [322.77142334, -117.613754272, 77.7777786255, 81.8204116821, 72.608215332, 54.1688995361, 47.2530670166, 164.374176025, 21.4256820679, 47.1007270813, -21.0388393402, 10.8818588257, 20.671710968], [-10.0276165009, 425.388000488, 16.0064640045, 60.4387893677, 197.965911865, 30.6020545959, 108.636306763, 21.4256820679, 219.932342529, -18.2048854828, 74.8025131226, -24.1127166748, 62.3125534058], [45.9856529236, -233.736450195, 109.776824951, 45.1021385193, -35.3736381531, 75.0671768188, 10.4601287842, 47.1007270813, -18.2048854828, 187.067489624, 3.23628664017, 21.497674942, 4.85670471191], [-277.284667969, 231.715332031, -10.2108983994, 14.9211044312, 60.7138442993, -0.417184323072, 59.3478660583, -21.0388393402, 74.8025131226, 3.23628664017, 153.641159058, -11.2584981918, 39.6610679626], [24.589673996, -102.276435852, 41.9494171143, -18.4358997345, -16.4399375916, -18.9465370178, -29.193271637, 10.8818588257, -24.1127166748, 21.497674942, -11.2584981918, 94.5098190308, -5.82574892044], [42.2231788635, 89.6690216064, 4.1977148056, 114.26197052, 75.0462188721, 28.0655117035, 39.3142356873, 20.671710968, 62.3125534058, 4.85670471191, 39.6610679626, -5.82574892044, 118.77796936]],
        "icov": [[0.000431359978393, -0.000170008905116, -0.000106552688521, -0.000501246191561, 8.97585559869e-05, -0.000297225080431, -2.49078038905e-05, -0.000583864806686, 0.000182088304427, 0.000172780200955, 0.000810021709185, -0.000215111271245, 0.000200720809516], [-0.000170008905116, 0.00333148031496, -0.000784780771937, 0.00245374254882, -0.00286819995381, 0.00108339404687, -0.00155079504475, 0.00280614825897, -0.00286322692409, 0.00203531514853, -0.00172117282636, 0.00192517833784, -0.00111818907317], [-0.000106552688521, -0.000784780771937, 0.00329982466064, -0.000986976665445, -0.000190365390154, -0.0013307875488, 0.00052965816576, -0.000687203370035, 0.000936599972192, -0.00175016059075, 0.000201491769985, -0.00179675489198, 0.00126697693486], [-0.000501246191561, 0.00245374254882, -0.000986976665445, 0.00550012290478, -0.00301263714209, 0.000409053231124, -6.38544042886e-06, 0.00168927805498, -0.00164292985573, 0.000960234261584, -0.0018152667908, 0.00256644818, -0.00386078632437], [8.97585559869e-05, -0.00286819995381, -0.000190365390154, -0.00301263714209, 0.00692198425531, -0.000258154817857, -0.000370687717805, -0.00313935941085, -0.000365718879038, -0.000403343321523, 0.00152878288645, -0.00198924727738, 0.000995127717033], [-0.000297225080431, 0.00108339404687, -0.0013307875488, 0.000409053231124, -0.000258154817857, 0.00741965975612, -0.00265902141109, 0.000742621952668, -0.00123578694183, -0.00132134789601, 3.80109086109e-05, 0.0023784188088, -0.00109158270061], [-2.49078038905e-05, -0.00155079504475, 0.00052965816576, -6.38544042886e-06, -0.000370687717805, -0.00265902141109, 0.00734973000363, -0.00228909938596, 0.000479802722111, -0.00105209532194, -0.000899885315448, 0.000288966344669, 0.00010118161299], [-0.000583864806686, 0.00280614825897, -0.000687203370035, 0.00168927805498, -0.00313935941085, 0.000742621952668, -0.00228909938596, 0.0110128838569, -0.00255699176341, -0.000183487718459, -0.000193645028048, 0.000730070110876, -0.00141319353133], [0.000182088304427, -0.00286322692409, 0.000936599972192, -0.00164292985573, -0.000365718879038, -0.00123578694183, 0.000479802722111, -0.00255699176341, 0.0114089231938, -0.0014992778888, -0.000776542699896, -0.000668186636176, -0.00124401331414], [0.000172780200955, 0.00203531514853, -0.00175016059075, 0.000960234261584, -0.000403343321523, -0.00132134789601, -0.00105209532194, -0.000183487718459, -0.0014992778888, 0.00912412535399, -0.00177500082646, -0.000218410277739, -0.000517149164807], [0.000810021709185, -0.00172117282636, 0.000201491769985, -0.0018152667908, 0.00152878288645, 3.80109086109e-05, -0.000899885315448, -0.000193645028048, -0.000776542699896, -0.00177500082646, 0.0111157037318, -0.00104169920087, -0.00117556203622], [-0.000215111271245, 0.00192517833784, -0.00179675489198, 0.00256644818, -0.00198924727738, 0.0023784188088, 0.000288966344669, 0.000730070110876, -0.000668186636176, -0.000218410277739, -0.00104169920087, 0.0137907499447, -0.00192641920876], [0.000200720809516, -0.00111818907317, 0.00126697693486, -0.00386078632437, 0.000995127717033, -0.00109158270061, 0.00010118161299, -0.00141319353133, -0.00124401331414, -0.000517149164807, -0.00117556203622, -0.00192641920876, 0.0136745516211]]
    },
    "melbands": {
        "dmean": [0.00505877751857, 0.00237413635477, 0.00153261236846, 0.000819250184577, 0.000397843890823, 0.000330819981173, 0.000291586649837, 0.000245844013989, 0.00014725215442, 7.17954026186e-05, 5.11057587573e-05, 3.40238184435e-05, 1.82969415619e-05, 1.87733039638e-05, 1.4422123968e-05, 1.6830934328e-05, 1.53674172907e-05, 9.53013204708e-06, 7.14476163921e-06, 7.30991359887e-06, 1.16309402074e-05, 7.83607447374e-06, 4.89432659379e-06, 4.44514353148e-06, 2.39027212956e-06, 2.01103512154e-06, 3.01067007058e-06, 2.97227120427e-06, 3.44808586306e-06, 2.07296352528e-06, 1.97243548428e-06, 1.41915336371e-06, 1.02837611848e-06, 8.56709618802e-07, 8.32904390791e-07, 8.25824315598e-07, 6.82334245994e-07, 7.19697084151e-07, 4.30052836009e-07, 3.46948553442e-07],
        "dmean2": [0.00665973545983, 0.00408977968618, 0.00256569683552, 0.00133375264704, 0.000664146791678, 0.000540968845598, 0.000453441025456, 0.00037975635496, 0.000220145491767, 0.000104377715616, 7.26517973817e-05, 5.15904503118e-05, 2.80894273601e-05, 2.97390179185e-05, 2.40999106609e-05, 2.74146077572e-05, 2.4891409339e-05, 1.52487846208e-05, 1.12943325803e-05, 1.16268538477e-05, 1.7358961486e-05, 1.27208249978e-05, 7.64088872529e-06, 6.91915602147e-06, 3.72697468265e-06, 3.01864656649e-06, 4.78510673929e-06, 4.53552956969e-06, 5.41675308341e-06, 3.17138483297e-06, 3.02232842841e-06, 2.10460279959e-06, 1.59010494372e-06, 1.31211675125e-06, 1.20825905014e-06, 1.19592505143e-06, 9.85497763395e-07, 1.06802133359e-06, 6.27749557225e-07, 5.14147302511e-07],
        "dvar": [0.000160939744092, 3.66077802028e-05, 1.18009093057e-05, 3.55350061909e-06, 5.35096262411e-07, 2.80892663795e-07, 1.87915702554e-07, 2.28962221627e-07, 9.52953200795e-08, 1.8036020677e-08, 8.93698093307e-09, 6.02683503104e-09, 1.33898681032e-09, 1.31439670259e-09, 4.94417506935e-10, 4.69013383686e-10, 4.69536798331e-10, 2.1953311391e-10, 1.3948944777e-10, 1.35364608411e-10, 6.01935223887e-10, 2.13987605413e-10, 5.66322197471e-11, 8.42426128855e-11, 4.02091311635e-11, 2.27818857529e-11, 6.9563632632e-11, 5.09299095952e-11, 7.90647547433e-11, 4.55186062454e-11, 3.10502283607e-11, 1.26560350741e-11, 3.44519985457e-12, 2.57027428854e-12, 1.98224596459e-12, 2.36832255196e-12, 2.84850875526e-12, 2.53241741813e-12, 1.17544591682e-12, 6.95607633994e-13],
        "dvar2": [0.000246014329605, 0.000101375255326, 3.00240826618e-05, 8.98013058759e-06, 1.39906035201e-06, 6.7787630087e-07, 4.12341307765e-07, 5.34883668024e-07, 2.17395694335e-07, 3.11589012369e-08, 1.52534358477e-08, 1.27399930605e-08, 3.02986791212e-09, 3.04794278705e-09, 1.28605770477e-09, 1.14072717938e-09, 1.15537102108e-09, 5.07548669759e-10, 3.32787186696e-10, 3.38482408768e-10, 1.13910780808e-09, 5.27706212061e-10, 1.37727426686e-10, 1.75178080375e-10, 9.27706314546e-11, 4.76447319098e-11, 1.87342502622e-10, 1.30577770818e-10, 1.98436919674e-10, 1.1846103265e-10, 7.16014608715e-11, 2.59357622184e-11, 8.00426565306e-12, 6.07884359169e-12, 4.07576186343e-12, 4.94712474111e-12, 6.09129456944e-12, 5.17347319498e-12, 2.74879619934e-12, 1.38040273656e-12],
        "max": [0.0963024422526, 0.0534821152687, 0.0306275747716, 0.0198074486107, 0.008431003429, 0.00525636645034, 0.00726405438036, 0.00720482179895, 0.00744996732101, 0.00401620939374, 0.00236971164122, 0.00153978203889, 0.000785428041127, 0.000538231397513, 0.000310041155899, 0.00036449873005, 0.000307598296786, 0.000208300334634, 0.000169631370227, 0.000135834343382, 0.000457510672277, 0.000316363788443, 0.00013046109234, 0.000256815808825, 0.000132235494675, 0.000112563939183, 0.000125646780361, 0.000129091233248, 0.000164083336131, 0.000167483012774, 0.000101377729152, 8.07617252576e-05, 2.18525037781e-05, 2.50488774327e-05, 2.02828687179e-05, 1.89424463315e-05, 2.87155016849e-05, 3.07029549731e-05, 2.15357013076e-05, 1.62939268193e-05],
        "mean": [0.00645049614832, 0.00323684816249, 0.00211974862032, 0.00119685521349, 0.000635651696939, 0.00053680309793, 0.000555639329832, 0.000454671389889, 0.000283191271592, 0.000140452553751, 0.000104722137621, 6.66792184347e-05, 4.04676284234e-05, 4.27431477874e-05, 2.69544179901e-05, 3.5273260437e-05, 2.68698822765e-05, 1.70058083313e-05, 1.28636347654e-05, 1.31429887915e-05, 2.10074758797e-05, 1.41282798722e-05, 9.08460242499e-06, 7.70944188844e-06, 3.88623993786e-06, 3.56551436198e-06, 4.89180911245e-06, 5.28544705958e-06, 5.43107489648e-06, 3.54815347237e-06, 3.28649116454e-06, 2.48478113463e-06, 1.78825689545e-06, 1.42237729506e-06, 1.53668906933e-06, 1.4351610389e-06, 1.2152090676e-06, 1.18027821827e-06, 6.97666223459e-07, 5.08428684043e-07],
        "median": [0.000290606898488, 0.000400875724154, 0.000772547035012, 0.000513026374392, 0.00026530874311, 0.000277689483482, 0.000279156665783, 0.000209380144952, 0.000103470723843, 5.13966551807e-05, 3.85890889447e-05, 2.23436909437e-05, 1.15811944852e-05, 1.29599284264e-05, 1.74531724042e-05, 2.48468804784e-05, 1.64628690982e-05, 8.99732094695e-06, 7.64937158237e-06, 7.42327893022e-06, 6.5548965722e-06, 6.93677338859e-06, 5.30247780262e-06, 3.13964460474e-06, 1.67757173131e-06, 1.36124242545e-06, 1.6773904008e-06, 1.56101145876e-06, 1.37154927415e-06, 9.32717739488e-07, 7.94457321263e-07, 6.23197877303e-07, 6.3040670284e-07, 4.89254034619e-07, 4.97605071814e-07, 4.11798993127e-07, 2.66972620011e-07, 1.89717312082e-07, 1.36429832764e-07, 8.98781067349e-08],
        "min": [5.55093038201e-08, 1.10183705715e-07, 1.36497783387e-06, 1.22685628412e-06, 5.3743741546e-07, 9.1954200343e-07, 8.92544449016e-07, 4.99519956065e-07, 3.03865277829e-07, 3.39831387919e-07, 1.88618059838e-07, 6.07361201332e-08, 7.55103002348e-08, 8.05577471397e-08, 6.15653874547e-08, 1.41309101309e-07, 7.09860401571e-08, 1.2922290793e-08, 8.64384563926e-09, 5.77500314236e-09, 1.37042377446e-08, 9.753158281e-09, 6.16340800619e-09, 6.11638684145e-10, 3.13637532612e-10, 8.1087092596e-10, 4.29290558657e-09, 1.523301707e-09, 4.71272076918e-10, 4.79066342152e-10, 6.1825888853e-10, 5.80120507188e-10, 6.25211493688e-10, 2.07428380028e-10, 5.00671837322e-10, 2.69997274538e-10, 3.02122687978e-10, 8.38409203174e-11, 4.1614671778e-12, 4.86204067458e-13],
