{
"highlevel": {
    "danceability": {
        "all": {
            "danceable": 0.999999582767,
            "not_danceable": 3.90628969171e-07
        },
        "probability": 0.999999582767,
        "value": "danceable"
    },
    "gender": {
        "all": {
            "female": 0.620950222015,
            "male": 0.379049777985
        },
        "probability": 0.620950222015,
        "value": "female"
    },
    "genre_dortmund": {
        "all": {
            "alternative": 0.0416462793946,
            "blues": 0.0335989482701,
            "electronic": 0.68681794405,
            "folkcountry": 0.00856674928218,
            "funksoulrnb": 0.0111580872908,
            "jazz": 0.132058575749,
            "pop": 0.00922543741763,
            "raphiphop": 0.0381128042936,
            "rock": 0.0388151742518
        },
        "probability": 0.68681794405,
        "value": "electronic"
    },
    "genre_electronic": {
        "all": {
            "ambient": 0.421654909849,
            "dnb": 0.0335538163781,
            "house": 0.312530487776,
            "techno": 0.220916584134,
            "trance": 0.0113441841677
        },
        "probability": 0.421654909849,
        "value": "ambient"
    },
    "genre_rosamerica": {
        "all": {
            "cla": 0.0249010901898,
            "dan": 0.0128962891176,
            "hip": 0.0579141005874,
            "jaz": 0.0896670296788,
            "pop": 0.0373574234545,
            "rhy": 0.704601943493,
            "roc": 0.0121419215575,
            "spe": 0.060520209372
        },
        "probability": 0.704601943493,
        "value": "rhy"
    },
    "genre_tzanetakis": {
        "all": {
            "blu": 0.0529023893178,
            "cla": 0.0318947099149,
            "cou": 0.0723486840725,
            "dis": 0.0717792734504,
            "hip": 0.240266367793,
            "jaz": 0.233894333243,
            "met": 0.0425269976258,
            "pop": 0.108985438943,
            "reg": 0.0725294426084,
            "roc": 0.0728723704815
        },
        "probability": 0.240266367793,
        "value": "hip"
    },
    "ismir04_rhythm": {
        "all": {
            "ChaChaCha": 0.236477509141,
            "Jive": 0.0165657401085,
            "Quickstep": 0.0330684930086,
            "Rumba-American": 0.0522749051452,
            "Rumba-International": 0.190688788891,
            "Rumba-Misc": 0.0947899520397,
            "Samba": 0.181782335043,
            "Tango": 0.0174362100661,
            "VienneseWaltz": 0.147912204266,
            "Waltz": 0.0290038529783
        },
        "probability": 0.236477509141,
        "value": "ChaChaCha"
    },
    "mood_acoustic": {
        "all": {
            "acoustic": 6.89001353749e-07,
            "not_acoustic": 0.999999284744
        },
        "probability": 0.999999284744,
        "value": "not_acoustic"
    },
    "mood_aggressive": {
        "all": {
            "aggressive": 0.570067167282,
            "not_aggressive": 0.42993286252
        },
        "probability": 0.570067167282,
        "value": "aggressive"
    },
    "mood_electronic": {
        "all": {
            "electronic": 0.993280172348,
            "not_electronic": 0.00671983230859
        },
        "probability": 0.993280172348,
        "value": "electronic"
    },
    "mood_happy": {
        "all": {
            "happy": 0.103618651628,
            "not_happy": 0.896381318569
        },
        "probability": 0.896381318569,
        "value": "not_happy"
    },
    "mood_party": {
        "all": {
            "not_party": 0.7030210495,
            "party": 0.296978920698
        },
        "probability": 0.7030210495,
        "value": "not_party"
    },
    "mood_relaxed": {
        "all": {
            "not_relaxed": 0.200500845909,
            "relaxed": 0.799499154091
        },
        "probability": 0.799499154091,
        "value": "relaxed"
    },
    "mood_sad": {
        "all": {
            "not_sad": 0.437355935574,
            "sad": 0.562644064426
        },
        "probability": 0.562644064426,
        "value": "sad"
    },
    "moods_mirex": {
        "all": {
            "Cluster1": 0.137411981821,
            "Cluster2": 0.0649702399969,
            "Cluster3": 0.164377942681,
            "Cluster4": 0.0248304717243,
            "Cluster5": 0.60840934515
        },
        "probability": 0.60840934515,
        "value": "Cluster5"
    },
    "timbre": {
        "all": {
            "bright": 0.000845539325383,
            "dark": 0.999154448509
        },
        "probability": 0.999154448509,
        "value": "dark"
    },
    "tonal_atonal": {
        "all": {
            "atonal": 0.999999403954,
            "tonal": 6.20255377726e-07
        },
        "probability": 0.999999403954,
        "value": "atonal"
    },
    "voice_instrumental": {
        "all": {
            "instrumental": 0.945773363113,
            "voice": 0.0542266406119
        },
        "probability": 0.945773363113,
        "value": "instrumental"
    }
},
"lowlevel": {
    "average_loudness": 0.970722615719,
    "barkbands_crest": {
        "dmean": 3.34029388428,
        "dmean2": 5.37415647507,
        "dvar": 9.06433963776,
        "dvar2": 23.8946819305,
        "max": 26.4230995178,
        "mean": 19.1846904755,
        "median": 19.7147769928,
        "min": 6.19953298569,
        "var": 15.8337745667
    },
    "barkbands_flatness_db": {
        "dmean": 0.0509775578976,
        "dmean2": 0.0743527337909,
        "dvar": 0.00244590383954,
        "dvar2": 0.00479897018522,
        "max": 0.585750818253,
        "mean": 0.393908768892,
        "median": 0.40610614419,
        "min": 0.0980808511376,
        "var": 0.00846570823342
    },
    "barkbands_kurtosis": {
        "dmean": 31.3496246338,
        "dmean2": 52.9320411682,
        "dvar": 4321.58007812,
        "dvar2": 12026.3564453,
        "max": 855.291503906,
        "mean": 40.9871864319,
        "median": 18.2022151947,
        "min": -1.15286123753,
        "var": 4915.46386719
    },
    "barkbands_skewness": {
        "dmean": 1.56643974781,
        "dmean2": 2.5517334938,
        "dvar": 3.84350705147,
        "dvar2": 11.0286817551,
        "max": 24.5485610962,
        "mean": 4.04702711105,
        "median": 3.41572761536,
        "min": 0.511304736137,
        "var": 6.98208665848
    },
    "barkbands_spread": {
        "dmean": 1.62315797806,
        "dmean2": 2.43610572815,
        "dvar": 8.1025724411,
        "dvar2": 15.5544891357,
        "max": 33.5238418579,
        "mean": 3.05613732338,
        "median": 1.67707848549,
        "min": 0.105559542775,
        "var": 15.1401414871
    },
    "dissonance": {
        "dmean": 0.0357837416232,
        "dmean2": 0.0605904459953,
        "dvar": 0.00110610271804,
        "dvar2": 0.00284529849887,
        "max": 0.499940276146,
        "mean": 0.409772008657,
        "median": 0.426113575697,
        "min": 0.181136891246,
        "var": 0.00396876549348
    },
    "dynamic_complexity": 2.44667959213,
    "erbbands_crest": {
        "dmean": 2.25445270538,
        "dmean2": 3.71065163612,
        "dvar": 4.56994485855,
        "dvar2": 12.9545345306,
        "max": 22.5100021362,
        "mean": 10.7641677856,
        "median": 10.2357110977,
        "min": 2.78858828545,
        "var": 11.0235948563
    },
    "erbbands_flatness_db": {
        "dmean": 0.0302207935601,
        "dmean2": 0.0451602339745,
        "dvar": 0.001073125517,
        "dvar2": 0.00211384426802,
        "max": 0.359321892262,
        "mean": 0.239992052317,
        "median": 0.247748419642,
        "min": 0.0807173028588,
        "var": 0.00438982388005
    },
    "erbbands_kurtosis": {
        "dmean": 4.12230682373,
        "dmean2": 6.73024845123,
        "dvar": 23.877904892,
        "dvar2": 65.7544021606,
        "max": 43.4229545593,
        "mean": 7.24589204788,
        "median": 5.74090766907,
        "min": -1.73948502541,
        "var": 47.7646255493
    },
    "erbbands_skewness": {
        "dmean": 0.66674387455,
        "dmean2": 1.03387594223,
        "dvar": 0.447784900665,
        "dvar2": 1.03743994236,
        "max": 6.0481467247,
        "mean": 1.26911306381,
        "median": 1.28628671169,
        "min": -2.29295969009,
        "var": 1.94721186161
    },
    "erbbands_spread": {
        "dmean": 10.2864580154,
        "dmean2": 15.0916776657,
        "dvar": 280.911376953,
        "dvar2": 476.04675293,
        "max": 134.590667725,
        "mean": 22.687713623,
        "median": 12.4266262054,
        "min": 3.83057260513,
        "var": 619.084655762
    },
    "hfc": {
        "dmean": 6.5836148262,
        "dmean2": 10.0635385513,
        "dvar": 193.850372314,
        "dvar2": 452.292907715,
        "max": 127.6561203,
        "mean": 13.6365528107,
        "median": 9.50278282166,
        "min": 0.914977669716,
        "var": 220.967880249
    },
    "melbands_crest": {
        "dmean": 3.36863994598,
        "dmean2": 5.72012424469,
        "dvar": 9.55490398407,
        "dvar2": 25.5568237305,
        "max": 33.8884391785,
        "mean": 22.2509384155,
        "median": 21.4183311462,
        "min": 8.12831497192,
        "var": 20.9856586456
    },
    "melbands_flatness_db": {
        "dmean": 0.057371430099,
        "dmean2": 0.0826914831996,
        "dvar": 0.00338801392354,
        "dvar2": 0.00643189810216,
        "max": 0.714873611927,
        "mean": 0.502350986004,
        "median": 0.519086003304,
        "min": 0.130378291011,
        "var": 0.0113924182951
    },
    "melbands_kurtosis": {
        "dmean": 31.9571743011,
        "dmean2": 51.5422706604,
        "dvar": 3232.27612305,
        "dvar2": 8987.83300781,
        "max": 708.457641602,
        "mean": 49.3647499084,
        "median": 24.1494064331,
        "min": -0.577837944031,
        "var": 4781.78466797
    },
    "melbands_skewness": {
        "dmean": 1.32590937614,
        "dmean2": 2.090539217,
        "dvar": 2.43130540848,
        "dvar2": 5.87645149231,
        "max": 20.9010372162,
        "mean": 4.18383407593,
        "median": 3.45633530617,
        "min": 1.04204797745,
        "var": 5.80199766159
    },
    "melbands_spread": {
        "dmean": 1.19119346142,
        "dmean2": 1.82762897015,
        "dvar": 3.85536289215,
        "dvar2": 7.79776477814,
        "max": 26.1544284821,
        "mean": 2.57346010208,
        "median": 1.52438187599,
        "min": 0.224736079574,
        "var": 9.0749540329
    },
    "pitch_salience": {
        "dmean": 0.10385299474,
        "dmean2": 0.172357305884,
        "dvar": 0.00941768940538,
        "dvar2": 0.0254410263151,
        "max": 0.795392036438,
        "mean": 0.323210150003,
        "median": 0.309615969658,
        "min": 0.0472254417837,
        "var": 0.0164845418185
    },
    "silence_rate_20dB": {
        "dmean": 0.0325077399611,
        "dmean2": 0.0650658383965,
        "dvar": 0.0314509086311,
        "dvar2": 0.0654804781079,
        "max": 1,
        "mean": 0.96210360527,
        "median": 1,
        "min": 0,
        "var": 0.0364595837891
    },
    "silence_rate_30dB": {
        "dmean": 0.208978325129,
        "dmean2": 0.418280392885,
        "dvar": 0.165305912495,
        "dvar2": 0.356412678957,
        "max": 1,
        "mean": 0.570765674114,
        "median": 1,
        "min": 0,
        "var": 0.244990304112
    },
    "silence_rate_60dB": {
        "dmean": 0,
        "dmean2": 0,
        "dvar": 0,
        "dvar2": 0,
        "max": 0,
        "mean": 0,
        "median": 0,
        "min": 0,
        "var": 0
    },
    "spectral_centroid": {
        "dmean": 101.703186035,
        "dmean2": 148.437271118,
        "dvar": 33980.7226562,
        "dvar2": 64097.4570312,
        "max": 2154.59912109,
        "mean": 347.160858154,
        "median": 249.566482544,
        "min": 110.693267822,
        "var": 62445.8515625
    },
    "spectral_complexity": {
        "dmean": 1.9465944767,
        "dmean2": 2.92873740196,
        "dvar": 18.9638633728,
        "dvar2": 31.1693248749,
        "max": 46,
        "mean": 7.407579422,
        "median": 5,
        "min": 2,
        "var": 33.4883460999
    },
    "spectral_decrease": {
        "dmean": 1.49027190588e-08,
        "dmean2": 2.35071180299e-08,
        "dvar": 6.06277437464e-16,
        "dvar2": 1.42493208107e-15,
        "max": -2.69445732393e-09,
        "mean": -3.04731813117e-08,
        "median": -2.51279637098e-08,
        "min": -2.64138321882e-07,
        "var": 7.47510122902e-16
    },
    "spectral_energy": {
        "dmean": 0.0566947907209,
        "dmean2": 0.0894056707621,
        "dvar": 0.00882813613862,
        "dvar2": 0.0207279585302,
        "max": 1.00569033623,
        "mean": 0.116249501705,
        "median": 0.0957086980343,
        "min": 0.0102524980903,
        "var": 0.0108770160004
    },
    "spectral_energyband_high": {
        "dmean": 0.00017358691548,
        "dmean2": 0.000251869496424,
        "dvar": 1.62665401149e-07,
        "dvar2": 3.19833418416e-07,
        "max": 0.00338829518296,
        "mean": 0.000167998572579,
        "median": 5.99662098466e-06,
        "min": 7.28041584352e-07,
        "var": 2.10141564594e-07
    },
    "spectral_energyband_low": {
        "dmean": 0.054232776165,
        "dmean2": 0.0873321816325,
        "dvar": 0.00839734543115,
        "dvar2": 0.0220250114799,
        "max": 0.980367720127,
        "mean": 0.0998901426792,
        "median": 0.0805795788765,
        "min": 0.00867591891438,
        "var": 0.00889999512583
    },
    "spectral_energyband_middle_high": {
        "dmean": 0.000345476844814,
        "dmean2": 0.000528888951521,
        "dvar": 1.15229261155e-06,
        "dvar2": 2.37668405134e-06,
        "max": 0.0109953461215,
        "mean": 0.000542956171557,
        "median": 9.01827879716e-05,
        "min": 1.65194251167e-06,
        "var": 1.56390069606e-06
    },
    "spectral_energyband_middle_low": {
        "dmean": 0.0128028457984,
        "dmean2": 0.0229021683335,
        "dvar": 0.00236977613531,
        "dvar2": 0.00670335302129,
        "max": 0.464267104864,
        "mean": 0.0170028954744,
        "median": 0.00920391641557,
        "min": 0.00060156325344,
        "var": 0.00150166777894
    },
    "spectral_entropy": {
        "dmean": 0.375498592854,
        "dmean2": 0.570339024067,
        "dvar": 0.210878610611,
        "dvar2": 0.434864223003,
        "max": 8.32214832306,
        "mean": 6.10499763489,
        "median": 5.94523763657,
        "min": 4.87135457993,
        "var": 0.656171500683
    },
    "spectral_flux": {
        "dmean": 0.0662408396602,
        "dmean2": 0.110012821853,
        "dvar": 0.00596935302019,
        "dvar2": 0.010816693306,
        "max": 0.898051917553,
        "mean": 0.154764935374,
        "median": 0.126171663404,
        "min": 0.0290101896971,
        "var": 0.0143021382391
    },
    "spectral_kurtosis": {
        "dmean": 9.74253463745,
        "dmean2": 15.8269176483,
        "dvar": 111.254219055,
        "dvar2": 300.774688721,
        "max": 114.922477722,
        "mean": 20.3047599792,
        "median": 16.2411079407,
        "min": -0.291511774063,
        "var": 342.759185791
    },
    "spectral_rms": {
        "dmean": 0.00235335761681,
        "dmean2": 0.00363227725029,
        "dvar": 6.24995027465e-06,
        "dvar2": 1.38069817694e-05,
        "max": 0.031323492527,
        "mean": 0.0100839417428,
        "median": 0.00966303981841,
        "min": 0.00316266296431,
        "var": 1.17282597785e-05
    },
    "spectral_rolloff": {
        "dmean": 66.26612854,
        "dmean2": 113.42010498,
        "dvar": 9942.63085938,
        "dvar2": 22917.75,
        "max": 1464.2578125,
        "mean": 168.301895142,
        "median": 107.666015625,
        "min": 43.06640625,
        "var": 22575.8007812
    },
    "spectral_skewness": {
        "dmean": 0.823950529099,
        "dmean2": 1.2796432972,
        "dvar": 0.626514315605,
        "dvar2": 1.45306301117,
        "max": 9.247797966,
        "mean": 3.39121103287,
        "median": 3.30604290962,
        "min": 0.513890087605,
        "var": 2.50744247437
    },
    "spectral_spread": {
        "dmean": 873520.25,
        "dmean2": 1249449,
        "dvar": 953578225664,
        "dvar2": 1.85797325619e+12,
        "max": 8926118,
        "mean": 3160124.75,
        "median": 2540077.25,
        "min": 797346,
        "var": 2.85413893734e+12
    },
    "spectral_strongpeak": {
        "dmean": 0.398724287748,
        "dmean2": 0.685688376427,
        "dvar": 0.144931867719,
        "dvar2": 0.391042023897,
        "max": 2.64477348328,
        "mean": 0.689403533936,
        "median": 0.601599693298,
        "min": 0,
        "var": 0.218012526631
    },
    "zerocrossingrate": {
        "dmean": 0.00354495202191,
        "dmean2": 0.00438583223149,
        "dvar": 2.93388384307e-05,
        "dvar2": 3.82582256861e-05,
        "max": 0.072265625,
        "mean": 0.00945332180709,
        "median": 0.00634765625,
        "min": 0.001953125,
        "var": 8.07489705039e-05
    },
    "barkbands": {
        "dmean": [0.0064092669636, 0.045831810683, 0.0129074389115, 0.00749451247975, 0.00433096382767, 0.00148415297735, 0.000553656544071, 0.000469229271403, 0.000348791450961, 0.000158481692779, 2.46100426011e-05, 2.32459060499e-05, 3.46048800566e-05, 1.69556969922e-05, 5.09653837071e-05, 3.68954533769e-05, 2.64160080405e-05, 2.50129633059e-05, 3.89653614548e-05, 2.71461813099e-05, 3.62716491509e-05, 4.30202562711e-05, 4.33123932453e-05, 2.82725086436e-05, 1.36113858389e-05, 2.02534465643e-06, 9.75476144305e-09],
        "dmean2": [0.0108892666176, 0.0728853046894, 0.0241007190198, 0.0135901588947, 0.00800582580268, 0.00265276292339, 0.000928186636884, 0.000696110713761, 0.000538561551366, 0.000238552427618, 3.96326322516e-05, 3.83950537071e-05, 5.53836289328e-05, 2.73647819995e-05, 8.75219266163e-05, 5.85747802688e-05, 3.98508200306e-05, 3.82350008294e-05, 5.96048485022e-05, 3.84080813092e-05, 5.44836366316e-05, 6.44011233817e-05, 6.4402272983e-05, 4.16045622842e-05, 2.02165174414e-05, 3.29476142724e-06, 1.35448008365e-08],
        "dvar": [4.98610315844e-05, 0.00423556938767, 0.00262665329501, 0.00127209234051, 0.00021493821987, 6.86329940436e-06, 2.51284654951e-06, 1.30022726808e-06, 9.82894334811e-07, 1.62219734534e-07, 5.82447867714e-09, 4.93581309158e-09, 1.47354448643e-08, 3.75931108465e-09, 6.5104707403e-08, 2.54422687362e-08, 8.61506421757e-09, 7.73404629228e-09, 1.80207564426e-08, 6.52042642102e-09, 9.20140408311e-09, 1.04707567061e-08, 1.02979864636e-08, 4.6552703914e-09, 1.05118225235e-09, 2.9673138946e-11, 1.85227369196e-14],
        "dvar2": [0.000127101971884, 0.0124663431197, 0.00786661263555, 0.00366012030281, 0.000636215205304, 1.77144629561e-05, 6.08517166256e-06, 2.66387519332e-06, 2.43617546403e-06, 3.12649802936e-07, 1.48788723564e-08, 1.23124221929e-08, 3.38324213089e-08, 8.81060024938e-09, 1.74902567096e-07, 6.2459129424e-08, 1.84413337934e-08, 1.82046768771e-08, 4.06235933781e-08, 1.3471810334e-08, 1.8847190475e-08, 2.16506084172e-08, 2.27432614963e-08, 9.54840029266e-09, 2.21551621493e-09, 7.35033978128e-11, 1.88450515907e-14],
        "max": [0.077846005559, 0.729885220528, 0.390545099974, 0.351098418236, 0.139352321625, 0.0227141361684, 0.0189219377935, 0.0160764288157, 0.0157303325832, 0.00820917636156, 0.00100614200346, 0.000902509316802, 0.00114957173355, 0.000648863089737, 0.00271677016281, 0.00191865302622, 0.00105856871232, 0.00098123238422, 0.00172024732456, 0.00100162613671, 0.00106710521504, 0.000877666112501, 0.000848058378324, 0.000668926164508, 0.000273574609309, 4.917584738e-05, 4.24293466494e-06],
        "mean": [0.00784187484533, 0.0790531635284, 0.0118200192228, 0.00579661410302, 0.00523104192689, 0.00263213203289, 0.000818574219011, 0.00100489298347, 0.00115009688307, 0.000454232649645, 2.68264611805e-05, 2.9570875995e-05, 3.39873949997e-05, 1.71187930391e-05, 3.82770740543e-05, 3.41905142704e-05, 2.82183482341e-05, 2.17244087253e-05, 3.34534706781e-05, 2.86992471956e-05, 3.45872831531e-05, 4.0679864469e-05, 3.86963110941e-05, 2.66664337687e-05, 1.26731019918e-05, 1.65555968579e-06, 8.75415828716e-09],
        "median": [0.00528791779652, 0.0659544169903, 0.00476404372603, 0.000889303977601, 0.00313080963679, 0.00193816167302, 0.000159529052326, 3.22142950608e-05, 5.87621616432e-05, 3.22958294419e-05, 4.56468069387e-06, 7.49987884774e-06, 5.70147267354e-06, 1.80512722636e-06, 1.36444737109e-06, 1.95721145246e-06, 5.24328970641e-06, 1.28748661155e-06, 1.59716819326e-06, 2.43964223046e-06, 1.68193412264e-06, 1.3771069689e-06, 1.03054412648e-06, 6.1184215383e-07, 2.99160376471e-07, 5.22375209755e-08, 1.42968559214e-09],
        "min": [3.57933313353e-05, 0.00441381055862, 9.22267281567e-06, 3.957496574e-06, 0.000121831842989, 5.04660856677e-05, 2.80745916825e-06, 4.10475479384e-07, 1.45881028857e-06, 2.5837292128e-07, 2.70502660271e-08, 6.15941928572e-08, 2.06489918497e-08, 1.88467712547e-08, 1.99421794633e-08, 2.55868517485e-08, 5.87960684584e-08, 4.94334351231e-08, 7.2772863291e-08, 8.67368825652e-08, 1.14284574693e-07, 1.28058388782e-07, 6.02028649155e-08, 3.72970854201e-09, 4.72996503076e-11, 3.15523371319e-11, 3.8393184465e-11],
        "var": [6.63553219056e-05, 0.00389406713657, 0.00155204965267, 0.000777767971158, 0.000119902208098, 7.60230386732e-06, 2.8528072562e-06, 5.31379691893e-06, 6.46669695925e-06, 1.2202186781e-06, 5.30782262587e-09, 4.73640415777e-09, 1.42966856131e-08, 3.80343001538e-09, 4.57999433934e-08, 2.36137687182e-08, 1.01018846621e-08, 7.40413730327e-09, 1.7900454452e-08, 8.29716295669e-09, 1.10893383365e-08, 1.27978427855e-08, 1.11558877691e-08, 5.69887603774e-09, 1.21498155981e-09, 2.55408680316e-11, 1.84730990948e-14]
    },
    "erbbands": {
        "dmean": [1.62301003933, 9.67038249969, 12.6930160522, 22.7897872925, 16.9628295898, 15.2686071396, 15.1700801849, 12.9009103775, 10.5559329987, 9.21659564972, 10.3620758057, 7.07331037521, 8.41862678528, 2.08971762657, 0.961135327816, 0.948958933353, 1.61655294895, 1.12228178978, 2.73323369026, 1.91308367252, 1.70245420933, 1.45000219345, 1.35840761662, 1.48731148243, 2.06334209442, 1.33520627022, 1.68519747257, 1.16954410076, 1.52830219269, 1.47273147106, 1.14773082733, 0.739744663239, 0.414974570274, 0.20291057229, 0.073645837605, 0.0171657707542, 0.00267348764464, 0.000156741676619, 2.80357271549e-05, 6.13127995166e-05],
        "dmean2": [2.64415955544, 15.3544912338, 22.8456115723, 42.8235397339, 31.5621166229, 28.0217609406, 27.4093875885, 23.2777690887, 18.9960136414, 15.2484722137, 14.8828382492, 11.6600408554, 11.7855644226, 3.33270096779, 1.53551435471, 1.566801548, 2.6170976162, 1.80663764477, 4.7489900589, 3.03087759018, 2.70083212852, 2.1934466362, 2.07478618622, 2.23689341545, 3.03871011734, 1.9105181694, 2.58560872078, 1.72213339806, 2.29859805107, 2.24996399879, 1.71321642399, 1.07680821419, 0.63401311636, 0.30271589756, 0.110474273562, 0.0263544246554, 0.00443014781922, 0.000259259948507, 4.34330104326e-05, 9.65817525866e-05],
        "dvar": [3.6043138504, 220.456008911, 1780.33996582, 11947.1103516, 5561.88818359, 1939.2755127, 798.317626953, 567.956726074, 520.651184082, 630.939941406, 659.788208008, 601.881164551, 566.451416016, 28.4450531006, 9.09749412537, 7.86884975433, 31.2337913513, 19.2492694855, 203.670623779, 70.7246856689, 48.1162033081, 26.3467922211, 24.8619384766, 26.679851532, 43.4290771484, 16.7780838013, 19.7608337402, 9.35357189178, 13.6368217468, 12.4527482986, 7.29019784927, 2.97819542885, 1.18438601494, 0.250938504934, 0.0306818988174, 0.00191229744814, 5.91459101997e-05, 2.82851203792e-07, 2.39002972968e-09, 1.04486730379e-08],
        "dvar2": [9.7899274826, 645.152709961, 5054.08691406, 34950.4335938, 16298.1269531, 5683.72900391, 2331.06616211, 1481.14025879, 1352.84289551, 1517.03491211, 1245.81884766, 1618.29626465, 939.870361328, 68.1084976196, 22.8026580811, 18.5928821564, 74.9550704956, 44.3714828491, 557.342041016, 178.5287323, 116.000656128, 53.2181091309, 59.9007415771, 57.1709976196, 93.5783081055, 34.8776779175, 41.9416656494, 18.2429180145, 30.2069282532, 27.4050426483, 15.525976181, 5.83556175232, 2.66453933716, 0.547072052956, 0.0639728456736, 0.00461562909186, 0.000147572049173, 6.68163352202e-07, 5.00225549871e-09, 2.44820697048e-08],
        "max": [17.7128505707, 171.860977173, 350.961547852, 1042.03479004, 765.724487305, 440.365753174, 267.399261475, 198.434204102, 301.296569824, 252.715332031, 383.080413818, 240.582824707, 645.781677246, 51.6707420349, 36.7882423401, 29.1761894226, 56.579120636, 45.8623352051, 160.049713135, 109.767051697, 79.7968215942, 54.8867645264, 60.8834953308, 75.0327529907, 72.0626449585, 52.9277610779, 43.2721061707, 29.9178905487, 29.0811443329, 27.2576503754, 22.4454116821, 16.9239063263, 9.94247150421, 4.42694950104, 1.55170345306, 0.448373138905, 0.0735467374325, 0.0067389998585, 0.000666393782012, 0.00109354383312],
        "mean": [2.36982727051, 16.6489639282, 19.8559169769, 17.0618190765, 14.1546897888, 20.6197280884, 22.7203941345, 20.4638519287, 12.3012733459, 18.1207580566, 21.7839050293, 16.9771595001, 38.0216712952, 4.00129842758, 1.30604732037, 1.13551962376, 1.57640695572, 1.08823621273, 2.01946210861, 1.67954325676, 1.65237736702, 1.5545156002, 1.26176667213, 1.34641623497, 1.88047063351, 1.3700619936, 1.55714643002, 1.1704980135, 1.38988280296, 1.35210084915, 1.04449915886, 0.715220093727, 0.372626155615, 0.183481931686, 0.0696686804295, 0.0146142970771, 0.00215135794133, 0.000128374929773, 5.66952148802e-05, 0.000126739105326],
        "median": [1.64561891556, 14.0970993042, 12.585849762, 3.13579082489, 4.1091966629, 13.0798330307, 15.4409894943, 14.2345342636, 6.85472297668, 0.876882016659, 0.87185382843, 1.18167245388, 1.33509767056, 0.770515084267, 0.321473538876, 0.304840475321, 0.284408569336, 0.12559260428, 0.0736762955785, 0.0849882289767, 0.108680412173, 0.240886002779, 0.161120384932, 0.0681154280901, 0.094497397542, 0.127751335502, 0.0719819068909, 0.0612785369158, 0.0520826019347, 0.0384304709733, 0.0267308726907, 0.0160117279738, 0.00914225913584, 0.00404414348304, 0.00189990852959, 0.00049597438192, 9.33364790399e-05, 7.18227147445e-06, 4.52674175904e-05, 0.000103853395558],
        "min": [0.106158547103, 0.304494142532, 0.468245059252, 0.167644813657, 0.201852932572, 0.399352103472, 0.266187608242, 0.374239623547, 0.162386462092, 0.0269366465509, 0.017479006201, 0.0254584252834, 0.025011472404, 0.00749347824603, 0.00618933793157, 0.00809907913208, 0.00159246381372, 0.00101932359394, 0.00141352252103, 0.00118249095976, 0.00258910120465, 0.00332654430531, 0.00294334208593, 0.00358646735549, 0.00475574284792, 0.00481220474467, 0.0049909199588, 0.00415037665516, 0.00468315929174, 0.00294046895579, 0.00121834338643, 0.000144642093801, 0.00017256315914, 3.95421520807e-05, 1.9941253413e-05, 8.27969688544e-06, 3.11225926453e-06, 2.75634903346e-07, 4.53640404885e-06, 1.10861101348e-05],
        "var": [4.92810916901, 188.905334473, 1249.62060547, 7095.60644531, 3216.54589844, 1157.68591309, 684.45892334, 545.202148438, 424.452301025, 1282.17285156, 2760.90380859, 1343.40930176, 8788.20117188, 51.8541488647, 9.07074069977, 7.73477983475, 28.5000152588, 18.6929607391, 137.621444702, 60.2151298523, 47.9103240967, 32.2875480652, 23.0940666199, 28.5477352142, 47.7887115479, 20.4593868256, 22.4269866943, 12.1969175339, 15.2894277573, 13.7613286972, 8.29000091553, 3.91310477257, 1.2266408205, 0.274972438812, 0.0354412309825, 0.00178253126796, 4.91932114528e-05, 2.30796374012e-07, 2.8703772692e-09, 1.28440316161e-08]
    },
    "gfcc": {
        "mean": [-103.375747681, 167.080078125, -35.1993598938, 56.3973312378, -52.0027809143, 8.38422966003, -13.6022453308, 3.84857988358, -2.89950251579, -7.2278842926, 4.37262868881, -1.25782501698, 10.6665000916],
        "cov": [[5148.07714844, -1746.23718262, -1420.859375, 187.51234436, -781.544372559, 591.060302734, -364.364074707, 641.090087891, -121.730636597, 210.219421387, -538.237487793, -257.272033691, -361.846252441], [-1746.23718262, 1357.69299316, 313.293426514, -585.446350098, 192.926605225, -310.894226074, 364.299072266, -193.105728149, 169.201766968, -155.680358887, 195.123687744, -42.3897399902, 109.925621033], [-1420.859375, 313.293426514, 933.221252441, 29.4592781067, 84.0634078979, -113.298591614, 1.17662346363, -215.250839233, -102.815391541, -32.8043022156, 164.643188477, 145.160888672, 106.57459259], [187.51234436, -585.446350098, 29.4592781067, 598.454406738, 136.937133789, 49.8656997681, -283.022857666, -159.580474854, -115.443847656, 16.6584453583, 14.2906169891, 84.0723724365, 16.1164779663], [-781.544372559, 192.926605225, 84.0634078979, 136.937133789, 375.743896484, -78.3572769165, 4.24400949478, -190.119918823, 23.164232254, -47.5644798279, 98.7666931152, 54.664226532, 52.7270507812], [591.060302734, -310.894226074, -113.298591614, 49.8656997681, -78.3572769165, 156.410476685, -30.9053707123, 103.086723328, -28.4595108032, 30.6247787476, -68.9117126465, -31.1693210602, -43.9351043701], [-364.364074707, 364.299072266, 1.17662346363, -283.022857666, 4.24400949478, -30.9053707123, 276.161987305, 109.783126831, 105.454391479, -47.1132164001, -4.3242816925, -60.1589164734, -3.75322341919], [641.090087891, -193.105728149, -215.250839233, -159.580474854, -190.119918823, 103.086723328, 109.783126831, 293.854522705, 49.0610656738, 30.0955944061, -131.433837891, -75.6046981812, -63.189781189], [-121.730636597, 169.201766968, -102.815391541, -115.443847656, 23.164232254, -28.4595108032, 105.454391479, 49.0610656738, 114.768455505, -4.51808309555, 1.84835600853, -45.2669143677, 4.59948444366], [210.219421387, -155.680358887, -32.8043022156, 16.6584453583, -47.5644798279, 30.6247787476, -47.1132164001, 30.0955944061, -4.51808309555, 77.8999786377, -6.63172769547, 11.8943042755, -12.8326816559], [-538.237487793, 195.123687744, 164.643188477, 14.2906169891, 98.7666931152, -68.9117126465, -4.3242816925, -131.433837891, 1.84835600853, -6.63172769547, 123.25062561, 54.0840568542, 58.7060585022], [-257.272033691, -42.3897399902, 145.160888672, 84.0723724365, 54.664226532, -31.1693210602, -60.1589164734, -75.6046981812, -45.2669143677, 11.8943042755, 54.0840568542, 95.641166687, 40.1692771912], [-361.846252441, 109.925621033, 106.57459259, 16.1164779663, 52.7270507812, -43.9351043701, -3.75322341919, -63.189781189, 4.59948444366, -12.8326816559, 58.7060585022, 40.1692771912, 76.861289978]],
        "icov": [[0.00148581666872, 0.000736447283998, 0.00144672137685, 0.000664903374854, 0.00156764592975, -0.00177636451554, 0.00130169885233, 0.000434576126281, 0.000392304413253, 0.000478255882626, 0.000773228297476, 0.000321122439345, 0.00142422551289], [0.000736447283998, 0.0325503386557, -0.0023390899878, 0.0283825229853, -0.0039311745204, 0.0232967697084, -0.0080227246508, 0.0222674906254, -0.00569365825504, 0.0244704782963, -0.0129965106025, 0.0230246093124, -0.00954551622272], [0.00144672137685, -0.0023390899878, 0.00375916319899, -0.00215383595787, 0.00260031223297, -0.00374771142378, 0.000277051382, -0.000661156431306, 0.00327366916463, -0.00203035259619, 0.00104548851959, -0.00337865250185, 0.00137163547333], [0.000664903374854, 0.0283825229853, -0.00215383595787, 0.0291656553745, -0.005211353302, 0.0184971019626, -0.00258891331032, 0.019622316584, -0.00527964020148, 0.0227518621832, -0.0101257450879, 0.0188265480101, -0.00842775125057], [0.00156764592975, -0.0039311745204, 0.00260031223297, -0.005211353302, 0.00847106799483, -0.00629943469539, -0.000552737270482, 0.00182995712385, -0.00181876425631, -0.00154340290464, 0.00291717867367, -0.00650887098163, 0.00357975135557], [-0.00177636451554, 0.0232967697084, -0.00374771142378, 0.0184971019626, -0.00629943469539, 0.0331613495946, -0.00802115350962, 0.0105497064069, 0.00109032203909, 0.0142713999376, -0.011825456284, 0.0218284465373, -0.00886317435652], [0.00130169885233, -0.0080227246508, 0.000277051382, -0.00258891331032, -0.000552737270482, -0.00802115350962, 0.018737860024, -0.0129342339933, -0.00446352502331, 0.00167846214026, -6.71590678394e-05, -0.00394815113395, 0.00649834843352], [0.000434576126281, 0.0222674906254, -0.000661156431306, 0.019622316584, 0.00182995712385, 0.0105497064069, -0.0129342339933, 0.0322030559182, -0.00792659912258, 0.0124567812309, 0.00356726604514, 0.0105820130557, -0.00808085035533], [0.000392304413253, -0.00569365825504, 0.00327366916463, -0.00527964020148, -0.00181876425631, 0.00109032203909, -0.00446352502331, -0.00792659912258, 0.0256399940699, -0.0114351948723, -0.00158633885439, 0.00666994880885, -0.00402378663421], [0.000478255882626, 0.0244704782963, -0.00203035259619, 0.0227518621832, -0.00154340290464, 0.0142713999376, 0.00167846214026, 0.0124567812309, -0.0114351948723, 0.0405531451106, -0.0157325491309, 0.0106097841635, -0.00123505294323], [0.000773228297476, -0.0129965106025, 0.00104548851959, -0.0101257450879, 0.00291717867367, -0.011825456284, -6.71590678394e-05, 0.00356726604514, -0.00158633885439, -0.0157325491309, 0.034549523145, -0.0159693621099, -0.0035047440324], [0.000321122439345, 0.0230246093124, -0.00337865250185, 0.0188265480101, -0.00650887098163, 0.0218284465373, -0.00394815113395, 0.0105820130557, 0.00666994880885, 0.0106097841635, -0.0159693621099, 0.0437983497977, -0.0145512409508], [0.00142422551289, -0.00954551622272, 0.00137163547333, -0.00842775125057, 0.00357975135557, -0.00886317435652, 0.00649834843352, -0.00808085035533, -0.00402378663421, -0.00123505294323, -0.0035047440324, -0.0145512409508, 0.0297005269676]]
    },
    "melbands": {
        "dmean": [0.0137586798519, 0.00794067978859, 0.00370328780264, 0.0011141722789, 0.000534602499101, 0.000285420974251, 0.000155481786351, 9.86043523881e-05, 7.20564057701e-05, 5.0067268603e-05, 4.16280163336e-05, 8.80710922502e-06, 3.42456814906e-06, 2.56285511568e-06, 3.26228951053e-06, 2.95426434604e-06, 1.87026228105e-06, 4.18102081312e-06, 2.84322754851e-06, 2.57359397438e-06, 1.89463912648e-06, 1.53055725605e-06, 1.55603208896e-06, 1.02614831121e-06, 1.17098500141e-06, 1.77254116807e-06, 1.04925538835e-06, 8.4369941078e-07, 1.15854447813e-06, 7.41645578728e-07, 6.62555578401e-07, 8.6393276888e-07, 8.77753677742e-07, 8.09983305317e-07, 6.49751314086e-07, 6.31732859802e-07, 4.06030380873e-07, 3.12612769449e-07, 2.15173557194e-07, 1.59302544489e-07],
        "dmean2": [0.0220810044557, 0.0129678687081, 0.00684721162543, 0.00206694821827, 0.00096614920767, 0.000515481864568, 0.000278174789855, 0.0001603319688, 0.000104702878161, 8.01580245025e-05, 5.82917309657e-05, 1.44567393363e-05, 5.59437467018e-06, 4.24226027462e-06, 5.36406923857e-06, 4.73675527246e-06, 2.99135126625e-06, 7.30102146917e-06, 4.62158732262e-06, 4.11410837842e-06, 3.06139759232e-06, 2.31195735978e-06, 2.47338380177e-06, 1.54796862262e-06, 1.77048855221e-06, 2.78153538602e-06, 1.46758134179e-06, 1.23559129861e-06, 1.81636141861e-06, 1.10855921776e-06, 9.74585873337e-07, 1.31914373469e-06, 1.30139574139e-06, 1.24991959183e-06, 9.87772409644e-07, 9.28146960177e-07, 5.95148094362e-07, 4.91642481393e-07, 3.30458902909e-07, 2.38397234398e-07],
        "dvar": [0.000313207972795, 0.000317267607898, 0.000296909740428, 1.67395846802e-05, 1.25610347368e-06, 2.6323232305e-07, 1.110870258e-07, 6.44713793463e-08, 3.23724655971e-08, 2.61521826417e-08, 1.40060061327e-08, 5.77992265161e-10, 1.23463739232e-10, 6.30055868589e-11, 9.78375783167e-11, 1.18124274251e-10, 5.17318063387e-11, 4.9087123255e-10, 1.6456873364e-10, 1.25197713308e-10, 5.70356158136e-11, 3.20050271008e-11, 3.49989551229e-11, 1.18711030589e-11, 1.78872333612e-11, 3.85046161622e-11, 9.08065202893e-12, 7.44954532089e-12, 1.01846404574e-11, 3.52342959496e-12, 2.96974337483e-12, 4.63341214355e-12, 4.39326092866e-12, 4.09121087702e-12, 2.53050683706e-12, 2.22366569602e-12, 1.01499776466e-12, 7.27391291731e-13, 3.18622732365e-13, 1.52080998077e-13],
        "dvar2": [0.000900936254766, 0.000861439853907, 0.000858519459143, 4.94105588587e-05, 3.66095650861e-06, 6.82128415974e-07, 2.84831429553e-07, 1.54246080797e-07, 6.2889803587e-08, 6.91578776468e-08, 2.32325696459e-08, 1.4101386725e-09, 3.1651248289e-10, 1.59633029018e-10, 2.36099306772e-10, 2.6312665935e-10, 1.21347473736e-10, 1.3609074978e-09, 4.20034285131e-10, 3.18584325587e-10, 1.33263330926e-10, 6.7187776176e-11, 8.72788161188e-11, 2.62068682727e-11, 3.92088583823e-11, 8.9456948793e-11, 1.81699776752e-11, 1.66255533646e-11, 2.2294667848e-11, 7.34075474018e-12, 5.76166024613e-12, 1.05355411895e-11, 9.00246197033e-12, 9.84244109825e-12, 5.61268739818e-12, 4.70175721273e-12, 2.02129047007e-12, 1.66401105135e-12, 7.22820620632e-13, 3.30759291484e-13],
        "max": [0.18697707355, 0.196011096239, 0.162187203765, 0.038854893297, 0.0107800643891, 0.00409725494683, 0.00429927743971, 0.00229467614554, 0.00266328593716, 0.00181472778786, 0.00320703419857, 0.000215824373299, 0.000139792769914, 0.000100712291896, 0.000105033926957, 9.97167371679e-05, 8.0836842244e-05, 0.000250270677498, 0.000141062831972, 0.000125954975374, 8.66870104801e-05, 6.49198118481e-05, 7.05596248736e-05, 4.99576672155e-05, 6.76620256854e-05, 7.11681204848e-05, 3.81768368243e-05, 3.32871277351e-05, 2.86508766294e-05, 1.90307127923e-05, 1.63427921507e-05, 1.74720025825e-05, 1.99248079298e-05, 1.81175655598e-05, 1.3770408259e-05, 1.49380293806e-05, 1.16292803796e-05, 8.41968721943e-06, 5.71503596802e-06, 3.0046064694e-06],
        "mean": [0.0218855030835, 0.0152862984687, 0.00289761275053, 0.00117595819756, 0.000835056300275, 0.000454577646451, 0.000192504783627, 0.000200282331207, 0.000152528911713, 0.00013914774172, 0.0001898452756, 1.23097624964e-05, 4.09192898587e-06, 3.36160564984e-06, 3.30396665049e-06, 2.94254323308e-06, 1.79262019628e-06, 3.06392234961e-06, 2.33010723605e-06, 2.31705621445e-06, 1.87725424894e-06, 1.60467072874e-06, 1.47347714119e-06, 9.37638958476e-07, 1.04989203464e-06, 1.46805189161e-06, 1.13268276891e-06, 8.19017373033e-07, 1.0434515616e-06, 7.18617627626e-07, 6.55679116335e-07, 7.79270749263e-07, 8.21148660179e-07, 7.03368641553e-07, 5.83886048844e-07, 5.82321547427e-07, 3.92114486658e-07, 2.76113354403e-07, 1.91495757917e-07, 1.43634579786e-07],
        "median": [0.0173730738461, 0.011795389466, 0.00058975070715, 0.00060183199821, 0.000584153400268, 0.000320690247463, 0.000105721897853, 5.5804330259e-06, 6.48378954793e-06, 7.98834298621e-06, 6.57900272927e-06, 3.04610375679e-06, 8.26961638722e-07, 8.89880993782e-07, 6.78100889218e-07, 4.45929885018e-07, 1.76907093419e-07, 1.07265854865e-07, 1.01783363959e-07, 1.27537248318e-07, 1.19103383156e-07, 2.07992741252e-07, 2.8362762805e-07, 5.44518563572e-08, 5.13506392963e-08, 6.52432490256e-08, 8.04063375881e-08, 7.94300021312e-08, 4.45073027322e-08, 3.44092292437e-08, 3.7151263399e-08, 2.92165900362e-08, 2.63483119767e-08, 2.03230534623e-08, 1.55880073294e-08, 1.27130652672e-08, 8.72725358647e-09, 6.43736131067e-09, 4.60870763774e-09, 2.92539614755e-09],
        "min": [0.00141196779441, 0.00025561710936, 2.48006199399e-05, 2.83480185317e-05, 1.37822562465e-05, 8.68018105393e-06, 2.39251539824e-06, 4.42451728588e-08, 1.39517339903e-07, 1.8300501381e-07, 9.60559987107e-08, 1.91663112048e-08, 1.66854725592e-08, 4.59550264509e-09, 2.4450126368e-09, 2.38587860579e-09, 1.51512524749e-09, 1.09426467887e-09, 1.16176224196e-09, 1.79882031492e-09, 1.21834531353e-09, 2.65153787815e-09, 2.3379636005e-09, 1.71367209312e-09, 2.39117881051e-09, 2.45158049417e-09, 2.84808554518e-09, 2.94143420732e-09, 3.14314951844e-09, 2.1283432794e-09, 1.53269386072e-09, 2.28522667456e-09, 1.07168529606e-09, 1.71485947664e-09, 5.27957288998e-10, 3.29641140773e-11, 1.43174092374e-11, 1.95935923736e-11, 8.92619420219e-13, 1.88966680845e-13],
