{
"highlevel": {
    "danceability": {
        "all": {
            "danceable": 0.017641544342,
            "not_danceable": 0.982358455658
        },
        "probability": 0.982358455658,
        "value": "not_danceable"
    },
    "gender": {
        "all": {
            "female": 0.0647145882249,
            "male": 0.935285389423
        },
        "probability": 0.935285389423,
        "value": "male"
    },
    "genre_dortmund": {
        "all": {
            "alternative": 0.18229688704,
            "blues": 0.177858889103,
            "electronic": 0.00738509232178,
            "folkcountry": 0.199844717979,
            "funksoulrnb": 0.00680963275954,
            "jazz": 0.0386742204428,
            "pop": 0.0613609664142,
            "raphiphop": 0.00156100734603,
            "rock": 0.324208587408
        },
        "probability": 0.324208587408,
        "value": "rock"
    },
    "genre_electronic": {
        "all": {
            "ambient": 0.214400082827,
            "dnb": 0.328023821115,
            "house": 0.218624278903,
            "techno": 0.0389941483736,
            "trance": 0.199957668781
        },
        "probability": 0.328023821115,
        "value": "dnb"
    },
    "genre_rosamerica": {
        "all": {
            "cla": 0.0233205482364,
            "dan": 0.0101310191676,
            "hip": 0.00842120312154,
            "jaz": 0.00641226163134,
            "pop": 0.0715444236994,
            "rhy": 0.0333861857653,
            "roc": 0.839209794998,
            "spe": 0.00757458200678
        },
        "probability": 0.839209794998,
        "value": "roc"
    },
    "genre_tzanetakis": {
        "all": {
            "blu": 0.0626613423228,
            "cla": 0.0348169617355,
            "cou": 0.104475811124,
            "dis": 0.0784321576357,
            "hip": 0.15692435205,
            "jaz": 0.313974827528,
            "met": 0.0448166541755,
            "pop": 0.0627359300852,
            "reg": 0.0627360641956,
            "roc": 0.0784258767962
        },
        "probability": 0.313974827528,
        "value": "jaz"
    },
    "ismir04_rhythm": {
        "all": {
            "ChaChaCha": 0.271578460932,
            "Jive": 0.343267291784,
            "Quickstep": 0.143372550607,
            "Rumba-American": 0.0112778516486,
            "Rumba-International": 0.0146430749446,
            "Rumba-Misc": 0.00684003671631,
            "Samba": 0.0315611064434,
            "Tango": 0.0533619150519,
            "VienneseWaltz": 0.112298697233,
            "Waltz": 0.0117990197614
        },
        "probability": 0.343267291784,
        "value": "Jive"
    },
    "mood_acoustic": {
        "all": {
            "acoustic": 0.0307728927583,
            "not_acoustic": 0.969227135181
        },
        "probability": 0.969227135181,
        "value": "not_acoustic"
    },
    "mood_aggressive": {
        "all": {
            "aggressive": 0.895508050919,
            "not_aggressive": 0.10449193418
        },
        "probability": 0.895508050919,
        "value": "aggressive"
    },
    "mood_electronic": {
        "all": {
            "electronic": 0.029046157375,
            "not_electronic": 0.970953822136
        },
        "probability": 0.970953822136,
        "value": "not_electronic"
    },
    "mood_happy": {
        "all": {
            "happy": 0.864718914032,
            "not_happy": 0.135281085968
        },
        "probability": 0.864718914032,
        "value": "happy"
    },
    "mood_party": {
        "all": {
            "not_party": 0.621463954449,
            "party": 0.378536075354
        },
        "probability": 0.621463954449,
        "value": "not_party"
    },
    "mood_relaxed": {
        "all": {
            "not_relaxed": 0.95086234808,
            "relaxed": 0.0491376593709
        },
        "probability": 0.95086234808,
        "value": "not_relaxed"
    },
    "mood_sad": {
        "all": {
            "not_sad": 0.926181316376,
            "sad": 0.073818705976
        },
        "probability": 0.926181316376,
        "value": "not_sad"
    },
    "moods_mirex": {
        "all": {
            "Cluster1": 0.52566498518,
            "Cluster2": 0.139006972313,
            "Cluster3": 0.0986393764615,
            "Cluster4": 0.0639010071754,
            "Cluster5": 0.17278765142
        },
        "probability": 0.52566498518,
        "value": "Cluster1"
    },
    "timbre": {
        "all": {
            "bright": 0.983184158802,
            "dark": 0.016815867275
        },
        "probability": 0.983184158802,
        "value": "bright"
    },
    "tonal_atonal": {
        "all": {
            "atonal": 0.0057317269966,
            "tonal": 0.994268298149
        },
        "probability": 0.994268298149,
        "value": "tonal"
    },
    "voice_instrumental": {
        "all": {
            "instrumental": 0.0034712718334,
            "voice": 0.996528744698
        },
        "probability": 0.996528744698,
        "value": "voice"
    }
},
"lowlevel": {
    "average_loudness": 0.983786046505,
    "barkbands_crest": {
        "dmean": 2.4256465435,
        "dmean2": 4.02940273285,
        "dvar": 5.27757787704,
        "dvar2": 14.4277601242,
        "max": 20.8532772064,
        "mean": 8.0905828476,
        "median": 7.43256664276,
        "min": 2.04747271538,
        "var": 9.64622306824
    },
    "barkbands_flatness_db": {
        "dmean": 0.018031777814,
        "dmean2": 0.0289532989264,
        "dvar": 0.000214812142076,
        "dvar2": 0.000567468698137,
        "max": 0.248072639108,
        "mean": 0.127861484885,
        "median": 0.126197054982,
        "min": 0.0668057873845,
        "var": 0.000622637395281
    },
    "barkbands_kurtosis": {
        "dmean": 1.41376149654,
        "dmean2": 2.27377653122,
        "dvar": 6.83008956909,
        "dvar2": 14.3737697601,
        "max": 61.6715621948,
        "mean": 0.653240561485,
        "median": -0.245005846024,
        "min": -1.8161367178,
        "var": 11.2513847351
    },
    "barkbands_skewness": {
        "dmean": 0.494093865156,
        "dmean2": 0.766220211983,
        "dvar": 0.23216894269,
        "dvar2": 0.531689226627,
        "max": 7.16001939774,
        "mean": 0.955672681332,
        "median": 0.990495920181,
        "min": -3.74075913429,
        "var": 0.847614705563
    },
    "barkbands_spread": {
        "dmean": 6.8705163002,
        "dmean2": 10.7494401932,
        "dvar": 49.6645812988,
        "dvar2": 110.496910095,
        "max": 90.914024353,
        "mean": 31.6471595764,
        "median": 31.5087547302,
        "min": 3.85793757439,
        "var": 134.704177856
    },
    "dissonance": {
        "dmean": 0.0110650938004,
        "dmean2": 0.0184331070632,
        "dvar": 9.96081362246e-05,
        "dvar2": 0.000268256786512,
        "max": 0.498830109835,
        "mean": 0.47577559948,
        "median": 0.478750318289,
        "min": 0.395109772682,
        "var": 0.000227488082601
    },
    "dynamic_complexity": 1.33934831619,
    "erbbands_crest": {
        "dmean": 2.218334198,
        "dmean2": 3.64634132385,
        "dvar": 5.13669633865,
        "dvar2": 12.134724617,
        "max": 21.9007263184,
        "mean": 7.77162027359,
        "median": 6.85222864151,
        "min": 2.83509159088,
        "var": 12.4514608383
    },
    "erbbands_flatness_db": {
        "dmean": 0.013839055784,
        "dmean2": 0.0207227673382,
        "dvar": 0.000156894355314,
        "dvar2": 0.000348558533005,
        "max": 0.324820458889,
        "mean": 0.167430385947,
        "median": 0.163957893848,
        "min": 0.103139176965,
        "var": 0.000744985009078
    },
    "erbbands_kurtosis": {
        "dmean": 0.776298344135,
        "dmean2": 1.24606871605,
        "dvar": 1.26850247383,
        "dvar2": 2.85187625885,
        "max": 22.691028595,
        "mean": 0.045915775001,
        "median": -0.497036218643,
        "min": -1.71864998341,
        "var": 3.04015684128
    },
    "erbbands_skewness": {
        "dmean": 0.317070305347,
        "dmean2": 0.489536225796,
        "dvar": 0.0926872044802,
        "dvar2": 0.200700774789,
        "max": 1.6856597662,
        "mean": -0.403256833553,
        "median": -0.43746945262,
        "min": -3.77561593056,
        "var": 0.446439921856
    },
    "erbbands_spread": {
        "dmean": 9.34844589233,
        "dmean2": 14.8501014709,
        "dvar": 84.1598587036,
        "dvar2": 207.39352417,
        "max": 121.622337341,
        "mean": 44.6457366943,
        "median": 43.8780708313,
        "min": 7.41293907166,
        "var": 253.202774048
    },
    "hfc": {
        "dmean": 11.0202236176,
        "dmean2": 15.3858938217,
        "dvar": 462.562744141,
        "dvar2": 878.342956543,
        "max": 394.992523193,
        "mean": 31.7476348877,
        "median": 25.3410758972,
        "min": 0.0965261757374,
        "var": 975.687927246
    },
    "melbands_crest": {
        "dmean": 3.46055388451,
        "dmean2": 5.74842071533,
        "dvar": 8.88981056213,
        "dvar2": 24.1517372131,
        "max": 27.5071754456,
        "mean": 12.7316150665,
        "median": 11.6403503418,
        "min": 3.7394194603,
        "var": 21.0480442047
    },
    "melbands_flatness_db": {
        "dmean": 0.0247124023736,
        "dmean2": 0.0382372811437,
        "dvar": 0.000425020843977,
        "dvar2": 0.001060061506,
        "max": 0.342187106609,
        "mean": 0.150108739734,
        "median": 0.149379357696,
        "min": 0.0345018617809,
        "var": 0.00143669242971
    },
    "melbands_kurtosis": {
        "dmean": 4.56012868881,
        "dmean2": 7.25441980362,
        "dvar": 75.4837036133,
        "dvar2": 152.231460571,
        "max": 227.282241821,
        "mean": 7.64529180527,
        "median": 5.31114673615,
        "min": -1.86069512367,
        "var": 145.778640747
    },
    "melbands_skewness": {
        "dmean": 0.6648234725,
        "dmean2": 1.0443956852,
        "dvar": 0.46604013443,
        "dvar2": 1.10872244835,
        "max": 12.3506727219,
        "mean": 2.34646487236,
        "median": 2.24538850784,
        "min": -1.76687026024,
        "var": 1.47335124016
    },
    "melbands_spread": {
        "dmean": 11.8442544937,
        "dmean2": 18.8698215485,
        "dvar": 228.904632568,
        "dvar2": 515.691833496,
        "max": 209.857955933,
        "mean": 37.5146598816,
        "median": 31.5733509064,
        "min": 1.82724916935,
        "var": 589.695861816
    },
    "pitch_salience": {
        "dmean": 0.0639200285077,
        "dmean2": 0.10296536237,
        "dvar": 0.00282032415271,
        "dvar2": 0.0071191242896,
        "max": 0.797617077827,
        "mean": 0.568612277508,
        "median": 0.570475935936,
        "min": 0.268543630838,
        "var": 0.00782289728522
    },
    "silence_rate_20dB": {
        "dmean": 0,
        "dmean2": 0,
        "dvar": 0,
        "dvar2": 0,
        "max": 1,
        "mean": 1,
        "median": 1,
        "min": 1,
        "var": 0
    },
    "silence_rate_30dB": {
        "dmean": 0,
        "dmean2": 0,
        "dvar": 0,
        "dvar2": 0,
        "max": 1,
        "mean": 1,
        "median": 1,
        "min": 1,
        "var": 0
    },
    "silence_rate_60dB": {
        "dmean": 0.0030959751457,
        "dmean2": 0.00619674660265,
        "dvar": 0.00308638135903,
        "dvar2": 0.00615838449448,
        "max": 1,
        "mean": 0.00850734766573,
        "median": 0,
        "min": 0,
        "var": 0.00843499042094
    },
    "spectral_centroid": {
        "dmean": 325.099487305,
        "dmean2": 503.055084229,
        "dvar": 98517.8046875,
        "dvar2": 220262.671875,
        "max": 4585.71875,
        "mean": 1794.81225586,
        "median": 1725.0090332,
        "min": 349.989135742,
        "var": 397409
    },
    "spectral_complexity": {
        "dmean": 4.21130037308,
        "dmean2": 6.07048797607,
        "dvar": 16.7486629486,
        "dvar2": 32.4295768738,
        "max": 51,
        "mean": 24.5119876862,
        "median": 24,
        "min": 0,
        "var": 59.0758514404
    },
    "spectral_decrease": {
        "dmean": 1.82895532053e-09,
        "dmean2": 2.74192091254e-09,
        "dvar": 3.83706462774e-18,
        "dvar2": 8.53996567241e-18,
        "max": -1.34642609562e-11,
        "mean": -6.44687947471e-09,
        "median": -5.97232352462e-09,
        "min": -1.71283094375e-08,
        "var": 9.17131458366e-18
    },
    "spectral_energy": {
        "dmean": 0.00752249453217,
        "dmean2": 0.0110926935449,
        "dvar": 6.29389323876e-05,
        "dvar2": 0.000136006070534,
        "max": 0.0688486993313,
        "mean": 0.027211599052,
        "median": 0.0255177542567,
        "min": 5.95724923187e-05,
        "var": 0.000156029054779
    },
    "spectral_energyband_high": {
        "dmean": 0.00118453707546,
        "dmean2": 0.00175196107011,
        "dvar": 8.41751807457e-06,
        "dvar2": 1.55933958013e-05,
        "max": 0.0522310100496,
        "mean": 0.0020153017249,
        "median": 0.000932695285883,
        "min": 3.17518333759e-06,
        "var": 1.74751294253e-05
    },
    "spectral_energyband_low": {
        "dmean": 0.00284616788849,
        "dmean2": 0.00457927538082,
        "dvar": 1.19140941024e-05,
        "dvar2": 3.07834416162e-05,
        "max": 0.0417067110538,
        "mean": 0.00584591086954,
        "median": 0.00434018112719,
        "min": 1.2292761312e-05,
        "var": 3.08611452056e-05
    },
    "spectral_energyband_middle_high": {
        "dmean": 0.00185358081944,
        "dmean2": 0.00278167054057,
        "dvar": 3.98851989303e-06,
        "dvar2": 8.70716576173e-06,
        "max": 0.0272736940533,
        "mean": 0.00675385724753,
        "median": 0.00635981094092,
        "min": 4.8666775001e-06,
        "var": 1.56859823619e-05
    },
    "spectral_energyband_middle_low": {
        "dmean": 0.00580950221047,
        "dmean2": 0.009103522636,
        "dvar": 4.74114094686e-05,
        "dvar2": 0.000112057692604,
        "max": 0.0567109845579,
        "mean": 0.0142098134384,
        "median": 0.0118265738711,
        "min": 1.26056365843e-05,
        "var": 9.49819004745e-05
    },
    "spectral_entropy": {
        "dmean": 0.146951600909,
        "dmean2": 0.212117448449,
        "dvar": 0.0163143966347,
        "dvar2": 0.0338706970215,
        "max": 8.60104560852,
        "mean": 7.70534992218,
        "median": 7.6980881691,
        "min": 6.91858148575,
        "var": 0.0663729459047
    },
    "spectral_flux": {
        "dmean": 0.0211506802589,
        "dmean2": 0.0323212891817,
        "dvar": 0.000412652647356,
        "dvar2": 0.000851688149851,
        "max": 0.236917033792,
        "mean": 0.0859533548355,
        "median": 0.0795497372746,
        "min": 0.00430508237332,
        "var": 0.00106949743349
    },
    "spectral_kurtosis": {
        "dmean": 1.10350131989,
        "dmean2": 1.86840569973,
        "dvar": 1.25184607506,
        "dvar2": 3.62182211876,
        "max": 15.4468154907,
        "mean": 2.03281235695,
        "median": 1.72187137604,
        "min": -0.80516409874,
        "var": 2.18429541588
    },
    "spectral_rms": {
        "dmean": 0.000701135606505,
        "dmean2": 0.00101034378167,
        "dvar": 4.58319107111e-07,
        "dvar2": 9.34304466682e-07,
        "max": 0.00819569826126,
        "mean": 0.00500787934288,
        "median": 0.00498952576891,
        "min": 0.000241079877014,
        "var": 1.46907279941e-06
    },
    "spectral_rolloff": {
        "dmean": 706.496887207,
        "dmean2": 1157.43908691,
        "dvar": 847521,
        "dvar2": 1786921.25,
        "max": 9883.74023438,
        "mean": 2318.35791016,
        "median": 2196.38671875,
        "min": 172.265625,
        "var": 2107935.5
    },
    "spectral_skewness": {
        "dmean": 0.181182041764,
        "dmean2": 0.289646983147,
        "dvar": 0.0226840768009,
        "dvar2": 0.0605210736394,
        "max": 2.32162308693,
        "mean": 0.957190215588,
        "median": 0.948904752731,
        "min": 0.0478997379541,
        "var": 0.0743136033416
    },
    "spectral_spread": {
        "dmean": 495352.21875,
        "dmean2": 738557.125,
        "dvar": 367960489984,
        "dvar2": 630520086528,
        "max": 17014974,
        "mean": 4302003,
        "median": 4179149.25,
        "min": 2045898.5,
        "var": 1.00690427904e+12
    },
    "spectral_strongpeak": {
        "dmean": 0.774411141872,
        "dmean2": 1.35953891277,
        "dvar": 2.08631134033,
        "dvar2": 5.79546976089,
        "max": 12.3671340942,
        "mean": 1.16571009159,
        "median": 0.601320385933,
        "min": 0,
        "var": 2.79556727409
    },
    "zerocrossingrate": {
        "dmean": 0.0123948603868,
        "dmean2": 0.0149048706517,
        "dvar": 0.000213746840018,
        "dvar2": 0.000239383953158,
        "max": 0.2978515625,
        "mean": 0.0806389153004,
        "median": 0.0732421875,
        "min": 0.01904296875,
        "var": 0.00133025890682
    },
    "barkbands": {
        "dmean": [1.48446406456e-05, 0.00102156505454, 0.00146992201917, 0.00187174009625, 0.00318958843127, 0.00159715383779, 0.00106334604789, 0.000795861240476, 0.000487910438096, 0.000234699240536, 0.000142922683153, 0.000199108340894, 0.000284847512376, 0.000313416676363, 0.000415322952904, 0.000520334811881, 0.00056741386652, 0.000258997199126, 0.000306523492327, 0.000185638476978, 0.00031061359914, 0.000398491480155, 0.000315601035254, 0.000151992833707, 8.38859195937e-05, 4.16068769482e-06, 2.14577178248e-09],
        "dmean2": [2.4833911084e-05, 0.00169289659243, 0.00242148106918, 0.00310123106465, 0.00517506478354, 0.00252788234502, 0.001777211437, 0.00119505205657, 0.000788482197095, 0.000363615545211, 0.000223711045692, 0.00031646937714, 0.000449579354608, 0.000484007818159, 0.000634095049463, 0.000814413127955, 0.000904809567146, 0.000423156918259, 0.000499710440636, 0.000293842429528, 0.000483523588628, 0.000626107794233, 0.000497099244967, 0.000228968681768, 0.00011853720207, 6.17430441707e-06, 3.17649306858e-09],
        "dvar": [2.80935136265e-10, 3.12772817779e-06, 3.67587358596e-06, 5.76675074626e-06, 2.35094630625e-05, 8.39475978864e-06, 6.15606222709e-06, 4.63769492853e-06, 9.09325024168e-07, 1.49313123643e-07, 1.55160407189e-07, 1.54669407948e-07, 1.80267392125e-07, 3.76880251451e-07, 2.89621652882e-07, 5.02839156979e-07, 7.47520914501e-07, 1.88671748447e-07, 3.05926988631e-07, 6.68309638741e-08, 4.1123058736e-07, 5.9533959984e-07, 8.14071825062e-07, 5.82903226132e-07, 2.13925545722e-07, 4.08525296924e-10, 9.6038840197e-16],
        "dvar2": [7.79131037465e-10, 8.31793749967e-06, 9.74739214143e-06, 1.52676584548e-05, 6.2378225266e-05, 2.05337000807e-05, 1.75231543835e-05, 1.10621194835e-05, 2.043186214e-06, 3.0256461514e-07, 3.34104697686e-07, 3.52431698047e-07, 3.57874057499e-07, 8.60793761603e-07, 6.87879321504e-07, 1.17127228805e-06, 1.81672180588e-06, 4.8705919653e-07, 8.19914646399e-07, 1.51725529918e-07, 9.04324679141e-07, 1.3115661659e-06, 1.65470123648e-06, 1.22090477817e-06, 4.53405021972e-07, 7.70405683692e-10, 9.63694371563e-16],
        "max": [0.000237001382629, 0.0184824746102, 0.0280464310199, 0.0257634855807, 0.037360753864, 0.0407597869635, 0.0323840975761, 0.0318800359964, 0.0200552605093, 0.0108321262524, 0.00889732502401, 0.00784287787974, 0.00885440316051, 0.0107779726386, 0.00837556552142, 0.0101317139342, 0.0166516974568, 0.00801569223404, 0.00668404530734, 0.00387655082159, 0.0118244467303, 0.0145411472768, 0.0157141685486, 0.0137677649036, 0.00874133501202, 0.000586212612689, 1.1082643141e-06],
        "mean": [2.60289743892e-05, 0.00142982555553, 0.00284004630521, 0.00286031886935, 0.00491367606446, 0.00282096490264, 0.00154398870654, 0.00117502070498, 0.000791463593487, 0.00042877838132, 0.000208186946111, 0.000343112857081, 0.000594784040004, 0.00060018338263, 0.000988933839835, 0.00108138401993, 0.00130728527438, 0.000492596824188, 0.000517289794516, 0.000359592406312, 0.000518118264154, 0.000635729869828, 0.00042468396714, 0.00019884086214, 0.000105896950117, 4.89876128995e-06, 1.882685563e-09],
        "median": [2.23628794629e-05, 0.000697103270795, 0.0016420444008, 0.00164475478232, 0.00339042441919, 0.00173823209479, 0.000698442512657, 0.000384495593607, 0.000342240178725, 0.000217956141569, 9.46707805269e-05, 0.000183881114936, 0.000366291060345, 0.000373662478523, 0.000628146517556, 0.000616265984718, 0.000740476185456, 0.000362186168786, 0.000344197964296, 0.000271163822617, 0.000256282073678, 0.000338840240147, 0.000180152768735, 3.28516798618e-05, 1.13804981083e-05, 1.01053149137e-06, 4.00467131678e-10],
        "min": [1.22492633636e-06, 1.44567491134e-06, 2.24418798211e-07, 5.13015095294e-07, 1.50974165081e-06, 5.6656574543e-07, 5.96182530899e-07, 2.2598331384e-07, 3.40387629194e-07, 2.89011040877e-07, 5.9945762132e-08, 1.76306343747e-07, 2.51171940135e-07, 4.92214326187e-07, 7.89819637248e-07, 4.31067178397e-07, 2.29477706171e-07, 2.02711547104e-07, 2.91143294362e-07, 4.02405078148e-07, 1.17143690659e-06, 6.73187457778e-07, 3.61625268397e-07, 2.21369305109e-07, 2.51772206639e-07, 1.98123171202e-08, 1.17194145013e-11],
        "var": [3.18521597986e-10, 4.10608663515e-06, 1.23292502394e-05, 1.15144002848e-05, 2.85619917122e-05, 1.46923321154e-05, 7.64280503063e-06, 6.11349651081e-06, 1.71456724729e-06, 5.99324835093e-07, 2.70379302947e-07, 2.49543489872e-07, 5.33351794729e-07, 6.14061320903e-07, 1.17397667054e-06, 1.59850765158e-06, 2.69759084404e-06, 2.42714662591e-07, 3.44495163063e-07, 1.14193731804e-07, 7.87670671798e-07, 1.11699989702e-06, 1.21449716062e-06, 9.49535944983e-07, 3.57448215027e-07, 7.05775049514e-10, 9.617851593e-16]
    },
    "erbbands": {
        "dmean": [0.0108901169151, 0.293121039867, 1.4263702631, 4.17602443695, 9.40442943573, 10.3630514145, 10.1861429214, 14.7096147537, 14.9167957306, 14.6228818893, 17.6494102478, 10.6225662231, 6.26359224319, 7.71398067474, 6.18544816971, 7.36284828186, 13.0506162643, 14.278134346, 19.4978752136, 19.7980766296, 31.8333015442, 24.9538497925, 17.5359115601, 10.5690698624, 16.9671764374, 9.94065570831, 10.5792007446, 13.3166408539, 14.3299951553, 12.4969558716, 8.86982345581, 4.11950016022, 2.1697280407, 1.30691409111, 0.393095374107, 0.0484264679253, 0.00311999535188, 0.000126917453599, 1.52584416355e-05, 1.15404700409e-05],
        "dmean2": [0.0183341093361, 0.482972145081, 2.34835386276, 6.78772974014, 15.7537212372, 16.8047084808, 15.5433797836, 23.9578285217, 24.8206272125, 22.7502841949, 25.5363960266, 16.9608917236, 9.77220153809, 12.3835659027, 9.32301998138, 11.9160060883, 20.2958621979, 21.3470306396, 29.8825740814, 30.684595108, 49.041217804, 39.6875343323, 28.4243583679, 16.611579895, 27.7896003723, 15.7984418869, 16.1339740753, 20.9026088715, 22.9279727936, 19.6929244995, 13.9301576614, 6.42585372925, 3.23773503304, 1.81546831131, 0.54697072506, 0.0676200464368, 0.00471584452316, 0.000188806210645, 2.08875535463e-05, 1.63020922628e-05],
        "dvar": [0.000491268816404, 0.236200407147, 3.48099207878, 28.5746688843, 281.427062988, 195.45753479, 220.789031982, 833.253967285, 1272.60998535, 1855.07067871, 1825.04931641, 340.853363037, 324.675231934, 112.794914246, 332.334533691, 182.085754395, 411.307434082, 823.862731934, 862.07244873, 597.502685547, 2063.35400391, 1356.26123047, 835.932495117, 256.396270752, 950.035339355, 208.403823853, 391.091033936, 833.433166504, 864.702087402, 595.583251953, 784.935424805, 412.806396484, 104.762237549, 52.9475784302, 4.14223480225, 0.0488022565842, 0.000203815769055, 3.03778989519e-07, 2.84153856001e-09, 3.41760231226e-10],
        "dvar2": [0.00128924893215, 0.627223432064, 9.14451789856, 75.0321807861, 765.66607666, 506.33972168, 526.095703125, 2010.3828125, 3728.69873047, 4551.24609375, 3963.92358398, 817.510864258, 567.133483887, 270.988800049, 666.122131348, 405.272064209, 845.231323242, 1934.16540527, 1957.81481934, 1423.48522949, 4971.95214844, 3201.60449219, 2119.08642578, 593.815246582, 2578.66577148, 504.436767578, 891.397460938, 1806.15661621, 2069.89306641, 1273.9609375, 1628.18688965, 859.308776855, 205.788650513, 109.647499084, 8.76677513123, 0.0910259261727, 0.000417901726905, 6.32804130873e-07, 5.43400524577e-09, 6.66503185975e-10],
        "max": [0.2235904634, 5.066447258, 29.296957016, 71.095664978, 136.416229248, 142.695022583, 258.032989502, 436.073913574, 550.62677002, 656.008117676, 816.399536133, 280.466156006, 382.942810059, 142.927047729, 399.734130859, 235.827606201, 405.442657471, 617.925476074, 489.141815186, 316.496032715, 657.055969238, 627.82611084, 483.40020752, 270.928436279, 388.057250977, 192.554321289, 343.305023193, 483.589019775, 641.969238281, 342.589935303, 490.582000732, 335.441894531, 172.181716919, 140.455764771, 42.537021637, 6.04442310333, 0.407373696566, 0.0118162008002, 0.00106081319973, 0.00034538883483],
        "mean": [0.0136662032455, 0.450296223164, 2.9339632988, 7.15704250336, 12.6402597427, 16.1866073608, 20.1404037476, 23.9169464111, 23.0933437347, 22.0743198395, 28.2821464539, 17.2173805237, 11.5350875854, 13.5816879272, 10.5378198624, 14.5662193298, 28.4652023315, 30.0955410004, 44.6441040039, 50.3277854919, 71.1618118286, 62.6098518372, 38.1409645081, 22.9494400024, 28.4202518463, 18.8643360138, 18.4710178375, 20.6990680695, 22.2884788513, 18.9372806549, 11.3670501709, 5.34144926071, 2.86237335205, 1.64528155327, 0.496236413717, 0.0608432106674, 0.00429089926183, 0.00019008583331, 3.30492875946e-05, 3.80649253202e-05],
        "median": [0.00596220139414, 0.246968984604, 1.71542918682, 4.78588628769, 7.70803976059, 10.208237648, 12.1807079315, 13.3553657532, 11.5400114059, 7.64665079117, 10.3596143723, 8.66552257538, 5.25806331635, 7.87737894058, 5.73322296143, 9.45189189911, 18.771780014, 20.2646179199, 28.63971138, 37.924697876, 44.4672470093, 38.9029693604, 27.1354255676, 18.1944503784, 19.2822494507, 14.1881027222, 10.2017536163, 10.1401767731, 10.9705057144, 10.230843544, 4.29092025757, 1.11485493183, 0.391886651516, 0.177525401115, 0.0542395710945, 0.0103789148852, 0.00109328061808, 6.47258930258e-05, 1.94909644051e-05, 3.32644740411e-05],
        "min": [8.70369913173e-05, 0.000463117437903, 0.000852634315379, 0.00315949926153, 0.00274652475491, 0.00540691334754, 0.00716021796688, 0.00429997080937, 0.00616548582911, 0.00613544462249, 0.0049710595049, 0.00874905567616, 0.00496336072683, 0.006474559661, 0.00323679461144, 0.00941515527666, 0.0141041884199, 0.0226962435991, 0.0624703094363, 0.0191403031349, 0.0301509201527, 0.0134677719325, 0.0111640524119, 0.0142536833882, 0.0156358350068, 0.0199083592743, 0.0507461465895, 0.032262917608, 0.0325442887843, 0.011308205314, 0.0112511478364, 0.00471750693396, 0.00405170209706, 0.00420837569982, 0.0011414923938, 0.000637981283944, 5.76864695176e-05, 6.51683194519e-06, 3.88396330209e-07, 1.15318655958e-07],
        "var": [0.000475486624055, 0.351829379797, 13.0526485443, 60.1343765259, 262.515197754, 326.256225586, 608.539245605, 1240.72216797, 1458.70751953, 2544.5078125, 2938.39819336, 595.647644043, 966.987365723, 303.418670654, 725.980285645, 302.547607422, 1186.35791016, 1354.35119629, 3349.63891602, 2062.32861328, 6320.42480469, 5188.52929688, 1568.29162598, 438.582122803, 1013.1428833, 313.957061768, 776.284912109, 1478.26208496, 1551.95703125, 1027.42553711, 1111.00805664, 637.665527344, 188.493530273, 87.8482055664, 7.4500837326, 0.100550748408, 0.000425709731644, 5.78863705414e-07, 5.75295766581e-09, 7.614691655e-10]
    },
    "gfcc": {
        "mean": [22.9956264496, 94.0012588501, -148.729492188, 64.4790649414, -71.3647460938, 8.88858699799, -51.2136993408, -7.87746953964, -16.3212356567, -7.20984315872, -17.491109848, -7.8436126709, -10.5277366638],
        "cov": [[1428.96838379, -111.059135437, 43.2082519531, 39.3251838684, -121.772521973, 72.3036804199, -113.028518677, 53.1235923767, -10.5224819183, -31.0649795532, -37.4727363586, -14.7663011551, 32.6144447327], [-111.059135437, 750.76763916, -50.7962532043, -32.4095497131, 223.347229004, -140.584411621, 33.7913856506, -90.1178970337, 50.9941902161, -99.3724594116, 20.6331729889, -27.818813324, -28.1585025787], [43.2082519531, -50.7962532043, 399.388458252, 139.995452881, -79.8086166382, 69.2112503052, -25.1463489532, 38.0555610657, -42.6112976074, 16.4583473206, -12.7939729691, 3.59677863121, 5.04120731354], [39.3251838684, -32.4095497131, 139.995452881, 198.887649536, 69.561378479, 48.1198768616, 6.75263357162, -16.5322189331, -12.7642869949, -11.0919704437, -15.0876293182, 3.67252230644, 4.35876941681], [-121.772521973, 223.347229004, -79.8086166382, 69.561378479, 278.736633301, -3.1913793087, 17.367307663, -53.74741745, 17.341840744, -42.547203064, 0.824527919292, 8.98647594452, -6.59128522873], [72.3036804199, -140.584411621, 69.2112503052, 48.1198768616, -3.1913793087, 129.4740448, 30.2448234558, 25.3710098267, -6.09302616119, 20.2340641022, -14.8768625259, 7.65191650391, 15.6575698853], [-113.028518677, 33.7913856506, -25.1463489532, 6.75263357162, 17.367307663, 30.2448234558, 116.530548096, 31.7742023468, 25.1060886383, 2.27988767624, -2.49606609344, -2.64819335938, -3.73630404472], [53.1235923767, -90.1178970337, 38.0555610657, -16.5322189331, -53.74741745, 25.3710098267, 31.7742023468, 111.239830017, 29.8039169312, 28.4183082581, -5.98173332214, -4.87514209747, 1.89179813862], [-10.5224819183, 50.9941902161, -42.6112976074, -12.7642869949, 17.341840744, -6.09302616119, 25.1060886383, 29.8039169312, 85.5060119629, 17.5217056274, 1.11650288105, -8.5479850769, -14.5016345978], [-31.0649795532, -99.3724594116, 16.4583473206, -11.0919704437, -42.547203064, 20.2340641022, 2.27988767624, 28.4183082581, 17.5217056274, 72.8918075562, 26.6397609711, 9.80346012115, 5.42091369629], [-37.4727363586, 20.6331729889, -12.7939729691, -15.0876293182, 0.824527919292, -14.8768625259, -2.49606609344, -5.98173332214, 1.11650288105, 26.6397609711, 63.5037612915, 34.1501808167, 8.59966564178], [-14.7663011551, -27.818813324, 3.59677863121, 3.67252230644, 8.98647594452, 7.65191650391, -2.64819335938, -4.87514209747, -8.5479850769, 9.80346012115, 34.1501808167, 65.5688095093, 26.8329524994], [32.6144447327, -28.1585025787, 5.04120731354, 4.35876941681, -6.59128522873, 15.6575698853, -3.73630404472, 1.89179813862, -14.5016345978, 5.42091369629, 8.59966564178, 26.8329524994, 50.5515480042]],
        "icov": [[0.00112163298763, -0.000853143515997, 0.00119620934129, -0.00139364018105, 0.00147899542935, -0.00191514962353, 0.00230608391576, -0.00160750176292, 0.000303630222334, 0.000688732019626, 0.000150490086526, -0.000210799189517, -8.18237822386e-05], [-0.000853143515997, 0.00612726528198, -0.00501007959247, 0.00535337207839, -0.0056863236241, 0.00629619695246, -0.00526693975553, 0.00517326127738, -0.00524797243997, 0.00563914421946, -0.00488891080022, 0.00491023529321, -0.00315783475526], [0.00119620934129, -0.00501007959247, 0.00930151436478, -0.00871049519628, 0.00683016702533, -0.00685481727123, 0.00663615902886, -0.00686160754412, 0.00599136808887, -0.00373747642152, 0.00324389478192, -0.00416090199724, 0.00379828177392], [-0.00139364018105, 0.00535337207839, -0.00871049519628, 0.0146691147238, -0.0084826759994, 0.00482112076133, -0.00670118257403, 0.00737138092518, -0.0049676396884, 0.00369154638611, -0.00222377968021, 0.00382379605435, -0.00335784256458], [0.00147899542935, -0.0056863236241, 0.00683016702533, -0.0084826759994, 0.0115664983168, -0.00728929135948, 0.00575794791803, -0.00390160409734, 0.00277013960294, -0.00108250626363, 0.00275639072061, -0.00507610477507, 0.00340235885233], [-0.00191514962353, 0.00629619695246, -0.00685481727123, 0.00482112076133, -0.00728929135948, 0.0192728899419, -0.0102189807221, 0.00543087674305, -0.00318263820373, -0.000970376539044, 0.00125243549701, 0.00224409112707, -0.00508098397404], [0.00230608391576, -0.00526693975553, 0.00663615902886, -0.00670118257403, 0.00575794791803, -0.0102189807221, 0.0181185808033, -0.00925367698073, 0.00200593541376, -0.000322622188833, 0.00146373128518, -0.00294538517483, 0.00302022811957], [-0.00160750176292, 0.00517326127738, -0.00686160754412, 0.00737138092518, -0.00390160409734, 0.00543087674305, -0.00925367698073, 0.0194019619375, -0.00881065893918, 0.000204105599551, -0.000825797964353, 0.0036445884034, -0.00397691549733], [0.000303630222334, -0.00524797243997, 0.00599136808887, -0.0049676396884, 0.00277013960294, -0.00318263820373, 0.00200593541376, -0.00881065893918, 0.0216706097126, -0.0105337174609, 0.00578028568998, -0.00435172813013, 0.00720943370834], [0.000688732019626, 0.00563914421946, -0.00373747642152, 0.00369154638611, -0.00108250626363, -0.000970376539044, -0.000322622188833, 0.000204105599551, -0.0105337174609, 0.0310774873942, -0.0181044749916, 0.00815175194293, -0.00472235819325], [0.000150490086526, -0.00488891080022, 0.00324389478192, -0.00222377968021, 0.00275639072061, 0.00125243549701, 0.00146373128518, -0.000825797964353, 0.00578028568998, -0.0181044749916, 0.0350950360298, -0.0195522326976, 0.00516624003649], [-0.000210799189517, 0.00491023529321, -0.00416090199724, 0.00382379605435, -0.00507610477507, 0.00224409112707, -0.00294538517483, 0.0036445884034, -0.00435172813013, 0.00815175194293, -0.0195522326976, 0.0322977043688, -0.0146947633475], [-8.18237822386e-05, -0.00315783475526, 0.00379828177392, -0.00335784256458, 0.00340235885233, -0.00508098397404, 0.00302022811957, -0.00397691549733, 0.00720943370834, -0.00472235819325, 0.00516624003649, -0.0146947633475, 0.0298715028912]]
    },
    "melbands": {
        "dmean": [0.000191531871678, 0.00061279250076, 0.000808497541584, 0.000743481272366, 0.000361458718544, 0.000316320889397, 0.000229822937399, 0.000160049254191, 0.000141611148138, 6.03855187364e-05, 3.22244668496e-05, 3.26562330883e-05, 1.99090536626e-05, 2.25182429858e-05, 2.5286397431e-05, 2.80518634099e-05, 2.86108315777e-05, 3.24534594256e-05, 2.8247879527e-05, 3.03135693684e-05, 4.02842742915e-05, 2.71307362709e-05, 2.76393238892e-05, 1.39963540278e-05, 8.30999124446e-06, 1.49297338794e-05, 8.41331439005e-06, 6.25182792646e-06, 5.86268879488e-06, 8.39486074256e-06, 7.88096076576e-06, 8.30335375213e-06, 8.64176217874e-06, 6.518666396e-06, 5.5150899243e-06, 3.84786244467e-06, 2.17504225475e-06, 1.62974799878e-06, 1.2176525388e-06, 1.12056500257e-06],
        "dmean2": [0.000317352707498, 0.00100042310078, 0.00133838388138, 0.00122614949942, 0.00055451260414, 0.000512452563271, 0.000382146099582, 0.000245913222898, 0.000208675555768, 9.79897231446e-05, 5.04583258589e-05, 5.2650415455e-05, 3.04479144688e-05, 3.53873219865e-05, 4.03794401791e-05, 4.36265581811e-05, 4.23137535108e-05, 5.01695212733e-05, 4.31333064626e-05, 4.81227507407e-05, 6.15917015239e-05, 4.27376398875e-05, 4.54455475847e-05, 2.29963534366e-05, 1.301346947e-05, 2.46964809776e-05, 1.34024730869e-05, 9.95574373519e-06, 9.16816861718e-06, 1.32123323056e-05, 1.2449139831e-05, 1.34385436468e-05, 1.36942599056e-05, 1.04501386886e-05, 8.78825267137e-06, 6.17803198111e-06, 3.30186344399e-06, 2.41797260969e-06, 1.83048462077e-06, 1.61725949965e-06],
        "dvar": [1.22707760397e-07, 6.47078309157e-07, 9.8657108083e-07, 1.51529502546e-06, 2.42513607418e-07, 3.73534732034e-07, 2.82120737438e-07, 2.13795473769e-07, 9.52912770913e-08, 1.47607428502e-08, 8.34983904241e-09, 2.04256300762e-09, 3.62656393804e-09, 2.77465828091e-09, 1.7605371605e-09, 1.61965885148e-09, 3.37189631772e-09, 2.70404720837e-09, 1.26055421656e-09, 1.54090717963e-09, 3.13274295394e-09, 1.46646372823e-09, 3.03936942281e-09, 6.12928818811e-10, 1.67552416386e-10, 8.26502588591e-10, 1.20663645742e-10, 9.01982030732e-11, 1.08078983263e-10, 3.978224139e-10, 2.41681175073e-10, 3.19576975993e-10, 2.94655883026e-10, 1.63388524932e-10, 2.35509167723e-10, 3.5390196329e-10, 1.18485277145e-10, 5.5115256109e-11, 4.14206238752e-11, 4.39125610874e-11],
        "dvar2": [3.25141286339e-07, 1.68893438968e-06, 2.62619209934e-06, 4.03173544328e-06, 5.95806454839e-07, 9.04501519017e-07, 8.23553250484e-07, 5.26412918589e-07, 2.04372753387e-07, 3.43668453695e-08, 1.47127794392e-08, 4.87622475731e-09, 7.82392461929e-09, 6.21454709915e-09, 3.63313334972e-09, 3.44372907968e-09, 7.69753327745e-09, 6.03852434722e-09, 2.75096034841e-09, 3.40135941634e-09, 7.46281703101e-09, 3.34862959583e-09, 7.54795337343e-09, 1.54554424814e-09, 3.95930038755e-10, 2.25437646328e-09, 2.97481039802e-10, 2.20684553964e-10, 2.467004101e-10, 9.31451582531e-10, 5.17181519832e-10, 8.00584820659e-10, 6.8706301759e-10, 3.5390679276e-10, 5.02982211437e-10, 7.61808560679e-10, 2.398735377e-10, 1.10404088649e-10, 8.22835757863e-11, 9.72530111998e-11],
        "max": [0.00369645003229, 0.0108825154603, 0.0102574825287, 0.00974379852414, 0.00700679095462, 0.00913773290813, 0.00787462387234, 0.00626501999795, 0.00579631980509, 0.00253711850382, 0.0019676075317, 0.000614549207967, 0.00143048248719, 0.00115816632751, 0.000953417620622, 0.000495500164106, 0.00116522307508, 0.000869872048497, 0.000417032773839, 0.000461284711491, 0.000722923898138, 0.000519562687259, 0.00102785986383, 0.000417010771343, 0.000240577297518, 0.000348215864506, 0.000156689624419, 0.000128045227029, 0.000195996588445, 0.000382417434594, 0.000273532699794, 0.00039368038415, 0.000269635085715, 0.000182100382517, 0.000246029725531, 0.000335079210345, 0.000199510104721, 0.000131223670905, 0.000110119442979, 0.000134026660817],
        "mean": [0.000255643884884, 0.00121886655688, 0.00137804937549, 0.00107407022733, 0.00071631220635, 0.000527709489688, 0.000352356670192, 0.000242783964495, 0.000226493459195, 9.75859511527e-05, 5.68337309232e-05, 5.67320639675e-05, 3.15413744829e-05, 3.61116690328e-05, 5.35473518539e-05, 5.85026282351e-05, 5.50016848138e-05, 6.85002451064e-05, 6.48393979645e-05, 6.82486497681e-05, 8.31756624393e-05, 6.35861215414e-05, 5.76838938287e-05, 2.47397820203e-05, 1.63378463185e-05, 2.29554552789e-05, 1.59038972924e-05, 1.08192589323e-05, 1.01869018181e-05, 1.27800421978e-05, 1.15443062896e-05, 1.22908522826e-05, 1.28235487864e-05, 9.53073777055e-06, 6.95423523212e-06, 4.58504064227e-06, 2.76649575426e-06, 2.06963682103e-06, 1.59945125233e-06, 1.35369816689e-06],
        "median": [0.000117660078104, 0.000741381198168, 0.000979747856036, 0.000671088695526, 0.000460079754703, 0.000307987327687, 0.000176807341632, 8.35215469124e-05, 8.89416332939e-05, 4.54879045719e-05, 2.52863137575e-05, 3.17526864819e-05, 1.65887449839e-05, 2.01626316993e-05, 3.39800608344e-05, 3.81207828468e-05, 3.20768813253e-05, 3.96894065489e-05, 4.29863794125e-05, 4.63702963316e-05, 4.76376626466e-05, 3.68749788322e-05, 3.07554582832e-05, 1.76689609361e-05, 1.19059695862e-05, 1.425722985e-05, 1.23338277263e-05, 7.65634194977e-06, 5.99551640335e-06, 5.72280350752e-06, 5.89437468079e-06, 6.10934739598e-06, 6.42702661935e-06, 5.03297724208e-06, 2.75136380878e-06, 1.12936061214e-06, 4.66179614023e-07, 2.83364840925e-07, 1.79519673793e-07, 1.36168992526e-07],
        "min": [1.41064231229e-06, 6.99282281857e-07, 7.04086630776e-07, 3.13047280542e-07, 2.05479182114e-07, 8.78105979041e-08, 1.15382476906e-07, 5.91379105686e-08, 4.33356284191e-08, 4.87423932327e-08, 2.2131549926e-08, 2.65162114488e-08, 6.65141675071e-09, 1.95668601322e-08, 3.63389460745e-08, 3.62240903939e-08, 3.34083019027e-08, 8.31130932966e-08, 4.0814853719e-08, 2.05200318959e-08, 3.38410721668e-08, 1.35711735183e-08, 1.15618785657e-08, 9.14701647758e-09, 1.10633529005e-08, 1.06543316392e-08, 1.33597106711e-08, 1.15671880963e-08, 2.2865460636e-08, 3.89069576556e-08, 1.2313503106e-08, 2.09469472878e-08, 8.75638139775e-09, 5.74560754529e-09, 7.55439621969e-09, 3.41493966438e-09, 2.66030908413e-09, 2.56828336376e-09, 3.83621445721e-09, 2.98386582109e-09],
