{
"highlevel": {
    "danceability": {
        "all": {
            "danceable": 0.714345514774,
            "not_danceable": 0.285654515028
        },
        "probability": 0.714345514774,
        "value": "danceable"
    },
    "gender": {
        "all": {
            "female": 0.544921398163,
            "male": 0.455078572035
        },
        "probability": 0.544921398163,
        "value": "female"
    },
    "genre_dortmund": {
        "all": {
            "alternative": 0.0973491221666,
            "blues": 0.125931203365,
            "electronic": 0.0288307052106,
            "folkcountry": 0.122227936983,
            "funksoulrnb": 0.0101285101846,
            "jazz": 0.0533105395734,
            "pop": 0.129351750016,
            "raphiphop": 0.00278592342511,
            "rock": 0.430084317923
        },
        "probability": 0.430084317923,
        "value": "rock"
    },
    "genre_electronic": {
        "all": {
            "ambient": 0.382655650377,
            "dnb": 0.286510020494,
            "house": 0.130562663078,
            "techno": 0.034045483917,
            "trance": 0.166226193309
        },
        "probability": 0.382655650377,
        "value": "ambient"
    },
    "genre_rosamerica": {
        "all": {
            "cla": 0.0101681835949,
            "dan": 0.0259888824075,
            "hip": 0.0357399173081,
            "jaz": 0.00953587144613,
            "pop": 0.284112751484,
            "rhy": 0.0121053475887,
            "roc": 0.61870354414,
            "spe": 0.00364549434744
        },
        "probability": 0.61870354414,
        "value": "roc"
    },
    "genre_tzanetakis": {
        "all": {
            "blu": 0.0626613423228,
            "cla": 0.0348169617355,
            "cou": 0.104475811124,
            "dis": 0.0784321576357,
            "hip": 0.15692435205,
            "jaz": 0.313974827528,
            "met": 0.0448166541755,
            "pop": 0.0627359300852,
            "reg": 0.0627360641956,
            "roc": 0.0784258767962
        },
        "probability": 0.313974827528,
        "value": "jaz"
    },
    "ismir04_rhythm": {
        "all": {
            "ChaChaCha": 0.648952186108,
            "Jive": 0.287133455276,
            "Quickstep": 0.00783327501267,
            "Rumba-American": 0.00961684249341,
            "Rumba-International": 0.00232254387811,
            "Rumba-Misc": 0.000903611362446,
            "Samba": 0.0223733577877,
            "Tango": 0.00228887773119,
            "VienneseWaltz": 0.0172803532332,
            "Waltz": 0.00129553105216
        },
        "probability": 0.648952186108,
        "value": "ChaChaCha"
    },
    "mood_acoustic": {
        "all": {
            "acoustic": 0.0189519040287,
            "not_acoustic": 0.981048107147
        },
        "probability": 0.981048107147,
        "value": "not_acoustic"
    },
    "mood_aggressive": {
        "all": {
            "aggressive": 0.578865766525,
            "not_aggressive": 0.421134203672
        },
        "probability": 0.578865766525,
        "value": "aggressive"
    },
    "mood_electronic": {
        "all": {
            "electronic": 0.231162458658,
            "not_electronic": 0.768837571144
        },
        "probability": 0.768837571144,
        "value": "not_electronic"
    },
    "mood_happy": {
        "all": {
            "happy": 0.549371898174,
            "not_happy": 0.450628072023
        },
        "probability": 0.549371898174,
        "value": "happy"
    },
    "mood_party": {
        "all": {
            "not_party": 0.236225932837,
            "party": 0.763774096966
        },
        "probability": 0.763774096966,
        "value": "party"
    },
    "mood_relaxed": {
        "all": {
            "not_relaxed": 0.972108781338,
            "relaxed": 0.0278912354261
        },
        "probability": 0.972108781338,
        "value": "not_relaxed"
    },
    "mood_sad": {
        "all": {
            "not_sad": 0.895212292671,
            "sad": 0.10478772223
        },
        "probability": 0.895212292671,
        "value": "not_sad"
    },
    "moods_mirex": {
        "all": {
            "Cluster1": 0.318322867155,
            "Cluster2": 0.248808652163,
            "Cluster3": 0.0784627869725,
            "Cluster4": 0.298348873854,
            "Cluster5": 0.0560568086803
        },
        "probability": 0.318322867155,
        "value": "Cluster1"
    },
    "timbre": {
        "all": {
            "bright": 0.975968182087,
            "dark": 0.0240318290889
        },
        "probability": 0.975968182087,
        "value": "bright"
    },
    "tonal_atonal": {
        "all": {
            "atonal": 0.507621824741,
            "tonal": 0.492378175259
        },
        "probability": 0.507621824741,
        "value": "atonal"
    },
    "voice_instrumental": {
        "all": {
            "instrumental": 0.0279074758291,
            "voice": 0.97209250927
        },
        "probability": 0.97209250927,
        "value": "voice"
    }
},
"lowlevel": {
    "average_loudness": 0.985562324524,
    "barkbands_crest": {
        "dmean": 3.35241961479,
        "dmean2": 5.60408163071,
        "dvar": 9.65885543823,
        "dvar2": 25.8689422607,
        "max": 23.2083950043,
        "mean": 9.20436477661,
        "median": 8.36840248108,
        "min": 1.89321899414,
        "var": 17.2396869659
    },
    "barkbands_flatness_db": {
        "dmean": 0.0218500718474,
        "dmean2": 0.0355080664158,
        "dvar": 0.000503477407619,
        "dvar2": 0.00124748388771,
        "max": 0.295330584049,
        "mean": 0.117405809462,
        "median": 0.109750635922,
        "min": 0.0451710894704,
        "var": 0.00150488619693
    },
    "barkbands_kurtosis": {
        "dmean": 2.31168961525,
        "dmean2": 3.8934173584,
        "dvar": 29.9311771393,
        "dvar2": 82.9736480713,
        "max": 101.477516174,
        "mean": 1.56161725521,
        "median": -0.117042303085,
        "min": -1.89939653873,
        "var": 28.8825550079
    },
    "barkbands_skewness": {
        "dmean": 0.589979469776,
        "dmean2": 0.921810626984,
        "dvar": 0.473775058985,
        "dvar2": 1.14928305149,
        "max": 9.02066421509,
        "mean": 1.15315246582,
        "median": 0.995973587036,
        "min": -1.30119931698,
        "var": 1.10092735291
    },
    "barkbands_spread": {
        "dmean": 7.63018369675,
        "dmean2": 11.7889003754,
        "dvar": 68.4223251343,
        "dvar2": 142.217956543,
        "max": 114.354980469,
        "mean": 35.4799079895,
        "median": 33.199005127,
        "min": 2.41086912155,
        "var": 260.027923584
    },
    "dissonance": {
        "dmean": 0.0107225785032,
        "dmean2": 0.0182544831187,
        "dvar": 0.000104753446067,
        "dvar2": 0.000281217100564,
        "max": 0.499764353037,
        "mean": 0.479044079781,
        "median": 0.481529921293,
        "min": 0.358817279339,
        "var": 0.000188066478586
    },
    "dynamic_complexity": 1.60211610794,
    "erbbands_crest": {
        "dmean": 2.06253862381,
        "dmean2": 3.37670493126,
        "dvar": 3.74839377403,
        "dvar2": 9.27825069427,
        "max": 23.0522480011,
        "mean": 7.06579351425,
        "median": 6.27240085602,
        "min": 2.44107699394,
        "var": 9.5300321579
    },
    "erbbands_flatness_db": {
        "dmean": 0.0150210214779,
        "dmean2": 0.0216593258083,
        "dvar": 0.000190265418496,
        "dvar2": 0.000367530883523,
        "max": 0.273515701294,
        "mean": 0.126762136817,
        "median": 0.123473078012,
        "min": 0.0588921569288,
        "var": 0.00109424383845
    },
    "erbbands_kurtosis": {
        "dmean": 0.714606106281,
        "dmean2": 1.11158490181,
        "dvar": 0.885334789753,
        "dvar2": 2.0421230793,
        "max": 14.2737464905,
        "mean": 0.19643586874,
        "median": -0.207812070847,
        "min": -1.70341622829,
        "var": 2.28661727905
    },
    "erbbands_skewness": {
        "dmean": 0.284086614847,
        "dmean2": 0.431082218885,
        "dvar": 0.0710323601961,
        "dvar2": 0.138389348984,
        "max": 1.50089502335,
        "mean": -0.312820762396,
        "median": -0.24924506247,
        "min": -3.35781526566,
        "var": 0.355765283108
    },
    "erbbands_spread": {
        "dmean": 8.75781154633,
        "dmean2": 13.4094047546,
        "dvar": 68.9621200562,
        "dvar2": 151.467193604,
        "max": 116.633811951,
        "mean": 43.8300628662,
        "median": 41.8986701965,
        "min": 11.5721311569,
        "var": 268.510162354
    },
    "hfc": {
        "dmean": 8.00669193268,
        "dmean2": 11.2165794373,
        "dvar": 142.56300354,
        "dvar2": 292.417572021,
        "max": 201.708648682,
        "mean": 27.1673736572,
        "median": 20.9798717499,
        "min": 1.73580849171,
        "var": 442.584503174
    },
    "melbands_crest": {
        "dmean": 4.01595020294,
        "dmean2": 6.64157438278,
        "dvar": 11.519528389,
        "dvar2": 30.040309906,
        "max": 31.4870796204,
        "mean": 13.3311433792,
        "median": 12.7719078064,
        "min": 3.45959234238,
        "var": 23.0631065369
    },
    "melbands_flatness_db": {
        "dmean": 0.029418785125,
        "dmean2": 0.0453613698483,
        "dvar": 0.000918488658499,
        "dvar2": 0.00206673680805,
        "max": 0.385558873415,
        "mean": 0.15669259429,
        "median": 0.14983035624,
        "min": 0.0345324091613,
        "var": 0.00356250302866
    },
    "melbands_kurtosis": {
        "dmean": 7.96100616455,
        "dmean2": 13.419298172,
        "dvar": 259.713104248,
        "dvar2": 713.471801758,
        "max": 258.789550781,
        "mean": 10.8574781418,
        "median": 5.99535942078,
        "min": -1.84344184399,
        "var": 264.900115967
    },
    "melbands_skewness": {
        "dmean": 0.889757633209,
        "dmean2": 1.41380703449,
        "dvar": 1.14042437077,
        "dvar2": 2.83107066154,
        "max": 12.6547260284,
        "mean": 2.65293836594,
        "median": 2.37066435814,
        "min": -0.351179301739,
        "var": 2.32959961891
    },
    "melbands_spread": {
        "dmean": 11.0931415558,
        "dmean2": 17.0063972473,
        "dvar": 140.267227173,
        "dvar2": 292.612884521,
        "max": 168.900421143,
        "mean": 35.9995498657,
        "median": 32.3107452393,
        "min": 1.35011017323,
        "var": 463.224151611
    },
    "pitch_salience": {
        "dmean": 0.0795601978898,
        "dmean2": 0.134118661284,
        "dvar": 0.0055427197367,
        "dvar2": 0.0149085596204,
        "max": 0.839531064034,
        "mean": 0.560309648514,
        "median": 0.570103347301,
        "min": 0.166452288628,
        "var": 0.0107488045469
    },
    "silence_rate_20dB": {
        "dmean": 0,
        "dmean2": 0,
        "dvar": 0,
        "dvar2": 0,
        "max": 1,
        "mean": 1,
        "median": 1,
        "min": 1,
        "var": 0
    },
    "silence_rate_30dB": {
        "dmean": 0,
        "dmean2": 0,
        "dvar": 0,
        "dvar2": 0,
        "max": 1,
        "mean": 1,
        "median": 1,
        "min": 1,
        "var": 0
    },
    "silence_rate_60dB": {
        "dmean": 0,
        "dmean2": 0,
        "dvar": 0,
        "dvar2": 0,
        "max": 0,
        "mean": 0,
        "median": 0,
        "min": 0,
        "var": 0
    },
    "spectral_centroid": {
        "dmean": 297.018859863,
        "dmean2": 449.77444458,
        "dvar": 77303.6640625,
        "dvar2": 163080.21875,
        "max": 3867.19213867,
        "mean": 1814.67285156,
        "median": 1802.62890625,
        "min": 498.260101318,
        "var": 358330.78125
    },
    "spectral_complexity": {
        "dmean": 4.27244567871,
        "dmean2": 6.27962827682,
        "dvar": 16.1610679626,
        "dvar2": 28.6429519653,
        "max": 54,
        "mean": 24.3124523163,
        "median": 23,
        "min": 4,
        "var": 83.4508514404
    },
    "spectral_decrease": {
        "dmean": 2.64428323682e-09,
        "dmean2": 4.33097335772e-09,
        "dvar": 1.49091149412e-17,
        "dvar2": 3.94944431042e-17,
        "max": -6.42716324606e-10,
        "mean": -5.86798964974e-09,
        "median": -4.84323114947e-09,
        "min": -3.01574338835e-08,
        "var": 1.5662721147e-17
    },
    "spectral_energy": {
        "dmean": 0.0103634325787,
        "dmean2": 0.0168490838259,
        "dvar": 0.000221651032916,
        "dvar2": 0.000584243214689,
        "max": 0.119132354856,
        "mean": 0.0246112905443,
        "median": 0.0204135589302,
        "min": 0.00265809358098,
        "var": 0.000246006587986
    },
    "spectral_energyband_high": {
        "dmean": 0.000593203352764,
        "dmean2": 0.000777651031967,
        "dvar": 1.16770229397e-06,
        "dvar2": 2.43839986069e-06,
        "max": 0.0237967185676,
        "mean": 0.00157817837317,
        "median": 0.000845313479658,
        "min": 1.430555767e-05,
        "var": 3.67144821212e-06
    },
    "spectral_energyband_low": {
        "dmean": 0.00668792007491,
        "dmean2": 0.0115537513047,
        "dvar": 0.000168509694049,
        "dvar2": 0.00046067594667,
        "max": 0.0949176251888,
        "mean": 0.0093890959397,
        "median": 0.0062331808731,
        "min": 2.85559326585e-05,
        "var": 0.000150636871695
    },
    "spectral_energyband_middle_high": {
        "dmean": 0.00194302690215,
        "dmean2": 0.00283748121001,
        "dvar": 8.36700201035e-06,
        "dvar2": 1.7515001673e-05,
        "max": 0.0443731658161,
        "mean": 0.00596260139719,
        "median": 0.00453827856109,
        "min": 0.000261661043623,
        "var": 2.64436457655e-05
    },
    "spectral_energyband_middle_low": {
        "dmean": 0.00471141003072,
        "dmean2": 0.00757410191,
        "dvar": 7.34474815545e-05,
        "dvar2": 0.00018646067474,
        "max": 0.0767871811986,
        "mean": 0.00840804167092,
        "median": 0.00595766212791,
        "min": 0.000994045520201,
        "var": 7.38386806916e-05
    },
    "spectral_entropy": {
        "dmean": 0.119299814105,
        "dmean2": 0.169015437365,
        "dvar": 0.0124328229576,
        "dvar2": 0.0236916020513,
        "max": 8.77038574219,
        "mean": 7.83990192413,
        "median": 7.83602619171,
        "min": 6.80784845352,
        "var": 0.0866568908095
    },
    "spectral_flux": {
        "dmean": 0.027182104066,
        "dmean2": 0.0407402105629,
        "dvar": 0.00104804022703,
        "dvar2": 0.00211334927008,
        "max": 0.277015954256,
        "mean": 0.0919228717685,
        "median": 0.0784768015146,
        "min": 0.0248718746006,
        "var": 0.00198612292297
    },
    "spectral_kurtosis": {
        "dmean": 1.02393352985,
        "dmean2": 1.66661250591,
        "dvar": 1.32071042061,
        "dvar2": 3.78495430946,
        "max": 14.1528491974,
        "mean": 3.27245116234,
        "median": 3.13208627701,
        "min": -0.85395693779,
        "var": 3.49174499512
    },
    "spectral_rms": {
        "dmean": 0.000916745339055,
        "dmean2": 0.00142581830733,
        "dvar": 1.20347215216e-06,
        "dvar2": 3.069863169e-06,
        "max": 0.0107808476314,
        "mean": 0.00471078371629,
        "median": 0.0044626975432,
        "min": 0.00161036080681,
        "var": 1.81954317213e-06
    },
    "spectral_rolloff": {
        "dmean": 799.83013916,
        "dmean2": 1287.02307129,
        "dvar": 1253773.75,
        "dvar2": 2442118.75,
        "max": 11111.1328125,
        "mean": 2408.95239258,
        "median": 2045.65429688,
        "min": 64.599609375,
        "var": 3715118.75
    },
    "spectral_skewness": {
        "dmean": 0.158091798425,
        "dmean2": 0.254080653191,
        "dvar": 0.0235468111932,
        "dvar2": 0.0560730174184,
        "max": 3.27465295792,
        "mean": 1.33432292938,
        "median": 1.35499918461,
        "min": 0.176601216197,
        "var": 0.0900507196784
    },
    "spectral_spread": {
        "dmean": 567295.875,
        "dmean2": 797736.4375,
        "dvar": 383871123456,
        "dvar2": 662735290368,
        "max": 12801719,
        "mean": 5012502,
        "median": 4837169.5,
        "min": 1873860,
        "var": 2.06526926029e+12
    },
    "spectral_strongpeak": {
        "dmean": 0.456441909075,
        "dmean2": 0.787789046764,
        "dvar": 0.779040753841,
        "dvar2": 2.03969526291,
        "max": 10.0424404144,
        "mean": 0.633625805378,
        "median": 0.312837868929,
        "min": 0.0441398397088,
        "var": 0.84048885107
    },
    "zerocrossingrate": {
        "dmean": 0.0150879658759,
        "dmean2": 0.0164809096605,
        "dvar": 0.000244060880505,
        "dvar2": 0.000245145783992,
        "max": 0.30224609375,
        "mean": 0.0870250836015,
        "median": 0.07861328125,
        "min": 0.009765625,
        "var": 0.00194251118228
    },
    "barkbands": {
        "dmean": [0.000128950472572, 0.00505349924788, 0.00197094120085, 0.000818682252429, 0.00330699328333, 0.000658227596432, 0.000639296602458, 0.000515151477885, 0.000250585930189, 0.000216291417019, 0.000179205060704, 0.000326754932757, 0.000295605452266, 0.000332822150085, 0.000508362951223, 0.000383077189326, 0.000345781241776, 0.000411105866078, 0.000285600835923, 0.000222603644943, 0.000106540646811, 9.90584885585e-05, 0.000117925563245, 0.000187131096027, 9.68269014265e-05, 8.34679303807e-05, 7.79474529367e-09],
        "dmean2": [0.000197860106709, 0.00865188520402, 0.00354506564327, 0.00137377507053, 0.00541117601097, 0.0010586787248, 0.0010126902489, 0.000862391199917, 0.000410619395552, 0.000345138541888, 0.000278820778476, 0.000524018949363, 0.000456357258372, 0.00052916520508, 0.000804179231636, 0.000596283527557, 0.000555497419555, 0.000635463278741, 0.000454265915323, 0.000338272337103, 0.000166075813468, 0.00014548173931, 0.000167282152688, 0.00027794734342, 0.000136103073601, 0.000128530955408, 1.39046267833e-08],
        "dvar": [1.54324794721e-07, 9.41298931139e-05, 1.91940234799e-05, 1.40693327921e-06, 4.93817206006e-05, 1.88779495147e-06, 1.32403556563e-06, 1.19348749195e-06, 3.02024943721e-07, 1.40545836302e-07, 1.7158899368e-07, 4.5091235279e-07, 4.32635914649e-07, 2.79576369167e-07, 6.63848481963e-07, 5.06754588514e-07, 3.64256095509e-07, 1.0351380979e-06, 6.3797057237e-07, 2.61240188593e-07, 3.83883325128e-08, 2.60145807118e-08, 4.90083671423e-08, 3.14747865104e-07, 4.0278102631e-08, 2.70639155531e-08, 3.16343110053e-15],
        "dvar2": [3.59909279268e-07, 0.000257710518781, 5.58584179089e-05, 3.78613071916e-06, 0.000129614316393, 4.69142651127e-06, 3.07456889459e-06, 2.94833625958e-06, 7.90417118424e-07, 3.63600889841e-07, 3.02186180079e-07, 1.06168874936e-06, 8.84415044311e-07, 6.55987491882e-07, 1.56526562023e-06, 1.03239312921e-06, 8.44474470796e-07, 2.42253963734e-06, 1.56848750521e-06, 6.16344891569e-07, 8.68246061714e-08, 5.49458576415e-08, 1.09294624906e-07, 7.820313499e-07, 8.30854745004e-08, 6.1022639386e-08, 6.22071584375e-15],
        "max": [0.0110481996089, 0.0817343816161, 0.0324252918363, 0.0113967349753, 0.0544256679714, 0.0179921146482, 0.0175291486084, 0.0126294121146, 0.00873390771449, 0.006063031964, 0.00845221150666, 0.0110230967402, 0.012729851529, 0.00796940363944, 0.0112897828221, 0.0116575630382, 0.0109442500398, 0.021675363183, 0.019771989435, 0.00792819354683, 0.00375645118766, 0.00262125907466, 0.00339982495643, 0.0143940327689, 0.00337797426619, 0.00203790422529, 1.43792487961e-06],
        "mean": [0.000156767899171, 0.00646757893264, 0.00209931586869, 0.00124564592261, 0.00380523875356, 0.00106385012623, 0.00113285891712, 0.000667632033583, 0.000369879155187, 0.000326920999214, 0.000303427572362, 0.000633432820905, 0.000504328520037, 0.000553683377802, 0.000899134844076, 0.000738566450309, 0.000623317959253, 0.000729008228518, 0.000513999140821, 0.000398791074986, 0.00024482619483, 0.000229204102652, 0.000254514015978, 0.000341665640008, 0.000189437414519, 0.000118282237963, 5.07618080903e-09],
        "median": [5.85182424402e-05, 0.00388775230385, 0.0010616176296, 0.000837440777104, 0.00206257589161, 0.000672627240419, 0.000536222883966, 0.000249115866609, 0.000227547789109, 0.000194895546883, 0.000111751214718, 0.000264400063315, 0.000260890403297, 0.000320160062984, 0.000576409744099, 0.000357933720807, 0.000422351469751, 0.00029544706922, 0.000221014401177, 0.000172546642716, 0.000143662866321, 0.000122717523482, 0.000109132342914, 0.000123656573123, 7.68751633586e-05, 3.27674606524e-05, 4.44075942685e-10],
        "min": [2.20856520627e-07, 4.81865436086e-06, 3.2780502579e-07, 3.63838762496e-06, 6.49837675155e-05, 9.01300518308e-06, 1.09394131869e-05, 5.84618464927e-06, 3.33461457558e-06, 1.12388067919e-06, 1.40448344155e-06, 4.76799186799e-06, 4.30326463174e-06, 3.54372514266e-06, 1.80162278411e-05, 8.84801465872e-06, 1.05668268588e-05, 7.4348772614e-06, 9.04421904124e-06, 5.35250774192e-06, 5.32039075551e-06, 3.32905437972e-06, 4.07218095688e-07, 2.29869883128e-07, 4.79223558614e-08, 4.05268263393e-10, 1.14047894392e-11],
        "var": [1.59075824513e-07, 8.48059571581e-05, 1.30508260554e-05, 1.87320085843e-06, 4.05121245421e-05, 2.21506775233e-06, 3.55155498255e-06, 1.61252125963e-06, 2.99226115885e-07, 2.02380007863e-07, 4.82415316583e-07, 1.45743081248e-06, 8.90188346148e-07, 5.21795016084e-07, 1.21319749269e-06, 1.5866484091e-06, 6.30954787084e-07, 1.69325949173e-06, 9.59243379839e-07, 4.49173086281e-07, 1.11925523072e-07, 7.87841401007e-08, 1.29518127778e-07, 4.24768614948e-07, 1.0503500647e-07, 4.78578101593e-08, 2.43146461454e-15]
    },
    "erbbands": {
        "dmean": [0.125021740794, 1.24703228474, 2.55000734329, 2.26935529709, 8.65528774261, 11.0933103561, 6.00467395782, 4.94858598709, 7.81076526642, 11.5458250046, 9.53209400177, 5.23849344254, 6.79169607162, 6.72414445877, 8.2840423584, 13.2874755859, 13.3104791641, 17.0029354095, 23.5637016296, 19.7322330475, 19.5473270416, 17.1759357452, 20.3710575104, 18.406583786, 12.6235733032, 10.2616586685, 5.41272878647, 3.61279439926, 3.88264703751, 3.54351854324, 3.40241932869, 3.63864207268, 3.33370399475, 1.46684730053, 0.51608389616, 0.309015929699, 0.186763688922, 0.0228342823684, 0.000372094509657, 2.28886237892e-05],
        "dmean2": [0.205997511744, 2.18571782112, 4.57797050476, 3.80366182327, 14.4758481979, 18.3240947723, 9.04184341431, 8.20101833344, 12.3584156036, 18.6933307648, 15.8874855042, 8.49370098114, 10.9359493256, 10.2510662079, 12.9719800949, 20.7779273987, 20.640209198, 26.9574604034, 36.5974998474, 30.9359893799, 30.5871200562, 27.9389591217, 31.1827774048, 28.2981185913, 19.4034347534, 15.8757553101, 8.58844089508, 5.7187538147, 5.8760342598, 5.03096961975, 4.91085386276, 5.44297838211, 4.95745944977, 2.06178879738, 0.771593153477, 0.4749314785, 0.290181308985, 0.0368074923754, 0.00059163023252, 3.5329907405e-05],
        "dvar": [0.054705042392, 6.02841424942, 30.5461521149, 15.4731721878, 311.450012207, 601.755310059, 137.000595093, 98.2407608032, 237.265991211, 545.992126465, 506.114349365, 123.558303833, 144.252227783, 231.142745972, 256.945159912, 571.230651855, 899.307678223, 723.603210449, 1316.03198242, 1180.06115723, 1255.94128418, 1230.89453125, 2105.42480469, 2095.06933594, 1321.45532227, 529.798217773, 71.1047058105, 41.3018875122, 43.8711738586, 39.8575515747, 46.1146430969, 77.8536758423, 125.078369141, 10.2050228119, 1.01022541523, 0.445066422224, 0.129582330585, 0.00220248522237, 5.59048885407e-07, 1.13198950213e-09],
        "dvar2": [0.140338659286, 16.8793716431, 88.8200073242, 43.3074302673, 820.846801758, 1605.22143555, 301.068756104, 268.657226562, 537.139526367, 1150.98828125, 1310.77478027, 315.35144043, 374.177398682, 570.308898926, 522.439758301, 1177.9005127, 1792.88769531, 1674.54284668, 2951.25415039, 2889.75146484, 2504.58105469, 2714.68310547, 4531.91357422, 4970.49072266, 3204.13867188, 1256.59423828, 168.652648926, 99.0127944946, 97.4648132324, 85.0796432495, 109.709007263, 195.72076416, 306.619476318, 19.3890552521, 2.28481531143, 0.987275063992, 0.297557532787, 0.00517688598484, 1.29540683247e-06, 2.47595077774e-09],
        "max": [4.03612375259, 16.9237632751, 41.1827888489, 38.1674003601, 147.747909546, 203.510131836, 181.473724365, 97.2465057373, 228.979858398, 405.090240479, 326.289794922, 169.316619873, 153.597610474, 306.972076416, 253.410491943, 547.080505371, 631.774475098, 471.815185547, 582.22857666, 544.37878418, 684.509277344, 722.29473877, 871.985473633, 848.734802246, 826.90246582, 389.309570312, 115.570030212, 116.194190979, 107.034805298, 104.266143799, 109.876342773, 176.459243774, 300.349914551, 49.7327880859, 14.595788002, 14.4386796951, 3.38520216942, 0.506837248802, 0.00802338123322, 0.000331744580762],
        "mean": [0.162360340357, 1.51190471649, 2.8319838047, 3.46035718918, 9.71066474915, 12.2254667282, 9.57602024078, 7.48795557022, 13.8835706711, 18.8721961975, 12.7365665436, 8.3144493103, 9.98256587982, 11.3241729736, 16.9091148376, 26.0104103088, 24.8284549713, 30.2400188446, 40.9681739807, 41.1157684326, 39.4473381042, 32.7057151794, 38.5294799805, 34.5507164001, 23.1186504364, 18.6127471924, 12.335688591, 8.13525390625, 8.43590068817, 7.88994455338, 7.03636312485, 6.56364631653, 6.01118946075, 2.9128537178, 0.869301378727, 0.434551090002, 0.25198957324, 0.0269170384854, 0.000481727911392, 5.28810123797e-05],
        "median": [0.0925376117229, 0.851681470871, 1.58753919601, 2.40399956703, 5.10534763336, 6.17344474792, 5.43161964417, 4.54611873627, 7.8236989975, 6.50462388992, 5.9351401329, 5.45900535583, 5.64848804474, 5.33195209503, 6.86874246597, 13.0908088684, 13.5957374573, 18.2651519775, 25.5514144897, 24.0174388885, 21.7418708801, 21.1689682007, 19.2180557251, 15.3308591843, 10.7489175797, 8.48242282867, 7.61330032349, 4.51884174347, 4.54516649246, 3.58820080757, 2.98523497581, 2.30308651924, 2.20550942421, 1.24621379375, 0.296196073294, 0.120807230473, 0.0684552192688, 0.00564544275403, 0.000129091567942, 3.73689035769e-05],
        "min": [0.000283153087366, 0.00188808015082, 0.00720366835594, 0.0750815346837, 0.108305633068, 0.168358355761, 0.170814633369, 0.114696927369, 0.276306807995, 0.301431030035, 0.0918806120753, 0.086496129632, 0.0429933331907, 0.0434870049357, 0.072449721396, 0.299134492874, 0.377586364746, 0.268468677998, 0.638508617878, 1.30098259449, 0.910227477551, 0.978293776512, 0.730440199375, 0.630668342113, 0.37381079793, 0.292576313019, 0.325437813997, 0.144931897521, 0.151280850172, 0.0255311094224, 0.0102274697274, 0.00595106929541, 0.0030297592748, 0.00082123815082, 0.000324361899402, 4.20985597884e-05, 1.05813378468e-05, 1.24323298678e-06, 3.74173828277e-06, 4.66908795715e-06],
        "var": [0.0578825064003, 4.99331092834, 21.2795619965, 14.3937711716, 257.752960205, 467.239959717, 195.729187012, 104.486923218, 458.682434082, 1553.27624512, 524.454284668, 130.971450806, 188.268264771, 388.586425781, 924.028686523, 1741.95654297, 2011.63500977, 1492.00622559, 2733.90234375, 2779.43505859, 3661.19384766, 2162.00195312, 3926.92651367, 3608.45776367, 2010.16748047, 949.909240723, 206.545562744, 114.077964783, 111.94683075, 122.444351196, 104.139129639, 126.418167114, 156.047134399, 25.3876876831, 2.45930218697, 0.866450846195, 0.217058077455, 0.0030596232973, 8.32134560369e-07, 2.15021911387e-09]
    },
    "gfcc": {
        "mean": [35.1612434387, 68.573348999, -113.337440491, 47.0231437683, -48.4067611694, 20.5683250427, -48.7570915222, 10.8082361221, -23.7617893219, 7.30147600174, -14.9038162231, 1.55823934078, -13.6805105209],
        "cov": [[1564.74719238, -864.77130127, 89.0856018066, -158.979721069, -189.87286377, 109.586578369, -99.8692398071, 54.992351532, -157.173339844, 17.5095787048, -129.914703369, 76.5971374512, -76.2372360229], [-864.77130127, 1017.99053955, -226.910385132, 102.923980713, 170.265655518, -96.4748458862, 143.067657471, -24.2582759857, 118.336975098, -75.2208328247, 130.031188965, -91.0946121216, 76.1968688965], [89.0856018066, -226.910385132, 550.60736084, 87.9813537598, 74.7343978882, 52.4578971863, -9.6993188858, 50.7137794495, 12.7117357254, 97.7113723755, -42.2668571472, 66.6285018921, -60.6104278564], [-158.979721069, 102.923980713, 87.9813537598, 316.432098389, 75.1550140381, -36.4656143188, 1.49163019657, 52.457069397, 68.9471054077, -18.5381584167, 57.2507133484, -33.8637962341, 29.4759674072], [-189.87286377, 170.265655518, 74.7343978882, 75.1550140381, 297.005310059, 2.68524003029, 73.8328323364, 41.4733505249, 12.0194149017, 34.6728401184, 13.1415891647, 15.2278184891, -7.85095930099], [109.586578369, -96.4748458862, 52.4578971863, -36.4656143188, 2.68524003029, 210.640045166, 50.9849662781, -28.6713829041, -36.6648483276, 19.922246933, -17.6113414764, -4.20922756195, 33.7731590271], [-99.8692398071, 143.067657471, -9.6993188858, 1.49163019657, 73.8328323364, 50.9849662781, 154.281311035, 19.7676334381, -0.814891159534, 11.3254184723, 14.0091409683, -3.80876994133, 9.63266849518], [54.992351532, -24.2582759857, 50.7137794495, 52.457069397, 41.4733505249, -28.6713829041, 19.7676334381, 129.376922607, 46.4479293823, 13.9961299896, 6.10798072815, 2.92416834831, -19.7947597504], [-157.173339844, 118.336975098, 12.7117357254, 68.9471054077, 12.0194149017, -36.6648483276, -0.814891159534, 46.4479293823, 123.442268372, 5.96652269363, 18.3841018677, -19.5106945038, 8.53657722473], [17.5095787048, -75.2208328247, 97.7113723755, -18.5381584167, 34.6728401184, 19.922246933, 11.3254184723, 13.9961299896, 5.96652269363, 101.43270874, -2.7471871376, 24.3232345581, -20.6204051971], [-129.914703369, 130.031188965, -42.2668571472, 57.2507133484, 13.1415891647, -17.6113414764, 14.0091409683, 6.10798072815, 18.3841018677, -2.7471871376, 101.242713928, -2.47685623169, 5.30166339874], [76.5971374512, -91.0946121216, 66.6285018921, -33.8637962341, 15.2278184891, -4.20922756195, -3.80876994133, 2.92416834831, -19.5106945038, 24.3232345581, -2.47685623169, 71.3946304321, -10.3595523834], [-76.2372360229, 76.1968688965, -60.6104278564, 29.4759674072, -7.85095930099, 33.7731590271, 9.63266849518, -19.7947597504, 8.53657722473, -20.6204051971, 5.30166339874, -10.3595523834, 84.2657012939]],
        "icov": [[0.00143796170596, 0.000875466037542, 0.000328260153765, -3.40573024005e-05, 0.000404993421398, -0.000572216522414, 0.000151202330017, -0.00114802841563, 0.000960094330367, 0.000421922042733, 0.00056284875609, -0.000582744018175, 0.000636383658275], [0.000875466037542, 0.00350246485323, -0.000103156089608, 0.00120771909133, -0.00155859929509, 0.00180718791671, -0.00242723640986, 0.00131029216573, -0.00181515084114, 0.00197101873346, -0.00277078268118, 0.00290679302998, -0.00195805425756], [0.000328260153765, -0.000103156089608, 0.00378130492754, -0.00239090411924, 0.000253577250987, -0.00205825618468, 0.00080767396139, -0.000577727914788, -0.000106030704046, -0.00218988908455, 0.00270230253227, -0.00395328644663, 0.00338575337082], [-3.40573024005e-05, 0.00120771909133, -0.00239090411924, 0.00668112840503, -0.00206013745628, 0.0022348985076, -0.000386626314139, -0.000510331825353, -0.00187750533223, 0.00257884571329, -0.00485046627, 0.00532738585025, -0.00456163519993], [0.000404993421398, -0.00155859929509, 0.000253577250987, -0.00206013745628, 0.00568267377093, -0.00116427685134, -0.000601279432885, -0.00196408573538, 0.00206124619581, -0.00209758477286, 0.00243865442462, -0.003214931814, 0.00201144441962], [-0.000572216522414, 0.00180718791671, -0.00205825618468, 0.0022348985076, -0.00116427685134, 0.00905097927898, -0.00419789599255, 0.00255848676898, -1.87558016478e-05, -6.34276439087e-05, -0.00256533990614, 0.00537288747728, -0.00626090588048], [0.000151202330017, -0.00242723640986, 0.00080767396139, -0.000386626314139, -0.000601279432885, -0.00419789599255, 0.0108621260151, -0.00348070287146, 0.00227611418813, -0.00163064000662, 0.00132647866849, -0.00213205325417, 0.00163975404575], [-0.00114802841563, 0.00131029216573, -0.000577727914788, -0.000510331825353, -0.00196408573538, 0.00255848676898, -0.00348070287146, 0.0128470426425, -0.00591017492115, 0.000560387619771, -0.00162077113055, 0.00130434602033, 0.000745039375033], [0.000960094330367, -0.00181515084114, -0.000106030704046, -0.00187750533223, 0.00206124619581, -1.87558016478e-05, 0.00227611418813, -0.00591017492115, 0.0141781717539, -0.00294460146688, 0.00174140615854, 0.000644106301479, -0.000545803457499], [0.000421922042733, 0.00197101873346, -0.00218988908455, 0.00257884571329, -0.00209758477286, -6.34276439087e-05, -0.00163064000662, 0.000560387619771, -0.00294460146688, 0.0148936025798, -0.00299653341062, -0.00026636486291, 0.000368916487787], [0.00056284875609, -0.00277078268118, 0.00270230253227, -0.00485046627, 0.00243865442462, -0.00256533990614, 0.00132647866849, -0.00162077113055, 0.00174140615854, -0.00299653341062, 0.0163764040917, -0.00676264986396, 0.00460667163134], [-0.000582744018175, 0.00290679302998, -0.00395328644663, 0.00532738585025, -0.003214931814, 0.00537288747728, -0.00213205325417, 0.00130434602033, 0.000644106301479, -0.00026636486291, -0.00676264986396, 0.0244870893657, -0.00646005524322], [0.000636383658275, -0.00195805425756, 0.00338575337082, -0.00456163519993, 0.00201144441962, -0.00626090588048, 0.00163975404575, 0.000745039375033, -0.000545803457499, 0.000368916487787, 0.00460667163134, -0.00646005524322, 0.0199903342873]]
    },
    "melbands": {
        "dmean": [0.00127082911786, 0.00144618202467, 0.000488361692987, 0.000862702028826, 0.000220343310502, 0.000114903523354, 0.000123004036141, 0.0001224547741, 7.28060040274e-05, 3.30744442181e-05, 3.39660291502e-05, 2.76960545307e-05, 2.74071626336e-05, 3.76638236048e-05, 3.04311979562e-05, 2.6919071388e-05, 3.49465444742e-05, 3.55402989953e-05, 3.45597545675e-05, 2.85867208731e-05, 2.43176073127e-05, 1.78770114871e-05, 2.15540840145e-05, 2.15228701563e-05, 1.56876722031e-05, 9.9897306427e-06, 9.37909408094e-06, 6.93758966008e-06, 3.92039510189e-06, 3.28138276018e-06, 2.13573844121e-06, 2.44781472247e-06, 2.07309199141e-06, 2.13764019463e-06, 2.063677357e-06, 2.23484471462e-06, 2.40816507358e-06, 2.63619995167e-06, 2.06336858355e-06, 1.08334722881e-06],
        "dmean2": [0.00214225309901, 0.00260427617468, 0.000816376705188, 0.00144110771362, 0.000335965014528, 0.00018949022342, 0.000196784094442, 0.000198518071556, 0.000121769175166, 5.34419814358e-05, 5.48179268662e-05, 4.25140387961e-05, 4.18256531702e-05, 5.9922971559e-05, 4.71580096928e-05, 4.20841497544e-05, 5.58603278478e-05, 5.47080890101e-05, 5.51148659724e-05, 4.38796960225e-05, 3.79789235012e-05, 2.91783835564e-05, 3.46591878042e-05, 3.26317713188e-05, 2.46309264185e-05, 1.57126651175e-05, 1.47332357301e-05, 1.0852700143e-05, 6.33168428976e-06, 5.09397614223e-06, 3.60501940122e-06, 3.81067184207e-06, 3.15108923132e-06, 3.11802386932e-06, 3.08912331093e-06, 3.35417439601e-06, 3.78379218091e-06, 4.04230877393e-06, 3.02237594951e-06, 1.56633416282e-06],
        "dvar": [5.66882818021e-06, 9.15376585908e-06, 5.81166716529e-07, 3.63152776117e-06, 1.54005576292e-07, 5.34174731115e-08, 5.31306802998e-08, 5.99982215022e-08, 3.45124853141e-08, 4.42892122976e-09, 3.59089136204e-09, 3.83949227967e-09, 3.2761393598e-09, 7.37984207078e-09, 3.51967455181e-09, 3.19159720874e-09, 3.1000928491e-09, 3.15478865254e-09, 4.41596847978e-09, 2.92590329742e-09, 2.22004326034e-09, 1.58359569902e-09, 1.40664480064e-09, 3.68527319772e-09, 1.47245926563e-09, 8.20776668853e-10, 7.91665177857e-10, 2.12985948322e-10, 3.49415531231e-11, 6.60454399504e-11, 1.14634465115e-11, 1.73452797264e-11, 1.16000091477e-11, 1.6056315999e-11, 1.89131106609e-11, 1.78310595456e-11, 3.9642001487e-11, 9.55386533774e-11, 2.58994787422e-11, 4.74838180928e-12],
        "dvar2": [1.5089703993e-05, 2.61468030658e-05, 1.59646674547e-06, 9.6132625913e-06, 3.53305892986e-07, 1.43173238598e-07, 1.22533421631e-07, 1.30412672661e-07, 9.06269974621e-08, 1.10612887738e-08, 9.27598975409e-09, 9.60164125985e-09, 5.52932455378e-09, 1.7647266759e-08, 7.65829444305e-09, 6.36795505216e-09, 7.37666994155e-09, 6.95456137123e-09, 1.10707452095e-08, 5.96219074112e-09, 4.77339812122e-09, 3.6361778033e-09, 3.40021699685e-09, 8.58173265783e-09, 3.50984774578e-09, 2.03287009448e-09, 1.89866655731e-09, 5.03919350692e-10, 9.05660685335e-11, 1.52795026631e-10, 3.07423565771e-11, 4.10993773736e-11, 2.4706740126e-11, 3.54537926794e-11, 4.75334008265e-11, 4.08215301839e-11, 1.03311581512e-10, 2.4845148161e-10, 5.27087366808e-11, 9.62707864816e-12],
        "max": [0.0284636393189, 0.0225118082017, 0.00591631699353, 0.0147134121507, 0.00523206032813, 0.002283209702, 0.00349572161213, 0.00405228463933, 0.00311086280271, 0.000903767067939, 0.000741155992728, 0.00125324493274, 0.00122548791114, 0.00153404590674, 0.00119080918375, 0.001063444186, 0.0008494144422, 0.000998409697786, 0.00119192409329, 0.00111691560596, 0.000882163411006, 0.000857161590829, 0.000544757174794, 0.0014750759583, 0.000745769415516, 0.000699869240634, 0.000444803503342, 0.000225971569307, 8.10209239717e-05, 0.0001740771404, 5.69395997445e-05, 6.50108777336e-05, 5.31905243406e-05, 6.48588611512e-05, 8.0325640738e-05, 5.40668770554e-05, 0.00013274003868, 0.000263755355263, 0.000102358906588, 3.18062047882e-05],
        "mean": [0.00165994756389, 0.00171722576488, 0.000724597135559, 0.000920575053897, 0.000342970975908, 0.000177536494448, 0.000221297639655, 0.000192585386685, 9.46834625211e-05, 5.07847580593e-05, 4.89206322527e-05, 4.42512973677e-05, 5.03539558849e-05, 7.24520941731e-05, 6.05049208389e-05, 4.61553827336e-05, 5.79989027756e-05, 5.89835326537e-05, 6.32984592812e-05, 5.43913010915e-05, 4.38167335233e-05, 3.1744781154e-05, 3.626562102e-05, 3.66852254956e-05, 2.7365898859e-05, 1.73052885657e-05, 1.48678755068e-05, 1.19424967124e-05, 7.95382857177e-06, 6.47190154268e-06, 4.10321626987e-06, 4.80927792523e-06, 4.45775231128e-06, 4.35303718405e-06, 3.93852087655e-06, 4.13295629187e-06, 3.96306995754e-06, 4.31987609772e-06, 3.82461394111e-06, 1.94990161617e-06],
        "median": [0.00101080851164, 0.00106209528167, 0.000506541400682, 0.000448711070931, 0.000198869864107, 0.000109124783194, 0.000125047226902, 6.48180866847e-05, 4.40378498752e-05, 3.1728133763e-05, 2.73831210507e-05, 1.98546986212e-05, 1.80962106242e-05, 3.12282281811e-05, 3.20158142131e-05, 2.40867011598e-05, 3.35040713253e-05, 3.55694064638e-05, 3.94914168282e-05, 2.69681822829e-05, 2.43933645834e-05, 2.02777828235e-05, 2.05058804568e-05, 1.43398337968e-05, 1.14313115773e-05, 7.79813308327e-06, 5.75071544517e-06, 4.8354440878e-06, 5.06706055603e-06, 3.159791504e-06, 2.32071943174e-06, 2.51984670285e-06, 2.17997990148e-06, 1.85410715403e-06, 1.699682457e-06, 1.57937790846e-06, 1.23241693473e-06, 1.47794469285e-06, 1.52249276653e-06, 8.06247214769e-07],
        "min": [1.79634957931e-06, 1.27946066186e-06, 1.75939057954e-05, 1.99608912226e-05, 5.77254195377e-06, 1.67074676938e-06, 4.06324443247e-06, 2.27753207582e-06, 4.64737297534e-07, 4.11654980326e-07, 1.50489839257e-07, 1.54043178213e-07, 1.95446204998e-07, 2.32111517562e-07, 7.67912354149e-07, 3.73469589476e-07, 3.66150175068e-07, 7.48291768105e-07, 1.53880648668e-06, 1.06847983261e-06, 1.0493828313e-06, 6.06885123489e-07, 3.59213714773e-07, 3.32924599888e-07, 3.85239303569e-07, 2.83803785806e-07, 1.6625456567e-07, 1.7961257015e-07, 2.48084035093e-07, 9.284850222e-08, 2.8324904644e-09, 8.5822740914e-08, 1.73575713802e-08, 1.11535864988e-08, 5.32092059302e-09, 4.52336212931e-09, 4.38327624197e-10, 1.76239811633e-09, 1.3413961053e-09, 4.49149356596e-10],
