{
"highlevel": {
    "danceability": {
        "all": {
            "danceable": 0.991035044193,
            "not_danceable": 0.00896494928747
        },
        "probability": 0.991035044193,
        "value": "danceable"
    },
    "gender": {
        "all": {
            "female": 0.392050147057,
            "male": 0.607949852943
        },
        "probability": 0.607949852943,
        "value": "male"
    },
    "genre_dortmund": {
        "all": {
            "alternative": 0.0571067035198,
            "blues": 0.188202321529,
            "electronic": 0.00602260883898,
            "folkcountry": 0.0401456207037,
            "funksoulrnb": 0.0527767762542,
            "jazz": 0.562888085842,
            "pop": 0.0379115082324,
            "raphiphop": 0.00403897464275,
            "rock": 0.0509074144065
        },
        "probability": 0.562888085842,
        "value": "jazz"
    },
    "genre_electronic": {
        "all": {
            "ambient": 0.881771862507,
            "dnb": 0.0585318692029,
            "house": 0.0311698019505,
            "techno": 0.00301918480545,
            "trance": 0.0255072992295
        },
        "probability": 0.881771862507,
        "value": "ambient"
    },
    "genre_rosamerica": {
        "all": {
            "cla": 0.0272380057722,
            "dan": 0.0245199948549,
            "hip": 0.0323203019798,
            "jaz": 0.713647186756,
            "pop": 0.0968323871493,
            "rhy": 0.0777689442039,
            "roc": 0.0220981296152,
            "spe": 0.00557502033189
        },
        "probability": 0.713647186756,
        "value": "jaz"
    },
    "genre_tzanetakis": {
        "all": {
            "blu": 0.0620671063662,
            "cla": 0.034474901855,
            "cou": 0.103433981538,
            "dis": 0.0620971247554,
            "hip": 0.15527240932,
            "jaz": 0.310666948557,
            "met": 0.044346679002,
            "pop": 0.0620793737471,
            "reg": 0.0620816536248,
            "roc": 0.103479810059
        },
        "probability": 0.310666948557,
        "value": "jaz"
    },
    "ismir04_rhythm": {
        "all": {
            "ChaChaCha": 0.196614891291,
            "Jive": 0.0142171150073,
            "Quickstep": 0.153915151954,
            "Rumba-American": 0.126777738333,
            "Rumba-International": 0.0356412082911,
            "Rumba-Misc": 0.00708777736872,
            "Samba": 0.187055021524,
            "Tango": 0.253823578358,
            "VienneseWaltz": 0.0125531665981,
            "Waltz": 0.0123143475503
        },
        "probability": 0.253823578358,
        "value": "Tango"
    },
    "mood_acoustic": {
        "all": {
            "acoustic": 0.808084666729,
            "not_acoustic": 0.191915303469
        },
        "probability": 0.808084666729,
        "value": "acoustic"
    },
    "mood_aggressive": {
        "all": {
            "aggressive": 0.00476158922538,
            "not_aggressive": 0.995238423347
        },
        "probability": 0.995238423347,
        "value": "not_aggressive"
    },
    "mood_electronic": {
        "all": {
            "electronic": 0.121271803975,
            "not_electronic": 0.878728210926
        },
        "probability": 0.878728210926,
        "value": "not_electronic"
    },
    "mood_happy": {
        "all": {
            "happy": 0.416393071413,
            "not_happy": 0.583606958389
        },
        "probability": 0.583606958389,
        "value": "not_happy"
    },
    "mood_party": {
        "all": {
            "not_party": 0.940875530243,
            "party": 0.0591244846582
        },
        "probability": 0.940875530243,
        "value": "not_party"
    },
    "mood_relaxed": {
        "all": {
            "not_relaxed": 0.887766063213,
            "relaxed": 0.112233921885
        },
        "probability": 0.887766063213,
        "value": "not_relaxed"
    },
    "mood_sad": {
        "all": {
            "not_sad": 0.240150183439,
            "sad": 0.759849786758
        },
        "probability": 0.759849786758,
        "value": "sad"
    },
    "moods_mirex": {
        "all": {
            "Cluster1": 0.0985871329904,
            "Cluster2": 0.289584726095,
            "Cluster3": 0.308894097805,
            "Cluster4": 0.261630833149,
            "Cluster5": 0.0413032211363
        },
        "probability": 0.308894097805,
        "value": "Cluster3"
    },
    "timbre": {
        "all": {
            "bright": 0.97934871912,
            "dark": 0.0206512529403
        },
        "probability": 0.97934871912,
        "value": "bright"
    },
    "tonal_atonal": {
        "all": {
            "atonal": 0.0212902911007,
            "tonal": 0.978709697723
        },
        "probability": 0.978709697723,
        "value": "tonal"
    },
    "voice_instrumental": {
        "all": {
            "instrumental": 0.9088306427,
            "voice": 0.091169372201
        },
        "probability": 0.9088306427,
        "value": "instrumental"
    }
},
"lowlevel": {
    "average_loudness": 0.950023770332,
    "barkbands_crest": {
        "dmean": 2.42184376717,
        "dmean2": 3.72672772408,
        "dvar": 6.24267482758,
        "dvar2": 14.0144376755,
        "max": 25.3473548889,
        "mean": 10.9947881699,
        "median": 10.1284513474,
        "min": 2.34237504005,
        "var": 17.9981803894
    },
    "barkbands_flatness_db": {
        "dmean": 0.0247463136911,
        "dmean2": 0.0378164201975,
        "dvar": 0.000611138879322,
        "dvar2": 0.00135045801289,
        "max": 0.332159399986,
        "mean": 0.160841450095,
        "median": 0.159872695804,
        "min": 0.056337300688,
        "var": 0.00232120160945
    },
    "barkbands_kurtosis": {
        "dmean": 2.36680030823,
        "dmean2": 3.77862787247,
        "dvar": 26.4318218231,
        "dvar2": 63.326133728,
        "max": 61.7303695679,
        "mean": 2.10082650185,
        "median": 0.0352618694305,
        "min": -1.76817858219,
        "var": 40.625328064
    },
    "barkbands_skewness": {
        "dmean": 0.581647694111,
        "dmean2": 0.858668506145,
        "dvar": 0.490377932787,
        "dvar2": 1.05368423462,
        "max": 7.52722597122,
        "mean": 0.913810908794,
        "median": 0.685566842556,
        "min": -2.9035680294,
        "var": 1.69367659092
    },
    "barkbands_spread": {
        "dmean": 8.52105331421,
        "dmean2": 13.3846673965,
        "dvar": 118.920097351,
        "dvar2": 306.341583252,
        "max": 106.873420715,
        "mean": 29.2890872955,
        "median": 27.2411441803,
        "min": 2.92395925522,
        "var": 236.870605469
    },
    "dissonance": {
        "dmean": 0.0258647277951,
        "dmean2": 0.0435089059174,
        "dvar": 0.000609241658822,
        "dvar2": 0.0015969609376,
        "max": 0.49958768487,
        "mean": 0.44970703125,
        "median": 0.458470195532,
        "min": 0.27065679431,
        "var": 0.00120812479872
    },
    "dynamic_complexity": 2.9491508007,
    "erbbands_crest": {
        "dmean": 2.9519841671,
        "dmean2": 4.56178617477,
        "dvar": 7.97608995438,
        "dvar2": 18.4040546417,
        "max": 30.8962306976,
        "mean": 11.8107557297,
        "median": 10.9126091003,
        "min": 2.82950973511,
        "var": 28.205488205
    },
    "erbbands_flatness_db": {
        "dmean": 0.027016568929,
        "dmean2": 0.0404379628599,
        "dvar": 0.0006919594598,
        "dvar2": 0.00150386197492,
        "max": 0.324584275484,
        "mean": 0.171888187528,
        "median": 0.170382261276,
        "min": 0.0480917319655,
        "var": 0.00330596463755
    },
    "erbbands_kurtosis": {
        "dmean": 1.15295982361,
        "dmean2": 1.81814420223,
        "dvar": 2.90812897682,
        "dvar2": 7.12193775177,
        "max": 20.1059246063,
        "mean": 0.930725514889,
        "median": 0.291841983795,
        "min": -1.6040391922,
        "var": 5.59534740448
    },
    "erbbands_skewness": {
        "dmean": 0.3919056952,
        "dmean2": 0.579393625259,
        "dvar": 0.161633878946,
        "dvar2": 0.372237563133,
        "max": 3.75293755531,
        "mean": 0.0771496519446,
        "median": 0.152280390263,
        "min": -3.29293084145,
        "var": 0.62752199173
    },
    "erbbands_spread": {
        "dmean": 9.659532547,
        "dmean2": 14.8416376114,
        "dvar": 143.447998047,
        "dvar2": 319.265411377,
        "max": 134.712631226,
        "mean": 35.4460754395,
        "median": 28.1054668427,
        "min": 4.53990936279,
        "var": 513.413635254
    },
    "hfc": {
        "dmean": 6.62391090393,
        "dmean2": 9.6939458847,
        "dvar": 52.5317382812,
        "dvar2": 102.800056458,
        "max": 107.242019653,
        "mean": 21.9079093933,
        "median": 17.3364830017,
        "min": 0.203479751945,
        "var": 353.923522949
    },
    "melbands_crest": {
        "dmean": 2.73180651665,
        "dmean2": 4.26367235184,
        "dvar": 8.16477489471,
        "dvar2": 18.2086811066,
        "max": 30.8055763245,
        "mean": 14.2772426605,
        "median": 13.4231081009,
        "min": 3.21318459511,
        "var": 22.8543243408
    },
    "melbands_flatness_db": {
        "dmean": 0.0297924783081,
        "dmean2": 0.0444363430142,
        "dvar": 0.00104826735333,
        "dvar2": 0.0021858275868,
        "max": 0.439265787601,
        "mean": 0.194349810481,
        "median": 0.191555067897,
        "min": 0.0315341837704,
        "var": 0.00408096797764
    },
    "melbands_kurtosis": {
        "dmean": 6.89301252365,
        "dmean2": 10.5228233337,
        "dvar": 229.369659424,
        "dvar2": 521.816040039,
        "max": 179.523361206,
        "mean": 10.5677347183,
        "median": 3.01656961441,
        "min": -1.80411291122,
        "var": 456.392303467
    },
    "melbands_skewness": {
        "dmean": 0.777926206589,
        "dmean2": 1.11399555206,
        "dvar": 1.02229142189,
        "dvar2": 1.98782157898,
        "max": 11.5903310776,
        "mean": 2.10514616966,
        "median": 1.60644543171,
        "min": -0.848665356636,
        "var": 4.00634002686
    },
    "melbands_spread": {
        "dmean": 9.61092567444,
        "dmean2": 14.3762540817,
        "dvar": 169.808853149,
        "dvar2": 367.978881836,
        "max": 207.915100098,
        "mean": 34.3861961365,
        "median": 32.76222229,
        "min": 1.90249300003,
        "var": 441.178955078
    },
    "pitch_salience": {
        "dmean": 0.0621473044157,
        "dmean2": 0.0942955240607,
        "dvar": 0.0039245467633,
        "dvar2": 0.00928773824126,
        "max": 0.78563439846,
        "mean": 0.448484629393,
        "median": 0.44520381093,
        "min": 0.105879195035,
        "var": 0.0118591655046
    },
    "silence_rate_20dB": {
        "dmean": 0,
        "dmean2": 0,
        "dvar": 0,
        "dvar2": 0,
        "max": 1,
        "mean": 1,
        "median": 1,
        "min": 1,
        "var": 0
    },
    "silence_rate_30dB": {
        "dmean": 0,
        "dmean2": 0,
        "dvar": 0,
        "dvar2": 0,
        "max": 1,
        "mean": 1,
        "median": 1,
        "min": 1,
        "var": 0
    },
    "silence_rate_60dB": {
        "dmean": 0.0363777093589,
        "dmean2": 0.0728117749095,
        "dvar": 0.0350546650589,
        "dvar2": 0.0737076848745,
        "max": 1,
        "mean": 0.0556844547391,
        "median": 0,
        "min": 0,
        "var": 0.0525832511485
    },
    "spectral_centroid": {
        "dmean": 284.672332764,
        "dmean2": 426.423309326,
        "dvar": 117724.210938,
        "dvar2": 259218.4375,
        "max": 4756.74414062,
        "mean": 1663.84460449,
        "median": 1677.79260254,
        "min": 290.096618652,
        "var": 339295.78125
    },
    "spectral_complexity": {
        "dmean": 2.45665645599,
        "dmean2": 3.58714175224,
        "dvar": 6.37818384171,
        "dvar2": 13.5437145233,
        "max": 34,
        "mean": 12.204949379,
        "median": 12,
        "min": 0,
        "var": 30.6811561584
    },
    "spectral_decrease": {
        "dmean": 1.36139277629e-09,
        "dmean2": 1.84782134038e-09,
        "dvar": 3.12633346784e-18,
        "dvar2": 6.70599334423e-18,
        "max": -1.79791927873e-11,
        "mean": -4.54455095777e-09,
        "median": -4.02068689453e-09,
        "min": -1.73240266577e-08,
        "var": 9.11764958706e-18
    },
    "spectral_energy": {
        "dmean": 0.00557392137125,
        "dmean2": 0.00754407746717,
        "dvar": 4.8278394388e-05,
        "dvar2": 0.000101948207885,
        "max": 0.0691666007042,
        "mean": 0.0191393010318,
        "median": 0.0169506333768,
        "min": 8.90780720511e-05,
        "var": 0.000159513831022
    },
    "spectral_energyband_high": {
        "dmean": 0.000362869497621,
        "dmean2": 0.000617126584984,
        "dvar": 2.61502322019e-07,
        "dvar2": 6.52597918815e-07,
        "max": 0.00665900902823,
        "mean": 0.000664855935611,
        "median": 0.000278082181467,
        "min": 2.21658751798e-06,
        "var": 8.5798234295e-07
    },
    "spectral_energyband_low": {
        "dmean": 0.00231819762848,
        "dmean2": 0.00347813102417,
        "dvar": 1.96710843738e-05,
        "dvar2": 4.71028215543e-05,
        "max": 0.0357346348464,
        "mean": 0.00555737409741,
        "median": 0.00403554691002,
        "min": 4.34801904703e-06,
        "var": 3.08352500724e-05
    },
    "spectral_energyband_middle_high": {
        "dmean": 0.00217197486199,
        "dmean2": 0.00284383282997,
        "dvar": 8.33258764033e-06,
        "dvar2": 1.41687351061e-05,
        "max": 0.0364805981517,
        "mean": 0.00720894150436,
        "median": 0.00411927839741,
        "min": 2.57394676737e-05,
        "var": 5.88085604249e-05
    },
    "spectral_energyband_middle_low": {
        "dmean": 0.00254737818614,
        "dmean2": 0.00358201004565,
        "dvar": 1.78455720743e-05,
        "dvar2": 3.9358932554e-05,
        "max": 0.0497628599405,
        "mean": 0.00592547981068,
        "median": 0.00411882810295,
        "min": 2.59307344095e-05,
        "var": 3.6693229049e-05
    },
    "spectral_entropy": {
        "dmean": 0.310108929873,
        "dmean2": 0.4534753263,
        "dvar": 0.0985382571816,
        "dvar2": 0.212615802884,
        "max": 8.5969247818,
        "mean": 7.25099563599,
        "median": 7.23055505753,
        "min": 5.79426336288,
        "var": 0.31412935257
    },
    "spectral_flux": {
        "dmean": 0.0242364611477,
        "dmean2": 0.0369820334017,
        "dvar": 0.000657461583614,
        "dvar2": 0.00147719425149,
        "max": 0.229145869613,
        "mean": 0.0624091625214,
        "median": 0.0526197813451,
        "min": 0.00460719503462,
        "var": 0.0013173193438
    },
    "spectral_kurtosis": {
        "dmean": 1.99032151699,
        "dmean2": 3.15581560135,
        "dvar": 4.09282922745,
        "dvar2": 10.1221675873,
        "max": 23.0279521942,
        "mean": 5.08582735062,
        "median": 4.6078338623,
        "min": -1.01643395424,
        "var": 12.5465049744
    },
    "spectral_rms": {
        "dmean": 0.000636234006379,
        "dmean2": 0.000832977180835,
        "dvar": 5.26761027686e-07,
        "dvar2": 9.87810381048e-07,
        "max": 0.00821459759027,
        "mean": 0.00405919505283,
        "median": 0.00406659627333,
        "min": 0.000294797267998,
        "var": 2.19542107516e-06
    },
    "spectral_rolloff": {
        "dmean": 788.430114746,
        "dmean2": 1345.71716309,
        "dvar": 2209414.75,
        "dvar2": 5356053.5,
        "max": 10594.3359375,
        "mean": 2168.48925781,
        "median": 1744.18945312,
        "min": 86.1328125,
        "var": 3292819.25
    },
    "spectral_skewness": {
        "dmean": 0.266833752394,
        "dmean2": 0.419210493565,
        "dvar": 0.0637756958604,
        "dvar2": 0.145967006683,
        "max": 3.46181344986,
        "mean": 1.72908997536,
        "median": 1.75302350521,
        "min": 0.0906923264265,
        "var": 0.235743045807
    },
    "spectral_spread": {
        "dmean": 1117350,
        "dmean2": 1771933.25,
        "dvar": 1.58631775437e+12,
        "dvar2": 3.81130139238e+12,
        "max": 14399999,
        "mean": 5214259,
        "median": 4680851.5,
        "min": 2155120.25,
        "var": 4.04834169651e+12
    },
    "spectral_strongpeak": {
        "dmean": 0.913533329964,
        "dmean2": 1.49419081211,
        "dvar": 2.80325508118,
        "dvar2": 6.37109661102,
        "max": 14.8344984055,
        "mean": 1.74822902679,
        "median": 0.44213566184,
        "min": 0,
        "var": 6.2583489418
    },
    "zerocrossingrate": {
        "dmean": 0.0147334709764,
        "dmean2": 0.0176144335419,
        "dvar": 0.000281747226836,
        "dvar2": 0.000367887114407,
        "max": 0.3193359375,
        "mean": 0.080364368856,
        "median": 0.07373046875,
        "min": 0.005859375,
        "var": 0.00167588295881
    },
    "barkbands": {
        "dmean": [8.78616046975e-05, 0.00178258516826, 0.000498521141708, 0.000161006435519, 0.00132789090276, 0.000301374820992, 0.000175628898432, 0.000604939938057, 0.000725025893189, 0.000212776954868, 0.000171991123352, 0.000322196428897, 0.000912145653274, 0.000359546509571, 0.000221277703531, 0.000141873126267, 0.000622173130978, 0.000376401236281, 0.00013003773347, 5.60617954761e-05, 5.2727828006e-05, 4.41449810751e-05, 7.42497941246e-05, 9.83174104476e-05, 8.82378517417e-05, 6.84187034494e-05, 8.26836732415e-09],
        "dmean2": [0.000154680048581, 0.00275751156732, 0.000739798706491, 0.000261011300609, 0.00180594681296, 0.000500617083162, 0.000292760232696, 0.000947433582041, 0.00101593288127, 0.000278022518614, 0.000249724835157, 0.000459361093817, 0.00130853219889, 0.000529054086655, 0.000334137090249, 0.000210958198295, 0.000848822412081, 0.000584226916544, 0.000203987103305, 9.207612311e-05, 8.85119079612e-05, 7.33132910682e-05, 0.000118039839435, 0.00016407170915, 0.000151071188156, 0.000121725730423, 1.55406034708e-08],
        "dvar": [5.33263033731e-08, 1.37483093567e-05, 1.22811695746e-06, 2.05274986342e-07, 1.0896985259e-05, 3.25946302837e-07, 2.08328572171e-07, 2.88250475933e-06, 2.37753511101e-06, 2.64152049567e-07, 1.88471929619e-07, 1.14816589303e-06, 3.78897675546e-06, 9.34679349029e-07, 2.47383781016e-07, 1.14074524049e-07, 1.27814666939e-06, 1.38473410516e-06, 7.29279960865e-08, 7.24940285579e-09, 6.78205536175e-09, 4.50959447562e-09, 1.1373546549e-08, 3.31516005758e-08, 1.64623585874e-08, 1.75074035269e-08, 4.98504723964e-15],
        "dvar2": [1.47415960328e-07, 3.39430480381e-05, 2.60644901573e-06, 4.6794013997e-07, 2.42720434471e-05, 8.03166187779e-07, 5.16790976235e-07, 6.27341842119e-06, 4.91838181915e-06, 3.982699468e-07, 3.81720980158e-07, 2.35411630456e-06, 7.59176009524e-06, 2.03145054911e-06, 5.44390957202e-07, 2.31742490087e-07, 2.12505733543e-06, 3.2352411381e-06, 1.74845681045e-07, 1.82425772266e-08, 1.78726438094e-08, 1.16233884739e-08, 2.6566659983e-08, 8.30056450241e-08, 4.11576941417e-08, 4.76689585582e-08, 1.39357511194e-14],
        "max": [0.00293653970584, 0.0332866124809, 0.0139768067747, 0.008345708251, 0.0453225448728, 0.00545729836449, 0.00619063619524, 0.0249657817185, 0.0222739391029, 0.0116773303598, 0.0067552709952, 0.0223168842494, 0.0287240836769, 0.0177352819592, 0.00714826956391, 0.00647842278704, 0.0198808945715, 0.0205155741423, 0.00455532548949, 0.00106605584733, 0.000658810720779, 0.000811952340882, 0.00160935299937, 0.00277072913013, 0.00197954592295, 0.00179878051858, 1.40958582051e-06],
        "mean": [7.74705549702e-05, 0.0041577918455, 0.00122168741655, 0.000189327314729, 0.00199281820096, 0.000425614009146, 0.00021952528914, 0.00107516651042, 0.00175896822475, 0.000482168252347, 0.000281294691376, 0.000652719289064, 0.002338538412, 0.000571031763684, 0.00038216408575, 0.00025789742358, 0.00132094533183, 0.000783445371781, 0.000217356282519, 9.62064805208e-05, 7.28293816792e-05, 6.59823272144e-05, 0.000145113139297, 0.000147527171066, 0.000124947386212, 8.07702526799e-05, 6.10045525207e-09],
        "median": [1.5058981262e-05, 0.00280841370113, 0.00060323002981, 6.34678144706e-05, 0.000290797761409, 0.000217588021769, 8.08811091702e-05, 0.000158274720889, 0.000448464008514, 7.71737613832e-05, 9.83078571153e-05, 7.41634212318e-05, 0.000294834084343, 6.55731200823e-05, 8.70068033691e-05, 8.13372898847e-05, 0.000385050283512, 0.000119542688481, 8.69955183589e-05, 4.9333248171e-05, 2.08315923373e-05, 2.5275930966e-05, 7.77220193413e-05, 4.6873024985e-05, 3.19616046909e-05, 1.16115552373e-05, 2.93294305509e-10],
        "min": [8.44623073704e-08, 8.69511040946e-07, 9.68848468119e-08, 7.90278331664e-09, 1.12987243028e-06, 1.35398738621e-06, 2.58339866832e-07, 6.00412448648e-08, 6.73749582347e-07, 1.81228912766e-07, 2.63370253606e-07, 6.57687110106e-07, 2.7602104069e-07, 2.25503825391e-07, 8.30333704016e-07, 2.70750916798e-07, 6.20361277015e-07, 2.79759916566e-07, 7.09574010216e-07, 1.92622636064e-07, 8.98467433785e-08, 2.99921083524e-07, 3.37440468456e-07, 5.32733679393e-08, 2.41918467481e-08, 1.71640590629e-10, 6.23636385588e-12],
        "var": [4.01744770784e-08, 2.08636793104e-05, 3.00612873616e-06, 2.30662436707e-07, 1.82653529919e-05, 3.89995960859e-07, 2.34472139482e-07, 5.84194322073e-06, 6.98374469721e-06, 1.27503415115e-06, 3.62667037734e-07, 3.59793170901e-06, 1.79394282895e-05, 2.33150763052e-06, 5.53790471258e-07, 3.61159067097e-07, 4.75067372463e-06, 5.77086075282e-06, 1.6777123335e-07, 1.61324411607e-08, 1.17786180809e-08, 1.05739230705e-08, 3.83381717484e-08, 6.51183995615e-08, 4.38494893729e-08, 3.45780080124e-08, 3.69636453742e-15]
    },
    "erbbands": {
        "dmean": [0.0521404333413, 0.39679607749, 0.643204331398, 0.562492668629, 1.39638805389, 5.30870103836, 5.25730991364, 2.19080400467, 1.70663154125, 5.6897482872, 15.378619194, 18.9666957855, 8.61716365814, 4.61727809906, 8.48627758026, 18.8396892548, 39.4464797974, 19.8444213867, 15.2247180939, 9.7948179245, 7.25046730042, 27.6412982941, 27.3693885803, 9.3150434494, 2.76083374023, 2.77764558792, 2.12869906425, 1.9553706646, 1.56471276283, 1.85307002068, 2.44187450409, 1.72702014446, 1.85514736176, 1.12201118469, 0.585421204567, 0.312657773495, 0.14068184793, 0.0162995569408, 0.000275440048426, 1.60144591064e-05],
        "dmean2": [0.0873354077339, 0.595474541187, 0.929974198341, 0.864596009254, 1.92433726788, 7.59481573105, 7.56855583191, 3.60469555855, 2.867146492, 9.44711685181, 23.1389160156, 26.4223251343, 11.3311595917, 6.2996339798, 11.922044754, 25.6562614441, 55.8699531555, 29.0380153656, 21.9530334473, 14.202299118, 10.5229940414, 37.9908332825, 39.1964454651, 14.3859415054, 4.39876747131, 4.53042268753, 3.54136514664, 3.33732748032, 2.62303638458, 2.98523187637, 3.83175778389, 2.8448870182, 3.14070367813, 1.92736887932, 1.02087700367, 0.550556659698, 0.246304228902, 0.0290922578424, 0.00048930227058, 2.59997668763e-05],
        "dvar": [0.0151481581852, 0.657371282578, 1.91051089764, 2.23689007759, 13.4093561172, 208.567306519, 170.997955322, 17.7220458984, 16.1569747925, 296.782043457, 1913.28039551, 1562.82263184, 460.871124268, 72.8622055054, 458.764129639, 2855.67724609, 8038.67431641, 2372.21630859, 1130.54431152, 513.070861816, 239.669143677, 2314.54199219, 4517.90820312, 396.810302734, 18.5329341888, 17.3279705048, 11.1001501083, 11.0742273331, 5.34479141235, 6.46744394302, 13.7336187363, 9.68993854523, 11.8557872772, 2.94639730453, 0.777514874935, 0.278695583344, 0.0812221094966, 0.002347324742, 5.86033138461e-07, 7.43894223998e-10],
        "dvar2": [0.0401315651834, 1.56129896641, 4.18346214294, 4.80298614502, 24.9071540833, 496.261077881, 372.247833252, 44.7305603027, 42.1942520142, 777.441772461, 3998.25244141, 3177.30834961, 734.161193848, 128.932647705, 957.924255371, 5761.28076172, 15742.8720703, 5063.76416016, 2364.30175781, 1123.32702637, 484.532684326, 4070.95556641, 10472.8242188, 915.4296875, 46.3994598389, 43.8100509644, 28.4036560059, 29.3559341431, 13.7576713562, 15.7207708359, 32.8992042542, 24.0985221863, 29.9365406036, 7.38576936722, 1.96292090416, 0.722771883011, 0.2212677598, 0.00661104079336, 1.65216476944e-06, 2.05216466043e-09],
        "max": [1.08603334427, 7.76698923111, 18.2780380249, 27.6893157959, 53.8061294556, 193.764938354, 155.483795166, 44.4798431396, 52.5216331482, 227.063491821, 700.276733398, 538.362976074, 471.327484131, 126.311515808, 329.55090332, 1134.72033691, 1344.1763916, 1042.94799805, 430.551452637, 329.273345947, 392.292480469, 743.115478516, 1293.21948242, 399.840209961, 54.9722976685, 44.3991966248, 37.7215995789, 40.1500015259, 22.4583778381, 35.0985107422, 56.7608146667, 39.8737373352, 49.6830863953, 23.2375946045, 10.364112854, 7.39194536209, 4.80644416809, 0.957311034203, 0.0151138417423, 0.00049576087622],
        "mean": [0.0950094312429, 1.00005924702, 1.72974288464, 0.953278243542, 2.3454079628, 7.34998846054, 7.76486682892, 3.20221233368, 2.20695924759, 8.25570392609, 30.7979660034, 47.6731681824, 20.491355896, 10.2586526871, 15.428483963, 43.0155563354, 107.055358887, 42.1225395203, 25.3006381989, 18.1123371124, 15.6240653992, 62.1443519592, 66.5457382202, 19.7552032471, 5.39957475662, 4.75204849243, 2.89817476273, 2.63208198547, 2.37748551369, 3.34014964104, 4.48399305344, 2.61149096489, 2.7034637928, 1.63462913036, 0.743916749954, 0.368842571974, 0.152169853449, 0.0160154197365, 0.000294911238598, 3.73608309019e-05],
        "median": [0.0381921716034, 0.720149278641, 1.08487081528, 0.428828656673, 0.378657609224, 0.969892203808, 1.92766571045, 1.51423192024, 0.973497390747, 2.72866892815, 9.90856742859, 15.7999010086, 5.52569437027, 3.45486736298, 6.92889451981, 11.0084009171, 19.0810527802, 7.72208023071, 4.87315320969, 5.30689477921, 5.93655776978, 17.6824417114, 13.4740209579, 7.82440280914, 2.917937994, 2.61703157425, 1.10792136192, 0.894571423531, 0.991197407246, 1.82767629623, 2.12970709801, 1.04309391975, 0.753004312515, 0.385936528444, 0.188827842474, 0.0721036791801, 0.0180817078799, 0.00164018222131, 4.71653111163e-05, 2.9309610909e-05],
        "min": [4.07890838687e-05, 9.18956429814e-05, 0.000304927292746, 0.000272850942565, 0.00134505087044, 0.00267780409195, 0.0143795618787, 0.0196636486799, 0.005144901108, 0.00643808254972, 0.00458756275475, 0.0174474250525, 0.0156565383077, 0.0128031512722, 0.0139504745603, 0.041640162468, 0.03391174227, 0.00774362729862, 0.0230209734291, 0.0583226680756, 0.0262771379203, 0.038504537195, 0.0391092970967, 0.0521890483797, 0.0285688322037, 0.0163946580142, 0.0112113514915, 0.00343282637186, 0.014196338132, 0.00759083265439, 0.0104203494266, 0.00230392883532, 0.000374672323233, 0.000259348918917, 0.000142034172313, 2.08222536457e-05, 2.73724367617e-06, 3.25236982235e-07, 1.68889030761e-07, 1.93612578414e-07],
        "var": [0.020061807707, 1.13018226624, 4.28908348083, 3.15119051933, 34.8432502747, 295.178741455, 275.211395264, 21.998550415, 14.810128212, 334.933563232, 4044.31176758, 4868.8359375, 2051.50170898, 323.306274414, 898.118347168, 9204.94433594, 40713.3164062, 8407.65332031, 2362.2644043, 1227.70605469, 774.654663086, 9120.17285156, 22520.1640625, 1548.14404297, 48.1933479309, 33.7460365295, 19.6862411499, 15.6065416336, 11.1057882309, 20.2109241486, 45.6199836731, 18.2824554443, 23.2612800598, 7.67324066162, 1.61133658886, 0.604431927204, 0.144850090146, 0.00243788561784, 6.64741378387e-07, 1.51591594832e-09]
    },
    "gfcc": {
        "mean": [-12.7472658157, 66.9088363647, -121.042778015, 26.315536499, -50.3529396057, 30.329624176, -40.5110054016, 24.8567619324, -19.2956085205, 0.853046774864, -11.4357557297, 5.28342819214, -19.8366909027],
        "cov": [[3261.35668945, -811.054504395, 82.9938812256, -329.876586914, 67.5250396729, 13.8760948181, -90.4712982178, 73.9050979614, -277.364105225, 77.015625, -281.421936035, 13.0816049576, -294.058532715], [-811.054504395, 1309.15136719, -138.293869019, 137.606491089, 336.323120117, -60.1493682861, 138.80897522, -6.83011722565, 235.158737183, -159.923400879, 222.370666504, 29.0200309753, 64.0111312866], [82.9938812256, -138.293869019, 977.820129395, 299.728088379, -118.819259644, 130.227035522, 55.6887016296, -52.322971344, -98.0586929321, 136.919799805, -135.549743652, 11.8186855316, 117.857269287], [-329.876586914, 137.606491089, 299.728088379, 439.79284668, 129.546340942, 77.975944519, 19.9935207367, -49.3745803833, 71.314994812, 48.0657577515, 5.51597690582, -39.8344421387, 109.599708557], [67.5250396729, 336.323120117, -118.819259644, 129.546340942, 469.484954834, 35.8656005859, 7.19237470627, 63.1370582581, 102.166786194, -5.51078701019, 77.1482086182, 4.42188405991, -37.4401702881], [13.8760948181, -60.1493682861, 130.227035522, 77.975944519, 35.8656005859, 245.947616577, 140.919189453, 51.9116668701, 30.5246772766, 57.8389358521, 42.2598495483, -13.9621963501, -26.6841430664], [-90.4712982178, 138.80897522, 55.6887016296, 19.9935207367, 7.19237470627, 140.919189453, 310.801818848, 129.261489868, 66.9634017944, 22.0543193817, 72.1421051025, 11.9933376312, -60.5944442749], [73.9050979614, -6.83011722565, -52.322971344, -49.3745803833, 63.1370582581, 51.9116668701, 129.261489868, 188.102096558, 55.3153839111, 23.0901508331, 38.157081604, 18.8719272614, -57.392742157], [-277.364105225, 235.158737183, -98.0586929321, 71.314994812, 102.166786194, 30.5246772766, 66.9634017944, 55.3153839111, 194.537857056, 28.2407474518, 74.6551589966, 11.148314476, 6.1094326973], [77.015625, -159.923400879, 136.919799805, 48.0657577515, -5.51078701019, 57.8389358521, 22.0543193817, 23.0901508331, 28.2407474518, 164.124221802, 0.602109134197, 6.80840015411, 4.91585445404], [-281.421936035, 222.370666504, -135.549743652, 5.51597690582, 77.1482086182, 42.2598495483, 72.1421051025, 38.157081604, 74.6551589966, 0.602109134197, 173.053329468, 42.6220245361, -8.53989315033], [13.0816049576, 29.0200309753, 11.8186855316, -39.8344421387, 4.42188405991, -13.9621963501, 11.9933376312, 18.8719272614, 11.148314476, 6.80840015411, 42.6220245361, 121.557228088, 16.8774051666], [-294.058532715, 64.0111312866, 117.857269287, 109.599708557, -37.4401702881, -26.6841430664, -60.5944442749, -57.392742157, 6.1094326973, 4.91585445404, -8.53989315033, 16.8774051666, 158.62147522]],
        "icov": [[0.000578331120778, 0.000110870998469, -2.85825863102e-05, 0.000225114286877, -0.000403384183301, -0.000127697276184, 8.67021226441e-05, -3.85802159144e-05, 0.0005016013165, -0.000276253093034, 0.00089910288807, -0.000483326206449, 0.000884625886101], [0.000110870998469, 0.00286615127698, -0.00125423888676, 0.00127146695741, -0.00215528486297, 0.00209762784652, -0.00217460119165, 0.00217004981823, -0.00287098158151, 0.00308135291561, -0.00281073292717, 0.00130648748018, -0.00137433852069], [-2.85825863102e-05, -0.00125423888676, 0.0030416098889, -0.00228522066027, 0.00136827724054, -0.00167676876299, 0.000126708880998, -0.000844812369905, 0.0028662965633, -0.0027540482115, 0.00324034900405, -0.00210070284083, -7.12712790119e-05], [0.000225114286877, 0.00127146695741, -0.00228522066027, 0.00623065652326, -0.00296382419765, 0.000467859354103, -0.00156628363766, 0.00264008459635, -0.00302728451788, 0.00128813926131, -0.00159496068954, 0.00306565314531, -0.00330223864876], [-0.000403384183301, -0.00215528486297, 0.00136827724054, -0.00296382419765, 0.00519754365087, -0.00184518645983, 0.00294954655692, -0.00305459136143, 0.00113183236681, -0.00153478083666, 0.000829575990792, -0.00139046879485, 0.00228766538203], [-0.000127697276184, 0.00209762784652, -0.00167676876299, 0.000467859354103, -0.00184518645983, 0.0083836261183, -0.00413565570489, 0.00174349674489, -0.00189164676704, 0.000909598369617, -0.00397054851055, 0.00259198388085, -0.000579721992835], [8.67021226441e-05, -0.00217460119165, 0.000126708880998, -0.00156628363766, 0.00294954655692, -0.00413565570489, 0.00889996718615, -0.00546468188986, 0.000927977904212, -0.000892464478966, 0.000373189279344, -0.00129347876646, 0.003599076299], [-3.85802159144e-05, 0.00217004981823, -0.000844812369905, 0.00264008459635, -0.00305459136143, 0.00174349674489, -0.00546468188986, 0.0111531745642, -0.00366631615907, 0.00115079910029, -0.00139481807128, 0.000401509634685, -0.00063574174419], [0.0005016013165, -0.00287098158151, 0.0028662965633, -0.00302728451788, 0.00113183236681, -0.00189164676704, 0.000927977904212, -0.00366631615907, 0.0122010968626, -0.0054886941798, 0.00260191503912, -0.00229841424152, 0.00111215154175], [-0.000276253093034, 0.00308135291561, -0.0027540482115, 0.00128813926131, -0.00153478083666, 0.000909598369617, -0.000892464478966, 0.00115079910029, -0.0054886941798, 0.0116654168814, -0.00413911603391, 0.00153120572213, -0.00126902794], [0.00089910288807, -0.00281073292717, 0.00324034900405, -0.00159496068954, 0.000829575990792, -0.00397054851055, 0.000373189279344, -0.00139481807128, 0.00260191503912, -0.00413911603391, 0.0146711748093, -0.00601520435885, 0.00211918051355], [-0.000483326206449, 0.00130648748018, -0.00210070284083, 0.00306565314531, -0.00139046879485, 0.00259198388085, -0.00129347876646, 0.000401509634685, -0.00229841424152, 0.00153120572213, -0.00601520435885, 0.0123535133898, -0.00381881208159], [0.000884625886101, -0.00137433852069, -7.12712790119e-05, -0.00330223864876, 0.00228766538203, -0.000579721992835, 0.003599076299, -0.00063574174419, 0.00111215154175, -0.00126902794, 0.00211918051355, -0.00381881208159, 0.0129377199337]]
    },
    "melbands": {
        "dmean": [0.000483623502078, 0.000410210748669, 0.000106910018076, 0.000224013027037, 0.00022928553517, 4.93811858178e-05, 2.78443803836e-05, 7.15672431397e-05, 0.000133578389068, 0.000112641442684, 4.07417937822e-05, 1.86575089174e-05, 2.51321434916e-05, 3.91586654587e-05, 7.50008330215e-05, 7.76112283347e-05, 3.59855548595e-05, 2.85768583126e-05, 1.21212069644e-05, 1.40093516166e-05, 9.56843359745e-06, 2.54907408817e-05, 4.8663947382e-05, 1.2262457858e-05, 8.25289589557e-06, 2.72120109912e-06, 2.09691779673e-06, 1.73319779151e-06, 1.23266602259e-06, 1.24196617435e-06, 1.31642104861e-06, 8.62135095758e-07, 9.73686724137e-07, 1.22223696053e-06, 1.58294756147e-06, 1.19647233987e-06, 1.07978928554e-06, 1.40595591347e-06, 1.25432893583e-06, 9.19650517517e-07],
        "dmean2": [0.000774403801188, 0.000587713962886, 0.00015777729277, 0.000316755322274, 0.000321356608765, 8.21979701868e-05, 4.68786347483e-05, 0.000117842537293, 0.000200641326956, 0.000155355737661, 5.39242682862e-05, 2.54883725574e-05, 3.60372978321e-05, 5.33641868969e-05, 0.000104967104562, 0.000108970081783, 5.30770375917e-05, 4.04884704039e-05, 1.82808671525e-05, 2.06508047995e-05, 1.4312078747e-05, 3.66778331227e-05, 6.77523275954e-05, 1.81397208507e-05, 1.30233984237e-05, 4.28083194493e-06, 3.38718268722e-06, 2.84977636511e-06, 2.06111781154e-06, 2.1302512323e-06, 2.23632241614e-06, 1.4574746956e-06, 1.60385491199e-06, 1.96541463993e-06, 2.52767495112e-06, 1.96322253032e-06, 1.80687311513e-06, 2.37947983805e-06, 2.15261684389e-06, 1.59426588198e-06],
        "dvar": [1.11149643089e-06, 6.32307489923e-07, 5.3798508759e-08, 3.01275946413e-07, 3.67409455748e-07, 8.86334650119e-09, 4.86388840315e-09, 4.32529851935e-08, 1.27816534246e-07, 6.01544982715e-08, 1.1380246967e-08, 1.35528621659e-09, 4.03950783934e-09, 1.5071027093e-08, 2.28822010229e-08, 3.47884601126e-08, 9.30629084905e-09, 4.19123535877e-09, 7.72279962202e-10, 1.24344834429e-09, 4.4015094347e-10, 2.35043073893e-09, 1.00748893672e-08, 8.49059322849e-10, 3.50371176516e-10, 2.33059387761e-11, 1.23946660227e-11, 7.13889971443e-12, 3.7217269197e-12, 4.45439648708e-12, 5.65848192954e-12, 1.92173143718e-12, 2.3064703359e-12, 2.63802369706e-12, 6.09177725625e-12, 4.67507543095e-12, 4.17759923876e-12, 7.38920903631e-12, 5.49273560663e-12, 1.93030205535e-12],
        "dvar2": [2.83236158793e-06, 1.4196518805e-06, 1.11929104207e-07, 6.93743345437e-07, 8.06204070614e-07, 2.2335106209e-08, 1.27179484721e-08, 1.14767125581e-07, 2.7509577194e-07, 1.18340828692e-07, 1.80338712852e-08, 2.37101560607e-09, 8.24799606391e-09, 3.0111728222e-08, 4.0516301425e-08, 7.61990008868e-08, 2.0058484651e-08, 8.25244850233e-09, 1.72897163253e-09, 2.69465760816e-09, 9.98646831896e-10, 4.77457717807e-09, 1.82979960073e-08, 2.12511519493e-09, 8.45316650011e-10, 5.40006858674e-11, 3.08637559954e-11, 1.82481859484e-11, 9.55924141927e-12, 1.18196901919e-11, 1.47663704181e-11, 4.92589692994e-12, 5.7017671834e-12, 6.635034102e-12, 1.42373517489e-11, 1.20329709738e-11, 1.05677766885e-11, 1.76677335956e-11, 1.4592863376e-11, 4.77504277438e-12],
        "max": [0.00866416562349, 0.00894060451537, 0.00387818110175, 0.00733175547794, 0.00738119287416, 0.00098478293512, 0.00103815132752, 0.00274072517641, 0.00557213416323, 0.00290466006845, 0.00231155240908, 0.000555730483029, 0.000932844006456, 0.00250403187238, 0.00291590834968, 0.0035622951109, 0.00202245288529, 0.000922349048778, 0.00035118861706, 0.000569317373447, 0.000412719906308, 0.000791301776189, 0.00144277710933, 0.000594847428147, 0.000344146974385, 7.68258832977e-05, 5.34292448719e-05, 2.45662085945e-05, 2.33859045693e-05, 1.74783945113e-05, 3.246952474e-05, 1.99001970032e-05, 2.72835968644e-05, 2.07197699638e-05, 3.63886647392e-05, 4.00380340579e-05, 3.26236477122e-05, 4.43594581157e-05, 2.9629582059e-05, 2.0622057491e-05],
        "mean": [0.00103141181171, 0.00110339559615, 0.000195331915165, 0.000335638847901, 0.000332793890266, 7.04904814484e-05, 3.44222607964e-05, 0.000107656509499, 0.000274958933005, 0.000279221043456, 9.25499844016e-05, 3.92933434341e-05, 4.15973445342e-05, 8.0138706835e-05, 0.000187595491298, 0.000196510896785, 6.61722442601e-05, 4.31825974374e-05, 2.01050461328e-05, 2.47157677222e-05, 1.6779275029e-05, 5.1713839639e-05, 0.000105421706394, 2.84285451926e-05, 1.50761543409e-05, 4.42834289061e-06, 3.6816784359e-06, 2.73440741694e-06, 1.60804370353e-06, 1.4977202909e-06, 1.7209190446e-06, 1.21145001231e-06, 1.48001595335e-06, 2.064706905e-06, 2.92292861559e-06, 1.75345519438e-06, 1.49939819494e-06, 2.02676392291e-06, 1.67521807271e-06, 1.27648729631e-06],
        "median": [0.000618389574811, 0.000833116180729, 9.7339740023e-05, 4.58436807094e-05, 6.76541530993e-05, 3.50579721271e-05, 1.42068820423e-05, 3.33125899488e-05, 9.23275802052e-05, 7.03715486452e-05, 1.37925317176e-05, 1.04229475255e-05, 1.59160535986e-05, 1.14940949061e-05, 3.93351620005e-05, 2.47903826676e-05, 7.13866256774e-06, 7.4238482739e-06, 5.63236153539e-06, 6.92674530001e-06, 5.36203424417e-06, 1.64384600794e-05, 1.93319738173e-05, 6.5879066824e-06, 5.01082695337e-06, 1.80385518433e-06, 1.61719640346e-06, 1.48209767303e-06, 5.91806156081e-07, 4.01648918569e-07, 5.32618571469e-07, 5.17960017987e-07, 5.17840476277e-07, 1.12782447559e-06, 1.3035480606e-06, 8.2587473571e-07, 4.97454323067e-07, 5.92116805365e-07, 3.40020960721e-07, 3.39841335517e-07],
        "min": [3.07915456688e-07, 8.83498643134e-08, 6.80855123392e-08, 1.22691730553e-07, 5.06618107465e-07, 2.37394147007e-07, 5.34372368577e-08, 3.49914088815e-08, 5.60951640693e-08, 9.84374253221e-08, 7.75101725026e-08, 4.64865230754e-08, 3.94405823556e-08, 7.73295951717e-08, 8.28333668323e-08, 2.96112787623e-08, 1.42481733079e-08, 1.51129082582e-08, 6.23803728672e-08, 6.48403712944e-08, 1.11074127673e-08, 4.06139015752e-08, 2.16867288572e-08, 9.68367430687e-09, 2.54290686286e-08, 1.12332587676e-08, 7.7555952771e-09, 5.11864506336e-09, 4.63967353426e-09, 8.82439954442e-10, 8.06580024992e-10, 2.01344385609e-09, 2.97366131718e-09, 2.39754438525e-09, 7.32655625058e-09, 1.45067569068e-09, 3.00153429889e-10, 3.58124684421e-12, 1.3456743532e-11, 2.43688597946e-12],
