{
"highlevel": {
    "danceability": {
        "all": {
            "danceable": 0.818296194077,
            "not_danceable": 0.181703776121
        },
        "probability": 0.818296194077,
        "value": "danceable"
    },
    "gender": {
        "all": {
            "female": 0.326591819525,
            "male": 0.673408150673
        },
        "probability": 0.673408150673,
        "value": "male"
    },
    "genre_dortmund": {
        "all": {
            "alternative": 0.0779460445046,
            "blues": 0.0606054626405,
            "electronic": 0.0343543067575,
            "folkcountry": 0.0676918700337,
            "funksoulrnb": 0.0403303876519,
            "jazz": 0.014589196071,
            "pop": 0.0571204200387,
            "raphiphop": 0.0685835629702,
            "rock": 0.578778743744
        },
        "probability": 0.578778743744,
        "value": "rock"
    },
    "genre_electronic": {
        "all": {
            "ambient": 0.143647789955,
            "dnb": 0.27293163538,
            "house": 0.0387253575027,
            "techno": 0.0221104137599,
            "trance": 0.522584795952
        },
        "probability": 0.522584795952,
        "value": "trance"
    },
    "genre_rosamerica": {
        "all": {
            "cla": 0.00049073738046,
            "dan": 0.0182328149676,
            "hip": 0.00819255784154,
            "jaz": 0.00140747521073,
            "pop": 0.699620306492,
            "rhy": 0.00861357245594,
            "roc": 0.263308823109,
            "spe": 0.000133718538564
        },
        "probability": 0.699620306492,
        "value": "pop"
    },
    "genre_tzanetakis": {
        "all": {
            "blu": 0.0626613423228,
            "cla": 0.0348169617355,
            "cou": 0.104475811124,
            "dis": 0.0784321576357,
            "hip": 0.15692435205,
            "jaz": 0.313974827528,
            "met": 0.0448166541755,
            "pop": 0.0627359300852,
            "reg": 0.0627360641956,
            "roc": 0.0784258767962
        },
        "probability": 0.313974827528,
        "value": "jaz"
    },
    "ismir04_rhythm": {
        "all": {
            "ChaChaCha": 0.107780642807,
            "Jive": 0.425814390182,
            "Quickstep": 0.188710957766,
            "Rumba-American": 0.013075795956,
            "Rumba-International": 0.0208814665675,
            "Rumba-Misc": 0.00841359142214,
            "Samba": 0.176653400064,
            "Tango": 0.00810880493373,
            "VienneseWaltz": 0.038934674114,
            "Waltz": 0.0116262864321
        },
        "probability": 0.425814390182,
        "value": "Jive"
    },
    "mood_acoustic": {
        "all": {
            "acoustic": 0.0202353093773,
            "not_acoustic": 0.979764699936
        },
        "probability": 0.979764699936,
        "value": "not_acoustic"
    },
    "mood_aggressive": {
        "all": {
            "aggressive": 0.968860507011,
            "not_aggressive": 0.0311395134777
        },
        "probability": 0.968860507011,
        "value": "aggressive"
    },
    "mood_electronic": {
        "all": {
            "electronic": 0.506492674351,
            "not_electronic": 0.493507325649
        },
        "probability": 0.506492674351,
        "value": "electronic"
    },
    "mood_happy": {
        "all": {
            "happy": 0.649244070053,
            "not_happy": 0.350755929947
        },
        "probability": 0.649244070053,
        "value": "happy"
    },
    "mood_party": {
        "all": {
            "not_party": 0.220416277647,
            "party": 0.779583692551
        },
        "probability": 0.779583692551,
        "value": "party"
    },
    "mood_relaxed": {
        "all": {
            "not_relaxed": 0.966178119183,
            "relaxed": 0.0338219031692
        },
        "probability": 0.966178119183,
        "value": "not_relaxed"
    },
    "mood_sad": {
        "all": {
            "not_sad": 0.713498353958,
            "sad": 0.28650161624
        },
        "probability": 0.713498353958,
        "value": "not_sad"
    },
    "moods_mirex": {
        "all": {
            "Cluster1": 0.102965757251,
            "Cluster2": 0.476832002401,
            "Cluster3": 0.162211880088,
            "Cluster4": 0.151695892215,
            "Cluster5": 0.106294468045
        },
        "probability": 0.476832002401,
        "value": "Cluster2"
    },
    "timbre": {
        "all": {
            "bright": 0.992765307426,
            "dark": 0.00723467906937
        },
        "probability": 0.992765307426,
        "value": "bright"
    },
    "tonal_atonal": {
        "all": {
            "atonal": 0.00391135271639,
            "tonal": 0.996088624001
        },
        "probability": 0.996088624001,
        "value": "tonal"
    },
    "voice_instrumental": {
        "all": {
            "instrumental": 0.00528842583299,
            "voice": 0.994711577892
        },
        "probability": 0.994711577892,
        "value": "voice"
    }
},
"lowlevel": {
    "average_loudness": 0.981047451496,
    "barkbands_crest": {
        "dmean": 2.3214931488,
        "dmean2": 3.72060632706,
        "dvar": 4.84606170654,
        "dvar2": 11.5474100113,
        "max": 25.4163455963,
        "mean": 9.23133182526,
        "median": 8.07745170593,
        "min": 2.45672678947,
        "var": 18.9699440002
    },
    "barkbands_flatness_db": {
        "dmean": 0.018854578957,
        "dmean2": 0.0293308608234,
        "dvar": 0.000424474303145,
        "dvar2": 0.000954302202445,
        "max": 0.439638137817,
        "mean": 0.121235325933,
        "median": 0.117113254964,
        "min": 0.0386205725372,
        "var": 0.00191784766503
    },
    "barkbands_kurtosis": {
        "dmean": 2.64240098,
        "dmean2": 4.07788467407,
        "dvar": 159.677612305,
        "dvar2": 390.363952637,
        "max": 251.421722412,
        "mean": 2.7109515667,
        "median": -0.349762916565,
        "min": -1.84355807304,
        "var": 343.544616699
    },
    "barkbands_skewness": {
        "dmean": 0.518306553364,
        "dmean2": 0.782386720181,
        "dvar": 0.484228283167,
        "dvar2": 1.1009042263,
        "max": 13.7154865265,
        "mean": 0.744054973125,
        "median": 0.462977230549,
        "min": -2.47627234459,
        "var": 2.22357821465
    },
    "barkbands_spread": {
        "dmean": 7.19912576675,
        "dmean2": 10.8454303741,
        "dvar": 62.5918579102,
        "dvar2": 124.457878113,
        "max": 107.51499176,
        "mean": 33.7895355225,
        "median": 30.7758369446,
        "min": 0.505171656609,
        "var": 273.385925293
    },
    "dissonance": {
        "dmean": 0.0154860112816,
        "dmean2": 0.0262615196407,
        "dvar": 0.000258720334386,
        "dvar2": 0.000710401742253,
        "max": 0.49993506074,
        "mean": 0.473098188639,
        "median": 0.479440748692,
        "min": 0.362680494785,
        "var": 0.000463427131763
    },
    "dynamic_complexity": 1.672555089,
    "erbbands_crest": {
        "dmean": 2.7523431778,
        "dmean2": 4.40377664566,
        "dvar": 6.49775600433,
        "dvar2": 16.1505889893,
        "max": 29.5421829224,
        "mean": 8.77577877045,
        "median": 7.68829965591,
        "min": 2.69759631157,
        "var": 19.6637954712
    },
    "erbbands_flatness_db": {
        "dmean": 0.0179007798433,
        "dmean2": 0.0264514945447,
        "dvar": 0.000311864103423,
        "dvar2": 0.000582110893447,
        "max": 0.296886712313,
        "mean": 0.14664234221,
        "median": 0.142417043447,
        "min": 0.0627132952213,
        "var": 0.0013807938667
    },
    "erbbands_kurtosis": {
        "dmean": 0.997992157936,
        "dmean2": 1.58874297142,
        "dvar": 1.33177137375,
        "dvar2": 3.09821820259,
        "max": 15.9070777893,
        "mean": 0.77755844593,
        "median": 0.359675168991,
        "min": -1.77141141891,
        "var": 3.16674113274
    },
    "erbbands_skewness": {
        "dmean": 0.351016461849,
        "dmean2": 0.520021080971,
        "dvar": 0.106810934842,
        "dvar2": 0.230452984571,
        "max": 3.1543302536,
        "mean": 0.0378898642957,
        "median": 0.0238175280392,
        "min": -2.55043411255,
        "var": 0.466757565737
    },
    "erbbands_spread": {
        "dmean": 8.32717514038,
        "dmean2": 12.4798412323,
        "dvar": 80.4796676636,
        "dvar2": 163.186355591,
        "max": 157.710342407,
        "mean": 32.7289810181,
        "median": 29.0615634918,
        "min": 4.18775463104,
        "var": 291.827545166
    },
    "hfc": {
        "dmean": 12.4697675705,
        "dmean2": 18.423658371,
        "dvar": 399.860229492,
        "dvar2": 713.09777832,
        "max": 353.890655518,
        "mean": 45.2832145691,
        "median": 41.7730636597,
        "min": 0.782998263836,
        "var": 968.411621094
    },
    "melbands_crest": {
        "dmean": 2.77708721161,
        "dmean2": 4.56791782379,
        "dvar": 6.97118520737,
        "dvar2": 17.4852714539,
        "max": 27.9191627502,
        "mean": 12.3035621643,
        "median": 11.5779733658,
        "min": 2.84275341034,
        "var": 18.8042926788
    },
    "melbands_flatness_db": {
        "dmean": 0.0236348640174,
        "dmean2": 0.0353135876358,
        "dvar": 0.000735266890842,
        "dvar2": 0.00159833475482,
        "max": 0.539616465569,
        "mean": 0.146495133638,
        "median": 0.140027329326,
        "min": 0.0175567287952,
        "var": 0.0038198553957
    },
    "melbands_kurtosis": {
        "dmean": 6.0194940567,
        "dmean2": 9.44747066498,
        "dvar": 371.202728271,
        "dvar2": 902.228393555,
        "max": 408.337127686,
        "mean": 10.3852882385,
        "median": 1.91574239731,
        "min": -1.75268578529,
        "var": 1483.35070801
    },
    "melbands_skewness": {
        "dmean": 0.682874500751,
        "dmean2": 1.03703045845,
        "dvar": 0.776374042034,
        "dvar2": 1.61538267136,
        "max": 17.9327487946,
        "mean": 1.86623072624,
        "median": 1.38759207726,
        "min": -1.13320755959,
        "var": 4.32137155533
    },
    "melbands_spread": {
        "dmean": 10.8731040955,
        "dmean2": 15.899394989,
        "dvar": 165.074523926,
        "dvar2": 322.32119751,
        "max": 215.956832886,
        "mean": 41.5144615173,
        "median": 37.9579772949,
        "min": 0.466702312231,
        "var": 555.805236816
    },
    "pitch_salience": {
        "dmean": 0.0698392093182,
        "dmean2": 0.113392874599,
        "dvar": 0.00430325744674,
        "dvar2": 0.0102167250589,
        "max": 0.814491212368,
        "mean": 0.529263794422,
        "median": 0.531397104263,
        "min": 0.0934916436672,
        "var": 0.0138593781739
    },
    "silence_rate_20dB": {
        "dmean": 0,
        "dmean2": 0,
        "dvar": 0,
        "dvar2": 0,
        "max": 1,
        "mean": 1,
        "median": 1,
        "min": 1,
        "var": 0
    },
    "silence_rate_30dB": {
        "dmean": 0,
        "dmean2": 0,
        "dvar": 0,
        "dvar2": 0,
        "max": 1,
        "mean": 1,
        "median": 1,
        "min": 1,
        "var": 0
    },
    "silence_rate_60dB": {
        "dmean": 0,
        "dmean2": 0,
        "dvar": 0,
        "dvar2": 0,
        "max": 0,
        "mean": 0,
        "median": 0,
        "min": 0,
        "var": 0
    },
    "spectral_centroid": {
        "dmean": 293.35244751,
        "dmean2": 431.207733154,
        "dvar": 93673.90625,
        "dvar2": 184681.671875,
        "max": 4748.74462891,
        "mean": 1925.92321777,
        "median": 1808.75720215,
        "min": 188.320404053,
        "var": 473947.96875
    },
    "spectral_complexity": {
        "dmean": 4.91873073578,
        "dmean2": 7.00542211533,
        "dvar": 25.4555416107,
        "dvar2": 39.3113632202,
        "max": 57,
        "mean": 28.846868515,
        "median": 27,
        "min": 1,
        "var": 113.665641785
    },
    "spectral_decrease": {
        "dmean": 2.58325627556e-09,
        "dmean2": 4.16935996839e-09,
        "dvar": 1.41000280774e-17,
        "dvar2": 3.66216481456e-17,
        "max": -5.69052860389e-10,
        "mean": -8.61782911699e-09,
        "median": -8.09689026937e-09,
        "min": -3.62404364296e-08,
        "var": 1.72537616962e-17
    },
    "spectral_energy": {
        "dmean": 0.0104942303151,
        "dmean2": 0.0167848337442,
        "dvar": 0.000209056859603,
        "dvar2": 0.000540538923815,
        "max": 0.139186307788,
        "mean": 0.0366330258548,
        "median": 0.0348787009716,
        "min": 0.00344786024652,
        "var": 0.000268279749434
    },
    "spectral_energyband_high": {
        "dmean": 0.00112526060548,
        "dmean2": 0.00153067556676,
        "dvar": 7.62332774684e-06,
        "dvar2": 1.25610840769e-05,
        "max": 0.0524596683681,
        "mean": 0.00264107924886,
        "median": 0.00123739778064,
        "min": 2.72059605777e-06,
        "var": 1.76415796886e-05
    },
    "spectral_energyband_low": {
        "dmean": 0.00631020823494,
        "dmean2": 0.0105166649446,
        "dvar": 0.000178797039553,
        "dvar2": 0.000469888589578,
        "max": 0.121477298439,
        "mean": 0.0113163264468,
        "median": 0.00854342617095,
        "min": 4.95215426781e-05,
        "var": 0.000164515935467
    },
    "spectral_energyband_middle_high": {
        "dmean": 0.00414542667568,
        "dmean2": 0.0065444028005,
        "dvar": 1.95680040633e-05,
        "dvar2": 5.06173964823e-05,
        "max": 0.060392845422,
        "mean": 0.0135571276769,
        "median": 0.0120540522039,
        "min": 1.13105506898e-05,
        "var": 7.93274812168e-05
    },
    "spectral_energyband_middle_low": {
        "dmean": 0.00496142869815,
        "dmean2": 0.00772328162566,
        "dvar": 3.24706161337e-05,
        "dvar2": 7.82796851126e-05,
        "max": 0.0463303290308,
        "mean": 0.0106710465625,
        "median": 0.0086253779009,
        "min": 0.000130866988911,
        "var": 6.5126499976e-05
    },
    "spectral_entropy": {
        "dmean": 0.135977447033,
        "dmean2": 0.198300033808,
        "dvar": 0.0244351439178,
        "dvar2": 0.0452701859176,
        "max": 8.73908901215,
        "mean": 7.81525230408,
        "median": 7.78090572357,
        "min": 6.24379634857,
        "var": 0.111138164997
    },
    "spectral_flux": {
        "dmean": 0.0277457907796,
        "dmean2": 0.0423913821578,
        "dvar": 0.00110901845619,
        "dvar2": 0.00217290571891,
        "max": 0.327245771885,
        "mean": 0.10759396106,
        "median": 0.101478889585,
        "min": 0.0124948248267,
        "var": 0.00208174088039
    },
    "spectral_kurtosis": {
        "dmean": 1.04788970947,
        "dmean2": 1.71249878407,
        "dvar": 1.02435767651,
        "dvar2": 2.77659630775,
        "max": 11.971487999,
        "mean": 3.57924461365,
        "median": 3.47738552094,
        "min": -0.339135169983,
        "var": 3.45416760445
    },
    "spectral_rms": {
        "dmean": 0.000810920726508,
        "dmean2": 0.00126388878562,
        "dvar": 9.34967772537e-07,
        "dvar2": 2.27766486205e-06,
        "max": 0.0116529613733,
        "mean": 0.00583737483248,
        "median": 0.00583335245028,
        "min": 0.00183405727148,
        "var": 1.66459778939e-06
    },
    "spectral_rolloff": {
        "dmean": 632.38079834,
        "dmean2": 1002.15393066,
        "dvar": 946129.4375,
        "dvar2": 1922110.125,
        "max": 11821.7285156,
        "mean": 2452.02172852,
        "median": 1873.38867188,
        "min": 86.1328125,
        "var": 2872714.5
    },
    "spectral_skewness": {
        "dmean": 0.170463413,
        "dmean2": 0.265416353941,
        "dvar": 0.0225111991167,
        "dvar2": 0.0513175353408,
        "max": 2.54974222183,
        "mean": 1.38473677635,
        "median": 1.39933621883,
        "min": 0.252833336592,
        "var": 0.13449908793
    },
    "spectral_spread": {
        "dmean": 508123.78125,
        "dmean2": 751031.8125,
        "dvar": 417118093312,
        "dvar2": 712926167040,
        "max": 15096205,
        "mean": 4674657.5,
        "median": 4496914,
        "min": 2328778.75,
        "var": 1.31612776858e+12
    },
    "spectral_strongpeak": {
        "dmean": 1.01036441326,
        "dmean2": 1.71252298355,
        "dvar": 2.27742910385,
        "dvar2": 5.79928350449,
        "max": 10.1090164185,
        "mean": 1.56038737297,
        "median": 0.473672479391,
        "min": 0.0538397170603,
        "var": 3.68574881554
    },
    "zerocrossingrate": {
        "dmean": 0.0131741454825,
        "dmean2": 0.0140277799219,
        "dvar": 0.000222064671107,
        "dvar2": 0.000219996611122,
        "max": 0.28857421875,
        "mean": 0.085486985743,
        "median": 0.07568359375,
        "min": 0.00341796875,
        "var": 0.00177827791777
    },
    "barkbands": {
        "dmean": [4.1021459765e-05, 0.00318717071787, 0.00331024709158, 0.00176390865818, 0.00110694079194, 0.00105384609196, 0.000820312998258, 0.00161158840638, 0.000740296847653, 0.00110165111255, 0.00138649775181, 0.000665581610519, 0.00133098824881, 0.00118127500173, 0.00102404726204, 0.000482455274323, 0.000426441518357, 0.000399812910473, 0.000214656625758, 0.00030545014306, 0.000255230814219, 0.000350066024112, 0.000227417651331, 0.000224973162403, 0.00010996544006, 8.09141056379e-05, 1.1182843096e-08],
        "dmean2": [7.03877085471e-05, 0.00524213165045, 0.00605749478564, 0.00279282126576, 0.00190062308684, 0.00175152241718, 0.00125952193048, 0.00246477173641, 0.00114943226799, 0.00155692466069, 0.00218976661563, 0.00109856040217, 0.00213098991662, 0.00189023162238, 0.00166246597655, 0.00078362232307, 0.000702342018485, 0.000662200443912, 0.000336704513757, 0.00047053679009, 0.000366707710782, 0.000526742660441, 0.000318768346915, 0.000342107698089, 0.000175868888618, 0.000125475038658, 1.47964263064e-08],
        "dvar": [4.05396560765e-09, 2.08832225326e-05, 8.73785029398e-05, 1.22483161249e-05, 3.65423829862e-06, 5.58822375751e-06, 3.10597920361e-06, 9.34107265493e-06, 1.98638645088e-06, 5.21687479704e-06, 7.77127206675e-06, 1.51047493091e-06, 4.16487364419e-06, 4.06644630857e-06, 2.82191535916e-06, 6.45419675038e-07, 3.210265902e-07, 3.97537093022e-07, 6.93912411975e-08, 1.64921445389e-07, 2.24297977525e-07, 9.51764207002e-07, 5.81276594858e-07, 5.97002156155e-07, 8.67882263833e-08, 3.40299770585e-08, 4.20953555217e-14],
        "dvar2": [1.09325917208e-08, 5.4046522564e-05, 0.000244018097874, 3.02060652757e-05, 1.03052407212e-05, 1.36704502438e-05, 6.7718151513e-06, 2.1576477593e-05, 3.74497858502e-06, 9.65712752077e-06, 1.72616892087e-05, 3.63672666026e-06, 1.0145367014e-05, 9.95344362309e-06, 7.42021074984e-06, 1.65455207934e-06, 8.31394117995e-07, 1.01947966868e-06, 1.7581724876e-07, 4.13302529978e-07, 4.14314882846e-07, 1.80756182999e-06, 1.14256249617e-06, 1.10807661713e-06, 2.23411234401e-07, 7.37122789474e-08, 4.35822371573e-14],
        "max": [0.000707508646883, 0.0493112802505, 0.0666332095861, 0.0253554042429, 0.02293346636, 0.0211283955723, 0.0445220097899, 0.0393509529531, 0.0245443470776, 0.0346709229052, 0.050960406661, 0.0172965470701, 0.0264598112553, 0.0311726350337, 0.0189029537141, 0.0141998231411, 0.00742941955104, 0.00808745715767, 0.00381967937574, 0.0042589539662, 0.0100806225091, 0.0229045413435, 0.0170593913645, 0.013565050438, 0.00560572789982, 0.0023385991808, 6.93191486789e-06],
        "mean": [4.35861256847e-05, 0.00754662789404, 0.00264156446792, 0.00169361347798, 0.00166134384926, 0.00125522632152, 0.00131407810841, 0.00265190377831, 0.00122382584959, 0.00180625601206, 0.00227473303676, 0.00107343064155, 0.00210892944597, 0.00194150558673, 0.00158530834597, 0.000871556752827, 0.000755216460675, 0.000736158224754, 0.000465284771053, 0.000677268195432, 0.000535849190783, 0.000602506450377, 0.000441724114353, 0.000394992239308, 0.000194900349015, 0.000135640104418, 9.80028147524e-09],
        "median": [1.83215088327e-05, 0.00649460498244, 0.000705155835021, 0.000348098692484, 0.0010046933312, 0.000293134246022, 0.000491298909765, 0.000704157457221, 0.000505213043652, 0.000548592302948, 0.000983892823569, 0.0004909473937, 0.00125197099987, 0.000837752129883, 0.000904876564164, 0.000536906416528, 0.000549102551304, 0.000504669034854, 0.000354765536031, 0.000400873308536, 0.000241947403993, 0.00023324736685, 0.000174023327418, 0.000134596237331, 7.93150393292e-05, 4.36099762737e-05, 6.67769950446e-10],
        "min": [3.88174079546e-08, 1.96709788725e-05, 3.22143023368e-06, 5.03281512465e-07, 1.12400839498e-05, 1.29872182697e-06, 1.33646415179e-06, 3.99111115712e-07, 6.61700937599e-07, 2.95727318189e-07, 2.93118233685e-07, 1.05791457372e-06, 8.0109987266e-07, 3.73626221517e-07, 3.67807388102e-07, 9.71494387159e-07, 7.50610638534e-07, 8.31951808777e-07, 9.9592909919e-07, 2.8214547001e-06, 6.71118982609e-07, 6.27211193205e-07, 1.95557987581e-07, 1.24310830074e-07, 4.05616091825e-08, 7.20112303121e-11, 1.25296890918e-11],
        "var": [4.5499044532e-09, 3.49633883161e-05, 5.62650857319e-05, 1.11320159704e-05, 4.39020368503e-06, 7.80127356848e-06, 7.75971784606e-06, 2.05000214919e-05, 5.63875437365e-06, 1.40802349051e-05, 2.24722843996e-05, 3.4246550058e-06, 7.10299991624e-06, 9.33468982112e-06, 4.89489684696e-06, 1.48099911712e-06, 5.66625828924e-07, 6.45974012059e-07, 1.59461734484e-07, 4.86235535391e-07, 5.67887298075e-07, 1.55922896283e-06, 8.99535962162e-07, 9.98124846774e-07, 1.14591685474e-07, 5.6452634567e-08, 4.17480415201e-14]
    },
    "erbbands": {
        "dmean": [0.0544738844037, 0.865101993084, 3.31710195541, 5.5140619278, 3.25690174103, 4.528673172, 5.09717655182, 10.5280447006, 8.07350635529, 26.6647548676, 26.9997711182, 18.2774238586, 34.0006027222, 28.4147090912, 60.9927864075, 29.3121948242, 54.6891975403, 64.6989593506, 43.129776001, 37.234249115, 21.950876236, 19.6415691376, 25.0493774414, 12.7384252548, 12.8984718323, 12.1607151031, 10.889008522, 12.123541832, 13.0049238205, 9.03324699402, 6.46745204926, 5.15072536469, 3.43635439873, 1.44815504551, 0.788385748863, 0.396693736315, 0.162457183003, 0.0128778535873, 0.000233824728639, 2.21079790208e-05],
        "dmean2": [0.0916353017092, 1.40963470936, 5.87798500061, 9.14835643768, 5.18435716629, 7.61614990234, 8.48155021667, 17.5968532562, 12.7855539322, 41.4017066956, 40.5468711853, 27.3810634613, 47.2737083435, 43.4452857971, 96.7482070923, 47.9184036255, 86.6169128418, 102.247612, 69.8486938477, 60.5493545532, 35.7649116516, 32.2876777649, 41.7561798096, 20.5815219879, 20.2199134827, 18.1842784882, 15.6360273361, 18.0491905212, 19.4314899445, 13.0578813553, 9.24503421783, 7.82688808441, 5.28694581985, 2.34221410751, 1.26610064507, 0.619302749634, 0.255253255367, 0.0212808344513, 0.000378143013222, 3.45996159012e-05],
        "dvar": [0.00521454960108, 1.59325921535, 71.7004318237, 179.871841431, 30.7672214508, 79.0579528809, 91.8410797119, 624.376098633, 327.533325195, 2063.73144531, 3563.43383789, 1238.38134766, 6231.94238281, 1879.07043457, 18742.9296875, 2452.37231445, 7140.21337891, 12078.4257812, 6139.59228516, 2763.09985352, 1009.33312988, 773.980041504, 1478.28808594, 353.393859863, 245.029876709, 239.228546143, 293.165435791, 736.961425781, 1269.37524414, 833.412353516, 524.820983887, 308.116210938, 128.182632446, 15.1214675903, 3.82530236244, 0.768042862415, 0.159035623074, 0.0010626638541, 3.2764108937e-07, 1.12311759892e-09],
        "dvar2": [0.0140699259937, 4.10768127441, 198.21421814, 480.149169922, 74.5842132568, 230.689346313, 236.350448608, 1535.80944824, 757.798339844, 4493.84228516, 7902.31347656, 2189.41577148, 11493.3623047, 4161.13378906, 42687.4335938, 5894.52832031, 17061.7597656, 28834.2148438, 16054.9462891, 7180.34375, 2814.87158203, 1940.60241699, 3821.28417969, 905.439758301, 652.733337402, 539.448425293, 640.659973145, 1403.00292969, 2549.85302734, 1565.57800293, 1083.84399414, 543.525085449, 269.022705078, 39.1342391968, 9.64088916779, 1.76430499554, 0.351992189884, 0.00252976990305, 7.53329914005e-07, 2.43418751822e-09],
        "max": [0.814510643482, 12.6796569824, 69.5062408447, 90.6700973511, 42.445930481, 127.473861694, 88.1366119385, 239.308395386, 381.552185059, 550.807861328, 833.274353027, 759.140625, 1327.40258789, 790.378417969, 2556.4831543, 744.911376953, 1213.31494141, 1863.02209473, 1215.37255859, 509.234954834, 395.324981689, 422.374847412, 446.098632812, 339.631744385, 214.995727539, 171.760421753, 207.483627319, 660.165588379, 909.055847168, 604.246032715, 519.261657715, 314.165527344, 203.392364502, 72.5216217041, 35.1960754395, 11.5909500122, 5.29699373245, 0.402224361897, 0.00702079804614, 0.000425400328822],
        "mean": [0.11326995492, 2.00890398026, 3.71456551552, 4.85978078842, 3.83459544182, 6.89596176147, 7.4053235054, 12.5830001831, 12.8314056396, 43.7713928223, 45.634513855, 33.3598175049, 54.9741630554, 50.0938186646, 102.67061615, 53.5453109741, 93.9509048462, 114.974624634, 78.4012985229, 66.0543823242, 43.2237434387, 38.0098228455, 47.2798080444, 27.6466636658, 28.2301006317, 27.3403453827, 22.505563736, 22.6644496918, 22.0746479034, 16.8646717072, 11.9904899597, 9.12727355957, 5.72992515564, 2.47727894783, 1.30044567585, 0.663861691952, 0.254433244467, 0.0179875660688, 0.000376126175979, 6.74307520967e-05],
        "median": [0.0934765562415, 1.73659169674, 1.91603374481, 1.00915789604, 1.62664473057, 4.13382768631, 3.34585547447, 2.49793696404, 5.36426353455, 22.5937328339, 12.5260591507, 15.7377386093, 17.5870189667, 26.3462734222, 36.100566864, 28.0878410339, 59.9607620239, 61.738697052, 48.0120162964, 43.7753143311, 31.9475059509, 28.8952198029, 33.5520172119, 20.7104034424, 20.3961677551, 17.7719707489, 11.5063314438, 9.38732147217, 8.8797750473, 7.29665517807, 4.35709190369, 2.9337015152, 1.98265135288, 1.05506980419, 0.523896276951, 0.252357065678, 0.070623934269, 0.00471509248018, 0.000122027049656, 5.48536190763e-05],
        "min": [0.000240681561991, 0.00569124566391, 0.0113105289638, 0.0143071683124, 0.0317506454885, 0.0342571139336, 0.0274470709264, 0.0148044023663, 0.0117936562747, 0.0262021943927, 0.00961469858885, 0.0151386037469, 0.0102086625993, 0.0109452493489, 0.0196390133351, 0.0510038957, 0.0407786555588, 0.0264569632709, 0.0192245449871, 0.0265848189592, 0.0610765814781, 0.0307272747159, 0.0404024645686, 0.0333836600184, 0.0793993398547, 0.108806587756, 0.0449307188392, 0.0227538645267, 0.0244988817722, 0.0123600400984, 0.00530288368464, 0.00393581809476, 0.0018928485224, 0.000781616196036, 0.00016797191347, 4.29222964158e-05, 3.47534078173e-05, 1.9083895495e-06, 3.0144210541e-06, 7.00045256963e-06],
        "var": [0.00836340710521, 2.63933801651, 50.6179046631, 131.507904053, 31.8385105133, 96.3193359375, 126.495780945, 956.250183105, 612.997802734, 4047.34960938, 9192.61523438, 3912.73461914, 14671.4882812, 5203.88525391, 54545.4296875, 6005.03564453, 12890.1972656, 28098.1621094, 12860.2988281, 4645.56494141, 1938.72509766, 1391.23913574, 2556.91381836, 723.579040527, 639.439819336, 731.066223145, 760.680419922, 1416.89575195, 1984.1072998, 1331.84594727, 748.64855957, 552.003356934, 184.419876099, 18.7586116791, 5.11607170105, 1.253272295, 0.234523922205, 0.00140138494316, 4.71552453973e-07, 1.9693600084e-09]
    },
    "gfcc": {
        "mean": [59.3491516113, 64.2448120117, -129.493469238, 36.3122596741, -52.9406852722, 32.974609375, -33.7900009155, 16.2354640961, -21.6813220978, 12.4804172516, -16.6210956573, 3.05298995972, -14.7181186676],
        "cov": [[1833.97558594, -542.617858887, -172.322967529, -237.171325684, -251.537872314, -14.4157419205, -151.468460083, -3.95921182632, -111.339866638, 46.249622345, -149.139205933, 86.6905593872, -139.608291626], [-542.617858887, 929.93170166, -161.391036987, -110.015731812, 168.15020752, -34.6523666382, 78.8063812256, -15.119310379, 102.264152527, -75.5635910034, 91.416885376, -85.272354126, 44.4382514954], [-172.322967529, -161.391036987, 527.928283691, 253.63104248, 33.4742088318, 4.12504291534, -26.4573574066, -58.1620445251, -56.401638031, 3.88047766685, -50.5177764893, 2.1775534153, -2.31245946884], [-237.171325684, -110.015731812, 253.63104248, 450.869567871, 73.3837356567, 30.8852462769, 9.24904823303, -42.4643859863, -6.92045164108, -23.6804656982, 10.4076166153, -37.418510437, 56.2006340027], [-251.537872314, 168.15020752, 33.4742088318, 73.3837356567, 226.005126953, 42.683681488, 32.6093711853, 18.8239650726, 19.6488208771, -2.48817396164, 4.22684812546, -28.6598453522, 12.4865856171], [-14.4157419205, -34.6523666382, 4.12504291534, 30.8852462769, 42.683681488, 101.575752258, 41.9998664856, 6.14639091492, 0.751220703125, -11.7689971924, -9.55355834961, -15.4076452255, 4.23403120041], [-151.468460083, 78.8063812256, -26.4573574066, 9.24904823303, 32.6093711853, 41.9998664856, 106.468093872, 28.4781532288, 11.6700143814, -24.0990276337, 16.9743461609, -6.8150343895, 18.6450595856], [-3.95921182632, -15.119310379, -58.1620445251, -42.4643859863, 18.8239650726, 6.14639091492, 28.4781532288, 84.3242416382, 34.7185516357, 17.8740692139, 3.60314536095, 9.76261997223, 0.226024150848], [-111.339866638, 102.264152527, -56.401638031, -6.92045164108, 19.6488208771, 0.751220703125, 11.6700143814, 34.7185516357, 102.729293823, 27.8013820648, 19.6838665009, -20.5064315796, 1.84685337543], [46.249622345, -75.5635910034, 3.88047766685, -23.6804656982, -2.48817396164, -11.7689971924, -24.0990276337, 17.8740692139, 27.8013820648, 79.9289550781, 15.8119678497, 13.7557945251, -16.8116722107], [-149.139205933, 91.416885376, -50.5177764893, 10.4076166153, 4.22684812546, -9.55355834961, 16.9743461609, 3.60314536095, 19.6838665009, 15.8119678497, 75.5629043579, 10.8764324188, 20.3719501495], [86.6905593872, -85.272354126, 2.1775534153, -37.418510437, -28.6598453522, -15.4076452255, -6.8150343895, 9.76261997223, -20.5064315796, 13.7557945251, 10.8764324188, 70.8435592651, 14.2363519669], [-139.608291626, 44.4382514954, -2.31245946884, 56.2006340027, 12.4865856171, 4.23403120041, 18.6450595856, 0.226024150848, 1.84685337543, -16.8116722107, 20.3719501495, 14.2363519669, 75.886756897]],
        "icov": [[0.00139120407403, -0.000475957000162, 0.00119798176456, -0.000907546142116, 0.0014443496475, -0.00116506579798, 0.00123103160877, -0.000477435212815, 0.00155148527119, -0.00154978677165, 0.00344311539084, -0.00250455969945, 0.00223748385906], [-0.000475957000162, 0.00426101405174, -0.00115893525071, 0.00333358487114, -0.00389999267645, 0.00363230961375, -0.00180449779145, 0.0031577902846, -0.00458692526445, 0.005883728154, -0.00641494151205, 0.00519645493478, -0.00283958134241], [0.00119798176456, -0.00115893525071, 0.00469215493649, -0.00354187027551, 0.00148415484, -0.000905110209715, 0.00052159401821, 0.000704227189999, 0.00302555784583, -0.00406434712932, 0.0068567940034, -0.00458416948095, 0.00336989364587], [-0.000907546142116, 0.00333358487114, -0.00354187027551, 0.00712236715481, -0.00389948883094, 0.00224118959159, -0.00110073271208, 0.00280167278834, -0.00423553073779, 0.00569916563109, -0.00808778312057, 0.0075476532802, -0.00610477849841], [0.0014443496475, -0.00389999267645, 0.00148415484, -0.00389948883094, 0.00976196769625, -0.00552611239254, 0.00205392576754, -0.00455592572689, 0.0049051833339, -0.00636323541403, 0.00735389953479, -0.0041428739205, 0.00335903745145], [-0.00116506579798, 0.00363230961375, -0.000905110209715, 0.00224118959159, -0.00552611239254, 0.0169221572578, -0.00789162982255, 0.00386861199513, -0.00378618808463, 0.00407189177349, -0.00346451881342, 0.00648176064715, -0.00335693056695], [0.00123103160877, -0.00180449779145, 0.00052159401821, -0.00110073271208, 0.00205392576754, -0.00789162982255, 0.0173794869334, -0.00752249453217, 0.00236492510885, 0.00310237100348, -0.000805555609986, -0.00251309969462, 0.00132461928297], [-0.000477435212815, 0.0031577902846, 0.000704227189999, 0.00280167278834, -0.00455592572689, 0.00386861199513, -0.00752249453217, 0.0212325565517, -0.00874330755323, 0.000363124709111, -0.000409134721849, -0.000969315937255, -0.00187720137183], [0.00155148527119, -0.00458692526445, 0.00302555784583, -0.00423553073779, 0.0049051833339, -0.00378618808463, 0.00236492510885, -0.00874330755323, 0.0211371425539, -0.0125078298151, 0.00680066132918, -0.000163597942446, 0.00253807916306], [-0.00154978677165, 0.005883728154, -0.00406434712932, 0.00569916563109, -0.00636323541403, 0.00407189177349, 0.00310237100348, 0.000363124709111, -0.0125078298151, 0.0291121527553, -0.0169223118573, 0.00400612317026, -3.95384340663e-05], [0.00344311539084, -0.00641494151205, 0.0068567940034, -0.00808778312057, 0.00735389953479, -0.00346451881342, -0.000805555609986, -0.000409134721849, 0.00680066132918, -0.0169223118573, 0.0355006121099, -0.0154009116814, 0.00491641275585], [-0.00250455969945, 0.00519645493478, -0.00458416948095, 0.0075476532802, -0.0041428739205, 0.00648176064715, -0.00251309969462, -0.000969315937255, -0.000163597942446, 0.00400612317026, -0.0154009116814, 0.0314010679722, -0.0133045371622], [0.00223748385906, -0.00283958134241, 0.00336989364587, -0.00610477849841, 0.00335903745145, -0.00335693056695, 0.00132461928297, -0.00187720137183, 0.00253807916306, -3.95384340663e-05, 0.00491641275585, -0.0133045371622, 0.024000743404]]
    },
    "melbands": {
        "dmean": [0.000708087580279, 0.00147527840454, 0.00087392993737, 0.000251835823292, 0.000187167461263, 0.000219236724661, 0.000139526368002, 0.000321492698276, 0.000197426081286, 0.000119373464258, 0.000171880368725, 0.000112490444735, 0.000179766793735, 0.000109807973786, 9.56842341111e-05, 0.000136348608066, 0.000132431043312, 6.55508119962e-05, 8.71601660037e-05, 4.20903197664e-05, 2.49211825576e-05, 2.07253524422e-05, 2.81195698335e-05, 1.72400577867e-05, 1.09882239485e-05, 7.80652044341e-06, 1.21199263958e-05, 8.87965325091e-06, 7.57457974032e-06, 6.70714280204e-06, 8.39753738546e-06, 8.78366608958e-06, 5.86390660828e-06, 4.95468520967e-06, 4.05608625442e-06, 3.09773486151e-06, 3.52838287654e-06, 2.8731662951e-06, 1.63417519161e-06, 1.2085176877e-06],
        "dmean2": [0.00117442931514, 0.00249719852582, 0.00143201346509, 0.000421171396738, 0.00031067742384, 0.000366231513908, 0.000218438217416, 0.000492471212056, 0.000295949663268, 0.000179652008228, 0.000238771521254, 0.000171611070982, 0.000283826462692, 0.000177841531695, 0.000154148699949, 0.000217198146856, 0.000209902136703, 0.000106294181023, 0.000142386386869, 6.86167841195e-05, 4.08371852245e-05, 3.40700244124e-05, 4.69706174044e-05, 2.84907437162e-05, 1.7961658159e-05, 1.20173244795e-05, 1.96422370209e-05, 1.3402796867e-05, 1.10392393253e-05, 1.01088417068e-05, 1.31172246256e-05, 1.34404617711e-05, 8.9019895313e-06, 7.27524366084e-06, 6.09122889728e-06, 4.52772155768e-06, 5.485316251e-06, 4.5036258598e-06, 2.52745371654e-06, 2.00229260372e-06],
        "dvar": [9.38034588671e-07, 1.06009865704e-05, 4.05600621889e-06, 1.68305959392e-07, 1.21342850434e-07, 2.635257772e-07, 9.85112862395e-08, 3.06108745463e-07, 1.99821158731e-07, 5.01939894093e-08, 1.59729793836e-07, 3.59433158792e-08, 1.48704245362e-07, 4.0458367323e-08, 4.23399804106e-08, 3.77469859814e-08, 5.66244651168e-08, 1.87193194279e-08, 2.14957207589e-08, 5.39722577741e-09, 1.29675692406e-09, 9.95390880831e-10, 1.75485614928e-09, 7.5448708392e-10, 2.73908451476e-10, 8.82351344766e-11, 3.31995264613e-10, 1.56626073222e-10, 1.59255664212e-10, 1.23306767574e-10, 3.42231409878e-10, 4.67169636309e-10, 3.82789883124e-10, 2.28408028602e-10, 2.36802411013e-10, 7.57688703446e-11, 1.58692156638e-10, 1.08480086025e-10, 1.37730868377e-11, 1.1940566591e-11],
        "dvar2": [2.4564621981e-06, 2.87599341391e-05, 1.06805955511e-05, 4.61581151967e-07, 3.30387877057e-07, 6.47093941097e-07, 2.20410697693e-07, 6.84118106165e-07, 4.35163229895e-07, 9.06746961959e-08, 2.92793657763e-07, 7.53372404461e-08, 3.31977531687e-07, 9.37423791925e-08, 1.05714931919e-07, 9.01929979591e-08, 1.3596455517e-07, 4.88956857225e-08, 5.66689628556e-08, 1.32187407687e-08, 3.82870624094e-09, 2.6031292677e-09, 4.46680825661e-09, 1.88262250234e-09, 7.1709088667e-10, 2.0752623231e-10, 9.25027110465e-10, 3.57046725519e-10, 3.60590002302e-10, 2.49310433409e-10, 6.97257473981e-10, 1.00936725644e-09, 7.38923033872e-10, 4.42958031366e-10, 5.31085619926e-10, 1.35466887707e-10, 2.86340035016e-10, 2.29881169655e-10, 3.17125284366e-11, 3.30511000513e-11],
        "max": [0.0110518168658, 0.0307020954788, 0.0139917582273, 0.00424522301182, 0.00383814005181, 0.00464211637154, 0.00762488599867, 0.00775282084942, 0.00599833531305, 0.00425718259066, 0.00657672341913, 0.00371931889094, 0.00681312195957, 0.00309641729109, 0.002722264966, 0.00198056339286, 0.00386984366924, 0.00212592678145, 0.00129839533474, 0.00150320190005, 0.000466309895273, 0.00055292993784, 0.000699194148183, 0.000459017814137, 0.000315133598633, 9.42577098613e-05, 0.000258518033661, 0.000156190842972, 0.000157013346325, 0.000186441466212, 0.000415342568886, 0.000549916992895, 0.000453141430626, 0.000325968343532, 0.000352118717274, 0.000146752761793, 0.000227235708735, 0.000171748237335, 6.37068442302e-05, 6.99905140209e-05],
        "mean": [0.00164074799977, 0.00235357834026, 0.00079928454943, 0.000365415035048, 0.000290319643682, 0.00025846195058, 0.00022409853409, 0.000528060481884, 0.000325918925228, 0.00020657213463, 0.000271330645774, 0.000187272176845, 0.0003004973114, 0.000191238432308, 0.000146091580973, 0.000219874622417, 0.000218046392547, 0.000110583612695, 0.000128568834043, 7.35820576665e-05, 4.45255391242e-05, 3.67588327208e-05, 4.913018347e-05, 3.22652958857e-05, 2.14769861486e-05, 1.59750725288e-05, 2.43813483394e-05, 1.74753240572e-05, 1.43454908539e-05, 1.30563821585e-05, 1.34959664138e-05, 1.33659868879e-05, 1.00338811535e-05, 9.00871782505e-06, 7.04148169461e-06, 5.64300580663e-06, 5.72329599891e-06, 4.50166817245e-06, 2.70133932645e-06, 1.84737700692e-06],
        "median": [0.00140132254455, 0.00171695416793, 0.000181296825758, 0.000235170140513, 0.000143021781696, 5.20177345606e-05, 8.62404267536e-05, 0.000263293361058, 8.0154844909e-05, 9.04179469217e-05, 7.61766641517e-05, 7.68032914493e-05, 0.000111649300379, 9.09767477424e-05, 6.66358682793e-05, 0.000126136888866, 9.25870917854e-05, 5.65957743675e-05, 6.67449858156e-05, 4.19478492404e-05, 3.36253433488e-05, 2.72437118838e-05, 3.56674972863e-05, 2.32850525208e-05, 1.42801054608e-05, 1.1408197679e-05, 1.43488387039e-05, 9.55606901698e-06, 7.14839598004e-06, 5.75602325625e-06, 5.04513400301e-06, 4.94176083521e-06, 3.96929408453e-06, 3.90942841477e-06, 2.38067286773e-06, 2.02448450182e-06, 1.73942896708e-06, 1.45887929648e-06, 1.10107760065e-06, 7.66018899867e-07],
        "min": [3.9883784666e-06, 7.06891387381e-06, 2.18386549022e-06, 3.10965720018e-06, 1.10055407276e-06, 2.62239666426e-07, 2.24824304951e-07, 2.75295008123e-07, 8.076816016e-08, 9.10840114443e-08, 4.82929536361e-08, 4.31770459386e-08, 3.36145298263e-08, 1.24817319147e-07, 9.6370193603e-08, 8.0314940476e-08, 3.21594733066e-08, 2.78864824566e-08, 2.04118553171e-08, 4.09238651855e-08, 7.42357357808e-08, 3.39860299903e-08, 2.19233271537e-08, 5.04865695916e-08, 1.69843694664e-08, 4.91638481037e-08, 8.1809190533e-08, 6.86369006075e-08, 2.8816410591e-08, 2.29814514086e-08, 8.74104877369e-09, 1.67395519668e-08, 9.07645336667e-09, 5.41328537551e-09, 3.24686411091e-09, 2.13447037822e-09, 1.93672766713e-09, 1.71176461894e-09, 4.54191045884e-10, 6.2045335536e-10],
