{
"highlevel": {
    "danceability": {
        "all": {
            "danceable": 0.970098793507,
            "not_danceable": 0.0299011915922
        },
        "probability": 0.970098793507,
        "value": "danceable"
    },
    "gender": {
        "all": {
            "female": 0.106444627047,
            "male": 0.893555343151
        },
        "probability": 0.893555343151,
        "value": "male"
    },
    "genre_dortmund": {
        "all": {
            "alternative": 0.0297497231513,
            "blues": 0.0172805115581,
            "electronic": 0.0535778738558,
            "folkcountry": 0.0290160812438,
            "funksoulrnb": 0.0278815384954,
            "jazz": 0.0592592842877,
            "pop": 0.0339581742883,
            "raphiphop": 0.637688815594,
            "rock": 0.111588008702
        },
        "probability": 0.637688815594,
        "value": "raphiphop"
    },
    "genre_electronic": {
        "all": {
            "ambient": 0.409796744585,
            "dnb": 0.398604422808,
            "house": 0.123357124627,
            "techno": 0.0225537866354,
            "trance": 0.0456879362464
        },
        "probability": 0.409796744585,
        "value": "ambient"
    },
    "genre_rosamerica": {
        "all": {
            "cla": 0.0306571368128,
            "dan": 0.071701452136,
            "hip": 0.411535918713,
            "jaz": 0.0391698367894,
            "pop": 0.210893929005,
            "rhy": 0.17574223876,
            "roc": 0.0333027616143,
            "spe": 0.0269967336208
        },
        "probability": 0.411535918713,
        "value": "hip"
    },
    "genre_tzanetakis": {
        "all": {
            "blu": 0.0626613423228,
            "cla": 0.0348169617355,
            "cou": 0.104475811124,
            "dis": 0.0784321576357,
            "hip": 0.15692435205,
            "jaz": 0.313974827528,
            "met": 0.0448166541755,
            "pop": 0.0627359300852,
            "reg": 0.0627360641956,
            "roc": 0.0784258767962
        },
        "probability": 0.313974827528,
        "value": "jaz"
    },
    "ismir04_rhythm": {
        "all": {
            "ChaChaCha": 0.0294813085347,
            "Jive": 0.152742609382,
            "Quickstep": 0.0276438761503,
            "Rumba-American": 0.0145918512717,
            "Rumba-International": 0.0202457960695,
            "Rumba-Misc": 0.00321301817894,
            "Samba": 0.739560365677,
            "Tango": 0.00410992559046,
            "VienneseWaltz": 0.00583762815222,
            "Waltz": 0.00257361726835
        },
        "probability": 0.739560365677,
        "value": "Samba"
    },
    "mood_acoustic": {
        "all": {
            "acoustic": 0.130343541503,
            "not_acoustic": 0.869656443596
        },
        "probability": 0.869656443596,
        "value": "not_acoustic"
    },
    "mood_aggressive": {
        "all": {
            "aggressive": 0.105005934834,
            "not_aggressive": 0.894994080067
        },
        "probability": 0.894994080067,
        "value": "not_aggressive"
    },
    "mood_electronic": {
        "all": {
            "electronic": 0.892951786518,
            "not_electronic": 0.10704818368
        },
        "probability": 0.892951786518,
        "value": "electronic"
    },
    "mood_happy": {
        "all": {
            "happy": 0.726563870907,
            "not_happy": 0.273436158895
        },
        "probability": 0.726563870907,
        "value": "happy"
    },
    "mood_party": {
        "all": {
            "not_party": 0.487726837397,
            "party": 0.512273132801
        },
        "probability": 0.512273132801,
        "value": "party"
    },
    "mood_relaxed": {
        "all": {
            "not_relaxed": 0.84867221117,
            "relaxed": 0.151327759027
        },
        "probability": 0.84867221117,
        "value": "not_relaxed"
    },
    "mood_sad": {
        "all": {
            "not_sad": 0.603781342506,
            "sad": 0.396218627691
        },
        "probability": 0.603781342506,
        "value": "not_sad"
    },
    "moods_mirex": {
        "all": {
            "Cluster1": 0.082851588726,
            "Cluster2": 0.0991731509566,
            "Cluster3": 0.0408575609326,
            "Cluster4": 0.0732027292252,
            "Cluster5": 0.703914940357
        },
        "probability": 0.703914940357,
        "value": "Cluster5"
    },
    "timbre": {
        "all": {
            "bright": 0.926044225693,
            "dark": 0.0739557519555
        },
        "probability": 0.926044225693,
        "value": "bright"
    },
    "tonal_atonal": {
        "all": {
            "atonal": 0.442543208599,
            "tonal": 0.557456791401
        },
        "probability": 0.557456791401,
        "value": "tonal"
    },
    "voice_instrumental": {
        "all": {
            "instrumental": 0.00449908198789,
            "voice": 0.995500922203
        },
        "probability": 0.995500922203,
        "value": "voice"
    }
},
"lowlevel": {
    "average_loudness": 0.949704349041,
    "barkbands_crest": {
        "dmean": 3.28045558929,
        "dmean2": 5.3965344429,
        "dvar": 8.60731506348,
        "dvar2": 20.1533050537,
        "max": 25.507232666,
        "mean": 10.377497673,
        "median": 9.3678150177,
        "min": 2.65910458565,
        "var": 20.9814510345
    },
    "barkbands_flatness_db": {
        "dmean": 0.0245635490865,
        "dmean2": 0.0370640903711,
        "dvar": 0.000468778773211,
        "dvar2": 0.00103848578874,
        "max": 0.299854964018,
        "mean": 0.129819750786,
        "median": 0.123715810478,
        "min": 0.0459581539035,
        "var": 0.00168420688715
    },
    "barkbands_kurtosis": {
        "dmean": 2.9605615139,
        "dmean2": 4.70778512955,
        "dvar": 31.991437912,
        "dvar2": 78.9092483521,
        "max": 92.5261535645,
        "mean": 3.35742783546,
        "median": 1.64179611206,
        "min": -1.93149626255,
        "var": 49.7190475464
    },
    "barkbands_skewness": {
        "dmean": 0.623029708862,
        "dmean2": 0.955896377563,
        "dvar": 0.434834212065,
        "dvar2": 1.00766932964,
        "max": 9.45641136169,
        "mean": 1.43348097801,
        "median": 1.28323352337,
        "min": -3.27805614471,
        "var": 1.19883644581
    },
    "barkbands_spread": {
        "dmean": 8.87249755859,
        "dmean2": 13.04438591,
        "dvar": 84.929145813,
        "dvar2": 166.379562378,
        "max": 122.309143066,
        "mean": 27.542388916,
        "median": 24.1946086884,
        "min": 3.0134601593,
        "var": 289.106018066
    },
    "dissonance": {
        "dmean": 0.0230804029852,
        "dmean2": 0.0390498973429,
        "dvar": 0.000420225522248,
        "dvar2": 0.00111439614557,
        "max": 0.499928861856,
        "mean": 0.461444437504,
        "median": 0.468555927277,
        "min": 0.348446846008,
        "var": 0.000801105226856
    },
    "dynamic_complexity": 3.18427848816,
    "erbbands_crest": {
        "dmean": 3.40468120575,
        "dmean2": 5.55133008957,
        "dvar": 10.2205448151,
        "dvar2": 24.992603302,
        "max": 27.6839733124,
        "mean": 9.43400382996,
        "median": 8.20687294006,
        "min": 2.55577635765,
        "var": 22.7286872864
    },
    "erbbands_flatness_db": {
        "dmean": 0.0225996151567,
        "dmean2": 0.0326011255383,
        "dvar": 0.000403648824431,
        "dvar2": 0.000760491879191,
        "max": 0.318279623985,
        "mean": 0.14665324986,
        "median": 0.141749307513,
        "min": 0.0524609312415,
        "var": 0.00163898221217
    },
    "erbbands_kurtosis": {
        "dmean": 1.34605777264,
        "dmean2": 2.17053747177,
        "dvar": 3.68356323242,
        "dvar2": 8.61554145813,
        "max": 21.4248504639,
        "mean": 0.674480319023,
        "median": -0.115295410156,
        "min": -1.87656974792,
        "var": 6.25340890884
    },
    "erbbands_skewness": {
        "dmean": 0.535464048386,
        "dmean2": 0.829760909081,
        "dvar": 0.240797370672,
        "dvar2": 0.529058754444,
        "max": 4.34018611908,
        "mean": 0.586273431778,
        "median": 0.567059457302,
        "min": -4.10920143127,
        "var": 0.764401674271
    },
    "erbbands_spread": {
        "dmean": 12.8727350235,
        "dmean2": 18.8728523254,
        "dvar": 223.390991211,
        "dvar2": 478.850067139,
        "max": 170.200408936,
        "mean": 44.638885498,
        "median": 38.8404006958,
        "min": 6.30174398422,
        "var": 584.962463379
    },
    "hfc": {
        "dmean": 12.9308156967,
        "dmean2": 18.88164711,
        "dvar": 361.85836792,
        "dvar2": 800.469909668,
        "max": 143.176330566,
        "mean": 21.8205776215,
        "median": 13.6865196228,
        "min": 0.0757006630301,
        "var": 544.843688965
    },
    "melbands_crest": {
        "dmean": 4.1750535965,
        "dmean2": 6.69112348557,
        "dvar": 13.1297712326,
        "dvar2": 31.3045310974,
        "max": 34.4829292297,
        "mean": 14.6698074341,
        "median": 13.2809448242,
        "min": 3.30944061279,
        "var": 40.7351646423
    },
    "melbands_flatness_db": {
        "dmean": 0.0300212018192,
        "dmean2": 0.0440864413977,
        "dvar": 0.000759713642765,
        "dvar2": 0.00168343808036,
        "max": 0.416078746319,
        "mean": 0.172722652555,
        "median": 0.16514775157,
        "min": 0.0398410782218,
        "var": 0.003139822511
    },
    "melbands_kurtosis": {
        "dmean": 10.0209178925,
        "dmean2": 16.0150241852,
        "dvar": 881.213500977,
        "dvar2": 2287.2121582,
        "max": 552.661254883,
        "mean": 13.8870477676,
        "median": 7.04651260376,
        "min": -1.76367652416,
        "var": 894.298156738
    },
    "melbands_skewness": {
        "dmean": 0.961734831333,
        "dmean2": 1.437702775,
        "dvar": 1.52840614319,
        "dvar2": 3.41897296906,
        "max": 20.1566162109,
        "mean": 2.57086730003,
        "median": 2.13761997223,
        "min": -0.578147649765,
        "var": 3.62821102142
    },
    "melbands_spread": {
        "dmean": 10.5922651291,
        "dmean2": 16.4803161621,
        "dvar": 230.801330566,
        "dvar2": 548.918701172,
        "max": 203.699432373,
        "mean": 27.1732730865,
        "median": 22.7347755432,
        "min": 1.29896700382,
        "var": 431.31338501
    },
    "pitch_salience": {
        "dmean": 0.0878020301461,
        "dmean2": 0.143389597535,
        "dvar": 0.00709135085344,
        "dvar2": 0.0167169496417,
        "max": 0.886867880821,
        "mean": 0.547660648823,
        "median": 0.554196178913,
        "min": 0.0855201929808,
        "var": 0.0172817725688
    },
    "silence_rate_20dB": {
        "dmean": 0,
        "dmean2": 0,
        "dvar": 0,
        "dvar2": 0,
        "max": 1,
        "mean": 1,
        "median": 1,
        "min": 1,
        "var": 0
    },
    "silence_rate_30dB": {
        "dmean": 0,
        "dmean2": 0,
        "dvar": 0,
        "dvar2": 0,
        "max": 1,
        "mean": 1,
        "median": 1,
        "min": 1,
        "var": 0
    },
    "silence_rate_60dB": {
        "dmean": 0.0650154799223,
        "dmean2": 0.130131676793,
        "dvar": 0.0607881695032,
        "dvar2": 0.128690570593,
        "max": 1,
        "mean": 0.0711523592472,
        "median": 0,
        "min": 0,
        "var": 0.0660906508565
    },
    "spectral_centroid": {
        "dmean": 350.856140137,
        "dmean2": 540.905273438,
        "dvar": 156667.96875,
        "dvar2": 350036.6875,
        "max": 5626.9140625,
        "mean": 1442.49731445,
        "median": 1318.07519531,
        "min": 235.090270996,
        "var": 406569.4375
    },
    "spectral_complexity": {
        "dmean": 5.60913324356,
        "dmean2": 8.18357849121,
        "dvar": 49.137348175,
        "dvar2": 97.0749969482,
        "max": 54,
        "mean": 16.0123748779,
        "median": 14,
        "min": 0,
        "var": 104.323234558
    },
    "spectral_decrease": {
        "dmean": 2.72705658055e-09,
        "dmean2": 4.0023939718e-09,
        "dvar": 1.38726898937e-17,
        "dvar2": 2.94380642903e-17,
        "max": -1.74465494135e-11,
        "mean": -5.0202331181e-09,
        "median": -3.24717563949e-09,
        "min": -2.78794445308e-08,
        "var": 2.39137898545e-17
    },
    "spectral_energy": {
        "dmean": 0.0112771615386,
        "dmean2": 0.0165687799454,
        "dvar": 0.000234698542044,
        "dvar2": 0.000497301749419,
        "max": 0.115514956415,
        "mean": 0.0209266878664,
        "median": 0.0140850869939,
        "min": 8.03282891866e-05,
        "var": 0.000400330201956
    },
    "spectral_energyband_high": {
        "dmean": 0.00106266862713,
        "dmean2": 0.00158927089069,
        "dvar": 3.69485974261e-06,
        "dvar2": 8.04481169325e-06,
        "max": 0.0176563970745,
        "mean": 0.00141565909144,
        "median": 0.000607336871326,
        "min": 1.12583768441e-06,
        "var": 4.81789720652e-06
    },
    "spectral_energyband_low": {
        "dmean": 0.00305620953441,
        "dmean2": 0.00453845225275,
        "dvar": 6.65848274366e-05,
        "dvar2": 0.000130951186293,
        "max": 0.0922606065869,
        "mean": 0.00508077442646,
        "median": 0.00231809378602,
        "min": 2.83281087832e-06,
        "var": 9.53818016569e-05
    },
    "spectral_energyband_middle_high": {
        "dmean": 0.002144634258,
        "dmean2": 0.00304173119366,
        "dvar": 1.13081814561e-05,
        "dvar2": 2.22797480092e-05,
        "max": 0.0796195417643,
        "mean": 0.00402549700812,
        "median": 0.00219737249427,
        "min": 1.75135555764e-05,
        "var": 3.08438211505e-05
    },
    "spectral_energyband_middle_low": {
        "dmean": 0.00795858819038,
        "dmean2": 0.0123647404835,
        "dvar": 0.000136871356517,
        "dvar2": 0.000336217373842,
        "max": 0.084776468575,
        "mean": 0.0109268305823,
        "median": 0.00515319453552,
        "min": 1.33713265313e-05,
        "var": 0.000193242100067
    },
    "spectral_entropy": {
        "dmean": 0.176706030965,
        "dmean2": 0.254248678684,
        "dvar": 0.02654078044,
        "dvar2": 0.0493084602058,
        "max": 8.83827018738,
        "mean": 7.77821159363,
        "median": 7.77751398087,
        "min": 6.34716796875,
        "var": 0.105274431407
    },
    "spectral_flux": {
        "dmean": 0.0322671420872,
        "dmean2": 0.0500246174634,
        "dvar": 0.00146584887989,
        "dvar2": 0.00322562456131,
        "max": 0.300290971994,
        "mean": 0.0892822816968,
        "median": 0.0794600769877,
        "min": 0.00717275729403,
        "var": 0.00286249816418
    },
    "spectral_kurtosis": {
        "dmean": 1.25720119476,
        "dmean2": 1.99035763741,
        "dvar": 1.65636003017,
        "dvar2": 3.67688941956,
        "max": 13.9958705902,
        "mean": 2.73891949654,
        "median": 2.37623071671,
        "min": -1.3132609129,
        "var": 4.85339641571
    },
    "spectral_rms": {
        "dmean": 0.00114295445383,
        "dmean2": 0.00158202496823,
        "dvar": 1.69628151525e-06,
        "dvar2": 3.25496262121e-06,
        "max": 0.0106159085408,
        "mean": 0.00405679270625,
        "median": 0.00370695930906,
        "min": 0.000279944739304,
        "var": 3.95871029468e-06
    },
    "spectral_rolloff": {
        "dmean": 833.863769531,
        "dmean2": 1382.09655762,
        "dvar": 1748727.125,
        "dvar2": 3459317,
        "max": 11584.8632812,
        "mean": 1880.41516113,
        "median": 1335.05859375,
        "min": 64.599609375,
        "var": 3876690.5
    },
    "spectral_skewness": {
        "dmean": 0.239424437284,
        "dmean2": 0.366592109203,
        "dvar": 0.0508652105927,
        "dvar2": 0.0992164164782,
        "max": 3.18070602417,
        "mean": 1.30737948418,
        "median": 1.28497731686,
        "min": -0.220227435231,
        "var": 0.209121838212
    },
    "spectral_spread": {
        "dmean": 921340.9375,
        "dmean2": 1241574.5,
        "dvar": 1.2832023511e+12,
        "dvar2": 1.86588449997e+12,
        "max": 14728204,
        "mean": 5626227,
        "median": 4960241.5,
        "min": 2276749.75,
        "var": 4.68660047053e+12
    },
    "spectral_strongpeak": {
        "dmean": 0.630306839943,
        "dmean2": 1.01448082924,
        "dvar": 0.655345082283,
        "dvar2": 1.53890490532,
        "max": 10.6922950745,
        "mean": 0.917998373508,
        "median": 0.432643413544,
        "min": 0,
        "var": 1.15616190434
    },
    "zerocrossingrate": {
        "dmean": 0.015845708549,
        "dmean2": 0.0179722290486,
        "dvar": 0.000327464309521,
        "dvar2": 0.000351989059709,
        "max": 0.353515625,
        "mean": 0.0793205872178,
        "median": 0.06982421875,
        "min": 0.00732421875,
        "var": 0.00199153204449
    },
    "barkbands": {
        "dmean": [0.00015799132234, 0.00267347204499, 0.000576308113523, 0.000693471054547, 0.00213180133142, 0.00196654582396, 0.00173949508462, 0.001462217886, 0.00195500440896, 0.00087091937894, 0.000300817860989, 0.000412352266721, 0.000362075981684, 0.000300432147924, 0.000333620409947, 0.000194930689759, 0.000159639443154, 0.000144978228491, 0.000144956095028, 0.000154779612785, 0.000126231447211, 0.000189782615053, 0.000324200053001, 0.000246604176937, 0.000140229967656, 6.59629513393e-05, 1.09172397345e-07],
        "dmean2": [0.000251555931754, 0.00413475977257, 0.000996555667371, 0.00107328651939, 0.00332730286755, 0.00324117369018, 0.00283685186878, 0.00230677681975, 0.00300310901366, 0.00133697432466, 0.000461973628262, 0.000625157728791, 0.000573921541218, 0.000499864458106, 0.00052081089234, 0.000313143536914, 0.000254987709923, 0.000237451997236, 0.000233683938859, 0.000243389979005, 0.00019000818429, 0.000290050666081, 0.000501614063978, 0.000383646896807, 0.000207925695577, 9.80967233772e-05, 1.88631872788e-07],
        "dvar": [7.30398355131e-08, 6.40357247903e-05, 2.71595035883e-06, 5.74088380745e-06, 2.77473573078e-05, 1.96110431716e-05, 1.90323571587e-05, 6.80795574226e-06, 1.97608769668e-05, 7.28821396478e-06, 6.0255712242e-07, 2.29934948948e-06, 8.76319063536e-07, 4.21071291612e-07, 3.87385995282e-07, 1.02579512884e-07, 6.49927116569e-08, 7.71208163997e-08, 6.97402313676e-08, 6.67003163812e-08, 4.94234342341e-08, 8.65052740551e-08, 4.95088784191e-07, 2.84991244826e-07, 9.39197946082e-08, 1.5063550407e-08, 2.02820168971e-13],
        "dvar2": [1.7499972671e-07, 0.000136565649882, 7.5817679317e-06, 1.24101252368e-05, 6.50110741844e-05, 4.9066500651e-05, 4.85293130623e-05, 1.59444352903e-05, 4.48781356681e-05, 1.46241754919e-05, 1.33748960707e-06, 4.69570841233e-06, 2.09767767956e-06, 1.04308139726e-06, 9.03868681235e-07, 2.43269340672e-07, 1.53914328394e-07, 2.06839118277e-07, 1.64501159361e-07, 1.47348146129e-07, 1.02984998307e-07, 1.96324478452e-07, 1.11056669994e-06, 6.40820417175e-07, 1.96078687509e-07, 3.38469412497e-08, 4.93864768959e-13],
        "max": [0.00276040681638, 0.0892044231296, 0.0179735571146, 0.0361421890557, 0.060258615762, 0.029548946768, 0.04569651559, 0.0295832473785, 0.0669890716672, 0.0750156790018, 0.0155692938715, 0.0378183759749, 0.0177771244198, 0.00817829929292, 0.00839208904654, 0.00265588355251, 0.00220062048174, 0.00287919398397, 0.00407959660515, 0.00283759040758, 0.00236495072022, 0.00365144829266, 0.00718949502334, 0.00558219105005, 0.00409918371588, 0.00112018513028, 5.48464822714e-06],
        "mean": [0.000258833752014, 0.00383005826734, 0.000655231473502, 0.000783219351433, 0.00223236670718, 0.0018767407164, 0.00164833583403, 0.00170813326258, 0.00230755819939, 0.00113490596414, 0.00038974970812, 0.000505546457134, 0.000466055527795, 0.000377867487259, 0.000399546814151, 0.000248210679274, 0.000208857076359, 0.000169619888766, 0.000186522491276, 0.000218553759623, 0.000168539248989, 0.000293506600428, 0.000354044954292, 0.00026457477361, 0.000164087454323, 7.59575195843e-05, 7.48560111674e-08],
        "median": [6.05928325967e-05, 0.00149671069812, 0.000262772868155, 0.000190532096894, 0.000552272307687, 0.000448402017355, 0.000298329046927, 0.00039149550139, 0.000439267372712, 0.000170499915839, 0.000120988712297, 0.000104559250758, 0.000139799158205, 0.000122838173411, 0.000107832529466, 9.46917643887e-05, 9.60193938226e-05, 7.78700996307e-05, 6.76540730637e-05, 7.36164074624e-05, 6.49002395221e-05, 0.000142795892316, 9.10606977413e-05, 5.35226936336e-05, 3.2479132642e-05, 1.64015018527e-05, 3.99052291211e-10],
        "min": [2.6340723025e-07, 3.54961485982e-07, 5.84096078171e-08, 7.89894727404e-08, 2.75928823612e-06, 2.76179957837e-06, 6.31374234672e-07, 2.08161168302e-07, 4.74835985642e-07, 1.45261969919e-06, 6.21488936758e-07, 7.3010471624e-07, 8.93899368748e-07, 3.99956547881e-07, 2.43596701921e-07, 1.94415889609e-07, 4.85730993205e-07, 2.28038445016e-07, 1.61094078521e-07, 2.26921684998e-07, 4.50121468987e-08, 1.57659997058e-07, 6.26257872227e-08, 3.32018750271e-08, 4.86473882011e-11, 9.81491190405e-12, 6.6135508528e-12],
        "var": [1.26429881675e-07, 7.80073460191e-05, 1.9294127469e-06, 8.55669532029e-06, 2.95419613394e-05, 1.79531598405e-05, 1.89083584701e-05, 1.04979471871e-05, 2.80772255792e-05, 1.472448821e-05, 9.45150873122e-07, 3.47851187144e-06, 1.18623017897e-06, 5.37237099252e-07, 4.9701077387e-07, 1.42981491535e-07, 8.64540652401e-08, 7.11717476065e-08, 1.00448957596e-07, 1.13524400547e-07, 6.89973802537e-08, 1.46297423953e-07, 5.51043228825e-07, 3.35455297318e-07, 1.43828373211e-07, 2.10626360797e-08, 1.49566719686e-13]
    },
    "erbbands": {
        "dmean": [0.0950449034572, 0.561750173569, 0.740525066853, 1.39614391327, 4.70960378647, 7.85658979416, 7.56621789932, 17.5320949554, 32.5402793884, 18.1396713257, 33.8080329895, 44.1594696045, 34.1304016113, 15.7327289581, 12.7490873337, 15.491941452, 16.9602985382, 12.1260070801, 16.4819202423, 14.6897888184, 10.6098518372, 8.73244953156, 7.87730741501, 6.07620954514, 8.59073448181, 7.01148271561, 5.00973558426, 5.63805150986, 7.46319913864, 7.24806976318, 9.5297164917, 6.79924535751, 3.19417977333, 1.63474309444, 0.974170506001, 0.36261433363, 0.134212777019, 0.00799836218357, 0.000178159651114, 2.42303613049e-05],
        "dmean2": [0.142619729042, 0.879074275494, 1.28281247616, 2.18669962883, 7.4618935585, 12.2772340775, 12.7532062531, 28.9935035706, 53.2367362976, 29.8748931885, 52.9382019043, 67.6669006348, 53.0595283508, 23.4972839355, 19.5026454926, 23.2847480774, 26.5440731049, 20.0346679688, 26.506729126, 22.9008483887, 16.8422813416, 13.8034906387, 13.0344009399, 9.57535457611, 13.7797298431, 10.9209833145, 7.56360435486, 8.65242862701, 11.4556589127, 11.2235383987, 14.8004693985, 10.5649747849, 4.84382820129, 2.47559046745, 1.49225986004, 0.540723323822, 0.205346986651, 0.0126594984904, 0.000272830482572, 3.57841890946e-05],
        "dvar": [0.0727570950985, 3.15187811852, 5.55681800842, 16.5291671753, 196.230026245, 383.381195068, 272.659545898, 1697.16369629, 7557.4375, 1327.68164062, 3774.58544922, 11564.5576172, 9081.25390625, 2395.46118164, 908.918029785, 3106.77319336, 2154.51318359, 715.592163086, 1014.82373047, 617.509155273, 332.121398926, 188.590789795, 231.53302002, 130.942276001, 230.85345459, 136.083755493, 94.652557373, 80.7487335205, 144.120941162, 180.318771362, 443.033874512, 221.396255493, 56.574054718, 14.0836582184, 4.33744287491, 0.531752586365, 0.0649146512151, 0.000203180810786, 9.26824270664e-08, 1.32609923043e-09],
        "dvar2": [0.167184233665, 6.86564350128, 14.6975727081, 37.7912635803, 489.828826904, 884.314208984, 737.969665527, 4179.94921875, 18965.6074219, 3406.88427734, 8665.77929688, 26731.640625, 18287.2128906, 5231.3828125, 1934.24645996, 6576.14648438, 5251.50292969, 1808.08679199, 2467.32910156, 1424.71057129, 835.209838867, 443.609802246, 628.783874512, 288.954925537, 576.646240234, 298.250427246, 195.662399292, 177.698059082, 333.490570068, 413.363952637, 982.092346191, 512.497436523, 119.376449585, 29.6904067993, 9.27599525452, 1.14425075054, 0.147969707847, 0.000483647978399, 2.16045606294e-07, 2.92764679166e-09],
        "max": [3.3373529911, 18.1260585785, 23.6335449219, 59.104473114, 203.089782715, 168.839660645, 167.371276855, 283.449859619, 723.417114258, 524.701782227, 745.842773438, 2120.03344727, 1647.48828125, 1324.39318848, 471.358428955, 1285.09448242, 950.016235352, 429.211975098, 356.976623535, 297.499694824, 170.727996826, 153.767944336, 178.405181885, 176.022216797, 142.97819519, 127.549583435, 109.573348999, 66.4936447144, 131.218658447, 137.347732544, 227.335403442, 102.136413574, 109.351379395, 56.0976066589, 33.1538276672, 9.41520595551, 2.40825915337, 0.155554160476, 0.00277640693821, 0.000262125628069],
        "mean": [0.149520277977, 0.694504201412, 0.865865707397, 1.78115808964, 5.04723596573, 7.79513788223, 8.06447887421, 17.0377979279, 30.1810798645, 20.3786258698, 41.9782142639, 54.1591262817, 43.6172943115, 22.6981430054, 17.8769111633, 19.9052810669, 22.4261646271, 16.5274124146, 20.891418457, 19.9725875854, 13.8819761276, 11.8681945801, 9.49845218658, 8.04161262512, 11.4537248611, 10.070766449, 6.62474536896, 7.84407758713, 11.2864351273, 9.37357139587, 10.1992149353, 6.82542514801, 3.66140818596, 1.9294860363, 1.10152971745, 0.401180118322, 0.154906928539, 0.00835880357772, 0.000201742193894, 3.92217116314e-05],
        "median": [0.0392713136971, 0.266613394022, 0.316409617662, 0.60059607029, 1.05961894989, 1.50526928902, 3.26056551933, 4.12677669525, 4.59780788422, 7.13911962509, 11.865193367, 11.4121522903, 8.17081260681, 6.40318250656, 5.29568862915, 4.60834980011, 7.14151716232, 6.15340900421, 6.6977596283, 6.49163198471, 5.73016405106, 5.88850784302, 4.7667889595, 3.29684281349, 3.87307143211, 3.6202814579, 2.43778920174, 3.39638900757, 5.30079126358, 4.13938379288, 2.41333532333, 1.41199243069, 0.705006957054, 0.344770073891, 0.194343790412, 0.0785355046391, 0.031812954694, 0.00182842300273, 5.5215023167e-05, 2.39434357354e-05],
        "min": [1.5922507373e-05, 5.98792612436e-05, 0.000128382991534, 0.000535915780347, 0.00231725815684, 0.00779394572601, 0.00407248968259, 0.0163737349212, 0.0142220165581, 0.0095876082778, 0.00606218446046, 0.0117008518428, 0.0558508113027, 0.0371620878577, 0.0467576645315, 0.031345076859, 0.0582187063992, 0.0317218229175, 0.013722893782, 0.0134802320972, 0.0120690390468, 0.0283077992499, 0.01696132496, 0.0108147915453, 0.00919442716986, 0.00873488653451, 0.0109087247401, 0.00904841721058, 0.00538547616452, 0.00337703083642, 0.00168957118876, 0.000813182967249, 0.000493900966831, 0.000111696550448, 0.000138934206916, 1.73391999851e-05, 5.71864575249e-06, 3.28487146817e-07, 1.36956302299e-07, 1.38915723369e-07],
        "var": [0.0892254635692, 3.53845763206, 4.27128791809, 25.3889274597, 233.581619263, 404.072265625, 238.933288574, 1566.08239746, 7222.64746094, 1417.05407715, 5930.68164062, 16411.7402344, 14374.3632812, 4787.75537109, 1515.39453125, 4815.61376953, 2844.30297852, 867.514587402, 1264.59423828, 1044.48681641, 410.088653564, 262.996002197, 205.326934814, 193.018264771, 336.343902588, 237.186706543, 125.631416321, 119.51738739, 234.906280518, 225.277267456, 490.637573242, 228.121276855, 81.5486984253, 20.8226318359, 6.30244207382, 0.773210644722, 0.0872749835253, 0.000254978775047, 1.21625490124e-07, 1.85600290692e-09]
    },
    "gfcc": {
        "mean": [-5.9315571785, 69.3703613281, -114.6746521, 27.9503097534, -74.5136871338, 20.9596710205, -39.9023704529, 14.029094696, -16.6396408081, 10.26820755, -18.4738864899, 5.67461442947, -11.5586643219],
        "cov": [[4337.21875, -758.870849609, 34.7577857971, 195.169586182, -267.351593018, 27.5205898285, -86.4487380981, 50.9366760254, 4.29230642319, 35.8843803406, -142.955368042, -100.141731262, -155.979217529], [-758.870849609, 1003.28582764, -237.167770386, 128.407104492, 265.369171143, -42.8648910522, 176.63633728, -35.639289856, 44.0555496216, -79.0720214844, 95.3689117432, -81.5014953613, 71.1511306763], [34.7577857971, -237.167770386, 1084.31213379, 138.318695068, 112.231666565, 215.285751343, -147.517959595, 120.634407043, -4.02757501602, 85.7202148438, 17.2762413025, 111.642379761, -68.6465530396], [195.169586182, 128.407104492, 138.318695068, 474.049438477, 105.925453186, 65.1817169189, -16.5175228119, 11.6903676987, 120.887313843, -61.9585075378, 20.403055191, -42.3931312561, 44.9509620667], [-267.351593018, 265.369171143, 112.231666565, 105.925453186, 362.638763428, 90.0473556519, 85.855140686, 81.1073303223, 31.545759201, 36.0065422058, -8.20268440247, 7.06180620193, 13.5244483948], [27.5205898285, -42.8648910522, 215.285751343, 65.1817169189, 90.0473556519, 280.522827148, 98.0775299072, 82.3122558594, 20.8874511719, 8.51549053192, 36.3891105652, 8.6752986908, 0.234283193946], [-86.4487380981, 176.63633728, -147.517959595, -16.5175228119, 85.855140686, 98.0775299072, 346.094665527, 50.5822143555, 2.29189729691, 10.7215871811, 26.1450328827, -4.80681800842, 10.5355844498], [50.9366760254, -35.639289856, 120.634407043, 11.6903676987, 81.1073303223, 82.3122558594, 50.5822143555, 167.97807312, 77.1257324219, 58.3833808899, 6.96300172806, 9.20694351196, 5.50336456299], [4.29230642319, 44.0555496216, -4.02757501602, 120.887313843, 31.545759201, 20.8874511719, 2.29189729691, 77.1257324219, 232.132659912, 37.4112739563, 33.6547317505, 5.5738658905, 33.716632843], [35.8843803406, -79.0720214844, 85.7202148438, -61.9585075378, 36.0065422058, 8.51549053192, 10.7215871811, 58.3833808899, 37.4112739563, 140.341064453, 27.1784744263, 44.9637451172, 1.39264023304], [-142.955368042, 95.3689117432, 17.2762413025, 20.403055191, -8.20268440247, 36.3891105652, 26.1450328827, 6.96300172806, 33.6547317505, 27.1784744263, 146.280609131, 58.3160972595, 33.8212776184], [-100.141731262, -81.5014953613, 111.642379761, -42.3931312561, 7.06180620193, 8.6752986908, -4.80681800842, 9.20694351196, 5.5738658905, 44.9637451172, 58.3160972595, 130.38458252, 23.0599651337], [-155.979217529, 71.1511306763, -68.6465530396, 44.9509620667, 13.5244483948, 0.234283193946, 10.5355844498, 5.50336456299, 33.716632843, 1.39264023304, 33.8212776184, 23.0599651337, 108.210212708]],
        "icov": [[0.000321173283737, 0.000175938534085, 0.000130408079713, -0.000384894723538, 0.000243164395215, -5.72415083298e-05, -2.57095007328e-06, -0.000209510413697, 0.000162799216923, -0.000305888010189, 0.000160999086802, 7.06369828549e-05, 0.000458360620541], [0.000175938534085, 0.0029973462224, -0.000420854892582, 0.000586865877267, -0.00280153984204, 0.00199999473989, -0.00139349885285, 0.00126759579871, -0.000817082240246, 0.00212311209179, -0.00363395246677, 0.00357991736382, -0.00121080584358], [0.000130408079713, -0.000420854892582, 0.00219784630463, -0.0013536758488, 0.000582621723879, -0.00187429506332, 0.00156466604676, -0.00145811866969, 0.00119944126345, -0.00147168594413, 0.00119819073007, -0.00268529285677, 0.00211731460877], [-0.000384894723538, 0.000586865877267, -0.0013536758488, 0.00459947157651, -0.002216540277, 0.000702033634298, -0.000486769306008, 0.00194367184304, -0.00283552566543, 0.00325324968435, -0.00210328539833, 0.0030503552407, -0.00263703824021], [0.000243164395215, -0.00280153984204, 0.000582621723879, -0.002216540277, 0.00688560027629, -0.00254618702456, 0.000674791110214, -0.00274384114891, 0.00162904441822, -0.0035907314159, 0.00488047674298, -0.00406266795471, 0.00158073124476], [-5.72415083298e-05, 0.00199999473989, -0.00187429506332, 0.000702033634298, -0.00254618702456, 0.00755456695333, -0.00288440193981, -0.000631434144452, -0.000607422320172, 0.00307196658105, -0.00428355345502, 0.00377459451556, -0.00157920678612], [-2.57095007328e-06, -0.00139349885285, 0.00156466604676, -0.000486769306008, 0.000674791110214, -0.00288440193981, 0.00502241495997, -0.00182217056863, 0.00116260931827, -0.00142423494253, 0.00133131595794, -0.00229679676704, 0.00136237312108], [-0.000209510413697, 0.00126759579871, -0.00145811866969, 0.00194367184304, -0.00274384114891, -0.000631434144452, -0.00182217056863, 0.0116089656949, -0.00414248555899, -0.00113411608618, -0.000997002702206, 0.00318309897557, -0.0019979714416], [0.000162799216923, -0.000817082240246, 0.00119944126345, -0.00283552566543, 0.00162904441822, -0.000607422320172, 0.00116260931827, -0.00414248555899, 0.00749283423647, -0.00278338440694, 0.000548138457816, -0.00174240733031, 0.000507070159074], [-0.000305888010189, 0.00212311209179, -0.00147168594413, 0.00325324968435, -0.0035907314159, 0.00307196658105, -0.00142423494253, -0.00113411608618, -0.00278338440694, 0.0132783176377, -0.00459183892235, 0.00130986794829, -0.00163105246611], [0.000160999086802, -0.00363395246677, 0.00119819073007, -0.00210328539833, 0.00488047674298, -0.00428355345502, 0.00133131595794, -0.000997002702206, 0.000548138457816, -0.00459183892235, 0.0147631112486, -0.00889213848859, 0.00074471445987], [7.06369828549e-05, 0.00357991736382, -0.00268529285677, 0.0030503552407, -0.00406266795471, 0.00377459451556, -0.00229679676704, 0.00318309897557, -0.00174240733031, 0.00130986794829, -0.00889213848859, 0.0174079854041, -0.00506577407941], [0.000458360620541, -0.00121080584358, 0.00211731460877, -0.00263703824021, 0.00158073124476, -0.00157920678612, 0.00136237312108, -0.0019979714416, 0.000507070159074, -0.00163105246611, 0.00074471445987, -0.00506577407941, 0.0136213246733]]
    },
    "melbands": {
        "dmean": [0.000791049853433, 0.000489135447424, 0.000314792443532, 0.000491692917421, 0.000265564653091, 0.000440516305389, 0.000452948326711, 0.000235020837863, 0.000282246241113, 0.000280462700175, 0.000172024927451, 7.12791588739e-05, 4.32243432442e-05, 5.15954452567e-05, 3.67239044863e-05, 3.50373047695e-05, 2.37049334828e-05, 2.83453755401e-05, 2.53361668001e-05, 1.50802261487e-05, 1.31404658532e-05, 9.53867038334e-06, 8.08819277154e-06, 6.68874781695e-06, 4.85265491079e-06, 6.15342923993e-06, 6.69824703436e-06, 4.52810763818e-06, 3.24854727296e-06, 3.22449795931e-06, 3.40607516591e-06, 4.35729361925e-06, 3.87883756048e-06, 4.69153201266e-06, 6.46625358058e-06, 4.26304131906e-06, 4.15448494095e-06, 2.42716714638e-06, 1.7141793478e-06, 1.32233981276e-06],
        "dmean2": [0.001217932906, 0.000760808121413, 0.000498943030834, 0.000762810755987, 0.000441188924015, 0.000723065284546, 0.000741640862543, 0.000380183802918, 0.000436905218521, 0.000435398076661, 0.000267819850706, 0.000107763982669, 6.65247134748e-05, 7.97142783995e-05, 5.53108984604e-05, 5.62877394259e-05, 3.92735200876e-05, 4.68299040222e-05, 3.973555431e-05, 2.39473956753e-05, 2.13238890865e-05, 1.52241154865e-05, 1.34757647174e-05, 1.10757300718e-05, 7.63771640777e-06, 1.00769857454e-05, 1.05917970359e-05, 6.96821825841e-06, 4.99912403029e-06, 4.95940685141e-06, 5.24585584571e-06, 6.75469300404e-06, 5.96713471168e-06, 7.44622275306e-06, 1.01873720268e-05, 6.56644169794e-06, 6.53389224681e-06, 3.7809782043e-06, 2.64885352408e-06, 2.0340919491e-06],
        "dvar": [5.38942367712e-06, 2.20766537495e-06, 8.43401892325e-07, 1.747736178e-06, 3.28283846329e-07, 1.13502267141e-06, 1.40265547088e-06, 1.72540950416e-07, 2.63187303062e-07, 5.06249648424e-07, 2.39339868813e-07, 5.57757680042e-08, 1.16894662838e-08, 5.06831767666e-08, 8.60524007607e-09, 9.14766751237e-09, 3.21153148519e-09, 3.33931127194e-09, 2.30399743728e-09, 5.94487403749e-10, 5.67897728843e-10, 2.38211894654e-10, 2.16879902926e-10, 1.79444306636e-10, 8.82508996436e-11, 1.29719679443e-10, 1.39313865999e-10, 5.88722195993e-11, 3.80374030884e-11, 3.85209954212e-11, 2.71847527128e-11, 5.12419932874e-11, 3.89776370902e-11, 9.23251405882e-11, 2.22617022039e-10, 8.1326376189e-11, 8.51949344405e-11, 3.51907634977e-11, 1.8666179713e-11, 8.72487759124e-12],
        "dvar2": [1.18142961583e-05, 5.07345203005e-06, 2.03106151275e-06, 4.055514637e-06, 8.42010933866e-07, 2.80239896711e-06, 3.5182740703e-06, 4.30546435837e-07, 5.94895141148e-07, 1.16454020826e-06, 4.75229256836e-07, 1.22493531762e-07, 2.68794888569e-08, 1.09001327075e-07, 1.80716970277e-08, 2.32766748098e-08, 8.23891177504e-09, 8.16983902752e-09, 5.33808908187e-09, 1.36574751508e-09, 1.47558543162e-09, 5.67350721958e-10, 5.74066127967e-10, 4.77910377938e-10, 1.90856816462e-10, 3.3177188774e-10, 3.3138758404e-10, 1.32920646712e-10, 7.87563070315e-11, 8.54746343149e-11, 6.17859721719e-11, 1.20798634984e-10, 8.63112359362e-11, 2.24469817733e-10, 5.04824460013e-10, 1.77156067593e-10, 2.01795191668e-10, 7.67823790659e-11, 4.03034897123e-11, 1.84734744862e-11],
        "max": [0.0274979919195, 0.0161979198456, 0.0131631689146, 0.0158845353872, 0.00550263561308, 0.00728358281776, 0.00950105395168, 0.00460574682802, 0.0065742447041, 0.0129841156304, 0.00931105017662, 0.00610292190686, 0.00217996793799, 0.00564181338996, 0.0016588489525, 0.00204599741846, 0.000935459451284, 0.000730797415599, 0.000739567680284, 0.000246356212301, 0.000231445301324, 0.000191594692296, 0.000182683812454, 0.00013388635125, 0.00015141213953, 0.000161750329426, 0.000127170918859, 8.02788854344e-05, 6.26707915217e-05, 7.59996910347e-05, 4.18026575062e-05, 7.00681848684e-05, 8.77194979694e-05, 9.7023541457e-05, 0.000123085352243, 0.000116547424113, 6.22030493105e-05, 8.67061462486e-05, 6.11685682088e-05, 4.01029938075e-05],
        "mean": [0.00118198560085, 0.000611838477198, 0.000386225379771, 0.000501507369336, 0.000290991680231, 0.000417439034209, 0.000422285258537, 0.000264474918367, 0.000352430477506, 0.000333260046318, 0.000216678366996, 9.94821020868e-05, 5.78800900257e-05, 6.12268049736e-05, 4.79688678752e-05, 4.34225330537e-05, 2.97424030578e-05, 3.4690296161e-05, 3.05524081341e-05, 2.00464237423e-05, 1.58331313287e-05, 1.24948155644e-05, 9.78967545961e-06, 7.68116115069e-06, 6.14126201981e-06, 7.70065798861e-06, 8.96429537534e-06, 6.09789594819e-06, 4.06508797823e-06, 3.91580715586e-06, 4.69868064101e-06, 6.47817614663e-06, 5.52468873138e-06, 5.36536435902e-06, 6.61304875393e-06, 4.48413720733e-06, 4.0119643927e-06, 2.73426326203e-06, 1.91323260879e-06, 1.51751294197e-06],
        "median": [0.00041402032366, 0.000208941841265, 0.00013196762302, 8.71203374118e-05, 0.000106106206658, 9.10231829039e-05, 6.5778993303e-05, 8.14951345092e-05, 9.17357683647e-05, 6.00208259129e-05, 3.13210039167e-05, 2.38912962232e-05, 1.75046152435e-05, 1.24079824673e-05, 1.18297630252e-05, 1.31559636429e-05, 9.83671998256e-06, 1.02047315522e-05, 8.05102627055e-06, 6.85211307427e-06, 6.01467900196e-06, 5.77421951675e-06, 4.93607012686e-06, 3.35219465342e-06, 2.23070378524e-06, 2.65756875706e-06, 2.84137740891e-06, 2.09617178371e-06, 1.5249330545e-06, 1.36727135214e-06, 1.98748898583e-06, 2.90517255053e-06, 2.62185290012e-06, 1.95880784304e-06, 1.46072648022e-06, 9.35827188187e-07, 8.20599723284e-07, 5.00016426486e-07, 3.31038734203e-07, 2.54257997767e-07],
        "min": [1.9720181399e-07, 8.79592079173e-08, 1.36818172791e-07, 4.02680569778e-07, 1.69224392721e-07, 4.07847778661e-07, 2.05196869274e-07, 8.85411921558e-08, 5.03862409573e-08, 8.72836309895e-08, 2.02010724593e-07, 1.21616153592e-07, 1.13240552935e-07, 1.17195135374e-07, 1.25608806911e-07, 1.03599155921e-07, 5.33680335479e-08, 2.13822772821e-08, 2.01209733319e-08, 1.61831632539e-08, 1.36658284688e-08, 2.87875501215e-08, 1.58820707696e-08, 9.47920408834e-09, 7.18510273501e-09, 4.8840407274e-09, 8.47565395645e-09, 4.79144723897e-09, 3.74232600464e-09, 9.56685064502e-10, 2.74044609228e-09, 1.13120146583e-09, 2.05110928242e-09, 1.58569690711e-09, 9.8960983852e-10, 9.9144095711e-12, 3.48657561156e-11, 3.42932571229e-10, 4.48923884178e-12, 2.74422140827e-13],
