{
"highlevel": {
    "danceability": {
        "all": {
            "danceable": 9.02102055989e-06,
            "not_danceable": 0.999990999699
        },
        "probability": 0.999990999699,
        "value": "not_danceable"
    },
    "gender": {
        "all": {
            "female": 0.41993612051,
            "male": 0.58006387949
        },
        "probability": 0.58006387949,
        "value": "male"
    },
    "genre_dortmund": {
        "all": {
            "alternative": 0.269267439842,
            "blues": 0.0436794944108,
            "electronic": 0.0202192813158,
            "folkcountry": 0.128554403782,
            "funksoulrnb": 0.0035656474065,
            "jazz": 0.00826444476843,
            "pop": 0.0457480959594,
            "raphiphop": 0.00107303704135,
            "rock": 0.479628175497
        },
        "probability": 0.479628175497,
        "value": "rock"
    },
    "genre_electronic": {
        "all": {
            "ambient": 0.406955689192,
            "dnb": 0.193279474974,
            "house": 0.0493064932525,
            "techno": 0.0262741539627,
            "trance": 0.324184179306
        },
        "probability": 0.406955689192,
        "value": "ambient"
    },
    "genre_rosamerica": {
        "all": {
            "cla": 0.000500851485413,
            "dan": 7.41623734939e-05,
            "hip": 3.75715862901e-05,
            "jaz": 0.000117250419862,
            "pop": 0.000448645587312,
            "rhy": 0.000260041822912,
            "roc": 0.998542666435,
            "spe": 1.88206813618e-05
        },
        "probability": 0.998542666435,
        "value": "roc"
    },
    "genre_tzanetakis": {
        "all": {
            "blu": 0.0626613423228,
            "cla": 0.0348169617355,
            "cou": 0.104475811124,
            "dis": 0.0784321576357,
            "hip": 0.15692435205,
            "jaz": 0.313974827528,
            "met": 0.0448166541755,
            "pop": 0.0627359300852,
            "reg": 0.0627360641956,
            "roc": 0.0784258767962
        },
        "probability": 0.313974827528,
        "value": "jaz"
    },
    "ismir04_rhythm": {
        "all": {
            "ChaChaCha": 0.107694111764,
            "Jive": 0.216269567609,
            "Quickstep": 0.0179755520076,
            "Rumba-American": 0.00779412733391,
            "Rumba-International": 0.0179440677166,
            "Rumba-Misc": 0.00469558034092,
            "Samba": 0.0300700590014,
            "Tango": 0.0352110490203,
            "VienneseWaltz": 0.554390668869,
            "Waltz": 0.00795523729175
        },
        "probability": 0.554390668869,
        "value": "VienneseWaltz"
    },
    "mood_acoustic": {
        "all": {
            "acoustic": 0.00870123319328,
            "not_acoustic": 0.991298794746
        },
        "probability": 0.991298794746,
        "value": "not_acoustic"
    },
    "mood_aggressive": {
        "all": {
            "aggressive": 0.907200157642,
            "not_aggressive": 0.0927998647094
        },
        "probability": 0.907200157642,
        "value": "aggressive"
    },
    "mood_electronic": {
        "all": {
            "electronic": 0.183537065983,
            "not_electronic": 0.816462934017
        },
        "probability": 0.816462934017,
        "value": "not_electronic"
    },
    "mood_happy": {
        "all": {
            "happy": 0.654319345951,
            "not_happy": 0.345680654049
        },
        "probability": 0.654319345951,
        "value": "happy"
    },
    "mood_party": {
        "all": {
            "not_party": 0.471972107887,
            "party": 0.528027892113
        },
        "probability": 0.528027892113,
        "value": "party"
    },
    "mood_relaxed": {
        "all": {
            "not_relaxed": 0.994635403156,
            "relaxed": 0.00536459544674
        },
        "probability": 0.994635403156,
        "value": "not_relaxed"
    },
    "mood_sad": {
        "all": {
            "not_sad": 0.841717541218,
            "sad": 0.158282443881
        },
        "probability": 0.841717541218,
        "value": "not_sad"
    },
    "moods_mirex": {
        "all": {
            "Cluster1": 0.374920219183,
            "Cluster2": 0.0541161559522,
            "Cluster3": 0.305300205946,
            "Cluster4": 0.049507688731,
            "Cluster5": 0.216155737638
        },
        "probability": 0.374920219183,
        "value": "Cluster1"
    },
    "timbre": {
        "all": {
            "bright": 0.762583911419,
            "dark": 0.237416088581
        },
        "probability": 0.762583911419,
        "value": "bright"
    },
    "tonal_atonal": {
        "all": {
            "atonal": 0.000804262876045,
            "tonal": 0.999195754528
        },
        "probability": 0.999195754528,
        "value": "tonal"
    },
    "voice_instrumental": {
        "all": {
            "instrumental": 0.00732548069209,
            "voice": 0.992674529552
        },
        "probability": 0.992674529552,
        "value": "voice"
    }
},
"lowlevel": {
    "average_loudness": 0.982720434666,
    "barkbands_crest": {
        "dmean": 2.5316836834,
        "dmean2": 4.08684921265,
        "dvar": 4.97075939178,
        "dvar2": 13.2803001404,
        "max": 21.1652488708,
        "mean": 8.54283237457,
        "median": 7.82059764862,
        "min": 2.86364674568,
        "var": 11.6235313416
    },
    "barkbands_flatness_db": {
        "dmean": 0.017266953364,
        "dmean2": 0.0284093059599,
        "dvar": 0.000265724840574,
        "dvar2": 0.000745561905205,
        "max": 0.238895848393,
        "mean": 0.132446184754,
        "median": 0.129623621702,
        "min": 0.0502865165472,
        "var": 0.00086931878468
    },
    "barkbands_kurtosis": {
        "dmean": 1.31835842133,
        "dmean2": 2.14046168327,
        "dvar": 4.03299570084,
        "dvar2": 10.0556840897,
        "max": 24.706659317,
        "mean": 0.623757660389,
        "median": -0.156644821167,
        "min": -1.61208212376,
        "var": 5.87240695953
    },
    "barkbands_skewness": {
        "dmean": 0.446246176958,
        "dmean2": 0.694776952267,
        "dvar": 0.211984351277,
        "dvar2": 0.513678908348,
        "max": 4.78794431686,
        "mean": 0.978905141354,
        "median": 0.866655230522,
        "min": -0.712314486504,
        "var": 0.605099260807
    },
    "barkbands_spread": {
        "dmean": 4.57209873199,
        "dmean2": 7.22117042542,
        "dvar": 20.1652812958,
        "dvar2": 48.8347740173,
        "max": 64.2722244263,
        "mean": 27.1163635254,
        "median": 26.3945388794,
        "min": 6.16443109512,
        "var": 81.0974655151
    },
    "dissonance": {
        "dmean": 0.012708067894,
        "dmean2": 0.0212069638073,
        "dvar": 0.000146127131302,
        "dvar2": 0.000394341710489,
        "max": 0.499338716269,
        "mean": 0.471859067678,
        "median": 0.476826399565,
        "min": 0.394391775131,
        "var": 0.000389569875551
    },
    "dynamic_complexity": 1.29220890999,
    "erbbands_crest": {
        "dmean": 2.19617795944,
        "dmean2": 3.63513588905,
        "dvar": 3.92598485947,
        "dvar2": 9.78427886963,
        "max": 22.7503833771,
        "mean": 8.2821559906,
        "median": 7.47502279282,
        "min": 2.81668782234,
        "var": 11.7975139618
    },
    "erbbands_flatness_db": {
        "dmean": 0.0155517533422,
        "dmean2": 0.0220047645271,
        "dvar": 0.000262970366748,
        "dvar2": 0.000436590024037,
        "max": 0.260383576155,
        "mean": 0.165995597839,
        "median": 0.167185395956,
        "min": 0.0704062134027,
        "var": 0.00124205998145
    },
    "erbbands_kurtosis": {
        "dmean": 0.580947577953,
        "dmean2": 0.899017870426,
        "dvar": 0.35677793622,
        "dvar2": 0.894959211349,
        "max": 5.91888809204,
        "mean": 0.234801158309,
        "median": 0.036810874939,
        "min": -1.43423545361,
        "var": 1.06934630871
    },
    "erbbands_skewness": {
        "dmean": 0.253447890282,
        "dmean2": 0.38916683197,
        "dvar": 0.0538871735334,
        "dvar2": 0.123512424529,
        "max": 1.45114135742,
        "mean": -0.300859570503,
        "median": -0.36833357811,
        "min": -2.13268327713,
        "var": 0.305726051331
    },
    "erbbands_spread": {
        "dmean": 6.56609106064,
        "dmean2": 9.8587808609,
        "dvar": 53.8521728516,
        "dvar2": 118.13205719,
        "max": 92.2590560913,
        "mean": 33.0970230103,
        "median": 29.9804725647,
        "min": 8.23893737793,
        "var": 176.824630737
    },
    "hfc": {
        "dmean": 5.33330583572,
        "dmean2": 8.01769256592,
        "dvar": 32.8200950623,
        "dvar2": 71.4832077026,
        "max": 78.4610900879,
        "mean": 30.1417541504,
        "median": 28.7506599426,
        "min": 4.8911523819,
        "var": 153.716888428
    },
    "melbands_crest": {
        "dmean": 3.51102519035,
        "dmean2": 5.68129348755,
        "dvar": 10.197262764,
        "dvar2": 24.9029216766,
        "max": 29.5077419281,
        "mean": 13.5147485733,
        "median": 12.9244184494,
        "min": 3.76217055321,
        "var": 23.5879974365
    },
    "melbands_flatness_db": {
        "dmean": 0.0222177449614,
        "dmean2": 0.035832375288,
        "dvar": 0.000474837230286,
        "dvar2": 0.00127086730208,
        "max": 0.330339252949,
        "mean": 0.176777824759,
        "median": 0.172703504562,
        "min": 0.0716471597552,
        "var": 0.00177973147947
    },
    "melbands_kurtosis": {
        "dmean": 4.45943546295,
        "dmean2": 7.21821594238,
        "dvar": 45.5242271423,
        "dvar2": 114.849403381,
        "max": 83.1083221436,
        "mean": 6.52964448929,
        "median": 3.4877448082,
        "min": -1.39571642876,
        "var": 74.0613250732
    },
    "melbands_skewness": {
        "dmean": 0.668978452682,
        "dmean2": 1.04780840874,
        "dvar": 0.530079126358,
        "dvar2": 1.3051019907,
        "max": 8.21373558044,
        "mean": 2.15353322029,
        "median": 1.88710975647,
        "min": -0.266667157412,
        "var": 1.56076335907
    },
    "melbands_spread": {
        "dmean": 7.19650602341,
        "dmean2": 11.3796081543,
        "dvar": 50.1270217896,
        "dvar2": 122.582641602,
        "max": 78.3251647949,
        "mean": 29.7079792023,
        "median": 28.7636795044,
        "min": 3.52023100853,
        "var": 154.17124939
    },
    "pitch_salience": {
        "dmean": 0.0708774477243,
        "dmean2": 0.118465125561,
        "dvar": 0.00410866038874,
        "dvar2": 0.011992613785,
        "max": 0.768578708172,
        "mean": 0.541819691658,
        "median": 0.544568479061,
        "min": 0.256770581007,
        "var": 0.00690296664834
    },
    "silence_rate_20dB": {
        "dmean": 0,
        "dmean2": 0,
        "dvar": 0,
        "dvar2": 0,
        "max": 1,
        "mean": 1,
        "median": 1,
        "min": 1,
        "var": 0
    },
    "silence_rate_30dB": {
        "dmean": 0,
        "dmean2": 0,
        "dvar": 0,
        "dvar2": 0,
        "max": 1,
        "mean": 1,
        "median": 1,
        "min": 1,
        "var": 0
    },
    "silence_rate_60dB": {
        "dmean": 0,
        "dmean2": 0,
        "dvar": 0,
        "dvar2": 0,
        "max": 0,
        "mean": 0,
        "median": 0,
        "min": 0,
        "var": 0
    },
    "spectral_centroid": {
        "dmean": 202.054733276,
        "dmean2": 314.47668457,
        "dvar": 36685.6210938,
        "dvar2": 84758.7890625,
        "max": 2958.80004883,
        "mean": 1573.35717773,
        "median": 1526.79663086,
        "min": 515.892211914,
        "var": 188737.1875
    },
    "spectral_complexity": {
        "dmean": 3.53637766838,
        "dmean2": 5.57629728317,
        "dvar": 9.81833076477,
        "dvar2": 22.0815391541,
        "max": 52,
        "mean": 30.2467136383,
        "median": 30,
        "min": 11,
        "var": 46.2028198242
    },
    "spectral_decrease": {
        "dmean": 2.40233477555e-09,
        "dmean2": 3.85169718342e-09,
        "dvar": 8.76879029962e-18,
        "dvar2": 2.12317460538e-17,
        "max": -1.46733047934e-09,
        "mean": -9.35058874774e-09,
        "median": -8.95058160921e-09,
        "min": -2.66343320732e-08,
        "var": 1.39573228781e-17
    },
    "spectral_energy": {
        "dmean": 0.00929649174213,
        "dmean2": 0.0148451495916,
        "dvar": 0.000129698615638,
        "dvar2": 0.000312509189826,
        "max": 0.10498932004,
        "mean": 0.0380252338946,
        "median": 0.0365743935108,
        "min": 0.00605584261939,
        "var": 0.000214874395169
    },
    "spectral_energyband_high": {
        "dmean": 0.000322070991388,
        "dmean2": 0.000475630251458,
        "dvar": 3.14762246489e-07,
        "dvar2": 6.75560613672e-07,
        "max": 0.00787409860641,
        "mean": 0.000828538148198,
        "median": 0.000495679094456,
        "min": 7.49302034819e-06,
        "var": 8.04371893537e-07
    },
    "spectral_energyband_low": {
        "dmean": 0.00670920824632,
        "dmean2": 0.011058584787,
        "dvar": 6.84279220877e-05,
        "dvar2": 0.000180501519935,
        "max": 0.0939060524106,
        "mean": 0.0139038916677,
        "median": 0.0113087017089,
        "min": 8.30594217405e-05,
        "var": 0.000102912694274
    },
    "spectral_energyband_middle_high": {
        "dmean": 0.0021382230334,
        "dmean2": 0.00320310238749,
        "dvar": 4.44577199232e-06,
        "dvar2": 9.92303466774e-06,
        "max": 0.0402683541179,
        "mean": 0.0105246379972,
        "median": 0.00913270004094,
        "min": 0.00119954941329,
        "var": 3.75703020836e-05
    },
    "spectral_energyband_middle_low": {
        "dmean": 0.00584893580526,
        "dmean2": 0.00903963949531,
        "dvar": 9.74867652985e-05,
        "dvar2": 0.000233718659729,
        "max": 0.09230068326,
        "mean": 0.0157532282174,
        "median": 0.0123667204753,
        "min": 0.00201205024496,
        "var": 0.00015638145851
    },
    "spectral_entropy": {
        "dmean": 0.103552564979,
        "dmean2": 0.153085425496,
        "dvar": 0.0128964260221,
        "dvar2": 0.0250118095428,
        "max": 8.38438510895,
        "mean": 7.65752124786,
        "median": 7.6613779068,
        "min": 6.82795953751,
        "var": 0.0562948063016
    },
    "spectral_flux": {
        "dmean": 0.0254661887884,
        "dmean2": 0.0388688445091,
        "dvar": 0.00080161698861,
        "dvar2": 0.00168191047851,
        "max": 0.280471295118,
        "mean": 0.0948987305164,
        "median": 0.0857121348381,
        "min": 0.0234107263386,
        "var": 0.00149683305062
    },
    "spectral_kurtosis": {
        "dmean": 1.66823089123,
        "dmean2": 2.85504984856,
        "dvar": 3.03158378601,
        "dvar2": 8.43529224396,
        "max": 20.121055603,
        "mean": 4.40303421021,
        "median": 3.92114400864,
        "min": 0.0264344215393,
        "var": 5.84046602249
    },
    "spectral_rms": {
        "dmean": 0.00071975577157,
        "dmean2": 0.00113598257303,
        "dvar": 6.28827081073e-07,
        "dvar2": 1.48088508922e-06,
        "max": 0.0101207019761,
        "mean": 0.00598436035216,
        "median": 0.00597346946597,
        "min": 0.0024306664709,
        "var": 1.28525141463e-06
    },
    "spectral_rolloff": {
        "dmean": 413.51348877,
        "dmean2": 696.635437012,
        "dvar": 248354.40625,
        "dvar2": 592668,
        "max": 6503.02734375,
        "mean": 1650.87817383,
        "median": 1658.05664062,
        "min": 107.666015625,
        "var": 557479
    },
    "spectral_skewness": {
        "dmean": 0.1926458776,
        "dmean2": 0.324875444174,
        "dvar": 0.0305621996522,
        "dvar2": 0.0860823914409,
        "max": 2.79133462906,
        "mean": 1.35448849201,
        "median": 1.34286522865,
        "min": 0.553656876087,
        "var": 0.120139524341
    },
    "spectral_spread": {
        "dmean": 424807.6875,
        "dmean2": 601980.9375,
        "dvar": 457071525888,
        "dvar2": 720206692352,
        "max": 18273716,
        "mean": 3621538.75,
        "median": 3459568,
        "min": 1815442.125,
        "var": 1.20274865357e+12
    },
    "spectral_strongpeak": {
        "dmean": 0.543733596802,
        "dmean2": 0.953097403049,
        "dvar": 0.997179627419,
        "dvar2": 2.34799480438,
        "max": 7.86691427231,
        "mean": 1.04582250118,
        "median": 0.451876014471,
        "min": 0.0591846071184,
        "var": 1.82550501823
    },
    "zerocrossingrate": {
        "dmean": 0.00741718849167,
        "dmean2": 0.00909844599664,
        "dvar": 4.71739003842e-05,
        "dvar2": 6.95464550517e-05,
        "max": 0.16064453125,
        "mean": 0.0592489466071,
        "median": 0.0576171875,
        "min": 0.01513671875,
        "var": 0.000331661140081
    },
    "barkbands": {
        "dmean": [0.000159178147442, 0.00433851638809, 0.00274521042593, 0.0032680160366, 0.00228477083147, 0.000548369309399, 0.000440229661763, 0.00103378971107, 0.000748979626223, 0.000892262440175, 0.000455374538433, 0.000427671620855, 0.000457115267636, 0.00062772911042, 0.000780606234912, 0.000679085147567, 0.000233153885347, 0.000291694741463, 0.000279949919786, 0.000129075386212, 9.28680819925e-05, 9.38371740631e-05, 6.74402981531e-05, 3.99146483687e-05, 3.69092376786e-05, 1.75443983608e-05, 1.43054181834e-08],
        "dmean2": [0.000247450341703, 0.00700711924583, 0.0047598592937, 0.00516762118787, 0.00392573606223, 0.000881441985257, 0.000699478550814, 0.00155347341206, 0.00114724587183, 0.00129226525314, 0.000686473038513, 0.00062967807753, 0.000719218689483, 0.00100147700869, 0.00128809758462, 0.00107010197826, 0.000367702188669, 0.000481369555928, 0.000456442532595, 0.000212528713746, 0.000151633357746, 0.000148244915181, 0.000101119359897, 6.02795262239e-05, 5.7935834775e-05, 2.78766929114e-05, 2.62933994577e-08],
        "dvar": [1.34823224585e-07, 3.41177037626e-05, 2.33452192333e-05, 4.14119313064e-05, 2.40203462454e-05, 4.56189241049e-07, 4.56837966567e-07, 3.74723936147e-06, 2.86669023808e-06, 1.76543130692e-06, 1.20083905131e-06, 7.06722801169e-07, 4.92662422857e-07, 6.8424571964e-07, 1.03695685993e-06, 6.01366025421e-07, 5.05682500318e-08, 1.10137193587e-07, 1.20687161598e-07, 2.86404500116e-08, 1.78295262998e-08, 3.02906393301e-08, 1.94064089243e-08, 9.03783359263e-09, 7.82574893776e-09, 2.16218065674e-09, 3.48964064093e-15],
        "dvar2": [3.35686138442e-07, 9.28999870666e-05, 6.47803462925e-05, 8.86030102265e-05, 6.69414002914e-05, 1.12211557735e-06, 9.33790829549e-07, 8.49763637234e-06, 6.3995958044e-06, 3.72309727936e-06, 2.32165393754e-06, 1.17490935736e-06, 1.10704490908e-06, 1.5661373709e-06, 2.59784974332e-06, 1.40120823744e-06, 1.23107483319e-07, 3.00765037764e-07, 3.08819437578e-07, 7.29094864482e-08, 4.57815616528e-08, 7.01827715943e-08, 3.92450836273e-08, 1.94002378606e-08, 1.87264639351e-08, 5.2247379756e-09, 1.01337717379e-14],
        "max": [0.00311635434628, 0.0561134293675, 0.0527201332152, 0.0580296143889, 0.0421657785773, 0.0134575562552, 0.0156867485493, 0.0308028385043, 0.030714083463, 0.0162084940821, 0.0279866810888, 0.0215658675879, 0.0164933204651, 0.0114295240492, 0.0129281235859, 0.0113958269358, 0.00299716787413, 0.00450716447085, 0.00608061254025, 0.00245035276748, 0.0016880966723, 0.00261628534645, 0.00271472334862, 0.00179621332791, 0.000935645890422, 0.000417511095293, 9.49343302636e-07],
        "mean": [0.000172062427737, 0.00654459465295, 0.00482344813645, 0.00495426543057, 0.00369412451982, 0.00130013423041, 0.00100341450889, 0.00190669612493, 0.0016094049206, 0.001931253355, 0.00113453145605, 0.000870389165357, 0.000879805011209, 0.00129281310365, 0.00155831163283, 0.0014858036302, 0.000524763308931, 0.000660936464556, 0.000678228854667, 0.000300400919514, 0.000215480453335, 0.000192978579435, 0.000133557143272, 7.7827811765e-05, 5.73584075028e-05, 2.26874526561e-05, 9.9460937264e-09],
        "median": [1.42636254168e-05, 0.0037801573053, 0.00391506776214, 0.0023618217092, 0.00245269620791, 0.00092116027372, 0.0006151588168, 0.000595171062741, 0.000646513013635, 0.000822636589874, 0.000404846825404, 0.00046888604993, 0.000552211713511, 0.000890111085027, 0.00112104113214, 0.00107548572123, 0.000427773571573, 0.000539293920156, 0.000551699660718, 0.000212618644582, 0.000136912218295, 0.000101287369034, 6.44182728138e-05, 3.13992823067e-05, 1.43050328916e-05, 3.48262915395e-06, 1.06218178697e-09],
        "min": [5.07020061491e-08, 4.08483356296e-06, 6.60330852043e-06, 2.76443824987e-05, 0.000109907690785, 4.15310278186e-05, 3.21025509038e-05, 5.65127174923e-06, 1.96795735974e-05, 7.72094608692e-06, 1.31365659399e-05, 2.41705092776e-05, 9.27231667447e-06, 4.60370611108e-05, 5.10821701027e-05, 5.74232290091e-05, 1.36454582389e-05, 3.23029198626e-05, 3.16988662235e-05, 9.1901038104e-06, 1.96539303943e-06, 3.39414839345e-07, 5.77138621338e-07, 2.33765589996e-07, 1.2616689915e-08, 1.04288444547e-09, 5.8787237231e-12],
        "var": [1.63306168588e-07, 5.85058187426e-05, 2.3064772904e-05, 6.32108858554e-05, 1.94996955543e-05, 1.62534763604e-06, 2.16674675357e-06, 8.9603872766e-06, 1.05269273263e-05, 7.11881875759e-06, 8.54574136611e-06, 2.79568894257e-06, 1.1409755416e-06, 1.63531979069e-06, 2.02266596716e-06, 1.7062382085e-06, 1.43184266221e-07, 2.32947257928e-07, 3.03846974248e-07, 7.97106309847e-08, 4.86944351508e-08, 6.56784209241e-08, 3.88438010646e-08, 1.78441617038e-08, 1.14087495007e-08, 2.82019807507e-09, 2.06681587196e-15]
    },
    "erbbands": {
        "dmean": [0.10184468329, 1.07800674438, 2.99826216698, 6.60765028, 11.2431983948, 6.52034235001, 5.11127233505, 3.95941448212, 4.84262800217, 17.8100624084, 17.1473007202, 17.3623790741, 29.6945590973, 17.8581466675, 13.7338666916, 20.02003479, 21.595085144, 29.8019733429, 24.8637943268, 54.1077194214, 26.8130645752, 9.4817609787, 12.4048690796, 18.2197360992, 9.90319919586, 6.0043387413, 4.19999980927, 3.60448503494, 3.46539902687, 2.7756960392, 1.78168594837, 0.962562322617, 0.66952842474, 0.506727814674, 0.213724806905, 0.106385245919, 0.0266564935446, 0.00234241597354, 4.75503366033e-05, 1.19621308841e-05],
        "dmean2": [0.154318764806, 1.82252049446, 5.19664144516, 10.7758140564, 18.6065578461, 11.1083631516, 8.19427967072, 6.50582027435, 8.15439319611, 26.4184894562, 25.947473526, 26.1834907532, 44.6377410889, 26.0305995941, 20.4769363403, 29.6763477325, 33.4604759216, 46.4702186584, 39.8224487305, 87.2347717285, 42.8695144653, 15.2651185989, 20.3453140259, 29.4013538361, 16.3192558289, 10.0362024307, 7.0703754425, 5.77640390396, 5.44691371918, 4.37646007538, 2.72701740265, 1.41371428967, 1.05037379265, 0.802926063538, 0.336058855057, 0.167307585478, 0.0426047034562, 0.00386989628896, 7.58509922889e-05, 1.8452776203e-05],
        "dvar": [0.0392017737031, 2.18517708778, 25.381061554, 111.498031616, 721.082519531, 147.193481445, 46.4275512695, 21.5671863556, 31.2209243774, 1103.53466797, 1616.52868652, 1548.92236328, 2502.82714844, 1734.56787109, 640.062744141, 1612.44433594, 960.401123047, 1693.78503418, 1484.6817627, 4428.60742188, 1042.66186523, 75.2342605591, 183.347457886, 453.245635986, 141.096786499, 63.6285057068, 36.2411499023, 33.2467727661, 39.659362793, 40.1493988037, 13.4193534851, 4.59308576584, 2.87834048271, 1.31986653805, 0.288571596146, 0.0803262591362, 0.00482407351956, 4.3713098421e-05, 1.57396033984e-08, 2.47337955672e-10],
        "dvar2": [0.0880682468414, 6.34306716919, 71.3342437744, 246.624557495, 1872.25354004, 407.117004395, 110.063720703, 58.5141906738, 83.8700561523, 2524.89648438, 3815.25170898, 3550.62597656, 5479.83056641, 3568.88061523, 1128.93225098, 2729.09204102, 2204.21679688, 3968.31884766, 3615.76635742, 11276.4130859, 2473.61694336, 181.362289429, 510.449798584, 1222.68237305, 356.802337646, 158.403244019, 96.3123550415, 84.632484436, 91.1063766479, 94.0764465332, 28.9871406555, 9.35293579102, 6.77494001389, 3.19282913208, 0.678955197334, 0.192730769515, 0.011805742979, 0.000114823087642, 3.99289277198e-08, 5.53572576667e-10],
        "max": [1.63927090168, 12.8407649994, 59.062713623, 94.4114456177, 238.151245117, 105.739517212, 149.528274536, 49.4262771606, 61.8768539429, 394.860931396, 873.782348633, 745.338623047, 777.831665039, 1109.56958008, 1031.63439941, 1108.96166992, 554.731262207, 617.162780762, 592.422668457, 1013.21343994, 714.438476562, 112.994094849, 143.182800293, 333.632019043, 235.706329346, 119.768173218, 62.4392166138, 81.5146789551, 80.0708618164, 96.1327819824, 66.5903625488, 44.3290672302, 26.5470161438, 11.8865385056, 5.45108270645, 2.6364133358, 0.707995772362, 0.0808343812823, 0.00162986060604, 0.000177453533979],
        "mean": [0.143316358328, 1.61117041111, 5.14998197556, 11.9563188553, 15.6885194778, 10.7384576797, 11.7711629868, 9.16596126556, 10.8259630203, 36.2797737122, 33.6822013855, 36.9265785217, 68.3312759399, 41.9113960266, 40.280834198, 44.3195304871, 45.3716659546, 62.8891563416, 56.0572624207, 113.901817322, 66.3716583252, 26.1214141846, 31.5293769836, 43.6534767151, 25.258354187, 14.3969345093, 9.6611032486, 8.03612613678, 7.06436538696, 5.53236055374, 3.49584794044, 1.95652520657, 1.15376615524, 0.80023932457, 0.318366795778, 0.140225425363, 0.033430043608, 0.00249348813668, 7.39878014429e-05, 4.90140810143e-05],
        "median": [0.048794541508, 0.981401085854, 3.9768705368, 8.17502403259, 8.00376605988, 7.10742139816, 8.27843666077, 6.78595113754, 7.90776443481, 12.8321218491, 14.8231897354, 16.6753902435, 28.4153118134, 17.7496032715, 17.9468307495, 25.7883358002, 28.6388244629, 42.5706443787, 42.7481575012, 83.5464630127, 51.6970214844, 21.9854450226, 26.9386577606, 34.9497184753, 19.9239406586, 10.2103719711, 7.08151578903, 4.51184082031, 3.69748592377, 2.72164297104, 1.67828333378, 0.874485909939, 0.431401252747, 0.220613986254, 0.0725467354059, 0.0234339684248, 0.00479982653633, 0.000272909383057, 3.00601914205e-05, 4.55934241472e-05],
        "min": [0.000251063436735, 0.00301896780729, 0.0148842744529, 0.105464413762, 0.35419473052, 0.337604731321, 0.3741119802, 0.196935221553, 0.308903455734, 0.48653793335, 0.480446875095, 0.631123900414, 1.04449439049, 0.886007428169, 1.27436375618, 1.4898198843, 2.49467921257, 2.17461419106, 3.60349845886, 5.83769083023, 5.99721384048, 1.63709676266, 2.30769348145, 2.25173020363, 1.12631917, 0.368072658777, 0.163297325373, 0.0392423979938, 0.0142337139696, 0.0145916957408, 0.0166548900306, 0.00553622003645, 0.00295482110232, 0.000228938675718, 0.000153353015776, 5.10588797624e-05, 1.06193037936e-05, 2.18524382944e-06, 4.00755789087e-06, 7.37367190595e-06],
        "var": [0.0591440349817, 3.24075770378, 23.8134403229, 177.246688843, 699.518615723, 142.271179199, 177.240951538, 53.6073493958, 87.3937454224, 3261.66772461, 3565.95678711, 4520.53515625, 10914.0205078, 6598.71679688, 10494.0351562, 6558.25976562, 2628.56079102, 3874.46435547, 2870.95776367, 9950.98730469, 3099.29785156, 248.966522217, 400.827789307, 1169.23083496, 373.411621094, 179.092758179, 73.9979553223, 90.4827423096, 86.8109512329, 67.5418395996, 25.9297485352, 9.99963188171, 4.40112495422, 1.9691849947, 0.407190680504, 0.110537096858, 0.00591135118157, 4.14998394263e-05, 1.6922395929e-08, 4.55600140947e-10]
    },
    "gfcc": {
        "mean": [39.3538551331, 108.966293335, -143.29864502, 43.9549484253, -47.7566719055, 17.7005367279, -38.3888244629, 7.74761486053, -20.8398990631, -2.843531847, -18.9368686676, -9.69574356079, -11.6245946884],
        "cov": [[1146.70910645, -806.622558594, 362.651000977, -44.6740608215, -283.019439697, 193.01940918, -150.008071899, 105.919494629, -140.886169434, 101.630577087, -216.933441162, 78.8228378296, -147.389282227], [-806.622558594, 843.462463379, -317.110412598, -2.86203026772, 290.077941895, -154.919677734, 187.620483398, -64.555480957, 134.623672485, -88.3123016357, 201.495986938, -73.1268310547, 144.140899658], [362.651000977, -317.110412598, 419.94934082, 40.6879768372, -64.0458145142, 96.7395858765, -95.6338577271, 62.8882255554, -61.3350296021, 53.2861480713, -118.823951721, 36.5692176819, -96.8432235718], [-44.6740608215, -2.86203026772, 40.6879768372, 371.313079834, 51.1222915649, 62.2553024292, 55.6669425964, -46.986831665, 50.0401992798, -11.3144845963, 107.975509644, -2.37019729614, 72.0615005493], [-283.019439697, 290.077941895, -64.0458145142, 51.1222915649, 257.631591797, -29.7981681824, 76.1802139282, -1.93640887737, 43.5749816895, -0.90325731039, 81.1479568481, 3.52466011047, 56.7072372437], [193.01940918, -154.919677734, 96.7395858765, 62.2553024292, -29.7981681824, 129.587158203, 14.4497051239, 22.3113670349, -7.65393400192, 15.7056341171, -10.0325899124, 22.3860607147, -4.35919570923], [-150.008071899, 187.620483398, -95.6338577271, 55.6669425964, 76.1802139282, 14.4497051239, 133.265548706, -1.1844547987, 43.8923149109, -21.284992218, 76.7438964844, -3.94692015648, 52.4412002563], [105.919494629, -64.555480957, 62.8882255554, -46.986831665, -1.93640887737, 22.3113670349, -1.1844547987, 94.3892745972, 16.1410179138, 34.0683288574, -26.4280452728, 12.6694374084, -21.2222194672], [-140.886169434, 134.623672485, -61.3350296021, 50.0401992798, 43.5749816895, -7.65393400192, 43.8923149109, 16.1410179138, 92.7652740479, 9.80905437469, 56.0166664124, -18.1003379822, 37.7644958496], [101.630577087, -88.3123016357, 53.2861480713, -11.3144845963, -0.90325731039, 15.7056341171, -21.284992218, 34.0683288574, 9.80905437469, 74.5006408691, -1.5610396862, 25.5374336243, -18.8914451599], [-216.933441162, 201.495986938, -118.823951721, 107.975509644, 81.1479568481, -10.0325899124, 76.7438964844, -26.4280452728, 56.0166664124, -1.5610396862, 145.179885864, 9.56111526489, 73.972869873], [78.8228378296, -73.1268310547, 36.5692176819, -2.37019729614, 3.52466011047, 22.3860607147, -3.94692015648, 12.6694374084, -18.1003379822, 25.5374336243, 9.56111526489, 66.1019210815, 8.88223457336], [-147.389282227, 144.140899658, -96.8432235718, 72.0615005493, 56.7072372437, -4.35919570923, 52.4412002563, -21.2222194672, 37.7644958496, -18.8914451599, 73.972869873, 8.88223457336, 94.1100311279]],
        "icov": [[0.00336576229893, 0.00156458432321, 5.57941748411e-05, -0.000369203655282, 0.00111305410974, -0.00183703412767, -0.000656261690892, -0.00161342800129, 0.00216213730164, -0.00204780232161, 0.0017171993386, -0.000340928410878, -0.00013518378546], [0.00156458432321, 0.0143699320033, -0.00579657079652, 0.00907922443002, -0.00725630577654, 0.00850104726851, -0.00855557713658, 0.00584681238979, -0.00823349878192, 0.00854814052582, -0.0122343162075, 0.0107278330252, -0.00800002086908], [5.57941748411e-05, -0.00579657079652, 0.00913747772574, -0.00701671186835, 0.00224751094356, -0.00645560212433, 0.00588372675702, -0.00569827621803, 0.00513082463294, -0.00485096452758, 0.00949419010431, -0.00740858353674, 0.00772819248959], [-0.000369203655282, 0.00907922443002, -0.00701671186835, 0.0122599443421, -0.00520378770307, 0.00441805552691, -0.00553597928956, 0.00798481889069, -0.00821941625327, 0.00724161462858, -0.0135351428762, 0.0097638098523, -0.00839718151838], [0.00111305410974, -0.00725630577654, 0.00224751094356, -0.00520378770307, 0.0103664034978, -0.00372803001665, 0.00178282929119, -0.0045406408608, 0.00599928479642, -0.00699279783294, 0.00637296400964, -0.00600682385266, 0.00246453774162], [-0.00183703412767, 0.00850104726851, -0.00645560212433, 0.00441805552691, -0.00372803001665, 0.0200160648674, -0.0100048584864, 0.00379509595223, -0.00624805875123, 0.00610258895904, -0.00812904071063, 0.00542911607772, -0.00670965807512], [-0.000656261690892, -0.00855557713658, 0.00588372675702, -0.00553597928956, 0.00178282929119, -0.0100048584864, 0.0206359028816, -0.00696500856429, 0.0031873146072, 6.29282731097e-05, 0.00256652222015, -0.00648227473721, 0.00509043876082], [-0.00161342800129, 0.00584681238979, -0.00569827621803, 0.00798481889069, -0.0045406408608, 0.00379509595223, -0.00696500856429, 0.0226709358394, -0.0128829311579, 0.000883842178155, -0.00405784184113, 0.0031903788913, -0.00331893982366], [0.00216213730164, -0.00823349878192, 0.00513082463294, -0.00821941625327, 0.00599928479642, -0.00624805875123, 0.0031873146072, -0.0128829311579, 0.0302572064102, -0.0144076561555, 0.00544367497787, 0.00277890008874, -0.000590141688008], [-0.00204780232161, 0.00854814052582, -0.00485096452758, 0.00724161462858, -0.00699279783294, 0.00610258895904, 6.29282731097e-05, 0.000883842178155, -0.0144076561555, 0.0315808951855, -0.0146419545636, -0.00125709094573, 0.00157258473337], [0.0017171993386, -0.0122343162075, 0.00949419010431, -0.0135351428762, 0.00637296400964, -0.00812904071063, 0.00256652222015, -0.00405784184113, 0.00544367497787, -0.0146419545636, 0.0348005257547, -0.0164090823382, 0.00407081795856], [-0.000340928410878, 0.0107278330252, -0.00740858353674, 0.0097638098523, -0.00600682385266, 0.00542911607772, -0.00648227473721, 0.0031903788913, 0.00277890008874, -0.00125709094573, -0.0164090823382, 0.0350561365485, -0.0156405698508], [-0.00013518378546, -0.00800002086908, 0.00772819248959, -0.00839718151838, 0.00246453774162, -0.00670965807512, 0.00509043876082, -0.00331893982366, -0.000590141688008, 0.00157258473337, 0.00407081795856, -0.0156405698508, 0.0304977092892]]
    },
    "melbands": {
        "dmean": [0.00104124308564, 0.00149801874068, 0.00131954299286, 0.000600423198193, 0.000187583340448, 9.34840718401e-05, 7.41191688576e-05, 0.000211733116885, 0.000143835903145, 0.000103835998743, 0.000148272447404, 7.08516745362e-05, 5.53903155378e-05, 4.30494110333e-05, 5.53011195734e-05, 4.2403331463e-05, 6.35511314613e-05, 4.27547602158e-05, 5.50154509256e-05, 6.95946873748e-05, 2.95573008771e-05, 1.1668938896e-05, 1.01296809589e-05, 1.80389743036e-05, 1.62602191267e-05, 9.15135115065e-06, 6.04248270974e-06, 4.05576065532e-06, 3.09257166009e-06, 2.53055509347e-06, 2.06643221645e-06, 2.06032882488e-06, 2.07956304621e-06, 1.58049442689e-06, 1.17647402931e-06, 8.08247989426e-07, 5.58438898679e-07, 5.05081914071e-07, 4.73923137179e-07, 4.54160215213e-07],
        "dmean2": [0.00163599546067, 0.00254411995411, 0.00212175329216, 0.00101882754825, 0.000299275532598, 0.000151969739818, 0.000122279612697, 0.000314317294396, 0.000217838052777, 0.000156620240887, 0.000222307615331, 0.000103375794424, 8.26091199997e-05, 6.39153586235e-05, 8.28481497592e-05, 6.78869982949e-05, 9.91315755527e-05, 6.92534522386e-05, 8.98944199434e-05, 0.000110600369226, 4.78316178487e-05, 1.84555701708e-05, 1.66376794368e-05, 2.9636614272e-05, 2.63748297584e-05, 1.50716959979e-05, 1.00844217741e-05, 6.83618827679e-06, 5.27486781721e-06, 4.1610428525e-06, 3.38918493981e-06, 3.32030822392e-06, 3.39505709235e-06, 2.50966695603e-06, 1.88534465906e-06, 1.22533526792e-06, 8.54273935147e-07, 8.01150122243e-07, 7.62619833949e-07, 7.29298733404e-07],
        "dvar": [2.44400553129e-06, 5.15860165251e-06, 5.9046383285e-06, 1.8215930595e-06, 6.14054869175e-08, 1.13429186044e-08, 8.3691009678e-09, 1.5446261159e-07, 1.30161538436e-07, 5.14188052136e-08, 6.14694926071e-08, 2.69782010065e-08, 1.199173294e-08, 6.82514933459e-09, 8.31990565331e-09, 2.54236520725e-09, 8.1010131936e-09, 4.05506961343e-09, 4.9063522134e-09, 6.1566702847e-09, 1.31990085528e-09, 1.30742222604e-10, 1.34569452803e-10, 4.17576778711e-10, 3.78402281731e-10, 1.35802175061e-10, 5.92809204503e-11, 3.07760102125e-11, 2.01510613751e-11, 1.47575094506e-11, 1.1148453688e-11, 1.41213256366e-11, 1.74121446428e-11, 1.17303085648e-11, 5.99940583323e-12, 3.2517476125e-12, 1.41616861467e-12, 1.76353604029e-12, 1.21483303018e-12, 1.10366143308e-12],
        "dvar2": [6.03969238e-06, 1.49159977809e-05, 1.34346546474e-05, 4.9117211347e-06, 1.54915809958e-07, 3.0238538784e-08, 2.04229131384e-08, 3.51121627773e-07, 3.07415632506e-07, 1.12503244054e-07, 1.34010107899e-07, 5.50565957269e-08, 2.33663950411e-08, 1.14243050575e-08, 1.42972256256e-08, 6.35206376387e-09, 1.85351023418e-08, 9.98249571893e-09, 1.23589609657e-08, 1.47578784748e-08, 3.21049942187e-09, 3.1103267184e-10, 3.56508572663e-10, 1.13392673029e-09, 1.01828789845e-09, 3.45558526238e-10, 1.56634705206e-10, 7.91652160492e-11, 5.50428799762e-11, 3.77045686339e-11, 2.8433311261e-11, 3.33943081521e-11, 4.20018013425e-11, 2.60376980393e-11, 1.40977594182e-11, 6.80232172673e-12, 2.94856630431e-12, 4.18162509827e-12, 3.08654512539e-12, 2.65999093411e-12],
        "max": [0.0153230307624, 0.0266297981143, 0.019461363554, 0.0120130153373, 0.00394001463428, 0.0012689717114, 0.00164651137311, 0.00462240353227, 0.00718899816275, 0.00404310924932, 0.00375500344671, 0.00409754738212, 0.00349148525856, 0.00224322243594, 0.00243762484752, 0.00072734139394, 0.00140270031989, 0.000895832665265, 0.000935746822506, 0.00121794105507, 0.000772952917032, 0.000151831438416, 0.000127452876768, 0.000232279562624, 0.000294509402011, 0.000267229741439, 0.000112953908683, 6.11395444139e-05, 4.93686275149e-05, 5.80975174671e-05, 3.99460586777e-05, 4.438342512e-05, 6.33536837995e-05, 5.57872153877e-05, 3.96567338612e-05, 2.77884610114e-05, 2.52556255873e-05, 2.22530852625e-05, 1.27493540276e-05, 1.13040787255e-05],
        "mean": [0.00154507940169, 0.00261562806554, 0.00229977024719, 0.00090825825464, 0.000436830276158, 0.00021999530145, 0.000170330531546, 0.000416619965108, 0.000281051266938, 0.000228392294957, 0.000333368894644, 0.00015539850574, 0.000152161388542, 9.32659822865e-05, 0.000114891387057, 8.42949302751e-05, 0.000125215112348, 8.64503526827e-05, 0.000114384172775, 0.000149403189425, 6.46619664622e-05, 2.71013523161e-05, 2.19186840695e-05, 3.75143536075e-05, 3.5692453821e-05, 2.06298227567e-05, 1.37117103804e-05, 8.42519693833e-06, 6.2591511778e-06, 5.21619267602e-06, 4.30545378549e-06, 3.90392506233e-06, 3.83575661544e-06, 2.83012104774e-06, 2.12890631701e-06, 1.48538936173e-06, 1.08915037345e-06, 8.07465653452e-07, 7.08924346782e-07, 6.86418900386e-07],
        "median": [0.000785078736953, 0.00200389372185, 0.00147596921306, 0.000558150350116, 0.000321249186527, 0.000163005839568, 0.000120988799608, 0.000135987604153, 0.000119642529171, 0.000101548859675, 0.000130735948915, 5.64509609831e-05, 5.71500313526e-05, 5.136038817e-05, 7.08746156306e-05, 5.77647733735e-05, 7.89928162703e-05, 6.20395148871e-05, 8.64896428538e-05, 0.000110390770715, 4.92467042932e-05, 2.19147386815e-05, 1.75481945917e-05, 2.99948096654e-05, 2.70451328106e-05, 1.59481987794e-05, 9.91676006379e-06, 5.66168910154e-06, 4.51595360573e-06, 3.2524078506e-06, 2.18547597797e-06, 2.0587635845e-06, 1.86449517514e-06, 1.36022777042e-06, 1.00460374597e-06, 6.55506994462e-07, 4.66563875534e-07, 2.85327985239e-07, 2.32806911526e-07, 1.70101799313e-07],
        "min": [1.00133843262e-06, 5.16998716193e-06, 2.44903148996e-05, 4.0739436372e-05, 1.21253433463e-05, 4.77298999613e-06, 5.29150429429e-06, 2.95430436381e-06, 2.60379943029e-06, 4.41670408691e-06, 4.59756165583e-06, 2.39982341554e-06, 2.34783669839e-06, 4.20306696469e-06, 3.13083478432e-06, 1.90747505258e-06, 3.65370442523e-06, 2.14241754293e-06, 4.04159027312e-06, 6.72662918078e-06, 3.3357355278e-06, 8.57931013343e-07, 1.1241302218e-06, 1.59884280038e-06, 1.35165396387e-06, 8.40493157739e-07, 4.7123117497e-07, 3.4597803733e-08, 9.43350997318e-08, 5.26647561117e-08, 1.0371449477e-08, 8.46220249429e-09, 5.4568749519e-09, 8.07582534179e-09, 1.15900684605e-08, 2.02939021143e-09, 3.02170088951e-09, 2.21733387207e-09, 2.14448805935e-10, 1.58537419304e-11],
