{
"highlevel": {
    "danceability": {
        "all": {
            "danceable": 0.965914189816,
            "not_danceable": 0.0340858101845
        },
        "probability": 0.965914189816,
        "value": "danceable"
    },
    "gender": {
        "all": {
            "female": 0.301683455706,
            "male": 0.698316514492
        },
        "probability": 0.698316514492,
        "value": "male"
    },
    "genre_dortmund": {
        "all": {
            "alternative": 0.0146339656785,
            "blues": 0.187405988574,
            "electronic": 0.0554453991354,
            "folkcountry": 0.0492157712579,
            "funksoulrnb": 0.0927412360907,
            "jazz": 0.0663662180305,
            "pop": 0.0929116681218,
            "raphiphop": 0.403814852238,
            "rock": 0.0374649167061
        },
        "probability": 0.403814852238,
        "value": "raphiphop"
    },
    "genre_electronic": {
        "all": {
            "ambient": 0.530767679214,
            "dnb": 0.10047648102,
            "house": 0.292927712202,
            "techno": 0.0280196014792,
            "trance": 0.0478085018694
        },
        "probability": 0.530767679214,
        "value": "ambient"
    },
    "genre_rosamerica": {
        "all": {
            "cla": 0.0160506628454,
            "dan": 0.036963775754,
            "hip": 0.237525641918,
            "jaz": 0.0206869300455,
            "pop": 0.290773957968,
            "rhy": 0.362821638584,
            "roc": 0.0156330615282,
            "spe": 0.0195443443954
        },
        "probability": 0.362821638584,
        "value": "rhy"
    },
    "genre_tzanetakis": {
        "all": {
            "blu": 0.0620671063662,
            "cla": 0.034474901855,
            "cou": 0.103433981538,
            "dis": 0.0620971247554,
            "hip": 0.15527240932,
            "jaz": 0.310666948557,
            "met": 0.044346679002,
            "pop": 0.0620793737471,
            "reg": 0.0620816536248,
            "roc": 0.103479810059
        },
        "probability": 0.310666948557,
        "value": "jaz"
    },
    "ismir04_rhythm": {
        "all": {
            "ChaChaCha": 0.0620380192995,
            "Jive": 0.19855068624,
            "Quickstep": 0.0307130981237,
            "Rumba-American": 0.0244111344218,
            "Rumba-International": 0.309519737959,
            "Rumba-Misc": 0.0189642310143,
            "Samba": 0.327059984207,
            "Tango": 0.00455381255597,
            "VienneseWaltz": 0.0132112782449,
            "Waltz": 0.0109780104831
        },
        "probability": 0.327059984207,
        "value": "Samba"
    },
    "mood_acoustic": {
        "all": {
            "acoustic": 0.104837715626,
            "not_acoustic": 0.895162284374
        },
        "probability": 0.895162284374,
        "value": "not_acoustic"
    },
    "mood_aggressive": {
        "all": {
            "aggressive": 0.027832288295,
            "not_aggressive": 0.972167730331
        },
        "probability": 0.972167730331,
        "value": "not_aggressive"
    },
    "mood_electronic": {
        "all": {
            "electronic": 0.838069796562,
            "not_electronic": 0.16193023324
        },
        "probability": 0.838069796562,
        "value": "electronic"
    },
    "mood_happy": {
        "all": {
            "happy": 0.668993771076,
            "not_happy": 0.331006199121
        },
        "probability": 0.668993771076,
        "value": "happy"
    },
    "mood_party": {
        "all": {
            "not_party": 0.462875932455,
            "party": 0.537124037743
        },
        "probability": 0.537124037743,
        "value": "party"
    },
    "mood_relaxed": {
        "all": {
            "not_relaxed": 0.202718690038,
            "relaxed": 0.797281324863
        },
        "probability": 0.797281324863,
        "value": "relaxed"
    },
    "mood_sad": {
        "all": {
            "not_sad": 0.582343995571,
            "sad": 0.417656034231
        },
        "probability": 0.582343995571,
        "value": "not_sad"
    },
    "moods_mirex": {
        "all": {
            "Cluster1": 0.202373340726,
            "Cluster2": 0.273787647486,
            "Cluster3": 0.23792001605,
            "Cluster4": 0.121847890317,
            "Cluster5": 0.164071127772
        },
        "probability": 0.273787647486,
        "value": "Cluster2"
    },
    "timbre": {
        "all": {
            "bright": 0.924194335938,
            "dark": 0.0758056864142
        },
        "probability": 0.924194335938,
        "value": "bright"
    },
    "tonal_atonal": {
        "all": {
            "atonal": 0.654866695404,
            "tonal": 0.345133304596
        },
        "probability": 0.654866695404,
        "value": "atonal"
    },
    "voice_instrumental": {
        "all": {
            "instrumental": 0.00344415265135,
            "voice": 0.996555864811
        },
        "probability": 0.996555864811,
        "value": "voice"
    }
},
"lowlevel": {
    "average_loudness": 0.966594457626,
    "barkbands_crest": {
        "dmean": 3.49389457703,
        "dmean2": 5.5237159729,
        "dvar": 9.5480298996,
        "dvar2": 23.6096038818,
        "max": 25.7183513641,
        "mean": 12.8364114761,
        "median": 12.1396837234,
        "min": 3.62616062164,
        "var": 22.1833209991
    },
    "barkbands_flatness_db": {
        "dmean": 0.035512663424,
        "dmean2": 0.0522649697959,
        "dvar": 0.000989409163594,
        "dvar2": 0.00217776652426,
        "max": 0.402196198702,
        "mean": 0.188190445304,
        "median": 0.184079915285,
        "min": 0.0584865994751,
        "var": 0.00310050952248
    },
    "barkbands_kurtosis": {
        "dmean": 7.37869691849,
        "dmean2": 11.3503313065,
        "dvar": 171.15196228,
        "dvar2": 384.457275391,
        "max": 260.904602051,
        "mean": 9.57164859772,
        "median": 4.33328342438,
        "min": -1.93270981312,
        "var": 280.542144775
    },
    "barkbands_skewness": {
        "dmean": 0.979444682598,
        "dmean2": 1.43698513508,
        "dvar": 0.975911140442,
        "dvar2": 2.04532122612,
        "max": 11.7359571457,
        "mean": 2.13070988655,
        "median": 1.94315493107,
        "min": -3.38373827934,
        "var": 3.1848897934
    },
    "barkbands_spread": {
        "dmean": 9.68812847137,
        "dmean2": 14.6766424179,
        "dvar": 146.659225464,
        "dvar2": 278.764678955,
        "max": 116.157707214,
        "mean": 23.1805267334,
        "median": 16.7649822235,
        "min": 0.569257676601,
        "var": 437.263244629
    },
    "dissonance": {
        "dmean": 0.024745201692,
        "dmean2": 0.0400002114475,
        "dvar": 0.000524507137015,
        "dvar2": 0.00125741737429,
        "max": 0.499824345112,
        "mean": 0.448481738567,
        "median": 0.45578366518,
        "min": 0.215319827199,
        "var": 0.00126995495521
    },
    "dynamic_complexity": 2.40314269066,
    "erbbands_crest": {
        "dmean": 3.71326899529,
        "dmean2": 5.97156524658,
        "dvar": 9.49556159973,
        "dvar2": 24.5350990295,
        "max": 26.7489814758,
        "mean": 11.1258516312,
        "median": 10.4583559036,
        "min": 3.09153676033,
        "var": 18.786031723
    },
    "erbbands_flatness_db": {
        "dmean": 0.0299476478249,
        "dmean2": 0.0419974960387,
        "dvar": 0.000679557793774,
        "dvar2": 0.00130337837618,
        "max": 0.325853288174,
        "mean": 0.164517596364,
        "median": 0.159691363573,
        "min": 0.0502257868648,
        "var": 0.00246153771877
    },
    "erbbands_kurtosis": {
        "dmean": 1.89628064632,
        "dmean2": 3.06122207642,
        "dvar": 6.33407735825,
        "dvar2": 15.3696670532,
        "max": 25.6227703094,
        "mean": 1.42538666725,
        "median": 0.331736326218,
        "min": -1.81969165802,
        "var": 10.3699903488
    },
    "erbbands_skewness": {
        "dmean": 0.660458922386,
        "dmean2": 1.00480949879,
        "dvar": 0.396763473749,
        "dvar2": 0.836036980152,
        "max": 4.39566516876,
        "mean": 0.419775009155,
        "median": 0.578308463097,
        "min": -3.43281722069,
        "var": 1.53788149357
    },
    "erbbands_spread": {
        "dmean": 13.927321434,
        "dmean2": 21.0908470154,
        "dvar": 225.815933228,
        "dvar2": 484.811676025,
        "max": 164.353881836,
        "mean": 43.4745368958,
        "median": 39.4850502014,
        "min": 6.85758686066,
        "var": 601.929931641
    },
    "hfc": {
        "dmean": 8.86618804932,
        "dmean2": 12.2437076569,
        "dvar": 104.155097961,
        "dvar2": 197.29095459,
        "max": 96.4700775146,
        "mean": 18.8660640717,
        "median": 13.2996644974,
        "min": 0.0790195018053,
        "var": 302.026916504
    },
    "melbands_crest": {
        "dmean": 4.19521903992,
        "dmean2": 6.466984272,
        "dvar": 13.7195243835,
        "dvar2": 30.3491954803,
        "max": 37.3406562805,
        "mean": 18.0312309265,
        "median": 16.7679424286,
        "min": 3.43196749687,
        "var": 51.4846572876
    },
    "melbands_flatness_db": {
        "dmean": 0.0403240472078,
        "dmean2": 0.0576402880251,
        "dvar": 0.00134103547316,
        "dvar2": 0.00283585395664,
        "max": 0.508603334427,
        "mean": 0.243746325374,
        "median": 0.237128183246,
        "min": 0.0483904145658,
        "var": 0.0055547147058
    },
    "melbands_kurtosis": {
        "dmean": 16.9263420105,
        "dmean2": 26.4547348022,
        "dvar": 753.901977539,
        "dvar2": 1714.39331055,
        "max": 375.772125244,
        "mean": 25.1762504578,
        "median": 13.8957614899,
        "min": -1.87276613712,
        "var": 1290.8215332
    },
    "melbands_skewness": {
        "dmean": 1.26894521713,
        "dmean2": 1.87988853455,
        "dvar": 1.85112333298,
        "dvar2": 3.80052399635,
        "max": 15.1661548615,
        "mean": 3.42623019218,
        "median": 3.06336236,
        "min": -0.753639996052,
        "var": 5.11667251587
    },
    "melbands_spread": {
        "dmean": 10.545548439,
        "dmean2": 16.3733520508,
        "dvar": 368.266021729,
        "dvar2": 694.313171387,
        "max": 279.643493652,
        "mean": 23.0419616699,
        "median": 13.7586746216,
        "min": 0.374366700649,
        "var": 858.121887207
    },
    "pitch_salience": {
        "dmean": 0.0895761176944,
        "dmean2": 0.141015961766,
        "dvar": 0.00658531393856,
        "dvar2": 0.014843294397,
        "max": 0.789042651653,
        "mean": 0.482987672091,
        "median": 0.492921501398,
        "min": 0.055341206491,
        "var": 0.018318740651
    },
    "silence_rate_20dB": {
        "dmean": 0,
        "dmean2": 0,
        "dvar": 0,
        "dvar2": 0,
        "max": 1,
        "mean": 1,
        "median": 1,
        "min": 1,
        "var": 0
    },
    "silence_rate_30dB": {
        "dmean": 0.00154798757285,
        "dmean2": 0.00309837330133,
        "dvar": 0.00154558720533,
        "dvar2": 0.00308875157498,
        "max": 1,
        "mean": 0.998453199863,
        "median": 1,
        "min": 0,
        "var": 0.0015443948796
    },
    "silence_rate_60dB": {
        "dmean": 0.0356037169695,
        "dmean2": 0.0712625905871,
        "dvar": 0.0343360081315,
        "dvar2": 0.0708327963948,
        "max": 1,
        "mean": 0.0525908730924,
        "median": 0,
        "min": 0,
        "var": 0.0498251095414
    },
    "spectral_centroid": {
        "dmean": 395.811523438,
        "dmean2": 607.943969727,
        "dvar": 238929.46875,
        "dvar2": 443847,
        "max": 5636.61181641,
        "mean": 1319.484375,
        "median": 1048.42712402,
        "min": 198.634674072,
        "var": 765088.9375
    },
    "spectral_complexity": {
        "dmean": 3.81346750259,
        "dmean2": 5.67467069626,
        "dvar": 17.2169094086,
        "dvar2": 36.9616508484,
        "max": 34,
        "mean": 11.4717712402,
        "median": 10,
        "min": 0,
        "var": 37.6629676819
    },
    "spectral_decrease": {
        "dmean": 3.17818527051e-09,
        "dmean2": 4.57100046702e-09,
        "dvar": 1.65985949464e-17,
        "dvar2": 3.20865278668e-17,
        "max": -4.9762759885e-11,
        "mean": -7.07585456894e-09,
        "median": -5.30902166673e-09,
        "min": -3.16233190745e-08,
        "var": 3.67021989936e-17
    },
    "spectral_energy": {
        "dmean": 0.012419837527,
        "dmean2": 0.017809284851,
        "dvar": 0.000246827170486,
        "dvar2": 0.000474414060591,
        "max": 0.122856743634,
        "mean": 0.0284171309322,
        "median": 0.0220196284354,
        "min": 0.000194983498659,
        "var": 0.000547700503375
    },
    "spectral_energyband_high": {
        "dmean": 0.000548536074348,
        "dmean2": 0.000764596625231,
        "dvar": 9.49340915213e-07,
        "dvar2": 1.53181463247e-06,
        "max": 0.0104180751368,
        "mean": 0.000887081143446,
        "median": 0.000272855249932,
        "min": 2.51166937915e-07,
        "var": 2.78387028629e-06
    },
    "spectral_energyband_low": {
        "dmean": 0.0065184510313,
        "dmean2": 0.00999657344073,
        "dvar": 0.000148374776472,
        "dvar2": 0.0003506357898,
        "max": 0.109630517662,
        "mean": 0.0123457200825,
        "median": 0.00771971978247,
        "min": 8.58281225646e-07,
        "var": 0.000262466171989
    },
    "spectral_energyband_middle_high": {
        "dmean": 0.00176456838381,
        "dmean2": 0.00255226786248,
        "dvar": 6.65730794935e-06,
        "dvar2": 1.41179525599e-05,
        "max": 0.0449364073575,
        "mean": 0.00317283021286,
        "median": 0.00152411486488,
        "min": 7.04562444298e-06,
        "var": 1.6366595446e-05
    },
    "spectral_energyband_middle_low": {
        "dmean": 0.0067044897005,
        "dmean2": 0.00970158819109,
        "dvar": 0.00010815585847,
        "dvar2": 0.000193223590031,
        "max": 0.102657936513,
        "mean": 0.012554006651,
        "median": 0.00798991695046,
        "min": 9.20755701372e-05,
        "var": 0.000223766925046
    },
    "spectral_entropy": {
        "dmean": 0.293830573559,
        "dmean2": 0.41448867321,
        "dvar": 0.0694218352437,
        "dvar2": 0.13779501617,
        "max": 8.85332870483,
        "mean": 7.3221039772,
        "median": 7.27624416351,
        "min": 5.59418439865,
        "var": 0.276533514261
    },
    "spectral_flux": {
        "dmean": 0.0344333052635,
        "dmean2": 0.0543654114008,
        "dvar": 0.00126773188822,
        "dvar2": 0.00294607970864,
        "max": 0.274501860142,
        "mean": 0.0916989296675,
        "median": 0.0839351266623,
        "min": 0.0082396613434,
        "var": 0.00251005217433
    },
    "spectral_kurtosis": {
        "dmean": 2.05513429642,
        "dmean2": 3.13241434097,
        "dvar": 5.17375469208,
        "dvar2": 12.5147409439,
        "max": 30.942817688,
        "mean": 4.79809093475,
        "median": 4.3832654953,
        "min": -1.41147243977,
        "var": 12.683259964
    },
    "spectral_rms": {
        "dmean": 0.00110867770854,
        "dmean2": 0.00154307298362,
        "dvar": 1.4406630271e-06,
        "dvar2": 2.51400683737e-06,
        "max": 0.010948070325,
        "mean": 0.00483899237588,
        "median": 0.00463492888957,
        "min": 0.000436151138274,
        "var": 4.30819773101e-06
    },
    "spectral_rolloff": {
        "dmean": 787.363830566,
        "dmean2": 1344.95043945,
        "dvar": 2478570,
        "dvar2": 4727969.5,
        "max": 13652.0507812,
        "mean": 1642.50268555,
        "median": 645.99609375,
        "min": 64.599609375,
        "var": 5422520.5
    },
    "spectral_skewness": {
        "dmean": 0.321480423212,
        "dmean2": 0.478410661221,
        "dvar": 0.0842840895057,
        "dvar2": 0.175817772746,
        "max": 4.1956949234,
        "mean": 1.6214710474,
        "median": 1.6729414463,
        "min": -0.155154600739,
        "var": 0.328872829676
    },
    "spectral_spread": {
        "dmean": 1162595.875,
        "dmean2": 1657388.375,
        "dvar": 1.9814285312e+12,
        "dvar2": 2.94297717965e+12,
        "max": 26017570,
        "mean": 5493313,
        "median": 4836471,
        "min": 1478137,
        "var": 7.26081575322e+12
    },
    "spectral_strongpeak": {
        "dmean": 0.552495658398,
        "dmean2": 0.917907595634,
        "dvar": 0.944573819637,
        "dvar2": 2.19842100143,
        "max": 10.1594724655,
        "mean": 0.876626014709,
        "median": 0.434640020132,
        "min": 0,
        "var": 1.39907431602
    },
    "zerocrossingrate": {
        "dmean": 0.0181359443814,
        "dmean2": 0.0191919878125,
        "dvar": 0.000533650978468,
        "dvar2": 0.000476713146782,
        "max": 0.42822265625,
        "mean": 0.0653186663985,
        "median": 0.05029296875,
        "min": 0.0029296875,
        "var": 0.00329892220907
    },
    "barkbands": {
        "dmean": [0.000579821818974, 0.0058251679875, 0.00108057446778, 0.000885994930286, 0.00428615277633, 0.00196091714315, 0.00064733508043, 0.000541785382666, 0.000778293353505, 0.000244900293183, 0.000242690439336, 0.000318756356137, 0.00023106111621, 0.000258156505879, 0.000182503907126, 0.000146575315739, 0.000343338702805, 0.000243238551775, 0.000275414815405, 8.9138848125e-05, 3.92161709897e-05, 5.66671333218e-05, 0.000114463247883, 0.000153096771101, 0.000135881331516, 0.000111142908281, 1.20646781454e-08],
        "dmean2": [0.000885487825144, 0.00919988937676, 0.00173227442428, 0.00146905053407, 0.00621335301548, 0.00317373801954, 0.00103197444696, 0.000826316070743, 0.00120617996436, 0.000387342006434, 0.000351085705915, 0.000500560679939, 0.000370346766431, 0.000375528150471, 0.000295589154121, 0.000232595120906, 0.000547879200894, 0.000368503824575, 0.000430305371992, 0.000143271900015, 6.03437874815e-05, 8.19320121082e-05, 0.000167235528352, 0.00020644608594, 0.00018777322839, 0.000184437332791, 2.16175148893e-08],
        "dvar": [1.23285326481e-06, 0.000133934343467, 7.66852190281e-06, 4.41015208708e-06, 8.44455717015e-05, 1.122203048e-05, 2.44376656156e-06, 1.27426699237e-06, 3.84730492442e-06, 2.71139157348e-07, 3.10013774651e-07, 7.39331483146e-07, 1.66086283571e-06, 1.5693512978e-06, 3.58198349204e-07, 1.58692344598e-07, 6.15038118212e-07, 3.1680630741e-07, 4.21560145014e-07, 2.36845796309e-08, 7.30065741195e-09, 2.33780959036e-08, 7.77435360533e-08, 1.78474095947e-07, 8.07666253877e-08, 4.07440019501e-08, 4.08315196839e-15],
        "dvar2": [2.58605905401e-06, 0.000344302708982, 1.7632586605e-05, 1.10774581117e-05, 0.000157345668413, 2.7751788366e-05, 5.70075235373e-06, 2.85806459033e-06, 8.19339129521e-06, 5.90191973515e-07, 6.03762714491e-07, 1.6487663288e-06, 4.49725303042e-06, 2.86471777144e-06, 8.88088038664e-07, 3.48930029759e-07, 1.44932357671e-06, 6.79222182498e-07, 9.46686213865e-07, 5.49443974762e-08, 1.43803173813e-08, 5.02755419518e-08, 1.63732877922e-07, 2.89684976451e-07, 1.20782530644e-07, 1.03224522263e-07, 1.07266736251e-14],
        "max": [0.0115634258837, 0.096703864634, 0.0249704755843, 0.0250017102808, 0.0914054885507, 0.0417230725288, 0.029163049534, 0.0149608459324, 0.0417999848723, 0.0067999898456, 0.00944275222719, 0.0106690023094, 0.0355094596744, 0.0262639001012, 0.00983565300703, 0.00783550087363, 0.0114862220362, 0.00951006822288, 0.0107864569873, 0.00192617962603, 0.0015781223774, 0.00348086515442, 0.00369670707732, 0.00614810502157, 0.00479447748512, 0.00135108374525, 8.40760890242e-07],
        "mean": [0.00104203785304, 0.00953771546483, 0.00131053908262, 0.00125904171728, 0.0050819311291, 0.00316413911059, 0.000933915434871, 0.000825137307402, 0.00113941775635, 0.000312048738124, 0.000365388812497, 0.000358344957931, 0.000270756048849, 0.000316184625262, 0.000187450583326, 0.000175041262992, 0.000446800026111, 0.000321722240187, 0.000426693208283, 0.000106255654828, 4.79963455291e-05, 8.02666545496e-05, 0.000175292254426, 0.000244161754381, 0.000184296091902, 0.000104564307549, 8.20001488933e-09],
        "median": [0.000269921671133, 0.00484781712294, 0.000162250449648, 8.5122686869e-05, 0.000885572924744, 0.00139061163645, 0.000237699117861, 0.000148352977703, 0.000259883701801, 5.54745856789e-05, 7.12524633855e-05, 5.13561972184e-05, 4.82319883304e-05, 3.9979149733e-05, 4.15861759393e-05, 6.06128924119e-05, 9.95820373646e-05, 7.85968659329e-05, 7.67480523791e-05, 4.11994915339e-05, 1.91485451069e-05, 2.91873020615e-05, 4.93903062306e-05, 3.22288360621e-05, 1.85728858924e-05, 1.63890308613e-05, 4.12271994321e-10],
        "min": [1.96467855318e-08, 2.50482429465e-07, 3.4187603859e-08, 5.7527849151e-08, 2.30969362747e-06, 1.27038128994e-05, 9.2780783234e-07, 5.18335355082e-07, 9.6553117146e-07, 1.7829775345e-07, 6.8365881134e-07, 3.42880042581e-07, 3.22328702396e-07, 2.25930762099e-07, 2.16261724972e-07, 1.79316515414e-07, 2.66034760443e-07, 2.11236326209e-07, 1.6053041918e-07, 9.76886571635e-09, 1.78169816678e-08, 5.4704017316e-08, 2.04824068817e-09, 2.38459141322e-10, 1.53452268253e-11, 8.14692931173e-12, 8.93774290689e-12],
        "var": [2.59138482761e-06, 0.000190523263882, 9.18511159398e-06, 8.69877658261e-06, 0.000128149942611, 2.00284248422e-05, 4.19954676545e-06, 2.86805766336e-06, 9.78235129878e-06, 4.83735959733e-07, 8.05854483588e-07, 9.84664552561e-07, 1.47874254708e-06, 2.99870475828e-06, 3.44983760669e-07, 2.15187981212e-07, 1.0085213944e-06, 5.55296878701e-07, 1.0238180721e-06, 3.30598588505e-08, 1.07871072075e-08, 3.54298776983e-08, 1.63527474228e-07, 5.13507131927e-07, 2.24487976652e-07, 3.84535354669e-08, 2.78182137021e-15]
    },
    "erbbands": {
        "dmean": [0.228252097964, 1.14514863491, 1.27941596508, 2.04771995544, 5.21688365936, 20.4226284027, 14.8108148575, 18.6667804718, 11.2184886932, 9.13688468933, 10.497713089, 20.0577392578, 10.9063625336, 6.03618764877, 12.5213689804, 11.239812851, 10.5794668198, 10.5985183716, 13.0428552628, 7.46287918091, 9.1319026947, 18.6330070496, 13.2325925827, 12.2853097916, 11.846247673, 4.25640487671, 1.94527041912, 1.40433990955, 1.76210212708, 2.72517752647, 3.58999228477, 3.04053235054, 2.70494961739, 1.62631726265, 1.02304828167, 0.458936572075, 0.195064738393, 0.0273090898991, 0.000451970758149, 2.86035974568e-05],
        "dmean2": [0.366711199284, 1.83551859856, 2.02301383018, 3.45119571686, 7.40171575546, 30.25, 22.4817943573, 29.6787166595, 18.1559238434, 14.1105070114, 15.8854694366, 30.9189853668, 17.3015460968, 8.90651607513, 18.2995662689, 16.9777412415, 16.7513656616, 16.3668823242, 20.0303153992, 11.8581552505, 14.3235502243, 29.4889678955, 19.5547904968, 19.4918518066, 18.4764690399, 6.68966722488, 3.08781003952, 2.15728235245, 2.58427834511, 4.04949474335, 5.25374364853, 4.51518440247, 3.59180474281, 2.20872402191, 1.51099705696, 0.717989325523, 0.32467097044, 0.0482071116567, 0.000784287345596, 4.35892179667e-05],
        "dvar": [0.214289903641, 5.70469760895, 9.69041347504, 23.3118801117, 130.636230469, 2570.28588867, 689.00390625, 1052.44543457, 911.642150879, 290.864044189, 460.58480835, 2815.49707031, 672.462646484, 170.674057007, 682.869689941, 1184.6685791, 2237.85791016, 1819.91210938, 2319.86987305, 465.347473145, 502.11706543, 2187.52929688, 806.994689941, 722.173156738, 726.374694824, 45.1552352905, 16.2683544159, 10.334736824, 33.5336380005, 42.6402816772, 86.4133377075, 70.0624847412, 59.1418876648, 15.1538982391, 4.04386234283, 0.574396312237, 0.132359430194, 0.00416382774711, 1.02155308923e-06, 1.66846747529e-09],
        "dvar2": [0.513960719109, 15.0583410263, 21.3937664032, 61.0563163757, 242.833709717, 4854.78027344, 1471.2512207, 2538.37158203, 2207.90112305, 698.490966797, 984.488647461, 5643.65039062, 1621.90393066, 296.640258789, 1412.75915527, 2634.92504883, 5774.71142578, 4088.80175781, 4777.15087891, 968.737243652, 1132.87255859, 5230.16992188, 1576.18908691, 1718.83618164, 1572.11669922, 104.520614624, 38.5259170532, 17.3405895233, 71.2327041626, 102.696350098, 182.33921814, 138.770462036, 87.3277587891, 22.9098529816, 7.59047365189, 1.34739494324, 0.338080525398, 0.0113834599033, 2.76779201158e-06, 3.98538979596e-09],
        "max": [4.24186325073, 20.3528785706, 27.857843399, 43.8121070862, 125.257408142, 523.397460938, 345.917877197, 319.24206543, 523.952453613, 235.590759277, 269.308746338, 1328.96679688, 268.337371826, 315.352722168, 460.738922119, 484.663726807, 1269.16650391, 880.821899414, 1089.80053711, 411.451049805, 535.449951172, 788.399169922, 445.954803467, 546.476196289, 439.153839111, 81.846031189, 82.2806930542, 71.6677627563, 155.013809204, 149.991729736, 128.443099976, 112.619415283, 123.282150269, 65.6883010864, 27.451581955, 7.71647262573, 2.87850594521, 0.458923250437, 0.00690878881142, 0.00029791999259],
        "mean": [0.407465934753, 1.59547066689, 1.79738748074, 2.83181357384, 6.72737836838, 22.6131210327, 22.5481204987, 29.0441074371, 16.5268268585, 15.2870006561, 16.7128696442, 30.6562538147, 14.5642719269, 8.513920784, 18.4357280731, 14.0188617706, 13.6145677567, 12.7565727234, 15.593832016, 9.65871047974, 11.9838943481, 25.4662303925, 18.3562717438, 18.8455371857, 17.7894439697, 5.43662261963, 2.48273539543, 1.81401693821, 2.43544578552, 3.96934747696, 5.42995691299, 4.65000343323, 4.26094722748, 2.17508554459, 1.29008793831, 0.506168425083, 0.178681328893, 0.0205159783363, 0.000376610318199, 5.12097249157e-05],
        "median": [0.15354436636, 0.639047980309, 0.386170327663, 0.416498124599, 0.777883648872, 3.00159072876, 8.69333934784, 11.2556381226, 4.86859130859, 4.60061264038, 4.65261077881, 7.02845525742, 4.22307157516, 2.28275322914, 3.88178157806, 2.63772082329, 2.68267321587, 2.48871397972, 2.7187538147, 3.13142156601, 4.15700864792, 5.35010433197, 4.74995756149, 4.31306934357, 3.21689319611, 2.29503417015, 0.966513335705, 0.714889883995, 0.817021667957, 1.61244881153, 1.34399330616, 0.730284452438, 0.507429003716, 0.211792260408, 0.146573498845, 0.0815929397941, 0.0249820780009, 0.00175678182859, 5.40773507964e-05, 3.50664267899e-05],
        "min": [4.95675249113e-06, 5.67629722354e-05, 0.000204325842788, 0.000565284746699, 0.00371916475706, 0.0254175681621, 0.0564012750983, 0.113475166261, 0.0582553222775, 0.0242587011307, 0.0423941873014, 0.0436476767063, 0.0254332795739, 0.0214896518737, 0.0568793118, 0.022249000147, 0.0165106672794, 0.0189466699958, 0.0114927636459, 0.0135489646345, 0.0115500465035, 0.0110540427268, 0.0119574135169, 0.00829581730068, 0.00763357523829, 0.00537129724398, 0.00302300532348, 0.00362912775017, 0.00217311014421, 0.000687265186571, 8.0840451119e-05, 4.172338231e-05, 1.7989646949e-05, 2.11472615774e-06, 1.02882552255e-06, 6.85872521444e-07, 2.9104035093e-07, 4.61233504723e-08, 2.00150381602e-07, 2.48363960509e-07],
        "var": [0.342740356922, 7.03988790512, 13.0868244171, 33.3141174316, 249.192092896, 3679.00805664, 1311.65332031, 1981.64074707, 1423.5020752, 730.986938477, 969.940734863, 8105.83544922, 1026.97302246, 368.904571533, 1655.8092041, 1607.24304199, 2517.90991211, 2844.4777832, 4173.31542969, 701.451416016, 682.579772949, 3627.06494141, 1617.89135742, 1691.5802002, 1608.65869141, 66.133972168, 21.5146598816, 17.4944458008, 45.9268875122, 62.0239944458, 181.934753418, 165.101364136, 174.635101318, 39.437122345, 9.23399162292, 0.858112871647, 0.120397180319, 0.00286088767461, 7.36235904242e-07, 2.26849561358e-09]
    },
    "gfcc": {
        "mean": [-22.2868652344, 80.0787811279, -100.757133484, 30.6765422821, -61.0884513855, 8.58736038208, -46.5452423096, 18.0743236542, -20.3251609802, 4.97238302231, -5.70608377457, 12.7675933838, -8.12936019897],
        "cov": [[4446.38134766, -1063.31396484, 823.333007812, 22.4843063354, 173.201629639, 458.769683838, -197.201049805, 332.546722412, -328.844085693, 83.236869812, -375.214233398, 90.9848022461, -280.780609131], [-1063.31396484, 1746.58569336, -272.390045166, 231.20539856, 282.211486816, -187.80670166, 440.130645752, -151.531814575, 221.310180664, -126.016555786, 185.13621521, -152.179107666, 155.847000122], [823.333007812, -272.390045166, 1482.53076172, 270.043731689, 230.998046875, 466.191619873, -47.4943809509, 152.847366333, -6.99018526077, 155.078735352, -157.20350647, -11.971654892, -46.4954566956], [22.4843063354, 231.20539856, 270.043731689, 652.525085449, 309.646575928, 85.9361724854, 105.095718384, 88.0154037476, 190.341674805, -46.1610069275, 48.3360862732, -73.7294311523, 52.0434150696], [173.201629639, 282.211486816, 230.998046875, 309.646575928, 609.984558105, 83.1725311279, 177.656890869, 175.384475708, 82.5696182251, -6.280585289, 5.28258323669, 24.5042533875, -62.960067749], [458.769683838, -187.80670166, 466.191619873, 85.9361724854, 83.1725311279, 484.904174805, 57.0703544617, 86.337890625, 34.1269302368, 67.7059326172, -3.16809821129, -25.416759491, -6.65849399567], [-197.201049805, 440.130645752, -47.4943809509, 105.095718384, 177.656890869, 57.0703544617, 355.236419678, 52.9418945312, 76.2229995728, -15.2639102936, 80.1863937378, 4.03375101089, -0.880802333355], [332.546722412, -151.531814575, 152.847366333, 88.0154037476, 175.384475708, 86.337890625, 52.9418945312, 278.234893799, 38.6407318115, -2.5023856163, 17.6646709442, 63.5907936096, -62.3976020813], [-328.844085693, 221.310180664, -6.99018526077, 190.341674805, 82.5696182251, 34.1269302368, 76.2229995728, 38.6407318115, 263.123199463, 46.1282348633, 91.2114715576, -23.9722709656, 77.4465789795], [83.236869812, -126.016555786, 155.078735352, -46.1610069275, -6.280585289, 67.7059326172, -15.2639102936, -2.5023856163, 46.1282348633, 213.714050293, -3.38856983185, 25.5139827728, 28.3272151947], [-375.214233398, 185.13621521, -157.20350647, 48.3360862732, 5.28258323669, -3.16809821129, 80.1863937378, 17.6646709442, 91.2114715576, -3.38856983185, 199.437072754, 40.2573547363, 44.3967208862], [90.9848022461, -152.179107666, -11.971654892, -73.7294311523, 24.5042533875, -25.416759491, 4.03375101089, 63.5907936096, -23.9722709656, 25.5139827728, 40.2573547363, 161.018096924, -23.101852417], [-280.780609131, 155.847000122, -46.4954566956, 52.0434150696, -62.960067749, -6.65849399567, -0.880802333355, -62.3976020813, 77.4465789795, 28.3272151947, 44.3967208862, -23.101852417, 156.204559326]],
        "icov": [[0.000394201313611, -6.83143443894e-05, 8.39655622258e-05, -0.000267264666036, 0.000115670467494, -0.000408512161812, 0.000211210761336, -0.000407102459576, 0.00044450929272, -0.000260544911725, 0.000660687277559, -0.000337889039656, 0.000347665860318], [-6.83143443894e-05, 0.00199254159816, -0.000528289179783, 0.000867879891302, -0.00119466648903, 0.00136009848211, -0.00210739579052, 0.0013328489149, -0.000871648429893, 0.00130208325572, -0.00146197143476, 0.00200963672251, -0.00155141635332], [8.39655622258e-05, -0.000528289179783, 0.00155123905279, -0.000974985421635, 0.000235421626712, -0.00154465541709, 0.000893496966455, -0.000639981066342, 0.000706816208549, -0.0012198680779, 0.00149324839003, -0.000922611856367, 0.000552939774934], [-0.000267264666036, 0.000867879891302, -0.000974985421635, 0.00378682790324, -0.00189370417502, 0.00112515047658, -0.000890242808964, 0.000641783757601, -0.00227954890579, 0.00209951051511, -0.00161768926773, 0.00234055169858, -0.00180676032323], [0.000115670467494, -0.00119466648903, 0.000235421626712, -0.00189370417502, 0.00381546723656, -0.000749464146793, 0.000118398413179, -0.00179092853796, 0.000490351521876, -0.00112515548244, 0.00163935846649, -0.00189500430133, 0.00210676761344], [-0.000408512161812, 0.00136009848211, -0.00154465541709, 0.00112515047658, -0.000749464146793, 0.00462867086753, -0.00215366808698, 0.000514398387168, -0.000954195449594, 0.000713473767973, -0.00240325462073, 0.00275658047758, -0.00140293326695], [0.000211210761336, -0.00210739579052, 0.000893496966455, -0.000890242808964, 0.000118398413179, -0.00215366808698, 0.00613758526742, -0.0014456352219, 0.00066498311935, -0.0012106297072, 0.000545392045751, -0.00196571834385, 0.00190195336472], [-0.000407102459576, 0.0013328489149, -0.000639981066342, 0.000641783757601, -0.00179092853796, 0.000514398387168, -0.0014456352219, 0.00696964887902, -0.00226567825302, 0.00176086265128, -0.00159849831834, -0.000734203902539, 0.000759873364586], [0.00044450929272, -0.000871648429893, 0.000706816208549, -0.00227954890579, 0.000490351521876, -0.000954195449594, 0.00066498311935, -0.00226567825302, 0.00809598434716, -0.00298021920025, -0.000865681213327, 0.000295632344205, -0.00128957442939], [-0.000260544911725, 0.00130208325572, -0.0012198680779, 0.00209951051511, -0.00112515548244, 0.000713473767973, -0.0012106297072, 0.00176086265128, -0.00298021920025, 0.00746209081262, -0.000853886187542, 0.000143556462717, -0.00216827192344], [0.000660687277559, -0.00146197143476, 0.00149324839003, -0.00161768926773, 0.00163935846649, -0.00240325462073, 0.000545392045751, -0.00159849831834, -0.000865681213327, -0.000853886187542, 0.0102833462879, -0.00489016948268, 0.000490605307277], [-0.000337889039656, 0.00200963672251, -0.000922611856367, 0.00234055169858, -0.00189500430133, 0.00275658047758, -0.00196571834385, -0.000734203902539, 0.000295632344205, 0.000143556462717, -0.00489016948268, 0.0113637587056, -0.00171957782004], [0.000347665860318, -0.00155141635332, 0.000552939774934, -0.00180676032323, 0.00210676761344, -0.00140293326695, 0.00190195336472, 0.000759873364586, -0.00128957442939, -0.00216827192344, 0.000490605307277, -0.00171957782004, 0.0110836615786]]
    },
    "melbands": {
        "dmean": [0.00177938304842, 0.000883725704625, 0.000392919813748, 0.000847211747896, 0.000668958819006, 0.000398603297072, 0.000157017304446, 0.000103382204543, 8.90290320967e-05, 0.000127068444272, 5.29502322024e-05, 2.42110854742e-05, 3.72620088456e-05, 3.82143189199e-05, 2.18551977014e-05, 2.60642955254e-05, 2.0697420041e-05, 2.48443593591e-05, 1.07209489215e-05, 1.10501459858e-05, 1.21130451589e-05, 2.14156061702e-05, 1.76123739948e-05, 9.37172444537e-06, 1.05176495708e-05, 1.13026226245e-05, 5.12601218361e-06, 2.7091505217e-06, 1.34329945922e-06, 1.06439995307e-06, 7.69864243466e-07, 9.55358814281e-07, 1.36587868838e-06, 1.66940458257e-06, 2.14470833271e-06, 2.11245196624e-06, 1.92331799553e-06, 2.16927696783e-06, 1.58738293976e-06, 1.40359293255e-06],
        "dmean2": [0.00281968316995, 0.00137219962198, 0.000622588035185, 0.00123955367599, 0.000973307469394, 0.00063551205676, 0.000254496815614, 0.000160607960424, 0.000135140217026, 0.000196115855942, 8.42917506816e-05, 3.62398022844e-05, 5.4087897297e-05, 5.92636388319e-05, 3.33286370733e-05, 4.14384121541e-05, 3.23335116263e-05, 3.73658549506e-05, 1.7604777895e-05, 1.761560452e-05, 1.91502622329e-05, 3.40315928042e-05, 2.61870791292e-05, 1.48335593622e-05, 1.69982176885e-05, 1.75519526238e-05, 8.12009875517e-06, 4.37449079982e-06, 2.17277784031e-06, 1.63553249877e-06, 1.18886293876e-06, 1.45643309679e-06, 2.0027773644e-06, 2.52887525676e-06, 3.25957353198e-06, 3.08777111968e-06, 2.92464756058e-06, 3.09791789732e-06, 2.03534750653e-06, 1.98376801563e-06],
        "dvar": [1.24988891912e-05, 3.81016798201e-06, 7.51204936478e-07, 3.37532196681e-06, 1.74840602085e-06, 4.70739138336e-07, 1.61911614782e-07, 4.3128611793e-08, 3.16385566634e-08, 1.19231756912e-07, 1.65552709319e-08, 2.88926704783e-09, 6.30057295226e-09, 9.2358733994e-09, 4.57542359555e-09, 2.77202865107e-08, 8.6136182631e-09, 1.07522044601e-08, 9.8791497205e-10, 8.20381707012e-10, 1.05408426432e-09, 2.93756086123e-09, 1.85431781041e-09, 3.60358548557e-10, 6.11920569771e-10, 9.26397514256e-10, 1.12272233177e-10, 2.42190243555e-11, 1.06099096522e-11, 4.90040343373e-12, 2.93883146985e-12, 1.88824077901e-11, 1.06632125005e-11, 1.4894974143e-11, 3.08927085302e-11, 3.54963246296e-11, 2.68905609585e-11, 4.1396278766e-11, 2.09701700449e-11, 1.01813748404e-11],
        "dvar2": [3.12300799123e-05, 9.03860563994e-06, 1.7926381588e-06, 6.26991095487e-06, 3.33524462803e-06, 1.13909379706e-06, 3.90478078316e-07, 1.01896084459e-07, 6.62338450752e-08, 2.45538586796e-07, 4.00416375612e-08, 5.1797903744e-09, 1.24415961977e-08, 2.12073132388e-08, 9.99438576343e-09, 7.4620707835e-08, 1.77499810405e-08, 2.09090593728e-08, 2.35134978155e-09, 1.83367021567e-09, 2.37222974597e-09, 6.95466839673e-09, 4.03395006288e-09, 7.72572172902e-10, 1.48619483387e-09, 2.02823091655e-09, 2.57317167573e-10, 5.86094089927e-11, 2.72592538819e-11, 9.50473380557e-12, 5.21488277908e-12, 4.51935468215e-11, 2.30430830667e-11, 3.69866984262e-11, 6.89945392485e-11, 6.93192170331e-11, 5.75961431326e-11, 7.00447894131e-11, 3.38790176468e-11, 1.60932760174e-11],
        "max": [0.0318060666323, 0.0186370499432, 0.00934755243361, 0.0176375024021, 0.013285969384, 0.00658107968047, 0.00682795234025, 0.00307387672365, 0.00225880322978, 0.00835450086743, 0.00136880378705, 0.00120070308913, 0.0013147033751, 0.00130125402939, 0.0011494983919, 0.00464957533404, 0.00215231464244, 0.00252896058373, 0.000401107681682, 0.000687888998073, 0.000719111412764, 0.000856188649777, 0.000758911832236, 0.000300929241348, 0.000507797056343, 0.000658441043925, 0.000142415083246, 7.66396551626e-05, 6.63975151838e-05, 4.17067749368e-05, 3.61139209417e-05, 0.000126144383103, 7.30691026547e-05, 8.26551404316e-05, 7.85042066127e-05, 7.45346114854e-05, 6.68966240482e-05, 0.000109257969598, 7.12497349014e-05, 5.47558629478e-05],
        "mean": [0.00309491623193, 0.00132777739782, 0.000603001681156, 0.00098505616188, 0.000939855002798, 0.000630866736174, 0.000230762016145, 0.000169169681612, 0.000139300303999, 0.000188012418221, 6.61428930471e-05, 3.09887982439e-05, 5.78742656216e-05, 4.42979908257e-05, 2.8328911867e-05, 2.8335945899e-05, 2.44633592956e-05, 2.9516806535e-05, 1.18634925457e-05, 1.32455688799e-05, 1.45006797538e-05, 2.81453922071e-05, 2.12437535083e-05, 1.27512175823e-05, 1.54559002112e-05, 1.67300204339e-05, 6.56449037706e-06, 3.10006680593e-06, 1.61476157245e-06, 1.24173709537e-06, 9.48828187575e-07, 1.16075796086e-06, 1.94272251974e-06, 2.29154466069e-06, 3.08697121909e-06, 3.13762438964e-06, 2.70665441349e-06, 3.28680403072e-06, 2.22932612814e-06, 1.72541751908e-06],
        "median": [0.00144325557631, 0.000403770594858, 7.98499968369e-05, 0.000144170408021, 0.000318997306749, 0.000257327337749, 6.44421088509e-05, 4.46191806986e-05, 3.76671159756e-05, 3.91367866541e-05, 1.49392526509e-05, 6.25434950052e-06, 1.10941591629e-05, 7.88407032815e-06, 4.60133514935e-06, 4.77688263345e-06, 3.73081070393e-06, 4.18644322053e-06, 2.87707439384e-06, 4.3339214244e-06, 4.49182698503e-06, 5.29432645635e-06, 4.07142260883e-06, 3.20310095958e-06, 3.15101101478e-06, 2.40011854657e-06, 1.62872447618e-06, 1.16130172501e-06, 5.36827826636e-07, 4.4939520194e-07, 3.39883627021e-07, 3.50085542777e-07, 6.76913089137e-07, 8.94172103472e-07, 8.02837405445e-07, 5.11204689246e-07, 3.83560319506e-07, 3.72610003296e-07, 1.9959885833e-07, 1.41571831591e-07],
        "min": [5.81809658229e-08, 1.16331221989e-07, 3.80672986466e-08, 6.45567070023e-07, 9.74261865849e-07, 2.02656792681e-06, 4.57718812186e-07, 1.13594609275e-07, 2.15889286892e-07, 1.55965864224e-07, 8.21673467044e-08, 2.33709975817e-08, 1.93541083604e-07, 6.38563548705e-08, 2.30675514246e-08, 3.38197594374e-08, 2.64179682574e-08, 1.71475615929e-08, 1.76008523312e-08, 1.75172925054e-08, 1.46336063267e-08, 1.40271341209e-08, 7.66322916235e-09, 1.22335865882e-08, 5.56760193504e-09, 5.84719117569e-09, 4.4960382084e-09, 2.45000020271e-10, 6.77770450874e-10, 4.34385527548e-10, 3.21419592331e-11, 1.18586432341e-10, 5.93477045285e-10, 9.32872668002e-11, 1.22503032024e-11, 6.28466842369e-13, 4.88455359059e-13, 7.83444435628e-13, 1.57399687359e-13, 4.82471118721e-14],
