{
"highlevel": {
    "danceability": {
        "all": {
            "danceable": 0.998439490795,
            "not_danceable": 0.00156048149802
        },
        "probability": 0.998439490795,
        "value": "danceable"
    },
    "gender": {
        "all": {
            "female": 0.916826367378,
            "male": 0.0831736251712
        },
        "probability": 0.916826367378,
        "value": "female"
    },
    "genre_dortmund": {
        "all": {
            "alternative": 0.0879742875695,
            "blues": 0.0417295135558,
            "electronic": 0.0650516375899,
            "folkcountry": 0.0395669713616,
            "funksoulrnb": 0.0148919541389,
            "jazz": 0.0271219238639,
            "pop": 0.0371879264712,
            "raphiphop": 0.616345047951,
            "rock": 0.0701307356358
        },
        "probability": 0.616345047951,
        "value": "raphiphop"
    },
    "genre_electronic": {
        "all": {
            "ambient": 0.305231124163,
            "dnb": 0.141128361225,
            "house": 0.104498788714,
            "techno": 0.0376751795411,
            "trance": 0.411466538906
        },
        "probability": 0.411466538906,
        "value": "trance"
    },
    "genre_rosamerica": {
        "all": {
            "cla": 0.000624418898951,
            "dan": 0.369036376476,
            "hip": 0.586449027061,
            "jaz": 0.000951415277086,
            "pop": 0.0145622892305,
            "rhy": 0.0222843457013,
            "roc": 0.00568428169936,
            "spe": 0.000407837360399
        },
        "probability": 0.586449027061,
        "value": "hip"
    },
    "genre_tzanetakis": {
        "all": {
            "blu": 0.0626613423228,
            "cla": 0.0348169617355,
            "cou": 0.104475811124,
            "dis": 0.0784321576357,
            "hip": 0.15692435205,
            "jaz": 0.313974827528,
            "met": 0.0448166541755,
            "pop": 0.0627359300852,
            "reg": 0.0627360641956,
            "roc": 0.0784258767962
        },
        "probability": 0.313974827528,
        "value": "jaz"
    },
    "ismir04_rhythm": {
        "all": {
            "ChaChaCha": 0.794253528118,
            "Jive": 0.0361863411963,
            "Quickstep": 0.0147969396785,
            "Rumba-American": 0.00777886109427,
            "Rumba-International": 0.00252541247755,
            "Rumba-Misc": 0.00104547222145,
            "Samba": 0.138589352369,
            "Tango": 0.00125499384012,
            "VienneseWaltz": 0.00333931599744,
            "Waltz": 0.000229808618315
        },
        "probability": 0.794253528118,
        "value": "ChaChaCha"
    },
    "mood_acoustic": {
        "all": {
            "acoustic": 0.0414809286594,
            "not_acoustic": 0.958519101143
        },
        "probability": 0.958519101143,
        "value": "not_acoustic"
    },
    "mood_aggressive": {
        "all": {
            "aggressive": 0.175932779908,
            "not_aggressive": 0.824067234993
        },
        "probability": 0.824067234993,
        "value": "not_aggressive"
    },
    "mood_electronic": {
        "all": {
            "electronic": 0.805132091045,
            "not_electronic": 0.194867908955
        },
        "probability": 0.805132091045,
        "value": "electronic"
    },
    "mood_happy": {
        "all": {
            "happy": 0.73159635067,
            "not_happy": 0.26840364933
        },
        "probability": 0.73159635067,
        "value": "happy"
    },
    "mood_party": {
        "all": {
            "not_party": 0.326981574297,
            "party": 0.673018395901
        },
        "probability": 0.673018395901,
        "value": "party"
    },
    "mood_relaxed": {
        "all": {
            "not_relaxed": 0.770642340183,
            "relaxed": 0.229357674718
        },
        "probability": 0.770642340183,
        "value": "not_relaxed"
    },
    "mood_sad": {
        "all": {
            "not_sad": 0.740892708302,
            "sad": 0.259107261896
        },
        "probability": 0.740892708302,
        "value": "not_sad"
    },
    "moods_mirex": {
        "all": {
            "Cluster1": 0.339493006468,
            "Cluster2": 0.193149760365,
            "Cluster3": 0.0853165239096,
            "Cluster4": 0.278019934893,
            "Cluster5": 0.104020774364
        },
        "probability": 0.339493006468,
        "value": "Cluster1"
    },
    "timbre": {
        "all": {
            "bright": 0.991666197777,
            "dark": 0.00833381153643
        },
        "probability": 0.991666197777,
        "value": "bright"
    },
    "tonal_atonal": {
        "all": {
            "atonal": 0.0178103521466,
            "tonal": 0.982189655304
        },
        "probability": 0.982189655304,
        "value": "tonal"
    },
    "voice_instrumental": {
        "all": {
            "instrumental": 0.0723534300923,
            "voice": 0.927646577358
        },
        "probability": 0.927646577358,
        "value": "voice"
    }
},
"lowlevel": {
    "average_loudness": 0.985021948814,
    "barkbands_crest": {
        "dmean": 3.66006660461,
        "dmean2": 5.77625274658,
        "dvar": 9.47325706482,
        "dvar2": 22.004945755,
        "max": 24.7074146271,
        "mean": 11.5285902023,
        "median": 10.7966403961,
        "min": 2.08020544052,
        "var": 25.4047431946
    },
    "barkbands_flatness_db": {
        "dmean": 0.0317246466875,
        "dmean2": 0.0465412959456,
        "dvar": 0.000794085266534,
        "dvar2": 0.00158926076256,
        "max": 0.307910263538,
        "mean": 0.138977125287,
        "median": 0.138400569558,
        "min": 0.0266037452966,
        "var": 0.00258052698337
    },
    "barkbands_kurtosis": {
        "dmean": 3.62521195412,
        "dmean2": 5.8217420578,
        "dvar": 52.8218421936,
        "dvar2": 125.769737244,
        "max": 117.11605072,
        "mean": 3.69716930389,
        "median": 1.0815653801,
        "min": -1.94967889786,
        "var": 76.7973861694
    },
    "barkbands_skewness": {
        "dmean": 0.796141564846,
        "dmean2": 1.24400997162,
        "dvar": 0.644070088863,
        "dvar2": 1.406036973,
        "max": 10.2630701065,
        "mean": 1.57115638256,
        "median": 1.3564504385,
        "min": -1.61413300037,
        "var": 1.69805812836
    },
    "barkbands_spread": {
        "dmean": 9.84581375122,
        "dmean2": 15.5800857544,
        "dvar": 109.256507874,
        "dvar2": 218.47895813,
        "max": 110.417098999,
        "mean": 31.6803035736,
        "median": 28.5067520142,
        "min": 2.53673434258,
        "var": 274.378234863
    },
    "dissonance": {
        "dmean": 0.0223834551871,
        "dmean2": 0.0368314310908,
        "dvar": 0.000496308668517,
        "dvar2": 0.001287285937,
        "max": 0.499859809875,
        "mean": 0.46270224452,
        "median": 0.469591677189,
        "min": 0.311648309231,
        "var": 0.000856968574226
    },
    "dynamic_complexity": 1.86629533768,
    "erbbands_crest": {
        "dmean": 3.64393138885,
        "dmean2": 5.86537122726,
        "dvar": 11.055768013,
        "dvar2": 26.3612747192,
        "max": 31.0582637787,
        "mean": 10.0391302109,
        "median": 8.91086483002,
        "min": 2.10941076279,
        "var": 27.3828029633
    },
    "erbbands_flatness_db": {
        "dmean": 0.0220732614398,
        "dmean2": 0.0322584658861,
        "dvar": 0.000341818697052,
        "dvar2": 0.000688156520482,
        "max": 0.26529070735,
        "mean": 0.131969332695,
        "median": 0.126307561994,
        "min": 0.0575179941952,
        "var": 0.00145630317274
    },
    "erbbands_kurtosis": {
        "dmean": 1.18682253361,
        "dmean2": 1.9323130846,
        "dvar": 3.20638608932,
        "dvar2": 7.35794019699,
        "max": 23.4328193665,
        "mean": 0.695242643356,
        "median": -0.158718347549,
        "min": -1.66214382648,
        "var": 6.37765932083
    },
    "erbbands_skewness": {
        "dmean": 0.465484380722,
        "dmean2": 0.733840703964,
        "dvar": 0.186743229628,
        "dvar2": 0.408345848322,
        "max": 3.01796174049,
        "mean": 0.153148919344,
        "median": 0.0931450501084,
        "min": -3.48160600662,
        "var": 0.537790298462
    },
    "erbbands_spread": {
        "dmean": 11.9674329758,
        "dmean2": 19.1077365875,
        "dvar": 126.690811157,
        "dvar2": 312.895111084,
        "max": 130.439315796,
        "mean": 44.8011665344,
        "median": 42.8863487244,
        "min": 4.59223413467,
        "var": 412.255279541
    },
    "hfc": {
        "dmean": 14.3233280182,
        "dmean2": 21.3591651917,
        "dvar": 664.417541504,
        "dvar2": 1460.12854004,
        "max": 220.408889771,
        "mean": 31.4807853699,
        "median": 21.5533714294,
        "min": 2.19253945351,
        "var": 1068.60375977
    },
    "melbands_crest": {
        "dmean": 4.27644252777,
        "dmean2": 6.76621818542,
        "dvar": 13.8867902756,
        "dvar2": 31.8382167816,
        "max": 33.4146385193,
        "mean": 16.9305858612,
        "median": 16.844865799,
        "min": 2.73688769341,
        "var": 29.760471344
    },
    "melbands_flatness_db": {
        "dmean": 0.0420279912651,
        "dmean2": 0.0613842234015,
        "dvar": 0.00158167642076,
        "dvar2": 0.00311117526144,
        "max": 0.402872473001,
        "mean": 0.188983663917,
        "median": 0.189998403192,
        "min": 0.0168417934328,
        "var": 0.00480578374118
    },
    "melbands_kurtosis": {
        "dmean": 13.1732826233,
        "dmean2": 21.3668041229,
        "dvar": 467.671234131,
        "dvar2": 1104.8651123,
        "max": 376.347564697,
        "mean": 18.1857795715,
        "median": 8.46484184265,
        "min": -1.51604294777,
        "var": 899.173339844
    },
    "melbands_skewness": {
        "dmean": 1.28247642517,
        "dmean2": 2.0211994648,
        "dvar": 1.54969871044,
        "dvar2": 3.4890396595,
        "max": 15.6009435654,
        "mean": 3.14391231537,
        "median": 2.6020257473,
        "min": -0.313904643059,
        "var": 4.64909553528
    },
    "melbands_spread": {
        "dmean": 13.2048168182,
        "dmean2": 20.6672401428,
        "dvar": 263.880615234,
        "dvar2": 581.976867676,
        "max": 210.970016479,
        "mean": 28.743888855,
        "median": 24.3019390106,
        "min": 1.08637773991,
        "var": 442.891143799
    },
    "pitch_salience": {
        "dmean": 0.101929396391,
        "dmean2": 0.159155979753,
        "dvar": 0.00939819216728,
        "dvar2": 0.0200556498021,
        "max": 0.866115748882,
        "mean": 0.458009421825,
        "median": 0.446040600538,
        "min": 0.109291188419,
        "var": 0.0188160408288
    },
    "silence_rate_20dB": {
        "dmean": 0,
        "dmean2": 0,
        "dvar": 0,
        "dvar2": 0,
        "max": 1,
        "mean": 1,
        "median": 1,
        "min": 1,
        "var": 0
    },
    "silence_rate_30dB": {
        "dmean": 0.0030959751457,
        "dmean2": 0.00619674660265,
        "dvar": 0.00308634759858,
        "dvar2": 0.0092567531392,
        "max": 1,
        "mean": 0.998453199863,
        "median": 1,
        "min": 0,
        "var": 0.00154439045582
    },
    "silence_rate_60dB": {
        "dmean": 0.0108359130099,
        "dmean2": 0.0216886140406,
        "dvar": 0.0107183968648,
        "dvar2": 0.0258660223335,
        "max": 1,
        "mean": 0.0100541375577,
        "median": 0,
        "min": 0,
        "var": 0.00995305646211
    },
    "spectral_centroid": {
        "dmean": 388.579284668,
        "dmean2": 601.974975586,
        "dvar": 142134.953125,
        "dvar2": 298782.28125,
        "max": 4658.83007812,
        "mean": 1654.31115723,
        "median": 1556.76818848,
        "min": 475.883636475,
        "var": 393287.90625
    },
    "spectral_complexity": {
        "dmean": 6.54953575134,
        "dmean2": 9.5623550415,
        "dvar": 61.6623649597,
        "dvar2": 117.43359375,
        "max": 62,
        "mean": 18.7587013245,
        "median": 15,
        "min": 2,
        "var": 143.530563354
    },
    "spectral_decrease": {
        "dmean": 3.05198200046e-09,
        "dmean2": 4.60489690823e-09,
        "dvar": 1.0016016536e-17,
        "dvar2": 2.1390480359e-17,
        "max": -3.59302310127e-10,
        "mean": -8.13657408116e-09,
        "median": -7.02007163511e-09,
        "min": -2.6997582836e-08,
        "var": 2.78464728388e-17
    },
    "spectral_energy": {
        "dmean": 0.0120965326205,
        "dmean2": 0.0182878430933,
        "dvar": 0.000159160132171,
        "dvar2": 0.000331844988978,
        "max": 0.108654305339,
        "mean": 0.0335647240281,
        "median": 0.0287914741784,
        "min": 0.00168697163463,
        "var": 0.000453104730695
    },
    "spectral_energyband_high": {
        "dmean": 0.00120220554527,
        "dmean2": 0.00168629048858,
        "dvar": 6.11102313997e-06,
        "dvar2": 1.27413286464e-05,
        "max": 0.0223614666611,
        "mean": 0.00206431373954,
        "median": 0.000879751110915,
        "min": 4.39795439888e-05,
        "var": 1.0836558431e-05
    },
    "spectral_energyband_low": {
        "dmean": 0.00958903040737,
        "dmean2": 0.0147960763425,
        "dvar": 0.000145968733705,
        "dvar2": 0.000333072704962,
        "max": 0.0955956950784,
        "mean": 0.0184274055064,
        "median": 0.0149520635605,
        "min": 8.4441535364e-06,
        "var": 0.000311024603434
    },
    "spectral_energyband_middle_high": {
        "dmean": 0.00351998652332,
        "dmean2": 0.00583951128647,
        "dvar": 2.1022200599e-05,
        "dvar2": 5.28473647137e-05,
        "max": 0.0442919135094,
        "mean": 0.00688870763406,
        "median": 0.00503669632599,
        "min": 0.00020908548322,
        "var": 4.16711736761e-05
    },
    "spectral_energyband_middle_low": {
        "dmean": 0.00471396464854,
        "dmean2": 0.00736960675567,
        "dvar": 3.42388084391e-05,
        "dvar2": 8.1356811279e-05,
        "max": 0.0421764142811,
        "mean": 0.00744444131851,
        "median": 0.00504848826677,
        "min": 0.000282409018837,
        "var": 5.13617342222e-05
    },
    "spectral_entropy": {
        "dmean": 0.201450079679,
        "dmean2": 0.28037545085,
        "dvar": 0.0354526638985,
        "dvar2": 0.0646387562156,
        "max": 8.63555812836,
        "mean": 7.83404636383,
        "median": 7.84411287308,
        "min": 6.53555679321,
        "var": 0.162659272552
    },
    "spectral_flux": {
        "dmean": 0.0327916890383,
        "dmean2": 0.0523812733591,
        "dvar": 0.000929633795749,
        "dvar2": 0.00207318295725,
        "max": 0.283803015947,
        "mean": 0.107610329986,
        "median": 0.0976078361273,
        "min": 0.024652088061,
        "var": 0.00226408452727
    },
    "spectral_kurtosis": {
        "dmean": 0.912184119225,
        "dmean2": 1.39416706562,
        "dvar": 0.843864142895,
        "dvar2": 1.8831884861,
        "max": 11.1342563629,
        "mean": 2.7893884182,
        "median": 2.49644041061,
        "min": -1.45374083519,
        "var": 3.04658007622
    },
    "spectral_rms": {
        "dmean": 0.00104897085112,
        "dmean2": 0.00156482576858,
        "dvar": 1.0263513559e-06,
        "dvar2": 2.00358567781e-06,
        "max": 0.0102958343923,
        "mean": 0.00542567763478,
        "median": 0.00529992859811,
        "min": 0.00128289742861,
        "var": 3.3080934827e-06
    },
    "spectral_rolloff": {
        "dmean": 1077.14538574,
        "dmean2": 1721.32226562,
        "dvar": 2417727.5,
        "dvar2": 4826586,
        "max": 11154.1992188,
        "mean": 1894.48999023,
        "median": 1313.52539062,
        "min": 64.599609375,
        "var": 3902342.75
    },
    "spectral_skewness": {
        "dmean": 0.176627114415,
        "dmean2": 0.262669116259,
        "dvar": 0.026099614799,
        "dvar2": 0.0520994216204,
        "max": 2.56805038452,
        "mean": 1.39098405838,
        "median": 1.40403068066,
        "min": -0.0960841104388,
        "var": 0.13515137136
    },
    "spectral_spread": {
        "dmean": 749392.3125,
        "dmean2": 1111284.5,
        "dvar": 549170413568,
        "dvar2": 1.11275907482e+12,
        "max": 15163686,
        "mean": 6111929,
        "median": 6021891,
        "min": 2807368.75,
        "var": 2.25740167578e+12
    },
    "spectral_strongpeak": {
        "dmean": 0.523804605007,
        "dmean2": 0.927434265614,
        "dvar": 0.81742221117,
        "dvar2": 2.18625450134,
        "max": 8.13398838043,
        "mean": 0.723695158958,
        "median": 0.38400799036,
        "min": 0.0457985661924,
        "var": 0.839879989624
    },
    "zerocrossingrate": {
        "dmean": 0.0202973075211,
        "dmean2": 0.0219821110368,
        "dvar": 0.000414719019318,
        "dvar2": 0.000493999745231,
        "max": 0.3095703125,
        "mean": 0.0788017213345,
        "median": 0.0703125,
        "min": 0.0078125,
        "var": 0.00185082096141
    },
    "barkbands": {
        "dmean": [0.000101081037428, 0.00693860743195, 0.00399475032464, 0.00180134095717, 0.00054295908194, 0.000903615378775, 0.00199489877559, 0.00032732920954, 0.00054507702589, 0.00156151968986, 0.000676022085827, 0.000335037533659, 0.000711340631824, 0.000428592553362, 0.000509001081809, 0.000381867925171, 0.000349952024408, 0.00035901600495, 0.00023416793556, 0.000145327023347, 0.000211720005609, 0.000181169103598, 0.000234449238633, 0.000306686299155, 0.000228482938837, 0.000119303906104, 4.42194760808e-07],
        "dmean2": [0.000132685076096, 0.0102560389787, 0.0063877417706, 0.00316483387724, 0.000918238773011, 0.00144920579623, 0.00319628277794, 0.000537723710295, 0.000887405476533, 0.00252292049117, 0.00107734405901, 0.000543942849617, 0.00116023793817, 0.000700064818375, 0.00084483291721, 0.00064413092332, 0.000582366832532, 0.00062602723483, 0.00039233037387, 0.000226245960221, 0.000335615884978, 0.000275789032457, 0.000348457193468, 0.000449616636615, 0.000343244784744, 0.000181961571798, 7.53694678224e-07],
        "dvar": [1.41761207217e-08, 9.69269094639e-05, 5.20991598023e-05, 1.71525589394e-05, 1.35441337079e-06, 2.3440500172e-06, 9.70009659795e-06, 4.31780819099e-07, 2.88886144517e-06, 8.20506102173e-06, 2.73401860795e-06, 1.61969410328e-06, 1.86673014468e-06, 5.56833583687e-07, 6.3565749997e-07, 3.30180995434e-07, 3.26896241631e-07, 5.39208713235e-07, 1.85273719921e-07, 6.72386022416e-08, 2.55465977261e-07, 1.5240891571e-07, 2.77960765516e-07, 4.43090783619e-07, 2.21486189389e-07, 5.44143681225e-08, 3.11590206761e-12],
        "dvar2": [2.65224180396e-08, 0.000210781829082, 0.000130177519168, 4.67386562377e-05, 3.50146478922e-06, 5.84705230722e-06, 2.35053994402e-05, 1.08740653104e-06, 7.37598520573e-06, 2.10758335015e-05, 6.36547883914e-06, 2.86875842903e-06, 4.64434106107e-06, 1.36991070576e-06, 1.66404868196e-06, 7.98676751401e-07, 7.82505026109e-07, 1.51243375512e-06, 4.86881901907e-07, 1.42068671494e-07, 6.53837901154e-07, 3.1371362752e-07, 5.70225097363e-07, 8.96775361525e-07, 4.92230924465e-07, 1.25199463241e-07, 8.35822296791e-12],
        "max": [0.00121349003166, 0.0774643346667, 0.0544371455908, 0.0294138900936, 0.00877720490098, 0.0140361301601, 0.0373765639961, 0.0105443652719, 0.0295098498464, 0.0284403581172, 0.0252513289452, 0.0401044376194, 0.0144805125892, 0.00683801108971, 0.0091171041131, 0.00416358141229, 0.00595523789525, 0.00728673953563, 0.00442279223353, 0.00230300566182, 0.00471024913713, 0.00635109236464, 0.00739544490352, 0.00898361764848, 0.00491118151695, 0.00199111248367, 1.91463550436e-05],
        "mean": [0.00020597888215, 0.0119728827849, 0.00513968896121, 0.00156043481547, 0.000517626467627, 0.00121245509945, 0.00293816649355, 0.000357439741492, 0.000574236677494, 0.00190454546828, 0.000715915404726, 0.000416662427597, 0.00101855013054, 0.000477761554066, 0.000707888335455, 0.000435964553617, 0.000435362366261, 0.000470579514513, 0.000325367291225, 0.000218495042645, 0.000293324352242, 0.000310321134748, 0.000384745013434, 0.000476364337374, 0.000330309703713, 0.000163250995683, 3.37926564953e-07],
        "median": [8.41154978843e-05, 0.00759444152936, 0.00265032891184, 0.000456724723335, 0.000187729863683, 0.000445034937002, 0.00104757375084, 0.000117285839224, 0.000160595576745, 0.000419315299951, 0.000147114202264, 0.000142051823786, 0.000290319381747, 0.000163433578564, 0.000366475229384, 0.000186129065696, 0.000183148236829, 0.000264753529336, 0.000181497831363, 9.51329711825e-05, 0.000102579142549, 0.000120147735288, 0.000152701555635, 0.000163844786584, 0.000119221396744, 5.96341669734e-05, 8.52417358921e-10],
        "min": [3.06063596689e-09, 1.95470329345e-06, 3.83495461165e-07, 4.66619439976e-06, 1.0190859939e-05, 8.57906252349e-06, 7.17877355783e-06, 1.64201867392e-06, 3.82214420824e-06, 2.38970574173e-06, 1.33517642098e-06, 1.38551740747e-06, 3.58835131919e-06, 4.35407309851e-06, 7.08174684405e-06, 3.3122437344e-06, 4.70956229037e-06, 4.84202882944e-06, 9.16826229513e-06, 2.28946464631e-06, 3.86575175071e-06, 3.33540629072e-06, 3.61231013812e-06, 5.45767670701e-06, 1.08682485234e-07, 5.70492915131e-08, 6.27971849868e-12],
        "var": [6.28921341672e-08, 0.000197965666302, 5.32736557943e-05, 1.19419319162e-05, 1.07982600639e-06, 3.67659367839e-06, 2.02191495191e-05, 5.21430763456e-07, 2.89708577839e-06, 1.20111844808e-05, 3.09755114358e-06, 2.9260293104e-06, 3.50676737071e-06, 6.56195652482e-07, 8.76096351021e-07, 3.7978685441e-07, 4.40768445742e-07, 4.62194520878e-07, 1.83286147148e-07, 1.10143481891e-07, 3.04913385207e-07, 2.96321843507e-07, 4.68106861717e-07, 8.13609062789e-07, 3.18340681815e-07, 7.1422547876e-08, 2.33005888889e-12]
    },
    "erbbands": {
        "dmean": [0.164358317852, 1.72988653183, 4.13423013687, 5.8532743454, 3.13656497002, 1.55931150913, 2.56465220451, 8.56064987183, 25.1248493195, 23.1973304749, 7.86541128159, 12.9536075592, 22.9454917908, 59.9778442383, 13.5284576416, 18.2964687347, 32.522808075, 18.9111213684, 23.7973270416, 23.4318675995, 21.7518444061, 18.7420158386, 18.5399341583, 14.517250061, 11.5561180115, 6.33530950546, 8.84669399261, 7.98783969879, 6.53453063965, 6.26127624512, 6.99761819839, 6.48159885406, 5.06060266495, 2.42575979233, 1.7934037447, 0.7165350914, 0.200530409813, 0.0144334472716, 0.0003351404157, 3.23394269799e-05],
        "dmean2": [0.239252850413, 2.54475831985, 6.26437664032, 9.84318447113, 5.54883289337, 2.64281105995, 4.28433609009, 13.6557569504, 40.781917572, 34.4528121948, 13.2549686432, 20.8376312256, 37.4796867371, 97.8037414551, 21.6923332214, 28.7486953735, 53.114566803, 31.4972801208, 39.0165939331, 39.2064476013, 36.2169723511, 30.796125412, 32.2340888977, 24.833360672, 19.1217327118, 9.74770832062, 14.5883655548, 12.3798322678, 10.0205583572, 9.22344112396, 10.3553152084, 9.41824817657, 7.58130884171, 3.62174654007, 2.79768466949, 1.12842106819, 0.306746125221, 0.0222949068993, 0.000502137700096, 4.85117125208e-05],
        "dvar": [0.052046649158, 6.431848526, 44.6195106506, 148.640274048, 53.3345756531, 11.0544252396, 31.5631084442, 212.865203857, 1401.97167969, 2400.15258789, 316.258117676, 2040.48254395, 2467.62182617, 16144.7568359, 593.891906738, 4149.52197266, 3829.95385742, 1206.29003906, 1436.97387695, 1750.57568359, 1036.62390137, 1053.34973145, 1402.84082031, 639.559936523, 563.937133789, 125.601753235, 491.277679443, 312.100646973, 208.817626953, 166.651138306, 236.068161011, 205.430923462, 124.428367615, 29.222202301, 12.2702331543, 2.00505375862, 0.149376377463, 0.000700446078554, 4.44344578909e-07, 3.39319483622e-09],
        "dvar2": [0.115101359785, 13.8791675568, 104.19606781, 385.112854004, 144.690734863, 28.1045398712, 74.7918319702, 545.217102051, 3280.33740234, 5093.47167969, 827.181152344, 5112.96923828, 5981.04638672, 41249.0859375, 1339.64611816, 7253.48730469, 9500.18554688, 3121.41308594, 3526.57348633, 4644.93164062, 2473.45605469, 2582.14672852, 3894.38916016, 1702.81433105, 1486.33508301, 252.158477783, 1302.38122559, 736.737731934, 447.073913574, 335.819549561, 491.643829346, 403.66607666, 266.024505615, 62.0200653076, 28.3502159119, 4.59602594376, 0.342374145985, 0.00163174234331, 1.0493093896e-06, 7.74054242925e-09],
        "max": [2.14139962196, 19.2529411316, 50.4087524414, 92.5909042358, 51.8604011536, 27.4249572754, 109.964797974, 139.576141357, 346.465454102, 871.289001465, 286.407531738, 823.30682373, 715.534851074, 1367.24108887, 348.445068359, 2071.32641602, 671.529052734, 556.981079102, 428.466552734, 659.460998535, 272.402191162, 375.495483398, 364.706756592, 221.901367188, 232.384170532, 104.949714661, 207.496002197, 184.478637695, 219.820678711, 155.271865845, 209.577102661, 194.530853271, 145.257369995, 72.4050292969, 35.6572227478, 16.1310405731, 3.42773103714, 0.280314981937, 0.00559820979834, 0.000577365688514],
        "mean": [0.303549438715, 2.81077408791, 5.9424495697, 6.38471889496, 2.77648329735, 1.50519526005, 3.58913040161, 11.630531311, 35.2629737854, 33.9220085144, 8.7251701355, 14.3454179764, 26.6987056732, 75.8175125122, 18.0062408447, 24.8088321686, 47.3126144409, 23.9961776733, 34.5426559448, 31.2327384949, 27.051733017, 24.7803573608, 24.5262985229, 20.1438884735, 15.744474411, 10.2138080597, 11.2595100403, 11.9311342239, 10.819396019, 10.7144784927, 11.1405487061, 10.2453289032, 7.55378627777, 3.84296107292, 2.33104586601, 0.944595396519, 0.271590024233, 0.0177440401167, 0.000432652101154, 6.98573130649e-05],
        "median": [0.22577624023, 1.65691149235, 3.47101783752, 2.99275326729, 0.969353854656, 0.535264074802, 1.16569054127, 5.11288404465, 15.0843544006, 9.07321643829, 3.78796005249, 4.22920322418, 8.20593357086, 16.5751590729, 7.20434808731, 9.89927101135, 14.5308141708, 12.5285739899, 11.8881626129, 15.9886837006, 12.5795116425, 11.6340990067, 13.7187824249, 12.1886959076, 8.15113639832, 4.84639120102, 3.79204940796, 4.45451402664, 4.01386451721, 4.62104082108, 4.25505828857, 3.5632379055, 2.48947358131, 1.29696822166, 0.824555754662, 0.331199973822, 0.100971437991, 0.00533938081935, 0.000141042211908, 4.59556504211e-05],
        "min": [5.38483145647e-05, 0.000492850493174, 0.00113670248538, 0.0153469955549, 0.0252275392413, 0.0375239923596, 0.0576190464199, 0.111419066787, 0.0727017521858, 0.148239925504, 0.0727611705661, 0.145824640989, 0.17682415247, 0.166435047984, 0.204251244664, 0.242481738329, 0.365709155798, 0.324170082808, 0.416013747454, 0.541229009628, 0.464764893055, 0.344878226519, 0.381597608328, 0.441386640072, 0.40692794323, 0.210340559483, 0.121542558074, 0.168455019593, 0.107703715563, 0.185096427798, 0.118138864636, 0.0668113529682, 0.0780383646488, 0.0105269337073, 0.000745896133594, 0.000325216795318, 0.000107362422568, 9.08173933567e-06, 4.04217325922e-06, 2.78787888419e-06],
        "var": [0.111243076622, 12.6243247986, 60.6423416138, 120.487892151, 36.5472984314, 8.94561958313, 77.6656723022, 299.126647949, 2452.60791016, 5895.11669922, 293.142364502, 2044.80566406, 2687.49560547, 23435.4863281, 944.094177246, 7459.37451172, 7190.32861328, 1276.55224609, 2498.40844727, 2023.4473877, 1311.36560059, 1456.78076172, 1206.87670898, 638.820007324, 543.667480469, 220.173171997, 495.207458496, 459.690307617, 382.965454102, 323.177856445, 397.182769775, 381.601013184, 207.525939941, 47.5717544556, 15.3988170624, 2.64159655571, 0.18955911696, 0.000841042492539, 5.33259481017e-07, 5.12890130366e-09]
    },
    "gfcc": {
        "mean": [32.7371826172, 57.0879325867, -106.061195374, 37.6635093689, -52.9704055786, 34.1564903259, -38.8563613892, 26.1912555695, -17.7003250122, 14.0766143799, -10.529759407, 8.1784362793, -15.7608184814],
        "cov": [[2260.56347656, -517.685058594, 99.4593429565, -91.3688659668, -95.4841842651, 73.4026184082, -102.064994812, -40.1046829224, -133.80039978, -34.0329780579, -269.70401001, -46.1187973022, -75.8222503662], [-517.685058594, 784.782104492, 36.1418266296, 51.5549964905, 278.039825439, 55.3396453857, 183.81388855, 19.2000827789, 79.3627700806, -11.9365682602, 135.952026367, -12.7258424759, 51.8473854065], [99.4593429565, 36.1418266296, 500.050445557, 231.671264648, 107.037528992, 114.862686157, 63.5038223267, 5.48608064651, -12.0873832703, -12.3468494415, -55.0454406738, -40.894947052, -36.780632019], [-91.3688659668, 51.5549964905, 231.671264648, 419.708435059, 107.346107483, 43.9795799255, 81.739692688, 27.689332962, 64.9068527222, -6.78396368027, 17.1106414795, -40.0499725342, 23.8690681458], [-95.4841842651, 278.039825439, 107.037528992, 107.346107483, 293.068847656, 124.517089844, 138.47328186, 26.7883453369, 4.81613349915, 0.145232275128, 24.9490604401, -18.812040329, 3.25522756577], [73.4026184082, 55.3396453857, 114.862686157, 43.9795799255, 124.517089844, 283.452362061, 170.557693481, -31.0205764771, -44.8149223328, -5.48128414154, -16.0061340332, -28.6475028992, 11.1998615265], [-102.064994812, 183.81388855, 63.5038223267, 81.739692688, 138.47328186, 170.557693481, 222.633270264, 5.53813791275, -18.912027359, 0.886023759842, 12.1237745285, -12.9588499069, 34.1760787964], [-40.1046829224, 19.2000827789, 5.48608064651, 27.689332962, 26.7883453369, -31.0205764771, 5.53813791275, 125.012336731, 84.9208068848, 6.93073749542, 39.2314376831, 30.7236232758, 8.82631206512], [-133.80039978, 79.3627700806, -12.0873832703, 64.9068527222, 4.81613349915, -44.8149223328, -18.912027359, 84.9208068848, 188.94102478, 34.7592048645, 77.0754623413, 38.3938446045, 10.6197538376], [-34.0329780579, -11.9365682602, -12.3468494415, -6.78396368027, 0.145232275128, -5.48128414154, 0.886023759842, 6.93073749542, 34.7592048645, 88.1113128662, 34.108833313, 14.357755661, 5.33522415161], [-269.70401001, 135.952026367, -55.0454406738, 17.1106414795, 24.9490604401, -16.0061340332, 12.1237745285, 39.2314376831, 77.0754623413, 34.108833313, 141.021957397, 50.4889526367, 24.6269817352], [-46.1187973022, -12.7258424759, -40.894947052, -40.0499725342, -18.812040329, -28.6475028992, -12.9588499069, 30.7236232758, 38.3938446045, 14.357755661, 50.4889526367, 92.6215591431, 26.6169948578], [-75.8222503662, 51.8473854065, -36.780632019, 23.8690681458, 3.25522756577, 11.1998615265, 34.1760787964, 8.82631206512, 10.6197538376, 5.33522415161, 24.6269817352, 26.6169948578, 80.9315948486]],
        "icov": [[0.000645829131827, 0.000125278384076, 5.74683872401e-05, -3.34620999638e-05, -4.66489291284e-05, -0.000473835185403, 0.000473703927128, -0.00029192736838, 8.53834062582e-05, -0.000202776311198, 0.00123841676395, -0.000382983591408, 0.000211312319152], [0.000125278384076, 0.00505818612874, -0.0017455611378, 0.00314931059256, -0.00440584495664, 0.00405439035967, -0.0044939853251, 0.00377428880893, -0.00363830779679, 0.00359050254337, -0.00501302909106, 0.00450491346419, -0.00345836882479], [5.74683872401e-05, -0.0017455611378, 0.00424132822081, -0.00336293852888, 0.00112572312355, -0.00303065986373, 0.00245975167491, -0.00210871128365, 0.00194266124163, -0.00178455316927, 0.00349060376175, -0.00286631123163, 0.00340009410866], [-3.34620999638e-05, 0.00314931059256, -0.00336293852888, 0.00661336630583, -0.00330545846373, 0.00397170288488, -0.00424477970228, 0.00314629334025, -0.00438603153452, 0.0032487558201, -0.00430626003072, 0.00572466151789, -0.00470603210852], [-4.66489291284e-05, -0.00440584495664, 0.00112572312355, -0.00330545846373, 0.00938817113638, -0.00436682440341, 0.00144559936598, -0.00463010836393, 0.00366868032143, -0.00304734054953, 0.0031664064154, -0.00325132417493, 0.0042117764242], [-0.000473835185403, 0.00405439035967, -0.00303065986373, 0.00397170288488, -0.00436682440341, 0.0117654977366, -0.00983649864793, 0.00563954003155, -0.00355181330815, 0.00344322877936, -0.0051673091948, 0.00491136405617, -0.00330759678036], [0.000473703927128, -0.0044939853251, 0.00245975167491, -0.00424477970228, 0.00144559936598, -0.00983649864793, 0.0159288495779, -0.00561119802296, 0.00504294596612, -0.00408443436027, 0.00520782452077, -0.00416458630934, 0.000273606332485], [-0.00029192736838, 0.00377428880893, -0.00210871128365, 0.00314629334025, -0.00463010836393, 0.00563954003155, -0.00561119802296, 0.0161198955029, -0.00853754393756, 0.00449138320982, -0.00441547622904, 0.00155889894813, -0.00290529546328], [8.53834062582e-05, -0.00363830779679, 0.00194266124163, -0.00438603153452, 0.00366868032143, -0.00355181330815, 0.00504294596612, -0.00853754393756, 0.013232184574, -0.00516629079357, 0.000852410390507, -0.00448151258752, 0.00355152669363], [-0.000202776311198, 0.00359050254337, -0.00178455316927, 0.0032487558201, -0.00304734054953, 0.00344322877936, -0.00408443436027, 0.00449138320982, -0.00516629079357, 0.0158906280994, -0.00669645518064, 0.00354945356958, -0.00287760095671], [0.00123841676395, -0.00501302909106, 0.00349060376175, -0.00430626003072, 0.0031664064154, -0.0051673091948, 0.00520782452077, -0.00441547622904, 0.000852410390507, -0.00669645518064, 0.020061949268, -0.0104903746396, 0.00377320963889], [-0.000382983591408, 0.00450491346419, -0.00286631123163, 0.00572466151789, -0.00325132417493, 0.00491136405617, -0.00416458630934, 0.00155889894813, -0.00448151258752, 0.00354945356958, -0.0104903746396, 0.0217491891235, -0.0088027799502], [0.000211312319152, -0.00345836882479, 0.00340009410866, -0.00470603210852, 0.0042117764242, -0.00330759678036, 0.000273606332485, -0.00290529546328, 0.00355152669363, -0.00287760095671, 0.00377320963889, -0.0088027799502, 0.0196630191058]]
    },
    "melbands": {
        "dmean": [0.00173888984136, 0.0020677417051, 0.000896609504707, 0.000148309161887, 8.06586976978e-05, 0.000200386508368, 0.000394050468458, 0.00021069883951, 6.94425398251e-05, 7.7681899711e-05, 0.000121297191072, 0.000252143712714, 6.58673161524e-05, 3.61079110007e-05, 7.32109474484e-05, 6.03917578701e-05, 3.60171907232e-05, 4.14551614085e-05, 3.64069528587e-05, 2.59854950855e-05, 2.70698910754e-05, 2.11242186197e-05, 1.66144382092e-05, 1.91090239241e-05, 1.13842079372e-05, 1.03535603557e-05, 6.1439413912e-06, 3.94982680518e-06, 5.24790448253e-06, 5.51827497475e-06, 4.82432187709e-06, 4.20216883867e-06, 3.23911353917e-06, 3.78362983611e-06, 4.05919217883e-06, 4.28018984167e-06, 4.24726431447e-06, 3.78646745958e-06, 2.91239393846e-06, 1.86193551599e-06],
        "dmean2": [0.00255454750732, 0.00310769514181, 0.00151589792222, 0.000258120038779, 0.000133799287141, 0.000316883495543, 0.000639720063191, 0.000312247982947, 0.000119635282317, 0.000124950689496, 0.000196392735234, 0.000410821434343, 0.000104114078567, 5.73831785005e-05, 0.000114047245006, 9.77162198978e-05, 6.05933164479e-05, 6.72800379107e-05, 6.0366888647e-05, 4.35208166891e-05, 4.48018618044e-05, 3.47422319464e-05, 2.87191342068e-05, 3.31513401761e-05, 1.93792802747e-05, 1.75252334884e-05, 9.76610226644e-06, 6.04203205512e-06, 8.64039157022e-06, 9.0979910965e-06, 7.45531133362e-06, 6.6620987127e-06, 4.80144126414e-06, 5.85440102441e-06, 6.12078747508e-06, 6.31208376944e-06, 6.46530270387e-06, 5.6485901041e-06, 4.50428251497e-06, 2.80514927908e-06],
        "dvar": [5.75542162551e-06, 9.02287865756e-06, 3.42602970704e-06, 1.1357009555e-07, 2.88834822726e-08, 1.14297783682e-07, 3.3214467976e-07, 1.93545048432e-07, 3.69411488066e-08, 6.33524450677e-08, 6.73703226539e-08, 2.75590792853e-07, 2.09400656814e-08, 1.45239109628e-08, 2.67737583215e-08, 1.43713014822e-08, 4.6487014238e-09, 4.86834084157e-09, 4.06169142764e-09, 1.766941371e-09, 1.59209900819e-09, 1.44860123896e-09, 6.90526247293e-10, 1.68249636445e-09, 3.32001925951e-10, 5.0087567427e-10, 1.22216611831e-10, 5.13671188918e-11, 1.50302922886e-10, 1.70997174753e-10, 1.10935059749e-10, 9.43385924934e-11, 4.23050171283e-11, 6.6423880285e-11, 7.59048449095e-11, 9.82845679842e-11, 9.49721759569e-11, 7.04906757965e-11, 4.61394845941e-11, 1.64938583624e-11],
        "dvar2": [1.26135701066e-05, 1.96505316126e-05, 8.66973550728e-06, 2.99368451806e-07, 6.93289621267e-08, 2.83235834786e-07, 7.99733470558e-07, 4.0940233248e-07, 9.629590636e-08, 1.57791845368e-07, 1.61217784012e-07, 7.09464075044e-07, 4.70185987922e-08, 2.77203930921e-08, 5.51961747419e-08, 3.43800721225e-08, 1.19438956503e-08, 1.1465391303e-08, 1.02205595098e-08, 4.61419080722e-09, 3.79222786506e-09, 3.47879458573e-09, 1.79228309971e-09, 4.67527216941e-09, 8.56836324115e-10, 1.3859021708e-09, 2.80737239011e-10, 1.01641778327e-10, 3.89941662293e-10, 4.46188613834e-10, 2.60393262508e-10, 2.1219333235e-10, 7.94596333176e-11, 1.42647574308e-10, 1.58288271379e-10, 2.11518455528e-10, 2.05912648044e-10, 1.47689208085e-10, 1.05495903679e-10, 3.51333094561e-11],
        "max": [0.0217877458781, 0.0265696384013, 0.0135688986629, 0.00244237505831, 0.00301691214554, 0.00317759416066, 0.00520563218743, 0.00781671330333, 0.00318119162694, 0.00450496096164, 0.00372630497441, 0.0056162555702, 0.00228443020023, 0.00401938008144, 0.00350272166543, 0.00147907668725, 0.00089316337835, 0.000805300660431, 0.000657571887132, 0.000535322295036, 0.000377359072445, 0.000540780718438, 0.00021752959583, 0.000401883415179, 0.000149132145452, 0.000235836661886, 9.23366023926e-05, 6.88107538735e-05, 0.000105819475721, 0.000122413053759, 0.000128553787363, 0.000168292084709, 0.0001056314577, 0.000103019861854, 0.000107358318928, 0.000173550870386, 0.000146953898366, 0.000113719048386, 9.54748684308e-05, 5.38414315088e-05],
        "mean": [0.00308637111448, 0.00346337002702, 0.0010167020373, 0.000131749096909, 0.000108604377601, 0.000267988885753, 0.000572258315515, 0.000300616171444, 7.05789570929e-05, 8.3802799054e-05, 0.000133845038363, 0.000318651640555, 7.69741236581e-05, 4.34819266957e-05, 0.000100054050563, 8.10373021523e-05, 4.04980128224e-05, 5.58309620828e-05, 4.73857180623e-05, 3.18605052598e-05, 3.15660945489e-05, 2.64798563876e-05, 2.12865925278e-05, 2.36697233049e-05, 1.50841451614e-05, 1.30471853481e-05, 8.53364144859e-06, 6.2168196564e-06, 6.49449566481e-06, 7.30714464225e-06, 6.88447244102e-06, 6.11957102592e-06, 5.96017616772e-06, 5.95224082645e-06, 6.21813705948e-06, 6.62102911519e-06, 6.17612204223e-06, 5.49406468053e-06, 4.32777642345e-06, 2.82517657979e-06],
        "median": [0.00206219824031, 0.002428796608, 0.000504116294906, 4.77044268337e-05, 3.42575585819e-05, 0.00010484966333, 0.000243289716309, 7.71002087276e-05, 2.67718569376e-05, 2.32450493058e-05, 3.55476877303e-05, 6.32970768493e-05, 2.05026844924e-05, 1.56044825417e-05, 3.09174320137e-05, 2.64595910267e-05, 1.63423046615e-05, 1.67953039636e-05, 2.39403234445e-05, 1.5322386389e-05, 1.24950511236e-05, 9.56371877692e-06, 1.17590998343e-05, 1.13189144031e-05, 8.86887937668e-06, 6.63928540234e-06, 3.87207683161e-06, 2.83750409835e-06, 2.10591315408e-06, 2.42645160142e-06, 2.5557033041e-06, 2.21737400352e-06, 2.2559320314e-06, 2.49980553235e-06, 2.40706685872e-06, 2.39306632466e-06, 1.99219425667e-06, 1.74077183601e-06, 1.40261852266e-06, 9.26934546897e-07],
        "min": [5.69171845655e-07, 4.29847887062e-07, 2.86655927084e-06, 2.50006632996e-06, 1.1845819472e-06, 1.9645096927e-06, 8.55251357734e-07, 1.11843098693e-06, 5.79438108161e-07, 7.8135565218e-07, 3.13822482667e-07, 3.80916844733e-07, 2.65381999043e-07, 2.31615914004e-07, 7.65603772379e-07, 3.2166471442e-07, 3.25738653828e-07, 7.18785386766e-08, 5.03619730807e-07, 4.22295386215e-07, 2.93868652079e-07, 2.71031893817e-07, 3.72750491806e-07, 1.68318919691e-07, 3.17854016885e-07, 2.53696441632e-07, 2.2907433106e-07, 7.5160983215e-08, 3.64258134766e-08, 5.79261154598e-08, 4.20798933476e-08, 4.47710739593e-08, 5.80089931645e-08, 6.93528861007e-08, 6.30816145986e-08, 2.89533428344e-08, 2.98114706254e-08, 5.80777346215e-08, 2.73874114498e-08, 5.93219223743e-11],
