{
"highlevel": {
    "danceability": {
        "all": {
            "danceable": 0.472405970097,
            "not_danceable": 0.527594029903
        },
        "probability": 0.527594029903,
        "value": "not_danceable"
    },
    "gender": {
        "all": {
            "female": 0.883404195309,
            "male": 0.116595774889
        },
        "probability": 0.883404195309,
        "value": "female"
    },
    "genre_dortmund": {
        "all": {
            "alternative": 0.170605659485,
            "blues": 0.0360324531794,
            "electronic": 0.0267042275518,
            "folkcountry": 0.152565762401,
            "funksoulrnb": 0.0201973579824,
            "jazz": 0.0591214522719,
            "pop": 0.111792117357,
            "raphiphop": 0.00310289300978,
            "rock": 0.419878095388
        },
        "probability": 0.419878095388,
        "value": "rock"
    },
    "genre_electronic": {
        "all": {
            "ambient": 0.58251285553,
            "dnb": 0.224187061191,
            "house": 0.108991727233,
            "techno": 0.00874298531562,
            "trance": 0.0755653604865
        },
        "probability": 0.58251285553,
        "value": "ambient"
    },
    "genre_rosamerica": {
        "all": {
            "cla": 0.0051385271363,
            "dan": 0.0071865003556,
            "hip": 0.001224403386,
            "jaz": 0.00292757246643,
            "pop": 0.0892867296934,
            "rhy": 0.00931871496141,
            "roc": 0.882150530815,
            "spe": 0.00276699662209
        },
        "probability": 0.882150530815,
        "value": "roc"
    },
    "genre_tzanetakis": {
        "all": {
            "blu": 0.0622663982213,
            "cla": 0.0345780998468,
            "cou": 0.103735685349,
            "dis": 0.0518908686936,
            "hip": 0.155698984861,
            "jaz": 0.311586618423,
            "met": 0.0519040971994,
            "pop": 0.0622744634748,
            "reg": 0.0622723288834,
            "roc": 0.103792458773
        },
        "probability": 0.311586618423,
        "value": "jaz"
    },
    "ismir04_rhythm": {
        "all": {
            "ChaChaCha": 0.0949940383434,
            "Jive": 0.265405654907,
            "Quickstep": 0.0359627492726,
            "Rumba-American": 0.0207335315645,
            "Rumba-International": 0.0550168640912,
            "Rumba-Misc": 0.0183331258595,
            "Samba": 0.0424492843449,
            "Tango": 0.0253359936178,
            "VienneseWaltz": 0.405387878418,
            "Waltz": 0.0363808907568
        },
        "probability": 0.405387878418,
        "value": "VienneseWaltz"
    },
    "mood_acoustic": {
        "all": {
            "acoustic": 0.05669683218,
            "not_acoustic": 0.94330316782
        },
        "probability": 0.94330316782,
        "value": "not_acoustic"
    },
    "mood_aggressive": {
        "all": {
            "aggressive": 0.347855359316,
            "not_aggressive": 0.652144670486
        },
        "probability": 0.652144670486,
        "value": "not_aggressive"
    },
    "mood_electronic": {
        "all": {
            "electronic": 0.177944585681,
            "not_electronic": 0.822055399418
        },
        "probability": 0.822055399418,
        "value": "not_electronic"
    },
    "mood_happy": {
        "all": {
            "happy": 0.606423318386,
            "not_happy": 0.393576651812
        },
        "probability": 0.606423318386,
        "value": "happy"
    },
    "mood_party": {
        "all": {
            "not_party": 0.854744374752,
            "party": 0.14525565505
        },
        "probability": 0.854744374752,
        "value": "not_party"
    },
    "mood_relaxed": {
        "all": {
            "not_relaxed": 0.425102442503,
            "relaxed": 0.574897527695
        },
        "probability": 0.574897527695,
        "value": "relaxed"
    },
    "mood_sad": {
        "all": {
            "not_sad": 0.716369152069,
            "sad": 0.283630877733
        },
        "probability": 0.716369152069,
        "value": "not_sad"
    },
    "moods_mirex": {
        "all": {
            "Cluster1": 0.191054850817,
            "Cluster2": 0.492736458778,
            "Cluster3": 0.13502125442,
            "Cluster4": 0.130928814411,
            "Cluster5": 0.0502586252987
        },
        "probability": 0.492736458778,
        "value": "Cluster2"
    },
    "timbre": {
        "all": {
            "bright": 0.882249593735,
            "dark": 0.117750421166
        },
        "probability": 0.882249593735,
        "value": "bright"
    },
    "tonal_atonal": {
        "all": {
            "atonal": 0.0536157377064,
            "tonal": 0.946384251118
        },
        "probability": 0.946384251118,
        "value": "tonal"
    },
    "voice_instrumental": {
        "all": {
            "instrumental": 0.00890631508082,
            "voice": 0.991093695164
        },
        "probability": 0.991093695164,
        "value": "voice"
    }
},
"lowlevel": {
    "average_loudness": 0.957518517971,
    "barkbands_crest": {
        "dmean": 2.8572974205,
        "dmean2": 4.79160547256,
        "dvar": 7.41517972946,
        "dvar2": 21.8896903992,
        "max": 24.4528942108,
        "mean": 10.1438579559,
        "median": 9.21466064453,
        "min": 3.39218997955,
        "var": 16.2389755249
    },
    "barkbands_flatness_db": {
        "dmean": 0.023169470951,
        "dmean2": 0.0358455330133,
        "dvar": 0.000455214147223,
        "dvar2": 0.0010307978373,
        "max": 0.397830963135,
        "mean": 0.16822732985,
        "median": 0.161148414016,
        "min": 0.0639729648829,
        "var": 0.00258517311886
    },
    "barkbands_kurtosis": {
        "dmean": 2.7831993103,
        "dmean2": 4.48714447021,
        "dvar": 30.2469558716,
        "dvar2": 70.5289840698,
        "max": 101.74508667,
        "mean": 5.00321435928,
        "median": 2.60091876984,
        "min": -1.79660820961,
        "var": 110.18522644
    },
    "barkbands_skewness": {
        "dmean": 0.502887248993,
        "dmean2": 0.784488141537,
        "dvar": 0.399288058281,
        "dvar2": 0.91329318285,
        "max": 8.14914703369,
        "mean": 1.71869575977,
        "median": 1.60759818554,
        "min": -4.64874696732,
        "var": 1.44118738174
    },
    "barkbands_spread": {
        "dmean": 5.33269166946,
        "dmean2": 7.97983312607,
        "dvar": 43.5732917786,
        "dvar2": 106.72038269,
        "max": 80.1275177002,
        "mean": 19.4213447571,
        "median": 17.7702846527,
        "min": 1.47175145149,
        "var": 106.892936707
    },
    "dissonance": {
        "dmean": 0.0170382391661,
        "dmean2": 0.0277526322752,
        "dvar": 0.000313916214509,
        "dvar2": 0.000854795973282,
        "max": 0.498773276806,
        "mean": 0.459096997976,
        "median": 0.469017118216,
        "min": 0.20090059936,
        "var": 0.00136708747596
    },
    "dynamic_complexity": 2.12882733345,
    "erbbands_crest": {
        "dmean": 2.28695940971,
        "dmean2": 3.62176322937,
        "dvar": 4.45177412033,
        "dvar2": 11.0619525909,
        "max": 30.0110702515,
        "mean": 8.8957118988,
        "median": 7.8556022644,
        "min": 2.69237184525,
        "var": 16.9486808777
    },
    "erbbands_flatness_db": {
        "dmean": 0.0193645376712,
        "dmean2": 0.0265396758914,
        "dvar": 0.000352710980223,
        "dvar2": 0.000682122830767,
        "max": 0.345401376486,
        "mean": 0.16605694592,
        "median": 0.161965399981,
        "min": 0.070035867393,
        "var": 0.00249928538688
    },
    "erbbands_kurtosis": {
        "dmean": 0.956853151321,
        "dmean2": 1.46660721302,
        "dvar": 5.6714425087,
        "dvar2": 10.6259660721,
        "max": 67.0721130371,
        "mean": 0.78021800518,
        "median": -0.355257987976,
        "min": -1.80585765839,
        "var": 24.9450397491
    },
    "erbbands_skewness": {
        "dmean": 0.357439219952,
        "dmean2": 0.527973890305,
        "dvar": 0.16072870791,
        "dvar2": 0.346492528915,
        "max": 6.96306705475,
        "mean": 0.373890936375,
        "median": 0.3184684515,
        "min": -3.73784995079,
        "var": 0.867370009422
    },
    "erbbands_spread": {
        "dmean": 7.81438350677,
        "dmean2": 11.6863460541,
        "dvar": 81.0430755615,
        "dvar2": 180.783859253,
        "max": 125.345787048,
        "mean": 37.8034477234,
        "median": 37.4656562805,
        "min": 4.52901792526,
        "var": 233.493041992
    },
    "hfc": {
        "dmean": 7.46234321594,
        "dmean2": 11.1166830063,
        "dvar": 96.0980224609,
        "dvar2": 224.200057983,
        "max": 103.876922607,
        "mean": 25.0858097076,
        "median": 22.7691898346,
        "min": 0.0802926570177,
        "var": 212.191146851
    },
    "melbands_crest": {
        "dmean": 2.93804597855,
        "dmean2": 4.91174602509,
        "dvar": 7.37207651138,
        "dvar2": 19.5740852356,
        "max": 31.6093940735,
        "mean": 13.9337148666,
        "median": 13.2591676712,
        "min": 4.14582633972,
        "var": 20.9856719971
    },
    "melbands_flatness_db": {
        "dmean": 0.0276593957096,
        "dmean2": 0.0422332771122,
        "dvar": 0.000679178046994,
        "dvar2": 0.00150049116928,
        "max": 0.455471932888,
        "mean": 0.220362067223,
        "median": 0.217110529542,
        "min": 0.0743025317788,
        "var": 0.00308734737337
    },
    "melbands_kurtosis": {
        "dmean": 6.3491897583,
        "dmean2": 10.4977235794,
        "dvar": 102.211204529,
        "dvar2": 267.576507568,
        "max": 134.437683105,
        "mean": 12.9124040604,
        "median": 8.89358329773,
        "min": -1.9102408886,
        "var": 237.414413452
    },
    "melbands_skewness": {
        "dmean": 0.695788145065,
        "dmean2": 1.10924065113,
        "dvar": 0.569901764393,
        "dvar2": 1.42302644253,
        "max": 9.71476554871,
        "mean": 2.68598914146,
        "median": 2.59599280357,
        "min": -2.12234973907,
        "var": 1.76713633537
    },
    "melbands_spread": {
        "dmean": 6.15697193146,
        "dmean2": 9.39405441284,
        "dvar": 163.154815674,
        "dvar2": 413.030975342,
        "max": 244.331161499,
        "mean": 19.8669643402,
        "median": 15.6331453323,
        "min": 1.75009047985,
        "var": 312.510284424
    },
    "pitch_salience": {
        "dmean": 0.0742759257555,
        "dmean2": 0.122599773109,
        "dvar": 0.00446034083143,
        "dvar2": 0.01223259978,
        "max": 0.874900877476,
        "mean": 0.557807087898,
        "median": 0.568381726742,
        "min": 0.224384576082,
        "var": 0.0101429112256
    },
    "silence_rate_20dB": {
        "dmean": 0,
        "dmean2": 0,
        "dvar": 0,
        "dvar2": 0,
        "max": 1,
        "mean": 1,
        "median": 1,
        "min": 1,
        "var": 0
    },
    "silence_rate_30dB": {
        "dmean": 0.0061919502914,
        "dmean2": 0.0123934932053,
        "dvar": 0.00615350482985,
        "dvar2": 0.016887973994,
        "max": 1,
        "mean": 0.996133029461,
        "median": 1,
        "min": 0,
        "var": 0.00385203375481
    },
    "silence_rate_60dB": {
        "dmean": 0.0185758508742,
        "dmean2": 0.0371804796159,
        "dvar": 0.0182309132069,
        "dvar2": 0.0404446534812,
        "max": 1,
        "mean": 0.0324825979769,
        "median": 0,
        "min": 0,
        "var": 0.0314284898341
    },
    "spectral_centroid": {
        "dmean": 214.530517578,
        "dmean2": 312.680053711,
        "dvar": 90848.3828125,
        "dvar2": 176194.359375,
        "max": 5875.75244141,
        "mean": 1146.20117188,
        "median": 996.711303711,
        "min": 314.535003662,
        "var": 389172.09375
    },
    "spectral_complexity": {
        "dmean": 3.60371518135,
        "dmean2": 5.60960483551,
        "dvar": 11.9729833603,
        "dvar2": 26.4393939972,
        "max": 49,
        "mean": 23.5282287598,
        "median": 26,
        "min": 0,
        "var": 99.435508728
    },
    "spectral_decrease": {
        "dmean": 3.09372905072e-09,
        "dmean2": 5.33819388693e-09,
        "dvar": 1.29031399172e-17,
        "dvar2": 3.87455137776e-17,
        "max": -1.86158224252e-11,
        "mean": -1.18195737642e-08,
        "median": -1.28913715258e-08,
        "min": -3.56156988346e-08,
        "var": 4.44139575223e-17
    },
    "spectral_energy": {
        "dmean": 0.0119555136189,
        "dmean2": 0.0205691549927,
        "dvar": 0.000189243815839,
        "dvar2": 0.000565802271012,
        "max": 0.137715563178,
        "mean": 0.0468851514161,
        "median": 0.0512683577836,
        "min": 7.75430817157e-05,
        "var": 0.000670035427902
    },
    "spectral_energyband_high": {
        "dmean": 0.000507422839291,
        "dmean2": 0.000781723705586,
        "dvar": 8.95181131e-07,
        "dvar2": 2.04186972041e-06,
        "max": 0.0109535539523,
        "mean": 0.000730835308786,
        "median": 0.000309033639496,
        "min": 6.23198388894e-07,
        "var": 1.13908265575e-06
    },
    "spectral_energyband_low": {
        "dmean": 0.00984728336334,
        "dmean2": 0.0174267049879,
        "dvar": 0.000191438215552,
        "dvar2": 0.000574492558371,
        "max": 0.120552226901,
        "mean": 0.0210048742592,
        "median": 0.0202207360417,
        "min": 5.69141000994e-09,
        "var": 0.000343172549037
    },
    "spectral_energyband_middle_high": {
        "dmean": 0.00153992697597,
        "dmean2": 0.00229366170242,
        "dvar": 3.21448192153e-06,
        "dvar2": 7.31537556931e-06,
        "max": 0.0345549806952,
        "mean": 0.00559903308749,
        "median": 0.00504153454676,
        "min": 2.40259705606e-05,
        "var": 1.48752860696e-05
    },
    "spectral_energyband_middle_low": {
        "dmean": 0.00584241142496,
        "dmean2": 0.00929985474795,
        "dvar": 3.83684891858e-05,
        "dvar2": 0.000102418474853,
        "max": 0.0710227936506,
        "mean": 0.021299879998,
        "median": 0.0208322517574,
        "min": 4.37331145804e-05,
        "var": 0.000150842242874
    },
    "spectral_entropy": {
        "dmean": 0.176801607013,
        "dmean2": 0.238895192742,
        "dvar": 0.031768605113,
        "dvar2": 0.0588489584625,
        "max": 8.67379665375,
        "mean": 7.40115594864,
        "median": 7.4309053421,
        "min": 5.03131628036,
        "var": 0.199614793062
    },
    "spectral_flux": {
        "dmean": 0.0241085402668,
        "dmean2": 0.0363118462265,
        "dvar": 0.000518439977895,
        "dvar2": 0.00113414181396,
        "max": 0.294097781181,
        "mean": 0.0964994207025,
        "median": 0.0923804789782,
        "min": 0.00428762938827,
        "var": 0.00188285775948
    },
    "spectral_kurtosis": {
        "dmean": 1.95201289654,
        "dmean2": 3.09507489204,
        "dvar": 3.31368279457,
        "dvar2": 8.2459564209,
        "max": 31.8504219055,
        "mean": 5.72067499161,
        "median": 5.17643642426,
        "min": -0.815196752548,
        "var": 10.6200408936
    },
    "spectral_rms": {
        "dmean": 0.000833300175145,
        "dmean2": 0.00140020833351,
        "dvar": 6.82887616676e-07,
        "dvar2": 1.99566989068e-06,
        "max": 0.0115912314504,
        "mean": 0.00638485420495,
        "median": 0.00707233417779,
        "min": 0.000275048689218,
        "var": 4.97524888488e-06
    },
    "spectral_rolloff": {
        "dmean": 406.913421631,
        "dmean2": 681.79083252,
        "dvar": 797558.0625,
        "dvar2": 1790899.625,
        "max": 11670.9960938,
        "mean": 1176.11413574,
        "median": 732.12890625,
        "min": 107.666015625,
        "var": 1704105.5
    },
    "spectral_skewness": {
        "dmean": 0.24409468472,
        "dmean2": 0.3821400702,
        "dvar": 0.0504302605987,
        "dvar2": 0.114532954991,
        "max": 4.56687021255,
        "mean": 1.77830088139,
        "median": 1.73732924461,
        "min": -0.081750229001,
        "var": 0.241270527244
    },
    "spectral_spread": {
        "dmean": 782554.875,
        "dmean2": 1107694.75,
        "dvar": 965085495296,
        "dvar2": 1.82820811571e+12,
        "max": 13604377,
        "mean": 4236685,
        "median": 3918540.25,
        "min": 1893947.125,
        "var": 2.26954549658e+12
    },
    "spectral_strongpeak": {
        "dmean": 0.402227967978,
        "dmean2": 0.703245341778,
        "dvar": 0.418544888496,
        "dvar2": 1.1346501112,
        "max": 5.86801481247,
        "mean": 0.799163818359,
        "median": 0.546314120293,
        "min": 0.0572762824595,
        "var": 0.591527938843
    },
    "zerocrossingrate": {
        "dmean": 0.0113090770319,
        "dmean2": 0.0136321615428,
        "dvar": 0.000274208490737,
        "dvar2": 0.000310429924866,
        "max": 0.3984375,
        "mean": 0.0504398681223,
        "median": 0.04150390625,
        "min": 0.00830078125,
        "var": 0.00112879788503
    },
    "barkbands": {
        "dmean": [6.12895019003e-05, 0.00875966344029, 0.00248332857154, 0.001728951931, 0.0027790190652, 0.00175211252645, 0.00158824515529, 0.00131403421983, 0.000884559121914, 0.000313098309562, 0.000390915025491, 0.000262346526142, 0.000255166640272, 0.000303315813653, 0.000340936501743, 0.000320940889651, 0.000355869095074, 0.000269273499725, 0.000151689295308, 0.000108052874566, 7.41665426176e-05, 6.81685851305e-05, 6.88646687195e-05, 0.000131544307806, 9.95431619231e-05, 8.09703633422e-05, 1.72177490043e-08],
        "dmean2": [0.000104036422272, 0.0154535649344, 0.00420148158446, 0.0028842841275, 0.00461666379124, 0.00273150252178, 0.0024567770306, 0.00201056827791, 0.00134921551216, 0.000457513669971, 0.000617801735643, 0.000430643092841, 0.000399511831347, 0.000484789605252, 0.000547729840036, 0.000507894495968, 0.000557883409783, 0.000440106523456, 0.000243581001996, 0.000161375079188, 0.000117113595479, 0.000106067986053, 0.00010767634376, 0.000209450838156, 0.000156467343913, 0.000136673930683, 2.6340980952e-08],
        "dvar": [1.55710093708e-08, 0.00014940474648, 2.93620778393e-05, 5.46848104932e-06, 1.22491092043e-05, 5.8515188357e-06, 5.36280322194e-06, 3.3164828892e-06, 2.0505408429e-06, 4.22270545641e-07, 9.5606060313e-07, 1.6744219522e-07, 1.50148252942e-07, 1.74324284785e-07, 1.94000591591e-07, 1.76839321853e-07, 2.4839474122e-07, 4.03161664053e-07, 4.19269028384e-08, 2.99005620263e-08, 1.73885101873e-08, 2.33731913823e-08, 2.52539020806e-08, 1.03441117005e-07, 6.06200885045e-08, 4.57820590327e-08, 5.15402607745e-14],
        "dvar2": [3.7551835419e-08, 0.000456877867691, 8.11725913081e-05, 1.47347263919e-05, 3.35455588356e-05, 1.45810772665e-05, 1.27972189148e-05, 8.04208684713e-06, 4.1825696826e-06, 7.70842461861e-07, 2.20720744437e-06, 4.072026627e-07, 3.22356129345e-07, 4.18534085611e-07, 4.80110600165e-07, 4.01954054041e-07, 5.81046379011e-07, 1.03485058389e-06, 9.49328295974e-08, 5.84994026553e-08, 4.2543319978e-08, 5.76872523084e-08, 5.60426904883e-08, 2.54422189983e-07, 1.39999201565e-07, 1.20125150715e-07, 5.50629928751e-14],
        "max": [0.00186227587983, 0.104094788432, 0.051403876394, 0.0267218910158, 0.047234043479, 0.0252284314483, 0.031905438751, 0.0187764838338, 0.0245491154492, 0.0194595512003, 0.0230225045234, 0.0115373078734, 0.00903423316777, 0.00600643921643, 0.00552955083549, 0.00477581098676, 0.00530901644379, 0.00757796783, 0.00220972811803, 0.00330503704026, 0.00155736983288, 0.00257464894094, 0.00266829994507, 0.00518540246412, 0.00399684719741, 0.00238876556978, 8.01262649475e-06],
        "mean": [6.50933652651e-05, 0.0147286755964, 0.00454901112244, 0.00344616547227, 0.00625095842406, 0.00358586967923, 0.00311921979301, 0.00274730101228, 0.00189985195175, 0.000636584474705, 0.000672930676956, 0.000495786196552, 0.00054609606741, 0.000607606954873, 0.000716724665835, 0.000620814738795, 0.000648965127766, 0.000397012248868, 0.000293064687867, 0.000214692263398, 0.000129392457893, 9.28409499465e-05, 8.74704346643e-05, 0.000164067023434, 0.000104893675598, 6.40644284431e-05, 1.36314941557e-08],
        "median": [2.86285885522e-05, 0.0129495104775, 0.00238033384085, 0.00220244750381, 0.00501783937216, 0.00235214154236, 0.00213346118107, 0.00152310007252, 0.000827300187666, 0.000301412481349, 0.000233356186072, 0.000363906146958, 0.0004040695203, 0.000403390120482, 0.000560726446565, 0.000464829237899, 0.000447915284894, 0.000239011962549, 0.00020342937205, 0.000115655981062, 6.24815365882e-05, 2.97620354104e-05, 2.98982504319e-05, 4.94880587212e-05, 2.25985641009e-05, 6.29058376944e-06, 9.33538690795e-10],
        "min": [1.89506160764e-10, 3.75006781184e-09, 5.97405735991e-10, 1.08450659564e-09, 6.71834243349e-07, 9.35290074722e-07, 1.44056713225e-07, 7.9093962313e-07, 8.04428850643e-07, 7.32369684897e-08, 4.60016735815e-07, 2.21871289341e-07, 1.32961346822e-07, 2.73121145256e-07, 1.0691786656e-07, 2.71377473382e-07, 7.37319339805e-07, 1.1482505613e-07, 1.14468200252e-07, 1.12898320026e-07, 1.80728925159e-08, 2.97749416234e-08, 3.79411488893e-08, 1.44552939063e-10, 3.05326958161e-10, 8.29977753192e-11, 7.11857699523e-12],
        "var": [1.51671422088e-08, 0.000215270658373, 4.19250973209e-05, 1.51097719936e-05, 2.87080256385e-05, 1.45934800457e-05, 1.20134573081e-05, 1.02564881672e-05, 8.50137894304e-06, 1.59894830176e-06, 2.58937166109e-06, 4.22150861823e-07, 4.48253331342e-07, 4.78599076814e-07, 4.90908576012e-07, 3.89232184261e-07, 4.87457953113e-07, 3.78483861141e-07, 8.99343746141e-08, 1.09019445915e-07, 3.04378566796e-08, 2.80337193459e-08, 3.08328864662e-08, 1.0335057965e-07, 6.371701744e-08, 3.3514325537e-08, 5.08346586125e-14]
    },
    "erbbands": {
        "dmean": [0.160042464733, 2.26712846756, 3.18232131004, 3.88130950928, 6.21606254578, 10.2702713013, 23.6351184845, 9.19122409821, 12.737821579, 30.5010032654, 33.4293289185, 18.8344173431, 14.4744729996, 10.6001520157, 12.1652240753, 10.5956993103, 10.3207616806, 13.0191755295, 19.4134044647, 19.4591007233, 14.7005338669, 16.3921146393, 17.3219928741, 7.55233240128, 7.30622625351, 4.97149085999, 3.21979165077, 2.89128875732, 2.37113380432, 2.2544438839, 1.96938073635, 1.75201940536, 2.82718753815, 1.38266980648, 0.593276202679, 0.440212011337, 0.116435050964, 0.0108114583418, 0.000204278825549, 2.13405201066e-05],
        "dmean2": [0.281652152538, 3.99939107895, 5.40662193298, 6.51721715927, 10.5143871307, 16.839006424, 37.5764656067, 14.9097700119, 20.9257698059, 46.6408958435, 50.7989082336, 28.9852924347, 20.662197113, 16.2482643127, 19.0320148468, 17.7129058838, 16.4031181335, 20.5322437286, 30.9758300781, 31.3124313354, 23.8659992218, 25.6941623688, 27.9367771149, 12.0095357895, 11.1620254517, 7.44690179825, 5.04859685898, 4.60842323303, 3.72113204002, 3.57289600372, 3.0916519165, 2.71948981285, 4.55382347107, 2.2331533432, 0.92833006382, 0.736854493618, 0.196076363325, 0.0185995548964, 0.000345609121723, 3.54561489075e-05],
        "dvar": [0.0560382381082, 10.0849742889, 38.1553535461, 31.5274829865, 69.273979187, 170.183349609, 1156.83227539, 253.892700195, 507.91973877, 2162.76757812, 2224.76098633, 955.562194824, 889.805725098, 279.99597168, 967.290039062, 215.914230347, 317.50088501, 348.751373291, 696.350585938, 583.32220459, 502.147216797, 642.859619141, 1730.53894043, 122.825134277, 113.385482788, 65.4585342407, 30.7508220673, 27.7692432404, 28.275592804, 22.990858078, 25.8623771667, 22.6742916107, 46.8150634766, 13.3099441528, 1.98156118393, 1.38800895214, 0.0901684686542, 0.000957957992796, 2.95379493309e-07, 8.58738025133e-10],
        "dvar2": [0.162615463138, 31.2269287109, 108.478012085, 88.0265426636, 189.331558228, 464.018493652, 3041.22924805, 665.408752441, 1231.49133301, 4883.48046875, 5229.68115234, 2008.69030762, 1843.3503418, 545.830627441, 2197.95654297, 608.350158691, 629.022155762, 812.357299805, 1667.10083008, 1502.3729248, 1187.02734375, 1511.60205078, 4525.39550781, 276.402740479, 254.748092651, 129.450393677, 72.4262771606, 67.4121704102, 70.2864456177, 54.2842750549, 58.5038909912, 54.6603164673, 116.27557373, 32.13722229, 4.3054933548, 3.65808939934, 0.234805643559, 0.00257026520558, 7.81902542712e-07, 2.26877427956e-09],
        "max": [2.30846643448, 25.8708362579, 55.803565979, 59.684753418, 101.358772278, 160.874328613, 339.521209717, 243.76184082, 367.456054688, 796.446350098, 512.395324707, 578.125183105, 598.260375977, 444.846374512, 772.833435059, 223.113204956, 476.761932373, 310.445739746, 334.91027832, 303.35244751, 297.848602295, 288.673675537, 499.865600586, 135.890075684, 120.082527161, 166.210922241, 65.7732772827, 68.2861785889, 90.5399475098, 57.122756958, 82.5584182739, 93.9518814087, 87.0227127075, 68.2734603882, 25.9356575012, 14.3718080521, 3.80182170868, 0.333309650421, 0.00607052026317, 0.000361653801519],
        "mean": [0.237795233727, 3.85102200508, 7.06275892258, 8.01492977142, 12.1633300781, 22.0178089142, 45.9556007385, 18.4199256897, 24.0536804199, 60.8580093384, 72.0702133179, 41.9582748413, 34.6603012085, 22.3239631653, 23.3688964844, 21.945268631, 24.8715076447, 30.2029685974, 39.4229240417, 40.0580329895, 31.3832435608, 31.4920692444, 27.1141700745, 15.2934389114, 14.2352628708, 10.0364723206, 5.75415229797, 4.87340545654, 3.41077256203, 2.9096198082, 2.46965050697, 2.14572072029, 3.44262218475, 1.51293349266, 0.604245245457, 0.361307322979, 0.0908070802689, 0.00761744286865, 0.000174766333657, 6.2798790168e-05],
        "median": [0.152605697513, 3.48638415337, 5.20091819763, 6.14087438583, 8.80938148499, 17.0106544495, 26.1923904419, 12.5127229691, 15.7314558029, 41.8160934448, 38.5994682312, 25.2163734436, 12.5183067322, 13.7115573883, 10.8403806686, 16.1424846649, 19.3387718201, 20.9799613953, 29.5327167511, 33.1349143982, 25.0006313324, 22.9590167999, 17.0127258301, 10.7809896469, 9.50610923767, 5.53729772568, 3.26473236084, 1.89127492905, 1.13661885262, 0.951457858086, 0.840019464493, 0.657516360283, 0.963234484196, 0.334157824516, 0.119356028736, 0.0446582399309, 0.00831594131887, 0.0003738264204, 3.83652513847e-05, 6.26462497166e-05],
        "min": [2.0567281922e-07, 9.67150981523e-07, 2.80407607534e-06, 2.6944297133e-05, 0.000562625238672, 0.00631321314722, 0.00761979678646, 0.0044187088497, 0.00354144885205, 0.0119377886876, 0.133772209287, 0.045201793313, 0.005619908683, 0.0239266064018, 0.0171274859458, 0.00989273283631, 0.0087751140818, 0.0111396955326, 0.0200230330229, 0.0178022887558, 0.0247784759849, 0.0342308320105, 0.018523497507, 0.00782212521881, 0.00807362329215, 0.00399912940338, 0.00146260135807, 0.000641077873297, 0.000802069669589, 0.00127717736177, 0.000569780997466, 0.000142875214806, 6.13845350017e-06, 4.71990788355e-05, 4.2343770474e-05, 2.58261788986e-05, 6.62256525175e-06, 2.32433961855e-07, 5.46830989379e-08, 9.62729771459e-08],
        "var": [0.086418248713, 14.2301893234, 66.6037216187, 66.2332611084, 159.414703369, 398.34552002, 2737.89233398, 501.134857178, 1096.33129883, 5039.51171875, 7408.85546875, 3059.05957031, 4311.72314453, 958.867675781, 2728.51757812, 537.927734375, 1018.61260986, 1116.3157959, 1646.62512207, 1403.3828125, 943.397216797, 1102.50866699, 1620.38964844, 266.801300049, 235.490188599, 243.928512573, 54.9179763794, 53.1154975891, 35.1923332214, 28.3514995575, 29.3120803833, 22.8152751923, 46.6767921448, 12.8149032593, 2.26254248619, 1.02860093117, 0.0667401105165, 0.000652233778965, 2.10408984458e-07, 1.58127333449e-09]
    },
    "gfcc": {
        "mean": [19.0386543274, 103.691558838, -119.358215332, 29.4063644409, -60.4909172058, 8.01026916504, -52.3746261597, 14.85476017, -22.3201026917, 2.52187252045, -13.8714380264, -6.7614979744, -7.92606210709],
        "cov": [[5465.55859375, 961.800231934, 835.263427734, 816.741088867, 1123.61157227, 1025.61914062, 632.122070312, 371.950836182, 395.031799316, 365.266418457, -97.2315597534, 79.5432128906, -234.848175049], [961.800231934, 2235.58032227, 250.889587402, 232.635665894, 834.375610352, 415.273956299, 533.800964355, 12.9474859238, 440.028289795, -34.6912345886, 198.031906128, -173.853393555, 15.7441711426], [835.263427734, 250.889587402, 734.391357422, 112.348403931, 135.592086792, 238.993545532, 82.5395202637, 112.01815033, 40.8133926392, 78.9169158936, -33.2474555969, 16.8946361542, -81.0599822998], [816.741088867, 232.635665894, 112.348403931, 557.475769043, 241.268508911, 30.2833156586, 144.037628174, 14.9642772675, 95.6091690063, 60.2199897766, 33.1981048584, -6.06293106079, -0.369767308235], [1123.61157227, 834.375610352, 135.592086792, 241.268508911, 665.812194824, 299.232147217, 276.369720459, 85.3317108154, 224.563034058, 93.3499450684, 30.7440986633, 11.6513872147, -50.3466835022], [1025.61914062, 415.273956299, 238.993545532, 30.2833156586, 299.232147217, 495.868988037, 206.965362549, 76.280128479, 162.835113525, 61.5774650574, -8.52284622192, 11.5106363297, -38.4317626953], [632.122070312, 533.800964355, 82.5395202637, 144.037628174, 276.369720459, 206.965362549, 268.355194092, 36.8842468262, 141.699157715, 36.5107345581, 32.183467865, -19.251499176, -15.8298301697], [371.950836182, 12.9474859238, 112.01815033, 14.9642772675, 85.3317108154, 76.280128479, 36.8842468262, 132.973983765, 31.5847072601, 35.110660553, -8.66366195679, 16.4532394409, -20.9582290649], [395.031799316, 440.028289795, 40.8133926392, 95.6091690063, 224.563034058, 162.835113525, 141.699157715, 31.5847072601, 203.725189209, 15.3837394714, 35.1287841797, -6.72883844376, 6.84031820297], [365.266418457, -34.6912345886, 78.9169158936, 60.2199897766, 93.3499450684, 61.5774650574, 36.5107345581, 35.110660553, 15.3837394714, 117.791046143, -17.3270359039, 26.8997650146, -33.3051948547], [-97.2315597534, 198.031906128, -33.2474555969, 33.1981048584, 30.7440986633, -8.52284622192, 32.183467865, -8.66366195679, 35.1287841797, -17.3270359039, 89.9850311279, -15.424115181, 26.1035270691], [79.5432128906, -173.853393555, 16.8946361542, -6.06293106079, 11.6513872147, 11.5106363297, -19.251499176, 16.4532394409, -6.72883844376, 26.8997650146, -15.424115181, 110.647338867, 1.54541635513], [-234.848175049, 15.7441711426, -81.0599822998, -0.369767308235, -50.3466835022, -38.4317626953, -15.8298301697, -20.9582290649, 6.84031820297, -33.3051948547, 26.1035270691, 1.54541635513, 91.478302002]],
        "icov": [[0.000628295761999, -0.000113520392915, 4.57224159618e-05, -0.000794674502686, -0.000106316882011, -0.000939491845202, -5.77120445087e-05, -0.000851954042446, 0.000319027982187, -0.000469278311357, 0.000688621599693, -0.000234230174101, 0.000624198641162], [-0.000113520392915, 0.00372387026437, -0.0018229552079, 0.0018225107342, -0.00389126781374, 0.00141578621697, -0.00333812297322, 0.00275239441544, -0.00256277667359, 0.00254428014159, -0.00397979700938, 0.00428000558168, -0.00185291690286], [4.57224159618e-05, -0.0018229552079, 0.00289965420961, -0.00142650736962, 0.00221880711615, -0.00170920859091, 0.00186838314403, -0.00246939854696, 0.00157031021081, -0.00144895503763, 0.00197952287272, -0.00208700099029, 0.00208087009378], [-0.000794674502686, 0.0018225107342, -0.00142650736962, 0.00437640957534, -0.00236799754202, 0.00285301567055, -0.00251903664321, 0.00276518543251, -0.00192498159595, 0.000699707248714, -0.00279333069921, 0.0023518668022, -0.00235116505064], [-0.000106316882011, -0.00389126781374, 0.00221880711615, -0.00236799754202, 0.00786423962563, -0.00181383348536, 0.00187165138777, -0.00332883698866, 0.000644252460916, -0.00346865714528, 0.00358154019341, -0.00498842960224, 0.00323197385296], [-0.000939491845202, 0.00141578621697, -0.00170920859091, 0.00285301567055, -0.00181383348536, 0.00624969555065, -0.00321070477366, 0.00202381238341, -0.00308721861802, 0.000999928684905, -0.00111283548176, 0.00143677799497, -0.00173501216341], [-5.77120445087e-05, -0.00333812297322, 0.00186838314403, -0.00251903664321, 0.00187165138777, -0.00321070477366, 0.011994372122, -0.00225147861056, 0.000343754072674, -0.00232391618192, 0.0019282681169, -0.00224045896903, 0.00192854809575], [-0.000851954042446, 0.00275239441544, -0.00246939854696, 0.00276518543251, -0.00332883698866, 0.00202381238341, -0.00225147861056, 0.0125856334344, -0.00278863403946, 0.00100456248038, -0.00331955915317, 0.00249171815813, -0.00184647459537], [0.000319027982187, -0.00256277667359, 0.00157031021081, -0.00192498159595, 0.000644252460916, -0.00308721861802, 0.000343754072674, -0.00278863403946, 0.0121660390869, -0.000888514332473, 0.00108594587073, -0.00276105059311, -0.000374480587197], [-0.000469278311357, 0.00254428014159, -0.00144895503763, 0.000699707248714, -0.00346865714528, 0.000999928684905, -0.00232391618192, 0.00100456248038, -0.000888514332473, 0.0139727601781, -0.00187355803791, 0.000574691803195, 0.00109382835217], [0.000688621599693, -0.00397979700938, 0.00197952287272, -0.00279333069921, 0.00358154019341, -0.00111283548176, 0.0019282681169, -0.00331955915317, 0.00108594587073, -0.00187355803791, 0.0188992954791, -0.00346823222935, -0.000825288414489], [-0.000234230174101, 0.00428000558168, -0.00208700099029, 0.0023518668022, -0.00498842960224, 0.00143677799497, -0.00224045896903, 0.00249171815813, -0.00276105059311, 0.000574691803195, -0.00346823222935, 0.0152586624026, -0.00398886436597], [0.000624198641162, -0.00185291690286, 0.00208087009378, -0.00235116505064, 0.00323197385296, -0.00173501216341, 0.00192854809575, -0.00184647459537, -0.000374480587197, 0.00109382835217, -0.000825288414489, -0.00398886436597, 0.0163769870996]]
    },
    "melbands": {
        "dmean": [0.00208225124516, 0.00208951625973, 0.000723716861103, 0.000519716355484, 0.000739348120987, 0.000227503333008, 0.000224662959226, 0.000291521195322, 0.000264602014795, 0.000116696377518, 7.31564723537e-05, 4.31416883657e-05, 5.48959833395e-05, 2.35233474086e-05, 3.09316492348e-05, 2.42584101215e-05, 2.52307108894e-05, 3.60036137863e-05, 2.0340532501e-05, 3.10210925818e-05, 1.91244780581e-05, 1.86514080269e-05, 1.73900025402e-05, 1.46556867548e-05, 6.04637989454e-06, 5.75170952288e-06, 4.84514930577e-06, 3.21040329254e-06, 2.24545374294e-06, 1.85049088941e-06, 1.77009655999e-06, 1.39718463288e-06, 1.32999161906e-06, 1.2756797787e-06, 1.21537777886e-06, 9.21995933822e-07, 1.18051127629e-06, 2.22367543756e-06, 1.53065013819e-06, 1.11376925815e-06],
        "dmean2": [0.00367500097491, 0.00363374035805, 0.00120144546963, 0.000852274300996, 0.00118994142395, 0.000365430198144, 0.000361725164112, 0.000450178631581, 0.000406156934332, 0.00017857227067, 0.000104651837319, 6.54202740407e-05, 8.59275605762e-05, 3.89657434425e-05, 5.08828488819e-05, 3.88088119507e-05, 4.01031029469e-05, 5.78081890126e-05, 3.25503970089e-05, 4.87088655063e-05, 3.14434219035e-05, 2.94058118016e-05, 2.7994339689e-05, 2.434862472e-05, 9.74604881776e-06, 9.07633693714e-06, 7.24567462385e-06, 5.003078968e-06, 3.57356975655e-06, 2.92165123028e-06, 2.86437671093e-06, 2.24059772336e-06, 2.09520430872e-06, 2.03753711503e-06, 1.94345784621e-06, 1.42239707657e-06, 1.85968053756e-06, 3.58261354449e-06, 2.49508889283e-06, 1.81087830242e-06],
        "dvar": [8.46389229991e-06, 1.05026429082e-05, 9.28084375573e-07, 3.94791328517e-07, 1.10237215267e-06, 1.26041641124e-07, 1.28202458427e-07, 1.89226526004e-07, 1.29806920768e-07, 3.75674993336e-08, 2.30364385345e-08, 5.01454477941e-09, 2.05968966327e-08, 1.59258140009e-09, 1.98485383684e-09, 1.21190768532e-09, 1.36308231369e-09, 2.51955656339e-09, 8.34495361701e-10, 1.4420672434e-09, 9.02626584587e-10, 7.26878557344e-10, 6.72983335726e-10, 1.51542811633e-09, 7.7866151027e-11, 6.45188069637e-11, 5.89421844666e-11, 2.79781562501e-11, 1.48207193046e-11, 1.15534855988e-11, 1.07505280719e-11, 9.09434940549e-12, 1.0838840242e-11, 6.9244471268e-12, 1.00289993324e-11, 8.58194071363e-12, 1.06087595306e-11, 3.1661260419e-11, 1.66864300155e-11, 9.33180442642e-12],
        "dvar2": [2.55642698903e-05, 3.14819444611e-05, 2.52297309089e-06, 1.10189876068e-06, 2.96485632134e-06, 3.23074345943e-07, 3.11086381544e-07, 4.35761023709e-07, 2.99578488239e-07, 7.7985994551e-08, 4.70662406826e-08, 9.10526409825e-09, 4.71071714969e-08, 3.46925865813e-09, 4.99006169719e-09, 2.74485989493e-09, 3.15642556536e-09, 6.10457862038e-09, 2.20151807895e-09, 3.6570750872e-09, 2.27741758785e-09, 1.75662717705e-09, 1.55889590125e-09, 3.93845134283e-09, 1.7745400982e-10, 1.48891052265e-10, 1.19641740959e-10, 5.72164780832e-11, 3.47332024253e-11, 2.8918414538e-11, 2.58272622039e-11, 2.27110708712e-11, 2.76392814885e-11, 1.60652064568e-11, 2.25665111597e-11, 2.06365653732e-11, 2.59686612492e-11, 7.91324158977e-11, 4.21317911115e-11, 2.28227887977e-11],
        "max": [0.0252670850605, 0.0292218308896, 0.0100529938936, 0.00692730164155, 0.0112156039104, 0.00516554247588, 0.00512338383123, 0.00725181121379, 0.00382526800968, 0.0031480495818, 0.00292070535943, 0.00224127294496, 0.00346642243676, 0.00132837845013, 0.00077163358219, 0.000649262801744, 0.000522728776559, 0.000669704400934, 0.000363601109711, 0.000425955746323, 0.000384309329093, 0.000276941049378, 0.000220337475184, 0.000455754227005, 0.000122865982121, 8.66753398441e-05, 8.90948504093e-05, 0.000108752647066, 4.54379151051e-05, 4.31416519859e-05, 5.38540189154e-05, 4.89824087708e-05, 5.74796977162e-05, 3.46719752997e-05, 5.23040216649e-05, 5.99370105192e-05, 6.35944961687e-05, 8.76678313944e-05, 7.06501959939e-05, 5.6610268075e-05],
        "mean": [0.00323053589091, 0.00444708717987, 0.00155722664203, 0.00110558036249, 0.0015060484875, 0.00046050621313, 0.00043584976811, 0.000603851862252, 0.000559178530239, 0.000253084261203, 0.000169453662238, 8.57662598719e-05, 9.67405285337e-05, 4.5667111408e-05, 6.37360208202e-05, 5.37762607564e-05, 5.38853637408e-05, 6.69084620313e-05, 4.2016916268e-05, 5.81387939746e-05, 3.38010358973e-05, 3.36599150614e-05, 2.9239739888e-05, 1.9827777578e-05, 1.1321589227e-05, 1.06373699964e-05, 9.25300901145e-06, 6.01197825745e-06, 3.70561656382e-06, 3.0006808629e-06, 2.80061522062e-06, 1.98915404326e-06, 1.61948082678e-06, 1.62291473771e-06, 1.52328198055e-06, 1.03011177544e-06, 1.42887404309e-06, 2.62844901044e-06, 1.85386761586e-06, 1.10494477212e-06],
        "median": [0.00248686014675, 0.00393177568913, 0.00122136028949, 0.000873082957696, 0.00102177681401, 0.00031888257945, 0.000300827174215, 0.000448162318207, 0.000301797001157, 0.000118764044601, 5.8137698943e-05, 5.09511628479e-05, 3.57248718501e-05, 3.28209353029e-05, 4.4578431698e-05, 3.88878761441e-05, 3.47753448295e-05, 4.7520170483e-05, 3.33917632815e-05, 4.38484603364e-05, 2.36424566538e-05, 2.40848567046e-05, 1.92195129785e-05, 1.08444428406e-05, 7.21067544873e-06, 7.52946061766e-06, 4.9466884775e-06, 3.31078672389e-06, 2.04203320209e-06, 1.39824430789e-06, 9.38568746278e-07, 6.43990063054e-07, 4.69542499104e-07, 5.25089717485e-07, 4.99509042129e-07, 2.64902496383e-07, 4.24087374995e-07, 7.82533788879e-07, 4.3718392817e-07, 1.99841068138e-07],
        "min": [7.80540132528e-10, 6.80341061265e-10, 1.72628678019e-09, 1.13396879442e-07, 4.56934401427e-07, 9.60468042877e-08, 2.60582311284e-08, 1.88992402173e-07, 7.20265006748e-07, 1.3398965848e-07, 1.03414583563e-08, 7.24705557786e-08, 5.79314232141e-08, 2.03644034968e-08, 2.59579291395e-08, 1.58364841241e-08, 2.00329655087e-08, 2.47475711035e-08, 1.64781077672e-08, 1.55192534379e-08, 2.00413268203e-08, 2.72043543248e-08, 1.53712029771e-08, 4.85638063097e-09, 3.35731198398e-09, 4.41527792105e-09, 5.41221378825e-09, 1.39356359785e-09, 8.36259284043e-10, 2.95945157269e-10, 3.10138650872e-11, 2.89199525438e-10, 4.72542949215e-10, 6.36947050658e-10, 1.17336584893e-10, 2.55523324721e-10, 5.79521586969e-12, 5.15238459536e-13, 7.02900845168e-13, 1.42045728478e-12],
