{
"highlevel": {
    "danceability": {
        "all": {
            "danceable": 0.995450139046,
            "not_danceable": 0.00454985210672
        },
        "probability": 0.995450139046,
        "value": "danceable"
    },
    "gender": {
        "all": {
            "female": 0.277127444744,
            "male": 0.722872555256
        },
        "probability": 0.722872555256,
        "value": "male"
    },
    "genre_dortmund": {
        "all": {
            "alternative": 0.176705956459,
            "blues": 0.0267865713686,
            "electronic": 0.049904063344,
            "folkcountry": 0.13997335732,
            "funksoulrnb": 0.0890999138355,
            "jazz": 0.159020721912,
            "pop": 0.143205150962,
            "raphiphop": 0.104667961597,
            "rock": 0.110636308789
        },
        "probability": 0.176705956459,
        "value": "alternative"
    },
    "genre_electronic": {
        "all": {
            "ambient": 0.344954073429,
            "dnb": 0.058326125145,
            "house": 0.445402592421,
            "techno": 0.0173012688756,
            "trance": 0.13401594758
        },
        "probability": 0.445402592421,
        "value": "house"
    },
    "genre_rosamerica": {
        "all": {
            "cla": 0.00403750920668,
            "dan": 0.0565924495459,
            "hip": 0.0497495047748,
            "jaz": 0.00772571237758,
            "pop": 0.427528738976,
            "rhy": 0.382344990969,
            "roc": 0.0584730394185,
            "spe": 0.013548062183
        },
        "probability": 0.427528738976,
        "value": "pop"
    },
    "genre_tzanetakis": {
        "all": {
            "blu": 0.0534286126494,
            "cla": 0.0296793803573,
            "cou": 0.0534212701023,
            "dis": 0.0445159301162,
            "hip": 0.133544236422,
            "jaz": 0.267067581415,
            "met": 0.0534032955766,
            "pop": 0.0534038804471,
            "reg": 0.0445042736828,
            "roc": 0.267031520605
        },
        "probability": 0.267067581415,
        "value": "jaz"
    },
    "ismir04_rhythm": {
        "all": {
            "ChaChaCha": 0.152039140463,
            "Jive": 0.0516041181982,
            "Quickstep": 0.0434242412448,
            "Rumba-American": 0.0185710210353,
            "Rumba-International": 0.152497798204,
            "Rumba-Misc": 0.0423280596733,
            "Samba": 0.416165173054,
            "Tango": 0.0611926726997,
            "VienneseWaltz": 0.0490618869662,
            "Waltz": 0.0131158875301
        },
        "probability": 0.416165173054,
        "value": "Samba"
    },
    "mood_acoustic": {
        "all": {
            "acoustic": 0.927180886269,
            "not_acoustic": 0.0728191286325
        },
        "probability": 0.927180886269,
        "value": "acoustic"
    },
    "mood_aggressive": {
        "all": {
            "aggressive": 0.00521589955315,
            "not_aggressive": 0.994784116745
        },
        "probability": 0.994784116745,
        "value": "not_aggressive"
    },
    "mood_electronic": {
        "all": {
            "electronic": 0.881264567375,
            "not_electronic": 0.118735432625
        },
        "probability": 0.881264567375,
        "value": "electronic"
    },
    "mood_happy": {
        "all": {
            "happy": 0.743551969528,
            "not_happy": 0.256448030472
        },
        "probability": 0.743551969528,
        "value": "happy"
    },
    "mood_party": {
        "all": {
            "not_party": 0.912598133087,
            "party": 0.0874018743634
        },
        "probability": 0.912598133087,
        "value": "not_party"
    },
    "mood_relaxed": {
        "all": {
            "not_relaxed": 0.440292000771,
            "relaxed": 0.559707999229
        },
        "probability": 0.559707999229,
        "value": "relaxed"
    },
    "mood_sad": {
        "all": {
            "not_sad": 0.232004672289,
            "sad": 0.767995357513
        },
        "probability": 0.767995357513,
        "value": "sad"
    },
    "moods_mirex": {
        "all": {
            "Cluster1": 0.142030760646,
            "Cluster2": 0.297897011042,
            "Cluster3": 0.433467775583,
            "Cluster4": 0.0989761054516,
            "Cluster5": 0.0276283212006
        },
        "probability": 0.433467775583,
        "value": "Cluster3"
    },
    "timbre": {
        "all": {
            "bright": 0.95799690485,
            "dark": 0.0420031063259
        },
        "probability": 0.95799690485,
        "value": "bright"
    },
    "tonal_atonal": {
        "all": {
            "atonal": 0.268663674593,
            "tonal": 0.731336295605
        },
        "probability": 0.731336295605,
        "value": "tonal"
    },
    "voice_instrumental": {
        "all": {
            "instrumental": 0.00189371570013,
            "voice": 0.998106300831
        },
        "probability": 0.998106300831,
        "value": "voice"
    }
},
"lowlevel": {
    "average_loudness": 0.983586549759,
    "barkbands_crest": {
        "dmean": 3.31374382973,
        "dmean2": 5.24678850174,
        "dvar": 10.5555505753,
        "dvar2": 27.2688083649,
        "max": 25.1312618256,
        "mean": 11.2698097229,
        "median": 10.3603382111,
        "min": 3.16921257973,
        "var": 21.1167125702
    },
    "barkbands_flatness_db": {
        "dmean": 0.0314263552427,
        "dmean2": 0.0480090975761,
        "dvar": 0.00096428982215,
        "dvar2": 0.00259743747301,
        "max": 0.373905241489,
        "mean": 0.187264621258,
        "median": 0.181096583605,
        "min": 0.0730243623257,
        "var": 0.00262996251695
    },
    "barkbands_kurtosis": {
        "dmean": 4.483335495,
        "dmean2": 7.24961948395,
        "dvar": 63.8965072632,
        "dvar2": 160.191696167,
        "max": 84.8627548218,
        "mean": 5.8643784523,
        "median": 3.72846746445,
        "min": -1.87875747681,
        "var": 73.9989013672
    },
    "barkbands_skewness": {
        "dmean": 0.697159171104,
        "dmean2": 1.05261027813,
        "dvar": 0.616537392139,
        "dvar2": 1.44150233269,
        "max": 8.11301708221,
        "mean": 1.73157978058,
        "median": 1.55959391594,
        "min": -0.958496272564,
        "var": 1.32423210144
    },
    "barkbands_spread": {
        "dmean": 6.76287603378,
        "dmean2": 10.1110191345,
        "dvar": 69.378364563,
        "dvar2": 147.413986206,
        "max": 89.4691543579,
        "mean": 17.877204895,
        "median": 13.5512714386,
        "min": 1.0005761385,
        "var": 222.48777771
    },
    "dissonance": {
        "dmean": 0.033802472055,
        "dmean2": 0.055910512805,
        "dvar": 0.000903132138774,
        "dvar2": 0.00223250244744,
        "max": 0.499380201101,
        "mean": 0.423449367285,
        "median": 0.431492358446,
        "min": 0.200317695737,
        "var": 0.00232617836446
    },
    "dynamic_complexity": 1.1834243536,
    "erbbands_crest": {
        "dmean": 3.53240084648,
        "dmean2": 5.6401553154,
        "dvar": 9.39536380768,
        "dvar2": 23.2315158844,
        "max": 27.414106369,
        "mean": 11.4979076385,
        "median": 10.5796575546,
        "min": 2.94854474068,
        "var": 23.3153038025
    },
    "erbbands_flatness_db": {
        "dmean": 0.0266097579151,
        "dmean2": 0.0388488397002,
        "dvar": 0.000671994464938,
        "dvar2": 0.00140503444709,
        "max": 0.363493144512,
        "mean": 0.183630689979,
        "median": 0.180019780993,
        "min": 0.0614844784141,
        "var": 0.00250707240775
    },
    "erbbands_kurtosis": {
        "dmean": 1.82318890095,
        "dmean2": 2.85987567902,
        "dvar": 4.75427675247,
        "dvar2": 11.3190851212,
        "max": 24.0932407379,
        "mean": 2.27846193314,
        "median": 1.49014854431,
        "min": -1.83515238762,
        "var": 12.3781261444
    },
    "erbbands_skewness": {
        "dmean": 0.51405185461,
        "dmean2": 0.779819667339,
        "dvar": 0.199985608459,
        "dvar2": 0.460667014122,
        "max": 3.90286445618,
        "mean": 0.974613726139,
        "median": 0.982699036598,
        "min": -2.10505390167,
        "var": 0.65770816803
    },
    "erbbands_spread": {
        "dmean": 10.6837129593,
        "dmean2": 16.153093338,
        "dvar": 164.937698364,
        "dvar2": 349.929412842,
        "max": 178.399124146,
        "mean": 35.7676086426,
        "median": 28.4180679321,
        "min": 3.17832636833,
        "var": 653.544433594
    },
    "hfc": {
        "dmean": 10.4239549637,
        "dmean2": 15.1551971436,
        "dvar": 167.398895264,
        "dvar2": 311.314666748,
        "max": 188.403289795,
        "mean": 30.505405426,
        "median": 24.0850429535,
        "min": 1.35976564884,
        "var": 580.954345703
    },
    "melbands_crest": {
        "dmean": 3.49252319336,
        "dmean2": 5.31818819046,
        "dvar": 8.4282617569,
        "dvar2": 20.7539081573,
        "max": 30.3420200348,
        "mean": 14.9101953506,
        "median": 13.7954864502,
        "min": 5.64718437195,
        "var": 29.0371990204
    },
    "melbands_flatness_db": {
        "dmean": 0.0364745892584,
        "dmean2": 0.0527008362114,
        "dvar": 0.00136569212191,
        "dvar2": 0.00332174147479,
        "max": 0.478388518095,
        "mean": 0.236472114921,
        "median": 0.230659753084,
        "min": 0.0624490231276,
        "var": 0.00491117453203
    },
    "melbands_kurtosis": {
        "dmean": 10.2863235474,
        "dmean2": 16.2334346771,
        "dvar": 668.864135742,
        "dvar2": 1510.38195801,
        "max": 469.121704102,
        "mean": 14.856757164,
        "median": 7.82611083984,
        "min": -1.24968647957,
        "var": 909.210266113
    },
    "melbands_skewness": {
        "dmean": 0.906061589718,
        "dmean2": 1.38259470463,
        "dvar": 1.38679671288,
        "dvar2": 2.92307043076,
        "max": 17.5166454315,
        "mean": 2.45125126839,
        "median": 2.08151721954,
        "min": -0.653153777122,
        "var": 3.28948426247
    },
    "melbands_spread": {
        "dmean": 6.51426124573,
        "dmean2": 9.62286567688,
        "dvar": 90.6781539917,
        "dvar2": 201.573532104,
        "max": 123.021598816,
        "mean": 17.7431564331,
        "median": 13.4222068787,
        "min": 0.98093599081,
        "var": 231.971572876
    },
    "pitch_salience": {
        "dmean": 0.0847300738096,
        "dmean2": 0.136154845357,
        "dvar": 0.00796246249229,
        "dvar2": 0.0206184200943,
        "max": 0.798277616501,
        "mean": 0.522293925285,
        "median": 0.533621490002,
        "min": 0.110729172826,
        "var": 0.0131419273093
    },
    "silence_rate_20dB": {
        "dmean": 0,
        "dmean2": 0,
        "dvar": 0,
        "dvar2": 0,
        "max": 1,
        "mean": 1,
        "median": 1,
        "min": 1,
        "var": 0
    },
    "silence_rate_30dB": {
        "dmean": 0.0804953575134,
        "dmean2": 0.161115407944,
        "dvar": 0.074015699327,
        "dvar2": 0.170786455274,
        "max": 1,
        "mean": 0.936581611633,
        "median": 1,
        "min": 0,
        "var": 0.0593960769475
    },
    "silence_rate_60dB": {
        "dmean": 0.00154798757285,
        "dmean2": 0.00309837330133,
        "dvar": 0.00154558510985,
        "dvar2": 0.00463792821392,
        "max": 1,
        "mean": 0.00077339517884,
        "median": 0,
        "min": 0,
        "var": 0.000772796047386
    },
    "spectral_centroid": {
        "dmean": 242.589447021,
        "dmean2": 354.435760498,
        "dvar": 97013.484375,
        "dvar2": 213010.015625,
        "max": 3766.72412109,
        "mean": 996.870910645,
        "median": 798.678588867,
        "min": 211.10975647,
        "var": 367944.6875
    },
    "spectral_complexity": {
        "dmean": 3.34287929535,
        "dmean2": 5.24632072449,
        "dvar": 13.8027133942,
        "dvar2": 34.6536102295,
        "max": 46,
        "mean": 16.6395969391,
        "median": 15,
        "min": 5,
        "var": 39.3148574829
    },
    "spectral_decrease": {
        "dmean": 4.38240599365e-09,
        "dmean2": 6.52238885124e-09,
        "dvar": 4.15497156112e-17,
        "dvar2": 8.68940197121e-17,
        "max": -7.01395552749e-10,
        "mean": -1.22805063896e-08,
        "median": -1.0282213303e-08,
        "min": -5.41144409283e-08,
        "var": 7.01991657578e-17
    },
    "spectral_energy": {
        "dmean": 0.0170405190438,
        "dmean2": 0.0252198651433,
        "dvar": 0.000591999851167,
        "dvar2": 0.00123665458523,
        "max": 0.206066891551,
        "mean": 0.0491163805127,
        "median": 0.0421549007297,
        "min": 0.00277056312189,
        "var": 0.00101489701774
    },
    "spectral_energyband_high": {
        "dmean": 0.000920988153666,
        "dmean2": 0.00130148080643,
        "dvar": 2.76456898973e-06,
        "dvar2": 4.99750285599e-06,
        "max": 0.0205055177212,
        "mean": 0.00173633429222,
        "median": 0.000533886661287,
        "min": 1.33837136218e-06,
        "var": 9.08142192202e-06
    },
    "spectral_energyband_low": {
        "dmean": 0.0124432500452,
        "dmean2": 0.0186057686806,
        "dvar": 0.000746079604141,
        "dvar2": 0.00161496107467,
        "max": 0.197229146957,
        "mean": 0.0205570030957,
        "median": 0.00906566716731,
        "min": 1.14017802844e-05,
        "var": 0.00103800708894
    },
    "spectral_energyband_middle_high": {
        "dmean": 0.00245234020986,
        "dmean2": 0.0036022819113,
        "dvar": 9.69253687799e-06,
        "dvar2": 2.23935003305e-05,
        "max": 0.0398099347949,
        "mean": 0.00601359363645,
        "median": 0.00468502147123,
        "min": 0.000218614310143,
        "var": 2.91991855192e-05
    },
    "spectral_energyband_middle_low": {
        "dmean": 0.00787118356675,
        "dmean2": 0.0124057400972,
        "dvar": 5.80277155677e-05,
        "dvar2": 0.000144749705214,
        "max": 0.073470339179,
        "mean": 0.0216259974986,
        "median": 0.0195622518659,
        "min": 0.0021806366276,
        "var": 0.000136583388667
    },
    "spectral_entropy": {
        "dmean": 0.258709549904,
        "dmean2": 0.38125616312,
        "dvar": 0.0686926469207,
        "dvar2": 0.14727717638,
        "max": 8.59535217285,
        "mean": 7.30316257477,
        "median": 7.36381196976,
        "min": 5.45292425156,
        "var": 0.291760355234
    },
    "spectral_flux": {
        "dmean": 0.0398546904325,
        "dmean2": 0.0593527965248,
        "dvar": 0.00241569895297,
        "dvar2": 0.00507794879377,
        "max": 0.421791404486,
        "mean": 0.114687584341,
        "median": 0.0991614758968,
        "min": 0.0176848508418,
        "var": 0.00408456241712
    },
    "spectral_kurtosis": {
        "dmean": 2.91250014305,
        "dmean2": 4.54173469543,
        "dvar": 23.3814945221,
        "dvar2": 57.5191116333,
        "max": 58.0896682739,
        "mean": 5.40016698837,
        "median": 3.1809926033,
        "min": -1.12335932255,
        "var": 48.5220565796
    },
    "spectral_rms": {
        "dmean": 0.00112860952504,
        "dmean2": 0.00162859784905,
        "dvar": 1.85197473002e-06,
        "dvar2": 3.58965667147e-06,
        "max": 0.0141788879409,
        "mean": 0.00661142868921,
        "median": 0.006413012743,
        "min": 0.00164407677948,
        "var": 4.20744481744e-06
    },
    "spectral_rolloff": {
        "dmean": 514.463989258,
        "dmean2": 848.936462402,
        "dvar": 1260094.375,
        "dvar2": 2537882,
        "max": 10551.2695312,
        "mean": 1283.89758301,
        "median": 753.662109375,
        "min": 86.1328125,
        "var": 2814505.5
    },
    "spectral_skewness": {
        "dmean": 0.389921188354,
        "dmean2": 0.566500127316,
        "dvar": 0.194876685739,
        "dvar2": 0.438242524862,
        "max": 5.84767484665,
        "mean": 1.74411535263,
        "median": 1.62374222279,
        "min": 0.0833833217621,
        "var": 0.851523041725
    },
    "spectral_spread": {
        "dmean": 1052376.625,
        "dmean2": 1549082.625,
        "dvar": 2.00773717197e+12,
        "dvar2": 4.2297285673e+12,
        "max": 16753726,
        "mean": 5168534.5,
        "median": 4665678.5,
        "min": 1219524.125,
        "var": 5.2597096448e+12
    },
    "spectral_strongpeak": {
        "dmean": 0.688350915909,
        "dmean2": 1.12183022499,
        "dvar": 0.771489560604,
        "dvar2": 1.74535226822,
        "max": 8.98557376862,
        "mean": 1.4054723978,
        "median": 0.845257163048,
        "min": 0.0473411977291,
        "var": 1.64369916916
    },
    "zerocrossingrate": {
        "dmean": 0.0132606904954,
        "dmean2": 0.0152577487752,
        "dvar": 0.000237750500673,
        "dvar2": 0.000259135616943,
        "max": 0.2548828125,
        "mean": 0.0532339848578,
        "median": 0.04150390625,
        "min": 0.00390625,
        "var": 0.00150373589713
    },
    "barkbands": {
        "dmean": [0.000266061950242, 0.0114351212978, 0.00268483301625, 0.00113057903945, 0.00267301523127, 0.00161215418484, 0.00331109925173, 0.00263507990167, 0.00140894076321, 0.00128692062572, 0.000273839541478, 0.000649832480121, 0.000568030634895, 0.000460194452899, 0.000157267073519, 0.000107641251816, 0.000128109095385, 0.000105881379568, 9.01017410797e-05, 0.000166753583471, 0.000169598512002, 0.000247023825068, 0.000233674974879, 0.000137524650199, 0.000154669090989, 7.40234463592e-05, 2.89161783407e-09],
        "dmean2": [0.000300841056742, 0.0174774136394, 0.00492280488834, 0.00197551050223, 0.00404150271788, 0.00250457576476, 0.00532120047137, 0.00398473348469, 0.00215957453474, 0.00183169625234, 0.000457152957097, 0.00101946806535, 0.000908388290554, 0.000689231266733, 0.000249303906457, 0.000175572538865, 0.000192294173758, 0.000189602840692, 0.00014554343943, 0.000263874855591, 0.000245775503572, 0.000372168287868, 0.000310158764478, 0.000204554671654, 0.000247029500315, 0.000127943465486, 5.18050669029e-09],
        "dvar": [1.84359151945e-07, 0.000664445338771, 5.13482482347e-05, 3.53962377631e-06, 1.30798516693e-05, 9.10895778361e-06, 2.62660214503e-05, 2.18987843255e-05, 8.84808378032e-06, 5.2975624385e-06, 4.85622706492e-07, 2.57789383795e-06, 1.86376837519e-06, 2.00466047318e-06, 1.86056539064e-07, 4.9216442477e-08, 5.66005127212e-08, 1.07541083594e-07, 3.31408500642e-08, 1.38103132485e-07, 1.01174926215e-07, 4.59998375391e-07, 3.56220795084e-07, 8.08859113022e-08, 1.6111101786e-07, 3.95075829829e-08, 1.87190046178e-16],
        "dvar2": [2.80927594076e-07, 0.00150719820522, 0.00015197803441, 1.00637753349e-05, 2.55524464592e-05, 2.63446418103e-05, 6.11911018495e-05, 4.55401750514e-05, 1.9933184376e-05, 1.1788763004e-05, 1.35538891755e-06, 5.70754991713e-06, 4.53721804661e-06, 4.80417156723e-06, 4.79980258206e-07, 1.18715220765e-07, 1.17604393779e-07, 3.11246310503e-07, 8.24302617275e-08, 3.14077709618e-07, 2.15210150145e-07, 1.10172356926e-06, 6.57164264339e-07, 1.55862977635e-07, 3.31979634893e-07, 9.32910282359e-08, 4.55775352846e-16],
        "max": [0.00352673977613, 0.178601652384, 0.0535720363259, 0.0161406565458, 0.0447580330074, 0.0416132435203, 0.0590060129762, 0.0571503266692, 0.0359550528228, 0.0258124172688, 0.0110208149999, 0.0324108935893, 0.0240866933018, 0.0271245744079, 0.00647824630141, 0.00338947074488, 0.00341506488621, 0.00259769707918, 0.00201085954905, 0.00757818389684, 0.00446680886671, 0.0109033416957, 0.00834327470511, 0.00406782887876, 0.00840253941715, 0.00279214442708, 2.87131172172e-07],
        "mean": [0.000550092488993, 0.0162463746965, 0.00307728000917, 0.00159796397202, 0.00495159998536, 0.00264914822765, 0.00496132858098, 0.00503957690671, 0.00215389672667, 0.002483187709, 0.000372107489966, 0.000932258146349, 0.000780099770054, 0.000582545471843, 0.000229644429055, 0.000175189648871, 0.00022329557396, 0.000104095008282, 0.000128496059915, 0.000288641895168, 0.000295704056043, 0.000406119594118, 0.000416135619162, 0.000215684776776, 0.00019521030481, 6.07660986134e-05, 2.10099027065e-09],
        "median": [4.57266505691e-05, 0.00444935727865, 0.00148699339479, 0.000670491310302, 0.00327096204273, 0.00147492648102, 0.00227654445916, 0.00163791223895, 0.000747625424992, 0.00132692803163, 0.000157455418957, 0.000271919649094, 0.000175029257662, 0.00010137798381, 7.38533199183e-05, 8.36136023281e-05, 7.03987243469e-05, 2.46710642386e-05, 5.11773105245e-05, 6.57917116769e-05, 8.23443915579e-05, 8.80570660229e-05, 9.03653490241e-05, 6.2868493842e-05, 2.28279477597e-05, 3.95667802877e-06, 6.1271226981e-10],
        "min": [1.26758270547e-09, 5.75046499307e-08, 6.51425409615e-07, 1.14927911454e-06, 6.63908067509e-05, 6.22200750513e-05, 1.81740233529e-05, 3.07926529786e-05, 4.58091108158e-06, 2.54582992056e-05, 1.32113518703e-06, 6.89526859787e-06, 5.41390136277e-06, 1.47153184571e-06, 1.61808850407e-06, 9.74961380962e-07, 1.0182418464e-06, 5.55651809009e-07, 9.46832585669e-07, 3.11024194843e-07, 3.76668623403e-07, 7.24100175375e-08, 2.52466065831e-08, 3.89841829929e-08, 1.42522056379e-08, 5.60871106503e-11, 1.12868967644e-11],
        "var": [7.62776949159e-07, 0.000843095185701, 3.14020544465e-05, 5.94837183598e-06, 2.78455481748e-05, 1.29218187794e-05, 4.97374639963e-05, 6.1109836679e-05, 1.77658439497e-05, 1.12487123261e-05, 5.38333722488e-07, 5.05919524585e-06, 3.03005845126e-06, 2.90809407488e-06, 2.86746029587e-07, 8.71606431474e-08, 1.48107602627e-07, 7.1122258305e-08, 5.06126518474e-08, 4.49068863873e-07, 2.65854879444e-07, 7.866039482e-07, 9.53391349867e-07, 1.92018177358e-07, 3.37339059797e-07, 3.79153100027e-08, 1.25089891825e-16]
    },
    "erbbands": {
        "dmean": [0.303530395031, 2.76362800598, 3.74490809441, 3.06729960442, 6.15266180038, 10.7466058731, 7.94424200058, 16.1173973083, 41.6446266174, 52.0893707275, 49.2379875183, 32.6932373047, 29.0447006226, 33.0011711121, 15.1481628418, 25.1022510529, 24.4968109131, 24.5708713531, 11.5168552399, 6.81659841537, 5.51763010025, 6.71822595596, 4.86297607422, 4.22646284103, 6.12424087524, 8.0793428421, 5.73304843903, 7.84845685959, 9.34063053131, 7.14115428925, 7.54275465012, 3.65176892281, 2.14694547653, 1.87138211727, 1.10307264328, 0.477088481188, 0.113534800708, 0.00716420682147, 0.000155053610797, 2.63535021077e-05],
        "dmean2": [0.409156531096, 4.46395254135, 6.59395742416, 5.53967142105, 9.83781433105, 15.8907899857, 11.6326646805, 25.4097423553, 67.1094055176, 83.6960601807, 73.3365631104, 48.9744911194, 44.0168762207, 45.2748336792, 24.64220047, 39.0372810364, 39.1841850281, 36.793838501, 17.5190010071, 10.7380332947, 8.88165283203, 9.88437080383, 8.07159233093, 7.46476221085, 9.44830131531, 12.7946739197, 8.7726354599, 11.4985742569, 14.5008001328, 10.1622781754, 10.1519832611, 5.18602132797, 3.28874921799, 2.97923517227, 1.78780758381, 0.824222922325, 0.19714319706, 0.0123783601448, 0.0002614397672, 3.98434640374e-05],
        "dvar": [0.344338238239, 45.2921600342, 97.4101409912, 40.6544342041, 66.6778488159, 254.118087769, 108.1509552, 1196.49084473, 5799.48339844, 6861.83691406, 7602.41796875, 5812.41015625, 3613.95825195, 3927.89697266, 1820.75927734, 3374.75708008, 4048.79296875, 5436.43017578, 1511.43591309, 294.821594238, 83.930305481, 146.585037231, 148.058029175, 155.703384399, 145.239013672, 412.495300293, 129.021621704, 239.462631226, 843.643676758, 322.930053711, 408.54284668, 69.3595046997, 24.0383453369, 29.5819644928, 7.02770376205, 1.40762782097, 0.119447410107, 0.000471848907182, 1.8324642781e-07, 1.26827803815e-09],
        "dvar2": [0.693657040596, 106.430374146, 270.625, 118.612365723, 158.824691772, 493.962036133, 242.366378784, 3593.34033203, 14170.1376953, 16210.2724609, 15579.8417969, 13067.5791016, 9039.62402344, 6600.80566406, 4667.36474609, 7152.80566406, 10461.4277344, 13458.6054688, 4135.91796875, 676.335754395, 222.959625244, 296.544250488, 422.071228027, 452.587127686, 327.507110596, 962.229064941, 274.927337646, 522.910217285, 2238.07641602, 631.482055664, 806.063537598, 141.490631104, 46.9394035339, 63.080165863, 15.6030921936, 3.45539236069, 0.283001065254, 0.00108811852988, 4.26485229355e-07, 2.62539856521e-09],
        "max": [5.05946588516, 46.5043525696, 80.307220459, 50.8030471802, 84.8946304321, 187.250579834, 157.50390625, 487.471405029, 904.587463379, 1077.3223877, 1110.47729492, 1150.51708984, 998.007507324, 1048.96313477, 698.075317383, 1446.91625977, 1345.63903809, 1595.79711914, 1059.54272461, 332.288208008, 131.534103394, 194.217468262, 99.013458252, 98.1024475098, 164.802246094, 464.040039062, 176.388519287, 189.01361084, 582.73248291, 313.335144043, 301.875274658, 157.244094849, 75.7975311279, 136.679031372, 38.2846832275, 12.9750299454, 5.71113491058, 0.317549258471, 0.00634871795774, 0.000442513002781],
        "mean": [0.55328810215, 3.23940443993, 4.34340953827, 4.26421833038, 9.88119697571, 18.7557601929, 17.6234970093, 25.693611145, 61.696598053, 85.7970275879, 99.5252914429, 51.7754859924, 56.1788101196, 65.3581237793, 23.8221969604, 38.6110649109, 35.95652771, 33.8230857849, 16.8088493347, 11.995759964, 9.85785961151, 12.0282535553, 6.47691297531, 4.92747783661, 9.71389484406, 13.9844989777, 10.1091814041, 13.3784503937, 14.6576862335, 12.3350572586, 12.9079217911, 5.96921205521, 3.16916632652, 2.52243065834, 1.19193148613, 0.41850656271, 0.0874077230692, 0.00540540739894, 0.000150092251715, 6.7361012043e-05],
        "median": [0.066551566124, 1.05009126663, 2.07781624794, 2.32000684738, 5.90987873077, 10.4364204407, 10.3007774353, 14.4880619049, 24.8535919189, 47.5369033813, 34.9674568176, 20.8882732391, 29.3696517944, 31.8422336578, 11.3593540192, 12.1271982193, 9.48267173767, 6.81062746048, 4.29931592941, 4.65109014511, 5.04299211502, 3.94786548615, 1.63422596455, 1.97066819668, 3.24023866653, 3.11772823334, 2.71738290787, 3.38424944878, 3.06112289429, 2.31812095642, 2.73006725311, 1.86930263042, 0.716929197311, 0.338677942753, 0.122644670308, 0.0344185084105, 0.0040497626178, 0.000206505021197, 3.98374395445e-05, 5.79973748245e-05],
        "min": [9.65668459685e-06, 9.57914890023e-05, 0.00319790304638, 0.0304196476936, 0.071029484272, 0.312939077616, 0.439376950264, 0.503428518772, 0.545690178871, 1.16953313351, 1.65273118019, 0.82016813755, 1.43684864044, 1.11000609398, 0.453244566917, 0.377485752106, 0.328856855631, 0.219837710261, 0.0982468053699, 0.103449396789, 0.0968424379826, 0.0786446258426, 0.0401870757341, 0.0466359443963, 0.0262702014297, 0.0255054570735, 0.0191562082618, 0.0100050037727, 0.00310553447343, 0.00183340068907, 0.00174963113386, 0.00134294189047, 0.000617994286586, 0.00032405150705, 0.000181178183993, 8.85363915586e-05, 1.00878087324e-05, 4.90226511829e-07, 1.36588414534e-06, 3.12928204949e-06],
        "var": [0.775476276875, 45.0133132935, 67.502456665, 36.9742507935, 134.236068726, 573.28125, 407.275268555, 1417.21655273, 9575.97851562, 11144.4931641, 21960.7695312, 10757.2773438, 6875.9453125, 10199.7851562, 2473.72729492, 7962.23193359, 6332.93457031, 7874.65136719, 1928.36364746, 674.657775879, 180.658920288, 410.272705078, 154.621109009, 107.038162231, 313.946685791, 1244.81469727, 380.486541748, 575.35736084, 1059.12854004, 879.575622559, 963.95501709, 143.347900391, 59.6876564026, 60.9155731201, 11.9371347427, 1.37324595451, 0.111826732755, 0.000446524674771, 1.79329859407e-07, 2.10701811554e-09]
    },
    "gfcc": {
        "mean": [15.6113414764, 107.505378723, -107.00994873, 23.499961853, -87.198387146, 19.724811554, -36.2099380493, 7.16625213623, -17.2700920105, 3.2616546154, -12.880241394, -4.09000825882, -5.78287172318],
        "cov": [[2134.29980469, -1128.9564209, 136.258224487, 635.013793945, -28.9647407532, 413.69921875, 55.5134124756, 237.773773193, 50.2125930786, 283.746398926, -22.8151531219, 77.5073699951, -125.362579346], [-1128.9564209, 1678.72888184, 1.3255623579, -141.617950439, 598.374084473, -100.234664917, 246.112609863, -41.4040527344, 197.659851074, -116.203865051, 233.806472778, -61.2171401978, 125.626091003], [136.258224487, 1.3255623579, 1098.7244873, 127.361923218, 234.238265991, 265.262207031, 81.7401580811, 269.085083008, -46.9349517822, 133.933242798, -27.173740387, 141.520935059, -5.80421590805], [635.013793945, -141.617950439, 127.361923218, 762.970947266, 136.826766968, 173.104751587, 137.093017578, 94.1146621704, 205.493225098, 90.5799560547, 125.763305664, 14.9812908173, 24.4053726196], [-28.9647407532, 598.374084473, 234.238265991, 136.826766968, 583.388183594, 84.0666046143, 116.695892334, 139.996566772, 137.3646698, 84.3359375, 122.649902344, 34.4797782898, 14.3146572113], [413.69921875, -100.234664917, 265.262207031, 173.104751587, 84.0666046143, 318.555358887, 150.191940308, 94.8571243286, 22.0898990631, 91.0378494263, 48.3386116028, 43.4342536926, 0.314254134893], [55.5134124756, 246.112609863, 81.7401580811, 137.093017578, 116.695892334, 150.191940308, 300.401763916, 39.4376678467, 61.1715774536, 43.603351593, 58.4149284363, 8.84497261047, 22.8891410828], [237.773773193, -41.4040527344, 269.085083008, 94.1146621704, 139.996566772, 94.8571243286, 39.4376678467, 209.870941162, 39.4197502136, 71.3709411621, 21.3617553711, 40.5187530518, 2.31471204758], [50.2125930786, 197.659851074, -46.9349517822, 205.493225098, 137.3646698, 22.0898990631, 61.1715774536, 39.4197502136, 221.40687561, 42.2871131897, 82.1132659912, -31.3271636963, 24.6869869232], [283.746398926, -116.203865051, 133.933242798, 90.5799560547, 84.3359375, 91.0378494263, 43.603351593, 71.3709411621, 42.2871131897, 163.308868408, 27.1761054993, 27.6980705261, -19.4359760284], [-22.8151531219, 233.806472778, -27.173740387, 125.763305664, 122.649902344, 48.3386116028, 58.4149284363, 21.3617553711, 82.1132659912, 27.1761054993, 183.385604858, 19.7486476898, 35.9337463379], [77.5073699951, -61.2171401978, 141.520935059, 14.9812908173, 34.4797782898, 43.4342536926, 8.84497261047, 40.5187530518, -31.3271636963, 27.6980705261, 19.7486476898, 116.671859741, 16.7057247162], [-125.362579346, 125.626091003, -5.80421590805, 24.4053726196, 14.3146572113, 0.314254134893, 22.8891410828, 2.31471204758, 24.6869869232, -19.4359760284, 35.9337463379, 16.7057247162, 107.868095398]],
        "icov": [[0.00188143108971, 0.000741826021113, 0.0010033310391, -0.00115568994079, -0.000376726035029, -0.00180712481961, 0.000389376247767, -0.00141647236887, 0.000490392267238, -0.0012386541348, 0.000802096852567, -0.000553790363483, 0.00112426339183], [0.000741826021113, 0.00457877665758, -0.00109800870996, 0.00180919538252, -0.00418320484459, 0.00171354203485, -0.00328180799261, 0.0024245698005, -0.00202564965002, 0.00334235001355, -0.00353061361238, 0.00254613556899, -0.001896699192], [0.0010033310391, -0.00109800870996, 0.00288981967606, -0.00154720607679, 0.000698929070495, -0.00274321530014, 0.0015793730272, -0.0033003592398, 0.00173185043968, -0.00219368794933, 0.00270533445291, -0.00236275722273, 0.00127439119387], [-0.00115568994079, 0.00180919538252, -0.00154720607679, 0.00399311864749, -0.00158788939007, 0.00168374937493, -0.0022254595533, 0.00231531192549, -0.00332791102119, 0.00272127520293, -0.00309270899743, 0.00152433128096, -0.00176235090476], [-0.000376726035029, -0.00418320484459, 0.000698929070495, -0.00158788939007, 0.00664218980819, -0.00141468353104, 0.00249041011557, -0.0034689900931, 0.000656706397422, -0.00357490917668, 0.00206846906804, -0.00268214894459, 0.00243146810681], [-0.00180712481961, 0.00171354203485, -0.00274321530014, 0.00168374937493, -0.00141468353104, 0.00910270120949, -0.00464458856732, 0.00241589685902, -0.000793545914348, 0.00178658741061, -0.00396159896627, 0.00207703607157, -0.00202790671028], [0.000389376247767, -0.00328180799261, 0.0015793730272, -0.0022254595533, 0.00249041011557, -0.00464458856732, 0.00770373689011, -0.00224548927508, 0.00146386376582, -0.00325882481411, 0.00314521905966, -0.00197284366004, 0.00129520706832], [-0.00141647236887, 0.0024245698005, -0.0033003592398, 0.00231531192549, -0.0034689900931, 0.00241589685902, -0.00224548927508, 0.0114558525383, -0.0029967604205, 0.00229286239482, -0.00294315512292, 0.00176991219632, -0.0026820669882], [0.000490392267238, -0.00202564965002, 0.00173185043968, -0.00332791102119, 0.000656706397422, -0.000793545914348, 0.00146386376582, -0.0029967604205, 0.0101629206911, -0.00385382003151, 0.000702544406522, 0.00149999733549, -4.2617903091e-05], [-0.0012386541348, 0.00334235001355, -0.00219368794933, 0.00272127520293, -0.00357490917668, 0.00178658741061, -0.00325882481411, 0.00229286239482, -0.00385382003151, 0.0130539555103, -0.00416617607698, 0.00137978664134, -0.000546088442206], [0.000802096852567, -0.00353061361238, 0.00270533445291, -0.00309270899743, 0.00206846906804, -0.00396159896627, 0.00314521905966, -0.00294315512292, 0.000702544406522, -0.00416617607698, 0.0122309876606, -0.00462284404784, 0.00075215252582], [-0.000553790363483, 0.00254613556899, -0.00236275722273, 0.00152433128096, -0.00268214894459, 0.00207703607157, -0.00197284366004, 0.00176991219632, 0.00149999733549, 0.00137978664134, -0.00462284404784, 0.0139390183613, -0.00406383816153], [0.00112426339183, -0.001896699192, 0.00127439119387, -0.00176235090476, 0.00243146810681, -0.00202790671028, 0.00129520706832, -0.0026820669882, -4.2617903091e-05, -0.000546088442206, 0.00075215252582, -0.00406383816153, 0.0130095640197]]
    },
    "melbands": {
        "dmean": [0.00301824463531, 0.00248080561869, 0.000587995455135, 0.000661054742523, 0.000295914069284, 0.000363642669981, 0.000633585441392, 0.000597080856096, 0.000361970392987, 0.000209330319194, 0.000153058193973, 0.000152746404638, 4.28328639828e-05, 6.36024415144e-05, 7.2505150456e-05, 5.48063908354e-05, 4.85704513267e-05, 2.27811196964e-05, 1.15246111818e-05, 7.95317373559e-06, 6.9894203989e-06, 7.49467199057e-06, 5.83290147915e-06, 4.73034424431e-06, 3.23209837916e-06, 4.28208750236e-06, 5.44178374184e-06, 5.67701363252e-06, 3.7906313537e-06, 4.26019232691e-06, 4.96022676089e-06, 5.28121836396e-06, 5.42122597835e-06, 3.79531388717e-06, 5.00241412738e-06, 3.31701130563e-06, 1.90226614905e-06, 1.53475957632e-06, 1.60697004503e-06, 1.56973680987e-06],
        "dmean2": [0.00438285665587, 0.00405971193686, 0.00104497361463, 0.00100441928953, 0.000432879809523, 0.000571604992729, 0.00102156214416, 0.00094113877276, 0.000541100918781, 0.000313500931952, 0.000231239013374, 0.000209644887946, 7.08986626705e-05, 9.93451612885e-05, 0.000115460003144, 8.62818124006e-05, 7.36837318982e-05, 3.50810805685e-05, 1.82694893738e-05, 1.27740668177e-05, 1.1384327081e-05, 1.1322442333e-05, 8.64188041305e-06, 8.67675134941e-06, 5.74476689508e-06, 6.86707471687e-06, 8.27940857562e-06, 9.30826172407e-06, 6.07743959335e-06, 6.3092502387e-06, 7.5196353464e-06, 8.46754210215e-06, 7.96633685241e-06, 5.5583318499e-06, 7.1205245149e-06, 4.83769053972e-06, 2.80262429442e-06, 2.34726621784e-06, 2.58429577116e-06, 2.47691400546e-06],
        "dvar": [4.10732209275e-05, 3.84865015803e-05, 1.17345496164e-06, 9.70539986156e-07, 1.26649126742e-07, 5.47751994873e-07, 1.14989734357e-06, 8.45966383167e-07, 4.07875916153e-07, 2.44298263397e-07, 9.82827685903e-08, 7.84575178159e-08, 1.38914098002e-08, 2.20661071637e-08, 4.07123685875e-08, 1.97041050143e-08, 2.59011478931e-08, 6.72999034279e-09, 1.04428266035e-09, 3.57282675667e-10, 1.1752147866e-10, 1.87695040066e-10, 1.29855085018e-10, 2.7597843455e-10, 8.75430700154e-11, 8.48087433614e-11, 1.22348770004e-10, 2.43774167519e-10, 6.83722106709e-11, 7.57926152395e-11, 1.06929860799e-10, 3.19922449643e-10, 1.95711488682e-10, 8.94341684043e-11, 1.89674276285e-10, 8.3593666711e-11, 1.60892618672e-11, 1.42855510407e-11, 1.7271094277e-11, 2.35439168161e-11],
        "dvar2": [9.041136218e-05, 9.5819515991e-05, 3.45456101059e-06, 1.83277109045e-06, 2.80168848121e-07, 1.60946080996e-06, 2.77224876299e-06, 1.95549455384e-06, 8.83532038642e-07, 5.40186249509e-07, 2.4977273938e-07, 1.37792412147e-07, 3.70917732084e-08, 5.19129379484e-08, 9.58053902878e-08, 5.04318506955e-08, 6.39976462935e-08, 1.79375323484e-08, 2.45609732552e-09, 8.19945500385e-10, 3.11387249319e-10, 4.06298605871e-10, 2.91342061587e-10, 8.09026956539e-10, 2.53772169945e-10, 2.11805420425e-10, 2.54509247011e-10, 5.77409620117e-10, 1.5356577121e-10, 1.6023236904e-10, 2.46488662814e-10, 8.79309403068e-10, 4.34492469781e-10, 1.79520912025e-10, 4.03046818143e-10, 1.79762649211e-10, 3.28894481094e-11, 2.95228806679e-11, 3.70995907606e-11, 5.00372555889e-11],
        "max": [0.0455986969173, 0.0472843572497, 0.00893708132207, 0.0125526143238, 0.00426969584078, 0.00959687214345, 0.0118861375377, 0.00940331351012, 0.00727107515559, 0.00689021637663, 0.00488315010443, 0.00453313579783, 0.00183967198245, 0.00229866220616, 0.00532551575452, 0.00259066652507, 0.00354175455868, 0.00224090996198, 0.0005194725818, 0.000308836664772, 0.000125005593873, 0.000216649466893, 0.000208168698009, 0.00013118822244, 7.92504943092e-05, 0.000125522143207, 0.000174927001353, 0.000383251812309, 0.000156680951477, 0.000119614858704, 0.000129684543936, 0.000371685746359, 0.000216557004023, 0.000153010143549, 0.000219468944124, 0.000159698232892, 6.39077916276e-05, 6.86705461703e-05, 8.94488111953e-05, 0.000128496816615],
        "mean": [0.00468593649566, 0.0030210011173, 0.000878842663951, 0.00110173760913, 0.000671403657179, 0.00057911069598, 0.000954676768743, 0.00104128208477, 0.000699150084984, 0.000315290351864, 0.000290669093374, 0.000296835059999, 6.37462144368e-05, 9.37727236305e-05, 9.86730374279e-05, 7.40164759918e-05, 6.28534980933e-05, 2.96020953101e-05, 1.73132830241e-05, 1.33583653223e-05, 1.13527221401e-05, 1.27225966935e-05, 9.36290689424e-06, 4.27864051744e-06, 3.6145499962e-06, 5.67927190787e-06, 9.23353491089e-06, 9.20219372347e-06, 5.81795302423e-06, 7.13892313797e-06, 7.83163795859e-06, 7.8519442468e-06, 8.49167099659e-06, 6.15178305452e-06, 8.07049127616e-06, 5.4997440202e-06, 2.84933298644e-06, 2.16219359572e-06, 2.15236650547e-06, 2.09455720324e-06],
        "median": [0.000986959552392, 0.00158602080774, 0.000521690759342, 0.00064277270576, 0.00043158736662, 0.000324404856656, 0.000419799151132, 0.000515010440722, 0.000252867350355, 9.93759167613e-05, 0.000146563557792, 0.000142129138112, 3.00274277834e-05, 3.14085518767e-05, 2.83058161585e-05, 1.54407425725e-05, 1.10218315967e-05, 6.53995539324e-06, 5.60025591767e-06, 5.39158463653e-06, 5.71940972804e-06, 3.95329470848e-06, 1.94829840439e-06, 9.82635242508e-07, 1.365910407e-06, 1.94479707716e-06, 2.42084934143e-06, 1.75334241703e-06, 1.33890694087e-06, 1.8679262439e-06, 1.86970351024e-06, 1.70877137862e-06, 1.38939947192e-06, 1.1173144685e-06, 1.44695434301e-06, 1.4951627918e-06, 9.34922809392e-07, 4.0994768824e-07, 3.74565559014e-07, 2.24690325012e-07],
        "min": [1.47574592546e-08, 4.01377803882e-07, 4.49906519862e-06, 1.54197969096e-05, 1.30047837956e-05, 1.10365044748e-05, 4.44390843768e-06, 1.22931151054e-05, 8.94396816875e-06, 8.58064822751e-07, 3.49381821252e-06, 2.47852995017e-06, 9.39704477787e-07, 7.98068583663e-07, 4.11344785789e-07, 6.89128114573e-07, 1.53881202891e-07, 9.70077920215e-08, 1.45443479482e-07, 4.50984494194e-08, 5.24904564259e-08, 7.39337977507e-08, 4.22357366858e-08, 2.40648123651e-08, 2.70295341664e-08, 1.67802660656e-08, 1.58329314104e-08, 1.11025464378e-08, 1.02955359793e-08, 1.08531104104e-08, 4.22334167638e-09, 1.42239153789e-09, 1.08450159964e-09, 4.54509541115e-10, 4.92383800399e-10, 1.03915642757e-09, 3.8382783063e-10, 9.698733483e-11, 3.3882893713e-10, 9.05642782989e-11],
