{
"highlevel": {
    "danceability": {
        "all": {
            "danceable": 0.991694271564,
            "not_danceable": 0.00830572284758
        },
        "probability": 0.991694271564,
        "value": "danceable"
    },
    "gender": {
        "all": {
            "female": 0.0161352157593,
            "male": 0.983864784241
        },
        "probability": 0.983864784241,
        "value": "male"
    },
    "genre_dortmund": {
        "all": {
            "alternative": 0.150261372328,
            "blues": 0.0416260808706,
            "electronic": 0.00741730351001,
            "folkcountry": 0.0826965793967,
            "funksoulrnb": 0.00414321292192,
            "jazz": 0.0184765029699,
            "pop": 0.0281565394253,
            "raphiphop": 0.00449869967997,
            "rock": 0.662723720074
        },
        "probability": 0.662723720074,
        "value": "rock"
    },
    "genre_electronic": {
        "all": {
            "ambient": 0.501913368702,
            "dnb": 0.108387582004,
            "house": 0.0283701866865,
            "techno": 0.0117950765416,
            "trance": 0.349533766508
        },
        "probability": 0.501913368702,
        "value": "ambient"
    },
    "genre_rosamerica": {
        "all": {
            "cla": 0.00709860958159,
            "dan": 0.0287482310086,
            "hip": 0.0093439547345,
            "jaz": 0.0111621078104,
            "pop": 0.253102213144,
            "rhy": 0.00784721598029,
            "roc": 0.680392742157,
            "spe": 0.00230491068214
        },
        "probability": 0.680392742157,
        "value": "roc"
    },
    "genre_tzanetakis": {
        "all": {
            "blu": 0.0626613423228,
            "cla": 0.0348169617355,
            "cou": 0.104475811124,
            "dis": 0.0784321576357,
            "hip": 0.15692435205,
            "jaz": 0.313974827528,
            "met": 0.0448166541755,
            "pop": 0.0627359300852,
            "reg": 0.0627360641956,
            "roc": 0.0784258767962
        },
        "probability": 0.313974827528,
        "value": "jaz"
    },
    "ismir04_rhythm": {
        "all": {
            "ChaChaCha": 0.525881826878,
            "Jive": 0.148707360029,
            "Quickstep": 0.0419426858425,
            "Rumba-American": 0.027647042647,
            "Rumba-International": 0.0172410365194,
            "Rumba-Misc": 0.00887555722147,
            "Samba": 0.0396245792508,
            "Tango": 0.0500830076635,
            "VienneseWaltz": 0.130236580968,
            "Waltz": 0.00976030062884
        },
        "probability": 0.525881826878,
        "value": "ChaChaCha"
    },
    "mood_acoustic": {
        "all": {
            "acoustic": 0.28380587697,
            "not_acoustic": 0.716194093227
        },
        "probability": 0.716194093227,
        "value": "not_acoustic"
    },
    "mood_aggressive": {
        "all": {
            "aggressive": 0.668210864067,
            "not_aggressive": 0.331789135933
        },
        "probability": 0.668210864067,
        "value": "aggressive"
    },
    "mood_electronic": {
        "all": {
            "electronic": 0.206490069628,
            "not_electronic": 0.793509960175
        },
        "probability": 0.793509960175,
        "value": "not_electronic"
    },
    "mood_happy": {
        "all": {
            "happy": 0.589122712612,
            "not_happy": 0.410877257586
        },
        "probability": 0.589122712612,
        "value": "happy"
    },
    "mood_party": {
        "all": {
            "not_party": 0.630765616894,
            "party": 0.369234383106
        },
        "probability": 0.630765616894,
        "value": "not_party"
    },
    "mood_relaxed": {
        "all": {
            "not_relaxed": 0.925228774548,
            "relaxed": 0.074771232903
        },
        "probability": 0.925228774548,
        "value": "not_relaxed"
    },
    "mood_sad": {
        "all": {
            "not_sad": 0.594804525375,
            "sad": 0.405195474625
        },
        "probability": 0.594804525375,
        "value": "not_sad"
    },
    "moods_mirex": {
        "all": {
            "Cluster1": 0.41247138381,
            "Cluster2": 0.145137071609,
            "Cluster3": 0.12363794446,
            "Cluster4": 0.142238348722,
            "Cluster5": 0.176515251398
        },
        "probability": 0.41247138381,
        "value": "Cluster1"
    },
    "timbre": {
        "all": {
            "bright": 0.808288395405,
            "dark": 0.191711604595
        },
        "probability": 0.808288395405,
        "value": "bright"
    },
    "tonal_atonal": {
        "all": {
            "atonal": 0.00136131618638,
            "tonal": 0.998638689518
        },
        "probability": 0.998638689518,
        "value": "tonal"
    },
    "voice_instrumental": {
        "all": {
            "instrumental": 0.000301497289911,
            "voice": 0.999698519707
        },
        "probability": 0.999698519707,
        "value": "voice"
    }
},
"lowlevel": {
    "average_loudness": 0.945589840412,
    "barkbands_crest": {
        "dmean": 2.6585752964,
        "dmean2": 4.16447067261,
        "dvar": 5.51473903656,
        "dvar2": 13.5232048035,
        "max": 25.3242321014,
        "mean": 10.07401371,
        "median": 9.48840236664,
        "min": 2.69711017609,
        "var": 18.3018608093
    },
    "barkbands_flatness_db": {
        "dmean": 0.0171537864953,
        "dmean2": 0.0266678575426,
        "dvar": 0.000236255713389,
        "dvar2": 0.000579039449804,
        "max": 0.259953588247,
        "mean": 0.119001880288,
        "median": 0.115395732224,
        "min": 0.0513167157769,
        "var": 0.00118776294403
    },
    "barkbands_kurtosis": {
        "dmean": 1.28820216656,
        "dmean2": 2.0802025795,
        "dvar": 5.16040039062,
        "dvar2": 13.8168087006,
        "max": 41.7282905579,
        "mean": 1.02445161343,
        "median": 0.255422830582,
        "min": -1.87381458282,
        "var": 9.38001060486
    },
    "barkbands_skewness": {
        "dmean": 0.396981596947,
        "dmean2": 0.614089787006,
        "dvar": 0.156885847449,
        "dvar2": 0.38173148036,
        "max": 5.67338705063,
        "mean": 0.916569709778,
        "median": 0.820152461529,
        "min": -1.04637253284,
        "var": 0.543426692486
    },
    "barkbands_spread": {
        "dmean": 5.97165584564,
        "dmean2": 9.23160743713,
        "dvar": 43.6344451904,
        "dvar2": 88.0288085938,
        "max": 111.756904602,
        "mean": 29.1970672607,
        "median": 27.370929718,
        "min": 3.10518503189,
        "var": 201.419540405
    },
    "dissonance": {
        "dmean": 0.0155350752175,
        "dmean2": 0.0262904111296,
        "dvar": 0.000226966832997,
        "dvar2": 0.000619383761659,
        "max": 0.500000059605,
        "mean": 0.470811069012,
        "median": 0.476236373186,
        "min": 0.360470980406,
        "var": 0.000502478680573
    },
    "dynamic_complexity": 2.15464758873,
    "erbbands_crest": {
        "dmean": 2.79555654526,
        "dmean2": 4.52552556992,
        "dvar": 7.31241083145,
        "dvar2": 17.707742691,
        "max": 28.709651947,
        "mean": 9.99304962158,
        "median": 8.68211650848,
        "min": 2.57913851738,
        "var": 26.5946388245
    },
    "erbbands_flatness_db": {
        "dmean": 0.0160738527775,
        "dmean2": 0.0247653219849,
        "dvar": 0.000220974237891,
        "dvar2": 0.000470610480988,
        "max": 0.295140117407,
        "mean": 0.156018391252,
        "median": 0.156279534101,
        "min": 0.0634124949574,
        "var": 0.00133519584779
    },
    "erbbands_kurtosis": {
        "dmean": 0.841914474964,
        "dmean2": 1.35090398788,
        "dvar": 1.21787250042,
        "dvar2": 3.25565361977,
        "max": 14.6409912109,
        "mean": 0.608198046684,
        "median": 0.156235456467,
        "min": -1.47636640072,
        "var": 2.7703192234
    },
    "erbbands_skewness": {
        "dmean": 0.345788747072,
        "dmean2": 0.532340288162,
        "dvar": 0.105081506073,
        "dvar2": 0.240106105804,
        "max": 3.36208224297,
        "mean": 0.268293768167,
        "median": 0.211996644735,
        "min": -2.15211033821,
        "var": 0.678494155407
    },
    "erbbands_spread": {
        "dmean": 6.11449956894,
        "dmean2": 9.39975833893,
        "dvar": 36.3160133362,
        "dvar2": 84.6670684814,
        "max": 103.465904236,
        "mean": 33.527179718,
        "median": 31.357093811,
        "min": 6.91054153442,
        "var": 177.988922119
    },
    "hfc": {
        "dmean": 5.71942281723,
        "dmean2": 8.55799770355,
        "dvar": 30.2076816559,
        "dvar2": 64.2988739014,
        "max": 75.645614624,
        "mean": 31.5723342896,
        "median": 33.1666755676,
        "min": 0.127230167389,
        "var": 188.029891968
    },
    "melbands_crest": {
        "dmean": 3.26263523102,
        "dmean2": 5.11603021622,
        "dvar": 8.54764938354,
        "dvar2": 21.1066799164,
        "max": 29.88514328,
        "mean": 14.3496980667,
        "median": 13.6552648544,
        "min": 3.26326370239,
        "var": 25.7992191315
    },
    "melbands_flatness_db": {
        "dmean": 0.0211092121899,
        "dmean2": 0.0325848460197,
        "dvar": 0.000408142979722,
        "dvar2": 0.000917050580028,
        "max": 0.342620372772,
        "mean": 0.154029279947,
        "median": 0.151546552777,
        "min": 0.0218115691096,
        "var": 0.00222674640827
    },
    "melbands_kurtosis": {
        "dmean": 3.40149760246,
        "dmean2": 5.32808113098,
        "dvar": 36.5046920776,
        "dvar2": 93.4906234741,
        "max": 115.096786499,
        "mean": 5.89331436157,
        "median": 3.49658060074,
        "min": -1.21279811859,
        "var": 78.1571350098
    },
    "melbands_skewness": {
        "dmean": 0.527748286724,
        "dmean2": 0.810262918472,
        "dvar": 0.316975682974,
        "dvar2": 0.756491959095,
        "max": 9.2234954834,
        "mean": 1.82676434517,
        "median": 1.60609531403,
        "min": -0.334631979465,
        "var": 1.29919183254
    },
    "melbands_spread": {
        "dmean": 8.31384468079,
        "dmean2": 12.9274177551,
        "dvar": 92.4962692261,
        "dvar2": 190.457336426,
        "max": 160.799179077,
        "mean": 33.0659065247,
        "median": 29.9335250854,
        "min": 2.43330621719,
        "var": 316.291870117
    },
    "pitch_salience": {
        "dmean": 0.0659346804023,
        "dmean2": 0.104720026255,
        "dvar": 0.00351601978764,
        "dvar2": 0.00818488746881,
        "max": 0.780185222626,
        "mean": 0.513153135777,
        "median": 0.515192329884,
        "min": 0.148934110999,
        "var": 0.0118599031121
    },
    "silence_rate_20dB": {
        "dmean": 0,
        "dmean2": 0,
        "dvar": 0,
        "dvar2": 0,
        "max": 1,
        "mean": 1,
        "median": 1,
        "min": 1,
        "var": 0
    },
    "silence_rate_30dB": {
        "dmean": 0,
        "dmean2": 0,
        "dvar": 0,
        "dvar2": 0,
        "max": 1,
        "mean": 1,
        "median": 1,
        "min": 1,
        "var": 0
    },
    "silence_rate_60dB": {
        "dmean": 0.00386996893212,
        "dmean2": 0.00774593325332,
        "dvar": 0.00385502865538,
        "dvar2": 0.00923519115895,
        "max": 1,
        "mean": 0.0123743228614,
        "median": 0,
        "min": 0,
        "var": 0.0122211538255
    },
    "spectral_centroid": {
        "dmean": 237.734924316,
        "dmean2": 362.898010254,
        "dvar": 52061.109375,
        "dvar2": 110784.828125,
        "max": 3842.73632812,
        "mean": 1681.02246094,
        "median": 1635.87463379,
        "min": 520.58380127,
        "var": 263135.65625
    },
    "spectral_complexity": {
        "dmean": 4.13544893265,
        "dmean2": 6.23237800598,
        "dvar": 12.4081296921,
        "dvar2": 25.0150279999,
        "max": 49,
        "mean": 26.5831394196,
        "median": 27,
        "min": 0,
        "var": 73.548576355
    },
    "spectral_decrease": {
        "dmean": 1.76555292608e-09,
        "dmean2": 2.72120859179e-09,
        "dvar": 3.32526751003e-18,
        "dvar2": 8.24201852449e-18,
        "max": -6.97585392229e-11,
        "mean": -7.47572315163e-09,
        "median": -7.17431491992e-09,
        "min": -2.00963139463e-08,
        "var": 1.39626019447e-17
    },
    "spectral_energy": {
        "dmean": 0.00695907510817,
        "dmean2": 0.010697344318,
        "dvar": 4.99306588608e-05,
        "dvar2": 0.000123258825624,
        "max": 0.0805675983429,
        "mean": 0.031078748405,
        "median": 0.0300597343594,
        "min": 0.000274824764347,
        "var": 0.000220689602429
    },
    "spectral_energyband_high": {
        "dmean": 0.000343353283824,
        "dmean2": 0.00049142842181,
        "dvar": 2.30363525588e-07,
        "dvar2": 4.49702525884e-07,
        "max": 0.00596704240888,
        "mean": 0.00118619960267,
        "median": 0.000975591770839,
        "min": 2.25911253438e-06,
        "var": 9.32116790864e-07
    },
    "spectral_energyband_low": {
        "dmean": 0.0033824625425,
        "dmean2": 0.00531942117959,
        "dvar": 2.59837088379e-05,
        "dvar2": 6.56503179925e-05,
        "max": 0.05609722808,
        "mean": 0.00804005004466,
        "median": 0.00616115937009,
        "min": 1.11063536679e-05,
        "var": 5.73263969272e-05
    },
    "spectral_energyband_middle_high": {
        "dmean": 0.00239683687687,
        "dmean2": 0.00370292901061,
        "dvar": 8.65386027726e-06,
        "dvar2": 2.00339945877e-05,
        "max": 0.0646546408534,
        "mean": 0.00904546771199,
        "median": 0.00792448408902,
        "min": 1.77487945621e-05,
        "var": 3.88759181078e-05
    },
    "spectral_energyband_middle_low": {
        "dmean": 0.00533790653571,
        "dmean2": 0.00853516161442,
        "dvar": 3.99711643695e-05,
        "dvar2": 0.000102661913843,
        "max": 0.0766485035419,
        "mean": 0.0138035295531,
        "median": 0.0101298391819,
        "min": 0.000136162489071,
        "var": 0.000146253267303
    },
    "spectral_entropy": {
        "dmean": 0.115163646638,
        "dmean2": 0.170396119356,
        "dvar": 0.0123591180891,
        "dvar2": 0.0233378466219,
        "max": 8.71341609955,
        "mean": 7.76912355423,
        "median": 7.76644611359,
        "min": 6.81466388702,
        "var": 0.0835959911346
    },
    "spectral_flux": {
        "dmean": 0.0220863930881,
        "dmean2": 0.0350808687508,
        "dvar": 0.00042090631905,
        "dvar2": 0.00102000718471,
        "max": 0.216804370284,
        "mean": 0.0919683799148,
        "median": 0.0900347456336,
        "min": 0.012011596933,
        "var": 0.00106330006383
    },
    "spectral_kurtosis": {
        "dmean": 1.03283166885,
        "dmean2": 1.70373380184,
        "dvar": 0.995725274086,
        "dvar2": 2.59420180321,
        "max": 10.6145772934,
        "mean": 3.67617177963,
        "median": 3.58083629608,
        "min": -0.795146465302,
        "var": 2.60401344299
    },
    "spectral_rms": {
        "dmean": 0.000619494006969,
        "dmean2": 0.000927805085666,
        "dvar": 3.45423359249e-07,
        "dvar2": 8.03335353794e-07,
        "max": 0.00886580720544,
        "mean": 0.00532254762948,
        "median": 0.00541540095583,
        "min": 0.000517804699484,
        "var": 1.99125497602e-06
    },
    "spectral_rolloff": {
        "dmean": 563.047485352,
        "dmean2": 909.949584961,
        "dvar": 944306.125,
        "dvar2": 1899966.75,
        "max": 12144.7265625,
        "mean": 2066.90576172,
        "median": 1765.72265625,
        "min": 86.1328125,
        "var": 2446834
    },
    "spectral_skewness": {
        "dmean": 0.163129881024,
        "dmean2": 0.262670874596,
        "dvar": 0.0218972768635,
        "dvar2": 0.0501969084144,
        "max": 2.63060593605,
        "mean": 1.46699631214,
        "median": 1.48723840714,
        "min": 0.394419193268,
        "var": 0.0769605189562
    },
    "spectral_spread": {
        "dmean": 515792.4375,
        "dmean2": 762644.75,
        "dvar": 493877592064,
        "dvar2": 776932294656,
        "max": 12925771,
        "mean": 4724571.5,
        "median": 4478478,
        "min": 1972010.25,
        "var": 1.83553176371e+12
    },
    "spectral_strongpeak": {
        "dmean": 0.708026707172,
        "dmean2": 1.22077834606,
        "dvar": 1.05175340176,
        "dvar2": 2.70444130898,
        "max": 9.88067150116,
        "mean": 1.4798463583,
        "median": 0.653574764729,
        "min": 0,
        "var": 2.21702933311
    },
    "zerocrossingrate": {
        "dmean": 0.0107130873948,
        "dmean2": 0.0123034771532,
        "dvar": 0.00019849659293,
        "dvar2": 0.00021654801094,
        "max": 0.322265625,
        "mean": 0.0766858384013,
        "median": 0.068359375,
        "min": 0.01611328125,
        "var": 0.00134347868152
    },
    "barkbands": {
        "dmean": [7.28525701561e-05, 0.0021764067933, 0.00147725758143, 0.0011677632574, 0.00117433152627, 0.000630826107226, 0.00121088547166, 0.00178665621206, 0.00168767466675, 0.00115926086437, 0.000486954086227, 0.000551540288143, 0.000479138165247, 0.000533625658136, 0.000625281361863, 0.000409250991652, 0.000291349017061, 0.000351164053427, 0.000187225043192, 0.00013919272169, 7.82486313256e-05, 6.93916081218e-05, 7.92735227151e-05, 0.000104111044493, 7.83415162005e-05, 3.24436550727e-05, 3.38309114056e-08],
        "dmean2": [0.000130042244564, 0.00332771288231, 0.0024866159074, 0.00197235820815, 0.00196055858396, 0.00100164010655, 0.00182848225813, 0.002886160044, 0.00263654510491, 0.00189905369189, 0.000777457142249, 0.000893832242582, 0.000760867318604, 0.000879535276908, 0.000980988144875, 0.000647322798613, 0.00046839620336, 0.000565518741496, 0.000303706794512, 0.000212781538721, 0.000121507357107, 0.000106748411781, 0.000125841223053, 0.000158831302542, 0.000119405776786, 5.02192560816e-05, 5.89997242173e-08],
        "dvar": [4.99314012359e-08, 1.0650655895e-05, 6.9908178375e-06, 5.84601548326e-06, 4.95270205647e-06, 1.55001725943e-06, 7.57609450375e-06, 2.04638818104e-05, 9.94966740109e-06, 8.14782015368e-06, 1.81366601737e-06, 1.1309588217e-06, 1.08201152216e-06, 7.99890756298e-07, 7.95863229541e-07, 4.74847496434e-07, 1.90377932086e-07, 2.34143783473e-07, 4.88907510032e-08, 3.25154054792e-08, 8.06259681241e-09, 8.26666024523e-09, 1.53934536229e-08, 3.18757074069e-08, 2.374086705e-08, 6.1988640887e-09, 7.28398020882e-15],
        "dvar2": [1.33736676844e-07, 2.3533921194e-05, 1.93965061044e-05, 1.47547152665e-05, 1.22556393762e-05, 3.63545814253e-06, 1.6329346181e-05, 5.2967301599e-05, 2.41997113335e-05, 1.91129056475e-05, 4.76007608086e-06, 2.78801826425e-06, 2.63011202151e-06, 1.9648050511e-06, 1.97137069335e-06, 1.11348890641e-06, 5.04061802076e-07, 6.0701700022e-07, 1.27533283489e-07, 6.84582417421e-08, 1.98517184913e-08, 1.9127583073e-08, 3.72116275571e-08, 6.71194513302e-08, 5.11062800967e-08, 1.27946080397e-08, 2.00991770428e-14],
        "max": [0.00254878401756, 0.0437084063888, 0.0346703529358, 0.0167383439839, 0.0412638559937, 0.0215667635202, 0.0457051210105, 0.0755671784282, 0.0393720753491, 0.0585802607238, 0.0401557274163, 0.0122459288687, 0.0201135668904, 0.0122716883197, 0.0126167479903, 0.0119007499889, 0.00691357580945, 0.0100303459913, 0.00257591693662, 0.00259320321493, 0.00134293956216, 0.00170698936563, 0.00151276064571, 0.00272632832639, 0.00184549053665, 0.00131721689831, 1.42546161896e-06],
        "mean": [5.86785354244e-05, 0.00433017546311, 0.00308403000236, 0.0010696684476, 0.00161578459665, 0.000891253352165, 0.00241310452111, 0.00370113342069, 0.00325539684854, 0.00177840935066, 0.000849034346174, 0.000917538593058, 0.000838710460812, 0.000953573093284, 0.00127653940581, 0.000822568777949, 0.000607632449828, 0.000818937842268, 0.00042505186866, 0.000350928166881, 0.000208396464586, 0.000179376278538, 0.000182816831511, 0.000231592857745, 0.00016308540944, 5.53581958229e-05, 2.99075324506e-08],
        "median": [1.48456128954e-05, 0.00160806882195, 0.00229208776727, 0.000287889502943, 0.00060730392579, 0.000360142206773, 0.000554719415959, 0.000655861920677, 0.000718108320143, 0.000555787584744, 0.000323813641444, 0.000436471309513, 0.000361654849257, 0.000573576719034, 0.000677263364196, 0.000481720606331, 0.000370424240828, 0.000659733253997, 0.000355683965608, 0.000256135623204, 0.000173773005372, 0.000144750636537, 0.000134080502903, 0.000154986788402, 8.34167876747e-05, 1.7688729713e-05, 3.69793018429e-09],
        "min": [1.20486291166e-07, 2.27087389248e-06, 1.10164125999e-06, 3.61120470416e-07, 5.55858241569e-06, 3.00511669593e-06, 1.23799181893e-05, 5.79758489039e-06, 7.18842557035e-06, 2.17156912186e-06, 1.02797571344e-06, 7.66267760355e-07, 8.57398219978e-07, 1.88511444321e-06, 1.15837565318e-06, 1.29446289066e-06, 1.78283755758e-06, 1.10596567993e-06, 1.16062665256e-06, 1.05770811842e-06, 6.20685625563e-07, 2.11559452623e-07, 1.9366055426e-07, 1.57904160858e-08, 6.53935516848e-11, 2.64900358593e-11, 4.62002831825e-12],
        "var": [3.5564113432e-08, 4.0294486098e-05, 9.14706197364e-06, 5.02476086695e-06, 7.86164400779e-06, 2.664487738e-06, 3.09501119773e-05, 7.77521709097e-05, 3.59421319445e-05, 1.56510104716e-05, 5.54124017071e-06, 2.22973062591e-06, 2.35421885009e-06, 1.6784977106e-06, 2.54578094427e-06, 1.32530885821e-06, 5.13433235483e-07, 5.19162028922e-07, 1.08776447405e-07, 1.09471280041e-07, 2.79264398273e-08, 2.54835494928e-08, 3.40502985807e-08, 7.70028876218e-08, 5.71357716694e-08, 1.49821808293e-08, 6.23188990239e-15]
    },
    "erbbands": {
        "dmean": [0.0362350456417, 0.574981093407, 1.56480908394, 2.6937482357, 3.67633032799, 4.37206029892, 5.21982860565, 5.06787204742, 11.8486309052, 26.5830688477, 39.1639556885, 43.9723587036, 38.8186569214, 23.1046047211, 18.4174232483, 21.9294452667, 21.1438388824, 25.489315033, 31.0062713623, 26.0276603699, 17.3738994598, 15.0342178345, 20.3484477997, 11.8990573883, 7.7128534317, 6.87141799927, 3.66489553452, 2.97426176071, 2.48007130623, 2.28643751144, 2.49873518944, 1.77294528484, 2.13092637062, 0.953654587269, 0.586803793907, 0.221507206559, 0.0524537339807, 0.00430286303163, 8.13649967313e-05, 1.04848986666e-05],
        "dmean2": [0.0554523468018, 0.883717298508, 2.61168527603, 4.55073595047, 6.31530809402, 7.164311409, 8.10560894012, 8.18599128723, 18.0266666412, 40.4691543579, 63.1250495911, 67.8614807129, 63.0790138245, 37.3896751404, 29.4685268402, 35.7956504822, 33.4928779602, 41.278301239, 49.0178031921, 42.3857154846, 26.705663681, 24.6359939575, 33.0940818787, 19.2973613739, 12.4427185059, 10.4690093994, 5.83340740204, 4.48640108109, 3.80164861679, 3.58191919327, 3.99319553375, 2.69124722481, 3.30226016045, 1.46769464016, 0.879281699657, 0.33458635211, 0.080505259335, 0.00680191535503, 0.000125192455016, 1.61940388352e-05],
        "dvar": [0.00302448589355, 0.76906901598, 7.72828578949, 23.4685878754, 60.2034111023, 77.237739563, 178.510177612, 112.93687439, 778.777954102, 3134.89038086, 11145.4541016, 7479.48046875, 9798.50195312, 2792.39501953, 3354.19458008, 1881.96362305, 2085.16772461, 2135.59130859, 2145.22436523, 1787.97644043, 925.703369141, 464.853820801, 866.127197266, 214.938110352, 89.2302932739, 91.8550872803, 19.9266223907, 14.6932039261, 10.0867185593, 12.5078496933, 16.5500278473, 11.2746477127, 11.9395027161, 4.40304708481, 1.41931390762, 0.271635055542, 0.0193089339882, 0.000115249182272, 3.58684637547e-08, 1.46235995535e-10],
        "dvar2": [0.00674737012014, 1.73714673519, 21.6162185669, 58.9869270325, 162.802780151, 183.228897095, 396.403594971, 300.52142334, 1498.73413086, 6385.62548828, 29142.46875, 18101.9433594, 23751.8320312, 6091.921875, 8699.58886719, 4801.51611328, 5038.79833984, 5231.61328125, 5607.12060547, 4452.35107422, 1958.24304199, 1189.29309082, 2200.51733398, 560.20135498, 215.790283203, 192.168914795, 51.571346283, 33.7205619812, 22.0667972565, 30.5176010132, 39.8429336548, 24.7129421234, 26.1505622864, 10.3180484772, 2.94334936142, 0.615910828114, 0.0370019339025, 0.000206655167858, 6.30252827705e-08, 2.95537982975e-10],
        "max": [0.603498935699, 11.8033313751, 35.2003288269, 35.1888275146, 74.9081726074, 153.813339233, 216.43460083, 153.947174072, 667.76373291, 1014.78076172, 1729.27185059, 1075.53625488, 2022.74267578, 1079.93334961, 1894.48815918, 580.384338379, 895.808288574, 749.700439453, 691.165710449, 694.852172852, 515.33215332, 273.748535156, 675.305969238, 185.385223389, 171.662231445, 159.935516357, 80.7192611694, 59.8836097717, 59.3571586609, 59.0869026184, 50.2438812256, 48.6015510559, 53.1431159973, 35.9288368225, 16.625711441, 7.13322877884, 2.91300725937, 0.260130345821, 0.00451710354537, 0.000226149713853],
        "mean": [0.0710147768259, 1.17529273033, 3.47147917747, 3.75904631615, 3.77331995964, 6.26739501953, 6.82280015945, 7.34047603607, 22.8566265106, 57.364982605, 86.4251022339, 82.6390914917, 64.2600097656, 39.8887710571, 36.1745414734, 40.0430908203, 39.1159095764, 50.2662696838, 62.7272644043, 58.1213607788, 40.3336448669, 36.5797157288, 46.7029037476, 28.2212505341, 19.2446327209, 17.0596389771, 9.76807117462, 7.82525968552, 6.45124912262, 5.75900840759, 5.38771247864, 3.87082529068, 4.44506454468, 1.97665274143, 1.10829210281, 0.391035228968, 0.0755050852895, 0.0052314857021, 0.000138528936077, 4.73843356303e-05],
        "median": [0.0350309237838, 0.449788480997, 3.00467562675, 2.33651137352, 1.23904848099, 2.09373927116, 2.21292948723, 3.4803712368, 7.56966018677, 12.2533512115, 20.5103359222, 20.5521869659, 21.4233589172, 17.8695335388, 13.8115959167, 20.7582798004, 19.7559947968, 31.9191169739, 36.1606559753, 36.7559700012, 23.8922576904, 25.3129005432, 37.3368339539, 23.2313117981, 15.3915977478, 12.2194929123, 8.18797397614, 6.44026517868, 5.19543457031, 4.19626665115, 3.80728626251, 2.5093832016, 2.88280653954, 1.14640140533, 0.478888064623, 0.134998574853, 0.0210833400488, 0.00148859724868, 6.6620123107e-05, 4.68938997074e-05],
        "min": [7.22762415535e-05, 0.000418361014454, 0.0018817196833, 0.0058471863158, 0.0150571009144, 0.0197843443602, 0.0346405282617, 0.0358434543014, 0.136238798499, 0.299846380949, 0.160857930779, 0.144970744848, 0.0649758353829, 0.0769255161285, 0.0401441417634, 0.0270567834377, 0.0405908189714, 0.0824008360505, 0.107031822205, 0.0929125398397, 0.0815388187766, 0.114470526576, 0.0815850421786, 0.0447199009359, 0.0772200599313, 0.0548889897764, 0.0362301841378, 0.0192995145917, 0.00734194181859, 0.0103529477492, 0.00601093564183, 0.000456409761682, 0.000286565249553, 0.000127265404444, 2.20292258746e-05, 1.23721001728e-05, 5.11734833708e-06, 1.57176168614e-06, 4.46242438557e-07, 3.93094694573e-07],
        "var": [0.00778126716614, 2.88144993782, 10.3780097961, 23.6097259521, 48.8633460999, 156.2396698, 248.134719849, 174.126403809, 2570.59692383, 15897.2978516, 39491.1171875, 22265.9511719, 19327.1582031, 5649.50292969, 10068.8613281, 3869.84057617, 4246.37255859, 4908.10888672, 5556.78271484, 4896.58544922, 2964.63037109, 1392.91247559, 1829.41687012, 468.922454834, 262.200805664, 290.80947876, 61.1270828247, 44.34532547, 32.1224975586, 33.26902771, 32.1896896362, 25.127456665, 27.2085018158, 8.56327152252, 3.2131588459, 0.642517805099, 0.0386364497244, 0.000216043481487, 7.70574573039e-08, 5.20748277832e-10]
    },
    "gfcc": {
        "mean": [40.5303001404, 73.5994567871, -133.593002319, 34.2915382385, -60.144493103, 26.6013908386, -39.9898986816, 25.3859825134, -18.8121433258, 5.62488651276, -17.1694698334, -6.57622480392, -14.8517875671],
        "cov": [[1656.68811035, -434.055297852, -23.3789806366, -76.6850967407, -86.9743041992, 89.6067886353, -98.2646484375, 14.7555055618, -92.0001907349, 90.699546814, -107.095733643, -6.55703735352, -54.1026382446], [-434.055297852, 776.819885254, -84.6948013306, 74.7402267456, 138.33215332, -96.5313415527, 98.4528121948, -51.7289886475, 115.568870544, -83.6237792969, 94.693359375, -104.838897705, 13.2342634201], [-23.3789806366, -84.6948013306, 437.981964111, 79.5181808472, 51.6295661926, 61.379360199, -32.6470603943, 7.22330093384, -26.3133945465, 39.8991775513, -32.931427002, 53.7197647095, -42.6608047485], [-76.6850967407, 74.7402267456, 79.5181808472, 270.077301025, 102.18522644, -16.5008010864, -51.2887229919, -32.9814872742, 42.3018951416, -20.4905796051, 18.2346363068, 0.245640620589, 38.0568962097], [-86.9743041992, 138.33215332, 51.6295661926, 102.18522644, 221.661331177, 29.4710140228, 26.6801013947, 11.6881904602, 28.7488231659, -1.9530287981, 0.891877233982, 1.12963747978, -10.4789028168], [89.6067886353, -96.5313415527, 61.379360199, -16.5008010864, 29.4710140228, 204.830612183, 102.721626282, 60.9664154053, -23.7609939575, 23.4244174957, -3.59616231918, -1.24040699005, -5.06754589081], [-98.2646484375, 98.4528121948, -32.6470603943, -51.2887229919, 26.6801013947, 102.721626282, 257.911102295, 91.9873352051, 9.04175186157, 21.3601913452, 37.9233818054, 4.24151754379, -23.5552024841], [14.7555055618, -51.7289886475, 7.22330093384, -32.9814872742, 11.6881904602, 60.9664154053, 91.9873352051, 132.329772949, 38.6533889771, 37.9094200134, 7.90773200989, -7.29612207413, -15.0627202988], [-92.0001907349, 115.568870544, -26.3133945465, 42.3018951416, 28.7488231659, -23.7609939575, 9.04175186157, 38.6533889771, 139.235244751, 28.7766036987, 25.1229839325, -45.873550415, 0.60609972477], [90.699546814, -83.6237792969, 39.8991775513, -20.4905796051, -1.9530287981, 23.4244174957, 21.3601913452, 37.9094200134, 28.7766036987, 102.671691895, 16.785276413, 18.0889778137, -19.0326728821], [-107.095733643, 94.693359375, -32.931427002, 18.2346363068, 0.891877233982, -3.59616231918, 37.9233818054, 7.90773200989, 25.1229839325, 16.785276413, 92.4330749512, 17.9230041504, 8.87947177887], [-6.55703735352, -104.838897705, 53.7197647095, 0.245640620589, 1.12963747978, -1.24040699005, 4.24151754379, -7.29612207413, -45.873550415, 18.0889778137, 17.9230041504, 119.404312134, 24.6742248535], [-54.1026382446, 13.2342634201, -42.6608047485, 38.0568962097, -10.4789028168, -5.06754589081, -23.5552024841, -15.0627202988, 0.60609972477, -19.0326728821, 8.87947177887, 24.6742248535, 89.7349624634]],
        "icov": [[0.000864942325279, -5.507718015e-05, 0.00051012262702, -0.000341754057445, 0.000369699380826, -0.00064184574876, 0.000654042814858, -0.000273191806627, 0.000660793157294, -0.00114282569848, 0.00102156924549, -0.000160238691024, 0.000745937868487], [-5.507718015e-05, 0.00492933671921, -0.00167824863456, 0.0018591171829, -0.00356226391159, 0.00350325647742, -0.00396057264879, 0.00388647383079, -0.00245788088068, 0.0036256769672, -0.00536739407107, 0.00548624061048, -0.00314374268055], [0.00051012262702, -0.00167824863456, 0.00444259447977, -0.00243115075864, 0.00153664429672, -0.00297737726942, 0.00262755784206, -0.00172082241625, 0.00119859992992, -0.00263969646767, 0.00388205377385, -0.00430262135342, 0.00434133037925], [-0.000341754057445, 0.0018591171829, -0.00243115075864, 0.00725371437147, -0.00415906310081, 0.00174575508572, -0.000966936291661, 0.00280151050538, -0.00283247395419, 0.00299642025493, -0.0042448756285, 0.0030083633028, -0.00463549979031], [0.000369699380826, -0.00356226391159, 0.00153664429672, -0.00415906310081, 0.00892105232924, -0.00372487679124, 0.00235237320885, -0.00287361838855, 0.000667749089189, -0.00232117366977, 0.00532101793215, -0.00532380864024, 0.0046497406438], [-0.00064184574876, 0.00350325647742, -0.00297737726942, 0.00174575508572, -0.00372487679124, 0.0109568797052, -0.0060063698329, 0.000745796773117, 0.00108739349525, 0.00152061646804, -0.00422900775447, 0.00673186779022, -0.00544458348304], [0.000654042814858, -0.00396057264879, 0.00262755784206, -0.000966936291661, 0.00235237320885, -0.0060063698329, 0.0106610432267, -0.00672700908035, 0.00241933157668, -0.00247837766074, 0.00227838172577, -0.00556759396568, 0.00500596966594], [-0.000273191806627, 0.00388647383079, -0.00172082241625, 0.00280151050538, -0.00287361838855, 0.000745796773117, -0.00672700908035, 0.0161455553025, -0.00627529341727, 0.000928607187234, -0.00298903975636, 0.00386496097781, -0.00262086302973], [0.000660793157294, -0.00245788088068, 0.00119859992992, -0.00283247395419, 0.000667749089189, 0.00108739349525, 0.00241933157668, -0.00627529341727, 0.0150003246963, -0.00703573878855, 0.000364151695976, 0.00373809970915, -0.000404401391279], [-0.00114282569848, 0.0036256769672, -0.00263969646767, 0.00299642025493, -0.00232117366977, 0.00152061646804, -0.00247837766074, 0.000928607187234, -0.00703573878855, 0.0182464718819, -0.00697422306985, 2.90020871034e-05, 0.000170361046912], [0.00102156924549, -0.00536739407107, 0.00388205377385, -0.0042448756285, 0.00532101793215, -0.00422900775447, 0.00227838172577, -0.00298903975636, 0.000364151695976, -0.00697422306985, 0.0214374065399, -0.00972482189536, 0.00460327416658], [-0.000160238691024, 0.00548624061048, -0.00430262135342, 0.0030083633028, -0.00532380864024, 0.00673186779022, -0.00556759396568, 0.00386496097781, 0.00373809970915, 2.90020871034e-05, -0.00972482189536, 0.0206268504262, -0.0100098606199], [0.000745937868487, -0.00314374268055, 0.00434133037925, -0.00463549979031, 0.0046497406438, -0.00544458348304, 0.00500596966594, -0.00262086302973, -0.000404401391279, 0.000170361046912, 0.00460327416658, -0.0100098606199, 0.0195325314999]]
    },
    "melbands": {
        "dmean": [0.00048605405027, 0.000771644990891, 0.000497053493746, 0.000273959594779, 0.000179878057679, 0.000114603259135, 0.000204013384064, 0.000310362898745, 0.000311156938551, 0.00027515887632, 0.000193019004655, 9.95573791442e-05, 6.17750483798e-05, 6.76515046507e-05, 4.51750711363e-05, 5.05443058501e-05, 5.34205937583e-05, 5.18900997122e-05, 4.32330598414e-05, 3.50088121195e-05, 1.98656489374e-05, 1.71974024852e-05, 2.06175300264e-05, 1.52626707859e-05, 1.06611705633e-05, 6.39017389403e-06, 6.01502870268e-06, 4.84987549498e-06, 2.76012042377e-06, 2.15005502469e-06, 1.8827669237e-06, 1.57443594162e-06, 1.46017441693e-06, 1.39033386404e-06, 1.68119606769e-06, 1.16328169497e-06, 1.19800768061e-06, 1.7841053932e-06, 1.11755946364e-06, 8.14991494735e-07],
        "dmean2": [0.0007389546372, 0.00124292983674, 0.000846957613248, 0.000460609357106, 0.000281121145235, 0.00018597660528, 0.000311815034365, 0.00047452605213, 0.000503794697579, 0.000425112521043, 0.000314268458169, 0.000160818177392, 9.83948120847e-05, 0.000109951004561, 7.11301836418e-05, 8.02276772447e-05, 8.78559221746e-05, 8.20363929961e-05, 6.89581574989e-05, 5.67422321183e-05, 3.13190939778e-05, 2.83870267594e-05, 3.36611337843e-05, 2.44055245275e-05, 1.76220819412e-05, 1.03668498923e-05, 9.4340330179e-06, 7.39811002859e-06, 4.42276768808e-06, 3.46238175553e-06, 2.92277400149e-06, 2.44055399889e-06, 2.31544731832e-06, 2.21944060286e-06, 2.720856628e-06, 1.83856877811e-06, 1.88125068235e-06, 2.82009841612e-06, 1.68563701664e-06, 1.29452359943e-06],
        "dvar": [5.12282269938e-07, 1.63021343269e-06, 8.74866486811e-07, 2.21098218844e-07, 2.00336330636e-07, 5.23403222985e-08, 2.13428506868e-07, 4.17472818981e-07, 6.28082489129e-07, 2.98748744854e-07, 2.47867717462e-07, 5.69440885556e-08, 3.36366490217e-08, 1.83200743464e-08, 8.74757954961e-09, 9.98020954768e-09, 9.846600868e-09, 5.89288839947e-09, 4.2167846992e-09, 3.53545481779e-09, 1.50343437699e-09, 6.91861068436e-10, 8.30376045702e-10, 4.57036436474e-10, 1.84429554961e-10, 6.40776043337e-11, 6.03914279695e-11, 4.80707834649e-11, 1.22924543808e-11, 6.23535901731e-12, 6.76732541532e-12, 4.12062137883e-12, 4.04424020314e-12, 4.87675785171e-12, 8.37157166506e-12, 3.76912997341e-12, 5.35578959654e-12, 7.19193411422e-12, 6.85369903192e-12, 2.84029245436e-12],
        "dvar2": [1.109569439e-06, 4.37951393906e-06, 2.22867629418e-06, 5.7763412542e-07, 4.47671595794e-07, 1.3549617961e-07, 4.42600764927e-07, 9.1624298193e-07, 1.67315306498e-06, 7.31255909159e-07, 5.93765491885e-07, 1.28004870703e-07, 8.75977193004e-08, 4.46934009801e-08, 1.89567579412e-08, 2.40986430811e-08, 2.45373392715e-08, 1.53020920379e-08, 9.96933025021e-09, 9.31813470828e-09, 3.27210725182e-09, 1.79770975883e-09, 2.14366724371e-09, 1.14213094538e-09, 4.92749785419e-10, 1.63529648156e-10, 1.41803985221e-10, 1.06979411441e-10, 3.23253368517e-11, 1.54861245355e-11, 1.61085207673e-11, 9.21890602051e-12, 1.01942803157e-11, 1.2391022236e-11, 2.04830319372e-11, 8.73114514716e-12, 1.21500179709e-11, 1.57241858423e-11, 1.61375999369e-11, 6.80940590372e-12],
        "max": [0.00900396797806, 0.0147290565073, 0.0072208121419, 0.00466508045793, 0.00925492309034, 0.00318167870864, 0.00985688716173, 0.00973607040942, 0.0114349257201, 0.0067826458253, 0.010448358953, 0.00449539860711, 0.0057558384724, 0.00156297977082, 0.00286002433859, 0.00166806858033, 0.00158331007697, 0.000958947173785, 0.000977471587248, 0.000890156137757, 0.000776732573286, 0.000330106500769, 0.000560651300475, 0.000341832404956, 0.000168999948073, 0.000112627029011, 0.000106101208075, 0.000106865380076, 6.63427490508e-05, 2.9988685128e-05, 4.26275910286e-05, 3.7400975998e-05, 3.23126587318e-05, 3.41948980349e-05, 3.63384097e-05, 2.10837661143e-05, 3.91656139982e-05, 2.94682613458e-05, 5.12806182087e-05, 2.44366783591e-05],
        "mean": [0.000969300512224, 0.00180555391125, 0.00066800537752, 0.000359340978321, 0.0002482275886, 0.000164240598679, 0.000402416859288, 0.000678507669363, 0.000684890896082, 0.000496938591823, 0.000306719739456, 0.000159736082423, 0.000115336079034, 0.000111384659249, 8.19589404273e-05, 8.92846146598e-05, 9.45576248341e-05, 9.58691598498e-05, 8.88028444024e-05, 7.03361511114e-05, 4.08354753745e-05, 3.54179901478e-05, 4.75019187434e-05, 3.27750967699e-05, 2.21603568207e-05, 1.35636764753e-05, 1.35978625622e-05, 1.07339892566e-05, 6.30676868241e-06, 4.99562020195e-06, 4.37479775428e-06, 3.67322309103e-06, 3.30300099449e-06, 3.13421855935e-06, 3.34651099365e-06, 2.30448836191e-06, 2.30586965699e-06, 3.46623710357e-06, 2.23993333748e-06, 1.4704911564e-06],
        "median": [0.000378686643671, 0.00142274424434, 0.000393521710066, 0.000123913443531, 8.49519274198e-05, 7.072948938e-05, 0.00011702386837, 0.000133235240355, 0.000153923436301, 0.000104543571069, 9.35066564125e-05, 6.68745560688e-05, 4.27749582741e-05, 4.93910229125e-05, 4.23919773311e-05, 3.79100638384e-05, 5.57354105695e-05, 5.45638249605e-05, 4.81059505546e-05, 4.45332334493e-05, 2.18094719457e-05, 2.19099983951e-05, 3.68720648112e-05, 2.57084648183e-05, 1.70605089806e-05, 1.03640559246e-05, 9.57461634243e-06, 7.51491552364e-06, 4.97180008097e-06, 4.12408053307e-06, 3.43857482221e-06, 2.89342324322e-06, 2.44677312367e-06, 2.14900910578e-06, 2.35988977693e-06, 1.45896785853e-06, 1.39685721479e-06, 2.1373018626e-06, 1.24714460981e-06, 8.02918577847e-07],
        "min": [1.10378573481e-06, 7.93221090589e-07, 1.19997946513e-06, 1.46977026816e-06, 1.2750250562e-06, 7.28749967038e-07, 2.0789930204e-06, 3.40045608027e-06, 9.072306284e-07, 1.07279367967e-06, 3.01924643509e-07, 3.40061490078e-07, 1.35810779511e-07, 8.01674033823e-08, 9.30450454462e-08, 8.16149068328e-08, 1.60608323085e-07, 1.42939597936e-07, 7.94273447013e-08, 9.45233864513e-08, 9.68282733993e-08, 8.84695978698e-08, 1.22501489841e-07, 5.4263924909e-08, 2.84344778834e-08, 5.7984593127e-08, 5.10274595911e-08, 5.12985742773e-09, 2.87583432623e-08, 1.1026637381e-08, 1.21612044879e-08, 8.18066059338e-10, 3.45733308649e-09, 2.74678746415e-09, 4.22514645493e-09, 8.27413026983e-10, 7.58274682194e-13, 9.08349576112e-11, 8.27932427477e-12, 5.31532175045e-13],
