{
"highlevel": {
    "danceability": {
        "all": {
            "danceable": 0.973469138145,
            "not_danceable": 0.0265308525413
        },
        "probability": 0.973469138145,
        "value": "danceable"
    },
    "gender": {
        "all": {
            "female": 0.5,
            "male": 0.5
        },
        "probability": 0.5,
        "value": "female"
    },
    "genre_dortmund": {
        "all": {
            "alternative": 0.132066473365,
            "blues": 0.0175371002406,
            "electronic": 0.0794218480587,
            "folkcountry": 0.0346766151488,
            "funksoulrnb": 0.0432248190045,
            "jazz": 0.0180723443627,
            "pop": 0.0555288344622,
            "raphiphop": 0.026941543445,
            "rock": 0.592530429363
        },
        "probability": 0.592530429363,
        "value": "rock"
    },
    "genre_electronic": {
        "all": {
            "ambient": 0.207218110561,
            "dnb": 0.208330079913,
            "house": 0.065298512578,
            "techno": 0.0275312755257,
            "trance": 0.491622030735
        },
        "probability": 0.491622030735,
        "value": "trance"
    },
    "genre_rosamerica": {
        "all": {
            "cla": 0.00150641193613,
            "dan": 0.0470039620996,
            "hip": 0.00538408290595,
            "jaz": 0.0016256038798,
            "pop": 0.0974561870098,
            "rhy": 0.0136657608673,
            "roc": 0.832708060741,
            "spe": 0.000649950874504
        },
        "probability": 0.832708060741,
        "value": "roc"
    },
    "genre_tzanetakis": {
        "all": {
            "blu": 0.0626541376114,
            "cla": 0.0348133966327,
            "cou": 0.0783501937985,
            "dis": 0.104547761381,
            "hip": 0.15693578124,
            "jaz": 0.313987255096,
            "met": 0.044816005975,
            "pop": 0.0627349764109,
            "reg": 0.0627352520823,
            "roc": 0.0784252434969
        },
        "probability": 0.313987255096,
        "value": "jaz"
    },
    "ismir04_rhythm": {
        "all": {
            "ChaChaCha": 0.14923530817,
            "Jive": 0.165688693523,
            "Quickstep": 0.0450075566769,
            "Rumba-American": 0.0196226108819,
            "Rumba-International": 0.0250050853938,
            "Rumba-Misc": 0.0195733252913,
            "Samba": 0.460198432207,
            "Tango": 0.00827253144234,
            "VienneseWaltz": 0.0953237116337,
            "Waltz": 0.0120727354661
        },
        "probability": 0.460198432207,
        "value": "Samba"
    },
    "mood_acoustic": {
        "all": {
            "acoustic": 0.0136840930209,
            "not_acoustic": 0.986315906048
        },
        "probability": 0.986315906048,
        "value": "not_acoustic"
    },
    "mood_aggressive": {
        "all": {
            "aggressive": 0.864189684391,
            "not_aggressive": 0.135810300708
        },
        "probability": 0.864189684391,
        "value": "aggressive"
    },
    "mood_electronic": {
        "all": {
            "electronic": 0.671957314014,
            "not_electronic": 0.328042685986
        },
        "probability": 0.671957314014,
        "value": "electronic"
    },
    "mood_happy": {
        "all": {
            "happy": 0.75059223175,
            "not_happy": 0.249407783151
        },
        "probability": 0.75059223175,
        "value": "happy"
    },
    "mood_party": {
        "all": {
            "not_party": 0.418785721064,
            "party": 0.581214308739
        },
        "probability": 0.581214308739,
        "value": "party"
    },
    "mood_relaxed": {
        "all": {
            "not_relaxed": 0.757406592369,
            "relaxed": 0.24259339273
        },
        "probability": 0.757406592369,
        "value": "not_relaxed"
    },
    "mood_sad": {
        "all": {
            "not_sad": 0.692686259747,
            "sad": 0.307313740253
        },
        "probability": 0.692686259747,
        "value": "not_sad"
    },
    "moods_mirex": {
        "all": {
            "Cluster1": 0.323077648878,
            "Cluster2": 0.139393463731,
            "Cluster3": 0.0508396737278,
            "Cluster4": 0.0828946903348,
            "Cluster5": 0.403794527054
        },
        "probability": 0.403794527054,
        "value": "Cluster5"
    },
    "timbre": {
        "all": {
            "bright": 0.644309818745,
            "dark": 0.355690151453
        },
        "probability": 0.644309818745,
        "value": "bright"
    },
    "tonal_atonal": {
        "all": {
            "atonal": 0.0468177571893,
            "tonal": 0.953182220459
        },
        "probability": 0.953182220459,
        "value": "tonal"
    },
    "voice_instrumental": {
        "all": {
            "instrumental": 0.00133797596209,
            "voice": 0.998661994934
        },
        "probability": 0.998661994934,
        "value": "voice"
    }
},
"lowlevel": {
    "average_loudness": 0.96894043684,
    "barkbands_crest": {
        "dmean": 2.78702688217,
        "dmean2": 4.53791809082,
        "dvar": 9.4314365387,
        "dvar2": 21.6791210175,
        "max": 23.1362228394,
        "mean": 8.67317199707,
        "median": 7.696352005,
        "min": 2.79330515862,
        "var": 15.940867424
    },
    "barkbands_flatness_db": {
        "dmean": 0.0179730597883,
        "dmean2": 0.0292772613466,
        "dvar": 0.000430512824096,
        "dvar2": 0.00103370903526,
        "max": 0.245582580566,
        "mean": 0.113938003778,
        "median": 0.101712822914,
        "min": 0.0383605957031,
        "var": 0.00166720233392
    },
    "barkbands_kurtosis": {
        "dmean": 1.62693727016,
        "dmean2": 2.73322153091,
        "dvar": 11.4926834106,
        "dvar2": 30.4620361328,
        "max": 35.0113792419,
        "mean": 1.42674088478,
        "median": 0.497286081314,
        "min": -1.52082788944,
        "var": 10.9280843735
    },
    "barkbands_skewness": {
        "dmean": 0.414137423038,
        "dmean2": 0.666573107243,
        "dvar": 0.330193012953,
        "dvar2": 0.788987338543,
        "max": 5.55032634735,
        "mean": 0.858458399773,
        "median": 0.767047941685,
        "min": -0.832938909531,
        "var": 0.511551558971
    },
    "barkbands_spread": {
        "dmean": 5.26245212555,
        "dmean2": 8.44993972778,
        "dvar": 33.2793235779,
        "dvar2": 94.5668029785,
        "max": 64.8038635254,
        "mean": 26.0875682831,
        "median": 27.6596813202,
        "min": 3.06150507927,
        "var": 133.861083984
    },
    "dissonance": {
        "dmean": 0.0182804781944,
        "dmean2": 0.0313561372459,
        "dvar": 0.000295858073514,
        "dvar2": 0.000821161898784,
        "max": 0.499993056059,
        "mean": 0.471192836761,
        "median": 0.476768761873,
        "min": 0.323778241873,
        "var": 0.000489100406412
    },
    "dynamic_complexity": 1.25267124176,
    "erbbands_crest": {
        "dmean": 3.01167368889,
        "dmean2": 4.82808017731,
        "dvar": 7.14860248566,
        "dvar2": 17.7430877686,
        "max": 28.684545517,
        "mean": 9.68538951874,
        "median": 8.77432918549,
        "min": 3.12797999382,
        "var": 16.9957256317
    },
    "erbbands_flatness_db": {
        "dmean": 0.0146392006427,
        "dmean2": 0.0221939701587,
        "dvar": 0.000156200447236,
        "dvar2": 0.000332458555931,
        "max": 0.303173989058,
        "mean": 0.155847027898,
        "median": 0.141841754317,
        "min": 0.0799985080957,
        "var": 0.00200212048367
    },
    "erbbands_kurtosis": {
        "dmean": 1.00270581245,
        "dmean2": 1.56093084812,
        "dvar": 2.12243890762,
        "dvar2": 4.4939031601,
        "max": 29.3455505371,
        "mean": 1.25877308846,
        "median": 0.489295244217,
        "min": -1.42652070522,
        "var": 7.50464248657
    },
    "erbbands_skewness": {
        "dmean": 0.321207851171,
        "dmean2": 0.508447408676,
        "dvar": 0.0825703442097,
        "dvar2": 0.203328177333,
        "max": 3.62411308289,
        "mean": 0.68026304245,
        "median": 0.644879341125,
        "min": -1.02847993374,
        "var": 0.324364155531
    },
    "erbbands_spread": {
        "dmean": 6.40648937225,
        "dmean2": 9.79113769531,
        "dvar": 39.2291183472,
        "dvar2": 90.1932373047,
        "max": 98.9917144775,
        "mean": 31.0584850311,
        "median": 32.0690231323,
        "min": 3.6481590271,
        "var": 175.81111145
    },
    "hfc": {
        "dmean": 8.63580513,
        "dmean2": 13.6847629547,
        "dvar": 119.765052795,
        "dvar2": 333.402587891,
        "max": 118.64339447,
        "mean": 37.6429100037,
        "median": 36.8110122681,
        "min": 4.24330997467,
        "var": 347.436553955
    },
    "melbands_crest": {
        "dmean": 3.43768334389,
        "dmean2": 5.61298894882,
        "dvar": 14.572180748,
        "dvar2": 33.914100647,
        "max": 31.0688323975,
        "mean": 12.4484071732,
        "median": 11.2229061127,
        "min": 4.22767019272,
        "var": 30.5747566223
    },
    "melbands_flatness_db": {
        "dmean": 0.0216842684895,
        "dmean2": 0.0344845838845,
        "dvar": 0.000874358345754,
        "dvar2": 0.0019507650286,
        "max": 0.313809275627,
        "mean": 0.151293501258,
        "median": 0.137754037976,
        "min": 0.0643505901098,
        "var": 0.00254428316839
    },
    "melbands_kurtosis": {
        "dmean": 3.97089028358,
        "dmean2": 6.59231138229,
        "dvar": 95.4817428589,
        "dvar2": 242.904815674,
        "max": 112.573097229,
        "mean": 5.05757188797,
        "median": 3.03112363815,
        "min": -1.23502182961,
        "var": 80.5356903076
    },
    "melbands_skewness": {
        "dmean": 0.578885793686,
        "dmean2": 0.904858529568,
        "dvar": 0.729389250278,
        "dvar2": 1.62850606441,
        "max": 9.04931926727,
        "mean": 1.49554204941,
        "median": 1.38652741909,
        "min": -0.888182401657,
        "var": 1.27844297886
    },
    "melbands_spread": {
        "dmean": 6.6349978447,
        "dmean2": 10.8791265488,
        "dvar": 52.4231071472,
        "dvar2": 133.047332764,
        "max": 70.0416107178,
        "mean": 30.2835979462,
        "median": 30.6449584961,
        "min": 3.26230335236,
        "var": 156.488418579
    },
    "pitch_salience": {
        "dmean": 0.0676106512547,
        "dmean2": 0.112142562866,
        "dvar": 0.00503676431254,
        "dvar2": 0.0117638083175,
        "max": 0.813653349876,
        "mean": 0.560715138912,
        "median": 0.567992091179,
        "min": 0.154706135392,
        "var": 0.00975916069001
    },
    "silence_rate_20dB": {
        "dmean": 0,
        "dmean2": 0,
        "dvar": 0,
        "dvar2": 0,
        "max": 1,
        "mean": 1,
        "median": 1,
        "min": 1,
        "var": 0
    },
    "silence_rate_30dB": {
        "dmean": 0.0417956672609,
        "dmean2": 0.0836560800672,
        "dvar": 0.0400489494205,
        "dvar2": 0.1138381809,
        "max": 1,
        "mean": 0.976798117161,
        "median": 1,
        "min": 0,
        "var": 0.0226632729173
    },
    "silence_rate_60dB": {
        "dmean": 0,
        "dmean2": 0,
        "dvar": 0,
        "dvar2": 0,
        "max": 0,
        "mean": 0,
        "median": 0,
        "min": 0,
        "var": 0
    },
    "spectral_centroid": {
        "dmean": 195.253234863,
        "dmean2": 327.404754639,
        "dvar": 46504.3945312,
        "dvar2": 135556.453125,
        "max": 2921.02416992,
        "mean": 1510.9564209,
        "median": 1563.70739746,
        "min": 526.656433105,
        "var": 239826.8125
    },
    "spectral_complexity": {
        "dmean": 4.04024744034,
        "dmean2": 6.70952749252,
        "dvar": 16.2181987762,
        "dvar2": 44.0480804443,
        "max": 54,
        "mean": 29.0293884277,
        "median": 30,
        "min": 11,
        "var": 73.2117843628
    },
    "spectral_decrease": {
        "dmean": 3.11900505423e-09,
        "dmean2": 4.91846918749e-09,
        "dvar": 2.834323781e-17,
        "dvar2": 6.50563258092e-17,
        "max": -1.63709312773e-09,
        "mean": -9.91475879175e-09,
        "median": -8.89832740825e-09,
        "min": -4.57463400494e-08,
        "var": 3.69362514023e-17
    },
    "spectral_energy": {
        "dmean": 0.0121751371771,
        "dmean2": 0.019111873582,
        "dvar": 0.000402522069635,
        "dvar2": 0.00091716425959,
        "max": 0.175986111164,
        "mean": 0.0408349148929,
        "median": 0.0370156951249,
        "min": 0.00656364718452,
        "var": 0.000561303517316
    },
    "spectral_energyband_high": {
        "dmean": 0.000654126168229,
        "dmean2": 0.00107224541716,
        "dvar": 1.55374812039e-06,
        "dvar2": 4.41026577391e-06,
        "max": 0.0123386438936,
        "mean": 0.00195590569638,
        "median": 0.00168941472657,
        "min": 1.93798259716e-05,
        "var": 2.57282613347e-06
    },
    "spectral_energyband_low": {
        "dmean": 0.00830205995589,
        "dmean2": 0.0133587997407,
        "dvar": 0.000451672036434,
        "dvar2": 0.00104724580888,
        "max": 0.159244433045,
        "mean": 0.0131170051172,
        "median": 0.00733982166275,
        "min": 0.000221864189371,
        "var": 0.000449494633358
    },
    "spectral_energyband_middle_high": {
        "dmean": 0.00330438674428,
        "dmean2": 0.0051840771921,
        "dvar": 1.18304114949e-05,
        "dvar2": 2.67121704383e-05,
        "max": 0.0478938445449,
        "mean": 0.0109070008621,
        "median": 0.00944270938635,
        "min": 0.00141062098555,
        "var": 4.57272763015e-05
    },
    "spectral_energyband_middle_low": {
        "dmean": 0.00563212810084,
        "dmean2": 0.00903972424567,
        "dvar": 4.35784531874e-05,
        "dvar2": 0.000109019078081,
        "max": 0.0631321817636,
        "mean": 0.0158408395946,
        "median": 0.0138907870278,
        "min": 0.00210492056794,
        "var": 9.07320500119e-05
    },
    "spectral_entropy": {
        "dmean": 0.104014739394,
        "dmean2": 0.163086637855,
        "dvar": 0.00836345367134,
        "dvar2": 0.019748494029,
        "max": 8.39594841003,
        "mean": 7.79746580124,
        "median": 7.9371471405,
        "min": 6.524933815,
        "var": 0.148191869259
    },
    "spectral_flux": {
        "dmean": 0.0263300947845,
        "dmean2": 0.0434740632772,
        "dvar": 0.00140298448969,
        "dvar2": 0.003265441861,
        "max": 0.384820044041,
        "mean": 0.106496408582,
        "median": 0.096216365695,
        "min": 0.0263630338013,
        "var": 0.00237005157396
    },
    "spectral_kurtosis": {
        "dmean": 0.945672392845,
        "dmean2": 1.59471261501,
        "dvar": 1.54424667358,
        "dvar2": 4.4963684082,
        "max": 21.1920909882,
        "mean": 3.39298224449,
        "median": 2.34918451309,
        "min": 0.453756332397,
        "var": 8.30497169495
    },
    "spectral_rms": {
        "dmean": 0.000843019981403,
        "dmean2": 0.00129682896659,
        "dvar": 1.27337739286e-06,
        "dvar2": 2.71686735687e-06,
        "max": 0.0131031973287,
        "mean": 0.006096388679,
        "median": 0.00600939895958,
        "min": 0.00253052520566,
        "var": 2.67300629275e-06
    },
    "spectral_rolloff": {
        "dmean": 439.663696289,
        "dmean2": 758.266479492,
        "dvar": 433149.90625,
        "dvar2": 1164916.625,
        "max": 5577.09960938,
        "mean": 1558.79907227,
        "median": 1442.72460938,
        "min": 86.1328125,
        "var": 586900.5
    },
    "spectral_skewness": {
        "dmean": 0.141324520111,
        "dmean2": 0.231474146247,
        "dvar": 0.0184857342392,
        "dvar2": 0.0494292452931,
        "max": 3.49475908279,
        "mean": 1.46528291702,
        "median": 1.29870867729,
        "min": 0.723311245441,
        "var": 0.249051943421
    },
    "spectral_spread": {
        "dmean": 388997.96875,
        "dmean2": 553843.375,
        "dvar": 152311431168,
        "dvar2": 260021616640,
        "max": 7941875.5,
        "mean": 4874066,
        "median": 5037274,
        "min": 1989227,
        "var": 1.13862429901e+12
    },
    "spectral_strongpeak": {
        "dmean": 0.902755498886,
        "dmean2": 1.50918197632,
        "dvar": 1.44529592991,
        "dvar2": 3.60711097717,
        "max": 9.82812404633,
        "mean": 1.42542433739,
        "median": 0.754404962063,
        "min": 0.0529859699309,
        "var": 2.28566122055
    },
    "zerocrossingrate": {
        "dmean": 0.00887522939593,
        "dmean2": 0.01123046875,
        "dvar": 7.57613088354e-05,
        "dvar2": 0.000117066658277,
        "max": 0.13818359375,
        "mean": 0.0703593268991,
        "median": 0.07275390625,
        "min": 0.02294921875,
        "var": 0.00054254673887
    },
    "barkbands": {
        "dmean": [0.000484638498165, 0.0069014322944, 0.00125158205628, 0.00178639858495, 0.00139276485424, 0.000530366087332, 0.00104329665191, 0.00195641373284, 0.00249397265725, 0.000999236945063, 0.00103286118247, 0.000748304126319, 0.00158498820383, 0.000837309285998, 0.00034074523137, 0.000217388893361, 0.000283999776002, 0.000213593448279, 0.000170913845068, 0.000192768275156, 0.000160583062097, 0.000224619361688, 0.000165159217431, 0.000107549203676, 8.55265097925e-05, 3.06481379084e-05, 2.47059617209e-08],
        "dmean2": [0.000787974975538, 0.0112185804173, 0.00220085401088, 0.00302787893452, 0.00240282341838, 0.000873314391356, 0.00143143616151, 0.00321279466152, 0.00387285999022, 0.0015179598704, 0.00152295245789, 0.00120701396372, 0.00251294835471, 0.00137641257606, 0.000548410287593, 0.000362259510439, 0.000459825416328, 0.00036747843842, 0.000297802995192, 0.000339410005836, 0.000270578486379, 0.000394121278077, 0.000277382641798, 0.000162366646691, 0.000130637083203, 4.9485348427e-05, 4.45773338242e-08],
        "dvar": [9.10191999992e-07, 0.000374138180632, 9.27172368392e-06, 2.19783560169e-05, 2.87620741801e-06, 5.96742381731e-07, 2.12416512113e-06, 1.19796595754e-05, 1.31379920276e-05, 2.90243769996e-06, 2.50179709838e-06, 1.20919492019e-06, 6.19401589574e-06, 1.46704564941e-06, 2.49698274501e-07, 1.11861105268e-07, 2.07722081313e-07, 1.10057712277e-07, 6.64927100047e-08, 9.08131525534e-08, 5.3558249391e-08, 2.7428740168e-07, 7.92716789988e-08, 1.84962321015e-08, 1.52685224464e-08, 2.40356046177e-09, 5.9907599511e-15],
        "dvar2": [2.24158247875e-06, 0.000902645173483, 2.63537713181e-05, 5.74063014938e-05, 8.59110787133e-06, 1.48190986238e-06, 3.57200542567e-06, 3.50580558006e-05, 2.4909952117e-05, 6.31368448012e-06, 5.16039108334e-06, 2.79730284092e-06, 1.30664066091e-05, 3.96897439714e-06, 6.04739739174e-07, 3.18970108992e-07, 4.77273601973e-07, 3.3725132198e-07, 1.95567210426e-07, 2.63892417252e-07, 1.45301441989e-07, 8.08800166396e-07, 2.19451351313e-07, 3.96665278402e-08, 3.18865112092e-08, 5.86926818258e-09, 1.6695910469e-14],
        "max": [0.0111287850887, 0.137979581952, 0.0268463902175, 0.0486873984337, 0.0186977013946, 0.0130756283179, 0.0252971630543, 0.0485765114427, 0.0543146245182, 0.0340165495872, 0.0260498989373, 0.0158910043538, 0.0379848368466, 0.0131345931441, 0.00897710863501, 0.0048582945019, 0.00910565908998, 0.0058301622048, 0.0029758901801, 0.00356799503788, 0.00322666298598, 0.00506637943909, 0.00263468362391, 0.00122264563106, 0.000989171094261, 0.000449848390417, 1.08403253307e-06],
        "mean": [0.00084430759307, 0.0099122710526, 0.00155357841868, 0.00175094092265, 0.00250923191197, 0.00102965522092, 0.00243267719634, 0.00298904045485, 0.00464123627171, 0.00176110782195, 0.001728179981, 0.00128074118402, 0.00258872052655, 0.00126986764371, 0.000622829364147, 0.000406113365898, 0.000576793856453, 0.000409722473705, 0.000359487399692, 0.000399669428589, 0.000451674830401, 0.000474760367069, 0.000363971223123, 0.000274072197499, 0.000160905503435, 4.33675340901e-05, 1.72681851041e-08],
        "median": [0.000207474717172, 0.00439443392679, 0.000741865951568, 0.000435936643044, 0.00192192359827, 0.000614812597632, 0.00130495999474, 0.00130024179816, 0.0027246880345, 0.00107204099186, 0.000871079973876, 0.000812791229691, 0.00142989458982, 0.000682276673615, 0.000429877458373, 0.000272831442999, 0.000339518039254, 0.000330309732817, 0.000315393466735, 0.0003330015752, 0.000368997425539, 0.000354084506398, 0.000296115293168, 0.000221549271373, 0.000107419851702, 2.5026520234e-05, 1.21501031458e-09],
        "min": [1.65407607255e-06, 8.59799110913e-05, 3.90314198739e-06, 3.48375692738e-07, 0.000106158920971, 1.78570844582e-05, 1.55967700266e-05, 1.27222492665e-05, 8.87825444806e-05, 4.34148714703e-05, 2.40962363023e-05, 2.63888905465e-05, 4.87724864797e-05, 2.62126741291e-05, 1.52244001583e-05, 6.04526985626e-06, 1.09057273221e-05, 5.93031518292e-06, 2.74612852991e-06, 2.59988860307e-06, 3.56392638423e-06, 3.2091486446e-06, 2.32794604926e-06, 5.37335267836e-07, 2.63162114322e-09, 4.03862394915e-11, 8.7879504021e-12],
        "var": [1.88332535345e-06, 0.000341475766618, 6.61020703774e-06, 1.96782548301e-05, 4.26635824624e-06, 1.45253966366e-06, 1.04494429252e-05, 1.88826379599e-05, 3.63759281754e-05, 5.58517695026e-06, 6.19523143541e-06, 2.34116623687e-06, 1.30433963932e-05, 2.3246902856e-06, 4.82270706925e-07, 2.39997092422e-07, 7.00222017258e-07, 1.93702518914e-07, 1.02001735058e-07, 1.32223888727e-07, 1.65330419577e-07, 2.87215584649e-07, 1.12978874256e-07, 5.40190683296e-08, 2.81707546179e-08, 3.06985725729e-09, 4.14074216199e-15]
    },
    "erbbands": {
        "dmean": [0.275375455618, 1.3205190897, 1.59886312485, 3.74321389198, 5.29505348206, 5.53665208817, 3.72903704643, 4.6363120079, 14.5178670883, 12.9584178925, 55.1605300903, 61.6356964111, 30.0559368134, 33.9839859009, 35.1955413818, 34.5057640076, 71.6279144287, 52.2977561951, 17.3893451691, 13.1262741089, 13.7286911011, 12.4302358627, 11.9178447723, 7.84196519852, 9.86705970764, 9.40882492065, 7.6207151413, 6.17904281616, 8.99638366699, 5.10994148254, 4.96846294403, 2.56714963913, 1.85935342312, 1.0613707304, 0.565945327282, 0.213786661625, 0.0385359786451, 0.00272383517586, 5.88132388657e-05, 1.61067600857e-05],
        "dmean2": [0.463465154171, 2.13566637039, 2.81010246277, 6.38490772247, 9.08187770844, 9.57554340363, 6.31165409088, 7.60324382782, 19.7790966034, 20.1017227173, 90.2850341797, 94.1878967285, 48.1673812866, 50.2521743774, 52.7873878479, 54.8892288208, 111.793144226, 86.7611846924, 28.2066326141, 21.59425354, 23.1602401733, 20.2559490204, 20.586555481, 13.6444377899, 17.0319786072, 16.5347881317, 13.0886859894, 10.5734853745, 15.6922473907, 8.70242404938, 8.2545003891, 4.08450365067, 2.82497358322, 1.65954744816, 0.849595308304, 0.326159089804, 0.0642609596252, 0.0047283153981, 9.78985990514e-05, 2.45371629717e-05],
        "dvar": [0.580370247364, 14.1807470322, 17.8177700043, 89.5801239014, 94.5526351929, 43.1388816833, 22.7761497498, 58.2349243164, 449.441741943, 227.005661011, 8686.64746094, 8991.40820312, 2139.01171875, 3482.36181641, 2672.15234375, 2746.0769043, 14528.9833984, 5931.08300781, 711.364074707, 337.923980713, 457.791229248, 350.362854004, 341.606445312, 140.049179077, 179.883544922, 222.959075928, 133.425445557, 83.8093643188, 533.065185547, 86.7744979858, 67.5721893311, 11.3939905167, 5.61952018738, 2.38307785988, 0.651045739651, 0.115381836891, 0.00316834403202, 2.13395414903e-05, 8.24694179613e-09, 5.019475946e-10],
        "dvar2": [1.45007300377, 35.0234909058, 50.0444412231, 238.037658691, 266.926574707, 127.122650146, 64.1288757324, 137.18737793, 746.827819824, 507.626403809, 25091.3066406, 17267.4394531, 5591.92529297, 7294.90478516, 5573.33251953, 6134.72900391, 30825.8066406, 16569.1953125, 1773.36218262, 852.243041992, 1346.0838623, 822.685791016, 1006.21514893, 420.901733398, 529.458862305, 642.874755859, 360.58190918, 238.716690063, 1545.62756348, 250.921554565, 178.212219238, 27.8888721466, 12.2322893143, 5.45037841797, 1.19440579414, 0.261819839478, 0.00792921427637, 5.9422927734e-05, 2.21608082995e-08, 1.11958053939e-09],
        "max": [5.43989706039, 32.2868766785, 37.5315818787, 95.0153579712, 87.177947998, 59.7327613831, 66.8626098633, 144.310577393, 387.957122803, 249.791137695, 1329.56750488, 1460.09460449, 674.251831055, 1255.55859375, 838.506774902, 799.746337891, 1821.99108887, 935.361572266, 548.173095703, 300.033660889, 322.207366943, 387.641998291, 287.730743408, 118.061943054, 164.549942017, 173.852844238, 155.390792847, 94.5008850098, 225.598526001, 92.5399017334, 88.4097213745, 27.4845123291, 21.2642498016, 17.6481666565, 6.08036518097, 2.72445726395, 0.686171591282, 0.0516962595284, 0.000958151475061, 0.000199540620088],
        "mean": [0.417741924524, 1.69896173477, 1.92336404324, 4.13323259354, 7.26714134216, 8.90170288086, 6.84120082855, 9.46173095703, 32.3445854187, 31.1728172302, 93.5553665161, 113.934082031, 55.573223114, 68.0429763794, 67.528213501, 66.2263412476, 120.500244141, 86.1275405884, 33.0870780945, 25.8824596405, 27.8036823273, 27.5284671783, 24.9413471222, 17.1657104492, 21.063375473, 20.5279712677, 19.0770244598, 16.3592910767, 17.9165058136, 12.8561487198, 9.98649692535, 6.15503549576, 4.35414075851, 2.04240441322, 1.02806329727, 0.314831882715, 0.055786434561, 0.00309743569233, 0.000106388550194, 5.77045502723e-05],
        "median": [0.169392868876, 0.665814697742, 0.940563499928, 1.48144805431, 4.03162622452, 6.60537481308, 4.78158855438, 5.59128236771, 16.5492839813, 22.0165023804, 48.2961158752, 68.2903366089, 34.8745346069, 44.9356040955, 41.6524047852, 44.5826301575, 66.5279159546, 46.4299659729, 24.9772815704, 18.2574100494, 18.8761520386, 19.1085834503, 19.4462814331, 15.0666093826, 18.5464038849, 17.3217277527, 14.2451553345, 14.1208543777, 13.0761108398, 10.4819431305, 7.62457942963, 5.01816415787, 3.47669649124, 1.46471989155, 0.637767910957, 0.180411234498, 0.0341925136745, 0.00155860220548, 8.09051562101e-05, 5.49138094357e-05],
        "min": [0.00179032294545, 0.0140079567209, 0.0227464735508, 0.0306320805103, 0.157451704144, 0.212027043104, 0.339620828629, 0.289939790964, 0.688407719135, 1.38489234447, 1.36929559708, 2.50025367737, 3.72679066658, 3.07791137695, 1.26173830032, 2.53339886665, 4.24199104309, 2.5774769783, 1.19168519974, 0.604898333549, 0.619624316692, 0.6715965271, 0.359023988247, 0.174910068512, 0.255859285593, 0.189203083515, 0.156011790037, 0.12712739408, 0.0999250784516, 0.0994328409433, 0.062447398901, 0.0188862551004, 0.00919548887759, 0.00135449552909, 5.62770146644e-05, 1.18080506581e-05, 4.37655035057e-06, 1.03319223399e-06, 3.96866425945e-06, 7.69587768445e-06],
        "var": [0.529225826263, 12.2562208176, 12.2133131027, 78.6770553589, 97.7187194824, 65.117401123, 43.6437187195, 151.158248901, 2150.96948242, 940.9140625, 14309.6054688, 23440.6601562, 3713.63037109, 7500.41308594, 6698.96386719, 5527.12011719, 30093.8007812, 9724.1171875, 1169.52587891, 850.197814941, 1034.22851562, 1183.47045898, 754.120544434, 232.120605469, 310.941833496, 340.756225586, 370.466766357, 183.660476685, 491.258422852, 140.12171936, 95.9582901001, 27.3877124786, 15.0075817108, 4.26960086823, 1.29514575005, 0.161978200078, 0.00475835707039, 2.15156687773e-05, 1.09097495482e-08, 9.56405288299e-10]
    },
    "gfcc": {
        "mean": [56.090549469, 86.7399673462, -130.67364502, 29.5407485962, -75.0686645508, 35.3887863159, -30.8870277405, 14.9502820969, -19.9706134796, 8.16567516327, -13.066368103, -2.07289981842, -10.9439296722],
        "cov": [[2222.03027344, -1229.49975586, 248.102310181, 561.562133789, 192.583450317, 116.435211182, -97.9388046265, 311.263397217, -158.947998047, 220.496078491, -122.554893494, 167.27923584, -205.795562744], [-1229.49975586, 876.306518555, -111.191741943, -320.088256836, -125.791870117, -73.4857177734, 86.6508331299, -200.557418823, 115.141555786, -158.587661743, 83.6901779175, -113.708679199, 145.822387695], [248.102310181, -111.191741943, 205.207595825, 102.210502625, 50.0969924927, 30.3276596069, 15.2403478622, 76.885597229, -5.1252322197, 38.7602424622, -17.7788257599, 28.5194740295, -33.458065033], [561.562133789, -320.088256836, 102.210502625, 293.453948975, 121.926940918, 35.2792358398, -10.2763700485, 94.8544082642, -30.1977519989, 56.8718147278, -34.8147277832, 43.1671829224, -44.9235496521], [192.583450317, -125.791870117, 50.0969924927, 121.926940918, 153.921386719, 44.0438957214, 20.1608524323, 52.0834541321, -6.1755490303, 41.329460144, -17.6627235413, 33.1843605042, -22.2805957794], [116.435211182, -73.4857177734, 30.3276596069, 35.2792358398, 44.0438957214, 109.026473999, 41.3338546753, 16.7227287292, -26.3854579926, 4.50540399551, 6.91141414642, 8.06441497803, -8.62322616577], [-97.9388046265, 86.6508331299, 15.2403478622, -10.2763700485, 20.1608524323, 41.3338546753, 100.301353455, 0.151412054896, 12.372341156, -21.5802116394, 13.0401992798, -1.07742750645, 10.9778909683], [311.263397217, -200.557418823, 76.885597229, 94.8544082642, 52.0834541321, 16.7227287292, 0.151412054896, 134.285385132, 18.6351261139, 67.4322891235, -9.9006729126, 42.7737083435, -22.8843250275], [-158.947998047, 115.141555786, -5.1252322197, -30.1977519989, -6.1755490303, -26.3854579926, 12.372341156, 18.6351261139, 103.014610291, 26.6648483276, 23.9725189209, -10.9028978348, 22.008764267], [220.496078491, -158.587661743, 38.7602424622, 56.8718147278, 41.329460144, 4.50540399551, -21.5802116394, 67.4322891235, 26.6648483276, 102.155212402, 15.8123397827, 38.4438400269, -27.5142612457], [-122.554893494, 83.6901779175, -17.7788257599, -34.8147277832, -17.6627235413, 6.91141414642, 13.0401992798, -9.9006729126, 23.9725189209, 15.8123397827, 69.214225769, 17.6487407684, 21.2499065399], [167.27923584, -113.708679199, 28.5194740295, 43.1671829224, 33.1843605042, 8.06441497803, -1.07742750645, 42.7737083435, -10.9028978348, 38.4438400269, 17.6487407684, 73.8153610229, 0.0240685716271], [-205.795562744, 145.822387695, -33.458065033, -44.9235496521, -22.2805957794, -8.62322616577, 10.9778909683, -22.8843250275, 22.008764267, -27.5142612457, 21.2499065399, 0.0240685716271, 72.244682312]],
        "icov": [[0.00257708085701, 0.00242566782981, -0.000452117674286, -0.00200862670317, 0.00138190283906, -0.00064570835093, -5.11653452122e-05, -0.000474033557111, 0.000305820460198, -0.000393266760511, 0.000888238311745, -0.000993571360596, 0.00068941450445], [0.00242566782981, 0.0136550292373, -0.00537632778287, 0.00429222267121, -0.00426983181387, 0.00645510293543, -0.00476582162082, 0.00681021856144, -0.00658758589998, 0.00878131203353, -0.0103938682005, 0.00924525782466, -0.00973275024444], [-0.000452117674286, -0.00537632778287, 0.00928179174662, -0.00367862801068, 0.00278019462712, -0.00381693709642, 0.000786102027632, -0.00552853103727, 0.00258226576261, -0.00393735617399, 0.00586618622765, -0.00528253428638, 0.00609633559361], [-0.00200862670317, 0.00429222267121, -0.00367862801068, 0.011671862565, -0.00810738559812, 0.00449813529849, -0.00127966981381, 0.0018203650834, -0.00221932772547, 0.00516738556325, -0.0061412146315, 0.00629034917802, -0.00557521590963], [0.00138190283906, -0.00426983181387, 0.00278019462712, -0.00810738559812, 0.0159355290234, -0.00725966179743, -0.000447238970082, -0.00224182102829, 0.00163984647952, -0.00801321677864, 0.0107399988919, -0.00927443150431, 0.00549968518317], [-0.00064570835093, 0.00645510293543, -0.00381693709642, 0.00449813529849, -0.00725966179743, 0.0194389652461, -0.00873537920415, 0.00266492157243, 0.00245571392588, 0.00392809743062, -0.0116669451818, 0.0108282556757, -0.00741047319025], [-5.11653452122e-05, -0.00476582162082, 0.000786102027632, -0.00127966981381, -0.000447238970082, -0.00873537920415, 0.017753418535, -0.00424664421007, -0.00194022152573, 0.00417004618794, 0.00151003163774, -0.00572681007907, 0.00555565953255], [-0.000474033557111, 0.00681021856144, -0.00552853103727, 0.0018203650834, -0.00224182102829, 0.00266492157243, -0.00424664421007, 0.0215782411397, -0.00886525399983, -0.00113703333773, -0.00120507518295, 0.000360355334124, -0.0067956764251], [0.000305820460198, -0.00658758589998, 0.00258226576261, -0.00221932772547, 0.00163984647952, 0.00245571392588, -0.00194022152573, -0.00886525399983, 0.023364616558, -0.0139461774379, 0.00162251468282, 0.00388928549364, -0.000638501544017], [-0.000393266760511, 0.00878131203353, -0.00393735617399, 0.00516738556325, -0.00801321677864, 0.00392809743062, 0.00417004618794, -0.00113703333773, -0.0139461774379, 0.0338349193335, -0.0168024264276, 0.00114603387192, 0.00162496371195], [0.000888238311745, -0.0103938682005, 0.00586618622765, -0.0061412146315, 0.0107399988919, -0.0116669451818, 0.00151003163774, -0.00120507518295, 0.00162251468282, -0.0168024264276, 0.0368237569928, -0.019348224625, 0.00599796604365], [-0.000993571360596, 0.00924525782466, -0.00528253428638, 0.00629034917802, -0.00927443150431, 0.0108282556757, -0.00572681007907, 0.000360355334124, 0.00388928549364, 0.00114603387192, -0.019348224625, 0.0357058830559, -0.0156790055335], [0.00068941450445, -0.00973275024444, 0.00609633559361, -0.00557521590963, 0.00549968518317, -0.00741047319025, 0.00555565953255, -0.0067956764251, -0.000638501544017, 0.00162496371195, 0.00599796604365, -0.0156790055335, 0.0316764898598]]
    },
    "melbands": {
        "dmean": [0.00212849653326, 0.0010961026419, 0.000699728145264, 0.000370748515707, 0.000140038289828, 0.000102682839497, 0.000222700327868, 0.000167481572134, 0.000477215828141, 0.000358833582141, 0.000147968385136, 0.000140640171594, 0.000154568420839, 8.74854449648e-05, 0.000141437121783, 0.000132790097268, 9.3474984169e-05, 2.73834866675e-05, 2.0619139832e-05, 1.48708877532e-05, 1.88436115423e-05, 1.35164691528e-05, 1.43471079355e-05, 1.32855238917e-05, 6.23863934379e-06, 7.75196622271e-06, 7.24121173334e-06, 6.57477130517e-06, 5.47368699699e-06, 4.30620957559e-06, 4.18259287471e-06, 5.77918581257e-06, 4.29658712164e-06, 2.95111203741e-06, 3.33759840032e-06, 2.1561804715e-06, 1.61988259606e-06, 1.53622795551e-06, 1.0709260323e-06, 9.38532309647e-07],
        "dmean2": [0.00352347269654, 0.0018086694181, 0.00119048915803, 0.000643274222966, 0.000237379164901, 0.000169005812495, 0.000301747582853, 0.000268667761702, 0.000770398706663, 0.000556497834623, 0.000239344110014, 0.000208518817089, 0.000228263903409, 0.000141357915709, 0.000219453228055, 0.000215202497202, 0.000154823763296, 4.50940024166e-05, 3.35637705575e-05, 2.47753469012e-05, 3.15873003274e-05, 2.168068022e-05, 2.39705696004e-05, 2.30948353419e-05, 1.07435962491e-05, 1.35829004648e-05, 1.26722497953e-05, 1.15587963592e-05, 9.41025245993e-06, 7.3424466791e-06, 7.17740158507e-06, 1.01120058389e-05, 7.57058705858e-06, 5.00914620716e-06, 5.56980330657e-06, 3.55727752321e-06, 2.57679198512e-06, 2.4036294235e-06, 1.69085330981e-06, 1.49012851125e-06],
        "dvar": [3.54151670763e-05, 8.88252725417e-06, 2.87160651169e-06, 2.29645849004e-07, 2.89424892941e-08, 2.6858835156e-08, 1.05117322846e-07, 4.19561878573e-08, 5.45531690932e-07, 2.97785277326e-07, 5.27302681519e-08, 6.64343886569e-08, 5.73510305912e-08, 1.63900626404e-08, 5.26353431951e-08, 3.38201893157e-08, 1.83835595635e-08, 1.65534286278e-09, 8.40530256507e-10, 4.59124654961e-10, 8.6368706631e-10, 3.93929999731e-10, 6.43147313184e-10, 5.65452296097e-10, 9.4223837066e-11, 1.17095624863e-10, 1.08832144685e-10, 1.14678350149e-10, 6.58106416584e-11, 4.24795962295e-11, 3.30580007812e-11, 2.19193593831e-10, 7.75736627712e-11, 2.47947426479e-11, 2.89290345151e-11, 9.65487498977e-12, 4.15474035384e-12, 3.7941498901e-12, 2.35482748752e-12, 1.68532765868e-12],
        "dvar2": [8.56839760672e-05, 2.32977890846e-05, 7.67449637351e-06, 6.76262914112e-07, 8.2787522615e-08, 6.42834692144e-08, 1.71973013607e-07, 1.11796843782e-07, 1.51278197791e-06, 6.00234614012e-07, 1.38032305586e-07, 1.37377242027e-07, 1.18123722359e-07, 3.72391077974e-08, 1.09907688284e-07, 7.86491298754e-08, 5.10517921271e-08, 4.11661327249e-09, 1.93209670485e-09, 1.21008125742e-09, 2.44451192621e-09, 9.38184419041e-10, 1.50432410972e-09, 1.74801217945e-09, 2.81399265001e-10, 3.40534406229e-10, 3.03871566798e-10, 3.30292848627e-10, 1.84673040748e-10, 1.08739378613e-10, 9.49932354999e-11, 6.33962493612e-10, 2.28845400962e-10, 7.0257091811e-11, 7.68357183434e-11, 2.64298652408e-11, 9.98701121802e-12, 8.70381631352e-12, 5.34901810345e-12, 3.8803691163e-12],
        "max": [0.040234208107, 0.0286373049021, 0.0169015098363, 0.00551328621805, 0.00218802271411, 0.0029701415915, 0.00589680857956, 0.00295172724873, 0.010178941302, 0.00783140119165, 0.00326963001862, 0.00558367371559, 0.00394155737013, 0.00188261328731, 0.00378469913267, 0.00218551582657, 0.00159855291713, 0.000828937627375, 0.000583354325499, 0.000266596558504, 0.000383092381526, 0.000300701562082, 0.000587262795307, 0.000467691977974, 0.0001002199715, 0.000112440859084, 0.000114284368465, 0.000123852296383, 0.000114565162221, 7.97368047643e-05, 5.2940351452e-05, 0.000139427109389, 8.51215299917e-05, 5.22783448105e-05, 5.59988511668e-05, 2.56254134001e-05, 1.84447053471e-05, 1.79778598977e-05, 2.00282411242e-05, 1.36705421028e-05],
        "mean": [0.0032013040036, 0.00140132906381, 0.000810342957266, 0.0006068154471, 0.000264584814431, 0.000201562143047, 0.000510685204063, 0.000352333387127, 0.000851447519381, 0.000653052469715, 0.000257256586337, 0.000268725678325, 0.000265821669018, 0.000148840073962, 0.000239676359342, 0.000231223239098, 0.000145583166159, 4.74730586575e-05, 3.78936965717e-05, 2.85144469672e-05, 3.47917266481e-05, 2.76960090559e-05, 2.70484451903e-05, 2.26485371968e-05, 1.18887355711e-05, 1.52132861331e-05, 1.43930492413e-05, 1.31024607981e-05, 1.15517423183e-05, 1.04758919406e-05, 9.53381731961e-06, 1.0449907677e-05, 8.67558992468e-06, 6.7087471507e-06, 6.21994058747e-06, 4.11355222241e-06, 3.70052202925e-06, 3.35858476319e-06, 2.13550652006e-06, 1.59822286605e-06],
        "median": [0.00136195821688, 0.000667892512865, 0.000352493516402, 0.000442799122538, 0.000194951615413, 0.000113895293907, 0.000270597898634, 0.000237713786191, 0.000486092525534, 0.000381101097446, 0.000153570988914, 0.000165654564626, 0.000137060415, 9.42159385886e-05, 0.000125857710373, 0.000149534840602, 7.45662255213e-05, 3.3939279092e-05, 2.58389536612e-05, 1.96362452698e-05, 2.15560303332e-05, 1.851612069e-05, 1.55865400302e-05, 1.6354752006e-05, 9.85278529697e-06, 1.30562202685e-05, 1.20187651191e-05, 1.0207937521e-05, 8.6651152742e-06, 7.65475397202e-06, 7.8743787526e-06, 7.23822040527e-06, 6.39315067019e-06, 5.37740561413e-06, 4.71369230581e-06, 3.09702727463e-06, 2.90328284791e-06, 2.60893170889e-06, 1.56991529821e-06, 1.10325891001e-06],
        "min": [2.15443960769e-05, 1.51300118887e-05, 5.26765825271e-06, 2.21849386435e-05, 1.43723800647e-05, 5.32747981197e-06, 9.0439352789e-06, 1.59986011568e-05, 1.11125682452e-05, 1.3658149328e-05, 9.80015192908e-06, 7.46586101741e-06, 3.11045118906e-06, 2.89023205369e-06, 5.87753993386e-06, 3.81544577976e-06, 2.78727634395e-06, 1.28142391986e-06, 9.76615410764e-07, 3.91505608377e-07, 5.96234201566e-07, 5.94039022417e-07, 2.5570321327e-07, 2.01081959972e-07, 6.9443522932e-08, 9.95890303557e-08, 1.4149151184e-07, 9.22251288671e-08, 3.67288173209e-08, 8.0482450926e-08, 5.90527093891e-08, 5.26366825682e-08, 5.57927712919e-08, 4.16280023785e-08, 3.68876946766e-08, 1.26343877582e-08, 5.14194908874e-09, 4.78914330415e-09, 5.12022069188e-09, 3.41428252858e-12],
