{
"highlevel": {
    "danceability": {
        "all": {
            "danceable": 0.819107711315,
            "not_danceable": 0.180892303586
        },
        "probability": 0.819107711315,
        "value": "danceable"
    },
    "gender": {
        "all": {
            "female": 0.0484043620527,
            "male": 0.951595664024
        },
        "probability": 0.951595664024,
        "value": "male"
    },
    "genre_dortmund": {
        "all": {
            "alternative": 0.156290665269,
            "blues": 0.06721470505,
            "electronic": 0.0662675201893,
            "folkcountry": 0.0718847289681,
            "funksoulrnb": 0.0152805270627,
            "jazz": 0.0312432162464,
            "pop": 0.0346187278628,
            "raphiphop": 0.0329723469913,
            "rock": 0.524227559566
        },
        "probability": 0.524227559566,
        "value": "rock"
    },
    "genre_electronic": {
        "all": {
            "ambient": 0.734115242958,
            "dnb": 0.0924559757113,
            "house": 0.049706786871,
            "techno": 0.00491451891139,
            "trance": 0.118807472289
        },
        "probability": 0.734115242958,
        "value": "ambient"
    },
    "genre_rosamerica": {
        "all": {
            "cla": 0.0516033582389,
            "dan": 0.0301493965089,
            "hip": 0.0230671800673,
            "jaz": 0.0705225095153,
            "pop": 0.467400431633,
            "rhy": 0.0705197229981,
            "roc": 0.260667234659,
            "spe": 0.0260701626539
        },
        "probability": 0.467400431633,
        "value": "pop"
    },
    "genre_tzanetakis": {
        "all": {
            "blu": 0.0626613423228,
            "cla": 0.0348169617355,
            "cou": 0.104475811124,
            "dis": 0.0784321576357,
            "hip": 0.15692435205,
            "jaz": 0.313974827528,
            "met": 0.0448166541755,
            "pop": 0.0627359300852,
            "reg": 0.0627360641956,
            "roc": 0.0784258767962
        },
        "probability": 0.313974827528,
        "value": "jaz"
    },
    "ismir04_rhythm": {
        "all": {
            "ChaChaCha": 0.0675011500716,
            "Jive": 0.0682053491473,
            "Quickstep": 0.202511578798,
            "Rumba-American": 0.0417147614062,
            "Rumba-International": 0.154963195324,
            "Rumba-Misc": 0.0121690379456,
            "Samba": 0.153864338994,
            "Tango": 0.0654705613852,
            "VienneseWaltz": 0.186139523983,
            "Waltz": 0.0474605038762
        },
        "probability": 0.202511578798,
        "value": "Quickstep"
    },
    "mood_acoustic": {
        "all": {
            "acoustic": 0.592385113239,
            "not_acoustic": 0.407614886761
        },
        "probability": 0.592385113239,
        "value": "acoustic"
    },
    "mood_aggressive": {
        "all": {
            "aggressive": 0.30576518178,
            "not_aggressive": 0.694234788418
        },
        "probability": 0.694234788418,
        "value": "not_aggressive"
    },
    "mood_electronic": {
        "all": {
            "electronic": 0.617697119713,
            "not_electronic": 0.382302880287
        },
        "probability": 0.617697119713,
        "value": "electronic"
    },
    "mood_happy": {
        "all": {
            "happy": 0.234568551183,
            "not_happy": 0.765431463718
        },
        "probability": 0.765431463718,
        "value": "not_happy"
    },
    "mood_party": {
        "all": {
            "not_party": 0.686743438244,
            "party": 0.313256561756
        },
        "probability": 0.686743438244,
        "value": "not_party"
    },
    "mood_relaxed": {
        "all": {
            "not_relaxed": 0.579563200474,
            "relaxed": 0.420436799526
        },
        "probability": 0.579563200474,
        "value": "not_relaxed"
    },
    "mood_sad": {
        "all": {
            "not_sad": 0.353940308094,
            "sad": 0.646059691906
        },
        "probability": 0.646059691906,
        "value": "sad"
    },
    "moods_mirex": {
        "all": {
            "Cluster1": 0.456144839525,
            "Cluster2": 0.164030119777,
            "Cluster3": 0.117230884731,
            "Cluster4": 0.185444116592,
            "Cluster5": 0.0771500244737
        },
        "probability": 0.456144839525,
        "value": "Cluster1"
    },
    "timbre": {
        "all": {
            "bright": 0.699533700943,
            "dark": 0.300466299057
        },
        "probability": 0.699533700943,
        "value": "bright"
    },
    "tonal_atonal": {
        "all": {
            "atonal": 0.0491362772882,
            "tonal": 0.950863718987
        },
        "probability": 0.950863718987,
        "value": "tonal"
    },
    "voice_instrumental": {
        "all": {
            "instrumental": 0.00254925247282,
            "voice": 0.997450768948
        },
        "probability": 0.997450768948,
        "value": "voice"
    }
},
"lowlevel": {
    "average_loudness": 0.953794300556,
    "barkbands_crest": {
        "dmean": 2.48674511909,
        "dmean2": 4.00354862213,
        "dvar": 5.76907014847,
        "dvar2": 14.2488136292,
        "max": 25.0813522339,
        "mean": 10.096578598,
        "median": 9.02121734619,
        "min": 3.63851737976,
        "var": 18.0129756927
    },
    "barkbands_flatness_db": {
        "dmean": 0.020126638934,
        "dmean2": 0.0299399551004,
        "dvar": 0.000368915003492,
        "dvar2": 0.000786515942309,
        "max": 0.331591427326,
        "mean": 0.169968470931,
        "median": 0.167732298374,
        "min": 0.0666416957974,
        "var": 0.00164155638777
    },
    "barkbands_kurtosis": {
        "dmean": 1.84177565575,
        "dmean2": 2.99780869484,
        "dvar": 8.36622714996,
        "dvar2": 21.1216182709,
        "max": 48.528881073,
        "mean": 2.04882764816,
        "median": 0.964140176773,
        "min": -1.72587502003,
        "var": 14.6166667938
    },
    "barkbands_skewness": {
        "dmean": 0.469759732485,
        "dmean2": 0.727832555771,
        "dvar": 0.215950623155,
        "dvar2": 0.507322192192,
        "max": 6.46139764786,
        "mean": 1.04357385635,
        "median": 1.05010282993,
        "min": -3.14233160019,
        "var": 0.958947360516
    },
    "barkbands_spread": {
        "dmean": 4.09445667267,
        "dmean2": 6.25239086151,
        "dvar": 18.3056240082,
        "dvar2": 37.0883750916,
        "max": 71.8166732788,
        "mean": 17.1724071503,
        "median": 16.6265792847,
        "min": 2.53247976303,
        "var": 68.0419235229
    },
    "dissonance": {
        "dmean": 0.0243635289371,
        "dmean2": 0.0417695529759,
        "dvar": 0.000615852884948,
        "dvar2": 0.00174484669697,
        "max": 0.500000119209,
        "mean": 0.459454059601,
        "median": 0.468436479568,
        "min": 0.282139122486,
        "var": 0.00111074920278
    },
    "dynamic_complexity": 2.52299284935,
    "erbbands_crest": {
        "dmean": 3.43101930618,
        "dmean2": 5.65124940872,
        "dvar": 9.94127368927,
        "dvar2": 25.0887641907,
        "max": 33.831943512,
        "mean": 12.2205038071,
        "median": 10.4822797775,
        "min": 2.90609669685,
        "var": 39.7385482788
    },
    "erbbands_flatness_db": {
        "dmean": 0.0197799112648,
        "dmean2": 0.0291307605803,
        "dvar": 0.000350023881765,
        "dvar2": 0.000759964052122,
        "max": 0.358020275831,
        "mean": 0.198282152414,
        "median": 0.196865811944,
        "min": 0.089553207159,
        "var": 0.00189069379121
    },
    "erbbands_kurtosis": {
        "dmean": 1.66266524792,
        "dmean2": 2.69750022888,
        "dvar": 11.5652980804,
        "dvar2": 29.262348175,
        "max": 49.3047599792,
        "mean": 1.90230131149,
        "median": 0.559688091278,
        "min": -1.52818906307,
        "var": 21.1648273468
    },
    "erbbands_skewness": {
        "dmean": 0.376495540142,
        "dmean2": 0.602524101734,
        "dvar": 0.102509535849,
        "dvar2": 0.248323068023,
        "max": 3.56758308411,
        "mean": 0.0813899338245,
        "median": -0.018909053877,
        "min": -2.57530593872,
        "var": 0.718616902828
    },
    "erbbands_spread": {
        "dmean": 5.66551780701,
        "dmean2": 8.74482059479,
        "dvar": 33.6991729736,
        "dvar2": 77.1278915405,
        "max": 80.8045120239,
        "mean": 24.0130329132,
        "median": 22.8529949188,
        "min": 1.27183008194,
        "var": 141.53515625
    },
    "hfc": {
        "dmean": 5.28277111053,
        "dmean2": 7.88489055634,
        "dvar": 39.230430603,
        "dvar2": 78.6196289062,
        "max": 94.4161758423,
        "mean": 20.9549369812,
        "median": 17.6067485809,
        "min": 0.807322919369,
        "var": 191.296875
    },
    "melbands_crest": {
        "dmean": 2.80535340309,
        "dmean2": 4.54658317566,
        "dvar": 6.36697292328,
        "dvar2": 15.8785190582,
        "max": 28.2749652863,
        "mean": 13.1234273911,
        "median": 12.5921545029,
        "min": 4.76501893997,
        "var": 18.0580310822
    },
    "melbands_flatness_db": {
        "dmean": 0.0233552083373,
        "dmean2": 0.0335040055215,
        "dvar": 0.000552366371267,
        "dvar2": 0.00106997275725,
        "max": 0.448533147573,
        "mean": 0.230175003409,
        "median": 0.22677461803,
        "min": 0.0671946182847,
        "var": 0.0026893184986
    },
    "melbands_kurtosis": {
        "dmean": 3.58354473114,
        "dmean2": 5.81652784348,
        "dvar": 37.9594078064,
        "dvar2": 98.9524078369,
        "max": 104.577461243,
        "mean": 5.92982292175,
        "median": 3.8209195137,
        "min": -1.61208164692,
        "var": 63.2106399536
    },
    "melbands_skewness": {
        "dmean": 0.579517245293,
        "dmean2": 0.904075324535,
        "dvar": 0.359025001526,
        "dvar2": 0.859372913837,
        "max": 8.64197254181,
        "mean": 1.78545022011,
        "median": 1.76439762115,
        "min": -2.34060645103,
        "var": 1.63331305981
    },
    "melbands_spread": {
        "dmean": 5.31965780258,
        "dmean2": 8.34458446503,
        "dvar": 37.4334106445,
        "dvar2": 81.282951355,
        "max": 88.8638076782,
        "mean": 20.6836280823,
        "median": 19.0617160797,
        "min": 1.72825217247,
        "var": 111.647346497
    },
    "pitch_salience": {
        "dmean": 0.064768396318,
        "dmean2": 0.104734614491,
        "dvar": 0.00347257917747,
        "dvar2": 0.00910430774093,
        "max": 0.827127993107,
        "mean": 0.545405447483,
        "median": 0.550843417645,
        "min": 0.167033419013,
        "var": 0.0114371869713
    },
    "silence_rate_20dB": {
        "dmean": 0,
        "dmean2": 0,
        "dvar": 0,
        "dvar2": 0,
        "max": 1,
        "mean": 1,
        "median": 1,
        "min": 1,
        "var": 0
    },
    "silence_rate_30dB": {
        "dmean": 0.00154798757285,
        "dmean2": 0.00309837330133,
        "dvar": 0.00154558732174,
        "dvar2": 0.0046379393898,
        "max": 1,
        "mean": 0.999226629734,
        "median": 1,
        "min": 0,
        "var": 0.000772796396632
    },
    "silence_rate_60dB": {
        "dmean": 0.00773993786424,
        "dmean2": 0.0154918665066,
        "dvar": 0.0076801055111,
        "dvar2": 0.0168011914939,
        "max": 1,
        "mean": 0.0123743228614,
        "median": 0,
        "min": 0,
        "var": 0.0122213773429
    },
    "spectral_centroid": {
        "dmean": 158.966400146,
        "dmean2": 241.739151001,
        "dvar": 38620.7695312,
        "dvar2": 71753.2421875,
        "max": 3413.91503906,
        "mean": 1014.43713379,
        "median": 977.66595459,
        "min": 287.169342041,
        "var": 137534.125
    },
    "spectral_complexity": {
        "dmean": 3.06114554405,
        "dmean2": 4.60805559158,
        "dvar": 9.13327598572,
        "dvar2": 17.3847236633,
        "max": 52,
        "mean": 20.2327919006,
        "median": 20,
        "min": 4,
        "var": 49.3371086121
    },
    "spectral_decrease": {
        "dmean": 2.38309860734e-09,
        "dmean2": 3.65377350597e-09,
        "dvar": 9.36494019427e-18,
        "dvar2": 2.29629755189e-17,
        "max": -2.32847713333e-10,
        "mean": -9.03320351853e-09,
        "median": -8.6128775223e-09,
        "min": -3.65372301303e-08,
        "var": 2.72861721247e-17
    },
    "spectral_energy": {
        "dmean": 0.00932863075286,
        "dmean2": 0.0142695326358,
        "dvar": 0.00013774796389,
        "dvar2": 0.000336020457326,
        "max": 0.139230236411,
        "mean": 0.0359940826893,
        "median": 0.0341928526759,
        "min": 0.000952047237661,
        "var": 0.000424785073847
    },
    "spectral_energyband_high": {
        "dmean": 0.000216425847611,
        "dmean2": 0.000296970072668,
        "dvar": 3.72907834389e-07,
        "dvar2": 6.51454399758e-07,
        "max": 0.0106558175758,
        "mean": 0.000343596475432,
        "median": 9.2644666438e-05,
        "min": 2.2457995783e-06,
        "var": 6.71259215324e-07
    },
    "spectral_energyband_low": {
        "dmean": 0.00566330458969,
        "dmean2": 0.008833758533,
        "dvar": 0.000119383417768,
        "dvar2": 0.000302191037918,
        "max": 0.133724987507,
        "mean": 0.0118259396404,
        "median": 0.00869218073785,
        "min": 6.0287569795e-05,
        "var": 0.000173014705069
    },
    "spectral_energyband_middle_high": {
        "dmean": 0.00260884081945,
        "dmean2": 0.00421437155455,
        "dvar": 9.23629977478e-06,
        "dvar2": 2.39093787968e-05,
        "max": 0.0486655160785,
        "mean": 0.0079104155302,
        "median": 0.00654374063015,
        "min": 0.000409857340856,
        "var": 3.65066989616e-05
    },
    "spectral_energyband_middle_low": {
        "dmean": 0.0052648591809,
        "dmean2": 0.00839831121266,
        "dvar": 4.92820036015e-05,
        "dvar2": 0.000122515528346,
        "max": 0.0876057893038,
        "mean": 0.0174464583397,
        "median": 0.0125678479671,
        "min": 0.000378014985472,
        "var": 0.00021843171271
    },
    "spectral_entropy": {
        "dmean": 0.153360590339,
        "dmean2": 0.219517379999,
        "dvar": 0.0255123414099,
        "dvar2": 0.0441750250757,
        "max": 8.25523471832,
        "mean": 7.27780389786,
        "median": 7.26741075516,
        "min": 6.1894402504,
        "var": 0.126554101706
    },
    "spectral_flux": {
        "dmean": 0.0231222789735,
        "dmean2": 0.0364649109542,
        "dvar": 0.000622712308541,
        "dvar2": 0.00135928567033,
        "max": 0.310727357864,
        "mean": 0.0920502245426,
        "median": 0.0844318717718,
        "min": 0.0174770392478,
        "var": 0.00202879542485
    },
    "spectral_kurtosis": {
        "dmean": 2.88394236565,
        "dmean2": 4.89510297775,
        "dvar": 7.94736671448,
        "dvar2": 21.9608192444,
        "max": 31.2755203247,
        "mean": 7.96375846863,
        "median": 7.26629257202,
        "min": -0.226631641388,
        "var": 18.7905292511
    },
    "spectral_rms": {
        "dmean": 0.000749725149944,
        "dmean2": 0.0011206031777,
        "dvar": 5.85942416365e-07,
        "dvar2": 1.33418689074e-06,
        "max": 0.0116548007354,
        "mean": 0.00565551221371,
        "median": 0.00577571475878,
        "min": 0.000963756465353,
        "var": 3.13138411911e-06
    },
    "spectral_rolloff": {
        "dmean": 288.097625732,
        "dmean2": 484.121795654,
        "dvar": 203771.203125,
        "dvar2": 417990.40625,
        "max": 6675.29296875,
        "mean": 1105.25537109,
        "median": 1098.19335938,
        "min": 86.1328125,
        "var": 451393.84375
    },
    "spectral_skewness": {
        "dmean": 0.29378080368,
        "dmean2": 0.470661044121,
        "dvar": 0.0695197060704,
        "dvar2": 0.169463723898,
        "max": 3.92462253571,
        "mean": 1.99159514904,
        "median": 2.00740885735,
        "min": 0.172716796398,
        "var": 0.243706837296
    },
    "spectral_spread": {
        "dmean": 408490.875,
        "dmean2": 590124.0625,
        "dvar": 283402174464,
        "dvar2": 560271654912,
        "max": 7585360.5,
        "mean": 3170058,
        "median": 2939314.75,
        "min": 1522552.125,
        "var": 996304224256
    },
    "spectral_strongpeak": {
        "dmean": 0.688108503819,
        "dmean2": 1.17598104477,
        "dvar": 0.994387865067,
        "dvar2": 2.55187702179,
        "max": 5.89757823944,
        "mean": 1.23386883736,
        "median": 0.578534066677,
        "min": 0.0386588461697,
        "var": 1.84439599514
    },
    "zerocrossingrate": {
        "dmean": 0.00614848872647,
        "dmean2": 0.00722588179633,
        "dvar": 6.06856265222e-05,
        "dvar2": 6.852640945e-05,
        "max": 0.17626953125,
        "mean": 0.0420843288302,
        "median": 0.03955078125,
        "min": 0.00634765625,
        "var": 0.000319125712849
    },
    "barkbands": {
        "dmean": [0.00016902112111, 0.00428444659337, 0.0018518838333, 0.00133699737489, 0.00222119223326, 0.00100992666557, 0.00174666941166, 0.00113691855222, 0.00125860748813, 0.000894358207006, 0.000719950709026, 0.00147586327512, 0.000314758246532, 0.000517535663676, 0.000383599224733, 0.00019042128406, 0.000213756138692, 0.000101848316262, 0.000103631406091, 5.54802536499e-05, 4.9587823014e-05, 6.36633994873e-05, 4.86500612169e-05, 3.1993691664e-05, 1.57255817612e-05, 5.188859177e-06, 6.29811358621e-09],
        "dmean2": [0.000286098977085, 0.00693798437715, 0.00303537305444, 0.00220243749209, 0.00354012660682, 0.00165156193543, 0.00273228203878, 0.00179138907697, 0.00193579914048, 0.00147893955, 0.00113177939784, 0.00241995439865, 0.000514726736583, 0.000882136111613, 0.000635795237031, 0.000310418807203, 0.000346515123965, 0.000163019125466, 0.000162138108863, 8.44975802465e-05, 7.07731815055e-05, 9.49254754232e-05, 6.61308804411e-05, 4.43011667812e-05, 2.3046233764e-05, 7.79508445703e-06, 9.68709823468e-09],
        "dvar": [9.48502076881e-08, 8.62085944391e-05, 1.23018571685e-05, 6.90429942551e-06, 1.17000008686e-05, 7.75362605054e-06, 1.74861015694e-05, 4.9538125495e-06, 8.75417754287e-06, 3.39779853675e-06, 2.11471069633e-06, 5.126375072e-06, 4.13645835806e-07, 6.265124739e-07, 7.2387081218e-07, 7.84199798431e-08, 1.48744163653e-07, 1.32578549028e-07, 5.27658770011e-08, 1.47901788594e-08, 2.07833288357e-08, 7.39689838269e-08, 2.44165061503e-08, 7.17804748973e-09, 2.05605354964e-09, 2.76399042543e-10, 3.03047975034e-15],
        "dvar2": [2.58257131236e-07, 0.000220868110773, 3.50889349647e-05, 1.96249347937e-05, 3.04228706227e-05, 1.7246362404e-05, 4.46321137133e-05, 9.89252384898e-06, 2.15099898924e-05, 1.0146326531e-05, 4.79067875858e-06, 1.32673139888e-05, 1.15422358249e-06, 1.83727854619e-06, 1.98134853235e-06, 2.02720528364e-07, 3.90698602359e-07, 3.26319735677e-07, 1.17071792261e-07, 2.92655464307e-08, 4.00486044327e-08, 1.3995521897e-07, 4.49726691443e-08, 1.28534862753e-08, 4.04554656441e-09, 6.04370220536e-10, 3.99590672779e-15],
        "max": [0.00367204402573, 0.1097291857, 0.0413638539612, 0.0397064164281, 0.0441495552659, 0.0453919582069, 0.0534495823085, 0.0570381656289, 0.0459567345679, 0.0247645266354, 0.0280279833823, 0.0279284995049, 0.010376076214, 0.00792812462896, 0.0144637133926, 0.00335655850358, 0.00903873238713, 0.0102172419429, 0.00413226336241, 0.00168729922734, 0.00335358339362, 0.00647650891915, 0.00338710774668, 0.0010679056868, 0.000528230157215, 0.000202734780032, 1.73209969034e-06],
        "mean": [0.000357324664947, 0.00715282419696, 0.0030253152363, 0.00225413660519, 0.00498792063445, 0.00175541278441, 0.00295436824672, 0.00254005356692, 0.0023810158018, 0.00152324209921, 0.00127309036907, 0.00231499178335, 0.000512465136126, 0.00085808255244, 0.000676552706864, 0.000331679650117, 0.000344099506037, 0.000163848992088, 0.000187353769434, 9.76054507191e-05, 7.86188902566e-05, 8.43901507324e-05, 6.55109906802e-05, 4.49613762612e-05, 2.24903560593e-05, 6.74674720358e-06, 5.10809838872e-09],
        "median": [0.000162029187777, 0.00428348407149, 0.00177810504101, 0.00108684226871, 0.0028419252485, 0.000750875216909, 0.000667774875183, 0.000703461235389, 0.000550592318177, 0.000659163226373, 0.000407304381952, 0.00123872526456, 0.000238150954829, 0.00040080252802, 0.000388737098547, 0.000186727280379, 0.000214544386836, 8.49183925311e-05, 0.000104344471765, 4.27798331657e-05, 2.60502602032e-05, 1.66270801856e-05, 1.08904141598e-05, 8.30350199976e-06, 4.10602433476e-06, 1.1831394886e-06, 4.50781689754e-10],
        "min": [3.028359572e-07, 6.93518086337e-06, 2.28776139011e-06, 9.35651496548e-06, 6.82763784425e-05, 3.65022206097e-05, 7.29167732061e-06, 2.50536686508e-06, 2.09830795939e-06, 3.6460537558e-06, 1.69326790456e-06, 3.42886269209e-05, 1.5925597836e-06, 1.48697711211e-06, 1.34451656777e-05, 9.39769279285e-07, 1.10929449875e-05, 5.13600014074e-07, 5.03864043822e-07, 3.63353990451e-07, 3.21202918485e-07, 1.31429388261e-07, 1.90194299421e-07, 1.60749337397e-07, 1.55871866525e-08, 2.70748007347e-11, 7.32749191185e-12],
        "var": [2.06623639087e-07, 9.88825413515e-05, 1.51869198817e-05, 1.03398115243e-05, 3.68717410311e-05, 1.5091764908e-05, 3.60815502063e-05, 4.15007780248e-05, 2.26882257266e-05, 7.5618804658e-06, 7.05820730218e-06, 8.25859115139e-06, 7.16748331797e-07, 1.25023950659e-06, 1.25052758904e-06, 1.65663408325e-07, 2.00946672635e-07, 1.32897724825e-07, 7.88379068695e-08, 2.62849848554e-08, 3.19726467524e-08, 9.72299645241e-08, 4.95503016396e-08, 1.35025919334e-08, 3.39076478006e-09, 3.88874099588e-10, 2.94204146383e-15]
    },
    "erbbands": {
        "dmean": [0.12988127768, 0.991661727428, 2.01861476898, 3.41212034225, 5.89981412888, 9.06015586853, 7.55327320099, 9.20682907104, 20.6266384125, 27.8600940704, 23.4810028076, 30.8133773804, 25.7042980194, 27.6951198578, 24.9617061615, 68.0152053833, 15.823381424, 28.8674240112, 19.0108089447, 10.9717340469, 11.7222080231, 8.5049200058, 5.54676103592, 5.10501003265, 4.96707201004, 2.57473492622, 1.88304662704, 2.23888158798, 2.30009841919, 1.87815868855, 1.30751311779, 0.829690873623, 0.437144786119, 0.212871819735, 0.0948542430997, 0.0355478301644, 0.00709214387462, 0.000415061193053, 1.33911344165e-05, 1.09974253064e-05],
        "dmean2": [0.214726224542, 1.58853495121, 3.30517530441, 5.67011499405, 9.61154937744, 14.1024160385, 12.204618454, 14.8487014771, 32.1277236938, 43.1137733459, 35.0728225708, 47.2884368896, 41.7637748718, 43.1890411377, 39.8716697693, 112.635383606, 26.3057155609, 48.8453674316, 32.0602912903, 17.4878101349, 19.3443164825, 13.6645059586, 8.72243118286, 7.93031311035, 7.70866441727, 3.88678956032, 2.70543766022, 3.21098828316, 3.42536211014, 2.7744615078, 1.76015126705, 1.14213299751, 0.605816721916, 0.320242196321, 0.141768872738, 0.0532539896667, 0.0105488188565, 0.000656530784909, 1.99135502044e-05, 1.65824567375e-05],
        "dvar": [0.0755503773689, 4.96006774902, 18.3921890259, 35.6529769897, 123.964889526, 276.538238525, 188.320373535, 1051.17456055, 2518.26269531, 4150.21337891, 2779.49365234, 6017.03662109, 2538.1862793, 3858.04150391, 1737.1895752, 12358.9658203, 790.853210449, 2035.78930664, 2053.48193359, 547.259216309, 257.62008667, 395.834655762, 483.084747314, 120.247215271, 121.930000305, 34.8351135254, 18.7910633087, 76.7740936279, 127.448448181, 42.5644645691, 16.3359260559, 4.85814666748, 1.46604192257, 0.375443696976, 0.0794545263052, 0.0119825107977, 0.000524294155184, 2.0604634301e-06, 1.23134702434e-09, 1.86334753183e-10],
        "dvar2": [0.197758555412, 13.2309389114, 52.8360939026, 104.585205078, 335.483673096, 686.259155273, 512.355163574, 2399.77807617, 5998.39697266, 10068.8935547, 4615.79833984, 15631.5986328, 6167.85595703, 8200.35058594, 4204.57519531, 32384.4023438, 2248.72509766, 6014.84326172, 5883.53564453, 1344.06567383, 701.810058594, 980.073364258, 1170.65393066, 271.132629395, 276.546508789, 71.2268981934, 36.1066627502, 145.053192139, 244.854614258, 86.4732055664, 30.726272583, 9.11352062225, 2.6065454483, 0.751030623913, 0.158516436815, 0.0250146780163, 0.00114554225001, 4.65292487206e-06, 2.52025444958e-09, 4.38761055266e-10],
        "max": [2.85200667381, 26.6644687653, 48.688709259, 73.646774292, 138.153671265, 246.671981812, 216.918136597, 575.847900391, 765.758056641, 1019.14575195, 1581.30773926, 1092.28820801, 1076.49438477, 1587.56140137, 922.54510498, 1350.81616211, 427.408721924, 472.97769165, 770.360168457, 390.061279297, 216.365936279, 565.709838867, 635.446411133, 203.226867676, 226.260360718, 94.558052063, 75.9758453369, 239.865768433, 299.820617676, 98.2663803101, 86.9753036499, 31.0562801361, 16.7569141388, 6.74062871933, 3.68041825294, 1.42307257652, 0.283350884914, 0.0217044930905, 0.000545586459339, 0.000154135937919],
        "mean": [0.201816871762, 1.61519396305, 3.40666389465, 6.40438222885, 11.223783493, 19.2280464172, 13.6050491333, 14.9325971603, 34.6436767578, 48.425453186, 57.2159156799, 59.8049278259, 51.5052070618, 57.5083618164, 50.8123245239, 103.439529419, 29.9939880371, 49.3717155457, 35.7352867126, 23.2603530884, 22.0603103638, 15.3013658524, 9.17085170746, 8.92659950256, 9.14399242401, 4.61548948288, 3.2766046524, 3.13289165497, 3.02298784256, 2.53889465332, 1.7270065546, 1.14391684532, 0.625640869141, 0.300443083048, 0.133481934667, 0.0463982336223, 0.00949990469962, 0.000552104611415, 3.22731139022e-05, 4.26581718784e-05],
        "median": [0.107746399939, 0.966948032379, 2.11780571938, 3.53477120399, 6.19944763184, 8.5371761322, 7.43602371216, 5.33777046204, 8.6240901947, 14.5408535004, 16.5507793427, 12.4592313766, 22.0542583466, 20.1240673065, 26.9068183899, 53.702331543, 19.2074966431, 23.9227714539, 24.0919857025, 13.306801796, 15.2669706345, 10.4393548965, 4.83691310883, 4.98952388763, 5.05790519714, 2.10937595367, 1.30696749687, 0.813065230846, 0.609164953232, 0.42375510931, 0.310183405876, 0.198370069265, 0.115079633892, 0.0524948984385, 0.0229329485446, 0.0076787439175, 0.00178905623034, 0.000110021523142, 2.179997864e-05, 3.99662967538e-05],
        "min": [0.000325040280586, 0.001913990709, 0.0149601930752, 0.0328743048012, 0.0547673925757, 0.146637931466, 0.315510183573, 0.202314898372, 0.136802792549, 0.0900462567806, 0.0766361504793, 0.114757843316, 0.121387392282, 0.148124530911, 0.543619930744, 1.4435583353, 0.375542938709, 0.223595783114, 0.600133776665, 0.819964468479, 0.498522937298, 0.441914498806, 0.0787184238434, 0.0219430755824, 0.0363680720329, 0.0202974639833, 0.0213670879602, 0.0136634111404, 0.00711517268792, 0.00461770733818, 0.00505444873124, 0.00439052097499, 0.00135921558831, 0.000584883673582, 8.51787553984e-05, 2.05651049328e-05, 8.7583430286e-06, 1.55316297423e-06, 1.40428880968e-06, 1.19931974041e-06],
        "var": [0.0854555889964, 5.33199882507, 19.5064544678, 61.770526886, 212.78364563, 919.078491211, 333.229827881, 1725.47143555, 5122.55126953, 8425.67089844, 26415.8730469, 15320.5244141, 9264.859375, 15808.8447266, 5010.36132812, 17698.9765625, 1369.01940918, 4114.03662109, 2874.47802734, 1101.41589355, 487.250762939, 497.440917969, 491.415008545, 175.869400024, 183.866836548, 58.7996864319, 34.77551651, 102.047210693, 155.973648071, 72.8505325317, 31.0446300507, 8.91859436035, 2.71557664871, 0.605919063091, 0.125409513712, 0.0177400093526, 0.000747278856579, 2.7233502351e-06, 2.03604377802e-09, 6.21962481517e-10]
    },
    "gfcc": {
        "mean": [-2.35818266869, 134.343841553, -133.001327515, 22.9760227203, -47.6260452271, 20.4507732391, -33.5785942078, 5.00263643265, -22.3212680817, -1.33501315117, -10.8595924377, -4.46262264252, -7.35915517807],
        "cov": [[2622.10229492, -682.824279785, 169.021881104, 278.768493652, -616.77947998, 169.687240601, 62.2070732117, 279.205871582, 33.1293716431, 99.6083374023, -43.0106468201, -31.4597492218, -111.119560242], [-682.824279785, 789.659179688, -46.9210662842, -128.43170166, 308.618011475, -163.768981934, 97.7880020142, -96.9836196899, 147.426269531, -63.701789856, 40.9426612854, -77.2928695679, 75.0454483032], [169.021881104, -46.9210662842, 331.683624268, 104.727615356, 48.9042205811, 125.062644958, -20.2149276733, 29.5217475891, -16.769695282, 69.3860015869, -31.0896587372, -8.40765666962, 0.598711550236], [278.768493652, -128.43170166, 104.727615356, 327.039276123, 19.064748764, 106.699386597, -10.9009180069, -11.5346097946, 27.5644989014, 17.6927661896, 14.2397918701, -25.1855487823, 29.7863693237], [-616.77947998, 308.618011475, 48.9042205811, 19.064748764, 399.513336182, 53.4530029297, 29.9658985138, -47.9409446716, -16.3628482819, -10.4174013138, 10.3482666016, -10.955411911, 63.2932090759], [169.687240601, -163.768981934, 125.062644958, 106.699386597, 53.4530029297, 243.307052612, 55.5083427429, 67.1314620972, -53.1164321899, 22.7753257751, -10.6387281418, -7.88583755493, 17.7245044708], [62.2070732117, 97.7880020142, -20.2149276733, -10.9009180069, 29.9658985138, 55.5083427429, 151.952163696, 62.4997215271, 35.2967910767, -19.4586963654, 5.76991653442, -22.9819965363, 1.21972560883], [279.205871582, -96.9836196899, 29.5217475891, -11.5346097946, -47.9409446716, 67.1314620972, 62.4997215271, 134.003479004, 11.1616306305, 29.4283123016, -12.3321113586, -5.79618692398, -14.4633264542], [33.1293716431, 147.426269531, -16.769695282, 27.5644989014, -16.3628482819, -53.1164321899, 35.2967910767, 11.1616306305, 148.231933594, 13.9624700546, 7.40469503403, -35.444519043, 11.5038585663], [99.6083374023, -63.701789856, 69.3860015869, 17.6927661896, -10.4174013138, 22.7753257751, -19.4586963654, 29.4283123016, 13.9624700546, 83.4546279907, 6.94553089142, -0.702467381954, -13.550909996], [-43.0106468201, 40.9426612854, -31.0896587372, 14.2397918701, 10.3482666016, -10.6387281418, 5.76991653442, -12.3321113586, 7.40469503403, 6.94553089142, 73.4958877563, 15.7220821381, 4.79291725159], [-31.4597492218, -77.2928695679, -8.40765666962, -25.1855487823, -10.955411911, -7.88583755493, -22.9819965363, -5.79618692398, -35.444519043, -0.702467381954, 15.7220821381, 81.9873275757, 1.02469933033], [-111.119560242, 75.0454483032, 0.598711550236, 29.7863693237, 63.2932090759, 17.7245044708, 1.21972560883, -14.4633264542, 11.5038585663, -13.550909996, 4.79291725159, 1.02469933033, 70.5241622925]],
        "icov": [[0.00108832493424, -0.000826272706036, 8.94446930033e-05, -0.00150172761641, 0.00206741783768, -0.000424063939136, 0.000110850138299, -0.0019016105216, 0.000925618456677, -0.00071559951175, 0.000765921722632, -0.000443645752966, 0.000752678664867], [-0.000826272706036, 0.012476653792, -0.00535982148722, 0.00714221550152, -0.00897866860032, 0.00834332033992, -0.00722888857126, 0.00655532395467, -0.0084457565099, 0.00710925506428, -0.00828478392214, 0.00921459123492, -0.00694605195895], [8.94446930033e-05, -0.00535982148722, 0.00752092897892, -0.00370549014769, 0.00286954198964, -0.00564076937735, 0.0039584916085, -0.00211242376827, 0.00336196948774, -0.00663199787959, 0.00605001766235, -0.00439197011292, 0.00351615436375], [-0.00150172761641, 0.00714221550152, -0.00370549014769, 0.00986039079726, -0.00613757083192, 0.00168820552062, -0.002276429208, 0.00656134821475, -0.0073213884607, 0.00517291668802, -0.00669373339042, 0.00620026746765, -0.00507738394663], [0.00206741783768, -0.00897866860032, 0.00286954198964, -0.00613757083192, 0.0120730930939, -0.00624566432089, 0.00305397971533, -0.00463467370719, 0.0073825228028, -0.00623524095863, 0.00591221405193, -0.00574690848589, 0.00239019910805], [-0.000424063939136, 0.00834332033992, -0.00564076937735, 0.00168820552062, -0.00624566432089, 0.0156470425427, -0.00895355269313, 0.000788017525338, 2.56351868302e-05, 0.00305231660604, -0.00492083234712, 0.00693280110136, -0.00740625848994], [0.000110850138299, -0.00722888857126, 0.0039584916085, -0.002276429208, 0.00305397971533, -0.00895355269313, 0.0175948161632, -0.00900417659432, -5.20450266777e-05, 0.00255001266487, 0.00170089036692, -0.00363259715959, 0.00658899126574], [-0.0019016105216, 0.00655532395467, -0.00211242376827, 0.00656134821475, -0.00463467370719, 0.000788017525338, -0.00900417659432, 0.019756315276, -0.00573493679985, -0.0017023839755, -0.00189800770022, 0.00349689368159, -0.00386970629916], [0.000925618456677, -0.0084457565099, 0.00336196948774, -0.0073213884607, 0.0073825228028, 2.56351868302e-05, -5.20450266777e-05, -0.00573493679985, 0.0179250389338, -0.00925072748214, 0.00562362326309, -0.0023588759359, 0.000652749207802], [-0.00071559951175, 0.00710925506428, -0.00663199787959, 0.00517291668802, -0.00623524095863, 0.00305231660604, 0.00255001266487, -0.0017023839755, -0.00925072748214, 0.0247659645975, -0.00997142679989, 0.00551051599905, 0.000479765993077], [0.000765921722632, -0.00828478392214, 0.00605001766235, -0.00669373339042, 0.00591221405193, -0.00492083234712, 0.00170089036692, -0.00189800770022, 0.00562362326309, -0.00997142679989, 0.0228599570692, -0.0103818811476, 0.00407450972125], [-0.000443645752966, 0.00921459123492, -0.00439197011292, 0.00620026746765, -0.00574690848589, 0.00693280110136, -0.00363259715959, 0.00349689368159, -0.0023588759359, 0.00551051599905, -0.0103818811476, 0.0224024821073, -0.00706687010825], [0.000752678664867, -0.00694605195895, 0.00351615436375, -0.00507738394663, 0.00239019910805, -0.00740625848994, 0.00658899126574, -0.00386970629916, 0.000652749207802, 0.000479765993077, 0.00407450972125, -0.00706687010825, 0.0234916172922]]
    },
    "melbands": {
        "dmean": [0.00115900649689, 0.00109306175727, 0.000619898433797, 0.000510584388394, 0.000289472896839, 0.000206215627259, 0.000331997172907, 0.000288682378596, 0.000183993033716, 0.000206953365705, 0.000129083375214, 0.000113285233965, 7.74157233536e-05, 0.000176614135853, 8.79154467839e-05, 2.94912551908e-05, 6.2716055254e-05, 2.91016676783e-05, 2.51222591032e-05, 1.24600519484e-05, 1.64495595527e-05, 1.11944336822e-05, 6.38503934169e-06, 4.45299292551e-06, 4.32811384599e-06, 4.56179031971e-06, 2.61324294115e-06, 1.63499623795e-06, 1.1476444115e-06, 1.22172082229e-06, 1.42254555158e-06, 1.37266044931e-06, 1.19673643439e-06, 1.03215370473e-06, 8.03778846148e-07, 6.05404522958e-07, 5.06515902998e-07, 3.37272666684e-07, 2.40790825501e-07, 1.74659660956e-07],
        "dmean2": [0.00190078036394, 0.00178263592534, 0.00102856615558, 0.000811514793895, 0.000463525066152, 0.00033216481097, 0.000514236104209, 0.000451314466773, 0.000271012540907, 0.000320258142892, 0.000210705999052, 0.000178254238563, 0.000120627162687, 0.000290076772217, 0.000146021091496, 4.88101795781e-05, 0.000106102350401, 4.88466939714e-05, 4.09307394875e-05, 2.03233321372e-05, 2.73338682746e-05, 1.81897576113e-05, 9.99713665806e-06, 7.13181134415e-06, 6.76403351463e-06, 7.21204287402e-06, 4.07508468925e-06, 2.50511334343e-06, 1.688953148e-06, 1.84650718893e-06, 2.09372751669e-06, 2.09643485505e-06, 1.78755533398e-06, 1.51712322349e-06, 1.09858945052e-06, 8.57909299157e-07, 7.17939769856e-07, 4.6370522e-07, 3.58534549605e-07, 2.67417220812e-07],
        "dvar": [6.25018810751e-06, 5.80167989028e-06, 1.2432984704e-06, 6.55690371332e-07, 2.4948360533e-07, 4.4127219212e-07, 6.15396459125e-07, 3.86847744949e-07, 1.70723936321e-07, 2.70964648053e-07, 6.42753619218e-08, 6.40311483835e-08, 2.03162180412e-08, 6.54326655081e-08, 2.16349356208e-08, 4.34463398591e-09, 9.80812053797e-09, 4.88942797361e-09, 3.07000314059e-09, 4.83917683702e-10, 5.96409421849e-10, 5.0080722902e-10, 4.47384629343e-10, 3.32891547661e-10, 8.2288106884e-11, 1.04836597736e-10, 3.59564426844e-11, 1.51782596908e-11, 5.99230257428e-12, 9.87908366223e-12, 4.02295211033e-11, 5.96014279597e-11, 1.67057027933e-11, 1.41442699567e-11, 7.41797595571e-12, 2.96714844535e-12, 1.81757788074e-12, 8.70978961696e-13, 4.71864897416e-13, 2.68134310328e-13],
        "dvar2": [1.59003593581e-05, 1.60932486324e-05, 3.53376572093e-06, 1.6088264374e-06, 6.90153740379e-07, 9.80930963124e-07, 1.53842336204e-06, 9.39461301641e-07, 2.89560745159e-07, 6.99187012287e-07, 1.58801654493e-07, 1.39439620739e-07, 4.75992258941e-08, 1.66555523151e-07, 5.76263268215e-08, 1.18796039672e-08, 2.87868875404e-08, 1.40401912319e-08, 7.70327002186e-09, 1.28245891684e-09, 1.67191982481e-09, 1.27533661409e-09, 1.06275721556e-09, 8.55591653082e-10, 1.86131082769e-10, 2.40805791973e-10, 8.04438807234e-11, 3.16966036751e-11, 1.13392680662e-11, 1.97947908065e-11, 8.02523533738e-11, 1.12555603726e-10, 3.41018394079e-11, 2.91505222738e-11, 1.43851206988e-11, 5.84882879975e-12, 3.57607454933e-12, 1.56581106588e-12, 9.33906923149e-13, 5.85465215804e-13],
        "max": [0.0278674289584, 0.0268969014287, 0.0157223381102, 0.00946219824255, 0.00652260985225, 0.0111924232915, 0.0101811075583, 0.0100795589387, 0.0123594477773, 0.00705911777914, 0.00523604312912, 0.00615983689204, 0.00260007102042, 0.00230850023217, 0.00261091184802, 0.00130857923068, 0.00102975883055, 0.00126388168428, 0.00110322260298, 0.000320338789606, 0.000359415251296, 0.000593704287894, 0.000566929287743, 0.00051333475858, 0.000188801714103, 0.000212507788092, 8.65508045536e-05, 6.23823725618e-05, 4.18983509007e-05, 4.37483795395e-05, 0.000184109143447, 0.000210928337765, 5.73611250729e-05, 7.03873520251e-05, 6.58654826111e-05, 2.5789880965e-05, 1.66155223269e-05, 1.22143128465e-05, 9.39993242355e-06, 5.82692473472e-06],
        "mean": [0.00195184792392, 0.00195910199545, 0.00120594666805, 0.00113441492431, 0.000560196756851, 0.000342042651027, 0.000571940268856, 0.000529109674972, 0.000432848319178, 0.000383264792617, 0.000248512660619, 0.000226095144171, 0.000147208251292, 0.000288469047518, 0.00013573069009, 5.00180576637e-05, 9.99166659312e-05, 5.11699945491e-05, 4.60626288259e-05, 2.34724084294e-05, 2.81478205579e-05, 1.86879678949e-05, 9.67602591118e-06, 6.93207584845e-06, 7.00077180227e-06, 7.88931174611e-06, 4.50702054877e-06, 2.67700829681e-06, 1.93441633201e-06, 1.9658907604e-06, 1.78066784429e-06, 1.7507886696e-06, 1.548513751e-06, 1.35966797643e-06, 1.03884121927e-06, 7.83995233178e-07, 6.71561451782e-07, 4.65000738359e-07, 3.30596293452e-07, 2.26450538321e-07],
        "median": [0.00115952768829, 0.00131537031848, 0.000712571723852, 0.000577219936531, 0.000298228900647, 0.000120206721476, 0.000133278605063, 0.000161885895068, 0.000119007745525, 7.99891058705e-05, 0.000105898012407, 7.41832409403e-05, 5.65253321838e-05, 0.000151083659148, 7.98506443971e-05, 2.25714593398e-05, 4.42042401119e-05, 3.40463557222e-05, 2.46488307312e-05, 1.19511269077e-05, 1.68742553797e-05, 1.19519800137e-05, 4.77700450574e-06, 3.75716854251e-06, 3.72906629309e-06, 4.23421761298e-06, 2.16355942939e-06, 1.15724981242e-06, 7.95682865373e-07, 6.44595388621e-07, 3.86743607805e-07, 3.33145209197e-07, 2.71450687706e-07, 2.03033735602e-07, 1.7740889291e-07, 1.33702684479e-07, 1.13607541152e-07, 7.95223655814e-08, 5.54004451203e-08, 3.73506061635e-08],
        "min": [2.38422512666e-06, 2.31788885685e-06, 8.15130533738e-06, 4.29295232607e-06, 8.80110201251e-06, 5.82749271416e-06, 1.82081669209e-06, 6.25639813734e-07, 4.65528501081e-07, 4.69737045705e-07, 4.56828161077e-07, 3.94446288965e-07, 3.20255566066e-07, 4.82216273667e-06, 1.05410117612e-06, 2.10556777347e-07, 6.63733317197e-08, 9.5585926374e-07, 7.46955208797e-07, 6.30038030636e-08, 6.75127239447e-07, 5.52113874619e-07, 2.75201852418e-08, 2.13656043968e-08, 1.09362403578e-08, 2.40226505355e-08, 2.23263931787e-08, 1.07189093157e-08, 1.18238157043e-08, 6.97281254958e-09, 5.47672840412e-09, 4.1699150799e-09, 2.09324046985e-09, 2.62868615764e-09, 2.87896262385e-09, 2.31039787302e-09, 2.33196084665e-09, 3.44700712418e-10, 6.83386958134e-10, 2.31617475199e-10],
