{
"highlevel": {
    "danceability": {
        "all": {
            "danceable": 1.30574662194e-10,
            "not_danceable": 1
        },
        "probability": 1,
        "value": "not_danceable"
    },
    "gender": {
        "all": {
            "female": 0.132015734911,
            "male": 0.867984235287
        },
        "probability": 0.867984235287,
        "value": "male"
    },
    "genre_dortmund": {
        "all": {
            "alternative": 0.228592425585,
            "blues": 0.0294146612287,
            "electronic": 0.0484083481133,
            "folkcountry": 0.124203488231,
            "funksoulrnb": 0.0121552087367,
            "jazz": 0.00306586106308,
            "pop": 0.0203295629472,
            "raphiphop": 0.000579453480896,
            "rock": 0.53325098753
        },
        "probability": 0.53325098753,
        "value": "rock"
    },
    "genre_electronic": {
        "all": {
            "ambient": 0.485564351082,
            "dnb": 0.196007221937,
            "house": 0.0487010478973,
            "techno": 0.0255258046091,
            "trance": 0.24420158565
        },
        "probability": 0.485564351082,
        "value": "ambient"
    },
    "genre_rosamerica": {
        "all": {
            "cla": 0.0141789270565,
            "dan": 0.00206864671782,
            "hip": 0.000236874431721,
            "jaz": 0.000957739131991,
            "pop": 0.00406036013737,
            "rhy": 0.000908606336452,
            "roc": 0.977418422699,
            "spe": 0.000170446684933
        },
        "probability": 0.977418422699,
        "value": "roc"
    },
    "genre_tzanetakis": {
        "all": {
            "blu": 0.0626541376114,
            "cla": 0.0348133966327,
            "cou": 0.0783501937985,
            "dis": 0.104547761381,
            "hip": 0.15693578124,
            "jaz": 0.313987255096,
            "met": 0.044816005975,
            "pop": 0.0627349764109,
            "reg": 0.0627352520823,
            "roc": 0.0784252434969
        },
        "probability": 0.313987255096,
        "value": "jaz"
    },
    "ismir04_rhythm": {
        "all": {
            "ChaChaCha": 0.17068323493,
            "Jive": 0.257588863373,
            "Quickstep": 0.0454522557557,
            "Rumba-American": 0.0203071162105,
            "Rumba-International": 0.0150483092293,
            "Rumba-Misc": 0.00546132493764,
            "Samba": 0.0470825731754,
            "Tango": 0.109804905951,
            "VienneseWaltz": 0.309597939253,
            "Waltz": 0.018973486498
        },
        "probability": 0.309597939253,
        "value": "VienneseWaltz"
    },
    "mood_acoustic": {
        "all": {
            "acoustic": 0.0139991231263,
            "not_acoustic": 0.9860008955
        },
        "probability": 0.9860008955,
        "value": "not_acoustic"
    },
    "mood_aggressive": {
        "all": {
            "aggressive": 0.964302301407,
            "not_aggressive": 0.0356976799667
        },
        "probability": 0.964302301407,
        "value": "aggressive"
    },
    "mood_electronic": {
        "all": {
            "electronic": 0.385995656252,
            "not_electronic": 0.61400437355
        },
        "probability": 0.61400437355,
        "value": "not_electronic"
    },
    "mood_happy": {
        "all": {
            "happy": 0.0911662653089,
            "not_happy": 0.908833742142
        },
        "probability": 0.908833742142,
        "value": "not_happy"
    },
    "mood_party": {
        "all": {
            "not_party": 0.666200935841,
            "party": 0.333799064159
        },
        "probability": 0.666200935841,
        "value": "not_party"
    },
    "mood_relaxed": {
        "all": {
            "not_relaxed": 0.601328969002,
            "relaxed": 0.398671030998
        },
        "probability": 0.601328969002,
        "value": "not_relaxed"
    },
    "mood_sad": {
        "all": {
            "not_sad": 0.903848946095,
            "sad": 0.0961510390043
        },
        "probability": 0.903848946095,
        "value": "not_sad"
    },
    "moods_mirex": {
        "all": {
            "Cluster1": 0.218175932765,
            "Cluster2": 0.13518461585,
            "Cluster3": 0.43457108736,
            "Cluster4": 0.108942106366,
            "Cluster5": 0.103126265109
        },
        "probability": 0.43457108736,
        "value": "Cluster3"
    },
    "timbre": {
        "all": {
            "bright": 0.993543684483,
            "dark": 0.00645632762462
        },
        "probability": 0.993543684483,
        "value": "bright"
    },
    "tonal_atonal": {
        "all": {
            "atonal": 0.0405399613082,
            "tonal": 0.959460020065
        },
        "probability": 0.959460020065,
        "value": "tonal"
    },
    "voice_instrumental": {
        "all": {
            "instrumental": 0.00264563388191,
            "voice": 0.997354388237
        },
        "probability": 0.997354388237,
        "value": "voice"
    }
},
"lowlevel": {
    "average_loudness": 0.978768825531,
    "barkbands_crest": {
        "dmean": 2.21291589737,
        "dmean2": 3.75152039528,
        "dvar": 3.97112751007,
        "dvar2": 10.7590532303,
        "max": 19.1401309967,
        "mean": 6.73718690872,
        "median": 6.22553682327,
        "min": 2.74757194519,
        "var": 5.94960832596
    },
    "barkbands_flatness_db": {
        "dmean": 0.0137252053246,
        "dmean2": 0.0219630226493,
        "dvar": 0.000129688080051,
        "dvar2": 0.00033976326813,
        "max": 0.196036890149,
        "mean": 0.114138290286,
        "median": 0.112384550273,
        "min": 0.0553649775684,
        "var": 0.000386610860005
    },
    "barkbands_kurtosis": {
        "dmean": 0.665199100971,
        "dmean2": 1.10755419731,
        "dvar": 0.500920593739,
        "dvar2": 1.1969987154,
        "max": 5.74910163879,
        "mean": -0.0570375360548,
        "median": -0.270968675613,
        "min": -1.64882528782,
        "var": 0.937817692757
    },
    "barkbands_skewness": {
        "dmean": 0.311569601297,
        "dmean2": 0.513428747654,
        "dvar": 0.0745932087302,
        "dvar2": 0.180954575539,
        "max": 2.43737363815,
        "mean": 0.761871755123,
        "median": 0.713272154331,
        "min": -0.720423996449,
        "var": 0.195103555918
    },
    "barkbands_spread": {
        "dmean": 4.11331605911,
        "dmean2": 6.6501250267,
        "dvar": 12.6066589355,
        "dvar2": 32.4035797119,
        "max": 68.0857009888,
        "mean": 25.7477092743,
        "median": 25.2423019409,
        "min": 9.98097133636,
        "var": 35.6781692505
    },
    "dissonance": {
        "dmean": 0.0141910947859,
        "dmean2": 0.0238085184246,
        "dvar": 0.000145768310176,
        "dvar2": 0.000403210317018,
        "max": 0.49995046854,
        "mean": 0.476328790188,
        "median": 0.47945484519,
        "min": 0.411274075508,
        "var": 0.000250234996201
    },
    "dynamic_complexity": 0.778705358505,
    "erbbands_crest": {
        "dmean": 2.81715726852,
        "dmean2": 4.80324411392,
        "dvar": 6.39259767532,
        "dvar2": 17.8734970093,
        "max": 25.6973819733,
        "mean": 7.99793291092,
        "median": 7.33271169662,
        "min": 2.85077881813,
        "var": 12.1091384888
    },
    "erbbands_flatness_db": {
        "dmean": 0.0129516590387,
        "dmean2": 0.0207174308598,
        "dvar": 0.000130385786179,
        "dvar2": 0.00032816993189,
        "max": 0.257408171892,
        "mean": 0.162397101521,
        "median": 0.160393744707,
        "min": 0.103578656912,
        "var": 0.000576431746595
    },
    "erbbands_kurtosis": {
        "dmean": 0.494894862175,
        "dmean2": 0.831132590771,
        "dvar": 0.252528935671,
        "dvar2": 0.682702362537,
        "max": 6.33977985382,
        "mean": -0.257481098175,
        "median": -0.375393152237,
        "min": -1.36584079266,
        "var": 0.395880758762
    },
    "erbbands_skewness": {
        "dmean": 0.279298514128,
        "dmean2": 0.454865425825,
        "dvar": 0.0496167913079,
        "dvar2": 0.134884774685,
        "max": 1.72221958637,
        "mean": 0.000943989900406,
        "median": -0.0010187572334,
        "min": -0.978424310684,
        "var": 0.123969651759
    },
    "erbbands_spread": {
        "dmean": 5.88253116608,
        "dmean2": 9.74322319031,
        "dvar": 22.7391738892,
        "dvar2": 61.9515457153,
        "max": 72.4146499634,
        "mean": 33.2053833008,
        "median": 32.4275856018,
        "min": 9.12774085999,
        "var": 70.5972061157
    },
    "hfc": {
        "dmean": 6.04574966431,
        "dmean2": 9.62712001801,
        "dvar": 43.2486152649,
        "dvar2": 102.034164429,
        "max": 107.024253845,
        "mean": 32.4308815002,
        "median": 30.6990222931,
        "min": 9.29909515381,
        "var": 126.451599121
    },
    "melbands_crest": {
        "dmean": 2.6789958477,
        "dmean2": 4.51644325256,
        "dvar": 5.90817403793,
        "dvar2": 15.6351680756,
        "max": 22.8852386475,
        "mean": 9.22606372833,
        "median": 8.60499572754,
        "min": 4.00204753876,
        "var": 9.64309215546
    },
    "melbands_flatness_db": {
        "dmean": 0.0171668808907,
        "dmean2": 0.0272881556302,
        "dvar": 0.000257932813838,
        "dvar2": 0.000588145805523,
        "max": 0.252321064472,
        "mean": 0.141472831368,
        "median": 0.138791263103,
        "min": 0.0556134656072,
        "var": 0.000770340382587
    },
    "melbands_kurtosis": {
        "dmean": 1.92581832409,
        "dmean2": 3.19438481331,
        "dvar": 4.66773509979,
        "dvar2": 10.7361688614,
        "max": 22.9790592194,
        "mean": 3.17723107338,
        "median": 2.29559326172,
        "min": -1.10604071617,
        "var": 9.51170635223
    },
    "melbands_skewness": {
        "dmean": 0.445905417204,
        "dmean2": 0.733802616596,
        "dvar": 0.154808580875,
        "dvar2": 0.36663120985,
        "max": 4.4124879837,
        "mean": 1.60905230045,
        "median": 1.51955485344,
        "min": -0.524893283844,
        "var": 0.432814210653
    },
    "melbands_spread": {
        "dmean": 6.2835817337,
        "dmean2": 10.2137241364,
        "dvar": 35.5439949036,
        "dvar2": 90.1386260986,
        "max": 88.0777359009,
        "mean": 32.2270355225,
        "median": 31.8536663055,
        "min": 11.1333999634,
        "var": 78.2413406372
    },
    "pitch_salience": {
        "dmean": 0.0602455735207,
        "dmean2": 0.0997067093849,
        "dvar": 0.00274049350992,
        "dvar2": 0.00758821889758,
        "max": 0.810632944107,
        "mean": 0.605267643929,
        "median": 0.607779860497,
        "min": 0.35027551651,
        "var": 0.00573857268319
    },
    "silence_rate_20dB": {
        "dmean": 0,
        "dmean2": 0,
        "dvar": 0,
        "dvar2": 0,
        "max": 1,
        "mean": 1,
        "median": 1,
        "min": 1,
        "var": 0
    },
    "silence_rate_30dB": {
        "dmean": 0,
        "dmean2": 0,
        "dvar": 0,
        "dvar2": 0,
        "max": 1,
        "mean": 1,
        "median": 1,
        "min": 1,
        "var": 0
    },
    "silence_rate_60dB": {
        "dmean": 0,
        "dmean2": 0,
        "dvar": 0,
        "dvar2": 0,
        "max": 0,
        "mean": 0,
        "median": 0,
        "min": 0,
        "var": 0
    },
    "spectral_centroid": {
        "dmean": 216.572616577,
        "dmean2": 348.799468994,
        "dvar": 32691.0214844,
        "dvar2": 86326.484375,
        "max": 3117.14086914,
        "mean": 1666.83239746,
        "median": 1640.71154785,
        "min": 729.161987305,
        "var": 105774.921875
    },
    "spectral_complexity": {
        "dmean": 4.11300325394,
        "dmean2": 6.40743589401,
        "dvar": 11.936167717,
        "dvar2": 23.8494720459,
        "max": 58,
        "mean": 34.5723114014,
        "median": 34,
        "min": 14,
        "var": 56.5110397339
    },
    "spectral_decrease": {
        "dmean": 1.97137683955e-09,
        "dmean2": 3.15750070534e-09,
        "dvar": 4.02310457853e-18,
        "dvar2": 9.26042013361e-18,
        "max": -2.54648058196e-09,
        "mean": -8.1079809533e-09,
        "median": -7.66520180662e-09,
        "min": -2.27480150272e-08,
        "var": 8.03336304216e-18
    },
    "spectral_energy": {
        "dmean": 0.00781532749534,
        "dmean2": 0.0124913342297,
        "dvar": 6.10667193541e-05,
        "dvar2": 0.000140936710523,
        "max": 0.0887639299035,
        "mean": 0.0335429906845,
        "median": 0.0318280346692,
        "min": 0.0108802756295,
        "var": 0.000127217266709
    },
    "spectral_energyband_high": {
        "dmean": 0.000300716346828,
        "dmean2": 0.000458880647784,
        "dvar": 3.96125017232e-07,
        "dvar2": 9.66537186287e-07,
        "max": 0.0114094484597,
        "mean": 0.00103722664062,
        "median": 0.000762900686823,
        "min": 0.000115974253276,
        "var": 7.74221689426e-07
    },
    "spectral_energyband_low": {
        "dmean": 0.00378083111718,
        "dmean2": 0.00625124154612,
        "dvar": 4.00207245548e-05,
        "dvar2": 8.48707350087e-05,
        "max": 0.0693456977606,
        "mean": 0.00653212703764,
        "median": 0.00416403403506,
        "min": 0.000261384557234,
        "var": 6.19206111878e-05
    },
    "spectral_energyband_middle_high": {
        "dmean": 0.00333049311303,
        "dmean2": 0.00547192851081,
        "dvar": 1.29152122099e-05,
        "dvar2": 3.54138101102e-05,
        "max": 0.0463357530534,
        "mean": 0.0118796080351,
        "median": 0.0108817433938,
        "min": 0.00175696844235,
        "var": 2.84531215584e-05
    },
    "spectral_energyband_middle_low": {
        "dmean": 0.0051005911082,
        "dmean2": 0.00848784018308,
        "dvar": 2.79184987448e-05,
        "dvar2": 7.56149820518e-05,
        "max": 0.0583353117108,
        "mean": 0.0158019661903,
        "median": 0.0147332232445,
        "min": 0.00355091621168,
        "var": 4.5591576054e-05
    },
    "spectral_entropy": {
        "dmean": 0.0813583657146,
        "dmean2": 0.125541016459,
        "dvar": 0.00558098778129,
        "dvar2": 0.0130829131231,
        "max": 8.38023853302,
        "mean": 7.73871326447,
        "median": 7.74436426163,
        "min": 7.09513282776,
        "var": 0.0245104264468
    },
    "spectral_flux": {
        "dmean": 0.0189969968051,
        "dmean2": 0.0304366033524,
        "dvar": 0.00037154572783,
        "dvar2": 0.000911361945327,
        "max": 0.234538063407,
        "mean": 0.101025268435,
        "median": 0.0951807871461,
        "min": 0.0444617494941,
        "var": 0.000773428124376
    },
    "spectral_kurtosis": {
        "dmean": 1.18171739578,
        "dmean2": 2.05564403534,
        "dvar": 1.22272253036,
        "dvar2": 3.65969324112,
        "max": 12.0214071274,
        "mean": 3.55455875397,
        "median": 3.36183595657,
        "min": 0.288905858994,
        "var": 1.88768565655
    },
    "spectral_rms": {
        "dmean": 0.000648592656944,
        "dmean2": 0.00103385513648,
        "dvar": 3.30958243921e-07,
        "dvar2": 7.79136655638e-07,
        "max": 0.00930585619062,
        "mean": 0.00564787955955,
        "median": 0.00557240890339,
        "min": 0.0032580520492,
        "var": 8.26257235076e-07
    },
    "spectral_rolloff": {
        "dmean": 417.080291748,
        "dmean2": 701.489196777,
        "dvar": 204826.828125,
        "dvar2": 479937.1875,
        "max": 7256.68945312,
        "mean": 1877.99963379,
        "median": 1808.7890625,
        "min": 409.130859375,
        "var": 407136.96875
    },
    "spectral_skewness": {
        "dmean": 0.157208815217,
        "dmean2": 0.266415536404,
        "dvar": 0.0218940898776,
        "dvar2": 0.0569139719009,
        "max": 2.90641403198,
        "mean": 1.24927985668,
        "median": 1.26008546352,
        "min": 0.339947342873,
        "var": 0.0591117180884
    },
    "spectral_spread": {
        "dmean": 247538.546875,
        "dmean2": 387946.5,
        "dvar": 77295353856,
        "dvar2": 148532314112,
        "max": 9020001,
        "mean": 3660296.25,
        "median": 3627706.5,
        "min": 2234452.5,
        "var": 303234973696
    },
    "spectral_strongpeak": {
        "dmean": 0.855142116547,
        "dmean2": 1.49655842781,
        "dvar": 0.989000320435,
        "dvar2": 2.54430770874,
        "max": 7.60174036026,
        "mean": 1.16134047508,
        "median": 0.654313802719,
        "min": 0.0540913231671,
        "var": 1.35876452923
    },
    "zerocrossingrate": {
        "dmean": 0.00660729175434,
        "dmean2": 0.00837339926511,
        "dvar": 3.94664348278e-05,
        "dvar2": 5.51635857846e-05,
        "max": 0.1650390625,
        "mean": 0.0672253370285,
        "median": 0.06591796875,
        "min": 0.03125,
        "var": 0.000188502875972
    },
    "barkbands": {
        "dmean": [2.14402534766e-05, 0.00189344817773, 0.00217416440137, 0.00145800027531, 0.00285213487223, 0.0011694697896, 0.000831272278447, 0.000730141007807, 0.00116941309534, 0.00187316769734, 0.000841483531985, 0.000692116329446, 0.000965346698649, 0.000834111822769, 0.000424612313509, 0.000522270333022, 0.000390579603845, 0.000274269405054, 0.000377781514544, 0.000197858127649, 0.000129325155285, 8.53793026181e-05, 4.77745561511e-05, 3.09582064801e-05, 1.45322683238e-05, 7.61739784139e-06, 8.74704042531e-09],
        "dmean2": [3.72844042431e-05, 0.00306207453832, 0.00379944290034, 0.00250866101123, 0.00479611754417, 0.00189583864994, 0.00131879048422, 0.00118656817358, 0.00190499948803, 0.00312017183751, 0.00140957278199, 0.00115971500054, 0.00166839617305, 0.00141166849062, 0.000723346485756, 0.000863159657456, 0.000656013726257, 0.000457657210063, 0.000621103507001, 0.000327689485857, 0.00021315793856, 0.000134398549562, 7.60742914281e-05, 4.98757617606e-05, 2.16313183046e-05, 1.16348301162e-05, 1.59052486737e-08],
        "dvar": [9.02177721418e-10, 2.52915197052e-05, 9.08755737328e-06, 3.17113313031e-06, 1.42966591739e-05, 1.6204160147e-06, 1.7189834125e-06, 1.71303452134e-06, 2.77110393654e-06, 1.0060492059e-05, 1.74072840764e-06, 9.44232624533e-07, 2.47879711424e-06, 2.03574131774e-06, 3.43706204831e-07, 4.66863156134e-07, 1.33350312126e-07, 7.91419196844e-08, 1.71274820104e-07, 7.10204162147e-08, 3.6914453716e-08, 2.44999380783e-08, 3.12325489915e-08, 1.91641351677e-08, 1.22126397883e-09, 2.6767513206e-10, 1.60028071252e-15],
        "dvar2": [2.43310971371e-09, 5.41701701877e-05, 2.65320286417e-05, 9.82500205282e-06, 3.74970368284e-05, 4.60805586044e-06, 4.59966986455e-06, 4.48018408861e-06, 7.10924314262e-06, 2.77797098533e-05, 4.93634252052e-06, 2.40085137193e-06, 7.04930516804e-06, 5.64272249903e-06, 9.49751552071e-07, 1.28229953589e-06, 3.72188281972e-07, 1.99982110871e-07, 4.71244050004e-07, 1.94252990582e-07, 9.13798956503e-08, 5.54929791008e-08, 8.02030584168e-08, 5.10078450588e-08, 2.85912826747e-09, 6.64481081269e-10, 4.44867844887e-15],
        "max": [0.0003239098005, 0.0453485958278, 0.0305755212903, 0.0144892549142, 0.0359748266637, 0.0155790718272, 0.0244637988508, 0.0240655764937, 0.0155447777361, 0.0404578000307, 0.0162097550929, 0.0125675424933, 0.0143722575158, 0.0152652068064, 0.00802332255989, 0.0110240755603, 0.00353884580545, 0.00354689080268, 0.00499658100307, 0.00525397481397, 0.00252326088957, 0.00249408511445, 0.00423002894968, 0.00336020183749, 0.000509721052367, 0.000215029460378, 8.20461877993e-07],
        "mean": [2.51060155279e-05, 0.00240024272352, 0.00303626875393, 0.00190040539019, 0.00522166723385, 0.00247799907811, 0.00165766687132, 0.00124716642313, 0.00193402974401, 0.00275278813206, 0.00128819886595, 0.00118038710207, 0.00151685683522, 0.00138718774542, 0.000831611396279, 0.00103923934512, 0.000825892726425, 0.000634249765426, 0.000906041881535, 0.000478167406982, 0.00032911269227, 0.000248312600888, 0.000108075735625, 7.30379615561e-05, 3.2199161069e-05, 1.10562696136e-05, 5.84751491672e-09],
        "median": [1.41410118886e-05, 0.000652531743981, 0.00219666771591, 0.0013229586184, 0.00430206628516, 0.00196512066759, 0.00121947540902, 0.000758424925152, 0.00100677716546, 0.00124561344273, 0.000774278480094, 0.000719596166164, 0.000683412014041, 0.000636022072285, 0.000644693034701, 0.00085518223932, 0.0007018870092, 0.000552655721549, 0.00074735871749, 0.000380357640097, 0.000229772107559, 0.00015321536921, 7.5192321674e-05, 4.98814915773e-05, 2.13218208955e-05, 5.10981953994e-06, 6.94682700253e-10],
        "min": [8.83918289674e-08, 7.38516246201e-06, 5.19346849615e-06, 2.42002279265e-05, 0.000151251195348, 0.000146498743561, 6.98365838616e-05, 2.87261846097e-05, 1.55837587954e-05, 2.02658247872e-05, 2.81383436231e-05, 4.02044861403e-05, 3.13689633913e-05, 5.05716743646e-05, 4.16743641836e-05, 9.77010422503e-05, 8.53749879752e-05, 5.71986165596e-05, 5.6009463151e-05, 4.30230829807e-05, 1.13348596642e-05, 1.59075698321e-05, 1.48608171457e-06, 6.92068510943e-07, 1.76677978914e-08, 1.34216759928e-09, 7.57045901661e-12],
        "var": [1.03390396244e-09, 3.41484264936e-05, 9.73134137894e-06, 3.33778621098e-06, 1.76594239747e-05, 3.45584453498e-06, 2.38278198594e-06, 2.64177447207e-06, 5.46886349184e-06, 1.48578665176e-05, 2.35958191297e-06, 1.70985026671e-06, 4.08585128753e-06, 3.90379682358e-06, 5.3171277159e-07, 5.94921573338e-07, 2.49525641038e-07, 1.49840175823e-07, 3.81700687058e-07, 1.2598155763e-07, 8.11629519148e-08, 9.98955655973e-08, 3.0659460748e-08, 1.74629235516e-08, 1.75954606441e-09, 3.07843167624e-10, 9.59711940283e-16]
    },
    "erbbands": {
        "dmean": [0.0307620763779, 0.511828482151, 1.98214697838, 3.98748087883, 6.97235298157, 10.4830284119, 10.4666671753, 10.2158946991, 13.8922185898, 11.02323246, 16.1787986755, 28.0469322205, 52.0570220947, 36.180683136, 35.9762840271, 35.6928291321, 45.318687439, 42.5673675537, 24.6531162262, 20.9694232941, 29.0366954803, 17.0530891418, 13.5234031677, 18.8647708893, 16.0531711578, 8.66470241547, 6.37099409103, 4.11915206909, 3.21199536324, 2.1247355938, 1.40968120098, 0.805950045586, 0.472816258669, 0.188294246793, 0.103447243571, 0.0342175997794, 0.0160431545228, 0.00126617588103, 2.5889796234e-05, 9.4757970146e-06],
        "dmean2": [0.0510116107762, 0.826924443245, 3.41538047791, 6.96216917038, 11.9445743561, 17.7089614868, 17.7543392181, 16.9951152802, 21.0844097137, 18.300409317, 26.5689811707, 45.2833213806, 87.0825653076, 58.9066123962, 60.7644386292, 60.1942062378, 78.3092651367, 71.9391708374, 42.1312675476, 35.6036071777, 48.7138328552, 28.4921989441, 22.6921195984, 31.974565506, 26.4847583771, 14.4376087189, 10.4356546402, 6.82031154633, 5.11524391174, 3.3071038723, 2.27153134346, 1.31305515766, 0.730500936508, 0.283718764782, 0.160812035203, 0.0508478209376, 0.0253984350711, 0.00216620974243, 4.2091774958e-05, 1.50225532707e-05],
        "dvar": [0.00440253829584, 1.86583983898, 10.4996232986, 22.2348670959, 145.139953613, 161.324050903, 149.465377808, 133.52230835, 298.799530029, 465.766387939, 1121.92895508, 1866.25720215, 7796.43408203, 7586.50927734, 3584.92602539, 2242.97143555, 5228.09423828, 5654.29248047, 1323.00524902, 552.070678711, 1599.78552246, 270.496063232, 220.8540802, 453.711120605, 341.969482422, 122.713546753, 95.5343780518, 39.3288879395, 32.1949691772, 30.0435466766, 28.0813083649, 19.3868503571, 1.86370170116, 0.212145015597, 0.0712056979537, 0.00495155062526, 0.00149065442383, 1.16108840302e-05, 3.62729046799e-09, 9.14845768585e-11],
        "dvar2": [0.0102347880602, 3.94460749626, 27.7758216858, 68.2097549438, 386.387939453, 432.936859131, 417.229949951, 393.72756958, 739.895690918, 1360.75634766, 2894.16210938, 4739.36376953, 22090.3925781, 20421.1503906, 10280.4882812, 5714.15478516, 15047.8730469, 15585.9335938, 3510.65649414, 1534.8326416, 4350.55517578, 719.193847656, 555.771911621, 1206.66101074, 933.103820801, 332.267364502, 240.099807739, 93.1514816284, 75.7439880371, 68.7488937378, 73.6994476318, 53.5597000122, 4.40672826767, 0.47973254323, 0.178159683943, 0.0114594418555, 0.0038507336285, 3.11282383336e-05, 9.53486445354e-09, 2.05631886518e-10],
        "max": [0.59678375721, 12.2043113708, 37.7456245422, 40.1827507019, 133.484710693, 155.908813477, 149.556350708, 133.325439453, 267.670471191, 422.498077393, 658.705566406, 424.024047852, 1111.25500488, 1368.46850586, 808.758605957, 628.314941406, 668.096252441, 850.690368652, 515.98034668, 284.037811279, 719.740661621, 179.129165649, 209.537200928, 290.764648438, 261.379486084, 203.097351074, 158.591339111, 122.160072327, 103.059150696, 97.7762527466, 128.212402344, 115.008125305, 24.5594882965, 7.50725126266, 3.73081231117, 1.02442097664, 0.565449118614, 0.0533875338733, 0.000921597471461, 0.000102973492176],
        "mean": [0.0436080098152, 0.651178717613, 2.73422527313, 6.05319356918, 9.85173034668, 18.5814838409, 19.040271759, 21.0954055786, 30.4938602448, 21.9140129089, 27.7633781433, 47.2461433411, 83.0081176758, 55.6250419617, 59.3075561523, 62.3337135315, 74.7779159546, 73.514213562, 49.1206512451, 46.2478294373, 59.5295600891, 41.5396652222, 34.8231658936, 45.8136672974, 39.8136253357, 22.4617404938, 16.1245136261, 11.5553503036, 9.4800491333, 5.20761489868, 3.04370069504, 1.75844442844, 1.13151371479, 0.433944940567, 0.208157882094, 0.0652269273996, 0.019205769524, 0.00121277524158, 4.71886633022e-05, 4.31660300819e-05],
        "median": [0.0141812264919, 0.192216023803, 1.78562426567, 4.58730983734, 6.97904491425, 15.2738056183, 15.2032442093, 16.6770000458, 23.2918262482, 17.3060703278, 16.495136261, 24.7967700958, 33.2471351624, 27.1839809418, 37.9513816833, 43.022857666, 38.8921051025, 35.2381210327, 35.5023765564, 39.4798545837, 48.5534057617, 35.6349525452, 30.4560260773, 39.1259613037, 32.2269706726, 18.6129760742, 11.5960664749, 8.24689483643, 6.20563840866, 3.04087543488, 2.20715141296, 1.21480357647, 0.761255025864, 0.299389541149, 0.131397008896, 0.0386875756085, 0.00725581590086, 0.000350092945155, 3.09244824166e-05, 4.10534121329e-05],
        "min": [0.000504150986671, 0.00687450729311, 0.0410279370844, 0.245704516768, 0.553949177265, 0.359014004469, 0.909300684929, 1.28302395344, 1.33892977238, 1.54551112652, 1.58247303963, 1.23629164696, 1.19598329067, 2.00137352943, 1.86611258984, 2.5577981472, 3.70580244064, 4.06826639175, 2.76478815079, 4.46893548965, 8.18877315521, 6.01707220078, 4.84458398819, 6.4738535881, 5.08962202072, 2.7868475914, 0.919201076031, 0.945597827435, 0.989575862885, 0.170787721872, 0.0452886223793, 0.0205982774496, 0.00664747459814, 0.000731782871298, 0.000150172432768, 7.63386415201e-05, 1.65442415891e-05, 4.53322536487e-06, 6.95603148415e-06, 1.36602729981e-05],
        "var": [0.00727044278756, 2.45986437798, 10.992647171, 25.6718349457, 135.610656738, 217.175704956, 241.227432251, 259.854736328, 692.280883789, 454.126464844, 1658.64294434, 3500.72119141, 13027.7753906, 10488.1240234, 4474.21240234, 3726.48828125, 8153.68896484, 10524.140625, 2224.65869141, 922.014709473, 1979.70056152, 554.376525879, 421.095275879, 808.396789551, 951.354125977, 222.045394897, 185.448120117, 99.830696106, 141.722991943, 53.9587440491, 25.8256149292, 14.6411819458, 2.73559331894, 0.307979404926, 0.089080542326, 0.00729207554832, 0.00137784692924, 8.53366873343e-06, 3.07999292737e-09, 2.03093028506e-10]
    },
    "gfcc": {
        "mean": [50.6338882446, 101.770736694, -150.982315063, 39.0408554077, -64.6657485962, 10.1765375137, -41.1704216003, 2.93914198875, -30.5627212524, -3.1277358532, -15.8731536865, -3.44407653809, -9.36983108521],
        "cov": [[496.435852051, -305.851715088, 151.546386719, -9.60043907166, -59.4850540161, 76.2083816528, -49.1787605286, 60.5351142883, -48.2307434082, 74.5258636475, -42.3809623718, 37.3103523254, -70.964225769], [-305.851715088, 390.007141113, -112.480506897, 50.1718902588, 96.0917205811, -66.4933395386, 113.107177734, -43.447265625, 76.2208328247, -60.45054245, 49.760383606, -35.0457839966, 68.7875366211], [151.546386719, -112.480506897, 227.196563721, 10.5590744019, 12.2884311676, 34.571346283, -52.1203193665, 55.8642501831, -28.8603191376, 55.9234161377, -30.784324646, 32.9618759155, -60.8702392578], [-9.60043907166, 50.1718902588, 10.5590744019, 119.747253418, 38.307888031, 8.12983322144, 41.6589202881, -4.35439825058, 31.3238201141, -1.28335011005, 20.0210647583, -2.89330029488, 21.7846717834], [-59.4850540161, 96.0917205811, 12.2884311676, 38.307888031, 120.3436203, -3.96780395508, 46.0493469238, 11.5009727478, 17.7508354187, 10.1349382401, 7.38750553131, 10.4584169388, 6.15517425537], [76.2083816528, -66.4933395386, 34.571346283, 8.12983322144, -3.96780395508, 85.7387771606, 6.15603017807, 24.6076068878, -7.0521197319, 11.5962333679, 3.93115282059, -4.72672224045, -11.8618068695], [-49.1787605286, 113.107177734, -52.1203193665, 41.6589202881, 46.0493469238, 6.15603017807, 118.032722473, 3.64990544319, 37.6489028931, -13.0864925385, 16.6345233917, -5.60723495483, 28.5957241058], [60.5351142883, -43.447265625, 55.8642501831, -4.35439825058, 11.5009727478, 24.6076068878, 3.64990544319, 72.1929626465, 10.7016134262, 25.7433795929, -4.18752813339, 12.5052900314, -10.5034141541], [-48.2307434082, 76.2208328247, -28.8603191376, 31.3238201141, 17.7508354187, -7.0521197319, 37.6489028931, 10.7016134262, 62.9752998352, 6.17635965347, 20.9062786102, -4.08271551132, 18.3234710693], [74.5258636475, -60.45054245, 55.9234161377, -1.28335011005, 10.1349382401, 11.5962333679, -13.0864925385, 25.7433795929, 6.17635965347, 68.9941864014, 6.82518100739, 18.1567058563, -21.5699081421], [-42.3809623718, 49.760383606, -30.784324646, 20.0210647583, 7.38750553131, 3.93115282059, 16.6345233917, -4.18752813339, 20.9062786102, 6.82518100739, 50.4707946777, 7.9322180748, 18.5395107269], [37.3103523254, -35.0457839966, 32.9618759155, -2.89330029488, 10.4584169388, -4.72672224045, -5.60723495483, 12.5052900314, -4.08271551132, 18.1567058563, 7.9322180748, 51.3321342468, 6.35384273529], [-70.964225769, 68.7875366211, -60.8702392578, 21.7846717834, 6.15517425537, -11.8618068695, 28.5957241058, -10.5034141541, 18.3234710693, -21.5699081421, 18.5395107269, 6.35384273529, 72.1528015137]],
        "icov": [[0.00495036551729, 0.00288230227306, -0.000858317827806, -0.00106802443042, 0.00144831289072, -0.00103324034717, -0.00214779609814, -0.000494377862196, 0.000507411954459, -0.00186848733574, 0.00154841318727, -0.00133493065368, 0.00123739906121], [0.00288230227306, 0.0174499731511, -0.00869997777045, 0.0068560987711, -0.00981861632317, 0.0100693749264, -0.00937873311341, 0.00711099337786, -0.0110930223018, 0.0111019546166, -0.0149785494432, 0.0143646718934, -0.00724594574422], [-0.000858317827806, -0.00869997777045, 0.0163447465748, -0.00898658111691, 0.0045705656521, -0.00732763065025, 0.00825932063162, -0.00948630832136, 0.00887585710734, -0.00974808912724, 0.0138727761805, -0.0139628816396, 0.0102001391351], [-0.00106802443042, 0.0068560987711, -0.00898658111691, 0.0174926370382, -0.00783496070653, 0.00395526643842, -0.00607425998896, 0.00833855569363, -0.0107831060886, 0.00764920050278, -0.0117099843919, 0.0107682030648, -0.00842399150133], [0.00144831289072, -0.00981861632317, 0.0045705656521, -0.00783496070653, 0.0187855046242, -0.00562908267602, 0.000410627457313, -0.00617572059855, 0.00845058634877, -0.0100880200043, 0.0112528083846, -0.01222462859, 0.00644012307748], [-0.00103324034717, 0.0100693749264, -0.00732763065025, 0.00395526643842, -0.00562908267602, 0.0230144895613, -0.0079092560336, -0.000404385733418, -0.00241978024133, 0.00779853807762, -0.01583847031, 0.0151665601879, -0.00497250864282], [-0.00214779609814, -0.00937873311341, 0.00825932063162, -0.00607425998896, 0.000410627457313, -0.0079092560336, 0.0198590960354, -0.00544500071555, 0.000572655582801, -0.00350120244548, 0.00892770290375, -0.00825533363968, 0.00287304399535], [-0.000494377862196, 0.00711099337786, -0.00948630832136, 0.00833855569363, -0.00617572059855, -0.000404385733418, -0.00544500071555, 0.0266309399158, -0.0135805653408, 0.0030054107774, -0.00493749883026, 0.00529411481693, -0.00614129425958], [0.000507411954459, -0.0110930223018, 0.00887585710734, -0.0107831060886, 0.00845058634877, -0.00241978024133, 0.000572655582801, -0.0135805653408, 0.0365560315549, -0.0140947494656, 0.00485095847398, -0.0062118852511, 0.00429914332926], [-0.00186848733574, 0.0111019546166, -0.00974808912724, 0.00764920050278, -0.0100880200043, 0.00779853807762, -0.00350120244548, 0.0030054107774, -0.0140947494656, 0.0334259085357, -0.0185900460929, 0.00737517885864, -0.0012881384464], [0.00154841318727, -0.0149785494432, 0.0138727761805, -0.0117099843919, 0.0112528083846, -0.01583847031, 0.00892770290375, -0.00493749883026, 0.00485095847398, -0.0185900460929, 0.0470807440579, -0.0236005596817, 0.00641270447522], [-0.00133493065368, 0.0143646718934, -0.0139628816396, 0.0107682030648, -0.01222462859, 0.0151665601879, -0.00825533363968, 0.00529411481693, -0.0062118852511, 0.00737517885864, -0.0236005596817, 0.044113304466, -0.0164978802204], [0.00123739906121, -0.00724594574422, 0.0102001391351, -0.00842399150133, 0.00644012307748, -0.00497250864282, 0.00287304399535, -0.00614129425958, 0.00429914332926, -0.0012881384464, 0.00641270447522, -0.0164978802204, 0.0280617326498]]
    },
    "melbands": {
        "dmean": [0.000412611028878, 0.000891662493814, 0.000705410551745, 0.00061231397558, 0.000413937552366, 0.00023233765387, 0.000202166193048, 0.000127805120428, 0.000151996689965, 0.00017135051894, 0.000264671136392, 0.000156986920047, 0.000119368669402, 8.87003698153e-05, 0.00011673202971, 6.79839940858e-05, 9.29615198402e-05, 4.52379317721e-05, 2.54137667071e-05, 3.51213493559e-05, 3.72745234927e-05, 1.93570413103e-05, 1.80235056177e-05, 1.37505321618e-05, 1.73286043719e-05, 1.5202404029e-05, 8.64026605996e-06, 5.95884239374e-06, 4.85780947201e-06, 3.94904191126e-06, 2.33884065892e-06, 2.05553260457e-06, 1.88796923339e-06, 1.08344704586e-06, 8.92036098321e-07, 7.05011302671e-07, 4.8307384759e-07, 3.90930580352e-07, 2.36326570757e-07, 1.52425968736e-07],
        "dmean2": [0.000660926918499, 0.00150032900274, 0.00121474254411, 0.00104491831735, 0.000691242166795, 0.000381329708034, 0.000307789305225, 0.000210473022889, 0.000249284697929, 0.000277438055491, 0.0004436042218, 0.000254291953752, 0.000200367081561, 0.000149714280269, 0.000199690490263, 0.000117242219858, 0.000156832422363, 7.73540668888e-05, 4.29228493886e-05, 6.01485844527e-05, 6.33067902527e-05, 3.26796762238e-05, 3.05948051391e-05, 2.30285186262e-05, 2.95717418339e-05, 2.50293578574e-05, 1.44386613101e-05, 9.90683111013e-06, 8.05108538771e-06, 6.56991733194e-06, 3.86620513382e-06, 3.37763981406e-06, 2.93589801004e-06, 1.66686231751e-06, 1.45557930864e-06, 1.13894066089e-06, 7.90714068444e-07, 6.12169344549e-07, 3.77362169957e-07, 2.28659018831e-07],
        "dvar": [1.07562550511e-06, 2.7084975045e-06, 6.84745089075e-07, 8.75514160725e-07, 1.99194971628e-07, 6.57296297391e-08, 6.96881485851e-08, 5.03788655237e-08, 7.42613721627e-08, 5.96334430725e-08, 1.95807828618e-07, 1.5694843114e-07, 3.52944447002e-08, 1.35526692091e-08, 2.43800784006e-08, 1.14660627659e-08, 2.85640187059e-08, 4.16324841268e-09, 7.50085882295e-10, 1.85193149704e-09, 2.63217914132e-09, 3.60919794051e-10, 4.23698576224e-10, 2.12660070109e-10, 4.04970584844e-10, 2.61677624014e-10, 1.43208361836e-10, 5.55048090822e-11, 5.91031668051e-11, 3.44316762602e-11, 1.19514372357e-11, 1.18164644736e-11, 1.36530136155e-11, 8.81918930246e-12, 9.20733541493e-12, 1.13455998069e-11, 5.96636238678e-12, 1.14131837661e-12, 4.93027710671e-13, 9.42218037533e-14],
        "dvar2": [2.35243396673e-06, 6.15928183834e-06, 2.09481004276e-06, 2.30116256716e-06, 5.60175351438e-07, 1.85060841318e-07, 1.7608410019e-07, 1.45762101056e-07, 1.88920580513e-07, 1.52566883571e-07, 5.54308428491e-07, 4.23173446507e-07, 1.00392455238e-07, 3.57592107036e-08, 6.55950316286e-08, 3.26814841856e-08, 7.89961447367e-08, 1.09631663747e-08, 2.02352334888e-09, 5.08771780261e-09, 7.20369941476e-09, 9.32190213909e-10, 1.17352894069e-09, 5.36527877681e-10, 1.09821918226e-09, 6.99801327997e-10, 3.74677733284e-10, 1.51077442223e-10, 1.56843343868e-10, 8.72206543101e-11, 2.77781374292e-11, 2.87335467919e-11, 3.09346194494e-11, 2.08115226441e-11, 2.37202722742e-11, 3.15330157818e-11, 1.63998190028e-11, 2.68382755256e-12, 1.21765043794e-12, 2.03684644021e-13],
        "max": [0.00927768461406, 0.0184358619153, 0.00675346609205, 0.00960073340684, 0.00496292579919, 0.00342153967358, 0.00467769568786, 0.00434476137161, 0.00501773087308, 0.00231837993488, 0.00543191470206, 0.00625079544261, 0.00254411040805, 0.00149938021787, 0.00154550070874, 0.00129330775235, 0.00190947402734, 0.000836492166854, 0.00033419491956, 0.000711503380444, 0.000941646518186, 0.00018362798437, 0.000214404033613, 0.000191016064491, 0.000279741565464, 0.000202942595934, 0.000166000303579, 0.000132555971504, 0.000144372752402, 8.46580587677e-05, 6.96794886608e-05, 6.77333737258e-05, 5.76862730668e-05, 5.99551713094e-05, 6.84321566951e-05, 8.87515197974e-05, 6.32659211988e-05, 2.11426558963e-05, 1.17332574519e-05, 4.79836853629e-06],
        "mean": [0.000549459655304, 0.00130564800929, 0.00113299128134, 0.00102103932295, 0.000778537418228, 0.000490559381433, 0.000439959083451, 0.000242966445512, 0.00025481209741, 0.000286790804239, 0.000412938999943, 0.000224863484618, 0.000187769968761, 0.00015181316121, 0.000186518140254, 0.000114560338261, 0.000148274339153, 8.07259202702e-05, 5.28044438397e-05, 7.08258448867e-05, 6.87962456141e-05, 4.23266392318e-05, 3.78656986868e-05, 3.08469316224e-05, 3.77591495635e-05, 3.28535134031e-05, 2.04941461561e-05, 1.37854513014e-05, 1.07918958747e-05, 8.67935887072e-06, 5.9457520365e-06, 5.49491824131e-06, 4.55673261968e-06, 2.19684534386e-06, 1.7576268192e-06, 1.38070549838e-06, 9.63671823229e-07, 8.81094422311e-07, 5.01610998072e-07, 3.19283714134e-07],
        "median": [0.000157971371664, 0.000773673760705, 0.000879299943335, 0.000829475175124, 0.000627101631835, 0.000384483661037, 0.000336601020535, 0.000183629294042, 0.000140298434417, 0.000152391017764, 0.000157251590281, 9.30899986997e-05, 0.000116711467854, 0.000108159700176, 0.00012454559328, 6.0421822127e-05, 5.97613870923e-05, 5.50800104975e-05, 4.41847223556e-05, 5.83365253988e-05, 5.54588441446e-05, 3.63412873412e-05, 2.88673218165e-05, 2.60907509073e-05, 3.18209131365e-05, 2.7014501029e-05, 1.53219043568e-05, 1.11532372102e-05, 7.71275699663e-06, 5.76727097723e-06, 4.32767910752e-06, 3.65441337635e-06, 2.4435528303e-06, 1.36039875542e-06, 1.25019403185e-06, 9.44198802699e-07, 6.50009155834e-07, 5.67833865261e-07, 3.54505914402e-07, 2.06343557352e-07],
        "min": [2.88285400529e-06, 2.32626025536e-05, 4.55292865809e-05, 3.52703755198e-05, 2.89216986857e-05, 2.59689913946e-05, 1.66624395206e-05, 1.13627665996e-05, 9.29454563448e-06, 1.98582620214e-06, 3.91489402318e-06, 5.01187832924e-06, 3.54650956069e-06, 7.46269097363e-06, 5.3411040426e-06, 5.37095456821e-06, 4.45787463832e-06, 1.59347973749e-06, 3.772640639e-06, 6.7624418989e-06, 4.58847443952e-06, 5.3408889471e-06, 2.87833927359e-06, 3.13341047331e-06, 5.02932107338e-06, 1.61207799465e-06, 1.75262732682e-06, 1.42611054343e-06, 6.16517695562e-07, 1.64882095532e-07, 4.10531697526e-07, 4.0673080548e-07, 7.83775249147e-08, 3.34137268965e-08, 2.14025579481e-08, 1.97497804777e-08, 7.68696306608e-09, 3.53831497435e-09, 1.19441723179e-09, 1.34142960628e-10],
