{
"highlevel": {
    "danceability": {
        "all": {
            "danceable": 0.32841438055,
            "not_danceable": 0.67158561945
        },
        "probability": 0.67158561945,
        "value": "not_danceable"
    },
    "gender": {
        "all": {
            "female": 0.664770662785,
            "male": 0.335229367018
        },
        "probability": 0.664770662785,
        "value": "female"
    },
    "genre_dortmund": {
        "all": {
            "alternative": 0.26444798708,
            "blues": 0.00926438905299,
            "electronic": 0.365089207888,
            "folkcountry": 0.0330506823957,
            "funksoulrnb": 0.0121573945507,
            "jazz": 0.0572052747011,
            "pop": 0.102450080216,
            "raphiphop": 0.0360478498042,
            "rock": 0.120287120342
        },
        "probability": 0.365089207888,
        "value": "electronic"
    },
    "genre_electronic": {
        "all": {
            "ambient": 0.0148228211328,
            "dnb": 0.00182341027539,
            "house": 0.00304735149257,
            "techno": 0.00153962243348,
            "trance": 0.978766798973
        },
        "probability": 0.978766798973,
        "value": "trance"
    },
    "genre_rosamerica": {
        "all": {
            "cla": 2.20255969907e-05,
            "dan": 0.986790180206,
            "hip": 0.000122713303426,
            "jaz": 1.43713314174e-05,
            "pop": 0.00654824078083,
            "rhy": 9.90324988379e-05,
            "roc": 0.00638078711927,
            "spe": 2.26283245865e-05
        },
        "probability": 0.986790180206,
        "value": "dan"
    },
    "genre_tzanetakis": {
        "all": {
            "blu": 0.0626541376114,
            "cla": 0.0348133966327,
            "cou": 0.0783501937985,
            "dis": 0.104547761381,
            "hip": 0.15693578124,
            "jaz": 0.313987255096,
            "met": 0.044816005975,
            "pop": 0.0627349764109,
            "reg": 0.0627352520823,
            "roc": 0.0784252434969
        },
        "probability": 0.313987255096,
        "value": "jaz"
    },
    "ismir04_rhythm": {
        "all": {
            "ChaChaCha": 0.586945831776,
            "Jive": 0.272306114435,
            "Quickstep": 0.0054741310887,
            "Rumba-American": 0.0203614532948,
            "Rumba-International": 0.00982058886439,
            "Rumba-Misc": 0.00328364293091,
            "Samba": 0.0852194130421,
            "Tango": 0.00607491796836,
            "VienneseWaltz": 0.00796409603208,
            "Waltz": 0.00254982546903
        },
        "probability": 0.586945831776,
        "value": "ChaChaCha"
    },
    "mood_acoustic": {
        "all": {
            "acoustic": 6.10055082007e-08,
            "not_acoustic": 0.999999940395
        },
        "probability": 0.999999940395,
        "value": "not_acoustic"
    },
    "mood_aggressive": {
        "all": {
            "aggressive": 0.668002963066,
            "not_aggressive": 0.331997036934
        },
        "probability": 0.668002963066,
        "value": "aggressive"
    },
    "mood_electronic": {
        "all": {
            "electronic": 0.976286709309,
            "not_electronic": 0.023713292554
        },
        "probability": 0.976286709309,
        "value": "electronic"
    },
    "mood_happy": {
        "all": {
            "happy": 0.64058804512,
            "not_happy": 0.35941195488
        },
        "probability": 0.64058804512,
        "value": "happy"
    },
    "mood_party": {
        "all": {
            "not_party": 0.271056741476,
            "party": 0.728943228722
        },
        "probability": 0.728943228722,
        "value": "party"
    },
    "mood_relaxed": {
        "all": {
            "not_relaxed": 0.969021677971,
            "relaxed": 0.030978333205
        },
        "probability": 0.969021677971,
        "value": "not_relaxed"
    },
    "mood_sad": {
        "all": {
            "not_sad": 0.924216389656,
            "sad": 0.0757835805416
        },
        "probability": 0.924216389656,
        "value": "not_sad"
    },
    "moods_mirex": {
        "all": {
            "Cluster1": 0.398083418608,
            "Cluster2": 0.0332974940538,
            "Cluster3": 0.0407395213842,
            "Cluster4": 0.0227908026427,
            "Cluster5": 0.505088746548
        },
        "probability": 0.505088746548,
        "value": "Cluster5"
    },
    "timbre": {
        "all": {
            "bright": 0.984452486038,
            "dark": 0.0155475027859
        },
        "probability": 0.984452486038,
        "value": "bright"
    },
    "tonal_atonal": {
        "all": {
            "atonal": 0.0132924346253,
            "tonal": 0.986707568169
        },
        "probability": 0.986707568169,
        "value": "tonal"
    },
    "voice_instrumental": {
        "all": {
            "instrumental": 0.407043933868,
            "voice": 0.592956066132
        },
        "probability": 0.592956066132,
        "value": "voice"
    }
},
"lowlevel": {
    "average_loudness": 0.987018883228,
    "barkbands_crest": {
        "dmean": 2.91959214211,
        "dmean2": 4.54653024673,
        "dvar": 8.19905281067,
        "dvar2": 16.9893074036,
        "max": 22.5889644623,
        "mean": 10.6172561646,
        "median": 9.11002063751,
        "min": 2.86665177345,
        "var": 24.1481456757
    },
    "barkbands_flatness_db": {
        "dmean": 0.019829409197,
        "dmean2": 0.03035803698,
        "dvar": 0.000333288044203,
        "dvar2": 0.000663116690703,
        "max": 0.22239305079,
        "mean": 0.109423913062,
        "median": 0.100019715726,
        "min": 0.0460962466896,
        "var": 0.00110916094854
    },
    "barkbands_kurtosis": {
        "dmean": 2.4652056694,
        "dmean2": 3.88106822968,
        "dvar": 10.2543745041,
        "dvar2": 23.9924945831,
        "max": 29.5693016052,
        "mean": 2.91409349442,
        "median": 1.64364767075,
        "min": -1.8297317028,
        "var": 18.553144455
    },
    "barkbands_skewness": {
        "dmean": 0.530158340931,
        "dmean2": 0.788538873196,
        "dvar": 0.239006280899,
        "dvar2": 0.496697068214,
        "max": 5.17293739319,
        "mean": 1.65884208679,
        "median": 1.5669478178,
        "min": -0.460810869932,
        "var": 0.800619840622
    },
    "barkbands_spread": {
        "dmean": 8.66650295258,
        "dmean2": 12.7190227509,
        "dvar": 70.9240951538,
        "dvar2": 116.712516785,
        "max": 91.3610076904,
        "mean": 36.9829444885,
        "median": 34.4718551636,
        "min": 7.27893686295,
        "var": 317.117645264
    },
    "dissonance": {
        "dmean": 0.0139399683103,
        "dmean2": 0.0234795790166,
        "dvar": 0.000149901286932,
        "dvar2": 0.000416412862251,
        "max": 0.499999910593,
        "mean": 0.474989563227,
        "median": 0.478364259005,
        "min": 0.386202961206,
        "var": 0.000257306761341
    },
    "dynamic_complexity": 1.18820798397,
    "erbbands_crest": {
        "dmean": 1.93963718414,
        "dmean2": 3.24415159225,
        "dvar": 3.16575074196,
        "dvar2": 8.88872528076,
        "max": 16.116519928,
        "mean": 5.71820163727,
        "median": 5.19206762314,
        "min": 2.35642194748,
        "var": 5.16938018799
    },
    "erbbands_flatness_db": {
        "dmean": 0.0102396663278,
        "dmean2": 0.0153006948531,
        "dvar": 7.71257764427e-05,
        "dvar2": 0.000172400570591,
        "max": 0.247381687164,
        "mean": 0.10072118789,
        "median": 0.0984999984503,
        "min": 0.0632065907121,
        "var": 0.00035656025284
    },
    "erbbands_kurtosis": {
        "dmean": 0.434130638838,
        "dmean2": 0.678981542587,
        "dvar": 0.280544042587,
        "dvar2": 0.638160526752,
        "max": 7.72963809967,
        "mean": -0.712572395802,
        "median": -0.909068584442,
        "min": -1.58477389812,
        "var": 0.516551971436
    },
    "erbbands_skewness": {
        "dmean": 0.290756851435,
        "dmean2": 0.442919075489,
        "dvar": 0.0647087991238,
        "dvar2": 0.133140012622,
        "max": 1.53581976891,
        "mean": 0.0948507636786,
        "median": 0.124188058078,
        "min": -2.61556839943,
        "var": 0.291533917189
    },
    "erbbands_spread": {
        "dmean": 9.0476398468,
        "dmean2": 13.9059486389,
        "dvar": 48.3508605957,
        "dvar2": 120.051834106,
        "max": 94.2762985229,
        "mean": 60.6450653076,
        "median": 60.9628868103,
        "min": 23.2404308319,
        "var": 162.873397827
    },
    "hfc": {
        "dmean": 13.0716581345,
        "dmean2": 17.6010036469,
        "dvar": 286.70715332,
        "dvar2": 541.733276367,
        "max": 213.000793457,
        "mean": 47.0370979309,
        "median": 41.6321258545,
        "min": 0.563869059086,
        "var": 988.84375
    },
    "melbands_crest": {
        "dmean": 3.75672030449,
        "dmean2": 5.63762712479,
        "dvar": 10.0903625488,
        "dvar2": 20.1167793274,
        "max": 32.0421600342,
        "mean": 17.1791744232,
        "median": 15.8789844513,
        "min": 4.75830984116,
        "var": 44.1781082153
    },
    "melbands_flatness_db": {
        "dmean": 0.0268108472228,
        "dmean2": 0.0387910045683,
        "dvar": 0.000579869898502,
        "dvar2": 0.00111442175694,
        "max": 0.295952379704,
        "mean": 0.157479062676,
        "median": 0.149627059698,
        "min": 0.0477891936898,
        "var": 0.00240990542807
    },
    "melbands_kurtosis": {
        "dmean": 7.8810133934,
        "dmean2": 12.3406991959,
        "dvar": 88.9913864136,
        "dvar2": 209.216430664,
        "max": 103.707427979,
        "mean": 16.0821933746,
        "median": 12.7214078903,
        "min": 0.0886912345886,
        "var": 150.8671875
    },
    "melbands_skewness": {
        "dmean": 0.75929069519,
        "dmean2": 1.15816104412,
        "dvar": 0.505785226822,
        "dvar2": 1.16389167309,
        "max": 8.51245975494,
        "mean": 3.34079623222,
        "median": 3.17502212524,
        "min": 0.984765231609,
        "var": 1.21297514439
    },
    "melbands_spread": {
        "dmean": 9.13323307037,
        "dmean2": 13.2371768951,
        "dvar": 103.403793335,
        "dvar2": 188.947357178,
        "max": 124.944641113,
        "mean": 28.9363040924,
        "median": 23.8998165131,
        "min": 4.22434997559,
        "var": 389.054534912
    },
    "pitch_salience": {
        "dmean": 0.0788475200534,
        "dmean2": 0.126934871078,
        "dvar": 0.00566378002986,
        "dvar2": 0.0131250638515,
        "max": 0.796658694744,
        "mean": 0.535407841206,
        "median": 0.564094483852,
        "min": 0.164654493332,
        "var": 0.013888258487
    },
    "silence_rate_20dB": {
        "dmean": 0,
        "dmean2": 0,
        "dvar": 0,
        "dvar2": 0,
        "max": 1,
        "mean": 1,
        "median": 1,
        "min": 1,
        "var": 0
    },
    "silence_rate_30dB": {
        "dmean": 0.061919502914,
        "dmean2": 0.123934932053,
        "dvar": 0.0580860935152,
        "dvar2": 0.136461406946,
        "max": 1,
        "mean": 0.95204949379,
        "median": 1,
        "min": 0,
        "var": 0.0456515699625
    },
    "silence_rate_60dB": {
        "dmean": 0.000773993786424,
        "dmean2": 0.00154918665066,
        "dvar": 0.000773394771386,
        "dvar2": 0.00154678663239,
        "max": 1,
        "mean": 0.00773395225406,
        "median": 0,
        "min": 0,
        "var": 0.00767413852736
    },
    "spectral_centroid": {
        "dmean": 338.26763916,
        "dmean2": 526.71105957,
        "dvar": 92923.640625,
        "dvar2": 178017.5,
        "max": 4229.72363281,
        "mean": 1854.45361328,
        "median": 1762.93273926,
        "min": 735.736022949,
        "var": 355427.25
    },
    "spectral_complexity": {
        "dmean": 5.80495357513,
        "dmean2": 8.38419818878,
        "dvar": 22.4759101868,
        "dvar2": 44.2334327698,
        "max": 55,
        "mean": 32.0788879395,
        "median": 32,
        "min": 1,
        "var": 90.6001358032
    },
    "spectral_decrease": {
        "dmean": 3.98219990316e-09,
        "dmean2": 5.83464876414e-09,
        "dvar": 1.65512074234e-17,
        "dvar2": 3.12095774512e-17,
        "max": -1.09058255482e-10,
        "mean": -1.25731336453e-08,
        "median": -1.07420259354e-08,
        "min": -3.85638720957e-08,
        "var": 3.92570654295e-17
    },
    "spectral_energy": {
        "dmean": 0.0152551792562,
        "dmean2": 0.0223397910595,
        "dvar": 0.000234914681641,
        "dvar2": 0.000438444229076,
        "max": 0.149543061852,
        "mean": 0.0517202615738,
        "median": 0.0451543442905,
        "min": 0.000462756957859,
        "var": 0.000561076274607
    },
    "spectral_energyband_high": {
        "dmean": 0.00149861327372,
        "dmean2": 0.00209149299189,
        "dvar": 5.38213316759e-06,
        "dvar2": 1.00458564702e-05,
        "max": 0.0267059281468,
        "mean": 0.00422688527033,
        "median": 0.00338552473113,
        "min": 3.56811433448e-05,
        "var": 1.67945199792e-05
    },
    "spectral_energyband_low": {
        "dmean": 0.0134014934301,
        "dmean2": 0.0201415866613,
        "dvar": 0.000251702964306,
        "dvar2": 0.000541148590855,
        "max": 0.126319080591,
        "mean": 0.0268883518875,
        "median": 0.0189592335373,
        "min": 1.18107425351e-06,
        "var": 0.000471640989417
    },
    "spectral_energyband_middle_high": {
        "dmean": 0.0019085360691,
        "dmean2": 0.00279771746136,
        "dvar": 3.61571005669e-06,
        "dvar2": 8.15695238998e-06,
        "max": 0.0206089690328,
        "mean": 0.00592576991767,
        "median": 0.00529281003401,
        "min": 0.000163490272826,
        "var": 1.03155571196e-05
    },
    "spectral_energyband_middle_low": {
        "dmean": 0.00688499212265,
        "dmean2": 0.0114120403305,
        "dvar": 5.82181091886e-05,
        "dvar2": 0.000154507331899,
        "max": 0.0586162433028,
        "mean": 0.0159956868738,
        "median": 0.0141165265813,
        "min": 0.000266847520834,
        "var": 8.15351450001e-05
    },
    "spectral_entropy": {
        "dmean": 0.109869234264,
        "dmean2": 0.172244444489,
        "dvar": 0.0111051192507,
        "dvar2": 0.0253172684461,
        "max": 8.61339092255,
        "mean": 8.10393428802,
        "median": 8.11580657959,
        "min": 7.36614322662,
        "var": 0.0361454188824
    },
    "spectral_flux": {
        "dmean": 0.0287455357611,
        "dmean2": 0.041222423315,
        "dvar": 0.000782955728937,
        "dvar2": 0.00148313306272,
        "max": 0.294615864754,
        "mean": 0.1180902794,
        "median": 0.104912564158,
        "min": 0.0139336893335,
        "var": 0.00190812326036
    },
    "spectral_kurtosis": {
        "dmean": 0.487043023109,
        "dmean2": 0.817309975624,
        "dvar": 0.209613829851,
        "dvar2": 0.517998039722,
        "max": 10.1838092804,
        "mean": 1.50388324261,
        "median": 1.46909141541,
        "min": -0.343854188919,
        "var": 0.4634719491
    },
    "spectral_rms": {
        "dmean": 0.00100044521969,
        "dmean2": 0.0014590464998,
        "dvar": 8.03397654181e-07,
        "dvar2": 1.46295155901e-06,
        "max": 0.0120787275955,
        "mean": 0.00692700548097,
        "median": 0.00663724495098,
        "min": 0.000671915360726,
        "var": 2.47546131504e-06
    },
    "spectral_rolloff": {
        "dmean": 843.2109375,
        "dmean2": 1281.65185547,
        "dvar": 1069481.875,
        "dvar2": 1728590.375,
        "max": 8807.08007812,
        "mean": 2081.01147461,
        "median": 1184.32617188,
        "min": 64.599609375,
        "var": 4074783.5
    },
    "spectral_skewness": {
        "dmean": 0.115234188735,
        "dmean2": 0.176995396614,
        "dvar": 0.0105344355106,
        "dvar2": 0.0209145694971,
        "max": 2.6895775795,
        "mean": 1.03067159653,
        "median": 1.04960000515,
        "min": 0.259708285332,
        "var": 0.0401590131223
    },
    "spectral_spread": {
        "dmean": 469547.34375,
        "dmean2": 699948.375,
        "dvar": 218343292928,
        "dvar2": 438585425920,
        "max": 10071875,
        "mean": 6156812.5,
        "median": 6083199.5,
        "min": 3334188.25,
        "var": 718452621312
    },
    "spectral_strongpeak": {
        "dmean": 0.247723534703,
        "dmean2": 0.430241554976,
        "dvar": 0.179224491119,
        "dvar2": 0.492292970419,
        "max": 4.9673705101,
        "mean": 0.446514695883,
        "median": 0.362714886665,
        "min": 0,
        "var": 0.155341818929
    },
    "zerocrossingrate": {
        "dmean": 0.0152013441548,
        "dmean2": 0.0156121402979,
        "dvar": 0.000209676887607,
        "dvar2": 0.000175804234459,
        "max": 0.25146484375,
        "mean": 0.0882520228624,
        "median": 0.08251953125,
        "min": 0.0185546875,
        "var": 0.00183173269033
    },
    "barkbands": {
        "dmean": [0.00120362744201, 0.0115522453561, 0.00202231085859, 0.00228741252795, 0.00277719623409, 0.00280587491579, 0.000998203177005, 0.00101410993375, 0.000801217276603, 0.000678545271512, 0.000555560225621, 0.000338146841386, 0.000418740761233, 0.000246336945565, 0.000309763592668, 0.000239984772634, 0.000213956780499, 0.000221491063712, 0.000217448163312, 0.000291127769742, 0.000445635174401, 0.000408371299272, 0.000313772819936, 0.00032273697434, 0.000197541769012, 9.41392718232e-05, 4.09576017546e-08],
        "dmean2": [0.00204180250876, 0.018716847524, 0.00329938181676, 0.00420289346948, 0.00457507697865, 0.00457774382085, 0.00152457354125, 0.00175757450052, 0.00134986871853, 0.00109740439802, 0.000911192211788, 0.000569118419662, 0.000661004683934, 0.000407873711083, 0.000509134493768, 0.000386830739444, 0.00036114663817, 0.000355315423803, 0.000353300769348, 0.000466238096124, 0.000703887082636, 0.000589867704548, 0.000482940464281, 0.000454503111541, 0.000303065520711, 0.000137706520036, 7.18275217082e-08],
        "dvar": [1.79462847427e-06, 0.000240878172917, 8.78716218722e-06, 2.10217131098e-05, 1.01993655335e-05, 1.26489148897e-05, 1.20539834825e-06, 1.86240129096e-06, 1.2002077483e-06, 7.0607205771e-07, 6.0839033722e-07, 2.39159902549e-07, 3.01964917071e-07, 1.0459722688e-07, 3.72411591343e-07, 2.37493182453e-07, 6.74658338085e-08, 7.79343096724e-08, 6.002254338e-08, 1.09406556703e-07, 4.91107698508e-07, 3.60652109066e-07, 3.12949197223e-07, 3.64120239738e-07, 8.79922339436e-08, 1.33892825716e-08, 3.87535394942e-14],
        "dvar2": [4.78071251564e-06, 0.000543239759281, 1.7679287339e-05, 5.95289784542e-05, 2.64413774858e-05, 3.36895827786e-05, 2.75999445876e-06, 5.14948214914e-06, 3.29475710714e-06, 1.85990006685e-06, 1.59553644608e-06, 6.68343830057e-07, 7.00723319369e-07, 2.68003617521e-07, 8.38462824504e-07, 6.0372912003e-07, 1.82793186809e-07, 2.08616839359e-07, 1.49374884018e-07, 2.73954839258e-07, 1.12720545076e-06, 7.18106150543e-07, 7.44105705053e-07, 7.14298266757e-07, 1.79861501692e-07, 2.66516781977e-08, 1.01093748173e-13],
        "max": [0.00861109793186, 0.100460484624, 0.0226880908012, 0.0272582918406, 0.0345938503742, 0.0325577743351, 0.0123193897307, 0.0161899626255, 0.0140437884256, 0.00897682830691, 0.0105080269277, 0.00554920639843, 0.00544634694234, 0.00408870214596, 0.00775536987931, 0.00776419229805, 0.00540533848107, 0.00363367050886, 0.00306119490415, 0.00409486703575, 0.00898814108223, 0.00907891150564, 0.00827184040099, 0.00885153561831, 0.00403965311125, 0.00147601030767, 3.149471695e-06],
        "mean": [0.00168322073296, 0.0213729646057, 0.00269503588788, 0.00212337914854, 0.00457112211734, 0.00441272137687, 0.00195385958068, 0.00139531749301, 0.00121754256543, 0.00104458082933, 0.000862829620019, 0.000573914847337, 0.000641086779069, 0.000404102844186, 0.000487078679726, 0.000363787956303, 0.000398104079068, 0.000447979284218, 0.000474054599181, 0.000663971703034, 0.000960661098361, 0.000954119255766, 0.000692083500326, 0.000749558443204, 0.000417627656134, 0.000159589049872, 2.77328418008e-08],
        "median": [0.000996908405796, 0.012924243696, 0.00138625013642, 0.000937337172218, 0.00326684792526, 0.00310626043938, 0.00140439940151, 0.000924205873162, 0.000780829635914, 0.000690859335009, 0.000568766030483, 0.000346592132701, 0.000377229938749, 0.00026244026958, 0.000317447294947, 0.000246847048402, 0.000322563428199, 0.000369260524167, 0.000395279290387, 0.000557483115699, 0.000715650385246, 0.000690353626851, 0.000519391265698, 0.000500959518831, 0.000274420279311, 9.52997143031e-05, 1.23126875362e-09],
        "min": [1.43151424048e-09, 5.0370722704e-08, 1.2005838812e-07, 1.98858242584e-06, 6.5795815317e-05, 3.22445994243e-05, 9.13179792406e-06, 2.03614035854e-05, 5.95713354414e-05, 1.99076803256e-05, 1.18216576084e-05, 2.72890110864e-06, 5.15895135322e-06, 3.19309310726e-06, 8.53184428706e-06, 3.71875194105e-06, 2.94088749797e-06, 2.80185940937e-06, 9.70144083112e-06, 1.42787966979e-05, 9.54300503508e-06, 6.49339381198e-06, 1.79866435701e-06, 8.7421705075e-07, 8.45161185481e-09, 1.2725227122e-11, 9.29678990041e-12],
        "var": [2.86625936496e-06, 0.000374109484255, 1.18227435451e-05, 1.39678077176e-05, 1.65331512108e-05, 1.81862942554e-05, 3.31620412908e-06, 2.17891374632e-06, 1.72940303855e-06, 1.14750810098e-06, 8.60922796164e-07, 4.27500168598e-07, 5.10114489316e-07, 1.91554562434e-07, 4.81944368858e-07, 2.3478668254e-07, 9.89982211763e-08, 1.28954170009e-07, 1.17441381065e-07, 2.25087205763e-07, 8.96945778095e-07, 1.07309540454e-06, 5.94086657202e-07, 1.0286014458e-06, 2.37263108716e-07, 3.11232781769e-08, 2.78638128738e-14]
    },
    "erbbands": {
        "dmean": [0.483608573675, 2.13965749741, 2.71026110649, 5.25083303452, 5.48290920258, 10.0683307648, 26.4699115753, 18.6236343384, 13.8232297897, 14.1317663193, 26.4109249115, 17.0330982208, 15.200925827, 22.5088939667, 20.9498939514, 15.4051265717, 20.2719841003, 12.3654785156, 10.1381206512, 21.0743198395, 9.25684547424, 9.93444633484, 11.5415372849, 12.6101751328, 10.8071985245, 15.7730703354, 14.2490701675, 20.5346355438, 14.6637163162, 11.4227190018, 8.71636104584, 8.31111335754, 4.47599840164, 2.28887963295, 1.44420468807, 0.61620259285, 0.146817311645, 0.0110504040495, 0.000217446053284, 2.53704092756e-05],
        "dmean2": [0.770799636841, 3.37997508049, 4.46247386932, 9.44423103333, 9.5630903244, 16.3427600861, 43.1484336853, 30.7291584015, 20.7194709778, 23.3990268707, 45.6398239136, 28.371547699, 24.4716129303, 36.9081497192, 34.1298484802, 25.6435604095, 32.0529937744, 20.5528125763, 16.2079277039, 33.9282722473, 14.7436580658, 16.3256225586, 18.4175834656, 20.5902404785, 17.3820991516, 25.5302124023, 22.9860534668, 31.7510948181, 21.1060142517, 17.4444389343, 13.2061223984, 12.0378246307, 6.57261943817, 3.4861869812, 2.21189236641, 0.919892072678, 0.215871676803, 0.0172150004655, 0.000329271220835, 3.55373740604e-05],
        "dvar": [0.359642952681, 8.83580112457, 20.6045703888, 101.456871033, 85.434715271, 148.351226807, 846.312194824, 683.473999023, 234.864822388, 540.40802002, 1223.74499512, 472.733886719, 489.729064941, 1115.8157959, 618.185974121, 491.177825928, 761.995117188, 283.754364014, 140.189254761, 2711.80834961, 114.216957092, 158.086898804, 210.755004883, 243.535888672, 142.22946167, 358.308227539, 411.518676758, 1095.17150879, 465.52835083, 428.31628418, 214.651168823, 226.951293945, 73.8087158203, 11.1291732788, 6.34224033356, 0.659312665462, 0.0320411138237, 0.000190635342733, 6.69845121593e-08, 5.32832222788e-10],
        "dvar2": [0.791348814964, 20.9761276245, 39.6487579346, 280.913360596, 238.464828491, 376.139892578, 2044.1027832, 1867.10888672, 506.649688721, 1469.57141113, 3428.73046875, 1273.38635254, 1238.24658203, 2917.19360352, 1518.1574707, 1385.20483398, 1740.68286133, 731.497192383, 359.615509033, 6030.60400391, 288.636993408, 424.732666016, 547.022827148, 612.503845215, 362.118011475, 927.205627441, 955.348876953, 2618.82348633, 885.303833008, 1043.26855469, 486.6484375, 458.251922607, 149.87701416, 22.409204483, 14.0192089081, 1.35468327999, 0.0656272768974, 0.000423684919951, 1.38036682529e-07, 9.74962333089e-10],
        "max": [3.8440694809, 18.5385818481, 32.4667396545, 64.2713775635, 66.2154693604, 148.824035645, 250.308578491, 218.46295166, 182.923660278, 484.189575195, 328.563079834, 230.042419434, 324.758331299, 465.10144043, 232.829483032, 267.668579102, 271.55960083, 199.56312561, 179.548950195, 649.813781738, 112.36239624, 269.98135376, 241.629135132, 191.528442383, 149.037902832, 242.086334229, 257.733703613, 408.196563721, 367.422973633, 347.297210693, 200.838745117, 203.375488281, 111.269996643, 43.3130874634, 45.5931129456, 10.0699214935, 1.99195373058, 0.106308363378, 0.00238851970062, 0.000296454323689],
        "mean": [0.947912395, 3.4145526886, 3.79982924461, 5.3579249382, 6.68500709534, 16.9798164368, 41.1064872742, 28.5140457153, 27.6979866028, 24.8292694092, 37.2812805176, 27.5645446777, 24.8491535187, 36.1618766785, 34.5246543884, 27.5403575897, 32.1334457397, 21.9693050385, 18.8145580292, 31.1256637573, 17.6414089203, 20.1581745148, 24.5374546051, 26.4211978912, 24.8855743408, 34.6644515991, 32.0693054199, 41.4171485901, 32.9755096436, 26.4645633698, 19.6022319794, 18.6453056335, 9.68090724945, 5.11544418335, 2.74031496048, 1.07098901272, 0.231256499887, 0.01423673518, 0.000356824632036, 8.93073811312e-05],
        "median": [0.58215367794, 1.99266421795, 1.94472038746, 2.7563958168, 4.06455039978, 11.8045444489, 28.7084255219, 19.2129898071, 19.3786067963, 19.4245872498, 23.7376537323, 18.8794651031, 15.0029506683, 23.9409561157, 24.7401943207, 17.9311904907, 19.183588028, 14.8981351852, 14.5977172852, 16.4066944122, 14.2338848114, 16.3241176605, 20.7202205658, 21.0676937103, 22.1621074677, 28.6050815582, 25.2897453308, 29.4184741974, 22.7126255035, 19.8849906921, 14.4766378403, 12.4189281464, 6.34359455109, 3.66364574432, 1.62294912338, 0.635199010372, 0.135771125555, 0.00699985958636, 0.000214509345824, 7.98496112111e-05],
        "min": [1.46645356836e-06, 2.13713301491e-05, 0.000563907145988, 0.00454274332151, 0.0644639506936, 0.290965616703, 0.292771935463, 0.316653341055, 0.162539511919, 0.365283429623, 1.13747441769, 1.77967572212, 0.760016083717, 0.442870765924, 0.640157341957, 0.393537610769, 0.272655636072, 0.273149192333, 0.228817299008, 0.540643036366, 0.235348090529, 0.147095501423, 0.125537067652, 0.348534911871, 0.665285527706, 0.781360268593, 0.540396690369, 0.371215432882, 0.200508281589, 0.116116411984, 0.0427769571543, 0.0289379321039, 0.00722377980128, 0.000411455810536, 2.29077595577e-05, 3.81746940548e-06, 1.41121245179e-06, 5.03216654124e-07, 7.62520187436e-07, 1.27096404867e-06],
        "var": [0.712081611156, 12.0827217102, 26.1976833344, 70.879524231, 69.8704299927, 266.488830566, 1444.78979492, 860.742858887, 726.012207031, 547.426696777, 1595.1796875, 687.004882812, 803.761779785, 1610.9017334, 987.032958984, 858.434082031, 1265.81298828, 518.590270996, 254.278930664, 3364.88476562, 184.331710815, 256.904968262, 383.20401001, 469.421783447, 261.418792725, 675.141845703, 739.328674316, 2021.0802002, 1410.20605469, 784.354125977, 482.961761475, 642.887756348, 176.094192505, 30.6316699982, 14.0370349884, 1.60577309132, 0.0663447603583, 0.000280284846667, 1.24775070276e-07, 1.6443161277e-09]
    },
    "gfcc": {
        "mean": [81.6753234863, 65.5294036865, -100.388748169, 50.9609794617, -73.7506866455, 27.1310577393, -36.2252578735, 16.5647544861, -24.1223392487, 14.4225530624, -11.1906633377, 10.9914293289, -5.67192554474],
        "cov": [[1181.97570801, -398.612579346, 237.926345825, 49.388053894, 86.4412841797, 143.701248169, -99.3090744019, 37.8375740051, -101.062400818, 24.7568950653, -113.237106323, 61.3151779175, -92.8993835449], [-398.612579346, 481.491973877, -90.2353820801, -33.935131073, 26.8118629456, -24.6037139893, 100.590019226, -7.0084400177, 70.3527450562, -22.03474617, 84.4501953125, -20.0561332703, 57.7245597839], [237.926345825, -90.2353820801, 231.929733276, 57.3922767639, 47.7451057434, 41.2521705627, -13.6433782578, 36.2280540466, -5.19446992874, 32.6331100464, -7.38312101364, 44.3429412842, -16.666885376], [49.388053894, -33.935131073, 57.3922767639, 109.982139587, 19.0461387634, 3.14865112305, -24.9849033356, 2.81781983376, 17.3436813354, 10.045124054, 2.29571390152, -1.87871599197, -0.636611044407], [86.4412841797, 26.8118629456, 47.7451057434, 19.0461387634, 99.8133392334, 38.6884994507, 11.9862442017, 16.4124946594, 9.94446086884, 16.9209041595, 6.14199256897, 20.8410053253, -1.65339207649], [143.701248169, -24.6037139893, 41.2521705627, 3.14865112305, 38.6884994507, 109.727279663, 46.0527153015, 23.5181732178, -5.85253715515, 7.48830747604, 2.97726345062, 8.18984985352, 0.730012595654], [-99.3090744019, 100.590019226, -13.6433782578, -24.9849033356, 11.9862442017, 46.0527153015, 102.584632874, 33.7850723267, 20.5411643982, -1.43870544434, 25.6561946869, 0.0610623769462, 13.9767608643], [37.8375740051, -7.0084400177, 36.2280540466, 2.81781983376, 16.4124946594, 23.5181732178, 33.7850723267, 61.2260475159, 27.3001098633, 16.4684772491, 7.25128412247, 9.02225399017, -0.486405074596], [-101.062400818, 70.3527450562, -5.19446992874, 17.3436813354, 9.94446086884, -5.85253715515, 20.5411643982, 27.3001098633, 76.9269714355, 31.8377399445, 26.2255077362, -8.07414054871, 15.6836099625], [24.7568950653, -22.03474617, 32.6331100464, 10.045124054, 16.9209041595, 7.48830747604, -1.43870544434, 16.4684772491, 31.8377399445, 55.1009750366, 22.4686985016, 12.0017557144, 0.591533243656], [-113.237106323, 84.4501953125, -7.38312101364, 2.29571390152, 6.14199256897, 2.97726345062, 25.6561946869, 7.25128412247, 26.2255077362, 22.4686985016, 68.0884170532, 25.7358570099, 25.1896305084], [61.3151779175, -20.0561332703, 44.3429412842, -1.87871599197, 20.8410053253, 8.18984985352, 0.0610623769462, 9.02225399017, -8.07414054871, 12.0017557144, 25.7358570099, 57.9939651489, 16.6618785858], [-92.8993835449, 57.7245597839, -16.666885376, -0.636611044407, -1.65339207649, 0.730012595654, 13.9767608643, -0.486405074596, 15.6836099625, 0.591533243656, 25.1896305084, 16.6618785858, 49.3532829285]],
        "icov": [[0.00280463160016, -0.000895425386261, 0.000192202176549, -0.000916937889997, 0.000787534867413, -0.00484897289425, 0.00399648910388, -0.00245086452924, 0.00188242341392, -0.00248759053648, 0.0054597677663, -0.00540838111192, 0.00379266822711], [-0.000895425386261, 0.00758540024981, -0.00210489542224, 0.00346274720505, -0.0056309257634, 0.00584049103782, -0.00661493698135, 0.00548861408606, -0.00590662332252, 0.0092916386202, -0.0115756355226, 0.00950189586729, -0.00510537996888], [0.000192202176549, -0.00210489542224, 0.00914730876684, -0.00526194879785, 0.00128169753589, -0.00315475696698, 0.00198962865397, -0.00475064944476, 0.00309800822288, -0.0064059374854, 0.00699923885986, -0.00992843788117, 0.00419606035575], [-0.000916937889997, 0.00346274720505, -0.00526194879785, 0.0150344287977, -0.00442518945783, 0.0022641394753, 0.00165624322835, 0.00333831086755, -0.00703408755362, 0.00815168488771, -0.00989345740527, 0.0103851398453, -0.00429592141882], [0.000787534867413, -0.0056309257634, 0.00128169753589, -0.00442518945783, 0.0180781520903, -0.00891122128814, 0.00426563387737, -0.00292779202573, 0.000872413045727, -0.00799469556659, 0.0110432980582, -0.0137611161917, 0.00677273515612], [-0.00484897289425, 0.00584049103782, -0.00315475696698, 0.0022641394753, -0.00891122128814, 0.0262425001711, -0.0176681037992, 0.00503580784425, 0.000356388132786, 0.00510404445231, -0.0139126814902, 0.0167984422296, -0.0113729154691], [0.00399648910388, -0.00661493698135, 0.00198962865397, 0.00165624322835, 0.00426563387737, -0.0176681037992, 0.0305943731219, -0.016236256808, 0.00350746884942, -0.00179075216874, 0.00549958413467, -0.00791816972196, 0.00630601774901], [-0.00245086452924, 0.00548861408606, -0.00475064944476, 0.00333831086755, -0.00292779202573, 0.00503580784425, -0.016236256808, 0.0353527404368, -0.0175334885716, 0.00655617564917, -0.00501728337258, 0.00160526938271, -0.000308165705064], [0.00188242341392, -0.00590662332252, 0.00309800822288, -0.00703408755362, 0.000872413045727, 0.000356388132786, 0.00350746884942, -0.0175334885716, 0.0377301461995, -0.0236237235367, 0.0048299478367, 0.0053726346232, -0.00572065729648], [-0.00248759053648, 0.0092916386202, -0.0064059374854, 0.00815168488771, -0.00799469556659, 0.00510404445231, -0.00179075216874, 0.00655617564917, -0.0236237235367, 0.0471227578819, -0.0265611801296, 0.0110625801608, -0.000615601311438], [0.0054597677663, -0.0115756355226, 0.00699923885986, -0.00989345740527, 0.0110432980582, -0.0139126814902, 0.00549958413467, -0.00501728337258, 0.0048299478367, -0.0265611801296, 0.0552967078984, -0.0374052710831, 0.00820963736624], [-0.00540838111192, 0.00950189586729, -0.00992843788117, 0.0103851398453, -0.0137611161917, 0.0167984422296, -0.00791816972196, 0.00160526938271, 0.0053726346232, 0.0110625801608, -0.0374052710831, 0.0589209571481, -0.0256046280265], [0.00379266822711, -0.00510537996888, 0.00419606035575, -0.00429592141882, 0.00677273515612, -0.0113729154691, 0.00630601774901, -0.000308165705064, -0.00572065729648, -0.000615601311438, 0.00820963736624, -0.0256046280265, 0.0396197289228]]
    },
    "melbands": {
        "dmean": [0.0035921165254, 0.00184703874402, 0.000892490788829, 0.000446978141554, 0.00083620933583, 0.000435294001363, 0.000208723329706, 0.000154280351126, 0.000223773939069, 9.69694592641e-05, 7.71424383856e-05, 9.40223399084e-05, 7.57072266424e-05, 4.23247620347e-05, 4.98965855513e-05, 3.10279065161e-05, 2.54855876847e-05, 1.66163172253e-05, 2.22283379117e-05, 2.57161227637e-05, 1.01771092886e-05, 9.27936889639e-06, 1.43041925185e-05, 1.18606130854e-05, 1.10605769805e-05, 8.55806047184e-06, 9.98413088382e-06, 1.08083131636e-05, 8.42913959787e-06, 1.17689396575e-05, 1.3939326891e-05, 8.88106660568e-06, 8.42147983349e-06, 6.50025867799e-06, 5.46251385458e-06, 5.0927205848e-06, 5.66986955164e-06, 3.7765887555e-06, 2.24720793085e-06, 1.94636754713e-06],
        "dmean2": [0.00583291053772, 0.00280124275014, 0.00158753618598, 0.00073382910341, 0.00136565673165, 0.000714993511792, 0.000312423682772, 0.000259552762145, 0.000385270512197, 0.000161103715072, 0.000124175276142, 0.000154342211317, 0.000123980877106, 7.07469152985e-05, 7.99712288426e-05, 4.91319951834e-05, 4.26237311331e-05, 2.6888510547e-05, 3.58476645488e-05, 4.12170047639e-05, 1.67431444424e-05, 1.53580222104e-05, 2.3813216103e-05, 1.92552415683e-05, 1.83281135833e-05, 1.40303973239e-05, 1.58783277584e-05, 1.77054007509e-05, 1.40072270369e-05, 1.88000794878e-05, 2.23559709411e-05, 1.29438039949e-05, 1.33255289256e-05, 1.02807789517e-05, 8.53993333294e-06, 7.62407944421e-06, 8.28582415124e-06, 5.67559573028e-06, 3.48025537278e-06, 2.9891793929e-06],
        "dvar": [2.1850632038e-05, 7.51432799007e-06, 2.87985017167e-06, 2.72387978839e-07, 8.24172786906e-07, 3.48144254758e-07, 5.42193419051e-08, 6.31751859714e-08, 8.67432845553e-08, 1.55677835068e-08, 1.22585541718e-08, 1.92001969879e-08, 9.62180024544e-09, 2.75258793536e-09, 4.34803704152e-09, 1.41850187152e-09, 1.28776334041e-09, 3.95461552394e-10, 2.0587693772e-09, 3.15236281523e-09, 1.28569974112e-10, 1.2410193706e-10, 3.02218056136e-10, 2.65605176741e-10, 1.99037258897e-10, 9.49705453168e-11, 1.12710361877e-10, 1.51561430073e-10, 1.36966951669e-10, 3.36828870351e-10, 5.86131698732e-10, 1.87738408153e-10, 1.6610846032e-10, 1.45306683352e-10, 7.70879748924e-11, 7.7350459371e-11, 1.13090620202e-10, 6.18074619263e-11, 9.81740817113e-12, 8.44133703909e-12],
        "dvar2": [4.87756224175e-05, 1.64015491464e-05, 7.95834603196e-06, 6.95225082836e-07, 2.01277748602e-06, 9.51109655034e-07, 1.17591184789e-07, 1.72260541831e-07, 2.45036005708e-07, 4.17048937607e-08, 3.12419672355e-08, 5.02442141226e-08, 2.41115483135e-08, 7.58538387657e-09, 1.12112577e-08, 3.22113891116e-09, 3.32846106232e-09, 1.01488550897e-09, 4.56153559369e-09, 7.30198790322e-09, 3.3069513794e-10, 3.32022409566e-10, 8.15033096568e-10, 7.05766722842e-10, 5.03388941642e-10, 2.55271276339e-10, 2.73306849374e-10, 4.00255911748e-10, 3.34968858207e-10, 8.13971945401e-10, 1.49962220419e-09, 3.83830939255e-10, 4.0216116548e-10, 3.63031604778e-10, 1.87265050688e-10, 1.62951499516e-10, 2.44302106323e-10, 1.29304691954e-10, 2.00596882854e-11, 1.79449788362e-11],
        "max": [0.0297265872359, 0.0195239316672, 0.0105852754787, 0.00491087790579, 0.00763757992536, 0.00511125149205, 0.0027954375837, 0.00527068506926, 0.00291073787957, 0.00126774935052, 0.00159104971681, 0.00182481319644, 0.00102668744512, 0.000569121504668, 0.000752910971642, 0.000362422957551, 0.000447007478215, 0.000333581585437, 0.000572677759919, 0.000783584197052, 0.000144219782669, 0.000223394235945, 0.000302896514768, 0.000244377588388, 0.000169070946868, 0.000104455742985, 0.000116946226626, 0.000149330808199, 0.000148172970512, 0.000233995102462, 0.000302754167933, 0.000238811786403, 0.000210535887163, 0.000194155436475, 0.000125637772726, 0.000114849717647, 0.000147013095557, 9.96262242552e-05, 4.40892472398e-05, 3.68059554603e-05],
        "mean": [0.00692245876417, 0.00279342965223, 0.000956747506279, 0.00074647879228, 0.00136161386035, 0.000678329844959, 0.000416837836383, 0.000258924614172, 0.000319403217873, 0.000154630950419, 0.000121422955999, 0.000144764708239, 0.000119422795251, 7.12278924766e-05, 8.12430735095e-05, 5.04331474076e-05, 4.12520348618e-05, 2.86550275632e-05, 3.51157141267e-05, 3.64464176528e-05, 1.84545860975e-05, 1.84659256774e-05, 2.57009851339e-05, 2.23319530051e-05, 2.10986909224e-05, 1.6676109226e-05, 2.10956914088e-05, 2.23189799726e-05, 1.73324424395e-05, 2.30351288337e-05, 2.5617706342e-05, 1.86938086699e-05, 1.74421766133e-05, 1.37343122333e-05, 1.14221247713e-05, 1.07564555947e-05, 1.15360162454e-05, 7.30561532691e-06, 4.91386845169e-06, 3.98453494199e-06],
        "median": [0.00413101306185, 0.00175751198549, 0.000512748258188, 0.000529175682459, 0.00101512437686, 0.000467574689537, 0.000285578105832, 0.00020330514235, 0.00020892379689, 0.000104604914668, 7.16923022992e-05, 9.13376643439e-05, 7.90673511801e-05, 4.93524348713e-05, 5.22662667208e-05, 3.32042909577e-05, 2.56724961218e-05, 2.17944361793e-05, 2.15840864257e-05, 2.04554762604e-05, 1.50258229041e-05, 1.52466354848e-05, 2.0720590328e-05, 1.69932536664e-05, 1.59758656082e-05, 1.35031923492e-05, 1.72817799466e-05, 1.82228250196e-05, 1.3483228031e-05, 1.67414345924e-05, 1.74994493136e-05, 1.23978988995e-05, 1.24385251183e-05, 1.01844434539e-05, 8.43038378662e-06, 7.05962384018e-06, 7.28326949684e-06, 4.2086871872e-06, 3.72638942281e-06, 2.70959981208e-06],
        "min": [1.5825168731e-08, 6.57759429146e-08, 1.39334679261e-06, 1.28356132336e-05, 1.1863441614e-05, 7.10589620212e-06, 2.40821964326e-06, 3.9072342588e-06, 8.08342520031e-06, 8.62197975948e-06, 2.89673175757e-06, 1.51310700858e-06, 1.59691830959e-06, 1.4279695506e-06, 7.36862716622e-07, 4.06537679964e-07, 3.03804910118e-07, 2.89376941964e-07, 6.32673334167e-07, 6.45969578272e-07, 1.21145276921e-07, 1.59290678425e-07, 9.77504015509e-08, 1.50968745061e-07, 2.86258966753e-07, 3.8739560182e-07, 5.32720548563e-07, 4.54254461602e-07, 4.13555426348e-07, 2.10984538285e-07, 2.30187907846e-07, 1.18485843359e-07, 4.42508074627e-08, 4.04386248931e-08, 2.3052724174e-08, 2.07962465026e-08, 1.35483322339e-08, 4.71514693956e-09, 1.28255864262e-10, 3.8329742158e-11],
