{
"highlevel": {
    "danceability": {
        "all": {
            "danceable": 0.152943149209,
            "not_danceable": 0.847056865692
        },
        "probability": 0.847056865692,
        "value": "not_danceable"
    },
    "gender": {
        "all": {
            "female": 3.94838991724e-07,
            "male": 0.999999582767
        },
        "probability": 0.999999582767,
        "value": "male"
    },
    "genre_dortmund": {
        "all": {
            "alternative": 0.0960928276181,
            "blues": 0.115893565118,
            "electronic": 0.0284117441624,
            "folkcountry": 0.531891644001,
            "funksoulrnb": 0.00546661904082,
            "jazz": 0.0173827968538,
            "pop": 0.0428983457386,
            "raphiphop": 0.00147661741357,
            "rock": 0.160485848784
        },
        "probability": 0.531891644001,
        "value": "folkcountry"
    },
    "genre_electronic": {
        "all": {
            "ambient": 0.858259260654,
            "dnb": 0.0276614483446,
            "house": 0.0555076859891,
            "techno": 0.010809680447,
            "trance": 0.0477619208395
        },
        "probability": 0.858259260654,
        "value": "ambient"
    },
    "genre_rosamerica": {
        "all": {
            "cla": 0.339032948017,
            "dan": 0.0284317862242,
            "hip": 0.0276543404907,
            "jaz": 0.0637195557356,
            "pop": 0.131209075451,
            "rhy": 0.263581722975,
            "roc": 0.108173564076,
            "spe": 0.0381970107555
        },
        "probability": 0.339032948017,
        "value": "cla"
    },
    "genre_tzanetakis": {
        "all": {
            "blu": 0.0626613423228,
            "cla": 0.0348169617355,
            "cou": 0.104475811124,
            "dis": 0.0784321576357,
            "hip": 0.15692435205,
            "jaz": 0.313974827528,
            "met": 0.0448166541755,
            "pop": 0.0627359300852,
            "reg": 0.0627360641956,
            "roc": 0.0784258767962
        },
        "probability": 0.313974827528,
        "value": "jaz"
    },
    "ismir04_rhythm": {
        "all": {
            "ChaChaCha": 0.154680132866,
            "Jive": 0.137943342328,
            "Quickstep": 0.0419862084091,
            "Rumba-American": 0.035111989826,
            "Rumba-International": 0.091679982841,
            "Rumba-Misc": 0.0224973354489,
            "Samba": 0.0273762643337,
            "Tango": 0.384405165911,
            "VienneseWaltz": 0.0818351134658,
            "Waltz": 0.0224844627082
        },
        "probability": 0.384405165911,
        "value": "Tango"
    },
    "mood_acoustic": {
        "all": {
            "acoustic": 0.6996114254,
            "not_acoustic": 0.300388544798
        },
        "probability": 0.6996114254,
        "value": "acoustic"
    },
    "mood_aggressive": {
        "all": {
            "aggressive": 0.0215015355498,
            "not_aggressive": 0.978498458862
        },
        "probability": 0.978498458862,
        "value": "not_aggressive"
    },
    "mood_electronic": {
        "all": {
            "electronic": 0.0801058858633,
            "not_electronic": 0.919894099236
        },
        "probability": 0.919894099236,
        "value": "not_electronic"
    },
    "mood_happy": {
        "all": {
            "happy": 0.0487092584372,
            "not_happy": 0.951290726662
        },
        "probability": 0.951290726662,
        "value": "not_happy"
    },
    "mood_party": {
        "all": {
            "not_party": 0.885639369488,
            "party": 0.11436060816
        },
        "probability": 0.885639369488,
        "value": "not_party"
    },
    "mood_relaxed": {
        "all": {
            "not_relaxed": 0.107982777059,
            "relaxed": 0.892017245293
        },
        "probability": 0.892017245293,
        "value": "relaxed"
    },
    "mood_sad": {
        "all": {
            "not_sad": 0.212266176939,
            "sad": 0.787733793259
        },
        "probability": 0.787733793259,
        "value": "sad"
    },
    "moods_mirex": {
        "all": {
            "Cluster1": 0.130697548389,
            "Cluster2": 0.268476635218,
            "Cluster3": 0.365109026432,
            "Cluster4": 0.221715390682,
            "Cluster5": 0.0140013890341
        },
        "probability": 0.365109026432,
        "value": "Cluster3"
    },
    "timbre": {
        "all": {
            "bright": 0.993517816067,
            "dark": 0.00648219976574
        },
        "probability": 0.993517816067,
        "value": "bright"
    },
    "tonal_atonal": {
        "all": {
            "atonal": 0.00192570476793,
            "tonal": 0.998074293137
        },
        "probability": 0.998074293137,
        "value": "tonal"
    },
    "voice_instrumental": {
        "all": {
            "instrumental": 0.00355383078568,
            "voice": 0.996446192265
        },
        "probability": 0.996446192265,
        "value": "voice"
    }
},
"lowlevel": {
    "average_loudness": 0.925597369671,
    "barkbands_crest": {
        "dmean": 2.14148211479,
        "dmean2": 3.50924968719,
        "dvar": 3.51636886597,
        "dvar2": 9.50526809692,
        "max": 21.4407062531,
        "mean": 8.90011119843,
        "median": 8.39473724365,
        "min": 2.73877978325,
        "var": 11.3232984543
    },
    "barkbands_flatness_db": {
        "dmean": 0.0204797051847,
        "dmean2": 0.0307682082057,
        "dvar": 0.000430364947533,
        "dvar2": 0.000872634875122,
        "max": 0.34762057662,
        "mean": 0.172197788954,
        "median": 0.170235484838,
        "min": 0.0636417791247,
        "var": 0.00208481145091
    },
    "barkbands_kurtosis": {
        "dmean": 2.24793124199,
        "dmean2": 3.55344319344,
        "dvar": 13.609746933,
        "dvar2": 34.128780365,
        "max": 48.5182723999,
        "mean": 3.86333417892,
        "median": 1.48056221008,
        "min": -1.52960717678,
        "var": 38.0715484619
    },
    "barkbands_skewness": {
        "dmean": 0.439113646746,
        "dmean2": 0.689101099968,
        "dvar": 0.207422927022,
        "dvar2": 0.481242269278,
        "max": 6.46517705917,
        "mean": 1.41041588783,
        "median": 1.21012866497,
        "min": -0.952539741993,
        "var": 1.32487845421
    },
    "barkbands_spread": {
        "dmean": 3.98368859291,
        "dmean2": 6.13385105133,
        "dvar": 25.1546859741,
        "dvar2": 52.3216743469,
        "max": 60.6903381348,
        "mean": 15.4533910751,
        "median": 13.7256908417,
        "min": 2.16764688492,
        "var": 73.2236099243
    },
    "dissonance": {
        "dmean": 0.0207914933562,
        "dmean2": 0.0352990999818,
        "dvar": 0.000391611887608,
        "dvar2": 0.0010813298868,
        "max": 0.500000059605,
        "mean": 0.454785227776,
        "median": 0.462169736624,
        "min": 0.311941474676,
        "var": 0.000980691402219
    },
    "dynamic_complexity": 3.63884973526,
    "erbbands_crest": {
        "dmean": 2.349214077,
        "dmean2": 3.89689207077,
        "dvar": 4.57880830765,
        "dvar2": 12.5054807663,
        "max": 24.6513729095,
        "mean": 8.3863067627,
        "median": 7.65680742264,
        "min": 2.9519431591,
        "var": 11.8825683594
    },
    "erbbands_flatness_db": {
        "dmean": 0.0175683945417,
        "dmean2": 0.0259323939681,
        "dvar": 0.000303948007058,
        "dvar2": 0.000562369357795,
        "max": 0.301125943661,
        "mean": 0.191135004163,
        "median": 0.192710965872,
        "min": 0.0742123275995,
        "var": 0.00211965781637
    },
    "erbbands_kurtosis": {
        "dmean": 0.725297689438,
        "dmean2": 1.15661776066,
        "dvar": 0.715717256069,
        "dvar2": 1.67062628269,
        "max": 14.9005756378,
        "mean": 0.431675463915,
        "median": 0.00386357307434,
        "min": -1.56680846214,
        "var": 2.4588406086
    },
    "erbbands_skewness": {
        "dmean": 0.3272369802,
        "dmean2": 0.515494048595,
        "dvar": 0.0782655328512,
        "dvar2": 0.191277965903,
        "max": 3.1620259285,
        "mean": 0.264930933714,
        "median": 0.216283738613,
        "min": -2.60781478882,
        "var": 0.384084999561
    },
    "erbbands_spread": {
        "dmean": 5.79701280594,
        "dmean2": 8.9077129364,
        "dvar": 49.9260520935,
        "dvar2": 110.959938049,
        "max": 92.1265411377,
        "mean": 31.591753006,
        "median": 27.0224151611,
        "min": 6.0038228035,
        "var": 295.688232422
    },
    "hfc": {
        "dmean": 4.18936538696,
        "dmean2": 5.96219348907,
        "dvar": 38.4640007019,
        "dvar2": 71.0170974731,
        "max": 89.7714385986,
        "mean": 15.695933342,
        "median": 9.49959373474,
        "min": 0.554082274437,
        "var": 262.803985596
    },
    "melbands_crest": {
        "dmean": 2.91739249229,
        "dmean2": 4.64862108231,
        "dvar": 6.56481647491,
        "dvar2": 17.0546722412,
        "max": 29.6341018677,
        "mean": 13.5299720764,
        "median": 12.6163911819,
        "min": 4.43030452728,
        "var": 29.0611286163
    },
    "melbands_flatness_db": {
        "dmean": 0.0239258557558,
        "dmean2": 0.034757103771,
        "dvar": 0.000688097265083,
        "dvar2": 0.00125768268481,
        "max": 0.454293847084,
        "mean": 0.225997373462,
        "median": 0.224160000682,
        "min": 0.0706763342023,
        "var": 0.00398266129196
    },
    "melbands_kurtosis": {
        "dmean": 5.0528626442,
        "dmean2": 8.19032096863,
        "dvar": 88.0353851318,
        "dvar2": 225.297470093,
        "max": 165.50831604,
        "mean": 11.2598991394,
        "median": 5.01240158081,
        "min": -1.6776496172,
        "var": 239.984191895
    },
    "melbands_skewness": {
        "dmean": 0.557944595814,
        "dmean2": 0.887320101261,
        "dvar": 0.403261035681,
        "dvar2": 0.969162285328,
        "max": 10.6341218948,
        "mean": 2.29978466034,
        "median": 1.93105018139,
        "min": -0.803883552551,
        "var": 2.83422136307
    },
    "melbands_spread": {
        "dmean": 4.67523050308,
        "dmean2": 7.17299699783,
        "dvar": 30.2290287018,
        "dvar2": 63.3280220032,
        "max": 68.0984115601,
        "mean": 18.1625881195,
        "median": 16.2452697754,
        "min": 1.78020632267,
        "var": 113.194458008
    },
    "pitch_salience": {
        "dmean": 0.0595115870237,
        "dmean2": 0.0947564020753,
        "dvar": 0.00295814406127,
        "dvar2": 0.00839109998196,
        "max": 0.7927287817,
        "mean": 0.564602792263,
        "median": 0.571584105492,
        "min": 0.262218594551,
        "var": 0.00785101391375
    },
    "silence_rate_20dB": {
        "dmean": 0,
        "dmean2": 0,
        "dvar": 0,
        "dvar2": 0,
        "max": 1,
        "mean": 1,
        "median": 1,
        "min": 1,
        "var": 0
    },
    "silence_rate_30dB": {
        "dmean": 0,
        "dmean2": 0,
        "dvar": 0,
        "dvar2": 0,
        "max": 1,
        "mean": 1,
        "median": 1,
        "min": 1,
        "var": 0
    },
    "silence_rate_60dB": {
        "dmean": 0.0263157896698,
        "dmean2": 0.0526723451912,
        "dvar": 0.0256233178079,
        "dvar2": 0.056094955653,
        "max": 1,
        "mean": 0.0533642694354,
        "median": 0,
        "min": 0,
        "var": 0.0505165942013
    },
    "spectral_centroid": {
        "dmean": 185.493637085,
        "dmean2": 281.234893799,
        "dvar": 48579.7460938,
        "dvar2": 97032.1328125,
        "max": 2621.55493164,
        "mean": 976.181335449,
        "median": 907.945129395,
        "min": 223.590332031,
        "var": 201157.203125
    },
    "spectral_complexity": {
        "dmean": 2.84287929535,
        "dmean2": 4.3718047142,
        "dvar": 13.6262397766,
        "dvar2": 23.7037944794,
        "max": 54,
        "mean": 16.7880897522,
        "median": 15,
        "min": 1,
        "var": 72.8182907104
    },
    "spectral_decrease": {
        "dmean": 1.57129520506e-09,
        "dmean2": 2.44494935409e-09,
        "dvar": 6.24675797098e-18,
        "dvar2": 1.49328252463e-17,
        "max": -1.75152586879e-10,
        "mean": -5.6068056864e-09,
        "median": -4.49247439249e-09,
        "min": -2.78633862649e-08,
        "var": 1.91590994453e-17
    },
    "spectral_energy": {
        "dmean": 0.00623850477859,
        "dmean2": 0.00965294148773,
        "dvar": 9.48872839217e-05,
        "dvar2": 0.000224090108532,
        "max": 0.107057869434,
        "mean": 0.0225850399584,
        "median": 0.0177836492658,
        "min": 0.000723196950275,
        "var": 0.000313484924845
    },
    "spectral_energyband_high": {
        "dmean": 0.000155629633809,
        "dmean2": 0.000219640744035,
        "dvar": 1.57509163046e-07,
        "dvar2": 3.25315596683e-07,
        "max": 0.00398699194193,
        "mean": 0.000251417601248,
        "median": 8.27616531751e-05,
        "min": 3.87756983855e-07,
        "var": 2.40646045313e-07
    },
    "spectral_energyband_low": {
        "dmean": 0.00268884608522,
        "dmean2": 0.00448808353394,
        "dvar": 5.39366228622e-05,
        "dvar2": 0.000146781487274,
        "max": 0.101875945926,
        "mean": 0.00565826380625,
        "median": 0.00328096025623,
        "min": 7.1692847996e-05,
        "var": 6.27060653642e-05
    },
    "spectral_energyband_middle_high": {
        "dmean": 0.00188894523308,
        "dmean2": 0.00267777405679,
        "dvar": 9.79360538622e-06,
        "dvar2": 1.94694694073e-05,
        "max": 0.0596613809466,
        "mean": 0.00629200832918,
        "median": 0.00228156731464,
        "min": 0.000152591834194,
        "var": 7.82582574175e-05
    },
    "spectral_energyband_middle_low": {
        "dmean": 0.00395032111555,
        "dmean2": 0.0061620818451,
        "dvar": 3.42559069395e-05,
        "dvar2": 7.77155219112e-05,
        "max": 0.0925915911794,
        "mean": 0.0115466983989,
        "median": 0.00832782033831,
        "min": 0.00039954323438,
        "var": 0.000115295813885
    },
    "spectral_entropy": {
        "dmean": 0.162181317806,
        "dmean2": 0.237516865134,
        "dvar": 0.0348899811506,
        "dvar2": 0.0646984800696,
        "max": 8.29307365417,
        "mean": 7.25213003159,
        "median": 7.25390768051,
        "min": 5.68089914322,
        "var": 0.177815005183
    },
    "spectral_flux": {
        "dmean": 0.0182996112853,
        "dmean2": 0.0289843864739,
        "dvar": 0.000620845647063,
        "dvar2": 0.00124785560183,
        "max": 0.243778377771,
        "mean": 0.0688255503774,
        "median": 0.0585413612425,
        "min": 0.0107475370169,
        "var": 0.00174554204568
    },
    "spectral_kurtosis": {
        "dmean": 2.94137430191,
        "dmean2": 4.90820884705,
        "dvar": 8.58797454834,
        "dvar2": 23.8391571045,
        "max": 40.3077774048,
        "mean": 7.53047227859,
        "median": 6.5642490387,
        "min": -0.375947952271,
        "var": 26.6451892853
    },
    "spectral_rms": {
        "dmean": 0.000619339873083,
        "dmean2": 0.000930920417886,
        "dvar": 6.30384306533e-07,
        "dvar2": 1.36289145303e-06,
        "max": 0.0102199167013,
        "mean": 0.00433940533549,
        "median": 0.00416532112285,
        "min": 0.000839975022245,
        "var": 3.20379240293e-06
    },
    "spectral_rolloff": {
        "dmean": 311.914245605,
        "dmean2": 497.665466309,
        "dvar": 274625.84375,
        "dvar2": 602944.375,
        "max": 6524.56054688,
        "mean": 1078.60925293,
        "median": 1033.59375,
        "min": 107.666015625,
        "var": 555149.0625
    },
    "spectral_skewness": {
        "dmean": 0.301729977131,
        "dmean2": 0.486905038357,
        "dvar": 0.0724801719189,
        "dvar2": 0.180479884148,
        "max": 4.45154428482,
        "mean": 1.94247698784,
        "median": 1.91472709179,
        "min": 0.473908245564,
        "var": 0.449715673923
    },
    "spectral_spread": {
        "dmean": 491034.84375,
        "dmean2": 707380.875,
        "dvar": 574800789504,
        "dvar2": 1.00345859277e+12,
        "max": 16620896,
        "mean": 3291465.5,
        "median": 3040898.75,
        "min": 1413682.625,
        "var": 1.37289741107e+12
    },
    "spectral_strongpeak": {
        "dmean": 0.525094032288,
        "dmean2": 0.906777322292,
        "dvar": 0.755204737186,
        "dvar2": 1.97052574158,
        "max": 9.01075744629,
        "mean": 0.988995432854,
        "median": 0.511857271194,
        "min": 0.0274716578424,
        "var": 1.45082986355
    },
    "zerocrossingrate": {
        "dmean": 0.00690585374832,
        "dmean2": 0.00806023366749,
        "dvar": 6.93289985065e-05,
        "dvar2": 7.96278764028e-05,
        "max": 0.1337890625,
        "mean": 0.0436703935266,
        "median": 0.04150390625,
        "min": 0.0078125,
        "var": 0.000378724478651
    },
    "barkbands": {
        "dmean": [2.57370265899e-05, 0.000908565416466, 0.00149476877414, 0.00102051871363, 0.00127751904074, 0.00101556372829, 0.00157155597117, 0.000739679322578, 0.000617030018475, 0.000524936651345, 0.000494745792821, 0.000657494878396, 0.000662872334942, 0.000640189333353, 0.000284654612187, 9.18202058529e-05, 0.000123604098917, 0.000168155020219, 7.94400039013e-05, 4.86721182824e-05, 3.82239741157e-05, 4.06629405916e-05, 4.12428307754e-05, 1.47251630551e-05, 1.15995908345e-05, 4.87283796247e-06, 6.31509822213e-09],
        "dmean2": [4.11516921304e-05, 0.00146261113696, 0.00258715567179, 0.0017062027473, 0.00198593945242, 0.00171821995173, 0.00255312700756, 0.00116541865282, 0.000998855335638, 0.00081601657439, 0.000804445822723, 0.00105475098826, 0.00111230183393, 0.00104152422864, 0.000448643433629, 0.000140371135785, 0.00019663189596, 0.000270322867436, 0.000125581995235, 7.29429375497e-05, 5.4890751926e-05, 5.97697107878e-05, 6.16204342805e-05, 2.15185009438e-05, 1.76455941983e-05, 7.98434666649e-06, 7.0098526983e-09],
        "dvar": [8.65226112978e-09, 5.65952313991e-06, 2.04635052796e-05, 4.39540463049e-06, 4.90726233693e-06, 2.95032737085e-06, 1.66299032571e-05, 2.62019034381e-06, 1.44551665926e-06, 1.02984586192e-06, 1.703383532e-06, 1.95152938431e-06, 2.08092365028e-06, 2.74938565781e-06, 5.30150089162e-07, 4.59336852998e-08, 5.69149563034e-08, 1.58172923648e-07, 2.96849300696e-08, 1.28619941364e-08, 1.33091173637e-08, 1.04624504615e-08, 1.54506007988e-08, 1.85205384362e-09, 1.21883969584e-09, 4.69843552953e-10, 1.96513151482e-14],
        "dvar2": [2.19680327262e-08, 1.42219669215e-05, 5.82855682296e-05, 1.24240541481e-05, 1.12748266474e-05, 8.39715721668e-06, 3.78607473976e-05, 6.36046570435e-06, 3.48664525518e-06, 2.34354115491e-06, 4.46323201686e-06, 4.66041865366e-06, 5.54840971745e-06, 6.55961866869e-06, 1.24714654248e-06, 9.52022816136e-08, 1.35512522093e-07, 4.40859139417e-07, 7.11390271135e-08, 2.75430416252e-08, 2.71145292885e-08, 2.24210534583e-08, 3.78406177504e-08, 4.18200807317e-09, 2.92251445266e-09, 1.30117394637e-09, 1.96596753634e-14],
        "max": [0.00124892545864, 0.0374569371343, 0.057481624186, 0.0235543809831, 0.0317703187466, 0.022260133177, 0.0744220763445, 0.0205494761467, 0.0166655629873, 0.0164404381067, 0.0291887801141, 0.0200997944921, 0.0163487643003, 0.0255770161748, 0.0141129791737, 0.00474345590919, 0.00297023751773, 0.00752145145088, 0.00184506981168, 0.00134940748103, 0.00136444962118, 0.00106409401633, 0.00221614004113, 0.000798050547019, 0.000596169556957, 0.000469306425657, 3.74901105715e-06],
        "mean": [3.57233839168e-05, 0.00178417994175, 0.00281053083017, 0.00172074651346, 0.00264985649846, 0.00160233792849, 0.00275981682353, 0.00136829982512, 0.00114999187645, 0.000937554810662, 0.000774081039708, 0.0011987722246, 0.00104170222767, 0.00117116328329, 0.000464201672003, 0.000164368117112, 0.000217603810597, 0.000300577230519, 0.000139940588269, 7.96063177404e-05, 5.62113164051e-05, 6.09937305853e-05, 6.05538480158e-05, 1.83896263479e-05, 1.31992956085e-05, 4.65442735731e-06, 6.18646334161e-09],
        "median": [2.49488653026e-06, 0.000629376329016, 0.0014700506581, 0.000919217360206, 0.00135015312117, 0.000801250804216, 0.000541300047189, 0.000324761698721, 0.000349362409906, 0.000326918408973, 0.000209444842767, 0.00036270331475, 0.000247881544055, 0.000180187780643, 0.000138491974212, 7.26463258616e-05, 8.69768846314e-05, 7.80956252129e-05, 4.81493007101e-05, 2.40832814598e-05, 1.36508624564e-05, 1.75910990947e-05, 1.9960309146e-05, 4.15348358729e-06, 2.35947618421e-06, 6.85454324412e-07, 2.4541318977e-10],
        "min": [2.24423613027e-09, 5.02718421558e-06, 1.79949233825e-06, 8.88716203917e-06, 3.79816665372e-05, 4.16372449763e-06, 2.70081682174e-06, 4.0657637328e-06, 4.05780338042e-06, 4.78009724247e-06, 4.34934736404e-06, 3.11600069836e-06, 1.3314803482e-06, 3.79207608603e-06, 2.58855288848e-06, 2.16871330849e-06, 2.74556578006e-06, 1.06098809738e-06, 3.56764502385e-07, 1.53128112856e-07, 1.0824182084e-07, 6.79560088201e-08, 7.61815925898e-08, 1.29905919355e-09, 2.30567179932e-11, 1.89323261929e-11, 2.2673507169e-11],
        "var": [1.03247712602e-08, 9.66777679423e-06, 1.98738325707e-05, 5.6211770243e-06, 1.36377693707e-05, 5.32749299964e-06, 3.94402377424e-05, 5.78294702791e-06, 3.79426546715e-06, 3.05089201902e-06, 3.37284996021e-06, 5.43516807738e-06, 3.82168400392e-06, 7.11168195267e-06, 9.28359270347e-07, 1.01277514375e-07, 1.07587297293e-07, 3.27772397668e-07, 5.36376276727e-08, 2.28334631203e-08, 1.88681266167e-08, 1.58254263027e-08, 1.88324094097e-08, 2.2298523028e-09, 1.33180411144e-09, 3.33906957639e-10, 1.9644859063e-14]
    },
    "erbbands": {
        "dmean": [0.0114611918107, 0.268966108561, 1.52326440811, 2.6268415451, 4.59405755997, 3.79293465614, 2.40486931801, 10.767583847, 20.7562770844, 21.5103378296, 15.0956172943, 13.2685108185, 13.5626087189, 20.5678462982, 16.4367961884, 27.2363491058, 23.8825492859, 37.1909179688, 16.5516052246, 10.0097017288, 4.57142877579, 6.11513328552, 8.90151500702, 5.45509052277, 3.02317142487, 2.32439804077, 1.608730793, 1.47964167595, 1.46222853661, 1.4080915451, 1.18499803543, 0.483064293861, 0.181040436029, 0.116720207036, 0.0921574980021, 0.0374324657023, 0.00617945473641, 0.000324068387272, 1.07308669612e-05, 7.5107432167e-06],
        "dmean2": [0.0183667056262, 0.438982486725, 2.62685394287, 4.38899993896, 7.33978939056, 5.87388515472, 3.8543446064, 18.1366271973, 33.2238731384, 34.6342010498, 23.2312507629, 20.9614772797, 20.9178218842, 32.5806922913, 26.2962703705, 42.9900131226, 39.1656074524, 58.7156715393, 26.5435581207, 15.803560257, 7.24090671539, 9.34076976776, 14.3374500275, 8.45574951172, 4.54845333099, 3.52685809135, 2.33051204681, 2.12144160271, 2.15783143044, 2.09932422638, 1.81915569305, 0.7183765769, 0.263268530369, 0.173560962081, 0.14613096416, 0.0605301037431, 0.0100951129571, 0.000539702305105, 1.62303676916e-05, 1.13733085527e-05],
        "dvar": [0.000756708264817, 0.521151661873, 20.5014438629, 45.1735267639, 59.8114776611, 60.4695129395, 20.6886920929, 350.403717041, 2556.12353516, 5087.03955078, 1184.84301758, 740.815429688, 677.845825195, 2152.93432617, 1032.40783691, 3271.22485352, 2476.73461914, 8650.53417969, 2110.59082031, 765.395996094, 98.2802505493, 154.959411621, 388.273468018, 139.522003174, 40.6364440918, 31.0300865173, 23.1495780945, 17.8253879547, 13.8835716248, 14.3218183517, 15.3617668152, 2.33437037468, 0.227514609694, 0.0937251746655, 0.0895210132003, 0.0290655251592, 0.000503168732394, 2.03913236874e-06, 1.45638701099e-09, 1.31104516132e-10],
        "dvar2": [0.00175601395313, 1.34892332554, 57.4591598511, 126.634933472, 141.974990845, 134.588897705, 55.4500808716, 973.635864258, 5933.55322266, 11979.5664062, 2764.05957031, 1686.88366699, 1660.48291016, 5482.98144531, 2575.25073242, 7647.15332031, 6789.52441406, 20818.1015625, 4758.61132812, 1749.74536133, 237.139328003, 359.898223877, 1036.02026367, 351.995574951, 86.0093231201, 67.9378890991, 47.3182029724, 36.9141311646, 30.3031864166, 33.7388572693, 37.6958770752, 5.68512105942, 0.458565980196, 0.203873962164, 0.221307441592, 0.080638423562, 0.00132804363966, 5.56715031053e-06, 3.30664118309e-09, 2.94210572571e-10],
        "max": [0.37741869688, 10.8228645325, 62.1539649963, 83.5145950317, 113.988609314, 130.547515869, 71.2446670532, 248.542709351, 1205.04626465, 1186.34545898, 523.617004395, 522.885681152, 437.084838867, 700.782226562, 483.381500244, 987.898681641, 801.398681641, 1503.46325684, 1016.63049316, 843.651367188, 191.003967285, 155.152160645, 357.371276855, 154.559906006, 76.8482208252, 61.2727622986, 54.6869239807, 47.2081756592, 40.9989814758, 49.8241233826, 77.5656433105, 30.3006629944, 5.7174744606, 3.35660767555, 5.17937231064, 3.83726882935, 0.387207984924, 0.0288292970508, 0.000667262473144, 0.000129634208861],
        "mean": [0.0258167758584, 0.513655304909, 3.04199337959, 4.96631908417, 8.99963283539, 7.59508085251, 4.81542778015, 16.7461204529, 38.7799682617, 35.165599823, 28.9948482513, 25.8447132111, 26.5260257721, 37.2560081482, 31.823343277, 50.7101097107, 43.8195228577, 71.262588501, 31.5065441132, 17.8496208191, 9.09567928314, 11.690747261, 16.8174705505, 10.308175087, 5.60494852066, 3.77278733253, 2.38709640503, 2.23441982269, 2.18436217308, 2.10822367668, 1.71338319778, 0.611276745796, 0.228847265244, 0.137953802943, 0.0959105789661, 0.0350682847202, 0.00592399761081, 0.000292414450087, 2.03701765713e-05, 2.71734515991e-05],
        "median": [0.00922700483352, 0.180300235748, 1.50450217724, 2.67973995209, 4.94841384888, 3.42657256126, 2.52747440338, 7.8259396553, 11.3130960464, 8.9910774231, 7.55208349228, 8.19456672668, 12.4158210754, 6.39819288254, 11.7610588074, 17.3734741211, 12.3295564651, 10.3993263245, 6.77831411362, 7.19963121414, 4.42083597183, 4.60634279251, 4.5601849556, 3.47054481506, 1.77995431423, 1.10786855221, 0.625145018101, 0.579155564308, 0.612007915974, 0.625851094723, 0.570589125156, 0.164177298546, 0.048053663224, 0.0274348277599, 0.0137368971482, 0.00486329058185, 0.000915957498364, 3.52113638655e-05, 1.21727343867e-05, 2.12523518712e-05],
        "min": [0.000114740279969, 0.00176630227361, 0.0154364686459, 0.0621966198087, 0.0956164374948, 0.117679819465, 0.0844742506742, 0.0695390701294, 0.0824738591909, 0.0991422086954, 0.179173886776, 0.117533653975, 0.170846357942, 0.342704534531, 0.324439942837, 0.272849738598, 0.156357452273, 0.304774224758, 0.261432379484, 0.163688018918, 0.11535847187, 0.151686519384, 0.0911834090948, 0.04711888358, 0.0169722083956, 0.00928736757487, 0.00481456378475, 0.00415100902319, 0.00212579057552, 0.00258001033217, 0.00203930493444, 0.000935114338063, 5.86870264669e-05, 7.59145632401e-06, 1.77930940026e-06, 8.15487794625e-07, 3.78799057899e-07, 1.17011325074e-07, 4.12733896837e-07, 9.11811753213e-07],
        "var": [0.00182441715151, 0.803514480591, 24.0756416321, 49.676525116, 148.867172241, 153.257034302, 42.7000617981, 629.08380127, 6705.18554688, 6993.90039062, 3172.6027832, 1990.31286621, 2069.05981445, 5512.10205078, 2688.50317383, 9098.00585938, 5672.64208984, 24830.9257812, 4295.29443359, 1404.76281738, 199.514007568, 311.77645874, 929.334960938, 308.969512939, 88.1337356567, 51.8513221741, 32.2735748291, 26.92370224, 20.2552318573, 19.4874801636, 17.4528121948, 2.44938254356, 0.325527310371, 0.122330419719, 0.0886368229985, 0.0207295138389, 0.000398819887778, 1.45259332385e-06, 1.37324662752e-09, 4.58102750178e-10]
    },
    "gfcc": {
        "mean": [-35.8716621399, 132.85055542, -135.402740479, 26.7611045837, -59.631729126, 18.0467987061, -37.147441864, -2.43271112442, -17.9212245941, -8.88816165924, -11.1938066483, -4.87176275253, -18.4677734375],
        "cov": [[3638.33154297, -1131.25915527, -434.176269531, -167.768386841, -215.732070923, -20.0585803986, -181.609344482, 289.866790771, -310.155700684, 379.235473633, -42.0237617493, 90.2638168335, -151.16595459], [-1131.25915527, 1052.94567871, -27.3090839386, -215.975082397, 219.848175049, -117.320648193, 184.504943848, -167.745559692, 227.594863892, -214.096405029, 202.846984863, -62.7953338623, 11.408657074], [-434.176269531, -27.3090839386, 617.923400879, 167.958679199, -16.7754745483, 89.247833252, -36.6965827942, -6.42706155777, -30.8391418457, -8.66191482544, -113.998390198, 42.6733589172, -9.6926984787], [-167.768386841, -215.975082397, 167.958679199, 674.524841309, 127.094329834, 60.9200897217, 38.7897834778, -27.5907478333, -15.0873126984, -28.1050395966, -117.831283569, -82.9968032837, 194.533126831], [-215.732070923, 219.848175049, -16.7754745483, 127.094329834, 270.171722412, 21.1044216156, 75.9653244019, -24.4304027557, 32.8845939636, -49.6215744019, -10.6877632141, -43.7677192688, 74.9174804688], [-20.0585803986, -117.320648193, 89.247833252, 60.9200897217, 21.1044216156, 157.665267944, 28.6839809418, 20.8325881958, -28.147895813, -2.08491396904, -49.720916748, -0.166418358684, -1.54131817818], [-181.609344482, 184.504943848, -36.6965827942, 38.7897834778, 75.9653244019, 28.6839809418, 136.770599365, -18.6929321289, 51.1112480164, -47.5037574768, 43.396194458, -16.6911468506, 18.0487632751], [289.866790771, -167.745559692, -6.42706155777, -27.5907478333, -24.4304027557, 20.8325881958, -18.6929321289, 116.290657043, -21.29920578, 67.9609222412, -19.0506744385, 17.7045898438, -22.1813678741], [-310.155700684, 227.594863892, -30.8391418457, -15.0873126984, 32.8845939636, -28.147895813, 51.1112480164, -21.29920578, 129.494293213, -32.9354057312, 56.0972251892, -19.8282356262, 2.05193042755], [379.235473633, -214.096405029, -8.66191482544, -28.1050395966, -49.6215744019, -2.08491396904, -47.5037574768, 67.9609222412, -32.9354057312, 126.469367981, -7.94905328751, 37.8869476318, -13.7596464157], [-42.0237617493, 202.846984863, -113.998390198, -117.831283569, -10.6877632141, -49.720916748, 43.396194458, -19.0506744385, 56.0972251892, -7.94905328751, 138.641769409, 10.7856092453, -16.5519504547], [90.2638168335, -62.7953338623, 42.6733589172, -82.9968032837, -43.7677192688, -0.166418358684, -16.6911468506, 17.7045898438, -19.8282356262, 37.8869476318, 10.7856092453, 93.1500701904, -23.0962867737], [-151.16595459, 11.408657074, -9.6926984787, 194.533126831, 74.9174804688, -1.54131817818, 18.0487632751, -22.1813678741, 2.05193042755, -13.7596464157, -16.5519504547, -23.0962867737, 146.399765015]],
        "icov": [[0.000690578657668, 0.000731238164008, 0.000272601115284, 0.000100207449577, -0.000450721214293, 0.000556369137485, -0.000377442076569, -0.000296486890875, 0.000912330753636, -0.000768284429796, -0.000667007348966, 0.000315778015647, 0.000668498978484], [0.000731238164008, 0.0132356295362, -0.00514638936147, 0.00768529716879, -0.00805837567896, 0.00724148610607, -0.00675961049274, 0.00519050750881, -0.00736781768501, 0.00824416521937, -0.00959670171142, 0.00660264398903, -0.00417468184605], [0.000272601115284, -0.00514638936147, 0.00493311882019, -0.00420257123187, 0.00318999355659, -0.00361327477731, 0.00343873049133, -0.00205213972367, 0.00324331573211, -0.0035557129886, 0.00497620366514, -0.00478216027841, 0.00361661543138], [0.000100207449577, 0.00768529716879, -0.00420257123187, 0.00825116038322, -0.00453855283558, 0.0040527228266, -0.00538084236905, 0.00367881683633, -0.00481745740399, 0.00437687523663, -0.00350547372364, 0.00642294948921, -0.00705584371462], [-0.000450721214293, -0.00805837567896, 0.00318999355659, -0.00453855283558, 0.0102960634977, -0.00445108301938, 0.00152972701471, -0.00322002940811, 0.00394563609734, -0.0044375420548, 0.0071037216112, -0.00289158616215, 0.000286957103526], [0.000556369137485, 0.00724148610607, -0.00361327477731, 0.0040527228266, -0.00445108301938, 0.0130225196481, -0.00763557991013, 0.00125950109214, -0.00182087370194, 0.0042570787482, -0.00253487448208, 0.00377724552527, -0.00133225158788], [-0.000377442076569, -0.00675961049274, 0.00343873049133, -0.00538084236905, 0.00152972701471, -0.00763557991013, 0.0172172766179, -0.00380910397507, 0.000875286757946, -0.000231025493122, -0.000110614069854, -0.00498001789674, 0.00311957369559], [-0.000296486890875, 0.00519050750881, -0.00205213972367, 0.00367881683633, -0.00322002940811, 0.00125950109214, -0.00380910397507, 0.0163346491754, -0.00438138609752, -0.00335080176592, -0.00138660357334, 0.00303416117094, -0.00106089236215], [0.000912330753636, -0.00736781768501, 0.00324331573211, -0.00481745740399, 0.00394563609734, -0.00182087370194, 0.000875286757946, -0.00438138609752, 0.0181675646454, -0.00611120695248, 0.00134561955929, -0.00149866344873, 0.00440893881023], [-0.000768284429796, 0.00824416521937, -0.0035557129886, 0.00437687523663, -0.0044375420548, 0.0042570787482, -0.000231025493122, -0.00335080176592, -0.00611120695248, 0.0225044228137, -0.00743246963248, -0.000320886203554, -0.00434078648686], [-0.000667007348966, -0.00959670171142, 0.00497620366514, -0.00350547372364, 0.0071037216112, -0.00253487448208, -0.000110614069854, -0.00138660357334, 0.00134561955929, -0.00743246963248, 0.021395361051, -0.00634887488559, 0.00188818783499], [0.000315778015647, 0.00660264398903, -0.00478216027841, 0.00642294948921, -0.00289158616215, 0.00377724552527, -0.00498001789674, 0.00303416117094, -0.00149866344873, -0.000320886203554, -0.00634887488559, 0.0195039976388, -0.00409659184515], [0.000668498978484, -0.00417468184605, 0.00361661543138, -0.00705584371462, 0.000286957103526, -0.00133225158788, 0.00311957369559, -0.00106089236215, 0.00440893881023, -0.00434078648686, 0.00188818783499, -0.00409659184515, 0.0158525276929]]
    },
    "melbands": {
        "dmean": [0.000168281767401, 0.000645508116577, 0.000483056152007, 0.000332437164616, 8.64275061758e-05, 0.000232171165408, 0.000325250381138, 0.000213344726944, 0.000124710219097, 8.18812841317e-05, 6.90070010023e-05, 8.49159041536e-05, 6.36787808617e-05, 7.75705193519e-05, 5.49814030819e-05, 6.58452991047e-05, 7.20186435501e-05, 3.01634736388e-05, 1.99568203243e-05, 9.43481336435e-06, 5.58153988095e-06, 6.08216805631e-06, 9.17672969081e-06, 9.32374496188e-06, 4.34071307609e-06, 2.56270573118e-06, 1.94388780983e-06, 1.56937346674e-06, 1.11164763439e-06, 8.97431505109e-07, 8.80138941284e-07, 8.40556992898e-07, 8.55696328017e-07, 8.04104502095e-07, 7.77583522904e-07, 4.73722593597e-07, 2.36781289686e-07, 1.31426517669e-07, 1.14943325968e-07, 9.5753570406e-08],
        "dmean2": [0.000269354874035, 0.00109394837637, 0.000796164793428, 0.000515911553521, 0.00013880620827, 0.000392611225834, 0.000523386232089, 0.000342265120707, 0.000193745203433, 0.000129994223244, 0.000106324179797, 0.000133605688461, 0.000101873476524, 0.000125904291053, 8.98141806829e-05, 0.000107968779048, 0.000114169808512, 4.84963311465e-05, 3.11349540425e-05, 1.47088558151e-05, 9.15004147828e-06, 9.74557042355e-06, 1.43253055285e-05, 1.53120217874e-05, 6.82328845869e-06, 3.92683114114e-06, 2.90341517939e-06, 2.4459695851e-06, 1.6481185412e-06, 1.35722882533e-06, 1.27829446228e-06, 1.26448139781e-06, 1.28166050217e-06, 1.22674146041e-06, 1.2153800526e-06, 7.17664420335e-07, 3.61234469892e-07, 1.96946572828e-07, 1.71715868191e-07, 1.46715066762e-07],
        "dvar": [1.70454967474e-07, 3.567442036e-06, 1.10452731406e-06, 3.31790772634e-07, 3.34714620465e-08, 1.63785898621e-07, 5.76043930778e-07, 4.60283530401e-07, 8.50747170489e-08, 2.70075943831e-08, 1.75407102176e-08, 3.59433016683e-08, 2.06846415551e-08, 2.81857310824e-08, 1.1810418421e-08, 2.26965379824e-08, 3.41274670745e-08, 8.24924484277e-09, 2.91095458849e-09, 5.95902605038e-10, 1.3611095584e-10, 1.48404663558e-10, 3.97548799436e-10, 7.2904143833e-10, 9.14094286375e-11, 2.9155119291e-11, 1.65039388406e-11, 1.55361123272e-11, 1.19390825351e-11, 8.73815950153e-12, 5.85954592139e-12, 4.66044390579e-12, 5.22641608811e-12, 4.25382689143e-12, 6.54054501531e-12, 2.10915811726e-12, 6.3968128754e-13, 1.32665322413e-13, 7.80674827626e-14, 7.43367430871e-14],
        "dvar2": [4.13808351141e-07, 9.83635527518e-06, 3.04650143335e-06, 7.50064202748e-07, 9.32652639563e-08, 4.57013101141e-07, 1.3072120737e-06, 1.09034647267e-06, 1.9827970732e-07, 6.19646272071e-08, 4.22860608751e-08, 9.06289230329e-08, 5.13246938283e-08, 6.90856936103e-08, 3.11250900609e-08, 5.88184363437e-08, 7.98463091201e-08, 1.88528073153e-08, 6.38749764192e-09, 1.31912647472e-09, 3.46075612612e-10, 3.64901803218e-10, 9.5185392901e-10, 2.1674915196e-09, 2.31402882966e-10, 6.40430417032e-11, 3.53429230326e-11, 3.59149862628e-11, 2.55178274344e-11, 2.01604063305e-11, 1.21674319925e-11, 1.01462649046e-11, 1.23738111771e-11, 1.01559828256e-11, 1.62966150991e-11, 5.02184838852e-12, 1.58398370375e-12, 2.83045424121e-13, 1.63424300676e-13, 1.70562484492e-13],
        "max": [0.00633548293263, 0.0265260785818, 0.0120972180739, 0.00877892225981, 0.00351274735294, 0.00516976043582, 0.0166970975697, 0.0103940460831, 0.00382417347282, 0.00300666526891, 0.00232221721672, 0.00259633408859, 0.00293406378478, 0.00249288487248, 0.00195864657871, 0.00204292009585, 0.00321495928802, 0.00211095600389, 0.00120811269153, 0.000496007152833, 0.000197305213078, 0.000139250449138, 0.000229862562264, 0.000576984661166, 0.000106976418465, 7.73240608396e-05, 5.72543212911e-05, 4.52894273621e-05, 4.11618748331e-05, 4.39312461822e-05, 3.02721982735e-05, 2.70195232588e-05, 2.70297532552e-05, 2.60574342974e-05, 4.94934247399e-05, 2.37777276197e-05, 1.74072865775e-05, 4.90892398375e-06, 2.79401547232e-06, 3.19586933983e-06],
        "mean": [0.000344930740539, 0.00129387690686, 0.000954376300797, 0.000678299402352, 0.000170461353264, 0.000358720310032, 0.000606777728535, 0.000354284187779, 0.000232651931583, 0.000159048649948, 0.000129791020299, 0.000149365470861, 0.00010740133439, 0.000137804861879, 0.00010068417032, 0.000108278683911, 0.000135362191941, 5.07112563355e-05, 3.17520534736e-05, 1.59955070558e-05, 9.65712933976e-06, 1.06941406557e-05, 1.58530128829e-05, 1.54079734784e-05, 7.50664003135e-06, 4.45107934866e-06, 3.18273009725e-06, 2.33375976677e-06, 1.56494945713e-06, 1.22836570426e-06, 1.30346165861e-06, 1.20208687804e-06, 1.21665425468e-06, 1.15974216897e-06, 1.10374298856e-06, 6.02214697665e-07, 2.7721580409e-07, 1.54840080313e-07, 1.37304411396e-07, 1.07397781335e-07],
        "median": [0.000134573609103, 0.000617362733465, 0.000572690507397, 0.00035008895793, 9.02997489902e-05, 0.00017068933812, 0.000162301483215, 9.41605321714e-05, 5.66079688724e-05, 4.91240498377e-05, 5.9478548792e-05, 2.1959804144e-05, 3.43881547451e-05, 4.42250820925e-05, 3.45047701558e-05, 2.07081557164e-05, 1.91293529497e-05, 1.05644148789e-05, 9.79720607575e-06, 6.54456334814e-06, 4.60604815089e-06, 4.43621638624e-06, 4.30620502812e-06, 3.76405841962e-06, 2.46185709329e-06, 1.44319210449e-06, 9.11058066322e-07, 6.24755045919e-07, 3.5870837678e-07, 2.89382256824e-07, 3.03739966512e-07, 3.21465932984e-07, 2.98624001971e-07, 3.50817629169e-07, 3.82911480301e-07, 1.65153494436e-07, 5.94611435645e-08, 2.65153747847e-08, 2.6280044807e-08, 1.89744842061e-08],
