{
"highlevel": {
    "danceability": {
        "all": {
            "danceable": 0.999987483025,
            "not_danceable": 1.25103861137e-05
        },
        "probability": 0.999987483025,
        "value": "danceable"
    },
    "gender": {
        "all": {
            "female": 0.355859667063,
            "male": 0.64414036274
        },
        "probability": 0.64414036274,
        "value": "male"
    },
    "genre_dortmund": {
        "all": {
            "alternative": 0.0536215528846,
            "blues": 0.0317996703088,
            "electronic": 0.164131417871,
            "folkcountry": 0.0814467221498,
            "funksoulrnb": 0.0479449369013,
            "jazz": 0.243660598993,
            "pop": 0.104048766196,
            "raphiphop": 0.0422976501286,
            "rock": 0.231048688293
        },
        "probability": 0.243660598993,
        "value": "jazz"
    },
    "genre_electronic": {
        "all": {
            "ambient": 0.128800317645,
            "dnb": 0.461750715971,
            "house": 0.0425034798682,
            "techno": 0.0131375249475,
            "trance": 0.353807985783
        },
        "probability": 0.461750715971,
        "value": "dnb"
    },
    "genre_rosamerica": {
        "all": {
            "cla": 0.00151871598791,
            "dan": 0.360496163368,
            "hip": 0.0317037925124,
            "jaz": 0.00357114523649,
            "pop": 0.396033138037,
            "rhy": 0.00890215858817,
            "roc": 0.197089806199,
            "spe": 0.000685092818458
        },
        "probability": 0.396033138037,
        "value": "pop"
    },
    "genre_tzanetakis": {
        "all": {
            "blu": 0.0626613423228,
            "cla": 0.0348169617355,
            "cou": 0.104475811124,
            "dis": 0.0784321576357,
            "hip": 0.15692435205,
            "jaz": 0.313974827528,
            "met": 0.0448166541755,
            "pop": 0.0627359300852,
            "reg": 0.0627360641956,
            "roc": 0.0784258767962
        },
        "probability": 0.313974827528,
        "value": "jaz"
    },
    "ismir04_rhythm": {
        "all": {
            "ChaChaCha": 0.851330161095,
            "Jive": 0.0402456708252,
            "Quickstep": 0.00814613420516,
            "Rumba-American": 0.00734438048676,
            "Rumba-International": 0.005439104978,
            "Rumba-Misc": 0.00188427674584,
            "Samba": 0.0304320603609,
            "Tango": 0.00466958247125,
            "VienneseWaltz": 0.0384221486747,
            "Waltz": 0.0120864687487
        },
        "probability": 0.851330161095,
        "value": "ChaChaCha"
    },
    "mood_acoustic": {
        "all": {
            "acoustic": 2.59894807897e-08,
            "not_acoustic": 1
        },
        "probability": 1,
        "value": "not_acoustic"
    },
    "mood_aggressive": {
        "all": {
            "aggressive": 0.636743783951,
            "not_aggressive": 0.363256245852
        },
        "probability": 0.636743783951,
        "value": "aggressive"
    },
    "mood_electronic": {
        "all": {
            "electronic": 0.440397500992,
            "not_electronic": 0.559602499008
        },
        "probability": 0.559602499008,
        "value": "not_electronic"
    },
    "mood_happy": {
        "all": {
            "happy": 0.789852321148,
            "not_happy": 0.210147663951
        },
        "probability": 0.789852321148,
        "value": "happy"
    },
    "mood_party": {
        "all": {
            "not_party": 0.160300403833,
            "party": 0.839699625969
        },
        "probability": 0.839699625969,
        "value": "party"
    },
    "mood_relaxed": {
        "all": {
            "not_relaxed": 0.967402935028,
            "relaxed": 0.0325970724225
        },
        "probability": 0.967402935028,
        "value": "not_relaxed"
    },
    "mood_sad": {
        "all": {
            "not_sad": 0.939206600189,
            "sad": 0.0607933923602
        },
        "probability": 0.939206600189,
        "value": "not_sad"
    },
    "moods_mirex": {
        "all": {
            "Cluster1": 0.318933099508,
            "Cluster2": 0.312749654055,
            "Cluster3": 0.140005901456,
            "Cluster4": 0.145993560553,
            "Cluster5": 0.082317776978
        },
        "probability": 0.318933099508,
        "value": "Cluster1"
    },
    "timbre": {
        "all": {
            "bright": 0.989460408688,
            "dark": 0.0105396164581
        },
        "probability": 0.989460408688,
        "value": "bright"
    },
    "tonal_atonal": {
        "all": {
            "atonal": 0.00834960304201,
            "tonal": 0.991650402546
        },
        "probability": 0.991650402546,
        "value": "tonal"
    },
    "voice_instrumental": {
        "all": {
            "instrumental": 0.548839747906,
            "voice": 0.451160281897
        },
        "probability": 0.548839747906,
        "value": "instrumental"
    }
},
"lowlevel": {
    "average_loudness": 0.897354662418,
    "barkbands_crest": {
        "dmean": 2.69958567619,
        "dmean2": 3.63897824287,
        "dvar": 6.57917356491,
        "dvar2": 11.897693634,
        "max": 26.5384502411,
        "mean": 11.0595979691,
        "median": 9.72370910645,
        "min": 2.54875588417,
        "var": 31.05585289
    },
    "barkbands_flatness_db": {
        "dmean": 0.024159014225,
        "dmean2": 0.0338464863598,
        "dvar": 0.00126185885165,
        "dvar2": 0.00232563749887,
        "max": 0.449709922075,
        "mean": 0.126983568072,
        "median": 0.107714533806,
        "min": 0.0292899534106,
        "var": 0.00425219442695
    },
    "barkbands_kurtosis": {
        "dmean": 8.03762149811,
        "dmean2": 12.8025407791,
        "dvar": 1182.16564941,
        "dvar2": 2951.57397461,
        "max": 487.828613281,
        "mean": 6.9499874115,
        "median": -0.0147526264191,
        "min": -1.7925863266,
        "var": 953.242370605
    },
    "barkbands_skewness": {
        "dmean": 0.741760551929,
        "dmean2": 1.03065598011,
        "dvar": 2.29274845123,
        "dvar2": 4.39697980881,
        "max": 19.6190128326,
        "mean": 1.49936556816,
        "median": 0.936924993992,
        "min": -2.30534052849,
        "var": 4.01511144638
    },
    "barkbands_spread": {
        "dmean": 6.38717889786,
        "dmean2": 8.98364257812,
        "dvar": 49.5839424133,
        "dvar2": 92.6866760254,
        "max": 88.1119995117,
        "mean": 31.9035453796,
        "median": 34.4361114502,
        "min": 0.340105324984,
        "var": 304.254486084
    },
    "dissonance": {
        "dmean": 0.0175026748329,
        "dmean2": 0.029596850276,
        "dvar": 0.000298099999782,
        "dvar2": 0.000867167545948,
        "max": 0.49956548214,
        "mean": 0.462167263031,
        "median": 0.471478968859,
        "min": 0.323664188385,
        "var": 0.000953640206717
    },
    "dynamic_complexity": 3.4602856636,
    "erbbands_crest": {
        "dmean": 2.50299692154,
        "dmean2": 4.03107404709,
        "dvar": 6.34257602692,
        "dvar2": 16.1349258423,
        "max": 28.8561477661,
        "mean": 9.67540740967,
        "median": 8.8506565094,
        "min": 2.6999437809,
        "var": 18.1757411957
    },
    "erbbands_flatness_db": {
        "dmean": 0.0124863190576,
        "dmean2": 0.0190706253052,
        "dvar": 0.000163912889548,
        "dvar2": 0.000375591363991,
        "max": 0.300725400448,
        "mean": 0.146545857191,
        "median": 0.133816376328,
        "min": 0.0723442882299,
        "var": 0.00177604856435
    },
    "erbbands_kurtosis": {
        "dmean": 0.681816577911,
        "dmean2": 1.10234713554,
        "dvar": 1.48998618126,
        "dvar2": 3.69761347771,
        "max": 18.4967098236,
        "mean": 0.172725722194,
        "median": -0.37069439888,
        "min": -1.73233044147,
        "var": 3.73533201218
    },
    "erbbands_skewness": {
        "dmean": 0.285182982683,
        "dmean2": 0.438926309347,
        "dvar": 0.10658723861,
        "dvar2": 0.257404983044,
        "max": 3.89041662216,
        "mean": 0.454594880342,
        "median": 0.341217637062,
        "min": -1.40395188332,
        "var": 0.412523686886
    },
    "erbbands_spread": {
        "dmean": 7.39779043198,
        "dmean2": 11.1511564255,
        "dvar": 78.4117965698,
        "dvar2": 170.600372314,
        "max": 132.705078125,
        "mean": 41.6625175476,
        "median": 38.0989189148,
        "min": 5.30498409271,
        "var": 311.501403809
    },
    "hfc": {
        "dmean": 9.34261894226,
        "dmean2": 13.908413887,
        "dvar": 191.626174927,
        "dvar2": 422.866668701,
        "max": 155.15713501,
        "mean": 39.5814704895,
        "median": 36.6968917847,
        "min": 0.198726907372,
        "var": 1023.25415039
    },
    "melbands_crest": {
        "dmean": 3.23742175102,
        "dmean2": 4.80322551727,
        "dvar": 9.17518615723,
        "dvar2": 20.8988838196,
        "max": 32.2280006409,
        "mean": 15.9079236984,
        "median": 14.7662153244,
        "min": 3.40088772774,
        "var": 41.5483627319
    },
    "melbands_flatness_db": {
        "dmean": 0.0300163533539,
        "dmean2": 0.0402873121202,
        "dvar": 0.00175370299257,
        "dvar2": 0.00312015763484,
        "max": 0.530792951584,
        "mean": 0.161528930068,
        "median": 0.140388458967,
        "min": 0.0210873186588,
        "var": 0.0065529756248
    },
    "melbands_kurtosis": {
        "dmean": 15.3987760544,
        "dmean2": 23.6138324738,
        "dvar": 2144.02807617,
        "dvar2": 4370.87939453,
        "max": 489.729431152,
        "mean": 18.7398948669,
        "median": 4.77265691757,
        "min": -1.61561620235,
        "var": 2484.06225586
    },
    "melbands_skewness": {
        "dmean": 0.904185652733,
        "dmean2": 1.26727735996,
        "dvar": 2.62967967987,
        "dvar2": 4.45093727112,
        "max": 17.5356349945,
        "mean": 2.65035820007,
        "median": 1.92042219639,
        "min": -0.470696538687,
        "var": 5.68058109283
    },
    "melbands_spread": {
        "dmean": 8.47495937347,
        "dmean2": 11.895108223,
        "dvar": 112.203475952,
        "dvar2": 204.045501709,
        "max": 197.318405151,
        "mean": 34.4062004089,
        "median": 33.6655197144,
        "min": 0.3821875453,
        "var": 506.74105835
    },
    "pitch_salience": {
        "dmean": 0.0708391591907,
        "dmean2": 0.107576295733,
        "dvar": 0.00727965822443,
        "dvar2": 0.0155094480142,
        "max": 0.798249185085,
        "mean": 0.480014264584,
        "median": 0.505664229393,
        "min": 0.0509614683688,
        "var": 0.0185100622475
    },
    "silence_rate_20dB": {
        "dmean": 0,
        "dmean2": 0,
        "dvar": 0,
        "dvar2": 0,
        "max": 1,
        "mean": 1,
        "median": 1,
        "min": 1,
        "var": 0
    },
    "silence_rate_30dB": {
        "dmean": 0.0541795678437,
        "dmean2": 0.108443066478,
        "dvar": 0.0512454509735,
        "dvar2": 0.0982306599617,
        "max": 1,
        "mean": 0.93348801136,
        "median": 1,
        "min": 0,
        "var": 0.0620888732374
    },
    "silence_rate_60dB": {
        "dmean": 0.0193498451263,
        "dmean2": 0.0379550717771,
        "dvar": 0.0189753882587,
        "dvar2": 0.0396129861474,
        "max": 1,
        "mean": 0.104408353567,
        "median": 0,
        "min": 0,
        "var": 0.093507617712
    },
    "spectral_centroid": {
        "dmean": 263.417388916,
        "dmean2": 379.37902832,
        "dvar": 90323.03125,
        "dvar2": 157549.125,
        "max": 4004.0324707,
        "mean": 1812.72351074,
        "median": 1954.07067871,
        "min": 131.326416016,
        "var": 470361.78125
    },
    "spectral_complexity": {
        "dmean": 4.22445821762,
        "dmean2": 6.2920217514,
        "dvar": 29.7456455231,
        "dvar2": 53.560546875,
        "max": 59,
        "mean": 24.1245174408,
        "median": 26,
        "min": 0,
        "var": 234.398422241
    },
    "spectral_decrease": {
        "dmean": 2.4968578316e-09,
        "dmean2": 3.25634008647e-09,
        "dvar": 2.07590206056e-17,
        "dvar2": 4.19351486894e-17,
        "max": -2.66224178119e-11,
        "mean": -9.09222030998e-09,
        "median": -7.2457559952e-09,
        "min": -4.52139410356e-08,
        "var": 7.92857183169e-17
    },
    "spectral_energy": {
        "dmean": 0.00969880726188,
        "dmean2": 0.0128913996741,
        "dvar": 0.000288580398774,
        "dvar2": 0.00060305534862,
        "max": 0.172135353088,
        "mean": 0.0379063114524,
        "median": 0.0328063443303,
        "min": 0.000141468815855,
        "var": 0.00119274738245
    },
    "spectral_energyband_high": {
        "dmean": 0.000806875468697,
        "dmean2": 0.00119079765864,
        "dvar": 1.5126248627e-06,
        "dvar2": 3.26796180161e-06,
        "max": 0.0151904402301,
        "mean": 0.00267483806238,
        "median": 0.00204820348881,
        "min": 1.95165625883e-06,
        "var": 7.36264655643e-06
    },
    "spectral_energyband_low": {
        "dmean": 0.00925011746585,
        "dmean2": 0.0115407556295,
        "dvar": 0.0004089763097,
        "dvar2": 0.000752911961172,
        "max": 0.171160280704,
        "mean": 0.0190041735768,
        "median": 0.00550684286281,
        "min": 2.72189890893e-06,
        "var": 0.0011032782495
    },
    "spectral_energyband_middle_high": {
        "dmean": 0.0024296422489,
        "dmean2": 0.00372806098312,
        "dvar": 1.06019997475e-05,
        "dvar2": 2.44852944888e-05,
        "max": 0.0358241274953,
        "mean": 0.00750798499212,
        "median": 0.00683176331222,
        "min": 4.52894091723e-05,
        "var": 4.0521761548e-05
    },
    "spectral_energyband_middle_low": {
        "dmean": 0.00251126522198,
        "dmean2": 0.0036357070785,
        "dvar": 9.10548988031e-06,
        "dvar2": 1.813709423e-05,
        "max": 0.0347559638321,
        "mean": 0.00915259309113,
        "median": 0.00852506700903,
        "min": 2.33973205468e-05,
        "var": 3.87297295674e-05
    },
    "spectral_entropy": {
        "dmean": 0.134671270847,
        "dmean2": 0.204699739814,
        "dvar": 0.0343697331846,
        "dvar2": 0.0804206803441,
        "max": 8.67664813995,
        "mean": 7.77647352219,
        "median": 7.95564222336,
        "min": 6.21877193451,
        "var": 0.242303296924
    },
    "spectral_flux": {
        "dmean": 0.024635123089,
        "dmean2": 0.0334747210145,
        "dvar": 0.000958881399129,
        "dvar2": 0.00141225743573,
        "max": 0.344442814589,
        "mean": 0.0871669054031,
        "median": 0.079042904079,
        "min": 0.00488885305822,
        "var": 0.00370225729421
    },
    "spectral_kurtosis": {
        "dmean": 0.732042789459,
        "dmean2": 1.21192002296,
        "dvar": 0.854033470154,
        "dvar2": 2.31615567207,
        "max": 14.4932479858,
        "mean": 2.80169773102,
        "median": 2.46435642242,
        "min": -0.553161859512,
        "var": 2.93959975243
    },
    "spectral_rms": {
        "dmean": 0.000657671131194,
        "dmean2": 0.000878240040038,
        "dvar": 7.54397717628e-07,
        "dvar2": 1.54107931394e-06,
        "max": 0.012959048152,
        "mean": 0.0054109795019,
        "median": 0.00565740140155,
        "min": 0.000371508212993,
        "var": 7.70303813624e-06
    },
    "spectral_rolloff": {
        "dmean": 669.597229004,
        "dmean2": 995.430664062,
        "dvar": 814587.3125,
        "dvar2": 1617824.375,
        "max": 11541.796875,
        "mean": 2454.77368164,
        "median": 2088.72070312,
        "min": 64.599609375,
        "var": 3735935
    },
    "spectral_skewness": {
        "dmean": 0.135101675987,
        "dmean2": 0.216261073947,
        "dvar": 0.02226812765,
        "dvar2": 0.0541374273598,
        "max": 2.95860743523,
        "mean": 1.35832023621,
        "median": 1.30387949944,
        "min": 0.623932719231,
        "var": 0.11146363616
    },
    "spectral_spread": {
        "dmean": 468043.34375,
        "dmean2": 691016.0625,
        "dvar": 351304712192,
        "dvar2": 541825466368,
        "max": 17994332,
        "mean": 5682860.5,
        "median": 5480444.5,
        "min": 2506184.75,
        "var": 1.65497588941e+12
    },
    "spectral_strongpeak": {
        "dmean": 0.493133068085,
        "dmean2": 0.826160907745,
        "dvar": 0.643866479397,
        "dvar2": 1.59705471992,
        "max": 8.23435592651,
        "mean": 1.07864165306,
        "median": 0.699406027794,
        "min": 0.0206210445613,
        "var": 1.10712575912
    },
    "zerocrossingrate": {
        "dmean": 0.0142342299223,
        "dmean2": 0.0147426137701,
        "dvar": 0.000216088286834,
        "dvar2": 0.000227168304264,
        "max": 0.36767578125,
        "mean": 0.0900748595595,
        "median": 0.0869140625,
        "min": 0.0048828125,
        "var": 0.0022978563793
    },
    "barkbands": {
        "dmean": [0.000160346651683, 0.00864739529788, 0.00257238396443, 0.000283353205305, 0.000393611087929, 0.000608365691733, 0.000317723257467, 0.000821118825115, 0.00135729683097, 0.00036799145164, 0.000713895831723, 0.000314542092383, 0.000458411377622, 0.000463483593194, 0.000598468410317, 0.000545345188584, 0.000412333873101, 0.000225012656301, 0.000237322790781, 0.000220699017518, 0.000241625122726, 0.000202629351406, 0.000152678490849, 0.000168452737853, 0.000156701877131, 8.35499595269e-05, 3.24825748521e-07],
        "dmean2": [0.000182535426575, 0.0111675811931, 0.00462819635868, 0.000484988675453, 0.000644729123451, 0.000968894339167, 0.000516461848747, 0.00117420090828, 0.00191219919361, 0.000574725912884, 0.00111712375656, 0.000511313148309, 0.000734941917472, 0.000739747076295, 0.000949492678046, 0.000846604176331, 0.000664099294227, 0.000367923290469, 0.000387530191801, 0.000345796230249, 0.000388242508052, 0.000325630040606, 0.000242646448896, 0.000265003269305, 0.00024625408696, 0.000127343228087, 5.62965396966e-07],
        "dvar": [1.05763973579e-07, 0.000375647650799, 7.01262251823e-05, 3.89780296928e-07, 5.83354449191e-07, 8.62994511408e-07, 2.60173948163e-07, 2.19956496039e-06, 4.70161239718e-06, 3.69877710682e-07, 1.33844491756e-06, 3.07531109911e-07, 6.16574368451e-07, 6.00350119839e-07, 9.51103800162e-07, 6.60266380237e-07, 3.65286865645e-07, 9.43040774359e-08, 8.67162555096e-08, 7.89736986917e-08, 1.06593354587e-07, 7.48071187218e-08, 5.54303802858e-08, 7.15678254437e-08, 7.94899577272e-08, 3.36772387755e-08, 9.14422725908e-13],
        "dvar2": [1.46452961758e-07, 0.000703992554918, 0.000195140411961, 1.00770432709e-06, 1.41705515944e-06, 1.91562435248e-06, 6.54861935345e-07, 3.82889766115e-06, 8.32247496874e-06, 8.67091159762e-07, 3.27145630763e-06, 7.42407848975e-07, 1.48029039337e-06, 1.50175310409e-06, 2.33472246691e-06, 1.45008959862e-06, 9.01256839825e-07, 2.37435088479e-07, 2.15448423546e-07, 1.92166751845e-07, 2.67047369107e-07, 1.81184375947e-07, 1.27558138274e-07, 1.72293994183e-07, 1.84031890171e-07, 7.81724054377e-08, 2.46513942072e-12],
        "max": [0.00347354728729, 0.149146541953, 0.0529547221959, 0.00706335669383, 0.0100533822551, 0.0135138742626, 0.00419815443456, 0.0242146365345, 0.0249973982573, 0.0064782993868, 0.0113046336919, 0.00896398723125, 0.00707437470555, 0.00646566273645, 0.00876813568175, 0.0102164754644, 0.00669797649607, 0.00346798705868, 0.00346891605295, 0.00297313113697, 0.00496354326606, 0.0029618286062, 0.003767227754, 0.00398667156696, 0.00393008673564, 0.00230996171013, 1.8208849724e-05],
        "mean": [0.000323316839058, 0.0161022618413, 0.00238018063828, 0.000346981629264, 0.000598174578045, 0.00145048252307, 0.000581338535994, 0.00211562868208, 0.00356181361713, 0.000711632659659, 0.00108862877823, 0.000460030481918, 0.000744894845411, 0.00071470963303, 0.00105749478098, 0.00100075802766, 0.000766564684454, 0.000502385373693, 0.000517783511896, 0.000460560171632, 0.000566884642467, 0.000500095717143, 0.000364153413102, 0.000431360618677, 0.000404364080168, 0.000153418528498, 3.25639803123e-07],
        "median": [3.72010617866e-05, 0.00389701104723, 0.000166789963259, 7.86498785601e-05, 0.000256205297774, 0.000725814374164, 0.000286495574983, 0.000580337597057, 0.000995307695121, 0.00032502374961, 0.000566234230064, 0.000228876961046, 0.000321763393003, 0.000332829426043, 0.000356012111297, 0.000493100145832, 0.000519754074048, 0.000370812456822, 0.00039956625551, 0.000318219652399, 0.000460746930912, 0.00036363286199, 0.000257837644313, 0.000284967449261, 0.000216518179514, 7.19830422895e-05, 1.15304423787e-08],
        "min": [6.51600162715e-11, 5.6283411709e-08, 8.2769531673e-08, 2.87956225975e-07, 1.61679326993e-06, 1.96703490474e-06, 8.40003792746e-07, 3.55612570502e-07, 1.17274248623e-06, 1.29034026486e-06, 1.92144761968e-06, 2.53782718573e-06, 6.53506901926e-07, 8.20629338705e-07, 6.43494274755e-07, 6.68900781875e-07, 2.21324441441e-07, 2.50215805409e-07, 6.45527791221e-07, 4.56554971606e-07, 5.34005437203e-07, 1.76424961751e-07, 8.02588147053e-08, 6.59576215867e-08, 4.8199087388e-08, 5.99274015828e-12, 5.24525995554e-12],
        "var": [3.87393129131e-07, 0.00088669982506, 4.98385052197e-05, 4.37427786437e-07, 1.01724037904e-06, 3.6975097828e-06, 4.74331443456e-07, 1.35460122692e-05, 2.08989695238e-05, 8.71613565323e-07, 2.37645281231e-06, 4.66647179564e-07, 1.1680751868e-06, 9.93146272776e-07, 2.41710267801e-06, 1.72043405655e-06, 8.19557214982e-07, 2.70460873253e-07, 2.49264900276e-07, 2.27177451961e-07, 3.26356968117e-07, 2.62499384007e-07, 1.78286470032e-07, 2.46376544055e-07, 2.98460577142e-07, 5.64901618816e-08, 9.79534704217e-13]
    },
    "erbbands": {
        "dmean": [0.245091721416, 2.15757703781, 3.65445256233, 1.37976861, 0.897790491581, 1.36555564404, 2.98946022987, 5.68199396133, 4.55410432816, 13.7723312378, 14.9707965851, 36.3305244446, 13.6855421066, 7.35429811478, 34.5222854614, 14.1817235947, 20.8046855927, 24.6354351044, 12.907122612, 44.9409561157, 20.8147659302, 17.4777603149, 13.9045534134, 15.514752388, 9.1475687027, 11.2248363495, 10.5471096039, 8.43914890289, 7.10139942169, 6.34714746475, 4.61273336411, 3.55329823494, 2.83904480934, 2.03699874878, 1.16536748409, 0.465313881636, 0.151902660728, 0.0116066047922, 0.00023720410536, 2.21324262384e-05],
        "dmean2": [0.285347223282, 2.98159384727, 6.19250440598, 2.38343644142, 1.5391818285, 2.25899362564, 4.81727838516, 9.14994049072, 7.25134706497, 19.1371021271, 22.0324440002, 50.2360153198, 20.8825016022, 11.9644212723, 54.1823616028, 22.6512775421, 32.9909210205, 38.93491745, 21.5141372681, 70.0952911377, 33.2939567566, 28.156337738, 22.2468528748, 24.4250068665, 15.2604446411, 17.6502761841, 16.9137458801, 13.6808300018, 11.5152158737, 9.98089694977, 7.29687261581, 5.56066703796, 4.45403051376, 3.16846418381, 1.86692988873, 0.733179330826, 0.235053524375, 0.0180063825101, 0.000362933526048, 3.27455672959e-05],
        "dvar": [0.265752136707, 26.5987300873, 124.53881073, 12.3421859741, 4.44191360474, 10.3343763351, 28.4322414398, 93.5000152588, 59.2289733887, 714.629272461, 568.191040039, 3362.98413086, 509.253143311, 137.649536133, 3407.38549805, 613.701049805, 1201.48950195, 1590.15551758, 540.741577148, 4546.79394531, 953.056091309, 611.721984863, 354.150878906, 427.866485596, 143.647689819, 205.586517334, 225.582519531, 151.8203125, 98.5116119385, 76.0990982056, 46.8911247253, 32.78515625, 20.9062976837, 13.1230163574, 4.5039730072, 0.896778762341, 0.166498154402, 0.000644978601485, 2.81668462776e-07, 1.49009482531e-09],
        "dvar2": [0.362608611584, 55.5939331055, 334.848724365, 32.747844696, 11.4844532013, 25.1690940857, 63.4729270935, 212.421264648, 141.583709717, 1200.29821777, 1171.94091797, 5966.421875, 1164.99365234, 349.333862305, 8293.74804688, 1401.38818359, 2862.07592773, 3910.13208008, 1486.59558105, 10909.8994141, 2256.09863281, 1534.15283203, 864.163330078, 1025.6060791, 369.195465088, 482.105285645, 573.541320801, 388.202850342, 238.632995605, 175.83026123, 109.698669434, 78.8852005005, 50.1506729126, 30.6568393707, 11.2581329346, 2.07003259659, 0.407972931862, 0.00142224237788, 6.30556201031e-07, 3.61171093033e-09],
        "max": [4.49514007568, 39.1641426086, 79.7606735229, 24.2866039276, 28.7077655792, 55.0567512512, 77.0174179077, 170.313613892, 89.1628036499, 473.699310303, 608.247619629, 674.345153809, 299.201721191, 125.710258484, 584.988098145, 412.10168457, 304.818481445, 350.843139648, 249.862487793, 637.464538574, 293.820892334, 266.583068848, 193.315658569, 277.932922363, 155.508026123, 170.042648315, 268.630279541, 159.143783569, 108.714569092, 114.136474609, 95.3872299194, 82.5606842041, 62.2169837952, 45.8273391724, 28.4564590454, 13.8461551666, 6.47839689255, 0.343290179968, 0.00667920522392, 0.000492563354783],
        "mean": [0.475508153439, 3.46912503242, 3.94501876831, 1.61963009834, 1.11481559277, 2.06079292297, 6.51270961761, 12.5804901123, 9.60276222229, 35.7031173706, 39.314491272, 96.5181884766, 31.8375167847, 13.3761024475, 52.6069450378, 24.6676521301, 35.3753242493, 41.2731132507, 23.8436641693, 86.4687957764, 44.3359603882, 35.2937812805, 32.2145652771, 32.5224876404, 20.2615604401, 23.6070747375, 24.0598659515, 19.0945205688, 17.6177787781, 15.0459566116, 10.9198513031, 8.22914505005, 7.27873659134, 5.08656740189, 2.60585927963, 0.949362456799, 0.252512514591, 0.0167929399759, 0.000418168667238, 7.54962311476e-05],
        "median": [0.102472707629, 0.781855642796, 0.475375205278, 0.286564946175, 0.380016922951, 0.904234945774, 2.73462939262, 5.54821014404, 4.79936695099, 8.09572315216, 28.5540542603, 27.2712364197, 17.0186042786, 9.3313369751, 26.0460014343, 14.77780056, 17.017583847, 21.8212165833, 17.6605548859, 46.42212677, 28.9014987946, 27.2414169312, 26.0439910889, 22.7383460999, 17.2635765076, 16.4547386169, 18.2531204224, 15.064239502, 13.9212322235, 10.3282117844, 7.68657445908, 5.40021753311, 4.35566854477, 2.64329481125, 1.34455347061, 0.432624816895, 0.11410100013, 0.00673373695463, 0.000202523369808, 6.83781254338e-05],
        "min": [1.82431722351e-06, 6.81026649545e-05, 0.000567355949897, 0.00272161280736, 0.00299642095342, 0.00679960986599, 0.00342604913749, 0.0137946652249, 0.0289827734232, 0.0873082503676, 0.0651861727238, 0.0391856431961, 0.0498874150217, 0.0696145147085, 0.197087705135, 0.132918149233, 0.0555710233748, 0.0532541275024, 0.049365311861, 0.0286914501339, 0.0339306555688, 0.0176113769412, 0.0329585112631, 0.0444477684796, 0.0197723861784, 0.0233842227608, 0.0180783309042, 0.0120187411085, 0.00769868586212, 0.005858970806, 0.00214314414188, 0.000326431094436, 0.000762032403145, 0.000410588545492, 6.68744105496e-05, 2.88755359179e-06, 5.31093974132e-07, 1.15444613868e-07, 1.57866566042e-07, 3.1656571764e-07],
        "var": [0.838018834591, 47.4334907532, 106.410575867, 11.2257986069, 4.92945575714, 16.4063911438, 102.474952698, 314.868652344, 151.162368774, 4741.54541016, 2026.3762207, 15268.6113281, 1504.78771973, 212.022598267, 5848.38769531, 1070.75732422, 2416.19555664, 2936.5859375, 786.510314941, 12077.0009766, 2526.96630859, 1441.49389648, 1086.00769043, 1224.97473145, 376.339019775, 589.481933594, 590.3046875, 401.701751709, 311.24710083, 272.340545654, 157.159301758, 90.5989456177, 81.9397506714, 47.9794425964, 13.607624054, 2.04705166817, 0.202329128981, 0.000909664959181, 4.33344638395e-07, 4.45597070353e-09]
    },
    "gfcc": {
        "mean": [26.2491416931, 49.4172058105, -124.849189758, 28.9667358398, -70.0531768799, 24.3838253021, -36.7609596252, 25.8984889984, -19.5316963196, 15.9183692932, -15.4912309647, 5.96879529953, -8.85786819458],
        "cov": [[7859.49755859, -1447.93762207, 297.764068604, 796.797607422, 912.487060547, 1084.16674805, 434.247039795, 776.876403809, 775.302307129, 445.536895752, -333.080871582, 16.0849075317, -300.816772461], [-1447.93762207, 811.840820312, -10.1462202072, -111.461349487, -22.7878036499, -183.011962891, 38.0647926331, -136.596206665, -47.5229187012, -117.64466095, 85.2166442871, -67.318572998, 45.5735359192], [297.764068604, -10.1462202072, 627.495666504, 254.807403564, 185.657714844, 208.706008911, 110.280815125, 100.200080872, 11.0093698502, 58.6984672546, 12.4285144806, 47.07762146, 8.07735729218], [796.797607422, -111.461349487, 254.807403564, 434.786804199, 253.165466309, 279.170440674, 116.251075745, 142.569992065, 149.55456543, 40.8104057312, 9.26471233368, -15.8547525406, 4.16026258469], [912.487060547, -22.7878036499, 185.657714844, 253.165466309, 365.060241699, 285.58795166, 185.534591675, 178.208984375, 204.798446655, 67.114402771, -18.6871681213, -23.1316699982, -45.199180603], [1084.16674805, -183.011962891, 208.706008911, 279.170440674, 285.58795166, 389.454589844, 211.130279541, 210.966140747, 190.113449097, 88.3065643311, -1.96666026115, -27.0084018707, -41.472492218], [434.247039795, 38.0647926331, 110.280815125, 116.251075745, 185.534591675, 211.130279541, 253.841262817, 156.830505371, 146.257217407, 71.7665405273, 24.2339115143, -19.1573181152, -31.2909832001], [776.876403809, -136.596206665, 100.200080872, 142.569992065, 178.208984375, 210.966140747, 156.830505371, 220.333816528, 185.140716553, 97.3787078857, -11.7666339874, -4.91473150253, -25.077085495], [775.302307129, -47.5229187012, 11.0093698502, 149.55456543, 204.798446655, 190.113449097, 146.257217407, 185.140716553, 277.197937012, 102.818077087, -18.7741794586, -38.696434021, -31.7421321869], [445.536895752, -117.64466095, 58.6984672546, 40.8104057312, 67.114402771, 88.3065643311, 71.7665405273, 97.3787078857, 102.818077087, 137.253341675, 14.6815729141, 19.4463100433, -9.9195318222], [-333.080871582, 85.2166442871, 12.4285144806, 9.26471233368, -18.6871681213, -1.96666026115, 24.2339115143, -11.7666339874, -18.7741794586, 14.6815729141, 96.4762420654, 22.53997612, 27.2892856598], [16.0849075317, -67.318572998, 47.07762146, -15.8547525406, -23.1316699982, -27.0084018707, -19.1573181152, -4.91473150253, -38.696434021, 19.4463100433, 22.53997612, 117.873779297, 44.1838417053], [-300.816772461, 45.5735359192, 8.07735729218, 4.16026258469, -45.199180603, -41.472492218, -31.2909832001, -25.077085495, -31.7421321869, -9.9195318222, 27.2892856598, 44.1838417053, 102.903900146]],
        "icov": [[0.000440409756266, 0.000233032624237, 0.000276016566204, -0.000297918450087, -0.000240520894295, -0.000684923841618, 0.000234057413763, -0.000161668984219, -0.000122648634715, -0.000596582423896, 0.00119587418158, -0.000685529783368, 0.000706573249772], [0.000233032624237, 0.00419566361234, -0.00135762162972, 0.0012680728687, -0.002477835631, 0.00370991858654, -0.00297184963711, 0.00261763250455, -0.00277319387533, 0.00345714320429, -0.00341290351935, 0.00293546332978, -0.00185809179675], [0.000276016566204, -0.00135762162972, 0.00360485562123, -0.00220267334953, -0.000305283174384, -0.00204212917015, 0.000640905578621, -0.00171008892357, 0.00369267421775, -0.00328552094288, 0.00287092733197, -0.00223437603563, 0.00105562666431], [-0.000297918450087, 0.0012680728687, -0.00220267334953, 0.00695746671408, -0.00231913267635, -0.00154231954366, 0.00115511345211, 0.00115996680688, -0.00286709633656, 0.00364357768558, -0.00396627141163, 0.00236514513381, -0.00304406043142], [-0.000240520894295, -0.002477835631, -0.000305283174384, -0.00231913267635, 0.011015413329, -0.00499470718205, -0.000438718299847, -5.89382470935e-05, -0.00286343786865, 5.43332280358e-05, 0.0031363684684, -0.00325635354966, 0.00287802680396], [-0.000684923841618, 0.00370991858654, -0.00204212917015, -0.00154231954366, -0.00499470718205, 0.016054738313, -0.0064919530414, -0.00160004221834, -0.000481050548842, 0.00339619792067, -0.00572748202831, 0.00560585549101, -0.00221915892325], [0.000234057413763, -0.00297184963711, 0.000640905578621, 0.00115511345211, -0.000438718299847, -0.0064919530414, 0.0128900604323, -0.00587179791182, 0.000956085335929, -0.00232215924188, -0.00072616012767, -0.00167999661062, 0.00256793131121], [-0.000161668984219, 0.00261763250455, -0.00171008892357, 0.00115996680688, -5.89382470935e-05, -0.00160004221834, -0.00587179791182, 0.0198335740715, -0.00881772488356, -0.000261417299043, -9.45658212004e-06, -0.000337683799444, -0.00176510692108], [-0.000122648634715, -0.00277319387533, 0.00369267421775, -0.00286709633656, -0.00286343786865, -0.000481050548842, 0.000956085335929, -0.00881772488356, 0.0161496251822, -0.00800056103617, 0.00397226959467, 0.00160488346592, -0.000146152917296], [-0.000596582423896, 0.00345714320429, -0.00328552094288, 0.00364357768558, 5.43332280358e-05, 0.00339619792067, -0.00232215924188, -0.000261417299043, -0.00800056103617, 0.0184143353254, -0.00857576820999, 0.000707993807737, -0.00126427027863], [0.00119587418158, -0.00341290351935, 0.00287092733197, -0.00396627141163, 0.0031363684684, -0.00572748202831, -0.00072616012767, -9.45658212004e-06, 0.00397226959467, -0.00857576820999, 0.0214170832187, -0.00646540476009, 0.00128360034432], [-0.000685529783368, 0.00293546332978, -0.00223437603563, 0.00236514513381, -0.00325635354966, 0.00560585549101, -0.00167999661062, -0.000337683799444, 0.00160488346592, 0.000707993807737, -0.00646540476009, 0.0163698848337, -0.00773931201547], [0.000706573249772, -0.00185809179675, 0.00105562666431, -0.00304406043142, 0.00287802680396, -0.00221915892325, 0.00256793131121, -0.00176510692108, -0.000146152917296, -0.00126427027863, 0.00128360034432, -0.00773931201547, 0.0161825735122]]
    },
    "melbands": {
        "dmean": [0.00228853081353, 0.0021535474807, 0.000237064698013, 7.37062073313e-05, 9.53064591158e-05, 0.00012447500194, 6.52731614537e-05, 0.000167992227944, 0.000153591958224, 0.000208247787668, 6.62833117531e-05, 2.75258298643e-05, 9.984272765e-05, 5.56946979486e-05, 3.82637990697e-05, 4.40385192633e-05, 5.24221286469e-05, 2.13481198443e-05, 3.98185329686e-05, 6.53032111586e-05, 2.00132853934e-05, 1.69906888914e-05, 2.32036072703e-05, 1.0167785149e-05, 1.40723232107e-05, 7.35475896363e-06, 6.67551194056e-06, 8.27565054351e-06, 6.45195541438e-06, 6.55693111185e-06, 5.93434788243e-06, 4.10204529544e-06, 4.81016468257e-06, 3.35656045536e-06, 2.99402790915e-06, 2.54222959484e-06, 2.32409024647e-06, 2.09081622415e-06, 2.25791200137e-06, 1.76642333827e-06],
        "dmean2": [0.00281295739114, 0.00324669480324, 0.000407306099078, 0.000124570025946, 0.000154283319716, 0.000200577065698, 0.000105021965283, 0.000233611746808, 0.000219127730816, 0.00029094715137, 0.000102896236058, 4.56394081993e-05, 0.000156465306645, 8.85577028384e-05, 6.17515761405e-05, 7.16101349099e-05, 8.24760427349e-05, 3.59163386747e-05, 6.42645900371e-05, 9.99596522888e-05, 3.30439506797e-05, 2.77223552985e-05, 3.73012007913e-05, 1.64097600646e-05, 2.23297683988e-05, 1.24873595269e-05, 1.09727379822e-05, 1.31215720103e-05, 1.04671880763e-05, 1.07342448246e-05, 9.71432473307e-06, 6.69619839755e-06, 7.7045897342e-06, 5.36746892976e-06, 4.83261374029e-06, 4.09688709624e-06, 3.70439329345e-06, 3.34344417752e-06, 3.6611863834e-06, 2.79032246908e-06],
        "dvar": [2.41437501245e-05, 3.22383093589e-05, 3.48396184791e-07, 2.66836828189e-08, 2.64333603894e-08, 4.06146547505e-08, 1.20556915562e-08, 1.08468199755e-07, 5.77790046918e-08, 1.10886247739e-07, 1.28378045972e-08, 2.28163199445e-09, 2.68200750497e-08, 7.6577819641e-09, 4.41011316354e-09, 6.22920826032e-09, 7.01166724681e-09, 1.62182844932e-09, 4.30977609156e-09, 7.5304917857e-09, 1.18384568815e-09, 5.70975933201e-10, 1.30802246812e-09, 2.04650019153e-10, 3.61076224475e-10, 9.74491182193e-11, 9.17534451195e-11, 1.12188064394e-10, 8.24701071322e-11, 8.27752172361e-11, 7.7108402996e-11, 3.58547601331e-11, 4.41156798592e-11, 2.21931223399e-11, 1.93076544336e-11, 1.79302527686e-11, 1.37629725325e-11, 1.03731433165e-11, 1.55365702942e-11, 9.453528238e-12],
        "dvar2": [3.84997365472e-05, 7.80306581873e-05, 9.17489558105e-07, 6.78250557939e-08, 6.02449858889e-08, 9.13595954444e-08, 2.97847968511e-08, 1.81361869522e-07, 1.13828527049e-07, 1.99925949573e-07, 3.00135702958e-08, 5.7270947984e-09, 6.56875727145e-08, 1.81754380435e-08, 1.02479633668e-08, 1.53121870738e-08, 1.68471938622e-08, 4.50738157909e-09, 1.0697231545e-08, 1.67771894155e-08, 3.00459213065e-09, 1.42825518079e-09, 3.29303118107e-09, 5.44783662626e-10, 8.70546079668e-10, 2.53717463705e-10, 2.18575102462e-10, 2.81655948564e-10, 2.05680361631e-10, 2.06842737382e-10, 1.99359112552e-10, 8.5468410127e-11, 1.12760183135e-10, 5.09604233812e-11, 4.71002924163e-11, 4.47724392283e-11, 3.4182469355e-11, 2.5140157317e-11, 3.69838534797e-11, 2.26757831262e-11],
        "max": [0.0413424372673, 0.045854896307, 0.00394489336759, 0.00213864515536, 0.00228285114281, 0.00329037732445, 0.00113731983583, 0.00581684429199, 0.00628631282598, 0.00362541549839, 0.00140665343497, 0.000554934376851, 0.00170976435766, 0.00108805065975, 0.000576271209866, 0.000778377463575, 0.000753608881496, 0.00036502617877, 0.000594017794356, 0.00102438975591, 0.000340533530107, 0.000226083371672, 0.000424643105362, 0.000147604208905, 0.000254906422924, 0.000126985571114, 0.000141983095091, 0.000107338935777, 0.000144944307976, 0.000152805019752, 0.00013020845654, 6.51568479952e-05, 8.53825040394e-05, 7.06178470864e-05, 5.18860251759e-05, 5.70640077058e-05, 5.22008194821e-05, 4.4453987357e-05, 5.3744399338e-05, 3.62441933248e-05],
        "mean": [0.0044134920463, 0.00304689118639, 0.000280944106635, 9.71326153376e-05, 0.00021018035477, 0.000287081988063, 0.000132362605655, 0.000436542672105, 0.000400518038077, 0.000549636315554, 0.000136509654112, 4.25820144301e-05, 0.000151856933371, 8.93310352694e-05, 6.29332280369e-05, 7.17586808605e-05, 8.16902029328e-05, 3.3187057852e-05, 7.09427549737e-05, 0.000126828352222, 3.88504486182e-05, 3.33529278578e-05, 4.29391220678e-05, 2.2646961952e-05, 2.71232802334e-05, 1.47292766997e-05, 1.32971172206e-05, 1.62247779372e-05, 1.4099402506e-05, 1.35498157761e-05, 1.11747558549e-05, 9.59148655966e-06, 1.02007807072e-05, 7.44549333831e-06, 6.61278409098e-06, 5.02142393088e-06, 5.03054980072e-06, 4.80130120195e-06, 5.54656116947e-06, 3.7937165871e-06],
        "median": [0.00110347545706, 0.000606879359111, 4.89077974635e-05, 4.00691205868e-05, 9.77756062639e-05, 0.0001320601732, 6.2128456193e-05, 0.000101312121842, 0.000238374661421, 0.000158412003657, 6.01074862061e-05, 2.53857833741e-05, 7.83430878073e-05, 5.27902338945e-05, 3.3043383155e-05, 2.99950970657e-05, 3.55979354936e-05, 2.0752524506e-05, 2.5730325433e-05, 8.28453557915e-05, 2.27216860367e-05, 2.43416379817e-05, 2.92771346722e-05, 1.63569275173e-05, 1.71623323695e-05, 1.11717672553e-05, 9.33407227421e-06, 1.07827845568e-05, 1.04820874185e-05, 1.00138595371e-05, 7.97054144641e-06, 7.56286863179e-06, 6.99201518728e-06, 4.92244953421e-06, 4.47864476882e-06, 3.0274677556e-06, 3.25798168888e-06, 2.79967889583e-06, 2.65308494818e-06, 1.94355015992e-06],
        "min": [2.5085457267e-08, 1.52261478092e-07, 3.7902020722e-07, 3.50463551513e-07, 1.46604477891e-07, 3.3933162058e-07, 3.27354882756e-07, 2.02889282264e-07, 2.94460818395e-07, 2.55328814092e-07, 2.30223761832e-07, 5.68589193506e-08, 3.10336560005e-07, 4.54850152209e-07, 1.40627975043e-07, 7.41129895232e-08, 7.68358034975e-08, 6.22487590363e-08, 2.9107630084e-08, 5.78929082451e-08, 2.99764515432e-08, 9.85129755549e-09, 3.52520963531e-08, 1.20399494818e-08, 2.20807709894e-08, 6.82654599515e-09, 1.27859447474e-08, 1.41294940192e-08, 1.09071160992e-08, 5.19523624121e-09, 4.83161155529e-09, 2.87504886565e-09, 3.19127968496e-09, 2.80185452617e-09, 9.17333708994e-10, 6.58367180217e-11, 7.99970020782e-11, 4.34105140723e-10, 5.31088888145e-11, 7.36579471462e-13],
