{
"highlevel": {
    "danceability": {
        "all": {
            "danceable": 0.990332424641,
            "not_danceable": 0.00966758932918
        },
        "probability": 0.990332424641,
        "value": "danceable"
    },
    "gender": {
        "all": {
            "female": 0.833828687668,
            "male": 0.166171297431
        },
        "probability": 0.833828687668,
        "value": "female"
    },
    "genre_dortmund": {
        "all": {
            "alternative": 0.39477840066,
            "blues": 0.0363714471459,
            "electronic": 0.0464970581234,
            "folkcountry": 0.147272154689,
            "funksoulrnb": 0.00376843032427,
            "jazz": 0.0437098145485,
            "pop": 0.0601037144661,
            "raphiphop": 0.00386030203663,
            "rock": 0.263638675213
        },
        "probability": 0.39477840066,
        "value": "alternative"
    },
    "genre_electronic": {
        "all": {
            "ambient": 0.558184087276,
            "dnb": 0.0630522072315,
            "house": 0.263803839684,
            "techno": 0.0242033116519,
            "trance": 0.0907565653324
        },
        "probability": 0.558184087276,
        "value": "ambient"
    },
    "genre_rosamerica": {
        "all": {
            "cla": 0.0250824540854,
            "dan": 0.0716632530093,
            "hip": 0.0658324211836,
            "jaz": 0.0291096325964,
            "pop": 0.277697384357,
            "rhy": 0.353076785803,
            "roc": 0.149217531085,
            "spe": 0.0283205509186
        },
        "probability": 0.353076785803,
        "value": "rhy"
    },
    "genre_tzanetakis": {
        "all": {
            "blu": 0.0629312619567,
            "cla": 0.0347195751965,
            "cou": 0.104241982102,
            "dis": 0.0783602446318,
            "hip": 0.157113686204,
            "jaz": 0.313093781471,
            "met": 0.0446908436716,
            "pop": 0.0625598952174,
            "reg": 0.0639569163322,
            "roc": 0.0783318132162
        },
        "probability": 0.313093781471,
        "value": "jaz"
    },
    "ismir04_rhythm": {
        "all": {
            "ChaChaCha": 0.00863299891353,
            "Jive": 0.00151031871792,
            "Quickstep": 0.00340758706443,
            "Rumba-American": 0.0118381138891,
            "Rumba-International": 0.0804425925016,
            "Rumba-Misc": 0.00625968305394,
            "Samba": 0.0143640711904,
            "Tango": 0.727124154568,
            "VienneseWaltz": 0.107538297772,
            "Waltz": 0.0388821735978
        },
        "probability": 0.727124154568,
        "value": "Tango"
    },
    "mood_acoustic": {
        "all": {
            "acoustic": 0.272662162781,
            "not_acoustic": 0.727337837219
        },
        "probability": 0.727337837219,
        "value": "not_acoustic"
    },
    "mood_aggressive": {
        "all": {
            "aggressive": 0.00566596165299,
            "not_aggressive": 0.994334042072
        },
        "probability": 0.994334042072,
        "value": "not_aggressive"
    },
    "mood_electronic": {
        "all": {
            "electronic": 0.188090026379,
            "not_electronic": 0.811909973621
        },
        "probability": 0.811909973621,
        "value": "not_electronic"
    },
    "mood_happy": {
        "all": {
            "happy": 0.252055466175,
            "not_happy": 0.747944533825
        },
        "probability": 0.747944533825,
        "value": "not_happy"
    },
    "mood_party": {
        "all": {
            "not_party": 0.973864972591,
            "party": 0.0261350180954
        },
        "probability": 0.973864972591,
        "value": "not_party"
    },
    "mood_relaxed": {
        "all": {
            "not_relaxed": 0.0797031074762,
            "relaxed": 0.920296907425
        },
        "probability": 0.920296907425,
        "value": "relaxed"
    },
    "mood_sad": {
        "all": {
            "not_sad": 0.15049418807,
            "sad": 0.849505782127
        },
        "probability": 0.849505782127,
        "value": "sad"
    },
    "moods_mirex": {
        "all": {
            "Cluster1": 0.206861168146,
            "Cluster2": 0.2519929111,
            "Cluster3": 0.454574972391,
            "Cluster4": 0.050292827189,
            "Cluster5": 0.0362781248987
        },
        "probability": 0.454574972391,
        "value": "Cluster3"
    },
    "timbre": {
        "all": {
            "bright": 0.533277869225,
            "dark": 0.466722130775
        },
        "probability": 0.533277869225,
        "value": "bright"
    },
    "tonal_atonal": {
        "all": {
            "atonal": 0.0959784686565,
            "tonal": 0.904021561146
        },
        "probability": 0.904021561146,
        "value": "tonal"
    },
    "voice_instrumental": {
        "all": {
            "instrumental": 0.00435969280079,
            "voice": 0.995640277863
        },
        "probability": 0.995640277863,
        "value": "voice"
    }
},
"lowlevel": {
    "average_loudness": 0.970866560936,
    "barkbands_crest": {
        "dmean": 2.10204982758,
        "dmean2": 3.28308057785,
        "dvar": 5.10320997238,
        "dvar2": 12.5230064392,
        "max": 25.1264152527,
        "mean": 13.2008323669,
        "median": 12.6270074844,
        "min": 4.12048196793,
        "var": 22.8118419647
    },
    "barkbands_flatness_db": {
        "dmean": 0.0251483507454,
        "dmean2": 0.0374969393015,
        "dvar": 0.000694123620633,
        "dvar2": 0.00124655256514,
        "max": 0.485783874989,
        "mean": 0.264439612627,
        "median": 0.256405115128,
        "min": 0.10094910115,
        "var": 0.0061098379083
    },
    "barkbands_kurtosis": {
        "dmean": 4.84043931961,
        "dmean2": 7.53701877594,
        "dvar": 93.6041259766,
        "dvar2": 239.717422485,
        "max": 221.920715332,
        "mean": 11.1952457428,
        "median": 6.41549777985,
        "min": -1.41537892818,
        "var": 218.620605469
    },
    "barkbands_skewness": {
        "dmean": 0.534792542458,
        "dmean2": 0.808218538761,
        "dvar": 0.407600045204,
        "dvar2": 0.975532352924,
        "max": 12.2665567398,
        "mean": 2.44767999649,
        "median": 2.22078204155,
        "min": -0.644478201866,
        "var": 2.51535415649
    },
    "barkbands_spread": {
        "dmean": 2.12666392326,
        "dmean2": 3.14111304283,
        "dvar": 9.71729469299,
        "dvar2": 20.5628013611,
        "max": 55.0755233765,
        "mean": 9.18128871918,
        "median": 7.53225421906,
        "min": 0.711728394032,
        "var": 53.0460586548
    },
    "dissonance": {
        "dmean": 0.0304832141846,
        "dmean2": 0.0514188744128,
        "dvar": 0.000786420830991,
        "dvar2": 0.00208256533369,
        "max": 0.497533559799,
        "mean": 0.427199065685,
        "median": 0.433871209621,
        "min": 0.283385932446,
        "var": 0.00178125873208
    },
    "dynamic_complexity": 1.74394738674,
    "erbbands_crest": {
        "dmean": 2.48303461075,
        "dmean2": 3.78885674477,
        "dvar": 5.55040931702,
        "dvar2": 13.0984258652,
        "max": 30.6106414795,
        "mean": 11.7784795761,
        "median": 10.6605682373,
        "min": 2.87217879295,
        "var": 28.4721813202
    },
    "erbbands_flatness_db": {
        "dmean": 0.0181896481663,
        "dmean2": 0.0239316578954,
        "dvar": 0.000430908723501,
        "dvar2": 0.000681836390868,
        "max": 0.34768050909,
        "mean": 0.21883815527,
        "median": 0.214467361569,
        "min": 0.0940309092402,
        "var": 0.00310890865512
    },
    "erbbands_kurtosis": {
        "dmean": 1.10265767574,
        "dmean2": 1.63830637932,
        "dvar": 2.23992156982,
        "dvar2": 4.9364695549,
        "max": 25.35496521,
        "mean": 1.85373914242,
        "median": 0.929461717606,
        "min": -1.7039680481,
        "var": 8.72463512421
    },
    "erbbands_skewness": {
        "dmean": 0.332505822182,
        "dmean2": 0.485110014677,
        "dvar": 0.100169226527,
        "dvar2": 0.22143445909,
        "max": 3.67957282066,
        "mean": 0.67835098505,
        "median": 0.641190350056,
        "min": -1.18080222607,
        "var": 0.69405990839
    },
    "erbbands_spread": {
        "dmean": 5.33146858215,
        "dmean2": 7.48417758942,
        "dvar": 45.846862793,
        "dvar2": 73.7761154175,
        "max": 145.175231934,
        "mean": 27.0060749054,
        "median": 22.990562439,
        "min": 5.30474662781,
        "var": 265.559417725
    },
    "hfc": {
        "dmean": 3.39560985565,
        "dmean2": 4.72773599625,
        "dvar": 22.362159729,
        "dvar2": 40.8605499268,
        "max": 84.4503250122,
        "mean": 17.2532310486,
        "median": 13.1811494827,
        "min": 2.08069515228,
        "var": 147.188720703
    },
    "melbands_crest": {
        "dmean": 2.67080593109,
        "dmean2": 4.22824478149,
        "dvar": 8.53384113312,
        "dvar2": 24.1365203857,
        "max": 33.8409690857,
        "mean": 18.3215999603,
        "median": 18.0064353943,
        "min": 6.4912238121,
        "var": 38.8950805664
    },
    "melbands_flatness_db": {
        "dmean": 0.0274421535432,
        "dmean2": 0.0376817621291,
        "dvar": 0.00100266525988,
        "dvar2": 0.00160778081045,
        "max": 0.615897893906,
        "mean": 0.353145539761,
        "median": 0.344239294529,
        "min": 0.128970891237,
        "var": 0.0109880482778
    },
    "melbands_kurtosis": {
        "dmean": 8.20667457581,
        "dmean2": 12.5767326355,
        "dvar": 189.182312012,
        "dvar2": 470.261230469,
        "max": 236.165817261,
        "mean": 21.3715629578,
        "median": 12.0349769592,
        "min": -0.876368045807,
        "var": 722.249755859
    },
    "melbands_skewness": {
        "dmean": 0.647986471653,
        "dmean2": 0.965192914009,
        "dvar": 0.530094981194,
        "dvar2": 1.24219286442,
        "max": 11.381152153,
        "mean": 3.21718120575,
        "median": 2.90911412239,
        "min": -0.458540409803,
        "var": 3.97574186325
    },
    "melbands_spread": {
        "dmean": 2.02564239502,
        "dmean2": 3.03303933144,
        "dvar": 7.69706249237,
        "dvar2": 16.4491615295,
        "max": 55.235244751,
        "mean": 9.30753421783,
        "median": 7.40200948715,
        "min": 0.622823178768,
        "var": 54.9104423523
    },
    "pitch_salience": {
        "dmean": 0.0570534393191,
        "dmean2": 0.0898360610008,
        "dvar": 0.00361186615191,
        "dvar2": 0.00892818439752,
        "max": 0.741516470909,
        "mean": 0.410712778568,
        "median": 0.420015692711,
        "min": 0.138473957777,
        "var": 0.0118030654266
    },
    "silence_rate_20dB": {
        "dmean": 0,
        "dmean2": 0,
        "dvar": 0,
        "dvar2": 0,
        "max": 1,
        "mean": 1,
        "median": 1,
        "min": 1,
        "var": 0
    },
    "silence_rate_30dB": {
        "dmean": 0.0402476787567,
        "dmean2": 0.0805577039719,
        "dvar": 0.0386284291744,
        "dvar2": 0.101953826845,
        "max": 1,
        "mean": 0.956689894199,
        "median": 1,
        "min": 0,
        "var": 0.0414349809289
    },
    "silence_rate_60dB": {
        "dmean": 0,
        "dmean2": 0,
        "dvar": 0,
        "dvar2": 0,
        "max": 0,
        "mean": 0,
        "median": 0,
        "min": 0,
        "var": 0
    },
    "spectral_centroid": {
        "dmean": 103.596389771,
        "dmean2": 151.13053894,
        "dvar": 25011.5410156,
        "dvar2": 53052.5546875,
        "max": 2904.11914062,
        "mean": 648.563171387,
        "median": 515.905517578,
        "min": 160.779693604,
        "var": 153380.796875
    },
    "spectral_complexity": {
        "dmean": 2.37538695335,
        "dmean2": 3.53524398804,
        "dvar": 8.66635990143,
        "dvar2": 13.5656270981,
        "max": 47,
        "mean": 13.829079628,
        "median": 12,
        "min": 4,
        "var": 37.5305709839
    },
    "spectral_decrease": {
        "dmean": 3.02798275342e-09,
        "dmean2": 4.86259654764e-09,
        "dvar": 1.31870440199e-17,
        "dvar2": 3.7980431268e-17,
        "max": -3.44209505343e-09,
        "mean": -1.60429305396e-08,
        "median": -1.53611843245e-08,
        "min": -4.50273773822e-08,
        "var": 3.70909937338e-17
    },
    "spectral_energy": {
        "dmean": 0.0116327609867,
        "dmean2": 0.0186217967421,
        "dvar": 0.000191196260857,
        "dvar2": 0.000550264318008,
        "max": 0.171011477709,
        "mean": 0.0621146485209,
        "median": 0.0598227158189,
        "min": 0.013416540809,
        "var": 0.000534263672307
    },
    "spectral_energyband_high": {
        "dmean": 0.00013633017079,
        "dmean2": 0.000186778590432,
        "dvar": 1.26138687051e-07,
        "dvar2": 2.33953159068e-07,
        "max": 0.00588096631691,
        "mean": 0.00030973032699,
        "median": 9.09518203116e-05,
        "min": 4.85693050223e-08,
        "var": 4.03116246162e-07
    },
    "spectral_energyband_low": {
        "dmean": 0.00951408967376,
        "dmean2": 0.0152521403506,
        "dvar": 0.000154016292072,
        "dvar2": 0.000411898974562,
        "max": 0.167671322823,
        "mean": 0.0418511033058,
        "median": 0.0346616916358,
        "min": 0.00256765354425,
        "var": 0.000694808724802
    },
    "spectral_energyband_middle_high": {
        "dmean": 0.00116232491564,
        "dmean2": 0.00167505710851,
        "dvar": 5.08169978275e-06,
        "dvar2": 9.96009021037e-06,
        "max": 0.0540948845446,
        "mean": 0.00386832351796,
        "median": 0.00191777478904,
        "min": 0.000108854488644,
        "var": 4.27995946666e-05
    },
    "spectral_energyband_middle_low": {
        "dmean": 0.00632428470999,
        "dmean2": 0.00987667776644,
        "dvar": 0.000131878972752,
        "dvar2": 0.000344490079442,
        "max": 0.117151491344,
        "mean": 0.0186507888138,
        "median": 0.0135904094204,
        "min": 0.000604845874477,
        "var": 0.000251785619184
    },
    "spectral_entropy": {
        "dmean": 0.181523755193,
        "dmean2": 0.25416597724,
        "dvar": 0.0466409437358,
        "dvar2": 0.0782095268369,
        "max": 8.20199108124,
        "mean": 6.77210378647,
        "median": 6.76391649246,
        "min": 5.34852600098,
        "var": 0.281215906143
    },
    "spectral_flux": {
        "dmean": 0.02822387591,
        "dmean2": 0.0435101278126,
        "dvar": 0.000976162147708,
        "dvar2": 0.00185252679512,
        "max": 0.377546191216,
        "mean": 0.0848840326071,
        "median": 0.0716454014182,
        "min": 0.0144547289237,
        "var": 0.00275584380142
    },
    "spectral_kurtosis": {
        "dmean": 7.72293138504,
        "dmean2": 12.5658626556,
        "dvar": 150.272354126,
        "dvar2": 401.933807373,
        "max": 129.838607788,
        "mean": 15.8421516418,
        "median": 7.07699203491,
        "min": -0.927497625351,
        "var": 443.955047607
    },
    "spectral_rms": {
        "dmean": 0.000723382108845,
        "dmean2": 0.00114536157344,
        "dvar": 6.16410204657e-07,
        "dvar2": 1.73342016296e-06,
        "max": 0.0129166739061,
        "mean": 0.00765119772404,
        "median": 0.00763960881159,
        "min": 0.00361791485921,
        "var": 2.05879632631e-06
    },
    "spectral_rolloff": {
        "dmean": 108.832366943,
        "dmean2": 186.525939941,
        "dvar": 51633.9765625,
        "dvar2": 115311.773438,
        "max": 4457.37304688,
        "mean": 466.584838867,
        "median": 387.59765625,
        "min": 64.599609375,
        "var": 207213.125
    },
    "spectral_skewness": {
        "dmean": 0.568515717983,
        "dmean2": 0.891961932182,
        "dvar": 0.460489034653,
        "dvar2": 1.21738040447,
        "max": 8.17315483093,
        "mean": 2.54845547676,
        "median": 2.1213786602,
        "min": 0.0459159687161,
        "var": 2.01826071739
    },
    "spectral_spread": {
        "dmean": 486240.9375,
        "dmean2": 691996.5625,
        "dvar": 532217790464,
        "dvar2": 837020942336,
        "max": 15631776,
        "mean": 3150876.5,
        "median": 3136206,
        "min": 534486.5625,
        "var": 2.4485846057e+12
    },
    "spectral_strongpeak": {
        "dmean": 0.351249754429,
        "dmean2": 0.616120278835,
        "dvar": 0.446530759335,
        "dvar2": 1.08866846561,
        "max": 7.85118675232,
        "mean": 0.990938186646,
        "median": 0.499574810266,
        "min": 0,
        "var": 1.97167289257
    },
    "zerocrossingrate": {
        "dmean": 0.004212370608,
        "dmean2": 0.00509348092601,
        "dvar": 2.59965036093e-05,
        "dvar2": 3.16556579492e-05,
        "max": 0.1103515625,
        "mean": 0.0228465013206,
        "median": 0.01953125,
        "min": 0.00244140625,
        "var": 0.00024364796991
    },
    "barkbands": {
        "dmean": [0.000883363245521, 0.00758270360529, 0.00355799426325, 0.00325294886716, 0.00141284288839, 0.00148947350681, 0.00103689811658, 0.000767221092246, 0.00128714449238, 0.000423802121077, 0.000381835299777, 0.000170986677404, 0.000307975482428, 0.000183473690413, 0.000100855024357, 7.80215777922e-05, 7.23338671378e-05, 5.42657726328e-05, 5.10730387759e-05, 3.78428521799e-05, 4.16409384343e-05, 5.0026075769e-05, 2.35816678469e-05, 2.34964572883e-05, 1.57031099661e-05, 1.2365129578e-06, 3.20332693704e-09],
        "dmean2": [0.0013849666575, 0.0119098415598, 0.00600338028744, 0.00561849121004, 0.00240994174965, 0.00226047425531, 0.00157364888582, 0.00112205336336, 0.00178818777204, 0.00061724241823, 0.000557920895517, 0.000255806167843, 0.000457305752207, 0.000289869611152, 0.000158114533406, 0.000123169811559, 0.000109125961899, 8.08577096905e-05, 7.86882737884e-05, 5.44632785022e-05, 6.03385124123e-05, 7.35587818781e-05, 3.41119339282e-05, 3.33882962877e-05, 2.3325526854e-05, 1.99822306968e-06, 5.80796610805e-09],
        "dvar": [3.09461665893e-06, 0.000153010128997, 4.12213739764e-05, 7.18314695405e-05, 1.30787011585e-05, 9.31000158744e-06, 3.58975580639e-06, 2.51710866905e-06, 1.12205370897e-05, 4.48222044724e-06, 4.31562995118e-07, 1.36298254461e-07, 5.90302363435e-07, 2.40691434783e-07, 1.04072562124e-07, 6.49905302907e-08, 3.70622892376e-08, 2.49131630881e-08, 1.96714982081e-08, 8.7481764055e-09, 1.47940353301e-08, 1.59849822268e-08, 3.08840775176e-09, 9.29234111879e-09, 4.1018828334e-09, 1.91016473472e-11, 6.36399940772e-17],
        "dvar2": [7.53851509216e-06, 0.000383793143556, 0.000114621696412, 0.000203631832846, 3.61610182154e-05, 2.11019778362e-05, 8.80437346495e-06, 4.38274491898e-06, 1.94241074496e-05, 9.83455902315e-06, 7.77506386385e-07, 3.19477265975e-07, 1.26923907828e-06, 5.41657414033e-07, 2.05675036113e-07, 1.33059714358e-07, 7.3989717464e-08, 5.11644557832e-08, 4.92632139526e-08, 1.52370667195e-08, 3.46934321271e-08, 3.84630745032e-08, 5.77147529768e-09, 1.62988786911e-08, 9.46866229867e-09, 4.64263349986e-11, 8.80240807777e-17],
        "max": [0.022717114538, 0.159144818783, 0.0537459328771, 0.083295866847, 0.0427411720157, 0.039252333343, 0.0295873451978, 0.0306735150516, 0.0705687776208, 0.0640357807279, 0.0160291511565, 0.00470313569531, 0.0218322426081, 0.0118546932936, 0.00672588637099, 0.00474215159193, 0.00451241061091, 0.00301930122077, 0.0027598158922, 0.00188023399096, 0.00282358471304, 0.00259724957868, 0.00155459297821, 0.00252060731873, 0.00148212397471, 6.52995004202e-05, 2.64735632527e-07],
        "mean": [0.00223080418073, 0.0270136352628, 0.0102287782356, 0.00436669122428, 0.0021593561396, 0.00368824554607, 0.00242290273309, 0.00189161521848, 0.00380770699121, 0.00120754481759, 0.000793876708485, 0.000329833186697, 0.000652808637824, 0.000347006396623, 0.000167548059835, 0.000129675201606, 0.000137035676744, 9.14851843845e-05, 9.37845979934e-05, 7.5379946793e-05, 7.78927133069e-05, 0.000100413424661, 4.3426418415e-05, 3.59024634236e-05, 1.99990008696e-05, 1.34488698222e-06, 2.52129139788e-09],
        "median": [0.0010097050108, 0.0167726334184, 0.00798171199858, 0.00152210867964, 0.000560256477911, 0.00190905400086, 0.00113246450201, 0.000579357671086, 0.00103528623004, 0.000122762314277, 0.000365055078873, 0.000143412267789, 0.000154519279022, 0.000116169780085, 5.3907660913e-05, 3.10916220769e-05, 4.22042139689e-05, 1.80812694452e-05, 1.44869782162e-05, 1.32125414893e-05, 1.42897242768e-05, 1.80100578291e-05, 9.23122661334e-06, 4.35861920778e-06, 2.72245688393e-06, 1.0209554091e-07, 1.08429165646e-09],
        "min": [1.4996999198e-07, 0.000598261132836, 3.79673801945e-05, 1.29661157189e-05, 1.69358063431e-05, 5.22688242199e-06, 1.5988433006e-05, 6.08530490354e-06, 2.21794416575e-05, 3.70616157852e-06, 1.89942340967e-06, 3.21961010741e-06, 1.74155718469e-06, 2.17631873056e-06, 1.42063356634e-06, 5.79822312829e-07, 1.98107741767e-07, 7.87216052345e-08, 4.64477949436e-08, 1.9343918467e-08, 1.1164718039e-08, 7.55398055219e-09, 3.88354370884e-09, 2.85066470429e-10, 1.12204880803e-11, 9.59768289149e-12, 1.112504186e-11],
        "var": [1.12673315016e-05, 0.000526730320416, 8.16390747786e-05, 6.21212093392e-05, 1.64624580066e-05, 2.57072370005e-05, 1.39697376653e-05, 1.38237373903e-05, 7.95562082203e-05, 3.24830034515e-05, 1.54091708282e-06, 2.89560773581e-07, 2.53426674135e-06, 6.76550996559e-07, 2.25190063929e-07, 1.15632829534e-07, 9.83237598007e-08, 5.32528190433e-08, 3.94080394983e-08, 2.92522646106e-08, 4.24174899649e-08, 3.85309881779e-08, 9.35169008898e-09, 1.82995716358e-08, 5.43968647904e-09, 1.98301600834e-11, 6.24299413376e-17]
    },
    "erbbands": {
        "dmean": [0.319231331348, 1.49861991405, 3.40526294708, 8.14199256897, 7.32857847214, 3.73992371559, 5.09101390839, 15.5431442261, 8.93089485168, 25.3195400238, 15.8712205887, 31.3397350311, 17.6325302124, 8.70726680756, 12.7429962158, 6.26842403412, 14.0400295258, 9.00064945221, 5.88742494583, 4.95310306549, 4.37580394745, 4.19434213638, 3.10144329071, 2.22853565216, 2.5643696785, 1.81138193607, 1.73704075813, 1.59031140804, 1.88689696789, 1.09956717491, 0.632343232632, 0.367087066174, 0.467126846313, 0.228547587991, 0.081927575171, 0.0111007029191, 0.00196691812016, 0.000105065933894, 7.48643196857e-06, 1.2898973182e-05],
        "dmean2": [0.510099351406, 2.33278489113, 5.56075334549, 14.0203905106, 12.6061544418, 6.30657815933, 8.09751033783, 23.4190769196, 13.829035759, 37.5005226135, 22.181760788, 43.2461624146, 26.5903224945, 12.513885498, 18.3177223206, 9.51636886597, 20.9340324402, 14.1854438782, 8.93920707703, 7.58589458466, 6.89690351486, 6.34363937378, 4.48025560379, 3.40350222588, 3.74567461014, 2.5712928772, 2.53361606598, 2.31292796135, 2.80055975914, 1.54467654228, 0.919094800949, 0.566161394119, 0.657918095589, 0.335420250893, 0.120708152652, 0.0167254749686, 0.0031227953732, 0.000169730308698, 1.13026017061e-05, 2.04422522074e-05],
        "dvar": [0.327701956034, 6.29265642166, 29.9423313141, 401.574005127, 380.57321167, 100.16204834, 107.311607361, 1151.10522461, 252.486434937, 2389.8671875, 991.063171387, 8386.53515625, 5457.80712891, 382.115142822, 426.786895752, 144.282562256, 1447.67614746, 667.219726562, 195.160644531, 249.741744995, 250.487716675, 170.458175659, 84.518409729, 28.3377571106, 60.0014572144, 22.6567630768, 28.2159175873, 19.8058929443, 24.7518920898, 5.29491233826, 2.57996439934, 2.470079422, 3.65175914764, 1.36198866367, 0.088028408587, 0.00136074353941, 5.82632164878e-05, 1.88321848782e-07, 1.3740093785e-10, 2.22982896037e-10],
        "dvar2": [0.894538462162, 15.8166131973, 78.8315887451, 1145.87109375, 1041.66894531, 270.873474121, 285.084503174, 2564.41259766, 591.586853027, 5527.82226562, 1701.03173828, 15028.2382812, 12664.8378906, 677.459411621, 782.837890625, 342.122131348, 3025.54077148, 1590.29406738, 392.371887207, 449.567871094, 508.340820312, 344.461303711, 168.123764038, 66.4216842651, 145.315719604, 41.1953659058, 66.1467666626, 43.6391716003, 60.1606788635, 10.7228927612, 4.7690205574, 5.4828286171, 6.22238922119, 3.05054736137, 0.191576182842, 0.00314114615321, 0.000139476847835, 4.61193963019e-07, 2.90766272171e-10, 6.35264840732e-10],
        "max": [6.35663080215, 29.7143287659, 54.772315979, 175.835708618, 224.179138184, 122.613990784, 118.325874329, 452.828033447, 367.709197998, 679.193908691, 785.582397461, 2178.86450195, 2340.37817383, 564.034729004, 524.54901123, 176.341079712, 1045.68798828, 537.612976074, 297.109130859, 434.920501709, 318.740692139, 328.298187256, 194.05140686, 72.7393798828, 176.916259766, 96.1985626221, 109.615119934, 98.6418228149, 120.278274536, 42.3313751221, 46.1312294006, 35.744468689, 46.4624519348, 28.5070705414, 3.67735266685, 0.454036265612, 0.106419995427, 0.00698558520526, 0.00016735358804, 0.000184672113392],
        "mean": [1.09671127796, 4.93305921555, 11.1150112152, 13.9833564758, 11.5602273941, 5.51425504684, 10.8096437454, 36.9473228455, 22.8199462891, 57.3826751709, 47.7626953125, 88.723991394, 57.4998130798, 24.1540164948, 28.607000351, 14.1802015305, 30.1879291534, 19.5029087067, 10.3785238266, 8.44123744965, 7.98489093781, 8.33825874329, 5.49320936203, 4.30513000488, 4.86201429367, 3.59037613869, 2.96901273727, 3.36353158951, 3.76354575157, 2.23674964905, 1.15417087078, 0.54596477747, 0.724957585335, 0.324225485325, 0.0909979864955, 0.0128768738359, 0.00215842621401, 0.000117631716421, 3.34181095241e-05, 6.94359550835e-05],
        "median": [0.615189909935, 3.47788381577, 8.17758464813, 8.39467525482, 3.153881073, 1.87887012959, 5.16170072556, 18.1437625885, 13.2331542969, 26.3457221985, 15.9287128448, 24.2377872467, 11.3797922134, 9.51365852356, 16.738368988, 7.35284805298, 8.23906135559, 5.4413318634, 4.23320388794, 2.89546298981, 2.00962495804, 2.52064156532, 1.15317821503, 0.909203588963, 0.830828011036, 0.635527610779, 0.526190400124, 0.598461806774, 0.664032280445, 0.564003169537, 0.196664497256, 0.0718951523304, 0.0695529207587, 0.0422807075083, 0.00966518651694, 0.00150246778503, 0.000184932185221, 1.35758191391e-05, 3.10507275572e-05, 6.74536495353e-05],
        "min": [0.00875869672745, 0.128333762288, 0.217995345592, 0.392498224974, 0.162563979626, 0.125695213675, 0.0500888377428, 0.14963889122, 0.467332005501, 0.699686706066, 0.409176796675, 0.850293636322, 0.362535059452, 0.328921198845, 0.444894999266, 0.388086050749, 0.28929951787, 0.126727536321, 0.120335668325, 0.0966304987669, 0.0371640622616, 0.0163915231824, 0.00800254195929, 0.00498024746776, 0.00271770684049, 0.000988956890069, 0.000713841232937, 0.000366317195585, 0.000264622241957, 0.000164199795108, 0.00010416402074, 6.85231570969e-05, 2.23819261009e-05, 1.91295421246e-05, 1.03424199551e-05, 1.10770506581e-05, 6.54107043374e-06, 5.39449729331e-07, 8.15421572042e-06, 1.69250979525e-05],
        "var": [1.1895301342, 14.9794082642, 102.125602722, 324.087615967, 435.41217041, 126.445503235, 242.670333862, 2930.38452148, 930.505615234, 7950.69287109, 6857.33789062, 52777.9414062, 34844.234375, 3668.11669922, 1419.98339844, 379.131439209, 5606.74462891, 2307.37011719, 443.260742188, 528.790527344, 474.19619751, 437.456298828, 196.769836426, 66.4903564453, 122.900367737, 69.5574035645, 62.7819671631, 67.0969924927, 57.7305259705, 17.3636207581, 7.68627023697, 3.95700144768, 7.49995326996, 1.89541530609, 0.107671163976, 0.00158085150179, 6.21652216068e-05, 1.91440420849e-07, 2.80263229291e-10, 6.28915863832e-10]
    },
    "gfcc": {
        "mean": [-39.1036758423, 171.41557312, -105.384773254, 29.0514373779, -48.0432014465, 19.9306735992, -12.7677869797, 5.62362337112, 0.278246194124, -0.52475810051, -1.31420612335, -9.36946582794, -3.21617555618],
        "cov": [[4143.10644531, -2724.6550293, -474.218902588, 1110.03710938, -1464.81640625, 523.656921387, -715.044677734, 189.499450684, -476.572235107, 116.848213196, -398.477081299, 43.3273239136, -196.695571899], [-2724.6550293, 2156.41064453, 148.654922485, -932.842285156, 1049.88781738, -515.669189453, 468.196685791, -173.90435791, 327.492675781, -97.7577209473, 266.077301025, -44.0684661865, 146.720031738], [-474.218902588, 148.654922485, 729.791503906, -78.2087249756, -75.1968994141, 175.32258606, -137.061294556, -68.2264328003, 4.77608919144, 7.77210712433, 76.3383255005, 13.2995510101, 53.0710906982], [1110.03710938, -932.842285156, -78.2087249756, 602.243652344, -409.504882812, 175.468017578, -156.669631958, 44.1996955872, -98.8647689819, 12.1745786667, -86.544128418, -0.595907330513, -51.3566055298], [-1464.81640625, 1049.88781738, -75.1968994141, -409.504882812, 849.551879883, -320.085571289, 352.934295654, -10.6879224777, 153.739196777, -29.7220611572, 93.0751724243, 1.69324052334, 48.5426292419], [523.656921387, -515.669189453, 175.32258606, 175.468017578, -320.085571289, 332.338012695, -131.025939941, -1.39496660233, -38.9537200928, 8.32496929169, -18.33319664, 14.5152111053, -16.1684360504], [-715.044677734, 468.196685791, -137.061294556, -156.669631958, 352.934295654, -131.025939941, 359.278991699, 20.4826507568, 119.458824158, -16.4709949493, 62.7188644409, 2.21808624268, -10.2146701813], [189.499450684, -173.90435791, -68.2264328003, 44.1996955872, -10.6879224777, -1.39496660233, 20.4826507568, 137.611740112, -12.4401245117, 25.8769798279, -28.3590354919, -9.913189888, -24.7361736298], [-476.572235107, 327.492675781, 4.77608919144, -98.8647689819, 153.739196777, -38.9537200928, 119.458824158, -12.4401245117, 206.195922852, 1.85359156132, 52.2462081909, -22.219045639, 3.31993794441], [116.848213196, -97.7577209473, 7.77210712433, 12.1745786667, -29.7220611572, 8.32496929169, -16.4709949493, 25.8769798279, 1.85359156132, 87.4920120239, -5.23614740372, 8.69454956055, -23.2546043396], [-398.477081299, 266.077301025, 76.3383255005, -86.544128418, 93.0751724243, -18.33319664, 62.7188644409, -28.3590354919, 52.2462081909, -5.23614740372, 162.259033203, 2.91931390762, 23.9460411072], [43.3273239136, -44.0684661865, 13.2995510101, -0.595907330513, 1.69324052334, 14.5152111053, 2.21808624268, -9.913189888, -22.219045639, 8.69454956055, 2.91931390762, 77.4981842041, 9.11556148529], [-196.695571899, 146.720031738, 53.0710906982, -51.3566055298, 48.5426292419, -16.1684360504, -10.2146701813, -24.7361736298, 3.31993794441, -23.2546043396, 23.9460411072, 9.11556148529, 108.425392151]],
        "icov": [[0.00304931285791, 0.00173104344867, 0.00196558446623, -0.00043780496344, 0.00179511052556, -9.53959097387e-05, 0.00205705454573, -0.000513332663104, 0.00107809749898, -0.000706813822035, 0.00107536523137, -0.000969486369286, 0.000938072858844], [0.00173104344867, 0.0217873230577, -0.00441586691886, 0.0163143463433, -0.00532590551302, 0.0154174752533, -0.00480214832351, 0.0135816670954, -0.00930489599705, 0.00926731713116, -0.00766227720305, 0.00868187099695, -0.00588872469962], [0.00196558446623, -0.00441586691886, 0.00482078362256, -0.00423824880272, 0.00242960755713, -0.00558924069628, 0.00392011459917, -0.00352929881774, 0.00322556728497, -0.00343041983433, 0.0020233837422, -0.00301675801165, 0.00178933923598], [-0.00043780496344, 0.0163143463433, -0.00423824880272, 0.0160092189908, -0.00432182243094, 0.0116773545742, -0.00499103916809, 0.0106421615928, -0.00776395015419, 0.0080520901829, -0.00636828737333, 0.00746293365955, -0.00483554648235], [0.00179511052556, -0.00532590551302, 0.00242960755713, -0.00432182243094, 0.00642785057425, -0.00270862225443, 0.000841258792207, -0.00469727814198, 0.00316820642911, -0.00298121594824, 0.00323796039447, -0.0038340582978, 0.00182393461], [-9.53959097387e-05, 0.0154174752533, -0.00558924069628, 0.0116773545742, -0.00270862225443, 0.0174197852612, -0.00492633040994, 0.00995084643364, -0.00806229468435, 0.00786939822137, -0.00610342202708, 0.00562601210549, -0.00434294948354], [0.00205705454573, -0.00480214832351, 0.00392011459917, -0.00499103916809, 0.000841258792207, -0.00492633040994, 0.00934475008398, -0.00544723775238, 0.00163339823484, -0.0020709624514, 0.00171775580384, -0.00448361597955, 0.00397687358782], [-0.000513332663104, 0.0135816670954, -0.00352929881774, 0.0106421615928, -0.00469727814198, 0.00995084643364, -0.00544723775238, 0.0181826911867, -0.00587585708126, 0.0037458089646, -0.00463611958548, 0.00795622449368, -0.00398137001321], [0.00107809749898, -0.00930489599705, 0.00322556728497, -0.00776395015419, 0.00316820642911, -0.00806229468435, 0.00163339823484, -0.00587585708126, 0.0120520098135, -0.00612360099331, 0.00334302871488, -0.00223050848581, 0.00325029017404], [-0.000706813822035, 0.00926731713116, -0.00343041983433, 0.0080520901829, -0.00298121594824, 0.00786939822137, -0.0020709624514, 0.0037458089646, -0.00612360099331, 0.0182743947953, -0.00440622819588, 0.00183303887025, -0.000236042134929], [0.00107536523137, -0.00766227720305, 0.0020233837422, -0.00636828737333, 0.00323796039447, -0.00610342202708, 0.00171775580384, -0.00463611958548, 0.00334302871488, -0.00440622819588, 0.011589278467, -0.0041193170473, 0.00179631076753], [-0.000969486369286, 0.00868187099695, -0.00301675801165, 0.00746293365955, -0.0038340582978, 0.00562601210549, -0.00448361597955, 0.00795622449368, -0.00223050848581, 0.00183303887025, -0.0041193170473, 0.0190051067621, -0.0047738510184], [0.000938072858844, -0.00588872469962, 0.00178933923598, -0.00483554648235, 0.00182393461, -0.00434294948354, 0.00397687358782, -0.00398137001321, 0.00325029017404, -0.000236042134929, 0.00179631076753, -0.0047738510184, 0.0135836489499]]
    },
    "melbands": {
        "dmean": [0.00231288466603, 0.00162355205975, 0.00136170419864, 0.000386578874895, 0.00016441232583, 0.000323692569509, 0.000151475265739, 0.000260141532635, 0.000146988255437, 0.000183575393748, 8.71244483278e-05, 3.80348355975e-05, 5.62925888516e-05, 1.99874793907e-05, 2.93825178233e-05, 2.46700092248e-05, 1.73042462848e-05, 1.12991756396e-05, 7.84181429481e-06, 5.5649402384e-06, 5.25333689438e-06, 4.83833127873e-06, 3.51747030436e-06, 2.54914994002e-06, 1.89005879747e-06, 2.21984169002e-06, 1.75653281076e-06, 1.13576834337e-06, 1.03140962437e-06, 1.10568134915e-06, 1.00856050267e-06, 1.24386178868e-06, 8.43921441174e-07, 5.79300944992e-07, 4.52009118135e-07, 2.01585251602e-07, 2.63880536977e-07, 3.23616575315e-07, 3.48321805177e-07, 1.44528883084e-07],
        "dmean2": [0.00368573819287, 0.00253984844312, 0.00235095596872, 0.000652463757433, 0.000265796406893, 0.000487065612106, 0.000232900856645, 0.000381061690859, 0.00020639662398, 0.000255906314123, 0.000130512038595, 5.38217827852e-05, 8.12137295725e-05, 2.94143592328e-05, 4.44728939328e-05, 3.64698826161e-05, 2.73826844932e-05, 1.70069506567e-05, 1.2378851352e-05, 8.57207214722e-06, 8.33676494949e-06, 7.32763965061e-06, 5.21186757396e-06, 3.92665060645e-06, 2.9610062029e-06, 3.38606878358e-06, 2.52319682659e-06, 1.68423014202e-06, 1.56698001774e-06, 1.63487118243e-06, 1.50212588323e-06, 1.9216849978e-06, 1.23832523968e-06, 8.26222162686e-07, 6.79420850247e-07, 3.00652885699e-07, 4.2393116928e-07, 4.73940303891e-07, 4.99267002851e-07, 2.18088032966e-07],
        "dvar": [1.6036661691e-05, 5.52021629119e-06, 1.16133696793e-05, 9.68123458733e-07, 1.17499915575e-07, 4.72530416573e-07, 6.02188734433e-08, 2.30203411888e-07, 9.62175548125e-08, 2.65901007879e-07, 1.42727941466e-07, 1.12117959361e-08, 9.17252140908e-09, 2.12462913929e-09, 5.47353362634e-09, 3.2118048221e-09, 2.7163107319e-09, 7.85900400313e-10, 8.56042459141e-10, 2.64519850468e-10, 3.01526553725e-10, 2.10215650442e-10, 1.34074168434e-10, 4.66672360477e-11, 2.117094694e-11, 3.64023013122e-11, 2.55238660068e-11, 9.88332419377e-12, 1.05073129017e-11, 1.22017240062e-11, 9.25188571588e-12, 1.13471688643e-11, 4.76214423797e-12, 1.39548333826e-12, 1.20943890753e-12, 4.62527260416e-13, 1.49040014271e-12, 1.75761813957e-12, 2.38547397981e-12, 6.06680070764e-13],
        "dvar2": [4.18633935624e-05, 1.39460498758e-05, 3.27307534462e-05, 2.64087657342e-06, 3.17327106814e-07, 1.05581000298e-06, 1.50792359932e-07, 5.23416701981e-07, 1.78342574486e-07, 4.74685379004e-07, 3.28082137457e-07, 1.87602431367e-08, 1.62817848093e-08, 4.87698015306e-09, 1.19699015144e-08, 6.98104685171e-09, 6.21942364276e-09, 1.59488122708e-09, 1.78608661194e-09, 5.47832557096e-10, 6.04526873005e-10, 4.37180236457e-10, 2.6514221374e-10, 1.0303525394e-10, 5.21910813178e-11, 8.48975681422e-11, 5.97651581002e-11, 1.88454599148e-11, 2.48082249188e-11, 3.07168492031e-11, 2.13417582218e-11, 2.84229861869e-11, 1.14953793012e-11, 2.85429123913e-12, 2.30801380612e-12, 9.65780840717e-13, 3.50626320512e-12, 3.26689847049e-12, 4.54497507338e-12, 1.41442879544e-12],
        "max": [0.0504681691527, 0.0285847447813, 0.0323481634259, 0.0110204331577, 0.00375347351655, 0.00920149870217, 0.00496866228059, 0.00603519659489, 0.00623450102285, 0.0122053390369, 0.0118531445041, 0.00331038678996, 0.0024559602607, 0.000643019389827, 0.00215712585486, 0.00125683820806, 0.00121957669035, 0.000602726417128, 0.000676805560943, 0.00028193887556, 0.000324350927258, 0.000341477687471, 0.000212082610233, 0.000144572739373, 6.20277642156e-05, 0.000106540050183, 0.00011958090181, 6.94500704412e-05, 5.58802603337e-05, 8.59836218297e-05, 6.11286814092e-05, 8.52430021041e-05, 4.36728842033e-05, 2.40340141318e-05, 2.80956392089e-05, 1.80098541023e-05, 3.19700193359e-05, 2.80996518995e-05, 3.56025338988e-05, 1.92224342754e-05],
        "mean": [0.0085531482473, 0.0059347092174, 0.00244440021925, 0.000592516851611, 0.000342868064763, 0.000790588790551, 0.000389100547181, 0.000605395180173, 0.000441909563961, 0.000523736816831, 0.00027988947113, 0.000104038685095, 0.000120517550386, 3.86749161407e-05, 5.92960423091e-05, 5.50479308004e-05, 3.40799160767e-05, 1.78050286195e-05, 1.26299973999e-05, 8.41192559164e-06, 9.44259591051e-06, 9.07659978111e-06, 5.95056098973e-06, 4.17213686887e-06, 3.28021201312e-06, 3.91836965719e-06, 3.15453826261e-06, 2.11726205634e-06, 1.68263466094e-06, 1.90019045476e-06, 1.97666827262e-06, 2.33827518059e-06, 1.59603644079e-06, 1.08581912173e-06, 7.77724153522e-07, 2.93978388299e-07, 3.45183167383e-07, 4.87280772177e-07, 5.09892458922e-07, 1.86241493338e-07],
        "median": [0.00523527525365, 0.00475582666695, 0.0015090481611, 0.0001627667516, 0.000156304391567, 0.000400477496441, 0.000227841650485, 0.000263748166617, 0.00012059234723, 0.000140718082548, 4.01624092774e-05, 3.23938147631e-05, 6.05721470492e-05, 1.54574499902e-05, 1.63605473062e-05, 1.51645908772e-05, 8.8985561888e-06, 6.65818470225e-06, 4.10660004491e-06, 2.36933010456e-06, 2.05578839996e-06, 2.64097025138e-06, 1.34346942104e-06, 7.84871531323e-07, 6.84986389388e-07, 5.83267024012e-07, 5.54831046884e-07, 3.60676835953e-07, 2.54902772667e-07, 3.12678707814e-07, 2.80273752651e-07, 3.64325245528e-07, 2.96515281661e-07, 2.60607436076e-07, 1.17829742408e-07, 2.87904367013e-08, 3.16429620284e-08, 4.01277020501e-08, 4.12967722241e-08, 2.12655333343e-08],
        "min": [0.000115095666843, 0.000328494905261, 4.53290376754e-05, 5.46725686945e-06, 1.46519141708e-06, 1.18186881082e-06, 3.09483175442e-06, 3.94205335397e-06, 2.25839880841e-06, 3.26348617818e-06, 4.94277628604e-07, 5.7667676856e-07, 9.08198558136e-07, 6.85948862156e-07, 1.46263531065e-07, 1.20289897154e-07, 2.02042173214e-07, 1.26063724792e-07, 1.01719059842e-07, 2.90125328206e-08, 1.42426692662e-08, 1.61987170344e-08, 5.36540012419e-09, 4.64577087911e-09, 3.02299651977e-09, 1.80006143324e-09, 8.26848478575e-10, 6.05645422702e-10, 2.97781799219e-10, 1.15700046766e-10, 7.76066780284e-11, 1.10155717881e-10, 1.43333067637e-10, 4.64093277697e-11, 4.13894482923e-12, 1.00502234573e-12, 2.51348985028e-12, 5.65721894243e-13, 5.88072207033e-14, 1.00773698468e-13],
