{
"highlevel": {
    "danceability": {
        "all": {
            "danceable": 0.0251879431307,
            "not_danceable": 0.974812030792
        },
        "probability": 0.974812030792,
        "value": "not_danceable"
    },
    "gender": {
        "all": {
            "female": 0.416361451149,
            "male": 0.583638548851
        },
        "probability": 0.583638548851,
        "value": "male"
    },
    "genre_dortmund": {
        "all": {
            "alternative": 0.0387962646782,
            "blues": 0.0022137761116,
            "electronic": 0.00675311917439,
            "folkcountry": 0.0247714854777,
            "funksoulrnb": 0.0026945383288,
            "jazz": 0.00211147544906,
            "pop": 0.0517073459923,
            "raphiphop": 0.00213049538434,
            "rock": 0.868821501732
        },
        "probability": 0.868821501732,
        "value": "rock"
    },
    "genre_electronic": {
        "all": {
            "ambient": 0.138446584344,
            "dnb": 0.169589176774,
            "house": 0.0361568108201,
            "techno": 0.0147603768855,
            "trance": 0.64104706049
        },
        "probability": 0.64104706049,
        "value": "trance"
    },
    "genre_rosamerica": {
        "all": {
            "cla": 2.04189054784e-05,
            "dan": 0.0284127686173,
            "hip": 0.000906574772671,
            "jaz": 3.12169977406e-05,
            "pop": 0.00457294704393,
            "rhy": 0.000430752203101,
            "roc": 0.965602457523,
            "spe": 2.2875959985e-05
        },
        "probability": 0.965602457523,
        "value": "roc"
    },
    "genre_tzanetakis": {
        "all": {
            "blu": 0.0626541376114,
            "cla": 0.0348133966327,
            "cou": 0.0783501937985,
            "dis": 0.104547761381,
            "hip": 0.15693578124,
            "jaz": 0.313987255096,
            "met": 0.044816005975,
            "pop": 0.0627349764109,
            "reg": 0.0627352520823,
            "roc": 0.0784252434969
        },
        "probability": 0.313987255096,
        "value": "jaz"
    },
    "ismir04_rhythm": {
        "all": {
            "ChaChaCha": 0.00143419159576,
            "Jive": 0.93634802103,
            "Quickstep": 0.00269830785692,
            "Rumba-American": 0.000276267732261,
            "Rumba-International": 0.00105478067417,
            "Rumba-Misc": 0.000663221988361,
            "Samba": 0.0530488938093,
            "Tango": 5.90946438024e-05,
            "VienneseWaltz": 0.00427408982068,
            "Waltz": 0.000143128519994
        },
        "probability": 0.93634802103,
        "value": "Jive"
    },
    "mood_acoustic": {
        "all": {
            "acoustic": 1.90174134218e-07,
            "not_acoustic": 0.999999821186
        },
        "probability": 0.999999821186,
        "value": "not_acoustic"
    },
    "mood_aggressive": {
        "all": {
            "aggressive": 0.97929674387,
            "not_aggressive": 0.0207032486796
        },
        "probability": 0.97929674387,
        "value": "aggressive"
    },
    "mood_electronic": {
        "all": {
            "electronic": 0.33531293273,
            "not_electronic": 0.664687097073
        },
        "probability": 0.664687097073,
        "value": "not_electronic"
    },
    "mood_happy": {
        "all": {
            "happy": 0.870305001736,
            "not_happy": 0.129695013165
        },
        "probability": 0.870305001736,
        "value": "happy"
    },
    "mood_party": {
        "all": {
            "not_party": 0.373667985201,
            "party": 0.626331984997
        },
        "probability": 0.626331984997,
        "value": "party"
    },
    "mood_relaxed": {
        "all": {
            "not_relaxed": 0.997892320156,
            "relaxed": 0.00210767122917
        },
        "probability": 0.997892320156,
        "value": "not_relaxed"
    },
    "mood_sad": {
        "all": {
            "not_sad": 0.908649682999,
            "sad": 0.0913503170013
        },
        "probability": 0.908649682999,
        "value": "not_sad"
    },
    "moods_mirex": {
        "all": {
            "Cluster1": 0.498831212521,
            "Cluster2": 0.0779961124063,
            "Cluster3": 0.0500892698765,
            "Cluster4": 0.0118337888271,
            "Cluster5": 0.361249595881
        },
        "probability": 0.498831212521,
        "value": "Cluster1"
    },
    "timbre": {
        "all": {
            "bright": 0.240392997861,
            "dark": 0.75960701704
        },
        "probability": 0.75960701704,
        "value": "dark"
    },
    "tonal_atonal": {
        "all": {
            "atonal": 0.000760022725444,
            "tonal": 0.999239981174
        },
        "probability": 0.999239981174,
        "value": "tonal"
    },
    "voice_instrumental": {
        "all": {
            "instrumental": 3.19919090543e-05,
            "voice": 0.999967992306
        },
        "probability": 0.999967992306,
        "value": "voice"
    }
},
"lowlevel": {
    "average_loudness": 0.986329138279,
    "barkbands_crest": {
        "dmean": 2.78277397156,
        "dmean2": 4.52181243896,
        "dvar": 7.38223600388,
        "dvar2": 19.1515426636,
        "max": 22.7697792053,
        "mean": 7.95194625854,
        "median": 7.08708524704,
        "min": 2.15601539612,
        "var": 13.0291824341
    },
    "barkbands_flatness_db": {
        "dmean": 0.0187426526099,
        "dmean2": 0.0301268305629,
        "dvar": 0.000321499130223,
        "dvar2": 0.000758254434913,
        "max": 0.216651976109,
        "mean": 0.0920776426792,
        "median": 0.0856593921781,
        "min": 0.0372031256557,
        "var": 0.000872500822879
    },
    "barkbands_kurtosis": {
        "dmean": 1.99557256699,
        "dmean2": 3.2139134407,
        "dvar": 13.1923980713,
        "dvar2": 32.9098777771,
        "max": 39.0182952881,
        "mean": 1.31826996803,
        "median": -0.0613667964935,
        "min": -1.86590790749,
        "var": 17.4864120483
    },
    "barkbands_skewness": {
        "dmean": 0.536637127399,
        "dmean2": 0.837346851826,
        "dvar": 0.326271265745,
        "dvar2": 0.738161444664,
        "max": 5.92729330063,
        "mean": 1.22516644001,
        "median": 1.03499126434,
        "min": -0.961663365364,
        "var": 0.829656779766
    },
    "barkbands_spread": {
        "dmean": 9.13628768921,
        "dmean2": 14.2759246826,
        "dvar": 72.751411438,
        "dvar2": 159.520431519,
        "max": 92.7088928223,
        "mean": 41.4914550781,
        "median": 41.2902259827,
        "min": 6.56450748444,
        "var": 218.190444946
    },
    "dissonance": {
        "dmean": 0.0108428439125,
        "dmean2": 0.018762236461,
        "dvar": 0.000115409093269,
        "dvar2": 0.000323989515891,
        "max": 0.499999970198,
        "mean": 0.483013153076,
        "median": 0.486446142197,
        "min": 0.415334790945,
        "var": 0.000175188848516
    },
    "dynamic_complexity": 0.99576485157,
    "erbbands_crest": {
        "dmean": 2.25155973434,
        "dmean2": 3.71849918365,
        "dvar": 6.66200113297,
        "dvar2": 16.7326889038,
        "max": 26.3549213409,
        "mean": 6.05271911621,
        "median": 4.90408849716,
        "min": 2.19603538513,
        "var": 13.0789651871
    },
    "erbbands_flatness_db": {
        "dmean": 0.0130469817668,
        "dmean2": 0.0197388175875,
        "dvar": 0.000144766672747,
        "dvar2": 0.000315575831337,
        "max": 0.186957076192,
        "mean": 0.103881753981,
        "median": 0.0999074280262,
        "min": 0.0591757446527,
        "var": 0.000477017369121
    },
    "erbbands_kurtosis": {
        "dmean": 0.515738248825,
        "dmean2": 0.841375470161,
        "dvar": 0.364730417728,
        "dvar2": 0.88801074028,
        "max": 5.62761306763,
        "mean": -0.361298710108,
        "median": -0.592325210571,
        "min": -1.56133401394,
        "var": 0.790260612965
    },
    "erbbands_skewness": {
        "dmean": 0.307258218527,
        "dmean2": 0.472130656242,
        "dvar": 0.076871201396,
        "dvar2": 0.171702206135,
        "max": 2.21036553383,
        "mean": -0.141633734107,
        "median": -0.175309687853,
        "min": -2.25458693504,
        "var": 0.299246966839
    },
    "erbbands_spread": {
        "dmean": 10.3603124619,
        "dmean2": 16.3801193237,
        "dvar": 88.1520996094,
        "dvar2": 214.445968628,
        "max": 118.502235413,
        "mean": 55.9402732849,
        "median": 55.0555076599,
        "min": 17.4805221558,
        "var": 275.428985596
    },
    "hfc": {
        "dmean": 12.8417005539,
        "dmean2": 18.2082424164,
        "dvar": 187.051864624,
        "dvar2": 383.781188965,
        "max": 213.774917603,
        "mean": 47.1099472046,
        "median": 41.6577987671,
        "min": 6.88783407211,
        "var": 594.385803223
    },
    "melbands_crest": {
        "dmean": 3.90490603447,
        "dmean2": 6.42821455002,
        "dvar": 10.5329704285,
        "dvar2": 27.4862728119,
        "max": 28.7938156128,
        "mean": 13.5606966019,
        "median": 12.7840576172,
        "min": 4.12014770508,
        "var": 20.3921871185
    },
    "melbands_flatness_db": {
        "dmean": 0.0266928505152,
        "dmean2": 0.0417742170393,
        "dvar": 0.000641742430162,
        "dvar2": 0.00142339710146,
        "max": 0.305726021528,
        "mean": 0.132495224476,
        "median": 0.123847261071,
        "min": 0.0395918525755,
        "var": 0.0020207206253
    },
    "melbands_kurtosis": {
        "dmean": 8.61567211151,
        "dmean2": 14.1427202225,
        "dvar": 260.20993042,
        "dvar2": 669.45916748,
        "max": 181.618057251,
        "mean": 13.1424236298,
        "median": 7.42691230774,
        "min": -1.04508423805,
        "var": 314.720397949
    },
    "melbands_skewness": {
        "dmean": 0.888856470585,
        "dmean2": 1.41988158226,
        "dvar": 1.04272985458,
        "dvar2": 2.40932273865,
        "max": 11.8134908676,
        "mean": 2.95971798897,
        "median": 2.58984422684,
        "min": -0.0547478087246,
        "var": 2.34926319122
    },
    "melbands_spread": {
        "dmean": 11.6111164093,
        "dmean2": 18.2848644257,
        "dvar": 126.264671326,
        "dvar2": 281.993865967,
        "max": 170.48777771,
        "mean": 36.1419143677,
        "median": 34.1896629333,
        "min": 2.99529147148,
        "var": 375.581115723
    },
    "pitch_salience": {
        "dmean": 0.0759064257145,
        "dmean2": 0.125089630485,
        "dvar": 0.00429625390097,
        "dvar2": 0.0113048572093,
        "max": 0.810649991035,
        "mean": 0.611431419849,
        "median": 0.621489882469,
        "min": 0.213327988982,
        "var": 0.00976044964045
    },
    "silence_rate_20dB": {
        "dmean": 0,
        "dmean2": 0,
        "dvar": 0,
        "dvar2": 0,
        "max": 1,
        "mean": 1,
        "median": 1,
        "min": 1,
        "var": 0
    },
    "silence_rate_30dB": {
        "dmean": 0,
        "dmean2": 0,
        "dvar": 0,
        "dvar2": 0,
        "max": 1,
        "mean": 1,
        "median": 1,
        "min": 1,
        "var": 0
    },
    "silence_rate_60dB": {
        "dmean": 0,
        "dmean2": 0,
        "dvar": 0,
        "dvar2": 0,
        "max": 0,
        "mean": 0,
        "median": 0,
        "min": 0,
        "var": 0
    },
    "spectral_centroid": {
        "dmean": 334.718170166,
        "dmean2": 536.022521973,
        "dvar": 82534.359375,
        "dvar2": 189235.03125,
        "max": 4128.97607422,
        "mean": 1954.47790527,
        "median": 1969.78405762,
        "min": 639.602905273,
        "var": 263086.125
    },
    "spectral_complexity": {
        "dmean": 5.05882358551,
        "dmean2": 7.93958187103,
        "dvar": 18.9624710083,
        "dvar2": 43.7622909546,
        "max": 61,
        "mean": 35.4895591736,
        "median": 36,
        "min": 7,
        "var": 78.0642547607
    },
    "spectral_decrease": {
        "dmean": 2.97111180103e-09,
        "dmean2": 4.66698235613e-09,
        "dvar": 1.23019996419e-17,
        "dvar2": 2.62702073897e-17,
        "max": -1.09672693149e-09,
        "mean": -9.13327902197e-09,
        "median": -7.86807152764e-09,
        "min": -2.79958154437e-08,
        "var": 2.02180494481e-17
    },
    "spectral_energy": {
        "dmean": 0.0115818735212,
        "dmean2": 0.017994120717,
        "dvar": 0.000179399226909,
        "dvar2": 0.000382307451218,
        "max": 0.109029375017,
        "mean": 0.0387441366911,
        "median": 0.0345541350543,
        "min": 0.00513313477859,
        "var": 0.000297617836623
    },
    "spectral_energyband_high": {
        "dmean": 0.00132585666142,
        "dmean2": 0.00192051706836,
        "dvar": 2.54628912444e-06,
        "dvar2": 4.99579391544e-06,
        "max": 0.027279606089,
        "mean": 0.00358551787212,
        "median": 0.00258323736489,
        "min": 9.30357273319e-05,
        "var": 7.91958063928e-06
    },
    "spectral_energyband_low": {
        "dmean": 0.00907537993044,
        "dmean2": 0.0146423922852,
        "dvar": 0.000168158949236,
        "dvar2": 0.000366143882275,
        "max": 0.101298354566,
        "mean": 0.0149876391515,
        "median": 0.00977700576186,
        "min": 0.000747468322515,
        "var": 0.000251906720223
    },
    "spectral_energyband_middle_high": {
        "dmean": 0.00213469052687,
        "dmean2": 0.00329183437862,
        "dvar": 5.403819614e-06,
        "dvar2": 1.24107682495e-05,
        "max": 0.0403428710997,
        "mean": 0.00737452460453,
        "median": 0.00629691081122,
        "min": 0.000576365331654,
        "var": 1.95692864509e-05
    },
    "spectral_energyband_middle_low": {
        "dmean": 0.00719651812688,
        "dmean2": 0.0118878316134,
        "dvar": 6.52309608995e-05,
        "dvar2": 0.000164152515936,
        "max": 0.0660307258368,
        "mean": 0.0152010153979,
        "median": 0.0127148488536,
        "min": 0.00183096609544,
        "var": 9.10089293029e-05
    },
    "spectral_entropy": {
        "dmean": 0.106129154563,
        "dmean2": 0.156588762999,
        "dvar": 0.00844011176378,
        "dvar2": 0.0182478502393,
        "max": 8.5580663681,
        "mean": 8.10408401489,
        "median": 8.11200332642,
        "min": 7.33390951157,
        "var": 0.0292951576412
    },
    "spectral_flux": {
        "dmean": 0.0295147653669,
        "dmean2": 0.0437680073082,
        "dvar": 0.000913424184546,
        "dvar2": 0.00174502423033,
        "max": 0.309570223093,
        "mean": 0.123067505658,
        "median": 0.113740824163,
        "min": 0.0503158792853,
        "var": 0.00184770103078
    },
    "spectral_kurtosis": {
        "dmean": 0.539832472801,
        "dmean2": 0.869857251644,
        "dvar": 0.236363276839,
        "dvar2": 0.529530465603,
        "max": 8.24063396454,
        "mean": 1.96846926212,
        "median": 1.89138364792,
        "min": -0.586954116821,
        "var": 0.624513447285
    },
    "spectral_rms": {
        "dmean": 0.000873180804774,
        "dmean2": 0.00135184521787,
        "dvar": 8.1275231878e-07,
        "dvar2": 1.6791869939e-06,
        "max": 0.0103135891259,
        "mean": 0.00601685140282,
        "median": 0.00580614758655,
        "min": 0.00223784195259,
        "var": 1.59662272381e-06
    },
    "spectral_rolloff": {
        "dmean": 1117.82763672,
        "dmean2": 1826.90515137,
        "dvar": 1497745.5,
        "dvar2": 3496316.75,
        "max": 8936.27929688,
        "mean": 2740.88061523,
        "median": 2691.65039062,
        "min": 86.1328125,
        "var": 3280747.75
    },
    "spectral_skewness": {
        "dmean": 0.109293036163,
        "dmean2": 0.172940433025,
        "dvar": 0.00871144607663,
        "dvar2": 0.0197316817939,
        "max": 2.25087833405,
        "mean": 1.16309845448,
        "median": 1.1667714119,
        "min": 0.337706506252,
        "var": 0.0323903001845
    },
    "spectral_spread": {
        "dmean": 621512.9375,
        "dmean2": 926514.6875,
        "dvar": 324306075648,
        "dvar2": 740195565568,
        "max": 8863446,
        "mean": 6052343.5,
        "median": 6027192,
        "min": 3595510.25,
        "var": 779329863680
    },
    "spectral_strongpeak": {
        "dmean": 0.511912465096,
        "dmean2": 0.883248865604,
        "dvar": 0.630841672421,
        "dvar2": 1.54658031464,
        "max": 9.07156562805,
        "mean": 0.740118324757,
        "median": 0.424148499966,
        "min": 0,
        "var": 0.897840082645
    },
    "zerocrossingrate": {
        "dmean": 0.0166979338974,
        "dmean2": 0.0203149206936,
        "dvar": 0.000195656859432,
        "dvar2": 0.000279007857898,
        "max": 0.2685546875,
        "mean": 0.103714637458,
        "median": 0.1025390625,
        "min": 0.02197265625,
        "var": 0.00115925108548
    },
    "barkbands": {
        "dmean": [0.000642780796625, 0.00610036030412, 0.00429190462455, 0.00406615342945, 0.0026008724235, 0.000982132391073, 0.00056838709861, 0.000759785529226, 0.00185246474575, 0.000547398929484, 0.000602603948209, 0.000423923076596, 0.000431886903243, 0.000479939422803, 0.000403622922022, 0.000294638797641, 0.000272964738542, 0.00035434612073, 0.000354627962224, 0.00025327334879, 0.0002720382181, 0.000249816599535, 0.000305364868836, 0.000341937091434, 0.000262648449279, 0.000131944747409, 2.83239494081e-08],
        "dmean2": [0.00109060748946, 0.0104515133426, 0.00770302023739, 0.0070443181321, 0.00450440077111, 0.00162627268583, 0.00098480808083, 0.00125626591034, 0.0030096359551, 0.000871734227985, 0.000996709568426, 0.000696497561876, 0.00069644197356, 0.000804540060926, 0.000676539086271, 0.000496586144436, 0.000459258357296, 0.00058875605464, 0.000581471249461, 0.000425077043474, 0.000435796013335, 0.000383479375159, 0.000447591912234, 0.000541731656995, 0.000391490146285, 0.000201702554477, 5.15080351704e-08],
        "dvar": [1.34062236157e-06, 0.000149205967318, 4.96775137435e-05, 2.79817832052e-05, 1.43555535033e-05, 1.39022131407e-06, 1.04045557237e-06, 2.25308622248e-06, 1.37778015414e-05, 1.52129257458e-06, 1.32942693654e-06, 3.88538040852e-07, 7.74795410052e-07, 1.48474782691e-06, 4.67973421792e-07, 4.14733534626e-07, 9.75604805831e-08, 1.47204431755e-07, 1.51252862679e-07, 6.72580853234e-08, 1.02612922603e-07, 9.7368328511e-08, 2.28742365493e-07, 3.29387546572e-07, 8.95534881806e-08, 3.89248633326e-08, 3.1082605836e-14],
        "dvar2": [3.40065184901e-06, 0.000386877945857, 0.000140785472468, 7.21986580174e-05, 4.11072505813e-05, 3.35034269483e-06, 3.23058634422e-06, 5.61331307836e-06, 3.53737523255e-05, 3.35071763402e-06, 3.46410547536e-06, 9.63159891398e-07, 1.82251733349e-06, 3.54750045517e-06, 1.19123887998e-06, 1.14316958388e-06, 2.46093151191e-07, 3.79991149657e-07, 3.62777598184e-07, 1.77704748694e-07, 2.5641548973e-07, 1.93766680923e-07, 4.57286972733e-07, 7.84777057561e-07, 2.07638535699e-07, 9.263302303e-08, 7.10869080614e-14],
        "max": [0.0114643247798, 0.0846106410027, 0.055901221931, 0.0401302501559, 0.0329778939486, 0.0108235571533, 0.015016246587, 0.0183490589261, 0.0364942848682, 0.0297029223293, 0.0160051230341, 0.012314052321, 0.0144855994731, 0.0216431710869, 0.0110637675971, 0.0111027834937, 0.0054662944749, 0.0049977004528, 0.00482192402706, 0.0037612428423, 0.00586978951469, 0.00473896041512, 0.00848955847323, 0.0122239664197, 0.00378364650533, 0.0036505938042, 4.8429292292e-06],
        "mean": [0.000650937436149, 0.00682654744014, 0.00528988707811, 0.00512066809461, 0.00395869463682, 0.00146142870653, 0.000834256177768, 0.0010340512963, 0.00250655040145, 0.000810843252111, 0.000782337214332, 0.000658997683786, 0.000683724996634, 0.000756918161642, 0.000687426305376, 0.000517399806995, 0.000556982820854, 0.000796546519268, 0.000843873713166, 0.000682329467963, 0.000674578244798, 0.000571768265218, 0.000633465184364, 0.000645752123091, 0.000565148249734, 0.000193020750885, 2.51692586772e-08],
        "median": [0.000244613096584, 0.00304492982104, 0.00351993972436, 0.0031122113578, 0.00287219323218, 0.00100025115535, 0.000558324856684, 0.000521497859154, 0.00078669906361, 0.000339317717589, 0.000374906871002, 0.000416843278799, 0.000343184132362, 0.000390060537029, 0.000445621146355, 0.000327017303789, 0.000462476455141, 0.000630117254332, 0.000670748646371, 0.000582893553656, 0.000540197594091, 0.000398747564759, 0.000394832226448, 0.00041061732918, 0.000417708652094, 0.000113900001452, 9.70687863422e-10],
        "min": [1.02399678781e-06, 4.2041472625e-05, 4.77456669614e-05, 6.00622479396e-05, 0.000156784750288, 3.84855557058e-05, 4.34558533016e-05, 3.72479080397e-05, 5.11997459398e-05, 1.87944315257e-05, 1.35726195367e-05, 1.4386323528e-05, 1.58200764417e-05, 1.32502518682e-05, 4.53807115264e-05, 1.73891912709e-05, 3.69961926481e-05, 2.9284548873e-05, 2.9474393159e-05, 1.79134949576e-05, 1.9084491214e-05, 1.39982275869e-05, 1.06309662442e-05, 1.09069142127e-05, 4.71453586215e-06, 2.75776401715e-09, 7.02394262544e-12],
        "var": [1.37145013923e-06, 0.000141787168104, 3.90788190998e-05, 3.10712821374e-05, 1.43125562317e-05, 2.01922580345e-06, 1.15410796298e-06, 3.23505673805e-06, 2.13880666706e-05, 3.35113736583e-06, 1.49289985529e-06, 6.16676459231e-07, 1.45952446928e-06, 2.43465547101e-06, 7.17128898486e-07, 6.1699267917e-07, 1.88421978464e-07, 3.59958875151e-07, 3.94515467406e-07, 1.83116185326e-07, 2.59827032778e-07, 2.62169635334e-07, 5.58961232855e-07, 7.59697684316e-07, 1.8133623314e-07, 4.96076495438e-08, 5.22912672906e-14]
    },
    "erbbands": {
        "dmean": [0.164392128587, 1.46801900864, 4.22165679932, 9.83012962341, 11.7901477814, 8.13295841217, 9.07840251923, 8.36154174805, 6.69956588745, 10.8352203369, 21.3194408417, 43.7464065552, 23.4367160797, 19.9507293701, 19.6663837433, 15.4510240555, 18.5892276764, 23.1694698334, 19.4174556732, 16.7766075134, 15.4713544846, 15.7943277359, 16.7386341095, 17.7462863922, 16.3208751678, 11.2162036896, 10.3510274887, 11.5991182327, 8.99706172943, 9.10059833527, 9.13714313507, 8.34745693207, 5.27730703354, 3.32598209381, 1.73634529114, 0.842688381672, 0.205288246274, 0.0140088973567, 0.000280936772469, 2.75440434052e-05],
        "dmean2": [0.27494892478, 2.55624246597, 7.39325809479, 17.2294635773, 20.3219184875, 14.0818433762, 15.3040866852, 14.0303573608, 11.2723093033, 18.5934257507, 34.3907737732, 71.0921859741, 37.1134033203, 31.6442947388, 31.9727115631, 25.2295093536, 29.3401889801, 38.6034736633, 32.7136688232, 28.1346855164, 26.0007133484, 26.214094162, 27.5771179199, 29.5520553589, 26.0123806, 18.8648414612, 17.1686096191, 18.3124523163, 13.7382535934, 14.3054685593, 13.0264434814, 12.9355964661, 8.41830730438, 5.27794456482, 2.56321907043, 1.25868964195, 0.32461258769, 0.0233330857009, 0.000449248531368, 4.09060849051e-05],
        "dvar": [0.168674558401, 7.74603414536, 49.29895401, 181.139434814, 215.399505615, 142.252883911, 173.8540802, 122.914230347, 82.729347229, 409.497039795, 1633.43151855, 9518.56738281, 2578.83544922, 1149.22717285, 1495.71105957, 496.205108643, 1469.00158691, 3089.5246582, 1239.10375977, 813.579223633, 1085.67089844, 349.270874023, 355.985595703, 329.462005615, 323.31729126, 135.460800171, 154.162979126, 184.900054932, 131.202911377, 155.408096313, 227.590316772, 215.062911987, 59.6760292053, 17.4235038757, 3.70153403282, 1.34747064114, 0.138169109821, 0.000762739335187, 2.60638302052e-07, 1.04774866561e-09],
        "dvar2": [0.423751920462, 21.1401767731, 138.088851929, 495.977783203, 570.83795166, 404.285247803, 461.468231201, 330.708190918, 240.330963135, 1155.43835449, 4012.87866211, 24247.6445312, 5926.19042969, 2615.08764648, 3972.35546875, 1263.95129395, 3398.84472656, 7839.86767578, 2964.5246582, 2115.94702148, 2923.68066406, 896.798095703, 902.8203125, 876.948303223, 770.908935547, 355.566070557, 408.996124268, 421.556060791, 271.972229004, 379.001159668, 409.392913818, 489.386047363, 138.411514282, 41.6956787109, 8.30839443207, 3.00908493996, 0.338519752026, 0.00195566657931, 6.56965767121e-07, 2.35546626648e-09],
        "max": [3.09850025177, 19.5346393585, 54.1520500183, 89.6287689209, 122.254676819, 104.861549377, 150.988525391, 115.912727356, 153.48223877, 266.542877197, 522.942871094, 1017.9887085, 1058.43212891, 518.348693848, 500.617279053, 239.028320312, 726.480102539, 958.727844238, 556.334411621, 387.538970947, 666.166870117, 336.041381836, 206.105804443, 213.34085083, 294.544250488, 171.565307617, 186.254867554, 225.645721436, 184.157546997, 205.696563721, 310.133850098, 349.880828857, 158.201980591, 62.1222114563, 19.6836853027, 11.4042778015, 8.56871604919, 0.614967644215, 0.0113510340452, 0.000561856781133],
        "mean": [0.165868192911, 1.64384412766, 5.53206205368, 12.6236658096, 16.8093891144, 11.2982263565, 12.2922811508, 11.6384849548, 10.5194883347, 16.2217750549, 30.04047966, 57.5024223328, 35.9677505493, 30.2069263458, 27.996389389, 25.6399307251, 31.1863193512, 38.5193595886, 35.4695510864, 32.3038291931, 30.2253398895, 34.0063056946, 39.7333602905, 44.841835022, 41.6040763855, 31.3964080811, 25.5737533569, 27.0680103302, 20.783323288, 18.4057636261, 18.6586284637, 14.9370679855, 9.9806060791, 6.60345745087, 3.62686729431, 1.42229425907, 0.251953989267, 0.0147724281996, 0.000380314741051, 7.88123652455e-05],
        "median": [0.0489455834031, 0.814911603928, 3.8328576088, 8.58448600769, 12.2001142502, 7.59212636948, 7.89581108093, 7.98162889481, 7.82613277435, 9.58463001251, 15.0997171402, 16.6427173615, 15.1679487228, 15.5656166077, 15.7470550537, 16.6998176575, 17.4686374664, 21.2100944519, 22.749206543, 21.6310405731, 20.1109027863, 27.6357784271, 31.3854751587, 38.8706016541, 31.6728458405, 26.7425079346, 21.0952701569, 20.7795314789, 14.6892662048, 12.7763719559, 10.9119873047, 9.15425395966, 6.67407226562, 4.71143007278, 2.71054267883, 0.901457488537, 0.133777856827, 0.00631787069142, 0.000212332277442, 6.73068716424e-05],
        "min": [0.00151252537034, 0.0184547007084, 0.146067887545, 0.385745227337, 0.347302019596, 0.472475886345, 0.537172019482, 0.334927976131, 0.462687313557, 0.723210096359, 0.956526577473, 1.10339725018, 0.595705151558, 0.730134606361, 0.715884268284, 0.737924873829, 0.774632692337, 0.592960238457, 2.66892051697, 3.11558461189, 2.59973978996, 1.8725322485, 1.77088570595, 2.99068665504, 1.51601243019, 0.857179284096, 0.713615119457, 0.673931896687, 0.636322081089, 0.28572922945, 0.304716736078, 0.199776008725, 0.201892569661, 0.0768177211285, 0.0268617682159, 0.00455879932269, 0.00132601393852, 3.45977969118e-05, 1.37304359669e-05, 1.64826633409e-05],
        "var": [0.151598006487, 6.80266189575, 39.8887748718, 168.806716919, 249.415679932, 136.358688354, 208.489852905, 144.691345215, 100.055953979, 540.524719238, 2294.25146484, 13138.1025391, 5493.68701172, 2088.75097656, 1528.26745605, 832.943237305, 2679.93261719, 5156.16259766, 1901.43640137, 1326.56848145, 1801.52062988, 735.199829102, 870.890197754, 742.618041992, 1079.37548828, 378.048522949, 346.341003418, 486.097106934, 351.620513916, 286.892547607, 597.633850098, 508.226257324, 129.158599854, 30.9046001434, 7.38021373749, 2.11392760277, 0.14353428781, 0.0007101300871, 2.65124384669e-07, 1.69213787427e-09]
    },
    "gfcc": {
        "mean": [80.67212677, 54.5141677856, -107.851173401, 50.40184021, -65.3507614136, 27.8343067169, -45.5212211609, 19.5114765167, -34.8424987793, 3.72985959053, -23.8450012207, -3.54394459724, -16.0715084076],
        "cov": [[514.713989258, -229.121643066, 0.382474929094, -144.015716553, -79.571434021, -15.4848871231, 1.69030702114, -45.7970695496, -47.2257728577, -0.219131559134, -54.5219497681, 42.5326423645, -66.7784423828], [-229.121643066, 299.741729736, -10.2526435852, 39.092250824, 60.7557754517, 12.4958772659, 38.6062011719, 30.4733371735, 30.9074687958, -6.44324302673, 16.0264663696, -40.2275772095, 37.5455970764], [0.382474929094, -10.2526435852, 266.752655029, 55.5348243713, 38.5839881897, 18.9076194763, 4.77480363846, -6.57878923416, 18.9065723419, 15.1081018448, -3.32415175438, 45.1668968201, -5.42602157593], [-144.015716553, 39.092250824, 55.5348243713, 188.394119263, 56.4704666138, -1.61078333855, -33.6092643738, -8.92309474945, 23.2072162628, -4.55978965759, 34.0538291931, -0.396007627249, 45.2884101868], [-79.571434021, 60.7557754517, 38.5839881897, 56.4704666138, 125.443115234, 28.0732479095, 16.6719436646, 20.527633667, 16.8811664581, 15.7141695023, 0.729914009571, -3.02602267265, 9.97186374664], [-15.4848871231, 12.4958772659, 18.9076194763, -1.61078333855, 28.0732479095, 79.5736999512, 49.8968391418, 15.6352262497, 9.15495109558, 5.48036575317, 14.6631498337, -1.93198645115, 0.887976586819], [1.69030702114, 38.6062011719, 4.77480363846, -33.6092643738, 16.6719436646, 49.8968391418, 92.9251403809, 40.942691803, 8.88300704956, 4.03893518448, 0.994562745094, -4.46716451645, -10.4160137177], [-45.7970695496, 30.4733371735, -6.57878923416, -8.92309474945, 20.527633667, 15.6352262497, 40.942691803, 73.7330169678, 27.9902954102, 3.80798864365, 1.40602099895, -13.1098432541, 5.762383461], [-47.2257728577, 30.9074687958, 18.9065723419, 23.2072162628, 16.8811664581, 9.15495109558, 8.88300704956, 27.9902954102, 55.4582901001, 18.5964355469, 10.9003143311, -4.3213467598, 9.56132125854], [-0.219131559134, -6.44324302673, 15.1081018448, -4.55978965759, 15.7141695023, 5.48036575317, 4.03893518448, 3.80798864365, 18.5964355469, 45.6206283569, 15.6501655579, 7.96099662781, -6.33680009842], [-54.5219497681, 16.0264663696, -3.32415175438, 34.0538291931, 0.729914009571, 14.6631498337, 0.994562745094, 1.40602099895, 10.9003143311, 15.6501655579, 53.5091323853, 13.8543272018, 14.9112539291], [42.5326423645, -40.2275772095, 45.1668968201, -0.396007627249, -3.02602267265, -1.93198645115, -4.46716451645, -13.1098432541, -4.3213467598, 7.96099662781, 13.8543272018, 58.1845970154, 10.1646108627], [-66.7784423828, 37.5455970764, -5.42602157593, 45.2884101868, 9.97186374664, 0.887976586819, -10.4160137177, 5.762383461, 9.56132125854, -6.33680009842, 14.9112539291, 10.1646108627, 55.6095619202]],
        "icov": [[0.00443764775991, 0.00251757423393, 0.000187147627003, 0.00172370311338, 0.000396165967686, 0.000468469952466, -0.00183280103374, 0.00239295233041, -0.000477352208691, 4.71882740385e-05, 0.002793291118, -0.0021368637681, 0.00130288803484], [0.00251757423393, 0.00773792527616, -0.00113099371083, 0.00343364709988, -0.00381851848215, 0.00487527670339, -0.00606474839151, 0.00472393399104, -0.00335903302766, 0.00357552687638, -0.00377123989165, 0.00604676501825, -0.00523551087826], [0.000187147627003, -0.00113099371083, 0.00622975919396, -0.00369662791491, 0.000930189271457, -0.00312213599682, 0.000923557148781, -0.000738234899472, -0.00119547580834, -0.00200035586022, 0.0056998222135, -0.0079125566408, 0.00463481340557], [0.00172370311338, 0.00343364709988, -0.00369662791491, 0.0142997764051, -0.00729182548821, 0.00497245322913, -0.000446497724624, 0.00610850425437, -0.00523211993277, 0.00794519949704, -0.0109491711482, 0.00781296566129, -0.00843045022339], [0.000396165967686, -0.00381851848215, 0.000930189271457, -0.00729182548821, 0.0155028812587, -0.00787002500147, 0.00304791005328, -0.00601278850809, 0.0042857886292, -0.00953664816916, 0.0106088872999, -0.00588412815705, 0.0040299827233], [0.000468469952466, 0.00487527670339, -0.00312213599682, 0.00497245322913, -0.00787002500147, 0.027390981093, -0.0170687939972, 0.00836222711951, -0.00445592682809, 0.00609499821439, -0.0130916880444, 0.00973141379654, -0.00698064919561], [-0.00183280103374, -0.00606474839151, 0.000923557148781, -0.000446497724624, 0.00304791005328, -0.0170687939972, 0.0286971274763, -0.0154339810833, 0.00488264253363, -0.00252399104647, 0.0040817684494, -0.00693362345919, 0.00809374731034], [0.00239295233041, 0.00472393399104, -0.000738234899472, 0.00610850425437, -0.00601278850809, 0.00836222711951, -0.0154339810833, 0.0293685663491, -0.014155366458, 0.00644378783181, -0.00460902042687, 0.00798724312335, -0.00740807177499], [-0.000477352208691, -0.00335903302766, -0.00119547580834, -0.00523211993277, 0.0042857886292, -0.00445592682809, 0.00488264253363, -0.014155366458, 0.0324796847999, -0.015245012939, 0.00324281980284, 2.27947111853e-05, -0.000672293826938], [4.71882740385e-05, 0.00357552687638, -0.00200035586022, 0.00794519949704, -0.00953664816916, 0.00609499821439, -0.00252399104647, 0.00644378783181, -0.015245012939, 0.0382240377367, -0.0172699522227, 0.0022982917726, 0.00263671996072], [0.002793291118, -0.00377123989165, 0.0056998222135, -0.0109491711482, 0.0106088872999, -0.0130916880444, 0.0040817684494, -0.00460902042687, 0.00324281980284, -0.0172699522227, 0.0411815755069, -0.0177621822804, 0.00460113817826], [-0.0021368637681, 0.00604676501825, -0.0079125566408, 0.00781296566129, -0.00588412815705, 0.00973141379654, -0.00693362345919, 0.00798724312335, 2.27947111853e-05, 0.0022982917726, -0.0177621822804, 0.0372606776655, -0.0168000999838], [0.00130288803484, -0.00523551087826, 0.00463481340557, -0.00843045022339, 0.0040299827233, -0.00698064919561, 0.00809374731034, -0.00740807177499, -0.000672293826938, 0.00263671996072, 0.00460113817826, -0.0168000999838, 0.0343254730105]]
    },
    "melbands": {
        "dmean": [0.00156049092766, 0.00191605347209, 0.001695883926, 0.000644173822366, 0.000319410144584, 0.000181578405318, 0.000106761937786, 0.000122036231915, 0.000204294003197, 0.000278581719613, 0.000116059010907, 7.93701256043e-05, 7.73593274062e-05, 4.37768758275e-05, 4.96875254612e-05, 4.28842940892e-05, 4.82508985442e-05, 3.36098419211e-05, 3.25364380842e-05, 2.11993938137e-05, 1.8264305254e-05, 1.92988700292e-05, 1.37012011692e-05, 2.01459788514e-05, 1.57978738571e-05, 1.39650792335e-05, 1.20533368317e-05, 7.81817288953e-06, 7.09007872501e-06, 7.41672192817e-06, 6.89576108925e-06, 5.50807317268e-06, 5.38004496775e-06, 5.46916680833e-06, 5.71687860429e-06, 5.09382743985e-06, 5.57305384064e-06, 3.77012679564e-06, 3.84626764571e-06, 2.71410817732e-06],
        "dmean2": [0.00264953449368, 0.00330655183643, 0.00295780366287, 0.00111727835611, 0.000534678751137, 0.000300250540022, 0.000182404575753, 0.000208317796933, 0.000330720387865, 0.000453371176263, 0.000182748190127, 0.000125538179418, 0.000127802966745, 7.11966276867e-05, 8.01546557341e-05, 6.92164685461e-05, 8.10456403997e-05, 5.62849163543e-05, 5.41177978448e-05, 3.58940851584e-05, 3.10638861265e-05, 3.2181655115e-05, 2.2215755962e-05, 3.36524535669e-05, 2.6299028832e-05, 2.25993026106e-05, 1.96300516109e-05, 1.32198392748e-05, 1.18001289593e-05, 1.22998235383e-05, 1.08651829578e-05, 8.69673294801e-06, 8.35746413941e-06, 8.83775737748e-06, 8.1977013906e-06, 7.69386679167e-06, 9.00066515896e-06, 6.00977637077e-06, 6.28343286735e-06, 4.32225624536e-06],
        "dvar": [1.19323913168e-05, 1.00273109638e-05, 4.85315740661e-06, 8.81790015228e-07, 2.10654533817e-07, 5.29753592104e-08, 2.49975400379e-08, 4.97998691174e-08, 1.511950245e-07, 3.91662467791e-07, 6.60446275447e-08, 1.85121766805e-08, 2.50797338452e-08, 4.18572909666e-09, 1.07914797098e-08, 7.19330417454e-09, 1.61020370371e-08, 4.41831504716e-09, 2.90457635721e-09, 2.23313856296e-09, 1.23066357105e-09, 5.72029423829e-10, 2.93613494629e-10, 5.16685860763e-10, 2.63991190019e-10, 2.68816718885e-10, 1.71242492408e-10, 6.64399299466e-11, 7.62321802905e-11, 8.14544404149e-11, 6.84920523075e-11, 4.83132769902e-11, 4.98151103701e-11, 6.13678552419e-11, 9.11385758529e-11, 7.16326650774e-11, 1.12694749366e-10, 3.21730801722e-11, 2.47609155402e-11, 1.03279329533e-11],
        "dvar2": [3.02097269014e-05, 2.66367551376e-05, 1.30546741275e-05, 2.52023664871e-06, 5.60711441722e-07, 1.38422961982e-07, 7.50652517922e-08, 1.33551253612e-07, 3.69187489468e-07, 9.96732296699e-07, 1.49637344293e-07, 4.18285317494e-08, 6.68159287898e-08, 1.02666755097e-08, 2.43201636607e-08, 1.91836875274e-08, 4.04855953207e-08, 1.02451247486e-08, 7.50500905866e-09, 6.19478113251e-09, 3.25042592841e-09, 1.44776524102e-09, 7.37139127516e-10, 1.32608257708e-09, 7.2679684493e-10, 6.28198160157e-10, 4.28993507384e-10, 1.78454070965e-10, 2.03452699132e-10, 2.14920997665e-10, 1.55984419825e-10, 1.08285713729e-10, 1.07191179544e-10, 1.59943891465e-10, 1.67354713421e-10, 1.35855798833e-10, 2.93896296188e-10, 7.23963666793e-11, 6.13145020867e-11, 2.50631043697e-11],
        "max": [0.0242804158479, 0.0243775788695, 0.0158761385828, 0.00805260613561, 0.00565886031836, 0.00241452036425, 0.00238716998138, 0.00313531956635, 0.00437416508794, 0.00642889039591, 0.00539958616719, 0.00212304270826, 0.00217205495574, 0.00143191509414, 0.00182958610822, 0.00129296141677, 0.00222508795559, 0.00104459829163, 0.000766075332649, 0.000891397532541, 0.000649064895697, 0.000445845071226, 0.000249668984907, 0.000346010026988, 0.000177067224286, 0.000228116521612, 0.000208977391594, 9.99147450784e-05, 0.000155459056259, 0.000148117585923, 0.000146136226249, 0.00010392266995, 9.07597641344e-05, 0.000121341734484, 0.00020240181766, 0.000206193581107, 0.000237342857872, 0.000132375120302, 7.58964306442e-05, 4.46668309451e-05],
        "mean": [0.00170965038706, 0.00274308375083, 0.00243427976966, 0.000957069452852, 0.000455077592051, 0.000263035763055, 0.000165511650266, 0.000181720635737, 0.000274044519756, 0.00036875117803, 0.000172329775523, 0.000117574541946, 0.000102476114989, 6.78522483213e-05, 7.34249624657e-05, 6.66297710268e-05, 7.40006944397e-05, 5.57033708901e-05, 5.42312045582e-05, 3.6932524381e-05, 3.30243856297e-05, 3.68574110325e-05, 2.85725727736e-05, 4.17739793193e-05, 3.56292875949e-05, 3.13905511575e-05, 2.81441443803e-05, 1.88604426512e-05, 1.56823225552e-05, 1.6002166376e-05, 1.52017719302e-05, 1.17730487545e-05, 1.06556144601e-05, 9.91547494777e-06, 1.07992682388e-05, 1.01270916275e-05, 8.63496461534e-06, 6.59524994262e-06, 7.01158933225e-06, 5.07922277393e-06],
        "median": [0.000670830719173, 0.00184760068078, 0.00175891059916, 0.000731282692868, 0.000304651417537, 0.000185191325727, 0.000120927528769, 0.000105659120891, 0.000117721807328, 0.000101002893643, 6.82791724103e-05, 6.00340645178e-05, 5.22466980328e-05, 4.4763659389e-05, 3.88233711419e-05, 3.62052596756e-05, 3.65627784049e-05, 3.34645555995e-05, 3.38718855346e-05, 2.24342838919e-05, 2.22622984438e-05, 2.9379642001e-05, 2.15278050746e-05, 3.28998685291e-05, 3.0256656828e-05, 2.32269267144e-05, 2.19756366278e-05, 1.57269296324e-05, 1.25531887534e-05, 1.27802986754e-05, 1.12452071335e-05, 8.37733296066e-06, 6.97899349689e-06, 7.00661803421e-06, 6.01538431511e-06, 6.41317637928e-06, 5.02719876749e-06, 4.13628004026e-06, 5.10105655849e-06, 3.68811015505e-06],
        "min": [2.20647780225e-05, 6.2767721829e-05, 9.41297694226e-05, 2.65363432845e-05, 1.67295947904e-05, 5.69459461985e-06, 5.6530020629e-06, 1.10906639748e-05, 5.62995728615e-06, 6.50660967949e-06, 2.69989277513e-06, 3.01039904116e-06, 1.89758998204e-06, 2.05366245609e-06, 1.46573358961e-06, 1.5685722019e-06, 8.34145851059e-07, 3.02107082462e-06, 3.80713845516e-06, 2.44500802182e-06, 2.77009144156e-06, 2.35461629927e-06, 1.02227295429e-06, 1.95011853066e-06, 1.83655401997e-06, 7.24729488866e-07, 8.65653191795e-07, 4.4982581926e-07, 4.07301314453e-07, 4.62696306158e-07, 3.18331586868e-07, 3.72870402998e-07, 2.30067811913e-07, 1.30294296241e-07, 1.83696428735e-07, 1.01417441556e-07, 1.25674731066e-07, 1.20888159927e-07, 7.94784540403e-08, 6.33726884303e-08],
