{
"highlevel": {
    "danceability": {
        "all": {
            "danceable": 0.804362297058,
            "not_danceable": 0.195637688041
        },
        "probability": 0.804362297058,
        "value": "danceable"
    },
    "gender": {
        "all": {
            "female": 0.651386857033,
            "male": 0.348613142967
        },
        "probability": 0.651386857033,
        "value": "female"
    },
    "genre_dortmund": {
        "all": {
            "alternative": 0.0993784293532,
            "blues": 0.0233277324587,
            "electronic": 0.0141847413033,
            "folkcountry": 0.165626138449,
            "funksoulrnb": 0.0086948024109,
            "jazz": 0.00779671408236,
            "pop": 0.110993511975,
            "raphiphop": 0.0104402955621,
            "rock": 0.559557616711
        },
        "probability": 0.559557616711,
        "value": "rock"
    },
    "genre_electronic": {
        "all": {
            "ambient": 0.500326752663,
            "dnb": 0.172988131642,
            "house": 0.108519583941,
            "techno": 0.0153905684128,
            "trance": 0.202774956822
        },
        "probability": 0.500326752663,
        "value": "ambient"
    },
    "genre_rosamerica": {
        "all": {
            "cla": 0.0171212460846,
            "dan": 0.0949765220284,
            "hip": 0.115534283221,
            "jaz": 0.0142687950283,
            "pop": 0.277488023043,
            "rhy": 0.278285086155,
            "roc": 0.1908275038,
            "spe": 0.0114985499531
        },
        "probability": 0.278285086155,
        "value": "rhy"
    },
    "genre_tzanetakis": {
        "all": {
            "blu": 2.00933528442e-14,
            "cla": 1.10376880297e-14,
            "cou": 2.21312073892e-14,
            "dis": 1.76883671149e-14,
            "hip": 4.29576757196e-14,
            "jaz": 0.999999940395,
            "met": 2.0000017642e-08,
            "pop": 2.0000017642e-08,
            "reg": 1.66666822565e-08,
            "roc": 2.50000233848e-08
        },
        "probability": 0.999999940395,
        "value": "jaz"
    },
    "ismir04_rhythm": {
        "all": {
            "ChaChaCha": 0.027325168252,
            "Jive": 0.652590334415,
            "Quickstep": 0.0207906048745,
            "Rumba-American": 0.00827176962048,
            "Rumba-International": 0.0405564345419,
            "Rumba-Misc": 0.0137082487345,
            "Samba": 0.109762720764,
            "Tango": 0.0151554578915,
            "VienneseWaltz": 0.103451043367,
            "Waltz": 0.00838821288198
        },
        "probability": 0.652590334415,
        "value": "Jive"
    },
    "mood_acoustic": {
        "all": {
            "acoustic": 0.112630642951,
            "not_acoustic": 0.887369334698
        },
        "probability": 0.887369334698,
        "value": "not_acoustic"
    },
    "mood_aggressive": {
        "all": {
            "aggressive": 0.00878653489053,
            "not_aggressive": 0.991213440895
        },
        "probability": 0.991213440895,
        "value": "not_aggressive"
    },
    "mood_electronic": {
        "all": {
            "electronic": 0.0293117333204,
            "not_electronic": 0.970688283443
        },
        "probability": 0.970688283443,
        "value": "not_electronic"
    },
    "mood_happy": {
        "all": {
            "happy": 0.858672559261,
            "not_happy": 0.141327425838
        },
        "probability": 0.858672559261,
        "value": "happy"
    },
    "mood_party": {
        "all": {
            "not_party": 0.711911916733,
            "party": 0.288088083267
        },
        "probability": 0.711911916733,
        "value": "not_party"
    },
    "mood_relaxed": {
        "all": {
            "not_relaxed": 0.783078670502,
            "relaxed": 0.216921314597
        },
        "probability": 0.783078670502,
        "value": "not_relaxed"
    },
    "mood_sad": {
        "all": {
            "not_sad": 0.619415044785,
            "sad": 0.380584985018
        },
        "probability": 0.619415044785,
        "value": "not_sad"
    },
    "moods_mirex": {
        "all": {
            "Cluster1": 0.15510225296,
            "Cluster2": 0.224110409617,
            "Cluster3": 0.167275831103,
            "Cluster4": 0.362899243832,
            "Cluster5": 0.0906122475863
        },
        "probability": 0.362899243832,
        "value": "Cluster4"
    },
    "timbre": {
        "all": {
            "bright": 0.746546089649,
            "dark": 0.253453940153
        },
        "probability": 0.746546089649,
        "value": "bright"
    },
    "tonal_atonal": {
        "all": {
            "atonal": 0.00631799409166,
            "tonal": 0.993682026863
        },
        "probability": 0.993682026863,
        "value": "tonal"
    },
    "voice_instrumental": {
        "all": {
            "instrumental": 0.00792026333511,
            "voice": 0.992079734802
        },
        "probability": 0.992079734802,
        "value": "voice"
    }
},
"lowlevel": {
    "average_loudness": 0.96877014637,
    "barkbands_crest": {
        "dmean": 2.38452553749,
        "dmean2": 3.95144844055,
        "dvar": 4.67123270035,
        "dvar2": 11.7697401047,
        "max": 22.592590332,
        "mean": 8.45765590668,
        "median": 7.86907863617,
        "min": 2.76560902596,
        "var": 9.88776874542
    },
    "barkbands_flatness_db": {
        "dmean": 0.0204770360142,
        "dmean2": 0.0312982723117,
        "dvar": 0.000330584385665,
        "dvar2": 0.000731207546778,
        "max": 0.226678028703,
        "mean": 0.124600417912,
        "median": 0.121634379029,
        "min": 0.0474610216916,
        "var": 0.00126455514692
    },
    "barkbands_kurtosis": {
        "dmean": 2.28218913078,
        "dmean2": 3.66918349266,
        "dvar": 9.06605911255,
        "dvar2": 20.2055873871,
        "max": 26.5412025452,
        "mean": 2.90864276886,
        "median": 1.72897100449,
        "min": -1.91817426682,
        "var": 17.7068099976
    },
    "barkbands_skewness": {
        "dmean": 0.551066040993,
        "dmean2": 0.844661712646,
        "dvar": 0.313351482153,
        "dvar2": 0.657998204231,
        "max": 4.92607927322,
        "mean": 1.44036054611,
        "median": 1.4050565958,
        "min": -2.36856818199,
        "var": 0.894893467426
    },
    "barkbands_spread": {
        "dmean": 7.67703819275,
        "dmean2": 12.0339078903,
        "dvar": 102.129295349,
        "dvar2": 209.997848511,
        "max": 112.967384338,
        "mean": 28.3286533356,
        "median": 23.6934127808,
        "min": 5.38187885284,
        "var": 330.958282471
    },
    "dissonance": {
        "dmean": 0.016401913017,
        "dmean2": 0.0277499463409,
        "dvar": 0.000253290229011,
        "dvar2": 0.000674801471177,
        "max": 0.499200135469,
        "mean": 0.466714322567,
        "median": 0.472015500069,
        "min": 0.320775479078,
        "var": 0.000566542556044
    },
    "dynamic_complexity": 2.33889126778,
    "erbbands_crest": {
        "dmean": 2.35774087906,
        "dmean2": 3.73291254044,
        "dvar": 5.43450927734,
        "dvar2": 12.1381320953,
        "max": 25.8625869751,
        "mean": 8.15111160278,
        "median": 6.93596887589,
        "min": 2.40442967415,
        "var": 17.437669754
    },
    "erbbands_flatness_db": {
        "dmean": 0.0194411277771,
        "dmean2": 0.0279154572636,
        "dvar": 0.000310406816425,
        "dvar2": 0.000638746423647,
        "max": 0.245793968439,
        "mean": 0.12739571929,
        "median": 0.125876292586,
        "min": 0.0459110587835,
        "var": 0.00117887509987
    },
    "erbbands_kurtosis": {
        "dmean": 0.750277161598,
        "dmean2": 1.15365242958,
        "dvar": 0.946761488914,
        "dvar2": 2.12404918671,
        "max": 12.8653917313,
        "mean": 0.119605436921,
        "median": -0.387971401215,
        "min": -1.6080442667,
        "var": 2.48777627945
    },
    "erbbands_skewness": {
        "dmean": 0.342981815338,
        "dmean2": 0.507838666439,
        "dvar": 0.104988537729,
        "dvar2": 0.206869140267,
        "max": 2.40424156189,
        "mean": 0.226568326354,
        "median": 0.277034491301,
        "min": -3.40688109398,
        "var": 0.544150650501
    },
    "erbbands_spread": {
        "dmean": 10.1405248642,
        "dmean2": 15.3964118958,
        "dvar": 109.332366943,
        "dvar2": 246.815933228,
        "max": 139.85295105,
        "mean": 45.9996566772,
        "median": 43.5328102112,
        "min": 11.850769043,
        "var": 334.021636963
    },
    "hfc": {
        "dmean": 14.9377565384,
        "dmean2": 21.1188354492,
        "dvar": 614.27545166,
        "dvar2": 1136.72595215,
        "max": 377.515441895,
        "mean": 30.3933525085,
        "median": 18.9092922211,
        "min": 0.963655769825,
        "var": 1567.35864258
    },
    "melbands_crest": {
        "dmean": 3.04228043556,
        "dmean2": 5.04419469833,
        "dvar": 7.81984233856,
        "dvar2": 20.5136947632,
        "max": 27.4609947205,
        "mean": 11.72793293,
        "median": 11.1830749512,
        "min": 3.98315238953,
        "var": 14.6175107956
    },
    "melbands_flatness_db": {
        "dmean": 0.0273208860308,
        "dmean2": 0.041485324502,
        "dvar": 0.000704216363374,
        "dvar2": 0.00148788653314,
        "max": 0.31388297677,
        "mean": 0.175826177001,
        "median": 0.174057036638,
        "min": 0.048388518393,
        "var": 0.00273744179867
    },
    "melbands_kurtosis": {
        "dmean": 6.74367046356,
        "dmean2": 10.5716781616,
        "dvar": 84.5101852417,
        "dvar2": 192.75894165,
        "max": 126.313613892,
        "mean": 11.9419517517,
        "median": 8.39794921875,
        "min": -1.61631011963,
        "var": 147.105499268
    },
    "melbands_skewness": {
        "dmean": 0.778660178185,
        "dmean2": 1.19616818428,
        "dvar": 0.660879671574,
        "dvar2": 1.46397984028,
        "max": 9.28204917908,
        "mean": 2.66569685936,
        "median": 2.49383187294,
        "min": 0.060594022274,
        "var": 1.69060230255
    },
    "melbands_spread": {
        "dmean": 9.54403686523,
        "dmean2": 14.6152467728,
        "dvar": 206.0131073,
        "dvar2": 373.108093262,
        "max": 259.07824707,
        "mean": 27.3593235016,
        "median": 21.7612552643,
        "min": 3.93512010574,
        "var": 686.824707031
    },
    "pitch_salience": {
        "dmean": 0.0683713182807,
        "dmean2": 0.110005326569,
        "dvar": 0.0038685426116,
        "dvar2": 0.00957549922168,
        "max": 0.862963616848,
        "mean": 0.598010957241,
        "median": 0.605689287186,
        "min": 0.298987627029,
        "var": 0.00915207527578
    },
    "silence_rate_20dB": {
        "dmean": 0,
        "dmean2": 0,
        "dvar": 0,
        "dvar2": 0,
        "max": 1,
        "mean": 1,
        "median": 1,
        "min": 1,
        "var": 0
    },
    "silence_rate_30dB": {
        "dmean": 0.00154798757285,
        "dmean2": 0.00309837330133,
        "dvar": 0.00154558650684,
        "dvar2": 0.00463793473318,
        "max": 1,
        "mean": 0.999226629734,
        "median": 1,
        "min": 0,
        "var": 0.000772796280216
    },
    "silence_rate_60dB": {
        "dmean": 0.0201238393784,
        "dmean2": 0.0402788519859,
        "dvar": 0.0197187718004,
        "dvar2": 0.0448527447879,
        "max": 1,
        "mean": 0.0216550659388,
        "median": 0,
        "min": 0,
        "var": 0.0211863294244
    },
    "spectral_centroid": {
        "dmean": 297.666473389,
        "dmean2": 451.749694824,
        "dvar": 107403.453125,
        "dvar2": 202650.21875,
        "max": 5285.13769531,
        "mean": 1430.21777344,
        "median": 1292.18066406,
        "min": 364.250091553,
        "var": 508578.59375
    },
    "spectral_complexity": {
        "dmean": 5.40247678757,
        "dmean2": 7.52130126953,
        "dvar": 31.8303432465,
        "dvar2": 53.8435974121,
        "max": 51,
        "mean": 20.0510444641,
        "median": 18,
        "min": 3,
        "var": 88.1645278931
    },
    "spectral_decrease": {
        "dmean": 3.72402886306e-09,
        "dmean2": 5.8794991098e-09,
        "dvar": 2.89370972415e-17,
        "dvar2": 6.96300522615e-17,
        "max": -2.48414622206e-10,
        "mean": -7.10182002095e-09,
        "median": -5.50364509522e-09,
        "min": -3.52419888827e-08,
        "var": 3.33327383254e-17
    },
    "spectral_energy": {
        "dmean": 0.0151371555403,
        "dmean2": 0.0237225871533,
        "dvar": 0.000445062119979,
        "dvar2": 0.00107054051477,
        "max": 0.138791710138,
        "mean": 0.0295606814325,
        "median": 0.0237350892276,
        "min": 0.00106420612428,
        "var": 0.000528533942997
    },
    "spectral_energyband_high": {
        "dmean": 0.0010128847789,
        "dmean2": 0.00140689825639,
        "dvar": 5.04624767927e-06,
        "dvar2": 8.02560953161e-06,
        "max": 0.037339951843,
        "mean": 0.00182026892435,
        "median": 0.000703385972884,
        "min": 8.0735217125e-06,
        "var": 1.52029933815e-05
    },
    "spectral_energyband_low": {
        "dmean": 0.00763391563669,
        "dmean2": 0.0127220535651,
        "dvar": 0.000264637637883,
        "dvar2": 0.000655009178445,
        "max": 0.113961808383,
        "mean": 0.0101371696219,
        "median": 0.00624746084213,
        "min": 4.83972071379e-05,
        "var": 0.000226396354265
    },
    "spectral_energyband_middle_high": {
        "dmean": 0.00319395237602,
        "dmean2": 0.00480820052326,
        "dvar": 2.59040662058e-05,
        "dvar2": 6.3741041231e-05,
        "max": 0.0484098084271,
        "mean": 0.00616011628881,
        "median": 0.00325714726932,
        "min": 0.000162275566254,
        "var": 4.86694334541e-05
    },
    "spectral_energyband_middle_low": {
        "dmean": 0.00660051358864,
        "dmean2": 0.0105862487108,
        "dvar": 8.64668763825e-05,
        "dvar2": 0.000225076233619,
        "max": 0.0727871358395,
        "mean": 0.0125392377377,
        "median": 0.00976457074285,
        "min": 0.000456073175883,
        "var": 0.000107835141534
    },
    "spectral_entropy": {
        "dmean": 0.167912587523,
        "dmean2": 0.238234847784,
        "dvar": 0.0258602853864,
        "dvar2": 0.0474262982607,
        "max": 8.83111000061,
        "mean": 7.74013376236,
        "median": 7.75332403183,
        "min": 6.81800460815,
        "var": 0.141220256686
    },
    "spectral_flux": {
        "dmean": 0.0362678840756,
        "dmean2": 0.0544707924128,
        "dvar": 0.00172203709371,
        "dvar2": 0.00350906304084,
        "max": 0.328346788883,
        "mean": 0.0978045165539,
        "median": 0.0840641111135,
        "min": 0.019409334287,
        "var": 0.00325439637527
    },
    "spectral_kurtosis": {
        "dmean": 1.26880574226,
        "dmean2": 2.10405445099,
        "dvar": 1.74093127251,
        "dvar2": 4.79962015152,
        "max": 13.0706119537,
        "mean": 3.61099267006,
        "median": 3.26349401474,
        "min": -1.31532919407,
        "var": 4.76221847534
    },
    "spectral_rms": {
        "dmean": 0.00124730169773,
        "dmean2": 0.00183375820052,
        "dvar": 2.05240348805e-06,
        "dvar2": 4.60230739918e-06,
        "max": 0.0116364322603,
        "mean": 0.00502978591248,
        "median": 0.00481208739802,
        "min": 0.00101894547697,
        "var": 3.54098665412e-06
    },
    "spectral_rolloff": {
        "dmean": 749.431091309,
        "dmean2": 1248.99328613,
        "dvar": 2056949.5,
        "dvar2": 3934933,
        "max": 12144.7265625,
        "mean": 1868.82824707,
        "median": 1248.92578125,
        "min": 129.19921875,
        "var": 5160899.5
    },
    "spectral_skewness": {
        "dmean": 0.197248384356,
        "dmean2": 0.318320214748,
        "dvar": 0.0329751707613,
        "dvar2": 0.0780270323157,
        "max": 2.48473262787,
        "mean": 1.4696829319,
        "median": 1.47531020641,
        "min": 0.0049178195186,
        "var": 0.14825463295
    },
    "spectral_spread": {
        "dmean": 812159.5,
        "dmean2": 1130075.875,
        "dvar": 1.0538958848e+12,
        "dvar2": 1.65098933453e+12,
        "max": 19787908,
        "mean": 5500206,
        "median": 5032704.5,
        "min": 2468116.25,
        "var": 4.32748022989e+12
    },
    "spectral_strongpeak": {
        "dmean": 0.546873688698,
        "dmean2": 0.940178930759,
        "dvar": 0.766400158405,
        "dvar2": 1.88424861431,
        "max": 8.45641994476,
        "mean": 0.907492220402,
        "median": 0.403493583202,
        "min": 0,
        "var": 1.41184234619
    },
    "zerocrossingrate": {
        "dmean": 0.0159435924143,
        "dmean2": 0.017458986491,
        "dvar": 0.00048481754493,
        "dvar2": 0.000437982584117,
        "max": 0.40625,
        "mean": 0.0797507166862,
        "median": 0.0673828125,
        "min": 0.01171875,
        "var": 0.00338226975873
    },
    "barkbands": {
        "dmean": [0.000360520440154, 0.0039377482608, 0.003337103175, 0.00134827545844, 0.00206662225537, 0.00198867497966, 0.00155080319382, 0.000580644526053, 0.000976389856078, 0.000920824706554, 0.000428839732194, 0.000541132234503, 0.000583488668781, 0.000520979403518, 0.000450976076536, 0.000324058841215, 0.000217311593588, 0.000274818041362, 0.000238293461734, 0.000219561203266, 0.000161996300449, 0.000125533071696, 0.000130445463583, 0.000188137142686, 0.000352525385097, 0.000124280442833, 3.16547783541e-08],
        "dmean2": [0.000627262634225, 0.00662584835663, 0.00569932349026, 0.00235161581077, 0.00353222433478, 0.00331245595589, 0.00235736463219, 0.000933552160859, 0.00150921731256, 0.00151512946468, 0.00066416093614, 0.000877133163158, 0.000893598189577, 0.000812494661659, 0.000722483207937, 0.000518383458257, 0.000336983182933, 0.000422584009357, 0.00036631283001, 0.000333984091412, 0.000254494545516, 0.000188392441487, 0.000191085811821, 0.000261494889855, 0.000507253804244, 0.000183964701137, 5.97063376517e-08],
        "dvar": [6.86275200223e-07, 8.10079509392e-05, 6.48057393846e-05, 6.03849321124e-06, 1.14222402772e-05, 1.1187016753e-05, 8.31047691463e-06, 1.90220146123e-06, 5.95101664658e-06, 4.44286433776e-06, 1.01197645108e-06, 1.32515299356e-06, 1.49385300574e-06, 1.34848505695e-06, 9.74633280748e-07, 5.15057365646e-07, 2.29194284884e-07, 2.7122430879e-07, 1.39805976573e-07, 1.64559139648e-07, 7.15865269285e-08, 4.2354070473e-08, 8.17211542881e-08, 3.06063043354e-07, 1.73397120307e-06, 8.48176924251e-08, 1.55146806724e-14],
        "dvar2": [1.8667878976e-06, 0.000199016954866, 0.000173190739588, 1.68985843629e-05, 3.11704170599e-05, 2.88470837404e-05, 1.83450520126e-05, 4.65445918962e-06, 1.28672654682e-05, 1.15142684081e-05, 2.07167568078e-06, 3.44456907442e-06, 2.8978724913e-06, 3.0043836432e-06, 2.31419494412e-06, 1.24695043269e-06, 5.2582868193e-07, 5.43054909485e-07, 3.10417220817e-07, 3.67035539739e-07, 1.80636135383e-07, 9.34493371574e-08, 1.68746993268e-07, 5.53705945094e-07, 3.01011004922e-06, 1.69002262851e-07, 4.31498674953e-14],
        "max": [0.00729877362028, 0.0746418610215, 0.0675007775426, 0.0251774601638, 0.0289340447634, 0.0306876096874, 0.0479604303837, 0.0187430065125, 0.0394038297236, 0.0206009559333, 0.0188457779586, 0.0164811722934, 0.0178418941796, 0.017828701064, 0.0140203759074, 0.0117286425084, 0.00785807427019, 0.00707873748615, 0.00397303374484, 0.0047403993085, 0.003157857107, 0.00296424259432, 0.00567575264722, 0.00895245186985, 0.0240531321615, 0.00418702699244, 1.38545215123e-06],
        "mean": [0.000323637592373, 0.00519323023036, 0.0036356470082, 0.00190003286116, 0.00295738177374, 0.00292358291335, 0.00256209820509, 0.000705886166543, 0.00124526268337, 0.00109293975402, 0.000725289981347, 0.000729554099962, 0.000855891907122, 0.000685934093781, 0.000554684607778, 0.000405001541367, 0.000285989430267, 0.000422570650699, 0.00038567892625, 0.000336862780387, 0.000249425007496, 0.000194615087821, 0.000213666382479, 0.000287213159027, 0.000522602756973, 0.000166016136063, 1.87755873071e-08],
        "median": [8.75170517247e-05, 0.00335266091861, 0.00169966288377, 0.00121592124924, 0.00201054383069, 0.00129498646129, 0.000780509901233, 0.000219531182665, 0.000340231868904, 0.000237510539591, 0.000168858037796, 0.000198144043679, 0.000158293871209, 0.000227936368901, 0.000144690668094, 0.000183396885404, 0.000117412084364, 0.00013788905926, 0.000211256105104, 0.000124641621369, 9.3973831099e-05, 9.5328912721e-05, 8.31846846268e-05, 7.6411954069e-05, 8.44817477628e-05, 3.52080678567e-05, 5.09838726792e-10],
        "min": [9.02888288579e-08, 3.66352855963e-06, 4.47184402219e-06, 4.75092065244e-06, 4.81013958051e-05, 1.11290009954e-05, 8.51953700476e-06, 4.62728439743e-06, 5.00656369695e-06, 3.99929649575e-06, 1.40714246299e-06, 5.33756065124e-06, 4.68854341307e-06, 5.45411330677e-06, 6.65047400616e-06, 1.17122435768e-05, 4.97120436194e-06, 6.87479814587e-06, 7.31256432118e-06, 5.81627455176e-06, 2.24247310143e-06, 1.0221777984e-06, 6.46896637591e-07, 1.87298510923e-07, 1.58326784572e-07, 1.24013493918e-10, 1.1572526791e-11],
        "var": [5.28854002368e-07, 6.87951687723e-05, 4.87478573632e-05, 5.6137082538e-06, 1.01098639789e-05, 1.69122195075e-05, 2.09105946851e-05, 2.66011306849e-06, 8.1953503468e-06, 5.69807389184e-06, 2.6640377655e-06, 2.11853853216e-06, 3.70104999092e-06, 2.12689087675e-06, 1.60615434197e-06, 5.45640546079e-07, 2.916979156e-07, 5.42818270333e-07, 2.45472847382e-07, 3.23870267493e-07, 1.34430891308e-07, 7.98487107545e-08, 2.0997157435e-07, 7.70566543906e-07, 3.94969356421e-06, 1.72849951241e-07, 9.36370698047e-15]
    },
    "erbbands": {
        "dmean": [0.141563072801, 0.8201187253, 3.11189436913, 4.70155906677, 4.62551879883, 8.39057064056, 10.7015209198, 19.1001052856, 23.528553009, 14.0394449234, 14.9047651291, 21.1670360565, 26.6167373657, 23.3869247437, 17.6244697571, 20.0159568787, 23.4571266174, 25.0618934631, 25.0300369263, 20.0663299561, 16.1980247498, 12.7312231064, 15.2550888062, 12.52090168, 11.3731546402, 9.81696224213, 8.02384662628, 5.57743835449, 4.5691781044, 3.93874835968, 3.774933815, 3.24873781204, 3.80232810974, 4.48812437057, 2.18290662766, 0.748593747616, 0.213200330734, 0.0173601992428, 0.000335226388415, 3.47964196408e-05],
        "dmean2": [0.246947437525, 1.36870145798, 5.38593959808, 8.08125209808, 7.73884391785, 14.5580282211, 18.2331161499, 31.722826004, 36.1399993896, 22.142742157, 22.9562549591, 33.034286499, 42.5010643005, 38.0174217224, 26.4573307037, 33.0278968811, 36.4490699768, 38.828830719, 38.5267868042, 32.5808486938, 25.854757309, 19.3502674103, 23.1975688934, 18.7887363434, 17.0287094116, 14.9274291992, 12.4307060242, 8.76780033112, 6.91884946823, 5.93619012833, 5.43311882019, 4.81932067871, 5.23650074005, 6.68095970154, 3.08005809784, 1.07272255421, 0.31104901433, 0.025834383443, 0.000484176096506, 5.13000049978e-05],
        "dvar": [0.14288392663, 2.96073293686, 54.923866272, 101.220329285, 44.3004837036, 239.981765747, 353.243255615, 1192.39697266, 1769.87426758, 878.560180664, 1312.6895752, 3082.05371094, 3692.80371094, 3021.16455078, 1370.59301758, 1673.65783691, 2103.48852539, 3480.66259766, 2883.61645508, 2201.92163086, 1073.20446777, 780.095214844, 884.463134766, 427.971496582, 307.384246826, 353.411193848, 207.637115479, 89.2324676514, 58.3384361267, 45.1047935486, 79.0256118774, 63.1113700867, 176.470825195, 278.738037109, 65.0532531738, 4.62080049515, 0.207650408149, 0.00107832695358, 3.89179717786e-07, 2.88562551631e-09],
        "dvar2": [0.377975046635, 6.9275188446, 145.45880127, 274.67376709, 119.722137451, 657.046081543, 922.757263184, 3139.43261719, 4113.84863281, 1897.60168457, 2950.12915039, 6714.83056641, 8925.94921875, 7629.63964844, 2836.86474609, 4599.01757812, 4725.45996094, 7651.19677734, 6290.61083984, 5769.92382812, 2550.24658203, 1775.81201172, 1703.52844238, 934.205444336, 670.680236816, 806.887573242, 491.144592285, 227.183822632, 131.511413574, 92.7440109253, 166.409622192, 122.240531921, 314.735717773, 541.564025879, 102.439147949, 8.68621826172, 0.433324992657, 0.00246240827255, 8.39747201553e-07, 5.63649660279e-09],
        "max": [3.08499622345, 13.3539218903, 60.1971473694, 105.098190308, 80.110496521, 146.604873657, 178.562103271, 351.3097229, 849.542236328, 384.596740723, 498.058105469, 921.060241699, 829.765808105, 743.588745117, 600.452087402, 631.74609375, 684.588500977, 1013.58831787, 827.698852539, 623.582580566, 559.082946777, 465.746551514, 498.144470215, 296.660095215, 176.467422485, 249.639038086, 166.684753418, 84.9617538452, 105.352737427, 90.2052154541, 177.621765137, 124.80532074, 226.699401855, 281.162719727, 147.513900757, 37.3624610901, 6.64492607117, 0.463580787182, 0.00877143256366, 0.000709372048732],
        "mean": [0.158239975572, 1.15503036976, 3.65208315849, 5.94594669342, 7.67991876602, 10.1709384918, 15.4463005066, 27.7416591644, 42.173374176, 18.6886386871, 20.1880950928, 26.7879543304, 30.1982860565, 30.7486133575, 31.3705043793, 32.0421180725, 37.3770103455, 34.2022895813, 33.9928779602, 23.8212127686, 21.4180374146, 17.6460800171, 22.8804187775, 20.471118927, 18.6560897827, 15.1077289581, 12.8155002594, 8.41075134277, 6.88288974762, 6.53352022171, 6.13272619247, 5.0150680542, 5.76841592789, 6.46959447861, 3.16543149948, 1.00296831131, 0.271099328995, 0.0204867701977, 0.000434185407357, 6.32548544672e-05],
        "median": [0.0746027678251, 0.770356714725, 1.97997176647, 3.54405522346, 5.851998806, 6.13964605331, 8.02497577667, 12.1166725159, 15.1178951263, 7.13857650757, 6.12586116791, 7.68292999268, 8.04389476776, 8.58743190765, 8.58862495422, 7.97189998627, 8.47782707214, 10.1739187241, 10.6311473846, 9.16183662415, 10.2347755432, 7.4157834053, 6.8391122818, 10.9692726135, 10.1733884811, 6.23098754883, 3.97580552101, 3.80361628532, 3.38392066956, 2.68596529961, 2.33211350441, 1.61622953415, 1.28780269623, 1.12099909782, 0.4671690166, 0.175354510546, 0.0588770881295, 0.00432868720964, 0.00010940276843, 3.83447222703e-05],
        "min": [0.0001737428247, 0.00168867164757, 0.00764393480495, 0.0234757699072, 0.0602010600269, 0.237625807524, 0.238609105349, 0.111253410578, 0.288771927357, 0.251435190439, 0.165450826287, 0.21189545095, 0.153922408819, 0.285737514496, 0.206770732999, 0.19488081336, 0.229382589459, 0.400425672531, 0.665236651897, 0.620693206787, 0.499865919352, 0.286573410034, 0.428819537163, 0.387605369091, 0.438228577375, 0.244791433215, 0.0786354094744, 0.0680827647448, 0.0346975624561, 0.0186755266041, 0.0186587721109, 0.0142237786204, 0.0129036707804, 0.00592608284205, 0.000774518353865, 0.000123071484268, 1.05080680441e-05, 1.35247762501e-06, 1.93383220903e-06, 2.25803250942e-06],
        "var": [0.10524827987, 2.75123047829, 41.138874054, 78.6345825195, 53.6804847717, 187.195770264, 423.072845459, 1669.99206543, 5396.82617188, 1152.29382324, 1917.91723633, 3999.09521484, 4254.61816406, 4151.36669922, 3672.03051758, 3982.03759766, 5406.41162109, 5909.37841797, 5480.52197266, 2079.67553711, 1285.49145508, 1048.99926758, 1799.9864502, 753.755004883, 568.432495117, 679.140441895, 454.7109375, 132.109741211, 96.9792861938, 111.478416443, 200.922073364, 165.609695435, 411.027740479, 596.874633789, 150.911514282, 9.62031364441, 0.376466453075, 0.00161835877225, 7.15756982572e-07, 6.35128305504e-09]
    },
    "gfcc": {
        "mean": [30.8609886169, 80.1002120972, -103.787208557, 36.5163574219, -58.0254211426, 18.2513141632, -45.2152748108, 13.5314254761, -30.4578762054, 8.80560398102, -15.8555078506, 3.49697732925, -11.2578144073],
        "cov": [[2583.0871582, -914.825378418, 46.3405036926, -130.374328613, -198.533950806, 153.633483887, 53.9908256531, 154.848144531, -89.4860687256, 140.39239502, -93.1407394409, 7.85580205917, -193.752243042], [-914.825378418, 1263.95349121, -347.687011719, 55.2122192383, 220.860809326, -138.269378662, 112.35269928, -137.396102905, 101.553718567, -113.446029663, 181.61164856, -23.1229839325, 104.226585388], [46.3405036926, -347.687011719, 553.198120117, 43.8638267517, 64.5869216919, 87.6689910889, -60.1692810059, 84.8897247314, -55.5589675903, 23.0578765869, -77.8411407471, 27.051492691, -25.076084137], [-130.374328613, 55.2122192383, 43.8638267517, 337.058654785, 91.8896789551, -36.044883728, -10.1840343475, 0.926801681519, 71.3112640381, -6.89368152618, 6.72111272812, -7.9685382843, 58.8780288696], [-198.533950806, 220.860809326, 64.5869216919, 91.8896789551, 223.28364563, -7.34876966476, -3.53679871559, 9.81849193573, 28.3443908691, -16.2087612152, 0.485746592283, 3.2374317646, 21.0529708862], [153.633483887, -138.269378662, 87.6689910889, -36.044883728, -7.34876966476, 168.168060303, 45.3163986206, 23.1843338013, -41.1482162476, -5.88325309753, -19.2931632996, -12.9258174896, -22.9821414948], [53.9908256531, 112.35269928, -60.1692810059, -10.1840343475, -3.53679871559, 45.3163986206, 126.200775146, 3.24434399605, -11.9921455383, -9.95860004425, 25.7598705292, -2.76498770714, -15.9602479935], [154.848144531, -137.396102905, 84.8897247314, 0.926801681519, 9.81849193573, 23.1843338013, 3.24434399605, 104.440193176, 12.2363061905, 12.6223115921, -27.3826160431, -9.85582637787, -25.4003276825], [-89.4860687256, 101.553718567, -55.5589675903, 71.3112640381, 28.3443908691, -41.1482162476, -11.9921455383, 12.2363061905, 106.468811035, 16.8446464539, 2.08549904823, -16.7795124054, 22.1647510529], [140.39239502, -113.446029663, 23.0578765869, -6.89368152618, -16.2087612152, -5.88325309753, -9.95860004425, 12.6223115921, 16.8446464539, 84.8110656738, 1.22232162952, -2.91698980331, -19.7951545715], [-93.1407394409, 181.61164856, -77.8411407471, 6.72111272812, 0.485746592283, -19.2931632996, 25.7598705292, -27.3826160431, 2.08549904823, 1.22232162952, 104.689117432, 15.092341423, 8.63842105865], [7.85580205917, -23.1229839325, 27.051492691, -7.9685382843, 3.2374317646, -12.9258174896, -2.76498770714, -9.85582637787, -16.7795124054, -2.91698980331, 15.092341423, 73.6967849731, 9.94469833374], [-193.752243042, 104.226585388, -25.076084137, 58.8780288696, 21.0529708862, -22.9821414948, -15.9602479935, -25.4003276825, 22.1647510529, -19.7951545715, 8.63842105865, 9.94469833374, 91.0980606079]],
        "icov": [[0.000660761783365, 0.000374975788873, 0.000388202141039, -0.000100262099295, 1.4115103113e-05, -0.000224217292271, -0.000301847147057, -0.000534771417733, 0.000298647151794, -0.000580250634812, 0.000111323075544, -0.000302467640722, 0.00070988421794], [0.000374975788873, 0.00434579700232, 0.000146970167407, 0.00197525462136, -0.00406797556207, 0.00274867494591, -0.00408608606085, 0.00338384904899, -0.00353098800406, 0.00424495944753, -0.00509497802705, 0.00306929415092, -0.00161998032127], [0.000388202141039, 0.000146970167407, 0.00359810702503, -0.0010256721871, -0.000821985537186, -0.00181772268843, 0.00188534043264, -0.0025717553217, 0.00254653696902, -0.00160522002261, 0.00154175248463, -0.00188300281297, 0.000746433332097], [-0.000100262099295, 0.00197525462136, -0.0010256721871, 0.00533733610064, -0.00299939187244, 0.00208660867065, -0.00259170099162, 0.00229277019389, -0.00436095846817, 0.00270996778272, -0.00302448892035, 0.00244735134766, -0.00313075305894], [1.4115103113e-05, -0.00406797556207, -0.000821985537186, -0.00299939187244, 0.00947070494294, -0.00262578600086, 0.00346260354854, -0.00362777616829, 0.0022306884639, -0.00310451630503, 0.00464412150905, -0.00334775121883, 0.00184827472549], [-0.000224217292271, 0.00274867494591, -0.00181772268843, 0.00208660867065, -0.00262578600086, 0.0108492989093, -0.00640389928594, 0.00231874571182, -0.000663654122036, 0.00376301142387, -0.00281259580515, 0.00469320919365, -0.00186866358854], [-0.000301847147057, -0.00408608606085, 0.00188534043264, -0.00259170099162, 0.00346260354854, -0.00640389928594, 0.0149179231375, -0.0047737583518, 0.00434402516112, -0.00321633066051, 0.00246650003828, -0.00369278038852, 0.00350717292167], [-0.000534771417733, 0.00338384904899, -0.0025717553217, 0.00229277019389, -0.00362777616829, 0.00231874571182, -0.0047737583518, 0.0169800259173, -0.00736334966496, 0.00448772870004, -0.00288233882748, 0.00396122736856, 0.000730391649995], [0.000298647151794, -0.00353098800406, 0.00254653696902, -0.00436095846817, 0.0022306884639, -0.000663654122036, 0.00434402516112, -0.00736334966496, 0.0189979393035, -0.00829799752682, 0.00529257347807, -0.000582007982302, -0.00064417097019], [-0.000580250634812, 0.00424495944753, -0.00160522002261, 0.00270996778272, -0.00310451630503, 0.00376301142387, -0.00321633066051, 0.00448772870004, -0.00829799752682, 0.0197442639619, -0.0072470549494, 0.00384077150375, 0.000647616630886], [0.000111323075544, -0.00509497802705, 0.00154175248463, -0.00302448892035, 0.00464412150905, -0.00281259580515, 0.00246650003828, -0.00288233882748, 0.00529257347807, -0.0072470549494, 0.0186808072031, -0.00672373967245, 0.00239091389813], [-0.000302467640722, 0.00306929415092, -0.00188300281297, 0.00244735134766, -0.00334775121883, 0.00469320919365, -0.00369278038852, 0.00396122736856, -0.000582007982302, 0.00384077150375, -0.00672373967245, 0.0188562124968, -0.00428448896855], [0.00070988421794, -0.00161998032127, 0.000746433332097, -0.00313075305894, 0.00184827472549, -0.00186866358854, 0.00350717292167, 0.000730391649995, -0.00064417097019, 0.000647616630886, 0.00239091389813, -0.00428448896855, 0.0170273501426]]
    },
    "melbands": {
        "dmean": [0.00116499501746, 0.0014043522533, 0.000779414665885, 0.00044797276496, 0.000381653604563, 0.000412125809817, 0.000344536500052, 0.000140720658237, 0.00013136738562, 0.000137150200317, 0.000136234957608, 0.000101077057479, 6.04201704846e-05, 5.07830809511e-05, 7.1917558671e-05, 4.61045892735e-05, 4.90323800477e-05, 4.28114180977e-05, 3.23152453348e-05, 2.31477151829e-05, 1.88761605386e-05, 1.30523158077e-05, 1.39652784128e-05, 1.39934500112e-05, 1.01647619886e-05, 9.93455705611e-06, 7.47157582737e-06, 6.77399930282e-06, 6.0291954469e-06, 3.846132131e-06, 3.2103337162e-06, 2.69992551694e-06, 2.47721709457e-06, 2.24377436098e-06, 2.25305484491e-06, 2.27476243708e-06, 1.97675399249e-06, 2.36174219026e-06, 3.7385136693e-06, 3.93529398934e-06],
        "dmean2": [0.00199433439411, 0.00236376724206, 0.00131921318825, 0.000768244732171, 0.000655438227113, 0.000681564444676, 0.000527151802089, 0.000221389651415, 0.000198668276425, 0.000214727828279, 0.000218272965867, 0.000165854798979, 9.12290706765e-05, 8.13465958345e-05, 0.000119821030239, 7.10722670192e-05, 7.67750971136e-05, 6.6538414103e-05, 5.25659343111e-05, 3.78725162591e-05, 3.04212917399e-05, 2.03788767976e-05, 2.10584803426e-05, 2.2002210244e-05, 1.55524703587e-05, 1.51892691065e-05, 1.16466790132e-05, 1.03039674286e-05, 9.26341363083e-06, 6.24278527539e-06, 5.07904132974e-06, 4.15215436078e-06, 3.75237073058e-06, 3.47802188116e-06, 3.39228154189e-06, 3.33467414748e-06, 2.99783414448e-06, 3.29934937326e-06, 5.51113907932e-06, 5.88907005294e-06],
        "dvar": [8.41994551593e-06, 9.68150015979e-06, 2.37263407143e-06, 5.4159585261e-07, 4.46993084324e-07, 5.05013701968e-07, 3.836154292e-07, 8.50697503552e-08, 1.02988721551e-07, 1.33873385266e-07, 9.57015160452e-08, 5.81435024571e-08, 2.143033484e-08, 1.33195880991e-08, 2.77960356954e-08, 9.5464436356e-09, 1.36678099949e-08, 8.34530755611e-09, 5.15010922797e-09, 3.37721206556e-09, 1.78253167782e-09, 8.80910733247e-10, 7.33607563586e-10, 8.15997158732e-10, 3.17843223963e-10, 2.77641687418e-10, 2.09003675478e-10, 2.11094391966e-10, 1.31410049509e-10, 4.9226008686e-11, 3.30475855015e-11, 2.19590561013e-11, 1.91392249271e-11, 1.58812702572e-11, 2.87944685456e-11, 3.62255850317e-11, 2.2953410006e-11, 6.54126822153e-11, 1.9611907931e-10, 2.20376300542e-10],
        "dvar2": [2.14967913053e-05, 2.44010152528e-05, 6.40945427222e-06, 1.49091999901e-06, 1.18963623663e-06, 1.31393551328e-06, 8.90884791716e-07, 1.87686410413e-07, 2.19773170329e-07, 3.03240909716e-07, 2.32786476317e-07, 1.47566368014e-07, 4.13107237307e-08, 3.37083072566e-08, 7.60437544045e-08, 2.11221671265e-08, 3.06141139106e-08, 1.82438348872e-08, 1.27534631744e-08, 8.42625524911e-09, 4.04987021696e-09, 2.03243089025e-09, 1.46991541161e-09, 1.6895260746e-09, 7.13128500696e-10, 6.13840367425e-10, 4.60035759486e-10, 4.70871508451e-10, 2.87794343912e-10, 1.25656762773e-10, 8.45305700437e-11, 5.03517158523e-11, 4.15865501757e-11, 3.41597826414e-11, 6.70217006893e-11, 6.91284252063e-11, 4.92801112417e-11, 1.22984497586e-10, 3.83659659597e-10, 4.34944191774e-10],
        "max": [0.0242204014212, 0.0247553810477, 0.0155401676893, 0.00630179932341, 0.00532985432073, 0.00701139494777, 0.0111804865301, 0.00340160098858, 0.00510912435129, 0.00621637236327, 0.00408725580201, 0.00332426652312, 0.00285544223152, 0.00162692053709, 0.00256016920321, 0.00136249081697, 0.00178233243059, 0.00152466096915, 0.000916825665627, 0.00111277122051, 0.000902694941033, 0.000523689726833, 0.000339699734468, 0.000404764723498, 0.000301277410472, 0.000239546847297, 0.000252913974691, 0.00021211882995, 0.000124317361042, 0.000103280464828, 5.89815717831e-05, 7.21687756595e-05, 6.69778019073e-05, 5.58950196137e-05, 0.000111257657409, 9.34846175369e-05, 6.87620413373e-05, 0.000148403545609, 0.000216764878132, 0.000267914670985],
        "mean": [0.0014436453348, 0.00181869918015, 0.00109130807687, 0.000651331909467, 0.000529898679815, 0.000627411529422, 0.000597532023676, 0.000176453482709, 0.000181170064025, 0.000164912693435, 0.000153348169988, 0.000129429987282, 0.000108007901872, 6.60970035824e-05, 0.000130091095343, 5.91720381635e-05, 6.39330028207e-05, 5.5801581766e-05, 3.87197796954e-05, 2.68367602985e-05, 2.40716544795e-05, 1.71856590896e-05, 1.8726410417e-05, 2.09874815482e-05, 1.58758666657e-05, 1.56318401423e-05, 1.10297469291e-05, 9.91563501884e-06, 9.03175077838e-06, 5.69181702303e-06, 4.53576194559e-06, 3.82182224712e-06, 3.7783731841e-06, 3.53322320734e-06, 3.49218316842e-06, 3.45315970662e-06, 2.8287074656e-06, 3.42700423062e-06, 5.46800129086e-06, 5.51020912098e-06],
        "median": [0.000828590942547, 0.00111521501094, 0.000714152411092, 0.00044286204502, 0.000284563924652, 0.000297096034046, 0.000215971944272, 5.81816821068e-05, 4.97448636452e-05, 4.50719853688e-05, 3.82251309929e-05, 3.46172928403e-05, 2.65316848527e-05, 2.11838541873e-05, 1.76918729267e-05, 1.49022343976e-05, 1.65713991009e-05, 1.81316172529e-05, 1.05193939817e-05, 1.15368075058e-05, 1.12640755106e-05, 7.34419700166e-06, 5.4045754041e-06, 6.4340733843e-06, 8.37041443447e-06, 7.90359081293e-06, 5.08528637511e-06, 3.25028872794e-06, 2.44620309786e-06, 2.09951849683e-06, 2.04898583434e-06, 1.89292779851e-06, 1.50777316321e-06, 1.40674706017e-06, 1.31618401156e-06, 1.08996903236e-06, 8.69972552664e-07, 7.93233255081e-07, 1.04862340322e-06, 8.86662007815e-07],
        "min": [1.97684266823e-06, 3.99763439418e-06, 4.41010661234e-06, 1.26954100779e-05, 9.82943220151e-06, 2.56702878687e-06, 4.05165883421e-06, 2.38955294662e-06, 1.3420817595e-06, 7.53659548991e-07, 5.25115922301e-07, 9.09202981347e-07, 2.2843205727e-07, 5.48797459032e-07, 3.21993326224e-07, 4.70109341677e-07, 6.38038784473e-07, 6.57462692288e-07, 4.98912982039e-07, 7.2223309644e-07, 3.32122283453e-07, 3.37341788281e-07, 2.17017699811e-07, 3.197826004e-07, 2.6794890573e-07, 2.54526696608e-07, 2.6136251563e-07, 9.93946329686e-08, 4.06299704991e-08, 5.27847170417e-08, 2.81829386495e-08, 1.53988786167e-08, 1.0346245638e-08, 2.30089058917e-09, 4.88646456631e-09, 7.05293734526e-09, 3.58960372537e-09, 1.58621016322e-09, 2.43716113957e-09, 9.50546974465e-10],
