{
"highlevel": {
    "danceability": {
        "all": {
            "danceable": 0.235859766603,
            "not_danceable": 0.764140248299
        },
        "probability": 0.764140248299,
        "value": "not_danceable"
    },
    "gender": {
        "all": {
            "female": 0.0426987819374,
            "male": 0.957301199436
        },
        "probability": 0.957301199436,
        "value": "male"
    },
    "genre_dortmund": {
        "all": {
            "alternative": 0.120744295418,
            "blues": 0.0412029549479,
            "electronic": 0.0115106534213,
            "folkcountry": 0.0710880383849,
            "funksoulrnb": 0.00338119920343,
            "jazz": 0.0119739565998,
            "pop": 0.0871792510152,
            "raphiphop": 0.00180958141573,
            "rock": 0.651110053062
        },
        "probability": 0.651110053062,
        "value": "rock"
    },
    "genre_electronic": {
        "all": {
            "ambient": 0.298792481422,
            "dnb": 0.158839210868,
            "house": 0.0580566897988,
            "techno": 0.0292424410582,
            "trance": 0.455069184303
        },
        "probability": 0.455069184303,
        "value": "trance"
    },
    "genre_rosamerica": {
        "all": {
            "cla": 0.000370305933757,
            "dan": 0.00099606718868,
            "hip": 0.00116415263619,
            "jaz": 7.35629073461e-05,
            "pop": 0.0226196032017,
            "rhy": 0.000844625814352,
            "roc": 0.973896443844,
            "spe": 3.52154165739e-05
        },
        "probability": 0.973896443844,
        "value": "roc"
    },
    "genre_tzanetakis": {
        "all": {
            "blu": 0.0626541376114,
            "cla": 0.0348133966327,
            "cou": 0.0783501937985,
            "dis": 0.104547761381,
            "hip": 0.15693578124,
            "jaz": 0.313987255096,
            "met": 0.044816005975,
            "pop": 0.0627349764109,
            "reg": 0.0627352520823,
            "roc": 0.0784252434969
        },
        "probability": 0.313987255096,
        "value": "jaz"
    },
    "ismir04_rhythm": {
        "all": {
            "ChaChaCha": 0.620658695698,
            "Jive": 0.235464647412,
            "Quickstep": 0.00950129050761,
            "Rumba-American": 0.00351032800972,
            "Rumba-International": 0.0107779446989,
            "Rumba-Misc": 0.00201036198996,
            "Samba": 0.0893071591854,
            "Tango": 0.00650638295338,
            "VienneseWaltz": 0.0190136879683,
            "Waltz": 0.0032495262567
        },
        "probability": 0.620658695698,
        "value": "ChaChaCha"
    },
    "mood_acoustic": {
        "all": {
            "acoustic": 0.010722424835,
            "not_acoustic": 0.989277601242
        },
        "probability": 0.989277601242,
        "value": "not_acoustic"
    },
    "mood_aggressive": {
        "all": {
            "aggressive": 0.958724081516,
            "not_aggressive": 0.0412759445608
        },
        "probability": 0.958724081516,
        "value": "aggressive"
    },
    "mood_electronic": {
        "all": {
            "electronic": 0.0817924514413,
            "not_electronic": 0.918207526207
        },
        "probability": 0.918207526207,
        "value": "not_electronic"
    },
    "mood_happy": {
        "all": {
            "happy": 0.799087524414,
            "not_happy": 0.200912445784
        },
        "probability": 0.799087524414,
        "value": "happy"
    },
    "mood_party": {
        "all": {
            "not_party": 0.351668953896,
            "party": 0.648331046104
        },
        "probability": 0.648331046104,
        "value": "party"
    },
    "mood_relaxed": {
        "all": {
            "not_relaxed": 0.9978916049,
            "relaxed": 0.00210841745138
        },
        "probability": 0.9978916049,
        "value": "not_relaxed"
    },
    "mood_sad": {
        "all": {
            "not_sad": 0.859472811222,
            "sad": 0.140527173877
        },
        "probability": 0.859472811222,
        "value": "not_sad"
    },
    "moods_mirex": {
        "all": {
            "Cluster1": 0.452110767365,
            "Cluster2": 0.177097216249,
            "Cluster3": 0.190818890929,
            "Cluster4": 0.0711976140738,
            "Cluster5": 0.108775518835
        },
        "probability": 0.452110767365,
        "value": "Cluster1"
    },
    "timbre": {
        "all": {
            "bright": 0.990738451481,
            "dark": 0.00926157273352
        },
        "probability": 0.990738451481,
        "value": "bright"
    },
    "tonal_atonal": {
        "all": {
            "atonal": 0.00295515940525,
            "tonal": 0.997044861317
        },
        "probability": 0.997044861317,
        "value": "tonal"
    },
    "voice_instrumental": {
        "all": {
            "instrumental": 0.000403829355491,
            "voice": 0.999596178532
        },
        "probability": 0.999596178532,
        "value": "voice"
    }
},
"lowlevel": {
    "average_loudness": 0.980737328529,
    "barkbands_crest": {
        "dmean": 2.57762789726,
        "dmean2": 4.18309879303,
        "dvar": 7.36857318878,
        "dvar2": 18.3026428223,
        "max": 23.0762310028,
        "mean": 8.1631193161,
        "median": 7.2732629776,
        "min": 2.48452329636,
        "var": 12.8054409027
    },
    "barkbands_flatness_db": {
        "dmean": 0.0173970162868,
        "dmean2": 0.0268421452492,
        "dvar": 0.000264465808868,
        "dvar2": 0.000671226007398,
        "max": 0.242654025555,
        "mean": 0.107912272215,
        "median": 0.103787370026,
        "min": 0.0400861464441,
        "var": 0.00077276234515
    },
    "barkbands_kurtosis": {
        "dmean": 1.50254285336,
        "dmean2": 2.35140132904,
        "dvar": 8.01879692078,
        "dvar2": 18.2878818512,
        "max": 33.7813491821,
        "mean": 0.909806668758,
        "median": -0.373431444168,
        "min": -1.88541996479,
        "var": 14.5608234406
    },
    "barkbands_skewness": {
        "dmean": 0.50592648983,
        "dmean2": 0.724391281605,
        "dvar": 0.331216484308,
        "dvar2": 0.68558460474,
        "max": 5.4343662262,
        "mean": 0.776210904121,
        "median": 0.547777235508,
        "min": -2.52885866165,
        "var": 1.0332069397
    },
    "barkbands_spread": {
        "dmean": 6.23023033142,
        "dmean2": 9.33107852936,
        "dvar": 43.1621360779,
        "dvar2": 97.1603164673,
        "max": 97.7623596191,
        "mean": 30.4521408081,
        "median": 30.3482608795,
        "min": 5.45553064346,
        "var": 123.392379761
    },
    "dissonance": {
        "dmean": 0.0131955249235,
        "dmean2": 0.022026726976,
        "dvar": 0.000164789133123,
        "dvar2": 0.000445441488409,
        "max": 0.499752163887,
        "mean": 0.476636737585,
        "median": 0.48154810071,
        "min": 0.375488817692,
        "var": 0.000305016204948
    },
    "dynamic_complexity": 2.22329449654,
    "erbbands_crest": {
        "dmean": 2.48481535912,
        "dmean2": 4.01989746094,
        "dvar": 5.26799631119,
        "dvar2": 13.2559156418,
        "max": 22.5004558563,
        "mean": 8.22186183929,
        "median": 7.30792665482,
        "min": 2.85787582397,
        "var": 12.9108009338
    },
    "erbbands_flatness_db": {
        "dmean": 0.0174920037389,
        "dmean2": 0.023801535368,
        "dvar": 0.000297469494399,
        "dvar2": 0.000489116937388,
        "max": 0.271292775869,
        "mean": 0.145218387246,
        "median": 0.143889456987,
        "min": 0.0670256540179,
        "var": 0.00135443615727
    },
    "erbbands_kurtosis": {
        "dmean": 0.808341503143,
        "dmean2": 1.23542928696,
        "dvar": 0.745848357677,
        "dvar2": 1.6232790947,
        "max": 13.9467754364,
        "mean": 0.808867514133,
        "median": 0.547774076462,
        "min": -1.57839953899,
        "var": 2.14351820946
    },
    "erbbands_skewness": {
        "dmean": 0.316099315882,
        "dmean2": 0.471992909908,
        "dvar": 0.0732971578836,
        "dvar2": 0.163243189454,
        "max": 1.88292312622,
        "mean": -0.129693329334,
        "median": -0.161157950759,
        "min": -3.41288542747,
        "var": 0.385881900787
    },
    "erbbands_spread": {
        "dmean": 7.40801429749,
        "dmean2": 10.8122625351,
        "dvar": 75.5792770386,
        "dvar2": 158.403167725,
        "max": 97.1377563477,
        "mean": 32.2503814697,
        "median": 27.8743667603,
        "min": 7.7049407959,
        "var": 259.430084229
    },
    "hfc": {
        "dmean": 7.78111696243,
        "dmean2": 10.7830219269,
        "dvar": 69.1693725586,
        "dvar2": 135.905349731,
        "max": 104.222740173,
        "mean": 32.640083313,
        "median": 31.3054180145,
        "min": 1.45564842224,
        "var": 330.969970703
    },
    "melbands_crest": {
        "dmean": 3.26760411263,
        "dmean2": 5.13303565979,
        "dvar": 12.076458931,
        "dvar2": 28.610124588,
        "max": 30.1070671082,
        "mean": 11.9677457809,
        "median": 11.3290882111,
        "min": 2.81076741219,
        "var": 22.5663223267
    },
    "melbands_flatness_db": {
        "dmean": 0.0238922070712,
        "dmean2": 0.0348179340363,
        "dvar": 0.000616256264038,
        "dvar2": 0.00134359498043,
        "max": 0.335679650307,
        "mean": 0.145052745938,
        "median": 0.138475224376,
        "min": 0.017176957801,
        "var": 0.00194310583174
    },
    "melbands_kurtosis": {
        "dmean": 5.27710056305,
        "dmean2": 8.26672744751,
        "dvar": 133.418121338,
        "dvar2": 323.209838867,
        "max": 145.685668945,
        "mean": 6.97812128067,
        "median": 2.0889840126,
        "min": -1.69964087009,
        "var": 204.29826355
    },
    "melbands_skewness": {
        "dmean": 0.762158215046,
        "dmean2": 1.10990726948,
        "dvar": 0.956478536129,
        "dvar2": 2.04386711121,
        "max": 10.9615077972,
        "mean": 1.90812981129,
        "median": 1.48687756062,
        "min": -0.571182847023,
        "var": 2.56427168846
    },
    "melbands_spread": {
        "dmean": 9.72161865234,
        "dmean2": 14.2394247055,
        "dvar": 141.726654053,
        "dvar2": 263.845977783,
        "max": 191.612457275,
        "mean": 38.2082672119,
        "median": 37.8959579468,
        "min": 3.03741645813,
        "var": 463.701904297
    },
    "pitch_salience": {
        "dmean": 0.0639535337687,
        "dmean2": 0.104983530939,
        "dvar": 0.00398119958118,
        "dvar2": 0.00986836571246,
        "max": 0.774594128132,
        "mean": 0.563071072102,
        "median": 0.563668727875,
        "min": 0.22302930057,
        "var": 0.00741429626942
    },
    "silence_rate_20dB": {
        "dmean": 0,
        "dmean2": 0,
        "dvar": 0,
        "dvar2": 0,
        "max": 1,
        "mean": 1,
        "median": 1,
        "min": 1,
        "var": 0
    },
    "silence_rate_30dB": {
        "dmean": 0.0030959751457,
        "dmean2": 0.00619674660265,
        "dvar": 0.00308635178953,
        "dvar2": 0.00925675407052,
        "max": 1,
        "mean": 0.998453199863,
        "median": 1,
        "min": 0,
        "var": 0.00154439115431
    },
    "silence_rate_60dB": {
        "dmean": 0.0139318881556,
        "dmean2": 0.0278853606433,
        "dvar": 0.0137381171808,
        "dvar2": 0.0333049334586,
        "max": 1,
        "mean": 0.0146945090964,
        "median": 0,
        "min": 0,
        "var": 0.0144782941788
    },
    "spectral_centroid": {
        "dmean": 237.443771362,
        "dmean2": 343.767730713,
        "dvar": 60372.5742188,
        "dvar2": 118584.28125,
        "max": 4265.17724609,
        "mean": 1814.18701172,
        "median": 1797.19104004,
        "min": 531.813110352,
        "var": 244006.859375
    },
    "spectral_complexity": {
        "dmean": 4.52321958542,
        "dmean2": 6.5019364357,
        "dvar": 18.371717453,
        "dvar2": 32.1367835999,
        "max": 53,
        "mean": 28.5699920654,
        "median": 29,
        "min": 3,
        "var": 97.2505874634
    },
    "spectral_decrease": {
        "dmean": 2.9447912997e-09,
        "dmean2": 4.45464998222e-09,
        "dvar": 2.08730176745e-17,
        "dvar2": 4.79760884075e-17,
        "max": -2.68128685921e-10,
        "mean": -7.80878828266e-09,
        "median": -6.83747236607e-09,
        "min": -3.29342988437e-08,
        "var": 2.94155054206e-17
    },
    "spectral_energy": {
        "dmean": 0.0116106914356,
        "dmean2": 0.0174584854394,
        "dvar": 0.000310457195155,
        "dvar2": 0.000708026636858,
        "max": 0.126870304346,
        "mean": 0.032432705164,
        "median": 0.0285925194621,
        "min": 0.00116028671619,
        "var": 0.000465886492748
    },
    "spectral_energyband_high": {
        "dmean": 0.000482999283122,
        "dmean2": 0.000631864182651,
        "dvar": 4.4227675744e-07,
        "dvar2": 8.00904956577e-07,
        "max": 0.00902245566249,
        "mean": 0.00134871492628,
        "median": 0.00101102143526,
        "min": 2.55881932389e-05,
        "var": 1.58689749696e-06
    },
    "spectral_energyband_low": {
        "dmean": 0.00727383047342,
        "dmean2": 0.011716180481,
        "dvar": 0.000210009660805,
        "dvar2": 0.000528304022737,
        "max": 0.118186220527,
        "mean": 0.0109707796946,
        "median": 0.00810622703284,
        "min": 9.27667497308e-06,
        "var": 0.000188514619367
    },
    "spectral_energyband_middle_high": {
        "dmean": 0.00341606978327,
        "dmean2": 0.0047742263414,
        "dvar": 1.7551576093e-05,
        "dvar2": 3.62410537491e-05,
        "max": 0.0545807853341,
        "mean": 0.012002591975,
        "median": 0.00958642084152,
        "min": 0.000191429833649,
        "var": 9.53274284257e-05
    },
    "spectral_energyband_middle_low": {
        "dmean": 0.00512348022312,
        "dmean2": 0.00808469764888,
        "dvar": 9.67470768956e-05,
        "dvar2": 0.000232415870414,
        "max": 0.0845258980989,
        "mean": 0.00923926290125,
        "median": 0.00593608850613,
        "min": 0.000206152326427,
        "var": 0.000114184244012
    },
    "spectral_entropy": {
        "dmean": 0.109827198088,
        "dmean2": 0.154445931315,
        "dvar": 0.0102933542803,
        "dvar2": 0.01918470487,
        "max": 8.57161998749,
        "mean": 7.83753871918,
        "median": 7.8285651207,
        "min": 7.13451719284,
        "var": 0.0476687066257
    },
    "spectral_flux": {
        "dmean": 0.0303571149707,
        "dmean2": 0.046753089875,
        "dvar": 0.00143199425656,
        "dvar2": 0.00315961800516,
        "max": 0.307133346796,
        "mean": 0.0999531075358,
        "median": 0.0861404389143,
        "min": 0.0149244880304,
        "var": 0.00286481785588
    },
    "spectral_kurtosis": {
        "dmean": 1.08176541328,
        "dmean2": 1.77573931217,
        "dvar": 1.16880309582,
        "dvar2": 3.19703388214,
        "max": 14.3279781342,
        "mean": 3.79093074799,
        "median": 3.5658955574,
        "min": -0.356810808182,
        "var": 3.13597655296
    },
    "spectral_rms": {
        "dmean": 0.000919866317417,
        "dmean2": 0.00132468075026,
        "dvar": 1.46262743783e-06,
        "dvar2": 3.04989953293e-06,
        "max": 0.0111254621297,
        "mean": 0.00533861340955,
        "median": 0.00528158526868,
        "min": 0.00106394873001,
        "var": 3.14087742481e-06
    },
    "spectral_rolloff": {
        "dmean": 478.597198486,
        "dmean2": 739.551879883,
        "dvar": 619362.1875,
        "dvar2": 1148663.25,
        "max": 10314.4042969,
        "mean": 2001.23681641,
        "median": 1937.98828125,
        "min": 86.1328125,
        "var": 1531300.625
    },
    "spectral_skewness": {
        "dmean": 0.169503882527,
        "dmean2": 0.26705211401,
        "dvar": 0.0224910490215,
        "dvar2": 0.0526944920421,
        "max": 2.99210238457,
        "mean": 1.44244790077,
        "median": 1.46357107162,
        "min": 0.22802144289,
        "var": 0.0915287286043
    },
    "spectral_spread": {
        "dmean": 472370.375,
        "dmean2": 684058.5,
        "dvar": 261629640704,
        "dvar2": 481598636032,
        "max": 8971854,
        "mean": 4532800,
        "median": 4345487.5,
        "min": 1964582.125,
        "var": 1.15165770547e+12
    },
    "spectral_strongpeak": {
        "dmean": 0.93924510479,
        "dmean2": 1.62400758266,
        "dvar": 1.89964401722,
        "dvar2": 4.79676198959,
        "max": 10.3212327957,
        "mean": 1.26320552826,
        "median": 0.374820768833,
        "min": 0.0250890664756,
        "var": 2.77306580544
    },
    "zerocrossingrate": {
        "dmean": 0.0108060566708,
        "dmean2": 0.0129642263055,
        "dvar": 0.000186737932381,
        "dvar2": 0.000209099438507,
        "max": 0.29052734375,
        "mean": 0.0788961276412,
        "median": 0.07421875,
        "min": 0.009765625,
        "var": 0.000983353587799
    },
    "barkbands": {
        "dmean": [0.000272784003755, 0.00594717590138, 0.00120619894005, 0.00200860784389, 0.00217257114127, 0.000318277394399, 0.000564387824852, 0.00105669174809, 0.00093443528749, 0.00141566921957, 0.000550272525288, 0.000629525107797, 0.000620788312517, 0.000860545726027, 0.000828257587273, 0.000610200746451, 0.000455384608358, 0.00025531227584, 0.000130426240503, 0.000165691439179, 0.000152481501573, 9.05487540876e-05, 0.000111945155368, 8.74886682141e-05, 8.02083231974e-05, 3.17839767376e-05, 8.65380229698e-08],
        "dmean2": [0.000432931934483, 0.00991314370185, 0.00202542473562, 0.0031823143363, 0.00371654052287, 0.000522933434695, 0.000916887773201, 0.00174847396556, 0.00144734035712, 0.00211184076034, 0.000818833766971, 0.000951630412601, 0.000957297976129, 0.00129850558005, 0.00128932192456, 0.00100096850656, 0.000737365917303, 0.000409406988183, 0.000207828561543, 0.000254381302511, 0.000230455421843, 0.000128733619931, 0.00015713160974, 0.000132516666781, 0.000121690522064, 4.84386255266e-05, 1.50171899804e-07],
        "dvar": [3.28758034129e-07, 0.000165147299413, 3.64514744433e-06, 2.15666641452e-05, 3.29706890625e-05, 2.82087000869e-07, 2.259433586e-06, 7.78542016633e-06, 4.51553023595e-06, 1.14340600703e-05, 1.4809621689e-06, 1.11142514925e-06, 1.39371979913e-06, 1.59455737503e-06, 1.57592808137e-06, 7.07128322119e-07, 2.62229207237e-07, 8.40702440996e-08, 2.21648122078e-08, 4.37280078813e-08, 2.84066246081e-08, 1.9995681555e-08, 5.98175873279e-08, 2.77703993135e-08, 2.09668638007e-08, 4.42970238268e-09, 8.19987388536e-14],
        "dvar2": [7.9751919202e-07, 0.000424184981966, 9.80722415989e-06, 4.50722436653e-05, 9.09022855922e-05, 7.28864904431e-07, 5.85689167565e-06, 2.00090089493e-05, 1.08240910777e-05, 2.72215620498e-05, 3.05482603835e-06, 2.44847251452e-06, 3.4013230561e-06, 3.62720857083e-06, 3.84741724702e-06, 1.81678080935e-06, 6.75735805089e-07, 2.13966018237e-07, 5.35271844626e-08, 1.03019026199e-07, 6.38797033048e-08, 3.41198322928e-08, 1.20630161859e-07, 6.63122818878e-08, 4.92231606586e-08, 1.08556266198e-08, 2.197363385e-13],
        "max": [0.00490405084565, 0.105817295611, 0.0185414850712, 0.0398253947496, 0.051223192364, 0.00661903619766, 0.0227059200406, 0.03405514732, 0.0261195432395, 0.0439095795155, 0.0245640873909, 0.0143837640062, 0.0189780518413, 0.0229630749673, 0.0193734578788, 0.00917229428887, 0.00599655043334, 0.00386495888233, 0.00177181768231, 0.00298761483282, 0.00171110406518, 0.00278471573256, 0.00396573031321, 0.00247819139622, 0.00160697929095, 0.000842787849251, 3.19686023431e-06],
        "mean": [0.000280995183857, 0.00727344304323, 0.00244382210076, 0.00262399367057, 0.00246325414628, 0.000546641647816, 0.000776873785071, 0.00123011332471, 0.00131933495868, 0.00240753032267, 0.00101707712747, 0.00111545494292, 0.00117170368321, 0.00161553814542, 0.00161063473206, 0.00115984724835, 0.000967717496678, 0.000585785019211, 0.000298804137856, 0.000370560359443, 0.000356761796866, 0.000211925580516, 0.00022712504142, 0.00016687536845, 0.00014486440341, 4.60023475171e-05, 6.19995788043e-08],
        "median": [7.4087001849e-05, 0.00463239662349, 0.00178180285729, 0.000946351327002, 0.00107673241291, 0.000327643851051, 0.000431915628724, 0.000371122732759, 0.000642071012408, 0.000577175756916, 0.000294528144877, 0.000518047017977, 0.000652018003166, 0.000836229533888, 0.000938254466746, 0.000815264938865, 0.000770776649006, 0.000470927421702, 0.000250367011176, 0.000283818371827, 0.000279688800219, 0.00013012700947, 0.000124670026707, 9.9507989944e-05, 8.79036306287e-05, 2.175467489e-05, 1.52989221291e-09],
        "min": [1.21942616005e-08, 1.9605399757e-06, 8.84022767877e-07, 1.68268661582e-06, 2.97366314044e-05, 1.16799419629e-05, 3.42192788594e-06, 3.20806429954e-06, 6.0237452999e-06, 2.89335844172e-06, 2.47100115303e-06, 2.22496873903e-06, 4.80346034237e-06, 1.8081206008e-06, 6.9932302722e-06, 2.92140975944e-05, 1.7070402464e-05, 2.85818828161e-06, 4.24297331847e-06, 2.2541164526e-06, 3.8503981159e-06, 3.42657563124e-06, 2.26059614761e-06, 2.82158993059e-07, 5.96236532147e-07, 3.64307117806e-09, 6.87570920338e-12],
        "var": [3.35725928835e-07, 0.000132964385557, 5.40803148397e-06, 2.6272247851e-05, 2.46477557084e-05, 3.96509648226e-07, 2.09754784919e-06, 7.3038672781e-06, 5.33930187885e-06, 2.40955487243e-05, 6.18463536739e-06, 2.69041129286e-06, 2.93744892588e-06, 4.9602595027e-06, 4.33661944044e-06, 1.49427307861e-06, 6.38575045286e-07, 2.25958089572e-07, 5.02291932492e-08, 1.15521935129e-07, 8.41638865268e-08, 7.42291632605e-08, 1.46014755842e-07, 4.80093618194e-08, 3.16191837157e-08, 5.45958434017e-09, 5.7334230408e-14]
    },
    "erbbands": {
        "dmean": [0.22161526978, 1.17672801018, 1.47601008415, 3.56203436852, 9.63004493713, 5.98417329788, 4.05369615555, 2.44752764702, 5.4579873085, 14.1930189133, 22.143157959, 20.7406158447, 32.26121521, 37.6427879333, 23.4853630066, 20.3085155487, 28.2083473206, 30.8117771149, 43.8615112305, 42.9510231018, 34.2768249512, 22.7577476501, 14.855881691, 8.78305912018, 6.20036125183, 8.37317657471, 6.59571456909, 5.59124612808, 3.39300131798, 3.37181067467, 3.29661130905, 1.85598444939, 1.52103102207, 1.08261072636, 0.537048637867, 0.161941960454, 0.0715354681015, 0.00442925607786, 9.53555500018e-05, 1.73630032805e-05],
        "dmean2": [0.367301940918, 1.98196589947, 2.51016640663, 5.76438426971, 15.4146432877, 10.5189828873, 6.92938423157, 3.9064617157, 8.80349063873, 23.4165821075, 36.1365318298, 31.9157810211, 49.8150291443, 56.5682601929, 34.814491272, 30.1856021881, 43.2732315063, 45.8434410095, 69.006980896, 67.2935256958, 55.3829650879, 36.5042572021, 23.4683761597, 14.1099405289, 9.41924190521, 12.7892122269, 10.0070829391, 8.26888179779, 4.8238120079, 4.75175952911, 4.65638971329, 2.72566437721, 2.30358338356, 1.6630089283, 0.836563527584, 0.247740730643, 0.114686273038, 0.00699487235397, 0.000148477149196, 2.52342688327e-05],
        "dvar": [0.239114180207, 6.26402568817, 6.68358898163, 45.2368812561, 705.027954102, 214.3722229, 62.1441078186, 15.3497171402, 108.339477539, 1740.14050293, 3936.78588867, 2564.31860352, 7279.38769531, 8445.52636719, 2083.61157227, 1136.61914062, 3035.0715332, 2575.20800781, 4060.69921875, 5769.26123047, 2078.49853516, 740.155090332, 292.181610107, 92.3927764893, 48.1177749634, 126.336685181, 56.2133140564, 46.8527793884, 25.4164562225, 50.2890701294, 50.4606132507, 9.15692615509, 9.4096660614, 4.44780397415, 0.97237443924, 0.0659407526255, 0.0403627045453, 8.32275036373e-05, 4.20755341679e-08, 7.93761167905e-10],
        "dvar2": [0.597660243511, 16.6727561951, 18.4440727234, 99.7602005005, 1758.04492188, 615.961303711, 170.368118286, 37.8351821899, 260.98550415, 4492.9296875, 10051.7470703, 6367.74169922, 18176.7851562, 18353.9628906, 4285.66552734, 2537.62353516, 7699.05908203, 5855.82666016, 9515.9140625, 13955.3789062, 5242.13769531, 1872.49169922, 736.945495605, 221.220306396, 113.891220093, 299.404754639, 130.053512573, 105.573188782, 44.8494110107, 101.483924866, 112.152755737, 16.7283802032, 23.8220329285, 11.0580835342, 2.40420222282, 0.150838419795, 0.104122422636, 0.00020193970704, 9.96153701749e-08, 1.71306546726e-09],
        "max": [3.1998026371, 22.6326618195, 24.838514328, 57.0877876282, 227.576980591, 154.387283325, 86.5154876709, 47.5487556458, 168.271118164, 587.463500977, 922.426208496, 806.00567627, 1472.7421875, 1231.38183594, 797.763793945, 427.886260986, 904.892700195, 889.674865723, 1174.30383301, 1261.10229492, 592.710754395, 388.929656982, 251.640563965, 88.0249862671, 83.0183868408, 175.122543335, 75.9667510986, 87.8969039917, 84.4775466919, 144.924575806, 118.745925903, 43.601852417, 44.6604232788, 28.7704677582, 9.42716884613, 3.4171974659, 2.82578229904, 0.107575215399, 0.0023011516314, 0.000245796109084],
        "mean": [0.250440448523, 1.47615504265, 2.71687436104, 5.73951768875, 10.1511487961, 7.1424665451, 6.06826591492, 4.44201564789, 8.26325702667, 17.8909091949, 27.7478256226, 30.4210224152, 50.6195678711, 70.7188796997, 47.2728385925, 41.116771698, 57.8989944458, 67.0153503418, 88.5253143311, 82.0383453369, 69.7693481445, 52.1954460144, 36.1195335388, 21.0964031219, 15.425151825, 18.5826339722, 15.4351873398, 12.2302799225, 7.6845908165, 7.27421236038, 6.45571184158, 3.73991537094, 2.71658062935, 1.79721355438, 0.908315658569, 0.27174115181, 0.0853448286653, 0.00533933611587, 0.000141060474562, 4.8679397878e-05],
        "median": [0.115847535431, 1.02468442917, 2.24084448814, 3.84735846519, 3.43054080009, 3.25899386406, 3.2914276123, 2.76603913307, 4.99780845642, 8.33624649048, 10.0505666733, 15.2825403214, 17.0459136963, 21.170042038, 18.3075447083, 20.8291854858, 33.26953125, 34.9056129456, 61.802646637, 47.2399711609, 50.7398300171, 42.3229866028, 30.6416931152, 18.1635875702, 12.8688688278, 14.4777393341, 12.1644697189, 9.1153793335, 4.62199163437, 4.11250114441, 3.5033853054, 2.06738257408, 1.69272255898, 1.07982599735, 0.526310145855, 0.158144816756, 0.0289197079837, 0.00175702187698, 6.61712692818e-05, 4.12608860643e-05],
        "min": [4.89268932142e-05, 0.000729385646991, 0.00218234094791, 0.0050257332623, 0.0184204224497, 0.0800210759044, 0.163148954511, 0.0672011896968, 0.0595677234232, 0.0712946504354, 0.178826928139, 0.205935746431, 0.17047354579, 0.276009947062, 0.307454317808, 0.395904421806, 0.434449493885, 0.155735775828, 0.459442585707, 0.31585508585, 1.98079311848, 1.20683550835, 0.533704578876, 0.227756127715, 0.160703882575, 0.124911770225, 0.133930757642, 0.122822679579, 0.109554037452, 0.113762646914, 0.052061624825, 0.0193448569626, 0.00287806126289, 0.00789382774383, 0.00284362910315, 0.000575718469918, 3.58927936759e-05, 4.07576044381e-06, 1.38799714477e-06, 1.64845675954e-06],
        "var": [0.202017202973, 4.77507925034, 6.65538835526, 55.6831932068, 626.321594238, 165.929901123, 73.8791122437, 24.031835556, 133.135437012, 1474.92773438, 3680.83691406, 2809.89160156, 9548.859375, 22521.5332031, 7509.32958984, 3242.9921875, 6399.84130859, 8879.97949219, 10271.5859375, 14298.2695312, 4836.24902344, 1881.00756836, 799.767883301, 219.410095215, 131.397277832, 301.938049316, 164.089385986, 122.787727356, 88.1350784302, 141.030914307, 114.06942749, 28.8163642883, 12.3545703888, 5.75821113586, 1.29931604862, 0.111096307635, 0.0369859486818, 9.91755005089e-05, 5.05936625927e-08, 1.24357391051e-09]
    },
    "gfcc": {
        "mean": [45.1092681885, 74.0266876221, -132.576766968, 40.5198173523, -49.8107757568, 31.6489658356, -40.6835975647, 17.6345424652, -24.7781848907, 5.3088889122, -23.0782318115, -2.02483391762, -9.20115184784],
        "cov": [[1729.93347168, -82.5748214722, 27.9385242462, -37.7864303589, 2.07350873947, 187.40914917, 127.703598022, 76.4357681274, 73.7670211792, 65.5722579956, -52.4337387085, -17.6159591675, -11.3300294876], [-82.5748214722, 492.183532715, -74.4978485107, -4.32126283646, 118.15133667, -9.02159881592, 61.2879676819, 0.658640861511, 44.2741737366, -8.42844295502, 41.3830986023, -47.3426513672, 32.413898468], [27.9385242462, -74.4978485107, 646.993347168, 222.517654419, 82.6475448608, 68.2480316162, -4.67044687271, 52.5751495361, 9.57209300995, 88.9941635132, -8.75506591797, 93.326675415, -68.8681259155], [-37.7864303589, -4.32126283646, 222.517654419, 313.498535156, 36.493347168, 27.6039505005, -22.7330570221, -13.6656208038, 54.2205924988, 9.82658100128, 31.6974773407, 15.1686763763, 9.22804164886], [2.07350873947, 118.15133667, 82.6475448608, 36.493347168, 208.131561279, 48.2074317932, 44.8782806396, 38.7166862488, 5.44707155228, 32.7737007141, -6.99109506607, 29.4200401306, 0.572681546211], [187.40914917, -9.02159881592, 68.2480316162, 27.6039505005, 48.2074317932, 190.852752686, 103.013389587, 23.3781299591, 8.26582336426, 16.8068218231, 17.2261829376, 7.53371477127, 4.0934882164], [127.703598022, 61.2879676819, -4.67044687271, -22.7330570221, 44.8782806396, 103.013389587, 153.60786438, 44.7683067322, 5.59517431259, 15.3801431656, 8.11950683594, -3.69565224648, -2.72155976295], [76.4357681274, 0.658640861511, 52.5751495361, -13.6656208038, 38.7166862488, 23.3781299591, 44.7683067322, 104.823120117, 51.9801063538, 31.6799507141, -17.3964977264, 1.49591445923, -8.89971923828], [73.7670211792, 44.2741737366, 9.57209300995, 54.2205924988, 5.44707155228, 8.26582336426, 5.59517431259, 51.9801063538, 114.263801575, 32.1651611328, -0.0462378486991, -25.2005844116, 6.68792486191], [65.5722579956, -8.42844295502, 88.9941635132, 9.82658100128, 32.7737007141, 16.8068218231, 15.3801431656, 31.6799507141, 32.1651611328, 82.7612457275, 15.7946996689, 10.7011442184, -23.9921321869], [-52.4337387085, 41.3830986023, -8.75506591797, 31.6974773407, -6.99109506607, 17.2261829376, 8.11950683594, -17.3964977264, -0.0462378486991, 15.7946996689, 66.3209915161, 6.88228178024, -0.346878051758], [-17.6159591675, -47.3426513672, 93.326675415, 15.1686763763, 29.4200401306, 7.53371477127, -3.69565224648, 1.49591445923, -25.2005844116, 10.7011442184, 6.88228178024, 71.4862823486, -1.17099165916], [-11.3300294876, 32.413898468, -68.8681259155, 9.22804164886, 0.572681546211, 4.0934882164, -2.72155976295, -8.89971923828, 6.68792486191, -23.9921321869, -0.346878051758, -1.17099165916, 68.0169525146]],
        "icov": [[0.000748258084059, -9.2883783509e-05, 0.000245921633905, -0.000126238330267, 0.000430528074503, -0.000879830040503, -0.000103420381492, -1.13769092422e-05, -0.000178629969014, -0.000901711231563, 0.00127350783441, -0.000308618647978, 0.000179410548299], [-9.2883783509e-05, 0.00511368270963, -0.00219980045222, 0.00290056876838, -0.00484534027055, 0.00362584693357, -0.00346195627935, 0.00334283430129, -0.00449027679861, 0.0047054332681, -0.00678149284795, 0.00530297588557, -0.0027938215062], [0.000245921633905, -0.00219980045222, 0.00564961833879, -0.00508236698806, 0.00278259301558, -0.00344534264877, 0.00273088412359, -0.00380584108643, 0.00442706234753, -0.00620153639466, 0.00675962120295, -0.00634124921635, 0.00459685176611], [-0.000126238330267, 0.00290056876838, -0.00508236698806, 0.00917647127062, -0.00435304315761, 0.00256579346023, -0.00190606317483, 0.00576260779053, -0.00828247144818, 0.00727341836318, -0.00858577247709, 0.00463523948565, -0.00381828378886], [0.000430528074503, -0.00484534027055, 0.00278259301558, -0.00435304315761, 0.0111355157569, -0.00457611773163, 0.00224805716425, -0.0050700372085, 0.00590171292424, -0.00779670150951, 0.00919729564339, -0.00729535147548, 0.00198782258667], [-0.000879830040503, 0.00362584693357, -0.00344534264877, 0.00256579346023, -0.00457611773163, 0.0129273114726, -0.00882488954812, 0.00396094238386, -0.00403469661251, 0.00511483149603, -0.00808389671147, 0.00464379508048, -0.00404572673142], [-0.000103420381492, -0.00346195627935, 0.00273088412359, -0.00190606317483, 0.00224805716425, -0.00882488954812, 0.0153574198484, -0.00798909179866, 0.00588145526126, -0.00362995569594, 0.00300882523879, -0.00213914900087, 0.00285737798549], [-1.13769092422e-05, 0.00334283430129, -0.00380584108643, 0.00576260779053, -0.0050700372085, 0.00396094238386, -0.00798909179866, 0.0223184693605, -0.0139152770862, 0.00288844644092, -0.000940452329814, 0.00147541449405, -0.00141760753468], [-0.000178629969014, -0.00449027679861, 0.00442706234753, -0.00828247144818, 0.00590171292424, -0.00403469661251, 0.00588145526126, -0.0139152770862, 0.0239619184285, -0.0123307537287, 0.00733759952709, 0.00113294669427, -0.000324710941641], [-0.000901711231563, 0.0047054332681, -0.00620153639466, 0.00727341836318, -0.00779670150951, 0.00511483149603, -0.00362995569594, 0.00288844644092, -0.0123307537287, 0.0284018479288, -0.016160171479, 0.00485140923411, 0.00156391435303], [0.00127350783441, -0.00678149284795, 0.00675962120295, -0.00858577247709, 0.00919729564339, -0.00808389671147, 0.00300882523879, -0.000940452329814, 0.00733759952709, -0.016160171479, 0.0328949429095, -0.012010990642, 0.00539857242256], [-0.000308618647978, 0.00530297588557, -0.00634124921635, 0.00463523948565, -0.00729535147548, 0.00464379508048, -0.00213914900087, 0.00147541449405, 0.00113294669427, 0.00485140923411, -0.012010990642, 0.0277942270041, -0.00772152096033], [0.000179410548299, -0.0027938215062, 0.00459685176611, -0.00381828378886, 0.00198782258667, -0.00404572673142, 0.00285737798549, -0.00141760753468, -0.000324710941641, 0.00156391435303, 0.00539857242256, -0.00772152096033, 0.0218696985394]]
    },
    "melbands": {
        "dmean": [0.0018008799525, 0.000987543375231, 0.000850986689329, 0.00055444741156, 0.00015563920897, 5.44638751308e-05, 9.14717893465e-05, 0.000177089954377, 0.000169329505297, 0.00013392989058, 0.000173105872818, 0.000172061947524, 8.29414784675e-05, 7.33472770662e-05, 5.75402737013e-05, 6.56915799482e-05, 6.21429135208e-05, 8.36752296891e-05, 5.72134049435e-05, 4.58134381915e-05, 4.42390410171e-05, 2.57288065768e-05, 2.14769715967e-05, 1.22246774481e-05, 7.40559516998e-06, 5.18891965839e-06, 5.07309277964e-06, 6.13176507613e-06, 4.65625134893e-06, 4.37119479102e-06, 3.11120925289e-06, 2.11641258829e-06, 1.88372371213e-06, 2.12273039324e-06, 2.10494226849e-06, 1.48200774674e-06, 1.13581415917e-06, 8.88477131866e-07, 1.61709692748e-06, 7.59602414746e-07],
        "dmean2": [0.00300225196406, 0.0016739818966, 0.00134512444492, 0.000918118748814, 0.000267742259894, 8.72809177963e-05, 0.00014742379426, 0.000290194730042, 0.000273785437457, 0.000206656593946, 0.000266706600087, 0.000257741747191, 0.000121475859487, 0.000109257060103, 8.70518924785e-05, 0.000100783006928, 9.27527653403e-05, 0.000132038680022, 8.86411653482e-05, 7.26607904653e-05, 7.26353973732e-05, 4.21137592639e-05, 3.44166510331e-05, 1.97655372176e-05, 1.20363729366e-05, 8.28134307085e-06, 7.80177015258e-06, 9.42255974223e-06, 7.33114029572e-06, 6.97101859259e-06, 4.63717469756e-06, 3.15730176226e-06, 2.75971956398e-06, 3.13245800498e-06, 3.10003406412e-06, 2.15807222048e-06, 1.75236550604e-06, 1.35013362978e-06, 2.59030343841e-06, 1.17137528832e-06],
        "dvar": [1.56438327394e-05, 3.7162121771e-06, 3.73149805455e-06, 2.18594345824e-06, 9.95701370243e-08, 7.47728279293e-09, 3.77394364648e-08, 2.11914198189e-07, 2.05693865496e-07, 1.09153489802e-07, 2.00933300221e-07, 1.74092335214e-07, 3.06017682306e-08, 1.80593708876e-08, 9.80837278064e-09, 1.84884996202e-08, 9.62750323907e-09, 1.64423514804e-08, 9.46524636447e-09, 5.26061283423e-09, 3.5767699913e-09, 1.03917507932e-09, 5.59563340108e-10, 2.07503444982e-10, 6.87757767404e-11, 3.54290208282e-11, 3.94678595361e-11, 6.96676119571e-11, 3.26624942371e-11, 2.53877110307e-11, 1.73577922868e-11, 9.71167504055e-12, 9.80952125085e-12, 2.57551202587e-11, 2.43753506962e-11, 7.26886302885e-12, 3.31195227493e-12, 2.00637401658e-12, 1.74646599266e-11, 1.51186051525e-12],
        "dvar2": [3.97597796109e-05, 1.00616971395e-05, 8.31693887449e-06, 5.85078259974e-06, 2.78094830719e-07, 1.84663484504e-08, 9.35582349371e-08, 5.40479959454e-07, 5.14192890932e-07, 2.72694336445e-07, 5.02428576965e-07, 3.80354208573e-07, 6.20373654669e-08, 3.66383936523e-08, 2.37361916788e-08, 4.55905500019e-08, 2.15463114017e-08, 3.83758838041e-08, 2.29037837585e-08, 1.32240023376e-08, 8.75987460347e-09, 2.62936472595e-09, 1.47304690667e-09, 5.43903255767e-10, 1.67942534879e-10, 9.02187005658e-11, 9.31539567706e-11, 1.65158289822e-10, 7.82095638252e-11, 5.96350469007e-11, 3.94457869146e-11, 2.01137405342e-11, 1.80271977901e-11, 5.68823321778e-11, 5.82382406189e-11, 1.41859406166e-11, 6.56565427026e-12, 4.7503715371e-12, 4.62341068208e-11, 3.5548003343e-12],
        "max": [0.0296321846545, 0.0169128421694, 0.016512311995, 0.0131360357627, 0.0028495665174, 0.00102128949948, 0.00284913135692, 0.00560684781522, 0.0068287299946, 0.00506244087592, 0.00763855222613, 0.00586626725271, 0.00374573492445, 0.00218456285074, 0.00149202952161, 0.00244119344279, 0.00147155008744, 0.00259125838056, 0.00141492509283, 0.000986687606201, 0.000743469514418, 0.000429837120464, 0.000253264588537, 0.000185882759979, 7.41836265661e-05, 6.96487841196e-05, 9.86305094557e-05, 0.000118233743706, 5.24613606103e-05, 5.15245519637e-05, 5.84886583965e-05, 4.88084515382e-05, 6.41139777144e-05, 9.40744575928e-05, 8.03852817626e-05, 4.15055073972e-05, 2.5319026463e-05, 1.85321059689e-05, 5.77204154979e-05, 1.69763534359e-05],
        "mean": [0.00213478412479, 0.00161316152662, 0.00122314004693, 0.00061433960218, 0.000236533101997, 9.74152862909e-05, 0.000135387628688, 0.00022301878198, 0.000221001319005, 0.000186030592886, 0.00026678291033, 0.000311560492264, 0.000162736338098, 0.000124450336443, 0.000110385968583, 0.0001276924595, 0.000122865079902, 0.000151323591126, 0.000108625572466, 8.43878515298e-05, 8.30962817417e-05, 5.33433449164e-05, 4.40270778199e-05, 2.65970138571e-05, 1.58822913363e-05, 1.13467103802e-05, 1.11925328383e-05, 1.24264106489e-05, 9.71155714069e-06, 8.98962571227e-06, 6.23474943495e-06, 4.25956886829e-06, 4.01397392125e-06, 4.05641412726e-06, 3.90559034713e-06, 2.81108145828e-06, 2.11664905692e-06, 1.6644949028e-06, 2.22985909204e-06, 1.26430313685e-06],
        "median": [0.00116639211774, 0.00136967108119, 0.00070772645995, 0.000249875301961, 0.000130744214403, 5.9486603277e-05, 8.1064819824e-05, 9.72783745965e-05, 8.77412603586e-05, 9.17027500691e-05, 7.74860018282e-05, 8.8012071501e-05, 5.67877286812e-05, 5.64311230846e-05, 6.08686823398e-05, 6.69302826282e-05, 5.92145079281e-05, 9.61753976298e-05, 5.95405326749e-05, 5.41745321243e-05, 5.71228883928e-05, 4.05749415222e-05, 3.42650419043e-05, 2.20419042307e-05, 1.32414470499e-05, 9.43367558648e-06, 8.41538803797e-06, 9.21775244933e-06, 7.32038051865e-06, 6.68278835292e-06, 4.28864495916e-06, 2.5268641366e-06, 2.31348917623e-06, 2.18475497604e-06, 2.139122671e-06, 1.41484611049e-06, 1.14173360544e-06, 1.0492238971e-06, 1.18981415653e-06, 8.03454213383e-07],
        "min": [5.34808407338e-07, 1.73462944986e-06, 1.09848326701e-06, 4.00579074267e-06, 4.53778375231e-06, 1.77247386546e-06, 7.20722653114e-07, 7.74064005782e-07, 1.50510152253e-06, 9.24328105611e-07, 7.85940244441e-07, 9.7060490134e-07, 5.16107604653e-07, 2.68574297024e-07, 8.49108118928e-07, 3.81941447358e-07, 1.85343466796e-07, 6.63921071009e-07, 3.76405637326e-07, 1.59186029691e-07, 9.53164374096e-07, 8.4346947915e-07, 8.42333577111e-07, 1.69094079183e-07, 1.71354429312e-07, 1.62254693237e-07, 6.36597476955e-08, 8.69763709943e-08, 5.84199355558e-08, 6.77248834791e-08, 5.78340930701e-08, 4.12685672302e-08, 5.66651472411e-08, 5.00601764486e-08, 3.06272092132e-08, 2.23977933422e-10, 2.21469731443e-10, 4.4586970227e-10, 1.93360527589e-09, 4.01968930364e-10],
