{
"highlevel": {
    "danceability": {
        "all": {
            "danceable": 0.00533474842086,
            "not_danceable": 0.994665265083
        },
        "probability": 0.994665265083,
        "value": "not_danceable"
    },
    "gender": {
        "all": {
            "female": 0.5,
            "male": 0.5
        },
        "probability": 0.5,
        "value": "female"
    },
    "genre_dortmund": {
        "all": {
            "alternative": 0.169662371278,
            "blues": 0.0689365714788,
            "electronic": 0.0312121436,
            "folkcountry": 0.583636760712,
            "funksoulrnb": 0.00554509321228,
            "jazz": 0.0469760037959,
            "pop": 0.0413606576622,
            "raphiphop": 0.00173193204682,
            "rock": 0.0509384535253
        },
        "probability": 0.583636760712,
        "value": "folkcountry"
    },
    "genre_electronic": {
        "all": {
            "ambient": 0.925156354904,
            "dnb": 0.00469342572615,
            "house": 0.0613672025502,
            "techno": 0.00557293836027,
            "trance": 0.00321005354635
        },
        "probability": 0.925156354904,
        "value": "ambient"
    },
    "genre_rosamerica": {
        "all": {
            "cla": 0.978965699673,
            "dan": 0.00093821331393,
            "hip": 0.000885431363713,
            "jaz": 0.00206358684227,
            "pop": 0.002081139246,
            "rhy": 0.00869393721223,
            "roc": 0.00130652065855,
            "spe": 0.00506546394899
        },
        "probability": 0.978965699673,
        "value": "cla"
    },
    "genre_tzanetakis": {
        "all": {
            "blu": 0.0123217906803,
            "cla": 0.582502782345,
            "cou": 0.0113446451724,
            "dis": 0.00177219905891,
            "hip": 0.000614264223259,
            "jaz": 0.364628821611,
            "met": 0.00243091513403,
            "pop": 0.00358808739111,
            "reg": 0.0158120226115,
            "roc": 0.00498446635902
        },
        "probability": 0.582502782345,
        "value": "cla"
    },
    "ismir04_rhythm": {
        "all": {
            "ChaChaCha": 0.00021742482204,
            "Jive": 2.14365973079e-05,
            "Quickstep": 6.1385522713e-05,
            "Rumba-American": 0.000972335459664,
            "Rumba-International": 0.00173572741915,
            "Rumba-Misc": 0.00039045754238,
            "Samba": 4.10255051975e-05,
            "Tango": 0.00617086468264,
            "VienneseWaltz": 0.0617414079607,
            "Waltz": 0.92864793539
        },
        "probability": 0.92864793539,
        "value": "Waltz"
    },
    "mood_acoustic": {
        "all": {
            "acoustic": 0.971262633801,
            "not_acoustic": 0.0287373438478
        },
        "probability": 0.971262633801,
        "value": "acoustic"
    },
    "mood_aggressive": {
        "all": {
            "aggressive": 6.25955124178e-07,
            "not_aggressive": 0.999999344349
        },
        "probability": 0.999999344349,
        "value": "not_aggressive"
    },
    "mood_electronic": {
        "all": {
            "electronic": 0.0155658517033,
            "not_electronic": 0.984434127808
        },
        "probability": 0.984434127808,
        "value": "not_electronic"
    },
    "mood_happy": {
        "all": {
            "happy": 0.179939731956,
            "not_happy": 0.820060253143
        },
        "probability": 0.820060253143,
        "value": "not_happy"
    },
    "mood_party": {
        "all": {
            "not_party": 0.997254312038,
            "party": 0.00274571124464
        },
        "probability": 0.997254312038,
        "value": "not_party"
    },
    "mood_relaxed": {
        "all": {
            "not_relaxed": 0.0135363079607,
            "relaxed": 0.986463665962
        },
        "probability": 0.986463665962,
        "value": "relaxed"
    },
    "mood_sad": {
        "all": {
            "not_sad": 0.151036515832,
            "sad": 0.848963499069
        },
        "probability": 0.848963499069,
        "value": "sad"
    },
    "moods_mirex": {
        "all": {
            "Cluster1": 0.0180751420557,
            "Cluster2": 0.0276789851487,
            "Cluster3": 0.903277337551,
            "Cluster4": 0.0473323240876,
            "Cluster5": 0.00363619066775
        },
        "probability": 0.903277337551,
        "value": "Cluster3"
    },
    "timbre": {
        "all": {
            "bright": 0.94838565588,
            "dark": 0.0516143552959
        },
        "probability": 0.94838565588,
        "value": "bright"
    },
    "tonal_atonal": {
        "all": {
            "atonal": 0.000582046399359,
            "tonal": 0.999417960644
        },
        "probability": 0.999417960644,
        "value": "tonal"
    },
    "voice_instrumental": {
        "all": {
            "instrumental": 0.907143771648,
            "voice": 0.0928562134504
        },
        "probability": 0.907143771648,
        "value": "instrumental"
    }
},
"lowlevel": {
    "average_loudness": 0.808471262455,
    "barkbands_crest": {
        "dmean": 2.2867898941,
        "dmean2": 3.74323678017,
        "dvar": 4.80332183838,
        "dvar2": 13.2201194763,
        "max": 26.6583328247,
        "mean": 14.5454244614,
        "median": 14.2960987091,
        "min": 5.11528539658,
        "var": 23.6265354156
    },
    "barkbands_flatness_db": {
        "dmean": 0.0261854454875,
        "dmean2": 0.0432074368,
        "dvar": 0.000562276516575,
        "dvar2": 0.0014192154631,
        "max": 0.521150767803,
        "mean": 0.357730716467,
        "median": 0.353699475527,
        "min": 0.142507761717,
        "var": 0.00271065300331
    },
    "barkbands_kurtosis": {
        "dmean": 2.88726210594,
        "dmean2": 4.47453260422,
        "dvar": 59.3013114929,
        "dvar2": 124.631439209,
        "max": 215.324264526,
        "mean": 6.86221170425,
        "median": 3.3164100647,
        "min": -1.72592544556,
        "var": 189.959625244
    },
    "barkbands_skewness": {
        "dmean": 0.429561048746,
        "dmean2": 0.673645615578,
        "dvar": 0.27646073699,
        "dvar2": 0.565675795078,
        "max": 13.4776039124,
        "mean": 2.03395414352,
        "median": 1.75136256218,
        "min": -0.329024374485,
        "var": 1.81381833553
    },
    "barkbands_spread": {
        "dmean": 1.51048326492,
        "dmean2": 2.45982575417,
        "dvar": 3.21390771866,
        "dvar2": 8.14006996155,
        "max": 23.8050384521,
        "mean": 7.3285984993,
        "median": 6.62109327316,
        "min": 0.327169567347,
        "var": 16.8650856018
    },
    "dissonance": {
        "dmean": 0.0298702083528,
        "dmean2": 0.0493287369609,
        "dvar": 0.000736369460355,
        "dvar2": 0.00204412266612,
        "max": 0.499999642372,
        "mean": 0.400994002819,
        "median": 0.401101469994,
        "min": 0.22680541873,
        "var": 0.00226607616059
    },
    "dynamic_complexity": 3.49825763702,
    "erbbands_crest": {
        "dmean": 1.94275105,
        "dmean2": 3.05364727974,
        "dvar": 3.57062315941,
        "dvar2": 8.5533618927,
        "max": 26.5898857117,
        "mean": 12.0946245193,
        "median": 11.4115409851,
        "min": 3.68962335587,
        "var": 17.8992614746
    },
    "erbbands_flatness_db": {
        "dmean": 0.0129036065191,
        "dmean2": 0.0206642020494,
        "dvar": 0.00018371695478,
        "dvar2": 0.000429248641012,
        "max": 0.444619774818,
        "mean": 0.357567608356,
        "median": 0.354476392269,
        "min": 0.193189322948,
        "var": 0.00102025945671
    },
    "erbbands_kurtosis": {
        "dmean": 0.682787239552,
        "dmean2": 1.06774294376,
        "dvar": 1.4105360508,
        "dvar2": 3.3923535347,
        "max": 22.3956928253,
        "mean": 0.15090110898,
        "median": -0.48894739151,
        "min": -1.72237741947,
        "var": 4.02708911896
    },
    "erbbands_skewness": {
        "dmean": 0.282568335533,
        "dmean2": 0.441710352898,
        "dvar": 0.0831026136875,
        "dvar2": 0.194359213114,
        "max": 4.46839332581,
        "mean": 0.601175367832,
        "median": 0.541856706142,
        "min": -1.52476239204,
        "var": 0.571821928024
    },
    "erbbands_spread": {
        "dmean": 2.85858106613,
        "dmean2": 4.36272335052,
        "dvar": 8.54858493805,
        "dvar2": 19.6981143951,
        "max": 41.8292579651,
        "mean": 21.628698349,
        "median": 20.9470596313,
        "min": 4.49856519699,
        "var": 53.3827400208
    },
    "hfc": {
        "dmean": 1.69811713696,
        "dmean2": 2.6467602253,
        "dvar": 6.08451080322,
        "dvar2": 12.6045856476,
        "max": 53.1191673279,
        "mean": 9.77026939392,
        "median": 8.65451908112,
        "min": 0.0806368291378,
        "var": 56.1996765137
    },
    "melbands_crest": {
        "dmean": 2.46487188339,
        "dmean2": 3.94601798058,
        "dvar": 5.82795095444,
        "dvar2": 14.032790184,
        "max": 34.5084075928,
        "mean": 19.1156597137,
        "median": 18.1405506134,
        "min": 6.34038972855,
        "var": 40.7370872498
    },
    "melbands_flatness_db": {
        "dmean": 0.0235830210149,
        "dmean2": 0.0385637022555,
        "dvar": 0.000539675937034,
        "dvar2": 0.00122671877034,
        "max": 0.62543708086,
        "mean": 0.439049005508,
        "median": 0.433168232441,
        "min": 0.215738996863,
        "var": 0.00301058613695
    },
    "melbands_kurtosis": {
        "dmean": 4.08719539642,
        "dmean2": 6.42479467392,
        "dvar": 65.0728378296,
        "dvar2": 123.504478455,
        "max": 195.355422974,
        "mean": 11.6291151047,
        "median": 6.82382774353,
        "min": -1.39025354385,
        "var": 326.364807129
    },
    "melbands_skewness": {
        "dmean": 0.474405616522,
        "dmean2": 0.743273675442,
        "dvar": 0.265124469995,
        "dvar2": 0.531422317028,
        "max": 10.7301111221,
        "mean": 2.57131290436,
        "median": 2.31590008736,
        "min": 0.0917301401496,
        "var": 2.05454826355
    },
    "melbands_spread": {
        "dmean": 2.16435360909,
        "dmean2": 3.48091125488,
        "dvar": 6.85126638412,
        "dvar2": 16.5805110931,
        "max": 42.9780769348,
        "mean": 9.45924377441,
        "median": 8.5523443222,
        "min": 0.476598799229,
        "var": 30.5462551117
    },
    "pitch_salience": {
        "dmean": 0.0496687218547,
        "dmean2": 0.0813623294234,
        "dvar": 0.00282836100087,
        "dvar2": 0.00739816157147,
        "max": 0.791569590569,
        "mean": 0.395844578743,
        "median": 0.400640070438,
        "min": 0.0500071793795,
        "var": 0.00957142841071
    },
    "silence_rate_20dB": {
        "dmean": 0,
        "dmean2": 0,
        "dvar": 0,
        "dvar2": 0,
        "max": 1,
        "mean": 1,
        "median": 1,
        "min": 1,
        "var": 0
    },
    "silence_rate_30dB": {
        "dmean": 0.00154798757285,
        "dmean2": 0.00309837330133,
        "dvar": 0.00154558534268,
        "dvar2": 0.00463792914525,
        "max": 1,
        "mean": 0.999226629734,
        "median": 1,
        "min": 0,
        "var": 0.000772796047386
    },
    "silence_rate_60dB": {
        "dmean": 0.0154798757285,
        "dmean2": 0.0309837330133,
        "dvar": 0.015240078792,
        "dvar2": 0.0346708744764,
        "max": 1,
        "mean": 0.119876258075,
        "median": 0,
        "min": 0,
        "var": 0.105508260429
    },
    "spectral_centroid": {
        "dmean": 69.7729949951,
        "dmean2": 113.812316895,
        "dvar": 7422.61279297,
        "dvar2": 17406.734375,
        "max": 1498.97790527,
        "mean": 539.307678223,
        "median": 504.260101318,
        "min": 191.504455566,
        "var": 39074.3515625
    },
    "spectral_complexity": {
        "dmean": 1.25232195854,
        "dmean2": 2.13942670822,
        "dvar": 2.40075421333,
        "dvar2": 6.23930883408,
        "max": 28,
        "mean": 8.92652702332,
        "median": 9,
        "min": 1,
        "var": 11.9273424149
    },
    "spectral_decrease": {
        "dmean": 1.17229548291e-09,
        "dmean2": 1.95714533469e-09,
        "dvar": 2.4727979182e-18,
        "dvar2": 6.00109773676e-18,
        "max": -5.05125073713e-11,
        "mean": -5.88770188159e-09,
        "median": -4.69456518104e-09,
        "min": -2.58602899095e-08,
        "var": 2.23012310289e-17
    },
    "spectral_energy": {
        "dmean": 0.00456033088267,
        "dmean2": 0.00760400574654,
        "dvar": 3.72236318071e-05,
        "dvar2": 9.01426610653e-05,
        "max": 0.102420754731,
        "mean": 0.0231077317148,
        "median": 0.0185645427555,
        "min": 0.000198537542019,
        "var": 0.00033920162241
    },
    "spectral_energyband_high": {
        "dmean": 5.64427466543e-07,
        "dmean2": 7.38677726986e-07,
        "dvar": 3.05060100445e-12,
        "dvar2": 5.05739070414e-12,
        "max": 3.5290249798e-05,
        "mean": 1.64526250046e-06,
        "median": 5.15251372235e-07,
        "min": 1.1551919421e-08,
        "var": 1.00976848411e-11
    },
    "spectral_energyband_low": {
        "dmean": 0.000602258485742,
        "dmean2": 0.00101616035681,
        "dvar": 2.27797113439e-06,
        "dvar2": 5.73583156438e-06,
        "max": 0.0287036076188,
        "mean": 0.0017547016032,
        "median": 0.000196703331312,
        "min": 1.16518049254e-06,
        "var": 9.62676313065e-06
    },
    "spectral_energyband_middle_high": {
        "dmean": 0.000536175095476,
        "dmean2": 0.000756216060836,
        "dvar": 1.17601177863e-06,
        "dvar2": 2.16015132537e-06,
        "max": 0.0175920221955,
        "mean": 0.00264778314158,
        "median": 0.00167595304083,
        "min": 9.54911683948e-06,
        "var": 7.4029226198e-06
    },
    "spectral_energyband_middle_low": {
        "dmean": 0.0043309610337,
        "dmean2": 0.00720769772306,
        "dvar": 3.46791857737e-05,
        "dvar2": 8.71210577316e-05,
        "max": 0.08446688205,
        "mean": 0.0195019058883,
        "median": 0.0144552476704,
        "min": 0.000173471780727,
        "var": 0.000298013532301
    },
    "spectral_entropy": {
        "dmean": 0.203652769327,
        "dmean2": 0.338450312614,
        "dvar": 0.0574862770736,
        "dvar2": 0.147048562765,
        "max": 7.4128651619,
        "mean": 5.77886295319,
        "median": 5.77709293365,
        "min": 4.38991355896,
        "var": 0.169465437531
    },
    "spectral_flux": {
        "dmean": 0.0172873847187,
        "dmean2": 0.0284420717508,
        "dvar": 0.000438694230979,
        "dvar2": 0.00108624633867,
        "max": 0.226355910301,
        "mean": 0.0396877788007,
        "median": 0.0327333658934,
        "min": 0.0033961487934,
        "var": 0.000759978312999
    },
    "spectral_kurtosis": {
        "dmean": 19.7365474701,
        "dmean2": 33.8415184021,
        "dvar": 245.342468262,
        "dvar2": 686.23236084,
        "max": 129.085449219,
        "mean": 41.9704627991,
        "median": 38.5745849609,
        "min": 0.701990604401,
        "var": 617.961791992
    },
    "spectral_rms": {
        "dmean": 0.000463751115603,
        "dmean2": 0.000763336312957,
        "dvar": 2.80216823967e-07,
        "dvar2": 6.46520334158e-07,
        "max": 0.00999613385648,
        "mean": 0.00433559343219,
        "median": 0.00425578979775,
        "min": 0.000440108124167,
        "var": 3.74673595616e-06
    },
    "spectral_rolloff": {
        "dmean": 129.832305908,
        "dmean2": 231.460540771,
        "dvar": 45832.5039062,
        "dvar2": 104109.953125,
        "max": 1873.38867188,
        "mean": 707.778381348,
        "median": 624.462890625,
        "min": 172.265625,
        "var": 132781.015625
    },
    "spectral_skewness": {
        "dmean": 1.33278226852,
        "dmean2": 2.30072569847,
        "dvar": 1.02258646488,
        "dvar2": 2.898416996,
        "max": 8.56041526794,
        "mean": 3.93863773346,
        "median": 3.71805024147,
        "min": 0.824959039688,
        "var": 2.57337069511
    },
    "spectral_spread": {
        "dmean": 258780.359375,
        "dmean2": 438641.4375,
        "dvar": 279836033024,
        "dvar2": 358547914752,
        "max": 19051024,
        "mean": 1306590.5,
        "median": 1278008.75,
        "min": 596588.3125,
        "var": 325842534400
    },
    "spectral_strongpeak": {
        "dmean": 0.295839041471,
        "dmean2": 0.509691178799,
        "dvar": 0.209421664476,
        "dvar2": 0.525446772575,
        "max": 7.00776052475,
        "mean": 1.11370408535,
        "median": 0.884684443474,
        "min": 0.0253521967679,
        "var": 0.677983701229
    },
    "zerocrossingrate": {
        "dmean": 0.00299242325127,
        "dmean2": 0.00379429711029,
        "dvar": 7.64501692174e-06,
        "dvar2": 1.07142850538e-05,
        "max": 0.0673828125,
        "mean": 0.0251515824348,
        "median": 0.0244140625,
        "min": 0.00634765625,
        "var": 8.75948317116e-05
    },
    "barkbands": {
        "dmean": [1.59065257321e-05, 0.000117640149256, 0.000270174525212, 0.000587056332733, 0.00277117360383, 0.00159976398572, 0.000310702045681, 0.000549715769012, 0.000238467022427, 8.45356917125e-05, 0.000163017146406, 9.28953522816e-05, 0.000117962357763, 0.000224010495003, 6.88506552251e-05, 2.7619445973e-05, 4.45047699031e-05, 2.10533071368e-05, 5.44576005268e-06, 3.1624147141e-06, 4.10076609114e-07, 3.60577914194e-08, 7.98770116717e-09, 4.114744101e-09, 4.23058565957e-09, 3.74872399789e-09, 2.6543900411e-09],
        "dmean2": [2.7430605769e-05, 0.000221646288992, 0.00044485356193, 0.000932376133278, 0.0045520151034, 0.00287425587885, 0.000440620293375, 0.000762554234825, 0.000330573064275, 0.000123043471831, 0.000218841247261, 0.000137628550874, 0.000160478681209, 0.000318574107951, 9.82472556643e-05, 4.50001680292e-05, 6.51695008855e-05, 3.15556608257e-05, 8.5065521489e-06, 4.66366054752e-06, 5.27843837972e-07, 5.33379278522e-08, 1.05095141478e-08, 4.89181006813e-09, 4.92839324906e-09, 4.42665637479e-09, 3.37740369005e-09],
        "dvar": [1.81556314427e-09, 1.48563188418e-07, 6.94788411693e-07, 2.14082115235e-06, 2.18137029151e-05, 1.57034264703e-05, 2.21860864258e-06, 1.74448689449e-06, 2.239366097e-07, 1.01816013398e-07, 7.36253653599e-08, 5.41784146435e-08, 2.06910300449e-07, 3.01114766899e-07, 1.05935058059e-07, 5.81773829111e-09, 1.54170489708e-08, 4.70267735864e-09, 3.5922581576e-10, 7.77418476816e-11, 1.38742142775e-12, 1.99765978228e-14, 1.86243808732e-14, 1.19302032581e-14, 1.3869385241e-14, 1.02200496669e-14, 3.89336449568e-15],
        "dvar2": [4.79913708773e-09, 4.26633704365e-07, 1.56021451403e-06, 5.17676198797e-06, 4.60631854367e-05, 5.4199994338e-05, 3.06449965137e-06, 3.19439891427e-06, 3.61306007335e-07, 1.6094242028e-07, 1.1515185605e-07, 1.06361675023e-07, 4.37820972365e-07, 5.30880583938e-07, 1.36813099516e-07, 1.53519206236e-08, 3.01100868683e-08, 9.82017045459e-09, 6.97868485222e-10, 1.50621778938e-10, 2.68106760751e-12, 2.7956806927e-14, 1.87333211687e-14, 1.19455709769e-14, 1.38865757746e-14, 1.02335793241e-14, 3.90284745304e-15],
        "max": [0.000433953653555, 0.00413786340505, 0.0179747752845, 0.0233540907502, 0.0712562799454, 0.0553115978837, 0.0596415437758, 0.0291099697351, 0.0127923861146, 0.0102520110086, 0.00767889339477, 0.00532487081364, 0.00942421332002, 0.0108608221635, 0.0112916529179, 0.00110207858961, 0.00214418885298, 0.00173739274032, 0.000543267931789, 0.000162515512784, 2.72480338026e-05, 4.19354137193e-06, 4.90912361784e-06, 3.92842321162e-06, 4.23442179454e-06, 3.63391632163e-06, 2.24389759751e-06],
        "mean": [1.15470993478e-05, 7.92336722952e-05, 0.000871477997862, 0.00185611611232, 0.0102721014991, 0.00337355164811, 0.00113759457599, 0.00200233352371, 0.000850533950143, 0.000231932295719, 0.000845229194965, 0.000271014054306, 0.000284131761873, 0.000547255738638, 0.000185604687431, 6.44542305963e-05, 0.000139818119351, 5.82093562116e-05, 1.54325171025e-05, 8.87910300662e-06, 1.18972434393e-06, 8.64346816343e-08, 1.45206087154e-08, 4.63309657306e-09, 4.1556913466e-09, 3.62016372435e-09, 2.51975063037e-09],
        "median": [1.21035509437e-06, 7.82903680374e-06, 3.3519569115e-05, 0.000166371042724, 0.00490194279701, 0.00158068374731, 2.92799377348e-05, 0.000170736049768, 0.000363906961866, 2.80493204627e-05, 0.000424829486292, 6.23537416686e-05, 4.60661067336e-05, 0.000121441829833, 5.55037950107e-05, 2.80968633888e-05, 4.61315758002e-05, 6.9539123615e-06, 4.55541658084e-06, 1.52612005877e-06, 3.51973341139e-07, 2.51455016809e-08, 4.65865834798e-09, 9.82148362638e-10, 3.21237397793e-10, 2.71924371908e-10, 2.87454726688e-10],
        "min": [8.41110125993e-10, 7.51719184677e-08, 5.12922539997e-08, 2.40893257342e-07, 2.93936022899e-06, 1.12620136861e-05, 1.73099266476e-07, 1.01927312812e-07, 1.04697141978e-06, 2.60983313183e-07, 3.19918228797e-07, 2.46628729883e-07, 3.37918294235e-07, 3.3590657722e-07, 1.95829329641e-07, 1.05232999204e-07, 6.78005065424e-08, 1.54895865023e-08, 1.71559246809e-08, 5.68414426638e-09, 4.69446526097e-09, 1.49573387009e-09, 7.38573480152e-10, 1.63490151972e-10, 1.45987683747e-11, 1.90316113563e-11, 2.98799353315e-11],
        "var": [1.30540722676e-09, 8.48064445336e-08, 3.8900866457e-06, 1.49719635374e-05, 0.000204009716981, 2.92220302072e-05, 2.9765014915e-05, 1.54112258315e-05, 1.92164452528e-06, 7.34465572805e-07, 1.39650501296e-06, 3.8247219436e-07, 5.56506506655e-07, 1.2669785292e-06, 3.04714291133e-07, 9.7038030944e-09, 6.33134291661e-08, 2.01589713811e-08, 1.36576472354e-09, 3.13455039702e-10, 5.7478305969e-12, 3.68070374526e-14, 1.88923414402e-14, 1.19283533382e-14, 1.3860825973e-14, 1.02144660257e-14, 3.89076791618e-15]
    },
    "erbbands": {
        "dmean": [0.00395057816058, 0.0265712272376, 0.216498568654, 1.23711431026, 4.8442568779, 11.3427057266, 13.2297096252, 9.22975158691, 5.2850446701, 4.75538063049, 11.9434814453, 5.09481859207, 1.52823495865, 3.85256958008, 5.11418199539, 3.77629470825, 6.29625225067, 5.41523265839, 9.6022605896, 2.23427081108, 1.62920558453, 2.68591737747, 1.56696033478, 0.277859836817, 0.273352950811, 0.117355383933, 0.0144709562883, 0.0164040252566, 0.00199670530856, 0.000517953070812, 0.00018582768098, 0.000107598854811, 6.23146843282e-05, 4.37225571659e-05, 3.35701261065e-05, 1.43569295687e-05, 8.0461941252e-06, 2.06662116398e-06, 2.36145092458e-06, 5.06837704961e-06],
        "dmean2": [0.00733873806894, 0.0500598847866, 0.366609096527, 1.99627280235, 7.90419387817, 18.7570724487, 22.9777507782, 16.1694469452, 7.50016784668, 6.61646366119, 16.8248081207, 7.07198572159, 2.31663966179, 5.3900718689, 6.93626642227, 5.51167869568, 8.49081897736, 7.72678041458, 13.633398056, 3.27170300484, 2.56074047089, 3.92336964607, 2.31640815735, 0.437403947115, 0.387477040291, 0.171666651964, 0.0206414274871, 0.0204998217523, 0.00276976102032, 0.000742958160117, 0.000235546496697, 0.000126129554701, 7.40000250516e-05, 5.14013117936e-05, 3.8253616367e-05, 1.71010669874e-05, 9.42390852288e-06, 2.49680078923e-06, 3.74051273866e-06, 8.42522695166e-06],
        "dvar": [0.000141462922329, 0.00816052500159, 0.436880260706, 8.12145519257, 122.183532715, 364.186309814, 706.514221191, 463.790161133, 542.360778809, 126.850959778, 674.058898926, 89.6282119751, 11.549249649, 124.769821167, 74.1546173096, 83.0732498169, 506.381134033, 141.553771973, 802.448730469, 20.0751895905, 18.3626861572, 60.4193305969, 22.026348114, 0.443701684475, 1.10438740253, 0.137081325054, 0.00207057525404, 0.00195422046818, 4.5307649998e-05, 1.3714614397e-05, 1.30428625198e-05, 8.23472237244e-06, 2.65211428996e-06, 1.35226559905e-06, 8.92841001132e-07, 1.28489929807e-07, 4.35705977964e-08, 2.58252752516e-09, 8.75532771283e-11, 4.5770130741e-11],
        "dvar2": [0.000399472133722, 0.0234172362834, 1.03439736366, 20.8266201019, 253.469696045, 813.407043457, 2213.31298828, 1592.31396484, 735.156066895, 217.228988647, 1364.00964355, 152.339385986, 21.1694297791, 204.611679077, 122.710021973, 170.110168457, 1067.96142578, 268.309234619, 1207.06958008, 43.1625747681, 45.505191803, 115.955169678, 45.7360191345, 1.00536346436, 1.82186853886, 0.277238935232, 0.00420476309955, 0.00364401983097, 7.37896989449e-05, 1.49132492879e-05, 1.30858252305e-05, 8.24144444778e-06, 2.6564455311e-06, 1.35417474212e-06, 8.9385633828e-07, 1.28681705291e-07, 4.36249720792e-08, 2.58701127187e-09, 9.79033104587e-11, 1.09811951199e-10],
        "max": [0.129566818476, 1.10968267918, 13.2577219009, 42.9137649536, 155.213363647, 283.47769165, 409.354370117, 255.055038452, 949.548034668, 236.140426636, 497.569854736, 199.191177368, 75.2268218994, 351.274780273, 239.421188354, 189.938674927, 484.826416016, 220.90032959, 715.981140137, 110.700653076, 84.4495544434, 146.184707642, 115.432342529, 11.6278400421, 34.8337249756, 8.74014854431, 1.21016132832, 0.927373170853, 0.169388741255, 0.129003748298, 0.129923969507, 0.103263661265, 0.0585632696748, 0.0418191254139, 0.0339861437678, 0.0128925247118, 0.00750885298476, 0.00182816386223, 0.000329807575326, 0.000116154798889],
        "mean": [0.00273306039162, 0.0300933588296, 0.680757403374, 4.12343645096, 18.6186637878, 39.3381385803, 34.2941474915, 22.9686164856, 20.0114917755, 17.8167362213, 44.2152137756, 18.5557518005, 4.7748670578, 16.5658435822, 26.6281356812, 12.0711431503, 16.8201770782, 14.3849287033, 23.2562618256, 7.23795366287, 4.64054584503, 8.87047386169, 4.57564735413, 0.817391991615, 0.91205394268, 0.343233764172, 0.0467346385121, 0.0441585816443, 0.00523140002042, 0.00123138609342, 0.000330563430907, 0.0001502877858, 8.23919617687e-05, 5.80591877224e-05, 4.61713316326e-05, 2.4604576538e-05, 1.4336199456e-05, 3.27243060383e-06, 1.13481264634e-05, 2.59361659118e-05],
        "median": [0.000449847429991, 0.0036652458366, 0.0508621484041, 1.07544386387, 2.39713311195, 16.1231861115, 15.2471103668, 11.6540851593, 2.21939301491, 1.54639601707, 10.051197052, 10.5275316238, 2.23628234863, 7.60725069046, 14.4799165726, 4.25685739517, 3.60806965828, 4.22899341583, 6.64804935455, 3.02077364922, 2.47681713104, 2.8449113369, 1.06610655785, 0.345414161682, 0.28565466404, 0.0827866643667, 0.0154570005834, 0.012480372563, 0.00162574124988, 0.000407967745559, 0.000123844889458, 4.98073277413e-05, 2.8812482924e-05, 1.93991327251e-05, 1.54152949108e-05, 1.16194023576e-05, 6.8328567977e-06, 1.5511679976e-06, 8.96977053344e-06, 2.10071812035e-05],
        "min": [6.97694395058e-06, 6.26307955827e-05, 0.000146099453559, 0.00273805717006, 0.00936058629304, 0.014934817329, 0.186641201377, 0.304448902607, 0.0357678122818, 0.00918499752879, 0.00935049541295, 0.0945530235767, 0.0758408382535, 0.0531192719936, 0.0408366844058, 0.0337405577302, 0.021060442552, 0.0124022411183, 0.0185907613486, 0.0044165821746, 0.00646116957068, 0.00397449405864, 0.00320529378951, 0.00152046827134, 0.00117775669787, 0.000468801765237, 0.000238435677602, 0.000125962687889, 6.45540494588e-05, 3.40255792253e-05, 1.79437101906e-05, 5.78409799346e-06, 3.05936828227e-06, 8.72318537404e-07, 4.23760468493e-07, 2.17150386561e-07, 1.19696693446e-07, 3.22642854655e-08, 1.00484705001e-07, 2.23203912242e-07],
        "var": [8.41143992147e-05, 0.00618137372658, 2.09490156174, 47.0117073059, 1023.99963379, 3121.14331055, 2355.80981445, 923.388061523, 7570.52148438, 1227.44262695, 5307.58642578, 631.021240234, 75.7527084351, 963.547973633, 1326.34741211, 510.571380615, 1368.47229004, 717.965454102, 2681.96142578, 162.38130188, 40.669128418, 275.497161865, 93.8034057617, 1.53564655781, 4.86768388748, 0.551875710487, 0.00779459020123, 0.00823994819075, 0.000101166449895, 1.63463682838e-05, 1.31025162773e-05, 8.23808750283e-06, 2.65026369561e-06, 1.35133961976e-06, 8.92257730811e-07, 1.28447936731e-07, 4.3556916296e-08, 2.58218180171e-09, 1.53843784934e-10, 4.19994095058e-10]
    },
    "gfcc": {
        "mean": [-174.371963501, 226.43157959, -168.106124878, -25.2363414764, -14.7100086212, -53.1615066528, -27.2741527557, -30.3045883179, -25.5339450836, -21.4923610687, -12.6534471512, -11.5173597336, 2.58331108093],
        "cov": [[3604.38769531, -52.5557327271, -466.916442871, 218.297073364, 170.136657715, -354.501220703, 120.872131348, -93.3784866333, -151.252929688, 154.152328491, -123.295341492, -108.041046143, -211.045425415], [-52.5557327271, 245.527191162, 238.204040527, 74.7730178833, 146.684524536, 109.843505859, 32.2654304504, 31.2419815063, 21.9421749115, -1.4153945446, 16.44024086, -31.9859466553, -39.6451797485], [-466.916442871, 238.204040527, 617.730285645, 58.2530250549, 120.913375854, 177.085144043, -58.4206771851, 18.5371780396, -16.1894741058, -69.239074707, -13.4893579483, -53.757194519, -6.10599136353], [218.297073364, 74.7730178833, 58.2530250549, 355.417175293, 163.962051392, 71.4301681519, 63.563293457, 2.60424470901, 35.5752487183, 18.9245300293, 9.70466423035, 10.320110321, -54.9712486267], [170.136657715, 146.684524536, 120.913375854, 163.962051392, 226.3150177, 110.31098938, 21.6842708588, 6.407371521, 0.513685107231, 10.4610309601, 8.42038536072, -23.3479633331, -31.8121833801], [-354.501220703, 109.843505859, 177.085144043, 71.4301681519, 110.31098938, 248.780761719, 60.7669677734, 0.783627271652, 5.82592487335, -20.1210269928, 41.4620170593, 50.9275245667, 33.029045105], [120.872131348, 32.2654304504, -58.4206771851, 63.563293457, 21.6842708588, 60.7669677734, 128.867416382, 28.0315189362, -3.62351059914, 7.69891405106, 22.5542316437, 43.6121940613, 1.10701882839], [-93.3784866333, 31.2419815063, 18.5371780396, 2.60424470901, 6.407371521, 0.783627271652, 28.0315189362, 108.001075745, 54.4496765137, -3.99632096291, 11.4301996231, -4.11691808701, -24.2198448181], [-151.252929688, 21.9421749115, -16.1894741058, 35.5752487183, 0.513685107231, 5.82592487335, -3.62351059914, 54.4496765137, 112.119483948, 43.5763092041, 3.171189785, -12.4136257172, -22.1654224396], [154.152328491, -1.4153945446, -69.239074707, 18.9245300293, 10.4610309601, -20.1210269928, 7.69891405106, -3.99632096291, 43.5763092041, 96.9780426025, 23.6128959656, -36.8017501831, -28.8413848877], [-123.295341492, 16.44024086, -13.4893579483, 9.70466423035, 8.42038536072, 41.4620170593, 22.5542316437, 11.4301996231, 3.171189785, 23.6128959656, 78.8468017578, 50.5492286682, 10.1963310242], [-108.041046143, -31.9859466553, -53.757194519, 10.320110321, -23.3479633331, 50.9275245667, 43.6121940613, -4.11691808701, -12.4136257172, -36.8017501831, 50.5492286682, 149.567016602, 89.3437194824], [-211.045425415, -39.6451797485, -6.10599136353, -54.9712486267, -31.8121833801, 33.029045105, 1.10701882839, -24.2198448181, -22.1654224396, -28.8413848877, 10.1963310242, 89.3437194824, 139.797317505]],
        "icov": [[0.000927607936319, -0.000555052247364, 0.000272424687864, -0.000109316104499, -0.000929216505028, 0.00107514439151, 4.10110951634e-05, -0.00108175049536, 0.00348005490378, -0.00426503550261, 0.00431990157813, -0.00334199471399, 0.00205130013637], [-0.000555052247364, 0.0207317955792, -0.00920333061367, 0.00772240292281, -0.0154880899936, 0.00804534833878, -0.0176289584488, 0.0128495376557, -0.0196569580585, 0.0136206634343, -0.0147165358067, 0.00648124702275, 0.00124114262871], [0.000272424687864, -0.00920333061367, 0.00752229103819, -0.0045748478733, 0.00734497793019, -0.00695796357468, 0.0110521996394, -0.00803205836564, 0.010574365966, -0.00454159127548, 0.00632468005642, -0.000208577344893, -0.00142118055373], [-0.000109316104499, 0.00772240292281, -0.0045748478733, 0.00946225319058, -0.0110843777657, 0.00596195831895, -0.0111775295809, 0.00953934621066, -0.0123218651861, 0.00650438340381, -0.00530421268195, -0.00074925343506, 0.00361010595225], [-0.000929216505028, -0.0154880899936, 0.00734497793019, -0.0110843777657, 0.0243083592504, -0.01387512777, 0.0183558277786, -0.0140537554398, 0.0170500688255, -0.00917769409716, 0.00769243761897, 0.00123251357581, -0.00414208229631], [0.00107514439151, 0.00804534833878, -0.00695796357468, 0.00596195831895, -0.01387512777, 0.0177613459527, -0.0171489436179, 0.0128571474925, -0.0131357284263, 0.00746353436261, -0.00826798006892, -0.000549888296518, 0.00136619457044], [4.10110951634e-05, -0.0176289584488, 0.0110521996394, -0.0111775295809, 0.0183558277786, -0.0171489436179, 0.0356116481125, -0.0247629508376, 0.0295026954263, -0.0220065731555, 0.0202898904681, -0.0117710353807, 0.00098709797021], [-0.00108175049536, 0.0128495376557, -0.00803205836564, 0.00953934621066, -0.0140537554398, 0.0128571474925, -0.0247629508376, 0.0352749526501, -0.0360847860575, 0.029463281855, -0.0263118073344, 0.0138356341049, -0.00108313164674], [0.00348005490378, -0.0196569580585, 0.010574365966, -0.0123218651861, 0.0170500688255, -0.0131357284263, 0.0295026954263, -0.0360847860575, 0.0582742467523, -0.0480060912669, 0.0422691255808, -0.0258977897465, 0.0085976133123], [-0.00426503550261, 0.0136206634343, -0.00454159127548, 0.00650438340381, -0.00917769409716, 0.00746353436261, -0.0220065731555, 0.029463281855, -0.0480060912669, 0.0627888292074, -0.051690723747, 0.0384538285434, -0.0142529802397], [0.00431990157813, -0.0147165358067, 0.00632468005642, -0.00530421268195, 0.00769243761897, -0.00826798006892, 0.0202898904681, -0.0263118073344, 0.0422691255808, -0.051690723747, 0.0635742694139, -0.0409023314714, 0.0170646030456], [-0.00334199471399, 0.00648124702275, -0.000208577344893, -0.00074925343506, 0.00123251357581, -0.000549888296518, -0.0117710353807, 0.0138356341049, -0.0258977897465, 0.0384538285434, -0.0409023314714, 0.0440929494798, -0.0219794828445], [0.00205130013637, 0.00124114262871, -0.00142118055373, 0.00361010595225, -0.00414208229631, 0.00136619457044, 0.00098709797021, -0.00108313164674, 0.0085976133123, -0.0142529802397, 0.0170646030456, -0.0219794828445, 0.0217236261815]]
    },
    "melbands": {
        "dmean": [3.37353048963e-05, 8.59876090544e-05, 0.0002796179906, 0.000621083891019, 0.000464368931716, 0.000234501218074, 7.49850587454e-05, 7.65682270867e-05, 9.30275782594e-05, 2.72261368082e-05, 7.98241944722e-06, 1.55119887495e-05, 2.38304764935e-05, 5.66188145967e-06, 1.96525270439e-05, 7.32363105271e-06, 1.3077848962e-05, 2.07791126741e-05, 4.17367709815e-06, 1.89977572518e-06, 2.21763752961e-06, 3.30219518219e-06, 1.9109729692e-06, 7.33387707896e-07, 2.11456423926e-07, 2.33360779589e-07, 1.91317411691e-07, 5.13139966074e-08, 7.2673675966e-09, 1.2367181057e-08, 6.80044198731e-09, 1.14796649964e-09, 5.01110153373e-10, 2.24305865548e-10, 1.07037122221e-10, 9.37485991614e-11, 5.45052995793e-11, 4.20633285148e-11, 4.25500086554e-11, 3.30427907258e-11],
        "dmean2": [6.29399655736e-05, 0.000147383820149, 0.000449193583336, 0.00102097250056, 0.000801668618806, 0.000416866358137, 0.00010498220945, 0.000104249549622, 0.000131250853883, 3.77585020033e-05, 1.21898365251e-05, 2.19186804316e-05, 3.19612117892e-05, 8.71399424796e-06, 2.71362605417e-05, 1.00432789623e-05, 1.86538654816e-05, 2.95923146041e-05, 5.87205067859e-06, 3.09069991999e-06, 3.418698725e-06, 4.87941724714e-06, 2.74875469586e-06, 1.08921074116e-06, 3.4287305084e-07, 3.44058122437e-07, 2.75882655387e-07, 7.64920713436e-08, 1.10456790381e-08, 1.55958126413e-08, 8.62695248571e-09, 1.70656522247e-09, 7.52255036041e-10, 3.26998483846e-10, 1.41636674611e-10, 1.07614951672e-10, 6.51338219471e-11, 5.07183253728e-11, 5.01534751229e-11, 3.95277213738e-11],
        "dvar": [1.11129097036e-08, 7.12417929094e-08, 3.49261682686e-07, 1.52438940404e-06, 6.10203471751e-07, 3.23231887478e-07, 1.21006038967e-07, 3.30946683391e-08, 3.50065540999e-08, 2.57245380553e-09, 3.6942818249e-10, 2.47016807009e-09, 1.66667468715e-09, 1.17646781206e-10, 2.82535372875e-09, 8.11518907629e-10, 8.62120985712e-10, 3.29571525626e-09, 1.14348717994e-10, 2.90638346723e-11, 3.38958271173e-11, 1.03183794842e-10, 2.80644552736e-11, 5.36988205638e-12, 2.42944878624e-13, 1.13507543208e-12, 2.29472067433e-13, 3.43838557615e-14, 5.88946825726e-16, 1.38004357003e-15, 3.48724973162e-16, 1.4720387067e-17, 7.42294759066e-18, 4.05928463135e-18, 3.39551313521e-18, 6.71544098759e-18, 2.04269750049e-18, 1.17344213928e-18, 1.32630687424e-18, 7.56878997581e-19],
        "dvar2": [3.15822141772e-08, 1.72291166223e-07, 7.8705369333e-07, 3.17397621075e-06, 1.82045823749e-06, 1.12354678095e-06, 1.6281988735e-07, 5.70233318342e-08, 7.01801923242e-08, 4.39220837478e-09, 6.45631936802e-10, 3.99183353039e-09, 2.6384274765e-09, 2.63072535978e-10, 5.78224357284e-09, 1.74911873874e-09, 1.59936963673e-09, 5.27272758788e-09, 1.59325025395e-10, 7.80603082173e-11, 8.06037875334e-11, 1.99594729633e-10, 5.49959730534e-11, 1.08329543252e-11, 5.8173496402e-13, 1.98539774031e-12, 4.20048544558e-13, 7.21408474407e-14, 1.26111082687e-15, 2.42738720969e-15, 6.86754620118e-16, 2.50408763787e-17, 9.65077741802e-18, 4.26149637671e-18, 3.41927245074e-18, 6.72098020257e-18, 2.04468666306e-18, 1.17559456663e-18, 1.32811136875e-18, 7.58008461009e-19],
        "max": [0.00114859512541, 0.00537113845348, 0.00922569446266, 0.0205286964774, 0.0110659571365, 0.00707523198798, 0.0141717419028, 0.00412675272673, 0.00335154915228, 0.00103482219856, 0.000449295737781, 0.00160021847114, 0.00114843028132, 0.000160580326337, 0.000887915492058, 0.00063230615342, 0.000499640766066, 0.00113573449198, 0.000326219131239, 0.000102323996543, 0.000128437648527, 0.000198919282411, 0.000104948696389, 5.36700863449e-05, 9.42487440625e-06, 3.48354260495e-05, 8.50034575706e-06, 4.52020049124e-06, 7.21948936189e-07, 1.01572516087e-06, 4.51823524372e-07, 9.42169009477e-08, 8.36140330307e-08, 7.14179151373e-08, 6.61912267219e-08, 9.32359256467e-08, 5.1416058966e-08, 3.89433729708e-08, 4.1406870821e-08, 3.12764960597e-08],
        "mean": [2.20794863708e-05, 0.000243249960477, 0.000937210628763, 0.00241824821569, 0.00128427613527, 0.000538836757187, 0.000278890162008, 0.000276632403256, 0.000353182171239, 9.4115282991e-05, 2.15968684643e-05, 6.27255067229e-05, 0.000124274258269, 1.35955015139e-05, 5.75991361984e-05, 1.71976807906e-05, 3.34002252202e-05, 4.80323797092e-05, 1.21870461953e-05, 4.60505953015e-06, 5.59150930712e-06, 1.07600581032e-05, 5.33334832653e-06, 2.1398766421e-06, 4.70872691949e-07, 7.07387016519e-07, 5.89186299749e-07, 1.25851485677e-07, 1.73444210105e-08, 3.57261775719e-08, 1.76570544852e-08, 2.65514343845e-09, 9.71781544123e-10, 4.99386254571e-10, 1.74569816935e-10, 1.15069898055e-10, 6.3105055903e-11, 4.50354857573e-11, 4.28466498392e-11, 3.2326558097e-11],
        "median": [2.29734564527e-06, 1.0623025446e-05, 0.000336199795129, 0.000693496549502, 0.000834722188301, 0.000256187369814, 1.50924961417e-05, 9.29336147237e-06, 0.000110170185508, 4.69082879135e-05, 5.82925304116e-06, 2.61679069808e-05, 6.31714792689e-05, 4.92531444252e-06, 1.2012436855e-05, 3.1826052691e-06, 8.17555155663e-06, 1.05997787614e-05, 3.93287427869e-06, 1.02097021681e-06, 2.30007094615e-06, 2.73711339105e-06, 1.46059096551e-06, 2.73893988378e-07, 1.88822681935e-07, 1.97455349848e-07, 1.67379027971e-07, 1.35147431024e-08, 4.71602445984e-09, 9.51797662907e-09, 4.90318496915e-09, 6.75832056984e-10, 1.80201673028e-10, 1.5751307203e-10, 5.83747425398e-11, 2.47983404644e-11, 1.44605829047e-11, 8.94798211221e-12, 5.03298184379e-12, 3.1495307664e-12],
