{
"highlevel": {
    "danceability": {
        "all": {
            "danceable": 0.961064636707,
            "not_danceable": 0.0389353521168
        },
        "probability": 0.961064636707,
        "value": "danceable"
    },
    "gender": {
        "all": {
            "female": 0.0408694371581,
            "male": 0.959130585194
        },
        "probability": 0.959130585194,
        "value": "male"
    },
    "genre_dortmund": {
        "all": {
            "alternative": 0.0524826794863,
            "blues": 0.0421959459782,
            "electronic": 0.0300683453679,
            "folkcountry": 0.172277152538,
            "funksoulrnb": 0.0295939389616,
            "jazz": 0.0938061177731,
            "pop": 0.134826481342,
            "raphiphop": 0.0222156252712,
            "rock": 0.422533720732
        },
        "probability": 0.422533720732,
        "value": "rock"
    },
    "genre_electronic": {
        "all": {
            "ambient": 0.209634065628,
            "dnb": 0.313971370459,
            "house": 0.190336287022,
            "techno": 0.0126232532784,
            "trance": 0.273434996605
        },
        "probability": 0.313971370459,
        "value": "dnb"
    },
    "genre_rosamerica": {
        "all": {
            "cla": 0.00493713840842,
            "dan": 0.260834723711,
            "hip": 0.135909229517,
            "jaz": 0.015379531309,
            "pop": 0.374882727861,
            "rhy": 0.133105427027,
            "roc": 0.0714090690017,
            "spe": 0.00354214501567
        },
        "probability": 0.374882727861,
        "value": "pop"
    },
    "genre_tzanetakis": {
        "all": {
            "blu": 0.0626613423228,
            "cla": 0.0348169617355,
            "cou": 0.104475811124,
            "dis": 0.0784321576357,
            "hip": 0.15692435205,
            "jaz": 0.313974827528,
            "met": 0.0448166541755,
            "pop": 0.0627359300852,
            "reg": 0.0627360641956,
            "roc": 0.0784258767962
        },
        "probability": 0.313974827528,
        "value": "jaz"
    },
    "ismir04_rhythm": {
        "all": {
            "ChaChaCha": 0.0257981792092,
            "Jive": 0.393135428429,
            "Quickstep": 0.0416264943779,
            "Rumba-American": 0.00997527781874,
            "Rumba-International": 0.127022013068,
            "Rumba-Misc": 0.00992947816849,
            "Samba": 0.359474182129,
            "Tango": 0.00299864518456,
            "VienneseWaltz": 0.0150022171438,
            "Waltz": 0.0150380833074
        },
        "probability": 0.393135428429,
        "value": "Jive"
    },
    "mood_acoustic": {
        "all": {
            "acoustic": 0.178317651153,
            "not_acoustic": 0.821682333946
        },
        "probability": 0.821682333946,
        "value": "not_acoustic"
    },
    "mood_aggressive": {
        "all": {
            "aggressive": 0.158390253782,
            "not_aggressive": 0.84160977602
        },
        "probability": 0.84160977602,
        "value": "not_aggressive"
    },
    "mood_electronic": {
        "all": {
            "electronic": 0.563734948635,
            "not_electronic": 0.436265051365
        },
        "probability": 0.563734948635,
        "value": "electronic"
    },
    "mood_happy": {
        "all": {
            "happy": 0.920032560825,
            "not_happy": 0.079967468977
        },
        "probability": 0.920032560825,
        "value": "happy"
    },
    "mood_party": {
        "all": {
            "not_party": 0.421548068523,
            "party": 0.578451931477
        },
        "probability": 0.578451931477,
        "value": "party"
    },
    "mood_relaxed": {
        "all": {
            "not_relaxed": 0.857126057148,
            "relaxed": 0.142873957753
        },
        "probability": 0.857126057148,
        "value": "not_relaxed"
    },
    "mood_sad": {
        "all": {
            "not_sad": 0.749909460545,
            "sad": 0.250090539455
        },
        "probability": 0.749909460545,
        "value": "not_sad"
    },
    "moods_mirex": {
        "all": {
            "Cluster1": 0.393145173788,
            "Cluster2": 0.264249324799,
            "Cluster3": 0.235130265355,
            "Cluster4": 0.0869444683194,
            "Cluster5": 0.0205307733268
        },
        "probability": 0.393145173788,
        "value": "Cluster1"
    },
    "timbre": {
        "all": {
            "bright": 0.98968744278,
            "dark": 0.0103125534952
        },
        "probability": 0.98968744278,
        "value": "bright"
    },
    "tonal_atonal": {
        "all": {
            "atonal": 0.00355049059726,
            "tonal": 0.996449530125
        },
        "probability": 0.996449530125,
        "value": "tonal"
    },
    "voice_instrumental": {
        "all": {
            "instrumental": 0.000299215113046,
            "voice": 0.999700784683
        },
        "probability": 0.999700784683,
        "value": "voice"
    }
},
"lowlevel": {
    "average_loudness": 0.958133876324,
    "barkbands_crest": {
        "dmean": 2.82266187668,
        "dmean2": 4.49728441238,
        "dvar": 6.62288761139,
        "dvar2": 16.8177127838,
        "max": 26.2367725372,
        "mean": 10.409163475,
        "median": 9.42569541931,
        "min": 2.61611366272,
        "var": 19.8418540955
    },
    "barkbands_flatness_db": {
        "dmean": 0.0272251218557,
        "dmean2": 0.0402962006629,
        "dvar": 0.000625461223535,
        "dvar2": 0.00140251708217,
        "max": 0.395395427942,
        "mean": 0.140777766705,
        "median": 0.133403286338,
        "min": 0.0395543426275,
        "var": 0.00271018734202
    },
    "barkbands_kurtosis": {
        "dmean": 4.83608150482,
        "dmean2": 7.59913492203,
        "dvar": 253.146713257,
        "dvar2": 592.750610352,
        "max": 284.75869751,
        "mean": 6.00114107132,
        "median": 1.89659261703,
        "min": -1.85665810108,
        "var": 354.095306396
    },
    "barkbands_skewness": {
        "dmean": 0.671501219273,
        "dmean2": 1.02629840374,
        "dvar": 0.738472938538,
        "dvar2": 1.5740044117,
        "max": 15.320889473,
        "mean": 1.77000331879,
        "median": 1.45394265652,
        "min": -1.1201723814,
        "var": 2.27480983734
    },
    "barkbands_spread": {
        "dmean": 8.92099285126,
        "dmean2": 13.2684831619,
        "dvar": 91.6875991821,
        "dvar2": 217.886795044,
        "max": 98.7556838989,
        "mean": 26.8928451538,
        "median": 24.161277771,
        "min": 0.738533675671,
        "var": 271.986846924
    },
    "dissonance": {
        "dmean": 0.0196904540062,
        "dmean2": 0.0314610488713,
        "dvar": 0.000376026175218,
        "dvar2": 0.000909381720703,
        "max": 0.499217033386,
        "mean": 0.458758920431,
        "median": 0.465985894203,
        "min": 0.288761258125,
        "var": 0.000886814435944
    },
    "dynamic_complexity": 2.71327018738,
    "erbbands_crest": {
        "dmean": 2.73388314247,
        "dmean2": 4.34246873856,
        "dvar": 7.34608650208,
        "dvar2": 16.8523712158,
        "max": 25.8582820892,
        "mean": 8.5895690918,
        "median": 7.55054140091,
        "min": 2.353764534,
        "var": 21.247625351
    },
    "erbbands_flatness_db": {
        "dmean": 0.0182533487678,
        "dmean2": 0.0252021625638,
        "dvar": 0.000290444790153,
        "dvar2": 0.000515937106684,
        "max": 0.268232792616,
        "mean": 0.138122960925,
        "median": 0.134982600808,
        "min": 0.067305251956,
        "var": 0.00174796034116
    },
    "erbbands_kurtosis": {
        "dmean": 0.978699982166,
        "dmean2": 1.46351110935,
        "dvar": 1.66962146759,
        "dvar2": 3.68462920189,
        "max": 15.264169693,
        "mean": 0.480998754501,
        "median": -0.29562497139,
        "min": -1.60446810722,
        "var": 4.66398763657
    },
    "erbbands_skewness": {
        "dmean": 0.382170468569,
        "dmean2": 0.575539529324,
        "dvar": 0.119939528406,
        "dvar2": 0.254113972187,
        "max": 3.31692790985,
        "mean": 0.433020591736,
        "median": 0.355478584766,
        "min": -2.25572896004,
        "var": 0.589376151562
    },
    "erbbands_spread": {
        "dmean": 10.7352905273,
        "dmean2": 15.375125885,
        "dvar": 89.4662322998,
        "dvar2": 196.783737183,
        "max": 103.961776733,
        "mean": 47.0470581055,
        "median": 44.9124526978,
        "min": 6.84031629562,
        "var": 436.182342529
    },
    "hfc": {
        "dmean": 12.4199800491,
        "dmean2": 17.3003807068,
        "dvar": 241.211975098,
        "dvar2": 561.626220703,
        "max": 130.087677002,
        "mean": 28.0549354553,
        "median": 23.2019939423,
        "min": 0.358696341515,
        "var": 546.718994141
    },
    "melbands_crest": {
        "dmean": 3.39020633698,
        "dmean2": 5.52902841568,
        "dvar": 9.96760082245,
        "dvar2": 25.6317920685,
        "max": 32.5985565186,
        "mean": 15.0561561584,
        "median": 14.080704689,
        "min": 4.19295406342,
        "var": 29.2152843475
    },
    "melbands_flatness_db": {
        "dmean": 0.0339987315238,
        "dmean2": 0.0487744808197,
        "dvar": 0.000980276730843,
        "dvar2": 0.00225511775352,
        "max": 0.485608935356,
        "mean": 0.188524782658,
        "median": 0.178738102317,
        "min": 0.05176236853,
        "var": 0.00464518275112
    },
    "melbands_kurtosis": {
        "dmean": 10.202507019,
        "dmean2": 15.9299707413,
        "dvar": 470.16494751,
        "dvar2": 963.248840332,
        "max": 412.76373291,
        "mean": 18.6740341187,
        "median": 9.81504058838,
        "min": -0.969975948334,
        "var": 1083.90856934
    },
    "melbands_skewness": {
        "dmean": 0.877694547176,
        "dmean2": 1.34410178661,
        "dvar": 0.865588665009,
        "dvar2": 1.86769545078,
        "max": 14.5029430389,
        "mean": 3.08479118347,
        "median": 2.6922519207,
        "min": -0.547965586185,
        "var": 3.77294850349
    },
    "melbands_spread": {
        "dmean": 8.89830780029,
        "dmean2": 13.8373804092,
        "dvar": 101.776390076,
        "dvar2": 247.29083252,
        "max": 163.825698853,
        "mean": 23.7284469604,
        "median": 21.5216236115,
        "min": 0.551253974438,
        "var": 257.74118042
    },
    "pitch_salience": {
        "dmean": 0.0766092687845,
        "dmean2": 0.123723216355,
        "dvar": 0.00521822227165,
        "dvar2": 0.0126781314611,
        "max": 0.816676914692,
        "mean": 0.522957742214,
        "median": 0.525839030743,
        "min": 0.0732381045818,
        "var": 0.0133475167677
    },
    "silence_rate_20dB": {
        "dmean": 0,
        "dmean2": 0,
        "dvar": 0,
        "dvar2": 0,
        "max": 1,
        "mean": 1,
        "median": 1,
        "min": 1,
        "var": 0
    },
    "silence_rate_30dB": {
        "dmean": 0,
        "dmean2": 0,
        "dvar": 0,
        "dvar2": 0,
        "max": 1,
        "mean": 1,
        "median": 1,
        "min": 1,
        "var": 0
    },
    "silence_rate_60dB": {
        "dmean": 0.0061919502914,
        "dmean2": 0.0123934932053,
        "dvar": 0.00615359377116,
        "dvar2": 0.0122398892418,
        "max": 1,
        "mean": 0.0340293906629,
        "median": 0,
        "min": 0,
        "var": 0.0328715592623
    },
    "spectral_centroid": {
        "dmean": 350.272399902,
        "dmean2": 528.713989258,
        "dvar": 127579.765625,
        "dvar2": 306676.1875,
        "max": 4007.67626953,
        "mean": 1389.33544922,
        "median": 1353.25219727,
        "min": 300.788879395,
        "var": 354555.65625
    },
    "spectral_complexity": {
        "dmean": 5.86996889114,
        "dmean2": 8.00232410431,
        "dvar": 40.4597930908,
        "dvar2": 71.2370452881,
        "max": 54,
        "mean": 20.1059551239,
        "median": 18,
        "min": 1,
        "var": 116.486076355
    },
    "spectral_decrease": {
        "dmean": 2.69203348502e-09,
        "dmean2": 4.13588985282e-09,
        "dvar": 1.11495054381e-17,
        "dvar2": 2.67033158497e-17,
        "max": -2.11476725021e-10,
        "mean": -7.8437452089e-09,
        "median": -6.55647403036e-09,
        "min": -2.79440701689e-08,
        "var": 2.66889692291e-17
    },
    "spectral_energy": {
        "dmean": 0.0109219131991,
        "dmean2": 0.0165056698024,
        "dvar": 0.000171186664375,
        "dvar2": 0.000398650328862,
        "max": 0.11043831706,
        "mean": 0.032148770988,
        "median": 0.0269281715155,
        "min": 0.000852354918607,
        "var": 0.000437337293988
    },
    "spectral_energyband_high": {
        "dmean": 0.00118645769544,
        "dmean2": 0.00175721291453,
        "dvar": 3.04109084936e-06,
        "dvar2": 7.43563623473e-06,
        "max": 0.0142468353733,
        "mean": 0.00175141601358,
        "median": 0.000966269697528,
        "min": 7.56495524001e-07,
        "var": 4.41834617959e-06
    },
    "spectral_energyband_low": {
        "dmean": 0.00645138509572,
        "dmean2": 0.0107597820461,
        "dvar": 0.000108317661216,
        "dvar2": 0.000284574663965,
        "max": 0.0847468748689,
        "mean": 0.0134140793234,
        "median": 0.0097219273448,
        "min": 1.0596503671e-05,
        "var": 0.000180106027983
    },
    "spectral_energyband_middle_high": {
        "dmean": 0.00269829225726,
        "dmean2": 0.00386772118509,
        "dvar": 1.29266663862e-05,
        "dvar2": 2.65188118647e-05,
        "max": 0.0455105863512,
        "mean": 0.00655702641234,
        "median": 0.00369665562175,
        "min": 5.24711576873e-05,
        "var": 5.65777227166e-05
    },
    "spectral_energyband_middle_low": {
        "dmean": 0.00585068948567,
        "dmean2": 0.0090750111267,
        "dvar": 7.37892987672e-05,
        "dvar2": 0.000180650269613,
        "max": 0.0775498524308,
        "mean": 0.0120112393051,
        "median": 0.00863609369844,
        "min": 0.000148120292579,
        "var": 0.000117244722787
    },
    "spectral_entropy": {
        "dmean": 0.210703238845,
        "dmean2": 0.290595978498,
        "dvar": 0.0386494845152,
        "dvar2": 0.0835067778826,
        "max": 8.61523723602,
        "mean": 7.72301864624,
        "median": 7.74293804169,
        "min": 6.19221305847,
        "var": 0.167995482683
    },
    "spectral_flux": {
        "dmean": 0.0285273268819,
        "dmean2": 0.0413546599448,
        "dvar": 0.00084841507487,
        "dvar2": 0.00151770364027,
        "max": 0.292389661074,
        "mean": 0.093625292182,
        "median": 0.0854628756642,
        "min": 0.00540659576654,
        "var": 0.00253565283492
    },
    "spectral_kurtosis": {
        "dmean": 1.13176572323,
        "dmean2": 1.81141757965,
        "dvar": 1.98734152317,
        "dvar2": 5.28615856171,
        "max": 18.926700592,
        "mean": 2.58707618713,
        "median": 2.08797740936,
        "min": -0.739769697189,
        "var": 4.271007061
    },
    "spectral_rms": {
        "dmean": 0.000911837385502,
        "dmean2": 0.00133331760298,
        "dvar": 9.08476806671e-07,
        "dvar2": 2.00971271624e-06,
        "max": 0.0103800147772,
        "mean": 0.00528456596658,
        "median": 0.00512556219473,
        "min": 0.000911902287044,
        "var": 3.43801616509e-06
    },
    "spectral_rolloff": {
        "dmean": 842.429077148,
        "dmean2": 1442.87524414,
        "dvar": 1625976.125,
        "dvar2": 4063758.25,
        "max": 10874.2675781,
        "mean": 1594.98840332,
        "median": 1055.12695312,
        "min": 64.599609375,
        "var": 2671910.5
    },
    "spectral_skewness": {
        "dmean": 0.219183251262,
        "dmean2": 0.321717917919,
        "dvar": 0.0433384291828,
        "dvar2": 0.0960819795728,
        "max": 3.34686470032,
        "mean": 1.30785644054,
        "median": 1.27196669579,
        "min": 0.248020753264,
        "var": 0.16075772047
    },
    "spectral_spread": {
        "dmean": 677431.3125,
        "dmean2": 987475.5,
        "dvar": 493528088576,
        "dvar2": 1.05844631142e+12,
        "max": 12058749,
        "mean": 5438877.5,
        "median": 5318105.5,
        "min": 2164905.5,
        "var": 1.77759348326e+12
    },
    "spectral_strongpeak": {
        "dmean": 0.595047354698,
        "dmean2": 1.00802671909,
        "dvar": 1.22493934631,
        "dvar2": 3.15232014656,
        "max": 9.08093643188,
        "mean": 0.946754693985,
        "median": 0.381370514631,
        "min": 0,
        "var": 1.73006165028
    },
    "zerocrossingrate": {
        "dmean": 0.0145271234214,
        "dmean2": 0.016636358574,
        "dvar": 0.000185893964954,
        "dvar2": 0.000228758450248,
        "max": 0.3076171875,
        "mean": 0.0676169469953,
        "median": 0.0634765625,
        "min": 0.00244140625,
        "var": 0.00133849924896
    },
    "barkbands": {
        "dmean": [7.07199360477e-05, 0.00444478355348, 0.00241912971251, 0.00214977096766, 0.00184436992276, 0.000952089263592, 0.000738607719541, 0.0016136309132, 0.00107686978299, 0.000988104729913, 0.000688042666297, 0.000621320854407, 0.000487143319333, 0.000448559381766, 0.000483498210087, 0.000317931786412, 0.000174830507603, 0.000180669710971, 0.000196212189621, 0.000219648427446, 0.000278272782452, 0.000262038724031, 0.000230680496315, 0.000225820505875, 0.000137951923534, 5.36241932423e-05, 8.20709757932e-08],
        "dmean2": [8.07849428384e-05, 0.00720841344446, 0.0041851112619, 0.00375984399579, 0.00311642559245, 0.00157713191584, 0.0011637340067, 0.00241587753408, 0.00162095820997, 0.00154660886619, 0.00102847069502, 0.000955754716415, 0.000716760288924, 0.000727971666493, 0.000746113131754, 0.000503690389451, 0.000263536931016, 0.000279970583506, 0.000297285732813, 0.000335548073053, 0.000440901523689, 0.000393046095269, 0.000346008717315, 0.000346979446476, 0.000222465823754, 8.56673068483e-05, 1.42565141914e-07],
        "dvar": [1.59034936331e-08, 6.28474226687e-05, 3.8521237002e-05, 2.61415898422e-05, 1.11740064312e-05, 1.93189453057e-06, 1.97733629648e-06, 1.09683687697e-05, 6.30382191957e-06, 5.61189744985e-06, 2.09657446248e-06, 2.61873015006e-06, 1.45811486618e-06, 1.31305932882e-06, 1.58938564709e-06, 5.44720421658e-07, 7.44008090692e-08, 7.16538366419e-08, 7.88407490404e-08, 9.30473760263e-08, 2.33689135598e-07, 1.07036150609e-07, 1.11152068882e-07, 1.23503653526e-07, 5.60346720135e-08, 9.63794999365e-09, 8.62857758876e-14],
        "dvar2": [2.11316866228e-08, 0.000179984534043, 0.000104110855318, 7.01496464899e-05, 3.00020601571e-05, 4.83152916786e-06, 4.0666136556e-06, 2.3713486371e-05, 1.3223067981e-05, 1.27912908283e-05, 3.87598720408e-06, 5.73668785364e-06, 3.22778691952e-06, 3.38515451404e-06, 3.46684100805e-06, 1.19180401725e-06, 1.61196169302e-07, 1.63519530361e-07, 1.76324221002e-07, 2.19047876726e-07, 5.86948658565e-07, 2.49356105542e-07, 2.730367612e-07, 2.9861567441e-07, 1.44750543996e-07, 2.20930758132e-08, 2.25231956024e-13],
        "max": [0.00177443516441, 0.0591921135783, 0.0580696500838, 0.0503690466285, 0.0332264751196, 0.0163601972163, 0.0317890234292, 0.0384262129664, 0.0375935547054, 0.0346031710505, 0.0244697090238, 0.0201791040599, 0.0233161170036, 0.0233780927956, 0.0199652146548, 0.0129329999909, 0.00489284424111, 0.0031986029353, 0.00347416521981, 0.00302205840126, 0.00326760741882, 0.00417286204174, 0.00268424139358, 0.00398742547259, 0.00184231775347, 0.000774618180003, 3.84499207939e-06],
        "mean": [0.00014334214211, 0.00831940490752, 0.00357131310739, 0.00220757955685, 0.00241610221565, 0.00156264088582, 0.00112212926615, 0.00279000028968, 0.00154015095904, 0.00146277982276, 0.00107038661372, 0.000863529683556, 0.000608934496995, 0.000555868376978, 0.000654186995234, 0.000440889940364, 0.000300858373521, 0.000272609846434, 0.000318128295476, 0.000320550578181, 0.000307763635647, 0.000435326044681, 0.0003328085877, 0.000310304429149, 0.000159944174811, 6.11750074313e-05, 5.68961091574e-08],
        "median": [1.50270634549e-05, 0.00525242928416, 0.00217240164056, 0.000931917224079, 0.00144129712135, 0.00101600657217, 0.000527703203261, 0.000525073031895, 0.000372385547962, 0.000467619800474, 0.000309585302602, 0.000206962795346, 0.000194294640096, 0.000204523079447, 0.000151059153723, 0.000151355663547, 0.000169462524354, 0.00014018912043, 0.000160335373948, 0.000175998706254, 9.59420140134e-05, 0.000278256600723, 0.000182707619388, 0.00013766635675, 4.92673098051e-05, 1.23549471027e-05, 7.04485303427e-10],
        "min": [4.4547693534e-08, 3.19933701576e-06, 1.66852089478e-06, 9.9757062344e-07, 1.31246069941e-05, 7.79944639362e-06, 2.77045683106e-06, 4.4707867346e-06, 7.51385982767e-07, 2.12420127355e-06, 1.93946948457e-06, 1.50808045873e-06, 2.24659197556e-06, 1.35080040309e-06, 1.14719526323e-07, 7.3964727676e-08, 1.72994845116e-07, 1.50160573753e-07, 2.03610241556e-07, 1.56559678999e-07, 6.44200000011e-08, 2.39947922864e-07, 7.7769634288e-08, 5.28970467428e-08, 1.0806551487e-10, 5.76806701361e-12, 5.10818731064e-12],
        "var": [7.28731990307e-08, 0.000106585110188, 3.05580215354e-05, 2.00779395527e-05, 1.06030929601e-05, 3.09206075144e-06, 3.9297647163e-06, 2.79314408544e-05, 1.14366985144e-05, 1.05798189907e-05, 5.65803384234e-06, 5.0737858146e-06, 2.04232719625e-06, 1.39822100209e-06, 2.86103113467e-06, 8.39326730784e-07, 1.54183254608e-07, 1.26224861674e-07, 1.52270629883e-07, 1.52977065682e-07, 2.42044421839e-07, 2.35666789195e-07, 1.72637030005e-07, 1.79644828791e-07, 6.39112158751e-08, 1.17121130572e-08, 6.18432239555e-14]
    },
    "erbbands": {
        "dmean": [0.124975211918, 1.03239560127, 2.26283788681, 5.84584331512, 5.18070650101, 7.04659318924, 9.49715423584, 6.3163356781, 10.0750865936, 17.5414943695, 37.4470100403, 26.115354538, 19.559545517, 35.1466941833, 23.1044445038, 27.3073234558, 20.8005237579, 25.1855792999, 26.1172084808, 15.7677879333, 12.939825058, 9.78323173523, 10.6621780396, 7.2824344635, 11.4098997116, 9.91223049164, 10.2519264221, 11.3567371368, 9.88729095459, 7.66239070892, 6.6051363945, 5.5053563118, 3.46810555458, 1.8563657999, 0.740556538105, 0.317978560925, 0.0896944254637, 0.00727393478155, 0.000151793210534, 2.09009249375e-05],
        "dmean2": [0.186185672879, 1.70706307888, 3.8044064045, 10.2206373215, 8.84441375732, 11.9595384598, 15.4608335495, 10.4050750732, 15.941151619, 25.8979988098, 54.9844779968, 38.8581962585, 29.2978096008, 55.7345428467, 34.5602836609, 41.9962043762, 30.8262844086, 39.7711601257, 38.7307548523, 24.5222988129, 20.3820705414, 14.5053539276, 16.473400116, 10.9298028946, 17.3636569977, 14.9159994125, 15.9248504639, 17.9880409241, 14.7731304169, 11.3417720795, 10.0975818634, 8.53258705139, 5.44060230255, 3.0053653717, 1.18506479263, 0.513417601585, 0.142182812095, 0.0117872301489, 0.000240401626797, 3.06242363877e-05],
        "dvar": [0.0549400784075, 3.34134221077, 27.9875583649, 171.91255188, 138.863891602, 162.19241333, 245.610031128, 96.567527771, 254.671340942, 1688.7902832, 6145.81054688, 3889.14599609, 1578.4486084, 7620.94482422, 2387.33007812, 5298.57177734, 2736.7121582, 4492.45703125, 5116.09082031, 1075.19897461, 612.534729004, 231.34185791, 270.493530273, 104.254013062, 270.822143555, 194.135574341, 317.139221191, 353.110015869, 157.042037964, 95.4100112915, 97.8630447388, 74.705947876, 30.6271190643, 10.3636808395, 1.52141988277, 0.325210154057, 0.0280555132776, 0.00023079715902, 8.65262279603e-08, 6.7578265206e-10],
        "dvar2": [0.127086728811, 10.0564336777, 72.380317688, 466.43170166, 373.87008667, 434.920654297, 573.094909668, 238.765518188, 602.224487305, 3457.09301758, 12936.8740234, 8176.70263672, 3189.63769531, 17174.1542969, 4793.91503906, 11663.9863281, 6243.44775391, 11383.5263672, 10720.8310547, 2531.87768555, 1330.70874023, 496.904907227, 627.616088867, 239.736785889, 621.63659668, 459.062347412, 796.73651123, 890.481201172, 360.930847168, 232.956726074, 240.590698242, 183.086578369, 75.3676071167, 26.8683185577, 3.84243988991, 0.786155581474, 0.0635274872184, 0.000517676235177, 1.93334642518e-07, 1.45216672021e-09],
        "max": [2.12711238861, 14.0001926422, 53.2056655884, 109.79825592, 122.036933899, 116.316093445, 250.425811768, 176.019378662, 209.76499939, 555.702758789, 1088.22790527, 1068.41125488, 636.243164062, 1516.05969238, 866.247436523, 1029.94873047, 1140.5098877, 1381.35681152, 1289.99987793, 416.064147949, 431.544311523, 253.068435669, 215.369934082, 114.858016968, 217.147018433, 136.172424316, 154.301879883, 138.208770752, 159.877532959, 91.1065597534, 87.3369140625, 95.7671737671, 51.7782058716, 25.2434577942, 10.0231437683, 5.025847435, 1.43415021896, 0.13637419045, 0.00228296010755, 0.000218146509724],
        "mean": [0.23495362699, 1.86994576454, 4.08110380173, 6.56695222855, 5.88754081726, 8.86647129059, 13.9019069672, 10.7253761292, 15.6151361465, 30.3800487518, 64.3031463623, 39.0973739624, 33.0978507996, 51.4212532043, 39.6458969116, 39.8633460999, 28.4537506104, 33.0730438232, 37.5423736572, 24.9746627808, 20.2476463318, 16.8670196533, 16.8902893066, 11.9125804901, 18.9681472778, 14.3474473953, 11.6530895233, 13.2532339096, 15.7487859726, 12.8090639114, 9.22222137451, 7.43414449692, 4.49690008163, 2.17345666885, 0.888662934303, 0.359559774399, 0.100229345262, 0.00741667579859, 0.000178423215402, 5.03298469994e-05],
        "median": [0.0759937912226, 1.28718364239, 2.64118790627, 3.40217494965, 2.6424510479, 4.83251285553, 7.86249876022, 6.77344655991, 8.36559963226, 8.37209033966, 13.866528511, 10.7187004089, 13.425239563, 12.7817258835, 10.9720211029, 9.84694290161, 9.34552574158, 13.340681076, 8.66373348236, 9.56024074554, 9.02666568756, 9.73703098297, 9.14262866974, 7.02926778793, 9.97259998322, 7.95653486252, 4.00638389587, 4.79032611847, 9.82682037354, 8.26145935059, 4.81356906891, 3.49945020676, 1.59101259708, 0.664257347584, 0.276535779238, 0.0853472277522, 0.0173828508705, 0.000883832108229, 4.81308379676e-05, 4.08257510571e-05],
        "min": [7.44925491745e-05, 0.000766470213421, 0.00367305707186, 0.00484493980184, 0.017248397693, 0.0521743521094, 0.0274023786187, 0.0456663966179, 0.0670224875212, 0.0885607004166, 0.10747154057, 0.0318827703595, 0.128014236689, 0.108547836542, 0.126528084278, 0.0677771493793, 0.115560680628, 0.100763790309, 0.0174432396889, 0.00748658971861, 0.00606512092054, 0.0120800407603, 0.0115209436044, 0.00767090218142, 0.0125380903482, 0.0079384278506, 0.00380153441802, 0.00350590888411, 0.006867735181, 0.00695206364617, 0.00197586347349, 0.000548560870811, 0.000357410492143, 6.18347039563e-05, 7.88499255577e-06, 1.11960980576e-06, 4.40652115685e-07, 8.23168804231e-08, 5.02829436755e-07, 1.16279159101e-06],
        "var": [0.145094573498, 4.55682134628, 26.9707164764, 130.999649048, 112.485351562, 154.780654907, 370.801391602, 151.060028076, 434.325164795, 4093.27734375, 15882.0107422, 7247.51904297, 3407.64233398, 16576.2871094, 7341.26660156, 10699.1933594, 3807.23388672, 4974.484375, 11290.0869141, 1892.44006348, 1072.96350098, 476.373321533, 487.305786133, 183.846908569, 527.788879395, 309.610839844, 335.379425049, 395.00994873, 328.850341797, 204.877365112, 140.084152222, 103.676864624, 42.310634613, 11.6272125244, 1.92421293259, 0.391329228878, 0.033625125885, 0.000250837445492, 9.9395521147e-08, 1.38443245756e-09]
    },
    "gfcc": {
        "mean": [21.9694633484, 85.8812561035, -110.84941864, 43.4165039062, -69.9750061035, 28.3788490295, -36.901927948, 11.9063482285, -19.3144264221, 2.44919991493, -13.7955350876, -0.253888040781, -11.3371706009],
        "cov": [[4901.58007812, -1642.23376465, -148.304244995, 4.00653266907, -105.483016968, 197.026290894, -185.859664917, 292.502258301, -227.260955811, 263.090087891, -457.327697754, 114.669662476, -271.841522217], [-1642.23376465, 1252.83447266, -138.422943115, -2.66133546829, 201.564758301, -23.2916927338, 287.546936035, -95.3632049561, 226.181594849, -191.665664673, 256.89263916, -131.169494629, 129.211959839], [-148.304244995, -138.422943115, 475.710632324, 151.999908447, 123.888809204, 14.1801109314, -66.6629867554, 15.3860034943, -89.8865356445, 54.3613471985, -82.70677948, 66.5211105347, -17.9450683594], [4.00653266907, -2.66133546829, 151.999908447, 393.157653809, 171.186187744, -11.9873170853, -19.0389995575, 30.775384903, 68.0613632202, -7.20935773849, -21.2514629364, -1.26928555965, 44.4014205933], [-105.483016968, 201.564758301, 123.888809204, 171.186187744, 365.140777588, 67.0768890381, 76.2811431885, 53.6337432861, 90.8109283447, 20.0901126862, -7.52391433716, 2.50481772423, 31.8262195587], [197.026290894, -23.2916927338, 14.1801109314, -11.9873170853, 67.0768890381, 159.638015747, 85.3652191162, 29.2291927338, 8.53387832642, 10.5817232132, 8.91771888733, -3.63143539429, -6.00915527344], [-185.859664917, 287.546936035, -66.6629867554, -19.0389995575, 76.2811431885, 85.3652191162, 247.4009552, 30.4521369934, 61.0789794922, -48.9055595398, 72.3478775024, -47.506565094, 16.3550949097], [292.502258301, -95.3632049561, 15.3860034943, 30.775384903, 53.6337432861, 29.2291927338, 30.4521369934, 124.730613708, 47.9740982056, 40.8795928955, -42.5372619629, 3.86224150658, -8.79778385162], [-227.260955811, 226.181594849, -89.8865356445, 68.0613632202, 90.8109283447, 8.53387832642, 61.0789794922, 47.9740982056, 211.839706421, 1.93104541302, 41.2066268921, -49.8080558777, 35.1744194031], [263.090087891, -191.665664673, 54.3613471985, -7.20935773849, 20.0901126862, 10.5817232132, -48.9055595398, 40.8795928955, 1.93104541302, 110.690681458, -38.3474807739, 22.8022346497, -29.355556488], [-457.327697754, 256.89263916, -82.70677948, -21.2514629364, -7.52391433716, 8.91771888733, 72.3478775024, -42.5372619629, 41.2066268921, -38.3474807739, 143.709213257, -1.33490049839, 36.1783676147], [114.669662476, -131.169494629, 66.5211105347, -1.26928555965, 2.50481772423, -3.63143539429, -47.506565094, 3.86224150658, -49.8080558777, 22.8022346497, -1.33490049839, 110.429000854, 2.79628229141], [-271.841522217, 129.211959839, -17.9450683594, 44.4014205933, 31.8262195587, -6.00915527344, 16.3550949097, -8.79778385162, 35.1744194031, -29.355556488, 36.1783676147, 2.79628229141, 85.8269577026]],
        "icov": [[0.000660255667754, 0.000266623683274, 0.00105370208621, -0.000566290866118, 3.06979309244e-05, -0.0008109928458, -0.000122660101624, -0.000593286473304, 0.000610929972026, -0.00048618146684, 0.00150460214354, -0.000702489400283, 0.00106950104237], [0.000266623683274, 0.00470262998715, -0.00113555463031, 0.00210003042594, -0.00298469769768, 0.00284512806684, -0.00220178160816, 0.00170088955201, -0.00277302437462, 0.00448524067178, -0.00427949195728, 0.00297558074817, -0.00128170684911], [0.00105370208621, -0.00113555463031, 0.00580765819177, -0.00299740605988, 5.77605969738e-05, -0.00250995904207, 0.000456714478787, -0.00108643562999, 0.00375981559046, -0.00357408751734, 0.00517627364025, -0.00339425075799, 0.00258170347661], [-0.000566290866118, 0.00210003042594, -0.00299740605988, 0.00581478327513, -0.00295810750686, 0.00282276258804, 9.92658679024e-05, 0.000684487866238, -0.00315117789432, 0.00425140745938, -0.00377904181369, 0.00286470144056, -0.00299911713228], [3.06979309244e-05, -0.00298469769768, 5.77605969738e-05, -0.00295810750686, 0.00683402176946, -0.00332069629803, -0.000234926847043, -0.000914694915991, 0.000132098255563, -0.0039974488318, 0.00425681844354, -0.00304786115885, 0.000200959460926], [-0.0008109928458, 0.00284512806684, -0.00250995904207, 0.00282276258804, -0.00332069629803, 0.0118667865172, -0.00445670261979, 0.00139281654265, -0.00194412900601, 0.00233266595751, -0.00521681085229, 0.00289676361717, -0.00208359048702], [-0.000122660101624, -0.00220178160816, 0.000456714478787, 9.92658679024e-05, -0.000234926847043, -0.00445670261979, 0.00982046034187, -0.00478842947632, 0.00155898428056, 0.00195294979494, -0.00254345359281, 0.00172207795549, 0.00142834440339], [-0.000593286473304, 0.00170088955201, -0.00108643562999, 0.000684487866238, -0.000914694915991, 0.00139281654265, -0.00478842947632, 0.0155879696831, -0.00550134433433, -0.00200069718994, 0.00289367558435, -0.00123048899695, -0.00168339267839], [0.000610929972026, -0.00277302437462, 0.00375981559046, -0.00315117789432, 0.000132098255563, -0.00194412900601, 0.00155898428056, -0.00550134433433, 0.011698612012, -0.0052357618697, 0.00151359173469, 0.000937077507842, 0.000226234609727], [-0.00048618146684, 0.00448524067178, -0.00357408751734, 0.00425140745938, -0.0039974488318, 0.00233266595751, 0.00195294979494, -0.00200069718994, -0.0052357618697, 0.0197852496058, -0.00646679103374, 0.00255166506395, 0.00138507247902], [0.00150460214354, -0.00427949195728, 0.00517627364025, -0.00377904181369, 0.00425681844354, -0.00521681085229, -0.00254345359281, 0.00289367558435, 0.00151359173469, -0.00646679103374, 0.0219293832779, -0.0090205585584, 0.00130106380675], [-0.000702489400283, 0.00297558074817, -0.00339425075799, 0.00286470144056, -0.00304786115885, 0.00289676361717, 0.00172207795549, -0.00123048899695, 0.000937077507842, 0.00255166506395, -0.0090205585584, 0.0162398479879, -0.00425568316132], [0.00106950104237, -0.00128170684911, 0.00258170347661, -0.00299911713228, 0.000200959460926, -0.00208359048702, 0.00142834440339, -0.00168339267839, 0.000226234609727, 0.00138507247902, 0.00130106380675, -0.00425568316132, 0.0183658488095]]
    },
    "melbands": {
        "dmean": [0.00121349678375, 0.0011436806526, 0.000958177261055, 0.000420721335104, 0.000316954799928, 0.000156531503308, 0.000148076651385, 0.000219739056774, 0.000304260262055, 0.000155635119881, 0.000101155157608, 0.000148247650941, 7.62121198932e-05, 6.84993792675e-05, 6.36588374618e-05, 4.90327947773e-05, 4.9552636483e-05, 4.12221961597e-05, 3.09006609314e-05, 2.60125925706e-05, 1.33182338686e-05, 1.05028448161e-05, 1.20223839986e-05, 7.33220986149e-06, 5.93422055317e-06, 8.6049140009e-06, 8.9304157882e-06, 6.62715683575e-06, 6.50786250844e-06, 7.10586436981e-06, 6.42778604742e-06, 5.6764420151e-06, 5.52158098799e-06, 4.09582344219e-06, 3.92316405851e-06, 3.749230018e-06, 3.40960718859e-06, 2.69975771516e-06, 1.9540689209e-06, 1.55272391567e-06],
        "dmean2": [0.00191906292457, 0.00189787044656, 0.00167023111135, 0.000724215176888, 0.000515921739861, 0.000256816158071, 0.000233314203797, 0.000328919879394, 0.000448606268037, 0.000235001585679, 0.000151975720655, 0.000238085878664, 0.000115451002785, 0.000102936770418, 0.000100413220935, 7.11949978722e-05, 7.93245490058e-05, 6.16198958596e-05, 4.79075351905e-05, 4.08156811318e-05, 2.14816427615e-05, 1.5898991478e-05, 1.89513029909e-05, 1.14335698527e-05, 9.24056257645e-06, 1.31841688926e-05, 1.40501215355e-05, 1.01990863186e-05, 1.01709929368e-05, 1.14397926154e-05, 1.02440408227e-05, 8.55881989992e-06, 8.51919685374e-06, 6.24498034085e-06, 6.04971819484e-06, 5.97168491367e-06, 5.30749821337e-06, 4.29743795394e-06, 3.12385964207e-06, 2.55099189417e-06],
        "dvar": [4.94935238748e-06, 4.64632603325e-06, 4.55698000223e-06, 7.3969317782e-07, 2.65516376885e-07, 5.18952276707e-08, 6.24457001663e-08, 2.61702467697e-07, 4.06812404208e-07, 1.53046059381e-07, 4.42945982115e-08, 1.41601887549e-07, 2.34744099714e-08, 2.7309107864e-08, 3.01645108891e-08, 2.00752197088e-08, 1.96970351141e-08, 1.34185764722e-08, 6.28186880292e-09, 4.7729211694e-09, 5.38927902305e-10, 3.37611771872e-10, 3.40642597463e-10, 1.12783733741e-10, 7.80353004437e-11, 1.8447723904e-10, 1.67674818474e-10, 1.04718796134e-10, 1.31880714682e-10, 1.72981795554e-10, 1.08000129673e-10, 5.66346761155e-11, 4.84003462309e-11, 3.07758298013e-11, 3.37265181061e-11, 3.96225552368e-11, 2.7394104346e-11, 1.83582211932e-11, 1.1902202314e-11, 7.59928491662e-12],
        "dvar2": [1.34458523462e-05, 1.20220001918e-05, 1.2225032151e-05, 1.99135888579e-06, 6.30632143839e-07, 1.3123849385e-07, 1.37534840405e-07, 5.52286394395e-07, 8.37996594782e-07, 3.15508458471e-07, 9.03313548406e-08, 3.23006673852e-07, 4.45927561543e-08, 6.16439663759e-08, 6.9901297195e-08, 4.41537331142e-08, 5.06193273964e-08, 2.79329821495e-08, 1.52397152675e-08, 1.03954151953e-08, 1.25090271474e-09, 7.05939584567e-10, 8.26773760565e-10, 2.62009164365e-10, 1.82540649263e-10, 4.13255180076e-10, 4.16525730573e-10, 2.56958926359e-10, 3.37048777777e-10, 4.42929498634e-10, 2.75436701225e-10, 1.31949284832e-10, 1.19721010883e-10, 7.40903935426e-11, 8.28935878272e-11, 1.01560510002e-10, 6.58305701617e-11, 4.53612460094e-11, 3.05243851029e-11, 2.02124636473e-11],
        "max": [0.0173305869102, 0.0216622874141, 0.0196132920682, 0.00864738598466, 0.00874922983348, 0.00356637779623, 0.00466704647988, 0.00682020606473, 0.00903931539506, 0.00707910070196, 0.00317428982817, 0.00629771593958, 0.00262703490444, 0.00233218353242, 0.0022934267763, 0.00301753240637, 0.003010077402, 0.00226809596643, 0.00124833150767, 0.00132383499295, 0.000421609292971, 0.000357813143637, 0.000179755676072, 0.000119027579785, 0.000102004356449, 0.000205423857551, 0.000151082451339, 0.00010073059093, 9.85338701867e-05, 8.66561458679e-05, 0.000106555555249, 8.0382975284e-05, 0.000107762643893, 5.18466440553e-05, 5.16413201694e-05, 6.23942105449e-05, 6.76947674947e-05, 4.35434012616e-05, 2.83750032395e-05, 2.50692755799e-05],
        "mean": [0.00222229701467, 0.00231188070029, 0.00111124082468, 0.000502459704876, 0.000475496577565, 0.000265609531198, 0.000229410215979, 0.000376356008928, 0.00051232217811, 0.000222383867367, 0.000161967109307, 0.000210514452192, 0.00012551616237, 0.000103973317891, 8.38899504743e-05, 6.20159917162e-05, 6.04871893302e-05, 5.80034102313e-05, 4.11876608268e-05, 3.6196102883e-05, 1.9958582925e-05, 1.73792959686e-05, 1.76790290425e-05, 1.14185186249e-05, 8.87322494236e-06, 1.3697364011e-05, 1.34419879032e-05, 8.56490987644e-06, 7.27323185856e-06, 7.32740090825e-06, 7.56819372327e-06, 8.63752484292e-06, 8.85733243194e-06, 6.48013110549e-06, 5.42502903045e-06, 4.54803785033e-06, 4.59204011349e-06, 3.43446731677e-06, 2.28916451306e-06, 1.68212579865e-06],
        "median": [0.00115019036457, 0.00170677585993, 0.000609461916611, 0.00026344647631, 0.000269970099907, 0.000173642241862, 0.000122805708088, 8.54743848322e-05, 0.000103239668533, 5.63838912058e-05, 6.01379288128e-05, 4.83448420709e-05, 3.55901720468e-05, 2.57576666627e-05, 2.36870801018e-05, 1.84332257049e-05, 2.2214369892e-05, 1.15781358545e-05, 1.18122534332e-05, 1.15133880172e-05, 9.37813456403e-06, 9.49655441218e-06, 8.93735887075e-06, 6.06712001172e-06, 4.67601375931e-06, 6.65084371576e-06, 6.79946560922e-06, 4.14690475736e-06, 2.36883602156e-06, 1.90992932403e-06, 2.85927876575e-06, 5.09127221449e-06, 5.66302105653e-06, 3.74482578991e-06, 2.80257904706e-06, 1.99550277102e-06, 2.14193050851e-06, 1.23951508613e-06, 6.06032415362e-07, 5.0738083246e-07],
        "min": [7.28299824004e-07, 1.58159207331e-06, 8.54526092553e-07, 2.12869849747e-06, 1.68385236066e-06, 1.07912853764e-06, 5.05930074723e-07, 8.57566249124e-07, 7.04813317043e-07, 1.68557377833e-07, 5.71865257371e-07, 3.99290456699e-07, 3.80188765803e-07, 1.51710906948e-07, 1.03310696886e-07, 1.95265030811e-07, 1.66584840144e-07, 2.07936601271e-08, 9.45213418646e-09, 6.09107075888e-09, 5.29743093836e-09, 5.71140246208e-09, 1.78329813139e-08, 5.18888576551e-09, 4.92101692728e-09, 8.75225758534e-09, 5.15979348137e-09, 4.58968729689e-09, 2.12338174821e-10, 1.22042631556e-09, 1.55485857523e-09, 3.73475517179e-09, 3.93317467484e-09, 3.13031156551e-09, 1.27539401262e-09, 4.74183248222e-10, 3.57739948775e-11, 9.15485673381e-11, 6.88863072487e-12, 1.15843185738e-12],
