{
"highlevel": {
    "danceability": {
        "all": {
            "danceable": 0.988513112068,
            "not_danceable": 0.0114868916571
        },
        "probability": 0.988513112068,
        "value": "danceable"
    },
    "gender": {
        "all": {
            "female": 0.361105918884,
            "male": 0.638894081116
        },
        "probability": 0.638894081116,
        "value": "male"
    },
    "genre_dortmund": {
        "all": {
            "alternative": 0.0478589124978,
            "blues": 0.0297562312335,
            "electronic": 0.100984841585,
            "folkcountry": 0.0438582338393,
            "funksoulrnb": 0.136933460832,
            "jazz": 0.101019084454,
            "pop": 0.0571785122156,
            "raphiphop": 0.369716525078,
            "rock": 0.112694188952
        },
        "probability": 0.369716525078,
        "value": "raphiphop"
    },
    "genre_electronic": {
        "all": {
            "ambient": 0.584425032139,
            "dnb": 0.132045790553,
            "house": 0.192027404904,
            "techno": 0.0245641414076,
            "trance": 0.0669376701117
        },
        "probability": 0.584425032139,
        "value": "ambient"
    },
    "genre_rosamerica": {
        "all": {
            "cla": 0.0189126320183,
            "dan": 0.069742873311,
            "hip": 0.370218962431,
            "jaz": 0.0991560295224,
            "pop": 0.271409451962,
            "rhy": 0.126622259617,
            "roc": 0.0304944552481,
            "spe": 0.0134433284402
        },
        "probability": 0.370218962431,
        "value": "hip"
    },
    "genre_tzanetakis": {
        "all": {
            "blu": 0.07593434304,
            "cla": 0.0337142795324,
            "cou": 0.0606776997447,
            "dis": 0.0505694411695,
            "hip": 0.151736244559,
            "jaz": 0.303671628237,
            "met": 0.0607067197561,
            "pop": 0.060691729188,
            "reg": 0.0505727082491,
            "roc": 0.151725202799
        },
        "probability": 0.303671628237,
        "value": "jaz"
    },
    "ismir04_rhythm": {
        "all": {
            "ChaChaCha": 0.0534699782729,
            "Jive": 0.2618034482,
            "Quickstep": 0.244683682919,
            "Rumba-American": 0.0133641762659,
            "Rumba-International": 0.0928328633308,
            "Rumba-Misc": 0.0175458192825,
            "Samba": 0.265825867653,
            "Tango": 0.0189673695713,
            "VienneseWaltz": 0.0206484049559,
            "Waltz": 0.0108583727852
        },
        "probability": 0.265825867653,
        "value": "Samba"
    },
    "mood_acoustic": {
        "all": {
            "acoustic": 0.0559348762035,
            "not_acoustic": 0.944065093994
        },
        "probability": 0.944065093994,
        "value": "not_acoustic"
    },
    "mood_aggressive": {
        "all": {
            "aggressive": 0.0898575559258,
            "not_aggressive": 0.910142421722
        },
        "probability": 0.910142421722,
        "value": "not_aggressive"
    },
    "mood_electronic": {
        "all": {
            "electronic": 0.646107912064,
            "not_electronic": 0.353892117739
        },
        "probability": 0.646107912064,
        "value": "electronic"
    },
    "mood_happy": {
        "all": {
            "happy": 0.295812964439,
            "not_happy": 0.704187035561
        },
        "probability": 0.704187035561,
        "value": "not_happy"
    },
    "mood_party": {
        "all": {
            "not_party": 0.292351096869,
            "party": 0.707648873329
        },
        "probability": 0.707648873329,
        "value": "party"
    },
    "mood_relaxed": {
        "all": {
            "not_relaxed": 0.189131081104,
            "relaxed": 0.810868918896
        },
        "probability": 0.810868918896,
        "value": "relaxed"
    },
    "mood_sad": {
        "all": {
            "not_sad": 0.694743037224,
            "sad": 0.305256932974
        },
        "probability": 0.694743037224,
        "value": "not_sad"
    },
    "moods_mirex": {
        "all": {
            "Cluster1": 0.196826145053,
            "Cluster2": 0.315555125475,
            "Cluster3": 0.150991618633,
            "Cluster4": 0.180166855454,
            "Cluster5": 0.156460255384
        },
        "probability": 0.315555125475,
        "value": "Cluster2"
    },
    "timbre": {
        "all": {
            "bright": 0.982579767704,
            "dark": 0.0174202267081
        },
        "probability": 0.982579767704,
        "value": "bright"
    },
    "tonal_atonal": {
        "all": {
            "atonal": 0.434271425009,
            "tonal": 0.565728545189
        },
        "probability": 0.565728545189,
        "value": "tonal"
    },
    "voice_instrumental": {
        "all": {
            "instrumental": 0.302588880062,
            "voice": 0.697411119938
        },
        "probability": 0.697411119938,
        "value": "voice"
    }
},
"lowlevel": {
    "average_loudness": 0.980833113194,
    "barkbands_crest": {
        "dmean": 3.59302520752,
        "dmean2": 5.5165348053,
        "dvar": 11.2411994934,
        "dvar2": 27.0555915833,
        "max": 25.7464408875,
        "mean": 11.1385965347,
        "median": 9.88524341583,
        "min": 2.2905254364,
        "var": 27.8730697632
    },
    "barkbands_flatness_db": {
        "dmean": 0.0358289405704,
        "dmean2": 0.0519295707345,
        "dvar": 0.00124226696789,
        "dvar2": 0.00265868054703,
        "max": 0.331501156092,
        "mean": 0.159935563803,
        "median": 0.158558562398,
        "min": 0.0420749187469,
        "var": 0.00314513337798
    },
    "barkbands_kurtosis": {
        "dmean": 4.5238699913,
        "dmean2": 7.50077772141,
        "dvar": 106.790924072,
        "dvar2": 287.526275635,
        "max": 107.218727112,
        "mean": 3.78355097771,
        "median": 1.25301218033,
        "min": -1.87042438984,
        "var": 95.624710083
    },
    "barkbands_skewness": {
        "dmean": 0.871378600597,
        "dmean2": 1.25193583965,
        "dvar": 1.08577251434,
        "dvar2": 2.50431776047,
        "max": 10.0391225815,
        "mean": 1.12162232399,
        "median": 0.828134059906,
        "min": -3.04340910912,
        "var": 2.37255096436
    },
    "barkbands_spread": {
        "dmean": 10.2640695572,
        "dmean2": 15.8306722641,
        "dvar": 187.957351685,
        "dvar2": 396.57800293,
        "max": 102.09286499,
        "mean": 23.9009037018,
        "median": 18.9919052124,
        "min": 2.76889443398,
        "var": 308.026641846
    },
    "dissonance": {
        "dmean": 0.0269510932267,
        "dmean2": 0.0440411679447,
        "dvar": 0.000812266429421,
        "dvar2": 0.00204741442576,
        "max": 0.499837905169,
        "mean": 0.451611548662,
        "median": 0.462519258261,
        "min": 0.234374374151,
        "var": 0.00167609832715
    },
    "dynamic_complexity": 2.67892622948,
    "erbbands_crest": {
        "dmean": 2.93498039246,
        "dmean2": 4.60435295105,
        "dvar": 8.44229221344,
        "dvar2": 18.6072998047,
        "max": 28.8298339844,
        "mean": 9.72043991089,
        "median": 8.5700969696,
        "min": 2.65211057663,
        "var": 22.550983429
    },
    "erbbands_flatness_db": {
        "dmean": 0.0280626378953,
        "dmean2": 0.036404274404,
        "dvar": 0.000830479257274,
        "dvar2": 0.00126405397896,
        "max": 0.403407037258,
        "mean": 0.174012795091,
        "median": 0.172325178981,
        "min": 0.0552052482963,
        "var": 0.00317594199441
    },
    "erbbands_kurtosis": {
        "dmean": 1.50937640667,
        "dmean2": 2.26078271866,
        "dvar": 3.68990778923,
        "dvar2": 7.52423381805,
        "max": 26.9836063385,
        "mean": 1.53200209141,
        "median": 0.798145055771,
        "min": -1.73506546021,
        "var": 8.13511657715
    },
    "erbbands_skewness": {
        "dmean": 0.4625839293,
        "dmean2": 0.702379286289,
        "dvar": 0.193161889911,
        "dvar2": 0.39162927866,
        "max": 3.41772127151,
        "mean": 0.121855355799,
        "median": 0.184778809547,
        "min": -3.93383073807,
        "var": 0.649300098419
    },
    "erbbands_spread": {
        "dmean": 12.4363059998,
        "dmean2": 17.6040439606,
        "dvar": 311.899108887,
        "dvar2": 585.627319336,
        "max": 179.652099609,
        "mean": 31.8401851654,
        "median": 23.7506332397,
        "min": 2.9440009594,
        "var": 642.34942627
    },
    "hfc": {
        "dmean": 17.7536621094,
        "dmean2": 25.985578537,
        "dvar": 954.603637695,
        "dvar2": 2264.97900391,
        "max": 212.368804932,
        "mean": 27.0164890289,
        "median": 16.1984901428,
        "min": 0.18808041513,
        "var": 1089.16430664
    },
    "melbands_crest": {
        "dmean": 4.34314632416,
        "dmean2": 6.81889343262,
        "dvar": 17.4777908325,
        "dvar2": 37.413394928,
        "max": 33.5918121338,
        "mean": 15.2513685226,
        "median": 14.3332881927,
        "min": 3.99832487106,
        "var": 43.6945495605
    },
    "melbands_flatness_db": {
        "dmean": 0.0441538020968,
        "dmean2": 0.0611288659275,
        "dvar": 0.00192373676691,
        "dvar2": 0.00427157711238,
        "max": 0.420088946819,
        "mean": 0.20278005302,
        "median": 0.19916254282,
        "min": 0.0328622609377,
        "var": 0.00563339982182
    },
    "melbands_kurtosis": {
        "dmean": 14.7346954346,
        "dmean2": 22.9714889526,
        "dvar": 1680.80334473,
        "dvar2": 4027.83837891,
        "max": 457.378326416,
        "mean": 14.4731225967,
        "median": 2.67926645279,
        "min": -1.82185745239,
        "var": 1756.25354004
    },
    "melbands_skewness": {
        "dmean": 1.2118139267,
        "dmean2": 1.69104635715,
        "dvar": 2.84809613228,
        "dvar2": 5.5028386116,
        "max": 17.4163265228,
        "mean": 2.16597008705,
        "median": 1.51096236706,
        "min": -1.64946937561,
        "var": 6.47895383835
    },
    "melbands_spread": {
        "dmean": 13.7656536102,
        "dmean2": 21.5623569489,
        "dvar": 384.310882568,
        "dvar2": 869.736755371,
        "max": 171.821411133,
        "mean": 29.3881988525,
        "median": 21.6448535919,
        "min": 0.971394717693,
        "var": 640.756896973
    },
    "pitch_salience": {
        "dmean": 0.0950462445617,
        "dmean2": 0.140406817198,
        "dvar": 0.00780840683728,
        "dvar2": 0.0174011774361,
        "max": 0.848148167133,
        "mean": 0.531500577927,
        "median": 0.549671590328,
        "min": 0.08177819103,
        "var": 0.0246221646667
    },
    "silence_rate_20dB": {
        "dmean": 0,
        "dmean2": 0,
        "dvar": 0,
        "dvar2": 0,
        "max": 1,
        "mean": 1,
        "median": 1,
        "min": 1,
        "var": 0
    },
    "silence_rate_30dB": {
        "dmean": 0.00464396271855,
        "dmean2": 0.00929511990398,
        "dvar": 0.00462233740836,
        "dvar2": 0.0138562498614,
        "max": 1,
        "mean": 0.997679829597,
        "median": 1,
        "min": 0,
        "var": 0.00231482065283
    },
    "silence_rate_60dB": {
        "dmean": 0.0386996902525,
        "dmean2": 0.0759101435542,
        "dvar": 0.0372021831572,
        "dvar2": 0.0825412198901,
        "max": 1,
        "mean": 0.0510440841317,
        "median": 0,
        "min": 0,
        "var": 0.048438500613
    },
    "spectral_centroid": {
        "dmean": 399.167999268,
        "dmean2": 579.65435791,
        "dvar": 241785.09375,
        "dvar2": 426676,
        "max": 5202.953125,
        "mean": 1513.63464355,
        "median": 1347.20507812,
        "min": 339.293701172,
        "var": 628886.75
    },
    "spectral_complexity": {
        "dmean": 6.35294103622,
        "dmean2": 9.01316833496,
        "dvar": 64.0689086914,
        "dvar2": 117.283210754,
        "max": 58,
        "mean": 17.6102085114,
        "median": 15,
        "min": 0,
        "var": 138.635421753
    },
    "spectral_decrease": {
        "dmean": 3.05125080757e-09,
        "dmean2": 4.32120739191e-09,
        "dvar": 2.06334446624e-17,
        "dvar2": 4.48806462065e-17,
        "max": -5.25040982913e-11,
        "mean": -5.97137006508e-09,
        "median": -4.09481648589e-09,
        "min": -3.57086271663e-08,
        "var": 3.45659024913e-17
    },
    "spectral_energy": {
        "dmean": 0.0121670318767,
        "dmean2": 0.0178725738078,
        "dvar": 0.000312528922223,
        "dvar2": 0.000654994160868,
        "max": 0.136573344469,
        "mean": 0.0249877627939,
        "median": 0.0171821508557,
        "min": 0.000215222171391,
        "var": 0.000560621905606
    },
    "spectral_energyband_high": {
        "dmean": 0.0013684296282,
        "dmean2": 0.00202515209094,
        "dvar": 7.13733925295e-06,
        "dvar2": 1.62761079991e-05,
        "max": 0.0191630199552,
        "mean": 0.00150954630226,
        "median": 0.000219397930778,
        "min": 1.79198323735e-07,
        "var": 8.32356909086e-06
    },
    "spectral_energyband_low": {
        "dmean": 0.00719426386058,
        "dmean2": 0.0108169848099,
        "dvar": 0.000315794895869,
        "dvar2": 0.00070631201379,
        "max": 0.132758006454,
        "mean": 0.00955221336335,
        "median": 0.00289950799197,
        "min": 1.6706817263e-08,
        "var": 0.000432430679211
    },
    "spectral_energyband_middle_high": {
        "dmean": 0.00339059787802,
        "dmean2": 0.00526644755155,
        "dvar": 2.27320615522e-05,
        "dvar2": 5.49835131096e-05,
        "max": 0.0430776849389,
        "mean": 0.00644932547584,
        "median": 0.0040524112992,
        "min": 5.59106010769e-05,
        "var": 4.23205492552e-05
    },
    "spectral_energyband_middle_low": {
        "dmean": 0.00406709965318,
        "dmean2": 0.00536075280979,
        "dvar": 4.18972085754e-05,
        "dvar2": 6.72142632538e-05,
        "max": 0.0604287460446,
        "mean": 0.00790846161544,
        "median": 0.00490748276934,
        "min": 3.71176356566e-05,
        "var": 8.84047331056e-05
    },
    "spectral_entropy": {
        "dmean": 0.257840573788,
        "dmean2": 0.339550077915,
        "dvar": 0.0699154883623,
        "dvar2": 0.121705330908,
        "max": 8.55781650543,
        "mean": 7.50856542587,
        "median": 7.48952484131,
        "min": 5.93002843857,
        "var": 0.23177652061
    },
    "spectral_flux": {
        "dmean": 0.0368731543422,
        "dmean2": 0.0588592551649,
        "dvar": 0.00160840258468,
        "dvar2": 0.00311012216844,
        "max": 0.284073412418,
        "mean": 0.0912077501416,
        "median": 0.0750199109316,
        "min": 0.00755408639088,
        "var": 0.00376874930225
    },
    "spectral_kurtosis": {
        "dmean": 2.40806603432,
        "dmean2": 3.57519459724,
        "dvar": 8.70641136169,
        "dvar2": 22.5032482147,
        "max": 54.1233177185,
        "mean": 6.46116781235,
        "median": 5.54308223724,
        "min": -0.30859041214,
        "var": 20.0776939392
    },
    "spectral_rms": {
        "dmean": 0.00111419544555,
        "dmean2": 0.00158101902343,
        "dvar": 1.78662651251e-06,
        "dvar2": 3.13447685585e-06,
        "max": 0.0115430625156,
        "mean": 0.0044644959271,
        "median": 0.00409427331761,
        "min": 0.000458227936178,
        "var": 4.44661282017e-06
    },
    "spectral_rolloff": {
        "dmean": 992.695922852,
        "dmean2": 1602.94995117,
        "dvar": 3227700.25,
        "dvar2": 7728209.5,
        "max": 11132.6660156,
        "mean": 1899.15100098,
        "median": 1464.2578125,
        "min": 64.599609375,
        "var": 3697025.75
    },
    "spectral_skewness": {
        "dmean": 0.3449626863,
        "dmean2": 0.47800886631,
        "dvar": 0.10641477257,
        "dvar2": 0.220715731382,
        "max": 5.15685367584,
        "mean": 1.87702333927,
        "median": 1.84027504921,
        "min": 0.372742772102,
        "var": 0.415922254324
    },
    "spectral_spread": {
        "dmean": 898574.6875,
        "dmean2": 1162764.5,
        "dvar": 1.23099375206e+12,
        "dvar2": 1.89157946163e+12,
        "max": 13462953,
        "mean": 4652740.5,
        "median": 4269105,
        "min": 1090092,
        "var": 3.97691558298e+12
    },
    "spectral_strongpeak": {
        "dmean": 0.58802562952,
        "dmean2": 0.982592999935,
        "dvar": 0.798532783985,
        "dvar2": 1.79832184315,
        "max": 8.994972229,
        "mean": 1.04898929596,
        "median": 0.629668951035,
        "min": 0.0301852729172,
        "var": 1.47739624977
    },
    "zerocrossingrate": {
        "dmean": 0.0189231652766,
        "dmean2": 0.0223747026175,
        "dvar": 0.000467986421427,
        "dvar2": 0.000594960001763,
        "max": 0.34423828125,
        "mean": 0.0725431889296,
        "median": 0.0634765625,
        "min": 0.0048828125,
        "var": 0.00191048334818
    },
    "barkbands": {
        "dmean": [0.000142200311529, 0.0064639816992, 0.00214285170659, 0.00049907824723, 0.00237309443764, 0.000835953222122, 0.00085047329776, 0.000387216947274, 0.000776536064222, 0.000290842668619, 0.000509732693899, 0.000756238994654, 0.000588707916904, 0.000564324203879, 0.000432096159784, 0.000327605404891, 0.000467011705041, 0.000477124325698, 0.000295693142107, 0.000220395537326, 0.00024723779643, 0.000183425872819, 0.000110268360004, 0.000187304249266, 0.000295755919069, 0.000300874293316, 5.77796072321e-07],
        "dmean2": [0.000232153121033, 0.0104076312855, 0.0033220325131, 0.000823253532872, 0.00301680527627, 0.00139345740899, 0.00135503080674, 0.000613006995991, 0.00110347906593, 0.00045434650383, 0.000797462300397, 0.00115697318688, 0.000914716976695, 0.000876447826158, 0.00072606356116, 0.000546313764062, 0.000832662277389, 0.000800775131211, 0.000487485842314, 0.000336476805387, 0.000382974860258, 0.000267333351076, 0.000164212076925, 0.000285019690637, 0.000458449852886, 0.000488983641844, 9.83527570497e-07],
        "dvar": [9.00150141092e-08, 0.000318704202073, 4.3584688683e-05, 1.01995863133e-06, 3.4699558455e-05, 2.27761006499e-06, 4.83485428049e-06, 6.07263530128e-07, 2.58579848378e-06, 6.28051623153e-07, 2.96612392958e-06, 4.17956971432e-06, 2.17582373807e-06, 1.2139195178e-06, 6.54156508517e-07, 4.09180614724e-07, 1.51699941853e-06, 1.02786998468e-06, 3.47281854829e-07, 1.67708407162e-07, 2.76514015241e-07, 1.10884244009e-07, 4.11989091731e-08, 1.57476080176e-07, 5.86503233535e-07, 6.92205560426e-07, 4.07613049216e-12],
        "dvar2": [2.31609391221e-07, 0.000804213748779, 0.000103647551441, 2.72060128736e-06, 5.31625773874e-05, 6.06162393524e-06, 1.12121115308e-05, 1.39299424973e-06, 5.60952776141e-06, 1.50686321376e-06, 7.27689211999e-06, 1.06400821096e-05, 5.02993088958e-06, 2.59591638496e-06, 1.69592487964e-06, 1.08807148536e-06, 4.35932270193e-06, 2.65253879661e-06, 9.06215007035e-07, 3.5126689113e-07, 6.04357694556e-07, 2.08762571674e-07, 9.13176023687e-08, 3.65841401617e-07, 1.29354248202e-06, 1.81167899882e-06, 1.09502918885e-11],
        "max": [0.00337062287144, 0.125087663531, 0.0495249032974, 0.00841126777232, 0.0456007942557, 0.0179067887366, 0.0305464882404, 0.0166233070195, 0.0312833078206, 0.0168676059693, 0.0420811921358, 0.0336930900812, 0.0312178004533, 0.0179501026869, 0.00763538759202, 0.00414085155353, 0.0106900297105, 0.00671222293749, 0.00356356077828, 0.00470092799515, 0.0074063623324, 0.00394115876406, 0.00163641071413, 0.00323071563616, 0.00561173446476, 0.00610693497583, 2.27670188906e-05],
        "mean": [0.000291146017844, 0.00692043919116, 0.00195235095453, 0.000701517332345, 0.00273366924375, 0.00132776750252, 0.00101587828249, 0.000585595902521, 0.00144490075763, 0.000410846667364, 0.000710563850589, 0.00113705429249, 0.00108935823664, 0.000995849841274, 0.000478429341456, 0.000340997474268, 0.00042908458272, 0.000502973096445, 0.000291335687507, 0.000267964205705, 0.000275284604868, 0.000229378027143, 0.000116637056635, 0.000191155661014, 0.000285761576379, 0.000261322129518, 4.17430584321e-07],
        "median": [8.52274752106e-06, 0.00211004959419, 7.80391637818e-05, 0.000229385317652, 0.000264476169832, 0.000421287462814, 0.000245810166234, 0.000283083558315, 0.000611355702858, 0.00013430393301, 0.000318749604048, 0.000483153184177, 0.000268750038231, 0.000303702050587, 0.000164744065842, 9.24761479837e-05, 0.000103196784039, 0.000125094142277, 7.93702711235e-05, 5.64452784602e-05, 2.75762049569e-05, 2.96572816296e-05, 1.29694108182e-05, 2.17191482079e-05, 2.30062560149e-05, 3.28145360982e-05, 8.54612047796e-10],
        "min": [2.06026098959e-10, 1.76874936919e-09, 2.76621170414e-09, 1.59373314546e-08, 6.5610583988e-07, 7.70154372276e-07, 9.59616841101e-07, 3.03516543454e-07, 6.67827771395e-06, 1.73452758645e-06, 2.38124039242e-06, 2.50551192948e-06, 1.9680328478e-06, 9.28930830923e-07, 1.37344454743e-06, 1.28800741095e-06, 5.62849152175e-07, 2.76905154806e-07, 2.0074175211e-07, 1.21095339978e-07, 3.96275403602e-08, 1.61583137981e-08, 8.5928011373e-09, 7.02784985762e-09, 2.86694400858e-11, 6.01403128686e-12, 4.45059917739e-12],
        "var": [3.14333590268e-07, 0.000300962390611, 4.19067946495e-05, 1.18251102776e-06, 5.85984198551e-05, 5.2755649449e-06, 5.53764994038e-06, 9.74638396656e-07, 5.07125196236e-06, 8.06877494597e-07, 2.81256075141e-06, 4.88825207867e-06, 3.98847078031e-06, 2.54060728366e-06, 6.67206847993e-07, 3.63442467233e-07, 9.61799059951e-07, 9.40817926676e-07, 3.00744005699e-07, 2.52769098097e-07, 4.33778609477e-07, 2.16466972347e-07, 4.80028674588e-08, 1.66163971471e-07, 6.01086810548e-07, 5.47433501197e-07, 2.86194223702e-12]
    },
    "erbbands": {
        "dmean": [0.137102141976, 1.58474111557, 2.17170882225, 2.17531442642, 5.92321395874, 7.7289185524, 6.52641105652, 5.81886053085, 9.80778217316, 11.3487682343, 11.5377998352, 15.6724128723, 11.8406629562, 15.0217370987, 19.3735485077, 28.1261730194, 24.5787944794, 26.3243904114, 22.3493366241, 18.1177139282, 23.3542690277, 25.9924964905, 25.7332172394, 18.3015613556, 13.7192144394, 10.5452985764, 11.4767904282, 8.47144317627, 6.96386861801, 4.19644451141, 3.02188110352, 3.63584017754, 3.27525806427, 2.78867578506, 2.39616632462, 1.32261562347, 0.67657917738, 0.0437605716288, 0.000893684278708, 6.038524225e-05],
        "dmean2": [0.217966064811, 2.54941415787, 3.08429670334, 3.59670472145, 7.44149541855, 10.6709728241, 11.303850174, 9.39274311066, 15.9225740433, 17.7977714539, 17.8199939728, 22.8372707367, 17.1753368378, 23.3898887634, 30.8418979645, 42.9876937866, 37.2918395996, 39.9479598999, 36.0834274292, 29.9060344696, 40.2866744995, 45.9980278015, 43.6671676636, 30.0179481506, 22.4587783813, 15.9256620407, 17.9564723969, 12.6589593887, 10.2530813217, 6.08820772171, 4.54099273682, 5.58436584473, 5.12335109711, 4.40879774094, 3.68785524368, 2.13513255119, 1.10122406483, 0.0708485618234, 0.00143303035293, 9.1325106041e-05],
        "dvar": [0.109601475298, 20.7457256317, 37.3072547913, 36.448425293, 193.194702148, 387.226867676, 180.145446777, 151.432891846, 717.992858887, 980.529968262, 506.019195557, 1111.40136719, 603.881164551, 2296.6159668, 3794.11572266, 6440.97558594, 4135.66992188, 1719.42687988, 1603.82067871, 993.40826416, 2986.12719727, 4071.40356445, 3167.96459961, 1301.72924805, 731.885131836, 370.319915771, 705.789978027, 264.208068848, 168.402389526, 50.6231117249, 32.648979187, 66.3458023071, 47.4778862, 46.725353241, 40.6992530823, 12.2160720825, 4.01289606094, 0.0112967295572, 5.0065891628e-06, 1.99009875246e-08],
        "dvar2": [0.277391254902, 52.3806037903, 72.8394546509, 98.7301940918, 308.88494873, 609.090026855, 527.878723145, 336.398620605, 1765.93859863, 2143.68994141, 1157.39331055, 2411.92749023, 1109.37817383, 5685.63769531, 9856.53417969, 16269.421875, 9918.45117188, 3576.55395508, 3628.33300781, 2487.8515625, 8303.96875, 11552.7050781, 8477.24804688, 3321.56005859, 1799.81005859, 746.567321777, 1578.97912598, 531.338684082, 320.794433594, 98.5445404053, 75.1977844238, 155.684738159, 110.905258179, 105.560516357, 90.8316574097, 31.1523113251, 10.5416059494, 0.028999555856, 1.28108458739e-05, 5.06136537126e-08],
        "max": [2.85388088226, 32.0830612183, 49.056098938, 50.9645767212, 113.017547607, 154.158035278, 146.786056519, 190.444412231, 310.482025146, 505.51550293, 413.947265625, 551.090698242, 620.435302734, 997.503234863, 1389.39770508, 1245.66564941, 1470.95056152, 522.823608398, 548.594970703, 281.057922363, 426.706237793, 555.090454102, 406.824676514, 230.950042725, 176.572357178, 205.609008789, 414.695556641, 305.43536377, 157.603897095, 73.8539886475, 37.5247268677, 65.259803772, 53.391456604, 48.458694458, 51.3841934204, 26.6328678131, 16.2289886475, 0.857394099236, 0.0181006547064, 0.00128943810705],
        "mean": [0.183858886361, 1.58137607574, 2.60169458389, 2.4929754734, 7.11121797562, 8.6845407486, 7.70869588852, 10.5201692581, 12.4215040207, 14.1076927185, 19.8644390106, 27.0304412842, 20.665927887, 21.7062892914, 29.7918395996, 42.7302894592, 44.284488678, 54.7900047302, 34.5646324158, 20.8587245941, 22.4218673706, 25.5295410156, 27.122220993, 18.7859745026, 14.0932664871, 13.010471344, 12.8184547424, 9.66539001465, 8.66013240814, 5.04630565643, 3.08519268036, 3.64315509796, 3.30178689957, 2.65670275688, 2.28805017471, 1.16840231419, 0.567503333092, 0.0379557609558, 0.000784589734394, 7.43409764254e-05],
        "median": [0.0341050773859, 0.220337003469, 0.1525182724, 0.663266777992, 1.11629521847, 0.72521686554, 1.64863622189, 3.41887593269, 4.02191925049, 4.96275758743, 9.2253408432, 11.2867355347, 8.44523239136, 9.87458324432, 14.4528007507, 16.9737129211, 15.8256511688, 16.3819637299, 14.1335926056, 7.96780538559, 5.49876308441, 7.66621255875, 6.99154043198, 5.6493601799, 3.42514443398, 2.35818767548, 1.3877158165, 1.09074854851, 1.04057168961, 0.787928879261, 0.298360437155, 0.286354452372, 0.418436944485, 0.233255669475, 0.181082889438, 0.112334169447, 0.0683288499713, 0.00665963627398, 0.00013298621343, 2.82623459498e-05],
        "min": [7.11840897338e-08, 7.27141127754e-07, 7.83494760981e-06, 0.000103159494756, 0.000833093421534, 0.00292233587243, 0.00587286893278, 0.00426965858787, 0.00979552976787, 0.024063417688, 0.0784381181002, 0.232846081257, 0.106420986354, 0.098221488297, 0.0941070541739, 0.118552677333, 0.0863844677806, 0.071115873754, 0.134265244007, 0.129032686353, 0.0756050720811, 0.0658838227391, 0.0244373511523, 0.0173210967332, 0.0114955389872, 0.00758537882939, 0.00214327755384, 0.00147259840742, 0.000802946742624, 0.000454384600744, 0.0001768697839, 8.03517905297e-05, 0.000133732930408, 2.14868960029e-05, 4.28200564784e-06, 5.92390779275e-06, 1.92134211829e-06, 2.24619697065e-07, 2.25793101549e-07, 2.72292879799e-07],
        "var": [0.123046025634, 19.2637691498, 53.3249511719, 29.9121341705, 327.706542969, 606.047058105, 206.764038086, 507.954223633, 722.899902344, 1198.59460449, 866.294494629, 2019.07641602, 1384.12182617, 2298.44726562, 3509.86010742, 7707.57861328, 6211.90527344, 6246.38183594, 2622.24145508, 1080.77978516, 2147.37231445, 2771.46728516, 2723.63525391, 1186.03149414, 696.517822266, 605.417358398, 1048.46765137, 495.627502441, 335.496002197, 78.3285980225, 35.995010376, 67.2776947021, 48.846157074, 46.72215271, 41.2408103943, 10.3308954239, 3.09177803993, 0.00910274963826, 4.09482026953e-06, 1.91397191429e-08]
    },
    "gfcc": {
        "mean": [-12.6272315979, 64.0955047607, -126.851493835, 6.32781362534, -54.7905731201, 14.5972194672, -39.0922966003, 12.9837436676, -29.6598758698, 10.8748970032, -20.4255828857, 3.63578104973, -18.5484085083],
        "cov": [[5863.828125, -1699.91723633, 1013.02111816, 889.130493164, 207.221755981, 352.827636719, -258.562988281, 194.826293945, -313.598602295, 233.954696655, -200.089096069, 112.147796631, -165.763046265], [-1699.91723633, 1801.6541748, -54.4518051147, -277.482727051, 289.057861328, 53.9527435303, 297.071807861, 54.9614677429, 314.19140625, 25.1447429657, 274.332611084, 32.1911659241, 182.552520752], [1013.02111816, -54.4518051147, 1498.58276367, 732.995300293, 347.792297363, 368.352600098, 93.3934707642, 268.662139893, 51.1129226685, 242.294067383, -13.8883161545, 74.9111328125, 50.4986114502], [889.130493164, -277.482727051, 732.995300293, 1130.49804688, 308.636871338, 254.030288696, 137.215377808, 179.069641113, 221.540496826, 110.036018372, 50.5508766174, 64.0362091064, 159.0597229], [207.221755981, 289.057861328, 347.792297363, 308.636871338, 544.347351074, 348.122558594, 294.977142334, 250.819107056, 251.026611328, 144.226455688, 96.744430542, 95.3787689209, 47.5354232788], [352.827636719, 53.9527435303, 368.352600098, 254.030288696, 348.122558594, 529.021789551, 373.555389404, 291.894989014, 196.269485474, 183.66027832, 128.813812256, 58.8315124512, 38.6000556946], [-258.562988281, 297.071807861, 93.3934707642, 137.215377808, 294.977142334, 373.555389404, 516.520202637, 264.957977295, 238.713409424, 157.176742554, 183.985015869, 91.8503417969, 60.0239028931], [194.826293945, 54.9614677429, 268.662139893, 179.069641113, 250.819107056, 291.894989014, 264.957977295, 352.768005371, 185.680007935, 175.58013916, 122.913856506, 60.2432441711, 53.7507553101], [-313.598602295, 314.19140625, 51.1129226685, 221.540496826, 251.026611328, 196.269485474, 238.713409424, 185.680007935, 357.404998779, 124.212463379, 148.005554199, 50.6220779419, 95.0153961182], [233.954696655, 25.1447429657, 242.294067383, 110.036018372, 144.226455688, 183.66027832, 157.176742554, 175.58013916, 124.212463379, 245.218719482, 85.9074401855, 43.3619918823, 39.358745575], [-200.089096069, 274.332611084, -13.8883161545, 50.5508766174, 96.744430542, 128.813812256, 183.985015869, 122.913856506, 148.005554199, 85.9074401855, 209.062591553, 59.7500648499, 55.1863250732], [112.147796631, 32.1911659241, 74.9111328125, 64.0362091064, 95.3787689209, 58.8315124512, 91.8503417969, 60.2432441711, 50.6220779419, 43.3619918823, 59.7500648499, 133.263977051, 29.630033493], [-165.763046265, 182.552520752, 50.4986114502, 159.0597229, 47.5354232788, 38.6000556946, 60.0239028931, 53.7507553101, 95.0153961182, 39.358745575, 55.1863250732, 29.630033493, 159.003143311]],
        "icov": [[0.000361675658496, 0.000118917676446, 0.000112544432341, -0.000333147792844, -0.000141664946568, -0.000408763356972, 0.00054468162125, -0.000178952555871, 0.000552663346753, -0.000426210201113, 2.39601722569e-05, -0.000415162649006, 0.000378801865736], [0.000118917676446, 0.00212575797923, -0.00119575473946, 0.001757734688, -0.00190969498362, 0.00150988041423, -0.00115719274618, 0.00157848629169, -0.00109245127533, 0.00127148139291, -0.00270069553517, 0.00179897586349, -0.00264741014689], [0.000112544432341, -0.00119575473946, 0.00231719855219, -0.00206150091253, 0.00064730073791, -0.00177806476131, 0.00167336815502, -0.00152691057883, 0.00189725088421, -0.00206348160282, 0.00201639998704, -0.00163989956491, 0.00192188017536], [-0.000333147792844, 0.001757734688, -0.00206150091253, 0.00372726446949, -0.00170760240871, 0.00168239919003, -0.00160945474636, 0.00186056562234, -0.00256921979599, 0.00231048162095, -0.00226164259948, 0.0020990499761, -0.00400138506666], [-0.000141664946568, -0.00190969498362, 0.00064730073791, -0.00170760240871, 0.00635960325599, -0.00286059523933, 0.000569919648115, -0.00200114562176, -0.00140009680763, -0.000558433355764, 0.00367928785272, -0.00337137421593, 0.00312814163044], [-0.000408763356972, 0.00150988041423, -0.00177806476131, 0.00168239919003, -0.00286059523933, 0.00802750978619, -0.00472050299868, 5.4594289395e-05, -0.000988338608295, 0.000997339375317, -0.00259140995331, 0.00356672308408, -0.00202948856167], [0.00054468162125, -0.00115719274618, 0.00167336815502, -0.00160945474636, 0.000569919648115, -0.00472050299868, 0.00758376764134, -0.0022835705895, 0.000919768121094, -0.00169000250753, 0.000236253836192, -0.00327178905718, 0.0022560514044], [-0.000178952555871, 0.00157848629169, -0.00152691057883, 0.00186056562234, -0.00200114562176, 5.4594289395e-05, -0.0022835705895, 0.00856222212315, -0.00211590994149, -0.000616934208665, -0.00296925497241, 0.00178267492447, -0.00270703062415], [0.000552663346753, -0.00109245127533, 0.00189725088421, -0.00256921979599, -0.00140009680763, -0.000988338608295, 0.000919768121094, -0.00211590994149, 0.00873597431928, -0.00286310608499, -0.000624076463282, -0.000518434040714, 0.000626135210041], [-0.000426210201113, 0.00127148139291, -0.00206348160282, 0.00231048162095, -0.000558433355764, 0.000997339375317, -0.00169000250753, -0.000616934208665, -0.00286310608499, 0.00901874899864, -0.00266972160898, 0.00144417083357, -0.00265278178267], [2.39601722569e-05, -0.00270069553517, 0.00201639998704, -0.00226164259948, 0.00367928785272, -0.00259140995331, 0.000236253836192, -0.00296925497241, -0.000624076463282, -0.00266972160898, 0.0126830562949, -0.00491412635893, 0.00273894239217], [-0.000415162649006, 0.00179897586349, -0.00163989956491, 0.0020990499761, -0.00337137421593, 0.00356672308408, -0.00327178905718, 0.00178267492447, -0.000518434040714, 0.00144417083357, -0.00491412635893, 0.0124304741621, -0.00396119710058], [0.000378801865736, -0.00264741014689, 0.00192188017536, -0.00400138506666, 0.00312814163044, -0.00202948856167, 0.0022560514044, -0.00270703062415, 0.000626135210041, -0.00265278178267, 0.00273894239217, -0.00396119710058, 0.0128070069477]]
    },
    "melbands": {
        "dmean": [0.00159445416648, 0.00135984516237, 0.000416595139541, 0.000647039269097, 0.000189497630345, 0.000138355972013, 0.000159404531587, 0.000114205155114, 0.000108758511487, 0.000103453283373, 5.9807094658e-05, 5.86829519307e-05, 6.38998317299e-05, 7.90059057181e-05, 7.34455898055e-05, 6.32777373539e-05, 4.97820874443e-05, 3.94430207962e-05, 3.76835960196e-05, 1.63682398124e-05, 3.15987999784e-05, 3.1914543797e-05, 1.90160735656e-05, 2.36263931583e-05, 1.41151513162e-05, 1.19588157759e-05, 8.01429359854e-06, 6.90497472533e-06, 7.65908680478e-06, 5.29118096892e-06, 5.23328844793e-06, 4.31610806118e-06, 3.12405813929e-06, 2.10593225347e-06, 1.66859217643e-06, 1.88461251582e-06, 2.48868127528e-06, 2.4239400318e-06, 2.02637488655e-06, 2.58619297711e-06],
        "dmean2": [0.00254368782043, 0.00202110153623, 0.000658633420244, 0.00084757147124, 0.000321861472912, 0.000226699965424, 0.000254963291809, 0.00017843223759, 0.000168355472852, 0.000150158070028, 8.79481158336e-05, 9.121713083e-05, 0.000102082289231, 0.000123169054859, 0.000111929555715, 9.67574524111e-05, 7.67565361457e-05, 6.3292136474e-05, 6.41484584776e-05, 2.6439614885e-05, 5.55396400159e-05, 5.70663287363e-05, 3.17217345582e-05, 4.00492463086e-05, 2.33475129789e-05, 2.02168757824e-05, 1.25443411889e-05, 1.04591099443e-05, 1.20196318676e-05, 8.12824418972e-06, 7.96394306235e-06, 6.43839621262e-06, 4.5877127377e-06, 3.12795077662e-06, 2.51576352639e-06, 2.90434809358e-06, 3.88127045881e-06, 3.79068205802e-06, 3.19753917211e-06, 4.11630026065e-06],
        "dvar": [1.74889628397e-05, 1.30151784106e-05, 8.8405522547e-07, 2.77801245829e-06, 1.47375473603e-07, 7.65205570019e-08, 1.66027007253e-07, 8.50074073355e-08, 5.4665452609e-08, 4.68444696367e-08, 1.68097038511e-08, 3.4698484086e-08, 6.13149921946e-08, 6.14726047843e-08, 2.84858980848e-08, 3.05562011249e-08, 7.45294315152e-09, 6.78528389031e-09, 5.58940271844e-09, 7.99785515593e-10, 6.84889478464e-09, 7.19186887821e-09, 1.39726641368e-09, 2.58228416428e-09, 7.71322172799e-10, 6.18272988362e-10, 2.3896246093e-10, 1.71558628415e-10, 3.05690084357e-10, 1.24846133431e-10, 1.10639303275e-10, 7.03904018406e-11, 3.11580518331e-11, 1.31079513563e-11, 9.57762688603e-12, 1.83932799547e-11, 3.06307444686e-11, 2.47845112489e-11, 2.06814669557e-11, 4.25373972157e-11],
        "dvar2": [4.42940399807e-05, 2.65091566689e-05, 2.28175645134e-06, 4.41161819253e-06, 4.05229656053e-07, 1.81084615747e-07, 4.03587677056e-07, 1.86613803521e-07, 1.30432454171e-07, 9.37899429232e-08, 3.19702841978e-08, 8.71820162729e-08, 1.58035248887e-07, 1.60384800552e-07, 6.52131433299e-08, 7.2368358417e-08, 1.55740007557e-08, 1.49675862815e-08, 1.51924872682e-08, 1.97399230295e-09, 1.93534877013e-08, 2.05765768868e-08, 3.70477182265e-09, 6.64547128437e-09, 1.98372096527e-09, 1.62606861309e-09, 5.47974055021e-10, 3.49147377676e-10, 6.58599674797e-10, 2.71513284078e-10, 2.18438891975e-10, 1.38744501998e-10, 6.27496318795e-11, 2.64180691212e-11, 2.18895769566e-11, 4.47840896312e-11, 7.17315651322e-11, 5.90082704921e-11, 4.62805870016e-11, 9.85533044062e-11],
        "max": [0.0301636606455, 0.0263374783099, 0.00766605278477, 0.0126526681706, 0.00417929375544, 0.00433020945638, 0.00446213502437, 0.00462607340887, 0.00492450827733, 0.0031280121766, 0.00310048065148, 0.00386490486562, 0.00640409160405, 0.00470411451533, 0.00344583252445, 0.00418805563822, 0.00129177933559, 0.00115282565821, 0.000799216039013, 0.000301618187223, 0.000670123612508, 0.000737859401852, 0.00037641171366, 0.000344518921338, 0.000177211783011, 0.000159434202942, 0.00010684364679, 0.000161413758178, 0.000242444235482, 0.0001862430654, 0.000218364875764, 0.000116971277748, 5.61894048587e-05, 3.9034333895e-05, 2.27068976528e-05, 3.36582052114e-05, 4.19766292907e-05, 3.81571844628e-05, 3.69046938431e-05, 5.27510492248e-05],
        "mean": [0.00183929386549, 0.00168065668549, 0.000500258523971, 0.000719683244824, 0.00024019338889, 0.000241756322794, 0.000201631584787, 0.00014392369485, 0.000182159550604, 0.00018079362053, 0.000100394354376, 8.22613219498e-05, 9.39402889344e-05, 0.000113484893518, 0.000113325186248, 0.000114859132736, 9.87388266367e-05, 6.0367219703e-05, 4.00072749471e-05, 1.8978058506e-05, 2.77763665508e-05, 2.85010009975e-05, 2.05760698009e-05, 2.46337694989e-05, 1.40381389429e-05, 1.15224929687e-05, 8.5976180344e-06, 8.55573580338e-06, 8.5637666416e-06, 5.79266998102e-06, 5.74145406063e-06, 5.24180632056e-06, 3.77895548809e-06, 2.42868964051e-06, 1.70529392562e-06, 1.79826486146e-06, 2.45032674684e-06, 2.43044814852e-06, 1.97760505216e-06, 2.35900483858e-06],
        "median": [0.000498234760016, 0.000115968250611, 0.000161213771207, 6.18165795458e-05, 5.64954789297e-05, 8.4829487605e-05, 6.46768967272e-05, 5.2503302868e-05, 6.71600137139e-05, 7.29705643607e-05, 3.74964583898e-05, 3.44143190887e-05, 4.62646785309e-05, 4.66523088107e-05, 3.59760560968e-05, 2.88512546831e-05, 2.71229819191e-05, 2.09136233025e-05, 1.35749141918e-05, 6.0377274167e-06, 5.4855813687e-06, 6.67522544973e-06, 6.74030889058e-06, 5.75590047447e-06, 4.19919251726e-06, 2.8053098049e-06, 1.98810039365e-06, 1.37422091484e-06, 8.84469272933e-07, 5.96374547968e-07, 5.92843207414e-07, 6.10594383943e-07, 4.91147204684e-07, 3.66063659385e-07, 1.61434869028e-07, 1.2658958326e-07, 2.00252117111e-07, 3.09957528088e-07, 2.45960109169e-07, 1.72275449017e-07],
        "min": [5.54563561739e-10, 1.37481825924e-09, 3.21724016317e-08, 8.46521430731e-08, 1.77737305762e-07, 1.03914906902e-07, 1.81778034403e-07, 2.63886221319e-07, 3.01712105966e-07, 1.09103928025e-06, 2.46263198278e-07, 2.34941893495e-07, 3.14007024826e-07, 2.353449986e-07, 1.3940156407e-07, 2.47970348255e-07, 1.04969444692e-07, 9.64643618317e-08, 1.18907728108e-07, 4.20752286345e-08, 7.05511524757e-08, 4.08540543617e-08, 1.8227849452e-08, 1.03094093262e-08, 8.0756192844e-09, 5.10936093434e-09, 5.56819879094e-09, 4.02983468817e-09, 1.19507692631e-09, 1.1469567518e-09, 7.05677516422e-10, 5.09132291882e-10, 1.88600884909e-10, 2.16057866043e-10, 1.12670789365e-10, 3.79821868401e-11, 4.37895900096e-12, 3.41755547473e-11, 5.87132859692e-12, 1.43057711944e-13],
