{
"highlevel": {
    "danceability": {
        "all": {
            "danceable": 0.999961733818,
            "not_danceable": 3.82591279049e-05
        },
        "probability": 0.999961733818,
        "value": "danceable"
    },
    "gender": {
        "all": {
            "female": 0.858719825745,
            "male": 0.141280204058
        },
        "probability": 0.858719825745,
        "value": "female"
    },
    "genre_dortmund": {
        "all": {
            "alternative": 0.0278359074146,
            "blues": 0.0626735389233,
            "electronic": 0.0649683102965,
            "folkcountry": 0.0252827517688,
            "funksoulrnb": 0.0290572568774,
            "jazz": 0.031958270818,
            "pop": 0.0551120564342,
            "raphiphop": 0.596104562283,
            "rock": 0.107007332146
        },
        "probability": 0.596104562283,
        "value": "raphiphop"
    },
    "genre_electronic": {
        "all": {
            "ambient": 0.0830608457327,
            "dnb": 0.12572273612,
            "house": 0.705071687698,
            "techno": 0.0140313887969,
            "trance": 0.0721133574843
        },
        "probability": 0.705071687698,
        "value": "house"
    },
    "genre_rosamerica": {
        "all": {
            "cla": 0.000669046712574,
            "dan": 0.161270990968,
            "hip": 0.667907238007,
            "jaz": 0.00111882842612,
            "pop": 0.0330381989479,
            "rhy": 0.128398567438,
            "roc": 0.0064661661163,
            "spe": 0.00113095564302
        },
        "probability": 0.667907238007,
        "value": "hip"
    },
    "genre_tzanetakis": {
        "all": {
            "blu": 0.0626613423228,
            "cla": 0.0348169617355,
            "cou": 0.104475811124,
            "dis": 0.0784321576357,
            "hip": 0.15692435205,
            "jaz": 0.313974827528,
            "met": 0.0448166541755,
            "pop": 0.0627359300852,
            "reg": 0.0627360641956,
            "roc": 0.0784258767962
        },
        "probability": 0.313974827528,
        "value": "jaz"
    },
    "ismir04_rhythm": {
        "all": {
            "ChaChaCha": 0.241669818759,
            "Jive": 0.0690489932895,
            "Quickstep": 0.102402158082,
            "Rumba-American": 0.0176143236458,
            "Rumba-International": 0.0805094465613,
            "Rumba-Misc": 0.0312939807773,
            "Samba": 0.431341260672,
            "Tango": 0.0105775892735,
            "VienneseWaltz": 0.0104490648955,
            "Waltz": 0.00509338034317
        },
        "probability": 0.431341260672,
        "value": "Samba"
    },
    "mood_acoustic": {
        "all": {
            "acoustic": 0.0058760731481,
            "not_acoustic": 0.994123935699
        },
        "probability": 0.994123935699,
        "value": "not_acoustic"
    },
    "mood_aggressive": {
        "all": {
            "aggressive": 0.196362912655,
            "not_aggressive": 0.803637087345
        },
        "probability": 0.803637087345,
        "value": "not_aggressive"
    },
    "mood_electronic": {
        "all": {
            "electronic": 0.874334931374,
            "not_electronic": 0.125665038824
        },
        "probability": 0.874334931374,
        "value": "electronic"
    },
    "mood_happy": {
        "all": {
            "happy": 0.620899856091,
            "not_happy": 0.379100173712
        },
        "probability": 0.620899856091,
        "value": "happy"
    },
    "mood_party": {
        "all": {
            "not_party": 0.206635415554,
            "party": 0.793364584446
        },
        "probability": 0.793364584446,
        "value": "party"
    },
    "mood_relaxed": {
        "all": {
            "not_relaxed": 0.5,
            "relaxed": 0.5
        },
        "probability": 0.5,
        "value": "not_relaxed"
    },
    "mood_sad": {
        "all": {
            "not_sad": 0.795501708984,
            "sad": 0.204498261213
        },
        "probability": 0.795501708984,
        "value": "not_sad"
    },
    "moods_mirex": {
        "all": {
            "Cluster1": 0.415980428457,
            "Cluster2": 0.245892912149,
            "Cluster3": 0.110477238894,
            "Cluster4": 0.10437399894,
            "Cluster5": 0.123275406659
        },
        "probability": 0.415980428457,
        "value": "Cluster1"
    },
    "timbre": {
        "all": {
            "bright": 0.871542334557,
            "dark": 0.128457665443
        },
        "probability": 0.871542334557,
        "value": "bright"
    },
    "tonal_atonal": {
        "all": {
            "atonal": 0.680130541325,
            "tonal": 0.319869428873
        },
        "probability": 0.680130541325,
        "value": "atonal"
    },
    "voice_instrumental": {
        "all": {
            "instrumental": 0.00393414497375,
            "voice": 0.996065855026
        },
        "probability": 0.996065855026,
        "value": "voice"
    }
},
"lowlevel": {
    "average_loudness": 0.961689293385,
    "barkbands_crest": {
        "dmean": 3.20801877975,
        "dmean2": 5.18382835388,
        "dvar": 11.4094190598,
        "dvar2": 26.9961090088,
        "max": 26.2310276031,
        "mean": 15.9356374741,
        "median": 15.8361940384,
        "min": 3.42463827133,
        "var": 25.3874855042
    },
    "barkbands_flatness_db": {
        "dmean": 0.0430547520518,
        "dmean2": 0.0682301446795,
        "dvar": 0.00229793717153,
        "dvar2": 0.00531862908974,
        "max": 0.480934470892,
        "mean": 0.210388377309,
        "median": 0.196348875761,
        "min": 0.0355827696621,
        "var": 0.00610591424629
    },
    "barkbands_kurtosis": {
        "dmean": 17.8510932922,
        "dmean2": 29.1743106842,
        "dvar": 1221.31604004,
        "dvar2": 3327.1809082,
        "max": 375.179931641,
        "mean": 24.2751846313,
        "median": 7.06488895416,
        "min": -1.73179781437,
        "var": 1814.84899902
    },
    "barkbands_skewness": {
        "dmean": 1.34236466885,
        "dmean2": 2.12770485878,
        "dvar": 3.00375008583,
        "dvar2": 7.39775800705,
        "max": 18.2248458862,
        "mean": 3.50940489769,
        "median": 2.62068939209,
        "min": -0.30039358139,
        "var": 7.42565822601
    },
    "barkbands_spread": {
        "dmean": 8.04484176636,
        "dmean2": 13.2409286499,
        "dvar": 96.8178863525,
        "dvar2": 234.86277771,
        "max": 86.1775512695,
        "mean": 18.869146347,
        "median": 15.8626346588,
        "min": 0.326250165701,
        "var": 221.750961304
    },
    "dissonance": {
        "dmean": 0.0253242198378,
        "dmean2": 0.0422517731786,
        "dvar": 0.000756252498832,
        "dvar2": 0.00212388997898,
        "max": 0.499999970198,
        "mean": 0.459030836821,
        "median": 0.467205941677,
        "min": 0.285667091608,
        "var": 0.00113289360888
    },
    "dynamic_complexity": 3.54897904396,
    "erbbands_crest": {
        "dmean": 2.73036718369,
        "dmean2": 4.3445930481,
        "dvar": 6.48298358917,
        "dvar2": 15.3573579788,
        "max": 25.9519195557,
        "mean": 8.57045936584,
        "median": 7.86224365234,
        "min": 2.41336870193,
        "var": 15.0467386246
    },
    "erbbands_flatness_db": {
        "dmean": 0.0233073979616,
        "dmean2": 0.0334467701614,
        "dvar": 0.000573698082007,
        "dvar2": 0.00105001498014,
        "max": 0.257399469614,
        "mean": 0.139587938786,
        "median": 0.13209426403,
        "min": 0.0541331246495,
        "var": 0.00193552079145
    },
    "erbbands_kurtosis": {
        "dmean": 1.08932542801,
        "dmean2": 1.68853461742,
        "dvar": 1.62393534184,
        "dvar2": 3.73214125633,
        "max": 12.6921157837,
        "mean": 0.650660514832,
        "median": 0.0857310295105,
        "min": -1.79816138744,
        "var": 3.85669350624
    },
    "erbbands_skewness": {
        "dmean": 0.463598817587,
        "dmean2": 0.695559442043,
        "dvar": 0.170201361179,
        "dvar2": 0.367911547422,
        "max": 2.84597826004,
        "mean": 0.156059235334,
        "median": 0.225723907351,
        "min": -3.33228754997,
        "var": 0.786059617996
    },
    "erbbands_spread": {
        "dmean": 15.846534729,
        "dmean2": 22.8953342438,
        "dvar": 339.925842285,
        "dvar2": 654.191833496,
        "max": 199.73638916,
        "mean": 51.8467292786,
        "median": 45.2531929016,
        "min": 6.02547693253,
        "var": 982.461425781
    },
    "hfc": {
        "dmean": 11.6231536865,
        "dmean2": 16.0396690369,
        "dvar": 444.391937256,
        "dvar2": 764.886291504,
        "max": 224.179214478,
        "mean": 26.1668300629,
        "median": 14.3382701874,
        "min": 0.783402442932,
        "var": 1227.19226074
    },
    "melbands_crest": {
        "dmean": 3.97251939774,
        "dmean2": 6.32679700851,
        "dvar": 13.9956874847,
        "dvar2": 35.7055664062,
        "max": 36.608001709,
        "mean": 22.6706523895,
        "median": 23.194475174,
        "min": 5.93177032471,
        "var": 38.7377052307
    },
    "melbands_flatness_db": {
        "dmean": 0.0499603040516,
        "dmean2": 0.0775239616632,
        "dvar": 0.00298782647587,
        "dvar2": 0.0067301816307,
        "max": 0.592451691628,
        "mean": 0.28925716877,
        "median": 0.272865235806,
        "min": 0.0826799497008,
        "var": 0.00913122110069
    },
    "melbands_kurtosis": {
        "dmean": 54.3861808777,
        "dmean2": 87.1328659058,
        "dvar": 14021.7109375,
        "dvar2": 32449.171875,
        "max": 1251.78845215,
        "mean": 77.2344818115,
        "median": 29.0244102478,
        "min": -1.05988419056,
        "var": 22269.0507812
    },
    "melbands_skewness": {
        "dmean": 2.01213288307,
        "dmean2": 3.08517146111,
        "dvar": 7.23076438904,
        "dvar2": 15.0109968185,
        "max": 27.5279083252,
        "mean": 5.7495098114,
        "median": 4.58204698563,
        "min": 0.290879577398,
        "var": 18.4650001526
    },
    "melbands_spread": {
        "dmean": 6.30601739883,
        "dmean2": 10.2550945282,
        "dvar": 61.7269859314,
        "dvar2": 145.606124878,
        "max": 78.436920166,
        "mean": 13.5146932602,
        "median": 10.670759201,
        "min": 0.340530127287,
        "var": 142.944351196
    },
    "pitch_salience": {
        "dmean": 0.0924225524068,
        "dmean2": 0.152304008603,
        "dvar": 0.0108777889982,
        "dvar2": 0.0266766678542,
        "max": 0.846038639545,
        "mean": 0.361500918865,
        "median": 0.357337981462,
        "min": 0.0467667877674,
        "var": 0.0187685694546
    },
    "silence_rate_20dB": {
        "dmean": 0.00154798757285,
        "dmean2": 0.00309837330133,
        "dvar": 0.00154558604117,
        "dvar2": 0.00463793287054,
        "max": 1,
        "mean": 0.999226629734,
        "median": 1,
        "min": 0,
        "var": 0.000772796163801
    },
    "silence_rate_30dB": {
        "dmean": 0.0890092849731,
        "dmean2": 0.178156465292,
        "dvar": 0.0810855925083,
        "dvar2": 0.146416187286,
        "max": 1,
        "mean": 0.839133799076,
        "median": 1,
        "min": 0,
        "var": 0.134989112616
    },
    "silence_rate_60dB": {
        "dmean": 0,
        "dmean2": 0,
        "dvar": 0,
        "dvar2": 0,
        "max": 0,
        "mean": 0,
        "median": 0,
        "min": 0,
        "var": 0
    },
    "spectral_centroid": {
        "dmean": 359.398712158,
        "dmean2": 551.964294434,
        "dvar": 170057.21875,
        "dvar2": 371285.5625,
        "max": 3583.4387207,
        "mean": 1269.15319824,
        "median": 1156.25732422,
        "min": 161.852874756,
        "var": 565215.3125
    },
    "spectral_complexity": {
        "dmean": 4.20433425903,
        "dmean2": 6.28350114822,
        "dvar": 36.4629669189,
        "dvar2": 65.3866882324,
        "max": 66,
        "mean": 15.7254447937,
        "median": 14,
        "min": 1,
        "var": 127.225006104
    },
    "spectral_decrease": {
        "dmean": 7.38481054086e-09,
        "dmean2": 1.08297761869e-08,
        "dvar": 1.46195332362e-16,
        "dvar2": 2.33961855567e-16,
        "max": -9.8314512087e-10,
        "mean": -1.64065490083e-08,
        "median": -9.99930360734e-09,
        "min": -9.30109820274e-08,
        "var": 2.9214740745e-16
    },
    "spectral_energy": {
        "dmean": 0.0284860637039,
        "dmean2": 0.0411328449845,
        "dvar": 0.00211129104719,
        "dvar2": 0.00331717147492,
        "max": 0.354502290487,
        "mean": 0.0642955079675,
        "median": 0.0391363464296,
        "min": 0.00382324098609,
        "var": 0.00440110685304
    },
    "spectral_energyband_high": {
        "dmean": 0.0011353722075,
        "dmean2": 0.00158586585894,
        "dvar": 6.03369517194e-06,
        "dvar2": 1.10299070002e-05,
        "max": 0.024460118264,
        "mean": 0.00177599641029,
        "median": 0.000303817912936,
        "min": 4.95765050346e-07,
        "var": 1.46836910062e-05
    },
    "spectral_energyband_low": {
        "dmean": 0.0271290522069,
        "dmean2": 0.0408551283181,
        "dvar": 0.00229119253345,
        "dvar2": 0.00389348575845,
        "max": 0.34365567565,
        "mean": 0.0507625937462,
        "median": 0.0271562803537,
        "min": 0.00296397646889,
        "var": 0.00387820485048
    },
    "spectral_energyband_middle_high": {
        "dmean": 0.00182016345207,
        "dmean2": 0.00286241620779,
        "dvar": 7.74834097683e-06,
        "dvar2": 1.99881997105e-05,
        "max": 0.0250227320939,
        "mean": 0.00405207742006,
        "median": 0.00248809205368,
        "min": 7.50360868551e-06,
        "var": 1.92675724975e-05
    },
    "spectral_energyband_middle_low": {
        "dmean": 0.00515056028962,
        "dmean2": 0.00876023061574,
        "dvar": 0.000159304749104,
        "dvar2": 0.000430506013799,
        "max": 0.103484660387,
        "mean": 0.00785180367529,
        "median": 0.00550665240735,
        "min": 0.000210763100768,
        "var": 0.000126681654365
    },
    "spectral_entropy": {
        "dmean": 0.289741903543,
        "dmean2": 0.422381430864,
        "dvar": 0.101426780224,
        "dvar2": 0.221641942859,
        "max": 8.50086975098,
        "mean": 7.48269748688,
        "median": 7.46658945084,
        "min": 5.77690505981,
        "var": 0.304263204336
    },
    "spectral_flux": {
        "dmean": 0.0501373112202,
        "dmean2": 0.0778832137585,
        "dvar": 0.00371874705888,
        "dvar2": 0.00697286101058,
        "max": 0.496016889811,
        "mean": 0.125703856349,
        "median": 0.0940383523703,
        "min": 0.0135365873575,
        "var": 0.00995775125921
    },
    "spectral_kurtosis": {
        "dmean": 2.17211318016,
        "dmean2": 3.45281171799,
        "dvar": 9.25881481171,
        "dvar2": 20.6581268311,
        "max": 35.9736709595,
        "mean": 4.20899248123,
        "median": 2.92641735077,
        "min": -1.27137577534,
        "var": 18.7967300415
    },
    "spectral_rms": {
        "dmean": 0.00154084165115,
        "dmean2": 0.00220086681657,
        "dvar": 3.71803002963e-06,
        "dvar2": 5.78589833822e-06,
        "max": 0.0185972005129,
        "mean": 0.00721024116501,
        "median": 0.00617914274335,
        "min": 0.00193131854758,
        "var": 1.07398172986e-05
    },
    "spectral_rolloff": {
        "dmean": 480.997680664,
        "dmean2": 871.82220459,
        "dvar": 923889.25,
        "dvar2": 2618260.25,
        "max": 7622.75390625,
        "mean": 669.278564453,
        "median": 301.46484375,
        "min": 43.06640625,
        "var": 802677.125
    },
    "spectral_skewness": {
        "dmean": 0.335778683424,
        "dmean2": 0.51264667511,
        "dvar": 0.14224383235,
        "dvar2": 0.297405391932,
        "max": 4.68565750122,
        "mean": 1.55802130699,
        "median": 1.51321399212,
        "min": 0.220874577761,
        "var": 0.452057719231
    },
    "spectral_spread": {
        "dmean": 1060316,
        "dmean2": 1485854,
        "dvar": 1.54374242304e+12,
        "dvar2": 2.82007358669e+12,
        "max": 16423927,
        "mean": 5415786.5,
        "median": 5279368.5,
        "min": 1289557.75,
        "var": 4.89382687539e+12
    },
    "spectral_strongpeak": {
        "dmean": 0.226796269417,
        "dmean2": 0.37327554822,
        "dvar": 0.135084614158,
        "dvar2": 0.320664525032,
        "max": 6.14354038239,
        "mean": 0.395413815975,
        "median": 0.268487453461,
        "min": 0,
        "var": 0.155620574951
    },
    "zerocrossingrate": {
        "dmean": 0.0116541245952,
        "dmean2": 0.0160591956228,
        "dvar": 0.000145215555676,
        "dvar2": 0.00022189442825,
        "max": 0.17919921875,
        "mean": 0.0388000458479,
        "median": 0.0341796875,
        "min": 0.00244140625,
        "var": 0.00062116002664
    },
    "barkbands": {
        "dmean": [0.00294141098857, 0.0258846525103, 0.00613652262837, 0.00242651882581, 0.00172445725184, 0.000432040949818, 0.000838912674226, 0.000444731995231, 0.000609657494351, 0.000337979960022, 0.000302967382595, 0.000285880931187, 0.000319603044773, 0.000410801294493, 0.000335183518473, 0.000226430522162, 0.000187769459444, 0.00023469273583, 0.000150501815369, 0.00019334218814, 0.000208093741094, 0.000252617901424, 0.000284324079985, 0.000203512085136, 0.000173062435351, 4.73490799777e-05, 3.74978469608e-07],
        "dmean2": [0.00495315156877, 0.0411567762494, 0.010898033157, 0.00432248320431, 0.00300319865346, 0.000736922142096, 0.00137523608282, 0.000735859677661, 0.000877322279848, 0.000548500160221, 0.000501806847751, 0.000443222641479, 0.000502260576468, 0.00067330012098, 0.000516786240041, 0.000362807215424, 0.0002850011806, 0.000369457324268, 0.000225346215302, 0.000287340779323, 0.000305898691295, 0.000371570728021, 0.000412356428569, 0.000319233804476, 0.000252899015322, 7.47549493099e-05, 5.89082389979e-07],
        "dvar": [2.5801216907e-05, 0.00247620674782, 0.000289211107884, 6.34401367279e-05, 1.42346352732e-05, 1.01286002518e-06, 2.08483288588e-06, 7.31041211566e-07, 8.99438589386e-07, 5.57326359285e-07, 5.12483268267e-07, 4.20165463311e-07, 4.36289525396e-07, 6.32721082638e-07, 7.55772191496e-07, 3.03538570279e-07, 2.16261312858e-07, 1.48730123328e-07, 6.46657127845e-08, 2.29979164601e-07, 2.69883571491e-07, 3.44024385868e-07, 4.62731264861e-07, 1.87215405845e-07, 1.52183162072e-07, 6.80666056851e-09, 2.43854567615e-12],
        "dvar2": [8.71755182743e-05, 0.00498777674511, 0.00080873031402, 0.000174244167283, 3.96170362365e-05, 2.82546102426e-06, 5.36944753549e-06, 1.87869454749e-06, 1.65198412105e-06, 1.18763318824e-06, 1.23999473089e-06, 9.56775352279e-07, 1.04455011751e-06, 1.59009891831e-06, 1.7501166667e-06, 6.51663413009e-07, 4.98920257996e-07, 3.49070859329e-07, 1.40177817798e-07, 5.32976571321e-07, 5.32540013864e-07, 6.8126627184e-07, 1.08694507617e-06, 4.13860703929e-07, 3.02169866018e-07, 1.54052610668e-08, 5.82934265095e-12],
        "max": [0.0462365373969, 0.338554829359, 0.110232621431, 0.0690393671393, 0.0363620258868, 0.00992754939944, 0.015015005134, 0.0114700431004, 0.0107793761417, 0.0118185570464, 0.00755661493167, 0.0097041297704, 0.00770750828087, 0.00894598010927, 0.0170432478189, 0.00857626739889, 0.00791252125055, 0.00434364657849, 0.00276286457665, 0.00506099220365, 0.00550582446158, 0.00622273888439, 0.0075441878289, 0.00386776751839, 0.0046724579297, 0.00110334227793, 2.36955929722e-05],
        "mean": [0.00396986911073, 0.041331935674, 0.00536704622209, 0.00189084024169, 0.0022310053464, 0.000531659054104, 0.0012341538677, 0.000593478092924, 0.00124694826081, 0.00045517043327, 0.00039116514381, 0.000419768097345, 0.000447144324426, 0.000553786056116, 0.000494550331496, 0.000319285667501, 0.000271519151283, 0.000410657376051, 0.000231961457757, 0.000234907522099, 0.000307715934468, 0.000372346636141, 0.00037777563557, 0.000326104054693, 0.000234626422753, 4.98220397276e-05, 3.01905771494e-07],
        "median": [0.00218687951565, 0.0194615758955, 0.00204906146973, 0.000378044496756, 0.00122163153719, 0.000229370285524, 0.000526281190105, 0.000191988670849, 0.000338117155479, 0.000111996138003, 6.08587106399e-05, 0.000104321232357, 8.35462196846e-05, 0.00012660723587, 0.000102347366919, 6.02199288551e-05, 4.66124292871e-05, 0.000140514966915, 7.50799881644e-05, 4.22947559855e-05, 2.13004404941e-05, 4.88902369398e-05, 5.80112500757e-05, 6.9240340963e-05, 1.65007331816e-05, 6.46822263661e-06, 1.04385344812e-09],
        "min": [1.3427430531e-05, 0.00052902137395, 9.41187772696e-06, 3.48773119185e-06, 2.38346274273e-05, 7.98023302195e-06, 1.57503836817e-06, 4.35434139945e-06, 1.02210401565e-06, 1.01216062376e-06, 3.72599743059e-07, 4.90782667839e-07, 1.94054138092e-07, 3.28695904273e-07, 3.31257183461e-07, 1.53012763349e-07, 1.58720879995e-07, 2.92465074381e-07, 7.57314779776e-08, 1.2176492703e-07, 2.36260557784e-08, 7.92614187617e-08, 5.29787200776e-08, 1.66304534588e-08, 5.22971284334e-11, 1.50609698324e-11, 1.15716845828e-11],
        "var": [2.37663298321e-05, 0.0032416540198, 0.000186595570995, 4.21669683419e-05, 1.13816604426e-05, 8.97018935575e-07, 2.83271992885e-06, 1.02848071037e-06, 3.65467190022e-06, 1.13307316951e-06, 7.9909671058e-07, 9.0788222451e-07, 8.61952798914e-07, 1.02705348581e-06, 1.39773999308e-06, 6.06288949712e-07, 4.61791898942e-07, 3.67410706303e-07, 1.45351393144e-07, 3.2286015994e-07, 5.51708922103e-07, 7.85994586749e-07, 8.11907170828e-07, 3.72338746502e-07, 2.83495523945e-07, 9.9263299802e-09, 2.15161200488e-12]
    },
    "erbbands": {
        "dmean": [0.910786986351, 5.7498588562, 7.83263874054, 6.92718791962, 7.45772981644, 5.42626428604, 4.23253774643, 3.62763834, 10.2637529373, 13.6104784012, 7.3614692688, 11.9707260132, 15.3028450012, 9.96975421906, 11.6081943512, 10.3151473999, 12.7592229843, 17.6144886017, 20.4187450409, 13.8487615585, 11.1389760971, 12.0424041748, 13.318696022, 7.23885250092, 8.65754318237, 8.64069461823, 7.57190036774, 9.32069301605, 9.72238445282, 10.2484560013, 6.67883110046, 5.25822687149, 2.9769282341, 2.17682480812, 1.12401163578, 0.306321114302, 0.0745408684015, 0.00498595647514, 0.00014863377146, 3.98074043915e-05],
        "dmean2": [1.44739305973, 9.01062870026, 12.8116436005, 12.2605400085, 13.6454401016, 9.05382919312, 7.18765592575, 6.08160734177, 17.1173286438, 22.0847702026, 12.0519418716, 17.6708374023, 23.2784061432, 16.1938610077, 18.4274730682, 16.4335403442, 20.0748996735, 27.8220043182, 31.7379512787, 21.4461307526, 17.1653823853, 17.9522647858, 20.9441242218, 10.89341259, 13.0318021774, 12.7694530487, 10.6162319183, 13.8677625656, 14.9921693802, 15.4546833038, 9.6279706955, 8.29457759857, 4.58830690384, 3.12527489662, 1.66471374035, 0.466801226139, 0.12131447345, 0.00815185252577, 0.000217536129639, 5.13369632245e-05],
        "dvar": [1.92786622047, 148.167510986, 424.601959229, 393.765228271, 667.752380371, 68.6212844849, 65.9952011108, 72.9048690796, 440.778747559, 483.448150635, 166.590896606, 354.793731689, 711.275695801, 508.934020996, 695.155700684, 510.703186035, 656.114868164, 1253.29943848, 2483.62475586, 1453.32580566, 653.571044922, 879.967895508, 510.756591797, 119.551689148, 276.313476562, 482.27520752, 327.238616943, 524.86126709, 615.903076172, 632.936218262, 219.130752563, 128.918395996, 37.9569664001, 22.0409164429, 6.69876766205, 0.325390964746, 0.0190736483783, 9.58653763519e-05, 9.79966543468e-08, 3.80645071019e-09],
        "dvar2": [4.80773687363, 293.311767578, 1124.84631348, 1088.16564941, 1892.85998535, 182.047668457, 180.415924072, 202.067108154, 1130.86791992, 1182.98706055, 438.145141602, 748.046447754, 1562.5012207, 1179.65039062, 1722.89111328, 1156.01940918, 1477.68359375, 2974.5949707, 5775.61572266, 3561.38964844, 1320.25256348, 1982.16516113, 1238.29125977, 270.290588379, 580.975280762, 1108.82409668, 611.525756836, 1063.55236816, 1320.6739502, 1443.7565918, 496.229614258, 295.785522461, 80.2977981567, 40.8960952759, 14.8560161591, 0.689239740372, 0.0471725873649, 0.000234494902543, 2.10481047702e-07, 5.82870018917e-09],
        "max": [12.559803009, 83.3459320068, 139.490325928, 157.340545654, 202.942337036, 74.1533203125, 93.4573898315, 87.1350402832, 228.812652588, 168.341903687, 147.796417236, 266.464294434, 293.844421387, 360.178710938, 298.119415283, 364.317626953, 347.162506104, 487.255889893, 1084.30078125, 592.708312988, 551.926269531, 537.84979248, 291.724060059, 119.029762268, 188.463592529, 229.716415405, 160.525909424, 219.485168457, 251.460998535, 266.081634521, 155.368240356, 103.708992004, 61.5495986938, 65.3579406738, 28.4090137482, 7.35942697525, 1.95197582245, 0.131466820836, 0.00449456600472, 0.000648305402137],
        "mean": [1.38238978386, 8.33452129364, 8.7437171936, 5.85797262192, 6.73700237274, 7.95383214951, 5.96400785446, 4.62676382065, 12.6737766266, 21.5435428619, 11.4926939011, 23.4479293823, 25.9283428192, 14.2483024597, 16.8258781433, 15.3145952225, 20.543510437, 29.4151439667, 29.001707077, 21.9771270752, 17.4290447235, 18.8613834381, 22.5150356293, 12.2793312073, 13.1864347458, 10.6601886749, 11.0547990799, 13.3854541779, 13.5189437866, 13.2925024033, 9.78870010376, 8.2666759491, 4.43939685822, 3.01876115799, 1.40212929249, 0.341399908066, 0.0736885517836, 0.00476218247786, 0.000185146986041, 8.70203002705e-05],
        "median": [0.804132521152, 3.37904334068, 3.66519379616, 1.70091187954, 2.2864985466, 4.44435834885, 2.91775226593, 1.99529063702, 4.53964090347, 9.59519958496, 5.29458808899, 7.44865322113, 6.62625312805, 4.73155069351, 4.17842006683, 4.14679861069, 4.50845527649, 7.11121034622, 6.28974866867, 4.63423395157, 3.42919111252, 3.80587506294, 7.80887842178, 5.60407924652, 3.85703778267, 1.93568646908, 0.942535221577, 0.907791435719, 1.57105672359, 1.91753804684, 1.61461019516, 1.68869721889, 0.6017100811, 0.235611468554, 0.0939477831125, 0.0378768928349, 0.0111851859838, 0.000486333301524, 4.13859743276e-05, 4.81447204947e-05],
        "min": [0.0122109483927, 0.12316852808, 0.144651383162, 0.0680222213268, 0.0496032983065, 0.0569367446005, 0.0919056236744, 0.0858779922128, 0.0756091177464, 0.133986845613, 0.131270512938, 0.0335188470781, 0.0528002679348, 0.0301949083805, 0.0242455396801, 0.0197149552405, 0.014272374101, 0.0173967778683, 0.0287788305432, 0.00887337513268, 0.0103023611009, 0.010098147206, 0.0155200092122, 0.00827124342322, 0.00800698716193, 0.00596036296338, 0.00420776754618, 0.00271192425862, 0.00314893154427, 0.00214385450818, 0.000967983156443, 0.000858339539263, 0.000151893415023, 2.51834990195e-05, 9.15268537938e-06, 6.6567158683e-06, 4.08501000493e-06, 3.39049819331e-07, 2.44322382059e-06, 4.42687087343e-06],
        "var": [2.51390123367, 184.21685791, 345.493347168, 257.221069336, 418.630371094, 100.465805054, 71.2354354858, 69.4205627441, 476.952789307, 850.53112793, 264.908172607, 1305.62792969, 1843.96386719, 889.088439941, 1133.95227051, 1017.99420166, 1508.62927246, 2930.05444336, 4168.61035156, 3352.44433594, 1677.68249512, 2177.1081543, 1206.96508789, 288.064422607, 569.679016113, 674.228210449, 708.623413086, 1077.61315918, 1163.15966797, 1089.54956055, 468.199249268, 249.505889893, 75.0490875244, 45.4690132141, 10.6722450256, 0.533712148666, 0.0214842148125, 0.000107111110992, 1.37703622727e-07, 9.45436440247e-09]
    },
    "gfcc": {
        "mean": [-4.10132741928, 99.447769165, -88.7128829956, 50.0282058716, -50.6509552002, 34.5807189941, -29.6108798981, 20.3858795166, -7.48740053177, 4.31880569458, -6.38666534424, 0.250648289919, -11.4278507233],
        "cov": [[5389.59228516, -2043.55664062, -855.739257812, 196.908599854, -347.742980957, 397.199920654, -311.61340332, 321.542449951, -493.128051758, 163.100097656, -363.796630859, 76.1093597412, -156.779464722], [-2043.55664062, 1617.734375, -213.985534668, -370.390014648, 215.247116089, -298.470275879, 183.870239258, -215.741867065, 257.63381958, -237.254501343, 256.535766602, -95.5938491821, 45.9628868103], [-855.739257812, -213.985534668, 1156.43933105, 113.448348999, -71.6815414429, 70.5554885864, -51.023273468, 3.65152597427, -37.1579780579, 122.705940247, -56.1961517334, 40.0120544434, 12.1840696335], [196.908599854, -370.390014648, 113.448348999, 459.096618652, -26.1184749603, -8.37495517731, -20.2364330292, -22.2389564514, 19.8452968597, -0.0517159588635, -41.4880409241, -38.1455726624, 79.7930755615], [-347.742980957, 215.247116089, -71.6815414429, -26.1184749603, 270.45199585, -61.4375419617, -23.9627532959, 36.0107421875, 77.2084503174, -37.0963249207, 7.06381368637, 4.16241073608, 41.0949287415], [397.199920654, -298.470275879, 70.5554885864, -8.37495517731, -61.4375419617, 298.743560791, 21.0932273865, 12.8144731522, -57.0660934448, 37.0825500488, -0.0571303702891, -20.327173233, -5.60551357269], [-311.61340332, 183.870239258, -51.023273468, -20.2364330292, -23.9627532959, 21.0932273865, 279.083221436, -63.9289550781, -33.7612342834, -25.8006668091, 74.3609313965, -12.3495540619, -25.5245933533], [321.542449951, -215.741867065, 3.65152597427, -22.2389564514, 36.0107421875, 12.8144731522, -63.9289550781, 188.1615448, -14.5704774857, 34.6015663147, -29.8917503357, 35.7907600403, 7.84292936325], [-493.128051758, 257.63381958, -37.1579780579, 19.8452968597, 77.2084503174, -57.0660934448, -33.7612342834, -14.5704774857, 194.556228638, -42.9176979065, 44.8394584656, -29.183134079, 60.4044075012], [163.100097656, -237.254501343, 122.705940247, -0.0517159588635, -37.0963249207, 37.0825500488, -25.8006668091, 34.6015663147, -42.9176979065, 146.897293091, -28.6387042999, 5.71754407883, -18.2765159607], [-363.796630859, 256.535766602, -56.1961517334, -41.4880409241, 7.06381368637, -0.0571303702891, 74.3609313965, -29.8917503357, 44.8394584656, -28.6387042999, 141.08833313, -16.8264369965, 17.0665626526], [76.1093597412, -95.5938491821, 40.0120544434, -38.1455726624, 4.16241073608, -20.327173233, -12.3495540619, 35.7907600403, -29.183134079, 5.71754407883, -16.8264369965, 106.651451111, -16.8979377747], [-156.779464722, 45.9628868103, 12.1840696335, 79.7930755615, 41.0949287415, -5.60551357269, -25.5245933533, 7.84292936325, 60.4044075012, -18.2765159607, 17.0665626526, -16.8979377747, 108.38709259]],
        "icov": [[0.000828429940157, 0.000898065278307, 0.0007962732343, 0.000198229594389, 0.000388058571843, -0.000184325719601, 0.000586888287216, -0.000297297810903, 0.000975094211753, 0.000531892466825, 0.000316689052852, 0.000414800946601, 0.000146150807268], [0.000898065278307, 0.00814600288868, -0.000341861625202, 0.00701111461967, -0.00222222181037, 0.00583393732086, -0.0015829076292, 0.00472924113274, -0.00204988825135, 0.00676395790651, -0.00549493031576, 0.00650864932686, -0.00268622860312], [0.0007962732343, -0.000341861625202, 0.00199136580341, -0.00117670441978, 0.000946379732341, -0.00138926343061, 0.00101515743881, -0.000878056394868, 0.0013595103519, -0.00134671595879, 0.00145545904525, -0.00119315308984, 0.000411174725741], [0.000198229594389, 0.00701111461967, -0.00117670441978, 0.00937771890312, -0.00188273773529, 0.00594906974584, -0.00222022552043, 0.0049943854101, -0.00257659587078, 0.00608210591599, -0.00414515798911, 0.00670981174335, -0.0051603205502], [0.000388058571843, -0.00222222181037, 0.000946379732341, -0.00188273773529, 0.00588885368779, -0.00168613251299, 0.000878651626408, -0.0030133118853, 0.000167967300513, -0.0013627987355, 0.00290402187966, -0.00219540437683, -0.000234602426644], [-0.000184325719601, 0.00583393732086, -0.00138926343061, 0.00594906974584, -0.00168613251299, 0.00902023911476, -0.00222605559975, 0.00381870823912, -0.00172167841811, 0.00464730337262, -0.00520624034107, 0.0062183602713, -0.00312640238553], [0.000586888287216, -0.0015829076292, 0.00101515743881, -0.00222022552043, 0.000878651626408, -0.00222605559975, 0.00604552961886, -0.000570398464333, 0.00311841443181, -0.00101535161957, -0.000830414355733, -0.00147841393482, 0.00204840791412], [-0.000297297810903, 0.00472924113274, -0.000878056394868, 0.0049943854101, -0.0030133118853, 0.00381870823912, -0.000570398464333, 0.0104740299284, -0.00196213484742, 0.00263099116273, -0.00379485543817, 0.0020618820563, -0.00310972263105], [0.000975094211753, -0.00204988825135, 0.0013595103519, -0.00257659587078, 0.000167967300513, -0.00172167841811, 0.00311841443181, -0.00196213484742, 0.0107616493478, -0.000983452657238, 0.000471704668598, -0.000455450528534, -0.00156122236513], [0.000531892466825, 0.00676395790651, -0.00134671595879, 0.00608210591599, -0.0013627987355, 0.00464730337262, -0.00101535161957, 0.00263099116273, -0.000983452657238, 0.01439111121, -0.00434655603021, 0.0063461959362, -0.00144903291948], [0.000316689052852, -0.00549493031576, 0.00145545904525, -0.00414515798911, 0.00290402187966, -0.00520624034107, -0.000830414355733, -0.00379485543817, 0.000471704668598, -0.00434655603021, 0.0151571342722, -0.00430209562182, 0.00033184379572], [0.000414800946601, 0.00650864932686, -0.00119315308984, 0.00670981174335, -0.00219540437683, 0.0062183602713, -0.00147841393482, 0.0020618820563, -0.000455450528534, 0.0063461959362, -0.00430209562182, 0.0167572330683, -0.00169513619039], [0.000146150807268, -0.00268622860312, 0.000411174725741, -0.0051603205502, -0.000234602426644, -0.00312640238553, 0.00204840791412, -0.00310972263105, -0.00156122236513, -0.00144903291948, 0.00033184379572, -0.00169513619039, 0.0152733316645]]
    },
    "melbands": {
        "dmean": [0.00769981741905, 0.00485319411382, 0.00128786638379, 0.000432724191342, 0.000168014055816, 8.25959577924e-05, 0.000159104907652, 0.000140044416185, 5.86714595556e-05, 8.29756900202e-05, 7.67642777646e-05, 4.17082446802e-05, 4.30708350905e-05, 2.93196371786e-05, 3.14206081384e-05, 3.13553719025e-05, 3.45952648786e-05, 3.77862015739e-05, 1.77370275196e-05, 1.62702508533e-05, 1.27236471599e-05, 1.28301271616e-05, 1.34314332172e-05, 1.03331194623e-05, 5.73424586037e-06, 6.60331079416e-06, 7.01807084624e-06, 5.40952396477e-06, 4.75367778563e-06, 5.27395741301e-06, 5.55941642233e-06, 5.93629420109e-06, 4.6261911848e-06, 6.38253231955e-06, 3.96669747715e-06, 4.00924682253e-06, 3.0059331948e-06, 2.38242319028e-06, 1.93416281036e-06, 1.9174794943e-06],
        "dmean2": [0.0122433239594, 0.00668262178078, 0.00230319658294, 0.000759623944759, 0.000282792636426, 0.000139082971145, 0.000265464012045, 0.000229783618124, 9.34146955842e-05, 0.000121472716273, 0.000117063835205, 6.62451348035e-05, 6.90825618221e-05, 4.68474754598e-05, 4.91192477057e-05, 4.83688199893e-05, 5.50001968804e-05, 5.96595746174e-05, 2.74653266388e-05, 2.57763767877e-05, 1.95670982066e-05, 1.94327749341e-05, 2.16769913095e-05, 1.63246459124e-05, 9.04149419512e-06, 1.00285624285e-05, 1.08364156404e-05, 7.96192944108e-06, 6.68943630444e-06, 8.02498834673e-06, 8.23439131636e-06, 9.28363624553e-06, 6.77427397022e-06, 1.0016201486e-05, 5.83152768741e-06, 6.16420402366e-06, 4.75428214486e-06, 3.87470299756e-06, 2.67146174338e-06, 2.90099342237e-06],
        "dvar": [0.000180003640708, 0.000115122740681, 1.47081254909e-05, 1.15001591894e-06, 8.63945928131e-08, 3.7215698967e-08, 9.56938563945e-08, 5.41118652109e-08, 9.56311296818e-09, 1.61387312403e-08, 1.78233179327e-08, 8.88467877047e-09, 9.58186152644e-09, 5.35355804132e-09, 4.49593606788e-09, 5.22125542801e-09, 5.00038366269e-09, 7.95516630347e-09, 1.99376204435e-09, 1.83266102294e-09, 9.35402311164e-10, 1.38368827507e-09, 7.06413705309e-10, 2.54144316703e-10, 8.69638597245e-11, 1.59225549412e-10, 2.38511932427e-10, 2.00650468463e-10, 1.28339366912e-10, 2.24366802914e-10, 1.89529419936e-10, 2.56463350556e-10, 1.06324206384e-10, 2.7915511569e-10, 8.46755304762e-11, 7.16312148485e-11, 4.43399553185e-11, 2.59653028245e-11, 1.51719088681e-11, 1.8992668549e-11],
        "dvar2": [0.000402381207095, 0.000243804650381, 4.09055646742e-05, 3.19265086546e-06, 2.35697228845e-07, 1.03327984391e-07, 2.4574615054e-07, 1.34548500341e-07, 2.42431159592e-08, 3.21647029011e-08, 3.86212448689e-08, 1.90911642051e-08, 2.25928697972e-08, 1.21415810739e-08, 1.01547747988e-08, 1.10095985661e-08, 1.19073684246e-08, 1.89307787224e-08, 4.81026551924e-09, 4.24058477222e-09, 1.87879911628e-09, 3.15015502572e-09, 1.70920555487e-09, 5.6277676963e-10, 2.1366919345e-10, 3.40784872543e-10, 5.68195379635e-10, 4.57260618258e-10, 2.46443920826e-10, 5.05162578435e-10, 3.88472670698e-10, 5.68362856779e-10, 2.05772232587e-10, 6.88264500948e-10, 1.96358901361e-10, 1.76452005785e-10, 1.03797262452e-10, 6.32699379e-11, 2.6788760446e-11, 3.77978204291e-11],
        "max": [0.105983786285, 0.0775713250041, 0.0307048857212, 0.0100710084662, 0.00315369269811, 0.00202010944486, 0.00326785049401, 0.0019860919565, 0.000999545212835, 0.00147528445814, 0.00147352530621, 0.00168831238989, 0.0012013153173, 0.00123832607642, 0.000872831966262, 0.00105729047209, 0.0010857678717, 0.00175373977982, 0.000651098438539, 0.000750203558709, 0.000584960740525, 0.000692088913638, 0.000373507326003, 0.000146183156176, 8.96939818631e-05, 0.000139830444823, 0.000161382704391, 0.000149450977915, 0.000107996987936, 0.000246543029789, 0.000131889639306, 0.000158768132678, 0.00010757023847, 0.000177904963493, 8.9426554041e-05, 9.1420384706e-05, 7.18377559679e-05, 4.54627552244e-05, 4.42726959591e-05, 6.19407583144e-05],
        "mean": [0.0121685089543, 0.00701530138031, 0.00108813564293, 0.000518998363987, 0.000249777542194, 0.000101182078652, 0.000209753707168, 0.000219867826672, 9.04162880033e-05, 0.000165428020409, 0.000129690495669, 5.67620627407e-05, 6.03592743573e-05, 4.20823889726e-05, 4.19542120653e-05, 5.18514607393e-05, 5.21121328347e-05, 4.9605510867e-05, 2.69886022579e-05, 2.47096777457e-05, 1.84454947885e-05, 1.89003258129e-05, 2.10253747355e-05, 1.7757209207e-05, 8.71064094099e-06, 9.7237953014e-06, 9.12049654289e-06, 6.39931840851e-06, 6.59687975713e-06, 7.37522987038e-06, 7.87682347436e-06, 7.96230779088e-06, 6.74213788443e-06, 7.6844207797e-06, 5.61868228033e-06, 5.58056535738e-06, 4.63892229163e-06, 3.1505703646e-06, 2.65258586296e-06, 2.54971564573e-06],
        "median": [0.00639144238085, 0.00292377569713, 0.000317181664286, 0.000254543323535, 0.00013243794092, 4.05560567742e-05, 8.43611051096e-05, 9.91295964923e-05, 3.25393084495e-05, 4.54404726042e-05, 2.79466639768e-05, 1.59379524121e-05, 1.29358722916e-05, 1.00265588117e-05, 8.80356674315e-06, 9.29002271732e-06, 1.14591512101e-05, 9.41097368923e-06, 6.23918731435e-06, 4.74757507618e-06, 3.21069455822e-06, 2.83186068373e-06, 5.58235433346e-06, 6.3028896875e-06, 3.52136976289e-06, 2.75837669506e-06, 2.16231546801e-06, 9.12695838906e-07, 5.23114522366e-07, 4.99447310176e-07, 4.92120079798e-07, 7.7721102798e-07, 1.15600562367e-06, 1.00492445654e-06, 8.22257902655e-07, 1.21795244468e-06, 8.98470659649e-07, 3.87282028669e-07, 2.80932056285e-07, 1.64133624025e-07],
        "min": [0.000200118374778, 0.000164611032233, 8.53318488225e-06, 4.011783858e-06, 3.43189526575e-06, 1.40785778058e-06, 9.07153207663e-07, 1.7441301452e-06, 6.36791810393e-07, 1.67236464677e-07, 2.40130930251e-07, 8.73002008461e-08, 5.86737236574e-08, 4.98102785684e-08, 2.75338241096e-08, 1.98132603657e-08, 2.6216390836e-08, 3.86558163257e-08, 1.73710255069e-08, 8.53756709773e-09, 6.58617604898e-09, 9.09231179236e-09, 8.9064906561e-09, 1.03721289335e-08, 5.02351094056e-09, 2.18408557906e-09, 6.81611256326e-09, 1.24292937054e-10, 8.96975660414e-10, 2.13248668723e-10, 1.46151546421e-09, 1.67327462997e-09, 9.87459336521e-10, 3.9354589032e-10, 1.7736166702e-10, 1.13646148048e-09, 2.65842264868e-10, 4.14515644032e-11, 5.98871213037e-13, 4.70296111083e-13],
