{
"highlevel": {
    "danceability": {
        "all": {
            "danceable": 0.520024418831,
            "not_danceable": 0.479975581169
        },
        "probability": 0.520024418831,
        "value": "danceable"
    },
    "gender": {
        "all": {
            "female": 0.130213320255,
            "male": 0.869786679745
        },
        "probability": 0.869786679745,
        "value": "male"
    },
    "genre_dortmund": {
        "all": {
            "alternative": 0.0153865022585,
            "blues": 0.118835702538,
            "electronic": 0.00545592838898,
            "folkcountry": 0.456183612347,
            "funksoulrnb": 0.0585061609745,
            "jazz": 0.163627713919,
            "pop": 0.123180516064,
            "raphiphop": 0.0106526464224,
            "rock": 0.0481712222099
        },
        "probability": 0.456183612347,
        "value": "folkcountry"
    },
    "genre_electronic": {
        "all": {
            "ambient": 0.572249650955,
            "dnb": 0.120441824198,
            "house": 0.266864955425,
            "techno": 0.0192176327109,
            "trance": 0.0212259553373
        },
        "probability": 0.572249650955,
        "value": "ambient"
    },
    "genre_rosamerica": {
        "all": {
            "cla": 0.0107142124325,
            "dan": 0.0010371953249,
            "hip": 0.00354062323458,
            "jaz": 0.0427088178694,
            "pop": 0.0861635431647,
            "rhy": 0.850577890873,
            "roc": 0.00199201446958,
            "spe": 0.00326569727622
        },
        "probability": 0.850577890873,
        "value": "rhy"
    },
    "genre_tzanetakis": {
        "all": {
            "blu": 0.0626613423228,
            "cla": 0.0348169617355,
            "cou": 0.104475811124,
            "dis": 0.0784321576357,
            "hip": 0.15692435205,
            "jaz": 0.313974827528,
            "met": 0.0448166541755,
            "pop": 0.0627359300852,
            "reg": 0.0627360641956,
            "roc": 0.0784258767962
        },
        "probability": 0.313974827528,
        "value": "jaz"
    },
    "ismir04_rhythm": {
        "all": {
            "ChaChaCha": 0.0226800125092,
            "Jive": 0.0163444038481,
            "Quickstep": 0.728755354881,
            "Rumba-American": 0.0116826407611,
            "Rumba-International": 0.128980591893,
            "Rumba-Misc": 0.00610950868577,
            "Samba": 0.0245624892414,
            "Tango": 0.013928311877,
            "VienneseWaltz": 0.0312553457916,
            "Waltz": 0.0157013349235
        },
        "probability": 0.728755354881,
        "value": "Quickstep"
    },
    "mood_acoustic": {
        "all": {
            "acoustic": 0.894661426544,
            "not_acoustic": 0.105338551104
        },
        "probability": 0.894661426544,
        "value": "acoustic"
    },
    "mood_aggressive": {
        "all": {
            "aggressive": 0.00552896549925,
            "not_aggressive": 0.994471013546
        },
        "probability": 0.994471013546,
        "value": "not_aggressive"
    },
    "mood_electronic": {
        "all": {
            "electronic": 0.0577710941434,
            "not_electronic": 0.942228913307
        },
        "probability": 0.942228913307,
        "value": "not_electronic"
    },
    "mood_happy": {
        "all": {
            "happy": 0.774001121521,
            "not_happy": 0.225998878479
        },
        "probability": 0.774001121521,
        "value": "happy"
    },
    "mood_party": {
        "all": {
            "not_party": 0.800509095192,
            "party": 0.199490919709
        },
        "probability": 0.800509095192,
        "value": "not_party"
    },
    "mood_relaxed": {
        "all": {
            "not_relaxed": 0.314661055803,
            "relaxed": 0.685338973999
        },
        "probability": 0.685338973999,
        "value": "relaxed"
    },
    "mood_sad": {
        "all": {
            "not_sad": 0.536383271217,
            "sad": 0.46361669898
        },
        "probability": 0.536383271217,
        "value": "not_sad"
    },
    "moods_mirex": {
        "all": {
            "Cluster1": 0.0956802368164,
            "Cluster2": 0.37144574523,
            "Cluster3": 0.265461027622,
            "Cluster4": 0.26133275032,
            "Cluster5": 0.00608022324741
        },
        "probability": 0.37144574523,
        "value": "Cluster2"
    },
    "timbre": {
        "all": {
            "bright": 0.99999910593,
            "dark": 8.66774882979e-07
        },
        "probability": 0.99999910593,
        "value": "bright"
    },
    "tonal_atonal": {
        "all": {
            "atonal": 0.00502721173689,
            "tonal": 0.994972765446
        },
        "probability": 0.994972765446,
        "value": "tonal"
    },
    "voice_instrumental": {
        "all": {
            "instrumental": 0.00123837054707,
            "voice": 0.9987616539
        },
        "probability": 0.9987616539,
        "value": "voice"
    }
},
"lowlevel": {
    "average_loudness": 0.957482099533,
    "barkbands_crest": {
        "dmean": 2.49293398857,
        "dmean2": 3.96251583099,
        "dvar": 5.45558691025,
        "dvar2": 13.0882883072,
        "max": 24.2972640991,
        "mean": 10.3713932037,
        "median": 9.48393154144,
        "min": 3.12843751907,
        "var": 18.6783638
    },
    "barkbands_flatness_db": {
        "dmean": 0.0300471130759,
        "dmean2": 0.0435809567571,
        "dvar": 0.000779180438258,
        "dvar2": 0.00163199903909,
        "max": 0.363238155842,
        "mean": 0.16711178422,
        "median": 0.160862609744,
        "min": 0.0545200146735,
        "var": 0.00271635036916
    },
    "barkbands_kurtosis": {
        "dmean": 3.14911699295,
        "dmean2": 5.0156378746,
        "dvar": 29.2211799622,
        "dvar2": 64.5571365356,
        "max": 71.2118530273,
        "mean": 4.22969532013,
        "median": 1.87814712524,
        "min": -1.94149875641,
        "var": 61.7015647888
    },
    "barkbands_skewness": {
        "dmean": 0.611600458622,
        "dmean2": 0.946947336197,
        "dvar": 0.438504517078,
        "dvar2": 1.01932370663,
        "max": 7.12206077576,
        "mean": 1.36651742458,
        "median": 1.2353194952,
        "min": -1.63416612148,
        "var": 1.32580447197
    },
    "barkbands_spread": {
        "dmean": 8.96001338959,
        "dmean2": 14.3117809296,
        "dvar": 144.413223267,
        "dvar2": 332.562408447,
        "max": 99.3920593262,
        "mean": 21.9665908813,
        "median": 16.5856170654,
        "min": 1.28634655476,
        "var": 311.005279541
    },
    "dissonance": {
        "dmean": 0.0257036928087,
        "dmean2": 0.0416054725647,
        "dvar": 0.000518100569025,
        "dvar2": 0.00133740785532,
        "max": 0.499754577875,
        "mean": 0.443074256182,
        "median": 0.449207216501,
        "min": 0.264887422323,
        "var": 0.001281283563
    },
    "dynamic_complexity": 3.45382809639,
    "erbbands_crest": {
        "dmean": 3.02310848236,
        "dmean2": 4.8488202095,
        "dvar": 7.89107179642,
        "dvar2": 19.8575572968,
        "max": 27.4257965088,
        "mean": 10.3924884796,
        "median": 9.38798141479,
        "min": 2.82320618629,
        "var": 21.2433280945
    },
    "erbbands_flatness_db": {
        "dmean": 0.0309156887233,
        "dmean2": 0.04440831393,
        "dvar": 0.000815907435026,
        "dvar2": 0.00167787901592,
        "max": 0.378922820091,
        "mean": 0.185497909784,
        "median": 0.184785231948,
        "min": 0.0645812824368,
        "var": 0.0027598310262
    },
    "erbbands_kurtosis": {
        "dmean": 1.55110347271,
        "dmean2": 2.40124392509,
        "dvar": 5.05616950989,
        "dvar2": 11.5727653503,
        "max": 40.8270263672,
        "mean": 1.21211779118,
        "median": 0.356776714325,
        "min": -1.81258583069,
        "var": 10.8126049042
    },
    "erbbands_skewness": {
        "dmean": 0.518562197685,
        "dmean2": 0.79333871603,
        "dvar": 0.281059980392,
        "dvar2": 0.643353819847,
        "max": 5.19382238388,
        "mean": 0.583968341351,
        "median": 0.639977157116,
        "min": -3.67672371864,
        "var": 1.05957758427
    },
    "erbbands_spread": {
        "dmean": 14.1540727615,
        "dmean2": 22.6063842773,
        "dvar": 290.316833496,
        "dvar2": 690.038635254,
        "max": 141.061889648,
        "mean": 36.9868850708,
        "median": 30.6816215515,
        "min": 4.85696554184,
        "var": 505.140411377
    },
    "hfc": {
        "dmean": 9.68830680847,
        "dmean2": 15.1215763092,
        "dvar": 176.345855713,
        "dvar2": 405.587371826,
        "max": 101.368087769,
        "mean": 18.4728565216,
        "median": 12.7084550858,
        "min": 0.149973347783,
        "var": 365.409301758
    },
    "melbands_crest": {
        "dmean": 2.97670865059,
        "dmean2": 4.71805381775,
        "dvar": 8.21530437469,
        "dvar2": 19.2317371368,
        "max": 30.865688324,
        "mean": 14.1957788467,
        "median": 13.1033258438,
        "min": 3.48414063454,
        "var": 29.9819431305
    },
    "melbands_flatness_db": {
        "dmean": 0.0395079143345,
        "dmean2": 0.0554844215512,
        "dvar": 0.00156590575352,
        "dvar2": 0.0032178319525,
        "max": 0.45693436265,
        "mean": 0.208186522126,
        "median": 0.196013987064,
        "min": 0.0282869692892,
        "var": 0.00509085785598
    },
    "melbands_kurtosis": {
        "dmean": 7.07316064835,
        "dmean2": 11.2493591309,
        "dvar": 141.935119629,
        "dvar2": 336.935455322,
        "max": 124.740867615,
        "mean": 11.2864408493,
        "median": 6.24590873718,
        "min": -1.61409699917,
        "var": 254.433578491
    },
    "melbands_skewness": {
        "dmean": 0.818741559982,
        "dmean2": 1.23966610432,
        "dvar": 0.827510476112,
        "dvar2": 1.93107295036,
        "max": 8.9460144043,
        "mean": 2.23682284355,
        "median": 1.95866882801,
        "min": -1.01109528542,
        "var": 2.24640011787
    },
    "melbands_spread": {
        "dmean": 10.6107034683,
        "dmean2": 16.8887119293,
        "dvar": 317.136047363,
        "dvar2": 719.241821289,
        "max": 207.051345825,
        "mean": 25.5771522522,
        "median": 18.4737663269,
        "min": 1.40289568901,
        "var": 681.962097168
    },
    "pitch_salience": {
        "dmean": 0.0706363171339,
        "dmean2": 0.112082459033,
        "dvar": 0.00426349369809,
        "dvar2": 0.0104106897488,
        "max": 0.861287295818,
        "mean": 0.561884403229,
        "median": 0.574134528637,
        "min": 0.13665881753,
        "var": 0.0135053768754
    },
    "silence_rate_20dB": {
        "dmean": 0,
        "dmean2": 0,
        "dvar": 0,
        "dvar2": 0,
        "max": 1,
        "mean": 1,
        "median": 1,
        "min": 1,
        "var": 0
    },
    "silence_rate_30dB": {
        "dmean": 0,
        "dmean2": 0,
        "dvar": 0,
        "dvar2": 0,
        "max": 1,
        "mean": 1,
        "median": 1,
        "min": 1,
        "var": 0
    },
    "silence_rate_60dB": {
        "dmean": 0.0650154799223,
        "dmean2": 0.130131676793,
        "dvar": 0.0607881806791,
        "dvar2": 0.127141535282,
        "max": 1,
        "mean": 0.104408353567,
        "median": 0,
        "min": 0,
        "var": 0.0935081914067
    },
    "spectral_centroid": {
        "dmean": 400.652832031,
        "dmean2": 619.861206055,
        "dvar": 269596.78125,
        "dvar2": 616807.4375,
        "max": 5045.88427734,
        "mean": 1346.31762695,
        "median": 1191.11364746,
        "min": 250.285125732,
        "var": 657065.0625
    },
    "spectral_complexity": {
        "dmean": 3.61764717102,
        "dmean2": 5.7219209671,
        "dvar": 23.5488452911,
        "dvar2": 55.4743347168,
        "max": 51,
        "mean": 12.7532873154,
        "median": 11,
        "min": 0,
        "var": 47.5517158508
    },
    "spectral_decrease": {
        "dmean": 1.79925752075e-09,
        "dmean2": 2.44830866691e-09,
        "dvar": 5.75209197055e-18,
        "dvar2": 1.15417627563e-17,
        "max": -7.58681936719e-11,
        "mean": -4.59009186216e-09,
        "median": -3.39594286025e-09,
        "min": -2.72331064366e-08,
        "var": 1.59170477525e-17
    },
    "spectral_energy": {
        "dmean": 0.00753480801359,
        "dmean2": 0.0104046342894,
        "dvar": 9.60576508078e-05,
        "dvar2": 0.000192898703972,
        "max": 0.109024874866,
        "mean": 0.0189995970577,
        "median": 0.0140971317887,
        "min": 0.0003005550534,
        "var": 0.000266827439191
    },
    "spectral_energyband_high": {
        "dmean": 0.00083215686027,
        "dmean2": 0.0014494752977,
        "dvar": 2.03187619263e-06,
        "dvar2": 5.09998017151e-06,
        "max": 0.0123291946948,
        "mean": 0.000871673808433,
        "median": 0.000234186154557,
        "min": 4.68602451065e-07,
        "var": 2.40475810642e-06
    },
    "spectral_energyband_low": {
        "dmean": 0.00107625755481,
        "dmean2": 0.00150332169142,
        "dvar": 5.13930535817e-06,
        "dvar2": 1.12826255645e-05,
        "max": 0.025379864499,
        "mean": 0.00277533009648,
        "median": 0.00191963952966,
        "min": 3.07420827994e-06,
        "var": 9.71922781901e-06
    },
    "spectral_energyband_middle_high": {
        "dmean": 0.0024479853455,
        "dmean2": 0.00328292185441,
        "dvar": 1.93639971258e-05,
        "dvar2": 3.2171014027e-05,
        "max": 0.0582734718919,
        "mean": 0.0054015503265,
        "median": 0.00187057594303,
        "min": 1.96633191081e-05,
        "var": 7.00749878888e-05
    },
    "spectral_energyband_middle_low": {
        "dmean": 0.00493669090793,
        "dmean2": 0.0071573141031,
        "dvar": 5.8832407376e-05,
        "dvar2": 0.00013180579117,
        "max": 0.0831536203623,
        "mean": 0.0103949764743,
        "median": 0.0067923180759,
        "min": 0.000194996915525,
        "var": 0.000122275901958
    },
    "spectral_entropy": {
        "dmean": 0.368140786886,
        "dmean2": 0.513944923878,
        "dvar": 0.131273344159,
        "dvar2": 0.266745328903,
        "max": 8.7505607605,
        "mean": 7.27906656265,
        "median": 7.23494625092,
        "min": 5.25122261047,
        "var": 0.371661603451
    },
    "spectral_flux": {
        "dmean": 0.0275971442461,
        "dmean2": 0.041739359498,
        "dvar": 0.000965449027717,
        "dvar2": 0.00198878813535,
        "max": 0.238520264626,
        "mean": 0.0687802806497,
        "median": 0.0591008551419,
        "min": 0.00511660799384,
        "var": 0.00208503310569
    },
    "spectral_kurtosis": {
        "dmean": 3.11963295937,
        "dmean2": 4.82891750336,
        "dvar": 16.2041931152,
        "dvar2": 35.2371063232,
        "max": 72.2747497559,
        "mean": 5.04628229141,
        "median": 3.68677997589,
        "min": -1.12745606899,
        "var": 29.1650390625
    },
    "spectral_rms": {
        "dmean": 0.000832441612147,
        "dmean2": 0.00112200248986,
        "dvar": 9.40349195844e-07,
        "dvar2": 1.83276563348e-06,
        "max": 0.0103133767843,
        "mean": 0.00389798195101,
        "median": 0.00370854418725,
        "min": 0.000541502027772,
        "var": 3.34192964146e-06
    },
    "spectral_rolloff": {
        "dmean": 820.130126953,
        "dmean2": 1438.45471191,
        "dvar": 2282417.25,
        "dvar2": 5085440.5,
        "max": 11412.5976562,
        "mean": 1733.08081055,
        "median": 1055.12695312,
        "min": 172.265625,
        "var": 3632429
    },
    "spectral_skewness": {
        "dmean": 0.442632466555,
        "dmean2": 0.6587703228,
        "dvar": 0.207040220499,
        "dvar2": 0.428414732218,
        "max": 6.31780147552,
        "mean": 1.53369522095,
        "median": 1.41062831879,
        "min": -0.247260674834,
        "var": 0.517199099064
    },
    "spectral_spread": {
        "dmean": 1164992.25,
        "dmean2": 1749276.75,
        "dvar": 1.68083062784e+12,
        "dvar2": 3.66134951936e+12,
        "max": 13725830,
        "mean": 4577994.5,
        "median": 3936002.25,
        "min": 1185690.5,
        "var": 3.92815863398e+12
    },
    "spectral_strongpeak": {
        "dmean": 0.612005531788,
        "dmean2": 0.943602085114,
        "dvar": 0.891919791698,
        "dvar2": 1.98002564907,
        "max": 12.0376615524,
        "mean": 1.23540782928,
        "median": 0.629542768002,
        "min": 0.0135350516066,
        "var": 2.32987427711
    },
    "zerocrossingrate": {
        "dmean": 0.0159621108323,
        "dmean2": 0.0199968386441,
        "dvar": 0.000382446713047,
        "dvar2": 0.000476055429317,
        "max": 0.3486328125,
        "mean": 0.0618036426604,
        "median": 0.05419921875,
        "min": 0.0068359375,
        "var": 0.00203598709777
    },
    "barkbands": {
        "dmean": [2.56825696852e-05, 0.000551609497052, 0.000449303508503, 0.000347381777829, 0.00233088177629, 0.00115442858078, 0.000703608500771, 0.00106332299765, 0.00079658877803, 0.000737730995752, 0.000513568869792, 0.000446837890195, 0.000549496617168, 0.000380429264624, 0.000174690663698, 0.000259057764197, 0.000145961501403, 0.00015902807354, 0.000150201172801, 0.000235638712184, 0.000220786911086, 0.00019990131841, 0.000138935240102, 0.000120296623209, 7.24259589333e-05, 2.07978118851e-05, 2.04320760311e-09],
        "dmean2": [4.30455329479e-05, 0.000844974536449, 0.000640706100967, 0.000551176723093, 0.003389936639, 0.0019405115163, 0.00110365229193, 0.00154069298878, 0.00129700556863, 0.000990737462416, 0.00076583889313, 0.000627045403235, 0.000752391526476, 0.000566121365409, 0.000275484082522, 0.000401436322136, 0.000229301716899, 0.00024482558365, 0.000232086938922, 0.00037203906686, 0.000392717134673, 0.00035658289562, 0.00023363053333, 0.000206898519536, 0.000122771962197, 3.69379013136e-05, 2.70671107749e-09],
        "dvar": [2.39022468485e-09, 1.99223836717e-06, 1.19146045563e-06, 5.65104528505e-07, 2.55175036727e-05, 5.54038979317e-06, 4.10922712035e-06, 9.41130110732e-06, 9.49048080656e-06, 3.64186371371e-06, 2.53914390669e-06, 1.978791488e-06, 3.10444988827e-06, 1.80012307283e-06, 1.69279033457e-07, 1.09786446956e-06, 1.36114636007e-07, 1.04781889831e-07, 9.6779054104e-08, 1.80152539997e-07, 2.03068097449e-07, 1.32138424647e-07, 6.2039809734e-08, 1.01215903214e-07, 2.69197730773e-08, 1.49627943369e-09, 2.02657418367e-15],
        "dvar2": [6.05304872892e-09, 4.77949379274e-06, 2.59866419583e-06, 1.28032706925e-06, 5.9487982071e-05, 1.48936151163e-05, 8.94412460184e-06, 2.04237203434e-05, 2.182676144e-05, 5.47060380995e-06, 5.39200937055e-06, 4.06282742915e-06, 5.56749500902e-06, 4.21614686275e-06, 3.47757207919e-07, 2.18314585254e-06, 3.04240302285e-07, 2.11706066011e-07, 2.03266679932e-07, 3.88322149547e-07, 5.50047275283e-07, 3.35940683271e-07, 1.43377334894e-07, 2.34401056787e-07, 6.23395663979e-08, 3.81531428673e-09, 2.02957373909e-15],
        "max": [0.000511959195137, 0.0185129642487, 0.015802944079, 0.0126772131771, 0.0512861572206, 0.0226662997156, 0.0456574745476, 0.0532502755523, 0.0691067501903, 0.0431860312819, 0.0298872943968, 0.0212672222406, 0.038870755583, 0.0206539835781, 0.00592713151127, 0.023849889636, 0.00664449669421, 0.00594804994762, 0.00430208770558, 0.00622000033036, 0.00441630231217, 0.00364515907131, 0.0034645285923, 0.00562886241823, 0.00266500003636, 0.000538200431038, 1.61877312621e-06],
        "mean": [2.85112982965e-05, 0.00147451378871, 0.000989541877061, 0.000533107551746, 0.0034662487451, 0.00152653676923, 0.00121012539603, 0.00223483308218, 0.00113853497896, 0.00129449809901, 0.000775713648181, 0.000541010289453, 0.000914638047107, 0.000439058843767, 0.000282456720015, 0.000366363092326, 0.000241854417254, 0.00024673846201, 0.000218357759877, 0.000368847919162, 0.000180190239917, 0.000161726085935, 0.00014249952801, 0.000132283792482, 7.51485058572e-05, 1.62790802278e-05, 1.90671634037e-09],
        "median": [1.71543342731e-05, 0.000817494408693, 0.000315801298711, 0.000202779585379, 0.00116198509932, 0.00064492225647, 0.000260377390077, 0.000263138819719, 0.000184178337804, 0.000156163150677, 7.26503494661e-05, 6.16468460066e-05, 6.60075675114e-05, 3.99984455726e-05, 4.4411419367e-05, 4.30789586972e-05, 4.06579201808e-05, 6.22361185378e-05, 6.16634133621e-05, 9.12515824893e-05, 3.2831041608e-05, 2.28085154959e-05, 3.1256568036e-05, 1.6606056306e-05, 5.84179952057e-06, 1.60907234203e-06, 2.11056172539e-10],
        "min": [2.1597854527e-07, 2.08339912433e-07, 5.66114302103e-08, 1.09540273741e-07, 1.54398742325e-06, 1.93487048818e-05, 6.88099589752e-07, 9.21596154058e-07, 9.92667537503e-07, 7.22384299934e-07, 4.30050619116e-07, 3.81728597176e-07, 5.74710270485e-07, 1.71614132682e-07, 5.87034890032e-07, 3.04373088511e-07, 6.2831577452e-07, 3.05669857426e-07, 2.8151040965e-07, 8.7196383447e-08, 5.89075206392e-08, 5.98007332542e-08, 6.89631960427e-08, 3.20044470925e-08, 1.2702281893e-08, 1.85981785528e-11, 1.19537504895e-11],
        "var": [2.11760187163e-09, 3.56531563739e-06, 2.58552677224e-06, 9.28055840177e-07, 3.68333894585e-05, 5.81387985221e-06, 1.14301547001e-05, 2.98139093502e-05, 1.6028763639e-05, 1.26055947476e-05, 5.25307723365e-06, 3.17344029099e-06, 9.36182095757e-06, 2.28145722758e-06, 4.23160997798e-07, 1.79667938482e-06, 3.10958853333e-07, 2.1269831052e-07, 1.77358131737e-07, 4.14934362425e-07, 1.46985073002e-07, 1.41338404092e-07, 9.80404593065e-08, 1.63817318821e-07, 4.37001830278e-08, 1.53285872884e-09, 2.02527525864e-15]
    },
    "erbbands": {
        "dmean": [0.0127311665565, 0.136184483767, 0.447504460812, 0.911525547504, 1.89945542812, 9.10481262207, 13.8287057877, 9.24483013153, 9.57919120789, 11.6688566208, 24.6097354889, 20.7304649353, 14.3761987686, 26.930398941, 20.6793689728, 18.7976417542, 21.7864665985, 23.3685626984, 9.01614952087, 10.5797777176, 10.8201694489, 6.48897075653, 9.39791870117, 5.27622032166, 9.79332542419, 11.191286087, 8.23990154266, 9.38946247101, 7.43128633499, 5.22492551804, 3.87394714355, 2.72738909721, 1.85265958309, 1.00215792656, 0.407377362251, 0.133193701506, 0.0321622602642, 0.00214341492392, 5.02000693814e-05, 1.24394637169e-05],
        "dmean2": [0.0209288336337, 0.203160315752, 0.637313187122, 1.37256228924, 3.0533208847, 13.3573493958, 21.0263729095, 15.3657560349, 14.9643611908, 17.1078281403, 36.8482513428, 32.7988815308, 20.9643306732, 36.3576202393, 29.9881477356, 26.4713668823, 30.3688335419, 32.6711502075, 13.6645345688, 15.4653730392, 16.7216129303, 10.0116205215, 14.4390687943, 7.89105463028, 14.705080986, 17.9053230286, 14.1375265121, 17.0212593079, 13.2886343002, 9.10883903503, 6.54122686386, 4.65792322159, 3.1396253109, 1.65356147289, 0.71248793602, 0.234623044729, 0.0580311827362, 0.00389428366907, 8.82439198904e-05, 1.86029737961e-05],
        "dvar": [0.00145576836076, 0.11274484545, 1.04660022259, 5.05586051941, 25.9691848755, 443.619445801, 759.678894043, 353.512969971, 831.653808594, 904.596557617, 7160.38085938, 6457.53076172, 1562.93823242, 6281.76660156, 3035.91357422, 3718.25854492, 4597.21142578, 6198.37744141, 440.704528809, 1005.30950928, 1699.77050781, 300.36541748, 417.32421875, 95.7498168945, 393.170532227, 439.115600586, 267.73815918, 395.514007568, 188.4634552, 91.0725631714, 50.9931602478, 46.0308113098, 21.7711696625, 5.30177593231, 0.847977936268, 0.0747493803501, 0.00383370718919, 1.81936666195e-05, 7.98543986491e-09, 2.32010466394e-10],
        "dvar2": [0.00370980682783, 0.262754529715, 2.29633498192, 10.8916473389, 61.8878593445, 1055.67529297, 1796.38171387, 932.182983398, 1909.87756348, 1811.73547363, 16735.0527344, 15518.9824219, 3376.9609375, 9715.359375, 6006.390625, 7538.40039062, 8387.72070312, 13111.7841797, 905.14453125, 1807.32043457, 3543.10302734, 620.565673828, 868.136108398, 198.185897827, 812.491882324, 954.569030762, 704.639770508, 1082.14025879, 484.616241455, 221.775924683, 114.650970459, 101.744117737, 49.5888938904, 11.3739843369, 2.21209526062, 0.186884522438, 0.0100265517831, 4.93199622724e-05, 2.09663415518e-08, 5.31589106068e-10],
        "max": [0.373322427273, 4.7232003212, 16.1822490692, 35.9161605835, 142.664901733, 191.862792969, 229.951171875, 236.52406311, 627.809753418, 704.662780762, 1528.84777832, 1757.29504395, 618.944396973, 1907.11853027, 1049.82324219, 1046.26989746, 1675.41882324, 1185.97424316, 318.869842529, 564.532897949, 914.040405273, 363.25881958, 372.157470703, 169.855026245, 287.694213867, 331.559387207, 192.212158203, 196.185119629, 164.624679565, 108.516799927, 98.1179046631, 112.153152466, 85.8899841309, 33.8982162476, 15.670165062, 4.67833137512, 0.82084530592, 0.0327560976148, 0.000821637862828, 0.000131110355142],
        "mean": [0.0252504367381, 0.391286611557, 1.1392749548, 1.61308884621, 3.20090723038, 12.8024492264, 19.1742725372, 12.9108905792, 17.2212696075, 29.8461914062, 41.3513679504, 31.1539020538, 24.7909622192, 45.8706741333, 35.2459411621, 25.9390201569, 37.1381340027, 33.9714126587, 14.7888431549, 18.4136180878, 16.1723117828, 11.2737188339, 15.0068016052, 9.05122280121, 15.4302768707, 17.6438064575, 8.79826450348, 6.75907516479, 5.86542224884, 4.87467288971, 4.01594924927, 3.08143353462, 1.9747698307, 1.08284914494, 0.377639681101, 0.114013530314, 0.0234083402902, 0.00148163235281, 4.70647355542e-05, 2.65633661911e-05],
        "median": [0.00864496547729, 0.211858525872, 0.514533817768, 0.71091067791, 1.32942759991, 3.19145941734, 5.09848308563, 5.66943216324, 4.40001869202, 6.56296777725, 6.31435632706, 6.47518634796, 4.49957466125, 5.69803524017, 4.78342342377, 3.01298737526, 3.25422334671, 3.06221294403, 2.64030885696, 2.75723671913, 2.41940569878, 2.31738996506, 3.71703386307, 2.84306645393, 4.11864948273, 4.64562559128, 2.64781022072, 0.673958420753, 0.745562970638, 1.04609537125, 0.843700826168, 0.429800450802, 0.219335526228, 0.0844630077481, 0.0342926159501, 0.0118370484561, 0.00193263019901, 0.00011570002971, 1.58345737873e-05, 2.07541415875e-05],
        "min": [2.51709680015e-05, 8.9442168246e-05, 0.000374046881916, 0.00204236828722, 0.00545698637143, 0.00754604069516, 0.0632852762938, 0.135602891445, 0.0605764687061, 0.0820996165276, 0.0894090682268, 0.117927886546, 0.0419082157314, 0.0307951699942, 0.0883110687137, 0.0284482948482, 0.0395633280277, 0.0228971932083, 0.0596887394786, 0.0359662398696, 0.0338258929551, 0.0375884622335, 0.0261180587113, 0.0178690161556, 0.00676156207919, 0.00447725690901, 0.00391940120608, 0.00223037600517, 0.00233477330767, 0.00193234055769, 0.00184968323447, 0.00104827969335, 0.000559369567782, 0.000122336408822, 7.74979198468e-05, 2.08897254197e-05, 3.49619404005e-06, 1.98940753648e-07, 2.68972996764e-07, 3.6197081954e-07],
        "var": [0.00192410615273, 0.230288103223, 2.52217841148, 8.9987449646, 37.8701133728, 598.258239746, 1077.86132812, 472.166564941, 2275.14550781, 5965.80566406, 10742.6328125, 10235.0996094, 3280.70117188, 20280.5292969, 8146.11376953, 6298.53955078, 12102.8027344, 11543.1142578, 1011.0402832, 2701.70458984, 2606.09423828, 633.34967041, 781.833984375, 213.055801392, 832.818237305, 1010.05084229, 257.334381104, 270.304382324, 197.406311035, 116.050140381, 85.0557022095, 83.6121749878, 35.5390739441, 9.86837005615, 0.976413309574, 0.0876936167479, 0.00317388051189, 1.28170559037e-05, 6.90116719326e-09, 4.95116614374e-10]
    },
    "gfcc": {
        "mean": [-39.1293716431, 97.871131897, -122.660469055, 31.9602603912, -74.8813705444, 8.17895793915, -39.9097213745, 7.81892967224, -26.2343788147, 0.109290540218, -9.96014690399, -2.97556996346, -8.21273994446],
        "cov": [[4988.96923828, -1598.53540039, -527.302124023, 328.087524414, -268.85168457, 358.854644775, 0.865373194218, 57.7978782654, -165.331680298, 187.054229736, -181.718399048, -30.4446048737, -76.0576324463], [-1598.53540039, 2069.2512207, -11.7855482101, -323.842498779, 497.131713867, -271.171478271, 318.108612061, -99.3294830322, 121.241592407, -211.591964722, 254.072753906, -145.570114136, 36.5714950562], [-527.302124023, -11.7855482101, 1151.39624023, 259.287261963, -63.5139923096, 181.454605103, -134.350082397, 32.6410560608, 54.9923820496, 93.8608322144, -137.009902954, 154.404373169, 45.3420410156], [328.087524414, -323.842498779, 259.287261963, 576.899963379, 79.6137771606, 43.6782531738, -145.280456543, 59.9684638977, 120.536567688, 22.6300106049, -54.5284309387, 45.5214614868, 72.2702331543], [-268.85168457, 497.131713867, -63.5139923096, 79.6137771606, 375.261016846, -32.2768249512, 52.8077964783, 29.1231231689, 79.9765777588, -26.8644294739, 59.7677001953, -64.7138671875, -4.35821676254], [358.854644775, -271.171478271, 181.454605103, 43.6782531738, -32.2768249512, 337.896697998, 94.2225494385, 41.48620224, -47.1288261414, 86.5079727173, -24.5171012878, 35.8766517639, -20.7842998505], [0.865373194218, 318.108612061, -134.350082397, -145.280456543, 52.8077964783, 94.2225494385, 308.812255859, 15.5692949295, -66.8747253418, -21.4889621735, 96.4295578003, -29.7065906525, -30.1921310425], [57.7978782654, -99.3294830322, 32.6410560608, 59.9684638977, 29.1231231689, 41.48620224, 15.5692949295, 157.566818237, 72.7404251099, 34.047504425, -16.7210731506, -2.63748788834, -2.4057431221], [-165.331680298, 121.241592407, 54.9923820496, 120.536567688, 79.9765777588, -47.1288261414, -66.8747253418, 72.7404251099, 248.059356689, 44.7974128723, -16.4973907471, -29.0178050995, 18.3168926239], [187.054229736, -211.591964722, 93.8608322144, 22.6300106049, -26.8644294739, 86.5079727173, -21.4889621735, 34.047504425, 44.7974128723, 179.60647583, -21.42735672, 1.26098775864, -44.3666267395], [-181.718399048, 254.072753906, -137.009902954, -54.5284309387, 59.7677001953, -24.5171012878, 96.4295578003, -16.7210731506, -16.4973907471, -21.42735672, 153.515396118, -3.48788356781, 7.07486104965], [-30.4446048737, -145.570114136, 154.404373169, 45.5214614868, -64.7138671875, 35.8766517639, -29.7065906525, -2.63748788834, -29.0178050995, 1.26098775864, -3.48788356781, 147.19972229, 60.8051757812], [-76.0576324463, 36.5714950562, 45.3420410156, 72.2702331543, -4.35821676254, -20.7842998505, -30.1921310425, -2.4057431221, 18.3168926239, -44.3666267395, 7.07486104965, 60.8051757812, 130.882919312]],
        "icov": [[0.000339368329151, 0.00011667500803, 0.00028852102696, -0.000306288624415, 9.78233219939e-05, -0.000222532544285, -0.00018372721388, 7.2387738328e-05, 0.000192791500012, -0.000247481890256, 0.000396055693273, 9.51680049184e-05, -1.5845093003e-05], [0.00011667500803, 0.00375408562832, -0.0021810871549, 0.00245711789466, -0.00370936980471, 0.00246424926445, -0.00343515537679, 0.00267508858815, -0.00266231317073, 0.00231422949582, -0.00267597450875, 0.002589056734, -0.0019588782452], [0.00028852102696, -0.0021810871549, 0.00297081982717, -0.00212643831037, 0.00227598613128, -0.0022848744411, 0.00205891835503, -0.00131516170222, 0.00151427963283, -0.00188757048454, 0.00293256458826, -0.00278864544816, 0.00137106108014], [-0.000306288624415, 0.00245711789466, -0.00212643831037, 0.00468542007729, -0.0033579042647, 0.00122009520419, -0.000899122736882, 0.00123266782612, -0.00267633190379, 0.00210637366399, -0.00231140735559, 0.00158083706629, -0.00233878800645], [9.78233219939e-05, -0.00370936980471, 0.00227598613128, -0.0033579042647, 0.0074251499027, -0.00249798642471, 0.00275222328492, -0.00284041161649, 0.00185598211829, -0.00179268873762, 0.00159134808928, -0.00108568184078, 0.00214317440987], [-0.000222532544285, 0.00246424926445, -0.0022848744411, 0.00122009520419, -0.00249798642471, 0.00697258068249, -0.00461304094642, 0.00102409394458, -0.000578856561333, -0.000598717539106, -0.000912557821721, 0.00111057353206, -0.00130983698182], [-0.00018372721388, -0.00343515537679, 0.00205891835503, -0.000899122736882, 0.00275222328492, -0.00461304094642, 0.00941030588001, -0.00381474033929, 0.00316413748078, -0.000712466717232, -0.00103878322989, -0.00142658303957, 0.00213061412796], [7.2387738328e-05, 0.00267508858815, -0.00131516170222, 0.00123266782612, -0.00284041161649, 0.00102409394458, -0.00381474033929, 0.010234715417, -0.00451790262014, 0.00109281158075, -0.000558314146474, 0.00108417286538, -0.0010250499472], [0.000192791500012, -0.00266231317073, 0.00151427963283, -0.00267633190379, 0.00185598211829, -0.000578856561333, 0.00316413748078, -0.00451790262014, 0.00880500487983, -0.00402641482651, 0.00214355299249, 0.000124448692077, -0.000344917585608], [-0.000247481890256, 0.00231422949582, -0.00188757048454, 0.00210637366399, -0.00179268873762, -0.000598717539106, -0.000712466717232, 0.00109281158075, -0.00402641482651, 0.0101664159447, -0.00297994865105, 0.000972237903625, 0.00212043244392], [0.000396055693273, -0.00267597450875, 0.00293256458826, -0.00231140735559, 0.00159134808928, -0.000912557821721, -0.00103878322989, -0.000558314146474, 0.00214355299249, -0.00297994865105, 0.0127346757799, -0.00373505055904, 0.000633146788459], [9.51680049184e-05, 0.002589056734, -0.00278864544816, 0.00158083706629, -0.00108568184078, 0.00111057353206, -0.00142658303957, 0.00108417286538, 0.000124448692077, 0.000972237903625, -0.00373505055904, 0.0133846336976, -0.00644804630429], [-1.5845093003e-05, -0.0019588782452, 0.00137106108014, -0.00233878800645, 0.00214317440987, -0.00130983698182, 0.00213061412796, -0.0010250499472, -0.000344917585608, 0.00212043244392, 0.000633146788459, -0.00644804630429, 0.0130594549701]]
    },
    "melbands": {
        "dmean": [0.000134176574647, 0.000216050364543, 0.000173874475877, 0.000333686068188, 0.00054027052829, 0.000204825046239, 0.000148159189848, 0.000136962611577, 0.000203353105462, 0.000124826343381, 7.32808330213e-05, 0.000112056106445, 7.08853476681e-05, 5.33564962097e-05, 4.56845191366e-05, 5.80401283514e-05, 4.25477737735e-05, 1.43562510857e-05, 1.18214493341e-05, 2.05807446036e-05, 1.1376438124e-05, 6.8011690928e-06, 8.80214065546e-06, 8.63893455971e-06, 3.93161190004e-06, 6.38940355202e-06, 8.62344859343e-06, 7.56428971727e-06, 5.46819001102e-06, 4.8604206313e-06, 5.80849518883e-06, 4.3470881792e-06, 3.49241418007e-06, 2.70744294539e-06, 2.36071696236e-06, 1.94659492081e-06, 1.62959395311e-06, 1.31752187826e-06, 1.20890058497e-06, 7.46792181872e-07],
        "dmean2": [0.000210060868994, 0.000303259119391, 0.000264444097411, 0.000497748202179, 0.000791174301412, 0.000342325598467, 0.000230143326917, 0.000196408844204, 0.000308750051772, 0.000199106289074, 0.000106154555397, 0.000151442582137, 0.000105169143353, 7.47264057281e-05, 6.52072776575e-05, 7.83556388342e-05, 6.0651662352e-05, 2.18651439354e-05, 1.84441614692e-05, 3.06984802592e-05, 1.76616758836e-05, 1.08336625999e-05, 1.4025319615e-05, 1.32704362841e-05, 5.99519989919e-06, 9.86316536e-06, 1.27761022668e-05, 1.2293184227e-05, 9.25787117012e-06, 8.66605205374e-06, 1.06048255475e-05, 7.79045967647e-06, 6.16929128228e-06, 4.71107796329e-06, 3.98151678382e-06, 3.28270834871e-06, 2.78263405562e-06, 2.25453482017e-06, 2.05137075682e-06, 1.26331929096e-06],
        "dvar": [1.29617902189e-07, 2.28057956519e-07, 1.29347952793e-07, 5.75065541852e-07, 1.24096743548e-06, 1.70238891428e-07, 1.91488112478e-07, 1.2234667679e-07, 5.25361826931e-07, 2.83579993265e-07, 4.00108035592e-08, 1.11699769434e-07, 4.30913758009e-08, 2.22085745349e-08, 1.68460552175e-08, 4.24596571236e-08, 2.04384917879e-08, 1.4500266543e-09, 8.5451340448e-10, 7.64514940244e-09, 1.53496448885e-09, 3.23042453898e-10, 5.60543056416e-10, 3.27261329147e-10, 5.69928305938e-11, 2.13555548245e-10, 2.57230403644e-10, 2.20911455795e-10, 1.35368202758e-10, 1.06083489215e-10, 1.6180107254e-10, 6.83605047569e-11, 4.2419394386e-11, 2.58360728644e-11, 1.86583613143e-11, 1.69118243715e-11, 1.94281569998e-11, 1.19617519015e-11, 9.08080294987e-12, 2.95058877504e-12],
        "dvar2": [3.19394587223e-07, 5.05522962158e-07, 2.8881771641e-07, 1.40910810842e-06, 2.86116210191e-06, 4.52707894283e-07, 4.20952403601e-07, 2.29964399523e-07, 1.2597862451e-06, 6.52169831028e-07, 8.6380374853e-08, 1.68538193179e-07, 9.06491166575e-08, 4.39403038399e-08, 3.68171910736e-08, 7.40965973023e-08, 4.30532658413e-08, 3.14951509317e-09, 1.81704240543e-09, 1.44425644777e-08, 3.43026096417e-09, 7.22201187742e-10, 1.23472498892e-09, 7.10305037011e-10, 1.21454318824e-10, 4.490015304e-10, 5.25997967404e-10, 4.9449006001e-10, 3.60223378904e-10, 2.89243018425e-10, 4.44131814659e-10, 1.78141390528e-10, 1.07496664348e-10, 6.29175739286e-11, 4.40131264767e-11, 3.65129870783e-11, 4.43595472854e-11, 2.77053276154e-11, 2.06563516292e-11, 6.45697471185e-12],
        "max": [0.00411587487906, 0.00586078781635, 0.00501635298133, 0.0138971414417, 0.00995379220694, 0.00482433615252, 0.0100920097902, 0.00864646397531, 0.0126256411895, 0.0125890038908, 0.00314126675949, 0.0080386698246, 0.00353851495311, 0.00237697875127, 0.00192433351185, 0.00506905699149, 0.00217489991337, 0.000787251046859, 0.000388259999454, 0.00194445007946, 0.000706054095645, 0.000308570277411, 0.000441564276116, 0.000233774786466, 0.000130719679873, 0.000242057663854, 0.000275551021332, 0.00025048511452, 0.000169806662598, 9.82024503173e-05, 0.00011667572835, 9.7832751635e-05, 6.71856760164e-05, 5.39422762813e-05, 5.77875289309e-05, 6.16813704255e-05, 7.88468751125e-05, 6.44119427307e-05, 4.76827699458e-05, 2.36251853494e-05],
        "mean": [0.000327833142364, 0.000596099067479, 0.000313373398967, 0.000500698224641, 0.000754285836592, 0.000276948267128, 0.000260883622104, 0.000363208615454, 0.000320368504617, 0.00018497891142, 0.000120747346955, 0.000188699981663, 0.000108891035779, 7.47931262595e-05, 6.49221765343e-05, 9.3977439974e-05, 5.76599850319e-05, 2.09645895666e-05, 2.11001370189e-05, 3.16736040986e-05, 1.6145320842e-05, 1.13577107186e-05, 1.30977086883e-05, 1.37858778544e-05, 6.04333490628e-06, 9.10540802579e-06, 1.37250153784e-05, 1.1289748727e-05, 6.03211083217e-06, 3.76523917112e-06, 4.00302451453e-06, 3.35306640409e-06, 2.91545484288e-06, 2.61999184659e-06, 2.40297026721e-06, 2.00380509341e-06, 1.83251631825e-06, 1.38183906984e-06, 1.26546638057e-06, 7.91490549545e-07],
        "median": [0.000163638425875, 0.000354858231731, 0.000151148313307, 0.000197769972146, 0.000193591462448, 0.00011932716734, 6.03586995567e-05, 6.9225228799e-05, 4.60498122266e-05, 3.1415533158e-05, 1.88482554222e-05, 1.77430592885e-05, 1.17838771985e-05, 1.03133315861e-05, 6.02477666689e-06, 6.874432529e-06, 4.83707344756e-06, 3.72434556084e-06, 3.13966074827e-06, 3.32133231495e-06, 2.47861271419e-06, 2.06376921597e-06, 2.98832446788e-06, 2.77191952591e-06, 1.77731192252e-06, 2.26700058192e-06, 3.26675649376e-06, 2.81750385511e-06, 1.60724812304e-06, 4.95019605751e-07, 2.73988320032e-07, 3.22929452068e-07, 4.7303680617e-07, 5.42603345366e-07, 5.02532827795e-07, 3.09971426304e-07, 2.29856922829e-07, 1.53325288466e-07, 9.41911793007e-08, 6.06434156225e-08],
        "min": [3.23386700529e-07, 1.10633479267e-07, 1.54810336994e-07, 4.79849688872e-07, 1.94207427739e-06, 3.31811588694e-06, 1.41680729371e-07, 4.90996967528e-07, 3.78056085992e-07, 1.63046195212e-07, 6.72870896778e-08, 6.78187035419e-08, 1.17845686987e-07, 1.2017227391e-07, 3.27859019933e-08, 5.71290676987e-08, 1.56445381094e-08, 7.92056482624e-08, 4.67450185226e-08, 4.30101358972e-08, 2.69783964058e-08, 2.96132203204e-08, 1.82831474405e-08, 1.78450694222e-08, 7.20948678534e-09, 3.81553544315e-09, 3.7808547404e-09, 2.78727529945e-09, 2.52722731631e-09, 1.41172296075e-09, 4.99198321569e-11, 1.14470499746e-09, 1.08328035431e-09, 1.00894248511e-09, 9.32214305749e-10, 7.36830152448e-10, 4.35163766133e-10, 2.48020354254e-10, 7.09047126568e-11, 6.34299626712e-11],
