{
"highlevel": {
    "danceability": {
        "all": {
            "danceable": 0.0130893941969,
            "not_danceable": 0.986910581589
        },
        "probability": 0.986910581589,
        "value": "not_danceable"
    },
    "gender": {
        "all": {
            "female": 0.401881545782,
            "male": 0.59811848402
        },
        "probability": 0.59811848402,
        "value": "male"
    },
    "genre_dortmund": {
        "all": {
            "alternative": 0.166694641113,
            "blues": 0.0180429257452,
            "electronic": 0.0455374345183,
            "folkcountry": 0.488738030195,
            "funksoulrnb": 0.0109054809436,
            "jazz": 0.155152350664,
            "pop": 0.0972033813596,
            "raphiphop": 0.00220254156739,
            "rock": 0.0155232148245
        },
        "probability": 0.488738030195,
        "value": "folkcountry"
    },
    "genre_electronic": {
        "all": {
            "ambient": 0.93975687027,
            "dnb": 0.00356161920354,
            "house": 0.0442714393139,
            "techno": 0.00726896710694,
            "trance": 0.00514110410586
        },
        "probability": 0.93975687027,
        "value": "ambient"
    },
    "genre_rosamerica": {
        "all": {
            "cla": 0.504290640354,
            "dan": 0.0132124684751,
            "hip": 0.0162413902581,
            "jaz": 0.203260496259,
            "pop": 0.0432399511337,
            "rhy": 0.171012461185,
            "roc": 0.013963939622,
            "spe": 0.0347786806524
        },
        "probability": 0.504290640354,
        "value": "cla"
    },
    "genre_tzanetakis": {
        "all": {
            "blu": 0.0604565404356,
            "cla": 0.0366946570575,
            "cou": 0.102970458567,
            "dis": 0.0764889344573,
            "hip": 0.10066895932,
            "jaz": 0.301869630814,
            "met": 0.0463261865079,
            "pop": 0.0603596419096,
            "reg": 0.0632604435086,
            "roc": 0.150904551148
        },
        "probability": 0.301869630814,
        "value": "jaz"
    },
    "ismir04_rhythm": {
        "all": {
            "ChaChaCha": 0.0137418815866,
            "Jive": 0.00171969633084,
            "Quickstep": 0.00265648425557,
            "Rumba-American": 0.016760814935,
            "Rumba-International": 0.116599313915,
            "Rumba-Misc": 0.0399578362703,
            "Samba": 0.0027686948888,
            "Tango": 0.0236822571605,
            "VienneseWaltz": 0.0581703148782,
            "Waltz": 0.723942697048
        },
        "probability": 0.723942697048,
        "value": "Waltz"
    },
    "mood_acoustic": {
        "all": {
            "acoustic": 0.97968775034,
            "not_acoustic": 0.0203122235835
        },
        "probability": 0.97968775034,
        "value": "acoustic"
    },
    "mood_aggressive": {
        "all": {
            "aggressive": 1.62507021173e-07,
            "not_aggressive": 0.999999821186
        },
        "probability": 0.999999821186,
        "value": "not_aggressive"
    },
    "mood_electronic": {
        "all": {
            "electronic": 0.0391403585672,
            "not_electronic": 0.960859656334
        },
        "probability": 0.960859656334,
        "value": "not_electronic"
    },
    "mood_happy": {
        "all": {
            "happy": 0.0660244822502,
            "not_happy": 0.93397551775
        },
        "probability": 0.93397551775,
        "value": "not_happy"
    },
    "mood_party": {
        "all": {
            "not_party": 0.995761275291,
            "party": 0.00423874799162
        },
        "probability": 0.995761275291,
        "value": "not_party"
    },
    "mood_relaxed": {
        "all": {
            "not_relaxed": 0.0512027144432,
            "relaxed": 0.948797285557
        },
        "probability": 0.948797285557,
        "value": "relaxed"
    },
    "mood_sad": {
        "all": {
            "not_sad": 0.00918493326753,
            "sad": 0.990815043449
        },
        "probability": 0.990815043449,
        "value": "sad"
    },
    "moods_mirex": {
        "all": {
            "Cluster1": 0.0305912028998,
            "Cluster2": 0.146932333708,
            "Cluster3": 0.728051424026,
            "Cluster4": 0.0896900370717,
            "Cluster5": 0.00473499810323
        },
        "probability": 0.728051424026,
        "value": "Cluster3"
    },
    "timbre": {
        "all": {
            "bright": 0.928284943104,
            "dark": 0.0717150717974
        },
        "probability": 0.928284943104,
        "value": "bright"
    },
    "tonal_atonal": {
        "all": {
            "atonal": 0.00647351611406,
            "tonal": 0.99352645874
        },
        "probability": 0.99352645874,
        "value": "tonal"
    },
    "voice_instrumental": {
        "all": {
            "instrumental": 0.301165521145,
            "voice": 0.698834478855
        },
        "probability": 0.698834478855,
        "value": "voice"
    }
},
"lowlevel": {
    "average_loudness": 0.810271918774,
    "barkbands_crest": {
        "dmean": 1.76795399189,
        "dmean2": 2.65301966667,
        "dvar": 3.13313055038,
        "dvar2": 7.50291252136,
        "max": 25.6531219482,
        "mean": 14.4020595551,
        "median": 14.0967569351,
        "min": 3.93450427055,
        "var": 22.0814723969
    },
    "barkbands_flatness_db": {
        "dmean": 0.0172122288495,
        "dmean2": 0.0258480254561,
        "dvar": 0.000310526869725,
        "dvar2": 0.000603280030191,
        "max": 0.463761240244,
        "mean": 0.319936364889,
        "median": 0.321700006723,
        "min": 0.125088006258,
        "var": 0.00358013366349
    },
    "barkbands_kurtosis": {
        "dmean": 4.23939323425,
        "dmean2": 6.24182271957,
        "dvar": 68.1329879761,
        "dvar2": 110.548652649,
        "max": 285.783325195,
        "mean": 11.2208662033,
        "median": 6.69740390778,
        "min": -1.73295724392,
        "var": 324.697509766
    },
    "barkbands_skewness": {
        "dmean": 0.462303757668,
        "dmean2": 0.681255578995,
        "dvar": 0.300258874893,
        "dvar2": 0.585990190506,
        "max": 12.6295614243,
        "mean": 2.19115447998,
        "median": 1.93116009235,
        "min": -2.40194869041,
        "var": 2.1631064415
    },
    "barkbands_spread": {
        "dmean": 1.22334980965,
        "dmean2": 1.83916592598,
        "dvar": 11.6275434494,
        "dvar2": 28.8722743988,
        "max": 48.8642616272,
        "mean": 4.88515663147,
        "median": 3.79802775383,
        "min": 0.320265620947,
        "var": 19.4027080536
    },
    "dissonance": {
        "dmean": 0.0328673608601,
        "dmean2": 0.0545734837651,
        "dvar": 0.000924727472011,
        "dvar2": 0.00246595498174,
        "max": 0.498811542988,
        "mean": 0.39929625392,
        "median": 0.408866584301,
        "min": 0.188205823302,
        "var": 0.00271116802469
    },
    "dynamic_complexity": 4.29439210892,
    "erbbands_crest": {
        "dmean": 2.12738895416,
        "dmean2": 3.27424383163,
        "dvar": 4.97651290894,
        "dvar2": 12.5690536499,
        "max": 30.1727428436,
        "mean": 13.1930379868,
        "median": 12.486328125,
        "min": 3.79650592804,
        "var": 23.3019008636
    },
    "erbbands_flatness_db": {
        "dmean": 0.0143940038979,
        "dmean2": 0.0210194345564,
        "dvar": 0.000240090099396,
        "dvar2": 0.000432287604781,
        "max": 0.436215728521,
        "mean": 0.296454399824,
        "median": 0.29428383708,
        "min": 0.127016305923,
        "var": 0.0030368338339
    },
    "erbbands_kurtosis": {
        "dmean": 1.70292294025,
        "dmean2": 2.56313157082,
        "dvar": 8.78464031219,
        "dvar2": 17.8524932861,
        "max": 68.1101837158,
        "mean": 3.10754942894,
        "median": 1.69793128967,
        "min": -1.89712166786,
        "var": 30.3176231384
    },
    "erbbands_skewness": {
        "dmean": 0.352524191141,
        "dmean2": 0.524138331413,
        "dvar": 0.175933212042,
        "dvar2": 0.356511890888,
        "max": 6.73317623138,
        "mean": 1.04845929146,
        "median": 1.06347966194,
        "min": -2.15696525574,
        "var": 1.01284396648
    },
    "erbbands_spread": {
        "dmean": 3.22170209885,
        "dmean2": 4.91053295135,
        "dvar": 40.6031570435,
        "dvar2": 90.4680023193,
        "max": 101.452789307,
        "mean": 15.407201767,
        "median": 13.5945463181,
        "min": 2.30603051186,
        "var": 98.4321060181
    },
    "hfc": {
        "dmean": 2.15841960907,
        "dmean2": 3.16239070892,
        "dvar": 42.3089981079,
        "dvar2": 106.330230713,
        "max": 167.11076355,
        "mean": 10.4314279556,
        "median": 7.39117288589,
        "min": 0.117800965905,
        "var": 118.149810791
    },
    "melbands_crest": {
        "dmean": 1.88057136536,
        "dmean2": 2.88781094551,
        "dvar": 3.83340358734,
        "dvar2": 8.84310626984,
        "max": 32.9300613403,
        "mean": 16.8062458038,
        "median": 16.6025753021,
        "min": 5.87646865845,
        "var": 26.0069904327
    },
    "melbands_flatness_db": {
        "dmean": 0.018393965438,
        "dmean2": 0.0254797842354,
        "dvar": 0.000413744797697,
        "dvar2": 0.000715060916264,
        "max": 0.587224900723,
        "mean": 0.390772610903,
        "median": 0.383362680674,
        "min": 0.11331012845,
        "var": 0.00627578841522
    },
    "melbands_kurtosis": {
        "dmean": 4.92451572418,
        "dmean2": 7.45275831223,
        "dvar": 70.442237854,
        "dvar2": 159.509750366,
        "max": 149.678634644,
        "mean": 13.4450101852,
        "median": 8.50992870331,
        "min": -1.64223086834,
        "var": 271.352233887
    },
    "melbands_skewness": {
        "dmean": 0.473401606083,
        "dmean2": 0.718726336956,
        "dvar": 0.293379157782,
        "dvar2": 0.650876283646,
        "max": 9.2767868042,
        "mean": 2.35374450684,
        "median": 2.15077710152,
        "min": -0.98734664917,
        "var": 1.91547465324
    },
    "melbands_spread": {
        "dmean": 1.50760829449,
        "dmean2": 2.22788190842,
        "dvar": 29.4183864594,
        "dvar2": 63.0085792542,
        "max": 126.035400391,
        "mean": 6.57869386673,
        "median": 4.9177904129,
        "min": 0.644089579582,
        "var": 51.4583396912
    },
    "pitch_salience": {
        "dmean": 0.0474976487458,
        "dmean2": 0.0728073567152,
        "dvar": 0.00213194126263,
        "dvar2": 0.00460854452103,
        "max": 0.774737775326,
        "mean": 0.467134058475,
        "median": 0.470482677221,
        "min": 0.152773201466,
        "var": 0.014064591378
    },
    "silence_rate_20dB": {
        "dmean": 0,
        "dmean2": 0,
        "dvar": 0,
        "dvar2": 0,
        "max": 1,
        "mean": 1,
        "median": 1,
        "min": 1,
        "var": 0
    },
    "silence_rate_30dB": {
        "dmean": 0.00154798757285,
        "dmean2": 0.00309837330133,
        "dvar": 0.00154559023213,
        "dvar2": 0.00308876833878,
        "max": 1,
        "mean": 0.994586229324,
        "median": 1,
        "min": 0,
        "var": 0.00538443820551
    },
    "silence_rate_60dB": {
        "dmean": 0.0123839005828,
        "dmean2": 0.0247869864106,
        "dvar": 0.0122307054698,
        "dvar2": 0.025721564889,
        "max": 1,
        "mean": 0.141531318426,
        "median": 0,
        "min": 0,
        "var": 0.121501810849
    },
    "spectral_centroid": {
        "dmean": 60.9808540344,
        "dmean2": 85.044883728,
        "dvar": 34824.5195312,
        "dvar2": 60578.5273438,
        "max": 4639.34326172,
        "mean": 469.307434082,
        "median": 418.498199463,
        "min": 159.118453979,
        "var": 83071.921875
    },
    "spectral_complexity": {
        "dmean": 1.25773990154,
        "dmean2": 2.10766839981,
        "dvar": 1.68820786476,
        "dvar2": 3.8575193882,
        "max": 20,
        "mean": 9.10518169403,
        "median": 9,
        "min": 2,
        "var": 11.7182741165
    },
    "spectral_decrease": {
        "dmean": 1.161777341e-09,
        "dmean2": 1.75388692458e-09,
        "dvar": 3.24395089953e-18,
        "dvar2": 6.33159899128e-18,
        "max": -5.7309820084e-11,
        "mean": -6.70921140866e-09,
        "median": -5.70094638164e-09,
        "min": -4.75959360813e-08,
        "var": 3.03416499217e-17
    },
    "spectral_energy": {
        "dmean": 0.00456085940823,
        "dmean2": 0.00687115266919,
        "dvar": 4.94294472446e-05,
        "dvar2": 9.66918087215e-05,
        "max": 0.184849947691,
        "mean": 0.0262682586908,
        "median": 0.022432461381,
        "min": 0.000226986870985,
        "var": 0.000463431875687
    },
    "spectral_energyband_high": {
        "dmean": 8.92613679753e-05,
        "dmean2": 0.000139891461004,
        "dvar": 8.76140916262e-07,
        "dvar2": 2.33321111409e-06,
        "max": 0.0247383266687,
        "mean": 9.67033847701e-05,
        "median": 3.89422893932e-06,
        "min": 1.38461246024e-07,
        "var": 6.63870139306e-07
    },
    "spectral_energyband_low": {
        "dmean": 0.000463258038508,
        "dmean2": 0.000696820148733,
        "dvar": 1.10849805424e-06,
        "dvar2": 2.44108696279e-06,
        "max": 0.023168195039,
        "mean": 0.00339589035138,
        "median": 3.72433460143e-05,
        "min": 5.87662647433e-08,
        "var": 2.86442100332e-05
    },
    "spectral_energyband_middle_high": {
        "dmean": 0.000486367731355,
        "dmean2": 0.000656013493426,
        "dvar": 1.27577834519e-06,
        "dvar2": 2.24471978072e-06,
        "max": 0.0304902605712,
        "mean": 0.0020207206253,
        "median": 0.000690932327416,
        "min": 1.37925317176e-05,
        "var": 1.381144466e-05
    },
    "spectral_energyband_middle_low": {
        "dmean": 0.00430864607915,
        "dmean2": 0.00651028892025,
        "dvar": 4.90339589305e-05,
        "dvar2": 9.59783210419e-05,
        "max": 0.179008424282,
        "mean": 0.0211986377835,
        "median": 0.0174532569945,
        "min": 0.000217159773456,
        "var": 0.000397319090553
    },
    "spectral_entropy": {
        "dmean": 0.157714009285,
        "dmean2": 0.226666226983,
        "dvar": 0.0359612554312,
        "dvar2": 0.0652872920036,
        "max": 8.16553688049,
        "mean": 6.00098276138,
        "median": 5.98360490799,
        "min": 4.47653865814,
        "var": 0.297444343567
    },
    "spectral_flux": {
        "dmean": 0.0148806143552,
        "dmean2": 0.0248452201486,
        "dvar": 0.000408301770221,
        "dvar2": 0.00104786420707,
        "max": 0.285765469074,
        "mean": 0.0397576466203,
        "median": 0.0334056802094,
        "min": 0.00484646530822,
        "var": 0.000867429189384
    },
    "spectral_kurtosis": {
        "dmean": 10.9289464951,
        "dmean2": 18.5875511169,
        "dvar": 124.59186554,
        "dvar2": 343.883972168,
        "max": 125.995819092,
        "mean": 32.7589378357,
        "median": 23.6358222961,
        "min": -0.619682312012,
        "var": 717.012207031
    },
    "spectral_rms": {
        "dmean": 0.000413036468672,
        "dmean2": 0.000611091847531,
        "dvar": 2.9253970979e-07,
        "dvar2": 5.72838246171e-07,
        "max": 0.0134291248396,
        "mean": 0.00457729352638,
        "median": 0.00467817578465,
        "min": 0.000470585393487,
        "var": 4.67593281428e-06
    },
    "spectral_rolloff": {
        "dmean": 113.5989151,
        "dmean2": 196.800354004,
        "dvar": 217553.515625,
        "dvar2": 476394.71875,
        "max": 9453.07617188,
        "mean": 598.750305176,
        "median": 495.263671875,
        "min": 107.666015625,
        "var": 324698.71875
    },
    "spectral_skewness": {
        "dmean": 0.731203198433,
        "dmean2": 1.23486125469,
        "dvar": 0.42661973834,
        "dvar2": 1.13220965862,
        "max": 9.54381275177,
        "mean": 4.13530302048,
        "median": 3.76815366745,
        "min": -0.0256430841982,
        "var": 3.2861289978
    },
    "spectral_spread": {
        "dmean": 363041.96875,
        "dmean2": 573911.625,
        "dvar": 247092527104,
        "dvar2": 531769327616,
        "max": 9473072,
        "mean": 2216022.75,
        "median": 1963322.75,
        "min": 654678.75,
        "var": 1.18197229978e+12
    },
    "spectral_strongpeak": {
        "dmean": 0.275581389666,
        "dmean2": 0.455257356167,
        "dvar": 0.214575514197,
        "dvar2": 0.498347431421,
        "max": 7.07001161575,
        "mean": 1.14475333691,
        "median": 0.98644644022,
        "min": 0.0226269867271,
        "var": 0.888022840023
    },
    "zerocrossingrate": {
        "dmean": 0.00320103880949,
        "dmean2": 0.00377462967299,
        "dvar": 6.25602187938e-05,
        "dvar2": 7.68953686929e-05,
        "max": 0.26708984375,
        "mean": 0.0228008087724,
        "median": 0.0205078125,
        "min": 0.00390625,
        "var": 0.000250603450695
    },
    "barkbands": {
        "dmean": [7.72350801981e-07, 0.000156457623234, 0.000207698059967, 0.000666330452077, 0.00248620100319, 0.00147450913209, 0.000709172745701, 0.000514781626407, 0.000418956304202, 0.0001421951456, 0.00026422686642, 0.000107781641418, 7.24862184143e-05, 7.86009113654e-05, 7.27822334738e-05, 7.04079002389e-06, 5.52567416889e-06, 8.43744510348e-06, 1.76839912456e-05, 1.55879333761e-05, 3.66687163478e-05, 1.83568936336e-05, 1.15089078463e-05, 1.04558175735e-05, 7.10214908395e-06, 2.58392969954e-06, 1.8503208965e-09],
        "dmean2": [1.34828815135e-06, 0.000229268640396, 0.000310927251121, 0.00108032883145, 0.00385341863148, 0.0021774568595, 0.00100632838439, 0.000650594884064, 0.000610031653196, 0.000209862439078, 0.000362891092664, 0.000147618862684, 0.000106707761006, 0.000116422277642, 0.000102460566268, 1.17820800369e-05, 7.92039827502e-06, 1.32604045575e-05, 2.82378787233e-05, 2.49383374467e-05, 6.13015363342e-05, 2.73213427135e-05, 1.8171265765e-05, 1.75299901457e-05, 1.19718915812e-05, 4.36081427324e-06, 2.76440359492e-09],
        "dvar": [5.30131320786e-12, 2.21127720579e-07, 2.44518247428e-07, 4.30705313192e-06, 1.80524275493e-05, 2.05852575164e-05, 3.69461031369e-06, 2.03691956813e-06, 2.79634900835e-06, 1.27036216213e-07, 7.34352511245e-07, 1.53292560867e-07, 5.55687797998e-08, 6.477262815e-08, 8.77979147162e-08, 4.19846546418e-10, 2.25758481354e-10, 4.34885627509e-10, 2.71518252326e-09, 1.48146659384e-08, 1.75162298888e-07, 2.53615013435e-08, 1.00881365483e-08, 1.42970302264e-08, 1.172110764e-08, 1.49810430727e-09, 4.66522083365e-16],
        "dvar2": [1.22976663575e-11, 3.76507273359e-07, 5.21862318692e-07, 1.09389693534e-05, 4.82626892335e-05, 3.88529697375e-05, 7.40541599953e-06, 2.49090271609e-06, 6.28893258181e-06, 2.83689246316e-07, 1.20535798942e-06, 2.53982335607e-07, 1.28743593564e-07, 1.4277057403e-07, 1.68981102888e-07, 1.18393828075e-09, 4.07344047382e-10, 9.79922032407e-10, 7.30035765173e-09, 3.75918816076e-08, 4.75040877745e-07, 5.38771196545e-08, 2.51371599091e-08, 3.83962195372e-08, 3.19543183025e-08, 4.18144452397e-09, 4.71302737319e-16],
        "max": [4.83028270537e-05, 0.0146725550294, 0.0107201524079, 0.0494918748736, 0.0606486201286, 0.116092450917, 0.0456304587424, 0.0430936031044, 0.0369850024581, 0.0101928394288, 0.029905565083, 0.0106643270701, 0.00433497317135, 0.00419095996767, 0.0102639263496, 0.000480491115013, 0.00045852776384, 0.000292903627269, 0.00105457217433, 0.00280397152528, 0.0109939137474, 0.00358639820479, 0.00231770332903, 0.00326847634278, 0.00295950169675, 0.001056280802, 7.05533580003e-07],
        "mean": [7.63205150633e-07, 0.00192392838653, 0.00111201952677, 0.00134216516744, 0.0101638957858, 0.00443361140788, 0.0022942670621, 0.00165988714434, 0.00108990899753, 0.000474698987091, 0.000663128739689, 0.000294059660519, 0.000141588359838, 0.0001925642282, 0.000294466706691, 1.24207272165e-05, 1.27463918034e-05, 1.7842359739e-05, 3.82476428058e-05, 1.74479537236e-05, 3.62593018508e-05, 2.05371306947e-05, 1.32484565256e-05, 1.06214301923e-05, 5.75512831347e-06, 2.20909669224e-06, 1.67521296834e-09],
        "median": [1.20914364743e-07, 3.67537921875e-07, 9.97643928713e-06, 9.978126036e-05, 0.00495009403676, 0.00102015363518, 0.000644688436296, 0.000348200410372, 0.000297102378681, 0.000106193299871, 0.000101690668089, 5.49525830138e-05, 2.59092739725e-05, 2.26463616855e-05, 1.30901526063e-05, 4.82556833958e-06, 1.89057550415e-06, 1.48107574205e-06, 4.62927619083e-06, 1.07058804133e-06, 3.38981777759e-07, 1.70837338942e-07, 5.7354202454e-07, 6.56554846046e-07, 1.10608503689e-07, 6.13268511529e-08, 3.03601283003e-10],
        "min": [8.58372262158e-10, 8.88797702103e-10, 1.47026424369e-09, 7.40735472959e-08, 2.74819576589e-05, 1.59241676556e-06, 1.04275768535e-05, 3.11880853587e-06, 3.43091346622e-06, 1.08206199911e-06, 6.7036882001e-07, 2.63233573605e-07, 7.1665610335e-08, 3.46754518432e-08, 4.00288371338e-08, 5.8518899948e-08, 7.51179385361e-08, 2.81418000014e-08, 3.51713005387e-08, 7.29685778467e-09, 1.75851155859e-08, 3.64456687052e-10, 6.41136521651e-09, 3.36166827708e-09, 2.56201698745e-10, 7.89828688563e-11, 2.57288426675e-11],
        "var": [4.88898374909e-12, 1.18761081467e-05, 4.1394996515e-06, 1.31326478368e-05, 0.00014164292952, 9.08229412744e-05, 1.98703855858e-05, 1.50599798872e-05, 9.60245051829e-06, 1.09453446839e-06, 6.35407241134e-06, 7.15558371667e-07, 1.38710447573e-07, 2.68434746431e-07, 1.27578118736e-06, 4.73452999028e-10, 1.39895262041e-09, 1.59109314612e-09, 5.80717030019e-09, 1.20747980503e-08, 1.19835334544e-07, 3.57159528619e-08, 9.1673433289e-09, 1.01490007509e-08, 7.72305597252e-09, 9.36330235568e-10, 4.66329753946e-16]
    },
    "erbbands": {
        "dmean": [0.0013789270306, 0.0470531769097, 0.236798688769, 1.00960695744, 5.31861591339, 11.4110603333, 8.52993011475, 12.0472450256, 9.97243404388, 14.2434635162, 8.73862552643, 9.01519489288, 7.36876106262, 5.64034223557, 8.78409194946, 3.69182538986, 2.86964893341, 4.96435260773, 4.36260843277, 1.19620847702, 0.30973097682, 0.24028660357, 0.429774522781, 0.579454183578, 0.938524007797, 0.60971057415, 1.2349139452, 1.39317011833, 0.75295996666, 0.433323681355, 0.36177355051, 0.292057961226, 0.12463952601, 0.0729689076543, 0.0651902332902, 0.0179185401648, 0.00353329256177, 0.000206198397791, 6.83034295434e-06, 5.42443194718e-06],
        "dmean2": [0.00211221165955, 0.0689090192318, 0.353224337101, 1.65643644333, 8.39846801758, 17.7989120483, 12.0136957169, 18.2530117035, 14.9791965485, 19.1800193787, 10.9863920212, 13.669968605, 10.0349807739, 8.4054441452, 11.6671295166, 5.24160289764, 4.33450889587, 7.18041753769, 5.78581428528, 1.89217853546, 0.480022132397, 0.362780690193, 0.676840126514, 0.89945691824, 1.47612273693, 0.949077665806, 2.07236909866, 2.31442642212, 1.16111338139, 0.621720254421, 0.579722106457, 0.476540416479, 0.207647845149, 0.128144413233, 0.111914649606, 0.0303956121206, 0.00594218494371, 0.00035468392889, 1.10669971036e-05, 8.23159371066e-06],
        "dvar": [1.98110410565e-05, 0.0182693246752, 0.32290583849, 9.23258495331, 139.409317017, 529.405029297, 284.816864014, 2055.22631836, 937.463500977, 1128.53613281, 892.663574219, 1563.34985352, 503.961395264, 309.244262695, 778.908752441, 135.381591797, 80.561416626, 287.813934326, 267.593139648, 22.3072929382, 0.849965274334, 0.301612764597, 1.17630577087, 1.80321204662, 12.4842634201, 22.4403591156, 242.104492188, 227.534896851, 43.4848632812, 16.3278923035, 11.1640968323, 8.05008220673, 2.4538230896, 1.17355966568, 1.12023043633, 0.0665054544806, 0.00310226483271, 8.20191962703e-06, 4.99509233975e-09, 1.15148258983e-10],
        "dvar2": [3.54476942448e-05, 0.0316420160234, 0.677740037441, 23.8073673248, 315.451141357, 1436.49475098, 451.839019775, 3926.28271484, 1824.68395996, 2096.41674805, 1063.21960449, 4054.51635742, 765.291503906, 702.469665527, 1207.80175781, 262.731201172, 205.854034424, 583.01550293, 464.446075439, 59.8327560425, 2.13467717171, 0.641418755054, 2.7651925087, 4.57611227036, 32.1867408752, 52.4523010254, 661.410400391, 616.125915527, 96.462852478, 34.171836853, 29.3172111511, 21.2766819, 6.61329650879, 3.21745753288, 3.09943699837, 0.186958163977, 0.00847637932748, 2.23068764171e-05, 1.36180284827e-08, 2.68467081899e-10],
        "max": [0.135728359222, 4.05817461014, 13.9315700531, 63.4754371643, 305.93838501, 369.377868652, 392.238464355, 1374.36755371, 709.751953125, 618.052734375, 1188.47277832, 816.304931641, 802.132751465, 420.652526855, 1032.39941406, 237.945297241, 174.482116699, 317.209381104, 604.344360352, 163.07131958, 20.3288078308, 13.0161886215, 14.3097133636, 24.6815547943, 84.6190338135, 104.621620178, 402.909545898, 395.640838623, 135.406585693, 96.6219024658, 82.0213317871, 75.6404266357, 43.3010253906, 29.6244049072, 28.6224346161, 6.93662166595, 1.55903828144, 0.076762996614, 0.0019386454951, 0.000219203095185],
        "mean": [0.0151986563578, 0.557759582996, 1.65868651867, 2.52257037163, 16.077375412, 44.8709869385, 31.2276287079, 37.3745269775, 29.5846786499, 47.5779685974, 29.1190090179, 23.186126709, 22.8631725311, 18.5194072723, 24.7064208984, 10.4525156021, 6.29714488983, 12.5629367828, 18.2833156586, 3.63359045982, 0.773311078548, 0.592236459255, 0.933898150921, 1.38747000694, 1.88728654385, 0.758864879608, 1.14847290516, 1.45398247242, 0.82628685236, 0.475312918425, 0.399269670248, 0.318116337061, 0.114947669208, 0.0593860857189, 0.0511825680733, 0.0155713995919, 0.00293444865383, 0.000160969080753, 1.6627691366e-05, 2.97582319035e-05],
        "median": [6.32651281194e-05, 0.000605433888268, 0.0142797389999, 0.353789180517, 4.82996702194, 10.3145637512, 13.5496711731, 8.65873622894, 8.88682937622, 11.662984848, 6.85708379745, 7.43795871735, 6.73231077194, 4.53782320023, 4.85950946808, 2.37233662605, 1.53843641281, 1.80438005924, 0.840248584747, 0.587243258953, 0.176976233721, 0.120882719755, 0.0868093669415, 0.176887601614, 0.254757195711, 0.0820808783174, 0.0195000637323, 0.0125182857737, 0.00755034945905, 0.00705946329981, 0.0192528516054, 0.0172961708158, 0.00662226835266, 0.0015314304037, 0.0008910606266, 0.000395339680836, 0.000101762321719, 8.76171452546e-06, 1.11747103801e-05, 2.54225178651e-05],
        "min": [8.51685172165e-07, 5.62676632399e-06, 3.59479199687e-05, 0.000559983658604, 0.00755822844803, 0.0840016230941, 0.0597871765494, 0.0362429767847, 0.219796702266, 0.304967284203, 0.195702686906, 0.0785235092044, 0.0527183264494, 0.0575748383999, 0.048811275512, 0.0164630729705, 0.00545127829537, 0.003632013686, 0.00401426386088, 0.00646118819714, 0.00501272361726, 0.00483858864754, 0.00367767782882, 0.00201647751965, 0.00168795743957, 0.00103890325408, 0.000811870209873, 0.000696277071256, 0.000720611133147, 0.000469742662972, 0.000177252863068, 0.000208705256227, 4.05053360737e-05, 1.95095653908e-05, 4.14835039919e-06, 3.28631153934e-06, 8.91625802524e-07, 1.46024106584e-07, 1.75735465291e-07, 2.60359144022e-07],
        "var": [0.000883817556314, 0.950304567814, 7.88182210922, 31.5292434692, 852.005249023, 4145.55810547, 2035.93054199, 8885.69433594, 3994.47875977, 8496.67578125, 6128.95654297, 3211.37036133, 3250.06738281, 2064.61352539, 7008.10107422, 553.893188477, 188.337219238, 1140.75952148, 4464.85791016, 108.132133484, 2.57201647758, 1.50504541397, 4.00606250763, 7.08146619797, 18.8872413635, 21.206489563, 161.574996948, 159.218658447, 54.8121299744, 23.3036937714, 8.76876735687, 6.24301862717, 1.66605246067, 0.76789021492, 0.704361438751, 0.0408373735845, 0.00203351560049, 5.44022987015e-06, 3.38530425914e-09, 6.11778128157e-10]
    },
    "gfcc": {
        "mean": [-134.877838135, 158.497177124, -111.699768066, -20.743522644, -81.684928894, -16.1588764191, -48.173915863, -15.6811494827, -29.6673107147, -16.5254249573, -8.97711467743, -15.0923948288, -6.53300094604],
        "cov": [[6617.99511719, -1185.92614746, -582.411254883, 1098.86938477, -65.6778945923, 512.911071777, -75.5809402466, 113.275726318, -108.989868164, 268.693939209, 362.949401855, -127.554252625, -236.864700317], [-1185.92614746, 1565.48596191, 965.428100586, 112.743095398, 797.921081543, 173.889724731, 293.272094727, 68.7118682861, 315.551025391, -113.059753418, 80.9735488892, -15.6255626678, 81.9834442139], [-582.411254883, 965.428100586, 1815.79077148, 850.609130859, 665.384765625, 340.010009766, 406.200317383, 342.342529297, 322.035858154, 19.8165493011, -58.3309898376, 84.2648849487, 28.0255622864], [1098.86938477, 112.743095398, 850.609130859, 1112.28942871, 400.209594727, 304.89440918, 298.812896729, 257.212402344, 156.44859314, 129.859985352, 8.98966407776, -4.6482424736, -52.9443321228], [-65.6778945923, 797.921081543, 665.384765625, 400.209594727, 701.340820312, 276.600891113, 224.590362549, 162.74206543, 216.11769104, 27.7737407684, 43.0927085876, -18.9097652435, 11.787197113], [512.911071777, 173.889724731, 340.010009766, 304.89440918, 276.600891113, 375.834503174, 139.005020142, 104.654945374, 91.7118377686, 62.6865692139, 30.7770137787, -26.0643405914, -46.9902420044], [-75.5809402466, 293.272094727, 406.200317383, 298.812896729, 224.590362549, 139.005020142, 295.234130859, 107.363113403, 92.2261657715, 42.794757843, -23.3997268677, 29.6171779633, 25.6662578583], [113.275726318, 68.7118682861, 342.342529297, 257.212402344, 162.74206543, 104.654945374, 107.363113403, 232.04989624, 85.9296112061, 38.2937774658, -3.75826573372, 31.4140167236, -3.12844276428], [-108.989868164, 315.551025391, 322.035858154, 156.44859314, 216.11769104, 91.7118377686, 92.2261657715, 85.9296112061, 242.50177002, 56.1265792847, -2.1605117321, 28.1915779114, 29.2455005646], [268.693939209, -113.059753418, 19.8165493011, 129.859985352, 27.7737407684, 62.6865692139, 42.794757843, 38.2937774658, 56.1265792847, 183.514831543, -22.6665592194, 1.38544094563, 6.23598766327], [362.949401855, 80.9735488892, -58.3309898376, 8.98966407776, 43.0927085876, 30.7770137787, -23.3997268677, -3.75826573372, -2.1605117321, -22.6665592194, 216.811218262, -1.86182940006, -12.5444498062], [-127.554252625, -15.6255626678, 84.2648849487, -4.6482424736, -18.9097652435, -26.0643405914, 29.6171779633, 31.4140167236, 28.1915779114, 1.38544094563, -1.86182940006, 102.909477234, 27.5845222473], [-236.864700317, 81.9834442139, 28.0255622864, -52.9443321228, 11.787197113, -46.9902420044, 25.6662578583, -3.12844276428, 29.2455005646, 6.23598766327, -12.5444498062, 27.5845222473, 122.714324951]],
        "icov": [[0.000356641219696, 0.00011870997696, 0.000301287684124, -0.000545867194887, 5.13696904818e-05, -0.000451148283901, 0.000255063030636, 8.99570841284e-06, -9.81653010967e-06, -6.53950846754e-05, -0.000461185612949, -6.10854385741e-06, 3.38490754075e-05], [0.00011870997696, 0.00700906617567, -0.00285597797483, 0.00335815595463, -0.00648181932047, 0.00245267734863, -0.00394306704402, 0.00385201675817, -0.00362499500625, 0.00307443365455, -0.0028436947614, 0.00409013498574, -0.000370118505089], [0.000301287684124, -0.00285597797483, 0.0029872385785, -0.00263591809198, 0.00223762355745, -0.00169070798438, 0.00152080680709, -0.00216411566362, 0.000826799834613, -0.000389017892303, 0.00134119659197, -0.00261140335351, -1.86597026186e-05], [-0.000545867194887, 0.00335815595463, -0.00263591809198, 0.00464315759018, -0.00338868307881, 0.00183293642476, -0.00329435314052, 0.00115091260523, -0.00148533470929, 0.0005624438636, -0.0010594035266, 0.00285100191832, 0.000630068185274], [5.13696904818e-05, -0.00648181932047, 0.00223762355745, -0.00338868307881, 0.0094157140702, -0.0036195255816, 0.00292413588613, -0.00393720064312, 0.00173801463097, -0.00225786818191, 0.00171880191192, -0.00209333561361, -0.000199103553314], [-0.000451148283901, 0.00245267734863, -0.00169070798438, 0.00183293642476, -0.0036195255816, 0.0063915187493, -0.00279562990181, 0.00105314841494, -0.00136659899727, 6.46585249342e-05, -0.00104895513505, 0.00261567672715, 0.00170143658761], [0.000255063030636, -0.00394306704402, 0.00152080680709, -0.00329435314052, 0.00292413588613, -0.00279562990181, 0.00878853816539, -0.00241595041007, 0.00242523173802, -0.00208887760527, 0.00201175850816, -0.00389496097341, -0.00128381722607], [8.99570841284e-06, 0.00385201675817, -0.00216411566362, 0.00115091260523, -0.00393720064312, 0.00105314841494, -0.00241595041007, 0.00910924375057, -0.00245487410575, 0.00124084192794, -0.0014310949482, 0.000446464662673, 0.000229025929002], [-9.81653010967e-06, -0.00362499500625, 0.000826799834613, -0.00148533470929, 0.00173801463097, -0.00136659899727, 0.00242523173802, -0.00245487410575, 0.00895318109542, -0.003626257414, 0.0013608612353, -0.00346897193231, -0.000717460468877], [-6.53950846754e-05, 0.00307443365455, -0.000389017892303, 0.0005624438636, -0.00225786818191, 6.46585249342e-05, -0.00208887760527, 0.00124084192794, -0.003626257414, 0.00875222124159, -0.000102053054434, 0.0017269050004, -0.00111769372597], [-0.000461185612949, -0.0028436947614, 0.00134119659197, -0.0010594035266, 0.00171880191192, -0.00104895513505, 0.00201175850816, -0.0014310949482, 0.0013608612353, -0.000102053054434, 0.00684184907004, -0.00253529660404, 0.000172414249391], [-6.10854385741e-06, 0.00409013498574, -0.00261140335351, 0.00285100191832, -0.00209333561361, 0.00261567672715, -0.00389496097341, 0.000446464662673, -0.00346897193231, 0.0017269050004, -0.00253529660404, 0.01523297932, -0.00183355633635], [3.38490754075e-05, -0.000370118505089, -1.86597026186e-05, 0.000630068185274, -0.000199103553314, 0.00170143658761, -0.00128381722607, 0.000229025929002, -0.000717460468877, -0.00111769372597, 0.000172414249391, -0.00183355633635, 0.0103402826935]]
    },
    "melbands": {
        "dmean": [2.74213998637e-05, 0.000101482997707, 0.000296578422422, 0.000590617419221, 0.000343316089129, 0.000272707693512, 0.000158001319505, 0.000146265156218, 6.79896402289e-05, 5.81134154345e-05, 3.66160675185e-05, 2.12411869143e-05, 3.76512471121e-05, 1.33715529955e-05, 7.05848287907e-06, 7.72193561716e-06, 9.3466742328e-06, 6.70277768222e-06, 3.56811096935e-06, 7.65383731505e-07, 3.75141127051e-07, 2.89517345209e-07, 3.22154079413e-07, 5.0830709597e-07, 4.832642162e-07, 8.40426537252e-07, 5.46571982341e-07, 4.13404364963e-07, 7.02390309471e-07, 9.70380710896e-07, 7.39531344607e-07, 4.12870178934e-07, 3.45234241195e-07, 2.02597647103e-07, 2.12182825976e-07, 2.1243111803e-07, 1.63425298183e-07, 8.95124188105e-08, 6.65684751766e-08, 6.1206478108e-08],
        "dmean2": [4.06799154007e-05, 0.000149706684169, 0.000473334803246, 0.000939983525313, 0.000491071958095, 0.000412102031987, 0.000237894651946, 0.000195454602363, 8.85463960003e-05, 8.72686287039e-05, 4.95390959259e-05, 3.24086940964e-05, 5.02750808664e-05, 1.78558493644e-05, 1.13391051855e-05, 1.10583314381e-05, 1.36722110256e-05, 8.83594657353e-06, 5.3315857258e-06, 1.26446661852e-06, 5.64475840292e-07, 4.20512463961e-07, 5.08262814947e-07, 7.87946589753e-07, 7.58315138683e-07, 1.35642562782e-06, 8.64840842496e-07, 6.53732968203e-07, 1.16471153433e-06, 1.6174603843e-06, 1.22727999496e-06, 6.25121629128e-07, 5.32565422873e-07, 2.93952780339e-07, 3.45399854496e-07, 3.4658390291e-07, 2.7083092391e-07, 1.51440133322e-07, 1.1313124304e-07, 1.08768951179e-07],
        "dvar": [7.36164018633e-09, 6.02600778166e-08, 6.50683944059e-07, 1.15023703984e-06, 3.26830758013e-07, 9.34943955144e-07, 2.14893177031e-07, 1.15183162563e-07, 5.52803669507e-08, 6.19223925469e-08, 1.28927197807e-08, 4.52227366665e-09, 1.53715085105e-08, 2.90343460385e-09, 7.82143461109e-10, 7.84536213772e-10, 9.72401159594e-10, 5.59137958156e-10, 3.05387132249e-10, 3.59396106625e-12, 1.37415578048e-12, 5.48309336303e-13, 6.76548172953e-13, 1.77622738566e-12, 1.36218228537e-12, 6.80121670787e-12, 7.68515893285e-12, 1.39337525892e-11, 8.0054109175e-11, 1.23718521539e-10, 5.96310639756e-11, 1.10737244027e-11, 1.46653071631e-11, 3.40678288531e-12, 4.23497955454e-12, 3.35149724813e-12, 2.64196910876e-12, 1.2614167523e-12, 6.42476306531e-13, 8.62409807196e-13],
        "dvar2": [1.24985639616e-08, 1.20341823617e-07, 1.54234146521e-06, 3.15505371873e-06, 6.22931736416e-07, 1.79922631105e-06, 4.32674283957e-07, 2.00672303663e-07, 7.47684865132e-08, 1.52578266466e-07, 1.94007139243e-08, 1.06835633673e-08, 2.37404105263e-08, 4.69006211645e-09, 2.25971774626e-09, 1.54840484878e-09, 2.04485850475e-09, 9.8059338427e-10, 7.58168638981e-10, 9.31316569003e-12, 3.15688989706e-12, 1.00507015904e-12, 1.77313675895e-12, 3.84503366646e-12, 3.5160544181e-12, 1.85203172243e-11, 1.93295535827e-11, 3.36204813989e-11, 2.21170470827e-10, 3.35994482237e-10, 1.59879415262e-10, 2.30928175887e-11, 3.50794636395e-11, 7.01476376985e-12, 1.13560168213e-11, 8.69094640005e-12, 7.00740854231e-12, 3.38486140158e-12, 1.75010797954e-12, 2.34868895166e-12],
        "max": [0.00273445621133, 0.00601392053068, 0.0219215601683, 0.0139295281842, 0.011342452839, 0.0275789704174, 0.0107348766178, 0.00715114176273, 0.0090572014451, 0.00472699152306, 0.00406738836318, 0.00158385396935, 0.00472044711933, 0.00148144317791, 0.000622763298452, 0.000580621475819, 0.000526327174157, 0.000860365165863, 0.000616871227976, 3.83331571356e-05, 2.55570394074e-05, 2.15433956328e-05, 1.14861950351e-05, 2.29101697187e-05, 2.23457282118e-05, 5.18526903761e-05, 5.44132963114e-05, 8.29133132356e-05, 0.00023228370992, 0.000282616354525, 0.000198945475859, 7.2941162216e-05, 9.4307019026e-05, 4.28395833296e-05, 4.93377374369e-05, 4.90308993903e-05, 4.33053537563e-05, 3.12236297759e-05, 2.14264928218e-05, 2.52211175393e-05],
        "mean": [0.000335350428941, 0.000861098582391, 0.000787154422142, 0.00219401251525, 0.0013867643429, 0.000835968006868, 0.000465425022412, 0.000484787859023, 0.000212708051549, 0.000148839841131, 0.000111594585178, 6.87055071467e-05, 0.000101235789771, 3.77581636712e-05, 1.43209663293e-05, 1.6188932932e-05, 2.277844942e-05, 2.68771145784e-05, 1.32097356982e-05, 1.40470797305e-06, 8.13765495877e-07, 6.62992306388e-07, 5.73007127969e-07, 1.03128525097e-06, 1.04737330275e-06, 1.73027001438e-06, 8.37990285163e-07, 4.21365797365e-07, 6.03510159181e-07, 9.35822242809e-07, 7.81262656346e-07, 4.57114310848e-07, 3.68937605799e-07, 2.14946169308e-07, 2.16060286107e-07, 2.52876645845e-07, 1.65807861663e-07, 7.83101370416e-08, 5.55449375383e-08, 4.83696318554e-08],
        "median": [9.87750752302e-08, 2.32624870478e-06, 0.000136774790008, 0.000863326131366, 0.000486656819703, 0.000191490966245, 0.000128621279146, 0.000116553703265, 4.58923714177e-05, 4.48931969004e-05, 2.96272501146e-05, 1.27654802782e-05, 1.69113845914e-05, 7.14497446097e-06, 3.26577469423e-06, 3.17427679875e-06, 2.63788297161e-06, 1.07196888166e-06, 7.34560671845e-07, 5.3432279401e-07, 1.2257795845e-07, 1.19064758053e-07, 6.90145753879e-08, 7.62234080298e-08, 1.17572156455e-07, 1.83017348832e-07, 1.2032325003e-07, 1.40223033185e-08, 8.17596745861e-09, 8.03534927485e-09, 5.84277959348e-09, 3.82171849722e-09, 2.00854399779e-09, 3.04941116802e-09, 9.08921116149e-09, 1.07545821137e-08, 9.47900424819e-09, 3.4541163263e-09, 1.69587344168e-09, 6.66934618643e-10],
