{
"highlevel": {
    "danceability": {
        "all": {
            "danceable": 0.997658789158,
            "not_danceable": 0.00234119337983
        },
        "probability": 0.997658789158,
        "value": "danceable"
    },
    "gender": {
        "all": {
            "female": 0.308166205883,
            "male": 0.691833794117
        },
        "probability": 0.691833794117,
        "value": "male"
    },
    "genre_dortmund": {
        "all": {
            "alternative": 0.00391021370888,
            "blues": 0.00471271155402,
            "electronic": 0.0220557432622,
            "folkcountry": 0.00529451016337,
            "funksoulrnb": 0.00642653321847,
            "jazz": 0.00359510141425,
            "pop": 0.0158640090376,
            "raphiphop": 0.927392482758,
            "rock": 0.0107487114146
        },
        "probability": 0.927392482758,
        "value": "raphiphop"
    },
    "genre_electronic": {
        "all": {
            "ambient": 0.0975957363844,
            "dnb": 0.42762658,
            "house": 0.401820540428,
            "techno": 0.0111848637462,
            "trance": 0.0617722868919
        },
        "probability": 0.42762658,
        "value": "dnb"
    },
    "genre_rosamerica": {
        "all": {
            "cla": 0.0028712626081,
            "dan": 0.122915841639,
            "hip": 0.336339443922,
            "jaz": 0.00441132998094,
            "pop": 0.14999769628,
            "rhy": 0.360197722912,
            "roc": 0.0141934528947,
            "spe": 0.00907324627042
        },
        "probability": 0.360197722912,
        "value": "rhy"
    },
    "genre_tzanetakis": {
        "all": {
            "blu": 0.0626613423228,
            "cla": 0.0348169617355,
            "cou": 0.104475811124,
            "dis": 0.0784321576357,
            "hip": 0.15692435205,
            "jaz": 0.313974827528,
            "met": 0.0448166541755,
            "pop": 0.0627359300852,
            "reg": 0.0627360641956,
            "roc": 0.0784258767962
        },
        "probability": 0.313974827528,
        "value": "jaz"
    },
    "ismir04_rhythm": {
        "all": {
            "ChaChaCha": 0.111162438989,
            "Jive": 0.0221826080233,
            "Quickstep": 0.103511877358,
            "Rumba-American": 0.0184485651553,
            "Rumba-International": 0.0831096023321,
            "Rumba-Misc": 0.0497572049499,
            "Samba": 0.561387479305,
            "Tango": 0.0124345319346,
            "VienneseWaltz": 0.0302133858204,
            "Waltz": 0.00779228145257
        },
        "probability": 0.561387479305,
        "value": "Samba"
    },
    "mood_acoustic": {
        "all": {
            "acoustic": 0.057864446193,
            "not_acoustic": 0.942135572433
        },
        "probability": 0.942135572433,
        "value": "not_acoustic"
    },
    "mood_aggressive": {
        "all": {
            "aggressive": 0.309472858906,
            "not_aggressive": 0.690527141094
        },
        "probability": 0.690527141094,
        "value": "not_aggressive"
    },
    "mood_electronic": {
        "all": {
            "electronic": 0.735241472721,
            "not_electronic": 0.264758557081
        },
        "probability": 0.735241472721,
        "value": "electronic"
    },
    "mood_happy": {
        "all": {
            "happy": 0.52119076252,
            "not_happy": 0.47880923748
        },
        "probability": 0.52119076252,
        "value": "happy"
    },
    "mood_party": {
        "all": {
            "not_party": 0.327502787113,
            "party": 0.672497212887
        },
        "probability": 0.672497212887,
        "value": "party"
    },
    "mood_relaxed": {
        "all": {
            "not_relaxed": 0.685807466507,
            "relaxed": 0.314192533493
        },
        "probability": 0.685807466507,
        "value": "not_relaxed"
    },
    "mood_sad": {
        "all": {
            "not_sad": 0.751629710197,
            "sad": 0.248370289803
        },
        "probability": 0.751629710197,
        "value": "not_sad"
    },
    "moods_mirex": {
        "all": {
            "Cluster1": 0.130308538675,
            "Cluster2": 0.371320396662,
            "Cluster3": 0.271707892418,
            "Cluster4": 0.153127804399,
            "Cluster5": 0.0735353454947
        },
        "probability": 0.371320396662,
        "value": "Cluster2"
    },
    "timbre": {
        "all": {
            "bright": 0.238656356931,
            "dark": 0.76134365797
        },
        "probability": 0.76134365797,
        "value": "dark"
    },
    "tonal_atonal": {
        "all": {
            "atonal": 0.927779376507,
            "tonal": 0.0722206011415
        },
        "probability": 0.927779376507,
        "value": "atonal"
    },
    "voice_instrumental": {
        "all": {
            "instrumental": 0.000441225216491,
            "voice": 0.999558746815
        },
        "probability": 0.999558746815,
        "value": "voice"
    }
},
"lowlevel": {
    "average_loudness": 0.961298346519,
    "barkbands_crest": {
        "dmean": 3.57867527008,
        "dmean2": 5.74454069138,
        "dvar": 9.12706279755,
        "dvar2": 23.0179691315,
        "max": 25.2290287018,
        "mean": 12.3952770233,
        "median": 12.0230083466,
        "min": 3.01903033257,
        "var": 20.1741924286
    },
    "barkbands_flatness_db": {
        "dmean": 0.0407823957503,
        "dmean2": 0.0566586777568,
        "dvar": 0.0015554149868,
        "dvar2": 0.0027928231284,
        "max": 0.534864366055,
        "mean": 0.200436025858,
        "median": 0.183287784457,
        "min": 0.0607327222824,
        "var": 0.00581581844017
    },
    "barkbands_kurtosis": {
        "dmean": 10.7940196991,
        "dmean2": 17.6098842621,
        "dvar": 557.030883789,
        "dvar2": 1442.14355469,
        "max": 272.165313721,
        "mean": 13.2085704803,
        "median": 5.07589530945,
        "min": -1.91602706909,
        "var": 655.889099121
    },
    "barkbands_skewness": {
        "dmean": 1.11666285992,
        "dmean2": 1.66252923012,
        "dvar": 1.72069311142,
        "dvar2": 4.00740909576,
        "max": 13.1384649277,
        "mean": 2.23642349243,
        "median": 2.06257748604,
        "min": -6.01346063614,
        "var": 4.78047227859
    },
    "barkbands_spread": {
        "dmean": 8.70618438721,
        "dmean2": 13.6677207947,
        "dvar": 163.587478638,
        "dvar2": 386.764556885,
        "max": 108.073478699,
        "mean": 19.4108695984,
        "median": 14.9127140045,
        "min": 0.420070290565,
        "var": 333.71496582
    },
    "dissonance": {
        "dmean": 0.0283554233611,
        "dmean2": 0.0456717908382,
        "dvar": 0.000874418881722,
        "dvar2": 0.00210767518729,
        "max": 0.499859154224,
        "mean": 0.445014029741,
        "median": 0.45517423749,
        "min": 0.225026652217,
        "var": 0.00185655697715
    },
    "dynamic_complexity": 2.42302179337,
    "erbbands_crest": {
        "dmean": 3.14729404449,
        "dmean2": 5.05121326447,
        "dvar": 7.34229278564,
        "dvar2": 17.6048088074,
        "max": 27.0644550323,
        "mean": 9.88166332245,
        "median": 9.05316734314,
        "min": 2.77231049538,
        "var": 16.2746124268
    },
    "erbbands_flatness_db": {
        "dmean": 0.0286047551781,
        "dmean2": 0.0424780808389,
        "dvar": 0.00093073991593,
        "dvar2": 0.00198027887382,
        "max": 0.426075816154,
        "mean": 0.17517285049,
        "median": 0.165692612529,
        "min": 0.0561233535409,
        "var": 0.0027538575232
    },
    "erbbands_kurtosis": {
        "dmean": 2.11299014091,
        "dmean2": 3.24552750587,
        "dvar": 14.345375061,
        "dvar2": 30.3496131897,
        "max": 72.3164901733,
        "mean": 1.8312240839,
        "median": 0.318997383118,
        "min": -1.75266432762,
        "var": 30.3865680695
    },
    "erbbands_skewness": {
        "dmean": 0.611075699329,
        "dmean2": 0.893600463867,
        "dvar": 0.473356962204,
        "dvar2": 0.946351587772,
        "max": 3.76244521141,
        "mean": 0.312718451023,
        "median": 0.435950160027,
        "min": -6.67119169235,
        "var": 1.50807321072
    },
    "erbbands_spread": {
        "dmean": 13.652007103,
        "dmean2": 21.7101650238,
        "dvar": 319.260192871,
        "dvar2": 834.889892578,
        "max": 203.262023926,
        "mean": 39.6835403442,
        "median": 36.3050842285,
        "min": 3.34665632248,
        "var": 515.535888672
    },
    "hfc": {
        "dmean": 15.6533050537,
        "dmean2": 22.3202362061,
        "dvar": 807.341552734,
        "dvar2": 1607.73022461,
        "max": 375.157989502,
        "mean": 33.6408042908,
        "median": 21.3448181152,
        "min": 0.0188620649278,
        "var": 2046.18078613
    },
    "melbands_crest": {
        "dmean": 4.60711669922,
        "dmean2": 7.37910604477,
        "dvar": 16.3298606873,
        "dvar2": 42.6357192993,
        "max": 35.6022605896,
        "mean": 18.9976882935,
        "median": 18.3893489838,
        "min": 3.54667830467,
        "var": 62.1832389832
    },
    "melbands_flatness_db": {
        "dmean": 0.0484911575913,
        "dmean2": 0.0642744228244,
        "dvar": 0.00227915565483,
        "dvar2": 0.00391328427941,
        "max": 0.658734679222,
        "mean": 0.25729444623,
        "median": 0.24099317193,
        "min": 0.0309988092631,
        "var": 0.0114047694951
    },
    "melbands_kurtosis": {
        "dmean": 23.5683746338,
        "dmean2": 37.8416862488,
        "dvar": 3492.10058594,
        "dvar2": 8985.47460938,
        "max": 917.155456543,
        "mean": 32.0904121399,
        "median": 13.857006073,
        "min": -1.91060268879,
        "var": 4070.7746582
    },
    "melbands_skewness": {
        "dmean": 1.41444075108,
        "dmean2": 2.13742780685,
        "dvar": 3.13111495972,
        "dvar2": 7.40023946762,
        "max": 25.9227809906,
        "mean": 3.58382797241,
        "median": 3.12735843658,
        "min": -3.67444944382,
        "var": 7.86237812042
    },
    "melbands_spread": {
        "dmean": 12.2965345383,
        "dmean2": 19.3600349426,
        "dvar": 669.390441895,
        "dvar2": 1450.54467773,
        "max": 271.926391602,
        "mean": 24.1963500977,
        "median": 13.2885103226,
        "min": 0.298798799515,
        "var": 1421.55322266
    },
    "pitch_salience": {
        "dmean": 0.092391461134,
        "dmean2": 0.144694626331,
        "dvar": 0.00658893678337,
        "dvar2": 0.0162671804428,
        "max": 0.859964370728,
        "mean": 0.492955416441,
        "median": 0.488241165876,
        "min": 0.124128371477,
        "var": 0.0235347431153
    },
    "silence_rate_20dB": {
        "dmean": 0,
        "dmean2": 0,
        "dvar": 0,
        "dvar2": 0,
        "max": 1,
        "mean": 1,
        "median": 1,
        "min": 1,
        "var": 0
    },
    "silence_rate_30dB": {
        "dmean": 0.0990712046623,
        "dmean2": 0.198295891285,
        "dvar": 0.0892548114061,
        "dvar2": 0.166721224785,
        "max": 1,
        "mean": 0.86697602272,
        "median": 1,
        "min": 0,
        "var": 0.115328334272
    },
    "silence_rate_60dB": {
        "dmean": 0.0402476787567,
        "dmean2": 0.0805577039719,
        "dvar": 0.0386283509433,
        "dvar2": 0.0833644941449,
        "max": 1,
        "mean": 0.0564578510821,
        "median": 0,
        "min": 0,
        "var": 0.0532713718712
    },
    "spectral_centroid": {
        "dmean": 423.227661133,
        "dmean2": 632.182250977,
        "dvar": 426940.78125,
        "dvar2": 776515,
        "max": 6694.71533203,
        "mean": 1372.29577637,
        "median": 1063.00793457,
        "min": 140.371643066,
        "var": 1265325
    },
    "spectral_complexity": {
        "dmean": 4.89009284973,
        "dmean2": 6.55848169327,
        "dvar": 26.0761508942,
        "dvar2": 38.8014259338,
        "max": 45,
        "mean": 15.3836040497,
        "median": 15,
        "min": 0,
        "var": 83.3762664795
    },
    "spectral_decrease": {
        "dmean": 5.26252952326e-09,
        "dmean2": 8.06772249007e-09,
        "dvar": 5.51100348086e-17,
        "dvar2": 1.14079866409e-16,
        "max": -6.49016430876e-12,
        "mean": -1.38517242121e-08,
        "median": -1.09279714167e-08,
        "min": -6.99247024727e-08,
        "var": 1.40654347224e-16
    },
    "spectral_energy": {
        "dmean": 0.0203464366496,
        "dmean2": 0.031205130741,
        "dvar": 0.000787848955952,
        "dvar2": 0.00162395520601,
        "max": 0.266437679529,
        "mean": 0.0553308278322,
        "median": 0.0447582788765,
        "min": 2.62061766989e-05,
        "var": 0.00202769204043
    },
    "spectral_energyband_high": {
        "dmean": 0.00144958158489,
        "dmean2": 0.0021535162814,
        "dvar": 1.65316469065e-05,
        "dvar2": 3.20955768984e-05,
        "max": 0.0585040003061,
        "mean": 0.00232018507086,
        "median": 0.000426207436249,
        "min": 3.39032304453e-08,
        "var": 3.92295150959e-05
    },
    "spectral_energyband_low": {
        "dmean": 0.0168164949864,
        "dmean2": 0.0263371951878,
        "dvar": 0.000836648920085,
        "dvar2": 0.00183282070793,
        "max": 0.246598467231,
        "mean": 0.0352812260389,
        "median": 0.0193168316036,
        "min": 6.29214753189e-07,
        "var": 0.00181571859866
    },
    "spectral_energyband_middle_high": {
        "dmean": 0.00255274097435,
        "dmean2": 0.00346779846586,
        "dvar": 1.24691605379e-05,
        "dvar2": 2.09287318285e-05,
        "max": 0.0501824133098,
        "mean": 0.00507987476885,
        "median": 0.00326939579099,
        "min": 1.96296468857e-06,
        "var": 3.42238017765e-05
    },
    "spectral_energyband_middle_low": {
        "dmean": 0.00836713239551,
        "dmean2": 0.0134581858292,
        "dvar": 0.000172874017153,
        "dvar2": 0.000448051752755,
        "max": 0.0938830450177,
        "mean": 0.0141044538468,
        "median": 0.0109542878345,
        "min": 9.53428752837e-06,
        "var": 0.000200747308554
    },
    "spectral_entropy": {
        "dmean": 0.286725014448,
        "dmean2": 0.425629854202,
        "dvar": 0.103728890419,
        "dvar2": 0.205784350634,
        "max": 8.90786743164,
        "mean": 7.42092657089,
        "median": 7.41069793701,
        "min": 5.32373285294,
        "var": 0.299423336983
    },
    "spectral_flux": {
        "dmean": 0.0481008179486,
        "dmean2": 0.0703078880906,
        "dvar": 0.00230031460524,
        "dvar2": 0.00405371561646,
        "max": 0.472454547882,
        "mean": 0.12972228229,
        "median": 0.114328883588,
        "min": 0.00361763383262,
        "var": 0.00649028690532
    },
    "spectral_kurtosis": {
        "dmean": 2.89106011391,
        "dmean2": 4.51856422424,
        "dvar": 25.8318920135,
        "dvar2": 65.4452667236,
        "max": 82.4984130859,
        "mean": 5.62347269058,
        "median": 4.37699794769,
        "min": -1.28742802143,
        "var": 39.7498283386
    },
    "spectral_rms": {
        "dmean": 0.00136150908656,
        "dmean2": 0.00201083603315,
        "dvar": 2.37749873122e-06,
        "dvar2": 4.26136875831e-06,
        "max": 0.016122629866,
        "mean": 0.00662732683122,
        "median": 0.00660807173699,
        "min": 0.000159896851983,
        "var": 1.00598999779e-05
    },
    "spectral_rolloff": {
        "dmean": 791.98059082,
        "dmean2": 1376.62390137,
        "dvar": 3200326.75,
        "dvar2": 6888986.5,
        "max": 12618.4570312,
        "mean": 1632.27856445,
        "median": 667.529296875,
        "min": 43.06640625,
        "var": 5895364
    },
    "spectral_skewness": {
        "dmean": 0.379271686077,
        "dmean2": 0.559101700783,
        "dvar": 0.202861919999,
        "dvar2": 0.444156885147,
        "max": 6.87894296646,
        "mean": 1.75878620148,
        "median": 1.79606950283,
        "min": -0.717894375324,
        "var": 0.686713337898
    },
    "spectral_spread": {
        "dmean": 1144356.625,
        "dmean2": 1710616.75,
        "dvar": 1.55849824666e+12,
        "dvar2": 3.31237844582e+12,
        "max": 16612249,
        "mean": 5317128.5,
        "median": 5101742.5,
        "min": 918275.4375,
        "var": 4.52420593254e+12
    },
    "spectral_strongpeak": {
        "dmean": 0.580344200134,
        "dmean2": 0.967357873917,
        "dvar": 1.04027020931,
        "dvar2": 2.68916845322,
        "max": 11.2411365509,
        "mean": 0.984373569489,
        "median": 0.509775936604,
        "min": 0,
        "var": 1.42844319344
    },
    "zerocrossingrate": {
        "dmean": 0.0185637585819,
        "dmean2": 0.0206428375095,
        "dvar": 0.000837509927806,
        "dvar2": 0.00100052775815,
        "max": 0.359375,
        "mean": 0.0595740899444,
        "median": 0.0439453125,
        "min": 0.00146484375,
        "var": 0.00409534713253
    },
    "barkbands": {
        "dmean": [0.00268892990425, 0.0144562246278, 0.00560627225786, 0.00412797415629, 0.00084928778233, 0.00234629539773, 0.0022752690129, 0.000930646259803, 0.000972955778707, 0.00039102131268, 0.000621219398454, 0.000598641810939, 0.000442331656814, 0.00042949206545, 0.000340366299497, 0.000283344241325, 0.000233085884247, 0.000133277411805, 0.000312199350446, 0.000114182810648, 0.000205614851438, 0.000257531442912, 0.000386346800951, 0.000508933269884, 0.000246541661909, 5.40193723282e-05, 3.73147805988e-08],
        "dmean2": [0.0041943192482, 0.0247022621334, 0.00993759185076, 0.00762643618509, 0.00146630802192, 0.00359033932909, 0.00337767624296, 0.00141514022835, 0.00141160306521, 0.000617991259787, 0.000951067428105, 0.000893138232641, 0.000651960610412, 0.000655063660815, 0.000495393294841, 0.000416487018811, 0.000347576948116, 0.000197551300516, 0.00045134141692, 0.000182852847502, 0.000307500478812, 0.000394772127038, 0.000594223965891, 0.00075635057874, 0.000377286982257, 8.78880819073e-05, 6.15160544726e-08],
        "dvar": [2.36778596445e-05, 0.000864249537699, 0.000183631258551, 0.00012751185568, 2.12250142795e-06, 1.52211250679e-05, 1.46016973304e-05, 3.81915560865e-06, 3.55770202987e-06, 6.64869673983e-07, 1.86091733667e-06, 1.57736542405e-06, 6.78720311953e-07, 1.27751832224e-06, 5.21256652064e-07, 3.06749399215e-07, 1.78646558879e-07, 5.63032074297e-08, 4.21404138251e-07, 1.25918290905e-07, 6.38382857687e-07, 9.31511067392e-07, 1.64200821473e-06, 2.10456050809e-06, 2.80829738131e-07, 2.3201975452e-08, 6.6157216966e-14],
        "dvar2": [5.83140317758e-05, 0.00225394358858, 0.000491569167934, 0.00036482908763, 5.62173499929e-06, 3.20768886013e-05, 2.92105778499e-05, 7.58328269512e-06, 6.95586277288e-06, 1.58617729085e-06, 4.09846552429e-06, 2.97646715808e-06, 1.45145122588e-06, 3.3197029552e-06, 1.12630846161e-06, 5.66565461213e-07, 3.94463455677e-07, 1.25137290752e-07, 8.0715852846e-07, 2.92634013022e-07, 1.37410916068e-06, 1.87850491784e-06, 3.53381415152e-06, 4.61081344838e-06, 6.1405762608e-07, 5.98519989126e-08, 1.54233207152e-13],
        "max": [0.0554316341877, 0.233803197742, 0.0883503183722, 0.0791847035289, 0.0145114753395, 0.0390203930438, 0.0350834019482, 0.0298430267721, 0.027142945677, 0.0115850847214, 0.0167609620839, 0.0258421972394, 0.00807257927954, 0.0219235494733, 0.00959165301174, 0.0106374491006, 0.00552684953436, 0.00298026041128, 0.00866925064474, 0.00464123720303, 0.0156789105386, 0.0191714670509, 0.0163572691381, 0.0193805024028, 0.00832640286535, 0.00230056769215, 7.15335909263e-06],
        "mean": [0.00598005810753, 0.02271826379, 0.00520456302911, 0.00322994566523, 0.00111631478649, 0.003647133708, 0.00326569657773, 0.0011033276096, 0.00156377267558, 0.000531784608029, 0.000866833259352, 0.00081896194024, 0.000546196475625, 0.000489101163112, 0.000422827317379, 0.000405569880968, 0.000339696125593, 0.000204431649763, 0.000470409548143, 0.000148418024764, 0.000276703212876, 0.000337445439072, 0.000535576429684, 0.00070363166742, 0.000343478342984, 6.07770198258e-05, 2.87359984696e-08],
        "median": [0.000812395359389, 0.00685889367014, 0.000940669502597, 0.000853929203004, 0.000590267707594, 0.00127867446281, 0.000625549349934, 0.000211190112168, 0.000390690605855, 0.000149577332195, 0.000185306445928, 0.000171536943526, 0.000150692794705, 8.61117587192e-05, 9.13092953851e-05, 0.00011321164493, 0.000131636348669, 9.02773099369e-05, 0.000120299591799, 3.40351471095e-05, 4.65993325633e-05, 2.36296873481e-05, 1.23439394883e-05, 7.04072299413e-05, 9.77755262284e-05, 1.4030213606e-05, 8.7175022756e-10],
        "min": [5.6355826672e-09, 3.84507963247e-08, 1.34778332495e-07, 1.34994181167e-07, 4.82922359879e-07, 4.92908213801e-07, 3.03569777316e-07, 1.05772436143e-07, 6.7876797516e-08, 3.15912060955e-08, 5.70463036809e-08, 1.06643483377e-07, 8.78500401313e-08, 1.21667255826e-07, 7.21249051594e-08, 1.09998268272e-07, 1.66549128267e-07, 4.51543122892e-08, 6.57187868569e-08, 1.59607083106e-08, 7.20442994151e-09, 3.9469905122e-10, 2.5710638063e-09, 2.97670804672e-10, 6.60301631081e-12, 6.20295221437e-12, 8.12666947625e-12],
        "var": [7.62362396927e-05, 0.00107152131386, 0.000138785369927, 7.79200854595e-05, 2.47415891863e-06, 3.12571028189e-05, 2.94823803415e-05, 6.95267863193e-06, 9.25299264054e-06, 1.11700046546e-06, 3.40287579093e-06, 3.74570026906e-06, 1.12461316348e-06, 1.32579691581e-06, 8.68743882165e-07, 7.23362688859e-07, 3.26225858771e-07, 9.90572388559e-08, 9.53513222157e-07, 1.61116403774e-07, 1.07492860479e-06, 1.90345838291e-06, 3.54683834303e-06, 4.38781671619e-06, 4.86116675802e-07, 2.23667022681e-08, 6.34022050356e-14]
    },
    "erbbands": {
        "dmean": [0.549470901489, 3.0695669651, 5.38086843491, 12.4968156815, 6.15808534622, 2.24868488312, 13.1619977951, 18.7447242737, 16.3258838654, 42.7426681519, 18.1460132599, 23.599905014, 10.5434122086, 19.8289661407, 22.3711414337, 22.0372009277, 19.6289463043, 21.4982795715, 19.6297569275, 16.4105033875, 14.0786418915, 12.4046707153, 6.84743785858, 11.5527057648, 14.6120662689, 5.21883106232, 5.15466022491, 10.726108551, 9.73366546631, 9.43213558197, 11.4689693451, 12.7987251282, 6.78611564636, 3.67488265038, 1.34667682648, 0.393138974905, 0.0780458599329, 0.00399791216478, 0.000102576246718, 2.99208477372e-05],
        "dmean2": [0.912917256355, 5.07505226135, 8.99697685242, 22.9063339233, 10.9332113266, 3.68840050697, 19.7651462555, 29.5839443207, 24.7636032104, 62.6185913086, 27.0228233337, 33.8646392822, 15.5492582321, 30.4129180908, 34.0746994019, 32.7429466248, 28.2732467651, 32.2547912598, 29.0952663422, 23.6298885345, 20.0814399719, 18.2061538696, 9.82869815826, 16.2312431335, 21.477180481, 8.08214473724, 7.83559942245, 16.9850654602, 14.9722042084, 14.3586521149, 17.3780460358, 18.9916038513, 10.0711288452, 5.67831468582, 2.08580303192, 0.640767455101, 0.126102820039, 0.00655179657042, 0.000161780946655, 4.50461302535e-05],
        "dvar": [0.817411422729, 50.9333686829, 145.720993042, 1157.01672363, 204.092300415, 16.8425941467, 395.418365479, 1287.74255371, 771.55279541, 5937.96191406, 1348.97131348, 2255.38720703, 513.940429688, 2282.74731445, 1912.07836914, 1970.24633789, 1387.44787598, 2558.64379883, 1901.64782715, 1172.89770508, 580.216064453, 534.565856934, 142.860916138, 377.323638916, 1298.60217285, 292.512939453, 387.358917236, 1648.95874023, 1397.80163574, 1093.76135254, 1545.73266602, 1666.10583496, 272.875396729, 66.4600601196, 8.25102138519, 1.34411907196, 0.0315798223019, 0.000106299543404, 5.12734033009e-08, 1.34208644198e-09],
        "dvar2": [2.18685984612, 131.277359009, 369.928619385, 3286.3918457, 567.920349121, 42.3226547241, 779.936889648, 2911.70800781, 1687.20117188, 11642.5517578, 2898.81274414, 4368.02685547, 965.693847656, 5353.765625, 3916.66894531, 4063.39355469, 3013.80834961, 6459.82568359, 4345.37890625, 2229.42480469, 1069.2869873, 1146.72351074, 312.545776367, 722.891235352, 2423.82177734, 723.834594727, 793.491882324, 3690.97363281, 2987.78515625, 2361.56225586, 3335.28735352, 3712.89624023, 556.419372559, 143.093948364, 18.754119873, 3.48515033722, 0.0807429254055, 0.000269945740001, 1.22585944951e-07, 2.80123946261e-09],
        "max": [6.70599889755, 56.3111534119, 87.4556427002, 199.85534668, 115.994361877, 41.8853569031, 291.278503418, 434.894989014, 280.323547363, 744.853515625, 728.690185547, 866.892456055, 430.87701416, 854.204833984, 913.09197998, 576.421081543, 432.442108154, 892.776794434, 743.65447998, 436.027740479, 317.937957764, 330.443878174, 190.811035156, 199.641891479, 590.436462402, 263.029907227, 327.048400879, 727.599182129, 748.372558594, 621.53137207, 507.984558105, 566.568603516, 275.933227539, 127.674194336, 55.3403282166, 18.0833530426, 2.36047410965, 0.168941378593, 0.00334059190936, 0.000377331714844],
        "mean": [1.05142056942, 3.53862023354, 5.71067333221, 10.106762886, 6.03801012039, 3.08476734161, 21.8318367004, 26.0057754517, 23.1045570374, 60.4607543945, 28.652633667, 37.3595848083, 16.7798748016, 27.9338264465, 34.0119781494, 30.6432933807, 25.4326210022, 25.8495407104, 24.6826210022, 22.4615573883, 20.5817604065, 18.9244327545, 11.1260242462, 18.7487659454, 21.3033733368, 6.91496562958, 7.56758308411, 14.1003856659, 12.4770050049, 11.8256416321, 16.0353393555, 17.2624359131, 9.4815826416, 5.04700994492, 1.73258900642, 0.439651101828, 0.0892824307084, 0.00432034209371, 0.000155717381858, 7.86795280874e-05],
        "median": [0.286469221115, 0.937177956104, 1.37325119972, 2.86405515671, 2.34855079651, 1.71073961258, 10.1007928848, 7.85566329956, 7.89952421188, 9.81471443176, 8.24386978149, 9.37708282471, 5.93695878983, 7.41474246979, 8.85418128967, 7.49167251587, 8.6329870224, 6.94668579102, 5.68976926804, 5.70433855057, 7.70303535461, 7.74546337128, 5.14706230164, 6.29482316971, 4.8590593338, 1.91947031021, 1.55698895454, 2.02333307266, 0.961697876453, 0.437068074942, 0.403396785259, 0.818228721619, 1.45479643345, 1.281021595, 0.439937651157, 0.101542107761, 0.0192209407687, 0.000766540120821, 6.77220887155e-05, 7.04882913851e-05],
        "min": [6.90659589964e-07, 2.99137882394e-05, 0.000188242978766, 0.000551169796381, 0.000579588639084, 0.000861461739987, 0.00368221173994, 0.00633576000109, 0.0034799859859, 0.00730280205607, 0.00270290020853, 0.00191722810268, 0.00129194895271, 0.00134535157122, 0.00258664856665, 0.00608039274812, 0.00660616857931, 0.00535020651296, 0.0058683399111, 0.0091590071097, 0.00783863384277, 0.00902898330241, 0.00389755796641, 0.00436472613364, 0.00220616883598, 0.000838351552375, 0.000328808324412, 0.000256095983787, 0.000186198973097, 0.000228211516514, 0.000259681837633, 6.00424718868e-05, 1.30480366352e-05, 9.495469385e-06, 1.11525662305e-06, 1.34290687015e-07, 4.78779185187e-08, 1.20367218415e-08, 1.68245186671e-08, 3.10138474902e-08],
        "var": [1.7882540226, 51.3748130798, 136.250778198, 731.384399414, 146.992477417, 19.6457176208, 926.78125, 2237.9309082, 1440.21557617, 11882.5390625, 2736.78076172, 5826.67919922, 1077.93566895, 3632.01196289, 5176.81152344, 3738.19604492, 2141.19580078, 2940.24780273, 2886.97753906, 2233.54003906, 1196.28540039, 1068.98754883, 295.426971436, 867.269348145, 2621.64257812, 339.669311523, 740.846496582, 2727.02832031, 2662.11450195, 2104.5847168, 3190.32373047, 3316.51806641, 673.727294922, 121.942405701, 12.1474809647, 1.22215235233, 0.0383378714323, 0.000116538962175, 7.10872001264e-08, 3.6687166638e-09]
    },
    "gfcc": {
        "mean": [-13.4890289307, 88.3799819946, -106.127548218, 27.7266559601, -58.9784240723, 18.9858455658, -46.3525428772, 18.7236328125, -26.2421150208, 4.28257799149, -6.76094293594, -3.66839623451, -5.35428953171],
        "cov": [[7021.13916016, -1538.7388916, 190.522872925, -123.719810486, -248.567138672, 177.690002441, -620.466552734, 652.688598633, -386.923858643, 690.160522461, -178.636276245, 158.913482666, -160.776092529], [-1538.7388916, 3097.07299805, -93.6353378296, -260.40145874, 1058.39953613, -177.744171143, 726.058776855, 10.3390808105, 391.554504395, -257.725372314, 270.14932251, -205.495407104, 162.681350708], [190.522872925, -93.6353378296, 1709.85888672, 700.101928711, 342.459594727, 468.502227783, 141.627105713, 226.853256226, 87.9132919312, 124.261734009, 86.5788421631, 133.166625977, 47.5603637695], [-123.719810486, -260.40145874, 700.101928711, 1162.02282715, 241.460861206, 422.030487061, 203.897445679, -106.428970337, 275.869293213, -68.2029876709, 54.6427001953, 40.9135475159, 114.530090332], [-248.567138672, 1058.39953613, 342.459594727, 241.460861206, 795.542419434, 45.9037055969, 259.159118652, 115.072914124, 199.559387207, 27.3381557465, 132.474517822, -37.5714187622, 70.1458587646], [177.690002441, -177.744171143, 468.502227783, 422.030487061, 45.9037055969, 604.09387207, 239.325271606, 29.5785388947, 174.63633728, -29.9476795197, 31.0170783997, 10.2409210205, 50.0483856201], [-620.466552734, 726.058776855, 141.627105713, 203.897445679, 259.159118652, 239.325271606, 739.42565918, -15.8057060242, 259.228912354, -97.8912506104, 43.8026390076, 6.26686668396, 71.0132522583], [652.688598633, 10.3390808105, 226.853256226, -106.428970337, 115.072914124, 29.5785388947, -15.8057060242, 327.060119629, -35.5119285583, 169.126358032, 29.0872535706, 5.4794716835, -11.3009624481], [-386.923858643, 391.554504395, 87.9132919312, 275.869293213, 199.559387207, 174.63633728, 259.228912354, -35.5119285583, 339.382659912, -61.6654243469, 59.1754837036, -36.0592308044, 43.669921875], [690.160522461, -257.725372314, 124.261734009, -68.2029876709, 27.3381557465, -29.9476795197, -97.8912506104, 169.126358032, -61.6654243469, 292.204040527, -13.4135303497, 36.3164978027, -56.7417831421], [-178.636276245, 270.14932251, 86.5788421631, 54.6427001953, 132.474517822, 31.0170783997, 43.8026390076, 29.0872535706, 59.1754837036, -13.4135303497, 149.507110596, -5.83372306824, 33.1803779602], [158.913482666, -205.495407104, 133.166625977, 40.9135475159, -37.5714187622, 10.2409210205, 6.26686668396, 5.4794716835, -36.0592308044, 36.3164978027, -5.83372306824, 170.117248535, 21.3550071716], [-160.776092529, 162.681350708, 47.5603637695, 114.530090332, 70.1458587646, 50.0483856201, 71.0132522583, -11.3009624481, 43.669921875, -56.7417831421, 33.1803779602, 21.3550071716, 146.313735962]],
        "icov": [[0.000249956414336, -6.25333777862e-05, 0.000154153560288, -0.000159288858413, 5.40285764146e-05, -0.000253825361142, 0.000200665017474, -0.000464284414193, 0.000191595550859, -0.000332767522195, 0.000271287222859, -0.000252681871643, 0.000135561829666], [-6.25333777862e-05, 0.00182657083496, -0.000340057420544, 0.00132990255952, -0.00195425399579, 0.000876993231941, -0.00113013223745, 0.0006719068042, -0.000845387810841, 0.00110535963904, -0.00119219487533, 0.00142241863068, -0.0010490155546], [0.000154153560288, -0.000340057420544, 0.00136489293072, -0.000957378244493, -1.62659962371e-05, -0.00090313795954, 0.000362090591807, -0.00117784459144, 0.00077200907981, -0.000306586793158, 0.000151051572175, -0.00116998085286, 0.000690432440024], [-0.000159288858413, 0.00132990255952, -0.000957378244493, 0.00290132500231, -0.00165971694514, 9.57219308475e-05, -0.000599965744186, 0.00189626752399, -0.0016709829215, 0.00065849168459, -0.000711484346539, 0.00108431326225, -0.00165576895233], [5.40285764146e-05, -0.00195425399579, -1.62659962371e-05, -0.00165971694514, 0.00426402036101, -8.99644146557e-05, 0.00062807276845, -0.00124613638036, 0.000148859646288, -0.00146137422416, 0.000161071089678, -0.000759511254728, 0.000585295842029], [-0.000253825361142, 0.000876993231941, -0.00090313795954, 9.57219308475e-05, -8.99644146557e-05, 0.00369127746671, -0.00136577687226, 0.000141701457324, -0.0013593408512, 0.000976016686764, -0.000857103441376, 0.00135873700492, -0.000800777692348], [0.000200665017474, -0.00113013223745, 0.000362090591807, -0.000599965744186, 0.00062807276845, -0.00136577687226, 0.00300509575754, -0.000755905581173, -0.000639174540993, -0.000292519398499, 0.00133814511355, -0.00164612615481, 0.000492285937071], [-0.000464284414193, 0.0006719068042, -0.00117784459144, 0.00189626752399, -0.00124613638036, 0.000141701457324, -0.000755905581173, 0.00690962886438, -0.000323958694935, -0.00214952533133, -0.00147504126653, 0.00176953640766, -0.00156988715753], [0.000191595550859, -0.000845387810841, 0.00077200907981, -0.0016709829215, 0.000148859646288, -0.0013593408512, -0.000639174540993, -0.000323958694935, 0.00621253903955, -0.000646527099889, -0.000383388047339, 8.02594659035e-05, 0.000856612459756], [-0.000332767522195, 0.00110535963904, -0.000306586793158, 0.00065849168459, -0.00146137422416, 0.000976016686764, -0.000292519398499, -0.00214952533133, -0.000646527099889, 0.00701458612457, -0.000295681646094, -0.000390357745346, 0.00136955676135], [0.000271287222859, -0.00119219487533, 0.000151051572175, -0.000711484346539, 0.000161071089678, -0.000857103441376, 0.00133814511355, -0.00147504126653, -0.000383388047339, -0.000295681646094, 0.00943215750158, -0.00120232172776, -0.000379680743208], [-0.000252681871643, 0.00142241863068, -0.00116998085286, 0.00108431326225, -0.000759511254728, 0.00135873700492, -0.00164612615481, 0.00176953640766, 8.02594659035e-05, -0.000390357745346, -0.00120232172776, 0.0086342189461, -0.00265555782244], [0.000135561829666, -0.0010490155546, 0.000690432440024, -0.00165576895233, 0.000585295842029, -0.000800777692348, 0.000492285937071, -0.00156988715753, 0.000856612459756, 0.00136955676135, -0.000379680743208, -0.00265555782244, 0.00960388500243]]
    },
    "melbands": {
        "dmean": [0.00438666250557, 0.00291528902017, 0.00191381783225, 0.000231981801335, 0.000371053261915, 0.000418289710069, 0.000322562002111, 0.000405298022088, 0.000161667412613, 0.0001410812838, 5.0194994401e-05, 7.75811568019e-05, 8.02893482614e-05, 6.89660737407e-05, 4.7712612286e-05, 4.42581076641e-05, 4.15134709328e-05, 3.3524036553e-05, 2.3909691663e-05, 2.14050196519e-05, 1.72472482518e-05, 1.511811206e-05, 8.24672224553e-06, 5.96261997998e-06, 9.99795793177e-06, 1.37924216688e-05, 6.52403514323e-06, 3.03792307932e-06, 2.87014086098e-06, 4.97456949233e-06, 7.38415155865e-06, 6.1623259171e-06, 4.46853164249e-06, 5.90417585045e-06, 6.84747919877e-06, 8.04032242741e-06, 8.18880107545e-06, 5.16825593877e-06, 4.21963204644e-06, 2.86369254354e-06],
        "dmean2": [0.00729542085901, 0.00462591182441, 0.00347300269641, 0.00040223999531, 0.000556608953048, 0.000653288152535, 0.000480934977531, 0.000593764183577, 0.000244886643486, 0.000201719871257, 7.60106049711e-05, 0.000120111842989, 0.000122656390886, 0.000105086350231, 6.99818920111e-05, 6.52440066915e-05, 6.36285549263e-05, 5.06068463437e-05, 3.51931121259e-05, 3.13378186547e-05, 2.54374972428e-05, 2.25059702643e-05, 1.23804957184e-05, 8.6337186076e-06, 1.42452436194e-05, 2.03766376217e-05, 9.98154882836e-06, 4.94528558193e-06, 4.28310795542e-06, 7.96257427282e-06, 1.16888031698e-05, 9.56248732109e-06, 6.96207325745e-06, 9.24757750909e-06, 1.08199083115e-05, 1.23038562378e-05, 1.2260922631e-05, 7.68281188357e-06, 6.53478764434e-06, 4.48870696346e-06],
        "dvar": [6.06625289947e-05, 4.13091838709e-05, 2.57435785898e-05, 2.39660607804e-07, 2.98323669767e-07, 5.71987243347e-07, 2.9576324323e-07, 5.43050077795e-07, 1.14512559435e-07, 8.33595805716e-08, 1.24419985426e-08, 3.47589690364e-08, 2.72834057569e-08, 2.34278072497e-08, 9.34402777375e-09, 6.80844092216e-09, 1.14222817871e-08, 5.94958837752e-09, 2.62350341451e-09, 2.55010013106e-09, 9.11143049898e-10, 9.075329932e-10, 2.82906892357e-10, 1.02283910508e-10, 3.0537752882e-10, 1.01054919988e-09, 3.98488853026e-10, 1.24099883148e-10, 1.08650144437e-10, 4.6472090065e-10, 8.27267199188e-10, 5.36164501685e-10, 3.27050719839e-10, 4.14612455479e-10, 6.15078155075e-10, 6.85670853429e-10, 7.03401559221e-10, 1.64461666508e-10, 1.04555163138e-10, 4.09314873662e-11],
        "dvar2": [0.000160767478519, 9.85029764706e-05, 7.22553450032e-05, 6.50789104384e-07, 5.9206269043e-07, 1.26660677324e-06, 6.18261708496e-07, 1.05904575776e-06, 2.42413534579e-07, 1.62949262972e-07, 2.37780515278e-08, 8.25981771868e-08, 5.91866502475e-08, 4.4131351018e-08, 1.89549567153e-08, 1.45988678923e-08, 2.96595246141e-08, 1.41279823396e-08, 5.47659073646e-09, 5.12763564942e-09, 1.92801685728e-09, 2.12977968594e-09, 6.5355904022e-10, 2.02506567071e-10, 6.05903993645e-10, 1.94534410802e-09, 8.05112809754e-10, 3.17085135926e-10, 2.25944818411e-10, 1.19124066167e-09, 1.97567251448e-09, 1.14629106207e-09, 7.21859794162e-10, 9.42352418321e-10, 1.43101375194e-09, 1.46211043273e-09, 1.65308411404e-09, 3.4134478577e-10, 2.30233609955e-10, 9.13867453933e-11],
        "max": [0.0597664192319, 0.0471050366759, 0.0309369582683, 0.00436203926802, 0.00753516796976, 0.00861770194024, 0.00499328365549, 0.00780273182318, 0.00597358308733, 0.00505731394514, 0.00207331916317, 0.00326101412065, 0.00227619474754, 0.00295367883518, 0.00169889687095, 0.00102611456532, 0.00178248703014, 0.00138651393354, 0.000696107628755, 0.00106747320388, 0.000411975692259, 0.000480179034639, 0.000255877850577, 0.000127052509924, 0.000191229701159, 0.000465740449727, 0.000323771208059, 0.000185654207598, 0.000155740213813, 0.000471563689644, 0.000543475849554, 0.000457911140984, 0.000412301393226, 0.000339092832291, 0.000336436321959, 0.000393532332964, 0.000396582559915, 0.000214690691791, 0.00017724368081, 0.000112132365757],
        "mean": [0.00796274933964, 0.00360120180994, 0.00165038392879, 0.00026181069552, 0.000626633118372, 0.000601485196967, 0.000458360096673, 0.000567542330828, 0.000249801814789, 0.00021952453244, 7.46557998355e-05, 0.000106146479084, 0.000117496638268, 9.83114441624e-05, 6.08033078606e-05, 5.37446503586e-05, 4.71887251479e-05, 3.97251715185e-05, 2.99379516946e-05, 3.01875970763e-05, 2.29394900089e-05, 2.12044797081e-05, 1.20933036669e-05, 9.27166183828e-06, 1.53564942593e-05, 1.97186182049e-05, 8.82396216184e-06, 3.5490359096e-06, 3.95936285713e-06, 6.31176817478e-06, 8.96797973837e-06, 7.64203105064e-06, 5.42856787433e-06, 7.06093032932e-06, 8.86863017513e-06, 1.06284314825e-05, 1.05983044705e-05, 6.88369982527e-06, 5.64284573557e-06, 3.67663324141e-06],
        "median": [0.00257934816182, 0.00102052977309, 0.000544422480743, 0.000108593681944, 0.000293609919026, 0.000184349308256, 0.000115984745207, 0.000100237739389, 5.41664849152e-05, 5.12790611538e-05, 2.22568341997e-05, 2.53353719017e-05, 2.68962612608e-05, 2.11077494896e-05, 1.55883117259e-05, 1.46657939695e-05, 9.51645051828e-06, 8.05777654023e-06, 6.50626679999e-06, 6.82655945639e-06, 9.0946086857e-06, 7.88162651588e-06, 4.41169368059e-06, 3.78972458748e-06, 4.820218237e-06, 3.83830274586e-06, 1.73337684828e-06, 7.90767273884e-07, 7.0065334512e-07, 1.01928719687e-06, 1.10448968371e-06, 5.25941459273e-07, 2.990368273e-07, 1.59268211064e-07, 1.70988329273e-07, 2.42472253831e-07, 5.54334121716e-07, 9.27357120872e-07, 1.06648292331e-06, 9.50699813984e-07],
        "min": [6.99433133633e-09, 1.2244144898e-07, 8.66528750976e-08, 9.44235978295e-08, 9.98930147489e-08, 8.02810831146e-08, 5.29379633463e-08, 7.75604434011e-08, 1.00630597188e-08, 1.10262305952e-08, 6.16210105164e-09, 4.90398477382e-09, 7.89433229897e-09, 1.2798761162e-08, 1.63651279195e-08, 1.10815943088e-08, 8.17499934413e-09, 4.27555102434e-09, 5.52097478845e-09, 9.7552819156e-09, 7.21275350557e-09, 8.86134188249e-09, 4.56136284299e-09, 2.0667536571e-09, 3.61058538623e-09, 2.13458761777e-09, 7.6343409372e-10, 3.01263042291e-10, 1.66344382713e-10, 1.9069541779e-10, 1.4460797837e-10, 2.51702599735e-11, 3.95667060313e-13, 5.27544479455e-13, 5.01477722195e-12, 8.79228113926e-12, 3.84026404426e-12, 3.94073438974e-14, 4.71812428807e-14, 3.72729496193e-14],
