{
"highlevel": {
    "danceability": {
        "all": {
            "danceable": 0.999429583549,
            "not_danceable": 0.000570439675357
        },
        "probability": 0.999429583549,
        "value": "danceable"
    },
    "gender": {
        "all": {
            "female": 0.0691138729453,
            "male": 0.930886149406
        },
        "probability": 0.930886149406,
        "value": "male"
    },
    "genre_dortmund": {
        "all": {
            "alternative": 0.0433551222086,
            "blues": 0.02140837349,
            "electronic": 0.0193696487695,
            "folkcountry": 0.0330149978399,
            "funksoulrnb": 0.0362206473947,
            "jazz": 0.0186490658671,
            "pop": 0.0707873031497,
            "raphiphop": 0.236788243055,
            "rock": 0.520406603813
        },
        "probability": 0.520406603813,
        "value": "rock"
    },
    "genre_electronic": {
        "all": {
            "ambient": 0.382844179869,
            "dnb": 0.374478012323,
            "house": 0.0456653833389,
            "techno": 0.0115274945274,
            "trance": 0.185484915972
        },
        "probability": 0.382844179869,
        "value": "ambient"
    },
    "genre_rosamerica": {
        "all": {
            "cla": 0.00579969119281,
            "dan": 0.138130262494,
            "hip": 0.114117629826,
            "jaz": 0.0144250625744,
            "pop": 0.341463595629,
            "rhy": 0.276866108179,
            "roc": 0.103955976665,
            "spe": 0.00524168508127
        },
        "probability": 0.341463595629,
        "value": "pop"
    },
    "genre_tzanetakis": {
        "all": {
            "blu": 0.0626541376114,
            "cla": 0.0348133966327,
            "cou": 0.0783501937985,
            "dis": 0.104547761381,
            "hip": 0.15693578124,
            "jaz": 0.313987255096,
            "met": 0.044816005975,
            "pop": 0.0627349764109,
            "reg": 0.0627352520823,
            "roc": 0.0784252434969
        },
        "probability": 0.313987255096,
        "value": "jaz"
    },
    "ismir04_rhythm": {
        "all": {
            "ChaChaCha": 0.0425150096416,
            "Jive": 0.359674721956,
            "Quickstep": 0.0324280932546,
            "Rumba-American": 0.00806033518165,
            "Rumba-International": 0.0303575638682,
            "Rumba-Misc": 0.0132362395525,
            "Samba": 0.404117286205,
            "Tango": 0.00480566266924,
            "VienneseWaltz": 0.0955836474895,
            "Waltz": 0.00922140944749
        },
        "probability": 0.404117286205,
        "value": "Samba"
    },
    "mood_acoustic": {
        "all": {
            "acoustic": 0.0819731876254,
            "not_acoustic": 0.918026804924
        },
        "probability": 0.918026804924,
        "value": "not_acoustic"
    },
    "mood_aggressive": {
        "all": {
            "aggressive": 0.667860150337,
            "not_aggressive": 0.332139879465
        },
        "probability": 0.667860150337,
        "value": "aggressive"
    },
    "mood_electronic": {
        "all": {
            "electronic": 0.565056741238,
            "not_electronic": 0.43494322896
        },
        "probability": 0.565056741238,
        "value": "electronic"
    },
    "mood_happy": {
        "all": {
            "happy": 0.440475046635,
            "not_happy": 0.559524953365
        },
        "probability": 0.559524953365,
        "value": "not_happy"
    },
    "mood_party": {
        "all": {
            "not_party": 0.529581725597,
            "party": 0.470418304205
        },
        "probability": 0.529581725597,
        "value": "not_party"
    },
    "mood_relaxed": {
        "all": {
            "not_relaxed": 0.97934448719,
            "relaxed": 0.0206555407494
        },
        "probability": 0.97934448719,
        "value": "not_relaxed"
    },
    "mood_sad": {
        "all": {
            "not_sad": 0.70096796751,
            "sad": 0.299032002687
        },
        "probability": 0.70096796751,
        "value": "not_sad"
    },
    "moods_mirex": {
        "all": {
            "Cluster1": 0.235394001007,
            "Cluster2": 0.199340134859,
            "Cluster3": 0.14559982717,
            "Cluster4": 0.332645833492,
            "Cluster5": 0.0870202258229
        },
        "probability": 0.332645833492,
        "value": "Cluster4"
    },
    "timbre": {
        "all": {
            "bright": 0.418116301298,
            "dark": 0.5818836689
        },
        "probability": 0.5818836689,
        "value": "dark"
    },
    "tonal_atonal": {
        "all": {
            "atonal": 0.0018956111744,
            "tonal": 0.998104393482
        },
        "probability": 0.998104393482,
        "value": "tonal"
    },
    "voice_instrumental": {
        "all": {
            "instrumental": 0.00279053812847,
            "voice": 0.997209489346
        },
        "probability": 0.997209489346,
        "value": "voice"
    }
},
"lowlevel": {
    "average_loudness": 0.977243065834,
    "barkbands_crest": {
        "dmean": 3.04669475555,
        "dmean2": 4.64368343353,
        "dvar": 7.65797328949,
        "dvar2": 17.7838344574,
        "max": 24.8712406158,
        "mean": 10.2885637283,
        "median": 9.73381996155,
        "min": 2.52425742149,
        "var": 20.2265453339
    },
    "barkbands_flatness_db": {
        "dmean": 0.0282719321549,
        "dmean2": 0.0406565219164,
        "dvar": 0.000748260994442,
        "dvar2": 0.00163704936858,
        "max": 0.323403656483,
        "mean": 0.147063210607,
        "median": 0.139237001538,
        "min": 0.0447664111853,
        "var": 0.00269938353449
    },
    "barkbands_kurtosis": {
        "dmean": 4.05343770981,
        "dmean2": 6.32249593735,
        "dvar": 64.2758331299,
        "dvar2": 156.076965332,
        "max": 124.059112549,
        "mean": 4.55028295517,
        "median": 1.89861488342,
        "min": -1.93057763577,
        "var": 75.8205337524
    },
    "barkbands_skewness": {
        "dmean": 0.716364383698,
        "dmean2": 1.06280386448,
        "dvar": 0.662135839462,
        "dvar2": 1.48101139069,
        "max": 10.2914381027,
        "mean": 1.56661570072,
        "median": 1.36710321903,
        "min": -2.0551366806,
        "var": 1.61001360416
    },
    "barkbands_spread": {
        "dmean": 7.92729234695,
        "dmean2": 11.8739414215,
        "dvar": 92.706489563,
        "dvar2": 198.095581055,
        "max": 96.7634963989,
        "mean": 24.8349323273,
        "median": 22.1391983032,
        "min": 1.68654966354,
        "var": 223.949661255
    },
    "dissonance": {
        "dmean": 0.0243353359401,
        "dmean2": 0.0400681383908,
        "dvar": 0.000627647910733,
        "dvar2": 0.00159557617735,
        "max": 0.499943107367,
        "mean": 0.457794725895,
        "median": 0.467825561762,
        "min": 0.231254786253,
        "var": 0.00132489576936
    },
    "dynamic_complexity": 1.80631530285,
    "erbbands_crest": {
        "dmean": 3.1034321785,
        "dmean2": 4.8625702858,
        "dvar": 8.17189311981,
        "dvar2": 18.2945728302,
        "max": 27.8123664856,
        "mean": 9.88222694397,
        "median": 8.76295185089,
        "min": 2.22550988197,
        "var": 23.8825778961
    },
    "erbbands_flatness_db": {
        "dmean": 0.0211932007223,
        "dmean2": 0.0291472487152,
        "dvar": 0.000400745222578,
        "dvar2": 0.000679799704812,
        "max": 0.363795012236,
        "mean": 0.153542146087,
        "median": 0.143990844488,
        "min": 0.0591550730169,
        "var": 0.00268902932294
    },
    "erbbands_kurtosis": {
        "dmean": 1.27774941921,
        "dmean2": 1.9789352417,
        "dvar": 2.54900431633,
        "dvar2": 5.63360738754,
        "max": 17.0751247406,
        "mean": 1.09119212627,
        "median": 0.398325204849,
        "min": -1.66987502575,
        "var": 5.59950304031
    },
    "erbbands_skewness": {
        "dmean": 0.456850707531,
        "dmean2": 0.699185550213,
        "dvar": 0.193291440606,
        "dvar2": 0.441071748734,
        "max": 3.7566576004,
        "mean": 0.422019928694,
        "median": 0.372127979994,
        "min": -2.68645811081,
        "var": 0.707154631615
    },
    "erbbands_spread": {
        "dmean": 10.7115306854,
        "dmean2": 15.78677845,
        "dvar": 131.783248901,
        "dvar2": 290.855316162,
        "max": 125.866264343,
        "mean": 39.3647766113,
        "median": 34.668510437,
        "min": 4.36292219162,
        "var": 429.69329834
    },
    "hfc": {
        "dmean": 13.0527067184,
        "dmean2": 18.6686573029,
        "dvar": 282.091003418,
        "dvar2": 562.876037598,
        "max": 241.155914307,
        "mean": 36.1951522827,
        "median": 34.5425949097,
        "min": 0.864512145519,
        "var": 643.717041016
    },
    "melbands_crest": {
        "dmean": 3.62927746773,
        "dmean2": 5.55863285065,
        "dvar": 11.4868736267,
        "dvar2": 25.8612957001,
        "max": 30.5025348663,
        "mean": 15.0324268341,
        "median": 14.6110982895,
        "min": 3.05720973015,
        "var": 28.3882083893
    },
    "melbands_flatness_db": {
        "dmean": 0.036389362067,
        "dmean2": 0.050421629101,
        "dvar": 0.00130417034961,
        "dvar2": 0.00264375889674,
        "max": 0.41539055109,
        "mean": 0.193283393979,
        "median": 0.189796760678,
        "min": 0.0176479294896,
        "var": 0.00496220914647
    },
    "melbands_kurtosis": {
        "dmean": 10.4486751556,
        "dmean2": 16.2188644409,
        "dvar": 368.460968018,
        "dvar2": 865.809570312,
        "max": 235.093551636,
        "mean": 14.4999837875,
        "median": 6.65506458282,
        "min": -1.73870551586,
        "var": 475.917938232
    },
    "melbands_skewness": {
        "dmean": 1.00443303585,
        "dmean2": 1.45967042446,
        "dvar": 1.27448809147,
        "dvar2": 2.79967427254,
        "max": 12.0283870697,
        "mean": 2.62781453133,
        "median": 2.23783016205,
        "min": -1.32064974308,
        "var": 3.44126319885
    },
    "melbands_spread": {
        "dmean": 10.2931699753,
        "dmean2": 15.3883333206,
        "dvar": 270.888702393,
        "dvar2": 566.017883301,
        "max": 201.129013062,
        "mean": 25.6206760406,
        "median": 20.2134971619,
        "min": 1.07236754894,
        "var": 515.894165039
    },
    "pitch_salience": {
        "dmean": 0.0889739766717,
        "dmean2": 0.142257034779,
        "dvar": 0.0086082899943,
        "dvar2": 0.0215611718595,
        "max": 0.907621026039,
        "mean": 0.538748919964,
        "median": 0.545601665974,
        "min": 0.0864641815424,
        "var": 0.0164130683988
    },
    "silence_rate_20dB": {
        "dmean": 0,
        "dmean2": 0,
        "dvar": 0,
        "dvar2": 0,
        "max": 1,
        "mean": 1,
        "median": 1,
        "min": 1,
        "var": 0
    },
    "silence_rate_30dB": {
        "dmean": 0.0448916405439,
        "dmean2": 0.0898528248072,
        "dvar": 0.042875893414,
        "dvar2": 0.111212566495,
        "max": 1,
        "mean": 0.969837605953,
        "median": 1,
        "min": 0,
        "var": 0.0292518176138
    },
    "silence_rate_60dB": {
        "dmean": 0.0170278642327,
        "dmean2": 0.0340821072459,
        "dvar": 0.0167378876358,
        "dvar2": 0.0422162637115,
        "max": 1,
        "mean": 0.0170146953315,
        "median": 0,
        "min": 0,
        "var": 0.0167254824191
    },
    "spectral_centroid": {
        "dmean": 337.402496338,
        "dmean2": 500.163208008,
        "dvar": 157456.296875,
        "dvar2": 337694.96875,
        "max": 4286.12988281,
        "mean": 1341.73901367,
        "median": 1248.67285156,
        "min": 217.596603394,
        "var": 440500.3125
    },
    "spectral_complexity": {
        "dmean": 5.66950464249,
        "dmean2": 8.03253269196,
        "dvar": 36.7491226196,
        "dvar2": 61.9973869324,
        "max": 51,
        "mean": 19.9976806641,
        "median": 18,
        "min": 1,
        "var": 100.495819092
    },
    "spectral_decrease": {
        "dmean": 4.10788825178e-09,
        "dmean2": 6.18830275911e-09,
        "dvar": 5.13197906715e-17,
        "dvar2": 1.27596699067e-16,
        "max": -1.68724353933e-10,
        "mean": -9.47685929731e-09,
        "median": -7.79393616313e-09,
        "min": -5.60385089443e-08,
        "var": 5.80617328716e-17
    },
    "spectral_energy": {
        "dmean": 0.0162760987878,
        "dmean2": 0.0244173873216,
        "dvar": 0.000749467115384,
        "dvar2": 0.00185904535465,
        "max": 0.214749574661,
        "mean": 0.0390508621931,
        "median": 0.032967492938,
        "min": 0.000813006598037,
        "var": 0.000872278178576
    },
    "spectral_energyband_high": {
        "dmean": 0.000887697853614,
        "dmean2": 0.00124180654529,
        "dvar": 2.4913517791e-06,
        "dvar2": 4.25195185016e-06,
        "max": 0.0294264052063,
        "mean": 0.00171420339029,
        "median": 0.00104156241287,
        "min": 3.0627131764e-06,
        "var": 5.78654498895e-06
    },
    "spectral_energyband_low": {
        "dmean": 0.0101559823379,
        "dmean2": 0.0155675653368,
        "dvar": 0.000566245929804,
        "dvar2": 0.00143165106419,
        "max": 0.189311563969,
        "mean": 0.015204263851,
        "median": 0.00790305156261,
        "min": 6.62193500034e-08,
        "var": 0.000571679498535
    },
    "spectral_energyband_middle_high": {
        "dmean": 0.00409437809139,
        "dmean2": 0.00589999835938,
        "dvar": 3.22118139593e-05,
        "dvar2": 7.1044836659e-05,
        "max": 0.0670577213168,
        "mean": 0.00935887452215,
        "median": 0.00612861430272,
        "min": 2.53431426245e-05,
        "var": 8.66958653205e-05
    },
    "spectral_energyband_middle_low": {
        "dmean": 0.00754408631474,
        "dmean2": 0.0126966824755,
        "dvar": 0.000187760830158,
        "dvar2": 0.000541154353414,
        "max": 0.111084841192,
        "mean": 0.0152542702854,
        "median": 0.0122789666057,
        "min": 0.000113924332254,
        "var": 0.000168547456269
    },
    "spectral_entropy": {
        "dmean": 0.240630015731,
        "dmean2": 0.336342334747,
        "dvar": 0.0573141388595,
        "dvar2": 0.111684881151,
        "max": 8.79257678986,
        "mean": 7.61142873764,
        "median": 7.64176559448,
        "min": 5.77542304993,
        "var": 0.237418025732
    },
    "spectral_flux": {
        "dmean": 0.0442838966846,
        "dmean2": 0.0684453547001,
        "dvar": 0.00275063002482,
        "dvar2": 0.00501422490925,
        "max": 0.43800124526,
        "mean": 0.116881780326,
        "median": 0.100413814187,
        "min": 0.0144415069371,
        "var": 0.00501526938751
    },
    "spectral_kurtosis": {
        "dmean": 1.35168159008,
        "dmean2": 1.93628287315,
        "dvar": 2.60819101334,
        "dvar2": 5.10803318024,
        "max": 23.1378688812,
        "mean": 4.30757474899,
        "median": 3.64945030212,
        "min": -1.07079637051,
        "var": 8.87020778656
    },
    "spectral_rms": {
        "dmean": 0.00119344610721,
        "dmean2": 0.00170142261777,
        "dvar": 2.48101991929e-06,
        "dvar2": 5.5743989833e-06,
        "max": 0.0144745213911,
        "mean": 0.005802617874,
        "median": 0.00567127903923,
        "min": 0.000890604918823,
        "var": 4.42798091171e-06
    },
    "spectral_rolloff": {
        "dmean": 892.045349121,
        "dmean2": 1415.78857422,
        "dvar": 2656495.25,
        "dvar2": 5850851,
        "max": 12661.5234375,
        "mean": 1916.41845703,
        "median": 1399.65820312,
        "min": 86.1328125,
        "var": 4593521.5
    },
    "spectral_skewness": {
        "dmean": 0.237719625235,
        "dmean2": 0.330700755119,
        "dvar": 0.0573378391564,
        "dvar2": 0.110117256641,
        "max": 3.73659110069,
        "mean": 1.77355718613,
        "median": 1.74395406246,
        "min": 0.226487889886,
        "var": 0.239013910294
    },
    "spectral_spread": {
        "dmean": 864569.5625,
        "dmean2": 1232392.25,
        "dvar": 910271381504,
        "dvar2": 1.84440927027e+12,
        "max": 16417666,
        "mean": 6144274.5,
        "median": 5975083,
        "min": 2258528.25,
        "var": 3.04858923008e+12
    },
    "spectral_strongpeak": {
        "dmean": 0.66687977314,
        "dmean2": 1.06781852245,
        "dvar": 1.0314565897,
        "dvar2": 2.29368329048,
        "max": 10.376824379,
        "mean": 1.29587090015,
        "median": 0.685587406158,
        "min": 0,
        "var": 2.38975262642
    },
    "zerocrossingrate": {
        "dmean": 0.0193676073104,
        "dmean2": 0.0212392881513,
        "dvar": 0.000465272256406,
        "dvar2": 0.000619242375251,
        "max": 0.39501953125,
        "mean": 0.0827415809035,
        "median": 0.072265625,
        "min": 0.01318359375,
        "var": 0.00250022369437
    },
    "barkbands": {
        "dmean": [0.00017766248493, 0.00549320410937, 0.00522740371525, 0.00264764856547, 0.00215874821879, 0.00138873269316, 0.00188085541595, 0.00152762397192, 0.000974258873612, 0.000695125083439, 0.000770531361923, 0.000958175049163, 0.000930612965021, 0.00108152476605, 0.000580040737987, 0.000441859388957, 0.000442687887698, 0.000308013521135, 0.00022691313643, 0.000129178952193, 0.000137457784149, 0.000146747974213, 0.00015627364337, 0.000204539013794, 0.000220833957428, 0.000134122528834, 1.43773803529e-07],
        "dmean2": [0.000295221310807, 0.00867776665837, 0.00912989396602, 0.00453439354897, 0.00361649296246, 0.00220084772445, 0.0030206432566, 0.00239163264632, 0.00147840077989, 0.00107918702997, 0.0011156804394, 0.00149944634177, 0.00151419092435, 0.00159863370936, 0.000908487418201, 0.000707055209205, 0.00069825258106, 0.000487495184643, 0.000347209599568, 0.000200576992938, 0.000206746495678, 0.000215504100197, 0.00022632504988, 0.000289860734483, 0.000328540190822, 0.00020212274103, 2.60162636323e-07],
        "dvar": [1.81189591331e-07, 0.000190881182789, 0.000177631678525, 3.4376673284e-05, 2.70139116765e-05, 7.10507811164e-06, 1.03757083707e-05, 1.03092534118e-05, 3.50551908923e-06, 4.95396989209e-06, 6.08624077358e-06, 4.76344666822e-06, 4.17495857619e-06, 4.56670477433e-06, 1.0958032135e-06, 8.0559050275e-07, 6.18404499164e-07, 2.26093263223e-07, 1.16208653367e-07, 5.87490269766e-08, 7.43888293187e-08, 7.39175902709e-08, 1.79281471446e-07, 1.70143593436e-07, 1.65538722285e-07, 4.45147385619e-08, 3.77109259618e-13],
        "dvar2": [4.92088759074e-07, 0.000460682960693, 0.000508701603394, 0.000102257021354, 7.58722162573e-05, 1.92552779481e-05, 2.54412516369e-05, 2.38106640609e-05, 7.86327746027e-06, 1.06221705209e-05, 1.18432435556e-05, 1.1400292351e-05, 1.03562369986e-05, 9.73407259153e-06, 2.51377491622e-06, 2.00964063879e-06, 1.55030943461e-06, 5.53825429961e-07, 2.5026571393e-07, 1.35256044587e-07, 1.52225013039e-07, 1.22864520335e-07, 3.21261069303e-07, 3.24620827996e-07, 3.25981801552e-07, 1.0200292877e-07, 1.05155153248e-12],
        "max": [0.00399088766426, 0.108504720032, 0.0970068648458, 0.0436478257179, 0.0432499572635, 0.0335256904364, 0.0361515730619, 0.0510161034763, 0.0258422195911, 0.0374254398048, 0.0519098304212, 0.0524153709412, 0.0239618718624, 0.0289395581931, 0.013476498425, 0.00915320124477, 0.00955389812589, 0.00628835149109, 0.00415113056079, 0.00274905702099, 0.00390079244971, 0.00669138785452, 0.00980887562037, 0.0102349510416, 0.00696896016598, 0.00295125599951, 1.17650897664e-05],
        "mean": [0.000179250564543, 0.00630986131728, 0.00637317169458, 0.00384755223058, 0.0030810625758, 0.00203919806518, 0.00248219468631, 0.00209580617957, 0.00147811567876, 0.00107161246706, 0.00139587465674, 0.00126171309967, 0.0011496078223, 0.00164792360738, 0.00084606843302, 0.00054830458248, 0.000636726734228, 0.00044594152132, 0.000342446117429, 0.000184156684554, 0.000194578577066, 0.000223409093451, 0.000209582285606, 0.000373127899365, 0.000403732323321, 0.000229749100981, 9.40530426874e-08],
        "median": [4.96996508446e-05, 0.00114268739708, 0.00129232183099, 0.0014072015183, 0.00105424388312, 0.00086989114061, 0.000867417955305, 0.000704111182131, 0.000419431336923, 0.000220229150727, 0.000245020899456, 0.000374990311684, 0.000430292857345, 0.000552649493329, 0.000314037199132, 0.000200239301194, 0.000279248110019, 0.000233894126723, 0.000191858940525, 6.72286187182e-05, 7.60807306506e-05, 0.000108227286546, 8.31295183161e-05, 0.00019000696193, 0.000234798630117, 0.000132796660182, 1.21877508086e-09],
        "min": [1.89380910953e-09, 6.85904488762e-09, 6.04473360255e-09, 1.28174066916e-08, 4.01831350416e-08, 8.69929692726e-08, 2.01353873308e-06, 2.69263910013e-06, 2.64071644551e-07, 2.98839808011e-07, 6.77224704759e-07, 3.15832608067e-07, 4.99593966197e-07, 1.12714053557e-06, 2.32022080127e-06, 2.11464339372e-06, 9.60514967119e-07, 1.60581248565e-06, 9.1134285185e-07, 4.68331222692e-07, 2.92230453169e-07, 4.44749503004e-07, 3.70161615137e-07, 3.28748768652e-07, 6.06459082064e-07, 3.91501714603e-07, 7.25172699667e-12],
        "var": [1.59831316182e-07, 0.000196041131858, 0.000139051189763, 3.16605037369e-05, 2.76097562164e-05, 9.16474436963e-06, 1.46867123476e-05, 1.71327628777e-05, 7.77364220994e-06, 1.05370891106e-05, 2.14128340303e-05, 7.2730458669e-06, 4.78073798149e-06, 9.98365612759e-06, 1.94518497665e-06, 9.1110774747e-07, 9.05846775368e-07, 3.71432008706e-07, 1.91420397755e-07, 9.44421003624e-08, 1.28060804627e-07, 1.60493144108e-07, 3.08841578089e-07, 3.53790426288e-07, 3.33629174065e-07, 7.90257530525e-08, 2.33301035825e-13]
    },
    "erbbands": {
        "dmean": [0.123029895127, 1.45918738842, 5.38122749329, 7.75663805008, 8.13432121277, 6.73087930679, 8.10747146606, 12.701086998, 22.2944946289, 30.4356517792, 30.4653511047, 18.7593975067, 23.7163486481, 21.7539386749, 27.9391384125, 39.1164093018, 41.0922279358, 48.1591911316, 41.5676689148, 26.0058631897, 24.215965271, 25.8820896149, 17.0064754486, 12.6111297607, 9.29845809937, 5.86886644363, 6.05455732346, 5.12390995026, 5.28250837326, 4.79819488525, 4.53891515732, 4.35548353195, 3.73671245575, 2.79648375511, 1.53216588497, 0.727239012718, 0.240167841315, 0.0224270280451, 0.00040689582238, 3.37091150868e-05],
        "dmean2": [0.177955493331, 2.34735155106, 9.25796222687, 13.4691581726, 13.0953130722, 11.6908245087, 13.5241289139, 19.829750061, 35.8860206604, 48.2638168335, 47.9609184265, 28.8620185852, 37.1131057739, 31.8960895538, 40.848613739, 62.1465911865, 65.3329696655, 73.2380752563, 61.1158370972, 40.4514808655, 38.3769035339, 40.4515419006, 26.499370575, 19.2576408386, 14.2891321182, 9.05211162567, 9.34691238403, 7.6528339386, 7.86034679413, 6.82677555084, 6.56804990768, 6.29580640793, 5.44991827011, 4.06014871597, 2.32906627655, 1.08870875835, 0.373055636883, 0.0353706516325, 0.000631052884273, 4.98557310493e-05],
        "dvar": [0.083667807281, 14.4473562241, 213.6456604, 305.642425537, 355.016967773, 281.767028809, 352.975860596, 602.351928711, 1669.4140625, 3080.02832031, 4218.89306641, 1223.65698242, 3990.25244141, 3795.90356445, 6210.68115234, 9968.83105469, 7831.59228516, 10495.8408203, 5003.59960938, 2500.99291992, 2645.74780273, 2029.81970215, 679.234619141, 436.768493652, 174.626022339, 117.183753967, 131.202056885, 107.071159363, 98.0100402832, 109.770393372, 170.196380615, 70.5742645264, 68.0809402466, 29.8568325043, 6.35019350052, 1.30997216702, 0.152623161674, 0.00184588483535, 5.2955516594e-07, 2.13828732498e-09],
        "dvar2": [0.169848397374, 36.8671760559, 600.840698242, 913.233154297, 986.811279297, 800.982910156, 996.349609375, 1578.32775879, 4103.76464844, 7661.48046875, 10234.4072266, 2843.97192383, 9089.60449219, 8507.09863281, 11137.4433594, 24933.8085938, 19264.625, 25249.1855469, 10404.7285156, 6099.63183594, 6907.63769531, 4861.47070312, 1634.01196289, 991.235778809, 387.049438477, 261.076721191, 290.344146729, 202.489715576, 163.574264526, 203.928756714, 315.778747559, 131.599212646, 135.265350342, 61.2329063416, 12.3692264557, 2.89026474953, 0.350972563028, 0.00469863275066, 1.31485319343e-06, 4.95856289362e-09],
        "max": [2.4565975666, 28.434431076, 111.346130371, 130.812347412, 157.832550049, 159.00692749, 161.358978271, 347.053710938, 484.811035156, 687.896850586, 786.415161133, 429.294921875, 1222.75866699, 1193.58239746, 1556.61938477, 2464.22802734, 1114.91101074, 1646.08679199, 1066.90307617, 638.259216309, 632.00958252, 537.36706543, 353.824829102, 337.83291626, 168.086975098, 131.438919067, 163.130233765, 207.433883667, 223.98890686, 255.832366943, 305.530883789, 182.326080322, 206.088348389, 111.360137939, 29.9725017548, 12.587143898, 6.72526168823, 0.664431035519, 0.0108301704749, 0.000477420428069],
        "mean": [0.147611394525, 1.58033156395, 6.40042591095, 11.8346738815, 13.0075902939, 7.96084022522, 9.99513339996, 19.0265922546, 28.5306606293, 46.1826057434, 46.0339889526, 28.6507663727, 36.3424339294, 37.1855964661, 50.6224021912, 50.6961288452, 56.622844696, 72.50806427, 63.5885429382, 40.9518280029, 31.8847789764, 39.5799102783, 25.8637218475, 18.7052268982, 14.6326751709, 8.83207035065, 8.10500526428, 7.48963069916, 8.01253414154, 6.80837154388, 6.03660917282, 7.10629749298, 6.43874931335, 4.71761083603, 2.74316096306, 1.21537041664, 0.404505997896, 0.031127223745, 0.00063339737244, 8.20499553811e-05],
        "median": [0.0195752400905, 0.310316234827, 1.43318760395, 4.61568260193, 3.96809530258, 2.95063710213, 3.68035340309, 7.71372175217, 10.8203315735, 15.9565935135, 15.8713407516, 9.79312515259, 12.4008932114, 11.6976413727, 10.9909181595, 17.2812728882, 22.4768886566, 28.5820579529, 23.6241035461, 15.9735002518, 13.0734395981, 17.9849071503, 13.5176067352, 10.7258777618, 8.31705284119, 3.38231372833, 2.73973369598, 2.931879282, 3.95741605759, 3.16709542274, 2.35166478157, 3.36204457283, 2.9368686676, 2.45293998718, 1.6102296114, 0.730437994003, 0.20851957798, 0.0121032455936, 0.00029418914346, 6.76976633258e-05],
        "min": [7.45860290863e-07, 3.39013899975e-06, 1.11486760943e-05, 9.89513719105e-05, 0.000190123173525, 0.000920606602449, 0.00466905348003, 0.019346691668, 0.058625202626, 0.136382237077, 0.0768763944507, 0.0373014509678, 0.0129802990705, 0.0190198924392, 0.0349887162447, 0.0158297661692, 0.016454545781, 0.0424784123898, 0.0668323859572, 0.0935041904449, 0.13669732213, 0.0773347765207, 0.0808382406831, 0.0697549581528, 0.0539670102298, 0.0291574727744, 0.0146223912016, 0.00962919928133, 0.0117081971839, 0.0166452918202, 0.00829812791198, 0.00677287718281, 0.0059969117865, 0.00708669237792, 0.00367533974349, 0.00257372087799, 0.000303136039292, 1.01619507404e-05, 9.68884933172e-07, 1.04467244455e-06],
        "var": [0.111967012286, 12.7838726044, 157.429077148, 278.940643311, 476.545959473, 208.635253906, 298.447052002, 877.09375, 2125.01538086, 5966.84326172, 7237.54541016, 2566.1965332, 7424.14160156, 7037.66894531, 21021.1367188, 12611.9960938, 10049.3671875, 15355.1474609, 12850.5068359, 4314.97558594, 2747.20776367, 3490.78417969, 1216.26245117, 589.749572754, 315.47644043, 201.539291382, 205.787338257, 203.032028198, 208.071411133, 198.975280762, 275.874023438, 150.109634399, 125.563735962, 55.4932861328, 13.7036628723, 2.49178600311, 0.266812682152, 0.00223183771595, 7.15074293112e-07, 3.66872443536e-09]
    },
    "gfcc": {
        "mean": [33.9383392334, 53.5331840515, -111.593955994, 11.7026176453, -58.3525733948, 21.8341159821, -54.5522041321, 18.0978183746, -29.6111946106, 9.68369197845, -20.2930164337, 0.194249108434, -22.4180793762],
        "cov": [[3086.12524414, -232.967178345, 423.08026123, 498.19354248, 170.977584839, 188.552505493, 27.5414352417, 1.94511413574, 2.70791077614, 60.6089019775, -94.0866394043, 99.1866760254, -14.9759168625], [-232.967178345, 1648.30786133, 723.624572754, 342.124908447, 569.632080078, 228.043991089, 154.559890747, -17.3691368103, -1.0124143362, -128.793807983, 55.1409263611, -74.6127243042, -25.442691803], [423.08026123, 723.624572754, 1315.4979248, 760.74029541, 433.898742676, 220.207290649, 68.9922637939, 13.094124794, -47.3521080017, -5.21627950668, 3.19574451447, -86.672744751, -49.8388938904], [498.19354248, 342.124908447, 760.74029541, 897.836303711, 390.032348633, 192.607116699, 116.379570007, 2.55468511581, 36.965045929, 40.225643158, 11.7327651978, -53.4447746277, 26.1459712982], [170.977584839, 569.632080078, 433.898742676, 390.032348633, 567.308410645, 252.791885376, 110.397918701, 40.2666740417, 29.0579776764, -8.08454608917, -28.0375442505, -58.91614151, -15.044503212], [188.552505493, 228.043991089, 220.207290649, 192.607116699, 252.791885376, 346.119567871, 191.47668457, 75.8884048462, 40.5438499451, -1.26242554188, 37.7841644287, -13.4960861206, 1.78800141811], [27.5414352417, 154.559890747, 68.9922637939, 116.379570007, 110.397918701, 191.47668457, 341.335205078, 113.989479065, 22.118478775, 15.9888134003, 52.5638198853, 45.7031211853, 6.02501964569], [1.94511413574, -17.3691368103, 13.094124794, 2.55468511581, 40.2666740417, 75.8884048462, 113.989479065, 182.306488037, 81.7843170166, 39.1440849304, 41.5649719238, 25.1374511719, 14.6710062027], [2.70791077614, -1.0124143362, -47.3521080017, 36.965045929, 29.0579776764, 40.5438499451, 22.118478775, 81.7843170166, 192.521652222, 91.9465484619, 26.0525417328, 19.5518989563, 26.8058757782], [60.6089019775, -128.793807983, -5.21627950668, 40.225643158, -8.08454608917, -1.26242554188, 15.9888134003, 39.1440849304, 91.9465484619, 153.71005249, 46.3794593811, 23.941116333, 32.8748092651], [-94.0866394043, 55.1409263611, 3.19574451447, 11.7327651978, -28.0375442505, 37.7841644287, 52.5638198853, 41.5649719238, 26.0525417328, 46.3794593811, 149.065078735, 55.3644371033, 32.2627983093], [99.1866760254, -74.6127243042, -86.672744751, -53.4447746277, -58.91614151, -13.4960861206, 45.7031211853, 25.1374511719, 19.5518989563, 23.941116333, 55.3644371033, 145.170913696, 70.7942733765], [-14.9759168625, -25.442691803, -49.8388938904, 26.1459712982, -15.044503212, 1.78800141811, 6.02501964569, 14.6710062027, 26.8058757782, 32.8748092651, 32.2627983093, 70.7942733765, 160.875061035]],
        "icov": [[0.000467830628622, -1.70862185769e-05, 6.17904006504e-05, -0.000411767425248, 0.000222715039854, -0.000578114588279, 0.000430114654591, -0.000230253353948, 0.000382400670787, -0.000479680194985, 0.000786793010775, -0.00100818229839, 0.000479230307974], [-1.70862185769e-05, 0.00203334446996, -0.00134877988603, 0.00136062444653, -0.00228212843649, 0.00154346902855, -0.00170480273664, 0.00205331714824, -0.00233741803095, 0.00299487588927, -0.00245784828439, 0.00140749651473, -0.00102197134402], [6.17904006504e-05, -0.00134877988603, 0.00272057252005, -0.00240003783256, 0.00119801133405, -0.00154987035785, 0.00189719500486, -0.002156161936, 0.00276013487019, -0.00229116366245, 0.00157068914268, -0.00120215222705, 0.00150248210412], [-0.000411767425248, 0.00136062444653, -0.00240003783256, 0.00416404940188, -0.00257537188008, 0.00196629203856, -0.00257944921032, 0.00287989596836, -0.00297256489284, 0.00217228359543, -0.00256863539107, 0.00266439956613, -0.00227811397053], [0.000222715039854, -0.00228212843649, 0.00119801133405, -0.00257537188008, 0.00628954963759, -0.0041266544722, 0.00238501816057, -0.0027105670888, 0.00261064199731, -0.00342451245524, 0.00426696054637, -0.00178500020411, 0.00143600231968], [-0.000578114588279, 0.00154346902855, -0.00154987035785, 0.00196629203856, -0.0041266544722, 0.0083987172693, -0.0048271981068, 0.00210084789433, -0.00372255314142, 0.0042054024525, -0.00445246323943, 0.00378408399411, -0.00211088196374], [0.000430114654591, -0.00170480273664, 0.00189719500486, -0.00257944921032, 0.00238501816057, -0.0048271981068, 0.00777903944254, -0.00504230940714, 0.00425763195381, -0.00357332476415, 0.00282928301021, -0.00437550246716, 0.00260142865591], [-0.000230253353948, 0.00205331714824, -0.002156161936, 0.00287989596836, -0.0027105670888, 0.00210084789433, -0.00504230940714, 0.0116093447432, -0.00662949122488, 0.00363900931552, -0.00404984783381, 0.00240441900678, -0.00186432281043], [0.000382400670787, -0.00233741803095, 0.00276013487019, -0.00297256489284, 0.00261064199731, -0.00372255314142, 0.00425763195381, -0.00662949122488, 0.0127996746451, -0.00876247510314, 0.00434573180974, -0.00328286853619, 0.00196575536393], [-0.000479680194985, 0.00299487588927, -0.00229116366245, 0.00217228359543, -0.00342451245524, 0.0042054024525, -0.00357332476415, 0.00363900931552, -0.00876247510314, 0.0152722485363, -0.00688279280439, 0.00356846139766, -0.00304972263984], [0.000786793010775, -0.00245784828439, 0.00157068914268, -0.00256863539107, 0.00426696054637, -0.00445246323943, 0.00282928301021, -0.00404984783381, 0.00434573180974, -0.00688279280439, 0.0136357629672, -0.00632075825706, 0.00202976563014], [-0.00100818229839, 0.00140749651473, -0.00120215222705, 0.00266439956613, -0.00178500020411, 0.00378408399411, -0.00437550246716, 0.00240441900678, -0.00328286853619, 0.00356846139766, -0.00632075825706, 0.0144464028999, -0.00621294509619], [0.000479230307974, -0.00102197134402, 0.00150248210412, -0.00227811397053, 0.00143600231968, -0.00211088196374, 0.00260142865591, -0.00186432281043, 0.00196575536393, -0.00304972263984, 0.00202976563014, -0.00621294509619, 0.00978770107031]]
    },
    "melbands": {
        "dmean": [0.00128397345543, 0.00250242184848, 0.00134051172063, 0.000512759084813, 0.000280946784187, 0.000286223454168, 0.000344828877132, 0.000331532821292, 0.0002360795188, 0.000120183663967, 0.000122903336887, 9.20095117181e-05, 0.000108953332528, 8.44827882247e-05, 0.000129915410071, 9.29795642151e-05, 9.44655330386e-05, 8.05079980637e-05, 4.12070148741e-05, 3.15291545121e-05, 2.906224654e-05, 3.15586512443e-05, 1.97528770514e-05, 1.25374226627e-05, 1.09613938548e-05, 8.1312509792e-06, 5.96312520429e-06, 3.73419743482e-06, 3.83309225072e-06, 3.2838891002e-06, 3.1488489185e-06, 3.17781064041e-06, 2.83224244413e-06, 2.68462258646e-06, 2.72452894023e-06, 2.5667236514e-06, 2.96285816148e-06, 2.74900776276e-06, 2.73320847555e-06, 2.44002194449e-06],
        "dmean2": [0.0019672694616, 0.00409560697153, 0.00231247744523, 0.000855908321682, 0.00047485367395, 0.000447752827313, 0.000552490528207, 0.000521986628883, 0.000372658891138, 0.000183612079127, 0.000191793835256, 0.000136436734465, 0.000157404560014, 0.0001310420339, 0.000209940990317, 0.000144245437696, 0.000145894344314, 0.000120223790873, 6.49902212899e-05, 5.03027986269e-05, 4.68533835374e-05, 4.95815402246e-05, 3.13130331051e-05, 1.96480996237e-05, 1.6968613636e-05, 1.25770920931e-05, 9.51940637606e-06, 5.73446141061e-06, 5.919101568e-06, 5.0420712796e-06, 4.75912111142e-06, 4.82074983665e-06, 4.26866199632e-06, 3.84360600947e-06, 3.97769963456e-06, 3.82736561733e-06, 4.43072121925e-06, 4.03933518101e-06, 4.17133696828e-06, 3.55386600859e-06],
        "dvar": [9.50349203777e-06, 4.34227767983e-05, 9.51449874265e-06, 1.53808809955e-06, 4.3194626187e-07, 3.07850370973e-07, 3.68097374803e-07, 3.48785135884e-07, 2.47813119358e-07, 4.89032494499e-08, 1.1065098704e-07, 6.79163676409e-08, 1.26119772403e-07, 3.18441486513e-08, 1.09209715049e-07, 4.08920612927e-08, 4.28048352319e-08, 2.39169590799e-08, 7.27227877917e-09, 3.92493371137e-09, 4.24286783485e-09, 3.39089756274e-09, 1.07677655681e-09, 3.58976320891e-10, 3.67625596631e-10, 1.85914256212e-10, 1.35742139751e-10, 4.40050704209e-11, 5.10722540648e-11, 4.15824250033e-11, 3.92492739698e-11, 3.405791274e-11, 3.17224926882e-11, 3.69619924945e-11, 6.99491575773e-11, 4.330660483e-11, 2.88586758657e-11, 4.06021952171e-11, 3.74911525436e-11, 2.10332619377e-11],
        "dvar2": [2.08467208722e-05, 0.0001187606249, 2.81058837572e-05, 4.33955256085e-06, 1.22739845665e-06, 8.17721399926e-07, 9.11603933673e-07, 8.48445324664e-07, 5.97915800427e-07, 1.09719358932e-07, 2.4856848313e-07, 1.48714036641e-07, 2.44167125629e-07, 7.58212692631e-08, 2.80047146362e-07, 9.35580928285e-08, 1.04294059611e-07, 4.79299337997e-08, 1.76979764177e-08, 9.6103560665e-09, 1.1227301755e-08, 8.20771095533e-09, 2.75728595511e-09, 8.48585257618e-10, 8.51048509443e-10, 4.11473577433e-10, 3.40479477945e-10, 9.62820309591e-11, 1.13179771111e-10, 8.85570644593e-11, 7.39746944256e-11, 5.91815693674e-11, 5.59884985596e-11, 7.03334959717e-11, 1.38121208915e-10, 7.77304470789e-11, 6.33365651592e-11, 8.58578486085e-11, 8.18172543604e-11, 4.40694251924e-11],
        "max": [0.0237893648446, 0.0510812103748, 0.023399444297, 0.0104536116123, 0.00555090885609, 0.00835857074708, 0.00642469385639, 0.00797358248383, 0.00516291335225, 0.00273761944845, 0.00630910694599, 0.00480288220569, 0.00731855817139, 0.00347583042458, 0.00515920622274, 0.00326161691919, 0.00333561049774, 0.00242213811725, 0.00145344843622, 0.000911110953894, 0.000822037400212, 0.000733277294785, 0.00045028529712, 0.000211487655179, 0.000310057337629, 0.000220546135097, 0.000127452920424, 9.81040866463e-05, 9.89321197267e-05, 9.82811397989e-05, 0.00013739723363, 0.00012189152767, 0.000135192152811, 0.00013814381964, 0.000202132301638, 0.000127967592562, 0.000110510198283, 0.000165203760844, 0.000125332851894, 8.72281598276e-05],
        "mean": [0.00154444435611, 0.00299613410607, 0.00211324030533, 0.000741290219594, 0.000335822114721, 0.000431236141594, 0.000449714600109, 0.000512759143021, 0.000356595672201, 0.000177574795089, 0.000186234799912, 0.000150305597344, 0.00019918482576, 0.000106840649096, 0.000156218273332, 0.000126431943499, 0.000134548099595, 0.000117224219139, 5.74742007302e-05, 4.36500195065e-05, 3.49615947925e-05, 4.47827842436e-05, 2.80963777186e-05, 1.79060189112e-05, 1.4932807062e-05, 1.23664658531e-05, 8.05988565844e-06, 5.1931751841e-06, 4.96875327372e-06, 4.38085089627e-06, 4.41948895968e-06, 4.6493651098e-06, 4.11669634559e-06, 3.63916751667e-06, 3.41049599228e-06, 3.49612218997e-06, 4.73699401482e-06, 4.43238332082e-06, 4.39436280431e-06, 3.8504585973e-06],
        "median": [0.000243758200668, 0.000727010308765, 0.000740852730814, 0.000255923660006, 0.000136158327223, 0.000183576645213, 0.000181578070624, 0.000172886095243, 9.65044164332e-05, 5.49880387553e-05, 5.46533956367e-05, 4.28395687777e-05, 3.39184553013e-05, 3.40832593793e-05, 3.94954367948e-05, 4.59077200503e-05, 4.8042533308e-05, 3.57544631697e-05, 2.12650011235e-05, 1.5303512555e-05, 1.22969249787e-05, 1.77596430149e-05, 1.24994949147e-05, 9.94487982098e-06, 7.84286112321e-06, 6.94705067872e-06, 3.42818589161e-06, 1.71064743881e-06, 1.57494639552e-06, 1.53053292706e-06, 1.62898470535e-06, 2.15896466216e-06, 2.07655489248e-06, 1.5690490045e-06, 1.19305661883e-06, 1.4038964764e-06, 2.06415916182e-06, 1.89033312381e-06, 1.92980451175e-06, 1.91586582332e-06],
        "min": [3.44106787509e-09, 3.88926935102e-09, 1.48800847199e-08, 7.78300623949e-09, 1.59691673218e-08, 1.60444439956e-08, 2.64531138328e-07, 6.72206965646e-07, 4.12810720718e-07, 3.13839016997e-08, 3.69026302849e-08, 7.21175936746e-08, 9.99204203822e-08, 3.75639963579e-08, 2.68093920397e-08, 5.06734103567e-08, 8.90417979349e-08, 2.53414977891e-08, 1.37541377399e-07, 6.79058373976e-08, 1.49147666662e-07, 7.19972419461e-08, 4.73460666228e-08, 8.35454727621e-08, 6.21108187104e-09, 3.65194452456e-08, 8.44036840419e-09, 8.82937278845e-10, 2.97531865812e-09, 7.65808483294e-09, 3.52290041583e-09, 4.23446300246e-09, 6.12523276544e-09, 9.09706265873e-09, 3.23472049146e-09, 1.10834186273e-09, 1.02073668962e-10, 3.41354233768e-09, 9.79653913546e-10, 4.12815959194e-09],
