{
"highlevel": {
    "danceability": {
        "all": {
            "danceable": 0.998612105846,
            "not_danceable": 0.00138791324571
        },
        "probability": 0.998612105846,
        "value": "danceable"
    },
    "gender": {
        "all": {
            "female": 0.997265577316,
            "male": 0.0027344468981
        },
        "probability": 0.997265577316,
        "value": "female"
    },
    "genre_dortmund": {
        "all": {
            "alternative": 0.0744462385774,
            "blues": 0.014479810372,
            "electronic": 0.109300680459,
            "folkcountry": 0.0622624233365,
            "funksoulrnb": 0.0651680529118,
            "jazz": 0.113139726222,
            "pop": 0.243272230029,
            "raphiphop": 0.200018286705,
            "rock": 0.117912553251
        },
        "probability": 0.243272230029,
        "value": "pop"
    },
    "genre_electronic": {
        "all": {
            "ambient": 0.36172837019,
            "dnb": 0.174567461014,
            "house": 0.32792776823,
            "techno": 0.023620089516,
            "trance": 0.112156301737
        },
        "probability": 0.36172837019,
        "value": "ambient"
    },
    "genre_rosamerica": {
        "all": {
            "cla": 0.000952460919507,
            "dan": 0.138194859028,
            "hip": 0.0184661559761,
            "jaz": 0.000600969651714,
            "pop": 0.796824097633,
            "rhy": 0.0389443449676,
            "roc": 0.00557799497619,
            "spe": 0.000439135386841
        },
        "probability": 0.796824097633,
        "value": "pop"
    },
    "genre_tzanetakis": {
        "all": {
            "blu": 0.0776171460748,
            "cla": 0.0430819652975,
            "cou": 0.0969252064824,
            "dis": 0.0775639340281,
            "hip": 0.129305377603,
            "jaz": 0.19403719902,
            "met": 0.0776076763868,
            "pop": 0.0969849601388,
            "reg": 0.0775794237852,
            "roc": 0.129297107458
        },
        "probability": 0.19403719902,
        "value": "jaz"
    },
    "ismir04_rhythm": {
        "all": {
            "ChaChaCha": 0.235686615109,
            "Jive": 0.0722791850567,
            "Quickstep": 0.0293947923928,
            "Rumba-American": 0.0163774751127,
            "Rumba-International": 0.446160882711,
            "Rumba-Misc": 0.0173364225775,
            "Samba": 0.118414796889,
            "Tango": 0.00811171531677,
            "VienneseWaltz": 0.0338067598641,
            "Waltz": 0.0224313288927
        },
        "probability": 0.446160882711,
        "value": "Rumba-International"
    },
    "mood_acoustic": {
        "all": {
            "acoustic": 0.050430547446,
            "not_acoustic": 0.94956946373
        },
        "probability": 0.94956946373,
        "value": "not_acoustic"
    },
    "mood_aggressive": {
        "all": {
            "aggressive": 0.0557460598648,
            "not_aggressive": 0.944253921509
        },
        "probability": 0.944253921509,
        "value": "not_aggressive"
    },
    "mood_electronic": {
        "all": {
            "electronic": 0.428982645273,
            "not_electronic": 0.571017324924
        },
        "probability": 0.571017324924,
        "value": "not_electronic"
    },
    "mood_happy": {
        "all": {
            "happy": 0.771397292614,
            "not_happy": 0.228602722287
        },
        "probability": 0.771397292614,
        "value": "happy"
    },
    "mood_party": {
        "all": {
            "not_party": 0.521948635578,
            "party": 0.478051364422
        },
        "probability": 0.521948635578,
        "value": "not_party"
    },
    "mood_relaxed": {
        "all": {
            "not_relaxed": 0.304587334394,
            "relaxed": 0.695412635803
        },
        "probability": 0.695412635803,
        "value": "relaxed"
    },
    "mood_sad": {
        "all": {
            "not_sad": 0.37198215723,
            "sad": 0.62801784277
        },
        "probability": 0.62801784277,
        "value": "sad"
    },
    "moods_mirex": {
        "all": {
            "Cluster1": 0.118597790599,
            "Cluster2": 0.194110751152,
            "Cluster3": 0.116973429918,
            "Cluster4": 0.514766275883,
            "Cluster5": 0.0555517785251
        },
        "probability": 0.514766275883,
        "value": "Cluster4"
    },
    "timbre": {
        "all": {
            "bright": 0.406004369259,
            "dark": 0.593995630741
        },
        "probability": 0.593995630741,
        "value": "dark"
    },
    "tonal_atonal": {
        "all": {
            "atonal": 0.195743709803,
            "tonal": 0.80425632
        },
        "probability": 0.80425632,
        "value": "tonal"
    },
    "voice_instrumental": {
        "all": {
            "instrumental": 0.00777159072459,
            "voice": 0.992228388786
        },
        "probability": 0.992228388786,
        "value": "voice"
    }
},
"lowlevel": {
    "average_loudness": 0.900800824165,
    "barkbands_crest": {
        "dmean": 3.02425718307,
        "dmean2": 4.52405071259,
        "dvar": 8.66729354858,
        "dvar2": 17.2723503113,
        "max": 26.2905502319,
        "mean": 13.657409668,
        "median": 13.426908493,
        "min": 2.48675966263,
        "var": 33.6959724426
    },
    "barkbands_flatness_db": {
        "dmean": 0.02970171161,
        "dmean2": 0.0433486141264,
        "dvar": 0.000925883767195,
        "dvar2": 0.00189121451695,
        "max": 0.451508551836,
        "mean": 0.19328379631,
        "median": 0.196024045348,
        "min": 0.027469066903,
        "var": 0.00434634368867
    },
    "barkbands_kurtosis": {
        "dmean": 4.06479120255,
        "dmean2": 6.36590385437,
        "dvar": 80.5953979492,
        "dvar2": 177.011001587,
        "max": 165.429229736,
        "mean": 5.72339057922,
        "median": 2.30135965347,
        "min": -1.96294605732,
        "var": 153.632400513
    },
    "barkbands_skewness": {
        "dmean": 0.646886229515,
        "dmean2": 0.966386973858,
        "dvar": 0.548059105873,
        "dvar2": 1.14551401138,
        "max": 11.3899898529,
        "mean": 1.85733556747,
        "median": 1.59596657753,
        "min": -1.07375621796,
        "var": 2.07289814949
    },
    "barkbands_spread": {
        "dmean": 7.06260204315,
        "dmean2": 10.4631242752,
        "dvar": 89.6154022217,
        "dvar2": 156.834762573,
        "max": 120.411384583,
        "mean": 21.0328083038,
        "median": 16.2312145233,
        "min": 0.830539345741,
        "var": 339.885314941
    },
    "dissonance": {
        "dmean": 0.0231287516654,
        "dmean2": 0.0384608916938,
        "dvar": 0.000442608172307,
        "dvar2": 0.00113637035247,
        "max": 0.499943077564,
        "mean": 0.454587817192,
        "median": 0.459526956081,
        "min": 0.206843420863,
        "var": 0.00111914949957
    },
    "dynamic_complexity": 2.95322561264,
    "erbbands_crest": {
        "dmean": 3.13008832932,
        "dmean2": 5.03441143036,
        "dvar": 7.82265329361,
        "dvar2": 17.3610019684,
        "max": 29.1363754272,
        "mean": 10.6309556961,
        "median": 9.70484924316,
        "min": 2.73922801018,
        "var": 22.8726978302
    },
    "erbbands_flatness_db": {
        "dmean": 0.0213348008692,
        "dmean2": 0.0319825261831,
        "dvar": 0.000416815921199,
        "dvar2": 0.000837800325826,
        "max": 0.449206918478,
        "mean": 0.192332625389,
        "median": 0.164779290557,
        "min": 0.0616357699037,
        "var": 0.00715276179835
    },
    "erbbands_kurtosis": {
        "dmean": 1.02932560444,
        "dmean2": 1.65385365486,
        "dvar": 2.78538322449,
        "dvar2": 6.36710596085,
        "max": 25.1554813385,
        "mean": 0.52382594347,
        "median": -0.0767562389374,
        "min": -1.55665028095,
        "var": 4.87283945084
    },
    "erbbands_skewness": {
        "dmean": 0.427556604147,
        "dmean2": 0.623970270157,
        "dvar": 0.17201629281,
        "dvar2": 0.335694104433,
        "max": 4.7073841095,
        "mean": 0.3332452178,
        "median": 0.369703769684,
        "min": -3.38577389717,
        "var": 0.64948451519
    },
    "erbbands_spread": {
        "dmean": 8.14639377594,
        "dmean2": 12.9796504974,
        "dvar": 91.2520904541,
        "dvar2": 200.795562744,
        "max": 123.471969604,
        "mean": 36.6366577148,
        "median": 33.8011894226,
        "min": 2.54791784286,
        "var": 426.245758057
    },
    "hfc": {
        "dmean": 15.6232252121,
        "dmean2": 21.9198246002,
        "dvar": 797.652282715,
        "dvar2": 1508.2142334,
        "max": 392.94128418,
        "mean": 33.9968109131,
        "median": 18.2123031616,
        "min": 0.0398887135088,
        "var": 2266.93603516
    },
    "melbands_crest": {
        "dmean": 3.41332292557,
        "dmean2": 5.2971777916,
        "dvar": 13.9996051788,
        "dvar2": 29.0894298553,
        "max": 34.7685546875,
        "mean": 18.6793556213,
        "median": 18.9820213318,
        "min": 3.80521631241,
        "var": 61.342124939
    },
    "melbands_flatness_db": {
        "dmean": 0.0320992358029,
        "dmean2": 0.0467016398907,
        "dvar": 0.00126253068447,
        "dvar2": 0.00263457768597,
        "max": 0.543802797794,
        "mean": 0.23304246366,
        "median": 0.2348318398,
        "min": 0.056377992034,
        "var": 0.0052279070951
    },
    "melbands_kurtosis": {
        "dmean": 10.664855957,
        "dmean2": 17.1043605804,
        "dvar": 465.54901123,
        "dvar2": 1108.35754395,
        "max": 410.58404541,
        "mean": 19.1819934845,
        "median": 8.6187877655,
        "min": -1.22560369968,
        "var": 987.13079834
    },
    "melbands_skewness": {
        "dmean": 0.89577049017,
        "dmean2": 1.37529075146,
        "dvar": 1.13111615181,
        "dvar2": 2.57964873314,
        "max": 15.2218379974,
        "mean": 3.08064389229,
        "median": 2.44675183296,
        "min": -0.981877505779,
        "var": 5.36519193649
    },
    "melbands_spread": {
        "dmean": 6.53903913498,
        "dmean2": 9.98007202148,
        "dvar": 53.2481994629,
        "dvar2": 118.729934692,
        "max": 97.7708740234,
        "mean": 18.8560256958,
        "median": 16.1172637939,
        "min": 0.790372908115,
        "var": 159.117248535
    },
    "pitch_salience": {
        "dmean": 0.0812243670225,
        "dmean2": 0.124600827694,
        "dvar": 0.0064353402704,
        "dvar2": 0.0148002067581,
        "max": 0.845442652702,
        "mean": 0.444736510515,
        "median": 0.444746285677,
        "min": 0.0872640684247,
        "var": 0.0230026189238
    },
    "silence_rate_20dB": {
        "dmean": 0,
        "dmean2": 0,
        "dvar": 0,
        "dvar2": 0,
        "max": 1,
        "mean": 1,
        "median": 1,
        "min": 1,
        "var": 0
    },
    "silence_rate_30dB": {
        "dmean": 0.061919502914,
        "dmean2": 0.123934932053,
        "dvar": 0.0580870807171,
        "dvar2": 0.13801188767,
        "max": 1,
        "mean": 0.927300870419,
        "median": 1,
        "min": 0,
        "var": 0.0674145370722
    },
    "silence_rate_60dB": {
        "dmean": 0.0139318881556,
        "dmean2": 0.0278853606433,
        "dvar": 0.0137378703803,
        "dvar2": 0.0302062258124,
        "max": 1,
        "mean": 0.0433101318777,
        "median": 0,
        "min": 0,
        "var": 0.0414345152676
    },
    "spectral_centroid": {
        "dmean": 271.200317383,
        "dmean2": 402.498321533,
        "dvar": 85986.4609375,
        "dvar2": 158316.078125,
        "max": 5154.48339844,
        "mean": 1539.31323242,
        "median": 1473.01367188,
        "min": 269.48449707,
        "var": 401887
    },
    "spectral_complexity": {
        "dmean": 4.12461280823,
        "dmean2": 6.08133220673,
        "dvar": 27.2112541199,
        "dvar2": 48.2855606079,
        "max": 55,
        "mean": 17.4184074402,
        "median": 15,
        "min": 0,
        "var": 90.8744812012
    },
    "spectral_decrease": {
        "dmean": 3.20915560792e-09,
        "dmean2": 4.59828264354e-09,
        "dvar": 1.73455390395e-17,
        "dvar2": 3.68020893244e-17,
        "max": -1.37540144204e-11,
        "mean": -1.14962208642e-08,
        "median": -9.5430277014e-09,
        "min": -3.76080357967e-08,
        "var": 9.25347893022e-17
    },
    "spectral_energy": {
        "dmean": 0.0125479474664,
        "dmean2": 0.0181872714311,
        "dvar": 0.00025962293148,
        "dvar2": 0.000548437878024,
        "max": 0.144612491131,
        "mean": 0.0464729778469,
        "median": 0.0395841710269,
        "min": 5.55288752366e-05,
        "var": 0.00145160872489
    },
    "spectral_energyband_high": {
        "dmean": 0.0013724603923,
        "dmean2": 0.0019333998207,
        "dvar": 7.91300954006e-06,
        "dvar2": 1.4091418052e-05,
        "max": 0.0417862460017,
        "mean": 0.00224365177564,
        "median": 0.000415559101384,
        "min": 1.0822578389e-08,
        "var": 2.34428680415e-05
    },
    "spectral_energyband_low": {
        "dmean": 0.00981383211911,
        "dmean2": 0.0139815816656,
        "dvar": 0.000270567659754,
        "dvar2": 0.000587492482737,
        "max": 0.1401065588,
        "mean": 0.0286905560642,
        "median": 0.00441950932145,
        "min": 1.04558726122e-08,
        "var": 0.00119564193301
    },
    "spectral_energyband_middle_high": {
        "dmean": 0.00276911072433,
        "dmean2": 0.00427682604641,
        "dvar": 1.50103696797e-05,
        "dvar2": 3.46128363162e-05,
        "max": 0.0424009524286,
        "mean": 0.00641929917037,
        "median": 0.004150015302,
        "min": 6.6548545874e-06,
        "var": 3.99663658754e-05
    },
    "spectral_energyband_middle_low": {
        "dmean": 0.00417356425896,
        "dmean2": 0.00609607622027,
        "dvar": 3.58082470484e-05,
        "dvar2": 7.83661744208e-05,
        "max": 0.0665680840611,
        "mean": 0.00955087970942,
        "median": 0.00563735188916,
        "min": 3.3102092857e-05,
        "var": 0.000108641266706
    },
    "spectral_entropy": {
        "dmean": 0.19780369103,
        "dmean2": 0.278561115265,
        "dvar": 0.0401802621782,
        "dvar2": 0.0828050449491,
        "max": 8.81226634979,
        "mean": 7.42815589905,
        "median": 7.45115375519,
        "min": 5.2860956192,
        "var": 0.328630238771
    },
    "spectral_flux": {
        "dmean": 0.0309855788946,
        "dmean2": 0.0471753552556,
        "dvar": 0.00120219076052,
        "dvar2": 0.00269582588226,
        "max": 0.320930719376,
        "mean": 0.0918270274997,
        "median": 0.0780891627073,
        "min": 0.00301591213793,
        "var": 0.00353884603828
    },
    "spectral_kurtosis": {
        "dmean": 2.69083619118,
        "dmean2": 4.54502868652,
        "dvar": 70.2441635132,
        "dvar2": 192.487457275,
        "max": 178.32623291,
        "mean": 5.4237036705,
        "median": 3.45755338669,
        "min": -1.45581161976,
        "var": 111.543312073
    },
    "spectral_rms": {
        "dmean": 0.000880594772752,
        "dmean2": 0.0012713217875,
        "dvar": 9.5330892691e-07,
        "dvar2": 1.99844794224e-06,
        "max": 0.0118779353797,
        "mean": 0.00600800430402,
        "median": 0.00621439469978,
        "min": 0.000232754187891,
        "var": 9.24335836316e-06
    },
    "spectral_rolloff": {
        "dmean": 650.731445312,
        "dmean2": 1103.54748535,
        "dvar": 1474761.375,
        "dvar2": 3279413.25,
        "max": 10012.9394531,
        "mean": 1475.14709473,
        "median": 990.52734375,
        "min": 64.599609375,
        "var": 2818450
    },
    "spectral_skewness": {
        "dmean": 0.286069214344,
        "dmean2": 0.457037121058,
        "dvar": 0.232021719217,
        "dvar2": 0.615151703358,
        "max": 10.5528049469,
        "mean": 1.51137197018,
        "median": 1.44967448711,
        "min": -0.231200024486,
        "var": 0.557160079479
    },
    "spectral_spread": {
        "dmean": 734647.0625,
        "dmean2": 1055831.25,
        "dvar": 1.07937077658e+12,
        "dvar2": 1.8697355264e+12,
        "max": 15554215,
        "mean": 4771495.5,
        "median": 4457238.5,
        "min": 431623.46875,
        "var": 6.50098455347e+12
    },
    "spectral_strongpeak": {
        "dmean": 0.436029404402,
        "dmean2": 0.710253179073,
        "dvar": 0.408534795046,
        "dvar2": 1.00498008728,
        "max": 7.48948669434,
        "mean": 1.01776409149,
        "median": 0.641519129276,
        "min": 0.021349709481,
        "var": 0.955488264561
    },
    "zerocrossingrate": {
        "dmean": 0.0129594830796,
        "dmean2": 0.0146465459839,
        "dvar": 0.000238017280935,
        "dvar2": 0.000263833760982,
        "max": 0.26416015625,
        "mean": 0.0593977347016,
        "median": 0.05224609375,
        "min": 0.005859375,
        "var": 0.00129160808865
    },
    "barkbands": {
        "dmean": [0.000750297680497, 0.00891241896898, 0.00219484209083, 0.000830632692669, 0.00117948628031, 0.000703606870957, 0.00053441664204, 0.00114888825919, 0.00116386637092, 0.00085459346883, 0.0012999571627, 0.000557888357434, 0.000257199630141, 0.000361888000043, 0.000287802977255, 0.000295933539746, 0.00014871993335, 0.000191642699065, 0.000167433958268, 0.000175079723704, 0.00018779214588, 0.000153448330821, 0.000221359514399, 0.000398788426537, 0.000360676262062, 0.000196854874957, 3.96032845629e-07],
        "dmean2": [0.0011614371324, 0.0125900581479, 0.00366984843276, 0.0014249747619, 0.00175095384475, 0.00103418133222, 0.000844186171889, 0.00175753398798, 0.00167826493271, 0.00136505253613, 0.00211658328772, 0.000901314546354, 0.000437128241174, 0.000585056957789, 0.000475020176964, 0.000453906221082, 0.00023297550797, 0.000295283913147, 0.000263022375293, 0.000284172361717, 0.000276264559943, 0.000239775123191, 0.000345794280292, 0.000560352404136, 0.000508911383804, 0.000321446481394, 6.91521961471e-07],
        "dvar": [2.37620452026e-06, 0.000230310542975, 3.99106029363e-05, 3.91141429645e-06, 4.49780191047e-06, 1.42777037127e-06, 1.2946887864e-06, 7.00783493812e-06, 4.82408768221e-06, 3.34955279868e-06, 8.06243224361e-06, 1.15372120035e-06, 2.14409041632e-07, 6.54104781006e-07, 1.87062838108e-07, 1.94112956819e-07, 6.78865177406e-08, 7.96284993498e-08, 9.4016940011e-08, 1.13593827678e-07, 1.29882849365e-07, 1.25004163465e-07, 2.66086971124e-07, 1.53653411417e-06, 9.46787622524e-07, 2.96160521884e-07, 4.50262310075e-12],
        "dvar2": [5.94149969402e-06, 0.00049543264322, 9.96754388325e-05, 1.03136335383e-05, 9.5857803899e-06, 2.9906045711e-06, 3.28809414896e-06, 1.62197648024e-05, 9.20451293496e-06, 9.36250853556e-06, 2.00272261281e-05, 2.87839657176e-06, 5.77208879804e-07, 1.66794211509e-06, 4.91116281864e-07, 4.15971186385e-07, 1.64260313795e-07, 1.72708695345e-07, 2.29575590538e-07, 2.98822868672e-07, 2.82403362917e-07, 2.6147739618e-07, 5.54278472009e-07, 2.68194867203e-06, 1.44676994296e-06, 7.41686619676e-07, 1.17769032373e-11],
        "max": [0.012876466848, 0.135717615485, 0.0514436364174, 0.0168659519404, 0.0303478408605, 0.015628201887, 0.0146742649376, 0.039119888097, 0.0262362286448, 0.0229126401246, 0.0350673161447, 0.0113393254578, 0.00547379720956, 0.0088325412944, 0.00475280918181, 0.00563143752515, 0.00281561724842, 0.00340178096667, 0.00509917829186, 0.00331805204041, 0.00388662074693, 0.00541687011719, 0.00801575742662, 0.0248370636255, 0.0150298001245, 0.00405068416148, 3.96247269236e-05],
        "mean": [0.0013292375952, 0.024309579283, 0.00272490293719, 0.000899506732821, 0.00252798269503, 0.0012544131605, 0.00078281754395, 0.00189507741015, 0.00195560301654, 0.00134196598083, 0.00180357694626, 0.000715335190762, 0.000322570529534, 0.00044189763139, 0.000435205176473, 0.000477903959109, 0.000234477993217, 0.000312968128128, 0.000317402329529, 0.000262965448201, 0.000296267797239, 0.000220380868996, 0.000321519328281, 0.000605800480116, 0.000500389316585, 0.000182863324881, 3.16651664889e-07],
        "median": [2.83221834252e-05, 0.00221857475117, 0.000134136294946, 9.42899641814e-05, 0.000720969750546, 0.000436913134763, 0.000244831142481, 0.000374118972104, 0.000738659058698, 0.000423862074967, 0.000303596985759, 0.000273136713076, 0.000139757074066, 0.000209140300285, 0.000238225766225, 0.000234110935708, 7.25580975995e-05, 0.000179922601092, 9.42494953051e-05, 9.26872453419e-05, 9.62323101703e-05, 4.13454908994e-05, 3.6447578168e-05, 4.04371130571e-05, 3.04558889184e-05, 9.29118959903e-06, 7.46044725997e-10],
        "min": [1.31640219558e-11, 8.39099678629e-10, 1.40939238058e-09, 1.59347610662e-08, 5.93432389451e-07, 1.33076684961e-06, 5.50892139017e-07, 1.04307423499e-06, 4.88735111048e-07, 3.57558292308e-06, 1.0073199519e-06, 3.43453535834e-07, 1.95904334532e-07, 1.85807877529e-07, 8.76954516116e-07, 7.69799513023e-08, 9.80599992317e-08, 7.02940425867e-08, 1.6721328322e-08, 7.62233387519e-09, 5.09819786387e-09, 3.3010952305e-10, 1.06207743988e-10, 1.21716248191e-10, 9.81269839689e-12, 4.92064548829e-12, 7.54389259394e-12],
        "var": [4.73801628686e-06, 0.000926253618672, 4.07923980674e-05, 3.80114852305e-06, 1.7438958821e-05, 4.12277631767e-06, 2.18777017835e-06, 1.48057979459e-05, 1.05553308458e-05, 6.13235806668e-06, 1.38893083204e-05, 1.44388241097e-06, 2.62484491032e-07, 6.50057245366e-07, 3.32221105737e-07, 4.22232687924e-07, 1.30731294234e-07, 1.51831997641e-07, 3.35518478778e-07, 1.62117714808e-07, 2.31675358009e-07, 2.44316908038e-07, 5.9126728047e-07, 4.32185197496e-06, 2.74486433227e-06, 2.67866226977e-07, 3.70082913967e-12]
    },
    "erbbands": {
        "dmean": [0.334651380777, 1.8877478838, 2.89883852005, 2.01180386543, 3.50206232071, 3.89653611183, 6.93381309509, 5.18721342087, 6.44442653656, 11.3436040878, 29.0725383759, 22.1608066559, 25.1812534332, 38.5233345032, 41.4152030945, 19.3786411285, 10.4482116699, 20.7135162354, 10.9045057297, 14.8083591461, 17.7327899933, 7.30300807953, 8.85050201416, 7.79445409775, 9.66631603241, 8.53536224365, 8.66776943207, 5.65722703934, 5.34716176987, 6.49447011948, 6.21736812592, 6.7590007782, 7.90410709381, 4.90043067932, 1.92871749401, 1.08576595783, 0.345074057579, 0.0228394940495, 0.000492539489642, 4.21464646934e-05],
        "dmean2": [0.458876103163, 2.74351453781, 4.65746116638, 3.25388383865, 5.66330242157, 5.66721248627, 10.0480880737, 8.33755588531, 10.6870183945, 16.9696426392, 45.1000862122, 33.228477478, 36.6938018799, 60.179107666, 66.3768692017, 31.3433532715, 17.4059352875, 33.5026626587, 17.7525939941, 24.1387577057, 26.6869468689, 11.5080814362, 13.7502584457, 11.8006210327, 15.4214010239, 13.8486032486, 13.2159061432, 8.28701019287, 8.26117515564, 10.0903139114, 9.70757484436, 9.72096824646, 11.3930130005, 6.85200643539, 2.99210739136, 1.76257014275, 0.566747188568, 0.0375603437424, 0.00081002083607, 6.43154635327e-05],
        "dvar": [0.318434923887, 12.3341789246, 67.5015029907, 19.9368648529, 59.2219924927, 52.1184463501, 188.114654541, 89.5316390991, 222.835571289, 417.010681152, 4870.70800781, 2349.24658203, 1462.28662109, 6168.66699219, 6198.91357422, 1491.45263672, 415.240570068, 2075.40283203, 504.909729004, 609.867858887, 844.291870117, 127.607681274, 176.319152832, 153.126403809, 321.322814941, 269.563659668, 263.562255859, 149.245559692, 178.396087646, 196.073684692, 244.086380005, 321.878479004, 743.13482666, 221.540603638, 24.7882461548, 9.35223484039, 0.938484966755, 0.00321557419375, 1.54262590968e-06, 7.64317853452e-09],
        "dvar2": [0.654529035091, 29.3435173035, 168.410797119, 46.8891716003, 149.681213379, 103.240211487, 362.81640625, 224.75793457, 593.470214844, 861.500366211, 11340.5410156, 5032.53857422, 2701.13256836, 15156.9931641, 15382.9931641, 3629.5546875, 1097.21179199, 5150.15380859, 1258.91369629, 1592.33081055, 1777.75756836, 313.6668396, 432.17678833, 337.409637451, 812.771484375, 698.277648926, 595.173034668, 326.296081543, 392.189025879, 416.496612549, 530.858398438, 544.154785156, 1407.3059082, 305.49887085, 51.2588539124, 23.098690033, 2.39858818054, 0.00819963775575, 3.81148129236e-06, 1.78450356714e-08],
        "max": [5.76191329956, 30.8239116669, 72.0334320068, 37.2874526978, 82.7903747559, 121.343177795, 235.073608398, 102.440200806, 176.253921509, 371.283996582, 1059.43115234, 475.640533447, 562.051696777, 1013.79620361, 1024.15466309, 462.91027832, 269.36050415, 516.961730957, 323.373718262, 311.767272949, 381.006835938, 123.873420715, 161.385253906, 143.001251221, 237.964324951, 158.418960571, 226.957611084, 154.195648193, 193.341567993, 216.352615356, 281.266204834, 253.438354492, 592.834655762, 239.253982544, 57.8607368469, 23.0691871643, 7.86893177032, 0.603953123093, 0.0125032020733, 0.00118285033386],
        "mean": [0.936664760113, 4.46609258652, 4.25318288803, 2.75193333626, 5.23819112778, 8.308177948, 13.7874269485, 7.63208723068, 7.97396278381, 20.9180088043, 46.5448074341, 37.2145957947, 46.829875946, 60.1280937195, 62.878074646, 26.6038818359, 14.3501958847, 26.7258586884, 16.4692192078, 24.5988273621, 30.5958461761, 13.326505661, 15.3189229965, 15.2012577057, 17.7553119659, 13.1578073502, 13.2799978256, 8.7430562973, 7.58348083496, 9.26995372772, 9.12484931946, 10.0136260986, 11.5540990829, 7.40908002853, 2.38894820213, 1.04259645939, 0.306890368462, 0.0202474892139, 0.000493332452606, 8.82795939106e-05],
        "median": [0.0744514167309, 0.457103222609, 0.36873716116, 0.461480289698, 0.789158523083, 2.37262535095, 3.03534150124, 3.07985758781, 3.12641429901, 7.07585525513, 10.3416509628, 14.7299032211, 24.8350505829, 20.4712524414, 21.1951656342, 11.6058855057, 6.70292663574, 11.9715309143, 8.37728214264, 11.0374326706, 13.0610237122, 6.68767309189, 9.55421161652, 7.63977909088, 5.47688150406, 4.69691467285, 4.51864051819, 2.14494824409, 1.41239988804, 1.42548167706, 1.0929402113, 0.689118266106, 0.772467792034, 0.390145033598, 0.157953590155, 0.0616850443184, 0.0136699602008, 0.000739981245715, 5.10939971718e-05, 5.44491704204e-05],
        "min": [4.95434449022e-08, 4.85080136059e-07, 5.49314381715e-06, 7.61398405302e-05, 0.000553193618543, 0.00332713872194, 0.0124544790015, 0.0130952065811, 0.0120349619538, 0.0125674502924, 0.0324031673372, 0.035845682025, 0.124376975, 0.0615907497704, 0.05309580639, 0.0145945800468, 0.00630128011107, 0.0170955117792, 0.05438278988, 0.0175740476698, 0.0055365441367, 0.00559688452631, 0.00436613243073, 0.00168028159533, 0.000661465455778, 0.000320957798976, 0.000305054156343, 7.28406521375e-05, 1.71348401636e-05, 6.29255373497e-06, 4.58624163002e-06, 4.99751240568e-06, 1.83722511338e-06, 2.03198041504e-07, 1.15242428933e-07, 8.17382996843e-08, 4.16686773974e-08, 1.36987878818e-08, 3.04076586133e-08, 6.45011368761e-08],
        "var": [1.36012887955, 40.5411529541, 78.660697937, 26.2242603302, 89.4615936279, 224.983123779, 733.57611084, 128.047973633, 229.989654541, 1349.86291504, 9620.71582031, 4180.49072266, 3564.14819336, 11749.8359375, 12084.2880859, 1977.05664062, 514.363830566, 2211.80615234, 762.949035645, 1279.88366699, 1927.87121582, 273.071929932, 311.504364014, 399.596130371, 967.681640625, 382.671356201, 464.189575195, 247.904067993, 303.721435547, 424.325592041, 508.585662842, 870.880004883, 1883.51489258, 729.211303711, 47.7876396179, 8.93950748444, 0.794550120831, 0.00294697098434, 1.59188311954e-06, 1.39845033331e-08]
    },
    "gfcc": {
        "mean": [-14.6240663528, 81.2601013184, -142.949020386, 17.4745101929, -66.9979476929, 13.9908714294, -31.4234886169, 15.38418293, -24.3473758698, -1.41573596001, -14.5220794678, -4.34867477417, 0.894556343555],
        "cov": [[9861.59179688, -2231.44628906, 4376.80566406, 2104.97290039, 1031.77258301, 2280.27294922, 595.671508789, 1761.69006348, 179.878768921, 1182.13415527, -66.2525405884, 1101.1628418, -715.014099121], [-2231.44628906, 1814.8248291, -685.836303711, -397.662017822, 100.632583618, -726.832824707, -124.545425415, -624.263366699, -24.1438121796, -359.369567871, 4.614818573, -348.198425293, 200.754470825], [4376.80566406, -685.836303711, 3039.45898438, 1389.36486816, 784.643615723, 1413.39404297, 409.155029297, 955.354003906, 269.826904297, 615.539978027, 41.0616874695, 550.154785156, -360.434295654], [2104.97290039, -397.662017822, 1389.36486816, 1032.25439453, 481.388061523, 803.118408203, 354.921112061, 551.746154785, 245.541748047, 342.749481201, 61.3062095642, 265.100463867, -152.261230469], [1031.77258301, 100.632583618, 784.643615723, 481.388061523, 706.104614258, 553.629760742, 352.690704346, 336.570373535, 231.714645386, 218.08164978, 25.5569190979, 189.340011597, -31.4196586609], [2280.27294922, -726.832824707, 1413.39404297, 803.118408203, 553.629760742, 1090.1796875, 424.280517578, 684.434509277, 304.196990967, 398.539245605, 94.2174987793, 343.209442139, -150.605529785], [595.671508789, -124.545425415, 409.155029297, 354.921112061, 352.690704346, 424.280517578, 421.483123779, 346.928405762, 205.324981689, 197.142730713, 54.9678840637, 138.91897583, -15.4067621231], [1761.69006348, -624.263366699, 955.354003906, 551.746154785, 336.570373535, 684.434509277, 346.928405762, 713.571960449, 264.809844971, 381.871520996, 83.513710022, 282.010528564, -117.642562866], [179.878768921, -24.1438121796, 269.826904297, 245.541748047, 231.714645386, 304.196990967, 205.324981689, 264.809844971, 311.448272705, 147.309066772, 88.424949646, 79.6881256104, 8.42688560486], [1182.13415527, -359.369567871, 615.539978027, 342.749481201, 218.08164978, 398.539245605, 197.142730713, 381.871520996, 147.309066772, 360.267150879, 37.2989959717, 162.866043091, -63.9229621887], [-66.2525405884, 4.614818573, 41.0616874695, 61.3062095642, 25.5569190979, 94.2174987793, 54.9678840637, 83.513710022, 88.424949646, 37.2989959717, 138.761886597, 42.3192405701, 12.1076164246], [1101.1628418, -348.198425293, 550.154785156, 265.100463867, 189.340011597, 343.209442139, 138.91897583, 282.010528564, 79.6881256104, 162.866043091, 42.3192405701, 281.905395508, -73.0386352539], [-715.014099121, 200.754470825, -360.434295654, -152.261230469, -31.4196586609, -150.605529785, -15.4067621231, -117.642562866, 8.42688560486, -63.9229621887, 12.1076164246, -73.0386352539, 146.692718506]],
        "icov": [[0.000578269187827, -6.56717747916e-05, -0.000163713673828, -0.000280323380139, 8.21676258056e-06, -0.000442831631517, 0.000487316283397, -0.000540014239959, 0.000851452408824, -0.000586323149037, 0.000672321126331, -0.00075955624925, 0.000642410363071], [-6.56717747916e-05, 0.00304888281971, -0.00169141544029, 0.000526602845639, -0.00245847692713, 0.00395687296987, -0.00155641126912, 0.00204257061705, -0.00185987807345, 0.00122938049026, -0.00245597492903, 0.00228219782002, -0.00110991450492], [-0.000163713673828, -0.00169141544029, 0.00268709263764, -0.00134971982334, 0.000725432822946, -0.00304691377096, 0.00194956338964, -0.00130732939579, 0.00134338415228, -0.000953597307671, 0.00145313795656, -0.00150281842798, 0.00154081592336], [-0.000280323380139, 0.000526602845639, -0.00134971982334, 0.00353292678483, -0.000409613392549, 0.000328901485773, -0.00155349960551, 0.000720675918274, -0.00123920070473, 0.000395192299038, -0.00094883388374, 0.00120157038327, -0.00015164152137], [8.21676258056e-06, -0.00245847692713, 0.000725432822946, -0.000409613392549, 0.00559282349423, -0.00374625343829, -0.000899930659216, -0.00039095786633, 0.000133075154736, -0.000962968566455, 0.00309891672805, -0.00245889159851, -0.000201809583814], [-0.000442831631517, 0.00395687296987, -0.00304691377096, 0.000328901485773, -0.00374625343829, 0.00984829477966, -0.00333956885152, 0.00166154140607, -0.00354247377254, 0.00207988545299, -0.00427869800478, 0.00279861455783, -0.00157192640472], [0.000487316283397, -0.00155641126912, 0.00194956338964, -0.00155349960551, -0.000899930659216, -0.00333956885152, 0.00789381284267, -0.00339739071205, 0.00130973954219, -0.00133159663528, 0.00174915033858, -0.00172253954224, 0.000508593337145], [-0.000540014239959, 0.00204257061705, -0.00130732939579, 0.000720675918274, -0.00039095786633, 0.00166154140607, -0.00339739071205, 0.00834400299937, -0.00386659917422, -0.00161490857136, -0.00221969652921, 0.00042649829993, -2.07774974115e-05], [0.000851452408824, -0.00185987807345, 0.00134338415228, -0.00123920070473, 0.000133075154736, -0.00354247377254, 0.00130973954219, -0.00386659917422, 0.00941250193864, -0.00179425766692, -0.000390618748497, -0.0011242297478, 0.000288159964839], [-0.000586323149037, 0.00122938049026, -0.000953597307671, 0.000395192299038, -0.000962968566455, 0.00207988545299, -0.00133159663528, -0.00161490857136, -0.00179425766692, 0.00782170612365, -0.00119656522293, 0.00142208358739, -0.00166074978188], [0.000672321126331, -0.00245597492903, 0.00145313795656, -0.00094883388374, 0.00309891672805, -0.00427869800478, 0.00174915033858, -0.00221969652921, -0.000390618748497, -0.00119656522293, 0.0123607609421, -0.00408087437972, 0.000347183522535], [-0.00075955624925, 0.00228219782002, -0.00150281842798, 0.00120157038327, -0.00245889159851, 0.00279861455783, -0.00172253954224, 0.00042649829993, -0.0011242297478, 0.00142208358739, -0.00408087437972, 0.00967118982226, -0.00092674640473], [0.000642410363071, -0.00110991450492, 0.00154081592336, -0.00015164152137, -0.000201809583814, -0.00157192640472, 0.000508593337145, -2.07774974115e-05, 0.000288159964839, -0.00166074978188, 0.000347183522535, -0.00092674640473, 0.0122450264171]]
    },
    "melbands": {
        "dmean": [0.00268058059737, 0.00165030336939, 0.000409785017837, 0.000258345302427, 0.000217076012632, 0.000117884766951, 0.00010090968135, 0.000142520642839, 0.000233216778724, 0.000150656254846, 0.000130832515424, 0.000154538603965, 0.000182639734703, 7.1859882155e-05, 2.65916187345e-05, 3.15990837407e-05, 3.7610585423e-05, 1.7889562514e-05, 1.8708551579e-05, 1.58465700224e-05, 2.31216672546e-05, 8.13713450043e-06, 6.38306437395e-06, 1.18706338981e-05, 6.25608072369e-06, 7.25040445104e-06, 7.39579672882e-06, 5.57858129469e-06, 6.26707924312e-06, 4.25038660978e-06, 3.17384501614e-06, 3.13183022627e-06, 3.32513377543e-06, 4.01513761972e-06, 3.49966830981e-06, 4.10552183894e-06, 4.59385319118e-06, 5.2958280321e-06, 6.09106291449e-06, 3.88633361581e-06],
        "dmean2": [0.00371551699936, 0.00254129432142, 0.000659170560539, 0.000372493261239, 0.000323740416206, 0.000187724712305, 0.000166620899108, 0.000214313884499, 0.000362063670764, 0.000222076938371, 0.000190764389117, 0.000241178378928, 0.000294688652502, 0.000116451985377, 4.35818983533e-05, 5.19299828738e-05, 6.0932845372e-05, 2.91628184641e-05, 3.11016046908e-05, 2.53188591159e-05, 3.47565801349e-05, 1.30097478177e-05, 1.00504375951e-05, 1.90229802683e-05, 9.47281387198e-06, 1.15755055958e-05, 1.19929427456e-05, 9.14571046451e-06, 9.70604287431e-06, 6.45300224278e-06, 4.76220293422e-06, 5.0316002671e-06, 5.00153419125e-06, 6.33283207208e-06, 5.4804750107e-06, 6.48946343063e-06, 6.55949770589e-06, 7.61302408137e-06, 8.89873899723e-06, 5.53397012482e-06],
        "dvar": [2.04471489269e-05, 1.50630430653e-05, 7.61138778671e-07, 2.45253858111e-07, 1.72640795881e-07, 4.54499549107e-08, 5.30609121085e-08, 6.05174221846e-08, 2.94133741363e-07, 9.06934261025e-08, 4.05375182311e-08, 1.02634118093e-07, 1.43966616406e-07, 1.9290290254e-08, 2.96339552897e-09, 3.17239345904e-09, 7.26737514611e-09, 1.71142122696e-09, 7.78027475778e-10, 5.61266422228e-10, 1.51875445553e-09, 1.85400639285e-10, 1.55895019116e-10, 3.09060915749e-10, 1.14290646391e-10, 1.92192081694e-10, 2.06124173285e-10, 1.15195367134e-10, 1.34389055439e-10, 7.38595781757e-11, 5.16624833191e-11, 6.4841347569e-11, 5.92702067981e-11, 7.77886227654e-11, 8.37782690444e-11, 1.12127848673e-10, 1.7264092933e-10, 3.56210810848e-10, 3.88169357768e-10, 1.42449621543e-10],
        "dvar2": [4.25087018812e-05, 3.77490432584e-05, 1.81742404948e-06, 4.96560346619e-07, 3.5027861145e-07, 1.11899424837e-07, 1.41639588946e-07, 1.28952947875e-07, 6.86581245191e-07, 1.82595059073e-07, 7.68601182699e-08, 2.59232450617e-07, 3.56641038479e-07, 4.81442334888e-08, 7.28633775537e-09, 7.69793206956e-09, 1.83634778494e-08, 4.38089076127e-09, 2.11047890275e-09, 1.41612110927e-09, 3.24124260764e-09, 4.51213955088e-10, 3.38477912365e-10, 7.31727345382e-10, 2.62850186061e-10, 4.61817556419e-10, 5.54820467347e-10, 3.02867814161e-10, 3.02207564529e-10, 1.6642431877e-10, 1.13413937963e-10, 1.56128859841e-10, 1.20892365563e-10, 1.76449035938e-10, 1.79307957371e-10, 2.48447179496e-10, 3.05753034002e-10, 6.59324261854e-10, 7.41294803319e-10, 2.10357023467e-10],
        "max": [0.0419558286667, 0.0368992686272, 0.00689493957907, 0.00798930879682, 0.00650859391317, 0.00248545990326, 0.00294045661576, 0.00428242143244, 0.00806210935116, 0.00301968725398, 0.00282558379695, 0.00429178122431, 0.00506516126916, 0.00166565121617, 0.000580378167797, 0.000553664809559, 0.00103537307587, 0.000741116411518, 0.000276275939541, 0.000326793495333, 0.00047680089483, 0.000151086525875, 0.000130954969791, 0.000231689307839, 0.000125990394736, 0.000197209199541, 0.00013825656788, 9.25135609577e-05, 0.000176819652552, 9.4050556072e-05, 9.8789234471e-05, 9.81142875389e-05, 0.000140768315759, 0.000113238929771, 0.000177341935341, 0.000141467273352, 0.000214973348193, 0.000422338111093, 0.000377862132154, 0.000200196023798],
        "mean": [0.00749408407137, 0.00347407278605, 0.000545068236534, 0.000511661695782, 0.000445913872682, 0.000181829484063, 0.000132584958919, 0.000264272326604, 0.000359405821655, 0.0002523768635, 0.000236601743381, 0.000238771623117, 0.000266020593699, 9.21306782402e-05, 3.16107398248e-05, 4.2677125748e-05, 4.67440077045e-05, 2.41101242864e-05, 2.90130537905e-05, 2.71552144113e-05, 3.79818047804e-05, 1.30070357045e-05, 9.96595827019e-06, 1.89479906112e-05, 1.09224592961e-05, 1.31365823108e-05, 1.15333705253e-05, 7.71756913309e-06, 9.15753207664e-06, 6.1023656599e-06, 4.60259207102e-06, 4.05381615565e-06, 4.64089043817e-06, 5.38583481102e-06, 5.0412913879e-06, 5.30037641511e-06, 6.57374630464e-06, 7.97191569291e-06, 8.23233949632e-06, 5.68160612602e-06],
        "median": [0.000675081100781, 0.000356116041075, 0.000110083834443, 0.000120433483971, 0.000119080279546, 7.03365367372e-05, 5.15167121193e-05, 8.51042932482e-05, 7.45297365938e-05, 9.71475019469e-05, 0.000123775884276, 7.69369362388e-05, 6.41953010927e-05, 3.61050697393e-05, 1.08257372631e-05, 1.95094817173e-05, 2.08845758607e-05, 9.31846261665e-06, 1.69587874552e-05, 1.4248491425e-05, 1.27233306557e-05, 4.32970637121e-06, 2.84200905298e-06, 1.09373841042e-05, 4.45917976322e-06, 3.9075962377e-06, 3.26391727867e-06, 2.8081894925e-06, 3.22255868923e-06, 1.63272625286e-06, 1.03586955902e-06, 5.90603917772e-07, 6.75888259138e-07, 6.9282810955e-07, 5.87754698245e-07, 3.81471636501e-07, 3.60714182079e-07, 4.95540120937e-07, 3.96674494141e-07, 2.73964815278e-07],
        "min": [2.66797223203e-10, 1.4525693981e-09, 2.13518447367e-08, 8.44267944444e-08, 3.5043956359e-07, 2.39580685957e-07, 1.05654194726e-07, 6.39626023258e-08, 1.80262262006e-07, 7.20418711353e-08, 4.09232285392e-07, 1.81219590445e-07, 1.35040536975e-07, 4.00379889243e-08, 1.52263748276e-08, 2.31580123966e-08, 2.47679601273e-08, 8.92371616601e-08, 3.01292395477e-08, 1.3554988243e-08, 5.24540322289e-09, 6.48093889666e-09, 2.95146507234e-09, 3.07605585448e-09, 8.70633676264e-10, 4.98470376087e-10, 1.77891465447e-10, 2.07837441701e-10, 2.39875452834e-10, 7.86997411684e-11, 1.73721679403e-11, 8.3026250805e-12, 2.61597883112e-12, 2.17741645027e-12, 1.44592692854e-12, 1.55202239949e-12, 1.46965675307e-12, 1.05044835677e-12, 1.11691573687e-13, 8.29208053675e-14],
