{
"highlevel": {
    "danceability": {
        "all": {
            "danceable": 0.97990834713,
            "not_danceable": 0.0200916472822
        },
        "probability": 0.97990834713,
        "value": "danceable"
    },
    "gender": {
        "all": {
            "female": 0.644491136074,
            "male": 0.355508863926
        },
        "probability": 0.644491136074,
        "value": "female"
    },
    "genre_dortmund": {
        "all": {
            "alternative": 0.0504492968321,
            "blues": 0.0318087786436,
            "electronic": 0.0620960406959,
            "folkcountry": 0.0843952298164,
            "funksoulrnb": 0.0895802602172,
            "jazz": 0.0512105710804,
            "pop": 0.112897902727,
            "raphiphop": 0.0237643606961,
            "rock": 0.493797570467
        },
        "probability": 0.493797570467,
        "value": "rock"
    },
    "genre_electronic": {
        "all": {
            "ambient": 0.343656599522,
            "dnb": 0.371806502342,
            "house": 0.0220248904079,
            "techno": 0.00828217621893,
            "trance": 0.254229843616
        },
        "probability": 0.371806502342,
        "value": "dnb"
    },
    "genre_rosamerica": {
        "all": {
            "cla": 0.00268417689949,
            "dan": 0.128348529339,
            "hip": 0.0187242608517,
            "jaz": 0.00795421842486,
            "pop": 0.657761693001,
            "rhy": 0.029378619045,
            "roc": 0.154543742537,
            "spe": 0.000604759261478
        },
        "probability": 0.657761693001,
        "value": "pop"
    },
    "genre_tzanetakis": {
        "all": {
            "blu": 0.0626613423228,
            "cla": 0.0348169617355,
            "cou": 0.104475811124,
            "dis": 0.0784321576357,
            "hip": 0.15692435205,
            "jaz": 0.313974827528,
            "met": 0.0448166541755,
            "pop": 0.0627359300852,
            "reg": 0.0627360641956,
            "roc": 0.0784258767962
        },
        "probability": 0.313974827528,
        "value": "jaz"
    },
    "ismir04_rhythm": {
        "all": {
            "ChaChaCha": 0.0471693612635,
            "Jive": 0.440300375223,
            "Quickstep": 0.219070017338,
            "Rumba-American": 0.0127532733604,
            "Rumba-International": 0.0865666642785,
            "Rumba-Misc": 0.00803277175874,
            "Samba": 0.115995548666,
            "Tango": 0.00286682532169,
            "VienneseWaltz": 0.0548151135445,
            "Waltz": 0.012430052273
        },
        "probability": 0.440300375223,
        "value": "Jive"
    },
    "mood_acoustic": {
        "all": {
            "acoustic": 0.0240815132856,
            "not_acoustic": 0.975918471813
        },
        "probability": 0.975918471813,
        "value": "not_acoustic"
    },
    "mood_aggressive": {
        "all": {
            "aggressive": 0.327170789242,
            "not_aggressive": 0.672829210758
        },
        "probability": 0.672829210758,
        "value": "not_aggressive"
    },
    "mood_electronic": {
        "all": {
            "electronic": 0.656904757023,
            "not_electronic": 0.343095242977
        },
        "probability": 0.656904757023,
        "value": "electronic"
    },
    "mood_happy": {
        "all": {
            "happy": 0.812491416931,
            "not_happy": 0.187508568168
        },
        "probability": 0.812491416931,
        "value": "happy"
    },
    "mood_party": {
        "all": {
            "not_party": 0.411787807941,
            "party": 0.588212192059
        },
        "probability": 0.588212192059,
        "value": "party"
    },
    "mood_relaxed": {
        "all": {
            "not_relaxed": 0.948549032211,
            "relaxed": 0.0514509677887
        },
        "probability": 0.948549032211,
        "value": "not_relaxed"
    },
    "mood_sad": {
        "all": {
            "not_sad": 0.858449697495,
            "sad": 0.141550317407
        },
        "probability": 0.858449697495,
        "value": "not_sad"
    },
    "moods_mirex": {
        "all": {
            "Cluster1": 0.503269970417,
            "Cluster2": 0.151682600379,
            "Cluster3": 0.141782715917,
            "Cluster4": 0.141661792994,
            "Cluster5": 0.0616029240191
        },
        "probability": 0.503269970417,
        "value": "Cluster1"
    },
    "timbre": {
        "all": {
            "bright": 0.753873586655,
            "dark": 0.246126398444
        },
        "probability": 0.753873586655,
        "value": "bright"
    },
    "tonal_atonal": {
        "all": {
            "atonal": 0.0143263172358,
            "tonal": 0.985673666
        },
        "probability": 0.985673666,
        "value": "tonal"
    },
    "voice_instrumental": {
        "all": {
            "instrumental": 0.000263429596089,
            "voice": 0.99973654747
        },
        "probability": 0.99973654747,
        "value": "voice"
    }
},
"lowlevel": {
    "average_loudness": 0.943975508213,
    "barkbands_crest": {
        "dmean": 3.03772115707,
        "dmean2": 4.75731420517,
        "dvar": 7.61219215393,
        "dvar2": 16.0805397034,
        "max": 24.7608909607,
        "mean": 10.2190752029,
        "median": 9.20644950867,
        "min": 2.49354124069,
        "var": 22.6532497406
    },
    "barkbands_flatness_db": {
        "dmean": 0.0207993350923,
        "dmean2": 0.0313326194882,
        "dvar": 0.00037133906153,
        "dvar2": 0.000813594378997,
        "max": 0.29542607069,
        "mean": 0.123088225722,
        "median": 0.111963070929,
        "min": 0.0385898314416,
        "var": 0.00240861135535
    },
    "barkbands_kurtosis": {
        "dmean": 2.32186579704,
        "dmean2": 3.4830224514,
        "dvar": 16.3945713043,
        "dvar2": 33.1601829529,
        "max": 54.9945373535,
        "mean": 3.20918083191,
        "median": 1.13798046112,
        "min": -1.88648617268,
        "var": 40.1582336426
    },
    "barkbands_skewness": {
        "dmean": 0.520769357681,
        "dmean2": 0.780974388123,
        "dvar": 0.309472590685,
        "dvar2": 0.629086196423,
        "max": 6.52622413635,
        "mean": 1.33528590202,
        "median": 1.14219677448,
        "min": -4.18683671951,
        "var": 1.2537984848
    },
    "barkbands_spread": {
        "dmean": 6.58273172379,
        "dmean2": 10.236035347,
        "dvar": 69.3857879639,
        "dvar2": 154.587280273,
        "max": 113.325866699,
        "mean": 28.4310112,
        "median": 27.1908245087,
        "min": 2.43240141869,
        "var": 255.085220337
    },
    "dissonance": {
        "dmean": 0.0194392167032,
        "dmean2": 0.0327276103199,
        "dvar": 0.000425892678322,
        "dvar2": 0.00118341913912,
        "max": 0.499999940395,
        "mean": 0.463238418102,
        "median": 0.474478691816,
        "min": 0.27571401,
        "var": 0.00117810314987
    },
    "dynamic_complexity": 3.54510164261,
    "erbbands_crest": {
        "dmean": 2.72142457962,
        "dmean2": 4.41404342651,
        "dvar": 7.10775232315,
        "dvar2": 17.0136375427,
        "max": 31.1597480774,
        "mean": 9.15483093262,
        "median": 7.96025848389,
        "min": 2.25886321068,
        "var": 25.463968277
    },
    "erbbands_flatness_db": {
        "dmean": 0.015031713061,
        "dmean2": 0.0228888317943,
        "dvar": 0.000212161554373,
        "dvar2": 0.000447587866802,
        "max": 0.294828593731,
        "mean": 0.137626543641,
        "median": 0.126809746027,
        "min": 0.0541113056242,
        "var": 0.00199781241827
    },
    "erbbands_kurtosis": {
        "dmean": 1.0846196413,
        "dmean2": 1.67265033722,
        "dvar": 2.29661631584,
        "dvar2": 4.72520017624,
        "max": 28.5861320496,
        "mean": 1.42394971848,
        "median": 0.36837220192,
        "min": -1.78672575951,
        "var": 8.27332687378
    },
    "erbbands_skewness": {
        "dmean": 0.334724664688,
        "dmean2": 0.505794763565,
        "dvar": 0.105419829488,
        "dvar2": 0.208261951804,
        "max": 4.39398574829,
        "mean": 0.486374586821,
        "median": 0.323151737452,
        "min": -3.5665333271,
        "var": 0.596853673458
    },
    "erbbands_spread": {
        "dmean": 7.9436917305,
        "dmean2": 12.2113113403,
        "dvar": 80.047416687,
        "dvar2": 188.239044189,
        "max": 140.703445435,
        "mean": 37.5608253479,
        "median": 35.4584617615,
        "min": 4.79467773438,
        "var": 385.389984131
    },
    "hfc": {
        "dmean": 8.1616859436,
        "dmean2": 11.6800603867,
        "dvar": 109.52306366,
        "dvar2": 212.441879272,
        "max": 123.680778503,
        "mean": 31.1928043365,
        "median": 26.5624256134,
        "min": 0.11307182163,
        "var": 600.445495605
    },
    "melbands_crest": {
        "dmean": 3.37854647636,
        "dmean2": 5.34292984009,
        "dvar": 8.63091850281,
        "dvar2": 19.304643631,
        "max": 29.388715744,
        "mean": 13.8872594833,
        "median": 13.349779129,
        "min": 4.14415121078,
        "var": 26.4360942841
    },
    "melbands_flatness_db": {
        "dmean": 0.0262352526188,
        "dmean2": 0.0387038998306,
        "dvar": 0.000623236526735,
        "dvar2": 0.00133073888719,
        "max": 0.343723207712,
        "mean": 0.169014379382,
        "median": 0.16043305397,
        "min": 0.0575054399669,
        "var": 0.00316907349043
    },
    "melbands_kurtosis": {
        "dmean": 6.09944820404,
        "dmean2": 9.31095695496,
        "dvar": 107.991218567,
        "dvar2": 223.623214722,
        "max": 146.938568115,
        "mean": 10.9250125885,
        "median": 6.05176639557,
        "min": -1.88694453239,
        "var": 254.303405762
    },
    "melbands_skewness": {
        "dmean": 0.723965227604,
        "dmean2": 1.09088766575,
        "dvar": 0.549382269382,
        "dvar2": 1.21536815166,
        "max": 9.91232013702,
        "mean": 2.36973428726,
        "median": 2.09499597549,
        "min": -1.05081629753,
        "var": 2.40670752525
    },
    "melbands_spread": {
        "dmean": 8.40462112427,
        "dmean2": 12.9777669907,
        "dvar": 149.757888794,
        "dvar2": 299.286590576,
        "max": 238.938796997,
        "mean": 28.6974506378,
        "median": 25.476688385,
        "min": 2.28849935532,
        "var": 462.579650879
    },
    "pitch_salience": {
        "dmean": 0.0772976800799,
        "dmean2": 0.119248710573,
        "dvar": 0.0046302927658,
        "dvar2": 0.00987469870597,
        "max": 0.847238600254,
        "mean": 0.538196861744,
        "median": 0.555516779423,
        "min": 0.142706945539,
        "var": 0.0163876377046
    },
    "silence_rate_20dB": {
        "dmean": 0,
        "dmean2": 0,
        "dvar": 0,
        "dvar2": 0,
        "max": 1,
        "mean": 1,
        "median": 1,
        "min": 1,
        "var": 0
    },
    "silence_rate_30dB": {
        "dmean": 0.0061919502914,
        "dmean2": 0.0123934932053,
        "dvar": 0.0061535439454,
        "dvar2": 0.0168877970427,
        "max": 1,
        "mean": 0.996133029461,
        "median": 1,
        "min": 0,
        "var": 0.00385196134448
    },
    "silence_rate_60dB": {
        "dmean": 0.011609907262,
        "dmean2": 0.0232378002256,
        "dvar": 0.0114751132205,
        "dvar2": 0.0242469646037,
        "max": 1,
        "mean": 0.115235887468,
        "median": 0,
        "min": 0,
        "var": 0.10195646435
    },
    "spectral_centroid": {
        "dmean": 226.913970947,
        "dmean2": 360.395996094,
        "dvar": 78319.703125,
        "dvar2": 164068.71875,
        "max": 6553.80810547,
        "mean": 1432.79858398,
        "median": 1428.64831543,
        "min": 325.366119385,
        "var": 320491.59375
    },
    "spectral_complexity": {
        "dmean": 3.73065018654,
        "dmean2": 5.81642150879,
        "dvar": 15.8284759521,
        "dvar2": 36.712638855,
        "max": 54,
        "mean": 23.3402938843,
        "median": 24,
        "min": 0,
        "var": 130.063598633
    },
    "spectral_decrease": {
        "dmean": 2.50539899938e-09,
        "dmean2": 3.78112119392e-09,
        "dvar": 9.52734469984e-18,
        "dvar2": 2.15772759393e-17,
        "max": -3.28988780662e-11,
        "mean": -8.2367197507e-09,
        "median": -7.16850268034e-09,
        "min": -3.4304736829e-08,
        "var": 3.96674032616e-17
    },
    "spectral_energy": {
        "dmean": 0.00977866258472,
        "dmean2": 0.0147284334525,
        "dvar": 0.000141217315104,
        "dvar2": 0.000318216305459,
        "max": 0.131681144238,
        "mean": 0.0339165627956,
        "median": 0.030485637486,
        "min": 0.000136842121719,
        "var": 0.000627892266493
    },
    "spectral_energyband_high": {
        "dmean": 0.000565685797483,
        "dmean2": 0.000815098639578,
        "dvar": 7.67593462569e-07,
        "dvar2": 1.42633859923e-06,
        "max": 0.00979076046497,
        "mean": 0.00149475818034,
        "median": 0.000862304819748,
        "min": 1.05956974039e-06,
        "var": 3.09608890348e-06
    },
    "spectral_energyband_low": {
        "dmean": 0.00741644389927,
        "dmean2": 0.0111257797107,
        "dvar": 0.000131278924528,
        "dvar2": 0.000277239683783,
        "max": 0.120617210865,
        "mean": 0.0141322501004,
        "median": 0.00769481388852,
        "min": 5.64124036373e-07,
        "var": 0.000336260272888
    },
    "spectral_energyband_middle_high": {
        "dmean": 0.00265280599706,
        "dmean2": 0.00399373378605,
        "dvar": 1.42616918311e-05,
        "dvar2": 3.30479670083e-05,
        "max": 0.0497856773436,
        "mean": 0.00864598155022,
        "median": 0.00627153553069,
        "min": 1.47529817696e-05,
        "var": 6.72555397614e-05
    },
    "spectral_energyband_middle_low": {
        "dmean": 0.00486805755645,
        "dmean2": 0.0076623018831,
        "dvar": 5.08876946697e-05,
        "dvar2": 0.000124740690808,
        "max": 0.0791703015566,
        "mean": 0.0113006457686,
        "median": 0.00848464947194,
        "min": 8.7101936515e-05,
        "var": 0.000108613043267
    },
    "spectral_entropy": {
        "dmean": 0.130147650838,
        "dmean2": 0.199910506606,
        "dvar": 0.0209016986191,
        "dvar2": 0.040671851486,
        "max": 8.6988735199,
        "mean": 7.79426717758,
        "median": 7.86362361908,
        "min": 6.061855793,
        "var": 0.16388335824
    },
    "spectral_flux": {
        "dmean": 0.0229717083275,
        "dmean2": 0.0360169261694,
        "dvar": 0.000631612900179,
        "dvar2": 0.0015502164606,
        "max": 0.278353184462,
        "mean": 0.0936929360032,
        "median": 0.0897313654423,
        "min": 0.00368632678874,
        "var": 0.00246227323078
    },
    "spectral_kurtosis": {
        "dmean": 0.883863985538,
        "dmean2": 1.39782750607,
        "dvar": 0.796377956867,
        "dvar2": 1.87852013111,
        "max": 16.0337600708,
        "mean": 3.50876569748,
        "median": 3.2564163208,
        "min": -1.49433171749,
        "var": 4.41675138474
    },
    "spectral_rms": {
        "dmean": 0.000766074343119,
        "dmean2": 0.00113661482465,
        "dvar": 6.14867701643e-07,
        "dvar2": 1.36185281008e-06,
        "max": 0.011334435083,
        "mean": 0.00524432491511,
        "median": 0.00545363035053,
        "min": 0.000365382700693,
        "var": 5.5863633861e-06
    },
    "spectral_rolloff": {
        "dmean": 639.4140625,
        "dmean2": 1076.56115723,
        "dvar": 1725662.875,
        "dvar2": 3892368.25,
        "max": 12360.0585938,
        "mean": 1875.23742676,
        "median": 1378.125,
        "min": 86.1328125,
        "var": 3845843.5
    },
    "spectral_skewness": {
        "dmean": 0.157993167639,
        "dmean2": 0.240789487958,
        "dvar": 0.02508482337,
        "dvar2": 0.0515330024064,
        "max": 3.49579286575,
        "mean": 1.60768282413,
        "median": 1.5797829628,
        "min": -0.358661949635,
        "var": 0.165800079703
    },
    "spectral_spread": {
        "dmean": 628558.625,
        "dmean2": 899390.5625,
        "dvar": 605048340480,
        "dvar2": 1.07031049011e+12,
        "max": 19581634,
        "mean": 5842703.5,
        "median": 5410227.5,
        "min": 2627520.75,
        "var": 3.38243380838e+12
    },
    "spectral_strongpeak": {
        "dmean": 0.669922053814,
        "dmean2": 1.17183434963,
        "dvar": 1.5839035511,
        "dvar2": 4.01076364517,
        "max": 11.4274568558,
        "mean": 1.05332767963,
        "median": 0.413531571627,
        "min": 0.0252037867904,
        "var": 2.38901352882
    },
    "zerocrossingrate": {
        "dmean": 0.0144934877753,
        "dmean2": 0.0157006438822,
        "dvar": 0.000312050047796,
        "dvar2": 0.00032244171598,
        "max": 0.423828125,
        "mean": 0.0787469670177,
        "median": 0.0693359375,
        "min": 0.0107421875,
        "var": 0.00231530447491
    },
    "barkbands": {
        "dmean": [0.000104671969893, 0.00685826782137, 0.00179024063982, 0.00171939760912, 0.00129473488778, 0.000884209002834, 0.000774806423578, 0.000874999619555, 0.00104393740185, 0.00123342894949, 0.000751456071157, 0.000753230880946, 0.000383291509934, 0.000760805560276, 0.00052377441898, 0.000276391161606, 0.000202946641366, 0.000317385565722, 0.000132858374855, 0.000128848259919, 8.60396321514e-05, 8.77343481989e-05, 9.28870140342e-05, 0.000159929913934, 0.000180482908036, 6.51424852549e-05, 9.72127267573e-08],
        "dmean2": [0.000173614025698, 0.0101552866399, 0.00287068425678, 0.0031230347231, 0.00226501422003, 0.00142459047493, 0.00129959790502, 0.00134674552828, 0.00158693164121, 0.00185738713481, 0.00116571201943, 0.00119078462012, 0.000633321353234, 0.00122714438476, 0.000832363963127, 0.000446794903837, 0.000332503987011, 0.000523236463778, 0.000215901687625, 0.000212398779695, 0.000136356364237, 0.000134598754812, 0.000140709336847, 0.000239920584136, 0.000271338009043, 9.69167449512e-05, 1.59792080012e-07],
        "dvar": [2.75729927779e-08, 0.000133482433739, 1.45132480611e-05, 1.72471554833e-05, 3.97829035137e-06, 2.38030202127e-06, 2.61640957433e-06, 3.32841000272e-06, 4.63503829451e-06, 1.03528000182e-05, 2.06745653486e-06, 3.57871476808e-06, 7.29243822661e-07, 3.41372469848e-06, 1.41478517435e-06, 4.14925125369e-07, 1.63673064435e-07, 3.23365753729e-07, 3.93816712574e-08, 3.60134180255e-08, 2.22300506891e-08, 2.56966963263e-08, 2.03346033345e-08, 9.69927143046e-08, 1.2633169888e-07, 1.35440556548e-08, 1.11064518585e-13],
        "dvar2": [7.43366541656e-08, 0.000265411625151, 3.61358215741e-05, 4.86158169224e-05, 1.10804758151e-05, 5.57237444809e-06, 6.84401311446e-06, 7.30108695279e-06, 9.7482734418e-06, 2.29816505453e-05, 4.7572789299e-06, 8.51719778439e-06, 1.79583787485e-06, 8.06742355053e-06, 3.27037628267e-06, 1.13032933768e-06, 4.33359133467e-07, 8.3621819158e-07, 9.73040954477e-08, 9.40196684951e-08, 5.21212051297e-08, 5.14126554663e-08, 4.23206536482e-08, 1.81039467861e-07, 2.58683144239e-07, 3.22081774584e-08, 2.46342957968e-13],
        "max": [0.001411303645, 0.113489694893, 0.0442727841437, 0.0323148146272, 0.0194998793304, 0.0317237563431, 0.0191041063517, 0.0397420749068, 0.0424329414964, 0.0646827891469, 0.0223306845874, 0.0383761823177, 0.0136977620423, 0.0306900888681, 0.027311630547, 0.0143761876971, 0.00817639101297, 0.00820479076356, 0.00233927858062, 0.00217575835995, 0.00164834980387, 0.00229161395691, 0.00165279291105, 0.00433267839253, 0.00445678969845, 0.00154585100245, 5.75397825742e-06],
        "mean": [0.000131675114972, 0.0108313430101, 0.0023080969695, 0.00179565243889, 0.00202583381906, 0.00152204115875, 0.00102198612876, 0.00147590530105, 0.00175318866968, 0.0023564605508, 0.00126405921765, 0.00124378141481, 0.000641547783744, 0.00130035181064, 0.000867226393893, 0.000476872664876, 0.000390850764234, 0.000609021750279, 0.000269448093604, 0.000260731641902, 0.000160957046319, 0.000178643866093, 0.000195614542463, 0.000358459132258, 0.0003646411933, 0.000112068060844, 9.04551598069e-08],
        "median": [5.26192088728e-05, 0.00477960752323, 0.000955046794843, 0.000756023684517, 0.00147405487951, 0.000833975907881, 0.000482425821247, 0.000593682052568, 0.000720665790141, 0.000724273559172, 0.00054529949557, 0.000463902310003, 0.000300769344904, 0.000389874534449, 0.000364697363693, 0.000223777955398, 0.000240819106693, 0.000361747283023, 0.000192496241652, 0.00017054239288, 8.74085817486e-05, 0.000102068683191, 0.000108657732198, 0.000184070435353, 0.000145577985677, 4.03834928875e-05, 1.42475986564e-09],
        "min": [8.70681096665e-11, 4.54727544508e-09, 5.49267156202e-08, 8.75399450706e-08, 1.40534598358e-06, 5.99190116191e-06, 1.74857132151e-06, 3.8974940253e-06, 2.29928400586e-06, 1.00952900084e-06, 4.92504113936e-07, 5.51934363102e-07, 4.31722128269e-07, 5.49410515305e-07, 2.25424486189e-07, 1.41375821272e-07, 1.06663762267e-07, 6.76722251569e-08, 1.37380013143e-07, 6.65406929556e-08, 9.29636456704e-08, 1.61460604886e-07, 1.02134009694e-07, 1.60109820513e-07, 9.39268574029e-08, 5.9343918668e-11, 5.19265143037e-12],
        "var": [3.43580381923e-08, 0.00027348625008, 1.60948729899e-05, 1.22049359561e-05, 4.24068457505e-06, 5.67991992284e-06, 2.83447138827e-06, 7.65306231187e-06, 1.11601975732e-05, 2.96231482935e-05, 5.13356962983e-06, 6.92871662977e-06, 1.42231294831e-06, 8.35647915665e-06, 2.53259804595e-06, 9.78621869763e-07, 2.9890946962e-07, 6.31599505141e-07, 8.08357398796e-08, 8.26855881542e-08, 4.54933761773e-08, 6.48551932159e-08, 5.63014666e-08, 3.00442508205e-07, 3.85059024666e-07, 2.96247986142e-08, 1.13785920248e-13]
    },
    "erbbands": {
        "dmean": [0.150098472834, 1.73555696011, 2.17078328133, 3.64046025276, 5.40099430084, 4.32796812057, 5.06580972672, 8.33138465881, 9.90798282623, 16.743139267, 19.7889480591, 21.3967838287, 46.1267623901, 21.369638443, 27.0493850708, 32.7136192322, 18.8297462463, 33.7409286499, 27.2061233521, 23.2225074768, 12.0730495453, 10.6414985657, 18.6932163239, 10.2065629959, 5.60793161392, 5.86724233627, 3.8024187088, 3.40196895599, 3.11342072487, 3.07215857506, 2.66421246529, 3.05257225037, 3.11039566994, 2.71597194672, 0.987914741039, 0.35364151001, 0.124952077866, 0.0119173992425, 0.000215054737055, 1.87413625099e-05],
        "dmean2": [0.215719774365, 2.6271033287, 3.31283283234, 6.45186853409, 9.66199398041, 7.27439832687, 8.47896957397, 13.3212280273, 16.263004303, 27.2524909973, 29.4587249756, 32.6692581177, 67.8480072021, 33.9041404724, 42.9099006653, 51.9634780884, 30.1109275818, 53.7574424744, 43.1775398254, 37.1970367432, 19.5593070984, 17.5371379852, 30.6244010925, 16.9852352142, 9.25776290894, 9.68520641327, 6.19606924057, 5.43614768982, 4.87962388992, 4.6203789711, 3.97468662262, 4.59862184525, 4.66919660568, 4.12516832352, 1.48439073563, 0.541135251522, 0.183172315359, 0.0181124638766, 0.000322158710333, 2.82163236989e-05],
        "dvar": [0.057877432555, 9.32909679413, 16.4196090698, 75.1719436646, 122.061050415, 37.3007698059, 69.0869598389, 265.474121094, 341.075561523, 1520.97607422, 1628.40307617, 1893.93188477, 16274.5742188, 2156.38671875, 3147.21606445, 7930.53857422, 1557.88684082, 6531.984375, 3363.46020508, 2768.29980469, 516.302856445, 311.53503418, 1189.88830566, 205.036254883, 71.6097259521, 77.2212753296, 40.2118721008, 39.1534156799, 31.7110366821, 28.0626716614, 18.2554550171, 33.1180267334, 39.2524375916, 31.1821098328, 3.95336723328, 0.544504463673, 0.0501227714121, 0.00053013296565, 1.55320435624e-07, 5.8479110443e-10],
        "dvar2": [0.122550204396, 18.3513145447, 35.5537261963, 207.150009155, 346.990447998, 101.228012085, 183.913650513, 594.718017578, 854.734436035, 3616.39819336, 3339.90625, 4304.66210938, 36093.8789062, 5604.85498047, 7651.93945312, 18613.0976562, 3768.6953125, 15649.1884766, 7782.75537109, 6601.12158203, 1365.89941406, 827.72277832, 3096.59277344, 540.329711914, 173.846817017, 198.165863037, 98.8572311401, 87.1485977173, 68.5769729614, 56.1167640686, 38.9609985352, 63.9874267578, 80.4011459351, 62.6433258057, 8.72567367554, 1.35694038868, 0.114309370518, 0.00125504820608, 3.58066330364e-07, 1.21999665925e-09],
        "max": [3.15132546425, 30.0657978058, 49.7834434509, 72.037979126, 83.8577041626, 57.404083252, 93.4491500854, 382.3800354, 252.121734619, 772.425476074, 832.495483398, 650.973876953, 2602.55297852, 767.471923828, 828.798034668, 1925.4720459, 603.65826416, 1299.30615234, 1054.45825195, 944.678710938, 373.569366455, 233.269287109, 485.071502686, 130.800064087, 93.5526428223, 95.5691757202, 69.2213058472, 65.0919494629, 66.0081253052, 84.0497894287, 66.2874908447, 80.7381515503, 87.1806259155, 68.7481460571, 26.8358631134, 11.961312294, 2.00302004814, 0.18937779963, 0.00367622985505, 0.000302553497022],
        "mean": [0.24323323369, 2.60495209694, 3.62212157249, 4.29976940155, 6.08404874802, 7.24685955048, 8.77431583405, 13.7658338547, 14.4034843445, 24.7930183411, 35.7631340027, 36.9200782776, 86.3662261963, 41.9189491272, 45.8609809875, 55.5811157227, 35.2220649719, 61.2720413208, 50.1371269226, 42.3538589478, 24.6238365173, 22.6440410614, 34.4947013855, 19.7821540833, 12.0611639023, 11.9189720154, 7.54168844223, 6.35983896255, 6.27795219421, 6.11137056351, 5.64821195602, 6.25585460663, 6.69572639465, 5.40434122086, 1.8337957859, 0.617843687534, 0.198014095426, 0.0161700434983, 0.000347496767063, 6.19490456302e-05],
        "median": [0.105267770588, 1.00761282444, 1.65557718277, 2.08697152138, 3.41407179832, 5.18233060837, 5.8038444519, 6.75367546082, 7.19248056412, 10.1277704239, 13.3504304886, 17.6336135864, 24.1504039764, 19.3499355316, 21.019733429, 20.1675453186, 18.0033664703, 22.2813091278, 21.9052066803, 18.6665630341, 13.4682645798, 15.020690918, 19.7801837921, 14.1579275131, 8.5993680954, 7.82679653168, 4.44357347488, 3.52616691589, 3.53651380539, 3.39436912537, 3.08442163467, 3.11540079117, 3.31311798096, 2.14001893997, 0.741534292698, 0.27699688077, 0.0506585650146, 0.00291215348989, 0.000103190672235, 5.37062005606e-05],
        "min": [3.42557001431e-07, 4.49322624263e-06, 0.000115839487989, 0.00162612076383, 0.00337095768191, 0.00722068315372, 0.0129831405357, 0.039804700762, 0.0394580289721, 0.142716690898, 0.095077611506, 0.0424097143114, 0.0557468421757, 0.0377222038805, 0.0351810529828, 0.050579212606, 0.0359516479075, 0.0315165407956, 0.0152586726472, 0.0142846470699, 0.00818527117372, 0.00615246361122, 0.0090476134792, 0.00689726043493, 0.00805082451552, 0.00371115002781, 0.00135170703288, 0.00517544988543, 0.00446722842753, 0.00554775213823, 0.00342786405236, 0.00292170210741, 0.00198742025532, 0.00204173475504, 0.00056299532298, 0.000351771770511, 3.59589248546e-05, 2.59273565462e-06, 2.73676192819e-07, 1.88203287621e-07],
        "var": [0.12605445087, 17.4955329895, 28.6883888245, 57.9864044189, 89.588973999, 53.7271232605, 103.067222595, 702.68737793, 452.923492432, 2577.39892578, 5088.58837891, 3706.57421875, 44970.5507812, 5743.44140625, 6286.68115234, 15373.0966797, 3219.13623047, 14767.3798828, 8487.95703125, 5390.73046875, 1277.13317871, 778.779724121, 2287.8605957, 409.905609131, 156.792373657, 167.159606934, 87.1299591064, 77.2938308716, 76.331489563, 69.2493438721, 49.3629570007, 95.9714889526, 108.121932983, 94.1051635742, 9.66035652161, 1.08222866058, 0.0973842740059, 0.000828617950901, 2.9032756288e-07, 2.43156783597e-09]
    },
    "gfcc": {
        "mean": [26.3249473572, 71.8652114868, -113.257637024, 22.2223033905, -64.844833374, 28.7622318268, -47.6863594055, 20.5708904266, -29.5436401367, 3.9029750824, -15.696105957, -0.911657750607, -11.285531044],
        "cov": [[8099.89794922, -399.407989502, 212.188079834, 1267.26379395, 1337.09289551, 851.445800781, 771.86907959, 652.119995117, 460.842834473, 469.599609375, -7.64051008224, 420.283752441, 34.4944419861], [-399.407989502, 603.974060059, -121.168899536, 25.9457778931, 81.2457427979, 19.0585899353, 155.387283325, -21.5356121063, 20.8723678589, -36.1563606262, 88.9352722168, -37.4837150574, 31.3676776886], [212.188079834, -121.168899536, 367.426300049, 100.896362305, 93.1829605103, 55.9924468994, -25.9320888519, 39.9281539917, 17.2579708099, 44.3947296143, -27.8221893311, 47.0315055847, -12.5894851685], [1267.26379395, 25.9457778931, 100.896362305, 513.672180176, 360.634857178, 220.243499756, 126.067092896, 141.734161377, 152.245254517, 100.643615723, 31.5281085968, 72.7810592651, 68.1576843262], [1337.09289551, 81.2457427979, 93.1829605103, 360.634857178, 484.490661621, 260.848602295, 203.801177979, 160.256225586, 130.131439209, 108.936035156, 17.0498180389, 92.6719207764, 37.0838088989], [851.445800781, 19.0585899353, 55.9924468994, 220.243499756, 260.848602295, 282.438598633, 165.26222229, 110.924629211, 68.7138366699, 56.9663391113, 38.2498168945, 46.2295379639, 39.1720123291], [771.86907959, 155.387283325, -25.9320888519, 126.067092896, 203.801177979, 165.26222229, 263.04486084, 93.8781356812, 61.3193397522, 52.5291099548, 28.6873245239, 56.796585083, -2.06154370308], [652.119995117, -21.5356121063, 39.9281539917, 141.734161377, 160.256225586, 110.924629211, 93.8781356812, 162.695571899, 95.5469055176, 46.6656723022, 13.5242958069, 36.0325012207, 22.3825416565], [460.842834473, 20.8723678589, 17.2579708099, 152.245254517, 130.131439209, 68.7138366699, 61.3193397522, 95.5469055176, 138.366500854, 59.2926673889, 9.15037059784, 36.6150627136, 19.1334667206], [469.599609375, -36.1563606262, 44.3947296143, 100.643615723, 108.936035156, 56.9663391113, 52.5291099548, 46.6656723022, 59.2926673889, 87.8292617798, 13.271613121, 44.4963798523, -0.714736163616], [-7.64051008224, 88.9352722168, -27.8221893311, 31.5281085968, 17.0498180389, 38.2498168945, 28.6873245239, 13.5242958069, 9.15037059784, 13.271613121, 81.6357116699, 10.7963886261, 19.5060920715], [420.283752441, -37.4837150574, 47.0315055847, 72.7810592651, 92.6719207764, 46.2295379639, 56.796585083, 36.0325012207, 36.6150627136, 44.4963798523, 10.7963886261, 105.504852295, 7.76934289932], [34.4944419861, 31.3676776886, -12.5894851685, 68.1576843262, 37.0838088989, 39.1720123291, -2.06154370308, 22.3825416565, 19.1334667206, -0.714736163616, 19.5060920715, 7.76934289932, 79.2275085449]],
        "icov": [[0.000414301990531, 0.000406207924243, 0.000290503870929, -0.000576889957301, -0.000340131635312, -7.97889151727e-06, -0.000617918325588, -0.000544659444131, 0.000407354556955, -0.00057825318072, 0.000312211050186, -0.000372523936676, 0.000358254736057], [0.000406207924243, 0.00547494506463, -0.000458664202597, 0.000104315426142, -0.00334528367966, 0.00395149365067, -0.00606362707913, 0.00378496223129, -0.00322476564907, 0.00467255478725, -0.00613080896437, 0.00357162184082, -0.00214196462184], [0.000290503870929, -0.000458664202597, 0.00412005418912, -0.00111237063538, 0.000156276932103, -0.00176570541225, 0.0023435074836, -0.00213235919364, 0.00222552823834, -0.00252474681474, 0.00265177362598, -0.00242394651286, 0.00215458404273], [-0.000576889957301, 0.000104315426142, -0.00111237063538, 0.00630614813417, -0.00279341614805, -0.000410652952269, 0.000839749001898, 0.00205227686092, -0.00404943618923, 0.000888152746484, -0.00197806674987, 0.00142330687959, -0.00310594029725], [-0.000340131635312, -0.00334528367966, 0.000156276932103, -0.00279341614805, 0.00958793703467, -0.00520071620122, 0.00201703771017, -0.00358720077202, 0.00228158291429, -0.00494058942422, 0.005729845725, -0.0033755695913, 0.00137470033951], [-7.97889151727e-06, 0.00395149365067, -0.00176570541225, -0.000410652952269, -0.00520071620122, 0.0129145625979, -0.00786320120096, 0.00185898132622, -0.0012133391574, 0.00434456253424, -0.00737810460851, 0.00468717282638, -0.00447998289019], [-0.000617918325588, -0.00606362707913, 0.0023435074836, 0.000839749001898, 0.00201703771017, -0.00786320120096, 0.0153189515695, -0.00557049131021, 0.0034248996526, -0.00500629283488, 0.00573102943599, -0.00605932017788, 0.00554660661146], [-0.000544659444131, 0.00378496223129, -0.00213235919364, 0.00205227686092, -0.00358720077202, 0.00185898132622, -0.00557049131021, 0.0177962221205, -0.0111098354682, 0.00653349934146, -0.00625980040058, 0.00433586863801, -0.00392043404281], [0.000407354556955, -0.00322476564907, 0.00222552823834, -0.00404943618923, 0.00228158291429, -0.0012133391574, 0.0034248996526, -0.0111098354682, 0.0201326161623, -0.0108461864293, 0.00621875887737, -0.00365302758291, 0.00156366801821], [-0.00057825318072, 0.00467255478725, -0.00252474681474, 0.000888152746484, -0.00494058942422, 0.00434456253424, -0.00500629283488, 0.00653349934146, -0.0108461864293, 0.0282669961452, -0.0102755641565, 0.000210583399166, 0.000808580953162], [0.000312211050186, -0.00613080896437, 0.00265177362598, -0.00197806674987, 0.005729845725, -0.00737810460851, 0.00573102943599, -0.00625980040058, 0.00621875887737, -0.0102755641565, 0.0235886871815, -0.00626264512539, 0.000509963312652], [-0.000372523936676, 0.00357162184082, -0.00242394651286, 0.00142330687959, -0.0033755695913, 0.00468717282638, -0.00605932017788, 0.00433586863801, -0.00365302758291, 0.000210583399166, -0.00626264512539, 0.0171540044248, -0.00423773750663], [0.000358254736057, -0.00214196462184, 0.00215458404273, -0.00310594029725, 0.00137470033951, -0.00447998289019, 0.00554660661146, -0.00392043404281, 0.00156366801821, 0.000808580953162, 0.000509963312652, -0.00423773750663, 0.0190714150667]]
    },
    "melbands": {
        "dmean": [0.00170515931677, 0.00148169556633, 0.000680679571815, 0.00031964640948, 0.000177301990334, 0.00018268598069, 0.000152183318278, 0.000188377744053, 0.000179038645001, 0.000141159398481, 0.000228804696235, 8.30510325613e-05, 8.53414312587e-05, 8.14934246591e-05, 7.25299178157e-05, 4.07207080571e-05, 7.48876991565e-05, 4.90048951178e-05, 3.97659277951e-05, 2.84004709101e-05, 1.28912115542e-05, 1.26636814457e-05, 1.56534606504e-05, 1.45037156472e-05, 8.76206468092e-06, 4.52459744338e-06, 4.67081736133e-06, 4.12950248574e-06, 2.60977822109e-06, 2.19192543227e-06, 2.07029984267e-06, 1.85987744317e-06, 1.90599405414e-06, 1.81953180345e-06, 1.63259039709e-06, 1.86617239706e-06, 2.02662113225e-06, 2.29580791711e-06, 2.50411494562e-06, 2.40173676502e-06],
        "dmean2": [0.00245711999014, 0.00220086355694, 0.00119673099834, 0.000561502878554, 0.000295958103379, 0.000291640782962, 0.000250610639341, 0.000302543630823, 0.000264427566435, 0.000217911656364, 0.000337560981279, 0.000134809975862, 0.000134737754706, 0.000128952597152, 0.000113361042168, 6.73298854963e-05, 0.00012010041246, 7.7793476521e-05, 6.36989570921e-05, 4.55581503047e-05, 2.1135494535e-05, 2.0931900508e-05, 2.59844746324e-05, 2.35239040194e-05, 1.47008549902e-05, 7.3182086453e-06, 7.90613739809e-06, 6.71342695568e-06, 4.23261462856e-06, 3.53890027327e-06, 3.32329113917e-06, 3.05915887111e-06, 2.90938714897e-06, 2.8133088108e-06, 2.52320978689e-06, 2.93954167319e-06, 3.10603218168e-06, 3.51600351678e-06, 3.83332871934e-06, 3.65266851077e-06],
        "dvar": [7.69697635405e-06, 6.02056570642e-06, 2.40260533246e-06, 2.81187794826e-07, 7.4190865007e-08, 1.15437799764e-07, 8.22218808594e-08, 2.02227354862e-07, 1.66725769191e-07, 8.45453200782e-08, 4.01066102995e-07, 3.28118900939e-08, 2.64453579035e-08, 3.67994097417e-08, 3.34177627792e-08, 1.12582947409e-08, 3.5001168186e-08, 1.3799449583e-08, 1.17732046334e-08, 4.33342473016e-09, 6.81656731061e-10, 5.49044698595e-10, 7.6605383148e-10, 9.12951214627e-10, 1.48290463242e-10, 4.79854107838e-11, 4.77954828493e-11, 4.15066384041e-11, 1.96220695942e-11, 1.31029553527e-11, 1.45060959772e-11, 1.15356136102e-11, 1.34131768192e-11, 8.24211879302e-12, 7.04524719813e-12, 1.07802048538e-11, 1.45561600967e-11, 1.93383989378e-11, 2.58207882159e-11, 2.47569222067e-11],
        "dvar2": [1.60099298228e-05, 1.14794465844e-05, 6.53310144116e-06, 8.00364375664e-07, 1.94954367316e-07, 2.63377671672e-07, 2.08775503552e-07, 4.67825202577e-07, 3.268474984e-07, 1.97086137632e-07, 8.92534387731e-07, 8.57440127788e-08, 6.3100110026e-08, 8.3479413604e-08, 8.19696737153e-08, 2.79272125425e-08, 8.35240996366e-08, 3.19191251208e-08, 2.71022830844e-08, 1.1538274336e-08, 1.79291193003e-09, 1.46032774762e-09, 2.0468748918e-09, 2.20114970695e-09, 4.0056560846e-10, 1.15682380342e-10, 1.26094801267e-10, 1.05292913277e-10, 4.87163191731e-11, 3.11864041536e-11, 3.27106848552e-11, 2.847845397e-11, 2.60517735856e-11, 1.75804613922e-11, 1.57985725197e-11, 2.45689163458e-11, 2.85421651591e-11, 4.13151526879e-11, 5.4367451513e-11, 5.1830151282e-11],
        "max": [0.0288488063961, 0.0251038707793, 0.0129723297432, 0.00427694618702, 0.00282301614061, 0.00748762581497, 0.00364540098235, 0.00952149741352, 0.00928774289787, 0.00433676782995, 0.0127992574126, 0.00292349886149, 0.00235243793577, 0.00432921247557, 0.00259436899796, 0.00179292063694, 0.00297794630751, 0.0024752158206, 0.00295537593774, 0.00147166836541, 0.000483483367134, 0.000365626590792, 0.000394135131501, 0.000606918998528, 0.000114194983325, 8.44546812004e-05, 9.04747357708e-05, 8.76161066117e-05, 6.21940198471e-05, 3.68713081116e-05, 3.55571501132e-05, 3.10268769681e-05, 5.66836606595e-05, 4.00938588427e-05, 4.00418866775e-05, 4.42942327936e-05, 5.18964516232e-05, 6.34803145658e-05, 7.03931000317e-05, 6.43199309707e-05],
        "mean": [0.00268760230392, 0.00257007032633, 0.00082811631728, 0.000463146541733, 0.000323781801853, 0.000307907728711, 0.000215324937017, 0.000278994324617, 0.000323914689943, 0.000233672835748, 0.000424320867751, 0.000154118446517, 0.000145020356285, 0.000134408372105, 0.000119537209684, 6.72424284858e-05, 0.000127451276057, 8.39999120217e-05, 6.3478400989e-05, 4.86969838676e-05, 2.41383204411e-05, 2.36628584389e-05, 2.90900952677e-05, 2.63173315034e-05, 1.51402873598e-05, 8.70106305229e-06, 8.6917734734e-06, 7.7502854765e-06, 4.95958738611e-06, 3.8642679101e-06, 3.60159651791e-06, 3.53391351382e-06, 3.42156386068e-06, 3.38098584507e-06, 3.16660225508e-06, 3.3907560919e-06, 3.95038159695e-06, 4.4697139856e-06, 5.04829176862e-06, 4.3563586587e-06],
        "median": [0.00120908976533, 0.00120341370348, 0.000442704942543, 0.000323696120176, 0.000229320037761, 0.000162966389325, 0.000104516344436, 0.000104739570816, 0.000104117170849, 0.000107179141196, 0.000113622627396, 6.54968898743e-05, 6.62411403027e-05, 5.68605901208e-05, 4.15537106164e-05, 2.98285431199e-05, 3.87527543353e-05, 3.10741997964e-05, 2.68917938229e-05, 2.13280454773e-05, 1.31243468786e-05, 1.46527245306e-05, 1.59828396136e-05, 1.57084832608e-05, 1.03028323792e-05, 5.91349635215e-06, 5.79845118409e-06, 4.79867458125e-06, 2.77696290141e-06, 2.05778405871e-06, 1.9341339339e-06, 1.94160588762e-06, 1.83308372925e-06, 1.85019416676e-06, 1.71549925199e-06, 1.71671592852e-06, 1.90586797544e-06, 2.23651636588e-06, 2.37050312535e-06, 1.47650519011e-06],
        "min": [1.38935396521e-09, 1.73383707391e-08, 2.53212533607e-07, 3.43864712704e-07, 2.30875173202e-07, 9.89574800769e-07, 4.02403514954e-07, 1.46456454786e-06, 6.87437477609e-07, 2.36469020365e-07, 2.11978615994e-07, 9.50156433532e-08, 5.84329313824e-08, 1.48879237827e-07, 8.95342751051e-08, 1.07209272571e-08, 4.86745364014e-08, 1.58648951754e-08, 1.55015982273e-08, 9.84564785256e-09, 9.60769597214e-09, 5.29721733145e-09, 9.1167038363e-09, 1.13727427475e-09, 2.10364170528e-09, 3.6519407498e-09, 3.95537513853e-09, 1.76427827903e-09, 3.96242372247e-10, 3.81245285341e-10, 3.34767902288e-09, 1.79630632591e-09, 1.61684676758e-09, 5.65309965506e-10, 1.1640234332e-09, 1.6574770445e-09, 1.63043789581e-09, 8.44846193004e-10, 1.7888591719e-09, 1.05959019336e-09],
