{
"highlevel": {
    "danceability": {
        "all": {
            "danceable": 1.82129060704e-05,
            "not_danceable": 0.999981760979
        },
        "probability": 0.999981760979,
        "value": "not_danceable"
    },
    "gender": {
        "all": {
            "female": 0.0439709462225,
            "male": 0.956029057503
        },
        "probability": 0.956029057503,
        "value": "male"
    },
    "genre_dortmund": {
        "all": {
            "alternative": 0.0596761964262,
            "blues": 0.0051771546714,
            "electronic": 0.00927347317338,
            "folkcountry": 0.0722970068455,
            "funksoulrnb": 0.010788728483,
            "jazz": 0.00316013232805,
            "pop": 0.0594036392868,
            "raphiphop": 0.00487623736262,
            "rock": 0.775347411633
        },
        "probability": 0.775347411633,
        "value": "rock"
    },
    "genre_electronic": {
        "all": {
            "ambient": 0.205018952489,
            "dnb": 0.33480271697,
            "house": 0.0558131821454,
            "techno": 0.0262027028948,
            "trance": 0.378162443638
        },
        "probability": 0.378162443638,
        "value": "trance"
    },
    "genre_rosamerica": {
        "all": {
            "cla": 0.00114269729238,
            "dan": 0.00497126486152,
            "hip": 0.002642639447,
            "jaz": 0.000260478060227,
            "pop": 0.0782597661018,
            "rhy": 0.0149762155488,
            "roc": 0.897589087486,
            "spe": 0.000157881149789
        },
        "probability": 0.897589087486,
        "value": "roc"
    },
    "genre_tzanetakis": {
        "all": {
            "blu": 0.0626613423228,
            "cla": 0.0348169617355,
            "cou": 0.104475811124,
            "dis": 0.0784321576357,
            "hip": 0.15692435205,
            "jaz": 0.313974827528,
            "met": 0.0448166541755,
            "pop": 0.0627359300852,
            "reg": 0.0627360641956,
            "roc": 0.0784258767962
        },
        "probability": 0.313974827528,
        "value": "jaz"
    },
    "ismir04_rhythm": {
        "all": {
            "ChaChaCha": 0.0175589937717,
            "Jive": 0.634958267212,
            "Quickstep": 0.0263255871832,
            "Rumba-American": 0.00263238023035,
            "Rumba-International": 0.01093713101,
            "Rumba-Misc": 0.00307472376153,
            "Samba": 0.0898001417518,
            "Tango": 0.00240040430799,
            "VienneseWaltz": 0.208801701665,
            "Waltz": 0.00351064954884
        },
        "probability": 0.634958267212,
        "value": "Jive"
    },
    "mood_acoustic": {
        "all": {
            "acoustic": 0.0600307360291,
            "not_acoustic": 0.939969241619
        },
        "probability": 0.939969241619,
        "value": "not_acoustic"
    },
    "mood_aggressive": {
        "all": {
            "aggressive": 0.924569129944,
            "not_aggressive": 0.075430855155
        },
        "probability": 0.924569129944,
        "value": "aggressive"
    },
    "mood_electronic": {
        "all": {
            "electronic": 0.105532765388,
            "not_electronic": 0.894467234612
        },
        "probability": 0.894467234612,
        "value": "not_electronic"
    },
    "mood_happy": {
        "all": {
            "happy": 0.911100029945,
            "not_happy": 0.0888999700546
        },
        "probability": 0.911100029945,
        "value": "happy"
    },
    "mood_party": {
        "all": {
            "not_party": 0.653163313866,
            "party": 0.346836656332
        },
        "probability": 0.653163313866,
        "value": "not_party"
    },
    "mood_relaxed": {
        "all": {
            "not_relaxed": 0.998157322407,
            "relaxed": 0.00184267084114
        },
        "probability": 0.998157322407,
        "value": "not_relaxed"
    },
    "mood_sad": {
        "all": {
            "not_sad": 0.808194100857,
            "sad": 0.191805928946
        },
        "probability": 0.808194100857,
        "value": "not_sad"
    },
    "moods_mirex": {
        "all": {
            "Cluster1": 0.102908179164,
            "Cluster2": 0.109965443611,
            "Cluster3": 0.487677544355,
            "Cluster4": 0.0291242990643,
            "Cluster5": 0.270324528217
        },
        "probability": 0.487677544355,
        "value": "Cluster3"
    },
    "timbre": {
        "all": {
            "bright": 0.904428124428,
            "dark": 0.0955718904734
        },
        "probability": 0.904428124428,
        "value": "bright"
    },
    "tonal_atonal": {
        "all": {
            "atonal": 0.000252950005233,
            "tonal": 0.999747037888
        },
        "probability": 0.999747037888,
        "value": "tonal"
    },
    "voice_instrumental": {
        "all": {
            "instrumental": 8.58842668094e-06,
            "voice": 0.999991416931
        },
        "probability": 0.999991416931,
        "value": "voice"
    }
},
"lowlevel": {
    "average_loudness": 0.965094029903,
    "barkbands_crest": {
        "dmean": 2.79796409607,
        "dmean2": 4.66397619247,
        "dvar": 8.49227333069,
        "dvar2": 19.8051815033,
        "max": 22.8181629181,
        "mean": 7.75979185104,
        "median": 6.83052968979,
        "min": 2.25270223618,
        "var": 12.9769897461
    },
    "barkbands_flatness_db": {
        "dmean": 0.0169285163283,
        "dmean2": 0.0277988091111,
        "dvar": 0.00028685820871,
        "dvar2": 0.000715485715773,
        "max": 0.196154862642,
        "mean": 0.105935461819,
        "median": 0.1026436463,
        "min": 0.0547492429614,
        "var": 0.000516192463692
    },
    "barkbands_kurtosis": {
        "dmean": 1.27901470661,
        "dmean2": 2.10466742516,
        "dvar": 3.25838422775,
        "dvar2": 8.62239933014,
        "max": 15.7860221863,
        "mean": 0.730860292912,
        "median": 0.341870069504,
        "min": -1.83318996429,
        "var": 3.9245569706
    },
    "barkbands_skewness": {
        "dmean": 0.434043109417,
        "dmean2": 0.665461838245,
        "dvar": 0.19547700882,
        "dvar2": 0.448807477951,
        "max": 3.89243102074,
        "mean": 0.920030355453,
        "median": 0.918736159801,
        "min": -1.64016139507,
        "var": 0.492476522923
    },
    "barkbands_spread": {
        "dmean": 6.76303100586,
        "dmean2": 10.7982311249,
        "dvar": 54.7340354919,
        "dvar2": 119.10836792,
        "max": 85.432800293,
        "mean": 30.771654129,
        "median": 28.2509441376,
        "min": 7.5270690918,
        "var": 172.490646362
    },
    "dissonance": {
        "dmean": 0.0146596468985,
        "dmean2": 0.0253655593842,
        "dvar": 0.000190395789105,
        "dvar2": 0.000535499595571,
        "max": 0.499987721443,
        "mean": 0.474246233702,
        "median": 0.478392094374,
        "min": 0.365297436714,
        "var": 0.000330198585289
    },
    "dynamic_complexity": 1.69827210903,
    "erbbands_crest": {
        "dmean": 2.54619264603,
        "dmean2": 4.23135089874,
        "dvar": 5.88577413559,
        "dvar2": 14.8130989075,
        "max": 26.1420478821,
        "mean": 7.74880981445,
        "median": 6.73127603531,
        "min": 2.62816929817,
        "var": 14.4969854355
    },
    "erbbands_flatness_db": {
        "dmean": 0.0143613433465,
        "dmean2": 0.0214185994118,
        "dvar": 0.000156101566972,
        "dvar2": 0.000318322679959,
        "max": 0.233330056071,
        "mean": 0.134311571717,
        "median": 0.13133443892,
        "min": 0.0711986348033,
        "var": 0.000677704869304
    },
    "erbbands_kurtosis": {
        "dmean": 0.597274065018,
        "dmean2": 0.933446645737,
        "dvar": 0.492722451687,
        "dvar2": 1.0337240696,
        "max": 8.34449386597,
        "mean": -0.0539297237992,
        "median": -0.489342451096,
        "min": -1.60439348221,
        "var": 1.81905078888
    },
    "erbbands_skewness": {
        "dmean": 0.327715277672,
        "dmean2": 0.500963866711,
        "dvar": 0.0793446600437,
        "dvar2": 0.171913430095,
        "max": 2.29823255539,
        "mean": 0.169476240873,
        "median": 0.200534835458,
        "min": -2.43338751793,
        "var": 0.391399562359
    },
    "erbbands_spread": {
        "dmean": 7.51564979553,
        "dmean2": 11.3922224045,
        "dvar": 47.7841300964,
        "dvar2": 109.297698975,
        "max": 105.71962738,
        "mean": 42.3932571411,
        "median": 42.0989646912,
        "min": 8.0832862854,
        "var": 223.339279175
    },
    "hfc": {
        "dmean": 12.3375339508,
        "dmean2": 18.0536518097,
        "dvar": 437.992706299,
        "dvar2": 851.132446289,
        "max": 427.410736084,
        "mean": 39.6502075195,
        "median": 31.9541339874,
        "min": 4.30695199966,
        "var": 1247.00256348
    },
    "melbands_crest": {
        "dmean": 3.43907856941,
        "dmean2": 5.69689702988,
        "dvar": 10.1789674759,
        "dvar2": 24.2349433899,
        "max": 26.8845348358,
        "mean": 10.5545473099,
        "median": 9.56817531586,
        "min": 3.59706807137,
        "var": 17.8370399475
    },
    "melbands_flatness_db": {
        "dmean": 0.0228366870433,
        "dmean2": 0.0354893989861,
        "dvar": 0.000536980456673,
        "dvar2": 0.00119811657351,
        "max": 0.268252313137,
        "mean": 0.129078939557,
        "median": 0.127728611231,
        "min": 0.0358065143228,
        "var": 0.00138397084083
    },
    "melbands_kurtosis": {
        "dmean": 3.74640440941,
        "dmean2": 6.08388090134,
        "dvar": 37.819934845,
        "dvar2": 96.5283508301,
        "max": 57.271320343,
        "mean": 5.96629142761,
        "median": 4.32024383545,
        "min": -1.69411015511,
        "var": 46.052066803
    },
    "melbands_skewness": {
        "dmean": 0.573794841766,
        "dmean2": 0.89209318161,
        "dvar": 0.437659829855,
        "dvar2": 1.00672066212,
        "max": 6.8989443779,
        "mean": 1.95031487942,
        "median": 1.85300481319,
        "min": -0.473387360573,
        "var": 1.0683054924
    },
    "melbands_spread": {
        "dmean": 10.6859788895,
        "dmean2": 16.4023704529,
        "dvar": 191.690658569,
        "dvar2": 383.838409424,
        "max": 186.826675415,
        "mean": 36.3516120911,
        "median": 30.5306110382,
        "min": 6.07542324066,
        "var": 564.116943359
    },
    "pitch_salience": {
        "dmean": 0.0729231163859,
        "dmean2": 0.118653975427,
        "dvar": 0.00476073753089,
        "dvar2": 0.0114777153358,
        "max": 0.821029782295,
        "mean": 0.615185081959,
        "median": 0.631585657597,
        "min": 0.205580472946,
        "var": 0.00933558028191
    },
    "silence_rate_20dB": {
        "dmean": 0,
        "dmean2": 0,
        "dvar": 0,
        "dvar2": 0,
        "max": 1,
        "mean": 1,
        "median": 1,
        "min": 1,
        "var": 0
    },
    "silence_rate_30dB": {
        "dmean": 0,
        "dmean2": 0,
        "dvar": 0,
        "dvar2": 0,
        "max": 1,
        "mean": 1,
        "median": 1,
        "min": 1,
        "var": 0
    },
    "silence_rate_60dB": {
        "dmean": 0,
        "dmean2": 0,
        "dvar": 0,
        "dvar2": 0,
        "max": 0,
        "mean": 0,
        "median": 0,
        "min": 0,
        "var": 0
    },
    "spectral_centroid": {
        "dmean": 269.785308838,
        "dmean2": 419.73425293,
        "dvar": 68937.4453125,
        "dvar2": 132612.984375,
        "max": 4216.52636719,
        "mean": 1729.34875488,
        "median": 1639.88256836,
        "min": 672.361938477,
        "var": 272566.28125
    },
    "spectral_complexity": {
        "dmean": 4.55263137817,
        "dmean2": 6.88613462448,
        "dvar": 16.9793930054,
        "dvar2": 32.5950508118,
        "max": 55,
        "mean": 30.1647338867,
        "median": 30,
        "min": 6,
        "var": 67.8963165283
    },
    "spectral_decrease": {
        "dmean": 2.55934407001e-09,
        "dmean2": 4.02304101144e-09,
        "dvar": 1.2094843838e-17,
        "dvar2": 2.7545824119e-17,
        "max": -9.90991400052e-10,
        "mean": -7.56564766391e-09,
        "median": -6.69265842745e-09,
        "min": -3.19685291572e-08,
        "var": 1.82282234712e-17
    },
    "spectral_energy": {
        "dmean": 0.0103642810136,
        "dmean2": 0.0161343161017,
        "dvar": 0.000178817310371,
        "dvar2": 0.00040319643449,
        "max": 0.123012267053,
        "mean": 0.0321508869529,
        "median": 0.0290477499366,
        "min": 0.00419928459451,
        "var": 0.000294747558655
    },
    "spectral_energyband_high": {
        "dmean": 0.00118137232494,
        "dmean2": 0.00171885744203,
        "dvar": 8.58222483657e-06,
        "dvar2": 1.66651589097e-05,
        "max": 0.0582583360374,
        "mean": 0.00258523598313,
        "median": 0.00126575108152,
        "min": 9.60928227869e-05,
        "var": 2.21868576773e-05
    },
    "spectral_energyband_low": {
        "dmean": 0.0056787757203,
        "dmean2": 0.00930564757437,
        "dvar": 0.000170328232343,
        "dvar2": 0.000406891544117,
        "max": 0.108622409403,
        "mean": 0.00705150095746,
        "median": 0.00357840862125,
        "min": 0.000200496055186,
        "var": 0.000159477320267
    },
    "spectral_energyband_middle_high": {
        "dmean": 0.002786928555,
        "dmean2": 0.00409419694915,
        "dvar": 1.12589887067e-05,
        "dvar2": 2.43163322011e-05,
        "max": 0.049427356571,
        "mean": 0.00935858022422,
        "median": 0.00679504964501,
        "min": 0.000342622457538,
        "var": 5.7543420553e-05
    },
    "spectral_energyband_middle_low": {
        "dmean": 0.00528583629057,
        "dmean2": 0.00847901683301,
        "dvar": 3.54757976311e-05,
        "dvar2": 8.82176609593e-05,
        "max": 0.0521034821868,
        "mean": 0.0141423288733,
        "median": 0.0124187152833,
        "min": 0.0015042363666,
        "var": 6.81059973431e-05
    },
    "spectral_entropy": {
        "dmean": 0.109892204404,
        "dmean2": 0.162509217858,
        "dvar": 0.0104210786521,
        "dvar2": 0.0204939506948,
        "max": 8.67123508453,
        "mean": 7.93245029449,
        "median": 7.91265439987,
        "min": 7.19049310684,
        "var": 0.048406559974
    },
    "spectral_flux": {
        "dmean": 0.0252259727567,
        "dmean2": 0.0384018346667,
        "dvar": 0.000762537762057,
        "dvar2": 0.0017580188578,
        "max": 0.302828878164,
        "mean": 0.106675162911,
        "median": 0.0984683260322,
        "min": 0.0319420285523,
        "var": 0.00167036277708
    },
    "spectral_kurtosis": {
        "dmean": 0.773343443871,
        "dmean2": 1.27118289471,
        "dvar": 0.49321436882,
        "dvar2": 1.34706521034,
        "max": 7.80840778351,
        "mean": 2.65803742409,
        "median": 2.65644216537,
        "min": -0.951329946518,
        "var": 1.70317327976
    },
    "spectral_rms": {
        "dmean": 0.000851250370033,
        "dmean2": 0.00129184289835,
        "dvar": 8.50512492434e-07,
        "dvar2": 1.79137464329e-06,
        "max": 0.0109549975023,
        "mean": 0.00542349461466,
        "median": 0.00532346405089,
        "min": 0.00202407082543,
        "var": 1.95241727852e-06
    },
    "spectral_rolloff": {
        "dmean": 714.763671875,
        "dmean2": 1158.27148438,
        "dvar": 1226091.5,
        "dvar2": 2510059.5,
        "max": 10228.2714844,
        "mean": 2360.67211914,
        "median": 1937.98828125,
        "min": 86.1328125,
        "var": 3189947
    },
    "spectral_skewness": {
        "dmean": 0.13916143775,
        "dmean2": 0.219485729933,
        "dvar": 0.016220940277,
        "dvar2": 0.0342730395496,
        "max": 2.07488274574,
        "mean": 1.24580991268,
        "median": 1.26937925816,
        "min": -0.0128200165927,
        "var": 0.0888914614916
    },
    "spectral_spread": {
        "dmean": 494031.5,
        "dmean2": 731834.3125,
        "dvar": 330445291520,
        "dvar2": 634205503488,
        "max": 10999195,
        "mean": 5042819,
        "median": 4810931.5,
        "min": 3189281,
        "var": 1.26532688282e+12
    },
    "spectral_strongpeak": {
        "dmean": 0.784909546375,
        "dmean2": 1.31002700329,
        "dvar": 1.3457365036,
        "dvar2": 3.39034485817,
        "max": 19.8815345764,
        "mean": 1.3282071352,
        "median": 0.67343968153,
        "min": 0.0542954131961,
        "var": 2.68020534515
    },
    "zerocrossingrate": {
        "dmean": 0.0140203237534,
        "dmean2": 0.0165088996291,
        "dvar": 0.000268821953796,
        "dvar2": 0.000271310243988,
        "max": 0.2900390625,
        "mean": 0.0893441364169,
        "median": 0.078125,
        "min": 0.02880859375,
        "var": 0.00173261272721
    },
    "barkbands": {
        "dmean": [5.58488136448e-05, 0.00480523286387, 0.00109747389797, 0.000867541006301, 0.00194959412329, 0.00131183734629, 0.00159912486561, 0.00153355509974, 0.00168285984546, 0.00120728532784, 0.000725684803911, 0.000457116839243, 0.00064083666075, 0.00053121446399, 0.000435578025645, 0.000391296227463, 0.000281327025732, 0.000307003909256, 0.000236600244534, 0.000195682354388, 0.00018138201267, 0.000357588229235, 0.000369182089344, 0.000285681773676, 0.000127436796902, 4.59452894574e-05, 4.08027478471e-09],
        "dmean2": [8.55607868289e-05, 0.00792827922851, 0.00194741843734, 0.0013949801214, 0.00318586314097, 0.00217246264219, 0.00258564343676, 0.00247453618795, 0.00278145307675, 0.00194550969172, 0.00112267048098, 0.000720765267033, 0.00101528817322, 0.000847873161547, 0.000681991572492, 0.000635058560874, 0.000448856299045, 0.000508706783876, 0.000385200342862, 0.000317459081998, 0.000278563704342, 0.000559169158805, 0.000574706064072, 0.000449673243565, 0.000188368881936, 7.33192646294e-05, 7.1479053787e-09],
        "dvar": [1.83378467966e-08, 0.000160238036187, 3.0107562452e-06, 8.6808222477e-07, 6.38696747046e-06, 3.77537844543e-06, 6.399105132e-06, 8.35772607388e-06, 1.26338636619e-05, 5.96043946643e-06, 3.00555302601e-06, 7.57737439017e-07, 1.709940193e-06, 9.55968062044e-07, 8.91292813776e-07, 2.84021723473e-07, 1.00405905812e-07, 3.10334201004e-07, 7.60886109674e-08, 6.09117094541e-08, 1.62807097581e-07, 9.70603764472e-07, 3.22197752212e-06, 6.76487616147e-07, 8.27002821779e-08, 7.83422038353e-09, 7.00928710638e-16],
        "dvar2": [4.10183353949e-08, 0.000390798435546, 8.74539728102e-06, 2.31052831623e-06, 1.61514599313e-05, 1.00749657577e-05, 1.58886814461e-05, 2.20878300752e-05, 3.17784579238e-05, 1.35593772939e-05, 7.21818878446e-06, 1.62038531926e-06, 3.61815978067e-06, 1.97391955226e-06, 1.70275325218e-06, 6.89718717695e-07, 2.38556111753e-07, 8.35145556266e-07, 1.84865143638e-07, 1.47773349113e-07, 3.47711022641e-07, 2.15732575271e-06, 6.32934188616e-06, 1.683170467e-06, 1.54055655344e-07, 1.85469986036e-08, 1.41680818807e-15],
        "max": [0.00160194840282, 0.103959754109, 0.014458107762, 0.0100704990327, 0.0263843685389, 0.0199948642403, 0.0327827893198, 0.0373434945941, 0.0376921445131, 0.041895698756, 0.0368148870766, 0.0136170256883, 0.0261716842651, 0.0133236469701, 0.0238755103201, 0.00610444508493, 0.00333467288874, 0.0108244074509, 0.00366851268336, 0.00298442970961, 0.00774084543809, 0.0151508376002, 0.049724124372, 0.0143078854308, 0.0082924766466, 0.00196851091459, 5.55239807909e-07],
        "mean": [5.47614399693e-05, 0.00478659104556, 0.00148497405462, 0.00149682885967, 0.00310621061362, 0.00201494945213, 0.00258184713311, 0.00222476408817, 0.00230448017828, 0.00185870938003, 0.0012555248104, 0.000747344514821, 0.00122398103122, 0.000904063403141, 0.000832248246297, 0.000768629834056, 0.000575184298214, 0.000579985673539, 0.000548849639017, 0.000428498518886, 0.000377200456569, 0.0006541373441, 0.000625993590802, 0.000444076082204, 0.000201705697691, 6.93576366757e-05, 3.00248004237e-09],
        "median": [8.41132168716e-06, 0.00161002983805, 0.000905193795916, 0.00106408284046, 0.00219884328544, 0.001354488777, 0.00139782507904, 0.000847649702337, 0.00103931617923, 0.000696954142768, 0.000369252375094, 0.000320670602378, 0.000407116574934, 0.000410628068494, 0.000478852598462, 0.000598503509536, 0.000470152823254, 0.000434543733718, 0.000443841970991, 0.000358622724889, 0.00022169596923, 0.000317725032801, 0.000189263897482, 0.000155074958457, 7.38374510547e-05, 2.91536271106e-05, 4.81392314899e-10],
        "min": [3.11749950299e-08, 5.27696693098e-06, 4.72626743431e-06, 5.55150973014e-06, 9.95920854621e-05, 5.03000337631e-05, 3.54255753336e-05, 3.03442493532e-06, 2.09377903957e-05, 2.0777928512e-05, 5.24718643646e-06, 8.79498202266e-06, 6.90663728165e-06, 8.95834182302e-06, 1.24204516396e-05, 6.30283375358e-06, 1.3511378711e-05, 1.97076969926e-05, 2.02721876121e-05, 3.29052745656e-05, 1.81296036317e-05, 1.90668379219e-05, 1.20399517982e-05, 8.36469735077e-06, 1.28212241179e-06, 8.38481781784e-08, 1.11040820636e-11],
        "var": [1.94565377143e-08, 0.000138826231705, 3.15541660711e-06, 2.01989951165e-06, 8.88592785486e-06, 4.51994310424e-06, 1.11494982775e-05, 1.22343499243e-05, 1.68491460499e-05, 1.04777964225e-05, 9.47543594521e-06, 1.72055342773e-06, 7.15490705261e-06, 2.27578107115e-06, 2.34992216974e-06, 4.41374339744e-07, 1.94731697434e-07, 3.4293157114e-07, 1.54099609517e-07, 1.08267890653e-07, 3.72549919803e-07, 1.75172374384e-06, 6.38459368929e-06, 1.05875449208e-06, 2.11564923802e-07, 1.69056662003e-08, 5.54982657425e-16]
    },
    "erbbands": {
        "dmean": [0.118621215224, 1.1508538723, 1.5710259676, 1.93225347996, 3.56771087646, 8.40950107574, 9.24256324768, 10.6679191589, 19.6333255768, 27.74061203, 35.0221557617, 38.1797523499, 30.8301715851, 34.5478210449, 22.9414157867, 17.3942394257, 26.7381782532, 23.0588302612, 23.0281658173, 24.2282238007, 20.1747970581, 14.6407232285, 16.7963466644, 11.7937936783, 12.3180561066, 8.45899486542, 7.18700027466, 8.44668674469, 12.321305275, 11.8121623993, 11.206817627, 6.3662071228, 4.50680208206, 1.72835063934, 0.807590067387, 0.280343949795, 0.0789443179965, 0.0077851661481, 0.000144117715536, 1.85140561371e-05],
        "dmean2": [0.187933176756, 1.92787146568, 2.72235608101, 3.2306201458, 5.86202764511, 13.8453655243, 15.4342460632, 17.522233963, 32.1722106934, 44.9859962463, 57.2629089355, 62.8209495544, 48.7811164856, 54.685546875, 35.0534591675, 27.0882434845, 41.7288665771, 34.965297699, 35.9395675659, 38.4450263977, 32.2021522522, 23.0136966705, 27.4115200043, 19.0523796082, 19.9696960449, 13.677315712, 11.1685590744, 12.9305667877, 19.0559940338, 17.4182434082, 17.5223045349, 9.92230415344, 7.25500011444, 2.60821962357, 1.24925041199, 0.435828506947, 0.125924244523, 0.0128080071881, 0.000232200924074, 2.73947116511e-05],
        "dvar": [0.109002992511, 8.87732124329, 7.25828170776, 4.53825283051, 21.6068649292, 138.093566895, 165.177856445, 281.429168701, 887.346923828, 3228.72338867, 4724.91992188, 7835.47314453, 4020.89233398, 4859.45898438, 1919.17895508, 1220.44274902, 3167.55883789, 2144.09814453, 2194.44921875, 1539.92651367, 857.369873047, 281.46862793, 1023.43041992, 216.830429077, 213.254989624, 116.853591919, 172.112197876, 539.569274902, 1263.28491211, 1250.60534668, 3900.51342773, 327.508178711, 187.491485596, 19.27110672, 3.54753136635, 0.38618478179, 0.0198360402137, 0.000305079243844, 8.57782893604e-08, 5.73811109739e-10],
        "dvar2": [0.254017680883, 22.2995491028, 20.2534599304, 12.9247751236, 53.2677536011, 357.051147461, 449.13961792, 733.338256836, 2422.25170898, 7879.62646484, 12792.1318359, 20096.6347656, 9454.77050781, 10758.1972656, 4302.96777344, 2596.05615234, 6402.35888672, 4374.99511719, 4989.73583984, 3158.74511719, 2049.36938477, 663.010375977, 2822.56616211, 515.30645752, 528.77557373, 284.753387451, 401.231323242, 1173.11218262, 2722.99975586, 2152.51000977, 8084.59326172, 776.829711914, 473.782043457, 39.3096809387, 7.33287000656, 0.988781750202, 0.0475243851542, 0.000662532111164, 1.88377455856e-07, 1.18122933657e-09],
        "max": [2.76330065727, 23.4990959167, 24.1155567169, 19.6554660797, 53.8661231995, 129.639419556, 127.921859741, 190.34022522, 327.331665039, 783.486083984, 1050.87976074, 1127.1730957, 1082.05212402, 1312.81604004, 788.40057373, 620.083740234, 1196.33654785, 1045.22595215, 901.617736816, 685.850219727, 418.562408447, 191.269882202, 642.373535156, 178.169509888, 150.160873413, 125.127304077, 278.673950195, 450.248260498, 628.15826416, 1062.5690918, 1745.45324707, 378.054473877, 220.393814087, 129.245834351, 42.2378082275, 16.9908351898, 1.73645460606, 0.391374140978, 0.00662079127505, 0.000378377881134],
        "mean": [0.10902249068, 1.15621232986, 2.00350475311, 3.49596500397, 6.23530483246, 12.119436264, 14.8033714294, 16.8816318512, 32.285118103, 41.933921814, 53.2711219788, 53.7527122498, 49.9607543945, 61.1687088013, 43.1630973816, 32.520149231, 54.7274932861, 44.8279190063, 43.8926811218, 48.5537261963, 41.9708633423, 32.1014137268, 32.2272071838, 26.9538326263, 27.9304332733, 19.8151741028, 15.3590612411, 17.1661090851, 22.7088241577, 21.7436256409, 17.5120563507, 10.7436447144, 6.4495434761, 2.68022561073, 1.23774051666, 0.428332597017, 0.109028071165, 0.00910240132362, 0.000207288539968, 5.44842878298e-05],
        "median": [0.0249964520335, 0.421191066504, 1.16385579109, 2.70554447174, 4.68849086761, 7.89400720596, 10.5282030106, 10.8407697678, 19.6675987244, 19.0374221802, 24.2332172394, 24.6554470062, 23.4774112701, 25.0550403595, 17.8271179199, 15.2618837357, 20.4710769653, 18.6057090759, 25.6847896576, 31.7401561737, 33.6519622803, 26.431388855, 25.0668678284, 21.8083114624, 23.0050868988, 16.3351573944, 11.0349464417, 8.73782157898, 10.4999189377, 8.81011772156, 4.88039922714, 3.70145010948, 2.27616167068, 0.973226189613, 0.429076492786, 0.180680766702, 0.0422220826149, 0.00299788406119, 8.74186152942e-05, 4.47901984444e-05],
        "min": [0.000250357988989, 0.00386427599005, 0.0402584969997, 0.131504744291, 0.357294023037, 0.372646689415, 0.52040874958, 0.445096492767, 0.606947541237, 0.729988217354, 0.755465209484, 0.756775140762, 1.04471588135, 0.83815819025, 0.27911606431, 0.364437699318, 0.360520988703, 0.405562579632, 1.22288239002, 0.870563149452, 0.837575078011, 1.02022886276, 1.26889383793, 1.3811699152, 2.01647973061, 1.62630617619, 1.13718366623, 0.730422616005, 0.685645341873, 0.761196792126, 0.266887336969, 0.153510525823, 0.154532372952, 0.0291734915227, 0.00594280241057, 0.00335361505859, 0.000138932664413, 8.89873990673e-06, 4.15002432419e-06, 5.92723608861e-06],
        "var": [0.100867107511, 7.33469200134, 6.73478651047, 8.05054187775, 31.5736656189, 180.387252808, 205.875488281, 347.296020508, 1431.64453125, 4485.18505859, 6405.8984375, 10127.5654297, 7308.70996094, 14225.3857422, 6868.89648438, 2905.31201172, 12195.890625, 8379, 4413.51611328, 4118.52392578, 1321.59545898, 562.780822754, 1067.25817871, 417.166656494, 389.471008301, 204.178878784, 339.598297119, 1081.20800781, 2387.84838867, 3256.86621094, 6005.96044922, 632.310546875, 243.345123291, 42.5855102539, 7.48125648499, 0.790025830269, 0.0319034419954, 0.000426911195973, 1.46047455019e-07, 1.54455481738e-09]
    },
    "gfcc": {
        "mean": [60.6295661926, 71.4572372437, -126.307571411, 37.3490219116, -71.6282348633, 18.0914058685, -45.709072113, 13.193271637, -24.0264015198, 3.65118408203, -20.7356243134, 0.998558759689, -13.5962934494],
        "cov": [[911.295471191, -333.174926758, 58.7455558777, -137.189910889, -81.4671020508, 61.1088600159, 31.4227638245, 64.0958938599, 4.33115577698, 77.4816360474, 17.740655899, 79.3126220703, -47.7055053711], [-333.174926758, 538.950378418, -134.254669189, -13.3967161179, 145.520111084, -40.2311477661, 87.4445953369, -2.0356657505, 34.8922538757, 10.2792320251, 48.3850708008, -41.7858695984, 34.1307830811], [58.7455558777, -134.254669189, 279.791564941, 81.3213729858, 7.35208034515, 24.8147277832, -35.8921890259, 48.0678939819, 14.4268407822, 26.6036815643, -6.41537904739, 27.6535644531, -12.6325473785], [-137.189910889, -13.3967161179, 81.3213729858, 266.89239502, 33.9754829407, -20.0535392761, -46.7660140991, -4.50203847885, 61.2788963318, -12.5115213394, -4.97388601303, -13.9342956543, 36.3201179504], [-81.4671020508, 145.520111084, 7.35208034515, 33.9754829407, 176.660263062, 28.588514328, 54.679977417, 41.6260452271, 24.2781944275, 41.1277618408, 15.5956249237, 4.5571064949, 12.3680114746], [61.1088600159, -40.2311477661, 24.8147277832, -20.0535392761, 28.588514328, 126.763908386, 67.6434402466, 12.4089336395, -6.45909786224, 4.29524278641, 17.1492462158, 8.70077800751, 6.83040094376], [31.4227638245, 87.4445953369, -35.8921890259, -46.7660140991, 54.679977417, 67.6434402466, 132.794494629, 37.7187576294, -0.915647923946, 16.0250816345, 17.9664497375, 12.8534297943, 0.656207978725], [64.0958938599, -2.0356657505, 48.0678939819, -4.50203847885, 41.6260452271, 12.4089336395, 37.7187576294, 96.5187835693, 43.0387153625, 29.9255962372, 0.496717751026, 5.09616088867, -9.1196346283], [4.33115577698, 34.8922538757, 14.4268407822, 61.2788963318, 24.2781944275, -6.45909786224, -0.915647923946, 43.0387153625, 115.216720581, 42.6405258179, 2.91685605049, -18.9279327393, -4.68236255646], [77.4816360474, 10.2792320251, 26.6036815643, -12.5115213394, 41.1277618408, 4.29524278641, 16.0250816345, 29.9255962372, 42.6405258179, 81.7025222778, 23.8755321503, 8.30832195282, -11.4902553558], [17.740655899, 48.3850708008, -6.41537904739, -4.97388601303, 15.5956249237, 17.1492462158, 17.9664497375, 0.496717751026, 2.91685605049, 23.8755321503, 56.0311546326, 19.6150760651, 8.50404548645], [79.3126220703, -41.7858695984, 27.6535644531, -13.9342956543, 4.5571064949, 8.70077800751, 12.8534297943, 5.09616088867, -18.9279327393, 8.30832195282, 19.6150760651, 61.5704803467, 16.2086524963], [-47.7055053711, 34.1307830811, -12.6325473785, 36.3201179504, 12.3680114746, 6.83040094376, 0.656207978725, -9.1196346283, -4.68236255646, -11.4902553558, 8.50404548645, 16.2086524963, 64.7021484375]],
        "icov": [[0.00206160871312, 0.00119456241373, 0.000362256774679, 0.000664616527501, 0.000627962115686, -0.00022367144993, -0.000482606468722, -0.000770582351834, -0.000386609346606, -0.00148960889783, -0.000380404526368, -0.00165130174719, 0.000558567524422], [0.00119456241373, 0.00798848830163, -0.00144152063876, 0.00395350623876, -0.00641728565097, 0.0085529871285, -0.0077264639549, 0.00468156905845, -0.00502285873517, 0.00544083816931, -0.00959429424256, 0.00798728596419, -0.0049091107212], [0.000362256774679, -0.00144152063876, 0.00746215786785, -0.0040410682559, 0.00257254624739, -0.00579819455743, 0.00579007482156, -0.0063001117669, 0.00412779347971, -0.00524019775912, 0.00447215652093, -0.00634932518005, 0.00429741060361], [0.000664616527501, 0.00395350623876, -0.0040410682559, 0.00943721458316, -0.00553920259699, 0.00588817195967, -0.00347117823549, 0.00560430297628, -0.00825419835746, 0.00739189935848, -0.00621098093688, 0.00572443660349, -0.00632195454091], [0.000627962115686, -0.00641728565097, 0.00257254624739, -0.00553920259699, 0.015014753677, -0.00877218320966, 0.00427658343688, -0.00784823764116, 0.0066627743654, -0.0113426325843, 0.00906920060515, -0.0079553425312, 0.00363496900536], [-0.00022367144993, 0.0085529871285, -0.00579819455743, 0.00588817195967, -0.00877218320966, 0.0235270205885, -0.0166740547866, 0.00926373247057, -0.00700012687594, 0.0102553255856, -0.0143289491534, 0.013359923847, -0.0085949189961], [-0.000482606468722, -0.0077264639549, 0.00579007482156, -0.00347117823549, 0.00427658343688, -0.0166740547866, 0.0238325055689, -0.0116210449487, 0.00679098628461, -0.00673117442057, 0.0091204168275, -0.0117056518793, 0.00689174188301], [-0.000770582351834, 0.00468156905845, -0.0063001117669, 0.00560430297628, -0.00784823764116, 0.00926373247057, -0.0116210449487, 0.0236650630832, -0.0117841763422, 0.00650349585339, -0.00484200241044, 0.00611010100693, -0.00403013313189], [-0.000386609346606, -0.00502285873517, 0.00412779347971, -0.00825419835746, 0.0066627743654, -0.00700012687594, 0.00679098628461, -0.0117841763422, 0.0218762382865, -0.0144829144701, 0.00729232514277, -0.00125088787172, 0.00390550354496], [-0.00148960889783, 0.00544083816931, -0.00524019775912, 0.00739189935848, -0.0113426325843, 0.0102553255856, -0.00673117442057, 0.00650349585339, -0.0144829144701, 0.0313707850873, -0.0168401766568, 0.00713281473145, -0.00212094280869], [-0.000380404526368, -0.00959429424256, 0.00447215652093, -0.00621098093688, 0.00906920060515, -0.0143289491534, 0.0091204168275, -0.00484200241044, 0.00729232514277, -0.0168401766568, 0.0376430675387, -0.0184747893363, 0.00536202359945], [-0.00165130174719, 0.00798728596419, -0.00634932518005, 0.00572443660349, -0.0079553425312, 0.013359923847, -0.0117056518793, 0.00611010100693, -0.00125088787172, 0.00713281473145, -0.0184747893363, 0.0369146168232, -0.0144368084148], [0.000558567524422, -0.0049091107212, 0.00429741060361, -0.00632195454091, 0.00363496900536, -0.0085949189961, 0.00689174188301, -0.00403013313189, 0.00390550354496, -0.00212094280869, 0.00536202359945, -0.0144368084148, 0.0252370703965]]
    },
    "melbands": {
        "dmean": [0.00123963516671, 0.00107050850056, 0.000350792543031, 0.00043882112368, 0.000323505431879, 0.000245616567554, 0.000301138526993, 0.000309188559186, 0.000301401945762, 0.000229204175412, 0.000161261501489, 0.000151991436724, 9.64430510066e-05, 4.84482297907e-05, 6.15929384367e-05, 5.6105247495e-05, 4.4979948143e-05, 4.30784602941e-05, 3.28666101268e-05, 2.95946574624e-05, 2.58691488852e-05, 1.62904289027e-05, 1.77892834472e-05, 1.56733422045e-05, 1.0011044651e-05, 9.67177311395e-06, 8.63246896188e-06, 5.73470697418e-06, 5.02644934386e-06, 4.8964261623e-06, 5.55930273549e-06, 7.70346377976e-06, 7.12657993063e-06, 7.01526505509e-06, 7.96979929873e-06, 4.54410246675e-06, 4.12737790612e-06, 3.63917206414e-06, 2.1665703116e-06, 1.34127617457e-06],
        "dmean2": [0.00202417746186, 0.00181489007082, 0.000574441102799, 0.000725758902263, 0.000534077058546, 0.000400906108553, 0.000492693681736, 0.000502062321175, 0.000493685889523, 0.000376152369427, 0.000257097854046, 0.000242027570494, 0.000144282501424, 7.50423641875e-05, 9.35874559218e-05, 8.66857008077e-05, 7.01966419001e-05, 6.74680777593e-05, 5.08855555381e-05, 4.73825966765e-05, 4.13043999288e-05, 2.59125645243e-05, 2.91552678391e-05, 2.59640346485e-05, 1.64232842508e-05, 1.56317419169e-05, 1.43068909892e-05, 9.39488199947e-06, 7.99301233201e-06, 7.6509122664e-06, 8.65827405505e-06, 1.20845588754e-05, 1.10655855678e-05, 1.04355549411e-05, 1.26665872813e-05, 7.0140704338e-06, 6.49608045933e-06, 5.92354808759e-06, 3.50619370693e-06, 1.97999315787e-06],
        "dvar": [1.14939612104e-05, 4.98377903568e-06, 1.32474383463e-07, 3.576449501e-07, 1.89308863696e-07, 1.3696778467e-07, 2.09127179573e-07, 3.56550657443e-07, 3.41259152492e-07, 2.91221766702e-07, 1.14224704362e-07, 9.07521311433e-08, 4.10497698056e-08, 8.23952017726e-09, 1.83358519479e-08, 1.40347253819e-08, 8.29856716678e-09, 7.23153315008e-09, 6.8445995538e-09, 1.62763191813e-09, 1.43882183945e-09, 3.64600433178e-10, 6.61359522702e-10, 9.03340569014e-10, 1.51833559614e-10, 1.29583857533e-10, 1.01001637609e-10, 5.91682883244e-11, 7.38250433008e-11, 1.38948255679e-10, 2.5107749213e-10, 5.05538388929e-10, 3.30801608328e-10, 7.31895377637e-10, 2.64908539549e-09, 1.80358339374e-10, 1.40666561732e-10, 1.3241101271e-10, 3.15694206887e-11, 1.39515612604e-11],
        "dvar2": [2.75628954114e-05, 1.28134661281e-05, 3.61489384204e-07, 9.06680554635e-07, 4.95560072977e-07, 3.57300478981e-07, 5.56181532829e-07, 8.75328510119e-07, 9.29819009343e-07, 7.50007302486e-07, 2.69226717364e-07, 2.04243065127e-07, 9.92685684764e-08, 1.81102848273e-08, 4.16757188759e-08, 2.60861572343e-08, 1.6754606591e-08, 1.65228239979e-08, 1.16099236891e-08, 3.89047105642e-09, 3.47009709856e-09, 8.81372863581e-10, 1.72063685522e-09, 2.41275444068e-09, 3.70124902949e-10, 3.2304758868e-10, 2.47016324062e-10, 1.49870199584e-10, 1.72490632888e-10, 3.40427908085e-10, 5.72407066191e-10, 1.16980336529e-09, 6.95086987967e-10, 1.31306521212e-09, 5.53570922435e-09, 4.02297084534e-10, 3.54206719511e-10, 3.38272021505e-10, 7.52819542815e-11, 2.87291249818e-11],
        "max": [0.0281042605639, 0.0169008336961, 0.00367618352175, 0.00570204621181, 0.00534008210525, 0.003845178755, 0.00491341855377, 0.00764260161668, 0.00832630135119, 0.00728600332513, 0.00564918015152, 0.00523038906977, 0.00424480857328, 0.00143771397416, 0.00263988878578, 0.00303666340187, 0.00173138570972, 0.00142240105197, 0.00239480356686, 0.000524462899193, 0.000547600327991, 0.000205015880056, 0.000343435356626, 0.000581347208936, 0.000147827886394, 0.0001305071346, 9.90013140836e-05, 8.65476031322e-05, 0.000158300303156, 0.000244986877078, 0.000291688542347, 0.000404134829296, 0.000274821853964, 0.00091940438142, 0.00141898391303, 0.000271291675745, 0.000203764153412, 0.000187113546417, 0.000113827969471, 0.000117031631817],
        "mean": [0.0011911673937, 0.00126715691295, 0.000676517316606, 0.000669053988531, 0.00053918507183, 0.000392378075048, 0.000497918052133, 0.000469622405944, 0.000445446057711, 0.000313444266794, 0.000250443496043, 0.000255188060692, 0.000167089907336, 7.99704284873e-05, 0.000112874360639, 0.000114089700219, 7.94464431237e-05, 7.35974608688e-05, 6.33098679828e-05, 5.6557571952e-05, 4.86716235173e-05, 3.22106498061e-05, 3.18983511534e-05, 2.73839032161e-05, 2.07795546885e-05, 2.11448314076e-05, 1.75076020241e-05, 1.22234723676e-05, 9.84316375252e-06, 8.95065568329e-06, 1.02710218925e-05, 1.32356362883e-05, 1.22255387396e-05, 1.19537662613e-05, 1.11558292701e-05, 7.37401251172e-06, 6.21592698735e-06, 4.94145297125e-06, 3.06548349727e-06, 1.98256543626e-06],
        "median": [0.000353107578121, 0.000652352930047, 0.000553044083063, 0.000460648356238, 0.000390242552385, 0.000257170177065, 0.00031284004217, 0.000199020301807, 0.000199836111278, 0.000141992422868, 0.000106891377072, 9.78110692813e-05, 5.91390926274e-05, 3.25223045365e-05, 4.63872820546e-05, 3.89483429899e-05, 3.24246830132e-05, 3.96483701479e-05, 3.51555718225e-05, 4.03170488426e-05, 3.65864943888e-05, 2.47129719355e-05, 2.32338916248e-05, 1.9493729269e-05, 1.64133471117e-05, 1.70356306626e-05, 1.41478658406e-05, 9.66021070781e-06, 7.18880482964e-06, 5.21953052157e-06, 4.82597579321e-06, 6.0241659412e-06, 5.6454582591e-06, 4.45283194495e-06, 2.70469899988e-06, 2.60622186943e-06, 2.03792819775e-06, 1.71801275428e-06, 1.11970769012e-06, 7.11238101303e-07],
        "min": [1.15466673378e-06, 1.95917127712e-05, 2.50193206739e-05, 2.33045302593e-05, 2.40883236984e-05, 8.43289490149e-06, 5.34739274372e-06, 6.24277345196e-06, 4.97859946336e-06, 4.02293062507e-06, 4.45442719865e-06, 2.06515142054e-06, 8.9639320322e-07, 8.49223965815e-07, 1.17644879083e-06, 4.78499146084e-07, 7.3485904295e-07, 9.6965220564e-07, 1.15687691959e-06, 3.15193119604e-07, 8.67154199113e-07, 6.64224273805e-07, 1.1095029322e-06, 1.07946357275e-06, 9.21594505598e-07, 1.3358551314e-06, 8.79930666997e-07, 9.49141792717e-07, 6.40228279281e-07, 3.28198865418e-07, 3.44117580653e-07, 3.10852669827e-07, 3.54824550186e-07, 3.75932813768e-07, 7.91064209693e-08, 1.36464990419e-07, 5.01798247399e-08, 1.26691119817e-07, 3.15312149723e-08, 1.55036232741e-08],
