{
"highlevel": {
    "danceability": {
        "all": {
            "danceable": 0.980893433094,
            "not_danceable": 0.0191065780818
        },
        "probability": 0.980893433094,
        "value": "danceable"
    },
    "gender": {
        "all": {
            "female": 0.2433616817,
            "male": 0.756638288498
        },
        "probability": 0.756638288498,
        "value": "male"
    },
    "genre_dortmund": {
        "all": {
            "alternative": 0.194714143872,
            "blues": 0.141263186932,
            "electronic": 0.0919247567654,
            "folkcountry": 0.129132300615,
            "funksoulrnb": 0.0502468459308,
            "jazz": 0.0670547485352,
            "pop": 0.0617486312985,
            "raphiphop": 0.0719762071967,
            "rock": 0.191939175129
        },
        "probability": 0.194714143872,
        "value": "alternative"
    },
    "genre_electronic": {
        "all": {
            "ambient": 0.342857122421,
            "dnb": 0.147089526057,
            "house": 0.127565279603,
            "techno": 0.0355935283005,
            "trance": 0.346894562244
        },
        "probability": 0.346894562244,
        "value": "trance"
    },
    "genre_rosamerica": {
        "all": {
            "cla": 0.00192479405086,
            "dan": 0.0626066476107,
            "hip": 0.00948941893876,
            "jaz": 0.00164971058257,
            "pop": 0.833722174168,
            "rhy": 0.0274991225451,
            "roc": 0.0601628310978,
            "spe": 0.00294531136751
        },
        "probability": 0.833722174168,
        "value": "pop"
    },
    "genre_tzanetakis": {
        "all": {
            "blu": 0.0631970837712,
            "cla": 0.0351076424122,
            "cou": 0.105340525508,
            "dis": 0.0632559657097,
            "hip": 0.158187583089,
            "jaz": 0.316573172808,
            "met": 0.0527318492532,
            "pop": 0.063265889883,
            "reg": 0.0632615014911,
            "roc": 0.0790787860751
        },
        "probability": 0.316573172808,
        "value": "jaz"
    },
    "ismir04_rhythm": {
        "all": {
            "ChaChaCha": 0.268751293421,
            "Jive": 0.122922286391,
            "Quickstep": 0.0336388424039,
            "Rumba-American": 0.0665179118514,
            "Rumba-International": 0.0352135822177,
            "Rumba-Misc": 0.0150563297793,
            "Samba": 0.123618230224,
            "Tango": 0.226038128138,
            "VienneseWaltz": 0.0959566906095,
            "Waltz": 0.0122867096215
        },
        "probability": 0.268751293421,
        "value": "ChaChaCha"
    },
    "mood_acoustic": {
        "all": {
            "acoustic": 0.54554027319,
            "not_acoustic": 0.45445972681
        },
        "probability": 0.54554027319,
        "value": "acoustic"
    },
    "mood_aggressive": {
        "all": {
            "aggressive": 0.330719530582,
            "not_aggressive": 0.669280469418
        },
        "probability": 0.669280469418,
        "value": "not_aggressive"
    },
    "mood_electronic": {
        "all": {
            "electronic": 0.395430147648,
            "not_electronic": 0.604569852352
        },
        "probability": 0.604569852352,
        "value": "not_electronic"
    },
    "mood_happy": {
        "all": {
            "happy": 0.61036247015,
            "not_happy": 0.38963752985
        },
        "probability": 0.61036247015,
        "value": "happy"
    },
    "mood_party": {
        "all": {
            "not_party": 0.690005421638,
            "party": 0.309994578362
        },
        "probability": 0.690005421638,
        "value": "not_party"
    },
    "mood_relaxed": {
        "all": {
            "not_relaxed": 0.480683505535,
            "relaxed": 0.519316494465
        },
        "probability": 0.519316494465,
        "value": "relaxed"
    },
    "mood_sad": {
        "all": {
            "not_sad": 0.635789036751,
            "sad": 0.364210993052
        },
        "probability": 0.635789036751,
        "value": "not_sad"
    },
    "moods_mirex": {
        "all": {
            "Cluster1": 0.107182309031,
            "Cluster2": 0.203688055277,
            "Cluster3": 0.305173248053,
            "Cluster4": 0.283616781235,
            "Cluster5": 0.100339613855
        },
        "probability": 0.305173248053,
        "value": "Cluster3"
    },
    "timbre": {
        "all": {
            "bright": 0.967236220837,
            "dark": 0.0327637605369
        },
        "probability": 0.967236220837,
        "value": "bright"
    },
    "tonal_atonal": {
        "all": {
            "atonal": 0.0193939488381,
            "tonal": 0.980606079102
        },
        "probability": 0.980606079102,
        "value": "tonal"
    },
    "voice_instrumental": {
        "all": {
            "instrumental": 0.00260643381625,
            "voice": 0.997393548489
        },
        "probability": 0.997393548489,
        "value": "voice"
    }
},
"lowlevel": {
    "average_loudness": 0.981551885605,
    "barkbands_crest": {
        "dmean": 3.02110958099,
        "dmean2": 4.92985200882,
        "dvar": 8.38803005219,
        "dvar2": 21.9379501343,
        "max": 24.7134284973,
        "mean": 10.3948945999,
        "median": 9.39873886108,
        "min": 3.06925535202,
        "var": 21.022228241
    },
    "barkbands_flatness_db": {
        "dmean": 0.0245433244854,
        "dmean2": 0.0390537045896,
        "dvar": 0.00057633331744,
        "dvar2": 0.00150611181743,
        "max": 0.378820359707,
        "mean": 0.14825040102,
        "median": 0.141129881144,
        "min": 0.0520186461508,
        "var": 0.00230689067394
    },
    "barkbands_kurtosis": {
        "dmean": 4.53124380112,
        "dmean2": 7.49624824524,
        "dvar": 180.129348755,
        "dvar2": 540.566589355,
        "max": 279.543884277,
        "mean": 6.03861188889,
        "median": 1.37616205215,
        "min": -1.84984469414,
        "var": 431.436340332
    },
    "barkbands_skewness": {
        "dmean": 0.662625670433,
        "dmean2": 1.03917133808,
        "dvar": 0.829174101353,
        "dvar2": 2.27687716484,
        "max": 15.3732223511,
        "mean": 1.62247717381,
        "median": 1.24890577793,
        "min": -1.89064085484,
        "var": 2.62474370003
    },
    "barkbands_spread": {
        "dmean": 5.93626594543,
        "dmean2": 8.94606590271,
        "dvar": 49.5989723206,
        "dvar2": 109.62714386,
        "max": 83.3467636108,
        "mean": 22.3315258026,
        "median": 20.5412845612,
        "min": 0.927917659283,
        "var": 168.716659546
    },
    "dissonance": {
        "dmean": 0.0185865610838,
        "dmean2": 0.0305587295443,
        "dvar": 0.000312439951813,
        "dvar2": 0.0007849643589,
        "max": 0.499072641134,
        "mean": 0.45393076539,
        "median": 0.458629727364,
        "min": 0.315926134586,
        "var": 0.000827288604341
    },
    "dynamic_complexity": 2.15174937248,
    "erbbands_crest": {
        "dmean": 2.48469781876,
        "dmean2": 3.99499225616,
        "dvar": 5.32721042633,
        "dvar2": 12.9033260345,
        "max": 22.6986713409,
        "mean": 8.80750179291,
        "median": 8.04515743256,
        "min": 2.50627732277,
        "var": 14.0890617371
    },
    "erbbands_flatness_db": {
        "dmean": 0.0205350741744,
        "dmean2": 0.0286490768194,
        "dvar": 0.000405623810366,
        "dvar2": 0.000739165348932,
        "max": 0.259713917971,
        "mean": 0.152793541551,
        "median": 0.153697922826,
        "min": 0.0573762767017,
        "var": 0.0014549625339
    },
    "erbbands_kurtosis": {
        "dmean": 0.763825058937,
        "dmean2": 1.19250011444,
        "dvar": 0.942204833031,
        "dvar2": 2.26273417473,
        "max": 10.6643066406,
        "mean": 0.334561616182,
        "median": -0.00900030136108,
        "min": -1.66738379002,
        "var": 2.0726351738
    },
    "erbbands_skewness": {
        "dmean": 0.336516469717,
        "dmean2": 0.509832382202,
        "dvar": 0.0875735878944,
        "dvar2": 0.200600832701,
        "max": 2.84927344322,
        "mean": 0.416612774134,
        "median": 0.409464120865,
        "min": -2.17218828201,
        "var": 0.446985334158
    },
    "erbbands_spread": {
        "dmean": 8.221534729,
        "dmean2": 12.2551364899,
        "dvar": 87.7965774536,
        "dvar2": 192.985610962,
        "max": 133.446578979,
        "mean": 36.7823905945,
        "median": 32.3991127014,
        "min": 10.42258358,
        "var": 306.756378174
    },
    "hfc": {
        "dmean": 7.58721208572,
        "dmean2": 11.0578899384,
        "dvar": 216.331512451,
        "dvar2": 477.147766113,
        "max": 346.039886475,
        "mean": 27.4078502655,
        "median": 25.4639396667,
        "min": 0.80837225914,
        "var": 446.151824951
    },
    "melbands_crest": {
        "dmean": 3.69066333771,
        "dmean2": 5.98395299911,
        "dvar": 11.8345022202,
        "dvar2": 29.6626548767,
        "max": 33.9893608093,
        "mean": 14.7368068695,
        "median": 13.8713312149,
        "min": 4.89689540863,
        "var": 29.4681453705
    },
    "melbands_flatness_db": {
        "dmean": 0.0305801071227,
        "dmean2": 0.0469023101032,
        "dvar": 0.00102609046735,
        "dvar2": 0.00246074795723,
        "max": 0.476942449808,
        "mean": 0.201042294502,
        "median": 0.188153505325,
        "min": 0.029146162793,
        "var": 0.00444415071979
    },
    "melbands_kurtosis": {
        "dmean": 10.6576147079,
        "dmean2": 17.9162979126,
        "dvar": 935.760620117,
        "dvar2": 2720.12719727,
        "max": 620.244689941,
        "mean": 17.2351970673,
        "median": 6.20356369019,
        "min": -1.55258464813,
        "var": 2429.33325195
    },
    "melbands_skewness": {
        "dmean": 0.892202198505,
        "dmean2": 1.42536664009,
        "dvar": 1.43960952759,
        "dvar2": 3.65163803101,
        "max": 17.9995689392,
        "mean": 2.62063765526,
        "median": 2.0855383873,
        "min": -0.28918248415,
        "var": 4.49002408981
    },
    "melbands_spread": {
        "dmean": 7.11767435074,
        "dmean2": 10.8104028702,
        "dvar": 118.275932312,
        "dvar2": 225.847122192,
        "max": 196.36505127,
        "mean": 22.8748836517,
        "median": 21.0610637665,
        "min": 0.616317868233,
        "var": 287.900054932
    },
    "pitch_salience": {
        "dmean": 0.0747538730502,
        "dmean2": 0.122922763228,
        "dvar": 0.00506861554459,
        "dvar2": 0.0130309779197,
        "max": 0.801095485687,
        "mean": 0.489259570837,
        "median": 0.494718849659,
        "min": 0.0788474604487,
        "var": 0.0121216457337
    },
    "silence_rate_20dB": {
        "dmean": 0,
        "dmean2": 0,
        "dvar": 0,
        "dvar2": 0,
        "max": 1,
        "mean": 1,
        "median": 1,
        "min": 1,
        "var": 0
    },
    "silence_rate_30dB": {
        "dmean": 0.00928792543709,
        "dmean2": 0.018590239808,
        "dvar": 0.00920162070543,
        "dvar2": 0.0259905457497,
        "max": 1,
        "mean": 0.994586229324,
        "median": 1,
        "min": 0,
        "var": 0.00538440980017
    },
    "silence_rate_60dB": {
        "dmean": 0,
        "dmean2": 0,
        "dvar": 0,
        "dvar2": 0,
        "max": 0,
        "mean": 0,
        "median": 0,
        "min": 0,
        "var": 0
    },
    "spectral_centroid": {
        "dmean": 238.908889771,
        "dmean2": 358.927032471,
        "dvar": 73802.515625,
        "dvar2": 146438.640625,
        "max": 4347.36181641,
        "mean": 1330.81616211,
        "median": 1293.83959961,
        "min": 221.876419067,
        "var": 324236.625
    },
    "spectral_complexity": {
        "dmean": 3.11764717102,
        "dmean2": 4.76374912262,
        "dvar": 11.0247926712,
        "dvar2": 21.370256424,
        "max": 50,
        "mean": 21.7904090881,
        "median": 22,
        "min": 2,
        "var": 61.1292724609
    },
    "spectral_decrease": {
        "dmean": 4.29042801287e-09,
        "dmean2": 7.21432469319e-09,
        "dvar": 4.26521356095e-17,
        "dvar2": 1.1482256872e-16,
        "max": -5.01341579362e-10,
        "mean": -1.00177741658e-08,
        "median": -8.93508467215e-09,
        "min": -4.62936711187e-08,
        "var": 4.10286381474e-17
    },
    "spectral_energy": {
        "dmean": 0.0166065152735,
        "dmean2": 0.0278714224696,
        "dvar": 0.000616099336185,
        "dvar2": 0.00165918224957,
        "max": 0.177551776171,
        "mean": 0.040295381099,
        "median": 0.0363349169493,
        "min": 0.00210548681207,
        "var": 0.000609801732935
    },
    "spectral_energyband_high": {
        "dmean": 0.00061740539968,
        "dmean2": 0.000864101573825,
        "dvar": 4.17479532189e-06,
        "dvar2": 9.13738222152e-06,
        "max": 0.0486009940505,
        "mean": 0.00109648087528,
        "median": 0.000388857530197,
        "min": 2.55608665611e-06,
        "var": 6.45164664093e-06
    },
    "spectral_energyband_low": {
        "dmean": 0.013251199387,
        "dmean2": 0.0230071134865,
        "dvar": 0.000632927170955,
        "dvar2": 0.00171439966653,
        "max": 0.158121660352,
        "mean": 0.0173136498779,
        "median": 0.010941920802,
        "min": 2.64204609266e-05,
        "var": 0.000508382334374
    },
    "spectral_energyband_middle_high": {
        "dmean": 0.00177984766196,
        "dmean2": 0.0027449990157,
        "dvar": 4.83643043481e-06,
        "dvar2": 1.22196333905e-05,
        "max": 0.0385435894132,
        "mean": 0.00718856602907,
        "median": 0.00639981543645,
        "min": 3.21859733958e-05,
        "var": 2.76583268715e-05
    },
    "spectral_energyband_middle_low": {
        "dmean": 0.0061501194723,
        "dmean2": 0.00962379947305,
        "dvar": 6.09580165474e-05,
        "dvar2": 0.000148671475472,
        "max": 0.0710761919618,
        "mean": 0.015858033672,
        "median": 0.0133439972997,
        "min": 0.000176430970896,
        "var": 0.000140101954457
    },
    "spectral_entropy": {
        "dmean": 0.162162691355,
        "dmean2": 0.223652616143,
        "dvar": 0.0332032591105,
        "dvar2": 0.0583865866065,
        "max": 8.65941333771,
        "mean": 7.4987206459,
        "median": 7.48536014557,
        "min": 5.78424692154,
        "var": 0.152961224318
    },
    "spectral_flux": {
        "dmean": 0.038670476526,
        "dmean2": 0.0607891604304,
        "dvar": 0.00224507576786,
        "dvar2": 0.00423275120556,
        "max": 0.382143199444,
        "mean": 0.104998938739,
        "median": 0.0891562104225,
        "min": 0.0165860448033,
        "var": 0.00372604769655
    },
    "spectral_kurtosis": {
        "dmean": 1.41481459141,
        "dmean2": 2.2671225071,
        "dvar": 2.35716223717,
        "dvar2": 5.79829406738,
        "max": 24.9735126495,
        "mean": 4.56970691681,
        "median": 4.44453907013,
        "min": -0.968132972717,
        "var": 5.8874502182
    },
    "spectral_rms": {
        "dmean": 0.00118203950115,
        "dmean2": 0.00191909831483,
        "dvar": 2.13816929318e-06,
        "dvar2": 5.51731000087e-06,
        "max": 0.0131613537669,
        "mean": 0.006028435193,
        "median": 0.00595388095826,
        "min": 0.00143322488293,
        "var": 2.97048609355e-06
    },
    "spectral_rolloff": {
        "dmean": 489.963897705,
        "dmean2": 815.944213867,
        "dvar": 822549.1875,
        "dvar2": 1722109.625,
        "max": 10185.2050781,
        "mean": 1297.984375,
        "median": 1055.12695312,
        "min": 64.599609375,
        "var": 1665789.25
    },
    "spectral_skewness": {
        "dmean": 0.214047953486,
        "dmean2": 0.31889462471,
        "dvar": 0.0412862673402,
        "dvar2": 0.0810399204493,
        "max": 3.53172540665,
        "mean": 1.62485671043,
        "median": 1.64070165157,
        "min": 0.142586097121,
        "var": 0.198044404387
    },
    "spectral_spread": {
        "dmean": 689531.1875,
        "dmean2": 964121.875,
        "dvar": 803617243136,
        "dvar2": 1.39497386803e+12,
        "max": 19836782,
        "mean": 4569087,
        "median": 4259539.5,
        "min": 2083672.25,
        "var": 2.07499034624e+12
    },
    "spectral_strongpeak": {
        "dmean": 0.602378189564,
        "dmean2": 1.05062282085,
        "dvar": 0.669429421425,
        "dvar2": 1.65400791168,
        "max": 6.72285509109,
        "mean": 0.983822345734,
        "median": 0.460218459368,
        "min": 0.0354304388165,
        "var": 1.10021960735
    },
    "zerocrossingrate": {
        "dmean": 0.0111953215674,
        "dmean2": 0.0128367664292,
        "dvar": 0.000187394791283,
        "dvar2": 0.000198039429961,
        "max": 0.30810546875,
        "mean": 0.0554601401091,
        "median": 0.05029296875,
        "min": 0.00439453125,
        "var": 0.00100743432995
    },
    "barkbands": {
        "dmean": [0.000508447934408, 0.00979342218488, 0.00341485161334, 0.00203991285525, 0.00165327196009, 0.00121879554354, 0.00135587586556, 0.00205579400063, 0.000872047850862, 0.000812953221612, 0.000555372447707, 0.000324526452459, 0.00042494002264, 0.000470229715575, 0.000341106206179, 0.0002051867923, 0.000225126306759, 0.00014766798995, 0.000139778421726, 0.000183820870006, 0.00011642309255, 0.000170077255461, 0.00010122499225, 9.76206574705e-05, 9.79438700597e-05, 6.47584020044e-05, 5.62736124365e-09],
        "dmean2": [0.000768611673266, 0.0168927684426, 0.00626940606162, 0.00364039675333, 0.00270254909992, 0.00192604283802, 0.0020444097463, 0.00310596474446, 0.00127130746841, 0.00123657472432, 0.000816950225271, 0.000498466368299, 0.000670622335747, 0.000744475226384, 0.000562661211006, 0.000352490489604, 0.000364010309568, 0.000226814692724, 0.000216935266508, 0.000284685986117, 0.000165511170053, 0.000253281847108, 0.000143182624015, 0.000142544929986, 0.000142059012433, 9.9573735497e-05, 8.98807517302e-09],
        "dvar": [7.59090369229e-07, 0.000328872789396, 6.21564249741e-05, 2.45505761995e-05, 7.65430922911e-06, 5.98172800892e-06, 6.02562886343e-06, 1.5511559468e-05, 2.98115992337e-06, 2.62709431809e-06, 1.10242467599e-06, 3.35388023132e-07, 4.00335267159e-07, 5.43737314729e-07, 2.71995816092e-07, 1.28114010067e-07, 8.45186889364e-08, 2.97704225716e-08, 5.14972349208e-08, 1.78496051717e-07, 1.64757565813e-07, 5.47986303445e-07, 9.78690763986e-08, 1.47203550682e-07, 8.5192517929e-08, 2.16680575704e-08, 3.36999173142e-15],
        "dvar2": [1.66511028965e-06, 0.000881176034454, 0.000179050039151, 6.62516613374e-05, 1.85285225598e-05, 1.2999228602e-05, 1.32292907438e-05, 3.34977848979e-05, 6.25412531008e-06, 6.59910438117e-06, 2.45038768298e-06, 8.2330694795e-07, 9.26374070787e-07, 1.34075412461e-06, 7.29490125195e-07, 3.66719206113e-07, 2.07489932791e-07, 7.01570428419e-08, 1.10909915918e-07, 3.83833707929e-07, 3.61059449006e-07, 1.28090835005e-06, 1.98983698851e-07, 2.91173307687e-07, 1.64865866736e-07, 5.16490814562e-08, 3.96422430743e-15],
        "max": [0.00744419684634, 0.113851815462, 0.0583529807627, 0.0502487979829, 0.0339500233531, 0.0416541174054, 0.0320762693882, 0.052573736757, 0.0367322303355, 0.0258986707777, 0.0172790717334, 0.00881662964821, 0.00976093113422, 0.00972051080316, 0.00585549231619, 0.00591742200777, 0.00362833286636, 0.00267822737806, 0.00417887559161, 0.00877531431615, 0.0081963185221, 0.0166042931378, 0.00673896353692, 0.00723977247253, 0.00605743471533, 0.00145708408672, 1.91216258827e-06],
        "mean": [0.000597038248088, 0.0117281293496, 0.00415328145027, 0.00165482144803, 0.00298650027253, 0.00210408191197, 0.00233308691531, 0.00399006297812, 0.00213039759547, 0.00169018597808, 0.00109153846279, 0.000567415961996, 0.000845572620165, 0.000869321171194, 0.000612667005043, 0.000404873426305, 0.000462856842205, 0.000404014019296, 0.000303213106235, 0.000416179915192, 0.000196848472115, 0.000235992876696, 0.000167289326782, 0.000155308705871, 0.000132382381707, 6.23396117589e-05, 4.33104707653e-09],
        "median": [0.000156057183631, 0.00651043374091, 0.00218445062637, 0.000364610546967, 0.00174133921973, 0.000950590765569, 0.000850889016874, 0.00123558216728, 0.000868922797963, 0.000748973339796, 0.000407752522733, 0.000265278096776, 0.000412477995269, 0.000425243168138, 0.000360734731657, 0.000244301772909, 0.000340115948347, 0.000252569065196, 0.000215209191083, 0.000202849550988, 5.41605695616e-05, 4.18797317252e-05, 5.13014456374e-05, 5.84325098316e-05, 4.31705775554e-05, 7.77327932155e-06, 6.07316863466e-10],
        "min": [7.68230634662e-08, 3.1744170883e-06, 3.93582286051e-06, 7.39011056794e-07, 1.753782999e-05, 3.04282343677e-06, 6.26839118922e-06, 1.84911800716e-06, 1.24029998005e-06, 2.04178468266e-06, 8.33042804516e-07, 2.30085461794e-07, 2.18036205979e-07, 7.53403867293e-07, 1.69734119027e-06, 9.74687054622e-07, 2.65650464826e-06, 1.78711150056e-06, 1.11734379971e-06, 9.17298621061e-07, 2.39617463649e-07, 4.23381237624e-07, 1.72816285726e-07, 8.84854287619e-08, 1.11411846415e-09, 2.96876204176e-11, 1.0292004228e-11],
        "var": [1.06934601263e-06, 0.000290363910608, 3.94626076741e-05, 1.78829068318e-05, 1.45463582157e-05, 1.29419868244e-05, 1.33039366119e-05, 4.35371293861e-05, 1.14027552627e-05, 6.16377883489e-06, 3.50159348272e-06, 7.44769465655e-07, 1.40122597259e-06, 1.34182062084e-06, 5.57837438464e-07, 2.5995592523e-07, 1.96589169832e-07, 1.90571256553e-07, 1.32352184323e-07, 4.65314030862e-07, 3.38200294436e-07, 7.49059154259e-07, 1.6474488973e-07, 2.25678661536e-07, 1.38895188684e-07, 2.26298269013e-08, 3.22889997109e-15]
    },
    "erbbands": {
        "dmean": [0.281936556101, 2.30017399788, 4.4330201149, 5.2481174469, 5.46885824203, 6.02306556702, 8.22518253326, 9.28782558441, 17.0418777466, 37.4280509949, 33.774017334, 21.5805435181, 20.0475997925, 20.2060260773, 21.4034557343, 13.5704698563, 18.96717453, 22.0066661835, 16.3043041229, 21.1721382141, 8.63236999512, 11.5019168854, 8.28723812103, 6.25835800171, 8.22916221619, 8.914270401, 4.47809839249, 5.3673620224, 6.56117725372, 4.14543390274, 2.82738924026, 2.25440502167, 1.58185994625, 1.1767847538, 0.690309524536, 0.435851544142, 0.0850950628519, 0.00521653331816, 0.000116553033877, 2.38500597334e-05],
        "dmean2": [0.467885524035, 4.14095973969, 8.15155506134, 9.4303817749, 9.52633094788, 9.72386169434, 13.0069799423, 14.5726528168, 25.5483150482, 57.6379623413, 48.147026062, 31.5972270966, 29.1809368134, 31.1904773712, 31.714225769, 20.8400001526, 29.6523170471, 34.152217865, 26.7624931335, 35.4239959717, 14.6168518066, 18.45454216, 12.8770647049, 9.48177719116, 12.1541080475, 13.4404020309, 6.42380094528, 7.788813591, 10.0000886917, 6.26025390625, 3.94259047508, 3.31959795952, 2.32800936699, 1.68612837791, 1.0347442627, 0.680507183075, 0.131753325462, 0.00825030263513, 0.000178650516318, 3.82672369597e-05],
        "dvar": [0.244419127703, 21.1699295044, 101.060501099, 121.955238342, 141.275222778, 116.999725342, 322.218933105, 387.369293213, 1318.44812012, 5506.77539062, 4768.08349609, 2042.06176758, 1226.47216797, 2281.6652832, 1618.22741699, 569.440429688, 759.692077637, 1248.15307617, 674.24987793, 1235.48486328, 141.541351318, 279.84487915, 100.838127136, 63.9282608032, 222.778656006, 426.163513184, 151.915374756, 532.077026367, 820.77532959, 229.410461426, 81.8826446533, 55.731048584, 48.2299308777, 24.157409668, 2.40285611153, 1.22833883762, 0.024767594412, 9.12139657885e-05, 4.2810988532e-08, 1.06109876441e-09],
        "dvar2": [0.568768680096, 59.9449691772, 292.479797363, 331.456878662, 382.474975586, 268.871368408, 689.269104004, 836.799072266, 2636.76928711, 13022.0820312, 9650.69335938, 4624.67773438, 2295.56542969, 6527.21240234, 3753.36328125, 1382.19897461, 1776.64624023, 2924.50976562, 1791.22070312, 3365.79345703, 396.020050049, 675.868591309, 241.686767578, 145.226913452, 423.282440186, 882.344665527, 326.097595215, 1188.12780762, 1940.5904541, 547.329956055, 160.032318115, 110.185844421, 97.0825424194, 47.8798866272, 5.13219547272, 3.01211452484, 0.0546837002039, 0.000206539509236, 9.60075610124e-08, 2.70061617513e-09],
        "max": [3.45069646835, 29.0139160156, 72.5424804688, 93.5603713989, 129.500640869, 153.05569458, 271.41897583, 366.487731934, 624.175048828, 868.830200195, 1020.23931885, 1130.55786133, 874.006469727, 933.79486084, 789.254333496, 378.644592285, 480.100036621, 563.332519531, 276.163909912, 514.039794922, 187.775848389, 251.934906006, 181.162979126, 124.620727539, 304.246704102, 456.521911621, 282.687652588, 496.321960449, 626.614746094, 346.227416992, 194.115692139, 131.580001831, 136.435974121, 101.269096375, 26.2775917053, 11.5134124756, 1.36868953705, 0.130411073565, 0.00261850515381, 0.000320242252201],
        "mean": [0.332116633654, 2.5864751339, 5.51119852066, 4.94258213043, 6.35826396942, 10.8371047974, 14.3466672897, 17.1946773529, 30.2540569305, 68.2785491943, 69.59349823, 56.2581863403, 49.8980903625, 40.6323547363, 44.4873352051, 25.9563961029, 40.6193161011, 42.6985473633, 32.7784690857, 37.3372383118, 20.3237285614, 24.8230457306, 23.9575881958, 16.3273887634, 18.4731082916, 20.4985599518, 8.88453006744, 8.03959941864, 8.74596214294, 6.32556295395, 4.64945459366, 3.58333563805, 2.37805986404, 1.69227969646, 0.820568323135, 0.420881599188, 0.0829181522131, 0.00507519813254, 0.000135747162858, 5.57009334443e-05],
        "median": [0.135929107666, 1.45286417007, 3.7106628418, 1.86206114292, 2.28471565247, 5.79140233994, 7.47006797791, 7.83357810974, 11.6844453812, 21.9519252777, 27.698677063, 25.137512207, 23.179189682, 18.7309684753, 19.9904174805, 15.4556798935, 21.51329422, 24.8067817688, 20.1857509613, 20.9119625092, 15.2205963135, 18.4408779144, 16.3914699554, 12.9496507645, 11.0644836426, 10.0060720444, 3.57337999344, 1.72220802307, 1.35032463074, 1.85608494282, 1.3564440012, 1.20700752735, 0.882478713989, 0.592956066132, 0.220887213945, 0.0564030148089, 0.0104904556647, 0.000738106784411, 4.01347060688e-05, 4.7622830607e-05],
        "min": [0.000261973153101, 0.000875696598087, 0.00653012376279, 0.0141874756664, 0.0564023479819, 0.0845904350281, 0.0251448899508, 0.13770724833, 0.0853026136756, 0.116549678147, 0.0428148545325, 0.032909847796, 0.0517624169588, 0.0494534596801, 0.0392991006374, 0.0255918651819, 0.0317788682878, 0.0429839864373, 0.0612951926887, 0.0961311459541, 0.097100622952, 0.180013716221, 0.131976738572, 0.124412633479, 0.0663605034351, 0.0385712943971, 0.0259276684374, 0.00942424498498, 0.0149658778682, 0.00826064124703, 0.00588665995747, 0.00408713007346, 0.000853850797284, 0.000157232381753, 1.67560756381e-05, 8.78946957528e-06, 5.1030801842e-06, 6.94577011018e-07, 1.24069913454e-06, 2.57809233517e-06],
        "var": [0.27612003684, 15.3945569992, 62.6541061401, 87.2449645996, 134.320999146, 280.151184082, 591.296142578, 928.679016113, 2993.1574707, 13351.8310547, 13382.9345703, 7534.58447266, 5153.35791016, 4745.66992188, 4778.69677734, 1157.14208984, 3033.23608398, 2851.16088867, 1597.33642578, 2564.66845703, 369.630096436, 657.547241211, 693.90802002, 207.629440308, 700.388183594, 1153.79187012, 389.843353271, 843.264221191, 1068.2520752, 326.319763184, 138.789474487, 90.4276580811, 69.8822860718, 35.8319625854, 3.58143234253, 1.20922780037, 0.0291971173137, 0.0001041984724, 5.20728171693e-08, 1.26748045393e-09]
    },
    "gfcc": {
        "mean": [31.3089408875, 99.5476150513, -119.320098877, 34.1407165527, -58.7255058289, 22.2138690948, -37.6392707825, 22.4308815002, -18.4404888153, 5.88100910187, -10.1398639679, -3.90146994591, -9.45103359222],
        "cov": [[2273.86425781, -750.488464355, -214.269393921, -265.762176514, -180.769500732, 74.4330596924, -82.6176681519, 36.5956230164, -240.033355713, 186.406799316, -209.487258911, 73.6152038574, -227.810134888], [-750.488464355, 905.811218262, -200.961608887, -62.3051109314, 145.308563232, -68.8085021973, 111.769699097, 3.28147482872, 162.811477661, -133.45765686, 232.414382935, -131.236495972, 136.039459229], [-214.269393921, -200.961608887, 794.978759766, 140.448730469, 134.788925171, 19.0452537537, -63.6084327698, 21.4945602417, -40.6040534973, 68.0220489502, -181.138549805, 160.772735596, -72.3130340576], [-265.762176514, -62.3051109314, 140.448730469, 375.178863525, 35.5107498169, 47.2717056274, 0.989181280136, -39.8709869385, 61.3879165649, -16.9441680908, 11.8726415634, 7.3316988945, 67.7863693237], [-180.769500732, 145.308563232, 134.788925171, 35.5107498169, 236.725570679, 48.4838142395, 81.4270095825, 44.2051696777, 11.3104639053, 23.6662254333, 9.71291828156, 24.6941204071, 8.75907325745], [74.4330596924, -68.8085021973, 19.0452537537, 47.2717056274, 48.4838142395, 163.477050781, 19.8309078217, 27.5927829742, 16.9687747955, 10.0874481201, 6.01541662216, 6.74475812912, 21.455871582], [-82.6176681519, 111.769699097, -63.6084327698, 0.989181280136, 81.4270095825, 19.8309078217, 236.354034424, 55.3326301575, -19.9093341827, -16.0517253876, 28.4601306915, -28.4173908234, -16.3937187195], [36.5956230164, 3.28147482872, 21.4945602417, -39.8709869385, 44.2051696777, 27.5927829742, 55.3326301575, 126.273513794, 17.0750961304, 15.5458927155, 14.6999368668, 5.60406303406, -2.41820883751], [-240.033355713, 162.811477661, -40.6040534973, 61.3879165649, 11.3104639053, 16.9687747955, -19.9093341827, 17.0750961304, 151.467590332, -3.19594430923, 83.5769042969, -19.2841930389, 70.3642120361], [186.406799316, -133.45765686, 68.0220489502, -16.9441680908, 23.6662254333, 10.0874481201, -16.0517253876, 15.5458927155, -3.19594430923, 120.861816406, -13.9008922577, 45.0450515747, -26.2128334045], [-209.487258911, 232.414382935, -181.138549805, 11.8726415634, 9.71291828156, 6.01541662216, 28.4601306915, 14.6999368668, 83.5769042969, -13.9008922577, 164.206588745, -46.525100708, 72.224822998], [73.6152038574, -131.236495972, 160.772735596, 7.3316988945, 24.6941204071, 6.74475812912, -28.4173908234, 5.60406303406, -19.2841930389, 45.0450515747, -46.525100708, 118.182601929, -10.0399837494], [-227.810134888, 136.039459229, -72.3130340576, 67.7863693237, 8.75907325745, 21.455871582, -16.3937187195, -2.41820883751, 70.3642120361, -26.2128334045, 72.224822998, -10.0399837494, 119.254257202]],
        "icov": [[0.00110804289579, -0.000268282281468, 0.0010900561465, -0.000262176559772, 0.00065726734465, -0.00102135248017, 0.000709779735189, -0.000936908705626, 0.00109919614624, -0.0016493012663, 0.00135694164783, -0.000845446018502, 0.00154271081556], [-0.000268282281468, 0.00613405322656, -0.00192285934463, 0.00359669188038, -0.00443498091772, 0.00350872217678, -0.00213112984784, 0.00341191701591, -0.00413285894319, 0.00554617540911, -0.00587210385129, 0.00400947127491, -0.00369810662232], [0.0010900561465, -0.00192285934463, 0.0045359400101, -0.00253637437709, 0.000147572762216, -0.00146462174598, 0.00228959252127, -0.00276152277365, 0.00146160379518, -0.00282811722718, 0.0052275932394, -0.00438240123913, 0.00396044645458], [-0.000262176559772, 0.00359669188038, -0.00253637437709, 0.00620071869344, -0.00228268932551, 0.00117235886864, -0.00240482273512, 0.0042057428509, -0.00369286118075, 0.00346541125327, -0.0033993399702, 0.00319563737139, -0.00468649622053], [0.00065726734465, -0.00443498091772, 0.000147572762216, -0.00228268932551, 0.00985328759998, -0.00411544600502, -0.000685482285917, -0.00308294524439, 0.00342629593797, -0.00555017916486, 0.00347109604627, -0.00302824703977, 0.00196299818344], [-0.00102135248017, 0.00350872217678, -0.00146462174598, 0.00117235886864, -0.00411544600502, 0.00981071218848, -0.00163385947235, 0.000993496505544, -0.00312458630651, 0.00367112434469, -0.00333805801347, 0.00272596022114, -0.00427375826985], [0.000709779735189, -0.00213112984784, 0.00228959252127, -0.00240482273512, -0.000685482285917, -0.00163385947235, 0.00769119989127, -0.00442060502246, 0.00372071447782, -0.0015058843419, 0.00148318696301, -0.00134704238735, 0.00431620655581], [-0.000936908705626, 0.00341191701591, -0.00276152277365, 0.0042057428509, -0.00308294524439, 0.000993496505544, -0.00442060502246, 0.0133459093049, -0.00508156325668, 0.00321420794353, -0.00459378119558, 0.00261431396939, -0.00332937319763], [0.00109919614624, -0.00413285894319, 0.00146160379518, -0.00369286118075, 0.00342629593797, -0.00312458630651, 0.00372071447782, -0.00508156325668, 0.0155188720673, -0.00584029499441, 1.71258398041e-05, -0.00167645944748, -7.32574771973e-05], [-0.0016493012663, 0.00554617540911, -0.00282811722718, 0.00346541125327, -0.00555017916486, 0.00367112434469, -0.0015058843419, 0.00321420794353, -0.00584029499441, 0.0177156943828, -0.00801764149219, 0.00027889496414, -0.00133757654112], [0.00135694164783, -0.00587210385129, 0.0052275932394, -0.0033993399702, 0.00347109604627, -0.00333805801347, 0.00148318696301, -0.00459378119558, 1.71258398041e-05, -0.00801764149219, 0.0204736907035, -0.00307269301265, 0.00041851750575], [-0.000845446018502, 0.00400947127491, -0.00438240123913, 0.00319563737139, -0.00302824703977, 0.00272596022114, -0.00134704238735, 0.00261431396939, -0.00167645944748, 0.00027889496414, -0.00307269301265, 0.0170733500272, -0.00671408232301], [0.00154271081556, -0.00369810662232, 0.00396044645458, -0.00468649622053, 0.00196299818344, -0.00427375826985, 0.00431620655581, -0.00332937319763, -7.32574771973e-05, -0.00133757654112, 0.00041851750575, -0.00671408232301, 0.0206975676119]]
    },
    "melbands": {
        "dmean": [0.00260024983436, 0.00261169415899, 0.000935959396884, 0.000370539870346, 0.000284222682239, 0.000224354647798, 0.000255783612374, 0.000434793008026, 0.000247185991611, 0.000126548533444, 0.000102377525764, 8.83468601387e-05, 8.22161600809e-05, 3.82408979931e-05, 4.29267347499e-05, 4.08258019888e-05, 4.55607660115e-05, 3.01491672872e-05, 2.07597568078e-05, 2.64811187662e-05, 9.1763195087e-06, 1.3508196389e-05, 1.05544713733e-05, 8.12674625195e-06, 5.29213502887e-06, 5.94693983658e-06, 7.40171208236e-06, 5.78026038056e-06, 2.94021901937e-06, 2.81229108623e-06, 3.41551958627e-06, 4.0347176764e-06, 3.27334578287e-06, 2.09549580177e-06, 1.58229488534e-06, 1.8789198748e-06, 1.22349001686e-06, 1.10731298264e-06, 1.21476352888e-06, 9.57664838097e-07],
        "dmean2": [0.0043436945416, 0.004746242892, 0.00166569114663, 0.00062226789305, 0.000445585406851, 0.000353510695277, 0.000386810133932, 0.000669283967, 0.000348154688254, 0.000184148273547, 0.000150007748744, 0.000136057744385, 0.000120114658785, 5.88722468819e-05, 6.77183488733e-05, 6.36199911241e-05, 7.11640022928e-05, 4.94437445013e-05, 3.44818799931e-05, 4.47307975264e-05, 1.53628698172e-05, 2.17653960135e-05, 1.6856858565e-05, 1.27016282931e-05, 8.20334116725e-06, 9.35525531531e-06, 1.15364809972e-05, 9.09376103664e-06, 4.41423435404e-06, 4.1216644604e-06, 5.08726225235e-06, 6.13854990661e-06, 4.95125732414e-06, 3.21096445077e-06, 2.31904823522e-06, 2.72912370747e-06, 1.82572500762e-06, 1.65129029028e-06, 1.76441528765e-06, 1.39654844133e-06],
        "dvar": [2.11120332096e-05, 3.19379869325e-05, 3.84489749194e-06, 4.67061738618e-07, 2.9093959597e-07, 2.30787051692e-07, 2.60343938407e-07, 7.25704353499e-07, 2.43961352453e-07, 7.25237185861e-08, 3.27545137679e-08, 4.52594086653e-08, 2.27793570673e-08, 4.8705577349e-09, 4.57986404356e-09, 4.29832258675e-09, 5.42366374034e-09, 2.61830512827e-09, 1.03433761556e-09, 1.85451476398e-09, 1.53183590812e-10, 4.14860035214e-10, 1.86587703621e-10, 1.00183930596e-10, 4.6078502125e-11, 1.23270463281e-10, 2.59969906713e-10, 2.1391523275e-10, 5.59897336827e-11, 9.75026864802e-11, 2.29448321454e-10, 2.87913914931e-10, 2.1000406969e-10, 4.60473985331e-11, 2.82067529056e-11, 2.79263469988e-11, 1.95283234028e-11, 2.02271203259e-11, 2.81864358243e-11, 1.44556320039e-11],
        "dvar2": [5.38261920155e-05, 9.22642211663e-05, 1.04648561319e-05, 1.20144898119e-06, 5.98027554588e-07, 4.74548585316e-07, 5.23318135492e-07, 1.69484837897e-06, 4.96201494116e-07, 1.58077924084e-07, 6.16038846601e-08, 1.29247524683e-07, 5.04152914971e-08, 1.27943984296e-08, 1.03410453534e-08, 1.01076649273e-08, 1.27173098718e-08, 6.85332857131e-09, 2.8035940236e-09, 5.16487697055e-09, 4.10648515192e-10, 1.00783303925e-09, 4.97353935813e-10, 2.38771974415e-10, 1.08029363233e-10, 2.78221973238e-10, 5.5322796344e-10, 4.83216022751e-10, 1.25166252363e-10, 2.11841447162e-10, 5.1812842905e-10, 6.80635547923e-10, 5.11109321533e-10, 1.10025107081e-10, 5.76794723095e-11, 5.41810867005e-11, 4.09339437346e-11, 4.10790186589e-11, 5.59605521644e-11, 2.92111786149e-11],
        "max": [0.0312647372484, 0.0377827808261, 0.0172043815255, 0.00940148625523, 0.0076466454193, 0.00961810909212, 0.00835790578276, 0.0108876638114, 0.00728518888354, 0.00690347375348, 0.00444255769253, 0.00409003999084, 0.002494975226, 0.0011789961718, 0.000996799906716, 0.000999056268483, 0.00126010144595, 0.000645067717414, 0.000409247586504, 0.000545695016626, 0.000163817268913, 0.000295156845823, 0.000190966937225, 0.000178065674845, 0.000100305223896, 0.000228006509133, 0.000317518366501, 0.000296640355373, 0.000168310434674, 0.000223641094635, 0.000306445232127, 0.00035248871427, 0.000325125613017, 0.000148520673974, 0.000118672745884, 9.18285659282e-05, 8.4124490968e-05, 8.53117890074e-05, 0.000112125388114, 7.28579179849e-05],
        "mean": [0.00310587789863, 0.00316820899025, 0.000921545550227, 0.000593273027334, 0.000531078956556, 0.000412507622968, 0.000452901498647, 0.000819716660772, 0.000537883315701, 0.000313705997542, 0.000245482515311, 0.000166772530065, 0.000163431206602, 7.20358002582e-05, 7.69978942117e-05, 8.39310814627e-05, 8.13304650364e-05, 5.73109791731e-05, 3.74472219846e-05, 4.72299143439e-05, 1.96965793293e-05, 2.66836341325e-05, 2.21461014007e-05, 2.11598980968e-05, 1.19245833048e-05, 1.16930814329e-05, 1.6372943719e-05, 1.24509660964e-05, 5.70614156459e-06, 4.37022208644e-06, 4.72800229545e-06, 5.1040847211e-06, 4.27864551966e-06, 3.19871310239e-06, 2.56127714238e-06, 2.75763113677e-06, 1.89918785054e-06, 1.58963712238e-06, 1.6818887616e-06, 1.34191054713e-06],
        "median": [0.00158779951744, 0.00225790403783, 0.000393191847252, 0.000314724631608, 0.000285896327114, 0.000179095513886, 0.000174711065483, 0.00026274198899, 0.000220262532821, 0.000139389536344, 0.000104396465758, 6.84475307935e-05, 6.62351158098e-05, 3.29408358084e-05, 4.45435107395e-05, 3.79163902835e-05, 4.2334671889e-05, 2.85744881694e-05, 2.25810781558e-05, 2.35223524214e-05, 1.33621879286e-05, 1.79751368705e-05, 1.66798654391e-05, 1.25465703604e-05, 9.0345956778e-06, 7.37417349228e-06, 7.51424204282e-06, 5.82776556257e-06, 2.13980979424e-06, 1.02464684915e-06, 9.50769162955e-07, 7.1812570468e-07, 8.20746777208e-07, 1.096822416e-06, 7.72032365148e-07, 7.46904277094e-07, 6.96318238624e-07, 5.99818690716e-07, 6.00373141424e-07, 4.49982337614e-07],
        "min": [2.21918026e-06, 3.75743888981e-06, 1.93147729988e-06, 4.65537596028e-06, 4.25879846944e-07, 8.53301969528e-07, 1.21884909277e-06, 1.04575417481e-06, 2.8204743785e-07, 1.93068927956e-07, 2.49763786542e-07, 2.050100818e-07, 1.17100171337e-07, 3.65891814624e-08, 4.23325161591e-08, 2.59477257458e-08, 7.55496856186e-08, 8.11175695503e-08, 1.24211680941e-07, 1.03237603355e-07, 8.7184012898e-08, 1.9287961095e-07, 1.64611989817e-07, 7.63467085108e-08, 7.54480140586e-08, 3.17606314582e-08, 3.75070392522e-08, 1.66424172221e-08, 1.87552426922e-08, 5.10492759176e-09, 5.28518828702e-09, 2.38155695165e-09, 7.28746263334e-09, 2.40234787618e-09, 1.14986098421e-09, 3.91372090291e-09, 2.49597342794e-10, 2.39723768614e-10, 2.80712329466e-13, 4.76964171284e-13],
