{
"highlevel": {
    "danceability": {
        "all": {
            "danceable": 0.315328121185,
            "not_danceable": 0.684671878815
        },
        "probability": 0.684671878815,
        "value": "not_danceable"
    },
    "gender": {
        "all": {
            "female": 0.0539438873529,
            "male": 0.946056127548
        },
        "probability": 0.946056127548,
        "value": "male"
    },
    "genre_dortmund": {
        "all": {
            "alternative": 0.0508045703173,
            "blues": 0.0580465309322,
            "electronic": 0.0299754980952,
            "folkcountry": 0.205383166671,
            "funksoulrnb": 0.0588270537555,
            "jazz": 0.491738766432,
            "pop": 0.0522655472159,
            "raphiphop": 0.00432113697752,
            "rock": 0.0486377179623
        },
        "probability": 0.491738766432,
        "value": "jazz"
    },
    "genre_electronic": {
        "all": {
            "ambient": 0.766422569752,
            "dnb": 0.0415361970663,
            "house": 0.146860599518,
            "techno": 0.00663296459243,
            "trance": 0.0385476462543
        },
        "probability": 0.766422569752,
        "value": "ambient"
    },
    "genre_rosamerica": {
        "all": {
            "cla": 0.0116789136082,
            "dan": 0.00920234527439,
            "hip": 0.0176894031465,
            "jaz": 0.0564952455461,
            "pop": 0.413799405098,
            "rhy": 0.425436526537,
            "roc": 0.0486984811723,
            "spe": 0.0169996935874
        },
        "probability": 0.425436526537,
        "value": "rhy"
    },
    "genre_tzanetakis": {
        "all": {
            "blu": 0.0626613423228,
            "cla": 0.0348169617355,
            "cou": 0.104475811124,
            "dis": 0.0784321576357,
            "hip": 0.15692435205,
            "jaz": 0.313974827528,
            "met": 0.0448166541755,
            "pop": 0.0627359300852,
            "reg": 0.0627360641956,
            "roc": 0.0784258767962
        },
        "probability": 0.313974827528,
        "value": "jaz"
    },
    "ismir04_rhythm": {
        "all": {
            "ChaChaCha": 0.187971964478,
            "Jive": 0.0319875590503,
            "Quickstep": 0.0469401404262,
            "Rumba-American": 0.0154067510739,
            "Rumba-International": 0.449206858873,
            "Rumba-Misc": 0.0334227047861,
            "Samba": 0.0510491281748,
            "Tango": 0.0422215722501,
            "VienneseWaltz": 0.130197972059,
            "Waltz": 0.0115953320637
        },
        "probability": 0.449206858873,
        "value": "Rumba-International"
    },
    "mood_acoustic": {
        "all": {
            "acoustic": 0.819272458553,
            "not_acoustic": 0.180727556348
        },
        "probability": 0.819272458553,
        "value": "acoustic"
    },
    "mood_aggressive": {
        "all": {
            "aggressive": 0.00443939771503,
            "not_aggressive": 0.995560586452
        },
        "probability": 0.995560586452,
        "value": "not_aggressive"
    },
    "mood_electronic": {
        "all": {
            "electronic": 0.418462306261,
            "not_electronic": 0.581537723541
        },
        "probability": 0.581537723541,
        "value": "not_electronic"
    },
    "mood_happy": {
        "all": {
            "happy": 0.840325832367,
            "not_happy": 0.159674167633
        },
        "probability": 0.840325832367,
        "value": "happy"
    },
    "mood_party": {
        "all": {
            "not_party": 0.90844720602,
            "party": 0.0915527939796
        },
        "probability": 0.90844720602,
        "value": "not_party"
    },
    "mood_relaxed": {
        "all": {
            "not_relaxed": 0.542753040791,
            "relaxed": 0.457246989012
        },
        "probability": 0.542753040791,
        "value": "not_relaxed"
    },
    "mood_sad": {
        "all": {
            "not_sad": 0.143297821283,
            "sad": 0.856702208519
        },
        "probability": 0.856702208519,
        "value": "sad"
    },
    "moods_mirex": {
        "all": {
            "Cluster1": 0.198365941644,
            "Cluster2": 0.319338411093,
            "Cluster3": 0.386612892151,
            "Cluster4": 0.0649082809687,
            "Cluster5": 0.030774468556
        },
        "probability": 0.386612892151,
        "value": "Cluster3"
    },
    "timbre": {
        "all": {
            "bright": 0.762227118015,
            "dark": 0.237772867084
        },
        "probability": 0.762227118015,
        "value": "bright"
    },
    "tonal_atonal": {
        "all": {
            "atonal": 0.0320463590324,
            "tonal": 0.967953622341
        },
        "probability": 0.967953622341,
        "value": "tonal"
    },
    "voice_instrumental": {
        "all": {
            "instrumental": 0.0760413333774,
            "voice": 0.923958659172
        },
        "probability": 0.923958659172,
        "value": "voice"
    }
},
"lowlevel": {
    "average_loudness": 0.970923542976,
    "barkbands_crest": {
        "dmean": 2.75385355949,
        "dmean2": 4.6749458313,
        "dvar": 7.72570371628,
        "dvar2": 20.2188720703,
        "max": 24.9063186646,
        "mean": 10.1766319275,
        "median": 9.34454154968,
        "min": 3.29274177551,
        "var": 14.6925516129
    },
    "barkbands_flatness_db": {
        "dmean": 0.024977164343,
        "dmean2": 0.0381725542247,
        "dvar": 0.000650853617117,
        "dvar2": 0.00145497824997,
        "max": 0.363138645887,
        "mean": 0.205033183098,
        "median": 0.19986666739,
        "min": 0.0659896954894,
        "var": 0.00324252992868
    },
    "barkbands_kurtosis": {
        "dmean": 5.4222035408,
        "dmean2": 8.85296821594,
        "dvar": 120.639572144,
        "dvar2": 332.351531982,
        "max": 168.4815979,
        "mean": 9.91368961334,
        "median": 6.37102031708,
        "min": -1.55202353001,
        "var": 159.901031494
    },
    "barkbands_skewness": {
        "dmean": 0.618821680546,
        "dmean2": 0.964283227921,
        "dvar": 0.6391903162,
        "dvar2": 1.58702075481,
        "max": 10.7419471741,
        "mean": 2.09275650978,
        "median": 1.84339261055,
        "min": -0.339077800512,
        "var": 1.73908162117
    },
    "barkbands_spread": {
        "dmean": 3.90871214867,
        "dmean2": 5.78577184677,
        "dvar": 29.6426029205,
        "dvar2": 58.8533477783,
        "max": 83.5953216553,
        "mean": 12.4899606705,
        "median": 9.45646476746,
        "min": 1.27721440792,
        "var": 98.4743728638
    },
    "dissonance": {
        "dmean": 0.0325477421284,
        "dmean2": 0.0540615767241,
        "dvar": 0.000866225280333,
        "dvar2": 0.00236561731435,
        "max": 0.500000059605,
        "mean": 0.431224197149,
        "median": 0.440718770027,
        "min": 0.234223470092,
        "var": 0.00208400655538
    },
    "dynamic_complexity": 2.07498407364,
    "erbbands_crest": {
        "dmean": 2.54348754883,
        "dmean2": 4.11743164062,
        "dvar": 5.06524133682,
        "dvar2": 12.6174068451,
        "max": 27.2824726105,
        "mean": 9.73161506653,
        "median": 9.33308029175,
        "min": 3.16307353973,
        "var": 11.2101564407
    },
    "erbbands_flatness_db": {
        "dmean": 0.0197132583708,
        "dmean2": 0.0282441787422,
        "dvar": 0.000405990664149,
        "dvar2": 0.00069943559356,
        "max": 0.333977550268,
        "mean": 0.178220063448,
        "median": 0.178160652518,
        "min": 0.0829734653234,
        "var": 0.00178164395038
    },
    "erbbands_kurtosis": {
        "dmean": 1.73897004128,
        "dmean2": 2.71237540245,
        "dvar": 3.93511223793,
        "dvar2": 8.86560821533,
        "max": 22.1648597717,
        "mean": 2.92420625687,
        "median": 2.37937879562,
        "min": -1.78298103809,
        "var": 12.3586521149
    },
    "erbbands_skewness": {
        "dmean": 0.440991044044,
        "dmean2": 0.670067369938,
        "dvar": 0.185999616981,
        "dvar2": 0.442873418331,
        "max": 4.22067260742,
        "mean": 1.23517537117,
        "median": 1.25710892677,
        "min": -1.88066673279,
        "var": 0.675348103046
    },
    "erbbands_spread": {
        "dmean": 9.75215148926,
        "dmean2": 14.4901103973,
        "dvar": 164.111068726,
        "dvar2": 321.4894104,
        "max": 142.395858765,
        "mean": 34.1320648193,
        "median": 27.7000007629,
        "min": 5.31107234955,
        "var": 505.003540039
    },
    "hfc": {
        "dmean": 6.36270284653,
        "dmean2": 9.35007381439,
        "dvar": 118.308990479,
        "dvar2": 261.670806885,
        "max": 114.903450012,
        "mean": 17.7027664185,
        "median": 12.0608491898,
        "min": 0.34843853116,
        "var": 287.37677002
    },
    "melbands_crest": {
        "dmean": 2.72845673561,
        "dmean2": 4.48204994202,
        "dvar": 7.59226083755,
        "dvar2": 18.7058181763,
        "max": 29.7785987854,
        "mean": 12.1557426453,
        "median": 11.121635437,
        "min": 4.81448364258,
        "var": 19.0591506958
    },
    "melbands_flatness_db": {
        "dmean": 0.0286505259573,
        "dmean2": 0.0415941774845,
        "dvar": 0.000986827188171,
        "dvar2": 0.0020824179519,
        "max": 0.471288025379,
        "mean": 0.270353704691,
        "median": 0.265028595924,
        "min": 0.0721082016826,
        "var": 0.00585065269843
    },
    "melbands_kurtosis": {
        "dmean": 10.8602590561,
        "dmean2": 17.361158371,
        "dvar": 523.237792969,
        "dvar2": 1321.19873047,
        "max": 283.618560791,
        "mean": 20.0400905609,
        "median": 10.5323114395,
        "min": -1.34587073326,
        "var": 759.78894043
    },
    "melbands_skewness": {
        "dmean": 0.827591359615,
        "dmean2": 1.25560998917,
        "dvar": 1.23196065426,
        "dvar2": 2.70546650887,
        "max": 13.3198728561,
        "mean": 2.72485971451,
        "median": 2.20158815384,
        "min": -0.133756309748,
        "var": 3.34402537346
    },
    "melbands_spread": {
        "dmean": 3.59632825851,
        "dmean2": 5.42416572571,
        "dvar": 26.0679321289,
        "dvar2": 57.1315231323,
        "max": 63.1037559509,
        "mean": 12.322306633,
        "median": 9.05719470978,
        "min": 0.91044408083,
        "var": 98.5539321899
    },
    "pitch_salience": {
        "dmean": 0.0721878930926,
        "dmean2": 0.118094399571,
        "dvar": 0.00486000347883,
        "dvar2": 0.0121317673475,
        "max": 0.816887617111,
        "mean": 0.569629609585,
        "median": 0.579088032246,
        "min": 0.134137615561,
        "var": 0.0102575588971
    },
    "silence_rate_20dB": {
        "dmean": 0,
        "dmean2": 0,
        "dvar": 0,
        "dvar2": 0,
        "max": 1,
        "mean": 1,
        "median": 1,
        "min": 1,
        "var": 0
    },
    "silence_rate_30dB": {
        "dmean": 0.0425696596503,
        "dmean2": 0.0852052643895,
        "dvar": 0.0407573021948,
        "dvar2": 0.0887912064791,
        "max": 1,
        "mean": 0.958236634731,
        "median": 1,
        "min": 0,
        "var": 0.0400185547769
    },
    "silence_rate_60dB": {
        "dmean": 0.0030959751457,
        "dmean2": 0.00619674660265,
        "dvar": 0.00308635970578,
        "dvar2": 0.00615837052464,
        "max": 1,
        "mean": 0.00618716143072,
        "median": 0,
        "min": 0,
        "var": 0.00614891527221
    },
    "spectral_centroid": {
        "dmean": 191.099380493,
        "dmean2": 291.899353027,
        "dvar": 71921.8515625,
        "dvar2": 162372.765625,
        "max": 3559.06274414,
        "mean": 766.443664551,
        "median": 610.355407715,
        "min": 223.155548096,
        "var": 239998.59375
    },
    "spectral_complexity": {
        "dmean": 3.30804944038,
        "dmean2": 5.10379552841,
        "dvar": 28.6186847687,
        "dvar2": 61.4329414368,
        "max": 54,
        "mean": 13.5839138031,
        "median": 11,
        "min": 3,
        "var": 62.2491950989
    },
    "spectral_decrease": {
        "dmean": 4.13236911356e-09,
        "dmean2": 6.47957820732e-09,
        "dvar": 7.36248846338e-17,
        "dvar2": 1.71230913131e-16,
        "max": -3.01738328767e-10,
        "mean": -9.64394164527e-09,
        "median": -7.64051844016e-09,
        "min": -9.21082516925e-08,
        "var": 8.45409754195e-17
    },
    "spectral_energy": {
        "dmean": 0.0160699076951,
        "dmean2": 0.0251035597175,
        "dvar": 0.00107334076893,
        "dvar2": 0.00248790415935,
        "max": 0.350592017174,
        "mean": 0.0380041971803,
        "median": 0.0301782786846,
        "min": 0.00117043603677,
        "var": 0.00125813717023
    },
    "spectral_energyband_high": {
        "dmean": 0.000404422346037,
        "dmean2": 0.000590860960074,
        "dvar": 8.69853465701e-07,
        "dvar2": 1.77996048478e-06,
        "max": 0.00963092409074,
        "mean": 0.000649903668091,
        "median": 0.000240711815422,
        "min": 6.14835641954e-07,
        "var": 1.43346687764e-06
    },
    "spectral_energyband_low": {
        "dmean": 0.0106973536313,
        "dmean2": 0.017493205145,
        "dvar": 0.00105596764479,
        "dvar2": 0.0025272576604,
        "max": 0.329344958067,
        "mean": 0.0156631283462,
        "median": 0.00894541386515,
        "min": 7.79359470471e-05,
        "var": 0.000989036518149
    },
    "spectral_energyband_middle_high": {
        "dmean": 0.00172329100315,
        "dmean2": 0.00262407120317,
        "dvar": 9.88827559922e-06,
        "dvar2": 2.29397719522e-05,
        "max": 0.061506472528,
        "mean": 0.00424516247585,
        "median": 0.00131919397973,
        "min": 1.84980344784e-05,
        "var": 4.40855073975e-05
    },
    "spectral_energyband_middle_low": {
        "dmean": 0.0069496515207,
        "dmean2": 0.0114220334217,
        "dvar": 9.36924334383e-05,
        "dvar2": 0.000247716059675,
        "max": 0.118118584156,
        "mean": 0.018809357658,
        "median": 0.0166180562228,
        "min": 0.000988304964267,
        "var": 0.000147949685925
    },
    "spectral_entropy": {
        "dmean": 0.22408400476,
        "dmean2": 0.326024711132,
        "dvar": 0.0603254400194,
        "dvar2": 0.109991058707,
        "max": 8.32639408112,
        "mean": 7.01958560944,
        "median": 7.05026865005,
        "min": 5.51022100449,
        "var": 0.316922158003
    },
    "spectral_flux": {
        "dmean": 0.0330786556005,
        "dmean2": 0.0519134737551,
        "dvar": 0.00247163046151,
        "dvar2": 0.00516786100343,
        "max": 0.480616688728,
        "mean": 0.0924589708447,
        "median": 0.0744901373982,
        "min": 0.0167012885213,
        "var": 0.00442642718554
    },
    "spectral_kurtosis": {
        "dmean": 2.48516702652,
        "dmean2": 3.93929576874,
        "dvar": 18.0563316345,
        "dvar2": 35.4309692383,
        "max": 102.601394653,
        "mean": 6.26531982422,
        "median": 3.81533336639,
        "min": -0.784463405609,
        "var": 76.0550308228
    },
    "spectral_rms": {
        "dmean": 0.00109037652146,
        "dmean2": 0.00164505606517,
        "dvar": 2.57098236034e-06,
        "dvar2": 5.23199832969e-06,
        "max": 0.0184943508357,
        "mean": 0.0056864800863,
        "median": 0.00542606879026,
        "min": 0.00106859195512,
        "var": 4.74118633065e-06
    },
    "spectral_rolloff": {
        "dmean": 236.414306641,
        "dmean2": 398.304992676,
        "dvar": 340977.25,
        "dvar2": 807551.3125,
        "max": 6352.29492188,
        "mean": 709.413208008,
        "median": 495.263671875,
        "min": 86.1328125,
        "var": 499651.65625
    },
    "spectral_skewness": {
        "dmean": 0.329008549452,
        "dmean2": 0.489297747612,
        "dvar": 0.1499055475,
        "dvar2": 0.292521774769,
        "max": 7.94598245621,
        "mean": 1.8895162344,
        "median": 1.67890000343,
        "min": 0.199774444103,
        "var": 0.870173096657
    },
    "spectral_spread": {
        "dmean": 555998.1875,
        "dmean2": 821676.1875,
        "dvar": 455055966208,
        "dvar2": 878440873984,
        "max": 12346475,
        "mean": 4462270.5,
        "median": 4408828,
        "min": 937482.125,
        "var": 1.70703926067e+12
    },
    "spectral_strongpeak": {
        "dmean": 0.524441957474,
        "dmean2": 0.904087841511,
        "dvar": 0.62165504694,
        "dvar2": 1.6626470089,
        "max": 7.02952051163,
        "mean": 0.93967705965,
        "median": 0.465263128281,
        "min": 0.0400332137942,
        "var": 1.13456273079
    },
    "zerocrossingrate": {
        "dmean": 0.00734160328284,
        "dmean2": 0.0087304385379,
        "dvar": 7.56839654059e-05,
        "dvar2": 9.31626054808e-05,
        "max": 0.15283203125,
        "mean": 0.0368027351797,
        "median": 0.03173828125,
        "min": 0.00537109375,
        "var": 0.000470110127935
    },
    "barkbands": {
        "dmean": [0.000164179451531, 0.00864936504513, 0.0025655485224, 0.00194762693718, 0.0043189660646, 0.000820964225568, 0.00105590093881, 0.00155901652761, 0.000613783020526, 0.000609230075497, 0.000361257232726, 0.000496259715874, 0.000219520821702, 0.000197427056264, 0.000175723849679, 9.99102339847e-05, 6.68177672196e-05, 0.000129969819682, 0.000125233709696, 0.000144720135722, 0.000113828507892, 0.00010146384011, 7.91319325799e-05, 3.8213962398e-05, 2.76957289316e-05, 1.57623981067e-05, 5.08125364007e-09],
        "dmean2": [0.000263366906438, 0.0144622866064, 0.00438004732132, 0.00351460999809, 0.00740599632263, 0.00126981723588, 0.0016379308654, 0.00251330318861, 0.000926543434616, 0.000934129173402, 0.000573972414713, 0.000787811528426, 0.000342806655681, 0.000305693945847, 0.000253827223787, 0.000154971203301, 0.000106275358121, 0.000214270301512, 0.000205463307793, 0.000224071351113, 0.000182525312994, 0.00015439420531, 0.000116451417853, 5.71584751015e-05, 4.20859578298e-05, 2.33841929003e-05, 6.46763886891e-09],
        "dvar": [5.52788947061e-07, 0.000938791432418, 5.71907439735e-05, 1.09758129838e-05, 5.07975855726e-05, 1.09910376977e-06, 3.17333956446e-06, 1.32309551191e-05, 2.26185443353e-06, 3.35567096954e-06, 1.79560743163e-06, 1.48618710227e-06, 4.13574042568e-07, 3.88460705381e-07, 2.7694213145e-07, 1.05527277583e-07, 3.39634027569e-08, 1.12297897203e-07, 1.21109550832e-07, 1.01668192087e-07, 9.15702713655e-08, 5.64409887716e-08, 3.78413673729e-08, 1.03615969138e-08, 7.70093144808e-09, 2.43891884466e-09, 1.54115628815e-14],
        "dvar2": [9.28228587327e-07, 0.0024006459862, 0.000151143598487, 3.24732500303e-05, 0.000137986426125, 2.42625515057e-06, 6.97451241649e-06, 3.57506833097e-05, 5.02885677633e-06, 8.6473992269e-06, 3.63539493264e-06, 3.85698240279e-06, 9.18087209811e-07, 9.01147984678e-07, 5.65606626424e-07, 2.37821438986e-07, 8.63247819893e-08, 2.81343261577e-07, 3.14544877256e-07, 2.13891212297e-07, 2.2204203276e-07, 1.13636900778e-07, 7.99483430569e-08, 2.37131594361e-08, 1.75797083557e-08, 5.19664711263e-09, 1.54474431971e-14],
        "max": [0.0207876041532, 0.302137076855, 0.131280273199, 0.0354479700327, 0.0868805125356, 0.0179859828204, 0.0337711386383, 0.0501523017883, 0.0281826648861, 0.0482911244035, 0.029546611011, 0.0199949536473, 0.0131654152647, 0.011572544463, 0.00933277606964, 0.00583664793521, 0.00246004527435, 0.00499672722071, 0.00406414782628, 0.00636939890683, 0.00274851708673, 0.00299116992392, 0.00273369043134, 0.00155566784088, 0.00166058517061, 0.000911885290407, 4.46547664978e-06],
        "mean": [0.000168076963746, 0.0106844585389, 0.00361604173668, 0.00274126091972, 0.00764850806445, 0.00199854979292, 0.00200728024356, 0.00286021037027, 0.0012872768566, 0.00114068598486, 0.000621434941422, 0.00103065767325, 0.000300858751871, 0.000272656208836, 0.000268688978394, 0.000129722684505, 8.69557770784e-05, 0.000185118260561, 0.000167619713466, 0.000255196297076, 0.000139372728881, 0.00016367562057, 0.000121909120935, 5.5475760746e-05, 3.5801785998e-05, 1.67129346664e-05, 4.75520156584e-09],
        "median": [2.51469537034e-05, 0.00581557443365, 0.00154437555466, 0.00179682439193, 0.00569697702304, 0.0013553337194, 0.00117813237011, 0.000746334029827, 0.000620890117716, 0.000202353156055, 9.91573615465e-05, 0.000105227452877, 5.29696699232e-05, 3.18108432111e-05, 1.98089528567e-05, 1.10752125693e-05, 1.02165222415e-05, 2.11839360418e-05, 3.46924462065e-05, 5.2179027989e-05, 3.87249638152e-05, 5.51861885469e-05, 4.25931502832e-05, 1.45075728142e-05, 7.98341261543e-06, 2.97238489111e-06, 4.92685059417e-10],
        "min": [1.70979994607e-08, 6.12968233327e-06, 6.83730013407e-06, 5.21822016708e-07, 0.000369736691937, 3.5331966501e-05, 1.46807624333e-05, 1.88243859611e-06, 4.57536361864e-06, 9.12528491881e-07, 7.77286572884e-07, 8.47211026667e-07, 1.60421734563e-07, 3.33609591507e-07, 1.00522214552e-07, 6.44528341809e-08, 4.41311804877e-08, 4.23450039477e-08, 7.85466980346e-08, 6.93475925573e-08, 1.5925218122e-07, 8.94256899642e-08, 1.07884297051e-07, 1.02629655885e-08, 1.0655017979e-09, 2.87561519735e-11, 1.54691138371e-11],
        "var": [5.15563158388e-07, 0.000722927274182, 7.69770049374e-05, 1.0743700841e-05, 5.58863212063e-05, 4.84695283376e-06, 6.66270125294e-06, 2.58408890659e-05, 5.83178643865e-06, 9.06722380023e-06, 4.6856625886e-06, 6.12704388914e-06, 7.00139366927e-07, 7.84550309163e-07, 7.78231992626e-07, 2.16496260919e-07, 4.15164507217e-08, 2.08460292583e-07, 1.77549608793e-07, 3.45130104051e-07, 9.51045961983e-08, 9.28907581965e-08, 6.19613160779e-08, 1.63576316936e-08, 1.03020525444e-08, 3.09438874524e-09, 1.54063604051e-14]
    },
    "erbbands": {
        "dmean": [0.204407379031, 2.10146737099, 3.29045820236, 4.65383148193, 11.3520059586, 16.6896114349, 11.1819229126, 6.62428808212, 13.1204614639, 24.1905403137, 27.7225131989, 13.3177242279, 15.7534780502, 15.7665166855, 19.9713611603, 15.2845621109, 9.77773952484, 8.38725280762, 9.41332054138, 7.65846157074, 4.91459369659, 3.73348116875, 6.1040353775, 7.3832116127, 5.88748693466, 7.05714273453, 5.24106168747, 4.28166770935, 3.9149711132, 2.73373484612, 2.30580019951, 1.02044129372, 0.563818573952, 0.312227189541, 0.199807330966, 0.105600714684, 0.0249672140926, 0.00213721487671, 4.67418103653e-05, 1.95810043806e-05],
        "dmean2": [0.337623089552, 3.5787756443, 5.52718734741, 8.29493999481, 19.6494865417, 28.4469528198, 18.0065479279, 10.0281381607, 20.598651886, 38.5753059387, 43.1444396973, 19.625333786, 23.7500553131, 24.608625412, 31.7871990204, 23.701997757, 15.0997276306, 12.8585596085, 14.3958625793, 10.6573057175, 7.63665151596, 5.93967723846, 9.99394321442, 11.8764200211, 9.68712520599, 10.8476791382, 8.40341854095, 6.64795541763, 5.92078542709, 4.19372320175, 3.32605075836, 1.50481927395, 0.849150240421, 0.491249322891, 0.304015725851, 0.153817147017, 0.0386860333383, 0.00340933352709, 7.07939398126e-05, 2.99524053844e-05],
        "dvar": [0.561662018299, 54.5567741394, 85.7030029297, 88.7867736816, 691.231872559, 530.394897461, 216.949661255, 87.5382919312, 386.808654785, 2460.87353516, 4599.46533203, 1054.05639648, 1716.49865723, 3257.23022461, 3291.11767578, 1448.83557129, 808.823120117, 549.540710449, 819.305541992, 512.09765625, 260.256530762, 107.769020081, 255.536209106, 391.101074219, 241.262619019, 291.375091553, 181.844619751, 129.993438721, 84.3843460083, 37.0949363708, 33.3731842041, 6.18769168854, 2.63996267319, 0.764943361282, 0.579761862755, 0.15809135139, 0.00602749688551, 5.03102601215e-05, 1.8206334218e-08, 1.41598299752e-09],
        "dvar2": [1.43988883495, 140.785339355, 219.434249878, 249.561721802, 1872.19775391, 1528.05285645, 571.118347168, 178.155426025, 832.359130859, 6338.65185547, 12294.2568359, 2282.03979492, 3591.50463867, 9210.67675781, 7174.45068359, 3075.89111328, 1847.84338379, 1232.50622559, 1812.53210449, 986.118591309, 597.448059082, 272.564666748, 675.755981445, 930.625305176, 653.989807129, 566.586975098, 454.69442749, 309.350494385, 175.876922607, 71.9548034668, 71.1981658936, 13.4423484802, 6.09363222122, 1.85414350033, 1.36354017258, 0.328012496233, 0.0144622726366, 0.000126410392113, 4.36888676347e-08, 3.21137116899e-09],
        "max": [6.9515414238, 74.1665878296, 113.188690186, 169.301040649, 356.153747559, 255.681854248, 193.470153809, 199.884872437, 280.405059814, 751.885681152, 1110.57067871, 770.543151855, 883.435913086, 1598.50939941, 1389.52429199, 891.864562988, 661.162658691, 333.398132324, 577.04309082, 472.359710693, 381.787658691, 139.047058105, 220.947235107, 335.704925537, 197.891220093, 422.416290283, 116.83429718, 99.116859436, 112.699798584, 68.698638916, 84.0121307373, 28.1891803741, 27.3413124084, 9.57943916321, 16.5853786469, 7.96158695221, 1.15814805031, 0.0898823440075, 0.0016108090058, 0.000379866542062],
        "mean": [0.229427397251, 2.62234067917, 4.89575862885, 6.70315074921, 16.1248970032, 27.3737545013, 23.5597114563, 17.4149131775, 24.7205619812, 46.6018409729, 53.4213867188, 30.1283416748, 32.1319694519, 29.7900257111, 39.2254600525, 31.9895324707, 14.4147787094, 12.3325433731, 15.494184494, 11.8008670807, 6.16400003433, 5.12482070923, 9.04255867004, 10.3094215393, 9.38731002808, 11.9327478409, 6.68869161606, 5.41531705856, 5.99961519241, 4.55509233475, 3.43836259842, 1.53790652752, 0.796454787254, 0.395928502083, 0.244112849236, 0.120864547789, 0.0236887633801, 0.00176989170723, 5.69273688598e-05, 4.59844231955e-05],
        "median": [0.0912565216422, 1.44335663319, 2.49567866325, 4.28876924515, 11.0544166565, 19.5439529419, 16.8407821655, 10.849395752, 14.304394722, 23.1896076202, 16.5676422119, 16.7731800079, 7.94669103622, 7.32786846161, 7.30318069458, 4.1943602562, 2.93991947174, 1.71096038818, 1.53584575653, 0.826834082603, 0.632112801075, 0.642601907253, 1.10372304916, 1.35885155201, 2.38056397438, 2.51520848274, 1.88789594173, 1.47165989876, 1.97377490997, 1.64955914021, 1.16124665737, 0.395823329687, 0.216077804565, 0.0890944972634, 0.0504450984299, 0.0225324332714, 0.0034618829377, 0.000191238912521, 2.27681321121e-05, 3.56514028681e-05],
        "min": [0.000156672947924, 0.00265825772658, 0.0129051199183, 0.0653786212206, 0.380948156118, 0.810664415359, 0.601750731468, 0.250663131475, 0.221317395568, 0.252664715052, 0.39302662015, 0.120141878724, 0.0675122365355, 0.124086670578, 0.0750802084804, 0.0382240861654, 0.014092949219, 0.0210825167596, 0.0139691093937, 0.0117892483249, 0.00413618655875, 0.00307726790197, 0.00285214162432, 0.00257185101509, 0.00383204780519, 0.00413279375061, 0.00706249661744, 0.00426081847399, 0.00314262090251, 0.00376614113338, 0.0027932790108, 0.0015443910379, 0.000488906924147, 0.000125970429508, 1.32786199174e-05, 5.60866374144e-06, 1.84115378943e-06, 2.81853061779e-07, 6.28164912087e-07, 1.30905925744e-06],
        "var": [0.431451052427, 41.225730896, 101.366271973, 88.9555358887, 561.634399414, 730.503723145, 480.134338379, 470.278961182, 931.577697754, 4260.39697266, 8463.34277344, 2850.85961914, 4729.21630859, 7646.57519531, 8582.5, 6756.42822266, 1283.58129883, 1109.02294922, 2247.39453125, 1410.5045166, 356.579162598, 137.487747192, 421.090545654, 806.260803223, 440.600250244, 781.848510742, 194.796157837, 142.303985596, 134.063400269, 67.4081268311, 53.0212135315, 10.6919078827, 3.94877386093, 1.04369688034, 0.657849729061, 0.207451954484, 0.00607072049752, 4.27184131695e-05, 1.77554753122e-08, 1.78013559449e-09]
    },
    "gfcc": {
        "mean": [-17.0630340576, 126.527168274, -86.4509353638, 40.0569419861, -81.2588424683, 13.4822044373, -26.8949756622, 2.52090907097, -24.3202877045, 0.979353904724, -12.258067131, -2.48358988762, -10.3544120789],
        "cov": [[4190.36523438, -1494.2277832, -938.20501709, 230.827758789, 101.544639587, 320.842712402, -68.7786865234, 470.633514404, -77.3742370605, 190.708969116, -184.422271729, 60.3363304138, -298.907073975], [-1494.2277832, 1054.5324707, 287.184631348, -259.160003662, 14.2573919296, -140.691207886, 160.898620605, -219.200012207, 73.5808029175, -119.822463989, 155.030227661, -38.1156921387, 133.666809082], [-938.20501709, 287.184631348, 777.985900879, 0.735840916634, 7.55368518829, -31.8533821106, 51.3137321472, -52.3083953857, -45.1246070862, 19.9040145874, -8.03599739075, 63.5110282898, 44.1932754517], [230.827758789, -259.160003662, 0.735840916634, 480.393341064, 127.685081482, -53.9935722351, -102.163711548, 48.6909866333, 108.221000671, -8.08803844452, -64.2077865601, -57.5550994873, 32.8677787781], [101.544639587, 14.2573919296, 7.55368518829, 127.685081482, 269.739318848, -9.48545455933, -64.1640167236, 24.3741130829, 80.4986724854, 2.80906701088, -34.36460495, -6.51673555374, 4.56830596924], [320.842712402, -140.691207886, -31.8533821106, -53.9935722351, -9.48545455933, 197.76473999, 62.6607971191, 25.1070690155, -61.5150260925, 18.7747325897, 18.5984516144, 1.87119352818, -34.0482749939], [-68.7786865234, 160.898620605, 51.3137321472, -102.163711548, -64.1640167236, 62.6607971191, 250.087081909, -4.93065929413, -85.4934692383, 1.24234139919, 60.7832565308, 18.6880531311, -1.18760228157], [470.633514404, -219.200012207, -52.3083953857, 48.6909866333, 24.3741130829, 25.1070690155, -4.93065929413, 193.233108521, 18.0633945465, 28.4094524384, -40.6794624329, 13.8970756531, -45.0112304688], [-77.3742370605, 73.5808029175, -45.1246070862, 108.221000671, 80.4986724854, -61.5150260925, -85.4934692383, 18.0633945465, 171.124847412, -9.9356842041, -18.9694232941, -39.3894271851, 27.1964035034], [190.708969116, -119.822463989, 19.9040145874, -8.08803844452, 2.80906701088, 18.7747325897, 1.24234139919, 28.4094524384, -9.9356842041, 107.173545837, -14.6735601425, 11.2693767548, -22.6120910645], [-184.422271729, 155.030227661, -8.03599739075, -64.2077865601, -34.36460495, 18.5984516144, 60.7832565308, -40.6794624329, -18.9694232941, -14.6735601425, 120.574989319, 8.26917362213, 5.46377134323], [60.3363304138, -38.1156921387, 63.5110282898, -57.5550994873, -6.51673555374, 1.87119352818, 18.6880531311, 13.8970756531, -39.3894271851, 11.2693767548, 8.26917362213, 98.054359436, -14.5541353226], [-298.907073975, 133.666809082, 44.1932754517, 32.8677787781, 4.56830596924, -34.0482749939, -1.18760228157, -45.0112304688, 27.1964035034, -22.6120910645, 5.46377134323, -14.5541353226, 98.5508880615]],
        "icov": [[0.000863248831593, 0.000365484273061, 0.000887758447789, -0.000336803554092, -0.000234612758504, -0.000696637085639, -0.000220155678107, -0.00079272990115, 0.000225197072723, -0.000606031855568, 0.000588040566072, -0.000766402459703, 0.000895262754057], [0.000365484273061, 0.00889668893069, -0.00276313815266, 0.00630345195532, -0.00378331984393, 0.00557600567117, -0.00598776293918, 0.00366405700333, -0.00636531785131, 0.00568632688373, -0.00591519474983, 0.00569842336699, -0.0038875027094], [0.000887758447789, -0.00276313815266, 0.00354803237133, -0.00282943388447, 0.00094453280326, -0.00258219637908, 0.00151450536214, -0.00179746572394, 0.00285748834722, -0.00315783475526, 0.00319689349271, -0.00399662368, 0.001773705706], [-0.000336803554092, 0.00630345195532, -0.00282943388447, 0.00785999186337, -0.00354760140181, 0.00491130398586, -0.00377984903753, 0.00242027523927, -0.00537469610572, 0.00478117307648, -0.00416155112907, 0.00615845108405, -0.00428206985816], [-0.000234612758504, -0.00378331984393, 0.00094453280326, -0.00354760140181, 0.00647560553625, -0.00309665710665, 0.00284681282938, -0.00128308637068, 0.000535600702278, -0.00234751473181, 0.00307918037288, -0.00338426348753, 0.00190072634723], [-0.000696637085639, 0.00557600567117, -0.00258219637908, 0.00491130398586, -0.00309665710665, 0.0110767493024, -0.00471427757293, 0.00243689585477, -0.00227420264855, 0.00377489440143, -0.00538529548794, 0.00603106059134, -0.00244620395824], [-0.000220155678107, -0.00598776293918, 0.00151450536214, -0.00377984903753, 0.00284681282938, -0.00471427757293, 0.00989643018693, -0.00350745138712, 0.00647385418415, -0.00381281296723, 0.00153135403525, -0.00336202373728, 0.00154888536781], [-0.00079272990115, 0.00366405700333, -0.00179746572394, 0.00242027523927, -0.00128308637068, 0.00243689585477, -0.00350745138712, 0.00972555205226, -0.00487997289747, 0.00235857465304, -0.0010365000926, 0.00152561452705, 9.6557996585e-05], [0.000225197072723, -0.00636531785131, 0.00285748834722, -0.00537469610572, 0.000535600702278, -0.00227420264855, 0.00647385418415, -0.00487997289747, 0.0150499390438, -0.00457029324025, 0.00331586925313, -0.00160584622063, 0.00124337419402], [-0.000606031855568, 0.00568632688373, -0.00315783475526, 0.00478117307648, -0.00234751473181, 0.00377489440143, -0.00381281296723, 0.00235857465304, -0.00457029324025, 0.0148080168292, -0.00355085497722, 0.00409017782658, -0.00182503648102], [0.000588040566072, -0.00591519474983, 0.00319689349271, -0.00416155112907, 0.00307918037288, -0.00538529548794, 0.00153135403525, -0.0010365000926, 0.00331586925313, -0.00355085497722, 0.0157125908881, -0.00603143638, 0.00381090375595], [-0.000766402459703, 0.00569842336699, -0.00399662368, 0.00615845108405, -0.00338426348753, 0.00603106059134, -0.00336202373728, 0.00152561452705, -0.00160584622063, 0.00409017782658, -0.00603143638, 0.0181173682213, -0.00302667589858], [0.000895262754057, -0.0038875027094, 0.001773705706, -0.00428206985816, 0.00190072634723, -0.00244620395824, 0.00154888536781, 9.6557996585e-05, 0.00124337419402, -0.00182503648102, 0.00381090375595, -0.00302667589858, 0.0164772178978]]
    },
    "melbands": {
        "dmean": [0.00217590900138, 0.00208765943535, 0.000953149690758, 0.00100298586767, 0.000475068809465, 0.000148595776409, 0.000200333932298, 0.000298737140838, 0.000207086646697, 7.9106168414e-05, 8.3557664766e-05, 6.96203351254e-05, 6.19788406766e-05, 6.09433736827e-05, 3.06486217596e-05, 1.73382923094e-05, 1.66268255271e-05, 1.73656426341e-05, 1.28885312733e-05, 8.13399219624e-06, 5.53497329747e-06, 3.49561719304e-06, 4.86747148898e-06, 6.78302103552e-06, 6.23715686743e-06, 4.5430474529e-06, 4.6257273425e-06, 5.0354205996e-06, 3.59216232937e-06, 2.675066753e-06, 2.5840397484e-06, 2.45753267336e-06, 1.79224218755e-06, 1.52539826104e-06, 1.54177678269e-06, 8.77592640336e-07, 5.73990803332e-07, 4.21520411464e-07, 3.3092945273e-07, 2.45703603241e-07],
        "dmean2": [0.0036224599462, 0.00346834468655, 0.00168234517332, 0.00172409787774, 0.000783216848504, 0.000224134026212, 0.000314276665449, 0.00048233466805, 0.000321067491313, 0.000117594529002, 0.000126343918964, 0.000108848420496, 9.74265058176e-05, 9.69346874626e-05, 4.82731338707e-05, 2.6556001103e-05, 2.63750116574e-05, 2.69023894361e-05, 1.80218721653e-05, 1.24543021229e-05, 8.82138829184e-06, 5.61134675081e-06, 7.93392428022e-06, 1.12321913548e-05, 1.00838633443e-05, 7.70839051256e-06, 7.19455283615e-06, 7.80737809691e-06, 5.84541839999e-06, 4.25817324867e-06, 4.11854489357e-06, 3.7031611555e-06, 2.85792953036e-06, 2.33578953157e-06, 2.27329769587e-06, 1.27813234485e-06, 8.90762692052e-07, 6.5126971549e-07, 5.18719900811e-07, 3.8974758354e-07],
        "dvar": [6.22627630946e-05, 3.93212794734e-05, 3.27395287059e-06, 3.18759862239e-06, 3.71643267272e-07, 4.16581329432e-08, 9.28584213966e-08, 4.02426849178e-07, 2.79779584389e-07, 3.49996760463e-08, 4.69109799894e-08, 6.47225348871e-08, 3.44718920076e-08, 2.5076895227e-08, 9.65057722624e-09, 2.53402632211e-09, 2.42770825665e-09, 3.35591621159e-09, 1.69060321298e-09, 5.94885918304e-10, 3.9396683138e-10, 8.59964946476e-11, 2.27929744523e-10, 3.40162426005e-10, 3.16592335681e-10, 1.99139066348e-10, 1.09850281649e-10, 1.70517419629e-10, 8.46510708752e-11, 5.10210866611e-11, 4.7898868899e-11, 3.53049915691e-11, 1.53828842026e-11, 1.19235454843e-11, 1.60146028383e-11, 4.59193880836e-12, 2.23390511818e-12, 1.57351432231e-12, 8.80774403064e-13, 4.97619415292e-13],
        "dvar2": [0.000159106959472, 9.80091863312e-05, 9.05252818484e-06, 8.62724846229e-06, 1.01070452274e-06, 8.53499599884e-08, 1.9550010677e-07, 1.06211928141e-06, 7.29187149773e-07, 7.67656231915e-08, 9.9012879673e-08, 1.83363709994e-07, 7.0551607223e-08, 6.40023642973e-08, 2.28751702025e-08, 5.23177234868e-09, 5.61509727603e-09, 7.72146702133e-09, 3.22213145054e-09, 1.3432090995e-09, 8.42399205947e-10, 2.13647086134e-10, 6.23756324369e-10, 8.44797454214e-10, 7.31508464913e-10, 5.64461200003e-10, 2.38692149379e-10, 3.25629689879e-10, 2.14352521843e-10, 1.23272642094e-10, 1.18991094755e-10, 7.67710339744e-11, 3.05056153949e-11, 2.49463071728e-11, 3.58728914629e-11, 9.56568071281e-12, 5.35499943e-12, 3.6993754414e-12, 2.08255179594e-12, 1.24103483566e-12],
        "max": [0.0759369954467, 0.059403706342, 0.0246849078685, 0.0227617435157, 0.00816350895911, 0.00401715794578, 0.00462460005656, 0.00744935078546, 0.0104477992281, 0.00412855809554, 0.00438193185255, 0.00734766665846, 0.00439810473472, 0.0027753803879, 0.0018166648224, 0.0010116630001, 0.000642877246719, 0.00100597320125, 0.000763336778618, 0.000520862988196, 0.000548350275494, 0.000109830012661, 0.00023018605134, 0.000321618281305, 0.000314138334943, 0.00019678787794, 0.000295834062854, 0.000357210577931, 8.32771547721e-05, 6.64744293317e-05, 5.96544778091e-05, 7.61052142479e-05, 4.53962165921e-05, 4.118574725e-05, 6.39285426587e-05, 3.41558115906e-05, 1.88790563698e-05, 2.06216282095e-05, 1.50535797729e-05, 8.01558508101e-06],
        "mean": [0.0025886297226, 0.00302023836412, 0.00143112498336, 0.00160224840511, 0.000970394408796, 0.000381974328775, 0.000380817218684, 0.00057260732865, 0.000404943159083, 0.000170400206116, 0.000164535886142, 0.000127348481328, 0.000115583039587, 0.000128411877085, 4.58882641396e-05, 2.45110641117e-05, 2.29171109822e-05, 2.63724250544e-05, 1.9118657292e-05, 1.134433478e-05, 6.31306329524e-06, 4.62313028038e-06, 6.69009841658e-06, 9.69058055489e-06, 8.33721605886e-06, 5.59157979296e-06, 9.0620615083e-06, 7.60363445806e-06, 4.3728550736e-06, 3.21170227835e-06, 3.08751941702e-06, 3.55829661203e-06, 2.92161462312e-06, 2.33735113397e-06, 2.1586827188e-06, 1.32802620101e-06, 7.84550650224e-07, 5.74774276174e-07, 4.32883069834e-07, 2.92195352358e-07],
        "median": [0.00129769148771, 0.00171765661798, 0.000984536367469, 0.00112602859735, 0.000710233580321, 0.000243035945459, 0.000223998067668, 0.000253875972703, 0.000138180606882, 9.11996539799e-05, 3.48405228578e-05, 2.82272267214e-05, 2.42610240093e-05, 1.28035298985e-05, 6.06881985732e-06, 4.41417614638e-06, 2.7366836548e-06, 2.52764243669e-06, 1.26046234072e-06, 8.20104446575e-07, 6.71388988849e-07, 5.49615833734e-07, 7.89048385741e-07, 1.01959892618e-06, 9.67124378803e-07, 1.34471315505e-06, 1.71985630004e-06, 1.64529546964e-06, 1.1594222542e-06, 8.26893824524e-07, 7.51294180645e-07, 1.02825345039e-06, 9.7132931387e-07, 7.83762061474e-07, 6.94755499353e-07, 3.7262452679e-07, 1.85747580872e-07, 1.57209171903e-07, 9.14175402045e-08, 6.08582979567e-08],
        "min": [1.71732460785e-06, 3.03547085423e-06, 1.58594029926e-05, 4.16137518187e-05, 2.94049314107e-05, 6.28687894277e-06, 3.735519158e-06, 1.60571926244e-06, 1.77708614046e-06, 5.80192363486e-07, 2.72013750191e-07, 1.43306564837e-07, 1.71102271906e-07, 1.16235000291e-07, 6.04545604688e-08, 1.90691871182e-08, 3.21891171495e-08, 1.99113863175e-08, 5.87992898815e-09, 1.17554455059e-08, 4.21298862463e-09, 2.62086086167e-09, 2.07844674804e-09, 2.14529416454e-09, 1.9132342377e-09, 1.95370319922e-09, 9.44452738239e-10, 2.35181429886e-09, 4.56896120937e-09, 2.64544897099e-09, 1.96400518071e-09, 2.04013805849e-09, 1.29478727739e-09, 1.78011783092e-09, 1.71582925645e-09, 9.54538892373e-10, 1.46093054321e-10, 3.81095849322e-11, 4.1302178691e-12, 1.22903870783e-13],
