{
"highlevel": {
    "danceability": {
        "all": {
            "danceable": 0.916412711143,
            "not_danceable": 0.0835873112082
        },
        "probability": 0.916412711143,
        "value": "danceable"
    },
    "gender": {
        "all": {
            "female": 0.43588963151,
            "male": 0.564110338688
        },
        "probability": 0.564110338688,
        "value": "male"
    },
    "genre_dortmund": {
        "all": {
            "alternative": 0.063305079937,
            "blues": 0.0657376796007,
            "electronic": 0.091247074306,
            "folkcountry": 0.0428542271256,
            "funksoulrnb": 0.0294909439981,
            "jazz": 0.029016725719,
            "pop": 0.0973329842091,
            "raphiphop": 0.0623814985156,
            "rock": 0.518633782864
        },
        "probability": 0.518633782864,
        "value": "rock"
    },
    "genre_electronic": {
        "all": {
            "ambient": 0.147398024797,
            "dnb": 0.625009179115,
            "house": 0.0504729896784,
            "techno": 0.00571201695129,
            "trance": 0.171407788992
        },
        "probability": 0.625009179115,
        "value": "dnb"
    },
    "genre_rosamerica": {
        "all": {
            "cla": 0.00321580283344,
            "dan": 0.0521721430123,
            "hip": 0.0162976123393,
            "jaz": 0.00332916411571,
            "pop": 0.25780877471,
            "rhy": 0.0337007008493,
            "roc": 0.631714701653,
            "spe": 0.00176111387555
        },
        "probability": 0.631714701653,
        "value": "roc"
    },
    "genre_tzanetakis": {
        "all": {
            "blu": 0.0622663982213,
            "cla": 0.0345780998468,
            "cou": 0.103735685349,
            "dis": 0.0518908686936,
            "hip": 0.155698984861,
            "jaz": 0.311586618423,
            "met": 0.0519040971994,
            "pop": 0.0622744634748,
            "reg": 0.0622723288834,
            "roc": 0.103792458773
        },
        "probability": 0.311586618423,
        "value": "jaz"
    },
    "ismir04_rhythm": {
        "all": {
            "ChaChaCha": 0.0390113182366,
            "Jive": 0.261314094067,
            "Quickstep": 0.091266490519,
            "Rumba-American": 0.0103939045221,
            "Rumba-International": 0.0756866037846,
            "Rumba-Misc": 0.0122244190425,
            "Samba": 0.430287837982,
            "Tango": 0.00878310017288,
            "VienneseWaltz": 0.0505293980241,
            "Waltz": 0.020502852276
        },
        "probability": 0.430287837982,
        "value": "Samba"
    },
    "mood_acoustic": {
        "all": {
            "acoustic": 0.00847937818617,
            "not_acoustic": 0.991520643234
        },
        "probability": 0.991520643234,
        "value": "not_acoustic"
    },
    "mood_aggressive": {
        "all": {
            "aggressive": 0.348337739706,
            "not_aggressive": 0.651662290096
        },
        "probability": 0.651662290096,
        "value": "not_aggressive"
    },
    "mood_electronic": {
        "all": {
            "electronic": 0.33362275362,
            "not_electronic": 0.66637724638
        },
        "probability": 0.66637724638,
        "value": "not_electronic"
    },
    "mood_happy": {
        "all": {
            "happy": 0.608706712723,
            "not_happy": 0.391293257475
        },
        "probability": 0.608706712723,
        "value": "happy"
    },
    "mood_party": {
        "all": {
            "not_party": 0.339786589146,
            "party": 0.660213410854
        },
        "probability": 0.660213410854,
        "value": "party"
    },
    "mood_relaxed": {
        "all": {
            "not_relaxed": 0.953800022602,
            "relaxed": 0.0461999922991
        },
        "probability": 0.953800022602,
        "value": "not_relaxed"
    },
    "mood_sad": {
        "all": {
            "not_sad": 0.923571527004,
            "sad": 0.0764284580946
        },
        "probability": 0.923571527004,
        "value": "not_sad"
    },
    "moods_mirex": {
        "all": {
            "Cluster1": 0.358915179968,
            "Cluster2": 0.218829125166,
            "Cluster3": 0.0386153757572,
            "Cluster4": 0.125258788466,
            "Cluster5": 0.258381515741
        },
        "probability": 0.358915179968,
        "value": "Cluster1"
    },
    "timbre": {
        "all": {
            "bright": 0.578412950039,
            "dark": 0.421587020159
        },
        "probability": 0.578412950039,
        "value": "bright"
    },
    "tonal_atonal": {
        "all": {
            "atonal": 0.192706033587,
            "tonal": 0.807293951511
        },
        "probability": 0.807293951511,
        "value": "tonal"
    },
    "voice_instrumental": {
        "all": {
            "instrumental": 0.000382139231078,
            "voice": 0.999617874622
        },
        "probability": 0.999617874622,
        "value": "voice"
    }
},
"lowlevel": {
    "average_loudness": 0.968682169914,
    "barkbands_crest": {
        "dmean": 2.83484077454,
        "dmean2": 4.48109865189,
        "dvar": 6.0299744606,
        "dvar2": 14.2688789368,
        "max": 22.3137130737,
        "mean": 9.33908176422,
        "median": 8.56339931488,
        "min": 2.41050958633,
        "var": 16.2443981171
    },
    "barkbands_flatness_db": {
        "dmean": 0.0214729942381,
        "dmean2": 0.0321787893772,
        "dvar": 0.000440406816779,
        "dvar2": 0.000839909887873,
        "max": 0.355286121368,
        "mean": 0.132672160864,
        "median": 0.124176926911,
        "min": 0.0469239763916,
        "var": 0.00184688088484
    },
    "barkbands_kurtosis": {
        "dmean": 3.00109863281,
        "dmean2": 4.44218730927,
        "dvar": 67.2051620483,
        "dvar2": 109.80783844,
        "max": 201.885818481,
        "mean": 3.33603405952,
        "median": 0.435807704926,
        "min": -1.79996573925,
        "var": 129.507797241
    },
    "barkbands_skewness": {
        "dmean": 0.570800900459,
        "dmean2": 0.832390546799,
        "dvar": 0.445586591959,
        "dvar2": 0.775632679462,
        "max": 12.3545923233,
        "mean": 1.34068024158,
        "median": 1.037971735,
        "min": -1.61034011841,
        "var": 1.73968017101
    },
    "barkbands_spread": {
        "dmean": 7.54450321198,
        "dmean2": 11.0919485092,
        "dvar": 71.6128387451,
        "dvar2": 124.610717773,
        "max": 100.992515564,
        "mean": 29.1627445221,
        "median": 25.7477664948,
        "min": 1.11560344696,
        "var": 273.355895996
    },
    "dissonance": {
        "dmean": 0.0152871720493,
        "dmean2": 0.0253956597298,
        "dvar": 0.000211954917177,
        "dvar2": 0.000575456244405,
        "max": 0.498925477266,
        "mean": 0.472209215164,
        "median": 0.476929277182,
        "min": 0.339500725269,
        "var": 0.000412413559388
    },
    "dynamic_complexity": 1.44968688488,
    "erbbands_crest": {
        "dmean": 2.55095863342,
        "dmean2": 4.25607156754,
        "dvar": 6.21614408493,
        "dvar2": 16.54920578,
        "max": 25.1777763367,
        "mean": 7.81824159622,
        "median": 6.98995494843,
        "min": 2.32392287254,
        "var": 12.772521019
    },
    "erbbands_flatness_db": {
        "dmean": 0.0171169545501,
        "dmean2": 0.0248688030988,
        "dvar": 0.000269573560217,
        "dvar2": 0.000536119856406,
        "max": 0.284426480532,
        "mean": 0.145840257406,
        "median": 0.145145997405,
        "min": 0.0544411316514,
        "var": 0.00154923356604
    },
    "erbbands_kurtosis": {
        "dmean": 0.765716671944,
        "dmean2": 1.20364511013,
        "dvar": 0.797678291798,
        "dvar2": 1.70846903324,
        "max": 9.06156635284,
        "mean": 0.0351561158895,
        "median": -0.3132584095,
        "min": -1.69020783901,
        "var": 1.86017918587
    },
    "erbbands_skewness": {
        "dmean": 0.365845024586,
        "dmean2": 0.543347895145,
        "dvar": 0.102065898478,
        "dvar2": 0.229513019323,
        "max": 2.77165293694,
        "mean": -0.0308157261461,
        "median": -0.0244079641998,
        "min": -2.23450994492,
        "var": 0.421987116337
    },
    "erbbands_spread": {
        "dmean": 9.8469877243,
        "dmean2": 14.5614395142,
        "dvar": 108.552047729,
        "dvar2": 227.751037598,
        "max": 150.695205688,
        "mean": 43.0084152222,
        "median": 39.7685394287,
        "min": 5.85855197906,
        "var": 444.91192627
    },
    "hfc": {
        "dmean": 7.60384988785,
        "dmean2": 10.7068653107,
        "dvar": 70.5714035034,
        "dvar2": 132.149719238,
        "max": 117.245361328,
        "mean": 28.8516311646,
        "median": 27.0301303864,
        "min": 0.332832038403,
        "var": 286.187591553
    },
    "melbands_crest": {
        "dmean": 4.22327709198,
        "dmean2": 6.77279853821,
        "dvar": 15.0156154633,
        "dvar2": 32.4903526306,
        "max": 37.2446517944,
        "mean": 15.4908885956,
        "median": 13.6708879471,
        "min": 4.07539463043,
        "var": 53.6420516968
    },
    "melbands_flatness_db": {
        "dmean": 0.0267215948552,
        "dmean2": 0.0381979420781,
        "dvar": 0.000693156733178,
        "dvar2": 0.00116282200906,
        "max": 0.435086071491,
        "mean": 0.175119832158,
        "median": 0.162326082587,
        "min": 0.0247313044965,
        "var": 0.00376636511646
    },
    "melbands_kurtosis": {
        "dmean": 8.90483283997,
        "dmean2": 13.1383666992,
        "dvar": 711.51159668,
        "dvar2": 1222.05029297,
        "max": 710.88470459,
        "mean": 14.4584178925,
        "median": 5.81393051147,
        "min": -1.36283898354,
        "var": 1279.96765137
    },
    "melbands_skewness": {
        "dmean": 0.834506034851,
        "dmean2": 1.19640696049,
        "dvar": 1.08287036419,
        "dvar2": 1.85851228237,
        "max": 22.5457839966,
        "mean": 2.67996168137,
        "median": 2.3652908802,
        "min": -0.731249809265,
        "var": 4.27674293518
    },
    "melbands_spread": {
        "dmean": 8.35608291626,
        "dmean2": 12.6106109619,
        "dvar": 97.3746109009,
        "dvar2": 207.14453125,
        "max": 159.729736328,
        "mean": 29.8167629242,
        "median": 27.9047393799,
        "min": 0.584696054459,
        "var": 329.756103516
    },
    "pitch_salience": {
        "dmean": 0.0779387801886,
        "dmean2": 0.121820807457,
        "dvar": 0.00520042236894,
        "dvar2": 0.0113708674908,
        "max": 0.823150396347,
        "mean": 0.557688772678,
        "median": 0.575775444508,
        "min": 0.0971363186836,
        "var": 0.0148369595408
    },
    "silence_rate_20dB": {
        "dmean": 0,
        "dmean2": 0,
        "dvar": 0,
        "dvar2": 0,
        "max": 1,
        "mean": 1,
        "median": 1,
        "min": 1,
        "var": 0
    },
    "silence_rate_30dB": {
        "dmean": 0.00464396271855,
        "dmean2": 0.00929511990398,
        "dvar": 0.0046223574318,
        "dvar2": 0.0123072117567,
        "max": 1,
        "mean": 0.996906399727,
        "median": 1,
        "min": 0,
        "var": 0.00308399973437
    },
    "silence_rate_60dB": {
        "dmean": 0.00773993786424,
        "dmean2": 0.0154918665066,
        "dvar": 0.00768017675728,
        "dvar2": 0.0183505192399,
        "max": 1,
        "mean": 0.00850734766573,
        "median": 0,
        "min": 0,
        "var": 0.00843506027013
    },
    "spectral_centroid": {
        "dmean": 316.096252441,
        "dmean2": 468.446258545,
        "dvar": 93713.9453125,
        "dvar2": 186982.328125,
        "max": 3686.05444336,
        "mean": 1659.72937012,
        "median": 1634.05847168,
        "min": 289.377319336,
        "var": 392270.625
    },
    "spectral_complexity": {
        "dmean": 5.17337465286,
        "dmean2": 7.70720386505,
        "dvar": 24.7609577179,
        "dvar2": 48.7584915161,
        "max": 59,
        "mean": 25.811290741,
        "median": 25,
        "min": 2,
        "var": 118.108253479
    },
    "spectral_decrease": {
        "dmean": 2.53063747735e-09,
        "dmean2": 4.04015532141e-09,
        "dvar": 1.08390554552e-17,
        "dvar2": 2.40354747401e-17,
        "max": -2.45558684497e-10,
        "mean": -8.912314442e-09,
        "median": -7.54611040321e-09,
        "min": -3.17120587567e-08,
        "var": 3.06349416971e-17
    },
    "spectral_energy": {
        "dmean": 0.00987538974732,
        "dmean2": 0.0157211683691,
        "dvar": 0.000158926806762,
        "dvar2": 0.000354549178155,
        "max": 0.121594913304,
        "mean": 0.0362540856004,
        "median": 0.0311786793172,
        "min": 0.000981741934083,
        "var": 0.000452348787803
    },
    "spectral_energyband_high": {
        "dmean": 0.000590668816585,
        "dmean2": 0.000822655274533,
        "dvar": 6.12693270341e-07,
        "dvar2": 1.10026621769e-06,
        "max": 0.00990920700133,
        "mean": 0.00151980877854,
        "median": 0.000932813738473,
        "min": 1.87120315331e-06,
        "var": 2.74103763331e-06
    },
    "spectral_energyband_low": {
        "dmean": 0.00667465943843,
        "dmean2": 0.0105054918677,
        "dvar": 0.000135791822686,
        "dvar2": 0.000284272246063,
        "max": 0.105526387691,
        "mean": 0.0154931852594,
        "median": 0.00698061287403,
        "min": 7.3440273809e-06,
        "var": 0.000364549865481
    },
    "spectral_energyband_middle_high": {
        "dmean": 0.00263040047139,
        "dmean2": 0.00396257732064,
        "dvar": 1.1248890587e-05,
        "dvar2": 2.41085454036e-05,
        "max": 0.0333101451397,
        "mean": 0.00790150370449,
        "median": 0.005172399804,
        "min": 7.01639874023e-05,
        "var": 4.64154290967e-05
    },
    "spectral_energyband_middle_low": {
        "dmean": 0.00536380242556,
        "dmean2": 0.0085122557357,
        "dvar": 4.34726716776e-05,
        "dvar2": 0.000108714266389,
        "max": 0.0688632652164,
        "mean": 0.0119818709791,
        "median": 0.0100410087034,
        "min": 0.000135451031383,
        "var": 7.82793067629e-05
    },
    "spectral_entropy": {
        "dmean": 0.15580317378,
        "dmean2": 0.22241447866,
        "dvar": 0.0251407660544,
        "dvar2": 0.0494578108191,
        "max": 8.62181091309,
        "mean": 7.77776670456,
        "median": 7.77477931976,
        "min": 6.17178535461,
        "var": 0.105866633356
    },
    "spectral_flux": {
        "dmean": 0.0298180803657,
        "dmean2": 0.0475644059479,
        "dvar": 0.000801896967459,
        "dvar2": 0.00214842357673,
        "max": 0.278495877981,
        "mean": 0.107359446585,
        "median": 0.101664692163,
        "min": 0.0130901988596,
        "var": 0.00173016509507
    },
    "spectral_kurtosis": {
        "dmean": 1.30814063549,
        "dmean2": 2.04924106598,
        "dvar": 1.85537350178,
        "dvar2": 4.78226661682,
        "max": 14.2316608429,
        "mean": 3.51191353798,
        "median": 3.20623779297,
        "min": -0.948394298553,
        "var": 5.07891511917
    },
    "spectral_rms": {
        "dmean": 0.00079660868505,
        "dmean2": 0.00124843441881,
        "dvar": 8.18172111394e-07,
        "dvar2": 1.76393973561e-06,
        "max": 0.0108917029575,
        "mean": 0.00569166289642,
        "median": 0.00551527179778,
        "min": 0.000978671014309,
        "var": 2.97473752653e-06
    },
    "spectral_rolloff": {
        "dmean": 662.413452148,
        "dmean2": 1053.06005859,
        "dvar": 1203835.5,
        "dvar2": 2321477.5,
        "max": 11197.265625,
        "mean": 1884.01220703,
        "median": 1658.05664062,
        "min": 43.06640625,
        "var": 3176703.25
    },
    "spectral_skewness": {
        "dmean": 0.226482972503,
        "dmean2": 0.333094626665,
        "dvar": 0.0432996526361,
        "dvar2": 0.0931422635913,
        "max": 2.83772873878,
        "mean": 1.33245849609,
        "median": 1.31099867821,
        "min": 0.343326538801,
        "var": 0.172247201204
    },
    "spectral_spread": {
        "dmean": 626426.875,
        "dmean2": 885298.4375,
        "dvar": 792980226048,
        "dvar2": 1.36889237504e+12,
        "max": 16316758,
        "mean": 4677108.5,
        "median": 4113261,
        "min": 1850176.875,
        "var": 3.11305542042e+12
    },
    "spectral_strongpeak": {
        "dmean": 0.582136332989,
        "dmean2": 0.985786497593,
        "dvar": 0.71603089571,
        "dvar2": 1.86188149452,
        "max": 7.05604553223,
        "mean": 0.877696752548,
        "median": 0.368040323257,
        "min": 0,
        "var": 1.18566632271
    },
    "zerocrossingrate": {
        "dmean": 0.0131250154227,
        "dmean2": 0.0141680985689,
        "dvar": 0.000227296797675,
        "dvar2": 0.000233291328186,
        "max": 0.2587890625,
        "mean": 0.068130530417,
        "median": 0.0625,
        "min": 0.0068359375,
        "var": 0.00149938405957
    },
    "barkbands": {
        "dmean": [0.00238347705454, 0.00441937940195, 0.00218073604628, 0.00140422093682, 0.00326728075743, 0.000814182742033, 0.000836146238726, 0.000686763261911, 0.00100628181826, 0.00082010141341, 0.000626071938314, 0.000571738928556, 0.000513770151883, 0.000550199183635, 0.000553346762899, 0.000539205095265, 0.000340706494171, 0.000235666710068, 0.000240469511482, 0.000215584048419, 0.000193588159163, 0.000141447264468, 9.70771579887e-05, 0.000109056811198, 9.60215402301e-05, 3.69377194147e-05, 3.61552165984e-09],
        "dmean2": [0.00420111138374, 0.00596622470766, 0.00358027475886, 0.00232715555467, 0.0053671495989, 0.00132109445985, 0.00135143927764, 0.00111457507592, 0.00158586818725, 0.00124924944248, 0.000954801042099, 0.000904269050807, 0.000784694799222, 0.00091498484835, 0.000862903019879, 0.000868892064318, 0.000535889179446, 0.000377438875148, 0.000387387757655, 0.000343635561876, 0.000298018479953, 0.000209089470445, 0.000145835074363, 0.000161544885486, 0.000138901683385, 5.11408034072e-05, 6.29039087485e-09],
        "dvar": [2.54432488873e-05, 5.94556549913e-05, 2.78929328488e-05, 1.23606878333e-05, 2.14655483433e-05, 1.91814092432e-06, 1.98149859898e-06, 1.97631811716e-06, 4.27460963692e-06, 2.71924341178e-06, 2.054708375e-06, 1.1838702676e-06, 1.06443962977e-06, 1.24348787267e-06, 8.19668457552e-07, 5.59062527827e-07, 2.39638069388e-07, 1.16659911953e-07, 1.30219945049e-07, 7.83483571354e-08, 6.36271835219e-08, 5.760747257e-08, 2.80451075696e-08, 4.5380478042e-08, 5.30889785466e-08, 1.33233104549e-08, 2.70223494858e-16],
        "dvar2": [7.64400247135e-05, 0.000102588921436, 6.93534238962e-05, 2.88209521386e-05, 5.21428846696e-05, 4.93588504469e-06, 4.69362430522e-06, 4.62018397229e-06, 1.09533166324e-05, 5.88380362387e-06, 4.33609466199e-06, 2.7141143164e-06, 2.20763672587e-06, 3.17920694215e-06, 1.87008936336e-06, 1.33890102916e-06, 5.71175803543e-07, 2.80371864392e-07, 3.06955627138e-07, 1.81768044172e-07, 1.44142816794e-07, 1.22517079149e-07, 6.18962019416e-08, 9.04437982285e-08, 8.79775114981e-08, 2.04549817084e-08, 7.19548030066e-16],
        "max": [0.0419695936143, 0.0916831865907, 0.0471478104591, 0.0327281951904, 0.0579284019768, 0.0176811199635, 0.018636148423, 0.0212223529816, 0.0247568637133, 0.0206799060106, 0.0232234355062, 0.0158975217491, 0.0137330703437, 0.0124366451055, 0.0111298272386, 0.00992218963802, 0.00659138849005, 0.006335537415, 0.00390992639586, 0.00340337795205, 0.00296957651153, 0.00328769534826, 0.00266777956858, 0.00258800038137, 0.0037945266813, 0.00170428236015, 2.67317574298e-07],
        "mean": [0.00294514768757, 0.00897056702524, 0.00303455488756, 0.00158747332171, 0.00507758138701, 0.00151331711095, 0.00118704442866, 0.000883895962033, 0.0015243437374, 0.00124732556287, 0.0009741524118, 0.000825773458928, 0.000735757232178, 0.000742013449781, 0.000951781170443, 0.0008830302977, 0.000593336066231, 0.00043652713066, 0.000422037497628, 0.000441688956926, 0.000375961681129, 0.000256352417637, 0.000193523577764, 0.000216456130147, 0.000174227083335, 6.02054606134e-05, 2.7465711927e-09],
        "median": [0.000310452422127, 0.00313353328966, 0.00166352209635, 0.000608610338531, 0.00253242184408, 0.00102187995799, 0.000683130288962, 0.000372918555513, 0.000590916664805, 0.000347570079612, 0.000259302236373, 0.000306372152409, 0.000243357280851, 0.000257535750279, 0.000382477039238, 0.00053389853565, 0.000385332765291, 0.000268531148322, 0.000263164634816, 0.000294843513984, 0.000222731439862, 0.000101297373476, 7.04186531948e-05, 6.56543925288e-05, 5.69670228288e-05, 8.0376103142e-06, 5.0671788987e-10],
        "min": [2.12076827211e-08, 2.93826087727e-06, 5.97069174546e-07, 1.39414521527e-06, 8.60260297486e-06, 1.1420206647e-06, 5.44708336747e-06, 7.28471434286e-07, 5.31073510501e-06, 5.17256785315e-06, 8.72906980476e-07, 1.07659320747e-06, 4.13917769038e-06, 4.05695573136e-06, 2.17756496568e-06, 9.22142953641e-06, 1.86694478543e-06, 3.13571126753e-06, 7.81376854775e-07, 5.27378915649e-07, 6.33497620584e-07, 1.58279092943e-07, 6.64579857812e-08, 3.3242574915e-08, 4.19987850053e-10, 8.97089260515e-12, 6.70844109429e-12],
        "var": [2.9795062801e-05, 0.000173506356077, 2.64351820078e-05, 1.18908747027e-05, 3.85574276152e-05, 3.22903292727e-06, 2.6580426038e-06, 2.54022393165e-06, 6.77160460327e-06, 5.64854508411e-06, 4.7293165153e-06, 2.34944332078e-06, 1.92830520973e-06, 1.56646058258e-06, 1.6456448293e-06, 1.06738252725e-06, 4.6446422175e-07, 2.45134515353e-07, 2.4636980811e-07, 1.99755433528e-07, 1.81127418841e-07, 1.7160112975e-07, 1.01454894263e-07, 1.38137835393e-07, 1.32662520969e-07, 3.18008694933e-08, 1.89479377712e-16]
    },
    "erbbands": {
        "dmean": [0.263674378395, 0.609920024872, 1.95621073246, 4.3165102005, 7.13527679443, 13.0202856064, 10.5276250839, 6.46827602386, 9.40896987915, 15.5194787979, 13.5218095779, 21.79139328, 21.8220596313, 25.7878704071, 24.2867298126, 20.5114078522, 21.8947315216, 23.9404296875, 29.8982658386, 26.4773826599, 28.0850372314, 19.2921123505, 12.0122385025, 13.7323207855, 11.2087278366, 9.73211765289, 9.35652828217, 6.67276906967, 5.32573461533, 3.59800744057, 2.68061375618, 2.34419035912, 1.96358978748, 1.22572350502, 0.649003744125, 0.228704333305, 0.0638562962413, 0.00494561064988, 9.43782506511e-05, 1.45133226397e-05],
        "dmean2": [0.358481049538, 0.936036884785, 3.22588348389, 7.1789765358, 11.8906946182, 21.2431373596, 17.3610973358, 10.4060916901, 15.6688337326, 24.5433826447, 21.4982776642, 34.3553504944, 33.1494941711, 39.460308075, 36.8016052246, 31.9209766388, 33.1040534973, 37.5983428955, 48.0429458618, 41.0667190552, 45.9189758301, 29.8451805115, 19.0733566284, 22.4716567993, 18.2441654205, 15.4543809891, 14.2902956009, 10.3274517059, 8.08143043518, 5.19936275482, 4.00442028046, 3.4891307354, 2.86337208748, 1.81237649918, 0.920229256153, 0.312000632286, 0.0881136357784, 0.00764787569642, 0.000137770563015, 2.16145363083e-05],
        "dvar": [0.239535987377, 1.17414462566, 18.6175270081, 129.950042725, 142.579315186, 357.730773926, 384.021759033, 140.070343018, 196.801956177, 1434.82177734, 608.210021973, 2484.4753418, 1906.06286621, 2808.25854492, 2667.12841797, 1807.18225098, 1888.97692871, 2394.74462891, 3156.29711914, 1536.75939941, 1281.51647949, 717.86505127, 320.979980469, 454.422943115, 328.293334961, 147.865280151, 170.237457275, 83.7584991455, 80.6370925903, 40.1605796814, 21.4973506927, 19.3075408936, 16.2144851685, 7.65089035034, 3.2577829361, 0.52661716938, 0.0379992611706, 0.000300219428027, 9.15376929811e-08, 3.61601804055e-10],
        "dvar2": [0.383840382099, 2.86406564713, 44.8689804077, 302.079071045, 369.035827637, 899.613891602, 996.274597168, 337.883544922, 497.268554688, 3480.24047852, 1434.95837402, 6765.70703125, 4245.64501953, 6474.30419922, 5755.65039062, 4377.94873047, 3644.1550293, 5896.60693359, 7680.26806641, 3401.73193359, 3092.37109375, 1710.09155273, 734.555114746, 1098.00354004, 783.815734863, 332.571929932, 415.660583496, 199.824081421, 172.741348267, 83.0637130737, 47.9695167542, 43.0494995117, 33.1880340576, 15.2784461975, 5.02870750427, 0.800743997097, 0.0670783370733, 0.000676396884955, 1.86261871704e-07, 6.82341294578e-10],
        "max": [4.78600788116, 12.7323961258, 38.2856941223, 100.813018799, 101.312347412, 228.249023438, 346.967285156, 162.391983032, 194.05368042, 634.286865234, 268.37298584, 701.538024902, 551.152587891, 714.036804199, 785.381896973, 625.689331055, 654.228820801, 722.126159668, 738.50189209, 491.523223877, 414.848083496, 294.461730957, 399.198577881, 253.560974121, 234.53678894, 144.682342529, 174.203796387, 107.639556885, 116.793907166, 102.034362793, 62.3186759949, 56.1448135376, 57.651676178, 40.09897995, 31.3778247833, 11.3297891617, 2.94978237152, 0.310211986303, 0.00506181223318, 0.000298923667287],
        "mean": [0.477822482586, 1.15017306805, 3.22901034355, 5.15831565857, 8.54241847992, 19.7093486786, 16.9540348053, 12.5307359695, 14.7366361618, 20.5525169373, 19.6532249451, 33.5931549072, 34.5319671631, 43.3817176819, 43.2863693237, 30.9749317169, 33.9354324341, 34.6093864441, 47.866519928, 48.5847091675, 49.7715835571, 35.0164871216, 24.3412303925, 24.2814998627, 20.1998233795, 20.6436538696, 18.9509792328, 11.9716777802, 9.71063041687, 6.85422420502, 5.3421216011, 4.42037630081, 3.61839604378, 2.18166923523, 1.11900115013, 0.36542570591, 0.0993060395122, 0.00696705607697, 0.000165918158018, 5.35204490006e-05],
        "median": [0.0674691721797, 0.657266199589, 2.06315732002, 2.46031308174, 3.953966856, 8.5435552597, 8.6741065979, 8.69405269623, 9.64682197571, 9.26019191742, 9.90625190735, 13.7847003937, 12.371254921, 13.0295171738, 14.1746110916, 11.6176366806, 11.9855632782, 12.4205532074, 19.2518577576, 21.4412765503, 33.0363006592, 23.0611114502, 15.8855142593, 15.9326620102, 13.4659738541, 13.8529109955, 11.1650390625, 6.38102245331, 3.88332629204, 2.46531152725, 1.92154324055, 1.53391909599, 0.940395355225, 0.641448497772, 0.288008183241, 0.0557374581695, 0.0133602544665, 0.00096230750205, 4.80073176732e-05, 4.46522608399e-05],
        "min": [5.53821009817e-05, 0.000844191003125, 0.00205269502476, 0.00671701971442, 0.0170580111444, 0.0236746724695, 0.0221239738166, 0.0249816030264, 0.179455652833, 0.0663615837693, 0.0664222612977, 0.0887700691819, 0.246926859021, 0.21748906374, 0.0771839618683, 0.0659170746803, 0.183902949095, 0.292057365179, 0.177719473839, 0.329470217228, 0.630926072598, 0.193162888288, 0.145052060485, 0.0823865160346, 0.0383863709867, 0.0297413431108, 0.032730255276, 0.0238007940352, 0.00585479335859, 0.00477463705465, 0.0014768068213, 0.000936038966756, 0.000289500196232, 8.21680077934e-05, 5.51759658265e-05, 4.55358167528e-06, 1.02911167232e-06, 1.60461510745e-07, 4.92769345328e-07, 1.09980328489e-06],
        "var": [0.674201488495, 2.06183981895, 20.0250759125, 121.658790588, 157.216171265, 683.291687012, 731.243835449, 222.535171509, 281.19241333, 1600.8001709, 901.755493164, 3662.76342773, 3230.8515625, 6182.72949219, 6201.12792969, 3149.02368164, 3723.52905273, 3305.51342773, 4758.20214844, 4050.55175781, 2690.73291016, 1427.72814941, 734.716186523, 753.889648438, 593.702941895, 423.855133057, 435.486999512, 238.755630493, 232.290603638, 145.110351562, 74.2432785034, 54.5882568359, 43.5143547058, 17.1378135681, 7.8778796196, 1.31241357327, 0.0791297703981, 0.000438160670456, 1.62990914987e-07, 1.17158849289e-09]
    },
    "gfcc": {
        "mean": [34.0736923218, 87.5931472778, -124.795982361, 44.1845817566, -57.2223167419, 18.6617202759, -41.2109222412, 13.6017570496, -24.0018577576, 3.9924557209, -15.8822126389, -0.109046861529, -1.77486252785],
        "cov": [[2093.04516602, -600.861816406, 221.407623291, 10.4649658203, -59.9635391235, 147.19102478, -121.019386292, 99.2528610229, -226.487228394, 168.965408325, -121.069030762, 30.7238121033, -98.860786438], [-600.861816406, 936.773803711, -304.154663086, -127.704216003, 192.416549683, -108.47416687, 182.094589233, -67.8711624146, 90.9865112305, -83.3410263062, 67.396522522, -81.8486862183, 96.5489044189], [221.407623291, -304.154663086, 922.553894043, 184.036529541, 59.0357437134, 107.581497192, -99.7225799561, 101.524238586, -38.9256286621, 100.627868652, -4.28018665314, 103.907348633, -62.0611801147], [10.4649658203, -127.704216003, 184.036529541, 405.803497314, -30.6024570465, -37.4842529297, -15.4083223343, -43.7839851379, 74.3119354248, -8.7100725174, 36.9602012634, 29.1475276947, -3.05945134163], [-59.9635391235, 192.416549683, 59.0357437134, -30.6024570465, 260.177307129, 32.3878364563, 44.320350647, 61.9184646606, 12.2487945557, 32.745716095, 12.8978281021, 0.935140430927, 36.8274765015], [147.19102478, -108.47416687, 107.581497192, -37.4842529297, 32.3878364563, 189.844924927, 51.9077186584, 43.8711242676, -16.8318023682, 35.5709266663, 10.5923337936, 12.8630275726, -6.14342737198], [-121.019386292, 182.094589233, -99.7225799561, -15.4083223343, 44.320350647, 51.9077186584, 208.630203247, 22.7569446564, 40.6363716125, 4.52769517899, 20.2307243347, 10.703166008, 31.2621459961], [99.2528610229, -67.8711624146, 101.524238586, -43.7839851379, 61.9184646606, 43.8711242676, 22.7569446564, 158.423950195, 26.7726840973, 52.9710769653, 4.33584451675, 11.0359258652, 17.9604377747], [-226.487228394, 90.9865112305, -38.9256286621, 74.3119354248, 12.2487945557, -16.8318023682, 40.6363716125, 26.7726840973, 185.910308838, 5.14611339569, 47.7600708008, 6.79893016815, 25.7597503662], [168.965408325, -83.3410263062, 100.627868652, -8.7100725174, 32.745716095, 35.5709266663, 4.52769517899, 52.9710769653, 5.14611339569, 108.242141724, 12.3371906281, 21.226020813, 3.82910847664], [-121.069030762, 67.396522522, -4.28018665314, 36.9602012634, 12.8978281021, 10.5923337936, 20.2307243347, 4.33584451675, 47.7600708008, 12.3371906281, 98.7059936523, 15.2214260101, 24.9927310944], [30.7238121033, -81.8486862183, 103.907348633, 29.1475276947, 0.935140430927, 12.8630275726, 10.703166008, 11.0359258652, 6.79893016815, 21.226020813, 15.2214260101, 87.5974121094, 10.0478286743], [-98.860786438, 96.5489044189, -62.0611801147, -3.05945134163, 36.8274765015, -6.14342737198, 31.2621459961, 17.9604377747, 25.7597503662, 3.82910847664, 24.9927310944, 10.0478286743, 94.3268432617]],
        "icov": [[0.000861411856022, -0.000183928073966, 0.000426867540227, -0.000657631491777, 0.000334556389134, -0.000822939095087, 0.000698130286764, -0.000833441095892, 0.00108442339115, -0.00145568454172, 0.000966573366895, -0.000600153696723, 0.000664472929202], [-0.000183928073966, 0.00438890606165, -0.00122405902948, 0.00262466492131, -0.00309361354448, 0.00381297501735, -0.00428882846609, 0.00374145782553, -0.00183486868627, 0.00267304992303, -0.00306277838536, 0.00458628544584, -0.00252456287853], [0.000426867540227, -0.00122405902948, 0.00272044888698, -0.0022084498778, 0.000393521419028, -0.00243346672505, 0.002682430204, -0.00264056189917, 0.00158970034681, -0.00208573928103, 0.00152962910943, -0.00358049268834, 0.0023468118161], [-0.000657631491777, 0.00262466492131, -0.0022084498778, 0.00557491462678, -0.00159321643878, 0.00359088787809, -0.00327790505253, 0.00432113325223, -0.00332899251953, 0.00284868734889, -0.0031435105484, 0.00316471350379, -0.0022391655948], [0.000334556389134, -0.00309361354448, 0.000393521419028, -0.00159321643878, 0.00694225216284, -0.00280316569842, 0.00223575113341, -0.00376585125923, 0.00157298415434, -0.00270711490884, 0.00212069950067, -0.00225954316556, 0.00016655291256], [-0.000822939095087, 0.00381297501735, -0.00243346672505, 0.00359088787809, -0.00280316569842, 0.0109659871086, -0.00646485202014, 0.00311745307408, -0.00148747477215, 0.00245838565752, -0.0045450204052, 0.00488761812449, -0.00190221541561], [0.000698130286764, -0.00428882846609, 0.002682430204, -0.00327790505253, 0.00223575113341, -0.00646485202014, 0.011065418832, -0.00464663933963, 0.00143415434286, -0.00319176889025, 0.00360924308188, -0.00639818748459, 0.00216672476381], [-0.000833441095892, 0.00374145782553, -0.00264056189917, 0.00432113325223, -0.00376585125923, 0.00311745307408, -0.00464663933963, 0.013448221609, -0.00450993375853, 0.000344799220329, -0.00233655259944, 0.0051106037572, -0.00435524946079], [0.00108442339115, -0.00183486868627, 0.00158970034681, -0.00332899251953, 0.00157298415434, -0.00148747477215, 0.00143415434286, -0.00450993375853, 0.00943375844508, -0.00265657203272, -0.000488620891701, -0.00245934911072, 0.00154799874872], [-0.00145568454172, 0.00267304992303, -0.00208573928103, 0.00284868734889, -0.00270711490884, 0.00245838565752, -0.00319176889025, 0.000344799220329, -0.00265657203272, 0.0160570032895, -0.00447782082483, 0.0019032569835, -0.00227498612367], [0.000966573366895, -0.00306277838536, 0.00152962910943, -0.0031435105484, 0.00212069950067, -0.0045450204052, 0.00360924308188, -0.00233655259944, -0.000488620891701, -0.00447782082483, 0.0158465299755, -0.00508281495422, -0.00016491524002], [-0.000600153696723, 0.00458628544584, -0.00358049268834, 0.00316471350379, -0.00225954316556, 0.00488761812449, -0.00639818748459, 0.0051106037572, -0.00245934911072, 0.0019032569835, -0.00508281495422, 0.0197817981243, -0.00539457984269], [0.000664472929202, -0.00252456287853, 0.0023468118161, -0.0022391655948, 0.00016655291256, -0.00190221541561, 0.00216672476381, -0.00435524946079, 0.00154799874872, -0.00227498612367, -0.00016491524002, -0.00539457984269, 0.0155635001138]]
    },
    "melbands": {
        "dmean": [0.00171151245013, 0.000865793437697, 0.000733728345949, 0.000757409085054, 0.000404185469961, 0.00014087127056, 0.000151359912707, 0.000168366037542, 0.000112679190352, 0.000144288409501, 0.000114685877634, 0.000111273140647, 8.92981115612e-05, 7.01816388755e-05, 4.86546559841e-05, 5.08527045895e-05, 4.72955362056e-05, 5.40524233656e-05, 4.06224753533e-05, 3.33278803737e-05, 3.51207636413e-05, 2.21491827688e-05, 1.5041556253e-05, 1.085004169e-05, 1.22754499898e-05, 8.63046352606e-06, 8.23194113764e-06, 6.88116415404e-06, 6.94683603797e-06, 4.50726429335e-06, 3.9506558096e-06, 3.38637323694e-06, 2.68874782705e-06, 1.94685117094e-06, 1.63837466971e-06, 1.55740974606e-06, 1.48974140757e-06, 1.39913538533e-06, 1.49083268752e-06, 9.89020236375e-07],
        "dmean2": [0.00239604222588, 0.0014192230301, 0.00120243546553, 0.00125508708879, 0.000660610094201, 0.000227078096941, 0.000247059273534, 0.000263459980488, 0.000177723588422, 0.000227717697271, 0.000174231943674, 0.000170568571775, 0.000133775509312, 0.000110650595161, 7.44735880289e-05, 7.77658133302e-05, 7.60278708185e-05, 8.8880507974e-05, 6.33108866168e-05, 5.31509249413e-05, 5.8206365793e-05, 3.45230255334e-05, 2.39948149101e-05, 1.72428717633e-05, 2.03220733965e-05, 1.40633419505e-05, 1.35084837893e-05, 1.09510529001e-05, 1.07117184598e-05, 7.07315984982e-06, 6.23000460109e-06, 5.23049311596e-06, 4.03166905016e-06, 2.86768386104e-06, 2.48235869549e-06, 2.34962203649e-06, 2.23628831009e-06, 2.08460346585e-06, 2.308229341e-06, 1.46208799379e-06],
        "dvar": [9.61090881901e-06, 3.24031270793e-06, 3.09592678605e-06, 1.25828603359e-06, 4.58968429484e-07, 6.19209856723e-08, 4.98170855678e-08, 1.56351475766e-07, 4.47834409556e-08, 1.02974553329e-07, 5.11327620245e-08, 5.38147055806e-08, 4.34864837473e-08, 1.7469092839e-08, 1.12376339345e-08, 1.14150298103e-08, 9.99664617751e-09, 1.11237952183e-08, 4.04662436893e-09, 3.15186099442e-09, 2.02018890505e-09, 1.03243269489e-09, 5.57962787084e-10, 1.96933871988e-10, 3.82946230282e-10, 1.77906495091e-10, 1.65691210752e-10, 7.54995302388e-11, 9.71517380433e-11, 3.40460333537e-11, 3.45314714323e-11, 3.18369601515e-11, 2.49278236941e-11, 1.21130544831e-11, 8.20037093785e-12, 8.36101240326e-12, 8.45401439825e-12, 8.47101815776e-12, 1.23134922397e-11, 5.59868037348e-12],
        "dvar2": [1.65389592439e-05, 7.57960469855e-06, 7.14405268809e-06, 3.09573101731e-06, 1.14313411359e-06, 1.51033972884e-07, 1.2290499285e-07, 3.79485783242e-07, 1.07366140867e-07, 2.76797521792e-07, 1.1328952354e-07, 1.20643250057e-07, 9.03563659449e-08, 4.04567579437e-08, 2.31774723858e-08, 2.48740494868e-08, 2.52583234328e-08, 2.75265321648e-08, 8.89319107245e-09, 7.47311723615e-09, 4.97647789643e-09, 2.49943776787e-09, 1.3766768836e-09, 4.56188198328e-10, 9.44541445058e-10, 4.28988650159e-10, 4.02115063469e-10, 1.71211031463e-10, 2.3897595014e-10, 7.61371451996e-11, 8.74490688196e-11, 7.06760969194e-11, 5.80973082143e-11, 2.5533663725e-11, 1.87902089721e-11, 1.98516394295e-11, 1.86340578384e-11, 1.74276201109e-11, 2.67361757733e-11, 1.16273960946e-11],
        "max": [0.0323244184256, 0.0166020877659, 0.0165083855391, 0.0150095429271, 0.011662427336, 0.00318462587893, 0.00288757472299, 0.00635979929939, 0.00225513637997, 0.00453042378649, 0.00276451231912, 0.00324580236338, 0.00333409453742, 0.00241570500657, 0.00171876512468, 0.00181281066034, 0.00141600344796, 0.00127859134227, 0.000856856117025, 0.000731825537514, 0.000441601790953, 0.00034835585393, 0.000373025628505, 0.000206924858503, 0.000233361119172, 0.000180970149813, 0.000159772738698, 0.000102523081296, 0.000141197218909, 6.91070890753e-05, 6.6227192292e-05, 8.61875814735e-05, 6.80020966684e-05, 6.29342757748e-05, 3.83549449907e-05, 3.80214805773e-05, 3.56278687832e-05, 4.04260790674e-05, 5.53454447072e-05, 3.55651791324e-05],
        "mean": [0.00329454196617, 0.00161494547501, 0.000914665113669, 0.00107053969987, 0.000678963086102, 0.000270859833108, 0.00023459669319, 0.000225113981287, 0.000164250523085, 0.000215890875552, 0.000174024302396, 0.000179415364983, 0.00015112067922, 0.000104013852251, 6.91410168656e-05, 7.11397369741e-05, 6.27603221801e-05, 7.69008256611e-05, 6.8868874223e-05, 5.67659917579e-05, 5.78176295676e-05, 3.64525767509e-05, 2.58607396972e-05, 2.00321574084e-05, 1.99179248739e-05, 1.45640624396e-05, 1.39663816299e-05, 1.36895041578e-05, 1.33372941491e-05, 8.28333668323e-06, 6.3362781475e-06, 5.73638726564e-06, 4.46033618573e-06, 3.58023453373e-06, 3.08945732286e-06, 2.82779956251e-06, 2.64541517936e-06, 2.50425841841e-06, 2.3990291993e-06, 1.64169910022e-06],
        "median": [0.000727770966478, 0.00120762456208, 0.00046945156646, 0.00048014591448, 0.000345351611031, 0.000191437677131, 0.000153545741341, 9.99534531729e-05, 7.69519683672e-05, 8.20790519356e-05, 5.66275230085e-05, 4.84615120513e-05, 4.38828028564e-05, 3.76814859919e-05, 2.28358094319e-05, 2.37196181843e-05, 2.1012923753e-05, 2.78956049442e-05, 2.97352071357e-05, 2.6611960493e-05, 3.79748926207e-05, 2.20950187213e-05, 1.56248261192e-05, 1.29099134938e-05, 1.20564336612e-05, 9.1407846412e-06, 8.64340745466e-06, 8.71521206136e-06, 7.48969523556e-06, 4.70541226605e-06, 2.90415164272e-06, 2.18967920773e-06, 1.63453216828e-06, 1.17635715924e-06, 1.10102064355e-06, 1.01858177004e-06, 8.43292582431e-07, 6.38704136691e-07, 5.68396160361e-07, 4.86218027618e-07],
        "min": [7.85219981481e-07, 1.12552152132e-06, 8.54181394061e-07, 1.73646571966e-06, 8.00100906417e-07, 2.4989444114e-07, 2.29076431424e-06, 7.6454966802e-07, 4.73381533084e-07, 6.19531078883e-07, 1.23339361835e-06, 9.4501450576e-07, 1.31031924866e-07, 2.67340169557e-07, 5.41098934548e-08, 5.8038096995e-07, 3.34168305471e-07, 2.15334836184e-07, 2.984093328e-07, 3.80068883032e-07, 5.97595771978e-07, 1.31170935447e-07, 1.79470347916e-07, 1.03683007069e-07, 5.87972941446e-08, 2.54806860056e-08, 1.7059710089e-08, 1.35159066161e-08, 1.42464831043e-08, 1.43728362545e-08, 1.22180781048e-08, 2.19753859554e-09, 3.77984665789e-09, 1.90014537438e-09, 9.28117138699e-10, 5.02510866252e-10, 3.25688476188e-10, 1.77187806094e-10, 1.83382781183e-10, 5.84990259359e-12],
