{
"highlevel": {
    "danceability": {
        "all": {
            "danceable": 4.01615674051e-09,
            "not_danceable": 1
        },
        "probability": 1,
        "value": "not_danceable"
    },
    "gender": {
        "all": {
            "female": 0.618066608906,
            "male": 0.381933391094
        },
        "probability": 0.618066608906,
        "value": "female"
    },
    "genre_dortmund": {
        "all": {
            "alternative": 0.416631966829,
            "blues": 0.00747766206041,
            "electronic": 0.0207010619342,
            "folkcountry": 0.00902791228145,
            "funksoulrnb": 0.00300907739438,
            "jazz": 0.00273135188036,
            "pop": 0.0184185951948,
            "raphiphop": 0.000656386080664,
            "rock": 0.521345973015
        },
        "probability": 0.521345973015,
        "value": "rock"
    },
    "genre_electronic": {
        "all": {
            "ambient": 0.455392956734,
            "dnb": 0.461680948734,
            "house": 0.00382057693787,
            "techno": 0.00483507104218,
            "trance": 0.0742704495788
        },
        "probability": 0.461680948734,
        "value": "dnb"
    },
    "genre_rosamerica": {
        "all": {
            "cla": 0.000861473847181,
            "dan": 0.000156378839165,
            "hip": 7.78993417043e-05,
            "jaz": 0.000182523348485,
            "pop": 0.00247943191789,
            "rhy": 6.77881907905e-05,
            "roc": 0.996110796928,
            "spe": 6.37373523205e-05
        },
        "probability": 0.996110796928,
        "value": "roc"
    },
    "genre_tzanetakis": {
        "all": {
            "blu": 0.0626541376114,
            "cla": 0.0348133966327,
            "cou": 0.0783501937985,
            "dis": 0.104547761381,
            "hip": 0.15693578124,
            "jaz": 0.313987255096,
            "met": 0.044816005975,
            "pop": 0.0627349764109,
            "reg": 0.0627352520823,
            "roc": 0.0784252434969
        },
        "probability": 0.313987255096,
        "value": "jaz"
    },
    "ismir04_rhythm": {
        "all": {
            "ChaChaCha": 0.0597265213728,
            "Jive": 0.486246824265,
            "Quickstep": 0.0140903107822,
            "Rumba-American": 0.00589149491861,
            "Rumba-International": 0.00791847892106,
            "Rumba-Misc": 0.00246290536597,
            "Samba": 0.187117412686,
            "Tango": 0.0441435985267,
            "VienneseWaltz": 0.181852549314,
            "Waltz": 0.010549900122
        },
        "probability": 0.486246824265,
        "value": "Jive"
    },
    "mood_acoustic": {
        "all": {
            "acoustic": 5.86331771046e-06,
            "not_acoustic": 0.999994158745
        },
        "probability": 0.999994158745,
        "value": "not_acoustic"
    },
    "mood_aggressive": {
        "all": {
            "aggressive": 0.999986052513,
            "not_aggressive": 1.39363201015e-05
        },
        "probability": 0.999986052513,
        "value": "aggressive"
    },
    "mood_electronic": {
        "all": {
            "electronic": 0.198654741049,
            "not_electronic": 0.801345288754
        },
        "probability": 0.801345288754,
        "value": "not_electronic"
    },
    "mood_happy": {
        "all": {
            "happy": 0.88524210453,
            "not_happy": 0.114757873118
        },
        "probability": 0.88524210453,
        "value": "happy"
    },
    "mood_party": {
        "all": {
            "not_party": 0.219741269946,
            "party": 0.780258715153
        },
        "probability": 0.780258715153,
        "value": "party"
    },
    "mood_relaxed": {
        "all": {
            "not_relaxed": 0.636057138443,
            "relaxed": 0.363942861557
        },
        "probability": 0.636057138443,
        "value": "not_relaxed"
    },
    "mood_sad": {
        "all": {
            "not_sad": 0.912756502628,
            "sad": 0.0872435197234
        },
        "probability": 0.912756502628,
        "value": "not_sad"
    },
    "moods_mirex": {
        "all": {
            "Cluster1": 0.160686433315,
            "Cluster2": 0.0490828976035,
            "Cluster3": 0.168223783374,
            "Cluster4": 0.0450376793742,
            "Cluster5": 0.576969206333
        },
        "probability": 0.576969206333,
        "value": "Cluster5"
    },
    "timbre": {
        "all": {
            "bright": 0.820715069771,
            "dark": 0.179284930229
        },
        "probability": 0.820715069771,
        "value": "bright"
    },
    "tonal_atonal": {
        "all": {
            "atonal": 0.597495138645,
            "tonal": 0.402504891157
        },
        "probability": 0.597495138645,
        "value": "atonal"
    },
    "voice_instrumental": {
        "all": {
            "instrumental": 0.0697757676244,
            "voice": 0.930224239826
        },
        "probability": 0.930224239826,
        "value": "voice"
    }
},
"lowlevel": {
    "average_loudness": 0.983612775803,
    "barkbands_crest": {
        "dmean": 2.4436776638,
        "dmean2": 4.33050680161,
        "dvar": 6.06173849106,
        "dvar2": 17.7969074249,
        "max": 19.0639896393,
        "mean": 6.87064790726,
        "median": 6.23383140564,
        "min": 2.65814876556,
        "var": 6.59510707855
    },
    "barkbands_flatness_db": {
        "dmean": 0.0151322977617,
        "dmean2": 0.0255155134946,
        "dvar": 0.000156246358529,
        "dvar2": 0.000472876243293,
        "max": 0.170000478625,
        "mean": 0.115773081779,
        "median": 0.115978814662,
        "min": 0.0593427084386,
        "var": 0.000340440281434
    },
    "barkbands_kurtosis": {
        "dmean": 0.613978266716,
        "dmean2": 1.05914020538,
        "dvar": 0.759670734406,
        "dvar2": 2.13320970535,
        "max": 9.42019748688,
        "mean": -0.486184954643,
        "median": -0.729132175446,
        "min": -1.61686301231,
        "var": 0.87468791008
    },
    "barkbands_skewness": {
        "dmean": 0.38029384613,
        "dmean2": 0.640313267708,
        "dvar": 0.127050161362,
        "dvar2": 0.348707735538,
        "max": 3.08281207085,
        "mean": 0.46363273263,
        "median": 0.364980250597,
        "min": -0.924035668373,
        "var": 0.288194805384
    },
    "barkbands_spread": {
        "dmean": 3.86621499062,
        "dmean2": 6.47994089127,
        "dvar": 10.6814165115,
        "dvar2": 29.4587097168,
        "max": 43.6636238098,
        "mean": 27.5792484283,
        "median": 27.7512226105,
        "min": 12.913228035,
        "var": 31.4552822113
    },
    "dissonance": {
        "dmean": 0.0122911259532,
        "dmean2": 0.0211819279939,
        "dvar": 0.00010273688531,
        "dvar2": 0.000289040239295,
        "max": 0.49970933795,
        "mean": 0.479496538639,
        "median": 0.482053279877,
        "min": 0.421119064093,
        "var": 0.000171013904037
    },
    "dynamic_complexity": 0.701770365238,
    "erbbands_crest": {
        "dmean": 2.3522913456,
        "dmean2": 3.95904755592,
        "dvar": 6.32836914062,
        "dvar2": 17.445734024,
        "max": 24.4677028656,
        "mean": 7.45915222168,
        "median": 6.75912618637,
        "min": 2.83044147491,
        "var": 8.62293624878
    },
    "erbbands_flatness_db": {
        "dmean": 0.0151994116604,
        "dmean2": 0.0227463785559,
        "dvar": 0.000204276992008,
        "dvar2": 0.000414022913901,
        "max": 0.245861247182,
        "mean": 0.175103485584,
        "median": 0.176571711898,
        "min": 0.094921849668,
        "var": 0.000629079819191
    },
    "erbbands_kurtosis": {
        "dmean": 0.548979222775,
        "dmean2": 0.909722626209,
        "dvar": 0.260451644659,
        "dvar2": 0.711328744888,
        "max": 4.09096717834,
        "mean": 0.261147469282,
        "median": 0.131123065948,
        "min": -1.13750422001,
        "var": 0.554717004299
    },
    "erbbands_skewness": {
        "dmean": 0.289103090763,
        "dmean2": 0.472931265831,
        "dvar": 0.0582165010273,
        "dvar2": 0.15712235868,
        "max": 1.02746212482,
        "mean": -0.237469926476,
        "median": -0.216994836926,
        "min": -1.79841136932,
        "var": 0.167254507542
    },
    "erbbands_spread": {
        "dmean": 3.78257155418,
        "dmean2": 6.16050052643,
        "dvar": 11.9285154343,
        "dvar2": 29.6602497101,
        "max": 57.0824775696,
        "mean": 24.4277915955,
        "median": 22.862165451,
        "min": 11.1832962036,
        "var": 42.1100387573
    },
    "hfc": {
        "dmean": 6.71039390564,
        "dmean2": 10.9081764221,
        "dvar": 37.934753418,
        "dvar2": 102.053443909,
        "max": 76.889793396,
        "mean": 38.1778106689,
        "median": 38.0550003052,
        "min": 12.2841701508,
        "var": 140.932739258
    },
    "melbands_crest": {
        "dmean": 3.78793525696,
        "dmean2": 6.59669542313,
        "dvar": 10.1655111313,
        "dvar2": 30.8261833191,
        "max": 27.261631012,
        "mean": 11.6489477158,
        "median": 11.0987567902,
        "min": 3.85686683655,
        "var": 17.3442554474
    },
    "melbands_flatness_db": {
        "dmean": 0.0213683955371,
        "dmean2": 0.036655317992,
        "dvar": 0.000343856459949,
        "dvar2": 0.00103590532672,
        "max": 0.24871852994,
        "mean": 0.162398293614,
        "median": 0.160704836249,
        "min": 0.0953633412719,
        "var": 0.000782514573075
    },
    "melbands_kurtosis": {
        "dmean": 1.97323071957,
        "dmean2": 3.433811903,
        "dvar": 9.11113452911,
        "dvar2": 25.5198726654,
        "max": 34.6461715698,
        "mean": 1.79805755615,
        "median": 0.714254379272,
        "min": -1.56854581833,
        "var": 10.2876014709
    },
    "melbands_skewness": {
        "dmean": 0.528232514858,
        "dmean2": 0.895515680313,
        "dvar": 0.279890954494,
        "dvar2": 0.778975188732,
        "max": 5.30353736877,
        "mean": 1.32117891312,
        "median": 1.19575071335,
        "min": -0.245401874185,
        "var": 0.547617375851
    },
    "melbands_spread": {
        "dmean": 7.41451454163,
        "dmean2": 12.5700912476,
        "dvar": 42.9252967834,
        "dvar2": 121.821350098,
        "max": 69.8516845703,
        "mean": 36.6880111694,
        "median": 36.9715957642,
        "min": 8.6288356781,
        "var": 111.197975159
    },
    "pitch_salience": {
        "dmean": 0.0670982599258,
        "dmean2": 0.116320043802,
        "dvar": 0.00321434275247,
        "dvar2": 0.00995660945773,
        "max": 0.771767675877,
        "mean": 0.551658391953,
        "median": 0.551664710045,
        "min": 0.311093270779,
        "var": 0.00526686059311
    },
    "silence_rate_20dB": {
        "dmean": 0,
        "dmean2": 0,
        "dvar": 0,
        "dvar2": 0,
        "max": 1,
        "mean": 1,
        "median": 1,
        "min": 1,
        "var": 0
    },
    "silence_rate_30dB": {
        "dmean": 0,
        "dmean2": 0,
        "dvar": 0,
        "dvar2": 0,
        "max": 1,
        "mean": 1,
        "median": 1,
        "min": 1,
        "var": 0
    },
    "silence_rate_60dB": {
        "dmean": 0,
        "dmean2": 0,
        "dvar": 0,
        "dvar2": 0,
        "max": 0,
        "mean": 0,
        "median": 0,
        "min": 0,
        "var": 0
    },
    "spectral_centroid": {
        "dmean": 157.319000244,
        "dmean2": 256.141937256,
        "dvar": 16395.8007812,
        "dvar2": 42890.6679688,
        "max": 2599.12036133,
        "mean": 1688.26757812,
        "median": 1700.71972656,
        "min": 909.590820312,
        "var": 107354.515625
    },
    "spectral_complexity": {
        "dmean": 3.24380803108,
        "dmean2": 5.30054235458,
        "dvar": 6.18590354919,
        "dvar2": 16.8112754822,
        "max": 48,
        "mean": 32.9729309082,
        "median": 33,
        "min": 18,
        "var": 20.0433635712
    },
    "spectral_decrease": {
        "dmean": 2.44851450226e-09,
        "dmean2": 4.1152956598e-09,
        "dvar": 6.51105127568e-18,
        "dvar2": 1.80225632098e-17,
        "max": -3.36242300669e-09,
        "mean": -1.03935988705e-08,
        "median": -9.94659643538e-09,
        "min": -2.62291450781e-08,
        "var": 8.72734358785e-18
    },
    "spectral_energy": {
        "dmean": 0.00947736203671,
        "dmean2": 0.0158184934407,
        "dvar": 9.23947882256e-05,
        "dvar2": 0.000255636346992,
        "max": 0.101598061621,
        "mean": 0.042690679431,
        "median": 0.0411842353642,
        "min": 0.0138502744958,
        "var": 0.0001332914253
    },
    "spectral_energyband_high": {
        "dmean": 0.000192593593965,
        "dmean2": 0.000287673581624,
        "dvar": 5.26529504441e-08,
        "dvar2": 1.18478716615e-07,
        "max": 0.0042773084715,
        "mean": 0.000680137600284,
        "median": 0.000499013694935,
        "min": 2.85705009446e-05,
        "var": 2.75473439615e-07
    },
    "spectral_energyband_low": {
        "dmean": 0.009267908521,
        "dmean2": 0.0162391401827,
        "dvar": 0.000119226402603,
        "dvar2": 0.000339575432008,
        "max": 0.0821612328291,
        "mean": 0.0151414712891,
        "median": 0.0125804925337,
        "min": 0.000332540774252,
        "var": 0.000122365396237
    },
    "spectral_energyband_middle_high": {
        "dmean": 0.003525077831,
        "dmean2": 0.00568916089833,
        "dvar": 8.91061426955e-06,
        "dvar2": 2.44869370363e-05,
        "max": 0.0366749130189,
        "mean": 0.0168974362314,
        "median": 0.0168708954006,
        "min": 0.00479222787544,
        "var": 3.75421186618e-05
    },
    "spectral_energyband_middle_low": {
        "dmean": 0.00286096381024,
        "dmean2": 0.0046635363251,
        "dvar": 7.44629733163e-06,
        "dvar2": 1.92233965208e-05,
        "max": 0.0339677259326,
        "mean": 0.0113522671163,
        "median": 0.0102135855705,
        "min": 0.00214885245077,
        "var": 2.41782436206e-05
    },
    "spectral_entropy": {
        "dmean": 0.0941658169031,
        "dmean2": 0.138792291284,
        "dvar": 0.00716488482431,
        "dvar2": 0.0144415544346,
        "max": 8.24021053314,
        "mean": 7.63162755966,
        "median": 7.60976171494,
        "min": 7.21753692627,
        "var": 0.0261269174516
    },
    "spectral_flux": {
        "dmean": 0.0219237115234,
        "dmean2": 0.034005060792,
        "dvar": 0.000490193953738,
        "dvar2": 0.00102910166606,
        "max": 0.277826309204,
        "mean": 0.10997454077,
        "median": 0.10331967473,
        "min": 0.053600165993,
        "var": 0.000999069306999
    },
    "spectral_kurtosis": {
        "dmean": 1.67674350739,
        "dmean2": 2.92101597786,
        "dvar": 2.2818877697,
        "dvar2": 6.4853348732,
        "max": 16.5402812958,
        "mean": 5.59508323669,
        "median": 5.28714847565,
        "min": 1.59085798264,
        "var": 4.1992521286
    },
    "spectral_rms": {
        "dmean": 0.000695590861142,
        "dmean2": 0.00114905450027,
        "dvar": 4.08771910543e-07,
        "dvar2": 1.12694590371e-06,
        "max": 0.00995590537786,
        "mean": 0.0063987178728,
        "median": 0.0063387490809,
        "min": 0.00367593020201,
        "var": 7.05842410298e-07
    },
    "spectral_rolloff": {
        "dmean": 355.764099121,
        "dmean2": 617.924438477,
        "dvar": 109705.460938,
        "dvar2": 274545.8125,
        "max": 2906.98242188,
        "mean": 1814.54931641,
        "median": 1744.18945312,
        "min": 215.33203125,
        "var": 219006.609375
    },
    "spectral_skewness": {
        "dmean": 0.185774192214,
        "dmean2": 0.317148834467,
        "dvar": 0.0229340307415,
        "dvar2": 0.0626575350761,
        "max": 2.78080606461,
        "mean": 1.55972850323,
        "median": 1.54321098328,
        "min": 0.878499627113,
        "var": 0.0626882836223
    },
    "spectral_spread": {
        "dmean": 317906.875,
        "dmean2": 455772.75,
        "dvar": 156121710592,
        "dvar2": 223747063808,
        "max": 13507834,
        "mean": 3208608.5,
        "median": 3074430.25,
        "min": 1943254.75,
        "var": 390111789056
    },
    "spectral_strongpeak": {
        "dmean": 0.99727922678,
        "dmean2": 1.81504356861,
        "dvar": 1.99506735802,
        "dvar2": 5.38252258301,
        "max": 8.31083488464,
        "mean": 1.17396473885,
        "median": 0.462823301554,
        "min": 0,
        "var": 2.18593525887
    },
    "zerocrossingrate": {
        "dmean": 0.00545612722635,
        "dmean2": 0.00760901812464,
        "dvar": 2.00743488676e-05,
        "dvar2": 3.69051194866e-05,
        "max": 0.099609375,
        "mean": 0.0594033971429,
        "median": 0.0595703125,
        "min": 0.0283203125,
        "var": 0.00012133911514
    },
    "barkbands": {
        "dmean": [0.000719042553101, 0.00687199551612, 0.00338290561922, 0.00122018286493, 0.00123377237469, 0.000729317544028, 0.000391348410631, 0.000677829026245, 0.00114405015483, 0.0011228765361, 0.000965177896433, 0.000822338159196, 0.000617416575551, 0.00157378742006, 0.000640185666271, 0.000651729351375, 0.0015465086326, 0.00029894214822, 0.000214821833652, 0.000188075529877, 7.29713137844e-05, 5.19214481756e-05, 2.44936309173e-05, 1.79895760084e-05, 1.36214948725e-05, 5.59500904274e-06, 1.17873906191e-08],
        "dmean2": [0.00119642040227, 0.0124060008675, 0.00587238697335, 0.00208443286829, 0.002095581498, 0.00126212660689, 0.000651327078231, 0.00105915858876, 0.00181977974717, 0.0017503608251, 0.00151664705481, 0.00130700110458, 0.00100148143247, 0.00258213141933, 0.00105909607373, 0.00109635957051, 0.00263029034249, 0.000529150245711, 0.00035980224493, 0.000308197544655, 0.000120282034914, 8.06849711807e-05, 3.58822690032e-05, 2.46333420364e-05, 1.95493412321e-05, 7.81217931944e-06, 2.09184651823e-08],
        "dvar": [6.92920366419e-07, 9.638479969e-05, 1.20887789308e-05, 2.19673233914e-06, 2.22837752517e-06, 7.69421831137e-07, 2.64132353323e-07, 1.03949525965e-06, 2.57029910244e-06, 1.98016323338e-06, 1.17700847113e-06, 7.75177170453e-07, 3.63804616654e-07, 3.91724506699e-06, 5.46154524272e-07, 4.11166155345e-07, 5.71967848373e-06, 1.34419224196e-07, 4.65346694511e-08, 4.14972838314e-08, 1.10844471379e-08, 3.63346619459e-09, 1.17828391488e-09, 5.81432291202e-10, 2.9962307635e-10, 7.23954021731e-11, 1.10832715313e-15],
        "dvar2": [1.96621499526e-06, 0.000267043127678, 3.49447145709e-05, 6.32059573036e-06, 5.7461443248e-06, 1.98053589884e-06, 6.93118920481e-07, 2.22658786697e-06, 6.56440215607e-06, 4.64145614387e-06, 2.82482596958e-06, 1.78238292392e-06, 9.4932340744e-07, 1.06972283902e-05, 1.45154569964e-06, 1.14302292786e-06, 1.49747938849e-05, 3.92818293449e-07, 1.28838053115e-07, 1.10059133362e-07, 3.06559755359e-08, 8.50552073217e-09, 2.36666908293e-09, 9.79430314629e-10, 5.59957802349e-10, 1.50750786854e-10, 2.35781658209e-15],
        "max": [0.00639964314178, 0.0690584927797, 0.0363410487771, 0.0136306583881, 0.0190226882696, 0.0163134075701, 0.00841534417123, 0.0207116194069, 0.0267906356603, 0.0184270367026, 0.0138579402119, 0.00965121481568, 0.00721699278802, 0.0250128880143, 0.00994058791548, 0.00570807373151, 0.0196939967573, 0.00331424921751, 0.00224446225911, 0.0027947537601, 0.00210695434362, 0.000775911379606, 0.000413868227042, 0.000274397432804, 0.00015554059064, 7.53614440328e-05, 7.509296438e-07],
        "mean": [0.000829547178, 0.00739799626172, 0.00574028771371, 0.00173910276499, 0.0023156250827, 0.00128384272102, 0.000831547193229, 0.00166666740552, 0.00316281802952, 0.00258765928447, 0.00221899221651, 0.00152927229647, 0.00148032349534, 0.00286419223994, 0.00145209650509, 0.00125719956122, 0.00229168427177, 0.000502352719195, 0.000519390800036, 0.0005600626464, 0.000185086595593, 0.00014029094018, 5.7607612689e-05, 4.22652119596e-05, 2.60874021478e-05, 8.69566065376e-06, 9.15870934648e-09],
        "median": [0.000524119124748, 0.00468061026186, 0.00474632205442, 0.00105360639282, 0.00163209694438, 0.000873590237461, 0.000614460208453, 0.000738227798138, 0.00206593703479, 0.00138615537435, 0.00158985960297, 0.00121108815074, 0.00126905471552, 0.00199887226336, 0.00112699519377, 0.00103005906567, 0.00155649567023, 0.000400369055569, 0.000426178448834, 0.000387531210436, 0.000138221104862, 9.80711265584e-05, 3.75662057195e-05, 2.6834091841e-05, 1.50627101903e-05, 4.43222324975e-06, 2.13736828236e-09],
        "min": [1.71594365383e-06, 2.54538517765e-05, 1.25494389067e-05, 1.14675558507e-05, 6.85498671373e-05, 4.84108750243e-05, 4.48547798442e-05, 3.01239233522e-05, 0.000109693683044, 6.60471559968e-05, 9.87798466667e-06, 6.33308154647e-05, 0.000160093361046, 0.000159807663294, 0.00012447759218, 0.000130859043566, 0.000128640298499, 7.07137951395e-05, 7.67426463426e-05, 3.51855014742e-05, 9.7712409115e-06, 3.49097308572e-06, 1.45516116845e-06, 9.46929390011e-07, 3.21554125549e-07, 1.80161396912e-08, 6.21529910871e-12],
        "var": [7.84020187439e-07, 7.6198070019e-05, 2.05261130759e-05, 3.58757370122e-06, 5.04497847942e-06, 1.82184555797e-06, 5.89569424392e-07, 6.0269549067e-06, 8.83942993823e-06, 8.86201451067e-06, 3.88092803405e-06, 1.6356281094e-06, 8.94500658433e-07, 6.74365264786e-06, 1.17546255751e-06, 7.36337710805e-07, 6.35423748463e-06, 1.4009805227e-07, 1.08355415307e-07, 2.18845585209e-07, 2.44706352959e-08, 1.44425058579e-08, 3.40590600167e-09, 1.8494646925e-09, 7.44149797338e-10, 1.14621145908e-10, 9.11247044381e-16]
    },
    "erbbands": {
        "dmean": [0.234253451228, 1.48772096634, 3.68695092201, 3.94283151627, 2.91904878616, 4.91463565826, 7.15717983246, 4.90312767029, 4.74367904663, 10.4751358032, 13.5030946732, 22.9297428131, 33.7784309387, 26.9792804718, 33.9743843079, 24.7813491821, 27.2274703979, 43.0656280518, 66.3852157593, 27.9447250366, 44.3722953796, 95.4140625, 22.4233665466, 11.6184968948, 9.24899959564, 9.90518379211, 3.30479717255, 2.43577241898, 2.02090978622, 1.13384115696, 0.64361512661, 0.438559949398, 0.297083437443, 0.172872424126, 0.0907371267676, 0.0380914658308, 0.00747264921665, 0.000539181288332, 1.47522086991e-05, 1.09441925815e-05],
        "dmean2": [0.413330316544, 2.7103509903, 6.43435764313, 6.76682567596, 5.05940675735, 8.50685882568, 12.0096054077, 8.43395233154, 7.91549444199, 17.2279129028, 21.0430393219, 36.0920143127, 53.4052619934, 43.2102470398, 52.4661483765, 40.1823425293, 44.4894981384, 69.8453598022, 111.669052124, 46.0075187683, 74.1562423706, 161.991622925, 38.4411087036, 20.1516609192, 15.3196182251, 16.2125263214, 5.44135761261, 3.89750409126, 3.13209724426, 1.72593450546, 0.948304414749, 0.614551901817, 0.427630871534, 0.244535982609, 0.134022027254, 0.0543035902083, 0.0106772519648, 0.000802407215815, 2.15221698454e-05, 1.80173065019e-05],
        "dvar": [0.0833331272006, 4.98353767395, 16.6792316437, 18.6599121094, 13.4666576385, 45.0898551941, 77.6800308228, 46.5143280029, 39.0866584778, 261.594085693, 343.288879395, 1466.83666992, 1575.62023926, 757.515197754, 1122.2520752, 639.065002441, 724.465759277, 2419.7578125, 5717.81787109, 651.346984863, 1764.36218262, 26542.8671875, 655.089416504, 217.117233276, 94.6258010864, 135.063583374, 25.3635921478, 8.55217456818, 5.32500505447, 2.37514996529, 0.756574511528, 0.326554358006, 0.165595978498, 0.0476328879595, 0.0144746601582, 0.00343006267212, 0.00012311982573, 6.96250538113e-07, 3.93986870906e-10, 1.19130261211e-10],
        "dvar2": [0.227676406503, 14.0585479736, 48.5845489502, 53.52003479, 36.5036430359, 121.402099609, 197.728317261, 110.60585022, 101.811553955, 692.43182373, 778.54486084, 3916.00268555, 3886.36181641, 1891.89916992, 2605.86132812, 1580.8145752, 1829.48852539, 6313.92089844, 15480.6630859, 1596.14306641, 4922.50976562, 69944.28125, 1813.15429688, 596.155639648, 258.81072998, 377.265319824, 71.6908493042, 21.5179138184, 13.0991010666, 5.17031526566, 1.57179641724, 0.580695390701, 0.321429342031, 0.0878788456321, 0.028188707307, 0.00735285272822, 0.000243146627326, 1.47498928982e-06, 8.1050638423e-10, 3.1438099346e-10],
        "max": [1.8576310873, 15.7799816132, 33.9275817871, 41.0717086792, 47.5476646423, 102.542709351, 120.484397888, 128.498428345, 114.137672424, 286.275665283, 377.218353271, 767.431274414, 428.498931885, 362.477081299, 480.853363037, 346.560638428, 256.206237793, 659.365539551, 696.555480957, 272.125396729, 392.0597229, 1358.67041016, 293.075042725, 136.494842529, 131.108261108, 138.014266968, 101.844329834, 40.9961929321, 28.5226764679, 18.8481140137, 10.1014976501, 6.26103448868, 4.7619972229, 2.04424905777, 1.03251457214, 0.574657618999, 0.0830110087991, 0.0079229529947, 0.000178353890078, 0.000122114171972],
        "mean": [0.245087400079, 1.56396603584, 5.98258495331, 7.10130929947, 4.593542099, 7.78726863861, 13.947227478, 8.91400241852, 9.17085933685, 23.5965499878, 37.8241920471, 63.4250831604, 91.4228897095, 70.9545288086, 88.1818618774, 53.5815734863, 70.7836532593, 99.4364471436, 128.016326904, 64.3784866333, 86.3837280273, 135.895477295, 43.7421722412, 25.2273216248, 28.9612483978, 28.3642272949, 9.40118026733, 6.71487188339, 5.40695285797, 2.86658430099, 1.53183150291, 1.02059948444, 0.629957556725, 0.335239171982, 0.16072909534, 0.0602776706219, 0.011772445403, 0.000759043323342, 4.26156948379e-05, 5.28905147803e-05],
        "median": [0.144804745913, 0.934481799603, 4.44755077362, 4.98320627213, 3.2902841568, 5.3571639061, 8.86354255676, 6.19999504089, 6.60458707809, 16.5861988068, 22.9470329285, 46.3966789246, 64.3565063477, 57.7198905945, 72.281539917, 44.7869033813, 62.1447257996, 79.0673217773, 98.0219497681, 56.4346046448, 72.4691543579, 84.6267547607, 35.4053344727, 21.504322052, 22.0995407104, 18.2362937927, 7.29454660416, 5.36537408829, 3.68617582321, 1.93439900875, 1.02293229103, 0.65733641386, 0.397534489632, 0.191845163703, 0.0913710817695, 0.0321712642908, 0.00577801885083, 0.000347656256054, 3.39863618137e-05, 5.12880615133e-05],
        "min": [0.00192071252968, 0.012667153962, 0.0787002146244, 0.153385281563, 0.263446569443, 0.199807733297, 0.377262026072, 0.418240398169, 0.733755767345, 1.00488197803, 0.99265897274, 2.29423832893, 3.9330945015, 4.03753709793, 5.80532646179, 6.10814571381, 10.1170806885, 10.8875799179, 9.94163799286, 10.6376113892, 10.059513092, 12.2923069, 7.0807352066, 4.05267238617, 3.33233165741, 1.8937484026, 0.871925711632, 0.254504650831, 0.139999747276, 0.0595511831343, 0.0480185635388, 0.0209372341633, 0.0159876216203, 0.00310899480246, 0.0027751789894, 0.000719277188182, 7.50661129132e-05, 8.89412876859e-06, 8.52066932566e-06, 1.66705285665e-05],
        "var": [0.078106418252, 3.78108906746, 25.6950378418, 40.2631568909, 22.8635654449, 61.53358078, 237.909362793, 108.095054626, 82.9019393921, 559.559387207, 1888.10595703, 3611.27929688, 6462.87304688, 2617.12426758, 3897.5715332, 1226.62316895, 1603.79284668, 5050.3046875, 9869.73828125, 1267.0567627, 3032.20556641, 27991.7402344, 940.894348145, 276.133880615, 454.365814209, 605.514465332, 58.5742111206, 24.5260295868, 21.948431015, 7.36889266968, 2.2403588295, 1.05481886864, 0.436232566833, 0.135778352618, 0.0292391534895, 0.00522141996771, 0.000208601719351, 1.05811852791e-06, 6.94479418417e-10, 2.00579150511e-10]
    },
    "gfcc": {
        "mean": [52.4978904724, 111.531433105, -153.314819336, 34.7694969177, -43.43699646, 23.8190555573, -29.5014190674, 15.8083095551, -20.8957653046, 0.84388756752, -18.6647777557, -4.17938661575, -6.09900903702],
        "cov": [[423.791564941, -272.026916504, 106.807357788, 77.1927947998, -59.9910583496, 104.520111084, 12.6227092743, 42.2436828613, -20.3915367126, 48.8681373596, -41.588306427, 31.442243576, -34.0551338196], [-272.026916504, 274.002471924, -27.4924564362, -53.4426078796, 54.904800415, -83.0511703491, -10.0507555008, -35.7471542358, 24.028968811, -27.5439491272, 41.7375183105, -21.9727458954, 30.7803516388], [106.807357788, -27.4924564362, 231.800689697, 36.5566253662, -3.73061013222, 33.0210380554, -66.2321472168, 11.2683944702, -9.5185213089, 30.7980632782, -4.97986459732, 32.6694984436, -17.2085227966], [77.1927947998, -53.4426078796, 36.5566253662, 96.7568435669, 9.31247901917, 33.6923294067, 17.2479076385, 0.635490953922, 5.60430192947, 13.9560155869, 9.93440246582, 4.0519618988, 2.64893245697], [-59.9910583496, 54.904800415, -3.73061013222, 9.31247901917, 95.8699417114, 15.3663377762, 17.4424858093, 10.6986923218, 5.18338632584, -6.02313613892, 8.22868537903, 1.27721691132, 7.43922710419], [104.520111084, -83.0511703491, 33.0210380554, 33.6923294067, 15.3663377762, 98.0635757446, 45.1499633789, 25.0805187225, 4.92390727997, 19.2835426331, -3.85454726219, 9.30485343933, 1.34280502796], [12.6227092743, -10.0507555008, -66.2321472168, 17.2479076385, 17.4424858093, 45.1499633789, 105.724769592, 23.6588363647, 13.2054767609, 1.59878063202, 3.29057002068, -8.37781906128, 9.11058616638], [42.2436828613, -35.7471542358, 11.2683944702, 0.635490953922, 10.6986923218, 25.0805187225, 23.6588363647, 51.002746582, 18.0250740051, 6.03271102905, -5.14408779144, 9.11621379852, -3.46743106842], [-20.3915367126, 24.028968811, -9.5185213089, 5.60430192947, 5.18338632584, 4.92390727997, 13.2054767609, 18.0250740051, 50.1035919189, 15.2581176758, 10.1098651886, -1.35036730766, 5.15732574463], [48.8681373596, -27.5439491272, 30.7980632782, 13.9560155869, -6.02313613892, 19.2835426331, 1.59878063202, 6.03271102905, 15.2581176758, 44.1448745728, 13.9404554367, 6.261469841, -2.74997854233], [-41.588306427, 41.7375183105, -4.97986459732, 9.93440246582, 8.22868537903, -3.85454726219, 3.29057002068, -5.14408779144, 10.1098651886, 13.9404554367, 45.4248123169, 13.9849872589, 16.6838302612], [31.442243576, -21.9727458954, 32.6694984436, 4.0519618988, 1.27721691132, 9.30485343933, -8.37781906128, 9.11621379852, -1.35036730766, 6.261469841, 13.9849872589, 53.1277885437, 20.2119750977], [-34.0551338196, 30.7803516388, -17.2085227966, 2.64893245697, 7.43922710419, 1.34280502796, 9.11058616638, -3.46743106842, 5.15732574463, -2.74997854233, 16.6838302612, 20.2119750977, 46.3235702515]],
        "icov": [[0.00932431500405, 0.00423204898834, -0.00103627808858, -0.0037895264104, 0.00341843091883, -0.00277449656278, -0.000464165583253, -0.00278318417259, 0.00342742493376, -0.00602697068825, 0.00564017239958, -0.00349885411561, 0.00204484164715], [0.00423204898834, 0.038994666189, -0.0230155531317, 0.0235412884504, -0.0193328857422, 0.0273664705455, -0.0218859016895, 0.0269215423614, -0.0272541027516, 0.0253812652081, -0.0316865891218, 0.0255682487041, -0.0192672666162], [-0.00103627808858, -0.0230155531317, 0.0228632614017, -0.01798434183, 0.0117928944528, -0.0206710621715, 0.0208538789302, -0.0196377653629, 0.0191922131926, -0.020696349442, 0.0218628216535, -0.0200103726238, 0.0146785005927], [-0.0037895264104, 0.0235412884504, -0.01798434183, 0.0322539024055, -0.0160579010844, 0.0174344629049, -0.0177104622126, 0.0240850821137, -0.0227174721658, 0.021711692214, -0.0283788498491, 0.0209020227194, -0.0146751673892], [0.00341843091883, -0.0193328857422, 0.0117928944528, -0.0160579010844, 0.0247952081263, -0.0188941210508, 0.011420157738, -0.0191426854581, 0.0169601459056, -0.0137662459165, 0.0176287591457, -0.0150389503688, 0.0110523039475], [-0.00277449656278, 0.0273664705455, -0.0206710621715, 0.0174344629049, -0.0188941210508, 0.0425730720162, -0.0260046180338, 0.0189797207713, -0.020331569016, 0.0164786074311, -0.0229053813964, 0.0203889962286, -0.0179692152888], [-0.000464165583253, -0.0218859016895, 0.0208538789302, -0.0177104622126, 0.011420157738, -0.0260046180338, 0.0337127186358, -0.0241588298231, 0.0175129566342, -0.016433281824, 0.0178758297116, -0.0124499863014, 0.00951065309346], [-0.00278318417259, 0.0269215423614, -0.0196377653629, 0.0240850821137, -0.0191426854581, 0.0189797207713, -0.0241588298231, 0.055452350527, -0.0360124818981, 0.0253899209201, -0.0217564571649, 0.0121190175414, -0.00911614391953], [0.00342742493376, -0.0272541027516, 0.0191922131926, -0.0227174721658, 0.0169601459056, -0.020331569016, 0.0175129566342, -0.0360124818981, 0.0531458370388, -0.0347429066896, 0.0249981507659, -0.0166137814522, 0.0110497875139], [-0.00602697068825, 0.0253812652081, -0.020696349442, 0.021711692214, -0.0137662459165, 0.0164786074311, -0.016433281824, 0.0253899209201, -0.0347429066896, 0.062361471355, -0.0424395687878, 0.0224969144911, -0.0103209223598], [0.00564017239958, -0.0316865891218, 0.0218628216535, -0.0283788498491, 0.0176287591457, -0.0229053813964, 0.0178758297116, -0.0217564571649, 0.0249981507659, -0.0424395687878, 0.0696453377604, -0.0350496023893, 0.0125412531197], [-0.00349885411561, 0.0255682487041, -0.0200103726238, 0.0209020227194, -0.0150389503688, 0.0203889962286, -0.0124499863014, 0.0121190175414, -0.0166137814522, 0.0224969144911, -0.0350496023893, 0.0525400750339, -0.0301261469722], [0.00204484164715, -0.0192672666162, 0.0146785005927, -0.0146751673892, 0.0110523039475, -0.0179692152888, 0.00951065309346, -0.00911614391953, 0.0110497875139, -0.0103209223598, 0.0125412531197, -0.0301261469722, 0.0451630540192]]
    },
    "melbands": {
        "dmean": [0.00193550507538, 0.00186138146091, 0.000610572518781, 0.000246293348027, 0.000244111739448, 0.000116478870041, 6.97666691849e-05, 0.000131762921228, 0.000116482275189, 0.00015282179811, 0.000179260692676, 0.000123183082906, 0.000138655377668, 9.49936365942e-05, 6.77502102917e-05, 6.49768917356e-05, 9.64503997238e-05, 0.00014211985399, 3.98679476348e-05, 3.35875593009e-05, 5.39587490493e-05, 0.000109520740807, 4.76122731925e-05, 1.64258599398e-05, 1.03097399915e-05, 7.88265970186e-06, 7.98807468527e-06, 6.98080748407e-06, 2.58193063019e-06, 1.9110377707e-06, 1.46270156165e-06, 1.45130991314e-06, 8.89926639047e-07, 5.98613780767e-07, 3.92950141759e-07, 3.47607027607e-07, 2.62264904904e-07, 2.33192835708e-07, 1.76408278207e-07, 1.47682797547e-07],
        "dmean2": [0.00346052949317, 0.00327960029244, 0.0010353064863, 0.000431767635746, 0.000410572916735, 0.000201111266506, 0.000115672708489, 0.000210620914004, 0.000181091658305, 0.000241188899963, 0.000282337190583, 0.000194940221263, 0.000216353058931, 0.000149484229041, 0.000113783338747, 0.000103515456431, 0.000156987414812, 0.000239741522819, 6.64411127218e-05, 5.53035170014e-05, 9.01890962268e-05, 0.000184652948519, 8.16207175376e-05, 2.93188313663e-05, 1.7847507479e-05, 1.32500654217e-05, 1.30833468575e-05, 1.14679869512e-05, 4.2884830691e-06, 3.19907826452e-06, 2.33469449995e-06, 2.31543936025e-06, 1.34265383167e-06, 9.38212451729e-07, 5.83197845572e-07, 5.35169021987e-07, 3.7130007513e-07, 3.46481783708e-07, 2.54293979651e-07, 2.1723117527e-07],
        "dvar": [6.91723698765e-06, 4.95918857268e-06, 4.2416377255e-07, 9.94251863062e-08, 9.77396368285e-08, 2.3653402792e-08, 7.82454723236e-09, 3.74251669655e-08, 2.41222810615e-08, 5.48778444909e-08, 4.39803358177e-08, 1.65989693102e-08, 2.28715926198e-08, 1.43182976586e-08, 4.97794205856e-09, 4.32114166671e-09, 1.31519763968e-08, 2.98342612837e-08, 1.58276591833e-09, 8.76204053757e-10, 2.734316773e-09, 3.60380134623e-08, 4.55888748974e-09, 5.21189702507e-10, 1.85997189872e-10, 6.39263503244e-11, 6.96644061882e-11, 7.46363873483e-11, 1.56459879774e-11, 7.21284533836e-12, 2.5861548146e-12, 2.81963016303e-12, 1.59534429937e-12, 6.97640458857e-13, 2.72319710184e-13, 2.32870688878e-13, 1.12454248929e-13, 1.04205184791e-13, 5.38508751751e-14, 3.68504461971e-14],
        "dvar2": [1.90795872186e-05, 1.45349367813e-05, 1.21442144518e-06, 2.62645016846e-07, 2.49943070685e-07, 5.7767959305e-08, 2.00904413106e-08, 9.11987356744e-08, 5.80069823286e-08, 1.46203802842e-07, 1.0741906209e-07, 4.08422344833e-08, 5.31446140428e-08, 3.18184945058e-08, 1.33243469591e-08, 1.02474686514e-08, 3.56128033729e-08, 8.03025770324e-08, 3.95822574717e-09, 2.28221352927e-09, 7.36703542614e-09, 9.52594518822e-08, 1.2189818932e-08, 1.57942048329e-09, 5.08582231884e-10, 1.80628054181e-10, 1.78277753671e-10, 2.10408704349e-10, 4.43753783719e-11, 2.01595233562e-11, 6.49581994097e-12, 7.59834816594e-12, 3.43322896154e-12, 1.57599671161e-12, 5.81084605347e-13, 5.22765316278e-13, 1.94356724183e-13, 2.1628567535e-13, 1.09240761781e-13, 7.24261755712e-14],
        "max": [0.0178399141878, 0.0160291716456, 0.00576347811148, 0.00506241852418, 0.00402762135491, 0.00296514364891, 0.00153152807616, 0.00298677338287, 0.00258798920549, 0.00447516748682, 0.00234712893143, 0.00175891863182, 0.00212011951953, 0.0014270558022, 0.000769514066633, 0.000949809036683, 0.00167750113178, 0.00174012698699, 0.000532482285053, 0.000267500756308, 0.000517597480211, 0.00156178371981, 0.000738247705158, 0.000228410717682, 0.000131721477374, 8.33778758533e-05, 0.000118333977298, 9.89469772321e-05, 7.16538270353e-05, 4.32246124547e-05, 1.85823137144e-05, 2.16424596147e-05, 1.65530564118e-05, 8.99855785974e-06, 6.52089465802e-06, 6.33794161331e-06, 3.67743223251e-06, 3.76874322683e-06, 2.38399570662e-06, 1.84288978744e-06],
        "mean": [0.00210029655136, 0.00281666149385, 0.00115378259216, 0.000409648695495, 0.000485927477712, 0.000212612721953, 0.000140465403092, 0.000312871328788, 0.000322486972436, 0.00041829640395, 0.000476336543215, 0.000306983070914, 0.000338149140589, 0.000175244218553, 0.000139904703246, 0.000161205462064, 0.000196535227587, 0.000250105396844, 9.18459554669e-05, 7.11489774403e-05, 9.89068648778e-05, 0.000150477178977, 7.24354758859e-05, 2.49119439104e-05, 1.90534847206e-05, 1.98352900043e-05, 2.29167380894e-05, 1.76020075742e-05, 5.86781607126e-06, 3.97817211706e-06, 3.83785800295e-06, 3.63378308066e-06, 1.84128612091e-06, 1.38892380619e-06, 8.85674467099e-07, 7.23153277704e-07, 5.75680303427e-07, 4.61925964146e-07, 3.40962685641e-07, 2.63778844101e-07],
        "median": [0.00135755748488, 0.00209815707058, 0.000862144923303, 0.000302409171127, 0.000304926739773, 0.000150556355948, 0.000103086109448, 0.000194380205357, 0.000219201581785, 0.000288125738734, 0.000333719770424, 0.000227576791076, 0.000247560325079, 0.000123778081615, 0.00011423509568, 0.000131001288537, 0.000149569081259, 0.000173939639353, 7.23634584574e-05, 6.07593574387e-05, 8.11366917333e-05, 8.2231927081e-05, 4.5123975724e-05, 1.74889828486e-05, 1.51686335812e-05, 1.62531414389e-05, 1.63525019161e-05, 1.08112026282e-05, 4.36100526713e-06, 2.95187919619e-06, 3.02841021949e-06, 2.39440964833e-06, 1.18455398024e-06, 9.52871914706e-07, 5.66851326766e-07, 4.62188523898e-07, 3.64213178727e-07, 2.84790331762e-07, 2.03619251238e-07, 1.43655384477e-07],
        "min": [1.08262083813e-05, 2.82755954686e-05, 4.87375255034e-05, 1.12577918117e-05, 1.37675497172e-05, 8.29850705486e-06, 8.88330487214e-06, 5.53482504984e-06, 9.16339740797e-06, 1.46995325849e-05, 9.16288354347e-06, 1.15805996757e-05, 1.28427163872e-05, 7.17002376405e-06, 9.73546957539e-06, 1.48282633745e-05, 1.20445492939e-05, 9.78162461251e-06, 6.76400213706e-06, 1.08128760985e-05, 8.87285023055e-06, 9.71681583906e-06, 4.15034264734e-06, 2.77234175883e-06, 2.87899979412e-06, 2.34874619309e-06, 2.25718258662e-06, 8.77349521033e-07, 4.57663617226e-07, 8.06098867656e-08, 1.01325611013e-07, 6.49439897416e-08, 4.67399274839e-08, 2.54470258199e-08, 2.95996649413e-08, 1.92879117122e-08, 1.15868967754e-08, 1.31921451541e-08, 3.70241570735e-09, 1.9767394388e-09],
