{
"highlevel": {
    "danceability": {
        "all": {
            "danceable": 0.700501561165,
            "not_danceable": 0.299498409033
        },
        "probability": 0.700501561165,
        "value": "danceable"
    },
    "gender": {
        "all": {
            "female": 0.86371743679,
            "male": 0.136282548308
        },
        "probability": 0.86371743679,
        "value": "female"
    },
    "genre_dortmund": {
        "all": {
            "alternative": 0.00967985391617,
            "blues": 0.00473103206605,
            "electronic": 0.127030178905,
            "folkcountry": 0.00759038655087,
            "funksoulrnb": 0.003824215848,
            "jazz": 0.773271203041,
            "pop": 0.00959549192339,
            "raphiphop": 0.0613459944725,
            "rock": 0.00293167750351
        },
        "probability": 0.773271203041,
        "value": "jazz"
    },
    "genre_electronic": {
        "all": {
            "ambient": 0.841116368771,
            "dnb": 0.00571239879355,
            "house": 0.123144775629,
            "techno": 0.0224721059203,
            "trance": 0.00755431968719
        },
        "probability": 0.841116368771,
        "value": "ambient"
    },
    "genre_rosamerica": {
        "all": {
            "cla": 0.134440839291,
            "dan": 0.0210879966617,
            "hip": 0.18790115416,
            "jaz": 0.183568835258,
            "pop": 0.0163860172033,
            "rhy": 0.419335246086,
            "roc": 0.00905353017151,
            "spe": 0.0282263811678
        },
        "probability": 0.419335246086,
        "value": "rhy"
    },
    "genre_tzanetakis": {
        "all": {
            "blu": 0.0627751424909,
            "cla": 0.0348114222288,
            "cou": 0.0784353986382,
            "dis": 0.0629700869322,
            "hip": 0.156746655703,
            "jaz": 0.313668608665,
            "met": 0.0447844266891,
            "pop": 0.0783641412854,
            "reg": 0.0629531368613,
            "roc": 0.104491002858
        },
        "probability": 0.313668608665,
        "value": "jaz"
    },
    "ismir04_rhythm": {
        "all": {
            "ChaChaCha": 0.147298306227,
            "Jive": 0.0205570254475,
            "Quickstep": 0.108405694366,
            "Rumba-American": 0.0503338053823,
            "Rumba-International": 0.299029320478,
            "Rumba-Misc": 0.0761350914836,
            "Samba": 0.164456278086,
            "Tango": 0.0550807490945,
            "VienneseWaltz": 0.0208266917616,
            "Waltz": 0.0578770600259
        },
        "probability": 0.299029320478,
        "value": "Rumba-International"
    },
    "mood_acoustic": {
        "all": {
            "acoustic": 0.57217258215,
            "not_acoustic": 0.427827447653
        },
        "probability": 0.57217258215,
        "value": "acoustic"
    },
    "mood_aggressive": {
        "all": {
            "aggressive": 0.334826439619,
            "not_aggressive": 0.665173530579
        },
        "probability": 0.665173530579,
        "value": "not_aggressive"
    },
    "mood_electronic": {
        "all": {
            "electronic": 0.81583750248,
            "not_electronic": 0.184162467718
        },
        "probability": 0.81583750248,
        "value": "electronic"
    },
    "mood_happy": {
        "all": {
            "happy": 0.179031431675,
            "not_happy": 0.820968568325
        },
        "probability": 0.820968568325,
        "value": "not_happy"
    },
    "mood_party": {
        "all": {
            "not_party": 0.738806426525,
            "party": 0.261193543673
        },
        "probability": 0.738806426525,
        "value": "not_party"
    },
    "mood_relaxed": {
        "all": {
            "not_relaxed": 0.0221454314888,
            "relaxed": 0.977854549885
        },
        "probability": 0.977854549885,
        "value": "relaxed"
    },
    "mood_sad": {
        "all": {
            "not_sad": 0.378739327192,
            "sad": 0.621260643005
        },
        "probability": 0.621260643005,
        "value": "sad"
    },
    "moods_mirex": {
        "all": {
            "Cluster1": 0.223639830947,
            "Cluster2": 0.182453125715,
            "Cluster3": 0.49845790863,
            "Cluster4": 0.0675106048584,
            "Cluster5": 0.0279385186732
        },
        "probability": 0.49845790863,
        "value": "Cluster3"
    },
    "timbre": {
        "all": {
            "bright": 0.0251309778541,
            "dark": 0.974869012833
        },
        "probability": 0.974869012833,
        "value": "dark"
    },
    "tonal_atonal": {
        "all": {
            "atonal": 0.00445443717763,
            "tonal": 0.995545566082
        },
        "probability": 0.995545566082,
        "value": "tonal"
    },
    "voice_instrumental": {
        "all": {
            "instrumental": 0.960445046425,
            "voice": 0.0395549833775
        },
        "probability": 0.960445046425,
        "value": "instrumental"
    }
},
"lowlevel": {
    "average_loudness": 0.955974876881,
    "barkbands_crest": {
        "dmean": 3.19813632965,
        "dmean2": 5.21933937073,
        "dvar": 10.869055748,
        "dvar2": 30.7470741272,
        "max": 25.7490100861,
        "mean": 15.4066305161,
        "median": 14.757276535,
        "min": 3.27671670914,
        "var": 27.3867855072
    },
    "barkbands_flatness_db": {
        "dmean": 0.0412734299898,
        "dmean2": 0.0572538003325,
        "dvar": 0.00214606011286,
        "dvar2": 0.00391532946378,
        "max": 0.655112922192,
        "mean": 0.296179383993,
        "median": 0.281475067139,
        "min": 0.0590725056827,
        "var": 0.0113279307261
    },
    "barkbands_kurtosis": {
        "dmean": 21.6651592255,
        "dmean2": 34.7469520569,
        "dvar": 1611.34179688,
        "dvar2": 3919.28076172,
        "max": 561.183288574,
        "mean": 35.6657829285,
        "median": 19.1733074188,
        "min": -1.11852896214,
        "var": 2577.59692383
    },
    "barkbands_skewness": {
        "dmean": 1.26592969894,
        "dmean2": 1.98454296589,
        "dvar": 2.23215866089,
        "dvar2": 5.49425697327,
        "max": 17.2268848419,
        "mean": 3.61284470558,
        "median": 3.18721628189,
        "min": -0.0531118996441,
        "var": 5.21501779556
    },
    "barkbands_spread": {
        "dmean": 2.63651943207,
        "dmean2": 3.75141310692,
        "dvar": 27.681180954,
        "dvar2": 50.3657836914,
        "max": 52.380607605,
        "mean": 6.08961868286,
        "median": 3.45738077164,
        "min": 0.205059140921,
        "var": 64.7533035278
    },
    "dissonance": {
        "dmean": 0.0355711840093,
        "dmean2": 0.0609460510314,
        "dvar": 0.00168669724371,
        "dvar2": 0.004803000018,
        "max": 0.500000059605,
        "mean": 0.426518112421,
        "median": 0.435521423817,
        "min": 0.14881952107,
        "var": 0.00259527703747
    },
    "dynamic_complexity": 5.99075078964,
    "erbbands_crest": {
        "dmean": 2.51817536354,
        "dmean2": 3.94139790535,
        "dvar": 5.343729496,
        "dvar2": 12.2183609009,
        "max": 26.0604763031,
        "mean": 10.9952335358,
        "median": 10.5460100174,
        "min": 2.71178650856,
        "var": 20.5494689941
    },
    "erbbands_flatness_db": {
        "dmean": 0.0278569944203,
        "dmean2": 0.0376279726624,
        "dvar": 0.00104861881118,
        "dvar2": 0.0019327676855,
        "max": 0.448484629393,
        "mean": 0.190307483077,
        "median": 0.179311648011,
        "min": 0.0627026185393,
        "var": 0.00376800703816
    },
    "erbbands_kurtosis": {
        "dmean": 4.72234535217,
        "dmean2": 7.47953224182,
        "dvar": 99.2747039795,
        "dvar2": 255.558914185,
        "max": 114.324180603,
        "mean": 6.88737869263,
        "median": 3.21740531921,
        "min": -1.54261279106,
        "var": 148.689346313
    },
    "erbbands_skewness": {
        "dmean": 0.59936851263,
        "dmean2": 0.889171898365,
        "dvar": 0.562241852283,
        "dvar2": 1.33543252945,
        "max": 9.39201831818,
        "mean": 1.79994571209,
        "median": 1.64119923115,
        "min": -0.365486741066,
        "var": 1.76050198078
    },
    "erbbands_spread": {
        "dmean": 8.22622489929,
        "dmean2": 12.4186677933,
        "dvar": 112.904930115,
        "dvar2": 230.713088989,
        "max": 108.138092041,
        "mean": 28.3755989075,
        "median": 25.3199939728,
        "min": 1.36870265007,
        "var": 293.236083984
    },
    "hfc": {
        "dmean": 4.7692899704,
        "dmean2": 7.48143482208,
        "dvar": 126.644012451,
        "dvar2": 287.298492432,
        "max": 74.3308410645,
        "mean": 4.76135635376,
        "median": 0.892995476723,
        "min": 0.0913051888347,
        "var": 127.02885437
    },
    "melbands_crest": {
        "dmean": 2.95101428032,
        "dmean2": 4.84564352036,
        "dvar": 8.98463058472,
        "dvar2": 22.8292694092,
        "max": 32.0739555359,
        "mean": 19.0019359589,
        "median": 18.8120861053,
        "min": 5.10791397095,
        "var": 32.786693573
    },
    "melbands_flatness_db": {
        "dmean": 0.0474341399968,
        "dmean2": 0.0630122199655,
        "dvar": 0.00281893019564,
        "dvar2": 0.00482703419402,
        "max": 0.807229220867,
        "mean": 0.390527367592,
        "median": 0.383218884468,
        "min": 0.0726248547435,
        "var": 0.0173053983599
    },
    "melbands_kurtosis": {
        "dmean": 21.2092914581,
        "dmean2": 33.7352409363,
        "dvar": 931.946472168,
        "dvar2": 2174.25146484,
        "max": 363.299072266,
        "mean": 41.7942657471,
        "median": 30.0473556519,
        "min": -0.407868623734,
        "var": 1738.56384277
    },
    "melbands_skewness": {
        "dmean": 1.07608151436,
        "dmean2": 1.6965239048,
        "dvar": 1.41911792755,
        "dvar2": 3.46272826195,
        "max": 13.5320358276,
        "mean": 3.7266266346,
        "median": 3.53081941605,
        "min": 0.449080944061,
        "var": 3.81434702873
    },
    "melbands_spread": {
        "dmean": 2.36304855347,
        "dmean2": 3.54160761833,
        "dvar": 31.5441017151,
        "dvar2": 67.0463027954,
        "max": 52.9458656311,
        "mean": 5.61070156097,
        "median": 2.97014355659,
        "min": 0.310089737177,
        "var": 64.4421234131
    },
    "pitch_salience": {
        "dmean": 0.0972730964422,
        "dmean2": 0.160217776895,
        "dvar": 0.0100447069854,
        "dvar2": 0.0260501783341,
        "max": 0.856799066067,
        "mean": 0.445483714342,
        "median": 0.455771505833,
        "min": 0.0557785145938,
        "var": 0.0313801951706
    },
    "silence_rate_20dB": {
        "dmean": 0,
        "dmean2": 0,
        "dvar": 0,
        "dvar2": 0,
        "max": 1,
        "mean": 1,
        "median": 1,
        "min": 1,
        "var": 0
    },
    "silence_rate_30dB": {
        "dmean": 0.0835913345218,
        "dmean2": 0.167312160134,
        "dvar": 0.0766043141484,
        "dvar2": 0.14861574769,
        "max": 1,
        "mean": 0.914153158665,
        "median": 1,
        "min": 0,
        "var": 0.0784774720669
    },
    "silence_rate_60dB": {
        "dmean": 0.0804953575134,
        "dmean2": 0.161115407944,
        "dvar": 0.0740157738328,
        "dvar2": 0.166139036417,
        "max": 1,
        "mean": 0.291569977999,
        "median": 0,
        "min": 0,
        "var": 0.206555083394
    },
    "spectral_centroid": {
        "dmean": 134.530487061,
        "dmean2": 189.435653687,
        "dvar": 64578.265625,
        "dvar2": 119373.421875,
        "max": 2611.61791992,
        "mean": 462.020385742,
        "median": 327.323455811,
        "min": 100.194717407,
        "var": 174114.6875
    },
    "spectral_complexity": {
        "dmean": 2.00774002075,
        "dmean2": 2.93415951729,
        "dvar": 24.0093154907,
        "dvar2": 42.7974014282,
        "max": 51,
        "mean": 5.49961328506,
        "median": 4,
        "min": 0,
        "var": 40.1465187073
    },
    "spectral_decrease": {
        "dmean": 7.24764381843e-09,
        "dmean2": 1.18803322735e-08,
        "dvar": 2.9516067422e-16,
        "dvar2": 7.19843644565e-16,
        "max": -4.21542904749e-11,
        "mean": -6.66630928237e-09,
        "median": -1.3870545823e-09,
        "min": -1.02013167691e-07,
        "var": 2.56470962047e-16
    },
    "spectral_energy": {
        "dmean": 0.0277680959553,
        "dmean2": 0.0454656891525,
        "dvar": 0.00431032618508,
        "dvar2": 0.0105126462877,
        "max": 0.388525724411,
        "mean": 0.0255920309573,
        "median": 0.00538298347965,
        "min": 0.000167381454958,
        "var": 0.0037467610091
    },
    "spectral_energyband_high": {
        "dmean": 0.000126900718897,
        "dmean2": 0.000192231076653,
        "dvar": 2.91026424293e-07,
        "dvar2": 6.47970239243e-07,
        "max": 0.00475855078548,
        "mean": 0.000114855996799,
        "median": 5.92385731579e-06,
        "min": 2.32384621768e-07,
        "var": 2.89817222665e-07
    },
    "spectral_energyband_low": {
        "dmean": 0.0214041620493,
        "dmean2": 0.0347891189158,
        "dvar": 0.00343830115162,
        "dvar2": 0.00843528658152,
        "max": 0.384895324707,
        "mean": 0.0195776298642,
        "median": 0.0029851924628,
        "min": 2.01692437258e-05,
        "var": 0.00296605168842
    },
    "spectral_energyband_middle_high": {
        "dmean": 0.000281055545202,
        "dmean2": 0.000378359196475,
        "dvar": 1.03705849597e-06,
        "dvar2": 1.77251786226e-06,
        "max": 0.0106739737093,
        "mean": 0.000399361044401,
        "median": 4.96372995258e-05,
        "min": 3.86870794955e-07,
        "var": 1.56025271281e-06
    },
    "spectral_energyband_middle_low": {
        "dmean": 0.00917734019458,
        "dmean2": 0.0169807076454,
        "dvar": 0.000764010648709,
        "dvar2": 0.00212370720692,
        "max": 0.191727265716,
        "mean": 0.00673579145223,
        "median": 0.00126943655778,
        "min": 6.8753339292e-05,
        "var": 0.000469179038191
    },
    "spectral_entropy": {
        "dmean": 0.331394523382,
        "dmean2": 0.446808367968,
        "dvar": 0.125212401152,
        "dvar2": 0.213375478983,
        "max": 8.30361175537,
        "mean": 6.5574593544,
        "median": 6.64113616943,
        "min": 3.78567552567,
        "var": 0.672697782516
    },
    "spectral_flux": {
        "dmean": 0.0488298684359,
        "dmean2": 0.0686363056302,
        "dvar": 0.00788306631148,
        "dvar2": 0.0142563832924,
        "max": 0.536063849926,
        "mean": 0.078701145947,
        "median": 0.0225296597928,
        "min": 0.0035197485704,
        "var": 0.0147893084213
    },
    "spectral_kurtosis": {
        "dmean": 7.06046152115,
        "dmean2": 10.6852855682,
        "dvar": 326.681732178,
        "dvar2": 697.067260742,
        "max": 244.962097168,
        "mean": 11.9984092712,
        "median": 6.88530063629,
        "min": -0.0766887664795,
        "var": 432.200500488
    },
    "spectral_rms": {
        "dmean": 0.00167827657424,
        "dmean2": 0.00247141905129,
        "dvar": 1.01282712421e-05,
        "dvar2": 2.17931028601e-05,
        "max": 0.0194691922516,
        "mean": 0.00349498842843,
        "median": 0.00229165679775,
        "min": 0.000404102669563,
        "var": 1.27528728626e-05
    },
    "spectral_rolloff": {
        "dmean": 168.281707764,
        "dmean2": 277.328430176,
        "dvar": 275466.5,
        "dvar2": 634613.0625,
        "max": 4371.24023438,
        "mean": 363.882629395,
        "median": 193.798828125,
        "min": 64.599609375,
        "var": 337842.125
    },
    "spectral_skewness": {
        "dmean": 0.589318752289,
        "dmean2": 0.836106956005,
        "dvar": 0.822963297367,
        "dvar2": 1.50702357292,
        "max": 13.5670480728,
        "mean": 2.53723430634,
        "median": 2.22595930099,
        "min": 0.690645813942,
        "var": 2.09974598885
    },
    "spectral_spread": {
        "dmean": 722577.5625,
        "dmean2": 1106147.875,
        "dvar": 661927428096,
        "dvar2": 1.52909040845e+12,
        "max": 8547759,
        "mean": 4068797.5,
        "median": 3933892.75,
        "min": 349178.4375,
        "var": 1.57564652749e+12
    },
    "spectral_strongpeak": {
        "dmean": 0.192055121064,
        "dmean2": 0.307280242443,
        "dvar": 0.119772091508,
        "dvar2": 0.295840024948,
        "max": 2.42009568214,
        "mean": 0.34361538291,
        "median": 0.186545759439,
        "min": 0,
        "var": 0.140193149447
    },
    "zerocrossingrate": {
        "dmean": 0.00646594725549,
        "dmean2": 0.0073389695026,
        "dvar": 0.000111142951937,
        "dvar2": 0.000127449049614,
        "max": 0.1240234375,
        "mean": 0.0197582077235,
        "median": 0.0126953125,
        "min": 0.00244140625,
        "var": 0.000414132839069
    },
    "barkbands": {
        "dmean": [4.15624090238e-05, 0.0108074015006, 0.0121474601328, 0.00317079760134, 0.00464646611363, 0.00122422096319, 0.00025614479091, 8.4353298007e-05, 0.00011511156481, 9.36681899475e-05, 9.41318576224e-05, 2.91368396574e-05, 3.1915409636e-05, 1.74510150828e-05, 1.87379391718e-05, 1.77495112439e-05, 1.91875915334e-05, 1.36520893648e-05, 2.12970917346e-05, 2.51548644883e-05, 4.4144988351e-05, 3.38586141879e-05, 1.36934822876e-05, 1.01643154267e-05, 8.57313716551e-06, 6.32561341263e-06, 1.35493150033e-09],
        "dmean2": [6.7436878453e-05, 0.0184421241283, 0.0220347233117, 0.00605316041037, 0.00868460442871, 0.0022327885963, 0.000441454496467, 0.000149556013639, 0.000193430940271, 0.000141385477036, 0.000145146332216, 4.22267548856e-05, 4.86832577735e-05, 2.70907003141e-05, 2.70190030278e-05, 2.48645264946e-05, 2.80747171928e-05, 2.127676089e-05, 3.41127197316e-05, 3.79306402465e-05, 6.99811425875e-05, 5.27351476194e-05, 2.1053612727e-05, 1.54994868353e-05, 1.2959822925e-05, 9.52626942308e-06, 2.44284681372e-09],
        "dvar": [1.16016520835e-08, 0.00089850689983, 0.00144901580643, 0.000113219422929, 0.000373435148504, 2.73078658211e-05, 3.30277742933e-07, 7.38133891787e-08, 1.85020837762e-07, 1.59213911388e-07, 1.75491990717e-07, 8.50418935272e-09, 1.37607854001e-08, 3.32193739183e-09, 3.73580277824e-09, 3.3561955437e-09, 5.91807713946e-09, 3.7576297629e-09, 9.09228248247e-09, 1.13164473348e-08, 3.7390393004e-08, 2.26094201139e-08, 3.55569840238e-09, 1.88811233315e-09, 1.34861444234e-09, 5.77380254718e-10, 1.60015773393e-17],
        "dvar2": [2.95297528652e-08, 0.00232419976965, 0.00402964279056, 0.000327667425154, 0.00106590078212, 7.8517376096e-05, 8.49129378366e-07, 2.01931072752e-07, 3.74192353547e-07, 3.5662176856e-07, 4.14333044318e-07, 1.74072489756e-08, 3.11700034672e-08, 7.6653998704e-09, 6.74426159364e-09, 6.19299678206e-09, 1.26842145676e-08, 8.92678286846e-09, 2.1690441443e-08, 2.61058854534e-08, 9.12968332045e-08, 5.33941211245e-08, 7.7519901609e-09, 4.34332347865e-09, 2.90946111647e-09, 1.26674581935e-09, 3.67717086348e-17],
        "max": [0.00142799399327, 0.184997469187, 0.222161740065, 0.0656702369452, 0.158870100975, 0.0517613217235, 0.00538476463407, 0.00279820361175, 0.00411833357066, 0.00454429956153, 0.0044766459614, 0.0010599156376, 0.00116839574184, 0.000574628415052, 0.000654853996821, 0.000716749811545, 0.000876152305864, 0.000593610689975, 0.000821853522211, 0.00101762916893, 0.00172115094028, 0.00144926516805, 0.00058302632533, 0.00038084591506, 0.000376359792426, 0.000241121451836, 6.85501859721e-08],
        "mean": [5.09175624757e-05, 0.0100718513131, 0.008230548352, 0.00210054940544, 0.00304426718503, 0.00086672604084, 0.000452252977993, 7.59249451221e-05, 0.000165858669789, 9.7423166153e-05, 8.97696518223e-05, 5.39974098501e-05, 3.99311138608e-05, 2.43721897277e-05, 3.07289847115e-05, 2.45949304372e-05, 1.93637351913e-05, 1.18640509754e-05, 1.776510544e-05, 2.28306034842e-05, 3.78739532607e-05, 2.85676433123e-05, 1.2348369637e-05, 8.61951502884e-06, 7.5870289038e-06, 5.5173304645e-06, 1.02724528883e-09],
        "median": [1.1982914657e-05, 0.00216081971303, 0.000191458966583, 0.000302926375298, 0.000420211261371, 0.000139143317938, 3.60991944035e-05, 8.57418763189e-06, 1.95791872102e-05, 7.46113073546e-06, 7.9182218542e-06, 6.30960721537e-06, 4.00169710701e-06, 1.9927856556e-06, 1.87500484117e-06, 1.82009546279e-06, 6.90871672759e-07, 1.50189706005e-07, 6.5722463205e-07, 1.31644685553e-06, 1.82241296898e-06, 1.40453471431e-06, 5.51998198262e-07, 2.40839483467e-07, 1.33360714472e-07, 1.48219996277e-07, 1.15425002889e-10],
        "min": [4.7408312831e-09, 2.6253633223e-06, 1.24117730138e-06, 4.55487850104e-07, 3.71093665308e-06, 3.0611286661e-07, 2.92891940035e-07, 1.31179348273e-07, 8.54370370007e-08, 1.10487414773e-08, 6.20964479836e-09, 1.28310020386e-08, 1.70353899875e-08, 1.01910391237e-08, 1.09228972534e-08, 1.33393793789e-08, 8.90296103506e-09, 4.85370632575e-09, 1.02276036529e-08, 2.07256274365e-08, 3.73092454709e-08, 4.36810658755e-08, 2.81652390299e-08, 2.59355026344e-08, 7.79531661443e-10, 1.73461644354e-11, 1.2809942343e-11],
        "var": [1.37479529982e-08, 0.000695284397807, 0.000931854941882, 6.35930118733e-05, 0.000213112783968, 1.59573046403e-05, 9.17955901514e-07, 5.5844374458e-08, 2.30630163855e-07, 1.59650753062e-07, 1.58964368779e-07, 2.02562588925e-08, 1.56359405423e-08, 4.47794823444e-09, 7.65680407966e-09, 5.25856647116e-09, 6.47160325329e-09, 3.49062090343e-09, 7.96822252624e-09, 1.0999298361e-08, 3.2430275354e-08, 2.04375112389e-08, 3.5995295633e-09, 1.79980452764e-09, 1.39813782774e-09, 5.87280835074e-10, 1.30834396481e-17]
    },
    "erbbands": {
        "dmean": [0.124353684485, 3.0670030117, 13.1956148148, 12.0581769943, 8.64638328552, 17.5514545441, 20.6994419098, 7.8207321167, 5.66926288605, 1.36531066895, 2.08108878136, 2.62334227562, 3.48579382896, 3.53582549095, 2.44213676453, 1.01394546032, 1.36752843857, 0.889019012451, 1.01792681217, 0.98546731472, 0.918155133724, 1.15184593201, 0.91414052248, 0.766972899437, 1.10844278336, 1.26991021633, 1.79708850384, 1.50712263584, 1.30937969685, 0.621560692787, 0.405137062073, 0.28737822175, 0.119640797377, 0.119183816016, 0.0510121881962, 0.029381358996, 0.0113495560363, 0.000874252058566, 2.75403817795e-05, 3.08392154693e-05],
        "dmean2": [0.203742519021, 5.22134637833, 23.0667743683, 22.0294113159, 16.3015499115, 32.8864746094, 38.242931366, 13.8757247925, 9.86632537842, 2.30783081055, 3.57412219048, 4.27387666702, 5.47349357605, 5.51605319977, 3.55743837357, 1.49439048767, 2.0537250042, 1.3557394743, 1.49377858639, 1.36757206917, 1.26244366169, 1.71710646152, 1.39882659912, 1.18574714661, 1.77901089191, 1.9549626112, 2.80337095261, 2.30591011047, 2.04474449158, 0.95626282692, 0.637380719185, 0.444379538298, 0.176806092262, 0.18297727406, 0.0746782198548, 0.0440479405224, 0.0169449541718, 0.00133707467467, 4.20762116846e-05, 4.99079869769e-05],
        "dvar": [0.0881972238421, 74.6457595825, 1610.75952148, 1475.95983887, 658.123413086, 6806.87451172, 9437.37890625, 979.131774902, 218.209564209, 8.29683208466, 52.8239936829, 82.5004806519, 206.977935791, 217.824203491, 94.2526245117, 12.0741605759, 25.2039527893, 8.67775726318, 10.9690284729, 10.2057294846, 8.21260070801, 22.6558685303, 16.7386817932, 10.7247142792, 24.9917316437, 29.9685840607, 62.7157249451, 39.5433540344, 33.767868042, 7.76891517639, 3.25626564026, 1.54271793365, 0.258397042751, 0.280153721571, 0.0439132638276, 0.0115047441795, 0.00191604276188, 1.3044552361e-05, 5.53534729164e-09, 5.13258813228e-09],
        "dvar2": [0.221573665738, 191.058135986, 4373.32128906, 4173.77441406, 1879.87475586, 19532.7382812, 26770.9589844, 2757.21679688, 580.71685791, 20.8649139404, 134.896331787, 173.726455688, 467.466156006, 415.942718506, 217.366897583, 25.5920848846, 52.881778717, 16.9247970581, 21.1247634888, 17.8690929413, 15.3658123016, 50.9922523499, 37.8640785217, 24.0932922363, 59.9570808411, 71.6702804565, 148.182678223, 90.068939209, 80.3815612793, 17.8585681915, 7.40612268448, 3.54330468178, 0.571401655674, 0.626677572727, 0.0939006134868, 0.0247372612357, 0.0041578495875, 2.99710864056e-05, 1.19895986472e-08, 1.24567174353e-08],
        "max": [2.55419969559, 56.2624168396, 248.625106812, 238.236831665, 174.8540802, 708.107177734, 802.873962402, 324.818756104, 114.665657043, 26.7469997406, 79.6881790161, 89.2732543945, 118.504951477, 141.491760254, 105.710731506, 33.9557876587, 47.4246177673, 25.9440784454, 32.2545776367, 35.6915473938, 37.4690513611, 51.895401001, 37.1097831726, 29.1403388977, 46.491065979, 54.4664993286, 77.5214385986, 59.1186714172, 58.5430450439, 25.2565841675, 17.9149303436, 11.0396471024, 5.32651948929, 4.97492551804, 2.3602669239, 1.16976547241, 0.428157150745, 0.0375312007964, 0.000726395868696, 0.000420247000875],
        "mean": [0.152187332511, 2.7614402771, 9.47101974487, 8.3607339859, 6.2372751236, 11.052816391, 13.4551382065, 6.12516593933, 8.19906044006, 2.45278120041, 2.23204040527, 3.85125517845, 3.23653960228, 4.29417610168, 2.9686923027, 1.64612257481, 1.86031341553, 1.28911268711, 1.57508111, 1.4838565588, 1.33842229843, 1.12584114075, 0.80596280098, 0.687425434589, 0.942552387714, 1.11581897736, 1.58083510399, 1.37007915974, 1.10916233063, 0.52611297369, 0.355118244886, 0.245487689972, 0.105021513999, 0.1013847664, 0.0462198667228, 0.0255047436804, 0.0101033085957, 0.000747156271245, 2.59999851551e-05, 2.88152768917e-05],
        "median": [0.0489275753498, 0.494432389736, 0.374754965305, 0.620494484901, 1.41080129147, 0.97689640522, 1.31029546261, 1.29420030117, 0.717270076275, 0.280367106199, 0.348393529654, 0.423952639103, 0.285091072321, 0.48488137126, 0.39477533102, 0.286449313164, 0.183217972517, 0.113165616989, 0.108606286347, 0.117773495615, 0.0840948522091, 0.0365615934134, 0.00991843268275, 0.0235610958189, 0.0400729216635, 0.06401989609, 0.0778816640377, 0.0786783993244, 0.0579922087491, 0.0169809237123, 0.0156436804682, 0.00814953353256, 0.00261414027773, 0.00151195656508, 0.000996116083115, 0.0006260536029, 0.000297398044495, 2.93807879643e-05, 3.61221032108e-06, 6.05858167546e-06],
        "min": [2.28369408433e-05, 0.00120236270595, 0.00535781495273, 0.00785873830318, 0.0216702185571, 0.0136434864253, 0.0120374234393, 0.00867879018188, 0.00327230384573, 0.00563389528543, 0.0041452748701, 0.00217257183976, 0.000880705600139, 0.000672641210258, 0.000705632148311, 0.00105590384919, 0.000912134535611, 0.00068512262078, 0.000691566674504, 0.000770320475567, 0.000705369981006, 0.000564706570003, 0.000303182343487, 0.000446271180408, 0.0007383543998, 0.00100776809268, 0.000839390559122, 0.0019291753415, 0.00170661997981, 0.00132398679852, 0.000904190703295, 0.000634585681837, 0.000464296463178, 4.73514810437e-05, 6.58231874695e-06, 1.66617235209e-06, 5.90130809996e-07, 6.23013463041e-08, 2.11054683064e-07, 2.12159179114e-07],
        "var": [0.0818676128983, 58.491481781, 1108.55603027, 918.335876465, 375.748657227, 3836.02783203, 5505.6640625, 616.725219727, 316.684539795, 19.8399200439, 44.5926437378, 109.625946045, 198.619628906, 255.275939941, 97.9009246826, 18.7747592926, 32.0290794373, 12.9526205063, 18.4644012451, 18.7172107697, 14.1517066956, 23.0696773529, 16.4532012939, 10.4819116592, 21.8975982666, 27.4708366394, 57.2490272522, 38.3100852966, 30.2318649292, 7.30978536606, 3.08012413979, 1.46445655823, 0.263349950314, 0.272787600756, 0.0471211746335, 0.0120727010071, 0.00199236394837, 1.22445771922e-05, 5.76823921961e-09, 4.52455717337e-09]
    },
    "gfcc": {
        "mean": [-166.602035522, 138.631072998, -57.2537231445, 41.140296936, -52.9925918579, 16.6777095795, -19.5676212311, -6.14657306671, -17.3646907806, 9.32100772858, -17.4501419067, 0.16407546401, 0.0623935349286],
        "cov": [[6131.48632812, -1069.17895508, -1921.12658691, -528.133728027, -222.683242798, -249.227401733, -403.638580322, 130.981811523, -358.239868164, 66.6355133057, -153.512969971, 410.360137939, -32.0270729065], [-1069.17895508, 1040.27539062, 347.312103271, -71.7596893311, 159.882781982, -74.5033950806, 235.513717651, -190.055267334, 226.966033936, -103.16053009, 105.192337036, -179.063079834, 94.5674972534], [-1921.12658691, 347.312103271, 2032.328125, 397.871917725, 234.848052979, 35.4093017578, 199.434661865, 62.4489326477, 63.1830482483, -144.42225647, -9.42500305176, -214.172668457, -139.904998779], [-528.133728027, -71.7596893311, 397.871917725, 316.770812988, 125.636489868, 65.1384735107, 46.0109214783, 5.00893163681, 21.7503833771, -25.7512397766, 21.8096580505, -48.3630409241, -2.70271134377], [-222.683242798, 159.882781982, 234.848052979, 125.636489868, 347.121856689, 83.9515380859, 105.920845032, -21.3043060303, 31.3457450867, -2.58659529686, 24.8413619995, -25.9192905426, 23.8933525085], [-249.227401733, -74.5033950806, 35.4093017578, 65.1384735107, 83.9515380859, 163.050582886, 61.5929985046, 9.65470409393, -16.7030506134, -7.71090650558, -3.03533148766, 2.43404769897, 15.3546991348], [-403.638580322, 235.513717651, 199.434661865, 46.0109214783, 105.920845032, 61.5929985046, 198.306732178, 13.4414291382, 86.6451263428, -34.2925872803, 11.5095014572, -61.0175857544, 9.274725914], [130.981811523, -190.055267334, 62.4489326477, 5.00893163681, -21.3043060303, 9.65470409393, 13.4414291382, 171.346618652, 0.189711406827, 21.9070777893, -25.7341880798, 13.622382164, -56.6105232239], [-358.239868164, 226.966033936, 63.1830482483, 21.7503833771, 31.3457450867, -16.7030506134, 86.6451263428, 0.189711406827, 164.553756714, 7.18861484528, 45.1691627502, -68.1912460327, 10.0579690933], [66.6355133057, -103.16053009, -144.42225647, -25.7512397766, -2.58659529686, -7.71090650558, -34.2925872803, 21.9070777893, 7.18861484528, 113.616523743, 21.8928127289, 54.0323066711, 3.67510175705], [-153.512969971, 105.192337036, -9.42500305176, 21.8096580505, 24.8413619995, -3.03533148766, 11.5095014572, -25.7341880798, 45.1691627502, 21.8928127289, 88.5660018921, 10.2332658768, 44.9989776611], [410.360137939, -179.063079834, -214.172668457, -48.3630409241, -25.9192905426, 2.43404769897, -61.0175857544, 13.622382164, -68.1912460327, 54.0323066711, 10.2332658768, 142.367385864, 40.3037834167], [-32.0270729065, 94.5674972534, -139.904998779, -2.70271134377, 23.8933525085, 15.3546991348, 9.274725914, -56.6105232239, 10.0579690933, 3.67510175705, 44.9989776611, 40.3037834167, 104.059272766]],
        "icov": [[0.000473110761959, 0.000811064383015, 0.000323682121234, 0.000691244262271, -0.000731187290512, 0.00132742943242, -0.000471500679851, 0.000197346424102, 2.51858527918e-05, 0.00120164640248, -0.000292808399536, -0.000494069769047, 0.000256177358096], [0.000811064383015, 0.00860898103565, -0.00075545051368, 0.00654361862689, -0.00346629181877, 0.00660180859268, -0.00599678512663, 0.00561649398878, -0.00320764374919, 0.00468336883932, -0.00464937696233, 0.00399059150368, -0.00439849309623], [0.000323682121234, -0.00075545051368, 0.00138481566682, -0.00143164908513, -0.000349274807377, 0.000654198229313, -0.000120469951071, -0.00092859659344, 0.0010863316711, 0.00100170599762, -5.1895112847e-05, -0.00083227828145, 0.00230447319336], [0.000691244262271, 0.00654361862689, -0.00143164908513, 0.0101389838383, -0.0037463339977, 0.00332236359827, -0.00305010308512, 0.00369581300765, -0.00275279930793, 0.0038606042508, -0.00446240836754, 0.00384719320573, -0.00417368905619], [-0.000731187290512, -0.00346629181877, -0.000349274807377, -0.0037463339977, 0.0061231199652, -0.00442240620032, 0.000397601659643, -0.00109474849887, 0.00142782065086, -0.00391513295472, 0.00151856802404, -0.000689517823048, 0.000584424939007], [0.00132742943242, 0.00660180859268, 0.000654198229313, 0.00332236359827, -0.00442240620032, 0.0154721913859, -0.0081482687965, 0.00293444725685, 0.00139634218067, 0.0044086240232, -0.00293855299242, 0.00189521117136, -0.00332414242439], [-0.000471500679851, -0.00599678512663, -0.000120469951071, -0.00305010308512, 0.000397601659643, -0.0081482687965, 0.0151147693396, -0.00555316871032, -0.00339434016496, -0.000611063849647, 0.00472168764099, -0.00218484294601, 0.000960371166002], [0.000197346424102, 0.00561649398878, -0.00092859659344, 0.00369581300765, -0.00109474849887, 0.00293444725685, -0.00555316871032, 0.0125804524869, -0.00381296267733, 0.00146265875082, -0.00211396650411, -0.000370187190128, 0.00233585503884], [2.51858527918e-05, -0.00320764374919, 0.0010863316711, -0.00275279930793, 0.00142782065086, 0.00139634218067, -0.00339434016496, -0.00381296267733, 0.015671974048, -0.00516860838979, -0.0038319749292, 0.00541577721015, 0.000233387661865], [0.00120164640248, 0.00468336883932, 0.00100170599762, 0.0038606042508, -0.00391513295472, 0.0044086240232, -0.000611063849647, 0.00146265875082, -0.00516860838979, 0.018280075863, -0.00534763000906, -0.0058488836512, 0.00309117115103], [-0.000292808399536, -0.00464937696233, -5.1895112847e-05, -0.00446240836754, 0.00151856802404, -0.00293855299242, 0.00472168764099, -0.00211396650411, -0.0038319749292, -0.00534763000906, 0.0218589939177, -0.00404548086226, -0.00486296182498], [-0.000494069769047, 0.00399059150368, -0.00083227828145, 0.00384719320573, -0.000689517823048, 0.00189521117136, -0.00218484294601, -0.000370187190128, 0.00541577721015, -0.0058488836512, -0.00404548086226, 0.0208421703428, -0.0115656815469], [0.000256177358096, -0.00439849309623, 0.00230447319336, -0.00417368905619, 0.000584424939007, -0.00332414242439, 0.000960371166002, 0.00233585503884, 0.000233387661865, 0.00309117115103, -0.00486296182498, -0.0115656815469, 0.0246681664139]]
    },
    "melbands": {
        "dmean": [0.00207903585397, 0.00588377658278, 0.00206483039074, 0.000821831345093, 0.000823345093522, 0.000183805401321, 7.75288135628e-05, 1.28861356643e-05, 1.71431402123e-05, 1.6188407244e-05, 1.73796452145e-05, 1.38341338243e-05, 9.84822327155e-06, 3.88062653656e-06, 2.70928717327e-06, 2.99443854601e-06, 1.58445357101e-06, 1.65612345882e-06, 1.34475317282e-06, 1.24723601402e-06, 1.03063337065e-06, 1.17516890441e-06, 1.24398866319e-06, 4.60604439922e-07, 6.30994804851e-07, 8.31105751331e-07, 7.08651896275e-07, 8.62428294113e-07, 1.06603044969e-06, 1.21855362067e-06, 7.64471735692e-07, 8.28204576919e-07, 4.87877798605e-07, 2.81344512132e-07, 2.43847978254e-07, 2.08205136687e-07, 1.53462167418e-07, 7.80842768222e-08, 8.08873679148e-08, 1.11718385654e-07],
        "dmean2": [0.00349004915915, 0.00990197435021, 0.00377573841251, 0.00155177200213, 0.00152313162107, 0.000331014511175, 0.000132946341182, 2.18779368879e-05, 2.94312503684e-05, 2.73344739981e-05, 2.76510727417e-05, 2.16477765207e-05, 1.47419732457e-05, 5.40982910024e-06, 4.22394623456e-06, 4.55267399957e-06, 2.48249079959e-06, 2.48779997492e-06, 1.88718547633e-06, 1.76690343778e-06, 1.46672380197e-06, 1.81825669188e-06, 1.89803131434e-06, 7.28975578568e-07, 9.85917608887e-07, 1.32660318286e-06, 1.12759596504e-06, 1.31834701733e-06, 1.67904170212e-06, 1.98103475668e-06, 1.13497594612e-06, 1.28258147924e-06, 7.84108863172e-07, 4.33040867165e-07, 3.85292594274e-07, 3.25868228401e-07, 2.36057218217e-07, 1.15384501953e-07, 1.25572555021e-07, 1.72972676182e-07],
        "dvar": [2.99124349112e-05, 0.000293030054308, 4.16217771999e-05, 8.58989824337e-06, 1.56719961524e-05, 5.54637438199e-07, 3.75186424151e-08, 7.77793718321e-10, 3.68284114316e-09, 3.37652683591e-09, 5.25539878282e-09, 3.32576166606e-09, 1.74314196411e-09, 1.36097313974e-10, 1.08159474432e-10, 1.2767942259e-10, 2.66933888188e-11, 2.94356726493e-11, 1.95598103686e-11, 1.75700322347e-11, 1.05783515628e-11, 2.38961211929e-11, 3.09235033413e-11, 4.32438763617e-12, 7.42008537946e-12, 1.39698738688e-11, 9.80780127252e-12, 1.35835145215e-11, 2.22630837377e-11, 3.06470890332e-11, 9.18712935588e-12, 1.34590767351e-11, 5.02498303384e-12, 1.56625949189e-12, 1.20554282702e-12, 8.16700656756e-13, 4.36232457492e-13, 1.02534293718e-13, 1.45814594123e-13, 2.52844511821e-13],
        "dvar2": [7.67048404668e-05, 0.000761435367167, 0.000117384028272, 2.45752617047e-05, 4.44018442067e-05, 1.57944680268e-06, 9.75963345695e-08, 2.02083128009e-09, 8.84246542654e-09, 6.76732536675e-09, 1.22260592761e-08, 6.3347025403e-09, 4.07880884623e-09, 2.49276377318e-10, 2.42627029579e-10, 2.8829816312e-10, 5.66260233148e-11, 5.79653720856e-11, 3.61435187335e-11, 3.30372014468e-11, 2.1049119045e-11, 5.78186006017e-11, 6.55313997511e-11, 1.06508872902e-11, 1.67778031052e-11, 3.33257310636e-11, 2.39865748791e-11, 3.20452553382e-11, 5.09006344018e-11, 7.79695266684e-11, 1.89594104305e-11, 3.1733660838e-11, 1.24518746009e-11, 3.44684285454e-12, 2.75411052471e-12, 1.86435459085e-12, 1.00233905377e-12, 2.23974213742e-13, 3.35433124419e-13, 5.72231769348e-13],
        "max": [0.0358146205544, 0.114839203656, 0.0373675301671, 0.024317227304, 0.0324113219976, 0.00766935152933, 0.00150352728087, 0.00020731476252, 0.000653638620861, 0.00052439578576, 0.000616288743913, 0.000534422346391, 0.000460030219983, 0.000140169053338, 9.39810925047e-05, 0.000113310197776, 4.83471885673e-05, 5.13762170158e-05, 5.48191310372e-05, 4.62543102913e-05, 4.46927770099e-05, 5.07414406457e-05, 5.29030221514e-05, 2.00043959921e-05, 2.42592177528e-05, 3.35906770488e-05, 2.90779462375e-05, 3.69161825802e-05, 4.53450120403e-05, 4.93332190672e-05, 2.88318569801e-05, 4.0412069211e-05, 1.94249623746e-05, 1.1489811186e-05, 1.13203195724e-05, 8.17718682811e-06, 6.437815955e-06, 3.10631639877e-06, 4.54399423688e-06, 5.22755453858e-06],
        "mean": [0.00211427919567, 0.00471083866432, 0.00145646650344, 0.0005445877905, 0.000534065882675, 0.000138779141707, 0.000119471056678, 2.14160918404e-05, 2.03209528991e-05, 2.36256346398e-05, 1.54015724547e-05, 1.69606537384e-05, 1.05438630271e-05, 7.24166920918e-06, 3.53048289981e-06, 3.64071888725e-06, 2.23698020818e-06, 2.5261722385e-06, 2.07428593058e-06, 1.75529612534e-06, 1.47144510265e-06, 1.11928977731e-06, 1.11982353701e-06, 4.08844073263e-07, 5.62161289963e-07, 6.95521748639e-07, 6.1274778318e-07, 7.64597189118e-07, 9.67951223174e-07, 9.92256900645e-07, 7.44641795336e-07, 7.11863322067e-07, 3.85162650218e-07, 2.45733701831e-07, 2.11908684378e-07, 1.80510156156e-07, 1.31014218141e-07, 6.98135025345e-08, 6.91816453013e-08, 9.39994961868e-08],
        "median": [0.000558492727578, 0.000412957859226, 0.000157371439855, 8.7161839474e-05, 4.86918033857e-05, 2.62642279267e-05, 1.04300715975e-05, 2.79063260678e-06, 2.93488938041e-06, 2.71385033557e-06, 1.12806696961e-06, 1.85511078143e-06, 1.21322943869e-06, 9.81526227406e-07, 3.94811365823e-07, 3.9641710714e-07, 1.76558359044e-07, 1.57747962248e-07, 1.64895311627e-07, 1.32444668566e-07, 8.10355729186e-08, 4.25226254208e-08, 9.76661773677e-09, 7.75949349219e-09, 1.87549176189e-08, 2.68341278087e-08, 3.31030065581e-08, 4.32253024485e-08, 5.0192728196e-08, 3.77411382146e-08, 4.84366147191e-08, 4.07187883411e-08, 1.08003739285e-08, 8.01438559961e-09, 9.25408016883e-09, 7.24190174495e-09, 3.80423026414e-09, 1.73378167379e-09, 1.42697098582e-09, 1.2298897456e-09],
