{
"highlevel": {
    "danceability": {
        "all": {
            "danceable": 0.273319661617,
            "not_danceable": 0.726680338383
        },
        "probability": 0.726680338383,
        "value": "not_danceable"
    },
    "gender": {
        "all": {
            "female": 0.598526537418,
            "male": 0.401473462582
        },
        "probability": 0.598526537418,
        "value": "female"
    },
    "genre_dortmund": {
        "all": {
            "alternative": 0.12644700706,
            "blues": 0.0410141721368,
            "electronic": 0.00819120649248,
            "folkcountry": 0.277404457331,
            "funksoulrnb": 0.00831538718194,
            "jazz": 0.0279293935746,
            "pop": 0.0892063006759,
            "raphiphop": 0.00376997236162,
            "rock": 0.41772210598
        },
        "probability": 0.41772210598,
        "value": "rock"
    },
    "genre_electronic": {
        "all": {
            "ambient": 0.483302593231,
            "dnb": 0.222813367844,
            "house": 0.0985007956624,
            "techno": 0.0185335818678,
            "trance": 0.176849663258
        },
        "probability": 0.483302593231,
        "value": "ambient"
    },
    "genre_rosamerica": {
        "all": {
            "cla": 0.150580644608,
            "dan": 0.0306979753077,
            "hip": 0.0587061084807,
            "jaz": 0.00965144764632,
            "pop": 0.0685530230403,
            "rhy": 0.125082597136,
            "roc": 0.55319750309,
            "spe": 0.00353068928234
        },
        "probability": 0.55319750309,
        "value": "roc"
    },
    "genre_tzanetakis": {
        "all": {
            "blu": 0.0607384443283,
            "cla": 0.0337369628251,
            "cou": 0.0759031102061,
            "dis": 0.0505959652364,
            "hip": 0.1517791152,
            "jaz": 0.151757359505,
            "met": 0.0505812093616,
            "pop": 0.0606983527541,
            "reg": 0.060700122267,
            "roc": 0.303509354591
        },
        "probability": 0.303509354591,
        "value": "roc"
    },
    "ismir04_rhythm": {
        "all": {
            "ChaChaCha": 0.00828780978918,
            "Jive": 0.496840626001,
            "Quickstep": 0.00260783336125,
            "Rumba-American": 0.00107241002843,
            "Rumba-International": 0.00781025132164,
            "Rumba-Misc": 0.00208111805841,
            "Samba": 0.019352581352,
            "Tango": 0.0149785736576,
            "VienneseWaltz": 0.441091805696,
            "Waltz": 0.0058769849129
        },
        "probability": 0.496840626001,
        "value": "Jive"
    },
    "mood_acoustic": {
        "all": {
            "acoustic": 0.0255562793463,
            "not_acoustic": 0.974443733692
        },
        "probability": 0.974443733692,
        "value": "not_acoustic"
    },
    "mood_aggressive": {
        "all": {
            "aggressive": 0.168208628893,
            "not_aggressive": 0.831791400909
        },
        "probability": 0.831791400909,
        "value": "not_aggressive"
    },
    "mood_electronic": {
        "all": {
            "electronic": 0.0181931369007,
            "not_electronic": 0.981806874275
        },
        "probability": 0.981806874275,
        "value": "not_electronic"
    },
    "mood_happy": {
        "all": {
            "happy": 0.696098327637,
            "not_happy": 0.303901672363
        },
        "probability": 0.696098327637,
        "value": "happy"
    },
    "mood_party": {
        "all": {
            "not_party": 0.5,
            "party": 0.5
        },
        "probability": 0.5,
        "value": "not_party"
    },
    "mood_relaxed": {
        "all": {
            "not_relaxed": 0.900707244873,
            "relaxed": 0.0992927774787
        },
        "probability": 0.900707244873,
        "value": "not_relaxed"
    },
    "mood_sad": {
        "all": {
            "not_sad": 0.867673933506,
            "sad": 0.132326036692
        },
        "probability": 0.867673933506,
        "value": "not_sad"
    },
    "moods_mirex": {
        "all": {
            "Cluster1": 0.303737998009,
            "Cluster2": 0.296102553606,
            "Cluster3": 0.150420665741,
            "Cluster4": 0.122523903847,
            "Cluster5": 0.127214893699
        },
        "probability": 0.303737998009,
        "value": "Cluster1"
    },
    "timbre": {
        "all": {
            "bright": 0.860579311848,
            "dark": 0.139420703053
        },
        "probability": 0.860579311848,
        "value": "bright"
    },
    "tonal_atonal": {
        "all": {
            "atonal": 0.00090648769401,
            "tonal": 0.999093532562
        },
        "probability": 0.999093532562,
        "value": "tonal"
    },
    "voice_instrumental": {
        "all": {
            "instrumental": 0.184728845954,
            "voice": 0.815271139145
        },
        "probability": 0.815271139145,
        "value": "voice"
    }
},
"lowlevel": {
    "average_loudness": 0.943701326847,
    "barkbands_crest": {
        "dmean": 2.39013838768,
        "dmean2": 3.8225030899,
        "dvar": 5.44429731369,
        "dvar2": 11.8413162231,
        "max": 21.6442012787,
        "mean": 7.60785388947,
        "median": 6.80094766617,
        "min": 2.56655955315,
        "var": 11.2210283279
    },
    "barkbands_flatness_db": {
        "dmean": 0.0179710797966,
        "dmean2": 0.028528643772,
        "dvar": 0.000379360222723,
        "dvar2": 0.000952505099121,
        "max": 0.224585771561,
        "mean": 0.115790821612,
        "median": 0.112999275327,
        "min": 0.0507002137601,
        "var": 0.000876565638464
    },
    "barkbands_kurtosis": {
        "dmean": 1.5426710844,
        "dmean2": 2.51855611801,
        "dvar": 12.7842693329,
        "dvar2": 32.5581054688,
        "max": 32.6660499573,
        "mean": 0.383847743273,
        "median": -0.62833237648,
        "min": -1.83164000511,
        "var": 12.5291976929
    },
    "barkbands_skewness": {
        "dmean": 0.482071787119,
        "dmean2": 0.734282672405,
        "dvar": 0.399574488401,
        "dvar2": 0.951110720634,
        "max": 5.30956411362,
        "mean": 0.716955125332,
        "median": 0.56044024229,
        "min": -1.39427435398,
        "var": 0.83065110445
    },
    "barkbands_spread": {
        "dmean": 6.17592716217,
        "dmean2": 9.5168390274,
        "dvar": 36.4490242004,
        "dvar2": 79.1940307617,
        "max": 81.271987915,
        "mean": 33.5306663513,
        "median": 33.2308120728,
        "min": 6.79139518738,
        "var": 153.434799194
    },
    "dissonance": {
        "dmean": 0.0124703217298,
        "dmean2": 0.0214630551636,
        "dvar": 0.000124794067233,
        "dvar2": 0.000359395169653,
        "max": 0.499999970198,
        "mean": 0.47928917408,
        "median": 0.483554691076,
        "min": 0.407778739929,
        "var": 0.000240763401962
    },
    "dynamic_complexity": 2.51192903519,
    "erbbands_crest": {
        "dmean": 2.47610616684,
        "dmean2": 4.04041481018,
        "dvar": 5.32588148117,
        "dvar2": 13.5269260406,
        "max": 25.9431400299,
        "mean": 8.23576259613,
        "median": 7.24055242538,
        "min": 2.26662445068,
        "var": 14.7922620773
    },
    "erbbands_flatness_db": {
        "dmean": 0.0169062372297,
        "dmean2": 0.0241928473115,
        "dvar": 0.000244146824116,
        "dvar2": 0.000425359467044,
        "max": 0.292158514261,
        "mean": 0.152678906918,
        "median": 0.151816084981,
        "min": 0.0562744401395,
        "var": 0.00170069467276
    },
    "erbbands_kurtosis": {
        "dmean": 0.766705155373,
        "dmean2": 1.22664964199,
        "dvar": 0.918045401573,
        "dvar2": 2.33230018616,
        "max": 16.4692802429,
        "mean": 0.326176464558,
        "median": -0.0711324214935,
        "min": -1.55856275558,
        "var": 2.64156150818
    },
    "erbbands_skewness": {
        "dmean": 0.301423817873,
        "dmean2": 0.451702266932,
        "dvar": 0.0643324553967,
        "dvar2": 0.151588708162,
        "max": 1.56307935715,
        "mean": -0.360830724239,
        "median": -0.374463647604,
        "min": -3.05379796028,
        "var": 0.417377084494
    },
    "erbbands_spread": {
        "dmean": 7.51555156708,
        "dmean2": 11.6210279465,
        "dvar": 64.2518234253,
        "dvar2": 157.018432617,
        "max": 98.1177520752,
        "mean": 36.8532218933,
        "median": 33.5407943726,
        "min": 8.55509662628,
        "var": 232.144378662
    },
    "hfc": {
        "dmean": 6.07339477539,
        "dmean2": 8.62267398834,
        "dvar": 81.6270217896,
        "dvar2": 142.757598877,
        "max": 127.860305786,
        "mean": 22.5355453491,
        "median": 17.1088981628,
        "min": 0.0619167461991,
        "var": 347.407012939
    },
    "melbands_crest": {
        "dmean": 3.03432607651,
        "dmean2": 5.07551574707,
        "dvar": 7.88957214355,
        "dvar2": 18.2983703613,
        "max": 26.6802825928,
        "mean": 11.7139091492,
        "median": 11.0835418701,
        "min": 3.87855100632,
        "var": 16.8269538879
    },
    "melbands_flatness_db": {
        "dmean": 0.0242347624153,
        "dmean2": 0.03658663854,
        "dvar": 0.000767304329202,
        "dvar2": 0.00181156571489,
        "max": 0.309992313385,
        "mean": 0.148132622242,
        "median": 0.141151875257,
        "min": 0.03306029737,
        "var": 0.00204823934473
    },
    "melbands_kurtosis": {
        "dmean": 5.2840886116,
        "dmean2": 8.60620689392,
        "dvar": 156.999435425,
        "dvar2": 397.861328125,
        "max": 131.387619019,
        "mean": 6.21268415451,
        "median": 2.43764591217,
        "min": -1.78711056709,
        "var": 164.621673584
    },
    "melbands_skewness": {
        "dmean": 0.674013078213,
        "dmean2": 1.03806757927,
        "dvar": 1.02249765396,
        "dvar2": 2.43707871437,
        "max": 9.24357032776,
        "mean": 1.94246459007,
        "median": 1.63493585587,
        "min": -0.634129881859,
        "var": 2.02766776085
    },
    "melbands_spread": {
        "dmean": 10.1256828308,
        "dmean2": 15.4599847794,
        "dvar": 96.7041702271,
        "dvar2": 218.726593018,
        "max": 118.298034668,
        "mean": 40.5185813904,
        "median": 39.2682723999,
        "min": 3.29334044456,
        "var": 322.565612793
    },
    "pitch_salience": {
        "dmean": 0.0626797005534,
        "dmean2": 0.100839428604,
        "dvar": 0.00299176573753,
        "dvar2": 0.00776895368472,
        "max": 0.816560029984,
        "mean": 0.5535633564,
        "median": 0.549911916256,
        "min": 0.252338349819,
        "var": 0.0080151874572
    },
    "silence_rate_20dB": {
        "dmean": 0,
        "dmean2": 0,
        "dvar": 0,
        "dvar2": 0,
        "max": 1,
        "mean": 1,
        "median": 1,
        "min": 1,
        "var": 0
    },
    "silence_rate_30dB": {
        "dmean": 0.00154798757285,
        "dmean2": 0.00309837330133,
        "dvar": 0.0015455839457,
        "dvar2": 0.003088735044,
        "max": 1,
        "mean": 0.998453199863,
        "median": 1,
        "min": 0,
        "var": 0.00154439278413
    },
    "silence_rate_60dB": {
        "dmean": 0.00541795650497,
        "dmean2": 0.0108443070203,
        "dvar": 0.00538863986731,
        "dvar2": 0.0138249211013,
        "max": 1,
        "mean": 0.0216550659388,
        "median": 0,
        "min": 0,
        "var": 0.0211863853037
    },
    "spectral_centroid": {
        "dmean": 258.622039795,
        "dmean2": 401.765380859,
        "dvar": 55164.984375,
        "dvar2": 123044.570312,
        "max": 3467.43017578,
        "mean": 2027.15270996,
        "median": 2046.12683105,
        "min": 513.895812988,
        "var": 194353.296875
    },
    "spectral_complexity": {
        "dmean": 3.91253876686,
        "dmean2": 5.84275770187,
        "dvar": 17.8320980072,
        "dvar2": 34.4719238281,
        "max": 58,
        "mean": 22.5042533875,
        "median": 21,
        "min": 0,
        "var": 96.197265625
    },
    "spectral_decrease": {
        "dmean": 2.20597162759e-09,
        "dmean2": 3.34687189074e-09,
        "dvar": 1.53214380068e-17,
        "dvar2": 3.71908741384e-17,
        "max": -9.96215870214e-12,
        "mean": -4.77344341832e-09,
        "median": -3.17042903042e-09,
        "min": -3.82054032855e-08,
        "var": 2.17314045029e-17
    },
    "spectral_energy": {
        "dmean": 0.00872599706054,
        "dmean2": 0.0131445843726,
        "dvar": 0.000225898067583,
        "dvar2": 0.00054214237025,
        "max": 0.153983458877,
        "mean": 0.0200600996614,
        "median": 0.013726439327,
        "min": 4.32154083683e-05,
        "var": 0.000346372980857
    },
    "spectral_energyband_high": {
        "dmean": 0.000405168393627,
        "dmean2": 0.000580449355766,
        "dvar": 6.49044807233e-07,
        "dvar2": 1.18484786071e-06,
        "max": 0.0144008304924,
        "mean": 0.00116164318752,
        "median": 0.000645373773295,
        "min": 2.45325986725e-06,
        "var": 2.2653562155e-06
    },
    "spectral_energyband_low": {
        "dmean": 0.00515693612397,
        "dmean2": 0.00846322532743,
        "dvar": 0.000187052457477,
        "dvar2": 0.000478660105728,
        "max": 0.0978089570999,
        "mean": 0.00605588592589,
        "median": 0.00242952955887,
        "min": 1.04702496628e-06,
        "var": 0.000162747091963
    },
    "spectral_energyband_middle_high": {
        "dmean": 0.00157958432101,
        "dmean2": 0.00237148930319,
        "dvar": 4.30908357885e-06,
        "dvar2": 9.61787372944e-06,
        "max": 0.0319477133453,
        "mean": 0.00586676597595,
        "median": 0.00425936700776,
        "min": 2.45227747655e-05,
        "var": 2.13816856558e-05
    },
    "spectral_energyband_middle_low": {
        "dmean": 0.00369381858036,
        "dmean2": 0.00534766400233,
        "dvar": 3.96984978579e-05,
        "dvar2": 7.57681918913e-05,
        "max": 0.123407460749,
        "mean": 0.00764397718012,
        "median": 0.00433229375631,
        "min": 1.21039001897e-05,
        "var": 0.000104056722193
    },
    "spectral_entropy": {
        "dmean": 0.121795095503,
        "dmean2": 0.178999468684,
        "dvar": 0.0153556754813,
        "dvar2": 0.0303289964795,
        "max": 8.33367729187,
        "mean": 7.68237257004,
        "median": 7.70838975906,
        "min": 6.43267536163,
        "var": 0.0793942734599
    },
    "spectral_flux": {
        "dmean": 0.0239192675799,
        "dmean2": 0.037508584559,
        "dvar": 0.00124005204998,
        "dvar2": 0.00293238135055,
        "max": 0.306167989969,
        "mean": 0.0776882916689,
        "median": 0.0620547235012,
        "min": 0.00609100144356,
        "var": 0.00227411952801
    },
    "spectral_kurtosis": {
        "dmean": 1.32265079021,
        "dmean2": 2.3151102066,
        "dvar": 1.54481303692,
        "dvar2": 4.6288523674,
        "max": 15.1934661865,
        "mean": 3.61478805542,
        "median": 3.29908227921,
        "min": -0.078173160553,
        "var": 2.96146512032
    },
    "spectral_rms": {
        "dmean": 0.000810232071672,
        "dmean2": 0.00117978872731,
        "dvar": 1.31181786855e-06,
        "dvar2": 2.93669108942e-06,
        "max": 0.0122567433864,
        "mean": 0.0040800110437,
        "median": 0.00365945999511,
        "min": 0.000205332355108,
        "var": 2.92437152893e-06
    },
    "spectral_rolloff": {
        "dmean": 638.446777344,
        "dmean2": 1018.56494141,
        "dvar": 767437.75,
        "dvar2": 1628585.25,
        "max": 11132.6660156,
        "mean": 2506.09179688,
        "median": 2304.05273438,
        "min": 107.666015625,
        "var": 1894690.25
    },
    "spectral_skewness": {
        "dmean": 0.204417198896,
        "dmean2": 0.335101783276,
        "dvar": 0.0313061177731,
        "dvar2": 0.0779861360788,
        "max": 2.71285939217,
        "mean": 1.17561101913,
        "median": 1.1900947094,
        "min": 0.127661302686,
        "var": 0.0800616890192
    },
    "spectral_spread": {
        "dmean": 530673.5625,
        "dmean2": 740106.4375,
        "dvar": 426317512704,
        "dvar2": 694752772096,
        "max": 12838473,
        "mean": 4153661.25,
        "median": 3847500.25,
        "min": 2003576.125,
        "var": 1.78769362944e+12
    },
    "spectral_strongpeak": {
        "dmean": 0.655088484287,
        "dmean2": 1.08907103539,
        "dvar": 1.06078696251,
        "dvar2": 2.58184051514,
        "max": 9.48338794708,
        "mean": 1.05476725101,
        "median": 0.397724807262,
        "min": 0,
        "var": 2.0029540062
    },
    "zerocrossingrate": {
        "dmean": 0.0109610073268,
        "dmean2": 0.0127736041322,
        "dvar": 0.000130785119836,
        "dvar2": 0.00015562029148,
        "max": 0.2626953125,
        "mean": 0.0880447030067,
        "median": 0.080078125,
        "min": 0.025390625,
        "var": 0.000995684531517
    },
    "barkbands": {
        "dmean": [0.000170621424331, 0.00298552238382, 0.00208172760904, 0.0012240994256, 0.00125314446632, 0.00109609321225, 0.000248394790106, 0.000259762862697, 0.00109106884338, 0.00024242301879, 0.000313636264764, 0.000298259343253, 0.000272184930509, 0.000340099737514, 0.000460470619146, 0.000397948140744, 0.000212720304262, 0.000320574006764, 0.000207616350963, 0.000180121904123, 0.000114109265269, 7.63475618442e-05, 5.74204350414e-05, 6.2185630668e-05, 7.85281517892e-05, 6.39935387881e-05, 8.70074567949e-10],
        "dmean2": [0.000299436709611, 0.00480892695487, 0.00373386940919, 0.00205376138911, 0.00192196248099, 0.00155276095029, 0.000430993997725, 0.000414917158196, 0.0018217592733, 0.000379945297027, 0.000469021149911, 0.000458138383692, 0.00044985380373, 0.000533402955625, 0.000739465875085, 0.000626890046988, 0.000330898823449, 0.000503335089888, 0.000327653746353, 0.000294941535685, 0.00018268286658, 0.000114898030006, 8.22850925033e-05, 9.4237155281e-05, 0.000116280694783, 8.91011441126e-05, 1.55994683837e-09],
        "dvar": [2.26351147603e-07, 8.20435889182e-05, 2.69050815405e-05, 7.60260672905e-06, 7.05927004674e-06, 9.31539307203e-06, 4.24207399874e-07, 4.05322367669e-07, 4.22425273428e-06, 4.27014555271e-07, 5.08827042722e-07, 7.25986581074e-07, 5.61077001748e-07, 4.78545416627e-07, 6.58548344745e-07, 4.20470286144e-07, 1.37095781838e-07, 2.62627054326e-07, 9.74513056917e-08, 9.76599849878e-08, 6.83399292711e-08, 2.43965398994e-08, 1.82325301523e-08, 1.85390067742e-08, 5.63236710605e-08, 3.90244636606e-08, 2.405932153e-18],
        "dvar2": [6.47251852115e-07, 0.000198699926841, 7.78007015469e-05, 2.15446780203e-05, 1.61335865414e-05, 1.69920567714e-05, 1.2763621271e-06, 9.40219990753e-07, 1.08780432129e-05, 9.48216609231e-07, 1.07324194687e-06, 1.48211631767e-06, 1.35863160722e-06, 1.15125283173e-06, 1.71117176251e-06, 1.08845313207e-06, 3.18707094493e-07, 6.16182717295e-07, 2.4641485652e-07, 2.55460236076e-07, 1.53955156179e-07, 5.13705380456e-08, 4.25667572301e-08, 3.88352816572e-08, 1.08724954373e-07, 6.94897011044e-08, 5.98361858324e-18],
        "max": [0.00472263619304, 0.0581404492259, 0.0418716184795, 0.0406574346125, 0.0315934047103, 0.0660644024611, 0.0101223122329, 0.0147887412459, 0.0226553604007, 0.0140622667968, 0.0149151626974, 0.0251882784069, 0.0133029604331, 0.0136987958103, 0.011244174093, 0.00926806498319, 0.00670950300992, 0.00791176967323, 0.00510381208733, 0.00420217961073, 0.00561678409576, 0.00293341348879, 0.00260292715393, 0.00258944998495, 0.00636151665822, 0.00349371950142, 2.31960211039e-08],
        "mean": [0.000150887630298, 0.00275574764237, 0.00255828117952, 0.00161389133427, 0.00208648387343, 0.00147320830729, 0.00032840698259, 0.000360889272997, 0.00167714199051, 0.000422415265348, 0.000584230700042, 0.000548071402591, 0.000466558791231, 0.000572521821596, 0.000811610661913, 0.000777606270276, 0.000396234623622, 0.000682253681589, 0.000446570717031, 0.000434478541138, 0.000277667742921, 0.000173292777617, 0.00012734894699, 0.000119745156553, 0.000122857454699, 9.17200668482e-05, 7.70689234653e-10],
        "median": [7.70204405853e-06, 0.000468198850285, 0.00136821623892, 0.000720610027201, 0.000897754507605, 0.00052530283574, 0.000103523947473, 0.000115531613119, 0.000450857070973, 0.000155529007316, 0.000250588549534, 0.000221199603402, 0.000234461505897, 0.000268091156613, 0.000461464951513, 0.000460752635263, 0.000199458445422, 0.000363516766811, 0.000338586367434, 0.000323523563566, 0.000170982108102, 6.6985245212e-05, 5.35485305591e-05, 3.97730946133e-05, 2.51325745921e-05, 1.18176658361e-05, 2.97161573126e-10],
        "min": [4.82738160557e-09, 3.92608683342e-07, 2.02935098059e-07, 7.92923415815e-08, 2.36298023992e-06, 1.84439073792e-07, 2.28363859378e-07, 7.60044599701e-07, 9.81109451459e-07, 2.49516745043e-07, 5.78322897127e-07, 3.56248449407e-07, 8.08526237961e-07, 9.23584991597e-07, 2.30063756135e-06, 2.07967855204e-06, 4.75904442965e-07, 9.6015469353e-07, 1.6378305645e-06, 2.196414016e-06, 7.44197166114e-07, 1.56312495392e-07, 1.16519274229e-07, 7.63355378908e-10, 4.51752177333e-11, 2.78220085859e-11, 2.92484127196e-11],
        "var": [2.02306082997e-07, 7.25564314052e-05, 1.92346560652e-05, 7.88554643805e-06, 1.27100911413e-05, 1.63009826792e-05, 4.6884429139e-07, 5.61991896575e-07, 8.45163594931e-06, 8.87215662715e-07, 1.2885329852e-06, 1.78495861292e-06, 8.28432291655e-07, 1.07678408767e-06, 1.19579374314e-06, 1.01512057427e-06, 3.08667210902e-07, 9.76242290562e-07, 1.88097914133e-07, 1.82950230965e-07, 1.31109857193e-07, 9.56023598064e-08, 4.78756483346e-08, 5.82800225857e-08, 1.07654891224e-07, 8.70260663532e-08, 2.16877636945e-18]
    },
    "erbbands": {
        "dmean": [0.0921233221889, 0.693679392338, 2.17898201942, 2.88215065002, 5.30396127701, 3.36597061157, 9.25891876221, 5.88993358612, 2.75870752335, 4.669069767, 13.0174665451, 23.3342857361, 8.00671863556, 8.50770568848, 10.6269607544, 12.0043334961, 11.9010801315, 13.4529285431, 16.8022060394, 27.6949920654, 17.993183136, 11.7137002945, 17.472738266, 11.5495910645, 10.1415061951, 8.42838001251, 6.31859493256, 3.6120903492, 3.028216362, 2.19268751144, 1.58460962772, 1.26692605019, 1.10316991806, 0.85859978199, 0.645750284195, 0.297277927399, 0.139502421021, 0.0134403314441, 0.00023185837199, 1.85025255632e-05],
        "dmean2": [0.149880751967, 1.13391625881, 3.89681911469, 4.92144966125, 8.41543674469, 5.26235342026, 13.1229753494, 8.91093921661, 4.57286167145, 7.8808722496, 21.59400177, 38.7743377686, 12.8771238327, 12.9419975281, 16.1430644989, 17.9377365112, 19.3724060059, 20.4993495941, 26.3703250885, 43.6116371155, 27.8813476562, 18.0255241394, 27.3697834015, 18.4791183472, 16.3322601318, 13.8750104904, 10.3467025757, 5.80446529388, 4.64434719086, 3.32868504524, 2.32116103172, 1.9375244379, 1.62774288654, 1.30054032803, 0.983009278774, 0.429393589497, 0.193772509694, 0.0190471000969, 0.000318507896736, 2.54056685662e-05],
        "dvar": [0.0741587877274, 4.54770278931, 35.1273536682, 31.7959823608, 125.421318054, 45.5068435669, 822.713439941, 195.647064209, 37.0561447144, 142.48085022, 686.443359375, 2025.54370117, 376.251586914, 269.929473877, 667.033874512, 1246.32946777, 847.181884766, 859.298400879, 1169.57189941, 2420.40576172, 700.170593262, 437.93057251, 930.333679199, 263.249053955, 313.522827148, 224.307693481, 132.542175293, 100.18637085, 43.9740943909, 18.9989051819, 14.6325569153, 8.07432556152, 6.94968509674, 7.67454767227, 3.87324047089, 0.603651344776, 0.22162130475, 0.00277158967219, 7.28251961846e-07, 1.39552602807e-09],
        "dvar2": [0.183180078864, 11.3708982468, 101.129508972, 83.9028015137, 275.378204346, 103.697372437, 1628.02648926, 409.933105469, 96.2807159424, 407.373657227, 1650.38500977, 5317.03466797, 861.307678223, 622.493103027, 1425.65209961, 2641.96020508, 1975.34411621, 1727.00305176, 2884.47998047, 6045.26513672, 1656.92907715, 954.829772949, 2126.25268555, 660.647949219, 798.397766113, 612.828063965, 336.317443848, 205.894119263, 103.695755005, 41.2809410095, 33.368057251, 17.0666770935, 15.1628389359, 12.7204561234, 8.90286922455, 1.26884114742, 0.375593990088, 0.00568743050098, 1.41237569551e-06, 2.33114016979e-09],
        "max": [1.73506915569, 14.4501218796, 43.4971542358, 83.365562439, 137.467269897, 74.1001586914, 460.785705566, 363.765991211, 98.509765625, 156.847076416, 441.687316895, 480.330169678, 491.213989258, 293.170043945, 611.928344727, 1089.20776367, 454.422485352, 823.786560059, 567.174926758, 926.584472656, 412.077392578, 467.726165771, 514.551574707, 232.659912109, 246.933685303, 194.114822388, 167.158569336, 232.806808472, 138.245300293, 78.1166763306, 69.0615997314, 54.9783821106, 46.1123390198, 78.8023681641, 44.8547744751, 14.6919088364, 9.4388999939, 1.19851088524, 0.019142312929, 0.000752920750529],
        "mean": [0.0831440463662, 0.630364358425, 2.4874124527, 4.2866601944, 8.13609218597, 5.61177778244, 11.8369083405, 8.73512935638, 4.48378562927, 5.9908862114, 19.9775753021, 35.8445625305, 14.3843574524, 16.6880702972, 20.2757854462, 23.6172637939, 22.9503326416, 25.3375797272, 30.3906860352, 51.6044311523, 39.9983215332, 24.8213558197, 38.5811271667, 26.0792942047, 22.5943508148, 19.9829788208, 15.7330036163, 8.28614807129, 6.45921850204, 5.32770824432, 3.2752199173, 2.45580673218, 1.95392143726, 1.32987582684, 0.886135220528, 0.404376029968, 0.191706597805, 0.0164267215878, 0.00031043990748, 3.98817282985e-05],
        "median": [0.00934374704957, 0.144093886018, 1.29354429245, 2.36710047722, 2.99365186691, 2.56129264832, 3.44671678543, 3.59979772568, 1.84161019325, 1.72351181507, 6.57377290726, 9.25643444061, 5.65795516968, 9.19330215454, 8.1767539978, 10.2397785187, 12.2728052139, 13.3999462128, 15.8375339508, 29.9568080902, 24.9945373535, 13.850025177, 19.1356678009, 20.6363449097, 15.0483064651, 14.9045000076, 10.6763868332, 4.64319896698, 2.41835951805, 2.33659696579, 1.28800833225, 0.934880435467, 0.575190603733, 0.241482436657, 0.171456173062, 0.0730414614081, 0.0164322536439, 0.000927497749217, 3.8429217966e-05, 2.31509256992e-05],
        "min": [1.2462354789e-05, 7.95290325186e-05, 0.000208400961128, 0.000410411856137, 0.0010734112002, 0.00577640114352, 0.00263759796508, 0.00135291030165, 0.00152017001528, 0.00924332998693, 0.0145293707028, 0.0221031140536, 0.0103517174721, 0.0422270260751, 0.0458544306457, 0.0184866525233, 0.038516830653, 0.11523976177, 0.0577509067953, 0.201273962855, 0.0828651487827, 0.0310643911362, 0.0488116927445, 0.0905654132366, 0.0767883881927, 0.127768740058, 0.0576153211296, 0.021710658446, 0.00696396687999, 0.00268164929003, 0.00285910815001, 0.00115218607243, 0.00013480502821, 1.52622033056e-05, 4.74103808301e-06, 1.58600767008e-06, 3.80662953603e-07, 8.82526052237e-08, 6.86628141011e-08, 6.03637957397e-08],
        "var": [0.0673910528421, 3.70100688934, 23.2258281708, 36.1359710693, 219.422470093, 81.5618515015, 1233.50402832, 359.706512451, 68.1254501343, 162.265838623, 1296.04150391, 3899.8762207, 769.319580078, 590.157165527, 1778.46691895, 3350.19262695, 1614.74987793, 2215.37866211, 1897.63549805, 5110.04931641, 2132.9519043, 1103.50842285, 3672.73364258, 503.823120117, 666.055664062, 366.619720459, 271.490875244, 181.585525513, 146.20072937, 64.3666534424, 36.092666626, 25.0520343781, 18.0978031158, 14.8375368118, 6.43410873413, 1.17267167568, 0.495926320553, 0.00462092738599, 1.33954165449e-06, 3.45648354383e-09]
    },
    "gfcc": {
        "mean": [11.1243486404, 75.8111190796, -136.92578125, 47.745716095, -49.5872306824, 12.9684677124, -38.5767059326, 9.23285102844, -32.1158676147, 1.42793917656, -26.1371269226, -3.43040657043, -13.3311338425],
        "cov": [[2993.48803711, -947.032531738, 760.176757812, -201.97354126, -169.161529541, 285.945831299, -338.529602051, 94.7117996216, -186.564178467, 82.166557312, -110.704101562, 68.5481109619, -122.331062317], [-947.032531738, 886.86340332, -516.79901123, 115.592857361, 40.4305686951, -187.924026489, 248.434112549, -90.1134338379, 168.362915039, -115.149650574, 52.1746330261, -88.8101654053, 62.5868492126], [760.176757812, -516.79901123, 775.313293457, 47.6575813293, 48.5875091553, 120.004089355, -174.919342041, 57.4574241638, -138.978408813, 143.321151733, -36.0687179565, 103.854850769, -77.1171417236], [-201.97354126, 115.592857361, 47.6575813293, 330.245025635, 90.9418716431, -18.335231781, -4.64655447006, -60.7736549377, 43.3008308411, -9.86128139496, 45.1299858093, -7.08604192734, 14.6739835739], [-169.161529541, 40.4305686951, 48.5875091553, 90.9418716431, 216.678375244, 40.6961402893, 53.8734169006, 19.1913757324, 20.2847862244, 32.2614746094, -8.29951477051, 30.5651550293, -4.18867254257], [285.945831299, -187.924026489, 120.004089355, -18.335231781, 40.6961402893, 209.058120728, -6.96622037888, 60.2837104797, -36.3706817627, 25.827413559, 15.8060302734, 8.20458030701, 13.3916454315], [-338.529602051, 248.434112549, -174.919342041, -4.64655447006, 53.8734169006, -6.96622037888, 190.228897095, 22.0052661896, 46.5867767334, -38.2552490234, -0.948967993259, -12.9244813919, -2.94011807442], [94.7117996216, -90.1134338379, 57.4574241638, -60.7736549377, 19.1913757324, 60.2837104797, 22.0052661896, 139.366744995, 14.7521629333, 16.181678772, -26.6975402832, -6.06226444244, -8.02495956421], [-186.564178467, 168.362915039, -138.978408813, 43.3008308411, 20.2847862244, -36.3706817627, 46.5867767334, 14.7521629333, 131.785140991, -23.6961841583, 12.5647144318, -39.589427948, 22.0693130493], [82.166557312, -115.149650574, 143.321151733, -9.86128139496, 32.2614746094, 25.827413559, -38.2552490234, 16.181678772, -23.6961841583, 86.4210739136, -1.58081448078, 26.6497402191, -15.2085056305], [-110.704101562, 52.1746330261, -36.0687179565, 45.1299858093, -8.29951477051, 15.8060302734, -0.948967993259, -26.6975402832, 12.5647144318, -1.58081448078, 82.8533325195, -1.75814700127, 25.6411685944], [68.5481109619, -88.8101654053, 103.854850769, -7.08604192734, 30.5651550293, 8.20458030701, -12.9244813919, -6.06226444244, -39.589427948, 26.6497402191, -1.75814700127, 83.618309021, -4.33863115311], [-122.331062317, 62.5868492126, -77.1171417236, 14.6739835739, -4.18867254257, 13.3916454315, -2.94011807442, -8.02495956421, 22.0693130493, -15.2085056305, 25.6411685944, -4.33863115311, 68.3911590576]],
        "icov": [[0.000738851260394, 4.9566715461e-05, -0.000417802279117, 0.000276767619653, 0.00054395897314, -0.00115150946658, 0.000928553054109, 0.000256181025179, -0.000534556049388, 0.000766635872424, 0.000732102431357, -0.000358332268661, 0.00112026522402], [4.9566715461e-05, 0.00459233159199, 0.000166144236573, -0.000354685180355, -0.000722409749869, 0.00325926672667, -0.00510332453996, 0.0019392403774, -0.00124026311096, 0.000584822380915, -0.00141155556776, 0.00292303739116, -0.00327983614989], [-0.000417802279117, 0.000166144236573, 0.00402448419482, -0.00181989884004, 0.000154780078446, -0.000617004581727, 0.00159377697855, -0.00169962854125, 0.00165188149549, -0.00347035820596, 0.000588968396187, -0.00248444150202, 0.00234525837004], [0.000276767619653, -0.000354685180355, -0.00181989884004, 0.00543479761109, -0.00263609318063, 0.000156342575792, 0.000998339965008, 0.00232972251251, -0.0018079119036, 0.00279984949157, -0.00229696673341, 0.0015866314061, -0.00010647947056], [0.00054395897314, -0.000722409749869, 0.000154780078446, -0.00263609318063, 0.00858967471868, -0.00335454661399, -0.00106056476943, -0.000442342745373, -0.00156895583495, -0.00344247999601, 0.00362674868666, -0.00412296131253, 0.00157911644783], [-0.00115150946658, 0.00325926672667, -0.000617004581727, 0.000156342575792, -0.00335454661399, 0.0119055798277, -0.00577244907618, -0.00206201034598, 0.00282729160972, -0.000202857103432, -0.00530323665589, 0.00510701769963, -0.00744360731915], [0.000928553054109, -0.00510332453996, 0.00159377697855, 0.000998339965008, -0.00106056476943, -0.00577244907618, 0.0160133261234, -0.0037264758721, -0.000276649865555, 0.00291556492448, 0.00179416860919, -0.00547546800226, 0.00894812308252], [0.000256181025179, 0.0019392403774, -0.00169962854125, 0.00232972251251, -0.000442342745373, -0.00206201034598, -0.0037264758721, 0.0125335110351, -0.00445675430819, -6.32277515251e-05, 0.00263424194418, 0.00274573592469, -0.00143497681711], [-0.000534556049388, -0.00124026311096, 0.00165188149549, -0.0018079119036, -0.00156895583495, 0.00282729160972, -0.000276649865555, -0.00445675430819, 0.0138155948371, -0.00149495527148, -0.0015674601309, 0.00368950562552, -0.00272405683063], [0.000766635872424, 0.000584822380915, -0.00347035820596, 0.00279984949157, -0.00344247999601, -0.000202857103432, 0.00291556492448, -6.32277515251e-05, -0.00149495527148, 0.0205811038613, -0.00278971041553, -0.000941250065807, 0.00231436593458], [0.000732102431357, -0.00141155556776, 0.000588968396187, -0.00229696673341, 0.00362674868666, -0.00530323665589, 0.00179416860919, 0.00263424194418, -0.0015674601309, -0.00278971041553, 0.0183615684509, -0.00292181782424, -0.00177902181167], [-0.000358332268661, 0.00292303739116, -0.00248444150202, 0.0015866314061, -0.00412296131253, 0.00510701769963, -0.00547546800226, 0.00274573592469, 0.00368950562552, -0.000941250065807, -0.00292181782424, 0.0205780100077, -0.0066224928014], [0.00112026522402, -0.00327983614989, 0.00234525837004, -0.00010647947056, 0.00157911644783, -0.00744360731915, 0.00894812308252, -0.00143497681711, -0.00272405683063, 0.00231436593458, -0.00177902181167, -0.0066224928014, 0.0257055032998]]
    },
    "melbands": {
        "dmean": [0.000815516861621, 0.00106696493458, 0.000584715686273, 0.000301446008962, 0.00026371065178, 0.00014816239127, 4.32207561971e-05, 4.78294932691e-05, 0.000150037871208, 0.000133458495839, 3.96956711484e-05, 3.43471547239e-05, 4.27950180892e-05, 2.79581108771e-05, 3.58396537194e-05, 2.53727193922e-05, 2.76891205431e-05, 3.06438487314e-05, 3.58729885193e-05, 3.32964409608e-05, 2.10460311791e-05, 1.25774968183e-05, 1.52369248099e-05, 1.85184762813e-05, 9.67278265307e-06, 7.39173856346e-06, 7.45093757359e-06, 6.15058388576e-06, 5.16399904882e-06, 3.04881859847e-06, 2.07169227906e-06, 1.89599961686e-06, 1.54905592353e-06, 1.29017257677e-06, 1.01353759874e-06, 8.61457806423e-07, 8.74093245784e-07, 8.71177462614e-07, 8.21965272735e-07, 7.50912818148e-07],
        "dmean2": [0.00129769556224, 0.00185796921141, 0.000957089825533, 0.00047850253759, 0.000371898786398, 0.000220476707909, 7.30672181817e-05, 7.99355912022e-05, 0.000252264784649, 0.000221685419092, 6.34574025753e-05, 5.24437236891e-05, 6.37128177914e-05, 4.35056754213e-05, 5.55639198865e-05, 4.07567058573e-05, 4.30221007264e-05, 4.79435875604e-05, 5.70297233935e-05, 5.26057665411e-05, 3.24572938553e-05, 1.93138930626e-05, 2.45090868702e-05, 2.86253871309e-05, 1.57113499881e-05, 1.17300842248e-05, 1.23689069369e-05, 1.0155756172e-05, 8.57118538988e-06, 4.99740372106e-06, 3.34733863383e-06, 2.96707935377e-06, 2.34950402955e-06, 2.01688749257e-06, 1.53601911279e-06, 1.3281999145e-06, 1.36757489599e-06, 1.33418302539e-06, 1.27563168917e-06, 1.16098976832e-06],
        "dvar": [5.8940895542e-06, 9.08538277145e-06, 1.2283420574e-06, 4.27887130172e-07, 5.79258255584e-07, 1.38456627496e-07, 1.02434238869e-08, 1.42745797405e-08, 8.96825227414e-08, 6.63068249196e-08, 1.01670263319e-08, 5.01069985503e-09, 1.10183435709e-08, 5.07916775305e-09, 8.67595151277e-09, 5.77540593127e-09, 3.76299036375e-09, 4.45690373496e-09, 4.58256455005e-09, 3.33941185815e-09, 9.24042453665e-10, 5.50825163259e-10, 7.79215580948e-10, 9.99140770119e-10, 1.82191720044e-10, 1.38380237824e-10, 1.96191743407e-10, 1.07970028751e-10, 7.17866321942e-11, 5.62952080785e-11, 2.78764719641e-11, 1.80220387225e-11, 9.32064061349e-12, 6.93336620755e-12, 5.80398663158e-12, 4.47198224632e-12, 3.28766180946e-12, 4.26235869516e-12, 5.15007567842e-12, 7.18132758121e-12],
        "dvar2": [1.41197970152e-05, 2.51930796367e-05, 3.09464098791e-06, 9.94135234578e-07, 1.1354770777e-06, 2.71102351235e-07, 2.80727885382e-08, 3.87598184659e-08, 2.2033233904e-07, 1.72986702296e-07, 2.28861249951e-08, 1.1572473646e-08, 2.29158523268e-08, 1.02962394166e-08, 1.9062420975e-08, 1.39685312206e-08, 7.78339082075e-09, 1.07605657718e-08, 1.16525642468e-08, 8.50562020815e-09, 2.21536033962e-09, 1.12645204275e-09, 1.94706384349e-09, 2.31509278414e-09, 4.64246197041e-10, 3.50208584354e-10, 5.06527209065e-10, 2.96336399863e-10, 1.91073781797e-10, 1.27291774343e-10, 5.63595663194e-11, 4.37767565253e-11, 2.16087859412e-11, 1.6925735119e-11, 1.39418390027e-11, 9.20402729726e-12, 7.25619694539e-12, 1.00555249891e-11, 1.0965329339e-11, 1.23621807235e-11],
        "max": [0.0152441663668, 0.0221005566418, 0.013739168644, 0.0077412254177, 0.0127223199233, 0.00934545975178, 0.00166822876781, 0.00136912008747, 0.00367423309945, 0.00284203351475, 0.00252309930511, 0.00146934983786, 0.00244511780329, 0.00165565579664, 0.00277873314917, 0.00168674159795, 0.0016813208349, 0.00104227033444, 0.00107277743518, 0.00102335109841, 0.000383088452509, 0.000587475078646, 0.000338322337484, 0.000543814967386, 0.000185822762433, 0.000168252547155, 0.000227471580729, 0.000133183246362, 0.000118873911561, 0.000161962452694, 0.000124318656162, 8.85422123247e-05, 6.11382056377e-05, 4.66957135359e-05, 3.93908994738e-05, 4.57869427919e-05, 3.17326339427e-05, 3.32653107762e-05, 5.90548334003e-05, 7.63868665672e-05],
        "mean": [0.000760417839047, 0.00115833512973, 0.000927298562601, 0.000484777759993, 0.000363212398952, 0.000215477499296, 6.75638002576e-05, 6.06483154115e-05, 0.000225787851377, 0.000205356467632, 6.66177729727e-05, 6.57126365695e-05, 7.90940684965e-05, 4.77614958072e-05, 7.05426500645e-05, 4.3450796511e-05, 4.83479416289e-05, 4.82534414914e-05, 6.43860912533e-05, 6.17159894318e-05, 4.22797820647e-05, 2.36513678828e-05, 2.72370234597e-05, 3.82835423807e-05, 1.88800731848e-05, 1.58633138199e-05, 1.51651975102e-05, 1.3234747712e-05, 1.13864625746e-05, 6.47517254038e-06, 4.10624306824e-06, 3.55690963261e-06, 3.36494053954e-06, 2.82750625047e-06, 1.87793182249e-06, 1.61184152603e-06, 1.47847140397e-06, 1.442761004e-06, 1.16905675895e-06, 1.08433869173e-06],
        "median": [0.000108391046524, 0.000525314710103, 0.000449968676548, 0.000204436466447, 0.00012379688269, 8.74132310855e-05, 2.5500989068e-05, 1.31876022351e-05, 6.51602022117e-05, 5.59667678317e-05, 2.36121741182e-05, 3.51638846041e-05, 3.16417972499e-05, 1.74712949956e-05, 3.63177859981e-05, 1.98141642613e-05, 2.44947204919e-05, 2.11060905713e-05, 3.47455534211e-05, 3.75270501536e-05, 2.44727652898e-05, 1.20375325423e-05, 1.20484446597e-05, 1.99799724214e-05, 1.47790560732e-05, 1.09041875476e-05, 9.74154590949e-06, 9.82460096566e-06, 7.73169358581e-06, 3.72865497411e-06, 2.05909395845e-06, 1.30407590859e-06, 1.36365395065e-06, 1.24989628603e-06, 7.1774945809e-07, 5.61747867778e-07, 5.27306667664e-07, 4.16808290993e-07, 2.51605086987e-07, 1.7278641451e-07],
        "min": [1.46165675119e-07, 1.24685939795e-07, 1.06273517986e-07, 1.69115679682e-07, 1.67029270415e-07, 3.0759036207e-08, 2.71856563927e-08, 1.05726797983e-07, 1.10150686794e-07, 1.4907199386e-07, 3.60799035093e-08, 1.5313084134e-07, 1.72356308781e-07, 3.72638595536e-08, 5.60944179995e-08, 1.06075951578e-07, 1.76346915737e-07, 7.37975014431e-08, 1.96692980126e-07, 2.67971699941e-07, 6.76954243772e-08, 3.25513553889e-08, 2.97829299001e-08, 5.84925921032e-08, 6.51049774092e-08, 5.70408218437e-08, 6.34408721112e-08, 7.01576041706e-08, 3.81081370904e-08, 2.22087681578e-08, 7.0002426078e-09, 3.18483261985e-09, 1.71118230696e-09, 1.29479404976e-09, 1.64093572064e-09, 8.1769391258e-10, 9.36631935206e-12, 1.47759267929e-12, 2.41868672443e-13, 2.05477982177e-13],
