{
"highlevel": {
    "danceability": {
        "all": {
            "danceable": 0.331645458937,
            "not_danceable": 0.668354511261
        },
        "probability": 0.668354511261,
        "value": "not_danceable"
    },
    "gender": {
        "all": {
            "female": 0.00507942400873,
            "male": 0.994920551777
        },
        "probability": 0.994920551777,
        "value": "male"
    },
    "genre_dortmund": {
        "all": {
            "alternative": 0.0663134232163,
            "blues": 0.0740877762437,
            "electronic": 0.0113729443401,
            "folkcountry": 0.0610512271523,
            "funksoulrnb": 0.0119699789211,
            "jazz": 0.00676141260192,
            "pop": 0.0473915413022,
            "raphiphop": 0.00155283801723,
            "rock": 0.719498872757
        },
        "probability": 0.719498872757,
        "value": "rock"
    },
    "genre_electronic": {
        "all": {
            "ambient": 0.286565572023,
            "dnb": 0.46589371562,
            "house": 0.0462899468839,
            "techno": 0.0102841686457,
            "trance": 0.190966576338
        },
        "probability": 0.46589371562,
        "value": "dnb"
    },
    "genre_rosamerica": {
        "all": {
            "cla": 0.00713283102959,
            "dan": 0.00251431204379,
            "hip": 0.00132404395845,
            "jaz": 0.00119572901167,
            "pop": 0.0036513779778,
            "rhy": 0.00144207722042,
            "roc": 0.982619225979,
            "spe": 0.000120397089631
        },
        "probability": 0.982619225979,
        "value": "roc"
    },
    "genre_tzanetakis": {
        "all": {
            "blu": 0.0626541376114,
            "cla": 0.0348133966327,
            "cou": 0.0783501937985,
            "dis": 0.104547761381,
            "hip": 0.15693578124,
            "jaz": 0.313987255096,
            "met": 0.044816005975,
            "pop": 0.0627349764109,
            "reg": 0.0627352520823,
            "roc": 0.0784252434969
        },
        "probability": 0.313987255096,
        "value": "jaz"
    },
    "ismir04_rhythm": {
        "all": {
            "ChaChaCha": 0.144006893039,
            "Jive": 0.510621786118,
            "Quickstep": 0.11140204221,
            "Rumba-American": 0.00615993095562,
            "Rumba-International": 0.0122342463583,
            "Rumba-Misc": 0.00271124835126,
            "Samba": 0.166443884373,
            "Tango": 0.0097972759977,
            "VienneseWaltz": 0.0314701572061,
            "Waltz": 0.00515251373872
        },
        "probability": 0.510621786118,
        "value": "Jive"
    },
    "mood_acoustic": {
        "all": {
            "acoustic": 0.0160779785365,
            "not_acoustic": 0.9839220047
        },
        "probability": 0.9839220047,
        "value": "not_acoustic"
    },
    "mood_aggressive": {
        "all": {
            "aggressive": 0.862765729427,
            "not_aggressive": 0.137234270573
        },
        "probability": 0.862765729427,
        "value": "aggressive"
    },
    "mood_electronic": {
        "all": {
            "electronic": 0.220893070102,
            "not_electronic": 0.779106914997
        },
        "probability": 0.779106914997,
        "value": "not_electronic"
    },
    "mood_happy": {
        "all": {
            "happy": 0.820476412773,
            "not_happy": 0.179523602128
        },
        "probability": 0.820476412773,
        "value": "happy"
    },
    "mood_party": {
        "all": {
            "not_party": 0.467431277037,
            "party": 0.532568752766
        },
        "probability": 0.532568752766,
        "value": "party"
    },
    "mood_relaxed": {
        "all": {
            "not_relaxed": 0.989826142788,
            "relaxed": 0.0101738357916
        },
        "probability": 0.989826142788,
        "value": "not_relaxed"
    },
    "mood_sad": {
        "all": {
            "not_sad": 0.983355760574,
            "sad": 0.0166442282498
        },
        "probability": 0.983355760574,
        "value": "not_sad"
    },
    "moods_mirex": {
        "all": {
            "Cluster1": 0.401987403631,
            "Cluster2": 0.258430570364,
            "Cluster3": 0.0861576423049,
            "Cluster4": 0.138257026672,
            "Cluster5": 0.115167364478
        },
        "probability": 0.401987403631,
        "value": "Cluster1"
    },
    "timbre": {
        "all": {
            "bright": 0.997042655945,
            "dark": 0.00295735686086
        },
        "probability": 0.997042655945,
        "value": "bright"
    },
    "tonal_atonal": {
        "all": {
            "atonal": 0.0120331058279,
            "tonal": 0.987966895103
        },
        "probability": 0.987966895103,
        "value": "tonal"
    },
    "voice_instrumental": {
        "all": {
            "instrumental": 0.00135831825901,
            "voice": 0.99864166975
        },
        "probability": 0.99864166975,
        "value": "voice"
    }
},
"lowlevel": {
    "average_loudness": 0.970192909241,
    "barkbands_crest": {
        "dmean": 2.31198620796,
        "dmean2": 3.7048664093,
        "dvar": 4.89784860611,
        "dvar2": 11.2760000229,
        "max": 24.7221832275,
        "mean": 7.93722677231,
        "median": 6.92662858963,
        "min": 2.43134570122,
        "var": 14.963508606
    },
    "barkbands_flatness_db": {
        "dmean": 0.0170921906829,
        "dmean2": 0.0268090534955,
        "dvar": 0.000271788012469,
        "dvar2": 0.000631814706139,
        "max": 0.318779468536,
        "mean": 0.122078098357,
        "median": 0.116959445179,
        "min": 0.0567537024617,
        "var": 0.00125278474297
    },
    "barkbands_kurtosis": {
        "dmean": 1.29032516479,
        "dmean2": 2.11630892754,
        "dvar": 6.24011850357,
        "dvar2": 15.2777585983,
        "max": 41.2396774292,
        "mean": 0.671250522137,
        "median": -0.174946308136,
        "min": -1.71841990948,
        "var": 8.9834318161
    },
    "barkbands_skewness": {
        "dmean": 0.445767581463,
        "dmean2": 0.69084084034,
        "dvar": 0.212545126677,
        "dvar2": 0.49306255579,
        "max": 6.07526445389,
        "mean": 0.753609061241,
        "median": 0.685512304306,
        "min": -1.07862997055,
        "var": 0.687309503555
    },
    "barkbands_spread": {
        "dmean": 5.4092335701,
        "dmean2": 8.29656982422,
        "dvar": 29.9954376221,
        "dvar2": 66.3428192139,
        "max": 86.0212631226,
        "mean": 27.3599128723,
        "median": 26.5485191345,
        "min": 4.54979038239,
        "var": 116.689109802
    },
    "dissonance": {
        "dmean": 0.0122904274613,
        "dmean2": 0.0211786087602,
        "dvar": 0.000199880261789,
        "dvar2": 0.000552822719328,
        "max": 0.500000059605,
        "mean": 0.480374008417,
        "median": 0.485106408596,
        "min": 0.365896433592,
        "var": 0.000327211600961
    },
    "dynamic_complexity": 1.67901444435,
    "erbbands_crest": {
        "dmean": 2.39388012886,
        "dmean2": 3.75304627419,
        "dvar": 5.25008487701,
        "dvar2": 11.896115303,
        "max": 31.7355690002,
        "mean": 8.76709747314,
        "median": 7.68024921417,
        "min": 2.34062886238,
        "var": 20.0270996094
    },
    "erbbands_flatness_db": {
        "dmean": 0.0158201940358,
        "dmean2": 0.0219332277775,
        "dvar": 0.000220672081923,
        "dvar2": 0.000408772844821,
        "max": 0.322640746832,
        "mean": 0.161916330457,
        "median": 0.157240211964,
        "min": 0.0643170699477,
        "var": 0.00161575630773
    },
    "erbbands_kurtosis": {
        "dmean": 0.780805885792,
        "dmean2": 1.25759720802,
        "dvar": 0.744445919991,
        "dvar2": 1.71679115295,
        "max": 16.4988479614,
        "mean": 0.636833906174,
        "median": 0.329930305481,
        "min": -1.6393392086,
        "var": 2.43993854523
    },
    "erbbands_skewness": {
        "dmean": 0.29774543643,
        "dmean2": 0.46066185832,
        "dvar": 0.0731329023838,
        "dvar2": 0.169012829661,
        "max": 3.93787145615,
        "mean": -0.0720706805587,
        "median": -0.122100055218,
        "min": -2.50377082825,
        "var": 0.509804785252
    },
    "erbbands_spread": {
        "dmean": 7.00077390671,
        "dmean2": 10.5753726959,
        "dvar": 50.3734207153,
        "dvar2": 110.198165894,
        "max": 97.0871734619,
        "mean": 31.9160633087,
        "median": 28.5697898865,
        "min": 6.19417333603,
        "var": 249.273208618
    },
    "hfc": {
        "dmean": 7.41614580154,
        "dmean2": 10.6771383286,
        "dvar": 80.8665924072,
        "dvar2": 166.461257935,
        "max": 98.6475372314,
        "mean": 28.3658885956,
        "median": 25.8856639862,
        "min": 1.11974942684,
        "var": 244.591506958
    },
    "melbands_crest": {
        "dmean": 3.04707050323,
        "dmean2": 4.92678880692,
        "dvar": 8.23692035675,
        "dvar2": 20.1218585968,
        "max": 32.2523880005,
        "mean": 11.6133155823,
        "median": 10.7267169952,
        "min": 3.49199819565,
        "var": 23.6456375122
    },
    "melbands_flatness_db": {
        "dmean": 0.0221207588911,
        "dmean2": 0.0338103398681,
        "dvar": 0.000491626793519,
        "dvar2": 0.00112520158291,
        "max": 0.324010640383,
        "mean": 0.155223846436,
        "median": 0.147888511419,
        "min": 0.0457648225129,
        "var": 0.00218571838923
    },
    "melbands_kurtosis": {
        "dmean": 3.77739286423,
        "dmean2": 6.11248111725,
        "dvar": 56.1821060181,
        "dvar2": 132.038818359,
        "max": 140.216461182,
        "mean": 5.07285833359,
        "median": 2.53826332092,
        "min": -1.5758562088,
        "var": 82.6176605225
    },
    "melbands_skewness": {
        "dmean": 0.619125664234,
        "dmean2": 0.953141093254,
        "dvar": 0.469230115414,
        "dvar2": 1.03556787968,
        "max": 9.77222442627,
        "mean": 1.70466673374,
        "median": 1.55997717381,
        "min": -0.62356364727,
        "var": 1.50681865215
    },
    "melbands_spread": {
        "dmean": 8.0296049118,
        "dmean2": 12.5666694641,
        "dvar": 66.7468109131,
        "dvar2": 158.914321899,
        "max": 126.68434906,
        "mean": 33.9898872375,
        "median": 32.5721588135,
        "min": 3.04488015175,
        "var": 234.728881836
    },
    "pitch_salience": {
        "dmean": 0.0654887706041,
        "dmean2": 0.105017073452,
        "dvar": 0.00348662515171,
        "dvar2": 0.00845434330404,
        "max": 0.858101308346,
        "mean": 0.603437781334,
        "median": 0.617746353149,
        "min": 0.162500709295,
        "var": 0.00989964231849
    },
    "silence_rate_20dB": {
        "dmean": 0,
        "dmean2": 0,
        "dvar": 0,
        "dvar2": 0,
        "max": 1,
        "mean": 1,
        "median": 1,
        "min": 1,
        "var": 0
    },
    "silence_rate_30dB": {
        "dmean": 0,
        "dmean2": 0,
        "dvar": 0,
        "dvar2": 0,
        "max": 1,
        "mean": 1,
        "median": 1,
        "min": 1,
        "var": 0
    },
    "silence_rate_60dB": {
        "dmean": 0.0061919502914,
        "dmean2": 0.0123934932053,
        "dvar": 0.00615360913798,
        "dvar2": 0.0137890968472,
        "max": 1,
        "mean": 0.00773395225406,
        "median": 0,
        "min": 0,
        "var": 0.00767414644361
    },
    "spectral_centroid": {
        "dmean": 240.380050659,
        "dmean2": 377.091583252,
        "dvar": 53192.6132812,
        "dvar2": 125932.835938,
        "max": 3594.76611328,
        "mean": 1638.22705078,
        "median": 1635.93945312,
        "min": 448.503723145,
        "var": 235317.796875
    },
    "spectral_complexity": {
        "dmean": 4.55727577209,
        "dmean2": 6.76374912262,
        "dvar": 20.7993469238,
        "dvar2": 38.4126586914,
        "max": 58,
        "mean": 29.6573867798,
        "median": 30,
        "min": 2,
        "var": 103.807617188
    },
    "spectral_decrease": {
        "dmean": 2.43528019972e-09,
        "dmean2": 3.60670648902e-09,
        "dvar": 1.02698137459e-17,
        "dvar2": 2.30596960936e-17,
        "max": -1.79474449191e-10,
        "mean": -7.24429849441e-09,
        "median": -6.37174091267e-09,
        "min": -2.89704722434e-08,
        "var": 1.77780105705e-17
    },
    "spectral_energy": {
        "dmean": 0.00972197484225,
        "dmean2": 0.0142606161535,
        "dvar": 0.000156668276759,
        "dvar2": 0.000350568734575,
        "max": 0.113423466682,
        "mean": 0.0299145635217,
        "median": 0.0264509320259,
        "min": 0.000960402772762,
        "var": 0.000282938475721
    },
    "spectral_energyband_high": {
        "dmean": 0.000371284171706,
        "dmean2": 0.000488582067192,
        "dvar": 3.46664336348e-07,
        "dvar2": 6.28512509593e-07,
        "max": 0.00995226670057,
        "mean": 0.000932548195124,
        "median": 0.000565486319829,
        "min": 9.12131599762e-06,
        "var": 1.02008107206e-06
    },
    "spectral_energyband_low": {
        "dmean": 0.00500768702477,
        "dmean2": 0.00784560851753,
        "dvar": 7.84432486398e-05,
        "dvar2": 0.000172703745193,
        "max": 0.0903732329607,
        "mean": 0.00845185853541,
        "median": 0.00545839779079,
        "min": 9.64150458458e-05,
        "var": 0.000105719889689
    },
    "spectral_energyband_middle_high": {
        "dmean": 0.00325275841169,
        "dmean2": 0.00510382838547,
        "dvar": 1.57169288286e-05,
        "dvar2": 3.67208340322e-05,
        "max": 0.036170411855,
        "mean": 0.0102958315983,
        "median": 0.00859413016587,
        "min": 9.3589478638e-05,
        "var": 4.96441571158e-05
    },
    "spectral_energyband_middle_low": {
        "dmean": 0.00515964766964,
        "dmean2": 0.00850265659392,
        "dvar": 6.84698752593e-05,
        "dvar2": 0.000180216578883,
        "max": 0.0815978571773,
        "mean": 0.0116396099329,
        "median": 0.00912874937057,
        "min": 0.000279671454336,
        "var": 8.73451353982e-05
    },
    "spectral_entropy": {
        "dmean": 0.110799208283,
        "dmean2": 0.16372205317,
        "dvar": 0.0129805160686,
        "dvar2": 0.0269612185657,
        "max": 8.47754573822,
        "mean": 7.74765110016,
        "median": 7.75119352341,
        "min": 6.34319543839,
        "var": 0.078801818192
    },
    "spectral_flux": {
        "dmean": 0.0264137517661,
        "dmean2": 0.0381513684988,
        "dvar": 0.000882392690983,
        "dvar2": 0.00160708918702,
        "max": 0.25980257988,
        "mean": 0.0975151881576,
        "median": 0.0878285989165,
        "min": 0.0173957105726,
        "var": 0.00212368671782
    },
    "spectral_kurtosis": {
        "dmean": 1.2513024807,
        "dmean2": 2.01319742203,
        "dvar": 2.087454319,
        "dvar2": 5.18064212799,
        "max": 25.8156738281,
        "mean": 4.51040744781,
        "median": 4.04124498367,
        "min": -0.617301940918,
        "var": 7.71162080765
    },
    "spectral_rms": {
        "dmean": 0.000819536915515,
        "dmean2": 0.00117706053425,
        "dvar": 8.41872349611e-07,
        "dvar2": 1.7276380504e-06,
        "max": 0.0105193648487,
        "mean": 0.00519816251472,
        "median": 0.00507993996143,
        "min": 0.000967976404354,
        "var": 2.16399257624e-06
    },
    "spectral_rolloff": {
        "dmean": 460.713684082,
        "dmean2": 744.97265625,
        "dvar": 479161.15625,
        "dvar2": 1095217.375,
        "max": 9474.609375,
        "mean": 1888.36315918,
        "median": 1765.72265625,
        "min": 86.1328125,
        "var": 1138357.125
    },
    "spectral_skewness": {
        "dmean": 0.17049138248,
        "dmean2": 0.265509575605,
        "dvar": 0.0249366816133,
        "dvar2": 0.0552325919271,
        "max": 3.34289956093,
        "mean": 1.49344098568,
        "median": 1.45112919807,
        "min": 0.44606795907,
        "var": 0.146896317601
    },
    "spectral_spread": {
        "dmean": 439382.03125,
        "dmean2": 624704.4375,
        "dvar": 339364642816,
        "dvar2": 611391635456,
        "max": 12874546,
        "mean": 4063721,
        "median": 3941071.25,
        "min": 1595559,
        "var": 1.45332135526e+12
    },
    "spectral_strongpeak": {
        "dmean": 0.689659237862,
        "dmean2": 1.18932056427,
        "dvar": 1.04487156868,
        "dvar2": 2.46997117996,
        "max": 8.13219833374,
        "mean": 1.11752307415,
        "median": 0.518930613995,
        "min": 0.0333673134446,
        "var": 1.79463434219
    },
    "zerocrossingrate": {
        "dmean": 0.00890130642802,
        "dmean2": 0.0104732736945,
        "dvar": 9.53130947892e-05,
        "dvar2": 0.00011137133697,
        "max": 0.23876953125,
        "mean": 0.0694439411163,
        "median": 0.068359375,
        "min": 0.017578125,
        "var": 0.000698997115251
    },
    "barkbands": {
        "dmean": [7.45083889342e-05, 0.00295525114052, 0.00272604334168, 0.00162976165302, 0.0018955465639, 0.00131183490157, 0.000915629090741, 0.000557310297154, 0.000942346407101, 0.000653215509374, 0.00110842334107, 0.000632993353065, 0.000759976916015, 0.000729320861865, 0.000558737374377, 0.000415187561885, 0.000464243144961, 0.000424500962254, 0.000214825224248, 0.000146930338815, 0.00013852873235, 8.96320561878e-05, 5.07055992784e-05, 5.10980644322e-05, 4.90386955789e-05, 1.1208381693e-05, 7.50883799583e-09],
        "dmean2": [0.000106616171252, 0.00438678078353, 0.00488845817745, 0.00274567725137, 0.00312302587554, 0.00229654321447, 0.001645468059, 0.000888446520548, 0.00146338937338, 0.00109498284291, 0.00180621817708, 0.00102429778781, 0.00120980886277, 0.0011962428689, 0.000900243874639, 0.000656158139464, 0.000758285692427, 0.000667953980155, 0.000346716376953, 0.000228974618949, 0.000209596197237, 0.000126169441501, 7.51687548473e-05, 7.3199691542e-05, 6.89488879289e-05, 1.67426678672e-05, 1.28904744656e-08],
        "dvar": [1.6768590072e-08, 3.05853645841e-05, 3.571493653e-05, 6.17657724433e-06, 8.0561330833e-06, 1.2773155504e-05, 7.62473700888e-06, 2.1052151169e-06, 3.09418624056e-06, 1.19941648791e-06, 2.59298394667e-06, 1.48618437379e-06, 1.35358482112e-06, 2.31819717555e-06, 1.02596561646e-06, 4.52070082702e-07, 3.93193289483e-07, 3.46481954239e-07, 9.37501809517e-08, 5.15556166647e-08, 5.76903076421e-08, 2.41233610865e-08, 7.98325316964e-09, 1.25679759932e-08, 8.57325410664e-09, 1.93731719556e-09, 1.73460182087e-15],
        "dvar2": [3.23181730266e-08, 6.31386137684e-05, 0.000100661578472, 1.57128815772e-05, 1.93423493329e-05, 3.54104413418e-05, 2.17023716687e-05, 5.22395566804e-06, 6.2499671003e-06, 3.43849387718e-06, 6.41326914774e-06, 3.49122069565e-06, 3.20759681927e-06, 5.77233276999e-06, 2.57424744632e-06, 1.09724078357e-06, 9.24670473523e-07, 7.71422094203e-07, 2.39525462575e-07, 1.20871064269e-07, 1.32484203164e-07, 5.11068769526e-08, 1.77409908986e-08, 2.72993645467e-08, 1.72404028831e-08, 4.0457650563e-09, 3.58609185912e-15],
        "max": [0.00154262664728, 0.0541028566658, 0.0618534497917, 0.0288515053689, 0.0441768951714, 0.0321789197624, 0.0326168313622, 0.026767751202, 0.0346217937768, 0.0117846745998, 0.0173984877765, 0.0174014288932, 0.0178883355111, 0.0205365680158, 0.0122642824426, 0.00855796039104, 0.00664460472763, 0.0112000638619, 0.00425407523289, 0.00299477670342, 0.00291923177429, 0.00307649024762, 0.00196795747615, 0.00252472283319, 0.00219402019866, 0.00148143467959, 8.50887204251e-07],
        "mean": [9.91468186839e-05, 0.00401378655806, 0.00316314678639, 0.00253701722249, 0.00347669306211, 0.00138828798663, 0.000879645987879, 0.00082458788529, 0.0021168529056, 0.000991232693195, 0.00176735967398, 0.00104076380376, 0.00128823076375, 0.00123307458125, 0.00102993496694, 0.000744789547753, 0.00091505079763, 0.000864832720254, 0.000455782661447, 0.000318033562507, 0.000267952855211, 0.000179694005055, 0.000108782107418, 0.000102847079688, 9.01392413653e-05, 1.68830974872e-05, 5.32238075834e-09],
        "median": [2.32801994571e-05, 0.00188573484775, 0.00159579771571, 0.00133575417567, 0.00230776006356, 0.000619343249127, 0.000336647877702, 0.00042095995741, 0.000677874719258, 0.000650689995382, 0.000978742842562, 0.000594213372096, 0.000887913163751, 0.000421726756031, 0.000434822868556, 0.000461734569399, 0.000635588308796, 0.000527721364051, 0.000343439372955, 0.000180898758117, 0.000136273694807, 9.63438360486e-05, 6.17570185568e-05, 4.90115817229e-05, 4.84585834784e-05, 7.3764881563e-06, 4.16539996939e-10],
        "min": [1.81453074788e-08, 7.1061313065e-06, 1.37375945997e-06, 4.57845453639e-06, 3.17040598929e-06, 5.3667076827e-06, 2.46186999675e-07, 9.01498310668e-07, 4.16910188505e-06, 5.78715912525e-07, 3.89400747736e-06, 5.31731359388e-07, 3.40575456903e-06, 1.60280740147e-06, 2.18509831029e-06, 2.6338900625e-06, 3.94518747271e-06, 5.37006371815e-06, 5.846660315e-06, 2.85006126433e-06, 1.51361155076e-06, 6.83872372065e-07, 5.83902590279e-07, 2.49592432056e-07, 9.74818590294e-08, 1.8612793598e-11, 6.65247371079e-12],
        "var": [2.86488166523e-08, 4.04036836699e-05, 2.59938424279e-05, 9.90234093479e-06, 1.5947052816e-05, 9.04700482351e-06, 4.93395282319e-06, 2.77278559224e-06, 2.0366973331e-05, 1.52367215378e-06, 4.72980218547e-06, 2.7271523777e-06, 2.16232137973e-06, 4.43878570877e-06, 2.51074584412e-06, 8.42971076054e-07, 8.21144226393e-07, 1.07675509753e-06, 1.92236811358e-07, 1.34463917334e-07, 1.14903905057e-07, 5.22503391664e-08, 1.61776689822e-08, 2.4854038827e-08, 2.04077661436e-08, 2.74848654946e-09, 1.41770996052e-15]
    },
    "erbbands": {
        "dmean": [0.0912802666426, 0.679809868336, 2.59794449806, 4.36934328079, 5.52567148209, 7.8063082695, 7.06602478027, 12.5677127838, 15.2433261871, 9.8555803299, 13.9525976181, 24.3562431335, 18.2874526978, 23.7394523621, 47.1244468689, 23.7606487274, 32.8852958679, 33.4493103027, 34.4386978149, 22.825881958, 20.3469085693, 24.3981685638, 25.2381343842, 12.2200708389, 9.56070709229, 6.62286233902, 6.39985704422, 4.83084869385, 3.41347622871, 2.06313371658, 1.34827005863, 1.07869148254, 0.937696158886, 0.723321855068, 0.243297830224, 0.0732202231884, 0.0167544595897, 0.00145442981739, 3.05659086735e-05, 1.23420568343e-05],
        "dmean2": [0.139166429639, 1.0583178997, 4.62078952789, 7.41291952133, 9.30855464935, 12.6157970428, 11.7104282379, 22.3829097748, 27.5818862915, 16.3577632904, 22.1098327637, 38.0935020447, 29.0887546539, 39.9854011536, 76.4192428589, 37.8299751282, 51.9676780701, 54.3478775024, 55.9295654297, 36.3961601257, 31.994758606, 39.1523704529, 39.4895477295, 19.3258914948, 15.6479234695, 10.2970190048, 9.69043159485, 7.25777769089, 4.89946269989, 2.94205999374, 1.97407138348, 1.60143637657, 1.34827184677, 1.0407859087, 0.350772291422, 0.112121500075, 0.0244557801634, 0.00225539016537, 4.49638791906e-05, 1.73867283593e-05],
        "dvar": [0.0310164652765, 1.74007511139, 33.1999397278, 47.1586837769, 93.5500717163, 168.57774353, 151.238082886, 1365.49975586, 2435.90087891, 440.890472412, 1495.66394043, 2253.57666016, 688.070373535, 1730.17053223, 5201.89648438, 2336.98144531, 2440.77563477, 4556.45068359, 4035.60253906, 1759.99084473, 874.065307617, 1121.9864502, 1273.29504395, 277.09375, 220.381912231, 99.184425354, 112.591751099, 76.0997314453, 34.8637428284, 11.3778915405, 4.93163490295, 5.43132305145, 5.35740613937, 1.73698854446, 0.354613184929, 0.116340942681, 0.00318297557533, 2.78644420177e-05, 9.4372500925e-09, 2.39356895415e-10],
        "dvar2": [0.0696908459067, 3.50227999687, 92.0581512451, 122.418029785, 246.048126221, 386.4894104, 383.507659912, 3852.48339844, 7001.24316406, 1170.06860352, 3684.3737793, 4786.56835938, 1874.63049316, 4657.89013672, 12213.8330078, 5702.01416016, 5844.38378906, 10797.9648438, 9839.46484375, 4296.6171875, 1999.07666016, 2695.69970703, 2816.05932617, 671.912780762, 561.217224121, 226.488769531, 257.930114746, 172.347427368, 74.1815109253, 22.1864624023, 10.7521238327, 12.8882493973, 11.8577156067, 3.5599591732, 0.677509963512, 0.266596496105, 0.00583437876776, 5.95669698669e-05, 1.94824334443e-08, 5.06828357061e-10],
        "max": [1.52221536636, 12.1232385635, 58.6016159058, 57.3782043457, 156.807876587, 216.701980591, 121.92464447, 346.711517334, 581.945007324, 177.726364136, 705.060241699, 1088.38171387, 407.566131592, 445.099700928, 871.363769531, 857.059753418, 902.693847656, 694.044677734, 829.490234375, 597.957580566, 526.366333008, 402.262054443, 556.952087402, 234.586669922, 220.459335327, 139.357955933, 112.370628357, 106.158615112, 107.958465576, 61.0598564148, 45.0406570435, 48.5970993042, 53.6931304932, 27.3767108917, 20.8039836884, 11.6002779007, 1.82655513287, 0.109749488533, 0.00237314170226, 0.000204296375159],
        "mean": [0.110370658338, 0.940924584866, 3.0373313427, 6.70009994507, 9.76968860626, 12.8532571793, 9.91087913513, 12.7325983047, 14.6453933716, 12.347571373, 21.7510089874, 54.3019561768, 35.6259307861, 37.2250747681, 79.3161468506, 44.4597549438, 59.2905426025, 61.3595848083, 68.3503952026, 42.4703102112, 42.2092018127, 50.9369697571, 53.2216186523, 27.6167984009, 20.0946617126, 14.892952919, 12.6409912109, 9.45662212372, 6.75927114487, 4.44668960571, 2.85882043839, 2.13355398178, 1.7741560936, 1.31270718575, 0.440775036812, 0.113046750426, 0.0252161584795, 0.00193821790162, 6.0803587985e-05, 3.99852651753e-05],
        "median": [0.0408669002354, 0.472138762474, 1.71518933773, 4.50262117386, 5.51638364792, 6.62027311325, 5.23072719574, 5.64125728607, 6.19416999817, 6.32395648956, 10.47864151, 17.3398017883, 21.4215507507, 21.864315033, 44.7776565552, 28.92096138, 41.2291946411, 29.0103492737, 24.2065067291, 24.9634799957, 29.5953140259, 35.7608451843, 33.5763015747, 19.457452774, 14.532913208, 8.79875469208, 6.85865402222, 4.70297002792, 3.63626980782, 2.442248106, 1.61827707291, 1.10089409351, 0.839185535908, 0.680279612541, 0.23895406723, 0.0552064180374, 0.00986554846168, 0.000571092299651, 3.5116179788e-05, 3.51788112312e-05],
        "min": [9.05864726519e-05, 0.00374615006149, 0.00618987204507, 0.0208441223949, 0.0287549383938, 0.00790872424841, 0.0305860340595, 0.079432271421, 0.0733007118106, 0.223768755794, 0.25496712327, 0.138854905963, 0.0855221897364, 0.16982460022, 0.18640139699, 0.133545801044, 0.191478386521, 0.222172379494, 0.185445383191, 0.149306550622, 0.200246065855, 0.286019414663, 0.373128533363, 0.396496146917, 0.191557988524, 0.126239746809, 0.122465230525, 0.0310529395938, 0.0236560832709, 0.0235881619155, 0.0114369420335, 0.00690788775682, 0.00346309971064, 0.000472499115858, 0.00135171925649, 7.01688259142e-05, 9.71879853751e-06, 1.70295766111e-06, 1.32272975861e-06, 1.60902573043e-06],
        "var": [0.0373011305928, 2.16529011726, 24.041261673, 54.392250061, 137.740158081, 370.654663086, 175.727935791, 905.089538574, 1507.14929199, 417.257873535, 2196.44311523, 13400.1904297, 1819.70373535, 2481.07299805, 9961.86425781, 4213.69775391, 4205.9375, 8326.03808594, 11979.8017578, 3146.32397461, 1890.18603516, 2492.21020508, 3675.37817383, 816.540039062, 387.141174316, 281.618560791, 228.899703979, 149.69581604, 74.760559082, 28.1224021912, 10.8815584183, 9.1401052475, 9.50184249878, 3.9643611908, 0.795877933502, 0.143280819058, 0.00539523549378, 3.84327468055e-05, 1.41241942586e-08, 4.89976004214e-10]
    },
    "gfcc": {
        "mean": [33.4553260803, 93.3030776978, -139.249465942, 38.3176422119, -54.2136192322, 25.2326602936, -40.4010276794, 13.5960674286, -29.6566886902, -3.14859580994, -16.6018676758, -2.50723457336, -7.98145151138],
        "cov": [[1551.55883789, -339.925140381, 66.1588439941, 145.75994873, -45.5993232727, 83.0971755981, -78.0152816772, -38.7293052673, -94.8868942261, 123.088294983, -41.8292694092, 67.2108230591, -21.425743103], [-339.925140381, 702.330444336, -151.550003052, -112.163238525, 217.631576538, -60.5973434448, 30.5986022949, -85.0068435669, -2.07416844368, -175.933532715, 69.0795516968, -37.6720695496, 23.0592441559], [66.1588439941, -151.550003052, 509.443389893, 123.363136292, -77.5120391846, 66.9586257935, -22.4296836853, 51.2427749634, 10.3461084366, 84.7325592041, -53.3373451233, 49.7864952087, -39.5612678528], [145.75994873, -112.163238525, 123.363136292, 316.450836182, -68.7905654907, 12.2303361893, -24.7178001404, -20.2904987335, 39.4426383972, 24.0403709412, 14.6266326904, -17.1470890045, 27.9900627136], [-45.5993232727, 217.631576538, -77.5120391846, -68.7905654907, 289.278930664, 12.3545598984, 27.7095413208, 8.5272693634, -28.2167396545, -60.4787254333, -14.1218919754, 1.52604722977, -30.7170124054], [83.0971755981, -60.5973434448, 66.9586257935, 12.2303361893, 12.3545598984, 164.046859741, 36.229019165, 4.37361335754, 0.502347588539, 17.508605957, -14.6022787094, -6.99432134628, -4.47689962387], [-78.0152816772, 30.5986022949, -22.4296836853, -24.7178001404, 27.7095413208, 36.229019165, 139.814987183, 45.8034896851, 18.6484603882, 0.0704532116652, -12.2050075531, -23.243183136, -16.8362903595], [-38.7293052673, -85.0068435669, 51.2427749634, -20.2904987335, 8.5272693634, 4.37361335754, 45.8034896851, 145.508270264, 69.9594726562, 32.3023338318, -21.9365978241, 2.52870082855, -9.21913814545], [-94.8868942261, -2.07416844368, 10.3461084366, 39.4426383972, -28.2167396545, 0.502347588539, 18.6484603882, 69.9594726562, 124.797019958, 34.3998031616, 7.44786262512, -23.3515815735, 16.689453125], [123.088294983, -175.933532715, 84.7325592041, 24.0403709412, -60.4787254333, 17.508605957, 0.0704532116652, 32.3023338318, 34.3998031616, 116.284759521, 0.543324172497, 17.5035095215, -12.7092399597], [-41.8292694092, 69.0795516968, -53.3373451233, 14.6266326904, -14.1218919754, -14.6022787094, -12.2050075531, -21.9365978241, 7.44786262512, 0.543324172497, 86.8587799072, 21.9823799133, 17.893995285], [67.2108230591, -37.6720695496, 49.7864952087, -17.1470890045, 1.52604722977, -6.99432134628, -23.243183136, 2.52870082855, -23.3515815735, 17.5035095215, 21.9823799133, 86.2692565918, 4.05739498138], [-21.425743103, 23.0592441559, -39.5612678528, 27.9900627136, -30.7170124054, -4.47689962387, -16.8362903595, -9.21913814545, 16.689453125, -12.7092399597, 17.893995285, 4.05739498138, 75.423210144]],
        "icov": [[0.00104661856312, -0.000645959167741, 0.00095219060313, -0.00118376582395, 0.000473956315545, -0.000941574631725, 0.000903859152459, -0.00095177826006, 0.00178497866727, -0.00217212783173, 0.00166004465427, -0.00122137367725, 0.000566988019273], [-0.000645959167741, 0.00766899902374, -0.00404651509598, 0.00454868981615, -0.00527236610651, 0.00377416471019, -0.00362989143468, 0.00742011098191, -0.00729924673215, 0.0100985188037, -0.008480344899, 0.0045764669776, -0.00308264326304], [0.00095219060313, -0.00404651509598, 0.00615445477888, -0.0045115868561, 0.00362817174755, -0.00371685135178, 0.00312489364296, -0.00521982181817, 0.00469637662172, -0.00690104672685, 0.00757179828361, -0.00577589543536, 0.00403884891421], [-0.00118376582395, 0.00454868981615, -0.0045115868561, 0.00776159483939, -0.00302760582417, 0.0029354034923, -0.00250221253373, 0.00616334751248, -0.0066592511721, 0.00688329804689, -0.00708175264299, 0.00527616264299, -0.00380804040469], [0.000473956315545, -0.00527236610651, 0.00362817174755, -0.00302760582417, 0.00825467891991, -0.00345446867868, 0.00232928642072, -0.00588834704831, 0.00511323846877, -0.00440215598792, 0.00657943915576, -0.00460610818118, 0.00454376777634], [-0.000941574631725, 0.00377416471019, -0.00371685135178, 0.0029354034923, -0.00345446867868, 0.00958539638668, -0.00445029418916, 0.00496463244781, -0.00400731572881, 0.00446066586301, -0.00457901647314, 0.0039300234057, -0.00317144929431], [0.000903859152459, -0.00362989143468, 0.00312489364296, -0.00250221253373, 0.00232928642072, -0.00445029418916, 0.0116331456229, -0.00719604827464, 0.00463496567681, -0.00526421610266, 0.00417144177482, -0.000549960997887, 0.00346314511262], [-0.00095177826006, 0.00742011098191, -0.00521982181817, 0.00616334751248, -0.00588834704831, 0.00496463244781, -0.00719604827464, 0.0205533783883, -0.0155607052147, 0.00936458725482, -0.00511192670092, 0.00149778614286, -0.00260814162903], [0.00178497866727, -0.00729924673215, 0.00469637662172, -0.0066592511721, 0.00511323846877, -0.00400731572881, 0.00463496567681, -0.0155607052147, 0.024127677083, -0.0147399529815, 0.0054682563059, 0.000829945725854, -0.000514141574968], [-0.00217212783173, 0.0100985188037, -0.00690104672685, 0.00688329804689, -0.00440215598792, 0.00446066586301, -0.00526421610266, 0.00936458725482, -0.0147399529815, 0.0280025824904, -0.0125351082534, 0.00375447957776, -0.000685018836521], [0.00166004465427, -0.008480344899, 0.00757179828361, -0.00708175264299, 0.00657943915576, -0.00457901647314, 0.00417144177482, -0.00511192670092, 0.0054682563059, -0.0125351082534, 0.0266681872308, -0.0129206506535, 0.00342389987782], [-0.00122137367725, 0.0045764669776, -0.00577589543536, 0.00527616264299, -0.00460610818118, 0.0039300234057, -0.000549960997887, 0.00149778614286, 0.000829945725854, 0.00375447957776, -0.0129206506535, 0.0221687909216, -0.00599422119558], [0.000566988019273, -0.00308264326304, 0.00403884891421, -0.00380804040469, 0.00454376777634, -0.00317144929431, 0.00346314511262, -0.00260814162903, -0.000514141574968, -0.000685018836521, 0.00342389987782, -0.00599422119558, 0.0195187069476]]
    },
    "melbands": {
        "dmean": [0.00083157629706, 0.00114172359463, 0.000783443567343, 0.00041346589569, 0.000286728522042, 0.000282341585262, 0.000221651425818, 0.000103612816019, 0.0001219185433, 0.000154245673912, 9.26514912862e-05, 9.4882088888e-05, 0.000152633787366, 8.56898332131e-05, 6.74523034832e-05, 7.87866447354e-05, 6.79326694808e-05, 6.35463875369e-05, 3.448172356e-05, 3.34107717208e-05, 2.49400891335e-05, 2.91834658128e-05, 2.69380780082e-05, 1.85752669495e-05, 1.03326938188e-05, 8.86330326466e-06, 5.68743507756e-06, 4.61542413177e-06, 4.47190495834e-06, 3.71323039872e-06, 2.73846285381e-06, 2.23358779294e-06, 1.52110874296e-06, 1.11832184757e-06, 8.2165610138e-07, 7.5326266824e-07, 6.97586415299e-07, 6.83879704866e-07, 7.56887175157e-07, 5.88859393247e-07],
        "dmean2": [0.00123198702931, 0.00189398450311, 0.00132645096164, 0.000677699572407, 0.000471783132525, 0.000502009002957, 0.000400413991883, 0.00016966793919, 0.000194214793737, 0.00024007576576, 0.000147397062392, 0.000159990217071, 0.000248468335485, 0.000136108908919, 0.000106295810838, 0.000126916609588, 0.000111124725663, 0.000104029946669, 5.40984910913e-05, 5.34944483661e-05, 3.94808484998e-05, 4.74001535622e-05, 4.21777294832e-05, 2.96459056699e-05, 1.64468365256e-05, 1.4805090359e-05, 9.17124270927e-06, 7.28036138753e-06, 6.89463286108e-06, 5.76515640205e-06, 4.17637011196e-06, 3.34485798703e-06, 2.22434118768e-06, 1.67062410128e-06, 1.23795416584e-06, 1.14479360036e-06, 1.04791422473e-06, 9.91938577499e-07, 1.1142352605e-06, 8.693183986e-07],
        "dvar": [2.47581806434e-06, 5.50511504116e-06, 1.4831525732e-06, 3.93968150547e-07, 2.00784796789e-07, 6.91279410603e-07, 4.93799120704e-07, 4.58247484403e-08, 1.06202769246e-07, 9.46855536199e-08, 1.81967294566e-08, 2.90567534478e-08, 5.28436352454e-08, 2.01538927769e-08, 1.37196245475e-08, 1.73216694321e-08, 2.06931165536e-08, 1.41295588563e-08, 3.89829057923e-09, 3.28012039752e-09, 1.37857703031e-09, 1.80602299782e-09, 1.48112566656e-09, 7.34757588106e-10, 2.01667543775e-10, 1.90854332338e-10, 8.47056175202e-11, 4.72819595976e-11, 5.1823840358e-11, 5.05004996154e-11, 2.21747637613e-11, 1.54954018367e-11, 6.8806982681e-12, 3.20269158416e-12, 1.64037479346e-12, 2.94837830365e-12, 1.90500891971e-12, 2.69565706562e-12, 2.47229970871e-12, 1.1264892014e-12],
        "dvar2": [5.39638904229e-06, 1.42865346788e-05, 3.74136197934e-06, 9.58162445386e-07, 4.89881074373e-07, 1.94989343072e-06, 1.41641328355e-06, 1.18305450769e-07, 2.56544979038e-07, 1.93432057927e-07, 4.9104571076e-08, 7.89092808873e-08, 1.29935543214e-07, 4.42365788444e-08, 3.49223974183e-08, 4.08721945178e-08, 5.03914776573e-08, 3.41996226894e-08, 9.35036315042e-09, 8.32021385122e-09, 3.14770476351e-09, 4.47618608845e-09, 3.3795544141e-09, 1.63500779582e-09, 4.94729368583e-10, 5.13680764591e-10, 2.05934547193e-10, 1.10298888079e-10, 1.22056545426e-10, 1.23989374323e-10, 4.99269375842e-11, 3.516553021e-11, 1.42432801664e-11, 6.72635558363e-12, 3.71695773119e-12, 7.4875158157e-12, 4.40160364754e-12, 6.09403369781e-12, 5.03714344541e-12, 2.38162224317e-12],
        "max": [0.0151957962662, 0.0242788642645, 0.0122374659404, 0.00934198033065, 0.00414922134951, 0.00772039219737, 0.00825450383127, 0.00307821459137, 0.00708922883496, 0.00691530294716, 0.00209038285539, 0.00185098696966, 0.00257743475959, 0.00186887232121, 0.00232619210146, 0.00205601030029, 0.00156095589045, 0.0017656146083, 0.000728399667423, 0.000781094655395, 0.000764788244851, 0.00055589445401, 0.000821912195534, 0.000451723230071, 0.000188625184819, 0.000181942945346, 0.000143233453855, 9.67107043834e-05, 8.15093299025e-05, 0.000116885748866, 5.19221248396e-05, 6.99472948327e-05, 4.50510415249e-05, 3.07174595946e-05, 2.06572985917e-05, 4.03420926887e-05, 2.34134950006e-05, 3.73147959181e-05, 2.86759131995e-05, 2.13048697333e-05],
        "mean": [0.00107002980076, 0.00151361827739, 0.0013100001961, 0.000776351953391, 0.000434618414147, 0.000286270136712, 0.000213380611967, 0.000137295777677, 0.000185935656191, 0.000353739393177, 0.000169466875377, 0.000136229427881, 0.000249607139267, 0.000147466271301, 0.00011603031453, 0.000129028951051, 0.000113005567982, 0.000116920149594, 6.27138506388e-05, 5.6079494243e-05, 4.83423755213e-05, 5.39898646821e-05, 5.42494817637e-05, 3.67630491382e-05, 2.08354686038e-05, 1.63711138157e-05, 1.14007707452e-05, 9.5184041129e-06, 8.29698456073e-06, 6.62632101012e-06, 5.04934450873e-06, 4.05027049055e-06, 2.95705808639e-06, 2.27974101108e-06, 1.65465360169e-06, 1.39620522077e-06, 1.28856459014e-06, 1.20893969324e-06, 1.31990623231e-06, 1.02858894024e-06],
        "median": [0.000446961726993, 0.000922961044125, 0.000903782900423, 0.000498793902807, 0.000229319644859, 0.000127013263409, 8.83777247509e-05, 7.17010407243e-05, 8.19975684863e-05, 0.000106993160443, 9.96346789179e-05, 7.09813684807e-05, 0.0001418695756, 9.30266396608e-05, 6.72123205732e-05, 8.24704984552e-05, 4.59430193587e-05, 3.85083476431e-05, 2.87908696919e-05, 3.21765619447e-05, 3.3336753404e-05, 3.54389812856e-05, 3.41093691532e-05, 2.2489537514e-05, 1.40785869007e-05, 1.16893161248e-05, 6.81757546772e-06, 5.41473673366e-06, 4.57795113107e-06, 3.08590119857e-06, 2.51515234595e-06, 2.03969489121e-06, 1.52581526436e-06, 1.2786725847e-06, 9.52760217388e-07, 7.46647117467e-07, 6.34967932456e-07, 5.65050811474e-07, 6.60366765715e-07, 5.24512188349e-07],
        "min": [1.27062662614e-06, 1.27622033688e-05, 5.58760621061e-06, 1.39723647408e-06, 8.58724490627e-07, 2.19901085075e-06, 4.25807655802e-07, 1.15247743793e-07, 1.23805580188e-06, 6.2131522327e-07, 3.12845855888e-07, 3.90515957349e-08, 7.15961846254e-07, 3.32999860575e-07, 1.03006094321e-07, 3.96615860154e-07, 8.66032792146e-08, 3.06494285951e-07, 1.77336687557e-07, 1.89829023611e-07, 2.17091965737e-07, 2.61693855919e-07, 4.04906131735e-07, 2.56153924738e-07, 2.69233197514e-07, 1.24331478446e-07, 1.27294029539e-07, 6.08987988926e-08, 8.20153687187e-08, 3.45203794438e-08, 1.16774794279e-08, 1.08982085578e-08, 1.39732714288e-08, 9.65952917653e-09, 4.52680026797e-09, 2.51199616663e-10, 1.3824683065e-10, 2.33371033609e-09, 3.98122035339e-10, 1.82442116969e-10],
