{
"highlevel": {
    "danceability": {
        "all": {
            "danceable": 0.999999463558,
            "not_danceable": 5.14425721576e-07
        },
        "probability": 0.999999463558,
        "value": "danceable"
    },
    "gender": {
        "all": {
            "female": 0.572089076042,
            "male": 0.427910923958
        },
        "probability": 0.572089076042,
        "value": "female"
    },
    "genre_dortmund": {
        "all": {
            "alternative": 0.032767996192,
            "blues": 0.0684905424714,
            "electronic": 0.247991099954,
            "folkcountry": 0.0215135160834,
            "funksoulrnb": 0.0072324341163,
            "jazz": 0.0200056601316,
            "pop": 0.0581963285804,
            "raphiphop": 0.516518831253,
            "rock": 0.0272835753858
        },
        "probability": 0.516518831253,
        "value": "raphiphop"
    },
    "genre_electronic": {
        "all": {
            "ambient": 0.0475452430546,
            "dnb": 0.0613707900047,
            "house": 0.110018052161,
            "techno": 0.0318355150521,
            "trance": 0.749230384827
        },
        "probability": 0.749230384827,
        "value": "trance"
    },
    "genre_rosamerica": {
        "all": {
            "cla": 0.000287335220492,
            "dan": 0.463880240917,
            "hip": 0.499500155449,
            "jaz": 0.000343143532518,
            "pop": 0.0133118769154,
            "rhy": 0.00438620848581,
            "roc": 0.0181198138744,
            "spe": 0.000171245657839
        },
        "probability": 0.499500155449,
        "value": "hip"
    },
    "genre_tzanetakis": {
        "all": {
            "blu": 0.0620671063662,
            "cla": 0.034474901855,
            "cou": 0.103433981538,
            "dis": 0.0620971247554,
            "hip": 0.15527240932,
            "jaz": 0.310666948557,
            "met": 0.044346679002,
            "pop": 0.0620793737471,
            "reg": 0.0620816536248,
            "roc": 0.103479810059
        },
        "probability": 0.310666948557,
        "value": "jaz"
    },
    "ismir04_rhythm": {
        "all": {
            "ChaChaCha": 0.60800999403,
            "Jive": 0.0415714792907,
            "Quickstep": 0.0207722298801,
            "Rumba-American": 0.0300717242062,
            "Rumba-International": 0.0455163866282,
            "Rumba-Misc": 0.0143656712025,
            "Samba": 0.108676485717,
            "Tango": 0.104083813727,
            "VienneseWaltz": 0.0143638979644,
            "Waltz": 0.012568326667
        },
        "probability": 0.60800999403,
        "value": "ChaChaCha"
    },
    "mood_acoustic": {
        "all": {
            "acoustic": 4.90593432545e-09,
            "not_acoustic": 1
        },
        "probability": 1,
        "value": "not_acoustic"
    },
    "mood_aggressive": {
        "all": {
            "aggressive": 0.92434233427,
            "not_aggressive": 0.0756576806307
        },
        "probability": 0.92434233427,
        "value": "aggressive"
    },
    "mood_electronic": {
        "all": {
            "electronic": 0.958082854748,
            "not_electronic": 0.0419171452522
        },
        "probability": 0.958082854748,
        "value": "electronic"
    },
    "mood_happy": {
        "all": {
            "happy": 0.859761893749,
            "not_happy": 0.140238136053
        },
        "probability": 0.859761893749,
        "value": "happy"
    },
    "mood_party": {
        "all": {
            "not_party": 0.0664697140455,
            "party": 0.933530271053
        },
        "probability": 0.933530271053,
        "value": "party"
    },
    "mood_relaxed": {
        "all": {
            "not_relaxed": 0.761960268021,
            "relaxed": 0.238039702177
        },
        "probability": 0.761960268021,
        "value": "not_relaxed"
    },
    "mood_sad": {
        "all": {
            "not_sad": 0.936840116978,
            "sad": 0.0631598606706
        },
        "probability": 0.936840116978,
        "value": "not_sad"
    },
    "moods_mirex": {
        "all": {
            "Cluster1": 0.325369358063,
            "Cluster2": 0.153426975012,
            "Cluster3": 0.123857602477,
            "Cluster4": 0.156423047185,
            "Cluster5": 0.240923032165
        },
        "probability": 0.325369358063,
        "value": "Cluster1"
    },
    "timbre": {
        "all": {
            "bright": 0.746682465076,
            "dark": 0.253317564726
        },
        "probability": 0.746682465076,
        "value": "bright"
    },
    "tonal_atonal": {
        "all": {
            "atonal": 0.988093733788,
            "tonal": 0.0119062392041
        },
        "probability": 0.988093733788,
        "value": "atonal"
    },
    "voice_instrumental": {
        "all": {
            "instrumental": 0.615358889103,
            "voice": 0.384641110897
        },
        "probability": 0.615358889103,
        "value": "instrumental"
    }
},
"lowlevel": {
    "average_loudness": 0.973721146584,
    "barkbands_crest": {
        "dmean": 2.28193545341,
        "dmean2": 3.6405787468,
        "dvar": 9.94126796722,
        "dvar2": 24.5360660553,
        "max": 26.3088626862,
        "mean": 17.6342830658,
        "median": 18.5604553223,
        "min": 3.30784225464,
        "var": 25.4635772705
    },
    "barkbands_flatness_db": {
        "dmean": 0.0280622951686,
        "dmean2": 0.0418193787336,
        "dvar": 0.000971582485363,
        "dvar2": 0.0021378910169,
        "max": 0.417695701122,
        "mean": 0.196754604578,
        "median": 0.193879917264,
        "min": 0.0425702705979,
        "var": 0.00357053056359
    },
    "barkbands_kurtosis": {
        "dmean": 7.70667362213,
        "dmean2": 12.253112793,
        "dvar": 500.154846191,
        "dvar2": 1192.30065918,
        "max": 466.766815186,
        "mean": 11.2121639252,
        "median": 2.94761514664,
        "min": -1.76821470261,
        "var": 799.634338379
    },
    "barkbands_skewness": {
        "dmean": 0.848726093769,
        "dmean2": 1.27778613567,
        "dvar": 1.5547863245,
        "dvar2": 3.51191163063,
        "max": 20.4772205353,
        "mean": 2.58980131149,
        "median": 2.03535056114,
        "min": -1.16438090801,
        "var": 4.72624397278
    },
    "barkbands_spread": {
        "dmean": 7.25961351395,
        "dmean2": 10.9690303802,
        "dvar": 88.2808303833,
        "dvar2": 170.730773926,
        "max": 99.4673843384,
        "mean": 27.6181430817,
        "median": 25.2637214661,
        "min": 0.773680865765,
        "var": 305.426879883
    },
    "dissonance": {
        "dmean": 0.0153977731243,
        "dmean2": 0.0261067543179,
        "dvar": 0.000279024097836,
        "dvar2": 0.00076861307025,
        "max": 0.499992847443,
        "mean": 0.477527409792,
        "median": 0.483183264732,
        "min": 0.29143345356,
        "var": 0.00052132626297
    },
    "dynamic_complexity": 1.63649106026,
    "erbbands_crest": {
        "dmean": 2.93857717514,
        "dmean2": 4.66152524948,
        "dvar": 8.77618503571,
        "dvar2": 19.5392494202,
        "max": 28.2538700104,
        "mean": 9.62801456451,
        "median": 9.03882884979,
        "min": 2.30498361588,
        "var": 20.0848369598
    },
    "erbbands_flatness_db": {
        "dmean": 0.0206840261817,
        "dmean2": 0.0305719673634,
        "dvar": 0.000442772929091,
        "dvar2": 0.000862686312757,
        "max": 0.340675026178,
        "mean": 0.160508826375,
        "median": 0.161268338561,
        "min": 0.0547821894288,
        "var": 0.00210713478737
    },
    "erbbands_kurtosis": {
        "dmean": 1.16836595535,
        "dmean2": 1.82828366756,
        "dvar": 1.81101119518,
        "dvar2": 4.01699781418,
        "max": 20.391916275,
        "mean": 1.31388962269,
        "median": 0.974586009979,
        "min": -1.66051530838,
        "var": 3.86561059952
    },
    "erbbands_skewness": {
        "dmean": 0.367962777615,
        "dmean2": 0.567008733749,
        "dvar": 0.120983891189,
        "dvar2": 0.289440333843,
        "max": 3.27514266968,
        "mean": -0.380166292191,
        "median": -0.425429433584,
        "min": -2.40683960915,
        "var": 0.464220613241
    },
    "erbbands_spread": {
        "dmean": 10.0289573669,
        "dmean2": 15.1249275208,
        "dvar": 146.055755615,
        "dvar2": 312.652130127,
        "max": 135.789215088,
        "mean": 37.1521072388,
        "median": 30.3316631317,
        "min": 5.43567562103,
        "var": 448.323852539
    },
    "hfc": {
        "dmean": 14.41801548,
        "dmean2": 20.3721122742,
        "dvar": 540.25994873,
        "dvar2": 938.67175293,
        "max": 296.938446045,
        "mean": 39.2079315186,
        "median": 31.6998310089,
        "min": 0.564081907272,
        "var": 1207.01135254
    },
    "melbands_crest": {
        "dmean": 2.42627620697,
        "dmean2": 3.7311604023,
        "dvar": 11.358997345,
        "dvar2": 28.3159122467,
        "max": 35.6312294006,
        "mean": 28.0842056274,
        "median": 29.7974433899,
        "min": 4.99116373062,
        "var": 32.8735771179
    },
    "melbands_flatness_db": {
        "dmean": 0.0303802676499,
        "dmean2": 0.0447208248079,
        "dvar": 0.00123862666078,
        "dvar2": 0.00261041615158,
        "max": 0.498479008675,
        "mean": 0.260535180569,
        "median": 0.261059582233,
        "min": 0.0495622344315,
        "var": 0.00513998232782
    },
    "melbands_kurtosis": {
        "dmean": 24.1139411926,
        "dmean2": 38.3408355713,
        "dvar": 2878.90966797,
        "dvar2": 6865.37744141,
        "max": 952.718566895,
        "mean": 43.5848617554,
        "median": 17.7383499146,
        "min": -1.20634508133,
        "var": 5673.05419922
    },
    "melbands_skewness": {
        "dmean": 1.32968473434,
        "dmean2": 2.03248953819,
        "dvar": 3.33927750587,
        "dvar2": 7.55387639999,
        "max": 21.8138389587,
        "mean": 5.01758956909,
        "median": 4.11576128006,
        "min": -0.962143182755,
        "var": 11.0889806747
    },
    "melbands_spread": {
        "dmean": 7.00028562546,
        "dmean2": 10.2717552185,
        "dvar": 100.814903259,
        "dvar2": 192.3409729,
        "max": 111.59929657,
        "mean": 21.4961872101,
        "median": 16.2965278625,
        "min": 0.400298804045,
        "var": 354.105560303
    },
    "pitch_salience": {
        "dmean": 0.0748265832663,
        "dmean2": 0.122933916748,
        "dvar": 0.00939987134188,
        "dvar2": 0.0242066532373,
        "max": 0.847882986069,
        "mean": 0.304455429316,
        "median": 0.281169623137,
        "min": 0.0545714795589,
        "var": 0.0197973120958
    },
    "silence_rate_20dB": {
        "dmean": 0,
        "dmean2": 0,
        "dvar": 0,
        "dvar2": 0,
        "max": 1,
        "mean": 1,
        "median": 1,
        "min": 1,
        "var": 0
    },
    "silence_rate_30dB": {
        "dmean": 0.0897832810879,
        "dmean2": 0.179705649614,
        "dvar": 0.0817232578993,
        "dvar2": 0.17219632864,
        "max": 1,
        "mean": 0.834493398666,
        "median": 1,
        "min": 0,
        "var": 0.13811288774
    },
    "silence_rate_60dB": {
        "dmean": 0.00851393211633,
        "dmean2": 0.017041053623,
        "dvar": 0.0084414370358,
        "dvar2": 0.0182998329401,
        "max": 1,
        "mean": 0.0100541375577,
        "median": 0,
        "min": 0,
        "var": 0.00995305646211
    },
    "spectral_centroid": {
        "dmean": 299.700378418,
        "dmean2": 433.22769165,
        "dvar": 111547.789062,
        "dvar2": 228702.265625,
        "max": 3852.51049805,
        "mean": 2080.58325195,
        "median": 2147.05371094,
        "min": 372.866516113,
        "var": 401085.53125
    },
    "spectral_complexity": {
        "dmean": 5.23297214508,
        "dmean2": 7.45855903625,
        "dvar": 40.1693077087,
        "dvar2": 65.5418777466,
        "max": 62,
        "mean": 19.2768745422,
        "median": 16,
        "min": 1,
        "var": 139.431365967
    },
    "spectral_decrease": {
        "dmean": 4.26764179551e-09,
        "dmean2": 6.42340891588e-09,
        "dvar": 5.97630845729e-17,
        "dvar2": 1.07986040071e-16,
        "max": -7.26860585609e-11,
        "mean": -1.99200442808e-08,
        "median": -1.77796461998e-08,
        "min": -7.22491719785e-08,
        "var": 1.52907115557e-16
    },
    "spectral_energy": {
        "dmean": 0.0168770216405,
        "dmean2": 0.0252401027828,
        "dvar": 0.000869610055815,
        "dvar2": 0.00157086877152,
        "max": 0.275489002466,
        "mean": 0.0787389948964,
        "median": 0.0715236216784,
        "min": 0.00047713262029,
        "var": 0.00222041970119
    },
    "spectral_energyband_high": {
        "dmean": 0.00125099217985,
        "dmean2": 0.00172196794301,
        "dvar": 6.64789240545e-06,
        "dvar2": 1.20997619888e-05,
        "max": 0.0306047648191,
        "mean": 0.00219496455975,
        "median": 0.0010560847586,
        "min": 2.34264862229e-05,
        "var": 1.23992876979e-05
    },
    "spectral_energyband_low": {
        "dmean": 0.0147618642077,
        "dmean2": 0.0224737711251,
        "dvar": 0.000830791483168,
        "dvar2": 0.00153394113295,
        "max": 0.258590608835,
        "mean": 0.0634532347322,
        "median": 0.0555172488093,
        "min": 4.72758543424e-08,
        "var": 0.00210339389741
    },
    "spectral_energyband_middle_high": {
        "dmean": 0.00301302177832,
        "dmean2": 0.0043366313912,
        "dvar": 1.1669122614e-05,
        "dvar2": 2.28615790547e-05,
        "max": 0.0416390262544,
        "mean": 0.00911294110119,
        "median": 0.00871336832643,
        "min": 6.08611480857e-05,
        "var": 4.05989485444e-05
    },
    "spectral_energyband_middle_low": {
        "dmean": 0.00401038536802,
        "dmean2": 0.00696270447224,
        "dvar": 0.000120479198813,
        "dvar2": 0.000338689249475,
        "max": 0.0840755552053,
        "mean": 0.0045998999849,
        "median": 0.00242576445453,
        "min": 0.000108940053906,
        "var": 8.06067328085e-05
    },
    "spectral_entropy": {
        "dmean": 0.215702876449,
        "dmean2": 0.291007548571,
        "dvar": 0.0470922738314,
        "dvar2": 0.0797381550074,
        "max": 8.62548828125,
        "mean": 7.63417434692,
        "median": 7.69430303574,
        "min": 5.96824979782,
        "var": 0.221066698432
    },
    "spectral_flux": {
        "dmean": 0.0396797955036,
        "dmean2": 0.062128264457,
        "dvar": 0.00341513683088,
        "dvar2": 0.00645598722622,
        "max": 0.512025475502,
        "mean": 0.104212880135,
        "median": 0.0832625329494,
        "min": 0.0174943618476,
        "var": 0.00580740021542
    },
    "spectral_kurtosis": {
        "dmean": 1.19857859612,
        "dmean2": 1.92922854424,
        "dvar": 1.44754683971,
        "dvar2": 3.65539479256,
        "max": 16.618391037,
        "mean": 3.22384762764,
        "median": 3.0093164444,
        "min": -0.906041145325,
        "var": 3.07078433037
    },
    "spectral_rms": {
        "dmean": 0.000882724416442,
        "dmean2": 0.0013198365923,
        "dvar": 1.95132679437e-06,
        "dvar2": 3.4456315916e-06,
        "max": 0.0163941998035,
        "mean": 0.00836994778365,
        "median": 0.00835339073092,
        "min": 0.000682272133417,
        "var": 6.76239596942e-06
    },
    "spectral_rolloff": {
        "dmean": 526.063598633,
        "dmean2": 859.828796387,
        "dvar": 888414.8125,
        "dvar2": 1776869.375,
        "max": 11670.9960938,
        "mean": 1210.55822754,
        "median": 925.927734375,
        "min": 64.599609375,
        "var": 1916068.125
    },
    "spectral_skewness": {
        "dmean": 0.204977154732,
        "dmean2": 0.318535655737,
        "dvar": 0.0299346596003,
        "dvar2": 0.0668763294816,
        "max": 3.25685787201,
        "mean": 1.28773725033,
        "median": 1.27524340153,
        "min": 0.14346934855,
        "var": 0.107512563467
    },
    "spectral_spread": {
        "dmean": 595496.625,
        "dmean2": 934697.8125,
        "dvar": 504572739584,
        "dvar2": 1.12661443379e+12,
        "max": 12396421,
        "mean": 4741375,
        "median": 4484318,
        "min": 2066042.5,
        "var": 1.52895828787e+12
    },
    "spectral_strongpeak": {
        "dmean": 0.12539729476,
        "dmean2": 0.195599988103,
        "dvar": 0.060056310147,
        "dvar2": 0.123828522861,
        "max": 5.70336151123,
        "mean": 0.665920197964,
        "median": 0.592626273632,
        "min": 0.0654757022858,
        "var": 0.137014389038
    },
    "zerocrossingrate": {
        "dmean": 0.0112501205876,
        "dmean2": 0.0128152081743,
        "dvar": 0.000178839589353,
        "dvar2": 0.00021053304954,
        "max": 0.21728515625,
        "mean": 0.0461167097092,
        "median": 0.03857421875,
        "min": 0.005859375,
        "var": 0.000888331793249
    },
    "barkbands": {
        "dmean": [0.00194338953588, 0.0141855366528, 0.0036575240083, 0.00167643360328, 0.000932202499826, 0.00052611832507, 0.000555045262445, 0.000259795255261, 0.000538436463103, 0.00029419126804, 0.000243887770921, 0.000688056403305, 0.000440271192929, 0.000662065169308, 0.000597644830123, 0.000979704898782, 0.00074766430771, 0.000397822674131, 0.000291243981337, 0.000299034931231, 0.000259475666098, 0.000294279074296, 0.00027461067657, 0.000226512434892, 0.000172378699062, 9.23345869523e-05, 8.60400518832e-07],
        "dmean2": [0.00345697230659, 0.0212456509471, 0.00683692889288, 0.00314876856282, 0.00153589248657, 0.000904265616555, 0.000951578898821, 0.000417165982071, 0.00088212575065, 0.000465243007056, 0.000387496023905, 0.00110470608342, 0.000616302364506, 0.000947492138948, 0.000970959954429, 0.00160255108494, 0.00107097334694, 0.00063466076972, 0.000424510712037, 0.000431142369052, 0.000378245516913, 0.000434417539509, 0.00041657150723, 0.00032613996882, 0.000259601598373, 0.000150663385284, 1.32985167056e-06],
        "dvar": [1.15439406727e-05, 0.000897739257198, 0.000161500764079, 3.86630417779e-05, 8.78017635841e-06, 2.00702129405e-06, 1.65837718669e-06, 1.93079742417e-07, 9.81709376902e-07, 2.92290735615e-07, 2.07673849673e-07, 1.01578223166e-06, 6.27504618933e-07, 1.1323659237e-06, 1.09648499347e-06, 3.58019065061e-06, 1.47437674514e-06, 3.03985189021e-07, 2.49944662301e-07, 2.49163349508e-07, 2.85920208398e-07, 4.76270173522e-07, 2.584949641e-07, 3.71323778836e-07, 2.49066545166e-07, 6.7542806903e-08, 9.27907316955e-12],
        "dvar2": [3.77411597583e-05, 0.00179638981353, 0.000468436919618, 0.000111534129246, 2.31319081649e-05, 5.41185954717e-06, 4.51317464467e-06, 4.53105826637e-07, 2.44266948357e-06, 6.55800477034e-07, 4.55879472838e-07, 2.73848104371e-06, 1.19509036267e-06, 2.51676760854e-06, 2.82002065433e-06, 8.84001383383e-06, 2.7528121791e-06, 7.01688691152e-07, 4.67030304208e-07, 4.2784020593e-07, 6.0245986333e-07, 1.00858017049e-06, 4.92103765737e-07, 5.89310559462e-07, 4.73803993373e-07, 1.75051908968e-07, 2.32372593389e-11],
        "max": [0.0259928107262, 0.254628807306, 0.0885097384453, 0.0454116985202, 0.0271108504385, 0.0128760905936, 0.0145709253848, 0.0060808728449, 0.0100626628846, 0.00833971239626, 0.00581287685782, 0.00955184083432, 0.00981437135488, 0.0107230842113, 0.0122869648039, 0.0148557275534, 0.0129405912012, 0.00540425023064, 0.0077244262211, 0.00538783287629, 0.00556288938969, 0.00731470668688, 0.00500945653766, 0.0135155459866, 0.0098426612094, 0.00324369897135, 6.24658132438e-05],
        "mean": [0.00355692743324, 0.0540628060699, 0.00535339210182, 0.00118342903443, 0.000753255269956, 0.000436353846453, 0.000731364882085, 0.000420665106503, 0.000716442591511, 0.00050504936371, 0.000397736672312, 0.00125227856915, 0.000733913504519, 0.0011417735368, 0.000798563763965, 0.00139356288128, 0.0015466499608, 0.000731803360395, 0.000485271651996, 0.000550137832761, 0.000427319726441, 0.000419959309511, 0.000440845091362, 0.00036276577157, 0.000230577061302, 0.000105301114672, 8.19364913696e-07],
        "median": [0.00317298038863, 0.0456481799483, 0.000331060495228, 0.000162995856954, 4.953460666e-05, 5.34524442628e-05, 0.00013996376947, 0.000199481699383, 0.000240052002482, 0.000129084524815, 0.000121402510558, 0.000428242870839, 0.00014732326963, 0.000351254042471, 0.000378430006094, 0.000397816824261, 0.000476669869386, 0.000461640331196, 0.000307875889121, 0.000258416635916, 0.000214491374209, 0.000187097568414, 0.000204351978027, 0.000128066982143, 5.77080172661e-05, 2.48584456131e-05, 2.0329448347e-08],
        "min": [1.00618136045e-09, 7.37157312969e-09, 3.54495588439e-09, 6.71352484716e-09, 7.37128971195e-07, 4.26915903518e-07, 5.55450753836e-07, 3.00925222518e-07, 9.06199431938e-07, 1.80013742579e-07, 4.55916762121e-07, 3.24385382555e-06, 1.01225896287e-06, 2.15204681808e-06, 1.74970773514e-06, 1.72537693288e-06, 3.92345071987e-07, 1.50375979047e-06, 2.25422027711e-07, 4.76765720236e-08, 1.58953383789e-08, 1.13933378998e-06, 1.00840884443e-06, 1.62225106237e-07, 1.22367427302e-09, 7.3146644991e-12, 7.22330008307e-12],
        "var": [1.23808413264e-05, 0.00184246059507, 0.000163451637491, 2.25076400966e-05, 6.69372002449e-06, 1.51761514644e-06, 2.36836876866e-06, 3.61728865528e-07, 1.72541354004e-06, 7.34061814001e-07, 4.3811550654e-07, 2.78370634987e-06, 1.70115845322e-06, 3.24458892464e-06, 1.33959906634e-06, 5.34042010258e-06, 5.47948184249e-06, 6.13182010056e-07, 4.52100749726e-07, 5.63858918667e-07, 4.83649159833e-07, 6.59141278447e-07, 4.69140019277e-07, 7.79069068813e-07, 3.98337903107e-07, 6.85973589043e-08, 8.50223363935e-12]
    },
    "erbbands": {
        "dmean": [0.578794658184, 3.00907588005, 4.08768463135, 5.36156368256, 4.02062702179, 2.81247758865, 2.50167155266, 5.23007440567, 8.61440563202, 5.03970813751, 6.99413967133, 12.9029197693, 12.4183712006, 6.73692512512, 13.1535758972, 29.3017997742, 21.4264125824, 31.038854599, 31.411649704, 22.9322299957, 62.8560791016, 27.9349689484, 19.304599762, 17.5434970856, 14.1912508011, 13.9572839737, 10.5393648148, 11.7096967697, 10.6074399948, 8.83515739441, 8.21928977966, 5.15182733536, 3.74958777428, 2.29427218437, 1.15672576427, 0.53117364645, 0.158674955368, 0.00986120384187, 0.000298350758385, 3.99581476813e-05],
        "dmean2": [0.885028839111, 4.51874160767, 7.18876075745, 10.2063131332, 6.75898933411, 4.7845287323, 4.36557006836, 9.0674495697, 15.0500612259, 8.20898628235, 11.1856613159, 21.0639266968, 19.9063644409, 10.3727436066, 21.1663646698, 45.2301979065, 29.8947734833, 43.611946106, 51.4001083374, 36.7228927612, 102.428939819, 41.8731880188, 30.4384803772, 26.4360618591, 20.6151199341, 19.7614994049, 15.1145048141, 17.8241329193, 15.7912988663, 13.2006788254, 12.3708276749, 7.66834688187, 5.57475185394, 3.43987298012, 1.79097819328, 0.866757452488, 0.27031236887, 0.0168907307088, 0.000470357714221, 5.80217565584e-05],
        "dvar": [1.10727274418, 49.3636627197, 165.628555298, 400.798126221, 188.489257812, 74.8541717529, 54.1650238037, 212.721359253, 489.584747314, 99.8938980103, 162.406326294, 649.105407715, 553.122802734, 172.165969849, 652.635375977, 1797.33129883, 1431.21179199, 2278.03393555, 2968.13842773, 1778.05725098, 10657.9238281, 1455.79064941, 868.628295898, 751.189941406, 532.73449707, 555.400939941, 421.380310059, 711.390014648, 711.354125977, 267.091583252, 248.401382446, 166.923599243, 123.792579651, 68.5078887939, 7.87235212326, 2.02001404762, 0.213084027171, 0.000706585124135, 6.22992445187e-07, 5.61758373152e-09],
        "dvar2": [2.0653424263, 108.79788208, 466.700775146, 1162.69897461, 508.999847412, 200.799728394, 147.91835022, 580.692993164, 1348.50085449, 255.901382446, 387.967987061, 1583.15612793, 1277.18798828, 389.5105896, 1518.98474121, 4295.82421875, 2684.62670898, 4846.67236328, 8019.67626953, 4187.37890625, 25588.3925781, 2990.00415039, 1956.25256348, 1466.44873047, 913.007263184, 963.618408203, 818.018371582, 1660.95349121, 1622.37646484, 509.708465576, 477.692047119, 292.192993164, 202.809188843, 122.226921082, 17.4872932434, 5.13917732239, 0.55513292551, 0.00190156430472, 1.55407587954e-06, 1.21827383737e-08],
        "max": [9.67723655701, 60.6827316284, 100.590713501, 145.661056519, 108.962173462, 75.8240280151, 69.4895782471, 155.084243774, 220.863372803, 171.714370728, 156.731567383, 309.253997803, 363.353302002, 267.423858643, 325.447113037, 393.449707031, 510.472015381, 511.081329346, 755.005371094, 451.900421143, 848.697265625, 366.614074707, 328.689483643, 320.160644531, 388.226715088, 244.206893921, 270.58013916, 252.761566162, 325.003875732, 196.567199707, 167.622207642, 264.963104248, 218.898620605, 185.658187866, 34.5447807312, 16.0789051056, 6.45153570175, 0.330075889826, 0.0113162472844, 0.00119977002032],
        "mean": [2.30989575386, 9.00030708313, 8.42562675476, 4.26954317093, 3.27545928955, 2.23213291168, 1.90469324589, 4.3205242157, 9.66789913177, 8.58044528961, 11.0971670151, 18.0374126434, 21.0923595428, 11.590587616, 24.441986084, 54.3772163391, 38.2002868652, 57.1595420837, 49.5062103271, 33.0467834473, 120.692626953, 61.4286613464, 38.943359375, 29.7232780457, 25.454044342, 26.7989120483, 18.203710556, 16.5188446045, 14.5644807816, 13.9400424957, 12.9041757584, 8.21923923492, 5.56909561157, 3.01361131668, 1.438621521, 0.613962709904, 0.175085231662, 0.00981159601361, 0.000368831388187, 0.000117310984933],
        "median": [2.23273229599, 6.19376564026, 1.11599552631, 0.883377850056, 0.36168423295, 0.162196472287, 0.173385769129, 0.598772346973, 1.94489753246, 3.77321028709, 5.45559978485, 6.36253213882, 4.97410678864, 6.00570726395, 10.0861377716, 18.4461517334, 13.9689970016, 21.2013568878, 30.2150802612, 19.6445770264, 56.503578186, 37.4967842102, 20.6218986511, 17.3564910889, 18.0993289948, 13.7266807556, 9.02499675751, 7.41965961456, 6.06277179718, 6.58930969238, 5.92907619476, 3.21817445755, 1.78603231907, 0.703366100788, 0.347953498363, 0.137595206499, 0.0400802642107, 0.00221237097867, 0.000118234936963, 9.42559126997e-05],
        "min": [2.87604422056e-07, 3.2270270367e-06, 1.8265509425e-05, 0.000180130416993, 0.000423909368692, 0.00162531831302, 0.0030363581609, 0.0109582431614, 0.0194343999028, 0.0425918996334, 0.0454659946263, 0.0272066667676, 0.00897011160851, 0.0289363078773, 0.089822255075, 0.155501589179, 0.0760080218315, 0.118397817016, 0.122676126659, 0.0897447988391, 0.0877855420113, 0.026673482731, 0.0639141052961, 0.0713363215327, 0.00923388265073, 0.00311956461519, 0.000576803460717, 0.00495087122545, 0.0333565622568, 0.0498292408884, 0.0321590378881, 0.00697694718838, 0.00208305451088, 0.000181343741133, 5.1625596825e-05, 3.19712889905e-05, 1.63258027897e-05, 1.50186292558e-06, 2.32341380979e-06, 1.02912929378e-06],
        "var": [3.35868930817, 81.046546936, 248.276779175, 224.747268677, 138.347259521, 54.0861434937, 37.0577583313, 155.486907959, 498.083587646, 196.137664795, 278.176727295, 1160.35290527, 1283.87902832, 351.608215332, 1394.73205566, 5112.55712891, 3741.28686523, 7175.04736328, 3549.91650391, 2195.3112793, 22066.8847656, 4202.31298828, 2004.08911133, 1367.15771484, 1062.3013916, 1321.6673584, 785.269714355, 909.689941406, 903.758117676, 474.802459717, 426.582427979, 327.726715088, 237.221572876, 107.902374268, 10.8194875717, 2.13161635399, 0.211298376322, 0.000632817682344, 6.44128874683e-07, 8.95341312201e-09]
    },
    "gfcc": {
        "mean": [26.8009090424, 52.6316146851, -127.182495117, 56.2586708069, -32.9967842102, 45.8895187378, -19.8353328705, 31.3851242065, -1.19295322895, 15.431435585, -6.54855155945, 4.20301914215, -11.5434951782],
        "cov": [[2852.99169922, -536.5078125, 612.005004883, 402.02734375, 208.6146698, 318.685394287, 19.8825912476, 205.712142944, -106.958648682, 159.275588989, -158.998428345, 175.966827393, -20.3830184937], [-536.5078125, 937.768676758, 88.9605026245, 131.798843384, 73.5561676025, -181.978317261, 57.360244751, -179.378204346, 95.8159561157, -101.179389954, 137.461959839, -119.316383362, 97.3456115723], [612.005004883, 88.9605026245, 896.836669922, 308.007171631, 192.998931885, 38.4012374878, -79.7087554932, -2.25956273079, -80.9355392456, -32.2163963318, -109.444900513, 29.805141449, -64.6789550781], [402.02734375, 131.798843384, 308.007171631, 666.850646973, 406.512573242, 95.3607788086, 200.239868164, 36.6566352844, 80.0841751099, -46.653427124, -3.46146273613, -55.8399391174, 20.555814743], [208.6146698, 73.5561676025, 192.998931885, 406.512573242, 561.920349121, 204.48916626, 241.280059814, 111.872825623, 82.7176513672, 3.26921916008, -51.7744064331, -40.7337760925, -62.1816520691], [318.685394287, -181.978317261, 38.4012374878, 95.3607788086, 204.48916626, 276.902709961, 146.640960693, 133.605957031, 61.6807098389, 53.2912712097, -22.193479538, 4.61252212524, -47.5229187012], [19.8825912476, 57.360244751, -79.7087554932, 200.239868164, 241.280059814, 146.640960693, 340.980926514, 118.737373352, 96.0857696533, -6.86223840714, -9.22628879547, -29.4109973907, -0.907301485538], [205.712142944, -179.378204346, -2.25956273079, 36.6566352844, 111.872825623, 133.605957031, 118.737373352, 227.247283936, 64.0875473022, 29.2442092896, -54.7458534241, 3.04615688324, -25.6006336212], [-106.958648682, 95.8159561157, -80.9355392456, 80.0841751099, 82.7176513672, 61.6807098389, 96.0857696533, 64.0875473022, 197.665527344, 50.2864761353, 56.3373641968, -34.1997833252, -2.31024956703], [159.275588989, -101.179389954, -32.2163963318, -46.653427124, 3.26921916008, 53.2912712097, -6.86223840714, 29.2442092896, 50.2864761353, 154.113174438, 51.3203849792, 63.9833602905, -5.27351713181], [-158.998428345, 137.461959839, -109.444900513, -3.46146273613, -51.7744064331, -22.193479538, -9.22628879547, -54.7458534241, 56.3373641968, 51.3203849792, 182.317901611, 41.5717658997, 77.7862167358], [175.966827393, -119.316383362, 29.805141449, -55.8399391174, -40.7337760925, 4.61252212524, -29.4109973907, 3.04615688324, -34.1997833252, 63.9833602905, 41.5717658997, 133.65612793, 32.2583580017], [-20.3830184937, 97.3456115723, -64.6789550781, 20.555814743, -62.1816520691, -47.5229187012, -0.907301485538, -25.6006336212, -2.31024956703, -5.27351713181, 77.7862167358, 32.2583580017, 142.415985107]],
        "icov": [[0.000742799544241, -0.000235807339777, -4.45183250122e-05, -0.000960337521974, 0.000688301457558, -0.00108413107228, 0.00042932771612, -0.000435397378169, 0.000651110662147, -0.000966271793004, 0.00107959972229, -0.000895451812539, -0.000162941229064], [-0.000235807339777, 0.00384382996708, -0.00176087499131, 0.00238466262817, -0.00222660973668, 0.0033420776017, -0.00224551651627, 0.00243855686858, -0.00221676332876, 0.00153801927809, -0.003437618725, 0.00410035159439, -0.00226811738685], [-4.45183250122e-05, -0.00176087499131, 0.00281288661063, -0.00222141365521, 0.000745009223465, -0.00166621222161, 0.00228089024313, -0.00104497489519, 0.00119409209583, -0.000186062417924, 0.00234893034212, -0.00303059723228, 0.00180730246939], [-0.000960337521974, 0.00238466262817, -0.00222141365521, 0.00646286644042, -0.00439502531663, 0.00360327865928, -0.00283301179297, 0.0023839820642, -0.00274730985984, 0.00251638237387, -0.0036873894278, 0.00439809868112, -0.00294878380373], [0.000688301457558, -0.00222660973668, 0.000745009223465, -0.00439502531663, 0.00674139382318, -0.00430528912693, 5.19778732269e-05, -0.00163025630172, 0.00173869729042, -0.00199480168521, 0.0030520206783, -0.00285562220961, 0.00274142320268], [-0.00108413107228, 0.0033420776017, -0.00166621222161, 0.00360327865928, -0.00430528912693, 0.0111977076158, -0.00385568989441, -0.000216234271647, -0.00203385390341, 0.000565010472201, -0.00498232152313, 0.00456429971382, -0.000247639778536], [0.00042932771612, -0.00224551651627, 0.00228089024313, -0.00283301179297, 5.19778732269e-05, -0.00385568989441, 0.00781979132444, -0.00282695540227, 0.000193962434423, 0.00036261943751, 0.00286895595491, -0.00347857875749, 0.000556345679797], [-0.000435397378169, 0.00243855686858, -0.00104497489519, 0.0023839820642, -0.00163025630172, -0.000216234271647, -0.00282695540227, 0.00987221486866, -0.00437865359709, 0.000997489085421, 0.00147074309643, 0.00123727961909, -0.00269281421788], [0.000651110662147, -0.00221676332876, 0.00119409209583, -0.00274730985984, 0.00173869729042, -0.00203385390341, 0.000193962434423, -0.00437865359709, 0.0114091439173, -0.00502338679507, -0.00167448271532, 0.00176893884782, 0.00235482933931], [-0.000966271793004, 0.00153801927809, -0.000186062417924, 0.00251638237387, -0.00199480168521, 0.000565010472201, 0.00036261943751, 0.000997489085421, -0.00502338679507, 0.0135023100302, -0.00428780121729, -0.00359462713823, 0.00143655657303], [0.00107959972229, -0.003437618725, 0.00234893034212, -0.0036873894278, 0.0030520206783, -0.00498232152313, 0.00286895595491, 0.00147074309643, -0.00167448271532, -0.00428780121729, 0.0159789975733, -0.00743452692404, -0.00317361811176], [-0.000895451812539, 0.00410035159439, -0.00303059723228, 0.00439809868112, -0.00285562220961, 0.00456429971382, -0.00347857875749, 0.00123727961909, 0.00176893884782, -0.00359462713823, -0.00743452692404, 0.0186408888549, -0.0047315992415], [-0.000162941229064, -0.00226811738685, 0.00180730246939, -0.00294878380373, 0.00274142320268, -0.000247639778536, 0.000556345679797, -0.00269281421788, 0.00235482933931, 0.00143655657303, -0.00317361811176, -0.0047315992415, 0.0133254500106]]
    },
    "melbands": {
        "dmean": [0.00443317368627, 0.00243595498614, 0.000895690463949, 0.000248823314905, 8.71984157129e-05, 0.000115949202154, 0.000128348212456, 5.16038853675e-05, 6.00334678893e-05, 8.56790575199e-05, 6.03150110692e-05, 2.58821401076e-05, 3.57650314982e-05, 8.00605412223e-05, 5.09162637172e-05, 4.64215227112e-05, 6.80038356222e-05, 5.10418685735e-05, 4.12018089264e-05, 3.18680104101e-05, 9.60374163697e-05, 3.83232436434e-05, 1.75506629603e-05, 1.85993703781e-05, 1.49885509018e-05, 1.02198073364e-05, 1.16467035696e-05, 9.17335455597e-06, 7.15682745067e-06, 6.15669478066e-06, 7.56799408919e-06, 6.25619486527e-06, 5.85674979448e-06, 5.03020328324e-06, 5.27829843122e-06, 4.04925640396e-06, 3.05040498461e-06, 2.83583335658e-06, 2.30516184274e-06, 1.93392179426e-06],
        "dmean2": [0.00685151526704, 0.00381638272665, 0.00167493452318, 0.00041183133726, 0.000152574299136, 0.000200118229259, 0.000223220820772, 8.32028090372e-05, 9.70432156464e-05, 0.000139289491926, 9.7040363471e-05, 4.02474288421e-05, 5.60515763937e-05, 0.000128475890961, 7.18031878932e-05, 6.445566396e-05, 9.47562730289e-05, 8.4013590822e-05, 6.60513542243e-05, 5.26431867911e-05, 0.000154365770868, 5.73363795411e-05, 2.80228578049e-05, 2.83516328636e-05, 2.27365344472e-05, 1.50446048792e-05, 1.73397711478e-05, 1.33334224302e-05, 1.05632607301e-05, 9.19855574466e-06, 1.19155183711e-05, 9.65290746535e-06, 8.60681666381e-06, 7.77570403443e-06, 8.15820658318e-06, 6.08561322224e-06, 4.60250475953e-06, 4.26088445238e-06, 3.54995972884e-06, 2.97261544802e-06],
        "dvar": [7.70228070905e-05, 3.73175389541e-05, 1.07200212369e-05, 6.4562470925e-07, 6.64719337351e-08, 9.9537160736e-08, 9.89705384313e-08, 9.29642318681e-09, 1.4197099496e-08, 2.73096798509e-08, 1.36217241931e-08, 2.66853916742e-09, 4.36287717065e-09, 1.38769040703e-08, 5.17056752969e-09, 8.09003530833e-09, 1.2251984316e-08, 7.58601181872e-09, 5.10234920981e-09, 5.15429166015e-09, 2.61971973003e-08, 3.27258442567e-09, 9.77609881936e-10, 8.06151978505e-10, 5.56949208974e-10, 3.35282634989e-10, 3.5029204537e-10, 2.35524072467e-10, 2.22472554268e-10, 1.86378731892e-10, 2.92711105354e-10, 2.60534094298e-10, 1.6237232392e-10, 7.46289002818e-11, 9.11397624037e-11, 9.2011356867e-11, 5.45026385135e-11, 6.23022813895e-11, 6.60980367662e-11, 4.62173910254e-11],
        "dvar2": [0.000145964935655, 9.37250297284e-05, 3.08613489324e-05, 1.70165469626e-06, 1.81680960054e-07, 2.70914853218e-07, 2.71422351261e-07, 2.39976554184e-08, 3.49461117821e-08, 6.50640927802e-08, 3.14914707644e-08, 6.10150596714e-09, 9.59804413725e-09, 3.77817919173e-08, 1.03055981526e-08, 1.5893004246e-08, 2.56802774601e-08, 2.02657872705e-08, 1.25129764328e-08, 1.3282700273e-08, 6.0699754556e-08, 6.46071773858e-09, 2.32810171141e-09, 1.8136880886e-09, 1.12083298198e-09, 6.35669905602e-10, 6.37631392131e-10, 4.30124935669e-10, 4.79665696052e-10, 4.28742041869e-10, 6.99992119824e-10, 6.26286744687e-10, 3.22633864069e-10, 1.59970175995e-10, 1.84708900952e-10, 1.80916295833e-10, 9.36253852224e-11, 1.10535233744e-10, 1.0772054776e-10, 9.0303972633e-11],
        "max": [0.0759270936251, 0.0534539707005, 0.0236145034432, 0.00672543328255, 0.00248407223262, 0.0030435626395, 0.00322241731919, 0.00177700503264, 0.00179411424324, 0.00179498072248, 0.00182448956184, 0.0010018205503, 0.000841653149109, 0.00140313210431, 0.00093306589406, 0.0012515358394, 0.00118289201055, 0.00124242273159, 0.000638178200461, 0.000659341167193, 0.00136327708606, 0.000527456984855, 0.000338337878929, 0.000341146544088, 0.000260165863438, 0.000267836585408, 0.000229261262575, 0.00016751192743, 0.000201779243071, 0.000178821137524, 0.000169235834619, 0.000201706003281, 0.000158799710334, 8.99718797882e-05, 8.60230138642e-05, 0.000151749380166, 0.000159516101121, 0.000144018777064, 0.000163821750903, 0.000151960586663],
        "mean": [0.0172753855586, 0.00685075158253, 0.000743695010897, 0.000202942246688, 6.70019871905e-05, 9.56499861786e-05, 0.000154850393301, 8.97352292668e-05, 8.98762446013e-05, 0.000117891671835, 0.000100236327853, 4.07758598158e-05, 5.90473209741e-05, 0.000149110564962, 8.89362563612e-05, 8.00812922535e-05, 0.000115631526569, 8.06938187452e-05, 5.59234067623e-05, 3.97528565372e-05, 0.000184509946848, 8.08599288575e-05, 3.04884779325e-05, 3.25493347191e-05, 2.34440376516e-05, 1.60320450959e-05, 2.15661239054e-05, 1.62454653037e-05, 1.11414619823e-05, 9.85927454167e-06, 9.63046477409e-06, 8.09625817055e-06, 8.08796448837e-06, 7.58916530685e-06, 8.05988474895e-06, 5.78921890337e-06, 4.71216435471e-06, 4.15672411691e-06, 3.06847095999e-06, 2.35264928961e-06],
        "median": [0.0160487629473, 0.002774765715, 0.000133531706524, 1.34311003421e-05, 6.55998883303e-06, 1.22329065562e-05, 3.04692039208e-05, 4.19177267759e-05, 4.07672850997e-05, 3.92674119212e-05, 1.99761088879e-05, 1.71591891558e-05, 2.14383726416e-05, 5.89078117628e-05, 3.47627028532e-05, 1.73682910827e-05, 2.75987695204e-05, 4.11956498283e-05, 2.48604774242e-05, 1.3982749806e-05, 7.73194478825e-05, 3.34101714543e-05, 1.29487980303e-05, 2.12456343434e-05, 1.19966152852e-05, 8.97053450899e-06, 1.05227863969e-05, 7.99795634521e-06, 4.80564312966e-06, 4.86599401484e-06, 3.88811349694e-06, 3.33007142217e-06, 3.19162495543e-06, 3.6289268337e-06, 3.7828162931e-06, 2.05586957236e-06, 1.89669901829e-06, 1.23022061871e-06, 6.95536812145e-07, 4.61730138568e-07],
        "min": [2.42725173294e-09, 2.83860046579e-09, 3.23855111617e-08, 2.94299518089e-08, 8.7414505856e-08, 1.35324953021e-07, 1.32568970912e-07, 3.42313910551e-07, 3.14304770654e-07, 1.42232337907e-07, 2.41128290668e-08, 4.08242861738e-08, 1.10659108543e-07, 3.59374496384e-07, 2.1401213246e-07, 1.04226849373e-07, 8.7887343625e-08, 1.35722615369e-07, 1.124813096e-07, 1.16524610405e-07, 6.37109565105e-08, 2.52470719886e-08, 7.87987808337e-09, 7.97679220454e-08, 5.74544287701e-08, 3.15786663485e-09, 1.87121407258e-09, 1.1927342447e-09, 1.65296162175e-11, 2.56510229724e-10, 1.47509046644e-10, 5.48972700631e-10, 3.3397391519e-08, 4.54525617144e-09, 8.84824213898e-09, 1.05445444043e-11, 1.60414470596e-09, 1.76769421323e-09, 3.88776233429e-11, 1.13968365995e-11],
