{
"highlevel": {
    "danceability": {
        "all": {
            "danceable": 0.954375326633,
            "not_danceable": 0.0456246994436
        },
        "probability": 0.954375326633,
        "value": "danceable"
    },
    "gender": {
        "all": {
            "female": 0.402581632137,
            "male": 0.597418367863
        },
        "probability": 0.597418367863,
        "value": "male"
    },
    "genre_dortmund": {
        "all": {
            "alternative": 0.167566329241,
            "blues": 0.119249425828,
            "electronic": 0.0480593703687,
            "folkcountry": 0.15962061286,
            "funksoulrnb": 0.0624495968223,
            "jazz": 0.0717570185661,
            "pop": 0.0776835456491,
            "raphiphop": 0.0171081610024,
            "rock": 0.276505947113
        },
        "probability": 0.276505947113,
        "value": "rock"
    },
    "genre_electronic": {
        "all": {
            "ambient": 0.43836799264,
            "dnb": 0.188063964248,
            "house": 0.111437916756,
            "techno": 0.0202463511378,
            "trance": 0.24188375473
        },
        "probability": 0.43836799264,
        "value": "ambient"
    },
    "genre_rosamerica": {
        "all": {
            "cla": 0.00995021034032,
            "dan": 0.0439080111682,
            "hip": 0.0188279859722,
            "jaz": 0.032186280936,
            "pop": 0.508968889713,
            "rhy": 0.131323575974,
            "roc": 0.250639826059,
            "spe": 0.00419519981369
        },
        "probability": 0.508968889713,
        "value": "pop"
    },
    "genre_tzanetakis": {
        "all": {
            "blu": 0.0626613423228,
            "cla": 0.0348169617355,
            "cou": 0.104475811124,
            "dis": 0.0784321576357,
            "hip": 0.15692435205,
            "jaz": 0.313974827528,
            "met": 0.0448166541755,
            "pop": 0.0627359300852,
            "reg": 0.0627360641956,
            "roc": 0.0784258767962
        },
        "probability": 0.313974827528,
        "value": "jaz"
    },
    "ismir04_rhythm": {
        "all": {
            "ChaChaCha": 0.281709730625,
            "Jive": 0.0398912504315,
            "Quickstep": 0.120086424053,
            "Rumba-American": 0.0214849822223,
            "Rumba-International": 0.092806212604,
            "Rumba-Misc": 0.00924226921052,
            "Samba": 0.2897362113,
            "Tango": 0.0703301653266,
            "VienneseWaltz": 0.0385483428836,
            "Waltz": 0.0361643917859
        },
        "probability": 0.2897362113,
        "value": "Samba"
    },
    "mood_acoustic": {
        "all": {
            "acoustic": 0.0346814729273,
            "not_acoustic": 0.965318500996
        },
        "probability": 0.965318500996,
        "value": "not_acoustic"
    },
    "mood_aggressive": {
        "all": {
            "aggressive": 0.246991559863,
            "not_aggressive": 0.753008425236
        },
        "probability": 0.753008425236,
        "value": "not_aggressive"
    },
    "mood_electronic": {
        "all": {
            "electronic": 0.588539004326,
            "not_electronic": 0.411461025476
        },
        "probability": 0.588539004326,
        "value": "electronic"
    },
    "mood_happy": {
        "all": {
            "happy": 0.589391350746,
            "not_happy": 0.410608619452
        },
        "probability": 0.589391350746,
        "value": "happy"
    },
    "mood_party": {
        "all": {
            "not_party": 0.286645144224,
            "party": 0.713354885578
        },
        "probability": 0.713354885578,
        "value": "party"
    },
    "mood_relaxed": {
        "all": {
            "not_relaxed": 0.920162856579,
            "relaxed": 0.0798371210694
        },
        "probability": 0.920162856579,
        "value": "not_relaxed"
    },
    "mood_sad": {
        "all": {
            "not_sad": 0.7532812953,
            "sad": 0.246718674898
        },
        "probability": 0.7532812953,
        "value": "not_sad"
    },
    "moods_mirex": {
        "all": {
            "Cluster1": 0.239856898785,
            "Cluster2": 0.279929697514,
            "Cluster3": 0.291949957609,
            "Cluster4": 0.153925314546,
            "Cluster5": 0.0343381352723
        },
        "probability": 0.291949957609,
        "value": "Cluster3"
    },
    "timbre": {
        "all": {
            "bright": 0.874345242977,
            "dark": 0.125654786825
        },
        "probability": 0.874345242977,
        "value": "bright"
    },
    "tonal_atonal": {
        "all": {
            "atonal": 0.134019106627,
            "tonal": 0.865980923176
        },
        "probability": 0.865980923176,
        "value": "tonal"
    },
    "voice_instrumental": {
        "all": {
            "instrumental": 0.0104156294838,
            "voice": 0.989584386349
        },
        "probability": 0.989584386349,
        "value": "voice"
    }
},
"lowlevel": {
    "average_loudness": 0.964362561703,
    "barkbands_crest": {
        "dmean": 2.44125986099,
        "dmean2": 3.85812568665,
        "dvar": 6.50603485107,
        "dvar2": 16.1196041107,
        "max": 26.6668300629,
        "mean": 11.5476140976,
        "median": 10.7353715897,
        "min": 2.87778902054,
        "var": 24.2692298889
    },
    "barkbands_flatness_db": {
        "dmean": 0.0261320080608,
        "dmean2": 0.0364234410226,
        "dvar": 0.00099873659201,
        "dvar2": 0.00190679554362,
        "max": 0.626895129681,
        "mean": 0.160163596272,
        "median": 0.149390563369,
        "min": 0.0387961342931,
        "var": 0.0048326975666
    },
    "barkbands_kurtosis": {
        "dmean": 7.20889759064,
        "dmean2": 11.2216377258,
        "dvar": 2311.09277344,
        "dvar2": 5128.28759766,
        "max": 1333.3182373,
        "mean": 10.5341835022,
        "median": 0.686052322388,
        "min": -1.73871600628,
        "var": 4588.48925781
    },
    "barkbands_skewness": {
        "dmean": 0.612062454224,
        "dmean2": 0.918862104416,
        "dvar": 1.42158782482,
        "dvar2": 3.14465284348,
        "max": 27.0299129486,
        "mean": 1.61464774609,
        "median": 1.12492442131,
        "min": -2.2097299099,
        "var": 5.01021528244
    },
    "barkbands_spread": {
        "dmean": 6.56360721588,
        "dmean2": 9.75518608093,
        "dvar": 65.2924423218,
        "dvar2": 138.010299683,
        "max": 77.9242935181,
        "mean": 23.47407341,
        "median": 21.6578369141,
        "min": 0.134557828307,
        "var": 164.104446411
    },
    "dissonance": {
        "dmean": 0.0188099816442,
        "dmean2": 0.0305852461606,
        "dvar": 0.000343973340932,
        "dvar2": 0.000892494397704,
        "max": 0.499936342239,
        "mean": 0.461741060019,
        "median": 0.469041138887,
        "min": 0.313261687756,
        "var": 0.000866297981702
    },
    "dynamic_complexity": 2.18360209465,
    "erbbands_crest": {
        "dmean": 2.51802325249,
        "dmean2": 4.03287363052,
        "dvar": 5.45026111603,
        "dvar2": 12.2705116272,
        "max": 23.5411148071,
        "mean": 8.81148147583,
        "median": 7.92789649963,
        "min": 2.43552041054,
        "var": 15.6163492203
    },
    "erbbands_flatness_db": {
        "dmean": 0.0219494327903,
        "dmean2": 0.0281301960349,
        "dvar": 0.000516555970535,
        "dvar2": 0.000857695238665,
        "max": 0.368583202362,
        "mean": 0.159864753485,
        "median": 0.158511295915,
        "min": 0.0709750428796,
        "var": 0.00208891159855
    },
    "erbbands_kurtosis": {
        "dmean": 0.897511601448,
        "dmean2": 1.36584234238,
        "dvar": 2.63136768341,
        "dvar2": 4.94956159592,
        "max": 45.9358100891,
        "mean": 0.662334620953,
        "median": 0.0614020824432,
        "min": -1.69297480583,
        "var": 9.71372032166
    },
    "erbbands_skewness": {
        "dmean": 0.337687700987,
        "dmean2": 0.510350286961,
        "dvar": 0.14932924509,
        "dvar2": 0.313032418489,
        "max": 5.57699203491,
        "mean": 0.11936891824,
        "median": 0.0702737793326,
        "min": -2.95729804039,
        "var": 0.532443940639
    },
    "erbbands_spread": {
        "dmean": 8.87905216217,
        "dmean2": 12.8123865128,
        "dvar": 110.653579712,
        "dvar2": 219.64604187,
        "max": 128.370483398,
        "mean": 34.7668647766,
        "median": 32.1088867188,
        "min": 3.01787018776,
        "var": 331.89440918
    },
    "hfc": {
        "dmean": 8.92451858521,
        "dmean2": 12.2148637772,
        "dvar": 161.98638916,
        "dvar2": 277.729888916,
        "max": 197.133850098,
        "mean": 25.5561943054,
        "median": 20.5616874695,
        "min": 0.00487299915403,
        "var": 516.770080566
    },
    "melbands_crest": {
        "dmean": 2.72790455818,
        "dmean2": 4.22978401184,
        "dvar": 7.25929403305,
        "dvar2": 17.5760612488,
        "max": 34.2657394409,
        "mean": 15.6287746429,
        "median": 15.474603653,
        "min": 3.37780070305,
        "var": 29.814666748
    },
    "melbands_flatness_db": {
        "dmean": 0.032568320632,
        "dmean2": 0.0442778579891,
        "dvar": 0.0015290719457,
        "dvar2": 0.00301082478836,
        "max": 0.766796052456,
        "mean": 0.215827867389,
        "median": 0.201785355806,
        "min": 0.037547301501,
        "var": 0.00775223271921
    },
    "melbands_kurtosis": {
        "dmean": 9.12012672424,
        "dmean2": 13.9264602661,
        "dvar": 677.952087402,
        "dvar2": 1476.15234375,
        "max": 654.940551758,
        "mean": 16.9041633606,
        "median": 5.14467811584,
        "min": -1.68037796021,
        "var": 2258.61206055
    },
    "melbands_skewness": {
        "dmean": 0.731838881969,
        "dmean2": 1.08648014069,
        "dvar": 0.867138743401,
        "dvar2": 1.93431127071,
        "max": 14.666229248,
        "mean": 2.6465651989,
        "median": 2.10616779327,
        "min": -1.28932857513,
        "var": 3.95592522621
    },
    "melbands_spread": {
        "dmean": 7.12686300278,
        "dmean2": 10.5410757065,
        "dvar": 78.8226013184,
        "dvar2": 151.989257812,
        "max": 127.022209167,
        "mean": 24.3677940369,
        "median": 22.0404014587,
        "min": 0.163065955043,
        "var": 274.036499023
    },
    "pitch_salience": {
        "dmean": 0.0667846873403,
        "dmean2": 0.106581293046,
        "dvar": 0.0042166155763,
        "dvar2": 0.0097230784595,
        "max": 0.807760894299,
        "mean": 0.482853889465,
        "median": 0.481342047453,
        "min": 0.026824047789,
        "var": 0.0157740209252
    },
    "silence_rate_20dB": {
        "dmean": 0,
        "dmean2": 0,
        "dvar": 0,
        "dvar2": 0,
        "max": 1,
        "mean": 1,
        "median": 1,
        "min": 1,
        "var": 0
    },
    "silence_rate_30dB": {
        "dmean": 0,
        "dmean2": 0,
        "dvar": 0,
        "dvar2": 0,
        "max": 1,
        "mean": 1,
        "median": 1,
        "min": 1,
        "var": 0
    },
    "silence_rate_60dB": {
        "dmean": 0.00154798757285,
        "dmean2": 0.00309837330133,
        "dvar": 0.00154558825307,
        "dvar2": 0.00308875786141,
        "max": 1,
        "mean": 0.00618716143072,
        "median": 0,
        "min": 0,
        "var": 0.00614884775132
    },
    "spectral_centroid": {
        "dmean": 290.530334473,
        "dmean2": 419.239654541,
        "dvar": 124684.820312,
        "dvar2": 240967.453125,
        "max": 4119.47753906,
        "mean": 1367.72546387,
        "median": 1258.57543945,
        "min": 96.94480896,
        "var": 410856.0625
    },
    "spectral_complexity": {
        "dmean": 4.57198143005,
        "dmean2": 6.5817193985,
        "dvar": 33.8980674744,
        "dvar2": 60.0481338501,
        "max": 56,
        "mean": 22.006187439,
        "median": 20,
        "min": 0,
        "var": 123.713989258
    },
    "spectral_decrease": {
        "dmean": 2.02050820519e-09,
        "dmean2": 3.04394531803e-09,
        "dvar": 7.30153567471e-18,
        "dvar2": 1.68084341242e-17,
        "max": -7.58603856815e-12,
        "mean": -8.58011084404e-09,
        "median": -8.63598348388e-09,
        "min": -2.66917581371e-08,
        "var": 1.66015347463e-17
    },
    "spectral_energy": {
        "dmean": 0.00805768277496,
        "dmean2": 0.0119689553976,
        "dvar": 0.00011032326438,
        "dvar2": 0.000249844946666,
        "max": 0.102212958038,
        "mean": 0.0347013324499,
        "median": 0.0351353473961,
        "min": 2.90734442387e-05,
        "var": 0.00026857512421
    },
    "spectral_energyband_high": {
        "dmean": 0.000853166216984,
        "dmean2": 0.00116004690062,
        "dvar": 2.58098134509e-06,
        "dvar2": 4.61367017124e-06,
        "max": 0.0238076467067,
        "mean": 0.00118452741299,
        "median": 0.000312966119964,
        "min": 5.14252889161e-08,
        "var": 5.77520086154e-06
    },
    "spectral_energyband_low": {
        "dmean": 0.00595228699967,
        "dmean2": 0.00939396303147,
        "dvar": 0.000102139914816,
        "dvar2": 0.000248307856964,
        "max": 0.0926392972469,
        "mean": 0.0161499641836,
        "median": 0.0154683385044,
        "min": 2.50289886026e-05,
        "var": 0.000152814973262
    },
    "spectral_energyband_middle_high": {
        "dmean": 0.00223135133274,
        "dmean2": 0.0034173973836,
        "dvar": 7.1764011409e-06,
        "dvar2": 1.56321329996e-05,
        "max": 0.0341663137078,
        "mean": 0.0072372853756,
        "median": 0.00582776358351,
        "min": 1.8498172949e-07,
        "var": 3.4938166209e-05
    },
    "spectral_energyband_middle_low": {
        "dmean": 0.00380891864188,
        "dmean2": 0.00597020843998,
        "dvar": 2.42449823418e-05,
        "dvar2": 6.03037005931e-05,
        "max": 0.04564486444,
        "mean": 0.0111935213208,
        "median": 0.0103948740289,
        "min": 1.67012751717e-06,
        "var": 5.10906429554e-05
    },
    "spectral_entropy": {
        "dmean": 0.223250746727,
        "dmean2": 0.279440611601,
        "dvar": 0.0710358992219,
        "dvar2": 0.127307981253,
        "max": 8.47288513184,
        "mean": 7.49537944794,
        "median": 7.49653720856,
        "min": 4.38134050369,
        "var": 0.261185616255
    },
    "spectral_flux": {
        "dmean": 0.0249628741294,
        "dmean2": 0.0356360077858,
        "dvar": 0.000721758930013,
        "dvar2": 0.00131356029306,
        "max": 0.265940725803,
        "mean": 0.0851499587297,
        "median": 0.0778316259384,
        "min": 0.00226765614934,
        "var": 0.00213639321737
    },
    "spectral_kurtosis": {
        "dmean": 2.34537005424,
        "dmean2": 3.77718687057,
        "dvar": 17.4002113342,
        "dvar2": 42.1304016113,
        "max": 81.9016418457,
        "mean": 5.17816734314,
        "median": 4.13954973221,
        "min": -0.218753814697,
        "var": 28.8805351257
    },
    "spectral_rms": {
        "dmean": 0.000661476689856,
        "dmean2": 0.000958372256719,
        "dvar": 6.12544795331e-07,
        "dvar2": 1.27343275835e-06,
        "max": 0.00998598802835,
        "mean": 0.00563107384369,
        "median": 0.00585477473214,
        "min": 0.000168417143868,
        "var": 2.14600208892e-06
    },
    "spectral_rolloff": {
        "dmean": 459.864013672,
        "dmean2": 731.813110352,
        "dvar": 537837.875,
        "dvar2": 1134513,
        "max": 7945.75195312,
        "mean": 1324.19958496,
        "median": 1248.92578125,
        "min": 64.599609375,
        "var": 1153491
    },
    "spectral_skewness": {
        "dmean": 0.318802297115,
        "dmean2": 0.481792837381,
        "dvar": 0.173291280866,
        "dvar2": 0.383022576571,
        "max": 7.88099813461,
        "mean": 1.61419665813,
        "median": 1.53550255299,
        "min": -0.120572477579,
        "var": 0.406632453203
    },
    "spectral_spread": {
        "dmean": 640695,
        "dmean2": 829593.25,
        "dvar": 557346324480,
        "dvar2": 969237463040,
        "max": 10838905,
        "mean": 4191569.75,
        "median": 3941309.75,
        "min": 1308011.125,
        "var": 1.69994210509e+12
    },
    "spectral_strongpeak": {
        "dmean": 0.363858729601,
        "dmean2": 0.634365022182,
        "dvar": 0.692419946194,
        "dvar2": 1.73046076298,
        "max": 7.32617473602,
        "mean": 0.664567887783,
        "median": 0.37468996644,
        "min": 0.00535207148641,
        "var": 0.856508970261
    },
    "zerocrossingrate": {
        "dmean": 0.0114303920418,
        "dmean2": 0.0120220817626,
        "dvar": 0.000146209422383,
        "dvar2": 0.000153900167788,
        "max": 0.22607421875,
        "mean": 0.0514122769237,
        "median": 0.046875,
        "min": 0.00244140625,
        "var": 0.000851437449455
    },
    "barkbands": {
        "dmean": [0.000195322572836, 0.00492415763438, 0.00150615000166, 0.0010879317997, 0.00168724090327, 0.000790397753008, 0.000671963440254, 0.000739398179576, 0.00100079004187, 0.000522334303241, 0.000378648634069, 0.000491874525324, 0.000716950977221, 0.000780609901994, 0.000407874409575, 0.000254136655713, 0.000234293926042, 0.00016841267643, 0.000229439843679, 0.000265939743258, 0.000221025838982, 0.000246525625698, 0.000166137106135, 9.46531217778e-05, 5.58952524443e-05, 2.62641206064e-05, 3.1267198608e-08],
        "dmean2": [0.000311006093398, 0.00790563598275, 0.00260992674157, 0.00184652756434, 0.00284084118903, 0.00124195753597, 0.00103687692899, 0.00114226841833, 0.00152210472152, 0.000780563103035, 0.000603011518251, 0.00077835569391, 0.00116392073687, 0.00126419402659, 0.000617206853349, 0.000380644138204, 0.000348436500644, 0.000258572719758, 0.000331287796143, 0.00039091455983, 0.000314750883263, 0.000368946435628, 0.000247221527388, 0.000132630229928, 7.75483931648e-05, 3.74625014956e-05, 5.92895510465e-08],
        "dvar": [1.52461737457e-07, 7.498118066e-05, 1.03097072497e-05, 3.72653471459e-06, 9.42050155572e-06, 1.00826389371e-06, 1.59001308475e-06, 1.81305892966e-06, 2.91634933092e-06, 6.5352890033e-07, 5.54704229216e-07, 9.87455564427e-07, 1.49968218466e-06, 1.74894807969e-06, 7.69944335843e-07, 2.15766760903e-07, 1.86221924992e-07, 9.44744016351e-08, 3.12757350684e-07, 2.64395652039e-07, 2.32256681443e-07, 2.92656125112e-07, 1.11471173625e-07, 3.61596903531e-08, 1.8704639615e-08, 3.00240965423e-09, 7.1369823842e-14],
        "dvar2": [3.70741986444e-07, 0.000189054655493, 2.85643782263e-05, 1.0235235095e-05, 2.49952354352e-05, 2.4194132493e-06, 3.67272173207e-06, 4.60624596599e-06, 7.25678319213e-06, 1.38434188557e-06, 1.19390688269e-06, 2.32409115597e-06, 3.55604561264e-06, 4.67711379315e-06, 1.65146627751e-06, 4.36367088241e-07, 3.55748056791e-07, 2.16312784573e-07, 5.05027401232e-07, 5.3782980558e-07, 4.5531652404e-07, 6.14483383288e-07, 2.48944530767e-07, 6.93850168432e-08, 3.95810353382e-08, 6.45549702583e-09, 2.12049074046e-13],
        "max": [0.00414704950526, 0.0750147178769, 0.0257225427777, 0.0189240779728, 0.030579963699, 0.0122162299231, 0.0175219140947, 0.0200488828123, 0.0234538316727, 0.0112357912585, 0.0189763009548, 0.019128292799, 0.0188577007502, 0.0147635508329, 0.0116938566789, 0.00786412041634, 0.00846327934414, 0.00528012029827, 0.0116619868204, 0.00929092522711, 0.00866245757788, 0.00877925660461, 0.00460131466389, 0.00262915063649, 0.00232021464035, 0.000571252370719, 6.3296179178e-06],
        "mean": [0.000305718625896, 0.0128924092278, 0.00211009173654, 0.00150048453361, 0.00252868956886, 0.00164317176677, 0.00103487691376, 0.00129338621628, 0.00238261884078, 0.00120741478167, 0.000699965981767, 0.000881903804839, 0.00122786092106, 0.00134904147126, 0.000644612358883, 0.000514699495398, 0.000388329848647, 0.000281067012111, 0.000374298513634, 0.000419839547249, 0.000298004160868, 0.000304211862385, 0.000191460785572, 0.000121515324281, 7.23334305803e-05, 3.33313837473e-05, 1.89493132297e-08],
        "median": [5.06864198542e-05, 0.012107395567, 0.000906222732738, 0.000714284018613, 0.0017178254202, 0.00121756852604, 0.000408714840887, 0.000802317983471, 0.00111130531877, 0.000493797182571, 0.000322144740494, 0.000505247910041, 0.000594594632275, 0.000511789228767, 0.000282628403511, 0.000205177202588, 0.000160258423421, 0.000127814084408, 0.000109306092781, 0.000139986324939, 6.57328273519e-05, 7.35485664336e-05, 3.50077898474e-05, 2.52595382335e-05, 1.58832899615e-05, 5.9283192968e-06, 6.64908461623e-10],
        "min": [1.07948681105e-08, 2.15115142055e-06, 3.65554200243e-07, 6.65334653149e-07, 2.43512317866e-07, 4.79871644643e-08, 7.91876431094e-09, 6.19979179106e-09, 1.02350545816e-08, 8.61707327715e-09, 4.73000794088e-09, 1.70971521385e-08, 1.18921379411e-08, 4.72513939087e-09, 5.15708453719e-09, 1.27922161752e-08, 9.50205514272e-09, 4.27659907487e-09, 4.04311428781e-09, 4.50250903228e-09, 8.27992163721e-09, 5.42649480906e-09, 3.44261597007e-09, 5.22245180434e-09, 3.16442716475e-09, 4.53069498585e-10, 5.89019067895e-12],
        "var": [2.67200931603e-07, 0.00011820034706, 1.12666793939e-05, 4.38442521045e-06, 9.04963144421e-06, 2.27061445912e-06, 3.02229796034e-06, 2.87018724521e-06, 8.65756737767e-06, 2.77912340607e-06, 1.63222580341e-06, 1.79898779606e-06, 3.33903449246e-06, 3.66693097931e-06, 1.38291341045e-06, 7.18419869372e-07, 4.02133849775e-07, 1.79178428539e-07, 9.06719321847e-07, 5.74038210743e-07, 4.46304369461e-07, 5.19267814525e-07, 1.69273207007e-07, 7.36596277306e-08, 2.83197945095e-08, 4.02507938091e-09, 3.73129803964e-14]
    },
    "erbbands": {
        "dmean": [0.147592753172, 1.14200437069, 1.88482666016, 2.59434437752, 5.02165126801, 5.84547424316, 5.45181369781, 6.7732872963, 9.49329662323, 12.7241926193, 17.0129680634, 22.0894603729, 21.7304935455, 10.5801305771, 13.9740772247, 19.4387187958, 32.7688102722, 43.9885253906, 17.550901413, 18.1288738251, 15.2888345718, 14.088599205, 9.98229217529, 8.98245239258, 13.702050209, 12.066824913, 8.57906341553, 9.26354503632, 8.46458911896, 7.56248569489, 3.97287201881, 2.46138072014, 1.38416409492, 0.759662747383, 0.314381211996, 0.146049514413, 0.0485191717744, 0.00371682574041, 7.61015544413e-05, 1.31388496811e-05],
        "dmean2": [0.233963161707, 1.87744271755, 3.28964734077, 4.43500995636, 8.39596652985, 9.95943641663, 8.58781242371, 10.7522535324, 14.4419460297, 19.9196624756, 25.572517395, 33.7653503418, 31.2110157013, 16.5735416412, 22.3988361359, 31.09491539, 52.6281280518, 71.8976135254, 26.5658588409, 27.413640976, 22.3538627625, 21.0737762451, 14.8137817383, 13.0484075546, 20.1442985535, 17.9358196259, 12.0805950165, 13.378282547, 12.7171163559, 11.7657938004, 5.74380350113, 3.50223946571, 1.98547017574, 1.05305302143, 0.440217792988, 0.207132071257, 0.0720834955573, 0.00569442054257, 0.000112286958029, 1.85488333955e-05],
        "dvar": [0.0729017183185, 4.21778726578, 14.3671178818, 24.0791378021, 77.8879623413, 144.951522827, 63.5459861755, 79.2428817749, 249.870452881, 762.878845215, 829.051452637, 1535.56408691, 1239.87145996, 284.185577393, 1069.32580566, 1515.21569824, 2827.3046875, 5778.27636719, 1085.44543457, 1748.16467285, 829.608154297, 656.17010498, 299.374389648, 458.378234863, 1024.8013916, 656.930603027, 286.236450195, 449.523498535, 387.150787354, 266.418212891, 61.0276641846, 19.9556770325, 10.2413568497, 3.87344145775, 0.435747802258, 0.0859522148967, 0.0123281879351, 8.76279518707e-05, 3.27756168872e-08, 3.40962813539e-10],
        "dvar2": [0.172727704048, 11.204703331, 39.8328285217, 67.3188323975, 203.505447388, 398.487304688, 156.118637085, 192.34916687, 613.526306152, 1821.75598145, 1808.78137207, 3654.57641602, 2435.94848633, 690.459228516, 2254.51733398, 3652.76953125, 6481.59423828, 15474.8613281, 2222.24853516, 4209.05712891, 1648.29846191, 1321.03186035, 654.673583984, 794.620300293, 1835.1730957, 1407.4140625, 556.17779541, 886.883911133, 779.211975098, 616.244018555, 129.248275757, 40.8587989807, 20.2661800385, 8.11681938171, 0.91778331995, 0.190365582705, 0.0262486562133, 0.000213738749153, 7.77259003826e-08, 7.14133419066e-10],
        "max": [2.70100665092, 16.1880302429, 29.867893219, 54.2659950256, 77.0919647217, 131.990646362, 147.150238037, 91.3759078979, 164.269729614, 502.743286133, 450.129669189, 517.711181641, 491.293884277, 195.633468628, 863.647094727, 709.504150391, 876.008544922, 881.655883789, 664.082397461, 684.02722168, 544.434936523, 429.880340576, 289.415679932, 576.969360352, 692.485595703, 492.088623047, 256.987731934, 375.12487793, 366.697021484, 172.609588623, 124.347167969, 47.0549507141, 47.3152809143, 39.5890083313, 8.21014976501, 2.80962491035, 1.37611949444, 0.098431058228, 0.0020725633949, 0.000241991292569],
        "mean": [0.378849208355, 2.81275844574, 3.19246554375, 4.01898860931, 6.82876777649, 8.15700817108, 10.8843002319, 12.8138504028, 15.9899454117, 20.3207015991, 33.4789199829, 50.5795021057, 56.3059577942, 23.0700416565, 27.486738205, 37.9741439819, 61.8190994263, 78.6787261963, 33.3273925781, 29.4193096161, 32.2584495544, 24.4752883911, 17.0931472778, 15.00157547, 23.4853382111, 18.7892684937, 12.2737960815, 11.8276500702, 10.456328392, 8.96242618561, 4.7014169693, 2.96966814995, 1.78908121586, 1.00276517868, 0.389400094748, 0.182328060269, 0.0592080354691, 0.00425530038774, 0.000106648396468, 4.69771657663e-05],
        "median": [0.311014801264, 2.37061858177, 1.96946525574, 2.50825238228, 4.07289361954, 5.42701482773, 8.10164260864, 9.02919769287, 6.45943212509, 10.7632789612, 20.9022254944, 24.221578598, 19.4168300629, 11.9981822968, 14.4346027374, 22.7701892853, 35.2058830261, 32.8522834778, 20.8099994659, 14.4552736282, 12.8279304504, 10.61668396, 8.00476932526, 6.02011299133, 7.30494451523, 6.19854164124, 3.63227915764, 2.28522658348, 2.32427597046, 2.13432908058, 0.898477911949, 0.613555073738, 0.358615428209, 0.239508464932, 0.0657877177, 0.0338213816285, 0.00839773379266, 0.000616867677309, 3.33072421199e-05, 4.4012307626e-05],
        "min": [0.000102930323919, 0.00208598026074, 0.00226524774916, 0.00277433777228, 0.000953416689299, 0.00120303954463, 0.000661521044094, 0.000374110561097, 0.00015133760462, 0.000327039597323, 0.000182845062227, 0.00018408455071, 0.000335251213983, 0.000341905892128, 0.000427756895078, 0.000679875782225, 0.000663305458147, 0.000411784945754, 0.000295539241051, 0.000377620512154, 0.000686889805365, 0.000581813510507, 0.000340202095686, 0.000268490810413, 0.000248290773015, 0.000234140752582, 0.000426010286901, 0.000244244904025, 0.000194611187908, 0.000159457980772, 0.0001157654915, 0.000119157026347, 9.32861075853e-05, 5.29422068212e-05, 2.51669880527e-05, 6.4325618041e-06, 2.76344849226e-06, 1.09948899762e-07, 2.4889253325e-08, 3.27039941794e-08],
        "var": [0.142406836152, 6.10388088226, 16.1734333038, 24.6057567596, 78.3653869629, 119.648918152, 104.697746277, 162.706222534, 545.227233887, 1149.60546875, 1717.11230469, 4825.30908203, 6260.20361328, 835.202453613, 3025.96142578, 2880.82983398, 6853.453125, 12113.3818359, 2249.16113281, 2487.95678711, 2926.09155273, 1420.31945801, 625.378845215, 1139.13146973, 2780.08789062, 1245.09338379, 563.162353516, 865.434570312, 733.816894531, 380.322998047, 100.510505676, 35.2556991577, 20.2204227448, 6.26266527176, 0.658535420895, 0.115597389638, 0.0155109614134, 9.02475439943e-05, 3.64806567177e-08, 7.10270398052e-10]
    },
    "gfcc": {
        "mean": [13.3377714157, 106.678352356, -120.477668762, 38.3679962158, -51.0825424194, 24.9870357513, -31.8780784607, 6.88900852203, -18.2817058563, 8.86925506592, -10.8682479858, -1.24221265316, -10.5314283371],
        "cov": [[5707.89599609, -1710.46337891, -664.751525879, -237.701171875, -727.401489258, 262.656799316, -154.592086792, 468.804718018, -211.521652222, 278.118225098, -415.497039795, 175.004119873, -316.812194824], [-1710.46337891, 1423.22644043, -122.421012878, -201.33946228, 330.885101318, -144.52456665, 192.086196899, -211.334625244, 184.526580811, -178.766082764, 242.943069458, -141.196304321, 156.178924561], [-664.751525879, -122.421012878, 806.10357666, 238.896377563, 62.6145935059, 71.737663269, 22.5794715881, 49.1764755249, -1.10551095009, 75.6757354736, -6.06597995758, 55.0369338989, -7.43196392059], [-237.701171875, -201.33946228, 238.896377563, 512.677978516, 95.4130020142, -27.7300395966, -10.6624517441, -74.6522903442, -2.53753376007, 7.41509103775, 53.5372009277, 24.9135704041, 26.8592300415], [-727.401489258, 330.885101318, 62.6145935059, 95.4130020142, 321.093688965, -8.59028244019, 69.0110702515, -57.310836792, 60.8135528564, -26.7145385742, 73.5514450073, 5.89373397827, 60.8911094666], [262.656799316, -144.52456665, 71.737663269, -27.7300395966, -8.59028244019, 210.39302063, 50.6683540344, 66.3812942505, 0.316268622875, 28.2402610779, -25.0423336029, 15.1543312073, -13.6833143234], [-154.592086792, 192.086196899, 22.5794715881, -10.6624517441, 69.0110702515, 50.6683540344, 207.382400513, 68.8338165283, 61.1355438232, 1.66057288647, 30.6673965454, -24.5404777527, 32.5617027283], [468.804718018, -211.334625244, 49.1764755249, -74.6522903442, -57.310836792, 66.3812942505, 68.8338165283, 218.761535645, 36.1473388672, 69.227104187, -62.911190033, 28.6558685303, -22.0822181702], [-211.521652222, 184.526580811, -1.10551095009, -2.53753376007, 60.8135528564, 0.316268622875, 61.1355438232, 36.1473388672, 126.731208801, 10.19257164, 40.3875770569, -11.2952003479, 42.8289337158], [278.118225098, -178.766082764, 75.6757354736, 7.41509103775, -26.7145385742, 28.2402610779, 1.66057288647, 69.227104187, 10.19257164, 112.515228271, -7.4655919075, 40.917640686, -12.4516057968], [-415.497039795, 242.943069458, -6.06597995758, 53.5372009277, 73.5514450073, -25.0423336029, 30.6673965454, -62.911190033, 40.3875770569, -7.4655919075, 141.997558594, 11.2220783234, 51.1469192505], [175.004119873, -141.196304321, 55.0369338989, 24.9135704041, 5.89373397827, 15.1543312073, -24.5404777527, 28.6558685303, -11.2952003479, 40.917640686, 11.2220783234, 96.1235656738, 0.676237881184], [-316.812194824, 156.178924561, -7.43196392059, 26.8592300415, 60.8911094666, -13.6833143234, 32.5617027283, -22.0822181702, 42.8289337158, -12.4516057968, 51.1469192505, 0.676237881184, 80.8104553223]],
        "icov": [[0.00068318459671, -0.000533670710865, 0.00104377837852, -0.000895608973224, 0.00113786500879, -0.000846345617902, 0.000207617733395, -0.000918426027056, 0.000577943341341, -0.00138579704799, 0.00151981727686, -0.00153152516577, 0.00129918428138], [-0.000533670710865, 0.00647153612226, -0.00225624884479, 0.00537597294897, -0.00397414946929, 0.00362991378643, -0.00350033771247, 0.00464149890468, -0.00484985299408, 0.00577428983524, -0.0071530919522, 0.00559408124536, -0.00236521009356], [0.00104377837852, -0.00225624884479, 0.00357836973853, -0.00325538474135, 0.00217720144428, -0.00242262519896, 0.00102916161995, -0.00254853325896, 0.00205940799788, -0.00398031016812, 0.00398198468611, -0.00369489425793, 0.00250772363506], [-0.000895608973224, 0.00537597294897, -0.00325538474135, 0.0073789418675, -0.00425651390105, 0.00373604358174, -0.0028696237132, 0.00508664781228, -0.00396813033149, 0.00514181517065, -0.00690922467038, 0.00507470918819, -0.00304096750915], [0.00113786500879, -0.00397414946929, 0.00217720144428, -0.00425651390105, 0.00805086735636, -0.0029396249447, 0.000502764596604, -0.00184037757572, 0.00148122245446, -0.00384879624471, 0.00547257950529, -0.0062442640774, 0.00169741758145], [-0.000846345617902, 0.00362991378643, -0.00242262519896, 0.00373604358174, -0.0029396249447, 0.00824338477105, -0.00341316335835, 0.00237306533381, -0.00236051226966, 0.00361730344594, -0.00421381322667, 0.00328029133379, -0.00171538651921], [0.000207617733395, -0.00350033771247, 0.00102916161995, -0.0028696237132, 0.000502764596604, -0.00341316335835, 0.0101726977155, -0.00655898265541, 0.00214187358506, -0.00214652228169, 0.00112208304927, 0.000731798878405, -0.00040295405779], [-0.000918426027056, 0.00464149890468, -0.00254853325896, 0.00508664781228, -0.00184037757572, 0.00237306533381, -0.00655898265541, 0.014568278566, -0.00762467412278, 0.00123819732107, -0.000763971242122, 0.00102787686046, -0.00137701816857], [0.000577943341341, -0.00484985299408, 0.00205940799788, -0.00396813033149, 0.00148122245446, -0.00236051226966, 0.00214187358506, -0.00762467412278, 0.016799017787, -0.00594814261422, 0.00251577422023, -0.000994261354208, -0.00271901325323], [-0.00138579704799, 0.00577428983524, -0.00398031016812, 0.00514181517065, -0.00384879624471, 0.00361730344594, -0.00214652228169, 0.00123819732107, -0.00594814261422, 0.0200668871403, -0.00915687903762, 0.0025414226111, -0.00193305022549], [0.00151981727686, -0.0071530919522, 0.00398198468611, -0.00690922467038, 0.00547257950529, -0.00421381322667, 0.00112208304927, -0.000763971242122, 0.00251577422023, -0.00915687903762, 0.021876309067, -0.0112840579823, 0.000451562722446], [-0.00153152516577, 0.00559408124536, -0.00369489425793, 0.00507470918819, -0.0062442640774, 0.00328029133379, 0.000731798878405, 0.00102787686046, -0.000994261354208, 0.0025414226111, -0.0112840579823, 0.0221141204238, -0.00572022050619], [0.00129918428138, -0.00236521009356, 0.00250772363506, -0.00304096750915, 0.00169741758145, -0.00171538651921, -0.00040295405779, -0.00137701816857, -0.00271901325323, -0.00193305022549, 0.000451562722446, -0.00572022050619, 0.022402388975]]
    },
    "melbands": {
        "dmean": [0.00132406421471, 0.00115948845632, 0.000489528116304, 0.000412275549024, 0.000192271385458, 0.000155223635375, 0.000139496347401, 0.000148580089444, 0.000158020819072, 0.000137693830766, 0.000106749750557, 4.33153036283e-05, 4.56997004221e-05, 3.86564679502e-05, 8.24105518404e-05, 7.47048252379e-05, 8.87727728696e-05, 2.7588548619e-05, 3.66906278941e-05, 1.63741333381e-05, 1.80522674782e-05, 1.54067965923e-05, 1.07753530756e-05, 7.61574165153e-06, 7.59395152272e-06, 1.0407758964e-05, 1.12286243166e-05, 7.80233222031e-06, 5.22022537552e-06, 5.82241045777e-06, 5.61022761758e-06, 4.95028052683e-06, 4.81274219055e-06, 4.13315274272e-06, 2.40215604208e-06, 1.90194668903e-06, 1.41136069942e-06, 1.03450111055e-06, 8.57646341501e-07, 5.86837131777e-07],
        "dmean2": [0.00212805951014, 0.00194974779151, 0.000831494107842, 0.000692600733601, 0.000310455041472, 0.000246029754635, 0.000210859099752, 0.00023325465736, 0.000236919891904, 0.000209548132261, 0.000153813933139, 6.78462311043e-05, 7.30951214791e-05, 6.01139108767e-05, 0.000131883629365, 0.000119057345728, 0.000145168611198, 4.20171090809e-05, 5.60129847145e-05, 2.47042808041e-05, 2.74660797004e-05, 2.30720143009e-05, 1.67037687788e-05, 1.16849159895e-05, 1.12787029138e-05, 1.54196150106e-05, 1.60786239576e-05, 1.16882356451e-05, 7.50563822294e-06, 8.58032126416e-06, 8.16124611447e-06, 7.54645361667e-06, 7.37860818845e-06, 6.46233547741e-06, 3.47884611074e-06, 2.87579973701e-06, 2.00250633497e-06, 1.51889605604e-06, 1.27420980789e-06, 8.26377970498e-07],
        "dvar": [5.6440849221e-06, 4.38856523033e-06, 7.44112696793e-07, 6.15723195097e-07, 8.25758590395e-08, 3.94047354746e-08, 5.40440225905e-08, 8.93562841497e-08, 7.70991164245e-08, 5.55926078505e-08, 2.98790432396e-08, 4.58417837024e-09, 1.01090638083e-08, 4.48934134312e-09, 3.28103482161e-08, 1.43693563714e-08, 2.56021888134e-08, 3.26257532102e-09, 6.6774776819e-09, 1.22052634666e-09, 1.20897269973e-09, 8.06918643015e-10, 4.37262864805e-10, 1.97668811874e-10, 3.74273362302e-10, 7.00265012643e-10, 5.16949594243e-10, 2.96732083349e-10, 1.15730564021e-10, 1.57486371166e-10, 1.86853407746e-10, 1.53858120688e-10, 1.07875007538e-10, 8.03707100872e-11, 2.55586767028e-11, 1.23677500533e-11, 7.61017811268e-12, 5.76504642635e-12, 5.58474403875e-12, 2.51927320151e-12],
        "dvar2": [1.36379630931e-05, 1.2039043213e-05, 1.996237188e-06, 1.67039104326e-06, 2.10166916759e-07, 9.6264450633e-08, 1.31308127038e-07, 2.20180154997e-07, 1.67978839727e-07, 1.30880223992e-07, 5.89156847752e-08, 1.13372538024e-08, 2.14654818365e-08, 9.44052924723e-09, 8.3113249616e-08, 2.98219511308e-08, 6.92319943596e-08, 6.98146385147e-09, 1.47844643195e-08, 2.6829654054e-09, 2.49065856828e-09, 1.66097136045e-09, 1.01320096757e-09, 4.40004532809e-10, 6.80951683929e-10, 1.32694255583e-09, 9.43357947314e-10, 6.7210742527e-10, 2.37074665455e-10, 3.34199695695e-10, 3.9772016236e-10, 3.27958882274e-10, 2.42070197221e-10, 1.90824175905e-10, 5.38867804545e-11, 2.92301911842e-11, 1.48042723913e-11, 1.11446182144e-11, 1.2497355581e-11, 5.70079313617e-12],
        "max": [0.0208523441106, 0.0165233202279, 0.00837292615324, 0.00823399797082, 0.00433891126886, 0.00208430085331, 0.00214081979357, 0.00517225312069, 0.00441598892212, 0.00319219217636, 0.00238331127912, 0.000875119352713, 0.00248343800195, 0.00134552642703, 0.0028614285402, 0.00255789398216, 0.0018290792359, 0.000917439640034, 0.0011919826502, 0.000584018009249, 0.000636827375274, 0.000537093845196, 0.000328351889038, 0.000257000850979, 0.000548768963199, 0.000541806803085, 0.000396430987166, 0.000316532910801, 0.000175147608388, 0.000208436249522, 0.000238500710111, 0.000262884073891, 0.000119844407891, 9.95751761366e-05, 9.96688831947e-05, 2.89912404696e-05, 3.92166548409e-05, 3.9784306864e-05, 3.28388559865e-05, 3.51440794475e-05],
        "mean": [0.00357688753866, 0.00244422070682, 0.000757464382332, 0.000572761462536, 0.000370280089555, 0.000306673609884, 0.000232587437495, 0.000236077146837, 0.000303248409182, 0.000329891830916, 0.000266469054623, 8.36745457491e-05, 8.74629040482e-05, 7.79511901783e-05, 0.000142718970892, 0.000128437925014, 0.000150312029291, 4.5684613724e-05, 5.45233124285e-05, 2.98390423268e-05, 3.62870305253e-05, 2.55868490058e-05, 1.75305849552e-05, 1.25116512208e-05, 1.16237151815e-05, 1.56697806233e-05, 1.86166435014e-05, 1.07739597297e-05, 7.23969742467e-06, 7.31178397473e-06, 6.83288408254e-06, 5.94625134909e-06, 5.71577174924e-06, 4.67072732135e-06, 2.80967401523e-06, 2.06165373129e-06, 1.73327771336e-06, 1.31617787247e-06, 1.05653987248e-06, 7.53219580929e-07],
        "median": [0.00341952079907, 0.00199490808882, 0.000468828104204, 0.000375861418433, 0.000281808839645, 0.000216859611101, 9.25451167859e-05, 0.000124317710288, 0.000175802386366, 0.000146518286783, 8.77474303707e-05, 4.17309747718e-05, 4.35808397015e-05, 4.8204408813e-05, 7.0228757977e-05, 6.60036166664e-05, 4.76700042782e-05, 2.35622173932e-05, 2.37402127823e-05, 1.38118084578e-05, 1.34665351652e-05, 1.04899390863e-05, 7.7317818068e-06, 5.71704686081e-06, 4.31859962191e-06, 4.46500189355e-06, 5.52058963876e-06, 3.08912808578e-06, 2.11160227082e-06, 1.50907953866e-06, 1.24836026316e-06, 1.22171604744e-06, 1.46865932038e-06, 9.89872205537e-07, 5.10404731813e-07, 3.87243261457e-07, 3.4393929127e-07, 2.49865422575e-07, 2.19981956207e-07, 1.79983487669e-07],
        "min": [4.40932637957e-07, 2.47803086495e-06, 2.24068571697e-07, 1.03426771147e-07, 2.47385862906e-08, 8.42171399285e-09, 2.09982942145e-09, 3.44742123737e-09, 1.53778711987e-09, 1.25486043778e-09, 1.69052472021e-09, 1.35831812464e-09, 1.00062047537e-09, 1.53968959804e-09, 1.50086287842e-09, 1.12628195659e-09, 3.6933420211e-10, 4.81389317297e-10, 4.44443815084e-10, 4.13181044934e-10, 7.65723595642e-10, 6.55619558643e-10, 2.78492534589e-10, 1.77678941005e-10, 1.84344817189e-10, 1.11466863517e-10, 1.68253605493e-10, 1.35978214799e-10, 2.29063018553e-10, 2.05014033527e-10, 1.00338709563e-10, 1.03257527528e-10, 9.76991820778e-11, 7.95608509629e-11, 5.70286699808e-11, 6.40623734616e-11, 6.16220408034e-11, 5.9970604871e-11, 5.4019445167e-11, 1.79357501073e-11],
