{
"highlevel": {
    "danceability": {
        "all": {
            "danceable": 5.83363615192e-08,
            "not_danceable": 0.999999940395
        },
        "probability": 0.999999940395,
        "value": "not_danceable"
    },
    "gender": {
        "all": {
            "female": 0.0940806046128,
            "male": 0.905919373035
        },
        "probability": 0.905919373035,
        "value": "male"
    },
    "genre_dortmund": {
        "all": {
            "alternative": 0.0900160074234,
            "blues": 0.127960681915,
            "electronic": 0.0420917198062,
            "folkcountry": 0.0270236786455,
            "funksoulrnb": 0.00913667399436,
            "jazz": 0.00887622311711,
            "pop": 0.0236573237926,
            "raphiphop": 0.00403106492013,
            "rock": 0.667206645012
        },
        "probability": 0.667206645012,
        "value": "rock"
    },
    "genre_electronic": {
        "all": {
            "ambient": 0.304652661085,
            "dnb": 0.14596003294,
            "house": 0.0619509071112,
            "techno": 0.0296733882278,
            "trance": 0.457763016224
        },
        "probability": 0.457763016224,
        "value": "trance"
    },
    "genre_rosamerica": {
        "all": {
            "cla": 0.000458990369225,
            "dan": 0.000671271642204,
            "hip": 0.000151269952767,
            "jaz": 5.38233107363e-05,
            "pop": 0.000599678605795,
            "rhy": 0.00045481917914,
            "roc": 0.997573912144,
            "spe": 3.62359460269e-05
        },
        "probability": 0.997573912144,
        "value": "roc"
    },
    "genre_tzanetakis": {
        "all": {
            "blu": 0.0626541376114,
            "cla": 0.0348133966327,
            "cou": 0.0783501937985,
            "dis": 0.104547761381,
            "hip": 0.15693578124,
            "jaz": 0.313987255096,
            "met": 0.044816005975,
            "pop": 0.0627349764109,
            "reg": 0.0627352520823,
            "roc": 0.0784252434969
        },
        "probability": 0.313987255096,
        "value": "jaz"
    },
    "ismir04_rhythm": {
        "all": {
            "ChaChaCha": 0.00404738634825,
            "Jive": 0.949555397034,
            "Quickstep": 0.000766150827985,
            "Rumba-American": 0.00151020416524,
            "Rumba-International": 0.0012351218611,
            "Rumba-Misc": 0.000829176045954,
            "Samba": 0.0238843951374,
            "Tango": 0.00110530096572,
            "VienneseWaltz": 0.0164598021656,
            "Waltz": 0.000607071560808
        },
        "probability": 0.949555397034,
        "value": "Jive"
    },
    "mood_acoustic": {
        "all": {
            "acoustic": 0.00745741929859,
            "not_acoustic": 0.992542564869
        },
        "probability": 0.992542564869,
        "value": "not_acoustic"
    },
    "mood_aggressive": {
        "all": {
            "aggressive": 0.9937697649,
            "not_aggressive": 0.0062302229926
        },
        "probability": 0.9937697649,
        "value": "aggressive"
    },
    "mood_electronic": {
        "all": {
            "electronic": 0.216858133674,
            "not_electronic": 0.783141851425
        },
        "probability": 0.783141851425,
        "value": "not_electronic"
    },
    "mood_happy": {
        "all": {
            "happy": 0.407943338156,
            "not_happy": 0.592056691647
        },
        "probability": 0.592056691647,
        "value": "not_happy"
    },
    "mood_party": {
        "all": {
            "not_party": 0.487515747547,
            "party": 0.512484252453
        },
        "probability": 0.512484252453,
        "value": "party"
    },
    "mood_relaxed": {
        "all": {
            "not_relaxed": 0.993001043797,
            "relaxed": 0.00699896086007
        },
        "probability": 0.993001043797,
        "value": "not_relaxed"
    },
    "mood_sad": {
        "all": {
            "not_sad": 0.962024748325,
            "sad": 0.0379752479494
        },
        "probability": 0.962024748325,
        "value": "not_sad"
    },
    "moods_mirex": {
        "all": {
            "Cluster1": 0.139862656593,
            "Cluster2": 0.0283426865935,
            "Cluster3": 0.0171432234347,
            "Cluster4": 0.0128779988736,
            "Cluster5": 0.801773428917
        },
        "probability": 0.801773428917,
        "value": "Cluster5"
    },
    "timbre": {
        "all": {
            "bright": 0.901417613029,
            "dark": 0.0985823944211
        },
        "probability": 0.901417613029,
        "value": "bright"
    },
    "tonal_atonal": {
        "all": {
            "atonal": 0.0594985261559,
            "tonal": 0.940501451492
        },
        "probability": 0.940501451492,
        "value": "tonal"
    },
    "voice_instrumental": {
        "all": {
            "instrumental": 0.56720918417,
            "voice": 0.43279081583
        },
        "probability": 0.56720918417,
        "value": "instrumental"
    }
},
"lowlevel": {
    "average_loudness": 0.970119655132,
    "barkbands_crest": {
        "dmean": 2.31078720093,
        "dmean2": 3.73263287544,
        "dvar": 5.24403715134,
        "dvar2": 12.9784116745,
        "max": 24.4074058533,
        "mean": 7.68363666534,
        "median": 6.76953125,
        "min": 2.38592886925,
        "var": 11.7452526093
    },
    "barkbands_flatness_db": {
        "dmean": 0.0171373765916,
        "dmean2": 0.0267789233476,
        "dvar": 0.00023381120991,
        "dvar2": 0.000532651902176,
        "max": 0.257715880871,
        "mean": 0.112313903868,
        "median": 0.108538798988,
        "min": 0.0528863631189,
        "var": 0.000699597469065
    },
    "barkbands_kurtosis": {
        "dmean": 1.47164165974,
        "dmean2": 2.35098981857,
        "dvar": 10.6119041443,
        "dvar2": 23.9144172668,
        "max": 43.5769348145,
        "mean": 0.555744349957,
        "median": -0.562625169754,
        "min": -1.79331231117,
        "var": 13.4426765442
    },
    "barkbands_skewness": {
        "dmean": 0.450633078814,
        "dmean2": 0.689087927341,
        "dvar": 0.302563548088,
        "dvar2": 0.55525135994,
        "max": 6.42183589935,
        "mean": 0.837375640869,
        "median": 0.69721364975,
        "min": -1.88828015327,
        "var": 0.814822077751
    },
    "barkbands_spread": {
        "dmean": 5.55452632904,
        "dmean2": 8.67109680176,
        "dvar": 38.5632209778,
        "dvar2": 79.1362533569,
        "max": 91.7103271484,
        "mean": 31.0582199097,
        "median": 30.844871521,
        "min": 4.67629241943,
        "var": 89.3045959473
    },
    "dissonance": {
        "dmean": 0.0113947289065,
        "dmean2": 0.0193217080086,
        "dvar": 0.000156589929247,
        "dvar2": 0.000407169543905,
        "max": 0.500000119209,
        "mean": 0.479677051306,
        "median": 0.483604639769,
        "min": 0.382845908403,
        "var": 0.000246498297201
    },
    "dynamic_complexity": 0.865387558937,
    "erbbands_crest": {
        "dmean": 2.2427418232,
        "dmean2": 3.69335484505,
        "dvar": 4.93770503998,
        "dvar2": 12.1542749405,
        "max": 24.2537651062,
        "mean": 8.09844493866,
        "median": 7.16973257065,
        "min": 2.61828136444,
        "var": 14.8698625565
    },
    "erbbands_flatness_db": {
        "dmean": 0.0162477679551,
        "dmean2": 0.022462207824,
        "dvar": 0.000241639078013,
        "dvar2": 0.000441330659669,
        "max": 0.25917378068,
        "mean": 0.156049177051,
        "median": 0.15488563478,
        "min": 0.0705275088549,
        "var": 0.00102088903077
    },
    "erbbands_kurtosis": {
        "dmean": 0.605761706829,
        "dmean2": 0.95348238945,
        "dvar": 0.633893549442,
        "dvar2": 1.46602451801,
        "max": 9.89208698273,
        "mean": 0.0586157999933,
        "median": -0.216799259186,
        "min": -1.59297513962,
        "var": 1.48392748833
    },
    "erbbands_skewness": {
        "dmean": 0.275646209717,
        "dmean2": 0.417241424322,
        "dvar": 0.0690363049507,
        "dvar2": 0.144668608904,
        "max": 2.807700634,
        "mean": -0.267822384834,
        "median": -0.334074288607,
        "min": -2.35609340668,
        "var": 0.298523783684
    },
    "erbbands_spread": {
        "dmean": 7.04984045029,
        "dmean2": 10.5519008636,
        "dvar": 64.032951355,
        "dvar2": 122.192718506,
        "max": 125.350349426,
        "mean": 37.2192306519,
        "median": 34.2763595581,
        "min": 7.17748498917,
        "var": 225.590072632
    },
    "hfc": {
        "dmean": 6.9791302681,
        "dmean2": 10.6176204681,
        "dvar": 66.2388305664,
        "dvar2": 145.498138428,
        "max": 86.6426391602,
        "mean": 32.90284729,
        "median": 30.9002513885,
        "min": 3.15101671219,
        "var": 152.933609009
    },
    "melbands_crest": {
        "dmean": 3.25219845772,
        "dmean2": 5.36358213425,
        "dvar": 8.91137218475,
        "dvar2": 21.4011039734,
        "max": 29.0307655334,
        "mean": 12.1316452026,
        "median": 11.3747310638,
        "min": 3.59770655632,
        "var": 22.9041423798
    },
    "melbands_flatness_db": {
        "dmean": 0.02196601592,
        "dmean2": 0.0332947149873,
        "dvar": 0.000492122606374,
        "dvar2": 0.000977522693574,
        "max": 0.348036080599,
        "mean": 0.149147316813,
        "median": 0.142657771707,
        "min": 0.0277994591743,
        "var": 0.00170262285974
    },
    "melbands_kurtosis": {
        "dmean": 4.81910705566,
        "dmean2": 7.53504562378,
        "dvar": 112.296379089,
        "dvar2": 232.338928223,
        "max": 136.435577393,
        "mean": 6.68047237396,
        "median": 2.67580986023,
        "min": -1.69328951836,
        "var": 175.634368896
    },
    "melbands_skewness": {
        "dmean": 0.649059653282,
        "dmean2": 0.995144128799,
        "dvar": 0.733398079872,
        "dvar2": 1.30330276489,
        "max": 10.3535165787,
        "mean": 2.0374956131,
        "median": 1.72255539894,
        "min": -0.572941184044,
        "var": 2.02999186516
    },
    "melbands_spread": {
        "dmean": 8.4473772049,
        "dmean2": 13.1386003494,
        "dvar": 78.3680953979,
        "dvar2": 138.100646973,
        "max": 184.627120972,
        "mean": 36.8809547424,
        "median": 36.424621582,
        "min": 2.57710838318,
        "var": 263.398132324
    },
    "pitch_salience": {
        "dmean": 0.0692382007837,
        "dmean2": 0.11063002795,
        "dvar": 0.00365679711103,
        "dvar2": 0.00919188652188,
        "max": 0.817405343056,
        "mean": 0.602114260197,
        "median": 0.611945211887,
        "min": 0.124523930252,
        "var": 0.010747644119
    },
    "silence_rate_20dB": {
        "dmean": 0,
        "dmean2": 0,
        "dvar": 0,
        "dvar2": 0,
        "max": 1,
        "mean": 1,
        "median": 1,
        "min": 1,
        "var": 0
    },
    "silence_rate_30dB": {
        "dmean": 0.00773993786424,
        "dmean2": 0.0154918665066,
        "dvar": 0.00768013065681,
        "dvar2": 0.0229980200529,
        "max": 1,
        "mean": 0.996133029461,
        "median": 1,
        "min": 0,
        "var": 0.00385204958729
    },
    "silence_rate_60dB": {
        "dmean": 0,
        "dmean2": 0,
        "dvar": 0,
        "dvar2": 0,
        "max": 0,
        "mean": 0,
        "median": 0,
        "min": 0,
        "var": 0
    },
    "spectral_centroid": {
        "dmean": 224.912277222,
        "dmean2": 346.585693359,
        "dvar": 39793.8554688,
        "dvar2": 83486.484375,
        "max": 4487.08251953,
        "mean": 1875.62219238,
        "median": 1888.41784668,
        "min": 659.600036621,
        "var": 175837.109375
    },
    "spectral_complexity": {
        "dmean": 4.49303388596,
        "dmean2": 6.95894670486,
        "dvar": 16.4495868683,
        "dvar2": 36.4109840393,
        "max": 54,
        "mean": 32.9419937134,
        "median": 34,
        "min": 8,
        "var": 82.2911682129
    },
    "spectral_decrease": {
        "dmean": 2.91489121729e-09,
        "dmean2": 4.67756189337e-09,
        "dvar": 2.02611488667e-17,
        "dvar2": 3.90044444704e-17,
        "max": -7.63596685882e-10,
        "mean": -8.82558559567e-09,
        "median": -7.23268289704e-09,
        "min": -4.05496649591e-08,
        "var": 3.12688432877e-17
    },
    "spectral_energy": {
        "dmean": 0.0113780461252,
        "dmean2": 0.0182241275907,
        "dvar": 0.000297945050988,
        "dvar2": 0.000574917299673,
        "max": 0.154759854078,
        "mean": 0.0362941846251,
        "median": 0.0301351677626,
        "min": 0.00316779641435,
        "var": 0.000461611052742
    },
    "spectral_energyband_high": {
        "dmean": 0.000477394321933,
        "dmean2": 0.000705966667738,
        "dvar": 3.97467999846e-07,
        "dvar2": 8.57538282162e-07,
        "max": 0.00793044734746,
        "mean": 0.00134825950954,
        "median": 0.00102697708644,
        "min": 0.000181231516763,
        "var": 1.1213273865e-06
    },
    "spectral_energyband_low": {
        "dmean": 0.00790819711983,
        "dmean2": 0.0129019683227,
        "dvar": 0.000253656908171,
        "dvar2": 0.000489420897793,
        "max": 0.149744391441,
        "mean": 0.0129688661546,
        "median": 0.00649603875354,
        "min": 0.000184793956578,
        "var": 0.000368192733731
    },
    "spectral_energyband_middle_high": {
        "dmean": 0.00275321002118,
        "dmean2": 0.00407582800835,
        "dvar": 1.05815452116e-05,
        "dvar2": 2.18974346353e-05,
        "max": 0.0348999723792,
        "mean": 0.0109172360972,
        "median": 0.0102096553892,
        "min": 0.000614096643403,
        "var": 3.24331449519e-05
    },
    "spectral_energyband_middle_low": {
        "dmean": 0.00462022377178,
        "dmean2": 0.00773357925937,
        "dvar": 5.19854329468e-05,
        "dvar2": 0.000133604786242,
        "max": 0.0826836004853,
        "mean": 0.0130926705897,
        "median": 0.0121794966981,
        "min": 0.000333759293426,
        "var": 7.86794553278e-05
    },
    "spectral_entropy": {
        "dmean": 0.0956941395998,
        "dmean2": 0.144360691309,
        "dvar": 0.00859971530735,
        "dvar2": 0.0172572731972,
        "max": 8.54516792297,
        "mean": 7.80618143082,
        "median": 7.81508350372,
        "min": 7.00098896027,
        "var": 0.035699531436
    },
    "spectral_flux": {
        "dmean": 0.028252825141,
        "dmean2": 0.0452834479511,
        "dvar": 0.00116695510224,
        "dvar2": 0.00238200556487,
        "max": 0.31117361784,
        "mean": 0.106924928725,
        "median": 0.0949874818325,
        "min": 0.0399084612727,
        "var": 0.00222777738236
    },
    "spectral_kurtosis": {
        "dmean": 1.20411109924,
        "dmean2": 2.05160188675,
        "dvar": 1.37684941292,
        "dvar2": 4.00399255753,
        "max": 14.9109649658,
        "mean": 3.17054724693,
        "median": 2.95012998581,
        "min": -0.869577646255,
        "var": 2.39749526978
    },
    "spectral_rms": {
        "dmean": 0.00085541640874,
        "dmean2": 0.00134697812609,
        "dvar": 1.24976213556e-06,
        "dvar2": 2.31298690778e-06,
        "max": 0.0122876046225,
        "mean": 0.00574955902994,
        "median": 0.00542219169438,
        "min": 0.00175799115095,
        "var": 2.35152606365e-06
    },
    "spectral_rolloff": {
        "dmean": 541.097351074,
        "dmean2": 889.867736816,
        "dvar": 625120.375,
        "dvar2": 1190918,
        "max": 8699.4140625,
        "mean": 2121.70922852,
        "median": 2131.78710938,
        "min": 86.1328125,
        "var": 1315085.125
    },
    "spectral_skewness": {
        "dmean": 0.178292661905,
        "dmean2": 0.289533346891,
        "dvar": 0.0245493389666,
        "dvar2": 0.0595990791917,
        "max": 2.91149282455,
        "mean": 1.13222491741,
        "median": 1.15555953979,
        "min": 0.389726042747,
        "var": 0.0649234056473
    },
    "spectral_spread": {
        "dmean": 410577.375,
        "dmean2": 566455.0625,
        "dvar": 246039166976,
        "dvar2": 395120738304,
        "max": 12173469,
        "mean": 4011609,
        "median": 3800568.25,
        "min": 2336913.25,
        "var": 1.36908950733e+12
    },
    "spectral_strongpeak": {
        "dmean": 0.702976286411,
        "dmean2": 1.24122214317,
        "dvar": 1.3055768013,
        "dvar2": 3.37682151794,
        "max": 10.1546545029,
        "mean": 1.04250121117,
        "median": 0.594000220299,
        "min": 0,
        "var": 1.71890878677
    },
    "zerocrossingrate": {
        "dmean": 0.00920062419027,
        "dmean2": 0.0109952166677,
        "dvar": 0.000101621466456,
        "dvar2": 0.000112228932267,
        "max": 0.2734375,
        "mean": 0.0742908790708,
        "median": 0.072265625,
        "min": 0.02294921875,
        "var": 0.000560814514756
    },
    "barkbands": {
        "dmean": [0.000849067582749, 0.0060062399134, 0.00283523765393, 0.00184383406304, 0.00188752263784, 0.000764756638091, 0.00137518928386, 0.000516834843438, 0.000555829436053, 0.00128644891083, 0.00048091984354, 0.000471315288451, 0.000714351772331, 0.000459239032352, 0.000722316384781, 0.000541911984328, 0.000486416713102, 0.000345578126144, 0.000385093560908, 0.000217639506445, 0.000162273456226, 0.000121531469631, 0.00010299889982, 9.40005702432e-05, 3.99446907977e-05, 1.50351734192e-05, 4.47756249855e-08],
        "dmean2": [0.00139778293669, 0.00920909550041, 0.00507044838741, 0.00324894720688, 0.00316194794141, 0.00127339211758, 0.00231023482047, 0.000900585087948, 0.00090456136968, 0.00198977137916, 0.000781380804256, 0.000747433456127, 0.0010659378022, 0.000732201675419, 0.00116695766337, 0.000880729581695, 0.000810790865216, 0.000542838999536, 0.000619014492258, 0.000350207381416, 0.000259427266428, 0.000199644608074, 0.000161165778991, 0.000137210721732, 6.03071857768e-05, 2.24489376706e-05, 7.91442289483e-08],
        "dvar": [3.24704569721e-06, 0.000148837076267, 5.15944739163e-05, 6.63979790261e-06, 1.3884812688e-05, 1.60485296874e-06, 8.42625740916e-06, 1.26818588342e-06, 1.08192386961e-06, 5.6537405726e-06, 9.54674987952e-07, 9.50354319684e-07, 2.17000820157e-06, 7.23951586679e-07, 9.63771299212e-07, 9.38617290558e-07, 7.2058509204e-07, 1.99929189648e-07, 1.66031398408e-07, 5.15151263869e-08, 3.74956812266e-08, 2.86622672263e-08, 3.64744892067e-08, 7.48684314544e-08, 1.16606759804e-08, 1.16303078279e-09, 3.05752026074e-14],
        "dvar2": [7.81086146162e-06, 0.000336313329171, 0.000145710713696, 1.9280018023e-05, 3.67367174476e-05, 4.41654901806e-06, 2.21546615649e-05, 3.3646222164e-06, 2.72817987934e-06, 1.27692001115e-05, 2.26344445764e-06, 1.90942910194e-06, 4.55592407889e-06, 1.62659364378e-06, 2.19835169446e-06, 2.09992435884e-06, 1.88159231129e-06, 4.67026268325e-07, 4.2885741891e-07, 1.24951412772e-07, 9.38764230796e-08, 7.21889961142e-08, 8.25036678975e-08, 1.51966943918e-07, 2.48578810869e-08, 2.94678925705e-09, 7.61234608335e-14],
        "max": [0.0131515404209, 0.139899551868, 0.0581891201437, 0.0247036088258, 0.054835498333, 0.0165089201182, 0.0305921826512, 0.0168386567384, 0.0118936095387, 0.0312640964985, 0.0125022241846, 0.0179184358567, 0.0181259661913, 0.0148736154661, 0.00977491121739, 0.0146018126979, 0.0110505735502, 0.00566525850445, 0.00456262705848, 0.00267379055731, 0.00265963166021, 0.00235719652846, 0.00252400385216, 0.00502929091454, 0.00182631285861, 0.000527801341377, 2.31769649872e-06],
        "mean": [0.00101732811891, 0.00719711510465, 0.00299707520753, 0.00401578377932, 0.00358046870679, 0.00148376217112, 0.00174754369073, 0.000651245354675, 0.00101674860343, 0.00230519264005, 0.000731280189939, 0.000772053957917, 0.00131058273837, 0.000787545985077, 0.00147435860708, 0.000978122930974, 0.000961841607932, 0.000713355664629, 0.000910073867999, 0.00055226351833, 0.000386362808058, 0.000270258809905, 0.000193333937204, 0.000152712746058, 6.7292174208e-05, 2.04587140615e-05, 3.07005052491e-08],
        "median": [0.000335351331159, 0.00196163821965, 0.000863148889039, 0.0025725979358, 0.00249460735358, 0.00110805535223, 0.000899672682863, 0.000226474308874, 0.000522614514921, 0.00093463662779, 0.000235227693338, 0.000319365179166, 0.000645424996037, 0.000468907877803, 0.00101244752295, 0.000585898931604, 0.000727312231902, 0.000557825958822, 0.000784722913522, 0.000481188850245, 0.000310088304104, 0.000194417196326, 0.000106511593913, 6.28646666883e-05, 2.68474104814e-05, 9.37680215429e-06, 1.48055678828e-09],
        "min": [6.31489626812e-07, 4.54529617855e-05, 4.59096236227e-06, 3.41851375651e-07, 2.14333340409e-06, 9.78716889222e-06, 1.39181101986e-05, 6.97594396115e-06, 3.12992756335e-06, 1.6235628209e-05, 6.73815657137e-06, 4.21721142629e-06, 2.5716239179e-05, 1.24665675685e-05, 2.03126382985e-05, 1.20203812912e-05, 6.10757751929e-06, 2.234157364e-05, 2.45720693783e-05, 1.30625367092e-05, 2.8630694942e-05, 2.1195906811e-05, 7.10038420948e-06, 1.07659002424e-06, 1.02540148816e-07, 1.15102415446e-11, 7.86997116781e-12],
        "var": [3.77620517611e-06, 0.000195259199245, 3.71437599824e-05, 1.50635341924e-05, 1.60098588822e-05, 2.17710407924e-06, 8.01322039479e-06, 1.71379724634e-06, 2.05583887691e-06, 1.2250020518e-05, 1.56799251272e-06, 1.96416385734e-06, 4.75935758004e-06, 1.16933290428e-06, 2.08209758057e-06, 1.76433115939e-06, 8.5462380639e-07, 3.97771202643e-07, 3.7640188566e-07, 1.45925383777e-07, 7.61751834943e-08, 5.93406213056e-08, 8.2358660336e-08, 1.36618652391e-07, 2.04679704296e-08, 1.53978385597e-09, 2.0818077622e-14]
    },
    "erbbands": {
        "dmean": [0.219929933548, 1.20317327976, 3.12404108047, 4.6019244194, 6.76784658432, 6.3624625206, 6.3233127594, 6.36648702621, 16.0963172913, 18.8280887604, 10.7274780273, 12.7988328934, 26.1368236542, 38.9744720459, 15.009355545, 18.9925441742, 31.6185398102, 20.7216949463, 31.0417747498, 33.6582946777, 29.0551052094, 24.7076625824, 17.279006958, 23.4355792999, 13.2242584229, 10.2334680557, 7.45452356339, 5.61536121368, 4.61269140244, 3.53210330009, 2.89833378792, 2.38516044617, 1.26853048801, 0.548431038857, 0.242440029979, 0.0966870933771, 0.0221886876971, 0.00153886864427, 4.00249882659e-05, 1.44116720548e-05],
        "dmean2": [0.360884010792, 1.90105950832, 5.42538881302, 8.13568878174, 11.4945774078, 10.5711240768, 10.7191610336, 10.6055717468, 27.2614822388, 33.1034126282, 18.0367660522, 20.7473659515, 41.777381897, 58.5488586426, 24.4903793335, 30.0504360199, 47.6333427429, 31.6447219849, 50.0207672119, 53.298992157, 45.3214263916, 40.4680023193, 26.9618873596, 37.2910995483, 21.2796039581, 16.451374054, 12.0147371292, 9.08959674835, 7.63467168808, 5.7207608223, 4.50451374054, 3.52748227119, 1.83490383625, 0.848546564579, 0.375067949295, 0.145858049393, 0.0334959253669, 0.00247389054857, 6.10288843745e-05, 2.2614007321e-05],
        "dvar": [0.246269717813, 5.76006317139, 57.4126167297, 58.5246658325, 201.976394653, 113.770210266, 158.403427124, 111.803215027, 874.087158203, 3102.06982422, 545.481079102, 651.380004883, 1935.73583984, 6532.02392578, 1053.14160156, 1271.49365234, 4565.47558594, 1616.3404541, 2027.01220703, 3075.13012695, 2385.96264648, 2017.56518555, 612.854675293, 741.641967773, 197.67276001, 110.950912476, 82.9654846191, 48.9682922363, 38.3559989929, 33.0589332581, 29.2702598572, 42.3381309509, 13.2953586578, 1.95809078217, 0.55052536726, 0.0608142465353, 0.002328929957, 1.66792997334e-05, 7.87187381945e-09, 4.43327929922e-10],
        "dvar2": [0.631638526917, 12.2191905975, 158.441162109, 165.612335205, 535.124328613, 309.015014648, 451.982971191, 305.102600098, 2299.84692383, 8721.875, 1355.5177002, 1630.39135742, 4456.05859375, 15448.7509766, 2603.2121582, 2844.35449219, 9647.66992188, 3319.47509766, 4295.43457031, 6539.03955078, 5565.93066406, 5382.23046875, 1381.72973633, 1655.90478516, 502.251464844, 268.723846436, 199.844558716, 121.914810181, 96.6021957397, 86.0164794922, 62.54504776, 82.9607009888, 26.5319671631, 3.88517856598, 1.26856720448, 0.152428612113, 0.00587557256222, 4.36445370724e-05, 2.00210354961e-08, 8.79227135542e-10],
        "max": [4.05873060226, 29.9468421936, 57.9991455078, 90.1773147583, 175.731155396, 146.371994019, 181.404403687, 158.014389038, 431.493713379, 511.342407227, 448.97756958, 307.862701416, 496.795562744, 1039.60009766, 411.506744385, 475.656646729, 926.78302002, 907.091491699, 573.952392578, 744.217773438, 877.688537598, 725.866943359, 321.435333252, 520.09161377, 166.646240234, 122.893516541, 126.927932739, 95.7145767212, 74.8496780396, 101.03729248, 76.4422302246, 104.62664032, 69.6982498169, 19.7206420898, 14.5670824051, 3.97670125961, 0.723635196686, 0.068378791213, 0.00141733058263, 0.000196087261429],
        "mean": [0.216898620129, 1.54302787781, 3.62865805626, 8.80205821991, 11.5936441422, 14.0865249634, 12.2813253403, 12.158662796, 22.5999031067, 20.6971988678, 16.2650413513, 24.2665576935, 48.7912254333, 69.342338562, 26.3778419495, 34.1253929138, 61.1707458496, 42.1852111816, 62.1607513428, 69.5774002075, 61.4057617188, 51.2673835754, 38.4413833618, 52.8036727905, 35.5072631836, 26.3522491455, 18.435136795, 13.4429216385, 10.248418808, 7.1935043335, 5.1826915741, 3.85926294327, 2.07709884644, 0.973545968533, 0.367815852165, 0.134842053056, 0.0295062977821, 0.00184564397205, 6.86564890202e-05, 4.83505682496e-05],
        "median": [0.0428510867059, 0.490931928158, 1.42248940468, 6.09799098969, 7.81620359421, 9.72875595093, 9.12259292603, 8.86738872528, 12.7364149094, 9.11555099487, 7.0495634079, 13.022356987, 21.5978775024, 29.4515533447, 12.3160848618, 16.5830802917, 31.6920890808, 25.9349880219, 42.655960083, 46.638092041, 42.2185020447, 39.9747200012, 30.7310142517, 44.0044250488, 30.8956756592, 22.9120788574, 15.402970314, 10.3248281479, 7.39308261871, 4.57103967667, 2.70511651039, 1.67846953869, 0.825700998306, 0.399127840996, 0.143578499556, 0.0619312301278, 0.0138177908957, 0.000651789538097, 3.98047850467e-05, 4.0548206016e-05],
        "min": [0.00116166344378, 0.0112349027768, 0.00767496693879, 0.00174699199852, 0.00179678120185, 0.00690011959523, 0.0424105525017, 0.168064236641, 0.106593333185, 0.33569675684, 0.265571683645, 0.118080839515, 0.363543212414, 0.315369933844, 0.526757359505, 0.525189101696, 0.947139799595, 1.19863498211, 1.33193290234, 1.66717076302, 1.22815585136, 0.421310007572, 1.17890918255, 1.36450743675, 0.882367253304, 0.73443287611, 0.976561367512, 1.18025660515, 0.773024916649, 0.376913756132, 0.124985598028, 0.0341189093888, 0.0170380901545, 0.00419819960371, 0.000186580713489, 6.55460826238e-05, 2.36434152612e-05, 6.3180136749e-06, 7.80799655331e-06, 5.45765578863e-06],
        "var": [0.247779488564, 7.93074417114, 45.2311859131, 79.3867874146, 206.866638184, 202.558334351, 183.305679321, 146.817581177, 1002.18676758, 2117.26074219, 888.473876953, 1241.19824219, 4638.56054688, 13067.3964844, 1916.57849121, 2406.63623047, 9875.20996094, 3707.81665039, 3795.0390625, 6098.03613281, 5556.01416016, 2365.57397461, 1157.99230957, 1931.93640137, 540.375244141, 319.043640137, 163.220169067, 113.259315491, 81.3755645752, 68.8929367065, 66.7345046997, 80.0177154541, 25.4157180786, 3.89190864563, 0.762090981007, 0.0778023153543, 0.00313304108568, 1.9022012566e-05, 1.02754489362e-08, 7.22301940481e-10]
    },
    "gfcc": {
        "mean": [47.1247177124, 90.6209335327, -142.282852173, 52.8139801025, -55.8540687561, 16.950958252, -39.0789375305, 6.91492557526, -24.8981246948, 0.604708075523, -16.3179912567, -2.28676652908, -7.25638341904],
        "cov": [[729.190246582, -191.948654175, 284.967773438, -55.7407798767, -65.2762527466, 119.494277954, -76.9016189575, 42.4022331238, -68.9764022827, 20.07954216, -95.2757339478, 6.04673814774, -100.062713623], [-191.948654175, 580.51171875, -246.799484253, 108.874229431, 94.1659088135, -195.200408936, 83.8532791138, -116.17640686, 25.5991325378, -113.007858276, 29.3312664032, -105.680122375, 80.8171157837], [284.967773438, -246.799484253, 585.640563965, 55.4255714417, 13.7667665482, 199.159057617, -77.6972732544, 65.3696975708, -18.7801475525, 75.345375061, -41.0662269592, 64.2066802979, -86.8394241333], [-55.7407798767, 108.874229431, 55.4255714417, 199.882293701, 66.8852233887, -34.2740707397, -7.18684625626, -41.4400215149, 43.5562133789, -32.3412208557, 1.20785140991, -45.8145751953, 30.0406799316], [-65.2762527466, 94.1659088135, 13.7667665482, 66.8852233887, 183.053955078, 9.03668880463, 45.0555343628, -2.2410132885, 10.5017080307, 19.3927497864, 9.04743480682, 11.6237192154, 10.2904481888], [119.494277954, -195.200408936, 199.159057617, -34.2740707397, 9.03668880463, 229.241409302, 48.0817909241, 55.5073356628, -8.62915992737, 47.0620536804, 17.879365921, 52.8649482727, -31.7125015259], [-76.9016189575, 83.8532791138, -77.6972732544, -7.18684625626, 45.0555343628, 48.0817909241, 181.101013184, 32.4128417969, 18.0684051514, -7.30739021301, 32.6875572205, 18.0357723236, 30.2389831543], [42.4022331238, -116.17640686, 65.3696975708, -41.4400215149, -2.2410132885, 55.5073356628, 32.4128417969, 116.719825745, 34.9337272644, 39.8092575073, -5.81878709793, 33.5603790283, -9.93085765839], [-68.9764022827, 25.5991325378, -18.7801475525, 43.5562133789, 10.5017080307, -8.62915992737, 18.0684051514, 34.9337272644, 96.9689712524, 21.2534694672, 17.7197589874, -12.7963924408, 19.5240192413], [20.07954216, -113.007858276, 75.345375061, -32.3412208557, 19.3927497864, 47.0620536804, -7.30739021301, 39.8092575073, 21.2534694672, 109.346893311, 28.6959381104, 36.831413269, -34.4972839355], [-95.2757339478, 29.3312664032, -41.0662269592, 1.20785140991, 9.04743480682, 17.879365921, 32.6875572205, -5.81878709793, 17.7197589874, 28.6959381104, 85.3229980469, 20.5661907196, 8.03860187531], [6.04673814774, -105.680122375, 64.2066802979, -45.8145751953, 11.6237192154, 52.8649482727, 18.0357723236, 33.5603790283, -12.7963924408, 36.831413269, 20.5661907196, 95.8279571533, 5.2966132164], [-100.062713623, 80.8171157837, -86.8394241333, 30.0406799316, 10.2904481888, -31.7125015259, 30.2389831543, -9.93085765839, 19.5240192413, -34.4972839355, 8.03860187531, 5.2966132164, 82.6067733765]],
        "icov": [[0.00240733870305, -0.000913796713576, -0.000101159937913, -0.000503438059241, 0.00119855278172, -0.00159844907466, 0.00077820563456, -0.000996078248136, 0.00130409025587, -0.000753311556764, 0.00275985850021, -0.000625634449534, 0.00186795496847], [-0.000913796713576, 0.00824529025704, -0.00314567820169, 0.00429118936881, -0.00520808110014, 0.0076472084038, -0.00538893742487, 0.00563068222255, -0.00320330425166, 0.00566177815199, -0.00673716841266, 0.0078578684479, -0.00453356187791], [-0.000101159937913, -0.00314567820169, 0.00672057596967, -0.00641894852743, 0.00275731901638, -0.00679345196113, 0.00431620329618, -0.00393564952537, 0.0025320078712, -0.00358519353904, 0.00532746175304, -0.00676826015115, 0.00516953412443], [-0.000503438059241, 0.00429118936881, -0.00641894852743, 0.0154479546472, -0.00715980073437, 0.00652292370796, -0.0031969982665, 0.00753857754171, -0.00805177912116, 0.00682443659753, -0.00653872219846, 0.00977073330432, -0.00693828659132], [0.00119855278172, -0.00520808110014, 0.00275731901638, -0.00715980073437, 0.0113181332126, -0.00516982423142, 0.00120388367213, -0.0035010157153, 0.00398547155783, -0.00702296150848, 0.00661216303706, -0.00700442912057, 0.00372408237308], [-0.00159844907466, 0.0076472084038, -0.00679345196113, 0.00652292370796, -0.00516982423142, 0.0165751930326, -0.00851283967495, 0.00466206856072, -0.00287705590017, 0.00533326109871, -0.00968273542821, 0.00757117103785, -0.0048835654743], [0.00077820563456, -0.00538893742487, 0.00431620329618, -0.0031969982665, 0.00120388367213, -0.00851283967495, 0.0128363473341, -0.00702185137197, 0.00219786842354, -0.0012236693874, 0.00222523137927, -0.00564715918154, 0.00206883647479], [-0.000996078248136, 0.00563068222255, -0.00393564952537, 0.00753857754171, -0.0035010157153, 0.00466206856072, -0.00702185137197, 0.0208443384618, -0.0112837124616, 0.00205218535848, -0.000168350539752, 0.002288677264, -0.00289832544513], [0.00130409025587, -0.00320330425166, 0.0025320078712, -0.00805177912116, 0.00398547155783, -0.00287705590017, 0.00219786842354, -0.0112837124616, 0.0215842630714, -0.00853144749999, 0.000669742468745, 0.00162516231649, -0.00229221535847], [-0.000753311556764, 0.00566177815199, -0.00358519353904, 0.00682443659753, -0.00702296150848, 0.00533326109871, -0.0012236693874, 0.00205218535848, -0.00853144749999, 0.0228163059801, -0.010993283242, 0.00163896079175, 0.00342402351089], [0.00275985850021, -0.00673716841266, 0.00532746175304, -0.00653872219846, 0.00661216303706, -0.00968273542821, 0.00222523137927, -0.000168350539752, 0.000669742468745, -0.010993283242, 0.0260583683848, -0.0117295486853, 0.00600401032716], [-0.000625634449534, 0.0078578684479, -0.00676826015115, 0.00977073330432, -0.00700442912057, 0.00757117103785, -0.00564715918154, 0.002288677264, 0.00162516231649, 0.00163896079175, -0.0117295486853, 0.0281234830618, -0.0133537705988], [0.00186795496847, -0.00453356187791, 0.00516953412443, -0.00693828659132, 0.00372408237308, -0.0048835654743, 0.00206883647479, -0.00289832544513, -0.00229221535847, 0.00342402351089, 0.00600401032716, -0.0133537705988, 0.0255603250116]]
    },
    "melbands": {
        "dmean": [0.00181646796409, 0.00152361590881, 0.000854023674037, 0.000435278372606, 0.000231119149248, 0.000147706581629, 0.000253886537394, 0.000186290446436, 8.47995979711e-05, 8.01159258117e-05, 0.000139163428685, 0.000171999781742, 5.8610799897e-05, 4.50501865998e-05, 7.36138899811e-05, 6.58267890685e-05, 4.06523358834e-05, 5.29574354005e-05, 5.24595889146e-05, 4.00358840125e-05, 3.71609385184e-05, 3.10995965265e-05, 1.82404928637e-05, 1.73586540768e-05, 2.21385580517e-05, 1.26078657559e-05, 8.69823543326e-06, 7.19510626368e-06, 5.56751774639e-06, 4.23475194111e-06, 3.53029327016e-06, 2.98851887237e-06, 2.26108227253e-06, 2.09638074011e-06, 1.80604229172e-06, 1.73291266492e-06, 1.44693217408e-06, 9.9420310562e-07, 6.91663956331e-07, 4.49444456763e-07],
        "dmean2": [0.00284344516695, 0.00252520688809, 0.00148712552618, 0.000729741354007, 0.000392742949771, 0.000246643088758, 0.000428960047429, 0.000327267829562, 0.000141181226354, 0.000130893633468, 0.000221376219997, 0.000260364467977, 9.60754987318e-05, 7.07332364982e-05, 0.000115057613584, 9.66051811702e-05, 6.25803440926e-05, 8.57025661389e-05, 8.40430220705e-05, 6.40555008431e-05, 5.84066074225e-05, 5.14404237038e-05, 3.0137685826e-05, 2.72420838883e-05, 3.56405034836e-05, 2.02676928893e-05, 1.43466668305e-05, 1.16945129776e-05, 9.08949459699e-06, 7.00673354004e-06, 5.75470721742e-06, 4.91917353429e-06, 3.73176976609e-06, 3.41063446285e-06, 2.8846470741e-06, 2.55862369158e-06, 2.17908154809e-06, 1.47147989082e-06, 1.05719482235e-06, 6.95363155501e-07],
        "dvar": [1.4834621652e-05, 1.12468442239e-05, 1.6892313397e-06, 8.80891491306e-07, 1.89500084957e-07, 5.89853677013e-08, 2.29825104725e-07, 2.76324783499e-07, 3.24873212776e-08, 2.34769661489e-08, 5.50263905552e-08, 1.29119868575e-07, 1.64413211934e-08, 9.98837990096e-09, 2.2616509554e-08, 1.7993279755e-08, 6.50825660031e-09, 6.39599972985e-09, 5.4045399267e-09, 4.96202634537e-09, 4.36769820311e-09, 3.29980909264e-09, 8.38098812572e-10, 5.71105551739e-10, 6.78926470599e-10, 1.7566811894e-10, 1.06968295333e-10, 5.96629620708e-11, 4.72404441954e-11, 3.137832702e-11, 1.9599599721e-11, 1.62409617005e-11, 1.02878348202e-11, 1.63227417693e-11, 1.10315515403e-11, 1.37288886856e-11, 1.92840136221e-11, 9.17863961919e-12, 2.8544755535e-12, 1.39642344996e-12],
        "dvar2": [3.62316059181e-05, 2.74135054497e-05, 4.74254511573e-06, 2.33954619944e-06, 5.45981208688e-07, 1.59902413088e-07, 5.96167978983e-07, 7.81328310495e-07, 8.04393209819e-08, 5.85999764269e-08, 1.26037718928e-07, 3.00349910276e-07, 4.15530330145e-08, 1.84502102485e-08, 5.13298239468e-08, 3.57646854354e-08, 1.3903709295e-08, 1.35968614146e-08, 1.1552989676e-08, 1.13013589598e-08, 1.0172079179e-08, 8.71115712897e-09, 2.19030615867e-09, 1.3240103458e-09, 1.53286805471e-09, 4.52622966884e-10, 2.60846400035e-10, 1.46502809883e-10, 1.13727326168e-10, 7.77787972916e-11, 4.6986640273e-11, 4.20627525866e-11, 2.63509526699e-11, 4.40230699117e-11, 2.63786267135e-11, 2.61268541524e-11, 3.96773655598e-11, 1.89746551804e-11, 6.08588570164e-12, 3.07844808672e-12],
        "max": [0.0387815311551, 0.0294482503086, 0.0139478631318, 0.0145795373246, 0.00675850594416, 0.00354341417551, 0.00677610654384, 0.00481089949608, 0.00319947535172, 0.00184212974273, 0.00274028512649, 0.00445465510711, 0.00186593143735, 0.00244384608231, 0.00239705503918, 0.00188075262122, 0.00179149070755, 0.00102205399889, 0.000734355824534, 0.000995841110125, 0.00128509255592, 0.000936142925639, 0.000439221679699, 0.000443849945441, 0.000476415036246, 0.000139175434015, 0.000135157664772, 8.09386547189e-05, 9.62177000474e-05, 9.64501305134e-05, 7.22179393051e-05, 4.31998087151e-05, 4.29376195825e-05, 8.32091463963e-05, 4.78748006572e-05, 6.34136886219e-05, 7.62833296903e-05, 5.97579564783e-05, 2.74325248029e-05, 1.78119989869e-05],
        "mean": [0.00201241020113, 0.00200927327387, 0.00168798293453, 0.000864238187205, 0.000500949157868, 0.000283587811282, 0.000348521425622, 0.000203096875339, 0.000136065194965, 0.000150812251377, 0.000250506040175, 0.000296197918942, 9.37677395996e-05, 7.20796451787e-05, 0.000127435516333, 0.000121320401377, 7.20052557881e-05, 9.50496905716e-05, 0.000103740152554, 7.52724226913e-05, 7.17384391464e-05, 5.74752957618e-05, 3.61117163266e-05, 3.3934466046e-05, 4.50465340691e-05, 2.99102721328e-05, 2.04514963116e-05, 1.65613037098e-05, 1.24711395983e-05, 8.75948080648e-06, 7.58336000217e-06, 6.13801194049e-06, 4.45153045803e-06, 3.84622944694e-06, 2.99571070173e-06, 2.75578827313e-06, 2.17114256884e-06, 1.52076040649e-06, 1.1236577393e-06, 7.19037359431e-07],
        "median": [0.000493676343467, 0.000780892849434, 0.00128476310056, 0.000622944440693, 0.00040656956844, 0.000209379213629, 0.000185169948963, 8.49140706123e-05, 5.84475856158e-05, 7.92966602603e-05, 0.00010477588512, 0.000112939756946, 3.58590150427e-05, 3.11577423417e-05, 5.94281445956e-05, 6.0159341956e-05, 4.14606438426e-05, 6.06081739534e-05, 6.88242871547e-05, 4.77244902868e-05, 4.74429143651e-05, 4.3199139327e-05, 2.73234636552e-05, 2.60581618932e-05, 3.60358935723e-05, 2.56138482655e-05, 1.71590945683e-05, 1.38032955874e-05, 1.01442037703e-05, 6.64558774588e-06, 5.56410350327e-06, 4.34170669905e-06, 3.08171843244e-06, 2.15843624574e-06, 1.5287611177e-06, 1.34475044433e-06, 8.18424894078e-07, 5.30049931058e-07, 4.94798371165e-07, 2.78403518905e-07],
        "min": [1.30248226924e-05, 5.92660353504e-06, 2.78397095599e-07, 2.38723828261e-07, 4.47537928494e-07, 1.50854498315e-06, 1.7771938019e-06, 1.46292143199e-06, 1.27294481445e-06, 4.03800584081e-07, 1.36356777602e-06, 9.90173589344e-07, 1.32865943669e-06, 6.25423524525e-07, 1.64455252616e-06, 2.53817961493e-06, 1.67909558968e-06, 8.64813330281e-07, 1.48170101966e-06, 9.2298267873e-07, 1.12827069643e-06, 3.5634343476e-07, 7.39003098715e-07, 1.07046128051e-06, 6.39585721274e-07, 4.91945741032e-07, 5.20837204476e-07, 3.99842946308e-07, 2.9435017268e-07, 6.69162545819e-07, 6.24059225629e-07, 4.74179131515e-07, 3.12835851446e-07, 1.55796428203e-07, 3.11558423505e-08, 1.53902615097e-08, 1.23123138351e-08, 7.89589549299e-09, 9.97454296936e-09, 4.85635032188e-10],
