{
"highlevel": {
    "danceability": {
        "all": {
            "danceable": 0.992840111256,
            "not_danceable": 0.0071599134244
        },
        "probability": 0.992840111256,
        "value": "danceable"
    },
    "gender": {
        "all": {
            "female": 0.5,
            "male": 0.5
        },
        "probability": 0.5,
        "value": "female"
    },
    "genre_dortmund": {
        "all": {
            "alternative": 0.116633601487,
            "blues": 0.0183591004461,
            "electronic": 0.0407164767385,
            "folkcountry": 0.051492638886,
            "funksoulrnb": 0.0373398140073,
            "jazz": 0.0594390630722,
            "pop": 0.0668191611767,
            "raphiphop": 0.101412318647,
            "rock": 0.507787823677
        },
        "probability": 0.507787823677,
        "value": "rock"
    },
    "genre_electronic": {
        "all": {
            "ambient": 0.270819991827,
            "dnb": 0.104634843767,
            "house": 0.0396746434271,
            "techno": 0.0206378865987,
            "trance": 0.564232647419
        },
        "probability": 0.564232647419,
        "value": "trance"
    },
    "genre_rosamerica": {
        "all": {
            "cla": 0.00247500557452,
            "dan": 0.488998770714,
            "hip": 0.024602657184,
            "jaz": 0.0033675567247,
            "pop": 0.208428770304,
            "rhy": 0.0103786895052,
            "roc": 0.260904073715,
            "spe": 0.000844469410367
        },
        "probability": 0.488998770714,
        "value": "dan"
    },
    "genre_tzanetakis": {
        "all": {
            "blu": 0.0626613423228,
            "cla": 0.0348169617355,
            "cou": 0.104475811124,
            "dis": 0.0784321576357,
            "hip": 0.15692435205,
            "jaz": 0.313974827528,
            "met": 0.0448166541755,
            "pop": 0.0627359300852,
            "reg": 0.0627360641956,
            "roc": 0.0784258767962
        },
        "probability": 0.313974827528,
        "value": "jaz"
    },
    "ismir04_rhythm": {
        "all": {
            "ChaChaCha": 0.929882705212,
            "Jive": 0.012975028716,
            "Quickstep": 0.00366358761676,
            "Rumba-American": 0.00545973610133,
            "Rumba-International": 0.0109887337312,
            "Rumba-Misc": 0.00118930975441,
            "Samba": 0.0189828369766,
            "Tango": 0.00611873529851,
            "VienneseWaltz": 0.00761936372146,
            "Waltz": 0.00311999116093
        },
        "probability": 0.929882705212,
        "value": "ChaChaCha"
    },
    "mood_acoustic": {
        "all": {
            "acoustic": 4.97957626067e-06,
            "not_acoustic": 0.99999499321
        },
        "probability": 0.99999499321,
        "value": "not_acoustic"
    },
    "mood_aggressive": {
        "all": {
            "aggressive": 0.519925951958,
            "not_aggressive": 0.480074048042
        },
        "probability": 0.519925951958,
        "value": "aggressive"
    },
    "mood_electronic": {
        "all": {
            "electronic": 0.731348752975,
            "not_electronic": 0.268651247025
        },
        "probability": 0.731348752975,
        "value": "electronic"
    },
    "mood_happy": {
        "all": {
            "happy": 0.183733642101,
            "not_happy": 0.816266357899
        },
        "probability": 0.816266357899,
        "value": "not_happy"
    },
    "mood_party": {
        "all": {
            "not_party": 0.160877227783,
            "party": 0.839122772217
        },
        "probability": 0.839122772217,
        "value": "party"
    },
    "mood_relaxed": {
        "all": {
            "not_relaxed": 0.823134422302,
            "relaxed": 0.176865592599
        },
        "probability": 0.823134422302,
        "value": "not_relaxed"
    },
    "mood_sad": {
        "all": {
            "not_sad": 0.840365827084,
            "sad": 0.159634187818
        },
        "probability": 0.840365827084,
        "value": "not_sad"
    },
    "moods_mirex": {
        "all": {
            "Cluster1": 0.473718374968,
            "Cluster2": 0.131861135364,
            "Cluster3": 0.0963369086385,
            "Cluster4": 0.178610727191,
            "Cluster5": 0.119472831488
        },
        "probability": 0.473718374968,
        "value": "Cluster1"
    },
    "timbre": {
        "all": {
            "bright": 0.658205091953,
            "dark": 0.341794908047
        },
        "probability": 0.658205091953,
        "value": "bright"
    },
    "tonal_atonal": {
        "all": {
            "atonal": 0.343577623367,
            "tonal": 0.656422376633
        },
        "probability": 0.656422376633,
        "value": "tonal"
    },
    "voice_instrumental": {
        "all": {
            "instrumental": 0.0174249559641,
            "voice": 0.982575058937
        },
        "probability": 0.982575058937,
        "value": "voice"
    }
},
"lowlevel": {
    "average_loudness": 0.850403308868,
    "barkbands_crest": {
        "dmean": 2.77233481407,
        "dmean2": 4.38193893433,
        "dvar": 6.4728884697,
        "dvar2": 15.9092559814,
        "max": 25.5109882355,
        "mean": 10.854516983,
        "median": 10.1362600327,
        "min": 2.31921935081,
        "var": 20.9933452606
    },
    "barkbands_flatness_db": {
        "dmean": 0.0188938844949,
        "dmean2": 0.0297405030578,
        "dvar": 0.000372476613848,
        "dvar2": 0.000890433904715,
        "max": 0.38771879673,
        "mean": 0.136833921075,
        "median": 0.120412364602,
        "min": 0.0328506939113,
        "var": 0.00452093267813
    },
    "barkbands_kurtosis": {
        "dmean": 2.19601726532,
        "dmean2": 3.62624955177,
        "dvar": 23.0062065125,
        "dvar2": 64.0610809326,
        "max": 89.7564926147,
        "mean": 3.28062129021,
        "median": 1.03779983521,
        "min": -1.78940367699,
        "var": 40.2687416077
    },
    "barkbands_skewness": {
        "dmean": 0.446250885725,
        "dmean2": 0.702320158482,
        "dvar": 0.241407960653,
        "dvar2": 0.600018680096,
        "max": 7.44651079178,
        "mean": 1.17158532143,
        "median": 0.932587146759,
        "min": -4.4670715332,
        "var": 1.24101471901
    },
    "barkbands_spread": {
        "dmean": 4.69333457947,
        "dmean2": 7.71222734451,
        "dvar": 29.5198307037,
        "dvar2": 71.9732513428,
        "max": 67.8885650635,
        "mean": 26.5810070038,
        "median": 30.4366760254,
        "min": 0.857407033443,
        "var": 240.369049072
    },
    "dissonance": {
        "dmean": 0.0212240424007,
        "dmean2": 0.0351352468133,
        "dvar": 0.000538894440979,
        "dvar2": 0.00129773898516,
        "max": 0.499856650829,
        "mean": 0.457634150982,
        "median": 0.466865748167,
        "min": 0.186287522316,
        "var": 0.00133264111355
    },
    "dynamic_complexity": 5.42226219177,
    "erbbands_crest": {
        "dmean": 2.39682197571,
        "dmean2": 3.92252016068,
        "dvar": 4.94261312485,
        "dvar2": 12.3406467438,
        "max": 31.0667705536,
        "mean": 8.90572547913,
        "median": 7.6153254509,
        "min": 2.31933426857,
        "var": 22.1252765656
    },
    "erbbands_flatness_db": {
        "dmean": 0.0142823746428,
        "dmean2": 0.021910412237,
        "dvar": 0.000208869096241,
        "dvar2": 0.000431966182077,
        "max": 0.437636554241,
        "mean": 0.16169834137,
        "median": 0.13948713243,
        "min": 0.0650607272983,
        "var": 0.00402040826157
    },
    "erbbands_kurtosis": {
        "dmean": 1.10560119152,
        "dmean2": 1.75734996796,
        "dvar": 4.898250103,
        "dvar2": 11.4356365204,
        "max": 45.2301979065,
        "mean": 1.39555346966,
        "median": 0.0207514762878,
        "min": -1.82107424736,
        "var": 16.4871883392
    },
    "erbbands_skewness": {
        "dmean": 0.302087306976,
        "dmean2": 0.489749163389,
        "dvar": 0.0793108567595,
        "dvar2": 0.202608808875,
        "max": 3.90609502792,
        "mean": 0.631232738495,
        "median": 0.49675771594,
        "min": -1.21000337601,
        "var": 0.360141277313
    },
    "erbbands_spread": {
        "dmean": 6.30562353134,
        "dmean2": 10.0624847412,
        "dvar": 46.6063346863,
        "dvar2": 105.015892029,
        "max": 84.8302841187,
        "mean": 33.6919670105,
        "median": 34.8274230957,
        "min": 0.798997402191,
        "var": 230.219451904
    },
    "hfc": {
        "dmean": 7.5085439682,
        "dmean2": 11.9359149933,
        "dvar": 140.990020752,
        "dvar2": 348.915710449,
        "max": 175.929244995,
        "mean": 35.5827064514,
        "median": 37.9385681152,
        "min": 0.000550840166397,
        "var": 915.655944824
    },
    "melbands_crest": {
        "dmean": 3.26285147667,
        "dmean2": 5.03428649902,
        "dvar": 9.3401889801,
        "dvar2": 21.4528064728,
        "max": 32.7651176453,
        "mean": 15.9246139526,
        "median": 15.0183057785,
        "min": 3.26251840591,
        "var": 42.1417655945
    },
    "melbands_flatness_db": {
        "dmean": 0.0228946022689,
        "dmean2": 0.0357795916498,
        "dvar": 0.000605369103141,
        "dvar2": 0.00141383940354,
        "max": 0.500345647335,
        "mean": 0.178722530603,
        "median": 0.166211694479,
        "min": 0.050557859242,
        "var": 0.00630415743217
    },
    "melbands_kurtosis": {
        "dmean": 4.90483522415,
        "dmean2": 8.08105182648,
        "dvar": 72.7745742798,
        "dvar2": 191.672744751,
        "max": 112.06879425,
        "mean": 9.18173217773,
        "median": 4.63467597961,
        "min": -0.842628240585,
        "var": 153.593261719
    },
    "melbands_skewness": {
        "dmean": 0.619176983833,
        "dmean2": 0.983544051647,
        "dvar": 0.428116172552,
        "dvar2": 1.0114287138,
        "max": 8.08931446075,
        "mean": 2.01499819756,
        "median": 1.76494801044,
        "min": -3.66089558601,
        "var": 2.37186002731
    },
    "melbands_spread": {
        "dmean": 6.59183597565,
        "dmean2": 10.5012845993,
        "dvar": 69.6792068481,
        "dvar2": 158.149749756,
        "max": 139.778381348,
        "mean": 28.4118785858,
        "median": 25.4363937378,
        "min": 0.786553442478,
        "var": 340.182769775
    },
    "pitch_salience": {
        "dmean": 0.0757661163807,
        "dmean2": 0.121109753847,
        "dvar": 0.0055337739177,
        "dvar2": 0.0143331456929,
        "max": 0.833230018616,
        "mean": 0.533043265343,
        "median": 0.540270149708,
        "min": 0.149176955223,
        "var": 0.0143013736233
    },
    "silence_rate_20dB": {
        "dmean": 0,
        "dmean2": 0,
        "dvar": 0,
        "dvar2": 0,
        "max": 1,
        "mean": 1,
        "median": 1,
        "min": 1,
        "var": 0
    },
    "silence_rate_30dB": {
        "dmean": 0.00464396271855,
        "dmean2": 0.00929511990398,
        "dvar": 0.00462232530117,
        "dvar2": 0.0123073412105,
        "max": 1,
        "mean": 0.996906399727,
        "median": 1,
        "min": 0,
        "var": 0.00308398506604
    },
    "silence_rate_60dB": {
        "dmean": 0.0278637763113,
        "dmean2": 0.0557707212865,
        "dvar": 0.0270874239504,
        "dvar2": 0.0635047107935,
        "max": 1,
        "mean": 0.205723121762,
        "median": 0,
        "min": 0,
        "var": 0.163401648402
    },
    "spectral_centroid": {
        "dmean": 203.517196655,
        "dmean2": 325.103973389,
        "dvar": 55676.8046875,
        "dvar2": 138439.78125,
        "max": 3763.54492188,
        "mean": 1573.3338623,
        "median": 1768.37683105,
        "min": 189.823883057,
        "var": 418032
    },
    "spectral_complexity": {
        "dmean": 3.1068110466,
        "dmean2": 4.81642150879,
        "dvar": 10.5628423691,
        "dvar2": 24.0488891602,
        "max": 54,
        "mean": 23.636505127,
        "median": 28,
        "min": 0,
        "var": 241.792175293
    },
    "spectral_decrease": {
        "dmean": 1.9368584514e-09,
        "dmean2": 3.07990233317e-09,
        "dvar": 8.34426880155e-18,
        "dvar2": 2.16034926017e-17,
        "max": -9.78558461475e-14,
        "mean": -7.71086661189e-09,
        "median": -6.96062718575e-09,
        "min": -2.79951635207e-08,
        "var": 4.51995474937e-17
    },
    "spectral_energy": {
        "dmean": 0.00769640691578,
        "dmean2": 0.0122343692929,
        "dvar": 0.000127351770061,
        "dvar2": 0.000328214344336,
        "max": 0.111729070544,
        "mean": 0.0323299989104,
        "median": 0.0311546158046,
        "min": 4.1929322947e-07,
        "var": 0.000750266306568
    },
    "spectral_energyband_high": {
        "dmean": 0.00056035007583,
        "dmean2": 0.000895284174476,
        "dvar": 9.35231582844e-07,
        "dvar2": 2.17809656533e-06,
        "max": 0.0142620615661,
        "mean": 0.00219253404066,
        "median": 0.00198250869289,
        "min": 1.59231987595e-08,
        "var": 4.91602895636e-06
    },
    "spectral_energyband_low": {
        "dmean": 0.00522376457229,
        "dmean2": 0.00840483419597,
        "dvar": 0.000126648475998,
        "dvar2": 0.000319020997267,
        "max": 0.0947013050318,
        "mean": 0.0132575007156,
        "median": 0.00361131574027,
        "min": 6.95224677827e-09,
        "var": 0.000386345171137
    },
    "spectral_energyband_middle_high": {
        "dmean": 0.00274307676591,
        "dmean2": 0.00446026772261,
        "dvar": 1.23464269564e-05,
        "dvar2": 3.27172092511e-05,
        "max": 0.035925924778,
        "mean": 0.00939101167023,
        "median": 0.00984838604927,
        "min": 2.16396927044e-07,
        "var": 5.84190347581e-05
    },
    "spectral_energyband_middle_low": {
        "dmean": 0.00384182482958,
        "dmean2": 0.00639527291059,
        "dvar": 4.93746811117e-05,
        "dvar2": 0.000136781745823,
        "max": 0.0601679012179,
        "mean": 0.00814915914088,
        "median": 0.00622448744252,
        "min": 1.56655644901e-07,
        "var": 7.21028336557e-05
    },
    "spectral_entropy": {
        "dmean": 0.122804231942,
        "dmean2": 0.186537146568,
        "dvar": 0.0195961296558,
        "dvar2": 0.0418846830726,
        "max": 8.56225967407,
        "mean": 7.64535665512,
        "median": 7.8878660202,
        "min": 5.37009429932,
        "var": 0.330759227276
    },
    "spectral_flux": {
        "dmean": 0.0213716439903,
        "dmean2": 0.0316798873246,
        "dvar": 0.00077829422662,
        "dvar2": 0.00126267794985,
        "max": 0.330954998732,
        "mean": 0.0849779546261,
        "median": 0.0861250162125,
        "min": 0.000353776034899,
        "var": 0.00351148261689
    },
    "spectral_kurtosis": {
        "dmean": 1.47298038006,
        "dmean2": 2.44986486435,
        "dvar": 8.5241394043,
        "dvar2": 22.0312519073,
        "max": 44.4542579651,
        "mean": 4.55989837646,
        "median": 2.73654842377,
        "min": -0.920073986053,
        "var": 30.4101295471
    },
    "spectral_rms": {
        "dmean": 0.000614888675045,
        "dmean2": 0.000962775142398,
        "dvar": 5.31184014108e-07,
        "dvar2": 1.3244150523e-06,
        "max": 0.0104404967278,
        "mean": 0.00490123033524,
        "median": 0.00551314326003,
        "min": 2.02253941097e-05,
        "var": 7.51948118705e-06
    },
    "spectral_rolloff": {
        "dmean": 485.014709473,
        "dmean2": 821.082092285,
        "dvar": 783309.375,
        "dvar2": 1746804.625,
        "max": 11046.5332031,
        "mean": 1831.68945312,
        "median": 1528.85742188,
        "min": 64.599609375,
        "var": 2323808.25
    },
    "spectral_skewness": {
        "dmean": 0.186694726348,
        "dmean2": 0.30170571804,
        "dvar": 0.0580399744213,
        "dvar2": 0.14156575501,
        "max": 5.22136592865,
        "mean": 1.61617863178,
        "median": 1.39725375175,
        "min": 0.0690989047289,
        "var": 0.399792164564
    },
    "spectral_spread": {
        "dmean": 484751.09375,
        "dmean2": 752351.625,
        "dvar": 337667031040,
        "dvar2": 651797331968,
        "max": 14224392,
        "mean": 5081047,
        "median": 5195014.5,
        "min": 1384097.5,
        "var": 2.27271088538e+12
    },
    "spectral_strongpeak": {
        "dmean": 0.421855390072,
        "dmean2": 0.724679172039,
        "dvar": 0.518756330013,
        "dvar2": 1.31128144264,
        "max": 6.32669353485,
        "mean": 0.911817371845,
        "median": 0.532098531723,
        "min": 0,
        "var": 1.04718208313
    },
    "zerocrossingrate": {
        "dmean": 0.00934007950127,
        "dmean2": 0.0114199565724,
        "dvar": 0.000148739229189,
        "dvar2": 0.000169684877619,
        "max": 0.2822265625,
        "mean": 0.0766318365932,
        "median": 0.07177734375,
        "min": 0.00390625,
        "var": 0.00177576090209
    },
    "barkbands": {
        "dmean": [0.000280574691715, 0.00467958720401, 0.00156129186507, 0.000660811085254, 0.00123143056408, 0.000367530272342, 0.000761668605264, 0.00106991524808, 0.00101813231595, 0.00121748179663, 0.000914556148928, 0.000715185131412, 0.000494685955346, 0.000683702412061, 0.000409082596889, 0.000298270315398, 0.000343138119206, 0.000192195017007, 0.000177353125764, 0.00017735172878, 0.000147770129843, 0.000133996669319, 0.000144327335875, 0.000148084538523, 0.000124788522953, 9.64265200309e-05, 2.31630579606e-07],
        "dmean2": [0.000295894802548, 0.00719137350097, 0.00283202109858, 0.00121544371359, 0.00216893665493, 0.000612924050074, 0.00115690298844, 0.00164657947607, 0.00160308252089, 0.0019074982265, 0.00149484048598, 0.00118155626114, 0.000834092905279, 0.00115609599743, 0.000688887084834, 0.000490078993607, 0.000581730681006, 0.000319482700434, 0.000301674765069, 0.000301861524349, 0.000239576111198, 0.000218451736146, 0.000246331532253, 0.000241966190515, 0.000202433642698, 0.000154472829308, 4.03419676331e-07],
        "dvar": [4.44326275328e-07, 0.000102160447568, 3.42402308888e-05, 7.08284233042e-06, 1.52197135321e-05, 7.8077971466e-07, 1.65228675542e-06, 3.82963071388e-06, 3.51140215571e-06, 4.34479079559e-06, 2.39159635385e-06, 1.2859193248e-06, 7.04639262494e-07, 1.39910150665e-06, 5.74461580527e-07, 2.39423485482e-07, 2.96211680961e-07, 7.37898488978e-08, 6.56733760707e-08, 7.17820185514e-08, 4.31311448779e-08, 3.76157274218e-08, 6.85857131089e-08, 6.96283848356e-08, 3.77352264991e-08, 3.40313590641e-08, 2.6073934678e-13],
        "dvar2": [4.91539765335e-07, 0.00025231752079, 9.71323388512e-05, 2.06345703191e-05, 4.21058903157e-05, 2.16195689973e-06, 3.56315695171e-06, 9.11640290724e-06, 8.18804892333e-06, 1.09368820631e-05, 5.93483719058e-06, 3.18285333378e-06, 1.79940002454e-06, 3.73574448531e-06, 1.60291926932e-06, 6.53673566831e-07, 8.1363003801e-07, 2.0161746761e-07, 1.8812080782e-07, 2.00489878921e-07, 1.14638410764e-07, 9.54091561312e-08, 1.89398434713e-07, 1.82357794642e-07, 9.11394124614e-08, 8.19815539899e-08, 7.16213709433e-13],
        "max": [0.00762497633696, 0.0835568010807, 0.0421573892236, 0.0251970291138, 0.0300382357091, 0.0103496862575, 0.0149550456554, 0.0208452194929, 0.0234260391444, 0.0255456138402, 0.0181795824319, 0.014946827665, 0.0104931462556, 0.0145318033174, 0.00778478290886, 0.00483459653333, 0.00599117297679, 0.00356129277498, 0.00249639851972, 0.00310979573987, 0.00263993325643, 0.00273688673042, 0.00367127079517, 0.00365503807552, 0.0022656545043, 0.00236047292128, 5.79166271564e-06],
        "mean": [0.000628471781965, 0.010810575448, 0.00150630262215, 0.000584708817769, 0.00111651222687, 0.000538222084288, 0.00134650699329, 0.00184446200728, 0.00206449977122, 0.00204849522561, 0.00140766287223, 0.00128743855748, 0.000809853489045, 0.00120420474559, 0.000705763173755, 0.000566381844692, 0.000720121955965, 0.000381879275665, 0.000358216435416, 0.000429267296568, 0.000416312948801, 0.000381488149287, 0.00034917271114, 0.000347624387359, 0.00028605631087, 0.00018960449961, 2.28171600725e-07],
        "median": [1.80355673365e-05, 0.00219012005255, 0.000213274557609, 0.000121309960377, 0.00027039469569, 0.000204516458325, 0.000503220537212, 0.000670095963869, 0.000778857502155, 0.000910928240046, 0.000725046731532, 0.000571062439121, 0.000364801089745, 0.000597368751187, 0.000352189206751, 0.000308923219563, 0.000521469104569, 0.000306330999592, 0.000289754330879, 0.000399842829211, 0.00036439759424, 0.00034850652446, 0.000289168907329, 0.000263324443949, 0.000162159733009, 6.50861329632e-05, 1.18915286507e-08],
        "min": [1.3285171574e-11, 3.85994880503e-09, 1.06162474645e-11, 5.78816786168e-11, 5.41903910634e-10, 2.69107669482e-09, 1.56015449448e-08, 2.27134844266e-09, 3.12995744878e-08, 2.24858620612e-08, 4.37412861487e-09, 7.31720550817e-09, 1.96279756892e-08, 2.45617997052e-08, 3.4972549301e-09, 2.23305129943e-09, 3.47818152058e-09, 1.16442100406e-09, 6.69902411321e-10, 1.37664057931e-09, 2.05446415436e-09, 2.32706609538e-09, 2.44110442971e-09, 1.56695989517e-09, 3.65653427675e-12, 5.43586963636e-12, 6.21885485816e-12],
        "var": [2.23621532314e-06, 0.000293836317724, 2.66928946075e-05, 4.12996951127e-06, 1.05988510768e-05, 9.18905413982e-07, 4.0446834646e-06, 8.39270433062e-06, 1.04876289697e-05, 8.04254341347e-06, 4.10915254179e-06, 3.55203155777e-06, 1.44650732636e-06, 2.88422597805e-06, 9.80866047939e-07, 5.4658079307e-07, 6.76096419738e-07, 1.61782438113e-07, 1.47530158756e-07, 1.99602553153e-07, 1.78384809146e-07, 1.48437649727e-07, 1.51243170876e-07, 1.66912670352e-07, 1.18435359298e-07, 8.60220481513e-08, 2.86091923806e-13]
    },
    "erbbands": {
        "dmean": [0.180961415172, 1.03141784668, 1.86631405354, 1.91481459141, 3.21464800835, 4.43315982819, 3.00403928757, 3.32720327377, 8.95829391479, 18.9600410461, 21.0984134674, 20.0267066956, 34.4025344849, 29.1165676117, 32.2689552307, 26.8891582489, 22.9803142548, 31.4356918335, 20.9716415405, 19.1902809143, 14.2536611557, 18.637840271, 9.77834129333, 11.3466072083, 7.76446771622, 7.38548517227, 6.19192457199, 6.17119169235, 5.03403282166, 4.53662919998, 4.12628364563, 3.33972930908, 2.56198382378, 1.66647064686, 0.919357419014, 0.545214235783, 0.181009173393, 0.0163792259991, 0.000293845165288, 2.0174709789e-05],
        "dmean2": [0.247339531779, 1.63049650192, 3.23563933372, 3.44734430313, 5.70066356659, 8.00835323334, 5.18414640427, 5.33171033859, 13.4501132965, 29.1528129578, 32.759853363, 31.8334598541, 54.0125923157, 47.4187011719, 53.4027328491, 43.9544067383, 38.2578392029, 53.1484489441, 35.1076164246, 32.2401771545, 23.3890190125, 31.5786571503, 16.0921459198, 19.8207645416, 13.1447429657, 12.4377775192, 10.1072177887, 10.0322542191, 8.20346736908, 7.645008564, 7.08807134628, 5.58467483521, 4.19734525681, 2.77000999451, 1.5007584095, 0.884788513184, 0.287029981613, 0.026522886008, 0.000471805251436, 3.22058876918e-05],
        "dvar": [0.155199885368, 5.44015932083, 40.9574775696, 56.4584960938, 115.417373657, 218.071472168, 83.8910903931, 58.0147361755, 255.919235229, 1136.37939453, 1475.10717773, 1466.26086426, 3467.87182617, 2669.51049805, 3567.77709961, 1796.78991699, 1274.75695801, 3203.0769043, 1083.39892578, 896.733581543, 463.247497559, 918.0546875, 201.379486084, 319.525115967, 130.933624268, 139.820526123, 81.8282928467, 83.9114837646, 56.3102874756, 47.3387298584, 55.1424255371, 38.6556510925, 18.7211532593, 7.02254581451, 2.24092245102, 1.20436346531, 0.110889077187, 0.000999881071039, 3.04681122998e-07, 1.10883580096e-09],
        "dvar2": [0.325638890266, 13.3028717041, 112.71761322, 162.104171753, 324.519836426, 608.141052246, 232.652984619, 153.786849976, 524.914794922, 2578.06420898, 3573.03442383, 3312.02856445, 8672.7421875, 6959.2734375, 8802.67285156, 4309.45605469, 3355.30712891, 8551.89550781, 2964.16650391, 2550.41357422, 1255.48193359, 2574.30810547, 540.04083252, 916.901428223, 343.866638184, 383.87399292, 222.79598999, 214.955871582, 148.994644165, 122.753608704, 154.743255615, 104.660301208, 48.4965934753, 17.186964035, 5.87454795837, 3.07085204124, 0.273731529713, 0.0023820605129, 7.06950231688e-07, 2.44199949151e-09],
        "max": [4.28325510025, 22.2080249786, 51.5241088867, 66.7162094116, 93.8349838257, 136.549667358, 99.282951355, 95.5321044922, 225.453186035, 400.530761719, 563.653015137, 649.993713379, 699.403869629, 800.967041016, 747.600280762, 710.348022461, 413.335296631, 602.342468262, 330.32913208, 278.218780518, 227.423278809, 398.291534424, 224.232147217, 179.492416382, 142.018875122, 179.78944397, 110.538673401, 134.952453613, 105.602378845, 102.088798523, 93.7748260498, 82.8452453613, 55.7427520752, 31.7575130463, 18.4655570984, 13.362364769, 3.37402367592, 0.431401699781, 0.00712762726471, 0.000407134793932],
        "mean": [0.420129805803, 1.9614238739, 2.09505915642, 1.94598221779, 2.85915327072, 3.80161499977, 3.49472475052, 5.32921171188, 16.1159496307, 33.3744697571, 42.8701210022, 41.5795860291, 61.1820487976, 50.3976898193, 51.8617630005, 52.0192184448, 43.0170326233, 56.7687606812, 42.3834838867, 38.0908241272, 30.9383239746, 40.2542037964, 22.172039032, 22.6377315521, 17.8011016846, 18.1401481628, 16.3264446259, 17.0806884766, 13.8865480423, 12.2437820435, 9.53595352173, 7.49439048767, 5.52624082565, 3.50514745712, 1.94189929962, 0.97403293848, 0.335782259703, 0.0257358718663, 0.000541563378647, 7.0929483627e-05],
        "median": [0.0614264123142, 0.336083978415, 0.443558305502, 0.446569114923, 0.617473840714, 0.767501413822, 1.24190735817, 1.93517315388, 5.76488256454, 13.0811185837, 18.4428024292, 16.1731815338, 29.218755722, 30.770067215, 25.6874465942, 25.0873374939, 25.9202365875, 31.5811328888, 31.5557422638, 26.884147644, 22.6376457214, 29.9459495544, 19.3899936676, 18.3956661224, 15.7746181488, 15.1583652496, 15.4306268692, 15.3487119675, 12.4922628403, 11.1168375015, 7.95424127579, 5.95259571075, 3.89137530327, 2.13058757782, 1.02811443806, 0.337390363216, 0.102095842361, 0.00530410232022, 0.000168765473063, 6.04445667705e-05],
        "min": [1.47154324281e-07, 9.13276949177e-07, 2.72633513987e-07, 2.62457263034e-07, 7.30785757241e-07, 2.02431783691e-06, 2.3969767426e-05, 3.58589240932e-05, 0.000186295685126, 0.000193083731574, 0.000185121010873, 0.000574533361942, 0.00137635797728, 0.000553773134016, 0.00024010083871, 0.000384999875678, 0.0013024834916, 0.00134774693288, 0.0010193020571, 0.000256875122432, 0.000140881951666, 0.000174796121428, 8.81250743987e-05, 4.22177508881e-05, 4.00288372475e-05, 6.43755483907e-05, 7.2430477303e-05, 8.10510973679e-05, 0.000102582729596, 9.60124089033e-05, 6.23056330369e-05, 3.91646863136e-05, 1.80851839104e-05, 6.24057020104e-06, 1.34836398047e-06, 1.96068867808e-07, 2.77704046425e-08, 5.58372681425e-09, 1.69873826117e-09, 6.86645795778e-10],
        "var": [0.607107102871, 10.2381658554, 35.9320449829, 38.2858314514, 73.8485641479, 147.32623291, 69.7262573242, 88.3528213501, 696.907165527, 2524.47216797, 4310.73144531, 4191.59619141, 7233.62890625, 4478.08789062, 6410.54443359, 5970.06591797, 2903.71875, 6564.62402344, 2535.56030273, 1933.14733887, 1229.9519043, 2117.84008789, 520.814880371, 606.039550781, 337.424743652, 404.508575439, 285.428955078, 317.223449707, 200.940963745, 162.560516357, 110.319084167, 78.3343276978, 44.7755813599, 18.8500556946, 5.91323709488, 2.40091848373, 0.267223268747, 0.00202028034255, 7.211015145e-07, 4.85454210164e-09]
    },
    "gfcc": {
        "mean": [-10.7737112045, 68.5256881714, -128.65953064, 19.5092868805, -69.0572738647, 29.7295646667, -30.1460952759, 19.9687194824, -18.3254890442, 6.7734708786, -19.1297645569, 0.94745349884, -11.3628778458],
        "cov": [[21991.4003906, -5486.67724609, 154.778503418, 755.543029785, 398.41708374, 713.521057129, -257.574798584, 1616.18273926, -251.616271973, 1754.3515625, 27.0459537506, 1118.40270996, -544.612060547], [-5486.67724609, 2251.06347656, -149.457427979, -74.3011779785, 84.9625244141, -189.747055054, 210.246932983, -512.797180176, 137.049179077, -594.34777832, 123.835258484, -373.698974609, 223.658905029], [154.778503418, -149.457427979, 499.044403076, 269.426055908, 188.40927124, 148.681274414, -32.4016494751, 19.2496891022, 33.8539199829, 83.0803527832, -80.457069397, 24.36876297, -15.7591171265], [755.543029785, -74.3011779785, 269.426055908, 479.062255859, 347.395935059, 275.241394043, 63.5402793884, 90.0515136719, 147.457778931, 156.441329956, 52.5865859985, 42.8206939697, 52.9465103149], [398.41708374, 84.9625244141, 188.40927124, 347.395935059, 534.499572754, 295.021636963, 158.761306763, 101.880661011, 197.241287231, 167.977264404, 85.8917312622, 39.214138031, 42.5595626831], [713.521057129, -189.747055054, 148.681274414, 275.241394043, 295.021636963, 347.245941162, 140.719512939, 137.109924316, 155.186981201, 188.744110107, 91.4134674072, 58.6925125122, 16.8967933655], [-257.574798584, 210.246932983, -32.4016494751, 63.5402793884, 158.761306763, 140.719512939, 241.046035767, 64.8036346436, 131.459594727, 31.0217380524, 106.156684875, -1.86383533478, 39.8613319397], [1616.18273926, -512.797180176, 19.2496891022, 90.0515136719, 101.880661011, 137.109924316, 64.8036346436, 262.524871826, 68.0220565796, 221.309616089, 43.6401329041, 125.827461243, -23.0491924286], [-251.616271973, 137.049179077, 33.8539199829, 147.457778931, 197.241287231, 155.186981201, 131.459594727, 68.0220565796, 242.532455444, 94.8219146729, 90.5143585205, 14.4476499557, 49.1351966858], [1754.3515625, -594.34777832, 83.0803527832, 156.441329956, 167.977264404, 188.744110107, 31.0217380524, 221.309616089, 94.8219146729, 345.339569092, 70.3825302124, 147.638061523, -40.8084373474], [27.0459537506, 123.835258484, -80.457069397, 52.5865859985, 85.8917312622, 91.4134674072, 106.156684875, 43.6401329041, 90.5143585205, 70.3825302124, 169.834259033, 38.5596427917, 40.6398010254], [1118.40270996, -373.698974609, 24.36876297, 42.8206939697, 39.214138031, 58.6925125122, -1.86383533478, 125.827461243, 14.4476499557, 147.638061523, 38.5596427917, 158.110610962, 1.30089759827], [-544.612060547, 223.658905029, -15.7591171265, 52.9465103149, 42.5595626831, 16.8967933655, 39.8613319397, -23.0491924286, 49.1351966858, -40.8084373474, 40.6398010254, 1.30089759827, 123.499603271]],
        "icov": [[0.0001781207975, 0.000285313348286, 0.000244060807745, -0.000428775179898, -0.000130903179524, 0.000207451405004, -4.37981616415e-05, -0.000362613733159, 0.000340541417245, -8.80171774043e-06, -0.000114985989057, -0.000261303561274, 0.00034912826959], [0.000285313348286, 0.00409639067948, -0.000273733690847, -0.000496976892464, -0.00208343775012, 0.00302002229728, -0.00194180465769, 0.00270520220511, -0.00128473248333, 0.00340810930356, -0.00409003719687, 0.00300607318059, -0.00159433530644], [0.000244060807745, -0.000273733690847, 0.00449399324134, -0.00270110392012, 4.91026685268e-06, -0.00110374193173, 0.000183704018127, 0.000355106778443, 0.000764931261074, -0.00101572019048, 0.00363677716814, -0.00222831615247, 0.00164652918465], [-0.000428775179898, -0.000496976892464, -0.00270110392012, 0.00774952443317, -0.00197006296366, -0.00309739354998, 0.00241695111617, 0.000148129707668, -0.00133025832474, 0.000128929139464, -0.00112878461368, 0.0020291772671, -0.00338567863218], [-0.000130903179524, -0.00208343775012, 4.91026685268e-06, -0.00197006296366, 0.00604070676491, -0.00274253473617, -0.000876749574672, -0.000462662428617, -0.000341263337759, -0.002734383801, 0.00272401189432, -0.00167495338246, 0.000884744920768], [0.000207451405004, 0.00302002229728, -0.00110374193173, -0.00309739354998, -0.00274253473617, 0.0117881475016, -0.0045232209377, 0.00114670454059, -0.00126818625722, 0.000308517395752, -0.00423713028431, 0.00288222916424, -0.000390700966818], [-4.37981616415e-05, -0.00194180465769, 0.000183704018127, 0.00241695111617, -0.000876749574672, -0.0045232209377, 0.0112975165248, -0.00534552754834, -0.00148299022112, 0.0018615181325, -0.0022110089194, 0.000253427395364, 0.000517658016179], [-0.000362613733159, 0.00270520220511, 0.000355106778443, 0.000148129707668, -0.000462662428617, 0.00114670454059, -0.00534552754834, 0.0151515351608, -0.00249234656803, -0.00237391074188, 0.000291880423902, -0.00117953005247, -0.00183716171887], [0.000340541417245, -0.00128473248333, 0.000764931261074, -0.00133025832474, -0.000341263337759, -0.00126818625722, -0.00148299022112, -0.00249234656803, 0.00986524205655, -0.00370740098879, 0.000539906381164, -0.00024855605443, -0.000524135481101], [-8.80171774043e-06, 0.00340810930356, -0.00101572019048, 0.000128929139464, -0.002734383801, 0.000308517395752, 0.0018615181325, -0.00237391074188, -0.00370740098879, 0.0144656263292, -0.00662160199136, -0.00085566600319, 0.00190331297927], [-0.000114985989057, -0.00409003719687, 0.00363677716814, -0.00112878461368, 0.00272401189432, -0.00423713028431, -0.0022110089194, 0.000291880423902, 0.000539906381164, -0.00662160199136, 0.0170243196189, -0.006490257103, 0.000320512714097], [-0.000261303561274, 0.00300607318059, -0.00222831615247, 0.0020291772671, -0.00167495338246, 0.00288222916424, 0.000253427395364, -0.00117953005247, -0.00024855605443, -0.00085566600319, -0.006490257103, 0.0178137961775, -0.00610543880612], [0.00034912826959, -0.00159433530644, 0.00164652918465, -0.00338567863218, 0.000884744920768, -0.000390700966818, 0.000517658016179, -0.00183716171887, -0.000524135481101, 0.00190331297927, 0.000320512714097, -0.00610543880612, 0.0142206428573]]
    },
    "melbands": {
        "dmean": [0.0014200930018, 0.0010402072221, 0.000357376324246, 0.000291883945465, 0.000121236298583, 7.8040495282e-05, 0.000140207004733, 0.000222686343477, 0.000192124309251, 0.000124703001347, 0.000181886105565, 0.000126943079522, 0.000102366793726, 6.74882321618e-05, 9.05227861949e-05, 4.85033669975e-05, 6.82914906065e-05, 3.8296351704e-05, 4.06266626669e-05, 2.57692136074e-05, 1.6926727767e-05, 2.29578145081e-05, 1.22765732158e-05, 7.94741390564e-06, 1.04519294837e-05, 5.54635471417e-06, 7.31543423171e-06, 5.61312162972e-06, 4.38494998889e-06, 4.22822813562e-06, 3.92759693568e-06, 3.43462534147e-06, 2.66601341536e-06, 2.80662652585e-06, 2.70001692115e-06, 2.36489631789e-06, 2.21741152018e-06, 1.9982833237e-06, 1.8844132228e-06, 1.48306651226e-06],
        "dmean2": [0.00207064091228, 0.0016925863456, 0.000637880002614, 0.000520917295944, 0.000212076032767, 0.000123491379782, 0.000211259597563, 0.000343595515005, 0.000299118109979, 0.00019751804939, 0.000284383568214, 0.000205786331207, 0.000169497230672, 0.000110617416794, 0.000147453771206, 8.06197640486e-05, 0.00011558051483, 6.51645168546e-05, 6.83144171489e-05, 4.26107108069e-05, 2.84035031655e-05, 3.90218410757e-05, 2.07460034289e-05, 1.33555695356e-05, 1.82268031494e-05, 9.28718873183e-06, 1.25089200083e-05, 9.54525239649e-06, 7.36307038096e-06, 6.83678263158e-06, 6.44649071546e-06, 5.63049025004e-06, 4.4353305384e-06, 4.76997865917e-06, 4.66662277177e-06, 4.04089723816e-06, 3.65020378013e-06, 3.32470244757e-06, 3.12628935717e-06, 2.47015168497e-06],
        "dvar": [9.08459151105e-06, 8.00714769866e-06, 1.79714868409e-06, 9.3082286412e-07, 1.38211490253e-07, 2.92405299973e-08, 5.71404648042e-08, 1.68813144796e-07, 1.34763425308e-07, 5.98675171659e-08, 9.59743502449e-08, 4.87168563268e-08, 3.09220027361e-08, 1.16281135831e-08, 2.35147972205e-08, 9.61171497948e-09, 1.60741464583e-08, 4.39304370659e-09, 6.30423846459e-09, 1.8919337208e-09, 7.88870302415e-10, 1.48387757637e-09, 3.74136471804e-10, 1.28041952041e-10, 2.72129707657e-10, 7.01949678938e-11, 1.25766105863e-10, 7.80752337781e-11, 4.9037714861e-11, 3.64534478992e-11, 3.40446178193e-11, 2.75328058963e-11, 1.39243304387e-11, 2.1955180729e-11, 2.14657267655e-11, 1.88176158683e-11, 1.54642045697e-11, 1.20627978092e-11, 8.49383237356e-12, 5.74478182039e-12],
        "dvar2": [2.16551907215e-05, 2.05913493119e-05, 5.12921451445e-06, 2.58660315922e-06, 3.81378896464e-07, 7.7463226944e-08, 1.19281850175e-07, 3.87138243241e-07, 3.20170954637e-07, 1.35714131488e-07, 2.3988749831e-07, 1.26155924818e-07, 7.69601840034e-08, 2.90339290387e-08, 5.95342619647e-08, 2.44296902707e-08, 4.27537933945e-08, 1.21150627308e-08, 1.77657799583e-08, 5.14383469152e-09, 2.12511785946e-09, 4.13296330493e-09, 1.02404396074e-09, 3.49754919471e-10, 7.86069709324e-10, 1.96939908825e-10, 3.40142969346e-10, 2.16447540446e-10, 1.38880212885e-10, 9.64249305402e-11, 8.87113299486e-11, 7.42267844411e-11, 3.57392414274e-11, 5.92160764867e-11, 6.10454603533e-11, 5.24592314033e-11, 4.12022846397e-11, 3.17714396458e-11, 2.18069676899e-11, 1.47581512983e-11],
        "max": [0.0292701739818, 0.0241647548974, 0.0120253795758, 0.00740595906973, 0.00401306524873, 0.0020919861272, 0.00297326222062, 0.00496927509084, 0.00512234633788, 0.00430083554238, 0.00352370273322, 0.00304627115838, 0.00203637476079, 0.00188589573372, 0.00170360715128, 0.00142796046566, 0.00140132801607, 0.000716815295164, 0.000814965402242, 0.000416605354985, 0.000366611493519, 0.000526271702256, 0.000234976192587, 0.000112691304821, 0.000160711570061, 8.13129299786e-05, 0.000116248782433, 0.000108766435005, 8.47143892315e-05, 9.53032867983e-05, 8.91295931069e-05, 6.65448023938e-05, 4.40508520114e-05, 6.99660668033e-05, 5.82342727284e-05, 4.5262495405e-05, 5.12281585543e-05, 5.09930141561e-05, 3.10108880512e-05, 2.98916856991e-05],
        "mean": [0.0033288388513, 0.0016244702274, 0.000362034450518, 0.000253050820902, 0.000132525077788, 0.000126408442156, 0.000249296019319, 0.000378978293156, 0.00038966856664, 0.00025173596805, 0.000313993543386, 0.000213387029362, 0.000163453514688, 0.000125117527205, 0.000150247142301, 7.74372674641e-05, 0.00011522864952, 6.92625108059e-05, 6.45187392365e-05, 4.59264228994e-05, 3.24568063661e-05, 4.61701056338e-05, 2.51211222349e-05, 1.62564829225e-05, 1.90857372218e-05, 1.11662984636e-05, 1.46689444591e-05, 1.1850397641e-05, 1.00546631074e-05, 1.07197238322e-05, 9.24216965359e-06, 8.0980180428e-06, 6.79657887304e-06, 6.77273601468e-06, 5.68634868614e-06, 4.8230167522e-06, 4.54451901533e-06, 4.00152111979e-06, 3.40581686942e-06, 2.79481582766e-06],
        "median": [0.000569714757148, 0.000392831425415, 8.47167684697e-05, 5.77954924665e-05, 4.37687667727e-05, 4.56803791167e-05, 8.52550001582e-05, 0.000132518223836, 0.000154437744641, 9.18389414437e-05, 0.000142742443131, 0.000116802853881, 8.46611656016e-05, 5.71269411012e-05, 5.94270168222e-05, 2.85727801383e-05, 5.38308449904e-05, 4.32606757386e-05, 2.80080239463e-05, 1.93969026441e-05, 1.9825214622e-05, 3.00271076412e-05, 1.93084651983e-05, 1.3146850506e-05, 1.3894697986e-05, 8.07350988907e-06, 1.13373807835e-05, 8.19537399366e-06, 8.92312800715e-06, 8.64095636643e-06, 7.58443138693e-06, 6.70785266266e-06, 5.78491426495e-06, 5.74672321818e-06, 4.73881891594e-06, 3.84300165024e-06, 3.17669946526e-06, 2.77149752037e-06, 1.89420836705e-06, 1.55899772381e-06],
        "min": [1.24919707911e-09, 6.77904843371e-10, 3.44418521481e-11, 3.72638656043e-11, 6.13004091932e-10, 4.22244683662e-10, 3.35805516727e-09, 1.79484582752e-09, 1.533944749e-09, 3.79014863938e-09, 5.56804913288e-09, 1.85260295993e-09, 5.15460285566e-10, 5.80318348931e-10, 6.46467102072e-10, 1.77829984072e-09, 2.73719202859e-09, 1.85226955995e-09, 3.03762404119e-10, 2.02246497327e-10, 1.59280255652e-10, 1.34087768666e-10, 1.4055748232e-10, 4.63136126672e-11, 2.45723337511e-11, 2.64417342188e-11, 3.18628387563e-11, 4.33685483359e-11, 3.94566046502e-11, 4.85412023077e-11, 4.03730382459e-11, 4.9317567391e-11, 4.12307167574e-11, 4.8104659145e-11, 3.40258168863e-11, 1.87979180832e-11, 1.25102792708e-12, 9.76028893124e-12, 3.62570928413e-14, 2.56603650817e-14],
