{
"highlevel": {
    "danceability": {
        "all": {
            "danceable": 0.712930142879,
            "not_danceable": 0.287069857121
        },
        "probability": 0.712930142879,
        "value": "danceable"
    },
    "gender": {
        "all": {
            "female": 0.0841554999352,
            "male": 0.915844500065
        },
        "probability": 0.915844500065,
        "value": "male"
    },
    "genre_dortmund": {
        "all": {
            "alternative": 0.148598507047,
            "blues": 0.0539799667895,
            "electronic": 0.0249930992723,
            "folkcountry": 0.0517816543579,
            "funksoulrnb": 0.0190049596131,
            "jazz": 0.0200677625835,
            "pop": 0.0646662786603,
            "raphiphop": 0.0873354002833,
            "rock": 0.529572367668
        },
        "probability": 0.529572367668,
        "value": "rock"
    },
    "genre_electronic": {
        "all": {
            "ambient": 0.265749812126,
            "dnb": 0.242956191301,
            "house": 0.20871680975,
            "techno": 0.0264344643801,
            "trance": 0.256142735481
        },
        "probability": 0.265749812126,
        "value": "ambient"
    },
    "genre_rosamerica": {
        "all": {
            "cla": 0.00338678853586,
            "dan": 0.242904052138,
            "hip": 0.069963209331,
            "jaz": 0.00483986549079,
            "pop": 0.286591589451,
            "rhy": 0.0218776296824,
            "roc": 0.367827683687,
            "spe": 0.00260917283595
        },
        "probability": 0.367827683687,
        "value": "roc"
    },
    "genre_tzanetakis": {
        "all": {
            "blu": 0.0626613423228,
            "cla": 0.0348169617355,
            "cou": 0.104475811124,
            "dis": 0.0784321576357,
            "hip": 0.15692435205,
            "jaz": 0.313974827528,
            "met": 0.0448166541755,
            "pop": 0.0627359300852,
            "reg": 0.0627360641956,
            "roc": 0.0784258767962
        },
        "probability": 0.313974827528,
        "value": "jaz"
    },
    "ismir04_rhythm": {
        "all": {
            "ChaChaCha": 0.436029136181,
            "Jive": 0.261924535036,
            "Quickstep": 0.097226947546,
            "Rumba-American": 0.00588968582451,
            "Rumba-International": 0.0118489200249,
            "Rumba-Misc": 0.00347958225757,
            "Samba": 0.136931940913,
            "Tango": 0.0173821263015,
            "VienneseWaltz": 0.0262055546045,
            "Waltz": 0.00308158062398
        },
        "probability": 0.436029136181,
        "value": "ChaChaCha"
    },
    "mood_acoustic": {
        "all": {
            "acoustic": 0.00476434314623,
            "not_acoustic": 0.995235681534
        },
        "probability": 0.995235681534,
        "value": "not_acoustic"
    },
    "mood_aggressive": {
        "all": {
            "aggressive": 0.870291650295,
            "not_aggressive": 0.129708334804
        },
        "probability": 0.870291650295,
        "value": "aggressive"
    },
    "mood_electronic": {
        "all": {
            "electronic": 0.805343866348,
            "not_electronic": 0.194656118751
        },
        "probability": 0.805343866348,
        "value": "electronic"
    },
    "mood_happy": {
        "all": {
            "happy": 0.774230122566,
            "not_happy": 0.225769862533
        },
        "probability": 0.774230122566,
        "value": "happy"
    },
    "mood_party": {
        "all": {
            "not_party": 0.19954174757,
            "party": 0.80045825243
        },
        "probability": 0.80045825243,
        "value": "party"
    },
    "mood_relaxed": {
        "all": {
            "not_relaxed": 0.912741482258,
            "relaxed": 0.0872585102916
        },
        "probability": 0.912741482258,
        "value": "not_relaxed"
    },
    "mood_sad": {
        "all": {
            "not_sad": 0.789641141891,
            "sad": 0.210358858109
        },
        "probability": 0.789641141891,
        "value": "not_sad"
    },
    "moods_mirex": {
        "all": {
            "Cluster1": 0.532248735428,
            "Cluster2": 0.161443114281,
            "Cluster3": 0.107046730816,
            "Cluster4": 0.0794926285744,
            "Cluster5": 0.119768805802
        },
        "probability": 0.532248735428,
        "value": "Cluster1"
    },
    "timbre": {
        "all": {
            "bright": 0.959104001522,
            "dark": 0.040896024555
        },
        "probability": 0.959104001522,
        "value": "bright"
    },
    "tonal_atonal": {
        "all": {
            "atonal": 0.272122889757,
            "tonal": 0.727877140045
        },
        "probability": 0.727877140045,
        "value": "tonal"
    },
    "voice_instrumental": {
        "all": {
            "instrumental": 0.00033279278432,
            "voice": 0.999667227268
        },
        "probability": 0.999667227268,
        "value": "voice"
    }
},
"lowlevel": {
    "average_loudness": 0.983752548695,
    "barkbands_crest": {
        "dmean": 2.91248321533,
        "dmean2": 4.56197404861,
        "dvar": 7.70143175125,
        "dvar2": 19.6152610779,
        "max": 24.6525878906,
        "mean": 9.27583694458,
        "median": 8.34011554718,
        "min": 2.3935008049,
        "var": 17.6275749207
    },
    "barkbands_flatness_db": {
        "dmean": 0.0225541256368,
        "dmean2": 0.0332922004163,
        "dvar": 0.000493451720104,
        "dvar2": 0.00114241836127,
        "max": 0.335979521275,
        "mean": 0.117208212614,
        "median": 0.115083269775,
        "min": 0.0375425294042,
        "var": 0.00144896795973
    },
    "barkbands_kurtosis": {
        "dmean": 1.72308933735,
        "dmean2": 2.76244974136,
        "dvar": 11.6402759552,
        "dvar2": 30.8358459473,
        "max": 48.8035697937,
        "mean": 0.857961893082,
        "median": -0.456770420074,
        "min": -1.90738213062,
        "var": 16.9946193695
    },
    "barkbands_skewness": {
        "dmean": 0.515604615211,
        "dmean2": 0.777991116047,
        "dvar": 0.325629770756,
        "dvar2": 0.748608291149,
        "max": 6.54382514954,
        "mean": 0.917936861515,
        "median": 0.806497454643,
        "min": -3.07239222527,
        "var": 1.0232270956
    },
    "barkbands_spread": {
        "dmean": 8.72912120819,
        "dmean2": 12.7920789719,
        "dvar": 75.7704467773,
        "dvar2": 173.277664185,
        "max": 104.293411255,
        "mean": 38.1437911987,
        "median": 36.5764694214,
        "min": 2.67090368271,
        "var": 300.824707031
    },
    "dissonance": {
        "dmean": 0.0120491497219,
        "dmean2": 0.0199414547533,
        "dvar": 0.000139478870551,
        "dvar2": 0.000371884903871,
        "max": 0.5,
        "mean": 0.477724015713,
        "median": 0.482422083616,
        "min": 0.340064197779,
        "var": 0.000299458828522
    },
    "dynamic_complexity": 1.54458582401,
    "erbbands_crest": {
        "dmean": 2.36358332634,
        "dmean2": 3.87789916992,
        "dvar": 4.85005426407,
        "dvar2": 11.9784078598,
        "max": 25.5390205383,
        "mean": 7.65190649033,
        "median": 7.01214885712,
        "min": 2.42399311066,
        "var": 11.4567594528
    },
    "erbbands_flatness_db": {
        "dmean": 0.0176336485893,
        "dmean2": 0.0246966928244,
        "dvar": 0.000251131801633,
        "dvar2": 0.000453779211966,
        "max": 0.291639298201,
        "mean": 0.143385335803,
        "median": 0.140794679523,
        "min": 0.0759805813432,
        "var": 0.00118480541278
    },
    "erbbands_kurtosis": {
        "dmean": 0.866642355919,
        "dmean2": 1.38527226448,
        "dvar": 1.18893527985,
        "dvar2": 2.98080539703,
        "max": 14.7820224762,
        "mean": 0.384861260653,
        "median": -0.076441526413,
        "min": -1.5446164608,
        "var": 2.83084535599
    },
    "erbbands_skewness": {
        "dmean": 0.347083926201,
        "dmean2": 0.528114914894,
        "dvar": 0.0984553545713,
        "dvar2": 0.213005080819,
        "max": 3.23291993141,
        "mean": -0.401310533285,
        "median": -0.385069161654,
        "min": -3.47003054619,
        "var": 0.55488884449
    },
    "erbbands_spread": {
        "dmean": 8.86594390869,
        "dmean2": 13.8375854492,
        "dvar": 72.9000167847,
        "dvar2": 162.802490234,
        "max": 101.721252441,
        "mean": 40.8632278442,
        "median": 39.2601127625,
        "min": 8.20849227905,
        "var": 237.113296509
    },
    "hfc": {
        "dmean": 12.2171087265,
        "dmean2": 16.118844986,
        "dvar": 269.651123047,
        "dvar2": 443.462493896,
        "max": 168.644775391,
        "mean": 33.9970779419,
        "median": 24.831445694,
        "min": 0.794349849224,
        "var": 914.753356934
    },
    "melbands_crest": {
        "dmean": 3.36984539032,
        "dmean2": 5.36033773422,
        "dvar": 9.36913394928,
        "dvar2": 23.3179321289,
        "max": 30.7155361176,
        "mean": 13.9897537231,
        "median": 13.3396892548,
        "min": 3.23414206505,
        "var": 24.6760177612
    },
    "melbands_flatness_db": {
        "dmean": 0.0288933943957,
        "dmean2": 0.0421264022589,
        "dvar": 0.000856483762618,
        "dvar2": 0.00188803486526,
        "max": 0.431073069572,
        "mean": 0.152989804745,
        "median": 0.149887770414,
        "min": 0.0275482200086,
        "var": 0.00303084892221
    },
    "melbands_kurtosis": {
        "dmean": 5.83560800552,
        "dmean2": 9.42033195496,
        "dvar": 132.548965454,
        "dvar2": 352.903747559,
        "max": 157.804290771,
        "mean": 8.6418056488,
        "median": 4.72430276871,
        "min": -1.74461865425,
        "var": 183.987304688
    },
    "melbands_skewness": {
        "dmean": 0.758204460144,
        "dmean2": 1.16690099239,
        "dvar": 0.799710094929,
        "dvar2": 1.89295220375,
        "max": 11.3542928696,
        "mean": 2.39480757713,
        "median": 2.17945861816,
        "min": -1.27008879185,
        "var": 2.08823680878
    },
    "melbands_spread": {
        "dmean": 12.3112096786,
        "dmean2": 18.6881275177,
        "dvar": 215.419937134,
        "dvar2": 457.307128906,
        "max": 228.639083862,
        "mean": 41.6844329834,
        "median": 36.8879089355,
        "min": 1.90705394745,
        "var": 775.440307617
    },
    "pitch_salience": {
        "dmean": 0.0787247791886,
        "dmean2": 0.123911485076,
        "dvar": 0.00597351230681,
        "dvar2": 0.015066633001,
        "max": 0.816795408726,
        "mean": 0.538988232613,
        "median": 0.549458026886,
        "min": 0.155771419406,
        "var": 0.0130441756919
    },
    "silence_rate_20dB": {
        "dmean": 0,
        "dmean2": 0,
        "dvar": 0,
        "dvar2": 0,
        "max": 1,
        "mean": 1,
        "median": 1,
        "min": 1,
        "var": 0
    },
    "silence_rate_30dB": {
        "dmean": 0.0030959751457,
        "dmean2": 0.00619674660265,
        "dvar": 0.00308634736575,
        "dvar2": 0.00925685744733,
        "max": 1,
        "mean": 0.998453199863,
        "median": 1,
        "min": 0,
        "var": 0.0015443903394
    },
    "silence_rate_60dB": {
        "dmean": 0.0061919502914,
        "dmean2": 0.0123934932053,
        "dvar": 0.00615348666906,
        "dvar2": 0.0153388213366,
        "max": 1,
        "mean": 0.00541376648471,
        "median": 0,
        "min": 0,
        "var": 0.00538430782035
    },
    "spectral_centroid": {
        "dmean": 310.139648438,
        "dmean2": 469.179718018,
        "dvar": 93821.1484375,
        "dvar2": 191538.65625,
        "max": 5072.39941406,
        "mean": 2118.2578125,
        "median": 2130.89575195,
        "min": 422.315795898,
        "var": 492677.78125
    },
    "spectral_complexity": {
        "dmean": 5.46517038345,
        "dmean2": 7.79163455963,
        "dvar": 33.1867980957,
        "dvar2": 56.1509971619,
        "max": 60,
        "mean": 26.3240528107,
        "median": 25,
        "min": 2,
        "var": 145.337463379
    },
    "spectral_decrease": {
        "dmean": 2.50870813012e-09,
        "dmean2": 3.75747832848e-09,
        "dvar": 1.84946600008e-17,
        "dvar2": 4.16417080215e-17,
        "max": -4.50252030104e-10,
        "mean": -6.35421404382e-09,
        "median": -5.42854605712e-09,
        "min": -3.52708795504e-08,
        "var": 2.45177739768e-17
    },
    "spectral_energy": {
        "dmean": 0.0102404225618,
        "dmean2": 0.0150717888027,
        "dvar": 0.000278683000943,
        "dvar2": 0.000619463389739,
        "max": 0.136662825942,
        "mean": 0.0270658824593,
        "median": 0.0230924915522,
        "min": 0.00208808388561,
        "var": 0.000395948532969
    },
    "spectral_energyband_high": {
        "dmean": 0.00123075896408,
        "dmean2": 0.00160908163525,
        "dvar": 3.82276402888e-06,
        "dvar2": 6.47912611385e-06,
        "max": 0.0200940594077,
        "mean": 0.00244240951724,
        "median": 0.000872716889717,
        "min": 1.76025059773e-05,
        "var": 1.25056385514e-05
    },
    "spectral_energyband_low": {
        "dmean": 0.00667802896351,
        "dmean2": 0.010207821615,
        "dvar": 0.000241472487687,
        "dvar2": 0.000576351187192,
        "max": 0.122243635356,
        "mean": 0.0109896017238,
        "median": 0.00739959999919,
        "min": 3.90067361877e-06,
        "var": 0.000261100678472
    },
    "spectral_energyband_middle_high": {
        "dmean": 0.00205456092954,
        "dmean2": 0.00317734153941,
        "dvar": 5.80432515562e-06,
        "dvar2": 1.30371454361e-05,
        "max": 0.0243508089334,
        "mean": 0.00635023182258,
        "median": 0.00570088019595,
        "min": 6.0204492911e-05,
        "var": 1.72852087417e-05
    },
    "spectral_energyband_middle_low": {
        "dmean": 0.00394989456981,
        "dmean2": 0.00625111581758,
        "dvar": 3.77824580937e-05,
        "dvar2": 9.08535730559e-05,
        "max": 0.063437640667,
        "mean": 0.00779426004738,
        "median": 0.00565865589306,
        "min": 0.000166896003066,
        "var": 5.34066130058e-05
    },
    "spectral_entropy": {
        "dmean": 0.152669399977,
        "dmean2": 0.208354115486,
        "dvar": 0.0248048119247,
        "dvar2": 0.0458410158753,
        "max": 8.57383823395,
        "mean": 7.83562469482,
        "median": 7.82446861267,
        "min": 6.75652694702,
        "var": 0.107648447156
    },
    "spectral_flux": {
        "dmean": 0.0252083279192,
        "dmean2": 0.0367119014263,
        "dvar": 0.00106233265251,
        "dvar2": 0.00200050906278,
        "max": 0.321198135614,
        "mean": 0.0930082127452,
        "median": 0.0807773023844,
        "min": 0.0162668954581,
        "var": 0.00234978389926
    },
    "spectral_kurtosis": {
        "dmean": 1.14634668827,
        "dmean2": 1.86287200451,
        "dvar": 1.30561316013,
        "dvar2": 3.64948058128,
        "max": 11.4415388107,
        "mean": 3.05977082253,
        "median": 2.84956884384,
        "min": -0.656311750412,
        "var": 3.16539239883
    },
    "spectral_rms": {
        "dmean": 0.00086667900905,
        "dmean2": 0.00123655598145,
        "dvar": 1.23995846479e-06,
        "dvar2": 2.50333187068e-06,
        "max": 0.0115468427539,
        "mean": 0.00487584108487,
        "median": 0.00474649993703,
        "min": 0.00142728933133,
        "var": 2.63187735072e-06
    },
    "spectral_rolloff": {
        "dmean": 864.345947266,
        "dmean2": 1347.96887207,
        "dvar": 1232597.25,
        "dvar2": 2663444.25,
        "max": 9862.20703125,
        "mean": 2707.2578125,
        "median": 2390.18554688,
        "min": 86.1328125,
        "var": 3896399.25
    },
    "spectral_skewness": {
        "dmean": 0.179815754294,
        "dmean2": 0.286364048719,
        "dvar": 0.0244962498546,
        "dvar2": 0.0619387328625,
        "max": 2.38381052017,
        "mean": 1.17653000355,
        "median": 1.17227971554,
        "min": -0.0239201821387,
        "var": 0.0946478694677
    },
    "spectral_spread": {
        "dmean": 625034.125,
        "dmean2": 878631.6875,
        "dvar": 440712101888,
        "dvar2": 857249284096,
        "max": 9669904,
        "mean": 4612188,
        "median": 4350301.5,
        "min": 2279514.25,
        "var": 1.88885526118e+12
    },
    "spectral_strongpeak": {
        "dmean": 0.414650022984,
        "dmean2": 0.716081738472,
        "dvar": 0.539591372013,
        "dvar2": 1.35992133617,
        "max": 8.04128742218,
        "mean": 0.633627653122,
        "median": 0.35881754756,
        "min": 0.035962626338,
        "var": 0.65490937233
    },
    "zerocrossingrate": {
        "dmean": 0.0162655860186,
        "dmean2": 0.0179075542837,
        "dvar": 0.000275713799056,
        "dvar2": 0.00030213186983,
        "max": 0.31298828125,
        "mean": 0.0911745354533,
        "median": 0.080078125,
        "min": 0.01123046875,
        "var": 0.00226621492766
    },
    "barkbands": {
        "dmean": [7.83365831012e-05, 0.00523408595473, 0.0021388749592, 0.00076675467426, 0.00212954706512, 0.000853957433719, 0.000672496971674, 0.000537399668247, 0.000506810902152, 0.000287436298095, 0.000299329549307, 0.000418212352088, 0.000323617598042, 0.000331110320985, 0.000419465650339, 0.000316567631671, 0.000427448772825, 0.000458197871922, 0.000286569906166, 0.000256478175288, 0.000255948747508, 0.000286256690742, 0.000364241481293, 0.000215227410081, 0.000149094877997, 6.71112575219e-05, 1.83744617743e-07],
        "dmean2": [0.000126450395328, 0.00822252035141, 0.00371894799173, 0.00127903057728, 0.00343674374744, 0.00144136871677, 0.00109609914944, 0.000855241029058, 0.000818875210825, 0.000467532867333, 0.000489326776005, 0.000681938661728, 0.000537325628102, 0.000540482287761, 0.000696520088241, 0.000516563886777, 0.0007048677071, 0.000747315585613, 0.000459241040517, 0.000401978846639, 0.000376359472284, 0.000423936347943, 0.000508442113642, 0.000303142296616, 0.000209154910408, 9.34099371079e-05, 3.19270498039e-07],
        "dvar": [1.41847946722e-08, 0.00015811547928, 3.95177739847e-05, 2.09561517295e-06, 1.78762220457e-05, 2.87939292321e-06, 1.25905933146e-06, 1.16252965654e-06, 1.1007213061e-06, 3.16197571237e-07, 1.7718826939e-07, 5.26800931766e-07, 2.8277767683e-07, 3.03568867821e-07, 3.63864046449e-07, 1.81480700689e-07, 3.72705784457e-07, 4.66314645564e-07, 1.36995510047e-07, 9.7510749697e-08, 1.76225782411e-07, 3.00978513224e-07, 3.87984727013e-07, 1.60945702987e-07, 7.50411288664e-08, 1.70140488365e-08, 4.18060199089e-13],
        "dvar2": [3.46875488333e-08, 0.000390945293475, 0.000112126195745, 5.43240184925e-06, 4.35425827163e-05, 7.67413075664e-06, 3.24920551975e-06, 2.53499592873e-06, 2.58951331489e-06, 7.90514889104e-07, 4.62696533532e-07, 1.19702201573e-06, 7.7157250189e-07, 7.41579754049e-07, 9.77382910605e-07, 4.67385973479e-07, 1.00458180441e-06, 1.20975244045e-06, 3.19125746273e-07, 2.38106039774e-07, 3.83465390996e-07, 6.78788580899e-07, 7.30642625513e-07, 3.30206887611e-07, 1.46957617631e-07, 3.30374625435e-08, 1.09695694368e-12],
        "max": [0.00152936321683, 0.103478521109, 0.0519639588892, 0.0178470145911, 0.0401242077351, 0.0194940734655, 0.01330900006, 0.015557538718, 0.0187402293086, 0.00874679163098, 0.00521991727874, 0.0130499843508, 0.00562765449286, 0.00692695192993, 0.00773147074506, 0.00413183448836, 0.00779396295547, 0.00969756767154, 0.00447625899687, 0.00369706470519, 0.00408127019182, 0.00738044362515, 0.00703022209927, 0.00596455531195, 0.00362803554162, 0.00158000178635, 6.71989164402e-06],
        "mean": [0.000136758564622, 0.00783567037433, 0.00257437070832, 0.00105947849806, 0.00293733808212, 0.00118881685194, 0.000967746658716, 0.000736313755624, 0.000777040084358, 0.000450345221907, 0.000466391444206, 0.000600340834353, 0.000492947816383, 0.000503314950038, 0.000691925757565, 0.000550604541786, 0.000782696180977, 0.000926706299651, 0.000602387706749, 0.000535629747901, 0.000475010718219, 0.000480146700284, 0.00057680165628, 0.000397379510105, 0.00023488192528, 8.46773473313e-05, 1.39759492868e-07],
        "median": [4.96480497532e-05, 0.00450435932726, 0.00113515229896, 0.000576264050324, 0.00140818674117, 0.000540712615475, 0.000409753469285, 0.000294943718472, 0.000283465109533, 0.00020418301574, 0.000310547737172, 0.000288039795123, 0.000253630831139, 0.000246945593972, 0.000452127336757, 0.000375879521016, 0.00042154523544, 0.000575669168029, 0.000434694753494, 0.000393914117012, 0.00020513436175, 0.000158485010616, 0.000180825183634, 9.74148133537e-05, 4.98965564475e-05, 1.54156859935e-05, 7.7719963798e-10],
        "min": [7.69105525933e-08, 9.08569745661e-07, 3.00679374732e-07, 1.68573819792e-07, 6.16746433479e-07, 8.66539608069e-07, 2.0801219307e-06, 2.16654620999e-06, 1.6825451894e-06, 2.28836870519e-06, 1.02342107766e-06, 2.49880758929e-06, 2.24063410315e-06, 1.78894265446e-06, 2.87728312287e-06, 2.64391587734e-06, 2.10977555071e-06, 7.28677605366e-06, 1.10934547592e-06, 1.62428284511e-06, 2.8078327432e-06, 1.1460275573e-06, 2.38734060076e-06, 4.44772950914e-07, 1.40018645567e-08, 1.97195371143e-10, 6.3030058603e-12],
        "var": [3.67098991205e-08, 0.000158378752531, 2.82280507236e-05, 2.23678966904e-06, 2.05951928365e-05, 3.37050323651e-06, 2.18710101763e-06, 1.96475775738e-06, 2.2886035822e-06, 6.07637559824e-07, 3.06262649019e-07, 1.03753825442e-06, 4.42681908908e-07, 5.2192280009e-07, 5.65194341107e-07, 3.12447383521e-07, 9.07409344109e-07, 1.25333986034e-06, 3.49229281937e-07, 2.49263109708e-07, 4.26151075317e-07, 6.42331258405e-07, 9.23903712646e-07, 5.56427892207e-07, 1.98379950689e-07, 3.23843742933e-08, 3.35343650635e-13]
    },
    "erbbands": {
        "dmean": [0.117948867381, 1.31148457527, 2.66062307358, 2.14293813705, 6.16879844666, 6.84297895432, 6.81900691986, 7.79175806046, 5.8583073616, 15.9849147797, 9.03851413727, 10.0069675446, 11.6335945129, 8.7677898407, 12.5533504486, 16.072013855, 13.3979768753, 15.8061800003, 19.7060585022, 19.5500621796, 18.2683105469, 22.7625999451, 24.9763298035, 14.1519613266, 15.9967765808, 11.387843132, 10.2625694275, 9.84962081909, 10.2221879959, 9.34576034546, 11.6969537735, 5.6567029953, 3.53623104095, 1.83225464821, 1.09347629547, 0.462713390589, 0.0983553230762, 0.00723058870062, 0.000162667565746, 2.23544702749e-05],
        "dmean2": [0.176257446408, 2.09409189224, 4.61940860748, 3.61808586121, 9.96220493317, 11.4962024689, 11.1110992432, 13.2382192612, 9.77240657806, 25.752746582, 14.6121177673, 16.1305160522, 19.1950016022, 14.0106048584, 20.4955291748, 26.2602481842, 22.0899429321, 25.5089168549, 32.8540725708, 32.3728713989, 29.8605575562, 37.5969696045, 40.6157913208, 22.2129554749, 25.1485424042, 17.9544563293, 15.961977005, 14.4157171249, 15.0687513351, 13.42445755, 16.195941925, 8.09425163269, 5.07977342606, 2.70316839218, 1.54414117336, 0.65394282341, 0.144180849195, 0.0111182713881, 0.000233597922488, 3.0989995139e-05],
        "dvar": [0.0486161112785, 11.6499452591, 69.4220123291, 15.6816978455, 248.680969238, 170.306488037, 155.340942383, 270.893829346, 91.3789215088, 807.143371582, 371.959350586, 510.995880127, 369.103057861, 238.937255859, 298.416290283, 898.713012695, 428.479003906, 637.791687012, 1025.28771973, 806.066345215, 656.841491699, 1117.88452148, 1342.40100098, 348.942230225, 432.418579102, 204.222137451, 299.909759521, 278.898101807, 408.608734131, 270.041992188, 410.418579102, 115.622894287, 46.3229408264, 13.509393692, 4.1665596962, 0.854969322681, 0.0386201106012, 0.000195448272279, 9.35226509569e-08, 1.10778541895e-09],
        "dvar2": [0.116588376462, 29.2105960846, 191.494430542, 42.8711585999, 579.99621582, 464.710510254, 420.769226074, 732.231018066, 249.222137451, 1893.63598633, 904.553039551, 1112.421875, 946.705627441, 551.196960449, 747.598937988, 1972.66772461, 1124.98474121, 1563.40100098, 2805.89208984, 2107.07080078, 1713.91967773, 3021.43896484, 3634.84887695, 865.672851562, 1043.90734863, 509.011962891, 695.272827148, 590.224121094, 915.906982422, 563.070495605, 808.30456543, 233.199401855, 96.3225402832, 28.616733551, 8.2299118042, 1.69760453701, 0.0756105780602, 0.000418330339016, 1.77677875968e-07, 2.06210337694e-09],
        "max": [2.13728165627, 27.4288597107, 65.9837341309, 37.2587356567, 190.894805908, 117.919075012, 124.394752502, 193.078414917, 110.933105469, 367.694244385, 319.00289917, 482.844055176, 239.95753479, 275.192962646, 209.509353638, 677.629394531, 221.529785156, 262.055664062, 393.451721191, 342.800323486, 245.532516479, 511.785644531, 544.315551758, 246.216201782, 277.787689209, 161.617034912, 196.169189453, 169.889663696, 254.159973145, 201.256896973, 228.980484009, 138.793228149, 108.632865906, 64.4113769531, 21.5053367615, 9.97812080383, 2.67164802551, 0.136807307601, 0.00308922259137, 0.000292656797683],
        "mean": [0.192354753613, 1.84841108322, 3.31664156914, 3.29096698761, 8.04581832886, 8.51255130768, 9.62522792816, 10.2449417114, 8.55762481689, 23.4225177765, 12.8461818695, 16.0266933441, 18.1620483398, 15.3764638901, 21.2435722351, 23.9101333618, 21.8209877014, 26.4255886078, 31.6581687927, 34.6298789978, 34.2501335144, 45.5421142578, 51.9283409119, 31.6496753693, 34.6719055176, 24.5568675995, 18.9657211304, 17.9115982056, 17.306854248, 15.4705295563, 17.5317268372, 9.61979961395, 6.38123321533, 3.01305937767, 1.54833900928, 0.595531225204, 0.119942247868, 0.00784939713776, 0.000214368614252, 5.0952865422e-05],
        "median": [0.0996559709311, 1.05238127708, 1.68729090691, 1.71153378487, 3.40941882133, 3.7860326767, 4.07119703293, 4.28339147568, 4.85206842422, 8.41856193542, 6.17144775391, 6.18578910828, 8.80777454376, 8.72595882416, 14.7053880692, 11.5367679596, 11.7111186981, 15.3162298203, 17.3702697754, 24.013343811, 22.8180656433, 26.0749092102, 32.9458122253, 22.675447464, 25.1304035187, 18.3684158325, 8.46303367615, 7.56234073639, 5.46654987335, 4.82979726791, 5.38603973389, 2.61082649231, 1.35337257385, 0.4514747262, 0.352254629135, 0.123693481088, 0.0174426455051, 0.000993444002233, 4.47585443908e-05, 3.39450125466e-05],
        "min": [3.10245413857e-05, 0.000238545791944, 0.000443911732873, 0.00186140160076, 0.000836662366055, 0.0032920408994, 0.00826500356197, 0.0348447561264, 0.0952119082212, 0.0996906906366, 0.0316942892969, 0.0508490465581, 0.0465376600623, 0.103685289621, 0.0466183945537, 0.116582714021, 0.139568388462, 0.171943366528, 0.149457231164, 0.118540227413, 0.1696626544, 0.139312550426, 0.477698087692, 0.397804796696, 0.0763325467706, 0.0924203768373, 0.12083888799, 0.145709842443, 0.0566428340971, 0.0514436624944, 0.048568688333, 0.0180206242949, 0.00721040088683, 0.00115167349577, 0.000486136385007, 4.40446347056e-05, 1.02828944364e-05, 1.99388637157e-06, 1.62611684118e-06, 2.71156272902e-06],
        "var": [0.0721377804875, 10.5569229126, 49.0897064209, 16.8220157623, 262.749938965, 174.923522949, 232.753860474, 290.691162109, 115.51587677, 1486.73352051, 582.32043457, 1197.81665039, 636.432312012, 470.416900635, 528.672363281, 1755.1394043, 751.375366211, 1159.83068848, 1590.92053223, 1231.66052246, 1194.99609375, 2920.74121094, 3555.28588867, 990.60168457, 1151.57910156, 513.613647461, 672.033630371, 656.970214844, 855.410766602, 671.804870605, 885.264038086, 310.83996582, 151.510986328, 37.8953895569, 8.86016750336, 1.56900036335, 0.070226855576, 0.000302127242321, 1.77092559284e-07, 2.40521691452e-09]
    },
    "gfcc": {
        "mean": [31.1428756714, 68.8006515503, -127.259223938, 53.8015289307, -58.4746704102, 23.6789703369, -40.1140136719, 16.659198761, -23.0681743622, 3.53851342201, -12.6881961823, 3.27043557167, -10.1656389236],
        "cov": [[2612.53320312, -850.062805176, 448.627380371, 129.866882324, -87.2858963013, 154.63508606, -172.256988525, 37.2428131104, -99.9541091919, 93.4570159912, -243.894378662, 67.2599716187, -156.096221924], [-850.062805176, 1375.72741699, -250.537338257, 50.2196998596, 283.058074951, -147.069244385, 167.118026733, -49.6729469299, 55.483455658, -151.495391846, 131.339126587, -145.152252197, 96.8743743896], [448.627380371, -250.537338257, 660.383178711, 216.016235352, 5.48081493378, 162.51473999, -2.01817059517, 40.0389862061, -30.1098804474, 40.0992507935, -96.0684661865, 50.7204055786, -82.1634292603], [129.866882324, 50.2196998596, 216.016235352, 370.24230957, 149.030441284, 30.0733242035, 10.9707689285, 42.1419410706, 51.2977561951, -21.4966812134, 17.3851032257, 15.3888158798, 44.911239624], [-87.2858963013, 283.058074951, 5.48081493378, 149.030441284, 281.862030029, 8.84764385223, 39.9341812134, 27.756816864, 44.6233558655, -11.8903484344, 25.3679008484, 28.8960647583, 29.4882259369], [154.63508606, -147.069244385, 162.51473999, 30.0733242035, 8.84764385223, 224.207290649, 80.0640792847, 19.3703098297, 4.19947719574, 43.2164955139, -2.32577157021, -9.76355171204, -23.6327037811], [-172.256988525, 167.118026733, -2.01817059517, 10.9707689285, 39.9341812134, 80.0640792847, 171.396072388, 55.6534576416, 31.8901329041, 16.6046009064, 49.8937797546, -29.6613769531, -7.81228542328], [37.2428131104, -49.6729469299, 40.0389862061, 42.1419410706, 27.756816864, 19.3703098297, 55.6534576416, 174.039382935, 71.1264038086, 52.5372009277, 35.8318710327, 20.2335548401, -7.9107670784], [-99.9541091919, 55.483455658, -30.1098804474, 51.2977561951, 44.6233558655, 4.19947719574, 31.8901329041, 71.1264038086, 143.213943481, 49.0463562012, 44.4823265076, -3.80733418465, 19.8152542114], [93.4570159912, -151.495391846, 40.0992507935, -21.4966812134, -11.8903484344, 43.2164955139, 16.6046009064, 52.5372009277, 49.0463562012, 120.347473145, 27.4922275543, 19.0601158142, -24.0105781555], [-243.894378662, 131.339126587, -96.0684661865, 17.3851032257, 25.3679008484, -2.32577157021, 49.8937797546, 35.8318710327, 44.4823265076, 27.4922275543, 142.803604126, 18.7469234467, 39.7201042175], [67.2599716187, -145.152252197, 50.7204055786, 15.3888158798, 28.8960647583, -9.76355171204, -29.6613769531, 20.2335548401, -3.80733418465, 19.0601158142, 18.7469234467, 132.174163818, 9.39861679077], [-156.096221924, 96.8743743896, -82.1634292603, 44.911239624, 29.4882259369, -23.6327037811, -7.81228542328, -7.9107670784, 19.8152542114, -24.0105781555, 39.7201042175, 9.39861679077, 108.819923401]],
        "icov": [[0.000643732724711, -2.55327722698e-05, 0.000238727094256, -0.000617764599156, 0.000272104196483, -0.00060156948166, 0.000714381458238, -0.000409082858823, 0.00053455325542, -0.000665456987917, 0.000985089456663, -0.000328961847117, 0.000623183266725], [-2.55327722698e-05, 0.00324712391011, -0.00177377450746, 0.00236641801894, -0.00392531463876, 0.00355133716948, -0.00305322441272, 0.00158492510673, -0.0012714099139, 0.00350810750388, -0.00347726535983, 0.00424151821062, -0.00160379929002], [0.000238727094256, -0.00177377450746, 0.00497091328725, -0.00455965241417, 0.00337612396106, -0.00426457682624, 0.00205636676401, -0.00145495869219, 0.00196716818027, -0.00315999565646, 0.00451026437804, -0.00418534362689, 0.00341716245748], [-0.000617764599156, 0.00236641801894, -0.00455965241417, 0.00855563767254, -0.00576371606439, 0.00372353987768, -0.00200471980497, 0.000934113922995, -0.00315198302269, 0.00529963057488, -0.00522588193417, 0.00481065874919, -0.00443674484268], [0.000272104196483, -0.00392531463876, 0.00337612396106, -0.00576371606439, 0.0101769575849, -0.00475708767772, 0.00243731588125, -0.00174059986603, 0.000946334621403, -0.00414876127616, 0.00546830007806, -0.00717194471508, 0.00260589737445], [-0.00060156948166, 0.00355133716948, -0.00426457682624, 0.00372353987768, -0.00475708767772, 0.0119405202568, -0.00767266983166, 0.00320713734254, -0.00145265774336, 0.00195214687847, -0.00442256545648, 0.00566378189251, -0.00339618534781], [0.000714381458238, -0.00305322441272, 0.00205636676401, -0.00200471980497, 0.00243731588125, -0.00767266983166, 0.0139079550281, -0.00478074885905, 0.00157740188297, -0.00207743234932, 0.000532954116352, -0.00150812324136, 0.00363708985969], [-0.000409082858823, 0.00158492510673, -0.00145495869219, 0.000934113922995, -0.00174059986603, 0.00320713734254, -0.00478074885905, 0.00993680674583, -0.00415919162333, 3.44096188201e-05, -0.00241227517836, 0.000663726124913, -0.000346374552464], [0.00053455325542, -0.0012714099139, 0.00196716818027, -0.00315198302269, 0.000946334621403, -0.00145265774336, 0.00157740188297, -0.00415919162333, 0.0126673830673, -0.00657053245232, 0.00154775439296, -0.000260139262537, -0.000375109812012], [-0.000665456987917, 0.00350810750388, -0.00315999565646, 0.00529963057488, -0.00414876127616, 0.00195214687847, -0.00207743234932, 3.44096188201e-05, -0.00657053245232, 0.0183894690126, -0.00775936432183, 0.00358848460019, 0.000527120777406], [0.000985089456663, -0.00347726535983, 0.00451026437804, -0.00522588193417, 0.00546830007806, -0.00442256545648, 0.000532954116352, -0.00241227517836, 0.00154775439296, -0.00775936432183, 0.0169613640755, -0.00771587528288, -2.70659584203e-05], [-0.000328961847117, 0.00424151821062, -0.00418534362689, 0.00481065874919, -0.00717194471508, 0.00566378189251, -0.00150812324136, 0.000663726124913, -0.000260139262537, 0.00358848460019, -0.00771587528288, 0.0158367026597, -0.00399212958291], [0.000623183266725, -0.00160379929002, 0.00341716245748, -0.00443674484268, 0.00260589737445, -0.00339618534781, 0.00363708985969, -0.000346374552464, -0.000375109812012, 0.000527120777406, -2.70659584203e-05, -0.00399212958291, 0.0152538577095]]
    },
    "melbands": {
        "dmean": [0.00128414062783, 0.00148270779755, 0.000478879723232, 0.000476494518807, 0.000252216763329, 0.000167377278558, 0.000100990466308, 0.00016669962497, 6.5693318902e-05, 7.13146364433e-05, 5.95407909714e-05, 3.66844142263e-05, 4.43887292931e-05, 4.61637355329e-05, 3.57051394531e-05, 3.35304139298e-05, 2.97429087368e-05, 3.27556517732e-05, 3.00450574287e-05, 2.24198865908e-05, 2.41583802563e-05, 2.43775939452e-05, 3.00367100863e-05, 2.19741123146e-05, 1.16162309496e-05, 1.22672299767e-05, 1.23008821902e-05, 7.12655810275e-06, 7.0556711762e-06, 6.84863562128e-06, 5.59266391065e-06, 5.46585306438e-06, 7.34460809326e-06, 4.94412643093e-06, 6.96716733728e-06, 5.83220526096e-06, 3.10847576657e-06, 2.85389910459e-06, 1.98169072974e-06, 1.59477281159e-06],
        "dmean2": [0.00196974072605, 0.00242284708656, 0.000791322789155, 0.00078572134953, 0.000411211425671, 0.000283998233499, 0.000167831560248, 0.000268726842478, 0.000107236526674, 0.000114961258078, 9.82841665973e-05, 5.84859189985e-05, 7.24408455426e-05, 7.55287546781e-05, 5.87368340348e-05, 5.61765700695e-05, 4.81426613987e-05, 5.52030141989e-05, 5.04074596392e-05, 3.68832952518e-05, 3.96849500248e-05, 4.01657052862e-05, 4.95606545883e-05, 3.56037089659e-05, 1.84845030162e-05, 1.97661447601e-05, 1.90463433682e-05, 1.14489575935e-05, 1.14329532153e-05, 1.02834319478e-05, 8.31172746985e-06, 8.24701783131e-06, 1.12824118332e-05, 7.40122641218e-06, 9.77202853392e-06, 8.40409302327e-06, 4.69669748782e-06, 4.28543626185e-06, 2.88551041194e-06, 2.44438570007e-06],
        "dvar": [7.64067954151e-06, 1.83473675861e-05, 8.56989345266e-07, 1.11531051061e-06, 1.93071414856e-07, 1.2011392414e-07, 2.40491768722e-08, 8.45416749939e-08, 2.21596181404e-08, 2.40111717176e-08, 9.71761160429e-09, 4.69737138076e-09, 3.86353926629e-09, 7.37077465729e-09, 5.03859487466e-09, 3.29752225525e-09, 2.35325092746e-09, 3.21288817773e-09, 1.92549065581e-09, 9.99417326675e-10, 1.19219600858e-09, 1.33821820292e-09, 2.8837636723e-09, 1.04099473486e-09, 2.45873488236e-10, 2.84567563957e-10, 2.15040651952e-10, 9.78543843178e-11, 1.55459853324e-10, 1.37805808431e-10, 9.69504129755e-11, 1.18586640507e-10, 2.06959283044e-10, 7.69273603152e-11, 1.52272708331e-10, 1.03121233774e-10, 4.27044268003e-11, 3.11070648407e-11, 1.69626673818e-11, 1.03201900151e-11],
        "dvar2": [1.84664077096e-05, 4.76893583254e-05, 2.15593104258e-06, 2.74389117294e-06, 5.33557624749e-07, 3.2322910215e-07, 6.37389589997e-08, 1.92504231222e-07, 5.86135406877e-08, 5.14260136697e-08, 2.50488785269e-08, 1.09084359323e-08, 9.97780258416e-09, 1.72054086534e-08, 1.16798410943e-08, 9.27254806271e-09, 5.70426994528e-09, 8.83938078289e-09, 5.17867038141e-09, 2.57110088775e-09, 3.1378666332e-09, 3.54624130061e-09, 8.34207192213e-09, 2.62441379739e-09, 6.17216611154e-10, 7.00833502343e-10, 5.11098940947e-10, 2.53146198448e-10, 3.89768356479e-10, 3.09001629839e-10, 2.18166817945e-10, 2.67083716254e-10, 5.22473231346e-10, 1.66742050722e-10, 3.18575693603e-10, 2.02589611753e-10, 9.58142523655e-11, 7.27063131922e-11, 3.50922173264e-11, 2.34004777361e-11],
        "max": [0.0225501358509, 0.0334306880832, 0.0101356562227, 0.010069521144, 0.00481014372781, 0.00391545705497, 0.00197483226657, 0.00383214699104, 0.0021589237731, 0.00337811349891, 0.00119466136675, 0.00111925858073, 0.000812586396933, 0.00169856101274, 0.00105781573802, 0.000741975789424, 0.000531996542122, 0.000730726111215, 0.0005147230695, 0.000357755896403, 0.000371271598851, 0.000697304087225, 0.000637064396869, 0.000553082791157, 0.00019754479581, 0.000239246510318, 0.000206102515222, 0.000138708244776, 0.000149712941493, 0.000131791573949, 0.000111587462015, 0.000149244835484, 0.000162859112606, 0.0001287485793, 0.000143544995808, 0.000131533190142, 0.000101070138044, 8.19032720756e-05, 6.63211612846e-05, 4.9520025641e-05],
        "mean": [0.00199973001145, 0.00207014544867, 0.000726250465959, 0.000617695914116, 0.000350744172465, 0.000222888920689, 0.000150439605932, 0.000244956114329, 8.75546611496e-05, 0.000113069938379, 9.13784460863e-05, 6.04819906584e-05, 7.205161819e-05, 6.52785092825e-05, 5.37430823897e-05, 5.22471054865e-05, 4.66602796223e-05, 4.88508994749e-05, 5.02262810187e-05, 3.8131573092e-05, 4.07788502343e-05, 4.36859918409e-05, 5.38844906259e-05, 4.22560042352e-05, 2.28808330576e-05, 2.38443917624e-05, 2.53587604675e-05, 1.35654199767e-05, 1.15564644148e-05, 1.1932878806e-05, 9.28430108615e-06, 8.98058988241e-06, 1.07783771455e-05, 7.73152169131e-06, 9.98463838187e-06, 8.76844296727e-06, 4.97092969454e-06, 4.63443211629e-06, 3.40551923728e-06, 2.27222926696e-06],
        "median": [0.00109700823668, 0.00135866017081, 0.000445709039923, 0.000272904464509, 0.000161817704793, 9.63959173532e-05, 8.14027443994e-05, 9.34176277951e-05, 3.81102581741e-05, 3.99768905481e-05, 4.32142260252e-05, 3.112405102e-05, 4.94520136272e-05, 3.12699812639e-05, 2.22162107093e-05, 2.63886922767e-05, 2.49246022577e-05, 2.31644989981e-05, 3.45878615917e-05, 2.5826100682e-05, 2.50784542004e-05, 2.36918931478e-05, 3.03382748825e-05, 2.63904239546e-05, 1.52781267388e-05, 1.64090652106e-05, 1.85805874935e-05, 8.97188419913e-06, 4.62867637907e-06, 5.40604696653e-06, 3.62944683729e-06, 2.71497310678e-06, 3.18062893712e-06, 2.34842286773e-06, 2.96958546642e-06, 2.49166600952e-06, 1.28458839299e-06, 1.09345523924e-06, 5.46500416476e-07, 2.94124788525e-07],
        "min": [3.18186152981e-07, 2.48805179126e-07, 3.01431157368e-07, 1.45532609963e-07, 3.2920479498e-07, 1.65462054724e-07, 1.14067074719e-06, 3.60253523013e-07, 1.92558445633e-07, 3.05943899548e-07, 2.06838350891e-07, 4.05235880407e-07, 1.25469071577e-07, 2.52728199257e-07, 1.70480262796e-07, 2.2604167782e-07, 1.70092732787e-07, 1.73706681039e-07, 2.09819248198e-07, 1.37365148589e-07, 1.57494824293e-07, 1.22441051076e-07, 9.12807323061e-08, 3.64351933513e-07, 2.59603723407e-07, 3.87956795578e-08, 5.0622272596e-08, 5.58544570595e-08, 2.96050011173e-08, 7.80266020683e-08, 3.28186189336e-08, 9.42215905297e-09, 2.25954668309e-08, 1.23511645356e-08, 2.13995434706e-08, 1.59890607421e-08, 3.76981112993e-09, 2.28681118486e-09, 3.13105583127e-11, 1.22131809874e-11],
