{
"highlevel": {
    "danceability": {
        "all": {
            "danceable": 0.329428493977,
            "not_danceable": 0.670571506023
        },
        "probability": 0.670571506023,
        "value": "not_danceable"
    },
    "gender": {
        "all": {
            "female": 0.00989779084921,
            "male": 0.990102231503
        },
        "probability": 0.990102231503,
        "value": "male"
    },
    "genre_dortmund": {
        "all": {
            "alternative": 0.10834274441,
            "blues": 0.081642664969,
            "electronic": 0.0128438472748,
            "folkcountry": 0.53924870491,
            "funksoulrnb": 0.00756266806275,
            "jazz": 0.154255986214,
            "pop": 0.0549256317317,
            "raphiphop": 0.00138696178328,
            "rock": 0.0397907607257
        },
        "probability": 0.53924870491,
        "value": "folkcountry"
    },
    "genre_electronic": {
        "all": {
            "ambient": 0.950457632542,
            "dnb": 0.00478060822934,
            "house": 0.0280380137265,
            "techno": 0.00257213762961,
            "trance": 0.014151616022
        },
        "probability": 0.950457632542,
        "value": "ambient"
    },
    "genre_rosamerica": {
        "all": {
            "cla": 0.449761331081,
            "dan": 0.012838287279,
            "hip": 0.0113048162311,
            "jaz": 0.152328521013,
            "pop": 0.0666884332895,
            "rhy": 0.215782344341,
            "roc": 0.0600644573569,
            "spe": 0.0312318000942
        },
        "probability": 0.449761331081,
        "value": "cla"
    },
    "genre_tzanetakis": {
        "all": {
            "blu": 0.0626613423228,
            "cla": 0.0348169617355,
            "cou": 0.104475811124,
            "dis": 0.0784321576357,
            "hip": 0.15692435205,
            "jaz": 0.313974827528,
            "met": 0.0448166541755,
            "pop": 0.0627359300852,
            "reg": 0.0627360641956,
            "roc": 0.0784258767962
        },
        "probability": 0.313974827528,
        "value": "jaz"
    },
    "ismir04_rhythm": {
        "all": {
            "ChaChaCha": 0.0135539835319,
            "Jive": 0.00303456978872,
            "Quickstep": 0.00772683182731,
            "Rumba-American": 0.0104859117419,
            "Rumba-International": 0.0315044149756,
            "Rumba-Misc": 0.0101138120517,
            "Samba": 0.00464923866093,
            "Tango": 0.893708825111,
            "VienneseWaltz": 0.0165034942329,
            "Waltz": 0.00871894601732
        },
        "probability": 0.893708825111,
        "value": "Tango"
    },
    "mood_acoustic": {
        "all": {
            "acoustic": 0.951637089252,
            "not_acoustic": 0.0483628846705
        },
        "probability": 0.951637089252,
        "value": "acoustic"
    },
    "mood_aggressive": {
        "all": {
            "aggressive": 0.00386777613312,
            "not_aggressive": 0.996132194996
        },
        "probability": 0.996132194996,
        "value": "not_aggressive"
    },
    "mood_electronic": {
        "all": {
            "electronic": 0.0993058085442,
            "not_electronic": 0.900694191456
        },
        "probability": 0.900694191456,
        "value": "not_electronic"
    },
    "mood_happy": {
        "all": {
            "happy": 0.588232219219,
            "not_happy": 0.411767750978
        },
        "probability": 0.588232219219,
        "value": "happy"
    },
    "mood_party": {
        "all": {
            "not_party": 0.906629920006,
            "party": 0.0933700948954
        },
        "probability": 0.906629920006,
        "value": "not_party"
    },
    "mood_relaxed": {
        "all": {
            "not_relaxed": 0.177515998483,
            "relaxed": 0.822484016418
        },
        "probability": 0.822484016418,
        "value": "relaxed"
    },
    "mood_sad": {
        "all": {
            "not_sad": 0.139430329204,
            "sad": 0.860569655895
        },
        "probability": 0.860569655895,
        "value": "sad"
    },
    "moods_mirex": {
        "all": {
            "Cluster1": 0.108723402023,
            "Cluster2": 0.357174694538,
            "Cluster3": 0.2443652004,
            "Cluster4": 0.285444319248,
            "Cluster5": 0.00429237540811
        },
        "probability": 0.357174694538,
        "value": "Cluster2"
    },
    "timbre": {
        "all": {
            "bright": 1,
            "dark": 2.05143528831e-08
        },
        "probability": 1,
        "value": "bright"
    },
    "tonal_atonal": {
        "all": {
            "atonal": 0.034314442426,
            "tonal": 0.965685546398
        },
        "probability": 0.965685546398,
        "value": "tonal"
    },
    "voice_instrumental": {
        "all": {
            "instrumental": 0.83022069931,
            "voice": 0.169779315591
        },
        "probability": 0.83022069931,
        "value": "instrumental"
    }
},
"lowlevel": {
    "average_loudness": 0.960866749287,
    "barkbands_crest": {
        "dmean": 1.88582038879,
        "dmean2": 2.91001296043,
        "dvar": 3.32672214508,
        "dvar2": 8.38226795197,
        "max": 22.464220047,
        "mean": 8.98831558228,
        "median": 8.41497135162,
        "min": 3.05200695992,
        "var": 9.29925346375
    },
    "barkbands_flatness_db": {
        "dmean": 0.0231585688889,
        "dmean2": 0.0328596234322,
        "dvar": 0.000542404013686,
        "dvar2": 0.00110364821739,
        "max": 0.332384854555,
        "mean": 0.187441393733,
        "median": 0.18630105257,
        "min": 0.0731919333339,
        "var": 0.00294748763554
    },
    "barkbands_kurtosis": {
        "dmean": 2.52115631104,
        "dmean2": 3.91933107376,
        "dvar": 26.3716011047,
        "dvar2": 64.7239685059,
        "max": 68.6771240234,
        "mean": 3.74909925461,
        "median": 1.61469984055,
        "min": -1.80384194851,
        "var": 40.4861030579
    },
    "barkbands_skewness": {
        "dmean": 0.490812420845,
        "dmean2": 0.745733141899,
        "dvar": 0.338591814041,
        "dvar2": 0.81705480814,
        "max": 7.41970777512,
        "mean": 1.3754491806,
        "median": 1.19626581669,
        "min": -1.12164449692,
        "var": 0.879796802998
    },
    "barkbands_spread": {
        "dmean": 3.80965924263,
        "dmean2": 5.27284622192,
        "dvar": 22.1446399689,
        "dvar2": 43.9798774719,
        "max": 69.1664733887,
        "mean": 14.0681028366,
        "median": 11.6441297531,
        "min": 1.81272685528,
        "var": 77.2866668701
    },
    "dissonance": {
        "dmean": 0.0313774645329,
        "dmean2": 0.0497745200992,
        "dvar": 0.000922715582419,
        "dvar2": 0.00222568889149,
        "max": 0.497242093086,
        "mean": 0.418238461018,
        "median": 0.428673297167,
        "min": 0.221688777208,
        "var": 0.00292002526112
    },
    "dynamic_complexity": 3.8347363472,
    "erbbands_crest": {
        "dmean": 2.15381717682,
        "dmean2": 3.10071253777,
        "dvar": 5.3819065094,
        "dvar2": 10.7932300568,
        "max": 26.6847934723,
        "mean": 10.4835414886,
        "median": 9.70230484009,
        "min": 3.15015363693,
        "var": 20.974023819
    },
    "erbbands_flatness_db": {
        "dmean": 0.0221372041851,
        "dmean2": 0.029619384557,
        "dvar": 0.000505095929839,
        "dvar2": 0.000943428021856,
        "max": 0.351942926645,
        "mean": 0.203135505319,
        "median": 0.19841440022,
        "min": 0.0809918791056,
        "var": 0.00253564561717
    },
    "erbbands_kurtosis": {
        "dmean": 1.04224205017,
        "dmean2": 1.58013868332,
        "dvar": 3.19366359711,
        "dvar2": 6.76463699341,
        "max": 40.9717903137,
        "mean": 0.93906056881,
        "median": 0.115487575531,
        "min": -1.56569755077,
        "var": 10.8636598587
    },
    "erbbands_skewness": {
        "dmean": 0.363958597183,
        "dmean2": 0.527173340321,
        "dvar": 0.167777299881,
        "dvar2": 0.373100429773,
        "max": 4.88252449036,
        "mean": 0.430557906628,
        "median": 0.380333602428,
        "min": -3.12635135651,
        "var": 0.588470220566
    },
    "erbbands_spread": {
        "dmean": 6.00090837479,
        "dmean2": 8.59322452545,
        "dvar": 49.9738006592,
        "dvar2": 101.059402466,
        "max": 91.8774642944,
        "mean": 25.6889266968,
        "median": 23.2600231171,
        "min": 3.51164293289,
        "var": 186.962097168
    },
    "hfc": {
        "dmean": 6.52208900452,
        "dmean2": 7.84665679932,
        "dvar": 95.8635025024,
        "dvar2": 167.041305542,
        "max": 91.4062576294,
        "mean": 14.9597606659,
        "median": 8.89948177338,
        "min": 0.0445890426636,
        "var": 269.606262207
    },
    "melbands_crest": {
        "dmean": 2.54695487022,
        "dmean2": 4.03223323822,
        "dvar": 6.28164863586,
        "dvar2": 16.0023956299,
        "max": 27.9591789246,
        "mean": 11.8969583511,
        "median": 11.0584869385,
        "min": 4.39591503143,
        "var": 16.3043785095
    },
    "melbands_flatness_db": {
        "dmean": 0.0295310746878,
        "dmean2": 0.0400940738618,
        "dvar": 0.000938329903875,
        "dvar2": 0.0018935065018,
        "max": 0.459523022175,
        "mean": 0.246381416917,
        "median": 0.251161038876,
        "min": 0.0682939365506,
        "var": 0.00582881970331
    },
    "melbands_kurtosis": {
        "dmean": 4.60939073563,
        "dmean2": 7.41391181946,
        "dvar": 111.437355042,
        "dvar2": 287.208007812,
        "max": 203.248153687,
        "mean": 7.62054681778,
        "median": 4.15425348282,
        "min": -1.52206242085,
        "var": 138.8697052
    },
    "melbands_skewness": {
        "dmean": 0.592412412167,
        "dmean2": 0.89138931036,
        "dvar": 0.519856631756,
        "dvar2": 1.27895390987,
        "max": 10.7792024612,
        "mean": 1.91687035561,
        "median": 1.71323740482,
        "min": -0.476940959692,
        "var": 1.31711983681
    },
    "melbands_spread": {
        "dmean": 5.07437181473,
        "dmean2": 7.5171546936,
        "dvar": 49.6706123352,
        "dvar2": 117.395935059,
        "max": 77.7149276733,
        "mean": 16.9947681427,
        "median": 14.2453365326,
        "min": 1.31543838978,
        "var": 121.244392395
    },
    "pitch_salience": {
        "dmean": 0.0592251196504,
        "dmean2": 0.0958323404193,
        "dvar": 0.00328047876246,
        "dvar2": 0.0088375909254,
        "max": 0.791158437729,
        "mean": 0.543984591961,
        "median": 0.540358006954,
        "min": 0.220817521214,
        "var": 0.00828894786537
    },
    "silence_rate_20dB": {
        "dmean": 0,
        "dmean2": 0,
        "dvar": 0,
        "dvar2": 0,
        "max": 1,
        "mean": 1,
        "median": 1,
        "min": 1,
        "var": 0
    },
    "silence_rate_30dB": {
        "dmean": 0,
        "dmean2": 0,
        "dvar": 0,
        "dvar2": 0,
        "max": 1,
        "mean": 1,
        "median": 1,
        "min": 1,
        "var": 0
    },
    "silence_rate_60dB": {
        "dmean": 0.0255417954177,
        "dmean2": 0.0503485687077,
        "dvar": 0.0248893648386,
        "dvar2": 0.0540111847222,
        "max": 1,
        "mean": 0.0989945828915,
        "median": 0,
        "min": 0,
        "var": 0.0891945287585
    },
    "spectral_centroid": {
        "dmean": 189.516082764,
        "dmean2": 261.209136963,
        "dvar": 65989.59375,
        "dvar2": 121654.953125,
        "max": 2778.52416992,
        "mean": 897.41998291,
        "median": 707.085021973,
        "min": 203.041534424,
        "var": 265190.03125
    },
    "spectral_complexity": {
        "dmean": 3.22058820724,
        "dmean2": 4.38729667664,
        "dvar": 22.5142440796,
        "dvar2": 35.8934402466,
        "max": 54,
        "mean": 14.3503484726,
        "median": 11,
        "min": 0,
        "var": 89.5023193359
    },
    "spectral_decrease": {
        "dmean": 2.43687514612e-09,
        "dmean2": 3.41600925324e-09,
        "dvar": 1.45658515306e-17,
        "dvar2": 3.501103154e-17,
        "max": -1.60114387027e-11,
        "mean": -5.30689892031e-09,
        "median": -3.97220834003e-09,
        "min": -3.29108758024e-08,
        "var": 2.40698258966e-17
    },
    "spectral_energy": {
        "dmean": 0.00971368234605,
        "dmean2": 0.0134483696893,
        "dvar": 0.000224669463933,
        "dvar2": 0.000529719109181,
        "max": 0.12873595953,
        "mean": 0.0213863477111,
        "median": 0.0160820875317,
        "min": 6.60089935991e-05,
        "var": 0.000390964560211
    },
    "spectral_energyband_high": {
        "dmean": 0.000190201011719,
        "dmean2": 0.000242422160227,
        "dvar": 1.71839431573e-07,
        "dvar2": 2.7553986115e-07,
        "max": 0.00517192436382,
        "mean": 0.00033431846532,
        "median": 2.91576998279e-05,
        "min": 3.94141807192e-07,
        "var": 4.46919273145e-07
    },
    "spectral_energyband_low": {
        "dmean": 0.0035637919791,
        "dmean2": 0.00620888359845,
        "dvar": 8.10983474366e-05,
        "dvar2": 0.000224091170821,
        "max": 0.066119633615,
        "mean": 0.00451905513182,
        "median": 0.00239687552676,
        "min": 8.26431346468e-07,
        "var": 6.18755657342e-05
    },
    "spectral_energyband_middle_high": {
        "dmean": 0.00222219782881,
        "dmean2": 0.00284935254604,
        "dvar": 1.41600767165e-05,
        "dvar2": 2.65251692326e-05,
        "max": 0.0361211039126,
        "mean": 0.00447552511469,
        "median": 0.00214332109317,
        "min": 1.21883567772e-05,
        "var": 3.28028654621e-05
    },
    "spectral_energyband_middle_low": {
        "dmean": 0.00562240369618,
        "dmean2": 0.00756379729137,
        "dvar": 0.000110466746264,
        "dvar2": 0.0002641568135,
        "max": 0.115572601557,
        "mean": 0.0129271401092,
        "median": 0.0095679461956,
        "min": 4.21745244239e-05,
        "var": 0.000174472399522
    },
    "spectral_entropy": {
        "dmean": 0.241290301085,
        "dmean2": 0.317367404699,
        "dvar": 0.067826487124,
        "dvar2": 0.120602101088,
        "max": 8.37717628479,
        "mean": 6.89859247208,
        "median": 6.91865730286,
        "min": 5.47438144684,
        "var": 0.326224625111
    },
    "spectral_flux": {
        "dmean": 0.0271273870021,
        "dmean2": 0.0409393459558,
        "dvar": 0.00135766458698,
        "dvar2": 0.00266307755373,
        "max": 0.32137092948,
        "mean": 0.064360588789,
        "median": 0.05026140064,
        "min": 0.00181741139386,
        "var": 0.00278986454941
    },
    "spectral_kurtosis": {
        "dmean": 4.48357009888,
        "dmean2": 7.0231962204,
        "dvar": 28.8948783875,
        "dvar2": 70.6215209961,
        "max": 58.8747634888,
        "mean": 10.952495575,
        "median": 8.06279277802,
        "min": 0.0233151912689,
        "var": 78.7412796021
    },
    "spectral_rms": {
        "dmean": 0.000918732723221,
        "dmean2": 0.00119533191901,
        "dvar": 1.33713979267e-06,
        "dvar2": 2.99447378893e-06,
        "max": 0.0112069640309,
        "mean": 0.00410568760708,
        "median": 0.00396104063839,
        "min": 0.000253769627307,
        "var": 4.00805720346e-06
    },
    "spectral_rolloff": {
        "dmean": 310.897186279,
        "dmean2": 507.607086182,
        "dvar": 240356.75,
        "dvar2": 526310.625,
        "max": 7041.35742188,
        "mean": 1081.52148438,
        "median": 796.728515625,
        "min": 107.666015625,
        "var": 533889.5
    },
    "spectral_skewness": {
        "dmean": 0.472906470299,
        "dmean2": 0.693403244019,
        "dvar": 0.245925754309,
        "dvar2": 0.52771884203,
        "max": 5.59381055832,
        "mean": 2.43605971336,
        "median": 2.24123764038,
        "min": 0.529072284698,
        "var": 1.1157258749
    },
    "spectral_spread": {
        "dmean": 603195.1875,
        "dmean2": 923198.75,
        "dvar": 563041337344,
        "dvar2": 1.32939815322e+12,
        "max": 8841570,
        "mean": 3524415.5,
        "median": 3371200.5,
        "min": 1361932.75,
        "var": 1.48099930522e+12
    },
    "spectral_strongpeak": {
        "dmean": 0.45840960741,
        "dmean2": 0.698000371456,
        "dvar": 0.39510807395,
        "dvar2": 0.847263872623,
        "max": 5.94715261459,
        "mean": 0.978298187256,
        "median": 0.573538064957,
        "min": 0,
        "var": 0.971769750118
    },
    "zerocrossingrate": {
        "dmean": 0.00700676022097,
        "dmean2": 0.00769941229373,
        "dvar": 5.17364169355e-05,
        "dvar2": 6.15598910372e-05,
        "max": 0.142578125,
        "mean": 0.0412558019161,
        "median": 0.037109375,
        "min": 0.0068359375,
        "var": 0.00033804323175
    },
    "barkbands": {
        "dmean": [6.06767898716e-05, 0.00199286732823, 0.00138045637868, 0.00139668839984, 0.00161498493981, 0.000987778184935, 0.0010448145913, 0.00150624976959, 0.000592905504163, 0.000314025004627, 0.000156912283273, 0.000565016584005, 0.000532187288627, 0.000269386335276, 0.000352295057382, 0.000134589761728, 0.000292929646093, 0.000207136239624, 0.00011419205839, 6.38499695924e-05, 6.38863930362e-05, 6.11484138062e-05, 2.86229442281e-05, 1.96193414013e-05, 1.03293668872e-05, 5.75480316911e-06, 2.13074025091e-09],
        "dmean2": [9.43108825595e-05, 0.00344368908554, 0.00250014010817, 0.00243132538162, 0.00259701069444, 0.00136707548518, 0.00143582047895, 0.00171491422225, 0.000761114293709, 0.000450950319646, 0.000214460786083, 0.00073117116699, 0.000757444358896, 0.000365502492059, 0.000501003116369, 0.000213891456951, 0.000466680910904, 0.000320362742059, 0.000165991659742, 9.56500371103e-05, 8.88942668098e-05, 8.23713999125e-05, 3.92553265556e-05, 2.70329564955e-05, 1.45051508298e-05, 9.43582199397e-06, 2.89421020483e-09],
        "dvar": [1.58110644577e-08, 2.86176145892e-05, 1.65147012012e-05, 1.77725651156e-05, 2.3516242436e-05, 5.12437054567e-06, 2.79057917396e-06, 5.82913116887e-06, 1.90720732007e-06, 2.98893951367e-07, 1.68566586467e-07, 1.20398863146e-06, 1.88740148133e-06, 3.1184032423e-07, 5.50040340386e-07, 1.38566051078e-07, 5.29431360974e-07, 3.27533598465e-07, 1.16344430978e-07, 2.30528449663e-08, 1.91630800117e-08, 1.96456877433e-08, 4.28998037094e-09, 2.05407313381e-09, 8.585068767e-10, 2.61543875446e-09, 1.89406519643e-15],
        "dvar2": [3.43165105221e-08, 7.96602107584e-05, 4.64704971819e-05, 4.9591602874e-05, 6.12070143688e-05, 1.24190282804e-05, 5.64461061003e-06, 8.23777918413e-06, 3.60985245607e-06, 6.58902536088e-07, 2.78361824257e-07, 2.12767167795e-06, 4.07423203796e-06, 5.51532593818e-07, 1.18270452276e-06, 3.52825480832e-07, 1.2022461533e-06, 7.46558896481e-07, 2.60840636201e-07, 4.77088590856e-08, 3.56556810743e-08, 3.31869749459e-08, 7.82582887382e-09, 3.60917473685e-09, 1.81241111008e-09, 7.26807991569e-09, 1.90126899989e-15],
        "max": [0.00122116692364, 0.038079816848, 0.0362879186869, 0.043416980654, 0.0576788038015, 0.0312853641808, 0.0256026014686, 0.0362311676145, 0.0226724166423, 0.00828817114234, 0.0095583004877, 0.0151806073263, 0.0209936555475, 0.011432595551, 0.00808702223003, 0.00441392930225, 0.00632480625063, 0.00691777653992, 0.00666542816907, 0.00220137694851, 0.00178536877502, 0.00162126752548, 0.00083616230404, 0.000584035587963, 0.000424877653131, 0.00144150597043, 1.56509076987e-06],
        "mean": [8.60453947098e-05, 0.00217855279334, 0.00153468595818, 0.00171032641083, 0.00275886734016, 0.00177430501208, 0.00197840621695, 0.00319135189056, 0.00117454654537, 0.000525144452695, 0.000298589380691, 0.000949670327827, 0.000846418028232, 0.000430158572271, 0.000551135628484, 0.00016832286201, 0.000398970762035, 0.000263401539996, 0.000169168648426, 0.000100295925222, 0.000104299877421, 0.000103490041511, 4.14850692323e-05, 2.89022045763e-05, 1.3841128748e-05, 5.97396274316e-06, 1.96642191419e-09],
        "median": [7.49984246795e-06, 0.00077651720494, 0.000835943268612, 0.00068866123911, 0.00138294161297, 0.000865148263983, 0.000920322490856, 0.000866376387421, 0.000366066291463, 0.000226970936637, 7.68421887187e-05, 0.000275862985291, 0.000220412563067, 0.00012301444076, 0.000105002443888, 2.48495744017e-05, 3.81291720259e-05, 1.32921441036e-05, 7.99559802545e-06, 3.64179823009e-06, 6.3179195422e-06, 4.04729598813e-06, 3.08903872792e-06, 4.90161710331e-06, 2.94763208331e-06, 1.17564206903e-06, 2.36685615551e-10],
        "min": [1.56007367025e-08, 8.11948481783e-08, 2.68509410262e-08, 4.51304373428e-07, 7.34025934435e-06, 4.17455703428e-06, 5.14008718255e-07, 7.59614749768e-07, 6.10294705439e-07, 5.96864211388e-08, 6.86303209818e-08, 6.04582737651e-07, 3.30872637733e-07, 2.21468127393e-07, 1.88864433426e-07, 3.58580734883e-07, 7.62018217415e-08, 5.70195695104e-08, 5.15935170142e-08, 6.11394455063e-08, 5.70409000034e-08, 3.77942228624e-08, 3.86361911353e-08, 4.43451639853e-08, 3.12642605138e-08, 2.25337769277e-11, 1.27022914756e-11],
        "var": [2.66873367849e-08, 2.11452461372e-05, 1.12953612188e-05, 1.37659808388e-05, 2.40311746893e-05, 7.21615879229e-06, 7.3053424785e-06, 2.25914245675e-05, 5.4921483752e-06, 6.56249881104e-07, 4.17119707663e-07, 3.06709125653e-06, 3.09062784254e-06, 7.23999562524e-07, 1.14030240184e-06, 1.5146585497e-07, 7.65068534747e-07, 4.31127318734e-07, 1.64022253557e-07, 4.83076441071e-08, 4.50742554392e-08, 4.98366752311e-08, 8.69483685051e-09, 4.06415701093e-09, 1.23429155785e-09, 1.80318548981e-09, 1.89411495962e-15]
    },
    "erbbands": {
        "dmean": [0.0421561710536, 0.512782633305, 1.55897474289, 2.97559046745, 6.3590259552, 4.92464208603, 4.83815479279, 8.27429485321, 13.6446657181, 18.2516784668, 36.4352455139, 16.6780204773, 12.1352853775, 6.55533218384, 7.18845558167, 29.8884334564, 26.3379116058, 16.4837150574, 17.9297428131, 12.0103092194, 8.0920791626, 13.9358291626, 12.5967206955, 8.07893562317, 3.97582435608, 2.99592804909, 2.70949673653, 2.32297825813, 2.07602334023, 1.6875013113, 0.725414276123, 0.373303472996, 0.360047310591, 0.180335566401, 0.0433055013418, 0.0237299967557, 0.0117880031466, 0.00116019451525, 2.3592969228e-05, 1.18756261145e-05],
        "dmean2": [0.070308573544, 0.907314479351, 2.83122706413, 5.20338153839, 10.2507066727, 7.93926000595, 7.06274795532, 12.0763320923, 18.2018451691, 23.896320343, 40.8481636047, 19.9507331848, 16.6732826233, 9.22447395325, 9.42158889771, 38.2686309814, 36.9081573486, 22.0325584412, 24.4688129425, 18.7954425812, 12.587266922, 21.6367378235, 19.0584793091, 11.9402122498, 5.73548030853, 4.44746780396, 3.69531941414, 3.13957548141, 2.84955620766, 2.30876898766, 1.01102221012, 0.519397616386, 0.514425456524, 0.260262578726, 0.0614133328199, 0.0348285250366, 0.0205626487732, 0.00214495905675, 3.99463206122e-05, 1.61950811162e-05],
        "dvar": [0.0116644632071, 2.03430223465, 20.9592132568, 56.6735496521, 348.89743042, 218.650558472, 185.109527588, 371.794342041, 337.630645752, 1157.47033691, 4102.73779297, 1365.52893066, 449.574645996, 171.739868164, 259.37387085, 3238.4206543, 4639.56445312, 1076.22644043, 1664.09289551, 720.831665039, 375.213317871, 1306.79211426, 1145.67480469, 594.74786377, 106.493247986, 44.4557762146, 31.2536029816, 31.5465183258, 24.5057640076, 13.8185911179, 2.51170659065, 0.747965216637, 0.723705768585, 0.265938669443, 0.0197063367814, 0.0130345942453, 0.017444094643, 0.000254128011875, 6.70463933261e-08, 4.41148256813e-10],
        "dvar2": [0.0301812384278, 5.77554321289, 59.0977859497, 157.034088135, 916.029418945, 578.487304688, 395.996154785, 977.851074219, 614.732116699, 2150.2409668, 5725.51708984, 2425.84057617, 976.026733398, 381.292358398, 426.166381836, 5784.47119141, 10014.8388672, 1929.8659668, 3425.66967773, 1822.07568359, 899.103088379, 2958.10913086, 2432.8840332, 1355.3737793, 209.162185669, 92.4785766602, 57.3811187744, 59.0346565247, 43.0945625305, 24.6189880371, 4.69956016541, 1.23599612713, 1.42830038071, 0.574892282486, 0.0428554601967, 0.0281658452004, 0.0501892194152, 0.000750075036194, 1.96682265141e-07, 1.07760389501e-09],
        "max": [0.813104271889, 10.2626008987, 33.8648986816, 74.4131546021, 251.620391846, 164.662017822, 184.666793823, 290.494750977, 174.287490845, 682.808288574, 991.606628418, 666.399291992, 325.425354004, 177.125762939, 309.609863281, 777.812255859, 1044.28198242, 612.316101074, 500.787109375, 343.561828613, 229.898025513, 325.06237793, 381.342163086, 422.844665527, 164.574584961, 73.8618621826, 53.9386711121, 82.8253250122, 68.785118103, 42.9313545227, 21.5460147858, 10.9727678299, 10.4830741882, 7.79289913177, 2.98777937889, 3.29253339767, 3.56005787849, 0.415712863207, 0.00682404451072, 0.000365198735381],
        "mean": [0.0499002896249, 0.530263185501, 1.7448977232, 3.87596440315, 10.1084051132, 7.12826299667, 8.00778865814, 14.4458036423, 27.7639446259, 34.4681053162, 78.5604095459, 35.4186935425, 22.8840942383, 10.8524255753, 14.6636714935, 51.4249763489, 43.8410263062, 27.58842659, 29.8992233276, 16.5425872803, 11.9769849777, 18.7583599091, 16.3514270782, 11.6837720871, 6.35450220108, 4.91734743118, 4.47401428223, 3.75668644905, 3.46782469749, 2.63928127289, 1.05722284317, 0.548167288303, 0.500728905201, 0.243308842182, 0.0580166652799, 0.0294441580772, 0.0104690641165, 0.00089148216648, 2.86924332613e-05, 2.61337590928e-05],
        "median": [0.00928617734462, 0.203177332878, 1.03739964962, 1.98125827312, 4.54203891754, 4.02099275589, 2.53879094124, 7.03364992142, 15.989865303, 11.71849823, 17.7834587097, 14.9341936111, 10.4548864365, 4.10214519501, 5.37097120285, 17.8748054504, 14.1654529572, 9.77452754974, 6.72902870178, 4.19066429138, 1.94632339478, 1.56994903088, 0.853525578976, 0.622925937176, 0.317638069391, 0.200510367751, 0.263433933258, 0.197943359613, 0.157795742154, 0.0921135544777, 0.0982625335455, 0.0712593495846, 0.103643611073, 0.0517686754465, 0.0124252559617, 0.00555071001872, 0.00210784585215, 0.000171933425008, 1.37070837809e-05, 1.93229734577e-05],
        "min": [9.25577933231e-06, 3.2881845982e-05, 7.56892914069e-05, 0.00140740175266, 0.0117180189118, 0.0213670488447, 0.0168830323964, 0.0494587682188, 0.0200108326972, 0.0152182755992, 0.0635200589895, 0.0369985327125, 0.00317643885501, 0.0222017690539, 0.0116112884134, 0.0315981917083, 0.0211805980653, 0.0224283151329, 0.0145016768947, 0.0125282593071, 0.0138868307695, 0.0045941947028, 0.00377457821742, 0.00443355785683, 0.00233704876155, 0.00241124327295, 0.0018885419704, 0.00179995479994, 0.00135255430359, 0.00116912950762, 0.000899590319023, 0.000347603840055, 0.000690742279403, 0.000578365637921, 7.08873340045e-05, 6.26416112937e-06, 1.87664556961e-06, 1.52701232992e-07, 6.14268955701e-08, 8.39745908365e-08],
        "var": [0.0109356185421, 1.38846874237, 14.3021440506, 45.9158248901, 356.295410156, 196.815689087, 266.674560547, 464.26739502, 1019.90649414, 3053.79663086, 16173.9228516, 4087.40722656, 1153.88269043, 312.455688477, 686.70111084, 8132.86865234, 7596.39355469, 2481.69262695, 3733.25952148, 914.248840332, 568.926635742, 1807.35205078, 1599.9473877, 839.282958984, 192.267562866, 107.458068848, 81.7427215576, 66.2505111694, 57.1934585571, 32.5493011475, 5.11253929138, 1.56478464603, 1.21945059299, 0.367784827948, 0.0268367808312, 0.0165408924222, 0.010151152499, 0.000134801492095, 3.68052575084e-08, 6.7204231069e-10]
    },
    "gfcc": {
        "mean": [-53.8388442993, 125.844551086, -115.582145691, 8.98393630981, -62.5470504761, 14.9849720001, -43.1431617737, 2.60057997704, -22.2066364288, 4.02235603333, -15.1057434082, -7.13445520401, -15.1253051758],
        "cov": [[6955.5078125, -964.943481445, -1316.55578613, 862.633056641, -303.611938477, 34.7692527771, 70.6595306396, 54.0845298767, 274.470458984, -84.6520996094, -11.4906778336, -94.4488830566, -271.999237061], [-964.943481445, 1065.92382812, 443.551940918, -399.789703369, 434.247589111, 142.108612061, 72.6807479858, -35.6504402161, 105.340560913, 42.9047546387, 84.3315200806, -107.829307556, 63.5420875549], [-1316.55578613, 443.551940918, 1054.60498047, -106.941162109, 89.194694519, 252.437988281, 73.511680603, -23.1860179901, -77.3232040405, 46.6650505066, -47.4029464722, 10.5311985016, 47.8390769958], [862.633056641, -399.789703369, -106.941162109, 808.74432373, 10.2893323898, -61.9956588745, 116.961746216, 44.2031707764, -113.640312195, -158.804000854, -38.2779312134, 74.4485931396, 12.9759664536], [-303.611938477, 434.247589111, 89.194694519, 10.2893323898, 485.377868652, 71.4240341187, 34.8943023682, 32.3030586243, 32.6597366333, -3.89845108986, 33.7029266357, -7.56443119049, 34.4902572632], [34.7692527771, 142.108612061, 252.437988281, -61.9956588745, 71.4240341187, 260.905578613, 46.9031066895, -16.3522510529, 28.8617420197, 35.1041297913, 12.8025760651, -32.0989990234, -3.87937951088], [70.6595306396, 72.6807479858, 73.511680603, 116.961746216, 34.8943023682, 46.9031066895, 148.495681763, 30.5890731812, -9.37100696564, -31.7937488556, 7.56817483902, 8.12942123413, 5.40080165863], [54.0845298767, -35.6504402161, -23.1860179901, 44.2031707764, 32.3030586243, -16.3522510529, 30.5890731812, 116.930603027, 33.2845878601, -12.391245842, -5.71578359604, 9.05567646027, 1.20415830612], [274.470458984, 105.340560913, -77.3232040405, -113.640312195, 32.6597366333, 28.8617420197, -9.37100696564, 33.2845878601, 165.399017334, 71.2201080322, 22.6702232361, -54.6815185547, -17.8087387085], [-84.6520996094, 42.9047546387, 46.6650505066, -158.804000854, -3.89845108986, 35.1041297913, -31.7937488556, -12.391245842, 71.2201080322, 134.080078125, 34.8991584778, -13.9661226273, -23.738363266], [-11.4906778336, 84.3315200806, -47.4029464722, -38.2779312134, 33.7029266357, 12.8025760651, 7.56817483902, -5.71578359604, 22.6702232361, 34.8991584778, 95.3817901611, 14.1783084869, 3.10996651649], [-94.4488830566, -107.829307556, 10.5311985016, 74.4485931396, -7.56443119049, -32.0989990234, 8.12942123413, 9.05567646027, -54.6815185547, -13.9661226273, 14.1783084869, 115.796836853, 52.3050270081], [-271.999237061, 63.5420875549, 47.8390769958, 12.9759664536, 34.4902572632, -3.87937951088, 5.40080165863, 1.20415830612, -17.8087387085, -23.738363266, 3.10996651649, 52.3050270081, 107.840667725]],
        "icov": [[0.000364757259376, -0.000437452516053, 0.000660430407152, -0.000638707075268, 0.000526021583937, -0.00083622999955, 0.000279908097582, -1.09568754851e-05, -0.000619128288236, -6.7201013735e-05, 0.00066579336999, -0.000812461657915, 0.00100725167431], [-0.000437452516053, 0.00887125171721, -0.00469987886027, 0.004731036257, -0.00671154819429, 0.0050264634192, -0.00537336152047, 0.00484948605299, -0.00384201761335, 0.00589668191969, -0.008271003142, 0.00867102388293, -0.00557612022385], [0.000660430407152, -0.00469987886027, 0.00469120033085, -0.00278510665521, 0.00361969647929, -0.00482921302319, 0.00214800890535, -0.00258860364556, 0.00271690497175, -0.0043787509203, 0.00607230793685, -0.00483915442601, 0.00293580023572], [-0.000638707075268, 0.004731036257, -0.00278510665521, 0.00494409911335, -0.00392163917422, 0.00344749516807, -0.00411827396601, 0.0021743348334, -0.000756273570005, 0.00446849735454, -0.00420993519947, 0.00387364346534, -0.00309642753564], [0.000526021583937, -0.00671154819429, 0.00361969647929, -0.00392163917422, 0.00756993703544, -0.00459533417597, 0.00410027708858, -0.00420221919194, 0.00208845757879, -0.00389268249273, 0.00531345233321, -0.00619030511007, 0.0037398962304], [-0.00083622999955, 0.0050264634192, -0.00482921302319, 0.00344749516807, -0.00459533417597, 0.00993110146374, -0.00463935919106, 0.00368273910135, -0.00217364146374, 0.00282727717422, -0.00604976899922, 0.00661760289222, -0.00409703655168], [0.000279908097582, -0.00537336152047, 0.00214800890535, -0.00411827396601, 0.00410027708858, -0.00463935919106, 0.0127784823999, -0.00504987221211, 0.00175382965244, -0.00136289699003, 0.00279336608946, -0.0052394233644, 0.00380320381373], [-1.09568754851e-05, 0.00484948605299, -0.00258860364556, 0.0021743348334, -0.00420221919194, 0.00368273910135, -0.00504987221211, 0.0141748161986, -0.00743133714423, 0.00561309140176, -0.00291098188609, 0.00129617739003, -0.000963626254816], [-0.000619128288236, -0.00384201761335, 0.00271690497175, -0.000756273570005, 0.00208845757879, -0.00217364146374, 0.00175382965244, -0.00743133714423, 0.016876090318, -0.0103611880913, 0.00265333219431, 0.00368075002916, -0.00251862406731], [-6.7201013735e-05, 0.00589668191969, -0.0043787509203, 0.00446849735454, -0.00389268249273, 0.00282727717422, -0.00136289699003, 0.00561309140176, -0.0103611880913, 0.0199781544507, -0.00922496989369, 0.0011023216648, 0.00153112004045], [0.00066579336999, -0.008271003142, 0.00607230793685, -0.00420993519947, 0.00531345233321, -0.00604976899922, 0.00279336608946, -0.00291098188609, 0.00265333219431, -0.00922496989369, 0.022000098601, -0.0114068128169, 0.0056467987597], [-0.000812461657915, 0.00867102388293, -0.00483915442601, 0.00387364346534, -0.00619030511007, 0.00661760289222, -0.0052394233644, 0.00129617739003, 0.00368075002916, 0.0011023216648, -0.0114068128169, 0.0253409035504, -0.0141234174371], [0.00100725167431, -0.00557612022385, 0.00293580023572, -0.00309642753564, 0.0037398962304, -0.00409703655168, 0.00380320381373, -0.000963626254816, -0.00251862406731, 0.00153112004045, 0.0056467987597, -0.0141234174371, 0.0192544832826]]
    },
    "melbands": {
        "dmean": [0.000466150639113, 0.000775788677856, 0.000621309911367, 0.000409470347222, 0.000166226775036, 0.000192643186892, 0.000214561499888, 0.000205006988836, 0.00027490381035, 9.28962472244e-05, 5.8385579905e-05, 2.62790108536e-05, 2.11780352402e-05, 6.3851934101e-05, 6.65445404593e-05, 4.44761972176e-05, 3.16303303407e-05, 2.6980513212e-05, 1.89905294974e-05, 1.28354549815e-05, 1.03760185084e-05, 1.3025662156e-05, 1.90528589883e-05, 7.41987651054e-06, 7.02966190147e-06, 3.2218895285e-06, 2.7113349006e-06, 1.77707033799e-06, 1.57727640726e-06, 1.83167958312e-06, 1.42938040426e-06, 1.28608076011e-06, 1.12183454348e-06, 8.56133056004e-07, 4.57606006421e-07, 2.76615168104e-07, 2.20846246179e-07, 2.82793280348e-07, 2.00850763576e-07, 1.43434277788e-07],
        "dmean2": [0.000792721111793, 0.0013950051507, 0.00105575332418, 0.000655452313367, 0.00024347974977, 0.000273558369372, 0.000286283408059, 0.00026018981589, 0.000310554809403, 0.000114696384117, 8.09055854916e-05, 3.7584821257e-05, 2.88927803922e-05, 8.21890571387e-05, 8.98382641026e-05, 6.3732113631e-05, 4.23553829023e-05, 3.72448739654e-05, 2.76619248325e-05, 2.06431959668e-05, 1.63457079907e-05, 2.05255164474e-05, 2.95936333714e-05, 1.11587951324e-05, 1.06007655631e-05, 4.71998919238e-06, 4.00579529014e-06, 2.6811526368e-06, 2.19393200496e-06, 2.56317002822e-06, 1.98126940631e-06, 1.81591599357e-06, 1.59225623975e-06, 1.20710626561e-06, 6.520094189e-07, 4.00953979351e-07, 3.20639600204e-07, 4.20488930786e-07, 2.86795568627e-07, 2.13934640669e-07],
        "dvar": [1.48790968524e-06, 4.98518375025e-06, 2.61772197518e-06, 1.61910429597e-06, 2.0269901313e-07, 1.80368630254e-07, 8.6200294902e-08, 1.18753931133e-07, 2.3137727112e-07, 4.96028107477e-08, 1.07599458232e-08, 3.08790970571e-09, 3.51401441279e-09, 1.60024669071e-08, 1.94622540306e-08, 1.08966808909e-08, 4.46995640502e-09, 3.6941081305e-09, 1.44572676053e-09, 1.06593955884e-09, 6.37383867907e-10, 1.02587216499e-09, 2.46198705867e-09, 4.15987078117e-10, 5.02619057485e-10, 6.68055333275e-11, 5.36424793474e-11, 1.67759625636e-11, 1.22854833945e-11, 1.57742447576e-11, 1.37024783881e-11, 9.8290629108e-12, 6.95732924397e-12, 3.68602804529e-12, 1.06741763865e-12, 4.23275265749e-13, 2.85166638567e-13, 4.37057806396e-13, 2.69258953241e-13, 1.79053210518e-13],
        "dvar2": [4.0479199015e-06, 1.41312175401e-05, 7.11401389708e-06, 4.22015000368e-06, 4.64721892968e-07, 4.5931318482e-07, 1.63932767805e-07, 2.08837406035e-07, 3.29066779159e-07, 8.78658710235e-08, 2.3499994839e-08, 6.95416435548e-09, 5.86275827885e-09, 2.8463219337e-08, 4.0480838237e-08, 2.34033254998e-08, 7.87419285331e-09, 7.63181517982e-09, 3.30984817332e-09, 2.6798332442e-09, 1.51776435864e-09, 2.30419394676e-09, 5.43204325965e-09, 9.21495324491e-10, 1.18869203369e-09, 1.35115835187e-10, 1.14890250091e-10, 3.60099484953e-11, 2.30809295287e-11, 3.16305419357e-11, 2.74981114268e-11, 1.82580166264e-11, 1.27023669361e-11, 6.97844820124e-12, 2.15428629796e-12, 8.15867881067e-13, 5.15696751795e-13, 9.0883940998e-13, 5.2483744347e-13, 4.09459494305e-13],
        "max": [0.00829771533608, 0.0164655297995, 0.0188816580921, 0.0155216222629, 0.00572625128552, 0.00626474805176, 0.00268043996766, 0.00623205117881, 0.0074169812724, 0.00448091607541, 0.00160689372569, 0.000777360459324, 0.00140363944229, 0.0018087538192, 0.00185663357843, 0.00142812693957, 0.0013986476697, 0.000758771144319, 0.000438775023213, 0.000402141158702, 0.000305235589622, 0.000262050773017, 0.000462422234705, 0.000259725871729, 0.000413830508478, 9.37201475608e-05, 0.000145650250488, 4.75102679047e-05, 4.53390020994e-05, 4.59655420855e-05, 5.55766528123e-05, 4.00018798246e-05, 2.93019929813e-05, 2.10659582081e-05, 1.57677241077e-05, 8.67299058882e-06, 7.08230072632e-06, 7.84503481555e-06, 7.32974058337e-06, 5.90608988205e-06],
        "mean": [0.000522244954482, 0.000865059031639, 0.00088570889784, 0.00065578520298, 0.000270427815849, 0.000347238208633, 0.000430941407103, 0.000400643068133, 0.000595533871092, 0.000189485857845, 0.000107171465061, 4.02418118028e-05, 4.04450620408e-05, 0.000108739906864, 0.000115741793707, 7.00784585206e-05, 5.0523365644e-05, 4.44394245278e-05, 2.85365422314e-05, 1.67310845427e-05, 1.49690522449e-05, 1.77753827302e-05, 2.3754506401e-05, 9.57545489655e-06, 9.75975399342e-06, 4.74394164485e-06, 4.18667468693e-06, 2.85737019112e-06, 2.42855162469e-06, 2.86476324618e-06, 2.11711312659e-06, 2.12629174712e-06, 1.72606917204e-06, 1.27606097067e-06, 6.46374360258e-07, 3.57574180043e-07, 3.1955448776e-07, 3.80862843485e-07, 2.7297423344e-07, 1.84524381552e-07],
        "median": [0.000146564329043, 0.000477586232591, 0.000577328319196, 0.000312906660838, 0.000106132902147, 0.000176079993253, 0.000242515670834, 0.000166140453075, 0.000132681947434, 6.60591758788e-05, 4.57729074697e-05, 1.2053978935e-05, 1.09932061605e-05, 3.40551341651e-05, 4.57590358565e-05, 2.04956522794e-05, 1.34973543027e-05, 9.33984574658e-06, 6.46632270218e-06, 2.83419876723e-06, 2.00505337489e-06, 1.79556377589e-06, 9.83653080766e-07, 5.9901253735e-07, 4.72105682547e-07, 2.79943094483e-07, 1.37760068242e-07, 1.06587592086e-07, 1.54496134996e-07, 1.56688329866e-07, 9.96962796762e-08, 9.29476087208e-08, 6.33111270076e-08, 4.16973371387e-08, 5.41472822135e-08, 4.21172607901e-08, 4.40001173274e-08, 7.85474085774e-08, 4.8372218231e-08, 3.94953261207e-08],
        "min": [3.02608960112e-08, 3.42101031947e-08, 6.75423962093e-07, 1.15869511319e-06, 6.13781423908e-07, 1.1271463336e-06, 1.58995106858e-07, 1.57742718443e-07, 1.49211260236e-07, 9.98385871753e-08, 4.84989248761e-09, 3.34459606677e-08, 3.04675751295e-08, 4.6986972535e-08, 4.60137741243e-08, 3.56681155722e-08, 1.58877853096e-08, 1.9395709927e-08, 1.28871002758e-08, 1.22410996894e-08, 1.02109956046e-08, 4.34936220373e-09, 3.37440098086e-09, 2.89567170242e-09, 3.48529716199e-09, 1.38549260953e-09, 1.78905668058e-09, 1.44993039797e-09, 1.10884013083e-09, 9.77319669637e-10, 9.85758807914e-10, 7.08438696595e-10, 4.75630090868e-10, 5.81069803385e-10, 3.4058822429e-10, 2.92799839929e-10, 5.64963111016e-11, 5.03854402645e-10, 4.38008407322e-10, 3.02043168254e-10],
