{
"highlevel": {
    "danceability": {
        "all": {
            "danceable": 0.999914348125,
            "not_danceable": 8.56629412738e-05
        },
        "probability": 0.999914348125,
        "value": "danceable"
    },
    "gender": {
        "all": {
            "female": 0.975136458874,
            "male": 0.0248635541648
        },
        "probability": 0.975136458874,
        "value": "female"
    },
    "genre_dortmund": {
        "all": {
            "alternative": 0.0344104208052,
            "blues": 0.031055778265,
            "electronic": 0.220716759562,
            "folkcountry": 0.0199993960559,
            "funksoulrnb": 0.0727269575,
            "jazz": 0.24306614697,
            "pop": 0.129470661283,
            "raphiphop": 0.132760360837,
            "rock": 0.115793526173
        },
        "probability": 0.24306614697,
        "value": "jazz"
    },
    "genre_electronic": {
        "all": {
            "ambient": 0.0567299090326,
            "dnb": 0.771555900574,
            "house": 0.093373015523,
            "techno": 0.00642315112054,
            "trance": 0.0719179958105
        },
        "probability": 0.771555900574,
        "value": "dnb"
    },
    "genre_rosamerica": {
        "all": {
            "cla": 0.00209757918492,
            "dan": 0.736283361912,
            "hip": 0.0626632347703,
            "jaz": 0.00336480513215,
            "pop": 0.104510702193,
            "rhy": 0.0624803230166,
            "roc": 0.0251020565629,
            "spe": 0.00349796214141
        },
        "probability": 0.736283361912,
        "value": "dan"
    },
    "genre_tzanetakis": {
        "all": {
            "blu": 0.0626613423228,
            "cla": 0.0348169617355,
            "cou": 0.104475811124,
            "dis": 0.0784321576357,
            "hip": 0.15692435205,
            "jaz": 0.313974827528,
            "met": 0.0448166541755,
            "pop": 0.0627359300852,
            "reg": 0.0627360641956,
            "roc": 0.0784258767962
        },
        "probability": 0.313974827528,
        "value": "jaz"
    },
    "ismir04_rhythm": {
        "all": {
            "ChaChaCha": 0.083817563951,
            "Jive": 0.204215034842,
            "Quickstep": 0.0240088962018,
            "Rumba-American": 0.017782766372,
            "Rumba-International": 0.139450922608,
            "Rumba-Misc": 0.0505594052374,
            "Samba": 0.417723804712,
            "Tango": 0.00678703794256,
            "VienneseWaltz": 0.0389831848443,
            "Waltz": 0.0166713800281
        },
        "probability": 0.417723804712,
        "value": "Samba"
    },
    "mood_acoustic": {
        "all": {
            "acoustic": 9.53359904088e-06,
            "not_acoustic": 0.999990463257
        },
        "probability": 0.999990463257,
        "value": "not_acoustic"
    },
    "mood_aggressive": {
        "all": {
            "aggressive": 0.140124872327,
            "not_aggressive": 0.859875142574
        },
        "probability": 0.859875142574,
        "value": "not_aggressive"
    },
    "mood_electronic": {
        "all": {
            "electronic": 0.915584743023,
            "not_electronic": 0.0844152271748
        },
        "probability": 0.915584743023,
        "value": "electronic"
    },
    "mood_happy": {
        "all": {
            "happy": 0.427253603935,
            "not_happy": 0.572746396065
        },
        "probability": 0.572746396065,
        "value": "not_happy"
    },
    "mood_party": {
        "all": {
            "not_party": 0.159124970436,
            "party": 0.840875029564
        },
        "probability": 0.840875029564,
        "value": "party"
    },
    "mood_relaxed": {
        "all": {
            "not_relaxed": 0.250920504332,
            "relaxed": 0.749079465866
        },
        "probability": 0.749079465866,
        "value": "relaxed"
    },
    "mood_sad": {
        "all": {
            "not_sad": 0.807695508003,
            "sad": 0.192304521799
        },
        "probability": 0.807695508003,
        "value": "not_sad"
    },
    "moods_mirex": {
        "all": {
            "Cluster1": 0.342540174723,
            "Cluster2": 0.189171671867,
            "Cluster3": 0.118350289762,
            "Cluster4": 0.0518801920116,
            "Cluster5": 0.298057675362
        },
        "probability": 0.342540174723,
        "value": "Cluster1"
    },
    "timbre": {
        "all": {
            "bright": 0.246430248022,
            "dark": 0.75356978178
        },
        "probability": 0.75356978178,
        "value": "dark"
    },
    "tonal_atonal": {
        "all": {
            "atonal": 0.830214262009,
            "tonal": 0.169785752892
        },
        "probability": 0.830214262009,
        "value": "atonal"
    },
    "voice_instrumental": {
        "all": {
            "instrumental": 0.0310172773898,
            "voice": 0.968982696533
        },
        "probability": 0.968982696533,
        "value": "voice"
    }
},
"lowlevel": {
    "average_loudness": 0.937874734402,
    "barkbands_crest": {
        "dmean": 3.31629395485,
        "dmean2": 5.27250671387,
        "dvar": 9.59655761719,
        "dvar2": 22.2863807678,
        "max": 26.5888690948,
        "mean": 16.6902866364,
        "median": 17.4346008301,
        "min": 3.42208886147,
        "var": 27.6762886047
    },
    "barkbands_flatness_db": {
        "dmean": 0.0350759476423,
        "dmean2": 0.0531351156533,
        "dvar": 0.000928472611122,
        "dvar2": 0.00214876001701,
        "max": 0.388750433922,
        "mean": 0.187408193946,
        "median": 0.185937300324,
        "min": 0.0594900920987,
        "var": 0.00322494516149
    },
    "barkbands_kurtosis": {
        "dmean": 11.9298343658,
        "dmean2": 19.0921802521,
        "dvar": 362.859863281,
        "dvar2": 898.143981934,
        "max": 338.179870605,
        "mean": 17.2412338257,
        "median": 9.28813171387,
        "min": -1.77707922459,
        "var": 550.462219238
    },
    "barkbands_skewness": {
        "dmean": 1.1492125988,
        "dmean2": 1.76689732075,
        "dvar": 1.32981908321,
        "dvar2": 3.28061127663,
        "max": 16.5803031921,
        "mean": 3.33347558975,
        "median": 2.96756362915,
        "min": -1.74028408527,
        "var": 3.86405777931
    },
    "barkbands_spread": {
        "dmean": 7.46760654449,
        "dmean2": 11.3301439285,
        "dvar": 62.8604393005,
        "dvar2": 144.675491333,
        "max": 64.6069564819,
        "mean": 17.086359024,
        "median": 14.6827411652,
        "min": 0.534031450748,
        "var": 137.369735718
    },
    "dissonance": {
        "dmean": 0.0205491725355,
        "dmean2": 0.0345189012587,
        "dvar": 0.000471320119686,
        "dvar2": 0.00124459969811,
        "max": 0.499967873096,
        "mean": 0.459599763155,
        "median": 0.472405254841,
        "min": 0.25272116065,
        "var": 0.00144936854485
    },
    "dynamic_complexity": 2.52122545242,
    "erbbands_crest": {
        "dmean": 2.71090531349,
        "dmean2": 4.29623889923,
        "dvar": 6.7586274147,
        "dvar2": 15.7100944519,
        "max": 29.7195835114,
        "mean": 8.41415786743,
        "median": 6.96136188507,
        "min": 2.15715098381,
        "var": 23.8334102631
    },
    "erbbands_flatness_db": {
        "dmean": 0.0144264884293,
        "dmean2": 0.0207301191986,
        "dvar": 0.000210241065361,
        "dvar2": 0.000371298345271,
        "max": 0.359263122082,
        "mean": 0.127949416637,
        "median": 0.110103443265,
        "min": 0.050822917372,
        "var": 0.00282839988358
    },
    "erbbands_kurtosis": {
        "dmean": 1.09284484386,
        "dmean2": 1.70730245113,
        "dvar": 8.0308265686,
        "dvar2": 18.5495128632,
        "max": 56.4916419983,
        "mean": 0.622576773167,
        "median": -0.355477333069,
        "min": -1.5990165472,
        "var": 13.7621603012
    },
    "erbbands_skewness": {
        "dmean": 0.374897271395,
        "dmean2": 0.567993164062,
        "dvar": 0.161254391074,
        "dvar2": 0.333636045456,
        "max": 6.15799379349,
        "mean": 0.479121595621,
        "median": 0.315004944801,
        "min": -1.50825583935,
        "var": 0.733018100262
    },
    "erbbands_spread": {
        "dmean": 11.2712020874,
        "dmean2": 17.2462730408,
        "dvar": 112.104454041,
        "dvar2": 242.584716797,
        "max": 138.053756714,
        "mean": 54.3707046509,
        "median": 53.6398773193,
        "min": 2.35603833199,
        "var": 569.968078613
    },
    "hfc": {
        "dmean": 9.08609962463,
        "dmean2": 12.8170852661,
        "dvar": 203.778594971,
        "dvar2": 483.583618164,
        "max": 129.055725098,
        "mean": 26.2832984924,
        "median": 20.9574584961,
        "min": 0.0217424575239,
        "var": 429.435089111
    },
    "melbands_crest": {
        "dmean": 4.03763484955,
        "dmean2": 6.38357257843,
        "dvar": 12.2395677567,
        "dvar2": 28.4216079712,
        "max": 34.8691749573,
        "mean": 22.8126487732,
        "median": 23.90832901,
        "min": 3.79308152199,
        "var": 42.9791488647
    },
    "melbands_flatness_db": {
        "dmean": 0.0408927202225,
        "dmean2": 0.0603076741099,
        "dvar": 0.00128077517729,
        "dvar2": 0.00280358153395,
        "max": 0.448593258858,
        "mean": 0.248565644026,
        "median": 0.249186053872,
        "min": 0.0180486701429,
        "var": 0.00504845986143
    },
    "melbands_kurtosis": {
        "dmean": 30.5209999084,
        "dmean2": 49.1197471619,
        "dvar": 1611.09643555,
        "dvar2": 4138.19091797,
        "max": 397.889404297,
        "mean": 52.2821121216,
        "median": 31.3654060364,
        "min": -1.46077370644,
        "var": 3415.00268555
    },
    "melbands_skewness": {
        "dmean": 1.61084079742,
        "dmean2": 2.52215480804,
        "dvar": 2.53391885757,
        "dvar2": 6.42584037781,
        "max": 16.9410877228,
        "mean": 5.35238695145,
        "median": 4.71088457108,
        "min": -0.393207579851,
        "var": 8.89760494232
    },
    "melbands_spread": {
        "dmean": 5.68366956711,
        "dmean2": 8.58705043793,
        "dvar": 44.484752655,
        "dvar2": 94.4110412598,
        "max": 159.942459106,
        "mean": 13.0793142319,
        "median": 9.40074634552,
        "min": 0.583218514919,
        "var": 216.012451172
    },
    "pitch_salience": {
        "dmean": 0.10028282553,
        "dmean2": 0.158145442605,
        "dvar": 0.00842679198831,
        "dvar2": 0.0214101392776,
        "max": 0.847674131393,
        "mean": 0.396873116493,
        "median": 0.379280269146,
        "min": 0.0807797387242,
        "var": 0.0249018128961
    },
    "silence_rate_20dB": {
        "dmean": 0,
        "dmean2": 0,
        "dvar": 0,
        "dvar2": 0,
        "max": 1,
        "mean": 1,
        "median": 1,
        "min": 1,
        "var": 0
    },
    "silence_rate_30dB": {
        "dmean": 0.157894730568,
        "dmean2": 0.316034078598,
        "dvar": 0.132965072989,
        "dvar2": 0.285872340202,
        "max": 1,
        "mean": 0.699149250984,
        "median": 1,
        "min": 0,
        "var": 0.210341617465
    },
    "silence_rate_60dB": {
        "dmean": 0.0154798757285,
        "dmean2": 0.0309837330133,
        "dvar": 0.0152402883396,
        "dvar2": 0.0346713475883,
        "max": 1,
        "mean": 0.0680587813258,
        "median": 0,
        "min": 0,
        "var": 0.0634267106652
    },
    "spectral_centroid": {
        "dmean": 320.467193604,
        "dmean2": 491.086273193,
        "dvar": 102339.835938,
        "dvar2": 222409.34375,
        "max": 3969.03857422,
        "mean": 1335.71398926,
        "median": 1307.4564209,
        "min": 251.003005981,
        "var": 358088.71875
    },
    "spectral_complexity": {
        "dmean": 4.65170288086,
        "dmean2": 6.60108423233,
        "dvar": 31.0689125061,
        "dvar2": 52.6070823669,
        "max": 54,
        "mean": 19.3016242981,
        "median": 17,
        "min": 0,
        "var": 137.37387085
    },
    "spectral_decrease": {
        "dmean": 8.47470005283e-09,
        "dmean2": 1.43857761259e-08,
        "dvar": 1.10896524687e-16,
        "dvar2": 3.27514712297e-16,
        "max": -1.54135038066e-11,
        "mean": -2.00642453763e-08,
        "median": -1.82826749295e-08,
        "min": -7.57923359629e-08,
        "var": 2.39299857201e-16
    },
    "spectral_energy": {
        "dmean": 0.0322958603501,
        "dmean2": 0.0548616684973,
        "dvar": 0.00158987543546,
        "dvar2": 0.00470025790855,
        "max": 0.289839625359,
        "mean": 0.0781111195683,
        "median": 0.0719166323543,
        "min": 7.06926148268e-05,
        "var": 0.00350775290281
    },
    "spectral_energyband_high": {
        "dmean": 0.000894982367754,
        "dmean2": 0.00130321993493,
        "dvar": 2.6845427783e-06,
        "dvar2": 6.59347870169e-06,
        "max": 0.0132538434118,
        "mean": 0.00163472781423,
        "median": 0.000897467194591,
        "min": 8.49872208164e-08,
        "var": 4.01034139941e-06
    },
    "spectral_energyband_low": {
        "dmean": 0.0315963327885,
        "dmean2": 0.0534834079444,
        "dvar": 0.00169757835101,
        "dvar2": 0.00492138182744,
        "max": 0.270081281662,
        "mean": 0.0623305179179,
        "median": 0.0516562201083,
        "min": 1.21477137327e-06,
        "var": 0.00330704567023
    },
    "spectral_energyband_middle_high": {
        "dmean": 0.00166563410312,
        "dmean2": 0.00228480342776,
        "dvar": 3.79730226996e-06,
        "dvar2": 7.88783563621e-06,
        "max": 0.0247973781079,
        "mean": 0.00439827237278,
        "median": 0.00338422879577,
        "min": 1.45193712342e-06,
        "var": 1.45976855492e-05
    },
    "spectral_energyband_middle_low": {
        "dmean": 0.0051752240397,
        "dmean2": 0.00839474704117,
        "dvar": 6.86421190039e-05,
        "dvar2": 0.000179407885298,
        "max": 0.0766760930419,
        "mean": 0.0109424777329,
        "median": 0.00901314802468,
        "min": 2.99558541883e-05,
        "var": 8.47269475344e-05
    },
    "spectral_entropy": {
        "dmean": 0.180806368589,
        "dmean2": 0.254758000374,
        "dvar": 0.0414835885167,
        "dvar2": 0.0724675431848,
        "max": 8.48330879211,
        "mean": 7.65910243988,
        "median": 7.79819202423,
        "min": 5.44552707672,
        "var": 0.28222990036
    },
    "spectral_flux": {
        "dmean": 0.04327115044,
        "dmean2": 0.0689472183585,
        "dvar": 0.00202317745425,
        "dvar2": 0.00540963094682,
        "max": 0.408671438694,
        "mean": 0.126708105206,
        "median": 0.11589293927,
        "min": 0.0041396887973,
        "var": 0.00599239347503
    },
    "spectral_kurtosis": {
        "dmean": 1.11115372181,
        "dmean2": 1.74401700497,
        "dvar": 5.31772947311,
        "dvar2": 11.3626756668,
        "max": 42.2271003723,
        "mean": 2.7115483284,
        "median": 2.2069439888,
        "min": -0.36807513237,
        "var": 7.89604187012
    },
    "spectral_rms": {
        "dmean": 0.0016286240425,
        "dmean2": 0.00272705266252,
        "dvar": 3.05052321892e-06,
        "dvar2": 8.95567973203e-06,
        "max": 0.016815777868,
        "mean": 0.00791720766574,
        "median": 0.00837630964816,
        "min": 0.000262618355919,
        "var": 1.35236305141e-05
    },
    "spectral_rolloff": {
        "dmean": 362.313476562,
        "dmean2": 594.807678223,
        "dvar": 386647.1875,
        "dvar2": 870376.3125,
        "max": 9130.078125,
        "mean": 722.78515625,
        "median": 344.53125,
        "min": 64.599609375,
        "var": 1176199.375
    },
    "spectral_skewness": {
        "dmean": 0.204909026623,
        "dmean2": 0.299032449722,
        "dvar": 0.069511950016,
        "dvar2": 0.128313243389,
        "max": 5.20605373383,
        "mean": 1.36178910732,
        "median": 1.29792237282,
        "min": 0.491528183222,
        "var": 0.218579098582
    },
    "spectral_spread": {
        "dmean": 572082.25,
        "dmean2": 802049.5625,
        "dvar": 377891061760,
        "dvar2": 655599665152,
        "max": 11220123,
        "mean": 5775402,
        "median": 5627607.5,
        "min": 2122469.75,
        "var": 1.70368827392e+12
    },
    "spectral_strongpeak": {
        "dmean": 0.262147039175,
        "dmean2": 0.438089847565,
        "dvar": 0.123277395964,
        "dvar2": 0.305528312922,
        "max": 5.62148094177,
        "mean": 0.706621348858,
        "median": 0.569706559181,
        "min": 0,
        "var": 0.401600420475
    },
    "zerocrossingrate": {
        "dmean": 0.0120120206848,
        "dmean2": 0.0142138637602,
        "dvar": 0.00012655685714,
        "dvar2": 0.00015307481226,
        "max": 0.28857421875,
        "mean": 0.0448644757271,
        "median": 0.03857421875,
        "min": 0.00439453125,
        "var": 0.000979219912551
    },
    "barkbands": {
        "dmean": [0.00240682275034, 0.0300265531987, 0.0038135543, 0.00182582123671, 0.00258146435954, 0.000971464556642, 0.000721075222827, 0.00090527505381, 0.000623597006779, 0.000609071750659, 0.000351584283635, 0.000374664901756, 0.000329842441715, 0.000324933353113, 0.000204528216273, 0.000217821914703, 0.000148036153405, 0.000141220283695, 0.00016776996199, 0.00025195532362, 0.00015760117094, 0.000229705226957, 0.00020790558483, 0.000146481252159, 9.25075219129e-05, 4.86727221869e-05, 1.24934373957e-08],
        "dmean2": [0.00400448124856, 0.0505110472441, 0.00638189027086, 0.00316864089109, 0.00446059508249, 0.00162447418552, 0.00119582482148, 0.00144067895599, 0.000987514853477, 0.000970792782027, 0.000538818305358, 0.000593859469518, 0.000507851073053, 0.000495882879477, 0.000323625223245, 0.000341319711879, 0.000241063069552, 0.000222703107283, 0.000265875656623, 0.000394498521928, 0.000250356912147, 0.000356534292223, 0.000316512334393, 0.000218211906031, 0.000135916270665, 7.18304800102e-05, 1.87043713851e-08],
        "dvar": [7.02042780176e-06, 0.00174522737507, 6.59097422613e-05, 1.45664762385e-05, 2.74450212601e-05, 2.08829897019e-06, 1.97569875127e-06, 2.90844695883e-06, 1.14816850783e-06, 1.36977939746e-06, 3.94480878185e-07, 4.14072047761e-07, 3.81393846283e-07, 4.50847210232e-07, 1.19774455243e-07, 1.56974962806e-07, 8.42036627091e-08, 4.93901239906e-08, 5.95412714688e-08, 1.86289781823e-07, 1.16018931351e-07, 2.63533252109e-07, 1.41698990319e-07, 5.25515204686e-08, 1.78424262032e-08, 8.07002731307e-09, 2.24194272901e-14],
        "dvar2": [1.98651268875e-05, 0.00507139461115, 0.000160867712111, 4.08707783208e-05, 7.92871578597e-05, 5.23524704477e-06, 4.5932838475e-06, 6.46572880214e-06, 2.71699445875e-06, 3.24120060213e-06, 8.77778745689e-07, 1.04016601199e-06, 7.9493162275e-07, 9.7818337963e-07, 2.95529446248e-07, 3.90043993548e-07, 2.10353903185e-07, 1.23584428025e-07, 1.42292890359e-07, 4.48387282859e-07, 2.92452057238e-07, 6.42869053991e-07, 3.50496975443e-07, 1.2516503034e-07, 3.94050445607e-08, 1.7574617317e-08, 2.32060752586e-14],
        "max": [0.0201796218753, 0.256726950407, 0.088117390871, 0.0404277555645, 0.0532583035529, 0.0160657931119, 0.0179417338222, 0.0202992334962, 0.0124265551567, 0.0169708877802, 0.0078113200143, 0.00767558533698, 0.0107859764248, 0.0117771383375, 0.00372508750297, 0.00508063612506, 0.00312511599623, 0.00197893660516, 0.00247760000639, 0.00496789487079, 0.00256477319635, 0.0050745322369, 0.00350550957955, 0.00216554873623, 0.00114985648543, 0.00100309634581, 5.17023636348e-06],
        "mean": [0.0034669530578, 0.0530988201499, 0.00467357039452, 0.00221861433238, 0.00351871852763, 0.00177072477527, 0.000959464116022, 0.00120725447778, 0.00103661918547, 0.000867845839821, 0.000527665077243, 0.000576356193051, 0.000542677938938, 0.000441272044554, 0.000315658515319, 0.000310821720632, 0.000207887613215, 0.000228652817896, 0.000305004592519, 0.000403705635108, 0.000234806255321, 0.000361576967407, 0.000354923831765, 0.000247538642725, 0.000156514564878, 7.72490966483e-05, 1.05146868989e-08],
        "median": [0.00252205040306, 0.0414981432259, 0.00211341492832, 0.00103872106411, 0.00209363852628, 0.00119558454026, 0.000401708181016, 0.000431874475908, 0.000452513137134, 0.000304490036797, 0.000195762928342, 0.0002221652976, 0.000179091410246, 0.000160264142323, 0.000137989482027, 0.00013097943156, 9.24889172893e-05, 0.000113885405881, 0.000186364268302, 0.000187671525055, 9.25208805711e-05, 0.000157080503413, 0.000198049892788, 0.000147237238707, 8.07050600997e-05, 1.82725616469e-05, 1.01957708942e-09],
        "min": [3.44906603278e-11, 6.65056916205e-08, 3.31674584686e-07, 1.88744309071e-08, 1.20393397083e-05, 6.05451987212e-07, 6.53894744573e-07, 4.13639540398e-08, 4.43830202812e-07, 6.74262935263e-07, 5.04276336244e-08, 9.28040719828e-08, 1.84036650808e-07, 1.29676095639e-07, 4.02403266264e-08, 3.82899933982e-08, 2.18753246628e-08, 7.59891971569e-09, 1.25950592178e-08, 1.82255490699e-08, 5.96347327075e-09, 3.75410724729e-09, 6.41134523249e-09, 1.08076694261e-08, 1.04032151782e-08, 2.4516608188e-10, 1.34431641166e-11],
        "var": [1.29992122311e-05, 0.00284997094423, 7.36518049962e-05, 1.34572255774e-05, 2.35453717323e-05, 3.98995780415e-06, 3.20830326928e-06, 4.73956561109e-06, 2.2923668439e-06, 2.42158307628e-06, 7.89060550233e-07, 7.92666810412e-07, 1.25864858092e-06, 6.83572068283e-07, 1.95657605673e-07, 2.19316746097e-07, 1.08096152474e-07, 8.05282311944e-08, 1.17159757451e-07, 3.18859321169e-07, 1.43213114256e-07, 3.40984314562e-07, 2.06900892863e-07, 8.53832915482e-08, 3.67661776579e-08, 1.70828915458e-08, 2.23068261182e-14]
    },
    "erbbands": {
        "dmean": [1.22726356983, 5.75531387329, 4.9812335968, 4.69273328781, 5.67841100693, 10.3658714294, 12.2688703537, 6.96322870255, 8.07035541534, 13.7148694992, 20.6937332153, 13.5209932327, 17.7461433411, 17.1731071472, 12.9263830185, 14.2441740036, 12.9829149246, 17.4328804016, 11.1364536285, 10.4893369675, 10.6075296402, 7.63494491577, 7.0194978714, 7.97818756104, 9.7252035141, 12.0360069275, 7.58652162552, 6.14556789398, 8.20021438599, 7.51703596115, 5.50078439713, 3.39383935928, 2.41508078575, 1.3268430233, 0.606725037098, 0.282872825861, 0.0825086534023, 0.0050839735195, 0.00010718042904, 3.7314985093e-05],
        "dmean2": [2.01950240135, 9.89961147308, 8.02139663696, 8.05383014679, 10.0595054626, 17.8301486969, 20.4990901947, 11.6065006256, 13.2712364197, 22.1138916016, 32.2576217651, 21.2104454041, 28.3174190521, 25.7297935486, 19.8015556335, 22.7251110077, 18.7730903625, 25.9675636292, 17.5648288727, 16.4126186371, 16.3065395355, 12.1811351776, 10.7875766754, 12.2196435928, 15.251086235, 18.6240024567, 11.9724979401, 9.75864505768, 12.8806171417, 11.3989496231, 8.35244846344, 5.06757545471, 3.6529083252, 2.02983641624, 0.887938141823, 0.437349945307, 0.117951482534, 0.00757188210264, 0.000155290268594, 6.3346218667e-05],
        "dvar": [2.37085056305, 84.8928833008, 111.915100098, 83.7878952026, 168.830795288, 442.344818115, 426.763793945, 128.089981079, 296.627960205, 689.020507812, 1966.99597168, 640.328125, 1057.62780762, 1398.09631348, 380.572631836, 639.18145752, 555.034301758, 1494.17834473, 387.828216553, 280.301818848, 348.085540771, 215.224334717, 119.639007568, 144.328567505, 234.450057983, 550.524230957, 241.292694092, 186.83807373, 340.696868896, 203.996826172, 98.6511535645, 27.7686748505, 16.6392154694, 3.80257678032, 0.972295701504, 0.282064974308, 0.0249693989754, 0.000102123623947, 3.70042911868e-08, 1.92597915394e-09],
        "dvar2": [6.521027565, 248.61340332, 272.590881348, 229.896881104, 488.272888184, 1252.32434082, 1175.58496094, 334.597442627, 664.945983887, 1705.58081055, 4380.05761719, 1466.50476074, 2400.37963867, 3164.76977539, 876.907897949, 1587.67578125, 922.006774902, 3295.8449707, 974.184265137, 689.070068359, 790.77142334, 535.268859863, 282.842834473, 346.742767334, 581.329467773, 1347.56018066, 619.478637695, 460.320861816, 842.341796875, 482.639038086, 247.986297607, 65.5525283813, 40.0053024292, 8.99006462097, 2.11795043945, 0.644060671329, 0.0528247058392, 0.000223358321819, 7.93500021246e-08, 5.6117692715e-09],
        "max": [10.5236253738, 60.2519264221, 111.956420898, 106.725486755, 130.8412323, 227.104660034, 269.889282227, 144.603530884, 274.866485596, 313.020629883, 548.646362305, 332.079620361, 368.581604004, 691.726928711, 225.234603882, 345.520019531, 595.36541748, 658.511413574, 225.769363403, 181.17640686, 219.67175293, 166.090393066, 105.632759094, 123.433540344, 168.868301392, 323.420471191, 133.093414307, 108.886947632, 184.271377563, 146.572433472, 89.806312561, 42.3663330078, 41.7884483337, 16.6871814728, 10.9646940231, 7.3255033493, 1.53754544258, 0.0915762484074, 0.00176686129998, 0.000321990955854],
        "mean": [2.24621748924, 8.95975208282, 7.19154882431, 6.49055624008, 7.2870016098, 13.153096199, 18.1062679291, 13.0312290192, 11.9614715576, 18.6369991302, 28.546792984, 23.1870994568, 27.0278301239, 25.967294693, 22.8299674988, 23.0384674072, 23.7127628326, 26.6785011292, 17.6376399994, 17.0171279907, 16.4053974152, 11.3558473587, 11.6853713989, 14.3631801605, 17.5737457275, 19.4167156219, 11.5044355392, 9.55766296387, 12.2147369385, 12.1784105301, 9.43104934692, 6.0384554863, 3.74968552589, 2.05889487267, 0.987848460674, 0.43373966217, 0.133829206228, 0.0077211856842, 0.000205386662856, 9.96394519461e-05],
        "median": [1.78120982647, 6.13342666626, 3.69710183144, 3.87421965599, 4.04707622528, 6.51888227463, 10.7113246918, 7.75608444214, 5.34811353683, 9.17837905884, 10.5944366455, 11.8462114334, 12.0350723267, 10.4900655746, 11.885846138, 10.0578861237, 9.07171154022, 9.51891136169, 8.55544185638, 8.35981273651, 7.77071666718, 5.42451429367, 5.8978228569, 8.62945175171, 10.1701097488, 9.08003330231, 5.53422117233, 3.83472752571, 5.26364135742, 5.97916269302, 5.54338550568, 3.52390027046, 1.92618978024, 1.11627912521, 0.335094183683, 0.104292169213, 0.0302886776626, 0.00151378836017, 8.70956937433e-05, 9.38682715059e-05],
        "min": [2.18217496695e-06, 6.11701907474e-05, 0.000499238783959, 0.00123143428937, 0.00632846122608, 0.0374719500542, 0.00744818523526, 0.0066949990578, 0.00700798630714, 0.00973321124911, 0.0129136713222, 0.0107352556661, 0.010307604447, 0.0151748014614, 0.00234281970188, 0.00539811234921, 0.00934534706175, 0.0111355008557, 0.00238112965599, 0.0026475857012, 0.00269863731228, 0.00141266232822, 0.000283125205897, 0.000686535960995, 0.000666121253744, 0.000850220560096, 0.000428710598499, 0.000195970162167, 0.000160587020218, 0.00017658964498, 0.000174497923581, 0.000217126304051, 0.000191565355635, 0.000120656528452, 6.14761011093e-05, 1.06712841443e-05, 3.55357974513e-06, 1.42510231171e-07, 5.63215039051e-08, 9.48174232462e-08],
        "var": [4.75826072693, 107.424789429, 138.902130127, 87.6033935547, 131.052444458, 396.431213379, 524.552368164, 309.521881104, 591.436218262, 855.652038574, 3105.57641602, 1255.04064941, 1632.48913574, 2359.28100586, 885.366516113, 1154.29907227, 2550.04541016, 2547.57006836, 604.787963867, 505.747039795, 560.796508789, 288.120025635, 207.47668457, 271.331207275, 416.437164307, 867.696044922, 288.236206055, 249.128936768, 413.020355225, 298.866729736, 140.939987183, 48.7206459045, 24.936252594, 6.10921621323, 2.15020918846, 0.58303809166, 0.0522237829864, 0.000187772675417, 7.92591521304e-08, 5.14047115985e-09]
    },
    "gfcc": {
        "mean": [20.3898506165, 80.8184127808, -97.4580764771, 42.7024078369, -66.7458877563, 29.0088672638, -33.998664856, 14.1542377472, -23.8798828125, 5.13642597198, -8.79668235779, 1.05050611496, -7.66381549835],
        "cov": [[7328.33300781, -159.432388306, 569.365112305, 1422.70947266, 1203.4173584, 870.338623047, 782.652770996, 742.385986328, 795.540222168, 624.670471191, -121.547889709, 484.992736816, 62.703704834], [-159.432388306, 970.154785156, 273.138000488, 188.284698486, 263.876831055, 10.8973407745, 227.306640625, 9.42210483551, 231.067886353, -22.6201095581, 122.116569519, 13.4266901016, 110.406433105], [569.365112305, 273.138000488, 782.535522461, 360.339508057, 317.87512207, 130.01524353, 155.704193115, 146.014312744, 184.077804565, 139.495330811, -58.5798606873, 176.587585449, 38.0371284485], [1422.70947266, 188.284698486, 360.339508057, 740.234924316, 513.952331543, 253.122116089, 217.923065186, 197.225418091, 366.820739746, 162.931945801, -46.2314758301, 130.036621094, 86.7069396973], [1203.4173584, 263.876831055, 317.87512207, 513.952331543, 698.519470215, 275.152832031, 269.290405273, 201.547134399, 333.695129395, 200.255691528, -85.5119400024, 143.478225708, 32.1466140747], [870.338623047, 10.8973407745, 130.01524353, 253.122116089, 275.152832031, 251.571594238, 182.118087769, 122.402633667, 148.742935181, 99.7182159424, -15.8495807648, 82.3180999756, 10.4900341034], [782.652770996, 227.306640625, 155.704193115, 217.923065186, 269.290405273, 182.118087769, 329.645812988, 142.66267395, 146.91607666, 78.2931137085, 47.7596588135, 102.363510132, 24.3840999603], [742.385986328, 9.42210483551, 146.014312744, 197.225418091, 201.547134399, 122.402633667, 142.66267395, 176.995483398, 130.205352783, 89.5689315796, -10.4890594482, 76.1856307983, 7.60210752487], [795.540222168, 231.067886353, 184.077804565, 366.820739746, 333.695129395, 148.742935181, 146.91607666, 130.205352783, 319.141357422, 116.256134033, 3.44455218315, 79.3963165283, 51.2848701477], [624.670471191, -22.6201095581, 139.495330811, 162.931945801, 200.255691528, 99.7182159424, 78.2931137085, 89.5689315796, 116.256134033, 145.349060059, -39.890663147, 68.4811553955, -2.11903715134], [-121.547889709, 122.116569519, -58.5798606873, -46.2314758301, -85.5119400024, -15.8495807648, 47.7596588135, -10.4890594482, 3.44455218315, -39.890663147, 134.916366577, -2.96813011169, 28.8129806519], [484.992736816, 13.4266901016, 176.587585449, 130.036621094, 143.478225708, 82.3180999756, 102.363510132, 76.1856307983, 79.3963165283, 68.4811553955, -2.96813011169, 129.647598267, 12.3389348984], [62.703704834, 110.406433105, 38.0371284485, 86.7069396973, 32.1466140747, 10.4900341034, 24.3840999603, 7.60210752487, 51.2848701477, -2.11903715134, 28.8129806519, 12.3389348984, 88.5401000977]],
        "icov": [[0.000403425918194, -6.66226842441e-05, 0.000353398208972, -0.000533362617716, 0.000375948089641, -0.00050226051826, -0.000141915050335, -0.000708372623194, 8.90706578502e-05, -0.000840725784656, 0.000279254338238, -0.000632626877632, 0.000116358765808], [-6.66226842441e-05, 0.00400763982907, -0.00201442209072, 0.00145504286047, -0.00243822857738, 0.00280567700975, -0.00325706414878, 0.00297344429418, -0.00326254451647, 0.00282022915781, -0.00246418220922, 0.00350625114515, -0.00204465026036], [0.000353398208972, -0.00201442209072, 0.00344335380942, -0.00181193859316, 0.00149181089364, -0.00107176438905, 0.00125254446175, -0.00222818972543, 0.00179848039988, -0.00245053111576, 0.00217882171273, -0.00446953857318, 0.000801947375294], [-0.000533362617716, 0.00145504286047, -0.00181193859316, 0.00577297853306, -0.00230393791571, 8.01916103228e-05, -0.000565343128983, 0.00109347596299, -0.00416058208793, 0.00273151625879, -0.000121207456687, 0.00223356927745, -0.00321942009032], [0.000375948089641, -0.00243822857738, 0.00149181089364, -0.00230393791571, 0.00739213032648, -0.00320643861778, -0.00055533729028, -0.00176716630813, -0.000730760802981, -0.00397875439376, 0.00524185970426, -0.00300997728482, 0.00143186456989], [-0.00050226051826, 0.00280567700975, -0.00107176438905, 8.01916103228e-05, -0.00320643861778, 0.0121837137267, -0.00506509980187, 0.00178611674346, -0.0018964598421, 0.00125674216542, -0.00152601976879, 0.00223871157505, -0.000485550379381], [-0.000141915050335, -0.00325706414878, 0.00125254446175, -0.000565343128983, -0.00055533729028, -0.00506509980187, 0.0109929554164, -0.00513984449208, 0.00365576264448, -0.000665806175675, -0.00282833282836, -0.00421948032454, 0.00176802871283], [-0.000708372623194, 0.00297344429418, -0.00222818972543, 0.00109347596299, -0.00176716630813, 0.00178611674346, -0.00513984449208, 0.0157250240445, -0.00406372593716, 0.000579121813644, -0.00140722596552, 0.0020975547377, -0.000291043514153], [8.90706578502e-05, -0.00326254451647, 0.00179848039988, -0.00416058208793, -0.000730760802981, -0.0018964598421, 0.00365576264448, -0.00406372593716, 0.0129223829135, -0.00492972740903, -0.00183480826672, -0.00215041753836, 0.000432912696851], [-0.000840725784656, 0.00282022915781, -0.00245053111576, 0.00273151625879, -0.00397875439376, 0.00125674216542, -0.000665806175675, 0.000579121813644, -0.00492972740903, 0.0186125077307, 8.53779711179e-05, 0.000421722768806, 0.000100125238532], [0.000279254338238, -0.00246418220922, 0.00217882171273, -0.000121207456687, 0.00524185970426, -0.00152601976879, -0.00282833282836, -0.00140722596552, -0.00183480826672, 8.53779711179e-05, 0.015280908905, -0.00377493584529, -0.00214684801176], [-0.000632626877632, 0.00350625114515, -0.00446953857318, 0.00223356927745, -0.00300997728482, 0.00223871157505, -0.00421948032454, 0.0020975547377, -0.00215041753836, 0.000421722768806, -0.00377493584529, 0.0188203155994, -0.00252045504749], [0.000116358765808, -0.00204465026036, 0.000801947375294, -0.00321942009032, 0.00143186456989, -0.000485550379381, 0.00176802871283, -0.000291043514153, 0.000432912696851, 0.000100125238532, -0.00214684801176, -0.00252045504749, 0.0164470151067]]
    },
    "melbands": {
        "dmean": [0.0094033582136, 0.00394004536793, 0.000794101681095, 0.000541908084415, 0.00043940069736, 0.000157272850629, 0.000130219588755, 0.000152969412738, 0.000164596247487, 8.61228909343e-05, 9.10589515115e-05, 7.44510107324e-05, 4.86133649247e-05, 4.30234322266e-05, 3.06540023303e-05, 3.58876495739e-05, 3.26742738253e-05, 1.93117430172e-05, 1.45648355101e-05, 1.60478721227e-05, 1.20926597447e-05, 8.54601330502e-06, 6.7252340159e-06, 7.51621155359e-06, 6.89554690325e-06, 7.03870682628e-06, 8.78099581314e-06, 8.5129204308e-06, 5.46413366465e-06, 3.48232174474e-06, 4.02597424909e-06, 4.91089849675e-06, 4.75711976833e-06, 4.26693623012e-06, 3.46579872712e-06, 2.74452804661e-06, 1.96837982003e-06, 1.82527116976e-06, 1.54173676492e-06, 1.08211804672e-06],
        "dmean2": [0.0156378373504, 0.0067190900445, 0.00135777250398, 0.000934238312766, 0.000739797949791, 0.000261827779468, 0.000214846644667, 0.000247793534072, 0.000254319631495, 0.000134322559461, 0.000144968755194, 0.000111461617053, 7.43143245927e-05, 6.76812414895e-05, 4.74568550999e-05, 5.24732495251e-05, 4.97058754263e-05, 3.10149698635e-05, 2.3081078325e-05, 2.57317278738e-05, 1.86092529475e-05, 1.38193581734e-05, 1.04952723632e-05, 1.20207896543e-05, 1.06045463326e-05, 1.11499002742e-05, 1.37299366543e-05, 1.31903962028e-05, 8.88550584932e-06, 5.51936909687e-06, 6.4749547164e-06, 7.87087174103e-06, 7.51335301175e-06, 6.55127132632e-06, 5.41593772141e-06, 4.10934126194e-06, 3.04324225908e-06, 2.82053633782e-06, 2.42467831413e-06, 1.65962296705e-06],
        "dvar": [0.000152675958816, 4.52371532447e-05, 2.48525998359e-06, 1.43316526646e-06, 5.58254612315e-07, 6.02932672678e-08, 6.83398653223e-08, 7.06594747157e-08, 1.23016818065e-07, 2.45464342186e-08, 2.71152167386e-08, 2.60624606341e-08, 6.80572975753e-09, 6.30698693271e-09, 2.79726131147e-09, 4.85602358324e-09, 5.30498178719e-09, 1.19854204339e-09, 6.00982985599e-10, 9.3860530459e-10, 4.87668072591e-10, 2.87262047483e-10, 1.26363836062e-10, 1.47271639328e-10, 1.08558446954e-10, 1.15574737281e-10, 1.9154758335e-10, 3.23757076703e-10, 1.31551783356e-10, 4.97378596642e-11, 8.61020837961e-11, 1.1880581241e-10, 1.07433215102e-10, 5.94048629732e-11, 3.74287822957e-11, 1.985075819e-11, 9.66374376354e-12, 1.01475954375e-11, 6.27967382955e-12, 2.78896632351e-12],
        "dvar2": [0.000437261740444, 0.000122129815281, 6.78413880451e-06, 4.19017578679e-06, 1.55080283548e-06, 1.57113788646e-07, 1.53951901893e-07, 1.71575095465e-07, 2.74333416428e-07, 5.73373313273e-08, 6.11733170786e-08, 5.98681282327e-08, 1.53923380708e-08, 1.61292685874e-08, 5.70107827613e-09, 9.67667990182e-09, 1.16707505882e-08, 3.08322722908e-09, 1.45617318204e-09, 2.41891573438e-09, 1.08318587433e-09, 7.32266358661e-10, 2.91724200352e-10, 3.77835707166e-10, 2.64085947554e-10, 2.86556445239e-10, 4.77636818985e-10, 7.76906095012e-10, 3.43349210175e-10, 1.24419752279e-10, 2.15176265694e-10, 2.92229018761e-10, 2.68671002113e-10, 1.38390909843e-10, 9.39875330341e-11, 4.83024800713e-11, 2.32543706513e-11, 2.47755843619e-11, 1.52458497216e-11, 6.68769640361e-12],
        "max": [0.0792034193873, 0.0508464127779, 0.0174358449876, 0.0137108666822, 0.0107938926667, 0.00282805110328, 0.00416243821383, 0.00292857689783, 0.00409248936921, 0.00221978826448, 0.00180403876584, 0.00295836851001, 0.000984998303466, 0.00109051028267, 0.000753050670028, 0.00122509535868, 0.00119927641936, 0.000360262492904, 0.000256829400314, 0.00037373919622, 0.000301381282043, 0.000203154617338, 9.37978184083e-05, 0.000115269736852, 0.000109166896436, 0.000116533403343, 0.000146057078382, 0.000244212220423, 0.000101527482911, 6.42526429147e-05, 8.36627732497e-05, 9.68761378317e-05, 0.000117292664072, 8.9624641987e-05, 5.58781030122e-05, 4.22675329901e-05, 2.70496420853e-05, 3.81546269637e-05, 3.02013340843e-05, 2.01029160962e-05],
        "mean": [0.0170267447829, 0.00642594974488, 0.00115975365043, 0.000691731052939, 0.000653489725664, 0.000294269091683, 0.000189263184438, 0.000210707716178, 0.000225245326874, 0.000145038124174, 0.000135485694045, 0.000107659245259, 7.8277735156e-05, 6.86290150043e-05, 4.69806946057e-05, 6.0234353441e-05, 4.608321251e-05, 2.78467923636e-05, 2.30008045037e-05, 2.29537654377e-05, 1.79102516995e-05, 1.19515943879e-05, 9.80043296295e-06, 1.13987016448e-05, 1.14882932394e-05, 1.18140287668e-05, 1.42785511343e-05, 1.26629256556e-05, 7.4474437497e-06, 5.37427786185e-06, 5.80744972467e-06, 7.04587318978e-06, 6.98263147569e-06, 6.70316512696e-06, 5.63014100408e-06, 4.7006396926e-06, 3.21463494402e-06, 2.64631216851e-06, 2.22049993681e-06, 1.57158763159e-06],
        "median": [0.0133685665205, 0.00414436683059, 0.000701557262801, 0.000368531415006, 0.000397412019083, 0.000182699805009, 8.4584193246e-05, 0.00010316267435, 8.15571183921e-05, 6.58223725623e-05, 5.59256695851e-05, 3.87839863834e-05, 3.48523790308e-05, 2.60764154518e-05, 1.84684522537e-05, 1.90228038264e-05, 1.55808556883e-05, 1.25030064737e-05, 1.02591611721e-05, 9.53769085754e-06, 8.10455549072e-06, 5.38200811206e-06, 4.1079319999e-06, 5.69391841054e-06, 6.38096844341e-06, 6.79059394315e-06, 6.81927485857e-06, 5.40177188668e-06, 3.35598429047e-06, 2.02963383344e-06, 2.10073994822e-06, 2.83137592305e-06, 3.08868288812e-06, 3.28067289956e-06, 3.1244596812e-06, 2.61434888671e-06, 1.7041367073e-06, 1.33991090934e-06, 1.12215491299e-06, 7.6474236721e-07],
        "min": [1.27865247279e-08, 1.27368281255e-07, 2.08844738836e-07, 2.15367526835e-06, 2.29282747455e-07, 1.32060250735e-07, 1.34601947366e-07, 1.06602023209e-07, 9.18533515915e-08, 6.99672924043e-08, 5.12403026676e-08, 6.34921590859e-08, 6.39900932242e-09, 7.24578397282e-09, 1.19535377152e-08, 1.63304569867e-08, 1.53889505583e-08, 2.94090440889e-09, 3.32279870285e-09, 1.68766756126e-09, 2.471332472e-09, 1.60984436892e-09, 1.66197430818e-10, 3.9349765113e-10, 5.70792135779e-10, 5.19320253467e-10, 4.62655941336e-10, 6.29670871e-10, 2.47663972663e-10, 1.12101279648e-10, 3.56236568022e-11, 8.43546066331e-11, 9.1877082331e-11, 9.66724617024e-11, 8.63818877539e-11, 1.19475623839e-10, 1.147790335e-10, 1.39359940254e-10, 1.15491186059e-10, 4.36334692336e-12],
