{
"highlevel": {
    "danceability": {
        "all": {
            "danceable": 0.557918608189,
            "not_danceable": 0.442081362009
        },
        "probability": 0.557918608189,
        "value": "danceable"
    },
    "gender": {
        "all": {
            "female": 0.595704317093,
            "male": 0.404295712709
        },
        "probability": 0.595704317093,
        "value": "female"
    },
    "genre_dortmund": {
        "all": {
            "alternative": 0.0337618552148,
            "blues": 0.371877074242,
            "electronic": 0.0138270072639,
            "folkcountry": 0.0740429833531,
            "funksoulrnb": 0.0843395665288,
            "jazz": 0.183614701033,
            "pop": 0.0311642624438,
            "raphiphop": 0.00751507980749,
            "rock": 0.199857458472
        },
        "probability": 0.371877074242,
        "value": "blues"
    },
    "genre_electronic": {
        "all": {
            "ambient": 0.613345980644,
            "dnb": 0.223302051425,
            "house": 0.127547323704,
            "techno": 0.0121298003942,
            "trance": 0.0236748494208
        },
        "probability": 0.613345980644,
        "value": "ambient"
    },
    "genre_rosamerica": {
        "all": {
            "cla": 0.0315576046705,
            "dan": 0.00755377486348,
            "hip": 0.0372363962233,
            "jaz": 0.0887007415295,
            "pop": 0.28771007061,
            "rhy": 0.503676593304,
            "roc": 0.0262757875025,
            "spe": 0.017289025709
        },
        "probability": 0.503676593304,
        "value": "rhy"
    },
    "genre_tzanetakis": {
        "all": {
            "blu": 0.0626613423228,
            "cla": 0.0348169617355,
            "cou": 0.104475811124,
            "dis": 0.0784321576357,
            "hip": 0.15692435205,
            "jaz": 0.313974827528,
            "met": 0.0448166541755,
            "pop": 0.0627359300852,
            "reg": 0.0627360641956,
            "roc": 0.0784258767962
        },
        "probability": 0.313974827528,
        "value": "jaz"
    },
    "ismir04_rhythm": {
        "all": {
            "ChaChaCha": 0.0788512304425,
            "Jive": 0.049309656024,
            "Quickstep": 0.618534147739,
            "Rumba-American": 0.018506070599,
            "Rumba-International": 0.050462782383,
            "Rumba-Misc": 0.00847723614424,
            "Samba": 0.0897101983428,
            "Tango": 0.0230407174677,
            "VienneseWaltz": 0.0562601238489,
            "Waltz": 0.0068478109315
        },
        "probability": 0.618534147739,
        "value": "Quickstep"
    },
    "mood_acoustic": {
        "all": {
            "acoustic": 0.3684425354,
            "not_acoustic": 0.6315574646
        },
        "probability": 0.6315574646,
        "value": "not_acoustic"
    },
    "mood_aggressive": {
        "all": {
            "aggressive": 0.25215536356,
            "not_aggressive": 0.74784463644
        },
        "probability": 0.74784463644,
        "value": "not_aggressive"
    },
    "mood_electronic": {
        "all": {
            "electronic": 0.302562892437,
            "not_electronic": 0.697437107563
        },
        "probability": 0.697437107563,
        "value": "not_electronic"
    },
    "mood_happy": {
        "all": {
            "happy": 0.422425478697,
            "not_happy": 0.577574491501
        },
        "probability": 0.577574491501,
        "value": "not_happy"
    },
    "mood_party": {
        "all": {
            "not_party": 0.681537747383,
            "party": 0.318462282419
        },
        "probability": 0.681537747383,
        "value": "not_party"
    },
    "mood_relaxed": {
        "all": {
            "not_relaxed": 0.704051852226,
            "relaxed": 0.295948147774
        },
        "probability": 0.704051852226,
        "value": "not_relaxed"
    },
    "mood_sad": {
        "all": {
            "not_sad": 0.319167852402,
            "sad": 0.680832147598
        },
        "probability": 0.680832147598,
        "value": "sad"
    },
    "moods_mirex": {
        "all": {
            "Cluster1": 0.227846711874,
            "Cluster2": 0.356309533119,
            "Cluster3": 0.0877525657415,
            "Cluster4": 0.223866000772,
            "Cluster5": 0.104225188494
        },
        "probability": 0.356309533119,
        "value": "Cluster2"
    },
    "timbre": {
        "all": {
            "bright": 0.510292708874,
            "dark": 0.489707320929
        },
        "probability": 0.510292708874,
        "value": "bright"
    },
    "tonal_atonal": {
        "all": {
            "atonal": 0.0617249049246,
            "tonal": 0.938275098801
        },
        "probability": 0.938275098801,
        "value": "tonal"
    },
    "voice_instrumental": {
        "all": {
            "instrumental": 0.00126753014047,
            "voice": 0.998732447624
        },
        "probability": 0.998732447624,
        "value": "voice"
    }
},
"lowlevel": {
    "average_loudness": 0.947603166103,
    "barkbands_crest": {
        "dmean": 2.81154680252,
        "dmean2": 4.49113321304,
        "dvar": 6.26002931595,
        "dvar2": 14.3575410843,
        "max": 22.4093532562,
        "mean": 9.32589435577,
        "median": 8.4629945755,
        "min": 2.37250995636,
        "var": 15.9814519882
    },
    "barkbands_flatness_db": {
        "dmean": 0.0273523367941,
        "dmean2": 0.0412402562797,
        "dvar": 0.000639440841042,
        "dvar2": 0.00133696582634,
        "max": 0.338856339455,
        "mean": 0.148026898503,
        "median": 0.142319723964,
        "min": 0.0464339256287,
        "var": 0.00207894621417
    },
    "barkbands_kurtosis": {
        "dmean": 3.87635970116,
        "dmean2": 6.16447973251,
        "dvar": 38.6311721802,
        "dvar2": 96.9980545044,
        "max": 84.8613891602,
        "mean": 4.62411785126,
        "median": 1.25443458557,
        "min": -1.86825990677,
        "var": 68.2655715942
    },
    "barkbands_skewness": {
        "dmean": 0.717243492603,
        "dmean2": 1.07431459427,
        "dvar": 0.546923398972,
        "dvar2": 1.26680421829,
        "max": 6.71069765091,
        "mean": 1.45017576218,
        "median": 1.17232239246,
        "min": -1.71532523632,
        "var": 1.71033549309
    },
    "barkbands_spread": {
        "dmean": 9.43140029907,
        "dmean2": 14.9407482147,
        "dvar": 147.038604736,
        "dvar2": 358.393890381,
        "max": 104.936958313,
        "mean": 24.0018539429,
        "median": 20.8142032623,
        "min": 1.4990042448,
        "var": 266.626190186
    },
    "dissonance": {
        "dmean": 0.0219711828977,
        "dmean2": 0.0372384823859,
        "dvar": 0.000462377181975,
        "dvar2": 0.00125276192557,
        "max": 0.499922275543,
        "mean": 0.459802269936,
        "median": 0.466843336821,
        "min": 0.296509563923,
        "var": 0.000851130811498
    },
    "dynamic_complexity": 2.80167388916,
    "erbbands_crest": {
        "dmean": 3.56392097473,
        "dmean2": 5.73903369904,
        "dvar": 11.9884233475,
        "dvar2": 29.2258090973,
        "max": 28.9994544983,
        "mean": 9.83630275726,
        "median": 8.32121086121,
        "min": 2.59979724884,
        "var": 26.5549106598
    },
    "erbbands_flatness_db": {
        "dmean": 0.0268667880446,
        "dmean2": 0.0385754816234,
        "dvar": 0.000589105766267,
        "dvar2": 0.00114657252561,
        "max": 0.286380469799,
        "mean": 0.159256577492,
        "median": 0.159589797258,
        "min": 0.0613810569048,
        "var": 0.00197097752243
    },
    "erbbands_kurtosis": {
        "dmean": 1.32682394981,
        "dmean2": 2.09327101707,
        "dvar": 4.49028730392,
        "dvar2": 9.75332546234,
        "max": 40.0335350037,
        "mean": 0.760169148445,
        "median": -0.0364983081818,
        "min": -1.7698931694,
        "var": 8.71945095062
    },
    "erbbands_skewness": {
        "dmean": 0.497261911631,
        "dmean2": 0.741768121719,
        "dvar": 0.237127646804,
        "dvar2": 0.548746168613,
        "max": 5.35741710663,
        "mean": 0.529247939587,
        "median": 0.399072527885,
        "min": -1.9099470377,
        "var": 0.753006458282
    },
    "erbbands_spread": {
        "dmean": 12.9509906769,
        "dmean2": 19.6304512024,
        "dvar": 199.427322388,
        "dvar2": 431.774353027,
        "max": 142.043502808,
        "mean": 41.1856040955,
        "median": 36.0295333862,
        "min": 3.73048067093,
        "var": 506.556854248
    },
    "hfc": {
        "dmean": 8.74140262604,
        "dmean2": 12.4654283524,
        "dvar": 110.036437988,
        "dvar2": 223.182220459,
        "max": 121.555969238,
        "mean": 18.6853542328,
        "median": 12.5805644989,
        "min": 0.127318143845,
        "var": 362.636077881
    },
    "melbands_crest": {
        "dmean": 3.65614104271,
        "dmean2": 5.81962585449,
        "dvar": 12.1533536911,
        "dvar2": 29.0394897461,
        "max": 29.297000885,
        "mean": 12.4821386337,
        "median": 11.4646539688,
        "min": 3.92089104652,
        "var": 25.6981887817
    },
    "melbands_flatness_db": {
        "dmean": 0.033658888191,
        "dmean2": 0.0489230267704,
        "dvar": 0.00108433305286,
        "dvar2": 0.00226982310414,
        "max": 0.426136016846,
        "mean": 0.185208797455,
        "median": 0.173778474331,
        "min": 0.0397723838687,
        "var": 0.00397377135232
    },
    "melbands_kurtosis": {
        "dmean": 9.28097820282,
        "dmean2": 14.3458480835,
        "dvar": 213.608047485,
        "dvar2": 488.645904541,
        "max": 160.919342041,
        "mean": 14.397400856,
        "median": 6.51020050049,
        "min": -1.54063880444,
        "var": 388.728057861
    },
    "melbands_skewness": {
        "dmean": 0.951854109764,
        "dmean2": 1.393653512,
        "dvar": 0.994000315666,
        "dvar2": 2.02992343903,
        "max": 10.8512277603,
        "mean": 2.49789857864,
        "median": 2.11321687698,
        "min": -1.09544456005,
        "var": 3.15206360817
    },
    "melbands_spread": {
        "dmean": 9.77456378937,
        "dmean2": 15.1585493088,
        "dvar": 147.239242554,
        "dvar2": 353.595703125,
        "max": 155.397445679,
        "mean": 26.166929245,
        "median": 23.0786380768,
        "min": 1.52212977409,
        "var": 353.420257568
    },
    "pitch_salience": {
        "dmean": 0.0787432789803,
        "dmean2": 0.126784622669,
        "dvar": 0.0047558946535,
        "dvar2": 0.0119530614465,
        "max": 0.840442538261,
        "mean": 0.577535331249,
        "median": 0.585878491402,
        "min": 0.259909957647,
        "var": 0.0101249674335
    },
    "silence_rate_20dB": {
        "dmean": 0,
        "dmean2": 0,
        "dvar": 0,
        "dvar2": 0,
        "max": 1,
        "mean": 1,
        "median": 1,
        "min": 1,
        "var": 0
    },
    "silence_rate_30dB": {
        "dmean": 0,
        "dmean2": 0,
        "dvar": 0,
        "dvar2": 0,
        "max": 1,
        "mean": 1,
        "median": 1,
        "min": 1,
        "var": 0
    },
    "silence_rate_60dB": {
        "dmean": 0.039473682642,
        "dmean2": 0.0790085196495,
        "dvar": 0.0379152111709,
        "dvar2": 0.085158906877,
        "max": 1,
        "mean": 0.0464037135243,
        "median": 0,
        "min": 0,
        "var": 0.0442499704659
    },
    "spectral_centroid": {
        "dmean": 361.506866455,
        "dmean2": 537.768127441,
        "dvar": 149573.1875,
        "dvar2": 340933.78125,
        "max": 4533.17578125,
        "mean": 1391.37658691,
        "median": 1307.74108887,
        "min": 258.906494141,
        "var": 501188.5
    },
    "spectral_complexity": {
        "dmean": 3.73452019691,
        "dmean2": 5.13710308075,
        "dvar": 12.1113901138,
        "dvar2": 20.6078205109,
        "max": 39,
        "mean": 14.7672080994,
        "median": 14,
        "min": 0,
        "var": 61.0060768127
    },
    "spectral_decrease": {
        "dmean": 1.89265780826e-09,
        "dmean2": 2.73417843921e-09,
        "dvar": 5.6131190102e-18,
        "dvar2": 1.16044192062e-17,
        "max": -5.44124016677e-11,
        "mean": -4.73538541712e-09,
        "median": -3.72203246002e-09,
        "min": -2.27124594687e-08,
        "var": 1.31050406427e-17
    },
    "spectral_energy": {
        "dmean": 0.00772867724299,
        "dmean2": 0.0111163426191,
        "dvar": 8.93423784873e-05,
        "dvar2": 0.000182353251148,
        "max": 0.0884192436934,
        "mean": 0.0195672512054,
        "median": 0.015177433379,
        "min": 0.000216913103941,
        "var": 0.000221247712034
    },
    "spectral_energyband_high": {
        "dmean": 0.000559275853448,
        "dmean2": 0.000893738935702,
        "dvar": 7.46984710531e-07,
        "dvar2": 1.76209914571e-06,
        "max": 0.0107334684581,
        "mean": 0.000784738338552,
        "median": 0.000377668155124,
        "min": 1.30576893298e-06,
        "var": 1.31793638047e-06
    },
    "spectral_energyband_low": {
        "dmean": 0.00148556707427,
        "dmean2": 0.00241547240876,
        "dvar": 7.51177594793e-06,
        "dvar2": 2.12824834307e-05,
        "max": 0.0487671010196,
        "mean": 0.00378718040884,
        "median": 0.00282969581895,
        "min": 2.87626426143e-05,
        "var": 1.40042993735e-05
    },
    "spectral_energyband_middle_high": {
        "dmean": 0.00289285555482,
        "dmean2": 0.00383531209081,
        "dvar": 2.40039771597e-05,
        "dvar2": 4.80927265016e-05,
        "max": 0.0573995001614,
        "mean": 0.00576688628644,
        "median": 0.0025213456247,
        "min": 1.46194024637e-05,
        "var": 6.98410294717e-05
    },
    "spectral_energyband_middle_low": {
        "dmean": 0.00550628639758,
        "dmean2": 0.00825241021812,
        "dvar": 7.00538294041e-05,
        "dvar2": 0.000139797470183,
        "max": 0.080436386168,
        "mean": 0.00983958039433,
        "median": 0.00621543452144,
        "min": 6.66350970278e-05,
        "var": 0.000118020041555
    },
    "spectral_entropy": {
        "dmean": 0.260383278131,
        "dmean2": 0.373451411724,
        "dvar": 0.0655596554279,
        "dvar2": 0.141628906131,
        "max": 8.65566158295,
        "mean": 7.5333480835,
        "median": 7.54550647736,
        "min": 5.6631064415,
        "var": 0.184902727604
    },
    "spectral_flux": {
        "dmean": 0.0274952221662,
        "dmean2": 0.0443823002279,
        "dvar": 0.000878862279933,
        "dvar2": 0.00210805796087,
        "max": 0.251250296831,
        "mean": 0.0794293433428,
        "median": 0.0715033710003,
        "min": 0.00873824302107,
        "var": 0.00181431579404
    },
    "spectral_kurtosis": {
        "dmean": 1.8646582365,
        "dmean2": 2.96636223793,
        "dvar": 4.72608947754,
        "dvar2": 11.7997722626,
        "max": 29.9590568542,
        "mean": 3.45622849464,
        "median": 2.91562271118,
        "min": -1.17090344429,
        "var": 7.66619443893
    },
    "spectral_rms": {
        "dmean": 0.000850031618029,
        "dmean2": 0.00118942081463,
        "dvar": 7.75118962792e-07,
        "dvar2": 1.44658611134e-06,
        "max": 0.00928776990622,
        "mean": 0.00406609429047,
        "median": 0.00384801928885,
        "min": 0.000460024486529,
        "var": 2.55686131823e-06
    },
    "spectral_rolloff": {
        "dmean": 841.479309082,
        "dmean2": 1440.82385254,
        "dvar": 2358985,
        "dvar2": 5721505.5,
        "max": 10809.6679688,
        "mean": 1695.0949707,
        "median": 1291.9921875,
        "min": 129.19921875,
        "var": 3122944
    },
    "spectral_skewness": {
        "dmean": 0.292467743158,
        "dmean2": 0.446173191071,
        "dvar": 0.0751918256283,
        "dvar2": 0.18173854053,
        "max": 4.12146139145,
        "mean": 1.37691891193,
        "median": 1.34500825405,
        "min": 0.265870422125,
        "var": 0.209790885448
    },
    "spectral_spread": {
        "dmean": 1115370,
        "dmean2": 1594230.375,
        "dvar": 1.55781588582e+12,
        "dvar2": 3.26048861389e+12,
        "max": 12944029,
        "mean": 4849368.5,
        "median": 4373136.5,
        "min": 1832913.625,
        "var": 3.50874003046e+12
    },
    "spectral_strongpeak": {
        "dmean": 0.781335830688,
        "dmean2": 1.23408138752,
        "dvar": 1.5264248848,
        "dvar2": 3.61536860466,
        "max": 13.8931102753,
        "mean": 1.15681695938,
        "median": 0.463664114475,
        "min": 0,
        "var": 3.06937909126
    },
    "zerocrossingrate": {
        "dmean": 0.0152931800112,
        "dmean2": 0.0185138396919,
        "dvar": 0.000273380923318,
        "dvar2": 0.000375325704226,
        "max": 0.31884765625,
        "mean": 0.0657533183694,
        "median": 0.0625,
        "min": 0.009765625,
        "var": 0.00125343387481
    },
    "barkbands": {
        "dmean": [2.91803953587e-05, 0.00100947590545, 0.000546031340491, 0.000413419707911, 0.00318692228757, 0.000881261308677, 0.000669649336487, 0.000983380363323, 0.000791062077042, 0.000625596148893, 0.000590999959968, 0.000453644664958, 0.000645164225716, 0.000932809663936, 0.000410907407058, 0.000165616977029, 0.000125192527776, 9.72714551608e-05, 0.000193115076399, 0.000298103812383, 0.000106668994704, 0.000110150664113, 9.71479603322e-05, 0.000112433932372, 9.6718154964e-05, 3.30704024236e-05, 9.66762558896e-10],
        "dmean2": [4.73385698569e-05, 0.00166378903668, 0.000900095445104, 0.000692943984177, 0.00475320452824, 0.0013874983415, 0.00116289756261, 0.00156287977006, 0.00122070487123, 0.00091725907987, 0.000822947418783, 0.000726787257008, 0.00100498634856, 0.00141911697574, 0.000629378540907, 0.00023712660186, 0.000195451633772, 0.000145401485497, 0.000282356835669, 0.000419922114816, 0.000166380646988, 0.000174021624844, 0.000163769800565, 0.000195394619368, 0.000168377227965, 5.87676477153e-05, 1.65108793304e-09],
        "dvar": [6.94108814869e-09, 2.63894071395e-06, 1.47608500356e-06, 4.08727402146e-07, 4.80636263092e-05, 2.26992619901e-06, 2.31490616898e-06, 4.26328824688e-06, 5.44104159417e-06, 1.83110034868e-06, 4.83685880681e-06, 4.59391503682e-06, 6.50307947581e-06, 8.28158954391e-06, 1.70678436007e-06, 4.47540770665e-07, 6.00405343221e-08, 1.90759763541e-08, 1.33447443318e-07, 4.5998140763e-07, 3.89395680145e-08, 3.57455895994e-08, 3.36306626991e-08, 4.94787748551e-08, 4.55195099391e-08, 6.41881214847e-09, 3.88928875843e-17],
        "dvar2": [1.49597330079e-08, 7.16811291568e-06, 4.50660127171e-06, 9.92915033748e-07, 9.24844789552e-05, 5.34279479325e-06, 6.33144918538e-06, 1.03228503576e-05, 1.24466869238e-05, 3.92617585021e-06, 9.60034412856e-06, 1.08745643956e-05, 1.61502975971e-05, 1.84801265277e-05, 4.00734279538e-06, 5.18785782333e-07, 1.39164043844e-07, 4.12751219869e-08, 2.69705566325e-07, 8.18429214178e-07, 8.54932480365e-08, 8.13261067378e-08, 8.6468695315e-08, 1.33926761237e-07, 1.18144313888e-07, 1.76618186742e-08, 4.15350877492e-17],
        "max": [0.00210798182525, 0.026976171881, 0.0188214108348, 0.00953303277493, 0.0660328269005, 0.0143890343606, 0.0218478478491, 0.0223597232252, 0.0323108248413, 0.0183528140187, 0.0463068000972, 0.0423148870468, 0.0525108464062, 0.0511871390045, 0.0311821121722, 0.0250220093876, 0.00466998945922, 0.00175088399556, 0.00661082891747, 0.0125356689095, 0.00494406931102, 0.00215688836761, 0.00219479366206, 0.00248467875645, 0.0021838247776, 0.000740929623134, 2.21292154379e-07],
        "mean": [3.53995164915e-05, 0.00214313226752, 0.0011902138358, 0.000799296598416, 0.00443643005565, 0.00136034935713, 0.000764966767747, 0.00113127066288, 0.00102959549986, 0.00083844771143, 0.000742539879866, 0.000517212843988, 0.00080809200881, 0.00121322576888, 0.000517195265274, 0.000253688456723, 0.000198804700631, 0.000166865065694, 0.000311377225444, 0.000477296096506, 0.000152080727275, 0.000158213500981, 0.000102130208688, 0.00011400841322, 8.19389533717e-05, 2.34888138948e-05, 7.88231813154e-10],
        "median": [7.11027860234e-06, 0.00164029328153, 0.000830678211059, 0.000502521288581, 0.0014593671076, 0.000742289703339, 0.000280430424027, 0.000274701771559, 0.000327457644744, 0.000125430145999, 0.000109316664748, 9.8518357845e-05, 0.000118091134937, 0.000167864593095, 9.88626998151e-05, 6.17582845734e-05, 9.05821798369e-05, 8.33100057207e-05, 0.000100406148704, 9.77724630502e-05, 6.47689230391e-05, 6.98056610418e-05, 4.87197030452e-05, 4.1829818656e-05, 1.71021129063e-05, 3.23539347846e-06, 2.40207187474e-10],
        "min": [5.16586844412e-08, 1.16278679343e-05, 8.68621896188e-07, 1.78762661562e-07, 5.70473730477e-06, 3.97319445256e-06, 3.3633127714e-06, 2.30680348068e-06, 2.16808848563e-06, 1.60273054917e-06, 8.6051471726e-07, 9.26179836824e-07, 6.61100159505e-07, 9.8360044376e-07, 1.56786472871e-06, 4.04360150696e-07, 7.692822237e-07, 7.16528802513e-07, 2.11439129316e-07, 4.50358669468e-07, 2.68005464932e-07, 1.70168505065e-07, 1.10491747307e-07, 5.03933392793e-08, 1.60107385683e-10, 1.07028778201e-11, 1.17860938023e-11],
        "var": [9.89280035668e-09, 4.94239839099e-06, 2.08028791349e-06, 1.06947982204e-06, 7.35452777008e-05, 3.2200066471e-06, 2.49654749496e-06, 5.27097972736e-06, 6.17855312157e-06, 3.50099458046e-06, 7.04133435647e-06, 4.63983360532e-06, 1.02252051875e-05, 1.25217547975e-05, 2.60761476056e-06, 1.60823890383e-06, 1.22396443203e-07, 4.91155169868e-08, 2.99367428624e-07, 1.25484189084e-06, 7.27307423176e-08, 6.57465406562e-08, 3.0006432894e-08, 4.52485373614e-08, 4.06111908546e-08, 4.15779499718e-09, 3.86358428633e-17]
    },
    "erbbands": {
        "dmean": [0.0237483419478, 0.250811159611, 0.588751137257, 1.06049239635, 1.95428919792, 10.263004303, 22.8483295441, 5.0871591568, 5.17558145523, 21.8591804504, 16.4626541138, 18.2183094025, 17.8440093994, 17.5903663635, 22.0088653564, 18.3633937836, 30.927438736, 38.9545631409, 32.2585906982, 12.6877298355, 8.53921699524, 6.5751452446, 5.34945583344, 5.2994966507, 14.6384010315, 12.8011426926, 4.11157894135, 4.70377445221, 4.32995414734, 2.89501428604, 3.00515627861, 2.18495869637, 1.98658263683, 1.2176823616, 0.62299913168, 0.207459464669, 0.058313831687, 0.00369457527995, 8.09941921034e-05, 1.35634245453e-05],
        "dmean2": [0.0394387468696, 0.412975013256, 0.988494753838, 1.75063467026, 3.27643799782, 15.7433776855, 33.5221862793, 7.59800434113, 8.66990566254, 35.7411842346, 26.6605587006, 27.9107379913, 26.3487911224, 24.9067573547, 31.6394329071, 28.1083679199, 46.415512085, 58.4057350159, 48.4349861145, 18.4622211456, 11.4543027878, 10.2571153641, 8.16629505157, 7.74386978149, 20.2813167572, 17.2984886169, 5.95302152634, 7.41112518311, 6.64780807495, 4.82114267349, 5.1176276207, 3.77451992035, 3.456158638, 2.10220646858, 1.09054625034, 0.367052704096, 0.103984296322, 0.00667715864256, 0.000143439989188, 2.06980512303e-05],
        "dvar": [0.00156057323329, 0.176839798689, 1.64145457745, 3.69493579865, 8.9324798584, 448.051757812, 2769.78686523, 56.9177398682, 96.5569915771, 3021.72216797, 1320.77319336, 3557.35058594, 1517.21716309, 2386.94042969, 8103.49755859, 3860.00512695, 15693.3808594, 15297.3173828, 8883.82128906, 1300.64099121, 1751.67993164, 202.453964233, 60.3150024414, 68.886756897, 833.833862305, 941.615234375, 63.4959259033, 94.2904434204, 54.1629753113, 44.125995636, 38.3125915527, 15.9907865524, 17.9395542145, 7.33471441269, 2.15885806084, 0.259004056454, 0.0244878455997, 0.000101130164694, 4.00959763169e-08, 2.90661078539e-10],
        "dvar2": [0.00384762370959, 0.495204746723, 4.99260568619, 9.40161514282, 24.5129623413, 895.61114502, 5719.47460938, 122.502746582, 267.532684326, 7815.47167969, 3178.92529297, 7873.72265625, 3315.0949707, 4182.38720703, 18337.7910156, 8145.45800781, 38772.5625, 31302.2285156, 20439.9804688, 2892.75512695, 1688.04187012, 446.372833252, 135.552886963, 143.179092407, 1444.73425293, 1767.14831543, 107.037094116, 225.096221924, 119.298484802, 118.576080322, 104.970787048, 43.1234054565, 48.4157295227, 18.5253582001, 5.81948280334, 0.714642643929, 0.0685507804155, 0.000283016182948, 1.11664597569e-07, 7.05925984334e-10],
        "max": [0.586456179619, 7.32931184769, 21.0379657745, 31.4494400024, 38.8954238892, 203.133789062, 478.829620361, 113.109733582, 147.875137329, 506.315307617, 477.277069092, 907.138977051, 617.012634277, 1076.14257812, 1764.38049316, 1558.89904785, 2484.37597656, 2066.86425781, 1579.82385254, 797.040344238, 1729.546875, 321.883148193, 101.867340088, 129.635665894, 442.699127197, 692.746337891, 189.711166382, 235.759277344, 90.0939102173, 108.453742981, 66.3573989868, 49.6676712036, 43.5372085571, 30.0399456024, 15.5943775177, 4.90342855453, 1.78139317036, 0.100033402443, 0.00181718729436, 0.000173579042894],
        "mean": [0.0468517094851, 0.531932473183, 1.36605143547, 2.21478152275, 3.94507884979, 13.70698452, 28.4365940094, 9.17838954926, 7.44999837875, 24.5307998657, 20.9034519196, 24.0544376373, 26.4249725342, 26.0232105255, 26.9646682739, 23.9693965912, 40.3134384155, 52.4048843384, 42.9317436218, 20.3959732056, 14.3173561096, 11.0934829712, 9.72474956512, 9.73336219788, 24.7006645203, 21.793138504, 6.8481221199, 6.56987524033, 6.32781934738, 3.31713271141, 2.99222683907, 2.30627965927, 1.89537918568, 1.10054254532, 0.491256445646, 0.151188477874, 0.0396289750934, 0.00248168106191, 6.64591570967e-05, 2.80920630757e-05],
        "median": [0.0206950940192, 0.420554280281, 1.06674790382, 1.38599538803, 3.12194013596, 4.40211248398, 5.89446973801, 5.43365573883, 3.93785095215, 5.82341337204, 7.49897575378, 8.13748931885, 6.35293340683, 5.82908630371, 5.77260160446, 5.91286754608, 7.39860868454, 9.51619720459, 8.00777339935, 4.84924125671, 4.25885057449, 4.8227853775, 5.16736221313, 4.47770309448, 5.89878797531, 4.42905807495, 2.73598814011, 2.80881047249, 2.61737632751, 1.64434337616, 1.34921884537, 0.91735470295, 0.60763579607, 0.249545350671, 0.0857251733541, 0.0236404482275, 0.00377887231298, 0.00019140104996, 1.99335681828e-05, 2.10417292692e-05],
        "min": [0.00028194198967, 0.00247719394974, 0.00203928234987, 0.00667131319642, 0.00460386835039, 0.0238576624542, 0.0517410524189, 0.0841774046421, 0.0629417449236, 0.119352161884, 0.115663893521, 0.103551454842, 0.0918035954237, 0.0833915248513, 0.0628424361348, 0.0621533021331, 0.033762421459, 0.0530102066696, 0.0810665339231, 0.0842054411769, 0.0334693640471, 0.0520742274821, 0.0335477367043, 0.0268716048449, 0.010503269732, 0.0193390026689, 0.0114150904119, 0.0111847529188, 0.00692143291235, 0.00432106852531, 0.00279748276807, 0.000451579719083, 0.0006964521599, 9.02919346117e-05, 1.8750264644e-05, 6.14806913291e-06, 1.05632625491e-06, 2.35303076579e-07, 2.25066585813e-07, 2.98498804341e-07],
        "var": [0.00390296149999, 0.302417337894, 2.12973189354, 7.96741294861, 12.873000145, 655.432128906, 3951.01342773, 121.422264099, 146.975158691, 3223.86181641, 1638.39599609, 4188.71435547, 2976.15478516, 5573.48242188, 8887.48535156, 5387.27587891, 24210.9648438, 23717.9492188, 12517.6855469, 2638.64794922, 6913.75341797, 499.452545166, 150.096557617, 199.748596191, 2105.91918945, 2953.36767578, 195.939056396, 135.518264771, 117.550140381, 37.0447998047, 29.0257720947, 15.6969652176, 15.774263382, 7.38159561157, 1.62591803074, 0.16904528439, 0.0151747893542, 6.27890258329e-05, 2.58076759962e-08, 4.91160001559e-10]
    },
    "gfcc": {
        "mean": [-12.9916591644, 95.9102478027, -120.684150696, 42.9222068787, -68.0424346924, 20.8624763489, -40.9425773621, 6.84515047073, -25.4575233459, 3.25074315071, -10.6165800095, -6.76837873459, -7.25042057037],
        "cov": [[3255.5324707, -1037.79638672, -548.555969238, -133.754486084, -145.512466431, 153.04359436, 76.8674850464, 49.8699798584, -183.66973877, 128.213317871, -231.134002686, 34.1912765503, -74.2226715088], [-1037.79638672, 1332.70080566, -201.445343018, 23.4391059875, 178.773910522, -206.812652588, 147.973098755, -205.584121704, 124.575752258, -253.128067017, 175.633529663, -122.90953064, 110.290817261], [-548.555969238, -201.445343018, 1101.73217773, 125.844558716, -46.2406959534, 16.7797050476, -250.999267578, 51.1747398376, -87.1201629639, 76.7463989258, -80.2425842285, 155.916427612, -44.9420433044], [-133.754486084, 23.4391059875, 125.844558716, 309.474639893, 47.9776649475, -0.377809286118, -14.8850221634, -39.3797302246, 33.0617790222, -7.09605455399, 25.3255844116, -48.4247550964, 42.2763748169], [-145.512466431, 178.773910522, -46.2406959534, 47.9776649475, 220.629577637, 15.4924564362, 18.4325122833, -20.1353092194, 22.034444809, -15.7240257263, -2.964427948, -19.9469337463, 9.80048465729], [153.04359436, -206.812652588, 16.7797050476, -0.377809286118, 15.4924564362, 201.073486328, 45.6711959839, 50.7038154602, -15.4236965179, 20.5314369202, -13.0814323425, 3.83431434631, -28.1090755463], [76.8674850464, 147.973098755, -250.999267578, -14.8850221634, 18.4325122833, 45.6711959839, 241.130493164, -2.62753558159, 6.7039103508, -46.6229171753, 35.7215118408, -38.5901756287, -11.868314743], [49.8699798584, -205.584121704, 51.1747398376, -39.3797302246, -20.1353092194, 50.7038154602, -2.62753558159, 170.878112793, 19.0533065796, 51.4408454895, -27.3318977356, 22.7481098175, -51.8356399536], [-183.66973877, 124.575752258, -87.1201629639, 33.0617790222, 22.034444809, -15.4236965179, 6.7039103508, 19.0533065796, 142.676696777, 15.6797657013, 28.1091480255, -41.3766784668, 5.15339374542], [128.213317871, -253.128067017, 76.7463989258, -7.09605455399, -15.7240257263, 20.5314369202, -46.6229171753, 51.4408454895, 15.6797657013, 157.364959717, -32.0119476318, 15.6824626923, -36.0183982849], [-231.134002686, 175.633529663, -80.2425842285, 25.3255844116, -2.964427948, -13.0814323425, 35.7215118408, -27.3318977356, 28.1091480255, -32.0119476318, 107.387153625, -32.4866981506, 9.50502872467], [34.1912765503, -122.90953064, 155.916427612, -48.4247550964, -19.9469337463, 3.83431434631, -38.5901756287, 22.7481098175, -41.3766784668, 15.6824626923, -32.4866981506, 121.585960388, -2.9935438633], [-74.2226715088, 110.290817261, -44.9420433044, 42.2763748169, 9.80048465729, -28.1090755463, -11.868314743, -51.8356399536, 5.15339374542, -36.0183982849, 9.50502872467, -2.9935438633, 127.622268677]],
        "icov": [[0.00063211255474, 0.00031193511677, 0.000555048347451, -0.000204241572646, 0.000290705735097, -0.000127332590637, -3.80389064958e-05, 0.000310327275656, 0.000557778403163, -9.93470093817e-05, 0.00114822480828, -0.000157312882948, 0.000293536519166], [0.00031193511677, 0.00391374854371, -0.00130021816585, 0.00212895986624, -0.00270970049314, 0.00310474867001, -0.00254309549928, 0.0022236010991, -0.0028564017266, 0.00378783186898, -0.0027696066536, 0.00238416716456, -0.00135881791357], [0.000555048347451, -0.00130021816585, 0.00293750362471, -0.00234985537827, 0.0016924305819, -0.00166981073562, 0.00252583925612, -0.000791401835158, 0.00243028160185, -0.00166380347218, 0.00263905571774, -0.00310118449852, 0.00183801527601], [-0.000204241572646, 0.00212895986624, -0.00234985537827, 0.00608009286225, -0.00258901901543, 0.00167852966115, -0.00196847040206, 0.00175364513416, -0.00286079826765, 0.0020165683236, -0.00304857548326, 0.00409937417135, -0.00269464263692], [0.000290705735097, -0.00270970049314, 0.0016924305819, -0.00258901901543, 0.00728743523359, -0.00304262922145, 0.00181983690709, -0.000762578158174, 0.00178212358151, -0.00244305678643, 0.00404070643708, -0.0019728182815, 0.00148547522258], [-0.000127332590637, 0.00310474867001, -0.00166981073562, 0.00167852966115, -0.00304262922145, 0.0086953015998, -0.00361926387995, 4.32185117916e-07, -0.00171816314105, 0.00261299614795, -0.00277965050191, 0.00237245787866, -0.00101930578239], [-3.80389064958e-05, -0.00254309549928, 0.00252583925612, -0.00196847040206, 0.00181983690709, -0.00361926387995, 0.00811671465635, -0.00167352473363, 0.00260290550068, -0.00108514411841, 0.00112891534809, -0.0018967379583, 0.00231542391703], [0.000310327275656, 0.0022236010991, -0.000791401835158, 0.00175364513416, -0.000762578158174, 4.32185117916e-07, -0.00167352473363, 0.00959902442992, -0.0036411290057, 0.00080833764514, 0.000103759906779, 0.000144682780956, 0.00157188135199], [0.000557778403163, -0.0028564017266, 0.00243028160185, -0.00286079826765, 0.00178212358151, -0.00171816314105, 0.00260290550068, -0.0036411290057, 0.0123791042715, -0.00467600673437, 0.00164546014275, -0.000168698039488, 0.000898190191947], [-9.93470093817e-05, 0.00378783186898, -0.00166380347218, 0.0020165683236, -0.00244305678643, 0.00261299614795, -0.00108514411841, 0.00080833764514, -0.00467600673437, 0.0121909966692, -0.00181460846215, 0.00217177392915, 0.000220931717195], [0.00114822480828, -0.0027696066536, 0.00263905571774, -0.00304857548326, 0.00404070643708, -0.00277965050191, 0.00112891534809, 0.000103759906779, 0.00164546014275, -0.00181460846215, 0.0168619398028, -0.00127407361288, 0.00236079539172], [-0.000157312882948, 0.00238416716456, -0.00310118449852, 0.00409937417135, -0.0019728182815, 0.00237245787866, -0.0018967379583, 0.000144682780956, -0.000168698039488, 0.00217177392915, -0.00127407361288, 0.0145093686879, -0.00299054104835], [0.000293536519166, -0.00135881791357, 0.00183801527601, -0.00269464263692, 0.00148547522258, -0.00101930578239, 0.00231542391703, 0.00157188135199, 0.000898190191947, 0.000220931717195, 0.00236079539172, -0.00299054104835, 0.0110158110037]]
    },
    "melbands": {
        "dmean": [0.000250275916187, 0.000310313218506, 0.000192892708583, 0.000330529437633, 0.000825415831059, 0.000116226518003, 9.29151428863e-05, 0.000240889305132, 0.00013851255062, 0.00011078780517, 9.00090381037e-05, 7.27913939045e-05, 8.31002980703e-05, 4.48564242106e-05, 7.70797341829e-05, 5.31549958396e-05, 8.41043365654e-05, 6.38822093606e-05, 2.67605792033e-05, 1.17409181257e-05, 1.01969344541e-05, 7.02632496541e-06, 6.70630697641e-06, 4.52322092315e-06, 4.45257592219e-06, 7.8479088188e-06, 1.5419722331e-05, 7.49766013541e-06, 2.67365226136e-06, 2.48648143497e-06, 3.03786032418e-06, 2.88089950118e-06, 1.70977239122e-06, 1.61482273597e-06, 1.66786503542e-06, 1.53792404944e-06, 1.44049556638e-06, 1.63638185313e-06, 1.03983563804e-06, 1.08152630673e-06],
        "dmean2": [0.000412844296079, 0.000516151369084, 0.000319990736898, 0.000526671472471, 0.00120558985509, 0.000177788053406, 0.000156951777171, 0.000388741347706, 0.000223755094339, 0.000168852187926, 0.000132190732984, 0.0001049818311, 0.000116785202408, 7.00458767824e-05, 0.000119335461932, 8.03224102128e-05, 0.000126630679006, 9.72300767899e-05, 3.99388845835e-05, 1.73380067281e-05, 1.40595529956e-05, 1.1201081179e-05, 1.07388486867e-05, 6.8494214247e-06, 6.79645472701e-06, 1.14887197924e-05, 2.17820088437e-05, 1.04576683952e-05, 3.97770872951e-06, 3.90114882975e-06, 4.82990708406e-06, 4.4543412514e-06, 2.82824294118e-06, 2.74186959359e-06, 2.84534371531e-06, 2.65665312327e-06, 2.50668927038e-06, 2.89404511022e-06, 1.76393018592e-06, 1.89135687378e-06],
        "dvar": [1.50932763177e-07, 3.90762437519e-07, 9.40334317079e-08, 3.54391175961e-07, 3.64862671631e-06, 3.02221145887e-08, 3.12357748555e-08, 3.4719758446e-07, 1.21583482837e-07, 1.14781308014e-07, 3.95077499604e-08, 3.74252522306e-08, 9.64621804656e-08, 4.92863279078e-08, 1.00929582914e-07, 3.33163328037e-08, 7.58495843911e-08, 3.98589499184e-08, 9.53070777854e-09, 1.24133614499e-09, 2.63739585726e-09, 2.01609895445e-10, 1.61965538203e-10, 4.08368998339e-11, 5.62802651705e-11, 3.40058287085e-10, 1.18089626966e-09, 3.924879588e-10, 3.61065552457e-11, 1.79755654806e-11, 4.27213472931e-11, 2.89172939066e-11, 9.97353241661e-12, 1.96535288044e-11, 1.15495477765e-11, 9.08081335821e-12, 8.33718510895e-12, 1.3474820218e-11, 5.25806872001e-12, 6.68343679011e-12],
        "dvar2": [3.95442611989e-07, 1.17440231406e-06, 2.42990580546e-07, 8.09035270777e-07, 7.34738068786e-06, 6.85438976689e-08, 8.63567777287e-08, 8.80408208559e-07, 2.96234873076e-07, 2.52477462936e-07, 8.59391491304e-08, 6.59647128032e-08, 1.99656696509e-07, 1.23286724829e-07, 2.40072068891e-07, 7.41703161111e-08, 1.64264960745e-07, 9.24669194546e-08, 2.11025952268e-08, 2.47727927061e-09, 2.94621038677e-09, 5.06547803703e-10, 3.65022206905e-10, 9.03562849541e-11, 1.2230626234e-10, 7.84524778474e-10, 1.98785410355e-09, 7.69072527884e-10, 6.61708743355e-11, 4.01397005911e-11, 1.01705151245e-10, 6.46516520875e-11, 2.56546884431e-11, 5.43598256686e-11, 3.16287135371e-11, 2.5157440367e-11, 2.28407327774e-11, 3.71362003648e-11, 1.31520749153e-11, 1.71639941843e-11],
        "max": [0.00557937286794, 0.0110831568018, 0.00485417246819, 0.00534367840737, 0.0177143048495, 0.002493691165, 0.0021265312098, 0.00480530271307, 0.004693438299, 0.00533870095387, 0.00301830773242, 0.00400764169171, 0.00582646019757, 0.00444179493934, 0.00694072293118, 0.00379073247313, 0.00420939782634, 0.00313580478542, 0.0029490662273, 0.000827354961075, 0.00215555098839, 0.000239466098719, 0.000208375626244, 9.40184327192e-05, 0.000101644924143, 0.000416707363911, 0.00062490318669, 0.000538298219908, 0.000145501137013, 8.33606100059e-05, 0.000152175489347, 6.67904751026e-05, 4.50984771305e-05, 7.85324664321e-05, 3.49095425918e-05, 2.76949485851e-05, 3.61108322977e-05, 3.22749510815e-05, 3.73748334823e-05, 2.78143306787e-05],
        "mean": [0.000519938475918, 0.000739396724384, 0.000429377570981, 0.000509264296852, 0.00104062561877, 0.00020374651649, 0.000123863967019, 0.000272490433417, 0.000173931694007, 0.000144429228385, 0.000129827662022, 0.000103228354419, 0.00010105392721, 5.29299213667e-05, 9.00372906472e-05, 7.19804884284e-05, 0.000106025232526, 7.98688124632e-05, 3.64069674106e-05, 1.83826687135e-05, 1.57435133588e-05, 1.07965988718e-05, 1.08329004433e-05, 7.63720436225e-06, 7.34711284167e-06, 1.25906590256e-05, 2.39886867348e-05, 1.18919751912e-05, 4.0144277591e-06, 3.37102892445e-06, 3.96801488023e-06, 4.13285988543e-06, 2.13457360587e-06, 1.67399969087e-06, 1.6287743847e-06, 1.56169903676e-06, 1.43159445543e-06, 1.46401123402e-06, 1.03240108729e-06, 9.16536578188e-07],
        "median": [0.000338277488481, 0.000620050996076, 0.000331934716087, 0.000286424998194, 0.000226413205382, 0.000127666673507, 6.01835126872e-05, 6.2831582909e-05, 5.84570698265e-05, 4.43280368927e-05, 2.3599675842e-05, 2.02754417842e-05, 1.73653352249e-05, 1.15172251753e-05, 1.44864670801e-05, 1.22233823276e-05, 1.47966993609e-05, 1.27024632093e-05, 7.1418276093e-06, 4.83049416289e-06, 4.58023487226e-06, 4.76581226394e-06, 4.62955176772e-06, 3.94092285205e-06, 2.94721803584e-06, 3.60334752258e-06, 3.95774895878e-06, 2.38736242864e-06, 1.55730856477e-06, 1.42750889154e-06, 1.54244105488e-06, 1.50904679685e-06, 1.00162299077e-06, 7.88238594396e-07, 7.4672698247e-07, 6.40802454654e-07, 4.97813289257e-07, 4.41451106781e-07, 2.75823282436e-07, 1.70775436459e-07],
        "min": [3.43226838595e-06, 1.87774048754e-06, 1.54048029799e-06, 1.15627130981e-06, 1.7793462348e-06, 1.61304797075e-06, 1.12524685392e-06, 1.40895144796e-06, 7.53495214667e-07, 4.0362283471e-07, 2.87460409254e-07, 2.75701381725e-07, 1.23066584479e-07, 9.03239367744e-08, 1.11121096324e-07, 5.18737479638e-08, 1.04049128424e-07, 1.32787121743e-07, 1.23948595387e-07, 4.50307524602e-08, 3.70143204975e-08, 4.73922519006e-08, 2.44081288514e-08, 4.19829646603e-08, 1.9650480354e-08, 7.15892367609e-09, 8.85469741974e-09, 1.1578029202e-08, 6.40002983943e-09, 5.85506665374e-09, 4.43388747939e-09, 4.51800552526e-09, 1.92049176562e-09, 2.1016342e-09, 1.13980380689e-09, 1.31105057366e-10, 9.75085914789e-11, 5.14044695699e-10, 1.07794858109e-11, 2.75489673391e-13],
