{
"highlevel": {
    "danceability": {
        "all": {
            "danceable": 0.971513032913,
            "not_danceable": 0.0284869894385
        },
        "probability": 0.971513032913,
        "value": "danceable"
    },
    "gender": {
        "all": {
            "female": 0.0233785621822,
            "male": 0.976621448994
        },
        "probability": 0.976621448994,
        "value": "male"
    },
    "genre_dortmund": {
        "all": {
            "alternative": 0.0474245771766,
            "blues": 0.0504103973508,
            "electronic": 0.027001362294,
            "folkcountry": 0.286471515894,
            "funksoulrnb": 0.0362947508693,
            "jazz": 0.157360181212,
            "pop": 0.170469388366,
            "raphiphop": 0.0681726932526,
            "rock": 0.156395122409
        },
        "probability": 0.286471515894,
        "value": "folkcountry"
    },
    "genre_electronic": {
        "all": {
            "ambient": 0.442145675421,
            "dnb": 0.145847961307,
            "house": 0.0968261063099,
            "techno": 0.0124742025509,
            "trance": 0.302706032991
        },
        "probability": 0.442145675421,
        "value": "ambient"
    },
    "genre_rosamerica": {
        "all": {
            "cla": 0.0171131584793,
            "dan": 0.146817862988,
            "hip": 0.0980726256967,
            "jaz": 0.0179112069309,
            "pop": 0.447859495878,
            "rhy": 0.0531570315361,
            "roc": 0.208423227072,
            "spe": 0.0106453876942
        },
        "probability": 0.447859495878,
        "value": "pop"
    },
    "genre_tzanetakis": {
        "all": {
            "blu": 0.0607505217195,
            "cla": 0.0337227918208,
            "cou": 0.0758651271462,
            "dis": 0.0505796410143,
            "hip": 0.151755273342,
            "jaz": 0.303654819727,
            "met": 0.0505770146847,
            "pop": 0.0606838613749,
            "reg": 0.0606845654547,
            "roc": 0.151726379991
        },
        "probability": 0.303654819727,
        "value": "jaz"
    },
    "ismir04_rhythm": {
        "all": {
            "ChaChaCha": 0.217583581805,
            "Jive": 0.634640395641,
            "Quickstep": 0.030983408913,
            "Rumba-American": 0.00172179576475,
            "Rumba-International": 0.00372332567349,
            "Rumba-Misc": 0.000941105186939,
            "Samba": 0.106670096517,
            "Tango": 0.000684930128045,
            "VienneseWaltz": 0.00281681097113,
            "Waltz": 0.000234532169998
        },
        "probability": 0.634640395641,
        "value": "Jive"
    },
    "mood_acoustic": {
        "all": {
            "acoustic": 0.0460831262171,
            "not_acoustic": 0.953916847706
        },
        "probability": 0.953916847706,
        "value": "not_acoustic"
    },
    "mood_aggressive": {
        "all": {
            "aggressive": 0.0158200915903,
            "not_aggressive": 0.984179913998
        },
        "probability": 0.984179913998,
        "value": "not_aggressive"
    },
    "mood_electronic": {
        "all": {
            "electronic": 0.39676424861,
            "not_electronic": 0.603235781193
        },
        "probability": 0.603235781193,
        "value": "not_electronic"
    },
    "mood_happy": {
        "all": {
            "happy": 0.941451013088,
            "not_happy": 0.0585490055382
        },
        "probability": 0.941451013088,
        "value": "happy"
    },
    "mood_party": {
        "all": {
            "not_party": 0.328149139881,
            "party": 0.671850860119
        },
        "probability": 0.671850860119,
        "value": "party"
    },
    "mood_relaxed": {
        "all": {
            "not_relaxed": 0.992147862911,
            "relaxed": 0.00785213988274
        },
        "probability": 0.992147862911,
        "value": "not_relaxed"
    },
    "mood_sad": {
        "all": {
            "not_sad": 0.81543970108,
            "sad": 0.184560313821
        },
        "probability": 0.81543970108,
        "value": "not_sad"
    },
    "moods_mirex": {
        "all": {
            "Cluster1": 0.165589734912,
            "Cluster2": 0.379621565342,
            "Cluster3": 0.0303128715605,
            "Cluster4": 0.363416403532,
            "Cluster5": 0.0610594451427
        },
        "probability": 0.379621565342,
        "value": "Cluster2"
    },
    "timbre": {
        "all": {
            "bright": 0.9725908041,
            "dark": 0.0274091884494
        },
        "probability": 0.9725908041,
        "value": "bright"
    },
    "tonal_atonal": {
        "all": {
            "atonal": 0.00146937253885,
            "tonal": 0.998530626297
        },
        "probability": 0.998530626297,
        "value": "tonal"
    },
    "voice_instrumental": {
        "all": {
            "instrumental": 0.0145872505382,
            "voice": 0.98541277647
        },
        "probability": 0.98541277647,
        "value": "voice"
    }
},
"lowlevel": {
    "average_loudness": 0.979202985764,
    "barkbands_crest": {
        "dmean": 3.35429120064,
        "dmean2": 5.33411502838,
        "dvar": 9.81911373138,
        "dvar2": 21.6764755249,
        "max": 24.4883556366,
        "mean": 8.88046550751,
        "median": 7.73684453964,
        "min": 2.20749473572,
        "var": 20.7433013916
    },
    "barkbands_flatness_db": {
        "dmean": 0.0263245031238,
        "dmean2": 0.0393188409507,
        "dvar": 0.000634106108919,
        "dvar2": 0.0016706493916,
        "max": 0.281802862883,
        "mean": 0.108269311488,
        "median": 0.102917119861,
        "min": 0.0362500995398,
        "var": 0.00139027531259
    },
    "barkbands_kurtosis": {
        "dmean": 3.38060164452,
        "dmean2": 5.66760253906,
        "dvar": 74.7066802979,
        "dvar2": 201.254638672,
        "max": 112.420425415,
        "mean": 1.88845062256,
        "median": -0.236542463303,
        "min": -1.82334411144,
        "var": 60.2208518982
    },
    "barkbands_skewness": {
        "dmean": 0.757292509079,
        "dmean2": 1.13832080364,
        "dvar": 0.821683526039,
        "dvar2": 1.96886610985,
        "max": 9.96582508087,
        "mean": 1.0887542963,
        "median": 0.883953928947,
        "min": -6.27282238007,
        "var": 1.65290415287
    },
    "barkbands_spread": {
        "dmean": 11.731757164,
        "dmean2": 18.0746631622,
        "dvar": 115.581016541,
        "dvar2": 281.381866455,
        "max": 102.082191467,
        "mean": 39.139831543,
        "median": 37.9471588135,
        "min": 2.22901701927,
        "var": 266.443695068
    },
    "dissonance": {
        "dmean": 0.0136835733429,
        "dmean2": 0.0232761669904,
        "dvar": 0.000156172565767,
        "dvar2": 0.000414986367105,
        "max": 0.499518156052,
        "mean": 0.475480020046,
        "median": 0.479074478149,
        "min": 0.405594080687,
        "var": 0.000270524062216
    },
    "dynamic_complexity": 2.31187677383,
    "erbbands_crest": {
        "dmean": 2.55786824226,
        "dmean2": 4.27276229858,
        "dvar": 5.79734802246,
        "dvar2": 15.8014154434,
        "max": 22.8784809113,
        "mean": 7.21080160141,
        "median": 6.50212812424,
        "min": 2.59940505028,
        "var": 8.42772865295
    },
    "erbbands_flatness_db": {
        "dmean": 0.0219375565648,
        "dmean2": 0.0307939033955,
        "dvar": 0.000339848484145,
        "dvar2": 0.000675792514812,
        "max": 0.248164713383,
        "mean": 0.12186768651,
        "median": 0.118410691619,
        "min": 0.0524030067027,
        "var": 0.00119931949303
    },
    "erbbands_kurtosis": {
        "dmean": 0.824367940426,
        "dmean2": 1.34615552425,
        "dvar": 2.88210511208,
        "dvar2": 6.69668531418,
        "max": 35.7526893616,
        "mean": 0.0206651482731,
        "median": -0.308104515076,
        "min": -1.6169731617,
        "var": 4.17645788193
    },
    "erbbands_skewness": {
        "dmean": 0.347888797522,
        "dmean2": 0.525910913944,
        "dvar": 0.128258168697,
        "dvar2": 0.260484904051,
        "max": 1.92969691753,
        "mean": -0.226200208068,
        "median": -0.192476809025,
        "min": -4.9309129715,
        "var": 0.38298624754
    },
    "erbbands_spread": {
        "dmean": 12.2428188324,
        "dmean2": 18.5277404785,
        "dvar": 122.003684998,
        "dvar2": 279.908477783,
        "max": 114.016723633,
        "mean": 47.3819351196,
        "median": 44.8371353149,
        "min": 6.57711362839,
        "var": 291.393035889
    },
    "hfc": {
        "dmean": 19.1005058289,
        "dmean2": 27.6438083649,
        "dvar": 509.381591797,
        "dvar2": 1118.09082031,
        "max": 194.576538086,
        "mean": 31.3422431946,
        "median": 22.5683956146,
        "min": 0.182843804359,
        "var": 847.459289551
    },
    "melbands_crest": {
        "dmean": 3.86313581467,
        "dmean2": 6.01589107513,
        "dvar": 10.8664779663,
        "dvar2": 23.3326797485,
        "max": 33.8389892578,
        "mean": 13.365568161,
        "median": 12.4927835464,
        "min": 3.39470529556,
        "var": 30.2178440094
    },
    "melbands_flatness_db": {
        "dmean": 0.0348835811019,
        "dmean2": 0.0510485209525,
        "dvar": 0.00109598599374,
        "dvar2": 0.00256719184108,
        "max": 0.385558962822,
        "mean": 0.144195958972,
        "median": 0.133162900805,
        "min": 0.0414943248034,
        "var": 0.00325864437036
    },
    "melbands_kurtosis": {
        "dmean": 12.3534412384,
        "dmean2": 20.3202285767,
        "dvar": 814.298828125,
        "dvar2": 2163.59960938,
        "max": 374.362548828,
        "mean": 13.4440689087,
        "median": 5.80718994141,
        "min": -1.93184673786,
        "var": 711.245910645
    },
    "melbands_skewness": {
        "dmean": 1.1469168663,
        "dmean2": 1.7060353756,
        "dvar": 2.06738352776,
        "dvar2": 4.94583415985,
        "max": 15.6863937378,
        "mean": 2.74496388435,
        "median": 2.32315421104,
        "min": -2.04459571838,
        "var": 3.85303044319
    },
    "melbands_spread": {
        "dmean": 14.9965658188,
        "dmean2": 22.5730133057,
        "dvar": 244.951553345,
        "dvar2": 494.594146729,
        "max": 288.449584961,
        "mean": 40.9019584656,
        "median": 36.1690826416,
        "min": 1.22479021549,
        "var": 776.683410645
    },
    "pitch_salience": {
        "dmean": 0.0821063220501,
        "dmean2": 0.132560312748,
        "dvar": 0.00559844681993,
        "dvar2": 0.0137284481898,
        "max": 0.832327008247,
        "mean": 0.532702088356,
        "median": 0.546186983585,
        "min": 0.116839542985,
        "var": 0.0114457728341
    },
    "silence_rate_20dB": {
        "dmean": 0,
        "dmean2": 0,
        "dvar": 0,
        "dvar2": 0,
        "max": 1,
        "mean": 1,
        "median": 1,
        "min": 1,
        "var": 0
    },
    "silence_rate_30dB": {
        "dmean": 0.00464396271855,
        "dmean2": 0.00929511990398,
        "dvar": 0.00462230294943,
        "dvar2": 0.0138565395027,
        "max": 1,
        "mean": 0.997679829597,
        "median": 1,
        "min": 0,
        "var": 0.00231479504146
    },
    "silence_rate_60dB": {
        "dmean": 0.0247678011656,
        "dmean2": 0.0495739728212,
        "dvar": 0.0241548269987,
        "dvar2": 0.0548616349697,
        "max": 1,
        "mean": 0.041763342917,
        "median": 0,
        "min": 0,
        "var": 0.040018517524
    },
    "spectral_centroid": {
        "dmean": 385.22253418,
        "dmean2": 576.090820312,
        "dvar": 133488.296875,
        "dvar2": 272097.71875,
        "max": 6619.00732422,
        "mean": 2122.8034668,
        "median": 2116.29785156,
        "min": 367.107208252,
        "var": 467057.5
    },
    "spectral_complexity": {
        "dmean": 5.79953575134,
        "dmean2": 7.68474054337,
        "dvar": 28.0921268463,
        "dvar2": 48.389415741,
        "max": 54,
        "mean": 21.2722358704,
        "median": 21,
        "min": 0,
        "var": 106.102073669
    },
    "spectral_decrease": {
        "dmean": 3.27905635977e-09,
        "dmean2": 4.93691665326e-09,
        "dvar": 3.26774326092e-17,
        "dvar2": 8.2226054227e-17,
        "max": -3.5158070899e-11,
        "mean": -5.57577006788e-09,
        "median": -4.01697031194e-09,
        "min": -4.31424034275e-08,
        "var": 3.54966196468e-17
    },
    "spectral_energy": {
        "dmean": 0.0136543223634,
        "dmean2": 0.0202558599412,
        "dvar": 0.000481478055008,
        "dvar2": 0.00119528395589,
        "max": 0.165175154805,
        "mean": 0.0238870698959,
        "median": 0.0177512466908,
        "min": 0.000151671134518,
        "var": 0.000553210964426
    },
    "spectral_energyband_high": {
        "dmean": 0.00172073591966,
        "dmean2": 0.0025652453769,
        "dvar": 4.78709262097e-06,
        "dvar2": 1.0401057807e-05,
        "max": 0.0195302255452,
        "mean": 0.00247231847607,
        "median": 0.00156870868523,
        "min": 1.99529699785e-06,
        "var": 7.4247413977e-06
    },
    "spectral_energyband_low": {
        "dmean": 0.00954951532185,
        "dmean2": 0.0153764141724,
        "dvar": 0.000478119851323,
        "dvar2": 0.00122978712898,
        "max": 0.157078877091,
        "mean": 0.0113868480548,
        "median": 0.00513454899192,
        "min": 1.89761522051e-06,
        "var": 0.000445666868472
    },
    "spectral_energyband_middle_high": {
        "dmean": 0.00253434781916,
        "dmean2": 0.00349247455597,
        "dvar": 9.4404012998e-06,
        "dvar2": 1.73915977939e-05,
        "max": 0.0406862311065,
        "mean": 0.00499408738688,
        "median": 0.00350099126808,
        "min": 1.80764218385e-05,
        "var": 2.15499931073e-05
    },
    "spectral_energyband_middle_low": {
        "dmean": 0.00303731882013,
        "dmean2": 0.00480114575475,
        "dvar": 1.48850231199e-05,
        "dvar2": 3.55248921551e-05,
        "max": 0.0283316932619,
        "mean": 0.00571897486225,
        "median": 0.004596053157,
        "min": 5.56219747523e-05,
        "var": 2.03296676773e-05
    },
    "spectral_entropy": {
        "dmean": 0.17716512084,
        "dmean2": 0.260683566332,
        "dvar": 0.0250728484243,
        "dvar2": 0.0523226186633,
        "max": 8.6903963089,
        "mean": 7.88045358658,
        "median": 7.87357997894,
        "min": 6.88993787766,
        "var": 0.0677996650338
    },
    "spectral_flux": {
        "dmean": 0.0321580581367,
        "dmean2": 0.0466132946312,
        "dvar": 0.00144819030538,
        "dvar2": 0.00259765842929,
        "max": 0.339624285698,
        "mean": 0.0965066403151,
        "median": 0.0875839367509,
        "min": 0.00661394326016,
        "var": 0.00284993019886
    },
    "spectral_kurtosis": {
        "dmean": 0.830238282681,
        "dmean2": 1.32155311108,
        "dvar": 0.577757894993,
        "dvar2": 1.41145992279,
        "max": 10.7297849655,
        "mean": 2.40619397163,
        "median": 2.35210847855,
        "min": -1.23349380493,
        "var": 1.53258168697
    },
    "spectral_rms": {
        "dmean": 0.00120646669529,
        "dmean2": 0.00165242189541,
        "dvar": 1.93930395653e-06,
        "dvar2": 4.25478128818e-06,
        "max": 0.0126943485811,
        "mean": 0.004405005835,
        "median": 0.00416152505204,
        "min": 0.000384671060601,
        "var": 3.90036439057e-06
    },
    "spectral_rolloff": {
        "dmean": 1429.35754395,
        "dmean2": 2310.75927734,
        "dvar": 3095635.5,
        "dvar2": 6894772,
        "max": 12769.1894531,
        "mean": 3017.74731445,
        "median": 2562.45117188,
        "min": 64.599609375,
        "var": 5581929
    },
    "spectral_skewness": {
        "dmean": 0.162598609924,
        "dmean2": 0.256529301405,
        "dvar": 0.0205291677266,
        "dvar2": 0.0453281253576,
        "max": 2.58373761177,
        "mean": 1.21930670738,
        "median": 1.23517739773,
        "min": -0.266092717648,
        "var": 0.0711356177926
    },
    "spectral_spread": {
        "dmean": 1045604.1875,
        "dmean2": 1453749.625,
        "dvar": 1.04190358323e+12,
        "dvar2": 1.89300513178e+12,
        "max": 15096926,
        "mean": 5872657.5,
        "median": 5517116.5,
        "min": 2650838.75,
        "var": 2.71141804442e+12
    },
    "spectral_strongpeak": {
        "dmean": 0.562784552574,
        "dmean2": 0.965305387974,
        "dvar": 0.998334407806,
        "dvar2": 2.58749675751,
        "max": 8.63234329224,
        "mean": 0.652300596237,
        "median": 0.279798150063,
        "min": 0.0268839597702,
        "var": 1.01891326904
    },
    "zerocrossingrate": {
        "dmean": 0.0224220119417,
        "dmean2": 0.0265180971473,
        "dvar": 0.000390413653804,
        "dvar2": 0.000495728803799,
        "max": 0.380859375,
        "mean": 0.103299617767,
        "median": 0.09716796875,
        "min": 0.01416015625,
        "var": 0.0022762150038
    },
    "barkbands": {
        "dmean": [0.000228466800763, 0.00784082245082, 0.00224870396778, 0.000732185784727, 0.000717294111382, 0.000459628907265, 0.00089224166004, 0.000770624668803, 0.000704010133632, 0.000326641806168, 0.000307241163682, 0.000246202631388, 0.000392726826249, 0.00044378763414, 0.000599396415055, 0.000362756487448, 0.000237161410041, 0.000612359144725, 0.000255778810242, 0.000493542931508, 0.000348242203472, 0.000125750812003, 0.000224224306294, 0.000336263212375, 0.000329733389663, 0.000272520817816, 3.91183050397e-07],
        "dmean2": [0.000348767382093, 0.0129126626998, 0.00380744319409, 0.00125114771072, 0.00115810101852, 0.000774961314164, 0.00143322022632, 0.00124944432173, 0.00108749151696, 0.000530213117599, 0.00049454724649, 0.000383107020753, 0.000613876676653, 0.000725900637917, 0.000912407587748, 0.000573299825191, 0.000370065128664, 0.000876877689734, 0.000395568786189, 0.000688552507199, 0.000511843769345, 0.000193548388779, 0.000346261076629, 0.000513378705364, 0.000532534730155, 0.000453885644674, 7.29691237211e-07],
        "dvar": [2.4015301392e-07, 0.000382371683372, 1.5662617443e-05, 1.57330555339e-06, 1.13521514322e-06, 4.48881394277e-07, 3.85384100809e-06, 2.53715074905e-06, 2.03408990274e-06, 1.62928688496e-06, 4.59013847376e-07, 1.81732829674e-07, 7.56100916988e-07, 6.32907244835e-07, 9.73516648628e-07, 5.93069728438e-07, 9.85063763892e-08, 1.01831767552e-06, 1.77554241532e-07, 7.29496946406e-07, 4.00777537379e-07, 2.52576501936e-08, 8.8102872553e-08, 2.31138812978e-07, 3.43313587337e-07, 2.80477593151e-07, 2.02441730913e-12],
        "dvar2": [5.46954311176e-07, 0.000993441673927, 4.25675971201e-05, 4.22097082264e-06, 3.06625770463e-06, 1.16550734219e-06, 9.01098701434e-06, 6.46418357064e-06, 4.80400149172e-06, 4.52379890703e-06, 1.17325828342e-06, 4.48777740303e-07, 1.79821108759e-06, 1.40413771987e-06, 2.15708473661e-06, 1.5126335029e-06, 2.27401443453e-07, 2.09869062928e-06, 4.03422461659e-07, 1.39673477406e-06, 7.15209239388e-07, 5.55977912597e-08, 1.83806633913e-07, 5.40925668702e-07, 8.63187494815e-07, 7.05782952082e-07, 5.84554670294e-12],
        "max": [0.00517937913537, 0.146466702223, 0.0353291779757, 0.0123669374734, 0.00988431181759, 0.00650515034795, 0.0246655214578, 0.0196762643754, 0.0164897292852, 0.0275342445821, 0.00956799928099, 0.00511715933681, 0.0130112785846, 0.00969606358558, 0.00900440104306, 0.00781514402479, 0.00407489016652, 0.0108939707279, 0.00563802942634, 0.0115797985345, 0.0123164476827, 0.00182791240513, 0.00332919578068, 0.00470619043335, 0.00570912007242, 0.00415757950395, 2.13989605982e-05],
        "mean": [0.000252649188042, 0.00793555099517, 0.00259921792895, 0.000971843895968, 0.00114149856381, 0.00068646192085, 0.00101155845914, 0.000888885057066, 0.000834168633446, 0.000345415290212, 0.000360588805052, 0.000323812448187, 0.000454786291812, 0.000568011309952, 0.000779483350925, 0.00043171516154, 0.00036525449832, 0.000851777731441, 0.000380382611183, 0.00068488670513, 0.000531962898094, 0.000199953094125, 0.000326539913658, 0.00041696219705, 0.000325565924868, 0.000217854103539, 2.35659271652e-07],
        "median": [4.18515191996e-05, 0.00282748020254, 0.0010563560063, 0.00049171585124, 0.00081295176642, 0.000481646362459, 0.000392689544242, 0.000330424780259, 0.000239672328462, 8.60467625898e-05, 0.000127095496282, 0.00017351625138, 0.000156649271958, 0.000265950424364, 0.000319821527228, 0.000164519311511, 0.000225365438382, 0.000341950217262, 0.000213078979868, 0.000265605922323, 0.000257440493442, 0.000124416634208, 0.000192522522411, 0.000207925957511, 0.000113026981126, 3.94125963794e-05, 8.45501835212e-10],
        "min": [3.69539421285e-08, 1.75342080411e-07, 1.75303483729e-07, 4.61159402221e-07, 4.40955454906e-06, 1.34388403694e-06, 1.88830063053e-06, 8.6052767756e-07, 1.19304854707e-06, 9.19828693213e-08, 1.85529131613e-07, 3.28526340354e-07, 3.5971743273e-07, 1.74515776052e-07, 4.44775196229e-07, 3.25051729533e-07, 2.60169940702e-07, 5.78114338623e-07, 6.35351000255e-07, 7.88629961335e-07, 6.07101469541e-07, 2.46964447115e-07, 2.80657445728e-07, 2.50804447433e-07, 8.52261123896e-08, 2.25138879761e-10, 5.6244228025e-12],
        "var": [2.94446977023e-07, 0.00032442502561, 1.72962500073e-05, 1.68922974808e-06, 1.27955229345e-06, 5.49748506273e-07, 4.21053618993e-06, 2.58830232269e-06, 2.46299896389e-06, 1.18654816106e-06, 5.2304159226e-07, 2.3598776977e-07, 9.28958343138e-07, 8.36671063098e-07, 1.44815078329e-06, 6.25784878139e-07, 1.89905620118e-07, 1.71199474153e-06, 2.60084192405e-07, 1.17546687761e-06, 6.82599988977e-07, 4.73177017568e-08, 1.54419751652e-07, 3.11561109356e-07, 3.12297800065e-07, 2.38135513086e-07, 1.12230114525e-12]
    },
    "erbbands": {
        "dmean": [0.229022443295, 1.7756935358, 2.70649123192, 2.45159053802, 2.76543664932, 2.29334044456, 2.22000169754, 4.09636831284, 9.46412372589, 17.3485870361, 15.2211732864, 15.8354215622, 14.5171289444, 7.76653862, 11.4758892059, 11.3599262238, 17.4014911652, 21.4319419861, 30.2078952789, 26.6226234436, 16.2849121094, 12.8866386414, 31.3214797974, 19.7902507782, 12.6981754303, 22.8779506683, 20.9816169739, 8.93777942657, 4.08426809311, 6.16504859924, 6.47484445572, 6.09953212738, 6.17243146896, 3.98644685745, 2.22931408882, 1.11888444424, 0.567576527596, 0.0531919784844, 0.000983772915788, 6.25409375061e-05],
        "dmean2": [0.354099422693, 3.07940220833, 4.73528671265, 4.05185890198, 4.55449867249, 3.76384520531, 3.72121572495, 6.85103130341, 15.5285902023, 27.5398712158, 24.6826858521, 24.4423046112, 23.1702651978, 11.986451149, 18.3643341064, 17.4785671234, 27.0416183472, 34.3471603394, 47.2368927002, 38.8582801819, 25.5434741974, 18.9580078125, 45.5745658875, 29.3003463745, 18.5301895142, 31.8984336853, 30.2663841248, 12.6230926514, 6.21503210068, 9.62880992889, 9.92881584167, 9.33367729187, 9.56980323792, 6.43628644943, 3.63476872444, 1.85917508602, 0.955249011517, 0.0905574634671, 0.00166439160239, 9.93227949948e-05],
        "dvar": [0.282219558954, 21.6765403748, 33.4765319824, 13.9356365204, 20.3720149994, 11.6903266907, 12.9072656631, 36.1928901672, 399.078552246, 1105.77770996, 1121.57287598, 1165.20678711, 2501.11450195, 328.130157471, 583.816101074, 329.916290283, 1586.30004883, 1235.10705566, 3327.39331055, 2188.80786133, 769.200134277, 333.226013184, 3084.1550293, 1140.4777832, 267.690307617, 1555.46386719, 1473.04248047, 309.589141846, 28.9929637909, 83.2017364502, 70.195930481, 81.0842056274, 82.6533889771, 52.9824333191, 14.5391530991, 4.15230226517, 1.30327022076, 0.0129006849602, 4.09783888244e-06, 1.06983542025e-08],
        "dvar2": [0.656257212162, 59.1160316467, 92.3586120605, 36.2548370361, 55.6008529663, 31.3679676056, 34.0950813293, 96.0317230225, 929.840332031, 2545.96704102, 2931.13427734, 2771.33056641, 6649.91308594, 795.75970459, 1543.23388672, 792.898498535, 3661.82763672, 2852.6784668, 8275.89746094, 4362.45214844, 1928.92077637, 640.256286621, 6444.50927734, 2505.13549805, 505.682556152, 2972.14697266, 2629.17504883, 588.84576416, 65.6138916016, 177.265472412, 151.560409546, 189.837112427, 195.18069458, 133.992080688, 36.2947006226, 10.2354431152, 3.30710196495, 0.033286023885, 1.05664148577e-05, 2.72847024974e-08],
        "max": [3.9463737011, 33.1212844849, 49.0535888672, 29.0886554718, 41.7538604736, 36.1133537292, 46.6249961853, 60.8149452209, 256.213806152, 362.861755371, 525.277954102, 478.297943115, 997.276367188, 277.17364502, 447.850067139, 225.338439941, 690.322875977, 383.389373779, 675.52935791, 600.833312988, 294.386291504, 336.614257812, 659.874572754, 368.334716797, 222.785736084, 577.998168945, 482.24005127, 452.607666016, 59.6107254028, 100.743217468, 116.717308044, 107.912948608, 101.018371582, 77.3144836426, 30.1273212433, 13.8866386414, 9.92835330963, 0.954989910126, 0.0164787247777, 0.000888246693648],
        "mean": [0.251109987497, 1.68281757832, 2.9607527256, 3.59562373161, 3.77543401718, 3.5940656662, 3.08567333221, 6.12968397141, 11.9787435532, 19.5612506866, 18.7880878448, 18.6857013702, 16.7975616455, 9.92936611176, 13.9594573975, 15.9522638321, 21.4205226898, 29.1855125427, 37.8149757385, 36.6959152222, 22.0033397675, 20.9172859192, 43.23412323, 29.3786373138, 20.3299465179, 31.7533226013, 31.006860733, 13.8389520645, 6.75684261322, 8.9128036499, 9.3379907608, 7.76273393631, 7.42349052429, 4.09877729416, 2.1104259491, 0.972131609917, 0.432866245508, 0.0388307459652, 0.000748893769924, 6.94704867783e-05],
        "median": [0.0782341435552, 0.586960196495, 1.21578752995, 2.03180193901, 2.41048884392, 2.44027590752, 2.02717471123, 4.12508773804, 6.03690576553, 6.44418334961, 8.36408233643, 5.47951459885, 3.65665125847, 4.17812299728, 6.12453699112, 9.35919475555, 8.34824466705, 15.3858728409, 14.254576683, 14.4409675598, 10.9973459244, 12.0567035675, 17.0014076233, 14.1616811752, 11.8102178574, 12.5760650635, 13.1643733978, 7.22019004822, 4.3593173027, 4.93414354324, 5.39320802689, 3.99227166176, 3.50012636185, 1.45463049412, 0.73839455843, 0.24368211627, 0.0627044886351, 0.00405151583254, 0.000117593393952, 3.48988978658e-05],
        "min": [5.38797894478e-06, 9.45152132772e-05, 0.000569146533962, 0.00195302162319, 0.00412620091811, 0.0214356128126, 0.029213597998, 0.0189371090382, 0.0362941548228, 0.030439497903, 0.0576728954911, 0.0343828909099, 0.0262093003839, 0.0302893854678, 0.0126515617594, 0.0344485752285, 0.102123007178, 0.0547912567854, 0.0684509277344, 0.0295713730156, 0.0155051192269, 0.019128266722, 0.0224996712059, 0.0444794297218, 0.0332829914987, 0.0340745896101, 0.0297231152654, 0.017189418897, 0.00792833976448, 0.0102424109355, 0.00998418219388, 0.00736930407584, 0.00296964659356, 0.000942551821936, 0.000487540761242, 0.000159715244081, 2.49698769039e-05, 8.18975138372e-07, 1.97590765083e-07, 2.18913882577e-07],
        "var": [0.297578990459, 15.9861755371, 28.1390266418, 19.6260623932, 20.6683712006, 13.4543819427, 13.0652189255, 45.3914299011, 454.599914551, 1320.52526855, 1099.82177734, 1360.77319336, 2074.03735352, 423.782775879, 593.676757812, 445.999755859, 1971.71118164, 1736.2010498, 4231.09765625, 3616.86352539, 930.257751465, 694.217895508, 4751.70068359, 1726.45727539, 560.532714844, 2526.34936523, 2527.57104492, 534.729919434, 55.7423820496, 128.127029419, 122.780715942, 113.638282776, 102.118667603, 48.037815094, 13.2750749588, 3.72906970978, 1.07163655758, 0.01002024021, 3.22029745803e-06, 9.73313696306e-09]
    },
    "gfcc": {
        "mean": [27.4279136658, 50.6747207642, -112.284210205, 46.054599762, -59.3634719849, 22.9941387177, -45.3921585083, 18.2188911438, -25.6232509613, 13.2337255478, -15.7066993713, -2.39240884781, -15.5229568481],
        "cov": [[3259.25073242, -597.995544434, 194.986373901, -144.860214233, 198.185470581, 86.4038543701, 219.58605957, 339.937896729, 86.9263534546, 142.950180054, -119.940330505, -5.34747838974, -127.70703125], [-597.995544434, 877.747314453, 42.1854171753, 161.628707886, 214.196884155, 124.245788574, 178.090255737, -80.5654830933, 64.9027709961, -0.303655683994, 76.3142929077, 1.40853130817, 32.8811416626], [194.986373901, 42.1854171753, 764.684936523, 101.611793518, 268.330841064, 157.939727783, 32.9078521729, 33.8481369019, -22.3910369873, 63.7883796692, 3.08963918686, 100.100288391, -67.6751251221], [-144.860214233, 161.628707886, 101.611793518, 383.473144531, 138.909561157, 64.0037689209, 33.555770874, 25.3253974915, 95.7698364258, -15.0739965439, 44.2249946594, -12.5044279099, 39.2422218323], [198.185470581, 214.196884155, 268.330841064, 138.909561157, 368.95880127, 139.842636108, 116.452323914, 55.1222305298, 35.0742149353, 44.5211982727, -11.336353302, 40.1233177185, 12.5380802155], [86.4038543701, 124.245788574, 157.939727783, 64.0037689209, 139.842636108, 228.546432495, 125.719055176, 36.9881210327, 26.5854511261, 23.7404079437, 35.4927787781, 15.0884199142, -11.5159788132], [219.58605957, 178.090255737, 32.9078521729, 33.555770874, 116.452323914, 125.719055176, 222.930801392, 59.3656997681, 26.4192695618, 27.0986480713, 5.80512142181, 3.10982465744, -10.0240097046], [339.937896729, -80.5654830933, 33.8481369019, 25.3253974915, 55.1222305298, 36.9881210327, 59.3656997681, 130.053527832, 51.815486908, 11.6219444275, -1.89798676968, -8.12314224243, -0.0482188127935], [86.9263534546, 64.9027709961, -22.3910369873, 95.7698364258, 35.0742149353, 26.5854511261, 26.4192695618, 51.815486908, 120.183486938, 24.0126018524, 21.1842441559, -19.9146175385, 4.59895706177], [142.950180054, -0.303655683994, 63.7883796692, -15.0739965439, 44.5211982727, 23.7404079437, 27.0986480713, 11.6219444275, 24.0126018524, 88.7201919556, 20.7695426941, 9.86958694458, -26.9076499939], [-119.940330505, 76.3142929077, 3.08963918686, 44.2249946594, -11.336353302, 35.4927787781, 5.80512142181, -1.89798676968, 21.1842441559, 20.7695426941, 100.736221313, 11.7793960571, -3.81194663048], [-5.34747838974, 1.40853130817, 100.100288391, -12.5044279099, 40.1233177185, 15.0884199142, 3.10982465744, -8.12314224243, -19.9146175385, 9.86958694458, 11.7793960571, 71.8888778687, 5.85416173935], [-127.70703125, 32.8811416626, -67.6751251221, 39.2422218323, 12.5380802155, -11.5159788132, -10.0240097046, -0.0482188127935, 4.59895706177, -26.9076499939, -3.81194663048, 5.85416173935, 85.6427001953]],
        "icov": [[0.000595365767367, 0.000451853789855, 1.67177295225e-05, 0.000208376543014, -0.000383245991543, 0.0001882762881, -0.000583790941164, -0.000785320298746, -0.000312169780955, -0.000334888900397, 0.000338229263434, 1.69522027136e-05, 0.000570128671825], [0.000451853789855, 0.0033762967214, -0.000440634990809, 0.000930955284275, -0.00244232523255, 0.00130306382198, -0.00371735193767, 0.00436020642519, -0.00325675820932, 0.0023682480678, -0.0028882578481, 0.00178320403211, -0.000628613284789], [1.67177295225e-05, -0.000440634990809, 0.00314421532676, -0.00128829618916, -0.000931786024012, -0.00183845567517, 0.00217593391426, -0.00187889882363, 0.00214011198841, -0.00156573264394, 0.00162967597134, -0.00370700587519, 0.00313088763505], [0.000208376543014, 0.000930955284275, -0.00128829618916, 0.00541906477883, -0.0024137715809, 0.00112690287642, -0.00152741093189, 0.00253310077824, -0.00507159717381, 0.00376395997591, -0.00347241712734, 0.00301712937653, -0.00212609744631], [-0.000383245991543, -0.00244232523255, -0.000931786024012, -0.0024137715809, 0.00783109199256, -0.00256926193833, 0.00122450583149, -0.0036974393297, 0.00258853845298, -0.00428075669333, 0.00472221709788, -0.00273576215841, -0.00170154881198], [0.0001882762881, 0.00130306382198, -0.00183845567517, 0.00112690287642, -0.00256926193833, 0.00943242106587, -0.0057232035324, 0.00241590896621, -0.00246578385122, 0.00274185696617, -0.00479986984283, 0.00249532656744, -0.000603035907261], [-0.000583790941164, -0.00371735193767, 0.00217593391426, -0.00152741093189, 0.00122450583149, -0.0057232035324, 0.0124314110726, -0.00730108702555, 0.00482720509171, -0.00407734373584, 0.00430299947038, -0.00310985883698, 0.00234191608615], [-0.000785320298746, 0.00436020642519, -0.00187889882363, 0.00253310077824, -0.0036974393297, 0.00241590896621, -0.00730108702555, 0.0203363951296, -0.0101530719548, 0.00632054079324, -0.00559494551271, 0.00460480339825, -0.00350017449819], [-0.000312169780955, -0.00325675820932, 0.00214011198841, -0.00507159717381, 0.00258853845298, -0.00246578385122, 0.00482720509171, -0.0101530719548, 0.0188728738576, -0.00801838375628, 0.00271683954634, -0.000323505926644, 0.00125893764198], [-0.000334888900397, 0.0023682480678, -0.00156573264394, 0.00376395997591, -0.00428075669333, 0.00274185696617, -0.00407734373584, 0.00632054079324, -0.00801838375628, 0.0198710560799, -0.00739073147997, 0.00153485219926, 0.00239105825312], [0.000338229263434, -0.0028882578481, 0.00162967597134, -0.00347241712734, 0.00472221709788, -0.00479986984283, 0.00430299947038, -0.00559494551271, 0.00271683954634, -0.00739073147997, 0.0176730230451, -0.00656386045739, 0.00242321682163], [1.69522027136e-05, 0.00178320403211, -0.00370700587519, 0.00301712937653, -0.00273576215841, 0.00249532656744, -0.00310985883698, 0.00460480339825, -0.000323505926644, 0.00153485219926, -0.00656386045739, 0.0224789921194, -0.00592558830976], [0.000570128671825, -0.000628613284789, 0.00313088763505, -0.00212609744631, -0.00170154881198, -0.000603035907261, 0.00234191608615, -0.00350017449819, 0.00125893764198, 0.00239105825312, 0.00242321682163, -0.00592558830976, 0.0178528428078]]
    },
    "melbands": {
        "dmean": [0.00214957888238, 0.00171255180612, 0.000418303039623, 0.000179233640665, 7.67638266552e-05, 9.37706208788e-05, 0.000156359063112, 0.000187137193279, 0.000119949778309, 0.000100631557871, 7.08368170308e-05, 3.03619726765e-05, 4.30794170825e-05, 2.83013541775e-05, 3.35348850058e-05, 3.99886012019e-05, 4.15374888689e-05, 5.03276969539e-05, 3.71011992684e-05, 3.25017717842e-05, 1.79776852747e-05, 1.33460034704e-05, 2.12666891457e-05, 3.32159324898e-05, 1.57550675794e-05, 9.26232769416e-06, 1.10108348963e-05, 1.72710933839e-05, 1.55295019795e-05, 9.61327259574e-06, 3.96899940824e-06, 2.1578371161e-06, 2.9337199976e-06, 3.85421481042e-06, 3.91694720747e-06, 3.52963752448e-06, 4.04004413213e-06, 4.60173259853e-06, 4.02392151955e-06, 3.23826952808e-06],
        "dmean2": [0.00344058591872, 0.00294180423953, 0.000698889780324, 0.000293706951197, 0.000126300670672, 0.000156809721375, 0.000255623162957, 0.00029925617855, 0.000191423547221, 0.000155870657181, 0.000113643560326, 4.77798785141e-05, 6.90732340445e-05, 4.38989591203e-05, 5.18579035997e-05, 6.23005398666e-05, 6.78722644807e-05, 7.97794054961e-05, 5.5284883274e-05, 4.93547740916e-05, 2.88897444989e-05, 2.06487093237e-05, 3.10155737679e-05, 4.89861668029e-05, 2.39279124798e-05, 1.41629434438e-05, 1.57400809258e-05, 2.46828931267e-05, 2.27013588301e-05, 1.39361491165e-05, 5.78418939767e-06, 3.38289146384e-06, 4.54828023067e-06, 6.08816253589e-06, 6.04833758189e-06, 5.45663397133e-06, 6.33675608697e-06, 7.16806471246e-06, 6.46890293865e-06, 5.27468228029e-06],
        "dvar": [2.69883075816e-05, 1.66369754879e-05, 4.11369541098e-07, 7.69169332671e-08, 1.22585177564e-08, 1.85683575182e-08, 1.17778220954e-07, 1.18983642494e-07, 6.49496811889e-08, 4.76599559818e-08, 6.32060448424e-08, 5.90755400154e-09, 8.58959747774e-09, 2.05559147481e-09, 5.10975706192e-09, 7.7364861184e-09, 4.94210050661e-09, 1.07472137856e-08, 4.02723321358e-09, 4.24064383608e-09, 8.58481896682e-10, 3.60283081147e-10, 1.49829293417e-09, 3.81431819463e-09, 8.38892011412e-10, 1.86788154388e-10, 2.55025667251e-10, 1.06904296526e-09, 9.09990527376e-10, 5.03079966574e-10, 4.40392305956e-11, 9.42446641561e-12, 1.54751073067e-11, 3.89289329938e-11, 2.87428969514e-11, 2.3064529453e-11, 4.03609576316e-11, 4.42042340232e-11, 5.27174658094e-11, 3.5274585336e-11],
        "dvar2": [6.78410069668e-05, 4.58317044831e-05, 1.07295034013e-06, 2.08743742292e-07, 3.24036264487e-08, 4.8166192812e-08, 2.75658123883e-07, 2.77170443042e-07, 1.67049094557e-07, 1.14407498586e-07, 1.68635580167e-07, 1.43991387702e-08, 2.23732694593e-08, 5.12995113056e-09, 1.15087379626e-08, 1.9023273623e-08, 1.14916538507e-08, 2.72501914367e-08, 8.57293969148e-09, 1.02767021559e-08, 2.17486872955e-09, 8.12409139961e-10, 3.20582960178e-09, 8.30857604939e-09, 1.94418059429e-09, 4.25680851679e-10, 4.64943444856e-10, 2.07112949013e-09, 1.78429759856e-09, 9.20586273878e-10, 9.3116452049e-11, 2.28154439785e-11, 3.56948637315e-11, 8.34140187478e-11, 6.50619974563e-11, 5.20914526791e-11, 9.49595263533e-11, 1.02592774553e-10, 1.34104075067e-10, 8.91118567825e-11],
        "max": [0.0388049185276, 0.0301572829485, 0.00506584206596, 0.00256577599794, 0.00126615643967, 0.00139329698868, 0.00429991167039, 0.00345459301025, 0.00381112028845, 0.00298999017105, 0.00507106585428, 0.00105243793223, 0.00142677349504, 0.000639562786091, 0.000921077618841, 0.00108277308755, 0.000902057508938, 0.00127016124316, 0.000725611229427, 0.000706808234099, 0.000295010162517, 0.000334820040734, 0.000580486550462, 0.000838887644932, 0.000345258013112, 0.000252444384387, 0.000162513460964, 0.000508902536239, 0.000384308834327, 0.000556231418159, 0.000123304271256, 3.65294145013e-05, 4.71643143101e-05, 7.69704274717e-05, 7.56049266784e-05, 5.60574408155e-05, 7.66100856708e-05, 6.99086449458e-05, 8.24887538329e-05, 5.27189367858e-05],
        "mean": [0.00224611535668, 0.00182939646766, 0.000631904986221, 0.000272609730018, 0.000115213704703, 0.000142303993925, 0.000193021231098, 0.000210669342778, 0.000147324593854, 0.000117866919027, 8.03573784651e-05, 3.69186309399e-05, 5.029541353e-05, 3.76103162125e-05, 4.31486005255e-05, 4.64070835733e-05, 5.41799199709e-05, 5.98206715949e-05, 4.86462013214e-05, 4.16928633058e-05, 2.31851990975e-05, 2.02110586542e-05, 2.90675925498e-05, 4.47889651696e-05, 2.12611703319e-05, 1.35606260301e-05, 1.56634578161e-05, 2.30003042816e-05, 2.15568616113e-05, 1.36774506245e-05, 5.97907092015e-06, 3.38045060744e-06, 4.2404785745e-06, 5.27492875335e-06, 5.5023610912e-06, 4.66667825094e-06, 4.89457761432e-06, 5.5097780205e-06, 4.35568608737e-06, 3.13247005579e-06],
        "median": [0.000784283096436, 0.000809720891993, 0.000385081628338, 0.000192468301975, 8.0411467934e-05, 9.80778713711e-05, 9.53274720814e-05, 7.26605139789e-05, 6.31169023109e-05, 3.15489778586e-05, 1.63429231179e-05, 1.39893782034e-05, 1.94879594346e-05, 2.06206623261e-05, 2.01575003302e-05, 1.71072733792e-05, 2.67873201665e-05, 1.95493648789e-05, 1.93586038222e-05, 1.64942575793e-05, 1.21291304822e-05, 1.10696219053e-05, 1.2786545085e-05, 1.68869210029e-05, 9.7450802059e-06, 7.44179351386e-06, 6.85145505486e-06, 8.09550056147e-06, 8.34237107483e-06, 5.82847042097e-06, 2.99486350741e-06, 2.06373169931e-06, 2.4283312996e-06, 2.6514462661e-06, 3.12296697302e-06, 2.59863213614e-06, 2.30033083426e-06, 2.59662829194e-06, 1.72712429958e-06, 9.63602587944e-07],
        "min": [5.84591504094e-08, 1.91727295373e-07, 3.49819430312e-07, 1.43127601859e-06, 9.06600973849e-07, 2.62001890405e-07, 5.06009257606e-07, 2.50113714628e-07, 2.53045868703e-07, 2.20682380814e-07, 6.81824943172e-08, 4.30822595376e-08, 3.44730182178e-08, 4.73931756062e-08, 6.29084837556e-08, 2.69872426628e-08, 1.60982072117e-08, 6.08806089986e-08, 3.37791021821e-08, 2.86581780529e-08, 1.53108246082e-08, 1.59357274043e-08, 1.16052873977e-08, 3.23676090375e-08, 3.63969512307e-08, 2.06036911976e-08, 8.26804491538e-09, 2.64852637599e-08, 2.19707203541e-08, 8.9439353701e-09, 9.42474986942e-09, 3.08070036148e-09, 5.42493827638e-09, 3.9404448593e-09, 5.64795499258e-09, 4.62903892995e-09, 4.54514959003e-09, 1.87425786002e-09, 8.22446499793e-10, 7.56291140824e-10],
