{
"highlevel": {
    "danceability": {
        "all": {
            "danceable": 0.583804905415,
            "not_danceable": 0.416195094585
        },
        "probability": 0.583804905415,
        "value": "danceable"
    },
    "gender": {
        "all": {
            "female": 0.586530208588,
            "male": 0.413469821215
        },
        "probability": 0.586530208588,
        "value": "female"
    },
    "genre_dortmund": {
        "all": {
            "alternative": 0.0152261834592,
            "blues": 0.372786670923,
            "electronic": 0.00295240106061,
            "folkcountry": 0.539566516876,
            "funksoulrnb": 0.00253307493404,
            "jazz": 0.0289397351444,
            "pop": 0.022336890921,
            "raphiphop": 0.000821691413876,
            "rock": 0.0148368487135
        },
        "probability": 0.539566516876,
        "value": "folkcountry"
    },
    "genre_electronic": {
        "all": {
            "ambient": 0.666059851646,
            "dnb": 0.0900599732995,
            "house": 0.168909370899,
            "techno": 0.0329148881137,
            "trance": 0.04205590114
        },
        "probability": 0.666059851646,
        "value": "ambient"
    },
    "genre_rosamerica": {
        "all": {
            "cla": 0.0529767498374,
            "dan": 0.0142344813794,
            "hip": 0.0279832351953,
            "jaz": 0.0865586102009,
            "pop": 0.523829579353,
            "rhy": 0.202456653118,
            "roc": 0.077483214438,
            "spe": 0.0144774802029
        },
        "probability": 0.523829579353,
        "value": "pop"
    },
    "genre_tzanetakis": {
        "all": {
            "blu": 0.0620671063662,
            "cla": 0.034474901855,
            "cou": 0.103433981538,
            "dis": 0.0620971247554,
            "hip": 0.15527240932,
            "jaz": 0.310666948557,
            "met": 0.044346679002,
            "pop": 0.0620793737471,
            "reg": 0.0620816536248,
            "roc": 0.103479810059
        },
        "probability": 0.310666948557,
        "value": "jaz"
    },
    "ismir04_rhythm": {
        "all": {
            "ChaChaCha": 0.756004691124,
            "Jive": 0.0240644402802,
            "Quickstep": 0.0732745230198,
            "Rumba-American": 0.0201673656702,
            "Rumba-International": 0.0586656033993,
            "Rumba-Misc": 0.00462613394484,
            "Samba": 0.0317769013345,
            "Tango": 0.0246024765074,
            "VienneseWaltz": 0.00387442391366,
            "Waltz": 0.00294343824498
        },
        "probability": 0.756004691124,
        "value": "ChaChaCha"
    },
    "mood_acoustic": {
        "all": {
            "acoustic": 0.833596646786,
            "not_acoustic": 0.166403383017
        },
        "probability": 0.833596646786,
        "value": "acoustic"
    },
    "mood_aggressive": {
        "all": {
            "aggressive": 0.0238225013018,
            "not_aggressive": 0.976177513599
        },
        "probability": 0.976177513599,
        "value": "not_aggressive"
    },
    "mood_electronic": {
        "all": {
            "electronic": 0.124891906977,
            "not_electronic": 0.875108122826
        },
        "probability": 0.875108122826,
        "value": "not_electronic"
    },
    "mood_happy": {
        "all": {
            "happy": 0.869360864162,
            "not_happy": 0.130639150739
        },
        "probability": 0.869360864162,
        "value": "happy"
    },
    "mood_party": {
        "all": {
            "not_party": 0.579971432686,
            "party": 0.420028597116
        },
        "probability": 0.579971432686,
        "value": "not_party"
    },
    "mood_relaxed": {
        "all": {
            "not_relaxed": 0.241994291544,
            "relaxed": 0.758005738258
        },
        "probability": 0.758005738258,
        "value": "relaxed"
    },
    "mood_sad": {
        "all": {
            "not_sad": 0.629138469696,
            "sad": 0.370861500502
        },
        "probability": 0.629138469696,
        "value": "not_sad"
    },
    "moods_mirex": {
        "all": {
            "Cluster1": 0.129642248154,
            "Cluster2": 0.329368710518,
            "Cluster3": 0.186711519957,
            "Cluster4": 0.240654081106,
            "Cluster5": 0.113623440266
        },
        "probability": 0.329368710518,
        "value": "Cluster2"
    },
    "timbre": {
        "all": {
            "bright": 1,
            "dark": 7.13241865569e-09
        },
        "probability": 1,
        "value": "bright"
    },
    "tonal_atonal": {
        "all": {
            "atonal": 0.11866582185,
            "tonal": 0.8813341856
        },
        "probability": 0.8813341856,
        "value": "tonal"
    },
    "voice_instrumental": {
        "all": {
            "instrumental": 0.598091542721,
            "voice": 0.401908487082
        },
        "probability": 0.598091542721,
        "value": "instrumental"
    }
},
"lowlevel": {
    "average_loudness": 0.967667758465,
    "barkbands_crest": {
        "dmean": 2.56387090683,
        "dmean2": 4.2409081459,
        "dvar": 7.56565475464,
        "dvar2": 20.2038669586,
        "max": 22.0375881195,
        "mean": 9.79014396667,
        "median": 8.77175998688,
        "min": 2.95465445518,
        "var": 14.5422620773
    },
    "barkbands_flatness_db": {
        "dmean": 0.0256098676473,
        "dmean2": 0.0393218435347,
        "dvar": 0.000607779889833,
        "dvar2": 0.00151089369319,
        "max": 0.294322341681,
        "mean": 0.166650801897,
        "median": 0.166470676661,
        "min": 0.0498268827796,
        "var": 0.00175003160257
    },
    "barkbands_kurtosis": {
        "dmean": 4.14715719223,
        "dmean2": 6.56006193161,
        "dvar": 37.0759391785,
        "dvar2": 90.5184631348,
        "max": 78.5870285034,
        "mean": 7.05396032333,
        "median": 3.5126414299,
        "min": -1.8381472826,
        "var": 92.2729263306
    },
    "barkbands_skewness": {
        "dmean": 0.635732471943,
        "dmean2": 0.975999057293,
        "dvar": 0.515894770622,
        "dvar2": 1.22058415413,
        "max": 7.8202085495,
        "mean": 2.09339523315,
        "median": 1.99671876431,
        "min": -1.90795147419,
        "var": 2.06521987915
    },
    "barkbands_spread": {
        "dmean": 6.76779127121,
        "dmean2": 10.6101570129,
        "dvar": 66.2353744507,
        "dvar2": 156.226608276,
        "max": 93.6085891724,
        "mean": 22.3704776764,
        "median": 19.1971759796,
        "min": 2.87315320969,
        "var": 176.054275513
    },
    "dissonance": {
        "dmean": 0.0157838538289,
        "dmean2": 0.026373770088,
        "dvar": 0.000241092275246,
        "dvar2": 0.000623510219157,
        "max": 0.499723553658,
        "mean": 0.469417244196,
        "median": 0.474450707436,
        "min": 0.327026724815,
        "var": 0.000514920684509
    },
    "dynamic_complexity": 2.8178293705,
    "erbbands_crest": {
        "dmean": 2.18441200256,
        "dmean2": 3.33508300781,
        "dvar": 5.64836835861,
        "dvar2": 13.1181735992,
        "max": 30.5404663086,
        "mean": 8.89630126953,
        "median": 7.54419088364,
        "min": 2.2326169014,
        "var": 22.0594577789
    },
    "erbbands_flatness_db": {
        "dmean": 0.0211690329015,
        "dmean2": 0.0279321763664,
        "dvar": 0.000540268083569,
        "dvar2": 0.000989605206996,
        "max": 0.299763828516,
        "mean": 0.146672129631,
        "median": 0.137114912271,
        "min": 0.0423809550703,
        "var": 0.00252417428419
    },
    "erbbands_kurtosis": {
        "dmean": 0.612833678722,
        "dmean2": 0.943628787994,
        "dvar": 0.903554797173,
        "dvar2": 1.7098351717,
        "max": 19.3165855408,
        "mean": -0.152759820223,
        "median": -0.729924917221,
        "min": -1.77444863319,
        "var": 4.51922941208
    },
    "erbbands_skewness": {
        "dmean": 0.339145183563,
        "dmean2": 0.522986829281,
        "dvar": 0.129914566875,
        "dvar2": 0.276455312967,
        "max": 2.45958185196,
        "mean": 0.0631224811077,
        "median": 0.186764374375,
        "min": -4.08950519562,
        "var": 0.649458050728
    },
    "erbbands_spread": {
        "dmean": 9.67565155029,
        "dmean2": 14.5708360672,
        "dvar": 124.253929138,
        "dvar2": 280.802642822,
        "max": 119.726089478,
        "mean": 51.274471283,
        "median": 51.2467689514,
        "min": 6.9291009903,
        "var": 470.021209717
    },
    "hfc": {
        "dmean": 5.4869890213,
        "dmean2": 7.63513088226,
        "dvar": 66.7457275391,
        "dvar2": 119.88710022,
        "max": 75.3140411377,
        "mean": 13.5379133224,
        "median": 7.52967405319,
        "min": 0.326181530952,
        "var": 208.237304688
    },
    "melbands_crest": {
        "dmean": 3.02665877342,
        "dmean2": 4.93151473999,
        "dvar": 9.79690361023,
        "dvar2": 23.0728759766,
        "max": 34.0967979431,
        "mean": 14.021279335,
        "median": 12.7600212097,
        "min": 4.67098236084,
        "var": 27.2660083771
    },
    "melbands_flatness_db": {
        "dmean": 0.0303567033261,
        "dmean2": 0.0465815588832,
        "dvar": 0.000932239345275,
        "dvar2": 0.00233958405443,
        "max": 0.373860359192,
        "mean": 0.227930530906,
        "median": 0.228574678302,
        "min": 0.0703930482268,
        "var": 0.0029086554423
    },
    "melbands_kurtosis": {
        "dmean": 11.0013046265,
        "dmean2": 17.6639995575,
        "dvar": 257.585388184,
        "dvar2": 661.227172852,
        "max": 183.258514404,
        "mean": 24.2635765076,
        "median": 15.7948379517,
        "min": -1.79263043404,
        "var": 633.703063965
    },
    "melbands_skewness": {
        "dmean": 0.875304996967,
        "dmean2": 1.38005590439,
        "dvar": 1.07500946522,
        "dvar2": 2.51432919502,
        "max": 11.0896806717,
        "mean": 3.66801333427,
        "median": 3.55302023888,
        "min": -0.463855445385,
        "var": 3.93321156502
    },
    "melbands_spread": {
        "dmean": 6.50025081635,
        "dmean2": 10.0589504242,
        "dvar": 76.2710876465,
        "dvar2": 158.462768555,
        "max": 110.90864563,
        "mean": 20.6889839172,
        "median": 15.0401592255,
        "min": 1.66433215141,
        "var": 332.659210205
    },
    "pitch_salience": {
        "dmean": 0.0742070227861,
        "dmean2": 0.123146004975,
        "dvar": 0.00596966641024,
        "dvar2": 0.0162496846169,
        "max": 0.820621609688,
        "mean": 0.533615171909,
        "median": 0.544550418854,
        "min": 0.183233693242,
        "var": 0.0118535244837
    },
    "silence_rate_20dB": {
        "dmean": 0,
        "dmean2": 0,
        "dvar": 0,
        "dvar2": 0,
        "max": 1,
        "mean": 1,
        "median": 1,
        "min": 1,
        "var": 0
    },
    "silence_rate_30dB": {
        "dmean": 0,
        "dmean2": 0,
        "dvar": 0,
        "dvar2": 0,
        "max": 1,
        "mean": 1,
        "median": 1,
        "min": 1,
        "var": 0
    },
    "silence_rate_60dB": {
        "dmean": 0.0325077399611,
        "dmean2": 0.0650658383965,
        "dvar": 0.031450919807,
        "dvar2": 0.06857855618,
        "max": 1,
        "mean": 0.0464037135243,
        "median": 0,
        "min": 0,
        "var": 0.0442499294877
    },
    "spectral_centroid": {
        "dmean": 294.089447021,
        "dmean2": 454.846740723,
        "dvar": 111288.84375,
        "dvar2": 237650.90625,
        "max": 3471.79882812,
        "mean": 1413.96154785,
        "median": 1253.90673828,
        "min": 261.482818604,
        "var": 472077.25
    },
    "spectral_complexity": {
        "dmean": 3.68730640411,
        "dmean2": 5.61347770691,
        "dvar": 23.1126651764,
        "dvar2": 45.8406295776,
        "max": 44,
        "mean": 12.954369545,
        "median": 12,
        "min": 0,
        "var": 48.9809532166
    },
    "spectral_decrease": {
        "dmean": 2.34060371085e-09,
        "dmean2": 3.57566709575e-09,
        "dvar": 1.78832891557e-17,
        "dvar2": 4.25592763139e-17,
        "max": -1.00257385727e-10,
        "mean": -4.83686912744e-09,
        "median": -3.46604589474e-09,
        "min": -3.13625285742e-08,
        "var": 1.94901321634e-17
    },
    "spectral_energy": {
        "dmean": 0.00921758450568,
        "dmean2": 0.0139685673639,
        "dvar": 0.000270677672233,
        "dvar2": 0.000636573880911,
        "max": 0.122878596187,
        "mean": 0.0194833967835,
        "median": 0.0138374296948,
        "min": 0.000438724266132,
        "var": 0.000308647169732
    },
    "spectral_energyband_high": {
        "dmean": 0.000303295644699,
        "dmean2": 0.000441006966867,
        "dvar": 2.61641872612e-07,
        "dvar2": 5.47378249394e-07,
        "max": 0.0046884692274,
        "mean": 0.000409035390476,
        "median": 0.000146086444147,
        "min": 2.33903301705e-06,
        "var": 3.85265394698e-07
    },
    "spectral_energyband_low": {
        "dmean": 0.00387800484896,
        "dmean2": 0.00594653002918,
        "dvar": 3.8689453504e-05,
        "dvar2": 8.47554401844e-05,
        "max": 0.0497174039483,
        "mean": 0.00779309822246,
        "median": 0.00601007044315,
        "min": 2.21044629143e-05,
        "var": 5.51661614736e-05
    },
    "spectral_energyband_middle_high": {
        "dmean": 0.00111552292947,
        "dmean2": 0.00156643614173,
        "dvar": 4.16168632e-06,
        "dvar2": 6.89250282448e-06,
        "max": 0.0266316309571,
        "mean": 0.00357767939568,
        "median": 0.00139334285632,
        "min": 5.52027377125e-05,
        "var": 2.26541942538e-05
    },
    "spectral_energyband_middle_low": {
        "dmean": 0.00579115608707,
        "dmean2": 0.00962679740041,
        "dvar": 0.000225245792535,
        "dvar2": 0.00057230098173,
        "max": 0.11294143647,
        "mean": 0.00884027592838,
        "median": 0.00559429358691,
        "min": 0.000135369336931,
        "var": 0.000182311443496
    },
    "spectral_entropy": {
        "dmean": 0.232483834028,
        "dmean2": 0.324181735516,
        "dvar": 0.0562855452299,
        "dvar2": 0.118013270199,
        "max": 8.43678474426,
        "mean": 7.32509469986,
        "median": 7.33816432953,
        "min": 5.95650482178,
        "var": 0.198954030871
    },
    "spectral_flux": {
        "dmean": 0.0297275818884,
        "dmean2": 0.0452027954161,
        "dvar": 0.00155257352162,
        "dvar2": 0.00321312667802,
        "max": 0.328782081604,
        "mean": 0.0656325221062,
        "median": 0.0469382554293,
        "min": 0.0101311290637,
        "var": 0.00267677917145
    },
    "spectral_kurtosis": {
        "dmean": 1.66209578514,
        "dmean2": 2.82930588722,
        "dvar": 3.4018471241,
        "dvar2": 9.59960174561,
        "max": 20.6150169373,
        "mean": 4.28847885132,
        "median": 3.87595510483,
        "min": 0.318281173706,
        "var": 6.00122404099
    },
    "spectral_rms": {
        "dmean": 0.000897612189874,
        "dmean2": 0.00126955937594,
        "dvar": 1.62908577295e-06,
        "dvar2": 3.3407900446e-06,
        "max": 0.010949043557,
        "mean": 0.00402510445565,
        "median": 0.00367422541603,
        "min": 0.000654235191178,
        "var": 2.80672679764e-06
    },
    "spectral_rolloff": {
        "dmean": 467.88079834,
        "dmean2": 801.466796875,
        "dvar": 642337.875,
        "dvar2": 1519742.75,
        "max": 9754.54101562,
        "mean": 1166.5579834,
        "median": 645.99609375,
        "min": 64.599609375,
        "var": 1400977.375
    },
    "spectral_skewness": {
        "dmean": 0.233927041292,
        "dmean2": 0.384264558554,
        "dvar": 0.0505360513926,
        "dvar2": 0.141896769404,
        "max": 2.8657412529,
        "mean": 1.44550800323,
        "median": 1.42995965481,
        "min": 0.478931844234,
        "var": 0.128428995609
    },
    "spectral_spread": {
        "dmean": 745127.4375,
        "dmean2": 1092761.125,
        "dvar": 941170950144,
        "dvar2": 2.06051803136e+12,
        "max": 13380311,
        "mean": 4611893,
        "median": 4347491,
        "min": 1946322.75,
        "var": 2.26900443136e+12
    },
    "spectral_strongpeak": {
        "dmean": 0.51829379797,
        "dmean2": 0.89002430439,
        "dvar": 1.796677351,
        "dvar2": 3.61560153961,
        "max": 16.8747005463,
        "mean": 0.983153045177,
        "median": 0.306913673878,
        "min": 0.0170224811882,
        "var": 5.19494152069
    },
    "zerocrossingrate": {
        "dmean": 0.0112648596987,
        "dmean2": 0.013707427308,
        "dvar": 0.000127860694192,
        "dvar2": 0.000182868607226,
        "max": 0.240234375,
        "mean": 0.0556021295488,
        "median": 0.05078125,
        "min": 0.0087890625,
        "var": 0.000813334016129
    },
    "barkbands": {
        "dmean": [0.000161575779202, 0.00299790711142, 0.00107006740291, 0.00168702250812, 0.00387291051447, 0.000319663929986, 0.000239484652411, 0.000317449710565, 0.000202091207029, 0.000260063912719, 0.000144780991832, 0.000152081353008, 0.000100632561953, 3.85946150345e-05, 0.000108365420601, 0.000145750847878, 0.00017467593716, 0.000268664676696, 0.000240961919189, 0.000194362655748, 5.90422714595e-05, 4.92040671816e-05, 4.1652834625e-05, 4.89130543428e-05, 4.0634364268e-05, 4.80487760797e-05, 2.07443817679e-09],
        "dmean2": [0.000252518570051, 0.00478125642985, 0.00180399266537, 0.00285556609742, 0.00665690982714, 0.000520091329236, 0.000371563219232, 0.00048955809325, 0.00030698539922, 0.000344769941876, 0.000199670132133, 0.000224560615607, 0.000163863092894, 6.0998070694e-05, 0.000164407465491, 0.00023007436539, 0.000253589852946, 0.000399740092689, 0.00036010632175, 0.000284172449028, 8.83773755049e-05, 7.70812985138e-05, 6.45030740998e-05, 7.42259871913e-05, 5.99489540036e-05, 7.69027828937e-05, 3.48850082155e-09],
        "dvar": [1.0800073369e-07, 2.9130045732e-05, 2.95358836411e-06, 1.20850245366e-05, 0.000138111194246, 2.64753253987e-07, 2.09200919699e-07, 3.83757509326e-07, 1.95454660457e-07, 4.03485415745e-07, 2.45968067247e-07, 1.4501182477e-07, 1.98331207457e-07, 6.38959596344e-09, 6.70633042432e-08, 1.48938184452e-07, 3.95829260924e-07, 6.1363215309e-07, 3.84895059824e-07, 1.91493001012e-07, 1.02978123806e-08, 9.24768706057e-09, 6.68786315217e-09, 9.35497634913e-09, 5.6744839938e-09, 1.84954398463e-08, 3.81354720463e-16],
        "dvar2": [2.36588235225e-07, 6.96069982951e-05, 7.52720734454e-06, 2.98587765428e-05, 0.000364073377568, 6.55052190268e-07, 4.83343285396e-07, 7.75738328684e-07, 3.78944719159e-07, 6.72274723001e-07, 3.25406517732e-07, 2.86563476948e-07, 3.97266916252e-07, 1.39314613179e-08, 1.38471776268e-07, 3.15756693681e-07, 6.14834391399e-07, 9.56138023867e-07, 6.27774511486e-07, 3.26539833395e-07, 2.22190745802e-08, 2.00069489864e-08, 1.47506149517e-08, 2.13164135232e-08, 1.20555334604e-08, 4.87785172254e-08, 5.28772175785e-16],
        "max": [0.00511734606698, 0.0409391224384, 0.0185158196837, 0.026830393821, 0.0911850258708, 0.00532793765888, 0.0092202257365, 0.0123534621671, 0.0097359418869, 0.0143574485555, 0.0121271787211, 0.0088959094137, 0.01011321228, 0.00143665238284, 0.00496348412707, 0.00704586738721, 0.0175693705678, 0.0242698565125, 0.0134760430083, 0.0085703227669, 0.000866573536769, 0.000870237126946, 0.000665307103191, 0.000916924036574, 0.000673664209899, 0.00249168160371, 6.27929750863e-07],
        "mean": [0.000224540170166, 0.00434865569696, 0.00224982923828, 0.00233452417888, 0.00404348038137, 0.00057806703262, 0.000510041136295, 0.000713277142495, 0.000428517523687, 0.000610726128798, 0.000282648892608, 0.000411323911976, 0.000197276385734, 5.54534744879e-05, 0.000188432386494, 0.000272195175057, 0.000279690604657, 0.000567488605157, 0.000501145841554, 0.000358293327736, 7.93769941083e-05, 5.65209702472e-05, 4.45721670985e-05, 5.41667941434e-05, 4.87390934722e-05, 4.44289471488e-05, 1.52634116457e-09],
        "median": [3.83948172384e-05, 0.00241141300648, 0.00197175797075, 0.00125079241116, 0.00173843069933, 0.000303932029055, 0.000275192462141, 0.000209594378248, 0.000116746690765, 0.00012017894187, 5.52089586563e-05, 4.89938538522e-05, 2.71463140962e-05, 1.86121651495e-05, 5.79491388635e-05, 5.72889548494e-05, 6.17156401859e-05, 9.03496402316e-05, 0.000116881376016, 7.70716360421e-05, 2.94158144243e-05, 1.42846474773e-05, 9.72749148787e-06, 1.1253869161e-05, 1.22048404592e-05, 3.11103849526e-06, 1.92818733202e-10],
        "min": [4.40206378016e-08, 1.1015084965e-05, 2.778749149e-06, 2.55533950622e-06, 2.44362090598e-05, 3.33545790454e-06, 1.78478956059e-06, 1.5733123746e-06, 3.15023453368e-06, 1.16424871521e-06, 1.28628414586e-06, 4.61668747676e-07, 4.90262152653e-07, 3.6076522747e-07, 7.46263538076e-07, 8.36253093439e-07, 3.55722221457e-07, 1.68512610799e-06, 2.6949369385e-06, 1.3620729078e-06, 8.26168275125e-07, 6.67840041046e-08, 6.9015293036e-08, 1.69308940201e-08, 5.31232724477e-10, 5.10878405552e-12, 6.82840936572e-12],
        "var": [1.83961930134e-07, 3.3195650758e-05, 4.34366666013e-06, 1.13296100608e-05, 9.84877333394e-05, 5.11112318691e-07, 6.68907659929e-07, 1.59854300819e-06, 9.56801272878e-07, 2.27287250709e-06, 9.89542172647e-07, 1.26159284264e-06, 6.29124713214e-07, 1.18840270957e-08, 1.71219298295e-07, 4.41355069825e-07, 8.05137574389e-07, 3.71799569621e-06, 1.45231967963e-06, 6.43540658984e-07, 1.44462886098e-08, 1.11537064029e-08, 7.83134801452e-09, 1.16349436752e-08, 7.70553665319e-09, 1.48346872564e-08, 3.47055682981e-16]
    },
    "erbbands": {
        "dmean": [0.102675683796, 0.633178830147, 1.08825552464, 3.27630639076, 16.0982952118, 8.15742492676, 3.39795613289, 2.52883005142, 3.33619451523, 4.07819986343, 6.60671520233, 5.18090581894, 6.59492301941, 6.47158813477, 7.27759981155, 6.28506612778, 5.09421539307, 2.3161509037, 4.02408123016, 7.14652299881, 6.2509393692, 8.03612995148, 17.0123271942, 6.76685857773, 15.383685112, 8.79763126373, 2.65275216103, 2.276512146, 1.85074317455, 1.51219630241, 1.11167442799, 1.02076280117, 0.794055223465, 0.439675062895, 0.316225916147, 0.241957217455, 0.0837327688932, 0.00750020053238, 0.000137656737934, 1.60365743795e-05],
        "dmean2": [0.162549614906, 1.04193973541, 1.84655332565, 5.47379970551, 27.4830741882, 14.1885986328, 5.5452246666, 4.06151533127, 5.12712049484, 6.29471349716, 9.96600151062, 7.69126987457, 8.71712589264, 8.89758300781, 9.68838310242, 9.25478649139, 8.06402778625, 3.63183093071, 6.14235782623, 11.199877739, 9.75433921814, 11.466799736, 24.76304245, 9.90810012817, 23.1918334961, 12.7768764496, 3.95170855522, 3.44872021675, 2.87286829948, 2.34340763092, 1.71920347214, 1.59939014912, 1.22111296654, 0.666827261448, 0.471841990948, 0.382751077414, 0.136027023196, 0.0121731646359, 0.000220136222197, 2.32649781537e-05],
        "dvar": [0.0361945927143, 1.39622855186, 3.22044920921, 30.7711372375, 2405.4453125, 540.505432129, 38.2651596069, 14.4665260315, 39.1942253113, 56.1262321472, 187.283691406, 136.695861816, 294.868286133, 395.425750732, 630.326843262, 247.101394653, 479.49105835, 32.0468635559, 98.0220413208, 836.340270996, 229.219406128, 436.425170898, 2201.33618164, 174.205078125, 1849.69750977, 410.424926758, 19.3579425812, 17.0080718994, 13.6528043747, 8.9672908783, 4.63020563126, 4.35446739197, 2.4892103672, 0.729332447052, 0.345701545477, 0.400881707668, 0.0596333965659, 0.000524163711816, 1.6125018476e-07, 7.85242315615e-10],
        "dvar2": [0.0836022868752, 3.46668148041, 8.25000953674, 74.0898666382, 6287.86230469, 1464.02380371, 98.9113082886, 35.8818016052, 92.9164276123, 118.858451843, 370.937774658, 253.09135437, 440.126739502, 660.429077148, 840.141662598, 495.20135498, 968.248046875, 68.2273406982, 191.455490112, 1755.3840332, 513.210571289, 732.562927246, 3386.46386719, 349.945465088, 2899.640625, 706.638183594, 40.2520256042, 37.5696105957, 30.510602951, 20.2293624878, 10.137556076, 10.1869602203, 5.61026620865, 1.56744217873, 0.771521568298, 1.03273832798, 0.158580750227, 0.00137592968531, 4.21717118115e-07, 1.83263570985e-09],
        "max": [1.56335544586, 8.91686248779, 19.3303127289, 52.7523880005, 377.222900391, 212.096618652, 64.5561294556, 43.3075561523, 101.580459595, 132.958084106, 289.637359619, 273.196014404, 438.148498535, 509.873840332, 625.556213379, 376.472198486, 549.721740723, 115.615219116, 245.502731323, 743.236450195, 308.784088135, 596.915039062, 1369.98999023, 233.218780518, 950.579345703, 410.967346191, 54.2479438782, 36.9919128418, 37.4435539246, 23.5565929413, 18.5983886719, 19.7865600586, 16.5076541901, 8.35230064392, 4.86012458801, 10.6446971893, 4.48671960831, 0.429301321507, 0.00755767943338, 0.000369446031982],
        "mean": [0.147336170077, 0.894477903843, 2.15803647041, 5.82265424728, 15.8816537857, 9.22871780396, 5.40192985535, 4.75143480301, 7.51847314835, 8.83825397491, 15.1088628769, 12.5067214966, 14.8917217255, 15.6060113907, 16.6637325287, 16.151517868, 10.2324924469, 4.12335062027, 7.37191104889, 13.6155557632, 12.4138174057, 16.0807723999, 38.3217010498, 13.4230127335, 33.48229599, 17.3083839417, 4.19819498062, 3.00925993919, 2.1446492672, 1.57682240009, 1.19814646244, 1.10326898098, 0.881313383579, 0.516087770462, 0.370518922806, 0.227097272873, 0.076747380197, 0.0071005243808, 0.000139542855322, 2.94087549264e-05],
        "median": [0.0697891786695, 0.541897177696, 1.83594381809, 4.16140365601, 6.34522867203, 4.57635784149, 2.6884303093, 2.76196622849, 4.01063394547, 4.60397100449, 4.45643424988, 4.08958339691, 3.4240090847, 3.58957648277, 3.38365602493, 2.77120065689, 2.04720973969, 1.31151413918, 2.48244547844, 3.20523452759, 3.33805990219, 4.26827192307, 6.24393463135, 4.76958608627, 7.60453081131, 4.17505407333, 1.7952234745, 1.06117606163, 0.595322847366, 0.323595523834, 0.267998725176, 0.216503337026, 0.1911893785, 0.137018784881, 0.0825349912047, 0.0238754227757, 0.00364660006016, 0.000216665794142, 1.81050527317e-05, 1.88788017113e-05],
        "min": [0.000249314587563, 0.00168924569152, 0.00482666026801, 0.0227185077965, 0.0495885014534, 0.0834966227412, 0.0353207588196, 0.0414485633373, 0.0229491218925, 0.0328324884176, 0.0645665451884, 0.111706152558, 0.0719412788749, 0.116534873843, 0.0533863715827, 0.0317377485335, 0.0299977213144, 0.0332941450179, 0.0534626692533, 0.0713508501649, 0.0449918136001, 0.0807382762432, 0.124610058963, 0.160891339183, 0.177941903472, 0.0885723084211, 0.053808119148, 0.0203705877066, 0.00627369713038, 0.00188728969079, 0.00189488637261, 0.00096740067238, 0.000183839016245, 4.07934639952e-05, 1.47684695548e-05, 2.16120633922e-06, 5.03639739691e-07, 1.26083321561e-07, 3.10479151722e-07, 6.7886026045e-07],
        "var": [0.0465216748416, 1.40001416206, 4.1461815834, 37.1201820374, 1744.05102539, 372.903533936, 62.0299758911, 30.8018665314, 147.277709961, 163.276779175, 875.386901855, 732.309814453, 1343.43395996, 1808.24865723, 3093.39135742, 1719.97583008, 1364.2598877, 98.1787643433, 278.475585938, 2154.07495117, 748.673217773, 1796.33081055, 13956.7197266, 510.22265625, 6607.21289062, 1458.63098145, 34.5725135803, 22.6111526489, 15.8411054611, 10.2100753784, 5.47845411301, 4.94265222549, 3.107234478, 0.939271509647, 0.450755298138, 0.343381941319, 0.0468236729503, 0.000443582684966, 1.37518497922e-07, 9.36674959817e-10]
    },
    "gfcc": {
        "mean": [-28.8879146576, 103.347541809, -105.433731079, 52.0537338257, -51.4310150146, 9.00296020508, -34.2089805603, 22.2001628876, -31.1980953217, -1.11622023582, -14.5368890762, -4.98526668549, -7.90736103058],
        "cov": [[3714.8359375, -1271.12878418, 144.674316406, -261.912994385, 52.5980796814, -23.6049556732, -150.588012695, 59.1663665771, -275.62890625, 157.526901245, -351.919067383, 240.615356445, -423.484222412], [-1271.12878418, 1251.20874023, -437.704437256, 53.6336593628, 114.110488892, -162.769119263, 186.392547607, -68.9287490845, 137.781219482, -172.70904541, 249.771087646, -219.385406494, 241.185256958], [144.674316406, -437.704437256, 863.532287598, 65.5646972656, -112.406494141, 191.928253174, -167.177764893, 18.0938644409, -39.5449523926, 122.047019958, -145.481262207, 86.5435409546, -113.71295929], [-261.912994385, 53.6336593628, 65.5646972656, 257.713867188, -3.88011217117, 3.75261902809, -12.1863393784, -21.1720314026, 25.6589355469, -30.0652294159, 40.7840385437, -43.506565094, 70.3581390381], [52.5980796814, 114.110488892, -112.406494141, -3.88011217117, 163.064056396, -45.7572746277, 37.1104240417, 13.7801618576, 16.3628120422, -15.0001583099, 27.7483730316, 11.6996717453, 2.43246102333], [-23.6049556732, -162.769119263, 191.928253174, 3.75261902809, -45.7572746277, 203.43397522, -40.8892860413, 11.1866464615, 11.8240680695, 49.6101570129, -10.6375513077, 17.2362213135, -16.9169807434], [-150.588012695, 186.392547607, -167.177764893, -12.1863393784, 37.1104240417, -40.8892860413, 141.628143311, 10.7223119736, 21.6532897949, -12.841378212, 49.9464874268, -17.4138259888, 32.2171859741], [59.1663665771, -68.9287490845, 18.0938644409, -21.1720314026, 13.7801618576, 11.1866464615, 10.7223119736, 122.382736206, 1.48724937439, 21.157201767, 11.142996788, 18.7893981934, 0.302502781153], [-275.62890625, 137.781219482, -39.5449523926, 25.6589355469, 16.3628120422, 11.8240680695, 21.6532897949, 1.48724937439, 94.3543319702, -6.74570894241, 38.5645942688, -17.0492553711, 51.9921035767], [157.526901245, -172.70904541, 122.047019958, -30.0652294159, -15.0001583099, 49.6101570129, -12.841378212, 21.157201767, -6.74570894241, 97.257850647, -25.4719085693, 34.309387207, -42.5222854614], [-351.919067383, 249.771087646, -145.481262207, 40.7840385437, 27.7483730316, -10.6375513077, 49.9464874268, 11.142996788, 38.5645942688, -25.4719085693, 147.45489502, -43.152130127, 61.8325920105], [240.615356445, -219.385406494, 86.5435409546, -43.506565094, 11.6996717453, 17.2362213135, -17.4138259888, 18.7893981934, -17.0492553711, 34.309387207, -43.152130127, 125.51625061, -29.2276363373], [-423.484222412, 241.185256958, -113.71295929, 70.3581390381, 2.43246102333, -16.9169807434, 32.2171859741, 0.302502781153, 51.9921035767, -42.5222854614, 61.8325920105, -29.2276363373, 170.70866394]],
        "icov": [[0.000601263018325, 0.000365637039067, 0.000284557085251, 7.41023322917e-05, -0.000441124109784, 0.0001405691728, 0.000167426333064, -9.76618248387e-05, 0.000727621139959, -0.000243932008743, 0.000601607607678, -0.000111540444777, 0.000603412336204], [0.000365637039067, 0.0044470555149, -0.00145794346463, 0.00267090066336, -0.00237342971377, 0.00209848303348, -0.00270673492923, 0.00231179362163, -0.0016313707456, 0.00342464144342, -0.00367692811415, 0.00505873700604, -0.00315157463774], [0.000284557085251, -0.00145794346463, 0.00336386752315, -0.00233843270689, 0.00136505544651, -0.00203554495238, 0.00265749334358, -0.00141183205415, 0.000990453991108, -0.00307163991965, 0.00324479793198, -0.00281340931542, 0.00252632121556], [7.41023322917e-05, 0.00267090066336, -0.00233843270689, 0.00712216179818, -0.00193243904505, 0.00168978772126, -0.00139640271664, 0.0023149412591, -0.00121688004583, 0.00333308731206, -0.0038045682013, 0.00463995384052, -0.00425507640466], [-0.000441124109784, -0.00237342971377, 0.00136505544651, -0.00193243904505, 0.00902598164976, -4.30665613749e-06, 0.000505714502651, -0.00193890428636, -0.00109291053377, -0.00104869634379, 0.000793131010141, -0.00433455314487, 0.00278591457754], [0.0001405691728, 0.00209848303348, -0.00203554495238, 0.00168978772126, -4.30665613749e-06, 0.00805213302374, -0.000550516415387, 0.00102484261151, -0.00229994533584, -0.000352643983206, -0.00307786674239, 0.00239869602956, -0.00163022603374], [0.000167426333064, -0.00270673492923, 0.00265749334358, -0.00139640271664, 0.000505714502651, -0.000550516415387, 0.0118991322815, -0.00223432201892, 0.000683077261783, -0.00399849703535, 0.00132165174, -0.00323829404078, 0.00204461859539], [-9.76618248387e-05, 0.00231179362163, -0.00141183205415, 0.0023149412591, -0.00193890428636, 0.00102484261151, -0.00223432201892, 0.0104281110689, -0.000863066641614, 0.000388803164242, -0.00370780890808, 0.00201723561622, -0.00282256840728], [0.000727621139959, -0.0016313707456, 0.000990453991108, -0.00121688004583, -0.00109291053377, -0.00229994533584, 0.000683077261783, -0.000863066641614, 0.0159847270697, -0.00303457304835, 0.00106908357702, -0.00165864441078, -0.00136402540375], [-0.000243932008743, 0.00342464144342, -0.00307163991965, 0.00333308731206, -0.00104869634379, -0.000352643983206, -0.00399849703535, 0.000388803164242, -0.00303457304835, 0.0187072716653, -0.00383472233079, 0.00223558722064, -0.000773715903051], [0.000601607607678, -0.00367692811415, 0.00324479793198, -0.0038045682013, 0.000793131010141, -0.00307786674239, 0.00132165174, -0.00370780890808, 0.00106908357702, -0.00383472233079, 0.0152765680104, -0.00301497010514, 0.0025273412466], [-0.000111540444777, 0.00505873700604, -0.00281340931542, 0.00463995384052, -0.00433455314487, 0.00239869602956, -0.00323829404078, 0.00201723561622, -0.00165864441078, 0.00223558722064, -0.00301497010514, 0.0167934317142, -0.00527397263795], [0.000603412336204, -0.00315157463774, 0.00252632121556, -0.00425507640466, 0.00278591457754, -0.00163022603374, 0.00204461859539, -0.00282256840728, -0.00136402540375, -0.000773715903051, 0.0025273412466, -0.00527397263795, 0.013066302985]]
    },
    "melbands": {
        "dmean": [0.000869607145432, 0.000620637496468, 0.000951605616137, 0.000974619353656, 0.000131144450279, 5.69650219404e-05, 5.09623860125e-05, 5.0044778618e-05, 5.17391163157e-05, 3.17118938256e-05, 3.32927374984e-05, 2.71293229162e-05, 2.11007572943e-05, 1.80002462002e-05, 1.45013027577e-05, 9.98213272396e-06, 3.97913754568e-06, 5.57519069844e-06, 9.04701209947e-06, 1.08999629447e-05, 7.19036870578e-06, 6.41691440251e-06, 1.98228717636e-05, 9.61205660133e-06, 5.47422087038e-06, 1.09579614218e-05, 1.12284642455e-05, 4.57663463749e-06, 1.76546916464e-06, 1.64990842677e-06, 1.25839414977e-06, 1.11795498015e-06, 8.99445240066e-07, 8.56211272549e-07, 6.52285677916e-07, 6.2614037688e-07, 6.24121071269e-07, 5.95273036197e-07, 4.76918216918e-07, 3.45137465274e-07],
        "dmean2": [0.00137653923593, 0.00102995266207, 0.00158758962061, 0.00167888624128, 0.000217600900214, 9.16543867788e-05, 7.85995798651e-05, 7.65668810345e-05, 7.72949424572e-05, 4.74588450743e-05, 4.4185679144e-05, 3.75038871425e-05, 2.83042918454e-05, 2.6736082873e-05, 2.11120477616e-05, 1.61771167768e-05, 6.28021689408e-06, 8.59514511831e-06, 1.36303769978e-05, 1.71042338479e-05, 1.11365698103e-05, 9.56300937105e-06, 2.77015878964e-05, 1.44473078763e-05, 8.0506752056e-06, 1.63423155755e-05, 1.63536715263e-05, 6.69604605719e-06, 2.73465229839e-06, 2.54434917224e-06, 1.94543440557e-06, 1.74597755631e-06, 1.45028036513e-06, 1.31741740006e-06, 1.01050500234e-06, 1.00963234217e-06, 9.77797867563e-07, 9.35408536407e-07, 7.49132027522e-07, 5.29769124569e-07],
        "dvar": [2.49127265306e-06, 1.09543043436e-06, 4.89078047394e-06, 9.02456758922e-06, 5.85831791966e-08, 7.3959580682e-09, 9.26162080361e-09, 8.93434393134e-09, 1.13496048115e-08, 5.68735547546e-09, 7.62937801824e-09, 7.41048955533e-09, 4.77228434548e-09, 2.22743534728e-09, 1.97540450664e-09, 2.03498973228e-09, 8.04207256344e-11, 1.94616836535e-10, 5.80396564143e-10, 1.27151145168e-09, 3.79841019749e-10, 2.29401136975e-10, 3.19467896581e-09, 7.54910634004e-10, 1.49708162533e-10, 1.10513820317e-09, 6.45144604405e-10, 1.13386813827e-10, 9.3297123499e-12, 8.85162342729e-12, 6.01289634403e-12, 5.35817267291e-12, 3.69728856905e-12, 3.07251706716e-12, 1.69760798301e-12, 1.65671935805e-12, 1.81263673776e-12, 1.43920389929e-12, 9.85813427418e-13, 4.61380662408e-13],
        "dvar2": [5.84064991926e-06, 2.68561143457e-06, 1.23425979837e-05, 2.38797911152e-05, 1.57576650395e-07, 1.80066113131e-08, 2.1901584546e-08, 1.90292333002e-08, 2.28266188174e-08, 1.04552704272e-08, 1.16241176684e-08, 1.21826086996e-08, 6.51242881844e-09, 3.63385410651e-09, 3.54666518376e-09, 4.25606172527e-09, 1.7463176738e-10, 3.79702796982e-10, 1.20039955753e-09, 2.67067590265e-09, 8.79279205002e-10, 4.60496862864e-10, 4.50946435748e-09, 1.19264287335e-09, 3.01984881546e-10, 1.72910163965e-09, 1.08387532283e-09, 2.01480221396e-10, 2.05776784501e-11, 2.06627093907e-11, 1.36825819771e-11, 1.19789135208e-11, 9.10562857753e-12, 7.09527358742e-12, 3.76095205326e-12, 3.94102112056e-12, 4.38360545779e-12, 3.27541205963e-12, 2.22241994773e-12, 1.00676118917e-12],
        "max": [0.0126549890265, 0.00892299227417, 0.0175053887069, 0.0228552110493, 0.00215673353523, 0.00105031463318, 0.00155159004498, 0.0013556991471, 0.00192138087004, 0.00188755616546, 0.00231457105838, 0.00218513724394, 0.00163435365539, 0.00109442777466, 0.000759280985221, 0.00101717561483, 0.000143726094393, 0.000340838218108, 0.000541898130905, 0.000834582140669, 0.000426988844993, 0.000274421036011, 0.00207937881351, 0.000653357012197, 0.000234862192883, 0.000731045729481, 0.000438147282694, 0.000202362149139, 4.33135464846e-05, 2.97447822959e-05, 2.46961117227e-05, 2.89874151349e-05, 1.83156444109e-05, 1.69520317286e-05, 1.20290096675e-05, 1.16684932436e-05, 1.62923824973e-05, 1.05812559923e-05, 1.37486085805e-05, 5.98521046413e-06],
        "mean": [0.00126478914171, 0.00117910362314, 0.001342766569, 0.00098880880978, 0.000207404984394, 0.000107767096779, 0.000113670495921, 0.000107271567686, 0.000116265429824, 7.39631868782e-05, 7.36241563573e-05, 6.40832513454e-05, 4.53599932371e-05, 5.19728309882e-05, 2.68396597676e-05, 2.02142382477e-05, 5.88523244005e-06, 9.85975930234e-06, 1.57644044521e-05, 2.00667145691e-05, 1.31301576403e-05, 1.02077565316e-05, 4.43154167442e-05, 1.87081750482e-05, 8.80527932168e-06, 2.20188012463e-05, 2.26539777941e-05, 8.46819693834e-06, 2.50252060141e-06, 2.14129977394e-06, 1.55571024152e-06, 1.30390719733e-06, 8.96736082723e-07, 8.74286001817e-07, 6.97078348821e-07, 6.43649627818e-07, 6.72707528793e-07, 6.46889077416e-07, 5.14201190072e-07, 4.04146760502e-07],
        "median": [0.000706278020516, 0.00100245070644, 0.000884213775862, 0.000433810142567, 0.000109385211545, 6.2281746068e-05, 6.087688962e-05, 5.22962072864e-05, 3.0373907066e-05, 2.08918427234e-05, 1.64324101206e-05, 1.23773343148e-05, 8.49092612043e-06, 6.51957634545e-06, 4.56388124803e-06, 2.77566164186e-06, 1.81254404197e-06, 2.89718286695e-06, 4.67934114567e-06, 4.32699789599e-06, 3.28947248818e-06, 2.90734215014e-06, 5.8895670918e-06, 3.5386167383e-06, 2.55612371802e-06, 4.57986652691e-06, 4.69729411634e-06, 1.86096440302e-06, 9.56264557317e-07, 7.21753394828e-07, 5.06459173266e-07, 3.38297297731e-07, 1.8700217197e-07, 1.65092316706e-07, 1.54446240686e-07, 1.36940997209e-07, 1.27556617713e-07, 1.34494086979e-07, 1.09618930821e-07, 1.04617214447e-07],
        "min": [3.13075770464e-06, 2.71746012004e-06, 7.50658637116e-06, 5.48463503947e-06, 1.08329152226e-06, 7.15865269285e-07, 3.60095498309e-07, 3.38748350259e-07, 4.91663001867e-07, 5.33911645562e-07, 1.76341927727e-07, 1.3078691552e-07, 1.82640150115e-07, 1.00537171477e-07, 5.12326252533e-08, 4.39195098068e-08, 3.42846746548e-08, 7.28738740463e-08, 6.03449166192e-08, 8.73225047826e-08, 2.85809278466e-08, 2.05244088392e-08, 1.13474456498e-07, 7.6696217377e-08, 5.00937140657e-08, 1.14905027715e-07, 8.44553724733e-08, 2.25718395086e-08, 1.87788486983e-08, 1.0505582182e-08, 7.67545493829e-09, 1.97663374557e-09, 7.92700349805e-10, 5.63568192113e-10, 8.06260613828e-10, 6.02939365102e-10, 3.27622512453e-10, 1.12675355157e-10, 5.32702076894e-11, 4.09816278135e-12],
