{
"highlevel": {
    "danceability": {
        "all": {
            "danceable": 0.972952604294,
            "not_danceable": 0.0270473919809
        },
        "probability": 0.972952604294,
        "value": "danceable"
    },
    "gender": {
        "all": {
            "female": 0.274441331625,
            "male": 0.725558638573
        },
        "probability": 0.725558638573,
        "value": "male"
    },
    "genre_dortmund": {
        "all": {
            "alternative": 0.15012948215,
            "blues": 0.0146832317114,
            "electronic": 0.021033803001,
            "folkcountry": 0.0675579383969,
            "funksoulrnb": 0.0205225963145,
            "jazz": 0.00641923397779,
            "pop": 0.104026958346,
            "raphiphop": 0.0560138374567,
            "rock": 0.559612929821
        },
        "probability": 0.559612929821,
        "value": "rock"
    },
    "genre_electronic": {
        "all": {
            "ambient": 0.211459621787,
            "dnb": 0.122757896781,
            "house": 0.116732403636,
            "techno": 0.0180018655956,
            "trance": 0.531048238277
        },
        "probability": 0.531048238277,
        "value": "trance"
    },
    "genre_rosamerica": {
        "all": {
            "cla": 0.00115980312694,
            "dan": 0.0506503358483,
            "hip": 0.0558380074799,
            "jaz": 0.00147491123062,
            "pop": 0.694083809853,
            "rhy": 0.144494220614,
            "roc": 0.0515826828778,
            "spe": 0.000716240843758
        },
        "probability": 0.694083809853,
        "value": "pop"
    },
    "genre_tzanetakis": {
        "all": {
            "blu": 0.0626613423228,
            "cla": 0.0348169617355,
            "cou": 0.104475811124,
            "dis": 0.0784321576357,
            "hip": 0.15692435205,
            "jaz": 0.313974827528,
            "met": 0.0448166541755,
            "pop": 0.0627359300852,
            "reg": 0.0627360641956,
            "roc": 0.0784258767962
        },
        "probability": 0.313974827528,
        "value": "jaz"
    },
    "ismir04_rhythm": {
        "all": {
            "ChaChaCha": 0.171293929219,
            "Jive": 0.518161416054,
            "Quickstep": 0.0247076731175,
            "Rumba-American": 0.00743484823033,
            "Rumba-International": 0.061132889241,
            "Rumba-Misc": 0.0122639983892,
            "Samba": 0.148021414876,
            "Tango": 0.00534366024658,
            "VienneseWaltz": 0.0424470752478,
            "Waltz": 0.00919309537858
        },
        "probability": 0.518161416054,
        "value": "Jive"
    },
    "mood_acoustic": {
        "all": {
            "acoustic": 0.0266650542617,
            "not_acoustic": 0.97333496809
        },
        "probability": 0.97333496809,
        "value": "not_acoustic"
    },
    "mood_aggressive": {
        "all": {
            "aggressive": 0.15517821908,
            "not_aggressive": 0.844821810722
        },
        "probability": 0.844821810722,
        "value": "not_aggressive"
    },
    "mood_electronic": {
        "all": {
            "electronic": 0.293567508459,
            "not_electronic": 0.706432521343
        },
        "probability": 0.706432521343,
        "value": "not_electronic"
    },
    "mood_happy": {
        "all": {
            "happy": 0.841942131519,
            "not_happy": 0.158057838678
        },
        "probability": 0.841942131519,
        "value": "happy"
    },
    "mood_party": {
        "all": {
            "not_party": 0.434234708548,
            "party": 0.56576526165
        },
        "probability": 0.56576526165,
        "value": "party"
    },
    "mood_relaxed": {
        "all": {
            "not_relaxed": 0.948302209377,
            "relaxed": 0.0516977980733
        },
        "probability": 0.948302209377,
        "value": "not_relaxed"
    },
    "mood_sad": {
        "all": {
            "not_sad": 0.703765571117,
            "sad": 0.296234428883
        },
        "probability": 0.703765571117,
        "value": "not_sad"
    },
    "moods_mirex": {
        "all": {
            "Cluster1": 0.130840584636,
            "Cluster2": 0.186574146152,
            "Cluster3": 0.481217265129,
            "Cluster4": 0.176036179066,
            "Cluster5": 0.0253318287432
        },
        "probability": 0.481217265129,
        "value": "Cluster3"
    },
    "timbre": {
        "all": {
            "bright": 0.993740856647,
            "dark": 0.00625915499404
        },
        "probability": 0.993740856647,
        "value": "bright"
    },
    "tonal_atonal": {
        "all": {
            "atonal": 0.00208412157372,
            "tonal": 0.997915863991
        },
        "probability": 0.997915863991,
        "value": "tonal"
    },
    "voice_instrumental": {
        "all": {
            "instrumental": 0.000461580144474,
            "voice": 0.999538421631
        },
        "probability": 0.999538421631,
        "value": "voice"
    }
},
"lowlevel": {
    "average_loudness": 0.972242414951,
    "barkbands_crest": {
        "dmean": 2.71363139153,
        "dmean2": 4.33010911942,
        "dvar": 6.96391391754,
        "dvar2": 15.104516983,
        "max": 22.984205246,
        "mean": 10.971496582,
        "median": 10.0872354507,
        "min": 2.60169053078,
        "var": 24.5383548737
    },
    "barkbands_flatness_db": {
        "dmean": 0.023729512468,
        "dmean2": 0.0354055650532,
        "dvar": 0.000486918055685,
        "dvar2": 0.000986005878076,
        "max": 0.273968309164,
        "mean": 0.127292379737,
        "median": 0.125966638327,
        "min": 0.0356867834926,
        "var": 0.00164637633134
    },
    "barkbands_kurtosis": {
        "dmean": 1.97513389587,
        "dmean2": 3.10154676437,
        "dvar": 7.65789842606,
        "dvar2": 15.7925376892,
        "max": 41.3186378479,
        "mean": 2.67518949509,
        "median": 1.36456680298,
        "min": -1.88595426083,
        "var": 19.8060131073
    },
    "barkbands_skewness": {
        "dmean": 0.499702423811,
        "dmean2": 0.777014970779,
        "dvar": 0.283714383841,
        "dvar2": 0.592756032944,
        "max": 5.84614419937,
        "mean": 1.39207696915,
        "median": 1.25383448601,
        "min": -2.38469672203,
        "var": 1.06100678444
    },
    "barkbands_spread": {
        "dmean": 8.4287815094,
        "dmean2": 13.0761480331,
        "dvar": 105.636573792,
        "dvar2": 240.6459198,
        "max": 97.7046737671,
        "mean": 28.8095359802,
        "median": 25.2591686249,
        "min": 4.29805374146,
        "var": 233.367706299
    },
    "dissonance": {
        "dmean": 0.0178588852286,
        "dmean2": 0.0295450929552,
        "dvar": 0.000334990705596,
        "dvar2": 0.000911423529033,
        "max": 0.499999433756,
        "mean": 0.467347323895,
        "median": 0.473651081324,
        "min": 0.331630349159,
        "var": 0.000647946144454
    },
    "dynamic_complexity": 2.38916182518,
    "erbbands_crest": {
        "dmean": 2.71202635765,
        "dmean2": 4.39191484451,
        "dvar": 6.75693655014,
        "dvar2": 14.7547388077,
        "max": 32.1749534607,
        "mean": 8.12891578674,
        "median": 7.03142023087,
        "min": 2.53036546707,
        "var": 17.5544891357
    },
    "erbbands_flatness_db": {
        "dmean": 0.0220197886229,
        "dmean2": 0.032093167305,
        "dvar": 0.000399565324187,
        "dvar2": 0.000806574826129,
        "max": 0.285520523787,
        "mean": 0.133614972234,
        "median": 0.130037903786,
        "min": 0.0566487647593,
        "var": 0.0013264802983
    },
    "erbbands_kurtosis": {
        "dmean": 1.06141865253,
        "dmean2": 1.66893863678,
        "dvar": 2.89222455025,
        "dvar2": 6.23761844635,
        "max": 22.1175765991,
        "mean": 0.69949811697,
        "median": 0.00478839874268,
        "min": -1.46301722527,
        "var": 5.70773935318
    },
    "erbbands_skewness": {
        "dmean": 0.40090662241,
        "dmean2": 0.609588980675,
        "dvar": 0.151967570186,
        "dvar2": 0.340529173613,
        "max": 3.22146654129,
        "mean": 0.165680140257,
        "median": 0.182890355587,
        "min": -4.12730646133,
        "var": 0.708653628826
    },
    "erbbands_spread": {
        "dmean": 9.10436725616,
        "dmean2": 14.4981441498,
        "dvar": 74.6218338013,
        "dvar2": 175.669723511,
        "max": 98.4407272339,
        "mean": 40.8517875671,
        "median": 39.9949645996,
        "min": 5.81619167328,
        "var": 223.332855225
    },
    "hfc": {
        "dmean": 17.3774681091,
        "dmean2": 26.7678184509,
        "dvar": 1307.9329834,
        "dvar2": 3083.48461914,
        "max": 392.424072266,
        "mean": 34.0257110596,
        "median": 23.846321106,
        "min": 0.796375930309,
        "var": 1970.73168945
    },
    "melbands_crest": {
        "dmean": 3.19986319542,
        "dmean2": 4.8747882843,
        "dvar": 8.44559288025,
        "dvar2": 19.1287937164,
        "max": 30.5732746124,
        "mean": 15.901008606,
        "median": 15.4127340317,
        "min": 3.68425893784,
        "var": 37.8178901672
    },
    "melbands_flatness_db": {
        "dmean": 0.0282517187297,
        "dmean2": 0.0422209762037,
        "dvar": 0.000883145898115,
        "dvar2": 0.00172645703424,
        "max": 0.353775858879,
        "mean": 0.172716021538,
        "median": 0.171469137073,
        "min": 0.0369154401124,
        "var": 0.00352641497739
    },
    "melbands_kurtosis": {
        "dmean": 5.96683979034,
        "dmean2": 9.51628494263,
        "dvar": 73.6000289917,
        "dvar2": 164.677780151,
        "max": 101.645088196,
        "mean": 11.9065532684,
        "median": 6.50209712982,
        "min": -1.85435807705,
        "var": 204.404647827
    },
    "melbands_skewness": {
        "dmean": 0.737873852253,
        "dmean2": 1.1395150423,
        "dvar": 0.58502048254,
        "dvar2": 1.25253403187,
        "max": 8.57639598846,
        "mean": 2.62872195244,
        "median": 2.17842078209,
        "min": -0.626805245876,
        "var": 2.65889906883
    },
    "melbands_spread": {
        "dmean": 9.77547645569,
        "dmean2": 15.3974647522,
        "dvar": 247.917495728,
        "dvar2": 514.734069824,
        "max": 256.371612549,
        "mean": 29.4074497223,
        "median": 23.717546463,
        "min": 2.48694491386,
        "var": 570.004455566
    },
    "pitch_salience": {
        "dmean": 0.0782934576273,
        "dmean2": 0.125134289265,
        "dvar": 0.00532221188769,
        "dvar2": 0.0119548887014,
        "max": 0.792769014835,
        "mean": 0.503800392151,
        "median": 0.511676490307,
        "min": 0.152338251472,
        "var": 0.0163754820824
    },
    "silence_rate_20dB": {
        "dmean": 0,
        "dmean2": 0,
        "dvar": 0,
        "dvar2": 0,
        "max": 1,
        "mean": 1,
        "median": 1,
        "min": 1,
        "var": 0
    },
    "silence_rate_30dB": {
        "dmean": 0,
        "dmean2": 0,
        "dvar": 0,
        "dvar2": 0,
        "max": 1,
        "mean": 1,
        "median": 1,
        "min": 1,
        "var": 0
    },
    "silence_rate_60dB": {
        "dmean": 0.00928792543709,
        "dmean2": 0.018590239808,
        "dvar": 0.00920152850449,
        "dvar2": 0.0197937041521,
        "max": 1,
        "mean": 0.0100541375577,
        "median": 0,
        "min": 0,
        "var": 0.00995305553079
    },
    "spectral_centroid": {
        "dmean": 317.228668213,
        "dmean2": 493.169921875,
        "dvar": 141151.375,
        "dvar2": 313332.625,
        "max": 5196.35351562,
        "mean": 1592.16235352,
        "median": 1481.09558105,
        "min": 391.971069336,
        "var": 356883.71875
    },
    "spectral_complexity": {
        "dmean": 6.04643964767,
        "dmean2": 8.49806308746,
        "dvar": 38.1897888184,
        "dvar2": 61.1873550415,
        "max": 58,
        "mean": 23.4215011597,
        "median": 22,
        "min": 1,
        "var": 130.556488037
    },
    "spectral_decrease": {
        "dmean": 2.17171547412e-09,
        "dmean2": 3.31594263159e-09,
        "dvar": 6.41990010808e-18,
        "dvar2": 1.31694647775e-17,
        "max": -1.877421274e-10,
        "mean": -7.75703234979e-09,
        "median": -6.76503120189e-09,
        "min": -2.32495143138e-08,
        "var": 2.40238511981e-17
    },
    "spectral_energy": {
        "dmean": 0.00945800635964,
        "dmean2": 0.0143677229062,
        "dvar": 0.000115686227218,
        "dvar2": 0.000241340036155,
        "max": 0.0930606201291,
        "mean": 0.0323630347848,
        "median": 0.0288264174014,
        "min": 0.000828165037092,
        "var": 0.000411733810324
    },
    "spectral_energyband_high": {
        "dmean": 0.00166857359,
        "dmean2": 0.00258934078738,
        "dvar": 1.85674380191e-05,
        "dvar2": 4.3702286348e-05,
        "max": 0.0481336079538,
        "mean": 0.0021112379618,
        "median": 0.000746553472709,
        "min": 1.21171024148e-05,
        "var": 2.67081304628e-05
    },
    "spectral_energyband_low": {
        "dmean": 0.0055619450286,
        "dmean2": 0.00830809772015,
        "dvar": 6.81375095155e-05,
        "dvar2": 0.000141569413245,
        "max": 0.0691028833389,
        "mean": 0.0143382009119,
        "median": 0.0067294226028,
        "min": 5.95122473896e-05,
        "var": 0.000249984819675
    },
    "spectral_energyband_middle_high": {
        "dmean": 0.00298384623602,
        "dmean2": 0.00453493976966,
        "dvar": 1.49007419168e-05,
        "dvar2": 3.6173274566e-05,
        "max": 0.0494109652936,
        "mean": 0.0073058437556,
        "median": 0.00558127462864,
        "min": 0.000113785128633,
        "var": 4.42448254034e-05
    },
    "spectral_energyband_middle_low": {
        "dmean": 0.00359649048187,
        "dmean2": 0.00563101749867,
        "dvar": 1.47679475049e-05,
        "dvar2": 3.71289643226e-05,
        "max": 0.0490762926638,
        "mean": 0.00946181919426,
        "median": 0.00817125570029,
        "min": 0.000211578502785,
        "var": 4.7039349738e-05
    },
    "spectral_entropy": {
        "dmean": 0.217977374792,
        "dmean2": 0.309482246637,
        "dvar": 0.0486537478864,
        "dvar2": 0.105405032635,
        "max": 8.71013736725,
        "mean": 7.79049158096,
        "median": 7.78844022751,
        "min": 6.65767192841,
        "var": 0.130036786199
    },
    "spectral_flux": {
        "dmean": 0.029714608565,
        "dmean2": 0.0452068410814,
        "dvar": 0.00110688479617,
        "dvar2": 0.00242976215668,
        "max": 0.245570018888,
        "mean": 0.0926640033722,
        "median": 0.0832642093301,
        "min": 0.0124838231131,
        "var": 0.00204770150594
    },
    "spectral_kurtosis": {
        "dmean": 1.09480237961,
        "dmean2": 1.78869199753,
        "dvar": 1.09263706207,
        "dvar2": 2.89203166962,
        "max": 13.0716114044,
        "mean": 3.28381371498,
        "median": 3.13483428955,
        "min": -0.674591302872,
        "var": 2.63820838928
    },
    "spectral_rms": {
        "dmean": 0.00083184603136,
        "dmean2": 0.00121338898316,
        "dvar": 8.2051553818e-07,
        "dvar2": 1.56799660544e-06,
        "max": 0.00952842272818,
        "mean": 0.00530138425529,
        "median": 0.00530314352363,
        "min": 0.000898869242519,
        "var": 3.46906881532e-06
    },
    "spectral_rolloff": {
        "dmean": 802.362854004,
        "dmean2": 1316.41210938,
        "dvar": 1896808.25,
        "dvar2": 4398365,
        "max": 10658.9355469,
        "mean": 1822.89379883,
        "median": 1356.59179688,
        "min": 86.1328125,
        "var": 3263328.25
    },
    "spectral_skewness": {
        "dmean": 0.188402041793,
        "dmean2": 0.304368466139,
        "dvar": 0.0336829386652,
        "dvar2": 0.082378230989,
        "max": 2.94254970551,
        "mean": 1.45243668556,
        "median": 1.47408127785,
        "min": -0.0212296005338,
        "var": 0.111227981746
    },
    "spectral_spread": {
        "dmean": 850240.875,
        "dmean2": 1233579.375,
        "dvar": 733453680640,
        "dvar2": 1.62547826688e+12,
        "max": 11954516,
        "mean": 5359842.5,
        "median": 5115718.5,
        "min": 2640071.25,
        "var": 1.85621479424e+12
    },
    "spectral_strongpeak": {
        "dmean": 0.532312572002,
        "dmean2": 0.883072555065,
        "dvar": 0.862301111221,
        "dvar2": 1.97306585312,
        "max": 9.13944149017,
        "mean": 1.01565086842,
        "median": 0.608502149582,
        "min": 0.0328326448798,
        "var": 1.53470313549
    },
    "zerocrossingrate": {
        "dmean": 0.0162459332496,
        "dmean2": 0.0181768462062,
        "dvar": 0.000298766506603,
        "dvar2": 0.000362326245522,
        "max": 0.34228515625,
        "mean": 0.0743531882763,
        "median": 0.06494140625,
        "min": 0.0087890625,
        "var": 0.00167444779072
    },
    "barkbands": {
        "dmean": [7.22563781892e-05, 0.00358830415644, 0.00251977541484, 0.000923516461626, 0.0010865466902, 0.000878976890817, 0.000532607140485, 0.000859456253238, 0.00143654248677, 0.000557810708415, 0.00084561976837, 0.000604009081144, 0.000819769920781, 0.000405840226449, 0.000311235198751, 0.000400791643187, 0.000367372791516, 0.000343066611094, 0.000261963607045, 0.000202521885512, 0.000208090335946, 0.000324026710587, 0.000341481121723, 0.000389483408071, 0.000302342930809, 0.000125746315462, 1.59436467584e-07],
        "dmean2": [0.000121981029224, 0.0054141599685, 0.0040033236146, 0.00151145062409, 0.00176488270517, 0.00139852357097, 0.000806671043392, 0.00134068203624, 0.00220637326129, 0.000892621814273, 0.00132326397579, 0.000979079515673, 0.00127913733013, 0.000649233465083, 0.000499795540236, 0.000645816035103, 0.000573911005631, 0.000534731487278, 0.000418272160459, 0.000317004771205, 0.000340647529811, 0.000527107913513, 0.000539556494914, 0.000600510335062, 0.000473692285595, 0.000204797455808, 2.77403216842e-07],
        "dvar": [1.31108182089e-08, 4.10118736909e-05, 2.30281257245e-05, 1.31077865717e-06, 2.28580870498e-06, 1.88325827821e-06, 7.21393064396e-07, 3.98094744014e-06, 7.48131060391e-06, 1.13753037567e-06, 2.20128777073e-06, 1.67511200289e-06, 4.6642308007e-06, 4.97603195981e-07, 1.90099569863e-07, 5.64259835301e-07, 3.23137868463e-07, 3.09642445018e-07, 1.91089043255e-07, 1.26382602161e-07, 2.90762983468e-07, 1.07805055904e-06, 8.63847844812e-07, 1.23595305013e-06, 6.40779830974e-07, 7.76079716047e-08, 1.10668332137e-12],
        "dvar2": [3.76576529959e-08, 9.09904119908e-05, 4.37329617853e-05, 3.32356285071e-06, 5.23992093804e-06, 4.83459052703e-06, 1.5646154452e-06, 9.92018431134e-06, 1.70652729139e-05, 2.88539899884e-06, 5.16444424647e-06, 3.80205619877e-06, 1.28972478706e-05, 1.17384888654e-06, 4.47807053661e-07, 1.22262315472e-06, 7.27354461105e-07, 7.90185026744e-07, 4.81954941733e-07, 3.07668983623e-07, 7.62918546116e-07, 2.66585493591e-06, 2.04906700674e-06, 2.72503780252e-06, 1.59313037784e-06, 2.0245128951e-07, 2.72264849555e-12],
        "max": [0.00112774211448, 0.0617495551705, 0.0514503270388, 0.00930598378181, 0.0157269332558, 0.0166015606374, 0.00951852463186, 0.0344835408032, 0.0408385135233, 0.0178036019206, 0.0216323267668, 0.0244966000319, 0.0303859263659, 0.0104210097343, 0.00598267791793, 0.0197462514043, 0.0086140986532, 0.00656301621348, 0.00367237417959, 0.00341866188683, 0.00490078236908, 0.0152054410428, 0.0140713192523, 0.0188690237701, 0.0154635189101, 0.00304436590523, 1.81809427886e-05],
        "mean": [0.000113272741146, 0.0078432848677, 0.00563584640622, 0.00131163618062, 0.0018823617138, 0.00152527156752, 0.00090469175484, 0.0012933172984, 0.00236449134536, 0.000718588824384, 0.00133143272251, 0.000847680377774, 0.00104293285403, 0.000556795683224, 0.000519065128174, 0.000610819028225, 0.000572850520257, 0.000574595760554, 0.000416374503402, 0.000329009315465, 0.000245572678978, 0.000372939422959, 0.00040548099787, 0.00049035390839, 0.000330243667122, 0.000124033133034, 1.24111664945e-07],
        "median": [5.00534006278e-05, 0.00243757735007, 0.00107480108272, 0.000752497813664, 0.00122912437655, 0.000749916012865, 0.000400529563194, 0.000335125834681, 0.000580176711082, 0.000218461253098, 0.000458851369331, 0.000351034570485, 0.000228602162679, 0.000284122797893, 0.000279642932583, 0.000362361315638, 0.00028880831087, 0.000313918339089, 0.000228125616559, 0.000197936795303, 8.6677930085e-05, 6.98565199855e-05, 0.00012030598009, 0.000165252233273, 8.32052173791e-05, 3.39435937349e-05, 6.00712812826e-10],
        "min": [9.66442037509e-09, 6.86086877977e-07, 1.05703611553e-06, 5.57010480406e-06, 1.53047694766e-05, 1.11824474516e-05, 9.12205337045e-07, 1.48265746702e-06, 2.94414621749e-06, 1.07394271254e-06, 1.23346171677e-06, 6.93010349551e-07, 3.73218244931e-06, 4.43191629529e-06, 1.07205767108e-06, 1.75359139121e-06, 7.39337735922e-07, 7.97177904133e-07, 7.46632792925e-07, 1.05002573036e-06, 1.62195203757e-06, 1.13878070351e-06, 6.29351973203e-07, 5.85873749515e-07, 1.64152467619e-07, 1.23253516768e-11, 8.1677060948e-12],
        "var": [1.97882439323e-08, 0.000135380076244, 9.7204472695e-05, 2.09959171116e-06, 4.02505202146e-06, 4.38533561464e-06, 1.74104991402e-06, 7.62333047533e-06, 1.8561795514e-05, 1.8718035335e-06, 5.65878963243e-06, 3.30599732479e-06, 6.29131682217e-06, 6.94586105965e-07, 4.1795314587e-07, 1.02286423953e-06, 6.79581319218e-07, 6.00350006152e-07, 2.80890446902e-07, 1.81816147915e-07, 2.76705947044e-07, 1.58052512234e-06, 1.20540278203e-06, 1.79582457349e-06, 8.39808365072e-07, 6.90771955192e-08, 1.05176100034e-12]
    },
    "erbbands": {
        "dmean": [0.0769917219877, 0.934755682945, 2.72360539436, 2.98464679718, 3.28297519684, 3.70372676849, 6.16053771973, 7.44147109985, 6.10630369186, 12.1850175858, 21.8633937836, 29.1297855377, 21.622051239, 22.122013092, 30.5452213287, 18.911863327, 29.6617527008, 28.9633865356, 15.789478302, 15.1063375473, 23.8580780029, 22.8703098297, 18.029876709, 15.7787179947, 10.8802280426, 10.1045742035, 7.76010370255, 8.84893226624, 11.0097169876, 11.6434650421, 9.55492973328, 8.62864971161, 6.54632234573, 4.05549716949, 1.75352549553, 0.743411004543, 0.213924154639, 0.0138208093122, 0.000303516397253, 3.1563668017e-05],
        "dmean2": [0.109949737787, 1.42840015888, 4.30405759811, 4.85108661652, 5.33344459534, 5.91389131546, 9.52521324158, 11.8779373169, 9.44362449646, 18.6238307953, 34.5041809082, 43.7230262756, 34.4808273315, 35.7076454163, 47.1489334106, 31.1070785522, 46.1742210388, 46.6995925903, 25.0254020691, 24.351228714, 37.1950263977, 35.7987937927, 28.6551933289, 24.8900318146, 17.1527175903, 15.9542007446, 12.5742435455, 14.1696929932, 17.9266624451, 19.3567295074, 15.1181297302, 13.4735431671, 10.2813272476, 6.43850755692, 2.71949577332, 1.19752323627, 0.354021281004, 0.022590411827, 0.000494253006764, 4.93815823575e-05],
        "dvar": [0.0206804201007, 2.73861098289, 22.834941864, 22.5955257416, 28.6633148193, 25.3052463531, 88.5565414429, 188.222976685, 134.706069946, 488.911376953, 2649.94042969, 3539.73413086, 1540.49902344, 1866.47521973, 5289.11230469, 1011.73925781, 4204.08544922, 3979.07519531, 624.424743652, 428.296936035, 2186.24316406, 1342.82861328, 814.489440918, 645.952087402, 368.995635986, 333.420715332, 341.617767334, 592.133544922, 1225.17773438, 1347.99804688, 664.121337891, 610.872314453, 298.22567749, 135.905181885, 15.2112064362, 2.70068097115, 0.23799367249, 0.000730328378268, 3.87073072261e-07, 3.44397177443e-09],
        "dvar2": [0.0444791354239, 6.0698018074, 45.9312095642, 46.4092712402, 70.4999771118, 59.2790336609, 204.873626709, 485.604125977, 314.469268799, 1042.40258789, 6874.40429688, 7652.91455078, 3638.44580078, 4996.79736328, 12470.0566406, 2520.13867188, 10974.6943359, 11035.5917969, 1486.55395508, 1032.7109375, 4506.01367188, 2993.09130859, 2091.95800781, 1620.7454834, 907.933959961, 847.240783691, 886.104980469, 1523.64111328, 3061.45727539, 3394.79199219, 1516.94677734, 1385.71191406, 672.027709961, 339.763763428, 35.4515419006, 6.91206407547, 0.638770520687, 0.001923144795, 9.95952063931e-07, 8.27215362875e-09],
        "max": [1.2357404232, 15.9052057266, 44.1211242676, 57.707321167, 55.4156951904, 69.2580566406, 116.109588623, 207.607879639, 176.22946167, 283.63659668, 945.653320312, 1154.24597168, 402.649291992, 702.292053223, 1783.04223633, 434.2527771, 925.565551758, 905.692749023, 329.5909729, 199.965286255, 1318.65722656, 558.97668457, 306.915100098, 240.687667847, 194.509338379, 165.528503418, 161.83454895, 274.817749023, 524.836181641, 426.039398193, 384.255279541, 392.081939697, 253.866165161, 223.180114746, 63.5698547363, 21.5514907837, 4.06330633163, 0.231695756316, 0.00521931564435, 0.000587075715885],
        "mean": [0.18006965518, 1.94803011417, 6.14246845245, 5.72686338425, 4.76792764664, 6.63166236877, 10.4249353409, 12.3242177963, 9.85290431976, 21.2622413635, 36.4605522156, 48.4401817322, 33.9196243286, 35.4313735962, 53.7406272888, 28.6176433563, 41.7349319458, 39.4340209961, 26.1827926636, 26.6707172394, 37.5702362061, 37.6773033142, 31.245880127, 26.8230438232, 18.4487438202, 16.2290630341, 9.76390552521, 10.6166038513, 12.9167346954, 12.679649353, 11.5874404907, 11.1169319153, 7.60237121582, 4.18281459808, 2.04445528984, 0.763787925243, 0.199043884873, 0.0129453875124, 0.000312471966026, 6.17605692241e-05],
        "median": [0.0611578151584, 0.764730930328, 1.42982017994, 2.62725257874, 2.78775334358, 3.87933897972, 5.48678684235, 5.05022192001, 4.65443897247, 9.11630535126, 9.71599960327, 12.389623642, 12.8726711273, 13.6495370865, 18.0022277832, 13.9885425568, 12.7538404465, 16.2850532532, 15.1092185974, 16.0316181183, 22.1540241241, 20.6679649353, 19.2798290253, 13.9168987274, 11.090883255, 9.91969203949, 3.94752383232, 3.27309441566, 2.45519638062, 2.49636387825, 3.79452466965, 3.93371200562, 2.24972105026, 0.857373297215, 0.587754368782, 0.212535947561, 0.0544025748968, 0.00384912546724, 0.000105105704279, 4.68055004603e-05],
        "min": [2.89794352284e-05, 0.000227498909226, 0.0108798434958, 0.0548705644906, 0.0645930692554, 0.0546584315598, 0.0260693468153, 0.0618007108569, 0.0334015898407, 0.0630963072181, 0.0622989758849, 0.076871752739, 0.0562167875469, 0.0516971945763, 0.0508640706539, 0.041440308094, 0.260410070419, 0.19267873466, 0.233407214284, 0.166933298111, 0.072095349431, 0.0486496761441, 0.0579379759729, 0.139544650912, 0.074867375195, 0.129511132836, 0.165738776326, 0.0578130967915, 0.0652807801962, 0.0385452769697, 0.010450663045, 0.0150638082996, 0.00702716503292, 0.00187917845324, 0.000282216264168, 3.14981807605e-05, 4.99756288264e-06, 9.67335381574e-07, 1.66118320521e-06, 1.55576026373e-06],
        "var": [0.0590935386717, 9.17388153076, 90.1215591431, 72.8546524048, 36.4351882935, 59.7436027527, 186.864929199, 420.98626709, 280.802612305, 1091.88342285, 5755.98388672, 8998.90234375, 3043.93237305, 4129.86572266, 16224.4765625, 1803.15856934, 6730.77392578, 4994.13769531, 1107.32824707, 912.389526367, 4263.87109375, 2870.61962891, 1499.24023438, 1131.82971191, 569.510253906, 433.461761475, 334.886260986, 684.097045898, 1843.16992188, 1613.1986084, 956.995666504, 923.362365723, 402.325805664, 164.120620728, 23.4961719513, 2.58421564102, 0.192507773638, 0.000628409907222, 3.63752434396e-07, 4.69890437671e-09]
    },
    "gfcc": {
        "mean": [35.0041618347, 71.8805999756, -115.009048462, 35.3754730225, -58.3602523804, 26.6600799561, -42.8991127014, 20.4867935181, -26.8735084534, 1.46924388409, -16.1442375183, -0.128362849355, -14.3699884415],
        "cov": [[2905.64501953, -891.14074707, 100.482185364, -160.057510376, 21.0477981567, 135.365463257, -154.476425171, 203.511688232, -178.605621338, 55.5580558777, -163.8152771, 101.1720047, -99.941116333], [-891.14074707, 897.386901855, -94.5653686523, 49.1842269897, 122.532058716, -99.356880188, 169.147994995, 34.3542060852, 175.770843506, -50.3379173279, 161.843948364, -38.9812774658, 115.078308105], [100.482185364, -94.5653686523, 463.905944824, 83.2344207764, 87.5041809082, 48.2916793823, -4.46211481094, 74.9124908447, 39.4329490662, 114.547019958, -26.5407505035, 71.3592987061, 19.4368629456], [-160.057510376, 49.1842269897, 83.2344207764, 411.649383545, 165.526611328, 13.1051797867, 1.33030235767, -42.8303337097, 111.021728516, 3.87365269661, -32.9698104858, -40.0670967102, 32.5713310242], [21.0477981567, 122.532058716, 87.5041809082, 165.526611328, 313.051513672, -0.563296973705, 13.5026168823, 75.6774902344, 49.6349067688, 27.8591213226, -21.186252594, -2.56198859215, 31.2284011841], [135.365463257, -99.356880188, 48.2916793823, 13.1051797867, -0.563296973705, 155.47467041, 51.6611557007, 2.09874582291, 4.34277534485, 29.7447395325, 25.589012146, -11.8796482086, -17.0494861603], [-154.476425171, 169.147994995, -4.46211481094, 1.33030235767, 13.5026168823, 51.6611557007, 145.900665283, 38.9353141785, 48.4426879883, 6.14549064636, 58.9113769531, 7.01793050766, 29.3194541931], [203.511688232, 34.3542060852, 74.9124908447, -42.8303337097, 75.6774902344, 2.09874582291, 38.9353141785, 178.796737671, 41.3380584717, 22.3129405975, 19.6305503845, 25.7556381226, 35.2226448059], [-178.605621338, 175.770843506, 39.4329490662, 111.021728516, 49.6349067688, 4.34277534485, 48.4426879883, 41.3380584717, 155.153320312, 32.9790344238, 41.7136955261, -5.71100568771, 39.6789588928], [55.5580558777, -50.3379173279, 114.547019958, 3.87365269661, 27.8591213226, 29.7447395325, 6.14549064636, 22.3129405975, 32.9790344238, 102.020378113, 17.0727500916, 29.1325798035, 2.12321138382], [-163.8152771, 161.843948364, -26.5407505035, -32.9698104858, -21.186252594, 25.589012146, 58.9113769531, 19.6305503845, 41.7136955261, 17.0727500916, 135.563995361, 8.54683113098, 25.5833320618], [101.1720047, -38.9812774658, 71.3592987061, -40.0670967102, -2.56198859215, -11.8796482086, 7.01793050766, 25.7556381226, -5.71100568771, 29.1325798035, 8.54683113098, 99.3761367798, 32.3080711365], [-99.941116333, 115.078308105, 19.4368629456, 32.5713310242, 31.2284011841, -17.0494861603, 29.3194541931, 35.2226448059, 39.6789588928, 2.12321138382, 25.5833320618, 32.3080711365, 89.3254547119]],
        "icov": [[0.000657026539557, 0.000337988953106, 0.000326898298226, -0.000102189420431, -2.98376799037e-05, -0.00068705616286, 0.000577412487473, -0.00115608342458, 0.000292199925752, -6.74912735121e-05, 0.000351140362909, -0.000781181326602, 0.000465223391075], [0.000337988953106, 0.00530988676473, -0.00113570783287, 0.00274852942675, -0.00337142148055, 0.00467071169987, -0.00459958519787, 0.0032151970081, -0.0046061608009, 0.0039632068947, -0.00408677803352, 0.00354720815085, -0.00306623266079], [0.000326898298226, -0.00113570783287, 0.00441706273705, -0.00201783375815, 0.00106256327126, -0.00252425810322, 0.00201693852432, -0.00319413654506, 0.00184034567792, -0.00461475970224, 0.00235679442994, -0.00349642895162, 0.00122954742983], [-0.000102189420431, 0.00274852942675, -0.00201783375815, 0.0073868134059, -0.00469693774357, 0.00188724289183, -0.00216162786819, 0.00599416671321, -0.00706469779834, 0.00435259426013, -0.00095079903258, 0.00390494824387, -0.00366685702465], [-2.98376799037e-05, -0.00337142148055, 0.00106256327126, -0.00469693774357, 0.00761348335072, -0.00266590854153, 0.0027418883983, -0.00561673985794, 0.00467060785741, -0.00439177919179, 0.00328083289787, -0.00211799750105, 0.00179185369052], [-0.00068705616286, 0.00467071169987, -0.00252425810322, 0.00188724289183, -0.00266590854153, 0.0147514250129, -0.00931556243449, 0.00484303664416, -0.00284807896242, 0.00138696713839, -0.00571818975732, 0.00663038669154, -0.00155757251196], [0.000577412487473, -0.00459958519787, 0.00201693852432, -0.00216162786819, 0.0027418883983, -0.00931556243449, 0.0160408262163, -0.00566996447742, 0.00211302377284, -0.0019805773627, 0.00170891953167, -0.00542787369341, 0.00173727958463], [-0.00115608342458, 0.0032151970081, -0.00319413654506, 0.00599416671321, -0.00561673985794, 0.00484303664416, -0.00566996447742, 0.0145447803661, -0.00743881054223, 0.00467260181904, -0.00340708740987, 0.00444943178445, -0.00535267964005], [0.000292199925752, -0.0046061608009, 0.00184034567792, -0.00706469779834, 0.00467060785741, -0.00284807896242, 0.00211302377284, -0.00743881054223, 0.0176088437438, -0.00867533497512, 0.00150081748143, -0.0016286255559, 0.00104334019125], [-6.74912735121e-05, 0.0039632068947, -0.00461475970224, 0.00435259426013, -0.00439177919179, 0.00138696713839, -0.0019805773627, 0.00467260181904, -0.00867533497512, 0.0204869993031, -0.00528212450445, -0.000324860186083, -0.000159577262821], [0.000351140362909, -0.00408677803352, 0.00235679442994, -0.00095079903258, 0.00328083289787, -0.00571818975732, 0.00170891953167, -0.00340708740987, 0.00150081748143, -0.00528212450445, 0.0145647376776, -0.00370669085532, 0.000664014194626], [-0.000781181326602, 0.00354720815085, -0.00349642895162, 0.00390494824387, -0.00211799750105, 0.00663038669154, -0.00542787369341, 0.00444943178445, -0.0016286255559, -0.000324860186083, -0.00370669085532, 0.0196788012981, -0.00939870253205], [0.000465223391075, -0.00306623266079, 0.00122954742983, -0.00366685702465, 0.00179185369052, -0.00155757251196, 0.00173727958463, -0.00535267964005, 0.00104334019125, -0.000159577262821, 0.000664014194626, -0.00939870253205, 0.0201015602797]]
    },
    "melbands": {
        "dmean": [0.000850245414767, 0.00132781651337, 0.000498424924444, 0.000220172732952, 0.000204491792829, 0.000165479577845, 9.54906572588e-05, 0.000140780568472, 0.000193585830857, 0.000197713539819, 0.000112660520244, 8.82998792804e-05, 0.000110988403321, 6.78434225847e-05, 4.44632642029e-05, 9.54503484536e-05, 4.8288693506e-05, 2.73004789051e-05, 2.53414546023e-05, 1.99610694835e-05, 3.03779543174e-05, 2.64993395831e-05, 1.62892411026e-05, 1.67654761754e-05, 1.35834870889e-05, 9.00013947103e-06, 7.56120016376e-06, 6.70743793307e-06, 5.00687065141e-06, 4.67183963337e-06, 5.40900146007e-06, 5.86708983974e-06, 7.56680856284e-06, 5.95573101236e-06, 5.22672826264e-06, 6.06075673204e-06, 5.2195509852e-06, 5.17751732332e-06, 3.48049047716e-06, 3.47954619428e-06],
        "dmean2": [0.00126373476814, 0.00205441308208, 0.000830876815598, 0.000357992917998, 0.000317630707286, 0.00026405978133, 0.000145852856804, 0.000214072089875, 0.000303648528643, 0.000297046499327, 0.000179714057595, 0.000142518838402, 0.000173056250787, 0.000107403771835, 7.16620124876e-05, 0.000150863954332, 7.8124794527e-05, 4.32716260548e-05, 3.99824675696e-05, 3.37222627422e-05, 4.70746381325e-05, 4.16776347265e-05, 2.63450911007e-05, 2.65768157988e-05, 2.16358239413e-05, 1.44895366248e-05, 1.20534150483e-05, 1.07354107968e-05, 8.15459407022e-06, 7.67149322201e-06, 8.65683978191e-06, 9.44101702771e-06, 1.26553950395e-05, 9.96360904537e-06, 8.24027119961e-06, 9.61905061558e-06, 8.28563133837e-06, 8.19097840576e-06, 5.4787578847e-06, 5.59724230698e-06],
        "dvar": [2.40095687332e-06, 4.63732521894e-06, 5.27669385519e-07, 1.09070782628e-07, 8.61125144525e-08, 8.07420761362e-08, 2.55328611587e-08, 7.62119611863e-08, 2.06236208555e-07, 1.72054441805e-07, 4.25679687055e-08, 2.95245321524e-08, 4.59170017564e-08, 2.7488441745e-08, 4.60992710671e-09, 6.6762694928e-08, 9.79200898144e-09, 2.15333262332e-09, 1.42016376437e-09, 1.06313857717e-09, 4.31913171894e-09, 1.88271154222e-09, 6.7127420289e-10, 7.61662566351e-10, 4.91050033968e-10, 2.49330167623e-10, 1.62978283647e-10, 1.57525825717e-10, 1.4064888143e-10, 1.32125602126e-10, 2.60108407035e-10, 3.63591462493e-10, 6.24026108564e-10, 3.43298250938e-10, 2.15347822907e-10, 2.51735854384e-10, 2.32920599474e-10, 1.93722565767e-10, 1.12298538524e-10, 9.29939666938e-11],
        "dvar2": [5.29235012436e-06, 9.60444231168e-06, 1.11864073915e-06, 2.53856200061e-07, 2.02122805604e-07, 2.10412395063e-07, 5.93467284205e-08, 1.66122660517e-07, 5.26511939825e-07, 3.76965175519e-07, 1.00147850901e-07, 7.86752991644e-08, 1.09375193347e-07, 6.39906971855e-08, 1.06257953547e-08, 1.82511612934e-07, 2.66546003047e-08, 5.02463404217e-09, 3.09520387098e-09, 2.86137713523e-09, 8.70551097876e-09, 4.3104657621e-09, 1.61083280048e-09, 1.95123028846e-09, 1.24774945931e-09, 6.23316565029e-10, 3.93589383307e-10, 4.04599215242e-10, 3.70267344563e-10, 3.38126388e-10, 6.84651280114e-10, 9.24379905953e-10, 1.5831963518e-09, 8.65598037691e-10, 4.92944962627e-10, 6.03345651218e-10, 5.09758457667e-10, 4.45530445869e-10, 2.67117578057e-10, 2.36542424537e-10],
        "max": [0.0143424496055, 0.0170447267592, 0.00861093681306, 0.00409805029631, 0.00384710216895, 0.00402807909995, 0.00225495919585, 0.00486984848976, 0.00739492662251, 0.00790780596435, 0.00226746336557, 0.00275141163729, 0.0042390585877, 0.00359746790491, 0.000717134389561, 0.00344746350311, 0.00136087008286, 0.000737206370104, 0.000492130056955, 0.00032449446735, 0.00194076448679, 0.000652711023577, 0.00032268173527, 0.000430693966337, 0.000220686997636, 0.000145307509229, 0.000182429808774, 0.000104511156678, 9.46942382143e-05, 0.000107712869067, 0.00023221327865, 0.000327589979861, 0.000359959725756, 0.000205639400519, 0.000233888262301, 0.000245789095061, 0.000250087527093, 0.000210441023228, 0.000217156062718, 0.00016806187341],
        "mean": [0.00191951170564, 0.0030953604728, 0.00100792187732, 0.000383894745028, 0.000360529287718, 0.000280723295873, 0.000157567075803, 0.000234810097027, 0.00031776871765, 0.000321558822179, 0.00016588899598, 0.000134127985802, 0.000184879696462, 0.000101957572042, 6.298624794e-05, 0.000120594144391, 6.4016894612e-05, 4.02375699196e-05, 4.1356710426e-05, 3.02161861327e-05, 4.57123642263e-05, 4.01101351599e-05, 2.67899031314e-05, 2.78269253613e-05, 2.15463387576e-05, 1.39480462167e-05, 1.25132592075e-05, 1.00261049738e-05, 6.0379070419e-06, 5.45642933503e-06, 6.35348351352e-06, 7.0854639489e-06, 7.65912318457e-06, 6.59885336063e-06, 6.2497097133e-06, 7.17155171515e-06, 6.80433140587e-06, 5.94517132413e-06, 3.7528914163e-06, 3.4547138057e-06],
        "median": [0.000634272408206, 0.000884626642801, 0.000514804734848, 0.000250140757998, 0.00020855620096, 0.000120981523651, 7.71399063524e-05, 9.38859302551e-05, 7.03493351466e-05, 7.65164222685e-05, 5.70655756746e-05, 4.51822088507e-05, 6.49812645861e-05, 3.54697840521e-05, 2.75924066955e-05, 2.40953122557e-05, 2.80659041891e-05, 2.16000444198e-05, 2.03363961191e-05, 1.96233195311e-05, 2.36790765484e-05, 1.96097225853e-05, 1.63385720953e-05, 1.52473921844e-05, 9.8940654425e-06, 8.04765477369e-06, 7.65260665503e-06, 5.82584834774e-06, 2.32530896938e-06, 1.92852257896e-06, 1.77564311343e-06, 1.38999746468e-06, 1.19775666008e-06, 1.40946406191e-06, 1.96998848878e-06, 2.56458451986e-06, 2.24842642638e-06, 1.64721632245e-06, 8.07489016097e-07, 6.17856983354e-07],
        "min": [2.18244423422e-07, 2.10759617403e-06, 1.06168890852e-05, 5.28168811798e-06, 7.83929408499e-07, 1.48967660607e-06, 3.71519064402e-07, 5.91181617438e-07, 2.46312168883e-07, 3.44984215417e-07, 2.32577932024e-07, 2.00249175464e-07, 1.48538390476e-07, 9.36125346129e-08, 1.21175929735e-07, 3.22373978179e-07, 2.64589857579e-07, 7.1120297207e-08, 8.19715069156e-08, 1.33872106289e-07, 6.49377085438e-08, 4.39147740394e-08, 2.67835460477e-08, 4.2570071912e-08, 2.17861249041e-08, 3.71030637325e-08, 3.88049237188e-09, 4.22783550391e-08, 7.80058542205e-08, 3.90532548522e-08, 2.66696051909e-08, 2.25949463584e-08, 2.05184846891e-08, 3.93698511292e-11, 5.6127569259e-09, 4.06967037847e-09, 8.85054873834e-09, 4.47647074964e-09, 2.34108538111e-10, 9.44433116781e-13],
