{
"highlevel": {
    "danceability": {
        "all": {
            "danceable": 3.00000096379e-14,
            "not_danceable": 1
        },
        "probability": 1,
        "value": "not_danceable"
    },
    "gender": {
        "all": {
            "female": 0.610723972321,
            "male": 0.389275997877
        },
        "probability": 0.610723972321,
        "value": "female"
    },
    "genre_dortmund": {
        "all": {
            "alternative": 0.180783003569,
            "blues": 0.0395862460136,
            "electronic": 0.00519133079797,
            "folkcountry": 0.0469526425004,
            "funksoulrnb": 0.00254663056694,
            "jazz": 0.00158644292969,
            "pop": 0.060174126178,
            "raphiphop": 0.000506975629833,
            "rock": 0.662672579288
        },
        "probability": 0.662672579288,
        "value": "rock"
    },
    "genre_electronic": {
        "all": {
            "ambient": 0.264551341534,
            "dnb": 0.0905102416873,
            "house": 0.0209721755236,
            "techno": 0.0148757211864,
            "trance": 0.60909050703
        },
        "probability": 0.60909050703,
        "value": "trance"
    },
    "genre_rosamerica": {
        "all": {
            "cla": 0.000314664270263,
            "dan": 0.000167961130501,
            "hip": 0.000194221400307,
            "jaz": 0.000117604256957,
            "pop": 0.00559082115069,
            "rhy": 0.000146061021951,
            "roc": 0.993301331997,
            "spe": 0.000167346486705
        },
        "probability": 0.993301331997,
        "value": "roc"
    },
    "genre_tzanetakis": {
        "all": {
            "blu": 0.0626541376114,
            "cla": 0.0348133966327,
            "cou": 0.0783501937985,
            "dis": 0.104547761381,
            "hip": 0.15693578124,
            "jaz": 0.313987255096,
            "met": 0.044816005975,
            "pop": 0.0627349764109,
            "reg": 0.0627352520823,
            "roc": 0.0784252434969
        },
        "probability": 0.313987255096,
        "value": "jaz"
    },
    "ismir04_rhythm": {
        "all": {
            "ChaChaCha": 0.0363726168871,
            "Jive": 0.940231800079,
            "Quickstep": 0.000453625805676,
            "Rumba-American": 0.000342971790815,
            "Rumba-International": 0.000837743689772,
            "Rumba-Misc": 0.000237016720348,
            "Samba": 0.00291200424545,
            "Tango": 0.00102693052031,
            "VienneseWaltz": 0.0173406340182,
            "Waltz": 0.000244659604505
        },
        "probability": 0.940231800079,
        "value": "Jive"
    },
    "mood_acoustic": {
        "all": {
            "acoustic": 1.90945247596e-05,
            "not_acoustic": 0.999980926514
        },
        "probability": 0.999980926514,
        "value": "not_acoustic"
    },
    "mood_aggressive": {
        "all": {
            "aggressive": 0.995585918427,
            "not_aggressive": 0.00441408390179
        },
        "probability": 0.995585918427,
        "value": "aggressive"
    },
    "mood_electronic": {
        "all": {
            "electronic": 0.019822737202,
            "not_electronic": 0.980177283287
        },
        "probability": 0.980177283287,
        "value": "not_electronic"
    },
    "mood_happy": {
        "all": {
            "happy": 0.691816389561,
            "not_happy": 0.308183610439
        },
        "probability": 0.691816389561,
        "value": "happy"
    },
    "mood_party": {
        "all": {
            "not_party": 0.329245477915,
            "party": 0.670754551888
        },
        "probability": 0.670754551888,
        "value": "party"
    },
    "mood_relaxed": {
        "all": {
            "not_relaxed": 0.958383440971,
            "relaxed": 0.0416165404022
        },
        "probability": 0.958383440971,
        "value": "not_relaxed"
    },
    "mood_sad": {
        "all": {
            "not_sad": 0.942690610886,
            "sad": 0.0573094077408
        },
        "probability": 0.942690610886,
        "value": "not_sad"
    },
    "moods_mirex": {
        "all": {
            "Cluster1": 0.578589141369,
            "Cluster2": 0.0275559648871,
            "Cluster3": 0.0758627280593,
            "Cluster4": 0.028674479574,
            "Cluster5": 0.289317667484
        },
        "probability": 0.578589141369,
        "value": "Cluster1"
    },
    "timbre": {
        "all": {
            "bright": 0.978797852993,
            "dark": 0.02120212093
        },
        "probability": 0.978797852993,
        "value": "bright"
    },
    "tonal_atonal": {
        "all": {
            "atonal": 0.00962300598621,
            "tonal": 0.990377008915
        },
        "probability": 0.990377008915,
        "value": "tonal"
    },
    "voice_instrumental": {
        "all": {
            "instrumental": 0.135307922959,
            "voice": 0.864692091942
        },
        "probability": 0.864692091942,
        "value": "voice"
    }
},
"lowlevel": {
    "average_loudness": 0.984907329082,
    "barkbands_crest": {
        "dmean": 2.3529074192,
        "dmean2": 3.97288632393,
        "dvar": 5.06056594849,
        "dvar2": 13.4168643951,
        "max": 17.4445171356,
        "mean": 6.72932004929,
        "median": 6.01914310455,
        "min": 2.36458444595,
        "var": 7.2171626091
    },
    "barkbands_flatness_db": {
        "dmean": 0.0123766353354,
        "dmean2": 0.0208642967045,
        "dvar": 0.000106688370579,
        "dvar2": 0.000297148915706,
        "max": 0.15025113523,
        "mean": 0.100242204964,
        "median": 0.0988482236862,
        "min": 0.0644114166498,
        "var": 0.000185032607988
    },
    "barkbands_kurtosis": {
        "dmean": 0.435956507921,
        "dmean2": 0.724991202354,
        "dvar": 0.367818266153,
        "dvar2": 0.933685839176,
        "max": 5.28536987305,
        "mean": -0.94136941433,
        "median": -1.1071562767,
        "min": -1.70461046696,
        "var": 0.406742990017
    },
    "barkbands_skewness": {
        "dmean": 0.329070299864,
        "dmean2": 0.532667398453,
        "dvar": 0.0881596729159,
        "dvar2": 0.20562453568,
        "max": 2.35561347008,
        "mean": 0.410066604614,
        "median": 0.376948922873,
        "min": -1.06882047653,
        "var": 0.197853043675
    },
    "barkbands_spread": {
        "dmean": 4.97366905212,
        "dmean2": 7.9198923111,
        "dvar": 15.6368188858,
        "dvar2": 42.0875053406,
        "max": 60.4365272522,
        "mean": 40.8586730957,
        "median": 40.8228797913,
        "min": 18.3599414825,
        "var": 42.4710235596
    },
    "dissonance": {
        "dmean": 0.00818309187889,
        "dmean2": 0.013740551658,
        "dvar": 5.28379605385e-05,
        "dvar2": 0.00014452758478,
        "max": 0.49998986721,
        "mean": 0.485625684261,
        "median": 0.487524628639,
        "min": 0.442621082067,
        "var": 8.84776454768e-05
    },
    "dynamic_complexity": 0.668468654156,
    "erbbands_crest": {
        "dmean": 2.1903731823,
        "dmean2": 3.70891070366,
        "dvar": 4.17229270935,
        "dvar2": 10.7981452942,
        "max": 20.527841568,
        "mean": 7.03474235535,
        "median": 6.25124979019,
        "min": 3.29905724525,
        "var": 7.09620857239
    },
    "erbbands_flatness_db": {
        "dmean": 0.0113274306059,
        "dmean2": 0.0177566912025,
        "dvar": 8.0627418356e-05,
        "dvar2": 0.000194125561393,
        "max": 0.207595869899,
        "mean": 0.15126119554,
        "median": 0.150830745697,
        "min": 0.106488734484,
        "var": 0.000235991770751
    },
    "erbbands_kurtosis": {
        "dmean": 0.703576385975,
        "dmean2": 1.13289368153,
        "dvar": 0.361651003361,
        "dvar2": 0.936213850975,
        "max": 7.44546031952,
        "mean": 0.532132267952,
        "median": 0.396034479141,
        "min": -1.38533890247,
        "var": 0.89963632822
    },
    "erbbands_skewness": {
        "dmean": 0.25769212842,
        "dmean2": 0.412950903177,
        "dvar": 0.0399436093867,
        "dvar2": 0.101797223091,
        "max": 0.725376784801,
        "mean": -0.447339832783,
        "median": -0.4636310637,
        "min": -1.43104696274,
        "var": 0.136722013354
    },
    "erbbands_spread": {
        "dmean": 5.42042398453,
        "dmean2": 8.66996097565,
        "dvar": 20.533536911,
        "dvar2": 50.7478637695,
        "max": 61.4176025391,
        "mean": 30.5785961151,
        "median": 29.9691791534,
        "min": 10.0147380829,
        "var": 52.2212524414
    },
    "hfc": {
        "dmean": 5.7925863266,
        "dmean2": 9.34409236908,
        "dvar": 23.2033252716,
        "dvar2": 60.8408699036,
        "max": 81.5794525146,
        "mean": 42.6418800354,
        "median": 41.9043159485,
        "min": 14.0247592926,
        "var": 72.1724853516
    },
    "melbands_crest": {
        "dmean": 3.21621346474,
        "dmean2": 5.36953544617,
        "dvar": 7.47558832169,
        "dvar2": 20.8913574219,
        "max": 24.9488925934,
        "mean": 12.0818042755,
        "median": 11.5235290527,
        "min": 3.32885837555,
        "var": 14.9500980377
    },
    "melbands_flatness_db": {
        "dmean": 0.0182550940663,
        "dmean2": 0.0303760524839,
        "dvar": 0.000272175471764,
        "dvar2": 0.00065969658317,
        "max": 0.207955896854,
        "mean": 0.123673900962,
        "median": 0.12074765563,
        "min": 0.0557192564011,
        "var": 0.000517448759638
    },
    "melbands_kurtosis": {
        "dmean": 2.01738071442,
        "dmean2": 3.31028866768,
        "dvar": 5.98011827469,
        "dvar2": 14.4603261948,
        "max": 23.4826259613,
        "mean": 2.40811920166,
        "median": 1.65884256363,
        "min": -1.57549989223,
        "var": 8.87408065796
    },
    "melbands_skewness": {
        "dmean": 0.491129308939,
        "dmean2": 0.793564260006,
        "dvar": 0.186757460237,
        "dvar2": 0.445189714432,
        "max": 4.34526491165,
        "mean": 1.62461137772,
        "median": 1.56118798256,
        "min": -0.0247870534658,
        "var": 0.449389487505
    },
    "melbands_spread": {
        "dmean": 9.31658172607,
        "dmean2": 15.045706749,
        "dvar": 63.1915397644,
        "dvar2": 148.66166687,
        "max": 83.5402069092,
        "mean": 49.3681526184,
        "median": 50.3328971863,
        "min": 11.7760744095,
        "var": 141.553375244
    },
    "pitch_salience": {
        "dmean": 0.0596935935318,
        "dmean2": 0.0992900952697,
        "dvar": 0.00252323132008,
        "dvar2": 0.00713258469477,
        "max": 0.75736540556,
        "mean": 0.552380263805,
        "median": 0.549228847027,
        "min": 0.305420428514,
        "var": 0.00446383608505
    },
    "silence_rate_20dB": {
        "dmean": 0,
        "dmean2": 0,
        "dvar": 0,
        "dvar2": 0,
        "max": 1,
        "mean": 1,
        "median": 1,
        "min": 1,
        "var": 0
    },
    "silence_rate_30dB": {
        "dmean": 0,
        "dmean2": 0,
        "dvar": 0,
        "dvar2": 0,
        "max": 1,
        "mean": 1,
        "median": 1,
        "min": 1,
        "var": 0
    },
    "silence_rate_60dB": {
        "dmean": 0,
        "dmean2": 0,
        "dvar": 0,
        "dvar2": 0,
        "max": 0,
        "mean": 0,
        "median": 0,
        "min": 0,
        "var": 0
    },
    "spectral_centroid": {
        "dmean": 189.158493042,
        "dmean2": 303.176269531,
        "dvar": 25607.2207031,
        "dvar2": 67184.375,
        "max": 2999.08178711,
        "mean": 2336.6027832,
        "median": 2357.89086914,
        "min": 1215.99853516,
        "var": 55729.3984375
    },
    "spectral_complexity": {
        "dmean": 4.00387001038,
        "dmean2": 6.67002344131,
        "dvar": 9.76857471466,
        "dvar2": 25.9979629517,
        "max": 51,
        "mean": 39.7153892517,
        "median": 40,
        "min": 14,
        "var": 18.4000301361
    },
    "spectral_decrease": {
        "dmean": 2.07629846649e-09,
        "dmean2": 3.3542466582e-09,
        "dvar": 5.08806032612e-18,
        "dvar2": 1.20928279989e-17,
        "max": -3.02380498418e-09,
        "mean": -8.39531999475e-09,
        "median": -7.82716558234e-09,
        "min": -2.38183268664e-08,
        "var": 7.86610794948e-18
    },
    "spectral_energy": {
        "dmean": 0.00811333302408,
        "dmean2": 0.0130482986569,
        "dvar": 7.40189207136e-05,
        "dvar2": 0.000177002017153,
        "max": 0.094131141901,
        "mean": 0.0355536304414,
        "median": 0.0334975793958,
        "min": 0.0146051570773,
        "var": 0.000118570358609
    },
    "spectral_energyband_high": {
        "dmean": 0.000330965413013,
        "dmean2": 0.000533431128133,
        "dvar": 8.00824153657e-08,
        "dvar2": 2.03114794317e-07,
        "max": 0.00424779392779,
        "mean": 0.00194616534282,
        "median": 0.00188150838949,
        "min": 0.000666254840326,
        "var": 1.99057083705e-07
    },
    "spectral_energyband_low": {
        "dmean": 0.00613172445446,
        "dmean2": 0.0102635445073,
        "dvar": 5.47015151824e-05,
        "dvar2": 0.000134155605338,
        "max": 0.0674856305122,
        "mean": 0.0117835057899,
        "median": 0.00931160710752,
        "min": 0.000637308403384,
        "var": 7.00201344443e-05
    },
    "spectral_energyband_middle_high": {
        "dmean": 0.00293677486479,
        "dmean2": 0.00476665468886,
        "dvar": 6.87173132974e-06,
        "dvar2": 1.80532242666e-05,
        "max": 0.0327338986099,
        "mean": 0.0132875610143,
        "median": 0.0123492358252,
        "min": 0.00270876684226,
        "var": 2.0368683181e-05
    },
    "spectral_energyband_middle_low": {
        "dmean": 0.00360170099884,
        "dmean2": 0.00584263680503,
        "dvar": 1.64321809279e-05,
        "dvar2": 4.19893731305e-05,
        "max": 0.0381547026336,
        "mean": 0.00962470658123,
        "median": 0.0085319923237,
        "min": 0.00136352796108,
        "var": 2.66221777565e-05
    },
    "spectral_entropy": {
        "dmean": 0.0647241249681,
        "dmean2": 0.104778058827,
        "dvar": 0.00258997408673,
        "dvar2": 0.00663051800802,
        "max": 8.21133708954,
        "mean": 7.88720798492,
        "median": 7.89239740372,
        "min": 7.60628461838,
        "var": 0.00864854641259
    },
    "spectral_flux": {
        "dmean": 0.0191538445652,
        "dmean2": 0.0291015096009,
        "dvar": 0.000329046713887,
        "dvar2": 0.000675644958392,
        "max": 0.203198596835,
        "mean": 0.104074180126,
        "median": 0.098606698215,
        "min": 0.0589580796659,
        "var": 0.000732489337679
    },
    "spectral_kurtosis": {
        "dmean": 0.865527629852,
        "dmean2": 1.52348875999,
        "dvar": 0.517971336842,
        "dvar2": 1.48905432224,
        "max": 11.7746572495,
        "mean": 2.96485877037,
        "median": 2.83734703064,
        "min": 0.607736825943,
        "var": 0.887781500816
    },
    "spectral_rms": {
        "dmean": 0.000646606320515,
        "dmean2": 0.00103169726208,
        "dvar": 3.74339634845e-07,
        "dvar2": 8.77969114299e-07,
        "max": 0.00958307180554,
        "mean": 0.00582897104323,
        "median": 0.00571669172496,
        "min": 0.00377477589063,
        "var": 7.09547578026e-07
    },
    "spectral_rolloff": {
        "dmean": 400.163635254,
        "dmean2": 654.452636719,
        "dvar": 141852.203125,
        "dvar2": 333209.4375,
        "max": 4392.7734375,
        "mean": 2631.15893555,
        "median": 2691.65039062,
        "min": 430.6640625,
        "var": 267316.78125
    },
    "spectral_skewness": {
        "dmean": 0.12727420032,
        "dmean2": 0.215167582035,
        "dvar": 0.0109100677073,
        "dvar2": 0.0297734495252,
        "max": 2.33837962151,
        "mean": 1.07557427883,
        "median": 1.07866752148,
        "min": 0.596922039986,
        "var": 0.0237064175308
    },
    "spectral_spread": {
        "dmean": 238496.453125,
        "dmean2": 382404.53125,
        "dvar": 44783796224,
        "dvar2": 106053378048,
        "max": 5926443.5,
        "mean": 3787995,
        "median": 3745740.25,
        "min": 2932697,
        "var": 128602046464
    },
    "spectral_strongpeak": {
        "dmean": 0.724331498146,
        "dmean2": 1.33570373058,
        "dvar": 1.5199701786,
        "dvar2": 4.05179023743,
        "max": 9.29475975037,
        "mean": 0.797796308994,
        "median": 0.345664024353,
        "min": 0,
        "var": 1.47123157978
    },
    "zerocrossingrate": {
        "dmean": 0.00741492118686,
        "dmean2": 0.00941917579621,
        "dvar": 3.81712488888e-05,
        "dvar2": 6.12989169895e-05,
        "max": 0.134765625,
        "mean": 0.086128205061,
        "median": 0.0859375,
        "min": 0.0361328125,
        "var": 0.000157494170708
    },
    "barkbands": {
        "dmean": [0.000208250974538, 0.00547105586156, 0.00133219663985, 0.00125113280956, 0.00141987891402, 0.000658219913021, 0.000488885852974, 0.000973206711933, 0.000862813845742, 0.000317134195939, 0.000281926069874, 0.00100553222001, 0.00102642714046, 0.000894924625754, 0.000845441070851, 0.000464024895336, 0.00088970240904, 0.000739163777325, 0.00044030911522, 0.000307659851387, 0.000201465314603, 0.00010882330389, 6.87329957145e-05, 5.34018399776e-05, 2.60585838987e-05, 6.8355343501e-06, 5.17107956455e-09],
        "dmean2": [0.00029615542735, 0.00933044031262, 0.00234894338064, 0.00213980744593, 0.00233012088574, 0.00108057528269, 0.00079283764353, 0.00152746809181, 0.00128907582257, 0.000499422545545, 0.000441433658125, 0.00163904845249, 0.00169382174499, 0.00145312654786, 0.0014020538656, 0.000789574463852, 0.00149511813652, 0.00126092287246, 0.000753181113396, 0.000515875872225, 0.000333878910169, 0.00018348149024, 0.000115659291623, 8.47740957397e-05, 4.11617475038e-05, 1.06789393612e-05, 6.97811408656e-09],
        "dvar": [1.04887881491e-07, 4.69390106446e-05, 3.59269938599e-06, 2.16243165596e-06, 3.69483950635e-06, 1.24392488488e-06, 1.02588990103e-06, 2.44030024987e-06, 1.64565324212e-06, 4.12106828662e-07, 3.92369912561e-07, 2.01977923098e-06, 2.0006395971e-06, 1.34017045639e-06, 1.35218351716e-06, 3.74245303192e-07, 9.3015114544e-07, 4.46998569714e-07, 1.68587561689e-07, 7.0463670454e-08, 2.9618181685e-08, 1.04597139838e-08, 4.22790691346e-09, 3.31471916581e-09, 1.75875969344e-09, 1.22444138162e-10, 1.16338332061e-14],
        "dvar2": [1.94814703036e-07, 0.000117027957458, 1.01190589703e-05, 5.93713593844e-06, 9.76906721917e-06, 2.96925941257e-06, 2.48106516665e-06, 5.67427377973e-06, 3.49722449755e-06, 9.52492769102e-07, 9.15383964184e-07, 5.30806937604e-06, 5.01147223986e-06, 3.49326978721e-06, 3.45896842191e-06, 1.02011813397e-06, 2.50601055996e-06, 1.25485166791e-06, 4.63235778625e-07, 1.91085533174e-07, 7.95011914079e-08, 2.7590710161e-08, 1.08588844583e-08, 7.43642392109e-09, 3.80051456972e-09, 2.33268820926e-10, 1.16705910479e-14],
        "max": [0.00298308697529, 0.0567157864571, 0.0207547154278, 0.0143533833325, 0.019428934902, 0.0171261094511, 0.018263079226, 0.022124748677, 0.0162591878325, 0.0126089844853, 0.01007684879, 0.0135487178341, 0.0177987869829, 0.0138754574582, 0.0178830139339, 0.0115324482322, 0.0101496623829, 0.00532857701182, 0.00369159248658, 0.00282036676072, 0.00197665370069, 0.00190929498058, 0.000801632646471, 0.000813937338535, 0.000577141472604, 0.000275560363661, 3.87794125345e-06],
        "mean": [0.000324148189975, 0.00797044299543, 0.00250480952673, 0.00224902783521, 0.00262771639973, 0.00097848509904, 0.000649085617624, 0.00145116273779, 0.00146585411858, 0.00050519045908, 0.000454207591247, 0.00163245864678, 0.00167554523796, 0.00163154420443, 0.00160659919493, 0.000895509147085, 0.00173484941479, 0.00169989385176, 0.00107022176962, 0.000893526652362, 0.000664664374199, 0.000372617738321, 0.000237265441683, 0.000176979869138, 6.90136293997e-05, 1.28149049488e-05, 4.65434935037e-09],
        "median": [0.000102240665001, 0.00553893763572, 0.00204893900082, 0.00151986884885, 0.00200381106697, 0.000610835966654, 0.000279125873931, 0.000613271724433, 0.000654111150652, 0.000192176827113, 0.000148394465214, 0.000941863865592, 0.000948492728639, 0.00109095487278, 0.00116613670252, 0.000755923276301, 0.0014129356714, 0.00154028460383, 0.000953649752773, 0.000828550662845, 0.000623648928013, 0.000349320034729, 0.000214027066249, 0.000152767257532, 5.45738985238e-05, 9.12139967113e-06, 6.54656884258e-10],
        "min": [7.51088364837e-08, 0.000183519092388, 3.03529996017e-05, 1.8114791601e-05, 0.000130832966533, 4.67253157694e-05, 1.01181494756e-05, 2.10525013244e-05, 2.04470234166e-05, 1.48848175741e-05, 8.80355673871e-06, 4.93439292768e-05, 8.20193090476e-05, 7.29994499125e-05, 0.000145981510286, 0.000112975059892, 0.00012583383068, 0.000273828482023, 0.000165073040989, 0.000229063924053, 0.000181146431714, 5.32792510057e-05, 3.11729381792e-05, 3.99113960157e-05, 4.36474829257e-06, 2.37399072622e-10, 8.96736938177e-12],
        "var": [2.31983392496e-07, 5.42081652384e-05, 4.34509684055e-06, 4.45001523985e-06, 5.18617116541e-06, 1.60450883868e-06, 1.4948432181e-06, 4.46992271463e-06, 3.58232136932e-06, 9.16349904401e-07, 9.23611764847e-07, 3.67932193512e-06, 3.69295116798e-06, 2.66183656095e-06, 2.654295713e-06, 4.56041902908e-07, 1.48052481563e-06, 7.94630466316e-07, 2.75547023421e-07, 1.44173100125e-07, 6.15471265064e-08, 2.07220285375e-08, 1.0997914579e-08, 9.12494613203e-09, 3.69670916101e-09, 3.29998667281e-10, 1.16259761285e-14]
    },
    "erbbands": {
        "dmean": [0.154886364937, 1.29551649094, 1.82374823093, 2.47148370743, 6.13245105743, 3.64676141739, 4.99931764603, 5.38976764679, 6.92354393005, 7.88660240173, 25.6319484711, 18.8650760651, 13.7076539993, 9.61449241638, 14.0400705338, 46.3585128784, 39.6029968262, 52.1641960144, 44.8040237427, 28.1386356354, 34.1422157288, 33.1967926025, 38.4683265686, 17.3905105591, 28.9093399048, 13.8066644669, 11.7803163528, 4.97344303131, 4.12590551376, 2.72595214844, 1.93006753922, 1.08862197399, 1.04127979279, 0.399423927069, 0.153992429376, 0.046090375632, 0.0114288954064, 0.000887275091372, 1.74510023498e-05, 9.3257312983e-06],
        "dmean2": [0.251885265112, 2.22720766068, 3.17749643326, 4.23592710495, 10.184378624, 6.09404706955, 8.09155082703, 9.01789093018, 11.3610630035, 12.9289474487, 39.6212425232, 27.7903823853, 20.4570007324, 15.0383634567, 22.3356285095, 75.798576355, 65.1604614258, 85.5854873657, 75.3457946777, 45.9841690063, 58.1149787903, 55.6503372192, 65.7852325439, 29.6505794525, 49.2355041504, 22.8415699005, 19.3410110474, 8.20444488525, 6.92073726654, 4.56076908112, 3.25453138351, 1.77556478977, 1.66065061092, 0.627915978432, 0.24087202549, 0.0704275593162, 0.0182832647115, 0.00145696441177, 2.79197174677e-05, 1.48024846567e-05],
        "dvar": [0.0593520961702, 2.31871509552, 5.59399223328, 9.07533454895, 70.2538757324, 26.7975997925, 64.1500701904, 99.3893585205, 233.344329834, 184.451446533, 1591.06433105, 787.629699707, 619.17767334, 386.378326416, 517.886779785, 4648.59814453, 2927.04907227, 5382.29345703, 3297.68920898, 2023.15075684, 1089.06860352, 1233.45800781, 1125.78161621, 240.078796387, 753.2265625, 160.732421875, 103.044380188, 15.2562580109, 15.1557044983, 8.34848499298, 3.57740402222, 1.36685061455, 1.3541970253, 0.292032063007, 0.0892030224204, 0.00578955840319, 0.000304359826259, 1.9772203359e-06, 8.15051748315e-10, 9.04721714212e-11],
        "dvar2": [0.142817154527, 6.17159557343, 16.0478610992, 24.8564472198, 184.286880493, 71.6890487671, 146.68598938, 229.034927368, 569.24621582, 460.049438477, 3705.95361328, 1652.6036377, 1346.26049805, 946.159545898, 1300.52697754, 12064.7421875, 7481.8046875, 13821.2236328, 8843.57714844, 4533.10400391, 3011.26611328, 3133.39697266, 3190.50561523, 679.810974121, 2073.84106445, 442.678833008, 281.262359619, 41.9198913574, 40.4938735962, 21.4812679291, 9.05569267273, 3.11008071899, 3.20500397682, 0.643408834934, 0.195398807526, 0.010675794445, 0.000596330093686, 4.82346285935e-06, 1.57286961233e-09, 2.17586546003e-10],
        "max": [1.75979149342, 12.4523515701, 30.8258209229, 33.3786964417, 75.1252670288, 58.9573135376, 95.7618942261, 145.206802368, 294.115112305, 196.358703613, 475.923309326, 384.863861084, 395.613433838, 389.230957031, 281.452026367, 684.729614258, 926.608337402, 779.872009277, 625.262817383, 1165.08422852, 308.721191406, 358.101837158, 282.178314209, 148.628433228, 255.74647522, 153.268173218, 110.301246643, 53.8598403931, 72.1430053711, 47.284488678, 25.4506587982, 17.8617191315, 13.6496963501, 8.14509868622, 5.3490819931, 1.83995652199, 0.539133012295, 0.0240411385894, 0.000589645409491, 0.000110830820631],
        "mean": [0.188155680895, 1.87485861778, 3.68810796738, 4.98536777496, 10.9227733612, 6.07753229141, 7.26640844345, 7.74287033081, 8.82733249664, 12.405418396, 39.5449066162, 33.7302017212, 24.5857162476, 16.4121570587, 25.8109264374, 77.8942489624, 73.6700744629, 97.6481704712, 85.9385070801, 60.8641357422, 73.5422668457, 76.2312469482, 91.9783248901, 51.7497177124, 70.5745544434, 41.8332710266, 36.1734237671, 18.1103000641, 13.7100791931, 9.1019487381, 6.45431089401, 3.61628723145, 2.99619626999, 1.11583268642, 0.352535843849, 0.0895202457905, 0.0203698053956, 0.00127264927141, 5.5666314438e-05, 4.87042379973e-05],
        "median": [0.0872802436352, 1.39673686028, 3.13636541367, 3.28672099113, 7.90059423447, 4.45665693283, 4.50713682175, 4.21859169006, 4.17453384399, 6.24495458603, 18.1379127502, 17.7781562805, 9.04985046387, 7.58035135269, 15.0145196915, 46.6928329468, 47.2020988464, 67.1441192627, 64.8657684326, 44.4798049927, 63.715587616, 66.0615692139, 83.3230361938, 47.9543113708, 62.969417572, 38.7121353149, 33.3448677063, 17.474149704, 12.9356393814, 8.10496616364, 5.7773270607, 3.1857008934, 2.49863266945, 0.896634042263, 0.261634528637, 0.05967707932, 0.0152329299599, 0.000864953326527, 4.80911367049e-05, 4.68237631139e-05],
        "min": [0.00332383811474, 0.0573848597705, 0.0827050432563, 0.313852846622, 0.189564019442, 0.402490317822, 0.281997591257, 0.360264390707, 0.212079137564, 0.317848294973, 1.10770130157, 0.6919465065, 0.831786334515, 0.934109628201, 2.27030825615, 4.99181699753, 5.04686975479, 4.32001781464, 6.76344919205, 6.87807512283, 11.3011398315, 11.752576828, 15.809668541, 12.2698860168, 17.7563457489, 12.1507768631, 8.67752552032, 5.20680809021, 2.50205421448, 0.906891405582, 0.912417590618, 0.76198476553, 0.644725203514, 0.0676102563739, 0.00610147090629, 0.00113060930744, 0.000129945052322, 2.21478603635e-05, 1.66813551914e-05, 2.40463123191e-05],
        "var": [0.0684037283063, 2.54407644272, 7.37688064575, 20.057975769, 99.2317199707, 31.4548854828, 94.6097412109, 141.795227051, 293.39831543, 324.999420166, 3072.80102539, 1829.15991211, 1701.93774414, 695.811767578, 1130.05322266, 8197.85351562, 5666.95214844, 9420.01171875, 4893.11669922, 5852.08251953, 1755.91064453, 2101.30395508, 1996.8269043, 483.038848877, 1175.6171875, 319.126037598, 214.444564819, 30.8008270264, 27.3210048676, 18.6643848419, 9.27119827271, 3.17204833031, 3.5890173912, 0.676177501678, 0.17366451025, 0.0164176728576, 0.000808571348898, 3.10377754431e-06, 1.39196909554e-09, 1.51390663894e-10]
    },
    "gfcc": {
        "mean": [65.3669967651, 77.4955291748, -146.500976562, 62.9508171082, -50.3198127747, 27.8386993408, -37.5012130737, 12.1150760651, -22.9703617096, 4.31878709793, -13.0913877487, -8.82371044159, -14.4654417038],
        "cov": [[124.142654419, 20.5161647797, 28.6625480652, -45.7603034973, -3.83545184135, 5.63345146179, 8.3366060257, 26.3053607941, -9.16028213501, 8.68695068359, -6.89677476883, 10.0068092346, 4.71598577499], [20.5161647797, 141.267868042, -2.81977367401, 10.8266763687, -26.4674053192, -19.3057670593, 24.9381389618, -3.32896995544, 26.4660072327, -12.80037117, 28.9731311798, -14.5554580688, 24.7924251556], [28.6625480652, -2.81977367401, 107.512138367, 34.4197692871, 16.0249633789, -14.5732297897, -24.7714576721, 2.71305394173, 5.28931474686, 22.8894252777, -9.91617393494, 20.5871124268, -14.9523830414], [-45.7603034973, 10.8266763687, 34.4197692871, 87.1977462769, 25.607585907, -8.6446056366, -26.0614089966, -17.9018669128, 15.1670742035, -0.656715154648, 10.1530761719, 0.83825969696, 9.27859020233], [-3.83545184135, -26.4674053192, 16.0249633789, 25.607585907, 74.0805892944, 26.6536617279, 3.06848430634, -9.14886951447, -6.97336578369, 13.0607948303, -2.82585906982, 18.9343986511, 0.788469076157], [5.63345146179, -19.3057670593, -14.5732297897, -8.6446056366, 26.6536617279, 84.5763549805, 39.9447669983, 6.10749578476, -9.34210014343, -5.63007354736, 3.97656559944, 3.56144022942, 13.3853282928], [8.3366060257, 24.9381389618, -24.7714576721, -26.0614089966, 3.06848430634, 39.9447669983, 83.9743270874, 28.1682491302, -0.019585641101, -14.9837961197, -2.09627819061, -2.8698079586, 3.34120130539], [26.3053607941, -3.32896995544, 2.71305394173, -17.9018669128, -9.14886951447, 6.10749578476, 28.1682491302, 71.2633361816, 22.6617927551, 0.220309212804, -11.1257953644, -11.5321817398, 6.18462944031], [-9.16028213501, 26.4660072327, 5.28931474686, 15.1670742035, -6.97336578369, -9.34210014343, -0.019585641101, 22.6617927551, 65.5346908569, 23.5437374115, 7.7045006752, -7.35232114792, 0.621391952038], [8.68695068359, -12.80037117, 22.8894252777, -0.656715154648, 13.0607948303, -5.63007354736, -14.9837961197, 0.220309212804, 23.5437374115, 58.3129234314, 17.1104278564, 12.668888092, -9.89550495148], [-6.89677476883, 28.9731311798, -9.91617393494, 10.1530761719, -2.82585906982, 3.97656559944, -2.09627819061, -11.1257953644, 7.7045006752, 17.1104278564, 56.9428100586, 19.7102832794, 12.3088111877], [10.0068092346, -14.5554580688, 20.5871124268, 0.83825969696, 18.9343986511, 3.56144022942, -2.8698079586, -11.5321817398, -7.35232114792, 12.668888092, 19.7102832794, 61.625629425, 9.3833322525], [4.71598577499, 24.7924251556, -14.9523830414, 9.27859020233, 0.788469076157, 13.3853282928, 3.34120130539, 6.18462944031, 0.621391952038, -9.89550495148, 12.3088111877, 9.3833322525, 56.657787323]],
        "icov": [[0.0178562309593, -0.00803599040955, -0.00665246322751, 0.0129262292758, -0.00326387444511, -0.003956688568, 0.00696056662127, -0.00785886868834, 0.00529156951234, -0.00205603730865, 0.00252730515786, -0.00226725731045, -0.00100551382639], [-0.00803599040955, 0.0244602672756, -0.00838779564947, 0.00162386731245, -0.000528449716512, 0.0134184518829, -0.0172918681055, 0.0158805642277, -0.0150940259919, 0.0128133259714, -0.0178140942007, 0.0145865809172, -0.0125327296555], [-0.00665246322751, -0.00838779564947, 0.0263528563082, -0.0200529508293, 0.00647080829367, -0.00574682606384, 0.00714009208605, -0.00952850840986, 0.00963167659938, -0.0147660821676, 0.0165388807654, -0.0155696431175, 0.0126503529027], [0.0129262292758, 0.00162386731245, -0.0200529508293, 0.0387513823807, -0.0164241883904, 0.00440573971719, 0.00426023872569, 0.00609160074964, -0.0122443120927, 0.0166713725775, -0.014592201449, 0.0120297325775, -0.0109293749556], [-0.00326387444511, -0.000528449716512, 0.00647080829367, -0.0164241883904, 0.026403862983, -0.00863908044994, -0.00183246168308, -0.000711289118044, 0.00701424665749, -0.0129061201587, 0.0112480055541, -0.0100274113938, 0.00364558934234], [-0.003956688568, 0.0134184518829, -0.00574682606384, 0.00440573971719, -0.00863908044994, 0.0266961418092, -0.0177329014987, 0.0100778546184, -0.00712099066004, 0.00800533313304, -0.0128933936357, 0.0112389596179, -0.0116055086255], [0.00696056662127, -0.0172918681055, 0.00714009208605, 0.00426023872569, -0.00183246168308, -0.0177329014987, 0.0335429124534, -0.0185181442648, 0.00820151437074, -0.00187406176701, 0.00978504307568, -0.0115356706083, 0.0117994938046], [-0.00785886868834, 0.0158805642277, -0.00952850840986, 0.00609160074964, -0.000711289118044, 0.0100778546184, -0.0185181442648, 0.0340870693326, -0.0194426961243, 0.00990530382842, -0.00878222379833, 0.0137476539239, -0.0132325831801], [0.00529156951234, -0.0150940259919, 0.00963167659938, -0.0122443120927, 0.00701424665749, -0.00712099066004, 0.00820151437074, -0.0194426961243, 0.0364198312163, -0.0233131926507, 0.0128612909466, -0.00868573784828, 0.00810807198286], [-0.00205603730865, 0.0128133259714, -0.0147660821676, 0.0166713725775, -0.0129061201587, 0.00800533313304, -0.00187406176701, 0.00990530382842, -0.0233131926507, 0.0431824661791, -0.024178719148, 0.00991810299456, -0.00333729432896], [0.00252730515786, -0.0178140942007, 0.0165388807654, -0.014592201449, 0.0112480055541, -0.0128933936357, 0.00978504307568, -0.00878222379833, 0.0128612909466, -0.024178719148, 0.0442784167826, -0.0226227547973, 0.00737358210608], [-0.00226725731045, 0.0145865809172, -0.0155696431175, 0.0120297325775, -0.0100274113938, 0.0112389596179, -0.0115356706083, 0.0137476539239, -0.00868573784828, 0.00991810299456, -0.0226227547973, 0.035962305963, -0.0148227419704], [-0.00100551382639, -0.0125327296555, 0.0126503529027, -0.0109293749556, 0.00364558934234, -0.0116055086255, 0.0117994938046, -0.0132325831801, 0.00810807198286, -0.00333729432896, 0.00737358210608, -0.0148227419704, 0.0319668017328]]
    },
    "melbands": {
        "dmean": [0.00144612940494, 0.00120029249229, 0.000537317886483, 0.000347592809703, 0.000157887581736, 0.000119412703498, 0.000105090206489, 9.43353079492e-05, 0.000205698714126, 0.000120690754557, 6.83497491991e-05, 3.96261384594e-05, 4.53729589935e-05, 0.000105982595414, 9.49502500589e-05, 0.000108734799142, 9.63199418038e-05, 7.03536497895e-05, 5.13759041496e-05, 3.20620711136e-05, 5.36677434866e-05, 4.57723726868e-05, 3.20071485476e-05, 4.88603036501e-05, 1.22542041936e-05, 2.33870214288e-05, 1.53940145537e-05, 9.73224268819e-06, 8.77366892382e-06, 5.85693715038e-06, 3.11744406645e-06, 2.70691907645e-06, 2.59910689238e-06, 1.57977956405e-06, 1.37709332648e-06, 9.16616102131e-07, 7.65086610954e-07, 8.26877112559e-07, 6.6760617301e-07, 3.12524207402e-07],
        "dmean2": [0.00241063698195, 0.00205266731791, 0.000906990084331, 0.000577730068471, 0.000257808540482, 0.000198923487915, 0.000171742489329, 0.000154423672939, 0.000315674871672, 0.000178547212272, 0.000102435660665, 6.25682878308e-05, 7.097976777e-05, 0.000173324806383, 0.000156533787958, 0.000177307243575, 0.000157948379638, 0.000117209536256, 8.44530222821e-05, 5.32056801603e-05, 9.21150203794e-05, 7.63471252867e-05, 5.46751143702e-05, 8.36109393276e-05, 2.10008893191e-05, 3.98645461246e-05, 2.6243238608e-05, 1.64594403032e-05, 1.46129732457e-05, 9.88058764051e-06, 5.23928520124e-06, 4.60833143734e-06, 4.37289872934e-06, 2.63715719484e-06, 2.29433726417e-06, 1.57409454005e-06, 1.25628343994e-06, 1.33440732952e-06, 1.06359323127e-06, 5.05121533934e-07],
        "dvar": [4.03081776312e-06, 1.92724587578e-06, 3.86939348118e-07, 2.37486176502e-07, 5.90758659769e-08, 4.61747120539e-08, 5.06297723746e-08, 2.67708362145e-08, 9.52863601356e-08, 3.29675948763e-08, 1.60238986524e-08, 7.37438243803e-09, 8.42491765241e-09, 2.29989698397e-08, 1.49266305982e-08, 2.27545289277e-08, 1.68164948633e-08, 7.69610242202e-09, 6.71250033335e-09, 2.97666535864e-09, 2.70212097142e-09, 2.62710342369e-09, 1.25800780904e-09, 2.22068097244e-09, 1.23345292313e-10, 4.84906892417e-10, 1.94084942562e-10, 9.04871247376e-11, 6.0237113908e-11, 2.72133773849e-11, 6.63927940403e-12, 5.99394015324e-12, 6.3153445147e-12, 2.80262228355e-12, 1.98137144712e-12, 7.64552104352e-13, 6.84173908933e-13, 9.09944103573e-13, 5.12069987108e-13, 2.34259741596e-13],
        "dvar2": [9.8744103525e-06, 5.43809301234e-06, 1.02394994883e-06, 6.32634908015e-07, 1.36183899713e-07, 1.0807106321e-07, 1.22014867543e-07, 6.48271267778e-08, 2.19061988105e-07, 6.98885571637e-08, 3.48632198666e-08, 1.82415860195e-08, 2.10932480371e-08, 6.11006427675e-08, 3.85917431345e-08, 5.79782160059e-08, 4.31151505609e-08, 2.07545483022e-08, 1.69591025667e-08, 7.50153450468e-09, 7.35636174198e-09, 6.9952625914e-09, 3.21980664353e-09, 6.35393160309e-09, 3.32812999382e-10, 1.34633881821e-09, 5.04445374361e-10, 2.45166470458e-10, 1.65038163691e-10, 7.29027116453e-11, 1.90545305229e-11, 1.61234758184e-11, 1.68133042211e-11, 7.3106928497e-12, 5.11700621111e-12, 2.05977834615e-12, 1.55113682315e-12, 2.23115926776e-12, 1.1434456897e-12, 5.65052290982e-13],
        "max": [0.0165068749338, 0.0172314476222, 0.00582331977785, 0.00508550554514, 0.00286430935375, 0.0032364083454, 0.00429821992293, 0.00239133485593, 0.00413041561842, 0.00212614424527, 0.00198145071045, 0.00179138150997, 0.00138487806544, 0.00179309153464, 0.00153182260692, 0.00140102079604, 0.00141875981353, 0.000887059548404, 0.00131684122607, 0.00111428357195, 0.000498763285577, 0.000538791588042, 0.000431432097685, 0.000376792188035, 0.000127999155666, 0.000197993169422, 0.000122422294226, 0.000114958318591, 7.9406236182e-05, 5.17573644174e-05, 2.89773306577e-05, 3.5042201489e-05, 4.59988987132e-05, 2.03243071155e-05, 1.87822934095e-05, 1.39509229484e-05, 1.20979657368e-05, 1.159985095e-05, 1.1136791727e-05, 6.79773756929e-06],
        "mean": [0.00196822336875, 0.00221298728138, 0.00109330227133, 0.000627001747489, 0.00024096998095, 0.000174258835614, 0.000137313705636, 0.000150420077262, 0.000324707914842, 0.000207072967896, 0.000118477924843, 6.23372761765e-05, 7.52351988922e-05, 0.00017081250553, 0.000169267688761, 0.000182798554306, 0.000174950924702, 0.000130592103233, 0.000104528560769, 6.11055875197e-05, 0.000101723635453, 8.75742553035e-05, 6.58940625726e-05, 9.96802482405e-05, 3.06192850985e-05, 5.05109965161e-05, 4.10114807892e-05, 2.46439849434e-05, 2.36009855143e-05, 1.63563909155e-05, 9.00361283129e-06, 7.94018978922e-06, 6.67433641866e-06, 4.50546122011e-06, 3.99445298171e-06, 2.60872889157e-06, 2.05821379495e-06, 2.16290322896e-06, 1.71749854871e-06, 6.92064418217e-07],
        "median": [0.00120894261636, 0.00191198510583, 0.000877628684975, 0.000479190814076, 0.00015881114814, 0.00010043913062, 6.62921083858e-05, 7.90039412095e-05, 0.000161884498084, 9.27421060624e-05, 3.85935709346e-05, 2.69676820608e-05, 2.92759905278e-05, 0.000100375327747, 0.000107128915261, 0.000111848356028, 0.000119038042612, 9.38513694564e-05, 7.44193675928e-05, 4.38645911345e-05, 8.65492547746e-05, 7.17353977961e-05, 5.12826154591e-05, 8.82470121724e-05, 2.79000141745e-05, 4.4075990445e-05, 3.81457575713e-05, 2.21807913476e-05, 2.14992996916e-05, 1.49178549691e-05, 8.50590186019e-06, 7.37673371987e-06, 5.95978963247e-06, 3.86931196772e-06, 3.48955109075e-06, 2.4001951715e-06, 1.73563137196e-06, 1.74562239863e-06, 1.39399878663e-06, 5.47860963707e-07],
        "min": [4.01045545004e-05, 8.46943075885e-05, 8.5426705482e-05, 1.69828454091e-05, 8.58663315739e-06, 9.53315611696e-06, 2.78946504295e-06, 2.77099502455e-06, 8.05573199614e-06, 3.02224498228e-06, 2.40027952714e-06, 2.77726303466e-06, 1.69825489138e-06, 5.62551485928e-06, 9.06703280634e-06, 9.49402601691e-06, 7.7949689512e-06, 4.4212802095e-06, 1.05638691821e-05, 6.21814251645e-06, 1.01724099295e-05, 7.83706491347e-06, 8.36537037685e-06, 1.02052381408e-05, 5.55239694222e-06, 7.85602060205e-06, 1.0011215636e-05, 5.19940158483e-06, 4.20151263825e-06, 3.89570277548e-06, 1.55821555836e-06, 1.44028797422e-06, 9.55951577453e-07, 3.53270849018e-07, 4.81409642816e-07, 5.79707091219e-07, 2.49317707812e-07, 2.87027404511e-07, 2.43901006058e-08, 7.53365547723e-09],
