{
"highlevel": {
    "danceability": {
        "all": {
            "danceable": 0.738465249538,
            "not_danceable": 0.261534780264
        },
        "probability": 0.738465249538,
        "value": "danceable"
    },
    "gender": {
        "all": {
            "female": 0.758085370064,
            "male": 0.241914629936
        },
        "probability": 0.758085370064,
        "value": "female"
    },
    "genre_dortmund": {
        "all": {
            "alternative": 0.0339214466512,
            "blues": 0.00339503772557,
            "electronic": 0.715234518051,
            "folkcountry": 0.0294161997736,
            "funksoulrnb": 0.00340802920982,
            "jazz": 0.125242680311,
            "pop": 0.0254008919001,
            "raphiphop": 0.0506072714925,
            "rock": 0.0133739309385
        },
        "probability": 0.715234518051,
        "value": "electronic"
    },
    "genre_electronic": {
        "all": {
            "ambient": 0.815244317055,
            "dnb": 0.0376303121448,
            "house": 0.088699683547,
            "techno": 0.0405482575297,
            "trance": 0.017877407372
        },
        "probability": 0.815244317055,
        "value": "ambient"
    },
    "genre_rosamerica": {
        "all": {
            "cla": 0.0342322178185,
            "dan": 0.129814863205,
            "hip": 0.130778163671,
            "jaz": 0.0362895354629,
            "pop": 0.32473435998,
            "rhy": 0.271972954273,
            "roc": 0.0251985415816,
            "spe": 0.0469793751836
        },
        "probability": 0.32473435998,
        "value": "pop"
    },
    "genre_tzanetakis": {
        "all": {
            "blu": 0.0547540634871,
            "cla": 0.0304154511541,
            "cou": 0.0684295296669,
            "dis": 0.045616004616,
            "hip": 0.0912287831306,
            "jaz": 0.273671060801,
            "met": 0.0390913002193,
            "pop": 0.0684100911021,
            "reg": 0.0547296963632,
            "roc": 0.273654013872
        },
        "probability": 0.273671060801,
        "value": "jaz"
    },
    "ismir04_rhythm": {
        "all": {
            "ChaChaCha": 0.00251121283509,
            "Jive": 0.00104201037902,
            "Quickstep": 0.00296352105215,
            "Rumba-American": 0.00681147025898,
            "Rumba-International": 0.843431532383,
            "Rumba-Misc": 0.00632860325277,
            "Samba": 0.0131250573322,
            "Tango": 0.000707594677806,
            "VienneseWaltz": 0.0758471861482,
            "Waltz": 0.0472318194807
        },
        "probability": 0.843431532383,
        "value": "Rumba-International"
    },
    "mood_acoustic": {
        "all": {
            "acoustic": 0.401943713427,
            "not_acoustic": 0.598056256771
        },
        "probability": 0.598056256771,
        "value": "not_acoustic"
    },
    "mood_aggressive": {
        "all": {
            "aggressive": 0.00609296839684,
            "not_aggressive": 0.993907034397
        },
        "probability": 0.993907034397,
        "value": "not_aggressive"
    },
    "mood_electronic": {
        "all": {
            "electronic": 0.960279107094,
            "not_electronic": 0.0397208705544
        },
        "probability": 0.960279107094,
        "value": "electronic"
    },
    "mood_happy": {
        "all": {
            "happy": 0.259545713663,
            "not_happy": 0.740454316139
        },
        "probability": 0.740454316139,
        "value": "not_happy"
    },
    "mood_party": {
        "all": {
            "not_party": 0.985199809074,
            "party": 0.0148001816124
        },
        "probability": 0.985199809074,
        "value": "not_party"
    },
    "mood_relaxed": {
        "all": {
            "not_relaxed": 0.0303536094725,
            "relaxed": 0.969646394253
        },
        "probability": 0.969646394253,
        "value": "relaxed"
    },
    "mood_sad": {
        "all": {
            "not_sad": 0.330530166626,
            "sad": 0.669469833374
        },
        "probability": 0.669469833374,
        "value": "sad"
    },
    "moods_mirex": {
        "all": {
            "Cluster1": 0.291060358286,
            "Cluster2": 0.227194562554,
            "Cluster3": 0.299809753895,
            "Cluster4": 0.0469358116388,
            "Cluster5": 0.134999528527
        },
        "probability": 0.299809753895,
        "value": "Cluster3"
    },
    "timbre": {
        "all": {
            "bright": 0.0826518535614,
            "dark": 0.917348146439
        },
        "probability": 0.917348146439,
        "value": "dark"
    },
    "tonal_atonal": {
        "all": {
            "atonal": 0.673618793488,
            "tonal": 0.326381206512
        },
        "probability": 0.673618793488,
        "value": "atonal"
    },
    "voice_instrumental": {
        "all": {
            "instrumental": 0.995930075645,
            "voice": 0.00406990107149
        },
        "probability": 0.995930075645,
        "value": "instrumental"
    }
},
"lowlevel": {
    "average_loudness": 0.973128199577,
    "barkbands_crest": {
        "dmean": 2.35435724258,
        "dmean2": 3.91648793221,
        "dvar": 6.40808963776,
        "dvar2": 18.0101203918,
        "max": 24.270401001,
        "mean": 14.0750074387,
        "median": 14.0659303665,
        "min": 5.3631696701,
        "var": 13.0195980072
    },
    "barkbands_flatness_db": {
        "dmean": 0.0445939451456,
        "dmean2": 0.0645308867097,
        "dvar": 0.00240909890272,
        "dvar2": 0.00506727444008,
        "max": 0.460834383965,
        "mean": 0.30381155014,
        "median": 0.313887774944,
        "min": 0.0845456793904,
        "var": 0.00623247772455
    },
    "barkbands_kurtosis": {
        "dmean": 7.31204557419,
        "dmean2": 11.0751886368,
        "dvar": 155.267852783,
        "dvar2": 358.690826416,
        "max": 108.442199707,
        "mean": 10.0773305893,
        "median": 4.82883453369,
        "min": -1.27311301231,
        "var": 200.025588989
    },
    "barkbands_skewness": {
        "dmean": 0.779034972191,
        "dmean2": 1.1187723875,
        "dvar": 0.837685227394,
        "dvar2": 1.73651301861,
        "max": 8.64077663422,
        "mean": 2.17518091202,
        "median": 1.91720795631,
        "min": -0.945744514465,
        "var": 2.07243013382
    },
    "barkbands_spread": {
        "dmean": 2.43936061859,
        "dmean2": 4.00624418259,
        "dvar": 23.4515304565,
        "dvar2": 57.0797233582,
        "max": 45.5953407288,
        "mean": 6.24621725082,
        "median": 4.5714507103,
        "min": 1.11670982838,
        "var": 34.4723129272
    },
    "dissonance": {
        "dmean": 0.0375295579433,
        "dmean2": 0.0607505589724,
        "dvar": 0.00102024537046,
        "dvar2": 0.00263524055481,
        "max": 0.499101579189,
        "mean": 0.39940905571,
        "median": 0.4018650949,
        "min": 0.238131090999,
        "var": 0.00279330718331
    },
    "dynamic_complexity": 1.81876993179,
    "erbbands_crest": {
        "dmean": 2.0321969986,
        "dmean2": 3.26962804794,
        "dvar": 4.0501947403,
        "dvar2": 10.6093187332,
        "max": 23.6990737915,
        "mean": 10.2127113342,
        "median": 9.81074523926,
        "min": 2.76407194138,
        "var": 13.2484292984
    },
    "erbbands_flatness_db": {
        "dmean": 0.0382083021104,
        "dmean2": 0.0469052866101,
        "dvar": 0.00173471809831,
        "dvar2": 0.00287378858775,
        "max": 0.429229706526,
        "mean": 0.238429188728,
        "median": 0.256499350071,
        "min": 0.077900506556,
        "var": 0.0070203114301
    },
    "erbbands_kurtosis": {
        "dmean": 2.01534509659,
        "dmean2": 3.1764318943,
        "dvar": 4.78960800171,
        "dvar2": 11.3533506393,
        "max": 20.2229061127,
        "mean": 2.86718583107,
        "median": 2.24467086792,
        "min": -1.59965932369,
        "var": 10.5804071426
    },
    "erbbands_skewness": {
        "dmean": 0.49391579628,
        "dmean2": 0.761317610741,
        "dvar": 0.25168299675,
        "dvar2": 0.551943182945,
        "max": 3.27827072144,
        "mean": 0.943527877331,
        "median": 0.810450255871,
        "min": -0.63569611311,
        "var": 0.604271233082
    },
    "erbbands_spread": {
        "dmean": 9.4811296463,
        "dmean2": 13.2381372452,
        "dvar": 166.578872681,
        "dvar2": 300.021026611,
        "max": 104.005500793,
        "mean": 23.0709590912,
        "median": 13.646607399,
        "min": 4.02822732925,
        "var": 428.668304443
    },
    "hfc": {
        "dmean": 4.89259052277,
        "dmean2": 7.08783769608,
        "dvar": 70.7301025391,
        "dvar2": 123.817436218,
        "max": 88.3526611328,
        "mean": 15.7931919098,
        "median": 13.2733411789,
        "min": 0.836555480957,
        "var": 153.843673706
    },
    "melbands_crest": {
        "dmean": 2.59577798843,
        "dmean2": 4.3174071312,
        "dvar": 9.04759597778,
        "dvar2": 26.4820690155,
        "max": 30.1800098419,
        "mean": 17.937286377,
        "median": 18.4218120575,
        "min": 7.07949304581,
        "var": 15.6698617935
    },
    "melbands_flatness_db": {
        "dmean": 0.0531028471887,
        "dmean2": 0.0745805501938,
        "dvar": 0.00370777281933,
        "dvar2": 0.00780828343704,
        "max": 0.574252009392,
        "mean": 0.399596869946,
        "median": 0.409390538931,
        "min": 0.121762320399,
        "var": 0.00977253261954
    },
    "melbands_kurtosis": {
        "dmean": 13.1796798706,
        "dmean2": 19.1670360565,
        "dvar": 498.333557129,
        "dvar2": 1113.70532227,
        "max": 213.378219604,
        "mean": 18.810005188,
        "median": 9.67864608765,
        "min": -0.906096220016,
        "var": 680.453552246
    },
    "melbands_skewness": {
        "dmean": 0.859005689621,
        "dmean2": 1.2323769331,
        "dvar": 1.04410946369,
        "dvar2": 2.00414872169,
        "max": 10.091884613,
        "mean": 2.75169992447,
        "median": 2.50795722008,
        "min": -0.632868468761,
        "var": 2.82878088951
    },
    "melbands_spread": {
        "dmean": 1.78610467911,
        "dmean2": 2.97701263428,
        "dvar": 11.4013776779,
        "dvar2": 29.5160312653,
        "max": 32.2152633667,
        "mean": 5.80146789551,
        "median": 4.45149612427,
        "min": 1.01433622837,
        "var": 19.0945587158
    },
    "pitch_salience": {
        "dmean": 0.074812322855,
        "dmean2": 0.12302133441,
        "dvar": 0.00646138796583,
        "dvar2": 0.0169018786401,
        "max": 0.766703486443,
        "mean": 0.464561551809,
        "median": 0.460696667433,
        "min": 0.12712264061,
        "var": 0.0126726850867
    },
    "silence_rate_20dB": {
        "dmean": 0,
        "dmean2": 0,
        "dvar": 0,
        "dvar2": 0,
        "max": 1,
        "mean": 1,
        "median": 1,
        "min": 1,
        "var": 0
    },
    "silence_rate_30dB": {
        "dmean": 0.143962845206,
        "dmean2": 0.287374138832,
        "dvar": 0.123238056898,
        "dvar2": 0.269854962826,
        "max": 1,
        "mean": 0.768754839897,
        "median": 1,
        "min": 0,
        "var": 0.177768707275
    },
    "silence_rate_60dB": {
        "dmean": 0.00773993786424,
        "dmean2": 0.0154918665066,
        "dvar": 0.00768004357815,
        "dvar2": 0.0152518879622,
        "max": 1,
        "mean": 0.0371229685843,
        "median": 0,
        "min": 0,
        "var": 0.0357447899878
    },
    "spectral_centroid": {
        "dmean": 126.415855408,
        "dmean2": 215.740753174,
        "dvar": 64158.6132812,
        "dvar2": 170171.5,
        "max": 1993.99926758,
        "mean": 467.761413574,
        "median": 350.319061279,
        "min": 179.12550354,
        "var": 89583.859375
    },
    "spectral_complexity": {
        "dmean": 3.12616109848,
        "dmean2": 4.87141752243,
        "dvar": 29.6536598206,
        "dvar2": 50.5831451416,
        "max": 57,
        "mean": 11.6883220673,
        "median": 10,
        "min": 2,
        "var": 59.7673606873
    },
    "spectral_decrease": {
        "dmean": 5.23571408451e-09,
        "dmean2": 8.74616379321e-09,
        "dvar": 5.3089854612e-17,
        "dvar2": 1.41824205603e-16,
        "max": -3.17729259569e-10,
        "mean": -1.98122975803e-08,
        "median": -2.02430392449e-08,
        "min": -5.57216033314e-08,
        "var": 1.10893546837e-16
    },
    "spectral_energy": {
        "dmean": 0.020059235394,
        "dmean2": 0.0334118939936,
        "dvar": 0.00076707493281,
        "dvar2": 0.00204143230803,
        "max": 0.212951794267,
        "mean": 0.0762086063623,
        "median": 0.0777690783143,
        "min": 0.00127506046556,
        "var": 0.00161921174731
    },
    "spectral_energyband_high": {
        "dmean": 0.000298374128761,
        "dmean2": 0.000410671054851,
        "dvar": 4.61870712343e-07,
        "dvar2": 6.73159490816e-07,
        "max": 0.00710162846372,
        "mean": 0.00036991367233,
        "median": 8.85377176019e-06,
        "min": 7.29319467041e-08,
        "var": 1.0668509276e-06
    },
    "spectral_energyband_low": {
        "dmean": 0.0186810400337,
        "dmean2": 0.0320430807769,
        "dvar": 0.000852215569466,
        "dvar2": 0.00229554087855,
        "max": 0.19956420362,
        "mean": 0.053083255887,
        "median": 0.0489614568651,
        "min": 7.33899582883e-07,
        "var": 0.00136955012567
    },
    "spectral_energyband_middle_high": {
        "dmean": 0.000795516418293,
        "dmean2": 0.00127749959938,
        "dvar": 3.59733189725e-06,
        "dvar2": 9.02390729607e-06,
        "max": 0.0153438895941,
        "mean": 0.0012440585997,
        "median": 0.000650200992823,
        "min": 9.13098483579e-05,
        "var": 3.71192163584e-06
    },
    "spectral_energyband_middle_low": {
        "dmean": 0.00593064725399,
        "dmean2": 0.00918560940772,
        "dvar": 6.21270519332e-05,
        "dvar2": 0.00013074571325,
        "max": 0.0836931541562,
        "mean": 0.023143844679,
        "median": 0.0207499526441,
        "min": 0.000663292536046,
        "var": 0.000199667789275
    },
    "spectral_entropy": {
        "dmean": 0.391765385866,
        "dmean2": 0.530498921871,
        "dvar": 0.219470024109,
        "dvar2": 0.438070356846,
        "max": 8.19125175476,
        "mean": 6.38415527344,
        "median": 6.17766952515,
        "min": 5.03011655807,
        "var": 0.573692321777
    },
    "spectral_flux": {
        "dmean": 0.0384470894933,
        "dmean2": 0.0600347258151,
        "dvar": 0.00227586342953,
        "dvar2": 0.00441196234897,
        "max": 0.382105380297,
        "mean": 0.0947875976562,
        "median": 0.0681450664997,
        "min": 0.00752451224253,
        "var": 0.00539772026241
    },
    "spectral_kurtosis": {
        "dmean": 16.3101215363,
        "dmean2": 24.4644603729,
        "dvar": 327.767211914,
        "dvar2": 665.305603027,
        "max": 140.053771973,
        "mean": 28.4671764374,
        "median": 20.756401062,
        "min": 0.325146436691,
        "var": 705.184020996
    },
    "spectral_rms": {
        "dmean": 0.00107342714909,
        "dmean2": 0.00175666646101,
        "dvar": 1.88958597391e-06,
        "dvar2": 4.8720853556e-06,
        "max": 0.0144138075411,
        "mean": 0.00819163490087,
        "median": 0.00871046911925,
        "min": 0.00111533014569,
        "var": 7.24697974874e-06
    },
    "spectral_rolloff": {
        "dmean": 99.8158798218,
        "dmean2": 178.736694336,
        "dvar": 50614.0625,
        "dvar2": 139002.234375,
        "max": 2454.78515625,
        "mean": 391.678894043,
        "median": 301.46484375,
        "min": 86.1328125,
        "var": 93919.515625
    },
    "spectral_skewness": {
        "dmean": 1.17272937298,
        "dmean2": 1.69168388844,
        "dvar": 1.32450771332,
        "dvar2": 2.66799259186,
        "max": 9.07835578918,
        "mean": 3.658452034,
        "median": 3.52527546883,
        "min": 0.786249518394,
        "var": 3.55741095543
    },
    "spectral_spread": {
        "dmean": 1047815.625,
        "dmean2": 1256113.125,
        "dvar": 1.19767105536e+12,
        "dvar2": 1.69404412723e+12,
        "max": 7803889.5,
        "mean": 2949848.25,
        "median": 1948773.625,
        "min": 613993.125,
        "var": 3.87708459418e+12
    },
    "spectral_strongpeak": {
        "dmean": 0.247158184648,
        "dmean2": 0.443396449089,
        "dvar": 0.0875887647271,
        "dvar2": 0.224973931909,
        "max": 2.76961398125,
        "mean": 0.677753508091,
        "median": 0.550311028957,
        "min": 0,
        "var": 0.145076483488
    },
    "zerocrossingrate": {
        "dmean": 0.00501659838483,
        "dmean2": 0.0059872129932,
        "dvar": 4.3275544158e-05,
        "dvar2": 4.21492441092e-05,
        "max": 0.0986328125,
        "mean": 0.0186037793756,
        "median": 0.013671875,
        "min": 0.0029296875,
        "var": 0.000208581914194
    },
    "barkbands": {
        "dmean": [0.000177403679118, 0.014211836271, 0.00851934216917, 0.0021371988114, 0.00393432285637, 0.00108638824895, 0.00110225111712, 0.000920284830499, 0.000134996531415, 0.000163717777468, 0.000104697879578, 8.2193655544e-05, 7.48804741306e-05, 4.74009138998e-05, 9.30141250137e-05, 8.1131416664e-05, 8.07865144452e-05, 0.000127401144709, 6.11562500126e-05, 5.75936755922e-05, 8.11378922663e-05, 6.42763916403e-05, 5.53616591787e-05, 4.15976792283e-05, 3.77164760721e-05, 7.53089943828e-06, 1.09690976302e-08],
        "dmean2": [0.000299190956866, 0.02493131347, 0.0152693390846, 0.00338370772079, 0.00632590334862, 0.0016582676908, 0.00185011816211, 0.00129734375514, 0.000218218658119, 0.000263440713752, 0.000167746358784, 0.000134730042191, 0.000125480481074, 7.54188440624e-05, 0.000165320467204, 0.000136360627948, 0.000140367454151, 0.000231909303693, 9.96162052616e-05, 8.65628971951e-05, 0.000124889789731, 9.41329344641e-05, 7.44164426578e-05, 5.87894319324e-05, 5.08538032591e-05, 1.16298569992e-05, 1.28337820371e-08],
        "dvar": [1.47891526581e-07, 0.00051702914061, 0.000422332959715, 1.0681214917e-05, 3.98198026232e-05, 2.84060638478e-06, 2.25099711315e-06, 1.8205289507e-06, 5.09325772668e-08, 1.53005487391e-07, 3.76544235792e-08, 1.74458527624e-08, 3.50050548548e-08, 1.32279671661e-08, 6.74824747193e-08, 5.04751014319e-08, 6.4910196329e-08, 1.47939744011e-07, 2.54186200976e-08, 2.27000711561e-08, 4.27737276709e-08, 2.07945376474e-08, 1.76712102729e-08, 8.9685388005e-09, 7.84056819469e-09, 4.00478039619e-10, 9.47119376741e-14],
        "dvar2": [2.4264980425e-07, 0.00153383181896, 0.00119793438353, 2.51944184129e-05, 8.85098052095e-05, 6.36990216663e-06, 6.005146588e-06, 3.51635776497e-06, 1.29005812255e-07, 3.81180768727e-07, 9.39494384511e-08, 4.11331022576e-08, 9.12895785632e-08, 2.95596915834e-08, 1.81952444223e-07, 1.27195633581e-07, 1.75765748622e-07, 4.13487157402e-07, 5.84814436877e-08, 3.97990440604e-08, 8.66647624775e-08, 3.46612694102e-08, 2.48522820101e-08, 1.48661944976e-08, 1.18540750549e-08, 9.12021069777e-10, 9.47949197979e-14],
        "max": [0.0109902741387, 0.170002028346, 0.143805503845, 0.043382126838, 0.0639932602644, 0.0280293952674, 0.0227157268673, 0.0348976403475, 0.00256277178414, 0.00413118954748, 0.00257194135338, 0.00235948804766, 0.00216988986358, 0.00110241805669, 0.0019475244917, 0.00193605129607, 0.00218385388143, 0.00282377330586, 0.00145645602606, 0.00165617105085, 0.00207152054645, 0.00139896280598, 0.00158325175289, 0.00101939740125, 0.000981606543064, 0.000215421663597, 1.10694008981e-05],
        "mean": [0.000279558560578, 0.0381412431598, 0.0131036564708, 0.00442723371089, 0.00900453794748, 0.00342487799935, 0.00222005648538, 0.00369332311675, 0.000264499045443, 0.000252227648161, 0.000238996537519, 0.000211012593354, 0.000119044350868, 5.64967776882e-05, 7.87263779785e-05, 7.4158058851e-05, 7.08534498699e-05, 9.30825844989e-05, 5.89322371525e-05, 6.31724615232e-05, 9.04902917682e-05, 7.78316243668e-05, 6.95838534739e-05, 4.70608792966e-05, 4.13404995925e-05, 6.67400672683e-06, 1.05904289782e-08],
        "median": [0.000144168312545, 0.0358453653753, 0.00868565961719, 0.00228405278176, 0.0068577635102, 0.00268258154392, 0.00134177040309, 0.0027538491413, 0.000168703918462, 0.000146205391502, 0.000157059330377, 0.000140247342642, 5.48034477106e-05, 1.33952962642e-05, 1.38194873216e-05, 9.68394761003e-06, 6.81057872498e-06, 4.96344728163e-06, 3.62428090739e-06, 2.55043892139e-06, 3.02662806462e-06, 1.78476102519e-06, 1.30284854549e-06, 8.79369281392e-07, 4.52464320233e-07, 8.08439963862e-08, 8.16840262097e-10],
        "min": [4.16376932932e-10, 1.15691349833e-07, 9.73303571072e-08, 1.62225364875e-06, 6.21366825726e-06, 5.81415451961e-06, 3.25094442815e-05, 4.97969303979e-05, 2.16571834244e-06, 8.19351043901e-06, 6.36627783024e-06, 5.09342089572e-06, 2.21484970098e-06, 5.11527161962e-07, 5.3257468835e-07, 1.5280843968e-07, 1.68500349673e-07, 1.35595044526e-07, 1.89167423059e-07, 8.87431710339e-08, 1.97348306585e-08, 5.49123468918e-10, 1.75486333798e-10, 3.14566463155e-11, 1.61961555278e-11, 1.04783464891e-11, 1.32399577413e-11],
        "var": [1.85443525424e-07, 0.000707015860826, 0.000317075231578, 3.4607557609e-05, 8.126153989e-05, 1.18963489513e-05, 6.25952543487e-06, 1.27836419779e-05, 8.33544930856e-08, 1.5219276861e-07, 7.65329843944e-08, 5.94571432089e-08, 4.13641814134e-08, 1.76901320259e-08, 4.77944830379e-08, 4.73924721689e-08, 5.69668756611e-08, 9.94012623323e-08, 2.97998230536e-08, 3.95214385662e-08, 6.93861181844e-08, 4.53987354376e-08, 4.0616360053e-08, 1.73976637541e-08, 1.51615964228e-08, 4.50546433495e-10, 9.4681674881e-14]
    },
    "erbbands": {
        "dmean": [0.298963904381, 3.65521645546, 9.62647151947, 7.63470602036, 9.66884708405, 14.5651073456, 14.1609964371, 10.2645788193, 19.3062458038, 15.4765424728, 9.96223068237, 3.13634562492, 4.48275470734, 3.93074202538, 5.05186510086, 2.9040760994, 3.55494976044, 1.99734032154, 5.04748487473, 4.56565618515, 4.7340836525, 4.47762012482, 7.35091018677, 4.32732820511, 2.34150028229, 2.68603825569, 3.1200003624, 3.12058949471, 2.60939478874, 1.78862679005, 1.69194126129, 1.04896247387, 0.690994501114, 0.501117050648, 0.212001413107, 0.0512927249074, 0.0123017784208, 0.00078389927512, 2.51046858466e-05, 2.26522297453e-05],
        "dmean2": [0.489628553391, 6.39348745346, 16.7599124908, 12.7858066559, 14.5302753448, 23.6232032776, 23.0021533966, 15.3098526001, 32.0145721436, 22.855348587, 14.7865800858, 5.02355623245, 7.31298923492, 6.38875341415, 7.68730020523, 4.82768154144, 5.95706892014, 3.28863286972, 8.83220863342, 7.73354530334, 8.28923988342, 7.74537277222, 13.3727111816, 7.48954916, 3.49046397209, 4.03030347824, 4.67164564133, 4.81628084183, 4.1097407341, 2.41245317459, 2.18593668938, 1.46332859993, 0.987843155861, 0.68598395586, 0.295423924923, 0.0742051526904, 0.0197368822992, 0.00129020423628, 3.74179944629e-05, 3.70802954421e-05],
        "dvar": [0.226995795965, 34.4603042603, 422.169708252, 233.433868408, 212.306762695, 577.625793457, 647.181396484, 245.557861328, 710.223022461, 500.386566162, 187.441436768, 29.0270023346, 106.63609314, 102.722640991, 96.5465545654, 25.2358436584, 89.1070632935, 24.5432872772, 181.560836792, 169.026153564, 209.227462769, 179.508132935, 502.99307251, 157.47706604, 36.0711288452, 53.0817718506, 58.5113067627, 69.5237121582, 35.9769630432, 17.364654541, 16.6998004913, 6.4023308754, 2.22620344162, 1.31025755405, 0.282927304506, 0.0143542820588, 0.00135853898246, 8.6296495283e-06, 5.17612575024e-09, 9.20534648507e-10],
        "dvar2": [0.58344233036, 103.062339783, 1181.09729004, 614.33380127, 422.849304199, 1525.71264648, 1488.79821777, 485.628204346, 1904.13012695, 1105.45336914, 423.078186035, 76.6132125854, 271.011413574, 257.776306152, 214.738494873, 62.1183052063, 232.118438721, 61.9571723938, 492.841644287, 415.90725708, 559.13684082, 485.92678833, 1415.60522461, 421.47076416, 71.0110015869, 96.76978302, 112.033912659, 144.089569092, 72.4674530029, 25.9764060974, 20.894575119, 10.7775335312, 4.21597909927, 2.07208681107, 0.442964226007, 0.0262623932213, 0.00323631847277, 2.07160210266e-05, 8.74993322242e-09, 2.3708828234e-09],
        "max": [4.7747297287, 41.0099983215, 157.628997803, 115.015045166, 203.399719238, 315.347503662, 245.06892395, 354.522766113, 401.441497803, 528.448120117, 331.611053467, 72.8090820312, 138.824279785, 108.138565063, 189.891265869, 61.509601593, 113.338394165, 54.1236457825, 87.5577545166, 103.518768311, 145.639556885, 111.38381958, 166.772506714, 95.8755340576, 73.3283538818, 82.2291793823, 81.2733840942, 94.4541854858, 59.4814109802, 45.2048072815, 50.3166427612, 33.1030082703, 15.7324476242, 12.4127969742, 5.7540473938, 1.27978503704, 0.45086145401, 0.0459133312106, 0.00170202145819, 0.000233367420151],
        "mean": [0.871053516865, 9.19621562958, 17.3504123688, 13.5035486221, 21.7879314423, 30.5036334991, 29.5680522919, 37.7288169861, 40.6798934937, 62.2051811218, 36.8685455322, 7.3530497551, 8.09996891022, 5.80319833755, 14.9065580368, 5.86882400513, 5.39713525772, 2.85321903229, 4.52229547501, 3.99524450302, 4.15034341812, 3.96041297913, 5.26425266266, 3.69290423393, 2.52086091042, 2.96612215042, 3.52239155769, 3.4694981575, 2.96060466766, 2.09039783478, 2.16881370544, 1.16067576408, 0.772101700306, 0.535992920399, 0.240483045578, 0.0530066154897, 0.010118261911, 0.000624911277555, 5.2010127547e-05, 8.53189558256e-05],
        "median": [0.615578591824, 7.97899866104, 12.5212306976, 8.53134632111, 12.019364357, 21.2933177948, 20.2562217712, 27.8700714111, 26.5763111115, 48.8306083679, 28.9124355316, 4.98906850815, 5.06447649002, 3.38339138031, 9.41829204559, 3.76737451553, 2.58135437965, 1.00362169743, 0.839263081551, 0.624490916729, 0.484398514032, 0.411603420973, 0.298742115498, 0.21285776794, 0.173288598657, 0.121128626168, 0.118977569044, 0.0941416248679, 0.0670833662152, 0.0416993536055, 0.0401445887983, 0.0199942644686, 0.0137776937336, 0.00630840566009, 0.00245054275729, 0.000679571123328, 0.000132979723276, 9.49105287873e-06, 4.06032668252e-05, 8.77015700098e-05],
        "min": [2.27973418987e-06, 3.41667146131e-05, 0.000242494774284, 0.00219543185085, 0.0111525701359, 0.0139880683273, 0.034619089216, 0.116637311876, 0.599662065506, 3.75204777718, 0.903993666172, 0.223613858223, 0.362744390965, 0.186582267284, 0.315112739801, 0.256883919239, 0.217613711953, 0.097602121532, 0.0785202309489, 0.0282659269869, 0.0167890228331, 0.0123540572822, 0.0129153477028, 0.00948723964393, 0.00782551523298, 0.00456964643672, 0.00211665802635, 0.000288102222839, 4.82165633002e-05, 1.77706260729e-05, 8.91406034498e-06, 3.05269031742e-06, 2.7521505217e-06, 1.75539048541e-06, 1.77146068836e-06, 1.1308776493e-06, 5.63919854812e-07, 1.25752336544e-07, 6.41146357339e-07, 1.46618572217e-06],
        "var": [0.539038717747, 47.6773796082, 401.324981689, 255.981582642, 735.079101562, 1128.83435059, 1110.38964844, 1680.38244629, 1897.77319336, 2701.8894043, 1034.07446289, 49.3917617798, 115.085845947, 93.2495193481, 361.673400879, 46.3040351868, 95.3006057739, 30.1925144196, 133.811050415, 146.445373535, 177.468170166, 157.349884033, 327.513427734, 128.97303772, 57.261680603, 89.1674041748, 101.527275085, 109.085578918, 65.5249176025, 37.5913238525, 40.8349151611, 11.8387966156, 4.14082670212, 2.42854261398, 0.545983433723, 0.0234061554074, 0.00132688914891, 7.54887514631e-06, 6.09441785926e-09, 2.01969396763e-09]
    },
    "gfcc": {
        "mean": [-63.6600151062, 181.317565918, -74.2378463745, 23.9277896881, -55.2583274841, 5.7956776619, -22.9369430542, 0.601291298866, -7.63109493256, 1.36167252064, 2.58668899536, -6.13824796677, -2.66340398788],
        "cov": [[7069.8125, -3798.17602539, 1505.79077148, 2275.55810547, -1352.70336914, 1288.13977051, -981.348754883, 595.538208008, -415.587799072, 229.823120117, -679.157470703, 426.213043213, -39.6896781921], [-3798.17602539, 2769.10693359, -184.096115112, -1225.19897461, 806.579284668, -632.264160156, 599.927856445, -424.569366455, 397.009429932, -292.770263672, 424.356903076, -252.667816162, 106.92817688], [1505.79077148, -184.096115112, 1801.82397461, 732.880004883, -466.291229248, 623.924621582, -94.2875289917, 76.5359954834, 123.10684967, -112.965995789, -87.1207962036, 58.0957946777, 82.3319778442], [2275.55810547, -1225.19897461, 732.880004883, 922.415344238, -486.633117676, 490.90335083, -302.181427002, 190.346725464, -87.7014770508, 52.823009491, -206.295471191, 124.248947144, -1.44129312038], [-1352.70336914, 806.579284668, -466.291229248, -486.633117676, 455.070831299, -328.886291504, 178.776947021, -127.882774353, 65.2051315308, -64.194442749, 108.349517822, -90.2997131348, -24.5886306763], [1288.13977051, -632.264160156, 623.924621582, 490.90335083, -328.886291504, 412.832519531, -142.290161133, 101.187927246, -41.5767097473, 14.2523994446, -103.433265686, 65.7336044312, 10.591629982], [-981.348754883, 599.927856445, -94.2875289917, -302.181427002, 178.776947021, -142.290161133, 213.652481079, -88.4926986694, 83.5457611084, -46.8495979309, 103.875831604, -61.5164909363, 7.03700733185], [595.538208008, -424.569366455, 76.5359954834, 190.346725464, -127.882774353, 101.187927246, -88.4926986694, 134.201019287, -46.2330589294, 57.2455062866, -66.8761062622, 38.4876289368, -14.4060764313], [-415.587799072, 397.009429932, 123.10684967, -87.7014770508, 65.2051315308, -41.5767097473, 83.5457611084, -46.2330589294, 142.279342651, -42.1945533752, 69.9353866577, -22.7083930969, 39.0868263245], [229.823120117, -292.770263672, -112.965995789, 52.823009491, -64.194442749, 14.2523994446, -46.8495979309, 57.2455062866, -42.1945533752, 106.348022461, -19.5666332245, 32.6428909302, -13.0538482666], [-679.157470703, 424.356903076, -87.1207962036, -206.295471191, 108.349517822, -103.433265686, 103.875831604, -66.8761062622, 69.9353866577, -19.5666332245, 119.291954041, -21.8673362732, 28.7758102417], [426.213043213, -252.667816162, 58.0957946777, 124.248947144, -90.2997131348, 65.7336044312, -61.5164909363, 38.4876289368, -22.7083930969, 32.6428909302, -21.8673362732, 80.3461227417, 17.2920322418], [-39.6896781921, 106.92817688, 82.3319778442, -1.44129312038, -24.5886306763, 10.591629982, 7.03700733185, -14.4060764313, 39.0868263245, -13.0538482666, 28.7758102417, 17.2920322418, 66.7696609497]],
        "icov": [[0.00181600335054, 0.000398591597332, 3.51544531441e-06, -0.0015702417586, 0.00021628435934, -0.00119436730165, 0.00197611283511, -0.000322896783473, -9.98129471554e-05, 0.000555635604542, 0.00273759081028, -0.00258617242798, 5.11081634613e-05], [0.000398591597332, 0.0146384807304, -0.00664714258164, 0.00868291407824, -0.00845835264772, 0.00686863576993, -0.00332249398343, 0.00563114276156, -0.00724115036428, 0.00908031314611, -0.0105164889246, 0.0082837799564, -0.00906012766063], [3.51544531441e-06, -0.00664714258164, 0.00501965684816, -0.00466439174488, 0.00436378829181, -0.00574207259342, 0.000893645221367, -0.00262775900774, 0.00138000678271, -0.00230437749997, 0.00530464434996, -0.00381033914164, 0.00365586020052], [-0.0015702417586, 0.00868291407824, -0.00466439174488, 0.0124130696058, -0.00420881668106, 0.0028242750559, -0.000945277803112, 0.00300935190171, -0.00594197586179, 0.00532755861059, -0.00651549361646, 0.00590778514743, -0.00427019922063], [0.00021628435934, -0.00845835264772, 0.00436378829181, -0.00420881668106, 0.0126552404836, -0.00135275197681, 0.00163596251514, -0.00243375380524, 0.00272295530885, -0.00224475353025, 0.00679152365774, -0.00499034672976, 0.00871252082288], [-0.00119436730165, 0.00686863576993, -0.00574207259342, 0.0028242750559, -0.00135275197681, 0.0160082597286, -0.00373640214093, 0.0026089369785, -0.000684605329297, 0.00404419563711, -0.00770042976364, 0.00584649434313, -0.00365325366147], [0.00197611283511, -0.00332249398343, 0.000893645221367, -0.000945277803112, 0.00163596251514, -0.00373640214093, 0.0164752751589, -0.00116033898667, -0.000902114261407, -0.00139463203959, 0.000967683328781, -0.00256941467524, 0.00508538773283], [-0.000322896783473, 0.00563114276156, -0.00262775900774, 0.00300935190171, -0.00243375380524, 0.0026089369785, -0.00116033898667, 0.0173045378178, -0.00375355663709, -0.00246784207411, -0.000561120628845, 0.00287117948756, -0.00214587477967], [-9.98129471554e-05, -0.00724115036428, 0.00138000678271, -0.00594197586179, 0.00272295530885, -0.000684605329297, -0.000902114261407, -0.00375355663709, 0.0188470482826, -0.00394707592204, -0.000345155887771, -0.00227992935106, -0.00096183642745], [0.000555635604542, 0.00908031314611, -0.00230437749997, 0.00532755861059, -0.00224475353025, 0.00404419563711, -0.00139463203959, -0.00246784207411, -0.00394707592204, 0.0230858717114, -0.00939758028835, 0.000790581398178, -0.0024391815532], [0.00273759081028, -0.0105164889246, 0.00530464434996, -0.00651549361646, 0.00679152365774, -0.00770042976364, 0.000967683328781, -0.000561120628845, -0.000345155887771, -0.00939758028835, 0.0358026623726, -0.0133053502068, 0.00166743423324], [-0.00258617242798, 0.0082837799564, -0.00381033914164, 0.00590778514743, -0.00499034672976, 0.00584649434313, -0.00256941467524, 0.00287117948756, -0.00227992935106, 0.000790581398178, -0.0133053502068, 0.0301924832165, -0.0124480836093], [5.11081634613e-05, -0.00906012766063, 0.00365586020052, -0.00427019922063, 0.00871252082288, -0.00365325366147, 0.00508538773283, -0.00214587477967, -0.00096183642745, -0.0024391815532, 0.00166743423324, -0.0124480836093, 0.0302968621254]]
    },
    "melbands": {
        "dmean": [0.00342452223413, 0.00467816321179, 0.00134617253207, 0.000822018890176, 0.000560857704841, 0.000226189105888, 0.000259204593021, 0.00019725432503, 6.56375777908e-05, 2.03845538636e-05, 2.30104851653e-05, 1.67020662047e-05, 1.47340751937e-05, 9.90303578874e-06, 1.06307088572e-05, 5.98071619606e-06, 3.44608952219e-06, 8.04887713457e-06, 6.92922367307e-06, 5.5120608522e-06, 6.0067168306e-06, 5.12446649736e-06, 5.52711208002e-06, 5.71168038732e-06, 3.50355230694e-06, 1.87523869499e-06, 1.70306429936e-06, 1.80663607807e-06, 1.92032416635e-06, 1.97597319129e-06, 1.74808974407e-06, 1.61432058121e-06, 1.14663464501e-06, 9.58112423177e-07, 9.91353203972e-07, 7.96030690253e-07, 6.29023929832e-07, 5.09733695253e-07, 4.66332807036e-07, 4.21590925725e-07],
        "dmean2": [0.00594312231988, 0.00796739663929, 0.00216196314432, 0.00130962056573, 0.00091906223679, 0.000344716594554, 0.000428850122262, 0.00028521643253, 9.84204380075e-05, 3.28172864101e-05, 3.75498857466e-05, 2.72167380899e-05, 2.3182017685e-05, 1.51937711053e-05, 1.84171876754e-05, 9.58251621341e-06, 5.78111803407e-06, 1.403872011e-05, 1.22181372717e-05, 9.39449637372e-06, 1.0701732208e-05, 8.82390304469e-06, 1.00101524367e-05, 1.03329566628e-05, 6.14721830061e-06, 2.78346328741e-06, 2.52282484325e-06, 2.74991907645e-06, 2.87670422949e-06, 2.98971440316e-06, 2.73797627415e-06, 2.51867368206e-06, 1.66303823335e-06, 1.37109066145e-06, 1.24028963455e-06, 1.20903393963e-06, 8.76526485172e-07, 7.61884166423e-07, 6.58759290673e-07, 5.94854157043e-07],
        "dvar": [2.97867209156e-05, 6.58220596961e-05, 5.71904683966e-06, 2.03229728868e-06, 8.50753792747e-07, 1.01473986547e-07, 1.2821415396e-07, 8.3414803953e-08, 7.83566811435e-09, 1.28600918803e-09, 2.74407696566e-09, 1.89231874614e-09, 8.4364870645e-10, 3.23453874795e-10, 4.38447889106e-10, 2.47301901179e-10, 7.69821983937e-11, 4.45095182933e-10, 3.93151400324e-10, 2.27107402329e-10, 3.69287322943e-10, 2.52689008606e-10, 2.79151951554e-10, 2.95996505084e-10, 1.05267690398e-10, 2.94860455496e-11, 1.87017207276e-11, 2.67331590892e-11, 2.32918823118e-11, 2.32504952791e-11, 2.32341697964e-11, 1.3873925446e-11, 6.91568026803e-12, 5.9661693988e-12, 6.31172848362e-12, 3.49377081085e-12, 2.54589318377e-12, 1.32956362933e-12, 1.3289864001e-12, 9.55228843073e-13],
        "dvar2": [8.59055144247e-05, 0.000177740992513, 1.46325346577e-05, 4.53808706879e-06, 2.08793585443e-06, 2.15136324755e-07, 3.42006586607e-07, 1.707799413e-07, 1.79773316233e-08, 3.40716121983e-09, 6.96811852663e-09, 4.78386263936e-09, 2.02806882399e-09, 6.92348789411e-10, 1.19538667853e-09, 6.27918050888e-10, 1.97694763338e-10, 1.19400667131e-09, 1.02747976793e-09, 5.5426851997e-10, 1.00605634934e-09, 6.83671619317e-10, 7.86839038369e-10, 8.24818546796e-10, 2.84260059935e-10, 6.06981132023e-11, 3.82674725241e-11, 5.09179781671e-11, 4.37992836444e-11, 4.77311072611e-11, 4.80774586809e-11, 2.93096207027e-11, 1.13873988364e-11, 1.06550827189e-11, 8.40909286648e-12, 5.71603571767e-12, 4.74975180714e-12, 3.08222154397e-12, 2.48178561035e-12, 1.53121428297e-12],
        "max": [0.0473858080804, 0.0626322999597, 0.0199461821467, 0.0150739988312, 0.0100626945496, 0.00684775598347, 0.00539839826524, 0.00720510585234, 0.00209756544791, 0.000465476128738, 0.00068699370604, 0.000461621995782, 0.000452104199212, 0.000368591659935, 0.000216179803829, 0.000187725541764, 0.000103805250546, 0.000148061750224, 0.000160906361998, 0.000120060023619, 0.000194780266611, 0.000137461000122, 0.000121486555145, 0.000138207818964, 8.18198677734e-05, 6.96154311299e-05, 4.94070845889e-05, 5.64501679037e-05, 4.84584961669e-05, 4.77684407088e-05, 5.71012787987e-05, 3.95285715058e-05, 3.04843015329e-05, 3.198201739e-05, 3.37751152983e-05, 1.98734887817e-05, 2.14958545257e-05, 1.3319280697e-05, 1.37491197165e-05, 1.05440267362e-05],
        "mean": [0.0093913609162, 0.0106501989067, 0.00279092881829, 0.00183008459862, 0.00121240620501, 0.000787605356891, 0.000548564363271, 0.000791154918261, 0.000236685780692, 4.05001883337e-05, 4.0816161345e-05, 2.29907163884e-05, 3.88349762943e-05, 2.99063704006e-05, 1.41095515573e-05, 9.59387853072e-06, 4.59747252535e-06, 7.30176861907e-06, 5.80376536163e-06, 5.11924190505e-06, 5.00304940942e-06, 4.45312480224e-06, 4.11434530179e-06, 4.2644678615e-06, 2.91224478133e-06, 1.97646954803e-06, 1.75116156242e-06, 2.01334341909e-06, 2.12641316466e-06, 2.22846369979e-06, 1.9043766315e-06, 1.73716080099e-06, 1.36964013109e-06, 1.0347978332e-06, 1.25446854327e-06, 9.64806872616e-07, 6.5347137479e-07, 5.38498284186e-07, 4.85140390083e-07, 4.49111269063e-07],
        "median": [0.008575046435, 0.00854335539043, 0.00193412438966, 0.00124087336008, 0.000889758695848, 0.000617916346528, 0.0003481770691, 0.000589363859035, 0.000192115461687, 2.43132981268e-05, 2.56794373854e-05, 1.24651360238e-05, 2.50215089181e-05, 1.9509861886e-05, 6.82073414282e-06, 3.95494544136e-06, 1.51325946263e-06, 1.35577238325e-06, 1.05068852463e-06, 7.94583854713e-07, 4.6991303293e-07, 4.39748248482e-07, 2.67663779141e-07, 2.43897176233e-07, 1.52244027163e-07, 1.32062112357e-07, 1.0694537167e-07, 7.4997196009e-08, 6.25257499109e-08, 8.27322494956e-08, 4.47662671377e-08, 3.63332155473e-08, 3.38495347307e-08, 1.60495527979e-08, 2.33171029151e-08, 1.67597615786e-08, 1.1751418505e-08, 1.15211387097e-08, 6.17523543411e-09, 4.20210888308e-09],
        "min": [3.06851895004e-08, 8.57667998844e-08, 6.55714416098e-07, 9.60515535553e-07, 1.27036491904e-06, 2.08277515412e-06, 3.83520909963e-06, 2.00192753255e-05, 5.87021941101e-06, 2.81544032532e-07, 1.69556119545e-06, 4.66685946776e-07, 9.78531829787e-07, 7.14100963251e-07, 3.36022509373e-07, 2.09019347608e-07, 8.87603377464e-08, 1.00071915199e-07, 3.13841148625e-08, 8.04634581186e-09, 1.36640831983e-08, 1.03343706925e-08, 7.81606068756e-09, 6.61650778611e-09, 4.61174165522e-09, 5.04599828588e-09, 3.80312981108e-09, 2.53774645742e-09, 9.42263933545e-10, 4.74412620299e-10, 5.4786446213e-11, 1.91560343976e-11, 4.43074526721e-12, 3.21544678904e-12, 2.1949013787e-12, 1.61621432383e-12, 1.16351901529e-13, 7.98342782941e-13, 1.38608850959e-13, 9.22460824631e-14],
