{
"highlevel": {
    "danceability": {
        "all": {
            "danceable": 0.00458569452167,
            "not_danceable": 0.995414316654
        },
        "probability": 0.995414316654,
        "value": "not_danceable"
    },
    "gender": {
        "all": {
            "female": 0.742469131947,
            "male": 0.257530868053
        },
        "probability": 0.742469131947,
        "value": "female"
    },
    "genre_dortmund": {
        "all": {
            "alternative": 0.230054676533,
            "blues": 0.0995260477066,
            "electronic": 0.168113961816,
            "folkcountry": 0.126955479383,
            "funksoulrnb": 0.0148290907964,
            "jazz": 0.12807957828,
            "pop": 0.0477860309184,
            "raphiphop": 0.00447333743796,
            "rock": 0.180181786418
        },
        "probability": 0.230054676533,
        "value": "alternative"
    },
    "genre_electronic": {
        "all": {
            "ambient": 0.941653072834,
            "dnb": 0.0203101951629,
            "house": 0.0215925648808,
            "techno": 0.00288240751252,
            "trance": 0.0135617638007
        },
        "probability": 0.941653072834,
        "value": "ambient"
    },
    "genre_rosamerica": {
        "all": {
            "cla": 0.226725131273,
            "dan": 0.0114536443725,
            "hip": 0.00948166288435,
            "jaz": 0.122704967856,
            "pop": 0.105669468641,
            "rhy": 0.442437022924,
            "roc": 0.0667823627591,
            "spe": 0.0147457560524
        },
        "probability": 0.442437022924,
        "value": "rhy"
    },
    "genre_tzanetakis": {
        "all": {
            "blu": 2.30995489403e-08,
            "cla": 9.67541247121e-09,
            "cou": 6.11220585256e-08,
            "dis": 1.3000535759e-08,
            "hip": 2.05376977647e-08,
            "jaz": 0.999948143959,
            "met": 4.11217868646e-08,
            "pop": 4.61806812382e-05,
            "reg": 5.40135988558e-06,
            "roc": 9.70783204934e-08
        },
        "probability": 0.999948143959,
        "value": "jaz"
    },
    "ismir04_rhythm": {
        "all": {
            "ChaChaCha": 0.00249977922067,
            "Jive": 0.00128752901219,
            "Quickstep": 0.00580895552412,
            "Rumba-American": 0.00981702562422,
            "Rumba-International": 0.0246540941298,
            "Rumba-Misc": 0.00293801212683,
            "Samba": 0.00288477679715,
            "Tango": 0.110081121325,
            "VienneseWaltz": 0.454625666142,
            "Waltz": 0.385403037071
        },
        "probability": 0.454625666142,
        "value": "VienneseWaltz"
    },
    "mood_acoustic": {
        "all": {
            "acoustic": 0.925118505955,
            "not_acoustic": 0.0748815014958
        },
        "probability": 0.925118505955,
        "value": "acoustic"
    },
    "mood_aggressive": {
        "all": {
            "aggressive": 0.00440511805937,
            "not_aggressive": 0.995594859123
        },
        "probability": 0.995594859123,
        "value": "not_aggressive"
    },
    "mood_electronic": {
        "all": {
            "electronic": 0.676367938519,
            "not_electronic": 0.323632061481
        },
        "probability": 0.676367938519,
        "value": "electronic"
    },
    "mood_happy": {
        "all": {
            "happy": 0.407670795918,
            "not_happy": 0.592329204082
        },
        "probability": 0.592329204082,
        "value": "not_happy"
    },
    "mood_party": {
        "all": {
            "not_party": 0.989862501621,
            "party": 0.0101375067607
        },
        "probability": 0.989862501621,
        "value": "not_party"
    },
    "mood_relaxed": {
        "all": {
            "not_relaxed": 0.061675671488,
            "relaxed": 0.938324332237
        },
        "probability": 0.938324332237,
        "value": "relaxed"
    },
    "mood_sad": {
        "all": {
            "not_sad": 0.505115151405,
            "sad": 0.494884848595
        },
        "probability": 0.505115151405,
        "value": "not_sad"
    },
    "moods_mirex": {
        "all": {
            "Cluster1": 0.219426617026,
            "Cluster2": 0.0836113169789,
            "Cluster3": 0.524333834648,
            "Cluster4": 0.139009490609,
            "Cluster5": 0.0336187332869
        },
        "probability": 0.524333834648,
        "value": "Cluster3"
    },
    "timbre": {
        "all": {
            "bright": 0.169150575995,
            "dark": 0.830849409103
        },
        "probability": 0.830849409103,
        "value": "dark"
    },
    "tonal_atonal": {
        "all": {
            "atonal": 0.285031944513,
            "tonal": 0.714968025684
        },
        "probability": 0.714968025684,
        "value": "tonal"
    },
    "voice_instrumental": {
        "all": {
            "instrumental": 0.696653068066,
            "voice": 0.303346961737
        },
        "probability": 0.696653068066,
        "value": "instrumental"
    }
},
"lowlevel": {
    "average_loudness": 0.957257151604,
    "barkbands_crest": {
        "dmean": 1.32988810539,
        "dmean2": 2.08473849297,
        "dvar": 1.59125983715,
        "dvar2": 4.08461427689,
        "max": 19.0893535614,
        "mean": 8.67878818512,
        "median": 8.16774463654,
        "min": 3.80762338638,
        "var": 7.22637224197
    },
    "barkbands_flatness_db": {
        "dmean": 0.0126194655895,
        "dmean2": 0.0199276469648,
        "dvar": 0.000123677833471,
        "dvar2": 0.00030227159732,
        "max": 0.34104308486,
        "mean": 0.258982658386,
        "median": 0.260156661272,
        "min": 0.155495911837,
        "var": 0.000865021953359
    },
    "barkbands_kurtosis": {
        "dmean": 0.862596452236,
        "dmean2": 1.29143333435,
        "dvar": 2.03244280815,
        "dvar2": 4.33670043945,
        "max": 24.4886283875,
        "mean": 1.44793772697,
        "median": -0.227531909943,
        "min": -1.40687406063,
        "var": 15.3879508972
    },
    "barkbands_skewness": {
        "dmean": 0.242281422019,
        "dmean2": 0.35588657856,
        "dvar": 0.0519780740142,
        "dvar2": 0.11304166168,
        "max": 4.12027359009,
        "mean": 0.985585987568,
        "median": 0.72305226326,
        "min": -0.503688931465,
        "var": 0.766014695168
    },
    "barkbands_spread": {
        "dmean": 1.45403027534,
        "dmean2": 2.16664147377,
        "dvar": 1.98025012016,
        "dvar2": 4.30209112167,
        "max": 25.7426948547,
        "mean": 12.3902549744,
        "median": 12.0315980911,
        "min": 2.49009180069,
        "var": 16.6518745422
    },
    "dissonance": {
        "dmean": 0.0284049864858,
        "dmean2": 0.0482978783548,
        "dvar": 0.000588617578615,
        "dvar2": 0.00168179732282,
        "max": 0.494422823191,
        "mean": 0.424009621143,
        "median": 0.427751004696,
        "min": 0.255101889372,
        "var": 0.00149607588537
    },
    "dynamic_complexity": 2.16996693611,
    "erbbands_crest": {
        "dmean": 1.27574563026,
        "dmean2": 1.94719791412,
        "dvar": 1.28887224197,
        "dvar2": 3.13737535477,
        "max": 20.210395813,
        "mean": 9.24932384491,
        "median": 9.05810642242,
        "min": 3.50187730789,
        "var": 6.67321395874
    },
    "erbbands_flatness_db": {
        "dmean": 0.00920869875699,
        "dmean2": 0.0135489078239,
        "dvar": 8.28703632578e-05,
        "dvar2": 0.000172532207216,
        "max": 0.410339027643,
        "mean": 0.289138734341,
        "median": 0.292514324188,
        "min": 0.164640903473,
        "var": 0.0014755486045
    },
    "erbbands_kurtosis": {
        "dmean": 0.327669918537,
        "dmean2": 0.508008360863,
        "dvar": 0.112167276442,
        "dvar2": 0.299226969481,
        "max": 2.8836145401,
        "mean": -0.273965924978,
        "median": -0.380211114883,
        "min": -1.59085428715,
        "var": 0.398562908173
    },
    "erbbands_skewness": {
        "dmean": 0.171135336161,
        "dmean2": 0.258376389742,
        "dvar": 0.0209835935384,
        "dvar2": 0.0505976192653,
        "max": 1.71734535694,
        "mean": -0.0606082938612,
        "median": -0.151223912835,
        "min": -1.14829576015,
        "var": 0.233712792397
    },
    "erbbands_spread": {
        "dmean": 2.24679398537,
        "dmean2": 3.38632202148,
        "dvar": 5.18478775024,
        "dvar2": 12.3782310486,
        "max": 58.9466247559,
        "mean": 21.0741291046,
        "median": 18.4556789398,
        "min": 9.23025131226,
        "var": 68.9588851929
    },
    "hfc": {
        "dmean": 2.61356902122,
        "dmean2": 3.79376554489,
        "dvar": 8.26962089539,
        "dvar2": 17.7808799744,
        "max": 53.8563690186,
        "mean": 20.9760322571,
        "median": 19.9008979797,
        "min": 1.78843986988,
        "var": 156.539123535
    },
    "melbands_crest": {
        "dmean": 1.79238069057,
        "dmean2": 2.77583646774,
        "dvar": 2.83374142647,
        "dvar2": 6.80024290085,
        "max": 25.8509731293,
        "mean": 12.3984394073,
        "median": 11.8799581528,
        "min": 4.64926815033,
        "var": 18.2742462158
    },
    "melbands_flatness_db": {
        "dmean": 0.0136549491435,
        "dmean2": 0.0203731227666,
        "dvar": 0.000184235963388,
        "dvar2": 0.000393143913243,
        "max": 0.447887271643,
        "mean": 0.329082459211,
        "median": 0.329661458731,
        "min": 0.209763258696,
        "var": 0.00148659583647
    },
    "melbands_kurtosis": {
        "dmean": 1.70899248123,
        "dmean2": 2.50425100327,
        "dvar": 8.46151924133,
        "dvar2": 17.2013282776,
        "max": 51.945350647,
        "mean": 4.61933088303,
        "median": 1.12579917908,
        "min": -1.2503682375,
        "var": 64.2069244385
    },
    "melbands_skewness": {
        "dmean": 0.290048837662,
        "dmean2": 0.422275543213,
        "dvar": 0.0866522565484,
        "dvar2": 0.183542251587,
        "max": 6.05383872986,
        "mean": 1.63670897484,
        "median": 1.27423048019,
        "min": 0.00496843410656,
        "var": 1.15400648117
    },
    "melbands_spread": {
        "dmean": 2.23374414444,
        "dmean2": 3.30306267738,
        "dvar": 4.30198287964,
        "dvar2": 9.84494590759,
        "max": 37.3299331665,
        "mean": 16.9877910614,
        "median": 17.2507629395,
        "min": 2.18658494949,
        "var": 48.5592536926
    },
    "pitch_salience": {
        "dmean": 0.0449462234974,
        "dmean2": 0.0701445639133,
        "dvar": 0.00166373397224,
        "dvar2": 0.0040002851747,
        "max": 0.7833943367,
        "mean": 0.525986015797,
        "median": 0.520179152489,
        "min": 0.306122273207,
        "var": 0.00777782825753
    },
    "silence_rate_20dB": {
        "dmean": 0,
        "dmean2": 0,
        "dvar": 0,
        "dvar2": 0,
        "max": 1,
        "mean": 1,
        "median": 1,
        "min": 1,
        "var": 0
    },
    "silence_rate_30dB": {
        "dmean": 0,
        "dmean2": 0,
        "dvar": 0,
        "dvar2": 0,
        "max": 1,
        "mean": 1,
        "median": 1,
        "min": 1,
        "var": 0
    },
    "silence_rate_60dB": {
        "dmean": 0.00154798757285,
        "dmean2": 0.00309837330133,
        "dvar": 0.00154559127986,
        "dvar2": 0.00463795987889,
        "max": 1,
        "mean": 0.00077339517884,
        "median": 0,
        "min": 0,
        "var": 0.000772797095124
    },
    "spectral_centroid": {
        "dmean": 69.6408691406,
        "dmean2": 106.636787415,
        "dvar": 4151.56298828,
        "dvar2": 10347.6347656,
        "max": 1408.74584961,
        "mean": 763.714782715,
        "median": 757.545410156,
        "min": 244.434661865,
        "var": 44820.34375
    },
    "spectral_complexity": {
        "dmean": 1.53250777721,
        "dmean2": 2.58869099617,
        "dvar": 1.94244194031,
        "dvar2": 4.86799001694,
        "max": 28,
        "mean": 13.3201856613,
        "median": 13,
        "min": 5,
        "var": 9.64686870575
    },
    "spectral_decrease": {
        "dmean": 1.4919894209e-09,
        "dmean2": 2.25281704402e-09,
        "dvar": 2.84553728954e-18,
        "dvar2": 6.74566740795e-18,
        "max": -6.45930531284e-10,
        "mean": -9.238046772e-09,
        "median": -8.75803518596e-09,
        "min": -2.58254360119e-08,
        "var": 2.06059425614e-17
    },
    "spectral_energy": {
        "dmean": 0.0058201183565,
        "dmean2": 0.00878146477044,
        "dvar": 4.23615274485e-05,
        "dvar2": 0.000100465244032,
        "max": 0.0996840745211,
        "mean": 0.036769092083,
        "median": 0.0349042601883,
        "min": 0.00260010757484,
        "var": 0.000323952204781
    },
    "spectral_energyband_high": {
        "dmean": 4.96973189001e-06,
        "dmean2": 8.26950963528e-06,
        "dvar": 1.11978579187e-10,
        "dvar2": 2.96300539659e-10,
        "max": 0.00021435819508,
        "mean": 1.48989556692e-05,
        "median": 9.42317547015e-06,
        "min": 1.05023138985e-06,
        "var": 2.87483731265e-10
    },
    "spectral_energyband_low": {
        "dmean": 0.00265079154633,
        "dmean2": 0.0038033798337,
        "dvar": 2.21923564823e-05,
        "dvar2": 4.3224041292e-05,
        "max": 0.0642586871982,
        "mean": 0.0085435481742,
        "median": 0.0039844061248,
        "min": 9.60108445724e-06,
        "var": 0.000107132203993
    },
    "spectral_energyband_middle_high": {
        "dmean": 0.00163814844564,
        "dmean2": 0.00229839677922,
        "dvar": 4.14998476117e-06,
        "dvar2": 8.98484086065e-06,
        "max": 0.0369039960206,
        "mean": 0.0106018418446,
        "median": 0.0102212224156,
        "min": 0.000426080339821,
        "var": 6.16669130977e-05
    },
    "spectral_energyband_middle_low": {
        "dmean": 0.00373947550543,
        "dmean2": 0.00603510206565,
        "dvar": 1.84146156244e-05,
        "dvar2": 5.28617129021e-05,
        "max": 0.0665696486831,
        "mean": 0.0188616998494,
        "median": 0.0173588804901,
        "min": 0.00194213865325,
        "var": 8.63283930812e-05
    },
    "spectral_entropy": {
        "dmean": 0.0915054902434,
        "dmean2": 0.14327095449,
        "dvar": 0.00818288791925,
        "dvar2": 0.0199585519731,
        "max": 7.69431018829,
        "mean": 6.53778457642,
        "median": 6.53473758698,
        "min": 5.82593774796,
        "var": 0.112881064415
    },
    "spectral_flux": {
        "dmean": 0.0159770455211,
        "dmean2": 0.0254019163549,
        "dvar": 0.000283094093902,
        "dvar2": 0.000705383135937,
        "max": 0.198740288615,
        "mean": 0.0531067475677,
        "median": 0.0468821413815,
        "min": 0.0155292656273,
        "var": 0.000688564265147
    },
    "spectral_kurtosis": {
        "dmean": 9.65531539917,
        "dmean2": 16.9396400452,
        "dvar": 75.6943740845,
        "dvar2": 236.172027588,
        "max": 60.7610397339,
        "mean": 18.5680465698,
        "median": 16.0910644531,
        "min": -0.0783596038818,
        "var": 138.973449707
    },
    "spectral_rms": {
        "dmean": 0.000473368738312,
        "dmean2": 0.000698793097399,
        "dvar": 2.33816905393e-07,
        "dvar2": 5.15017006819e-07,
        "max": 0.00986168161035,
        "mean": 0.00579127529636,
        "median": 0.00583548936993,
        "min": 0.00159269908909,
        "var": 2.33335003941e-06
    },
    "spectral_rolloff": {
        "dmean": 108.399009705,
        "dmean2": 186.792984009,
        "dvar": 27066.4707031,
        "dvar2": 60385.2382812,
        "max": 1787.25585938,
        "mean": 1022.48724365,
        "median": 1098.19335938,
        "min": 150.732421875,
        "var": 175732.4375
    },
    "spectral_skewness": {
        "dmean": 0.679741799831,
        "dmean2": 1.18634986877,
        "dvar": 0.337397426367,
        "dvar2": 1.04836893082,
        "max": 5.28647518158,
        "mean": 2.49600076675,
        "median": 2.39731884003,
        "min": 0.525091946125,
        "var": 0.753060758114
    },
    "spectral_spread": {
        "dmean": 169971.703125,
        "dmean2": 281264.78125,
        "dvar": 85223800832,
        "dvar2": 124923240448,
        "max": 11248848,
        "mean": 1674622.125,
        "median": 1600745,
        "min": 1034135.8125,
        "var": 198205554688
    },
    "spectral_strongpeak": {
        "dmean": 0.453343212605,
        "dmean2": 0.799483954906,
        "dvar": 0.554440975189,
        "dvar2": 1.30120551586,
        "max": 7.68751430511,
        "mean": 1.23424363136,
        "median": 0.76566028595,
        "min": 0.0569184161723,
        "var": 1.34936749935
    },
    "zerocrossingrate": {
        "dmean": 0.00284427613951,
        "dmean2": 0.00372621766292,
        "dvar": 5.409527148e-06,
        "dvar2": 8.48526815389e-06,
        "max": 0.05224609375,
        "mean": 0.0295423381031,
        "median": 0.02978515625,
        "min": 0.0087890625,
        "var": 6.14982272964e-05
    },
    "barkbands": {
        "dmean": [4.48033861176e-05, 0.00196843175218, 0.000697655195836, 0.00124173157383, 0.00202970090322, 0.000657625496387, 0.000660226331092, 0.000684307015035, 0.000226235541049, 0.0005903847632, 0.00038964021951, 0.000564210291486, 0.000320343999192, 0.000466392317321, 0.000128247542307, 0.000158570939675, 6.81685196469e-05, 5.62354071008e-05, 2.38534030359e-05, 4.23825713369e-06, 2.81766733679e-06, 2.72493110742e-07, 1.41617448435e-07, 8.64491482844e-08, 4.61111753225e-08, 3.55891565107e-08, 1.45999778933e-09],
        "dmean2": [5.8581445046e-05, 0.0029013636522, 0.000943890830968, 0.00195881701075, 0.0033874027431, 0.00103845819831, 0.000986413564533, 0.00095668900758, 0.00033105185139, 0.000829654920381, 0.000541305809747, 0.000759518588893, 0.000468244077638, 0.000685128441546, 0.00019716002862, 0.000241484594881, 0.000107172934804, 9.26180800889e-05, 3.86522660847e-05, 6.96242250342e-06, 4.69381802759e-06, 4.49815445336e-07, 2.18979366196e-07, 1.35678874358e-07, 7.33365581596e-08, 6.42840021214e-08, 2.56639087759e-09],
        "dvar": [9.68666213907e-09, 1.33607563839e-05, 1.59137039191e-06, 4.48059245173e-06, 7.70366932556e-06, 9.44870748754e-07, 1.43486556681e-06, 1.5299616507e-06, 3.06261114247e-07, 1.21980679069e-06, 4.73651510902e-07, 7.92350249412e-07, 4.57001050336e-07, 6.60206012526e-07, 5.57918049537e-08, 5.75869592012e-08, 7.8977349105e-09, 8.08049982481e-09, 1.18036957986e-09, 4.52478506052e-11, 4.65781510584e-11, 5.95522546207e-13, 2.16658139454e-13, 1.45238611719e-13, 6.57214964416e-14, 1.49076931355e-13, 2.41963977652e-17],
        "dvar2": [1.37350255613e-08, 2.80037511402e-05, 2.44257057602e-06, 1.5219308807e-05, 2.17811411858e-05, 2.15719637708e-06, 3.78319487027e-06, 3.31728915626e-06, 5.33359070687e-07, 2.55242844105e-06, 9.53148571625e-07, 1.51565211581e-06, 1.06176412373e-06, 1.44336104313e-06, 1.24979393945e-07, 1.35017003799e-07, 1.84037070028e-08, 2.17462616803e-08, 2.84973245002e-09, 1.25843155341e-10, 1.08582400016e-10, 1.59606019807e-12, 5.15178936837e-13, 3.44205783667e-13, 1.76618404147e-13, 4.34230586601e-13, 3.08532214259e-17],
        "max": [0.00239913142286, 0.0497262254357, 0.0174612142146, 0.0275841578841, 0.0304359849542, 0.0231781955808, 0.0287681277841, 0.0232542660087, 0.0209393855184, 0.0190719086677, 0.0115747638047, 0.0161817893386, 0.0139275519177, 0.0156477522105, 0.00424618227407, 0.00457571493462, 0.00153838074766, 0.00129189819563, 0.000806769239716, 0.000131490043714, 0.000189180937014, 1.44802979776e-05, 8.99283804756e-06, 9.74648355623e-06, 6.4148985075e-06, 9.5434306786e-06, 1.52582785518e-07],
        "mean": [0.000144051213283, 0.00556202977896, 0.00178550404962, 0.00385955278762, 0.00510716252029, 0.00235421815887, 0.0033605999779, 0.00291145639494, 0.000858679995872, 0.0021129748784, 0.00200464949012, 0.00240775453858, 0.00104766897857, 0.00182528141886, 0.000473506224807, 0.000539722270332, 0.000208892248338, 0.0001254973904, 5.94294033363e-05, 1.26412478494e-05, 6.45101363261e-06, 7.11525558472e-07, 3.64409459053e-07, 2.03058206694e-07, 8.96316763033e-08, 3.6038091622e-08, 1.17713150338e-09],
        "median": [1.20788454296e-05, 0.00154536939226, 0.000586743466556, 0.00304555986077, 0.00366640440188, 0.00162406452, 0.00136041780934, 0.00044812381384, 0.000226002754061, 0.00079831527546, 0.00029921438545, 0.000478144123917, 0.000204411699087, 0.000461643212475, 8.50532014738e-05, 0.000209618243389, 0.000120180258818, 6.30534268566e-05, 3.92678739445e-05, 8.46565308166e-06, 3.62447099178e-06, 3.58160775704e-07, 1.55613335551e-07, 8.49422434612e-08, 3.71118140663e-08, 1.7150544096e-08, 3.81117887249e-10],
        "min": [1.33275712688e-09, 3.8620632381e-07, 4.06660120689e-07, 1.24551343106e-06, 5.86614760323e-06, 1.12879752123e-05, 1.37393244586e-05, 7.31472982807e-06, 1.79833784841e-06, 1.36990438477e-05, 2.94814662993e-06, 2.24040832109e-06, 1.96845667233e-06, 9.83180598269e-06, 4.16574448536e-06, 6.9072880251e-06, 3.15984516419e-06, 4.94805135531e-06, 1.4211279904e-06, 6.30283807368e-07, 4.17676432107e-07, 2.43823237156e-08, 2.25084235694e-08, 7.88552423359e-09, 2.65029127117e-11, 2.89277005128e-11, 3.36004314649e-11],
        "var": [1.22535766423e-07, 5.53000536456e-05, 7.0894457167e-06, 1.20010972751e-05, 2.11620499613e-05, 6.58608905724e-06, 1.67034577316e-05, 2.26744141401e-05, 2.44671309702e-06, 7.85451356933e-06, 7.23649463907e-06, 1.00368470157e-05, 3.91333878724e-06, 6.33360286884e-06, 6.3831390662e-07, 4.61002684915e-07, 4.93166787408e-08, 2.90991657437e-08, 4.57135085341e-09, 1.42009667914e-10, 1.08970318879e-10, 1.01537907856e-12, 4.92757906961e-13, 2.01123663622e-13, 6.26431889759e-14, 8.26698667747e-14, 2.36755254422e-17]
    },
    "erbbands": {
        "dmean": [0.0477818064392, 0.479238927364, 0.934482336044, 2.10430574417, 5.86755228043, 5.9415769577, 9.39564990997, 6.04999494553, 9.89266395569, 13.8237667084, 7.4664273262, 6.36550426483, 14.8237533569, 13.619600296, 18.674993515, 18.4876594543, 16.4245567322, 21.81275177, 11.6859264374, 8.00164031982, 6.61067724228, 3.19720029831, 3.56845569611, 1.68687307835, 0.46909698844, 0.197148874402, 0.185020238161, 0.0463057495654, 0.0108408518136, 0.00633579073474, 0.00422600982711, 0.00221687857993, 0.00133920053486, 0.00062454782892, 0.000310315284878, 0.000133576366352, 7.45006545912e-05, 1.06543911897e-05, 2.86251247417e-06, 6.484163805e-06],
        "dmean2": [0.0654795095325, 0.726558208466, 1.29343652725, 3.32176232338, 9.43657875061, 9.89594650269, 15.6580228806, 9.30572986603, 14.8366651535, 19.2757568359, 10.864821434, 9.16235542297, 20.6370773315, 19.5024604797, 26.067483902, 24.9146976471, 23.7565937042, 31.3002281189, 17.8964881897, 12.1359176636, 10.1816415787, 4.89217472076, 5.88868141174, 2.76284003258, 0.778998553753, 0.32059276104, 0.305333703756, 0.0777232795954, 0.0176547337323, 0.010330115445, 0.00650340272114, 0.00358149688691, 0.00216524652205, 0.00100720580667, 0.000502270122524, 0.00023464091646, 0.000136411079438, 1.91928647837e-05, 4.34028333984e-06, 9.77089712251e-06],
        "dvar": [0.00926982797682, 0.84827029705, 2.90388870239, 13.3513784409, 83.7777328491, 73.3438491821, 222.963668823, 91.1644592285, 465.787017822, 409.160949707, 224.238189697, 265.888946533, 661.65222168, 796.369934082, 824.732788086, 978.87713623, 977.267700195, 1590.12475586, 306.206604004, 103.299102783, 148.401321411, 14.133272171, 30.5871925354, 6.66654014587, 0.426353335381, 0.109638296068, 0.196073308587, 0.00826355069876, 0.000417267903686, 0.0013368340442, 0.000157159884111, 4.47744096164e-05, 4.9082456826e-05, 1.28158826556e-05, 3.04335321744e-06, 1.39518601827e-06, 6.63107414312e-07, 1.23927872409e-08, 1.19555259789e-11, 5.12747448667e-11],
        "dvar2": [0.0148944202811, 1.82072854042, 4.92553186417, 42.247253418, 246.518951416, 213.582809448, 660.083007812, 202.123428345, 1250.5715332, 817.328979492, 492.208648682, 476.908996582, 1371.37255859, 1724.8861084, 1764.56506348, 1830.58227539, 2287.09228516, 3197.03735352, 806.153137207, 235.40435791, 382.0206604, 31.1842536926, 81.8733139038, 15.3491191864, 1.08401799202, 0.305491447449, 0.466911435127, 0.0219637453556, 0.00112190074287, 0.00351562909782, 0.000336047261953, 0.000105464379885, 0.000124664467876, 3.34352043865e-05, 8.33570720715e-06, 4.06162598665e-06, 1.94522090169e-06, 3.58900962283e-08, 2.93164485743e-11, 1.21562510058e-10],
        "max": [1.51158022881, 12.0121650696, 20.2076892853, 47.135925293, 101.529724121, 114.837295532, 205.078414917, 266.349182129, 518.186340332, 468.383972168, 302.265350342, 593.754089355, 449.554077148, 672.177856445, 527.691223145, 627.44128418, 642.220703125, 862.845458984, 384.617218018, 146.609786987, 305.706878662, 55.6262893677, 81.3186340332, 66.5970306396, 9.72611713409, 6.98507833481, 12.2394294739, 1.51715028286, 0.322458028793, 0.744108378887, 0.276973307133, 0.131664738059, 0.176477566361, 0.0948974043131, 0.0412147827446, 0.0291318949312, 0.0199124682695, 0.00280632334761, 5.42278212379e-05, 0.000109578948468],
        "mean": [0.14199090004, 1.26347219944, 2.52813744545, 6.39437580109, 15.4805955887, 14.425822258, 22.2097187042, 24.2385005951, 49.9434318542, 64.9771957397, 30.0996589661, 25.6635150909, 54.2948379517, 65.4627227783, 94.1259460449, 82.0472640991, 57.9067573547, 85.9736404419, 47.0907402039, 30.2674198151, 24.4847583771, 10.3874759674, 8.75508117676, 4.21378231049, 1.33640348911, 0.600580394268, 0.454004973173, 0.126044765115, 0.032114200294, 0.0142216645181, 0.0106598697603, 0.00568271940574, 0.00273323641159, 0.00123923132196, 0.000562567904126, 0.000185169948963, 7.67851815908e-05, 1.18831276268e-05, 1.84947657544e-05, 4.19921452703e-05],
        "median": [0.0240439083427, 0.413077235222, 0.967928349972, 5.22768783569, 12.3988704681, 9.5457868576, 12.2958106995, 17.4108867645, 19.2210178375, 18.6489543915, 6.98036336899, 7.34006309509, 28.6885643005, 16.0521507263, 55.4122695923, 30.9484653473, 20.5802822113, 31.5565319061, 33.7352485657, 18.2680912018, 14.5960969925, 8.06432628632, 5.36258172989, 2.61419916153, 0.956442892551, 0.417545080185, 0.270527303219, 0.0698093920946, 0.0172897912562, 0.00717003131285, 0.00463691167533, 0.00233651953749, 0.00113757583313, 0.000535483937711, 0.000264383823378, 0.00011372735753, 3.74698283849e-05, 5.99648456046e-06, 1.76318117155e-05, 4.01573815907e-05],
        "min": [1.52721095219e-05, 0.000236526597291, 0.000855822698213, 0.00296295899898, 0.0066471430473, 0.0126243494451, 0.0528946816921, 0.275183588266, 0.904623031616, 0.505379855633, 0.600898265839, 0.370522171259, 1.06711041927, 0.456966757774, 0.525213062763, 0.404803901911, 0.496432870626, 1.10970711708, 0.659257233143, 1.12010741234, 0.814818024635, 0.556886732578, 0.522573232651, 0.166466400027, 0.0590721182525, 0.0274877157062, 0.0241093467921, 0.00583293102682, 0.00176698120777, 0.00108622328844, 0.000817382591777, 0.00018731977616, 8.73838216648e-05, 2.58999516518e-05, 8.69482300914e-06, 3.97035591959e-06, 1.73961836936e-06, 3.05480625684e-07, 1.39384553677e-06, 3.02181956613e-06],
        "var": [0.0693154036999, 2.72793149948, 12.1413402557, 31.9477348328, 192.629730225, 205.782165527, 696.997924805, 729.984558105, 4484.77685547, 7579.06982422, 2174.47827148, 1918.18347168, 4177.65087891, 10062.8046875, 11132.4951172, 11389.453125, 7734.31152344, 14151.0595703, 3016.8425293, 917.188049316, 957.132629395, 72.6184310913, 112.684204102, 25.0205249786, 1.41744863987, 0.297477275133, 0.45222723484, 0.0266176294535, 0.00144085742068, 0.00117085699458, 0.000464798737084, 0.000118717725854, 4.85524615215e-05, 1.21042849059e-05, 2.57939791481e-06, 7.93453239112e-07, 3.57878860768e-07, 6.99296842654e-09, 8.17091325156e-11, 4.20172036053e-10]
    },
    "gfcc": {
        "mean": [-68.5174407959, 206.694610596, -161.6849823, -0.694889724255, -19.5762634277, -15.4625263214, -25.4959659576, -12.8256292343, -16.0369472504, -12.2750434875, -1.40045690536, -12.0665311813, 1.0123193264],
        "cov": [[1001.07568359, 82.0363235474, -10.8228139877, -173.040298462, 135.336761475, 247.726608276, -35.6435852051, 43.0342102051, 38.4412651062, 13.5327568054, 69.3391952515, 65.8539657593, 22.2411556244], [82.0363235474, 372.487457275, 267.926483154, 66.8866729736, 189.405227661, 93.3403778076, 92.9140625, 3.43368554115, 28.3869037628, -16.4030151367, 28.8854370117, 4.80881977081, 41.8221321106], [-10.8228139877, 267.926483154, 488.548553467, 261.652801514, 85.6262817383, 90.7669525146, 119.150787354, 64.2308731079, -1.2857414484, -23.6778793335, -13.6146717072, 5.33735847473, 41.5084381104], [-173.040298462, 66.8866729736, 261.652801514, 520.893798828, -16.8797245026, -34.4446411133, 183.977325439, 16.5962467194, 16.8221206665, -29.118888855, -19.4404468536, -10.6831293106, 14.0786466599], [135.336761475, 189.405227661, 85.6262817383, -16.8797245026, 273.398040771, 99.2863082886, 71.6449432373, 76.9227676392, 79.4329986572, 70.6753616333, 33.2824897766, 10.09562397, -9.05036830902], [247.726608276, 93.3403778076, 90.7669525146, -34.4446411133, 99.2863082886, 169.98425293, 42.5891075134, 73.4356536865, 59.6875114441, 30.9907302856, 49.6481056213, 23.4646682739, 28.4335098267], [-35.6435852051, 92.9140625, 119.150787354, 183.977325439, 71.6449432373, 42.5891075134, 173.02166748, 54.4838600159, 52.3408584595, 28.6845817566, 12.1994066238, 8.47979545593, 8.75246906281], [43.0342102051, 3.43368554115, 64.2308731079, 16.5962467194, 76.9227676392, 73.4356536865, 54.4838600159, 160.84588623, 91.5384216309, 67.680770874, 21.2007789612, -14.2467813492, -3.22920155525], [38.4412651062, 28.3869037628, -1.2857414484, 16.8221206665, 79.4329986572, 59.6875114441, 52.3408584595, 91.5384216309, 112.816131592, 59.6448822021, 41.0806541443, -3.39398097992, 1.70525157452], [13.5327568054, -16.4030151367, -23.6778793335, -29.118888855, 70.6753616333, 30.9907302856, 28.6845817566, 67.680770874, 59.6448822021, 90.3982772827, 28.533870697, 10.0952596664, -9.21778011322], [69.3391952515, 28.8854370117, -13.6146717072, -19.4404468536, 33.2824897766, 49.6481056213, 12.1994066238, 21.2007789612, 41.0806541443, 28.533870697, 78.0135498047, 38.8535041809, 26.7613067627], [65.8539657593, 4.80881977081, 5.33735847473, -10.6831293106, 10.09562397, 23.4646682739, 8.47979545593, -14.2467813492, -3.39398097992, 10.0952596664, 38.8535041809, 74.7062683105, 32.0846633911], [22.2411556244, 41.8221321106, 41.5084381104, 14.0786466599, -9.05036830902, 28.4335098267, 8.75246906281, -3.22920155525, 1.70525157452, -9.21778011322, 26.7613067627, 32.0846633911, 60.4467697144]],
        "icov": [[0.00209880666807, -0.00114419299643, 0.00152214046102, -0.0008378624334, 0.00017523272254, -0.0043094237335, 0.00171206484083, -0.000848960189614, 0.00101372727659, 0.000453818269307, 0.0011388452258, -0.00238200719468, 0.00173015287146], [-0.00114419299643, 0.0206979680806, -0.0127696720883, 0.00724799372256, -0.0128126889467, 0.00666261604056, -0.00940508209169, 0.0130463419482, -0.00748052587733, 0.00955023150891, -0.0103972600773, 0.0131051680073, -0.0104980701581], [0.00152214046102, -0.0127696720883, 0.0131311016157, -0.00728928623721, 0.005856344942, -0.00834408123046, 0.00657517230138, -0.0109356706962, 0.00888758990914, -0.00414987187833, 0.00830738712102, -0.00869469996542, 0.00427492661402], [-0.0008378624334, 0.00724799372256, -0.00728928623721, 0.00807321444154, -0.00287577975541, 0.00639893859625, -0.00873201806098, 0.00555782485753, -0.00526264682412, 0.00481288554147, -0.00470660440624, 0.00537259457633, -0.00334619032219], [0.00017523272254, -0.0128126889467, 0.005856344942, -0.00287577975541, 0.0148457949981, -0.00489748781547, 0.0035526396241, -0.0060969828628, 0.00126603420358, -0.00924295932055, 0.00640703830868, -0.00816455762833, 0.00918698776513], [-0.0043094237335, 0.00666261604056, -0.00834408123046, 0.00639893859625, -0.00489748781547, 0.0228066053241, -0.00774888787419, 0.00154494016897, -0.00625982135534, 0.00455066561699, -0.00922995153815, 0.00674704369158, -0.00766577618197], [0.00171206484083, -0.00940508209169, 0.00657517230138, -0.00873201806098, 0.0035526396241, -0.00774888787419, 0.0186262819916, -0.00645054178312, 0.0014668086078, -0.00601065251976, 0.00743112340569, -0.00922295358032, 0.00517876306549], [-0.000848960189614, 0.0130463419482, -0.0109356706962, 0.00555782485753, -0.0060969828628, 0.00154494016897, -0.00645054178312, 0.0250939838588, -0.0149958422408, -0.00189493852668, -0.00384741625749, 0.0115646095946, -0.00616516778246], [0.00101372727659, -0.00748052587733, 0.00888758990914, -0.00526264682412, 0.00126603420358, -0.00625982135534, 0.0014668086078, -0.0149958422408, 0.0315359272063, -0.00802026409656, -0.00568408425897, 0.00180016539525, 0.00149420916568], [0.000453818269307, 0.00955023150891, -0.00414987187833, 0.00481288554147, -0.00924295932055, 0.00455066561699, -0.00601065251976, -0.00189493852668, -0.00802026409656, 0.0300391893834, -0.00765658263117, -0.000648767338134, 0.000739881885238], [0.0011388452258, -0.0103972600773, 0.00830738712102, -0.00470660440624, 0.00640703830868, -0.00922995153815, 0.00743112340569, -0.00384741625749, -0.00568408425897, -0.00765658263117, 0.0337050296366, -0.0177627913654, -0.000315281475196], [-0.00238200719468, 0.0131051680073, -0.00869469996542, 0.00537259457633, -0.00816455762833, 0.00674704369158, -0.00922295358032, 0.0115646095946, 0.00180016539525, -0.000648767338134, -0.0177627913654, 0.0348460637033, -0.0166961420327], [0.00173015287146, -0.0104980701581, 0.00427492661402, -0.00334619032219, 0.00918698776513, -0.00766577618197, 0.00517876306549, -0.00616516778246, 0.00149420916568, 0.000739881885238, -0.000315281475196, -0.0166961420327, 0.0339887477458]]
    },
    "melbands": {
        "dmean": [0.000488071789732, 0.000545784714632, 0.000513081322424, 0.000345281587215, 0.000357012759196, 0.000139377312735, 0.000138608476846, 0.000164332974236, 4.90273996547e-05, 4.10389184253e-05, 8.00494162831e-05, 6.10757851973e-05, 5.11944854225e-05, 6.8061890488e-05, 3.63373910659e-05, 3.87204963772e-05, 4.65011798951e-05, 2.30649093282e-05, 1.06228135337e-05, 1.36772505357e-05, 6.64372782921e-06, 3.49426022694e-06, 4.74747503176e-06, 1.60449815212e-06, 1.57942508849e-06, 5.90648880916e-07, 1.87437734667e-07, 1.47512182025e-07, 1.56778725113e-07, 6.81491911791e-08, 1.83541857268e-08, 6.96411195378e-09, 4.83463979961e-09, 3.43703088213e-09, 2.75479750123e-09, 1.99609639928e-09, 1.39417444256e-09, 1.08046449565e-09, 8.15777001506e-10, 5.22504262079e-10],
        "dmean2": [0.000702587189153, 0.000774257350713, 0.000810609431937, 0.000566802802496, 0.000600043334998, 0.000215769323404, 0.000208174184081, 0.000230204997933, 7.12692562956e-05, 5.94477605773e-05, 0.000110591572593, 8.68130591698e-05, 7.17263465049e-05, 9.26227803575e-05, 4.96362081321e-05, 5.74059631617e-05, 6.65072511765e-05, 3.50290756614e-05, 1.60672789207e-05, 2.06796576094e-05, 1.03830634544e-05, 5.39483471584e-06, 7.80494883657e-06, 2.57601845988e-06, 2.60315869127e-06, 1.00040415418e-06, 3.12527276947e-07, 2.45499194307e-07, 2.62523826677e-07, 1.10373818529e-07, 3.0988772437e-08, 1.15179679128e-08, 7.93952192879e-09, 5.69118041582e-09, 4.27070334652e-09, 3.30951199778e-09, 2.25934715381e-09, 1.76827907872e-09, 1.31120070357e-09, 8.64377236454e-10],
        "dvar": [8.1912190808e-07, 1.05141828044e-06, 6.41064616502e-07, 2.34833692048e-07, 3.26219890212e-07, 4.85630309299e-08, 7.94909098545e-08, 6.6775847074e-08, 1.04604245266e-08, 9.58658130656e-09, 2.00454941535e-08, 1.57463482253e-08, 6.92758250764e-09, 1.10055440317e-08, 6.19042062056e-09, 7.72028840856e-09, 8.39609803904e-09, 1.60651258962e-09, 5.02572095051e-10, 3.8878569808e-10, 1.89743790124e-10, 1.70806303129e-11, 3.99291676112e-11, 6.46180591674e-12, 5.93890128048e-12, 8.60329006386e-13, 6.15236892465e-14, 6.43981260462e-14, 1.09113388355e-13, 2.36935782951e-14, 1.10669375597e-15, 1.45204039116e-16, 2.70957687135e-16, 3.62270750524e-16, 5.9664530966e-17, 3.00414164465e-17, 1.7328485884e-17, 2.63530180952e-17, 1.84858025508e-17, 8.28664491854e-18],
        "dvar2": [1.63371817052e-06, 1.97101394406e-06, 2.04996172215e-06, 5.88153056924e-07, 9.85828933153e-07, 1.15962329517e-07, 2.13704012708e-07, 1.37410623324e-07, 2.19622844355e-08, 1.83982393764e-08, 4.15928305131e-08, 3.42274049103e-08, 1.46471323959e-08, 2.12363584495e-08, 1.18953140671e-08, 1.78641812454e-08, 1.6806273706e-08, 4.25924318037e-09, 1.06403708067e-09, 8.25018942052e-10, 4.99969010637e-10, 3.83324830211e-11, 1.07379889702e-10, 1.63274359311e-11, 1.38741284086e-11, 2.33557249062e-12, 1.57893433029e-13, 1.81899010828e-13, 2.72691727055e-13, 5.94273978985e-14, 2.99091145324e-15, 4.08068339675e-16, 6.94006916212e-16, 9.61387794969e-16, 1.19472872245e-16, 7.15704459249e-17, 4.2973309989e-17, 6.86535026826e-17, 4.65965430517e-17, 2.18906086466e-17],
        "max": [0.0122462678701, 0.011974551715, 0.0106183188036, 0.00639118161052, 0.00720487209037, 0.00546733895317, 0.00665438640863, 0.0057134302333, 0.00195494061336, 0.00331508484669, 0.00252265366726, 0.00270404061303, 0.00149658753071, 0.00219523278065, 0.00156005984172, 0.00188780843746, 0.00198080949485, 0.000898666738067, 0.000458073045593, 0.000364698003978, 0.000338200828992, 6.0103728174e-05, 9.07356516109e-05, 4.06028884754e-05, 6.16109900875e-05, 1.40790853038e-05, 3.83902442991e-06, 5.31612658961e-06, 7.6811247709e-06, 3.95695496991e-06, 6.46672617677e-07, 1.74151608689e-07, 3.28076595224e-07, 3.84585320035e-07, 1.89857118471e-07, 8.76807746408e-08, 7.90328869016e-08, 1.2805087124e-07, 1.10961707378e-07, 7.6364585766e-08],
        "mean": [0.00139154971112, 0.00149618391879, 0.00157600140665, 0.000973218760919, 0.000838799867779, 0.000558927073143, 0.000710640510079, 0.00075160805136, 0.000181064766366, 0.000160219482495, 0.000281788554275, 0.000273668993032, 0.000255583785474, 0.000310474570142, 0.000131662789499, 0.000129884501803, 0.00017687518266, 8.70330186444e-05, 4.12285335187e-05, 4.64681870653e-05, 2.31794310821e-05, 1.00793804449e-05, 1.15950679174e-05, 3.99869622925e-06, 3.57133103535e-06, 1.32394359298e-06, 4.66880862859e-07, 3.78623951747e-07, 3.52181359631e-07, 1.43993844404e-07, 4.45478143263e-08, 1.78949282059e-08, 1.00756816224e-08, 6.71029276589e-09, 6.33629682056e-09, 4.66397720444e-09, 3.02939784369e-09, 1.93676030769e-09, 1.43571454725e-09, 9.04580299554e-10],
        "median": [0.000321685656672, 0.000667076383252, 0.00128688209224, 0.000796376203652, 0.000481850176584, 0.000398566364311, 0.000249608594459, 0.000170799394255, 3.96170216845e-05, 3.6557619751e-05, 0.000130311440444, 3.46972956322e-05, 0.000123820325825, 0.000168818660313, 1.8184815417e-05, 1.50359373947e-05, 4.1650433559e-05, 4.20731266786e-05, 6.43906287223e-06, 2.12864742934e-05, 9.32030525291e-06, 7.00558757671e-06, 7.1132717494e-06, 2.12394979826e-06, 2.21065943151e-06, 8.45833142193e-07, 3.31771929041e-07, 2.57529762848e-07, 2.0542890411e-07, 7.32439531248e-08, 2.59052868046e-08, 9.09197872545e-09, 5.28711341374e-09, 2.95817081941e-09, 2.62606247858e-09, 1.7440733302e-09, 1.26035659687e-09, 8.00560395753e-10, 5.24870480412e-10, 3.84066833892e-10],
