{
"highlevel": {
    "danceability": {
        "all": {
            "danceable": 0.988716840744,
            "not_danceable": 0.0112831648439
        },
        "probability": 0.988716840744,
        "value": "danceable"
    },
    "gender": {
        "all": {
            "female": 0.554338276386,
            "male": 0.445661753416
        },
        "probability": 0.554338276386,
        "value": "female"
    },
    "genre_dortmund": {
        "all": {
            "alternative": 0.0653257369995,
            "blues": 0.0898591279984,
            "electronic": 0.00607059663162,
            "folkcountry": 0.0686117187142,
            "funksoulrnb": 0.00439454801381,
            "jazz": 0.0160087607801,
            "pop": 0.0255459733307,
            "raphiphop": 0.0203209202737,
            "rock": 0.703862607479
        },
        "probability": 0.703862607479,
        "value": "rock"
    },
    "genre_electronic": {
        "all": {
            "ambient": 0.625542581081,
            "dnb": 0.18156863749,
            "house": 0.143623054028,
            "techno": 0.0223311707377,
            "trance": 0.0269345603883
        },
        "probability": 0.625542581081,
        "value": "ambient"
    },
    "genre_rosamerica": {
        "all": {
            "cla": 0.0584750138223,
            "dan": 0.0166544765234,
            "hip": 0.0293623711914,
            "jaz": 0.0285397041589,
            "pop": 0.111387364566,
            "rhy": 0.0450883060694,
            "roc": 0.687882483006,
            "spe": 0.0226102545857
        },
        "probability": 0.687882483006,
        "value": "roc"
    },
    "genre_tzanetakis": {
        "all": {
            "blu": 0.0626541376114,
            "cla": 0.0348133966327,
            "cou": 0.0783501937985,
            "dis": 0.104547761381,
            "hip": 0.15693578124,
            "jaz": 0.313987255096,
            "met": 0.044816005975,
            "pop": 0.0627349764109,
            "reg": 0.0627352520823,
            "roc": 0.0784252434969
        },
        "probability": 0.313987255096,
        "value": "jaz"
    },
    "ismir04_rhythm": {
        "all": {
            "ChaChaCha": 0.323325932026,
            "Jive": 0.109502978623,
            "Quickstep": 0.0509220249951,
            "Rumba-American": 0.0157592985779,
            "Rumba-International": 0.050786934793,
            "Rumba-Misc": 0.0290927812457,
            "Samba": 0.0716716572642,
            "Tango": 0.0859807655215,
            "VienneseWaltz": 0.204689458013,
            "Waltz": 0.0582681521773
        },
        "probability": 0.323325932026,
        "value": "ChaChaCha"
    },
    "mood_acoustic": {
        "all": {
            "acoustic": 0.00342622748576,
            "not_acoustic": 0.996573746204
        },
        "probability": 0.996573746204,
        "value": "not_acoustic"
    },
    "mood_aggressive": {
        "all": {
            "aggressive": 0.819917917252,
            "not_aggressive": 0.180082067847
        },
        "probability": 0.819917917252,
        "value": "aggressive"
    },
    "mood_electronic": {
        "all": {
            "electronic": 0.0514729358256,
            "not_electronic": 0.948527038097
        },
        "probability": 0.948527038097,
        "value": "not_electronic"
    },
    "mood_happy": {
        "all": {
            "happy": 0.308521598577,
            "not_happy": 0.691478431225
        },
        "probability": 0.691478431225,
        "value": "not_happy"
    },
    "mood_party": {
        "all": {
            "not_party": 0.471220999956,
            "party": 0.528779029846
        },
        "probability": 0.528779029846,
        "value": "party"
    },
    "mood_relaxed": {
        "all": {
            "not_relaxed": 0.381875932217,
            "relaxed": 0.618124067783
        },
        "probability": 0.618124067783,
        "value": "relaxed"
    },
    "mood_sad": {
        "all": {
            "not_sad": 0.93608546257,
            "sad": 0.0639145299792
        },
        "probability": 0.93608546257,
        "value": "not_sad"
    },
    "moods_mirex": {
        "all": {
            "Cluster1": 0.264589130878,
            "Cluster2": 0.192674815655,
            "Cluster3": 0.138801947236,
            "Cluster4": 0.321884155273,
            "Cluster5": 0.0820499509573
        },
        "probability": 0.321884155273,
        "value": "Cluster4"
    },
    "timbre": {
        "all": {
            "bright": 0.219437241554,
            "dark": 0.780562758446
        },
        "probability": 0.780562758446,
        "value": "dark"
    },
    "tonal_atonal": {
        "all": {
            "atonal": 0.198925599456,
            "tonal": 0.801074385643
        },
        "probability": 0.801074385643,
        "value": "tonal"
    },
    "voice_instrumental": {
        "all": {
            "instrumental": 0.533811032772,
            "voice": 0.466188967228
        },
        "probability": 0.533811032772,
        "value": "instrumental"
    }
},
"lowlevel": {
    "average_loudness": 0.876756429672,
    "barkbands_crest": {
        "dmean": 1.71099472046,
        "dmean2": 2.65816760063,
        "dvar": 3.67391729355,
        "dvar2": 8.13125610352,
        "max": 25.1528530121,
        "mean": 11.4529237747,
        "median": 9.37401485443,
        "min": 3.1908993721,
        "var": 36.2426071167
    },
    "barkbands_flatness_db": {
        "dmean": 0.0214256290346,
        "dmean2": 0.0339289978147,
        "dvar": 0.000532475940417,
        "dvar2": 0.0012750356691,
        "max": 0.811035454273,
        "mean": 0.234153285623,
        "median": 0.161475285888,
        "min": 0.0860818699002,
        "var": 0.029402686283
    },
    "barkbands_kurtosis": {
        "dmean": 2.80781531334,
        "dmean2": 4.38577222824,
        "dvar": 97.9965667725,
        "dvar2": 191.671035767,
        "max": 255.254302979,
        "mean": 5.76122045517,
        "median": 0.237606525421,
        "min": -1.70042741299,
        "var": 443.106811523
    },
    "barkbands_skewness": {
        "dmean": 0.425089031458,
        "dmean2": 0.647177815437,
        "dvar": 0.395032316446,
        "dvar2": 0.718525886536,
        "max": 13.4563045502,
        "mean": 1.47461545467,
        "median": 1.07659363747,
        "min": -0.730146408081,
        "var": 2.73532986641
    },
    "barkbands_spread": {
        "dmean": 3.198533535,
        "dmean2": 4.95663356781,
        "dvar": 14.8645801544,
        "dvar2": 32.0702362061,
        "max": 68.2620391846,
        "mean": 19.1597251892,
        "median": 21.7003192902,
        "min": 0.299854516983,
        "var": 142.846191406
    },
    "dissonance": {
        "dmean": 0.0184532217681,
        "dmean2": 0.0309070162475,
        "dvar": 0.000506011245307,
        "dvar2": 0.00130742124747,
        "max": 0.499475777149,
        "mean": 0.44322130084,
        "median": 0.469362437725,
        "min": 0.140142828226,
        "var": 0.00417647417635
    },
    "dynamic_complexity": 4.46257686615,
    "erbbands_crest": {
        "dmean": 1.95108306408,
        "dmean2": 3.08160161972,
        "dvar": 4.42275571823,
        "dvar2": 9.79236698151,
        "max": 26.4394378662,
        "mean": 10.7003898621,
        "median": 9.46367835999,
        "min": 3.46296286583,
        "var": 22.935333252
    },
    "erbbands_flatness_db": {
        "dmean": 0.0177370849997,
        "dmean2": 0.0263797920197,
        "dvar": 0.000320073158946,
        "dvar2": 0.000717250455637,
        "max": 0.529405653477,
        "mean": 0.226827785373,
        "median": 0.197614595294,
        "min": 0.0937092527747,
        "var": 0.00831854343414
    },
    "erbbands_kurtosis": {
        "dmean": 1.32952296734,
        "dmean2": 2.22220110893,
        "dvar": 7.35712718964,
        "dvar2": 21.470867157,
        "max": 42.4945716858,
        "mean": 2.41549181938,
        "median": -0.0171082019806,
        "min": -1.64381170273,
        "var": 40.7152748108
    },
    "erbbands_skewness": {
        "dmean": 0.320031404495,
        "dmean2": 0.496665477753,
        "dvar": 0.0906570181251,
        "dvar2": 0.19717361033,
        "max": 4.47324037552,
        "mean": 0.351758390665,
        "median": 0.000705010839738,
        "min": -1.7544645071,
        "var": 1.37122607231
    },
    "erbbands_spread": {
        "dmean": 4.20515871048,
        "dmean2": 6.5292301178,
        "dvar": 43.4501609802,
        "dvar2": 90.2746047974,
        "max": 152.754745483,
        "mean": 26.7614765167,
        "median": 26.9893779755,
        "min": 1.21221864223,
        "var": 233.46321106
    },
    "hfc": {
        "dmean": 3.3920981884,
        "dmean2": 4.86848545074,
        "dvar": 19.0668983459,
        "dvar2": 39.2001419067,
        "max": 64.1256256104,
        "mean": 19.1281032562,
        "median": 17.8094577789,
        "min": 0.0343609377742,
        "var": 229.67628479
    },
    "melbands_crest": {
        "dmean": 2.51867675781,
        "dmean2": 4.13313770294,
        "dvar": 7.39712619781,
        "dvar2": 19.6542453766,
        "max": 32.0438613892,
        "mean": 15.9054269791,
        "median": 16.2624797821,
        "min": 3.95589113235,
        "var": 28.9196872711
    },
    "melbands_flatness_db": {
        "dmean": 0.0250140745193,
        "dmean2": 0.0388699881732,
        "dvar": 0.000718773866538,
        "dvar2": 0.0016282874858,
        "max": 0.969776272774,
        "mean": 0.295505851507,
        "median": 0.20883923769,
        "min": 0.101746998727,
        "var": 0.0446165651083
    },
    "melbands_kurtosis": {
        "dmean": 5.77434778214,
        "dmean2": 8.69167995453,
        "dvar": 375.509674072,
        "dvar2": 772.23260498,
        "max": 446.448608398,
        "mean": 13.6010637283,
        "median": 3.23003816605,
        "min": -1.46979248524,
        "var": 1773.56591797
    },
    "melbands_skewness": {
        "dmean": 0.538421988487,
        "dmean2": 0.820740818977,
        "dvar": 0.589344859123,
        "dvar2": 1.14883685112,
        "max": 15.3214979172,
        "mean": 2.23072957993,
        "median": 1.75352871418,
        "min": -0.186166971922,
        "var": 3.55269932747
    },
    "melbands_spread": {
        "dmean": 4.89342689514,
        "dmean2": 7.67040920258,
        "dvar": 34.438659668,
        "dvar2": 84.3764190674,
        "max": 63.3791999817,
        "mean": 22.1954650879,
        "median": 22.5667819977,
        "min": 0.398755759001,
        "var": 236.571563721
    },
    "pitch_salience": {
        "dmean": 0.0550732389092,
        "dmean2": 0.0901335924864,
        "dvar": 0.00392099004239,
        "dvar2": 0.00956112053245,
        "max": 0.77963757515,
        "mean": 0.504825890064,
        "median": 0.526902318001,
        "min": 0.0870836377144,
        "var": 0.0167267974466
    },
    "silence_rate_20dB": {
        "dmean": 0,
        "dmean2": 0,
        "dvar": 0,
        "dvar2": 0,
        "max": 1,
        "mean": 1,
        "median": 1,
        "min": 1,
        "var": 0
    },
    "silence_rate_30dB": {
        "dmean": 0.00154798757285,
        "dmean2": 0.00309837330133,
        "dvar": 0.00154558010399,
        "dvar2": 0.00463790167123,
        "max": 1,
        "mean": 0.999226629734,
        "median": 1,
        "min": 0,
        "var": 0.000772795174271
    },
    "silence_rate_60dB": {
        "dmean": 0.0100619196892,
        "dmean2": 0.020139425993,
        "dvar": 0.00996065977961,
        "dvar2": 0.0274797193706,
        "max": 1,
        "mean": 0.136890947819,
        "median": 0,
        "min": 0,
        "var": 0.118151850998
    },
    "spectral_centroid": {
        "dmean": 145.732208252,
        "dmean2": 223.088638306,
        "dvar": 31119.3320312,
        "dvar2": 68304.171875,
        "max": 2184.28564453,
        "mean": 1188.76806641,
        "median": 1375.78308105,
        "min": 110.291137695,
        "var": 347002.46875
    },
    "spectral_complexity": {
        "dmean": 2.6068110466,
        "dmean2": 4.11618900299,
        "dvar": 7.58387994766,
        "dvar2": 18.483915329,
        "max": 47,
        "mean": 21.5421504974,
        "median": 27,
        "min": 1,
        "var": 183.275588989
    },
    "spectral_decrease": {
        "dmean": 1.69638059155e-09,
        "dmean2": 2.68629429812e-09,
        "dvar": 9.74088633805e-18,
        "dvar2": 2.26077361874e-17,
        "max": -5.56356002934e-11,
        "mean": -6.28985441509e-09,
        "median": -5.26093657527e-09,
        "min": -3.62852468072e-08,
        "var": 2.67156606931e-17
    },
    "spectral_energy": {
        "dmean": 0.00659393100068,
        "dmean2": 0.0103804124519,
        "dvar": 0.000142571341712,
        "dvar2": 0.000329354370479,
        "max": 0.13885936141,
        "mean": 0.0254743304104,
        "median": 0.0216970033944,
        "min": 0.000218158587813,
        "var": 0.000424099853262
    },
    "spectral_energyband_high": {
        "dmean": 7.58875903557e-05,
        "dmean2": 0.000102688725747,
        "dvar": 1.52058330372e-08,
        "dvar2": 2.85327441674e-08,
        "max": 0.00191156042274,
        "mean": 0.000252324854955,
        "median": 0.000192477673409,
        "min": 3.44066941604e-10,
        "var": 6.8270743725e-08
    },
    "spectral_energyband_low": {
        "dmean": 0.00399897387251,
        "dmean2": 0.00663057761267,
        "dvar": 9.02438405319e-05,
        "dvar2": 0.000227084950893,
        "max": 0.125982031226,
        "mean": 0.00915961526334,
        "median": 0.00547300977632,
        "min": 1.04996561276e-05,
        "var": 0.00016035369481
    },
    "spectral_energyband_middle_high": {
        "dmean": 0.00152829976287,
        "dmean2": 0.00229166867211,
        "dvar": 4.51263213108e-06,
        "dvar2": 9.94627589535e-06,
        "max": 0.0366183444858,
        "mean": 0.00675388472155,
        "median": 0.00560577679425,
        "min": 1.89558457819e-09,
        "var": 4.55388399132e-05
    },
    "spectral_energyband_middle_low": {
        "dmean": 0.00366082880646,
        "dmean2": 0.00579777080566,
        "dvar": 6.92847243045e-05,
        "dvar2": 0.000163681193953,
        "max": 0.0852230638266,
        "mean": 0.00998502410948,
        "median": 0.00859845243394,
        "min": 3.60860431101e-05,
        "var": 0.000104884536995
    },
    "spectral_entropy": {
        "dmean": 0.107129395008,
        "dmean2": 0.155899614096,
        "dvar": 0.0191048048437,
        "dvar2": 0.0307826381177,
        "max": 8.04848766327,
        "mean": 6.93044424057,
        "median": 7.50271940231,
        "min": 3.32065796852,
        "var": 1.57155179977
    },
    "spectral_flux": {
        "dmean": 0.0171762891114,
        "dmean2": 0.0270728673786,
        "dvar": 0.00064652931178,
        "dvar2": 0.00157065084204,
        "max": 0.319313406944,
        "mean": 0.0676066428423,
        "median": 0.064969189465,
        "min": 0.000589360366575,
        "var": 0.00250654341653
    },
    "spectral_kurtosis": {
        "dmean": 11.9295034409,
        "dmean2": 20.1281929016,
        "dvar": 1241.07580566,
        "dvar2": 3423.70532227,
        "max": 492.831268311,
        "mean": 35.3686828613,
        "median": 6.57473659515,
        "min": -1.52947926521,
        "var": 6492.21435547
    },
    "spectral_rms": {
        "dmean": 0.000533842190634,
        "dmean2": 0.000820498506073,
        "dvar": 6.6120765041e-07,
        "dvar2": 1.45292744946e-06,
        "max": 0.0116392681375,
        "mean": 0.00453200843185,
        "median": 0.00460084853694,
        "min": 0.000461343297502,
        "var": 4.31390435551e-06
    },
    "spectral_rolloff": {
        "dmean": 288.114501953,
        "dmean2": 479.385742188,
        "dvar": 213603.046875,
        "dvar2": 456984.78125,
        "max": 8074.95117188,
        "mean": 1323.45349121,
        "median": 1464.2578125,
        "min": 86.1328125,
        "var": 761498
    },
    "spectral_skewness": {
        "dmean": 0.486067831516,
        "dmean2": 0.776296794415,
        "dvar": 0.69049435854,
        "dvar2": 1.69263923168,
        "max": 19.1706733704,
        "mean": 3.13448929787,
        "median": 1.63356244564,
        "min": 0.0924165844917,
        "var": 15.0961446762
    },
    "spectral_spread": {
        "dmean": 407937.375,
        "dmean2": 591040.0625,
        "dvar": 329081094144,
        "dvar2": 485682380800,
        "max": 15890007,
        "mean": 2886008,
        "median": 2686858,
        "min": 212805.796875,
        "var": 2.25971011584e+12
    },
    "spectral_strongpeak": {
        "dmean": 0.331036746502,
        "dmean2": 0.558260977268,
        "dvar": 0.371868550777,
        "dvar2": 0.976880133152,
        "max": 7.18836545944,
        "mean": 0.841212511063,
        "median": 0.513855278492,
        "min": 0,
        "var": 0.650635361671
    },
    "zerocrossingrate": {
        "dmean": 0.00506308348849,
        "dmean2": 0.00621792720631,
        "dvar": 3.28738860844e-05,
        "dvar2": 4.39001341874e-05,
        "max": 0.1513671875,
        "mean": 0.042428355664,
        "median": 0.04638671875,
        "min": 0.00244140625,
        "var": 0.00051246775547
    },
    "barkbands": {
        "dmean": [0.000117675124784, 0.0022766541224, 0.00179578224197, 0.00111488788389, 0.000977851334028, 0.000859277613927, 0.000925143249333, 0.000818101456389, 0.000801610702183, 0.000432832312072, 0.000350623275153, 0.000335621269187, 0.000266124348855, 0.000260822533164, 0.000357873388566, 0.000563602661714, 0.00038228649646, 0.000174606902874, 9.23549159779e-05, 4.43096541858e-05, 2.49107270065e-05, 1.46429083543e-05, 1.80552069651e-05, 1.5410621927e-05, 8.06716525403e-06, 6.83328835294e-06, 1.94067895087e-09],
        "dmean2": [0.00018343787815, 0.00376754510216, 0.00303879752755, 0.00187181704678, 0.00162008858752, 0.00141247175634, 0.00145115691703, 0.00135257758666, 0.00123408460058, 0.00069384748349, 0.000538855034392, 0.000554636062589, 0.000425699108746, 0.000412945868447, 0.000568925577682, 0.000931888935156, 0.00062862818595, 0.000280877691694, 0.000149484563735, 7.3529437941e-05, 3.98807715101e-05, 2.04422412935e-05, 2.4319953809e-05, 2.24836821872e-05, 1.22894762171e-05, 9.76344745141e-06, 2.8555631193e-09],
        "dvar": [6.80695848132e-07, 2.96431899187e-05, 1.67851703736e-05, 1.01622945294e-05, 1.3050216694e-05, 2.78659967989e-06, 3.32672789227e-06, 2.74012177215e-06, 3.02310900224e-06, 1.19980700219e-06, 1.06467291516e-06, 4.3970831598e-07, 4.67190943709e-07, 3.1217851415e-07, 3.80118649446e-07, 7.97914140094e-07, 3.27938096234e-07, 6.91917634299e-08, 1.65321711876e-08, 3.26012350449e-09, 1.12319442636e-09, 6.22166540509e-10, 2.48020604054e-09, 1.9575232546e-09, 6.16324047353e-10, 1.66210267771e-10, 9.84547793329e-16],
        "dvar2": [1.37410779644e-06, 7.28418526705e-05, 4.77854082419e-05, 2.51114397543e-05, 3.32716372213e-05, 7.60806233302e-06, 8.1611888163e-06, 7.08582820153e-06, 6.40024336462e-06, 3.12449174089e-06, 2.52318500316e-06, 1.1398950619e-06, 9.84579287433e-07, 7.90373178461e-07, 9.25088443182e-07, 2.07602101909e-06, 8.66752372986e-07, 1.70158187984e-07, 4.36775096091e-08, 9.01583607771e-09, 2.75368083891e-09, 1.26509525078e-09, 4.68737315629e-09, 4.19369694526e-09, 1.51465828768e-09, 3.46996403833e-10, 9.93028075439e-16],
        "max": [0.0139000173658, 0.0676832050085, 0.0428219623864, 0.0295308530331, 0.0355437509716, 0.0217946991324, 0.0250583682209, 0.0187308304012, 0.0304383654147, 0.0165658891201, 0.0196195300668, 0.0124434996396, 0.0165910348296, 0.0129650374874, 0.0114640137181, 0.0137585410848, 0.00687684584409, 0.00392307853326, 0.00184231169987, 0.000765250821132, 0.000480444723507, 0.000415891816374, 0.00118077313527, 0.0007915958995, 0.000508771860041, 0.000139831434353, 1.1267835589e-06],
        "mean": [0.000108827225631, 0.00453655794263, 0.00394318904728, 0.00131570000667, 0.00106204650365, 0.00226055900566, 0.00206437380984, 0.00185867457185, 0.00119250267744, 0.000644518353511, 0.000656764546875, 0.000639677804429, 0.000507290184032, 0.000483243609779, 0.000763704359997, 0.00147619924974, 0.000965550832916, 0.000419765536208, 0.00024275573378, 0.000131720720674, 7.85164666013e-05, 3.77058822778e-05, 3.42409985024e-05, 2.59986627498e-05, 1.30065800477e-05, 1.12503930723e-05, 1.72689673672e-09],
        "median": [3.13385180561e-06, 0.00261058448814, 0.000968786713202, 0.000344771251548, 0.000332413241267, 0.000577621627599, 0.000533911865205, 0.000439314404503, 0.000415239017457, 0.00017320967163, 0.000144913632539, 0.000318647915265, 0.000199684305699, 0.000251971621765, 0.000443032302428, 0.00115694245324, 0.000771388178691, 0.00031000628951, 0.000206442404306, 0.000128942207084, 7.04823178239e-05, 2.26080173888e-05, 9.56785606832e-06, 6.99600695953e-06, 3.94589460484e-06, 3.40228075402e-06, 2.66778765745e-10],
        "min": [9.52968925994e-10, 7.05696265868e-07, 1.24871746721e-06, 8.60796944835e-07, 1.47218372604e-07, 8.59725801661e-08, 2.65611177497e-09, 1.43182177226e-09, 4.22166357428e-10, 1.92134030907e-10, 3.28471305711e-10, 1.14893386471e-10, 1.01583144674e-10, 3.72114700165e-11, 4.23274887362e-11, 1.19311893698e-10, 3.22634766126e-11, 3.15152973163e-11, 3.06155274743e-11, 2.84041141302e-11, 6.48606862663e-11, 5.01534334896e-11, 3.39994005172e-11, 3.51505595464e-11, 7.7903577686e-12, 6.87826445106e-12, 8.98186646586e-12],
        "var": [7.20927516795e-07, 4.21616496169e-05, 4.32984124927e-05, 9.54907136475e-06, 1.09442607936e-05, 8.93415926839e-06, 1.10206947284e-05, 1.08904514491e-05, 6.08310665484e-06, 2.10992948269e-06, 3.22011442222e-06, 9.57071051744e-07, 1.22195615404e-06, 5.52111657726e-07, 1.21655864405e-06, 2.52197946793e-06, 1.04217610897e-06, 2.19463970552e-07, 5.46992993122e-08, 1.12232756422e-08, 4.72167061005e-09, 2.39298114657e-09, 6.50968745575e-09, 4.19914636396e-09, 9.43180977764e-10, 3.45409201241e-10, 9.82828210567e-16]
    },
    "erbbands": {
        "dmean": [0.0363451354206, 0.617418467999, 2.23747730255, 2.39794301987, 5.06564569473, 2.02289295197, 2.07993912697, 9.29054355621, 14.2041835785, 9.21398353577, 20.1459941864, 16.7444477081, 15.5623397827, 12.2709770203, 11.8164539337, 13.161149025, 11.6045084, 11.8111286163, 13.3578510284, 21.4333953857, 30.8558826447, 20.3732662201, 9.92531490326, 6.34297513962, 3.51640343666, 2.06728100777, 1.12698030472, 0.873976767063, 0.559774935246, 0.453232198954, 0.514906167984, 0.381117045879, 0.235882863402, 0.0929359570146, 0.0600795559585, 0.0310826189816, 0.0129648158327, 0.00194315833505, 3.24203938362e-05, 7.84521580499e-06],
        "dmean2": [0.0577536523342, 1.03394722939, 3.83768820763, 4.05624961853, 8.44774627686, 3.29972147942, 3.39828467369, 15.2742547989, 22.4231185913, 15.1917495728, 33.0820617676, 25.7704753876, 24.3829841614, 19.7927703857, 18.6969032288, 21.4288139343, 17.9120101929, 18.8541965485, 21.1046180725, 34.8418197632, 51.4325370789, 33.3875045776, 15.8505916595, 10.3571414948, 5.76607370377, 3.41039633751, 1.82726299763, 1.38618683815, 0.795475959778, 0.601448059082, 0.689863085747, 0.531441569328, 0.351224690676, 0.145506173372, 0.0901374518871, 0.0470250360668, 0.0192586630583, 0.00297458097339, 4.85799391754e-05, 1.1968493709e-05],
        "dvar": [0.0315384157002, 1.84023034573, 24.4043960571, 34.5487937927, 414.630279541, 31.6392593384, 11.9920759201, 363.382904053, 815.839904785, 286.18661499, 1692.23083496, 1455.58007812, 1327.05126953, 1136.28393555, 890.99206543, 746.805358887, 1090.44445801, 527.430541992, 630.889587402, 1177.82250977, 2325.57836914, 957.922424316, 226.802703857, 79.7967453003, 21.5883731842, 7.07061243057, 2.27531933784, 1.32597136497, 0.8580493927, 1.02898418903, 2.43542170525, 1.23059725761, 0.548358380795, 0.103371649981, 0.0231833253056, 0.0041553452611, 0.000640587415546, 1.66418485605e-05, 4.3053951515e-09, 1.85243570483e-10],
        "dvar2": [0.0697703659534, 5.04219007492, 72.4591369629, 88.8684005737, 1058.96960449, 80.8002548218, 31.8042011261, 1001.1862793, 1978.00427246, 756.30657959, 4399.49609375, 2954.9765625, 3085.9453125, 2644.78955078, 2390.28808594, 1870.42114258, 2274.35742188, 1353.5300293, 1520.70263672, 3068.27954102, 6231.5859375, 2553.68041992, 550.431091309, 212.898849487, 57.391658783, 19.0959472656, 5.89470863342, 3.02432966232, 1.80007433891, 1.80137598515, 4.66884756088, 2.47852015495, 1.190710783, 0.251662015915, 0.0539454929531, 0.0096512362361, 0.00132298807148, 3.78521654056e-05, 9.40625444201e-09, 4.08787809159e-10],
        "max": [2.83369660378, 16.8101425171, 51.9507751465, 67.2970275879, 186.891799927, 76.1753921509, 49.6719665527, 246.359359741, 452.383880615, 214.258712769, 477.663024902, 733.214538574, 616.870788574, 683.116882324, 661.377990723, 507.256622314, 865.528747559, 436.162811279, 495.881744385, 542.128173828, 560.184143066, 399.059051514, 219.412246704, 149.108795166, 65.1988754272, 31.2332420349, 21.7188930511, 17.263835907, 15.8153972626, 22.7109088898, 34.8147697449, 19.3257217407, 12.776599884, 6.87458992004, 3.53818035126, 1.15423822403, 0.248403713107, 0.0420684702694, 0.000674284354318, 0.00016073990264],
        "mean": [0.0623287074268, 1.26858377457, 4.80282926559, 3.98847317696, 5.06728410721, 2.59718799591, 4.59244966507, 24.2689762115, 36.1411895752, 22.7797145844, 43.3410415649, 26.3689994812, 24.522649765, 24.4317455292, 24.9815864563, 26.3393325806, 23.8361911774, 24.181634903, 31.4247608185, 56.7641983032, 79.6508712769, 54.4718666077, 27.7243366241, 16.0356521606, 10.267580986, 6.28481292725, 3.63204216957, 2.58796143532, 1.44294214249, 1.02078354359, 0.926007449627, 0.65921485424, 0.37785500288, 0.144366279244, 0.0928642004728, 0.0496208630502, 0.0202375818044, 0.00263524078764, 5.85760717513e-05, 3.20417602779e-05],
        "median": [0.0300023127347, 0.7588763237, 1.46878325939, 1.46940839291, 1.24661302567, 0.865424752235, 2.53812503815, 5.23467445374, 19.3733634949, 11.6939535141, 11.4772481918, 11.5945587158, 7.82273483276, 5.99946212769, 9.89237785339, 13.410779953, 10.206700325, 13.0700006485, 19.2310237885, 42.4256477356, 64.5907211304, 43.789264679, 20.9052085876, 12.9727315903, 9.11646652222, 6.04011392593, 3.25575399399, 2.2805724144, 0.923610806465, 0.413370728493, 0.226561680436, 0.176961794496, 0.099066503346, 0.0406626425683, 0.0270398277789, 0.016653900966, 0.00515820039436, 0.000478234316688, 2.62608264165e-05, 2.80085387203e-05],
        "min": [1.84975124284e-05, 0.000320686667692, 0.0018434493104, 0.00803271494806, 0.0106099806726, 0.00308172451332, 0.000821497116704, 0.000874709221534, 0.000586937589105, 0.000124013909954, 3.20239851135e-05, 1.50032274178e-05, 1.3838121049e-05, 1.74569304363e-05, 1.76099092641e-05, 7.07432900526e-06, 7.11275424692e-06, 4.08931964557e-06, 4.36905429524e-06, 5.37320829608e-06, 6.44866122457e-06, 3.62807531928e-06, 2.60893398263e-06, 1.72329009729e-06, 1.8397556687e-06, 1.60659942594e-06, 2.23699521484e-06, 2.92216395792e-06, 2.39345672526e-06, 1.19577498481e-06, 1.68708652382e-06, 1.44532873492e-06, 9.09025516194e-07, 7.37087361813e-07, 5.93460526943e-07, 4.34700581309e-07, 2.4944785082e-07, 2.1952017093e-08, 1.20737396969e-07, 2.84175200704e-07],
        "var": [0.0336601994932, 2.68903374672, 53.8429107666, 43.275680542, 323.449127197, 37.8050689697, 40.864566803, 1072.63928223, 3235.64550781, 1018.85876465, 5267.27148438, 2785.95288086, 2650.31445312, 3678.90869141, 2442.46899414, 1862.32250977, 2866.37451172, 1198.55493164, 2013.11657715, 4383.51025391, 7327.19189453, 3210.79931641, 892.879638672, 249.823135376, 81.6250762939, 25.9726314545, 9.96299648285, 5.49217987061, 3.19011211395, 3.31576681137, 5.88497924805, 2.84088993073, 1.10698783398, 0.1471657902, 0.0439561642706, 0.00692600850016, 0.00129217992071, 2.65213493549e-05, 7.77841524524e-09, 6.45123454657e-10]
    },
    "gfcc": {
        "mean": [-75.9731826782, 123.410865784, -114.759521484, 29.027425766, -38.8078689575, 0.782827973366, -33.8491897583, 12.5189447403, -10.6792144775, 4.79029893875, -14.3060016632, -1.54110312462, -11.7844085693],
        "cov": [[30569.9160156, -6257.28515625, -10859.5908203, -776.140808105, -2215.80834961, -265.792266846, -1655.60217285, 1464.18078613, -675.678649902, 999.231018066, -1114.72277832, 1156.42114258, -870.835266113], [-6257.28515625, 2330.98657227, 2179.93676758, 202.605484009, 871.951904297, 142.410507202, 565.820129395, -368.796447754, 278.700073242, -340.610595703, 284.563110352, -245.154342651, 326.092437744], [-10859.5908203, 2179.93676758, 4979.38134766, 580.817321777, 1034.9564209, 377.604736328, 555.731201172, -563.378356934, 140.939453125, -405.206726074, 318.721740723, -357.100860596, 346.147216797], [-776.140808105, 202.605484009, 580.817321777, 433.525726318, 255.832061768, 92.0522842407, 64.9257354736, -61.558177948, 78.8520126343, -71.3924179077, 22.8177814484, -31.6061496735, 92.3786010742], [-2215.80834961, 871.951904297, 1034.9564209, 255.832061768, 665.016357422, 140.340682983, 248.106491089, -138.733825684, 122.496528625, -128.420333862, 56.1195526123, -34.2489891052, 146.943084717], [-265.792266846, 142.410507202, 377.604736328, 92.0522842407, 140.340682983, 457.117248535, 39.8684043884, 75.826171875, 17.7877750397, -110.533340454, 26.2031040192, -31.2955474854, 57.4070281982], [-1655.60217285, 565.820129395, 555.731201172, 64.9257354736, 248.106491089, 39.8684043884, 291.092498779, -73.2876434326, 67.6254425049, -76.6762466431, 31.8916893005, -75.7549285889, 46.0861206055], [1464.18078613, -368.796447754, -563.378356934, -61.558177948, -138.733825684, 75.826171875, -73.2876434326, 223.369918823, 23.7494544983, 62.9872398376, -53.9192390442, 11.0371761322, -66.7923965454], [-675.678649902, 278.700073242, 140.939453125, 78.8520126343, 122.496528625, 17.7877750397, 67.6254425049, 23.7494544983, 171.629440308, -24.2430458069, 43.7412490845, -70.5836029053, 30.8349399567], [999.231018066, -340.610595703, -405.206726074, -71.3924179077, -128.420333862, -110.533340454, -76.6762466431, 62.9872398376, -24.2430458069, 146.751571655, -18.5507202148, 56.5426673889, -57.8566856384], [-1114.72277832, 284.563110352, 318.721740723, 22.8177814484, 56.1195526123, 26.2031040192, 31.8916893005, -53.9192390442, 43.7412490845, -18.5507202148, 162.488021851, -5.67657279968, 75.9561386108], [1156.42114258, -245.154342651, -357.100860596, -31.6061496735, -34.2489891052, -31.2955474854, -75.7549285889, 11.0371761322, -70.5836029053, 56.5426673889, -5.67657279968, 162.664840698, 2.24492883682], [-870.835266113, 326.092437744, 346.147216797, 92.3786010742, 146.943084717, 57.4070281982, 46.0861206055, -66.7923965454, 30.8349399567, -57.8566856384, 75.9561386108, 2.24492883682, 130.255401611]],
        "icov": [[0.000445827230578, -0.00021556406864, 0.000790974881966, -0.000709157728124, 0.000102924313978, -0.000625478744041, 0.000692814530339, -0.000322608451825, 0.000562842120416, -0.000694662332535, 0.00131007633172, -0.0011251072865, 0.000483899086248], [-0.00021556406864, 0.00389514910057, -0.000553832622245, 0.00253383745439, -0.00245823268779, 0.00105921924114, -0.002906776499, 0.0016761852894, -0.00236421567388, 0.00345099088736, -0.00299237458967, 0.00261702435091, -0.00353117403574], [0.000790974881966, -0.000553832622245, 0.00200016074814, -0.00163957488257, -0.000252968515269, -0.00148386799265, 0.00122519023716, 0.00025767882471, 0.00174980098382, -0.00148285005707, 0.00168015330564, -0.000853278790601, 0.00112220994197], [-0.000709157728124, 0.00253383745439, -0.00163957488257, 0.00590375065804, -0.00215404387563, 0.00116298731882, -0.00189919082914, 0.00165993231349, -0.00356302852742, 0.00281152897514, -0.00209803599864, 0.00264261523262, -0.00420372281224], [0.000102924313978, -0.00245823268779, -0.000252968515269, -0.00215404387563, 0.00603463174775, -0.0014030165039, -0.000405770173529, 0.000170224186149, -0.00162111700047, -0.00217794231139, 0.00401025358588, -0.00442000385374, 0.000237660380662], [-0.000625478744041, 0.00105921924114, -0.00148386799265, 0.00116298731882, -0.0014030165039, 0.00542673747987, -0.00112277001608, -0.00366962398402, 0.000582978245802, 0.00527359265834, -0.00341673265211, 0.00181226048153, -0.00184275628999], [0.000692814530339, -0.002906776499, 0.00122519023716, -0.00189919082914, -0.000405770173529, -0.00112277001608, 0.00891898199916, -0.00132983084768, 0.00202707480639, -0.00222509913146, 0.003216691548, -0.00133016135078, 0.00379398255609], [-0.000322608451825, 0.0016761852894, 0.00025767882471, 0.00165993231349, 0.000170224186149, -0.00366962398402, -0.00132983084768, 0.0127781741321, -0.00557645736262, -0.0028850142844, 0.000390643370338, 0.00214803498238, 6.84616725266e-06], [0.000562842120416, -0.00236421567388, 0.00174980098382, -0.00356302852742, -0.00162111700047, 0.000582978245802, 0.00202707480639, -0.00557645736262, 0.0143627123907, -0.00211613881402, -0.00169797043782, 0.00355681707151, 0.00214267312549], [-0.000694662332535, 0.00345099088736, -0.00148285005707, 0.00281152897514, -0.00217794231139, 0.00527359265834, -0.00222509913146, -0.0028850142844, -0.00211613881402, 0.0180769246072, -0.00648843171075, -0.00028803179157, 0.000422454933869], [0.00131007633172, -0.00299237458967, 0.00168015330564, -0.00209803599864, 0.00401025358588, -0.00341673265211, 0.003216691548, 0.000390643370338, -0.00169797043782, -0.00648843171075, 0.016876693815, -0.00673669204116, -0.00288824993186], [-0.0011251072865, 0.00261702435091, -0.000853278790601, 0.00264261523262, -0.00442000385374, 0.00181226048153, -0.00133016135078, 0.00214803498238, 0.00355681707151, -0.00028803179157, -0.00673669204116, 0.0168643668294, -0.00525286514312], [0.000483899086248, -0.00353117403574, 0.00112220994197, -0.00420372281224, 0.000237660380662, -0.00184275628999, 0.00379398255609, 6.84616725266e-06, 0.00214267312549, 0.000422454933869, -0.00288824993186, -0.00525286514312, 0.0204121042043]]
    },
    "melbands": {
        "dmean": [0.000457477959571, 0.00106171879452, 0.000525222043507, 0.000255182007095, 6.68130960548e-05, 0.000197480942006, 0.000210713697015, 0.000113427973702, 0.000163989054272, 0.000106714745925, 7.92582068243e-05, 5.04424242536e-05, 4.55531044281e-05, 3.69200533896e-05, 3.22727682942e-05, 2.58180498349e-05, 2.39406017499e-05, 2.26008942263e-05, 2.83777080767e-05, 3.744012065e-05, 3.92834408558e-05, 2.34502676904e-05, 1.64082830452e-05, 7.1655863394e-06, 5.70235170017e-06, 3.40681503985e-06, 2.21379286813e-06, 1.41483610605e-06, 8.55621237861e-07, 7.74365048528e-07, 4.77914852581e-07, 3.62503556062e-07, 2.84216810087e-07, 2.86154914875e-07, 3.02486853343e-07, 3.32109294732e-07, 2.26108610946e-07, 1.90280218249e-07, 1.28657859477e-07, 6.96300972436e-08],
        "dmean2": [0.000748258084059, 0.00180625880603, 0.000883131870069, 0.000423041870818, 0.000108047730464, 0.000326450332068, 0.000333591509843, 0.000189527811017, 0.000270754680969, 0.000162802811246, 0.000124174024677, 8.25998868095e-05, 6.98933581589e-05, 6.02628861088e-05, 5.17591724929e-05, 4.09805652453e-05, 3.84230079362e-05, 3.60159756383e-05, 4.54027358501e-05, 6.20460268692e-05, 6.68473076075e-05, 3.91121939174e-05, 2.6347610401e-05, 1.15501052278e-05, 9.39302935876e-06, 5.55957285542e-06, 3.73135503651e-06, 2.35489369516e-06, 1.42222791055e-06, 1.27101509406e-06, 7.58864871386e-07, 5.44730369256e-07, 4.05168293582e-07, 4.09215232366e-07, 4.24469618565e-07, 4.88848797886e-07, 3.29749497041e-07, 2.89592151148e-07, 2.03910943242e-07, 1.10915529206e-07],
        "dvar": [2.03823378797e-06, 5.38254516869e-06, 2.20296919906e-06, 8.88637600838e-07, 1.39894043016e-08, 1.5928743835e-07, 1.72255994357e-07, 4.20852295235e-08, 1.13701133841e-07, 6.0052919082e-08, 3.43745050202e-08, 1.92036555546e-08, 1.82362391854e-08, 3.32520122548e-09, 9.31779720048e-09, 4.94179142052e-09, 2.64116617466e-09, 1.78559522723e-09, 2.26589413899e-09, 3.98635968679e-09, 3.83912190927e-09, 1.36891997737e-09, 5.31777732959e-10, 1.25352367375e-10, 6.29398755336e-11, 2.41702005632e-11, 8.27014411814e-12, 3.51826228741e-12, 1.29744598312e-12, 1.21173860876e-12, 4.27935112476e-13, 3.39382303727e-13, 2.97753710793e-13, 5.08195807485e-13, 8.88657203379e-13, 1.24593239371e-12, 4.06950135482e-13, 3.59315496194e-13, 2.15584711541e-13, 4.58904087148e-14],
        "dvar2": [4.44600209448e-06, 1.57383474289e-05, 5.49769447389e-06, 2.26413794735e-06, 3.49112134757e-08, 4.3419848339e-07, 4.2474653128e-07, 1.09561270278e-07, 2.92987607509e-07, 1.17200201544e-07, 8.05344981814e-08, 4.61314719757e-08, 4.80918771473e-08, 8.17870837722e-09, 2.29259402573e-08, 9.60168211606e-09, 6.95453561406e-09, 4.21161372444e-09, 5.4610196365e-09, 1.05742854473e-08, 1.06278932321e-08, 3.69974695325e-09, 1.35333910745e-09, 3.11141362674e-10, 1.72641942409e-10, 6.4853254711e-11, 2.35369918e-11, 9.26436184712e-12, 3.62772767555e-12, 3.15002906572e-12, 9.97163831541e-13, 7.66150543615e-13, 6.33752707431e-13, 9.2383143236e-13, 1.79888211532e-12, 2.7467125796e-12, 8.70686715001e-13, 8.07277964095e-13, 5.20129132906e-13, 1.15057377688e-13],
        "max": [0.018292857334, 0.0247273668647, 0.0128260422498, 0.00926575716585, 0.00190609449055, 0.00516646262258, 0.00587681634352, 0.00253142719157, 0.00425606267527, 0.00535972742364, 0.0031195350457, 0.00257809809409, 0.00300918146968, 0.000950434769038, 0.00212794588879, 0.00200770306401, 0.00106844794936, 0.000711287779268, 0.00101968098897, 0.00104593497235, 0.000631888688076, 0.000471028877655, 0.000266411720077, 0.000177313835593, 0.000121414137539, 6.74729817547e-05, 3.22923297063e-05, 2.40109275182e-05, 1.50226287587e-05, 1.27863640955e-05, 8.16834108264e-06, 1.05798080767e-05, 8.39560379973e-06, 1.71122028405e-05, 2.27264554269e-05, 2.27954205911e-05, 1.27740613607e-05, 9.96583912638e-06, 9.08030233404e-06, 4.47524689662e-06],
        "mean": [0.000915714423172, 0.0022992240265, 0.000789034471381, 0.000271813594736, 0.000139611365739, 0.000525377516169, 0.000531033729203, 0.000287019851385, 0.00032801690395, 0.000163114338648, 0.000119807373267, 9.49561363086e-05, 8.96589917829e-05, 7.21841279301e-05, 5.99379091e-05, 4.82237592223e-05, 4.46152880613e-05, 4.65416742372e-05, 6.24230160611e-05, 9.21857208596e-05, 9.16104836506e-05, 5.75399171794e-05, 3.81469253625e-05, 1.6947149561e-05, 1.26380491565e-05, 8.36933395476e-06, 5.96250856688e-06, 3.66734957424e-06, 2.2629014893e-06, 2.02563865059e-06, 1.2731067045e-06, 8.4950204382e-07, 6.10503036569e-07, 5.67220126868e-07, 5.15964757142e-07, 5.27732936462e-07, 3.64571462796e-07, 2.92780754307e-07, 1.85195915492e-07, 9.60284580742e-08],
        "median": [0.000557000283152, 0.0010348323267, 0.000299108563922, 7.33334600227e-05, 6.41328006168e-05, 0.000106080951809, 0.000308441056404, 0.000116422132123, 8.71384399943e-05, 5.77330429223e-05, 3.4787106415e-05, 2.09985355468e-05, 2.7068410418e-05, 3.91814537579e-05, 2.4417979148e-05, 1.95608918148e-05, 2.32348556892e-05, 2.46700437856e-05, 3.93084337702e-05, 6.94454138284e-05, 7.36166257411e-05, 4.5561700972e-05, 2.67364284809e-05, 1.21960783872e-05, 9.96907419903e-06, 6.99227348377e-06, 5.7078905229e-06, 3.39542020811e-06, 1.9917008558e-06, 1.69287318386e-06, 1.07593325538e-06, 5.62871548482e-07, 2.87393788767e-07, 1.97263616997e-07, 1.24639186083e-07, 1.26308776771e-07, 9.52799013021e-08, 7.27351192609e-08, 4.11333687111e-08, 2.64059529798e-08],
