{
"highlevel": {
    "danceability": {
        "all": {
            "danceable": 0.853263139725,
            "not_danceable": 0.146736830473
        },
        "probability": 0.853263139725,
        "value": "danceable"
    },
    "gender": {
        "all": {
            "female": 0.728660225868,
            "male": 0.271339744329
        },
        "probability": 0.728660225868,
        "value": "female"
    },
    "genre_dortmund": {
        "all": {
            "alternative": 0.0131405834109,
            "blues": 0.0588747113943,
            "electronic": 0.218398436904,
            "folkcountry": 0.0194172076881,
            "funksoulrnb": 0.00548540754244,
            "jazz": 0.560412466526,
            "pop": 0.00868732761592,
            "raphiphop": 0.103491999209,
            "rock": 0.0120918778703
        },
        "probability": 0.560412466526,
        "value": "jazz"
    },
    "genre_electronic": {
        "all": {
            "ambient": 0.0671192333102,
            "dnb": 0.00343515840359,
            "house": 0.901279330254,
            "techno": 0.0199632905424,
            "trance": 0.00820300262421
        },
        "probability": 0.901279330254,
        "value": "house"
    },
    "genre_rosamerica": {
        "all": {
            "cla": 0.190143033862,
            "dan": 0.00867960136384,
            "hip": 0.0628692954779,
            "jaz": 0.152385413647,
            "pop": 0.0277608446777,
            "rhy": 0.506865024567,
            "roc": 0.0101315779611,
            "spe": 0.0411652028561
        },
        "probability": 0.506865024567,
        "value": "rhy"
    },
    "genre_tzanetakis": {
        "all": {
            "blu": 0.217426717281,
            "cla": 0.17086212337,
            "cou": 0.0127305360511,
            "dis": 0.040937833488,
            "hip": 0.112921021879,
            "jaz": 0.0267805755138,
            "met": 0.0111852018163,
            "pop": 0.0214585941285,
            "reg": 0.363373696804,
            "roc": 0.0223237127066
        },
        "probability": 0.363373696804,
        "value": "reg"
    },
    "ismir04_rhythm": {
        "all": {
            "ChaChaCha": 0.00505944341421,
            "Jive": 0.000200454815058,
            "Quickstep": 0.00103346607648,
            "Rumba-American": 0.000533663027454,
            "Rumba-International": 0.00195891573094,
            "Rumba-Misc": 0.00210537877865,
            "Samba": 0.00889405142516,
            "Tango": 0.977427184582,
            "VienneseWaltz": 0.00182273250539,
            "Waltz": 0.000964699662291
        },
        "probability": 0.977427184582,
        "value": "Tango"
    },
    "mood_acoustic": {
        "all": {
            "acoustic": 0.0805788040161,
            "not_acoustic": 0.919421195984
        },
        "probability": 0.919421195984,
        "value": "not_acoustic"
    },
    "mood_aggressive": {
        "all": {
            "aggressive": 0.10114877671,
            "not_aggressive": 0.898851215839
        },
        "probability": 0.898851215839,
        "value": "not_aggressive"
    },
    "mood_electronic": {
        "all": {
            "electronic": 0.435487598181,
            "not_electronic": 0.564512372017
        },
        "probability": 0.564512372017,
        "value": "not_electronic"
    },
    "mood_happy": {
        "all": {
            "happy": 0.0263343285769,
            "not_happy": 0.973665654659
        },
        "probability": 0.973665654659,
        "value": "not_happy"
    },
    "mood_party": {
        "all": {
            "not_party": 0.916064918041,
            "party": 0.083935059607
        },
        "probability": 0.916064918041,
        "value": "not_party"
    },
    "mood_relaxed": {
        "all": {
            "not_relaxed": 0.0454716086388,
            "relaxed": 0.954528391361
        },
        "probability": 0.954528391361,
        "value": "relaxed"
    },
    "mood_sad": {
        "all": {
            "not_sad": 0.710200965405,
            "sad": 0.289799064398
        },
        "probability": 0.710200965405,
        "value": "not_sad"
    },
    "moods_mirex": {
        "all": {
            "Cluster1": 0.179790750146,
            "Cluster2": 0.34757733345,
            "Cluster3": 0.281940162182,
            "Cluster4": 0.155095338821,
            "Cluster5": 0.0355963855982
        },
        "probability": 0.34757733345,
        "value": "Cluster2"
    },
    "timbre": {
        "all": {
            "bright": 0.222860857844,
            "dark": 0.777139127254
        },
        "probability": 0.777139127254,
        "value": "dark"
    },
    "tonal_atonal": {
        "all": {
            "atonal": 0.265131622553,
            "tonal": 0.734868407249
        },
        "probability": 0.734868407249,
        "value": "tonal"
    },
    "voice_instrumental": {
        "all": {
            "instrumental": 0.999999463558,
            "voice": 5.29831709173e-07
        },
        "probability": 0.999999463558,
        "value": "instrumental"
    }
},
"lowlevel": {
    "average_loudness": 0.958128631115,
    "barkbands_crest": {
        "dmean": 3.44485116005,
        "dmean2": 5.32714223862,
        "dvar": 10.3332767487,
        "dvar2": 22.4861011505,
        "max": 26.613817215,
        "mean": 14.7065887451,
        "median": 14.465136528,
        "min": 3.04971265793,
        "var": 31.6686611176
    },
    "barkbands_flatness_db": {
        "dmean": 0.0510743074119,
        "dmean2": 0.0693449825048,
        "dvar": 0.00207783444785,
        "dvar2": 0.00398234697059,
        "max": 0.755950212479,
        "mean": 0.373878002167,
        "median": 0.362933814526,
        "min": 0.129357397556,
        "var": 0.0113875539973
    },
    "barkbands_kurtosis": {
        "dmean": 20.8809490204,
        "dmean2": 33.0848045349,
        "dvar": 4266.86767578,
        "dvar2": 10658.3261719,
        "max": 969.426513672,
        "mean": 20.6485214233,
        "median": 2.02344512939,
        "min": -1.94835424423,
        "var": 3912.71337891
    },
    "barkbands_skewness": {
        "dmean": 1.41536581516,
        "dmean2": 2.07511973381,
        "dvar": 4.23812103271,
        "dvar2": 9.71091365814,
        "max": 22.894859314,
        "mean": 1.92755806446,
        "median": 1.16566956043,
        "min": -3.60460782051,
        "var": 9.4988117218
    },
    "barkbands_spread": {
        "dmean": 3.21371150017,
        "dmean2": 4.99649095535,
        "dvar": 16.2331771851,
        "dvar2": 36.1589813232,
        "max": 37.2436103821,
        "mean": 8.9961938858,
        "median": 7.95352363586,
        "min": 0.040209248662,
        "var": 50.9599456787
    },
    "dissonance": {
        "dmean": 0.0481525063515,
        "dmean2": 0.0801148563623,
        "dvar": 0.00233377655968,
        "dvar2": 0.00590647710487,
        "max": 0.499546378851,
        "mean": 0.408572912216,
        "median": 0.42542257905,
        "min": 0.139873713255,
        "var": 0.00526548130438
    },
    "dynamic_complexity": 5.3074426651,
    "erbbands_crest": {
        "dmean": 3.37584924698,
        "dmean2": 5.25582027435,
        "dvar": 13.8124799728,
        "dvar2": 32.2243347168,
        "max": 32.7251434326,
        "mean": 14.8306236267,
        "median": 14.2204551697,
        "min": 3.97106432915,
        "var": 42.344745636
    },
    "erbbands_flatness_db": {
        "dmean": 0.0320749990642,
        "dmean2": 0.0431220009923,
        "dvar": 0.000982661382295,
        "dvar2": 0.00186941924039,
        "max": 0.566810190678,
        "mean": 0.340948104858,
        "median": 0.339475154877,
        "min": 0.092582821846,
        "var": 0.00503866933286
    },
    "erbbands_kurtosis": {
        "dmean": 4.46171140671,
        "dmean2": 6.65946626663,
        "dvar": 87.5155487061,
        "dvar2": 185.529098511,
        "max": 181.691390991,
        "mean": 6.0111489296,
        "median": 1.31030416489,
        "min": -1.82157826424,
        "var": 166.188919067
    },
    "erbbands_skewness": {
        "dmean": 0.799111664295,
        "dmean2": 1.08575284481,
        "dvar": 0.861870706081,
        "dvar2": 1.64528083801,
        "max": 10.2416505814,
        "mean": -0.0904934331775,
        "median": -0.207262769341,
        "min": -6.66459083557,
        "var": 3.28854060173
    },
    "erbbands_spread": {
        "dmean": 5.9998497963,
        "dmean2": 9.22901439667,
        "dvar": 53.9138221741,
        "dvar2": 119.13697052,
        "max": 61.4133110046,
        "mean": 16.0993041992,
        "median": 13.5326528549,
        "min": 0.704480350018,
        "var": 142.68460083
    },
    "hfc": {
        "dmean": 4.63479709625,
        "dmean2": 6.22261190414,
        "dvar": 64.9917755127,
        "dvar2": 127.986045837,
        "max": 101.64201355,
        "mean": 9.92249202728,
        "median": 4.847407341,
        "min": 0.0324139781296,
        "var": 171.620819092
    },
    "melbands_crest": {
        "dmean": 3.78113126755,
        "dmean2": 5.93430423737,
        "dvar": 12.7332305908,
        "dvar2": 26.8320884705,
        "max": 35.1313400269,
        "mean": 17.9878520966,
        "median": 17.670343399,
        "min": 3.92998290062,
        "var": 45.5551109314
    },
    "melbands_flatness_db": {
        "dmean": 0.0596280097961,
        "dmean2": 0.0780484080315,
        "dvar": 0.00287553225644,
        "dvar2": 0.00520216114819,
        "max": 0.911888122559,
        "mean": 0.477136164904,
        "median": 0.465180516243,
        "min": 0.150694787502,
        "var": 0.0182197559625
    },
    "melbands_kurtosis": {
        "dmean": 16.1956520081,
        "dmean2": 24.9531555176,
        "dvar": 933.504150391,
        "dvar2": 2074.54931641,
        "max": 333.128326416,
        "mean": 22.5004386902,
        "median": 4.08165645599,
        "min": -1.92204284668,
        "var": 1655.16467285
    },
    "melbands_skewness": {
        "dmean": 1.25077223778,
        "dmean2": 1.8432649374,
        "dvar": 2.12778401375,
        "dvar2": 4.14332914352,
        "max": 14.0444936752,
        "mean": 2.51440286636,
        "median": 1.81355762482,
        "min": -2.88168215752,
        "var": 7.57299613953
    },
    "melbands_spread": {
        "dmean": 4.63935136795,
        "dmean2": 7.02779436111,
        "dvar": 40.8890647888,
        "dvar2": 92.5381164551,
        "max": 60.8443717957,
        "mean": 12.7241363525,
        "median": 10.3228502274,
        "min": 0.128044977784,
        "var": 139.127685547
    },
    "pitch_salience": {
        "dmean": 0.0984939038754,
        "dmean2": 0.153688207269,
        "dvar": 0.0109572550282,
        "dvar2": 0.0238128751516,
        "max": 0.853831887245,
        "mean": 0.391077816486,
        "median": 0.404926240444,
        "min": 0.0186973679811,
        "var": 0.0289051849395
    },
    "silence_rate_20dB": {
        "dmean": 0,
        "dmean2": 0,
        "dvar": 0,
        "dvar2": 0,
        "max": 1,
        "mean": 1,
        "median": 1,
        "min": 1,
        "var": 0
    },
    "silence_rate_30dB": {
        "dmean": 0.0820433422923,
        "dmean2": 0.16421379149,
        "dvar": 0.0753120556474,
        "dvar2": 0.143444120884,
        "max": 1,
        "mean": 0.850734710693,
        "median": 1,
        "min": 0,
        "var": 0.126984357834
    },
    "silence_rate_60dB": {
        "dmean": 0.082817338407,
        "dmean2": 0.164988383651,
        "dvar": 0.0759587734938,
        "dvar2": 0.147062838078,
        "max": 1,
        "mean": 0.263727754354,
        "median": 0,
        "min": 0,
        "var": 0.194174081087
    },
    "spectral_centroid": {
        "dmean": 160.618560791,
        "dmean2": 240.670318604,
        "dvar": 57490.1054688,
        "dvar2": 138233.265625,
        "max": 3002.75610352,
        "mean": 660.139282227,
        "median": 604.454467773,
        "min": 63.3325538635,
        "var": 169502.25
    },
    "spectral_complexity": {
        "dmean": 2.18962860107,
        "dmean2": 3.0557706356,
        "dvar": 9.34561729431,
        "dvar2": 13.1975164413,
        "max": 45,
        "mean": 7.09667444229,
        "median": 5,
        "min": 0,
        "var": 42.8421211243
    },
    "spectral_decrease": {
        "dmean": 6.44175823794e-09,
        "dmean2": 8.88994744486e-09,
        "dvar": 1.59628255819e-16,
        "dvar2": 2.24146067197e-16,
        "max": -1.96401402086e-11,
        "mean": -1.22656533819e-08,
        "median": -2.81318102147e-09,
        "min": -8.96555292229e-08,
        "var": 3.91215401579e-16
    },
    "spectral_energy": {
        "dmean": 0.024628540501,
        "dmean2": 0.0340153351426,
        "dvar": 0.00231416849419,
        "dvar2": 0.00325728207827,
        "max": 0.340346336365,
        "mean": 0.0471933707595,
        "median": 0.0111349811777,
        "min": 7.83493524068e-05,
        "var": 0.0056752297096
    },
    "spectral_energyband_high": {
        "dmean": 8.97964036994e-06,
        "dmean2": 1.31427232191e-05,
        "dvar": 8.90123863506e-10,
        "dvar2": 2.04796113401e-09,
        "max": 0.000452521577245,
        "mean": 9.97115512291e-06,
        "median": 3.45203034158e-07,
        "min": 3.66227076443e-10,
        "var": 1.22630594568e-09
    },
    "spectral_energyband_low": {
        "dmean": 0.0223306510597,
        "dmean2": 0.0313206166029,
        "dvar": 0.00234766840003,
        "dvar2": 0.00328203989193,
        "max": 0.338179022074,
        "mean": 0.0368265360594,
        "median": 0.00372532289475,
        "min": 1.37126399125e-08,
        "var": 0.0051072682254
    },
    "spectral_energyband_middle_high": {
        "dmean": 0.00144777412061,
        "dmean2": 0.00191764859483,
        "dvar": 1.21105076687e-05,
        "dvar2": 2.38880220422e-05,
        "max": 0.0564537085593,
        "mean": 0.00323046231642,
        "median": 0.000575664744247,
        "min": 9.24905918964e-07,
        "var": 3.82025064027e-05
    },
    "spectral_energyband_middle_low": {
        "dmean": 0.00890085380524,
        "dmean2": 0.0157967414707,
        "dvar": 0.000788788020145,
        "dvar2": 0.00221380544826,
        "max": 0.220975220203,
        "mean": 0.00931031256914,
        "median": 0.00132054276764,
        "min": 6.49647790851e-06,
        "var": 0.000572732009459
    },
    "spectral_entropy": {
        "dmean": 0.349414616823,
        "dmean2": 0.455568015575,
        "dvar": 0.141672253609,
        "dvar2": 0.271984905005,
        "max": 8.40053939819,
        "mean": 6.07112264633,
        "median": 6.05809545517,
        "min": 3.12408804893,
        "var": 0.709870457649
    },
    "spectral_flux": {
        "dmean": 0.0550528652966,
        "dmean2": 0.0799660757184,
        "dvar": 0.00572444638237,
        "dvar2": 0.0105935055763,
        "max": 0.619497418404,
        "mean": 0.101008087397,
        "median": 0.0444335788488,
        "min": 0.00366275710985,
        "var": 0.0160327386111
    },
    "spectral_kurtosis": {
        "dmean": 27.699886322,
        "dmean2": 43.1494865417,
        "dvar": 786.316345215,
        "dvar2": 1735.90527344,
        "max": 296.83770752,
        "mean": 53.9703216553,
        "median": 40.7088241577,
        "min": -0.568698644638,
        "var": 2289.72094727
    },
    "spectral_rms": {
        "dmean": 0.00157537218183,
        "dmean2": 0.00207916670479,
        "dvar": 5.90629042563e-06,
        "dvar2": 7.92439277575e-06,
        "max": 0.0182221066207,
        "mean": 0.00507352966815,
        "median": 0.00329596665688,
        "min": 0.00027647492243,
        "var": 2.0301569748e-05
    },
    "spectral_rolloff": {
        "dmean": 178.748626709,
        "dmean2": 294.191711426,
        "dvar": 85222.5234375,
        "dvar2": 178141.96875,
        "max": 3229.98046875,
        "mean": 666.497619629,
        "median": 624.462890625,
        "min": 64.599609375,
        "var": 287124.3125
    },
    "spectral_skewness": {
        "dmean": 1.62213265896,
        "dmean2": 2.58684682846,
        "dvar": 2.06545996666,
        "dvar2": 4.95775461197,
        "max": 13.2035255432,
        "mean": 4.56221055984,
        "median": 4.21018362045,
        "min": 0.252635538578,
        "var": 6.83621168137
    },
    "spectral_spread": {
        "dmean": 479761.9375,
        "dmean2": 752040.875,
        "dvar": 773822087168,
        "dvar2": 1.18538711859e+12,
        "max": 27914946,
        "mean": 1514729.75,
        "median": 1309316.75,
        "min": 362393.0625,
        "var": 1.1431762985e+12
    },
    "spectral_strongpeak": {
        "dmean": 0.476874709129,
        "dmean2": 0.765089154243,
        "dvar": 0.642529726028,
        "dvar2": 1.38271093369,
        "max": 11.5665626526,
        "mean": 1.02927029133,
        "median": 0.570287466049,
        "min": 0,
        "var": 1.77580332756
    },
    "zerocrossingrate": {
        "dmean": 0.00469498289749,
        "dmean2": 0.00527464784682,
        "dvar": 2.58702730207e-05,
        "dvar2": 2.84356228804e-05,
        "max": 0.09326171875,
        "mean": 0.0239189844579,
        "median": 0.02197265625,
        "min": 0.001953125,
        "var": 0.000275019410765
    },
    "barkbands": {
        "dmean": [0.0010604331037, 0.0202604662627, 0.00831106118858, 0.00480751600116, 0.00273696891963, 0.000415740272729, 0.000459331291495, 0.000398178817704, 0.000824987888336, 0.000478843197925, 0.000374811177608, 0.000460204697447, 0.000140710253618, 0.00018315120542, 6.29423520877e-05, 0.000106548213807, 2.42511669057e-05, 4.1066439735e-05, 1.0072070836e-05, 7.7555559983e-06, 5.08053744852e-06, 1.21291816413e-06, 1.46776613974e-07, 1.7922541673e-08, 4.72224437331e-09, 4.79110129348e-09, 2.75761657953e-09],
        "dmean2": [0.00174432585482, 0.0302658397704, 0.0148617811501, 0.00900888536125, 0.00516763329506, 0.0007067071856, 0.000766511773691, 0.000645091058686, 0.00113923614845, 0.000717763090506, 0.000535455532372, 0.000652942573652, 0.000217822933337, 0.000239211149164, 9.09432274057e-05, 0.000175602457603, 3.23149615724e-05, 6.76742201904e-05, 1.2298767615e-05, 1.05775916381e-05, 7.85392148828e-06, 1.87934529094e-06, 2.262102754e-07, 2.75467897382e-08, 6.32249630428e-09, 6.12345019135e-09, 4.15924095165e-09],
        "dvar": [1.31800970848e-05, 0.00243149278685, 0.000666222360451, 0.00029363980866, 0.000130621949211, 1.54036035838e-06, 5.89607225265e-06, 1.48957371948e-06, 2.5289316909e-05, 2.86167755803e-06, 1.49944798977e-06, 2.49271784014e-06, 2.2939207156e-07, 5.32806836873e-07, 7.08128524707e-08, 1.85881248171e-07, 8.04375499541e-09, 5.58635235848e-08, 1.17964304991e-09, 8.56389459347e-10, 4.26091634198e-10, 1.39357587969e-11, 2.41753855433e-13, 8.04558988334e-15, 3.99381836806e-15, 6.17162393171e-15, 6.05516907756e-16],
        "dvar2": [3.39726684615e-05, 0.00405559223145, 0.00185350410175, 0.000850245822221, 0.000381437974283, 4.01272382078e-06, 1.46431448229e-05, 3.2838674997e-06, 3.52923598257e-05, 6.90511615176e-06, 2.92498134513e-06, 5.41114513908e-06, 5.50201036731e-07, 9.04451837869e-07, 1.65039196531e-07, 5.04304352944e-07, 1.46862060291e-08, 1.49864177956e-07, 1.72391245723e-09, 1.59367530284e-09, 1.08323006121e-09, 3.29493723972e-11, 5.57436258611e-13, 1.31150727553e-14, 4.01931067164e-15, 6.18296697343e-15, 6.25738337065e-16],
        "max": [0.0304247830063, 0.334635347128, 0.201495826244, 0.123342946172, 0.111766062677, 0.0204611252993, 0.0574285462499, 0.0149696581066, 0.133401691914, 0.0349153503776, 0.024851532653, 0.0320826247334, 0.00785643234849, 0.0161286648363, 0.00397218670696, 0.00580118317157, 0.00135885062627, 0.00385167892091, 0.000522638089024, 0.000517675129231, 0.000418743176851, 4.64472504973e-05, 8.29677173897e-06, 1.94969379663e-06, 1.76702621957e-06, 2.24119730774e-06, 6.43290661628e-07],
        "mean": [0.000852280121762, 0.0255787037313, 0.00828962214291, 0.00359679968096, 0.00176662835293, 0.000527344818693, 0.000438493356341, 0.000685678271111, 0.00217231642455, 0.000813524180558, 0.000681917765178, 0.00096106226556, 0.000168470651261, 0.000394635659177, 7.03926270944e-05, 9.4104289019e-05, 3.1654315535e-05, 3.97955009248e-05, 1.37162951432e-05, 9.72851012193e-06, 5.14987823408e-06, 1.23545873976e-06, 1.47633983261e-07, 1.8454931805e-08, 4.74580685861e-09, 4.60129490065e-09, 2.53348853008e-09],
        "median": [1.96115543076e-05, 0.00174646126106, 0.000412672117818, 0.00014804393868, 0.000184088974493, 8.82638123585e-05, 2.72478646366e-05, 4.24723948527e-05, 5.74301411689e-05, 6.77517382428e-05, 4.42231284978e-05, 6.19871207164e-05, 1.64532320923e-05, 1.51316753545e-05, 5.44085469301e-06, 3.31321052727e-06, 1.40610166e-06, 1.27857288135e-06, 4.92853303058e-07, 2.54223039065e-07, 1.5745918347e-07, 4.76430663809e-08, 9.29190147048e-09, 1.70067460115e-09, 4.61108623506e-10, 2.2233088981e-10, 2.22287618867e-10],
        "min": [1.33993598439e-08, 6.57300991413e-10, 7.57632623305e-10, 2.82035284016e-08, 1.88988124705e-07, 1.27036585695e-07, 2.2365034269e-08, 4.22274233358e-08, 9.06952877244e-08, 8.82448247808e-08, 1.14000968665e-07, 1.29097728063e-07, 1.18612867084e-07, 4.11399447842e-08, 1.99046112925e-08, 8.05373367996e-09, 2.90735369113e-09, 2.39202524455e-09, 1.61357149864e-09, 6.46001752092e-10, 1.07552848572e-10, 4.14734427356e-11, 1.30214424313e-11, 3.24985394498e-12, 4.26235088891e-12, 6.62242916755e-12, 1.00155248678e-11],
        "var": [1.06556699393e-05, 0.00360621139407, 0.000503245450091, 0.000170924351551, 7.05861821189e-05, 1.51788253788e-06, 5.0022895266e-06, 4.14402211391e-06, 0.000114927104732, 6.43448811388e-06, 3.7913050619e-06, 7.73157807998e-06, 2.80354015558e-07, 2.11425162888e-06, 7.6838887253e-08, 1.36460926115e-07, 1.61524837949e-08, 4.57265230125e-08, 2.90510127066e-09, 1.65594227219e-09, 4.32664376548e-10, 1.5312877702e-11, 2.41606973143e-13, 7.9585132023e-15, 3.99886287278e-15, 6.17807874629e-15, 6.08032172093e-16]
    },
    "erbbands": {
        "dmean": [0.665534734726, 4.86293983459, 9.43024730682, 13.4041023254, 13.7219944, 7.18825292587, 4.27431154251, 3.21629834175, 5.63694572449, 7.13270235062, 11.103729248, 13.1089429855, 20.1195735931, 16.2656517029, 12.3688249588, 16.4390048981, 6.7120680809, 6.78697729111, 6.71133136749, 2.9476788044, 6.63958120346, 1.9256901741, 2.52738761902, 0.895900070667, 0.4330072999, 0.313137412071, 0.256905913353, 0.13853803277, 0.0520658567548, 0.0135804964229, 0.00345061114058, 0.00074568024138, 0.000183479278348, 7.1778158599e-05, 3.68586443074e-05, 2.42020087171e-05, 1.50633341036e-05, 2.76524838227e-06, 1.12031866593e-05, 2.67825671472e-05],
        "dmean2": [0.979758739471, 7.11093854904, 15.6376867294, 24.475856781, 26.0371227264, 13.639210701, 7.49420404434, 5.54226827621, 9.24729156494, 12.4524068832, 16.1434783936, 18.8663234711, 29.0692863464, 22.8222465515, 17.0956954956, 24.0315589905, 10.0687599182, 9.03356933594, 8.58031749725, 4.3267531395, 10.9374332428, 2.65364217758, 4.23121643066, 1.16842579842, 0.520011246204, 0.420708984137, 0.391388475895, 0.20705768466, 0.0803736895323, 0.0206277295947, 0.00517717469484, 0.00113296043128, 0.000262947578449, 8.98782673175e-05, 4.44217330369e-05, 2.84337074845e-05, 1.73436346813e-05, 3.50914115188e-06, 1.53048567881e-05, 3.70053239749e-05],
        "dvar": [3.40819621086, 130.848892212, 666.929504395, 2018.00964355, 2770.89599609, 987.208496094, 193.549819946, 119.36933136, 761.711303711, 1220.16821289, 1645.15405273, 5103.96142578, 10023.2373047, 2368.3737793, 1049.35949707, 4903.56152344, 452.936004639, 408.391845703, 632.705322266, 148.755355835, 792.25579834, 38.6981506348, 221.844070435, 13.3625650406, 2.21539092064, 1.25968623161, 1.18054389954, 0.205282151699, 0.0257224272937, 0.00173797807656, 0.000174664222868, 9.78982825472e-06, 1.51262122472e-06, 6.55947474115e-07, 1.61995913572e-07, 5.95432823047e-08, 3.24934568141e-08, 9.88625181719e-10, 4.60943977432e-10, 2.70826427951e-09],
        "dvar2": [6.67381811142, 256.979675293, 1739.92895508, 5755.47460938, 8014.22558594, 2887.80102539, 549.414611816, 304.675811768, 1923.02832031, 3234.81274414, 2496.88793945, 7342.56298828, 17021.3144531, 4953.01513672, 2052.13623047, 11247.0244141, 1024.93603516, 789.907958984, 1056.67687988, 348.895172119, 2165.52392578, 73.5967636108, 604.837036133, 25.9742145538, 2.98654150963, 1.99747502804, 3.09343266487, 0.450396716595, 0.0589413158596, 0.00386022240855, 0.000388794956962, 2.12372269743e-05, 1.75471097918e-06, 6.62823481434e-07, 1.62770248835e-07, 5.97701657057e-08, 3.25421538605e-08, 9.95423854455e-10, 6.39398312074e-10, 3.8200935748e-09],
        "max": [14.0731220245, 75.7858123779, 192.327651978, 327.747558594, 452.784973145, 326.299499512, 129.834411621, 199.987457275, 530.140075684, 740.936706543, 720.555175781, 1863.56140137, 2367.26245117, 1182.98693848, 452.634094238, 1550.79418945, 375.427734375, 348.397766113, 533.52746582, 193.872650146, 376.72769165, 82.4554519653, 249.808029175, 52.4144325256, 23.3925495148, 17.9167003632, 18.4404850006, 7.54093837738, 2.38348317146, 0.638999223709, 0.245311498642, 0.0501907356083, 0.0311444867402, 0.0215470977128, 0.0128058064729, 0.00713702617213, 0.0056754979305, 0.000847150047775, 0.000149053419591, 0.000366869033314],
        "mean": [0.67695826292, 5.83411598206, 10.485250473, 11.8611011505, 8.97112464905, 4.69671392441, 4.48867559433, 3.9798014164, 5.37452888489, 7.56824064255, 25.0208702087, 33.1875724792, 43.4619178772, 34.5066566467, 23.5308265686, 34.0183029175, 9.57223415375, 12.1233348846, 14.2682304382, 3.46803712845, 5.60475206375, 2.29438400269, 2.42602181435, 1.09727072716, 0.614508986473, 0.403491675854, 0.267260372639, 0.144491180778, 0.0543753430247, 0.0142033156008, 0.00355702824891, 0.000763168965932, 0.000215595282498, 9.229927673e-05, 5.27229422005e-05, 3.64645966329e-05, 2.25045878324e-05, 3.81129029847e-06, 2.17686338146e-05, 5.17416992807e-05],
        "median": [0.0384035035968, 0.447590649128, 0.720440864563, 0.581041157246, 0.524008154869, 0.586219251156, 0.80423527956, 0.725293397903, 0.479628682137, 0.652980685234, 1.42184567451, 1.65191400051, 2.40434551239, 3.45078039169, 3.3697783947, 2.49127650261, 1.34405958652, 0.978615403175, 0.637629032135, 0.308624505997, 0.20445522666, 0.105615727603, 0.0824744924903, 0.0457089990377, 0.0225979033858, 0.0125171206892, 0.00759234558791, 0.00482804048806, 0.00201352545992, 0.000732546148356, 0.0002512721112, 8.28520496725e-05, 3.89680099033e-05, 2.03814379347e-05, 1.30331663968e-05, 8.34682941786e-06, 4.78484798805e-06, 1.14102920179e-06, 5.56162422072e-06, 1.27236207845e-05],
        "min": [7.58510552146e-08, 1.91930567439e-07, 2.20709694077e-06, 8.5160965682e-05, 0.000746342644561, 0.000322288397001, 0.000960454461165, 0.000988624873571, 0.000800080772024, 0.00121420004871, 0.00271268398501, 0.00166332919616, 0.00395398400724, 0.00371256982908, 0.00396893033758, 0.00555032631382, 0.00762016139925, 0.00557411694899, 0.00222257804126, 0.00092728441814, 0.000464683165774, 0.000204566065804, 0.000160164898261, 9.52576956479e-05, 5.89259470871e-05, 3.45173139067e-05, 1.12528705358e-05, 5.15785541211e-06, 3.20972753798e-06, 1.5724374407e-06, 1.09128006898e-06, 3.45660254197e-07, 1.87202346069e-07, 1.28648679265e-07, 9.24696976767e-08, 6.89949146704e-08, 4.11413410006e-08, 1.36372166892e-08, 4.08702085508e-08, 8.9981242013e-08],
        "var": [4.01202011108, 176.090087891, 625.736206055, 1365.88317871, 1530.70129395, 529.530151367, 136.95072937, 117.057632446, 634.980163574, 980.094360352, 7753.39990234, 22832.6621094, 38502.5859375, 6964.09423828, 2826.74414062, 13642.0283203, 678.951965332, 1157.42126465, 2418.99975586, 165.04826355, 555.268676758, 70.5125350952, 174.070922852, 22.293794632, 5.83881473541, 2.70274233818, 1.20906674862, 0.261734098196, 0.0300764068961, 0.00202887249179, 0.00017773223226, 9.05549131858e-06, 1.55309794536e-06, 6.59033105421e-07, 1.63976181966e-07, 6.06355996524e-08, 3.28267830696e-08, 9.93973237051e-10, 1.13396914081e-09, 6.64923716087e-09]
    },
    "gfcc": {
        "mean": [-210.622238159, 225.656295776, -121.174377441, -3.93543839455, -7.14091491699, 1.22877013683, 13.5486011505, -14.024766922, -4.16417598724, -9.80511283875, -6.20154571533, -6.38986587524, 1.20136749744],
        "cov": [[7819.54394531, -552.747070312, -871.862609863, 902.038024902, -43.0776557922, -340.420318604, 44.0452346802, -31.4860897064, 70.1539764404, -244.511871338, -223.674362183, -157.738677979, -239.493270874], [-552.747070312, 855.702392578, 291.899902344, -674.63293457, 196.478118896, -172.930236816, -158.339019775, 42.6924705505, -61.6645812988, 40.7753372192, 18.9503154755, 0.465204656124, -27.282491684], [-871.862609863, 291.899902344, 2544.92089844, 34.7695350647, 405.484436035, 425.652099609, 132.552383423, 399.303588867, 44.9852867126, 21.9284267426, -5.51771402359, -155.688613892, -48.4623641968], [902.038024902, -674.63293457, 34.7695350647, 1264.33886719, -186.065750122, 44.1212387085, 176.649185181, -100.175804138, 114.645339966, -56.2548561096, -13.8294706345, -12.3538637161, -77.9563522339], [-43.0776557922, 196.478118896, 405.484436035, -186.065750122, 814.781555176, 242.992980957, -65.8045654297, 104.760543823, -66.1269607544, 51.0753631592, 32.2394866943, -35.5460968018, -36.5207023621], [-340.420318604, -172.930236816, 425.652099609, 44.1212387085, 242.992980957, 586.608764648, 234.849319458, 51.5056304932, 35.3526763916, 6.67892313004, 5.55368804932, 1.4753433466, 72.0255737305], [44.0452346802, -158.339019775, 132.552383423, 176.649185181, -65.8045654297, 234.849319458, 347.188598633, 126.049194336, 66.2040100098, -40.6884307861, -48.0529441833, 2.25147247314, 38.3672103882], [-31.4860897064, 42.6924705505, 399.303588867, -100.175804138, 104.760543823, 51.5056304932, 126.049194336, 314.668334961, 75.0493087769, -30.9439468384, -23.5222969055, -29.8237056732, 15.0938253403], [70.1539764404, -61.6645812988, 44.9852867126, 114.645339966, -66.1269607544, 35.3526763916, 66.2040100098, 75.0493087769, 168.697494507, 50.0526390076, -5.78633975983, 13.4777593613, 15.2639904022], [-244.511871338, 40.7753372192, 21.9284267426, -56.2548561096, 51.0753631592, 6.67892313004, -40.6884307861, -30.9439468384, 50.0526390076, 158.429275513, 83.8928527832, 12.580072403, 0.49068364501], [-223.674362183, 18.9503154755, -5.51771402359, -13.8294706345, 32.2394866943, 5.55368804932, -48.0529441833, -23.5222969055, -5.78633975983, 83.8928527832, 147.395553589, 64.5847854614, 9.11915302277], [-157.738677979, 0.465204656124, -155.688613892, -12.3538637161, -35.5460968018, 1.4753433466, 2.25147247314, -29.8237056732, 13.4777593613, 12.580072403, 64.5847854614, 131.590957642, 77.9185714722], [-239.493270874, -27.282491684, -48.4623641968, -77.9563522339, -36.5207023621, 72.0255737305, 38.3672103882, 15.0938253403, 15.2639904022, 0.49068364501, 9.11915302277, 77.9185714722, 151.169433594]],
        "icov": [[0.000170025625266, 6.98695148458e-05, 5.18741035194e-05, -5.00978712807e-05, -0.000137068942422, 0.00016670570767, -8.38291307446e-05, 7.62885611039e-05, -0.000235448460444, 0.000322967360262, -2.56909625023e-05, 0.000185052849702, 0.00010278011905], [6.98695148458e-05, 0.00390754407272, -0.00115576304961, 0.00275646825321, -0.00172862433828, 0.00332668540068, -0.00251706852578, 0.00369598274119, -0.00310284970328, 0.00268025207333, -0.00182201934513, -4.49329054391e-05, 0.000571719370782], [5.18741035194e-05, -0.00115576304961, 0.00107371190097, -0.00112763047218, 0.000681681442074, -0.00178763153963, 0.00152003695257, -0.00256118155085, 0.00165956700221, -0.00148203200661, 0.0009722696268, 0.000208110534004, 0.000193973261048], [-5.00978712807e-05, 0.00275646825321, -0.00112763047218, 0.00344746024348, -0.00159262900706, 0.00313775194809, -0.00339620513842, 0.00486150197685, -0.00459266221151, 0.00415274174884, -0.00327249197289, 0.0010278566042, 0.000449091166956], [-0.000137068942422, -0.00172862433828, 0.000681681442074, -0.00159262900706, 0.00354102160782, -0.00398513861001, 0.00376794929616, -0.00479472335428, 0.00467627961189, -0.00445462949574, 0.0033836918883, -0.00237607304007, 0.00170762371272], [0.00016670570767, 0.00332668540068, -0.00178763153963, 0.00313775194809, -0.00398513861001, 0.00845341291279, -0.00728498818353, 0.00795737374574, -0.00660872366279, 0.00624058023095, -0.00580404186621, 0.00383261288516, -0.00300480658188], [-8.38291307446e-05, -0.00251706852578, 0.00152003695257, -0.00339620513842, 0.00376794929616, -0.00728498818353, 0.0107296761125, -0.00905468314886, 0.00603188574314, -0.00602667173371, 0.00687068188563, -0.00430133938789, 0.00192407995928], [7.62885611039e-05, 0.00369598274119, -0.00256118155085, 0.00486150197685, -0.00479472335428, 0.00795737374574, -0.00905468314886, 0.0154926339164, -0.0121186273172, 0.0114333238453, -0.00935106445104, 0.00648916978389, -0.0033187631052], [-0.000235448460444, -0.00310284970328, 0.00165956700221, -0.00459266221151, 0.00467627961189, -0.00660872366279, 0.00603188574314, -0.0121186273172, 0.0190562475473, -0.015000147745, 0.01160240639, -0.00812080223113, 0.00279863877222], [0.000322967360262, 0.00268025207333, -0.00148203200661, 0.00415274174884, -0.00445462949574, 0.00624058023095, -0.00602667173371, 0.0114333238453, -0.015000147745, 0.0222915448248, -0.0164055731148, 0.0101386532187, -0.0037937015295], [-2.56909625023e-05, -0.00182201934513, 0.0009722696268, -0.00327249197289, 0.0033836918883, -0.00580404186621, 0.00687068188563, -0.00935106445104, 0.01160240639, -0.0164055731148, 0.0229223482311, -0.0150211742148, 0.00626873085275], [0.000185052849702, -4.49329054391e-05, 0.000208110534004, 0.0010278566042, -0.00237607304007, 0.00383261288516, -0.00430133938789, 0.00648916978389, -0.00812080223113, 0.0101386532187, -0.0150211742148, 0.0228729657829, -0.0111709022895], [0.00010278011905, 0.000571719370782, 0.000193973261048, 0.000449091166956, 0.00170762371272, -0.00300480658188, 0.00192407995928, -0.0033187631052, 0.00279863877222, -0.0037937015295, 0.00626873085275, -0.0111709022895, 0.0139716016129]]
    },
    "melbands": {
        "dmean": [0.00572138326243, 0.00506577128544, 0.00235664611682, 0.000744901713915, 0.000169078062754, 7.50927720219e-05, 8.84272885742e-05, 7.67497258494e-05, 9.9804274214e-05, 9.68008389464e-05, 0.000105018065369, 6.6893568146e-05, 4.44566794613e-05, 5.36158731848e-05, 2.34351864492e-05, 1.48295648614e-05, 1.35178052005e-05, 1.42383132697e-05, 4.49180015494e-06, 3.74356500288e-06, 8.74172019394e-06, 1.65082076364e-06, 2.02342948796e-06, 1.82587882591e-06, 6.55499377444e-07, 3.31756353944e-07, 3.67902345033e-07, 1.74278596887e-07, 1.718244107e-07, 1.26826918745e-07, 6.9569999539e-08, 3.4934821258e-08, 1.25444721277e-08, 5.21858600777e-09, 2.21691021096e-09, 7.68596242207e-10, 2.95883845203e-10, 1.33901403854e-10, 7.15420361841e-11, 4.71345115716e-11],
        "dmean2": [0.00833373330534, 0.00734477769583, 0.00430804071948, 0.00140983972233, 0.000302509317407, 0.000127220366267, 0.00014512539201, 0.000135551308631, 0.000139901341754, 0.000137684750371, 0.000151378655573, 9.44797720877e-05, 6.33239760646e-05, 7.59571776143e-05, 3.43201463693e-05, 2.31268841162e-05, 1.80391434697e-05, 1.81871655514e-05, 6.6932370828e-06, 5.63398452869e-06, 1.46591237353e-05, 2.21864183914e-06, 3.19361015499e-06, 3.00367878481e-06, 8.66479979322e-07, 3.97515663053e-07, 5.39892539564e-07, 2.35783019775e-07, 2.66633776391e-07, 1.96248080897e-07, 1.06244804954e-07, 5.62650015468e-08, 1.89505211523e-08, 8.13868439309e-09, 3.41540506987e-09, 1.20027499051e-09, 4.63553806451e-10, 1.98547525643e-10, 9.61055124371e-11, 6.27105450901e-11],
        "dvar": [0.000207624238101, 0.00013491732534, 6.0891128669e-05, 9.39787696552e-06, 3.72796193915e-07, 6.96089728081e-08, 1.98649090066e-07, 1.18740544508e-07, 1.63174476597e-07, 3.94883926447e-07, 2.70632369848e-07, 3.76416409154e-08, 1.78622823199e-08, 3.94044761265e-08, 5.69349989377e-09, 2.38324115998e-09, 2.04502770274e-09, 3.50248208214e-09, 4.0614767105e-10, 1.52909587769e-10, 1.49848966569e-09, 3.38372038722e-11, 1.25335811174e-10, 9.93564744367e-11, 6.96694655092e-12, 1.22012426204e-12, 2.51174320058e-12, 3.98885487357e-13, 5.0756962652e-13, 3.89115822896e-13, 5.72770929535e-14, 1.25900215952e-14, 1.810950512e-15, 2.62454826303e-16, 8.66655524269e-17, 1.1606612062e-17, 1.54304173981e-18, 7.33427186444e-19, 7.57263119578e-19, 3.82931503107e-19],
        "dvar2": [0.000351101218257, 0.000297964346828, 0.000171861887793, 2.73933401331e-05, 1.07542291516e-06, 1.76509900029e-07, 4.9232494348e-07, 3.20396054576e-07, 2.30625360587e-07, 5.53736811071e-07, 4.55394285837e-07, 7.93441117253e-08, 3.40196244508e-08, 8.71503331723e-08, 1.12358629067e-08, 5.46225553677e-09, 3.79491016389e-09, 5.93302473817e-09, 9.83528147813e-10, 3.4872396637e-10, 4.12391321092e-09, 5.93516277791e-11, 3.25301119375e-10, 2.614279071e-10, 1.2836111514e-11, 1.77613338533e-12, 5.50619359135e-12, 7.07871424237e-13, 1.37445068348e-12, 9.76761206639e-13, 1.21198149715e-13, 3.0880459729e-14, 4.28194890705e-15, 5.96159417151e-16, 1.95120325973e-16, 2.79367017e-17, 2.81395263862e-18, 9.06107705061e-19, 7.67620248028e-19, 3.85987159989e-19],
        "max": [0.0983362719417, 0.085669182241, 0.0559127405286, 0.02908975631, 0.00595005322248, 0.00556044792756, 0.00925035215914, 0.00652313744649, 0.00744884693995, 0.0169580876827, 0.0123388590291, 0.00443096691743, 0.00237069209106, 0.0039308751002, 0.00158342090435, 0.000698875985108, 0.000902018102352, 0.0012924062321, 0.00027806792059, 0.000195752363652, 0.000500891474076, 8.4756713477e-05, 0.000198985319003, 0.000144244491821, 3.64640327462e-05, 1.92801435333e-05, 2.9368489777e-05, 1.29871632453e-05, 1.24381094793e-05, 1.61014067999e-05, 4.39731229562e-06, 1.60806337135e-06, 6.70502458888e-07, 2.54096903518e-07, 1.86335995522e-07, 5.66287283732e-08, 2.45990463554e-08, 2.2453349402e-08, 2.49565239585e-08, 1.57471973239e-08],
        "mean": [0.00669870292768, 0.00653989519924, 0.00201577646658, 0.000466646597488, 0.000158507173182, 9.2650676379e-05, 8.46312977956e-05, 7.95117302914e-05, 0.000237885455135, 0.000247603078606, 0.000223725044634, 0.00013911658607, 7.85837546573e-05, 0.000112193862151, 4.15175927628e-05, 1.78047866939e-05, 2.59043954429e-05, 3.15071301884e-05, 4.78863830722e-06, 4.13941688748e-06, 6.97129507898e-06, 2.11803671846e-06, 2.05662422559e-06, 1.80770666702e-06, 8.16566625872e-07, 4.50299268095e-07, 4.47965703643e-07, 2.16640856365e-07, 1.74582382328e-07, 1.25975248011e-07, 7.21281949723e-08, 3.46420527819e-08, 1.32192683466e-08, 5.20758813849e-09, 2.23123608478e-09, 7.182544004e-10, 3.03750774533e-10, 1.40683992234e-10, 7.3389648525e-11, 4.75772927999e-11],
        "median": [0.000445264857262, 0.000532747711986, 0.000111614746857, 3.77874239348e-05, 2.8684078643e-05, 1.60541603691e-05, 6.30675458524e-06, 6.72244914313e-06, 1.05742137748e-05, 8.05703803053e-06, 7.9718656707e-06, 1.16632527352e-05, 1.0178599041e-05, 5.7654910961e-06, 3.08951462102e-06, 1.63294123467e-06, 1.54639087668e-06, 9.68160293269e-07, 3.55472309366e-07, 2.12136541222e-07, 1.88742916407e-07, 8.45817709205e-08, 6.47968576573e-08, 6.21718641014e-08, 2.60054413559e-08, 1.53658650248e-08, 1.15838600934e-08, 5.45960299192e-09, 4.77311923319e-09, 3.33048433276e-09, 2.48825782201e-09, 1.22268872804e-09, 5.80848813492e-10, 2.83159967696e-10, 1.35195896145e-10, 5.34350237669e-11, 2.6753592397e-11, 1.23151228798e-11, 7.32882938365e-12, 4.35160241175e-12],
