{
"highlevel": {
    "danceability": {
        "all": {
            "danceable": 0.87711930275,
            "not_danceable": 0.12288069725
        },
        "probability": 0.87711930275,
        "value": "danceable"
    },
    "gender": {
        "all": {
            "female": 0.0248140078038,
            "male": 0.975185990334
        },
        "probability": 0.975185990334,
        "value": "male"
    },
    "genre_dortmund": {
        "all": {
            "alternative": 0.100723557174,
            "blues": 0.0623103901744,
            "electronic": 0.029653776437,
            "folkcountry": 0.185918435454,
            "funksoulrnb": 0.0216786973178,
            "jazz": 0.0637070834637,
            "pop": 0.170407965779,
            "raphiphop": 0.0310770142823,
            "rock": 0.334523081779
        },
        "probability": 0.334523081779,
        "value": "rock"
    },
    "genre_electronic": {
        "all": {
            "ambient": 0.27128726244,
            "dnb": 0.548650741577,
            "house": 0.0767087936401,
            "techno": 0.0178168881685,
            "trance": 0.0855363085866
        },
        "probability": 0.548650741577,
        "value": "dnb"
    },
    "genre_rosamerica": {
        "all": {
            "cla": 0.0115291625261,
            "dan": 0.090165771544,
            "hip": 0.0334054939449,
            "jaz": 0.0106577957049,
            "pop": 0.349819034338,
            "rhy": 0.0423850677907,
            "roc": 0.451566129923,
            "spe": 0.0104715395719
        },
        "probability": 0.451566129923,
        "value": "roc"
    },
    "genre_tzanetakis": {
        "all": {
            "blu": 0.0626613423228,
            "cla": 0.0348169617355,
            "cou": 0.104475811124,
            "dis": 0.0784321576357,
            "hip": 0.15692435205,
            "jaz": 0.313974827528,
            "met": 0.0448166541755,
            "pop": 0.0627359300852,
            "reg": 0.0627360641956,
            "roc": 0.0784258767962
        },
        "probability": 0.313974827528,
        "value": "jaz"
    },
    "ismir04_rhythm": {
        "all": {
            "ChaChaCha": 0.449661314487,
            "Jive": 0.36616975069,
            "Quickstep": 0.0101574650034,
            "Rumba-American": 0.00386337656528,
            "Rumba-International": 0.0428410992026,
            "Rumba-Misc": 0.0033903780859,
            "Samba": 0.0495513379574,
            "Tango": 0.0169415939599,
            "VienneseWaltz": 0.0505842752755,
            "Waltz": 0.00683943089098
        },
        "probability": 0.449661314487,
        "value": "ChaChaCha"
    },
    "mood_acoustic": {
        "all": {
            "acoustic": 0.0496690869331,
            "not_acoustic": 0.950330913067
        },
        "probability": 0.950330913067,
        "value": "not_acoustic"
    },
    "mood_aggressive": {
        "all": {
            "aggressive": 0.0839514806867,
            "not_aggressive": 0.916048526764
        },
        "probability": 0.916048526764,
        "value": "not_aggressive"
    },
    "mood_electronic": {
        "all": {
            "electronic": 0.455186963081,
            "not_electronic": 0.544813036919
        },
        "probability": 0.544813036919,
        "value": "not_electronic"
    },
    "mood_happy": {
        "all": {
            "happy": 0.941778182983,
            "not_happy": 0.0582218430936
        },
        "probability": 0.941778182983,
        "value": "happy"
    },
    "mood_party": {
        "all": {
            "not_party": 0.298440366983,
            "party": 0.701559662819
        },
        "probability": 0.701559662819,
        "value": "party"
    },
    "mood_relaxed": {
        "all": {
            "not_relaxed": 0.862349808216,
            "relaxed": 0.137650221586
        },
        "probability": 0.862349808216,
        "value": "not_relaxed"
    },
    "mood_sad": {
        "all": {
            "not_sad": 0.793956518173,
            "sad": 0.206043466926
        },
        "probability": 0.793956518173,
        "value": "not_sad"
    },
    "moods_mirex": {
        "all": {
            "Cluster1": 0.138972237706,
            "Cluster2": 0.449867606163,
            "Cluster3": 0.241749927402,
            "Cluster4": 0.0916579663754,
            "Cluster5": 0.0777522474527
        },
        "probability": 0.449867606163,
        "value": "Cluster2"
    },
    "timbre": {
        "all": {
            "bright": 0.948318660259,
            "dark": 0.0516813136637
        },
        "probability": 0.948318660259,
        "value": "bright"
    },
    "tonal_atonal": {
        "all": {
            "atonal": 0.0117078833282,
            "tonal": 0.988292098045
        },
        "probability": 0.988292098045,
        "value": "tonal"
    },
    "voice_instrumental": {
        "all": {
            "instrumental": 0.0149933481589,
            "voice": 0.985006630421
        },
        "probability": 0.985006630421,
        "value": "voice"
    }
},
"lowlevel": {
    "average_loudness": 0.977939784527,
    "barkbands_crest": {
        "dmean": 2.78361868858,
        "dmean2": 4.48844718933,
        "dvar": 8.08183288574,
        "dvar2": 21.075963974,
        "max": 24.3073749542,
        "mean": 10.4533262253,
        "median": 9.80395030975,
        "min": 2.1852004528,
        "var": 17.892408371
    },
    "barkbands_flatness_db": {
        "dmean": 0.0265592187643,
        "dmean2": 0.0393227934837,
        "dvar": 0.000835325394291,
        "dvar2": 0.00167904433329,
        "max": 0.416521251202,
        "mean": 0.148552954197,
        "median": 0.140351191163,
        "min": 0.032188333571,
        "var": 0.00338967493735
    },
    "barkbands_kurtosis": {
        "dmean": 3.70658159256,
        "dmean2": 5.88575744629,
        "dvar": 61.5450897217,
        "dvar2": 149.193908691,
        "max": 95.5709228516,
        "mean": 4.88326740265,
        "median": 1.29769420624,
        "min": -1.82915842533,
        "var": 99.5674667358
    },
    "barkbands_skewness": {
        "dmean": 0.649991035461,
        "dmean2": 0.969250977039,
        "dvar": 0.63458532095,
        "dvar2": 1.39893054962,
        "max": 8.75716400146,
        "mean": 1.58815264702,
        "median": 1.33134317398,
        "min": -2.54780435562,
        "var": 2.09400296211
    },
    "barkbands_spread": {
        "dmean": 6.66455173492,
        "dmean2": 9.82379245758,
        "dvar": 69.065071106,
        "dvar2": 154.037384033,
        "max": 104.548477173,
        "mean": 24.7119064331,
        "median": 22.9270935059,
        "min": 1.53802728653,
        "var": 220.823974609
    },
    "dissonance": {
        "dmean": 0.0175004657358,
        "dmean2": 0.0294475387782,
        "dvar": 0.000307182664983,
        "dvar2": 0.000859251304064,
        "max": 0.499993801117,
        "mean": 0.466315299273,
        "median": 0.473450481892,
        "min": 0.343686133623,
        "var": 0.000665327184834
    },
    "dynamic_complexity": 2.54410910606,
    "erbbands_crest": {
        "dmean": 2.40331888199,
        "dmean2": 3.93581604958,
        "dvar": 5.41113758087,
        "dvar2": 13.7120389938,
        "max": 24.1034107208,
        "mean": 7.83473491669,
        "median": 7.05070972443,
        "min": 2.57134509087,
        "var": 12.1313638687
    },
    "erbbands_flatness_db": {
        "dmean": 0.0207086429,
        "dmean2": 0.0288632493466,
        "dvar": 0.000437033246271,
        "dvar2": 0.000817980442662,
        "max": 0.289427608252,
        "mean": 0.152355059981,
        "median": 0.149576500058,
        "min": 0.0596046112478,
        "var": 0.00187901372556
    },
    "erbbands_kurtosis": {
        "dmean": 0.742324531078,
        "dmean2": 1.15567278862,
        "dvar": 0.898897409439,
        "dvar2": 2.19918775558,
        "max": 9.78119087219,
        "mean": 0.0859198793769,
        "median": -0.324085950851,
        "min": -1.61685049534,
        "var": 2.01055645943
    },
    "erbbands_skewness": {
        "dmean": 0.336130261421,
        "dmean2": 0.503379821777,
        "dvar": 0.106818825006,
        "dvar2": 0.235115036368,
        "max": 2.68547224998,
        "mean": 0.0476774387062,
        "median": 0.0458114556968,
        "min": -2.6863515377,
        "var": 0.518311262131
    },
    "erbbands_spread": {
        "dmean": 9.3668794632,
        "dmean2": 14.1512422562,
        "dvar": 95.7661361694,
        "dvar2": 226.682327271,
        "max": 147.828948975,
        "mean": 42.1646575928,
        "median": 39.3332595825,
        "min": 6.27410316467,
        "var": 317.773956299
    },
    "hfc": {
        "dmean": 8.86793327332,
        "dmean2": 13.0601081848,
        "dvar": 181.19418335,
        "dvar2": 411.988433838,
        "max": 114.610313416,
        "mean": 23.9060497284,
        "median": 19.7848377228,
        "min": 0.057081349194,
        "var": 368.564300537
    },
    "melbands_crest": {
        "dmean": 3.22460150719,
        "dmean2": 5.16377687454,
        "dvar": 10.9118013382,
        "dvar2": 28.3817329407,
        "max": 31.0267124176,
        "mean": 15.4038591385,
        "median": 14.8797588348,
        "min": 2.94117975235,
        "var": 32.5161209106
    },
    "melbands_flatness_db": {
        "dmean": 0.0327760763466,
        "dmean2": 0.0462101846933,
        "dvar": 0.00128867651802,
        "dvar2": 0.00244332919829,
        "max": 0.522134900093,
        "mean": 0.200005203485,
        "median": 0.188211873174,
        "min": 0.0244695413858,
        "var": 0.00697204982862
    },
    "melbands_kurtosis": {
        "dmean": 10.2223701477,
        "dmean2": 16.4091262817,
        "dvar": 413.025390625,
        "dvar2": 1042.27050781,
        "max": 241.471130371,
        "mean": 17.0434112549,
        "median": 7.74909305573,
        "min": -1.67270743847,
        "var": 655.832580566
    },
    "melbands_skewness": {
        "dmean": 0.911273658276,
        "dmean2": 1.38692855835,
        "dvar": 1.27039027214,
        "dvar2": 2.90522885323,
        "max": 12.9285869598,
        "mean": 2.95404481888,
        "median": 2.43783593178,
        "min": -1.18074786663,
        "var": 3.96902227402
    },
    "melbands_spread": {
        "dmean": 8.64008522034,
        "dmean2": 12.5389823914,
        "dvar": 156.872680664,
        "dvar2": 325.545013428,
        "max": 210.838607788,
        "mean": 27.1759223938,
        "median": 21.2724018097,
        "min": 1.1869713068,
        "var": 594.089050293
    },
    "pitch_salience": {
        "dmean": 0.0769250392914,
        "dmean2": 0.126865684986,
        "dvar": 0.00585197424516,
        "dvar2": 0.0165066793561,
        "max": 0.826924622059,
        "mean": 0.516277611256,
        "median": 0.515881597996,
        "min": 0.157790079713,
        "var": 0.0137878917158
    },
    "silence_rate_20dB": {
        "dmean": 0,
        "dmean2": 0,
        "dvar": 0,
        "dvar2": 0,
        "max": 1,
        "mean": 1,
        "median": 1,
        "min": 1,
        "var": 0
    },
    "silence_rate_30dB": {
        "dmean": 0.0572755411267,
        "dmean2": 0.114639811218,
        "dvar": 0.0539951920509,
        "dvar2": 0.130931437016,
        "max": 1,
        "mean": 0.957463264465,
        "median": 1,
        "min": 0,
        "var": 0.0407270751894
    },
    "silence_rate_60dB": {
        "dmean": 0.030959751457,
        "dmean2": 0.0619674660265,
        "dvar": 0.0300015006214,
        "dvar2": 0.0658735111356,
        "max": 1,
        "mean": 0.0572312436998,
        "median": 0,
        "min": 0,
        "var": 0.0539557039738
    },
    "spectral_centroid": {
        "dmean": 293.290710449,
        "dmean2": 428.43850708,
        "dvar": 102346.414062,
        "dvar2": 213437.203125,
        "max": 4432.52197266,
        "mean": 1515.44262695,
        "median": 1512.30908203,
        "min": 194.566101074,
        "var": 483934.78125
    },
    "spectral_complexity": {
        "dmean": 5.00928783417,
        "dmean2": 7.12703323364,
        "dvar": 36.7957000732,
        "dvar2": 63.7977752686,
        "max": 54,
        "mean": 20.7277641296,
        "median": 19,
        "min": 0,
        "var": 122.770339966
    },
    "spectral_decrease": {
        "dmean": 4.33058300331e-09,
        "dmean2": 7.11318470792e-09,
        "dvar": 8.04728680797e-17,
        "dvar2": 2.08552958262e-16,
        "max": -1.85341793996e-11,
        "mean": -8.48333225889e-09,
        "median": -6.79825085115e-09,
        "min": -7.24144939568e-08,
        "var": 7.47242473726e-17
    },
    "spectral_energy": {
        "dmean": 0.0169575847685,
        "dmean2": 0.0276712588966,
        "dvar": 0.00118416792247,
        "dvar2": 0.00306437979452,
        "max": 0.276384949684,
        "mean": 0.0341863483191,
        "median": 0.0276031177491,
        "min": 7.51296174712e-05,
        "var": 0.00111492257565
    },
    "spectral_energyband_high": {
        "dmean": 0.000540439039469,
        "dmean2": 0.000792703474872,
        "dvar": 1.13499106646e-06,
        "dvar2": 2.59949456449e-06,
        "max": 0.00976647995412,
        "mean": 0.00104995968286,
        "median": 0.00057352881413,
        "min": 6.51379991723e-07,
        "var": 1.89942215911e-06
    },
    "spectral_energyband_low": {
        "dmean": 0.0112748714164,
        "dmean2": 0.0192615278065,
        "dvar": 0.000856580096297,
        "dvar2": 0.00223800865933,
        "max": 0.255048274994,
        "mean": 0.0171269644052,
        "median": 0.012262574397,
        "min": 1.58997693234e-06,
        "var": 0.000734187546186
    },
    "spectral_energyband_middle_high": {
        "dmean": 0.0022463821806,
        "dmean2": 0.0033496147953,
        "dvar": 8.49617845233e-06,
        "dvar2": 1.86817669601e-05,
        "max": 0.0336104817688,
        "mean": 0.00591988489032,
        "median": 0.00484886951745,
        "min": 1.98853940674e-05,
        "var": 2.59841308434e-05
    },
    "spectral_energyband_middle_low": {
        "dmean": 0.00610562134534,
        "dmean2": 0.0100894663483,
        "dvar": 0.00017272491823,
        "dvar2": 0.000481465394842,
        "max": 0.117652118206,
        "mean": 0.01099749282,
        "median": 0.00772614590824,
        "min": 4.33568675362e-05,
        "var": 0.000154478490003
    },
    "spectral_entropy": {
        "dmean": 0.193543225527,
        "dmean2": 0.265197694302,
        "dvar": 0.0504449009895,
        "dvar2": 0.088324777782,
        "max": 8.85786247253,
        "mean": 7.55392026901,
        "median": 7.59220838547,
        "min": 5.5992808342,
        "var": 0.213875710964
    },
    "spectral_flux": {
        "dmean": 0.038160905242,
        "dmean2": 0.0570908375084,
        "dvar": 0.00302550382912,
        "dvar2": 0.00567503413185,
        "max": 0.467611521482,
        "mean": 0.096055150032,
        "median": 0.0732381120324,
        "min": 0.00785271544009,
        "var": 0.00522854179144
    },
    "spectral_kurtosis": {
        "dmean": 1.77678871155,
        "dmean2": 2.93261098862,
        "dvar": 6.5867638588,
        "dvar2": 17.465461731,
        "max": 43.3497505188,
        "mean": 4.38337421417,
        "median": 3.61060714722,
        "min": -1.07490551472,
        "var": 12.3732738495
    },
    "spectral_rms": {
        "dmean": 0.0011832738528,
        "dmean2": 0.00179222144652,
        "dvar": 3.39724988407e-06,
        "dvar2": 8.06897696748e-06,
        "max": 0.0164208356291,
        "mean": 0.005281557329,
        "median": 0.00518939970061,
        "min": 0.000270734541118,
        "var": 5.45773173144e-06
    },
    "spectral_rolloff": {
        "dmean": 620.213745117,
        "dmean2": 977.768127441,
        "dvar": 1196224.375,
        "dvar2": 2461470.75,
        "max": 13415.1855469,
        "mean": 1698.06054688,
        "median": 1248.92578125,
        "min": 64.599609375,
        "var": 3510348
    },
    "spectral_skewness": {
        "dmean": 0.241470247507,
        "dmean2": 0.379941314459,
        "dvar": 0.0692918077111,
        "dvar2": 0.163122534752,
        "max": 5.32493209839,
        "mean": 1.48305845261,
        "median": 1.4455922842,
        "min": 0.0530064068735,
        "var": 0.235080063343
    },
    "spectral_spread": {
        "dmean": 617915.5,
        "dmean2": 881298.4375,
        "dvar": 552750088192,
        "dvar2": 1.02104412979e+12,
        "max": 12861245,
        "mean": 4432189,
        "median": 4209783,
        "min": 1524166.25,
        "var": 2.5382116393e+12
    },
    "spectral_strongpeak": {
        "dmean": 0.450421184301,
        "dmean2": 0.7564625144,
        "dvar": 0.794565677643,
        "dvar2": 1.96912896633,
        "max": 8.61824893951,
        "mean": 0.857044219971,
        "median": 0.500254571438,
        "min": 0.0132826007903,
        "var": 1.12763929367
    },
    "zerocrossingrate": {
        "dmean": 0.0131488246843,
        "dmean2": 0.0140398824587,
        "dvar": 0.000279897358268,
        "dvar2": 0.000271624972811,
        "max": 0.42138671875,
        "mean": 0.0663405433297,
        "median": 0.05859375,
        "min": 0.0029296875,
        "var": 0.00253851572052
    },
    "barkbands": {
        "dmean": [0.000232101010624, 0.00860575307161, 0.0033411309123, 0.000886463443749, 0.0032722116448, 0.000893154821824, 0.000821074470878, 0.00157572887838, 0.000447968079243, 0.000397373223677, 0.000373637798475, 0.000412248336943, 0.00031799604767, 0.000507872144226, 0.000438504648628, 0.000444498320576, 0.000364762992831, 0.000235738974879, 0.000191071172594, 0.000231128244195, 0.000104284910776, 0.000122003548313, 0.000121102420962, 9.80746335699e-05, 7.24844721844e-05, 4.58633367089e-05, 8.9480337806e-08],
        "dmean2": [0.000367320026271, 0.0148006882519, 0.00585465924814, 0.00147596071474, 0.0057691372931, 0.00153183331713, 0.00134495226666, 0.00237229675986, 0.00071099557681, 0.000633391260635, 0.000622200081125, 0.000643683539238, 0.000502004113514, 0.000816303829197, 0.000688869680744, 0.000678049807902, 0.000563093228266, 0.000366491061868, 0.000312052870868, 0.00036610965617, 0.000167649035575, 0.000188823396456, 0.000181417781278, 0.000152689244715, 0.000112764078949, 6.96411516401e-05, 1.61596702242e-07],
        "dvar": [3.49215270035e-07, 0.000572838180233, 5.72273602302e-05, 3.08885137201e-06, 9.32532711886e-05, 4.05140372095e-06, 6.51926393402e-06, 1.34603405968e-05, 5.0556207043e-07, 4.77848345781e-07, 1.00564227523e-06, 7.76004014824e-07, 5.78712445076e-07, 1.07065204702e-06, 6.63672096834e-07, 6.10411916568e-07, 3.17220838042e-07, 1.28336978378e-07, 9.4894815561e-08, 1.12444688227e-07, 5.07456974219e-08, 6.2181534588e-08, 4.89150124849e-08, 3.50726736542e-08, 3.11706251921e-08, 1.5373313289e-08, 8.5817346339e-14],
        "dvar2": [8.34750608192e-07, 0.0015103102196, 0.000164006298291, 7.95861706138e-06, 0.00026646227343, 1.14054537335e-05, 1.71747578861e-05, 3.07217487716e-05, 1.22640938116e-06, 1.18763330192e-06, 2.64379582404e-06, 1.6671577896e-06, 1.46590377881e-06, 2.6596430871e-06, 1.52552081545e-06, 1.40116458169e-06, 7.30400643079e-07, 3.03041389316e-07, 2.48566976779e-07, 2.56484725014e-07, 1.29586879893e-07, 1.43713407397e-07, 1.1432061342e-07, 8.56356550116e-08, 7.2173264698e-08, 3.64705421418e-08, 2.32519678425e-13],
        "max": [0.00713879242539, 0.2125608325, 0.0908292084932, 0.022256590426, 0.0897447764874, 0.0242309756577, 0.0492512993515, 0.0469980835915, 0.010676458478, 0.00675556296483, 0.0143176428974, 0.0154212675989, 0.0135663226247, 0.0139678707346, 0.0104530369863, 0.0123472837731, 0.00662874756381, 0.00402541132644, 0.00281753763556, 0.00447579519823, 0.00246212328784, 0.00304895755835, 0.00236704968847, 0.00216738530435, 0.00196866318583, 0.00175608613063, 2.95000722872e-06],
        "mean": [0.000215463674976, 0.0107821300626, 0.00530489953235, 0.00132058770396, 0.00386527995579, 0.00139088369906, 0.00113519537263, 0.00232126447372, 0.000830961042084, 0.000609291542787, 0.000565709546208, 0.000678274722304, 0.00044031671132, 0.000751847983338, 0.000629980640952, 0.000688441738021, 0.000577880477067, 0.000402524281526, 0.000323422456859, 0.00045463279821, 0.000146623133332, 0.000200537149794, 0.000220635032747, 0.000166091922438, 0.000105848535895, 5.7602115703e-05, 5.99213620944e-08],
        "median": [2.90813895845e-05, 0.00509662460536, 0.00269966386259, 0.000642939296085, 0.0016815190902, 0.000547102012206, 0.000314093602356, 0.000465722812805, 0.000371713860659, 0.000287837669021, 0.00017277081497, 0.000266698945779, 0.00021437102987, 0.000308423914248, 0.000227620999794, 0.000270021002507, 0.000288243696559, 0.000206842974876, 0.000179667782504, 0.000264402013272, 4.94250234624e-05, 7.1065602242e-05, 0.000111263994768, 7.3840325058e-05, 2.55338018178e-05, 1.12296120278e-05, 7.46263495444e-10],
        "min": [1.18508609148e-07, 7.02181523593e-07, 1.04215757801e-07, 2.28283624892e-07, 1.49964023421e-06, 1.4699668327e-06, 1.18767943036e-07, 2.72193938144e-06, 1.61375089647e-06, 1.95399002223e-06, 4.38123549884e-07, 1.09970255835e-06, 3.02529628016e-07, 1.49682463757e-07, 2.3426443363e-07, 2.58076454429e-07, 2.81162186866e-07, 2.26333042974e-07, 1.22635228195e-07, 2.33137726013e-07, 7.81590898669e-08, 4.90764051619e-08, 9.75702896255e-09, 4.29681734637e-10, 1.1397473243e-11, 7.39775254943e-12, 8.37556239641e-12],
        "var": [3.59207859901e-07, 0.000449362589279, 5.86712012591e-05, 4.18028912463e-06, 6.38822530163e-05, 5.86110991208e-06, 8.02492104413e-06, 2.14204992517e-05, 1.40475106036e-06, 7.90330489053e-07, 1.54595693402e-06, 1.98631505555e-06, 7.41280985039e-07, 1.96618293558e-06, 1.11591202767e-06, 1.31344700094e-06, 6.19301715687e-07, 2.64161656105e-07, 1.51582781882e-07, 3.05266183886e-07, 6.27776230999e-08, 1.11565697125e-07, 8.5268915484e-08, 6.73576892041e-08, 5.10817059762e-08, 1.9090954595e-08, 5.79302163422e-14]
    },
    "erbbands": {
        "dmean": [0.230326101184, 2.03107833862, 4.13504886627, 3.10113883018, 4.70721817017, 14.3264322281, 11.2312221527, 7.18139362335, 11.8789787292, 17.4744148254, 31.123418808, 11.4247026443, 10.5074148178, 11.6309013367, 16.9693660736, 13.7079925537, 13.4416570663, 15.9739513397, 27.1490783691, 20.8230037689, 23.2835865021, 21.9293994904, 14.1975393295, 8.14617347717, 11.2370166779, 10.2652950287, 4.5046172142, 4.17647790909, 4.2477107048, 3.51699495316, 4.00265789032, 2.72832727432, 1.31040251255, 0.77985316515, 0.569026470184, 0.247566819191, 0.0870938003063, 0.00806294195354, 0.000156755835633, 2.55337199633e-05],
        "dmean2": [0.38052624464, 3.58533716202, 7.35425710678, 5.19362306595, 8.09250545502, 25.8947677612, 19.1065063477, 11.9503602982, 18.8268642426, 27.4350605011, 46.9463500977, 17.6385593414, 16.5338668823, 19.0691223145, 27.0233402252, 21.0405578613, 20.8509845734, 25.5879764557, 42.9368515015, 32.5669250488, 34.9206886292, 33.1921005249, 21.6617641449, 12.8753871918, 17.9988155365, 16.1223163605, 7.17898464203, 6.65303611755, 6.66744089127, 5.20762634277, 6.19862127304, 4.32283067703, 2.03969836235, 1.22575366497, 0.888716816902, 0.373224318027, 0.136983439326, 0.013257343322, 0.000251279358054, 4.04583151976e-05],
        "dvar": [0.4106092453, 33.4935455322, 102.815597534, 41.4604911804, 108.456558228, 2281.21630859, 773.516418457, 218.1668396, 797.323791504, 2252.54248047, 5122.56054688, 292.870452881, 262.705688477, 943.542175293, 1437.59301758, 792.452392578, 954.162414551, 883.612915039, 2394.10009766, 1198.01367188, 1587.21899414, 1266.0378418, 481.776702881, 182.92489624, 297.77053833, 247.517578125, 72.8533325195, 77.6404953003, 82.2625350952, 40.9448242188, 60.1473922729, 29.2947463989, 6.2495508194, 3.27340650558, 1.94744932652, 0.35041052103, 0.063418276608, 0.000799787580036, 2.43865400762e-07, 2.17921014567e-09],
        "dvar2": [1.01752150059, 92.0525588989, 296.030517578, 110.647521973, 302.042572021, 6515.47314453, 2174.7043457, 584.644775391, 1893.40795898, 5924.66748047, 11606.5742188, 722.897583008, 639.747070312, 2515.84008789, 3707.19604492, 1603.85656738, 2334.65063477, 2279.40380859, 5897.43652344, 2744.75585938, 3234.92529297, 2873.50512695, 1126.57116699, 466.783355713, 755.806030273, 536.330200195, 179.342819214, 201.371673584, 192.94392395, 88.362991333, 149.151550293, 73.4665756226, 14.0543575287, 7.71465301514, 4.5255689621, 0.802802085876, 0.149200335145, 0.00209645577706, 6.23707194336e-07, 5.45861578161e-09],
        "max": [6.48926067352, 51.6229400635, 115.220161438, 68.6848297119, 105.80645752, 420.782287598, 254.208786011, 168.583969116, 393.340209961, 838.584106445, 1005.08032227, 266.793609619, 159.464874268, 461.864654541, 464.600921631, 545.29119873, 537.320922852, 529.270202637, 555.562194824, 419.25, 671.006530762, 461.753356934, 274.841827393, 121.509635925, 152.798995972, 245.395263672, 88.023651123, 88.4599990845, 155.452468872, 72.322807312, 79.4814453125, 55.7787971497, 29.2885856628, 23.8224830627, 15.6721439362, 8.0936870575, 2.6483194828, 0.507008969784, 0.00838833954185, 0.000364278239431],
        "mean": [0.243169188499, 2.65018773079, 6.56767225266, 5.27609586716, 6.40957164764, 13.8618927002, 16.0084629059, 12.4214200974, 18.0701084137, 24.673494339, 45.2255516052, 21.5058269501, 18.2218151093, 16.8687419891, 28.9501590729, 23.299036026, 20.7105922699, 25.6440620422, 42.1052131653, 33.9412689209, 38.4017601013, 37.3050994873, 25.4965839386, 14.2729845047, 21.6481876373, 20.7247695923, 7.35702514648, 5.73841667175, 6.86720275879, 6.11898088455, 6.87734651566, 4.54350376129, 2.12843465805, 1.05605757236, 0.848375201225, 0.338430374861, 0.0975635796785, 0.00797538552433, 0.000181754337973, 5.03915216541e-05],
        "median": [0.0543788895011, 1.51428318024, 3.51431250572, 2.6328868866, 3.61941456795, 4.67988061905, 4.70002222061, 4.432533741, 5.15461921692, 7.86665964127, 13.2538051605, 10.3299446106, 9.89950847626, 7.1253027916, 10.312046051, 10.1648674011, 11.0996732712, 12.9027118683, 16.8025169373, 15.279583931, 16.4037742615, 18.8480739594, 13.9517183304, 7.77891635895, 12.5838384628, 12.0446767807, 3.74892258644, 1.77389752865, 2.28865718842, 2.7826025486, 3.4700922966, 2.28913784027, 0.686121463776, 0.222072601318, 0.212503403425, 0.0773303806782, 0.0146093778312, 0.000735512585379, 4.27106933785e-05, 3.79983321181e-05],
        "min": [2.41538964474e-05, 0.000102318685094, 0.000329401751515, 0.00202047149651, 0.00278196460567, 0.00486247614026, 0.0153599176556, 0.0190187003464, 0.0412831045687, 0.0606450103223, 0.0825123265386, 0.0524071156979, 0.0894640311599, 0.0735587179661, 0.0866645425558, 0.0447967350483, 0.017724679783, 0.0467802062631, 0.0271645914763, 0.0251358039677, 0.0122173521668, 0.0180524252355, 0.014199049212, 0.0157266687602, 0.0118227330968, 0.0138961272314, 0.00512951659039, 0.0038121168036, 0.0028564305976, 0.00150960823521, 0.000206281561987, 3.87906620745e-05, 2.10523612623e-05, 1.24963662529e-05, 9.66434345173e-06, 5.90091121921e-06, 1.05072115275e-06, 1.25688316643e-07, 1.46870902995e-07, 9.72488081175e-08],
        "var": [0.354478061199, 24.3052806854, 92.0983734131, 54.0969581604, 95.7998733521, 1414.88500977, 830.848022461, 477.58996582, 1721.41723633, 2462.81811523, 7577.85449219, 871.926696777, 521.47253418, 939.494018555, 3049.66943359, 2093.40454102, 1453.09692383, 1425.19714355, 4772.51367188, 2362.30419922, 4224.25927734, 2716.80126953, 1020.68389893, 294.120178223, 600.10925293, 675.211547852, 98.5436935425, 98.0146713257, 153.36831665, 78.3055114746, 89.111038208, 42.1912536621, 14.8615064621, 5.1728925705, 3.38842797279, 0.514047861099, 0.0725167095661, 0.000723502656911, 2.40101684312e-07, 2.33893171497e-09]
    },
    "gfcc": {
        "mean": [8.34782600403, 87.887008667, -122.336486816, 39.3301239014, -57.1647987366, 18.8617591858, -41.4056854248, 14.9768218994, -19.5614185333, 1.00973165035, -12.7301397324, -0.931014597416, -13.6234865189],
        "cov": [[4725.4375, -1158.21618652, 212.439849854, 235.736816406, -113.675453186, 253.868515015, -215.935806274, 267.878112793, -79.7156448364, 286.368011475, -288.660736084, 93.9729766846, -127.415008545], [-1158.21618652, 1801.91296387, 188.76725769, 216.680923462, 508.223724365, -52.6985588074, 377.54510498, -177.359466553, 136.425094604, -280.453857422, 188.028015137, -213.938827515, 7.11861848831], [212.439849854, 188.76725769, 994.235107422, 296.701293945, 212.090576172, 234.602996826, 97.2428665161, -11.5780725479, -81.7501907349, 8.76264858246, -96.9981689453, 44.7248802185, -49.7241096497], [235.736816406, 216.680923462, 296.701293945, 578.52746582, 206.211380005, 151.390640259, 86.4061660767, -50.7515068054, 89.8097229004, -57.3679542542, -49.870803833, -68.556388855, 61.7273178101], [-113.675453186, 508.223724365, 212.090576172, 206.211380005, 492.766937256, 87.1174697876, 110.392623901, -22.300863266, 86.1695480347, -30.5456809998, -51.0149726868, -86.6309356689, -13.7758426666], [253.868515015, -52.6985588074, 234.602996826, 151.390640259, 87.1174697876, 282.607086182, 95.3491516113, 26.9996910095, -2.29926323891, 23.738451004, -45.7248840332, -18.7370204926, -20.1682491302], [-215.935806274, 377.54510498, 97.2428665161, 86.4061660767, 110.392623901, 95.3491516113, 271.691955566, -8.62291526794, 28.2077350616, -62.6760292053, 39.7035179138, -38.9157981873, -25.3292808533], [267.878112793, -177.359466553, -11.5780725479, -50.7515068054, -22.300863266, 26.9996910095, -8.62291526794, 150.037750244, 11.9417123795, 55.2796669006, -19.0725727081, -5.27949380875, -25.0829792023], [-79.7156448364, 136.425094604, -81.7501907349, 89.8097229004, 86.1695480347, -2.29926323891, 28.2077350616, 11.9417123795, 150.357452393, 10.7120409012, 11.9898681641, -69.5208587646, 19.9643154144], [286.368011475, -280.453857422, 8.76264858246, -57.3679542542, -30.5456809998, 23.738451004, -62.6760292053, 55.2796669006, 10.7120409012, 145.000427246, -42.5165328979, 25.6283855438, -22.0295505524], [-288.660736084, 188.028015137, -96.9981689453, -49.870803833, -51.0149726868, -45.7248840332, 39.7035179138, -19.0725727081, 11.9898681641, -42.5165328979, 132.679656982, -6.77626132965, 7.3300948143], [93.9729766846, -213.938827515, 44.7248802185, -68.556388855, -86.6309356689, -18.7370204926, -38.9157981873, -5.27949380875, -69.5208587646, 25.6283855438, -6.77626132965, 147.981292725, 15.7666816711], [-127.415008545, 7.11861848831, -49.7241096497, 61.7273178101, -13.7758426666, -20.1682491302, -25.3292808533, -25.0829792023, 19.9643154144, -22.0295505524, 7.3300948143, 15.7666816711, 100.231903076]],
        "icov": [[0.000334977841703, -2.30840341828e-05, 0.000136130169267, -0.000393602880649, 0.000116269213322, -0.000160936382599, 0.000230001212913, -0.000454790890217, 0.000228267308557, -0.000314528704621, 0.000402519566705, -0.000257345847785, 0.000561752764042], [-2.30840341828e-05, 0.00280474638566, -0.000916218210477, 0.000660272373352, -0.0021761781536, 0.00164764851797, -0.00218503526412, 0.00160044676159, -0.000629421672784, 0.00216395547614, -0.00291928020306, 0.00234666606411, -0.000763585674576], [0.000136130169267, -0.000916218210477, 0.00216956064105, -0.00132317305543, 0.000160160881933, -0.00127450039145, 0.000652227259707, -0.000680928817019, 0.00167672534008, -0.00111585156992, 0.00133401656058, -0.00171602377668, 0.0014824263053], [-0.000393602880649, 0.000660272373352, -0.00132317305543, 0.00414920225739, -0.00082060956629, -0.000634255236946, -0.000743318814784, 0.00167575804517, -0.00255872658454, 0.00217111641541, -9.65774888755e-05, 0.00156960298773, -0.00302082020789], [0.000116269213322, -0.0021761781536, 0.000160160881933, -0.00082060956629, 0.00491562020034, -0.00124539842363, 0.000986212980933, -0.000840142602101, -0.00117012008559, -0.00123528356198, 0.00378413009457, -0.000988612649962, 0.00119150499813], [-0.000160936382599, 0.00164764851797, -0.00127450039145, -0.000634255236946, -0.00124539842363, 0.00692151952535, -0.00348127773032, 0.000258528045379, 0.000858000828885, -0.000541391200386, -0.000959706900176, 0.00234900112264, -0.000745965284295], [0.000230001212913, -0.00218503526412, 0.000652227259707, -0.000743318814784, 0.000986212980933, -0.00348127773032, 0.00778058497235, -0.00179204496089, -0.000646418659016, 0.000854921236169, 0.000436809030361, -0.00246355729178, 0.0028539323248], [-0.000454790890217, 0.00160044676159, -0.000680928817019, 0.00167575804517, -0.000840142602101, 0.000258528045379, -0.00179204496089, 0.00991298817098, -0.00180933682714, -0.000759455375373, -0.00135469378438, 0.0022443109192, -0.000157693459187], [0.000228267308557, -0.000629421672784, 0.00167672534008, -0.00255872658454, -0.00117012008559, 0.000858000828885, -0.000646418659016, -0.00180933682714, 0.0131357256323, -0.00499904947355, -0.00105609220918, 0.00365149229765, -0.00207411847077], [-0.000314528704621, 0.00216395547614, -0.00111585156992, 0.00217111641541, -0.00123528356198, -0.000541391200386, 0.000854921236169, -0.000759455375373, -0.00499904947355, 0.0138538815081, -9.81327775662e-06, -0.000828108109999, 0.00147471029777], [0.000402519566705, -0.00291928020306, 0.00133401656058, -9.65774888755e-05, 0.00378413009457, -0.000959706900176, 0.000436809030361, -0.00135469378438, -0.00105609220918, -9.81327775662e-06, 0.0141774136573, -0.00273031834513, 0.00113950797822], [-0.000257345847785, 0.00234666606411, -0.00171602377668, 0.00156960298773, -0.000988612649962, 0.00234900112264, -0.00246355729178, 0.0022443109192, 0.00365149229765, -0.000828108109999, -0.00273031834513, 0.0129537973553, -0.00478317821398], [0.000561752764042, -0.000763585674576, 0.0014824263053, -0.00302082020789, 0.00119150499813, -0.000745965284295, 0.0028539323248, -0.000157693459187, -0.00207411847077, 0.00147471029777, 0.00113950797822, -0.00478317821398, 0.0154426917434]]
    },
    "melbands": {
        "dmean": [0.00225061853416, 0.00231260806322, 0.000532548816409, 0.000683083373588, 0.000467301055323, 0.000165262899827, 0.000173756328877, 0.00024341144308, 0.000224620627705, 6.80629891576e-05, 5.46789451619e-05, 5.01801659993e-05, 5.18052875123e-05, 5.03838418808e-05, 3.41016893799e-05, 3.2097883377e-05, 3.33074967784e-05, 5.12804763275e-05, 3.44702420989e-05, 3.12817683152e-05, 2.69472802756e-05, 2.5315423045e-05, 1.60286836035e-05, 1.02114117908e-05, 6.79341155774e-06, 7.67174424254e-06, 1.07622545329e-05, 6.50441870675e-06, 2.87188731818e-06, 2.58567001765e-06, 2.52691734204e-06, 2.37634480982e-06, 2.98900499729e-06, 1.79036385362e-06, 2.49190770774e-06, 2.06492018151e-06, 1.69619897861e-06, 1.05548622287e-06, 7.35572257327e-07, 6.54575160297e-07],
        "dmean2": [0.00379874487408, 0.00409623747692, 0.000894354539923, 0.00122659408953, 0.000810052675661, 0.000277598242974, 0.000277683750028, 0.000375643663574, 0.00034063323983, 0.000106181694719, 8.61976805027e-05, 8.15396051621e-05, 8.50029609865e-05, 7.69380276324e-05, 5.10068057338e-05, 5.21973488503e-05, 5.33180973434e-05, 8.14721206552e-05, 5.40522378287e-05, 4.9233178288e-05, 4.12197041442e-05, 3.88063017454e-05, 2.50139601121e-05, 1.62507403729e-05, 1.08687390821e-05, 1.26178510982e-05, 1.7414586182e-05, 1.03589491118e-05, 4.5974211389e-06, 4.24243353336e-06, 4.11482642448e-06, 3.8396515265e-06, 4.61394802187e-06, 2.70979580819e-06, 3.92719493902e-06, 3.25119299305e-06, 2.7291052902e-06, 1.691335342e-06, 1.13792168577e-06, 1.05535218609e-06],
        "dvar": [3.89991073462e-05, 3.72025860997e-05, 1.18604918953e-06, 4.22473931394e-06, 1.66063739471e-06, 1.23610107039e-07, 2.011358049e-07, 3.55778780659e-07, 2.46171339313e-07, 1.07416857631e-08, 7.19125692328e-09, 1.49843231156e-08, 1.70003797706e-08, 1.15163407699e-08, 8.00406052548e-09, 8.13496470187e-09, 3.87206711139e-09, 1.00303410022e-08, 4.84434448111e-09, 3.43454598095e-09, 2.15663775727e-09, 1.77927050871e-09, 5.1643833654e-10, 3.11149467302e-10, 1.33059063767e-10, 1.71064662435e-10, 2.62175781085e-10, 1.04689958091e-10, 2.66109148606e-11, 3.2298667213e-11, 3.1671786721e-11, 2.77513931973e-11, 4.43908104719e-11, 8.69388588898e-12, 2.56662937431e-11, 1.30183815117e-11, 1.15042420035e-11, 3.91473572309e-12, 2.71224622622e-12, 2.15305009064e-12],
        "dvar2": [9.98898467515e-05, 0.00010536849004, 3.15162878906e-06, 1.19973801702e-05, 4.7170851758e-06, 3.36744676588e-07, 5.01404258557e-07, 8.64295941483e-07, 5.6419281691e-07, 2.65664183985e-08, 1.72637530937e-08, 3.99508053306e-08, 4.47978365514e-08, 2.60759929205e-08, 1.39593376858e-08, 2.21830518399e-08, 9.87797577068e-09, 2.50350122855e-08, 1.14187308498e-08, 8.61920668171e-09, 4.27099156042e-09, 4.03899313994e-09, 1.19305043622e-09, 7.47368389398e-10, 3.43809758441e-10, 4.52222370662e-10, 6.21149243152e-10, 2.28960822524e-10, 6.50549822345e-11, 8.43408468065e-11, 8.39770891714e-11, 7.01492128274e-11, 1.01934745367e-10, 1.85927332558e-11, 6.52676801494e-11, 3.25869678464e-11, 2.91783507078e-11, 9.22662900943e-12, 6.33071156261e-12, 5.24477683506e-12],
        "max": [0.0536562651396, 0.0595565699041, 0.0104057174176, 0.0182677656412, 0.0119319455698, 0.00404785806313, 0.00656222132966, 0.0076643214561, 0.00732637755573, 0.00164587271865, 0.000890776922461, 0.00176667154301, 0.00170083751436, 0.00156762392726, 0.00277311494574, 0.00177869666368, 0.0010116630001, 0.00126207561698, 0.000975541188382, 0.00106106163003, 0.000735016306862, 0.000610277696978, 0.000226134841796, 0.000246389856329, 0.000104088328953, 0.00013188822777, 0.000192147082998, 0.000137928916956, 4.88376208523e-05, 0.000103314385342, 6.04989327257e-05, 0.000118095776998, 7.8458317148e-05, 3.11616677209e-05, 4.99166599184e-05, 4.0463914047e-05, 3.13394739351e-05, 2.49424992944e-05, 2.51046658377e-05, 1.56761525432e-05],
        "mean": [0.00264101871289, 0.00357713433914, 0.000935270334594, 0.000722729484551, 0.000616651319433, 0.0002809362486, 0.000250346201938, 0.000355729163857, 0.000324330641888, 0.00012531982793, 9.10976814339e-05, 7.02462129993e-05, 8.43869856908e-05, 8.11581048765e-05, 5.54369071324e-05, 4.18737945438e-05, 5.0571441534e-05, 7.55978398956e-05, 4.75224478578e-05, 4.70923005196e-05, 4.10589964304e-05, 4.01051656809e-05, 2.71455101029e-05, 1.69024478964e-05, 1.0669882613e-05, 1.2874780623e-05, 2.014175152e-05, 1.21560560729e-05, 4.46136755272e-06, 3.58919214705e-06, 3.22580285683e-06, 3.53384166374e-06, 4.55028703072e-06, 3.00354008687e-06, 4.02012938139e-06, 3.48936896444e-06, 2.51736446444e-06, 1.59671583333e-06, 9.97214442577e-07, 8.20298794224e-07],
        "median": [0.000993673922494, 0.00259637902491, 0.000588265596889, 0.00032141074189, 0.00017102714628, 0.000101898731373, 6.99702286511e-05, 8.46598995849e-05, 9.69733737293e-05, 5.55067235837e-05, 4.69740843982e-05, 2.92185104627e-05, 2.87898437819e-05, 3.15716933983e-05, 2.0092136765e-05, 1.97672361537e-05, 2.21942282224e-05, 2.72564702755e-05, 1.62642991199e-05, 1.79275575647e-05, 1.64185912581e-05, 1.93654032046e-05, 1.47478322106e-05, 8.4093935584e-06, 5.26156873093e-06, 6.8590607043e-06, 1.08531457954e-05, 6.70821327731e-06, 2.14050396607e-06, 1.13094972676e-06, 8.98800010418e-07, 1.05390108729e-06, 1.54817735165e-06, 1.29577358621e-06, 1.94039489543e-06, 1.78192055955e-06, 1.17551644507e-06, 5.15174065185e-07, 2.0174948645e-07, 1.32739202741e-07],
        "min": [2.97991476828e-07, 1.94562332467e-07, 2.44779073455e-07, 2.55526117598e-07, 4.86261001242e-07, 4.67286270123e-07, 5.14408725394e-07, 6.66470157284e-07, 5.98162614551e-07, 2.38703222522e-07, 4.51542064184e-07, 3.13235773319e-07, 1.90673162592e-07, 1.66301319382e-07, 4.05726225949e-08, 1.16341292156e-08, 6.0946391045e-08, 1.86162196769e-08, 1.74064727076e-08, 2.2611416739e-08, 1.0145829954e-08, 2.20415632413e-08, 8.27923773983e-09, 1.25105241722e-08, 7.78747466512e-09, 3.93277677091e-09, 4.2720254001e-09, 8.6864782034e-09, 3.0671198914e-09, 3.66121050144e-10, 3.29965776924e-10, 3.55069203206e-11, 5.21232168538e-10, 4.02209654471e-11, 6.60307086786e-11, 5.05707802023e-11, 3.51745390627e-12, 1.53721967881e-12, 1.82865360224e-13, 9.42255781321e-14],
