{
"highlevel": {
    "danceability": {
        "all": {
            "danceable": 0.999639689922,
            "not_danceable": 0.000360308709787
        },
        "probability": 0.999639689922,
        "value": "danceable"
    },
    "gender": {
        "all": {
            "female": 0.0209408570081,
            "male": 0.979059159756
        },
        "probability": 0.979059159756,
        "value": "male"
    },
    "genre_dortmund": {
        "all": {
            "alternative": 0.0161943361163,
            "blues": 0.00879701320082,
            "electronic": 0.188329935074,
            "folkcountry": 0.0149303339422,
            "funksoulrnb": 0.024114176631,
            "jazz": 0.0337573513389,
            "pop": 0.0621531307697,
            "raphiphop": 0.575495004654,
            "rock": 0.0762287154794
        },
        "probability": 0.575495004654,
        "value": "raphiphop"
    },
    "genre_electronic": {
        "all": {
            "ambient": 0.211338713765,
            "dnb": 0.407083064318,
            "house": 0.307721406221,
            "techno": 0.0209742952138,
            "trance": 0.0528825111687
        },
        "probability": 0.407083064318,
        "value": "dnb"
    },
    "genre_rosamerica": {
        "all": {
            "cla": 0.00323654408567,
            "dan": 0.180935695767,
            "hip": 0.368482172489,
            "jaz": 0.00394335668534,
            "pop": 0.305876672268,
            "rhy": 0.116232149303,
            "roc": 0.0189484227449,
            "spe": 0.00234497431666
        },
        "probability": 0.368482172489,
        "value": "hip"
    },
    "genre_tzanetakis": {
        "all": {
            "blu": 0.0620671063662,
            "cla": 0.034474901855,
            "cou": 0.103433981538,
            "dis": 0.0620971247554,
            "hip": 0.15527240932,
            "jaz": 0.310666948557,
            "met": 0.044346679002,
            "pop": 0.0620793737471,
            "reg": 0.0620816536248,
            "roc": 0.103479810059
        },
        "probability": 0.310666948557,
        "value": "jaz"
    },
    "ismir04_rhythm": {
        "all": {
            "ChaChaCha": 0.304646074772,
            "Jive": 0.0487749390304,
            "Quickstep": 0.026796573773,
            "Rumba-American": 0.0154332593083,
            "Rumba-International": 0.056748457253,
            "Rumba-Misc": 0.00752794230357,
            "Samba": 0.520240008831,
            "Tango": 0.00622119009495,
            "VienneseWaltz": 0.00644512847066,
            "Waltz": 0.00716640520841
        },
        "probability": 0.520240008831,
        "value": "Samba"
    },
    "mood_acoustic": {
        "all": {
            "acoustic": 0.00591161008924,
            "not_acoustic": 0.994088411331
        },
        "probability": 0.994088411331,
        "value": "not_acoustic"
    },
    "mood_aggressive": {
        "all": {
            "aggressive": 0.285918086767,
            "not_aggressive": 0.714081943035
        },
        "probability": 0.714081943035,
        "value": "not_aggressive"
    },
    "mood_electronic": {
        "all": {
            "electronic": 0.721034646034,
            "not_electronic": 0.278965324163
        },
        "probability": 0.721034646034,
        "value": "electronic"
    },
    "mood_happy": {
        "all": {
            "happy": 0.221797943115,
            "not_happy": 0.778202056885
        },
        "probability": 0.778202056885,
        "value": "not_happy"
    },
    "mood_party": {
        "all": {
            "not_party": 0.152424126863,
            "party": 0.847575843334
        },
        "probability": 0.847575843334,
        "value": "party"
    },
    "mood_relaxed": {
        "all": {
            "not_relaxed": 0.409338712692,
            "relaxed": 0.590661287308
        },
        "probability": 0.590661287308,
        "value": "relaxed"
    },
    "mood_sad": {
        "all": {
            "not_sad": 0.795713484287,
            "sad": 0.204286500812
        },
        "probability": 0.795713484287,
        "value": "not_sad"
    },
    "moods_mirex": {
        "all": {
            "Cluster1": 0.302120566368,
            "Cluster2": 0.170944780111,
            "Cluster3": 0.112842559814,
            "Cluster4": 0.247688323259,
            "Cluster5": 0.166403770447
        },
        "probability": 0.302120566368,
        "value": "Cluster1"
    },
    "timbre": {
        "all": {
            "bright": 0.0483478121459,
            "dark": 0.951652169228
        },
        "probability": 0.951652169228,
        "value": "dark"
    },
    "tonal_atonal": {
        "all": {
            "atonal": 0.105159498751,
            "tonal": 0.894840478897
        },
        "probability": 0.894840478897,
        "value": "tonal"
    },
    "voice_instrumental": {
        "all": {
            "instrumental": 0.014926337637,
            "voice": 0.985073685646
        },
        "probability": 0.985073685646,
        "value": "voice"
    }
},
"lowlevel": {
    "average_loudness": 0.902653455734,
    "barkbands_crest": {
        "dmean": 3.31045269966,
        "dmean2": 5.10713863373,
        "dvar": 9.29238796234,
        "dvar2": 21.4916248322,
        "max": 25.2601051331,
        "mean": 13.4084854126,
        "median": 13.1834087372,
        "min": 2.24706864357,
        "var": 32.1632080078
    },
    "barkbands_flatness_db": {
        "dmean": 0.0254975222051,
        "dmean2": 0.0379319041967,
        "dvar": 0.000605559267569,
        "dvar2": 0.00115948740859,
        "max": 0.384148001671,
        "mean": 0.163996443152,
        "median": 0.1404106915,
        "min": 0.0324805900455,
        "var": 0.00623968103901
    },
    "barkbands_kurtosis": {
        "dmean": 6.01035118103,
        "dmean2": 8.17058563232,
        "dvar": 154.30921936,
        "dvar2": 262.841949463,
        "max": 229.68687439,
        "mean": 8.97524261475,
        "median": 2.79349899292,
        "min": -1.8405469656,
        "var": 415.156799316
    },
    "barkbands_skewness": {
        "dmean": 0.750307440758,
        "dmean2": 1.04895234108,
        "dvar": 0.681284844875,
        "dvar2": 1.18770134449,
        "max": 13.3701639175,
        "mean": 2.08887290955,
        "median": 1.67900061607,
        "min": -1.38215899467,
        "var": 3.37019848824
    },
    "barkbands_spread": {
        "dmean": 7.10453128815,
        "dmean2": 10.8296480179,
        "dvar": 71.5412597656,
        "dvar2": 142.523422241,
        "max": 100.218666077,
        "mean": 26.5304737091,
        "median": 23.4316253662,
        "min": 0.983775019646,
        "var": 401.179992676
    },
    "dissonance": {
        "dmean": 0.0186183657497,
        "dmean2": 0.0312610343099,
        "dvar": 0.000320169929182,
        "dvar2": 0.000877207319718,
        "max": 0.499999940395,
        "mean": 0.464061051607,
        "median": 0.473004966974,
        "min": 0.320250332355,
        "var": 0.000850204902235
    },
    "dynamic_complexity": 5.1205496788,
    "erbbands_crest": {
        "dmean": 2.80627393723,
        "dmean2": 4.55938243866,
        "dvar": 8.82862567902,
        "dvar2": 20.4218997955,
        "max": 31.2407188416,
        "mean": 9.15656852722,
        "median": 7.10231304169,
        "min": 2.10688781738,
        "var": 36.2829780579
    },
    "erbbands_flatness_db": {
        "dmean": 0.0157527960837,
        "dmean2": 0.0234402623028,
        "dvar": 0.000252597033978,
        "dvar2": 0.000516550848261,
        "max": 0.391787171364,
        "mean": 0.156790629029,
        "median": 0.122456334531,
        "min": 0.0478205010295,
        "var": 0.00805307924747
    },
    "erbbands_kurtosis": {
        "dmean": 1.27368783951,
        "dmean2": 2.05484604836,
        "dvar": 4.61112499237,
        "dvar2": 11.1995534897,
        "max": 38.084903717,
        "mean": 1.00391876698,
        "median": -0.069892168045,
        "min": -1.73516857624,
        "var": 10.5406951904
    },
    "erbbands_skewness": {
        "dmean": 0.406264215708,
        "dmean2": 0.613935232162,
        "dvar": 0.178551882505,
        "dvar2": 0.368337929249,
        "max": 4.03581285477,
        "mean": 0.569797277451,
        "median": 0.410573393106,
        "min": -5.31125450134,
        "var": 0.995526373386
    },
    "erbbands_spread": {
        "dmean": 8.09572601318,
        "dmean2": 12.4415578842,
        "dvar": 69.3441848755,
        "dvar2": 153.87171936,
        "max": 108.878318787,
        "mean": 41.605632782,
        "median": 41.3022384644,
        "min": 4.37972688675,
        "var": 420.066894531
    },
    "hfc": {
        "dmean": 9.67222213745,
        "dmean2": 13.0542564392,
        "dvar": 345.557678223,
        "dvar2": 647.771972656,
        "max": 187.534622192,
        "mean": 27.3018379211,
        "median": 19.5291690826,
        "min": 0.0736666992307,
        "var": 979.944030762
    },
    "melbands_crest": {
        "dmean": 4.29364013672,
        "dmean2": 6.52852058411,
        "dvar": 14.9162015915,
        "dvar2": 36.4263763428,
        "max": 37.5783462524,
        "mean": 20.2623195648,
        "median": 20.7788295746,
        "min": 4.17153358459,
        "var": 54.8147354126
    },
    "melbands_flatness_db": {
        "dmean": 0.0316511057317,
        "dmean2": 0.0454436205328,
        "dvar": 0.000899508188013,
        "dvar2": 0.00162069161888,
        "max": 0.46009644866,
        "mean": 0.214589297771,
        "median": 0.200312539935,
        "min": 0.0291421543807,
        "var": 0.00800036918372
    },
    "melbands_kurtosis": {
        "dmean": 14.9599370956,
        "dmean2": 21.2193965912,
        "dvar": 925.622802734,
        "dvar2": 1576.84350586,
        "max": 504.145935059,
        "mean": 25.7712078094,
        "median": 10.4273862839,
        "min": -1.42467725277,
        "var": 2317.99365234
    },
    "melbands_skewness": {
        "dmean": 1.04295217991,
        "dmean2": 1.49432396889,
        "dvar": 1.51941156387,
        "dvar2": 2.77018070221,
        "max": 18.5658740997,
        "mean": 3.4115588665,
        "median": 2.77310681343,
        "min": -0.177103340626,
        "var": 6.41871023178
    },
    "melbands_spread": {
        "dmean": 8.43068504333,
        "dmean2": 12.3507995605,
        "dvar": 152.941329956,
        "dvar2": 304.290924072,
        "max": 206.198471069,
        "mean": 23.8807754517,
        "median": 17.2658100128,
        "min": 0.633901357651,
        "var": 580.223815918
    },
    "pitch_salience": {
        "dmean": 0.087956905365,
        "dmean2": 0.135877206922,
        "dvar": 0.00694934511557,
        "dvar2": 0.0173926297575,
        "max": 0.838409364223,
        "mean": 0.465351700783,
        "median": 0.47406822443,
        "min": 0.0569530650973,
        "var": 0.0242256075144
    },
    "silence_rate_20dB": {
        "dmean": 0,
        "dmean2": 0,
        "dvar": 0,
        "dvar2": 0,
        "max": 1,
        "mean": 1,
        "median": 1,
        "min": 1,
        "var": 0
    },
    "silence_rate_30dB": {
        "dmean": 0.0402476787567,
        "dmean2": 0.0805577039719,
        "dvar": 0.0386284999549,
        "dvar2": 0.0787172168493,
        "max": 1,
        "mean": 0.928074240685,
        "median": 1,
        "min": 0,
        "var": 0.0667519494891
    },
    "silence_rate_60dB": {
        "dmean": 0.022445820272,
        "dmean2": 0.0449264124036,
        "dvar": 0.0219419077039,
        "dvar2": 0.05220304057,
        "max": 1,
        "mean": 0.218870848417,
        "median": 0,
        "min": 0,
        "var": 0.170967042446
    },
    "spectral_centroid": {
        "dmean": 275.69519043,
        "dmean2": 401.699310303,
        "dvar": 108812.0625,
        "dvar2": 185625.59375,
        "max": 4975.93945312,
        "mean": 1550.73864746,
        "median": 1521.96020508,
        "min": 247.737930298,
        "var": 704593
    },
    "spectral_complexity": {
        "dmean": 3.87925696373,
        "dmean2": 5.40588712692,
        "dvar": 26.6076278687,
        "dvar2": 42.1526756287,
        "max": 59,
        "mean": 17.9187927246,
        "median": 15,
        "min": 0,
        "var": 185.006072998
    },
    "spectral_decrease": {
        "dmean": 3.57465479439e-09,
        "dmean2": 5.21066301218e-09,
        "dvar": 5.42654370811e-17,
        "dvar2": 9.07980342706e-17,
        "max": -2.26720413277e-11,
        "mean": -8.89523477099e-09,
        "median": -5.30885913008e-09,
        "min": -8.08938835917e-08,
        "var": 1.54700919581e-16
    },
    "spectral_energy": {
        "dmean": 0.0140461297706,
        "dmean2": 0.0203954298049,
        "dvar": 0.00079527462367,
        "dvar2": 0.00133832136635,
        "max": 0.307633578777,
        "mean": 0.0360490716994,
        "median": 0.0230624265969,
        "min": 9.57103329711e-05,
        "var": 0.00228947005235
    },
    "spectral_energyband_high": {
        "dmean": 0.000857993203681,
        "dmean2": 0.00112990417983,
        "dvar": 3.53589234692e-06,
        "dvar2": 6.42259874439e-06,
        "max": 0.0219154711813,
        "mean": 0.00213034264743,
        "median": 0.000974738679361,
        "min": 1.11522076907e-07,
        "var": 1.01600344351e-05
    },
    "spectral_energyband_low": {
        "dmean": 0.010977756232,
        "dmean2": 0.0161016955972,
        "dvar": 0.000682447105646,
        "dvar2": 0.00114173593465,
        "max": 0.2859172225,
        "mean": 0.0229161977768,
        "median": 0.00709530478343,
        "min": 3.42364927519e-07,
        "var": 0.00186755997129
    },
    "spectral_energyband_middle_high": {
        "dmean": 0.0018184002256,
        "dmean2": 0.00272149709053,
        "dvar": 1.39873300213e-05,
        "dvar2": 2.98868089885e-05,
        "max": 0.0610293783247,
        "mean": 0.00444410694763,
        "median": 0.00189556367695,
        "min": 1.41197688208e-05,
        "var": 4.64244367322e-05
    },
    "spectral_energyband_middle_low": {
        "dmean": 0.00417633261532,
        "dmean2": 0.0066682798788,
        "dvar": 7.17969087418e-05,
        "dvar2": 0.00018910158542,
        "max": 0.0852417498827,
        "mean": 0.0070951031521,
        "median": 0.00364912045188,
        "min": 5.13109298481e-05,
        "var": 0.000102193916973
    },
    "spectral_entropy": {
        "dmean": 0.153927281499,
        "dmean2": 0.224698096514,
        "dvar": 0.0266594402492,
        "dvar2": 0.0500403828919,
        "max": 8.54494380951,
        "mean": 7.67194747925,
        "median": 7.91558361053,
        "min": 5.70374345779,
        "var": 0.382804393768
    },
    "spectral_flux": {
        "dmean": 0.0294460356236,
        "dmean2": 0.0449544005096,
        "dvar": 0.00251354812644,
        "dvar2": 0.00438290601596,
        "max": 0.573782622814,
        "mean": 0.0879766866565,
        "median": 0.076960042119,
        "min": 0.00438026385382,
        "var": 0.00646301032975
    },
    "spectral_kurtosis": {
        "dmean": 2.00558185577,
        "dmean2": 3.5115070343,
        "dvar": 12.1226234436,
        "dvar2": 36.6420707703,
        "max": 44.2552490234,
        "mean": 4.12006378174,
        "median": 2.56459474564,
        "min": -0.821483850479,
        "var": 24.9448165894
    },
    "spectral_rms": {
        "dmean": 0.00100131065119,
        "dmean2": 0.00143864366692,
        "dvar": 2.18614468395e-06,
        "dvar2": 3.91011144529e-06,
        "max": 0.0173242688179,
        "mean": 0.0048901643604,
        "median": 0.0047434088774,
        "min": 0.000305574765662,
        "var": 1.12560310299e-05
    },
    "spectral_rolloff": {
        "dmean": 576.514831543,
        "dmean2": 909.282043457,
        "dvar": 861755.9375,
        "dvar2": 1628342.375,
        "max": 9216.2109375,
        "mean": 1533.11962891,
        "median": 861.328125,
        "min": 43.06640625,
        "var": 3120642.5
    },
    "spectral_skewness": {
        "dmean": 0.243549779058,
        "dmean2": 0.401652365923,
        "dvar": 0.0858940258622,
        "dvar2": 0.228881806135,
        "max": 5.08648824692,
        "mean": 1.4391900301,
        "median": 1.35084760189,
        "min": -0.264985799789,
        "var": 0.358554244041
    },
    "spectral_spread": {
        "dmean": 507747.375,
        "dmean2": 785640.625,
        "dvar": 245701705728,
        "dvar2": 551058604032,
        "max": 9535534,
        "mean": 5053630.5,
        "median": 5197476,
        "min": 1174042.5,
        "var": 3.44469851341e+12
    },
    "spectral_strongpeak": {
        "dmean": 0.288915544748,
        "dmean2": 0.452267467976,
        "dvar": 0.381668686867,
        "dvar2": 0.850664436817,
        "max": 8.05859947205,
        "mean": 0.643858253956,
        "median": 0.323267787695,
        "min": 0,
        "var": 1.10182499886
    },
    "zerocrossingrate": {
        "dmean": 0.0137693798169,
        "dmean2": 0.0150746908039,
        "dvar": 0.000230174264289,
        "dvar2": 0.00025664063287,
        "max": 0.2587890625,
        "mean": 0.0656328573823,
        "median": 0.0556640625,
        "min": 0.00244140625,
        "var": 0.00202061305754
    },
    "barkbands": {
        "dmean": [0.000703516998328, 0.010477187112, 0.00346126011573, 0.00125531421509, 0.00100077083334, 0.000823797832709, 0.000555220467504, 0.00119747442659, 0.000545738846995, 0.000638523313683, 0.000405271275667, 0.000349425186869, 0.000324331806041, 0.000218632645556, 0.000233709215536, 0.000213887367863, 0.000231120036915, 0.000148217601236, 0.000141440279549, 0.000169847073266, 0.000218724482693, 0.000253097445238, 0.000152479915414, 0.000137467126478, 0.00014550058404, 0.000102663048892, 4.32126192607e-08],
        "dmean2": [0.00109376292676, 0.0156815629452, 0.00648740679026, 0.00233606388792, 0.00150531867985, 0.00127313961275, 0.000893052259926, 0.0018913653912, 0.000896847865079, 0.00106092973147, 0.00062959943898, 0.000551710661966, 0.000496123509947, 0.000351342576323, 0.000379783799872, 0.000340556871379, 0.00035645609023, 0.000238733220613, 0.000218356391997, 0.000262497691438, 0.000319130485877, 0.000362535967724, 0.000216914893826, 0.000197063040105, 0.000219772919081, 0.000156729656737, 7.81980773468e-08],
        "dvar": [3.45291914527e-06, 0.000674670853186, 0.000269238895271, 2.27513955906e-05, 3.15060083267e-06, 2.28744397646e-06, 1.81667519428e-06, 1.8414502847e-05, 5.44345675735e-06, 5.53357540412e-06, 2.21572508963e-06, 1.48890512719e-06, 5.07432162067e-07, 5.95081928623e-07, 3.30115454972e-07, 2.2575071057e-07, 2.91112542072e-07, 1.56955493935e-07, 1.41425886113e-07, 2.67965646117e-07, 2.61696271764e-07, 3.03256342704e-07, 1.15743262086e-07, 8.21921233296e-08, 6.53170673104e-08, 3.74012785187e-08, 2.49558132406e-14],
        "dvar2": [8.87631176738e-06, 0.00134355842602, 0.000780093483627, 6.90275483066e-05, 6.84048063704e-06, 5.8089894992e-06, 4.18180161432e-06, 4.82229988847e-05, 1.30705129777e-05, 1.54884037329e-05, 4.99351972394e-06, 3.53966538569e-06, 1.08949166133e-06, 1.44159059801e-06, 8.75467549122e-07, 6.10296353898e-07, 7.06935907147e-07, 3.87654552014e-07, 2.5791885605e-07, 6.01761655616e-07, 5.48328955574e-07, 5.91686045937e-07, 2.25471836757e-07, 1.50760598672e-07, 1.38992476195e-07, 9.13246651635e-08, 6.97375913527e-14],
        "max": [0.0295213311911, 0.279079824686, 0.166861534119, 0.0520335063338, 0.0212429631501, 0.0152087043971, 0.0310617610812, 0.0794607922435, 0.05831951648, 0.0467526689172, 0.0274107046425, 0.0227964278311, 0.0133759323508, 0.0188412033021, 0.0126364417374, 0.00821941904724, 0.00589633686468, 0.00486790016294, 0.0043679070659, 0.0059233517386, 0.00843054614961, 0.00802212208509, 0.00408936385065, 0.00550416158512, 0.00250681489706, 0.00181032612454, 2.04869388654e-06],
        "mean": [0.00116066983901, 0.0189596805722, 0.00229340652004, 0.00108820362948, 0.00139384926297, 0.0012009992497, 0.000772748142481, 0.00187969615217, 0.00070193852298, 0.000980218756013, 0.000521514564753, 0.000485632568598, 0.000491913699079, 0.000324824941345, 0.000365558109479, 0.000327468587784, 0.000358312594471, 0.000230611272855, 0.000246013572905, 0.00025411954266, 0.000435048161307, 0.00053361011669, 0.000303093722323, 0.000270830933005, 0.00026914535556, 0.00019984204846, 3.16246087095e-08],
        "median": [0.000480497837998, 0.00524354819208, 0.00019483678625, 0.00016060465714, 0.000513417006005, 0.000528141681571, 0.000268453499302, 0.000385046761949, 0.000196715482161, 0.000199475398404, 9.16834032978e-05, 0.000160873911227, 0.000137648079544, 9.7083968285e-05, 0.000149394894834, 0.000121157791, 0.000137008173624, 8.4138380771e-05, 0.000109775792225, 0.000102866230009, 0.000175031280378, 0.000166884201462, 0.000117634052003, 7.69156613387e-05, 7.37533264328e-05, 3.74811861548e-05, 4.18428042215e-10],
        "min": [5.67609223512e-11, 4.8628805871e-08, 3.40730785808e-08, 1.78321553079e-08, 1.8604416141e-07, 3.01247177958e-06, 2.67954578703e-06, 1.30867647385e-06, 3.6740905216e-06, 6.34521825305e-07, 1.26005517131e-07, 1.49015590978e-07, 6.4189157456e-07, 4.9274359526e-07, 3.16430401881e-07, 6.48677271897e-08, 2.63756817276e-07, 2.00784043614e-07, 9.79518901545e-08, 2.63476707119e-08, 4.00573689774e-08, 2.11280752893e-08, 6.91056500912e-09, 4.04250981648e-12, 5.22209359088e-12, 6.13149331655e-12, 8.60678802533e-12],
        "var": [4.79587879454e-06, 0.00138976040762, 0.000148998384248, 1.37749784699e-05, 4.98635063195e-06, 3.13705891131e-06, 2.62220578406e-06, 4.00700446335e-05, 6.07521815255e-06, 1.2629379853e-05, 3.67899247067e-06, 1.58410409767e-06, 1.07331027266e-06, 8.53583969729e-07, 4.90427623845e-07, 3.17553912055e-07, 4.3268647687e-07, 1.96510725914e-07, 2.25703047363e-07, 3.275501399e-07, 6.47372075946e-07, 9.51688434725e-07, 2.76009217259e-07, 2.3279001482e-07, 1.61754044825e-07, 8.35021936041e-08, 1.89835973818e-14]
    },
    "erbbands": {
        "dmean": [0.41801032424, 2.18040394783, 3.7599568367, 4.26415348053, 2.79611158371, 2.99416875839, 6.59159421921, 7.01001358032, 7.9416103363, 8.50444984436, 31.7345199585, 13.9020900726, 9.15931415558, 24.6041469574, 15.3582353592, 13.9309482574, 15.3002338409, 10.6241607666, 13.1058015823, 13.0503969193, 10.0397062302, 10.9940042496, 8.30553817749, 6.96794557571, 7.63803529739, 7.81590127945, 7.33803367615, 10.1943273544, 9.1220703125, 5.86148405075, 4.3587679863, 3.07496166229, 2.46096944809, 1.93677985668, 0.992257237434, 0.536267280579, 0.207744300365, 0.0164250582457, 0.000294956960715, 2.65693179244e-05],
        "dmean2": [0.569191753864, 3.41974973679, 6.6455616951, 8.01659870148, 4.67773103714, 4.56609106064, 10.1375722885, 11.2026233673, 12.7834558487, 13.5900840759, 50.9233207703, 22.1847858429, 14.6601333618, 40.3857574463, 23.1798496246, 22.1627693176, 23.3101406097, 16.1876277924, 21.1101341248, 20.8981189728, 15.9241952896, 16.6063938141, 12.8079071045, 10.9211912155, 11.6196184158, 12.0512228012, 10.9866056442, 14.8260354996, 13.1871957779, 8.59099006653, 6.40524339676, 4.43592357635, 3.60528945923, 2.95171928406, 1.48087382317, 0.836540460587, 0.318822085857, 0.0261537358165, 0.00045650213724, 3.84213744837e-05],
        "dvar": [0.844639480114, 37.289680481, 253.474121094, 380.631835938, 56.4663734436, 34.6467094421, 120.332862854, 232.371612549, 238.224258423, 724.196777344, 14474.1289062, 4031.17773438, 725.884399414, 7504.14648438, 2713.20507812, 2018.37231445, 1361.95385742, 648.598510742, 1019.41912842, 1687.98840332, 284.224884033, 657.478149414, 458.775726318, 311.942565918, 490.491210938, 465.032714844, 398.280883789, 565.723999023, 379.162506104, 171.641571045, 98.523765564, 43.8943443298, 23.5272216797, 12.4113168716, 2.86362528801, 0.981915533543, 0.152427062392, 0.000960077682976, 3.06345071976e-07, 1.96652893969e-09],
        "dvar2": [1.51200854778, 83.2554702759, 700.307006836, 1120.17944336, 133.176330566, 77.183013916, 321.30065918, 596.663452148, 647.856140137, 1486.5559082, 38373.9882812, 9741.3359375, 1917.19555664, 20313.0136719, 6418.65429688, 4491.88769531, 3151.75048828, 1312.60412598, 2470.9206543, 4606.50244141, 624.77130127, 1490.84655762, 1038.89929199, 661.486206055, 942.780761719, 991.13092041, 874.562561035, 1177.89489746, 726.061889648, 314.199981689, 200.111373901, 82.8454666138, 48.6343612671, 27.2119903564, 6.66171836853, 2.42723560333, 0.381513386965, 0.00246322550811, 7.689410495e-07, 3.95696542199e-09],
        "max": [10.581454277, 59.703086853, 174.57585144, 203.415054321, 80.9378890991, 67.8295822144, 100.163894653, 152.097900391, 124.615905762, 803.099914551, 2219.61669922, 1708.05517578, 468.585449219, 1599.98974609, 873.193908691, 1149.31347656, 732.345581055, 489.81930542, 660.626647949, 822.236999512, 161.36328125, 276.189056396, 247.466918945, 243.118545532, 255.655609131, 255.907028198, 296.595123291, 384.957336426, 338.109008789, 159.483215332, 127.490501404, 98.1069717407, 91.5825881958, 42.5529212952, 14.1029405594, 10.1689710617, 3.55646061897, 0.271110326052, 0.00494865700603, 0.000340443337336],
        "mean": [0.797696232796, 3.24471235275, 3.01357603073, 3.34054684639, 3.5328810215, 4.1696600914, 9.85993385315, 9.40883636475, 11.095741272, 12.5502271652, 50.9310035706, 19.922958374, 14.4610872269, 37.7305145264, 22.1193332672, 20.9644432068, 22.3655395508, 17.5255279541, 20.7425823212, 19.4410705566, 17.5504455566, 17.91365242, 14.1812343597, 12.0288543701, 13.0665025711, 12.2019081116, 12.6669225693, 21.6145191193, 19.7328147888, 12.4309120178, 8.33288002014, 5.80169153214, 4.56644153595, 3.27635931969, 1.70535063744, 0.929134011269, 0.39256387949, 0.0273829214275, 0.000548199168406, 7.23299090168e-05],
        "median": [0.227565079927, 0.792145192623, 0.48079547286, 0.451455205679, 0.739816784859, 1.4433401823, 3.76986241341, 3.43268442154, 4.39366388321, 5.16951751709, 10.0779848099, 5.21237850189, 5.47302532196, 7.66037225723, 5.69217586517, 7.860247612, 6.66984510422, 5.84340000153, 8.52246761322, 6.65298461914, 7.64431619644, 6.7534570694, 5.15781831741, 5.42519283295, 5.84366416931, 5.28958559036, 5.72180366516, 7.17855167389, 6.57722616196, 4.09196043015, 3.14770245552, 1.67144477367, 1.36487674713, 0.826446831226, 0.381454110146, 0.17826603353, 0.075147613883, 0.00421018106863, 0.000125721504446, 4.82206778543e-05],
        "min": [9.49032710196e-07, 1.24097941807e-05, 0.000107380081317, 0.000309464841848, 0.000472802406875, 0.000449700106401, 0.00305075594224, 0.0415776893497, 0.0805543363094, 0.0951998755336, 0.0369546823204, 0.133510887623, 0.041814647615, 0.0248189494014, 0.0148548893631, 0.0192214343697, 0.0528259389102, 0.0552466139197, 0.0347292460501, 0.00939235650003, 0.0225540343672, 0.019332068041, 0.0117604359984, 0.00683124642819, 0.00506518222392, 0.0019957406912, 0.00239082751796, 0.000796604261268, 0.000710571999662, 0.000554459984414, 0.000113683985546, 1.34425054057e-05, 1.86231227417e-06, 4.59537830011e-07, 2.88784178792e-07, 1.40027495377e-07, 7.251937717e-08, 2.40941560037e-08, 5.79649857002e-08, 1.20990890196e-07],
        "var": [2.21166467667, 53.0717697144, 164.872070312, 216.312789917, 70.9124298096, 49.7633590698, 220.280517578, 290.93069458, 265.273162842, 1279.49047852, 31414.125, 4890.64013672, 1387.05090332, 15711.3691406, 4582.44140625, 2438.13989258, 2286.52685547, 1431.70080566, 1415.30053711, 2416.57421875, 608.023254395, 1081.84912109, 704.436523438, 463.918060303, 704.954467773, 639.102050781, 632.56640625, 1735.08435059, 1240.56896973, 476.226257324, 216.43737793, 110.120574951, 63.760181427, 28.5976715088, 6.40660953522, 1.93594419956, 0.326726466417, 0.00177853461355, 6.25317738923e-07, 5.88380100197e-09]
    },
    "gfcc": {
        "mean": [-31.2828083038, 85.2682189941, -121.159660339, 32.5795135498, -64.7836685181, 15.6192312241, -27.7797393799, 8.21996116638, -8.03566932678, 12.6415910721, -10.7579507828, 8.76835346222, -6.50802373886],
        "cov": [[19241.25, -6646.86669922, 4729.31347656, 1506.84814453, 1395.18188477, 3540.57226562, -953.159057617, 2758.43676758, -2096.09594727, 1279.11315918, -1160.16491699, 885.018676758, -393.359619141], [-6646.86669922, 2861.06762695, -1598.90380859, -583.87097168, -439.158294678, -1289.53869629, 355.162719727, -1031.81359863, 756.132446289, -526.355895996, 429.982299805, -354.907745361, 152.401443481], [4729.31347656, -1598.90380859, 1944.88037109, 473.497528076, 597.155639648, 1033.35498047, -272.570739746, 839.620849609, -584.942260742, 448.169830322, -270.905487061, 252.701339722, -71.1715774536], [1506.84814453, -583.87097168, 473.497528076, 383.472076416, 147.557067871, 371.968139648, -52.1316947937, 259.904449463, -113.010620117, 139.083755493, -76.1009674072, 40.7049369812, 15.771613121], [1395.18188477, -439.158294678, 597.155639648, 147.557067871, 396.418182373, 357.203735352, -58.9397087097, 300.197570801, -166.103057861, 157.932769775, -77.8010406494, 105.357925415, -28.1311397552], [3540.57226562, -1289.53869629, 1033.35498047, 371.968139648, 357.203735352, 907.856018066, -123.831245422, 633.130004883, -386.606262207, 284.616424561, -202.545639038, 192.048995972, -29.847492218], [-953.159057617, 355.162719727, -272.570739746, -52.1316947937, -58.9397087097, -123.831245422, 171.564086914, -88.7070846558, 164.895462036, -52.8982124329, 56.6004753113, -41.414100647, 22.3698139191], [2758.43676758, -1031.81359863, 839.620849609, 259.904449463, 300.197570801, 633.130004883, -88.7070846558, 616.776245117, -257.140197754, 271.275817871, -169.648590088, 121.064445496, -43.4888076782], [-2096.09594727, 756.132446289, -584.942260742, -113.010620117, -166.103057861, -386.606262207, 164.895462036, -257.140197754, 370.476501465, -101.811180115, 137.850402832, -126.321136475, 57.7189559937], [1279.11315918, -526.355895996, 448.169830322, 139.083755493, 157.932769775, 284.616424561, -52.8982124329, 271.275817871, -101.811180115, 206.528076172, -50.5310211182, 70.9130020142, -9.60867500305], [-1160.16491699, 429.982299805, -270.905487061, -76.1009674072, -77.8010406494, -202.545639038, 56.6004753113, -169.648590088, 137.850402832, -50.5310211182, 155.870300293, -30.4516105652, 55.8570594788], [885.018676758, -354.907745361, 252.701339722, 40.7049369812, 105.357925415, 192.048995972, -41.414100647, 121.064445496, -126.321136475, 70.9130020142, -30.4516105652, 129.720825195, 0.166115343571], [-393.359619141, 152.401443481, -71.1715774536, 15.771613121, -28.1311397552, -29.847492218, 22.3698139191, -43.4888076782, 57.7189559937, -9.60867500305, 55.8570594788, 0.166115343571, 98.8818664551]],
        "icov": [[0.000486965436721, 0.000312475545797, -8.98018624866e-05, -0.000250985118328, 0.000202402457944, -0.000458805443486, 0.00042687120731, -0.000432395114331, 0.000565782887861, -0.000117217787192, 0.000611335854046, -0.000400964258006, 0.000377021962777], [0.000312475545797, 0.00410273345187, -0.00147650449071, 0.00231668911874, -0.0020625020843, 0.000455821253126, -0.00180030032061, 0.00198726565577, -0.00234829285182, 0.00459434278309, -0.00281224562787, 0.00435765879229, -0.0022819461301], [-8.98018624866e-05, -0.00147650449071, 0.00301921623759, -0.00146243080962, -0.000565725087654, -0.000434157380369, 0.0012558522867, -0.00137176294811, 0.0026877745986, -0.00356026296504, 0.00116517371498, -0.00122984033078, 0.000574401696213], [-0.000250985118328, 0.00231668911874, -0.00146243080962, 0.00705212540925, -0.00150079012383, -0.00199252087623, -0.000879146275111, 0.0026406859979, -0.00328014814295, 0.00204113661312, -0.00167762988713, 0.0054108183831, -0.00336297391914], [0.000202402457944, -0.0020625020843, -0.000565725087654, -0.00150079012383, 0.00655867531896, -0.000807103642728, 0.000954471994191, -0.00215950491838, 0.00093279639259, -0.00256176083349, 0.0015092480462, -0.00460296636447, 0.00263451994397], [-0.000458805443486, 0.000455821253126, -0.000434157380369, -0.00199252087623, -0.000807103642728, 0.00798677932471, -0.00293530104682, -0.00350681785494, 0.00234244251624, 0.0012185141677, -0.000312745309202, -0.00144031119999, -0.00228928821161], [0.00042687120731, -0.00180030032061, 0.0012558522867, -0.000879146275111, 0.000954471994191, -0.00293530104682, 0.0135618112981, -0.00242028175853, -0.00510692130774, 0.000183479583939, 0.0016768790083, -0.00453287456185, 0.00282917451113], [-0.000432395114331, 0.00198726565577, -0.00137176294811, 0.0026406859979, -0.00215950491838, -0.00350681785494, -0.00242028175853, 0.0110361455008, -0.00275174481794, -0.0027169061359, 0.000502153299749, 0.00502926809713, -0.00141298514791], [0.000565782887861, -0.00234829285182, 0.0026877745986, -0.00328014814295, 0.00093279639259, 0.00234244251624, -0.00510692130774, -0.00275174481794, 0.0155942244455, -0.00753849372268, 0.000537092040759, 0.00165446323808, -0.000896011362784], [-0.000117217787192, 0.00459434278309, -0.00356026296504, 0.00204113661312, -0.00256176083349, 0.0012185141677, 0.000183479583939, -0.0027169061359, -0.00753849372268, 0.0213985405862, -0.00688805943355, 0.00188197789248, -0.0016653216444], [0.000611335854046, -0.00281224562787, 0.00116517371498, -0.00167762988713, 0.0015092480462, -0.000312745309202, 0.0016768790083, 0.000502153299749, 0.000537092040759, -0.00688805943355, 0.017313061282, -0.00594832096249, -0.00270377169363], [-0.000400964258006, 0.00435765879229, -0.00122984033078, 0.0054108183831, -0.00460296636447, -0.00144031119999, -0.00453287456185, 0.00502926809713, 0.00165446323808, 0.00188197789248, -0.00594832096249, 0.0219883266836, -0.00602609012276], [0.000377021962777, -0.0022819461301, 0.000574401696213, -0.00336297391914, 0.00263451994397, -0.00228928821161, 0.00282917451113, -0.00141298514791, -0.000896011362784, -0.0016653216444, -0.00270377169363, -0.00602609012276, 0.016775412485]]
    },
    "melbands": {
        "dmean": [0.00324243004434, 0.00199752300978, 0.000694514310453, 0.000186994293472, 0.000209927602555, 0.000152585897013, 0.000122702360386, 0.000111325032776, 0.000246973271715, 7.63275311328e-05, 4.88291152578e-05, 0.000106122388388, 5.87519753026e-05, 4.05782848247e-05, 3.40161204804e-05, 3.10309442284e-05, 1.96136061277e-05, 2.30499736062e-05, 1.64425455296e-05, 1.72630770976e-05, 1.26003587866e-05, 1.14563099487e-05, 1.25721580844e-05, 6.28828911431e-06, 5.84266354053e-06, 6.19230058874e-06, 6.53351207802e-06, 4.9703953664e-06, 4.88445903102e-06, 5.34598621016e-06, 6.78726064507e-06, 5.88760258324e-06, 4.50956895293e-06, 3.19571199725e-06, 2.93210632663e-06, 2.15867999032e-06, 1.99488363251e-06, 1.89541231066e-06, 1.81888287898e-06, 1.77332128715e-06],
        "dmean2": [0.0046359365806, 0.00308350543492, 0.00129023555201, 0.000282563036308, 0.000323317974107, 0.000242571215495, 0.000196814609808, 0.00017566025781, 0.000403672718676, 0.000123193458421, 7.91819402366e-05, 0.000174016400706, 9.0092245955e-05, 6.39509526081e-05, 5.41943700227e-05, 4.68058606202e-05, 3.00479550788e-05, 3.76648349629e-05, 2.63855617959e-05, 2.8021815524e-05, 2.01053844648e-05, 1.77906094905e-05, 1.98085745069e-05, 1.01084797279e-05, 9.32934926823e-06, 9.53405742621e-06, 1.02203566712e-05, 7.75155513111e-06, 7.4837057582e-06, 8.22651054477e-06, 1.02455906017e-05, 8.59695228428e-06, 6.67278982291e-06, 4.72436067867e-06, 4.41878773927e-06, 3.23937069879e-06, 3.02232479044e-06, 2.82854102807e-06, 2.83699182546e-06, 2.76346486316e-06],
        "dvar": [5.75370177103e-05, 4.27199956903e-05, 8.80685820448e-06, 1.92869435978e-07, 1.15458220762e-07, 1.05534113004e-07, 5.80273571416e-08, 8.94349057035e-08, 9.29731868382e-07, 1.48837287384e-07, 2.23599112559e-08, 1.4564295725e-07, 4.47338095455e-08, 1.87505637683e-08, 7.59223439672e-09, 5.52052670244e-09, 2.86517165549e-09, 4.68540894971e-09, 2.0093091635e-09, 2.07075601111e-09, 4.57916898844e-10, 7.34406424563e-10, 9.31658750147e-10, 2.80240858297e-10, 1.97697677673e-10, 2.73862321709e-10, 4.50210951852e-10, 1.6803806957e-10, 1.94848456814e-10, 1.66807609392e-10, 2.37806691006e-10, 1.76450423717e-10, 9.23319268264e-11, 4.7666950248e-11, 4.22039382608e-11, 2.21785385196e-11, 1.81741531546e-11, 1.2220680197e-11, 1.26005404028e-11, 1.00846379858e-11],
        "dvar2": [0.000111314257083, 0.00010004563228, 2.56101666309e-05, 3.75523569573e-07, 3.10335508402e-07, 2.70772289923e-07, 1.53469315478e-07, 1.88640342458e-07, 2.52743893725e-06, 3.63085661093e-07, 5.87527928531e-08, 3.97775181682e-07, 1.00727667984e-07, 4.4457486581e-08, 1.78744965496e-08, 1.1797734345e-08, 6.09498673754e-09, 1.1524042165e-08, 5.2546713647e-09, 5.7056852576e-09, 1.10005982101e-09, 1.71912617475e-09, 2.19066098595e-09, 6.64522936678e-10, 4.30651209138e-10, 5.1979293092e-10, 1.08023212597e-09, 3.49143297607e-10, 4.46801234899e-10, 3.75359021643e-10, 5.00174013318e-10, 3.61698143658e-10, 1.94094337824e-10, 8.95966981163e-11, 8.84115350375e-11, 4.71523653456e-11, 3.70078793999e-11, 2.61330193596e-11, 2.83352525471e-11, 2.29991997669e-11],
        "max": [0.0854446217418, 0.0726397782564, 0.0315821915865, 0.0055712335743, 0.00309091852978, 0.00315610505641, 0.00249945931137, 0.00732739502564, 0.0175091568381, 0.0105263451114, 0.00268071610481, 0.00722128665075, 0.00414162268862, 0.00272956956178, 0.0018149013631, 0.00121732405387, 0.00113488093484, 0.00158831302542, 0.000951436697505, 0.000708843930624, 0.000238299966441, 0.000303759472445, 0.000444437464466, 0.000201225819183, 0.000188544785487, 0.000197247689357, 0.000261688488536, 0.000162851603818, 0.00015320777311, 0.000242100213654, 0.000247532414505, 0.000262067245785, 0.000115535018267, 9.70886467258e-05, 9.31949107326e-05, 7.24478304619e-05, 5.84239496675e-05, 6.14645905443e-05, 5.74773803237e-05, 4.07951447414e-05],
        "mean": [0.00607880065218, 0.00245623546652, 0.000600063998718, 0.000252868136158, 0.000315660785418, 0.000207462886465, 0.000172271960764, 0.000161219373695, 0.000401922938181, 9.97885363176e-05, 7.39039678592e-05, 0.000160692376085, 7.85366428318e-05, 5.6884928199e-05, 4.74005428259e-05, 4.73772925034e-05, 3.00151623378e-05, 3.4000040614e-05, 2.47012758336e-05, 2.5031493351e-05, 1.98508878384e-05, 1.73705375346e-05, 1.9092907678e-05, 9.99463372864e-06, 9.3834441941e-06, 1.01077994259e-05, 9.10176277102e-06, 7.55153359933e-06, 7.25742211216e-06, 9.47982698563e-06, 1.38447558129e-05, 1.19507494674e-05, 8.56336100696e-06, 6.22774177828e-06, 5.15507190357e-06, 3.66872063751e-06, 3.43459782925e-06, 3.35702202392e-06, 2.80499216387e-06, 2.79856863017e-06],
        "median": [0.00169764552265, 0.000604636850767, 8.89588409336e-05, 7.12113105692e-05, 0.000122234327137, 8.02858266979e-05, 6.93184047122e-05, 6.30491194897e-05, 7.80375194154e-05, 2.68105668511e-05, 2.58041127381e-05, 3.12089578074e-05, 1.69647883013e-05, 1.89689399122e-05, 1.63160857483e-05, 1.40815645864e-05, 9.56655912887e-06, 1.25855731312e-05, 9.4947663456e-06, 8.78246919456e-06, 8.14782561065e-06, 6.59746638121e-06, 5.73955867367e-06, 3.74386240765e-06, 4.06566596212e-06, 4.31412172475e-06, 3.5768489397e-06, 3.10650307256e-06, 2.77626259049e-06, 4.01763327318e-06, 3.6818667013e-06, 3.61418710781e-06, 2.64632762992e-06, 2.00327576749e-06, 1.82675148608e-06, 1.03478237179e-06, 9.08180368242e-07, 9.43237068896e-07, 6.51253799333e-07, 6.63849846205e-07],
        "min": [1.42940130843e-08, 3.61924819003e-08, 7.00153535149e-08, 4.41444250043e-08, 7.08379275238e-08, 7.58244482313e-07, 8.1551513631e-07, 7.9720280155e-07, 2.43073884576e-07, 5.83290216127e-07, 8.75160282021e-08, 1.94276132959e-08, 3.61687675365e-08, 2.11850874621e-08, 3.71694071077e-08, 9.48187590666e-08, 6.7235866652e-08, 4.59020306209e-08, 1.93176639129e-08, 7.99614152669e-09, 1.84790760471e-08, 1.58735087297e-08, 5.29938137817e-09, 5.19063370064e-09, 3.85212572951e-09, 3.36671579504e-09, 2.11213957435e-09, 9.01955343746e-10, 8.39725566859e-10, 1.16584997212e-09, 9.67588231759e-11, 3.97483990167e-10, 3.05479225249e-10, 2.48961518068e-10, 4.97095802021e-11, 3.6308426426e-13, 5.01009112398e-14, 3.31947299238e-14, 3.30530246998e-14, 3.23133311558e-14],
