{
"highlevel": {
    "danceability": {
        "all": {
            "danceable": 0.9936876297,
            "not_danceable": 0.00631236191839
        },
        "probability": 0.9936876297,
        "value": "danceable"
    },
    "gender": {
        "all": {
            "female": 0.0793524086475,
            "male": 0.920647621155
        },
        "probability": 0.920647621155,
        "value": "male"
    },
    "genre_dortmund": {
        "all": {
            "alternative": 0.0011360833887,
            "blues": 0.00564725417644,
            "electronic": 0.0103234583512,
            "folkcountry": 0.00121559819672,
            "funksoulrnb": 0.00926230847836,
            "jazz": 0.00840535759926,
            "pop": 0.00367430574261,
            "raphiphop": 0.957904398441,
            "rock": 0.00243124272674
        },
        "probability": 0.957904398441,
        "value": "raphiphop"
    },
    "genre_electronic": {
        "all": {
            "ambient": 0.199884191155,
            "dnb": 0.201252907515,
            "house": 0.537047505379,
            "techno": 0.0256999637932,
            "trance": 0.0361154191196
        },
        "probability": 0.537047505379,
        "value": "house"
    },
    "genre_rosamerica": {
        "all": {
            "cla": 0.00312932231463,
            "dan": 0.0520748272538,
            "hip": 0.793288350105,
            "jaz": 0.00501764146611,
            "pop": 0.0831541717052,
            "rhy": 0.0460673831403,
            "roc": 0.00840594619513,
            "spe": 0.0088623566553
        },
        "probability": 0.793288350105,
        "value": "hip"
    },
    "genre_tzanetakis": {
        "all": {
            "blu": 0.0626613423228,
            "cla": 0.0348169617355,
            "cou": 0.104475811124,
            "dis": 0.0784321576357,
            "hip": 0.15692435205,
            "jaz": 0.313974827528,
            "met": 0.0448166541755,
            "pop": 0.0627359300852,
            "reg": 0.0627360641956,
            "roc": 0.0784258767962
        },
        "probability": 0.313974827528,
        "value": "jaz"
    },
    "ismir04_rhythm": {
        "all": {
            "ChaChaCha": 0.0124048721045,
            "Jive": 0.00721158599481,
            "Quickstep": 0.0784817263484,
            "Rumba-American": 0.0108962515369,
            "Rumba-International": 0.0523733831942,
            "Rumba-Misc": 0.0131703438237,
            "Samba": 0.808717608452,
            "Tango": 0.0051942509599,
            "VienneseWaltz": 0.00680629722774,
            "Waltz": 0.0047436915338
        },
        "probability": 0.808717608452,
        "value": "Samba"
    },
    "mood_acoustic": {
        "all": {
            "acoustic": 0.115993730724,
            "not_acoustic": 0.884006261826
        },
        "probability": 0.884006261826,
        "value": "not_acoustic"
    },
    "mood_aggressive": {
        "all": {
            "aggressive": 0.365074753761,
            "not_aggressive": 0.634925246239
        },
        "probability": 0.634925246239,
        "value": "not_aggressive"
    },
    "mood_electronic": {
        "all": {
            "electronic": 0.95822095871,
            "not_electronic": 0.0417790226638
        },
        "probability": 0.95822095871,
        "value": "electronic"
    },
    "mood_happy": {
        "all": {
            "happy": 0.158964499831,
            "not_happy": 0.841035485268
        },
        "probability": 0.841035485268,
        "value": "not_happy"
    },
    "mood_party": {
        "all": {
            "not_party": 0.247975230217,
            "party": 0.752024769783
        },
        "probability": 0.752024769783,
        "value": "party"
    },
    "mood_relaxed": {
        "all": {
            "not_relaxed": 0.565233409405,
            "relaxed": 0.434766620398
        },
        "probability": 0.565233409405,
        "value": "not_relaxed"
    },
    "mood_sad": {
        "all": {
            "not_sad": 0.771259665489,
            "sad": 0.228740349412
        },
        "probability": 0.771259665489,
        "value": "not_sad"
    },
    "moods_mirex": {
        "all": {
            "Cluster1": 0.153897821903,
            "Cluster2": 0.281260669231,
            "Cluster3": 0.0630295798182,
            "Cluster4": 0.168634667993,
            "Cluster5": 0.333177268505
        },
        "probability": 0.333177268505,
        "value": "Cluster5"
    },
    "timbre": {
        "all": {
            "bright": 0.571832597256,
            "dark": 0.428167432547
        },
        "probability": 0.571832597256,
        "value": "bright"
    },
    "tonal_atonal": {
        "all": {
            "atonal": 0.872685432434,
            "tonal": 0.127314582467
        },
        "probability": 0.872685432434,
        "value": "atonal"
    },
    "voice_instrumental": {
        "all": {
            "instrumental": 0.00947137642652,
            "voice": 0.990528643131
        },
        "probability": 0.990528643131,
        "value": "voice"
    }
},
"lowlevel": {
    "average_loudness": 0.956745386124,
    "barkbands_crest": {
        "dmean": 3.49047398567,
        "dmean2": 5.41454553604,
        "dvar": 10.7968444824,
        "dvar2": 23.7232837677,
        "max": 25.6312828064,
        "mean": 13.1722793579,
        "median": 12.7223396301,
        "min": 2.83080935478,
        "var": 26.7903442383
    },
    "barkbands_flatness_db": {
        "dmean": 0.0401466377079,
        "dmean2": 0.0580834969878,
        "dvar": 0.00166297273245,
        "dvar2": 0.00307348091155,
        "max": 0.486042886972,
        "mean": 0.203421369195,
        "median": 0.192474856973,
        "min": 0.0584760569036,
        "var": 0.0053824223578
    },
    "barkbands_kurtosis": {
        "dmean": 8.82668495178,
        "dmean2": 14.0045003891,
        "dvar": 285.393920898,
        "dvar2": 619.880187988,
        "max": 170.826034546,
        "mean": 10.5164461136,
        "median": 2.70527553558,
        "min": -1.96406912804,
        "var": 432.125579834
    },
    "barkbands_skewness": {
        "dmean": 1.11636137962,
        "dmean2": 1.71817111969,
        "dvar": 1.70990085602,
        "dvar2": 3.50373530388,
        "max": 11.1699876785,
        "mean": 2.17019414902,
        "median": 1.65861320496,
        "min": -5.76447963715,
        "var": 4.32773542404
    },
    "barkbands_spread": {
        "dmean": 9.93184757233,
        "dmean2": 15.419462204,
        "dvar": 171.611785889,
        "dvar2": 333.714752197,
        "max": 115.155357361,
        "mean": 22.4399337769,
        "median": 18.145483017,
        "min": 0.503322005272,
        "var": 357.618591309
    },
    "dissonance": {
        "dmean": 0.0252508595586,
        "dmean2": 0.0408898927271,
        "dvar": 0.000650619040243,
        "dvar2": 0.00167471251916,
        "max": 0.5,
        "mean": 0.452608019114,
        "median": 0.46105709672,
        "min": 0.268106579781,
        "var": 0.0013840906322
    },
    "dynamic_complexity": 2.76743865013,
    "erbbands_crest": {
        "dmean": 3.64999008179,
        "dmean2": 5.93934583664,
        "dvar": 11.2714557648,
        "dvar2": 26.9442405701,
        "max": 31.6984844208,
        "mean": 10.4135742188,
        "median": 9.44462490082,
        "min": 2.95176792145,
        "var": 25.5964241028
    },
    "erbbands_flatness_db": {
        "dmean": 0.030011864379,
        "dmean2": 0.0457905083895,
        "dvar": 0.000750849139877,
        "dvar2": 0.00165794580244,
        "max": 0.404872387648,
        "mean": 0.179553285241,
        "median": 0.176197364926,
        "min": 0.053804397583,
        "var": 0.00295606278814
    },
    "erbbands_kurtosis": {
        "dmean": 1.94331860542,
        "dmean2": 3.17049193382,
        "dvar": 15.2860031128,
        "dvar2": 37.4749450684,
        "max": 50.5687026978,
        "mean": 1.01088643074,
        "median": -0.0691356658936,
        "min": -1.79534101486,
        "var": 15.7623291016
    },
    "erbbands_skewness": {
        "dmean": 0.679311037064,
        "dmean2": 1.01886951923,
        "dvar": 0.496874928474,
        "dvar2": 1.0832914114,
        "max": 4.46725654602,
        "mean": 0.10502114892,
        "median": 0.193304210901,
        "min": -6.28283309937,
        "var": 1.24707829952
    },
    "erbbands_spread": {
        "dmean": 14.359705925,
        "dmean2": 23.052942276,
        "dvar": 246.227340698,
        "dvar2": 599.80480957,
        "max": 140.365020752,
        "mean": 41.4334182739,
        "median": 37.3805046082,
        "min": 2.49296307564,
        "var": 527.540588379
    },
    "hfc": {
        "dmean": 13.0435838699,
        "dmean2": 19.9058437347,
        "dvar": 393.264953613,
        "dvar2": 854.215209961,
        "max": 164.55645752,
        "mean": 23.1808605194,
        "median": 18.6060161591,
        "min": 0.248087614775,
        "var": 588.677001953
    },
    "melbands_crest": {
        "dmean": 4.70367288589,
        "dmean2": 7.55555200577,
        "dvar": 19.4709033966,
        "dvar2": 45.0938491821,
        "max": 37.5297050476,
        "mean": 21.1437625885,
        "median": 20.5599899292,
        "min": 4.48836135864,
        "var": 66.9991073608
    },
    "melbands_flatness_db": {
        "dmean": 0.048866789788,
        "dmean2": 0.0689870268106,
        "dvar": 0.00261158728972,
        "dvar2": 0.00441037397832,
        "max": 0.617375016212,
        "mean": 0.249992355704,
        "median": 0.234286800027,
        "min": 0.0482672080398,
        "var": 0.0111505882815
    },
    "melbands_kurtosis": {
        "dmean": 22.7929267883,
        "dmean2": 36.4858322144,
        "dvar": 2135.82373047,
        "dvar2": 4967.73291016,
        "max": 617.674926758,
        "mean": 30.8056201935,
        "median": 10.2480602264,
        "min": -1.84360444546,
        "var": 3044.01879883
    },
    "melbands_skewness": {
        "dmean": 1.55081439018,
        "dmean2": 2.38573980331,
        "dvar": 3.47682476044,
        "dvar2": 7.304895401,
        "max": 20.9009208679,
        "mean": 3.72670269012,
        "median": 2.81631565094,
        "min": -2.39783191681,
        "var": 9.02994155884
    },
    "melbands_spread": {
        "dmean": 13.0536079407,
        "dmean2": 20.5167999268,
        "dvar": 414.180053711,
        "dvar2": 1018.96008301,
        "max": 194.180099487,
        "mean": 24.3213272095,
        "median": 17.5317115784,
        "min": 0.341081738472,
        "var": 681.479248047
    },
    "pitch_salience": {
        "dmean": 0.106312669814,
        "dmean2": 0.171324387193,
        "dvar": 0.0116366641596,
        "dvar2": 0.0275784153491,
        "max": 0.887567162514,
        "mean": 0.453747868538,
        "median": 0.455857783556,
        "min": 0.0580285973847,
        "var": 0.0271004084498
    },
    "silence_rate_20dB": {
        "dmean": 0,
        "dmean2": 0,
        "dvar": 0,
        "dvar2": 0,
        "max": 1,
        "mean": 1,
        "median": 1,
        "min": 1,
        "var": 0
    },
    "silence_rate_30dB": {
        "dmean": 0.0541795678437,
        "dmean2": 0.108443066478,
        "dvar": 0.0512451604009,
        "dvar2": 0.107526771724,
        "max": 1,
        "mean": 0.945862352848,
        "median": 1,
        "min": 0,
        "var": 0.0512063130736
    },
    "silence_rate_60dB": {
        "dmean": 0.0386996902525,
        "dmean2": 0.0774593353271,
        "dvar": 0.0372023284435,
        "dvar2": 0.0854012668133,
        "max": 1,
        "mean": 0.0494972914457,
        "median": 0,
        "min": 0,
        "var": 0.0470466762781
    },
    "spectral_centroid": {
        "dmean": 497.953796387,
        "dmean2": 752.454711914,
        "dvar": 387638.46875,
        "dvar2": 792709.3125,
        "max": 6557.78955078,
        "mean": 1524.52526855,
        "median": 1345.69299316,
        "min": 131.646652222,
        "var": 873283.4375
    },
    "spectral_complexity": {
        "dmean": 5.64551067352,
        "dmean2": 8.05034828186,
        "dvar": 55.6143341064,
        "dvar2": 84.4044494629,
        "max": 60,
        "mean": 14.3372001648,
        "median": 12,
        "min": 0,
        "var": 116.455604553
    },
    "spectral_decrease": {
        "dmean": 3.74379505175e-09,
        "dmean2": 5.60586954634e-09,
        "dvar": 3.85945136112e-17,
        "dvar2": 7.85864992364e-17,
        "max": -1.93326691461e-11,
        "mean": -9.06662922517e-09,
        "median": -7.07999436855e-09,
        "min": -4.92854219658e-08,
        "var": 7.32723931963e-17
    },
    "spectral_energy": {
        "dmean": 0.0149457436055,
        "dmean2": 0.0224292948842,
        "dvar": 0.000568231160287,
        "dvar2": 0.00115778879263,
        "max": 0.18770173192,
        "mean": 0.0363220833242,
        "median": 0.0284673422575,
        "min": 9.87577805063e-05,
        "var": 0.0010796423303
    },
    "spectral_energyband_high": {
        "dmean": 0.00112119037658,
        "dmean2": 0.00169973855373,
        "dvar": 5.04265062773e-06,
        "dvar2": 1.12921679829e-05,
        "max": 0.0179707966745,
        "mean": 0.00132350344211,
        "median": 0.000376520882128,
        "min": 2.35499264534e-08,
        "var": 6.809158549e-06
    },
    "spectral_energyband_low": {
        "dmean": 0.00936007592827,
        "dmean2": 0.0144354496151,
        "dvar": 0.000540070992429,
        "dvar2": 0.00121222622693,
        "max": 0.183112457395,
        "mean": 0.0203082133085,
        "median": 0.0126917604357,
        "min": 1.6337935449e-07,
        "var": 0.00088155712001
    },
    "spectral_energyband_middle_high": {
        "dmean": 0.00288714328781,
        "dmean2": 0.0043181264773,
        "dvar": 1.92653915292e-05,
        "dvar2": 4.18089948653e-05,
        "max": 0.0402243435383,
        "mean": 0.00490440288559,
        "median": 0.00246325484477,
        "min": 1.40643624036e-05,
        "var": 3.8015015889e-05
    },
    "spectral_energyband_middle_low": {
        "dmean": 0.00753593444824,
        "dmean2": 0.0126315103844,
        "dvar": 0.000185098659131,
        "dvar2": 0.000517463427968,
        "max": 0.102896153927,
        "mean": 0.0105488421395,
        "median": 0.00758123910055,
        "min": 1.27849079945e-05,
        "var": 0.000155563218868
    },
    "spectral_entropy": {
        "dmean": 0.308665722609,
        "dmean2": 0.436441034079,
        "dvar": 0.0824640020728,
        "dvar2": 0.155995875597,
        "max": 8.65136528015,
        "mean": 7.45072412491,
        "median": 7.43404960632,
        "min": 5.16844797134,
        "var": 0.338933587074
    },
    "spectral_flux": {
        "dmean": 0.0429618246853,
        "dmean2": 0.0633767172694,
        "dvar": 0.00251789554022,
        "dvar2": 0.00404606945813,
        "max": 0.446786344051,
        "mean": 0.106819279492,
        "median": 0.0894903317094,
        "min": 0.00663175946102,
        "var": 0.00590903172269
    },
    "spectral_kurtosis": {
        "dmean": 3.06775307655,
        "dmean2": 4.87583494186,
        "dvar": 27.290473938,
        "dvar2": 67.8379745483,
        "max": 100.710624695,
        "mean": 5.26783514023,
        "median": 3.57156419754,
        "min": -1.20966351032,
        "var": 49.8037605286
    },
    "spectral_rms": {
        "dmean": 0.00115000281949,
        "dmean2": 0.00167324964423,
        "dvar": 2.05758078664e-06,
        "dvar2": 3.89453407479e-06,
        "max": 0.0135323181748,
        "mean": 0.00543895177543,
        "median": 0.00527001079172,
        "min": 0.000310401432216,
        "var": 5.85402631259e-06
    },
    "spectral_rolloff": {
        "dmean": 872.311157227,
        "dmean2": 1464.65893555,
        "dvar": 2519866,
        "dvar2": 5033810.5,
        "max": 12876.8554688,
        "mean": 1641.20568848,
        "median": 839.794921875,
        "min": 43.06640625,
        "var": 4702343
    },
    "spectral_skewness": {
        "dmean": 0.415637403727,
        "dmean2": 0.633245527744,
        "dvar": 0.210451111197,
        "dvar2": 0.510769963264,
        "max": 7.6847205162,
        "mean": 1.54013192654,
        "median": 1.47757852077,
        "min": -0.467633366585,
        "var": 0.596234083176
    },
    "spectral_spread": {
        "dmean": 1027451.0625,
        "dmean2": 1566826.125,
        "dvar": 1.49885471949e+12,
        "dvar2": 3.07184664576e+12,
        "max": 14006120,
        "mean": 4755983,
        "median": 4383840,
        "min": 716724.875,
        "var": 4.42112671744e+12
    },
    "spectral_strongpeak": {
        "dmean": 0.404268294573,
        "dmean2": 0.655952095985,
        "dvar": 0.46095341444,
        "dvar2": 1.03995585442,
        "max": 6.65700340271,
        "mean": 0.731363236904,
        "median": 0.300412327051,
        "min": 0,
        "var": 0.856558859348
    },
    "zerocrossingrate": {
        "dmean": 0.0182750225067,
        "dmean2": 0.0203470699489,
        "dvar": 0.000573439290747,
        "dvar2": 0.000650733010843,
        "max": 0.41357421875,
        "mean": 0.0586700327694,
        "median": 0.0478515625,
        "min": 0.0009765625,
        "var": 0.00274440902285
    },
    "barkbands": {
        "dmean": [0.000724634446669, 0.00729718804359, 0.00410393625498, 0.00194371002726, 0.00257636746392, 0.00126158527564, 0.00182012619916, 0.00160939700436, 0.000816371350084, 0.0006079703453, 0.00040375336539, 0.000359773926903, 0.000517011911143, 0.000485639699036, 0.000315965851769, 0.000327616173308, 0.000392587651731, 0.000378466531402, 0.000259408698184, 0.000328107038513, 0.000214523926843, 0.000198912879569, 0.000286650320049, 0.00022104367963, 8.27400872367e-05, 3.92202928197e-05, 1.53724659668e-08],
        "dmean2": [0.00112394231837, 0.0121425297111, 0.00737447245046, 0.00365922437049, 0.00423833820969, 0.00221817963757, 0.00294466898777, 0.0025706992019, 0.00129969138652, 0.000884008652065, 0.000653653638437, 0.000578832637984, 0.00082970794756, 0.000778982939664, 0.000508143915795, 0.000513741222676, 0.000635713804513, 0.000572104530875, 0.000404910562793, 0.000527398311533, 0.000324906461174, 0.000312653311994, 0.000444909441285, 0.00032946508145, 0.000128457380924, 6.10501447227e-05, 2.8787662032e-08],
        "dvar": [1.98029601961e-06, 0.000376362790121, 0.000252773053944, 5.65513582842e-05, 2.32625443459e-05, 7.16946306056e-06, 1.13314417831e-05, 1.23899808386e-05, 5.20769754075e-06, 2.54440374192e-06, 7.53305755552e-07, 7.88114334682e-07, 1.19678668398e-06, 1.02612318642e-06, 3.16423495406e-07, 3.76011428216e-07, 6.80972391365e-07, 3.53562910504e-07, 2.00479846058e-07, 8.64262290179e-07, 2.96987593629e-07, 1.7890643278e-07, 6.19561603799e-07, 2.97615997624e-07, 3.59737590827e-08, 9.31492305511e-09, 2.77944967796e-14],
        "dvar2": [4.02183286496e-06, 0.000991394277662, 0.000688567524776, 0.000164876546478, 5.92811593378e-05, 1.89356032934e-05, 2.58137806668e-05, 2.79181731457e-05, 1.15747088785e-05, 4.99524549014e-06, 1.7908467953e-06, 1.8875493879e-06, 2.79120808955e-06, 2.41244583776e-06, 7.41775181723e-07, 7.69130622302e-07, 1.74923025043e-06, 7.90964577391e-07, 4.51920811884e-07, 2.19467756324e-06, 6.77597881804e-07, 4.32897223845e-07, 1.3748483525e-06, 5.74244836571e-07, 7.65179777318e-08, 1.76274479458e-08, 8.22264416387e-14],
        "max": [0.016135411337, 0.162373498082, 0.115839079022, 0.0643800795078, 0.040505502373, 0.0193847063929, 0.0301703214645, 0.0304459705949, 0.0270331967622, 0.0222228672355, 0.0121859479696, 0.00993807893246, 0.0112193962559, 0.0102414749563, 0.00580681953579, 0.00793170090765, 0.00856179557741, 0.00534409703687, 0.00527308415622, 0.00910321064293, 0.00468000862747, 0.0046404809691, 0.0101672764868, 0.00861535128206, 0.00231942953542, 0.00193709065206, 3.97885332859e-06],
        "mean": [0.0025464145001, 0.0143304010853, 0.00282253930345, 0.00130933977198, 0.00311820185743, 0.00115299946629, 0.00195283920038, 0.00176310259849, 0.000937367614824, 0.000925064261537, 0.000478271162137, 0.000445383571787, 0.000587740039919, 0.000490022299346, 0.000389462366002, 0.000405113125453, 0.000397450581659, 0.000463467935333, 0.00033858694951, 0.000295792327961, 0.00021756584465, 0.000222888062126, 0.00034139957279, 0.000257662119111, 8.96024721442e-05, 4.34296271123e-05, 9.12915965046e-09],
        "median": [0.000859036925249, 0.00924964807928, 0.00012570535182, 0.000281701679341, 0.000881788670085, 0.000323008542182, 0.000355873722583, 0.000165638295584, 9.20692036743e-05, 0.000154916080646, 9.93870198727e-05, 8.61728913151e-05, 0.000119822281704, 7.24232304492e-05, 0.000128159634187, 8.3424289187e-05, 5.88682523812e-05, 0.000117374656838, 0.000114770460641, 4.61032650492e-05, 2.98240411212e-05, 6.5428619564e-05, 8.76432968653e-05, 5.97753896727e-05, 1.35565969686e-05, 7.19930085324e-06, 4.54311338549e-10],
        "min": [3.95455979074e-09, 1.72257337283e-08, 1.05701198905e-08, 9.33441341999e-08, 5.42354143818e-07, 1.99405931767e-07, 2.78370919204e-07, 8.90810696319e-08, 5.02599107222e-07, 6.37206994725e-07, 7.31717932467e-07, 2.55936896565e-07, 2.47909667905e-07, 2.86281988338e-07, 3.28122013116e-07, 1.87626199022e-07, 4.26215933658e-08, 9.76673319997e-08, 8.41132745677e-08, 1.75204526442e-08, 5.92657656284e-09, 3.86601550773e-09, 5.99845673133e-10, 2.69632649541e-11, 2.75320148624e-11, 8.75069808282e-12, 6.63700041106e-12],
        "var": [1.08728381747e-05, 0.000458697613794, 0.000162762327818, 3.09504466713e-05, 2.83244589809e-05, 5.89666205997e-06, 1.50592168211e-05, 1.56057503773e-05, 7.62227364248e-06, 6.00930752626e-06, 1.21993048197e-06, 1.05028061625e-06, 1.66710742633e-06, 1.30030173295e-06, 4.56597831544e-07, 7.23421294424e-07, 7.06332969003e-07, 5.62817831451e-07, 3.06281378926e-07, 7.46551847897e-07, 3.19418234085e-07, 2.04592836894e-07, 8.48604770454e-07, 4.55380188669e-07, 5.08767534768e-08, 1.59915227727e-08, 1.43233152796e-14]
    },
    "erbbands": {
        "dmean": [0.248712003231, 1.60385918617, 4.2205247879, 5.96789741516, 5.58459234238, 10.7498960495, 10.5553483963, 11.1938724518, 16.1531772614, 41.1988220215, 25.0055789948, 15.5868244171, 23.4996623993, 15.0380754471, 15.4750928879, 15.2186155319, 21.0895118713, 23.6736297607, 21.0078868866, 13.8310680389, 20.4175643921, 22.2986011505, 19.2513217926, 14.032957077, 13.673078537, 15.0165395737, 11.8103132248, 7.40375804901, 6.78673505783, 7.08124065399, 8.91704177856, 5.37095975876, 3.38759851456, 1.40048694611, 0.355374753475, 0.219307228923, 0.066157951951, 0.00471785804257, 9.97655442916e-05, 2.18630229938e-05],
        "dmean2": [0.400905430317, 2.57388544083, 7.13457870483, 11.2463903427, 10.2587490082, 17.2449321747, 17.6162471771, 19.93384552, 27.0960292816, 65.8082046509, 39.9268035889, 24.8604679108, 34.3078994751, 23.2732524872, 24.6233272552, 23.8701896667, 33.7564277649, 38.4131393433, 33.5865364075, 21.4153823853, 31.9648704529, 36.1794433594, 28.2040691376, 21.4115810394, 20.951210022, 24.2576770782, 18.7670402527, 11.2516050339, 10.5432395935, 11.1047649384, 14.0581569672, 8.2166595459, 5.04449415207, 2.16879868507, 0.564492106438, 0.339336067438, 0.105031117797, 0.00732203805819, 0.000150663574459, 3.2979707612e-05],
        "dvar": [0.316982150078, 23.7698383331, 231.036331177, 571.26385498, 312.159912109, 361.469696045, 402.197937012, 772.808410645, 1042.48547363, 5942.11035156, 3942.7097168, 1946.63415527, 3488.44458008, 1071.60375977, 1137.92236328, 1327.92089844, 1973.84326172, 2528.83862305, 1678.84729004, 639.705322266, 1469.82580566, 2222.84765625, 922.153320312, 531.710021973, 665.969360352, 2032.48669434, 1215.32958984, 276.485809326, 217.182983398, 238.433944702, 629.904541016, 204.311676025, 73.4370346069, 12.4570980072, 0.551656603813, 0.302522808313, 0.0268633291125, 0.000170887840795, 5.6188515174e-08, 8.88429718682e-10],
        "dvar2": [0.8336545825, 59.3581695557, 590.10546875, 1617.7956543, 902.661315918, 842.733032227, 985.902893066, 2058.9050293, 2470.66796875, 13161.0166016, 9076.63085938, 4382.26318359, 7411.56103516, 2061.1340332, 2707.45751953, 3106.85009766, 4640.21044922, 6115.02587891, 4041.33666992, 1421.0904541, 3001.15771484, 5724.23535156, 2023.80908203, 1169.91125488, 1429.17089844, 5251.00195312, 3008.03027344, 602.155883789, 501.645385742, 583.873596191, 1433.5760498, 420.989257812, 147.977676392, 26.5126991272, 1.17598164082, 0.566403150558, 0.057166095823, 0.000372198992409, 1.16138259898e-07, 1.87060078538e-09],
        "max": [4.91376972198, 41.2784881592, 107.277450562, 191.428878784, 137.335678101, 167.684829712, 192.08190918, 209.41355896, 407.089233398, 717.439575195, 660.030090332, 671.670043945, 847.399414062, 834.41015625, 369.778411865, 408.199951172, 501.571258545, 576.665405273, 383.752655029, 326.327941895, 459.372009277, 452.312469482, 328.076477051, 182.758636475, 366.400787354, 473.591003418, 251.151107788, 168.486282349, 150.883468628, 204.361923218, 322.42098999, 223.011199951, 130.168701172, 36.902557373, 11.1296138763, 12.6040716171, 2.95392131805, 0.226888731122, 0.00395197700709, 0.000235809202422],
        "mean": [0.666914224625, 2.19250893593, 3.36101555824, 4.18552780151, 4.61424398422, 13.1182308197, 12.6882266998, 9.73175430298, 17.1052341461, 47.7273330688, 27.5995292664, 18.665719986, 33.2707519531, 22.3743572235, 20.1264209747, 20.2473392487, 25.589849472, 25.36287117, 24.8086643219, 17.2287368774, 25.691116333, 23.4809684753, 24.7395515442, 18.4588508606, 18.2664775848, 13.6065158844, 10.3660354614, 8.12435531616, 7.53078603745, 8.51364898682, 10.3492794037, 6.49887561798, 3.7401239872, 1.50038909912, 0.393657356501, 0.247647076845, 0.0679960772395, 0.00451081385836, 0.000116665221867, 4.98902627442e-05],
        "median": [0.445476919413, 0.762537956238, 0.332068473101, 0.660470187664, 1.61218607426, 3.17981386185, 3.27468752861, 2.67957115173, 3.93724703789, 8.78147888184, 4.66184806824, 3.2396876812, 5.9395813942, 5.23105955124, 4.82666444778, 4.2645483017, 6.13891172409, 4.79741287231, 6.8173122406, 5.82496833801, 5.20454311371, 3.73560714722, 6.46972560883, 6.21049785614, 5.79025840759, 2.4346985817, 1.02728736401, 1.53106236458, 1.88872182369, 2.8887565136, 2.43144178391, 1.51817286015, 0.729833543301, 0.194075450301, 0.0762886181474, 0.0442940667272, 0.00962844677269, 0.000528908742126, 3.60542617273e-05, 3.90132918255e-05],
        "min": [6.00936402861e-07, 6.50226411381e-06, 2.05282212846e-05, 0.000377617339836, 0.00210193567909, 0.00163300905842, 0.00265010562725, 0.00239147176035, 0.00625885557383, 0.00380532024428, 0.0129552539438, 0.0179690681398, 0.0234679579735, 0.026905182749, 0.0298403855413, 0.0176750253886, 0.0123498383909, 0.0226972419769, 0.0270479023457, 0.0156765449792, 0.00981271453202, 0.0116748055443, 0.00741129368544, 0.00742238387465, 0.00157684343867, 0.0011486557778, 0.000491291284561, 0.000147238810314, 0.000147198050399, 8.05150993983e-05, 2.86380836769e-05, 1.36593826028e-05, 1.34319652716e-05, 3.40263727594e-06, 1.79553558155e-06, 7.93634228557e-07, 3.55728900558e-07, 9.54975973855e-08, 2.51976928212e-07, 2.69208470627e-07],
        "var": [0.647876501083, 23.7580986023, 174.917785645, 333.795135498, 180.875793457, 543.436157227, 586.041259766, 555.24987793, 1313.71569824, 7798.88232422, 4884.79101562, 2885.38891602, 6110.15332031, 2998.31274414, 1797.44934082, 1908.67712402, 2861.30322266, 3006.0871582, 2547.88134766, 837.670227051, 2780.58276367, 2339.51245117, 1550.89685059, 830.419189453, 1023.36090088, 1655.51757812, 1055.27453613, 343.003662109, 255.980743408, 310.454681396, 826.415710449, 299.583343506, 104.600021362, 16.750957489, 0.805534422398, 0.532691299915, 0.0392001532018, 0.000204625976039, 7.85211753396e-08, 1.69878711098e-09]
    },
    "gfcc": {
        "mean": [-27.554605484, 83.6014328003, -120.190254211, 33.1681213379, -61.4957771301, 17.6538124084, -41.5496253967, 8.18509483337, -16.8655433655, -1.57020378113, -8.24657821655, 3.47948122025, -10.086397171],
        "cov": [[6430.20605469, -2030.17932129, -34.8615226746, 456.682220459, -887.926086426, 130.271789551, -609.418640137, 562.340820312, -151.838500977, 427.391052246, 6.10685443878, 255.591766357, -438.236877441], [-2030.17932129, 3253.51391602, 216.15675354, -143.915710449, 1272.74206543, -63.1566963196, 861.709655762, -1.89630806446, 531.211364746, -154.207946777, 360.353424072, -39.8447036743, 320.15914917], [-34.8615226746, 216.15675354, 1520.27294922, 692.437866211, 414.967071533, 472.254119873, 240.367279053, 229.543365479, 207.928375244, 234.615127563, 119.02558136, 106.742843628, 144.380203247], [456.682220459, -143.915710449, 692.437866211, 941.211486816, 247.963256836, 233.541046143, 124.514984131, 154.695861816, 210.404602051, 180.914596558, 104.188346863, 109.971252441, 184.759567261], [-887.926086426, 1272.74206543, 414.967071533, 247.963256836, 1064.09777832, 224.74156189, 582.17364502, 155.434677124, 274.256469727, 88.4116897583, 162.27104187, 101.122749329, 277.047119141], [130.271789551, -63.1566963196, 472.254119873, 233.541046143, 224.74156189, 624.98626709, 365.476745605, 191.118515015, 120.04573822, 175.270629883, 87.1003036499, 66.5993881226, 112.487388611], [-609.418640137, 861.709655762, 240.367279053, 124.514984131, 582.17364502, 365.476745605, 769.507873535, 193.6118927, 218.672210693, 73.3596115112, 158.840454102, 72.6134185791, 212.585723877], [562.340820312, -1.89630806446, 229.543365479, 154.695861816, 155.434677124, 191.118515015, 193.6118927, 380.261260986, 153.718322754, 118.464797974, 80.8159255981, 81.9409103394, 11.4680576324], [-151.838500977, 531.211364746, 207.928375244, 210.404602051, 274.256469727, 120.04573822, 218.672210693, 153.718322754, 365.076934814, 74.4462585449, 124.143119812, 44.8152618408, 105.901016235], [427.391052246, -154.207946777, 234.615127563, 180.914596558, 88.4116897583, 175.270629883, 73.3596115112, 118.464797974, 74.4462585449, 226.519851685, 54.1132316589, 55.7421226501, 49.6502037048], [6.10685443878, 360.353424072, 119.02558136, 104.188346863, 162.27104187, 87.1003036499, 158.840454102, 80.8159255981, 124.143119812, 54.1132316589, 206.73197937, 41.0693740845, 33.6233024597], [255.591766357, -39.8447036743, 106.742843628, 109.971252441, 101.122749329, 66.5993881226, 72.6134185791, 81.9409103394, 44.8152618408, 55.7421226501, 41.0693740845, 145.972808838, 51.9667778015], [-438.236877441, 320.15914917, 144.380203247, 184.759567261, 277.047119141, 112.487388611, 212.585723877, 11.4680576324, 105.901016235, 49.6502037048, 33.6233024597, 51.9667778015, 258.884033203]],
        "icov": [[0.000389110995457, -0.000249518750934, 0.000284680892946, -0.000439069845015, 0.000386072875699, -0.000248681259109, 0.00034383989987, -0.000635136500932, 0.000445474055596, -0.000746868608985, 0.000237726446358, -0.000742194766644, 0.000641647784505], [-0.000249518750934, 0.00207234686241, -0.000768187514041, 0.00136377534363, -0.00174599303864, 0.00146744621452, -0.00127261609305, 0.00123196037021, -0.00201213406399, 0.00180723564699, -0.00208470690995, 0.00186579872388, -0.00093606027076], [0.000284680892946, -0.000768187514041, 0.00166332558729, -0.00137217482552, 0.000323080690578, -0.00130474485923, 0.000882516207639, -0.000795312400442, 0.000867283495609, -0.00113428430632, 0.000794477644376, -0.000909271242563, 0.000957379874308], [-0.000439069845015, 0.00136377534363, -0.00137217482552, 0.00311159295961, -0.00113356800284, 0.00108524470124, -0.000596809724811, 0.00102775474079, -0.00195204268675, 0.00116893055383, -0.0016757483827, 0.00119943625759, -0.00214791973121], [0.000386072875699, -0.00174599303864, 0.000323080690578, -0.00113356800284, 0.00364191411063, -0.000675217946991, -9.63394195423e-05, -0.00125121849123, 0.00137284537777, -0.00184054521378, 0.00148822669871, -0.0021364481654, -9.18745968193e-07], [-0.000248681259109, 0.00146744621452, -0.00130474485923, 0.00108524470124, -0.000675217946991, 0.00442340550944, -0.00259444979019, 0.00059798831353, -0.00119007669855, -0.000128381550894, -0.00131053023506, 0.00151639955584, -0.00100078049581], [0.00034383989987, -0.00127261609305, 0.000882516207639, -0.000596809724811, -9.63394195423e-05, -0.00259444979019, 0.00451514357701, -0.00186665880028, 0.00116001639981, -0.000419446994783, 0.00015253512538, -0.00115867494605, -0.000486243428895], [-0.000635136500932, 0.00123196037021, -0.000795312400442, 0.00102775474079, -0.00125121849123, 0.00059798831353, -0.00186665880028, 0.00590507732704, -0.00281466101296, 0.000556093000341, -0.000916720950045, 0.000161968782777, 0.000593058241066], [0.000445474055596, -0.00201213406399, 0.000867283495609, -0.00195204268675, 0.00137284537777, -0.00119007669855, 0.00116001639981, -0.00281466101296, 0.00673884293064, -0.00208435882814, 0.000339667516528, -0.00135281600524, 0.000242529960815], [-0.000746868608985, 0.00180723564699, -0.00113428430632, 0.00116893055383, -0.00184054521378, -0.000128381550894, -0.000419446994783, 0.000556093000341, -0.00208435882814, 0.00937572307885, -0.00260690343566, 0.00158499996178, -0.00228073773906], [0.000237726446358, -0.00208470690995, 0.000794477644376, -0.0016757483827, 0.00148822669871, -0.00131053023506, 0.00015253512538, -0.000916720950045, 0.000339667516528, -0.00260690343566, 0.00912961177528, -0.00281802075915, 0.0023665248882], [-0.000742194766644, 0.00186579872388, -0.000909271242563, 0.00119943625759, -0.0021364481654, 0.00151639955584, -0.00115867494605, 0.000161968782777, -0.00135281600524, 0.00158499996178, -0.00281802075915, 0.0113679440692, -0.00300748622976], [0.000641647784505, -0.00093606027076, 0.000957379874308, -0.00214791973121, -9.18745968193e-07, -0.00100078049581, -0.000486243428895, 0.000593058241066, 0.000242529960815, -0.00228073773906, 0.0023665248882, -0.00300748622976, 0.00854890421033]]
    },
    "melbands": {
        "dmean": [0.00204426539131, 0.00197029090486, 0.00100751966238, 0.000553105317522, 0.000415060581872, 0.000244760944042, 0.000282258057268, 0.000449907471193, 0.000174893953954, 0.000109278458694, 0.000119503609312, 6.37469565845e-05, 5.50671611563e-05, 4.09175227105e-05, 4.3271065806e-05, 5.24496608705e-05, 4.57923852082e-05, 3.77746728191e-05, 2.25689709623e-05, 1.93034229596e-05, 2.52476311289e-05, 2.56091007032e-05, 1.74654505827e-05, 1.92768548004e-05, 1.13225596579e-05, 1.02725989564e-05, 1.01299810922e-05, 1.06220913949e-05, 8.20409695734e-06, 5.10300606038e-06, 4.30120644523e-06, 4.02115165343e-06, 3.9461929191e-06, 3.95688812205e-06, 5.52005349164e-06, 4.72107740279e-06, 2.97809242511e-06, 2.56101247942e-06, 1.8697936639e-06, 9.81106495601e-07],
        "dmean2": [0.00337764783762, 0.00306378980167, 0.00187804293819, 0.000917384284548, 0.000679342192598, 0.000433629931649, 0.000468521699077, 0.000714197696652, 0.000284439796815, 0.000173194799572, 0.000173426160472, 9.84684520517e-05, 8.81312225829e-05, 6.56474585412e-05, 6.73206886859e-05, 8.5042171122e-05, 7.49374448787e-05, 6.16347533651e-05, 3.62716418749e-05, 3.02598782582e-05, 3.9535229007e-05, 4.25016041845e-05, 2.67688155873e-05, 2.96967391478e-05, 1.75297063834e-05, 1.62089927471e-05, 1.5261104636e-05, 1.75253262569e-05, 1.33009598358e-05, 7.91923685028e-06, 6.64745084578e-06, 6.31981947663e-06, 6.28027191851e-06, 6.26565497441e-06, 8.80786319613e-06, 6.97188579579e-06, 4.69733186037e-06, 3.92373794966e-06, 2.86074987343e-06, 1.56194425927e-06],
        "dvar": [2.44497805397e-05, 3.98191368731e-05, 1.49653833432e-05, 1.32190450586e-06, 5.33010847903e-07, 3.30267369009e-07, 2.88092223855e-07, 6.7643395596e-07, 2.24567187956e-07, 9.55902663691e-08, 9.07358312929e-08, 2.30434853421e-08, 1.46883580854e-08, 1.08181694713e-08, 9.75068648046e-09, 1.2904758151e-08, 9.41205779981e-09, 6.41161168602e-09, 1.8822947645e-09, 1.39818467915e-09, 2.3360042789e-09, 3.38008487866e-09, 9.60260093663e-10, 1.05508013437e-09, 3.86341403313e-10, 3.96838562011e-10, 4.41020941988e-10, 1.19398646525e-09, 6.28105401024e-10, 1.8097051635e-10, 8.96496973879e-11, 7.8388906477e-11, 8.02313701587e-11, 9.03624605697e-11, 2.35327896059e-10, 1.92596702475e-10, 5.96040508616e-11, 4.61573522459e-11, 2.4392302414e-11, 6.14811587057e-12],
        "dvar2": [6.46673943265e-05, 9.09236914595e-05, 4.21154036303e-05, 3.5500231661e-06, 1.23775475913e-06, 8.77412333011e-07, 6.75100409353e-07, 1.50238554397e-06, 5.30417480604e-07, 2.05801995889e-07, 1.90776560771e-07, 4.35857465675e-08, 3.46306272547e-08, 2.65831872071e-08, 2.09172537069e-08, 3.2334597222e-08, 2.26541327919e-08, 1.54165729072e-08, 4.46304149193e-09, 3.15428483333e-09, 4.88753837402e-09, 9.03582098033e-09, 2.17250373247e-09, 2.45129583298e-09, 8.68420557687e-10, 9.2720731093e-10, 9.51977496833e-10, 3.1687548141e-09, 1.5993461e-09, 4.0889325259e-10, 2.0323728811e-10, 1.82858436726e-10, 2.02662747695e-10, 2.16554801868e-10, 5.75541558856e-10, 3.80294018498e-10, 1.35247701927e-10, 1.00109198709e-10, 5.00597133191e-11, 1.38320657012e-11],
        "max": [0.0405414067209, 0.0478185079992, 0.0312046315521, 0.00808426830918, 0.00686152745038, 0.00428837258369, 0.00644164439291, 0.00686452677473, 0.00486539909616, 0.00486683147028, 0.00411701295525, 0.00364547059871, 0.00161182950251, 0.00104414043017, 0.00129310076591, 0.00140876171645, 0.000987643958069, 0.000871529162396, 0.000562539498787, 0.000438128889073, 0.000600327330176, 0.000526191783138, 0.000452161999419, 0.000353887298843, 0.000147852580994, 0.000283578410745, 0.000336887140293, 0.000345028180163, 0.000189568338101, 0.000115567621833, 0.000108037645987, 9.10126400413e-05, 0.000113578134915, 0.000165555000422, 0.000208713463508, 0.000244266702794, 0.000139562194818, 0.000111063971417, 6.1926242779e-05, 2.45267892751e-05],
        "mean": [0.0048837182112, 0.00213914108463, 0.000731044448912, 0.000597072008532, 0.000525452545844, 0.000214979037992, 0.000300392508507, 0.000521155132446, 0.000184298478416, 0.000129422260216, 0.000168773942278, 9.29743400775e-05, 6.81602396071e-05, 5.01425965922e-05, 5.6435856095e-05, 5.67420502193e-05, 4.57970018033e-05, 4.19312818849e-05, 2.6771609555e-05, 2.26859374379e-05, 3.05786743411e-05, 2.46549716394e-05, 2.08228520933e-05, 2.30610694416e-05, 1.36950011438e-05, 1.31406131914e-05, 1.1783615264e-05, 8.52300581755e-06, 6.80968150846e-06, 5.07324784849e-06, 4.65538823846e-06, 4.1610169319e-06, 4.46713465863e-06, 4.74929538541e-06, 6.04284878136e-06, 5.4024731071e-06, 3.46892738889e-06, 2.7589610454e-06, 1.98854809241e-06, 1.01500063465e-06],
        "median": [0.0034463449847, 0.000433448643889, 0.000141571115819, 0.000169544335222, 0.000137318231282, 5.50391887373e-05, 6.16276229266e-05, 9.38086814131e-05, 1.91843846551e-05, 1.3584251974e-05, 2.86888298433e-05, 1.90636001207e-05, 1.44928544614e-05, 9.51461424847e-06, 1.33317207656e-05, 1.04679629658e-05, 6.60580008116e-06, 9.49730201683e-06, 8.97655263543e-06, 5.62342665944e-06, 5.62654395253e-06, 3.27617522089e-06, 4.49669551017e-06, 5.82455822951e-06, 3.7056452129e-06, 3.60769990948e-06, 3.01966724692e-06, 8.4498930164e-07, 4.56699893903e-07, 5.5966029322e-07, 9.10426479095e-07, 8.78628384271e-07, 1.38967732255e-06, 1.52089455696e-06, 1.37277947942e-06, 1.00802867564e-06, 8.42876659135e-07, 5.41003714716e-07, 2.56851336644e-07, 9.62745829725e-08],
        "min": [3.80120823706e-09, 1.06307354031e-08, 5.75773277944e-08, 2.32948735857e-07, 4.79089443672e-08, 4.42836807224e-08, 4.8641275896e-08, 3.10433989625e-08, 7.31914724383e-08, 6.5673148697e-08, 1.07824405404e-07, 9.32412049792e-08, 1.02440623095e-07, 3.0066264145e-08, 5.33267723313e-08, 3.64202428216e-08, 2.9435428317e-08, 2.03755536887e-08, 2.46753337763e-08, 1.66080464936e-08, 8.08425948406e-09, 2.63344279716e-09, 8.26615309535e-09, 5.23355048188e-09, 4.84398388068e-09, 1.38155908935e-09, 9.78237824079e-10, 4.77515194053e-10, 2.33759650525e-10, 1.08620425154e-10, 6.34787569731e-11, 7.68132779605e-11, 5.18739252942e-11, 3.12551720616e-11, 8.42301488974e-13, 3.92255157392e-13, 3.7139123157e-13, 2.97591758094e-13, 2.67973441831e-13, 2.48469539214e-13],
