{
"highlevel": {
    "danceability": {
        "all": {
            "danceable": 5.40445401105e-13,
            "not_danceable": 1
        },
        "probability": 1,
        "value": "not_danceable"
    },
    "gender": {
        "all": {
            "female": 0.574109315872,
            "male": 0.425890684128
        },
        "probability": 0.574109315872,
        "value": "female"
    },
    "genre_dortmund": {
        "all": {
            "alternative": 0.157193958759,
            "blues": 0.0377927571535,
            "electronic": 0.0358535945415,
            "folkcountry": 0.224636659026,
            "funksoulrnb": 0.022406231612,
            "jazz": 0.0383914895356,
            "pop": 0.0587394721806,
            "raphiphop": 0.00203264947049,
            "rock": 0.422953188419
        },
        "probability": 0.422953188419,
        "value": "rock"
    },
    "genre_electronic": {
        "all": {
            "ambient": 0.363004475832,
            "dnb": 0.358940631151,
            "house": 0.111259974539,
            "techno": 0.0105657037348,
            "trance": 0.15622921288
        },
        "probability": 0.363004475832,
        "value": "ambient"
    },
    "genre_rosamerica": {
        "all": {
            "cla": 0.0546289421618,
            "dan": 0.0218116790056,
            "hip": 0.0851187333465,
            "jaz": 0.027551241219,
            "pop": 0.0416989065707,
            "rhy": 0.0413927584887,
            "roc": 0.721917748451,
            "spe": 0.00587999634445
        },
        "probability": 0.721917748451,
        "value": "roc"
    },
    "genre_tzanetakis": {
        "all": {
            "blu": 0.0626541376114,
            "cla": 0.0348133966327,
            "cou": 0.0783501937985,
            "dis": 0.104547761381,
            "hip": 0.15693578124,
            "jaz": 0.313987255096,
            "met": 0.044816005975,
            "pop": 0.0627349764109,
            "reg": 0.0627352520823,
            "roc": 0.0784252434969
        },
        "probability": 0.313987255096,
        "value": "jaz"
    },
    "ismir04_rhythm": {
        "all": {
            "ChaChaCha": 0.00163318309933,
            "Jive": 0.974734425545,
            "Quickstep": 0.00292393309064,
            "Rumba-American": 0.00025322593865,
            "Rumba-International": 0.000318226986565,
            "Rumba-Misc": 2.76800983556e-05,
            "Samba": 0.0173571240157,
            "Tango": 0.000363212951925,
            "VienneseWaltz": 0.00231680902652,
            "Waltz": 7.2205082688e-05
        },
        "probability": 0.974734425545,
        "value": "Jive"
    },
    "mood_acoustic": {
        "all": {
            "acoustic": 0.0335930287838,
            "not_acoustic": 0.966406941414
        },
        "probability": 0.966406941414,
        "value": "not_acoustic"
    },
    "mood_aggressive": {
        "all": {
            "aggressive": 0.14415897429,
            "not_aggressive": 0.855841040611
        },
        "probability": 0.855841040611,
        "value": "not_aggressive"
    },
    "mood_electronic": {
        "all": {
            "electronic": 0.542093992233,
            "not_electronic": 0.457906007767
        },
        "probability": 0.542093992233,
        "value": "electronic"
    },
    "mood_happy": {
        "all": {
            "happy": 0.845289468765,
            "not_happy": 0.154710546136
        },
        "probability": 0.845289468765,
        "value": "happy"
    },
    "mood_party": {
        "all": {
            "not_party": 0.428503960371,
            "party": 0.571496069431
        },
        "probability": 0.571496069431,
        "value": "party"
    },
    "mood_relaxed": {
        "all": {
            "not_relaxed": 0.809333086014,
            "relaxed": 0.190666928887
        },
        "probability": 0.809333086014,
        "value": "not_relaxed"
    },
    "mood_sad": {
        "all": {
            "not_sad": 0.935429751873,
            "sad": 0.064570248127
        },
        "probability": 0.935429751873,
        "value": "not_sad"
    },
    "moods_mirex": {
        "all": {
            "Cluster1": 0.431510001421,
            "Cluster2": 0.204344347119,
            "Cluster3": 0.034299172461,
            "Cluster4": 0.0752040818334,
            "Cluster5": 0.254642426968
        },
        "probability": 0.431510001421,
        "value": "Cluster1"
    },
    "timbre": {
        "all": {
            "bright": 0.901429176331,
            "dark": 0.0985708385706
        },
        "probability": 0.901429176331,
        "value": "bright"
    },
    "tonal_atonal": {
        "all": {
            "atonal": 0.17757448554,
            "tonal": 0.822425484657
        },
        "probability": 0.822425484657,
        "value": "tonal"
    },
    "voice_instrumental": {
        "all": {
            "instrumental": 0.141163945198,
            "voice": 0.858836054802
        },
        "probability": 0.858836054802,
        "value": "voice"
    }
},
"lowlevel": {
    "average_loudness": 0.966586589813,
    "barkbands_crest": {
        "dmean": 1.59400713444,
        "dmean2": 2.66050004959,
        "dvar": 2.7751595974,
        "dvar2": 7.31827020645,
        "max": 20.2271099091,
        "mean": 6.12215518951,
        "median": 5.27998447418,
        "min": 2.34867334366,
        "var": 8.25419616699
    },
    "barkbands_flatness_db": {
        "dmean": 0.013431799598,
        "dmean2": 0.0215064659715,
        "dvar": 0.000171765190316,
        "dvar2": 0.000430647283792,
        "max": 0.234535306692,
        "mean": 0.108956359327,
        "median": 0.104023866355,
        "min": 0.0376960374415,
        "var": 0.000803458155133
    },
    "barkbands_kurtosis": {
        "dmean": 0.783664941788,
        "dmean2": 1.27829134464,
        "dvar": 1.00738203526,
        "dvar2": 2.63087797165,
        "max": 9.842628479,
        "mean": -0.0224239900708,
        "median": -0.328337430954,
        "min": -1.79513537884,
        "var": 1.76016271114
    },
    "barkbands_skewness": {
        "dmean": 0.421539366245,
        "dmean2": 0.662092328072,
        "dvar": 0.267062604427,
        "dvar2": 0.644371032715,
        "max": 3.11737370491,
        "mean": -0.489453852177,
        "median": -0.59158885479,
        "min": -2.5250518322,
        "var": 0.533772647381
    },
    "barkbands_spread": {
        "dmean": 7.73837947845,
        "dmean2": 11.5586576462,
        "dvar": 70.8294219971,
        "dvar2": 143.570602417,
        "max": 73.3177185059,
        "mean": 33.5968399048,
        "median": 32.1734275818,
        "min": 7.11189365387,
        "var": 197.190658569
    },
    "dissonance": {
        "dmean": 0.00639773439616,
        "dmean2": 0.0109618408605,
        "dvar": 4.03955164074e-05,
        "dvar2": 0.000108385218482,
        "max": 0.49998319149,
        "mean": 0.489270597696,
        "median": 0.491150766611,
        "min": 0.425477325916,
        "var": 6.94343834766e-05
    },
    "dynamic_complexity": 1.42199444771,
    "erbbands_crest": {
        "dmean": 1.64901399612,
        "dmean2": 2.66788434982,
        "dvar": 2.5839984417,
        "dvar2": 5.9095582962,
        "max": 29.1022968292,
        "mean": 7.96852111816,
        "median": 6.7599811554,
        "min": 2.87795257568,
        "var": 17.13904953
    },
    "erbbands_flatness_db": {
        "dmean": 0.0170441213995,
        "dmean2": 0.0233445223421,
        "dvar": 0.000355406664312,
        "dvar2": 0.000677030126099,
        "max": 0.328667253256,
        "mean": 0.17810806632,
        "median": 0.176791384816,
        "min": 0.0800737813115,
        "var": 0.0015655864263
    },
    "erbbands_kurtosis": {
        "dmean": 0.665555953979,
        "dmean2": 1.05915439129,
        "dvar": 0.636670827866,
        "dvar2": 1.63782560825,
        "max": 11.7937793732,
        "mean": 0.719322741032,
        "median": 0.572761058807,
        "min": -1.51061928272,
        "var": 1.3244086504
    },
    "erbbands_skewness": {
        "dmean": 0.242943614721,
        "dmean2": 0.384611070156,
        "dvar": 0.0516336858273,
        "dvar2": 0.117028862238,
        "max": 1.10469198227,
        "mean": -0.57865101099,
        "median": -0.577187478542,
        "min": -2.40143299103,
        "var": 0.191621094942
    },
    "erbbands_spread": {
        "dmean": 5.29302453995,
        "dmean2": 8.28859043121,
        "dvar": 53.6898040771,
        "dvar2": 130.521499634,
        "max": 83.7515411377,
        "mean": 24.8745689392,
        "median": 22.185131073,
        "min": 6.25926685333,
        "var": 100.997756958
    },
    "hfc": {
        "dmean": 6.57569789886,
        "dmean2": 9.92678165436,
        "dvar": 67.4953384399,
        "dvar2": 154.882919312,
        "max": 101.542411804,
        "mean": 33.8699111938,
        "median": 31.5480690002,
        "min": 3.32371878624,
        "var": 336.131652832
    },
    "melbands_crest": {
        "dmean": 3.0787858963,
        "dmean2": 4.94050168991,
        "dvar": 10.1866588593,
        "dvar2": 23.6538829803,
        "max": 27.5064220428,
        "mean": 9.0540971756,
        "median": 7.70823574066,
        "min": 3.0470457077,
        "var": 17.7775230408
    },
    "melbands_flatness_db": {
        "dmean": 0.0197256933898,
        "dmean2": 0.0324649438262,
        "dvar": 0.000645080697723,
        "dvar2": 0.00165129359812,
        "max": 0.231031000614,
        "mean": 0.087938003242,
        "median": 0.0775753557682,
        "min": 0.0240800976753,
        "var": 0.00112282810733
    },
    "melbands_kurtosis": {
        "dmean": 1.94031381607,
        "dmean2": 3.37191605568,
        "dvar": 20.4145107269,
        "dvar2": 55.000793457,
        "max": 42.9187889099,
        "mean": 0.562046825886,
        "median": -0.575315475464,
        "min": -1.64296662807,
        "var": 16.3866863251
    },
    "melbands_skewness": {
        "dmean": 0.600437104702,
        "dmean2": 0.937708675861,
        "dvar": 0.679696142673,
        "dvar2": 1.63168394566,
        "max": 6.01065826416,
        "mean": 0.597955882549,
        "median": 0.348396867514,
        "min": -1.16120588779,
        "var": 1.07027304173
    },
    "melbands_spread": {
        "dmean": 14.2064428329,
        "dmean2": 22.4048709869,
        "dvar": 228.340026855,
        "dvar2": 588.404846191,
        "max": 176.39906311,
        "mean": 73.4044876099,
        "median": 72.4301681519,
        "min": 8.76037025452,
        "var": 635.914855957
    },
    "pitch_salience": {
        "dmean": 0.0619488544762,
        "dmean2": 0.099530801177,
        "dvar": 0.00409993669018,
        "dvar2": 0.0105599518865,
        "max": 0.832854688168,
        "mean": 0.647466063499,
        "median": 0.662288963795,
        "min": 0.267269641161,
        "var": 0.00880801677704
    },
    "silence_rate_20dB": {
        "dmean": 0,
        "dmean2": 0,
        "dvar": 0,
        "dvar2": 0,
        "max": 1,
        "mean": 1,
        "median": 1,
        "min": 1,
        "var": 0
    },
    "silence_rate_30dB": {
        "dmean": 0,
        "dmean2": 0,
        "dvar": 0,
        "dvar2": 0,
        "max": 1,
        "mean": 1,
        "median": 1,
        "min": 1,
        "var": 0
    },
    "silence_rate_60dB": {
        "dmean": 0.00541795650497,
        "dmean2": 0.0100697129965,
        "dvar": 0.00538872182369,
        "dvar2": 0.0130665227771,
        "max": 1,
        "mean": 0.00386697612703,
        "median": 0,
        "min": 0,
        "var": 0.00385204842314
    },
    "spectral_centroid": {
        "dmean": 207.111450195,
        "dmean2": 335.580078125,
        "dvar": 64769.2070312,
        "dvar2": 168085.71875,
        "max": 4073.70507812,
        "mean": 3001.69213867,
        "median": 3012.47363281,
        "min": 1120.39978027,
        "var": 171426.34375
    },
    "spectral_complexity": {
        "dmean": 4.43266248703,
        "dmean2": 7.12780809402,
        "dvar": 18.5133953094,
        "dvar2": 45.2608451843,
        "max": 52,
        "mean": 26.3882446289,
        "median": 26,
        "min": 7,
        "var": 69.2691955566
    },
    "spectral_decrease": {
        "dmean": 9.93868654042e-10,
        "dmean2": 1.60355806411e-09,
        "dvar": 2.24761329927e-18,
        "dvar2": 5.5382703317e-18,
        "max": -2.99201802223e-10,
        "mean": -2.92385804457e-09,
        "median": -2.59696575355e-09,
        "min": -1.30376971441e-08,
        "var": 2.70908247377e-18
    },
    "spectral_energy": {
        "dmean": 0.00416060164571,
        "dmean2": 0.00661908555776,
        "dvar": 3.49784531863e-05,
        "dvar2": 8.51780423545e-05,
        "max": 0.0522675588727,
        "mean": 0.0141074256971,
        "median": 0.0128564983606,
        "min": 0.00143072800711,
        "var": 5.24642455275e-05
    },
    "spectral_energyband_high": {
        "dmean": 0.00080820126459,
        "dmean2": 0.00120842678007,
        "dvar": 1.37625863772e-06,
        "dvar2": 3.21557013194e-06,
        "max": 0.0139279952273,
        "mean": 0.00282558426261,
        "median": 0.00206890376285,
        "min": 9.06071945792e-05,
        "var": 5.24194274476e-06
    },
    "spectral_energyband_low": {
        "dmean": 0.00233614840545,
        "dmean2": 0.0038646152243,
        "dvar": 1.77658348548e-05,
        "dvar2": 4.45930490969e-05,
        "max": 0.0266281533986,
        "mean": 0.00244126934558,
        "median": 0.000994998845272,
        "min": 3.47887225871e-06,
        "var": 1.64540288097e-05
    },
    "spectral_energyband_middle_high": {
        "dmean": 0.0014128171606,
        "dmean2": 0.00227093300782,
        "dvar": 2.51107758231e-06,
        "dvar2": 6.06534467806e-06,
        "max": 0.0244136191905,
        "mean": 0.00742360018194,
        "median": 0.00731286220253,
        "min": 0.00096239708364,
        "var": 1.17234521895e-05
    },
    "spectral_energyband_middle_low": {
        "dmean": 0.00166074372828,
        "dmean2": 0.0028203187976,
        "dvar": 1.02902167782e-05,
        "dvar2": 2.67399009317e-05,
        "max": 0.0379124246538,
        "mean": 0.00221090135165,
        "median": 0.00131581455935,
        "min": 8.46756083774e-05,
        "var": 8.87195801624e-06
    },
    "spectral_entropy": {
        "dmean": 0.100455455482,
        "dmean2": 0.147954463959,
        "dvar": 0.0117916818708,
        "dvar2": 0.0240967124701,
        "max": 8.41696071625,
        "mean": 7.81647777557,
        "median": 7.87374401093,
        "min": 6.3859910965,
        "var": 0.084679313004
    },
    "spectral_flux": {
        "dmean": 0.0201648883522,
        "dmean2": 0.0306573975831,
        "dvar": 0.000492916733492,
        "dvar2": 0.0010752233211,
        "max": 0.182659476995,
        "mean": 0.0705980286002,
        "median": 0.0596099942923,
        "min": 0.0189021956176,
        "var": 0.00105105433613
    },
    "spectral_kurtosis": {
        "dmean": 1.12510418892,
        "dmean2": 1.96783542633,
        "dvar": 1.25987052917,
        "dvar2": 3.92471909523,
        "max": 12.1970806122,
        "mean": 3.47375297546,
        "median": 3.22304296494,
        "min": 0.578713417053,
        "var": 2.28924798965
    },
    "spectral_rms": {
        "dmean": 0.000509878853336,
        "dmean2": 0.00079073762754,
        "dvar": 4.37117648744e-07,
        "dvar2": 1.02506942312e-06,
        "max": 0.00714092003182,
        "mean": 0.00359321571887,
        "median": 0.00354159926064,
        "min": 0.00118145346642,
        "var": 8.52154926179e-07
    },
    "spectral_rolloff": {
        "dmean": 527.580322266,
        "dmean2": 882.81262207,
        "dvar": 467743.84375,
        "dvar2": 1196067.125,
        "max": 8441.015625,
        "mean": 4229.31445312,
        "median": 4112.84179688,
        "min": 172.265625,
        "var": 1036983.125
    },
    "spectral_skewness": {
        "dmean": 0.163389220834,
        "dmean2": 0.270636916161,
        "dvar": 0.0204430297017,
        "dvar2": 0.0594910569489,
        "max": 1.80073297024,
        "mean": 1.05106163025,
        "median": 1.05842888355,
        "min": 0.339430868626,
        "var": 0.0589792206883
    },
    "spectral_spread": {
        "dmean": 384405.75,
        "dmean2": 545520.4375,
        "dvar": 177561141248,
        "dvar2": 340042416128,
        "max": 7533375,
        "mean": 3817653.25,
        "median": 3699365.25,
        "min": 1970225,
        "var": 624976723968
    },
    "spectral_strongpeak": {
        "dmean": 1.30609619617,
        "dmean2": 2.22141361237,
        "dvar": 2.97573518753,
        "dvar2": 6.84929990768,
        "max": 19.75623703,
        "mean": 2.79338669777,
        "median": 1.49876379967,
        "min": 0.0291301030666,
        "var": 11.4078159332
    },
    "zerocrossingrate": {
        "dmean": 0.0108593450859,
        "dmean2": 0.0135088628158,
        "dvar": 0.000102219812106,
        "dvar2": 0.000151519750943,
        "max": 0.22021484375,
        "mean": 0.132928431034,
        "median": 0.13232421875,
        "min": 0.0419921875,
        "var": 0.000814615923446
    },
    "barkbands": {
        "dmean": [3.70085354007e-06, 0.000942035752814, 0.000976647716016, 0.00112837355118, 0.000463704898721, 0.000117207920994, 5.02100265294e-05, 6.40951038804e-05, 6.64118415443e-05, 0.000186666846275, 0.000143536002724, 0.000225636773393, 0.000307036621962, 0.000241723158979, 0.000317091966281, 0.000231447207625, 0.000427371473052, 0.000389916473068, 0.000375093426555, 0.000468168844236, 0.000297569000395, 0.000279588362901, 0.000106865132693, 6.17149489699e-05, 3.64155894204e-05, 2.2740683562e-05, 1.37418176838e-09],
        "dmean2": [6.23177811576e-06, 0.00163667858578, 0.00163135910407, 0.00198205187917, 0.000798219058197, 0.000204790732823, 8.36629187688e-05, 9.86196100712e-05, 0.000104138744064, 0.000278464896837, 0.000235883897403, 0.000363320257748, 0.000496493885294, 0.000383778504329, 0.000499532325193, 0.000363889557775, 0.000678086362313, 0.000599948281888, 0.000567176553886, 0.000745780009311, 0.000482891715365, 0.000431835505879, 0.000167077305377, 9.46064828895e-05, 4.87973738927e-05, 3.06021538563e-05, 1.9137798013e-09],
        "dvar": [3.60422351686e-11, 4.65059429189e-06, 2.96213625006e-06, 5.89200953982e-06, 7.93968183643e-07, 1.18019002571e-07, 7.0376624528e-09, 8.96781315873e-09, 8.00806532197e-09, 7.88289611364e-08, 3.59511709291e-08, 1.06701882885e-07, 2.1479158363e-07, 1.90630672137e-07, 2.40408439822e-07, 9.5285635382e-08, 2.70800740054e-07, 3.04816410335e-07, 2.25639141149e-07, 7.82835286373e-07, 1.58996940058e-07, 1.99208173512e-07, 4.0635121934e-08, 8.40246627831e-09, 4.50957360343e-09, 2.35722374953e-09, 6.17379180666e-16],
        "dvar2": [8.89359835776e-11, 1.26533341245e-05, 7.31403997634e-06, 1.5549316231e-05, 2.08232268051e-06, 3.35274137342e-07, 1.86206001729e-08, 1.89191666777e-08, 1.81919883602e-08, 1.95138881054e-07, 9.51380414449e-08, 2.52642905707e-07, 5.4409065342e-07, 4.0868357587e-07, 4.67772451884e-07, 2.22621437729e-07, 6.5879316935e-07, 6.32079888874e-07, 4.90785112106e-07, 1.75395723545e-06, 3.92553062056e-07, 4.52450052535e-07, 1.01778461215e-07, 1.98043768052e-08, 7.14861281281e-09, 4.81806416985e-09, 6.18427066301e-16],
        "max": [7.60450275266e-05, 0.0142985526472, 0.0117131359875, 0.0307449176908, 0.0102833826095, 0.0032725634519, 0.0010636128718, 0.00175909791142, 0.000998201896437, 0.00349153252319, 0.002356399782, 0.00434595346451, 0.00866607297212, 0.0109383761883, 0.0100890379399, 0.00305389659479, 0.00590234529227, 0.00618407363072, 0.00716812489554, 0.0209869462997, 0.00430068420246, 0.00683223921806, 0.00263219280168, 0.00124800775666, 0.00113614136353, 0.000777928973548, 8.90807370979e-07],
        "mean": [4.37496828454e-06, 0.000815100385807, 0.0010187830776, 0.000991394743323, 0.00047319670557, 0.000133944166009, 8.95022749319e-05, 0.000131175547722, 0.000146075821249, 0.000408445688663, 0.000269094336545, 0.000490153266583, 0.000772353087086, 0.000475359207485, 0.000651918235235, 0.00050892069703, 0.00111578591168, 0.00100709171966, 0.000994026428089, 0.00141135579906, 0.000895729113836, 0.000766777666286, 0.00025725713931, 0.000159508432262, 8.14841041574e-05, 3.86176907341e-05, 1.25110177773e-09],
        "median": [2.52200061368e-06, 0.000264452741249, 0.000398962409236, 0.000294502999168, 0.000196905530174, 6.59609213471e-05, 3.55643387593e-05, 7.36179208616e-05, 8.25953611638e-05, 0.000263485271716, 0.000182792864507, 0.00031288221362, 0.00041001997306, 0.000234877108596, 0.000441478914581, 0.000291119038593, 0.000764337019064, 0.000654022383969, 0.000702487421222, 0.00066318816971, 0.000579316460062, 0.000503039394971, 0.000172587184352, 0.000104699807707, 4.40605908807e-05, 1.74810447788e-05, 2.24434124063e-10],
        "min": [6.15769746304e-09, 3.89671527046e-07, 5.37521202659e-07, 1.03407478491e-06, 2.74287208413e-06, 9.51519041337e-07, 6.39805080027e-07, 1.0324292532e-07, 3.05177604787e-06, 6.43211706119e-06, 2.21805362344e-06, 1.52105258167e-05, 9.24644882616e-06, 7.46611476643e-06, 1.53718756337e-05, 6.04662409387e-06, 1.51322055899e-05, 4.69289579996e-06, 2.7076814149e-05, 3.13494820148e-05, 2.95991703751e-05, 5.18385422765e-06, 2.66162646767e-06, 1.94256494979e-06, 5.07690685936e-07, 1.3737597726e-08, 1.76233142662e-11],
        "var": [3.73538318332e-11, 3.27018983626e-06, 2.98310487779e-06, 4.68357211503e-06, 6.51867082979e-07, 8.05046695973e-08, 1.57320840799e-08, 2.65693049784e-08, 2.45897169293e-08, 1.88633904941e-07, 7.65709771144e-08, 2.62084881797e-07, 1.07950177153e-06, 8.36029300899e-07, 5.59529382826e-07, 2.94879612284e-07, 1.02653382328e-06, 1.10601001779e-06, 9.26863833683e-07, 5.74329260417e-06, 7.0256703566e-07, 7.26881864921e-07, 9.5124775612e-08, 2.63973181092e-08, 1.40083598055e-08, 4.35565539192e-09, 6.17225708884e-16]
    },
    "erbbands": {
        "dmean": [0.0115684587508, 0.2646933496, 1.00936710835, 2.79978227615, 2.90240383148, 0.986085295677, 0.963271021843, 0.883467257023, 0.707600474358, 0.771831452847, 1.61051595211, 1.632371068, 5.81569099426, 4.06385850906, 5.00240039825, 10.6380548477, 13.9510755539, 13.5866794586, 11.2500896454, 17.6139984131, 13.7957305908, 17.8137683868, 21.4742946625, 17.4706935883, 17.5800056458, 26.2581005096, 14.0769290924, 10.1502389908, 10.0126667023, 5.54747867584, 2.83459472656, 1.76026141644, 0.870064258575, 0.472582638264, 0.241204589605, 0.132858633995, 0.0375444255769, 0.00321261980571, 6.00602033956e-05, 7.49843911763e-06],
        "dmean2": [0.0196875110269, 0.461354196072, 1.71196234226, 4.78270769119, 5.0948176384, 1.73845279217, 1.77456915379, 1.49239397049, 1.19675469398, 1.28819811344, 2.44138097763, 2.5709002018, 8.40843486786, 6.5610499382, 8.32851982117, 16.790769577, 22.7094917297, 21.353351593, 17.5939044952, 28.3114929199, 21.8037548065, 28.764509201, 33.0084457397, 26.4371452332, 27.4959182739, 41.2385597229, 22.4145755768, 16.7267379761, 15.6808481216, 8.1353931427, 4.5111618042, 2.7364885807, 1.30310189724, 0.674326777458, 0.313397079706, 0.183765500784, 0.0506058037281, 0.00479085603729, 8.43297530082e-05, 1.07035020847e-05],
        "dvar": [0.000635372241959, 0.361796557903, 3.41496992111, 35.3170127869, 37.3975868225, 3.99646711349, 8.12683200836, 5.47663068771, 1.78517365456, 1.55976986885, 6.01209259033, 5.82437467575, 83.3955154419, 50.3692626953, 42.241394043, 204.537612915, 515.403320312, 652.288085938, 275.88067627, 817.999328613, 295.971374512, 513.314025879, 984.748168945, 541.042663574, 475.569122314, 3349.27172852, 300.724243164, 220.096694946, 256.435150146, 100.189056396, 28.8044281006, 6.83607339859, 1.98191010952, 0.780620932579, 0.202343463898, 0.0787642896175, 0.00591635052115, 4.80119961139e-05, 1.54565782395e-08, 1.11802171687e-10],
        "dvar2": [0.00167247618083, 0.985923171043, 8.84640026093, 89.5647735596, 101.071243286, 10.6793241501, 23.5322628021, 14.946803093, 4.802921772, 3.59228396416, 12.1648645401, 13.1089105606, 204.651367188, 127.0987854, 111.959487915, 461.010131836, 1334.27929688, 1434.47937012, 609.124572754, 1749.9786377, 706.877807617, 1301.88781738, 2079.35571289, 1241.34997559, 1079.77087402, 7263.87304688, 714.832397461, 578.688598633, 605.274536133, 224.597091675, 72.6979598999, 16.9109344482, 4.55301809311, 1.50804364681, 0.329202234745, 0.164164960384, 0.0116586517543, 0.000105867409729, 3.24014131081e-08, 2.23188439952e-10],
        "max": [0.154971316457, 3.97461032867, 12.6191186905, 63.4741401672, 58.0877380371, 17.4390602112, 28.5625190735, 22.0597915649, 16.2931308746, 16.771396637, 47.6493988037, 30.4239368439, 134.233627319, 101.950134277, 84.1047134399, 178.687789917, 458.875732422, 645.776062012, 226.885055542, 442.467926025, 176.856460571, 334.662414551, 357.743377686, 511.588439941, 335.665740967, 1429.75488281, 207.106201172, 183.243499756, 228.121917725, 198.85736084, 70.3422088623, 37.2548294067, 18.2062320709, 14.6184139252, 9.31249141693, 4.60669088364, 1.33578681946, 0.128469794989, 0.00233303173445, 0.000160389288794],
        "mean": [0.0105610340834, 0.231674090028, 1.04436075687, 2.64726448059, 2.66874337196, 1.01901495457, 0.953896224499, 1.07483613491, 1.12771248817, 1.55769860744, 3.51321983337, 3.91082501411, 12.3586711884, 10.0548820496, 11.3152723312, 25.1948070526, 37.4817810059, 29.423034668, 24.3771934509, 38.4037132263, 36.5077018738, 52.8727645874, 62.205368042, 51.6940078735, 48.8267173767, 78.4449615479, 42.1259460449, 30.8748226166, 28.0204772949, 13.9458866119, 6.96980905533, 4.64231204987, 1.95772647858, 1.0576608181, 0.487440913916, 0.236443802714, 0.0599804222584, 0.00435971887782, 0.000104075734271, 2.79722808045e-05],
        "median": [0.00341866910458, 0.0811211615801, 0.468135356903, 0.850652694702, 0.932394146919, 0.42035484314, 0.409534931183, 0.539903223515, 0.551890134811, 0.719434261322, 2.10799980164, 2.32892799377, 7.88957262039, 6.02790927887, 8.53493404388, 18.7033119202, 19.2308483124, 17.219991684, 16.0582103729, 20.9970035553, 27.3459663391, 43.7177505493, 45.5979690552, 39.2286300659, 36.3910713196, 32.351436615, 29.6543807983, 22.3344745636, 19.0711421967, 7.75944662094, 4.97699117661, 3.19064259529, 1.2264071703, 0.59805983305, 0.247639670968, 0.109591774642, 0.0265585966408, 0.00169910327531, 5.42873895029e-05, 2.50166849582e-05],
        "min": [1.89661004697e-05, 0.00031721938285, 0.000658157339785, 0.00293285562657, 0.00520538771525, 0.00744043011218, 0.0110038639978, 0.00460627581924, 0.0254817046225, 0.00858010910451, 0.0111005213112, 0.117740638554, 0.391051858664, 0.490209102631, 0.857957422733, 1.47135293484, 1.11960494518, 1.82150650024, 0.970190703869, 0.610184729099, 1.49574530125, 1.05703222752, 0.454650253057, 0.762071013451, 1.95796561241, 1.59589624405, 1.44554817677, 0.619490265846, 0.182996988297, 0.11762882024, 0.0703963264823, 0.0455617308617, 0.0253319274634, 0.0116016054526, 0.00201713107526, 0.000860374246258, 4.26228980359e-05, 3.64506809092e-06, 1.56086537118e-06, 2.19266416934e-06],
        "var": [0.00049167702673, 0.253164112568, 2.9208343029, 31.9853019714, 27.1902885437, 3.24914646149, 4.94345998764, 4.57721805573, 2.23232984543, 5.22264432907, 18.4579868317, 17.8802642822, 188.917556763, 160.299346924, 79.9699935913, 498.610870361, 2708.86865234, 2618.99755859, 617.452575684, 2214.69042969, 956.679138184, 1662.16320801, 3665.16577148, 2842.19042969, 1812.76989746, 23422.4570312, 1224.41967773, 772.221984863, 921.875366211, 320.690582275, 60.182975769, 21.8197345734, 5.03942680359, 2.11661958694, 0.586221337318, 0.149946451187, 0.0114136021584, 6.94909176673e-05, 2.5937108461e-08, 2.79338885356e-10]
    },
    "gfcc": {
        "mean": [12.389799118, 29.7596492767, -158.305480957, 57.0646743774, -53.1953926086, 27.0067977905, -30.3629665375, 9.07382202148, -35.5873680115, -0.750126600266, -25.5376873016, -3.3167386055, -17.9374008179],
        "cov": [[1011.15686035, -124.604560852, 472.634429932, 239.382064819, 16.2995243073, 56.5884780884, -74.3372573853, 37.523525238, 35.8078346252, -4.96579790115, -58.2012252808, 100.495033264, -88.1518554688], [-124.604560852, 622.758544922, 128.916091919, 52.9912147522, 113.362602234, 3.60359430313, 27.6734008789, -42.2390327454, 3.23187494278, 5.5695939064, 20.9132843018, -66.9307403564, 39.4183387756], [472.634429932, 128.916091919, 617.564880371, 91.8422470093, 89.483215332, 93.6914596558, -56.5116653442, 41.3260917664, -86.72605896, 61.6808891296, -26.6022357941, 39.9093437195, -46.2175064087], [239.382064819, 52.9912147522, 91.8422470093, 253.687301636, 19.463142395, 38.4631767273, 24.3494586945, -28.4322338104, 58.1477127075, -46.9568443298, 14.9969768524, 0.841115117073, -0.808767020702], [16.2995243073, 113.362602234, 89.483215332, 19.463142395, 159.255081177, 48.185043335, 28.4015483856, 10.6099672318, -29.6311702728, 58.6422462463, 5.43067932129, -23.2870349884, -0.557972371578], [56.5884780884, 3.60359430313, 93.6914596558, 38.4631767273, 48.185043335, 84.1529388428, 28.3986339569, 11.5219011307, -17.0066261292, 19.2197475433, 8.66503238678, -1.55251002312, 5.53131246567], [-74.3372573853, 27.6734008789, -56.5116653442, 24.3494586945, 28.4015483856, 28.3986339569, 89.878074646, 13.2141046524, 1.11793029308, 1.29387176037, 17.4791889191, -16.0316905975, 10.2189826965], [37.523525238, -42.2390327454, 41.3260917664, -28.4322338104, 10.6099672318, 11.5219011307, 13.2141046524, 93.6621704102, 33.1088409424, 9.97463703156, -25.2845134735, 31.5764465332, -4.98902606964], [35.8078346252, 3.23187494278, -86.72605896, 58.1477127075, -29.6311702728, -17.0066261292, 1.11793029308, 33.1088409424, 135.283798218, -34.6315231323, -29.2636203766, 27.5041713715, 1.64397251606], [-4.96579790115, 5.5695939064, 61.6808891296, -46.9568443298, 58.6422462463, 19.2197475433, 1.29387176037, 9.97463703156, -34.6315231323, 87.5671005249, 29.0373516083, -11.6020698547, -9.02454662323], [-58.2012252808, 20.9132843018, -26.6022357941, 14.9969768524, 5.43067932129, 8.66503238678, 17.4791889191, -25.2845134735, -29.2636203766, 29.0373516083, 83.0386581421, -4.87440443039, 4.85065364838], [100.495033264, -66.9307403564, 39.9093437195, 0.841115117073, -23.2870349884, -1.55251002312, -16.0316905975, 31.5764465332, 27.5041713715, -11.6020698547, -4.87440443039, 95.3133087158, 0.0581455007195], [-88.1518554688, 39.4183387756, -46.2175064087, -0.808767020702, -0.557972371578, 5.53131246567, 10.2189826965, -4.98902606964, 1.64397251606, -9.02454662323, 4.85065364838, 0.0581455007195, 56.6509513855]],
        "icov": [[0.00302798650227, 0.000644872547127, -0.00147212168667, -0.00302019459195, 0.00033979100408, 0.000367988686776, 0.00095770281041, 6.66684718453e-05, 8.11652789707e-05, -0.00144826504402, 0.00207072938792, -0.00196398049593, 0.0024110598024], [0.000644872547127, 0.00462032016367, -0.00501738348976, 0.00378570472822, -0.00492891203612, 0.00465048663318, -0.0034689065069, 0.00452769547701, -0.00699231028557, 0.0061837839894, -0.00521345529705, 0.0039264052175, -0.00409847451374], [-0.00147212168667, -0.00501738348976, 0.0108612021431, -0.00792034436017, 0.00547495437786, -0.00821629446, 0.00793512165546, -0.0084959147498, 0.0134367831051, -0.0105623053387, 0.00913496036083, -0.00579535588622, 0.00577610637993], [-0.00302019459195, 0.00378570472822, -0.00792034436017, 0.0192567352206, -0.00845608487725, 0.00267343246378, -0.00850829202682, 0.0109276054427, -0.0169929154217, 0.0181600358337, -0.0151561181992, 0.00825856812298, -0.00669236946851], [0.00033979100408, -0.00492891203612, 0.00547495437786, -0.00845608487725, 0.0172723513097, -0.00756070809439, 0.0019726913888, -0.00573203247041, 0.0102551989257, -0.0171637888998, 0.0113759152591, -0.00417910283431, 0.00435036141425], [0.000367988686776, 0.00465048663318, -0.00821629446, 0.00267343246378, -0.00756070809439, 0.0253318659961, -0.0103038977832, 0.00385049520992, -0.00670016603544, 0.00532816536725, -0.00634584948421, 0.00411342503503, -0.00809589400887], [0.00095770281041, -0.0034689065069, 0.00793512165546, -0.00850829202682, 0.0019726913888, -0.0103038977832, 0.0230649262667, -0.0115777663887, 0.0101495375857, -0.00471736676991, 0.0030171549879, -0.00201558717526, 0.00479920301586], [6.66684718453e-05, 0.00452769547701, -0.0084959147498, 0.0109276054427, -0.00573203247041, 0.00385049520992, -0.0115777663887, 0.0255884863436, -0.0163308791816, 0.00598456896842, -0.00318387988955, 8.84925975697e-05, -0.00421258807182], [8.11652789707e-05, -0.00699231028557, 0.0134367831051, -0.0169929154217, 0.0102551989257, -0.00670016603544, 0.0101495375857, -0.0163308791816, 0.0305136386305, -0.0160906501114, 0.0173714142293, -0.0108386101201, 0.00827230978757], [-0.00144826504402, 0.0061837839894, -0.0105623053387, 0.0181600358337, -0.0171637888998, 0.00532816536725, -0.00471736676991, 0.00598456896842, -0.0160906501114, 0.0406875237823, -0.0247708149254, 0.0115812281147, -0.00516782980412], [0.00207072938792, -0.00521345529705, 0.00913496036083, -0.0151561181992, 0.0113759152591, -0.00634584948421, 0.0030171549879, -0.00318387988955, 0.0173714142293, -0.0247708149254, 0.0324875749648, -0.0116679500788, 0.00677309464663], [-0.00196398049593, 0.0039264052175, -0.00579535588622, 0.00825856812298, -0.00417910283431, 0.00411342503503, -0.00201558717526, 8.84925975697e-05, -0.0108386101201, 0.0115812281147, -0.0116679500788, 0.0202961675823, -0.00733197713271], [0.0024110598024, -0.00409847451374, 0.00577610637993, -0.00669236946851, 0.00435036141425, -0.00809589400887, 0.00479920301586, -0.00421258807182, 0.00827230978757, -0.00516782980412, 0.00677309464663, -0.00733197713271, 0.0268331468105]]
    },
    "melbands": {
        "dmean": [0.000184936987353, 0.000471929466585, 0.000490034813993, 0.000130083266413, 3.34806245519e-05, 2.01898601517e-05, 1.07675923573e-05, 8.74533270689e-06, 1.26664508571e-05, 1.09177190097e-05, 2.90584976028e-05, 1.65392557392e-05, 1.979499757e-05, 2.38970660575e-05, 3.25089640683e-05, 2.91619235213e-05, 2.77848594123e-05, 1.78086283995e-05, 2.34800409089e-05, 1.91469425772e-05, 2.05296801141e-05, 2.12382656173e-05, 2.44204657065e-05, 1.91844883375e-05, 1.60858835443e-05, 1.46660877363e-05, 1.63155254995e-05, 1.87161476788e-05, 7.9576520875e-06, 9.37696040637e-06, 6.40700045551e-06, 6.62471666146e-06, 5.52362280359e-06, 2.62358685177e-06, 1.81516645625e-06, 1.56995918132e-06, 9.42016583849e-07, 7.07122580934e-07, 5.19953118783e-07, 4.27626275723e-07],
        "dmean2": [0.000319607526762, 0.000794751918875, 0.000841132074129, 0.000225426192628, 6.18520425633e-05, 3.44114960171e-05, 1.81811155926e-05, 1.44697069118e-05, 1.92679144675e-05, 1.68567257788e-05, 4.2170042434e-05, 2.67246559815e-05, 3.27406050928e-05, 3.89057786379e-05, 5.10277495778e-05, 4.60304618173e-05, 4.36529153376e-05, 2.83462213702e-05, 3.63948347513e-05, 3.11114272336e-05, 3.2572523196e-05, 3.35145814461e-05, 3.82431317121e-05, 2.97404294543e-05, 2.41261041083e-05, 2.29853449127e-05, 2.62666981143e-05, 2.97296410281e-05, 1.2790486835e-05, 1.50278701767e-05, 1.06314937511e-05, 1.05844446807e-05, 8.24468679639e-06, 4.01990064347e-06, 2.9059535791e-06, 2.54756082541e-06, 1.4778147488e-06, 1.09899440304e-06, 7.82748600159e-07, 6.22922186722e-07],
        "dvar": [1.76621071546e-07, 8.03682894457e-07, 1.01142131825e-06, 6.70458959462e-08, 9.15562026194e-09, 2.98646618546e-09, 3.79732162381e-10, 1.69449884679e-10, 3.37638084158e-10, 2.23023696733e-10, 2.09567030396e-09, 9.21060394621e-10, 6.04986283292e-10, 1.18102494451e-09, 2.33395525129e-09, 2.38353581317e-09, 3.09769254692e-09, 7.81376130465e-10, 1.95417459992e-09, 8.29003254932e-10, 7.54038331774e-10, 8.04887601014e-10, 1.29810884264e-09, 8.6098439489e-10, 5.31520216729e-10, 3.87733456453e-10, 7.50711603992e-10, 1.6359819055e-09, 9.15827413905e-11, 1.79205872364e-10, 9.41091995998e-11, 1.13584863737e-10, 1.11404808989e-10, 2.43254444365e-11, 1.19390920761e-11, 6.88984676603e-12, 1.94677954313e-12, 1.34381319006e-12, 7.21097335489e-13, 7.32496853971e-13],
        "dvar2": [4.78880735955e-07, 2.10471512219e-06, 2.62477760771e-06, 1.78176890131e-07, 2.65045869696e-08, 8.26389534581e-09, 1.02283692627e-09, 4.02218619522e-10, 6.86914303216e-10, 5.0827630993e-10, 5.1342254892e-09, 2.28417507131e-09, 1.60724589193e-09, 2.68176680862e-09, 5.40478550803e-09, 5.07997999222e-09, 6.81286493887e-09, 1.7872159308e-09, 3.48678397266e-09, 1.87057058731e-09, 1.75897019172e-09, 2.02505434643e-09, 3.01957903126e-09, 1.74103864659e-09, 1.18824139417e-09, 8.77796835219e-10, 1.71692604578e-09, 3.6273990478e-09, 2.17453416385e-10, 4.41849140609e-10, 2.50132387025e-10, 2.82141199293e-10, 2.45206382976e-10, 5.53854531682e-11, 3.02375798011e-11, 1.78490017905e-11, 4.78592946523e-12, 3.31296578712e-12, 1.54408734063e-12, 1.57876001768e-12],
        "max": [0.00270469021052, 0.005688006524, 0.0111992703751, 0.00264023896307, 0.000904439541046, 0.000513836799655, 0.000245659350185, 0.000162737051141, 0.000348796456819, 0.000186882549315, 0.000669310160447, 0.000409984437283, 0.000254102604231, 0.000661949859932, 0.000583737506531, 0.00100927043241, 0.00139737303834, 0.000379933102522, 0.0010909383418, 0.000306971865939, 0.000321126193739, 0.000429058301961, 0.000457925314549, 0.000442881602794, 0.000493794621434, 0.000351455324562, 0.000507859920617, 0.000967277097516, 0.000105053011794, 0.000189376893104, 0.000142610573675, 0.000127063438413, 0.000179899143404, 8.59028150444e-05, 4.43713797722e-05, 3.76501084247e-05, 2.02411010832e-05, 1.49451980178e-05, 1.37539500429e-05, 1.53770524776e-05],
        "mean": [0.000159947652719, 0.000482224888401, 0.000465068442281, 0.000126505983644, 3.30247967213e-05, 2.4310345907e-05, 1.79886574188e-05, 1.80882816494e-05, 2.76658920484e-05, 2.54877013504e-05, 6.05645545875e-05, 3.85137136618e-05, 3.75163617718e-05, 5.49415308342e-05, 7.36924339435e-05, 7.0654823503e-05, 5.46033807041e-05, 3.3743424865e-05, 4.82875111629e-05, 4.26090082328e-05, 4.72054925922e-05, 5.28108030267e-05, 6.71357556712e-05, 4.71845924039e-05, 4.09787353419e-05, 3.52692404704e-05, 4.2977364501e-05, 5.17779953952e-05, 2.17729684664e-05, 2.48199467023e-05, 1.71052161022e-05, 1.71094961843e-05, 1.26299582917e-05, 5.80357027502e-06, 3.92367155655e-06, 3.78428785552e-06, 2.28965336646e-06, 1.39791620768e-06, 1.04027776615e-06, 8.60038483097e-07],
        "median": [5.04181007273e-05, 0.000211641061469, 0.000154759341967, 4.83484727738e-05, 1.46586944538e-05, 1.2043589777e-05, 8.25089773571e-06, 9.52120808506e-06, 1.74996166606e-05, 1.53763758135e-05, 3.80910969398e-05, 2.12774302781e-05, 2.68346502708e-05, 3.51644630427e-05, 4.61358940811e-05, 3.94552153011e-05, 2.78282896033e-05, 1.98920042749e-05, 3.09103270411e-05, 2.1836040105e-05, 2.74659923889e-05, 3.70694324374e-05, 3.74657065549e-05, 2.74878893833e-05, 2.62220146396e-05, 2.40854951699e-05, 2.14321280509e-05, 2.03617018997e-05, 1.63068816619e-05, 1.38721370604e-05, 1.29781237774e-05, 1.15443508548e-05, 6.91471632308e-06, 2.859922688e-06, 2.59497210209e-06, 2.7181445148e-06, 1.41138605159e-06, 8.20451305117e-07, 6.03763055551e-07, 4.70861834856e-07],
        "min": [1.21332618619e-07, 3.50412392436e-07, 5.35573690286e-07, 4.26828904665e-07, 3.92531205762e-07, 1.11816945036e-07, 3.04941266904e-07, 4.20944026303e-08, 4.27327861985e-08, 7.25079075892e-07, 8.81990615653e-07, 1.20833064443e-07, 6.90241563461e-07, 2.34004050981e-06, 1.53710107043e-06, 1.21769687667e-06, 8.36169192553e-07, 7.43038924611e-07, 1.20088463973e-06, 5.68548898627e-07, 3.78455041528e-07, 7.74322074903e-07, 4.06937914477e-07, 2.63331429551e-07, 4.98755014178e-07, 9.31282102101e-07, 1.37999938943e-06, 1.01915702544e-06, 6.46961723305e-07, 5.17524028965e-07, 1.5822783439e-07, 9.96539526454e-08, 6.54976801684e-08, 3.98377721922e-08, 4.17159107258e-08, 3.3987571868e-08, 2.27707150913e-08, 7.46155670583e-09, 1.22404735237e-08, 2.06499306543e-09],
