{
"highlevel": {
    "danceability": {
        "all": {
            "danceable": 3.00000096379e-14,
            "not_danceable": 1
        },
        "probability": 1,
        "value": "not_danceable"
    },
    "gender": {
        "all": {
            "female": 0.587788760662,
            "male": 0.41221126914
        },
        "probability": 0.587788760662,
        "value": "female"
    },
    "genre_dortmund": {
        "all": {
            "alternative": 0.302720189095,
            "blues": 0.00673834513873,
            "electronic": 0.0123046357185,
            "folkcountry": 0.00282159331255,
            "funksoulrnb": 0.00207762187347,
            "jazz": 0.000473632360809,
            "pop": 0.00465338677168,
            "raphiphop": 0.000265702692559,
            "rock": 0.667944908142
        },
        "probability": 0.667944908142,
        "value": "rock"
    },
    "genre_electronic": {
        "all": {
            "ambient": 0.338292181492,
            "dnb": 0.133336007595,
            "house": 0.0290382243693,
            "techno": 0.0198891106993,
            "trance": 0.479444473982
        },
        "probability": 0.479444473982,
        "value": "trance"
    },
    "genre_rosamerica": {
        "all": {
            "cla": 1.1399746036e-08,
            "dan": 3.95991825997e-08,
            "hip": 1.6270831793e-08,
            "jaz": 9.64536539527e-09,
            "pop": 4.37271054921e-08,
            "rhy": 1.16020046903e-08,
            "roc": 0.999995827675,
            "spe": 4.03875037591e-06
        },
        "probability": 0.999995827675,
        "value": "roc"
    },
    "genre_tzanetakis": {
        "all": {
            "blu": 0.0626541376114,
            "cla": 0.0348133966327,
            "cou": 0.0783501937985,
            "dis": 0.104547761381,
            "hip": 0.15693578124,
            "jaz": 0.313987255096,
            "met": 0.044816005975,
            "pop": 0.0627349764109,
            "reg": 0.0627352520823,
            "roc": 0.0784252434969
        },
        "probability": 0.313987255096,
        "value": "jaz"
    },
    "ismir04_rhythm": {
        "all": {
            "ChaChaCha": 0.405414164066,
            "Jive": 0.260177820921,
            "Quickstep": 0.027312323451,
            "Rumba-American": 0.0226985812187,
            "Rumba-International": 0.0130885820836,
            "Rumba-Misc": 0.00766181433573,
            "Samba": 0.11088976264,
            "Tango": 0.0344756245613,
            "VienneseWaltz": 0.107712447643,
            "Waltz": 0.0105688972399
        },
        "probability": 0.405414164066,
        "value": "ChaChaCha"
    },
    "mood_acoustic": {
        "all": {
            "acoustic": 7.05706042936e-07,
            "not_acoustic": 0.999999284744
        },
        "probability": 0.999999284744,
        "value": "not_acoustic"
    },
    "mood_aggressive": {
        "all": {
            "aggressive": 0.999953687191,
            "not_aggressive": 4.62959433207e-05
        },
        "probability": 0.999953687191,
        "value": "aggressive"
    },
    "mood_electronic": {
        "all": {
            "electronic": 0.248819112778,
            "not_electronic": 0.751180887222
        },
        "probability": 0.751180887222,
        "value": "not_electronic"
    },
    "mood_happy": {
        "all": {
            "happy": 0.294909834862,
            "not_happy": 0.705090165138
        },
        "probability": 0.705090165138,
        "value": "not_happy"
    },
    "mood_party": {
        "all": {
            "not_party": 0.366084545851,
            "party": 0.633915424347
        },
        "probability": 0.633915424347,
        "value": "party"
    },
    "mood_relaxed": {
        "all": {
            "not_relaxed": 0.965391159058,
            "relaxed": 0.0346088111401
        },
        "probability": 0.965391159058,
        "value": "not_relaxed"
    },
    "mood_sad": {
        "all": {
            "not_sad": 0.883893966675,
            "sad": 0.116106055677
        },
        "probability": 0.883893966675,
        "value": "not_sad"
    },
    "moods_mirex": {
        "all": {
            "Cluster1": 0.207960024476,
            "Cluster2": 0.00458794785663,
            "Cluster3": 0.0137328756973,
            "Cluster4": 0.00463205948472,
            "Cluster5": 0.769087076187
        },
        "probability": 0.769087076187,
        "value": "Cluster5"
    },
    "timbre": {
        "all": {
            "bright": 0.0939222276211,
            "dark": 0.906077742577
        },
        "probability": 0.906077742577,
        "value": "dark"
    },
    "tonal_atonal": {
        "all": {
            "atonal": 0.0387947931886,
            "tonal": 0.96120518446
        },
        "probability": 0.96120518446,
        "value": "tonal"
    },
    "voice_instrumental": {
        "all": {
            "instrumental": 0.0199320279062,
            "voice": 0.980067968369
        },
        "probability": 0.980067968369,
        "value": "voice"
    }
},
"lowlevel": {
    "average_loudness": 0.986473858356,
    "barkbands_crest": {
        "dmean": 2.21043181419,
        "dmean2": 3.71965551376,
        "dvar": 4.32113599777,
        "dvar2": 11.6500816345,
        "max": 20.3662433624,
        "mean": 7.52976083755,
        "median": 7.00853586197,
        "min": 2.88106298447,
        "var": 7.59083080292
    },
    "barkbands_flatness_db": {
        "dmean": 0.0166521705687,
        "dmean2": 0.0274074804038,
        "dvar": 0.000243439208134,
        "dvar2": 0.00061948254006,
        "max": 0.220689609647,
        "mean": 0.10778503865,
        "median": 0.106052599847,
        "min": 0.0466142296791,
        "var": 0.000699826458003
    },
    "barkbands_kurtosis": {
        "dmean": 1.0173715353,
        "dmean2": 1.7374727726,
        "dvar": 3.11230993271,
        "dvar2": 8.25289821625,
        "max": 16.374004364,
        "mean": -0.0992779508233,
        "median": -0.574421644211,
        "min": -1.50160527229,
        "var": 2.71020579338
    },
    "barkbands_skewness": {
        "dmean": 0.418939977884,
        "dmean2": 0.677112996578,
        "dvar": 0.198155164719,
        "dvar2": 0.495222985744,
        "max": 3.9694917202,
        "mean": 0.833173334599,
        "median": 0.714890062809,
        "min": -0.346898972988,
        "var": 0.309295326471
    },
    "barkbands_spread": {
        "dmean": 4.52135181427,
        "dmean2": 7.36869049072,
        "dvar": 16.6994285583,
        "dvar2": 43.0282211304,
        "max": 53.183467865,
        "mean": 30.6059970856,
        "median": 30.8806419373,
        "min": 9.13466358185,
        "var": 38.4726829529
    },
    "dissonance": {
        "dmean": 0.00898781511933,
        "dmean2": 0.0154928211123,
        "dvar": 6.09841445112e-05,
        "dvar2": 0.000161696792929,
        "max": 0.499999940395,
        "mean": 0.48602026701,
        "median": 0.487908571959,
        "min": 0.435733050108,
        "var": 8.65113179316e-05
    },
    "dynamic_complexity": 0.483374983072,
    "erbbands_crest": {
        "dmean": 1.73536682129,
        "dmean2": 2.90727567673,
        "dvar": 2.6425640583,
        "dvar2": 7.1604642868,
        "max": 18.5469036102,
        "mean": 6.2585682869,
        "median": 5.72203731537,
        "min": 2.74559855461,
        "var": 4.99612379074
    },
    "erbbands_flatness_db": {
        "dmean": 0.0126916589215,
        "dmean2": 0.0190958250314,
        "dvar": 0.000116889030323,
        "dvar2": 0.000233189028222,
        "max": 0.239948138595,
        "mean": 0.150835707784,
        "median": 0.153766572475,
        "min": 0.0808688029647,
        "var": 0.000521723646671
    },
    "erbbands_kurtosis": {
        "dmean": 0.475563436747,
        "dmean2": 0.789699494839,
        "dvar": 0.194214120507,
        "dvar2": 0.51559484005,
        "max": 3.36023235321,
        "mean": 0.139758214355,
        "median": 0.0655870437622,
        "min": -1.38502824306,
        "var": 0.413376629353
    },
    "erbbands_skewness": {
        "dmean": 0.234843343496,
        "dmean2": 0.384343296289,
        "dvar": 0.0372237227857,
        "dvar2": 0.0928784012794,
        "max": 1.01798701286,
        "mean": -0.293200552464,
        "median": -0.284876614809,
        "min": -1.52868723869,
        "var": 0.108810126781
    },
    "erbbands_spread": {
        "dmean": 5.82915353775,
        "dmean2": 9.27135848999,
        "dvar": 32.0949630737,
        "dvar2": 77.0776443481,
        "max": 74.6179962158,
        "mean": 31.9749221802,
        "median": 30.1374320984,
        "min": 14.5376834869,
        "var": 78.3806610107
    },
    "hfc": {
        "dmean": 6.07310199738,
        "dmean2": 9.7127866745,
        "dvar": 30.0411090851,
        "dvar2": 68.6725616455,
        "max": 86.6782608032,
        "mean": 39.2711143494,
        "median": 37.428981781,
        "min": 14.8558807373,
        "var": 92.1867218018
    },
    "melbands_crest": {
        "dmean": 3.42034626007,
        "dmean2": 5.58627891541,
        "dvar": 8.85905075073,
        "dvar2": 23.5492248535,
        "max": 28.1579036713,
        "mean": 13.6820106506,
        "median": 13.1913251877,
        "min": 3.30854058266,
        "var": 23.0527820587
    },
    "melbands_flatness_db": {
        "dmean": 0.0225348677486,
        "dmean2": 0.0365696772933,
        "dvar": 0.000521336798556,
        "dvar2": 0.00129440170713,
        "max": 0.301398158073,
        "mean": 0.1568043679,
        "median": 0.152670875192,
        "min": 0.059355981648,
        "var": 0.00139977654908
    },
    "melbands_kurtosis": {
        "dmean": 3.65274214745,
        "dmean2": 6.1338095665,
        "dvar": 36.0048332214,
        "dvar2": 94.0358886719,
        "max": 62.0605010986,
        "mean": 4.46448802948,
        "median": 2.69333267212,
        "min": -1.06627690792,
        "var": 35.0706138611
    },
    "melbands_skewness": {
        "dmean": 0.634770750999,
        "dmean2": 1.02811658382,
        "dvar": 0.500965774059,
        "dvar2": 1.23465681076,
        "max": 7.36744499207,
        "mean": 1.95606350899,
        "median": 1.77059972286,
        "min": 0.320530474186,
        "var": 0.789020180702
    },
    "melbands_spread": {
        "dmean": 7.61773538589,
        "dmean2": 12.4100370407,
        "dvar": 45.6976318359,
        "dvar2": 115.476722717,
        "max": 64.7191848755,
        "mean": 33.6367111206,
        "median": 34.5900611877,
        "min": 5.26621007919,
        "var": 91.294921875
    },
    "pitch_salience": {
        "dmean": 0.0732291787863,
        "dmean2": 0.121635489166,
        "dvar": 0.00429741945118,
        "dvar2": 0.0117189791054,
        "max": 0.805501461029,
        "mean": 0.589757621288,
        "median": 0.601013839245,
        "min": 0.222950786352,
        "var": 0.00923817977309
    },
    "silence_rate_20dB": {
        "dmean": 0,
        "dmean2": 0,
        "dvar": 0,
        "dvar2": 0,
        "max": 1,
        "mean": 1,
        "median": 1,
        "min": 1,
        "var": 0
    },
    "silence_rate_30dB": {
        "dmean": 0,
        "dmean2": 0,
        "dvar": 0,
        "dvar2": 0,
        "max": 1,
        "mean": 1,
        "median": 1,
        "min": 1,
        "var": 0
    },
    "silence_rate_60dB": {
        "dmean": 0,
        "dmean2": 0,
        "dvar": 0,
        "dvar2": 0,
        "max": 0,
        "mean": 0,
        "median": 0,
        "min": 0,
        "var": 0
    },
    "spectral_centroid": {
        "dmean": 206.569168091,
        "dmean2": 335.804046631,
        "dvar": 29076.1269531,
        "dvar2": 83054.9140625,
        "max": 2950.48974609,
        "mean": 1747.79016113,
        "median": 1765.71630859,
        "min": 705.938598633,
        "var": 68727
    },
    "spectral_complexity": {
        "dmean": 3.99535608292,
        "dmean2": 6.63284254074,
        "dvar": 10.1021623611,
        "dvar2": 25.5444488525,
        "max": 58,
        "mean": 40.3472557068,
        "median": 40,
        "min": 19,
        "var": 23.5522937775
    },
    "spectral_decrease": {
        "dmean": 3.07381298192e-09,
        "dmean2": 4.97289809331e-09,
        "dvar": 1.22069574167e-17,
        "dvar2": 3.06145732017e-17,
        "max": -4.24465707027e-09,
        "mean": -1.14480620539e-08,
        "median": -1.04936406231e-08,
        "min": -3.55903502225e-08,
        "var": 1.47833090418e-17
    },
    "spectral_energy": {
        "dmean": 0.0118200546131,
        "dmean2": 0.0190639346838,
        "dvar": 0.000173367894604,
        "dvar2": 0.000434492132626,
        "max": 0.137307852507,
        "mean": 0.0467695891857,
        "median": 0.0433082357049,
        "min": 0.0173677634448,
        "var": 0.000212814979022
    },
    "spectral_energyband_high": {
        "dmean": 0.000389204447856,
        "dmean2": 0.000570862495806,
        "dvar": 2.45613108518e-07,
        "dvar2": 4.6269883569e-07,
        "max": 0.00912048853934,
        "mean": 0.00121791812126,
        "median": 0.000807968666777,
        "min": 0.000215716398088,
        "var": 9.77285253612e-07
    },
    "spectral_energyband_low": {
        "dmean": 0.0100875999779,
        "dmean2": 0.0165207125247,
        "dvar": 0.000205798569368,
        "dvar2": 0.000516761559993,
        "max": 0.123378254473,
        "mean": 0.0191845465451,
        "median": 0.0154277030379,
        "min": 0.000325888744555,
        "var": 0.0002397296048
    },
    "spectral_energyband_middle_high": {
        "dmean": 0.00312880054116,
        "dmean2": 0.00518872123212,
        "dvar": 7.02652050677e-06,
        "dvar2": 1.79642975127e-05,
        "max": 0.0346447825432,
        "mean": 0.014937710017,
        "median": 0.0146125070751,
        "min": 0.00505499402061,
        "var": 1.62116739375e-05
    },
    "spectral_energyband_middle_low": {
        "dmean": 0.0047522331588,
        "dmean2": 0.00778069719672,
        "dvar": 3.4451175452e-05,
        "dvar2": 9.14156771614e-05,
        "max": 0.0782766789198,
        "mean": 0.0134949088097,
        "median": 0.0117077967152,
        "min": 0.00175303465221,
        "var": 5.95066594542e-05
    },
    "spectral_entropy": {
        "dmean": 0.0695114433765,
        "dmean2": 0.10759074986,
        "dvar": 0.0040815025568,
        "dvar2": 0.00905983988196,
        "max": 8.31124210358,
        "mean": 7.81354379654,
        "median": 7.78659915924,
        "min": 7.38921165466,
        "var": 0.0214871075004
    },
    "spectral_flux": {
        "dmean": 0.0232802536339,
        "dmean2": 0.0372148118913,
        "dvar": 0.000613326090388,
        "dvar2": 0.0014325894881,
        "max": 0.265242934227,
        "mean": 0.11717852205,
        "median": 0.10963345319,
        "min": 0.062252022326,
        "var": 0.00107192178257
    },
    "spectral_kurtosis": {
        "dmean": 1.34019303322,
        "dmean2": 2.30502343178,
        "dvar": 1.54792237282,
        "dvar2": 4.63949632645,
        "max": 11.8834991455,
        "mean": 4.17792224884,
        "median": 3.89094734192,
        "min": 0.548398256302,
        "var": 2.7715306282
    },
    "spectral_rms": {
        "dmean": 0.000813400489278,
        "dmean2": 0.00130055856425,
        "dvar": 6.55347321299e-07,
        "dvar2": 1.62723893027e-06,
        "max": 0.0115740606561,
        "mean": 0.00668621296063,
        "median": 0.00650014914572,
        "min": 0.00411632843316,
        "var": 9.23290372157e-07
    },
    "spectral_rolloff": {
        "dmean": 445.630615234,
        "dmean2": 762.235290527,
        "dvar": 187626.421875,
        "dvar2": 452107.34375,
        "max": 4155.90820312,
        "mean": 1841.94396973,
        "median": 1894.921875,
        "min": 129.19921875,
        "var": 330729.65625
    },
    "spectral_skewness": {
        "dmean": 0.182415485382,
        "dmean2": 0.310053467751,
        "dvar": 0.0252369083464,
        "dvar2": 0.0725457370281,
        "max": 3.11258840561,
        "mean": 1.32046568394,
        "median": 1.3199365139,
        "min": 0.5873478055,
        "var": 0.0457353033125
    },
    "spectral_spread": {
        "dmean": 304482.75,
        "dmean2": 428570.0625,
        "dvar": 115908837376,
        "dvar2": 177962762240,
        "max": 10444610,
        "mean": 3522843,
        "median": 3288790.75,
        "min": 2170147.75,
        "var": 581977899008
    },
    "spectral_strongpeak": {
        "dmean": 0.424071550369,
        "dmean2": 0.762626647949,
        "dvar": 0.600516736507,
        "dvar2": 1.6261600256,
        "max": 6.7343044281,
        "mean": 0.589322805405,
        "median": 0.422395884991,
        "min": 0.0422094762325,
        "var": 0.457051545382
    },
    "zerocrossingrate": {
        "dmean": 0.0076760686934,
        "dmean2": 0.0095742456615,
        "dvar": 4.15568611061e-05,
        "dvar2": 6.42513550702e-05,
        "max": 0.1279296875,
        "mean": 0.0642526000738,
        "median": 0.06201171875,
        "min": 0.02587890625,
        "var": 0.00026270217495
    },
    "barkbands": {
        "dmean": [0.000233870567172, 0.00574527494609, 0.00528023904189, 0.00222209119238, 0.00274570798501, 0.000944091239944, 0.000655466516037, 0.000490149017423, 0.000985921942629, 0.00123295863159, 0.00122208835091, 0.00100100249983, 0.000797226442955, 0.000695434049703, 0.000422258162871, 0.000804376555607, 0.000681450765114, 0.000457163667306, 0.000312335876515, 0.000254604703514, 0.000117298237456, 7.93277140474e-05, 7.76648594183e-05, 6.70972876833e-05, 3.46431479556e-05, 2.19716584979e-05, 2.93719111255e-08],
        "dmean2": [0.00037224785774, 0.00987309589982, 0.00887117441744, 0.00374334165826, 0.00446035526693, 0.0016254237853, 0.00110155472066, 0.000835179991554, 0.00160809920635, 0.00197092536837, 0.00197312585078, 0.00171936198603, 0.00129177770577, 0.00117693259381, 0.000706160673872, 0.00133767258376, 0.00115813594311, 0.000783144554589, 0.000538605207112, 0.000435748515883, 0.000203130650334, 0.00011857298523, 0.000105485356471, 9.08127767616e-05, 4.97423279739e-05, 3.37434939865e-05, 5.10568050061e-08],
        "dvar": [1.00256244195e-07, 7.15445712558e-05, 7.3023045843e-05, 7.52256710257e-06, 2.01807997655e-05, 2.55730469689e-06, 7.67819983594e-07, 4.86675219236e-07, 1.11426493277e-06, 2.07957555176e-06, 1.71867577592e-06, 1.96094697458e-06, 7.43184614294e-07, 6.3598304223e-07, 1.61253495889e-07, 7.37013351682e-07, 4.17805978259e-07, 1.70655852116e-07, 8.39805380792e-08, 1.16318581433e-07, 1.9468254564e-08, 1.27877921585e-08, 1.64581326345e-08, 1.247758874e-08, 3.7150940102e-09, 2.20972973253e-09, 5.4618124395e-15],
        "dvar2": [2.49964017485e-07, 0.000191019295016, 0.000193855143152, 2.02011196961e-05, 4.92310246045e-05, 7.64035030443e-06, 2.04114530789e-06, 1.31198214604e-06, 2.80593485513e-06, 5.2595132729e-06, 4.45647356173e-06, 5.3213375395e-06, 1.9018597186e-06, 1.88687067748e-06, 4.43434515773e-07, 2.00780527848e-06, 1.18309640129e-06, 4.82175494199e-07, 2.31010744756e-07, 2.99936033343e-07, 5.09206223853e-08, 2.64246384774e-08, 3.06289145158e-08, 2.30037642268e-08, 7.25838544824e-09, 4.67232919021e-09, 1.05002955996e-14],
        "max": [0.0022244581487, 0.0619638152421, 0.0837156400084, 0.0236896686256, 0.0700641646981, 0.0237567443401, 0.008768661879, 0.0133020905778, 0.0121785085648, 0.0169968921691, 0.0156675688922, 0.0258405469358, 0.0108423894271, 0.0089523140341, 0.00425023213029, 0.0135035468265, 0.00714216660708, 0.00412515178323, 0.00364411692135, 0.00840061809868, 0.00164400250651, 0.0013087359257, 0.00176213029772, 0.00135537656024, 0.00138418225106, 0.000531725469045, 1.59619105489e-06],
        "mean": [0.000302015629131, 0.00809372588992, 0.00892077293247, 0.00351067143492, 0.00428604101762, 0.00147861929145, 0.00102022127248, 0.00079059030395, 0.00201541138813, 0.0022477034945, 0.00216645980254, 0.00174879247788, 0.00149649986997, 0.00134524283931, 0.000878388644196, 0.00167362950742, 0.00150103331544, 0.00101925840136, 0.000761803414207, 0.000607490248512, 0.000280058971839, 0.000203362214961, 0.000174814180355, 0.000151245098095, 6.88550135237e-05, 2.68936000793e-05, 2.45583677838e-08],
        "median": [0.000117514988233, 0.00535116251558, 0.00693712942302, 0.00237276265398, 0.0024844116997, 0.00095406017499, 0.000691685767379, 0.000570098171011, 0.00161047035363, 0.00158138899133, 0.00161975633819, 0.0013269642368, 0.0011136145331, 0.00104687432759, 0.000756562978495, 0.00137907045428, 0.00133241747972, 0.000922717677895, 0.000696535338648, 0.000497883826029, 0.000223612310947, 0.000136526592541, 6.90444503562e-05, 6.90435117576e-05, 2.8541433494e-05, 8.56430688145e-06, 4.85416329354e-09],
        "min": [8.81391741814e-08, 2.73838686553e-05, 7.41242038202e-05, 3.25156579493e-05, 9.39851961448e-05, 5.09499222971e-05, 3.6762059608e-05, 4.07446423196e-05, 0.0001563749247, 7.89186960901e-05, 0.000155415735207, 9.8616554169e-05, 0.000101377379906, 7.65104123275e-05, 0.000101589728729, 0.000283586938167, 0.000280364067294, 0.000186935678357, 0.000187393758097, 9.674699686e-05, 4.70136728836e-05, 2.07736811717e-05, 3.4804702409e-06, 1.98093084691e-06, 7.16610344398e-08, 5.31925857528e-11, 8.75002414275e-12],
        "var": [1.66768927556e-07, 7.46103687561e-05, 8.38264240883e-05, 1.21582352222e-05, 2.92189815809e-05, 3.57604358214e-06, 1.121702212e-06, 6.83748510255e-07, 2.43731051341e-06, 3.84406939702e-06, 3.46418187291e-06, 2.72634952125e-06, 1.46616810071e-06, 1.20074969345e-06, 2.67912383833e-07, 1.30818659727e-06, 6.76199306326e-07, 2.57192624531e-07, 1.23816349173e-07, 2.09050654121e-07, 3.43852128992e-08, 3.62543417509e-08, 5.57773738308e-08, 4.02485618167e-08, 1.23597132529e-08, 2.94516278032e-09, 5.58157612197e-15]
    },
    "erbbands": {
        "dmean": [0.117806367576, 1.51686108112, 5.62165594101, 6.39614486694, 8.98543739319, 8.98969364166, 6.96092844009, 7.84107065201, 9.25952911377, 10.2807893753, 12.8403396606, 18.6624412537, 34.446144104, 38.9499473572, 43.2161903381, 38.5629882812, 25.9725570679, 40.8328437805, 24.9131336212, 19.2671928406, 50.1057090759, 35.8081741333, 26.0615444183, 17.1902751923, 13.0271959305, 11.3834838867, 7.24158143997, 3.6928486824, 2.88316893578, 2.71237874031, 2.17624807358, 1.78772175312, 0.967811524868, 0.52076458931, 0.209416508675, 0.095587015152, 0.0492097325623, 0.00395036069676, 7.32631306164e-05, 1.49521601998e-05],
        "dmean2": [0.200174510479, 2.5994758606, 9.45314884186, 10.7036962509, 14.3840436935, 14.5353498459, 12.1513290405, 13.3985900879, 15.6124563217, 17.5773525238, 21.0845527649, 30.2976284027, 54.9995117188, 63.1473464966, 72.4165420532, 66.4312438965, 42.670955658, 67.1079483032, 41.6202087402, 32.5758857727, 81.9196395874, 60.7830276489, 44.5626296997, 29.2593250275, 22.8289108276, 19.5635986328, 12.3343896866, 6.09653234482, 4.38539838791, 3.81967329979, 2.93308329582, 2.43503022194, 1.33700621128, 0.740909874439, 0.323741495609, 0.154195487499, 0.0754244402051, 0.00620593409985, 0.000111652239866, 2.28381286433e-05],
        "dvar": [0.0200697630644, 5.53161001205, 84.8907394409, 64.1585845947, 215.246520996, 186.91809082, 154.037979126, 195.866821289, 193.335342407, 254.674560547, 197.802780151, 369.315734863, 1433.94433594, 1884.30383301, 2655.69360352, 2309.81005859, 602.868774414, 2436.9675293, 559.717285156, 343.133270264, 2667.52416992, 1196.5559082, 577.710693359, 292.866455078, 148.890808105, 268.89630127, 76.0325317383, 19.0382785797, 15.7513151169, 18.5311069489, 13.6895170212, 8.66975021362, 2.74816703796, 0.915378808975, 0.127714559436, 0.0317584164441, 0.0126496655867, 0.000101183184597, 2.93537159024e-08, 2.42518061189e-10],
        "dvar2": [0.0547622926533, 14.6163702011, 225.961578369, 163.378570557, 532.643371582, 459.272888184, 516.232971191, 502.643341064, 513.256652832, 706.75567627, 526.723937988, 891.90423584, 3806.29785156, 4289.05322266, 7374.62890625, 6215.17675781, 1636.14758301, 6893.06738281, 1538.30944824, 970.760437012, 7269.33935547, 3417.84619141, 1626.41833496, 806.64831543, 416.347106934, 687.608703613, 200.246887207, 48.650554657, 35.0148887634, 36.283870697, 26.4066562653, 16.5583324432, 5.38039159775, 1.74286484718, 0.298434853554, 0.0784363672137, 0.0266563836485, 0.000215377789573, 6.00820939667e-08, 5.59401747147e-10],
        "max": [0.950508892536, 17.4965000153, 82.4225921631, 75.8640060425, 208.243286133, 203.429885864, 233.06729126, 265.699401855, 189.374725342, 184.931976318, 142.808532715, 296.621948242, 449.142578125, 618.169616699, 702.831970215, 775.423706055, 245.073516846, 503.9140625, 239.751174927, 198.682479858, 791.32232666, 427.731903076, 252.685623169, 242.032028198, 134.499160767, 398.95401001, 143.220870972, 57.1964263916, 59.3360290527, 65.6485366821, 44.1035118103, 31.3828792572, 25.3985042572, 21.4256515503, 5.89169979095, 2.35590481758, 1.03269648552, 0.12303493917, 0.00211032992229, 0.000191214654478],
        "mean": [0.158133536577, 2.14865779877, 9.69295597076, 11.3227100372, 13.4649343491, 14.5560798645, 11.6149749756, 12.0152235031, 14.0341997147, 15.7003412247, 24.0650634766, 39.8885421753, 65.8247680664, 78.0326461792, 76.8136291504, 71.6728744507, 58.6987037659, 81.487159729, 56.7741127014, 46.3889732361, 111.405075073, 85.862411499, 61.0043182373, 41.8508453369, 34.2858047485, 27.3640632629, 16.6794910431, 9.07553577423, 7.33857488632, 6.48085403442, 4.71556186676, 3.77297711372, 2.05845975876, 0.967899560928, 0.382307678461, 0.127505689859, 0.0546784251928, 0.00433584582061, 0.000112970643386, 6.16454781266e-05],
        "median": [0.0895041227341, 1.43073713779, 7.44412851334, 8.70103740692, 7.95232820511, 8.71343898773, 7.94441080093, 7.53285694122, 8.91358280182, 10.428735733, 18.801366806, 31.4202232361, 51.681438446, 59.6311225891, 57.324432373, 57.9687004089, 51.5339279175, 61.2374687195, 50.3422622681, 41.9268913269, 93.4524002075, 77.0220336914, 55.0999641418, 37.705581665, 31.7153053284, 22.5601444244, 13.1226873398, 7.21550035477, 5.14885425568, 3.31214976311, 1.77753221989, 1.65494990349, 0.958889424801, 0.342068970203, 0.192928642035, 0.0537868067622, 0.0139887724072, 0.0008662022301, 4.86611643282e-05, 5.60670887353e-05],
        "min": [0.000464506214485, 0.0131587162614, 0.093954987824, 0.47297680378, 0.383405476809, 0.259412437677, 0.394845247269, 0.52758204937, 0.916818320751, 0.789562225342, 2.38818836212, 2.82606840134, 2.761064291, 5.542324543, 8.88376426697, 7.27268791199, 6.23851633072, 7.59865474701, 7.82655000687, 7.03454780579, 19.7738571167, 17.2679481506, 10.5209321976, 9.37642383575, 10.1925935745, 4.72124290466, 3.57823824883, 1.57654488087, 0.807470440865, 0.260985612869, 0.112796291709, 0.055605918169, 0.0105280335993, 0.00325767323375, 0.000150530875544, 4.69035840069e-05, 1.77240544872e-05, 5.3225312513e-06, 1.40913707583e-05, 2.76133396255e-05],
        "var": [0.0268452074379, 5.63837718964, 93.328338623, 90.0912399292, 290.551391602, 328.61529541, 181.51675415, 257.453582764, 265.390716553, 353.339752197, 352.739593506, 955.875305176, 2488.65478516, 3928.91796875, 4829.16162109, 3119.79394531, 1268.04882812, 4834.06591797, 909.615905762, 517.358886719, 4755.99902344, 1866.35595703, 889.202331543, 416.590209961, 207.782608032, 457.398254395, 146.178222656, 37.8052062988, 40.9573554993, 59.3886299133, 42.903465271, 26.3111286163, 8.25250244141, 3.07186365128, 0.284451156855, 0.0411139912903, 0.0158501341939, 0.000127342471387, 4.05147275728e-08, 3.92176152664e-10]
    },
    "gfcc": {
        "mean": [67.2054138184, 100.255859375, -143.555389404, 43.1441192627, -46.7725143433, 23.8418579102, -32.2203521729, 14.4976615906, -27.6522445679, -5.61735010147, -18.7544002533, -2.82344555855, -9.14455413818],
        "cov": [[428.532012939, -374.638336182, 194.539245605, -49.1494522095, -138.259078979, 49.6695404053, -129.304763794, -1.89774680138, -59.1721038818, 20.2376441956, -72.5408096313, 59.305896759, -87.3204574585], [-374.638336182, 486.541564941, -170.442245483, 62.590587616, 133.032989502, -85.2570114136, 139.152877808, -12.7522974014, 73.7981262207, -12.1374635696, 96.415145874, -50.2421417236, 95.8219604492], [194.539245605, -170.442245483, 185.156356812, 5.16553735733, -9.75401973724, 23.8822422028, -35.8142089844, 8.42826080322, -25.0474491119, 24.5369243622, -50.7081031799, 32.9553070068, -58.5755805969], [-49.1494522095, 62.590587616, 5.16553735733, 110.325454712, 20.6981487274, 13.7530403137, 19.9225997925, -6.80552101135, 32.7921180725, -24.4011383057, 25.9237728119, -33.9198799133, 28.651348114], [-138.259078979, 133.032989502, -9.75401973724, 20.6981487274, 173.277099609, -12.0873441696, 102.558036804, 27.613653183, 12.4289188385, 32.7612228394, -5.81899547577, -4.8821849823, 2.75690746307], [49.6695404053, -85.2570114136, 23.8822422028, 13.7530403137, -12.0873441696, 96.1876373291, -2.14402461052, 19.3338050842, -3.17731666565, -13.1976060867, -3.04209470749, -11.7886219025, -8.34427642822], [-129.304763794, 139.152877808, -35.8142089844, 19.9225997925, 102.558036804, -2.14402461052, 124.295845032, 28.0768280029, 30.755689621, 14.1812400818, 16.4580287933, -9.20333576202, 12.1290407181], [-1.89774680138, -12.7522974014, 8.42826080322, -6.80552101135, 27.613653183, 19.3338050842, 28.0768280029, 66.7190628052, 9.24537086487, 21.2657032013, -8.90323543549, 2.93589901924, 3.79500007629], [-59.1721038818, 73.7981262207, -25.0474491119, 32.7921180725, 12.4289188385, -3.17731666565, 30.755689621, 9.24537086487, 63.7722702026, -1.10196363926, 29.5206623077, -7.18501853943, 14.3638648987], [20.2376441956, -12.1374635696, 24.5369243622, -24.4011383057, 32.7612228394, -13.1976060867, 14.1812400818, 21.2657032013, -1.10196363926, 67.0996932983, 1.61123585701, 24.1489162445, -13.114528656], [-72.5408096313, 96.415145874, -50.7081031799, 25.9237728119, -5.81899547577, -3.04209470749, 16.4580287933, -8.90323543549, 29.5206623077, 1.61123585701, 69.5626220703, 0.102036595345, 34.4756889343], [59.305896759, -50.2421417236, 32.9553070068, -33.9198799133, -4.8821849823, -11.7886219025, -9.20333576202, 2.93589901924, -7.18501853943, 24.1489162445, 0.102036595345, 67.1675720215, -9.15088176727], [-87.3204574585, 95.8219604492, -58.5755805969, 28.651348114, 2.75690746307, -8.34427642822, 12.1290407181, 3.79500007629, 14.3638648987, -13.114528656, 34.4756889343, -9.15088176727, 72.7036514282]],
        "icov": [[0.0131573220715, 0.0036349883303, -0.00689240498468, -0.000859775405843, 0.00721223233268, -0.00135754072107, 0.000890620634891, 1.9521876311e-06, 0.00164646806661, -0.00319105572999, 0.00234369607642, -0.0038521096576, 0.00272239837795], [0.0036349883303, 0.0126039655879, -0.00138871558011, 0.00300090247765, -0.00451093772426, 0.00836967211217, -0.00520688341931, 0.00255910446867, -0.00307387905195, 0.00372068653814, -0.0101880021393, 0.00629259366542, -0.00577915739268], [-0.00689240498468, -0.00138871558011, 0.0173071604222, -0.0088448645547, -0.00258138380013, -0.0012167096138, 0.00128034094814, -0.000997717026621, 0.00147413974628, -0.00347970239818, 0.0063960570842, -0.0058650393039, 0.00608840212226], [-0.000859775405843, 0.00300090247765, -0.0088448645547, 0.0227650534362, -0.00702745933086, 0.00149328028783, -0.000775005319156, 0.00400185585022, -0.00919632334262, 0.00832234788686, -0.0108499508351, 0.0129011273384, -0.0106400279328], [0.00721223233268, -0.00451093772426, -0.00258138380013, -0.00702745933086, 0.0222008340061, -0.00461588893086, -0.00819493457675, -0.000928006251343, 0.00575918750837, -0.0110304299742, 0.0133268171921, -0.00705983303487, 0.00500553986058], [-0.00135754072107, 0.00836967211217, -0.0012167096138, 0.00149328028783, -0.00461588893086, 0.0205546990037, -0.00460355402902, -0.00497575523332, 0.000120463897474, 0.00867975037545, -0.0127501040697, 0.00830340757966, -0.00203540571965], [0.000890620634891, -0.00520688341931, 0.00128034094814, -0.000775005319156, -0.00819493457675, -0.00460355402902, 0.0231768600643, -0.00590095669031, -0.00322854844853, 0.000286985508865, 0.000991619192064, -0.00340086151846, 0.00528440764174], [1.9521876311e-06, 0.00255910446867, -0.000997717026621, 0.00400185585022, -0.000928006251343, -0.00497575523332, -0.00590095669031, 0.0250682067126, -0.00694524031132, -0.00789441727102, 0.00630833348259, 0.0023893606849, -0.00935386773199], [0.00164646806661, -0.00307387905195, 0.00147413974628, -0.00919632334262, 0.00575918750837, 0.000120463897474, -0.00322854844853, -0.00694524031132, 0.0273752696812, -0.00123572908342, -0.00443415343761, -0.00442496361211, 0.00745151890442], [-0.00319105572999, 0.00372068653814, -0.00347970239818, 0.00832234788686, -0.0110304299742, 0.00867975037545, 0.000286985508865, -0.00789441727102, -0.00123572908342, 0.0302308127284, -0.0161961428821, 0.0017155095702, 0.000552363926545], [0.00234369607642, -0.0101880021393, 0.0063960570842, -0.0108499508351, 0.0133268171921, -0.0127501040697, 0.000991619192064, 0.00630833348259, -0.00443415343761, -0.0161961428821, 0.0437640063465, -0.0146293286234, -0.00143145571928], [-0.0038521096576, 0.00629259366542, -0.0058650393039, 0.0129011273384, -0.00705983303487, 0.00830340757966, -0.00340086151846, 0.0023893606849, -0.00442496361211, 0.0017155095702, -0.0146293286234, 0.030453460291, -0.00911231711507], [0.00272239837795, -0.00577915739268, 0.00608840212226, -0.0106400279328, 0.00500553986058, -0.00203540571965, 0.00528440764174, -0.00935386773199, 0.00745151890442, 0.000552363926545, -0.00143145571928, -0.00911231711507, 0.0310819260776]]
    },
    "melbands": {
        "dmean": [0.0013365050545, 0.00256028654985, 0.00108748953789, 0.000675295596011, 0.000249902717769, 0.000177128211362, 0.000134217567393, 0.000109548425826, 0.000123534337035, 0.000125773163745, 0.000184345262824, 0.000165535559063, 0.000155243033078, 0.000103663180198, 9.50994872255e-05, 8.72181117302e-05, 7.4279945693e-05, 4.79377595184e-05, 3.24966822518e-05, 3.50078371412e-05, 7.26057696738e-05, 4.33342793258e-05, 3.40565566148e-05, 1.74204760697e-05, 1.58398324857e-05, 1.24697644424e-05, 9.18490331969e-06, 8.69928408065e-06, 5.97631469645e-06, 3.05021217173e-06, 2.13912858271e-06, 1.80182462373e-06, 1.78048833277e-06, 1.64873290487e-06, 1.3761197124e-06, 1.28603153371e-06, 1.10124437924e-06, 8.08611900993e-07, 5.43874875802e-07, 4.69955637072e-07],
        "dmean2": [0.00230805249885, 0.00423097517341, 0.00180151697714, 0.00109938799869, 0.000426964659709, 0.000302287109662, 0.000226706426474, 0.00018701562658, 0.000199734407943, 0.00020679528825, 0.000294265832053, 0.000266592891421, 0.000258309621131, 0.000178339862032, 0.000162902884767, 0.000140076270327, 0.00012246039114, 8.05893796496e-05, 5.5144806538e-05, 5.95584278926e-05, 0.00011872259347, 7.37853260944e-05, 5.76034581172e-05, 2.92045278911e-05, 2.71381995844e-05, 2.15523396037e-05, 1.59643641382e-05, 1.48190765685e-05, 1.01231798908e-05, 5.19589502801e-06, 3.52373103851e-06, 2.8429676604e-06, 2.69419888355e-06, 2.4239184313e-06, 1.94656058738e-06, 1.80979111519e-06, 1.552098297e-06, 1.16221167445e-06, 8.01213786872e-07, 7.02519798779e-07],
        "dvar": [3.28912278746e-06, 1.63348122442e-05, 1.73703142536e-06, 1.29830823425e-06, 1.77547619273e-07, 9.22606844256e-08, 3.88037477705e-08, 2.89279213916e-08, 1.74672685205e-08, 1.78978076804e-08, 4.18585237583e-08, 3.22112150286e-08, 3.30794733827e-08, 3.32991341168e-08, 1.3185110781e-08, 9.4462757616e-09, 7.53297602074e-09, 2.18616258429e-09, 1.16526910343e-09, 1.40454659014e-09, 5.99535798784e-09, 1.74533421049e-09, 1.10387476937e-09, 2.47874915038e-10, 2.69480021631e-10, 1.40077074939e-10, 8.09031522331e-11, 2.06322126051e-10, 5.49486879609e-11, 1.32040108014e-11, 6.4462489166e-12, 5.3691040329e-12, 7.16624025746e-12, 7.56206555708e-12, 5.46556159706e-12, 4.61586541559e-12, 3.26085599495e-12, 1.83784259512e-12, 1.3006635699e-12, 7.14805385021e-13],
        "dvar2": [9.0263911261e-06, 4.27464729e-05, 4.38181768914e-06, 3.15049828714e-06, 5.58215276669e-07, 2.45135197474e-07, 1.0291304875e-07, 8.0346481468e-08, 4.63267681994e-08, 4.40220127018e-08, 1.1008909695e-07, 7.56578089067e-08, 8.97381084997e-08, 9.21787943753e-08, 3.44811041941e-08, 2.53621763591e-08, 2.13216626577e-08, 5.94054094805e-09, 3.17698645169e-09, 3.90436705189e-09, 1.63197650949e-08, 4.89199170062e-09, 3.0657101302e-09, 7.28533511296e-10, 7.38642369491e-10, 3.91626620022e-10, 2.26203875076e-10, 5.21598930714e-10, 1.45442796695e-10, 3.48839949982e-11, 1.66178008854e-11, 1.25166509102e-11, 1.5705142048e-11, 1.64827804183e-11, 1.1336951343e-11, 9.03153506843e-12, 6.52047079525e-12, 3.95801707381e-12, 2.49907559924e-12, 1.58812481395e-12],
        "max": [0.0119902379811, 0.0361308418214, 0.0122639834881, 0.0193344205618, 0.00763719156384, 0.00562166515738, 0.00263498863205, 0.00256437249482, 0.00146689871326, 0.00160539534409, 0.00244832108729, 0.00232861516997, 0.00251148175448, 0.00374877499416, 0.00150306941941, 0.00107285846025, 0.000872798205819, 0.000450027466286, 0.000347002001945, 0.000509837467689, 0.00122187554371, 0.000412140827393, 0.000439770927187, 0.000146691760165, 0.000248278694926, 0.000137548850034, 9.26403299673e-05, 0.000379692326533, 0.000150354200741, 4.21179320256e-05, 2.73558907793e-05, 3.33616771968e-05, 3.03816595988e-05, 3.98326410505e-05, 2.68345647783e-05, 2.78812804027e-05, 1.95940865524e-05, 1.9308510673e-05, 2.6820192943e-05, 1.5967998479e-05],
        "mean": [0.00182825373486, 0.00440063280985, 0.00208479561843, 0.00105089787394, 0.000455504457932, 0.000280021195067, 0.000206267592148, 0.000165324483532, 0.000226209231187, 0.00025875508436, 0.000338833255228, 0.000320185179589, 0.000271490018349, 0.000184721284313, 0.000167098187376, 0.000157674847287, 0.000144517136505, 9.54022325459e-05, 6.37089542579e-05, 7.03646946931e-05, 0.000146688049426, 9.18897712836e-05, 7.07207873347e-05, 3.88757362089e-05, 3.36272278219e-05, 2.75754082395e-05, 2.13016301132e-05, 1.77800593519e-05, 1.22076016851e-05, 6.40593543721e-06, 4.73614863949e-06, 4.07763718613e-06, 3.98117208533e-06, 3.46755450664e-06, 2.72440820481e-06, 2.53530038208e-06, 2.20363585868e-06, 1.5954394712e-06, 9.56307189881e-07, 7.7477824334e-07],
        "median": [0.00119991693646, 0.00343967415392, 0.00166473118588, 0.000621668295935, 0.000297993625281, 0.000181242940016, 0.00013445802324, 0.000108153450128, 0.000167000995134, 0.000202299808734, 0.000259174063103, 0.000241512796492, 0.000203050411073, 0.000137129565701, 0.000130923828692, 0.000115767841635, 0.000111162102257, 8.08504628367e-05, 5.37365413038e-05, 5.95314631937e-05, 0.000122206343804, 8.04350929684e-05, 6.09266935498e-05, 3.47296772816e-05, 2.94376914098e-05, 2.47116695391e-05, 1.87605219253e-05, 1.38731984407e-05, 9.48792239797e-06, 4.95009089718e-06, 3.73609145754e-06, 2.86865338239e-06, 2.34770664065e-06, 1.5571683889e-06, 9.40489428558e-07, 9.69287043517e-07, 1.01092359728e-06, 7.89138937307e-07, 3.08595787146e-07, 2.79878662468e-07],
        "min": [5.03816681885e-06, 3.0727696867e-05, 7.88294346421e-05, 1.65443998412e-05, 1.09572038127e-05, 9.60499983194e-06, 1.23995296235e-05, 6.77643538438e-06, 1.35947429953e-05, 2.12336908589e-05, 1.03118718471e-05, 1.96501532628e-05, 2.61959412455e-05, 1.36720964292e-05, 1.12928673843e-05, 7.50618710299e-06, 1.08730082502e-05, 5.85369343753e-06, 9.04375247046e-06, 9.3333019322e-06, 1.7568563635e-05, 1.4374402781e-05, 9.28246572585e-06, 6.2184849412e-06, 6.7088058131e-06, 5.44373688172e-06, 3.75117838303e-06, 2.49684740083e-06, 1.44064415508e-06, 8.37520985897e-07, 7.24934352547e-07, 4.30456566392e-07, 1.47359543234e-07, 6.83467078488e-08, 2.16924203045e-08, 1.45762912851e-08, 2.00235739101e-08, 2.57707499784e-09, 7.33295646427e-10, 2.39376660854e-11],
