{
"highlevel": {
    "danceability": {
        "all": {
            "danceable": 0.998934149742,
            "not_danceable": 0.00106583256274
        },
        "probability": 0.998934149742,
        "value": "danceable"
    },
    "gender": {
        "all": {
            "female": 0.112462028861,
            "male": 0.887537956238
        },
        "probability": 0.887537956238,
        "value": "male"
    },
    "genre_dortmund": {
        "all": {
            "alternative": 0.0217737071216,
            "blues": 0.114503026009,
            "electronic": 0.106801308692,
            "folkcountry": 0.0124673135579,
            "funksoulrnb": 0.054531943053,
            "jazz": 0.086147710681,
            "pop": 0.0428009442985,
            "raphiphop": 0.466766357422,
            "rock": 0.0942076817155
        },
        "probability": 0.466766357422,
        "value": "raphiphop"
    },
    "genre_electronic": {
        "all": {
            "ambient": 0.213728770614,
            "dnb": 0.66005897522,
            "house": 0.03228969872,
            "techno": 0.0128208510578,
            "trance": 0.0811016857624
        },
        "probability": 0.66005897522,
        "value": "dnb"
    },
    "genre_rosamerica": {
        "all": {
            "cla": 0.00361200072803,
            "dan": 0.093209169805,
            "hip": 0.586814463139,
            "jaz": 0.00723493425176,
            "pop": 0.231020480394,
            "rhy": 0.018016230315,
            "roc": 0.0568671822548,
            "spe": 0.0032255272381
        },
        "probability": 0.586814463139,
        "value": "hip"
    },
    "genre_tzanetakis": {
        "all": {
            "blu": 0.0626613423228,
            "cla": 0.0348169617355,
            "cou": 0.104475811124,
            "dis": 0.0784321576357,
            "hip": 0.15692435205,
            "jaz": 0.313974827528,
            "met": 0.0448166541755,
            "pop": 0.0627359300852,
            "reg": 0.0627360641956,
            "roc": 0.0784258767962
        },
        "probability": 0.313974827528,
        "value": "jaz"
    },
    "ismir04_rhythm": {
        "all": {
            "ChaChaCha": 0.0426231995225,
            "Jive": 0.0890591368079,
            "Quickstep": 0.150551348925,
            "Rumba-American": 0.0140798399225,
            "Rumba-International": 0.00757237244397,
            "Rumba-Misc": 0.00489160139114,
            "Samba": 0.672941744328,
            "Tango": 0.00815110467374,
            "VienneseWaltz": 0.00706294970587,
            "Waltz": 0.00306670810096
        },
        "probability": 0.672941744328,
        "value": "Samba"
    },
    "mood_acoustic": {
        "all": {
            "acoustic": 0.00935035943985,
            "not_acoustic": 0.99064964056
        },
        "probability": 0.99064964056,
        "value": "not_acoustic"
    },
    "mood_aggressive": {
        "all": {
            "aggressive": 0.475930422544,
            "not_aggressive": 0.524069607258
        },
        "probability": 0.524069607258,
        "value": "not_aggressive"
    },
    "mood_electronic": {
        "all": {
            "electronic": 0.800800800323,
            "not_electronic": 0.199199199677
        },
        "probability": 0.800800800323,
        "value": "electronic"
    },
    "mood_happy": {
        "all": {
            "happy": 0.446649640799,
            "not_happy": 0.553350329399
        },
        "probability": 0.553350329399,
        "value": "not_happy"
    },
    "mood_party": {
        "all": {
            "not_party": 0.166323453188,
            "party": 0.83367651701
        },
        "probability": 0.83367651701,
        "value": "party"
    },
    "mood_relaxed": {
        "all": {
            "not_relaxed": 0.985491871834,
            "relaxed": 0.014508118853
        },
        "probability": 0.985491871834,
        "value": "not_relaxed"
    },
    "mood_sad": {
        "all": {
            "not_sad": 0.953110039234,
            "sad": 0.0468899384141
        },
        "probability": 0.953110039234,
        "value": "not_sad"
    },
    "moods_mirex": {
        "all": {
            "Cluster1": 0.256290614605,
            "Cluster2": 0.124838158488,
            "Cluster3": 0.0568376481533,
            "Cluster4": 0.119475387037,
            "Cluster5": 0.442558199167
        },
        "probability": 0.442558199167,
        "value": "Cluster5"
    },
    "timbre": {
        "all": {
            "bright": 0.645397186279,
            "dark": 0.354602843523
        },
        "probability": 0.645397186279,
        "value": "bright"
    },
    "tonal_atonal": {
        "all": {
            "atonal": 0.0540720708668,
            "tonal": 0.945927917957
        },
        "probability": 0.945927917957,
        "value": "tonal"
    },
    "voice_instrumental": {
        "all": {
            "instrumental": 0.0353648178279,
            "voice": 0.964635193348
        },
        "probability": 0.964635193348,
        "value": "voice"
    }
},
"lowlevel": {
    "average_loudness": 0.96569699049,
    "barkbands_crest": {
        "dmean": 3.71759700775,
        "dmean2": 6.00402784348,
        "dvar": 10.438000679,
        "dvar2": 23.1154022217,
        "max": 25.6418323517,
        "mean": 11.7237739563,
        "median": 10.639787674,
        "min": 2.27595543861,
        "var": 27.7399978638
    },
    "barkbands_flatness_db": {
        "dmean": 0.0311521794647,
        "dmean2": 0.0446707010269,
        "dvar": 0.000840238295496,
        "dvar2": 0.00158135197125,
        "max": 0.402686417103,
        "mean": 0.139824822545,
        "median": 0.131952136755,
        "min": 0.0442754626274,
        "var": 0.0027997889556
    },
    "barkbands_kurtosis": {
        "dmean": 4.59203672409,
        "dmean2": 7.00988578796,
        "dvar": 103.000289917,
        "dvar2": 222.56477356,
        "max": 139.877822876,
        "mean": 4.69743347168,
        "median": 1.02926301956,
        "min": -1.79055893421,
        "var": 138.626785278
    },
    "barkbands_skewness": {
        "dmean": 0.816488087177,
        "dmean2": 1.18466055393,
        "dvar": 0.811995089054,
        "dvar2": 1.61850881577,
        "max": 10.9672765732,
        "mean": 1.59293472767,
        "median": 1.21189153194,
        "min": -1.83950531483,
        "var": 2.14907240868
    },
    "barkbands_spread": {
        "dmean": 9.54228496552,
        "dmean2": 14.1927452087,
        "dvar": 85.673500061,
        "dvar2": 183.174346924,
        "max": 94.4271850586,
        "mean": 28.5055046082,
        "median": 26.6347560883,
        "min": 0.987075448036,
        "var": 222.260147095
    },
    "dissonance": {
        "dmean": 0.0209638513625,
        "dmean2": 0.0341263860464,
        "dvar": 0.00048730961862,
        "dvar2": 0.00113016192336,
        "max": 0.499953895807,
        "mean": 0.463205963373,
        "median": 0.473161011934,
        "min": 0.271345376968,
        "var": 0.00124337547459
    },
    "dynamic_complexity": 2.26440644264,
    "erbbands_crest": {
        "dmean": 3.11606025696,
        "dmean2": 5.00990200043,
        "dvar": 7.48614358902,
        "dvar2": 17.8154830933,
        "max": 27.1254711151,
        "mean": 8.74011135101,
        "median": 7.8595533371,
        "min": 2.47841000557,
        "var": 16.1071376801
    },
    "erbbands_flatness_db": {
        "dmean": 0.0229175277054,
        "dmean2": 0.0337074100971,
        "dvar": 0.000423547666287,
        "dvar2": 0.000859335472342,
        "max": 0.271017998457,
        "mean": 0.142970263958,
        "median": 0.138114795089,
        "min": 0.0641852095723,
        "var": 0.00156695453916
    },
    "erbbands_kurtosis": {
        "dmean": 1.09101688862,
        "dmean2": 1.69877874851,
        "dvar": 1.89553260803,
        "dvar2": 3.85351252556,
        "max": 20.0140895844,
        "mean": 0.558117747307,
        "median": -0.0399932861328,
        "min": -1.66907668114,
        "var": 3.83706092834
    },
    "erbbands_skewness": {
        "dmean": 0.438149899244,
        "dmean2": 0.64478546381,
        "dvar": 0.145328432322,
        "dvar2": 0.290853142738,
        "max": 3.46317267418,
        "mean": 0.223074227571,
        "median": 0.180730119348,
        "min": -2.48060631752,
        "var": 0.59803378582
    },
    "erbbands_spread": {
        "dmean": 11.2877349854,
        "dmean2": 16.5934028625,
        "dvar": 121.165756226,
        "dvar2": 260.160980225,
        "max": 137.302474976,
        "mean": 40.0677947998,
        "median": 37.083480835,
        "min": 7.58046722412,
        "var": 327.396179199
    },
    "hfc": {
        "dmean": 14.406867981,
        "dmean2": 18.6484870911,
        "dvar": 310.294036865,
        "dvar2": 635.308288574,
        "max": 150.930770874,
        "mean": 26.8959121704,
        "median": 20.299539566,
        "min": 0.456128358841,
        "var": 575.250732422
    },
    "melbands_crest": {
        "dmean": 4.89889287949,
        "dmean2": 7.76606750488,
        "dvar": 18.027639389,
        "dvar2": 39.6906242371,
        "max": 36.1305274963,
        "mean": 18.1000862122,
        "median": 17.5699901581,
        "min": 4.52940130234,
        "var": 52.1414108276
    },
    "melbands_flatness_db": {
        "dmean": 0.039081454277,
        "dmean2": 0.0550196878612,
        "dvar": 0.00128865137231,
        "dvar2": 0.00236260844395,
        "max": 0.482872694731,
        "mean": 0.187408566475,
        "median": 0.175192967057,
        "min": 0.0372947044671,
        "var": 0.00518280593678
    },
    "melbands_kurtosis": {
        "dmean": 13.2801103592,
        "dmean2": 20.2233028412,
        "dvar": 734.710693359,
        "dvar2": 1706.23876953,
        "max": 463.254516602,
        "mean": 17.5372047424,
        "median": 6.66757106781,
        "min": -1.38986873627,
        "var": 973.360595703
    },
    "melbands_skewness": {
        "dmean": 1.2241499424,
        "dmean2": 1.77179205418,
        "dvar": 1.70954048634,
        "dvar2": 3.5313782692,
        "max": 16.335849762,
        "mean": 2.95507359505,
        "median": 2.31954646111,
        "min": -0.786559700966,
        "var": 4.66937017441
    },
    "melbands_spread": {
        "dmean": 11.0189971924,
        "dmean2": 16.5913696289,
        "dvar": 127.274703979,
        "dvar2": 274.199310303,
        "max": 174.635345459,
        "mean": 27.940279007,
        "median": 25.486366272,
        "min": 0.738973915577,
        "var": 334.291168213
    },
    "pitch_salience": {
        "dmean": 0.0961789488792,
        "dmean2": 0.151545345783,
        "dvar": 0.00772830937058,
        "dvar2": 0.0178844109178,
        "max": 0.859695792198,
        "mean": 0.485171705484,
        "median": 0.499652087688,
        "min": 0.0847014859319,
        "var": 0.0204761065543
    },
    "silence_rate_20dB": {
        "dmean": 0,
        "dmean2": 0,
        "dvar": 0,
        "dvar2": 0,
        "max": 1,
        "mean": 1,
        "median": 1,
        "min": 1,
        "var": 0
    },
    "silence_rate_30dB": {
        "dmean": 0.0201238393784,
        "dmean2": 0.0402788519859,
        "dvar": 0.019718600437,
        "dvar2": 0.0510504059494,
        "max": 1,
        "mean": 0.986078858376,
        "median": 1,
        "min": 0,
        "var": 0.0137275513262
    },
    "silence_rate_60dB": {
        "dmean": 0.0216718260199,
        "dmean2": 0.0433772280812,
        "dvar": 0.0212018210441,
        "dvar2": 0.0554384328425,
        "max": 1,
        "mean": 0.0170146953315,
        "median": 0,
        "min": 0,
        "var": 0.0167254451662
    },
    "spectral_centroid": {
        "dmean": 346.717285156,
        "dmean2": 511.331665039,
        "dvar": 108842.09375,
        "dvar2": 227615.875,
        "max": 4352.76757812,
        "mean": 1737.86181641,
        "median": 1718.75610352,
        "min": 232.257507324,
        "var": 420298.25
    },
    "spectral_complexity": {
        "dmean": 7.37074279785,
        "dmean2": 8.86831951141,
        "dvar": 49.4947891235,
        "dvar2": 72.5760650635,
        "max": 59,
        "mean": 21.4408359528,
        "median": 18,
        "min": 1,
        "var": 167.818084717
    },
    "spectral_decrease": {
        "dmean": 4.15428624834e-09,
        "dmean2": 6.25984286629e-09,
        "dvar": 2.92001969246e-17,
        "dvar2": 6.81593780719e-17,
        "max": -1.73919850743e-10,
        "mean": -8.47926351355e-09,
        "median": -6.68433841611e-09,
        "min": -4.80840967043e-08,
        "var": 4.78611433896e-17
    },
    "spectral_energy": {
        "dmean": 0.0166362375021,
        "dmean2": 0.024778990075,
        "dvar": 0.000455960718682,
        "dvar2": 0.00104911567178,
        "max": 0.187007412314,
        "mean": 0.0344422012568,
        "median": 0.0270463619381,
        "min": 0.000775561551563,
        "var": 0.000759027141612
    },
    "spectral_energyband_high": {
        "dmean": 0.00096746959025,
        "dmean2": 0.00130822265055,
        "dvar": 1.7856194745e-06,
        "dvar2": 3.6769745293e-06,
        "max": 0.0112662082538,
        "mean": 0.0014275116846,
        "median": 0.000810006749816,
        "min": 1.62758772149e-06,
        "var": 2.89629110739e-06
    },
    "spectral_energyband_low": {
        "dmean": 0.0109080104157,
        "dmean2": 0.0171019341797,
        "dvar": 0.000298048253171,
        "dvar2": 0.000744835182559,
        "max": 0.162111923099,
        "mean": 0.0179958883673,
        "median": 0.0116425585002,
        "min": 3.3544897633e-06,
        "var": 0.000430836807936
    },
    "spectral_energyband_middle_high": {
        "dmean": 0.00384983676486,
        "dmean2": 0.00510734226555,
        "dvar": 1.82693875104e-05,
        "dvar2": 3.47867899109e-05,
        "max": 0.0375031642616,
        "mean": 0.00702986586839,
        "median": 0.00489877723157,
        "min": 2.16343723878e-05,
        "var": 4.31436637882e-05
    },
    "spectral_energyband_middle_low": {
        "dmean": 0.00648301653564,
        "dmean2": 0.0105896806344,
        "dvar": 0.000108530199213,
        "dvar2": 0.000292302866001,
        "max": 0.0777947232127,
        "mean": 0.0089420247823,
        "median": 0.00598661415279,
        "min": 0.000104216502223,
        "var": 0.000101723671833
    },
    "spectral_entropy": {
        "dmean": 0.184710949659,
        "dmean2": 0.257541805506,
        "dvar": 0.0297005213797,
        "dvar2": 0.0539055131376,
        "max": 8.54674053192,
        "mean": 7.79649209976,
        "median": 7.84482049942,
        "min": 6.26031446457,
        "var": 0.115514039993
    },
    "spectral_flux": {
        "dmean": 0.0380911119282,
        "dmean2": 0.0558700747788,
        "dvar": 0.00170353346039,
        "dvar2": 0.00336381164379,
        "max": 0.363526076078,
        "mean": 0.111195199192,
        "median": 0.0997049733996,
        "min": 0.0112259602174,
        "var": 0.00365786254406
    },
    "spectral_kurtosis": {
        "dmean": 1.23971641064,
        "dmean2": 2.01050782204,
        "dvar": 3.05864810944,
        "dvar2": 8.44853305817,
        "max": 23.5605506897,
        "mean": 3.08381938934,
        "median": 2.75224542618,
        "min": -0.440537929535,
        "var": 3.93976736069
    },
    "spectral_rms": {
        "dmean": 0.0013268108014,
        "dmean2": 0.00189157610293,
        "dvar": 1.92581910596e-06,
        "dvar2": 4.12358349422e-06,
        "max": 0.0135072665289,
        "mean": 0.00537514174357,
        "median": 0.00513679813594,
        "min": 0.000869853654876,
        "var": 4.70996747026e-06
    },
    "spectral_rolloff": {
        "dmean": 749.579650879,
        "dmean2": 1218.08447266,
        "dvar": 1149999.25,
        "dvar2": 2518790,
        "max": 12080.1269531,
        "mean": 1654.14172363,
        "median": 1378.125,
        "min": 64.599609375,
        "var": 2379225.75
    },
    "spectral_skewness": {
        "dmean": 0.208713427186,
        "dmean2": 0.324187070131,
        "dvar": 0.045101609081,
        "dvar2": 0.11225669831,
        "max": 3.44966340065,
        "mean": 1.35789561272,
        "median": 1.34112155437,
        "min": 0.377085417509,
        "var": 0.112237066031
    },
    "spectral_spread": {
        "dmean": 796730.9375,
        "dmean2": 1137761,
        "dvar": 690260869120,
        "dvar2": 1.40595311411e+12,
        "max": 13265037,
        "mean": 5173789.5,
        "median": 4965084,
        "min": 2076117.125,
        "var": 2.01621648179e+12
    },
    "spectral_strongpeak": {
        "dmean": 0.462436258793,
        "dmean2": 0.799701273441,
        "dvar": 0.679382562637,
        "dvar2": 1.80593621731,
        "max": 7.42997026443,
        "mean": 0.646104216576,
        "median": 0.308993041515,
        "min": 0,
        "var": 0.727033615112
    },
    "zerocrossingrate": {
        "dmean": 0.0158744323999,
        "dmean2": 0.0179937873036,
        "dvar": 0.000189601574675,
        "dvar2": 0.000232827049331,
        "max": 0.27001953125,
        "mean": 0.068177729845,
        "median": 0.064453125,
        "min": 0.00341796875,
        "var": 0.00125996174756
    },
    "barkbands": {
        "dmean": [0.00091858394444, 0.00869675260037, 0.00240484904498, 0.00200985139236, 0.00187157047912, 0.00072104454739, 0.0010025681695, 0.00112304335926, 0.00140980130527, 0.000716668029781, 0.000880712061189, 0.000574837438762, 0.000815236242488, 0.000635168631561, 0.000510769896209, 0.000427268183557, 0.000364955514669, 0.000270056916634, 0.000317035330227, 0.0002140802535, 0.000200200302061, 0.000159082293976, 0.000142329270602, 0.000266826100415, 0.000159308561706, 5.44662980246e-05, 5.41239906227e-08],
        "dmean2": [0.00142760074232, 0.0139658460394, 0.00427149469033, 0.00366566190496, 0.00320657179691, 0.00121564918663, 0.00166387064382, 0.00188235065434, 0.00219147186726, 0.00110915885307, 0.00134653248824, 0.000900946964975, 0.0012553203851, 0.000982683268376, 0.000780382542871, 0.000653818191495, 0.000541286950465, 0.000393955619074, 0.000455618632259, 0.000307181151584, 0.000282698369119, 0.000225695155677, 0.000202290932066, 0.000385826831916, 0.00024109298829, 8.47525298013e-05, 1.00149989635e-07],
        "dvar": [3.07720983983e-06, 0.000215263600694, 4.29208957939e-05, 2.7870242775e-05, 1.80054121302e-05, 1.84154509952e-06, 4.32630349678e-06, 4.67200652565e-06, 5.66451626582e-06, 2.86794875137e-06, 2.60326919488e-06, 1.11003134862e-06, 2.31678677665e-06, 1.56781072747e-06, 9.66480683928e-07, 4.89305193696e-07, 2.88349923494e-07, 1.53011896487e-07, 1.88657494959e-07, 1.05293572972e-07, 8.06461173397e-08, 5.31882236032e-08, 6.010118625e-08, 2.06981511042e-07, 7.74102844048e-08, 1.16868923428e-08, 6.12773314078e-14],
        "dvar2": [7.44952239984e-06, 0.000576277263463, 0.000114816444693, 7.93067592895e-05, 4.91875325679e-05, 4.92957133247e-06, 1.13175037768e-05, 1.13792502816e-05, 1.31248443722e-05, 6.33809577266e-06, 5.97161442784e-06, 2.5808301416e-06, 5.2861551012e-06, 3.80404253519e-06, 2.26650172408e-06, 1.15712191473e-06, 5.73527472625e-07, 2.98626133599e-07, 4.06522673302e-07, 2.34454432757e-07, 1.71938438598e-07, 1.03202665969e-07, 1.30238561269e-07, 4.68111835517e-07, 1.84566218309e-07, 2.86600840838e-08, 1.74036769696e-13],
        "max": [0.0251967851073, 0.139477491379, 0.0564200617373, 0.0443319007754, 0.0389734245837, 0.0140989758074, 0.0222884658724, 0.0221907868981, 0.0216799974442, 0.0215060915798, 0.0200411882252, 0.00995071791112, 0.0211591552943, 0.0184106267989, 0.0120495222509, 0.00698809605092, 0.00645281327888, 0.00724602909759, 0.00413147406653, 0.00636266265064, 0.00324138393626, 0.0025288562756, 0.00333289755508, 0.00411124760285, 0.00289289373904, 0.00113293307368, 3.6379899484e-06],
        "mean": [0.00164061668329, 0.0137302652001, 0.00192225445062, 0.0017498540692, 0.00177228427492, 0.000841679924633, 0.00107318989467, 0.0012952449033, 0.00174947769847, 0.000876315229107, 0.00115907436702, 0.000716373848263, 0.000946737418417, 0.000744708580896, 0.000665232073516, 0.000538435415365, 0.000510067446157, 0.000409656699048, 0.000497684814036, 0.000341893464793, 0.000293056305964, 0.000228586781304, 0.000188647492905, 0.000312860822305, 0.000183336582268, 5.46861083421e-05, 3.28613509737e-08],
        "median": [0.000602405751124, 0.00949110649526, 0.000263987691142, 0.000580414081924, 0.000556812097784, 0.000338826008374, 0.000343209772836, 0.000382529455237, 0.000648242246825, 0.0002778134658, 0.000347085035173, 0.00019000613247, 0.000272575649433, 0.000230466655921, 0.000205744174309, 0.000212732251384, 0.000228159304243, 0.000194944877876, 0.000223854760407, 0.000185133685591, 0.000143341938383, 0.000102208919998, 8.22174915811e-05, 0.000121693105029, 7.54360298743e-05, 1.46451147884e-05, 5.24847387773e-10],
        "min": [1.50956992684e-07, 1.36582258392e-07, 2.0406187673e-07, 1.46900987374e-07, 1.88475530649e-06, 2.9311797789e-07, 1.82689882422e-06, 2.40631180759e-07, 6.43935152311e-07, 8.27697931527e-07, 1.38127143146e-06, 4.91449611673e-07, 9.481715324e-07, 3.24224231463e-07, 4.88783143737e-07, 5.87251349771e-07, 8.67784820002e-07, 1.64471657627e-07, 2.94687538371e-07, 2.84523650862e-07, 7.76940453306e-07, 1.95998794084e-07, 8.35303808344e-08, 1.35878708285e-09, 8.6086053841e-09, 1.73413835375e-11, 1.11882352341e-11],
        "var": [7.35608637115e-06, 0.000269516953267, 3.0515693652e-05, 1.76718731382e-05, 1.33017947519e-05, 1.88983028693e-06, 4.49092704002e-06, 6.27993540547e-06, 7.75745502324e-06, 3.47939044332e-06, 4.28588737122e-06, 1.597127266e-06, 3.13535178975e-06, 1.94186213776e-06, 1.39826806844e-06, 6.77668822391e-07, 5.37463961336e-07, 3.14227065701e-07, 4.10252312122e-07, 1.8747154229e-07, 1.37981075454e-07, 9.76441043576e-08, 7.90562637576e-08, 2.55007421401e-07, 8.46137666599e-08, 1.18851293252e-08, 3.55382295315e-14]
    },
    "erbbands": {
        "dmean": [0.320443928242, 1.79497933388, 2.88911223412, 5.09241676331, 7.33984279633, 5.32678556442, 4.84763145447, 6.42549324036, 10.1410903931, 22.6662597656, 24.4011631012, 32.8920173645, 26.6487312317, 19.4535255432, 31.7242641449, 26.8857479095, 33.8137893677, 34.3495140076, 24.2659816742, 30.1634159088, 19.3619270325, 20.1767425537, 13.4535274506, 16.6809196472, 14.2982978821, 10.268237114, 9.23002433777, 6.99386453629, 5.86138486862, 4.61005020142, 4.1730427742, 6.33088254929, 3.644053936, 2.13494729996, 0.979580163956, 0.320524007082, 0.0891368836164, 0.00827565509826, 0.000167957769008, 2.76885148196e-05],
        "dmean2": [0.49384739995, 3.01371955872, 4.99940490723, 9.24228858948, 12.9550180435, 9.03324890137, 8.36824893951, 10.7674674988, 16.7077732086, 37.2586326599, 40.102142334, 51.2837753296, 40.3478507996, 29.6893253326, 47.7640228271, 41.3438644409, 51.1355171204, 51.4228363037, 36.7994003296, 45.396938324, 28.7752132416, 29.4149589539, 19.1467781067, 24.4013366699, 20.3967151642, 14.7121887207, 13.2648820877, 9.82359027863, 8.33130168915, 6.56004667282, 5.93716287613, 9.09761238098, 5.33194446564, 3.23078680038, 1.48716032505, 0.507101774216, 0.140714079142, 0.0132936360314, 0.000261121836957, 4.04758538934e-05],
        "dvar": [0.251347839832, 11.3561592102, 47.6821327209, 203.301132202, 263.428741455, 165.648300171, 109.077033997, 150.067703247, 485.997192383, 2070.09204102, 2569.0144043, 3539.73657227, 3339.82324219, 1393.55700684, 3233.9465332, 2375.33813477, 3933.85839844, 4910.10351562, 1919.72558594, 3738.86254883, 902.857299805, 955.948730469, 444.910858154, 579.178466797, 363.082763672, 267.585693359, 167.218841553, 106.064941406, 75.0163269043, 64.7276382446, 51.2039642334, 128.819473267, 34.6717758179, 13.0990200043, 3.34225225449, 0.396114587784, 0.033886063844, 0.00031607420533, 1.18646326541e-07, 1.53636370293e-09],
        "dvar2": [0.606000423431, 31.5886764526, 125.838256836, 576.091308594, 729.556091309, 449.436920166, 300.101654053, 401.583190918, 1220.16845703, 5271.6171875, 6321.39355469, 8324.69433594, 7209.67871094, 3247.42382812, 7537.33837891, 5487.89013672, 8765.14160156, 11600.6962891, 4333.39746094, 9277.1640625, 2049.16503906, 1947.58215332, 837.089172363, 1356.29614258, 759.103393555, 603.561218262, 357.926025391, 214.243362427, 147.831878662, 141.183258057, 109.420158386, 289.054901123, 79.015625, 31.1386394501, 8.25211715698, 0.970048546791, 0.0850393027067, 0.000774426735006, 2.89436684398e-07, 3.44097839111e-09],
        "max": [4.39124441147, 35.4850158691, 58.5633811951, 119.913543701, 139.357940674, 128.812469482, 137.839004517, 118.356292725, 346.410461426, 536.285705566, 540.343566895, 671.085021973, 810.335754395, 543.833129883, 715.340454102, 402.367828369, 842.91809082, 1121.69189453, 518.457336426, 868.05480957, 424.155303955, 405.847930908, 455.011474609, 245.67489624, 193.296173096, 329.681030273, 131.153671265, 136.599533081, 102.091514587, 124.778266907, 78.8563995361, 100.570358276, 63.8303031921, 30.1012134552, 20.5247802734, 6.83076238632, 1.8400220871, 0.156912133098, 0.00329646631144, 0.00035065060365],
        "mean": [0.567530989647, 2.33964180946, 2.74462294579, 4.18612146378, 6.67506980896, 5.04868364334, 5.58256959915, 7.23548984528, 10.9851570129, 27.5351829529, 28.4888801575, 40.5521507263, 34.7972793579, 26.1691894531, 43.0671806335, 34.8466072083, 41.6662635803, 43.3163986206, 30.7212505341, 39.5663261414, 27.3950481415, 28.8110351562, 21.1468219757, 26.7401065826, 23.0263805389, 16.4235954285, 13.5396347046, 10.3212881088, 8.46419429779, 6.21207237244, 5.54800987244, 7.2765583992, 4.37066221237, 2.46042490005, 1.06765925884, 0.336576521397, 0.0843052715063, 0.00745798461139, 0.000172864354681, 5.17768603459e-05],
        "median": [0.354192525148, 1.34541380405, 0.69325363636, 1.25389194489, 2.31065225601, 1.54145681858, 1.86721646786, 2.81649947166, 3.68600940704, 8.77042007446, 10.2580509186, 14.2026119232, 15.1077280045, 11.2379846573, 15.075299263, 10.8371782303, 14.0139656067, 12.7046537399, 10.6821546555, 13.82026577, 12.9148759842, 13.3721084595, 11.3055877686, 13.2482557297, 11.7515668869, 8.87096595764, 6.52327442169, 5.07206726074, 3.82971358299, 2.64851808548, 2.27388334274, 2.65048885345, 1.86303400993, 1.04231035709, 0.365478873253, 0.105464659631, 0.0192608144134, 0.00129928824026, 5.38970198249e-05, 3.8276783016e-05],
        "min": [6.95124117556e-06, 7.82366114436e-05, 0.000796737207565, 0.00233180588111, 0.00316841667518, 0.0117076914757, 0.0137858567759, 0.00556127121672, 0.0211267694831, 0.0222369190305, 0.00727979792282, 0.0147623699158, 0.0203393679112, 0.035787589848, 0.036805909127, 0.0283214468509, 0.0744882300496, 0.0295444373041, 0.0314136967063, 0.027746161446, 0.0413571633399, 0.0675373151898, 0.0337572842836, 0.0134408138692, 0.0160503126681, 0.0128878699616, 0.0229062065482, 0.00936187338084, 0.00902597326785, 0.00761467218399, 0.00198420393281, 0.00108877022285, 0.000267962110229, 0.000129224659759, 3.81939316867e-05, 1.09950115075e-05, 1.93203982235e-06, 1.31990475438e-07, 1.13143426006e-06, 1.11273129733e-06],
        "var": [0.440706580877, 10.9949378967, 38.5887641907, 126.51599884, 181.941711426, 127.752708435, 123.91783905, 143.126464844, 509.834014893, 2566.90136719, 3000.90576172, 4651.88525391, 4409.01220703, 1797.91625977, 5435.85058594, 3461.30004883, 5396.19970703, 7065.12158203, 2565.44189453, 4925.10009766, 1420.22119141, 1747.85766602, 859.8828125, 1178.01855469, 804.283081055, 450.305633545, 288.626190186, 192.703292847, 137.690368652, 84.3085098267, 68.8845901489, 156.174118042, 43.9462623596, 14.8300876617, 3.38467693329, 0.402484476566, 0.0322044640779, 0.000294480501907, 1.1521601806e-07, 2.19736406848e-09]
    },
    "gfcc": {
        "mean": [19.3562736511, 73.3545227051, -119.722511292, 40.6386375427, -59.1118927002, 31.2273082733, -32.6948699951, 24.69647789, -20.0793972015, 8.13155841827, -11.6527280807, -0.399425685406, -7.51911115646],
        "cov": [[3955.95556641, -663.795349121, -69.8894729614, -30.0974845886, -2.73090600967, 207.369674683, -133.937484741, 88.1061248779, -165.076171875, 140.380157471, -179.699325562, 15.9675569534, -180.007598877], [-663.795349121, 817.958679199, 102.765647888, 82.7187728882, 170.651550293, -24.5618991852, 128.130325317, -69.8043365479, 180.830551147, -55.3913993835, 81.0889892578, -26.0062007904, 61.6822090149], [-69.8894729614, 102.765647888, 836.81463623, 228.702468872, 121.722801208, 136.883361816, -85.8374481201, 32.896232605, 69.9932785034, 9.1285161972, -2.33538746834, 80.4135437012, 9.59894657135], [-30.0974845886, 82.7187728882, 228.702468872, 440.617401123, 233.596099854, 42.2511901855, 27.6922035217, -7.59698820114, 88.620010376, 16.0304279327, 29.0326557159, 4.27248859406, 50.6014137268], [-2.73090600967, 170.651550293, 121.722801208, 233.596099854, 459.093597412, 97.4008026123, 59.1421470642, 24.5157089233, 77.3607406616, 58.555305481, -2.05418348312, 6.6861577034, 22.3189105988], [207.369674683, -24.5618991852, 136.883361816, 42.2511901855, 97.4008026123, 219.001434326, 61.7201576233, 29.0155220032, 14.5034742355, 17.6117897034, 14.1736040115, 16.3648071289, 13.5591135025], [-133.937484741, 128.130325317, -85.8374481201, 27.6922035217, 59.1421470642, 61.7201576233, 303.266723633, 77.0556335449, 2.95931696892, -11.4930810928, 50.082988739, 17.8119945526, 13.8809709549], [88.1061248779, -69.8043365479, 32.896232605, -7.59698820114, 24.5157089233, 29.0155220032, 77.0556335449, 187.928833008, 32.4115257263, 18.3505516052, 12.4975318909, 3.53320384026, 13.2171955109], [-165.076171875, 180.830551147, 69.9932785034, 88.620010376, 77.3607406616, 14.5034742355, 2.95931696892, 32.4115257263, 189.460906982, 30.3870124817, 27.6315059662, -9.51411724091, 29.7963485718], [140.380157471, -55.3913993835, 9.1285161972, 16.0304279327, 58.555305481, 17.6117897034, -11.4930810928, 18.3505516052, 30.3870124817, 127.210861206, 17.6226139069, -0.32184484601, -15.4940843582], [-179.699325562, 81.0889892578, -2.33538746834, 29.0326557159, -2.05418348312, 14.1736040115, 50.082988739, 12.4975318909, 27.6315059662, 17.6226139069, 109.117599487, 17.1582698822, 23.0882263184], [15.9675569534, -26.0062007904, 80.4135437012, 4.27248859406, 6.6861577034, 16.3648071289, 17.8119945526, 3.53320384026, -9.51411724091, -0.32184484601, 17.1582698822, 106.081138611, 23.4102745056], [-180.007598877, 61.6822090149, 9.59894657135, 50.6014137268, 22.3189105988, 13.5591135025, 13.8809709549, 13.2171955109, 29.7963485718, -15.4940843582, 23.0882263184, 23.4102745056, 107.45450592]],
        "icov": [[0.000404377351515, -0.000150505453348, 0.000338810903486, -0.000437049719039, 0.00028781031142, -0.000755399116315, 0.000465661898488, -0.00055143336067, 0.000428090774221, -0.000504417053889, 0.000755305110943, -0.000548891199287, 0.000748420134187], [-0.000150505453348, 0.00389852398075, -0.0016339821741, 0.00232757627964, -0.0022322437726, 0.0026095516514, -0.00288970721886, 0.0036363012623, -0.00377105176449, 0.00261831493117, -0.00275826081634, 0.00277579529211, -0.00196859473363], [0.000338810903486, -0.0016339821741, 0.00290533876978, -0.00237681251019, 0.00129049445968, -0.00286394264549, 0.00259331683628, -0.00252089067362, 0.0013432825217, -0.000898247933947, 0.0017971068155, -0.00321792368777, 0.00224660220556], [-0.000437049719039, 0.00232757627964, -0.00237681251019, 0.00583297014236, -0.0033329394646, 0.003000151366, -0.00265366211534, 0.00348269869573, -0.00308837322518, 0.00207958463579, -0.00305570568889, 0.0032239316497, -0.0032641782891], [0.00028781031142, -0.0022322437726, 0.00129049445968, -0.0033329394646, 0.00503208721057, -0.00300276745111, 0.00134980143048, -0.00234530866146, 0.00168818817474, -0.00307863205671, 0.00326837645844, -0.00215944251977, 0.00152173731476], [-0.000755399116315, 0.0026095516514, -0.00286394264549, 0.003000151366, -0.00300276745111, 0.00902587454766, -0.00400686403736, 0.00324978586286, -0.00257556373253, 0.00176170025952, -0.00323123857379, 0.00320190843195, -0.00335281854495], [0.000465661898488, -0.00288970721886, 0.00259331683628, -0.00265366211534, 0.00134980143048, -0.00400686403736, 0.00747807137668, -0.00515771564096, 0.00335967051797, -0.00080495281145, 0.000604418688454, -0.00364177348092, 0.00296632759273], [-0.00055143336067, 0.0036363012623, -0.00252089067362, 0.00348269869573, -0.00234530866146, 0.00324978586286, -0.00515771564096, 0.0104569979012, -0.00475458241999, 0.00167694943957, -0.00277474615723, 0.00373715138994, -0.00362663459964], [0.000428090774221, -0.00377105176449, 0.0013432825217, -0.00308837322518, 0.00168818817474, -0.00257556373253, 0.00335967051797, -0.00475458241999, 0.0106493895873, -0.00394734647125, 0.0017407865962, -0.00150674721226, 0.000773417472374], [-0.000504417053889, 0.00261831493117, -0.000898247933947, 0.00207958463579, -0.00307863205671, 0.00176170025952, -0.00080495281145, 0.00167694943957, -0.00394734647125, 0.0118896821514, -0.00475219683722, 0.00164834607858, 0.000538752123248], [0.000755305110943, -0.00275826081634, 0.0017971068155, -0.00305570568889, 0.00326837645844, -0.00323123857379, 0.000604418688454, -0.00277474615723, 0.0017407865962, -0.00475219683722, 0.0146588422358, -0.00412975391373, 0.000701241311617], [-0.000548891199287, 0.00277579529211, -0.00321792368777, 0.0032239316497, -0.00215944251977, 0.00320190843195, -0.00364177348092, 0.00373715138994, -0.00150674721226, 0.00164834607858, -0.00412975391373, 0.014328722842, -0.00526721496135], [0.000748420134187, -0.00196859473363, 0.00224660220556, -0.0032641782891, 0.00152173731476, -0.00335281854495, 0.00296632759273, -0.00362663459964, 0.000773417472374, 0.000538752123248, 0.000701241311617, -0.00526721496135, 0.0140564674512]]
    },
    "melbands": {
        "dmean": [0.00258377077989, 0.0017780920025, 0.000945320178289, 0.000468319776701, 0.000172447835212, 0.000142541815876, 0.000166628393345, 0.000244939525146, 0.000218725588638, 0.000197912857402, 0.000131614855491, 7.53302520025e-05, 0.000129350781208, 5.64576002944e-05, 7.92442515376e-05, 7.7845150372e-05, 6.40974612907e-05, 4.18671406806e-05, 3.82454782084e-05, 3.72737340513e-05, 2.24791692744e-05, 2.27936307056e-05, 1.56180176418e-05, 1.32862678583e-05, 1.44557106978e-05, 1.22505380205e-05, 8.75763453223e-06, 6.81263099978e-06, 5.9794479057e-06, 5.31687965122e-06, 3.87049340134e-06, 3.66343124369e-06, 2.77942513094e-06, 2.6124928354e-06, 2.39934274759e-06, 2.82591145151e-06, 4.39811765318e-06, 2.71872272606e-06, 2.08728329198e-06, 1.77575464022e-06],
        "dmean2": [0.00406533991918, 0.00300680869259, 0.00170446920674, 0.000805888383184, 0.000295219011605, 0.000237628206378, 0.00027671654243, 0.000403100129915, 0.0003572042624, 0.000308820890496, 0.000200502661755, 0.000116178882308, 0.000197694782401, 8.6169813585e-05, 0.000119575146527, 0.000119283504318, 9.77468589554e-05, 6.48049390293e-05, 5.87613321841e-05, 5.65507216379e-05, 3.37617057085e-05, 3.40225633408e-05, 2.32340062212e-05, 1.97214303626e-05, 2.17193810386e-05, 1.75919867615e-05, 1.25986562125e-05, 1.0037143511e-05, 8.84635574039e-06, 7.90856756794e-06, 5.53372137801e-06, 5.32028525413e-06, 4.01056104238e-06, 3.81082941203e-06, 3.48321896126e-06, 4.05065338782e-06, 6.5223657657e-06, 4.04446882385e-06, 3.13071473101e-06, 2.75432239505e-06],
        "dvar": [1.68811839103e-05, 1.28474102894e-05, 5.69794337935e-06, 1.17152171697e-06, 1.3594276993e-07, 7.07463954086e-08, 1.21965399558e-07, 2.3298370877e-07, 2.0816145252e-07, 1.26513043597e-07, 8.4498481101e-08, 2.64334474309e-08, 5.94122759878e-08, 9.66057811524e-09, 2.50568668037e-08, 2.21933156297e-08, 1.70892722196e-08, 5.87159121324e-09, 5.35034638816e-09, 4.6173851409e-09, 1.24323307205e-09, 1.3661592968e-09, 6.78840095247e-10, 4.35072672333e-10, 4.75484929208e-10, 2.82741496882e-10, 1.31131341896e-10, 1.66118549472e-10, 7.63019092354e-11, 7.18708564884e-11, 3.39191175147e-11, 3.21742389675e-11, 1.78412944141e-11, 2.47352433674e-11, 1.99047618665e-11, 1.96640256162e-11, 7.30374510871e-11, 1.96191760754e-11, 1.16531471972e-11, 9.87716419071e-12],
        "dvar2": [4.34568901255e-05, 3.37191013386e-05, 1.59399805852e-05, 3.20761409967e-06, 3.74119963453e-07, 1.87385808204e-07, 3.12305672878e-07, 5.8631377442e-07, 5.02452337514e-07, 2.97159090223e-07, 1.81398206678e-07, 6.20728357603e-08, 1.37216659368e-07, 2.13109263569e-08, 5.63844508861e-08, 5.05815087593e-08, 4.01609803191e-08, 1.3480427441e-08, 1.29452351061e-08, 1.10784874607e-08, 2.88680634952e-09, 2.81271450575e-09, 1.25928112382e-09, 9.65422852772e-10, 1.1528636934e-09, 6.02344008005e-10, 2.88591928133e-10, 3.94642069024e-10, 1.63623115057e-10, 1.59925239718e-10, 6.56033838364e-11, 6.71933550467e-11, 3.56636213616e-11, 5.74490593985e-11, 4.45791910331e-11, 4.02038055625e-11, 1.71766045831e-10, 4.45398058713e-11, 2.80291918148e-11, 2.35611478244e-11],
        "max": [0.036776278168, 0.0344372466207, 0.019164474681, 0.00976705830544, 0.00480586895719, 0.00249393703416, 0.00487064383924, 0.00612708833069, 0.00518069090322, 0.00388103630394, 0.00406748102978, 0.00251647178084, 0.00313302432187, 0.000981566030532, 0.0030230958946, 0.00177189486567, 0.00195761374198, 0.000802476366516, 0.000887709902599, 0.000761090544984, 0.000511584512424, 0.000519691791851, 0.000450092833489, 0.000306259142235, 0.000232237784076, 0.00015505720512, 0.000109691231046, 0.000294694880722, 0.000103147423943, 0.00011070875189, 8.37804327602e-05, 6.90948872943e-05, 4.35705478594e-05, 8.27483308967e-05, 5.32952544745e-05, 3.7288376916e-05, 8.78103455761e-05, 5.23283670191e-05, 3.61747734132e-05, 2.80300901068e-05],
        "mean": [0.004367032554, 0.00202854466625, 0.000822395726573, 0.0004353611439, 0.00019512034487, 0.000163884629728, 0.00017989713524, 0.000300495012198, 0.000255437422311, 0.000244571216172, 0.000167446778505, 9.59607496043e-05, 0.000169958308106, 7.56315057515e-05, 9.55679861363e-05, 9.39986421145e-05, 7.73736173869e-05, 4.82982177346e-05, 5.00252535858e-05, 4.61827439722e-05, 2.9320253816e-05, 3.10012219416e-05, 2.15638465306e-05, 1.99197747861e-05, 2.18097320612e-05, 1.84519576578e-05, 1.35919290187e-05, 1.01419063867e-05, 8.56075803313e-06, 7.24558822185e-06, 5.61199658478e-06, 5.10294057676e-06, 3.73964667233e-06, 3.27935254063e-06, 3.05889943775e-06, 3.50957679984e-06, 4.80174549011e-06, 3.17970670949e-06, 2.42299643105e-06, 1.95102552425e-06],
        "median": [0.00289428280666, 0.00088210508693, 0.00029435986653, 0.000135663387482, 6.96556162438e-05, 6.34038588032e-05, 5.92635042267e-05, 9.40624668146e-05, 8.42019217089e-05, 8.95903285709e-05, 6.76382042002e-05, 3.81922691304e-05, 5.00296046084e-05, 2.31025569519e-05, 2.80822550849e-05, 2.66164643108e-05, 2.15322870645e-05, 1.3333699826e-05, 1.59676365001e-05, 1.65634028235e-05, 1.25749975268e-05, 1.31914430312e-05, 9.63859201875e-06, 9.47499665926e-06, 1.01098694358e-05, 8.42586905492e-06, 7.07968956704e-06, 5.05276193508e-06, 4.05098580814e-06, 3.31015644406e-06, 2.47333741754e-06, 2.10094981412e-06, 1.69225256741e-06, 1.31408444304e-06, 1.2727145986e-06, 1.38774441893e-06, 1.6299508161e-06, 1.33657943024e-06, 1.03099660009e-06, 7.77502918936e-07],
        "min": [5.53600969511e-08, 3.92778218838e-07, 2.59081332388e-07, 8.17835086764e-07, 4.30030183907e-07, 8.60840856376e-08, 3.14251508371e-07, 2.08268446045e-07, 5.99901852638e-08, 9.16756519587e-08, 1.06153997592e-07, 1.28855617731e-07, 1.49855964082e-07, 5.81631347529e-08, 7.10037397766e-08, 1.05114303039e-07, 4.28939053165e-08, 4.13506562325e-08, 3.37236656378e-08, 2.32521362165e-08, 3.15832409115e-08, 5.01031713895e-08, 5.45514104999e-08, 9.92750504025e-09, 9.9901686923e-09, 1.0394343164e-08, 9.45046441103e-09, 3.48322681809e-09, 6.69536559528e-09, 1.02708686001e-08, 2.89100876572e-09, 3.40421024703e-09, 4.20606527385e-09, 1.9957624442e-09, 3.28633453783e-10, 1.40581530791e-11, 5.56183484685e-12, 1.76798974766e-11, 4.50450917885e-12, 9.87415843534e-11],
