{
"highlevel": {
    "danceability": {
        "all": {
            "danceable": 0.184761598706,
            "not_danceable": 0.815238416195
        },
        "probability": 0.815238416195,
        "value": "not_danceable"
    },
    "gender": {
        "all": {
            "female": 0.0427765436471,
            "male": 0.957223474979
        },
        "probability": 0.957223474979,
        "value": "male"
    },
    "genre_dortmund": {
        "all": {
            "alternative": 0.146387368441,
            "blues": 0.0369253270328,
            "electronic": 0.00736266840249,
            "folkcountry": 0.0319957025349,
            "funksoulrnb": 0.0083849132061,
            "jazz": 0.0103994682431,
            "pop": 0.0289065912366,
            "raphiphop": 0.00138076581061,
            "rock": 0.72825717926
        },
        "probability": 0.72825717926,
        "value": "rock"
    },
    "genre_electronic": {
        "all": {
            "ambient": 0.414232641459,
            "dnb": 0.190432608128,
            "house": 0.0483361184597,
            "techno": 0.0182159729302,
            "trance": 0.32878267765
        },
        "probability": 0.414232641459,
        "value": "ambient"
    },
    "genre_rosamerica": {
        "all": {
            "cla": 0.000517969951034,
            "dan": 0.00176650530193,
            "hip": 0.00131663237698,
            "jaz": 0.000351825088728,
            "pop": 0.0285611469299,
            "rhy": 0.000672957918141,
            "roc": 0.966361582279,
            "spe": 0.000451377476566
        },
        "probability": 0.966361582279,
        "value": "roc"
    },
    "genre_tzanetakis": {
        "all": {
            "blu": 0.0626541376114,
            "cla": 0.0348133966327,
            "cou": 0.0783501937985,
            "dis": 0.104547761381,
            "hip": 0.15693578124,
            "jaz": 0.313987255096,
            "met": 0.044816005975,
            "pop": 0.0627349764109,
            "reg": 0.0627352520823,
            "roc": 0.0784252434969
        },
        "probability": 0.313987255096,
        "value": "jaz"
    },
    "ismir04_rhythm": {
        "all": {
            "ChaChaCha": 0.0329192392528,
            "Jive": 0.774148464203,
            "Quickstep": 0.0297761131078,
            "Rumba-American": 0.00453442987055,
            "Rumba-International": 0.0144574800506,
            "Rumba-Misc": 0.00292404624633,
            "Samba": 0.0937421247363,
            "Tango": 0.0102627985179,
            "VienneseWaltz": 0.0330393351614,
            "Waltz": 0.00419597746804
        },
        "probability": 0.774148464203,
        "value": "Jive"
    },
    "mood_acoustic": {
        "all": {
            "acoustic": 0.00846739113331,
            "not_acoustic": 0.991532623768
        },
        "probability": 0.991532623768,
        "value": "not_acoustic"
    },
    "mood_aggressive": {
        "all": {
            "aggressive": 0.97734439373,
            "not_aggressive": 0.0226556137204
        },
        "probability": 0.97734439373,
        "value": "aggressive"
    },
    "mood_electronic": {
        "all": {
            "electronic": 0.1641163975,
            "not_electronic": 0.835883617401
        },
        "probability": 0.835883617401,
        "value": "not_electronic"
    },
    "mood_happy": {
        "all": {
            "happy": 0.626138567924,
            "not_happy": 0.373861461878
        },
        "probability": 0.626138567924,
        "value": "happy"
    },
    "mood_party": {
        "all": {
            "not_party": 0.57356852293,
            "party": 0.42643147707
        },
        "probability": 0.57356852293,
        "value": "not_party"
    },
    "mood_relaxed": {
        "all": {
            "not_relaxed": 0.990377902985,
            "relaxed": 0.00962211750448
        },
        "probability": 0.990377902985,
        "value": "not_relaxed"
    },
    "mood_sad": {
        "all": {
            "not_sad": 0.875174582005,
            "sad": 0.124825388193
        },
        "probability": 0.875174582005,
        "value": "not_sad"
    },
    "moods_mirex": {
        "all": {
            "Cluster1": 0.63920789957,
            "Cluster2": 0.0650861784816,
            "Cluster3": 0.105632193387,
            "Cluster4": 0.0212132912129,
            "Cluster5": 0.168860450387
        },
        "probability": 0.63920789957,
        "value": "Cluster1"
    },
    "timbre": {
        "all": {
            "bright": 0.91325879097,
            "dark": 0.0867412239313
        },
        "probability": 0.91325879097,
        "value": "bright"
    },
    "tonal_atonal": {
        "all": {
            "atonal": 0.0101421736181,
            "tonal": 0.989857852459
        },
        "probability": 0.989857852459,
        "value": "tonal"
    },
    "voice_instrumental": {
        "all": {
            "instrumental": 0.00459895981476,
            "voice": 0.995401024818
        },
        "probability": 0.995401024818,
        "value": "voice"
    }
},
"lowlevel": {
    "average_loudness": 0.974112033844,
    "barkbands_crest": {
        "dmean": 2.31968426704,
        "dmean2": 3.78570652008,
        "dvar": 4.39383602142,
        "dvar2": 11.5805397034,
        "max": 21.6222400665,
        "mean": 8.78456020355,
        "median": 8.269323349,
        "min": 2.71467351913,
        "var": 9.55577278137
    },
    "barkbands_flatness_db": {
        "dmean": 0.0168474484235,
        "dmean2": 0.0263640023768,
        "dvar": 0.000238347711274,
        "dvar2": 0.000592512020376,
        "max": 0.261593550444,
        "mean": 0.125695601106,
        "median": 0.117318883538,
        "min": 0.0662022680044,
        "var": 0.0012463463936
    },
    "barkbands_kurtosis": {
        "dmean": 1.45769512653,
        "dmean2": 2.37261295319,
        "dvar": 4.48896551132,
        "dvar2": 11.5870380402,
        "max": 20.1084079742,
        "mean": 0.957035899162,
        "median": 0.243750572205,
        "min": -1.80360805988,
        "var": 6.88445901871
    },
    "barkbands_skewness": {
        "dmean": 0.453651875257,
        "dmean2": 0.70477026701,
        "dvar": 0.218275919557,
        "dvar2": 0.510559916496,
        "max": 4.255235672,
        "mean": 1.02995872498,
        "median": 1.07499599457,
        "min": -3.60920476913,
        "var": 0.779098689556
    },
    "barkbands_spread": {
        "dmean": 5.87561988831,
        "dmean2": 9.15301799774,
        "dvar": 36.2172355652,
        "dvar2": 85.6841812134,
        "max": 75.5292816162,
        "mean": 29.8884067535,
        "median": 30.3800392151,
        "min": 3.03306674957,
        "var": 127.454032898
    },
    "dissonance": {
        "dmean": 0.0116921141744,
        "dmean2": 0.0195956323296,
        "dvar": 0.00016520000645,
        "dvar2": 0.000424338533776,
        "max": 0.500000059605,
        "mean": 0.479243516922,
        "median": 0.485290467739,
        "min": 0.347430199385,
        "var": 0.000389350345358
    },
    "dynamic_complexity": 1.52480137348,
    "erbbands_crest": {
        "dmean": 2.25114703178,
        "dmean2": 3.68513584137,
        "dvar": 4.71592473984,
        "dvar2": 11.6379995346,
        "max": 27.2443885803,
        "mean": 7.72844076157,
        "median": 6.74472284317,
        "min": 2.46955609322,
        "var": 13.6472272873
    },
    "erbbands_flatness_db": {
        "dmean": 0.0142271751538,
        "dmean2": 0.0207719765604,
        "dvar": 0.000207549834158,
        "dvar2": 0.000417490780819,
        "max": 0.320756733418,
        "mean": 0.146229565144,
        "median": 0.134022668004,
        "min": 0.0698846280575,
        "var": 0.00237936060876
    },
    "erbbands_kurtosis": {
        "dmean": 0.795303225517,
        "dmean2": 1.22367572784,
        "dvar": 1.58389782906,
        "dvar2": 3.19447898865,
        "max": 21.7049827576,
        "mean": 0.438214957714,
        "median": -0.0336632728577,
        "min": -1.49501824379,
        "var": 4.03224802017
    },
    "erbbands_skewness": {
        "dmean": 0.3142542243,
        "dmean2": 0.472940921783,
        "dvar": 0.0836216807365,
        "dvar2": 0.182533204556,
        "max": 1.71567320824,
        "mean": -0.431723147631,
        "median": -0.448385447264,
        "min": -3.04054880142,
        "var": 0.418630033731
    },
    "erbbands_spread": {
        "dmean": 7.31293106079,
        "dmean2": 11.2217607498,
        "dvar": 51.6557006836,
        "dvar2": 118.314582825,
        "max": 98.1453399658,
        "mean": 37.9042549133,
        "median": 37.207408905,
        "min": 4.15575504303,
        "var": 216.627578735
    },
    "hfc": {
        "dmean": 6.66078662872,
        "dmean2": 10.0859928131,
        "dvar": 44.1687583923,
        "dvar2": 94.2640533447,
        "max": 82.6607131958,
        "mean": 30.0686836243,
        "median": 27.5031471252,
        "min": 0.419931471348,
        "var": 221.560501099
    },
    "melbands_crest": {
        "dmean": 3.09569358826,
        "dmean2": 4.97583913803,
        "dvar": 7.87574052811,
        "dvar2": 20.2406768799,
        "max": 27.676027298,
        "mean": 14.2979879379,
        "median": 13.6436910629,
        "min": 3.05906462669,
        "var": 20.7506217957
    },
    "melbands_flatness_db": {
        "dmean": 0.021458061412,
        "dmean2": 0.0326498672366,
        "dvar": 0.000424844562076,
        "dvar2": 0.00102827593219,
        "max": 0.339752972126,
        "mean": 0.164417341352,
        "median": 0.162416473031,
        "min": 0.0371141470969,
        "var": 0.001401196816
    },
    "melbands_kurtosis": {
        "dmean": 4.39337348938,
        "dmean2": 7.13379383087,
        "dvar": 40.9128303528,
        "dvar2": 105.22845459,
        "max": 77.3477249146,
        "mean": 7.81483745575,
        "median": 5.9236907959,
        "min": -1.64704144001,
        "var": 65.9237823486
    },
    "melbands_skewness": {
        "dmean": 0.649256467819,
        "dmean2": 1.02385592461,
        "dvar": 0.450391680002,
        "dvar2": 1.08972370625,
        "max": 8.14834594727,
        "mean": 2.37684035301,
        "median": 2.4246468544,
        "min": -2.19456934929,
        "var": 1.62138640881
    },
    "melbands_spread": {
        "dmean": 8.59869289398,
        "dmean2": 13.3912267685,
        "dvar": 108.008384705,
        "dvar2": 237.885620117,
        "max": 184.649230957,
        "mean": 30.5646629333,
        "median": 27.7627487183,
        "min": 4.74560689926,
        "var": 276.730285645
    },
    "pitch_salience": {
        "dmean": 0.0639339834452,
        "dmean2": 0.101609118283,
        "dvar": 0.00305445468985,
        "dvar2": 0.00804999284446,
        "max": 0.824315965176,
        "mean": 0.579678654671,
        "median": 0.582375347614,
        "min": 0.252875447273,
        "var": 0.00853667780757
    },
    "silence_rate_20dB": {
        "dmean": 0,
        "dmean2": 0,
        "dvar": 0,
        "dvar2": 0,
        "max": 1,
        "mean": 1,
        "median": 1,
        "min": 1,
        "var": 0
    },
    "silence_rate_30dB": {
        "dmean": 0,
        "dmean2": 0,
        "dvar": 0,
        "dvar2": 0,
        "max": 1,
        "mean": 1,
        "median": 1,
        "min": 1,
        "var": 0
    },
    "silence_rate_60dB": {
        "dmean": 0.0139318881556,
        "dmean2": 0.0278853606433,
        "dvar": 0.0137378582731,
        "dvar2": 0.0286570433527,
        "max": 1,
        "mean": 0.0262954365462,
        "median": 0,
        "min": 0,
        "var": 0.0256040748209
    },
    "spectral_centroid": {
        "dmean": 254.902938843,
        "dmean2": 385.636047363,
        "dvar": 60797.3867188,
        "dvar2": 123366.953125,
        "max": 5219.23779297,
        "mean": 1799.46069336,
        "median": 1737.69262695,
        "min": 640.600219727,
        "var": 301927.5625
    },
    "spectral_complexity": {
        "dmean": 4.11687326431,
        "dmean2": 6.47947311401,
        "dvar": 12.155831337,
        "dvar2": 27.8345508575,
        "max": 55,
        "mean": 30.2459392548,
        "median": 32,
        "min": 0,
        "var": 119.545097351
    },
    "spectral_decrease": {
        "dmean": 2.74908629194e-09,
        "dmean2": 4.60599203223e-09,
        "dvar": 1.7950747389e-17,
        "dvar2": 4.80916620827e-17,
        "max": -5.01701770406e-11,
        "mean": -8.79764883166e-09,
        "median": -8.51699599735e-09,
        "min": -3.8943060332e-08,
        "var": 2.58157278914e-17
    },
    "spectral_energy": {
        "dmean": 0.0107591906562,
        "dmean2": 0.0179542563856,
        "dvar": 0.000263686932158,
        "dvar2": 0.000705043203197,
        "max": 0.150705084205,
        "mean": 0.035931725055,
        "median": 0.0346978083253,
        "min": 0.000282325607259,
        "var": 0.000399862619815
    },
    "spectral_energyband_high": {
        "dmean": 0.000375317235012,
        "dmean2": 0.000536286795978,
        "dvar": 2.59126522906e-07,
        "dvar2": 4.52840509979e-07,
        "max": 0.00655044196174,
        "mean": 0.00120383372996,
        "median": 0.000978351337835,
        "min": 7.42510837881e-06,
        "var": 1.05017375063e-06
    },
    "spectral_energyband_low": {
        "dmean": 0.00760292215273,
        "dmean2": 0.0131156928837,
        "dvar": 0.000219284687773,
        "dvar2": 0.000596855592448,
        "max": 0.132345244288,
        "mean": 0.0157878603786,
        "median": 0.0142227467149,
        "min": 1.84257473279e-07,
        "var": 0.000221578462515
    },
    "spectral_energyband_middle_high": {
        "dmean": 0.00256569753401,
        "dmean2": 0.00381529307924,
        "dvar": 7.88462330092e-06,
        "dvar2": 1.61469397426e-05,
        "max": 0.0360305793583,
        "mean": 0.00900641549379,
        "median": 0.00755522400141,
        "min": 6.40953294351e-05,
        "var": 3.64873776562e-05
    },
    "spectral_energyband_middle_low": {
        "dmean": 0.00493577960879,
        "dmean2": 0.00813792273402,
        "dvar": 4.78796464449e-05,
        "dvar2": 0.000131054664962,
        "max": 0.0688848048449,
        "mean": 0.01200071536,
        "median": 0.0110295247287,
        "min": 1.90018545254e-06,
        "var": 7.19603776815e-05
    },
    "spectral_entropy": {
        "dmean": 0.101715810597,
        "dmean2": 0.143875107169,
        "dvar": 0.01127196569,
        "dvar2": 0.0191936455667,
        "max": 8.53262138367,
        "mean": 7.79686832428,
        "median": 7.82569074631,
        "min": 6.5878276825,
        "var": 0.0726284310222
    },
    "spectral_flux": {
        "dmean": 0.0239453371614,
        "dmean2": 0.0361119769514,
        "dvar": 0.000672492722515,
        "dvar2": 0.00130024424288,
        "max": 0.309927165508,
        "mean": 0.102687932551,
        "median": 0.0955928042531,
        "min": 0.0124532645568,
        "var": 0.00178521545604
    },
    "spectral_kurtosis": {
        "dmean": 1.09929347038,
        "dmean2": 1.85328543186,
        "dvar": 1.16667103767,
        "dvar2": 3.16564893723,
        "max": 13.6872844696,
        "mean": 3.98981547356,
        "median": 3.89090061188,
        "min": -0.236886262894,
        "var": 3.03860521317
    },
    "spectral_rms": {
        "dmean": 0.000805853866041,
        "dmean2": 0.00130476034246,
        "dvar": 9.63301545198e-07,
        "dvar2": 2.50050243267e-06,
        "max": 0.0121255656704,
        "mean": 0.00566558400169,
        "median": 0.00581820588559,
        "min": 0.000524823437445,
        "var": 2.9564309898e-06
    },
    "spectral_rolloff": {
        "dmean": 547.54699707,
        "dmean2": 883.045227051,
        "dvar": 466327.78125,
        "dvar2": 874061.4375,
        "max": 9754.54101562,
        "mean": 1991.01257324,
        "median": 1830.32226562,
        "min": 129.19921875,
        "var": 1600931.25
    },
    "spectral_skewness": {
        "dmean": 0.172871977091,
        "dmean2": 0.27863112092,
        "dvar": 0.0250980947167,
        "dvar2": 0.0586885474622,
        "max": 2.52127218246,
        "mean": 1.36289262772,
        "median": 1.38848185539,
        "min": 0.17455111444,
        "var": 0.0962275713682
    },
    "spectral_spread": {
        "dmean": 417955.28125,
        "dmean2": 579489.9375,
        "dvar": 182132801536,
        "dvar2": 302675230720,
        "max": 8596464,
        "mean": 4176489.75,
        "median": 4119614.75,
        "min": 2074511.625,
        "var": 755890061312
    },
    "spectral_strongpeak": {
        "dmean": 0.475426346064,
        "dmean2": 0.820053339005,
        "dvar": 0.787557482719,
        "dvar2": 2.117882967,
        "max": 10.1407289505,
        "mean": 0.82331174612,
        "median": 0.468006014824,
        "min": 0.0558468028903,
        "var": 1.19040131569
    },
    "zerocrossingrate": {
        "dmean": 0.00990772526711,
        "dmean2": 0.0115924244747,
        "dvar": 0.000156373382197,
        "dvar2": 0.000163200049428,
        "max": 0.32080078125,
        "mean": 0.070769816637,
        "median": 0.0634765625,
        "min": 0.02099609375,
        "var": 0.00123995903414
    },
    "barkbands": {
        "dmean": [0.000198916590307, 0.00415203627199, 0.00378287862986, 0.00197440595366, 0.00237262272276, 0.000675717252307, 0.000749030674342, 0.000959128316026, 0.000663037993945, 0.000726174679585, 0.000536638137419, 0.000429004518082, 0.000422530632932, 0.000648075016215, 0.000614941585809, 0.000548333569895, 0.000609523209278, 0.000410063308664, 0.000261869543465, 0.0001411204139, 0.000134664398502, 0.000109900734969, 0.000109966371383, 6.44538158667e-05, 3.15711804433e-05, 2.54541409959e-05, 1.33706974381e-08],
        "dmean2": [0.000330028793542, 0.00697601772845, 0.00651492970064, 0.00330577977002, 0.00411652680486, 0.00109858927317, 0.00121415767353, 0.00149444269482, 0.00109793466982, 0.00110071338713, 0.000776735018007, 0.000674108800013, 0.000646617787424, 0.00105691642966, 0.000985916005448, 0.000886266294401, 0.00098109676037, 0.000652834132779, 0.000424879486673, 0.000222920789383, 0.000222217931878, 0.000166057157912, 0.000158470284077, 9.33256524149e-05, 4.57595015178e-05, 3.54902986146e-05, 2.52283101077e-08],
        "dvar": [1.60861659992e-07, 6.54858376947e-05, 5.06242540723e-05, 8.95126959222e-06, 2.23211136472e-05, 1.09735390197e-06, 1.2118732684e-06, 2.85650935439e-06, 2.20512356464e-06, 2.67997097581e-06, 1.4713298242e-06, 7.00680857335e-07, 6.53764743674e-07, 8.86895179519e-07, 8.59354372551e-07, 4.9689123216e-07, 6.44894214474e-07, 3.86156955301e-07, 7.93827865664e-08, 3.48445752252e-08, 2.42250415283e-08, 3.04262144368e-08, 5.99612874908e-08, 1.87845312638e-08, 1.83854964586e-09, 1.47640188963e-09, 3.61616195226e-15],
        "dvar2": [4.23930032412e-07, 0.000175627341378, 0.000142770513776, 2.48706128332e-05, 6.47341876174e-05, 2.71864746537e-06, 3.27698694491e-06, 6.15615408606e-06, 5.53780182599e-06, 5.54101188754e-06, 2.6836669349e-06, 1.59637909292e-06, 1.37501865538e-06, 2.23114420805e-06, 2.06088975574e-06, 1.25541737361e-06, 1.54851818479e-06, 8.97792006072e-07, 2.13337273181e-07, 7.94350185629e-08, 6.12389712273e-08, 5.42452518459e-08, 1.18294458673e-07, 3.68153862951e-08, 4.0625409703e-09, 3.01891556198e-09, 1.04842426312e-14],
        "max": [0.00308530009352, 0.074349090457, 0.0639346390963, 0.0269066635519, 0.0446984507143, 0.0182856433094, 0.010680058971, 0.0245706047863, 0.0210307072848, 0.0196983385831, 0.0188007503748, 0.0138269569725, 0.0144503368065, 0.013114749454, 0.0175710879266, 0.00812385696918, 0.0121754202992, 0.0090578282252, 0.00366175826639, 0.00420853961259, 0.00193621125072, 0.00242022401653, 0.00435495888814, 0.00256657949649, 0.000460988696432, 0.000438283837866, 8.59986187152e-07],
        "mean": [0.000227145210374, 0.00670614186674, 0.00694749318063, 0.00332884443924, 0.00385864148848, 0.00123256549705, 0.00113529490773, 0.00130546104629, 0.00081380805932, 0.000999662443064, 0.00078228325583, 0.000639065168798, 0.000696994888131, 0.00110569677781, 0.00108507170808, 0.00103178247809, 0.00122110045049, 0.000825044990052, 0.000614695367403, 0.000339969526976, 0.000330129027134, 0.00023539007816, 0.000221091933781, 0.000130967702717, 6.7429500632e-05, 4.99164707435e-05, 8.03514765835e-09],
        "median": [6.28064299235e-05, 0.00481898942962, 0.00518986769021, 0.00227517681196, 0.00243006669916, 0.000815262552351, 0.000719862116966, 0.000554655038286, 0.000349848094629, 0.000294495257549, 0.000226991294767, 0.000240892084548, 0.000306562811602, 0.000791169586591, 0.000762562965974, 0.000771440332755, 0.000853839272168, 0.000539413129445, 0.000558097206522, 0.000263753667241, 0.00028375335387, 0.000152515538502, 0.000109336506284, 7.92799692135e-05, 4.93533771078e-05, 2.38695356529e-05, 5.62291879724e-10],
        "min": [4.92888663217e-09, 5.69306957132e-09, 2.45835778401e-08, 1.82567241325e-08, 6.35274872707e-08, 3.48656143956e-08, 3.92418655792e-07, 2.72631837106e-07, 3.83897940992e-07, 4.88848854729e-07, 1.06289473933e-06, 1.31367733047e-06, 2.74416947832e-06, 2.30028808801e-06, 4.0100167098e-06, 6.52296557746e-06, 4.05936452808e-06, 6.18037120148e-06, 4.04548063671e-06, 5.92638707531e-06, 2.53039638665e-06, 8.07452806839e-07, 1.37346489737e-07, 5.12607023495e-08, 1.04494608522e-08, 7.8248829638e-09, 8.20119666622e-12],
        "var": [1.82136332683e-07, 6.60280929878e-05, 5.81007734581e-05, 1.25622727865e-05, 2.26029551413e-05, 1.87031071164e-06, 1.76421974629e-06, 4.40768553744e-06, 2.36906726059e-06, 4.82089353682e-06, 3.70119551008e-06, 1.54354927417e-06, 1.70936789345e-06, 1.45058447742e-06, 1.63914353379e-06, 1.03762636172e-06, 1.70544217326e-06, 8.81550306531e-07, 1.86787161738e-07, 9.34454860158e-08, 5.81670889233e-08, 8.17097927097e-08, 1.496160138e-07, 4.05245863533e-08, 4.40449143824e-09, 3.46019546349e-09, 2.00013722659e-15]
    },
    "erbbands": {
        "dmean": [0.118400536478, 0.988113045692, 3.47983050346, 6.24320268631, 5.8972401619, 9.66641807556, 6.12327337265, 6.49407482147, 9.83878993988, 15.5016489029, 17.9628734589, 14.1777734756, 23.6418972015, 16.3513011932, 23.31640625, 13.0238637924, 18.1673545837, 24.3796977997, 37.2857284546, 22.8096389771, 32.011806488, 32.4831809998, 23.6491317749, 15.0233421326, 9.34679412842, 6.48228359222, 5.54102945328, 5.01029062271, 4.03293180466, 3.86997056007, 2.94310927391, 1.73115956783, 0.890263259411, 0.427830278873, 0.20245796442, 0.116259545088, 0.0514863729477, 0.00524155888706, 9.10633898457e-05, 1.38058621815e-05],
        "dmean2": [0.20050907135, 1.6829893589, 5.97317647934, 10.7293434143, 9.85232067108, 17.2781467438, 10.2396507263, 10.5963459015, 16.3121433258, 25.3297863007, 27.8248596191, 23.5307331085, 36.3047218323, 24.9128627777, 33.356212616, 19.7962589264, 27.3061161041, 39.5380172729, 60.4630317688, 36.1184768677, 52.7352218628, 51.6899642944, 37.427936554, 24.4283237457, 15.0234632492, 10.2400474548, 8.92927646637, 8.17267417908, 6.16192007065, 5.68091821671, 4.25884151459, 2.56596136093, 1.27074217796, 0.623871028423, 0.297228932381, 0.169176578522, 0.0719713494182, 0.00779506051913, 0.000132029163069, 2.1993961127e-05],
        "dvar": [0.0637960806489, 3.61307954788, 41.8777160645, 118.65322876, 65.1351623535, 519.870910645, 93.0596008301, 121.32951355, 170.617843628, 805.938659668, 1125.67163086, 1065.70495605, 2230.6875, 1290.79284668, 2718.48730469, 457.757110596, 1161.47998047, 1606.6730957, 4324.09082031, 970.936218262, 1764.9934082, 1637.24108887, 1289.77893066, 371.20803833, 103.953865051, 83.4621047974, 39.2250785828, 37.1279792786, 38.7441062927, 58.6515274048, 42.2738189697, 19.0079154968, 2.63085889816, 0.403495401144, 0.0676285028458, 0.0263621564955, 0.00673379190266, 8.22695728857e-05, 2.37692159288e-08, 3.4101280133e-10],
        "dvar2": [0.168416410685, 9.90859127045, 117.286819458, 325.946258545, 179.606170654, 1516.81005859, 250.935928345, 316.033477783, 464.570281982, 1956.62976074, 2374.0168457, 2751.20678711, 5018.72558594, 2721.52587891, 4968.79541016, 1039.94128418, 2264.11889648, 3922.45166016, 10753.4335938, 2425.12304688, 4754.06689453, 3886.4152832, 3360.57543945, 856.638183594, 270.674591064, 188.953033447, 98.6552734375, 89.0503311157, 77.1994552612, 105.139961243, 82.4440002441, 39.9983100891, 5.47311830521, 0.923561573029, 0.138742938638, 0.0528728961945, 0.0144292488694, 0.000193822168512, 5.49665806204e-08, 8.80309936058e-10],
        "max": [2.16310286522, 17.5176773071, 58.0522994995, 88.8667144775, 82.7445068359, 217.703536987, 85.9728393555, 192.978607178, 142.753555298, 303.916503906, 460.361663818, 341.743377686, 535.075683594, 520.328186035, 793.430053711, 390.847167969, 799.772766113, 710.389099121, 1293.21948242, 437.681091309, 546.792358398, 691.917602539, 606.549194336, 291.165496826, 123.559593201, 239.223648071, 105.202041626, 85.9101867676, 98.0860137939, 108.15940094, 106.893722534, 83.9774856567, 29.4588527679, 7.53575658798, 2.63155031204, 1.54912817478, 0.872647345066, 0.141655534506, 0.00252011488192, 0.000235518877162],
        "mean": [0.168623998761, 1.67139220238, 7.1559343338, 10.4861507416, 11.8271512985, 12.536570549, 9.83567142487, 11.3954086304, 15.9548654556, 21.3483200073, 24.7969474792, 18.259344101, 31.3986740112, 25.3543510437, 38.8816070557, 22.0485134125, 32.4859161377, 44.1387443542, 68.8848648071, 46.3485717773, 63.0672187805, 70.9847869873, 51.1283302307, 36.1136207581, 24.088968277, 15.9406690598, 14.5488977432, 11.6177215576, 8.51615715027, 7.8922624588, 5.85134029388, 3.3867251873, 1.79829204082, 0.874298274517, 0.435025066137, 0.235636860132, 0.0934833288193, 0.00849595572799, 0.000177070687641, 5.15338288096e-05],
        "median": [0.0984297320247, 1.29179346561, 5.34859037399, 8.13532447815, 9.6045293808, 6.97032642365, 6.57632112503, 7.26866054535, 10.2959842682, 11.9173984528, 12.0783071518, 8.89430713654, 10.9427986145, 9.70966243744, 11.6899223328, 10.0092983246, 14.5388908386, 30.2668838501, 50.0810241699, 34.1825332642, 49.1770858765, 51.4447288513, 35.4939880371, 29.7476768494, 21.8899745941, 12.195971489, 12.7395734787, 9.20204544067, 5.42076063156, 4.41399717331, 2.9676823616, 1.72281348705, 1.18338429928, 0.656986534595, 0.300773262978, 0.130333915353, 0.0416909977794, 0.00320271519013, 9.3440314231e-05, 5.04334784637e-05],
        "min": [3.42662644925e-07, 3.20786102748e-06, 6.77521893522e-05, 0.000148412931594, 0.00011731019913, 0.000183630967513, 0.000120292599604, 0.000853910984006, 0.0025707683526, 0.0124253965914, 0.0128835085779, 0.00954678002745, 0.0249906256795, 0.0495616011322, 0.0679028332233, 0.0503715127707, 0.118528276682, 0.149273082614, 0.169783964753, 0.216391518712, 0.371195346117, 0.271363258362, 0.4253013134, 0.313762307167, 0.241624876857, 0.288677126169, 0.123185217381, 0.0647616013885, 0.0338767208159, 0.0126486700028, 0.0032754112035, 0.0017711261753, 0.000458905793494, 0.000154607798322, 7.26142825442e-05, 4.04512466048e-05, 1.29728068714e-05, 1.71551459971e-06, 3.40009734145e-07, 6.09264077411e-07],
        "var": [0.0622143596411, 3.50916147232, 53.3763580322, 125.031410217, 115.062934875, 388.216522217, 115.885902405, 182.64491272, 309.592224121, 987.7109375, 1604.91674805, 1049.80566406, 3611.34570312, 2418.49584961, 7127.88232422, 1124.36047363, 3828.53564453, 2574.87353516, 6965.40283203, 1919.6595459, 3484.58422852, 4995.57324219, 2902.23803711, 879.226318359, 261.512756348, 228.427642822, 109.104370117, 91.1145401001, 100.134422302, 150.55317688, 105.761695862, 37.7592735291, 5.59372091293, 0.84722328186, 0.182857424021, 0.0658623725176, 0.0141126345843, 0.0001410455734, 4.41580496613e-08, 7.30355942391e-10]
    },
    "gfcc": {
        "mean": [41.9906997681, 74.5202026367, -130.098251343, 45.6140861511, -48.3604621887, 14.3711576462, -44.2647628784, 12.3210983276, -22.6512069702, 4.9226398468, -22.7412586212, 0.721787810326, -15.303984642],
        "cov": [[3315.10595703, 995.829223633, 1219.99841309, 524.012268066, 542.611816406, 315.135162354, 86.6210784912, 216.113769531, 22.8073940277, 128.006195068, -118.849189758, 5.3473777771, -122.19127655], [995.829223633, 1188.17614746, 386.158050537, 214.810012817, 381.725372314, -18.8622207642, 94.4565200806, 41.2154693604, 51.8077697754, 30.0768909454, 11.658446312, -74.4691619873, 3.18729639053], [1219.99841309, 386.158050537, 906.189147949, 440.185211182, 285.846832275, 110.271965027, -45.4680595398, 107.369728088, 42.8138656616, 96.8270339966, -65.2319107056, 7.5538816452, -87.3607559204], [524.012268066, 214.810012817, 440.185211182, 553.817443848, 144.875198364, 24.5847377777, -53.2318763733, 24.3263950348, 94.647895813, 12.7191991806, 7.12057685852, -37.2926139832, -13.906703949], [542.611816406, 381.725372314, 285.846832275, 144.875198364, 328.81338501, 24.5773410797, 37.4452018738, 69.457649231, -1.79173767567, 40.7532081604, -42.2742805481, -5.96147584915, -27.157491684], [315.135162354, -18.8622207642, 110.271965027, 24.5847377777, 24.5773410797, 180.694030762, 79.6337127686, 23.8016338348, -14.6591081619, 3.08382630348, -2.72453427315, 4.6391544342, -14.7846727371], [86.6210784912, 94.4565200806, -45.4680595398, -53.2318763733, 37.4452018738, 79.6337127686, 131.744369507, 33.7569084167, -4.47293949127, 0.663102388382, -1.60104358196, -8.10388374329, 5.9472489357], [216.113769531, 41.2154693604, 107.369728088, 24.3263950348, 69.457649231, 23.8016338348, 33.7569084167, 106.003372192, 41.2622375488, 36.7600669861, -22.6407527924, -5.85033655167, -16.1993694305], [22.8073940277, 51.8077697754, 42.8138656616, 94.647895813, -1.79173767567, -14.6591081619, -4.47293949127, 41.2622375488, 102.583938599, 33.4944038391, 15.0523176193, -20.9631710052, -7.33621358871], [128.006195068, 30.0768909454, 96.8270339966, 12.7191991806, 40.7532081604, 3.08382630348, 0.663102388382, 36.7600669861, 33.4944038391, 81.2666015625, 13.8440856934, 5.87961769104, -20.8049964905], [-118.849189758, 11.658446312, -65.2319107056, 7.12057685852, -42.2742805481, -2.72453427315, -1.60104358196, -22.6407527924, 15.0523176193, 13.8440856934, 74.669128418, 8.85602474213, 14.8077497482], [5.3473777771, -74.4691619873, 7.5538816452, -37.2926139832, -5.96147584915, 4.6391544342, -8.10388374329, -5.85033655167, -20.9631710052, 5.87961769104, 8.85602474213, 61.6287117004, 13.7812709808], [-122.19127655, 3.18729639053, -87.3607559204, -13.906703949, -27.157491684, -14.7846727371, 5.9472489357, -16.1993694305, -7.33621358871, -20.8049964905, 14.8077497482, 13.7812709808, 60.6494636536]],
        "icov": [[0.00112260913011, -0.00144192855805, 0.000246705400059, -0.00103625457268, 0.00103054393549, -0.00227945717052, 0.00145010044798, -0.00195346889086, 0.00170936319046, -0.00150855211541, 0.0021863526199, -0.00210706563666, 0.00133134215139], [-0.00144192855805, 0.00534170120955, -0.00378993758932, 0.00401011155918, -0.00539961177856, 0.00602236110717, -0.00585067039356, 0.0061358967796, -0.0059504522942, 0.00581797165796, -0.00773707497865, 0.00798414181918, -0.00511172087863], [0.000246705400059, -0.00378993758932, 0.00794221740216, -0.00615412276238, 0.00323482695967, -0.00589428469539, 0.00654600234702, -0.00586227793247, 0.00634016469121, -0.00816647335887, 0.00842639617622, -0.00790671352297, 0.00623395759612], [-0.00103625457268, 0.00401011155918, -0.00615412276238, 0.00889867451042, -0.00563172763214, 0.00408955663443, -0.00301427859813, 0.00687350425869, -0.0101454667747, 0.00907504744828, -0.00892886146903, 0.00889128819108, -0.00647042691708], [0.00103054393549, -0.00539961177856, 0.00323482695967, -0.00563172763214, 0.0114957792684, -0.00357005558908, 0.00272256787866, -0.00806726422161, 0.00942204054445, -0.00807451549917, 0.00929501652718, -0.00803816411644, 0.00551067572087], [-0.00227945717052, 0.00602236110717, -0.00589428469539, 0.00408955663443, -0.00357005558908, 0.0180412083864, -0.0145483668894, 0.006857635919, -0.00449702795595, 0.00810979213566, -0.0105485944077, 0.00766409887001, -0.00333188544028], [0.00145010044798, -0.00585067039356, 0.00654600234702, -0.00301427859813, 0.00272256787866, -0.0145483668894, 0.0225124191493, -0.0107386009768, 0.00592849683017, -0.00626813760027, 0.00758787197992, -0.00556686939672, 0.00254290108569], [-0.00195346889086, 0.0061358967796, -0.00586227793247, 0.00687350425869, -0.00806726422161, 0.006857635919, -0.0107386009768, 0.0262942519039, -0.016204725951, 0.00362487719394, -0.0034788006451, 0.00840444676578, -0.00676772464067], [0.00170936319046, -0.0059504522942, 0.00634016469121, -0.0101454667747, 0.00942204054445, -0.00449702795595, 0.00592849683017, -0.016204725951, 0.0285840760916, -0.0145574733615, 0.0067452234216, -0.00513262674212, 0.00675912434235], [-0.00150855211541, 0.00581797165796, -0.00816647335887, 0.00907504744828, -0.00807451549917, 0.00810979213566, -0.00626813760027, 0.00362487719394, -0.0145574733615, 0.031257327646, -0.0180304180831, 0.00671755289659, -0.00124584021978], [0.0021863526199, -0.00773707497865, 0.00842639617622, -0.00892886146903, 0.00929501652718, -0.0105485944077, 0.00758787197992, -0.0034788006451, 0.0067452234216, -0.0180304180831, 0.0331280305982, -0.0154493413866, 0.0048721106723], [-0.00210706563666, 0.00798414181918, -0.00790671352297, 0.00889128819108, -0.00803816411644, 0.00766409887001, -0.00556686939672, 0.00840444676578, -0.00513262674212, 0.00671755289659, -0.0154493413866, 0.0343744568527, -0.0153106180951], [0.00133134215139, -0.00511172087863, 0.00623395759612, -0.00647042691708, 0.00551067572087, -0.00333188544028, 0.00254290108569, -0.00676772464067, 0.00675912434235, -0.00124584021978, 0.0048721106723, -0.0153106180951, 0.0292129963636]]
    },
    "melbands": {
        "dmean": [0.00110305903945, 0.00158059305977, 0.000964376202319, 0.000568317715079, 0.000260891334619, 0.000140184827615, 0.000148523395183, 0.000188134028576, 0.000135062262416, 9.5473631518e-05, 0.000121332857816, 7.27551669115e-05, 7.75017833803e-05, 5.29793323949e-05, 3.45859007211e-05, 4.49299732281e-05, 4.94712221553e-05, 6.94099799148e-05, 4.48627288279e-05, 3.13839336741e-05, 4.18121235271e-05, 3.60952471965e-05, 3.16585719702e-05, 1.93422929442e-05, 1.33076018756e-05, 1.06644029074e-05, 5.9145436353e-06, 4.47104685009e-06, 3.66981885236e-06, 4.12887129642e-06, 2.85112150777e-06, 2.54713040704e-06, 2.30662499234e-06, 2.34815797739e-06, 1.94766062123e-06, 1.4123412484e-06, 1.0209504353e-06, 7.01963813299e-07, 4.9584542694e-07, 3.50033332097e-07],
        "dmean2": [0.00185737013817, 0.00273588276468, 0.00164806016255, 0.000984198297374, 0.000445328594651, 0.000229800483794, 0.000244416121859, 0.000302206433844, 0.00021116436983, 0.000158143142471, 0.000186204866623, 0.000109964661533, 0.00010992186435, 8.16688479972e-05, 5.3929801652e-05, 6.80484590703e-05, 8.08294862509e-05, 0.000113135793072, 7.24558267393e-05, 5.0993556215e-05, 6.84206243022e-05, 5.68785580981e-05, 5.17556036357e-05, 3.14721983159e-05, 2.17555934796e-05, 1.76156172529e-05, 9.47185344558e-06, 7.18001365385e-06, 5.90685522184e-06, 6.92606772645e-06, 4.55457302451e-06, 3.98701604354e-06, 3.52908500645e-06, 3.56688315151e-06, 2.89009312837e-06, 2.14139981836e-06, 1.57767885867e-06, 1.02033732219e-06, 7.56063798235e-07, 5.24780432443e-07],
        "dvar": [4.98941426486e-06, 8.99294536794e-06, 2.67626501227e-06, 1.22774861211e-06, 2.41767963871e-07, 5.25606616009e-08, 3.83550258221e-08, 1.06227417973e-07, 6.82751206682e-08, 4.90514437956e-08, 6.04421543926e-08, 2.80385172857e-08, 3.28674403249e-08, 1.03831823139e-08, 3.80680331702e-09, 8.70868355207e-09, 6.20815177044e-09, 1.54249377715e-08, 3.52855611396e-09, 2.27212226811e-09, 3.19076143285e-09, 2.15867412834e-09, 1.77988779271e-09, 1.13045095507e-09, 2.83897960696e-10, 1.27466440181e-10, 6.92424034776e-11, 3.9354984549e-11, 1.68181458343e-11, 2.42106629883e-11, 1.51855941016e-11, 1.58700344532e-11, 1.68274404827e-11, 2.67986917379e-11, 1.996612424e-11, 1.14798439851e-11, 7.68190459161e-12, 1.8878078354e-12, 5.35323738463e-13, 2.73853991784e-13],
        "dvar2": [1.32335962917e-05, 2.52173031186e-05, 7.3646428973e-06, 3.5384525745e-06, 6.85317047555e-07, 1.35193502615e-07, 1.04414702662e-07, 2.50914098388e-07, 1.51169231799e-07, 1.2517699588e-07, 1.33855550644e-07, 5.79942280865e-08, 5.83445398661e-08, 2.27833503175e-08, 7.81035414121e-09, 1.87654869421e-08, 1.52704195955e-08, 3.89732406347e-08, 8.9536937864e-09, 5.45549116993e-09, 8.56350101941e-09, 5.04227193332e-09, 4.48543557852e-09, 2.72947109359e-09, 6.84239054305e-10, 3.54246743051e-10, 1.5345724691e-10, 8.95786708699e-11, 4.03122778214e-11, 6.48052236873e-11, 3.56736445939e-11, 3.62825047784e-11, 3.26122844008e-11, 5.30087328199e-11, 4.12580906939e-11, 2.65662578741e-11, 1.73721818181e-11, 4.14637161411e-12, 1.20094548455e-12, 6.54325064183e-13],
        "max": [0.0191518627107, 0.0266606062651, 0.0134520754218, 0.0117683159187, 0.00444952817634, 0.00394211523235, 0.00206390745007, 0.00365111650899, 0.0030838411767, 0.00276980712079, 0.00278300675564, 0.00254291319288, 0.00304248463362, 0.00165545253549, 0.000819412874989, 0.00153672881424, 0.00127466151025, 0.00255823112093, 0.000817532476503, 0.000713401415851, 0.000692708941642, 0.000707748753484, 0.000563138572033, 0.000533558137249, 0.000234204970184, 0.000115670693049, 0.000127996827359, 0.00015912859817, 7.7983335359e-05, 5.84522931604e-05, 6.89384542056e-05, 5.59655745747e-05, 6.24321182841e-05, 8.75470868777e-05, 7.28972518118e-05, 4.78943547932e-05, 5.91528842051e-05, 2.77619765257e-05, 8.07663400337e-06, 7.63387106417e-06],
        "mean": [0.00170397001784, 0.00324735464528, 0.00186302768998, 0.000940223224461, 0.000379505829187, 0.000249958509812, 0.000239645247348, 0.000259814027231, 0.000182074581971, 0.000116012997751, 0.000159652641742, 0.000102728503407, 0.000124926664284, 8.3834202087e-05, 5.44852009625e-05, 7.28985323803e-05, 8.23664668133e-05, 0.00011604372412, 7.8220407886e-05, 5.74493169552e-05, 7.43927739677e-05, 7.13841800462e-05, 6.26125693088e-05, 3.64296611224e-05, 2.85821679427e-05, 2.30342520808e-05, 1.22959108921e-05, 9.96409016807e-06, 9.0230441856e-06, 8.62536580826e-06, 5.97606822339e-06, 4.9019636208e-06, 4.23209621658e-06, 4.49958224635e-06, 3.58018473889e-06, 2.57903207057e-06, 1.8457456008e-06, 1.3218203776e-06, 9.50069420469e-07, 6.6314180458e-07],
        "median": [0.00114667939488, 0.0026803757064, 0.00156893534586, 0.000584992289077, 0.000246482901275, 0.000163674878422, 0.000158286420628, 0.000135459835292, 8.99651204236e-05, 5.05535717821e-05, 5.18124033988e-05, 3.4182172385e-05, 3.61888633051e-05, 2.84412908513e-05, 2.3866432457e-05, 3.33427378791e-05, 5.66859307582e-05, 7.9713325249e-05, 5.46188275621e-05, 4.03307385568e-05, 5.50462573301e-05, 4.96809952892e-05, 4.37231428805e-05, 2.27102918871e-05, 2.39732653426e-05, 2.07393586606e-05, 8.99738643056e-06, 7.40682298783e-06, 7.58350097385e-06, 7.09776077201e-06, 4.41145584773e-06, 3.00727310787e-06, 2.5589292818e-06, 2.2968013127e-06, 1.7827476313e-06, 1.19080755212e-06, 9.82345795819e-07, 8.25745928523e-07, 6.4869942662e-07, 4.84156089442e-07],
        "min": [3.07458858373e-09, 1.95688443227e-08, 1.18218439482e-08, 1.62141056137e-08, 5.55362600352e-09, 1.14194449452e-08, 4.91896869903e-08, 1.35591690764e-07, 1.01877454028e-07, 5.12770554906e-08, 7.05615761376e-08, 1.53157671434e-07, 1.94250247887e-07, 1.38624102419e-07, 1.74884434045e-07, 2.58877747683e-07, 2.33340529121e-07, 2.28394213764e-07, 2.69445934009e-07, 4.15508651486e-07, 4.09265112467e-07, 2.67771554263e-07, 2.9360015219e-07, 2.6683244414e-07, 2.05231970085e-07, 1.27568455355e-07, 1.80931067462e-07, 1.8663989465e-07, 8.22998842409e-08, 6.26212113275e-08, 2.47066118675e-08, 1.94590512592e-08, 9.58959756048e-09, 5.17316900428e-09, 1.56164603471e-09, 1.58436119779e-09, 7.95350008076e-10, 2.78069484105e-10, 2.0668335099e-10, 9.98004803798e-11],
