{
"highlevel": {
    "danceability": {
        "all": {
            "danceable": 0.799875378609,
            "not_danceable": 0.200124651194
        },
        "probability": 0.799875378609,
        "value": "danceable"
    },
    "gender": {
        "all": {
            "female": 0.886794686317,
            "male": 0.113205343485
        },
        "probability": 0.886794686317,
        "value": "female"
    },
    "genre_dortmund": {
        "all": {
            "alternative": 0.160232663155,
            "blues": 0.0074603818357,
            "electronic": 0.131712034345,
            "folkcountry": 0.109582446516,
            "funksoulrnb": 0.0153593681753,
            "jazz": 0.0384706929326,
            "pop": 0.158375650644,
            "raphiphop": 0.0409120097756,
            "rock": 0.33789473772
        },
        "probability": 0.33789473772,
        "value": "rock"
    },
    "genre_electronic": {
        "all": {
            "ambient": 0.227155640721,
            "dnb": 0.0936889201403,
            "house": 0.177757054567,
            "techno": 0.0154162338004,
            "trance": 0.485982149839
        },
        "probability": 0.485982149839,
        "value": "trance"
    },
    "genre_rosamerica": {
        "all": {
            "cla": 0.000548952608369,
            "dan": 0.913012623787,
            "hip": 0.00146364129614,
            "jaz": 0.000442431744887,
            "pop": 0.0335808284581,
            "rhy": 0.00312043982558,
            "roc": 0.047591291368,
            "spe": 0.000239767032326
        },
        "probability": 0.913012623787,
        "value": "dan"
    },
    "genre_tzanetakis": {
        "all": {
            "blu": 0.0626613423228,
            "cla": 0.0348169617355,
            "cou": 0.104475811124,
            "dis": 0.0784321576357,
            "hip": 0.15692435205,
            "jaz": 0.313974827528,
            "met": 0.0448166541755,
            "pop": 0.0627359300852,
            "reg": 0.0627360641956,
            "roc": 0.0784258767962
        },
        "probability": 0.313974827528,
        "value": "jaz"
    },
    "ismir04_rhythm": {
        "all": {
            "ChaChaCha": 0.199485450983,
            "Jive": 0.26496297121,
            "Quickstep": 0.0252646896988,
            "Rumba-American": 0.0061386525631,
            "Rumba-International": 0.0247454605997,
            "Rumba-Misc": 0.0049517787993,
            "Samba": 0.445356339216,
            "Tango": 0.00488888612017,
            "VienneseWaltz": 0.0215368308127,
            "Waltz": 0.00266895885579
        },
        "probability": 0.445356339216,
        "value": "Samba"
    },
    "mood_acoustic": {
        "all": {
            "acoustic": 0.0111781209707,
            "not_acoustic": 0.988821864128
        },
        "probability": 0.988821864128,
        "value": "not_acoustic"
    },
    "mood_aggressive": {
        "all": {
            "aggressive": 0.705248653889,
            "not_aggressive": 0.294751375914
        },
        "probability": 0.705248653889,
        "value": "aggressive"
    },
    "mood_electronic": {
        "all": {
            "electronic": 0.872976839542,
            "not_electronic": 0.127023145556
        },
        "probability": 0.872976839542,
        "value": "electronic"
    },
    "mood_happy": {
        "all": {
            "happy": 0.871381163597,
            "not_happy": 0.128618836403
        },
        "probability": 0.871381163597,
        "value": "happy"
    },
    "mood_party": {
        "all": {
            "not_party": 0.275333821774,
            "party": 0.724666178226
        },
        "probability": 0.724666178226,
        "value": "party"
    },
    "mood_relaxed": {
        "all": {
            "not_relaxed": 0.718155622482,
            "relaxed": 0.281844377518
        },
        "probability": 0.718155622482,
        "value": "not_relaxed"
    },
    "mood_sad": {
        "all": {
            "not_sad": 0.730538487434,
            "sad": 0.269461482763
        },
        "probability": 0.730538487434,
        "value": "not_sad"
    },
    "moods_mirex": {
        "all": {
            "Cluster1": 0.586146593094,
            "Cluster2": 0.151067525148,
            "Cluster3": 0.0283943414688,
            "Cluster4": 0.114115685225,
            "Cluster5": 0.120275847614
        },
        "probability": 0.586146593094,
        "value": "Cluster1"
    },
    "timbre": {
        "all": {
            "bright": 0.952936351299,
            "dark": 0.0470636337996
        },
        "probability": 0.952936351299,
        "value": "bright"
    },
    "tonal_atonal": {
        "all": {
            "atonal": 0.00674136029556,
            "tonal": 0.993258655071
        },
        "probability": 0.993258655071,
        "value": "tonal"
    },
    "voice_instrumental": {
        "all": {
            "instrumental": 0.0535648614168,
            "voice": 0.946435153484
        },
        "probability": 0.946435153484,
        "value": "voice"
    }
},
"lowlevel": {
    "average_loudness": 0.977679431438,
    "barkbands_crest": {
        "dmean": 3.62993955612,
        "dmean2": 5.8460111618,
        "dvar": 11.3591585159,
        "dvar2": 25.4216575623,
        "max": 24.4515018463,
        "mean": 10.4697618484,
        "median": 9.40845394135,
        "min": 2.57503390312,
        "var": 25.7238616943
    },
    "barkbands_flatness_db": {
        "dmean": 0.0237834490836,
        "dmean2": 0.0366981364787,
        "dvar": 0.000524901552126,
        "dvar2": 0.00117038853932,
        "max": 0.259706228971,
        "mean": 0.111675053835,
        "median": 0.105051770806,
        "min": 0.0343741327524,
        "var": 0.00130202714354
    },
    "barkbands_kurtosis": {
        "dmean": 2.6684589386,
        "dmean2": 4.32753324509,
        "dvar": 20.4821567535,
        "dvar2": 51.2882080078,
        "max": 71.7816848755,
        "mean": 2.75310587883,
        "median": 1.36338043213,
        "min": -1.80137848854,
        "var": 23.540473938
    },
    "barkbands_skewness": {
        "dmean": 0.576547503471,
        "dmean2": 0.900311470032,
        "dvar": 0.405342072248,
        "dvar2": 0.910623371601,
        "max": 7.92257404327,
        "mean": 1.48749005795,
        "median": 1.32298886776,
        "min": -0.616988360882,
        "var": 0.839476108551
    },
    "barkbands_spread": {
        "dmean": 7.97591304779,
        "dmean2": 12.0909090042,
        "dvar": 56.6315116882,
        "dvar2": 123.093315125,
        "max": 87.6605377197,
        "mean": 29.8464546204,
        "median": 26.4775066376,
        "min": 3.22038960457,
        "var": 229.126419067
    },
    "dissonance": {
        "dmean": 0.0160936489701,
        "dmean2": 0.0273232813925,
        "dvar": 0.000205512915272,
        "dvar2": 0.000556290207896,
        "max": 0.499961018562,
        "mean": 0.472542494535,
        "median": 0.476551145315,
        "min": 0.360127925873,
        "var": 0.00035521821701
    },
    "dynamic_complexity": 1.13483595848,
    "erbbands_crest": {
        "dmean": 2.38759827614,
        "dmean2": 3.96591567993,
        "dvar": 4.77686071396,
        "dvar2": 12.7707071304,
        "max": 20.3798789978,
        "mean": 7.18908309937,
        "median": 6.40201568604,
        "min": 2.44804906845,
        "var": 10.5232849121
    },
    "erbbands_flatness_db": {
        "dmean": 0.0149587374181,
        "dmean2": 0.0214119330049,
        "dvar": 0.000165247911355,
        "dvar2": 0.000318682257785,
        "max": 0.21085460484,
        "mean": 0.118251554668,
        "median": 0.115759707987,
        "min": 0.0563808903098,
        "var": 0.000731583568268
    },
    "erbbands_kurtosis": {
        "dmean": 0.611802399158,
        "dmean2": 0.988539397717,
        "dvar": 0.494069635868,
        "dvar2": 1.22436177731,
        "max": 7.3217792511,
        "mean": -0.112552993,
        "median": -0.417670249939,
        "min": -1.59073519707,
        "var": 1.11117064953
    },
    "erbbands_skewness": {
        "dmean": 0.306073248386,
        "dmean2": 0.481023877859,
        "dvar": 0.0689666941762,
        "dvar2": 0.167194753885,
        "max": 1.97266829014,
        "mean": 0.37078204751,
        "median": 0.393807947636,
        "min": -1.31586658955,
        "var": 0.285788089037
    },
    "erbbands_spread": {
        "dmean": 8.57447624207,
        "dmean2": 12.8542098999,
        "dvar": 54.7694702148,
        "dvar2": 126.196311951,
        "max": 104.207672119,
        "mean": 46.0343170166,
        "median": 45.0832328796,
        "min": 11.2132616043,
        "var": 229.700622559
    },
    "hfc": {
        "dmean": 10.7897129059,
        "dmean2": 15.6550998688,
        "dvar": 227.470123291,
        "dvar2": 536.92590332,
        "max": 177.04447937,
        "mean": 31.6984825134,
        "median": 26.7819023132,
        "min": 5.54871797562,
        "var": 407.824859619
    },
    "melbands_crest": {
        "dmean": 4.21445274353,
        "dmean2": 6.74087905884,
        "dvar": 13.267947197,
        "dvar2": 31.2226257324,
        "max": 31.7313289642,
        "mean": 14.1953897476,
        "median": 13.1613082886,
        "min": 3.80241537094,
        "var": 35.8663711548
    },
    "melbands_flatness_db": {
        "dmean": 0.031559869647,
        "dmean2": 0.0476209148765,
        "dvar": 0.000990270404145,
        "dvar2": 0.00202686619014,
        "max": 0.358288824558,
        "mean": 0.157910645008,
        "median": 0.150565698743,
        "min": 0.0468683093786,
        "var": 0.00301197334193
    },
    "melbands_kurtosis": {
        "dmean": 7.66356420517,
        "dmean2": 12.3456544876,
        "dvar": 162.243209839,
        "dvar2": 393.215423584,
        "max": 191.592163086,
        "mean": 11.9413785934,
        "median": 7.48999023438,
        "min": -0.554764509201,
        "var": 198.358886719
    },
    "melbands_skewness": {
        "dmean": 0.845311224461,
        "dmean2": 1.31013143063,
        "dvar": 0.915292084217,
        "dvar2": 1.9810628891,
        "max": 11.3749551773,
        "mean": 2.65819978714,
        "median": 2.35037207603,
        "min": -0.124382309616,
        "var": 1.96701359749
    },
    "melbands_spread": {
        "dmean": 8.89910411835,
        "dmean2": 13.7324085236,
        "dvar": 80.2799072266,
        "dvar2": 169.304626465,
        "max": 130.951126099,
        "mean": 26.9761734009,
        "median": 24.3851661682,
        "min": 1.79245471954,
        "var": 241.839569092
    },
    "pitch_salience": {
        "dmean": 0.0887868478894,
        "dmean2": 0.14212295413,
        "dvar": 0.00749524077401,
        "dvar2": 0.0161652676761,
        "max": 0.798665046692,
        "mean": 0.542112052441,
        "median": 0.563051939011,
        "min": 0.117963649333,
        "var": 0.0165048316121
    },
    "silence_rate_20dB": {
        "dmean": 0,
        "dmean2": 0,
        "dvar": 0,
        "dvar2": 0,
        "max": 1,
        "mean": 1,
        "median": 1,
        "min": 1,
        "var": 0
    },
    "silence_rate_30dB": {
        "dmean": 0.078947365284,
        "dmean2": 0.158017039299,
        "dvar": 0.0727150142193,
        "dvar2": 0.168677598238,
        "max": 1,
        "mean": 0.935808181763,
        "median": 1,
        "min": 0,
        "var": 0.0600707270205
    },
    "silence_rate_60dB": {
        "dmean": 0,
        "dmean2": 0,
        "dvar": 0,
        "dvar2": 0,
        "max": 0,
        "mean": 0,
        "median": 0,
        "min": 0,
        "var": 0
    },
    "spectral_centroid": {
        "dmean": 283.679107666,
        "dmean2": 448.892242432,
        "dvar": 65978.4453125,
        "dvar2": 160101.09375,
        "max": 3529.6171875,
        "mean": 1660.38183594,
        "median": 1592.04675293,
        "min": 527.560852051,
        "var": 287279.65625
    },
    "spectral_complexity": {
        "dmean": 5.27012395859,
        "dmean2": 7.67079782486,
        "dvar": 24.5780200958,
        "dvar2": 43.7437133789,
        "max": 61,
        "mean": 27.3913383484,
        "median": 26,
        "min": 8,
        "var": 86.2739105225
    },
    "spectral_decrease": {
        "dmean": 4.96573848707e-09,
        "dmean2": 7.47987360938e-09,
        "dvar": 6.07475089112e-17,
        "dvar2": 1.29227899235e-16,
        "max": -1.18814369454e-09,
        "mean": -1.02581818595e-08,
        "median": -7.28037541364e-09,
        "min": -6.73689513064e-08,
        "var": 8.91500324101e-17
    },
    "spectral_energy": {
        "dmean": 0.0191896930337,
        "dmean2": 0.0288099292666,
        "dvar": 0.000881026673596,
        "dvar2": 0.00185146613512,
        "max": 0.256735533476,
        "mean": 0.0415918715298,
        "median": 0.0305182691664,
        "min": 0.00513150589541,
        "var": 0.00131555099506
    },
    "spectral_energyband_high": {
        "dmean": 0.000902455998585,
        "dmean2": 0.00133206264582,
        "dvar": 1.79834671599e-06,
        "dvar2": 4.17814271714e-06,
        "max": 0.0151692163199,
        "mean": 0.00200493936427,
        "median": 0.00134700292256,
        "min": 0.000119215750601,
        "var": 3.87235832022e-06
    },
    "spectral_energyband_low": {
        "dmean": 0.016426531598,
        "dmean2": 0.0256789661944,
        "dvar": 0.000914474192541,
        "dvar2": 0.00212606787682,
        "max": 0.244620978832,
        "mean": 0.0215963125229,
        "median": 0.010042950511,
        "min": 0.000129215040943,
        "var": 0.00110354274511
    },
    "spectral_energyband_middle_high": {
        "dmean": 0.00237709726207,
        "dmean2": 0.0037230020389,
        "dvar": 9.64021182881e-06,
        "dvar2": 2.51420678978e-05,
        "max": 0.0355976447463,
        "mean": 0.00672566657886,
        "median": 0.00551707018167,
        "min": 0.000578890205361,
        "var": 2.23988190555e-05
    },
    "spectral_energyband_middle_low": {
        "dmean": 0.00578454043716,
        "dmean2": 0.00954052433372,
        "dvar": 8.33569138194e-05,
        "dvar2": 0.000210501806578,
        "max": 0.104419700801,
        "mean": 0.0122390482575,
        "median": 0.0100794034079,
        "min": 0.000781997223385,
        "var": 8.49172793096e-05
    },
    "spectral_entropy": {
        "dmean": 0.129384383559,
        "dmean2": 0.181676387787,
        "dvar": 0.0136436158791,
        "dvar2": 0.0272409785539,
        "max": 8.69102668762,
        "mean": 7.95486688614,
        "median": 7.96437692642,
        "min": 7.33860826492,
        "var": 0.0581094585359
    },
    "spectral_flux": {
        "dmean": 0.0362231470644,
        "dmean2": 0.0557197146118,
        "dvar": 0.00204310961999,
        "dvar2": 0.00433168839663,
        "max": 0.437025368214,
        "mean": 0.114314779639,
        "median": 0.0934655666351,
        "min": 0.0348523072898,
        "var": 0.00394625309855
    },
    "spectral_kurtosis": {
        "dmean": 0.710908174515,
        "dmean2": 1.12924158573,
        "dvar": 0.422936499119,
        "dvar2": 1.10587418079,
        "max": 7.87805366516,
        "mean": 2.56409740448,
        "median": 2.46708011627,
        "min": -0.437558889389,
        "var": 1.26397335529
    },
    "spectral_rms": {
        "dmean": 0.00126135814935,
        "dmean2": 0.00186353980098,
        "dvar": 2.36937739828e-06,
        "dvar2": 4.51251526101e-06,
        "max": 0.0158263593912,
        "mean": 0.0059657599777,
        "median": 0.00545654864982,
        "min": 0.00223748688586,
        "var": 4.98715826325e-06
    },
    "spectral_rolloff": {
        "dmean": 801.995544434,
        "dmean2": 1298.79833984,
        "dvar": 1069099.75,
        "dvar2": 2312630.75,
        "max": 9668.40820312,
        "mean": 1862.21557617,
        "median": 1291.9921875,
        "min": 64.599609375,
        "var": 2952510.25
    },
    "spectral_skewness": {
        "dmean": 0.137982413173,
        "dmean2": 0.215734109282,
        "dvar": 0.0151513600722,
        "dvar2": 0.036766462028,
        "max": 2.1309196949,
        "mean": 1.30396020412,
        "median": 1.29830098152,
        "min": 0.43357437849,
        "var": 0.0644242838025
    },
    "spectral_spread": {
        "dmean": 636121.125,
        "dmean2": 889329.9375,
        "dvar": 467757301760,
        "dvar2": 749536542720,
        "max": 16728394,
        "mean": 5626641,
        "median": 5362802.5,
        "min": 3515638.75,
        "var": 1.67630733312e+12
    },
    "spectral_strongpeak": {
        "dmean": 0.447235196829,
        "dmean2": 0.766715764999,
        "dvar": 0.364460885525,
        "dvar2": 0.941007316113,
        "max": 5.54113531113,
        "mean": 0.744398057461,
        "median": 0.436108529568,
        "min": 0,
        "var": 0.591566622257
    },
    "zerocrossingrate": {
        "dmean": 0.0156771540642,
        "dmean2": 0.0183485578746,
        "dvar": 0.000211401347769,
        "dvar2": 0.000247672462137,
        "max": 0.28173828125,
        "mean": 0.078677855432,
        "median": 0.0712890625,
        "min": 0.0146484375,
        "var": 0.00156154157594
    },
    "barkbands": {
        "dmean": [0.00082594959531, 0.0144908158109, 0.00241139647551, 0.00183294492308, 0.00178604153916, 0.00159172050189, 0.0011805271497, 0.00103587273043, 0.00119754520711, 0.00124855490867, 0.000451009342214, 0.000435076392023, 0.000366802094504, 0.000345540494891, 0.000371844857, 0.000250510493061, 0.00021277939959, 0.000215672931517, 0.000193034487893, 0.000255387247307, 0.000201902133995, 0.000149434956256, 0.000174358734512, 0.000182747186045, 0.000180078510311, 8.91548552318e-05, 9.75965050998e-08],
        "dmean2": [0.00143415154889, 0.0234247036278, 0.00415786728263, 0.0031619311776, 0.00305067352019, 0.00260240770876, 0.00195730640553, 0.00169089261908, 0.00193879776634, 0.00209924508817, 0.000747928104829, 0.000721742166206, 0.000603064429015, 0.00056773214601, 0.000607925350778, 0.00041524216067, 0.000346563378116, 0.000349444744643, 0.000311787065584, 0.000400481483666, 0.000319362938171, 0.000239207642153, 0.000269782205578, 0.000274949707091, 0.00027074830723, 0.000140051517519, 1.76789612283e-07],
        "dvar": [2.28337648878e-06, 0.000786583870649, 3.71355781681e-05, 2.43537360802e-05, 1.13246996989e-05, 5.42859334018e-06, 3.69704889636e-06, 2.58517184193e-06, 2.64582604359e-06, 3.59601745004e-06, 5.62566015105e-07, 3.31878936777e-07, 2.64456218702e-07, 4.28777582329e-07, 4.06193748859e-07, 1.5322078184e-07, 1.36988177246e-07, 1.07130830429e-07, 8.49954417959e-08, 1.17101841113e-07, 9.26493939346e-08, 5.65799567198e-08, 9.98772407002e-08, 9.11943445203e-08, 7.57912204108e-08, 5.51931016446e-08, 4.42468056552e-13],
        "dvar2": [6.06301955486e-06, 0.00192999618594, 0.00010286251927, 6.44691826892e-05, 3.11275180138e-05, 1.47577547978e-05, 9.89947875496e-06, 6.55548274153e-06, 7.12426071914e-06, 9.69756183622e-06, 1.38286168294e-06, 8.85589031441e-07, 7.09719188308e-07, 1.13440830773e-06, 1.04451237348e-06, 4.04951691735e-07, 3.64416308685e-07, 2.73425598607e-07, 2.23349488238e-07, 2.85901165853e-07, 2.29082019132e-07, 1.44356192777e-07, 2.28606552355e-07, 1.88934109246e-07, 1.71163165419e-07, 1.49715148723e-07, 1.27337279176e-12],
        "max": [0.0141981327906, 0.23250323534, 0.0492646805942, 0.0615148022771, 0.04388846457, 0.0277688093483, 0.0208378694952, 0.0156803429127, 0.0182176884264, 0.0193797647953, 0.0102066323161, 0.0067817568779, 0.00837700534612, 0.00888252072036, 0.0094229709357, 0.00408485904336, 0.00630620121956, 0.00470665143803, 0.00425063306466, 0.00537668541074, 0.00385079463013, 0.00285453419201, 0.00514854956418, 0.00551969604567, 0.00431275041774, 0.00558429118246, 1.62925807672e-05],
        "mean": [0.000784025876783, 0.0175605453551, 0.00246375659481, 0.00165683252271, 0.00266161910258, 0.00261146412231, 0.00172959105112, 0.00143586203922, 0.00183241954073, 0.00188133260235, 0.00065691571217, 0.000759142218158, 0.000629573420156, 0.000520884001162, 0.000591345247813, 0.000388986547478, 0.000323427229887, 0.000385545397876, 0.000390701723518, 0.000596690282691, 0.000394080823753, 0.000281822285615, 0.000303190114209, 0.00033753894968, 0.000298671075143, 0.000115883209219, 6.52146354696e-08],
        "median": [0.000277039827779, 0.0075229825452, 0.000912417948712, 0.000595770019572, 0.00191397895105, 0.00178133894224, 0.000897547171917, 0.000660470221192, 0.00115169258788, 0.000883531116415, 0.00033681478817, 0.000481028459035, 0.000391951092752, 0.000273806304904, 0.000336504366715, 0.00021340821695, 0.000205676391488, 0.000270912598353, 0.000293286779197, 0.000413253554143, 0.000257830572082, 0.000183229058166, 0.000159118892043, 0.000168106125784, 0.000130556771182, 3.68488726963e-05, 8.05586264363e-10],
        "min": [3.22729761137e-07, 7.23280618331e-06, 9.47972421272e-06, 5.5595496633e-06, 1.87118330359e-05, 3.10795148835e-05, 3.68350301869e-05, 2.60675951722e-05, 3.4175831388e-05, 3.20736908179e-05, 9.05296201381e-06, 2.63984529738e-05, 1.46452748595e-05, 1.68619535543e-05, 2.24595460168e-05, 1.02589419839e-05, 1.01287414509e-05, 2.20053079829e-05, 1.67425587279e-05, 2.31213780353e-05, 1.57164431585e-05, 1.26367158373e-05, 1.35211303132e-05, 8.95723132999e-06, 7.65113145462e-06, 3.61384053349e-07, 1.17269631505e-11],
        "var": [2.02582236852e-06, 0.000848466530442, 2.79741270788e-05, 1.79417820618e-05, 1.01788818938e-05, 7.52854657549e-06, 5.45483317183e-06, 4.13322732129e-06, 4.14180703956e-06, 6.13996144239e-06, 8.75307705428e-07, 6.77015918882e-07, 5.91223567881e-07, 6.78989238168e-07, 6.3896749225e-07, 2.40908917704e-07, 1.45846428268e-07, 1.45782408367e-07, 1.23391828311e-07, 3.28594950361e-07, 1.64281786397e-07, 8.53249346733e-08, 1.76281389486e-07, 2.54009847822e-07, 1.73628293965e-07, 5.26424202008e-08, 2.50194721711e-13]
    },
    "erbbands": {
        "dmean": [0.535036802292, 2.84261894226, 2.7522008419, 4.77366828918, 6.39195299149, 5.59096240997, 9.35966014862, 14.9061880112, 13.113409996, 21.9321956635, 22.2824344635, 21.9202613831, 33.1807670593, 36.0593795776, 16.8262329102, 15.5329751968, 14.0081167221, 16.8363285065, 20.1247768402, 15.5039739609, 13.0800476074, 11.9595918655, 11.2339468002, 9.10967922211, 11.3436222076, 12.0996017456, 8.96335124969, 7.26615476608, 5.16025781631, 6.00866127014, 4.79357481003, 4.19608640671, 2.91388297081, 2.16989326477, 1.22083234787, 0.536171913147, 0.144042775035, 0.00988668762147, 0.00020792579744, 3.05927496811e-05],
        "dmean2": [0.88569688797, 4.58200836182, 4.61714982986, 8.24364948273, 11.139248848, 9.55537033081, 15.7650079727, 23.9168376923, 21.1117897034, 37.1236305237, 36.0089263916, 35.6700134277, 54.0356788635, 59.836101532, 27.7993812561, 25.6959056854, 23.1213378906, 27.6528148651, 33.0713996887, 25.2005405426, 21.4277935028, 19.4930667877, 17.7237930298, 15.0001888275, 18.0376472473, 18.6952285767, 14.3251085281, 11.5047082901, 8.19153499603, 9.75007152557, 7.34823894501, 6.3874168396, 4.3519949913, 3.26116323471, 1.88797676563, 0.858333110809, 0.224936723709, 0.0157077498734, 0.000325279543176, 4.57611349702e-05],
        "dvar": [1.13147580624, 30.3842334747, 36.1852035522, 147.295059204, 336.232208252, 73.8563613892, 192.112960815, 568.528869629, 298.774536133, 2021.54663086, 1235.27539062, 1082.79919434, 2123.62915039, 2419.47436523, 559.863708496, 548.327697754, 331.422119141, 856.262084961, 1473.58605957, 865.546447754, 505.854156494, 459.058837891, 284.661956787, 239.904067993, 277.302398682, 258.887176514, 178.308303833, 133.675643921, 62.3050498962, 112.515083313, 91.4940109253, 49.9967575073, 21.2920055389, 8.69519042969, 5.38946771622, 2.47822833061, 0.0808727219701, 0.000490179576445, 2.59940946989e-07, 2.34833730239e-09],
        "dvar2": [2.8338239193, 73.6240539551, 94.967628479, 393.615875244, 915.705383301, 202.104202271, 516.654785156, 1497.0925293, 798.962402344, 5501.05029297, 3024.80419922, 2920.74511719, 5625.66162109, 6649.13867188, 1417.44494629, 1443.55834961, 895.531188965, 2159.20947266, 3923.88696289, 2219.65039062, 1302.26806641, 1237.00183105, 714.739135742, 639.693725586, 702.055053711, 599.68371582, 441.27041626, 341.790863037, 154.195983887, 290.333618164, 210.108612061, 109.929962158, 43.4812278748, 18.7956447601, 13.1811656952, 6.76641225815, 0.205845087767, 0.00128466635942, 6.93877893809e-07, 5.45396749985e-09],
        "max": [8.38139533997, 46.3011550903, 48.512260437, 123.205940247, 235.006454468, 106.223503113, 174.821853638, 264.435302734, 225.143081665, 484.259033203, 418.482055664, 427.58795166, 529.155395508, 495.379455566, 274.833709717, 287.815704346, 239.227020264, 600.31640625, 566.35333252, 491.384124756, 277.936096191, 376.185913086, 273.285797119, 230.674468994, 241.221633911, 304.32434082, 160.145141602, 165.153076172, 104.318740845, 111.110328674, 183.922210693, 102.117790222, 86.7155380249, 37.5008010864, 42.5571212769, 37.9239273071, 6.05585861206, 0.497347831726, 0.0121602080762, 0.000938826240599],
        "mean": [0.585627198219, 3.59791111946, 3.40923643112, 4.66593027115, 6.57799530029, 9.03465366364, 15.4195261002, 23.1677398682, 20.8980998993, 31.4110393524, 33.2832221985, 34.95079422, 52.0793762207, 58.8919258118, 30.1818332672, 29.047460556, 25.9377212524, 29.2237377167, 32.6296386719, 25.4506607056, 21.3060092926, 19.2022399902, 21.2010803223, 17.8628902435, 24.6559638977, 28.3767967224, 18.6572265625, 13.7600975037, 10.2470903397, 9.33849048615, 8.58244991302, 7.56716823578, 5.25962209702, 3.63133597374, 1.88455712795, 0.708753466606, 0.188202962279, 0.0121428072453, 0.000289572868496, 6.82800164213e-05],
        "median": [0.213735431433, 1.49975979328, 1.52380335331, 1.90500473976, 2.9748673439, 6.22719812393, 10.2262830734, 13.9557723999, 14.2862005234, 15.1527776718, 17.1454772949, 23.2126083374, 33.7022781372, 32.7046699524, 19.4745750427, 18.2202281952, 17.8074760437, 16.1599941254, 16.7686004639, 14.7161188126, 12.0848312378, 12.3310623169, 15.2052268982, 13.2828063965, 18.1638069153, 19.5855445862, 12.7778949738, 9.22505664825, 6.78564739227, 5.30874443054, 4.64649677277, 3.79605031013, 2.51810383797, 1.76026916504, 0.706686258316, 0.211553320289, 0.0690231919289, 0.00371513259597, 0.000110823355499, 5.02928014612e-05],
        "min": [0.000251968740486, 0.00406278576702, 0.0174512993544, 0.0361010096967, 0.0405386127532, 0.0430756546557, 0.2173679322, 0.659281313419, 0.60397785902, 1.05223572254, 1.17533135414, 1.21114325523, 1.42856419086, 1.90967476368, 1.35908722878, 1.50097596645, 0.904555678368, 1.21631169319, 1.10497498512, 0.534649610519, 0.638286590576, 0.788700580597, 1.42006111145, 0.882455050945, 0.995916306973, 0.928547441959, 0.901924133301, 0.456479400396, 0.491775393486, 0.475606769323, 0.391156375408, 0.167020246387, 0.0700723826885, 0.0397193431854, 0.0417294688523, 0.00508808949962, 0.000338410085533, 1.9398972654e-05, 1.57756239787e-05, 1.01653495221e-05],
        "var": [1.10559058189, 34.2066917419, 34.6454124451, 106.722015381, 240.155334473, 87.8336868286, 271.294372559, 769.249389648, 432.422332764, 2632.05786133, 2115.28369141, 1568.84814453, 3455.00610352, 4723.92089844, 1031.40197754, 1112.33129883, 724.387634277, 1949.55175781, 2503.14282227, 1189.22241211, 728.878601074, 495.019195557, 429.853240967, 289.839355469, 515.570678711, 782.250610352, 348.811309814, 202.734344482, 106.70475769, 139.316345215, 158.367538452, 127.046585083, 59.6575546265, 22.9942855835, 9.47496700287, 2.27265977859, 0.101696722209, 0.000534596852958, 2.58478564774e-07, 3.12774162126e-09]
    },
    "gfcc": {
        "mean": [59.2760238647, 72.5456619263, -111.197975159, 35.374835968, -68.6610717773, 24.5877628326, -35.645526886, 21.1068706512, -27.5555000305, 11.6024456024, -14.8485097885, 3.80275940895, -6.15777015686],
        "cov": [[1006.44555664, -329.972381592, 143.08203125, 139.421813965, 52.2122688293, 86.4681777954, -19.5996704102, 31.1510715485, 18.0287761688, 26.0963592529, -52.3472328186, 21.1914863586, -65.2466278076], [-329.972381592, 662.245239258, -48.355381012, 60.4888572693, 144.250793457, -6.34612703323, 142.687728882, 0.596080362797, 85.1458892822, -3.41891551018, 81.0569534302, -40.5584106445, 67.4835968018], [143.08203125, -48.355381012, 387.576660156, 89.0844726562, 75.7450027466, 76.0462722778, 12.0083999634, 62.1428260803, 30.5212306976, 50.4410858154, 12.2911911011, 79.2986755371, 33.8221321106], [139.421813965, 60.4888572693, 89.0844726562, 235.159484863, 93.8725357056, 37.5422782898, 40.2006835938, 21.503698349, 77.4610748291, 15.3270015717, 36.9127883911, 7.34744548798, 33.3301582336], [52.2122688293, 144.250793457, 75.7450027466, 93.8725357056, 149.489242554, 45.9356880188, 62.9329032898, 31.3462467194, 54.3901901245, 22.8569393158, 14.6102142334, 5.49311685562, 19.9872169495], [86.4681777954, -6.34612703323, 76.0462722778, 37.5422782898, 45.9356880188, 116.198143005, 65.8281478882, 24.7033538818, 11.1506519318, 3.19115900993, 17.0368881226, 4.96102571487, -2.04070401192], [-19.5996704102, 142.687728882, 12.0083999634, 40.2006835938, 62.9329032898, 65.8281478882, 140.796157837, 38.8408966064, 30.4212589264, 12.1492938995, 35.7772216797, -9.49419784546, 0.283314466476], [31.1510715485, 0.596080362797, 62.1428260803, 21.503698349, 31.3462467194, 24.7033538818, 38.8408966064, 77.4752883911, 43.360710144, 24.3879833221, 10.1708335876, 8.91605949402, 8.38769817352], [18.0287761688, 85.1458892822, 30.5212306976, 77.4610748291, 54.3901901245, 11.1506519318, 30.4212589264, 43.360710144, 102.154266357, 41.7061347961, 28.2183208466, 7.45818185806, 20.8716812134], [26.0963592529, -3.41891551018, 50.4410858154, 15.3270015717, 22.8569393158, 3.19115900993, 12.1492938995, 24.3879833221, 41.7061347961, 78.2908172607, 35.523891449, 20.0981941223, 4.38222837448], [-52.3472328186, 81.0569534302, 12.2911911011, 36.9127883911, 14.6102142334, 17.0368881226, 35.7772216797, 10.1708335876, 28.2183208466, 35.523891449, 74.0972518921, 15.9186115265, 15.2170162201], [21.1914863586, -40.5584106445, 79.2986755371, 7.34744548798, 5.49311685562, 4.96102571487, -9.49419784546, 8.91605949402, 7.45818185806, 20.0981941223, 15.9186115265, 71.3184890747, 26.8002548218], [-65.2466278076, 67.4835968018, 33.8221321106, 33.3301582336, 19.9872169495, -2.04070401192, 0.283314466476, 8.38769817352, 20.8716812134, 4.38222837448, 15.2170162201, 26.8002548218, 70.5569152832]],
        "icov": [[0.00170022749808, 0.000465009390609, 0.000160557203344, -0.00146277958993, -0.0003045333724, -0.00112033460755, 0.000432555912994, -0.000312298769131, 0.000303961132886, -0.00103166885674, 0.00174976023845, -0.000861618027557, 0.00175486120861], [0.000465009390609, 0.00669599324465, -0.00207868334837, 0.0042878203094, -0.00627237744629, 0.00587677862495, -0.00617536855862, 0.00630904966965, -0.00651556625962, 0.00695835845545, -0.00798753555864, 0.00638029305264, -0.00498740142211], [0.000160557203344, -0.00207868334837, 0.0062063690275, -0.00366279087029, 0.000786056218203, -0.00517755420879, 0.00396075379103, -0.00582371326163, 0.00515155261382, -0.00556924100965, 0.00496811699122, -0.00685971369967, 0.00155188713688], [-0.00146277958993, 0.0042878203094, -0.00366279087029, 0.0127932038158, -0.00704115210101, 0.00525855924934, -0.00445359107107, 0.0075889211148, -0.0109059978276, 0.0100124757737, -0.0111534958705, 0.00743610458449, -0.00629363860935], [-0.0003045333724, -0.00627237744629, 0.000786056218203, -0.00704115210101, 0.0182300917804, -0.00681937113404, 0.001343407901, -0.00459860544652, 0.00317722768523, -0.0088472571224, 0.0115437284112, -0.00534272892401, 0.00299612618983], [-0.00112033460755, 0.00587677862495, -0.00517755420879, 0.00525855924934, -0.00681937113404, 0.0211897213012, -0.0120801227167, 0.00613741762936, -0.00574190029874, 0.0104808676988, -0.0110653089359, 0.0072255814448, -0.00410596048459], [0.000432555912994, -0.00617536855862, 0.00396075379103, -0.00445359107107, 0.001343407901, -0.0120801227167, 0.0206474047154, -0.0119805922732, 0.00746723124757, -0.00565067166463, 0.0023536705412, -0.00478713354096, 0.00657572690398], [-0.000312298769131, 0.00630904966965, -0.00582371326163, 0.0075889211148, -0.00459860544652, 0.00613741762936, -0.0119805922732, 0.02930720523, -0.0165842436254, 0.00630197674036, -0.00574569497257, 0.00761784706265, -0.00621193042025], [0.000303961132886, -0.00651556625962, 0.00515155261382, -0.0109059978276, 0.00317722768523, -0.00574190029874, 0.00746723124757, -0.0165842436254, 0.0299109052867, -0.0165787339211, 0.0086764395237, -0.00666510406882, 0.00291272532195], [-0.00103166885674, 0.00695835845545, -0.00556924100965, 0.0100124757737, -0.0088472571224, 0.0104808676988, -0.00565067166463, 0.00630197674036, -0.0165787339211, 0.0334210917354, -0.0217022094876, 0.00586217409, -0.00230419961736], [0.00174976023845, -0.00798753555864, 0.00496811699122, -0.0111534958705, 0.0115437284112, -0.0110653089359, 0.0023536705412, -0.00574569497257, 0.0086764395237, -0.0217022094876, 0.0370703488588, -0.0135272117332, 0.00515289185569], [-0.000861618027557, 0.00638029305264, -0.00685971369967, 0.00743610458449, -0.00534272892401, 0.0072255814448, -0.00478713354096, 0.00761784706265, -0.00666510406882, 0.00586217409, -0.0135272117332, 0.0301111377776, -0.0131999449804], [0.00175486120861, -0.00498740142211, 0.00155188713688, -0.00629363860935, 0.00299612618983, -0.00410596048459, 0.00657572690398, -0.00621193042025, 0.00291272532195, -0.00230419961736, 0.00515289185569, -0.0131999449804, 0.0257236044854]]
    },
    "melbands": {
        "dmean": [0.00443394482136, 0.00207251147367, 0.000881171610672, 0.000413776375353, 0.000293040211545, 0.000316235935315, 0.000213460443774, 0.000236882580793, 0.000173060499947, 0.000155836096383, 0.000174489061465, 0.000160496318131, 6.30958384136e-05, 5.11751277372e-05, 3.54694420821e-05, 3.52815914084e-05, 3.14080789394e-05, 3.59839068551e-05, 2.33945138461e-05, 1.84678392543e-05, 1.57865888468e-05, 1.30374219225e-05, 1.15841048682e-05, 1.0721117178e-05, 7.609396107e-06, 8.04315368441e-06, 1.01786299638e-05, 8.12475173007e-06, 6.14602913629e-06, 5.33934417035e-06, 4.35650235886e-06, 3.05118578581e-06, 3.17926901516e-06, 3.56842519977e-06, 2.95747736345e-06, 2.83380472865e-06, 2.58690170085e-06, 2.01899956664e-06, 2.37504536926e-06, 1.73834166617e-06],
        "dmean2": [0.00721287541091, 0.00331705296412, 0.00151253829245, 0.000711067928933, 0.00049663806567, 0.000509357370902, 0.000345886161085, 0.000401269091526, 0.000281679676846, 0.000252508907579, 0.000285404064925, 0.000266410643235, 0.000103980761196, 8.38197156554e-05, 5.96846257395e-05, 5.77178689127e-05, 5.16342370247e-05, 5.93666300119e-05, 3.79872726626e-05, 3.02914686472e-05, 2.60767756117e-05, 2.13637085835e-05, 1.85099306691e-05, 1.75237964868e-05, 1.25963879327e-05, 1.30661555886e-05, 1.62749456649e-05, 1.27180037452e-05, 9.95477876131e-06, 8.72026066645e-06, 7.05298816683e-06, 4.95961967317e-06, 5.22126356373e-06, 5.83314522373e-06, 4.67503468826e-06, 4.39104132965e-06, 4.01650549975e-06, 3.03648312183e-06, 3.67417010239e-06, 2.67817040367e-06],
        "dvar": [7.45367578929e-05, 1.56271180458e-05, 5.11681582793e-06, 8.18341504782e-07, 1.91497278479e-07, 2.44713191933e-07, 7.82322473469e-08, 1.93450432562e-07, 7.48153681229e-08, 4.4644675512e-08, 5.90724127392e-08, 5.11693833971e-08, 1.01465236213e-08, 4.36265024106e-09, 2.33065855504e-09, 3.24077520375e-09, 3.13008508002e-09, 5.20534282344e-09, 1.58080437629e-09, 8.84657569422e-10, 8.76177519427e-10, 5.90110682541e-10, 3.14479026153e-10, 2.40842734645e-10, 1.64554564419e-10, 1.57569610137e-10, 2.0238091758e-10, 1.25232338388e-10, 8.44839753711e-11, 6.84367978954e-11, 4.58151780403e-11, 2.14999944931e-11, 3.04007444218e-11, 3.87061528662e-11, 3.70369811209e-11, 2.39887450182e-11, 2.083275219e-11, 1.25015700916e-11, 1.14276496252e-11, 5.92960489737e-12],
        "dvar2": [0.000183982934686, 3.71264541172e-05, 1.35517702802e-05, 2.23808115152e-06, 5.10967026912e-07, 6.52228038689e-07, 2.09305071053e-07, 5.25779057625e-07, 1.87170726917e-07, 1.20049833185e-07, 1.56614277103e-07, 1.4070009513e-07, 2.53964884678e-08, 1.12991589418e-08, 6.46005204885e-09, 8.70818883669e-09, 7.97831400945e-09, 1.38730573696e-08, 3.91769505725e-09, 2.37430142214e-09, 2.29711338839e-09, 1.6001714398e-09, 7.88508369709e-10, 6.1575683441e-10, 4.44572212377e-10, 4.09536321522e-10, 5.0056708778e-10, 2.90764357036e-10, 2.11177700327e-10, 1.70327488225e-10, 1.18937748539e-10, 5.4744070388e-11, 7.76288269777e-11, 1.00332929465e-10, 8.98349034051e-11, 5.30475524618e-11, 4.74011871421e-11, 2.65716129655e-11, 2.60002384206e-11, 1.29093576107e-11],
        "max": [0.0688543766737, 0.0324075967073, 0.0240321718156, 0.0120411207899, 0.00562029145658, 0.00564380874857, 0.00336629338562, 0.00512265972793, 0.0030110203661, 0.00239466526546, 0.00279659638181, 0.00222312100232, 0.00133928388823, 0.000794116582256, 0.000710398308001, 0.000871367461514, 0.00109895970672, 0.00090445758542, 0.000570058415178, 0.000380906189093, 0.000429480685852, 0.000432905188063, 0.000227040960453, 0.000209591875318, 0.000190289967577, 0.000186688936083, 0.000202342314878, 0.000217188746319, 0.000121506447613, 9.67825690168e-05, 9.17134748306e-05, 6.20774517301e-05, 7.71496052039e-05, 6.31784932921e-05, 0.00011358683696, 7.15735950507e-05, 6.35474716546e-05, 7.21984979464e-05, 4.08661908295e-05, 2.83304289042e-05],
        "mean": [0.00518368277699, 0.00285798427649, 0.000865682552103, 0.000554437981918, 0.000510833866429, 0.000499215093441, 0.000341180188116, 0.000338843878126, 0.00025560380891, 0.000239208035055, 0.000268337957095, 0.000252779718721, 0.00010035354353, 8.87191490619e-05, 5.97307844146e-05, 6.23457963229e-05, 5.04675699631e-05, 5.41060580872e-05, 3.73608527298e-05, 2.88083847408e-05, 2.36523374042e-05, 1.88733883988e-05, 1.97632143681e-05, 1.8664275558e-05, 1.34766814881e-05, 1.55885663844e-05, 2.18418917939e-05, 1.76032190211e-05, 1.19880205602e-05, 9.41045527725e-06, 7.57662974138e-06, 5.79013931201e-06, 5.26425674252e-06, 5.13568238603e-06, 4.90584852741e-06, 4.94455707667e-06, 4.40437497673e-06, 3.54266853719e-06, 3.72094586965e-06, 2.8311017104e-06],
        "median": [0.00217363191769, 0.0013086713152, 0.000362249324098, 0.00034912728006, 0.000360559934052, 0.00031616963679, 0.000232024118304, 0.000172019426827, 0.000139467636473, 0.000154291919898, 0.000171958148712, 0.000129742926219, 5.64525762456e-05, 5.98137776251e-05, 3.69150693587e-05, 3.51495109499e-05, 2.65768994723e-05, 2.56964722212e-05, 2.27578275371e-05, 1.57534905156e-05, 1.29137615659e-05, 1.13005999083e-05, 1.28975689222e-05, 1.36453563755e-05, 9.29346697376e-06, 1.12962343337e-05, 1.44319674291e-05, 1.19587793961e-05, 8.02602789918e-06, 5.88282409808e-06, 4.88285422762e-06, 3.74905084755e-06, 3.21092011291e-06, 2.6345724109e-06, 2.67385644293e-06, 2.46918079938e-06, 2.10634425457e-06, 1.64484856668e-06, 1.896513254e-06, 1.29968157125e-06],
        "min": [2.42303190134e-06, 1.40764577736e-05, 8.58070052345e-06, 1.71956685335e-06, 8.00124780653e-06, 7.46244222682e-06, 9.15128566703e-06, 9.05735214474e-06, 9.05764227355e-06, 4.54329347122e-06, 5.86413125347e-06, 3.7830607198e-06, 2.65959420176e-06, 2.87432771984e-06, 1.65354788351e-06, 2.29872125601e-06, 1.36131791351e-06, 1.1658985386e-06, 8.80976244844e-07, 5.68778375509e-07, 6.6550376232e-07, 6.31831653664e-07, 7.61481942391e-07, 1.04473463125e-06, 4.52186867506e-07, 6.19996399109e-07, 8.04022590728e-07, 5.07639924763e-07, 6.46340936328e-07, 2.60266745045e-07, 2.35415683392e-07, 2.06012884973e-07, 2.65150362111e-07, 2.27650801321e-07, 1.80848161335e-07, 1.15224231934e-07, 8.34504731984e-08, 4.35297309309e-08, 1.40213813893e-08, 3.81697304874e-08],
