{
"highlevel": {
    "danceability": {
        "all": {
            "danceable": 0.902973353863,
            "not_danceable": 0.0970266163349
        },
        "probability": 0.902973353863,
        "value": "danceable"
    },
    "gender": {
        "all": {
            "female": 0.0322865098715,
            "male": 0.967713475227
        },
        "probability": 0.967713475227,
        "value": "male"
    },
    "genre_dortmund": {
        "all": {
            "alternative": 0.085767224431,
            "blues": 0.126818060875,
            "electronic": 0.065150000155,
            "folkcountry": 0.0375791527331,
            "funksoulrnb": 0.0313144288957,
            "jazz": 0.0597409233451,
            "pop": 0.0383746996522,
            "raphiphop": 0.062897823751,
            "rock": 0.492357701063
        },
        "probability": 0.492357701063,
        "value": "rock"
    },
    "genre_electronic": {
        "all": {
            "ambient": 0.439878880978,
            "dnb": 0.239077478647,
            "house": 0.104207970202,
            "techno": 0.0143124517053,
            "trance": 0.202523201704
        },
        "probability": 0.439878880978,
        "value": "ambient"
    },
    "genre_rosamerica": {
        "all": {
            "cla": 0.00892956461757,
            "dan": 0.0746203809977,
            "hip": 0.0764946565032,
            "jaz": 0.0129114817828,
            "pop": 0.340954035521,
            "rhy": 0.0358104147017,
            "roc": 0.443129658699,
            "spe": 0.00714978063479
        },
        "probability": 0.443129658699,
        "value": "roc"
    },
    "genre_tzanetakis": {
        "all": {
            "blu": 0.0607505217195,
            "cla": 0.0337227918208,
            "cou": 0.0758651271462,
            "dis": 0.0505796410143,
            "hip": 0.151755273342,
            "jaz": 0.303654819727,
            "met": 0.0505770146847,
            "pop": 0.0606838613749,
            "reg": 0.0606845654547,
            "roc": 0.151726379991
        },
        "probability": 0.303654819727,
        "value": "jaz"
    },
    "ismir04_rhythm": {
        "all": {
            "ChaChaCha": 0.733848392963,
            "Jive": 0.077222071588,
            "Quickstep": 0.0308937486261,
            "Rumba-American": 0.0208040103316,
            "Rumba-International": 0.00418151915073,
            "Rumba-Misc": 0.0018321237294,
            "Samba": 0.108601056039,
            "Tango": 0.0115273511037,
            "VienneseWaltz": 0.00936648435891,
            "Waltz": 0.00172324164305
        },
        "probability": 0.733848392963,
        "value": "ChaChaCha"
    },
    "mood_acoustic": {
        "all": {
            "acoustic": 0.0152245461941,
            "not_acoustic": 0.984775424004
        },
        "probability": 0.984775424004,
        "value": "not_acoustic"
    },
    "mood_aggressive": {
        "all": {
            "aggressive": 0.720790922642,
            "not_aggressive": 0.279209047556
        },
        "probability": 0.720790922642,
        "value": "aggressive"
    },
    "mood_electronic": {
        "all": {
            "electronic": 0.476616442204,
            "not_electronic": 0.523383557796
        },
        "probability": 0.523383557796,
        "value": "not_electronic"
    },
    "mood_happy": {
        "all": {
            "happy": 0.881783187389,
            "not_happy": 0.118216820061
        },
        "probability": 0.881783187389,
        "value": "happy"
    },
    "mood_party": {
        "all": {
            "not_party": 0.467575848103,
            "party": 0.532424151897
        },
        "probability": 0.532424151897,
        "value": "party"
    },
    "mood_relaxed": {
        "all": {
            "not_relaxed": 0.990250945091,
            "relaxed": 0.00974905397743
        },
        "probability": 0.990250945091,
        "value": "not_relaxed"
    },
    "mood_sad": {
        "all": {
            "not_sad": 0.912902414799,
            "sad": 0.087097607553
        },
        "probability": 0.912902414799,
        "value": "not_sad"
    },
    "moods_mirex": {
        "all": {
            "Cluster1": 0.132060438395,
            "Cluster2": 0.110109336674,
            "Cluster3": 0.0261571109295,
            "Cluster4": 0.104502879083,
            "Cluster5": 0.627170205116
        },
        "probability": 0.627170205116,
        "value": "Cluster5"
    },
    "timbre": {
        "all": {
            "bright": 0.731702446938,
            "dark": 0.268297553062
        },
        "probability": 0.731702446938,
        "value": "bright"
    },
    "tonal_atonal": {
        "all": {
            "atonal": 0.0254393815994,
            "tonal": 0.974560618401
        },
        "probability": 0.974560618401,
        "value": "tonal"
    },
    "voice_instrumental": {
        "all": {
            "instrumental": 0.0376917943358,
            "voice": 0.962308228016
        },
        "probability": 0.962308228016,
        "value": "voice"
    }
},
"lowlevel": {
    "average_loudness": 0.969322085381,
    "barkbands_crest": {
        "dmean": 2.78979206085,
        "dmean2": 4.685110569,
        "dvar": 5.46669435501,
        "dvar2": 14.4552745819,
        "max": 22.2597446442,
        "mean": 9.1506280899,
        "median": 8.460272789,
        "min": 2.98887085915,
        "var": 12.6242809296
    },
    "barkbands_flatness_db": {
        "dmean": 0.02163875103,
        "dmean2": 0.03442812711,
        "dvar": 0.000400698394515,
        "dvar2": 0.000978756463155,
        "max": 0.331972539425,
        "mean": 0.125971496105,
        "median": 0.12015452981,
        "min": 0.0488372407854,
        "var": 0.00162177428138
    },
    "barkbands_kurtosis": {
        "dmean": 2.51556921005,
        "dmean2": 4.21597337723,
        "dvar": 32.5694732666,
        "dvar2": 84.2443084717,
        "max": 91.6276168823,
        "mean": 2.72793793678,
        "median": 0.56610918045,
        "min": -1.91679406166,
        "var": 56.743812561
    },
    "barkbands_skewness": {
        "dmean": 0.543042898178,
        "dmean2": 0.871363520622,
        "dvar": 0.396206855774,
        "dvar2": 0.950784683228,
        "max": 8.14500045776,
        "mean": 1.27550780773,
        "median": 1.03197896481,
        "min": -0.815279781818,
        "var": 1.19732284546
    },
    "barkbands_spread": {
        "dmean": 6.67858076096,
        "dmean2": 10.0218553543,
        "dvar": 47.3138923645,
        "dvar2": 96.0573959351,
        "max": 99.078414917,
        "mean": 27.8852500916,
        "median": 25.5197620392,
        "min": 1.91087722778,
        "var": 226.363693237
    },
    "dissonance": {
        "dmean": 0.0151314632967,
        "dmean2": 0.0257859826088,
        "dvar": 0.000310344417812,
        "dvar2": 0.000865016772877,
        "max": 0.499903559685,
        "mean": 0.472331404686,
        "median": 0.480558305979,
        "min": 0.327752530575,
        "var": 0.000639934383798
    },
    "dynamic_complexity": 1.87439978123,
    "erbbands_crest": {
        "dmean": 2.6038916111,
        "dmean2": 4.32294082642,
        "dvar": 6.6690993309,
        "dvar2": 17.3267478943,
        "max": 25.6750278473,
        "mean": 8.07133865356,
        "median": 6.83650016785,
        "min": 2.355894804,
        "var": 20.1065101624
    },
    "erbbands_flatness_db": {
        "dmean": 0.0198231246322,
        "dmean2": 0.028098506853,
        "dvar": 0.000298793340335,
        "dvar2": 0.000574564212002,
        "max": 0.268600046635,
        "mean": 0.144670665264,
        "median": 0.144889071584,
        "min": 0.0491565205157,
        "var": 0.00162447523326
    },
    "erbbands_kurtosis": {
        "dmean": 0.870808124542,
        "dmean2": 1.39196383953,
        "dvar": 1.15468513966,
        "dvar2": 2.88552451134,
        "max": 13.86277771,
        "mean": 0.412891417742,
        "median": -0.166709184647,
        "min": -1.55643987656,
        "var": 3.6520690918
    },
    "erbbands_skewness": {
        "dmean": 0.349440574646,
        "dmean2": 0.545012235641,
        "dvar": 0.0931742265821,
        "dvar2": 0.208631232381,
        "max": 2.51106643677,
        "mean": 0.0834678560495,
        "median": 0.0188648831099,
        "min": -3.20992279053,
        "var": 0.696825683117
    },
    "erbbands_spread": {
        "dmean": 8.25115871429,
        "dmean2": 12.7473859787,
        "dvar": 73.6688156128,
        "dvar2": 165.239852905,
        "max": 111.55847168,
        "mean": 39.3761825562,
        "median": 37.2015037537,
        "min": 7.8247590065,
        "var": 293.479766846
    },
    "hfc": {
        "dmean": 9.1637172699,
        "dmean2": 13.0035505295,
        "dvar": 175.863525391,
        "dvar2": 354.351989746,
        "max": 131.536148071,
        "mean": 25.4012832642,
        "median": 21.7723693848,
        "min": 0.54160118103,
        "var": 381.325561523
    },
    "melbands_crest": {
        "dmean": 3.80684542656,
        "dmean2": 6.40383672714,
        "dvar": 9.98599243164,
        "dvar2": 24.5262622833,
        "max": 32.7354927063,
        "mean": 14.2105207443,
        "median": 13.7586660385,
        "min": 4.31515312195,
        "var": 25.1680831909
    },
    "melbands_flatness_db": {
        "dmean": 0.0263324975967,
        "dmean2": 0.0418298617005,
        "dvar": 0.000635622243863,
        "dvar2": 0.00155061495025,
        "max": 0.438819080591,
        "mean": 0.171460017562,
        "median": 0.161239758134,
        "min": 0.0514084435999,
        "var": 0.00309556443244
    },
    "melbands_kurtosis": {
        "dmean": 7.58102893829,
        "dmean2": 12.6421012878,
        "dvar": 285.908233643,
        "dvar2": 721.573425293,
        "max": 245.369552612,
        "mean": 11.6090517044,
        "median": 5.18140983582,
        "min": -1.45383810997,
        "var": 475.42956543
    },
    "melbands_skewness": {
        "dmean": 0.788107454777,
        "dmean2": 1.28246676922,
        "dvar": 0.92056208849,
        "dvar2": 2.23682570457,
        "max": 10.972205162,
        "mean": 2.44202780724,
        "median": 2.13542580605,
        "min": -0.222691267729,
        "var": 2.80204415321
    },
    "melbands_spread": {
        "dmean": 8.57262325287,
        "dmean2": 13.7185049057,
        "dvar": 83.1139221191,
        "dvar2": 214.030929565,
        "max": 140.746063232,
        "mean": 27.9448051453,
        "median": 26.1268634796,
        "min": 1.33859491348,
        "var": 242.219543457
    },
    "pitch_salience": {
        "dmean": 0.074983522296,
        "dmean2": 0.124164253473,
        "dvar": 0.0041717775166,
        "dvar2": 0.0111340172589,
        "max": 0.847409307957,
        "mean": 0.564173460007,
        "median": 0.565564036369,
        "min": 0.238158687949,
        "var": 0.0101315425709
    },
    "silence_rate_20dB": {
        "dmean": 0,
        "dmean2": 0,
        "dvar": 0,
        "dvar2": 0,
        "max": 1,
        "mean": 1,
        "median": 1,
        "min": 1,
        "var": 0
    },
    "silence_rate_30dB": {
        "dmean": 0.0030959751457,
        "dmean2": 0.00619674660265,
        "dvar": 0.00308637646958,
        "dvar2": 0.00925667863339,
        "max": 1,
        "mean": 0.998453199863,
        "median": 1,
        "min": 0,
        "var": 0.00154439546168
    },
    "silence_rate_60dB": {
        "dmean": 0.00696594407782,
        "dmean2": 0.0131680862978,
        "dvar": 0.0069174664095,
        "dvar2": 0.0191915035248,
        "max": 1,
        "mean": 0.00386697612703,
        "median": 0,
        "min": 0,
        "var": 0.00385203957558
    },
    "spectral_centroid": {
        "dmean": 270.931518555,
        "dmean2": 418.44732666,
        "dvar": 73799.578125,
        "dvar2": 146672.6875,
        "max": 4179.35693359,
        "mean": 1647.49267578,
        "median": 1653.77502441,
        "min": 210.223251343,
        "var": 429208.59375
    },
    "spectral_complexity": {
        "dmean": 5.19891643524,
        "dmean2": 7.44539117813,
        "dvar": 34.5867729187,
        "dvar2": 56.2066040039,
        "max": 59,
        "mean": 25.90873909,
        "median": 25,
        "min": 1,
        "var": 146.628921509
    },
    "spectral_decrease": {
        "dmean": 3.14862602657e-09,
        "dmean2": 5.18579668096e-09,
        "dvar": 2.42844345978e-17,
        "dvar2": 6.40245867399e-17,
        "max": -1.02149372294e-10,
        "mean": -7.06984915055e-09,
        "median": -5.99465144191e-09,
        "min": -4.31177618054e-08,
        "var": 2.63411232379e-17
    },
    "spectral_energy": {
        "dmean": 0.0125141013414,
        "dmean2": 0.020403733477,
        "dvar": 0.000370716239559,
        "dvar2": 0.000964407692663,
        "max": 0.165061503649,
        "mean": 0.0289872176945,
        "median": 0.0246320869774,
        "min": 0.000434659130406,
        "var": 0.000419924181188
    },
    "spectral_energyband_high": {
        "dmean": 0.000647739274427,
        "dmean2": 0.000878159247804,
        "dvar": 1.39093958751e-06,
        "dvar2": 2.89107015305e-06,
        "max": 0.0168623141944,
        "mean": 0.00120510335546,
        "median": 0.000619802449364,
        "min": 4.80783182866e-06,
        "var": 2.8716729048e-06
    },
    "spectral_energyband_low": {
        "dmean": 0.00827014353126,
        "dmean2": 0.0143338264897,
        "dvar": 0.000286394177238,
        "dvar2": 0.000798651890364,
        "max": 0.154040172696,
        "mean": 0.0116215907037,
        "median": 0.0066870986484,
        "min": 1.4019925402e-05,
        "var": 0.000259151740465
    },
    "spectral_energyband_middle_high": {
        "dmean": 0.00219301902689,
        "dmean2": 0.0033617541194,
        "dvar": 7.93769413576e-06,
        "dvar2": 1.91635754163e-05,
        "max": 0.0275054574013,
        "mean": 0.00623979279771,
        "median": 0.00519318878651,
        "min": 1.18579073387e-05,
        "var": 2.22689377551e-05
    },
    "spectral_energyband_middle_low": {
        "dmean": 0.00498177856207,
        "dmean2": 0.00803154800087,
        "dvar": 3.54697331204e-05,
        "dvar2": 9.2437134299e-05,
        "max": 0.0497669354081,
        "mean": 0.0111639956012,
        "median": 0.00958826765418,
        "min": 0.000134761197842,
        "var": 6.05741843174e-05
    },
    "spectral_entropy": {
        "dmean": 0.13592928648,
        "dmean2": 0.192195996642,
        "dvar": 0.0172617752105,
        "dvar2": 0.0336652845144,
        "max": 8.40949344635,
        "mean": 7.72761631012,
        "median": 7.7526807785,
        "min": 6.08907938004,
        "var": 0.1036420241
    },
    "spectral_flux": {
        "dmean": 0.0291806161404,
        "dmean2": 0.0447969846427,
        "dvar": 0.00136932788882,
        "dvar2": 0.00269513716921,
        "max": 0.37694299221,
        "mean": 0.0954920873046,
        "median": 0.084578499198,
        "min": 0.0100423851982,
        "var": 0.00243005808443
    },
    "spectral_kurtosis": {
        "dmean": 1.23590517044,
        "dmean2": 2.07674908638,
        "dvar": 1.50525474548,
        "dvar2": 4.06835699081,
        "max": 16.3421421051,
        "mean": 3.83992576599,
        "median": 3.54718208313,
        "min": -0.205809116364,
        "var": 4.30780506134
    },
    "spectral_rms": {
        "dmean": 0.00103858869988,
        "dmean2": 0.00163761340082,
        "dvar": 1.6069521962e-06,
        "dvar2": 3.85160001315e-06,
        "max": 0.0126899806783,
        "mean": 0.00505677750334,
        "median": 0.00490217329934,
        "min": 0.000651197100524,
        "var": 2.70921464107e-06
    },
    "spectral_rolloff": {
        "dmean": 569.830749512,
        "dmean2": 940.239257812,
        "dvar": 586173.1875,
        "dvar2": 1340451.25,
        "max": 8828.61328125,
        "mean": 1725.7376709,
        "median": 1528.85742188,
        "min": 64.599609375,
        "var": 1525742.625
    },
    "spectral_skewness": {
        "dmean": 0.207330703735,
        "dmean2": 0.33098077774,
        "dvar": 0.036197822541,
        "dvar2": 0.0867441818118,
        "max": 3.24272751808,
        "mean": 1.3862901926,
        "median": 1.38852357864,
        "min": 0.283301979303,
        "var": 0.193206459284
    },
    "spectral_spread": {
        "dmean": 568363.375,
        "dmean2": 810993.375,
        "dvar": 408256086016,
        "dvar2": 821042216960,
        "max": 11933687,
        "mean": 4418850,
        "median": 4093884.5,
        "min": 2233031.25,
        "var": 1.3466379223e+12
    },
    "spectral_strongpeak": {
        "dmean": 0.527012944221,
        "dmean2": 0.898144304752,
        "dvar": 0.580161988735,
        "dvar2": 1.41807448864,
        "max": 8.19094848633,
        "mean": 0.904482483864,
        "median": 0.446315735579,
        "min": 0,
        "var": 1.15134060383
    },
    "zerocrossingrate": {
        "dmean": 0.0105233676732,
        "dmean2": 0.0119914459065,
        "dvar": 0.000120170589071,
        "dvar2": 0.00014590358478,
        "max": 0.2412109375,
        "mean": 0.0651970654726,
        "median": 0.06103515625,
        "min": 0.0078125,
        "var": 0.000854312151205
    },
    "barkbands": {
        "dmean": [0.000556443701498, 0.00464237108827, 0.00375323556364, 0.00137978233397, 0.0012101305183, 0.0010841867188, 0.00112739182077, 0.000651020964142, 0.00180245481897, 0.000451608706499, 0.000522587390151, 0.000324492226355, 0.000440028350567, 0.000378983822884, 0.000339973543305, 0.000282401277218, 0.000320063001709, 0.000257290899754, 0.000368659704691, 0.000200748196221, 0.000215058564208, 0.000130368163809, 8.13637598185e-05, 7.82904171501e-05, 7.83682335168e-05, 9.01205421542e-05, 3.93558607925e-08],
        "dmean2": [0.000893407966942, 0.00831332802773, 0.00639236904681, 0.00230320473202, 0.00199008220807, 0.001696143765, 0.00189764657989, 0.00104255694896, 0.0029822550714, 0.000757594592869, 0.000868700270075, 0.000516457599588, 0.00070673058508, 0.000600272498559, 0.000568166084122, 0.00046942816698, 0.000511555757839, 0.000410383712733, 0.000587029033341, 0.00032382432255, 0.00032831003773, 0.000198062611162, 0.00011843277025, 0.000109913460619, 0.000115286406071, 0.000137378912768, 7.34306979666e-08],
        "dvar": [1.95334700948e-06, 9.52352856984e-05, 6.03143344051e-05, 4.14476107835e-06, 4.6866834964e-06, 3.36714765581e-06, 4.62222214992e-06, 2.02626256396e-06, 1.11942390504e-05, 6.95793573868e-07, 9.59911631071e-07, 5.01681256537e-07, 8.21935884687e-07, 4.81788276829e-07, 5.12381518547e-07, 2.49916752182e-07, 2.11767130054e-07, 2.0514659127e-07, 3.89371507481e-07, 1.47060106315e-07, 2.04819627925e-07, 6.91205528369e-08, 2.31638423998e-08, 2.05568735367e-08, 3.14612513819e-08, 6.52335145901e-08, 5.48731863442e-14],
        "dvar2": [4.96499978908e-06, 0.000277241051663, 0.0001632853091, 1.09736574814e-05, 1.21024004329e-05, 8.06628395367e-06, 1.22563160403e-05, 4.60988667328e-06, 3.05687644868e-05, 1.8845047407e-06, 2.84731822831e-06, 1.36854555421e-06, 2.15638397094e-06, 1.07316066078e-06, 1.47721300436e-06, 6.28652401247e-07, 5.39617133199e-07, 5.06150286128e-07, 9.60358079283e-07, 3.81994880172e-07, 4.93307481975e-07, 1.67736132539e-07, 5.187023433e-08, 4.51570265625e-08, 7.26082376445e-08, 1.54133132924e-07, 1.5701818372e-13],
        "max": [0.015485287644, 0.0831975713372, 0.0633884966373, 0.0151372607797, 0.023582007736, 0.0284710433334, 0.0299524776638, 0.0217230264097, 0.0362320579588, 0.0107181090862, 0.0134193254635, 0.0130984764546, 0.0232240911573, 0.0113813644275, 0.00963262002915, 0.00848243478686, 0.00745217781514, 0.00549919391051, 0.00729557359591, 0.00443438021466, 0.00655878148973, 0.00270400708541, 0.00189902388956, 0.00272378558293, 0.00188045576215, 0.00321608805098, 4.4257940317e-06],
        "mean": [0.000694705347996, 0.00556222628802, 0.00421131169423, 0.00210432591848, 0.00168936746195, 0.00173534394708, 0.00148217682727, 0.000949989713263, 0.0030304081738, 0.000650446105283, 0.000850044307299, 0.000489841389935, 0.000668265041895, 0.000662273028865, 0.000568935705815, 0.000484254880575, 0.000606484129094, 0.000469074642751, 0.000696422939654, 0.000365004321793, 0.000333828065777, 0.000223953509703, 0.000140241274494, 0.000126217710203, 0.000101088749943, 9.09821028472e-05, 2.30907879484e-08],
        "median": [0.000108215463115, 0.00222079455853, 0.00164287979715, 0.00119423447177, 0.000980354845524, 0.000869688985404, 0.000711682427209, 0.000323808839312, 0.00079702027142, 0.000351872527972, 0.000323211599607, 0.000226859847317, 0.0002841312089, 0.000331353774527, 0.000280476582702, 0.000301512598526, 0.000424022960942, 0.000296109239571, 0.00040699497913, 0.000244125971221, 0.000145658792462, 0.000112059780804, 6.81448727846e-05, 5.50047989236e-05, 2.44974107773e-05, 1.05852868728e-05, 5.64532143255e-10],
        "min": [3.65837706795e-08, 6.1366117734e-06, 6.12414510215e-07, 4.92797084917e-07, 1.1072246707e-05, 1.26260865727e-05, 1.33246351197e-06, 1.09674965643e-06, 1.70961425283e-06, 1.85199940006e-06, 1.80563381491e-06, 8.14664417703e-07, 3.16425627034e-07, 5.7937489828e-07, 2.63878376927e-07, 4.69146698379e-07, 1.21157893318e-06, 4.53694440239e-07, 9.14496069981e-07, 7.6710000485e-07, 5.7510590068e-07, 8.81978280631e-07, 3.52220354216e-07, 4.51753052744e-08, 1.00507113743e-08, 9.48285200364e-12, 1.00752167026e-11],
        "var": [2.55209693023e-06, 8.56039259816e-05, 5.13355080329e-05, 5.96913560003e-06, 5.08012681166e-06, 6.38248275209e-06, 5.56545637664e-06, 4.24187555836e-06, 2.72091838269e-05, 8.83137545316e-07, 2.28261342272e-06, 7.88434590504e-07, 1.48632670971e-06, 1.2149740769e-06, 8.92090156412e-07, 4.58688646177e-07, 4.38930499058e-07, 3.53748930593e-07, 8.78688979356e-07, 2.03681523203e-07, 2.83019886638e-07, 1.13936906132e-07, 4.02528748111e-08, 4.42287557689e-08, 4.69314507257e-08, 6.87098307139e-08, 3.0564960285e-14]
    },
    "erbbands": {
        "dmean": [0.139808043838, 1.07140231133, 4.15860652924, 4.13364505768, 3.29163432121, 4.70232725143, 7.62973928452, 8.94719791412, 15.2803592682, 13.0279426575, 20.0347728729, 46.0594711304, 14.2529020309, 15.0607709885, 19.5099067688, 13.2651529312, 20.6558456421, 15.4545669556, 18.9892520905, 15.4262208939, 14.5090265274, 17.1873512268, 14.2513074875, 17.8689117432, 14.2059621811, 9.48579025269, 9.86178207397, 7.34642553329, 5.00114488602, 3.27004146576, 2.23326635361, 1.50784897804, 1.44253981113, 0.804711222649, 0.646995425224, 0.427039146423, 0.167552545667, 0.0139722488821, 0.000260106986389, 2.51639921771e-05],
        "dmean2": [0.241319820285, 1.92668950558, 7.10497999191, 6.84621286392, 5.55589008331, 7.8241353035, 12.2565412521, 14.0976381302, 25.7517642975, 21.2272167206, 32.6374855042, 76.5018615723, 23.4313678741, 25.1834106445, 31.7620792389, 21.0785560608, 33.0840454102, 24.9330253601, 30.4009876251, 24.9645175934, 23.9644947052, 27.4602966309, 22.4304656982, 28.4939785004, 22.8640289307, 15.233836174, 15.1883106232, 11.2210912704, 7.70036697388, 4.69743251801, 3.27517342567, 2.18026566505, 2.06241440773, 1.18807172775, 0.982522547245, 0.651959240437, 0.259890645742, 0.0216605868191, 0.000397330761189, 3.74618830392e-05],
        "dvar": [0.0718336328864, 6.25325298309, 86.3823471069, 38.4719200134, 30.121465683, 75.1745147705, 215.817886353, 225.728210449, 926.485412598, 608.352478027, 1460.17138672, 7985.89941406, 836.50994873, 529.555175781, 1463.35681152, 848.006591797, 1982.94946289, 578.643920898, 1455.31921387, 914.3828125, 471.923858643, 678.860412598, 594.028625488, 1042.00512695, 568.681091309, 306.672698975, 437.545135498, 211.382263184, 103.714744568, 40.3868408203, 18.1385440826, 8.1180229187, 7.05483436584, 3.08688640594, 2.30352544785, 1.44559621811, 0.220671117306, 0.00169024709612, 5.45037153188e-07, 2.1438573139e-09],
        "dvar2": [0.206861972809, 18.1752510071, 235.880172729, 103.917831421, 82.6569137573, 187.765350342, 543.219482422, 536.142944336, 2477.82275391, 1545.69042969, 3521.74755859, 21778.046875, 2353.89404297, 1442.10925293, 3995.71386719, 2385.74536133, 5330.83789062, 1459.57678223, 3852.38183594, 2412.59399414, 1194.09130859, 1708.67370605, 1493.33911133, 2360.93481445, 1427.77453613, 806.20715332, 1071.65429688, 504.800201416, 248.82244873, 94.72315979, 41.9675712585, 18.1540622711, 15.765253067, 6.80121469498, 5.54049015045, 3.47774672508, 0.516727387905, 0.00399639829993, 1.28703334212e-06, 4.96550400797e-09],
        "max": [2.34327888489, 22.7693996429, 77.4373703003, 54.0012817383, 58.9019584656, 95.8568115234, 164.021835327, 214.819519043, 511.571044922, 334.607910156, 596.461181641, 1125.29064941, 494.875488281, 254.697662354, 794.935424805, 556.442993164, 1138.23864746, 314.469024658, 575.484863281, 503.344024658, 262.481262207, 508.697265625, 289.744750977, 435.829681396, 293.82244873, 218.436065674, 307.864227295, 174.234970093, 114.770591736, 92.0761566162, 60.9635696411, 42.7276191711, 49.1563301086, 22.0140342712, 15.0594367981, 15.0352153778, 5.48988389969, 0.511722266674, 0.00883809942752, 0.000511050457135],
        "mean": [0.17158652842, 1.21511220932, 4.59705448151, 6.4081568718, 4.68736457825, 6.53446578979, 10.9566144943, 14.7682256699, 20.3426132202, 19.3333835602, 33.3377037048, 77.3610153198, 22.977596283, 25.3724899292, 34.1029281616, 21.9556045532, 33.0073127747, 28.3074550629, 34.6552848816, 27.7713432312, 27.4875926971, 33.4435195923, 26.7721843719, 34.8658561707, 27.75041008, 17.6854152679, 15.4364528656, 11.5985565186, 8.38986778259, 5.68065595627, 3.72900390625, 2.39680099487, 2.25356149673, 1.13931286335, 0.737228572369, 0.451781094074, 0.164118260145, 0.0125893671066, 0.000256927945884, 4.81244387629e-05],
        "median": [0.0530133061111, 0.498952120543, 1.8863581419, 3.94549846649, 3.0533952713, 3.39198279381, 5.00335216522, 7.54595279694, 10.8089818954, 9.18512439728, 13.6059427261, 18.4528121948, 11.9302101135, 13.6881027222, 13.6580944061, 11.1360044479, 14.3484306335, 16.349029541, 16.7898807526, 16.1758289337, 18.6905460358, 23.2968959808, 18.0356178284, 21.130147934, 17.6860141754, 12.9491786957, 7.11389732361, 5.22523498535, 4.09392166138, 2.78238582611, 1.76983606815, 1.01368892193, 0.974512934685, 0.327417224646, 0.151827603579, 0.0715257003903, 0.0141296982765, 0.000742435047869, 3.60191334039e-05, 3.37221717928e-05],
        "min": [8.40386128402e-05, 0.00138126488309, 0.00349290808663, 0.0057647372596, 0.031965047121, 0.041185438633, 0.0440061762929, 0.136356711388, 0.0445790588856, 0.0553523078561, 0.0355275757611, 0.0343261212111, 0.0571510531008, 0.0518880821764, 0.0532543323934, 0.0313638225198, 0.018977176398, 0.0282181091607, 0.0209417734295, 0.0141521822661, 0.0345262140036, 0.0672327056527, 0.0291029252112, 0.0505249984562, 0.0296991560608, 0.0398987568915, 0.0284806173295, 0.0231532789767, 0.0401266776025, 0.0176738910377, 0.00779436528683, 0.00151186273433, 0.00209841760807, 0.00223367917351, 0.000562952540349, 0.000123929683468, 9.20661204873e-06, 9.49000423134e-07, 2.06231015909e-06, 1.05930200789e-06],
        "var": [0.0905761569738, 4.70126533508, 68.4463882446, 50.4491729736, 31.3280849457, 87.3121871948, 303.870422363, 450.4559021, 1039.28039551, 959.991394043, 3436.38867188, 20159.3574219, 1125.20202637, 1065.43029785, 4097.96191406, 1376.09985352, 3587.19287109, 1408.63830566, 3166.53125, 1625.14770508, 913.741210938, 1434.89868164, 932.632995605, 2531.33764648, 1149.5480957, 408.778991699, 588.636047363, 317.537872314, 169.026397705, 64.5358276367, 30.3958148956, 16.7623214722, 14.188741684, 5.67182636261, 2.82119846344, 1.55334734917, 0.229929178953, 0.00168151198886, 5.54000052944e-07, 2.71647571104e-09]
    },
    "gfcc": {
        "mean": [26.8097991943, 86.4542236328, -123.605567932, 41.5576057434, -60.5555038452, 17.6898288727, -36.1937980652, 17.1047515869, -23.9927845001, 5.55880308151, -16.6051101685, -1.16015970707, -12.5525398254],
        "cov": [[2378.02075195, -696.918518066, -151.881729126, -34.0161628723, 41.3186531067, -68.5637207031, -52.846031189, 66.2467651367, -75.7372283936, 118.584114075, -86.635093689, 143.88243103, -120.65813446], [-696.918518066, 836.63092041, -159.072280884, -60.643032074, -23.5782356262, -37.9775505066, 88.8522796631, -92.9031677246, 82.3023681641, -147.349395752, 122.228302002, -111.002090454, 66.3791046143], [-151.881729126, -159.072280884, 910.918945312, 98.6484451294, 88.5354766846, 169.524154663, 23.1394290924, 49.1471595764, -99.9749755859, 97.2850646973, -96.9302139282, 78.1959075928, -62.6814842224], [-34.0161628723, -60.643032074, 98.6484451294, 511.606506348, 53.570186615, -36.1578941345, -44.2019767761, -82.309173584, 26.9370231628, -23.9485816956, 60.116443634, 10.4378318787, 102.072425842], [41.3186531067, -23.5782356262, 88.5354766846, 53.570186615, 204.066558838, 13.1113739014, -24.6700305939, 22.6983623505, 8.8513507843, 44.4877929688, -10.6468477249, 44.1847686768, 8.85941696167], [-68.5637207031, -37.9775505066, 169.524154663, -36.1578941345, 13.1113739014, 137.482833862, 57.030921936, 35.8734741211, -14.0533266068, 21.5639228821, -16.3604278564, 1.72572994232, -21.0064048767], [-52.846031189, 88.8522796631, 23.1394290924, -44.2019767761, -24.6700305939, 57.030921936, 184.959716797, 47.9998512268, 10.0742168427, -13.3425569534, 6.9900727272, 6.14886188507, -14.8720979691], [66.2467651367, -92.9031677246, 49.1471595764, -82.309173584, 22.6983623505, 35.8734741211, 47.9998512268, 108.838867188, 7.46810245514, 43.1354637146, -26.0980644226, 18.9243106842, -23.6773815155], [-75.7372283936, 82.3023681641, -99.9749755859, 26.9370231628, 8.8513507843, -14.0533266068, 10.0742168427, 7.46810245514, 101.197616577, 13.7852954865, 42.0703849792, -19.536907196, 32.6244125366], [118.584114075, -147.349395752, 97.2850646973, -23.9485816956, 44.4877929688, 21.5639228821, -13.3425569534, 43.1354637146, 13.7852954865, 109.526618958, -7.76103115082, 46.9614944458, -10.1148900986], [-86.635093689, 122.228302002, -96.9302139282, 60.116443634, -10.6468477249, -16.3604278564, 6.9900727272, -26.0980644226, 42.0703849792, -7.76103115082, 102.953315735, 8.74943733215, 48.7966194153], [143.88243103, -111.002090454, 78.1959075928, 10.4378318787, 44.1847686768, 1.72572994232, 6.14886188507, 18.9243106842, -19.536907196, 46.9614944458, 8.74943733215, 105.950111389, 12.5876932144], [-120.65813446, 66.3791046143, -62.6814842224, 102.072425842, 8.85941696167, -21.0064048767, -14.8720979691, -23.6773815155, 32.6244125366, -10.1148900986, 48.7966194153, 12.5876932144, 99.9141769409]],
        "icov": [[0.000670443114359, 0.000445121550001, 0.000308658636641, -0.000110271808808, -0.000104206010292, 0.000269079697318, -0.000134301415528, 0.000108826599899, 0.000111951841973, -0.000139486932312, 2.7562799005e-05, -0.000661684374791, 0.000911045644898], [0.000445121550001, 0.00487931026146, -0.00170085998252, 0.00310196820647, -0.00262964400463, 0.00304865115322, -0.00315202423371, 0.00365441595204, -0.00227222568356, 0.00479531707242, -0.0054510734044, 0.00421456852928, -0.0023104834836], [0.000308658636641, -0.00170085998252, 0.00314928521402, -0.00237305928022, 0.000921405269764, -0.00346797471866, 0.00126764748711, -0.00131257344037, 0.00232433876954, -0.00343462498859, 0.00363544374704, -0.00310222967528, 0.00247825216502], [-0.000110271808808, 0.00310196820647, -0.00237305928022, 0.00547491572797, -0.00258965138346, 0.00306203658693, -0.00222891499288, 0.00418156990781, -0.00216444116086, 0.00398889649659, -0.0046115256846, 0.0038154637441, -0.00486128078774], [-0.000104206010292, -0.00262964400463, 0.000921405269764, -0.00258965138346, 0.00772553123534, -0.00246494915336, 0.00301496987231, -0.003115960164, -0.000295115314657, -0.00321956258267, 0.00436084810644, -0.00501905567944, 0.00162490492221], [0.000269079697318, 0.00304865115322, -0.00346797471866, 0.00306203658693, -0.00246494915336, 0.0141833117232, -0.00530920038, 0.00111656659283, -6.02116560913e-05, 0.00153090630192, -0.00500465556979, 0.00600888999179, -0.00246760784648], [-0.000134301415528, -0.00315202423371, 0.00126764748711, -0.00222891499288, 0.00301496987231, -0.00530920038, 0.0103112095967, -0.00626795971766, -0.000546861207113, 0.000768973841332, 0.00242485641502, -0.00553625589237, 0.00343973352574], [0.000108826599899, 0.00365441595204, -0.00131257344037, 0.00418156990781, -0.003115960164, 0.00111656659283, -0.00626795971766, 0.0186787210405, -0.00407412694767, -0.00101848493796, -0.00047030908172, 0.00255296938121, -0.0022520259954], [0.000111951841973, -0.00227222568356, 0.00232433876954, -0.00216444116086, -0.000295115314657, -6.02116560913e-05, -0.000546861207113, -0.00407412694767, 0.018935283646, -0.00883421394974, -0.00258835148998, 0.00472243968397, -0.00212722993456], [-0.000139486932312, 0.00479531707242, -0.00343462498859, 0.00398889649659, -0.00321956258267, 0.00153090630192, 0.000768973841332, -0.00101848493796, -0.00883421394974, 0.0227878764272, -0.00589724304155, -0.00234468188137, -0.00073655002052], [2.7562799005e-05, -0.0054510734044, 0.00363544374704, -0.0046115256846, 0.00436084810644, -0.00500465556979, 0.00242485641502, -0.00047030908172, -0.00258835148998, -0.00589724304155, 0.023354684934, -0.00950327608734, -0.000503447954543], [-0.000661684374791, 0.00421456852928, -0.00310222967528, 0.0038154637441, -0.00501905567944, 0.00600888999179, -0.00553625589237, 0.00255296938121, 0.00472243968397, -0.00234468188137, -0.00950327608734, 0.0221582315862, -0.00788352824748], [0.000911045644898, -0.0023104834836, 0.00247825216502, -0.00486128078774, 0.00162490492221, -0.00246760784648, 0.00343973352574, -0.0022520259954, -0.00212722993456, -0.00073655002052, -0.000503447954543, -0.00788352824748, 0.020339358598]]
    },
    "melbands": {
        "dmean": [0.00123339984566, 0.00186133454554, 0.000691758701578, 0.000245514762355, 0.000266469927737, 0.000202128343517, 0.000236146661337, 0.00013700677664, 0.000213072125916, 0.000266707560513, 6.84388214722e-05, 6.19345883024e-05, 7.41942130844e-05, 3.83214137401e-05, 4.25417674705e-05, 4.06954422942e-05, 3.24706488755e-05, 3.51681155735e-05, 2.50404900726e-05, 2.02072915272e-05, 1.79503495019e-05, 2.00911963475e-05, 1.60580148076e-05, 1.19319192891e-05, 1.59379014804e-05, 1.46744732774e-05, 7.3018063631e-06, 6.50567835692e-06, 6.46243643132e-06, 6.10272127233e-06, 3.75500576411e-06, 3.09074312099e-06, 2.34279991673e-06, 1.77701122084e-06, 1.41461487146e-06, 1.04652917798e-06, 9.8777616131e-07, 1.12688860554e-06, 8.25307949981e-07, 6.84406586515e-07],
        "dmean2": [0.00219019665383, 0.00321373832412, 0.00113993603736, 0.000402433477575, 0.000424762285547, 0.000316250749165, 0.000397051364416, 0.000221506954404, 0.000348329049302, 0.000439368275693, 0.000113170222903, 0.00010256258247, 0.000122915473185, 5.97510697844e-05, 6.65181796649e-05, 6.62040838506e-05, 5.20716566825e-05, 5.51494049432e-05, 4.15796093876e-05, 3.29746580974e-05, 3.00467581837e-05, 3.25060427713e-05, 2.54293245234e-05, 1.89733018487e-05, 2.56325456576e-05, 2.3983327992e-05, 1.18381894936e-05, 1.05349154182e-05, 9.98400082608e-06, 9.52189930103e-06, 5.75321246288e-06, 4.85951795781e-06, 3.62248238162e-06, 2.61721288553e-06, 2.12118243326e-06, 1.59624312346e-06, 1.44413888847e-06, 1.63025652e-06, 1.24697385218e-06, 1.03900799786e-06],
        "dvar": [5.89264436712e-06, 1.87343630387e-05, 1.06371089714e-06, 1.49457875409e-07, 2.5250395197e-07, 1.11607569409e-07, 2.07118475259e-07, 6.46137152671e-08, 1.49145208184e-07, 2.60487041714e-07, 2.0745716256e-08, 9.2398328988e-09, 2.06270787118e-08, 5.87531179264e-09, 7.84663711784e-09, 1.0440708742e-08, 2.99182478791e-09, 5.06246689014e-09, 3.32225247313e-09, 1.71909686486e-09, 7.57606033464e-10, 1.00480146425e-09, 6.46792619463e-10, 3.94625498945e-10, 8.88785545161e-10, 6.54770571096e-10, 1.78112233296e-10, 1.40785466618e-10, 1.83816267763e-10, 1.76119036022e-10, 5.08101616337e-11, 3.91352748819e-11, 2.42017898777e-11, 1.14993839104e-11, 6.77921998052e-12, 4.34018576287e-12, 3.66746607042e-12, 4.11641857753e-12, 3.21049870716e-12, 2.31111679273e-12],
        "dvar2": [1.70798011823e-05, 5.2339197282e-05, 2.86738918476e-06, 3.86005382325e-07, 6.49437367883e-07, 2.65352127826e-07, 5.52299468382e-07, 1.61449818847e-07, 3.84786147833e-07, 7.13487963822e-07, 5.76729597412e-08, 2.48118752211e-08, 6.03738357086e-08, 1.4451810415e-08, 2.22394795912e-08, 2.66302553342e-08, 7.69517161103e-09, 1.23409060748e-08, 9.21397980136e-09, 4.23278834205e-09, 1.95680716075e-09, 2.55823917605e-09, 1.62755187105e-09, 9.38568001096e-10, 2.02100203239e-09, 1.65534130847e-09, 4.66998717474e-10, 3.72150782413e-10, 4.58330123854e-10, 4.37708647105e-10, 1.19700749313e-10, 9.61740131977e-11, 5.96498336836e-11, 2.67918690705e-11, 1.58061723432e-11, 1.04834170858e-11, 8.57908362406e-12, 9.59295056585e-12, 7.24206502059e-12, 5.35931628937e-12],
        "max": [0.0193284694105, 0.0376987084746, 0.00844018533826, 0.00392475165427, 0.00550816766918, 0.00501872738823, 0.00716599216685, 0.00405502319336, 0.00464149238542, 0.00650769704953, 0.00239831930958, 0.00117093103472, 0.00213573174551, 0.00133290758822, 0.00156205461826, 0.00300149735995, 0.000727819395252, 0.00127025612164, 0.000977788702585, 0.000863777531777, 0.000377423886675, 0.000660500605591, 0.000305416324409, 0.000280177075183, 0.000419822317781, 0.000316519086482, 0.000153779459652, 0.000133670982905, 0.000174329310539, 0.000193489308003, 7.4052150012e-05, 7.27926235413e-05, 6.36373297311e-05, 4.93227635161e-05, 3.30112707161e-05, 3.05017601931e-05, 2.61076002062e-05, 3.71560417989e-05, 2.70240434475e-05, 1.62966389325e-05],
        "mean": [0.00152910361066, 0.00216702884063, 0.00108687300235, 0.000362074672012, 0.000385996419936, 0.000331524002831, 0.000312749732984, 0.000200073613087, 0.000349775509676, 0.000446743826615, 9.75519651547e-05, 9.84350408544e-05, 0.000122501747683, 5.99734557909e-05, 6.95759663358e-05, 5.93248187215e-05, 5.47454837942e-05, 5.97217112954e-05, 4.10711036238e-05, 3.44886757375e-05, 3.12501942972e-05, 3.6520701542e-05, 2.76989794656e-05, 2.18515669985e-05, 2.90703210339e-05, 2.62294270215e-05, 1.32478380692e-05, 1.11797535283e-05, 9.71577173914e-06, 8.82855874806e-06, 5.89363025938e-06, 4.94318510391e-06, 3.81148470296e-06, 2.95689801533e-06, 2.28657404477e-06, 1.56240616889e-06, 1.44200305385e-06, 1.73401167558e-06, 1.15301952519e-06, 8.9807463155e-07],
        "median": [0.000571615295485, 0.00101884955075, 0.000717331713531, 0.000230247300351, 0.000188329839148, 0.000166438810993, 0.000163099655765, 9.09880473046e-05, 0.000120856224385, 0.000105213352072, 4.91937935294e-05, 5.17486550962e-05, 4.52084532299e-05, 2.73494952125e-05, 2.98119593936e-05, 2.73162495432e-05, 2.8859003578e-05, 2.71312001132e-05, 2.1455809474e-05, 2.02218670893e-05, 2.11018705158e-05, 2.36590767599e-05, 1.89283673535e-05, 1.3709905943e-05, 1.64362718351e-05, 1.52411439558e-05, 8.77291859069e-06, 7.17466718925e-06, 4.17022056354e-06, 3.53085511051e-06, 2.83673443846e-06, 2.39199175667e-06, 1.73542241555e-06, 1.4642938595e-06, 1.0795305343e-06, 6.54427992686e-07, 5.78234960358e-07, 7.69326618411e-07, 3.96887259058e-07, 2.27313847745e-07],
        "min": [1.27211467316e-06, 2.15174759433e-06, 1.14978297461e-06, 2.7497087558e-06, 1.82700205187e-06, 2.93603443424e-06, 5.03788101014e-07, 7.40013490486e-07, 3.1962997582e-07, 2.0805288159e-07, 2.63680391299e-07, 1.75336438701e-07, 2.29985275269e-07, 6.0303264604e-08, 5.74033052203e-08, 4.24765076446e-08, 4.690014066e-08, 3.55359652815e-08, 1.33349900011e-08, 1.82663058013e-08, 4.47047270313e-08, 7.6922951564e-08, 4.0586606076e-08, 1.99045526728e-08, 3.25802744783e-08, 2.91236919026e-08, 1.8536930213e-08, 2.86720975851e-08, 1.88580369098e-08, 1.15118430344e-08, 1.41264973053e-08, 2.41969244641e-09, 1.49937111615e-08, 8.43716740917e-09, 4.80219952692e-09, 4.85449735965e-10, 1.44300352917e-11, 5.07605069089e-10, 2.24229190771e-09, 6.75842736809e-13],
