{
"highlevel": {
    "danceability": {
        "all": {
            "danceable": 0.0135118318722,
            "not_danceable": 0.986488163471
        },
        "probability": 0.986488163471,
        "value": "not_danceable"
    },
    "gender": {
        "all": {
            "female": 0.604633808136,
            "male": 0.395366191864
        },
        "probability": 0.604633808136,
        "value": "female"
    },
    "genre_dortmund": {
        "all": {
            "alternative": 0.162423759699,
            "blues": 0.017794944346,
            "electronic": 0.0286219008267,
            "folkcountry": 0.184629619122,
            "funksoulrnb": 0.00281917792745,
            "jazz": 0.540136218071,
            "pop": 0.0346335433424,
            "raphiphop": 0.00154634949286,
            "rock": 0.0273944661021
        },
        "probability": 0.540136218071,
        "value": "jazz"
    },
    "genre_electronic": {
        "all": {
            "ambient": 0.99576830864,
            "dnb": 0.000368714419892,
            "house": 0.00227151159197,
            "techno": 0.00110343832057,
            "trance": 0.000488025019877
        },
        "probability": 0.99576830864,
        "value": "ambient"
    },
    "genre_rosamerica": {
        "all": {
            "cla": 0.959893763065,
            "dan": 0.00162583892234,
            "hip": 0.0056614652276,
            "jaz": 0.0137027567253,
            "pop": 0.00168104609475,
            "rhy": 0.00575168104842,
            "roc": 0.00661733327433,
            "spe": 0.0050661447458
        },
        "probability": 0.959893763065,
        "value": "cla"
    },
    "genre_tzanetakis": {
        "all": {
            "blu": 0.0694358423352,
            "cla": 0.0341984033585,
            "cou": 0.0778707787395,
            "dis": 0.111402325332,
            "hip": 0.15390625596,
            "jaz": 0.307803422213,
            "met": 0.0439665056765,
            "pop": 0.0615519322455,
            "reg": 0.0629207193851,
            "roc": 0.0769437998533
        },
        "probability": 0.307803422213,
        "value": "jaz"
    },
    "ismir04_rhythm": {
        "all": {
            "ChaChaCha": 0.000875039491802,
            "Jive": 0.000110123670311,
            "Quickstep": 0.00209643412381,
            "Rumba-American": 0.00492248404771,
            "Rumba-International": 0.00585526740178,
            "Rumba-Misc": 0.000886143185198,
            "Samba": 0.00154901249334,
            "Tango": 0.0028483804781,
            "VienneseWaltz": 0.00547102931887,
            "Waltz": 0.975386083126
        },
        "probability": 0.975386083126,
        "value": "Waltz"
    },
    "mood_acoustic": {
        "all": {
            "acoustic": 0.998431921005,
            "not_acoustic": 0.00156808644533
        },
        "probability": 0.998431921005,
        "value": "acoustic"
    },
    "mood_aggressive": {
        "all": {
            "aggressive": 0.00364705687389,
            "not_aggressive": 0.9963529706
        },
        "probability": 0.9963529706,
        "value": "not_aggressive"
    },
    "mood_electronic": {
        "all": {
            "electronic": 0.228316456079,
            "not_electronic": 0.771683514118
        },
        "probability": 0.771683514118,
        "value": "not_electronic"
    },
    "mood_happy": {
        "all": {
            "happy": 0.16073025763,
            "not_happy": 0.839269757271
        },
        "probability": 0.839269757271,
        "value": "not_happy"
    },
    "mood_party": {
        "all": {
            "not_party": 0.996650874615,
            "party": 0.00334912887774
        },
        "probability": 0.996650874615,
        "value": "not_party"
    },
    "mood_relaxed": {
        "all": {
            "not_relaxed": 0.0113738421351,
            "relaxed": 0.988626182079
        },
        "probability": 0.988626182079,
        "value": "relaxed"
    },
    "mood_sad": {
        "all": {
            "not_sad": 0.0242113955319,
            "sad": 0.975788593292
        },
        "probability": 0.975788593292,
        "value": "sad"
    },
    "moods_mirex": {
        "all": {
            "Cluster1": 0.0543911270797,
            "Cluster2": 0.0610526949167,
            "Cluster3": 0.812813699245,
            "Cluster4": 0.0615226924419,
            "Cluster5": 0.0102197574452
        },
        "probability": 0.812813699245,
        "value": "Cluster3"
    },
    "timbre": {
        "all": {
            "bright": 0.582402646542,
            "dark": 0.417597353458
        },
        "probability": 0.582402646542,
        "value": "bright"
    },
    "tonal_atonal": {
        "all": {
            "atonal": 0.00610234634951,
            "tonal": 0.993897676468
        },
        "probability": 0.993897676468,
        "value": "tonal"
    },
    "voice_instrumental": {
        "all": {
            "instrumental": 0.99998408556,
            "voice": 1.59204882948e-05
        },
        "probability": 0.99998408556,
        "value": "instrumental"
    }
},
"lowlevel": {
    "average_loudness": 0.577064692974,
    "barkbands_crest": {
        "dmean": 1.78635406494,
        "dmean2": 2.86421871185,
        "dvar": 3.21406435966,
        "dvar2": 7.82618570328,
        "max": 23.4685649872,
        "mean": 13.3397941589,
        "median": 12.8463478088,
        "min": 5.19810247421,
        "var": 15.2480182648
    },
    "barkbands_flatness_db": {
        "dmean": 0.0152656063437,
        "dmean2": 0.0245148390532,
        "dvar": 0.000185484474059,
        "dvar2": 0.000435785244917,
        "max": 0.408471614122,
        "mean": 0.276353061199,
        "median": 0.288523525,
        "min": 0.0787022262812,
        "var": 0.00350085948594
    },
    "barkbands_kurtosis": {
        "dmean": 3.70328378677,
        "dmean2": 5.74928236008,
        "dvar": 24.2539615631,
        "dvar2": 59.5038909912,
        "max": 60.815788269,
        "mean": 10.8184118271,
        "median": 7.51613426208,
        "min": -0.779325008392,
        "var": 107.035881042
    },
    "barkbands_skewness": {
        "dmean": 0.470994800329,
        "dmean2": 0.731788694859,
        "dvar": 0.251349508762,
        "dvar2": 0.587482511997,
        "max": 6.25926542282,
        "mean": 1.98206627369,
        "median": 1.80545139313,
        "min": -1.27132236958,
        "var": 1.86572098732
    },
    "barkbands_spread": {
        "dmean": 0.821495592594,
        "dmean2": 1.28847956657,
        "dvar": 3.300968647,
        "dvar2": 7.84794521332,
        "max": 53.1955108643,
        "mean": 3.95685338974,
        "median": 3.46077728271,
        "min": 0.90548491478,
        "var": 5.9569144249
    },
    "dissonance": {
        "dmean": 0.0341621041298,
        "dmean2": 0.0579420663416,
        "dvar": 0.000918825506233,
        "dvar2": 0.00255827349611,
        "max": 0.49901625514,
        "mean": 0.382681250572,
        "median": 0.396743744612,
        "min": 0.207474380732,
        "var": 0.00507736578584
    },
    "dynamic_complexity": 7.08451032639,
    "erbbands_crest": {
        "dmean": 2.00759887695,
        "dmean2": 3.155408144,
        "dvar": 3.52509236336,
        "dvar2": 7.89691114426,
        "max": 30.2816162109,
        "mean": 13.2724132538,
        "median": 12.096036911,
        "min": 3.24022364616,
        "var": 25.6521663666
    },
    "erbbands_flatness_db": {
        "dmean": 0.0118378149346,
        "dmean2": 0.0182345565408,
        "dvar": 0.000155478293891,
        "dvar2": 0.00028723932337,
        "max": 0.453037321568,
        "mean": 0.273056209087,
        "median": 0.291798382998,
        "min": 0.0947304517031,
        "var": 0.00591922271997
    },
    "erbbands_kurtosis": {
        "dmean": 1.24129593372,
        "dmean2": 1.90576946735,
        "dvar": 1.95529484749,
        "dvar2": 4.59177207947,
        "max": 25.956911087,
        "mean": 3.1268389225,
        "median": 2.50415229797,
        "min": -1.44361364841,
        "var": 9.60633850098
    },
    "erbbands_skewness": {
        "dmean": 0.267242193222,
        "dmean2": 0.413923740387,
        "dvar": 0.0633441507816,
        "dvar2": 0.145027831197,
        "max": 3.70511984825,
        "mean": 1.17390954494,
        "median": 1.14781200886,
        "min": -0.987329721451,
        "var": 0.44658318162
    },
    "erbbands_spread": {
        "dmean": 2.35523605347,
        "dmean2": 3.63958263397,
        "dvar": 12.5426006317,
        "dvar2": 27.1587429047,
        "max": 88.9849243164,
        "mean": 14.5095243454,
        "median": 11.5218448639,
        "min": 1.29263699055,
        "var": 86.900718689
    },
    "hfc": {
        "dmean": 1.37823367119,
        "dmean2": 1.92792463303,
        "dvar": 10.6510238647,
        "dvar2": 21.3007793427,
        "max": 86.6148071289,
        "mean": 8.32213592529,
        "median": 4.64263868332,
        "min": 0.0723694339395,
        "var": 104.309867859
    },
    "melbands_crest": {
        "dmean": 1.92086386681,
        "dmean2": 3.05476021767,
        "dvar": 3.13498234749,
        "dvar2": 8.14793586731,
        "max": 28.3036975861,
        "mean": 15.2666463852,
        "median": 14.9395914078,
        "min": 6.71810054779,
        "var": 15.0867347717
    },
    "melbands_flatness_db": {
        "dmean": 0.0150042818859,
        "dmean2": 0.0236616563052,
        "dvar": 0.00022094961605,
        "dvar2": 0.000486891367473,
        "max": 0.488399386406,
        "mean": 0.366988450289,
        "median": 0.377143800259,
        "min": 0.119082085788,
        "var": 0.00401117838919
    },
    "melbands_kurtosis": {
        "dmean": 4.41041135788,
        "dmean2": 6.97839546204,
        "dvar": 47.0504417419,
        "dvar2": 111.349731445,
        "max": 87.1503448486,
        "mean": 13.3938817978,
        "median": 7.93155097961,
        "min": -1.27939784527,
        "var": 207.242385864
    },
    "melbands_skewness": {
        "dmean": 0.432596057653,
        "dmean2": 0.668213605881,
        "dvar": 0.238207131624,
        "dvar2": 0.522626757622,
        "max": 7.23348379135,
        "mean": 2.15107274055,
        "median": 2.06618881226,
        "min": -1.68447959423,
        "var": 2.29911780357
    },
    "melbands_spread": {
        "dmean": 0.896333098412,
        "dmean2": 1.40873098373,
        "dvar": 1.95623159409,
        "dvar2": 4.83568048477,
        "max": 36.7621307373,
        "mean": 4.9842634201,
        "median": 4.58370447159,
        "min": 1.43336713314,
        "var": 4.96935510635
    },
    "pitch_salience": {
        "dmean": 0.0534303858876,
        "dmean2": 0.0885321125388,
        "dvar": 0.00272862613201,
        "dvar2": 0.00734323076904,
        "max": 0.839180827141,
        "mean": 0.559285640717,
        "median": 0.564953744411,
        "min": 0.221131935716,
        "var": 0.00984370522201
    },
    "silence_rate_20dB": {
        "dmean": 0,
        "dmean2": 0,
        "dvar": 0,
        "dvar2": 0,
        "max": 1,
        "mean": 1,
        "median": 1,
        "min": 1,
        "var": 0
    },
    "silence_rate_30dB": {
        "dmean": 0.00154798757285,
        "dmean2": 0.00309837330133,
        "dvar": 0.00154558639042,
        "dvar2": 0.00308874784969,
        "max": 1,
        "mean": 0.996133029461,
        "median": 1,
        "min": 0,
        "var": 0.00385195226409
    },
    "silence_rate_60dB": {
        "dmean": 0.0123839005828,
        "dmean2": 0.0247869864106,
        "dvar": 0.012230630964,
        "dvar2": 0.0319183655083,
        "max": 1,
        "mean": 0.352668225765,
        "median": 0,
        "min": 0,
        "var": 0.228293195367
    },
    "spectral_centroid": {
        "dmean": 31.9693088531,
        "dmean2": 50.1391410828,
        "dvar": 4396.64648438,
        "dvar2": 10295.9453125,
        "max": 2130.55883789,
        "mean": 413.75390625,
        "median": 387.548858643,
        "min": 236.246414185,
        "var": 12510.3212891
    },
    "spectral_complexity": {
        "dmean": 0.890092849731,
        "dmean2": 1.49419057369,
        "dvar": 0.905874431133,
        "dvar2": 2.00055170059,
        "max": 16,
        "mean": 6.80355739594,
        "median": 7,
        "min": 0,
        "var": 12.2754240036
    },
    "spectral_decrease": {
        "dmean": 8.2174139715e-10,
        "dmean2": 1.17042331382e-09,
        "dvar": 3.07196061143e-18,
        "dvar2": 6.11680624239e-18,
        "max": -5.37428226921e-11,
        "mean": -5.00600405573e-09,
        "median": -3.49438300518e-09,
        "min": -3.76720983297e-08,
        "var": 2.82138138226e-17
    },
    "spectral_energy": {
        "dmean": 0.00322139519267,
        "dmean2": 0.00458476226777,
        "dvar": 4.75084707432e-05,
        "dvar2": 9.45963329286e-05,
        "max": 0.150039002299,
        "mean": 0.0196486394852,
        "median": 0.0136698530987,
        "min": 0.000209401841857,
        "var": 0.000437913753558
    },
    "spectral_energyband_high": {
        "dmean": 9.67900746218e-07,
        "dmean2": 1.52669042564e-06,
        "dvar": 1.01179715647e-11,
        "dvar2": 1.78520809246e-11,
        "max": 8.33086451166e-05,
        "mean": 2.9625937259e-06,
        "median": 1.9983308448e-06,
        "min": 6.18480214598e-07,
        "var": 1.39300584956e-11
    },
    "spectral_energyband_low": {
        "dmean": 0.000514901475981,
        "dmean2": 0.000817780965008,
        "dvar": 2.61592936113e-06,
        "dvar2": 6.11154518992e-06,
        "max": 0.0357390120625,
        "mean": 0.00142868317198,
        "median": 0.00042595755076,
        "min": 7.05048250893e-06,
        "var": 7.4209037848e-06
    },
    "spectral_energyband_middle_high": {
        "dmean": 0.000253970210906,
        "dmean2": 0.000360324105714,
        "dvar": 5.19992170211e-07,
        "dvar2": 1.02972558125e-06,
        "max": 0.0138650219887,
        "mean": 0.000981591176242,
        "median": 0.000278383144177,
        "min": 8.20032346383e-06,
        "var": 2.92114987133e-06
    },
    "spectral_energyband_middle_low": {
        "dmean": 0.00302440091036,
        "dmean2": 0.00436146045104,
        "dvar": 4.05717546528e-05,
        "dvar2": 8.33960948512e-05,
        "max": 0.131618589163,
        "mean": 0.0183002408594,
        "median": 0.0129433590919,
        "min": 0.00012004673772,
        "var": 0.000380568788387
    },
    "spectral_entropy": {
        "dmean": 0.124475747347,
        "dmean2": 0.193909838796,
        "dvar": 0.0179109275341,
        "dvar2": 0.0362328179181,
        "max": 8.29818534851,
        "mean": 6.15349006653,
        "median": 5.98858642578,
        "min": 5.07043075562,
        "var": 0.36376708746
    },
    "spectral_flux": {
        "dmean": 0.0117884296924,
        "dmean2": 0.018938858062,
        "dvar": 0.000461517571239,
        "dvar2": 0.00110143155325,
        "max": 0.235912486911,
        "mean": 0.0303936395794,
        "median": 0.0230853501707,
        "min": 0.00536246690899,
        "var": 0.000739821931347
    },
    "spectral_kurtosis": {
        "dmean": 10.4884786606,
        "dmean2": 18.3198890686,
        "dvar": 121.375869751,
        "dvar2": 365.292755127,
        "max": 107.169166565,
        "mean": 32.7485275269,
        "median": 28.1351566315,
        "min": 0.685092926025,
        "var": 528.651550293
    },
    "spectral_rms": {
        "dmean": 0.000318744569086,
        "dmean2": 0.000460485491203,
        "dvar": 2.72456247785e-07,
        "dvar2": 5.02728823903e-07,
        "max": 0.0120987407863,
        "mean": 0.00364610669203,
        "median": 0.00365190929733,
        "min": 0.000451989471912,
        "var": 5.87530439589e-06
    },
    "spectral_rolloff": {
        "dmean": 54.8661880493,
        "dmean2": 97.0743255615,
        "dvar": 34575.3984375,
        "dvar2": 97152.3046875,
        "max": 4844.97070312,
        "mean": 483.138916016,
        "median": 473.73046875,
        "min": 236.865234375,
        "var": 39684.734375
    },
    "spectral_skewness": {
        "dmean": 0.68244934082,
        "dmean2": 1.20047879219,
        "dvar": 0.40903994441,
        "dvar2": 1.26214647293,
        "max": 8.2930765152,
        "mean": 4.14381933212,
        "median": 4.03659248352,
        "min": 0.766510784626,
        "var": 2.32150030136
    },
    "spectral_spread": {
        "dmean": 323533.53125,
        "dmean2": 550979.125,
        "dvar": 510502797312,
        "dvar2": 608706232320,
        "max": 25573072,
        "mean": 2355066.5,
        "median": 1852898,
        "min": 844732.3125,
        "var": 1.64098762342e+12
    },
    "spectral_strongpeak": {
        "dmean": 0.210503950715,
        "dmean2": 0.339111745358,
        "dvar": 0.175793424249,
        "dvar2": 0.40440094471,
        "max": 7.61275863647,
        "mean": 1.11468231678,
        "median": 0.624810636044,
        "min": 0,
        "var": 1.56191682816
    },
    "zerocrossingrate": {
        "dmean": 0.00216438598,
        "dmean2": 0.00293649546802,
        "dvar": 6.98998474036e-06,
        "dvar2": 1.12597354018e-05,
        "max": 0.080078125,
        "mean": 0.0206090193242,
        "median": 0.02001953125,
        "min": 0.005859375,
        "var": 3.8282450987e-05
    },
    "barkbands": {
        "dmean": [5.66007911402e-05, 8.60180225573e-05, 0.000244914903305, 0.000453994929558, 0.00129611813463, 0.000804653274827, 0.000508868368343, 0.000855878868606, 0.000575810787268, 0.000132177476189, 6.32278024568e-05, 0.000141215336043, 2.43145623244e-05, 1.85915178008e-05, 1.2403216715e-05, 3.52365077561e-06, 4.71000157631e-06, 3.89088745578e-06, 8.95342566309e-07, 9.65590061242e-07, 2.45633771101e-07, 1.02733714868e-07, 8.20772712018e-08, 9.73381872882e-08, 9.59142738566e-08, 5.52820438315e-08, 3.67266594914e-09],
        "dmean2": [9.8097967566e-05, 0.000141125390655, 0.00039665834629, 0.000714874593541, 0.00196324498393, 0.00129211635794, 0.000693001667969, 0.00117440149188, 0.000733815541025, 0.000185590790352, 9.62887861533e-05, 0.000207191842492, 4.01586075895e-05, 2.99216644635e-05, 2.05116066354e-05, 5.94928769715e-06, 7.67416986491e-06, 6.72981332173e-06, 1.49941160998e-06, 1.64057667007e-06, 3.88744751945e-07, 1.63727278846e-07, 1.28123815557e-07, 1.53844311512e-07, 1.56849566224e-07, 8.44566798719e-08, 4.58529747505e-09],
        "dvar": [1.86285866732e-08, 6.0618567943e-08, 6.64981598675e-07, 1.35202515139e-06, 1.27643279484e-05, 4.78927449876e-06, 1.73156854544e-06, 1.12262205221e-05, 3.32288072968e-06, 6.17207717823e-07, 2.96286799539e-08, 2.19549662006e-07, 5.13435383098e-09, 8.41348501979e-09, 9.22113330137e-10, 5.24615316466e-11, 2.17287951521e-10, 1.15576839765e-10, 1.91044380836e-12, 2.99141245629e-12, 5.13612806799e-13, 2.31716013564e-13, 1.89154315583e-13, 1.52703614727e-13, 1.03047344963e-13, 1.19061553151e-13, 8.56389612003e-15],
        "dvar2": [5.20508365298e-08, 1.55555198944e-07, 1.69161421582e-06, 2.89512195195e-06, 2.67815103143e-05, 1.15646671475e-05, 2.79339997178e-06, 2.11850401683e-05, 5.08302991875e-06, 1.28571002733e-06, 6.46779056979e-08, 4.40046903805e-07, 1.37776501319e-08, 2.21738236661e-08, 2.5744717469e-09, 1.44845524463e-10, 5.96451943391e-10, 3.41827538497e-10, 4.69149979282e-12, 8.45072536254e-12, 9.46806326917e-13, 3.36530228597e-13, 3.27223491359e-13, 2.5511236461e-13, 1.56524993704e-13, 1.27661498994e-13, 8.5716413893e-15],
        "max": [0.00220940331928, 0.00298468000256, 0.0152474967763, 0.0280679538846, 0.0709465816617, 0.0337905697525, 0.04043443501, 0.101945772767, 0.0609121508896, 0.0161685291678, 0.00396429980174, 0.0118771512061, 0.00146931700874, 0.00175098027103, 0.000500124762766, 0.000127597304527, 0.000243249873165, 0.000161195843248, 2.41332600126e-05, 2.57487681665e-05, 1.65157616721e-05, 1.32596778712e-05, 1.08443518911e-05, 9.5975037766e-06, 9.94494348561e-06, 1.21805314848e-05, 3.32819331561e-06],
        "mean": [5.3235431551e-05, 9.12641116884e-05, 0.000405916391173, 0.00168514542747, 0.00568512734026, 0.00330891017802, 0.00188149744645, 0.00344750564545, 0.00188376312144, 0.000455564673757, 0.000181816445547, 0.000431594526162, 5.09059100295e-05, 3.16606056003e-05, 2.46616691584e-05, 7.08985498932e-06, 9.12177983992e-06, 7.91424372437e-06, 2.12237796404e-06, 2.30875093621e-06, 5.45053126189e-07, 2.29247831385e-07, 1.50226583173e-07, 1.86649543821e-07, 2.93186843692e-07, 1.42665953717e-07, 3.49219053675e-09],
        "median": [1.21945477076e-05, 2.3629710995e-05, 6.51465379633e-05, 0.000413987610955, 0.00143758277409, 0.000999221694656, 0.000516720640007, 0.000245713395998, 0.000193524552742, 2.73271580227e-05, 2.37215645029e-05, 4.06636427215e-05, 6.46302487439e-06, 4.63182823296e-06, 3.88705120713e-06, 2.61416062131e-06, 2.38884672399e-06, 1.69660552274e-06, 1.13195380891e-06, 1.21386437968e-06, 3.84117129215e-07, 1.67035977938e-07, 9.68582583027e-08, 1.11741719877e-07, 2.52689090985e-07, 1.1813711609e-07, 1.879728595e-10],
        "min": [1.34635680382e-08, 4.90593379254e-07, 8.22538126499e-08, 7.21345600141e-07, 2.47096832027e-05, 6.03212083661e-06, 2.59453554463e-06, 9.4222741609e-07, 9.5223452945e-07, 7.83614268585e-07, 3.19526947123e-07, 2.1759578317e-07, 2.03654849429e-07, 2.48805463343e-07, 3.20549474964e-07, 3.05965329517e-07, 3.64924233054e-07, 2.54072432426e-07, 1.58000176498e-07, 1.49786316683e-07, 8.17572356482e-08, 5.5578667002e-08, 2.21373355203e-08, 1.35184441419e-09, 2.62894257474e-08, 1.25813770513e-09, 2.9195732637e-11],
        "var": [1.90824103186e-08, 6.17175857087e-08, 1.15644922971e-06, 7.36087895348e-06, 9.96485614451e-05, 2.4361845135e-05, 1.17870049507e-05, 8.30782810226e-05, 2.78687039099e-05, 2.5968195132e-06, 1.87852322142e-07, 1.10045607471e-06, 2.32788348598e-08, 9.32635568773e-09, 2.58914512052e-09, 1.37863234717e-10, 5.84697235073e-10, 2.59366611521e-10, 6.71528631313e-12, 7.00391177347e-12, 5.77800394336e-13, 2.41283094849e-13, 1.80727394855e-13, 1.65302897781e-13, 1.1091548822e-13, 1.23164025094e-13, 8.56167604667e-15]
    },
    "erbbands": {
        "dmean": [0.00116329861339, 0.0255007315427, 0.194542527199, 1.02891767025, 1.35747098923, 6.60404634476, 5.60397386551, 6.97045612335, 5.93660926819, 12.9769363403, 19.9287090302, 14.9108562469, 7.43876361847, 1.39490258694, 2.55922555923, 6.85247802734, 1.53963720798, 1.0221170187, 0.640549182892, 0.470613270998, 0.18497133255, 0.172999337316, 0.210250079632, 0.0928672552109, 0.0334453545511, 0.0523680709302, 0.0181275270879, 0.00663956766948, 0.00395688507706, 0.00282148295082, 0.00224151392467, 0.00209343456663, 0.00170033797622, 0.00134847254958, 0.000671415415127, 0.000312510848744, 0.000103235564893, 1.13945998237e-05, 1.96794439944e-06, 3.60932972399e-06],
        "dmean2": [0.0018375631189, 0.0407961755991, 0.307825505733, 1.63580930233, 2.13408827782, 9.99766159058, 8.69389152527, 11.4847984314, 9.09275341034, 17.3776454926, 27.0078334808, 19.1655883789, 10.3208627701, 2.06044864655, 3.83246231079, 10.0339221954, 2.46880745888, 1.66059780121, 1.08918488026, 0.72927069664, 0.299039155245, 0.283603876829, 0.358474433422, 0.159545451403, 0.0539374537766, 0.0897355526686, 0.029523352161, 0.010633090511, 0.00628908816725, 0.00438309507445, 0.00355860870332, 0.00335458153859, 0.00269335578196, 0.00220947805792, 0.00108772690874, 0.000498310662806, 0.000158406561241, 1.63256408996e-05, 2.63578021986e-06, 5.12746191816e-06],
        "dvar": [6.52735661788e-06, 0.0053345314227, 0.34033960104, 9.9385509491, 6.28739595413, 385.47845459, 141.572052002, 480.890106201, 326.497314453, 1235.0826416, 7916.97900391, 2469.984375, 1092.47692871, 11.651263237, 35.4226226807, 566.53918457, 15.763630867, 21.5298805237, 3.59931731224, 1.36999106407, 0.261970639229, 0.176224574447, 0.335816115141, 0.0412914119661, 0.00276190321892, 0.00925835222006, 0.00130126753356, 0.00102462025825, 0.000335240387358, 0.000227455893764, 0.000126890095999, 7.88706820458e-05, 3.96123796236e-05, 1.48445105879e-05, 4.87351735501e-06, 1.62212609212e-06, 4.17148839915e-07, 2.30941150647e-08, 2.13419185102e-10, 6.00923061311e-11],
        "dvar2": [1.53016735567e-05, 0.0135478740558, 0.798287153244, 22.7440567017, 14.9873523712, 772.069641113, 323.315887451, 1195.39050293, 713.557128906, 1851.73486328, 15711.7177734, 3913.70483398, 2278.73461914, 24.8263702393, 74.8052139282, 1137.44458008, 40.817691803, 56.4567680359, 10.5967874527, 2.81286740303, 0.653312802315, 0.487879544497, 0.974337995052, 0.126758813858, 0.00564127741382, 0.0260325167328, 0.00295501714572, 0.00206316052936, 0.000507195538376, 0.000407587911468, 0.000191199069377, 0.000139428913826, 6.46599728498e-05, 2.34699600696e-05, 7.21851483831e-06, 2.07321227208e-06, 4.30473079405e-07, 2.31925820771e-08, 2.23388751941e-10, 1.19154894285e-10],
        "max": [0.0393769107759, 0.872910022736, 10.4168291092, 78.6086578369, 38.3130836487, 405.964447021, 169.811798096, 385.010620117, 337.548553467, 1015.18359375, 2839.25512695, 1674.8873291, 643.067565918, 53.0826644897, 122.400596619, 612.985839844, 76.2595596313, 88.3522644043, 28.1795101166, 21.1903514862, 9.45528793335, 7.37602376938, 8.62385368347, 2.99113583565, 1.05829167366, 1.38283872604, 0.668670594692, 0.780237495899, 0.494580239058, 0.350575327873, 0.311205118895, 0.211264997721, 0.164356827736, 0.117890611291, 0.0678261369467, 0.0412866659462, 0.0231978800148, 0.00548015348613, 0.000528993434273, 0.000170573519426],
        "mean": [0.00157558405772, 0.0300606694072, 0.360455483198, 3.49898386002, 4.69298410416, 31.7904376984, 18.7271671295, 29.3583717346, 26.7406806946, 45.5210342407, 84.1062393188, 52.6342582703, 27.046421051, 4.71805286407, 8.28016281128, 21.1547107697, 4.14167451859, 1.90467262268, 1.17208898067, 1.05707919598, 0.445333212614, 0.388123750687, 0.448394954205, 0.204848617315, 0.0878109782934, 0.116583839059, 0.0497950166464, 0.0144073795527, 0.00854137632996, 0.00580803258345, 0.00412491848692, 0.00293582305312, 0.00396496197209, 0.00356741272844, 0.0018548918888, 0.000760322669521, 0.000265292532276, 2.03246108867e-05, 1.01013774838e-05, 2.2037900635e-05],
        "median": [0.000691200140864, 0.00835592485964, 0.0871903896332, 0.857792019844, 2.6656165123, 6.07983827591, 10.3654060364, 6.98056173325, 6.98417472839, 14.0423288345, 6.52282238007, 5.18740224838, 2.64433574677, 1.42483305931, 2.00366735458, 2.07930660248, 0.615223288536, 0.339666306973, 0.228099420667, 0.199046328664, 0.14508138597, 0.132040053606, 0.106003753841, 0.0794049873948, 0.0542121604085, 0.0560269765556, 0.0288744978607, 0.0106064444408, 0.00627860520035, 0.00408654240891, 0.00261004478671, 0.001495459117, 0.00243874220178, 0.0029087390285, 0.00168582319748, 0.000655414944049, 0.000219407127588, 1.41849986903e-05, 6.61641524857e-06, 1.50972255142e-05],
        "min": [1.65455894603e-05, 0.000195385830011, 0.00165265216492, 0.00736192427576, 0.0180871542543, 0.0588506609201, 0.0666541904211, 0.0607185401022, 0.0696361288428, 0.0297583881766, 0.0172585044056, 0.028805423528, 0.0256129372865, 0.0236337184906, 0.0176220219582, 0.0166897848248, 0.0216423682868, 0.0240731891245, 0.018660210073, 0.0169089324772, 0.0220157876611, 0.0239149332047, 0.0171740353107, 0.00992353353649, 0.00912691187114, 0.00774270668626, 0.00516116525978, 0.00371149927378, 0.00208238372579, 0.00100543105509, 0.000504515483044, 0.000122849814943, 0.000112163448648, 0.000188967795111, 0.000187578829355, 3.20613362419e-05, 8.44890291773e-06, 8.82812173586e-07, 2.42865496602e-07, 2.54368501373e-07],
        "var": [8.7675443865e-06, 0.00578704336658, 0.631485939026, 37.6130142212, 27.5670928955, 3505.92456055, 528.48449707, 2317.4375, 2190.22387695, 8397.9921875, 61019.7109375, 22343.4667969, 4659.98193359, 59.6577949524, 223.785644531, 2850.65844727, 78.2597503662, 25.4881782532, 7.56683683395, 4.30875730515, 0.978633522987, 0.564754068851, 0.824657678604, 0.0932721048594, 0.00770749757066, 0.0191144179553, 0.00342544470914, 0.000923806161154, 0.000341128819855, 0.00021414681396, 0.000130725617055, 7.9165562056e-05, 4.87749275635e-05, 1.83416559594e-05, 4.88264640808e-06, 1.70077362327e-06, 4.34669658489e-07, 2.31954153662e-08, 3.08912756486e-10, 5.54125190178e-10]
    },
    "gfcc": {
        "mean": [-157.908813477, 167.628311157, -97.8231735229, -13.3769016266, -62.7070159912, -20.3096351624, -46.3137168884, -2.56788659096, -37.1357688904, -6.09418106079, -16.1081142426, -11.4947633743, -7.17796325684],
        "cov": [[3159.30102539, 1612.62023926, -663.787902832, -1301.5637207, -56.2511062622, -430.073181152, 401.983612061, -144.910797119, 232.007904053, -140.927581787, 489.294647217, -291.963348389, 112.740325928], [1612.62023926, 1091.38452148, -201.558959961, -741.755493164, -23.6239109039, -265.450164795, 264.476379395, -114.693847656, 118.806816101, -87.5174865723, 265.437744141, -170.257873535, 59.7713394165], [-663.787902832, -201.558959961, 401.762420654, 301.743164062, -12.9093322754, 94.8062820435, -64.7665100098, -8.90273189545, -60.9877433777, -6.24346399307, -125.187110901, 42.941860199, -47.844669342], [-1301.5637207, -741.755493164, 301.743164062, 682.51574707, 62.2011604309, 228.788909912, -193.235855103, 73.1538848877, -93.6790008545, 44.0239448547, -225.880050659, 127.851829529, -36.7486457825], [-56.2511062622, -23.6239109039, -12.9093322754, 62.2011604309, 99.7972488403, 46.6096878052, -12.8642377853, 17.804473877, -8.90043544769, 10.3039083481, -11.507642746, 24.979259491, 19.8491725922], [-430.073181152, -265.450164795, 94.8062820435, 228.788909912, 46.6096878052, 152.315872192, -49.6830673218, 37.3939590454, -25.1340065002, 20.458404541, -73.1636962891, 54.3381309509, -18.3042869568], [401.983612061, 264.476379395, -64.7665100098, -193.235855103, -12.8642377853, -49.6830673218, 130.019058228, -1.01540768147, 41.375038147, -1.1669960022, 63.8902549744, -53.9175643921, -11.2079296112], [-144.910797119, -114.693847656, -8.90273189545, 73.1538848877, 17.804473877, 37.3939590454, -1.01540768147, 77.3393859863, 17.0065307617, 34.5452575684, -23.6642589569, 8.80322647095, -18.6500358582], [232.007904053, 118.806816101, -60.9877433777, -93.6790008545, -8.90043544769, -25.1340065002, 41.375038147, 17.0065307617, 72.6364974976, 18.8681411743, 42.5740089417, -27.6409778595, -6.69503450394], [-140.927581787, -87.5174865723, -6.24346399307, 44.0239448547, 10.3039083481, 20.458404541, -1.1669960022, 34.5452575684, 18.8681411743, 71.8499298096, -4.84964323044, 7.73177337646, -16.1720523834], [489.294647217, 265.437744141, -125.187110901, -225.880050659, -11.507642746, -73.1636962891, 63.8902549744, -23.6642589569, 42.5740089417, -4.84964323044, 126.243247986, -22.7642593384, 33.6760063171], [-291.963348389, -170.257873535, 42.941860199, 127.851829529, 24.979259491, 54.3381309509, -53.9175643921, 8.80322647095, -27.6409778595, 7.73177337646, -22.7642593384, 96.6432342529, 34.4433822632], [112.740325928, 59.7713394165, -47.844669342, -36.7486457825, 19.8491725922, -18.3042869568, -11.2079296112, -18.6500358582, -6.69503450394, -16.1720523834, 33.6760063171, 34.4433822632, 87.9189147949]],
        "icov": [[0.00331028387882, -0.0017563222209, 0.00177626102231, 0.00173211097717, -0.000543645583093, -0.000823238864541, -0.000162205440574, 0.000141395663377, -0.00242436211556, 0.00358426081948, -0.00293816742487, 0.00300096906722, -0.000975106959231], [-0.0017563222209, 0.0189115162939, -0.0105312913656, 0.00969553086907, -0.013919592835, 0.00799511466175, -0.0117313237861, 0.00673165405169, -0.010204590857, 0.00863558892161, -0.00827527604997, 0.008739230223, -0.0069862450473], [0.00177626102231, -0.0105312913656, 0.0110604334623, -0.00721545051783, 0.00868861749768, -0.00448954058811, 0.00400093989447, -0.000321621977491, 0.00511135719717, -0.00300880195573, 0.00532860029489, -0.00489056715742, 0.00514116929844], [0.00173211097717, 0.00969553086907, -0.00721545051783, 0.0164469089359, -0.00935667194426, -0.000747155921999, -0.0012835530797, 0.000659307115711, -0.00676889438182, 0.00573059916496, -0.000510895508341, 0.00517054041848, -0.00522282486781], [-0.000543645583093, -0.013919592835, 0.00868861749768, -0.00935667194426, 0.0250580888242, -0.010469106026, 0.00814378354698, -0.00661008013412, 0.0111158480868, -0.00996868312359, 0.00809056218714, -0.00783714279532, 0.00176087452564], [-0.000823238864541, 0.00799511466175, -0.00448954058811, -0.000747155921999, -0.010469106026, 0.0199733413756, -0.00765678845346, 0.00171705428511, -0.00541903823614, 0.00462117837742, -0.00307052466087, -0.00133920810185, 0.000912958697882], [-0.000162205440574, -0.0117313237861, 0.00400093989447, -0.0012835530797, 0.00814378354698, -0.00765678845346, 0.0250120703131, -0.00873419828713, 0.00640178332105, -0.00745615921915, 0.00423575844616, -0.00316421315074, 0.00646051438525], [0.000141395663377, 0.00673165405169, -0.000321621977491, 0.000659307115711, -0.00661008013412, 0.00171705428511, -0.00873419828713, 0.0258093010634, -0.0109434043989, -0.00150135578588, -5.73531542614e-05, 0.00219301250763, -0.000392678572098], [-0.00242436211556, -0.010204590857, 0.00511135719717, -0.00676889438182, 0.0111158480868, -0.00541903823614, 0.00640178332105, -0.0109434043989, 0.0332077294588, -0.0140173183754, 0.00222907634452, -0.00481204409152, 0.00583728263155], [0.00358426081948, 0.00863558892161, -0.00300880195573, 0.00573059916496, -0.00996868312359, 0.00462117837742, -0.00745615921915, -0.00150135578588, -0.0140173183754, 0.0302023179829, -0.0119815804064, 0.00701718358323, -0.00143703399226], [-0.00293816742487, -0.00827527604997, 0.00532860029489, -0.000510895508341, 0.00809056218714, -0.00307052466087, 0.00423575844616, -5.73531542614e-05, 0.00222907634452, -0.0119815804064, 0.034102410078, -0.0136549416929, 0.000394690141547], [0.00300096906722, 0.008739230223, -0.00489056715742, 0.00517054041848, -0.00783714279532, -0.00133920810185, -0.00316421315074, 0.00219301250763, -0.00481204409152, 0.00701718358323, -0.0136549416929, 0.0310586616397, -0.0147503623739], [-0.000975106959231, -0.0069862450473, 0.00514116929844, -0.00522282486781, 0.00176087452564, 0.000912958697882, 0.00646051438525, -0.000392678572098, 0.00583728263155, -0.00143703399226, 0.000394690141547, -0.0147503623739, 0.0243292748928]]
    },
    "melbands": {
        "dmean": [1.76539306267e-05, 7.71249760874e-05, 0.000176105677383, 0.000247053831117, 0.000238109409111, 0.00015778002853, 9.43206250668e-05, 0.000142069868161, 0.000161788382684, 8.39778585942e-05, 3.51847302227e-05, 4.73595173389e-06, 9.32076090976e-06, 1.56148471433e-05, 9.50607045525e-06, 1.92806942323e-06, 2.0511170078e-06, 1.06551169665e-06, 6.43150258384e-07, 4.87461875309e-07, 2.62351278479e-07, 2.38401071329e-07, 1.50449665171e-07, 2.46451008934e-07, 6.11791577398e-08, 3.16507637876e-08, 2.48428655425e-08, 4.03604971666e-08, 1.57670179135e-08, 6.12612671702e-09, 3.77402020746e-09, 2.51770915227e-09, 1.93122251524e-09, 1.61823565659e-09, 1.39653388853e-09, 1.2937045879e-09, 1.34412536656e-09, 1.28167398916e-09, 1.48079393192e-09, 1.20191079311e-09],
        "dmean2": [2.89061226795e-05, 0.000122117853607, 0.000275828439044, 0.000380816374673, 0.000368489039829, 0.000256474857451, 0.000141705007991, 0.000191626604646, 0.000217776629142, 0.000107178340841, 4.86586504849e-05, 7.18514047549e-06, 1.4218362594e-05, 2.29495071835e-05, 1.41336204251e-05, 3.22063419844e-06, 3.31042429025e-06, 1.81475434147e-06, 1.02590888673e-06, 7.79388699357e-07, 4.31060470873e-07, 3.87589267348e-07, 2.50107291322e-07, 4.34101110613e-07, 1.03511865746e-07, 5.16286284835e-08, 4.11406624323e-08, 6.90232084821e-08, 2.59096459843e-08, 9.85773151996e-09, 6.0150244785e-09, 4.05526368041e-09, 3.10504510992e-09, 2.56489518513e-09, 2.22437601671e-09, 2.0533512668e-09, 2.1876913614e-09, 2.05285166643e-09, 2.43581887993e-09, 2.01913397113e-09],
        "dvar": [1.97180938244e-09, 5.32319290869e-08, 2.15626073441e-07, 5.15942986112e-07, 2.91656050422e-07, 2.33486858292e-07, 6.81027572114e-08, 1.34370068849e-07, 4.57651594843e-07, 7.42423083011e-08, 2.69493192206e-08, 1.16161080754e-10, 6.47982945079e-10, 2.66143507233e-09, 8.01012978169e-10, 2.49560979521e-11, 1.08731627868e-10, 1.06451453555e-11, 1.97333035329e-12, 1.19654405741e-12, 7.62437042754e-13, 4.42582981982e-13, 1.36555155204e-13, 5.66548977871e-13, 1.10250443689e-14, 2.44509400994e-15, 1.55317964555e-15, 5.94965852437e-15, 9.84159428723e-16, 2.5111776676e-16, 3.9689608098e-16, 1.10497089096e-16, 7.69762697513e-17, 7.57261086782e-17, 4.20346419735e-17, 3.70575723284e-17, 2.91365503396e-17, 1.96491195858e-17, 1.79705434755e-17, 9.60989070752e-18],
        "dvar2": [4.83091699977e-09, 1.27468538835e-07, 4.82729262785e-07, 1.09378333946e-06, 6.23611413175e-07, 5.70126474031e-07, 1.46773928122e-07, 2.06026015803e-07, 9.27008329654e-07, 1.16998783994e-07, 5.6176602925e-08, 2.4862481518e-10, 1.40335776333e-09, 5.32526245323e-09, 1.63640090367e-09, 6.7715763552e-11, 2.87838169966e-10, 3.08039184438e-11, 4.66652844838e-12, 2.62363806895e-12, 1.95854140198e-12, 1.20874068133e-12, 3.36944556457e-13, 1.76758835433e-12, 3.06915747699e-14, 5.48907334787e-15, 3.93116630557e-15, 1.67488364757e-14, 2.53593215254e-15, 4.29681126478e-16, 8.23022421936e-16, 1.65432324097e-16, 1.14611273704e-16, 1.55881365872e-16, 6.25341528598e-17, 5.91152962742e-17, 5.5369971353e-17, 3.13695905776e-17, 3.29652319054e-17, 1.51575983428e-17],
        "max": [0.000518120708875, 0.00386956031434, 0.0111545016989, 0.0146697945893, 0.0090023111552, 0.00776442140341, 0.00455868290737, 0.0091854725033, 0.0216894652694, 0.00899405032396, 0.00317389471456, 0.000214122963371, 0.000590890354943, 0.00128753774334, 0.000738760223612, 9.98419563984e-05, 0.000201678529265, 4.3538853788e-05, 2.04538719117e-05, 1.93172745639e-05, 1.54256831593e-05, 1.14337317427e-05, 8.23505070002e-06, 1.18712341646e-05, 1.53768405653e-06, 8.01607882295e-07, 7.13377858119e-07, 1.14604335977e-06, 4.49815559023e-07, 4.2780379772e-07, 5.11457358243e-07, 2.86992218435e-07, 2.35349915556e-07, 2.06911138889e-07, 1.80156376928e-07, 1.68396653066e-07, 1.12643206762e-07, 1.11048564122e-07, 1.12975342859e-07, 9.58715205002e-08],
        "mean": [2.17691904254e-05, 0.000125485108583, 0.000609611219261, 0.00117434817366, 0.000945272040553, 0.000674628303386, 0.000411680375692, 0.00051040929975, 0.000671211804729, 0.000277674902463, 0.000124349578982, 1.39074072649e-05, 2.74057510978e-05, 4.78879483126e-05, 2.9116152291e-05, 4.07067864217e-06, 3.46752926816e-06, 1.79398534783e-06, 1.4181230199e-06, 1.02059823348e-06, 5.12081101078e-07, 4.62399270873e-07, 3.33958752208e-07, 4.34073740507e-07, 1.32660147756e-07, 6.80567353584e-08, 5.5410474431e-08, 8.53961168445e-08, 3.90382091098e-08, 1.23077610326e-08, 6.79249811952e-09, 5.03628294624e-09, 3.75925202079e-09, 3.00085556404e-09, 2.50598386486e-09, 1.80955206375e-09, 1.67609270907e-09, 2.50173615157e-09, 3.36981953453e-09, 2.86879853206e-09],
        "median": [8.27492931421e-06, 2.39796518144e-05, 0.000157478731126, 0.000318615115248, 0.000462983589387, 0.000165810488397, 0.000102516001789, 0.000135940455948, 3.04274690279e-05, 2.96692578559e-05, 8.73289900483e-06, 3.69357280761e-06, 3.44054637935e-06, 5.74762634642e-06, 2.72593911177e-06, 6.55812186778e-07, 4.48921923635e-07, 3.32401100422e-07, 2.79449778873e-07, 2.18359886617e-07, 1.4251054381e-07, 1.37503747055e-07, 1.12511798989e-07, 7.95371946083e-08, 5.9469648761e-08, 3.91228986985e-08, 3.54726701346e-08, 3.76454067919e-08, 1.98009697527e-08, 8.96124241478e-09, 4.6836809986e-09, 3.63573149365e-09, 2.65954813727e-09, 2.06981387585e-09, 1.60416269157e-09, 9.33394028735e-10, 8.0815520942e-10, 1.42003320214e-09, 2.18533902085e-09, 2.4778024077e-09],
