{
"highlevel": {
    "danceability": {
        "all": {
            "danceable": 0.94668751955,
            "not_danceable": 0.0533124618232
        },
        "probability": 0.94668751955,
        "value": "danceable"
    },
    "gender": {
        "all": {
            "female": 0.974389910698,
            "male": 0.0256100744009
        },
        "probability": 0.974389910698,
        "value": "female"
    },
    "genre_dortmund": {
        "all": {
            "alternative": 0.193034991622,
            "blues": 0.0762826725841,
            "electronic": 0.085564352572,
            "folkcountry": 0.217298910022,
            "funksoulrnb": 0.0244235079736,
            "jazz": 0.0314293764532,
            "pop": 0.071906812489,
            "raphiphop": 0.0592130720615,
            "rock": 0.240846291184
        },
        "probability": 0.240846291184,
        "value": "rock"
    },
    "genre_electronic": {
        "all": {
            "ambient": 0.501604259014,
            "dnb": 0.0350175462663,
            "house": 0.246351137757,
            "techno": 0.0175475012511,
            "trance": 0.199479565024
        },
        "probability": 0.501604259014,
        "value": "ambient"
    },
    "genre_rosamerica": {
        "all": {
            "cla": 0.00656210631132,
            "dan": 0.0885679870844,
            "hip": 0.0216557215899,
            "jaz": 0.0091551002115,
            "pop": 0.529871761799,
            "rhy": 0.235372319818,
            "roc": 0.102875873446,
            "spe": 0.00593912275508
        },
        "probability": 0.529871761799,
        "value": "pop"
    },
    "genre_tzanetakis": {
        "all": {
            "blu": 0.0626613423228,
            "cla": 0.0348169617355,
            "cou": 0.104475811124,
            "dis": 0.0784321576357,
            "hip": 0.15692435205,
            "jaz": 0.313974827528,
            "met": 0.0448166541755,
            "pop": 0.0627359300852,
            "reg": 0.0627360641956,
            "roc": 0.0784258767962
        },
        "probability": 0.313974827528,
        "value": "jaz"
    },
    "ismir04_rhythm": {
        "all": {
            "ChaChaCha": 0.21863463521,
            "Jive": 0.0505269058049,
            "Quickstep": 0.0454090945423,
            "Rumba-American": 0.0473519079387,
            "Rumba-International": 0.128497391939,
            "Rumba-Misc": 0.0251513570547,
            "Samba": 0.0704599767923,
            "Tango": 0.338020950556,
            "VienneseWaltz": 0.0628693774343,
            "Waltz": 0.0130784111097
        },
        "probability": 0.338020950556,
        "value": "Tango"
    },
    "mood_acoustic": {
        "all": {
            "acoustic": 0.159959360957,
            "not_acoustic": 0.840040624142
        },
        "probability": 0.840040624142,
        "value": "not_acoustic"
    },
    "mood_aggressive": {
        "all": {
            "aggressive": 0.0119379106909,
            "not_aggressive": 0.988062083721
        },
        "probability": 0.988062083721,
        "value": "not_aggressive"
    },
    "mood_electronic": {
        "all": {
            "electronic": 0.8281468153,
            "not_electronic": 0.171853199601
        },
        "probability": 0.8281468153,
        "value": "electronic"
    },
    "mood_happy": {
        "all": {
            "happy": 0.882546961308,
            "not_happy": 0.117453046143
        },
        "probability": 0.882546961308,
        "value": "happy"
    },
    "mood_party": {
        "all": {
            "not_party": 0.955245137215,
            "party": 0.0447548516095
        },
        "probability": 0.955245137215,
        "value": "not_party"
    },
    "mood_relaxed": {
        "all": {
            "not_relaxed": 0.122026853263,
            "relaxed": 0.877973139286
        },
        "probability": 0.877973139286,
        "value": "relaxed"
    },
    "mood_sad": {
        "all": {
            "not_sad": 0.604144871235,
            "sad": 0.395855098963
        },
        "probability": 0.604144871235,
        "value": "not_sad"
    },
    "moods_mirex": {
        "all": {
            "Cluster1": 0.160532072186,
            "Cluster2": 0.252942860126,
            "Cluster3": 0.305427193642,
            "Cluster4": 0.125286012888,
            "Cluster5": 0.155811846256
        },
        "probability": 0.305427193642,
        "value": "Cluster3"
    },
    "timbre": {
        "all": {
            "bright": 0.895013272762,
            "dark": 0.104986742139
        },
        "probability": 0.895013272762,
        "value": "bright"
    },
    "tonal_atonal": {
        "all": {
            "atonal": 0.0647343099117,
            "tonal": 0.935265719891
        },
        "probability": 0.935265719891,
        "value": "tonal"
    },
    "voice_instrumental": {
        "all": {
            "instrumental": 0.0323352478445,
            "voice": 0.967664778233
        },
        "probability": 0.967664778233,
        "value": "voice"
    }
},
"lowlevel": {
    "average_loudness": 0.984685719013,
    "barkbands_crest": {
        "dmean": 4.18511867523,
        "dmean2": 7.0272731781,
        "dvar": 13.2987318039,
        "dvar2": 33.2930793762,
        "max": 25.4685096741,
        "mean": 12.9143781662,
        "median": 12.2496547699,
        "min": 3.24094247818,
        "var": 25.5381526947
    },
    "barkbands_flatness_db": {
        "dmean": 0.0362305901945,
        "dmean2": 0.056813057512,
        "dvar": 0.0011324811494,
        "dvar2": 0.00260920333676,
        "max": 0.393441289663,
        "mean": 0.212743774056,
        "median": 0.20748347044,
        "min": 0.0631353333592,
        "var": 0.0034433407709
    },
    "barkbands_kurtosis": {
        "dmean": 5.40542030334,
        "dmean2": 9.02565097809,
        "dvar": 94.0835876465,
        "dvar2": 240.301513672,
        "max": 137.947769165,
        "mean": 7.09679889679,
        "median": 4.41891622543,
        "min": -1.85807728767,
        "var": 106.801948547
    },
    "barkbands_skewness": {
        "dmean": 0.78865814209,
        "dmean2": 1.28023338318,
        "dvar": 0.746348917484,
        "dvar2": 1.83312284946,
        "max": 10.4298467636,
        "mean": 1.98471713066,
        "median": 1.77261614799,
        "min": -1.0164693594,
        "var": 1.48452675343
    },
    "barkbands_spread": {
        "dmean": 4.26878499985,
        "dmean2": 6.68018960953,
        "dvar": 31.5708084106,
        "dvar2": 62.1465797424,
        "max": 89.885559082,
        "mean": 11.9877967834,
        "median": 10.516371727,
        "min": 0.889709830284,
        "var": 79.1577911377
    },
    "dissonance": {
        "dmean": 0.0283737685531,
        "dmean2": 0.0467329137027,
        "dvar": 0.000644671090413,
        "dvar2": 0.00160124374088,
        "max": 0.499311774969,
        "mean": 0.438876748085,
        "median": 0.447842091322,
        "min": 0.244505748153,
        "var": 0.00160630524624
    },
    "dynamic_complexity": 1.40936398506,
    "erbbands_crest": {
        "dmean": 2.76443004608,
        "dmean2": 4.21813440323,
        "dvar": 6.75336647034,
        "dvar2": 15.301692009,
        "max": 29.4525928497,
        "mean": 9.99213695526,
        "median": 8.45478343964,
        "min": 2.81964755058,
        "var": 24.6578521729
    },
    "erbbands_flatness_db": {
        "dmean": 0.0217810496688,
        "dmean2": 0.0297919884324,
        "dvar": 0.000419217045419,
        "dvar2": 0.00070626696106,
        "max": 0.328967928886,
        "mean": 0.183469101787,
        "median": 0.179709747434,
        "min": 0.0701142773032,
        "var": 0.0022922239732
    },
    "erbbands_kurtosis": {
        "dmean": 1.2288185358,
        "dmean2": 1.83760368824,
        "dvar": 3.24723124504,
        "dvar2": 6.42986822128,
        "max": 31.6055870056,
        "mean": 1.43284928799,
        "median": 0.439345836639,
        "min": -1.63779604435,
        "var": 9.99243068695
    },
    "erbbands_skewness": {
        "dmean": 0.3906647861,
        "dmean2": 0.579376101494,
        "dvar": 0.131368428469,
        "dvar2": 0.270929962397,
        "max": 3.99448943138,
        "mean": 0.627264142036,
        "median": 0.550012588501,
        "min": -1.95731425285,
        "var": 0.577719509602
    },
    "erbbands_spread": {
        "dmean": 7.17507362366,
        "dmean2": 10.5663166046,
        "dvar": 72.6558227539,
        "dvar2": 154.053390503,
        "max": 123.473892212,
        "mean": 29.4363632202,
        "median": 26.0375957489,
        "min": 3.32235479355,
        "var": 253.535232544
    },
    "hfc": {
        "dmean": 7.46724796295,
        "dmean2": 10.6945505142,
        "dvar": 116.182998657,
        "dvar2": 244.356124878,
        "max": 112.898071289,
        "mean": 20.3436889648,
        "median": 16.8433094025,
        "min": 2.66405701637,
        "var": 221.225494385
    },
    "melbands_crest": {
        "dmean": 4.18318271637,
        "dmean2": 6.99054527283,
        "dvar": 14.057469368,
        "dvar2": 34.7283058167,
        "max": 31.4212169647,
        "mean": 15.6634235382,
        "median": 15.1534700394,
        "min": 5.33441877365,
        "var": 26.4726524353
    },
    "melbands_flatness_db": {
        "dmean": 0.0439017936587,
        "dmean2": 0.0670045018196,
        "dvar": 0.00157441198826,
        "dvar2": 0.003614874091,
        "max": 0.50529897213,
        "mean": 0.290815770626,
        "median": 0.283882707357,
        "min": 0.087288595736,
        "var": 0.00557290948927
    },
    "melbands_kurtosis": {
        "dmean": 10.26628685,
        "dmean2": 17.1987953186,
        "dvar": 320.135345459,
        "dvar2": 834.513000488,
        "max": 304.105712891,
        "mean": 15.1586732864,
        "median": 9.1082611084,
        "min": -0.862262964249,
        "var": 386.908416748
    },
    "melbands_skewness": {
        "dmean": 0.988178730011,
        "dmean2": 1.59916841984,
        "dvar": 1.1186645031,
        "dvar2": 2.69120454788,
        "max": 13.0471887589,
        "mean": 2.76107168198,
        "median": 2.440533638,
        "min": -0.966355085373,
        "var": 2.53507089615
    },
    "melbands_spread": {
        "dmean": 4.50274133682,
        "dmean2": 7.27764701843,
        "dvar": 30.6356601715,
        "dvar2": 72.3097229004,
        "max": 93.3982849121,
        "mean": 11.3785200119,
        "median": 10.069021225,
        "min": 0.81778216362,
        "var": 55.5400657654
    },
    "pitch_salience": {
        "dmean": 0.102445915341,
        "dmean2": 0.172876849771,
        "dvar": 0.00799001846462,
        "dvar2": 0.0212361793965,
        "max": 0.787154376507,
        "mean": 0.486427307129,
        "median": 0.49075332284,
        "min": 0.128662720323,
        "var": 0.0154375089332
    },
    "silence_rate_20dB": {
        "dmean": 0,
        "dmean2": 0,
        "dvar": 0,
        "dvar2": 0,
        "max": 1,
        "mean": 1,
        "median": 1,
        "min": 1,
        "var": 0
    },
    "silence_rate_30dB": {
        "dmean": 0.147058829665,
        "dmean2": 0.294345468283,
        "dvar": 0.125432506204,
        "dvar2": 0.224748387933,
        "max": 1,
        "mean": 0.839133799076,
        "median": 1,
        "min": 0,
        "var": 0.134989082813
    },
    "silence_rate_60dB": {
        "dmean": 0,
        "dmean2": 0,
        "dvar": 0,
        "dvar2": 0,
        "max": 0,
        "mean": 0,
        "median": 0,
        "min": 0,
        "var": 0
    },
    "spectral_centroid": {
        "dmean": 163.831771851,
        "dmean2": 234.753387451,
        "dvar": 44583.75,
        "dvar2": 80022.2734375,
        "max": 3601.72924805,
        "mean": 732.130615234,
        "median": 648.247070312,
        "min": 253.61668396,
        "var": 133727.5
    },
    "spectral_complexity": {
        "dmean": 3.78792572021,
        "dmean2": 5.45158815384,
        "dvar": 20.6269321442,
        "dvar2": 32.0617713928,
        "max": 51,
        "mean": 17.6589336395,
        "median": 16,
        "min": 6,
        "var": 58.2357330322
    },
    "spectral_decrease": {
        "dmean": 9.52535206267e-09,
        "dmean2": 1.54030459498e-08,
        "dvar": 1.98251317088e-16,
        "dvar2": 4.69542496975e-16,
        "max": -1.50782586417e-09,
        "mean": -1.69582250464e-08,
        "median": -1.23797612162e-08,
        "min": -9.6481159062e-08,
        "var": 2.19806743878e-16
    },
    "spectral_energy": {
        "dmean": 0.0363942980766,
        "dmean2": 0.058630105108,
        "dvar": 0.00285748275928,
        "dvar2": 0.00675435597077,
        "max": 0.36802944541,
        "mean": 0.0658495053649,
        "median": 0.048166256398,
        "min": 0.00599324330688,
        "var": 0.00319946347736
    },
    "spectral_energyband_high": {
        "dmean": 0.000295249221381,
        "dmean2": 0.000389260210795,
        "dvar": 6.55043152165e-07,
        "dvar2": 1.08013568934e-06,
        "max": 0.0149653088301,
        "mean": 0.000449596496765,
        "median": 0.000124457728816,
        "min": 4.88073794713e-07,
        "var": 1.36940866469e-06
    },
    "spectral_energyband_low": {
        "dmean": 0.0332967303693,
        "dmean2": 0.0560174025595,
        "dvar": 0.00278768851422,
        "dvar2": 0.00672433106229,
        "max": 0.334869593382,
        "mean": 0.0413157865405,
        "median": 0.0230484660715,
        "min": 0.000710992026143,
        "var": 0.00280915014446
    },
    "spectral_energyband_middle_high": {
        "dmean": 0.00213376828469,
        "dmean2": 0.00333756580949,
        "dvar": 1.16537348731e-05,
        "dvar2": 2.98185022984e-05,
        "max": 0.0325611643493,
        "mean": 0.00463141594082,
        "median": 0.00318831694312,
        "min": 0.000248130789259,
        "var": 1.85487078852e-05
    },
    "spectral_energyband_middle_low": {
        "dmean": 0.00758848385885,
        "dmean2": 0.0117763262242,
        "dvar": 7.71635532146e-05,
        "dvar2": 0.000184363976587,
        "max": 0.0971336215734,
        "mean": 0.0219565816224,
        "median": 0.0193690545857,
        "min": 0.00145395239815,
        "var": 0.000185330834938
    },
    "spectral_entropy": {
        "dmean": 0.231328129768,
        "dmean2": 0.311849713326,
        "dvar": 0.0553302578628,
        "dvar2": 0.0929230451584,
        "max": 8.49077320099,
        "mean": 7.01378440857,
        "median": 6.96079397202,
        "min": 5.89071989059,
        "var": 0.277933806181
    },
    "spectral_flux": {
        "dmean": 0.059252422303,
        "dmean2": 0.0946665108204,
        "dvar": 0.00448988145217,
        "dvar2": 0.0114531656727,
        "max": 0.501509130001,
        "mean": 0.133016571403,
        "median": 0.10684376955,
        "min": 0.0234335437417,
        "var": 0.00682719796896
    },
    "spectral_kurtosis": {
        "dmean": 4.27118015289,
        "dmean2": 6.94336938858,
        "dvar": 40.4064903259,
        "dvar2": 105.692085266,
        "max": 70.0026397705,
        "mean": 10.2823009491,
        "median": 7.928814888,
        "min": -0.906674861908,
        "var": 88.3544540405
    },
    "spectral_rms": {
        "dmean": 0.00193307758309,
        "dmean2": 0.00299316039309,
        "dvar": 5.03574892718e-06,
        "dvar2": 1.12469742817e-05,
        "max": 0.0189486965537,
        "mean": 0.00751383556053,
        "median": 0.00685503240675,
        "min": 0.00241807079874,
        "var": 7.78572211857e-06
    },
    "spectral_rolloff": {
        "dmean": 264.098114014,
        "dmean2": 459.852935791,
        "dvar": 340829.71875,
        "dvar2": 769331.875,
        "max": 8290.28320312,
        "mean": 615.885986328,
        "median": 452.197265625,
        "min": 64.599609375,
        "var": 469133.5625
    },
    "spectral_skewness": {
        "dmean": 0.414523184299,
        "dmean2": 0.633779704571,
        "dvar": 0.182370975614,
        "dvar2": 0.439195901155,
        "max": 5.90025472641,
        "mean": 2.33611965179,
        "median": 2.27013850212,
        "min": 0.124802753329,
        "var": 0.691103816032
    },
    "spectral_spread": {
        "dmean": 558481.75,
        "dmean2": 812375.125,
        "dvar": 487412400128,
        "dvar2": 963176431616,
        "max": 14356292,
        "mean": 3513994.25,
        "median": 3389127.75,
        "min": 674095.9375,
        "var": 1.85017525862e+12
    },
    "spectral_strongpeak": {
        "dmean": 0.474142819643,
        "dmean2": 0.8185069561,
        "dvar": 0.531921565533,
        "dvar2": 1.25075984001,
        "max": 6.35292053223,
        "mean": 0.800261259079,
        "median": 0.488797128201,
        "min": 0.0476390570402,
        "var": 0.918351769447
    },
    "zerocrossingrate": {
        "dmean": 0.00705626886338,
        "dmean2": 0.00883596204221,
        "dvar": 7.00928794686e-05,
        "dvar2": 9.68353851931e-05,
        "max": 0.21826171875,
        "mean": 0.0284215193242,
        "median": 0.02587890625,
        "min": 0.00341796875,
        "var": 0.000306444184389
    },
    "barkbands": {
        "dmean": [0.000841990869958, 0.0312656499445, 0.00257394346409, 0.00271558854729, 0.00278809387237, 0.00232215994038, 0.00209436705336, 0.000851256074384, 0.00165614683647, 0.000682525685988, 0.000424181431299, 0.000395835697418, 0.000568004907109, 0.000363842496881, 0.000196575885639, 0.000196566528757, 0.000145619123941, 0.00012150832481, 7.60362454457e-05, 5.74902260269e-05, 7.19106392353e-05, 6.53206225252e-05, 6.74807160976e-05, 5.04572126374e-05, 2.91093056148e-05, 1.24772932395e-05, 5.04005148727e-09],
        "dmean2": [0.00124507758301, 0.0529775992036, 0.00439231237397, 0.00468303821981, 0.00465898681432, 0.00367343076505, 0.0031668713782, 0.0011838125065, 0.00229964382015, 0.00107322982512, 0.000696243892889, 0.000615940603893, 0.00091350992443, 0.000606384070124, 0.000322042877087, 0.000334578711772, 0.000243673232035, 0.000191073733731, 0.000107994950667, 8.42061126605e-05, 0.000101437639387, 9.04692424228e-05, 9.74973663688e-05, 7.14446141501e-05, 4.22382981924e-05, 1.95629454538e-05, 7.15173076316e-09],
        "dvar": [2.81655411527e-06, 0.00250870292075, 1.219713522e-05, 1.94406457013e-05, 1.34519859785e-05, 1.01762279883e-05, 1.39578723974e-05, 3.89298338632e-06, 1.24472935568e-05, 1.0645542261e-06, 6.34407570033e-07, 7.73743238369e-07, 7.30365513846e-07, 7.00105374563e-07, 1.89065602285e-07, 2.30674075397e-07, 1.10809210696e-07, 1.01344625136e-07, 3.3459791382e-08, 9.69362368153e-09, 4.20336263574e-08, 3.8657834267e-08, 5.07713124875e-08, 4.00288371338e-08, 8.06891620186e-09, 3.05594083372e-09, 4.43669420321e-15],
        "dvar2": [5.95922711e-06, 0.00621947692707, 3.27060406562e-05, 5.32592530362e-05, 3.55678312189e-05, 2.44002185354e-05, 2.93244575005e-05, 6.56522979625e-06, 2.14560132008e-05, 2.67158930001e-06, 1.62383309998e-06, 1.67731991496e-06, 1.76042601652e-06, 1.90975902115e-06, 4.9572338412e-07, 6.27908889328e-07, 3.08697082119e-07, 2.63817014456e-07, 7.34047276296e-08, 2.03917593922e-08, 8.00232839993e-08, 7.65225252053e-08, 9.74331442194e-08, 8.46345997729e-08, 1.72897749451e-08, 7.35972038868e-09, 4.53666018462e-15],
        "max": [0.0160283446312, 0.323893457651, 0.0332152098417, 0.0569119974971, 0.0385918468237, 0.034794986248, 0.0654827952385, 0.0370535217226, 0.0727496445179, 0.0147941214964, 0.0108773829415, 0.0135982101783, 0.00720569537953, 0.00913824606687, 0.00537536572665, 0.00504200672731, 0.00370225822553, 0.004115995951, 0.00236578984186, 0.0010895235464, 0.00491420924664, 0.00380120449699, 0.00386340357363, 0.00363232404925, 0.00200739293359, 0.00124294962734, 1.86142358416e-06],
        "mean": [0.000865300768055, 0.03432546556, 0.0037719134707, 0.00390925677493, 0.00471826735884, 0.00449898745865, 0.00367241841741, 0.00156732322648, 0.00329304230399, 0.00118803500663, 0.000604313390795, 0.000611730210949, 0.000901987194084, 0.000463448668597, 0.000281073094811, 0.00024096283596, 0.000184317861567, 0.000165520526934, 0.000101469639048, 9.23520128708e-05, 9.73623318714e-05, 8.43783418532e-05, 8.90132942004e-05, 6.70507797622e-05, 4.05222890549e-05, 1.40161055242e-05, 4.47710091223e-09],
        "median": [0.000115806447866, 0.0176495239139, 0.00278579350561, 0.00180830224417, 0.00350963464007, 0.00337006989866, 0.00174400955439, 0.000460999115603, 0.000999381067231, 0.000621506071184, 0.000306760717649, 0.000265214999672, 0.000407915882533, 9.74888389464e-05, 9.47519802139e-05, 0.000121713950648, 8.18176195025e-05, 7.76587985456e-05, 3.08020535158e-05, 3.74390219804e-05, 1.63789281942e-05, 1.38991081258e-05, 1.35122418214e-05, 1.58461643878e-05, 1.01693913166e-05, 2.70366717814e-06, 7.05691338698e-10],
        "min": [1.34446509037e-07, 2.64091850113e-05, 1.18763309729e-05, 8.92853131518e-06, 7.57076995797e-05, 5.90620184084e-05, 8.12610414869e-06, 3.53507334694e-06, 2.30412497331e-05, 6.81543770042e-06, 4.13727957493e-06, 1.20631159461e-06, 4.374717264e-06, 4.38999052221e-07, 1.71300359852e-06, 4.75151227874e-06, 1.30112459829e-06, 2.19496109821e-06, 6.27629219707e-07, 1.90380177401e-07, 1.23978267652e-07, 5.65455131607e-08, 1.43150744591e-08, 3.69549807422e-10, 2.18956536929e-11, 1.67030972387e-11, 2.13932760396e-11],
        "var": [3.5391694837e-06, 0.00242149084806, 1.3728787053e-05, 2.89416566375e-05, 1.95833836187e-05, 1.70277580764e-05, 3.02783737425e-05, 1.38162749863e-05, 5.45873226656e-05, 2.64329651145e-06, 8.49403818393e-07, 1.26342388285e-06, 1.36150333674e-06, 7.50232402424e-07, 2.33791496385e-07, 1.85134751973e-07, 1.06213121853e-07, 9.56938777108e-08, 4.48055637037e-08, 1.82628774326e-08, 6.56826557588e-08, 6.41257358325e-08, 8.91676066317e-08, 5.98418594677e-08, 1.36999966927e-08, 3.66206109881e-09, 4.41521387119e-15]
    },
    "erbbands": {
        "dmean": [1.01603960991, 6.5868678093, 4.5357503891, 5.99610137939, 8.67146682739, 10.4581003189, 14.9550619125, 21.2121276855, 33.090171814, 15.0515975952, 24.5831260681, 41.6649627686, 14.812628746, 20.8576126099, 20.3454303741, 14.5277204514, 26.5639057159, 19.7124385834, 13.4052858353, 8.85654258728, 9.62470149994, 7.87152004242, 7.1314330101, 5.36786603928, 2.67568159103, 2.99640154839, 2.45756530762, 3.14101052284, 2.37976384163, 1.90945637226, 2.04883289337, 1.24631011486, 0.812603473663, 0.441287249327, 0.161079496145, 0.075419344008, 0.0182990804315, 0.00123054324649, 3.66797576135e-05, 4.03459016525e-05],
        "dmean2": [1.73291409016, 11.2409133911, 7.74698162079, 10.2480792999, 14.8451852798, 17.6498908997, 22.8644771576, 32.9681968689, 50.5435905457, 23.2521781921, 33.7635269165, 56.9836730957, 22.8761959076, 32.9235954285, 32.6808013916, 22.7372398376, 42.0949287415, 32.1848869324, 22.43866539, 14.915189743, 16.0635681152, 13.1870279312, 11.4708595276, 7.82473087311, 3.70856428146, 4.42914247513, 3.57514452934, 4.33357191086, 3.29547548294, 2.62760043144, 3.02092766762, 1.8204805851, 1.14851152897, 0.632833898067, 0.24519136548, 0.119269736111, 0.0294946245849, 0.00208930531517, 5.7473040215e-05, 6.4186322561e-05],
        "dvar": [3.54022192955, 98.653678894, 35.1104469299, 84.154876709, 175.978683472, 252.016372681, 501.08706665, 782.427001953, 3779.88818359, 601.402648926, 3282.44970703, 7350.72998047, 755.048339844, 1124.15124512, 1318.10009766, 858.296142578, 1593.23925781, 1740.63562012, 928.014831543, 539.429931641, 517.19342041, 380.662384033, 342.641204834, 180.264801025, 31.4775066376, 26.2337303162, 31.4190635681, 97.1935882568, 45.68126297, 33.252243042, 48.6591491699, 24.8555812836, 9.55749225616, 1.80940973759, 0.274765521288, 0.109593972564, 0.00577828474343, 3.10440045723e-05, 1.12640154981e-08, 3.33509286854e-09],
        "dvar2": [8.80243587494, 247.472839355, 91.1560821533, 220.69972229, 482.014678955, 681.168029785, 1189.01013184, 1958.10998535, 7898.75292969, 1417.2890625, 5203.94189453, 12358.3857422, 1860.14660645, 2721.3762207, 3189.54931641, 1957.32702637, 3885.28979492, 4677.04736328, 2501.57446289, 1460.98986816, 1397.46179199, 1065.3795166, 908.782836914, 407.324707031, 63.4593658447, 56.8033981323, 67.7168579102, 155.825866699, 88.7485809326, 67.5144729614, 96.0152740479, 54.7917327881, 19.6107177734, 3.5154645443, 0.713838577271, 0.251843571663, 0.0146901775151, 8.91587187652e-05, 2.98492821571e-08, 7.81311015885e-09],
        "max": [11.7520399094, 67.5962219238, 48.9489936829, 98.2093582153, 136.659866333, 200.854370117, 287.818756104, 350.754333496, 1080.99816895, 442.030517578, 979.960876465, 1943.25280762, 570.186157227, 555.091186523, 419.955932617, 671.843994141, 366.83203125, 439.254669189, 395.279510498, 261.953643799, 251.169296265, 197.782318115, 240.809524536, 138.96043396, 69.1696548462, 62.5992698669, 83.8938751221, 234.326553345, 113.359329224, 101.22000885, 122.739517212, 88.7916793823, 61.4255943298, 28.4871082306, 10.6312761307, 7.93949270248, 1.85261142254, 0.134357050061, 0.00258478568867, 0.000399777491111],
        "mean": [1.02357459068, 7.38926792145, 6.41560554504, 10.0604867935, 12.42345047, 16.2030143738, 28.0088005066, 39.8587875366, 61.3171386719, 29.3961715698, 49.0962982178, 84.532043457, 28.1632347107, 37.1262817383, 32.8187217712, 24.8260383606, 44.0391159058, 28.4082317352, 19.1018981934, 10.9450941086, 12.5446224213, 9.81774139404, 10.0467300415, 7.20835971832, 3.99611949921, 4.8943810463, 3.64603686333, 4.09262609482, 3.06287336349, 2.36203622818, 2.69172358513, 1.59541761875, 1.06241762638, 0.604888856411, 0.204468265176, 0.0917685478926, 0.0197675153613, 0.00109714712016, 5.76859274588e-05, 7.54868233344e-05],
        "median": [0.401680588722, 4.04805135727, 4.62715053558, 5.14424228668, 8.73863124847, 10.4567480087, 18.5350265503, 28.9683418274, 29.8047046661, 17.7660598755, 13.5711812973, 27.9091510773, 16.17253685, 17.3755340576, 19.0875301361, 14.7875623703, 21.8787975311, 9.18382358551, 6.99804401398, 4.29191398621, 6.74136018753, 3.93615102768, 5.02174520493, 2.60627222061, 1.36464035511, 1.96475601196, 1.00429022312, 0.491832584143, 0.517058193684, 0.361707150936, 0.431028544903, 0.378311991692, 0.205540835857, 0.126966774464, 0.0541882738471, 0.020207490772, 0.00248759239912, 0.000119404234283, 3.12328011205e-05, 5.58659376111e-05],
        "min": [0.00126640312374, 0.00585425691679, 0.139672517776, 0.0810555443168, 0.355335891247, 0.214204221964, 0.577714562416, 1.01778686047, 0.215972483158, 0.514368593693, 0.380592435598, 0.72838383913, 0.472328305244, 0.251509636641, 0.511254489422, 0.423086225986, 0.289521932602, 0.136380568147, 0.244459733367, 0.119910567999, 0.391999959946, 0.218413814902, 0.155291378498, 0.0485526919365, 0.0241318736225, 0.012575651519, 0.00635994365439, 0.00245201447979, 0.00250612432137, 0.000954405695666, 0.000405456870794, 8.00269772299e-05, 2.38903649006e-05, 1.36967810249e-05, 9.27302971832e-06, 6.65599736749e-06, 3.49457945958e-06, 5.37632331543e-07, 3.14381259159e-06, 6.87996453053e-06],
        "var": [3.20884084702, 96.2513427734, 37.2029647827, 166.937362671, 178.339660645, 353.813262939, 960.761901855, 1413.40881348, 8112.06347656, 1157.75427246, 11461.2509766, 35809.0195312, 1317.89477539, 3269.46362305, 2007.80297852, 1322.57971191, 3101.0378418, 2147.31665039, 1025.99633789, 460.550506592, 432.056365967, 335.253662109, 311.147583008, 217.95123291, 53.5082054138, 49.5754547119, 49.4503746033, 167.55796814, 80.3460693359, 53.0137443542, 82.264289856, 34.3354377747, 15.2470273972, 3.2073340416, 0.388132363558, 0.149646356702, 0.0068064937368, 2.42283167609e-05, 1.18252012626e-08, 3.87380483247e-09]
    },
    "gfcc": {
        "mean": [0.3721806705, 149.25617981, -104.321166992, 28.7211456299, -51.7030754089, 17.4528903961, -30.9629192352, 10.2325849533, -15.6126298904, 1.63288366795, -2.3947789669, -0.419399082661, -1.90941250324],
        "cov": [[2869.99731445, -1757.28039551, 145.769958496, 202.838653564, -592.867004395, 598.830078125, -417.910949707, 278.437194824, -243.777862549, 309.727661133, -176.210891724, 67.7652435303, -262.083892822], [-1757.28039551, 1681.88696289, -273.312957764, -238.551177979, 561.574035645, -453.45980835, 425.498657227, -276.716247559, 207.140136719, -270.076629639, 180.744766235, -139.788803101, 205.184448242], [145.769958496, -273.312957764, 455.035705566, 11.5318202972, -114.719848633, 119.463691711, -131.408035278, 146.883331299, -29.5727367401, 32.6842727661, 8.40779399872, 63.2623672485, -41.112663269], [202.838653564, -238.551177979, 11.5318202972, 368.354064941, 1.84676098824, -9.43231201172, -1.0066986084, -28.9749984741, 48.094783783, 19.340511322, 3.52397108078, 40.7668914795, 48.4702644348], [-592.867004395, 561.574035645, -114.719848633, 1.84676098824, 380.734100342, -154.349990845, 197.370361328, -143.808898926, 69.2187957764, -58.7320289612, 20.7281627655, -25.4214992523, 85.1267776489], [598.830078125, -453.45980835, 119.463691711, -9.43231201172, -154.349990845, 293.223144531, -106.088935852, 91.4284515381, -75.2454147339, 74.2770309448, -23.7030525208, 0.0310885775834, -56.3404846191], [-417.910949707, 425.498657227, -131.408035278, -1.0066986084, 197.370361328, -106.088935852, 262.919006348, -98.4660415649, 73.7329101562, -47.0130805969, 31.0730400085, -25.9602394104, 50.650062561], [278.437194824, -276.716247559, 146.883331299, -28.9749984741, -143.808898926, 91.4284515381, -98.4660415649, 190.393081665, -12.1548862457, 31.1661396027, -4.0357966423, 11.2523431778, -47.6751937866], [-243.777862549, 207.140136719, -29.5727367401, 48.094783783, 69.2187957764, -75.2454147339, 73.7329101562, -12.1548862457, 148.425079346, -15.0211277008, 56.1131896973, -14.8892860413, 46.6668968201], [309.727661133, -270.076629639, 32.6842727661, 19.340511322, -58.7320289612, 74.2770309448, -47.0130805969, 31.1661396027, -15.0211277008, 141.219650269, -27.6906299591, 18.8365764618, -32.512840271], [-176.210891724, 180.744766235, 8.40779399872, 3.52397108078, 20.7281627655, -23.7030525208, 31.0730400085, -4.0357966423, 56.1131896973, -27.6906299591, 117.318778992, -2.93155002594, 35.5104827881], [67.7652435303, -139.788803101, 63.2623672485, 40.7668914795, -25.4214992523, 0.0310885775834, -25.9602394104, 11.2523431778, -14.8892860413, 18.8365764618, -2.93155002594, 113.882568359, -6.87259626389], [-262.083892822, 205.184448242, -41.112663269, 48.4702644348, 85.1267776489, -56.3404846191, 50.650062561, -47.6751937866, 46.6668968201, -32.512840271, 35.5104827881, -6.87259626389, 113.506484985]],
        "icov": [[0.00125151930843, 0.000576656137127, 0.000651756883599, -0.000563157780562, 0.000160102499649, -0.00122228788678, 0.000234153150814, -0.000383700127713, 0.000353892275598, -0.000588540220633, -4.54634118796e-06, 0.000135502545163, 0.00102699373383], [0.000576656137127, 0.0108035663143, -0.00161948695313, 0.00722416397184, -0.00534879323095, 0.00661732628942, -0.00451563857496, 0.00462919753045, -0.00250646704808, 0.00676418002695, -0.00782950595021, 0.00661155581474, -0.00479625491425], [0.000651756883599, -0.00161948695313, 0.00420020380989, -0.00182922324166, 0.000290520692943, -0.00277540949173, 0.00203734706156, -0.00334343011491, 0.000691048626322, -0.00125498627312, 0.000724001496565, -0.0027692716103, 0.0017881761305], [-0.000563157780562, 0.00722416397184, -0.00182922324166, 0.00889797136188, -0.00345144281164, 0.00534877693281, -0.00315449410118, 0.00452492758632, -0.00357089191675, 0.00488339317963, -0.00475693400949, 0.00335371098481, -0.00571175990626], [0.000160102499649, -0.00534879323095, 0.000290520692943, -0.00345144281164, 0.00861753895879, -0.00272111501545, -0.000496706867125, -5.53224308533e-05, 0.000944913015701, -0.00366214103997, 0.00498103350401, -0.00286225182936, 0.000833446683828], [-0.00122228788678, 0.00661732628942, -0.00277540949173, 0.00534877693281, -0.00272111501545, 0.011812241748, -0.00357150053605, 0.00270364782773, 0.000289871706627, 0.00316983601078, -0.00599154876545, 0.00587761774659, -0.00442128442228], [0.000234153150814, -0.00451563857496, 0.00203734706156, -0.00315449410118, -0.000496706867125, -0.00357150053605, 0.00949792005122, -0.00132746179588, -0.000929474481381, -0.00246880669147, 0.00288611417636, -0.00294495839626, 0.0031861893367], [-0.000383700127713, 0.00462919753045, -0.00334343011491, 0.00452492758632, -5.53224308533e-05, 0.00270364782773, -0.00132746179588, 0.0123330513015, -0.00382708315738, 0.0034280186519, -0.00309015996754, 0.00337545503862, -0.00151487311814], [0.000353892275598, -0.00250646704808, 0.000691048626322, -0.00357089191675, 0.000944913015701, 0.000289871706627, -0.000929474481381, -0.00382708315738, 0.0125340316445, -0.00363523163833, -0.00236841384321, 0.000158610899234, -7.82060087658e-05], [-0.000588540220633, 0.00676418002695, -0.00125498627312, 0.00488339317963, -0.00366214103997, 0.00316983601078, -0.00246880669147, 0.0034280186519, -0.00363523163833, 0.0141596561298, -0.00340059655719, 0.00282780616544, -0.00247938977554], [-4.54634118796e-06, -0.00782950595021, 0.000724001496565, -0.00475693400949, 0.00498103350401, -0.00599154876545, 0.00288611417636, -0.00309015996754, -0.00236841384321, -0.00340059655719, 0.0174985639751, -0.00544652435929, 0.00133643602021], [0.000135502545163, 0.00661155581474, -0.0027692716103, 0.00335371098481, -0.00286225182936, 0.00587761774659, -0.00294495839626, 0.00337545503862, 0.000158610899234, 0.00282780616544, -0.00544652435929, 0.0147439362481, -0.00293654552661], [0.00102699373383, -0.00479625491425, 0.0017881761305, -0.00571175990626, 0.000833446683828, -0.00442128442228, 0.0031861893367, -0.00151487311814, -7.82060087658e-05, -0.00247938977554, 0.00133643602021, -0.00293654552661, 0.01678664051]]
    },
    "melbands": {
        "dmean": [0.00907027162611, 0.00447945995256, 0.00107789144386, 0.000670476816595, 0.000472153304145, 0.000452880340163, 0.000486246164655, 0.000152139255079, 0.00024500413565, 0.000236955660512, 7.28755112505e-05, 8.92301541171e-05, 6.2906598032e-05, 5.00560636283e-05, 4.84535376017e-05, 5.33979364263e-05, 3.6976638512e-05, 2.29021425184e-05, 1.24660109577e-05, 1.42377975862e-05, 1.06864990812e-05, 8.17242380435e-06, 8.08100503491e-06, 5.39328539162e-06, 4.58397926195e-06, 2.19251796807e-06, 1.77807089585e-06, 2.08686060432e-06, 1.32381796902e-06, 2.00000840778e-06, 1.9426779545e-06, 1.44735975027e-06, 1.11450333407e-06, 1.06172853975e-06, 1.25743815715e-06, 1.0743066241e-06, 6.80438688505e-07, 5.90378078869e-07, 5.22716959495e-07, 3.36206028351e-07],
        "dmean2": [0.015339275822, 0.00765076000243, 0.0018428376643, 0.00115046906285, 0.000730821804609, 0.000709323445335, 0.000740498187952, 0.00023277165019, 0.000336708500981, 0.000327809189912, 0.000113520130981, 0.000140734468005, 0.000101965415524, 7.83509240136e-05, 7.62071504141e-05, 8.58766507008e-05, 6.05378736509e-05, 3.8586116716e-05, 2.06165968848e-05, 2.44190468948e-05, 1.7898666556e-05, 1.37424731292e-05, 1.36482995003e-05, 8.47346564115e-06, 6.74841840009e-06, 3.09282927446e-06, 2.64586992671e-06, 3.15896363645e-06, 1.88962917491e-06, 3.12671272695e-06, 2.72399097412e-06, 2.13743464883e-06, 1.54489248416e-06, 1.54364283844e-06, 1.85403325759e-06, 1.61398997989e-06, 1.00290424143e-06, 8.66402160682e-07, 7.56512235967e-07, 5.07909305725e-07],
        "dvar": [0.000235609244555, 3.93819245801e-05, 2.72973807114e-06, 8.59955321175e-07, 4.43240708137e-07, 3.72242766389e-07, 7.91391471466e-07, 6.59631993472e-08, 3.01491098753e-07, 2.22140599249e-07, 1.88257818223e-08, 2.10333972461e-08, 1.37108209231e-08, 1.12136451236e-08, 5.49090639623e-09, 7.2062040779e-09, 6.42174269316e-09, 2.84370815784e-09, 8.9368068501e-10, 1.23708088218e-09, 6.49987008661e-10, 3.72493591527e-10, 4.8384668494e-10, 1.72599684545e-10, 1.35100278187e-10, 2.4645048155e-11, 1.08266928409e-11, 1.35159236234e-11, 7.27536086931e-12, 4.38535111003e-11, 4.19887700998e-11, 1.96731970992e-11, 9.56733390428e-12, 1.1268114046e-11, 1.76488389875e-11, 1.72411477456e-11, 8.79146581922e-12, 5.87478806921e-12, 2.70245111011e-12, 1.08676099803e-12],
        "dvar2": [0.000583661021665, 9.84639264061e-05, 7.28227178115e-06, 2.2873468879e-06, 1.07025505258e-06, 9.07983405796e-07, 1.64777941336e-06, 1.57737872541e-07, 5.03565274812e-07, 3.74412167048e-07, 4.6690033173e-08, 5.05429760267e-08, 3.48875204281e-08, 2.47005988996e-08, 1.29500312696e-08, 1.81920682962e-08, 1.71836784801e-08, 7.73444686075e-09, 2.39984365713e-09, 3.39656147652e-09, 1.75020564708e-09, 1.03621311531e-09, 1.3419177991e-09, 4.32632235592e-10, 3.05944242163e-10, 5.11022162086e-11, 2.40700064047e-11, 2.95589559773e-11, 1.44734502161e-11, 1.05984630794e-10, 7.34061145202e-11, 4.28832837296e-11, 1.73199076609e-11, 2.5763537137e-11, 3.59109096626e-11, 3.78868846018e-11, 2.00526921457e-11, 1.25956415437e-11, 5.1523520693e-12, 2.27889777361e-12],
        "max": [0.0947617515922, 0.0472833923995, 0.0197224225849, 0.0102858049795, 0.00775242224336, 0.00757085438818, 0.015670042485, 0.00520850531757, 0.00764604797587, 0.0105929663405, 0.00279976497404, 0.00245899916627, 0.0013160391245, 0.00154833542183, 0.000986275845207, 0.000648984918371, 0.000811526901089, 0.000683421851136, 0.000325428816723, 0.000401272875024, 0.000293257151498, 0.000199173402507, 0.000276713952189, 0.000160106748808, 0.000122476529214, 6.69475339237e-05, 3.3769159927e-05, 4.47114543931e-05, 3.45974403899e-05, 0.000152285341755, 0.000155755667947, 8.01101414254e-05, 5.05405987496e-05, 6.29728310741e-05, 7.89937912486e-05, 8.55331381899e-05, 6.22686347924e-05, 4.75735505461e-05, 3.27212437696e-05, 2.09786849155e-05],
        "mean": [0.00961002148688, 0.00578172085807, 0.00175242580008, 0.00103774713352, 0.000912027317099, 0.000867788854521, 0.000895486096852, 0.000293850782327, 0.000488283811137, 0.000474433065392, 0.000126424740301, 0.000154118257342, 9.58428499871e-05, 7.94314037194e-05, 8.21457724669e-05, 8.12368234619e-05, 5.02087823406e-05, 3.00946503557e-05, 1.67443013197e-05, 1.69414997799e-05, 1.37859369715e-05, 9.86104896583e-06, 1.04408318293e-05, 7.49452829041e-06, 5.88201737628e-06, 3.06206698042e-06, 2.69453494184e-06, 3.3200285543e-06, 2.01350781026e-06, 2.44286593443e-06, 2.3932905151e-06, 1.79255414423e-06, 1.43867328006e-06, 1.23942561459e-06, 1.60234719715e-06, 1.32333070724e-06, 8.53298274706e-07, 7.3508715559e-07, 7.0341565106e-07, 4.39445074107e-07],
        "median": [0.00446184305474, 0.00355709949508, 0.00105168670416, 0.000720483949408, 0.000623393629212, 0.000621604325715, 0.000440384348622, 0.000169305960299, 0.000120968492411, 0.000160538678756, 6.30420108791e-05, 6.63398750476e-05, 5.14846797159e-05, 4.05874161515e-05, 3.97279363824e-05, 3.78003242076e-05, 1.16619539767e-05, 9.35598745855e-06, 5.52083429284e-06, 7.24726123735e-06, 7.12297378413e-06, 3.80125243282e-06, 4.91685932502e-06, 3.5993966776e-06, 1.89160220998e-06, 8.23996970212e-07, 1.00418151305e-06, 1.26695215386e-06, 5.64887159271e-07, 3.60388071385e-07, 2.32117628229e-07, 2.81624721765e-07, 2.35304369767e-07, 1.69761676716e-07, 2.28218013376e-07, 2.78891434391e-07, 1.77944755819e-07, 1.20360027722e-07, 1.44263893276e-07, 8.90887719152e-08],
        "min": [8.38854066387e-06, 4.71123639727e-05, 1.09425909613e-05, 1.84849668585e-05, 2.25734747801e-05, 2.07753291761e-05, 2.26912243306e-06, 3.14039016303e-06, 7.38947221635e-07, 4.34854609921e-06, 1.82354381195e-06, 8.27313215268e-07, 9.69206325863e-07, 7.97173356659e-07, 3.75393426566e-07, 4.13075298411e-07, 1.59130493671e-07, 2.82877010704e-07, 1.00494794708e-07, 1.6691663518e-07, 2.55674990512e-07, 6.82151863884e-08, 4.20299635095e-08, 9.85404255971e-08, 2.79742806697e-08, 1.27665495953e-08, 6.75647671144e-09, 5.98738569835e-09, 3.54241236344e-09, 1.56693746867e-09, 2.36727193403e-10, 1.0231885339e-09, 7.08140268646e-10, 3.85573045714e-10, 7.7785250463e-11, 3.73831243738e-11, 3.03392662555e-12, 4.26176498605e-12, 3.71654833645e-12, 2.12328174791e-13],
