{
"highlevel": {
    "danceability": {
        "all": {
            "danceable": 0.731288313866,
            "not_danceable": 0.268711656332
        },
        "probability": 0.731288313866,
        "value": "danceable"
    },
    "gender": {
        "all": {
            "female": 0.831828355789,
            "male": 0.168171644211
        },
        "probability": 0.831828355789,
        "value": "female"
    },
    "genre_dortmund": {
        "all": {
            "alternative": 0.0689884275198,
            "blues": 0.310884654522,
            "electronic": 0.140428230166,
            "folkcountry": 0.088474817574,
            "funksoulrnb": 0.0769235566258,
            "jazz": 0.134829461575,
            "pop": 0.0510889850557,
            "raphiphop": 0.0436518266797,
            "rock": 0.0847300589085
        },
        "probability": 0.310884654522,
        "value": "blues"
    },
    "genre_electronic": {
        "all": {
            "ambient": 0.384735196829,
            "dnb": 0.128119215369,
            "house": 0.411461800337,
            "techno": 0.0375158675015,
            "trance": 0.0381679199636
        },
        "probability": 0.411461800337,
        "value": "house"
    },
    "genre_rosamerica": {
        "all": {
            "cla": 0.0799254029989,
            "dan": 0.017198998481,
            "hip": 0.126453101635,
            "jaz": 0.250244319439,
            "pop": 0.0548216514289,
            "rhy": 0.459125429392,
            "roc": 0.0057492768392,
            "spe": 0.00648181606084
        },
        "probability": 0.459125429392,
        "value": "rhy"
    },
    "genre_tzanetakis": {
        "all": {
            "blu": 0.0407785922289,
            "cla": 0.0303397420794,
            "cou": 0.0910085216165,
            "dis": 0.0454990640283,
            "hip": 0.0545982569456,
            "jaz": 0.27299156785,
            "met": 0.0546006150544,
            "pop": 0.068249464035,
            "reg": 0.068933904171,
            "roc": 0.273000270128
        },
        "probability": 0.273000270128,
        "value": "roc"
    },
    "ismir04_rhythm": {
        "all": {
            "ChaChaCha": 0.159817948937,
            "Jive": 0.0834093317389,
            "Quickstep": 0.0546295940876,
            "Rumba-American": 0.0575295612216,
            "Rumba-International": 0.0965848565102,
            "Rumba-Misc": 0.0139197008684,
            "Samba": 0.10484688729,
            "Tango": 0.088548719883,
            "VienneseWaltz": 0.297145247459,
            "Waltz": 0.0435681380332
        },
        "probability": 0.297145247459,
        "value": "VienneseWaltz"
    },
    "mood_acoustic": {
        "all": {
            "acoustic": 0.160940468311,
            "not_acoustic": 0.839059531689
        },
        "probability": 0.839059531689,
        "value": "not_acoustic"
    },
    "mood_aggressive": {
        "all": {
            "aggressive": 0.100488379598,
            "not_aggressive": 0.899511635303
        },
        "probability": 0.899511635303,
        "value": "not_aggressive"
    },
    "mood_electronic": {
        "all": {
            "electronic": 0.622554063797,
            "not_electronic": 0.377445906401
        },
        "probability": 0.622554063797,
        "value": "electronic"
    },
    "mood_happy": {
        "all": {
            "happy": 0.463615059853,
            "not_happy": 0.536384940147
        },
        "probability": 0.536384940147,
        "value": "not_happy"
    },
    "mood_party": {
        "all": {
            "not_party": 0.610370516777,
            "party": 0.389629513025
        },
        "probability": 0.610370516777,
        "value": "not_party"
    },
    "mood_relaxed": {
        "all": {
            "not_relaxed": 0.868399322033,
            "relaxed": 0.131600663066
        },
        "probability": 0.868399322033,
        "value": "not_relaxed"
    },
    "mood_sad": {
        "all": {
            "not_sad": 0.621329367161,
            "sad": 0.378670662642
        },
        "probability": 0.621329367161,
        "value": "not_sad"
    },
    "moods_mirex": {
        "all": {
            "Cluster1": 0.20245462656,
            "Cluster2": 0.352427065372,
            "Cluster3": 0.0923138782382,
            "Cluster4": 0.200331941247,
            "Cluster5": 0.152472510934
        },
        "probability": 0.352427065372,
        "value": "Cluster2"
    },
    "timbre": {
        "all": {
            "bright": 0.406283140182,
            "dark": 0.593716859818
        },
        "probability": 0.593716859818,
        "value": "dark"
    },
    "tonal_atonal": {
        "all": {
            "atonal": 0.12241422385,
            "tonal": 0.8775857687
        },
        "probability": 0.8775857687,
        "value": "tonal"
    },
    "voice_instrumental": {
        "all": {
            "instrumental": 0.114876016974,
            "voice": 0.885123968124
        },
        "probability": 0.885123968124,
        "value": "voice"
    }
},
"lowlevel": {
    "average_loudness": 0.926930904388,
    "barkbands_crest": {
        "dmean": 3.20499277115,
        "dmean2": 5.19419765472,
        "dvar": 9.81637001038,
        "dvar2": 23.372341156,
        "max": 26.5746650696,
        "mean": 11.2219753265,
        "median": 9.85064697266,
        "min": 2.65161800385,
        "var": 35.8394241333
    },
    "barkbands_flatness_db": {
        "dmean": 0.0261847488582,
        "dmean2": 0.0399791561067,
        "dvar": 0.000834137958009,
        "dvar2": 0.00178720650729,
        "max": 0.455244243145,
        "mean": 0.166652902961,
        "median": 0.15645994246,
        "min": 0.0671639069915,
        "var": 0.00488205859438
    },
    "barkbands_kurtosis": {
        "dmean": 4.81185388565,
        "dmean2": 7.69436168671,
        "dvar": 103.246688843,
        "dvar2": 235.400344849,
        "max": 171.208312988,
        "mean": 6.12245416641,
        "median": 1.07225036621,
        "min": -1.77986705303,
        "var": 198.781097412
    },
    "barkbands_skewness": {
        "dmean": 0.725221157074,
        "dmean2": 1.10057103634,
        "dvar": 0.704027891159,
        "dvar2": 1.43210995197,
        "max": 7.86342859268,
        "mean": 1.0332723856,
        "median": 1.0519156456,
        "min": -5.12045288086,
        "var": 2.74386191368
    },
    "barkbands_spread": {
        "dmean": 6.97450590134,
        "dmean2": 10.9289102554,
        "dvar": 57.2561798096,
        "dvar2": 129.692153931,
        "max": 70.8946075439,
        "mean": 24.6345615387,
        "median": 22.7504310608,
        "min": 0.354210853577,
        "var": 257.998901367
    },
    "dissonance": {
        "dmean": 0.0248246062547,
        "dmean2": 0.0431713797152,
        "dvar": 0.00134797964711,
        "dvar2": 0.00390441948548,
        "max": 0.4992223382,
        "mean": 0.458467960358,
        "median": 0.470785349607,
        "min": 0.198852553964,
        "var": 0.00191438791808
    },
    "dynamic_complexity": 4.83019304276,
    "erbbands_crest": {
        "dmean": 3.12555837631,
        "dmean2": 5.1597442627,
        "dvar": 12.1327886581,
        "dvar2": 26.6212215424,
        "max": 34.730304718,
        "mean": 10.4795637131,
        "median": 7.442299366,
        "min": 2.81694364548,
        "var": 56.4639778137
    },
    "erbbands_flatness_db": {
        "dmean": 0.0215242020786,
        "dmean2": 0.0319511406124,
        "dvar": 0.000767137913499,
        "dvar2": 0.00147188489791,
        "max": 0.509789466858,
        "mean": 0.196458697319,
        "median": 0.178007528186,
        "min": 0.100473351777,
        "var": 0.00506618106738
    },
    "erbbands_kurtosis": {
        "dmean": 3.25009489059,
        "dmean2": 4.91448545456,
        "dvar": 74.7341003418,
        "dvar2": 129.31867981,
        "max": 161.550842285,
        "mean": 4.60990571976,
        "median": -0.180998086929,
        "min": -1.75037908554,
        "var": 260.537841797
    },
    "erbbands_skewness": {
        "dmean": 0.560723006725,
        "dmean2": 0.855116069317,
        "dvar": 0.552102506161,
        "dvar2": 1.08935439587,
        "max": 7.55826759338,
        "mean": 0.411721915007,
        "median": 0.0885682925582,
        "min": -1.97811412811,
        "var": 2.30899143219
    },
    "erbbands_spread": {
        "dmean": 9.3213596344,
        "dmean2": 14.486702919,
        "dvar": 104.3125,
        "dvar2": 231.649017334,
        "max": 102.636024475,
        "mean": 38.9014511108,
        "median": 39.6037368774,
        "min": 0.449490666389,
        "var": 438.97756958
    },
    "hfc": {
        "dmean": 6.2780714035,
        "dmean2": 7.54248380661,
        "dvar": 103.30758667,
        "dvar2": 139.998046875,
        "max": 139.38923645,
        "mean": 19.3123722076,
        "median": 6.01858234406,
        "min": 0.0314423292875,
        "var": 801.276794434
    },
    "melbands_crest": {
        "dmean": 3.84768342972,
        "dmean2": 6.24081325531,
        "dvar": 13.2720241547,
        "dvar2": 29.219171524,
        "max": 35.1522827148,
        "mean": 14.6692705154,
        "median": 13.4630689621,
        "min": 2.58408713341,
        "var": 46.5925636292
    },
    "melbands_flatness_db": {
        "dmean": 0.0313037335873,
        "dmean2": 0.0459972582757,
        "dvar": 0.00103522965219,
        "dvar2": 0.00215317169204,
        "max": 0.471118658781,
        "mean": 0.18268661201,
        "median": 0.183247074485,
        "min": 0.0243764985353,
        "var": 0.00834010075778
    },
    "melbands_kurtosis": {
        "dmean": 8.77502155304,
        "dmean2": 13.8335924149,
        "dvar": 256.913604736,
        "dvar2": 622.235107422,
        "max": 185.646728516,
        "mean": 13.4434337616,
        "median": 6.69418430328,
        "min": -1.59866523743,
        "var": 448.247680664
    },
    "melbands_skewness": {
        "dmean": 0.902463912964,
        "dmean2": 1.35905849934,
        "dvar": 1.07301902771,
        "dvar2": 2.36954259872,
        "max": 12.0296516418,
        "mean": 2.07311964035,
        "median": 2.08106064796,
        "min": -5.00841903687,
        "var": 4.66443967819
    },
    "melbands_spread": {
        "dmean": 10.1753177643,
        "dmean2": 14.9567842484,
        "dvar": 143.400192261,
        "dvar2": 261.500152588,
        "max": 141.395263672,
        "mean": 35.7556495667,
        "median": 22.6878986359,
        "min": 0.842605829239,
        "var": 1159.80700684
    },
    "pitch_salience": {
        "dmean": 0.0813378840685,
        "dmean2": 0.130792990327,
        "dvar": 0.00590146938339,
        "dvar2": 0.0139945726842,
        "max": 0.816934764385,
        "mean": 0.518012523651,
        "median": 0.542396366596,
        "min": 0.0683206692338,
        "var": 0.0211107805371
    },
    "silence_rate_20dB": {
        "dmean": 0,
        "dmean2": 0,
        "dvar": 0,
        "dvar2": 0,
        "max": 1,
        "mean": 1,
        "median": 1,
        "min": 1,
        "var": 0
    },
    "silence_rate_30dB": {
        "dmean": 0,
        "dmean2": 0,
        "dvar": 0,
        "dvar2": 0,
        "max": 1,
        "mean": 1,
        "median": 1,
        "min": 1,
        "var": 0
    },
    "silence_rate_60dB": {
        "dmean": 0.102941177785,
        "dmean2": 0.205267235637,
        "dvar": 0.092344738543,
        "dvar2": 0.184820324183,
        "max": 1,
        "mean": 0.250580042601,
        "median": 0,
        "min": 0,
        "var": 0.18778938055
    },
    "spectral_centroid": {
        "dmean": 317.891906738,
        "dmean2": 472.516571045,
        "dvar": 115855.6875,
        "dvar2": 235699.15625,
        "max": 4000.35571289,
        "mean": 1821.38049316,
        "median": 1545.6965332,
        "min": 332.514007568,
        "var": 921097.375
    },
    "spectral_complexity": {
        "dmean": 3.02554178238,
        "dmean2": 4.13555383682,
        "dvar": 11.7694730759,
        "dvar2": 19.2202396393,
        "max": 54,
        "mean": 12.9458627701,
        "median": 9,
        "min": 0,
        "var": 121.983589172
    },
    "spectral_decrease": {
        "dmean": 9.22575460471e-10,
        "dmean2": 1.31372746015e-09,
        "dvar": 2.04488063692e-18,
        "dvar2": 4.38682871517e-18,
        "max": -1.08202093119e-11,
        "mean": -2.61476085228e-09,
        "median": -1.64253011192e-09,
        "min": -1.9212423652e-08,
        "var": 8.39090193576e-18
    },
    "spectral_energy": {
        "dmean": 0.00394736090675,
        "dmean2": 0.00547902937979,
        "dvar": 3.51480593963e-05,
        "dvar2": 7.21426767996e-05,
        "max": 0.0807973742485,
        "mean": 0.0116204023361,
        "median": 0.00679228501394,
        "min": 4.36898881162e-05,
        "var": 0.00016337557463
    },
    "spectral_energyband_high": {
        "dmean": 0.000608225469477,
        "dmean2": 0.000757148081902,
        "dvar": 1.67652967775e-06,
        "dvar2": 2.5596773412e-06,
        "max": 0.0197529345751,
        "mean": 0.00169283186551,
        "median": 0.000192440944375,
        "min": 4.34697000173e-07,
        "var": 1.17897561722e-05
    },
    "spectral_energyband_low": {
        "dmean": 0.000728281214833,
        "dmean2": 0.00111045932863,
        "dvar": 2.01830857804e-06,
        "dvar2": 4.60024239146e-06,
        "max": 0.0143173523247,
        "mean": 0.00126873538829,
        "median": 0.000454336026451,
        "min": 9.05472631985e-07,
        "var": 3.71146529687e-06
    },
    "spectral_energyband_middle_high": {
        "dmean": 0.00203073583543,
        "dmean2": 0.00271173403598,
        "dvar": 2.52183381235e-05,
        "dvar2": 4.42857199232e-05,
        "max": 0.0806552320719,
        "mean": 0.00541924405843,
        "median": 0.00114010507241,
        "min": 4.55709823655e-06,
        "var": 0.000126060607727
    },
    "spectral_energyband_middle_low": {
        "dmean": 0.00179437536281,
        "dmean2": 0.002855444327,
        "dvar": 1.41145674206e-05,
        "dvar2": 3.73515649699e-05,
        "max": 0.0621013045311,
        "mean": 0.00338878994808,
        "median": 0.00228245742619,
        "min": 2.30999485211e-05,
        "var": 1.84465243365e-05
    },
    "spectral_entropy": {
        "dmean": 0.201966270804,
        "dmean2": 0.302666813135,
        "dvar": 0.0525932684541,
        "dvar2": 0.103345498443,
        "max": 8.40107631683,
        "mean": 7.4177775383,
        "median": 7.49327754974,
        "min": 4.85961055756,
        "var": 0.314802199602
    },
    "spectral_flux": {
        "dmean": 0.0202164184302,
        "dmean2": 0.0317405276,
        "dvar": 0.00075930764433,
        "dvar2": 0.00200640992261,
        "max": 0.31218495965,
        "mean": 0.0578889250755,
        "median": 0.0456899516284,
        "min": 0.00376337720081,
        "var": 0.00168739224318
    },
    "spectral_kurtosis": {
        "dmean": 1.6784029007,
        "dmean2": 2.87840461731,
        "dvar": 4.743019104,
        "dvar2": 13.6026172638,
        "max": 36.1776275635,
        "mean": 3.39449310303,
        "median": 2.36349058151,
        "min": -0.262895107269,
        "var": 11.5515928268
    },
    "spectral_rms": {
        "dmean": 0.000572325661778,
        "dmean2": 0.000770798418671,
        "dvar": 4.42683642632e-07,
        "dvar2": 8.50655794693e-07,
        "max": 0.00887844059616,
        "mean": 0.00291826575994,
        "median": 0.00257422216237,
        "min": 0.00020645649056,
        "var": 2.82069072455e-06
    },
    "spectral_rolloff": {
        "dmean": 595.881835938,
        "dmean2": 966.659545898,
        "dvar": 706488.4375,
        "dvar2": 1467918.625,
        "max": 7902.68554688,
        "mean": 2238.25732422,
        "median": 1291.9921875,
        "min": 86.1328125,
        "var": 3468520.5
    },
    "spectral_skewness": {
        "dmean": 0.230739727616,
        "dmean2": 0.373570650816,
        "dvar": 0.0559250563383,
        "dvar2": 0.144014820457,
        "max": 4.3553185463,
        "mean": 1.11776292324,
        "median": 0.938837766647,
        "min": 0.26929333806,
        "var": 0.295853227377
    },
    "spectral_spread": {
        "dmean": 436532.90625,
        "dmean2": 667582.5,
        "dvar": 245665497088,
        "dvar2": 551565852672,
        "max": 7587206.5,
        "mean": 3935896.75,
        "median": 3833384,
        "min": 1819331.125,
        "var": 720572841984
    },
    "spectral_strongpeak": {
        "dmean": 0.931698083878,
        "dmean2": 1.53500378132,
        "dvar": 3.53123259544,
        "dvar2": 8.651014328,
        "max": 18.8268299103,
        "mean": 1.36485934258,
        "median": 0.421373009682,
        "min": 0.0146680399776,
        "var": 5.87811279297
    },
    "zerocrossingrate": {
        "dmean": 0.0110826995224,
        "dmean2": 0.0119872856885,
        "dvar": 0.000126460858155,
        "dvar2": 0.000135224167025,
        "max": 0.19921875,
        "mean": 0.0759241431952,
        "median": 0.05859375,
        "min": 0.0126953125,
        "var": 0.00206474098377
    },
    "barkbands": {
        "dmean": [2.02273008654e-06, 0.000377589749405, 0.000393283175072, 0.000119641917991, 0.00119590898976, 0.000301933090668, 0.000208089870284, 0.000142582488479, 0.000371783535229, 0.000347327586496, 0.000984667916782, 0.00105670234188, 0.000240675319219, 8.52032899274e-05, 9.07530338736e-05, 0.000152411797899, 0.000127375125885, 0.000156975846039, 0.000215653664782, 0.000324376451317, 0.000225817784667, 0.000161348871188, 9.67054365901e-05, 4.56169073004e-05, 2.18067216338e-05, 8.50174365041e-06, 7.21043169616e-10],
        "dmean2": [3.35779236593e-06, 0.00059425458312, 0.000601371168159, 0.000186409757589, 0.00197828677483, 0.000478194735479, 0.000329469243297, 0.00021065994224, 0.000569458061364, 0.000528842152562, 0.0015154837165, 0.00136497837957, 0.000355172291165, 0.000135588692501, 0.00014106890012, 0.000234665843891, 0.000194160282263, 0.000238145425101, 0.000316359975841, 0.000471153121907, 0.000333051255438, 0.000220984249609, 0.000133425972308, 6.6061533289e-05, 3.20909202856e-05, 1.15061056931e-05, 1.0418591545e-09],
        "dvar": [1.44164003651e-11, 5.60979799502e-07, 9.18537637062e-07, 5.25790220252e-08, 9.51235506363e-06, 3.26716076415e-07, 1.80948148909e-07, 4.82695234894e-08, 3.16841715176e-06, 4.51511186839e-06, 1.83239353646e-05, 1.97169665626e-05, 4.06185517932e-06, 2.86800734273e-08, 5.68908689047e-08, 1.43828117416e-07, 6.44283275619e-08, 1.23310627487e-07, 2.61238369603e-07, 6.17980504103e-07, 3.13670653895e-07, 1.62963715411e-07, 5.57388233347e-08, 8.89166162921e-09, 2.4212774008e-09, 6.39285402393e-10, 1.36042504289e-16],
        "dvar2": [3.77985767686e-11, 1.37296376579e-06, 2.07788957596e-06, 1.21036450196e-07, 2.63426481979e-05, 7.49178013848e-07, 4.4026430146e-07, 9.35440453986e-08, 7.98062319518e-06, 8.17532600195e-06, 3.68723303836e-05, 2.72974666586e-05, 5.7949227994e-06, 7.07612457518e-08, 1.38577263442e-07, 3.54344365405e-07, 1.47815313767e-07, 2.59907665168e-07, 5.77969672122e-07, 1.43013414799e-06, 6.94144546287e-07, 3.26663354144e-07, 1.16841960107e-07, 1.90364044528e-08, 4.74787809068e-09, 1.21471299686e-09, 1.374427821e-16],
        "max": [5.86395035498e-05, 0.00784312002361, 0.00992162153125, 0.00306526012719, 0.0538595840335, 0.0100639751181, 0.00512322410941, 0.00383912655525, 0.0265501961112, 0.0433225557208, 0.0592077597976, 0.0788203850389, 0.0593246482313, 0.00180851679761, 0.00399621436372, 0.00448793778196, 0.00495645217597, 0.00786098651588, 0.00736264092848, 0.0110586583614, 0.0102698160335, 0.00657393410802, 0.00309111713432, 0.00102678418625, 0.000679855525959, 0.000446428690339, 4.19021802145e-07],
        "mean": [2.34127651311e-06, 0.000603901746217, 0.000566820439417, 0.000180972638191, 0.00164849264547, 0.000477785797557, 0.000324448832544, 0.000250372715527, 0.000420816533733, 0.000422030163463, 0.00128974812105, 0.00174637604505, 0.000371930247638, 0.000137522860314, 0.00016568088904, 0.00023946557485, 0.000225494994083, 0.000286135909846, 0.000399651675252, 0.000640413200017, 0.000471162406029, 0.000369485031115, 0.000220156784053, 9.41840917221e-05, 4.75075248687e-05, 1.75091827259e-05, 6.78216927064e-10],
        "median": [7.63872890275e-07, 0.000107041210867, 0.000142982346006, 6.17655387032e-05, 0.000559978070669, 0.000238982247538, 0.000140385498526, 0.000120831842651, 9.73361020442e-05, 7.34042696422e-05, 4.42519667558e-05, 5.83295150136e-05, 4.80926755699e-05, 3.93457994505e-05, 3.66605527233e-05, 6.41476872261e-05, 7.1101130743e-05, 9.70909022726e-05, 7.5476760685e-05, 9.96511953417e-05, 8.37181069073e-05, 2.20631900447e-05, 9.20895490708e-06, 3.38269933309e-06, 1.07333266897e-06, 1.17217254569e-07, 1.13920810285e-10],
        "min": [1.85573612033e-09, 2.60197026591e-07, 1.75271452463e-07, 4.36670077875e-08, 1.25813721752e-06, 8.3054675315e-07, 2.99432286965e-07, 1.22034094829e-07, 1.81146305067e-07, 7.08605369937e-08, 4.50592523293e-08, 7.23867543684e-08, 7.66414132158e-08, 6.62954846575e-08, 8.80328272501e-08, 9.64934230296e-08, 8.81861978996e-08, 7.75012907184e-08, 9.58150323527e-08, 2.00502910275e-07, 1.61826676504e-08, 4.04054034675e-08, 1.11369695688e-08, 1.21860264102e-08, 8.03350630463e-09, 2.35110486635e-10, 1.84744303189e-11],
        "var": [1.98047203637e-11, 1.06619177132e-06, 1.40371662383e-06, 1.10459410507e-07, 1.06125744423e-05, 5.05708101173e-07, 2.77610723742e-07, 1.23870307789e-07, 3.14657154377e-06, 6.79314689478e-06, 3.17927188007e-05, 6.01155443292e-05, 8.50724882184e-06, 6.2367433884e-08, 1.45749083913e-07, 2.83824050484e-07, 1.63320450497e-07, 3.00579017676e-07, 7.46480452563e-07, 1.87478997304e-06, 1.00929901237e-06, 6.86769340064e-07, 2.44272087002e-07, 3.57777025783e-08, 1.05467323763e-08, 2.21376961207e-09, 1.3593367379e-16]
    },
    "erbbands": {
        "dmean": [0.00514688203111, 0.10557384789, 0.429653197527, 0.402956545353, 0.760100543499, 5.47822666168, 5.10926055908, 2.62130832672, 3.74475622177, 2.35816192627, 2.87602543831, 8.8276309967, 9.78220939636, 13.8334751129, 46.2129135132, 33.6242866516, 9.69403171539, 6.73992061615, 4.74599456787, 5.20416355133, 7.00531721115, 5.84696102142, 8.81941509247, 11.8642339706, 8.95521640778, 13.3962392807, 11.4844694138, 8.52769184113, 5.46773052216, 4.41961145401, 2.39178276062, 1.19880175591, 0.676922559738, 0.300374358892, 0.13442927599, 0.063225351274, 0.0112192062661, 0.000502779905219, 1.51938502313e-05, 6.14390410192e-06],
        "dmean2": [0.0079493522644, 0.165925502777, 0.643275499344, 0.619278371334, 1.22029685974, 9.00349521637, 8.6257352829, 4.19787120819, 5.8851776123, 3.54572749138, 4.2390627861, 12.9279251099, 15.3760108948, 20.6935539246, 72.0169143677, 42.3784713745, 14.1603889465, 9.91618156433, 7.19991540909, 8.17622470856, 10.6237392426, 8.8684015274, 13.2159328461, 18.2323932648, 12.6092634201, 19.9704151154, 16.4005413055, 12.2428627014, 7.44593954086, 6.47691440582, 3.36677002907, 1.64500439167, 1.0138348341, 0.451884388924, 0.202356830239, 0.0853368937969, 0.014984337613, 0.00069121888373, 1.91318322322e-05, 7.92200899014e-06],
        "dvar": [0.000114319162094, 0.0439866222441, 1.02372300625, 0.481806278229, 1.98255515099, 170.530197144, 385.863037109, 16.5081520081, 58.981552124, 14.9991445541, 17.4210529327, 1515.68811035, 2415.87158203, 9396.21289062, 34501.6835938, 23392.4335938, 3994.98828125, 1759.0501709, 99.8078460693, 145.961166382, 261.781616211, 112.40071106, 475.159393311, 910.358581543, 493.787475586, 986.772460938, 670.204040527, 374.0625, 162.00491333, 124.67906189, 29.8135948181, 6.22949886322, 2.11869335175, 0.436471700668, 0.110581681132, 0.0315236561, 0.00126547401305, 2.65342964667e-06, 1.52549417543e-09, 7.72055544496e-11],
        "dvar2": [0.000244674069108, 0.106818050146, 2.22628927231, 1.13647890091, 5.02540206909, 468.42098999, 1072.68920898, 36.4398880005, 140.654800415, 29.6042938232, 35.4757080078, 3270.78271484, 5270.90039062, 18029.1328125, 76276.28125, 29612.71875, 5736.78125, 2451.82202148, 230.759979248, 375.050842285, 651.644287109, 256.289245605, 992.338684082, 2121.16992188, 1175.7121582, 2374.84838867, 1527.39440918, 798.819030762, 316.245483398, 278.338653564, 63.1177787781, 12.4166755676, 4.74285507202, 0.946221292019, 0.228382706642, 0.0600383765996, 0.002526917262, 5.46621231479e-06, 2.76997713655e-09, 1.31877120335e-10],
        "max": [0.170602351427, 2.18649315834, 10.4628343582, 7.02897977829, 13.6742725372, 174.957870483, 363.989685059, 53.4073867798, 87.0769195557, 74.2275695801, 44.6422309875, 633.389038086, 1102.71655273, 2181.73046875, 2882.85424805, 3111.61547852, 1580.03564453, 1453.48913574, 136.565826416, 189.476242065, 206.110595703, 187.572784424, 493.184020996, 474.434234619, 370.826690674, 407.330657959, 384.939575195, 287.832489014, 175.352935791, 132.873718262, 72.2574386597, 32.0036277771, 18.846364975, 8.76353931427, 4.59080934525, 2.6612496376, 0.77153724432, 0.0338145270944, 0.000837304163724, 0.000123483536299],
        "mean": [0.00933651719242, 0.167489439249, 0.624832510948, 0.655180990696, 1.18108844757, 7.36565113068, 6.45129728317, 4.29874038696, 6.0322637558, 4.15036296844, 5.06797170639, 10.5085458755, 11.3083848953, 17.3030090332, 86.2613983154, 54.9441413879, 15.7116365433, 10.8769540787, 9.4876947403, 9.60708332062, 12.1081495285, 11.2464609146, 17.2819271088, 21.7434825897, 17.5007305145, 27.3830852509, 23.7546024323, 19.6074981689, 12.6437149048, 9.52865219116, 5.3661775589, 2.70919275284, 1.29820919037, 0.58483594656, 0.295600652695, 0.132023662329, 0.0224911533296, 0.000921206083149, 3.59671321348e-05, 1.8840742996e-05],
        "median": [0.00156060268637, 0.0326855704188, 0.166180342436, 0.273202329874, 0.412939280272, 1.93271672726, 1.92459464073, 2.24622011185, 2.54277992249, 2.16171884537, 2.74277567863, 2.49313378334, 3.16637325287, 2.20721006393, 2.28159451485, 2.88409042358, 3.06772851944, 2.40145158768, 2.23717355728, 2.94821882248, 3.52268743515, 4.32054758072, 6.03414297104, 4.69067668915, 3.78723597527, 4.64680528641, 4.14494991302, 2.37622523308, 0.88937073946, 0.399742126465, 0.274825364351, 0.115828111768, 0.0426719971001, 0.0177348330617, 0.0046305609867, 0.000978900236078, 0.000171884181327, 1.24132402561e-05, 4.9382178986e-06, 8.61090848048e-06],
        "min": [6.64515619064e-06, 9.2320908152e-05, 0.00020097180095, 0.000437645619968, 0.00109081331175, 0.00368989887647, 0.00847174879164, 0.00463098473847, 0.00830365717411, 0.00558023434132, 0.00664589600638, 0.00614527147263, 0.00807867757976, 0.0065366961062, 0.00288994750008, 0.00353400968015, 0.00944380182773, 0.00485608447343, 0.00693098874763, 0.0097272535786, 0.00502571603283, 0.00698420545086, 0.00778621109203, 0.00806702673435, 0.00530923623592, 0.00972714275122, 0.00925223343074, 0.00343707506545, 0.00178327562753, 0.000691761204507, 0.000230355421081, 0.000252326921327, 0.00020620059513, 0.000114626222057, 4.76724781038e-05, 2.52485715464e-05, 3.75844297196e-06, 5.35462049811e-07, 5.48757945751e-08, 5.43040457046e-08],
        "var": [0.000403862592066, 0.0780269950628, 1.68393194675, 0.876717090607, 3.35446000099, 216.637542725, 310.993682861, 35.5517807007, 95.96118927, 35.7652702332, 40.3661804199, 1873.67883301, 2933.56494141, 12364.7197266, 104881.375, 62236.1445312, 8280.54199219, 3964.46679688, 319.086151123, 333.373718262, 607.083190918, 322.64050293, 1187.10522461, 2386.84033203, 1285.6953125, 3216.39819336, 2345.40283203, 1639.23937988, 757.367004395, 473.208709717, 130.116607666, 30.5276660919, 6.89167308807, 1.46649003029, 0.4666672647, 0.117597319186, 0.00402044318616, 7.23637504052e-06, 6.31728402922e-09, 5.09881803445e-10]
    },
    "gfcc": {
        "mean": [-75.2021942139, 91.2403640747, -145.65071106, 50.7199707031, -74.6849365234, 3.72181344032, -33.0183334351, -1.10153830051, -26.6388816833, -2.51916575432, -9.64144802094, -4.05899381638, -3.44203472137],
        "cov": [[8228.27636719, -2679.69799805, -571.62322998, 591.399841309, -146.905517578, 634.275390625, -369.553405762, 283.366394043, -76.4088516235, 281.896148682, -225.268936157, 271.649963379, -243.415878296], [-2679.69799805, 1766.77380371, 127.015312195, -154.947982788, 142.012802124, -427.590179443, 186.916442871, -230.138381958, 132.199981689, -240.995620728, 177.164154053, -153.105758667, 176.35307312], [-571.62322998, 127.015312195, 656.800170898, 203.924942017, 12.7669496536, 91.9985733032, -71.3344268799, 89.7874755859, 43.2656097412, 120.075187683, -39.3375244141, -34.643699646, -8.82537460327], [591.399841309, -154.947982788, 203.924942017, 586.299560547, 57.7784194946, 19.0396118164, -164.56300354, 51.4239082336, 170.335159302, 124.533477783, -64.1722106934, -40.111743927, -37.4086647034], [-146.905517578, 142.012802124, 12.7669496536, 57.7784194946, 262.846710205, 77.0224227905, 114.414146423, -26.0578346252, -23.4985198975, -12.0591936111, 63.0759353638, 34.4917144775, -3.87146949768], [634.275390625, -427.590179443, 91.9985733032, 19.0396118164, 77.0224227905, 360.233795166, 76.648223877, 127.599563599, -63.1728134155, 64.2346572876, 14.2041482925, 73.757522583, -26.7876586914], [-369.553405762, 186.916442871, -71.3344268799, -164.56300354, 114.414146423, 76.648223877, 273.847198486, 42.5376396179, -24.5250434875, -51.716835022, 64.5639953613, 38.4289360046, 19.7546024323], [283.366394043, -230.138381958, 89.7874755859, 51.4239082336, -26.0578346252, 127.599563599, 42.5376396179, 204.430099487, 76.8705062866, 80.9103088379, -49.9046173096, 8.68981647491, -25.0247650146], [-76.4088516235, 132.199981689, 43.2656097412, 170.335159302, -23.4985198975, -63.1728134155, -24.5250434875, 76.8705062866, 199.978729248, 62.6654853821, -22.2835979462, -54.4510612488, -0.659818589687], [281.896148682, -240.995620728, 120.075187683, 124.533477783, -12.0591936111, 64.2346572876, -51.716835022, 80.9103088379, 62.6654853821, 187.847686768, -14.1450357437, 0.337007671595, -62.5682373047], [-225.268936157, 177.164154053, -39.3375244141, -64.1722106934, 63.0759353638, 14.2041482925, 64.5639953613, -49.9046173096, -22.2835979462, -14.1450357437, 139.622390747, 34.5336380005, 25.7592849731], [271.649963379, -153.105758667, -34.643699646, -40.111743927, 34.4917144775, 73.757522583, 38.4289360046, 8.68981647491, -54.4510612488, 0.337007671595, 34.5336380005, 132.653808594, 28.62915802], [-243.415878296, 176.35307312, -8.82537460327, -37.4086647034, -3.87146949768, -26.7876586914, 19.7546024323, -25.0247650146, -0.659818589687, -62.5682373047, 25.7592849731, 28.62915802, 109.608551025]],
        "icov": [[0.000304236018565, 0.000304266519379, 0.000321229948895, -0.000310861360049, 9.46101208683e-05, -0.000265722686891, 0.000195158252609, -2.19097692025e-05, -6.00400999247e-05, 0.000173085471033, -1.88859121408e-05, -0.000272517994745, 0.0001781496685], [0.000304266519379, 0.00457138940692, -0.00243498338386, 0.00119489373174, -0.00201668008231, 0.00330339721404, -0.00229086983018, 0.00263776327483, -0.00448659015819, 0.00344182550907, -0.00351904775016, 0.00322576146573, -0.00279423664324], [0.000321229948895, -0.00243498338386, 0.0042107864283, -0.0018934860127, 0.00117064430378, -0.00268367235549, 0.00207738857716, -0.00267360941507, 0.00391117762774, -0.00321788201109, 0.00223927292973, -0.00130600866396, 0.000726110883988], [-0.000310861360049, 0.00119489373174, -0.0018934860127, 0.0051503945142, -0.00318882777356, 0.000378764671041, 0.00177373224869, 0.00209938921034, -0.00571118760854, 0.000713989255019, 0.000252227589954, 0.00079855939839, -0.000762619078159], [9.46101208683e-05, -0.00201668008231, 0.00117064430378, -0.00318882777356, 0.00831278879195, -0.00293525424786, -0.00286446977407, 0.00133431132417, 0.00272920751013, -0.00113345729187, 0.000351662572939, -0.00254134787247, 0.00280845561065], [-0.000265722686891, 0.00330339721404, -0.00268367235549, 0.000378764671041, -0.00293525424786, 0.00959108117968, -0.0026887441054, -0.00328459148295, 0.00121029105503, 0.00168632890563, -0.00453795539215, 0.00243348721415, -0.00261610886082], [0.000195158252609, -0.00229086983018, 0.00207738857716, 0.00177373224869, -0.00286446977407, -0.0026887441054, 0.0101646352559, -0.00514057232067, 0.000910081260372, 0.000369552348275, 6.76536365063e-05, -0.00239993887953, 0.00195538252592], [-2.19097692025e-05, 0.00263776327483, -0.00267360941507, 0.00209938921034, 0.00133431132417, -0.00328459148295, -0.00514057232067, 0.0165186207741, -0.0104496814311, -9.17166908039e-05, 0.00331913214177, -8.4962004621e-05, -0.000722268654499], [-6.00400999247e-05, -0.00448659015819, 0.00391117762774, -0.00571118760854, 0.00272920751013, 0.00121029105503, 0.000910081260372, -0.0104496814311, 0.0192238483578, -0.00647983001545, 0.000836298335344, 0.00113610492554, -0.000783047988079], [0.000173085471033, 0.00344182550907, -0.00321788201109, 0.000713989255019, -0.00113345729187, 0.00168632890563, 0.000369552348275, -9.17166908039e-05, -0.00647983001545, 0.0136998007074, -0.00491504790261, -4.24409554398e-05, 0.0040633212775], [-1.88859121408e-05, -0.00351904775016, 0.00223927292973, 0.000252227589954, 0.000351662572939, -0.00453795539215, 6.76536365063e-05, 0.00331913214177, 0.000836298335344, -0.00491504790261, 0.0144984098151, -0.00470584351569, 0.000556540093385], [-0.000272517994745, 0.00322576146573, -0.00130600866396, 0.00079855939839, -0.00254134787247, 0.00243348721415, -0.00239993887953, -8.4962004621e-05, 0.00113610492554, -4.24409554398e-05, -0.00470584351569, 0.0150499269366, -0.00755216786638], [0.0001781496685, -0.00279423664324, 0.000726110883988, -0.000762619078159, 0.00280845561065, -0.00261610886082, 0.00195538252592, -0.000722268654499, -0.000783047988079, 0.0040633212775, 0.000556540093385, -0.00755216786638, 0.0169120170176]]
    },
    "melbands": {
        "dmean": [7.74959626142e-05, 0.000193292216863, 7.25414865883e-05, 0.00019657285884, 0.000222933595069, 5.96889294684e-05, 5.11779981025e-05, 2.76350401691e-05, 2.45445717155e-05, 5.99719496677e-05, 5.00196911162e-05, 5.08094817633e-05, 0.00013814518752, 0.000143255776493, 2.03507024708e-05, 2.71912231256e-05, 1.13526693895e-05, 7.82795268606e-06, 6.18637523075e-06, 1.23252293633e-05, 7.15012947694e-06, 6.03708531344e-06, 8.05503805168e-06, 8.85266399564e-06, 1.10499668153e-05, 7.01634644429e-06, 6.57985947328e-06, 1.16099135994e-05, 8.72653072292e-06, 8.10302299215e-06, 5.64686843063e-06, 3.52647248292e-06, 2.58805084741e-06, 2.5717661174e-06, 1.39103178753e-06, 1.2663074358e-06, 6.83553594172e-07, 5.58060150979e-07, 3.90293081409e-07, 2.2765809149e-07],
        "dmean2": [0.00012147394591, 0.000293260265607, 0.000110945147753, 0.000317389989505, 0.000375126459403, 9.51207621256e-05, 8.03284492576e-05, 4.1135102947e-05, 3.68761393474e-05, 9.02493047761e-05, 7.90945996414e-05, 7.74390937295e-05, 0.000204096766538, 0.00017585423484, 2.8761491194e-05, 4.01662327931e-05, 1.6971009245e-05, 1.19902897495e-05, 9.55361520028e-06, 1.92151401279e-05, 1.10672408482e-05, 9.48588149186e-06, 1.20366885312e-05, 1.33026251206e-05, 1.72360814759e-05, 1.04103619378e-05, 9.41918187891e-06, 1.77724541572e-05, 1.27924131448e-05, 1.18627822303e-05, 8.41130895424e-06, 4.98564577356e-06, 3.79968469133e-06, 3.86125975638e-06, 2.01811644729e-06, 1.88900423836e-06, 9.93568846752e-07, 8.58185728703e-07, 6.15788280811e-07, 3.45678955682e-07],
        "dvar": [2.39162734061e-08, 1.73426315087e-07, 1.47414755958e-08, 1.78479552915e-07, 5.55578424155e-07, 8.42702618797e-09, 1.07988764597e-08, 2.08889505693e-09, 1.58769897229e-09, 8.09038951388e-08, 6.76918361364e-08, 1.55434790372e-07, 3.0235960935e-07, 3.34185699558e-07, 6.96513424714e-09, 6.19766709065e-08, 3.01401903435e-09, 2.59119670165e-10, 3.0576402521e-10, 9.15799047707e-10, 2.31684491037e-10, 1.26411575652e-10, 2.49939402508e-10, 4.48833831213e-10, 8.77512174036e-10, 3.37936095773e-10, 3.72674863192e-10, 8.39786129525e-10, 4.44716236059e-10, 5.72513203512e-10, 1.90520238474e-10, 7.36939398394e-11, 3.53570783762e-11, 4.60225225984e-11, 1.16541628778e-11, 8.16797324221e-12, 2.15737952676e-12, 1.48684569431e-12, 8.81548469205e-13, 2.62854056013e-13],
        "dvar2": [5.78746615076e-08, 3.81549540407e-07, 3.47836106585e-08, 4.75531351185e-07, 1.55783538958e-06, 1.84719635143e-08, 2.55839633923e-08, 3.98881772057e-09, 3.2782689896e-09, 1.86918100553e-07, 1.43284893284e-07, 2.98466147797e-07, 5.91207879097e-07, 4.28517438422e-07, 1.20717462693e-08, 8.96120440075e-08, 4.29297353222e-09, 6.21537932233e-10, 7.30684346362e-10, 2.27216201409e-09, 5.73292080475e-10, 3.14062886808e-10, 5.48752432383e-10, 9.4798580097e-10, 2.07084283055e-09, 8.36012314931e-10, 8.15135348109e-10, 2.09291983744e-09, 1.026250529e-09, 1.3492295059e-09, 4.32816837925e-10, 1.50965823176e-10, 7.17098255776e-11, 1.0668707584e-10, 2.66009263228e-11, 1.7727352572e-11, 4.72224776643e-12, 3.48526481113e-12, 2.04290490774e-12, 5.90092373836e-13],
        "max": [0.0018100857269, 0.00438136793673, 0.00108779361472, 0.00437550293282, 0.0140534695238, 0.00103200844023, 0.00127583066933, 0.000919247511774, 0.00051112100482, 0.00420265225694, 0.00603018933907, 0.00835940614343, 0.00831342209131, 0.0116763422266, 0.0016902112402, 0.00686672562733, 0.00202555279247, 0.000220347428694, 0.000294754048809, 0.000351009541191, 0.000206765951589, 0.000194805601495, 0.000198348789127, 0.000519218854606, 0.000466927653179, 0.000392432877561, 0.000441815733211, 0.000401933939429, 0.000310811970849, 0.00046411016956, 0.000189245663933, 0.000106055027572, 8.2100435975e-05, 8.15987077658e-05, 5.45940420125e-05, 3.57708267984e-05, 1.79804446816e-05, 1.22540404845e-05, 1.73029893631e-05, 5.65062009628e-06],
        "mean": [0.000128939384012, 0.000301507709082, 0.000120389042422, 0.000278063322185, 0.000287843547994, 9.82841884252e-05, 8.37534462335e-05, 4.7157122026e-05, 4.09971871704e-05, 6.81646342855e-05, 5.62047644053e-05, 5.91865828028e-05, 0.000216729866224, 0.000281694199657, 2.88834326057e-05, 4.05036480515e-05, 1.72510408447e-05, 1.51427393575e-05, 1.109052846e-05, 1.91967010323e-05, 1.22482542793e-05, 1.06439683805e-05, 1.44579744301e-05, 1.59456103574e-05, 1.84894433914e-05, 1.19566457215e-05, 1.19562482723e-05, 2.17165252252e-05, 1.59747523867e-05, 1.44341747728e-05, 1.12451662062e-05, 7.67461551732e-06, 5.2874265748e-06, 5.13956092618e-06, 2.91228593596e-06, 2.53844905274e-06, 1.38077973588e-06, 9.90841726889e-07, 6.63894581976e-07, 4.29938381785e-07],
        "median": [2.25207622861e-05, 9.08395013539e-05, 5.58566389373e-05, 9.56414442044e-05, 8.46162292873e-05, 5.1174814871e-05, 3.63814287994e-05, 2.20767196879e-05, 2.10214166145e-05, 1.43451807162e-05, 1.38560990308e-05, 6.50135871183e-06, 6.4990381361e-06, 6.85252325638e-06, 5.85180532653e-06, 4.26243332186e-06, 3.84754685001e-06, 3.36776906806e-06, 2.77059416476e-06, 4.87274519401e-06, 3.59535715688e-06, 4.01126271754e-06, 5.31540581505e-06, 4.51937967227e-06, 3.48563685293e-06, 2.36566756939e-06, 2.6163286293e-06, 3.15419561048e-06, 2.8675744943e-06, 1.9047816977e-06, 1.08102665308e-06, 4.90812226417e-07, 3.14815139291e-07, 1.59961544455e-07, 1.7195908697e-07, 1.09892702937e-07, 4.84678501778e-08, 3.245319391e-08, 2.01564347435e-08, 1.25531363082e-08],
        "min": [6.9151013804e-08, 1.04529085831e-07, 1.07210738065e-07, 1.73371731194e-07, 3.99115634764e-07, 1.17490486673e-07, 1.05697552044e-07, 3.356890943e-08, 3.19369846125e-08, 2.98978299895e-08, 1.27475896505e-08, 1.18325562681e-08, 6.82187728529e-09, 6.09963546339e-09, 6.87463330706e-09, 9.37500299614e-09, 7.67515651035e-09, 6.84368384185e-09, 6.89536028275e-09, 7.39749594914e-09, 3.9873802038e-09, 4.55903004237e-09, 1.17548024647e-08, 3.6006346793e-09, 5.61016344491e-09, 3.11587489144e-09, 4.09381417654e-09, 6.61105215016e-09, 4.56721371833e-09, 2.52522225352e-10, 1.49051504472e-09, 1.15226450603e-09, 3.40489025863e-10, 2.54531534738e-10, 1.19400905829e-10, 1.17851811643e-10, 1.43230247107e-10, 8.16063397413e-11, 2.12918536968e-11, 9.10993433467e-11],
