{
"highlevel": {
    "danceability": {
        "all": {
            "danceable": 0.0217135697603,
            "not_danceable": 0.978286445141
        },
        "probability": 0.978286445141,
        "value": "not_danceable"
    },
    "gender": {
        "all": {
            "female": 0.195739299059,
            "male": 0.804260671139
        },
        "probability": 0.804260671139,
        "value": "male"
    },
    "genre_dortmund": {
        "all": {
            "alternative": 0.10736644268,
            "blues": 0.07019598037,
            "electronic": 0.00655440567061,
            "folkcountry": 0.167300418019,
            "funksoulrnb": 0.0231429450214,
            "jazz": 0.0974261984229,
            "pop": 0.0996825769544,
            "raphiphop": 0.00685872556642,
            "rock": 0.42147231102
        },
        "probability": 0.42147231102,
        "value": "rock"
    },
    "genre_electronic": {
        "all": {
            "ambient": 0.276330828667,
            "dnb": 0.453662723303,
            "house": 0.102402925491,
            "techno": 0.0204496793449,
            "trance": 0.147153839469
        },
        "probability": 0.453662723303,
        "value": "dnb"
    },
    "genre_rosamerica": {
        "all": {
            "cla": 0.0255223158747,
            "dan": 0.0115351909772,
            "hip": 0.0148850958794,
            "jaz": 0.010710212402,
            "pop": 0.0231752432883,
            "rhy": 0.0165515486151,
            "roc": 0.893619298935,
            "spe": 0.00400106329471
        },
        "probability": 0.893619298935,
        "value": "roc"
    },
    "genre_tzanetakis": {
        "all": {
            "blu": 0.0626541376114,
            "cla": 0.0348133966327,
            "cou": 0.0783501937985,
            "dis": 0.104547761381,
            "hip": 0.15693578124,
            "jaz": 0.313987255096,
            "met": 0.044816005975,
            "pop": 0.0627349764109,
            "reg": 0.0627352520823,
            "roc": 0.0784252434969
        },
        "probability": 0.313987255096,
        "value": "jaz"
    },
    "ismir04_rhythm": {
        "all": {
            "ChaChaCha": 0.270054847002,
            "Jive": 0.255232095718,
            "Quickstep": 0.092510715127,
            "Rumba-American": 0.00460056448355,
            "Rumba-International": 0.0108268707991,
            "Rumba-Misc": 0.00837201531976,
            "Samba": 0.112835392356,
            "Tango": 0.0241222437471,
            "VienneseWaltz": 0.208641901612,
            "Waltz": 0.0128033654764
        },
        "probability": 0.270054847002,
        "value": "ChaChaCha"
    },
    "mood_acoustic": {
        "all": {
            "acoustic": 0.0358947701752,
            "not_acoustic": 0.964105248451
        },
        "probability": 0.964105248451,
        "value": "not_acoustic"
    },
    "mood_aggressive": {
        "all": {
            "aggressive": 0.856057524681,
            "not_aggressive": 0.14394249022
        },
        "probability": 0.856057524681,
        "value": "aggressive"
    },
    "mood_electronic": {
        "all": {
            "electronic": 0.364717900753,
            "not_electronic": 0.635282099247
        },
        "probability": 0.635282099247,
        "value": "not_electronic"
    },
    "mood_happy": {
        "all": {
            "happy": 0.853837549686,
            "not_happy": 0.146162465215
        },
        "probability": 0.853837549686,
        "value": "happy"
    },
    "mood_party": {
        "all": {
            "not_party": 0.338352680206,
            "party": 0.661647319794
        },
        "probability": 0.661647319794,
        "value": "party"
    },
    "mood_relaxed": {
        "all": {
            "not_relaxed": 0.968977034092,
            "relaxed": 0.0310229677707
        },
        "probability": 0.968977034092,
        "value": "not_relaxed"
    },
    "mood_sad": {
        "all": {
            "not_sad": 0.803550004959,
            "sad": 0.196450009942
        },
        "probability": 0.803550004959,
        "value": "not_sad"
    },
    "moods_mirex": {
        "all": {
            "Cluster1": 0.448145121336,
            "Cluster2": 0.302849531174,
            "Cluster3": 0.0568068958819,
            "Cluster4": 0.0333758331835,
            "Cluster5": 0.158822625875
        },
        "probability": 0.448145121336,
        "value": "Cluster1"
    },
    "timbre": {
        "all": {
            "bright": 0.898168623447,
            "dark": 0.101831369102
        },
        "probability": 0.898168623447,
        "value": "bright"
    },
    "tonal_atonal": {
        "all": {
            "atonal": 0.0838282033801,
            "tonal": 0.916171789169
        },
        "probability": 0.916171789169,
        "value": "tonal"
    },
    "voice_instrumental": {
        "all": {
            "instrumental": 0.0119048561901,
            "voice": 0.988095164299
        },
        "probability": 0.988095164299,
        "value": "voice"
    }
},
"lowlevel": {
    "average_loudness": 0.976406514645,
    "barkbands_crest": {
        "dmean": 2.00620865822,
        "dmean2": 3.28459048271,
        "dvar": 4.71740245819,
        "dvar2": 11.7116451263,
        "max": 23.4136676788,
        "mean": 7.58453130722,
        "median": 6.54257965088,
        "min": 2.70122313499,
        "var": 13.2753677368
    },
    "barkbands_flatness_db": {
        "dmean": 0.0173575170338,
        "dmean2": 0.0270500835031,
        "dvar": 0.000415974092903,
        "dvar2": 0.000884290609974,
        "max": 0.394409149885,
        "mean": 0.126343518496,
        "median": 0.104065380991,
        "min": 0.0638389363885,
        "var": 0.00347604416311
    },
    "barkbands_kurtosis": {
        "dmean": 1.39825630188,
        "dmean2": 2.29279923439,
        "dvar": 16.956817627,
        "dvar2": 36.2158889771,
        "max": 117.096298218,
        "mean": 0.166290044785,
        "median": -0.97581911087,
        "min": -1.78789615631,
        "var": 27.636631012
    },
    "barkbands_skewness": {
        "dmean": 0.450617223978,
        "dmean2": 0.71494191885,
        "dvar": 0.382303118706,
        "dvar2": 0.929620862007,
        "max": 9.51205062866,
        "mean": 0.717914760113,
        "median": 0.580007135868,
        "min": -2.09782004356,
        "var": 0.800210237503
    },
    "barkbands_spread": {
        "dmean": 6.24283647537,
        "dmean2": 9.81251907349,
        "dvar": 41.7756996155,
        "dvar2": 116.77191925,
        "max": 78.6824035645,
        "mean": 37.3383216858,
        "median": 40.1237297058,
        "min": 1.2460180521,
        "var": 185.655059814
    },
    "dissonance": {
        "dmean": 0.0107402158901,
        "dmean2": 0.0174877066165,
        "dvar": 0.000124989557662,
        "dvar2": 0.000284590263618,
        "max": 0.500000178814,
        "mean": 0.476259022951,
        "median": 0.481298953295,
        "min": 0.358549535275,
        "var": 0.000393306079786
    },
    "dynamic_complexity": 1.7737326622,
    "erbbands_crest": {
        "dmean": 1.80637967587,
        "dmean2": 2.88860440254,
        "dvar": 3.17578816414,
        "dvar2": 7.72819662094,
        "max": 24.1901550293,
        "mean": 7.61541557312,
        "median": 6.76535415649,
        "min": 2.64561367035,
        "var": 10.4155492783
    },
    "erbbands_flatness_db": {
        "dmean": 0.0161676686257,
        "dmean2": 0.0227225385606,
        "dvar": 0.000475427485071,
        "dvar2": 0.00084881845396,
        "max": 0.417225956917,
        "mean": 0.173312857747,
        "median": 0.155358031392,
        "min": 0.0857043638825,
        "var": 0.00341233774088
    },
    "erbbands_kurtosis": {
        "dmean": 0.540714621544,
        "dmean2": 0.826734960079,
        "dvar": 0.543999612331,
        "dvar2": 1.28447175026,
        "max": 11.3520336151,
        "mean": -0.460401386023,
        "median": -0.821463346481,
        "min": -1.63071382046,
        "var": 1.35531044006
    },
    "erbbands_skewness": {
        "dmean": 0.289768308401,
        "dmean2": 0.442475557327,
        "dvar": 0.0796946138144,
        "dvar2": 0.194922834635,
        "max": 2.46676373482,
        "mean": -0.399681180716,
        "median": -0.417661786079,
        "min": -2.94393801689,
        "var": 0.335167109966
    },
    "erbbands_spread": {
        "dmean": 6.63582468033,
        "dmean2": 10.668762207,
        "dvar": 59.8684196472,
        "dvar2": 148.130722046,
        "max": 89.8905258179,
        "mean": 41.3575668335,
        "median": 41.40965271,
        "min": 6.82613658905,
        "var": 144.219650269
    },
    "hfc": {
        "dmean": 5.95127391815,
        "dmean2": 8.77902126312,
        "dvar": 42.40076828,
        "dvar2": 82.7881774902,
        "max": 138.443344116,
        "mean": 30.7253837585,
        "median": 31.8816547394,
        "min": 0.00400885846466,
        "var": 313.34375
    },
    "melbands_crest": {
        "dmean": 2.83100962639,
        "dmean2": 4.50106477737,
        "dvar": 7.41149091721,
        "dvar2": 17.1748523712,
        "max": 29.5259933472,
        "mean": 12.4516153336,
        "median": 11.6893768311,
        "min": 3.30220532417,
        "var": 18.5423622131
    },
    "melbands_flatness_db": {
        "dmean": 0.0231304932386,
        "dmean2": 0.0348122231662,
        "dvar": 0.000791439437307,
        "dvar2": 0.00175361242145,
        "max": 0.45531347394,
        "mean": 0.149182036519,
        "median": 0.123199805617,
        "min": 0.0591810531914,
        "var": 0.00469972705469
    },
    "melbands_kurtosis": {
        "dmean": 4.66531515121,
        "dmean2": 7.94450902939,
        "dvar": 123.745231628,
        "dvar2": 320.342224121,
        "max": 177.65612793,
        "mean": 5.89116668701,
        "median": 2.94394826889,
        "min": -1.60960710049,
        "var": 152.31803894
    },
    "melbands_skewness": {
        "dmean": 0.642950057983,
        "dmean2": 1.03052592278,
        "dvar": 0.92221146822,
        "dvar2": 2.24180936813,
        "max": 11.2684192657,
        "mean": 2.02638316154,
        "median": 1.75580739975,
        "min": -1.05533957481,
        "var": 1.45362377167
    },
    "melbands_spread": {
        "dmean": 10.5232944489,
        "dmean2": 16.4501590729,
        "dvar": 121.684089661,
        "dvar2": 272.766204834,
        "max": 173.764862061,
        "mean": 45.111328125,
        "median": 44.5277366638,
        "min": 1.01693475246,
        "var": 486.029052734
    },
    "pitch_salience": {
        "dmean": 0.0611333176494,
        "dmean2": 0.0961817130446,
        "dvar": 0.00365779898129,
        "dvar2": 0.00851946696639,
        "max": 0.849076807499,
        "mean": 0.538890421391,
        "median": 0.538350701332,
        "min": 0.150678247213,
        "var": 0.00999184604734
    },
    "silence_rate_20dB": {
        "dmean": 0,
        "dmean2": 0,
        "dvar": 0,
        "dvar2": 0,
        "max": 1,
        "mean": 1,
        "median": 1,
        "min": 1,
        "var": 0
    },
    "silence_rate_30dB": {
        "dmean": 0,
        "dmean2": 0,
        "dvar": 0,
        "dvar2": 0,
        "max": 1,
        "mean": 1,
        "median": 1,
        "min": 1,
        "var": 0
    },
    "silence_rate_60dB": {
        "dmean": 0.00773993786424,
        "dmean2": 0.0154918665066,
        "dvar": 0.00768006034195,
        "dvar2": 0.0168011039495,
        "max": 1,
        "mean": 0.0340293906629,
        "median": 0,
        "min": 0,
        "var": 0.0328714698553
    },
    "spectral_centroid": {
        "dmean": 265.361877441,
        "dmean2": 421.493469238,
        "dvar": 64334.6953125,
        "dvar2": 170481.90625,
        "max": 4218.24609375,
        "mean": 2367.10644531,
        "median": 2474.75927734,
        "min": 235.645004272,
        "var": 401237.21875
    },
    "spectral_complexity": {
        "dmean": 4.40712070465,
        "dmean2": 6.79318380356,
        "dvar": 18.9983863831,
        "dvar2": 36.5095901489,
        "max": 53,
        "mean": 29.3279190063,
        "median": 32,
        "min": 0,
        "var": 136.228134155
    },
    "spectral_decrease": {
        "dmean": 1.78267767215e-09,
        "dmean2": 2.99313041019e-09,
        "dvar": 9.77702089593e-18,
        "dvar2": 2.63924332513e-17,
        "max": -1.59840164108e-12,
        "mean": -5.33023358784e-09,
        "median": -5.28909405162e-09,
        "min": -2.25749143823e-08,
        "var": 1.02185219304e-17
    },
    "spectral_energy": {
        "dmean": 0.00699968961999,
        "dmean2": 0.0116708576679,
        "dvar": 0.000142110104207,
        "dvar2": 0.000383222155506,
        "max": 0.0870385915041,
        "mean": 0.0229044221342,
        "median": 0.0231009572744,
        "min": 6.39634163235e-06,
        "var": 0.000165177276358
    },
    "spectral_energyband_high": {
        "dmean": 0.000674502342008,
        "dmean2": 0.00100051763002,
        "dvar": 6.5005133365e-07,
        "dvar2": 1.38020459417e-06,
        "max": 0.020599950105,
        "mean": 0.00241296039894,
        "median": 0.00237472727895,
        "min": 1.37503501918e-08,
        "var": 3.89594970329e-06
    },
    "spectral_energyband_low": {
        "dmean": 0.00500289257616,
        "dmean2": 0.00851420499384,
        "dvar": 0.000136319416924,
        "dvar2": 0.000364197068848,
        "max": 0.0791320726275,
        "mean": 0.00719973212108,
        "median": 0.00532450387254,
        "min": 1.1890759879e-06,
        "var": 0.000108884654765
    },
    "spectral_energyband_middle_high": {
        "dmean": 0.00125783705153,
        "dmean2": 0.00190167257097,
        "dvar": 1.81827920187e-06,
        "dvar2": 3.75765216631e-06,
        "max": 0.0196826457977,
        "mean": 0.00584264891222,
        "median": 0.00534530263394,
        "min": 1.29911609292e-06,
        "var": 1.22055835163e-05
    },
    "spectral_energyband_middle_low": {
        "dmean": 0.00307145272382,
        "dmean2": 0.00498537486419,
        "dvar": 1.41837472256e-05,
        "dvar2": 3.6797759094e-05,
        "max": 0.0335037447512,
        "mean": 0.00821298453957,
        "median": 0.0073692984879,
        "min": 9.92909122033e-07,
        "var": 2.54370170296e-05
    },
    "spectral_entropy": {
        "dmean": 0.107310302556,
        "dmean2": 0.146237000823,
        "dvar": 0.0195963084698,
        "dvar2": 0.0288426782936,
        "max": 8.29843521118,
        "mean": 7.6757941246,
        "median": 7.79737710953,
        "min": 5.55681324005,
        "var": 0.195335999131
    },
    "spectral_flux": {
        "dmean": 0.0214208588004,
        "dmean2": 0.0324240997434,
        "dvar": 0.00081881089136,
        "dvar2": 0.00170704547781,
        "max": 0.280602246523,
        "mean": 0.08030936867,
        "median": 0.0760387852788,
        "min": 0.00173017277848,
        "var": 0.00165956944693
    },
    "spectral_kurtosis": {
        "dmean": 1.64523649216,
        "dmean2": 2.86648392677,
        "dvar": 7.65485477448,
        "dvar2": 22.8772792816,
        "max": 38.0598526001,
        "mean": 3.00599551201,
        "median": 2.22418117523,
        "min": -0.212852239609,
        "var": 8.48428249359
    },
    "spectral_rms": {
        "dmean": 0.000658803328406,
        "dmean2": 0.00105414702557,
        "dvar": 8.9996422048e-07,
        "dvar2": 2.28548674386e-06,
        "max": 0.00921497121453,
        "mean": 0.00451366184279,
        "median": 0.00474736979231,
        "min": 7.89957775851e-05,
        "var": 1.97266058422e-06
    },
    "spectral_rolloff": {
        "dmean": 588.013671875,
        "dmean2": 973.748535156,
        "dvar": 578400,
        "dvar2": 1347835.75,
        "max": 7536.62109375,
        "mean": 2965.59912109,
        "median": 3337.64648438,
        "min": 86.1328125,
        "var": 1623453.75
    },
    "spectral_skewness": {
        "dmean": 0.201755717397,
        "dmean2": 0.346815675497,
        "dvar": 0.0747776925564,
        "dvar2": 0.232032254338,
        "max": 4.18409919739,
        "mean": 0.844775080681,
        "median": 0.79531621933,
        "min": 0.16167087853,
        "var": 0.0952285304666
    },
    "spectral_spread": {
        "dmean": 347640.1875,
        "dmean2": 527338.9375,
        "dvar": 185382649856,
        "dvar2": 416875839488,
        "max": 8896174,
        "mean": 3674221.75,
        "median": 3785430.25,
        "min": 1203602,
        "var": 703717638144
    },
    "spectral_strongpeak": {
        "dmean": 0.53816729784,
        "dmean2": 0.948887050152,
        "dvar": 0.899483680725,
        "dvar2": 2.13812875748,
        "max": 13.4823493958,
        "mean": 0.856535196304,
        "median": 0.393684387207,
        "min": 0.00270805507898,
        "var": 1.17242002487
    },
    "zerocrossingrate": {
        "dmean": 0.00975239742547,
        "dmean2": 0.0115440124646,
        "dvar": 8.1368998508e-05,
        "dvar2": 0.000108706728497,
        "max": 0.23583984375,
        "mean": 0.0899279639125,
        "median": 0.0947265625,
        "min": 0.00537109375,
        "var": 0.000875637226272
    },
    "barkbands": {
        "dmean": [9.08325600903e-05, 0.00259322603233, 0.002335552359, 0.00121884280816, 0.00070165307261, 0.000545721326489, 0.000539100437891, 0.00062412279658, 0.000932281604037, 0.000185224300367, 0.000179968963494, 0.000234747334616, 0.000156042355229, 0.000220582282054, 0.000232855600188, 0.000224233372137, 0.000284902052954, 0.000388863089029, 0.000382579368306, 0.000506538082846, 0.000375212082872, 0.000142911172588, 0.000102076111943, 6.23801315669e-05, 2.07989105547e-05, 5.85838870393e-06, 3.62513112862e-08],
        "dmean2": [0.000155291389092, 0.00430919975042, 0.00416755024344, 0.00209908327088, 0.00114060449414, 0.000912737625185, 0.000833898317069, 0.000947058259044, 0.00145088264253, 0.000288569804979, 0.00027438957477, 0.000378584431019, 0.0002431958128, 0.000357756827725, 0.000380774756195, 0.000350997608621, 0.000448143051472, 0.000621483952273, 0.000626423337962, 0.000810425495729, 0.000590776791796, 0.000223701747018, 0.000151492306031, 9.24425767153e-05, 3.05853100144e-05, 9.22645995161e-06, 6.72962841008e-08],
        "dvar": [5.33290922533e-08, 3.57306525984e-05, 2.96767320833e-05, 4.64439972347e-06, 1.10549490273e-06, 8.53550716329e-07, 8.03754460321e-07, 1.43009549447e-06, 2.07258926821e-06, 1.16460590505e-07, 1.18817730765e-07, 1.46602204154e-07, 6.69441106993e-08, 1.3339145255e-07, 1.61127189813e-07, 7.50236708313e-08, 1.57160698677e-07, 3.65111901601e-07, 1.73180850993e-07, 4.1355511371e-07, 2.03073852845e-07, 5.44459304308e-08, 3.65915511225e-08, 1.25705454934e-08, 1.49492240809e-09, 1.81596473969e-10, 1.00602026912e-14],
        "dvar2": [1.4539290305e-07, 9.15725540835e-05, 8.4928717115e-05, 1.28120582303e-05, 2.70972577709e-06, 2.25257235797e-06, 1.88564331438e-06, 3.23479207509e-06, 4.7038233788e-06, 2.36070206938e-07, 2.43092415531e-07, 3.32851897156e-07, 1.49978092168e-07, 3.00365456951e-07, 3.94806818349e-07, 1.61272851074e-07, 3.64274313824e-07, 8.8567696821e-07, 4.67525609338e-07, 9.4258888339e-07, 4.91704327032e-07, 1.31341167275e-07, 6.31190246736e-08, 2.52857308425e-08, 3.03298341997e-09, 4.34458247156e-10, 2.9048991538e-14],
        "max": [0.00182650529314, 0.0434246435761, 0.0440464764833, 0.025645473972, 0.00935984402895, 0.00787521339953, 0.0114543298259, 0.0170646645129, 0.0221512652934, 0.0067233578302, 0.00643945345655, 0.00635534524918, 0.00587183516473, 0.0066890171729, 0.00526636652648, 0.0051849745214, 0.00764055363834, 0.00931862741709, 0.00517941359431, 0.00975026376545, 0.00894015748054, 0.00488823093474, 0.00662899529561, 0.00327315437607, 0.000747292651795, 0.000313009746606, 1.30185253511e-06],
        "mean": [7.24943602108e-05, 0.00335649074987, 0.00306062935852, 0.00146315211896, 0.00116056657862, 0.000871987256687, 0.00109056930523, 0.00148291816004, 0.00204135058448, 0.000333943753503, 0.000371238566004, 0.000506884302013, 0.00031964702066, 0.000455350178527, 0.000439739291323, 0.000481634720927, 0.000589967239648, 0.000925263389945, 0.000874137855135, 0.00118836190086, 0.00100970489439, 0.000365674204659, 0.000239145476371, 0.000149677405716, 4.27417289757e-05, 1.11372191895e-05, 2.34728005921e-08],
        "median": [1.06880397652e-05, 0.00156401237473, 0.00200296682306, 0.000771175837144, 0.00072012032615, 0.000495791144203, 0.000609036185779, 0.000506398500875, 0.0013290301431, 0.00015777083172, 0.000153522385517, 0.00028056348674, 0.000172237923834, 0.000276672159089, 0.000263866560999, 0.000364936538972, 0.000424050056608, 0.000632234674413, 0.000749005470425, 0.000981448451057, 0.000872530858032, 0.000327505113091, 0.000200292270165, 0.000127607185277, 2.52676636592e-05, 7.05713273419e-06, 1.25665500228e-09],
        "min": [8.1505575622e-09, 2.11071466083e-07, 8.81955060095e-08, 9.12781956686e-08, 4.70936853958e-08, 2.17207176689e-08, 3.96645774003e-08, 4.60416735848e-08, 3.12034558192e-08, 1.5379505669e-08, 1.28986483716e-08, 5.5800562393e-08, 1.01190849477e-07, 4.97662995258e-08, 4.75168064895e-08, 4.55755859718e-08, 1.88654865951e-07, 6.24639540092e-08, 4.13249843234e-08, 1.01902877248e-08, 6.31716678967e-09, 2.75386247139e-09, 1.93152452366e-10, 9.72096569907e-11, 4.32656644886e-12, 3.63954482871e-12, 4.54523571558e-12],
        "var": [4.12096206048e-08, 3.14116623485e-05, 2.23403330892e-05, 4.02828072765e-06, 1.79646269771e-06, 1.05718743271e-06, 2.09860058931e-06, 5.48397702005e-06, 5.60949320061e-06, 3.0950198493e-07, 4.74924632954e-07, 5.25475286395e-07, 3.16690830005e-07, 3.62332997383e-07, 3.10425406269e-07, 2.10754762975e-07, 3.27155788682e-07, 9.25147332964e-07, 4.79807397369e-07, 1.28171336655e-06, 8.43529278427e-07, 1.38107168368e-07, 1.11037032013e-07, 3.66250354489e-08, 3.40772787766e-09, 2.86023232876e-10, 5.97719048329e-15]
    },
    "erbbands": {
        "dmean": [0.0638754814863, 0.644167363644, 2.32982444763, 3.59975862503, 3.20396709442, 2.12333464622, 3.35075116158, 4.82919168472, 5.13990879059, 12.1023044586, 14.4934949875, 19.3660984039, 12.5772094727, 5.10865020752, 7.20601606369, 8.21463871002, 6.11766624451, 10.4499311447, 8.97257232666, 12.7131719589, 13.6654052734, 16.123210907, 19.5140953064, 12.7934780121, 26.5842075348, 19.3624038696, 22.5408344269, 7.67720508575, 5.11129331589, 3.32900857925, 3.38507294655, 1.76456475258, 0.761762797832, 0.323473870754, 0.115903258324, 0.0385019741952, 0.00985336396843, 0.000714031804819, 1.93156411115e-05, 8.8890119514e-06],
        "dmean2": [0.109339863062, 1.07899522781, 4.16003465652, 6.26761007309, 5.29795980453, 3.51827549934, 5.69098138809, 7.97206544876, 8.36007595062, 18.3049983978, 21.5404396057, 30.1194515228, 19.4509716034, 7.94662094116, 10.9031381607, 12.8265199661, 9.35995864868, 16.6418533325, 14.3269100189, 20.7022247314, 21.6001529694, 25.1454315186, 30.2228736877, 19.9254302979, 42.7378044128, 30.3982009888, 36.1545715332, 12.1021604538, 7.90540504456, 4.95659589767, 5.07417011261, 2.65662503242, 1.16917562485, 0.495367318392, 0.17111338675, 0.0588365197182, 0.0159223414958, 0.00116207113024, 3.11382427753e-05, 1.44733257912e-05],
        "dvar": [0.0250979326665, 2.27748632431, 30.2301750183, 56.2842483521, 23.8673973083, 8.31478881836, 46.2447166443, 50.8048248291, 73.7911300659, 304.259490967, 744.082214355, 1128.3079834, 498.989685059, 97.5561828613, 146.758453369, 163.939788818, 64.26953125, 372.501739502, 233.012069702, 408.986846924, 320.238739014, 466.309509277, 802.667236328, 257.025634766, 1030.14575195, 596.571777344, 752.252624512, 88.3514099121, 65.2151184082, 42.0479240417, 34.9281234741, 7.50598859787, 3.49088788033, 0.436084479094, 0.0475621521473, 0.00890504661947, 0.000312638527248, 1.53187420437e-06, 9.91544957252e-10, 1.95604782371e-10],
        "dvar2": [0.0640648081899, 5.98153829575, 86.4103775024, 157.462402344, 56.5004730225, 21.5176372528, 122.050674438, 131.673538208, 181.343231201, 673.026855469, 1675.13317871, 2610.81469727, 1158.16638184, 210.365081787, 300.724334717, 370.554931641, 144.278778076, 867.202819824, 584.219116211, 1052.80358887, 709.485290527, 1036.09143066, 1844.91247559, 583.092346191, 2582.48901367, 1401.23168945, 1924.90527344, 199.946380615, 152.33354187, 95.1302032471, 64.4318313599, 13.8533306122, 7.04368877411, 0.987029075623, 0.0866389349103, 0.0203994549811, 0.000805056188256, 3.897157967e-06, 2.4725341774e-09, 5.17930087707e-10],
        "max": [1.05792808533, 11.2455234528, 40.0687484741, 79.1424789429, 37.5451927185, 28.3009395599, 67.0677490234, 63.5416946411, 104.991134644, 270.003448486, 442.148468018, 636.201171875, 375.563873291, 196.312591553, 232.717193604, 213.183410645, 197.955535889, 319.578552246, 199.791671753, 288.760162354, 347.373443604, 403.168457031, 478.575439453, 261.199951172, 573.988952637, 350.702667236, 434.263427734, 192.767303467, 209.084075928, 157.624160767, 204.731323242, 82.4662628174, 58.3466072083, 12.699090004, 5.29170179367, 2.49709177017, 0.23034863174, 0.0165618807077, 0.00042232190026, 0.000109784370579],
        "mean": [0.0614021755755, 0.890446484089, 3.28835868835, 4.42910909653, 4.86444759369, 3.26533794403, 3.99670171738, 8.77753734589, 9.91923713684, 27.931470871, 35.6849021912, 39.1787605286, 27.7484130859, 11.5586328506, 16.6758556366, 17.1514549255, 14.0375595093, 23.4898986816, 18.4736671448, 27.0183525085, 29.2284660339, 36.7861022949, 49.228099823, 34.3331260681, 65.107963562, 50.2610664368, 58.2378120422, 23.0846424103, 13.6456232071, 7.50541162491, 7.66162395477, 4.21413660049, 1.68224942684, 0.611398875713, 0.23841458559, 0.0749026238918, 0.0164358541369, 0.00103388447315, 4.49005747214e-05, 3.31269220624e-05],
        "median": [0.0201694983989, 0.475544214249, 2.25795865059, 2.858700037, 2.15492010117, 2.2555437088, 2.03687262535, 5.16949748993, 6.985206604, 16.1144390106, 15.9692659378, 22.6647834778, 14.3215303421, 6.69613695145, 7.81322956085, 10.417514801, 9.38315582275, 12.4448490143, 11.7005462646, 16.5890197754, 22.4810085297, 28.167175293, 34.0824050903, 27.6835174561, 53.3700370789, 43.4646759033, 48.458065033, 21.6700153351, 12.3218822479, 5.79609680176, 6.47605514526, 3.62118983269, 1.26448917389, 0.334622502327, 0.153800219297, 0.0479403994977, 0.00934461131692, 0.000491369282827, 3.6651690607e-05, 3.46594533767e-05],
        "min": [4.64448976345e-06, 6.15048338659e-05, 0.000228326738579, 0.000301484542433, 0.000393567112042, 0.000179258917342, 0.00012401585991, 0.000247386546107, 0.000573367346078, 0.00108900060877, 0.00120122812223, 0.000952927861363, 0.00034102529753, 0.000573200697545, 0.000841663859319, 0.00240062526427, 0.00473936740309, 0.00332393450662, 0.00252892496064, 0.00262762536295, 0.00407531205565, 0.0116495331749, 0.00351867219433, 0.00298850145191, 0.00188985397108, 0.000667109328788, 0.000243787580985, 0.000237872547586, 9.71978442976e-05, 3.9949449274e-05, 6.30138629276e-06, 2.65841072178e-06, 1.19633750728e-06, 2.45267330001e-07, 4.82944138014e-08, 2.72251838851e-08, 1.27127544047e-08, 4.05391809011e-09, 4.04989064506e-09, 7.51968620705e-09],
        "var": [0.019996739924, 1.9492251873, 22.0923652649, 44.0978279114, 40.0726013184, 11.8860454559, 40.805683136, 91.8859176636, 115.889503479, 1049.62536621, 2191.15795898, 2663.19604492, 1381.25488281, 300.126861572, 615.121704102, 472.096832275, 249.953475952, 1276.5447998, 448.050231934, 932.072143555, 735.844787598, 1030.76306152, 2369.203125, 824.383911133, 3540.52661133, 1948.3638916, 2838.36987305, 391.513641357, 188.468566895, 92.8974533081, 103.147041321, 24.4807472229, 8.50660705566, 0.869732558727, 0.108047097921, 0.014153951779, 0.000527776079252, 2.20538709073e-06, 1.77616632513e-09, 3.16280113211e-10]
    },
    "gfcc": {
        "mean": [7.70276689529, 86.2332229614, -151.857025146, 59.6834754944, -66.7983779907, 6.3395242691, -25.726934433, 14.4115943909, -14.4141712189, 0.262009292841, -15.2747335434, -12.3641834259, -14.2627229691],
        "cov": [[8683.48730469, -2306.1171875, 1558.46484375, 524.394226074, -1110.28430176, 773.779785156, -770.139343262, 292.407958984, -1098.70446777, 457.410888672, -483.247619629, 338.75894165, -147.336593628], [-2306.1171875, 1359.73571777, -474.56161499, -152.791534424, 507.577819824, -341.497772217, 327.002960205, -178.763748169, 433.662963867, -163.355270386, 241.059356689, -105.170509338, 68.3119049072], [1558.46484375, -474.56161499, 901.461425781, 327.061431885, -175.260375977, 304.077331543, -255.293167114, 94.0769424438, -334.21963501, 150.671813965, -127.970756531, 142.22996521, -39.8092041016], [524.394226074, -152.791534424, 327.061431885, 249.37677002, -28.8413829803, 130.761550903, -83.3430252075, 22.5143146515, -90.0669174194, 44.5633659363, -17.9685134888, 45.0637741089, 8.72203731537], [-1110.28430176, 507.577819824, -175.260375977, -28.8413829803, 368.301269531, -66.1305465698, 201.445404053, -13.9695615768, 191.036010742, -40.7748146057, 83.8121414185, -17.9647216797, 26.4849128723], [773.779785156, -341.497772217, 304.077331543, 130.761550903, -66.1305465698, 281.881347656, -27.7632789612, 90.8884735107, -166.604003906, 70.8232955933, -49.4041099548, 54.5609512329, -8.98444652557], [-770.139343262, 327.002960205, -255.293167114, -83.3430252075, 201.445404053, -27.7632789612, 294.945251465, 46.1191062927, 176.152786255, -22.1234149933, 68.0462341309, -45.0172042847, 15.8083515167], [292.407958984, -178.763748169, 94.0769424438, 22.5143146515, -13.9695615768, 90.8884735107, 46.1191062927, 145.257705688, -2.1310300827, 65.9242782593, -47.640827179, 9.99973964691, -3.91803574562], [-1098.70446777, 433.662963867, -334.21963501, -90.0669174194, 191.036010742, -166.604003906, 176.152786255, -2.1310300827, 308.407714844, -35.1035652161, 85.4155883789, -80.692489624, 26.4606075287], [457.410888672, -163.355270386, 150.671813965, 44.5633659363, -40.7748146057, 70.8232955933, -22.1234149933, 65.9242782593, -35.1035652161, 124.227653503, -11.9988393784, 44.8370819092, -15.1020917892], [-483.247619629, 241.059356689, -127.970756531, -17.9685134888, 83.8121414185, -49.4041099548, 68.0462341309, -47.640827179, 85.4155883789, -11.9988393784, 112.051460266, -2.99432468414, 13.0979099274], [338.75894165, -105.170509338, 142.22996521, 45.0637741089, -17.9647216797, 54.5609512329, -45.0172042847, 9.99973964691, -80.692489624, 44.8370819092, -2.99432468414, 93.3789672852, 11.7507505417], [-147.336593628, 68.3119049072, -39.8092041016, 8.72203731537, 26.4849128723, -8.98444652557, 15.8083515167, -3.91803574562, 26.4606075287, -15.1020917892, 13.0979099274, 11.7507505417, 66.9096450806]],
        "icov": [[0.000371952890418, -0.000397338502808, 0.000471161620226, -0.000648165820166, 0.000862502551172, -0.000381472636946, 0.000174327535206, -0.000339262245689, 0.000742995005567, -0.000904616783373, 0.00108603469562, -0.000649149413221, 0.000539248459972], [-0.000397338502808, 0.00718632107601, -0.00563558284193, 0.00438635190949, -0.00542867043987, 0.0046799601987, -0.00391688849777, 0.00547309452668, -0.00375411822461, 0.00384890846908, -0.00807671993971, 0.00503496918827, -0.00506332656369], [0.000471161620226, -0.00563558284193, 0.00950146932155, -0.00773181999102, 0.00352357560769, -0.00454735057428, 0.0048336875625, -0.00534280808643, 0.00508279167116, -0.00519976438954, 0.00859764311463, -0.00617681490257, 0.00620996998623], [-0.000648165820166, 0.00438635190949, -0.00773181999102, 0.013004922308, -0.00427442369983, 0.000255674909567, -0.00101277278736, 0.00445448188111, -0.00514409830794, 0.00395109504461, -0.00793183222413, 0.00506203761324, -0.00638479320332], [0.000862502551172, -0.00542867043987, 0.00352357560769, -0.00427442369983, 0.0112065998837, -0.00419585872442, -0.000712889188435, -0.00223117135465, -0.000111510664283, -0.00197979412042, 0.00711543951184, -0.00754889892414, 0.00466386275366], [-0.000381472636946, 0.0046799601987, -0.00454735057428, 0.000255674909567, -0.00419585872442, 0.0135872960091, -0.0052696550265, -0.00144697364885, 0.00426827743649, 0.00160095863976, -0.00755444634706, 0.00557449972257, -0.00453809322789], [0.000174327535206, -0.00391688849777, 0.0048336875625, -0.00101277278736, -0.000712889188435, -0.0052696550265, 0.0122557710856, -0.00781270861626, 0.000448364851763, -0.000908719084691, 0.00110586546361, -0.00179017044138, 0.00332776037976], [-0.000339262245689, 0.00547309452668, -0.00534280808643, 0.00445448188111, -0.00223117135465, -0.00144697364885, -0.00781270861626, 0.0225158575922, -0.00834135618061, -0.00358084356412, 0.00334846344776, 0.00285807531327, -0.00490804435685], [0.000742995005567, -0.00375411822461, 0.00508279167116, -0.00514409830794, -0.000111510664283, 0.00426827743649, 0.000448364851763, -0.00834135618061, 0.0176987163723, -0.00675804307684, 0.000359016878065, 0.00499771535397, -0.000286156428047], [-0.000904616783373, 0.00384890846908, -0.00519976438954, 0.00395109504461, -0.00197979412042, 0.00160095863976, -0.000908719084691, -0.00358084356412, -0.00675804307684, 0.0201911553741, -0.00919104088098, -0.00371600245126, 0.00115505338181], [0.00108603469562, -0.00807671993971, 0.00859764311463, -0.00793183222413, 0.00711543951184, -0.00755444634706, 0.00110586546361, 0.00334846344776, 0.000359016878065, -0.00919104088098, 0.0292474273592, -0.011563715525, 0.00697967363521], [-0.000649149413221, 0.00503496918827, -0.00617681490257, 0.00506203761324, -0.00754889892414, 0.00557449972257, -0.00179017044138, 0.00285807531327, 0.00499771535397, -0.00371600245126, -0.011563715525, 0.0270486995578, -0.0118797188625], [0.000539248459972, -0.00506332656369, 0.00620996998623, -0.00638479320332, 0.00466386275366, -0.00453809322789, 0.00332776037976, -0.00490804435685, -0.000286156428047, 0.00115505338181, 0.00697967363521, -0.0118797188625, 0.0233942419291]]
    },
    "melbands": {
        "dmean": [0.000651213282254, 0.00108499918133, 0.000624223146588, 0.00016428399249, 0.000110187502287, 0.000104985774669, 8.62687447807e-05, 0.000138432282256, 0.000124783124193, 0.000125436359667, 6.25938482699e-05, 2.10672787944e-05, 2.55625345744e-05, 2.55933118751e-05, 2.12218583329e-05, 1.77500805876e-05, 1.9944856831e-05, 1.56423775479e-05, 2.01133880182e-05, 1.41235786941e-05, 1.73697681021e-05, 1.74510223587e-05, 1.86640008906e-05, 2.06760105357e-05, 1.04279415609e-05, 1.75069108082e-05, 2.41373672907e-05, 1.39552030305e-05, 1.62008800544e-05, 9.93271260086e-06, 4.9818017942e-06, 3.3439357594e-06, 2.58960267274e-06, 1.82572273388e-06, 2.24574546337e-06, 1.64969753769e-06, 9.54561528488e-07, 6.51074060443e-07, 3.99290911446e-07, 2.6645318485e-07],
        "dmean2": [0.00109238363802, 0.00189831957687, 0.00107575999573, 0.000267044379143, 0.000185000812053, 0.000174008309841, 0.000137678798637, 0.000208762518014, 0.00018619086768, 0.000196744935238, 9.61973055382e-05, 3.31489936798e-05, 3.84084632969e-05, 4.04824095313e-05, 3.31414230459e-05, 2.78158877336e-05, 3.19091268466e-05, 2.50975062954e-05, 3.25396285916e-05, 2.27742639254e-05, 2.78105580946e-05, 2.78673996945e-05, 2.86394279101e-05, 3.18938218697e-05, 1.65103101608e-05, 2.86646318273e-05, 3.81165627914e-05, 2.22368798859e-05, 2.66200077021e-05, 1.56085934577e-05, 8.18859462015e-06, 5.36752031621e-06, 3.98573001803e-06, 2.81954680759e-06, 3.44796035279e-06, 2.56071075455e-06, 1.42619239796e-06, 1.02162152871e-06, 6.3860835553e-07, 4.13141776789e-07],
        "dvar": [2.33415016737e-06, 6.68015718475e-06, 1.3471009197e-06, 5.7400132647e-08, 3.87139387215e-08, 2.53518521731e-08, 2.07850536782e-08, 3.66195074264e-08, 4.77116088859e-08, 4.48852794932e-08, 1.26414567703e-08, 1.62900237743e-09, 2.07683847897e-09, 2.49040055245e-09, 1.01165154032e-09, 8.96987650822e-10, 1.40792832948e-09, 7.69980190718e-10, 1.27003907391e-09, 3.49613477058e-10, 4.99545904642e-10, 5.67970559473e-10, 1.11742437525e-09, 1.05718211962e-09, 1.68365529851e-10, 3.76985387351e-10, 1.1517700127e-09, 3.51518592012e-10, 3.97533866936e-10, 1.60676985606e-10, 3.97811922292e-11, 2.29821803949e-11, 3.55706818167e-11, 9.66054059665e-12, 1.35673781237e-11, 1.2021546085e-11, 1.87441620385e-12, 1.74977588842e-12, 1.31803964444e-12, 2.66168895735e-13],
        "dvar2": [5.86981968809e-06, 1.86583874893e-05, 3.74856426788e-06, 1.39164527013e-07, 9.98567557531e-08, 6.585982959e-08, 5.06945205814e-08, 8.19371095417e-08, 1.08461570392e-07, 1.02186668016e-07, 2.94459123751e-08, 3.46828898934e-09, 4.02360011975e-09, 5.97176708084e-09, 2.2803539057e-09, 1.88464199802e-09, 3.37996697297e-09, 1.9340433699e-09, 3.07875858141e-09, 8.59355309135e-10, 1.15301779235e-09, 1.35966504722e-09, 2.43102205033e-09, 2.37196418063e-09, 3.90177223863e-10, 1.03503305926e-09, 2.67934163745e-09, 8.48697889744e-10, 1.02596486862e-09, 3.81292303286e-10, 1.04068663409e-10, 5.45742444291e-11, 9.15151079917e-11, 2.07141595543e-11, 2.73083257396e-11, 2.22952368373e-11, 3.75961067833e-12, 3.38033789328e-12, 3.21626427748e-12, 5.98622171798e-13],
        "max": [0.0100613525137, 0.0179674215615, 0.0117009896785, 0.00200479966588, 0.00191277661361, 0.00145582389086, 0.00191691680811, 0.00244111660868, 0.00328064383939, 0.00408604415134, 0.00186009681784, 0.000779593072366, 0.000980123877525, 0.000911759503651, 0.00038719229633, 0.000670291890856, 0.000698430871125, 0.000388269399991, 0.000525675714016, 0.000236319930991, 0.000382920377888, 0.000334605603712, 0.000769060454331, 0.000551203149371, 0.000190164588275, 0.000228426564718, 0.0006953124539, 0.000247961666901, 0.000246681680437, 0.000247459713137, 9.22963226913e-05, 0.000127110775793, 0.000139396623126, 8.15806197352e-05, 0.000117288371257, 0.000111787761853, 3.06267393171e-05, 3.88412627217e-05, 3.30536495312e-05, 8.53140136314e-06],
        "mean": [0.000751821789891, 0.00159510748927, 0.000831517041661, 0.000271741941106, 0.000144192847074, 0.000188451464055, 0.000171709660208, 0.000329644681187, 0.000292168726446, 0.000257211795542, 0.000135606576805, 4.40187723143e-05, 5.70949632674e-05, 5.34422179044e-05, 3.81540739909e-05, 3.78730837838e-05, 4.22837292717e-05, 2.79931737168e-05, 3.77020078304e-05, 3.07217705995e-05, 3.28266833094e-05, 3.48126995959e-05, 4.28323437518e-05, 4.58569120383e-05, 2.34662675211e-05, 3.93392801925e-05, 4.97385044582e-05, 3.01487107208e-05, 3.9003421989e-05, 2.37110707531e-05, 1.12462221296e-05, 8.32627210912e-06, 5.28280679646e-06, 3.59879823009e-06, 4.64475670015e-06, 3.5637901874e-06, 2.19249591282e-06, 1.29973943785e-06, 7.54757820687e-07, 4.27233686651e-07],
        "median": [0.00031988020055, 0.00117165665142, 0.000541284796782, 0.000161478223163, 8.10922574601e-05, 0.000120088632684, 0.000123693505884, 0.000175888417289, 0.000149001047248, 0.000157267902978, 6.6291046096e-05, 2.26237498282e-05, 2.52107165579e-05, 2.18997392949e-05, 2.38167849602e-05, 1.99735950446e-05, 2.21670707106e-05, 1.506035278e-05, 2.15127220144e-05, 2.21702393901e-05, 2.35627321672e-05, 2.52408426604e-05, 2.95723402814e-05, 2.8408047001e-05, 1.79391590791e-05, 3.32286217599e-05, 3.54819057975e-05, 2.42572750722e-05, 3.18131278618e-05, 1.90972277778e-05, 1.00958131952e-05, 7.48295406083e-06, 3.95130246034e-06, 2.63808556156e-06, 3.89873821405e-06, 2.80236554318e-06, 1.86197280527e-06, 9.61066575655e-07, 4.68678962307e-07, 1.93179630514e-07],
        "min": [4.73311771998e-08, 1.18960947759e-07, 7.51643725039e-08, 1.55608876895e-08, 4.08791134276e-09, 5.17530729383e-09, 8.2570181803e-09, 1.16877165723e-08, 9.1957375048e-09, 4.73613726015e-09, 1.4780340285e-09, 1.54936985464e-09, 2.06699080074e-09, 5.96861804425e-09, 5.91580961995e-09, 7.47919592925e-09, 4.42759695574e-09, 2.91383273066e-09, 3.56475893248e-09, 2.94890778463e-09, 4.66718041991e-09, 1.23553478559e-08, 4.20346912833e-09, 1.766891633e-09, 2.41779174459e-09, 1.27477295386e-09, 1.05540964856e-09, 3.23176929662e-10, 1.12519896178e-10, 1.72202641036e-10, 9.58679316487e-11, 4.86251178211e-11, 5.12789845308e-11, 8.91539966852e-12, 3.9123461415e-12, 1.00107270563e-12, 1.97120466651e-12, 1.09925209126e-12, 2.88989562532e-13, 3.91393392848e-14],
