{
"highlevel": {
    "danceability": {
        "all": {
            "danceable": 0.0533701404929,
            "not_danceable": 0.946629881859
        },
        "probability": 0.946629881859,
        "value": "not_danceable"
    },
    "gender": {
        "all": {
            "female": 0.780159652233,
            "male": 0.219840362668
        },
        "probability": 0.780159652233,
        "value": "female"
    },
    "genre_dortmund": {
        "all": {
            "alternative": 0.10471457243,
            "blues": 0.015720769763,
            "electronic": 0.00272721191868,
            "folkcountry": 0.654621362686,
            "funksoulrnb": 0.00271567539312,
            "jazz": 0.0257867984474,
            "pop": 0.119788907468,
            "raphiphop": 0.000578796607442,
            "rock": 0.0733458995819
        },
        "probability": 0.654621362686,
        "value": "folkcountry"
    },
    "genre_electronic": {
        "all": {
            "ambient": 0.920329391956,
            "dnb": 0.0113436430693,
            "house": 0.042084030807,
            "techno": 0.00427790312096,
            "trance": 0.0219650100917
        },
        "probability": 0.920329391956,
        "value": "ambient"
    },
    "genre_rosamerica": {
        "all": {
            "cla": 0.101190268993,
            "dan": 0.0190771389753,
            "hip": 0.0104260733351,
            "jaz": 0.0747963041067,
            "pop": 0.314582794905,
            "rhy": 0.156713187695,
            "roc": 0.29738253355,
            "spe": 0.025831675157
        },
        "probability": 0.314582794905,
        "value": "pop"
    },
    "genre_tzanetakis": {
        "all": {
            "blu": 0.0620671063662,
            "cla": 0.034474901855,
            "cou": 0.103433981538,
            "dis": 0.0620971247554,
            "hip": 0.15527240932,
            "jaz": 0.310666948557,
            "met": 0.044346679002,
            "pop": 0.0620793737471,
            "reg": 0.0620816536248,
            "roc": 0.103479810059
        },
        "probability": 0.310666948557,
        "value": "jaz"
    },
    "ismir04_rhythm": {
        "all": {
            "ChaChaCha": 0.0304825622588,
            "Jive": 0.0107251154259,
            "Quickstep": 0.0333975143731,
            "Rumba-American": 0.0151514727622,
            "Rumba-International": 0.336569428444,
            "Rumba-Misc": 0.0159429237247,
            "Samba": 0.0189553052187,
            "Tango": 0.410093963146,
            "VienneseWaltz": 0.0809619799256,
            "Waltz": 0.0477197282016
        },
        "probability": 0.410093963146,
        "value": "Tango"
    },
    "mood_acoustic": {
        "all": {
            "acoustic": 0.87878715992,
            "not_acoustic": 0.121212847531
        },
        "probability": 0.87878715992,
        "value": "acoustic"
    },
    "mood_aggressive": {
        "all": {
            "aggressive": 8.79545666521e-07,
            "not_aggressive": 0.99999910593
        },
        "probability": 0.99999910593,
        "value": "not_aggressive"
    },
    "mood_electronic": {
        "all": {
            "electronic": 0.0713164135814,
            "not_electronic": 0.928683578968
        },
        "probability": 0.928683578968,
        "value": "not_electronic"
    },
    "mood_happy": {
        "all": {
            "happy": 0.373592972755,
            "not_happy": 0.626407027245
        },
        "probability": 0.626407027245,
        "value": "not_happy"
    },
    "mood_party": {
        "all": {
            "not_party": 0.959900975227,
            "party": 0.040099054575
        },
        "probability": 0.959900975227,
        "value": "not_party"
    },
    "mood_relaxed": {
        "all": {
            "not_relaxed": 0.213012605906,
            "relaxed": 0.786987423897
        },
        "probability": 0.786987423897,
        "value": "relaxed"
    },
    "mood_sad": {
        "all": {
            "not_sad": 0.06533729285,
            "sad": 0.934662699699
        },
        "probability": 0.934662699699,
        "value": "sad"
    },
    "moods_mirex": {
        "all": {
            "Cluster1": 0.139742568135,
            "Cluster2": 0.339570432901,
            "Cluster3": 0.438619971275,
            "Cluster4": 0.0780276432633,
            "Cluster5": 0.00403938582167
        },
        "probability": 0.438619971275,
        "value": "Cluster3"
    },
    "timbre": {
        "all": {
            "bright": 0.999987840652,
            "dark": 1.21449083963e-05
        },
        "probability": 0.999987840652,
        "value": "bright"
    },
    "tonal_atonal": {
        "all": {
            "atonal": 0.00256070867181,
            "tonal": 0.997439265251
        },
        "probability": 0.997439265251,
        "value": "tonal"
    },
    "voice_instrumental": {
        "all": {
            "instrumental": 0.026707822457,
            "voice": 0.973292171955
        },
        "probability": 0.973292171955,
        "value": "voice"
    }
},
"lowlevel": {
    "average_loudness": 0.954349398613,
    "barkbands_crest": {
        "dmean": 2.10803222656,
        "dmean2": 3.32583785057,
        "dvar": 3.80496001244,
        "dvar2": 9.7652759552,
        "max": 22.4180717468,
        "mean": 10.4229125977,
        "median": 10.005689621,
        "min": 3.47766232491,
        "var": 10.707529068
    },
    "barkbands_flatness_db": {
        "dmean": 0.020826401189,
        "dmean2": 0.0311736613512,
        "dvar": 0.000367066386389,
        "dvar2": 0.00074655120261,
        "max": 0.363342434168,
        "mean": 0.180006146431,
        "median": 0.17197971046,
        "min": 0.080812856555,
        "var": 0.00233853398822
    },
    "barkbands_kurtosis": {
        "dmean": 3.43182468414,
        "dmean2": 5.5599064827,
        "dvar": 24.1474590302,
        "dvar2": 64.9844818115,
        "max": 66.4624862671,
        "mean": 8.1971321106,
        "median": 5.43827056885,
        "min": -1.39498972893,
        "var": 69.6695556641
    },
    "barkbands_skewness": {
        "dmean": 0.463417351246,
        "dmean2": 0.737785637379,
        "dvar": 0.244750037789,
        "dvar2": 0.613310337067,
        "max": 6.24406480789,
        "mean": 2.16030287743,
        "median": 2.05615735054,
        "min": -0.490505635738,
        "var": 1.17902743816
    },
    "barkbands_spread": {
        "dmean": 3.63551735878,
        "dmean2": 5.47568273544,
        "dvar": 24.7923336029,
        "dvar2": 49.1187896729,
        "max": 80.6571121216,
        "mean": 13.8054265976,
        "median": 12.2195720673,
        "min": 1.44238817692,
        "var": 90.5863189697
    },
    "dissonance": {
        "dmean": 0.0201667174697,
        "dmean2": 0.0336304940283,
        "dvar": 0.000321845756844,
        "dvar2": 0.000874797755387,
        "max": 0.496398478746,
        "mean": 0.43726798892,
        "median": 0.44052067399,
        "min": 0.330431073904,
        "var": 0.000955010240432
    },
    "dynamic_complexity": 2.14933514595,
    "erbbands_crest": {
        "dmean": 2.25314474106,
        "dmean2": 3.56414175034,
        "dvar": 5.236079216,
        "dvar2": 12.7723350525,
        "max": 28.4315814972,
        "mean": 10.491558075,
        "median": 9.66559314728,
        "min": 3.16454267502,
        "var": 17.8649692535
    },
    "erbbands_flatness_db": {
        "dmean": 0.0178955122828,
        "dmean2": 0.0239994078875,
        "dvar": 0.000290396419587,
        "dvar2": 0.000529017939698,
        "max": 0.26525041461,
        "mean": 0.166745245457,
        "median": 0.166828006506,
        "min": 0.0615240111947,
        "var": 0.00145696185064
    },
    "erbbands_kurtosis": {
        "dmean": 0.782076478004,
        "dmean2": 1.21505069733,
        "dvar": 1.47336614132,
        "dvar2": 3.3911383152,
        "max": 22.6761035919,
        "mean": 0.628091812134,
        "median": 0.108557701111,
        "min": -1.77264535427,
        "var": 3.85765838623
    },
    "erbbands_skewness": {
        "dmean": 0.284646183252,
        "dmean2": 0.4280372262,
        "dvar": 0.0831145718694,
        "dvar2": 0.177578210831,
        "max": 3.93517589569,
        "mean": 0.813548803329,
        "median": 0.753648877144,
        "min": -0.85343080759,
        "var": 0.412364184856
    },
    "erbbands_spread": {
        "dmean": 6.4892373085,
        "dmean2": 9.8704996109,
        "dvar": 78.0536499023,
        "dvar2": 140.952407837,
        "max": 162.20223999,
        "mean": 37.0673065186,
        "median": 34.5375938416,
        "min": 7.19541406631,
        "var": 299.767272949
    },
    "hfc": {
        "dmean": 4.10558223724,
        "dmean2": 5.58887529373,
        "dvar": 30.5131340027,
        "dvar2": 55.6174468994,
        "max": 88.2027740479,
        "mean": 16.9103775024,
        "median": 11.7428483963,
        "min": 0.742762327194,
        "var": 185.914001465
    },
    "melbands_crest": {
        "dmean": 2.62289810181,
        "dmean2": 4.21008348465,
        "dvar": 6.32790565491,
        "dvar2": 16.4675521851,
        "max": 26.5929737091,
        "mean": 12.6893501282,
        "median": 12.1406955719,
        "min": 4.75291109085,
        "var": 15.160446167
    },
    "melbands_flatness_db": {
        "dmean": 0.0237087775022,
        "dmean2": 0.0352338962257,
        "dvar": 0.000540755398106,
        "dvar2": 0.00106732209679,
        "max": 0.479719996452,
        "mean": 0.24073202908,
        "median": 0.229031547904,
        "min": 0.103892229497,
        "var": 0.00422071153298
    },
    "melbands_kurtosis": {
        "dmean": 6.32449960709,
        "dmean2": 10.0228281021,
        "dvar": 73.6499633789,
        "dvar2": 183.733947754,
        "max": 121.940887451,
        "mean": 18.3005809784,
        "median": 13.1958942413,
        "min": -1.20600450039,
        "var": 272.704284668
    },
    "melbands_skewness": {
        "dmean": 0.575446605682,
        "dmean2": 0.882966518402,
        "dvar": 0.356526345015,
        "dvar2": 0.838031768799,
        "max": 8.84324359894,
        "mean": 3.00465321541,
        "median": 2.92226576805,
        "min": -0.210982680321,
        "var": 2.09523701668
    },
    "melbands_spread": {
        "dmean": 3.26285028458,
        "dmean2": 5.04126691818,
        "dvar": 16.0191040039,
        "dvar2": 35.2949905396,
        "max": 58.8612174988,
        "mean": 13.3726272583,
        "median": 11.4672861099,
        "min": 1.23012185097,
        "var": 76.8756561279
    },
    "pitch_salience": {
        "dmean": 0.0558201596141,
        "dmean2": 0.0897797271609,
        "dvar": 0.00253976322711,
        "dvar2": 0.00658204872161,
        "max": 0.766832053661,
        "mean": 0.565364062786,
        "median": 0.574107468128,
        "min": 0.252915978432,
        "var": 0.00778222223744
    },
    "silence_rate_20dB": {
        "dmean": 0,
        "dmean2": 0,
        "dvar": 0,
        "dvar2": 0,
        "max": 1,
        "mean": 1,
        "median": 1,
        "min": 1,
        "var": 0
    },
    "silence_rate_30dB": {
        "dmean": 0,
        "dmean2": 0,
        "dvar": 0,
        "dvar2": 0,
        "max": 1,
        "mean": 1,
        "median": 1,
        "min": 1,
        "var": 0
    },
    "silence_rate_60dB": {
        "dmean": 0,
        "dmean2": 0,
        "dvar": 0,
        "dvar2": 0,
        "max": 0,
        "mean": 0,
        "median": 0,
        "min": 0,
        "var": 0
    },
    "spectral_centroid": {
        "dmean": 142.800704956,
        "dmean2": 211.959838867,
        "dvar": 31940.6074219,
        "dvar2": 62467.5820312,
        "max": 2453.26708984,
        "mean": 820.831420898,
        "median": 728.815246582,
        "min": 210.427703857,
        "var": 176253.046875
    },
    "spectral_complexity": {
        "dmean": 2.16718268394,
        "dmean2": 3.16111540794,
        "dvar": 5.0803937912,
        "dvar2": 8.70067691803,
        "max": 35,
        "mean": 14.9419956207,
        "median": 15,
        "min": 3,
        "var": 38.2464447021
    },
    "spectral_decrease": {
        "dmean": 2.10705142223e-09,
        "dmean2": 3.2784810422e-09,
        "dvar": 7.32546600984e-18,
        "dvar2": 1.74920757394e-17,
        "max": -6.49474363179e-10,
        "mean": -7.51681650257e-09,
        "median": -6.34011820821e-09,
        "min": -3.07282732592e-08,
        "var": 2.02872993546e-17
    },
    "spectral_energy": {
        "dmean": 0.00820089317858,
        "dmean2": 0.0126959746704,
        "dvar": 0.000109418855573,
        "dvar2": 0.000259212043602,
        "max": 0.117256738245,
        "mean": 0.0299040246755,
        "median": 0.0252542439848,
        "min": 0.00251863640733,
        "var": 0.000317358906614
    },
    "spectral_energyband_high": {
        "dmean": 0.000216341373743,
        "dmean2": 0.000307142530801,
        "dvar": 1.55384981326e-07,
        "dvar2": 2.96427202784e-07,
        "max": 0.00762825552374,
        "mean": 0.000463610514998,
        "median": 0.00022003367485,
        "min": 1.20590971164e-06,
        "var": 5.00910459778e-07
    },
    "spectral_energyband_low": {
        "dmean": 0.00382844731212,
        "dmean2": 0.00614849803969,
        "dvar": 6.0682563344e-05,
        "dvar2": 0.000157141592354,
        "max": 0.103591389954,
        "mean": 0.00668916013092,
        "median": 0.00382450339384,
        "min": 0.000137511407956,
        "var": 0.000100553646917
    },
    "spectral_energyband_middle_high": {
        "dmean": 0.00118677364662,
        "dmean2": 0.00152019015513,
        "dvar": 4.77384674014e-06,
        "dvar2": 8.2870328697e-06,
        "max": 0.0428445748985,
        "mean": 0.00411500502378,
        "median": 0.00210088654421,
        "min": 8.60405707499e-05,
        "var": 2.99266739603e-05
    },
    "spectral_energyband_middle_low": {
        "dmean": 0.00605717254803,
        "dmean2": 0.00961499102414,
        "dvar": 5.8930949308e-05,
        "dvar2": 0.000149422441609,
        "max": 0.0776271298528,
        "mean": 0.0200311299413,
        "median": 0.0164409205317,
        "min": 0.00202616304159,
        "var": 0.000154397639562
    },
    "spectral_entropy": {
        "dmean": 0.192609071732,
        "dmean2": 0.279333084822,
        "dvar": 0.0451393723488,
        "dvar2": 0.0780477747321,
        "max": 8.36120700836,
        "mean": 7.00725126266,
        "median": 7.03941917419,
        "min": 5.73609161377,
        "var": 0.207064464688
    },
    "spectral_flux": {
        "dmean": 0.023006780073,
        "dmean2": 0.0355722904205,
        "dvar": 0.000594841258135,
        "dvar2": 0.00129276700318,
        "max": 0.262062251568,
        "mean": 0.0723463594913,
        "median": 0.063358232379,
        "min": 0.011024389416,
        "var": 0.00186658638995
    },
    "spectral_kurtosis": {
        "dmean": 2.46694135666,
        "dmean2": 4.02989959717,
        "dvar": 8.8135137558,
        "dvar2": 24.6003437042,
        "max": 35.1669692993,
        "mean": 6.74382019043,
        "median": 5.50142478943,
        "min": -0.74276137352,
        "var": 21.0322990417
    },
    "spectral_rms": {
        "dmean": 0.00070242624497,
        "dmean2": 0.00105117820203,
        "dvar": 5.98640781391e-07,
        "dvar2": 1.29882334932e-06,
        "max": 0.0106956446543,
        "mean": 0.00517476955429,
        "median": 0.00496369693428,
        "min": 0.00156754779164,
        "var": 2.39636574406e-06
    },
    "spectral_rolloff": {
        "dmean": 232.181304932,
        "dmean2": 387.630401611,
        "dvar": 310334.71875,
        "dvar2": 583203.5625,
        "max": 9496.14257812,
        "mean": 834.297729492,
        "median": 602.9296875,
        "min": 107.666015625,
        "var": 821903.375
    },
    "spectral_skewness": {
        "dmean": 0.26074630022,
        "dmean2": 0.418490469456,
        "dvar": 0.0652656629682,
        "dvar2": 0.164292037487,
        "max": 4.30300617218,
        "mean": 1.94316470623,
        "median": 1.87482571602,
        "min": 0.507264435291,
        "var": 0.271581590176
    },
    "spectral_spread": {
        "dmean": 706018.3125,
        "dmean2": 959799.9375,
        "dvar": 846525890560,
        "dvar2": 1.36311957094e+12,
        "max": 14914477,
        "mean": 4273721.5,
        "median": 3919623.25,
        "min": 1562135,
        "var": 3.07209515827e+12
    },
    "spectral_strongpeak": {
        "dmean": 0.47149810195,
        "dmean2": 0.792718470097,
        "dvar": 0.516367137432,
        "dvar2": 1.3061426878,
        "max": 7.48128128052,
        "mean": 1.14182174206,
        "median": 0.761766135693,
        "min": 0.0642616227269,
        "var": 1.29824888706
    },
    "zerocrossingrate": {
        "dmean": 0.00801317859441,
        "dmean2": 0.00951524358243,
        "dvar": 9.34797280934e-05,
        "dvar2": 0.000105537823401,
        "max": 0.2265625,
        "mean": 0.0420473217964,
        "median": 0.0390625,
        "min": 0.0048828125,
        "var": 0.000579438870773
    },
    "barkbands": {
        "dmean": [2.33415958064e-05, 0.00268255895935, 0.00131465145387, 0.00209295027889, 0.00261189020239, 0.00166375795379, 0.000744377728552, 0.00062261353014, 0.000887446629349, 0.000655819661915, 0.000157742164447, 0.000365290849004, 0.000129688560264, 0.000170213883393, 0.000266108458163, 0.000129341889988, 0.000104057333374, 0.000137079390697, 8.45712274895e-05, 9.67704618233e-05, 4.09219319408e-05, 2.91643373203e-05, 2.74787271337e-05, 3.76581047021e-05, 4.24114150519e-05, 3.76623465854e-05, 3.02508418315e-09],
        "dmean2": [4.02707628382e-05, 0.00449868524447, 0.00202726386487, 0.00341318338178, 0.00417679641396, 0.00254384730943, 0.00108158611692, 0.000969854823779, 0.00120901851915, 0.000903724168893, 0.000217215667362, 0.000489977770485, 0.000192749444977, 0.000236546940869, 0.000380781712011, 0.000195034343051, 0.000158610506332, 0.000209437377634, 0.000123645950225, 0.000141721393447, 6.01738902333e-05, 4.35240581282e-05, 4.1643910663e-05, 5.71086202399e-05, 6.45808395348e-05, 5.43932255823e-05, 5.02486896536e-09],
        "dvar": [3.36856875727e-09, 3.799802289e-05, 7.23964467397e-06, 1.04172240754e-05, 1.30502012325e-05, 1.48606704897e-05, 6.81984602124e-06, 2.07897392102e-06, 6.37694938632e-06, 5.5547179727e-06, 1.62394286463e-07, 9.40021664064e-07, 1.67805524143e-07, 3.19088655942e-07, 2.47351522376e-07, 2.08775787769e-07, 6.37865724684e-08, 8.24250960818e-08, 3.42530910302e-08, 5.429361849e-08, 1.19046861258e-08, 3.7368086403e-09, 3.28360538759e-09, 6.28750163045e-09, 1.11886633292e-08, 1.28926691545e-08, 7.13822775557e-16],
        "dvar2": [9.00634500312e-09, 0.000107918538561, 1.59943974722e-05, 2.56799921772e-05, 3.83129445254e-05, 3.45996377291e-05, 1.32774612212e-05, 5.29121871296e-06, 1.22592928165e-05, 1.07805626612e-05, 2.87877554683e-07, 1.86296404081e-06, 3.7560081978e-07, 6.45828947654e-07, 4.96486165957e-07, 5.11502207701e-07, 1.4432198725e-07, 1.69681456441e-07, 6.2391841027e-08, 1.09894507716e-07, 2.30683845359e-08, 9.44637701394e-09, 6.91371315753e-09, 1.30984698643e-08, 2.18867981516e-08, 2.44131168614e-08, 1.26157298922e-15],
        "max": [0.000734806060791, 0.0756593346596, 0.0393028669059, 0.0384238287807, 0.0370316468179, 0.0635253116488, 0.0559797622263, 0.0239946711808, 0.0365199819207, 0.0558319427073, 0.0132975261658, 0.0188940428197, 0.00717476848513, 0.0133439637721, 0.00710459426045, 0.0084758978337, 0.00610134098679, 0.00619053887203, 0.00354565633461, 0.00389524223283, 0.00246486067772, 0.00101640250068, 0.0010062440997, 0.00138902617618, 0.00251432368532, 0.00283757108264, 6.27293218258e-07],
        "mean": [3.02912540064e-05, 0.0036882457789, 0.0020120840054, 0.0032766922377, 0.00720727443695, 0.00403028680012, 0.00149011495523, 0.001270600711, 0.00178062485065, 0.00131525844336, 0.000329884991515, 0.000964116596151, 0.000243345755734, 0.000336444209097, 0.000530763238203, 0.000220804300625, 0.000196073611733, 0.000251996651059, 0.000177531299414, 0.000188356585568, 8.49044881761e-05, 6.10285023868e-05, 5.13325139764e-05, 6.14067175775e-05, 5.71102282265e-05, 4.74650514661e-05, 2.28010565984e-09],
        "median": [1.3599697013e-05, 0.0016437281156, 0.00108453352004, 0.00162287056446, 0.0060794763267, 0.00256360787898, 0.000441421609139, 0.000735334178898, 0.000141819007695, 0.000177952475497, 6.361692067e-05, 0.000303305656416, 7.04803824192e-05, 7.83298892202e-05, 0.000183210766409, 7.04006306478e-05, 0.000110701927042, 9.35258212849e-05, 7.20109164831e-05, 5.88329094171e-05, 3.42800813087e-05, 2.59787811956e-05, 1.95561060536e-05, 1.83456577361e-05, 1.30070729938e-05, 7.67312394601e-06, 3.7593536617e-10],
        "min": [1.84323525332e-08, 9.81116136245e-06, 5.74490741201e-06, 4.47342717962e-05, 0.000112513742351, 5.69867625018e-05, 5.1304000408e-06, 5.55938322577e-06, 2.56993894254e-06, 1.67557561781e-06, 1.12126076601e-06, 2.94691017189e-06, 3.29444560521e-06, 5.74092382521e-07, 2.69513520834e-06, 2.55889494838e-06, 3.3111061839e-06, 1.58333148192e-06, 6.28967711691e-07, 6.30795909728e-07, 1.34575259381e-07, 4.72711008115e-08, 9.55971444228e-08, 1.21350858251e-08, 1.02841575256e-08, 1.01026498278e-09, 8.66976282432e-12],
        "var": [2.94025626069e-09, 4.67093777843e-05, 1.29543468574e-05, 1.99979367608e-05, 2.53091002378e-05, 2.58292548097e-05, 1.83717165783e-05, 3.04940158458e-06, 2.48288379225e-05, 1.67607049661e-05, 6.23528137567e-07, 4.03529611503e-06, 3.92851376319e-07, 9.93125354398e-07, 7.73005467636e-07, 3.30175339514e-07, 1.10781606111e-07, 1.85053252721e-07, 9.6488840029e-08, 1.26474489548e-07, 3.11738865832e-08, 9.18782117054e-09, 8.69348237842e-09, 1.44384264544e-08, 2.62702535281e-08, 2.90664008418e-08, 5.83530950001e-16]
    },
    "erbbands": {
        "dmean": [0.039626955986, 0.730140149593, 1.74382615089, 3.1759660244, 12.503821373, 5.30609464645, 12.3267803192, 13.0705423355, 13.187869072, 10.0532951355, 14.512008667, 19.9715824127, 27.1106681824, 7.47609233856, 6.97059106827, 16.3129997253, 5.82725858688, 8.34170436859, 7.98640966415, 15.0368328094, 5.33738136292, 4.43292427063, 6.78212690353, 4.19650554657, 4.53651666641, 5.15720033646, 2.37157440186, 1.22234201431, 1.08707070351, 0.799237787724, 0.804853022099, 0.850596606731, 0.608612537384, 0.422780275345, 0.351824820042, 0.215351581573, 0.0613955557346, 0.00487678917125, 9.19371886994e-05, 1.23382351376e-05],
        "dmean2": [0.0630035027862, 1.22447860241, 2.70595955849, 5.15743112564, 21.0065326691, 8.5482635498, 17.7819347382, 21.181180954, 19.891002655, 15.3360271454, 22.2718696594, 26.8076019287, 37.8241996765, 10.1893177032, 9.12122344971, 22.2992401123, 8.79753303528, 11.7426700592, 11.6150131226, 21.9268875122, 8.21799468994, 6.56542301178, 10.1723575592, 6.21840524673, 6.71432256699, 7.46026802063, 3.48170995712, 1.77237701416, 1.57825100422, 1.19474029541, 1.21870195866, 1.31530082226, 0.919713973999, 0.652643024921, 0.544329702854, 0.327424198389, 0.0907197147608, 0.00699140317738, 0.000130308326334, 1.77718502528e-05],
        "dvar": [0.00649901898578, 2.84927725792, 14.9722166061, 22.3019313812, 320.358612061, 90.9558792114, 493.396270752, 1700.10876465, 2023.71057129, 875.51574707, 1129.09289551, 4062.3762207, 7968.44287109, 566.915100098, 280.573486328, 1953.28076172, 261.432434082, 902.425292969, 275.67578125, 929.911010742, 284.85925293, 130.636932373, 293.742248535, 55.6041145325, 120.349227905, 169.712402344, 33.5414009094, 8.46994686127, 5.07291555405, 4.29020214081, 2.57918787003, 3.20778036118, 1.59734594822, 0.955141067505, 0.953220069408, 0.446555912495, 0.0349339470267, 0.000211268416024, 7.10775225343e-08, 2.9411120761e-10],
        "dvar2": [0.0173885691911, 8.07801151276, 34.1003952026, 51.051322937, 923.760192871, 256.155761719, 1123.79296875, 4188.76171875, 4473.25585938, 2000.53771973, 2928.48535156, 7215.390625, 16092.0527344, 1136.69165039, 484.089935303, 4144.83056641, 601.551330566, 1770.65991211, 600.643066406, 2122.81982422, 683.686340332, 266.702819824, 581.913574219, 108.091812134, 226.04359436, 322.016906738, 70.837928772, 15.7560548782, 11.8136997223, 9.79254055023, 5.12830352783, 7.0767416954, 3.30426001549, 2.20795845985, 1.8976650238, 0.850551784039, 0.0687007755041, 0.000421810196713, 1.36618623969e-07, 6.02763339241e-10],
        "max": [0.77204233408, 21.3282375336, 55.4648666382, 61.4622116089, 159.141555786, 174.85357666, 449.042510986, 727.30291748, 803.73626709, 451.314910889, 686.979125977, 1146.07299805, 2098.61181641, 725.608581543, 434.945739746, 920.787963867, 313.54397583, 752.28503418, 261.503082275, 596.253112793, 309.781402588, 255.700485229, 442.662445068, 107.054962158, 218.862960815, 266.982452393, 100.098052979, 56.5327606201, 39.1288948059, 59.3539047241, 28.2825946808, 28.226228714, 22.8287525177, 17.3559150696, 24.3444595337, 16.14295578, 5.10235786438, 0.381043374538, 0.00718426657841, 0.00043075386202],
        "mean": [0.0621452406049, 0.978068113327, 2.67152786255, 6.08844518661, 26.5193862915, 14.9993581772, 30.6411075592, 26.6127738953, 28.6581840515, 17.1335372925, 32.901763916, 42.2068061829, 58.4789085388, 17.6158866882, 18.2723636627, 43.7455787659, 13.893532753, 17.4283618927, 17.5802841187, 30.5589504242, 11.1774272919, 9.26260280609, 13.3371772766, 9.91763591766, 9.29234313965, 9.93869972229, 4.70205783844, 3.05088996887, 2.26792812347, 1.38440847397, 1.50976991653, 1.46397638321, 0.906518399715, 0.560038566589, 0.450839519501, 0.263965904713, 0.0770983025432, 0.00607795733958, 0.000131305627292, 4.07679399359e-05],
        "median": [0.0318750068545, 0.41892901063, 1.26572978497, 3.84792494774, 20.3040809631, 13.3082389832, 20.1672229767, 14.2505102158, 11.0373086929, 5.19736337662, 19.8636417389, 7.5566701889, 5.34431362152, 6.14701509476, 6.30780553818, 14.5123720169, 5.7563328743, 4.55536079407, 5.5153427124, 9.26263046265, 5.55651569366, 4.8041100502, 5.12408590317, 4.98183107376, 3.31883239746, 3.08952450752, 2.08623218536, 1.07419359684, 0.978537261486, 0.528497934341, 0.566362977028, 0.44532802701, 0.257972508669, 0.145981550217, 0.0865897536278, 0.0383837595582, 0.0125286541879, 0.00096706621116, 3.87012478313e-05, 3.35480763169e-05],
        "min": [0.000276415317785, 0.00350103946403, 0.0436678826809, 0.177511528134, 0.171616196632, 0.418600380421, 0.515252292156, 0.440426409245, 0.342009216547, 0.185527414083, 0.124570094049, 0.155968844891, 0.108348242939, 0.278573989868, 0.253651440144, 0.123339399695, 0.148766934872, 0.0574644580483, 0.0702434554696, 0.178844124079, 0.277591884136, 0.210637122393, 0.125867411494, 0.105737499893, 0.0253670681268, 0.0311472844332, 0.012224198319, 0.00247676554136, 0.00163988198619, 0.0027578920126, 0.00188294891268, 0.000350652670022, 0.000186320685316, 9.66130101006e-05, 5.77599821554e-05, 1.15198117783e-05, 6.0549364207e-06, 1.03187596778e-06, 2.49332447311e-06, 2.85984310722e-06],
        "var": [0.00876438710839, 3.57214617729, 27.0224685669, 49.4052848816, 535.26373291, 118.077774048, 1080.39794922, 2120.38256836, 4396.04101562, 1655.72412109, 1737.63574219, 15437.0654297, 27775.0292969, 2811.66918945, 1263.70812988, 8056.41748047, 832.388427734, 2857.7421875, 721.397277832, 3017.08984375, 456.360931396, 274.120666504, 613.109863281, 174.542022705, 311.880004883, 384.121429443, 77.8740234375, 31.5879650116, 12.6904277802, 9.1709280014, 7.62959337234, 7.48727989197, 3.49398851395, 1.70365464687, 2.13738536835, 0.997870981693, 0.0749799162149, 0.000413181056501, 1.5042969892e-07, 9.20834797302e-10]
    },
    "gfcc": {
        "mean": [-4.68693685532, 114.863349915, -105.711151123, 30.7448120117, -56.2053794861, 4.23585319519, -45.3884811401, 3.43611359596, -31.7092971802, -0.18900243938, -17.6933059692, -1.3851493597, -10.0473127365],
        "cov": [[3190.0378418, -1522.59106445, -150.126434326, -127.103897095, -382.149047852, 324.050811768, -135.658279419, 513.102783203, -133.890060425, 196.789810181, -177.917984009, 51.8029022217, -136.740066528], [-1522.59106445, 1247.24902344, -203.030181885, 78.5465927124, 289.206359863, -177.255340576, 261.008575439, -289.398193359, 146.558822632, -168.222259521, 179.015213013, -83.7341995239, 98.7479171753], [-150.126434326, -203.030181885, 622.333679199, 43.723072052, 74.7212600708, 44.1308364868, -146.289154053, 16.2929935455, -66.3257141113, 50.0278587341, -81.6647567749, 57.9645004272, -38.7248306274], [-127.103897095, 78.5465927124, 43.723072052, 205.86491394, 31.3374576569, -28.097120285, 21.2582550049, -48.7799720764, 24.3170547485, -4.80295324326, 35.3467330933, 13.2020845413, 47.9417266846], [-382.149047852, 289.206359863, 74.7212600708, 31.3374576569, 237.192871094, -3.09144759178, 59.9867286682, -58.1083946228, 30.3795223236, -16.7863388062, 12.6667423248, -2.57467746735, 7.32634592056], [324.050811768, -177.255340576, 44.1308364868, -28.097120285, -3.09144759178, 164.975250244, 26.002248764, 47.0638885498, -42.5160713196, 17.5708560944, -6.51612520218, 34.5941619873, -20.4169445038], [-135.658279419, 261.008575439, -146.289154053, 21.2582550049, 59.9867286682, 26.002248764, 205.536087036, -40.6911735535, 26.3334350586, -17.8272972107, 78.0094909668, 17.2067222595, 12.6600093842], [513.102783203, -289.398193359, 16.2929935455, -48.7799720764, -58.1083946228, 47.0638885498, -40.6911735535, 208.359710693, 21.7053794861, 45.8554534912, -49.341468811, -13.1006116867, -25.5404167175], [-133.890060425, 146.558822632, -66.3257141113, 24.3170547485, 30.3795223236, -42.5160713196, 26.3334350586, 21.7053794861, 125.530776978, 5.84065532684, 21.3612804413, -23.4840316772, 30.2895526886], [196.789810181, -168.222259521, 50.0278587341, -4.80295324326, -16.7863388062, 17.5708560944, -17.8272972107, 45.8554534912, 5.84065532684, 119.427001953, 11.5242938995, 49.3111152649, -9.92345809937], [-177.917984009, 179.015213013, -81.6647567749, 35.3467330933, 12.6667423248, -6.51612520218, 78.0094909668, -49.341468811, 21.3612804413, 11.5242938995, 124.583244324, 39.7245292664, 28.2252464294], [51.8029022217, -83.7341995239, 57.9645004272, 13.2020845413, -2.57467746735, 34.5941619873, 17.2067222595, -13.1006116867, -23.4840316772, 49.3111152649, 39.7245292664, 121.258758545, 16.3706321716], [-136.740066528, 98.7479171753, -38.7248306274, 47.9417266846, 7.32634592056, -20.4169445038, 12.6600093842, -25.5404167175, 30.2895526886, -9.92345809937, 28.2252464294, 16.3706321716, 71.8995437622]],
        "icov": [[0.00127432274166, 0.00125780934468, 0.000834392267279, -0.000471812993055, 1.63713502843e-05, -0.000856263213791, -0.000446765421657, -0.0013302807929, 0.000317403639201, -0.000166125479154, 0.000192010513274, 0.000131592198159, 0.00055935990531], [0.00125780934468, 0.00827956851572, -0.000648423680104, 0.00252501037903, -0.0045201680623, 0.00364072155207, -0.00583217805251, 0.00349732465111, -0.00349064264446, 0.00489306403324, -0.00618393579498, 0.00516582140699, -0.00385109474882], [0.000834392267279, -0.000648423680104, 0.00384366512299, -0.00220181141049, -0.000648369372357, -0.00206483062357, 0.00314744981006, -0.00191005249508, 0.00161090819165, -0.00148700992577, 0.00257471436635, -0.00281249242835, 0.00300853070803], [-0.000471812993055, 0.00252501037903, -0.00220181141049, 0.00803420133889, -0.00174332014285, 0.00281231338158, -0.0030955078546, 0.00331746554002, -0.00209287763573, 0.00189834134653, -0.00380290090106, 0.0029941033572, -0.00625360058621], [1.63713502843e-05, -0.0045201680623, -0.000648369372357, -0.00174332014285, 0.00897666905075, -0.00316585670225, 0.000891565461643, -0.00131393561605, 0.000289180752588, -0.00306887901388, 0.00482753431424, -0.00244967243634, 0.00273225479759], [-0.000856263213791, 0.00364072155207, -0.00206483062357, 0.00281231338158, -0.00316585670225, 0.0120868571103, -0.00551354978234, 0.0012810244225, 0.000409796775784, 0.00357825867832, -0.00383220752701, 0.00123597157653, -0.00289109884761], [-0.000446765421657, -0.00583217805251, 0.00314744981006, -0.0030955078546, 0.000891565461643, -0.00551354978234, 0.0137464264408, -0.00290028890595, 0.00167009211145, -0.00224186247215, 0.000940315308981, -0.00551671395078, 0.00568633666262], [-0.0013302807929, 0.00349732465111, -0.00191005249508, 0.00331746554002, -0.00131393561605, 0.0012810244225, -0.00290028890595, 0.0125914588571, -0.0062661068514, 0.000914378499147, -0.00191815651488, 0.00430148234591, -0.00255334214307], [0.000317403639201, -0.00349064264446, 0.00161090819165, -0.00209287763573, 0.000289180752588, 0.000409796775784, 0.00167009211145, -0.0062661068514, 0.0151025913656, -0.00494052190334, 0.00187748786993, 0.000568179879338, -0.00268280156888], [-0.000166125479154, 0.00489306403324, -0.00148700992577, 0.00189834134653, -0.00306887901388, 0.00357825867832, -0.00224186247215, 0.000914378499147, -0.00494052190334, 0.0164337735623, -0.00655595492572, -0.00225887354463, 0.000382967758924], [0.000192010513274, -0.00618393579498, 0.00257471436635, -0.00380290090106, 0.00482753431424, -0.00383220752701, 0.000940315308981, -0.00191815651488, 0.00187748786993, -0.00655595492572, 0.0202470440418, -0.00826711580157, 0.00259192637168], [0.000131592198159, 0.00516582140699, -0.00281249242835, 0.0029941033572, -0.00244967243634, 0.00123597157653, -0.00551671395078, 0.00430148234591, 0.000568179879338, -0.00225887354463, -0.00826711580157, 0.0185419544578, -0.00878334697336], [0.00055935990531, -0.00385109474882, 0.00300853070803, -0.00625360058621, 0.00273225479759, -0.00289109884761, 0.00568633666262, -0.00255334214307, -0.00268280156888, 0.000382967758924, 0.00259192637168, -0.00878334697336, 0.0252092387527]]
    },
    "melbands": {
        "dmean": [0.000556530489121, 0.000926806009375, 0.000896741345059, 0.000617087003775, 0.000379165780032, 0.00029914645711, 0.000189976941328, 0.000108931235445, 0.000122122932225, 0.000128883286379, 0.000133870227728, 2.94225937978e-05, 2.39917826548e-05, 4.33910099673e-05, 2.37317362917e-05, 1.17857653095e-05, 1.71214651346e-05, 1.28931687868e-05, 2.05455817195e-05, 1.46003294503e-05, 6.97143241268e-06, 5.31745263288e-06, 5.75810554437e-06, 7.89967816672e-06, 3.3721237287e-06, 3.22235223393e-06, 3.25025530401e-06, 3.66457243217e-06, 1.81284997325e-06, 1.1303637848e-06, 6.64869730826e-07, 7.29619671347e-07, 4.70520689078e-07, 4.61082152015e-07, 4.73634969467e-07, 5.52779056306e-07, 5.49477817913e-07, 4.30627892456e-07, 4.29546645364e-07, 3.46485762748e-07],
        "dmean2": [0.00091505254386, 0.00150923943147, 0.00147201213986, 0.00102280615829, 0.000550382887013, 0.000476553221233, 0.000286206835881, 0.000168672850123, 0.000186903009308, 0.000175455468707, 0.000186447578017, 4.02154037147e-05, 3.24808206642e-05, 5.79920997552e-05, 3.33403004333e-05, 1.73402386281e-05, 2.40876197495e-05, 1.87999175978e-05, 2.97164278891e-05, 2.18717977987e-05, 1.11085473691e-05, 8.14492705103e-06, 8.97813333722e-06, 1.19388178064e-05, 5.05550815433e-06, 4.80920698465e-06, 4.86667067889e-06, 5.40041583008e-06, 2.7842847885e-06, 1.6691944893e-06, 9.73146939032e-07, 1.06204413441e-06, 7.41487951927e-07, 7.05137210844e-07, 7.36473396046e-07, 8.52240134463e-07, 8.53136668866e-07, 6.69301016387e-07, 6.67305300794e-07, 5.44740657915e-07],
        "dvar": [1.53268774739e-06, 4.4198300202e-06, 1.72153067979e-06, 7.28845634512e-07, 4.65170813868e-07, 7.3527354516e-07, 4.24321513037e-07, 9.44825657712e-08, 8.88643967301e-08, 1.51018866745e-07, 2.01122801968e-07, 1.03320276779e-08, 3.82243658947e-09, 1.38561517815e-08, 4.22412327339e-09, 1.53965062921e-09, 3.97871779967e-09, 8.4598394956e-10, 2.0418291502e-09, 1.46385481514e-09, 4.82888840025e-10, 2.33003977224e-10, 1.97794863821e-10, 2.73541383988e-10, 3.67360794562e-11, 6.08561256943e-11, 6.74823252833e-11, 8.83822043329e-11, 2.27634213562e-11, 1.64641338757e-11, 1.88213485595e-12, 2.41141134838e-12, 1.63271306197e-12, 1.42346507845e-12, 9.02015658347e-13, 1.28749734398e-12, 1.35981330363e-12, 8.52279130516e-13, 9.73901731829e-13, 6.80821610026e-13],
        "dvar2": [4.2830683924e-06, 1.10907667477e-05, 4.54842529507e-06, 2.1143430331e-06, 1.06730328753e-06, 1.80183121756e-06, 9.04022215309e-07, 2.20622993652e-07, 2.21642892484e-07, 2.74361099173e-07, 4.0499267584e-07, 2.05012913312e-08, 6.96905511077e-09, 2.62957424724e-08, 9.24591070373e-09, 3.56893048448e-09, 8.07754307885e-09, 1.87110060779e-09, 4.12663103688e-09, 3.60057961224e-09, 1.17443543779e-09, 4.92535290331e-10, 4.34928898452e-10, 5.46556078174e-10, 7.80897776997e-11, 1.11846615303e-10, 1.32058752822e-10, 1.75810269121e-10, 5.45138448271e-11, 3.24184463996e-11, 3.52136679191e-12, 5.4205264409e-12, 4.6358932318e-12, 3.21197278844e-12, 1.92185134994e-12, 2.63112079867e-12, 3.12044769364e-12, 1.85482011694e-12, 2.1439267462e-12, 1.62137501775e-12],
        "max": [0.0136356828734, 0.0286727044731, 0.0135021265596, 0.00828543026, 0.0137352962047, 0.0146727710962, 0.0127198500559, 0.00503264041618, 0.00593961589038, 0.00647600647062, 0.0105512617156, 0.00326338945888, 0.00200917618349, 0.00262342323549, 0.00129021774046, 0.000757660192903, 0.00155921140686, 0.000560083717573, 0.000759206071962, 0.000773201987613, 0.000370519672288, 0.000376239157049, 0.000198168476345, 0.000353332667146, 7.35806679586e-05, 0.000130666448968, 0.000133216075483, 0.000183881318662, 7.37729205866e-05, 0.00011135967361, 2.11465321627e-05, 2.67498999165e-05, 2.88907795039e-05, 3.3140553569e-05, 1.63323438755e-05, 1.81223203981e-05, 1.81902869372e-05, 1.44496652865e-05, 1.4450105482e-05, 1.54699027917e-05],
        "mean": [0.000811160774902, 0.00139390176628, 0.00178121228237, 0.00154132989701, 0.000935966789257, 0.000656427175272, 0.00041220660205, 0.000185605851584, 0.000279915751889, 0.000263279100182, 0.000282991211861, 6.40082653263e-05, 5.42690831935e-05, 0.000112361231004, 6.09906528553e-05, 2.39230685111e-05, 3.37778910762e-05, 2.50449829764e-05, 4.00492463086e-05, 2.81198099401e-05, 1.20160639199e-05, 9.69422308117e-06, 1.04853615994e-05, 1.39299409057e-05, 7.18531055099e-06, 6.37794119029e-06, 6.33893205304e-06, 6.70258896207e-06, 3.2470259157e-06, 2.0342508833e-06, 1.65101266703e-06, 1.46378715726e-06, 8.2545790292e-07, 7.26064513401e-07, 8.15318685454e-07, 9.73873284238e-07, 8.67947505867e-07, 6.35607477761e-07, 5.51818061467e-07, 4.38942578285e-07],
        "median": [0.000360483740224, 0.000647738925181, 0.00128344492987, 0.00127555453219, 0.000670835142955, 0.000384290033253, 0.00015340486425, 6.52444141451e-05, 0.000152662978508, 2.5341856599e-05, 2.24060968321e-05, 2.02208284463e-05, 1.27190887724e-05, 3.49128349626e-05, 2.08866385947e-05, 7.69553389546e-06, 7.64500055084e-06, 7.1806402957e-06, 1.24937523651e-05, 9.09175105335e-06, 6.03466833127e-06, 5.2333525673e-06, 3.50363393409e-06, 5.62010609428e-06, 3.35160871145e-06, 2.42894338953e-06, 1.83500458206e-06, 2.06671097658e-06, 1.32396530717e-06, 6.49664400498e-07, 5.5312710856e-07, 5.61272202049e-07, 3.52821842853e-07, 2.37450095142e-07, 2.95510773185e-07, 3.07001357669e-07, 2.32304117276e-07, 1.70652057818e-07, 1.35963773573e-07, 9.54879197934e-08],
        "min": [2.08457254303e-06, 1.36348317028e-05, 4.27974409831e-05, 7.71066152083e-06, 1.04626215034e-05, 1.06180641524e-05, 2.25385838348e-06, 1.72896170625e-06, 9.9892417893e-07, 4.87196416543e-07, 1.13539861957e-07, 5.8831625438e-07, 3.85906758993e-07, 3.1939970313e-07, 2.68402573056e-07, 3.12963322813e-07, 4.55382718201e-08, 4.91589453588e-08, 1.81913279107e-07, 1.88301541471e-07, 2.00208944534e-07, 1.52432718892e-07, 1.41209824278e-07, 1.11162037797e-07, 7.09036314106e-08, 1.22809833414e-08, 1.9091158876e-08, 1.67259646133e-08, 7.11166903145e-09, 2.4749480243e-09, 7.17214621027e-10, 6.43618103258e-10, 9.85123427277e-10, 1.14997256162e-09, 1.4774834689e-09, 3.13051862211e-10, 1.12592497825e-10, 1.39230113549e-10, 7.15278461461e-11, 1.92514732454e-13],
