{
"highlevel": {
    "danceability": {
        "all": {
            "danceable": 0.0555331297219,
            "not_danceable": 0.944466888905
        },
        "probability": 0.944466888905,
        "value": "not_danceable"
    },
    "gender": {
        "all": {
            "female": 0.190147742629,
            "male": 0.80985224247
        },
        "probability": 0.80985224247,
        "value": "male"
    },
    "genre_dortmund": {
        "all": {
            "alternative": 0.149000480771,
            "blues": 0.098079174757,
            "electronic": 0.0176266971976,
            "folkcountry": 0.0299689266831,
            "funksoulrnb": 0.0134161692113,
            "jazz": 0.153448149562,
            "pop": 0.0246751066297,
            "raphiphop": 0.00506566883996,
            "rock": 0.508719623089
        },
        "probability": 0.508719623089,
        "value": "rock"
    },
    "genre_electronic": {
        "all": {
            "ambient": 0.221243470907,
            "dnb": 0.700884103775,
            "house": 0.0357666797936,
            "techno": 0.00943436101079,
            "trance": 0.0326713770628
        },
        "probability": 0.700884103775,
        "value": "dnb"
    },
    "genre_rosamerica": {
        "all": {
            "cla": 0.0317781940103,
            "dan": 0.0263972040266,
            "hip": 0.0127046275884,
            "jaz": 0.030504995957,
            "pop": 0.0484814606607,
            "rhy": 0.0263075362891,
            "roc": 0.800900280476,
            "spe": 0.02292567119
        },
        "probability": 0.800900280476,
        "value": "roc"
    },
    "genre_tzanetakis": {
        "all": {
            "blu": 0.0626613423228,
            "cla": 0.0348169617355,
            "cou": 0.104475811124,
            "dis": 0.0784321576357,
            "hip": 0.15692435205,
            "jaz": 0.313974827528,
            "met": 0.0448166541755,
            "pop": 0.0627359300852,
            "reg": 0.0627360641956,
            "roc": 0.0784258767962
        },
        "probability": 0.313974827528,
        "value": "jaz"
    },
    "ismir04_rhythm": {
        "all": {
            "ChaChaCha": 0.0355096310377,
            "Jive": 0.111770220101,
            "Quickstep": 0.59851950407,
            "Rumba-American": 0.01293504145,
            "Rumba-International": 0.00987430568784,
            "Rumba-Misc": 0.00504396762699,
            "Samba": 0.10368360579,
            "Tango": 0.0278721582144,
            "VienneseWaltz": 0.0772451683879,
            "Waltz": 0.017546383664
        },
        "probability": 0.59851950407,
        "value": "Quickstep"
    },
    "mood_acoustic": {
        "all": {
            "acoustic": 0.0698545947671,
            "not_acoustic": 0.930145382881
        },
        "probability": 0.930145382881,
        "value": "not_acoustic"
    },
    "mood_aggressive": {
        "all": {
            "aggressive": 0.902495265007,
            "not_aggressive": 0.0975047275424
        },
        "probability": 0.902495265007,
        "value": "aggressive"
    },
    "mood_electronic": {
        "all": {
            "electronic": 0.187366113067,
            "not_electronic": 0.812633872032
        },
        "probability": 0.812633872032,
        "value": "not_electronic"
    },
    "mood_happy": {
        "all": {
            "happy": 0.612293720245,
            "not_happy": 0.387706279755
        },
        "probability": 0.612293720245,
        "value": "happy"
    },
    "mood_party": {
        "all": {
            "not_party": 0.739265561104,
            "party": 0.260734438896
        },
        "probability": 0.739265561104,
        "value": "not_party"
    },
    "mood_relaxed": {
        "all": {
            "not_relaxed": 0.899004995823,
            "relaxed": 0.100995019078
        },
        "probability": 0.899004995823,
        "value": "not_relaxed"
    },
    "mood_sad": {
        "all": {
            "not_sad": 0.9285120368,
            "sad": 0.071487955749
        },
        "probability": 0.9285120368,
        "value": "not_sad"
    },
    "moods_mirex": {
        "all": {
            "Cluster1": 0.403040677309,
            "Cluster2": 0.0669840872288,
            "Cluster3": 0.0432092696428,
            "Cluster4": 0.0562960729003,
            "Cluster5": 0.43046990037
        },
        "probability": 0.43046990037,
        "value": "Cluster5"
    },
    "timbre": {
        "all": {
            "bright": 0.0341561846435,
            "dark": 0.96584379673
        },
        "probability": 0.96584379673,
        "value": "dark"
    },
    "tonal_atonal": {
        "all": {
            "atonal": 0.887357890606,
            "tonal": 0.112642094493
        },
        "probability": 0.887357890606,
        "value": "atonal"
    },
    "voice_instrumental": {
        "all": {
            "instrumental": 0.00297611230053,
            "voice": 0.997023880482
        },
        "probability": 0.997023880482,
        "value": "voice"
    }
},
"lowlevel": {
    "average_loudness": 0.967375993729,
    "barkbands_crest": {
        "dmean": 2.3471736908,
        "dmean2": 3.71102333069,
        "dvar": 5.19036388397,
        "dvar2": 10.9290971756,
        "max": 24.3716316223,
        "mean": 9.7800579071,
        "median": 8.97016811371,
        "min": 2.67489314079,
        "var": 17.3964538574
    },
    "barkbands_flatness_db": {
        "dmean": 0.0205199345946,
        "dmean2": 0.0301460623741,
        "dvar": 0.000457762711449,
        "dvar2": 0.000850266369525,
        "max": 0.363753199577,
        "mean": 0.15931545198,
        "median": 0.151927322149,
        "min": 0.0740589350462,
        "var": 0.00224923132919
    },
    "barkbands_kurtosis": {
        "dmean": 2.61188960075,
        "dmean2": 3.9875562191,
        "dvar": 19.056432724,
        "dvar2": 42.7485809326,
        "max": 54.4419441223,
        "mean": 3.3723385334,
        "median": 0.966183185577,
        "min": -1.79760503769,
        "var": 38.9952430725
    },
    "barkbands_skewness": {
        "dmean": 0.542159557343,
        "dmean2": 0.806502401829,
        "dvar": 0.324388116598,
        "dvar2": 0.710407912731,
        "max": 6.02441549301,
        "mean": 1.41676771641,
        "median": 1.26839232445,
        "min": -2.16881799698,
        "var": 1.22622549534
    },
    "barkbands_spread": {
        "dmean": 5.11819267273,
        "dmean2": 7.58289718628,
        "dvar": 33.9737701416,
        "dvar2": 74.4241790771,
        "max": 83.8943099976,
        "mean": 20.7245101929,
        "median": 20.8571720123,
        "min": 1.32978630066,
        "var": 111.623474121
    },
    "dissonance": {
        "dmean": 0.0173952002078,
        "dmean2": 0.0285924319178,
        "dvar": 0.000347106019035,
        "dvar2": 0.000911512470338,
        "max": 0.499338269234,
        "mean": 0.468225419521,
        "median": 0.475119411945,
        "min": 0.286405205727,
        "var": 0.00075333105633
    },
    "dynamic_complexity": 1.86321353912,
    "erbbands_crest": {
        "dmean": 2.70908689499,
        "dmean2": 4.44038724899,
        "dvar": 6.7791018486,
        "dvar2": 16.4279575348,
        "max": 31.1017398834,
        "mean": 8.56615161896,
        "median": 7.30230236053,
        "min": 2.84188628197,
        "var": 19.6433353424
    },
    "erbbands_flatness_db": {
        "dmean": 0.0162721574306,
        "dmean2": 0.0249752309173,
        "dvar": 0.000302488275338,
        "dvar2": 0.000588747439906,
        "max": 0.381326645613,
        "mean": 0.178042247891,
        "median": 0.166282251477,
        "min": 0.104905061424,
        "var": 0.00219203601591
    },
    "erbbands_kurtosis": {
        "dmean": 0.974066972733,
        "dmean2": 1.5209441185,
        "dvar": 3.34152436256,
        "dvar2": 7.27491855621,
        "max": 34.8751945496,
        "mean": 0.334435433149,
        "median": -0.424718618393,
        "min": -1.71594083309,
        "var": 8.24762153625
    },
    "erbbands_skewness": {
        "dmean": 0.400485336781,
        "dmean2": 0.597597301006,
        "dvar": 0.156032025814,
        "dvar2": 0.32247081399,
        "max": 4.67548418045,
        "mean": 0.109613709152,
        "median": 0.019979391247,
        "min": -2.45103693008,
        "var": 0.5635009408
    },
    "erbbands_spread": {
        "dmean": 8.20307826996,
        "dmean2": 12.627322197,
        "dvar": 82.320892334,
        "dvar2": 188.602264404,
        "max": 118.200286865,
        "mean": 38.392162323,
        "median": 37.6647262573,
        "min": 1.81240677834,
        "var": 289.124664307
    },
    "hfc": {
        "dmean": 6.32770633698,
        "dmean2": 9.25184631348,
        "dvar": 45.8504905701,
        "dvar2": 87.6869354248,
        "max": 78.697593689,
        "mean": 24.833158493,
        "median": 23.3284664154,
        "min": 0.0728444457054,
        "var": 207.792831421
    },
    "melbands_crest": {
        "dmean": 3.38336849213,
        "dmean2": 5.34559249878,
        "dvar": 9.29984092712,
        "dvar2": 21.8638515472,
        "max": 29.9690341949,
        "mean": 14.7349319458,
        "median": 14.3919944763,
        "min": 2.85095334053,
        "var": 29.1140842438
    },
    "melbands_flatness_db": {
        "dmean": 0.0264374874532,
        "dmean2": 0.0372033789754,
        "dvar": 0.000826674513519,
        "dvar2": 0.00151610630564,
        "max": 0.442102581263,
        "mean": 0.191613599658,
        "median": 0.188839539886,
        "min": 0.0317656323314,
        "var": 0.00383061426692
    },
    "melbands_kurtosis": {
        "dmean": 5.95338487625,
        "dmean2": 9.22258472443,
        "dvar": 99.3330535889,
        "dvar2": 236.24130249,
        "max": 136.919006348,
        "mean": 11.1167087555,
        "median": 6.50420951843,
        "min": -1.69129419327,
        "var": 191.448410034
    },
    "melbands_skewness": {
        "dmean": 0.700930833817,
        "dmean2": 1.05001914501,
        "dvar": 0.548793137074,
        "dvar2": 1.21632432938,
        "max": 9.55741882324,
        "mean": 2.48831748962,
        "median": 2.32198834419,
        "min": -2.24116897583,
        "var": 2.30388236046
    },
    "melbands_spread": {
        "dmean": 7.38605117798,
        "dmean2": 11.1845598221,
        "dvar": 112.924827576,
        "dvar2": 247.90852356,
        "max": 167.349609375,
        "mean": 23.4053134918,
        "median": 20.8116035461,
        "min": 1.66576755047,
        "var": 279.54083252
    },
    "pitch_salience": {
        "dmean": 0.0729274079204,
        "dmean2": 0.115225590765,
        "dvar": 0.00448026088998,
        "dvar2": 0.00975498277694,
        "max": 0.859391689301,
        "mean": 0.557138621807,
        "median": 0.554774582386,
        "min": 0.182580411434,
        "var": 0.0138172302395
    },
    "silence_rate_20dB": {
        "dmean": 0,
        "dmean2": 0,
        "dvar": 0,
        "dvar2": 0,
        "max": 1,
        "mean": 1,
        "median": 1,
        "min": 1,
        "var": 0
    },
    "silence_rate_30dB": {
        "dmean": 0,
        "dmean2": 0,
        "dvar": 0,
        "dvar2": 0,
        "max": 1,
        "mean": 1,
        "median": 1,
        "min": 1,
        "var": 0
    },
    "silence_rate_60dB": {
        "dmean": 0.0232198145241,
        "dmean2": 0.0464756004512,
        "dvar": 0.022680722177,
        "dvar2": 0.0520612858236,
        "max": 1,
        "mean": 0.0533642694354,
        "median": 0,
        "min": 0,
        "var": 0.05051676929
    },
    "spectral_centroid": {
        "dmean": 268.971435547,
        "dmean2": 399.24206543,
        "dvar": 90190.171875,
        "dvar2": 190200.734375,
        "max": 4332.33740234,
        "mean": 1306.03613281,
        "median": 1260.82202148,
        "min": 224.1224823,
        "var": 341186.5625
    },
    "spectral_complexity": {
        "dmean": 4.90557289124,
        "dmean2": 7.08675432205,
        "dvar": 24.7371959686,
        "dvar2": 44.4959831238,
        "max": 53,
        "mean": 23.8375873566,
        "median": 24,
        "min": 0,
        "var": 128.48097229
    },
    "spectral_decrease": {
        "dmean": 1.81983905723e-09,
        "dmean2": 2.88856671915e-09,
        "dvar": 3.31255994787e-18,
        "dvar2": 8.09136163799e-18,
        "max": -2.08801934076e-11,
        "mean": -8.62729976348e-09,
        "median": -8.96673135742e-09,
        "min": -2.13901341084e-08,
        "var": 1.56683310859e-17
    },
    "spectral_energy": {
        "dmean": 0.0071900007315,
        "dmean2": 0.0114109087735,
        "dvar": 5.14197308803e-05,
        "dvar2": 0.000123301200802,
        "max": 0.0833286568522,
        "mean": 0.034813888371,
        "median": 0.0363234654069,
        "min": 8.59457504703e-05,
        "var": 0.00024487284827
    },
    "spectral_energyband_high": {
        "dmean": 0.00033825187711,
        "dmean2": 0.000485094642499,
        "dvar": 3.19715184105e-07,
        "dvar2": 5.83785435992e-07,
        "max": 0.00868033803999,
        "mean": 0.000802154594567,
        "median": 0.000476060929941,
        "min": 7.16993397987e-08,
        "var": 1.11952078896e-06
    },
    "spectral_energyband_low": {
        "dmean": 0.00347596360371,
        "dmean2": 0.00534040806815,
        "dvar": 1.85922453966e-05,
        "dvar2": 3.9562353777e-05,
        "max": 0.0485043525696,
        "mean": 0.0108805214986,
        "median": 0.00874564051628,
        "min": 7.48902766645e-06,
        "var": 8.90443698154e-05
    },
    "spectral_energyband_middle_high": {
        "dmean": 0.00276758871041,
        "dmean2": 0.00406734226272,
        "dvar": 1.06710285763e-05,
        "dvar2": 2.26317151828e-05,
        "max": 0.0412370450795,
        "mean": 0.00780699122697,
        "median": 0.00625000195578,
        "min": 2.03050494747e-05,
        "var": 4.30557738582e-05
    },
    "spectral_energyband_middle_low": {
        "dmean": 0.00618761498481,
        "dmean2": 0.00991068594158,
        "dvar": 4.94994419569e-05,
        "dvar2": 0.000123527483083,
        "max": 0.0664553940296,
        "mean": 0.0166341718286,
        "median": 0.0146232005209,
        "min": 3.10578107019e-05,
        "var": 0.000123787351185
    },
    "spectral_entropy": {
        "dmean": 0.156579017639,
        "dmean2": 0.224402606487,
        "dvar": 0.0392120927572,
        "dvar2": 0.0742302983999,
        "max": 8.53300094604,
        "mean": 7.57157993317,
        "median": 7.63009786606,
        "min": 5.52234220505,
        "var": 0.147498801351
    },
    "spectral_flux": {
        "dmean": 0.0230183918029,
        "dmean2": 0.0352743305266,
        "dvar": 0.000493485422339,
        "dvar2": 0.00106618145946,
        "max": 0.213720187545,
        "mean": 0.0920882299542,
        "median": 0.0893146321177,
        "min": 0.00557216862217,
        "var": 0.00140166655183
    },
    "spectral_kurtosis": {
        "dmean": 1.79908514023,
        "dmean2": 2.99214887619,
        "dvar": 6.27984476089,
        "dvar2": 15.1907176971,
        "max": 39.2189826965,
        "mean": 3.98108553886,
        "median": 3.17839860916,
        "min": -0.438657283783,
        "var": 12.1640977859
    },
    "spectral_rms": {
        "dmean": 0.000624422507826,
        "dmean2": 0.000970705994405,
        "dvar": 3.53786276719e-07,
        "dvar2": 7.63843672758e-07,
        "max": 0.00901644304395,
        "mean": 0.00558984279633,
        "median": 0.00595294265077,
        "min": 0.00028956780443,
        "var": 2.71839917332e-06
    },
    "spectral_rolloff": {
        "dmean": 460.663787842,
        "dmean2": 752.712219238,
        "dvar": 586332.25,
        "dvar2": 1331963,
        "max": 8893.21289062,
        "mean": 1445.93859863,
        "median": 1399.65820312,
        "min": 150.732421875,
        "var": 1120485
    },
    "spectral_skewness": {
        "dmean": 0.239146992564,
        "dmean2": 0.373652517796,
        "dvar": 0.075536288321,
        "dvar2": 0.155437916517,
        "max": 4.81645011902,
        "mean": 1.36209654808,
        "median": 1.29847836494,
        "min": 0.080522172153,
        "var": 0.2483381778
    },
    "spectral_spread": {
        "dmean": 433490.6875,
        "dmean2": 674690.0625,
        "dvar": 351486607360,
        "dvar2": 673507311616,
        "max": 14311962,
        "mean": 3845924.25,
        "median": 3855593.5,
        "min": 1339323.125,
        "var": 793284509696
    },
    "spectral_strongpeak": {
        "dmean": 0.512505412102,
        "dmean2": 0.872264504433,
        "dvar": 0.842025637627,
        "dvar2": 2.27180504799,
        "max": 9.14450740814,
        "mean": 0.998234570026,
        "median": 0.652374386787,
        "min": 0.00537174660712,
        "var": 1.37324929237
    },
    "zerocrossingrate": {
        "dmean": 0.00896933395416,
        "dmean2": 0.0104388557374,
        "dvar": 0.000119563344924,
        "dvar2": 0.000146591308294,
        "max": 0.26904296875,
        "mean": 0.0535882078111,
        "median": 0.05078125,
        "min": 0.00732421875,
        "var": 0.000695689581335
    },
    "barkbands": {
        "dmean": [4.29049077866e-06, 0.000622593448497, 0.00274762953632, 0.00224503269419, 0.00295136263594, 0.00171901565045, 0.00162859982811, 0.000817730790004, 0.000793510465883, 0.000711740518454, 0.000377370772185, 0.000436485424871, 0.000507365737576, 0.000805301300716, 0.000682202226017, 0.000357612763764, 0.000372481561499, 0.00025424422347, 0.000182955001947, 0.000183989162906, 0.000113338050141, 0.000112017609354, 6.42716258881e-05, 3.09109709633e-05, 1.40130387081e-05, 1.29867066789e-06, 2.14875650606e-09],
        "dmean2": [6.99893371348e-06, 0.00103868392762, 0.00402684602886, 0.00393666187301, 0.004900500644, 0.00281433248892, 0.00254781823605, 0.00135344162118, 0.00121830450371, 0.00116642971989, 0.000601062725764, 0.000690168701112, 0.000776003813371, 0.00125361187384, 0.00109008024447, 0.000565887719858, 0.000574744190089, 0.000399969751015, 0.000295101082884, 0.000293140037684, 0.000175469380338, 0.000165721357916, 9.75468647084e-05, 4.84909687657e-05, 2.21054979193e-05, 2.11016526919e-06, 3.20420912026e-09],
        "dvar": [8.07414968218e-11, 5.99331826834e-07, 1.39471721923e-05, 1.76392313733e-05, 1.42692051668e-05, 6.22857578492e-06, 6.5646981966e-06, 2.48512014878e-06, 2.08114920497e-06, 1.97001713786e-06, 4.08236900284e-07, 6.341180665e-07, 1.35967832193e-06, 2.41146790358e-06, 1.40590464071e-06, 3.49985810999e-07, 4.61390186501e-07, 1.10229564143e-07, 5.85047459367e-08, 7.83501619139e-08, 3.0088983749e-08, 4.6840209933e-08, 1.93218987476e-08, 4.96701213493e-09, 1.75651726497e-09, 8.69310352869e-12, 5.0025146472e-16],
        "dvar2": [1.26226432084e-10, 1.69466727584e-06, 2.55846207438e-05, 5.08090342919e-05, 3.73813381884e-05, 1.58305228979e-05, 1.5029284441e-05, 5.93530194237e-06, 3.71044825442e-06, 4.87732859256e-06, 9.11561926387e-07, 1.44909972732e-06, 3.06528841065e-06, 5.69933399674e-06, 3.38658037435e-06, 8.6166409119e-07, 1.06269988009e-06, 2.45524915954e-07, 1.48165739233e-07, 2.03909976904e-07, 6.86388119675e-08, 8.45776000347e-08, 4.36656293346e-08, 1.0363564229e-08, 4.36814984184e-09, 2.08703210963e-11, 5.05316986442e-16],
        "max": [0.000255811319221, 0.00600539706647, 0.0448127388954, 0.0539228990674, 0.039256721735, 0.0329023003578, 0.0326630994678, 0.0216822624207, 0.0345312096179, 0.0175498593599, 0.01011032518, 0.0146349333227, 0.0237393248826, 0.0268611982465, 0.0129364887252, 0.0103316018358, 0.00915751419961, 0.0041508404538, 0.00286582252011, 0.00401159236208, 0.00286645372398, 0.0040934686549, 0.00259964121506, 0.00139982427936, 0.000966048857663, 5.32134181412e-05, 6.94089180797e-07],
        "mean": [4.79530808661e-06, 0.0012911191443, 0.00844051968306, 0.00308768404648, 0.0053754481487, 0.00277330144309, 0.00254826061428, 0.00110112759285, 0.00147069967352, 0.00116336671636, 0.000593765231315, 0.000755351153202, 0.000769147882238, 0.00129820755683, 0.00110846932512, 0.000615081808064, 0.000571827229578, 0.000488622521516, 0.000337327772286, 0.000366705877241, 0.000229720259085, 0.000229619632591, 0.000113741312816, 5.57806488359e-05, 2.21082718781e-05, 2.09554809771e-06, 1.94436644563e-09],
        "median": [2.28774683819e-06, 0.00104342028499, 0.00560245197266, 0.00102719280403, 0.00409086095169, 0.00174360105302, 0.00127748330124, 0.000462635711301, 0.000674089882523, 0.000404184567742, 0.000260686967522, 0.000319705432048, 0.000282705208519, 0.000468845595606, 0.000478830916109, 0.000321218831232, 0.00026779124164, 0.000338802172337, 0.000232877413509, 0.000212364248, 0.000140585107147, 0.0001151283941, 5.64471665712e-05, 3.31320188707e-05, 1.21352923088e-05, 1.26947497847e-06, 4.56473164823e-10],
        "min": [8.55044834935e-09, 1.47667478245e-07, 1.26854388327e-06, 1.71002375282e-06, 5.0314974942e-07, 6.56784607145e-07, 7.71680220168e-07, 6.12607777839e-07, 1.94423364519e-06, 2.53104258263e-06, 1.66714949046e-06, 3.0105429687e-06, 8.69859832164e-07, 3.70497900803e-07, 2.59968544469e-07, 2.27219913995e-07, 2.08608582852e-07, 6.41772075483e-08, 3.60406957611e-08, 2.28337686536e-08, 1.28988473236e-08, 1.13160991688e-08, 1.79525656563e-08, 8.30545321406e-09, 4.75910155728e-09, 1.74065983849e-10, 1.28205553812e-11],
        "var": [9.36891675352e-11, 1.24767200305e-06, 7.16487047612e-05, 2.43948343268e-05, 2.81740631181e-05, 1.05725966932e-05, 1.44506620927e-05, 3.50265167981e-06, 7.58009491619e-06, 4.37635480921e-06, 9.72884095063e-07, 1.6996211798e-06, 2.95116228699e-06, 6.25419761491e-06, 2.67654354502e-06, 8.61726391577e-07, 7.07628089458e-07, 2.59501177879e-07, 1.25142378238e-07, 1.90508131936e-07, 8.11741998064e-08, 1.60720901476e-07, 4.21059596079e-08, 7.59033191855e-09, 1.76472936264e-09, 1.00372184522e-11, 5.00131609558e-16]
    },
    "erbbands": {
        "dmean": [0.00502616539598, 0.216526567936, 2.54659676552, 4.89044713974, 8.91292476654, 11.2087879181, 11.467543602, 15.0556154251, 19.2094573975, 22.8093185425, 18.662858963, 19.2942008972, 19.759513855, 19.2449836731, 13.861743927, 16.7318191528, 21.9130554199, 26.344379425, 48.3679237366, 23.9492950439, 19.9773521423, 16.3710689545, 13.5081529617, 10.3184232712, 9.87789440155, 7.24282932281, 5.25195932388, 4.47108840942, 4.40107679367, 2.77243733406, 1.72745215893, 0.872891008854, 0.437808096409, 0.219109803438, 0.0655935555696, 0.011780613102, 0.00140542956069, 6.54503892292e-05, 5.53160180061e-06, 8.33863668959e-06],
        "dmean2": [0.00838014483452, 0.35022354126, 3.64341020584, 8.34923267365, 14.9065084457, 18.600019455, 19.0862064362, 24.335729599, 31.1109294891, 35.6095314026, 30.328584671, 29.9216690063, 32.4192466736, 30.4217624664, 21.3997001648, 25.937789917, 33.563369751, 40.7079048157, 76.3702011108, 37.8088607788, 31.0210857391, 25.054807663, 21.2041244507, 16.3880462646, 15.7597894669, 11.4820108414, 8.01621437073, 6.89233398438, 6.49969434738, 4.16233968735, 2.6487030983, 1.36335241795, 0.687004983425, 0.346076250076, 0.104900620878, 0.0185624212027, 0.0022538639605, 0.000104998485767, 8.42507051857e-06, 1.32304194267e-05],
        "dvar": [5.90144918533e-05, 0.0628335848451, 10.9386940002, 60.244304657, 195.825271606, 212.496124268, 345.629486084, 545.796875, 1042.57873535, 1760.8112793, 1575.03771973, 1109.92565918, 1801.38549805, 1070.56811523, 688.720031738, 884.032531738, 2728.53710938, 2695.98828125, 6255.95410156, 1910.97363281, 938.106811523, 762.847106934, 315.603424072, 173.284088135, 190.953186035, 128.180999756, 72.9144592285, 49.2393951416, 71.6373291016, 38.2016448975, 13.370721817, 3.43766546249, 1.19169378281, 0.437661379576, 0.0352608151734, 0.000815231935121, 8.24571634439e-06, 1.50469521287e-08, 5.50994215531e-11, 6.8489207361e-11],
        "dvar2": [0.000153877757839, 0.161487355828, 19.4643516541, 170.042861938, 510.560791016, 549.239501953, 947.254150391, 1353.4934082, 2567.16699219, 3605.91870117, 3605.95727539, 2087.60424805, 4200.97265625, 2647.59106445, 1465.93640137, 1986.37524414, 6103.68261719, 6444.88964844, 14709.0625, 4515.72167969, 2166.74609375, 1707.18395996, 696.219299316, 429.445587158, 511.940979004, 313.606323242, 169.46333313, 109.546936035, 137.29675293, 85.7766647339, 29.5765209198, 7.25546455383, 2.6087884903, 1.05109369755, 0.0902513489127, 0.0019744404126, 2.04923471756e-05, 3.66420813691e-08, 1.13162632043e-10, 1.57913793153e-10],
        "max": [0.0715826526284, 2.17111968994, 39.3680114746, 94.0952911377, 165.453109741, 192.350784302, 289.588104248, 287.243041992, 410.382995605, 569.604125977, 684.744445801, 641.954162598, 561.747680664, 465.118896484, 528.695373535, 725.013793945, 915.803710938, 978.769287109, 976.963623047, 825.550354004, 331.984619141, 428.027740479, 187.411636353, 154.622940063, 178.293579102, 183.813140869, 136.039291382, 152.727508545, 149.634597778, 114.539474487, 54.0469017029, 32.7297134399, 21.2935676575, 15.7862234116, 3.69478964806, 0.578418910503, 0.0479213558137, 0.00192751479335, 0.000120014941785, 9.33063347475e-05],
        "mean": [0.0104033127427, 0.559663116932, 8.09457111359, 9.58859920502, 15.360704422, 19.1770648956, 20.2232971191, 22.638835907, 30.7673130035, 33.3132019043, 28.9626541138, 37.0353393555, 31.2689723969, 34.0437088013, 24.6792602539, 30.4464569092, 35.4762496948, 45.754573822, 82.5796127319, 42.9164619446, 37.1660232544, 28.4826927185, 25.4410018921, 20.116941452, 18.9240264893, 15.0146856308, 10.6212215424, 9.14675617218, 8.68120002747, 5.29838275909, 2.97230005264, 1.546225667, 0.753639519215, 0.346194416285, 0.10258077085, 0.0195438954979, 0.00236732768826, 0.000102968268038, 2.39418168348e-05, 4.19734824391e-05],
        "median": [0.00901577156037, 0.505196750164, 5.89714622498, 7.03635931015, 8.86679172516, 13.0192575455, 11.4983873367, 14.6284761429, 15.7788820267, 16.369096756, 13.2202796936, 17.42710495, 12.4582986832, 16.2752990723, 11.5666303635, 14.058175087, 15.0934114456, 19.547542572, 41.0025215149, 22.8867721558, 21.4951782227, 15.952747345, 16.888961792, 13.7674913406, 12.508895874, 9.35636043549, 6.47951841354, 5.28335094452, 4.21629190445, 2.5249607563, 1.51340162754, 0.905376672745, 0.430727124214, 0.1890835464, 0.0599624738097, 0.0124740730971, 0.00143497250974, 5.9930527641e-05, 2.35319021158e-05, 4.37340131612e-05],
        "min": [9.17147917789e-06, 0.000143541474245, 0.00195031252224, 0.00561927631497, 0.00197320245206, 0.0018271531444, 0.00169633340556, 0.00658474257216, 0.0185997225344, 0.0332419350743, 0.0290016438812, 0.0515154525638, 0.109245344996, 0.0937026888132, 0.176617398858, 0.0877595469356, 0.0620278306305, 0.0362903513014, 0.0173698235303, 0.0150409126654, 0.0134354103357, 0.012201089412, 0.00519271241501, 0.00210028025322, 0.00191324891057, 0.00122547894716, 0.000576203106903, 0.000547692412511, 0.000442178512458, 0.000391705369111, 0.000406070175814, 0.000170176572283, 0.000107828782347, 6.00439634582e-05, 3.0256647733e-05, 5.86917667533e-06, 2.82455062006e-07, 3.25774465182e-08, 5.31450794483e-08, 1.03880395841e-07],
        "var": [8.5287996626e-05, 0.202456608415, 59.4944229126, 107.985061646, 363.826385498, 490.812927246, 632.344970703, 814.920166016, 2051.05249023, 3220.34570312, 3005.29003906, 4190.22021484, 2918.95898438, 2605.44189453, 1794.85205078, 2529.58789062, 5428.39453125, 6168.06591797, 13649.2265625, 3895.60644531, 2151.02099609, 1282.34570312, 703.610534668, 419.36819458, 408.772613525, 322.206604004, 165.836196899, 149.277908325, 223.571365356, 104.53793335, 26.1234283447, 5.68933057785, 1.57392346859, 0.462240844965, 0.0336874499917, 0.000919505313504, 1.02103003883e-05, 1.83346422489e-08, 1.54269444441e-10, 3.35606070712e-10]
    },
    "gfcc": {
        "mean": [7.83270215988, 113.75289917, -144.392807007, 45.8111991882, -69.026763916, 11.2416687012, -43.4924316406, -2.75962233543, -21.2377243042, -7.61500835419, -15.2144098282, -14.2988557816, -8.31172084808],
        "cov": [[4568.08496094, -394.234405518, 99.001411438, 559.404296875, -45.7200279236, -67.5247192383, -366.586242676, 90.391494751, -79.7858276367, 175.715744019, -184.774307251, -4.22105026245, -9.91110134125], [-394.234405518, 741.883117676, 203.155288696, -160.172592163, 217.021194458, -55.7664031982, 75.623008728, -70.7674484253, 17.2371463776, -92.7523422241, 38.1065368652, -52.1500778198, 0.0471418648958], [99.001411438, 203.155288696, 667.612915039, 238.053405762, -9.16953372955, 18.3257274628, -55.9705276489, 25.7826824188, -49.0836029053, -14.9369163513, -37.6479911804, -17.0069408417, -66.5019989014], [559.404296875, -160.172592163, 238.053405762, 407.235595703, -4.97391557693, -3.00750875473, -72.8867263794, 48.3776855469, 4.66919755936, 37.1221199036, -26.8014678955, 3.11043477058, -16.6080493927], [-45.7200279236, 217.021194458, -9.16953372955, -4.97391557693, 246.675598145, 54.6817741394, 35.1954956055, -20.0746688843, 0.393320441246, -0.271951079369, 12.6474514008, -29.6521987915, -4.04571008682], [-67.5247192383, -55.7664031982, 18.3257274628, -3.00750875473, 54.6817741394, 183.03793335, 65.7228088379, 4.9325799942, -42.0167045593, 14.7985572815, -5.26674985886, -15.8903017044, -28.8675632477], [-366.586242676, 75.623008728, -55.9705276489, -72.8867263794, 35.1954956055, 65.7228088379, 167.817138672, 3.53736662865, -16.5263271332, -27.0411434174, 27.9478244781, -15.1258802414, -13.4113168716], [90.391494751, -70.7674484253, 25.7826824188, 48.3776855469, -20.0746688843, 4.9325799942, 3.53736662865, 102.741096497, 21.9848709106, 13.065788269, -23.5622768402, 2.43753266335, -7.89847898483], [-79.7858276367, 17.2371463776, -49.0836029053, 4.66919755936, 0.393320441246, -42.0167045593, -16.5263271332, 21.9848709106, 90.0516433716, 23.7842121124, 5.1169462204, -10.2497262955, 6.39589166641], [175.715744019, -92.7523422241, -14.9369163513, 37.1221199036, -0.271951079369, 14.7985572815, -27.0411434174, 13.065788269, 23.7842121124, 101.921134949, 14.9988613129, 2.53777694702, -9.04888057709], [-184.774307251, 38.1065368652, -37.6479911804, -26.8014678955, 12.6474514008, -5.26674985886, 27.9478244781, -23.5622768402, 5.1169462204, 14.9988613129, 71.6926116943, 14.9215259552, -0.303881138563], [-4.22105026245, -52.1500778198, -17.0069408417, 3.11043477058, -29.6521987915, -15.8903017044, -15.1258802414, 2.43753266335, -10.2497262955, 2.53777694702, 14.9215259552, 69.9810028076, 31.5070743561], [-9.91110134125, 0.0471418648958, -66.5019989014, -16.6080493927, -4.04571008682, -28.8675632477, -13.4113168716, -7.89847898483, 6.39589166641, -9.04888057709, -0.303881138563, 31.5070743561, 72.7331542969]],
        "icov": [[0.000459819682874, -0.000693835318089, 0.000772143015638, -0.000961781828664, 0.000498845241964, -7.27756341803e-05, 0.000882882217411, -0.000412935012719, 0.00143340544309, -0.00112962746061, 0.00117280124687, -4.99239686178e-05, 0.000426239246735], [-0.000693835318089, 0.00762727251276, -0.00549485022202, 0.00531058665365, -0.00655724015087, 0.00389178399928, -0.0037217780482, 0.00264347274788, -0.00538652762771, 0.00501571921632, -0.00420913146809, 0.00264488952234, -0.00319588347338], [0.000772143015638, -0.00549485022202, 0.00643318798393, -0.00535863917321, 0.00461902981624, -0.00255343597382, 0.00363355316222, -0.00219045090489, 0.00563325872645, -0.00325446552597, 0.00382755906321, -0.00184201891534, 0.00435648905113], [-0.000961781828664, 0.00531058665365, -0.00535863917321, 0.00786370690912, -0.00469061918557, 0.00229845382273, -0.00224449275993, 0.000767752062529, -0.00499336142093, 0.00323211448267, -0.00368027202785, 0.00142628408503, -0.00270960456692], [0.000498845241964, -0.00655724015087, 0.00461902981624, -0.00469061918557, 0.0104906419292, -0.0050246976316, 0.0028505444061, -0.00142424262594, 0.00373135670088, -0.0038155305665, 0.0021713192109, 4.99012494402e-05, 0.00136929820292], [-7.27756341803e-05, 0.00389178399928, -0.00255343597382, 0.00229845382273, -0.0050246976316, 0.0110113183036, -0.00506616011262, 0.000949900073465, 0.00205054087564, -0.00124472891912, 0.00109479494859, 0.00127938948572, 0.000552764104214], [0.000882882217411, -0.0037217780482, 0.00363355316222, -0.00224449275993, 0.0028505444061, -0.00506616011262, 0.0125515786931, -0.00438477611169, 0.00464900955558, 0.000508671044372, -0.00264191860333, 0.00156284088735, 0.00188493926544], [-0.000412935012719, 0.00264347274788, -0.00219045090489, 0.000767752062529, -0.00142424262594, 0.000949900073465, -0.00438477611169, 0.0145092746243, -0.00678947661072, 0.000450719089713, 0.0044714496471, -0.00293122092262, 0.00112101947889], [0.00143340544309, -0.00538652762771, 0.00563325872645, -0.00499336142093, 0.00373135670088, 0.00205054087564, 0.00464900955558, -0.00678947661072, 0.0226988773793, -0.00861211214215, 0.00250055943616, 0.00375472288579, 0.000667047046591], [-0.00112962746061, 0.00501571921632, -0.00325446552597, 0.00323211448267, -0.0038155305665, -0.00124472891912, 0.000508671044372, 0.000450719089713, -0.00861211214215, 0.0181774850935, -0.00897271186113, 0.00113322236575, -0.000467897334602], [0.00117280124687, -0.00420913146809, 0.00382755906321, -0.00368027202785, 0.0021713192109, 0.00109479494859, -0.00264191860333, 0.0044714496471, 0.00250055943616, -0.00897271186113, 0.0256442800164, -0.00903517287225, 0.00606041867286], [-4.99239686178e-05, 0.00264488952234, -0.00184201891534, 0.00142628408503, 4.99012494402e-05, 0.00127938948572, 0.00156284088735, -0.00293122092262, 0.00375472288579, 0.00113322236575, -0.00903517287225, 0.0241434834898, -0.0115722175688], [0.000426239246735, -0.00319588347338, 0.00435648905113, -0.00270960456692, 0.00136929820292, 0.000552764104214, 0.00188493926544, 0.00112101947889, 0.000667047046591, -0.000467897334602, 0.00606041867286, -0.0115722175688, 0.0228598341346]]
    },
    "melbands": {
        "dmean": [9.82151686912e-05, 0.000955650291871, 0.000909381487872, 0.000735487905331, 0.000384028098779, 0.00033017975511, 0.000308489456074, 0.000227867887588, 0.00015304495173, 0.000118036456115, 0.000102097736089, 8.25013557915e-05, 4.75985470985e-05, 4.96942957398e-05, 4.22047669417e-05, 5.23327180417e-05, 5.40323089808e-05, 8.82675522007e-05, 4.61885902041e-05, 2.74854282907e-05, 2.67717114184e-05, 2.1132571419e-05, 1.38039431476e-05, 1.24300886455e-05, 8.63845343702e-06, 7.07137860445e-06, 8.79087019712e-06, 4.49047274742e-06, 3.91935918742e-06, 2.94698247671e-06, 2.6115401397e-06, 2.97159022011e-06, 1.93004689208e-06, 1.4801821635e-06, 1.10990163193e-06, 7.46399962281e-07, 4.87845284169e-07, 3.43248501622e-07, 2.38576518541e-07, 1.75563641847e-07],
        "dmean2": [0.000164097305969, 0.00140006118454, 0.00153256102931, 0.00122297508642, 0.000636115844827, 0.000534627761226, 0.000492260965984, 0.000359277619282, 0.000246501993388, 0.000183665411896, 0.000167128979228, 0.000130099113449, 7.38910966902e-05, 7.97172906459e-05, 6.48586283205e-05, 8.05733798188e-05, 8.42582667246e-05, 0.000139192430652, 7.34555505915e-05, 4.35732436017e-05, 4.17701630795e-05, 3.26541630784e-05, 2.21399550355e-05, 1.98932903004e-05, 1.39465519169e-05, 1.13241912914e-05, 1.44299165186e-05, 7.13827603249e-06, 6.04909382673e-06, 4.6517507144e-06, 4.08309688282e-06, 4.50136440122e-06, 2.94750543617e-06, 2.29051738643e-06, 1.72924831077e-06, 1.18243997349e-06, 7.8710473872e-07, 5.52339372462e-07, 3.72511749447e-07, 2.82049001044e-07],
        "dvar": [1.7049300638e-08, 1.47129253492e-06, 2.1467778879e-06, 9.01362113837e-07, 3.20069375448e-07, 2.49009502795e-07, 2.36170237145e-07, 1.62739794973e-07, 1.21428556099e-07, 3.76528426216e-08, 4.73253329858e-08, 2.0738363915e-08, 6.63345600671e-09, 8.72655814277e-09, 7.81097941882e-09, 1.46097143272e-08, 1.38195144217e-08, 2.36212294169e-08, 6.46220987832e-09, 2.87484414052e-09, 1.8447255945e-09, 1.46531442535e-09, 3.78828829417e-10, 3.22928156438e-10, 1.29824276329e-10, 1.03058658829e-10, 1.92371577001e-10, 5.81704337477e-11, 4.17960215049e-11, 1.82012651478e-11, 1.95684284748e-11, 3.67812481861e-11, 1.56119197431e-11, 1.22054085588e-11, 5.59272897091e-12, 2.65628599845e-12, 1.05553684283e-12, 7.02241108146e-13, 4.05858777575e-13, 2.99728883206e-13],
        "dvar2": [4.77516088893e-08, 2.69721181212e-06, 5.97720918449e-06, 2.30982163885e-06, 9.05320746369e-07, 6.25473660421e-07, 5.75355670662e-07, 3.32872701847e-07, 2.56992535697e-07, 7.29417095613e-08, 1.1115120202e-07, 5.19145935129e-08, 1.42257920999e-08, 2.02297254503e-08, 1.61620388184e-08, 3.16594750416e-08, 3.39249304204e-08, 5.53910943779e-08, 1.53242432077e-08, 7.39113525938e-09, 4.33708713388e-09, 3.3263896082e-09, 8.7409801619e-10, 7.49854012216e-10, 3.29118565734e-10, 2.70028610583e-10, 5.33510624567e-10, 1.4023572581e-10, 1.02545229252e-10, 4.27516598511e-11, 4.39917824391e-11, 7.57932883122e-11, 3.20996978997e-11, 2.92609859953e-11, 1.2547068419e-11, 5.94563070652e-12, 2.19100410558e-12, 1.5751139542e-12, 9.02562475712e-13, 7.47495002094e-13],
        "max": [0.00110181327909, 0.0142071638256, 0.018064180389, 0.0111328028142, 0.00753548974171, 0.00551973981783, 0.00576872052625, 0.00498431036249, 0.00704416260123, 0.00346674444154, 0.00270934728906, 0.00225551566109, 0.00152539566625, 0.00146228005178, 0.00209130789153, 0.00303384964354, 0.00229484541342, 0.00217182887718, 0.00101479922887, 0.00102160579991, 0.000451850821264, 0.00051283830544, 0.000269342272077, 0.000268939649686, 0.00014770020789, 0.000137424140121, 0.000183423879207, 0.000116511910164, 9.9292716186e-05, 6.17041296209e-05, 0.000105591097963, 0.000108199914393, 6.27706976957e-05, 6.94638729328e-05, 3.50929476554e-05, 2.47460084211e-05, 2.02072824322e-05, 1.6772406525e-05, 1.24492680698e-05, 1.31236774905e-05],
        "mean": [0.000198882509721, 0.0029935229104, 0.00195427681319, 0.00130021374207, 0.000708653009497, 0.000509397592396, 0.000496069376823, 0.000330000650138, 0.000245548260864, 0.000218564338866, 0.000155420508236, 0.000144310499309, 8.09415432741e-05, 8.36452672957e-05, 7.22110489733e-05, 7.92880746303e-05, 8.69677533046e-05, 0.000144978155731, 7.65228760429e-05, 4.59601033072e-05, 4.55827939732e-05, 3.2350559195e-05, 2.37875538005e-05, 2.16372718569e-05, 1.56209334818e-05, 1.23559448184e-05, 1.55039106176e-05, 8.55638063513e-06, 7.07556819179e-06, 5.47552281205e-06, 5.13903660249e-06, 5.34178479938e-06, 3.78028084924e-06, 2.59110242951e-06, 1.81448274361e-06, 1.21295147437e-06, 8.33171327486e-07, 5.634574336e-07, 3.77552368036e-07, 2.58896307059e-07],
        "median": [0.000167199759744, 0.0022283771541, 0.00144515314605, 0.000938438170124, 0.000494539446663, 0.00033018013346, 0.000254993559793, 0.000161674572155, 0.000102152705949, 0.000100402598036, 5.40808905498e-05, 6.48977875244e-05, 3.82650723623e-05, 3.76732641598e-05, 3.03021115542e-05, 2.87672519335e-05, 3.29780741595e-05, 6.56275369693e-05, 3.49264664692e-05, 1.93664345716e-05, 2.45436203841e-05, 1.51880221892e-05, 1.4665697563e-05, 1.36614235089e-05, 1.03932434286e-05, 8.26484301797e-06, 8.48925719765e-06, 5.20043113283e-06, 4.02651903642e-06, 3.28436135533e-06, 2.87173202196e-06, 2.55209897659e-06, 1.76741582436e-06, 1.15418527002e-06, 8.62150841385e-07, 6.93521883477e-07, 4.72857919931e-07, 3.16715556892e-07, 2.03997402082e-07, 1.42615419918e-07],
        "min": [4.84386895039e-08, 6.60849593714e-07, 7.86573593814e-07, 1.22402809666e-07, 8.56974011754e-08, 1.79858034244e-07, 1.6520876045e-07, 3.23146991832e-07, 2.57619547028e-07, 3.01360103094e-07, 3.97342148517e-07, 3.04744787627e-07, 5.41523263564e-07, 3.34981535843e-07, 1.60815801564e-07, 1.07856998e-07, 5.4170765651e-08, 1.94538376519e-08, 1.75413727987e-08, 1.67279594621e-08, 1.06475646078e-08, 1.08683053668e-08, 4.54227322422e-09, 3.34443250871e-09, 1.29801580595e-09, 1.51920465097e-09, 8.56368587154e-10, 6.99129920623e-10, 3.53197443514e-10, 3.20837301171e-10, 2.9511387778e-10, 2.46420633898e-10, 1.70601241467e-10, 2.30619467967e-10, 1.60716551179e-10, 1.02792337142e-10, 1.01867736468e-10, 7.19679246752e-11, 5.4545770678e-11, 2.69080591142e-11],
