{
"highlevel": {
    "danceability": {
        "all": {
            "danceable": 0.987166047096,
            "not_danceable": 0.012833927758
        },
        "probability": 0.987166047096,
        "value": "danceable"
    },
    "gender": {
        "all": {
            "female": 0.0296688694507,
            "male": 0.970331132412
        },
        "probability": 0.970331132412,
        "value": "male"
    },
    "genre_dortmund": {
        "all": {
            "alternative": 0.0329772271216,
            "blues": 0.144682452083,
            "electronic": 0.0191395748407,
            "folkcountry": 0.268312752247,
            "funksoulrnb": 0.0489972047508,
            "jazz": 0.172488182783,
            "pop": 0.0914058536291,
            "raphiphop": 0.157553166151,
            "rock": 0.064443603158
        },
        "probability": 0.268312752247,
        "value": "folkcountry"
    },
    "genre_electronic": {
        "all": {
            "ambient": 0.341657519341,
            "dnb": 0.382348567247,
            "house": 0.175880163908,
            "techno": 0.0318195745349,
            "trance": 0.0682941675186
        },
        "probability": 0.382348567247,
        "value": "dnb"
    },
    "genre_rosamerica": {
        "all": {
            "cla": 0.0184259451926,
            "dan": 0.099123634398,
            "hip": 0.142566159368,
            "jaz": 0.0219051018357,
            "pop": 0.438227891922,
            "rhy": 0.218081519008,
            "roc": 0.055610794574,
            "spe": 0.00605894299224
        },
        "probability": 0.438227891922,
        "value": "pop"
    },
    "genre_tzanetakis": {
        "all": {
            "blu": 0.0626541376114,
            "cla": 0.0348133966327,
            "cou": 0.0783501937985,
            "dis": 0.104547761381,
            "hip": 0.15693578124,
            "jaz": 0.313987255096,
            "met": 0.044816005975,
            "pop": 0.0627349764109,
            "reg": 0.0627352520823,
            "roc": 0.0784252434969
        },
        "probability": 0.313987255096,
        "value": "jaz"
    },
    "ismir04_rhythm": {
        "all": {
            "ChaChaCha": 0.16632220149,
            "Jive": 0.169577509165,
            "Quickstep": 0.130766838789,
            "Rumba-American": 0.0185923594981,
            "Rumba-International": 0.143937975168,
            "Rumba-Misc": 0.0205901004374,
            "Samba": 0.221182957292,
            "Tango": 0.0211412291974,
            "VienneseWaltz": 0.0655672699213,
            "Waltz": 0.0423215664923
        },
        "probability": 0.221182957292,
        "value": "Samba"
    },
    "mood_acoustic": {
        "all": {
            "acoustic": 0.128630965948,
            "not_acoustic": 0.871369063854
        },
        "probability": 0.871369063854,
        "value": "not_acoustic"
    },
    "mood_aggressive": {
        "all": {
            "aggressive": 0.123413987458,
            "not_aggressive": 0.876586019993
        },
        "probability": 0.876586019993,
        "value": "not_aggressive"
    },
    "mood_electronic": {
        "all": {
            "electronic": 0.35283318162,
            "not_electronic": 0.647166788578
        },
        "probability": 0.647166788578,
        "value": "not_electronic"
    },
    "mood_happy": {
        "all": {
            "happy": 0.767684817314,
            "not_happy": 0.232315197587
        },
        "probability": 0.767684817314,
        "value": "happy"
    },
    "mood_party": {
        "all": {
            "not_party": 0.484591901302,
            "party": 0.515408098698
        },
        "probability": 0.515408098698,
        "value": "party"
    },
    "mood_relaxed": {
        "all": {
            "not_relaxed": 0.175254881382,
            "relaxed": 0.824745118618
        },
        "probability": 0.824745118618,
        "value": "relaxed"
    },
    "mood_sad": {
        "all": {
            "not_sad": 0.62833160162,
            "sad": 0.371668428183
        },
        "probability": 0.62833160162,
        "value": "not_sad"
    },
    "moods_mirex": {
        "all": {
            "Cluster1": 0.132067248225,
            "Cluster2": 0.414349615574,
            "Cluster3": 0.10610575974,
            "Cluster4": 0.293415039778,
            "Cluster5": 0.0540623255074
        },
        "probability": 0.414349615574,
        "value": "Cluster2"
    },
    "timbre": {
        "all": {
            "bright": 0.999995470047,
            "dark": 4.55469262306e-06
        },
        "probability": 0.999995470047,
        "value": "bright"
    },
    "tonal_atonal": {
        "all": {
            "atonal": 0.0249813497066,
            "tonal": 0.975018620491
        },
        "probability": 0.975018620491,
        "value": "tonal"
    },
    "voice_instrumental": {
        "all": {
            "instrumental": 0.201709717512,
            "voice": 0.798290252686
        },
        "probability": 0.798290252686,
        "value": "voice"
    }
},
"lowlevel": {
    "average_loudness": 0.973932206631,
    "barkbands_crest": {
        "dmean": 3.00662207603,
        "dmean2": 4.6604385376,
        "dvar": 7.76874732971,
        "dvar2": 17.3931159973,
        "max": 25.6657104492,
        "mean": 12.6204090118,
        "median": 12.0114021301,
        "min": 3.29200458527,
        "var": 24.8641586304
    },
    "barkbands_flatness_db": {
        "dmean": 0.0271908454597,
        "dmean2": 0.0404279977083,
        "dvar": 0.00069689785596,
        "dvar2": 0.00147498364095,
        "max": 0.407527774572,
        "mean": 0.16391864419,
        "median": 0.159459218383,
        "min": 0.0458714179695,
        "var": 0.00248696422204
    },
    "barkbands_kurtosis": {
        "dmean": 4.43832874298,
        "dmean2": 7.02596712112,
        "dvar": 199.718338013,
        "dvar2": 514.808654785,
        "max": 302.331634521,
        "mean": 4.55472707748,
        "median": 1.27144384384,
        "min": -1.81780433655,
        "var": 185.729980469
    },
    "barkbands_skewness": {
        "dmean": 0.696749210358,
        "dmean2": 1.03025138378,
        "dvar": 0.796955883503,
        "dvar2": 1.81154632568,
        "max": 14.9706935883,
        "mean": 1.62150120735,
        "median": 1.35397446156,
        "min": -1.02197909355,
        "var": 1.80811882019
    },
    "barkbands_spread": {
        "dmean": 7.09811592102,
        "dmean2": 10.7316417694,
        "dvar": 60.1481170654,
        "dvar2": 135.091842651,
        "max": 92.0868759155,
        "mean": 24.2761859894,
        "median": 21.6279201508,
        "min": 0.547743678093,
        "var": 189.66897583
    },
    "dissonance": {
        "dmean": 0.023873873055,
        "dmean2": 0.0398003421724,
        "dvar": 0.00049644097453,
        "dvar2": 0.00138106860686,
        "max": 0.499891728163,
        "mean": 0.454217404127,
        "median": 0.462396651506,
        "min": 0.306335449219,
        "var": 0.00105882820208
    },
    "dynamic_complexity": 1.93228924274,
    "erbbands_crest": {
        "dmean": 3.20055007935,
        "dmean2": 5.1552066803,
        "dvar": 8.75840377808,
        "dvar2": 20.4623680115,
        "max": 28.4548950195,
        "mean": 10.2557010651,
        "median": 9.47195911407,
        "min": 3.22170877457,
        "var": 20.4272499084
    },
    "erbbands_flatness_db": {
        "dmean": 0.0207607597113,
        "dmean2": 0.0292025618255,
        "dvar": 0.00035311182728,
        "dvar2": 0.000661683327053,
        "max": 0.302781939507,
        "mean": 0.164445251226,
        "median": 0.164905935526,
        "min": 0.066894903779,
        "var": 0.0017358729383
    },
    "erbbands_kurtosis": {
        "dmean": 1.1115950346,
        "dmean2": 1.7578599453,
        "dvar": 2.19441914558,
        "dvar2": 5.62926721573,
        "max": 16.258928299,
        "mean": 0.496189564466,
        "median": -0.0418345928192,
        "min": -1.71413302422,
        "var": 4.20588302612
    },
    "erbbands_skewness": {
        "dmean": 0.454430878162,
        "dmean2": 0.691894650459,
        "dvar": 0.189826786518,
        "dvar2": 0.433516740799,
        "max": 3.43788671494,
        "mean": 0.161375209689,
        "median": 0.184572502971,
        "min": -3.10831880569,
        "var": 0.736287772655
    },
    "erbbands_spread": {
        "dmean": 10.438211441,
        "dmean2": 15.2806587219,
        "dvar": 130.331893921,
        "dvar2": 288.271789551,
        "max": 133.270324707,
        "mean": 38.4928970337,
        "median": 34.9700927734,
        "min": 5.48231220245,
        "var": 369.56918335
    },
    "hfc": {
        "dmean": 8.77533721924,
        "dmean2": 12.1908912659,
        "dvar": 120.843826294,
        "dvar2": 230.860931396,
        "max": 94.9121398926,
        "mean": 21.2365283966,
        "median": 17.1640319824,
        "min": 0.733283877373,
        "var": 246.626953125
    },
    "melbands_crest": {
        "dmean": 3.42052364349,
        "dmean2": 5.47557067871,
        "dvar": 11.0657567978,
        "dvar2": 25.1547393799,
        "max": 31.0517635345,
        "mean": 16.7972736359,
        "median": 16.5463695526,
        "min": 3.80910897255,
        "var": 33.5902328491
    },
    "melbands_flatness_db": {
        "dmean": 0.033393420279,
        "dmean2": 0.0480432361364,
        "dvar": 0.00111712166108,
        "dvar2": 0.00234748586081,
        "max": 0.520856797695,
        "mean": 0.217572256923,
        "median": 0.2140147686,
        "min": 0.0404705293477,
        "var": 0.00489681307226
    },
    "melbands_kurtosis": {
        "dmean": 10.4049758911,
        "dmean2": 16.2631187439,
        "dvar": 419.455200195,
        "dvar2": 926.926513672,
        "max": 245.048126221,
        "mean": 15.3794336319,
        "median": 7.13307666779,
        "min": -1.69267261028,
        "var": 655.240661621
    },
    "melbands_skewness": {
        "dmean": 0.964613616467,
        "dmean2": 1.42530095577,
        "dvar": 1.26284945011,
        "dvar2": 2.73521757126,
        "max": 12.2739830017,
        "mean": 2.83888673782,
        "median": 2.37253403664,
        "min": -0.51586407423,
        "var": 3.61969733238
    },
    "melbands_spread": {
        "dmean": 8.1404504776,
        "dmean2": 12.5273342133,
        "dvar": 96.9006958008,
        "dvar2": 236.095108032,
        "max": 110.46231842,
        "mean": 23.5291404724,
        "median": 20.9309997559,
        "min": 0.531701505184,
        "var": 226.51121521
    },
    "pitch_salience": {
        "dmean": 0.0847507193685,
        "dmean2": 0.12908026576,
        "dvar": 0.00634130602702,
        "dvar2": 0.0138901975006,
        "max": 0.863871097565,
        "mean": 0.480394512415,
        "median": 0.473154366016,
        "min": 0.0617860667408,
        "var": 0.0212560947984
    },
    "silence_rate_20dB": {
        "dmean": 0,
        "dmean2": 0,
        "dvar": 0,
        "dvar2": 0,
        "max": 1,
        "mean": 1,
        "median": 1,
        "min": 1,
        "var": 0
    },
    "silence_rate_30dB": {
        "dmean": 0.00773993786424,
        "dmean2": 0.0154918665066,
        "dvar": 0.00768008176237,
        "dvar2": 0.0214487910271,
        "max": 1,
        "mean": 0.99535959959,
        "median": 1,
        "min": 0,
        "var": 0.00461881933734
    },
    "silence_rate_60dB": {
        "dmean": 0.0108359130099,
        "dmean2": 0.0216886140406,
        "dvar": 0.0107183968648,
        "dvar2": 0.0243168119341,
        "max": 1,
        "mean": 0.0131477182731,
        "median": 0,
        "min": 0,
        "var": 0.0129748396575
    },
    "spectral_centroid": {
        "dmean": 344.545318604,
        "dmean2": 521.259155273,
        "dvar": 128853.671875,
        "dvar2": 293585.5,
        "max": 3723.36279297,
        "mean": 1534.18237305,
        "median": 1431.99511719,
        "min": 233.479522705,
        "var": 414262.28125
    },
    "spectral_complexity": {
        "dmean": 5.09055709839,
        "dmean2": 7.04570102692,
        "dvar": 35.531288147,
        "dvar2": 59.8886833191,
        "max": 56,
        "mean": 17.686000824,
        "median": 15,
        "min": 1,
        "var": 88.6932678223
    },
    "spectral_decrease": {
        "dmean": 2.91767365823e-09,
        "dmean2": 4.39082414871e-09,
        "dvar": 1.84274763915e-17,
        "dvar2": 3.91296597628e-17,
        "max": -1.19181359226e-10,
        "mean": -8.15974221524e-09,
        "median": -6.55514664771e-09,
        "min": -3.45311086392e-08,
        "var": 3.68573383718e-17
    },
    "spectral_energy": {
        "dmean": 0.0116239953786,
        "dmean2": 0.0173690915108,
        "dvar": 0.000277190003544,
        "dvar2": 0.000582631735597,
        "max": 0.13262860477,
        "mean": 0.0327229686081,
        "median": 0.0263188108802,
        "min": 0.000516329077072,
        "var": 0.00055985734798
    },
    "spectral_energyband_high": {
        "dmean": 0.000429588952102,
        "dmean2": 0.000600946426857,
        "dvar": 4.60324599771e-07,
        "dvar2": 8.35265893784e-07,
        "max": 0.00767599930987,
        "mean": 0.000757571600843,
        "median": 0.000295123056276,
        "min": 2.66996653409e-06,
        "var": 1.10660323571e-06
    },
    "spectral_energyband_low": {
        "dmean": 0.00644913176075,
        "dmean2": 0.0101177319884,
        "dvar": 0.000173654960236,
        "dvar2": 0.000391962123103,
        "max": 0.110255494714,
        "mean": 0.0163498111069,
        "median": 0.0103712389246,
        "min": 2.24555538608e-08,
        "var": 0.00036231399281
    },
    "spectral_energyband_middle_high": {
        "dmean": 0.00255770003423,
        "dmean2": 0.00366027932614,
        "dvar": 9.73136411631e-06,
        "dvar2": 2.04522712011e-05,
        "max": 0.0354012772441,
        "mean": 0.00556802470237,
        "median": 0.0042303353548,
        "min": 4.47181191703e-05,
        "var": 2.38540833379e-05
    },
    "spectral_energyband_middle_low": {
        "dmean": 0.00723175238818,
        "dmean2": 0.0113475257531,
        "dvar": 0.000167839927599,
        "dvar2": 0.000436067959527,
        "max": 0.105204634368,
        "mean": 0.0113432565704,
        "median": 0.00735458405688,
        "min": 0.000234567705775,
        "var": 0.000164720870089
    },
    "spectral_entropy": {
        "dmean": 0.211844235659,
        "dmean2": 0.303306311369,
        "dvar": 0.0395943112671,
        "dvar2": 0.0824401155114,
        "max": 8.55927467346,
        "mean": 7.43732023239,
        "median": 7.38915157318,
        "min": 6.03176164627,
        "var": 0.180760070682
    },
    "spectral_flux": {
        "dmean": 0.0356732606888,
        "dmean2": 0.0539225377142,
        "dvar": 0.00174832879566,
        "dvar2": 0.00334246782586,
        "max": 0.351775825024,
        "mean": 0.0968144759536,
        "median": 0.0778424590826,
        "min": 0.0145759051666,
        "var": 0.0037538073957
    },
    "spectral_kurtosis": {
        "dmean": 1.7434104681,
        "dmean2": 2.74315142632,
        "dvar": 3.13420724869,
        "dvar2": 7.41104364395,
        "max": 22.7766551971,
        "mean": 5.06134462357,
        "median": 4.62475728989,
        "min": 0.0130326747894,
        "var": 9.89181995392
    },
    "spectral_rms": {
        "dmean": 0.000965667131823,
        "dmean2": 0.00139211956412,
        "dvar": 1.41606790294e-06,
        "dvar2": 2.71716044153e-06,
        "max": 0.0113751385361,
        "mean": 0.00530099915341,
        "median": 0.00506723672152,
        "min": 0.000709743413609,
        "var": 3.82422422263e-06
    },
    "spectral_rolloff": {
        "dmean": 591.079772949,
        "dmean2": 972.647277832,
        "dvar": 758534.125,
        "dvar2": 1615009,
        "max": 12037.0605469,
        "mean": 1468.88745117,
        "median": 1119.7265625,
        "min": 64.599609375,
        "var": 1717041.5
    },
    "spectral_skewness": {
        "dmean": 0.252527713776,
        "dmean2": 0.374007225037,
        "dvar": 0.0518299303949,
        "dvar2": 0.107040442526,
        "max": 3.47202444077,
        "mean": 1.60232007504,
        "median": 1.58508110046,
        "min": 0.239625066519,
        "var": 0.253216654062
    },
    "spectral_spread": {
        "dmean": 632700.25,
        "dmean2": 908444.0625,
        "dvar": 548092411904,
        "dvar2": 1.01052173517e+12,
        "max": 13607237,
        "mean": 4459609,
        "median": 4163744.5,
        "min": 1803848,
        "var": 1.93926122701e+12
    },
    "spectral_strongpeak": {
        "dmean": 0.483367055655,
        "dmean2": 0.811991691589,
        "dvar": 0.783000707626,
        "dvar2": 1.98808705807,
        "max": 12.7019844055,
        "mean": 0.886104643345,
        "median": 0.543792366982,
        "min": 0,
        "var": 0.942203223705
    },
    "zerocrossingrate": {
        "dmean": 0.0114167863503,
        "dmean2": 0.0130402483046,
        "dvar": 0.000134003246785,
        "dvar2": 0.000164728771779,
        "max": 0.27001953125,
        "mean": 0.0561100505292,
        "median": 0.05126953125,
        "min": 0.00341796875,
        "var": 0.00103363662492
    },
    "barkbands": {
        "dmean": [0.00020459156076, 0.00502221984789, 0.00292342482135, 0.00257254438475, 0.00225559412502, 0.00160108902492, 0.0011956760427, 0.000969730026554, 0.000895103963558, 0.000608924950939, 0.000452384119853, 0.000297120190226, 0.00034233959741, 0.00036997551797, 0.000373010669136, 0.000344094907632, 0.000375102768885, 0.000393634254579, 0.000344925676472, 0.000246147188591, 9.07752037165e-05, 0.00011409263243, 8.24203962111e-05, 7.52318082959e-05, 5.1799845096e-05, 3.26605004375e-05, 1.38555913409e-08],
        "dmean2": [0.00033356421045, 0.00744904577732, 0.00512094097212, 0.00454706326127, 0.00359588651918, 0.0026119062677, 0.00183697522152, 0.00150272832252, 0.00129826855846, 0.000901810708456, 0.000663631421048, 0.000486070581246, 0.000535926257726, 0.000578091247007, 0.000584748806432, 0.000538829190191, 0.000580171355978, 0.000634612573776, 0.000533118203748, 0.0003850653884, 0.000131463253638, 0.000167062695255, 0.000117937735922, 0.000111420646135, 7.71022532717e-05, 4.88245714223e-05, 2.43190338978e-08],
        "dvar": [1.66266843848e-07, 0.000107032399683, 8.78411083249e-05, 7.93388244347e-05, 2.88071332761e-05, 1.3158964066e-05, 3.45289095094e-06, 2.82610540125e-06, 4.05938317272e-06, 1.9121960122e-06, 7.98549933734e-07, 3.50313712261e-07, 8.14632244328e-07, 5.31394107384e-07, 7.14368582067e-07, 7.01855583429e-07, 4.50803014473e-07, 7.2807995366e-07, 3.58427286073e-07, 2.54350084106e-07, 2.5599941722e-08, 3.46932118589e-08, 2.25619611882e-08, 1.44637777311e-08, 8.58742854604e-09, 5.70316105453e-09, 2.06013447607e-15],
        "dvar2": [4.37076408843e-07, 0.000240514345933, 0.000239389148192, 0.000227102820645, 6.60249279463e-05, 3.48997964466e-05, 8.1477310232e-06, 6.09723019807e-06, 8.88226622919e-06, 3.58195211447e-06, 1.53432654315e-06, 7.66071707403e-07, 2.05852074942e-06, 1.07531684534e-06, 1.61336845395e-06, 1.64292032423e-06, 1.10607220449e-06, 1.84164366601e-06, 7.64916194385e-07, 6.35731339571e-07, 4.6047428981e-08, 7.81604541089e-08, 4.14892049605e-08, 2.95045907706e-08, 1.72219749572e-08, 1.36856526112e-08, 5.28815416817e-15],
        "max": [0.00426608324051, 0.103683955967, 0.0800088942051, 0.0716473087668, 0.0499917380512, 0.038632877171, 0.0212571639568, 0.0287774540484, 0.0274106878787, 0.0289502181113, 0.0157549958676, 0.0116334361956, 0.0164490025491, 0.0100340880454, 0.0116238668561, 0.013949344866, 0.00852605421096, 0.00984146352857, 0.00676092365757, 0.00731784757227, 0.00167862314265, 0.00286997947842, 0.00193371670321, 0.00144434731919, 0.000872140342835, 0.00104575185105, 5.33521472335e-07],
        "mean": [0.000363109138561, 0.0120740924031, 0.00283113354817, 0.00202988577075, 0.00240531587042, 0.00180647266097, 0.00179436721373, 0.00148529710714, 0.00140894495416, 0.000944339844864, 0.000731496314984, 0.000382132653613, 0.000459138740553, 0.000517291482538, 0.000486032629851, 0.000476006331155, 0.000542504596524, 0.000478151720017, 0.000482543109683, 0.000338459794875, 0.00013326399494, 0.000185466211406, 0.000137225724757, 0.000121553435747, 6.92462999723e-05, 3.9526472392e-05, 9.38971744802e-09],
        "median": [0.000157123009558, 0.0069574858062, 0.000987990642898, 0.000145826590597, 0.000750747974962, 0.000449587067124, 0.000674517534208, 0.000503151735757, 0.000395310373278, 0.000246673618676, 0.000210466707358, 0.000154813707923, 0.000149331201101, 0.000161505609867, 0.000165075645782, 0.000152642489411, 0.000220492118387, 0.00015631095448, 0.000227898592129, 9.8426011391e-05, 3.01667405438e-05, 7.95705636847e-05, 3.06144647766e-05, 4.53070570074e-05, 1.47198388731e-05, 1.02229359982e-05, 6.69750643834e-10],
        "min": [1.37996850058e-10, 3.74902642264e-09, 3.63952867843e-09, 4.17993639701e-09, 2.66073402599e-06, 9.74529257292e-07, 1.36584412758e-06, 1.97194344764e-06, 2.37701192418e-06, 2.59100283984e-06, 1.42280498494e-06, 3.99382457772e-07, 6.68992697683e-07, 1.75180844053e-06, 6.23237326636e-07, 2.84221323454e-06, 4.05825767302e-06, 1.27602459088e-06, 2.18117202166e-06, 8.0809576275e-07, 3.76233771249e-07, 7.00966438671e-07, 1.54045835643e-07, 2.52299173553e-07, 1.65301314303e-10, 5.47236354009e-08, 6.88591241318e-12],
        "var": [2.67384365316e-07, 0.000220834815991, 6.00734892942e-05, 5.10383324581e-05, 2.84552879748e-05, 1.31444203362e-05, 6.6420652729e-06, 5.8097539295e-06, 7.18553519619e-06, 5.04737226947e-06, 2.43019417212e-06, 4.80384812818e-07, 9.09605489596e-07, 9.40038319186e-07, 9.42559211126e-07, 1.05133187844e-06, 6.88752948008e-07, 7.75170576617e-07, 4.96964105423e-07, 4.44339065098e-07, 5.56038592947e-08, 7.16639121379e-08, 6.4069297423e-08, 3.41757697697e-08, 1.47495704539e-08, 6.74954581115e-09, 1.45146983506e-15]
    },
    "erbbands": {
        "dmean": [0.148391634226, 1.18759357929, 2.78170132637, 6.48370170593, 6.87776470184, 9.78157520294, 6.36390113831, 16.3802089691, 14.4733457565, 22.4444408417, 18.6321811676, 23.1358737946, 18.7648487091, 20.6207771301, 13.552734375, 13.3340482712, 14.8929080963, 18.0515632629, 17.6183624268, 16.4439735413, 16.9699440002, 18.0431175232, 22.4511451721, 16.0855903625, 17.7528591156, 10.0604858398, 3.67505598068, 4.00338125229, 4.30473136902, 3.06032013893, 2.23976516724, 1.91093230247, 1.04906821251, 0.603742957115, 0.378802001476, 0.1844650805, 0.0570445507765, 0.00416376441717, 8.37366824271e-05, 1.69522081706e-05],
        "dmean2": [0.217078462243, 1.82041668892, 4.63725090027, 11.3782682419, 11.7982120514, 15.1643276215, 9.72701358795, 27.305223465, 23.0510921478, 35.2735481262, 27.8223495483, 33.4712753296, 27.7561149597, 29.5437583923, 20.6835021973, 21.5824222565, 23.5145893097, 27.7177448273, 27.0529232025, 25.6997814178, 26.1832370758, 27.9248371124, 35.7464294434, 24.9754428864, 27.2062416077, 15.3891363144, 5.40516233444, 5.71826553345, 6.37826395035, 4.40015888214, 3.16140270233, 2.87388968468, 1.5573015213, 0.886238694191, 0.578034341335, 0.276757329702, 0.0866806656122, 0.00650472380221, 0.000126514321892, 2.44706407102e-05],
        "dvar": [0.093298882246, 6.48600912094, 64.7500991821, 444.132751465, 481.375976562, 747.192138672, 133.370361328, 1540.26501465, 675.568908691, 1195.13549805, 1292.56530762, 2755.8996582, 1660.49633789, 2125.82299805, 1099.04553223, 753.394348145, 1958.47583008, 1209.4979248, 1467.79174805, 1182.14562988, 1258.72875977, 1036.98693848, 2352.76000977, 875.064025879, 793.639587402, 432.187408447, 42.706237793, 46.030292511, 48.4431343079, 31.6891956329, 15.7008876801, 8.27746486664, 3.69544768333, 1.33607447147, 0.487004995346, 0.156227141619, 0.0181950461119, 0.000121917728393, 4.04398576848e-08, 5.16609088841e-10],
        "dvar2": [0.195609673858, 15.5073947906, 171.301696777, 1239.34667969, 1363.34179688, 1635.89929199, 289.800476074, 4168.84033203, 1754.53173828, 2905.78027344, 2619.11303711, 6045.81054688, 3477.12695312, 3438.53491211, 2229.6184082, 1602.08227539, 5128.59619141, 2332.16650391, 3421.35742188, 2709.35791016, 2847.09326172, 2586.40307617, 6002.22705078, 1943.76953125, 1667.39001465, 998.84375, 82.8682250977, 88.4077987671, 109.870895386, 65.3444061279, 27.558429718, 16.8624629974, 7.61637639999, 2.74893260002, 1.05101323128, 0.372513353825, 0.043125834316, 0.000289908028208, 9.49397502836e-08, 1.0702289055e-09],
        "max": [3.21952652931, 24.2705287933, 76.0243835449, 147.51121521, 211.321105957, 302.083587646, 120.61416626, 420.104858398, 234.905578613, 324.443267822, 786.195617676, 795.493286133, 588.105529785, 1199.39526367, 760.591674805, 576.870178223, 853.356933594, 516.936767578, 607.880310059, 432.484313965, 618.741455078, 390.671203613, 539.952331543, 368.09375, 278.169647217, 350.328521729, 61.6374359131, 64.7098770142, 118.213386536, 84.1515197754, 55.1947021484, 29.8709926605, 30.782409668, 12.0987319946, 7.65725421906, 5.00668907166, 1.68420410156, 0.119125932455, 0.00227161613293, 0.000159342380357],
        "mean": [0.352178573608, 2.62775397301, 3.75523018837, 5.4863820076, 6.26939868927, 10.1552829742, 8.55739879608, 17.3768024445, 20.2205047607, 34.8879585266, 28.9460487366, 37.5902709961, 30.0767555237, 35.4779510498, 21.6055450439, 18.2344856262, 20.366727829, 28.7107086182, 25.5227279663, 23.9166355133, 26.9778671265, 27.1211032867, 28.3088417053, 22.3573513031, 26.9505004883, 14.4860897064, 5.23916006088, 6.03814840317, 6.95484399796, 4.9709777832, 3.78445124626, 3.13750481606, 1.57954847813, 0.820324599743, 0.476476311684, 0.225142046809, 0.0661931112409, 0.00446159113199, 0.000109784967208, 4.43220887973e-05],
        "median": [0.21118915081, 1.15868377686, 1.58174180984, 0.709678947926, 1.14667463303, 2.61887931824, 3.19335007668, 3.64417600632, 8.28820514679, 17.0451316833, 11.106127739, 11.8077402115, 10.6781406403, 10.8116149902, 7.44005966187, 7.89807987213, 8.2525138855, 11.018661499, 11.5796117783, 9.98627471924, 10.0914831161, 12.2389221191, 10.5765161514, 9.97449970245, 11.486287117, 4.33442306519, 1.13062632084, 2.00922226906, 3.150588274, 1.34579896927, 0.894041061401, 1.1358538866, 0.503016769886, 0.14678953588, 0.114334225655, 0.0653389692307, 0.0145234717056, 0.00084640039131, 3.70463058061e-05, 3.56398631993e-05],
        "min": [3.02392095364e-07, 1.72262946307e-06, 1.6564696125e-05, 9.90998596535e-05, 0.00382509548217, 0.0126199889928, 0.00601249048486, 0.0145847946405, 0.0684927105904, 0.225817874074, 0.154618531466, 0.110640779138, 0.165888205171, 0.0823685824871, 0.0457731410861, 0.0181397330016, 0.0260272044688, 0.0935526043177, 0.148562476039, 0.131038248539, 0.255345135927, 0.224691569805, 0.108279593289, 0.129229053855, 0.12573876977, 0.0426832698286, 0.0137189114466, 0.0232579410076, 0.0259199459106, 0.0141771584749, 0.00335092260502, 0.00682207010686, 0.00169732584618, 0.000432928150985, 6.65389525238e-05, 0.000247296818998, 7.63192438171e-05, 8.76416106621e-06, 5.70365557451e-07, 7.0718203915e-07],
        "var": [0.200235411525, 12.305680275, 53.810836792, 299.389038086, 319.049072266, 767.81427002, 195.402816772, 1442.48156738, 904.192016602, 1972.14331055, 2736.46533203, 4985.89892578, 3305.64916992, 7045.09130859, 2666.02856445, 1077.9005127, 1843.2208252, 2434.94799805, 1928.40197754, 1802.99145508, 2188.27172852, 1524.53491211, 2483.61206055, 1165.92590332, 1503.22692871, 815.893249512, 79.0120773315, 100.507736206, 97.9041061401, 74.8642730713, 48.005695343, 21.1872329712, 7.47107982635, 2.35337376595, 0.722116231918, 0.194931358099, 0.0205601435155, 0.000122447076137, 4.40505800725e-08, 1.00274155646e-09]
    },
    "gfcc": {
        "mean": [5.3910036087, 85.6460952759, -120.415229797, 32.843952179, -56.8558044434, 15.7269449234, -36.9648933411, 23.3116893768, -17.5608024597, 7.21392011642, -13.4189157486, 3.99497961998, -15.2176656723],
        "cov": [[2592.67016602, -376.963592529, 257.635620117, 449.813751221, -82.2083129883, 101.823020935, -76.8164138794, -42.8809509277, -114.737625122, 4.35701084137, -93.5414581299, 90.7319946289, 13.6403331757], [-376.963592529, 1143.25817871, 141.763275146, -41.9791221619, 461.455993652, 59.2438201904, 279.192230225, 95.934753418, 134.693893433, 33.6542816162, 127.20602417, -9.21448516846, 56.9311141968], [257.635620117, 141.763275146, 791.762084961, 401.918029785, 172.918991089, 126.819732666, 57.8078994751, 73.2643280029, 21.1698532104, 71.3600158691, 27.2695579529, 69.3820419312, 36.184753418], [449.813751221, -41.9791221619, 401.918029785, 748.123046875, 213.456970215, 61.2378082275, 69.5949554443, 104.645874023, 173.851928711, 52.7716789246, 38.9328918457, 36.1224784851, 81.6753158569], [-82.2083129883, 461.455993652, 172.918991089, 213.456970215, 613.711730957, 199.811691284, 218.778717041, 149.891723633, 162.297058105, 59.3488121033, 40.126209259, 42.4568061829, 61.808719635], [101.823020935, 59.2438201904, 126.819732666, 61.2378082275, 199.811691284, 346.068511963, 195.896697998, 74.1640853882, 69.1324157715, 32.1125411987, 15.5501432419, 25.3486156464, 34.6694488525], [-76.8164138794, 279.192230225, 57.8078994751, 69.5949554443, 218.778717041, 195.896697998, 354.078887939, 140.459197998, 98.4392776489, 59.3105888367, 51.4586448669, 13.0384273529, 30.6951675415], [-42.8809509277, 95.934753418, 73.2643280029, 104.645874023, 149.891723633, 74.1640853882, 140.459197998, 199.201156616, 135.993774414, 55.4792938232, 51.417842865, 8.22448158264, 30.5154857635], [-114.737625122, 134.693893433, 21.1698532104, 173.851928711, 162.297058105, 69.1324157715, 98.4392776489, 135.993774414, 288.871307373, 96.0850143433, 63.7498016357, 15.416469574, 58.8205299377], [4.35701084137, 33.6542816162, 71.3600158691, 52.7716789246, 59.3488121033, 32.1125411987, 59.3105888367, 55.4792938232, 96.0850143433, 148.000152588, 64.967376709, 15.8607702255, 24.1651496887], [-93.5414581299, 127.20602417, 27.2695579529, 38.9328918457, 40.126209259, 15.5501432419, 51.4586448669, 51.417842865, 63.7498016357, 64.967376709, 153.511627197, 44.2408714294, 34.0051727295], [90.7319946289, -9.21448516846, 69.3820419312, 36.1224784851, 42.4568061829, 25.3486156464, 13.0384273529, 8.22448158264, 15.416469574, 15.8607702255, 44.2408714294, 156.323577881, 57.8531570435], [13.6403331757, 56.9311141968, 36.184753418, 81.6753158569, 61.808719635, 34.6694488525, 30.6951675415, 30.5154857635, 58.8205299377, 24.1651496887, 34.0051727295, 57.8531570435, 99.0395889282]],
        "icov": [[0.000584294146392, -0.000309010356432, 0.00035592817585, -0.000804561481345, 0.000453845161246, -0.000686701212544, 0.000537808518857, -0.000484972173581, 0.000821385590825, -0.000769286241848, 0.000789506768342, -0.000748629623558, 0.000436611648183], [-0.000309010356432, 0.00320204091258, -0.00178800278809, 0.00236219167709, -0.00270695844665, 0.00282967509702, -0.00304165226407, 0.00271668401547, -0.00229271734133, 0.00290832924657, -0.00316093699075, 0.00259304977953, -0.00206574844196], [0.00035592817585, -0.00178800278809, 0.00329722836614, -0.00280691310763, 0.00139289267827, -0.00249942974187, 0.00230323895812, -0.00238673924468, 0.00288886995986, -0.00309327756986, 0.00214230339043, -0.00242270948365, 0.00183478079271], [-0.000804561481345, 0.00236219167709, -0.00280691310763, 0.00477895699441, -0.00246710772626, 0.00303649576381, -0.00261856638826, 0.00246724463068, -0.00377398612909, 0.00346795935184, -0.00286235590465, 0.00294634723105, -0.00297755957581], [0.000453845161246, -0.00270695844665, 0.00139289267827, -0.00246710772626, 0.00494606420398, -0.00320793641731, 0.00187898753211, -0.00295325252227, 0.00151273829397, -0.00244273152202, 0.00311431381851, -0.00265686097555, 0.00156326789875], [-0.000686701212544, 0.00282967509702, -0.00249942974187, 0.00303649576381, -0.00320793641731, 0.00764475436881, -0.00529810693115, 0.00331164547242, -0.00313691003248, 0.00336609221995, -0.00261988816783, 0.00260052713566, -0.00275316927582], [0.000537808518857, -0.00304165226407, 0.00230323895812, -0.00261856638826, 0.00187898753211, -0.00529810693115, 0.00870424788445, -0.00554358167574, 0.00329384929501, -0.00388786592521, 0.00258502876386, -0.00248564686626, 0.00224146060646], [-0.000484972173581, 0.00271668401547, -0.00238673924468, 0.00246724463068, -0.00295325252227, 0.00331164547242, -0.00554358167574, 0.0123393358663, -0.00580516085029, 0.00323211983778, -0.00402626022696, 0.00306069967337, -0.00180385820568], [0.000821385590825, -0.00229271734133, 0.00288886995986, -0.00377398612909, 0.00151273829397, -0.00313691003248, 0.00329384929501, -0.00580516085029, 0.00995916500688, -0.00600988231599, 0.00258849537931, -0.00200488208793, 1.73751595867e-05], [-0.000769286241848, 0.00290832924657, -0.00309327756986, 0.00346795935184, -0.00244273152202, 0.00336609221995, -0.00388786592521, 0.00323211983778, -0.00600988231599, 0.0137159693986, -0.00646019587293, 0.00331905297935, -0.00223839166574], [0.000789506768342, -0.00316093699075, 0.00214230339043, -0.00286235590465, 0.00311431381851, -0.00261988816783, 0.00258502876386, -0.00402626022696, 0.00258849537931, -0.00646019587293, 0.0127140078694, -0.0050451150164, 0.00131961458828], [-0.000748629623558, 0.00259304977953, -0.00242270948365, 0.00294634723105, -0.00265686097555, 0.00260052713566, -0.00248564686626, 0.00306069967337, -0.00200488208793, 0.00331905297935, -0.0050451150164, 0.0116149848327, -0.00702866539359], [0.000436611648183, -0.00206574844196, 0.00183478079271, -0.00297755957581, 0.00156326789875, -0.00275316927582, 0.00224146060646, -0.00180385820568, 1.73751595867e-05, -0.00223839166574, 0.00131961458828, -0.00702866539359, 0.0170472078025]]
    },
    "melbands": {
        "dmean": [0.00137742084917, 0.00134444038849, 0.00111196702346, 0.00057008274598, 0.000262926914729, 0.000348593108356, 0.000239172673901, 0.000236568870605, 0.000142843608046, 0.000152525899466, 9.19818412513e-05, 8.26585892355e-05, 4.76596869703e-05, 3.76441348635e-05, 2.89139443339e-05, 3.55754600605e-05, 3.78723198082e-05, 2.78231127595e-05, 2.90269381367e-05, 2.6930918466e-05, 2.12787963392e-05, 1.96065266209e-05, 2.21389236685e-05, 1.76711473614e-05, 1.30470425574e-05, 1.42747339851e-05, 1.32880095407e-05, 5.38609174328e-06, 2.37869221564e-06, 2.14274450627e-06, 2.51599180956e-06, 2.71855356004e-06, 2.12806980926e-06, 1.70301950675e-06, 1.38371740377e-06, 1.23484824144e-06, 1.25491931158e-06, 8.13839051261e-07, 6.04295223638e-07, 5.0182279665e-07],
        "dmean2": [0.00199104798958, 0.00217244937085, 0.00193515478168, 0.000921611732338, 0.000391716195736, 0.000576472375542, 0.000372069218429, 0.000372675975086, 0.00021100921731, 0.000220036294195, 0.000137163428008, 0.000118736985314, 7.0914378739e-05, 6.20410064585e-05, 4.6816719987e-05, 5.54074067622e-05, 5.83596192882e-05, 4.32035521953e-05, 4.6181394282e-05, 4.22153752879e-05, 3.30217371811e-05, 3.06685615215e-05, 3.47683308064e-05, 2.88992414426e-05, 2.0569696062e-05, 2.2388789148e-05, 2.10526450246e-05, 8.27227995615e-06, 3.57436192644e-06, 3.11016719934e-06, 3.72134104509e-06, 4.09010635849e-06, 3.22018081533e-06, 2.48765627475e-06, 2.01689636015e-06, 1.82110966307e-06, 1.90926266441e-06, 1.23789550344e-06, 8.70778478657e-07, 7.62123136155e-07],
        "dvar": [7.63299340178e-06, 1.07634286906e-05, 1.31402321131e-05, 1.86352315268e-06, 3.09038881596e-07, 6.78578032876e-07, 1.54347134185e-07, 1.33283379e-07, 8.4431825087e-08, 1.29190311782e-07, 4.20921963951e-08, 3.70184665144e-08, 1.06683906154e-08, 5.73465097631e-09, 5.57188695183e-09, 6.72858169182e-09, 6.19062134888e-09, 3.55528562146e-09, 4.64300997649e-09, 5.0192290324e-09, 2.13725681597e-09, 1.39964628776e-09, 2.18291162923e-09, 1.42898526345e-09, 6.07646766237e-10, 6.76480260697e-10, 6.71980082689e-10, 1.38728473154e-10, 1.99251483368e-11, 1.61549818661e-11, 1.775998619e-11, 1.83725951119e-11, 1.46323630296e-11, 1.11995265492e-11, 6.54128140543e-12, 4.09240523414e-12, 3.75531463565e-12, 2.29424899217e-12, 1.3698629904e-12, 9.64465920322e-13],
        "dvar2": [1.64305347425e-05, 2.66413862846e-05, 3.65540618077e-05, 4.45639625468e-06, 6.5617649625e-07, 1.83359975381e-06, 3.91881599171e-07, 3.20502437035e-07, 1.73465551256e-07, 2.82488684888e-07, 8.79300969814e-08, 5.92579567638e-08, 2.19198774687e-08, 1.22794636681e-08, 1.36218138991e-08, 1.66549245506e-08, 1.21254224439e-08, 8.27120771874e-09, 1.01866213242e-08, 1.20637064782e-08, 5.18028331342e-09, 3.55588225531e-09, 5.4256288351e-09, 3.67088404118e-09, 1.37087530216e-09, 1.4565757489e-09, 1.67211178237e-09, 3.23474025343e-10, 4.09095431142e-11, 3.09309418356e-11, 3.65929855861e-11, 4.33492859664e-11, 3.35105485028e-11, 2.41564077769e-11, 1.23664325308e-11, 8.0009436576e-12, 8.36108005747e-12, 4.96396977342e-12, 2.85423486061e-12, 2.08400787946e-12],
        "max": [0.0281073693186, 0.0299729239196, 0.0282480735332, 0.0114744883031, 0.00570006528869, 0.00877214036882, 0.00368777732365, 0.00317960465327, 0.00591754680499, 0.00537401484326, 0.00302777998149, 0.00514345569536, 0.00215504900552, 0.0014139781706, 0.00137594994158, 0.00117649126332, 0.00116709829308, 0.000971524452325, 0.000986776896752, 0.00138123461511, 0.000877917278558, 0.000465350982267, 0.000644292973448, 0.000387303036405, 0.000337936275173, 0.000230576712056, 0.000388197775465, 0.000177901427378, 4.384991189e-05, 4.27672748629e-05, 4.45037985628e-05, 7.51322659198e-05, 4.65256052848e-05, 5.28382879565e-05, 3.31335795636e-05, 3.31523260684e-05, 2.45877690759e-05, 2.56323437497e-05, 1.5262998204e-05, 1.0675208614e-05],
        "mean": [0.00329774711281, 0.00258498080075, 0.000982922501862, 0.000577129190788, 0.000338806916261, 0.00037489310489, 0.000346085667843, 0.000377554213628, 0.000211387756281, 0.000243336515268, 0.000141430587973, 0.000138166578836, 7.51585976104e-05, 5.22902992088e-05, 3.6496167013e-05, 5.04624877067e-05, 5.54896032554e-05, 3.84655686503e-05, 3.76292373403e-05, 3.6579935113e-05, 3.1068786484e-05, 2.86135054921e-05, 2.83313856926e-05, 2.11833284993e-05, 1.73274456756e-05, 1.94220265257e-05, 1.92437510123e-05, 6.93890569892e-06, 3.08953849526e-06, 2.92950790026e-06, 3.70653242499e-06, 4.20473861595e-06, 3.18629577123e-06, 2.60347951553e-06, 2.18695777221e-06, 1.99463192985e-06, 1.9137662548e-06, 1.16967260055e-06, 8.12881467027e-07, 6.44195040422e-07],
        "median": [0.00191781355534, 0.00137277005706, 0.000133325185743, 0.000145209167385, 0.000129376610857, 7.83833602327e-05, 0.000135758222314, 0.000190852981177, 6.84397600708e-05, 6.85098711983e-05, 4.56813068013e-05, 3.59474324796e-05, 2.45820556302e-05, 2.07679240702e-05, 1.51123203977e-05, 1.51726871991e-05, 1.70179955603e-05, 1.45032290675e-05, 1.33492922032e-05, 1.07424302769e-05, 1.09646753117e-05, 1.15522288979e-05, 1.11530080176e-05, 7.42460133552e-06, 7.15144415153e-06, 8.84344626684e-06, 5.71101236346e-06, 1.8241497628e-06, 5.40946700767e-07, 4.7077128329e-07, 1.2521896906e-06, 1.95720781448e-06, 1.04934747469e-06, 5.5751098671e-07, 4.11554367474e-07, 6.15556302819e-07, 7.21143806004e-07, 3.63719465213e-07, 1.57425304792e-07, 1.06906171027e-07],
        "min": [1.30266286646e-09, 1.99360195019e-09, 1.55041348648e-08, 7.22454331026e-07, 2.46264278303e-07, 1.86417310033e-07, 3.33948122488e-07, 1.85286489796e-06, 5.85557927479e-07, 5.43220949112e-07, 5.89743820001e-07, 3.11084846771e-07, 1.51087633071e-07, 5.96127378572e-08, 2.70190056995e-08, 8.34184490373e-08, 1.64570153061e-07, 2.17120089019e-07, 5.88774966559e-08, 1.2153515172e-07, 2.05266545095e-07, 1.77529784651e-07, 1.23764664295e-07, 5.67652094219e-08, 2.84078751633e-08, 8.18551058046e-08, 1.87246680383e-08, 1.04587112304e-08, 4.93060037243e-10, 8.72844407862e-10, 9.1615852682e-09, 1.28391635101e-08, 9.2045615574e-09, 4.4229682139e-09, 1.55464774387e-09, 1.72990954894e-09, 2.3890616152e-09, 1.07305730968e-09, 2.4778640511e-12, 9.48317596325e-13],
