{
"highlevel": {
    "danceability": {
        "all": {
            "danceable": 0.999211788177,
            "not_danceable": 0.000788222532719
        },
        "probability": 0.999211788177,
        "value": "danceable"
    },
    "gender": {
        "all": {
            "female": 0.917640089989,
            "male": 0.0823599100113
        },
        "probability": 0.917640089989,
        "value": "female"
    },
    "genre_dortmund": {
        "all": {
            "alternative": 0.0379897765815,
            "blues": 0.0379252880812,
            "electronic": 0.21685667336,
            "folkcountry": 0.00897340383381,
            "funksoulrnb": 0.0355988889933,
            "jazz": 0.0427228361368,
            "pop": 0.050938822329,
            "raphiphop": 0.525797486305,
            "rock": 0.0431968420744
        },
        "probability": 0.525797486305,
        "value": "raphiphop"
    },
    "genre_electronic": {
        "all": {
            "ambient": 0.0936924815178,
            "dnb": 0.547858953476,
            "house": 0.0930269360542,
            "techno": 0.0112750772387,
            "trance": 0.254146575928
        },
        "probability": 0.547858953476,
        "value": "dnb"
    },
    "genre_rosamerica": {
        "all": {
            "cla": 0.00161592348013,
            "dan": 0.246844753623,
            "hip": 0.254282474518,
            "jaz": 0.00205429689959,
            "pop": 0.445568472147,
            "rhy": 0.0258334465325,
            "roc": 0.0220337323844,
            "spe": 0.00176688516513
        },
        "probability": 0.445568472147,
        "value": "pop"
    },
    "genre_tzanetakis": {
        "all": {
            "blu": 0.063259229064,
            "cla": 0.0351214334369,
            "cou": 0.0790196210146,
            "dis": 0.0526951625943,
            "hip": 0.158124744892,
            "jaz": 0.316520601511,
            "met": 0.0632875487208,
            "pop": 0.063269995153,
            "reg": 0.0632629841566,
            "roc": 0.105438686907
        },
        "probability": 0.316520601511,
        "value": "jaz"
    },
    "ismir04_rhythm": {
        "all": {
            "ChaChaCha": 0.511573255062,
            "Jive": 0.074913598597,
            "Quickstep": 0.0379553698003,
            "Rumba-American": 0.0150210475549,
            "Rumba-International": 0.00980198290199,
            "Rumba-Misc": 0.00584635324776,
            "Samba": 0.298694431782,
            "Tango": 0.0103437211365,
            "VienneseWaltz": 0.0336556918919,
            "Waltz": 0.00219455081969
        },
        "probability": 0.511573255062,
        "value": "ChaChaCha"
    },
    "mood_acoustic": {
        "all": {
            "acoustic": 0.0211260728538,
            "not_acoustic": 0.97887390852
        },
        "probability": 0.97887390852,
        "value": "not_acoustic"
    },
    "mood_aggressive": {
        "all": {
            "aggressive": 0.188625171781,
            "not_aggressive": 0.811374843121
        },
        "probability": 0.811374843121,
        "value": "not_aggressive"
    },
    "mood_electronic": {
        "all": {
            "electronic": 0.718477547169,
            "not_electronic": 0.281522452831
        },
        "probability": 0.718477547169,
        "value": "electronic"
    },
    "mood_happy": {
        "all": {
            "happy": 0.479369819164,
            "not_happy": 0.520630180836
        },
        "probability": 0.520630180836,
        "value": "not_happy"
    },
    "mood_party": {
        "all": {
            "not_party": 0.282641798258,
            "party": 0.717358231544
        },
        "probability": 0.717358231544,
        "value": "party"
    },
    "mood_relaxed": {
        "all": {
            "not_relaxed": 0.991658627987,
            "relaxed": 0.00834134314209
        },
        "probability": 0.991658627987,
        "value": "not_relaxed"
    },
    "mood_sad": {
        "all": {
            "not_sad": 0.914649963379,
            "sad": 0.0853500589728
        },
        "probability": 0.914649963379,
        "value": "not_sad"
    },
    "moods_mirex": {
        "all": {
            "Cluster1": 0.26424998045,
            "Cluster2": 0.186905801296,
            "Cluster3": 0.128633275628,
            "Cluster4": 0.116761043668,
            "Cluster5": 0.303449898958
        },
        "probability": 0.303449898958,
        "value": "Cluster5"
    },
    "timbre": {
        "all": {
            "bright": 0.892041444778,
            "dark": 0.10795854032
        },
        "probability": 0.892041444778,
        "value": "bright"
    },
    "tonal_atonal": {
        "all": {
            "atonal": 0.0101502463222,
            "tonal": 0.989849746227
        },
        "probability": 0.989849746227,
        "value": "tonal"
    },
    "voice_instrumental": {
        "all": {
            "instrumental": 0.0223565138876,
            "voice": 0.977643489838
        },
        "probability": 0.977643489838,
        "value": "voice"
    }
},
"lowlevel": {
    "average_loudness": 0.981151044369,
    "barkbands_crest": {
        "dmean": 3.68912315369,
        "dmean2": 5.77515554428,
        "dvar": 10.4345092773,
        "dvar2": 24.1877231598,
        "max": 25.3982410431,
        "mean": 13.1316719055,
        "median": 12.96352005,
        "min": 2.26774096489,
        "var": 33.6467018127
    },
    "barkbands_flatness_db": {
        "dmean": 0.0371361970901,
        "dmean2": 0.0588331967592,
        "dvar": 0.00131886522286,
        "dvar2": 0.00272806291468,
        "max": 0.344734936953,
        "mean": 0.170454069972,
        "median": 0.172599211335,
        "min": 0.0280342511833,
        "var": 0.00367388804443
    },
    "barkbands_kurtosis": {
        "dmean": 5.90368461609,
        "dmean2": 9.58000278473,
        "dvar": 106.950401306,
        "dvar2": 260.301086426,
        "max": 122.527381897,
        "mean": 6.46037483215,
        "median": 2.11689901352,
        "min": -1.92298150063,
        "var": 150.177444458
    },
    "barkbands_skewness": {
        "dmean": 0.947586774826,
        "dmean2": 1.47005712986,
        "dvar": 0.999266982079,
        "dvar2": 2.22751021385,
        "max": 10.2748012543,
        "mean": 1.88105428219,
        "median": 1.59052741528,
        "min": -1.69891393185,
        "var": 2.68509721756
    },
    "barkbands_spread": {
        "dmean": 9.59743309021,
        "dmean2": 14.5564289093,
        "dvar": 157.60774231,
        "dvar2": 285.215667725,
        "max": 107.289527893,
        "mean": 23.4983272552,
        "median": 17.5498352051,
        "min": 1.59330308437,
        "var": 378.567260742
    },
    "dissonance": {
        "dmean": 0.0216926950961,
        "dmean2": 0.0366951338947,
        "dvar": 0.000430036801845,
        "dvar2": 0.00112444825936,
        "max": 0.499998062849,
        "mean": 0.463425397873,
        "median": 0.471088707447,
        "min": 0.311211466789,
        "var": 0.000797171145678
    },
    "dynamic_complexity": 2.43977880478,
    "erbbands_crest": {
        "dmean": 2.93072628975,
        "dmean2": 4.663646698,
        "dvar": 8.35087203979,
        "dvar2": 21.8846549988,
        "max": 32.3334503174,
        "mean": 8.7505607605,
        "median": 7.18155479431,
        "min": 2.05730414391,
        "var": 24.8946552277
    },
    "erbbands_flatness_db": {
        "dmean": 0.0237072743475,
        "dmean2": 0.0332411527634,
        "dvar": 0.000544485927094,
        "dvar2": 0.000999478274025,
        "max": 0.356003314257,
        "mean": 0.158630415797,
        "median": 0.153835877776,
        "min": 0.0738855227828,
        "var": 0.00255141686648
    },
    "erbbands_kurtosis": {
        "dmean": 1.12010133266,
        "dmean2": 1.75200343132,
        "dvar": 3.33624434471,
        "dvar2": 7.91059064865,
        "max": 28.2083568573,
        "mean": 0.592740952969,
        "median": -0.155202150345,
        "min": -1.66271007061,
        "var": 7.24710559845
    },
    "erbbands_skewness": {
        "dmean": 0.451563924551,
        "dmean2": 0.684249043465,
        "dvar": 0.193851113319,
        "dvar2": 0.431067198515,
        "max": 3.58390641212,
        "mean": 0.0913350433111,
        "median": 0.100432060659,
        "min": -4.19105005264,
        "var": 0.572928965092
    },
    "erbbands_spread": {
        "dmean": 11.0086755753,
        "dmean2": 16.3997077942,
        "dvar": 122.384605408,
        "dvar2": 248.722579956,
        "max": 117.562690735,
        "mean": 38.6560821533,
        "median": 33.7816352844,
        "min": 3.84410262108,
        "var": 403.272460938
    },
    "hfc": {
        "dmean": 17.704366684,
        "dmean2": 26.3532047272,
        "dvar": 796.409912109,
        "dvar2": 1771.41577148,
        "max": 184.978637695,
        "mean": 28.9571228027,
        "median": 19.3885192871,
        "min": 0.090030349791,
        "var": 1013.05047607
    },
    "melbands_crest": {
        "dmean": 4.30240011215,
        "dmean2": 6.77975845337,
        "dvar": 14.8156080246,
        "dvar2": 36.7966766357,
        "max": 35.4724578857,
        "mean": 18.5956859589,
        "median": 18.5696544647,
        "min": 2.31368947029,
        "var": 46.9266166687
    },
    "melbands_flatness_db": {
        "dmean": 0.046802777797,
        "dmean2": 0.0722505524755,
        "dvar": 0.00228799763136,
        "dvar2": 0.00447297282517,
        "max": 0.468484282494,
        "mean": 0.223999902606,
        "median": 0.226237535477,
        "min": 0.0335540398955,
        "var": 0.00728740589693
    },
    "melbands_kurtosis": {
        "dmean": 15.7046728134,
        "dmean2": 25.6547584534,
        "dvar": 813.992736816,
        "dvar2": 1953.63012695,
        "max": 357.963928223,
        "mean": 21.430727005,
        "median": 9.12660694122,
        "min": -1.39928758144,
        "var": 1279.19897461
    },
    "melbands_skewness": {
        "dmean": 1.29591321945,
        "dmean2": 2.03113698959,
        "dvar": 2.1286380291,
        "dvar2": 4.82134342194,
        "max": 14.8090648651,
        "mean": 3.30441021919,
        "median": 2.78921055794,
        "min": -1.22985422611,
        "var": 5.67496538162
    },
    "melbands_spread": {
        "dmean": 11.6281194687,
        "dmean2": 17.6824703217,
        "dvar": 254.629577637,
        "dvar2": 491.063415527,
        "max": 189.494400024,
        "mean": 24.0275440216,
        "median": 16.8139724731,
        "min": 1.13824820518,
        "var": 573.491760254
    },
    "pitch_salience": {
        "dmean": 0.107774138451,
        "dmean2": 0.176210060716,
        "dvar": 0.0105584254488,
        "dvar2": 0.0265748556703,
        "max": 0.872726917267,
        "mean": 0.455639064312,
        "median": 0.448673784733,
        "min": 0.0809985026717,
        "var": 0.025312859565
    },
    "silence_rate_20dB": {
        "dmean": 0,
        "dmean2": 0,
        "dvar": 0,
        "dvar2": 0,
        "max": 1,
        "mean": 1,
        "median": 1,
        "min": 1,
        "var": 0
    },
    "silence_rate_30dB": {
        "dmean": 0.0340557284653,
        "dmean2": 0.0681642144918,
        "dvar": 0.0328958258033,
        "dvar2": 0.091403119266,
        "max": 1,
        "mean": 0.979891717434,
        "median": 1,
        "min": 0,
        "var": 0.0197039488703
    },
    "silence_rate_60dB": {
        "dmean": 0.0193498451263,
        "dmean2": 0.0387296676636,
        "dvar": 0.0189754106104,
        "dvar2": 0.0403277799487,
        "max": 1,
        "mean": 0.0433101318777,
        "median": 0,
        "min": 0,
        "var": 0.0414342731237
    },
    "spectral_centroid": {
        "dmean": 420.160980225,
        "dmean2": 619.200073242,
        "dvar": 218204.1875,
        "dvar2": 446704.96875,
        "max": 4972.06494141,
        "mean": 1509.34484863,
        "median": 1297.57226562,
        "min": 255.882492065,
        "var": 653371.375
    },
    "spectral_complexity": {
        "dmean": 6.68962860107,
        "dmean2": 9.80945014954,
        "dvar": 56.2217063904,
        "dvar2": 112.163536072,
        "max": 59,
        "mean": 20.2034034729,
        "median": 19,
        "min": 0,
        "var": 128.242614746
    },
    "spectral_decrease": {
        "dmean": 4.62090543607e-09,
        "dmean2": 7.06961378327e-09,
        "dvar": 2.42773671666e-17,
        "dvar2": 5.76245712266e-17,
        "max": -1.8479674388e-11,
        "mean": -1.12452651635e-08,
        "median": -1.02423767245e-08,
        "min": -4.29467235108e-08,
        "var": 5.58929447148e-17
    },
    "spectral_energy": {
        "dmean": 0.0184832010418,
        "dmean2": 0.0281165316701,
        "dvar": 0.000353819341399,
        "dvar2": 0.000833450758364,
        "max": 0.165471196175,
        "mean": 0.0450686998665,
        "median": 0.0416339896619,
        "min": 7.8634962847e-05,
        "var": 0.000837587052956
    },
    "spectral_energyband_high": {
        "dmean": 0.00162190711126,
        "dmean2": 0.00248273904435,
        "dvar": 1.20704316942e-05,
        "dvar2": 2.72477336694e-05,
        "max": 0.0220645200461,
        "mean": 0.00170728913508,
        "median": 0.000351370312274,
        "min": 7.73260012465e-07,
        "var": 1.33326948344e-05
    },
    "spectral_energyband_low": {
        "dmean": 0.0154823148623,
        "dmean2": 0.0247361771762,
        "dvar": 0.000368029373931,
        "dvar2": 0.000950800895225,
        "max": 0.141099527478,
        "mean": 0.0269690155983,
        "median": 0.0219294503331,
        "min": 5.12907982753e-09,
        "var": 0.000629281392321
    },
    "spectral_energyband_middle_high": {
        "dmean": 0.00358337187208,
        "dmean2": 0.00537501648068,
        "dvar": 2.1465077225e-05,
        "dvar2": 4.92012004543e-05,
        "max": 0.0649417489767,
        "mean": 0.00747859617695,
        "median": 0.00420799292624,
        "min": 3.35619115504e-05,
        "var": 8.08383701951e-05
    },
    "spectral_energyband_middle_low": {
        "dmean": 0.00650455337018,
        "dmean2": 0.0108806546777,
        "dvar": 0.000121205215692,
        "dvar2": 0.000321904022712,
        "max": 0.0801642909646,
        "mean": 0.0102546419948,
        "median": 0.00754112144932,
        "min": 3.35274999088e-05,
        "var": 0.000117085779493
    },
    "spectral_entropy": {
        "dmean": 0.228685125709,
        "dmean2": 0.336920410395,
        "dvar": 0.0563302747905,
        "dvar2": 0.115903489292,
        "max": 8.60693454742,
        "mean": 7.64604568481,
        "median": 7.6261138916,
        "min": 6.23500919342,
        "var": 0.169217169285
    },
    "spectral_flux": {
        "dmean": 0.0442040227354,
        "dmean2": 0.0656141638756,
        "dvar": 0.00188479723874,
        "dvar2": 0.0032433825545,
        "max": 0.381517857313,
        "mean": 0.121801733971,
        "median": 0.111085906625,
        "min": 0.00530922086909,
        "var": 0.00456977030262
    },
    "spectral_kurtosis": {
        "dmean": 2.11195111275,
        "dmean2": 3.40325498581,
        "dvar": 8.03475379944,
        "dvar2": 20.1899929047,
        "max": 35.8678817749,
        "mean": 4.59612989426,
        "median": 3.61685228348,
        "min": -1.06743633747,
        "var": 15.5664739609
    },
    "spectral_rms": {
        "dmean": 0.00135694060009,
        "dmean2": 0.00199817307293,
        "dvar": 1.45466140111e-06,
        "dvar2": 3.22850905832e-06,
        "max": 0.0127057190984,
        "mean": 0.00620724167675,
        "median": 0.00637326668948,
        "min": 0.000276978389593,
        "var": 5.43964006283e-06
    },
    "spectral_rolloff": {
        "dmean": 835.129272461,
        "dmean2": 1333.12475586,
        "dvar": 1869206,
        "dvar2": 3720409.25,
        "max": 9797.60742188,
        "mean": 1522.22753906,
        "median": 861.328125,
        "min": 64.599609375,
        "var": 3431753.5
    },
    "spectral_skewness": {
        "dmean": 0.285356640816,
        "dmean2": 0.442014425993,
        "dvar": 0.0898731946945,
        "dvar2": 0.200975626707,
        "max": 4.3757276535,
        "mean": 1.47112774849,
        "median": 1.43846070766,
        "min": -0.0687583610415,
        "var": 0.291094213724
    },
    "spectral_spread": {
        "dmean": 718819.375,
        "dmean2": 1003558.6875,
        "dvar": 617523445760,
        "dvar2": 1.0251658199e+12,
        "max": 10189269,
        "mean": 4293018,
        "median": 4171620.25,
        "min": 1649447.375,
        "var": 1.8263932928e+12
    },
    "spectral_strongpeak": {
        "dmean": 0.457376718521,
        "dmean2": 0.763196825981,
        "dvar": 0.774276018143,
        "dvar2": 1.90201020241,
        "max": 8.22501945496,
        "mean": 0.793933987617,
        "median": 0.422423392534,
        "min": 0,
        "var": 1.45000207424
    },
    "zerocrossingrate": {
        "dmean": 0.0161658134311,
        "dmean2": 0.0181314591318,
        "dvar": 0.000420401745941,
        "dvar2": 0.000457755348179,
        "max": 0.2880859375,
        "mean": 0.0533797517419,
        "median": 0.0380859375,
        "min": 0.00341796875,
        "var": 0.00184262916446
    },
    "barkbands": {
        "dmean": [0.000401316967327, 0.0118057467043, 0.00649282382801, 0.00250221276656, 0.0017688353546, 0.00120248040184, 0.000824982649647, 0.00075654941611, 0.00159144750796, 0.00106509460602, 0.00114770687651, 0.000549734511878, 0.000599131337367, 0.000434493675129, 0.000404566701036, 0.00042637065053, 0.000302266649669, 0.000260345259449, 0.00024484298774, 0.000307752634399, 0.000380050012609, 0.000299760809867, 0.000254682148807, 0.000275190512184, 0.000251040881267, 6.6932363552e-05, 6.42339870183e-08],
        "dmean2": [0.000581364380196, 0.0191614069045, 0.0114714289084, 0.00469892751426, 0.00304232141934, 0.00196920102462, 0.00134976324625, 0.00124690693337, 0.00263095251285, 0.00160754146054, 0.00176711857785, 0.000919547572266, 0.000995319336653, 0.000678612035699, 0.000660857767798, 0.00067840970587, 0.000476180721307, 0.000419925170718, 0.000364371313481, 0.000484018528368, 0.000600691419095, 0.00045569150825, 0.000393347727368, 0.000426155573223, 0.000410842621932, 0.000108279884444, 1.18637615287e-07],
        "dvar": [2.28708188388e-07, 0.00019182995311, 0.000226359436056, 5.0362188631e-05, 1.01412806544e-05, 3.23882568409e-06, 1.97747885977e-06, 1.76713774636e-06, 1.59548380907e-05, 1.06064526335e-05, 9.0147859737e-06, 7.86371003869e-07, 2.20940819418e-06, 9.76128944785e-07, 7.69035352732e-07, 5.01899762639e-07, 2.19226990339e-07, 1.33292246574e-07, 1.21718457535e-07, 3.27487214236e-07, 6.6667774945e-07, 4.29880969932e-07, 3.16642257303e-07, 3.70294543472e-07, 3.93490779516e-07, 2.61216026587e-08, 8.36006136822e-14],
        "dvar2": [5.36840673249e-07, 0.000555647187866, 0.00061787921004, 0.000145667407196, 2.80069143628e-05, 8.24388280307e-06, 4.83078747493e-06, 4.322575478e-06, 4.1369588871e-05, 2.08053752431e-05, 2.15859927266e-05, 2.04686261895e-06, 6.00753355684e-06, 2.01006150746e-06, 1.93380446945e-06, 1.0891473039e-06, 4.76387810977e-07, 3.20387982811e-07, 2.69408332088e-07, 6.26133100923e-07, 1.62517301305e-06, 1.01455498225e-06, 7.19950662642e-07, 8.1387594264e-07, 9.70441078607e-07, 6.23417264478e-08, 2.34954552559e-13],
        "max": [0.00417831819504, 0.092594742775, 0.108404919505, 0.0540854632854, 0.0285753738135, 0.0208055265248, 0.0186081696302, 0.0120889563113, 0.0481510050595, 0.0543494485319, 0.0604716464877, 0.00899284891784, 0.0236068554223, 0.0198755301535, 0.0130554195493, 0.00714871287346, 0.00715144630522, 0.00368353258818, 0.00358120468445, 0.00424862792715, 0.00569009501487, 0.00538288755342, 0.00493360403925, 0.00467725330964, 0.00410357862711, 0.00118792429566, 3.21975039697e-06],
        "mean": [0.000770358252339, 0.0192689355463, 0.00582161033526, 0.00184227526188, 0.002348637674, 0.00170822266955, 0.00116106471978, 0.000899328733794, 0.00182129035238, 0.00149272300769, 0.00200337148272, 0.000641177874058, 0.000728659564629, 0.000544197158888, 0.000512842379976, 0.000537907646503, 0.000424075056799, 0.000328412919771, 0.000329945993144, 0.000379041826818, 0.000394752976717, 0.000307217065711, 0.00026763533242, 0.000272811157629, 0.000206748431083, 5.54374637431e-05, 3.81953135786e-08],
        "median": [0.000270247255685, 0.0150570422411, 0.00128844869323, 0.000389869790524, 0.0011658485746, 0.00102332164533, 0.000531068712007, 0.000397599767894, 0.000697959156241, 0.000310965871904, 0.000400267395889, 0.000260072178207, 0.000250739685725, 0.000208165525692, 0.00021262167138, 0.000219126188313, 0.000206729237107, 0.000162341966643, 0.000169619001099, 0.000125865248265, 7.95391824795e-05, 5.24814022356e-05, 5.41698318557e-05, 3.21468542097e-05, 1.60194758791e-05, 5.76166394239e-06, 8.49775305678e-10],
        "min": [1.36576947668e-11, 8.18621948007e-10, 2.72051686734e-10, 7.36555261227e-10, 1.3295300505e-07, 1.8681762981e-07, 5.51853986508e-07, 6.92625746979e-07, 2.29255806516e-06, 2.82274277197e-06, 8.09788048173e-07, 1.05851961507e-06, 2.08776305044e-06, 3.0187638913e-06, 1.8886394173e-06, 2.3091336061e-06, 1.66931977219e-06, 9.74929207587e-07, 3.23038761962e-07, 6.4032337832e-07, 2.82692042219e-07, 1.930346194e-08, 9.47413880681e-09, 2.16122031382e-09, 5.17100728556e-12, 5.93223430448e-12, 7.36881822921e-12],
        "var": [8.5735337052e-07, 0.000346137327142, 0.000166840371094, 2.89070721919e-05, 1.05454173536e-05, 4.35784613728e-06, 3.28451437781e-06, 2.08288429349e-06, 1.57872545969e-05, 2.27001983149e-05, 3.05948560708e-05, 1.00445708995e-06, 2.28303406402e-06, 1.57233432674e-06, 9.95350433186e-07, 7.36690367376e-07, 3.60373434205e-07, 1.80206342293e-07, 1.88616397168e-07, 4.54154303497e-07, 6.87780982389e-07, 4.66009936417e-07, 3.7775876649e-07, 4.16738657805e-07, 3.34322152185e-07, 2.28568488581e-08, 4.92013893549e-14]
    },
    "erbbands": {
        "dmean": [0.299662739038, 2.82795143127, 6.82046365738, 8.61389923096, 6.06605911255, 6.47836685181, 8.50514411926, 9.16923999786, 9.35691738129, 14.4670524597, 19.196647644, 36.5824775696, 34.0598220825, 41.526550293, 32.1263198853, 22.253156662, 26.4715194702, 19.8516235352, 20.8586711884, 25.1783351898, 19.4562416077, 14.6022758484, 13.2117462158, 14.2866697311, 11.5344324112, 13.3827476501, 17.1352043152, 13.4657812119, 12.3480176926, 8.55399608612, 7.27459001541, 6.59164476395, 3.85616612434, 2.87164258957, 1.62827694416, 0.4578332901, 0.121398404241, 0.00586255872622, 0.000154955050675, 3.30817565555e-05],
        "dmean2": [0.445842951536, 4.61151742935, 11.4261837006, 15.8702449799, 10.8430128098, 11.0401382446, 14.2991380692, 14.8493385315, 15.6472606659, 23.396654129, 31.0962944031, 59.8644638062, 55.1510925293, 65.0710144043, 51.179233551, 37.0544242859, 43.9834327698, 30.5891418457, 33.5337677002, 38.8671951294, 30.9357910156, 23.4806880951, 21.3306598663, 21.4600715637, 17.2860641479, 20.856760025, 26.8833656311, 21.224729538, 19.1379985809, 13.3225164413, 11.128162384, 10.2338924408, 5.96645593643, 4.54929637909, 2.71900653839, 0.760524213314, 0.198826894164, 0.00980432052165, 0.00025366191403, 5.09208293806e-05],
        "dvar": [0.106149859726, 12.72224617, 179.709487915, 571.112731934, 192.934524536, 123.368309021, 165.593551636, 221.307174683, 272.254577637, 628.756835938, 1069.52416992, 8868.44433594, 11436.4775391, 14290.6425781, 3332.67260742, 1275.41296387, 4784.57763672, 1646.87145996, 2542.98095703, 2284.03540039, 943.340942383, 681.324462891, 335.122131348, 465.451904297, 302.763397217, 559.258728027, 1302.1854248, 873.515563965, 786.229125977, 330.175628662, 261.611755371, 220.283325195, 72.107383728, 46.3964118958, 17.822517395, 1.37247991562, 0.0885128080845, 0.000223722337978, 1.36040256393e-07, 1.69555103291e-09],
        "dvar2": [0.264964431524, 36.0525856018, 472.159423828, 1622.18603516, 550.983886719, 325.343048096, 436.057861328, 556.104248047, 702.723449707, 1469.04174805, 2603.8449707, 22174.7792969, 26823.0429688, 32804.9804688, 7489.78759766, 3230.60693359, 13123.5849609, 3038.89648438, 6167.15332031, 5378.33154297, 2182.25170898, 1534.83325195, 824.243347168, 1033.78491211, 588.114196777, 1104.08496094, 3159.30712891, 2135.60742188, 1924.26257324, 759.370056152, 581.402404785, 484.498657227, 158.640304565, 109.802589417, 44.8444747925, 3.45808243752, 0.211878299713, 0.00055728078587, 3.2991258081e-07, 3.97431954013e-09],
        "max": [3.6708946228, 23.9574432373, 96.8859558105, 163.909423828, 116.949401855, 91.4426269531, 120.58631134, 154.105606079, 175.346496582, 458.024383545, 300.21786499, 1417.42248535, 1678.8651123, 1854.64306641, 1073.61938477, 419.59588623, 1111.15942383, 881.593444824, 713.214050293, 623.548400879, 365.390563965, 474.290466309, 193.893096924, 284.320220947, 196.8621521, 194.416763306, 254.422317505, 200.60534668, 226.930999756, 162.258407593, 193.725326538, 136.250045776, 58.623752594, 47.4668083191, 26.6051025391, 8.0479631424, 2.0205078125, 0.122495822608, 0.00238351756707, 0.000290327356197],
        "mean": [0.616070151329, 4.0164937973, 7.32390975952, 6.67116641998, 6.35397100449, 8.34210395813, 11.8997821808, 12.8085193634, 12.5209035873, 21.8781394958, 24.4128379822, 43.4366607666, 41.3144874573, 78.1874084473, 51.2266120911, 29.422952652, 33.0136833191, 27.6711444855, 26.4384326935, 34.2010574341, 27.779340744, 21.01679039, 17.2565116882, 19.3743495941, 15.8644866943, 16.6247215271, 17.8500900269, 13.8069171906, 12.1232175827, 8.85885047913, 7.76075029373, 6.50975513458, 3.8214430809, 2.55437350273, 1.25489878654, 0.367162466049, 0.0972865447402, 0.00452386587858, 0.000142207354656, 6.3235660491e-05],
        "median": [0.44286480546, 2.66261982918, 2.36618876457, 1.47816205025, 2.16155529022, 3.77089333534, 7.03913164139, 7.26240968704, 6.40828371048, 9.24503612518, 12.3965482712, 16.815290451, 13.8648967743, 13.5884914398, 18.1284770966, 15.0652093887, 13.0654277802, 11.7935476303, 11.1075792313, 13.0013303757, 14.7630081177, 11.3896903992, 9.30331039429, 9.93469619751, 7.30891656876, 6.04967880249, 4.05327749252, 2.59130001068, 1.82425558567, 1.84394931793, 1.43118619919, 0.824044466019, 0.435669571161, 0.232791036367, 0.0796886235476, 0.0395530536771, 0.00874537695199, 0.000403662095778, 3.62704631698e-05, 5.39627217222e-05],
        "min": [1.34075435199e-08, 2.32423943203e-07, 1.263225613e-06, 2.3848915589e-06, 1.85488315765e-05, 0.000438819231931, 0.00168177229352, 0.00401092041284, 0.0205922331661, 0.0290426295251, 0.0234973672777, 0.0655180960894, 0.153064951301, 0.0598242133856, 0.0420403070748, 0.0582500211895, 0.0940415337682, 0.15295779705, 0.0925634875894, 0.165533781052, 0.11313290894, 0.0900568440557, 0.0643445104361, 0.0364121831954, 0.01248241961, 0.0268036965281, 0.0132531793788, 0.00596426567063, 0.00135282811243, 0.000444401812274, 0.000250892306212, 8.70448129717e-05, 1.08885524241e-05, 6.25567793122e-07, 1.74291585608e-07, 9.62451238706e-08, 5.90621844765e-08, 2.09694572817e-08, 5.13881346365e-08, 9.81243246656e-08],
        "var": [0.391077816486, 19.950094223, 168.226593018, 344.822021484, 141.41242981, 158.490966797, 212.055389404, 275.824249268, 339.318603516, 1232.7109375, 1364.93469238, 9890.078125, 13056.9082031, 54491.2734375, 9546.87695312, 1657.8659668, 4698.70068359, 3168.45385742, 3108.57226562, 3560.1081543, 1366.56359863, 978.977111816, 423.250823975, 696.989379883, 507.776397705, 800.144165039, 1363.80627441, 880.724487305, 782.964172363, 375.361053467, 333.017181396, 250.537506104, 79.9786376953, 43.7540245056, 14.2649421692, 1.09751975536, 0.0757707953453, 0.000176215384272, 1.14117831629e-07, 2.30979635418e-09]
    },
    "gfcc": {
        "mean": [8.48056125641, 93.7147521973, -123.994613647, 37.803565979, -56.2154998779, 23.8637294769, -29.9349994659, 17.7230510712, -17.9070739746, 5.69585371017, -8.96016979218, 3.82901668549, -3.23425483704],
        "cov": [[4967.734375, -536.427185059, 852.320800781, 554.322387695, -19.2172927856, 461.025604248, -73.0645294189, 193.182159424, -228.375671387, 58.0133399963, -256.673583984, 60.8981590271, -135.6300354], [-536.427185059, 2522.90820312, 442.59979248, -71.8156051636, 876.092285156, -33.8424720764, 346.16003418, -38.3891601562, 193.997817993, -254.951431274, 143.036834717, -184.753890991, -6.67630815506], [852.320800781, 442.59979248, 1289.68835449, 659.663146973, 344.79473877, 315.450286865, 166.52835083, 148.772323608, 52.0990486145, 58.7715377808, -32.6257667542, 53.4716644287, -88.3558120728], [554.322387695, -71.8156051636, 659.663146973, 724.153808594, 148.991409302, 242.582931519, 106.673156738, 82.9359817505, 42.1357650757, 27.4380474091, -8.18465805054, 20.4350395203, -13.0859241486], [-19.2172927856, 876.092285156, 344.79473877, 148.991409302, 600.719116211, 129.939575195, 210.895263672, 86.4266891479, 98.284362793, -64.6314315796, 60.9651756287, -28.0883560181, -2.13584947586], [461.025604248, -33.8424720764, 315.450286865, 242.582931519, 129.939575195, 285.159881592, 118.062973022, 72.4466018677, 3.84682631493, 10.55281353, 4.31227636337, 4.99465370178, -3.91225910187], [-73.0645294189, 346.16003418, 166.52835083, 106.673156738, 210.895263672, 118.062973022, 231.946334839, 81.7006912231, 53.9289207458, -26.1501216888, 52.79637146, -9.79250431061, 18.4326038361], [193.182159424, -38.3891601562, 148.772323608, 82.9359817505, 86.4266891479, 72.4466018677, 81.7006912231, 170.247940063, 70.8972854614, 35.7200202942, 3.50075769424, 36.1078605652, 7.10056877136], [-228.375671387, 193.997817993, 52.0990486145, 42.1357650757, 98.284362793, 3.84682631493, 53.9289207458, 70.8972854614, 156.377075195, 20.1833515167, 28.7921066284, -6.23543214798, 16.324180603], [58.0133399963, -254.951431274, 58.7715377808, 27.4380474091, -64.6314315796, 10.55281353, -26.1501216888, 35.7200202942, 20.1833515167, 144.982345581, 20.8296470642, 61.0963935852, 0.0512021407485], [-256.673583984, 143.036834717, -32.6257667542, -8.18465805054, 60.9651756287, 4.31227636337, 52.79637146, 3.50075769424, 28.7921066284, 20.8296470642, 135.242279053, 28.4428215027, 56.8375930786], [60.8981590271, -184.753890991, 53.4716644287, 20.4350395203, -28.0883560181, 4.99465370178, -9.79250431061, 36.1078605652, -6.23543214798, 61.0963935852, 28.4428215027, 118.368339539, 27.0657138824], [-135.6300354, -6.67630815506, -88.3558120728, -13.0859241486, -2.13584947586, -3.91225910187, 18.4326038361, 7.10056877136, 16.324180603, 0.0512021407485, 56.8375930786, 27.0657138824, 100.805244446]],
        "icov": [[0.000362416030839, -0.000270292017376, 0.000100357930933, -0.000236391759245, 0.000219455338083, -0.000680096156429, 0.000628867885098, -0.000844202761073, 0.00085934298113, -0.000271138414973, 0.000561823719181, -0.000182117713848, 4.28217426816e-05], [-0.000270292017376, 0.00269323796965, -0.00181971269194, 0.00175271800254, -0.00255562900566, 0.00250094989315, -0.00218288274482, 0.00304687581956, -0.002514034044, 0.00250165374018, -0.00199891859666, 0.00218344503082, -0.000378639262635], [0.000100357930933, -0.00181971269194, 0.00333236833103, -0.00259205140173, 0.000922275008634, -0.00216454360634, 0.00130327465013, -0.00217254040763, 0.00167883140966, -0.00218616845086, 0.00166330765933, -0.00248830625787, 0.00190861290321], [-0.000236391759245, 0.00175271800254, -0.00259205140173, 0.00413347920403, -0.00124273158144, 0.000440293515567, -0.00146138598211, 0.00240271678194, -0.0024003572762, 0.00181740080006, -0.00123112695292, 0.0016556114424, -0.00121117697563], [0.000219455338083, -0.00255562900566, 0.000922275008634, -0.00124273158144, 0.00561860855669, -0.00255857268348, 0.00040147130494, -0.00292052631266, 0.00103542231955, -0.000674115668517, 0.000634485681076, -0.00189643725753, 0.000909223104827], [-0.000680096156429, 0.00250094989315, -0.00216454360634, 0.000440293515567, -0.00255857268348, 0.00944271590561, -0.00478940177709, 0.00217555533163, -0.0010367508512, 0.00137517554685, -0.00192698964383, 0.00304415845312, -0.00111834262498], [0.000628867885098, -0.00218288274482, 0.00130327465013, -0.00146138598211, 0.00040147130494, -0.00478940177709, 0.0113041037694, -0.00608577951789, 0.00249724765308, -0.000271546974545, -0.000994868809357, -0.000496750057209, 0.000128523475723], [-0.000844202761073, 0.00304687581956, -0.00217254040763, 0.00240271678194, -0.00292052631266, 0.00217555533163, -0.00608577951789, 0.0150385443121, -0.00802889000624, 0.00141642300878, 0.000146371487062, -0.00109345407691, -0.000939790799748], [0.00085934298113, -0.002514034044, 0.00167883140966, -0.0024003572762, 0.00103542231955, -0.0010367508512, 0.00249724765308, -0.00802889000624, 0.0135155729949, -0.00462870998308, 0.00136297661811, 0.00124877574854, -0.00104989297688], [-0.000271138414973, 0.00250165374018, -0.00218616845086, 0.00181740080006, -0.000674115668517, 0.00137517554685, -0.000271546974545, 0.00141642300878, -0.00462870998308, 0.0135525316, -0.0047421650961, -0.00256019900553, 0.00221347576007], [0.000561823719181, -0.00199891859666, 0.00166330765933, -0.00123112695292, 0.000634485681076, -0.00192698964383, -0.000994868809357, 0.000146371487062, 0.00136297661811, -0.0047421650961, 0.0145312147215, -0.00357597391121, -0.00541953369975], [-0.000182117713848, 0.00218344503082, -0.00248830625787, 0.0016556114424, -0.00189643725753, 0.00304415845312, -0.000496750057209, -0.00109345407691, 0.00124877574854, -0.00256019900553, -0.00357597391121, 0.0157146509737, -0.00422465614974], [4.28217426816e-05, -0.000378639262635, 0.00190861290321, -0.00121117697563, 0.000909223104827, -0.00111834262498, 0.000128523475723, -0.000939790799748, -0.00104989297688, 0.00221347576007, -0.00541953369975, -0.00422465614974, 0.0158458054066]]
    },
    "melbands": {
        "dmean": [0.00297773582861, 0.00331209250726, 0.00139963813126, 0.000423797086114, 0.000280658656266, 0.000211713413591, 0.000148074803292, 0.000150165855302, 0.000168768136064, 0.000237268599449, 0.000170553554199, 0.000167465943377, 0.000138098330353, 6.45827094559e-05, 6.43898092676e-05, 5.17265143571e-05, 3.85178282158e-05, 3.92202455259e-05, 2.85916867142e-05, 3.48141802533e-05, 2.42712776526e-05, 1.69346130861e-05, 1.25721799122e-05, 1.30908601932e-05, 1.20387385323e-05, 9.00838494999e-06, 1.06663528641e-05, 9.04320677364e-06, 1.09201446321e-05, 1.03023239717e-05, 6.97755513102e-06, 7.67154233472e-06, 5.32882359039e-06, 4.65882885692e-06, 4.41105385107e-06, 3.75644094674e-06, 4.22839002567e-06, 3.08072753796e-06, 2.21717095883e-06, 2.48276637649e-06],
        "dmean2": [0.00476710405201, 0.00544772064313, 0.00255591724999, 0.000744143559132, 0.000471765873954, 0.000343575346051, 0.000245193747105, 0.000246117881034, 0.000271589524345, 0.000390447909012, 0.000272456672974, 0.000261358276475, 0.000215479929466, 0.000108351043309, 0.000105327417259, 8.63128298079e-05, 5.96653881075e-05, 6.31558941677e-05, 4.6388769988e-05, 5.42467787454e-05, 3.89259330404e-05, 2.74260255537e-05, 2.07075772778e-05, 2.11971473618e-05, 1.81186405825e-05, 1.37990336952e-05, 1.60184099514e-05, 1.42886929098e-05, 1.75360401045e-05, 1.65237543115e-05, 1.09703278213e-05, 1.21309276437e-05, 8.19694014353e-06, 7.29616931494e-06, 6.75025921737e-06, 5.71603504795e-06, 6.64835260977e-06, 4.82127143187e-06, 3.33917091666e-06, 4.00671251555e-06],
        "dvar": [1.11597728392e-05, 2.68105650321e-05, 1.40121865115e-05, 6.60991759105e-07, 1.72275221644e-07, 1.09922659419e-07, 6.6133019061e-08, 6.34987600279e-08, 8.26199837434e-08, 3.82285520573e-07, 2.90972764105e-07, 2.39139154701e-07, 8.88184814585e-08, 1.148090778e-08, 2.2626052143e-08, 1.20298135897e-08, 7.89024667824e-09, 8.92126017504e-09, 3.75502606786e-09, 4.01388566829e-09, 1.60572499741e-09, 1.05798092509e-09, 3.20521831298e-10, 3.75038305966e-10, 3.6256253555e-10, 1.96342123115e-10, 3.76822822945e-10, 2.61888982722e-10, 5.20449072727e-10, 5.47265843753e-10, 2.2721453885e-10, 3.21095122713e-10, 1.3149736855e-10, 1.00140770676e-10, 9.56889567583e-11, 7.01840738304e-11, 9.2415804176e-11, 4.60257179591e-11, 2.36289911248e-11, 3.67022696957e-11],
        "dvar2": [3.15587858495e-05, 6.66206688038e-05, 3.94944800064e-05, 1.84408918358e-06, 4.47823197192e-07, 2.76119578757e-07, 1.68381987464e-07, 1.4983481833e-07, 2.01907297992e-07, 9.75976604423e-07, 6.64927540583e-07, 5.35715855676e-07, 2.04199977816e-07, 2.98224094308e-08, 6.29868424085e-08, 3.07692431534e-08, 1.45106557881e-08, 2.16634052919e-08, 9.41647204655e-09, 8.47766479239e-09, 3.70740149691e-09, 2.436192581e-09, 7.24873772118e-10, 8.91658802349e-10, 8.04145305899e-10, 4.55123327914e-10, 8.74313621502e-10, 5.47971279463e-10, 1.31152022576e-09, 1.31751265453e-09, 5.7091564809e-10, 8.03785205061e-10, 3.04239911042e-10, 2.34975622293e-10, 2.15421624983e-10, 1.52116624852e-10, 2.12433654001e-10, 1.05388545113e-10, 5.34789122708e-11, 8.79012557187e-11],
        "max": [0.0260932892561, 0.0374139882624, 0.0255330055952, 0.00783225800842, 0.00376071338542, 0.00355437258258, 0.00312704429962, 0.00417414680123, 0.00338557176292, 0.00810608360916, 0.00879417452961, 0.00687291426584, 0.00568801909685, 0.00120270543266, 0.00233517796732, 0.00135227595456, 0.00206445064396, 0.00115823012311, 0.000796421896666, 0.00070876441896, 0.000558093830477, 0.000628678128123, 0.000190594015294, 0.000203391318792, 0.00024657175527, 0.000180854200153, 0.000164702345501, 0.000154812718392, 0.000154996261699, 0.000192650230019, 0.000113112117106, 0.000134908870677, 0.000102081088698, 8.25406459626e-05, 0.000125162012409, 7.98492037575e-05, 7.71402992541e-05, 4.66196943307e-05, 3.41104750987e-05, 4.4902357331e-05],
        "mean": [0.00540454033762, 0.00445122364908, 0.00116721552331, 0.000517063541338, 0.000413547910284, 0.000299061794067, 0.000205222895602, 0.000225785304792, 0.00021556741558, 0.000269440410193, 0.000196709093871, 0.000304089335259, 0.000231403551879, 7.48224338167e-05, 7.6230004197e-05, 6.43434177618e-05, 5.07782060595e-05, 4.49618382845e-05, 3.78490040021e-05, 4.33642344433e-05, 3.24961038132e-05, 2.33127175306e-05, 1.64964130818e-05, 1.59606788657e-05, 1.57913036674e-05, 1.17179124572e-05, 1.20072591017e-05, 1.06713550849e-05, 1.11222398118e-05, 1.01437972262e-05, 7.18657747711e-06, 7.31928776077e-06, 5.38030326425e-06, 4.75765682495e-06, 4.66422488898e-06, 3.90485274693e-06, 3.94503786083e-06, 2.89924719254e-06, 2.16229886973e-06, 2.11757105717e-06],
        "median": [0.00408620294183, 0.00225485209376, 0.000295054924209, 0.000215599982766, 0.000264930975391, 0.000175111577846, 0.00010479989578, 9.49749373831e-05, 0.000104740087409, 9.78916432359e-05, 5.86748356e-05, 4.81426650367e-05, 5.90061172261e-05, 3.18454840453e-05, 3.36730008712e-05, 2.14252904698e-05, 2.01303046197e-05, 1.65567016666e-05, 1.42236576721e-05, 1.61138541444e-05, 1.60359268193e-05, 1.16771007015e-05, 7.97739267e-06, 7.09871437721e-06, 7.82229562901e-06, 5.37768119102e-06, 4.26750875704e-06, 3.58960687663e-06, 2.69603583547e-06, 1.76949299657e-06, 1.38072323352e-06, 9.91165165942e-07, 9.53036476403e-07, 1.03989520994e-06, 8.59038266299e-07, 4.99880457028e-07, 4.61924571482e-07, 3.13252172646e-07, 2.01545162781e-07, 1.73021462047e-07],
        "min": [1.43032516386e-10, 2.44846254382e-10, 6.47203401982e-10, 3.70062891442e-09, 4.98850027952e-08, 3.52421984928e-08, 2.45402418386e-07, 1.81925329912e-07, 2.05352051807e-07, 4.41625616077e-07, 2.84037383835e-07, 1.8436689686e-07, 9.75110339141e-08, 1.65543511343e-07, 1.32729795155e-07, 1.89634192793e-07, 2.29935267271e-07, 9.35860526852e-08, 1.83098052275e-07, 1.81286466727e-07, 1.16441370324e-07, 9.50756202656e-08, 3.6848604168e-08, 4.65199896382e-08, 2.61693120507e-08, 9.12748987503e-09, 1.13345706154e-08, 9.96921123431e-09, 7.31695504186e-09, 7.57444507116e-09, 2.10404649259e-09, 5.28074473038e-10, 2.14647605246e-10, 1.82725098941e-10, 1.7280428477e-10, 6.56129317544e-11, 4.13092060558e-11, 7.11745072601e-12, 6.32336739394e-13, 3.72620093418e-14],
