{
"highlevel": {
    "danceability": {
        "all": {
            "danceable": 0.428287297487,
            "not_danceable": 0.571712732315
        },
        "probability": 0.571712732315,
        "value": "not_danceable"
    },
    "gender": {
        "all": {
            "female": 0.400560736656,
            "male": 0.599439263344
        },
        "probability": 0.599439263344,
        "value": "male"
    },
    "genre_dortmund": {
        "all": {
            "alternative": 0.0640887916088,
            "blues": 0.248628526926,
            "electronic": 0.0286820270121,
            "folkcountry": 0.24604588747,
            "funksoulrnb": 0.0376327820122,
            "jazz": 0.162578165531,
            "pop": 0.101056404412,
            "raphiphop": 0.0152927907184,
            "rock": 0.0959946364164
        },
        "probability": 0.248628526926,
        "value": "blues"
    },
    "genre_electronic": {
        "all": {
            "ambient": 0.665378332138,
            "dnb": 0.150031775236,
            "house": 0.142196133733,
            "techno": 0.0162102244794,
            "trance": 0.026183526963
        },
        "probability": 0.665378332138,
        "value": "ambient"
    },
    "genre_rosamerica": {
        "all": {
            "cla": 0.0914868637919,
            "dan": 0.0922636762261,
            "hip": 0.101722627878,
            "jaz": 0.121710091829,
            "pop": 0.247286781669,
            "rhy": 0.256137162447,
            "roc": 0.0667894408107,
            "spe": 0.0226033534855
        },
        "probability": 0.256137162447,
        "value": "rhy"
    },
    "genre_tzanetakis": {
        "all": {
            "blu": 0.0626541376114,
            "cla": 0.0348133966327,
            "cou": 0.0783501937985,
            "dis": 0.104547761381,
            "hip": 0.15693578124,
            "jaz": 0.313987255096,
            "met": 0.044816005975,
            "pop": 0.0627349764109,
            "reg": 0.0627352520823,
            "roc": 0.0784252434969
        },
        "probability": 0.313987255096,
        "value": "jaz"
    },
    "ismir04_rhythm": {
        "all": {
            "ChaChaCha": 0.043438475579,
            "Jive": 0.0347461588681,
            "Quickstep": 0.407779812813,
            "Rumba-American": 0.0257638487965,
            "Rumba-International": 0.275328040123,
            "Rumba-Misc": 0.00710702221841,
            "Samba": 0.106306500733,
            "Tango": 0.0287835039198,
            "VienneseWaltz": 0.045729611069,
            "Waltz": 0.0250170342624
        },
        "probability": 0.407779812813,
        "value": "Quickstep"
    },
    "mood_acoustic": {
        "all": {
            "acoustic": 0.180707812309,
            "not_acoustic": 0.819292187691
        },
        "probability": 0.819292187691,
        "value": "not_acoustic"
    },
    "mood_aggressive": {
        "all": {
            "aggressive": 0.00742273731157,
            "not_aggressive": 0.992577254772
        },
        "probability": 0.992577254772,
        "value": "not_aggressive"
    },
    "mood_electronic": {
        "all": {
            "electronic": 0.744904339314,
            "not_electronic": 0.255095660686
        },
        "probability": 0.744904339314,
        "value": "electronic"
    },
    "mood_happy": {
        "all": {
            "happy": 0.46958437562,
            "not_happy": 0.530415594578
        },
        "probability": 0.530415594578,
        "value": "not_happy"
    },
    "mood_party": {
        "all": {
            "not_party": 0.27504375577,
            "party": 0.724956214428
        },
        "probability": 0.724956214428,
        "value": "party"
    },
    "mood_relaxed": {
        "all": {
            "not_relaxed": 0.811508059502,
            "relaxed": 0.188491910696
        },
        "probability": 0.811508059502,
        "value": "not_relaxed"
    },
    "mood_sad": {
        "all": {
            "not_sad": 0.531776309013,
            "sad": 0.468223720789
        },
        "probability": 0.531776309013,
        "value": "not_sad"
    },
    "moods_mirex": {
        "all": {
            "Cluster1": 0.209288343787,
            "Cluster2": 0.175732821226,
            "Cluster3": 0.365649044514,
            "Cluster4": 0.192434459925,
            "Cluster5": 0.0568953156471
        },
        "probability": 0.365649044514,
        "value": "Cluster3"
    },
    "timbre": {
        "all": {
            "bright": 0.958278357983,
            "dark": 0.0417216643691
        },
        "probability": 0.958278357983,
        "value": "bright"
    },
    "tonal_atonal": {
        "all": {
            "atonal": 0.0774561911821,
            "tonal": 0.922543823719
        },
        "probability": 0.922543823719,
        "value": "tonal"
    },
    "voice_instrumental": {
        "all": {
            "instrumental": 0.00143862701952,
            "voice": 0.998561382294
        },
        "probability": 0.998561382294,
        "value": "voice"
    }
},
"lowlevel": {
    "average_loudness": 0.970749676228,
    "barkbands_crest": {
        "dmean": 2.77571725845,
        "dmean2": 4.38414669037,
        "dvar": 6.57700872421,
        "dvar2": 14.8123321533,
        "max": 24.9017391205,
        "mean": 11.7963190079,
        "median": 11.2119083405,
        "min": 3.34427714348,
        "var": 21.9082069397
    },
    "barkbands_flatness_db": {
        "dmean": 0.0276612341404,
        "dmean2": 0.0409352369606,
        "dvar": 0.000719805015251,
        "dvar2": 0.00152560090646,
        "max": 0.341104835272,
        "mean": 0.163357049227,
        "median": 0.15412658453,
        "min": 0.0589989461005,
        "var": 0.00235440745018
    },
    "barkbands_kurtosis": {
        "dmean": 4.3390212059,
        "dmean2": 6.67444515228,
        "dvar": 57.9216575623,
        "dvar2": 131.473815918,
        "max": 118.687728882,
        "mean": 6.57944965363,
        "median": 2.43398094177,
        "min": -1.90077066422,
        "var": 123.777709961
    },
    "barkbands_skewness": {
        "dmean": 0.681711912155,
        "dmean2": 1.00466954708,
        "dvar": 0.567471921444,
        "dvar2": 1.19385302067,
        "max": 9.766040802,
        "mean": 1.93627512455,
        "median": 1.69910728931,
        "min": -1.49900758266,
        "var": 2.16526770592
    },
    "barkbands_spread": {
        "dmean": 7.38464403152,
        "dmean2": 11.0614509583,
        "dvar": 77.9327697754,
        "dvar2": 156.338104248,
        "max": 92.7007141113,
        "mean": 24.5034332275,
        "median": 21.3392124176,
        "min": 1.67072582245,
        "var": 277.082397461
    },
    "dissonance": {
        "dmean": 0.0171165205538,
        "dmean2": 0.0280313082039,
        "dvar": 0.000212031314732,
        "dvar2": 0.00055729818996,
        "max": 0.498715430498,
        "mean": 0.463318616152,
        "median": 0.467904925346,
        "min": 0.355701088905,
        "var": 0.000462448195321
    },
    "dynamic_complexity": 2.26099920273,
    "erbbands_crest": {
        "dmean": 2.45980024338,
        "dmean2": 4.0333275795,
        "dvar": 5.28165388107,
        "dvar2": 13.3152093887,
        "max": 23.8785648346,
        "mean": 8.33334922791,
        "median": 7.64558601379,
        "min": 2.70193147659,
        "var": 11.8128480911
    },
    "erbbands_flatness_db": {
        "dmean": 0.0221037194133,
        "dmean2": 0.0317927487195,
        "dvar": 0.000361515034456,
        "dvar2": 0.000746830890421,
        "max": 0.262141048908,
        "mean": 0.154254034162,
        "median": 0.154963254929,
        "min": 0.0679576545954,
        "var": 0.00124920217786
    },
    "erbbands_kurtosis": {
        "dmean": 0.781647086143,
        "dmean2": 1.20593011379,
        "dvar": 1.10920584202,
        "dvar2": 2.39160943031,
        "max": 13.8747730255,
        "mean": -0.0986873880029,
        "median": -0.584542989731,
        "min": -1.74456202984,
        "var": 2.59909701347
    },
    "erbbands_skewness": {
        "dmean": 0.398716360331,
        "dmean2": 0.593328177929,
        "dvar": 0.149582237005,
        "dvar2": 0.300516933203,
        "max": 2.94486951828,
        "mean": 0.141336217523,
        "median": 0.18831397593,
        "min": -3.33529067039,
        "var": 0.765872001648
    },
    "erbbands_spread": {
        "dmean": 9.9684753418,
        "dmean2": 14.8952379227,
        "dvar": 105.868743896,
        "dvar2": 245.721389771,
        "max": 120.598426819,
        "mean": 47.2625961304,
        "median": 45.3297348022,
        "min": 10.8490419388,
        "var": 296.361358643
    },
    "hfc": {
        "dmean": 6.18508338928,
        "dmean2": 8.31653118134,
        "dvar": 61.4000778198,
        "dvar2": 110.981262207,
        "max": 107.14642334,
        "mean": 16.3101100922,
        "median": 10.5013427734,
        "min": 0.0800857022405,
        "var": 271.929351807
    },
    "melbands_crest": {
        "dmean": 2.97117328644,
        "dmean2": 4.76022386551,
        "dvar": 7.81951951981,
        "dvar2": 19.6855220795,
        "max": 30.2190227509,
        "mean": 15.2448396683,
        "median": 14.9562711716,
        "min": 4.32313966751,
        "var": 22.7204627991
    },
    "melbands_flatness_db": {
        "dmean": 0.0359555631876,
        "dmean2": 0.0513163134456,
        "dvar": 0.00121018709615,
        "dvar2": 0.00248596118763,
        "max": 0.461606353521,
        "mean": 0.214529469609,
        "median": 0.203972026706,
        "min": 0.0608415640891,
        "var": 0.00495610339567
    },
    "melbands_kurtosis": {
        "dmean": 10.6846990585,
        "dmean2": 16.1529254913,
        "dvar": 310.650939941,
        "dvar2": 730.198730469,
        "max": 266.991088867,
        "mean": 20.349395752,
        "median": 12.3274183273,
        "min": -1.76545751095,
        "var": 666.686889648
    },
    "melbands_skewness": {
        "dmean": 0.878940045834,
        "dmean2": 1.29987335205,
        "dvar": 0.922128140926,
        "dvar2": 2.08591246605,
        "max": 12.6715784073,
        "mean": 3.3155772686,
        "median": 3.08872032166,
        "min": -0.0846113190055,
        "var": 3.08672165871
    },
    "melbands_spread": {
        "dmean": 8.8030090332,
        "dmean2": 12.6324310303,
        "dvar": 142.156600952,
        "dvar2": 265.112701416,
        "max": 206.287139893,
        "mean": 24.3576431274,
        "median": 17.8378353119,
        "min": 1.04126870632,
        "var": 503.718139648
    },
    "pitch_salience": {
        "dmean": 0.0744302123785,
        "dmean2": 0.121692627668,
        "dvar": 0.00444825086743,
        "dvar2": 0.0107999658212,
        "max": 0.789319396019,
        "mean": 0.509901940823,
        "median": 0.519812822342,
        "min": 0.142186060548,
        "var": 0.0128138465807
    },
    "silence_rate_20dB": {
        "dmean": 0,
        "dmean2": 0,
        "dvar": 0,
        "dvar2": 0,
        "max": 1,
        "mean": 1,
        "median": 1,
        "min": 1,
        "var": 0
    },
    "silence_rate_30dB": {
        "dmean": 0,
        "dmean2": 0,
        "dvar": 0,
        "dvar2": 0,
        "max": 1,
        "mean": 1,
        "median": 1,
        "min": 1,
        "var": 0
    },
    "silence_rate_60dB": {
        "dmean": 0.0201238393784,
        "dmean2": 0.0402788519859,
        "dvar": 0.0197189506143,
        "dvar2": 0.0417549051344,
        "max": 1,
        "mean": 0.0309358090162,
        "median": 0,
        "min": 0,
        "var": 0.0299791060388
    },
    "spectral_centroid": {
        "dmean": 334.015197754,
        "dmean2": 494.115356445,
        "dvar": 118658.046875,
        "dvar2": 233985.1875,
        "max": 4379.25390625,
        "mean": 1479.58862305,
        "median": 1376.30603027,
        "min": 249.044692993,
        "var": 562231.5
    },
    "spectral_complexity": {
        "dmean": 3.74148607254,
        "dmean2": 5.24554586411,
        "dvar": 15.0678482056,
        "dvar2": 27.9730167389,
        "max": 44,
        "mean": 14.8762569427,
        "median": 14,
        "min": 0,
        "var": 66.5105895996
    },
    "spectral_decrease": {
        "dmean": 1.50700929513e-09,
        "dmean2": 2.18110218775e-09,
        "dvar": 3.35786649117e-18,
        "dvar2": 7.05878215317e-18,
        "max": -2.81715466927e-11,
        "mean": -4.88002527277e-09,
        "median": -4.62103821874e-09,
        "min": -2.28817498282e-08,
        "var": 7.67022909888e-18
    },
    "spectral_energy": {
        "dmean": 0.00605596601963,
        "dmean2": 0.00871203746647,
        "dvar": 5.09081146447e-05,
        "dvar2": 0.000105867395177,
        "max": 0.0890308097005,
        "mean": 0.0198977068067,
        "median": 0.0187055915594,
        "min": 0.000113589841931,
        "var": 0.000126599814394
    },
    "spectral_energyband_high": {
        "dmean": 0.000363838480553,
        "dmean2": 0.000515357940458,
        "dvar": 4.73465831874e-07,
        "dvar2": 8.52612856761e-07,
        "max": 0.0118262162432,
        "mean": 0.000604648084845,
        "median": 0.000267390540102,
        "min": 2.67966584033e-07,
        "var": 1.15017758162e-06
    },
    "spectral_energyband_low": {
        "dmean": 0.00255947629921,
        "dmean2": 0.00410501332954,
        "dvar": 1.83154279512e-05,
        "dvar2": 4.26222650276e-05,
        "max": 0.0375721566379,
        "mean": 0.00721630174667,
        "median": 0.00760995503515,
        "min": 3.09860706693e-06,
        "var": 3.36503399012e-05
    },
    "spectral_energyband_middle_high": {
        "dmean": 0.00162683601957,
        "dmean2": 0.00211855699308,
        "dvar": 4.83510302729e-06,
        "dvar2": 8.09973334981e-06,
        "max": 0.0306415259838,
        "mean": 0.00394480023533,
        "median": 0.00196466874331,
        "min": 1.69691047631e-05,
        "var": 2.35416191572e-05
    },
    "spectral_energyband_middle_low": {
        "dmean": 0.0036234674044,
        "dmean2": 0.00548833422363,
        "dvar": 3.04205441353e-05,
        "dvar2": 6.60749719827e-05,
        "max": 0.085033133626,
        "mean": 0.00853443797678,
        "median": 0.00682319141924,
        "min": 6.61928497721e-05,
        "var": 6.04578890488e-05
    },
    "spectral_entropy": {
        "dmean": 0.226650252938,
        "dmean2": 0.331181675196,
        "dvar": 0.0433334596455,
        "dvar2": 0.0896433144808,
        "max": 8.58031272888,
        "mean": 7.44499540329,
        "median": 7.42685890198,
        "min": 6.2116484642,
        "var": 0.141733571887
    },
    "spectral_flux": {
        "dmean": 0.0229789298028,
        "dmean2": 0.0356458127499,
        "dvar": 0.00051770725986,
        "dvar2": 0.00128115166444,
        "max": 0.241456538439,
        "mean": 0.0729104578495,
        "median": 0.0686547085643,
        "min": 0.00421861885116,
        "var": 0.00119872414507
    },
    "spectral_kurtosis": {
        "dmean": 1.57464277744,
        "dmean2": 2.63639545441,
        "dvar": 2.35770750046,
        "dvar2": 6.60057926178,
        "max": 17.0666103363,
        "mean": 3.73574662209,
        "median": 3.39255094528,
        "min": -1.01171934605,
        "var": 4.83376646042
    },
    "spectral_rms": {
        "dmean": 0.000672684109304,
        "dmean2": 0.000941464095376,
        "dvar": 5.04793888467e-07,
        "dvar2": 9.51412005179e-07,
        "max": 0.00931983534247,
        "mean": 0.00421546958387,
        "median": 0.00427192635834,
        "min": 0.000332895404426,
        "var": 1.64221864907e-06
    },
    "spectral_rolloff": {
        "dmean": 619.164367676,
        "dmean2": 991.21282959,
        "dvar": 1067983.25,
        "dvar2": 2018737.625,
        "max": 10142.1386719,
        "mean": 1544.21142578,
        "median": 882.861328125,
        "min": 86.1328125,
        "var": 2805456
    },
    "spectral_skewness": {
        "dmean": 0.226754367352,
        "dmean2": 0.36390709877,
        "dvar": 0.0407687276602,
        "dvar2": 0.100453466177,
        "max": 3.01990675926,
        "mean": 1.30101454258,
        "median": 1.29400324821,
        "min": 0.12033700943,
        "var": 0.122336141765
    },
    "spectral_spread": {
        "dmean": 747816.5,
        "dmean2": 1066375.375,
        "dvar": 648307212288,
        "dvar2": 1.2623240233e+12,
        "max": 12066357,
        "mean": 4355389,
        "median": 4027502.75,
        "min": 2063470.875,
        "var": 2.22003776717e+12
    },
    "spectral_strongpeak": {
        "dmean": 0.390468657017,
        "dmean2": 0.665358543396,
        "dvar": 1.05880904198,
        "dvar2": 2.55520510674,
        "max": 14.1848125458,
        "mean": 0.696008145809,
        "median": 0.351986974478,
        "min": 0.0137375164777,
        "var": 1.72934222221
    },
    "zerocrossingrate": {
        "dmean": 0.0122659876943,
        "dmean2": 0.0138496384025,
        "dvar": 0.000204811134608,
        "dvar2": 0.000188756719581,
        "max": 0.2890625,
        "mean": 0.0567293688655,
        "median": 0.04931640625,
        "min": 0.00390625,
        "var": 0.00147224823013
    },
    "barkbands": {
        "dmean": [5.67057977605e-05, 0.00189439195674, 0.000772081082687, 0.000452247506473, 0.00251895561814, 0.000753040774725, 0.000545666960534, 0.000482886622194, 0.000408636726206, 0.00031195252086, 0.000238270309637, 0.00019023209461, 0.000232651625993, 0.000203059942578, 0.000209659061511, 0.000116599774628, 0.000115912982437, 0.000366609776393, 0.000471500883577, 0.000159752657055, 9.3630173069e-05, 5.06992400915e-05, 6.27405024716e-05, 0.000111363180622, 4.38797433162e-05, 1.35362361107e-05, 9.56162482524e-10],
        "dmean2": [9.59580793278e-05, 0.00304214050993, 0.00122648850083, 0.000734369677957, 0.00389253627509, 0.00122597930022, 0.000864359317347, 0.000763495161664, 0.00063003617106, 0.000477559486171, 0.000369753630366, 0.000288768176688, 0.000363196188118, 0.000299097358948, 0.000317362195347, 0.000184785982128, 0.000183838972589, 0.000541859481018, 0.000653732044157, 0.000232958249399, 0.000143353376188, 7.90915146354e-05, 9.41055259318e-05, 0.000156398338731, 6.36002587271e-05, 2.31630911003e-05, 1.56394452944e-09],
        "dvar": [1.19942882293e-08, 1.19973874462e-05, 2.02062324206e-06, 5.5798068388e-07, 2.18699224206e-05, 1.29055922571e-06, 8.68054542025e-07, 1.01722787349e-06, 9.8486555089e-07, 3.94490655253e-07, 4.56828644246e-07, 1.77856122718e-07, 2.63484736251e-07, 1.64875956443e-07, 3.07248171794e-07, 6.42959250285e-08, 4.47175665386e-08, 4.0488194486e-07, 1.08701658519e-06, 8.36743936361e-08, 4.57347688609e-08, 8.36821811845e-09, 1.88875759477e-08, 1.45093864035e-07, 1.40830902495e-08, 7.79177999899e-10, 4.74088211783e-17],
        "dvar2": [2.93437221188e-08, 2.79374689853e-05, 4.530498245e-06, 1.38295672514e-06, 4.7118839575e-05, 3.34400351676e-06, 2.10941061596e-06, 2.38763686866e-06, 2.35887932831e-06, 8.40528343815e-07, 1.11653582735e-06, 3.85624304045e-07, 6.16024180999e-07, 3.41036212603e-07, 6.76951856349e-07, 1.65693450072e-07, 1.09037792129e-07, 9.18305602227e-07, 1.96383916773e-06, 1.62511838653e-07, 1.06066259775e-07, 1.80747239398e-08, 3.59471066247e-08, 2.67987587677e-07, 2.45882105787e-08, 1.93694260631e-09, 5.04513767598e-17],
        "max": [0.00210867729038, 0.0313563607633, 0.0166347436607, 0.0109536992386, 0.0700006633997, 0.0130819715559, 0.0127140944824, 0.0115133523941, 0.0137528944761, 0.0101259592921, 0.0114124212414, 0.00606350973248, 0.00596256321296, 0.00603149877861, 0.00862514972687, 0.00304669910111, 0.00222985399887, 0.00766226230189, 0.019450949505, 0.00538327172399, 0.00386299705133, 0.00170662987512, 0.00295684486628, 0.00800324417651, 0.00199039280415, 0.000420777214458, 2.32524470789e-07],
        "mean": [6.47441920592e-05, 0.00490169040859, 0.00196178117767, 0.000681769335642, 0.00439124461263, 0.00118677166756, 0.000831215234939, 0.000674031558447, 0.000588538940065, 0.000462696276372, 0.000297663413221, 0.000268563511781, 0.000317292084219, 0.000293894525385, 0.00028045164072, 0.000168811457115, 0.000180420378456, 0.000633617280982, 0.00093622202985, 0.000264621194219, 0.000132748944452, 6.86866842443e-05, 8.75193800312e-05, 0.000150116335135, 5.95302299189e-05, 1.30821408675e-05, 8.11541778223e-10],
        "median": [2.21777681872e-05, 0.00315265147947, 0.00074768892955, 0.000382009020541, 0.00228619272821, 0.000705678830855, 0.000429274630733, 0.000212609418668, 0.000202669631108, 0.000141762589919, 9.19223966775e-05, 7.98234832473e-05, 8.22057554615e-05, 6.69655491947e-05, 5.24479655724e-05, 5.78549188504e-05, 8.37540210341e-05, 0.000186564677279, 0.000172567932168, 9.61745827226e-05, 5.70905176573e-05, 3.04455497826e-05, 2.87596358248e-05, 3.04063778458e-05, 1.16823030112e-05, 2.71338399216e-06, 2.16218321025e-10],
        "min": [5.29616954736e-07, 1.61914471164e-07, 1.66809485336e-07, 8.06247044238e-07, 7.27903216102e-06, 6.15375574853e-06, 1.42858789332e-06, 9.23379957385e-07, 1.84693692518e-06, 8.0080474163e-07, 7.69858047533e-07, 4.56658511894e-07, 4.19772220539e-07, 1.37967333558e-07, 7.47980664073e-07, 5.18301874308e-07, 3.06692413687e-07, 2.08796541301e-06, 1.23307972899e-06, 3.07667193056e-07, 1.24559804249e-07, 6.5654242043e-09, 3.72537639626e-10, 7.28608926664e-12, 6.08835161106e-12, 1.5964478628e-09, 1.02354392323e-11],
        "var": [1.8689153336e-08, 2.58510372078e-05, 8.31178294902e-06, 9.13139899694e-07, 3.99540986109e-05, 1.90589707927e-06, 1.37183496918e-06, 1.46491004216e-06, 1.34963329401e-06, 7.72985515596e-07, 5.31916896307e-07, 3.29972579038e-07, 4.28739070912e-07, 3.34466079721e-07, 4.87958573103e-07, 9.87894281934e-08, 7.14483974207e-08, 1.24452287764e-06, 4.62243178845e-06, 1.97026452042e-07, 5.82075827538e-08, 1.43994256518e-08, 3.68413708429e-08, 2.73514757509e-07, 3.17161088503e-08, 9.37678490409e-10, 4.74268173198e-17]
    },
    "erbbands": {
        "dmean": [0.0520185641944, 0.439410358667, 0.862032949924, 1.12172663212, 3.55495023727, 10.4898719788, 10.5759725571, 6.05789327621, 7.00436830521, 9.58095645905, 8.9844789505, 9.9198589325, 9.71786689758, 7.66280603409, 9.84410667419, 7.4900431633, 9.44576835632, 10.0724630356, 10.0511445999, 7.98128414154, 6.04386854172, 6.50489711761, 17.7976799011, 26.2067470551, 16.5805835724, 6.99631690979, 4.14576864243, 3.19314670563, 2.03838348389, 1.57887327671, 1.83434188366, 2.37862968445, 1.73284173012, 0.68532538414, 0.216001719236, 0.0746776983142, 0.0252127759159, 0.00199251295999, 3.94299531763e-05, 8.65153378982e-06],
        "dmean2": [0.0847677141428, 0.707265436649, 1.38628649712, 1.74729120731, 5.80295848846, 16.3884124756, 16.2698688507, 9.57374095917, 11.1235284805, 14.7977209091, 14.2271299362, 15.6608324051, 14.8174743652, 11.3850831985, 15.4323225021, 11.0718622208, 14.4428949356, 14.7892503738, 14.9889631271, 12.1156425476, 9.36551856995, 9.86625862122, 25.726108551, 37.2166633606, 23.3086395264, 9.86552143097, 6.32383728027, 4.87569332123, 3.22694516182, 2.46861600876, 2.6698319912, 3.43477797508, 2.49378919601, 1.00074362755, 0.330964416265, 0.124059438705, 0.0435592345893, 0.00343909999356, 6.53973038425e-05, 1.23254030768e-05],
        "dvar": [0.00914057530463, 0.66721278429, 2.6310968399, 3.0881562233, 38.9989738464, 412.830841064, 426.665679932, 83.7493743896, 137.541610718, 331.489929199, 485.638824463, 668.971679688, 405.34161377, 186.392227173, 912.248535156, 293.682769775, 411.836120605, 380.780029297, 701.079162598, 441.2081604, 156.764312744, 151.183578491, 1088.79150391, 3262.09448242, 1451.83129883, 141.973617554, 54.2753257751, 66.8463287354, 15.9163045883, 7.69764709473, 16.0388450623, 86.9467849731, 31.2999534607, 4.00135564804, 0.33230638504, 0.0216549634933, 0.00349872466177, 2.32193633565e-05, 7.42967642964e-09, 9.35087215992e-11],
        "dvar2": [0.0218602344394, 1.54308140278, 6.14058494568, 7.33504867554, 98.2635040283, 925.755004883, 961.175354004, 201.932220459, 336.337310791, 804.135803223, 1142.91564941, 1630.71826172, 851.749694824, 395.818267822, 2364.41064453, 628.638916016, 942.311218262, 796.775024414, 1460.70947266, 1004.39666748, 393.012420654, 344.204345703, 2211.03393555, 6602.43554688, 2749.72851562, 255.496231079, 117.855491638, 157.381530762, 34.4349899292, 16.2616443634, 29.6900539398, 162.653656006, 63.5502204895, 6.65843057632, 0.719762325287, 0.0498268418014, 0.00852542370558, 5.67656861676e-05, 1.75429111238e-08, 1.938455646e-10],
        "max": [0.93184030056, 8.44141101837, 18.0878658295, 26.8315811157, 119.510871887, 271.668457031, 231.405715942, 130.264053345, 167.965042114, 235.204330444, 341.44631958, 380.291351318, 282.671844482, 194.070373535, 628.256225586, 267.500549316, 270.370513916, 234.011947632, 497.845489502, 451.548950195, 199.921844482, 153.983779907, 494.350006104, 1103.1451416, 866.06036377, 196.708969116, 106.197135925, 144.540893555, 81.8700561523, 37.6729164124, 88.4820480347, 231.3959198, 97.6458816528, 37.5275650024, 13.0576438904, 2.54484605789, 0.893293261528, 0.0865201354027, 0.00157204107381, 0.000127470513689],
        "mean": [0.108532071114, 1.21348917484, 2.43448066711, 2.27395248413, 5.82548141479, 16.6109199524, 16.3775444031, 10.355050087, 11.2421855927, 14.3504991531, 13.3657121658, 14.6093587875, 15.3997240067, 11.1908054352, 12.9464063644, 11.3008213043, 14.0635604858, 15.6631422043, 15.8548192978, 11.4421863556, 9.74594402313, 11.0552558899, 31.3027324677, 51.0200843811, 34.2271957397, 12.6640977859, 6.5376200676, 4.40710735321, 2.71151685715, 2.1937584877, 2.5553560257, 3.05891013145, 2.37035179138, 0.947138667107, 0.275938272476, 0.0756353065372, 0.0239297971129, 0.00186063663568, 5.04561139678e-05, 2.70312848443e-05],
        "median": [0.0399824418128, 0.844963669777, 1.2662320137, 1.48146879673, 3.06062889099, 7.03809309006, 6.95183420181, 6.09601354599, 6.67988491058, 6.21093130112, 5.03290939331, 5.67026281357, 5.55738258362, 3.68955135345, 4.7761015892, 3.69665908813, 4.3324098587, 4.01825904846, 3.16530990601, 2.95771551132, 4.11196565628, 5.2393860817, 9.87670612335, 10.8488636017, 7.08858346939, 4.85121393204, 3.13824868202, 1.8736821413, 1.18568134308, 0.85458278656, 0.844046533108, 0.628512382507, 0.444653362036, 0.14921194315, 0.0651666149497, 0.0184799134731, 0.00424918346107, 0.000284875539364, 2.00676622626e-05, 2.42810492637e-05],
        "min": [2.69534139079e-05, 4.77819230582e-05, 0.000316616380587, 0.00373053085059, 0.0160067435354, 0.0164123605937, 0.0405610390007, 0.0872154533863, 0.0949609652162, 0.0984088480473, 0.0349429436028, 0.0527766123414, 0.0258089955896, 0.022620646283, 0.0658149197698, 0.0235206391662, 0.0264263860881, 0.0213262643665, 0.0293191168457, 0.0252342745662, 0.0294266622514, 0.0216852687299, 0.0832120776176, 0.0670666843653, 0.0585424043238, 0.0185569208115, 0.00798077788204, 0.00160031963605, 0.000377134536393, 0.000116884511954, 2.46006657108e-05, 1.68202132045e-06, 5.55335020636e-07, 5.03067838054e-07, 5.22870720943e-07, 2.90400316771e-06, 6.10771849097e-06, 1.34060371693e-06, 1.56396438911e-07, 1.39398679266e-07],
        "var": [0.0192297436297, 1.4409031868, 8.15369701385, 6.70418167114, 69.2742614746, 698.809570312, 667.756896973, 146.303375244, 199.468048096, 521.211547852, 658.661376953, 850.371337891, 799.360534668, 354.438812256, 954.291870117, 599.772644043, 748.557922363, 806.25390625, 1370.6640625, 644.017028809, 266.078918457, 264.783081055, 3086.29785156, 11787.1767578, 5357.484375, 412.28338623, 94.9945526123, 77.5362625122, 24.8469791412, 13.9191122055, 33.9569015503, 139.723358154, 60.4267082214, 9.3353509903, 0.551252901554, 0.0289993081242, 0.00420497730374, 3.11138537654e-05, 1.12223403903e-08, 2.78846501445e-10]
    },
    "gfcc": {
        "mean": [-18.5262622833, 101.101661682, -116.345428467, 49.1450500488, -59.7711524963, 5.52815961838, -37.9912528992, 11.9147834778, -27.6985607147, -1.26793181896, -6.59600830078, -0.617862939835, -11.0660924911],
        "cov": [[3602.60766602, -1224.92077637, -237.542907715, 5.15836763382, -350.960876465, 412.557891846, -360.421020508, 399.981414795, -312.125305176, 132.865753174, -23.9912910461, -148.332122803, -63.8232650757], [-1224.92077637, 1184.31323242, -83.7783584595, 22.7356548309, 322.278289795, -262.985931396, 369.082061768, -165.767364502, 225.167663574, -109.795753479, 82.974319458, 49.3834571838, 61.8259773254], [-237.542907715, -83.7783584595, 654.176025391, 120.242393494, -20.8385066986, 152.975891113, -64.2118301392, -11.2875289917, 27.6905136108, 38.6575889587, -47.501033783, 81.9565048218, 40.8265800476], [5.15836763382, 22.7356548309, 120.242393494, 247.826599121, 103.601745605, 52.6243209839, 37.8262367249, 16.155330658, 97.912651062, 3.07599210739, 34.1495437622, 13.0039367676, 55.0670852661], [-350.960876465, 322.278289795, -20.8385066986, 103.601745605, 343.547943115, -39.0128250122, 131.04006958, 0.407569438219, 111.144470215, 30.0462856293, 16.3405914307, 17.3810386658, 3.86962962151], [412.557891846, -262.985931396, 152.975891113, 52.6243209839, -39.0128250122, 291.203674316, -6.35523462296, 71.6711578369, 2.66438746452, 57.54895401, 17.3106746674, -11.9322185516, 3.55106925964], [-360.421020508, 369.082061768, -64.2118301392, 37.8262367249, 131.04006958, -6.35523462296, 365.502075195, -13.0319242477, 107.6720047, 2.95961809158, 59.3325462341, 69.784324646, 1.71510362625], [399.981414795, -165.767364502, -11.2875289917, 16.155330658, 0.407569438219, 71.6711578369, -13.0319242477, 197.135787964, -24.3688373566, 43.2892341614, 23.4174041748, -16.6511001587, 10.4644813538], [-312.125305176, 225.167663574, 27.6905136108, 97.912651062, 111.144470215, 2.66438746452, 107.6720047, -24.3688373566, 211.894104004, 21.1844997406, 19.9532642365, 30.3697719574, 21.5052833557], [132.865753174, -109.795753479, 38.6575889587, 3.07599210739, 30.0462856293, 57.54895401, 2.95961809158, 43.2892341614, 21.1844997406, 140.429672241, 5.58749341965, 3.22244501114, -12.4267168045], [-23.9912910461, 82.974319458, -47.501033783, 34.1495437622, 16.3405914307, 17.3106746674, 59.3325462341, 23.4174041748, 19.9532642365, 5.58749341965, 118.200294495, 2.17785692215, 17.0156059265], [-148.332122803, 49.3834571838, 81.9565048218, 13.0039367676, 17.3810386658, -11.9322185516, 69.784324646, -16.6511001587, 30.3697719574, 3.22244501114, 2.17785692215, 121.506408691, 18.4174137115], [-63.8232650757, 61.8259773254, 40.8265800476, 55.0670852661, 3.86962962151, 3.55106925964, 1.71510362625, 10.4644813538, 21.5052833557, -12.4267168045, 17.0156059265, 18.4174137115, 117.524887085]],
        "icov": [[0.000694266520441, -0.000151775384438, 0.000746056844946, -0.000926356296986, 0.000630564754829, -0.000981935998425, 0.000520914327353, -0.000946155225392, 0.000821398047265, -0.000509353005327, 0.000620394945145, -0.000386573083233, 0.000483902433189], [-0.000151775384438, 0.00444567296654, -0.0017200296279, 0.0033989509102, -0.00312089920044, 0.00329465582035, -0.00324133527465, 0.00195114593953, -0.00298920320347, 0.00306835630909, -0.00294135510921, 0.00282874982804, -0.00268547097221], [0.000746056844946, -0.0017200296279, 0.00384077010676, -0.00330418068916, 0.00188179884572, -0.0034071020782, 0.00233385339379, -0.00107625685632, 0.00200119474903, -0.00198995904066, 0.0027866193559, -0.00339482538402, 0.00117867824156], [-0.000926356296986, 0.0033989509102, -0.00330418068916, 0.010585562326, -0.00475965393707, 0.00271949311718, -0.00249072862789, 0.0020285169594, -0.00545746553689, 0.00406338553876, -0.00452053500339, 0.00327496370301, -0.00460342178121], [0.000630564754829, -0.00312089920044, 0.00188179884572, -0.00475965393707, 0.00699845794588, -0.00190251180902, 0.00134347763378, -0.002312396653, 0.00164944806602, -0.0035724514164, 0.00307550700381, -0.00178438459989, 0.00272882636636], [-0.000981935998425, 0.00329465582035, -0.0034071020782, 0.00271949311718, -0.00190251180902, 0.0086424164474, -0.00358792557381, 0.00114671152551, -0.00307807512581, 0.00130249268841, -0.00341874966398, 0.00391053315252, -0.00202223542146], [0.000520914327353, -0.00324133527465, 0.00233385339379, -0.00249072862789, 0.00134347763378, -0.00358792557381, 0.00704460823908, -0.00176606699824, 0.00115110911429, -0.00189120613504, 0.000788071425632, -0.00484740687534, 0.00269790366292], [-0.000946155225392, 0.00195114593953, -0.00107625685632, 0.0020285169594, -0.002312396653, 0.00114671152551, -0.00176606699824, 0.00832801312208, -0.000980230048299, 0.000160931871505, -0.00270948838443, 0.00182626652531, -0.0024886445608], [0.000821398047265, -0.00298920320347, 0.00200119474903, -0.00545746553689, 0.00164944806602, -0.00307807512581, 0.00115110911429, -0.000980230048299, 0.0101624429226, -0.00378664047457, 0.00274599553086, -0.00263512157835, 0.00174512935337], [-0.000509353005327, 0.00306835630909, -0.00198995904066, 0.00406338553876, -0.0035724514164, 0.00130249268841, -0.00189120613504, 0.000160931871505, -0.00378664047457, 0.0112394560128, -0.00279117864557, 0.0016329435166, -0.000982333207503], [0.000620394945145, -0.00294135510921, 0.0027866193559, -0.00452053500339, 0.00307550700381, -0.00341874966398, 0.000788071425632, -0.00270948838443, 0.00274599553086, -0.00279117864557, 0.0128663517535, -0.00202541658655, 0.000923113548197], [-0.000386573083233, 0.00282874982804, -0.00339482538402, 0.00327496370301, -0.00178438459989, 0.00391053315252, -0.00484740687534, 0.00182626652531, -0.00263512157835, 0.0016329435166, -0.00202541658655, 0.0133812036365, -0.00335339433514], [0.000483902433189, -0.00268547097221, 0.00117867824156, -0.00460342178121, 0.00272882636636, -0.00202223542146, 0.00269790366292, -0.0024886445608, 0.00174512935337, -0.000982333207503, 0.000923113548197, -0.00335339433514, 0.0120540028438]]
    },
    "melbands": {
        "dmean": [0.000503952731378, 0.000489880912937, 0.000242235968472, 0.00045817514183, 0.000439144787379, 0.000134820686071, 0.00010659005784, 0.000106361134385, 7.04904086888e-05, 6.28906927886e-05, 4.98076842632e-05, 3.31089831889e-05, 3.17285266647e-05, 2.37511922023e-05, 1.82352614502e-05, 2.46731287916e-05, 1.96620367205e-05, 1.71903411683e-05, 1.60913714353e-05, 8.59055217006e-06, 7.36076935937e-06, 6.29535998087e-06, 1.2148816495e-05, 1.95271331904e-05, 2.4259701604e-05, 1.51652875502e-05, 9.03623549675e-06, 4.05281707572e-06, 2.65955304712e-06, 2.52944300883e-06, 1.72764589479e-06, 1.24209566366e-06, 8.84453697836e-07, 9.75924535851e-07, 1.02047749806e-06, 1.36142136853e-06, 1.54744657266e-06, 1.41025032008e-06, 8.96836525044e-07, 5.02294199123e-07],
        "dmean2": [0.000810223980807, 0.000783289899118, 0.000383702630643, 0.000728354265448, 0.000662615755573, 0.00021550800011, 0.000170037164935, 0.000163910372066, 0.000111604225822, 9.86111044767e-05, 7.56134977564e-05, 4.98892331962e-05, 4.94344712934e-05, 3.6279187043e-05, 2.81267039099e-05, 3.82919824915e-05, 2.90297102765e-05, 2.57129377133e-05, 2.43877439061e-05, 1.33595058287e-05, 1.15653510875e-05, 9.81066386885e-06, 1.84568307304e-05, 2.92684799206e-05, 3.5646102333e-05, 2.20229503611e-05, 1.24043808682e-05, 5.93549475525e-06, 4.07161996918e-06, 3.87413319913e-06, 2.69664519692e-06, 2.00324052457e-06, 1.4200137457e-06, 1.53667122049e-06, 1.55843690663e-06, 2.06713320949e-06, 2.26531847147e-06, 2.0775307803e-06, 1.32727984692e-06, 7.32726107344e-07],
        "dvar": [8.39719007217e-07, 7.52363746415e-07, 1.21127399666e-07, 6.97048960774e-07, 7.70348947299e-07, 3.99189801215e-08, 3.06728793475e-08, 3.82717324499e-08, 3.03825800074e-08, 2.76953269207e-08, 1.07306306063e-08, 3.63000141057e-09, 8.42001401935e-09, 3.11321723956e-09, 1.61102786667e-09, 3.70802055727e-09, 1.48337264694e-09, 2.12683026746e-09, 2.00507810355e-09, 4.36220004563e-10, 2.27549132314e-10, 1.37207745166e-10, 6.18174955669e-10, 1.29283406203e-09, 3.21961257654e-09, 1.54967527699e-09, 3.35860284029e-10, 4.06201426661e-11, 1.82068856519e-11, 4.18814462277e-11, 1.9751414046e-11, 6.46150364117e-12, 2.76035878183e-12, 3.2063733179e-12, 3.59099230386e-12, 2.67146409161e-11, 3.93463490955e-11, 2.25320109792e-11, 7.90999817729e-12, 2.13210894252e-12],
        "dvar2": [1.94894209926e-06, 1.77303672899e-06, 2.99202952192e-07, 1.67338464507e-06, 1.63843856171e-06, 9.81744534556e-08, 7.3858501537e-08, 9.12940691933e-08, 7.2518844263e-08, 6.72414657288e-08, 2.23967564494e-08, 7.8608088927e-09, 2.0843957671e-08, 7.2063359724e-09, 3.65383145962e-09, 8.68813554433e-09, 3.0877951307e-09, 4.50588011347e-09, 4.52916282256e-09, 1.08450115555e-09, 5.78848968757e-10, 3.16154130653e-10, 1.38035260999e-09, 2.91331914148e-09, 6.84602463608e-09, 3.17546278161e-09, 5.98863403312e-10, 8.03479366374e-11, 3.80636563935e-11, 1.0016477231e-10, 4.66527511067e-11, 1.47430539998e-11, 5.8151643223e-12, 7.21842637746e-12, 6.85629157615e-12, 5.86243970035e-11, 7.12047504292e-11, 5.0534697954e-11, 1.47061841871e-11, 3.62704853131e-12],
        "max": [0.00897956080735, 0.00918205268681, 0.00465843314305, 0.0162465963513, 0.00976496934891, 0.00282156327739, 0.00266551226377, 0.00211284914985, 0.00284471781924, 0.00247617857531, 0.00143845484126, 0.000769505102653, 0.001686931937, 0.00082550215302, 0.000682387268171, 0.000795612868387, 0.00051284575602, 0.00088970240904, 0.000864093890414, 0.000287465227302, 0.000233213286265, 0.000137677794555, 0.000352938746801, 0.000556292419787, 0.00104167067911, 0.000813185411971, 0.000329843169311, 0.000104346829175, 4.35375077359e-05, 0.000131833003252, 6.81719975546e-05, 5.18724191352e-05, 2.86468930426e-05, 2.24731775234e-05, 3.25604160025e-05, 0.000109250402602, 0.000170011669979, 7.84659423516e-05, 5.042209159e-05, 3.02417920466e-05],
        "mean": [0.00121956621297, 0.00144510681275, 0.000482868927065, 0.000782526738476, 0.000696231611073, 0.000227418087889, 0.000170906714629, 0.000158877010108, 0.000103050151665, 9.05792985577e-05, 7.68025929574e-05, 4.57553251181e-05, 4.14197565988e-05, 3.27791276504e-05, 2.6429839636e-05, 3.34850519721e-05, 2.87561433652e-05, 2.55690665654e-05, 2.05262076634e-05, 1.2006165889e-05, 1.11780645966e-05, 9.92715195025e-06, 1.80638489837e-05, 3.37960955221e-05, 4.36002846982e-05, 3.01559721265e-05, 1.58744278451e-05, 6.50725451123e-06, 4.13511270381e-06, 3.34950664183e-06, 2.26302336159e-06, 1.58159662078e-06, 1.1510553577e-06, 1.28257283905e-06, 1.42456883623e-06, 1.62661035574e-06, 1.9922276806e-06, 1.80389940851e-06, 1.2478564031e-06, 6.42481438717e-07],
        "median": [0.000610730727203, 0.00144306325819, 0.00031832914101, 0.000421063741669, 0.000285638612695, 0.000142732882523, 0.000103269849205, 6.71471279929e-05, 3.84315935662e-05, 2.97696060443e-05, 2.54550614045e-05, 1.39814792419e-05, 1.37731685754e-05, 1.04134796857e-05, 8.79351318872e-06, 7.85908923717e-06, 6.78592732584e-06, 4.60140245195e-06, 3.92780475522e-06, 3.79056928068e-06, 4.75016850032e-06, 4.72370402349e-06, 6.60828982291e-06, 8.8620772658e-06, 8.33938611322e-06, 5.84816871196e-06, 3.72226963918e-06, 2.6231866741e-06, 1.79487199148e-06, 1.27548571527e-06, 9.04319904294e-07, 6.57273631077e-07, 4.22914411047e-07, 4.63060018774e-07, 4.83083567815e-07, 3.58730119387e-07, 3.63108142665e-07, 3.35590186751e-07, 1.88957500313e-07, 9.97513680545e-08],
        "min": [4.78877609567e-07, 1.84879894505e-07, 1.68838346326e-06, 9.39027586355e-07, 8.35897310481e-07, 2.21399818656e-06, 8.51767197219e-07, 1.41051174296e-07, 1.70294242707e-07, 2.6540672593e-07, 1.21585927104e-07, 9.32813861709e-08, 1.70190062931e-07, 1.06734503902e-07, 5.44322098506e-08, 2.83172454374e-08, 2.36779911233e-08, 3.69863748517e-08, 5.32601731607e-08, 2.62285713148e-08, 3.19401038951e-08, 1.27632215907e-08, 2.99221980526e-08, 6.01391647592e-08, 2.88007697691e-08, 4.90078555515e-08, 2.68871556131e-08, 5.61183011172e-09, 4.26511359564e-09, 9.05654606864e-10, 8.11145872692e-11, 1.51396367665e-10, 3.11508821125e-13, 6.06048631419e-12, 6.10611821522e-12, 1.30901989552e-13, 8.86150893875e-14, 7.52749371082e-14, 4.87057395554e-14, 4.64460487757e-14],
