{
"highlevel": {
    "danceability": {
        "all": {
            "danceable": 0.712762832642,
            "not_danceable": 0.287237137556
        },
        "probability": 0.712762832642,
        "value": "danceable"
    },
    "gender": {
        "all": {
            "female": 0.705228149891,
            "male": 0.294771850109
        },
        "probability": 0.705228149891,
        "value": "female"
    },
    "genre_dortmund": {
        "all": {
            "alternative": 0.0803902819753,
            "blues": 0.0415741465986,
            "electronic": 0.0241244547069,
            "folkcountry": 0.286851167679,
            "funksoulrnb": 0.0197854116559,
            "jazz": 0.0158685166389,
            "pop": 0.144681349397,
            "raphiphop": 0.00296080019325,
            "rock": 0.383763879538
        },
        "probability": 0.383763879538,
        "value": "rock"
    },
    "genre_electronic": {
        "all": {
            "ambient": 0.264379024506,
            "dnb": 0.268969237804,
            "house": 0.104725696146,
            "techno": 0.0256268121302,
            "trance": 0.336299210787
        },
        "probability": 0.336299210787,
        "value": "trance"
    },
    "genre_rosamerica": {
        "all": {
            "cla": 0.00439530331641,
            "dan": 0.0165066458285,
            "hip": 0.0108153093606,
            "jaz": 0.0047369026579,
            "pop": 0.123543128371,
            "rhy": 0.0456217229366,
            "roc": 0.792895972729,
            "spe": 0.00148502096999
        },
        "probability": 0.792895972729,
        "value": "roc"
    },
    "genre_tzanetakis": {
        "all": {
            "blu": 0.0626541376114,
            "cla": 0.0348133966327,
            "cou": 0.0783501937985,
            "dis": 0.104547761381,
            "hip": 0.15693578124,
            "jaz": 0.313987255096,
            "met": 0.044816005975,
            "pop": 0.0627349764109,
            "reg": 0.0627352520823,
            "roc": 0.0784252434969
        },
        "probability": 0.313987255096,
        "value": "jaz"
    },
    "ismir04_rhythm": {
        "all": {
            "ChaChaCha": 0.515738368034,
            "Jive": 0.353467166424,
            "Quickstep": 0.0265364851803,
            "Rumba-American": 0.00504699721932,
            "Rumba-International": 0.00395813444629,
            "Rumba-Misc": 0.00136731681414,
            "Samba": 0.0579893924296,
            "Tango": 0.00838991254568,
            "VienneseWaltz": 0.0261686276644,
            "Waltz": 0.00133758864831
        },
        "probability": 0.515738368034,
        "value": "ChaChaCha"
    },
    "mood_acoustic": {
        "all": {
            "acoustic": 0.00832856819034,
            "not_acoustic": 0.991671442986
        },
        "probability": 0.991671442986,
        "value": "not_acoustic"
    },
    "mood_aggressive": {
        "all": {
            "aggressive": 0.586874067783,
            "not_aggressive": 0.413125932217
        },
        "probability": 0.586874067783,
        "value": "aggressive"
    },
    "mood_electronic": {
        "all": {
            "electronic": 0.117466025054,
            "not_electronic": 0.882533967495
        },
        "probability": 0.882533967495,
        "value": "not_electronic"
    },
    "mood_happy": {
        "all": {
            "happy": 0.888973712921,
            "not_happy": 0.111026264727
        },
        "probability": 0.888973712921,
        "value": "happy"
    },
    "mood_party": {
        "all": {
            "not_party": 0.33362698555,
            "party": 0.66637301445
        },
        "probability": 0.66637301445,
        "value": "party"
    },
    "mood_relaxed": {
        "all": {
            "not_relaxed": 0.99105244875,
            "relaxed": 0.00894753541797
        },
        "probability": 0.99105244875,
        "value": "not_relaxed"
    },
    "mood_sad": {
        "all": {
            "not_sad": 0.961347639561,
            "sad": 0.0386523790658
        },
        "probability": 0.961347639561,
        "value": "not_sad"
    },
    "moods_mirex": {
        "all": {
            "Cluster1": 0.27272105217,
            "Cluster2": 0.322953253984,
            "Cluster3": 0.0753644108772,
            "Cluster4": 0.206247732043,
            "Cluster5": 0.122713580728
        },
        "probability": 0.322953253984,
        "value": "Cluster2"
    },
    "timbre": {
        "all": {
            "bright": 0.997258067131,
            "dark": 0.00274194544181
        },
        "probability": 0.997258067131,
        "value": "bright"
    },
    "tonal_atonal": {
        "all": {
            "atonal": 0.000455994246295,
            "tonal": 0.999544024467
        },
        "probability": 0.999544024467,
        "value": "tonal"
    },
    "voice_instrumental": {
        "all": {
            "instrumental": 0.000853226112667,
            "voice": 0.99914675951
        },
        "probability": 0.99914675951,
        "value": "voice"
    }
},
"lowlevel": {
    "average_loudness": 0.947144627571,
    "barkbands_crest": {
        "dmean": 2.68535923958,
        "dmean2": 4.503469944,
        "dvar": 6.13347673416,
        "dvar2": 16.2881698608,
        "max": 22.4613113403,
        "mean": 8.01327037811,
        "median": 7.26890611649,
        "min": 2.63160967827,
        "var": 11.8282356262
    },
    "barkbands_flatness_db": {
        "dmean": 0.0180311016738,
        "dmean2": 0.0296330228448,
        "dvar": 0.000283731409581,
        "dvar2": 0.000754198466893,
        "max": 0.221358507872,
        "mean": 0.0970699936152,
        "median": 0.0945703610778,
        "min": 0.0333142690361,
        "var": 0.000755575892981
    },
    "barkbands_kurtosis": {
        "dmean": 1.54330444336,
        "dmean2": 2.59734082222,
        "dvar": 7.53511714935,
        "dvar2": 19.5973243713,
        "max": 26.6971759796,
        "mean": 0.859723925591,
        "median": -0.0882716178894,
        "min": -1.90549612045,
        "var": 10.5932769775
    },
    "barkbands_skewness": {
        "dmean": 0.483539313078,
        "dmean2": 0.753895521164,
        "dvar": 0.298065394163,
        "dvar2": 0.71485221386,
        "max": 4.9518661499,
        "mean": 0.883397459984,
        "median": 0.754731893539,
        "min": -3.78589510918,
        "var": 0.798411607742
    },
    "barkbands_spread": {
        "dmean": 7.62446641922,
        "dmean2": 12.0952835083,
        "dvar": 63.1689529419,
        "dvar2": 142.155776978,
        "max": 100.94543457,
        "mean": 34.7559089661,
        "median": 32.5483055115,
        "min": 7.34119224548,
        "var": 189.423431396
    },
    "dissonance": {
        "dmean": 0.0148120978847,
        "dmean2": 0.0248784683645,
        "dvar": 0.000190043574548,
        "dvar2": 0.00052110652905,
        "max": 0.5,
        "mean": 0.474753767252,
        "median": 0.478741437197,
        "min": 0.366469681263,
        "var": 0.000322097475873
    },
    "dynamic_complexity": 1.97448813915,
    "erbbands_crest": {
        "dmean": 2.620834589,
        "dmean2": 4.34526729584,
        "dvar": 6.49958133698,
        "dvar2": 16.5110721588,
        "max": 25.7911586761,
        "mean": 7.79859828949,
        "median": 6.81140518188,
        "min": 2.34280252457,
        "var": 14.1101350784
    },
    "erbbands_flatness_db": {
        "dmean": 0.0164652410895,
        "dmean2": 0.0251517053694,
        "dvar": 0.0002203148033,
        "dvar2": 0.000442773714894,
        "max": 0.226720660925,
        "mean": 0.128013283014,
        "median": 0.127467915416,
        "min": 0.0615068748593,
        "var": 0.000832438468933
    },
    "erbbands_kurtosis": {
        "dmean": 0.699391365051,
        "dmean2": 1.13573014736,
        "dvar": 0.766358375549,
        "dvar2": 1.80634975433,
        "max": 9.54056072235,
        "mean": 0.0493136607111,
        "median": -0.346998691559,
        "min": -1.54279398918,
        "var": 1.89597404003
    },
    "erbbands_skewness": {
        "dmean": 0.335090816021,
        "dmean2": 0.511295258999,
        "dvar": 0.0825944021344,
        "dvar2": 0.182438358665,
        "max": 2.21817970276,
        "mean": 0.0679341256618,
        "median": 0.0785814225674,
        "min": -2.84013295174,
        "var": 0.430204093456
    },
    "erbbands_spread": {
        "dmean": 8.58808898926,
        "dmean2": 13.3065710068,
        "dvar": 70.6119232178,
        "dvar2": 157.742248535,
        "max": 105.299957275,
        "mean": 41.8134040833,
        "median": 40.1691207886,
        "min": 8.93089675903,
        "var": 252.934677124
    },
    "hfc": {
        "dmean": 9.3677740097,
        "dmean2": 12.8222236633,
        "dvar": 141.786468506,
        "dvar2": 247.338043213,
        "max": 238.808151245,
        "mean": 29.9408721924,
        "median": 25.5840263367,
        "min": 1.24743461609,
        "var": 501.917205811
    },
    "melbands_crest": {
        "dmean": 3.56851816177,
        "dmean2": 6.12237596512,
        "dvar": 8.69887447357,
        "dvar2": 24.101808548,
        "max": 26.3435668945,
        "mean": 12.0385560989,
        "median": 11.3560390472,
        "min": 3.93804764748,
        "var": 19.3793182373
    },
    "melbands_flatness_db": {
        "dmean": 0.024561913684,
        "dmean2": 0.0391304455698,
        "dvar": 0.000566430564504,
        "dvar2": 0.00144050468225,
        "max": 0.297815412283,
        "mean": 0.133755832911,
        "median": 0.129030913115,
        "min": 0.0320235863328,
        "var": 0.00183217122685
    },
    "melbands_kurtosis": {
        "dmean": 5.43265771866,
        "dmean2": 8.89855003357,
        "dvar": 116.373558044,
        "dvar2": 293.585510254,
        "max": 130.53692627,
        "mean": 7.57034063339,
        "median": 3.34776973724,
        "min": -1.83129525185,
        "var": 176.470108032
    },
    "melbands_skewness": {
        "dmean": 0.740451753139,
        "dmean2": 1.15587937832,
        "dvar": 0.777021825314,
        "dvar2": 1.87265348434,
        "max": 10.4694881439,
        "mean": 2.08253002167,
        "median": 1.7672765255,
        "min": -0.486116826534,
        "var": 2.05845713615
    },
    "melbands_spread": {
        "dmean": 11.3271245956,
        "dmean2": 17.2539691925,
        "dvar": 223.351196289,
        "dvar2": 437.380615234,
        "max": 237.520950317,
        "mean": 39.3513526917,
        "median": 35.8975296021,
        "min": 3.83274364471,
        "var": 615.182739258
    },
    "pitch_salience": {
        "dmean": 0.0762249827385,
        "dmean2": 0.127416372299,
        "dvar": 0.00471108034253,
        "dvar2": 0.0129688521847,
        "max": 0.828264296055,
        "mean": 0.564278364182,
        "median": 0.571002185345,
        "min": 0.114106424153,
        "var": 0.00940250884742
    },
    "silence_rate_20dB": {
        "dmean": 0,
        "dmean2": 0,
        "dvar": 0,
        "dvar2": 0,
        "max": 1,
        "mean": 1,
        "median": 1,
        "min": 1,
        "var": 0
    },
    "silence_rate_30dB": {
        "dmean": 0,
        "dmean2": 0,
        "dvar": 0,
        "dvar2": 0,
        "max": 1,
        "mean": 1,
        "median": 1,
        "min": 1,
        "var": 0
    },
    "silence_rate_60dB": {
        "dmean": 0.0061919502914,
        "dmean2": 0.0123934932053,
        "dvar": 0.0061536245048,
        "dvar2": 0.0137890428305,
        "max": 1,
        "mean": 0.00773395225406,
        "median": 0,
        "min": 0,
        "var": 0.00767414784059
    },
    "spectral_centroid": {
        "dmean": 287.305084229,
        "dmean2": 450.544006348,
        "dvar": 80857.71875,
        "dvar2": 166689.28125,
        "max": 5475.95458984,
        "mean": 1975.40222168,
        "median": 1911.84912109,
        "min": 543.546569824,
        "var": 347461.625
    },
    "spectral_complexity": {
        "dmean": 5.0363779068,
        "dmean2": 7.27730464935,
        "dvar": 24.6448993683,
        "dvar2": 47.9546127319,
        "max": 56,
        "mean": 25.2335662842,
        "median": 25,
        "min": 0,
        "var": 113.513900757
    },
    "spectral_decrease": {
        "dmean": 2.65870192528e-09,
        "dmean2": 4.30146540609e-09,
        "dvar": 1.62871449021e-17,
        "dvar2": 4.25198859731e-17,
        "max": -8.03096755764e-11,
        "mean": -5.77032288618e-09,
        "median": -4.8209924941e-09,
        "min": -3.21083533095e-08,
        "var": 1.84243496488e-17
    },
    "spectral_energy": {
        "dmean": 0.0106308665127,
        "dmean2": 0.0170458834618,
        "dvar": 0.000242574256845,
        "dvar2": 0.000630303577054,
        "max": 0.12651462853,
        "mean": 0.0244942344725,
        "median": 0.020857565105,
        "min": 0.000416253635194,
        "var": 0.000294944096822
    },
    "spectral_energyband_high": {
        "dmean": 0.000696645700373,
        "dmean2": 0.000953773793299,
        "dvar": 1.46968125136e-06,
        "dvar2": 2.27516511586e-06,
        "max": 0.024909298867,
        "mean": 0.00183085061144,
        "median": 0.00126065197401,
        "min": 4.92613653478e-05,
        "var": 4.43846283815e-06
    },
    "spectral_energyband_low": {
        "dmean": 0.00642516091466,
        "dmean2": 0.0111590661108,
        "dvar": 0.000169351173099,
        "dvar2": 0.000459516246337,
        "max": 0.109686113894,
        "mean": 0.0076174037531,
        "median": 0.00444319052622,
        "min": 2.15289746848e-05,
        "var": 0.00013247867173
    },
    "spectral_energyband_middle_high": {
        "dmean": 0.00269706896506,
        "dmean2": 0.00388702168129,
        "dvar": 1.16023620649e-05,
        "dvar2": 2.35971147049e-05,
        "max": 0.0475542470813,
        "mean": 0.00772022129968,
        "median": 0.00586155476049,
        "min": 6.15321769146e-05,
        "var": 4.72577339679e-05
    },
    "spectral_energyband_middle_low": {
        "dmean": 0.00427219830453,
        "dmean2": 0.0068347719498,
        "dvar": 3.49119873135e-05,
        "dvar2": 9.04521293705e-05,
        "max": 0.0634259432554,
        "mean": 0.00822968687862,
        "median": 0.00659247580916,
        "min": 0.000118471296446,
        "var": 4.59644033981e-05
    },
    "spectral_entropy": {
        "dmean": 0.118150703609,
        "dmean2": 0.175760492682,
        "dvar": 0.0130271408707,
        "dvar2": 0.0246986746788,
        "max": 8.76635074615,
        "mean": 7.91212129593,
        "median": 7.92513132095,
        "min": 7.18059778214,
        "var": 0.0494355708361
    },
    "spectral_flux": {
        "dmean": 0.0275475271046,
        "dmean2": 0.0438170619309,
        "dvar": 0.00116083328612,
        "dvar2": 0.00250571686774,
        "max": 0.324676156044,
        "mean": 0.097180634737,
        "median": 0.0880554392934,
        "min": 0.0160121861845,
        "var": 0.00191890040878
    },
    "spectral_kurtosis": {
        "dmean": 0.773845970631,
        "dmean2": 1.26004076004,
        "dvar": 0.57410889864,
        "dvar2": 1.50271093845,
        "max": 8.83325576782,
        "mean": 2.99808263779,
        "median": 2.94324874878,
        "min": -1.15400505066,
        "var": 1.56398510933
    },
    "spectral_rms": {
        "dmean": 0.000972884008661,
        "dmean2": 0.00150305160787,
        "dvar": 1.37721997362e-06,
        "dvar2": 3.34542028213e-06,
        "max": 0.0111098559573,
        "mean": 0.00463573308662,
        "median": 0.00451096938923,
        "min": 0.000637260614894,
        "var": 2.40679491981e-06
    },
    "spectral_rolloff": {
        "dmean": 751.712097168,
        "dmean2": 1206.15942383,
        "dvar": 1108332.125,
        "dvar2": 2152763.75,
        "max": 11347.9980469,
        "mean": 2487.17700195,
        "median": 2196.38671875,
        "min": 107.666015625,
        "var": 3098366.5
    },
    "spectral_skewness": {
        "dmean": 0.154145628214,
        "dmean2": 0.235745668411,
        "dvar": 0.018878178671,
        "dvar2": 0.0427932664752,
        "max": 2.41787838936,
        "mean": 1.29067206383,
        "median": 1.32893335819,
        "min": 0.0231223702431,
        "var": 0.0895465314388
    },
    "spectral_spread": {
        "dmean": 563536.125,
        "dmean2": 827508.875,
        "dvar": 448270794752,
        "dvar2": 740880351232,
        "max": 15471433,
        "mean": 5114378.5,
        "median": 4860287,
        "min": 3128941,
        "var": 1.40922703053e+12
    },
    "spectral_strongpeak": {
        "dmean": 0.697120547295,
        "dmean2": 1.17148983479,
        "dvar": 0.999812424183,
        "dvar2": 2.33956551552,
        "max": 12.9021310806,
        "mean": 1.02094590664,
        "median": 0.373463004827,
        "min": 0,
        "var": 1.73031699657
    },
    "zerocrossingrate": {
        "dmean": 0.0144190359861,
        "dmean2": 0.0164132099599,
        "dvar": 0.000313900934998,
        "dvar2": 0.000334325042786,
        "max": 0.412109375,
        "mean": 0.0935151129961,
        "median": 0.0859375,
        "min": 0.0185546875,
        "var": 0.00174974359106
    },
    "barkbands": {
        "dmean": [0.000125103528262, 0.00464751664549, 0.00197488348931, 0.000813014572486, 0.00183748477139, 0.000933252973482, 0.000379532022635, 0.00058815011289, 0.00123422779143, 0.000784157949965, 0.000968525768258, 0.00050259870477, 0.000376844545826, 0.00043605841347, 0.000404652644647, 0.000390585744753, 0.000305738998577, 0.000315121869789, 0.000292153301416, 0.00027277704794, 0.000176278539584, 0.000146494625369, 0.000107946412754, 0.000155427216669, 0.000133609442855, 5.46557130292e-05, 1.22939027847e-07],
        "dmean2": [0.000226750707952, 0.0080031119287, 0.00354798603803, 0.00137477938551, 0.0031293083448, 0.00155862234533, 0.000631589151453, 0.000947451684624, 0.00194225355517, 0.00119798362721, 0.00150717131328, 0.000817182357423, 0.000592261087149, 0.000711317872629, 0.000666267646011, 0.000621643150225, 0.000492234248668, 0.000510001962539, 0.000476774410345, 0.000420890602982, 0.000282629072899, 0.000223504102905, 0.000155194182298, 0.000221999551286, 0.000179137190571, 8.17651525722e-05, 2.07858789736e-07],
        "dvar": [4.66620804218e-08, 9.88864703686e-05, 1.22091887533e-05, 1.33295952764e-06, 1.73897024069e-05, 1.96277778741e-06, 3.12303399141e-07, 1.51276879023e-06, 4.64070808448e-06, 3.18261550092e-06, 3.33418302034e-06, 1.22145661408e-06, 7.7489113437e-07, 8.06745674709e-07, 8.59351075633e-07, 7.24740687019e-07, 1.56749010216e-07, 1.96441760636e-07, 1.97564347104e-07, 2.06510577527e-07, 7.51223510065e-08, 5.05381265725e-08, 2.41574387161e-08, 3.00082604099e-07, 2.36196711967e-07, 5.89597703993e-09, 1.09345698999e-13],
        "dvar2": [1.34451227041e-07, 0.000263009569608, 3.51778544427e-05, 3.37654864779e-06, 4.70047707495e-05, 5.22931441083e-06, 7.99888255187e-07, 3.63852359442e-06, 1.09549755507e-05, 8.07897868071e-06, 8.05551098892e-06, 2.95887366519e-06, 1.66062443441e-06, 2.00362978831e-06, 2.21938762479e-06, 1.5731862959e-06, 3.47428709802e-07, 4.93181630645e-07, 5.06716048676e-07, 4.14220238554e-07, 1.88618031416e-07, 1.14418902797e-07, 4.43607532929e-08, 5.43232147265e-07, 3.9918091943e-07, 1.18283756123e-08, 2.60666379974e-13],
        "max": [0.00212876778096, 0.0889933258295, 0.026832703501, 0.00986751448363, 0.050961855799, 0.0152053795755, 0.00537818996236, 0.0229005329311, 0.0196343101561, 0.0264175627381, 0.0273374542594, 0.0139557942748, 0.0154095171019, 0.0158024914563, 0.0146539611742, 0.0182587634772, 0.00643210997805, 0.00481477472931, 0.00707961060107, 0.00797703955323, 0.00373187242076, 0.00297922641039, 0.00256467843428, 0.0098913833499, 0.014838213101, 0.00122119614389, 3.7067231915e-06],
        "mean": [0.000111793480755, 0.00473355036229, 0.0022342086304, 0.00101199396886, 0.00203216960654, 0.00133898155764, 0.000510122801643, 0.000859138322994, 0.00176833383739, 0.00126213987824, 0.00160413712729, 0.000785326003097, 0.00049790967023, 0.000687618681695, 0.000606213929132, 0.000609342067037, 0.000578656443395, 0.000585090660024, 0.000587896676734, 0.000570476229768, 0.000397502823034, 0.000299295614241, 0.000249226723099, 0.000262203102466, 0.000219802459469, 9.1020927357e-05, 1.04924168909e-07],
        "median": [4.27586310252e-05, 0.00207990873605, 0.00128087389749, 0.000553303339984, 0.000940416881349, 0.000743423064705, 0.000318422680721, 0.000357080105459, 0.000678914075252, 0.00040478396113, 0.000491560145747, 0.000249284523306, 0.000198968045879, 0.000270623102551, 0.000281935965177, 0.000280711217783, 0.000389741151594, 0.000358791090548, 0.000367757689673, 0.000344312895322, 0.000235073268414, 0.000173461448867, 0.00016033850261, 0.000139069423312, 0.000111195076897, 5.71580603719e-05, 1.27075583389e-09],
        "min": [5.57724995076e-08, 2.81727466245e-06, 1.7497832232e-06, 6.25320751624e-07, 4.67013705929e-06, 1.11594172267e-05, 4.45650584879e-06, 4.4450630412e-06, 6.54291216051e-06, 4.58105705547e-06, 4.2740043682e-06, 2.4306953037e-06, 2.2466028895e-06, 4.62017396785e-06, 1.81419022738e-06, 2.33827563534e-06, 5.86764508625e-06, 2.44942884819e-06, 8.0871004684e-06, 4.55503322883e-06, 5.47507488591e-06, 4.51273081126e-06, 3.82232428819e-06, 4.17117917095e-06, 2.91867695523e-06, 2.89944210863e-08, 6.31409204435e-12],
        "var": [3.60835272772e-08, 7.86966265878e-05, 9.20008096728e-06, 1.63748404702e-06, 1.39564526762e-05, 2.73591535915e-06, 3.87612345776e-07, 2.44561920226e-06, 7.48394904804e-06, 6.64045319354e-06, 7.40465247873e-06, 2.31298076869e-06, 1.12016618914e-06, 1.50301207213e-06, 1.16598141631e-06, 1.04715149973e-06, 4.05594079211e-07, 4.3624569912e-07, 4.3646033987e-07, 4.66770160301e-07, 2.24081063038e-07, 1.4334037246e-07, 7.62596741311e-08, 4.8587173751e-07, 4.51493463061e-07, 1.09643600865e-08, 1.17200682753e-13]
    },
    "erbbands": {
        "dmean": [0.0923660770059, 1.18769705296, 2.47439455986, 2.33899259567, 3.49436426163, 8.14260005951, 6.40132427216, 8.47024726868, 5.67203617096, 8.40361404419, 13.2202672958, 29.7195911407, 29.8755493164, 16.8858165741, 42.8981628418, 19.818359375, 16.7482585907, 21.0148487091, 20.4897232056, 21.0820713043, 16.9783725739, 15.5670347214, 15.4880867004, 18.238489151, 12.4167356491, 12.6155595779, 8.21368789673, 6.75241184235, 5.25767707825, 3.75066590309, 3.58207535744, 3.06946206093, 2.73864889145, 1.8400349617, 0.85153234005, 0.364746719599, 0.0701598674059, 0.00552897946909, 0.000121049095469, 1.84422879101e-05],
        "dmean2": [0.163012072444, 2.04700493813, 4.3869137764, 4.05691957474, 5.87420988083, 14.114367485, 10.9460859299, 14.2212629318, 9.35499668121, 13.9470691681, 20.8653640747, 46.693611145, 46.8360328674, 25.9497356415, 66.5761184692, 32.0356025696, 26.4126491547, 33.9331855774, 32.4254798889, 33.4487991333, 26.3904190063, 24.934431076, 24.3698921204, 29.9188308716, 19.9907932281, 19.3069438934, 12.9825897217, 10.67872715, 7.91747045517, 5.63618946075, 5.15413045883, 4.46550607681, 3.85589075089, 2.5613720417, 1.21969854832, 0.546669125557, 0.109031036496, 0.00904774758965, 0.000188461592188, 2.80944805127e-05],
        "dvar": [0.035350356251, 6.52473545074, 23.0306835175, 10.2941932678, 49.8166656494, 419.695678711, 110.267753601, 190.585800171, 81.8811798096, 361.040100098, 655.960327148, 3249.65087891, 4668.80517578, 1028.65441895, 7787.54345703, 2001.19140625, 1455.86083984, 1727.67932129, 2923.75683594, 1791.74963379, 858.436218262, 424.259674072, 511.829772949, 836.561889648, 253.988052368, 517.321228027, 136.279815674, 142.277755737, 68.4456253052, 30.6744213104, 25.0308876038, 74.4041824341, 134.547668457, 64.5436630249, 6.24567556381, 0.301287263632, 0.0113530186936, 5.87476679357e-05, 2.43670239541e-08, 5.47789980043e-10],
        "dvar2": [0.0954205468297, 17.2614154816, 64.7730255127, 27.6847019196, 127.089698792, 1167.92150879, 300.512084961, 489.868041992, 203.615844727, 910.415588379, 1569.70715332, 7472.91552734, 12720.8388672, 2196.22338867, 19343.6855469, 5231.84375, 3137.24487305, 4443.87109375, 7162.94726562, 4206.16748047, 1881.70739746, 875.26184082, 1250.62268066, 2107.08374023, 586.03918457, 1055.29199219, 342.018188477, 342.883239746, 148.814865112, 68.021736145, 48.2365341187, 133.088745117, 249.369384766, 115.260856628, 9.57800102234, 0.557975769043, 0.0259796846658, 0.000142684060847, 5.43835234623e-08, 1.21440923984e-09],
        "max": [1.62752151489, 22.561630249, 35.9189376831, 23.6228694916, 78.0875015259, 247.821243286, 108.657783508, 179.142868042, 93.5360107422, 462.037506104, 476.943847656, 577.614013672, 1040.30700684, 636.713989258, 1699.8215332, 564.17376709, 557.288269043, 773.073608398, 1039.8815918, 859.428649902, 538.567871094, 457.45791626, 319.856842041, 394.639190674, 207.235092163, 406.678100586, 136.314529419, 180.796234131, 109.446525574, 76.3824615479, 86.4644012451, 199.521759033, 238.299224854, 235.17729187, 67.7873077393, 8.32397937775, 1.92054474354, 0.0822985470295, 0.00198850897141, 0.00033209688263],
        "mean": [0.08973762393, 1.20620036125, 2.823751688, 3.09727191925, 4.1739654541, 8.03535747528, 8.67106723785, 11.8401985168, 8.17552185059, 12.3977127075, 20.198513031, 43.2217063904, 48.4698181152, 32.98985672, 69.8664779663, 34.0740737915, 24.5943775177, 35.2915534973, 31.1791763306, 36.3258209229, 31.2297458649, 31.4137992859, 31.4092197418, 35.7550811768, 25.6641101837, 25.8519878387, 19.4752960205, 15.0154418945, 10.9842348099, 7.91615915298, 7.89079332352, 5.74110937119, 4.08945417404, 2.70435714722, 1.42988693714, 0.617753565311, 0.111936472356, 0.00764603540301, 0.000199051646632, 4.5125510951e-05],
        "median": [0.0312702395022, 0.533423662186, 1.67661094666, 1.97887706757, 1.88392806053, 3.17187213898, 5.24819517136, 5.80749893188, 5.1100564003, 6.64009380341, 8.98388004303, 17.0177135468, 17.0259742737, 14.6146373749, 21.9919471741, 12.9615268707, 10.6772813797, 14.9361143112, 14.0475034714, 17.1673622131, 18.6682529449, 21.8827228546, 19.5601558685, 21.9596691132, 17.8798160553, 16.4937515259, 12.3631782532, 7.53854417801, 6.43994235992, 4.78778028488, 4.91577529907, 3.42795848846, 1.90470933914, 1.16991722584, 0.74537307024, 0.362681090832, 0.068301692605, 0.00425662612543, 0.000130369939143, 3.73224538635e-05],
        "min": [8.40567445266e-05, 0.00132470822427, 0.00409592827782, 0.00377484387718, 0.0040740291588, 0.0275611970574, 0.123216979206, 0.105668820441, 0.116804204881, 0.185755237937, 0.18965113163, 0.181512340903, 0.093946583569, 0.0754311606288, 0.197421491146, 0.227746427059, 0.101221866906, 0.323206871748, 0.103658482432, 0.170296192169, 0.180544555187, 0.285038530827, 0.221398860216, 0.337267786264, 0.318186789751, 0.256064683199, 0.320965856314, 0.179936170578, 0.16463214159, 0.139568626881, 0.12975038588, 0.0914760306478, 0.0503084659576, 0.0221741851419, 0.00508368806913, 0.000406654173275, 2.27865821216e-05, 2.34225058193e-06, 3.58223201147e-06, 2.0646991743e-06],
        "var": [0.0284421108663, 5.16583013535, 16.9521541595, 11.4059667587, 48.2316970825, 304.107391357, 123.488365173, 266.810089111, 111.039161682, 494.993621826, 1086.28662109, 5197.57910156, 8943.67382812, 2929.43041992, 14916.4765625, 4031.3918457, 2169.70556641, 3518.15551758, 3748.98608398, 3528.1574707, 1599.2421875, 1223.6361084, 1320.55700684, 1828.96923828, 601.665222168, 980.986938477, 435.11831665, 451.862976074, 187.21685791, 89.6717147827, 74.9127960205, 124.462295532, 198.594009399, 103.100639343, 12.5949687958, 0.614603161812, 0.0188960395753, 9.68790191109e-05, 4.94350800295e-08, 1.06007824741e-09]
    },
    "gfcc": {
        "mean": [43.0331954956, 61.3376159668, -120.124214172, 39.5579986572, -62.5299453735, 23.0763168335, -38.3402137756, 20.3708000183, -31.0868644714, 5.76044511795, -20.8286113739, 4.39123868942, -11.9652090073],
        "cov": [[1602.83691406, -170.037628174, -216.928863525, -65.3417358398, -6.96390962601, 51.2544326782, 74.0880813599, 13.569565773, -40.9593544006, -58.3049163818, -60.9609146118, 9.99699401855, -2.36720180511], [-170.037628174, 509.264312744, -42.6530952454, 15.2918186188, 108.60282135, -10.8001489639, 93.1519851685, 9.567278862, 39.222743988, -36.2812423706, 20.0758190155, -33.3638801575, 7.22957229614], [-216.928863525, -42.6530952454, 386.638580322, 123.777259827, 22.2429981232, 12.669251442, -47.9320716858, 5.3745059967, 17.7493343353, 56.3240814209, 19.331911087, 53.6393547058, -20.0531711578], [-65.3417358398, 15.2918186188, 123.777259827, 284.220062256, 36.5274963379, -35.5962905884, -13.2452354431, 0.805926084518, 57.7551269531, 2.70015287399, 20.1730365753, 16.6256065369, 12.7094449997], [-6.96390962601, 108.60282135, 22.2429981232, 36.5274963379, 164.064544678, 52.074848175, 35.9374771118, 20.7025489807, 21.8033542633, 7.28451061249, -4.56251811981, 6.4792842865, -10.6091661453], [51.2544326782, -10.8001489639, 12.669251442, -35.5962905884, 52.074848175, 171.24105835, 85.8561401367, -0.407350093126, 1.33720159531, 11.7205629349, 2.4357111454, 2.8251183033, -3.29537010193], [74.0880813599, 93.1519851685, -47.9320716858, -13.2452354431, 35.9374771118, 85.8561401367, 152.996704102, 21.8373680115, 5.88875675201, -1.85598480701, -0.0134061956778, -1.80886209011, -0.557552158833], [13.569565773, 9.567278862, 5.3745059967, 0.805926084518, 20.7025489807, -0.407350093126, 21.8373680115, 102.316574097, 57.4065589905, 3.91282701492, -4.02294206619, -13.0882320404, 9.30148601532], [-40.9593544006, 39.222743988, 17.7493343353, 57.7551269531, 21.8033542633, 1.33720159531, 5.88875675201, 57.4065589905, 113.494918823, 21.6958694458, -2.13791036606, -6.2344789505, 6.24567174911], [-58.3049163818, -36.2812423706, 56.3240814209, 2.70015287399, 7.28451061249, 11.7205629349, -1.85598480701, 3.91282701492, 21.6958694458, 73.3139266968, 33.9776000977, 18.0634403229, -8.97986030579], [-60.9609146118, 20.0758190155, 19.331911087, 20.1730365753, -4.56251811981, 2.4357111454, -0.0134061956778, -4.02294206619, -2.13791036606, 33.9776000977, 76.8372955322, 19.6081008911, 7.39854049683], [9.99699401855, -33.3638801575, 53.6393547058, 16.6256065369, 6.4792842865, 2.8251183033, -1.80886209011, -13.0882320404, -6.2344789505, 18.0634403229, 19.6081008911, 73.1940612793, 10.4804048538], [-2.36720180511, 7.22957229614, -20.0531711578, 12.7094449997, -10.6091661453, -3.29537010193, -0.557552158833, 9.30148601532, 6.24567174911, -8.97986030579, 7.39854049683, 10.4804048538, 47.6726379395]],
        "icov": [[0.000781623471994, 0.000338240410201, 0.000506141921505, -0.000136840841151, -7.25777281332e-05, -0.00011258808081, -0.00032203659066, -0.000313587050186, 0.000225496289204, 0.000391570851207, 0.000366278080037, -0.000576274702325, 0.000384448154364], [0.000338240410201, 0.00512719573453, -0.00173662090674, 0.00264093209989, -0.00463764974847, 0.00468133855611, -0.00550691364333, 0.0046453718096, -0.00486797420308, 0.00597016327083, -0.00500991754234, 0.00364818517119, -0.00213673431426], [0.000506141921505, -0.00173662090674, 0.00576325133443, -0.00381071935408, 0.0023521729745, -0.00394584750757, 0.00432871421799, -0.00450097909197, 0.00406056875363, -0.00525565305725, 0.00374666554853, -0.00488875806332, 0.00387953990139], [-0.000136840841151, 0.00264093209989, -0.00381071935408, 0.0078033786267, -0.00424135196954, 0.00524015305564, -0.00449838023633, 0.00620101904497, -0.00747431954369, 0.0065477155149, -0.00554922176525, 0.00315657583997, -0.00355492020026], [-7.25777281332e-05, -0.00463764974847, 0.0023521729745, -0.00424135196954, 0.0120455529541, -0.00704439217225, 0.00498485891148, -0.00654933322221, 0.00488843210042, -0.00592036917806, 0.0058622173965, -0.00508741103113, 0.00480271410197], [-0.00011258808081, 0.00468133855611, -0.00394584750757, 0.00524015305564, -0.00704439217225, 0.0148148713633, -0.0110007198527, 0.00790706835687, -0.00657203327864, 0.00543559761718, -0.00568675156683, 0.00529437186196, -0.00438381917775], [-0.00032203659066, -0.00550691364333, 0.00432871421799, -0.00449838023633, 0.00498485891148, -0.0110007198527, 0.0168757662177, -0.00886766891927, 0.00703553343192, -0.00677249627188, 0.00568302767351, -0.00566690927371, 0.00428211549297], [-0.000313587050186, 0.0046453718096, -0.00450097909197, 0.00620101904497, -0.00654933322221, 0.00790706835687, -0.00886766891927, 0.0219896715134, -0.0145175671205, 0.00793637055904, -0.00664420658723, 0.00759821617976, -0.00681395782158], [0.000225496289204, -0.00486797420308, 0.00406056875363, -0.00747431954369, 0.00488843210042, -0.00657203327864, 0.00703553343192, -0.0145175671205, 0.0222812667489, -0.0133647900075, 0.00942907575518, -0.00373358419165, 0.0019194255583], [0.000391570851207, 0.00597016327083, -0.00525565305725, 0.0065477155149, -0.00592036917806, 0.00543559761718, -0.00677249627188, 0.00793637055904, -0.0133647900075, 0.0313662104309, -0.0167027264833, 0.00184501986951, 0.00243402575143], [0.000366278080037, -0.00500991754234, 0.00374666554853, -0.00554922176525, 0.0058622173965, -0.00568675156683, 0.00568302767351, -0.00664420658723, 0.00942907575518, -0.0167027264833, 0.0247487984598, -0.0067814826034, -0.000623876403552], [-0.000576274702325, 0.00364818517119, -0.00488875806332, 0.00315657583997, -0.00508741103113, 0.00529437186196, -0.00566690927371, 0.00759821617976, -0.00373358419165, 0.00184501986951, -0.0067814826034, 0.022030333057, -0.00874883309007], [0.000384448154364, -0.00213673431426, 0.00387953990139, -0.00355492020026, 0.00480271410197, -0.00438381917775, 0.00428211549297, -0.00681395782158, 0.0019194255583, 0.00243402575143, -0.000623876403552, -0.00874883309007, 0.028271690011]]
    },
    "melbands": {
        "dmean": [0.00108567893039, 0.00142552761827, 0.000406531995395, 0.000431484193541, 0.000248464144534, 0.000182199917617, 8.4663501184e-05, 9.92585046333e-05, 0.00012010865612, 0.000194676453248, 0.000147579514305, 6.55040712445e-05, 0.000144879362779, 7.28969389456e-05, 3.63433937309e-05, 3.98366501031e-05, 4.37480521214e-05, 3.57206881745e-05, 2.51482015301e-05, 3.4622142266e-05, 1.91283579625e-05, 1.80904498848e-05, 1.5844401787e-05, 1.48539920701e-05, 1.66612771864e-05, 1.00549705166e-05, 9.91167871689e-06, 9.01195562619e-06, 6.14027112533e-06, 4.50373590866e-06, 4.25553116656e-06, 3.29807085109e-06, 2.8560998544e-06, 1.95215261556e-06, 2.21916093324e-06, 1.98092538994e-06, 1.9522231014e-06, 2.01344687412e-06, 1.86874933661e-06, 1.64030416272e-06],
        "dmean2": [0.00188181328122, 0.00248156348243, 0.000689393549692, 0.000742289994378, 0.000424732948886, 0.000305722263874, 0.000139317373396, 0.000163665012224, 0.000189625890926, 0.000306943431497, 0.000231006371905, 9.99257099465e-05, 0.00022509630071, 0.000114614827908, 5.92806791246e-05, 6.09927774349e-05, 7.18806841178e-05, 5.68573595956e-05, 4.13865564042e-05, 5.55100559723e-05, 3.03076976707e-05, 2.94817891699e-05, 2.51228011621e-05, 2.35130773945e-05, 2.7487269108e-05, 1.64233333635e-05, 1.58309921972e-05, 1.39002413562e-05, 9.62794456427e-06, 7.33442857381e-06, 6.78798187437e-06, 5.03416049469e-06, 4.53404118161e-06, 2.97271844829e-06, 3.30229454448e-06, 2.91175069833e-06, 2.92109234579e-06, 2.87686543743e-06, 2.78495326711e-06, 2.42082910518e-06],
        "dvar": [5.26451322003e-06, 8.33770536701e-06, 3.06114714022e-07, 1.15084390018e-06, 1.90898560959e-07, 8.29802999647e-08, 1.75754024667e-08, 5.36820365937e-08, 5.3154227686e-08, 1.37670440381e-07, 1.16312513398e-07, 1.77742780494e-08, 7.85379867807e-08, 2.34971260227e-08, 3.98091515308e-09, 1.1287784929e-08, 8.13948730638e-09, 9.89020509934e-09, 3.29513127895e-09, 6.04534866611e-09, 9.52010026367e-10, 6.71554645226e-10, 3.97241795014e-10, 5.12656361806e-10, 7.56555373904e-10, 1.73886169352e-10, 2.58113003193e-10, 2.80484774295e-10, 8.57477561178e-11, 4.19215391567e-11, 6.76731032323e-11, 3.0839355375e-11, 1.63195724295e-11, 9.13897690163e-12, 8.58932022729e-12, 1.93918527069e-11, 3.58792787147e-11, 6.71291355836e-11, 8.81088951799e-11, 5.53933288128e-11],
        "dvar2": [1.40676502269e-05, 2.2748412448e-05, 7.96076619736e-07, 3.13854593514e-06, 5.17732530625e-07, 2.14529435993e-07, 4.39058496227e-08, 1.33048544626e-07, 1.28290892576e-07, 3.2185874943e-07, 3.13720391887e-07, 3.69666217637e-08, 1.9353369396e-07, 5.77665311141e-08, 9.97375160239e-09, 2.34985186864e-08, 2.12524966514e-08, 2.37582931106e-08, 8.78260753012e-09, 1.33617668041e-08, 2.1664048333e-09, 1.39730294002e-09, 9.30210020123e-10, 1.24944832258e-09, 1.92577553904e-09, 4.25643909008e-10, 5.60689550344e-10, 5.95239912915e-10, 2.18689732989e-10, 9.93558707529e-11, 1.70280858858e-10, 6.92414389714e-11, 3.8050278206e-11, 2.02040485037e-11, 1.72428096107e-11, 3.69676685097e-11, 6.54305429282e-11, 1.30905244977e-10, 1.55332760543e-10, 1.17277659806e-10],
        "max": [0.0203910954297, 0.0236288048327, 0.00442087976262, 0.0135625768453, 0.0045141139999, 0.00355264893733, 0.00135142751969, 0.00564524531364, 0.00380484643392, 0.00375168467872, 0.00517573719844, 0.00285813235678, 0.00424202578142, 0.00279591674916, 0.000795795291197, 0.00200469046831, 0.00178225629497, 0.00193480355665, 0.00134125794284, 0.00175897590816, 0.00056516128825, 0.00056732603116, 0.000286181340925, 0.000341025093803, 0.000381070742151, 0.000142921286169, 0.000304117071209, 0.000239297456574, 0.00011388380517, 9.53963535721e-05, 0.00012712055468, 8.16958054202e-05, 4.97904220538e-05, 4.16118855355e-05, 3.9977774577e-05, 0.000118213501992, 0.000120657736261, 0.000173805077793, 0.000259332213318, 0.000205446092878],
        "mean": [0.00108947162516, 0.00160310277715, 0.000564944348298, 0.000446400837973, 0.000326427223627, 0.000259489112068, 0.000119448712212, 0.000146155332914, 0.000176607863978, 0.000278983672615, 0.00023376167519, 0.000117829062219, 0.000236171254073, 0.00011710687977, 5.59116706427e-05, 5.24370589119e-05, 6.90445740474e-05, 5.0964546972e-05, 4.07089391956e-05, 5.2723546105e-05, 3.33333955496e-05, 3.38339814334e-05, 2.91948745144e-05, 2.74186386378e-05, 2.97592414427e-05, 1.83605443453e-05, 1.79147173185e-05, 1.70873172465e-05, 1.35207137646e-05, 9.12028735911e-06, 8.55985672388e-06, 6.34417529e-06, 5.24071083419e-06, 3.91422236135e-06, 4.68210555482e-06, 3.79144876206e-06, 3.3785429423e-06, 2.91511787509e-06, 2.54189990301e-06, 2.21725463234e-06],
        "median": [0.000455382396467, 0.000969627930317, 0.000375733390683, 0.000186892168131, 0.000197908899281, 0.000137313487357, 7.44165081414e-05, 7.43421187508e-05, 7.22718032193e-05, 0.000102412268461, 7.52892083256e-05, 4.37459639215e-05, 7.02956604073e-05, 4.23447381763e-05, 2.48291471507e-05, 1.9454249923e-05, 2.70043328783e-05, 2.04908792512e-05, 2.01846196433e-05, 2.2796473786e-05, 1.90853625099e-05, 2.26633019338e-05, 1.95179200091e-05, 1.61304651556e-05, 1.6851883629e-05, 1.28620376927e-05, 1.10984701678e-05, 1.01935156636e-05, 7.8687153291e-06, 5.47265108253e-06, 3.66551057596e-06, 3.32788181368e-06, 3.22368055095e-06, 2.35426750805e-06, 2.86076192424e-06, 2.38211259784e-06, 1.90464834304e-06, 1.29901275159e-06, 1.02667377178e-06, 9.32534817366e-07],
        "min": [6.23850951342e-07, 2.39539940594e-06, 8.13510041553e-07, 8.2237602328e-07, 4.0497552618e-06, 2.11121300708e-06, 1.69097768321e-06, 1.87671525964e-06, 1.26620216179e-06, 1.09171764962e-06, 4.71906645316e-07, 1.06393883925e-07, 5.62634284051e-07, 5.51537993942e-07, 2.63654328592e-07, 1.92993709902e-07, 4.85116004256e-07, 1.38590664278e-07, 1.51451814645e-07, 2.53610295431e-07, 2.01620267148e-07, 2.82863908296e-07, 2.31979555565e-07, 1.67469522694e-07, 2.67447205715e-07, 2.23923336762e-07, 1.90594434457e-07, 1.42451455076e-07, 2.08621301567e-07, 1.27491816215e-07, 2.28445546924e-08, 4.70711434275e-08, 8.12369762571e-08, 7.10229954848e-08, 8.25986816722e-08, 3.72884372268e-08, 4.29692939008e-08, 3.82144378364e-08, 2.27469278968e-08, 1.7066282415e-11],
