{
"highlevel": {
    "danceability": {
        "all": {
            "danceable": 0.00256761838682,
            "not_danceable": 0.997432410717
        },
        "probability": 0.997432410717,
        "value": "not_danceable"
    },
    "gender": {
        "all": {
            "female": 0.858921945095,
            "male": 0.141078025103
        },
        "probability": 0.858921945095,
        "value": "female"
    },
    "genre_dortmund": {
        "all": {
            "alternative": 0.180007204413,
            "blues": 0.086923122406,
            "electronic": 0.239191904664,
            "folkcountry": 0.208722412586,
            "funksoulrnb": 0.0143588678911,
            "jazz": 0.0495869852602,
            "pop": 0.0361472964287,
            "raphiphop": 0.00322165084071,
            "rock": 0.18184055388
        },
        "probability": 0.239191904664,
        "value": "electronic"
    },
    "genre_electronic": {
        "all": {
            "ambient": 0.186940699816,
            "dnb": 0.172661423683,
            "house": 0.133972838521,
            "techno": 0.0300793908536,
            "trance": 0.4763456285
        },
        "probability": 0.4763456285,
        "value": "trance"
    },
    "genre_rosamerica": {
        "all": {
            "cla": 0.0408379286528,
            "dan": 0.029509043321,
            "hip": 0.0134425703436,
            "jaz": 0.0159148592502,
            "pop": 0.0554766096175,
            "rhy": 0.0126486904919,
            "roc": 0.829048573971,
            "spe": 0.00312171271071
        },
        "probability": 0.829048573971,
        "value": "roc"
    },
    "genre_tzanetakis": {
        "all": {
            "blu": 0.0626613423228,
            "cla": 0.0348169617355,
            "cou": 0.104475811124,
            "dis": 0.0784321576357,
            "hip": 0.15692435205,
            "jaz": 0.313974827528,
            "met": 0.0448166541755,
            "pop": 0.0627359300852,
            "reg": 0.0627360641956,
            "roc": 0.0784258767962
        },
        "probability": 0.313974827528,
        "value": "jaz"
    },
    "ismir04_rhythm": {
        "all": {
            "ChaChaCha": 0.339629590511,
            "Jive": 0.122063174844,
            "Quickstep": 0.0422134250402,
            "Rumba-American": 0.0188981443644,
            "Rumba-International": 0.016041085124,
            "Rumba-Misc": 0.00750765390694,
            "Samba": 0.0877108499408,
            "Tango": 0.162510201335,
            "VienneseWaltz": 0.190571829677,
            "Waltz": 0.0128540378064
        },
        "probability": 0.339629590511,
        "value": "ChaChaCha"
    },
    "mood_acoustic": {
        "all": {
            "acoustic": 0.00739045487717,
            "not_acoustic": 0.99260956049
        },
        "probability": 0.99260956049,
        "value": "not_acoustic"
    },
    "mood_aggressive": {
        "all": {
            "aggressive": 0.772536754608,
            "not_aggressive": 0.227463230491
        },
        "probability": 0.772536754608,
        "value": "aggressive"
    },
    "mood_electronic": {
        "all": {
            "electronic": 0.5,
            "not_electronic": 0.5
        },
        "probability": 0.5,
        "value": "electronic"
    },
    "mood_happy": {
        "all": {
            "happy": 0.648790538311,
            "not_happy": 0.351209491491
        },
        "probability": 0.648790538311,
        "value": "happy"
    },
    "mood_party": {
        "all": {
            "not_party": 0.206553459167,
            "party": 0.793446540833
        },
        "probability": 0.793446540833,
        "value": "party"
    },
    "mood_relaxed": {
        "all": {
            "not_relaxed": 0.904603838921,
            "relaxed": 0.0953961387277
        },
        "probability": 0.904603838921,
        "value": "not_relaxed"
    },
    "mood_sad": {
        "all": {
            "not_sad": 0.965055525303,
            "sad": 0.0349444560707
        },
        "probability": 0.965055525303,
        "value": "not_sad"
    },
    "moods_mirex": {
        "all": {
            "Cluster1": 0.225341483951,
            "Cluster2": 0.30385184288,
            "Cluster3": 0.130099877715,
            "Cluster4": 0.198869168758,
            "Cluster5": 0.141837626696
        },
        "probability": 0.30385184288,
        "value": "Cluster2"
    },
    "timbre": {
        "all": {
            "bright": 0.89321577549,
            "dark": 0.10678422451
        },
        "probability": 0.89321577549,
        "value": "bright"
    },
    "tonal_atonal": {
        "all": {
            "atonal": 0.480943650007,
            "tonal": 0.519056379795
        },
        "probability": 0.519056379795,
        "value": "tonal"
    },
    "voice_instrumental": {
        "all": {
            "instrumental": 0.00695131858811,
            "voice": 0.993048667908
        },
        "probability": 0.993048667908,
        "value": "voice"
    }
},
"lowlevel": {
    "average_loudness": 0.985569775105,
    "barkbands_crest": {
        "dmean": 2.48916435242,
        "dmean2": 4.08460855484,
        "dvar": 6.38311195374,
        "dvar2": 16.0143146515,
        "max": 22.9943675995,
        "mean": 8.60638713837,
        "median": 7.58629560471,
        "min": 2.41252064705,
        "var": 16.4751701355
    },
    "barkbands_flatness_db": {
        "dmean": 0.0192305576056,
        "dmean2": 0.029092438519,
        "dvar": 0.000331068615196,
        "dvar2": 0.000713192275725,
        "max": 0.291591525078,
        "mean": 0.134930491447,
        "median": 0.124872736633,
        "min": 0.0542318038642,
        "var": 0.00191059208009
    },
    "barkbands_kurtosis": {
        "dmean": 1.62676072121,
        "dmean2": 2.57938313484,
        "dvar": 8.90538597107,
        "dvar2": 21.613275528,
        "max": 39.5687026978,
        "mean": 0.939169228077,
        "median": -0.213025569916,
        "min": -1.7782779932,
        "var": 13.250749588
    },
    "barkbands_skewness": {
        "dmean": 0.462713956833,
        "dmean2": 0.708091139793,
        "dvar": 0.238819509745,
        "dvar2": 0.522100627422,
        "max": 5.98741960526,
        "mean": 0.839107811451,
        "median": 0.641478657722,
        "min": -1.55301558971,
        "var": 0.880289256573
    },
    "barkbands_spread": {
        "dmean": 5.76328468323,
        "dmean2": 8.45039558411,
        "dvar": 32.5042037964,
        "dvar2": 68.3626708984,
        "max": 74.5225219727,
        "mean": 27.2988357544,
        "median": 26.1072177887,
        "min": 3.66331148148,
        "var": 149.511993408
    },
    "dissonance": {
        "dmean": 0.0149121861905,
        "dmean2": 0.0251749400049,
        "dvar": 0.000199609872652,
        "dvar2": 0.000540056440514,
        "max": 0.499970883131,
        "mean": 0.475423842669,
        "median": 0.480437517166,
        "min": 0.36488828063,
        "var": 0.000365973450243
    },
    "dynamic_complexity": 0.956650078297,
    "erbbands_crest": {
        "dmean": 2.84781265259,
        "dmean2": 4.72578859329,
        "dvar": 7.24453163147,
        "dvar2": 19.7787189484,
        "max": 25.8888206482,
        "mean": 8.63337421417,
        "median": 7.71649599075,
        "min": 2.65170550346,
        "var": 14.7164764404
    },
    "erbbands_flatness_db": {
        "dmean": 0.0171951688826,
        "dmean2": 0.0247113965452,
        "dvar": 0.000268467323622,
        "dvar2": 0.000519545341376,
        "max": 0.324587523937,
        "mean": 0.182122215629,
        "median": 0.17916610837,
        "min": 0.0956999510527,
        "var": 0.00123455724679
    },
    "erbbands_kurtosis": {
        "dmean": 0.711358726025,
        "dmean2": 1.14969027042,
        "dvar": 0.57841771841,
        "dvar2": 1.45256745815,
        "max": 7.49815940857,
        "mean": 0.0978335663676,
        "median": -0.245779275894,
        "min": -1.38552415371,
        "var": 1.41910386086
    },
    "erbbands_skewness": {
        "dmean": 0.331374377012,
        "dmean2": 0.530054330826,
        "dvar": 0.081083342433,
        "dvar2": 0.210432574153,
        "max": 2.48182082176,
        "mean": -0.0424716696143,
        "median": -0.0132098915055,
        "min": -2.03616166115,
        "var": 0.372346490622
    },
    "erbbands_spread": {
        "dmean": 6.99190998077,
        "dmean2": 10.9078559875,
        "dvar": 41.2350883484,
        "dvar2": 93.9500732422,
        "max": 74.6644515991,
        "mean": 33.4367446899,
        "median": 32.6081237793,
        "min": 6.80162382126,
        "var": 131.819900513
    },
    "hfc": {
        "dmean": 6.52662038803,
        "dmean2": 9.76561641693,
        "dvar": 71.0052642822,
        "dvar2": 177.113601685,
        "max": 96.5450592041,
        "mean": 29.1404914856,
        "median": 26.4029254913,
        "min": 5.61602783203,
        "var": 243.348297119
    },
    "melbands_crest": {
        "dmean": 2.96039962769,
        "dmean2": 4.78695678711,
        "dvar": 7.27010965347,
        "dvar2": 18.156583786,
        "max": 28.698928833,
        "mean": 13.2566432953,
        "median": 12.7920503616,
        "min": 3.75259685516,
        "var": 29.4494190216
    },
    "melbands_flatness_db": {
        "dmean": 0.0245291609317,
        "dmean2": 0.0346460230649,
        "dvar": 0.000660128251184,
        "dvar2": 0.00128875859082,
        "max": 0.367742985487,
        "mean": 0.159298717976,
        "median": 0.145544290543,
        "min": 0.0352190546691,
        "var": 0.00436751171947
    },
    "melbands_kurtosis": {
        "dmean": 4.08729505539,
        "dmean2": 6.57708501816,
        "dvar": 57.3348731995,
        "dvar2": 137.641586304,
        "max": 119.278633118,
        "mean": 5.66510105133,
        "median": 2.62903738022,
        "min": -1.59544885159,
        "var": 88.3165969849
    },
    "melbands_skewness": {
        "dmean": 0.604286193848,
        "dmean2": 0.944505214691,
        "dvar": 0.461541086435,
        "dvar2": 1.00950801373,
        "max": 9.45883274078,
        "mean": 1.84366214275,
        "median": 1.61691343784,
        "min": -0.931962132454,
        "var": 1.51878666878
    },
    "melbands_spread": {
        "dmean": 9.19867038727,
        "dmean2": 13.9454278946,
        "dvar": 90.6102676392,
        "dvar2": 214.810317993,
        "max": 110.822128296,
        "mean": 36.0113296509,
        "median": 32.8358230591,
        "min": 2.7976577282,
        "var": 394.569854736
    },
    "pitch_salience": {
        "dmean": 0.0715392380953,
        "dmean2": 0.117814153433,
        "dvar": 0.00461096968502,
        "dvar2": 0.0122912228107,
        "max": 0.807696759701,
        "mean": 0.547184169292,
        "median": 0.560023069382,
        "min": 0.229017972946,
        "var": 0.0129326870665
    },
    "silence_rate_20dB": {
        "dmean": 0,
        "dmean2": 0,
        "dvar": 0,
        "dvar2": 0,
        "max": 1,
        "mean": 1,
        "median": 1,
        "min": 1,
        "var": 0
    },
    "silence_rate_30dB": {
        "dmean": 0,
        "dmean2": 0,
        "dvar": 0,
        "dvar2": 0,
        "max": 1,
        "mean": 1,
        "median": 1,
        "min": 1,
        "var": 0
    },
    "silence_rate_60dB": {
        "dmean": 0,
        "dmean2": 0,
        "dvar": 0,
        "dvar2": 0,
        "max": 0,
        "mean": 0,
        "median": 0,
        "min": 0,
        "var": 0
    },
    "spectral_centroid": {
        "dmean": 297.022094727,
        "dmean2": 441.375579834,
        "dvar": 91612.3359375,
        "dvar2": 196822.375,
        "max": 3553.73486328,
        "mean": 1918.91296387,
        "median": 1982.49975586,
        "min": 366.381164551,
        "var": 508030.8125
    },
    "spectral_complexity": {
        "dmean": 4.45588254929,
        "dmean2": 6.76529836655,
        "dvar": 16.5065555573,
        "dvar2": 35.6094932556,
        "max": 53,
        "mean": 29.0525913239,
        "median": 28,
        "min": 8,
        "var": 106.783149719
    },
    "spectral_decrease": {
        "dmean": 1.51035184359e-09,
        "dmean2": 2.36754038596e-09,
        "dvar": 3.46293786771e-18,
        "dvar2": 7.38724978415e-18,
        "max": -1.50842072166e-09,
        "mean": -6.65808430611e-09,
        "median": -6.18397510976e-09,
        "min": -2.09630766079e-08,
        "var": 7.13425080354e-18
    },
    "spectral_energy": {
        "dmean": 0.0059322710149,
        "dmean2": 0.00934693776071,
        "dvar": 4.88167679578e-05,
        "dvar2": 0.000105269340565,
        "max": 0.0801321491599,
        "mean": 0.0277722645551,
        "median": 0.0265177078545,
        "min": 0.00649108737707,
        "var": 9.93810317595e-05
    },
    "spectral_energyband_high": {
        "dmean": 0.000674753740896,
        "dmean2": 0.000980516429991,
        "dvar": 1.50816379119e-06,
        "dvar2": 3.80179903914e-06,
        "max": 0.0125297764316,
        "mean": 0.00156983197667,
        "median": 0.00101682753302,
        "min": 1.64707762451e-05,
        "var": 2.75841853181e-06
    },
    "spectral_energyband_low": {
        "dmean": 0.00389992701821,
        "dmean2": 0.00583890778944,
        "dvar": 4.71577186545e-05,
        "dvar2": 0.000102331476228,
        "max": 0.0713504701853,
        "mean": 0.00913515035063,
        "median": 0.00542823597789,
        "min": 1.07307441795e-05,
        "var": 0.000117552459415
    },
    "spectral_energyband_middle_high": {
        "dmean": 0.00256822933443,
        "dmean2": 0.00418472895399,
        "dvar": 5.81467020311e-06,
        "dvar2": 1.52946013259e-05,
        "max": 0.032583925873,
        "mean": 0.00948708597571,
        "median": 0.00877200998366,
        "min": 0.0010049638804,
        "var": 2.33509781538e-05
    },
    "spectral_energyband_middle_low": {
        "dmean": 0.00392585573718,
        "dmean2": 0.00651808269322,
        "dvar": 2.93126231554e-05,
        "dvar2": 7.40046743886e-05,
        "max": 0.0536198094487,
        "mean": 0.00921328179538,
        "median": 0.00719813490286,
        "min": 0.000354366318788,
        "var": 4.7994817578e-05
    },
    "spectral_entropy": {
        "dmean": 0.112525239587,
        "dmean2": 0.161166444421,
        "dvar": 0.0140059683472,
        "dvar2": 0.0266589280218,
        "max": 8.35549449921,
        "mean": 7.70013046265,
        "median": 7.73240280151,
        "min": 6.71169281006,
        "var": 0.0730946585536
    },
    "spectral_flux": {
        "dmean": 0.0198023468256,
        "dmean2": 0.0320232324302,
        "dvar": 0.00056093808962,
        "dvar2": 0.0012201104546,
        "max": 0.249673649669,
        "mean": 0.0907837003469,
        "median": 0.0856278762221,
        "min": 0.033459816128,
        "var": 0.000906578265131
    },
    "spectral_kurtosis": {
        "dmean": 1.42936313152,
        "dmean2": 2.48176717758,
        "dvar": 2.02230572701,
        "dvar2": 5.71436405182,
        "max": 18.034860611,
        "mean": 2.94310235977,
        "median": 2.55304813385,
        "min": -0.344829559326,
        "var": 3.3413028717
    },
    "spectral_rms": {
        "dmean": 0.000538972148206,
        "dmean2": 0.000841220258735,
        "dvar": 3.22238633998e-07,
        "dvar2": 6.90188471708e-07,
        "max": 0.00884181540459,
        "mean": 0.00512921763584,
        "median": 0.00508634792641,
        "min": 0.00251649925485,
        "var": 7.8608803733e-07
    },
    "spectral_rolloff": {
        "dmean": 580.780212402,
        "dmean2": 886.932800293,
        "dvar": 520156.28125,
        "dvar2": 1040557.3125,
        "max": 6610.69335938,
        "mean": 2223.79663086,
        "median": 1981.0546875,
        "min": 86.1328125,
        "var": 1771010.125
    },
    "spectral_skewness": {
        "dmean": 0.199395149946,
        "dmean2": 0.332219809294,
        "dvar": 0.0306973326951,
        "dvar2": 0.0756738334894,
        "max": 2.66158819199,
        "mean": 1.01117253304,
        "median": 0.968052625656,
        "min": 0.299571722746,
        "var": 0.0969830006361
    },
    "spectral_spread": {
        "dmean": 327878,
        "dmean2": 468464.875,
        "dvar": 128659275776,
        "dvar2": 225158791168,
        "max": 6965843.5,
        "mean": 3557846.5,
        "median": 3410481,
        "min": 1898516.125,
        "var": 575273828352
    },
    "spectral_strongpeak": {
        "dmean": 0.615572214127,
        "dmean2": 1.0501960516,
        "dvar": 0.90221452713,
        "dvar2": 2.21890377998,
        "max": 9.48189067841,
        "mean": 1.11114621162,
        "median": 0.601469099522,
        "min": 0.0560037605464,
        "var": 1.53406357765
    },
    "zerocrossingrate": {
        "dmean": 0.0106439264491,
        "dmean2": 0.0113132987171,
        "dvar": 0.00010196857329,
        "dvar2": 0.000119988675578,
        "max": 0.16357421875,
        "mean": 0.0727965757251,
        "median": 0.072265625,
        "min": 0.01123046875,
        "var": 0.00104732171167
    },
    "barkbands": {
        "dmean": [0.000134915389935, 0.00260657654144, 0.0016565953847, 0.00172190635931, 0.00140509125777, 0.000921644503251, 0.000391429144656, 0.000530518474989, 0.000885721878149, 0.000807367323432, 0.00137277296744, 0.000632982933894, 0.000363880652003, 0.00043134187581, 0.000340979458997, 0.000335264747264, 0.000172643951373, 0.000436500180513, 0.000419101328589, 0.000359989324352, 0.00020427259733, 0.000192033345229, 0.000115410439321, 4.22073644586e-05, 1.88105987036e-05, 6.00950033913e-06, 1.98462224432e-09],
        "dmean2": [0.000237569038291, 0.00383835635148, 0.00273165595718, 0.00292316521518, 0.00237930146977, 0.00154791562818, 0.000658833072521, 0.000841393310111, 0.00146762013901, 0.00128322397359, 0.00233415723778, 0.00107159931213, 0.000606915389653, 0.0007065225509, 0.000543442321941, 0.000553385587409, 0.000294102792395, 0.000706456950866, 0.000690952176228, 0.000585693400353, 0.000327577581629, 0.000295812991681, 0.00017240899615, 6.25033280812e-05, 2.86396825686e-05, 9.30256919673e-06, 3.61335295018e-09],
        "dvar": [5.52911636476e-08, 4.41344127466e-05, 8.06481057225e-06, 9.27514520299e-06, 4.71202929475e-06, 1.99068858819e-06, 2.56075963989e-07, 8.87567239261e-07, 2.67469113169e-06, 1.30396460918e-06, 3.08837479679e-06, 7.89534681189e-07, 5.43409669262e-07, 6.03418925493e-07, 3.44329748714e-07, 4.91596608754e-07, 6.16068192016e-08, 3.59138738304e-07, 3.39806604188e-07, 2.84178554466e-07, 1.11773893252e-07, 1.33021401894e-07, 7.53362030537e-08, 1.21584182722e-08, 2.41614217522e-09, 2.55206383803e-10, 5.56693081644e-17],
        "dvar2": [1.58338707479e-07, 0.000100974975794, 2.13045223063e-05, 2.42708410951e-05, 1.25226561067e-05, 5.30277111466e-06, 6.47876106541e-07, 2.0456443508e-06, 7.08027255314e-06, 3.25705877913e-06, 8.63804962137e-06, 2.1072112304e-06, 1.29094757995e-06, 1.59335399985e-06, 8.2722112893e-07, 1.29253055547e-06, 1.73738882836e-07, 8.73689771197e-07, 8.76490332757e-07, 7.64792673635e-07, 2.8839940569e-07, 3.39010995276e-07, 1.80702826924e-07, 2.87330941262e-08, 5.91825033425e-09, 6.0680160896e-10, 1.43384996157e-16],
        "max": [0.00299022300169, 0.0627043172717, 0.0274863578379, 0.024667929858, 0.0232580881566, 0.013598356396, 0.00953767076135, 0.0168233029544, 0.034747119993, 0.0165692772716, 0.0199967809021, 0.0157537162304, 0.0103583401069, 0.0141653753817, 0.00906351581216, 0.0170591976494, 0.00411419617012, 0.011238518171, 0.00655818823725, 0.00556255364791, 0.0037389008794, 0.00378706189804, 0.00350552494638, 0.00173309037928, 0.000602013315074, 0.000181332972716, 1.18717672137e-07],
        "mean": [0.000125665290398, 0.00385077204555, 0.00377875054255, 0.00244048237801, 0.00215071020648, 0.00134629686363, 0.000602602609433, 0.000873677781783, 0.00133371655829, 0.00137232290581, 0.00215525832027, 0.00116008857731, 0.000581936852541, 0.000687022344209, 0.000582605716772, 0.000638097582851, 0.000335771183018, 0.000957195647061, 0.000899340666365, 0.000789461249951, 0.000443799275672, 0.00036816377542, 0.000194080610527, 6.89114531269e-05, 2.87557577394e-05, 6.80383527651e-06, 1.44236034227e-09],
        "median": [5.47990275663e-05, 0.000525202078279, 0.001583985053, 0.000799048575573, 0.00101708807051, 0.00076549075311, 0.000335129501764, 0.000298634840874, 0.000602128216997, 0.00081379734911, 0.00145162758417, 0.000787627301179, 0.000249480886851, 0.000390760746086, 0.000302405533148, 0.000315462384606, 0.000242250549491, 0.000550204422325, 0.00060306454543, 0.000515086110681, 0.00025639688829, 0.00019951412105, 8.8376342319e-05, 3.00992724078e-05, 1.1785848983e-05, 1.45383614836e-06, 4.1840178544e-10],
        "min": [2.38305766231e-08, 4.23528945248e-07, 5.90675199419e-07, 1.56871408308e-06, 1.07948053483e-05, 1.93333162315e-05, 9.69992288447e-06, 7.19882746125e-06, 1.41011723827e-05, 1.85369899555e-05, 3.41108097928e-05, 4.28471867053e-05, 8.2126707639e-06, 1.57789381774e-05, 1.64066568686e-05, 2.00456852326e-05, 1.33812691274e-05, 1.83772281162e-05, 1.79638045665e-05, 1.26492832351e-05, 4.22785615228e-06, 2.08164237847e-06, 7.51919799313e-07, 2.80307315137e-08, 7.26171969778e-11, 5.66020711204e-12, 5.12290253621e-12],
        "var": [4.95721614868e-08, 6.26883338555e-05, 2.38933153014e-05, 1.52436714416e-05, 9.31906834012e-06, 2.70703185379e-06, 6.31882130619e-07, 2.77933531834e-06, 6.27270901532e-06, 3.09249548991e-06, 5.24665347257e-06, 1.92754487216e-06, 1.02022090687e-06, 9.10843539259e-07, 7.81777316661e-07, 1.35489062814e-06, 1.34217373216e-07, 1.44288321735e-06, 8.57366899254e-07, 7.15871408374e-07, 2.2600842442e-07, 2.0067174944e-07, 9.8006417204e-08, 1.48166563463e-08, 2.75934808336e-09, 2.77270956195e-10, 3.55201148849e-17]
    },
    "erbbands": {
        "dmean": [0.0509112626314, 0.664138615131, 1.61310744286, 3.90665864944, 5.90928792953, 3.96343588829, 5.6505241394, 7.94562292099, 6.29681587219, 7.2426276207, 11.6584711075, 23.5642375946, 20.0675563812, 29.7966594696, 54.5805130005, 29.3687286377, 16.8461952209, 16.6843242645, 19.8687477112, 14.996512413, 17.2152404785, 8.74097061157, 17.6428127289, 29.5776863098, 13.7558689117, 16.8770217896, 10.547246933, 8.22915267944, 7.01625442505, 5.6658205986, 2.87044548988, 1.12084519863, 0.605558872223, 0.26886433363, 0.101843900979, 0.0447413511574, 0.00694449199364, 0.000405779253924, 1.22956907944e-05, 7.50687877371e-06],
        "dmean2": [0.0759276524186, 0.987646102905, 2.64875459671, 6.4799695015, 10.1661958694, 6.70773172379, 9.76098060608, 13.3733844757, 10.6094493866, 11.495013237, 19.0373859406, 39.3269119263, 31.8944740295, 48.5051002502, 93.110168457, 50.3307647705, 28.0025806427, 28.0732707977, 32.9042472839, 23.9193286896, 28.4960823059, 14.6758852005, 28.6494140625, 47.8672981262, 22.0944232941, 27.4450817108, 17.1991500854, 12.9472885132, 10.9557914734, 8.39856338501, 4.28609514236, 1.6770812273, 0.882354676723, 0.407473385334, 0.156842947006, 0.0683574452996, 0.011007794179, 0.000665413739625, 1.87940659089e-05, 1.17193358165e-05],
        "dvar": [0.0208598393947, 2.72678518295, 7.60897731781, 44.2356071472, 97.4272384644, 39.6507339478, 91.9902648926, 143.969146729, 67.7783584595, 245.586135864, 389.466339111, 2115.61181641, 819.354125977, 1369.61315918, 4954.31347656, 1715.39343262, 1045.5324707, 694.62487793, 1131.04602051, 830.479370117, 1325.52941895, 170.344192505, 606.125366211, 1571.29785156, 319.825256348, 663.330078125, 235.648651123, 215.818252563, 156.225158691, 212.518920898, 42.5829238892, 8.59390544891, 1.7260838747, 0.447772800922, 0.0638016760349, 0.0133628770709, 0.000303620676277, 1.52280688326e-06, 9.26440979487e-10, 7.31972468748e-11],
        "dvar2": [0.0457853786647, 6.28013658524, 20.3172893524, 115.104377747, 255.847473145, 105.723564148, 247.762145996, 388.067718506, 177.819854736, 469.345184326, 959.939758301, 5855.04638672, 1971.15710449, 3261.92333984, 13959.7070312, 4788.35791016, 2495.89526367, 1890.35327148, 2980.69213867, 2029.00683594, 3620.09228516, 478.675750732, 1530.09667969, 3847.96948242, 832.54083252, 1770.31530762, 638.136352539, 540.221923828, 395.956756592, 541.081542969, 100.783981323, 20.7033138275, 4.08615779877, 1.12971580029, 0.14706172049, 0.0309849865735, 0.000726049533114, 3.93679192712e-06, 2.31155961039e-09, 1.665267646e-10],
        "max": [1.35522222519, 15.5461196899, 28.1184864044, 65.3265380859, 101.484886169, 93.8215560913, 96.3224105835, 121.578659058, 102.842086792, 465.857696533, 343.501861572, 898.878601074, 411.593566895, 556.467285156, 790.392456055, 697.056030273, 569.749023438, 344.298950195, 484.959594727, 523.083374023, 828.037902832, 259.8487854, 405.777801514, 529.366088867, 227.6796875, 284.752166748, 154.500427246, 178.716262817, 133.597946167, 171.274505615, 78.1951293945, 43.9765319824, 14.6398525238, 8.97509860992, 2.87910580635, 1.11991429329, 0.220049381256, 0.0157577246428, 0.00037622670061, 8.73123572092e-05],
        "mean": [0.0701434612274, 1.02943706512, 3.73939037323, 7.42406463623, 8.45773983002, 5.95539474487, 7.13093423843, 11.8030471802, 9.42317867279, 14.2845582962, 19.1559410095, 35.1725349426, 35.9479751587, 56.3708267212, 82.3516921997, 54.4219589233, 30.3970108032, 28.9939308167, 36.4120941162, 29.9270744324, 33.9581718445, 19.7145614624, 40.3938407898, 64.7674407959, 33.4803085327, 36.9663887024, 23.3038597107, 17.2618312836, 13.7353572845, 9.36874961853, 4.87408733368, 1.77750122547, 1.00173103809, 0.412966519594, 0.150009825826, 0.0536672025919, 0.00767740374431, 0.000404718070058, 2.97569622489e-05, 3.62697137462e-05],
        "median": [0.00871618743986, 0.218143850565, 2.0614361763, 2.59592247009, 3.6526222229, 2.71480417252, 3.82977366447, 6.51788139343, 5.87328052521, 5.32218742371, 9.07878398895, 16.276720047, 21.696937561, 40.5019836426, 52.9451637268, 38.094745636, 15.4306612015, 19.0432434082, 21.8806667328, 16.5398159027, 18.492647171, 13.99289608, 24.9484882355, 41.2749671936, 23.7333087921, 23.4849433899, 15.7045679092, 9.75070667267, 7.64309883118, 4.27618837357, 2.11511707306, 0.762991011143, 0.433277159929, 0.166316911578, 0.0581846125424, 0.0143682453781, 0.00146838626824, 6.63746759528e-05, 2.18919904e-05, 3.51602648152e-05],
        "min": [1.5048683963e-05, 0.000128096056869, 0.00129570753779, 0.0168595127761, 0.0377683117986, 0.0318036153913, 0.107943154871, 0.297996670008, 0.219141826034, 0.250282675028, 0.597729146481, 0.749780893326, 0.746127605438, 1.34341692924, 2.16369104385, 1.92058467865, 1.00766324997, 1.24352920055, 1.77516889572, 1.30822956562, 1.12243831158, 1.09091854095, 1.103972435, 1.05150091648, 0.932681143284, 0.595138013363, 0.302290320396, 0.140536233783, 0.097195290029, 0.0378080010414, 0.0160687733442, 0.00237827794626, 0.000470285682241, 8.22959191282e-05, 2.56222319877e-05, 1.26504883156e-05, 6.98644817021e-06, 1.38700261232e-06, 4.27153872806e-06, 8.28561496746e-06],
        "var": [0.0319536849856, 3.86420154572, 18.1415290833, 121.659805298, 157.583755493, 75.2667922974, 94.4788818359, 209.626159668, 105.092842102, 1351.08276367, 864.124694824, 3971.45556641, 1950.39831543, 3186.18066406, 7732.99316406, 3631.84350586, 2124.46435547, 1082.4708252, 2218.90844727, 2023.45422363, 3515.75146484, 450.87600708, 2113.69189453, 5019.34228516, 980.724182129, 1619.66333008, 560.116027832, 394.191986084, 252.218200684, 242.670028687, 59.4877586365, 10.1875419617, 2.44536066055, 0.514826714993, 0.0774910151958, 0.0154310744256, 0.000325427565258, 1.3153726286e-06, 9.55408419046e-10, 1.40344166843e-10]
    },
    "gfcc": {
        "mean": [19.3628997803, 101.18661499, -159.497528076, 48.7455329895, -67.4826049805, 16.9074878693, -23.6947994232, 2.23344445229, -28.4288845062, -10.3345022202, -12.2512073517, -7.09919548035, -6.40144443512],
        "cov": [[1270.48620605, -986.168029785, 190.795730591, 144.575759888, -338.616210938, 37.2281188965, -303.038879395, 172.54876709, -132.94354248, 212.611236572, -166.714202881, 212.182800293, -102.058753967], [-986.168029785, 1281.14501953, 128.136886597, 11.4301805496, 410.061401367, -12.1022052765, 314.903045654, -144.85609436, 184.625610352, -202.544403076, 154.274124146, -214.702255249, 93.9168319702], [190.795730591, 128.136886597, 496.278442383, 117.230865479, 49.9616508484, 93.6928482056, -24.4489135742, 56.4735145569, 12.8648061752, 35.2757263184, -48.9086112976, 28.9212799072, -48.4266738892], [144.575759888, 11.4301805496, 117.230865479, 290.647521973, 91.4837875366, 47.3193092346, 39.7349510193, 51.2864456177, 76.0241928101, 6.79249238968, 35.4287719727, 16.8954582214, 47.79271698], [-338.616210938, 410.061401367, 49.9616508484, 91.4837875366, 344.707336426, 24.4439373016, 174.527801514, 16.0272312164, 67.3086013794, -29.5002384186, 42.3061714172, -47.8308181763, 32.5649223328], [37.2281188965, -12.1022052765, 93.6928482056, 47.3193092346, 24.4439373016, 156.969207764, 50.1716918945, 23.3979606628, 20.2117042542, 21.6854686737, 24.6285381317, -8.85611152649, -3.91728281975], [-303.038879395, 314.903045654, -24.4489135742, 39.7349510193, 174.527801514, 50.1716918945, 224.983428955, 8.50038814545, 69.5608825684, -31.3060035706, 71.7975387573, -49.7008857727, 27.7868728638], [172.54876709, -144.85609436, 56.4735145569, 51.2864456177, 16.0272312164, 23.3979606628, 8.50038814545, 133.573684692, 13.411236763, 68.8907241821, -20.8656768799, 47.2909049988, -13.2246351242], [-132.94354248, 184.625610352, 12.8648061752, 76.0241928101, 67.3086013794, 20.2117042542, 69.5608825684, 13.411236763, 120.975860596, -6.88033866882, 52.7090339661, -33.2846641541, 32.1304855347], [212.611236572, -202.544403076, 35.2757263184, 6.79249238968, -29.5002384186, 21.6854686737, -31.3060035706, 68.8907241821, -6.88033866882, 121.402381897, -6.64908838272, 61.6438293457, -31.1866264343], [-166.714202881, 154.274124146, -48.9086112976, 35.4287719727, 42.3061714172, 24.6285381317, 71.7975387573, -20.8656768799, 52.7090339661, -6.64908838272, 112.732040405, -8.50308799744, 40.60546875], [212.182800293, -214.702255249, 28.9212799072, 16.8954582214, -47.8308181763, -8.85611152649, -49.7008857727, 47.2909049988, -33.2846641541, 61.6438293457, -8.50308799744, 114.396476746, 5.10300827026], [-102.058753967, 93.9168319702, -48.4266738892, 47.79271698, 32.5649223328, -3.91728281975, 27.7868728638, -13.2246351242, 32.1304855347, -31.1866264343, 40.60546875, 5.10300827026, 87.930770874]],
        "icov": [[0.0048734084703, 1.7138730982e-05, 0.000428728206316, -0.00465606944636, 0.00332929752767, -0.00143300066702, 0.00167735200375, -0.00131316774059, 0.00220687687397, -0.00351473130286, 0.00417969934642, -0.00314341578633, 0.00257984502241], [1.7138730982e-05, 0.00854927115142, -0.00658429414034, 0.00540260458365, -0.00532148033381, 0.00603463081643, -0.00421757763252, 0.00367435603403, -0.0048264185898, 0.00430760672316, -0.00713921012357, 0.00775647442788, -0.00541095202789], [0.000428728206316, -0.00658429414034, 0.00833431724459, -0.00563777470961, 0.00348391220905, -0.00684179924428, 0.00445932662115, -0.00283425231464, 0.00279515213333, -0.00268836971372, 0.00732543040067, -0.00789041351527, 0.00685418304056], [-0.00465606944636, 0.00540260458365, -0.00563777470961, 0.0135093173012, -0.0076173148118, 0.00438179820776, -0.00314169679768, 0.00187255372293, -0.00763746583834, 0.00699593732134, -0.00927152577788, 0.00690484978259, -0.00817865785211], [0.00332929752767, -0.00532148033381, 0.00348391220905, -0.0076173148118, 0.0112347351387, -0.00330161955208, -0.000804072245955, -0.00323314615525, 0.00496814260259, -0.00591257028282, 0.00810796488076, -0.00542133394629, 0.00372493290342], [-0.00143300066702, 0.00603463081643, -0.00684179924428, 0.00438179820776, -0.00330161955208, 0.0138895399868, -0.00625341339037, 0.00235201790929, -0.00225171097554, 0.00137262605131, -0.00828696042299, 0.00930622406304, -0.00549058429897], [0.00167735200375, -0.00421757763252, 0.00445932662115, -0.00314169679768, -0.000804072245955, -0.00625341339037, 0.0137707879767, -0.0050737336278, 0.00126021483447, -0.000275712664006, 0.000413315428887, -0.00410764059052, 0.00500873476267], [-0.00131316774059, 0.00367435603403, -0.00283425231464, 0.00187255372293, -0.00323314615525, 0.00235201790929, -0.0050737336278, 0.016234267503, -0.00546184461564, -0.00363781768829, 0.00146967510227, 0.000285980291665, -0.00266995979473], [0.00220687687397, -0.0048264185898, 0.00279515213333, -0.00763746583834, 0.00496814260259, -0.00225171097554, 0.00126021483447, -0.00546184461564, 0.0196692235768, -0.00674856780097, 0.000712200766429, 0.00137894868385, 0.000257353472989], [-0.00351473130286, 0.00430760672316, -0.00268836971372, 0.00699593732134, -0.00591257028282, 0.00137262605131, -0.000275712664006, -0.00363781768829, -0.00674856780097, 0.0232418198138, -0.00981767755002, -0.00209142197855, 0.00319177098572], [0.00417969934642, -0.00713921012357, 0.00732543040067, -0.00927152577788, 0.00810796488076, -0.00828696042299, 0.000413315428887, 0.00146967510227, 0.000712200766429, -0.00981767755002, 0.0268634520471, -0.0119448900223, 0.00281433062628], [-0.00314341578633, 0.00775647442788, -0.00789041351527, 0.00690484978259, -0.00542133394629, 0.00930622406304, -0.00410764059052, 0.000285980291665, 0.00137894868385, -0.00209142197855, -0.0119448900223, 0.0279031712562, -0.0136170377955], [0.00257984502241, -0.00541095202789, 0.00685418304056, -0.00817865785211, 0.00372493290342, -0.00549058429897, 0.00500873476267, -0.00266995979473, 0.000257353472989, 0.00319177098572, 0.00281433062628, -0.0136170377955, 0.0252865571529]]
    },
    "melbands": {
        "dmean": [0.000624602544121, 0.000803989998531, 0.000728962710127, 0.00034576523467, 0.00018586681108, 0.000176443223609, 8.98270154721e-05, 8.64364628796e-05, 0.000100903089333, 0.000144595440361, 0.000103433871118, 0.000121008226415, 0.000182247473276, 9.27199653233e-05, 6.1135920987e-05, 2.71996832453e-05, 3.72922913812e-05, 3.7864629121e-05, 2.16708813241e-05, 2.38077955146e-05, 2.09071185964e-05, 9.47762327996e-06, 1.31923989102e-05, 2.36108680838e-05, 2.715251685e-05, 1.23843065012e-05, 1.10462069642e-05, 1.26913291751e-05, 8.50873675518e-06, 5.63904950468e-06, 4.95952599522e-06, 4.43976114184e-06, 3.6501703562e-06, 3.16113914778e-06, 1.8616296984e-06, 1.0603789633e-06, 5.86241640121e-07, 4.67415674166e-07, 3.65952928405e-07, 1.9238697746e-07],
        "dmean2": [0.000914977921639, 0.00125920213759, 0.0012260567164, 0.000587640504818, 0.000320974038914, 0.000295461446512, 0.000150544612552, 0.000136375310831, 0.000165709614521, 0.000240893190494, 0.000164026118, 0.000195125103346, 0.000309653842123, 0.000157603266416, 9.96701419353e-05, 4.5382999815e-05, 6.23760424787e-05, 6.29276473774e-05, 3.34835021931e-05, 3.86329993489e-05, 3.53142568201e-05, 1.61146363098e-05, 2.20911497308e-05, 3.86715109926e-05, 4.43256358267e-05, 2.03608396987e-05, 1.80711249413e-05, 2.07640005101e-05, 1.40414167618e-05, 9.26755819819e-06, 7.89284331404e-06, 7.11184384272e-06, 5.64888705412e-06, 4.75269325761e-06, 2.80971858047e-06, 1.65612129877e-06, 9.04678188363e-07, 7.09941048171e-07, 5.66939434066e-07, 3.02053365431e-07],
        "dvar": [2.77316144093e-06, 2.05051856028e-06, 1.42665146541e-06, 3.07282931544e-07, 9.1573156169e-08, 6.91678465614e-08, 1.28294495028e-08, 3.31902185735e-08, 2.96837843194e-08, 7.22946111864e-08, 2.28038583572e-08, 2.39125981238e-08, 6.286050791e-08, 1.0420452945e-08, 1.30789548081e-08, 3.40515105002e-09, 3.81060516474e-09, 4.80969886141e-09, 2.12737849559e-09, 2.26898699829e-09, 1.48177237147e-09, 2.07344183489e-10, 3.26449256516e-10, 1.29000488069e-09, 1.37190381277e-09, 2.7813651382e-10, 2.30370292287e-10, 4.47029746553e-10, 1.59404087152e-10, 8.54454770827e-11, 7.99859484202e-11, 5.10494771455e-11, 5.84273879278e-11, 7.1756690867e-11, 1.58597024402e-11, 7.36634364618e-12, 1.90383884872e-12, 8.76042294262e-13, 9.01392567358e-13, 1.95507523473e-13],
        "dvar2": [6.26569726592e-06, 4.95056656291e-06, 3.77334208679e-06, 8.04011847322e-07, 2.46461098641e-07, 1.84469698183e-07, 3.40135279941e-08, 6.48083045007e-08, 7.16270491807e-08, 1.99110800736e-07, 5.58919950322e-08, 5.73381377933e-08, 1.79042487503e-07, 2.89657258179e-08, 3.06922949278e-08, 8.32754754043e-09, 1.02928368051e-08, 1.26064900741e-08, 4.74657646521e-09, 5.63865754089e-09, 4.0853662675e-09, 5.90392457145e-10, 8.79900707851e-10, 3.26582361154e-09, 3.36698846581e-09, 7.27182314364e-10, 5.9891253068e-10, 1.19559406819e-09, 4.3479089773e-10, 2.23918689146e-10, 2.02086625212e-10, 1.29485672185e-10, 1.49419088213e-10, 1.82076784205e-10, 3.7489261695e-11, 1.82211797733e-11, 4.51676543389e-12, 2.0986623897e-12, 2.25172745033e-12, 4.90738038313e-13],
        "max": [0.0148659134284, 0.0141418259591, 0.00924786832184, 0.00638055149466, 0.00314487912692, 0.00263158557937, 0.00141659425572, 0.00481321848929, 0.00358599517494, 0.00484449602664, 0.00226572994143, 0.00217846920714, 0.00263604870997, 0.00163745926693, 0.0018686222611, 0.00123560556676, 0.0008223587065, 0.00115675060079, 0.000886028632522, 0.00113880867139, 0.000738930073567, 0.000277249520877, 0.000204818730708, 0.000710625899956, 0.000459122587927, 0.000193990534171, 0.00021491930238, 0.000237897373154, 0.000135965514346, 0.000115158611152, 0.000116868104669, 7.20532989362e-05, 8.30994831631e-05, 0.000104899903818, 4.63472824777e-05, 3.63624567399e-05, 2.00618596864e-05, 1.00280194602e-05, 1.41466043715e-05, 4.66727988169e-06],
        "mean": [0.000881531974301, 0.00183493003715, 0.00132843200117, 0.000532575126272, 0.000246105628321, 0.000264707603492, 0.00013623390987, 0.000166487559909, 0.000168556041899, 0.000210992948269, 0.00017535945517, 0.000215772452066, 0.000278367951978, 0.000157200396643, 0.000107805404696, 4.68546859338e-05, 5.7939614635e-05, 6.4277643105e-05, 3.8516420318e-05, 4.34187168139e-05, 3.80308847525e-05, 1.83580978046e-05, 2.4599417884e-05, 4.99865673191e-05, 5.48145508219e-05, 2.59902390098e-05, 2.25675539696e-05, 2.56362891378e-05, 1.67175658135e-05, 1.08622552943e-05, 9.43422492128e-06, 8.22303627501e-06, 6.07450238022e-06, 4.90237152917e-06, 3.12831207339e-06, 1.52685129251e-06, 8.94589959444e-07, 7.39598931432e-07, 5.44849683592e-07, 2.73167501064e-07],
        "median": [0.00010698621918, 0.00104084634222, 0.000597222242504, 0.000231504527619, 0.000148732418893, 0.000150308289449, 8.43294183142e-05, 5.85702255194e-05, 7.72746352595e-05, 0.000102389058156, 9.84547878033e-05, 0.000145657453686, 0.000178545698873, 0.000122295488836, 6.04914785072e-05, 2.15351683437e-05, 3.39978287229e-05, 3.56745185854e-05, 1.88925132534e-05, 2.06593194889e-05, 2.00503309316e-05, 1.33253633976e-05, 1.61954703799e-05, 2.69898537226e-05, 3.31368682964e-05, 1.71541159943e-05, 1.46467837112e-05, 1.55566522153e-05, 1.09768689072e-05, 5.69230132896e-06, 5.2018867791e-06, 4.55338931715e-06, 2.91733545055e-06, 2.06869776775e-06, 1.37656991228e-06, 5.72561702938e-07, 4.00496332986e-07, 3.28299591956e-07, 2.04257233349e-07, 1.07726243925e-07],
        "min": [2.68648648216e-07, 2.67307143531e-07, 4.65788161819e-06, 2.05243895834e-06, 3.48903472513e-06, 5.72181852476e-06, 3.60683202416e-06, 1.80317465492e-06, 3.42742441717e-06, 3.07891809825e-06, 2.61836862592e-06, 2.14676356336e-06, 3.14650901601e-06, 6.36959430267e-06, 1.73937564796e-06, 7.67788435496e-07, 1.59494038598e-06, 2.6972663818e-06, 1.22990752516e-06, 1.18666241633e-06, 1.07894300072e-06, 8.70144219789e-07, 6.49219145998e-07, 8.16388421754e-07, 5.28130101429e-07, 5.09154460815e-07, 4.5346385491e-07, 2.77933622783e-07, 2.22097341407e-07, 8.60903170974e-08, 7.66112506767e-08, 4.69716461282e-08, 2.5599209863e-08, 1.82498425261e-08, 8.68510419139e-09, 3.13265124952e-09, 9.84918743785e-11, 1.47617057467e-10, 5.19416020611e-12, 3.05672587936e-13],
