{
"highlevel": {
    "danceability": {
        "all": {
            "danceable": 0.757616996765,
            "not_danceable": 0.242383003235
        },
        "probability": 0.757616996765,
        "value": "danceable"
    },
    "gender": {
        "all": {
            "female": 0.997557520866,
            "male": 0.00244250381365
        },
        "probability": 0.997557520866,
        "value": "female"
    },
    "genre_dortmund": {
        "all": {
            "alternative": 0.00921990629286,
            "blues": 0.112657889724,
            "electronic": 0.0447503887117,
            "folkcountry": 0.187194377184,
            "funksoulrnb": 0.105887189507,
            "jazz": 0.169327840209,
            "pop": 0.2111774683,
            "raphiphop": 0.116712249815,
            "rock": 0.0430726855993
        },
        "probability": 0.2111774683,
        "value": "pop"
    },
    "genre_electronic": {
        "all": {
            "ambient": 0.464507520199,
            "dnb": 0.0691125392914,
            "house": 0.428975135088,
            "techno": 0.0242261793464,
            "trance": 0.013178627938
        },
        "probability": 0.464507520199,
        "value": "ambient"
    },
    "genre_rosamerica": {
        "all": {
            "cla": 0.000781725975685,
            "dan": 0.000799552595709,
            "hip": 0.000603633758146,
            "jaz": 0.00917329732329,
            "pop": 0.0425415113568,
            "rhy": 0.943281710148,
            "roc": 0.00174401386175,
            "spe": 0.00107457360718
        },
        "probability": 0.943281710148,
        "value": "rhy"
    },
    "genre_tzanetakis": {
        "all": {
            "blu": 0.0530526302755,
            "cla": 0.0397843979299,
            "cou": 0.0636531710625,
            "dis": 0.0530442781746,
            "hip": 0.0636550933123,
            "jaz": 0.318289935589,
            "met": 0.0636698305607,
            "pop": 0.106112591922,
            "reg": 0.0795808658004,
            "roc": 0.159157216549
        },
        "probability": 0.318289935589,
        "value": "jaz"
    },
    "ismir04_rhythm": {
        "all": {
            "ChaChaCha": 0.026633054018,
            "Jive": 0.00694358535111,
            "Quickstep": 0.127937927842,
            "Rumba-American": 0.0169053524733,
            "Rumba-International": 0.693081915379,
            "Rumba-Misc": 0.0183746796101,
            "Samba": 0.0236544627696,
            "Tango": 0.012717269361,
            "VienneseWaltz": 0.033788844943,
            "Waltz": 0.0399629101157
        },
        "probability": 0.693081915379,
        "value": "Rumba-International"
    },
    "mood_acoustic": {
        "all": {
            "acoustic": 0.542680978775,
            "not_acoustic": 0.457318991423
        },
        "probability": 0.542680978775,
        "value": "acoustic"
    },
    "mood_aggressive": {
        "all": {
            "aggressive": 0.0269138105214,
            "not_aggressive": 0.973086178303
        },
        "probability": 0.973086178303,
        "value": "not_aggressive"
    },
    "mood_electronic": {
        "all": {
            "electronic": 0.0744432061911,
            "not_electronic": 0.925556778908
        },
        "probability": 0.925556778908,
        "value": "not_electronic"
    },
    "mood_happy": {
        "all": {
            "happy": 0.401469439268,
            "not_happy": 0.598530590534
        },
        "probability": 0.598530590534,
        "value": "not_happy"
    },
    "mood_party": {
        "all": {
            "not_party": 0.836265206337,
            "party": 0.163734793663
        },
        "probability": 0.836265206337,
        "value": "not_party"
    },
    "mood_relaxed": {
        "all": {
            "not_relaxed": 0.207235991955,
            "relaxed": 0.792764008045
        },
        "probability": 0.792764008045,
        "value": "relaxed"
    },
    "mood_sad": {
        "all": {
            "not_sad": 0.349181115627,
            "sad": 0.650818884373
        },
        "probability": 0.650818884373,
        "value": "sad"
    },
    "moods_mirex": {
        "all": {
            "Cluster1": 0.0852767676115,
            "Cluster2": 0.515006303787,
            "Cluster3": 0.180232524872,
            "Cluster4": 0.206529796124,
            "Cluster5": 0.0129546150565
        },
        "probability": 0.515006303787,
        "value": "Cluster2"
    },
    "timbre": {
        "all": {
            "bright": 0.9879103899,
            "dark": 0.0120896240696
        },
        "probability": 0.9879103899,
        "value": "bright"
    },
    "tonal_atonal": {
        "all": {
            "atonal": 0.0620170980692,
            "tonal": 0.937982916832
        },
        "probability": 0.937982916832,
        "value": "tonal"
    },
    "voice_instrumental": {
        "all": {
            "instrumental": 0.0229406189173,
            "voice": 0.977059364319
        },
        "probability": 0.977059364319,
        "value": "voice"
    }
},
"lowlevel": {
    "average_loudness": 0.916042566299,
    "barkbands_crest": {
        "dmean": 3.07462453842,
        "dmean2": 4.73529863358,
        "dvar": 8.42044734955,
        "dvar2": 19.1084747314,
        "max": 26.2711009979,
        "mean": 13.2886066437,
        "median": 12.3736534119,
        "min": 2.96852302551,
        "var": 26.550327301
    },
    "barkbands_flatness_db": {
        "dmean": 0.0349056050181,
        "dmean2": 0.0481717064977,
        "dvar": 0.00128582445905,
        "dvar2": 0.00237035844475,
        "max": 0.501287519932,
        "mean": 0.225767940283,
        "median": 0.218209609389,
        "min": 0.0609208606184,
        "var": 0.00565548893064
    },
    "barkbands_kurtosis": {
        "dmean": 11.0174789429,
        "dmean2": 16.8218269348,
        "dvar": 605.667724609,
        "dvar2": 1438.56079102,
        "max": 341.59777832,
        "mean": 15.7244262695,
        "median": 5.75965023041,
        "min": -1.89171969891,
        "var": 993.178771973
    },
    "barkbands_skewness": {
        "dmean": 1.05893361568,
        "dmean2": 1.54297208786,
        "dvar": 1.54058599472,
        "dvar2": 3.2881872654,
        "max": 17.0726013184,
        "mean": 2.28195738792,
        "median": 1.8717675209,
        "min": -2.04267191887,
        "var": 5.00268411636
    },
    "barkbands_spread": {
        "dmean": 7.58298683167,
        "dmean2": 11.6143989563,
        "dvar": 163.690795898,
        "dvar2": 359.006134033,
        "max": 103.221969604,
        "mean": 16.3327522278,
        "median": 10.5710802078,
        "min": 0.277710974216,
        "var": 314.741363525
    },
    "dissonance": {
        "dmean": 0.0331044569612,
        "dmean2": 0.0525036789477,
        "dvar": 0.00116415682714,
        "dvar2": 0.00273827183992,
        "max": 0.499142497778,
        "mean": 0.421885192394,
        "median": 0.437576830387,
        "min": 0.167834043503,
        "var": 0.00350863113999
    },
    "dynamic_complexity": 4.34850645065,
    "erbbands_crest": {
        "dmean": 3.3018283844,
        "dmean2": 5.0362944603,
        "dvar": 10.2122783661,
        "dvar2": 21.6374206543,
        "max": 30.0565567017,
        "mean": 12.7492904663,
        "median": 11.7611131668,
        "min": 2.47489905357,
        "var": 31.9380531311
    },
    "erbbands_flatness_db": {
        "dmean": 0.0333181098104,
        "dmean2": 0.0436680950224,
        "dvar": 0.00129422720056,
        "dvar2": 0.00223440420814,
        "max": 0.447293847799,
        "mean": 0.202359765768,
        "median": 0.198282316327,
        "min": 0.0476692989469,
        "var": 0.00653206044808
    },
    "erbbands_kurtosis": {
        "dmean": 3.59119486809,
        "dmean2": 5.38441228867,
        "dvar": 51.710144043,
        "dvar2": 108.967285156,
        "max": 131.289474487,
        "mean": 4.36591672897,
        "median": 1.57579135895,
        "min": -1.81612873077,
        "var": 98.427482605
    },
    "erbbands_skewness": {
        "dmean": 0.678367912769,
        "dmean2": 0.936426877975,
        "dvar": 0.562797963619,
        "dvar2": 1.0674315691,
        "max": 8.54444408417,
        "mean": 0.916333675385,
        "median": 0.764258265495,
        "min": -3.89861488342,
        "var": 2.18677258492
    },
    "erbbands_spread": {
        "dmean": 13.4416074753,
        "dmean2": 19.6974258423,
        "dvar": 317.938842773,
        "dvar2": 678.029663086,
        "max": 171.838424683,
        "mean": 35.5315704346,
        "median": 25.4038028717,
        "min": 1.30734670162,
        "var": 910.772521973
    },
    "hfc": {
        "dmean": 6.8427696228,
        "dmean2": 9.53676795959,
        "dvar": 111.388122559,
        "dvar2": 241.229370117,
        "max": 99.6514892578,
        "mean": 17.2705497742,
        "median": 9.38503074646,
        "min": 0.0601849742234,
        "var": 352.285888672
    },
    "melbands_crest": {
        "dmean": 3.6503200531,
        "dmean2": 5.54094219208,
        "dvar": 10.8608608246,
        "dvar2": 24.8665447235,
        "max": 34.0360374451,
        "mean": 16.9204654694,
        "median": 16.200963974,
        "min": 4.79056787491,
        "var": 35.9139137268
    },
    "melbands_flatness_db": {
        "dmean": 0.0413563661277,
        "dmean2": 0.0545344352722,
        "dvar": 0.00190852303058,
        "dvar2": 0.00338758830912,
        "max": 0.614706337452,
        "mean": 0.288562148809,
        "median": 0.280484348536,
        "min": 0.0594004318118,
        "var": 0.00916243344545
    },
    "melbands_kurtosis": {
        "dmean": 19.3762550354,
        "dmean2": 30.0080852509,
        "dvar": 1534.65515137,
        "dvar2": 3466.64282227,
        "max": 561.995544434,
        "mean": 31.5588264465,
        "median": 13.4260044098,
        "min": -1.76461088657,
        "var": 2813.49121094
    },
    "melbands_skewness": {
        "dmean": 1.25718510151,
        "dmean2": 1.85898959637,
        "dvar": 2.40197300911,
        "dvar2": 5.10471105576,
        "max": 18.8978748322,
        "mean": 3.27398920059,
        "median": 2.70290708542,
        "min": -1.12467193604,
        "var": 7.56737661362
    },
    "melbands_spread": {
        "dmean": 8.60840797424,
        "dmean2": 12.4587011337,
        "dvar": 389.180938721,
        "dvar2": 748.732971191,
        "max": 234.074951172,
        "mean": 17.7736568451,
        "median": 8.8436460495,
        "min": 0.436805158854,
        "var": 830.936218262
    },
    "pitch_salience": {
        "dmean": 0.0858062803745,
        "dmean2": 0.126730576158,
        "dvar": 0.00680839736015,
        "dvar2": 0.0145394420251,
        "max": 0.897566318512,
        "mean": 0.490970015526,
        "median": 0.497872322798,
        "min": 0.0911008641124,
        "var": 0.0219171065837
    },
    "silence_rate_20dB": {
        "dmean": 0,
        "dmean2": 0,
        "dvar": 0,
        "dvar2": 0,
        "max": 1,
        "mean": 1,
        "median": 1,
        "min": 1,
        "var": 0
    },
    "silence_rate_30dB": {
        "dmean": 0.0433436520398,
        "dmean2": 0.0867544561625,
        "dvar": 0.0414639674127,
        "dvar2": 0.111758492887,
        "max": 1,
        "mean": 0.972157776356,
        "median": 1,
        "min": 0,
        "var": 0.0270665492862
    },
    "silence_rate_60dB": {
        "dmean": 0.0503095984459,
        "dmean2": 0.0999225378036,
        "dvar": 0.0477790348232,
        "dvar2": 0.106979615986,
        "max": 1,
        "mean": 0.167053371668,
        "median": 0,
        "min": 0,
        "var": 0.139147043228
    },
    "spectral_centroid": {
        "dmean": 277.517059326,
        "dmean2": 386.838531494,
        "dvar": 201848.453125,
        "dvar2": 375570.03125,
        "max": 4965.94628906,
        "mean": 971.134887695,
        "median": 709.13494873,
        "min": 146.378997803,
        "var": 592367.6875
    },
    "spectral_complexity": {
        "dmean": 2.54721355438,
        "dmean2": 3.67157244682,
        "dvar": 15.0202331543,
        "dvar2": 26.9192314148,
        "max": 43,
        "mean": 9.94354248047,
        "median": 8,
        "min": 1,
        "var": 45.7946434021
    },
    "spectral_decrease": {
        "dmean": 3.64481822501e-09,
        "dmean2": 5.70702374247e-09,
        "dvar": 4.14161656469e-17,
        "dvar2": 1.03509365066e-16,
        "max": -7.20233594986e-11,
        "mean": -7.63960361638e-09,
        "median": -5.04757702302e-09,
        "min": -5.53001449077e-08,
        "var": 6.98928442333e-17
    },
    "spectral_energy": {
        "dmean": 0.0141655886546,
        "dmean2": 0.02208340168,
        "dvar": 0.000609138398431,
        "dvar2": 0.00152224081103,
        "max": 0.211248502135,
        "mean": 0.0304001346231,
        "median": 0.0202244315296,
        "min": 0.000278208346572,
        "var": 0.00105733750388
    },
    "spectral_energyband_high": {
        "dmean": 0.000419370626332,
        "dmean2": 0.00057970022317,
        "dvar": 8.37183392832e-07,
        "dvar2": 1.6923182784e-06,
        "max": 0.0104801682755,
        "mean": 0.000643395294901,
        "median": 0.000100207034848,
        "min": 3.71581627689e-08,
        "var": 1.54736528657e-06
    },
    "spectral_energyband_low": {
        "dmean": 0.00919892452657,
        "dmean2": 0.0139856776223,
        "dvar": 0.000431763823144,
        "dvar2": 0.00103672617115,
        "max": 0.206728160381,
        "mean": 0.0144004765898,
        "median": 0.0014007773716,
        "min": 3.92626907342e-06,
        "var": 0.000686540617608
    },
    "spectral_energyband_middle_high": {
        "dmean": 0.00168412458152,
        "dmean2": 0.0022535501048,
        "dvar": 1.07618343463e-05,
        "dvar2": 1.91105737031e-05,
        "max": 0.0685201883316,
        "mean": 0.00486199650913,
        "median": 0.000711309199687,
        "min": 2.24286679895e-07,
        "var": 7.66617813497e-05
    },
    "spectral_energyband_middle_low": {
        "dmean": 0.00677853822708,
        "dmean2": 0.0111033488065,
        "dvar": 0.000205781121622,
        "dvar2": 0.000540492124856,
        "max": 0.116527378559,
        "mean": 0.0111461328343,
        "median": 0.00692527554929,
        "min": 0.000112281923066,
        "var": 0.000218401633902
    },
    "spectral_entropy": {
        "dmean": 0.347433686256,
        "dmean2": 0.462305903435,
        "dvar": 0.162911713123,
        "dvar2": 0.275154471397,
        "max": 8.70974063873,
        "mean": 6.8932595253,
        "median": 6.90577983856,
        "min": 4.13234853745,
        "var": 0.724646925926
    },
    "spectral_flux": {
        "dmean": 0.0381463691592,
        "dmean2": 0.0592719092965,
        "dvar": 0.00271919625811,
        "dvar2": 0.00617556972429,
        "max": 0.414470463991,
        "mean": 0.083420291543,
        "median": 0.0662780031562,
        "min": 0.00374400941655,
        "var": 0.00487086595967
    },
    "spectral_kurtosis": {
        "dmean": 4.67846298218,
        "dmean2": 7.43928766251,
        "dvar": 58.1953353882,
        "dvar2": 122.730903625,
        "max": 106.696853638,
        "mean": 9.42875003815,
        "median": 5.38183116913,
        "min": -1.33530402184,
        "var": 151.233291626
    },
    "spectral_rms": {
        "dmean": 0.00111938151531,
        "dmean2": 0.0016384141054,
        "dvar": 2.35839684137e-06,
        "dvar2": 5.4081806411e-06,
        "max": 0.0143560478464,
        "mean": 0.00467492127791,
        "median": 0.00444197608158,
        "min": 0.000520982488524,
        "var": 7.80380560172e-06
    },
    "spectral_rolloff": {
        "dmean": 605.497802734,
        "dmean2": 1029.82556152,
        "dvar": 2858588,
        "dvar2": 6176809,
        "max": 14362.6464844,
        "mean": 1223.7947998,
        "median": 516.796875,
        "min": 64.599609375,
        "var": 4222484
    },
    "spectral_skewness": {
        "dmean": 0.516737163067,
        "dmean2": 0.772746920586,
        "dvar": 0.428634792566,
        "dvar2": 0.853794753551,
        "max": 9.01681518555,
        "mean": 2.1451921463,
        "median": 1.84947574139,
        "min": -0.0903365537524,
        "var": 1.59842252731
    },
    "spectral_spread": {
        "dmean": 1028275.625,
        "dmean2": 1421685.75,
        "dvar": 1.82254252851e+12,
        "dvar2": 3.44563567821e+12,
        "max": 18025144,
        "mean": 4794684.5,
        "median": 4234873.5,
        "min": 943038.25,
        "var": 6.36070605619e+12
    },
    "spectral_strongpeak": {
        "dmean": 0.580055713654,
        "dmean2": 0.925491452217,
        "dvar": 1.2254383564,
        "dvar2": 2.53907370567,
        "max": 14.7191019058,
        "mean": 1.06976151466,
        "median": 0.5242831707,
        "min": 0,
        "var": 2.57278323174
    },
    "zerocrossingrate": {
        "dmean": 0.0160649064928,
        "dmean2": 0.0173379555345,
        "dvar": 0.000681493256707,
        "dvar2": 0.000749502913095,
        "max": 0.3896484375,
        "mean": 0.0502956137061,
        "median": 0.03515625,
        "min": 0.0029296875,
        "var": 0.00276122032665
    },
    "barkbands": {
        "dmean": [0.000436998321675, 0.00672355759889, 0.00267299124971, 0.000890939845704, 0.00306403264403, 0.00227640918456, 0.000981514342129, 0.000358184450306, 0.000545250950381, 0.000796879292466, 0.000256588886259, 0.000257065315964, 0.000216917702346, 0.00034245592542, 0.000358677003533, 0.000286080205115, 0.000131466353196, 0.000104064441985, 9.40773024922e-05, 7.34181230655e-05, 9.48641609284e-05, 6.97904251865e-05, 5.56134909857e-05, 8.12286089058e-05, 7.4652794865e-05, 6.68620559736e-05, 1.01404307173e-08],
        "dmean2": [0.000739911280107, 0.0100164460018, 0.00437117926776, 0.00160958361812, 0.00509239034727, 0.00356937758625, 0.00161404814571, 0.000586479669437, 0.000844971160404, 0.00109577830881, 0.000363928469596, 0.000335116725182, 0.000314197997795, 0.000463187840069, 0.000473041378427, 0.000425537145929, 0.000186953635421, 0.000150897947606, 0.000137369410368, 0.000110248431156, 0.000136935501359, 9.99046533252e-05, 7.95341693447e-05, 0.000116770301247, 0.00010680458945, 0.000106149294879, 1.71199001642e-08],
        "dvar": [9.16612520996e-07, 0.000199522211915, 5.83734145039e-05, 1.37656479637e-05, 6.80583470967e-05, 2.90425759886e-05, 1.07132655103e-05, 1.3372776948e-06, 3.39190569321e-06, 6.93389256412e-06, 1.55288205406e-06, 6.36822960587e-07, 9.3542604418e-07, 1.1046521422e-06, 1.60773799962e-06, 1.20831111872e-06, 2.67155968459e-07, 6.73070559287e-08, 5.96533027419e-08, 2.9573518745e-08, 4.65996237153e-08, 2.9825422132e-08, 2.09746229274e-08, 6.50400622249e-08, 5.4978460895e-08, 3.77018878339e-08, 2.03427633896e-14],
        "dvar2": [2.4083074095e-06, 0.000456609996036, 0.000150178864715, 3.93893787987e-05, 0.00018455425743, 6.91993918736e-05, 2.85081714537e-05, 3.44916929862e-06, 7.87200951891e-06, 1.29595291583e-05, 2.61064155893e-06, 1.2544587662e-06, 1.88425838132e-06, 1.74747924575e-06, 3.00246142615e-06, 2.40583426603e-06, 5.5410157529e-07, 1.51503385837e-07, 1.34489582138e-07, 6.85418442004e-08, 9.44313995888e-08, 5.90250301968e-08, 4.58488500499e-08, 1.31788382873e-07, 1.20560130767e-07, 9.00984531427e-08, 4.24739385915e-14],
        "max": [0.0113320872188, 0.140547960997, 0.0721542611718, 0.0382353551686, 0.0815374404192, 0.0712453946471, 0.0371936000884, 0.0243100486696, 0.0294980145991, 0.0549879223108, 0.0419229418039, 0.0170297008008, 0.0197771787643, 0.0148564921692, 0.0311300922185, 0.0299506522715, 0.0174665767699, 0.00425129663199, 0.00444058515131, 0.00272782775573, 0.00473271775991, 0.00206717220135, 0.00164229597431, 0.00391873903573, 0.00412552524358, 0.00246086949483, 3.43523561241e-06],
        "mean": [0.000424676865805, 0.0106211863458, 0.00310872681439, 0.000715270871297, 0.00364144681953, 0.00365779781714, 0.00114398892038, 0.000453092565294, 0.000766543496866, 0.00151862355415, 0.000486719276523, 0.000550360011403, 0.000362629449228, 0.00068868562812, 0.000634519266896, 0.000421508244472, 0.000187024939805, 0.000162533819093, 0.000160929412232, 0.000117302770377, 0.000143912344356, 8.57824779814e-05, 7.13919071131e-05, 0.000106486368168, 9.2368456535e-05, 7.66497396398e-05, 6.98822955059e-09],
        "median": [0.000117818795843, 0.000963610771578, 0.000260988512309, 0.000108026077214, 0.000848373048939, 0.00134377891663, 0.000186810808373, 0.000110938446596, 8.59696083353e-05, 0.000139770680107, 2.62029188889e-05, 1.46428537846e-05, 2.6436533517e-05, 2.49242348218e-05, 2.68775584118e-05, 1.77844176505e-05, 1.73182506842e-05, 1.61294647114e-05, 2.07138746191e-05, 1.78447007784e-05, 1.76822268259e-05, 4.72896272186e-06, 6.55992107568e-06, 9.52239133767e-06, 6.05645709584e-06, 1.3384532167e-06, 2.75854089571e-10],
        "min": [6.19321980366e-08, 2.46662381187e-07, 7.63098526591e-08, 4.0943658064e-07, 1.27522071125e-05, 3.7098257053e-06, 1.28186343318e-06, 1.0001390649e-07, 9.24036740457e-08, 1.81161432522e-08, 1.08835847001e-08, 1.14961915543e-08, 6.09992945044e-09, 4.86884621509e-09, 5.67205793445e-09, 1.08347286698e-08, 4.72067762658e-09, 5.59198287675e-09, 5.3864432914e-09, 5.06911090881e-09, 4.50453851997e-09, 2.6271502751e-09, 1.70497360674e-09, 6.78840872403e-10, 6.64102384196e-11, 8.25270494303e-12, 8.60036347694e-12],
        "var": [8.53640131027e-07, 0.000383143662475, 6.14412638242e-05, 8.38998585095e-06, 6.05481473031e-05, 4.24160207331e-05, 1.03359679997e-05, 1.45333297041e-06, 5.37702226211e-06, 1.86832912732e-05, 4.86538965561e-06, 3.62270429832e-06, 2.15502404899e-06, 4.31609441875e-06, 4.28078328696e-06, 2.85947317025e-06, 5.9211373582e-07, 1.4063741105e-07, 1.29415525407e-07, 5.66562121662e-08, 1.26484763996e-07, 4.63100207071e-08, 2.90640880252e-08, 9.388200084e-08, 7.54107034595e-08, 4.98178955866e-08, 1.49198416208e-14]
    },
    "erbbands": {
        "dmean": [0.166088536382, 1.62989544868, 3.28134560585, 3.06138372421, 3.30585598946, 11.2316055298, 19.8538246155, 20.7267532349, 16.6546268463, 9.46601200104, 7.75993585587, 13.5242052078, 25.3095932007, 13.5552997589, 9.80877971649, 11.3668308258, 10.1531133652, 13.2193803787, 17.847026825, 16.0918598175, 12.9304466248, 5.71683359146, 5.21504592896, 5.66223096848, 3.65609097481, 3.10089039803, 4.58447742462, 2.70016026497, 2.4384906292, 1.90512490273, 1.71238493919, 1.72568082809, 1.39533317089, 0.899211108685, 0.523067653179, 0.279881238937, 0.136692240834, 0.0149823948741, 0.000257052190136, 2.39451110247e-05],
        "dmean2": [0.248812958598, 2.43234968185, 5.13686704636, 5.35515880585, 5.74030637741, 18.5152206421, 31.6666889191, 32.7834434509, 26.3659248352, 16.4881896973, 12.3156900406, 20.527097702, 35.7832603455, 16.7544517517, 13.5720205307, 13.7286348343, 14.1495904922, 17.6948127747, 23.1741523743, 21.636844635, 17.8993377686, 7.59935808182, 7.31475877762, 8.13876152039, 5.48174762726, 4.53264284134, 6.41777038574, 3.9551243782, 3.59297013283, 2.72976875305, 2.42730331421, 2.40894985199, 2.01549839973, 1.28911197186, 0.777249991894, 0.420900702477, 0.223067462444, 0.0243013147265, 0.000412859633798, 3.67647226085e-05],
        "dvar": [0.124494709074, 12.3326730728, 72.9898452759, 147.611099243, 96.6295394897, 994.652893066, 2591.9284668, 3128.84790039, 2632.52856445, 1061.08959961, 771.249389648, 2334.29980469, 7192.92871094, 2693.5625, 1290.98852539, 1040.46875, 2168.19433594, 1434.85705566, 3720.43530273, 4249.328125, 3141.07885742, 285.152832031, 187.335525513, 182.662582397, 140.517242432, 52.8366584778, 122.13105011, 31.6563682556, 41.6892166138, 21.9782447815, 20.0546398163, 28.7632007599, 19.7922801971, 7.32617855072, 3.23361945152, 0.682541310787, 0.178764373064, 0.00209123664536, 5.72395833842e-07, 1.76337044966e-09],
        "dvar2": [0.294887930155, 28.2443962097, 179.617950439, 412.483154297, 264.416381836, 2701.62036133, 6719.34472656, 7589.51220703, 6554.11621094, 3056.41699219, 1967.12817383, 5396.52197266, 14833.5927734, 3020.54321289, 2340.01171875, 1541.17724609, 4131.09082031, 2398.86376953, 6280.68017578, 8017.12792969, 4667.35742188, 526.781188965, 398.050170898, 396.872192383, 360.086303711, 120.885276794, 236.487045288, 69.3758010864, 82.8659133911, 45.6066970825, 44.2011146545, 58.3262557983, 43.0716323853, 15.8821163177, 7.32790708542, 1.56896209717, 0.455610573292, 0.00517549039796, 1.39582084557e-06, 3.87368670474e-09],
        "max": [3.57885670662, 38.7966995239, 102.970817566, 114.751426697, 128.032989502, 287.176086426, 463.188140869, 919.160644531, 634.243408203, 355.042480469, 674.694396973, 875.758422852, 2167.66821289, 2079.51586914, 981.000061035, 867.024353027, 982.457397461, 642.972290039, 1797.47521973, 1199.9128418, 2068.87353516, 496.595733643, 208.176986694, 196.397842407, 267.816375732, 148.665679932, 295.411346436, 80.0584182739, 76.7282714844, 57.5389595032, 55.2881355286, 88.4602432251, 56.5655555725, 39.094669342, 33.5949630737, 11.3903455734, 5.67967700958, 0.514848828316, 0.00830948818475, 0.000383020320442],
        "mean": [0.253957599401, 2.52632117271, 4.29377031326, 2.85776567459, 3.30454134941, 13.4855957031, 27.8141822815, 31.8496799469, 21.5207443237, 10.485414505, 10.705529213, 20.4170894623, 43.1010475159, 30.0717353821, 22.26770401, 27.1564979553, 18.7629756927, 30.1477489471, 37.703578949, 27.5425186157, 22.4883289337, 9.51210784912, 8.91830825806, 10.0728187561, 6.31404924393, 5.45508861542, 7.78128099442, 3.68248844147, 3.02724075317, 2.38844680786, 2.19188857079, 2.20386433601, 1.77647519112, 1.14925503731, 0.592695891857, 0.310501605272, 0.151331722736, 0.0165636967868, 0.000302418833598, 4.79657137475e-05],
        "median": [0.0288215838373, 0.189957290888, 0.309613585472, 0.412241250277, 0.892951369286, 3.19503116608, 7.62381124496, 10.6906871796, 5.38117790222, 3.13016295433, 2.38903546333, 3.6169064045, 6.3162984848, 3.1659424305, 1.98964631557, 1.14023542404, 1.72315907478, 1.76916456223, 1.97938382626, 1.38498711586, 1.06823980808, 1.08115983009, 0.927866518497, 1.10452461243, 0.918633580208, 0.986117482185, 0.983914911747, 0.534987807274, 0.193596318364, 0.15549248457, 0.201811701059, 0.221538126469, 0.139677405357, 0.0770037025213, 0.0360025838017, 0.0085660815239, 0.00154062174261, 0.000114692964416, 2.2189477022e-05, 2.89551626338e-05],
        "min": [2.12478225876e-05, 9.01438543224e-05, 0.000573116762098, 0.0063456799835, 0.0221550762653, 0.0347428992391, 0.0721768736839, 0.0377651676536, 0.0291227176785, 0.0178047399968, 0.0362043604255, 0.00474196020514, 0.00344258313999, 0.000866068352479, 0.000526841613464, 0.000809316639788, 0.000536251580343, 0.000191901795915, 0.000319880084135, 0.000364735489711, 0.000575261248741, 0.000431595282862, 0.00029885963886, 0.000348138128174, 0.000252528727287, 0.000285100191832, 0.000214066574699, 0.000132097513415, 0.000100082899735, 0.000109043940029, 4.76089080621e-05, 2.15734980884e-05, 8.24451853987e-06, 5.7688725974e-06, 2.69742463388e-06, 6.76985564496e-07, 2.98005375043e-07, 4.72450203404e-08, 1.29715090225e-07, 3.06193072674e-07],
        "var": [0.239039450884, 22.9930667877, 97.1000747681, 98.3624954224, 72.7267074585, 886.137390137, 3023.07397461, 4358.81445312, 3076.86645508, 740.596008301, 863.80847168, 3780.53393555, 14254.8867188, 16045.703125, 7364.01171875, 8480.5703125, 5033.00292969, 7600.33642578, 13310.0390625, 9625.31445312, 10153.4902344, 928.233764648, 445.403747559, 427.269805908, 239.153182983, 110.198616028, 400.045501709, 53.8759613037, 64.528213501, 31.1981639862, 27.7812767029, 40.0124359131, 26.8319377899, 10.3641147614, 3.94281601906, 0.900911033154, 0.212479576468, 0.00270444573835, 7.65987635987e-07, 3.35670780061e-09]
    },
    "gfcc": {
        "mean": [-70.2291412354, 107.559089661, -92.6291809082, 26.8298416138, -65.6981430054, 5.98831653595, -43.5610389709, 7.90233850479, -23.3372383118, 4.6774096489, -8.07007789612, -1.43635165691, 2.14626026154],
        "cov": [[11719.7441406, -2588.95410156, -1470.50976562, 826.344116211, 1175.01831055, 1507.52172852, 637.463745117, 668.616516113, -201.563354492, 646.605407715, 51.5075035095, 574.855529785, 29.0391178131], [-2588.95410156, 2563.46264648, -646.794189453, -539.758972168, 308.657806396, -398.058837891, 152.676132202, -221.790206909, 241.776779175, -324.50479126, 386.748901367, -359.187011719, 309.927886963], [-1470.50976562, -646.794189453, 2062.41748047, 353.27456665, -425.279785156, 54.7843475342, -82.1533889771, 18.1197490692, 21.8065032959, 66.0214004517, -367.520324707, 129.537277222, -361.887756348], [826.344116211, -539.758972168, 353.27456665, 803.663513184, 39.8971595764, 198.621612549, 52.6953430176, 27.1793556213, 92.4000854492, 81.6558609009, -38.9980010986, 83.2176437378, -34.9101333618], [1175.01831055, 308.657806396, -425.279785156, 39.8971595764, 766.061279297, 233.452102661, 241.597457886, 140.864303589, 36.9094543457, 90.2456130981, 90.7092285156, -7.20962905884, 5.81343650818], [1507.52172852, -398.058837891, 54.7843475342, 198.621612549, 233.452102661, 547.726989746, 259.380279541, 116.008743286, 12.2065973282, 145.093429565, 15.0843687057, 63.0327987671, -62.9750671387], [637.463745117, 152.676132202, -82.1533889771, 52.6953430176, 241.597457886, 259.380279541, 352.259002686, 50.8241081238, 31.2896251678, 63.8837432861, 78.8551330566, -14.900677681, 2.79769682884], [668.616516113, -221.790206909, 18.1197490692, 27.1793556213, 140.864303589, 116.008743286, 50.8241081238, 242.400619507, 3.66156244278, 29.4721660614, -42.8976135254, 60.1048202515, -13.8085165024], [-201.563354492, 241.776779175, 21.8065032959, 92.4000854492, 36.9094543457, 12.2065973282, 31.2896251678, 3.66156244278, 174.829162598, 1.20781373978, 49.1377754211, -19.4872303009, 53.9095687866], [646.605407715, -324.50479126, 66.0214004517, 81.6558609009, 90.2456130981, 145.093429565, 63.8837432861, 29.4721660614, 1.20781373978, 193.233703613, -11.143321991, 58.6565284729, -52.5492744446], [51.5075035095, 386.748901367, -367.520324707, -38.9980010986, 90.7092285156, 15.0843687057, 78.8551330566, -42.8976135254, 49.1377754211, -11.143321991, 213.014083862, -41.2635269165, 110.993156433], [574.855529785, -359.187011719, 129.537277222, 83.2176437378, -7.20962905884, 63.0327987671, -14.900677681, 60.1048202515, -19.4872303009, 58.6565284729, -41.2635269165, 153.362472534, -34.6858215332], [29.0391178131, 309.927886963, -361.887756348, -34.9101333618, 5.81343650818, -62.9750671387, 2.79769682884, -13.8085165024, 53.9095687866, -52.5492744446, 110.993156433, -34.6858215332, 204.147598267]],
        "icov": [[0.000303001492284, 0.000188981488463, 0.000290684052743, -0.000130655593239, -0.000186883058632, -0.000444974313723, -0.000110775501525, -0.000154549125, 0.000183834330528, -0.000140507792821, 0.000144910867675, -0.000582135340665, -0.000240344394115], [0.000188981488463, 0.00255832751282, -0.000573373341467, 0.0012710376177, -0.00178116536699, 0.00105706264731, -0.00116782763507, 0.00128903472796, -0.00215275771916, 0.00250545702875, -0.00235536647961, 0.00175031716935, -0.00143849093001], [0.000290684052743, -0.000573373341467, 0.00167493673507, -0.00082557904534, 0.00098152901046, -0.0007372990367, -0.000188663776498, -0.000584221328609, -4.66632664029e-05, -0.000827595649753, 0.00202121958137, -0.00157858314924, 0.00179690739606], [-0.000130655593239, 0.0012710376177, -0.00082557904534, 0.00247235968709, -0.001013611909, 0.000302317435853, -0.000330946641043, 0.00121776782908, -0.00215304689482, 0.00141236744821, -0.00122091162484, 0.000768976111431, -0.00101615616586], [-0.000186883058632, -0.00178116536699, 0.00098152901046, -0.001013611909, 0.00356801529415, -0.000639330188278, -0.000248055963311, -0.00197982951067, 0.000903877953533, -0.00218037865125, 0.00140368856955, -0.000748886319343, 0.00217758328654], [-0.000444974313723, 0.00105706264731, -0.0007372990367, 0.000302317435853, -0.000639330188278, 0.00527887698263, -0.00278799538501, -2.64034752036e-05, -0.0012654196471, 0.000224603136303, -0.00176095101051, 0.00153386348393, 0.000496260705404], [-0.000110775501525, -0.00116782763507, -0.000188663776498, -0.000330946641043, -0.000248055963311, -0.00278799538501, 0.00617303932086, -0.000618229794782, 0.00100851990283, -0.0012324412819, -0.000707329891156, 0.000472248444567, 0.000299527164316], [-0.000154549125, 0.00128903472796, -0.000584221328609, 0.00121776782908, -0.00197982951067, -2.64034752036e-05, -0.000618229794782, 0.00688083935529, -0.00192389835138, 0.00229741912335, 0.000633014424238, -0.000724517740309, -0.00160808081273], [0.000183834330528, -0.00215275771916, -4.66632664029e-05, -0.00215304689482, 0.000903877953533, -0.0012654196471, 0.00100851990283, -0.00192389835138, 0.0100908251479, -0.00302627659403, 0.00053647934692, -0.000899493868928, -0.00165707012638], [-0.000140507792821, 0.00250545702875, -0.000827595649753, 0.00141236744821, -0.00218037865125, 0.000224603136303, -0.0012324412819, 0.00229741912335, -0.00302627659403, 0.0103483824059, -0.00272911041975, 9.37149816309e-05, 0.000257062667515], [0.000144910867675, -0.00235536647961, 0.00202121958137, -0.00122091162484, 0.00140368856955, -0.00176095101051, -0.000707329891156, 0.000633014424238, 0.00053647934692, -0.00272911041975, 0.0121143693104, -0.00259300181642, -0.00147248781286], [-0.000582135340665, 0.00175031716935, -0.00157858314924, 0.000768976111431, -0.000748886319343, 0.00153386348393, 0.000472248444567, -0.000724517740309, -0.000899493868928, 9.37149816309e-05, -0.00259300181642, 0.0122989239171, -0.00104115589056], [-0.000240344394115, -0.00143849093001, 0.00179690739606, -0.00101615616586, 0.00217758328654, 0.000496260705404, 0.000299527164316, -0.00160808081273, -0.00165707012638, 0.000257062667515, -0.00147248781286, -0.00104115589056, 0.0112336622551]]
    },
    "melbands": {
        "dmean": [0.00170171551872, 0.00186276622117, 0.000524976814631, 0.000434367888374, 0.000722876982763, 0.000448492297437, 0.000241077097598, 9.63018319453e-05, 6.48131172056e-05, 8.57499690028e-05, 0.000127898005303, 5.85105626669e-05, 3.58549368684e-05, 3.02894823108e-05, 2.80469666905e-05, 1.98047928279e-05, 2.88804712909e-05, 3.33290809067e-05, 2.34489980357e-05, 2.17033884837e-05, 1.5731624444e-05, 6.36284721622e-06, 5.87949125475e-06, 4.68923826702e-06, 5.17884745932e-06, 3.08946414407e-06, 2.23325309889e-06, 2.14590386349e-06, 3.27314660353e-06, 2.29904594562e-06, 1.45807780427e-06, 1.41164878187e-06, 1.35996060635e-06, 9.38691414376e-07, 9.43133215969e-07, 1.1182731896e-06, 1.04935918444e-06, 1.00274996839e-06, 8.93432172688e-07, 7.74005002313e-07],
        "dmean2": [0.00253384304233, 0.00283386697993, 0.000920119928196, 0.000725468387827, 0.00116916594561, 0.000703499012161, 0.000384616461815, 0.000167329708347, 0.000101796642412, 0.000131616034196, 0.000181348717888, 7.04034609953e-05, 4.79145746795e-05, 3.75955314666e-05, 3.80661986128e-05, 2.77609869954e-05, 3.85539897252e-05, 4.30885047535e-05, 3.15954894177e-05, 3.00659085042e-05, 2.20333949983e-05, 8.7377784439e-06, 8.50918604556e-06, 6.71360203341e-06, 7.51719198888e-06, 4.64379218101e-06, 3.43324882124e-06, 3.17002081829e-06, 4.67394966108e-06, 3.44305021827e-06, 2.17625461119e-06, 2.11463884625e-06, 2.02056457965e-06, 1.39945802857e-06, 1.38081020395e-06, 1.6073702227e-06, 1.50109860897e-06, 1.46950912949e-06, 1.3570451074e-06, 1.11926829049e-06],
        "dvar": [1.2497804164e-05, 1.99114383577e-05, 4.02678369937e-06, 1.18220248169e-06, 3.67137477042e-06, 1.35093966946e-06, 5.56882810088e-07, 9.96283802124e-08, 5.1743050733e-08, 8.80342767573e-08, 1.79267331646e-07, 5.23029619615e-08, 2.11613997436e-08, 8.24695334245e-09, 1.09109397073e-08, 6.49848752587e-09, 7.89138088209e-09, 1.07632880386e-08, 6.85151624324e-09, 7.36090521869e-09, 5.61694557533e-09, 4.86755191709e-10, 4.87549278727e-10, 1.43075606918e-10, 1.72429917566e-10, 9.80945394358e-11, 6.34909833042e-11, 2.23457433113e-11, 6.3280075624e-11, 3.61934995863e-11, 1.1203470443e-11, 1.4462425181e-11, 1.26360692743e-11, 5.50675867753e-12, 6.39040816791e-12, 9.61848049125e-12, 1.1658963725e-11, 1.12664296295e-11, 7.4146643686e-12, 5.62916466912e-12],
        "dvar2": [2.85639707727e-05, 4.74618027511e-05, 1.11586432467e-05, 3.18876163874e-06, 9.72540510702e-06, 3.2479431411e-06, 1.41526675179e-06, 2.86140021899e-07, 1.31479396259e-07, 1.99078471042e-07, 3.66611828895e-07, 5.76588519152e-08, 3.79249840421e-08, 1.41443727841e-08, 2.29278480646e-08, 1.22597434427e-08, 1.35997719752e-08, 1.76901995275e-08, 1.32947564069e-08, 1.60128195148e-08, 8.53248849353e-09, 8.64221472163e-10, 1.14370446447e-09, 2.967719126e-10, 3.84233728168e-10, 2.39790937107e-10, 1.61551064193e-10, 4.95918583976e-11, 1.2130886573e-10, 8.40273059466e-11, 2.50394566192e-11, 2.90480018511e-11, 2.55886579287e-11, 1.19594716075e-11, 1.47226814073e-11, 1.90309781822e-11, 2.4619578945e-11, 2.55472604876e-11, 1.68051232652e-11, 1.23377376024e-11],
        "max": [0.0318353809416, 0.0559382215142, 0.018583510071, 0.00987586658448, 0.0178599432111, 0.017676377669, 0.00888395588845, 0.0034820928704, 0.00515519501641, 0.00496970908716, 0.010735431686, 0.00913604162633, 0.00513161672279, 0.00192827242427, 0.00204010447487, 0.00215812749229, 0.00147557398304, 0.00251430785283, 0.00145223224536, 0.00158134370577, 0.00261484459043, 0.000760408816859, 0.000498128472827, 0.000218368586502, 0.000203624105779, 0.000212048820686, 0.000145501238876, 8.58581042849e-05, 0.000187651079614, 0.000128943982418, 5.26665244251e-05, 4.46450612799e-05, 4.11435321439e-05, 2.93808698189e-05, 2.80657641269e-05, 4.94475098094e-05, 5.22136724612e-05, 4.81629431306e-05, 3.86888495996e-05, 3.55070988007e-05],
        "mean": [0.00270305084996, 0.00274768727832, 0.000516051077284, 0.000501400791109, 0.000999946380034, 0.000701918965206, 0.000302728847601, 0.000105398379674, 9.05425913516e-05, 0.000127435952891, 0.000216383559746, 0.000124484373373, 6.87961801304e-05, 6.70302615617e-05, 5.78974577365e-05, 2.86574450001e-05, 6.30483773421e-05, 6.50277434033e-05, 3.69190929632e-05, 3.37129131367e-05, 2.47991301876e-05, 9.15270447877e-06, 9.71338431555e-06, 7.35513685868e-06, 8.49163006933e-06, 4.93849393024e-06, 3.56028158421e-06, 3.44189766111e-06, 5.47363288206e-06, 3.2277396258e-06, 1.78805237283e-06, 1.683020173e-06, 1.66721429196e-06, 1.13082376174e-06, 1.16645162507e-06, 1.41349812566e-06, 1.29849559016e-06, 1.26580880533e-06, 1.07498749458e-06, 9.50066635141e-07],
        "median": [0.000294354802463, 0.000212860002648, 8.34597158246e-05, 0.000137627095683, 0.000271484255791, 0.00025493936846, 6.61086160108e-05, 3.13039672619e-05, 1.5853855075e-05, 1.67647340277e-05, 2.57967785728e-05, 8.36306571728e-06, 4.24148038292e-06, 2.1598591502e-06, 2.88472574539e-06, 2.43068393502e-06, 2.25269832299e-06, 3.02300077237e-06, 1.8830269255e-06, 1.41715099744e-06, 9.96131461761e-07, 9.12267694275e-07, 9.25824167552e-07, 7.45767692933e-07, 8.09388154721e-07, 7.00279031207e-07, 4.87713180064e-07, 5.9008897324e-07, 6.01202259531e-07, 3.95044565948e-07, 1.94547055798e-07, 8.89434090823e-08, 7.39583185805e-08, 8.63482227942e-08, 1.04678363755e-07, 1.20245701396e-07, 1.22411279335e-07, 1.02677610414e-07, 7.15326962109e-08, 5.69132083683e-08],
        "min": [2.33171562058e-07, 7.27165243575e-08, 7.86104408235e-07, 2.81131860902e-06, 2.35389006775e-06, 6.10803056134e-07, 1.66535699009e-07, 1.37308433068e-07, 1.71285833517e-07, 1.85874462488e-08, 2.90624502242e-09, 2.39951103431e-09, 1.39065259308e-09, 2.61565924475e-09, 1.27856969456e-09, 3.37904204617e-10, 3.37238598158e-10, 5.07985542519e-10, 4.51932824497e-10, 5.07576591868e-10, 6.00993477207e-10, 3.11912246032e-10, 1.78469211631e-10, 2.02291475238e-10, 2.2012161538e-10, 1.9057320999e-10, 1.87324863954e-10, 1.72502123696e-10, 1.27695007346e-10, 9.69640201465e-11, 6.93588034228e-11, 4.31260582801e-12, 1.10629465658e-11, 2.53569578529e-11, 2.55527682347e-11, 1.37385328808e-11, 3.78035710374e-12, 6.95105735124e-12, 1.24195890117e-12, 8.69040950313e-13],
