{
"highlevel": {
    "danceability": {
        "all": {
            "danceable": 2.09875452128e-07,
            "not_danceable": 0.999999761581
        },
        "probability": 0.999999761581,
        "value": "not_danceable"
    },
    "gender": {
        "all": {
            "female": 0.877910733223,
            "male": 0.122089251876
        },
        "probability": 0.877910733223,
        "value": "female"
    },
    "genre_dortmund": {
        "all": {
            "alternative": 0.0375023446977,
            "blues": 0.00572323799133,
            "electronic": 0.114414706826,
            "folkcountry": 0.142202630639,
            "funksoulrnb": 0.00549524463713,
            "jazz": 0.67206376791,
            "pop": 0.0176047924906,
            "raphiphop": 0.000554222206119,
            "rock": 0.00443907221779
        },
        "probability": 0.67206376791,
        "value": "jazz"
    },
    "genre_electronic": {
        "all": {
            "ambient": 0.990719974041,
            "dnb": 0.000428543804446,
            "house": 0.00608217529953,
            "techno": 0.00145965337288,
            "trance": 0.00130964827258
        },
        "probability": 0.990719974041,
        "value": "ambient"
    },
    "genre_rosamerica": {
        "all": {
            "cla": 0.934690594673,
            "dan": 0.00120278063696,
            "hip": 0.00110447802581,
            "jaz": 0.0450801327825,
            "pop": 0.00523323798552,
            "rhy": 0.00934256706387,
            "roc": 0.00145639793482,
            "spe": 0.00188983941916
        },
        "probability": 0.934690594673,
        "value": "cla"
    },
    "genre_tzanetakis": {
        "all": {
            "blu": 0.00475840596482,
            "cla": 0.0460176952183,
            "cou": 0.00109796551988,
            "dis": 0.00800168607384,
            "hip": 0.000177432331839,
            "jaz": 0.936098396778,
            "met": 0.000317911064485,
            "pop": 0.00152595026884,
            "reg": 0.00061519962037,
            "roc": 0.00138935935684
        },
        "probability": 0.936098396778,
        "value": "jaz"
    },
    "ismir04_rhythm": {
        "all": {
            "ChaChaCha": 0.000234537030337,
            "Jive": 5.19616078236e-05,
            "Quickstep": 0.000141933298437,
            "Rumba-American": 0.00103343324736,
            "Rumba-International": 0.0106317512691,
            "Rumba-Misc": 0.00268071121536,
            "Samba": 0.000100465011201,
            "Tango": 0.00228322553448,
            "VienneseWaltz": 0.0046105440706,
            "Waltz": 0.978231430054
        },
        "probability": 0.978231430054,
        "value": "Waltz"
    },
    "mood_acoustic": {
        "all": {
            "acoustic": 0.893495798111,
            "not_acoustic": 0.106504186988
        },
        "probability": 0.893495798111,
        "value": "acoustic"
    },
    "mood_aggressive": {
        "all": {
            "aggressive": 0.00934990029782,
            "not_aggressive": 0.990650117397
        },
        "probability": 0.990650117397,
        "value": "not_aggressive"
    },
    "mood_electronic": {
        "all": {
            "electronic": 0.567183315754,
            "not_electronic": 0.432816684246
        },
        "probability": 0.567183315754,
        "value": "electronic"
    },
    "mood_happy": {
        "all": {
            "happy": 0.305814355612,
            "not_happy": 0.694185674191
        },
        "probability": 0.694185674191,
        "value": "not_happy"
    },
    "mood_party": {
        "all": {
            "not_party": 0.999198675156,
            "party": 0.00080130569404
        },
        "probability": 0.999198675156,
        "value": "not_party"
    },
    "mood_relaxed": {
        "all": {
            "not_relaxed": 0.032400559634,
            "relaxed": 0.967599451542
        },
        "probability": 0.967599451542,
        "value": "relaxed"
    },
    "mood_sad": {
        "all": {
            "not_sad": 0.169617325068,
            "sad": 0.830382704735
        },
        "probability": 0.830382704735,
        "value": "sad"
    },
    "moods_mirex": {
        "all": {
            "Cluster1": 0.0950585603714,
            "Cluster2": 0.0923003405333,
            "Cluster3": 0.677688777447,
            "Cluster4": 0.124856159091,
            "Cluster5": 0.010096160695
        },
        "probability": 0.677688777447,
        "value": "Cluster3"
    },
    "timbre": {
        "all": {
            "bright": 0.847061157227,
            "dark": 0.152938827872
        },
        "probability": 0.847061157227,
        "value": "bright"
    },
    "tonal_atonal": {
        "all": {
            "atonal": 0.000873973884154,
            "tonal": 0.999126017094
        },
        "probability": 0.999126017094,
        "value": "tonal"
    },
    "voice_instrumental": {
        "all": {
            "instrumental": 0.992038190365,
            "voice": 0.00796178076416
        },
        "probability": 0.992038190365,
        "value": "instrumental"
    }
},
"lowlevel": {
    "average_loudness": 0.966883122921,
    "barkbands_crest": {
        "dmean": 1.93007206917,
        "dmean2": 3.04342484474,
        "dvar": 3.44983291626,
        "dvar2": 8.2338924408,
        "max": 23.8296546936,
        "mean": 12.4161128998,
        "median": 11.8813867569,
        "min": 4.98060512543,
        "var": 15.9652109146
    },
    "barkbands_flatness_db": {
        "dmean": 0.019101517275,
        "dmean2": 0.0298395846039,
        "dvar": 0.000330157956341,
        "dvar2": 0.000718849245459,
        "max": 0.493228644133,
        "mean": 0.37744680047,
        "median": 0.376036912203,
        "min": 0.193907797337,
        "var": 0.00147223263048
    },
    "barkbands_kurtosis": {
        "dmean": 1.4610029459,
        "dmean2": 2.29645037651,
        "dvar": 5.03160810471,
        "dvar2": 12.4456100464,
        "max": 32.7224121094,
        "mean": 3.1441628933,
        "median": 2.06978750229,
        "min": -1.28548955917,
        "var": 16.1538600922
    },
    "barkbands_skewness": {
        "dmean": 0.313796162605,
        "dmean2": 0.498762786388,
        "dvar": 0.103819027543,
        "dvar2": 0.250932395458,
        "max": 4.39898920059,
        "mean": 1.15519869328,
        "median": 1.0972520113,
        "min": -1.25063347816,
        "var": 0.505235731602
    },
    "barkbands_spread": {
        "dmean": 0.618015766144,
        "dmean2": 0.963900387287,
        "dvar": 0.400781959295,
        "dvar2": 0.922854304314,
        "max": 10.3557291031,
        "mean": 3.97794795036,
        "median": 3.68240141869,
        "min": 0.552553296089,
        "var": 3.24401640892
    },
    "dissonance": {
        "dmean": 0.0428281761706,
        "dmean2": 0.0708598047495,
        "dvar": 0.00133991090115,
        "dvar2": 0.00354799604975,
        "max": 0.487670779228,
        "mean": 0.351744115353,
        "median": 0.353510707617,
        "min": 0.158233836293,
        "var": 0.00345672317781
    },
    "dynamic_complexity": 2.53729152679,
    "erbbands_crest": {
        "dmean": 1.8794850111,
        "dmean2": 2.83405900002,
        "dvar": 3.42520952225,
        "dvar2": 7.56305980682,
        "max": 27.1423778534,
        "mean": 13.4019508362,
        "median": 12.6761436462,
        "min": 5.29345703125,
        "var": 17.4001922607
    },
    "erbbands_flatness_db": {
        "dmean": 0.0146644627675,
        "dmean2": 0.0222060680389,
        "dvar": 0.00022951340361,
        "dvar2": 0.000453511369415,
        "max": 0.46480885148,
        "mean": 0.380822777748,
        "median": 0.38160738349,
        "min": 0.174297094345,
        "var": 0.00100216083229
    },
    "erbbands_kurtosis": {
        "dmean": 0.599721312523,
        "dmean2": 0.922227203846,
        "dvar": 0.779760241508,
        "dvar2": 1.68468439579,
        "max": 15.6556015015,
        "mean": 0.548799753189,
        "median": 0.0146732330322,
        "min": -1.31597042084,
        "var": 3.05761408806
    },
    "erbbands_skewness": {
        "dmean": 0.233646705747,
        "dmean2": 0.35105791688,
        "dvar": 0.0565279722214,
        "dvar2": 0.124946437776,
        "max": 3.05930781364,
        "mean": 0.578828811646,
        "median": 0.509838402271,
        "min": -1.11717772484,
        "var": 0.476427972317
    },
    "erbbands_spread": {
        "dmean": 1.09172093868,
        "dmean2": 1.61358737946,
        "dvar": 1.31906747818,
        "dvar2": 2.8546435833,
        "max": 22.879737854,
        "mean": 9.88209724426,
        "median": 9.3613948822,
        "min": 2.03398442268,
        "var": 10.8750257492
    },
    "hfc": {
        "dmean": 2.04928398132,
        "dmean2": 2.76099610329,
        "dvar": 13.5334281921,
        "dvar2": 23.7465515137,
        "max": 54.6101226807,
        "mean": 9.72228908539,
        "median": 6.73497962952,
        "min": 0.963674426079,
        "var": 65.4142684937
    },
    "melbands_crest": {
        "dmean": 2.13887882233,
        "dmean2": 3.36229038239,
        "dvar": 4.12107086182,
        "dvar2": 9.67122936249,
        "max": 27.849691391,
        "mean": 14.8861732483,
        "median": 14.4791297913,
        "min": 5.85118484497,
        "var": 21.6844043732
    },
    "melbands_flatness_db": {
        "dmean": 0.0183308981359,
        "dmean2": 0.0279846303165,
        "dvar": 0.000350255169906,
        "dvar2": 0.00069975090446,
        "max": 0.611373603344,
        "mean": 0.482620567083,
        "median": 0.482112318277,
        "min": 0.294921010733,
        "var": 0.00210914597847
    },
    "melbands_kurtosis": {
        "dmean": 1.61776721478,
        "dmean2": 2.53373742104,
        "dvar": 5.06270837784,
        "dvar2": 12.7072429657,
        "max": 40.3801345825,
        "mean": 4.31329965591,
        "median": 3.442050457,
        "min": -1.17170393467,
        "var": 20.5985603333
    },
    "melbands_skewness": {
        "dmean": 0.298281282187,
        "dmean2": 0.47425737977,
        "dvar": 0.0836535692215,
        "dvar2": 0.200240135193,
        "max": 4.60278701782,
        "mean": 1.4194880724,
        "median": 1.41093540192,
        "min": -0.683332443237,
        "var": 0.527112662792
    },
    "melbands_spread": {
        "dmean": 0.912427783012,
        "dmean2": 1.42980515957,
        "dvar": 0.879801630974,
        "dvar2": 2.05848145485,
        "max": 16.1570301056,
        "mean": 5.80851840973,
        "median": 5.29406833649,
        "min": 1.03413033485,
        "var": 7.64960432053
    },
    "pitch_salience": {
        "dmean": 0.0520475283265,
        "dmean2": 0.0860535278916,
        "dvar": 0.00215932098217,
        "dvar2": 0.0054318360053,
        "max": 0.776899695396,
        "mean": 0.537958443165,
        "median": 0.540339529514,
        "min": 0.264690876007,
        "var": 0.00677528139204
    },
    "silence_rate_20dB": {
        "dmean": 0,
        "dmean2": 0,
        "dvar": 0,
        "dvar2": 0,
        "max": 1,
        "mean": 1,
        "median": 1,
        "min": 1,
        "var": 0
    },
    "silence_rate_30dB": {
        "dmean": 0.00464396271855,
        "dmean2": 0.00929511990398,
        "dvar": 0.00462231691927,
        "dvar2": 0.0123073635623,
        "max": 1,
        "mean": 0.996906399727,
        "median": 1,
        "min": 0,
        "var": 0.00308399088681
    },
    "silence_rate_60dB": {
        "dmean": 0.0030959751457,
        "dmean2": 0.00619674660265,
        "dvar": 0.0030863629654,
        "dvar2": 0.00615835329518,
        "max": 1,
        "mean": 0.00386697612703,
        "median": 0,
        "min": 0,
        "var": 0.00385204609483
    },
    "spectral_centroid": {
        "dmean": 25.0861663818,
        "dmean2": 39.6428451538,
        "dvar": 703.506958008,
        "dvar2": 1596.86376953,
        "max": 730.16217041,
        "mean": 405.957885742,
        "median": 386.784637451,
        "min": 244.970046997,
        "var": 9438.17285156
    },
    "spectral_complexity": {
        "dmean": 1.07120740414,
        "dmean2": 1.78156471252,
        "dvar": 1.06613862514,
        "dvar2": 2.29775428772,
        "max": 20,
        "mean": 10.3781900406,
        "median": 10,
        "min": 3,
        "var": 6.40843105316
    },
    "spectral_decrease": {
        "dmean": 1.49099921298e-09,
        "dmean2": 2.04846495322e-09,
        "dvar": 4.4301932452e-18,
        "dvar2": 7.43553893395e-18,
        "max": -5.09707775986e-10,
        "mean": -6.30124308287e-09,
        "median": -4.97325558513e-09,
        "min": -3.36829728553e-08,
        "var": 1.97503118989e-17
    },
    "spectral_energy": {
        "dmean": 0.00580678228289,
        "dmean2": 0.00797287840396,
        "dvar": 6.81370365783e-05,
        "dvar2": 0.000114290232887,
        "max": 0.130832001567,
        "mean": 0.0246641412377,
        "median": 0.0194029547274,
        "min": 0.00201116199605,
        "var": 0.000304423243506
    },
    "spectral_energyband_high": {
        "dmean": 1.38928356819e-07,
        "dmean2": 2.04747607313e-07,
        "dvar": 7.53386448279e-13,
        "dvar2": 1.09640454268e-12,
        "max": 2.49637068919e-05,
        "mean": 2.35220824152e-07,
        "median": 1.17345095418e-07,
        "min": 1.67863127842e-08,
        "var": 7.19787185584e-13
    },
    "spectral_energyband_low": {
        "dmean": 0.000894654018339,
        "dmean2": 0.00134197599255,
        "dvar": 1.84249756785e-06,
        "dvar2": 3.61754064215e-06,
        "max": 0.0268746633083,
        "mean": 0.0027269013226,
        "median": 0.00110471551307,
        "min": 9.03475302039e-06,
        "var": 1.20657532534e-05
    },
    "spectral_energyband_middle_high": {
        "dmean": 0.000430917512858,
        "dmean2": 0.000617474201135,
        "dvar": 1.62995866049e-06,
        "dvar2": 3.63430990546e-06,
        "max": 0.0228236466646,
        "mean": 0.00237549003214,
        "median": 0.000951443915255,
        "min": 6.4868501795e-05,
        "var": 1.14073418445e-05
    },
    "spectral_energyband_middle_low": {
        "dmean": 0.00538379093632,
        "dmean2": 0.00746155949309,
        "dvar": 5.93727381784e-05,
        "dvar2": 9.97400056804e-05,
        "max": 0.126890897751,
        "mean": 0.0205107480288,
        "median": 0.0161246377975,
        "min": 0.00169534992892,
        "var": 0.000242800044362
    },
    "spectral_entropy": {
        "dmean": 0.121693782508,
        "dmean2": 0.186994254589,
        "dvar": 0.0189947206527,
        "dvar2": 0.039329431951,
        "max": 7.10720777512,
        "mean": 5.44384384155,
        "median": 5.43790578842,
        "min": 4.62589788437,
        "var": 0.086139112711
    },
    "spectral_flux": {
        "dmean": 0.0186674781144,
        "dmean2": 0.030150923878,
        "dvar": 0.00058420537971,
        "dvar2": 0.00137629255187,
        "max": 0.27838653326,
        "mean": 0.0456829816103,
        "median": 0.0371965095401,
        "min": 0.0108748888597,
        "var": 0.000853242643643
    },
    "spectral_kurtosis": {
        "dmean": 33.7012825012,
        "dmean2": 56.8218727112,
        "dvar": 888.93737793,
        "dvar2": 2343.5612793,
        "max": 292.613433838,
        "mean": 140.459701538,
        "median": 143.152603149,
        "min": 6.89949226379,
        "var": 2245.65649414
    },
    "spectral_rms": {
        "dmean": 0.000555010512471,
        "dmean2": 0.000777210050728,
        "dvar": 4.20690781766e-07,
        "dvar2": 7.25272116142e-07,
        "max": 0.0112978303805,
        "mean": 0.00464826403186,
        "median": 0.00435082893819,
        "min": 0.00140075315721,
        "var": 2.45626824835e-06
    },
    "spectral_rolloff": {
        "dmean": 50.9662780762,
        "dmean2": 89.4852218628,
        "dvar": 7252.38769531,
        "dvar2": 17146.3789062,
        "max": 947.4609375,
        "mean": 555.166320801,
        "median": 581.396484375,
        "min": 236.865234375,
        "var": 43984.1210938
    },
    "spectral_skewness": {
        "dmean": 1.55292367935,
        "dmean2": 2.66574549675,
        "dvar": 1.70160937309,
        "dvar2": 4.64263772964,
        "max": 13.53586483,
        "mean": 8.91662025452,
        "median": 9.1322183609,
        "min": 2.73472595215,
        "var": 4.19868898392
    },
    "spectral_spread": {
        "dmean": 253215.53125,
        "dmean2": 429802.6875,
        "dvar": 300353191936,
        "dvar2": 367582085120,
        "max": 19048102,
        "mean": 778983.125,
        "median": 729541.9375,
        "min": 298700.4375,
        "var": 321781465088
    },
    "spectral_strongpeak": {
        "dmean": 0.345858752728,
        "dmean2": 0.54003494978,
        "dvar": 0.200102940202,
        "dvar2": 0.423683464527,
        "max": 5.48962831497,
        "mean": 1.14983224869,
        "median": 0.906635224819,
        "min": 0.0896248742938,
        "var": 0.828709959984
    },
    "zerocrossingrate": {
        "dmean": 0.00157595414203,
        "dmean2": 0.00213353568688,
        "dvar": 1.80346921752e-06,
        "dvar2": 2.87888860839e-06,
        "max": 0.03759765625,
        "mean": 0.0195070821792,
        "median": 0.0185546875,
        "min": 0.00634765625,
        "var": 3.37555829901e-05
    },
    "barkbands": {
        "dmean": [1.08884080419e-06, 0.000271687487839, 0.000623951083981, 0.000287711503915, 0.00268774037249, 0.00290344492532, 0.000483315758174, 0.000420680589741, 0.00028689877945, 0.000323481974192, 0.000179607493919, 9.12844407139e-05, 2.16000698856e-05, 4.01522920583e-05, 1.64806060639e-05, 6.42886288915e-06, 2.9649318094e-06, 1.55754980824e-06, 1.85362111438e-07, 4.44817800371e-08, 2.75367142422e-08, 2.36693011857e-08, 2.30023058378e-08, 2.06289652027e-08, 2.90329804642e-08, 2.55094789736e-08, 2.45114861741e-09],
        "dmean2": [1.83576128165e-06, 0.0004034130543, 0.000938030541874, 0.000474132422823, 0.00403693271801, 0.00387346907519, 0.000688147847541, 0.000631101429462, 0.00048265690566, 0.000443884753622, 0.000246653245995, 0.000133680412546, 2.97762417176e-05, 6.23973755864e-05, 2.49820968747e-05, 9.7118991107e-06, 4.89391095471e-06, 2.06248228096e-06, 2.84680169216e-07, 6.56019736311e-08, 4.11850216153e-08, 3.66606123237e-08, 3.54885685283e-08, 3.21024664629e-08, 4.62815137325e-08, 4.28386925933e-08, 3.13519232797e-09],
        "dvar": [4.24123201836e-11, 2.23648115139e-07, 8.28670238207e-07, 2.30547527735e-07, 1.32191926241e-05, 2.73479672614e-05, 1.40792053571e-06, 3.75107038053e-06, 8.12528242022e-07, 9.28849090087e-07, 4.02391577836e-07, 1.00850698459e-07, 4.24134016797e-09, 2.20981135612e-08, 1.37149280821e-09, 4.7974663131e-10, 5.19973578084e-11, 2.63199410183e-11, 7.89786964127e-13, 6.575497796e-14, 1.63967706193e-14, 3.96598579715e-14, 1.15203587433e-14, 8.77805400118e-15, 1.18096442117e-14, 2.3311928966e-14, 2.02980646139e-15],
        "dvar2": [5.55290813331e-11, 4.65206710487e-07, 1.66590268691e-06, 5.5629726603e-07, 3.04198201775e-05, 4.28380153608e-05, 2.4718374334e-06, 7.84603344073e-06, 2.21174377657e-06, 1.80150141205e-06, 7.6006551808e-07, 2.20716216859e-07, 7.67633157039e-09, 5.31788764135e-08, 3.17495030266e-09, 9.40934219429e-10, 1.33475244746e-10, 4.24813205446e-11, 1.99316127839e-12, 9.61551598435e-14, 2.33755106471e-14, 8.49854176832e-14, 1.88472792874e-14, 1.28575052826e-14, 1.91620638356e-14, 4.45237820408e-14, 2.02730813772e-15],
        "max": [0.000217226959649, 0.00766486115754, 0.0210335794836, 0.00681978557259, 0.0689122229815, 0.0899658352137, 0.0200912710279, 0.0625604242086, 0.0124750509858, 0.019514946267, 0.0147430896759, 0.00460836198181, 0.00120626064017, 0.00233709649183, 0.000617629673798, 0.000444073288236, 0.00013071540161, 0.000103941863927, 2.0413312086e-05, 7.38509197618e-06, 3.2922112041e-06, 4.29613010056e-06, 2.73867840406e-06, 2.61505829258e-06, 2.7557514386e-06, 3.78730351258e-06, 1.54493329774e-06],
        "mean": [1.01536420516e-06, 0.000718755007256, 0.00170700286981, 0.000568658928387, 0.00670686690137, 0.00816179346293, 0.00139315880369, 0.00142695452087, 0.000800706038717, 0.00168317556381, 0.00105327810161, 0.000243836155278, 5.19661880389e-05, 6.4900079451e-05, 5.24912938999e-05, 1.7711725377e-05, 6.63668379275e-06, 4.6469094741e-06, 3.42020371136e-07, 8.94988616551e-08, 5.47324887634e-08, 3.15080619373e-08, 3.42933894615e-08, 2.86298575958e-08, 3.23671009994e-08, 2.10994581806e-08, 2.31503016757e-09],
        "median": [4.10755291114e-07, 0.000173991764314, 0.000687304243911, 0.000221217473154, 0.00447414442897, 0.00560572743416, 0.000395353825297, 0.00054995593382, 0.000485133030452, 0.000591850082856, 0.000249529723078, 8.4206199972e-05, 1.76017510967e-05, 1.17957206385e-05, 1.27148359752e-05, 2.37693188865e-06, 1.09056668407e-06, 4.00325120609e-07, 6.1972073695e-08, 2.05319317104e-08, 1.89918303306e-08, 1.34227287063e-08, 1.87167685795e-08, 1.58708317599e-08, 1.39266500554e-08, 5.59436941217e-09, 3.18344905992e-10],
        "min": [1.31618593802e-09, 1.2258606148e-06, 3.10548944071e-06, 1.29428121909e-06, 0.000183555996045, 0.000111002591439, 8.86237467057e-06, 1.15635830298e-05, 1.30157404783e-05, 2.72519537248e-06, 5.71728060095e-06, 2.88993555841e-06, 7.88606200786e-07, 2.16706339984e-07, 4.19175130162e-08, 4.22015915547e-08, 5.93002447147e-09, 5.11814013393e-09, 3.0621623015e-09, 2.31924768279e-09, 1.85965665089e-09, 5.12610898173e-10, 1.45982725908e-09, 2.60327343016e-10, 1.66321262318e-11, 1.5011337659e-11, 1.96721475915e-11],
        "var": [4.02128018384e-11, 1.27080591028e-06, 5.15419469593e-06, 6.64034246256e-07, 4.97407272633e-05, 8.83279426489e-05, 5.62721652386e-06, 1.62455653481e-05, 1.27188047827e-06, 7.21142532711e-06, 4.38286815552e-06, 2.01748946438e-07, 1.39648879127e-08, 3.26135669582e-08, 7.1733485818e-09, 1.66159375148e-09, 2.1077355139e-10, 1.57220750308e-10, 9.71340954718e-13, 1.02291771245e-13, 2.3711570969e-14, 3.09760795844e-14, 1.09056067941e-14, 8.3305343079e-15, 1.11160749998e-14, 1.84292227881e-14, 2.03345907922e-15]
    },
    "erbbands": {
        "dmean": [0.00138990813866, 0.0866538360715, 0.631458759308, 0.788454532623, 3.1123239994, 13.2671861649, 15.7152748108, 26.2907772064, 12.1486730576, 4.8021812439, 9.65710735321, 7.49972248077, 12.7630023956, 6.62777376175, 4.36845302582, 4.43613004684, 1.17647647858, 2.29651403427, 0.939861178398, 0.493285894394, 0.288018405437, 0.112377494574, 0.104696325958, 0.0147458603606, 0.00356863462366, 0.00181621185038, 0.00113148160744, 0.00125669233967, 0.000825327821076, 0.000817873631604, 0.000593991833739, 0.000449936225777, 0.00035827368265, 0.000358403776772, 0.000203651914489, 0.000110514891276, 5.16493782925e-05, 5.40650717085e-06, 2.91657306661e-06, 6.41792394163e-06],
        "dmean2": [0.00210544583388, 0.127738565207, 0.944465219975, 1.26873958111, 4.61490011215, 20.7434158325, 24.3603782654, 33.2095985413, 15.6866950989, 7.05954551697, 14.4658441544, 12.5161809921, 17.4814376831, 9.03980064392, 6.60000324249, 6.41321849823, 1.59356033802, 3.51888227463, 1.48151946068, 0.703571259975, 0.426457881927, 0.175250217319, 0.138323113322, 0.0223000608385, 0.00534744095057, 0.00261796149425, 0.00162825279403, 0.00192762550432, 0.00131313549355, 0.00121187395416, 0.000931655988097, 0.000709915184416, 0.000549343298189, 0.000564042420592, 0.000333045405569, 0.000188766920473, 8.66989357746e-05, 8.50803098729e-06, 3.90593777411e-06, 8.81451251189e-06],
        "dvar": [5.36954121344e-06, 0.0218171216547, 0.863636434078, 2.07319808006, 25.783208847, 452.179870605, 400.967407227, 3667.01855469, 880.811462402, 872.284362793, 733.821411133, 628.09942627, 1354.39709473, 559.176208496, 328.929260254, 243.128189087, 8.95489406586, 62.8718681335, 5.7625451088, 1.34623205662, 0.575315475464, 0.0602424032986, 0.112493447959, 0.00428982870653, 0.000366497581126, 0.000129924170324, 3.80749079341e-05, 3.93173759221e-05, 4.27852028224e-05, 2.48603173532e-05, 7.30034298613e-06, 3.12668839797e-06, 3.23446602124e-06, 1.8215844193e-06, 5.98751455527e-07, 2.89780274443e-07, 1.21799118347e-07, 2.36504016371e-09, 5.5153485945e-11, 8.4965603997e-11],
        "dvar2": [1.173650071e-05, 0.0444782860577, 1.7608590126, 4.62124824524, 49.8071250916, 1072.93005371, 1041.59143066, 5330.95849609, 1432.1875, 1479.04797363, 1768.26184082, 1725.1875, 2582.98657227, 1006.50494385, 858.8984375, 518.520690918, 15.9688892365, 152.203292847, 13.403342247, 2.5513241291, 1.1940728426, 0.139574572444, 0.179333344102, 0.0105549842119, 0.000626182183623, 0.000167539314134, 4.60299415863e-05, 7.52138730604e-05, 0.00010030271369, 3.63237413694e-05, 1.16455776151e-05, 4.75818569612e-06, 4.3979594011e-06, 2.58520185525e-06, 1.17941556255e-06, 6.56309623537e-07, 2.20259138928e-07, 3.01425284732e-09, 6.5358024548e-11, 1.42650113943e-10],
        "max": [0.0359550639987, 2.42699289322, 18.2721691132, 35.4611206055, 72.4471282959, 422.629425049, 271.065032959, 1079.73913574, 498.314910889, 1110.22436523, 667.63861084, 347.714080811, 755.586364746, 648.350097656, 428.835906982, 231.703857422, 53.2505302429, 122.203239441, 47.3878555298, 22.6056938171, 10.4075660706, 3.6237680912, 6.6850104332, 1.44537377357, 0.501904964447, 0.35391753912, 0.186556980014, 0.12938837707, 0.147844776511, 0.142657309771, 0.0693526938558, 0.0443398579955, 0.0547195747495, 0.0394464805722, 0.0141545794904, 0.0108589921147, 0.00939883012325, 0.00152217084542, 0.000237007072428, 0.000144562189234],
        "mean": [0.00354333897121, 0.243030279875, 1.86302995682, 1.96624433994, 7.19331169128, 30.7932128906, 40.0148162842, 73.3430404663, 34.6675949097, 18.9963188171, 31.9555034637, 23.3096847534, 63.5701141357, 40.4209327698, 20.9902629852, 12.6257047653, 3.3479783535, 4.13235473633, 2.50725793839, 1.78556883335, 0.881998419762, 0.303847908974, 0.321660071611, 0.0384530946612, 0.00766097847372, 0.00380477262661, 0.00213623885065, 0.0023070811294, 0.0011770556448, 0.00118418014608, 0.000929227448069, 0.000653129885904, 0.000482914998429, 0.000400237709982, 0.000228329125093, 0.000106040373794, 4.81935749121e-05, 5.74088562644e-06, 1.19505093608e-05, 2.75350412267e-05],
        "median": [0.00125981797464, 0.0651679113507, 0.656726300716, 1.08316063881, 4.09700918198, 15.8772859573, 28.628698349, 37.8675575256, 13.3785648346, 6.37612390518, 15.3550043106, 13.8563919067, 22.7962741852, 8.48756408691, 7.41566801071, 4.36942148209, 1.50912296772, 1.07793819904, 0.608847796917, 0.444433182478, 0.222101539373, 0.0722137317061, 0.0384073220193, 0.00697110546753, 0.00207902770489, 0.00103740324266, 0.000848359311931, 0.000702040386386, 0.000516401370987, 0.000558234634809, 0.000532228092197, 0.000369724526536, 0.000258372630924, 0.000168630562257, 0.000103306570963, 4.17234623455e-05, 1.60873642017e-05, 2.12518330045e-06, 9.18815203477e-06, 2.1484655008e-05],
        "min": [4.64500117232e-05, 0.000675521907397, 0.00419859914109, 0.021763490513, 0.0471657887101, 0.515196800232, 1.30081093311, 0.691012203693, 0.368021517992, 0.498289138079, 0.870091676712, 0.38609752059, 0.118585854769, 0.43366381526, 0.245656937361, 0.235926136374, 0.0711230710149, 0.0246549602598, 0.0136918369681, 0.00504982518032, 0.00293871038593, 0.0005277171731, 0.000550289580133, 0.000365274434444, 0.000200612063054, 0.00012927253556, 8.58033527038e-05, 5.94868579356e-05, 3.68872315448e-05, 8.43201560201e-05, 5.55723527214e-05, 1.08845324576e-05, 5.44619388165e-06, 4.4769235501e-06, 3.33620982929e-06, 2.77375488622e-06, 1.34548520236e-06, 1.97242854938e-07, 9.71521672e-07, 2.26311294682e-06],
        "var": [2.5277815439e-05, 0.133069604635, 5.98671627045, 8.5987329483, 77.2954483032, 1559.18774414, 1340.96740723, 12027.9833984, 3059.6965332, 5231.58349609, 2540.88989258, 1021.24475098, 10144.0019531, 7462.97900391, 996.694519043, 519.674926758, 31.4780902863, 96.5076751709, 21.046661377, 8.31519031525, 2.1969742775, 0.257080942392, 0.672709405422, 0.00880840979517, 0.000491028360557, 0.000185053271707, 4.30316576967e-05, 5.51238154003e-05, 3.15640318149e-05, 2.43019130721e-05, 6.90725346431e-06, 3.03334923046e-06, 3.09416213895e-06, 1.77510605681e-06, 5.3062740335e-07, 2.08020495052e-07, 9.90245538901e-08, 2.21824425495e-09, 1.11351518284e-10, 3.8140482439e-10]
    },
    "gfcc": {
        "mean": [-179.016235352, 242.392349243, -90.5686645508, -59.567363739, -45.7208633423, -8.63798713684, -40.9164085388, -17.8514022827, -12.9565448761, -25.3938579559, -9.89887428284, -5.81509923935, 4.26799440384],
        "cov": [[1857.99645996, -69.0129470825, -780.040771484, -47.8123893738, 272.704315186, -141.652511597, -35.0042877197, 108.809440613, 67.9672164917, 21.5511226654, 18.2529792786, 76.330368042, 27.6066665649], [-69.0129470825, 265.440826416, 59.8342857361, 50.4329147339, 141.417816162, -9.06581115723, 61.4372596741, -16.7369480133, 52.8384361267, -65.4627838135, 28.3578510284, -19.1658420563, 13.7667722702], [-780.040771484, 59.8342857361, 825.424804688, 206.634246826, -98.1126937866, 181.906570435, 39.9213867188, -19.5918197632, -39.9964103699, 7.0433011055, -17.7216892242, -23.5801544189, -28.239238739], [-47.8123893738, 50.4329147339, 206.634246826, 250.277038574, 119.036193848, 83.1304092407, 25.1492881775, 5.38785266876, 31.1353530884, -18.7264652252, -17.3372459412, -18.4044742584, -11.9541969299], [272.704315186, 141.417816162, -98.1126937866, 119.036193848, 278.648254395, 11.5876998901, -2.43165063858, 19.252155304, 57.4739265442, -32.5597496033, -14.9536104202, 4.62378311157, 11.7966756821], [-141.652511597, -9.06581115723, 181.906570435, 83.1304092407, 11.5876998901, 136.8228302, 10.7806797028, 21.6686935425, 8.74806499481, 15.8108654022, -12.7377977371, -10.3205318451, -11.6463632584], [-35.0042877197, 61.4372596741, 39.9213867188, 25.1492881775, -2.43165063858, 10.7806797028, 89.9655914307, 23.733921051, 7.84475374222, -8.95681095123, 21.332151413, 5.73933601379, -25.2500724792], [108.809440613, -16.7369480133, -19.5918197632, 5.38785266876, 19.252155304, 21.6686935425, 23.733921051, 95.3945999146, 12.5116710663, 4.284678936, 6.7057967186, 24.1004734039, -12.1948080063], [67.9672164917, 52.8384361267, -39.9964103699, 31.1353530884, 57.4739265442, 8.74806499481, 7.84475374222, 12.5116710663, 72.4241027832, -1.66224694252, 2.9564666748, 3.4547533989, 15.0099639893], [21.5511226654, -65.4627838135, 7.0433011055, -18.7264652252, -32.5597496033, 15.8108654022, -8.95681095123, 4.284678936, -1.66224694252, 82.3908615112, 2.30290484428, -5.24005937576, -0.781882166862], [18.2529792786, 28.3578510284, -17.7216892242, -17.3372459412, -14.9536104202, -12.7377977371, 21.332151413, 6.7057967186, 2.9564666748, 2.30290484428, 78.0862808228, 27.3279762268, 6.26831865311], [76.330368042, -19.1658420563, -23.5801544189, -18.4044742584, 4.62378311157, -10.3205318451, 5.73933601379, 24.1004734039, 3.4547533989, -5.24005937576, 27.3279762268, 80.2906341553, 10.6113414764], [27.6066665649, 13.7667722702, -28.239238739, -11.9541969299, 11.7966756821, -11.6463632584, -25.2500724792, -12.1948080063, 15.0099639893, -0.781882166862, 6.26831865311, 10.6113414764, 63.8997802734]],
        "icov": [[0.0011953379726, 0.000446062767878, 0.000985493767075, -0.000500022491906, -0.000891793752089, 0.000470570666948, -4.00990429625e-05, -0.000861055625137, 0.000162740863743, -0.000581120839342, -0.000155809670105, -0.000453323562397, -0.000155090572662], [0.000446062767878, 0.0311346799135, -0.009610616602, 0.0154199879616, -0.0227760579437, 0.00672649592161, -0.0215917024761, 0.00756904250011, -0.0150545844808, 0.0169551298022, -0.0132573647425, 0.0164395924658, -0.0076054786332], [0.000985493767075, -0.009610616602, 0.00668418360874, -0.00777060445398, 0.00824603904039, -0.00425135856494, 0.00626727007329, -0.00233481195755, 0.00640408229083, -0.00572366267443, 0.00437088729814, -0.00620639650151, 0.00190631987061], [-0.000500022491906, 0.0154199879616, -0.00777060445398, 0.0171850025654, -0.015203461051, 0.00124243996106, -0.0120143434033, 0.00491086021066, -0.00950468331575, 0.00973147340119, -0.00642513902858, 0.00982799381018, -0.00275240303017], [-0.000891793752089, -0.0227760579437, 0.00824603904039, -0.015203461051, 0.0238053817302, -0.00544381467625, 0.0165589898825, -0.00567439384758, 0.00836418196559, -0.0103499824181, 0.0105665018782, -0.0125111555681, 0.00511533673853], [0.000470570666948, 0.00672649592161, -0.00425135856494, 0.00124243996106, -0.00544381467625, 0.0144893797114, -0.00377180567011, -0.00202502473257, -0.00481919292361, 0.000854655459989, -0.00199464382604, 0.00430992431939, -0.000907488458324], [-4.00990429625e-05, -0.0215917024761, 0.00626727007329, -0.0120143434033, 0.0165589898825, -0.00377180567011, 0.0307948086411, -0.0085082994774, 0.00760432658717, -0.0099231293425, 0.00445476174355, -0.0111252916977, 0.0114944437519], [-0.000861055625137, 0.00756904250011, -0.00233481195755, 0.00491086021066, -0.00567439384758, -0.00202502473257, -0.0085082994774, 0.0165170002729, -0.00523685663939, 0.00388775393367, -0.00247116247192, 2.12766663026e-05, 0.000613335461821], [0.000162740863743, -0.0150545844808, 0.00640408229083, -0.00950468331575, 0.00836418196559, -0.00481919292361, 0.00760432658717, -0.00523685663939, 0.0265742875636, -0.00952434074134, 0.00608228240162, -0.00770744308829, -0.00186742155347], [-0.000581120839342, 0.0169551298022, -0.00572366267443, 0.00973147340119, -0.0103499824181, 0.000854655459989, -0.0099231293425, 0.00388775393367, -0.00952434074134, 0.0236152596772, -0.00841104704887, 0.0106936786324, -0.00364792509936], [-0.000155809670105, -0.0132573647425, 0.00437088729814, -0.00642513902858, 0.0105665018782, -0.00199464382604, 0.00445476174355, -0.00247116247192, 0.00608228240162, -0.00841104704887, 0.022093815729, -0.0121017582715, 0.000938296725508], [-0.000453323562397, 0.0164395924658, -0.00620639650151, 0.00982799381018, -0.0125111555681, 0.00430992431939, -0.0111252916977, 2.12766663026e-05, -0.00770744308829, 0.0106936786324, -0.0121017582715, 0.0253274254501, -0.00662450073287], [-0.000155090572662, -0.0076054786332, 0.00190631987061, -0.00275240303017, 0.00511533673853, -0.000907488458324, 0.0114944437519, 0.000613335461821, -0.00186742155347, -0.00364792509936, 0.000938296725508, -0.00662450073287, 0.0226340033114]]
    },
    "melbands": {
        "dmean": [4.0247789002e-05, 0.000254504615441, 0.000172600819496, 0.000551446923055, 0.000560429063626, 0.000576295191422, 0.000161999676493, 5.59159743716e-05, 7.5832605944e-05, 4.77240064356e-05, 6.24615786364e-05, 2.47585103352e-05, 1.64545745065e-05, 1.19442238429e-05, 5.85162888456e-06, 2.67105747298e-06, 4.94129608342e-06, 1.41736541082e-06, 1.20082540889e-06, 5.73227964651e-07, 2.941815751e-07, 1.54790498641e-07, 9.99219764708e-08, 5.23515737427e-08, 1.20428964578e-08, 3.16684545254e-09, 2.09294293008e-09, 1.04129826983e-09, 8.44167957759e-10, 5.93476157107e-10, 8.57418636091e-10, 5.0393228479e-10, 4.13501455299e-10, 4.94473739732e-10, 3.65118768553e-10, 3.24468146795e-10, 2.75287320717e-10, 2.53010029594e-10, 3.04414798924e-10, 3.22828680455e-10],
        "dmean2": [6.01504070801e-05, 0.000377788732294, 0.000264761998551, 0.00084388605319, 0.000863171590026, 0.000735617126338, 0.000209112971788, 8.51004078868e-05, 0.000113825873996, 7.99573899712e-05, 8.57297418406e-05, 3.4150943975e-05, 2.38324919337e-05, 1.76065950654e-05, 8.51722779771e-06, 3.60359149454e-06, 7.71089889895e-06, 2.25403323384e-06, 1.75344666786e-06, 8.68508152507e-07, 4.5849466801e-07, 2.52312474913e-07, 1.34341689773e-07, 7.02238764916e-08, 1.87190192236e-08, 4.78630735046e-09, 3.17672244066e-09, 1.48371503972e-09, 1.21100263151e-09, 9.1290797144e-10, 1.33381361511e-09, 8.38145330917e-10, 6.01758587404e-10, 7.54407258885e-10, 5.83585957337e-10, 5.06958919289e-10, 4.37217428928e-10, 3.94756283217e-10, 4.83626916292e-10, 5.13624254239e-10],
        "dvar": [4.84688422731e-09, 1.4472185228e-07, 7.56425748705e-08, 7.25887275621e-07, 4.48666725106e-07, 1.46248214605e-06, 1.61215126582e-07, 1.49990327714e-07, 3.60924907739e-08, 2.83718453176e-08, 3.34948460079e-08, 7.80816655777e-09, 3.6684180138e-09, 1.6154435567e-09, 3.15359988123e-10, 7.7915660035e-11, 3.21339038711e-10, 1.5549469698e-11, 7.22521608515e-12, 4.29719020784e-12, 4.66414504675e-13, 1.21752068605e-13, 9.71934189489e-14, 2.72499596266e-14, 3.59163399569e-15, 2.30383803109e-16, 1.25328556593e-16, 5.19526433971e-17, 1.91614436752e-17, 7.79137879858e-18, 2.18966933872e-17, 2.28859732757e-17, 8.53857849052e-18, 7.02116197891e-18, 2.34792156305e-18, 1.68458826585e-18, 1.02700232293e-18, 1.38379809816e-18, 2.00946283104e-18, 1.1728995088e-18],
        "dvar2": [1.03473523083e-08, 2.87711372948e-07, 1.50739467131e-07, 1.61390482845e-06, 1.07908090285e-06, 2.14514875552e-06, 2.61233424226e-07, 2.76519898534e-07, 8.78457271369e-08, 7.77464848056e-08, 6.41557278414e-08, 1.41098448481e-08, 8.57404547361e-09, 3.77659992168e-09, 6.49943432407e-10, 1.38246095127e-10, 7.78151099112e-10, 3.58661954303e-11, 1.53560358873e-11, 7.9613182366e-12, 1.02878209424e-12, 3.05610625782e-13, 1.55635297401e-13, 4.5631552058e-14, 9.45253701972e-15, 3.64662877446e-16, 2.25461429955e-16, 5.84405021828e-17, 2.44096316922e-17, 9.76478358595e-18, 4.88216655169e-17, 6.03365258782e-17, 1.05655324692e-17, 1.12649368382e-17, 3.81797784869e-18, 2.79431288934e-18, 1.54466528856e-18, 1.88009964145e-18, 2.83057028354e-18, 1.82784560818e-18],
        "max": [0.00111208017915, 0.00715137366205, 0.00507412245497, 0.0176323130727, 0.00893154833466, 0.0211738850921, 0.00667913304642, 0.013657563366, 0.00417360477149, 0.00230728811584, 0.00376217486337, 0.0024160456378, 0.00124059198424, 0.000589397212025, 0.000256729603279, 0.000165513542015, 0.000276998907793, 7.43759374018e-05, 4.04682250519e-05, 4.78005131299e-05, 1.10782511911e-05, 5.5486502788e-06, 7.05358343112e-06, 3.16474097417e-06, 1.42011072057e-06, 4.11633379827e-07, 2.68770207867e-07, 2.40118993133e-07, 1.32205855152e-07, 7.81182336596e-08, 8.69329781494e-08, 1.18387724513e-07, 9.07127031269e-08, 7.13105166028e-08, 3.90294907504e-08, 3.06711598341e-08, 2.55344723143e-08, 3.53124001151e-08, 4.29731343843e-08, 2.95589543953e-08],
        "mean": [0.000103717313323, 0.000754622160457, 0.000421220203862, 0.00134345912375, 0.00147039303556, 0.00161674735136, 0.00047721734154, 0.000216038839426, 0.000242856287514, 0.000146595266415, 0.000306037516566, 0.000142880788189, 8.69686191436e-05, 3.69276131096e-05, 1.67930793395e-05, 6.1758796619e-06, 8.14349004941e-06, 3.25217479258e-06, 4.05927085012e-06, 1.61955551903e-06, 8.10684866792e-07, 3.47953317714e-07, 3.10706923301e-07, 1.52757337446e-07, 2.23726868143e-08, 5.18985832088e-09, 4.10190637012e-09, 1.98508187665e-09, 1.45398737494e-09, 9.80589276445e-10, 1.49207146638e-09, 5.93079640954e-10, 6.0975163807e-10, 6.6374478136e-10, 5.37649091914e-10, 4.57655469077e-10, 3.62397972742e-10, 3.26815796647e-10, 3.17470327804e-10, 3.30209470878e-10],
        "median": [2.67516734311e-05, 0.000260056112893, 0.000251616555033, 0.000803793314844, 0.00107577687595, 0.000965769810136, 0.000166979487403, 7.17630391591e-05, 0.000129532723804, 7.98676264822e-05, 0.000103393882455, 2.59605858446e-05, 2.56307739619e-05, 1.36704547913e-05, 6.612350262e-06, 1.40383986036e-06, 1.58344437295e-06, 6.2339950091e-07, 9.19323099424e-07, 2.65715101477e-07, 2.16971869804e-07, 5.85161892275e-08, 4.71181103023e-08, 1.56278865404e-08, 3.28785110248e-09, 1.47333711897e-09, 8.0131584701e-10, 5.86953818882e-10, 5.14198517099e-10, 4.31987001726e-10, 3.64712177126e-10, 2.5011837046e-10, 2.70500483124e-10, 3.17463111354e-10, 3.03322561512e-10, 2.48001480463e-10, 1.95083754706e-10, 1.74968095568e-10, 1.13598880302e-10, 1.27322929977e-10],
