{
"highlevel": {
    "danceability": {
        "all": {
            "danceable": 0.00352516816929,
            "not_danceable": 0.996474802494
        },
        "probability": 0.996474802494,
        "value": "not_danceable"
    },
    "gender": {
        "all": {
            "female": 0.0728331208229,
            "male": 0.927166879177
        },
        "probability": 0.927166879177,
        "value": "male"
    },
    "genre_dortmund": {
        "all": {
            "alternative": 0.114684149623,
            "blues": 0.0397992022336,
            "electronic": 0.0100506236777,
            "folkcountry": 0.040767647326,
            "funksoulrnb": 0.00760509306565,
            "jazz": 0.003869762877,
            "pop": 0.041277255863,
            "raphiphop": 0.00153009034693,
            "rock": 0.740416169167
        },
        "probability": 0.740416169167,
        "value": "rock"
    },
    "genre_electronic": {
        "all": {
            "ambient": 0.258175581694,
            "dnb": 0.473303347826,
            "house": 0.0234146062285,
            "techno": 0.0163055956364,
            "trance": 0.228800877929
        },
        "probability": 0.473303347826,
        "value": "dnb"
    },
    "genre_rosamerica": {
        "all": {
            "cla": 0.000416052062064,
            "dan": 3.66730200767e-05,
            "hip": 2.59130611084e-05,
            "jaz": 2.233487794e-05,
            "pop": 0.000198343623197,
            "rhy": 1.93137002498e-05,
            "roc": 0.999270796776,
            "spe": 1.05702993096e-05
        },
        "probability": 0.999270796776,
        "value": "roc"
    },
    "genre_tzanetakis": {
        "all": {
            "blu": 0.0626541376114,
            "cla": 0.0348133966327,
            "cou": 0.0783501937985,
            "dis": 0.104547761381,
            "hip": 0.15693578124,
            "jaz": 0.313987255096,
            "met": 0.044816005975,
            "pop": 0.0627349764109,
            "reg": 0.0627352520823,
            "roc": 0.0784252434969
        },
        "probability": 0.313987255096,
        "value": "jaz"
    },
    "ismir04_rhythm": {
        "all": {
            "ChaChaCha": 0.0184515956789,
            "Jive": 0.895079672337,
            "Quickstep": 0.0488609410822,
            "Rumba-American": 0.00137450976763,
            "Rumba-International": 0.00114194944035,
            "Rumba-Misc": 0.000389089982491,
            "Samba": 0.0275039095432,
            "Tango": 0.00116936536506,
            "VienneseWaltz": 0.00542473467067,
            "Waltz": 0.000604223110713
        },
        "probability": 0.895079672337,
        "value": "Jive"
    },
    "mood_acoustic": {
        "all": {
            "acoustic": 0.00957296043634,
            "not_acoustic": 0.990427017212
        },
        "probability": 0.990427017212,
        "value": "not_acoustic"
    },
    "mood_aggressive": {
        "all": {
            "aggressive": 0.997914731503,
            "not_aggressive": 0.00208529364318
        },
        "probability": 0.997914731503,
        "value": "aggressive"
    },
    "mood_electronic": {
        "all": {
            "electronic": 0.0622757971287,
            "not_electronic": 0.937724232674
        },
        "probability": 0.937724232674,
        "value": "not_electronic"
    },
    "mood_happy": {
        "all": {
            "happy": 0.838306844234,
            "not_happy": 0.161693170667
        },
        "probability": 0.838306844234,
        "value": "happy"
    },
    "mood_party": {
        "all": {
            "not_party": 0.407712042332,
            "party": 0.592287957668
        },
        "probability": 0.592287957668,
        "value": "party"
    },
    "mood_relaxed": {
        "all": {
            "not_relaxed": 0.983731627464,
            "relaxed": 0.0162683669478
        },
        "probability": 0.983731627464,
        "value": "not_relaxed"
    },
    "mood_sad": {
        "all": {
            "not_sad": 0.972574532032,
            "sad": 0.0274254530668
        },
        "probability": 0.972574532032,
        "value": "not_sad"
    },
    "moods_mirex": {
        "all": {
            "Cluster1": 0.520876526833,
            "Cluster2": 0.0656757056713,
            "Cluster3": 0.0672370716929,
            "Cluster4": 0.0747132524848,
            "Cluster5": 0.27149745822
        },
        "probability": 0.520876526833,
        "value": "Cluster1"
    },
    "timbre": {
        "all": {
            "bright": 0.932374298573,
            "dark": 0.0676257312298
        },
        "probability": 0.932374298573,
        "value": "bright"
    },
    "tonal_atonal": {
        "all": {
            "atonal": 0.0537215583026,
            "tonal": 0.946278452873
        },
        "probability": 0.946278452873,
        "value": "tonal"
    },
    "voice_instrumental": {
        "all": {
            "instrumental": 0.000310436065774,
            "voice": 0.99968957901
        },
        "probability": 0.99968957901,
        "value": "voice"
    }
},
"lowlevel": {
    "average_loudness": 0.984049618244,
    "barkbands_crest": {
        "dmean": 2.57729673386,
        "dmean2": 4.36374378204,
        "dvar": 4.84756565094,
        "dvar2": 13.2818517685,
        "max": 18.7616996765,
        "mean": 7.35747766495,
        "median": 6.81361818314,
        "min": 2.39533686638,
        "var": 7.87479305267
    },
    "barkbands_flatness_db": {
        "dmean": 0.015854915604,
        "dmean2": 0.0251624882221,
        "dvar": 0.000171741223312,
        "dvar2": 0.000407010433264,
        "max": 0.170830205083,
        "mean": 0.0952535495162,
        "median": 0.0950084403157,
        "min": 0.0309367142618,
        "var": 0.000573290570173
    },
    "barkbands_kurtosis": {
        "dmean": 0.949184060097,
        "dmean2": 1.52104723454,
        "dvar": 1.38750338554,
        "dvar2": 3.44442939758,
        "max": 13.9074630737,
        "mean": 0.0640603378415,
        "median": -0.396678209305,
        "min": -1.64879131317,
        "var": 2.3611240387
    },
    "barkbands_skewness": {
        "dmean": 0.425638586283,
        "dmean2": 0.679613113403,
        "dvar": 0.150103628635,
        "dvar2": 0.368731826544,
        "max": 3.72665309906,
        "mean": 0.765256762505,
        "median": 0.726411759853,
        "min": -0.845466554165,
        "var": 0.416950464249
    },
    "barkbands_spread": {
        "dmean": 6.04667711258,
        "dmean2": 9.38078594208,
        "dvar": 29.9825763702,
        "dvar2": 68.0554428101,
        "max": 73.6109161377,
        "mean": 31.4961242676,
        "median": 29.8231487274,
        "min": 9.28022956848,
        "var": 101.212135315
    },
    "dissonance": {
        "dmean": 0.0113377450034,
        "dmean2": 0.0191154628992,
        "dvar": 0.000123759265989,
        "dvar2": 0.000335390563123,
        "max": 0.499286234379,
        "mean": 0.479013025761,
        "median": 0.483119904995,
        "min": 0.397047072649,
        "var": 0.000237456741161
    },
    "dynamic_complexity": 1.26872563362,
    "erbbands_crest": {
        "dmean": 2.50614571571,
        "dmean2": 4.11883974075,
        "dvar": 5.02345657349,
        "dvar2": 13.3654508591,
        "max": 25.1667137146,
        "mean": 7.7059340477,
        "median": 7.01455879211,
        "min": 2.41176772118,
        "var": 11.0499582291
    },
    "erbbands_flatness_db": {
        "dmean": 0.0164146311581,
        "dmean2": 0.0244347900152,
        "dvar": 0.000205651827855,
        "dvar2": 0.000447903847089,
        "max": 0.24940572679,
        "mean": 0.140759810805,
        "median": 0.138283714652,
        "min": 0.0663459077477,
        "var": 0.000843080342747
    },
    "erbbands_kurtosis": {
        "dmean": 0.727341353893,
        "dmean2": 1.16532742977,
        "dvar": 0.644608199596,
        "dvar2": 1.56297576427,
        "max": 8.89607715607,
        "mean": 0.21559689939,
        "median": -0.0973331928253,
        "min": -1.51793515682,
        "var": 1.4789352417
    },
    "erbbands_skewness": {
        "dmean": 0.294649004936,
        "dmean2": 0.445283800364,
        "dvar": 0.0571778528392,
        "dvar2": 0.134925886989,
        "max": 1.63519895077,
        "mean": -0.209729075432,
        "median": -0.232655197382,
        "min": -2.17599439621,
        "var": 0.265295594931
    },
    "erbbands_spread": {
        "dmean": 7.33158540726,
        "dmean2": 11.4249238968,
        "dvar": 44.7420349121,
        "dvar2": 102.926994324,
        "max": 107.402511597,
        "mean": 35.3186683655,
        "median": 34.0749320984,
        "min": 7.15810537338,
        "var": 164.577163696
    },
    "hfc": {
        "dmean": 7.91566467285,
        "dmean2": 11.5022621155,
        "dvar": 52.4659729004,
        "dvar2": 109.906929016,
        "max": 88.2966537476,
        "mean": 37.1307907104,
        "median": 35.8949432373,
        "min": 8.34605312347,
        "var": 194.364990234
    },
    "melbands_crest": {
        "dmean": 3.82195878029,
        "dmean2": 6.27359771729,
        "dvar": 10.8035383224,
        "dvar2": 29.5245056152,
        "max": 28.2786960602,
        "mean": 11.8875465393,
        "median": 11.1488599777,
        "min": 3.57343530655,
        "var": 20.9667892456
    },
    "melbands_flatness_db": {
        "dmean": 0.0224073212594,
        "dmean2": 0.0352565869689,
        "dvar": 0.000425465696026,
        "dvar2": 0.00100200797897,
        "max": 0.253284335136,
        "mean": 0.13586319983,
        "median": 0.136546030641,
        "min": 0.0403677970171,
        "var": 0.00132384058088
    },
    "melbands_kurtosis": {
        "dmean": 3.13170433044,
        "dmean2": 5.05660152435,
        "dvar": 17.9085903168,
        "dvar2": 45.0669059753,
        "max": 60.6147613525,
        "mean": 4.41885519028,
        "median": 2.98802185059,
        "min": -1.58585131168,
        "var": 29.7621879578
    },
    "melbands_skewness": {
        "dmean": 0.603889286518,
        "dmean2": 0.946438074112,
        "dvar": 0.330006659031,
        "dvar2": 0.819609284401,
        "max": 7.01425409317,
        "mean": 1.82989060879,
        "median": 1.73237061501,
        "min": -0.338426619768,
        "var": 0.946095407009
    },
    "melbands_spread": {
        "dmean": 9.37722492218,
        "dmean2": 14.8231554031,
        "dvar": 77.4323272705,
        "dvar2": 200.208709717,
        "max": 95.9925765991,
        "mean": 36.8312110901,
        "median": 35.0444068909,
        "min": 7.13435125351,
        "var": 204.693908691
    },
    "pitch_salience": {
        "dmean": 0.0723417848349,
        "dmean2": 0.119708321989,
        "dvar": 0.00359788024798,
        "dvar2": 0.00972285028547,
        "max": 0.807119131088,
        "mean": 0.614859342575,
        "median": 0.622145354748,
        "min": 0.321099996567,
        "var": 0.006987944711
    },
    "silence_rate_20dB": {
        "dmean": 0,
        "dmean2": 0,
        "dvar": 0,
        "dvar2": 0,
        "max": 1,
        "mean": 1,
        "median": 1,
        "min": 1,
        "var": 0
    },
    "silence_rate_30dB": {
        "dmean": 0,
        "dmean2": 0,
        "dvar": 0,
        "dvar2": 0,
        "max": 1,
        "mean": 1,
        "median": 1,
        "min": 1,
        "var": 0
    },
    "silence_rate_60dB": {
        "dmean": 0,
        "dmean2": 0,
        "dvar": 0,
        "dvar2": 0,
        "max": 0,
        "mean": 0,
        "median": 0,
        "min": 0,
        "var": 0
    },
    "spectral_centroid": {
        "dmean": 256.540863037,
        "dmean2": 408.805664062,
        "dvar": 56417.5234375,
        "dvar2": 146700.328125,
        "max": 3237.69165039,
        "mean": 1776.47155762,
        "median": 1745.60168457,
        "min": 822.513916016,
        "var": 172605.890625
    },
    "spectral_complexity": {
        "dmean": 4.65866851807,
        "dmean2": 6.97056531906,
        "dvar": 15.2913208008,
        "dvar2": 33.5251121521,
        "max": 57,
        "mean": 35.8801231384,
        "median": 36,
        "min": 14,
        "var": 44.7088012695
    },
    "spectral_decrease": {
        "dmean": 2.37583730467e-09,
        "dmean2": 3.61343821531e-09,
        "dvar": 5.15241208264e-18,
        "dvar2": 1.21941931927e-17,
        "max": -7.49737716355e-10,
        "mean": -8.69612915011e-09,
        "median": -8.50617709602e-09,
        "min": -1.95254781232e-08,
        "var": 1.10309208254e-17
    },
    "spectral_energy": {
        "dmean": 0.00934151932597,
        "dmean2": 0.0140130631626,
        "dvar": 7.60023394832e-05,
        "dvar2": 0.00018040156283,
        "max": 0.0788371413946,
        "mean": 0.0361890308559,
        "median": 0.0357170775533,
        "min": 0.00358670041896,
        "var": 0.000171119201696
    },
    "spectral_energyband_high": {
        "dmean": 0.000506508920807,
        "dmean2": 0.00074012571713,
        "dvar": 4.50377598327e-07,
        "dvar2": 9.15907492072e-07,
        "max": 0.00755054084584,
        "mean": 0.00143412337638,
        "median": 0.00104242877569,
        "min": 0.00012318334484,
        "var": 1.23094116589e-06
    },
    "spectral_energyband_low": {
        "dmean": 0.00502630183473,
        "dmean2": 0.0080482410267,
        "dvar": 5.57571620448e-05,
        "dvar2": 0.000120724980661,
        "max": 0.061014238745,
        "mean": 0.00875935517251,
        "median": 0.00538280187175,
        "min": 4.82283539895e-05,
        "var": 8.72603195603e-05
    },
    "spectral_energyband_middle_high": {
        "dmean": 0.0033603918273,
        "dmean2": 0.0051699350588,
        "dvar": 1.25083124658e-05,
        "dvar2": 2.79036248685e-05,
        "max": 0.0414029955864,
        "mean": 0.011686517857,
        "median": 0.0102066071704,
        "min": 0.00123596179765,
        "var": 4.34953726653e-05
    },
    "spectral_energyband_middle_low": {
        "dmean": 0.00605293549597,
        "dmean2": 0.0100412815809,
        "dvar": 4.92423132528e-05,
        "dvar2": 0.000129701424157,
        "max": 0.0530810952187,
        "mean": 0.0154542373493,
        "median": 0.0139081245288,
        "min": 0.000692272558808,
        "var": 8.32254445413e-05
    },
    "spectral_entropy": {
        "dmean": 0.0963445082307,
        "dmean2": 0.143311962485,
        "dvar": 0.00658362917602,
        "dvar2": 0.0143184931949,
        "max": 8.36944675446,
        "mean": 7.89302921295,
        "median": 7.88982105255,
        "min": 7.29585981369,
        "var": 0.0339658521116
    },
    "spectral_flux": {
        "dmean": 0.0253555011004,
        "dmean2": 0.0388315543532,
        "dvar": 0.000545318995137,
        "dvar2": 0.00111690862104,
        "max": 0.251788526773,
        "mean": 0.120053909719,
        "median": 0.115135751665,
        "min": 0.0374961271882,
        "var": 0.00125228252728
    },
    "spectral_kurtosis": {
        "dmean": 0.949193239212,
        "dmean2": 1.5437489748,
        "dvar": 0.739606201649,
        "dvar2": 1.97081756592,
        "max": 11.1796178818,
        "mean": 3.75233411789,
        "median": 3.57142972946,
        "min": 0.0721731185913,
        "var": 2.12549638748
    },
    "spectral_rms": {
        "dmean": 0.000760420574807,
        "dmean2": 0.00112819613423,
        "dvar": 4.67775322477e-07,
        "dvar2": 1.09379357127e-06,
        "max": 0.00877007935196,
        "mean": 0.00583614874631,
        "median": 0.00590304424986,
        "min": 0.00187062018085,
        "var": 1.24578980376e-06
    },
    "spectral_rolloff": {
        "dmean": 525.946960449,
        "dmean2": 839.429016113,
        "dvar": 404066.8125,
        "dvar2": 896415.125,
        "max": 6869.09179688,
        "mean": 2117.2487793,
        "median": 2045.65429688,
        "min": 129.19921875,
        "var": 889412.375
    },
    "spectral_skewness": {
        "dmean": 0.152499094605,
        "dmean2": 0.238682851195,
        "dvar": 0.0162096843123,
        "dvar2": 0.0399692617357,
        "max": 2.21112465858,
        "mean": 1.36684000492,
        "median": 1.37000787258,
        "min": 0.67602699995,
        "var": 0.054515529424
    },
    "spectral_spread": {
        "dmean": 430729.25,
        "dmean2": 638574.5,
        "dvar": 197645123584,
        "dvar2": 417900855296,
        "max": 8664170,
        "mean": 4214865,
        "median": 4111986.25,
        "min": 2331113,
        "var": 691344834560
    },
    "spectral_strongpeak": {
        "dmean": 0.862995266914,
        "dmean2": 1.51768791676,
        "dvar": 1.67048919201,
        "dvar2": 4.37542533875,
        "max": 11.2237901688,
        "mean": 1.09876728058,
        "median": 0.566161215305,
        "min": 0,
        "var": 1.9496229887
    },
    "zerocrossingrate": {
        "dmean": 0.0105656953529,
        "dmean2": 0.0126782925799,
        "dvar": 9.19681042433e-05,
        "dvar2": 0.000128307772684,
        "max": 0.16748046875,
        "mean": 0.0768085643649,
        "median": 0.072265625,
        "min": 0.02734375,
        "var": 0.000575537793338
    },
    "barkbands": {
        "dmean": [0.000906581117306, 0.00349538656883, 0.00191751762759, 0.00202169665135, 0.00311974366195, 0.00120270962361, 0.00145760132, 0.00140956463292, 0.00127402564976, 0.000775395543315, 0.000578719598707, 0.000683080172166, 0.000955046678428, 0.00100073416252, 0.00105788058136, 0.000756866647862, 0.000516036176123, 0.000375950912712, 0.000259945576545, 0.000207579869311, 0.000142204124131, 0.000144273624755, 8.78566424944e-05, 9.83780773822e-05, 5.09575729666e-05, 6.96381466696e-05, 5.73515599456e-08],
        "dmean2": [0.00155695551075, 0.00574188819155, 0.00340862735175, 0.00345238856971, 0.00534888543189, 0.00195091962814, 0.00231805327348, 0.00222722557373, 0.00206782552414, 0.00124779273756, 0.000921765167732, 0.00109300517943, 0.00155861629173, 0.00154763984028, 0.00170674058609, 0.00126746762544, 0.000828520976938, 0.00062183762202, 0.000439152674517, 0.000328942667693, 0.000221981870709, 0.000224807110499, 0.000129672072944, 0.000147994665895, 7.79794791015e-05, 0.000118998759717, 9.89510766658e-08],
        "dvar": [2.93452558253e-06, 3.17693557008e-05, 1.21821531138e-05, 7.21605465515e-06, 2.22628950723e-05, 3.73669149667e-06, 6.24025688012e-06, 6.18294188826e-06, 4.92407934871e-06, 1.76187529632e-06, 1.58368482062e-06, 2.177059514e-06, 2.92427830573e-06, 3.48535081685e-06, 2.73438263321e-06, 1.12047246148e-06, 3.36583383387e-07, 1.7465706037e-07, 6.61752750375e-08, 4.87534883575e-08, 2.94544388879e-08, 3.75796602725e-08, 2.22200906563e-08, 2.18157083509e-08, 9.25724830125e-09, 1.74362462246e-08, 3.15714116092e-14],
        "dvar2": [8.23909158498e-06, 7.70013357396e-05, 3.43161773344e-05, 1.96804303414e-05, 6.07410729572e-05, 8.95936500456e-06, 1.43569986903e-05, 1.414376311e-05, 1.2833310393e-05, 4.12614008383e-06, 3.82861662729e-06, 5.15584997629e-06, 7.17577631804e-06, 8.08920594864e-06, 6.35132983007e-06, 2.79988421426e-06, 8.11704239823e-07, 4.5927012593e-07, 1.77541394919e-07, 1.20617897892e-07, 6.76506388686e-08, 8.54380246551e-08, 4.25211119648e-08, 4.49458283924e-08, 2.30997923012e-08, 4.76587231901e-08, 6.65025421342e-14],
        "max": [0.0133507866412, 0.0394665673375, 0.0321012400091, 0.0232743229717, 0.0347190499306, 0.0226396396756, 0.0249320231378, 0.0260300450027, 0.0286923348904, 0.0162495449185, 0.0224518999457, 0.0225032828748, 0.020120959729, 0.0252013504505, 0.0246029086411, 0.0164161734283, 0.00825681257993, 0.00429408717901, 0.00299095897935, 0.00216663721949, 0.00198244745843, 0.00282264524139, 0.00219790847041, 0.00224617193453, 0.00152209494263, 0.00138410716318, 3.72267095372e-06],
        "mean": [0.000896457175259, 0.00430598575622, 0.00259399740025, 0.00303959753364, 0.00451591750607, 0.00172233290505, 0.00211412692443, 0.00189418566879, 0.00180239963811, 0.00120375747792, 0.000807323725894, 0.000951666210312, 0.00137605960481, 0.00148136890493, 0.00177471118513, 0.00143140787259, 0.00114345888142, 0.000790839316323, 0.000634761352558, 0.000486745819217, 0.000350961956428, 0.00029832997825, 0.000201717513846, 0.000200646056328, 9.70116452663e-05, 7.32687331038e-05, 4.4765059215e-08],
        "median": [0.000150749852764, 0.00183070055209, 0.00128615426365, 0.00193668866996, 0.00305422651581, 0.000931920774747, 0.000809870427474, 0.000581859145314, 0.000862085726112, 0.000604530621786, 0.000407773040934, 0.000466975558084, 0.00070796959335, 0.0006015652325, 0.00107168825343, 0.00101738935336, 0.000778328452725, 0.000674722949043, 0.000562609464396, 0.000412866385886, 0.00026791729033, 0.000204691503313, 0.000127401392092, 0.00011822473607, 5.24078459421e-05, 3.57548160537e-05, 6.38269481712e-09],
        "min": [3.105203632e-07, 1.13799596875e-05, 3.67698248738e-06, 9.16240787774e-06, 4.50917941635e-05, 3.78738877771e-05, 4.19660391344e-05, 1.65181263583e-05, 5.02196089656e-05, 2.07979428524e-05, 9.27782821236e-06, 7.25356676412e-06, 2.99348357657e-05, 3.48726243828e-05, 6.132011913e-05, 7.80630580266e-05, 6.17530677118e-05, 7.06189312041e-05, 9.17084762477e-05, 7.13242698112e-05, 3.43051542586e-05, 1.74371216417e-05, 4.31331227446e-06, 3.69261897504e-06, 5.02722627971e-07, 8.91519247315e-10, 6.13405073263e-12],
        "var": [3.16323234983e-06, 4.03089470637e-05, 1.26466775328e-05, 1.03072325146e-05, 2.19058038056e-05, 5.82069242228e-06, 1.14173071779e-05, 1.099140718e-05, 7.09376035957e-06, 3.20154026667e-06, 1.9807444005e-06, 2.84254588223e-06, 4.62980824523e-06, 6.00382918492e-06, 4.82160839965e-06, 1.93499181478e-06, 1.16755802537e-06, 2.6901116712e-07, 1.14574227439e-07, 9.28367711595e-08, 6.3979065601e-08, 7.49986739379e-08, 5.13415692183e-08, 5.26199777084e-08, 1.44705500915e-08, 1.42821621196e-08, 2.56605395705e-14]
    },
    "erbbands": {
        "dmean": [0.155092611909, 0.696097552776, 1.95603263378, 4.20779037476, 12.2072238922, 8.75639724731, 8.01657104492, 11.1091766357, 19.6015300751, 24.7737617493, 30.4684085846, 30.3274784088, 21.0491008759, 22.3670692444, 26.1582489014, 27.6272277832, 37.1049079895, 43.2376556396, 59.4884643555, 44.4083900452, 34.9942359924, 25.0608577728, 22.6171875, 12.9823932648, 13.5532617569, 9.28867530823, 5.98199415207, 5.48601579666, 4.80423402786, 4.54380512238, 2.46287107468, 2.77526974678, 1.16432285309, 0.661999821663, 0.348562151194, 0.162767350674, 0.210520341992, 0.0104784388095, 0.000205397052923, 1.80607239599e-05],
        "dmean2": [0.25493991375, 1.20626294613, 3.46071219444, 7.22276973724, 21.2186031342, 14.9224405289, 13.4243421555, 18.0195865631, 30.8966789246, 39.6727371216, 46.6169319153, 49.4782295227, 33.855052948, 36.2044563293, 42.1307907104, 42.9733428955, 59.7747612, 66.8699645996, 94.6527252197, 70.6716842651, 58.1899681091, 40.3938789368, 37.4768714905, 21.8277187347, 22.2874927521, 14.8344650269, 9.33730983734, 8.64382839203, 7.50429344177, 6.95525884628, 3.63748121262, 4.23437929153, 1.71060085297, 1.0131714344, 0.544450938702, 0.264429807663, 0.363456636667, 0.0178040266037, 0.00034508924, 2.80169915641e-05],
        "dvar": [0.0869443565607, 1.09413647652, 11.5957813263, 27.0342121124, 443.991546631, 160.804595947, 146.378143311, 394.476989746, 1209.21826172, 2262.83691406, 3110.71044922, 3080.09716797, 1455.46264648, 1595.25817871, 3346.68994141, 2971.0871582, 3732.59838867, 5263.34667969, 7818.86669922, 8267.58496094, 2050.41894531, 751.53125, 664.616699219, 159.002243042, 227.436843872, 105.594039917, 49.6086196899, 44.7635650635, 39.8327674866, 47.5237960815, 17.4361839294, 16.7748889923, 4.0313000679, 1.5830425024, 0.441168248653, 0.073997862637, 0.170048296452, 0.000473201915156, 1.64979084616e-07, 5.15200326845e-10],
        "dvar2": [0.224437996745, 2.86474585533, 32.8249130249, 74.6501235962, 1238.00305176, 439.55166626, 377.15524292, 980.063598633, 2835.94165039, 5794.25732422, 6529.94042969, 8120.00683594, 3165.2980957, 3973.66503906, 8081.52050781, 7237.03027344, 9262.84179688, 11798.5556641, 19573.8339844, 18966.046875, 5098.31347656, 1850.29724121, 1801.72558594, 436.957580566, 615.662536621, 267.942565918, 114.263504028, 103.30859375, 90.3377685547, 111.09009552, 31.6731948853, 34.685005188, 8.92844390869, 3.8391354084, 1.12449216843, 0.191805869341, 0.467978388071, 0.00128866697196, 4.46911485597e-07, 1.30243116292e-09],
        "max": [1.83037269115, 7.37083005905, 31.8004436493, 42.1793022156, 148.531158447, 163.277481079, 161.096633911, 284.591308594, 383.305877686, 484.913238525, 709.665222168, 693.001831055, 569.802612305, 528.395141602, 963.920288086, 634.564453125, 814.415466309, 799.364257812, 1116.64001465, 1686.87316895, 838.756713867, 421.618774414, 295.043304443, 124.081138611, 172.144317627, 123.487548828, 87.0715103149, 66.8826675415, 80.0685195923, 85.2788543701, 67.5154190063, 62.9673538208, 29.1844959259, 20.2266311646, 9.88560390472, 3.28581023216, 3.96692991257, 0.198580026627, 0.00334642687812, 0.000235786661506],
        "mean": [0.151850014925, 0.876921892166, 2.89738559723, 6.45256900787, 16.072259903, 12.7297964096, 11.5594053268, 15.3215236664, 28.4294967651, 32.5690231323, 45.4969139099, 44.4042816162, 34.4139404297, 34.7342605591, 38.3457794189, 41.6160583496, 59.0576477051, 72.4100723267, 101.72845459, 81.9486694336, 77.2754898071, 58.6954994202, 49.4471168518, 33.0778541565, 30.9047756195, 22.6753787994, 14.8874464035, 13.2779340744, 10.4537248611, 8.86675643921, 5.59908294678, 5.29215478897, 2.48342728615, 1.29550290108, 0.570930182934, 0.233404144645, 0.192184597254, 0.0101373642683, 0.000230182442465, 5.67841198063e-05],
        "median": [0.0260243397206, 0.50352793932, 1.61899971962, 4.63022708893, 9.99932098389, 8.4188041687, 7.32037353516, 8.01777648926, 11.9724845886, 13.2685155869, 15.8913822174, 21.8506641388, 19.8497714996, 17.6871395111, 20.4351902008, 22.6899147034, 33.7161178589, 33.644493103, 59.3118553162, 52.2210731506, 57.8408622742, 44.31407547, 41.388999939, 29.9059391022, 25.7819862366, 19.1641292572, 11.9251260757, 10.0391931534, 7.49911737442, 5.55249166489, 3.63162851334, 3.11685228348, 1.43149483204, 0.6999964118, 0.308026641607, 0.1297429353, 0.0809522047639, 0.00406943447888, 0.000115725779324, 5.22340342286e-05],
        "min": [0.000139328913065, 0.00350777525455, 0.0117915514857, 0.055917929858, 0.232085943222, 0.185388967395, 0.462847143412, 0.464027374983, 0.64346152544, 0.426520377398, 0.635676264763, 1.14399063587, 0.98108869791, 0.982496678829, 0.999278128147, 0.794906198978, 1.12927925587, 1.5421602726, 1.82699048519, 4.43785524368, 4.32504034042, 3.49130582809, 3.77454042435, 5.23219633102, 4.49869346619, 3.44830989838, 2.26880335808, 0.956647336483, 0.752112030983, 0.321623831987, 0.101381726563, 0.106759890914, 0.0304485969245, 0.00558041362092, 0.000708491483238, 5.79435218242e-05, 2.02884639293e-05, 6.69320843372e-06, 9.37107233767e-06, 7.23168295735e-06],
        "var": [0.091835051775, 1.21725034714, 12.6365995407, 34.8852348328, 374.722320557, 196.915969849, 195.495361328, 532.451721191, 2062.59521484, 3131.85449219, 6312.92089844, 4163.23876953, 2779.36010742, 2574.86108398, 3915.43969727, 3974.8034668, 6189.04882812, 10627.8144531, 13793.6181641, 12258.5039062, 4574.87841797, 2268.27294922, 1029.046875, 258.812957764, 375.556274414, 198.75994873, 101.91103363, 101.846931458, 81.6528320312, 87.4754867554, 41.4119186401, 36.5083847046, 9.17695236206, 2.66981291771, 0.60378319025, 0.0942685827613, 0.126890525222, 0.000378359400202, 1.36530317718e-07, 6.63698485059e-10]
    },
    "gfcc": {
        "mean": [65.4031906128, 76.2412719727, -133.09526062, 38.9668540955, -54.4409561157, 16.6757354736, -45.0464439392, 9.9060125351, -24.9690589905, 3.52057170868, -22.9426441193, -1.01174712181, -16.2231178284],
        "cov": [[496.720214844, -205.806747437, 112.949821472, -86.5831756592, -29.2470703125, 21.187253952, -47.8342514038, 3.2653491497, -39.7509841919, 31.7059631348, -63.3294792175, 13.091342926, -63.3505706787], [-205.806747437, 551.768981934, -128.372207642, -7.25701713562, 93.7037582397, -48.8506507874, 96.632774353, 7.72426986694, 80.2097015381, -36.3626747131, 64.1276702881, -69.8335876465, 40.0051956177], [112.949821472, -128.372207642, 277.528900146, 84.6844024658, 16.9773197174, 13.7012109756, -30.9074077606, 6.5988368988, -27.2017192841, 31.0312767029, -19.0804481506, 56.7613258362, -37.3988990784], [-86.5831756592, -7.25701713562, 84.6844024658, 209.892364502, 59.3515396118, 26.4206695557, -23.5943698883, -5.07578420639, 10.3278503418, -1.78927540779, 20.9317588806, 6.3992357254, 39.4473190308], [-29.2470703125, 93.7037582397, 16.9773197174, 59.3515396118, 193.407745361, 49.1855545044, 47.1994972229, 20.1711864471, 39.2297782898, 22.1512622833, 5.54269218445, 13.6655435562, 18.2636127472], [21.187253952, -48.8506507874, 13.7012109756, 26.4206695557, 49.1855545044, 123.625396729, 57.4777641296, 20.0851840973, -12.4651212692, 2.40321207047, 7.18744707108, 5.78686285019, 15.793009758], [-47.8342514038, 96.632774353, -30.9074077606, -23.5943698883, 47.1994972229, 57.4777641296, 136.968536377, 45.4725341797, 21.5129184723, -0.366983294487, 24.0725440979, 5.13946866989, 4.61686611176], [3.2653491497, 7.72426986694, 6.5988368988, -5.07578420639, 20.1711864471, 20.0851840973, 45.4725341797, 72.2931365967, 40.2557373047, 20.8397922516, 3.98574113846, 5.84135913849, 5.29147481918], [-39.7509841919, 80.2097015381, -27.2017192841, 10.3278503418, 39.2297782898, -12.4651212692, 21.5129184723, 40.2557373047, 90.8698577881, 34.5423431396, 13.3550844193, -9.6906747818, 8.34137248993], [31.7059631348, -36.3626747131, 31.0312767029, -1.78927540779, 22.1512622833, 2.40321207047, -0.366983294487, 20.8397922516, 34.5423431396, 70.0158004761, 18.9590034485, 18.811832428, -14.1726016998], [-63.3294792175, 64.1276702881, -19.0804481506, 20.9317588806, 5.54269218445, 7.18744707108, 24.0725440979, 3.98574113846, 13.3550844193, 18.9590034485, 69.245765686, 18.6382598877, 16.4448432922], [13.091342926, -69.8335876465, 56.7613258362, 6.3992357254, 13.6655435562, 5.78686285019, 5.13946866989, 5.84135913849, -9.6906747818, 18.811832428, 18.6382598877, 74.4851913452, 10.3345317841], [-63.3505706787, 40.0051956177, -37.3988990784, 39.4473190308, 18.2636127472, 15.793009758, 4.61686611176, 5.29147481918, 8.34137248993, -14.1726016998, 16.4448432922, 10.3345317841, 67.001159668]],
        "icov": [[0.00333990086801, 0.000445669604233, -0.0013612639159, 0.00203608674929, -0.000323520216625, -0.00118424894754, 0.00133576453663, -0.000544136913959, 0.000563754758332, -0.00100322510116, 0.00119976839051, 0.000743936165236, 0.000559875450563], [0.000445669604233, 0.00740345055237, -0.00324984500185, 0.00379865732975, -0.00493221450597, 0.0063710748218, -0.00498373899609, 0.00315499026328, -0.00434024864808, 0.00637549255043, -0.0096465498209, 0.0105184195563, -0.00547841563821], [-0.0013612639159, -0.00324984500185, 0.0104327239096, -0.00752693740651, 0.00262221577577, -0.00270912586711, 0.00245062680915, -0.00386420800351, 0.00442457292229, -0.00469949096441, 0.00772597081959, -0.0117136389017, 0.00933390669525], [0.00203608674929, 0.00379865732975, -0.00752693740651, 0.0127952555194, -0.00499830860645, 0.00089269928867, 0.00127402914222, 0.00250449357554, -0.00423685507849, 0.00566511088982, -0.00920661352575, 0.00994056835771, -0.00875897426158], [-0.000323520216625, -0.00493221450597, 0.00262221577577, -0.00499830860645, 0.0112393349409, -0.0063260900788, 0.000304017099552, 0.000620495644398, -0.000770141894463, -0.00638249423355, 0.00972307752818, -0.00913767516613, 0.00317179085687], [-0.00118424894754, 0.0063710748218, -0.00270912586711, 0.00089269928867, -0.0063260900788, 0.0198285449296, -0.0110212517902, 0.000711271015462, 0.00334213324822, 0.00156791508198, -0.00781926978379, 0.0117640923709, -0.00918750185519], [0.00133576453663, -0.00498373899609, 0.00245062680915, 0.00127402914222, 0.000304017099552, -0.0110212517902, 0.019887926057, -0.0105763357133, 0.00122580269817, 0.00257335859351, 0.000239921369939, -0.00835045985878, 0.00845717266202], [-0.000544136913959, 0.00315499026328, -0.00386420800351, 0.00250449357554, 0.000620495644398, 0.000711271015462, -0.0105763357133, 0.0282038282603, -0.013308220543, -0.000861601438373, 0.000197728601051, 0.00353779504076, -0.00698482478037], [0.000563754758332, -0.00434024864808, 0.00442457292229, -0.00423685507849, -0.000770141894463, 0.00334213324822, 0.00122580269817, -0.013308220543, 0.0285394191742, -0.0161717589945, 0.00601800484583, -4.85401506012e-05, 3.40301630786e-05], [-0.00100322510116, 0.00637549255043, -0.00469949096441, 0.00566511088982, -0.00638249423355, 0.00156791508198, 0.00257335859351, -0.000861601438373, -0.0161717589945, 0.0355676300824, -0.0188114512712, 0.00322439335287, 0.00420374749228], [0.00119976839051, -0.0096465498209, 0.00772597081959, -0.00920661352575, 0.00972307752818, -0.00781926978379, 0.000239921369939, 0.000197728601051, 0.00601800484583, -0.0188114512712, 0.0375504419208, -0.0201082732528, 0.0049445014447], [0.000743936165236, 0.0105184195563, -0.0117136389017, 0.00994056835771, -0.00913767516613, 0.0117640923709, -0.00835045985878, 0.00353779504076, -4.85401506012e-05, 0.00322439335287, -0.0201082732528, 0.0390472784638, -0.0183533281088], [0.000559875450563, -0.00547841563821, 0.00933390669525, -0.00875897426158, 0.00317179085687, -0.00918750185519, 0.00845717266202, -0.00698482478037, 3.40301630786e-05, 0.00420374749228, 0.0049445014447, -0.0183533281088, 0.0328646451235]]
    },
    "melbands": {
        "dmean": [0.00113107869402, 0.000946022046264, 0.000959210738074, 0.00076133775292, 0.000291274132906, 0.000248531810939, 0.000292852200801, 0.000276486796793, 0.000255573366303, 0.00018305850972, 0.000107432773802, 9.63112033787e-05, 8.44400128699e-05, 7.9087454651e-05, 7.81746712164e-05, 9.39328165259e-05, 8.68099232321e-05, 0.000108927859401, 6.8615678174e-05, 6.3899999077e-05, 4.07662446378e-05, 3.01038144244e-05, 2.51143046626e-05, 1.77866932063e-05, 1.17422023322e-05, 1.02199264802e-05, 1.00316301541e-05, 6.18681497144e-06, 4.09752146879e-06, 3.93005711885e-06, 3.31422825184e-06, 2.75386378235e-06, 3.3528763197e-06, 2.33478840528e-06, 1.47390232996e-06, 1.67172470356e-06, 1.71939427673e-06, 9.0761619731e-07, 7.03128478108e-07, 5.6930809933e-07],
        "dmean2": [0.00182053656317, 0.00165425636806, 0.00164968275931, 0.00130525126588, 0.000489686790388, 0.000399866956286, 0.000462798023364, 0.000445968325948, 0.00039549349458, 0.00029935312341, 0.000173937834916, 0.000155954054208, 0.000133833498694, 0.0001271260262, 0.000125868027681, 0.000155649977387, 0.000135152440635, 0.000172839485458, 0.000110122455226, 0.000106880826934, 6.69914079481e-05, 4.8842641263e-05, 4.17064402427e-05, 2.95557256322e-05, 2.00032081921e-05, 1.71494757524e-05, 1.62125834322e-05, 1.01789219116e-05, 6.55294161334e-06, 6.28019142823e-06, 5.28723467141e-06, 4.37774588136e-06, 5.32782541995e-06, 3.59036675945e-06, 2.2133440325e-06, 2.5738045224e-06, 2.63624338004e-06, 1.40376596391e-06, 1.04927789835e-06, 9.02677925296e-07],
        "dvar": [3.81953623219e-06, 2.38103007177e-06, 1.63815082033e-06, 1.4847383909e-06, 1.67064229117e-07, 1.75654079726e-07, 2.56043477975e-07, 2.5908636303e-07, 1.99575481474e-07, 1.13229184251e-07, 3.75587845269e-08, 2.9921771727e-08, 3.60128709076e-08, 3.48827065011e-08, 1.86217015141e-08, 3.38817649492e-08, 2.31805294959e-08, 3.1835106995e-08, 2.07571702049e-08, 1.06689599377e-08, 2.3082935563e-09, 1.19670473531e-09, 9.12470710102e-10, 4.54906917691e-10, 1.30651267582e-10, 1.42119829794e-10, 1.2543746597e-10, 4.98830109164e-11, 2.13335061422e-11, 2.82058161549e-11, 1.53034095812e-11, 1.31196572703e-11, 2.3586601422e-11, 1.36397984921e-11, 7.0038588644e-12, 6.15066591408e-12, 6.27139486176e-12, 2.58323093819e-12, 1.31456141545e-12, 1.38808376685e-12],
        "dvar2": [9.43748091231e-06, 6.59784109303e-06, 4.55490771856e-06, 4.07682091463e-06, 4.43572048425e-07, 4.3168506636e-07, 5.92051492276e-07, 6.70214433285e-07, 4.26833167921e-07, 3.01459493812e-07, 8.1490860282e-08, 7.35875218538e-08, 9.00732928244e-08, 8.31752018371e-08, 4.35186748859e-08, 8.41412557406e-08, 5.09996276321e-08, 7.92412961914e-08, 4.77576662661e-08, 2.61318753303e-08, 5.59090107544e-09, 2.87647439201e-09, 2.53082466095e-09, 1.15458842487e-09, 3.70585812037e-10, 3.912123403e-10, 3.18332776805e-10, 1.29707647401e-10, 5.09488978784e-11, 6.69474475856e-11, 3.65998516216e-11, 3.15710166343e-11, 5.62590564412e-11, 3.20423930444e-11, 1.32391641053e-11, 1.28217722897e-11, 1.30566503789e-11, 5.86786131837e-12, 2.93381508323e-12, 3.58436088969e-12],
        "max": [0.0130985211581, 0.0137400953099, 0.00981188099831, 0.00888811610639, 0.0049940077588, 0.00551883550361, 0.00542246503755, 0.00486751785502, 0.00543177267537, 0.00485532311723, 0.00276017119177, 0.00239672441967, 0.00328209390864, 0.00300454790704, 0.00175718881655, 0.00249129137956, 0.00177680258639, 0.00211611250415, 0.00211495696567, 0.0014438907383, 0.000746920763049, 0.000547899166122, 0.00037937721936, 0.000286762573523, 0.00011415265908, 0.000164237033459, 0.000126220329548, 8.47638293635e-05, 6.33254967397e-05, 6.31297734799e-05, 4.58458198409e-05, 4.36843911302e-05, 6.97991999914e-05, 5.10061654495e-05, 4.82504801766e-05, 3.32064191753e-05, 4.01358083764e-05, 2.20445454033e-05, 1.35740274345e-05, 2.05130363611e-05],
        "mean": [0.00130296603311, 0.0013876381563, 0.00147445092443, 0.00109232729301, 0.000426889630035, 0.000349073234247, 0.000432460015872, 0.000360088073649, 0.000374861760065, 0.00026115460787, 0.000168901155121, 0.000142835153383, 0.00011849567818, 0.000112243003969, 0.000114871567348, 0.000136892063892, 0.000132522633066, 0.000169034654391, 0.000112898676889, 0.000112723515485, 8.56662445585e-05, 6.43606763333e-05, 5.03714836668e-05, 3.59206678695e-05, 2.5774948881e-05, 2.2756137696e-05, 2.08082146855e-05, 1.36051576192e-05, 9.35618118092e-06, 8.42362442199e-06, 7.37635582482e-06, 5.7010834098e-06, 5.88980446992e-06, 4.43454291599e-06, 3.10525888381e-06, 3.25664518641e-06, 3.14449516736e-06, 1.75673403646e-06, 1.37274787448e-06, 1.00157615179e-06],
        "median": [0.000391869194573, 0.000868212140631, 0.00109449983574, 0.000750352744944, 0.000282508670352, 0.000182018949999, 0.000174735425389, 0.000145426063682, 0.000129009669763, 0.000128966828925, 9.29968227865e-05, 6.87379579176e-05, 6.00598177698e-05, 5.67689348827e-05, 6.13952142885e-05, 6.86146668158e-05, 5.53267054784e-05, 8.99656079127e-05, 6.4623367507e-05, 7.35237190383e-05, 6.15133831161e-05, 4.50726620329e-05, 4.012487625e-05, 3.0008270187e-05, 2.26752963499e-05, 1.97185236175e-05, 1.66793270182e-05, 1.12653806355e-05, 7.45043007555e-06, 6.24968106422e-06, 5.56224267712e-06, 4.12935469285e-06, 3.68140331375e-06, 2.69322936219e-06, 1.95982261175e-06, 1.99230339604e-06, 1.83942358944e-06, 9.9854310065e-07, 7.2938013318e-07, 5.25243876837e-07],
        "min": [2.54691258306e-06, 6.28700763627e-06, 1.38910481837e-05, 1.33854427986e-05, 2.60060660366e-05, 9.83059908322e-06, 9.30849910219e-06, 3.4421766486e-06, 3.98194652007e-06, 7.22237473383e-06, 4.39860014012e-06, 2.9754926345e-06, 1.64395351021e-06, 2.30916998589e-06, 1.55066072693e-06, 2.68875555776e-06, 2.32957017943e-06, 2.10805887946e-06, 4.60414048575e-06, 6.07532001595e-06, 2.58926911556e-06, 2.78834613709e-06, 2.7133257845e-06, 3.3495025491e-06, 3.80432197744e-06, 2.14268152376e-06, 1.5655361949e-06, 2.12238842323e-06, 1.06224990759e-06, 5.55724625428e-07, 4.19608767288e-07, 4.22188492166e-07, 3.01417401261e-07, 1.20926188174e-07, 4.09765235077e-08, 3.87136900315e-08, 4.41836327525e-08, 1.47266039363e-08, 1.28915873532e-08, 3.06761976931e-10],
