{
"highlevel": {
    "danceability": {
        "all": {
            "danceable": 0.923432648182,
            "not_danceable": 0.0765673741698
        },
        "probability": 0.923432648182,
        "value": "danceable"
    },
    "gender": {
        "all": {
            "female": 0.0714778453112,
            "male": 0.92852216959
        },
        "probability": 0.92852216959,
        "value": "male"
    },
    "genre_dortmund": {
        "all": {
            "alternative": 0.043153423816,
            "blues": 0.0262258332223,
            "electronic": 0.0307196807116,
            "folkcountry": 0.0296756438911,
            "funksoulrnb": 0.0335191264749,
            "jazz": 0.0989764258265,
            "pop": 0.0322867110372,
            "raphiphop": 0.634196043015,
            "rock": 0.071247138083
        },
        "probability": 0.634196043015,
        "value": "raphiphop"
    },
    "genre_electronic": {
        "all": {
            "ambient": 0.528226613998,
            "dnb": 0.25822943449,
            "house": 0.167782366276,
            "techno": 0.0261369589716,
            "trance": 0.0196246411651
        },
        "probability": 0.528226613998,
        "value": "ambient"
    },
    "genre_rosamerica": {
        "all": {
            "cla": 0.0262970682234,
            "dan": 0.0391773320735,
            "hip": 0.128856524825,
            "jaz": 0.0444457903504,
            "pop": 0.287183910608,
            "rhy": 0.39204287529,
            "roc": 0.0347543656826,
            "spe": 0.0472421385348
        },
        "probability": 0.39204287529,
        "value": "rhy"
    },
    "genre_tzanetakis": {
        "all": {
            "blu": 0.0626613423228,
            "cla": 0.0348169617355,
            "cou": 0.104475811124,
            "dis": 0.0784321576357,
            "hip": 0.15692435205,
            "jaz": 0.313974827528,
            "met": 0.0448166541755,
            "pop": 0.0627359300852,
            "reg": 0.0627360641956,
            "roc": 0.0784258767962
        },
        "probability": 0.313974827528,
        "value": "jaz"
    },
    "ismir04_rhythm": {
        "all": {
            "ChaChaCha": 0.240700662136,
            "Jive": 0.254052221775,
            "Quickstep": 0.0229263007641,
            "Rumba-American": 0.024307122454,
            "Rumba-International": 0.183583185077,
            "Rumba-Misc": 0.0136992176995,
            "Samba": 0.185751289129,
            "Tango": 0.00724191591144,
            "VienneseWaltz": 0.0499818995595,
            "Waltz": 0.0177561957389
        },
        "probability": 0.254052221775,
        "value": "Jive"
    },
    "mood_acoustic": {
        "all": {
            "acoustic": 0.535693764687,
            "not_acoustic": 0.464306235313
        },
        "probability": 0.535693764687,
        "value": "acoustic"
    },
    "mood_aggressive": {
        "all": {
            "aggressive": 0.0492588467896,
            "not_aggressive": 0.950741171837
        },
        "probability": 0.950741171837,
        "value": "not_aggressive"
    },
    "mood_electronic": {
        "all": {
            "electronic": 0.613082706928,
            "not_electronic": 0.386917293072
        },
        "probability": 0.613082706928,
        "value": "electronic"
    },
    "mood_happy": {
        "all": {
            "happy": 0.139401078224,
            "not_happy": 0.860598921776
        },
        "probability": 0.860598921776,
        "value": "not_happy"
    },
    "mood_party": {
        "all": {
            "not_party": 0.537645876408,
            "party": 0.462354153395
        },
        "probability": 0.537645876408,
        "value": "not_party"
    },
    "mood_relaxed": {
        "all": {
            "not_relaxed": 0.847552001476,
            "relaxed": 0.152447998524
        },
        "probability": 0.847552001476,
        "value": "not_relaxed"
    },
    "mood_sad": {
        "all": {
            "not_sad": 0.458106487989,
            "sad": 0.541893541813
        },
        "probability": 0.541893541813,
        "value": "sad"
    },
    "moods_mirex": {
        "all": {
            "Cluster1": 0.123884536326,
            "Cluster2": 0.275511622429,
            "Cluster3": 0.194786921144,
            "Cluster4": 0.123504363,
            "Cluster5": 0.282312572002
        },
        "probability": 0.282312572002,
        "value": "Cluster5"
    },
    "timbre": {
        "all": {
            "bright": 0.277593612671,
            "dark": 0.722406387329
        },
        "probability": 0.722406387329,
        "value": "dark"
    },
    "tonal_atonal": {
        "all": {
            "atonal": 0.310458421707,
            "tonal": 0.689541578293
        },
        "probability": 0.689541578293,
        "value": "tonal"
    },
    "voice_instrumental": {
        "all": {
            "instrumental": 0.0481730811298,
            "voice": 0.951826930046
        },
        "probability": 0.951826930046,
        "value": "voice"
    }
},
"lowlevel": {
    "average_loudness": 0.869227766991,
    "barkbands_crest": {
        "dmean": 2.68570709229,
        "dmean2": 4.1505408287,
        "dvar": 6.7295165062,
        "dvar2": 14.4315910339,
        "max": 25.6281967163,
        "mean": 11.658911705,
        "median": 10.9458217621,
        "min": 2.36996150017,
        "var": 21.4383964539
    },
    "barkbands_flatness_db": {
        "dmean": 0.0268173031509,
        "dmean2": 0.0376455299556,
        "dvar": 0.000656958727632,
        "dvar2": 0.00124185380992,
        "max": 0.431185930967,
        "mean": 0.17810793221,
        "median": 0.169962376356,
        "min": 0.0344718135893,
        "var": 0.00443226099014
    },
    "barkbands_kurtosis": {
        "dmean": 5.69872570038,
        "dmean2": 8.27652454376,
        "dvar": 216.677749634,
        "dvar2": 449.061431885,
        "max": 372.611358643,
        "mean": 11.0701932907,
        "median": 4.1250667572,
        "min": -1.9103269577,
        "var": 465.928375244
    },
    "barkbands_skewness": {
        "dmean": 0.71303242445,
        "dmean2": 1.02089118958,
        "dvar": 0.761912763119,
        "dvar2": 1.35553443432,
        "max": 16.8938846588,
        "mean": 2.18863368034,
        "median": 1.76003658772,
        "min": -2.65247344971,
        "var": 3.88839840889
    },
    "barkbands_spread": {
        "dmean": 6.44065093994,
        "dmean2": 9.67474269867,
        "dvar": 69.4155654907,
        "dvar2": 141.910324097,
        "max": 96.617767334,
        "mean": 19.9239559174,
        "median": 15.511177063,
        "min": 0.391707122326,
        "var": 262.57800293
    },
    "dissonance": {
        "dmean": 0.0236255619675,
        "dmean2": 0.0375080816448,
        "dvar": 0.000511650228873,
        "dvar2": 0.00126642745454,
        "max": 0.499986112118,
        "mean": 0.449188828468,
        "median": 0.457433968782,
        "min": 0.277121216059,
        "var": 0.00149044964928
    },
    "dynamic_complexity": 3.89143681526,
    "erbbands_crest": {
        "dmean": 3.17855215073,
        "dmean2": 4.85332870483,
        "dvar": 8.98869800568,
        "dvar2": 18.1193656921,
        "max": 30.3886222839,
        "mean": 11.3815670013,
        "median": 10.3406639099,
        "min": 2.37478303909,
        "var": 30.0638046265
    },
    "erbbands_flatness_db": {
        "dmean": 0.0214298833162,
        "dmean2": 0.0297377407551,
        "dvar": 0.000453244982054,
        "dvar2": 0.000879757339135,
        "max": 0.325046569109,
        "mean": 0.166984155774,
        "median": 0.165380135179,
        "min": 0.0647603645921,
        "var": 0.0025415380951
    },
    "erbbands_kurtosis": {
        "dmean": 2.12657999992,
        "dmean2": 3.16135668755,
        "dvar": 10.6298475266,
        "dvar2": 24.2625637054,
        "max": 50.3609695435,
        "mean": 2.44831967354,
        "median": 0.906693220139,
        "min": -1.81084060669,
        "var": 25.6778450012
    },
    "erbbands_skewness": {
        "dmean": 0.549171328545,
        "dmean2": 0.775646090508,
        "dvar": 0.289992034435,
        "dvar2": 0.536989450455,
        "max": 6.26875305176,
        "mean": 0.884249687195,
        "median": 0.850352227688,
        "min": -3.2575366497,
        "var": 1.5341309309
    },
    "erbbands_spread": {
        "dmean": 9.90974235535,
        "dmean2": 15.1241607666,
        "dvar": 113.545402527,
        "dvar2": 256.717956543,
        "max": 133.241592407,
        "mean": 36.7644996643,
        "median": 33.5272827148,
        "min": 4.66549491882,
        "var": 400.410461426
    },
    "hfc": {
        "dmean": 8.93410968781,
        "dmean2": 12.4100008011,
        "dvar": 189.135345459,
        "dvar2": 366.040283203,
        "max": 141.361694336,
        "mean": 19.84308815,
        "median": 12.8435373306,
        "min": 0.142764255404,
        "var": 490.521026611
    },
    "melbands_crest": {
        "dmean": 3.24861717224,
        "dmean2": 5.13082551956,
        "dvar": 11.5314350128,
        "dvar2": 28.123626709,
        "max": 34.6758728027,
        "mean": 16.0346069336,
        "median": 15.2797307968,
        "min": 4.58753824234,
        "var": 34.4099273682
    },
    "melbands_flatness_db": {
        "dmean": 0.030545476824,
        "dmean2": 0.042162347585,
        "dvar": 0.000969776243437,
        "dvar2": 0.00171692715958,
        "max": 0.565411806107,
        "mean": 0.220816254616,
        "median": 0.222623243928,
        "min": 0.0233189202845,
        "var": 0.00658998265862
    },
    "melbands_kurtosis": {
        "dmean": 9.71855545044,
        "dmean2": 14.4202575684,
        "dvar": 258.555114746,
        "dvar2": 472.595672607,
        "max": 271.475494385,
        "mean": 21.6518955231,
        "median": 9.9046125412,
        "min": -1.85856950283,
        "var": 901.111877441
    },
    "melbands_skewness": {
        "dmean": 0.877820670605,
        "dmean2": 1.3011097908,
        "dvar": 0.935542047024,
        "dvar2": 1.92140865326,
        "max": 11.6142368317,
        "mean": 3.03046631813,
        "median": 2.62543463707,
        "min": -1.84138655663,
        "var": 3.96613001823
    },
    "melbands_spread": {
        "dmean": 8.84885215759,
        "dmean2": 12.8918685913,
        "dvar": 256.269866943,
        "dvar2": 446.818847656,
        "max": 210.258666992,
        "mean": 23.7495441437,
        "median": 14.250828743,
        "min": 0.428591579199,
        "var": 903.243408203
    },
    "pitch_salience": {
        "dmean": 0.0792410224676,
        "dmean2": 0.122080415487,
        "dvar": 0.00692185433581,
        "dvar2": 0.0173660255969,
        "max": 0.850191831589,
        "mean": 0.516499459743,
        "median": 0.510432243347,
        "min": 0.115473650396,
        "var": 0.0164119806141
    },
    "silence_rate_20dB": {
        "dmean": 0,
        "dmean2": 0,
        "dvar": 0,
        "dvar2": 0,
        "max": 1,
        "mean": 1,
        "median": 1,
        "min": 1,
        "var": 0
    },
    "silence_rate_30dB": {
        "dmean": 0.0232198145241,
        "dmean2": 0.0464756004512,
        "dvar": 0.0226810127497,
        "dvar2": 0.0675526633859,
        "max": 1,
        "mean": 0.988399088383,
        "median": 1,
        "min": 0,
        "var": 0.011466242373
    },
    "silence_rate_60dB": {
        "dmean": 0.0402476787567,
        "dmean2": 0.0805577039719,
        "dvar": 0.0386278890073,
        "dvar2": 0.0833635479212,
        "max": 1,
        "mean": 0.146171689034,
        "median": 0,
        "min": 0,
        "var": 0.124805048108
    },
    "spectral_centroid": {
        "dmean": 286.9012146,
        "dmean2": 417.230529785,
        "dvar": 138999.734375,
        "dvar2": 217609.71875,
        "max": 4602.02050781,
        "mean": 1240.10754395,
        "median": 981.333435059,
        "min": 227.777404785,
        "var": 721767.5625
    },
    "spectral_complexity": {
        "dmean": 4.90402460098,
        "dmean2": 6.63129377365,
        "dvar": 36.5807952881,
        "dvar2": 56.8367958069,
        "max": 57,
        "mean": 14.5344161987,
        "median": 12,
        "min": 0,
        "var": 127.911857605
    },
    "spectral_decrease": {
        "dmean": 2.60244958916e-09,
        "dmean2": 3.9124703477e-09,
        "dvar": 2.12416738756e-17,
        "dvar2": 4.94080902491e-17,
        "max": -5.95456323138e-11,
        "mean": -6.70279654003e-09,
        "median": -5.30877342086e-09,
        "min": -4.27307220718e-08,
        "var": 4.40386425173e-17
    },
    "spectral_energy": {
        "dmean": 0.0104420110583,
        "dmean2": 0.0156126683578,
        "dvar": 0.000325784931192,
        "dvar2": 0.000750084407628,
        "max": 0.166872769594,
        "mean": 0.0270977057517,
        "median": 0.0212373118848,
        "min": 0.000315364595735,
        "var": 0.000689941283781
    },
    "spectral_energyband_high": {
        "dmean": 0.000627297675237,
        "dmean2": 0.000884095497895,
        "dvar": 1.29421221118e-06,
        "dvar2": 2.45437854574e-06,
        "max": 0.0134684499353,
        "mean": 0.00104884826578,
        "median": 0.00030288178823,
        "min": 1.08792187348e-06,
        "var": 3.27249722432e-06
    },
    "spectral_energyband_low": {
        "dmean": 0.00578321190551,
        "dmean2": 0.0092182084918,
        "dvar": 0.000216153406654,
        "dvar2": 0.000538000604138,
        "max": 0.134612157941,
        "mean": 0.0113908508793,
        "median": 0.00193703419063,
        "min": 1.11736625286e-07,
        "var": 0.000322609819705
    },
    "spectral_energyband_middle_high": {
        "dmean": 0.00203981762752,
        "dmean2": 0.00286887330003,
        "dvar": 1.31217429953e-05,
        "dvar2": 2.7810676329e-05,
        "max": 0.0452725142241,
        "mean": 0.00371332163922,
        "median": 0.00175096455496,
        "min": 3.53869518221e-06,
        "var": 2.78828792943e-05
    },
    "spectral_energyband_middle_low": {
        "dmean": 0.00527232699096,
        "dmean2": 0.00834837369621,
        "dvar": 7.52768755774e-05,
        "dvar2": 0.000195036365767,
        "max": 0.0743753015995,
        "mean": 0.0116423023865,
        "median": 0.00857418682426,
        "min": 2.11521546589e-06,
        "var": 0.000130374057335
    },
    "spectral_entropy": {
        "dmean": 0.224633187056,
        "dmean2": 0.298280358315,
        "dvar": 0.0497963801026,
        "dvar2": 0.0919800102711,
        "max": 8.67158222198,
        "mean": 7.41788101196,
        "median": 7.4716796875,
        "min": 5.76090669632,
        "var": 0.321960836649
    },
    "spectral_flux": {
        "dmean": 0.0288190338761,
        "dmean2": 0.0400881282985,
        "dvar": 0.00115934154019,
        "dvar2": 0.0020507145673,
        "max": 0.343430519104,
        "mean": 0.0784300416708,
        "median": 0.0630707666278,
        "min": 0.00366504536942,
        "var": 0.00368452817202
    },
    "spectral_kurtosis": {
        "dmean": 1.35761392117,
        "dmean2": 2.12273979187,
        "dvar": 1.86087596416,
        "dvar2": 4.12740516663,
        "max": 25.9322929382,
        "mean": 4.43387413025,
        "median": 3.86896133423,
        "min": -1.16792714596,
        "var": 8.36287403107
    },
    "spectral_rms": {
        "dmean": 0.000857633247506,
        "dmean2": 0.00121522066183,
        "dvar": 1.31609090204e-06,
        "dvar2": 2.72046258942e-06,
        "max": 0.0127594163641,
        "mean": 0.00451656244695,
        "median": 0.00455184886232,
        "min": 0.00055468257051,
        "var": 6.0374613895e-06
    },
    "spectral_rolloff": {
        "dmean": 530.713806152,
        "dmean2": 811.208129883,
        "dvar": 1058680.25,
        "dvar2": 1714997.375,
        "max": 10529.7363281,
        "mean": 1554.61975098,
        "median": 667.529296875,
        "min": 64.599609375,
        "var": 4386809.5
    },
    "spectral_skewness": {
        "dmean": 0.226376399398,
        "dmean2": 0.336458206177,
        "dvar": 0.0431453660131,
        "dvar2": 0.0873829871416,
        "max": 4.00482177734,
        "mean": 1.68644809723,
        "median": 1.64296460152,
        "min": -0.0645641982555,
        "var": 0.30950525403
    },
    "spectral_spread": {
        "dmean": 623384.25,
        "dmean2": 921305.75,
        "dvar": 338353061888,
        "dvar2": 636614082560,
        "max": 13293959,
        "mean": 5258924.5,
        "median": 5066157,
        "min": 2335147.25,
        "var": 1.76021661286e+12
    },
    "spectral_strongpeak": {
        "dmean": 0.461904674768,
        "dmean2": 0.773269474506,
        "dvar": 0.567880511284,
        "dvar2": 1.35842788219,
        "max": 6.88054132462,
        "mean": 0.882400512695,
        "median": 0.411669254303,
        "min": 0,
        "var": 1.09847617149
    },
    "zerocrossingrate": {
        "dmean": 0.0141987046227,
        "dmean2": 0.0150361126289,
        "dvar": 0.00036102582817,
        "dvar2": 0.000285549438559,
        "max": 0.34033203125,
        "mean": 0.064712934196,
        "median": 0.046875,
        "min": 0.00390625,
        "var": 0.00316085689701
    },
    "barkbands": {
        "dmean": [0.000364504172467, 0.0031375286635, 0.00282586016692, 0.00123192335013, 0.00153419445269, 0.00116817874368, 0.00106728356332, 0.00131106749177, 0.000997775699943, 0.000356413598638, 0.000306981499307, 0.000255727034528, 0.000341127219144, 0.000298018218018, 0.000255545659456, 0.000305131310597, 0.000305501773255, 0.000206578377401, 0.000149893283378, 0.000174669738044, 0.0001568589214, 0.00011921692203, 0.000111094639578, 0.000103991245851, 0.00010447553359, 4.56358720839e-05, 3.90518266613e-08],
        "dmean2": [0.000586195266806, 0.00487580243498, 0.0048406207934, 0.00205094972625, 0.00258253258653, 0.00203277706169, 0.00162083050236, 0.00187459739391, 0.00143526936881, 0.000518285611179, 0.000484006013721, 0.000387077307096, 0.000555559177883, 0.000474572269013, 0.000398583506467, 0.000462767609861, 0.000490665610414, 0.000320627907058, 0.000231980375247, 0.000266386399744, 0.000241956542595, 0.000171478211996, 0.00016528510605, 0.000151622021804, 0.000149403902469, 6.68986467645e-05, 7.00587392544e-08],
        "dvar": [1.13901205623e-06, 5.08448247274e-05, 9.64557693806e-05, 1.05870321931e-05, 1.30000207719e-05, 9.22870367503e-06, 5.71942246097e-06, 1.06485840661e-05, 4.54513747172e-06, 7.05572858806e-07, 9.20691491046e-07, 2.86661588689e-07, 8.00245572918e-07, 3.31616149651e-07, 4.27731208674e-07, 3.5444369928e-07, 4.91259072533e-07, 1.54770049221e-07, 1.1679320977e-07, 1.64836734484e-07, 1.19727971537e-07, 5.61218662654e-08, 5.42807399029e-08, 5.59583988036e-08, 4.05052489327e-08, 7.57038076671e-09, 3.26788258725e-14],
        "dvar2": [2.66697202278e-06, 0.000119331511087, 0.000269163399935, 2.8779684726e-05, 3.41839804605e-05, 2.53548478213e-05, 1.26071336126e-05, 1.98067227757e-05, 8.6905547505e-06, 1.49193112975e-06, 2.40011809183e-06, 6.76248930631e-07, 2.02093315238e-06, 8.48642741857e-07, 9.57379256761e-07, 7.51519962705e-07, 1.19432684187e-06, 3.47011621216e-07, 2.6463575864e-07, 3.25275777868e-07, 2.76811817912e-07, 1.13190409934e-07, 1.21410835163e-07, 1.03010783903e-07, 8.76190000554e-08, 1.6229190436e-08, 8.70727914683e-14],
        "max": [0.0243120826781, 0.0597387701273, 0.100539699197, 0.0410336479545, 0.0522174537182, 0.029073599726, 0.0371837094426, 0.0723119527102, 0.0419662557542, 0.0154307857156, 0.015402157791, 0.00734876003116, 0.0105804828927, 0.00724129239097, 0.00861777085811, 0.00697621004656, 0.00968910660595, 0.00452743051574, 0.0072775115259, 0.00884008966386, 0.00594439497218, 0.00235744775273, 0.00280567957088, 0.00472218636423, 0.002638816135, 0.000795048894361, 2.35718880504e-06],
        "mean": [0.00101534381974, 0.00671881716698, 0.00303207966499, 0.00142039824277, 0.00238621467724, 0.00144357641693, 0.00181823654566, 0.0023758711759, 0.0020782391075, 0.000524175527971, 0.000334754353389, 0.000360767095117, 0.000427695311373, 0.000392567308154, 0.000318684033118, 0.000396012153942, 0.000367559463484, 0.000283612258499, 0.00021781968826, 0.000272408360615, 0.000227157885092, 0.000164356839377, 0.000150937747094, 0.000162439260748, 0.000151870684931, 5.60973276151e-05, 2.55601797505e-08],
        "median": [4.565576819e-05, 0.000753867207095, 0.000256733677816, 0.000221293594223, 0.000985963852145, 0.000468269427074, 0.000517761451192, 0.000434872810729, 0.000361091690138, 8.31271099742e-05, 5.62951172469e-05, 0.00011245317728, 9.46672516875e-05, 9.71280533122e-05, 5.9452449932e-05, 5.09010533278e-05, 5.69155381527e-05, 9.15557611734e-05, 6.22599254712e-05, 7.27876467863e-05, 6.45381951472e-05, 4.28260427725e-05, 3.07163863908e-05, 4.20265787398e-05, 4.60959818156e-05, 1.32440936795e-05, 3.18821774536e-10],
        "min": [2.19077308378e-11, 5.81970249769e-10, 4.86544182721e-09, 2.43517450649e-09, 1.5056586733e-07, 3.15044701438e-07, 1.09404858506e-07, 6.13380848336e-08, 1.1421403201e-07, 5.55020918114e-08, 5.11413347226e-08, 3.80871689742e-08, 5.51534569126e-08, 3.98639912191e-08, 1.83669328635e-08, 3.94497163825e-08, 1.92544256095e-08, 1.32171521727e-07, 1.50857587755e-07, 9.53957091099e-09, 9.71076303813e-08, 6.17266806557e-08, 3.99628374836e-09, 9.34980235456e-08, 1.25156518038e-07, 1.61665299203e-11, 7.98129531215e-12],
        "var": [1.15014545372e-05, 0.000102902326034, 7.06700739102e-05, 1.07541318357e-05, 1.59452665685e-05, 9.73726037046e-06, 1.23024901768e-05, 3.18954807881e-05, 2.06015083677e-05, 1.68751171259e-06, 8.98251641956e-07, 4.48743264769e-07, 1.00715078588e-06, 4.82741086216e-07, 6.38571520994e-07, 7.39885592793e-07, 5.97188886786e-07, 2.64265537453e-07, 2.66015376837e-07, 4.1400502937e-07, 2.42447498522e-07, 9.98875222535e-08, 9.19861520288e-08, 1.32785231699e-07, 7.69821895119e-08, 1.14003615437e-08, 2.23606144045e-14]
    },
    "erbbands": {
        "dmean": [0.0879348218441, 0.755270898342, 3.05994153023, 3.64172434807, 4.8989739418, 4.76145267487, 7.44729280472, 10.3639526367, 14.6222276688, 17.4066104889, 28.9060230255, 21.5925445557, 11.6942243576, 9.99610996246, 11.3540639877, 10.3589391708, 15.2711400986, 13.0258636475, 12.6993398666, 15.3574085236, 15.7207288742, 17.4432029724, 12.1695251465, 7.3925652504, 8.36367607117, 7.83913040161, 6.91719341278, 5.7393245697, 4.62283086777, 3.49341416359, 3.32739019394, 2.34336328506, 1.73902797699, 1.31954729557, 0.661646008492, 0.306562483311, 0.0653837695718, 0.00498623168096, 0.000104616279714, 1.77054389496e-05],
        "dmean2": [0.13111320138, 1.20515787601, 5.26121330261, 5.93588781357, 8.24538326263, 8.06513309479, 12.8764858246, 17.7149486542, 22.7836322784, 25.3603019714, 41.0561218262, 30.5424213409, 17.4057540894, 15.0831518173, 17.2071666718, 16.3764801025, 24.6340770721, 20.6816596985, 19.5984859467, 23.1839027405, 23.681646347, 27.6240291595, 18.8997573853, 11.0968255997, 12.7341833115, 11.7481632233, 10.5832853317, 8.90382766724, 6.61424589157, 4.97270822525, 5.08756685257, 3.41970205307, 2.56437849998, 1.9458065033, 0.96834141016, 0.442835390568, 0.0979791507125, 0.00807171780616, 0.000161404546816, 2.59395892499e-05],
        "dvar": [0.0334685705602, 4.16004514694, 117.537818909, 97.3608322144, 157.994613647, 126.369682312, 367.78793335, 673.385925293, 825.483947754, 2055.76464844, 4046.04760742, 2353.05639648, 663.118347168, 436.192565918, 980.536682129, 577.554077148, 1739.62756348, 706.063476562, 704.852722168, 1044.41662598, 939.392822266, 1510.99438477, 519.519165039, 211.459945679, 404.164001465, 318.954040527, 365.600463867, 154.935592651, 80.6764602661, 59.2873344421, 51.7149658203, 24.7632236481, 16.244020462, 7.54473829269, 1.47839331627, 0.340393185616, 0.0171888656914, 0.000129826832563, 4.91966289928e-08, 8.19901035953e-10],
        "dvar2": [0.0696393474936, 9.91187953949, 323.733215332, 258.647766113, 397.016876221, 353.881256104, 1019.88439941, 1797.02880859, 1882.53295898, 4391.7421875, 7935.44921875, 3979.30249023, 1465.21984863, 951.76171875, 2430.61376953, 1492.82556152, 4330.24365234, 1788.12219238, 1618.29516602, 2267.97705078, 1992.03344727, 3605.74365234, 1168.72119141, 456.785766602, 834.224853516, 605.627868652, 965.165649414, 349.303314209, 162.274856567, 122.647987366, 121.639076233, 48.6086463928, 29.8700771332, 15.6582345963, 3.30436706543, 0.715390563011, 0.0384809188545, 0.000322464300552, 1.15235515352e-07, 1.7694816723e-09],
        "max": [3.19085717201, 17.364025116, 97.7080841064, 110.749320984, 205.913864136, 148.674621582, 170.089401245, 336.935516357, 431.786712646, 854.191955566, 1238.83984375, 1121.51977539, 460.382171631, 278.373687744, 490.76574707, 318.078460693, 480.229980469, 353.541870117, 302.32333374, 485.435852051, 397.568786621, 518.494140625, 260.541748047, 185.124954224, 408.831085205, 310.898284912, 420.955291748, 159.355880737, 95.3641204834, 116.904136658, 98.037979126, 90.0148391724, 82.114692688, 41.1856575012, 12.7807102203, 5.78156614304, 1.1962685585, 0.119211636484, 0.0022476457525, 0.000257860025158],
        "mean": [0.236537009478, 1.35869860649, 3.34386181831, 4.41042947769, 6.45321559906, 7.21347951889, 9.74103450775, 13.9678087234, 26.0564632416, 31.6552658081, 57.3303375244, 46.2483482361, 20.3105201721, 13.6478214264, 14.453207016, 14.2929010391, 20.0903091431, 17.5329666138, 17.8603610992, 20.9674129486, 20.4466609955, 21.8332271576, 16.7332687378, 11.193110466, 13.2034931183, 12.5903959274, 10.3097467422, 7.70228528976, 6.15690565109, 4.82467222214, 4.4072933197, 3.41721916199, 2.74326515198, 1.96937990189, 0.8828753829, 0.375129550695, 0.081358641386, 0.00528372311965, 0.00013416109141, 4.08807391068e-05],
        "median": [0.0170671697706, 0.190232813358, 0.433930814266, 0.694846332073, 1.8962635994, 2.69698953629, 3.09614467621, 4.96566390991, 9.16818237305, 7.91125392914, 13.9995269775, 9.64744281769, 5.30888748169, 3.5060904026, 4.22527074814, 4.77232122421, 4.98996114731, 4.9671998024, 4.33555459976, 3.71104097366, 2.85755801201, 3.76235103607, 4.95646238327, 3.78358817101, 3.85088181496, 3.05647706985, 2.562759161, 2.29885911942, 1.60545372963, 1.07514417171, 0.896609783173, 0.69512796402, 0.747450232506, 0.590354084969, 0.275955319405, 0.0855029299855, 0.0190259050578, 0.00134209846146, 4.68701182399e-05, 3.06218607875e-05],
        "min": [3.31382672414e-08, 7.3291141689e-07, 3.53448049282e-05, 0.000751769344788, 0.00175518752076, 0.000508689146955, 0.000749531784095, 0.00388978165574, 0.00180537509732, 0.00180054688826, 0.000975074362941, 0.00286632659845, 0.00290286354721, 0.00237685977481, 0.00401784991845, 0.00297296862118, 0.0036147213541, 0.00375407817774, 0.00385252875276, 0.00267438986339, 0.00115730089601, 0.00287407939322, 0.00569912558421, 0.00721752643585, 0.00738167669624, 0.00101991114207, 0.00345992716029, 0.00152130424976, 0.00204871455207, 0.000218237633817, 0.000815088395029, 0.00125313410535, 0.00173557538074, 0.000245109666139, 0.000295977195492, 4.14425740018e-05, 3.77099217985e-06, 4.94040989452e-07, 5.55531755708e-07, 4.27997235874e-07],
        "var": [0.160419479012, 5.59338188171, 87.7228240967, 98.6256790161, 196.279418945, 140.806732178, 373.407287598, 876.836791992, 2199.04760742, 4753.61425781, 12416.9628906, 11885.8867188, 1767.79663086, 719.78692627, 1168.61450195, 775.858215332, 2226.23779297, 1046.4050293, 1200.82556152, 2064.328125, 1590.40661621, 1965.77294922, 875.339050293, 402.354400635, 1030.39990234, 861.510314941, 679.074279785, 225.603515625, 144.247192383, 98.2079849243, 80.8668746948, 56.2428512573, 38.9789009094, 15.3148212433, 2.42607903481, 0.520218372345, 0.0244214292616, 0.000128294152091, 5.84337840337e-08, 1.64511204659e-09]
    },
    "gfcc": {
        "mean": [-28.1464233398, 70.5466995239, -108.569458008, 24.2243461609, -74.0308609009, 7.49305963516, -52.2196578979, 14.1417160034, -29.1304130554, 7.61893463135, -16.3679180145, -3.45239305496, -14.0697927475],
        "cov": [[9222.58007812, 30.2786464691, -326.265441895, 999.146850586, 926.002502441, 1463.64953613, 1184.17565918, 1064.76245117, 869.829162598, 637.918579102, -175.447738647, 378.304168701, 202.184112549], [30.2786464691, 1763.52404785, 358.67477417, -157.631958008, 481.416107178, 237.649383545, 329.385437012, 157.150985718, 278.963378906, 13.3747463226, 143.072006226, -83.751625061, 95.2632522583], [-326.265441895, 358.67477417, 833.282409668, 219.317626953, 151.009048462, 157.436294556, 67.0199737549, -31.1643657684, -43.4065551758, -7.81975698471, 29.2348194122, 47.9205245972, 11.3773841858], [999.146850586, -157.631958008, 219.317626953, 708.126586914, 250.597503662, 297.112976074, 211.265335083, 136.063400269, 153.211547852, 123.356414795, 38.8353042603, 63.5323944092, 100.175796509], [926.002502441, 481.416107178, 151.009048462, 250.597503662, 499.996185303, 320.207489014, 265.54397583, 200.378479004, 219.110366821, 112.876899719, -17.9930858612, 44.9385604858, 68.8340377808], [1463.64953613, 237.649383545, 157.436294556, 297.112976074, 320.207489014, 642.61907959, 493.931060791, 263.088317871, 256.890319824, 167.281295776, 15.8684616089, 39.7379837036, 56.3487815857], [1184.17565918, 329.385437012, 67.0199737549, 211.265335083, 265.54397583, 493.931060791, 571.122558594, 296.286560059, 263.750762939, 163.717712402, 42.3050727844, 12.0451049805, 37.5966110229], [1064.76245117, 157.150985718, -31.1643657684, 136.063400269, 200.378479004, 263.088317871, 296.286560059, 342.525665283, 255.607681274, 141.268218994, 16.6291332245, 27.8757648468, 41.6895446777], [869.829162598, 278.963378906, -43.4065551758, 153.211547852, 219.110366821, 256.890319824, 263.750762939, 255.607681274, 365.566833496, 173.656951904, 54.1734580994, 35.0292778015, 72.2757568359], [637.918579102, 13.3747463226, -7.81975698471, 123.356414795, 112.876899719, 167.281295776, 163.717712402, 141.268218994, 173.656951904, 198.274246216, 49.2607040405, 41.0516929626, 42.7972564697], [-175.447738647, 143.072006226, 29.2348194122, 38.8353042603, -17.9930858612, 15.8684616089, 42.3050727844, 16.6291332245, 54.1734580994, 49.2607040405, 181.51675415, 38.7893486023, 45.0749740601], [378.304168701, -83.751625061, 47.9205245972, 63.5323944092, 44.9385604858, 39.7379837036, 12.0451049805, 27.8757648468, 35.0292778015, 41.0516929626, 38.7893486023, 177.8621521, 51.5760040283], [202.184112549, 95.2632522583, 11.3773841858, 100.175796509, 68.8340377808, 56.3487815857, 37.5966110229, 41.6895446777, 72.2757568359, 42.7972564697, 45.0749740601, 51.5760040283, 130.66633606]],
        "icov": [[0.000338060490321, -0.000351402355591, 0.000451503816294, -0.000511317048222, 0.000403390877182, -0.000656925083604, 0.000298520666547, -0.000690018583555, 0.000400343880756, -0.000610800692812, 0.000893470831215, -0.000917197437957, 0.000323271233356], [-0.000351402355591, 0.0030520001892, -0.00176289631054, 0.0027531995438, -0.00358484196477, 0.0016223982675, -0.00180488394108, 0.00163251301274, -0.00245942617767, 0.00295175914653, -0.0035122258123, 0.00327497185208, -0.00213881651871], [0.000451503816294, -0.00176289631054, 0.00276984763332, -0.00211078324355, 0.00152833550237, -0.00180013198406, 0.00123869802337, -0.00105228379834, 0.00210924842395, -0.00167813186999, 0.00191875628661, -0.00261580711231, 0.00166773749515], [-0.000511317048222, 0.0027531995438, -0.00211078324355, 0.00470920838416, -0.00365703972057, 0.00115763768554, -0.00149446027353, 0.00174018763937, -0.00214832485653, 0.00226724497043, -0.0035476279445, 0.00330014829524, -0.00297364266589], [0.000403390877182, -0.00358484196477, 0.00152833550237, -0.00365703972057, 0.00804870668799, -0.00260960869491, 0.00191951205488, -0.00232866569422, 0.00153361144476, -0.00323382462375, 0.00541803613305, -0.00409569684416, 0.0016945276875], [-0.000656925083604, 0.0016223982675, -0.00180013198406, 0.00115763768554, -0.00260960869491, 0.00740582169965, -0.00544452853501, 0.00219475687481, -0.00193495955318, 0.00135802209843, -0.0015761947725, 0.00211271457374, -0.00151447358076], [0.000298520666547, -0.00180488394108, 0.00123869802337, -0.00149446027353, 0.00191951205488, -0.00544452853501, 0.00810340512544, -0.00380307040177, 0.00147366593592, -0.00205717468634, 0.00078263413161, -0.00111210905015, 0.00213798834011], [-0.000690018583555, 0.00163251301274, -0.00105228379834, 0.00174018763937, -0.00232866569422, 0.00219475687481, -0.00380307040177, 0.0097872056067, -0.00505969161168, 0.00124327000231, -0.00161494547501, 0.00206581084058, -0.00097997917328], [0.000400343880756, -0.00245942617767, 0.00210924842395, -0.00214832485653, 0.00153361144476, -0.00193495955318, 0.00147366593592, -0.00505969161168, 0.0102797141299, -0.00558458408341, 0.00174776790664, -0.00227376399562, 0.000291454867693], [-0.000610800692812, 0.00295175914653, -0.00167813186999, 0.00226724497043, -0.00323382462375, 0.00135802209843, -0.00205717468634, 0.00124327000231, -0.00558458408341, 0.0128732034937, -0.00511989369988, 0.0025750126224, -0.00186338811181], [0.000893470831215, -0.0035122258123, 0.00191875628661, -0.0035476279445, 0.00541803613305, -0.0015761947725, 0.00078263413161, -0.00161494547501, 0.00174776790664, -0.00511989369988, 0.0121533405036, -0.00560025405139, 0.000574693724047], [-0.000917197437957, 0.00327497185208, -0.00261580711231, 0.00330014829524, -0.00409569684416, 0.00211271457374, -0.00111210905015, 0.00206581084058, -0.00227376399562, 0.0025750126224, -0.00560025405139, 0.0113324774429, -0.00449029542506], [0.000323271233356, -0.00213881651871, 0.00166773749515, -0.00297364266589, 0.0016945276875, -0.00151447358076, 0.00213798834011, -0.00097997917328, 0.000291454867693, -0.00186338811181, 0.000574693724047, -0.00449029542506, 0.0123279197142]]
    },
    "melbands": {
        "dmean": [0.000794357736595, 0.00135206559207, 0.00066246103961, 0.000338472920703, 0.000252439524047, 0.000232109436183, 0.000213285326026, 0.000220788933802, 0.000235996354604, 0.000127545616124, 5.99297527515e-05, 4.29899591836e-05, 4.27993363701e-05, 2.71413500741e-05, 3.79619159503e-05, 3.08415910695e-05, 2.44496040978e-05, 2.32030088227e-05, 2.1007606847e-05, 2.12975810427e-05, 1.89182865142e-05, 1.94788481167e-05, 1.33283156174e-05, 1.02986359707e-05, 5.80021105634e-06, 6.15936323811e-06, 6.74914826959e-06, 5.27510337633e-06, 4.66684741696e-06, 3.42884595739e-06, 3.72850945496e-06, 2.78964330391e-06, 2.1712146463e-06, 1.87176658528e-06, 1.94707990886e-06, 1.84875909781e-06, 1.36035509968e-06, 1.21693403798e-06, 1.32151524213e-06, 1.1258982795e-06],
        "dmean2": [0.0012186577078, 0.00226817582734, 0.00108971481677, 0.000576102756895, 0.000434270797996, 0.000396227755118, 0.000333320000209, 0.000320883817039, 0.000338120968081, 0.000179542170372, 8.90784431249e-05, 6.55862459098e-05, 6.65661500534e-05, 4.00703611376e-05, 6.3679231971e-05, 4.86840144731e-05, 3.91930734622e-05, 3.64471306966e-05, 3.22669366142e-05, 3.2042262319e-05, 2.93717093882e-05, 3.14293793053e-05, 2.16251464735e-05, 1.55047036969e-05, 8.79583512869e-06, 9.263728316e-06, 1.03019801827e-05, 7.85393785918e-06, 7.35116191208e-06, 5.26539315615e-06, 5.99048735239e-06, 4.11123346566e-06, 3.07011600853e-06, 2.72377883448e-06, 3.03311958305e-06, 2.88357841782e-06, 2.02033288588e-06, 1.81793893717e-06, 1.96691507881e-06, 1.70715645709e-06],
        "dvar": [2.57984925156e-06, 2.0161323846e-05, 2.8730601116e-06, 7.44339160974e-07, 3.79828549057e-07, 3.19731043419e-07, 1.81182159054e-07, 2.98447901059e-07, 2.39009494862e-07, 7.69899202169e-08, 1.81752781714e-08, 8.33918445409e-09, 1.66064015872e-08, 3.67763308695e-09, 9.07207553524e-09, 4.90553508925e-09, 2.52584442251e-09, 2.35730146514e-09, 3.31735372505e-09, 2.03925143438e-09, 1.48979173442e-09, 1.99118810329e-09, 7.8283013405e-10, 4.47621911759e-10, 1.38721992227e-10, 2.30920407795e-10, 2.18237219962e-10, 1.86291829185e-10, 1.96431718114e-10, 5.99501767673e-11, 8.26779408825e-11, 3.09612856186e-11, 2.10900203551e-11, 1.72125300124e-11, 1.82989248754e-11, 1.60352096185e-11, 9.07834397934e-12, 7.97792734653e-12, 9.06598320721e-12, 5.17246445328e-12],
        "dvar2": [5.69469375478e-06, 5.31604746357e-05, 7.56864164941e-06, 2.00872727874e-06, 1.04558819203e-06, 8.54885399804e-07, 4.10391294281e-07, 6.25420057077e-07, 4.79422055832e-07, 1.32986400558e-07, 4.00014705804e-08, 1.79454957561e-08, 4.28727844337e-08, 8.42303737869e-09, 2.47804852194e-08, 1.16768070768e-08, 6.52306875182e-09, 5.75433922734e-09, 7.39062233635e-09, 4.1548555707e-09, 3.24227755755e-09, 4.73093120235e-09, 1.8954258163e-09, 9.4899743619e-10, 3.13985643041e-10, 4.86809370592e-10, 4.47213377441e-10, 3.51639023455e-10, 5.20552267957e-10, 1.37743108586e-10, 2.05459566027e-10, 6.58235757567e-11, 4.32310402754e-11, 3.64578436884e-11, 4.42680093971e-11, 3.45130105051e-11, 1.86521909029e-11, 1.50924255732e-11, 1.74609649656e-11, 1.14655585373e-11],
        "max": [0.023195721209, 0.0404136329889, 0.0179153662175, 0.0136450463906, 0.00559589779004, 0.00683286786079, 0.00561536150053, 0.0101323779672, 0.00811176374555, 0.00600962108001, 0.00243984325789, 0.00136236532126, 0.00214139278978, 0.000757768924814, 0.00107512623072, 0.00073576788418, 0.000636495591607, 0.000494801090099, 0.000905196531676, 0.000721198448446, 0.000480458111269, 0.000613519165199, 0.000282855558908, 0.000357963726856, 0.000157435162691, 0.00033667605021, 0.000344057363691, 0.000283079833025, 0.000294760044198, 0.000139928233693, 9.73375499598e-05, 5.89085684624e-05, 6.93652909831e-05, 5.52647143195e-05, 5.80418054597e-05, 6.23761079623e-05, 5.35826875421e-05, 5.77685605094e-05, 5.3536688938e-05, 2.88225874101e-05],
        "mean": [0.00204671220854, 0.00178881362081, 0.0008433102048, 0.000490760139655, 0.000350287271431, 0.000321162166074, 0.000375781644834, 0.00040619407082, 0.000485332857352, 0.000260168890236, 9.76635710686e-05, 5.79311781621e-05, 5.00321584695e-05, 3.82810576411e-05, 4.60588162241e-05, 3.97460971726e-05, 3.1811901863e-05, 3.03639990307e-05, 2.57482952293e-05, 2.91989872494e-05, 2.19196954276e-05, 2.31979192904e-05, 1.64930461324e-05, 1.44372743307e-05, 8.11441441328e-06, 9.04700027604e-06, 9.90223361441e-06, 8.06503521744e-06, 6.70987446938e-06, 5.11290909344e-06, 4.28850580647e-06, 3.54174153472e-06, 2.97484371004e-06, 2.49555546361e-06, 2.4922949251e-06, 2.44932175519e-06, 1.93360756384e-06, 1.82179792318e-06, 2.01493844543e-06, 1.54155077325e-06],
        "median": [0.000190800506971, 0.000298698141705, 0.000190721271792, 0.000184785298188, 0.000111319182906, 0.00011715360597, 0.000122984871268, 7.23880148144e-05, 0.000107353953354, 4.71089479106e-05, 1.88317972061e-05, 1.26211598399e-05, 1.11762428787e-05, 9.24405048863e-06, 1.09407401396e-05, 8.01442092779e-06, 8.26517953101e-06, 5.97031839789e-06, 4.28855992141e-06, 4.17919727624e-06, 2.66637221102e-06, 3.39700250152e-06, 4.15483964389e-06, 3.91724370274e-06, 2.5738779641e-06, 2.42834539677e-06, 2.75558113572e-06, 1.57720774041e-06, 1.58200543865e-06, 1.51700635342e-06, 1.1051436104e-06, 9.30955195599e-07, 6.98682868006e-07, 5.51182097297e-07, 4.94287576203e-07, 4.72440092381e-07, 3.76385173695e-07, 4.48212091442e-07, 6.11532811945e-07, 4.39683418563e-07],
        "min": [1.63684829579e-10, 1.72043190805e-09, 1.46943591517e-07, 7.25143038949e-08, 2.45242510744e-08, 7.7594442871e-08, 2.69463917846e-08, 2.10952748603e-08, 8.56525961268e-09, 1.53240051759e-08, 1.08472946181e-08, 9.60210666534e-09, 8.68122551623e-09, 4.07108258216e-09, 7.84116860331e-09, 1.14278622121e-08, 3.97901800397e-09, 4.78972328466e-09, 2.19842632987e-09, 3.20139381671e-09, 9.17893372421e-10, 1.1197105465e-09, 2.45556286416e-09, 6.36504982054e-09, 4.44962777735e-09, 6.68039268348e-09, 2.34082930817e-09, 1.23520317238e-11, 1.5929318975e-09, 1.62911151236e-09, 6.22634444003e-10, 1.00914709922e-09, 4.81940737318e-11, 2.99854689689e-11, 7.16534262479e-11, 3.85791204538e-10, 1.24731822093e-10, 1.00002572889e-09, 1.2983732145e-10, 1.2575324896e-12],
