{
"highlevel": {
    "danceability": {
        "all": {
            "danceable": 0.99998241663,
            "not_danceable": 1.75946661329e-05
        },
        "probability": 0.99998241663,
        "value": "danceable"
    },
    "gender": {
        "all": {
            "female": 0.971795797348,
            "male": 0.0282042007893
        },
        "probability": 0.971795797348,
        "value": "female"
    },
    "genre_dortmund": {
        "all": {
            "alternative": 0.058239415288,
            "blues": 0.0431014485657,
            "electronic": 0.118253804743,
            "folkcountry": 0.152754724026,
            "funksoulrnb": 0.030393993482,
            "jazz": 0.100837953389,
            "pop": 0.226230591536,
            "raphiphop": 0.203468054533,
            "rock": 0.0667200163007
        },
        "probability": 0.226230591536,
        "value": "pop"
    },
    "genre_electronic": {
        "all": {
            "ambient": 0.104744419456,
            "dnb": 0.395314127207,
            "house": 0.0919934734702,
            "techno": 0.0166513565928,
            "trance": 0.391296625137
        },
        "probability": 0.395314127207,
        "value": "dnb"
    },
    "genre_rosamerica": {
        "all": {
            "cla": 0.000662565696985,
            "dan": 0.252160996199,
            "hip": 0.0429490692914,
            "jaz": 0.00108749896754,
            "pop": 0.662729799747,
            "rhy": 0.0254628192633,
            "roc": 0.0144486706704,
            "spe": 0.000498573936056
        },
        "probability": 0.662729799747,
        "value": "pop"
    },
    "genre_tzanetakis": {
        "all": {
            "blu": 0.0620671063662,
            "cla": 0.034474901855,
            "cou": 0.103433981538,
            "dis": 0.0620971247554,
            "hip": 0.15527240932,
            "jaz": 0.310666948557,
            "met": 0.044346679002,
            "pop": 0.0620793737471,
            "reg": 0.0620816536248,
            "roc": 0.103479810059
        },
        "probability": 0.310666948557,
        "value": "jaz"
    },
    "ismir04_rhythm": {
        "all": {
            "ChaChaCha": 0.0234609078616,
            "Jive": 0.0157479159534,
            "Quickstep": 0.0734167248011,
            "Rumba-American": 0.0108728837222,
            "Rumba-International": 0.11478099227,
            "Rumba-Misc": 0.00802981015295,
            "Samba": 0.733372926712,
            "Tango": 0.00347429327667,
            "VienneseWaltz": 0.00964934565127,
            "Waltz": 0.00719422567636
        },
        "probability": 0.733372926712,
        "value": "Samba"
    },
    "mood_acoustic": {
        "all": {
            "acoustic": 0.012732164003,
            "not_acoustic": 0.98726785183
        },
        "probability": 0.98726785183,
        "value": "not_acoustic"
    },
    "mood_aggressive": {
        "all": {
            "aggressive": 0.241280794144,
            "not_aggressive": 0.758719205856
        },
        "probability": 0.758719205856,
        "value": "not_aggressive"
    },
    "mood_electronic": {
        "all": {
            "electronic": 0.708863377571,
            "not_electronic": 0.291136622429
        },
        "probability": 0.708863377571,
        "value": "electronic"
    },
    "mood_happy": {
        "all": {
            "happy": 0.792920649052,
            "not_happy": 0.207079350948
        },
        "probability": 0.792920649052,
        "value": "happy"
    },
    "mood_party": {
        "all": {
            "not_party": 0.221338301897,
            "party": 0.778661727905
        },
        "probability": 0.778661727905,
        "value": "party"
    },
    "mood_relaxed": {
        "all": {
            "not_relaxed": 0.751811444759,
            "relaxed": 0.248188555241
        },
        "probability": 0.751811444759,
        "value": "not_relaxed"
    },
    "mood_sad": {
        "all": {
            "not_sad": 0.759453773499,
            "sad": 0.2405462116
        },
        "probability": 0.759453773499,
        "value": "not_sad"
    },
    "moods_mirex": {
        "all": {
            "Cluster1": 0.21908518672,
            "Cluster2": 0.467525184155,
            "Cluster3": 0.0558950826526,
            "Cluster4": 0.18942566216,
            "Cluster5": 0.0680688768625
        },
        "probability": 0.467525184155,
        "value": "Cluster2"
    },
    "timbre": {
        "all": {
            "bright": 0.996148884296,
            "dark": 0.0038510914892
        },
        "probability": 0.996148884296,
        "value": "bright"
    },
    "tonal_atonal": {
        "all": {
            "atonal": 0.188209086657,
            "tonal": 0.811790943146
        },
        "probability": 0.811790943146,
        "value": "tonal"
    },
    "voice_instrumental": {
        "all": {
            "instrumental": 0.0607508644462,
            "voice": 0.939249157906
        },
        "probability": 0.939249157906,
        "value": "voice"
    }
},
"lowlevel": {
    "average_loudness": 0.984454154968,
    "barkbands_crest": {
        "dmean": 2.96573281288,
        "dmean2": 4.27136039734,
        "dvar": 8.48649787903,
        "dvar2": 17.892616272,
        "max": 26.4451065063,
        "mean": 13.7649087906,
        "median": 13.4636726379,
        "min": 2.09391260147,
        "var": 32.4496841431
    },
    "barkbands_flatness_db": {
        "dmean": 0.0378556959331,
        "dmean2": 0.0496666245162,
        "dvar": 0.00149387994315,
        "dvar2": 0.00277665490285,
        "max": 0.410642653704,
        "mean": 0.170141756535,
        "median": 0.171416550875,
        "min": 0.0271679256111,
        "var": 0.00462158815935
    },
    "barkbands_kurtosis": {
        "dmean": 7.86723136902,
        "dmean2": 11.9281044006,
        "dvar": 767.694946289,
        "dvar2": 1761.4362793,
        "max": 771.930969238,
        "mean": 9.87842559814,
        "median": 3.01532459259,
        "min": -1.60711407661,
        "var": 1138.05786133
    },
    "barkbands_skewness": {
        "dmean": 0.854184150696,
        "dmean2": 1.22952234745,
        "dvar": 1.49919843674,
        "dvar2": 3.31969857216,
        "max": 25.2924690247,
        "mean": 2.17950677872,
        "median": 1.78122019768,
        "min": -0.830448389053,
        "var": 3.89155483246
    },
    "barkbands_spread": {
        "dmean": 9.28888893127,
        "dmean2": 13.7816476822,
        "dvar": 126.571990967,
        "dvar2": 292.471740723,
        "max": 85.4514694214,
        "mean": 23.5373897552,
        "median": 20.5756702423,
        "min": 0.362629115582,
        "var": 216.35534668
    },
    "dissonance": {
        "dmean": 0.0287493411452,
        "dmean2": 0.0472385585308,
        "dvar": 0.000778015819378,
        "dvar2": 0.0021047051996,
        "max": 0.499268054962,
        "mean": 0.449331462383,
        "median": 0.460179954767,
        "min": 0.25250685215,
        "var": 0.00149709940888
    },
    "dynamic_complexity": 1.72213947773,
    "erbbands_crest": {
        "dmean": 3.45837545395,
        "dmean2": 5.31510686874,
        "dvar": 11.1537275314,
        "dvar2": 24.1138191223,
        "max": 31.8865718842,
        "mean": 10.9569854736,
        "median": 9.81876850128,
        "min": 2.35965704918,
        "var": 35.8623428345
    },
    "erbbands_flatness_db": {
        "dmean": 0.0222070161253,
        "dmean2": 0.0292601753026,
        "dvar": 0.000423616118496,
        "dvar2": 0.000749950180762,
        "max": 0.31687271595,
        "mean": 0.139974474907,
        "median": 0.133251979947,
        "min": 0.0603060685098,
        "var": 0.00186907721218
    },
    "erbbands_kurtosis": {
        "dmean": 1.66206812859,
        "dmean2": 2.42581820488,
        "dvar": 7.6000084877,
        "dvar2": 17.5413722992,
        "max": 53.8479270935,
        "mean": 1.61142814159,
        "median": 0.353954553604,
        "min": -1.63571035862,
        "var": 18.4967327118
    },
    "erbbands_skewness": {
        "dmean": 0.457679867744,
        "dmean2": 0.700447380543,
        "dvar": 0.192548051476,
        "dvar2": 0.434720605612,
        "max": 4.73864603043,
        "mean": 0.534700512886,
        "median": 0.507047712803,
        "min": -2.53650689125,
        "var": 0.602256715298
    },
    "erbbands_spread": {
        "dmean": 12.5417261124,
        "dmean2": 17.7399749756,
        "dvar": 168.43939209,
        "dvar2": 378.463348389,
        "max": 143.780960083,
        "mean": 41.8240470886,
        "median": 38.1970710754,
        "min": 2.54184961319,
        "var": 561.086547852
    },
    "hfc": {
        "dmean": 19.4950332642,
        "dmean2": 30.4735584259,
        "dvar": 917.49822998,
        "dvar2": 2321.16479492,
        "max": 168.292373657,
        "mean": 32.9167900085,
        "median": 23.6165561676,
        "min": 0.373201072216,
        "var": 936.357421875
    },
    "melbands_crest": {
        "dmean": 3.97480368614,
        "dmean2": 5.93426418304,
        "dvar": 16.071308136,
        "dvar2": 34.42137146,
        "max": 37.2279510498,
        "mean": 21.2994117737,
        "median": 21.3902072906,
        "min": 4.19357252121,
        "var": 53.9324188232
    },
    "melbands_flatness_db": {
        "dmean": 0.0473905317485,
        "dmean2": 0.0605414509773,
        "dvar": 0.00235113501549,
        "dvar2": 0.00472978083417,
        "max": 0.522532343864,
        "mean": 0.23431263864,
        "median": 0.237570330501,
        "min": 0.0375738739967,
        "var": 0.00717716105282
    },
    "melbands_kurtosis": {
        "dmean": 17.8515014648,
        "dmean2": 26.4578666687,
        "dvar": 1950.03564453,
        "dvar2": 4553.31591797,
        "max": 706.346313477,
        "mean": 27.965007782,
        "median": 10.4250049591,
        "min": -1.35903942585,
        "var": 3124.91333008
    },
    "melbands_skewness": {
        "dmean": 1.14246702194,
        "dmean2": 1.65005719662,
        "dvar": 2.33443069458,
        "dvar2": 4.98340845108,
        "max": 20.1059131622,
        "mean": 3.58083534241,
        "median": 2.79208159447,
        "min": -0.753360211849,
        "var": 7.3954577446
    },
    "melbands_spread": {
        "dmean": 9.28456306458,
        "dmean2": 14.2518062592,
        "dvar": 153.985580444,
        "dvar2": 394.378692627,
        "max": 88.3738555908,
        "mean": 20.2905158997,
        "median": 16.5205097198,
        "min": 0.36436599493,
        "var": 222.495651245
    },
    "pitch_salience": {
        "dmean": 0.0855651050806,
        "dmean2": 0.125221073627,
        "dvar": 0.00773157132789,
        "dvar2": 0.0152598908171,
        "max": 0.81661760807,
        "mean": 0.415056705475,
        "median": 0.41064530611,
        "min": 0.0500729419291,
        "var": 0.0236912686378
    },
    "silence_rate_20dB": {
        "dmean": 0,
        "dmean2": 0,
        "dvar": 0,
        "dvar2": 0,
        "max": 1,
        "mean": 1,
        "median": 1,
        "min": 1,
        "var": 0
    },
    "silence_rate_30dB": {
        "dmean": 0.0417956672609,
        "dmean2": 0.0836560800672,
        "dvar": 0.0400489941239,
        "dvar2": 0.0967959538102,
        "max": 1,
        "mean": 0.967517375946,
        "median": 1,
        "min": 0,
        "var": 0.0314275287092
    },
    "silence_rate_60dB": {
        "dmean": 0.00154798757285,
        "dmean2": 0.00309837330133,
        "dvar": 0.00154558161739,
        "dvar2": 0.00308872340247,
        "max": 1,
        "mean": 0.00309358071536,
        "median": 0,
        "min": 0,
        "var": 0.00308398390189
    },
    "spectral_centroid": {
        "dmean": 403.345153809,
        "dmean2": 594.826965332,
        "dvar": 200204.625,
        "dvar2": 489357.96875,
        "max": 4196.41992188,
        "mean": 1396.55810547,
        "median": 1316.58081055,
        "min": 193.457565308,
        "var": 370439.5625
    },
    "spectral_complexity": {
        "dmean": 7.46130037308,
        "dmean2": 10.4732761383,
        "dvar": 74.8710098267,
        "dvar2": 141.324356079,
        "max": 58,
        "mean": 19.4632644653,
        "median": 16,
        "min": 1,
        "var": 141.784606934
    },
    "spectral_decrease": {
        "dmean": 3.1163764902e-09,
        "dmean2": 4.43227721192e-09,
        "dvar": 8.22723763413e-18,
        "dvar2": 1.89292606947e-17,
        "max": -4.86249540632e-10,
        "mean": -1.38154030438e-08,
        "median": -1.30236097462e-08,
        "min": -3.39776882186e-08,
        "var": 4.65624830628e-17
    },
    "spectral_energy": {
        "dmean": 0.0126582169905,
        "dmean2": 0.018597079441,
        "dvar": 0.000132002460305,
        "dvar2": 0.000316132151056,
        "max": 0.13190113008,
        "mean": 0.0551281273365,
        "median": 0.0535208843648,
        "min": 0.00186906626914,
        "var": 0.000689451175276
    },
    "spectral_energyband_high": {
        "dmean": 0.00175938243046,
        "dmean2": 0.00279953912832,
        "dvar": 8.26189807412e-06,
        "dvar2": 2.04577281693e-05,
        "max": 0.0158236753196,
        "mean": 0.00192344211973,
        "median": 0.000722272088751,
        "min": 2.57589317698e-06,
        "var": 8.03140574135e-06
    },
    "spectral_energyband_low": {
        "dmean": 0.0105145564303,
        "dmean2": 0.014089262113,
        "dvar": 0.000126757455291,
        "dvar2": 0.000255856226431,
        "max": 0.110505960882,
        "mean": 0.0349013730884,
        "median": 0.026532035321,
        "min": 0.000896968820598,
        "var": 0.000684044382069
    },
    "spectral_energyband_middle_high": {
        "dmean": 0.00378691707738,
        "dmean2": 0.00573366181925,
        "dvar": 2.32211132243e-05,
        "dvar2": 5.72241879127e-05,
        "max": 0.0510013401508,
        "mean": 0.00813661050051,
        "median": 0.0062737618573,
        "min": 3.9369071601e-05,
        "var": 5.60068256164e-05
    },
    "spectral_energyband_middle_low": {
        "dmean": 0.00478431582451,
        "dmean2": 0.0073280823417,
        "dvar": 3.59325458703e-05,
        "dvar2": 8.80493098521e-05,
        "max": 0.0511048212647,
        "mean": 0.0109939919785,
        "median": 0.00940264482051,
        "min": 8.75129262567e-05,
        "var": 6.30097420071e-05
    },
    "spectral_entropy": {
        "dmean": 0.265364527702,
        "dmean2": 0.345429897308,
        "dvar": 0.0683467686176,
        "dvar2": 0.125873148441,
        "max": 8.73279285431,
        "mean": 7.66196489334,
        "median": 7.67499732971,
        "min": 6.01434707642,
        "var": 0.223378658295
    },
    "spectral_flux": {
        "dmean": 0.0342015847564,
        "dmean2": 0.0486363247037,
        "dvar": 0.000960296078119,
        "dvar2": 0.00186757498886,
        "max": 0.292791306973,
        "mean": 0.109751433134,
        "median": 0.0953046008945,
        "min": 0.0111198220402,
        "var": 0.0030684270896
    },
    "spectral_kurtosis": {
        "dmean": 1.20178043842,
        "dmean2": 1.76918876171,
        "dvar": 1.5799434185,
        "dvar2": 3.13603854179,
        "max": 16.7354507446,
        "mean": 3.26725411415,
        "median": 2.95660018921,
        "min": -1.37316787243,
        "var": 4.40734386444
    },
    "spectral_rms": {
        "dmean": 0.000863005232532,
        "dmean2": 0.00126447097864,
        "dvar": 6.06024173067e-07,
        "dvar2": 1.41668647302e-06,
        "max": 0.0113438982517,
        "mean": 0.00710005965084,
        "median": 0.00722602941096,
        "min": 0.00135036266875,
        "var": 3.37266305905e-06
    },
    "spectral_rolloff": {
        "dmean": 776.713256836,
        "dmean2": 1309.67236328,
        "dvar": 1669032.875,
        "dvar2": 4184590,
        "max": 8311.81640625,
        "mean": 1131.00231934,
        "median": 775.1953125,
        "min": 43.06640625,
        "var": 1722624.75
    },
    "spectral_skewness": {
        "dmean": 0.239544212818,
        "dmean2": 0.339380711317,
        "dvar": 0.0530134737492,
        "dvar2": 0.0982410982251,
        "max": 3.05414009094,
        "mean": 1.48604643345,
        "median": 1.45019364357,
        "min": 0.17785333097,
        "var": 0.184820726514
    },
    "spectral_spread": {
        "dmean": 800108.6875,
        "dmean2": 1104006.875,
        "dvar": 686723104768,
        "dvar2": 1.38180086989e+12,
        "max": 17002592,
        "mean": 5768083.5,
        "median": 5542065,
        "min": 2179477.75,
        "var": 2.38739652608e+12
    },
    "spectral_strongpeak": {
        "dmean": 0.386126488447,
        "dmean2": 0.683706402779,
        "dvar": 0.741654157639,
        "dvar2": 1.82599186897,
        "max": 7.02177429199,
        "mean": 0.674888432026,
        "median": 0.4143704772,
        "min": 0,
        "var": 0.790622413158
    },
    "zerocrossingrate": {
        "dmean": 0.0165732186288,
        "dmean2": 0.0195365455002,
        "dvar": 0.000290332187433,
        "dvar2": 0.000397993193474,
        "max": 0.1953125,
        "mean": 0.0506766438484,
        "median": 0.04248046875,
        "min": 0.001953125,
        "var": 0.000999641488306
    },
    "barkbands": {
        "dmean": [0.00124448828865, 0.0100874602795, 0.00296252104454, 0.00120245455764, 0.00179815362208, 0.00104730890598, 0.000567581504583, 0.00120957230683, 0.00104763580021, 0.00123357656412, 0.00101531518158, 0.000805985473562, 0.00035232846858, 0.000285973481368, 0.000427297665738, 0.000292562966933, 0.000446189194918, 0.000386540166801, 0.000358464079909, 0.00031929963734, 0.000328366470058, 0.000311555166263, 0.000276026636129, 0.00033542708843, 0.000271379831247, 0.000166769576026, 1.3208993721e-07],
        "dmean2": [0.00150217814371, 0.0142805855721, 0.0045480132103, 0.00216260249726, 0.00298115238547, 0.00167892291211, 0.000924793712329, 0.00190695782658, 0.00156726920977, 0.00172195699997, 0.00148500688374, 0.00125229742844, 0.000579526182264, 0.000458472874016, 0.000701560464222, 0.000466284516733, 0.000774174637627, 0.000671738933306, 0.000580237887334, 0.00051924813306, 0.000520629517268, 0.000499458983541, 0.000439893221483, 0.000545549031813, 0.000443028169684, 0.000277881510556, 2.44552893491e-07],
        "dvar": [3.49369474861e-06, 0.000158930080943, 5.6884069636e-05, 1.13810647235e-05, 7.52749838284e-06, 3.33761204274e-06, 1.48257686305e-06, 6.21729486738e-06, 4.64142658529e-06, 4.55238705399e-06, 2.73529462902e-06, 2.0849934117e-06, 1.25769952319e-06, 2.99628709399e-07, 4.94627443004e-07, 2.06033021755e-07, 9.2767430715e-07, 5.50949891931e-07, 2.73365003522e-07, 2.81383790934e-07, 2.80729523183e-07, 2.70664912705e-07, 2.05296331046e-07, 3.45372939137e-07, 2.10539766954e-07, 1.068109583e-07, 1.89672415144e-13],
        "dvar2": [6.01137435297e-06, 0.000309130060486, 0.000123167061247, 3.21133447869e-05, 1.9453556888e-05, 8.07367905509e-06, 3.43029341821e-06, 1.46900083564e-05, 1.04122773337e-05, 7.68945756136e-06, 4.76888499179e-06, 4.44125953436e-06, 3.46951424035e-06, 7.33262254471e-07, 1.27059172428e-06, 4.96561824548e-07, 2.6079435429e-06, 1.51664835357e-06, 6.82626364323e-07, 7.25317192973e-07, 7.00769760442e-07, 6.62335480683e-07, 5.221334618e-07, 8.71850488693e-07, 5.31038836016e-07, 2.59935291069e-07, 5.33663933357e-13],
        "max": [0.0281991697848, 0.0983934998512, 0.0508582293987, 0.0226649343967, 0.022246921435, 0.0222629960626, 0.0145013714209, 0.0263546705246, 0.0327824354172, 0.0443521030247, 0.0257175136358, 0.0187710784376, 0.0272792577744, 0.0074892276898, 0.00680934730917, 0.00416569178924, 0.00814598333091, 0.00647057499737, 0.0036074903328, 0.00330595253035, 0.0035518030636, 0.00350704602897, 0.00315714417957, 0.00506226206198, 0.00391360512003, 0.00182413565926, 5.61404658583e-06],
        "mean": [0.00296649825759, 0.0282987169921, 0.00323433917947, 0.00105516554322, 0.00288859475404, 0.00170935445931, 0.000888919224963, 0.00178036303259, 0.00177606218494, 0.00237903278321, 0.00191343470942, 0.00129516015295, 0.000441627635155, 0.000372162787244, 0.000496001914144, 0.000349462265149, 0.000411488930695, 0.000381983612897, 0.000407167128287, 0.000344407424564, 0.000333652715199, 0.000328303169226, 0.000287394999759, 0.000351567927282, 0.000289777846774, 0.000147438768181, 8.56230784052e-08],
        "median": [0.00119493575767, 0.0180804785341, 0.000359138706699, 0.000242666472332, 0.00160169729497, 0.000687820254825, 0.000324666238157, 0.0006427274202, 0.000555073027499, 0.000666064326651, 0.000494079606142, 0.000424431287684, 0.000149445448187, 0.000145236888784, 0.000166295023519, 0.000138194547617, 0.00012916669948, 0.00013599335216, 0.000196297842194, 0.000149448169395, 0.000110844521259, 0.000107947686047, 9.76964875008e-05, 0.000104466453195, 9.3854527222e-05, 3.2023388485e-05, 1.84935378122e-09],
        "min": [2.05974203027e-07, 4.04322054237e-05, 5.27215979673e-06, 1.50899225559e-07, 5.22193113284e-06, 2.06584672924e-06, 7.07065964889e-07, 1.05013157281e-06, 6.13957990936e-06, 2.94852884508e-06, 2.87618581751e-06, 2.76586547443e-06, 9.31469173793e-07, 6.27438282663e-07, 4.64795448352e-07, 9.39124731758e-07, 7.56544125124e-07, 5.27073780177e-07, 1.09822360628e-06, 7.66748655678e-07, 4.69024058702e-07, 5.39169604963e-07, 1.17869468852e-07, 1.15184803917e-07, 3.59143861317e-08, 4.66371490038e-11, 8.38614074017e-12],
        "var": [1.50124014908e-05, 0.000588617403992, 6.22289226158e-05, 7.17010198059e-06, 1.1416351299e-05, 6.11174573351e-06, 2.66804045168e-06, 1.07945770651e-05, 1.02066787804e-05, 2.17266770051e-05, 1.1259535313e-05, 5.18757678947e-06, 1.14731039957e-06, 3.97535956154e-07, 6.22504558123e-07, 2.7111275358e-07, 6.42136626539e-07, 4.35615788774e-07, 2.86511266268e-07, 2.57875683474e-07, 2.75912213965e-07, 2.71913535244e-07, 1.99641334575e-07, 3.31791284225e-07, 2.10106946952e-07, 9.33840311745e-08, 1.14947873268e-13]
    },
    "erbbands": {
        "dmean": [0.414632588625, 2.16647720337, 3.60078930855, 3.45579171181, 3.72378659248, 7.70965862274, 10.3724136353, 6.98609209061, 5.88942527771, 12.114774704, 31.6835384369, 24.55560112, 25.9301013947, 49.692440033, 29.839925766, 32.7528991699, 17.0666332245, 15.0701627731, 18.2288513184, 18.726858139, 16.3570632935, 22.1348552704, 18.7051773071, 20.819524765, 18.0217342377, 15.4247713089, 14.5574083328, 11.3342189789, 10.9757709503, 9.71535205841, 8.25068187714, 6.61335992813, 5.73963308334, 3.14928507805, 1.94113957882, 0.950946092606, 0.287278980017, 0.0196884218603, 0.000411847344367, 3.7253521441e-05],
        "dmean2": [0.540890395641, 2.89994645119, 5.11515951157, 5.63162279129, 6.37563562393, 12.7848138809, 16.1533622742, 11.2551202774, 9.51986885071, 19.5341339111, 48.6521453857, 36.6214485168, 37.0736045837, 70.0665588379, 45.4752731323, 50.3579788208, 27.9485473633, 24.094171524, 29.1760406494, 30.681022644, 26.5892982483, 38.7079353333, 32.3496284485, 34.6323814392, 29.8663768768, 25.209526062, 23.3854789734, 17.885477066, 17.6302471161, 15.3073863983, 13.4389476776, 10.7405805588, 9.38729286194, 5.04705524445, 3.19448494911, 1.61196506023, 0.472901254892, 0.0329259186983, 0.00068519054912, 6.16460602032e-05],
        "dvar": [0.244684562087, 10.0693225861, 67.2297821045, 83.4275436401, 64.7925949097, 166.356018066, 258.710693359, 181.994918823, 104.297203064, 653.91217041, 4657.79736328, 2887.87084961, 2124.57592773, 7646.8203125, 2338.30688477, 3825.2043457, 2327.19580078, 818.504943848, 913.066101074, 1016.16082764, 675.713012695, 2541.30419922, 1283.41589355, 1202.76293945, 850.474487305, 697.793579102, 496.172393799, 372.693908691, 367.239349365, 271.700317383, 196.159484863, 138.992355347, 99.5595397949, 25.3553142548, 12.4536075592, 3.2680785656, 0.334349960089, 0.00174733658787, 6.90902083988e-07, 3.17927284499e-09],
        "dvar2": [0.504807710648, 17.4980812073, 134.574539185, 211.728408813, 178.131866455, 432.381622314, 586.955383301, 470.060333252, 246.320831299, 1458.21899414, 10959.46875, 6479.08886719, 3618.06420898, 12924.8935547, 5045.36328125, 8152.93896484, 6327.36035156, 1988.6965332, 2289.58691406, 2663.81811523, 1747.15185547, 7216.25390625, 3524.74829102, 3157.21313477, 2164.72729492, 1798.66943359, 1247.79748535, 932.222229004, 896.360656738, 677.257629395, 507.067779541, 353.152679443, 247.727783203, 61.7779350281, 32.9476127625, 8.22455978394, 0.804809451103, 0.00433892896399, 1.70946850631e-06, 8.16850942442e-09],
        "max": [5.40338373184, 26.0579662323, 59.171043396, 60.260433197, 88.2509841919, 123.510665894, 220.190246582, 184.073074341, 115.009635925, 348.134033203, 738.147277832, 1018.8001709, 943.073913574, 1674.78405762, 569.861022949, 968.524108887, 1185.35949707, 431.266784668, 389.122802734, 283.835754395, 191.50428772, 432.866271973, 295.079376221, 321.90322876, 231.617919922, 174.931503296, 146.553756714, 115.265769958, 131.450958252, 131.741714478, 93.6082305908, 90.1095352173, 85.9343338013, 32.4275283813, 40.2887268066, 13.6038122177, 3.60239720345, 0.393279224634, 0.00668463669717, 0.00037675636122],
        "mean": [1.14432680607, 4.92104578018, 5.08320808411, 3.47048020363, 5.19239854813, 10.9460821152, 16.7638130188, 10.9640579224, 10.3779783249, 20.2461681366, 47.5717315674, 44.9805526733, 56.3848686218, 99.028678894, 54.251865387, 55.618927002, 24.8112640381, 20.7227172852, 22.9656963348, 23.4092292786, 19.0262184143, 20.4579524994, 19.1797676086, 23.6544723511, 19.1350879669, 16.6732788086, 14.8824472427, 11.4623470306, 11.3513250351, 10.7656555176, 8.17766952515, 6.77618074417, 6.01691293716, 3.45494437218, 1.96100151539, 0.871431648731, 0.24422647059, 0.0157571230084, 0.000369661371224, 8.68324423209e-05],
        "median": [0.718033611774, 2.92225027084, 1.06107020378, 0.830365359783, 2.13346385956, 5.66588115692, 6.58925008774, 4.57733011246, 4.36101865768, 7.82297992706, 16.1378173828, 17.5158176422, 19.9857177734, 30.9325313568, 23.2286968231, 22.918176651, 10.7099370956, 9.34865188599, 9.84242916107, 9.4398431778, 8.11548614502, 6.87090015411, 7.30877876282, 10.8909807205, 8.47772502899, 7.00446605682, 5.47609472275, 3.51328372955, 3.54202985764, 3.86999034882, 2.51781010628, 1.9273993969, 1.87032985687, 1.12318110466, 0.547432899475, 0.227315232158, 0.0412704907358, 0.00214263959788, 8.59559440869e-05, 7.46271398384e-05],
        "min": [0.00255496217869, 0.0171975269914, 0.0467365831137, 0.0120296478271, 0.015167048201, 0.0151513833553, 0.0225630961359, 0.0163163933903, 0.0172740612179, 0.0970705896616, 0.033888861537, 0.145897895098, 0.0862823426723, 0.129413753748, 0.102803342044, 0.108736358583, 0.0915032625198, 0.0429486967623, 0.0701052621007, 0.0539951473475, 0.0736743062735, 0.0374823771417, 0.0406047999859, 0.053703032434, 0.0422051660717, 0.0334530882537, 0.0181391183287, 0.0246886033565, 0.0182819161564, 0.00518291024491, 0.00327322911471, 0.000775580760092, 0.00137485284358, 0.00118324172217, 0.000100119897979, 6.69560995448e-06, 1.57143233537e-06, 2.2009822942e-07, 1.05930462269e-06, 2.1238752197e-06],
        "var": [1.18177831173, 29.708574295, 96.7586364746, 69.1478652954, 76.9608154297, 206.002075195, 541.726867676, 252.828643799, 220.140808105, 1198.70092773, 8140.44335938, 6169.59960938, 11396.7011719, 34844.0546875, 5393.00878906, 8575.5, 2626.00683594, 1105.44885254, 1161.64477539, 1149.60925293, 732.914916992, 1663.43701172, 1042.38452148, 1147.21789551, 779.429504395, 631.065246582, 485.024658203, 357.658630371, 356.60446167, 277.241668701, 178.401672363, 132.041534424, 97.9115829468, 27.9639987946, 11.1866970062, 2.7545800209, 0.296064019203, 0.00143856962677, 5.80827929753e-07, 3.54073748099e-09]
    },
    "gfcc": {
        "mean": [35.1826515198, 78.9523162842, -99.353263855, 35.6405410767, -59.2303695679, 35.2480506897, -26.3089599609, 26.8578071594, -23.9363479614, 9.35103702545, -10.4257907867, 8.18365955353, -1.88247418404],
        "cov": [[3218.59692383, -1178.19519043, -401.185119629, 7.47515058517, -277.66317749, -109.117080688, -319.375579834, -31.1932163239, -236.649276733, 7.57222938538, -263.05166626, 107.52747345, -179.530166626], [-1178.19519043, 935.163818359, -21.9152908325, -148.68157959, 130.374908447, -22.1360721588, 174.292068481, -0.581319630146, 81.022277832, -60.8414649963, 161.024627686, -92.5466079712, 103.008117676], [-401.185119629, -21.9152908325, 603.978027344, 148.010406494, -31.1044044495, 2.60208535194, -6.74999523163, -23.8783130646, -10.7326631546, 55.3537254333, -25.405210495, 37.1871299744, -41.5017280579], [7.47515058517, -148.68157959, 148.010406494, 312.44128418, 62.5611076355, -58.2174797058, -90.4320449829, -28.1524124146, 58.4762840271, 8.7692937851, -42.0666313171, 6.8587975502, -3.49028420448], [-277.66317749, 130.374908447, -31.1044044495, 62.5611076355, 254.895080566, 47.2556610107, 32.0296211243, 20.6450881958, 63.1826820374, -27.3657932281, -10.9965114594, -42.0460357666, 10.9102563858], [-109.117080688, -22.1360721588, 2.60208535194, -58.2174797058, 47.2556610107, 225.356491089, 118.435882568, 32.2811355591, 3.62982726097, 5.20232057571, 26.4101467133, -33.2773704529, 16.735534668], [-319.375579834, 174.292068481, -6.74999523163, -90.4320449829, 32.0296211243, 118.435882568, 288.123474121, 93.8896560669, 10.6412067413, -0.800768315792, 62.9074478149, -34.7879676819, 33.1644706726], [-31.1932163239, -0.581319630146, -23.8783130646, -28.1524124146, 20.6450881958, 32.2811355591, 93.8896560669, 172.796295166, 77.9354171753, -0.724944293499, 9.39050292969, -22.4948730469, 9.36109352112], [-236.649276733, 81.022277832, -10.7326631546, 58.4762840271, 63.1826820374, 3.62982726097, 10.6412067413, 77.9354171753, 175.598770142, 27.2508468628, 4.13575983047, -42.4701881409, 13.7261724472], [7.57222938538, -60.8414649963, 55.3537254333, 8.7692937851, -27.3657932281, 5.20232057571, -0.800768315792, -0.724944293499, 27.2508468628, 104.32624054, 29.9587841034, 10.2320232391, -2.40127062798], [-263.05166626, 161.024627686, -25.405210495, -42.0666313171, -10.9965114594, 26.4101467133, 62.9074478149, 9.39050292969, 4.13575983047, 29.9587841034, 140.715194702, 10.4061460495, 53.064617157], [107.52747345, -92.5466079712, 37.1871299744, 6.8587975502, -42.0460357666, -33.2773704529, -34.7879676819, -22.4948730469, -42.4701881409, 10.2320232391, 10.4061460495, 121.31791687, 20.1877174377], [-179.530166626, 103.008117676, -41.5017280579, -3.49028420448, 10.9102563858, 16.735534668, 33.1644706726, 9.36109352112, 13.7261724472, -2.40127062798, 53.064617157, 20.1877174377, 126.71346283]],
        "icov": [[0.000913847412448, 0.000700610806234, 0.000800019828603, -0.000156383568537, 0.000437714683358, 0.000113205860544, 0.000392683432437, -0.000606023706496, 0.00110557000153, -0.00046432306408, 0.0007939923089, -4.03223493777e-05, 0.000417648057919], [0.000700610806234, 0.00471786782146, -0.00101764290594, 0.0032748519443, -0.00178518507164, 0.00349813723005, -0.00182173098437, 0.00299265282229, -0.00273451791145, 0.00382460141554, -0.00380414165556, 0.0027944764588, -0.00162173935678], [0.000800019828603, -0.00101764290594, 0.00353728351183, -0.00276851607487, 0.00159460387658, -0.00157201173715, 0.000636155426037, -0.00179409456905, 0.00274596945383, -0.00309283542447, 0.00273287948221, -0.00176368362736, 0.0018598549068], [-0.000156383568537, 0.0032748519443, -0.00276851607487, 0.00782855320722, -0.00306031969376, 0.00363951176405, -0.000802618567832, 0.00378327374347, -0.00491013145074, 0.00362538732588, -0.00289976084605, 0.00207138434052, -0.0023765640799], [0.000437714683358, -0.00178518507164, 0.00159460387658, -0.00306031969376, 0.00653924187645, -0.00282023171894, 0.000660585646983, -0.00139870750718, 0.000568291172385, -0.000667752174195, 0.00283710588701, -0.000816674379166, 0.00111701362766], [0.000113205860544, 0.00349813723005, -0.00157201173715, 0.00363951176405, -0.00282023171894, 0.00895532872528, -0.00371590233408, 0.00289048952982, -0.00232578092255, 0.00255138869397, -0.00334752025083, 0.00340409646742, -0.0021190433763], [0.000392683432437, -0.00182173098437, 0.000636155426037, -0.000802618567832, 0.000660585646983, -0.00371590233408, 0.00758322980255, -0.00518764322624, 0.00359690305777, -0.0020658178255, 0.000591919699218, -0.000149525541929, 0.000403088401072], [-0.000606023706496, 0.00299265282229, -0.00179409456905, 0.00378327374347, -0.00139870750718, 0.00289048952982, -0.00518764322624, 0.0129349436611, -0.00881068129092, 0.00505293812603, -0.0033345001284, 0.0013848223025, -0.00140802573878], [0.00110557000153, -0.00273451791145, 0.00274596945383, -0.00491013145074, 0.000568291172385, -0.00232578092255, 0.00359690305777, -0.00881068129092, 0.0150029864162, -0.00777481449768, 0.00457496661693, 0.00072274717968, 0.000717636197805], [-0.00046432306408, 0.00382460141554, -0.00309283542447, 0.00362538732588, -0.000667752174195, 0.00255138869397, -0.0020658178255, 0.00505293812603, -0.00777481449768, 0.0170671716332, -0.00798289943486, 0.00149549648631, -0.000521743902937], [0.0007939923089, -0.00380414165556, 0.00273287948221, -0.00289976084605, 0.00283710588701, -0.00334752025083, 0.000591919699218, -0.0033345001284, 0.00457496661693, -0.00798289943486, 0.0157103389502, -0.00351192662492, -0.00134458579123], [-4.03223493777e-05, 0.0027944764588, -0.00176368362736, 0.00207138434052, -0.000816674379166, 0.00340409646742, -0.000149525541929, 0.0013848223025, 0.00072274717968, 0.00149549648631, -0.00351192662492, 0.0127765983343, -0.00390663743019], [0.000417648057919, -0.00162173935678, 0.0018598549068, -0.0023765640799, 0.00111701362766, -0.0021190433763, 0.000403088401072, -0.00140802573878, 0.000717636197805, -0.000521743902937, -0.00134458579123, -0.00390663743019, 0.0116256522015]]
    },
    "melbands": {
        "dmean": [0.0030454446096, 0.00193798344117, 0.000574398727622, 0.000385539431591, 0.000353886018274, 0.000163784308825, 9.99774492811e-05, 0.00014513147471, 0.000267567287665, 0.000153656234033, 0.000132118890178, 0.000204537907848, 0.000108889762487, 8.9305533038e-05, 6.76264171489e-05, 3.15192701237e-05, 2.92735785479e-05, 2.69026259048e-05, 3.43146857631e-05, 2.49871482083e-05, 1.98816251213e-05, 2.58182226389e-05, 1.71861338458e-05, 1.88731446542e-05, 1.72805830516e-05, 1.27573894133e-05, 1.23834297483e-05, 1.01851501313e-05, 8.93021206139e-06, 8.37953393784e-06, 6.39098061583e-06, 6.31422290098e-06, 5.99044005867e-06, 5.00136002302e-06, 4.75417846246e-06, 4.43087901658e-06, 4.10835400544e-06, 4.26069937021e-06, 3.59646674042e-06, 2.42775286097e-06],
        "dmean2": [0.00423962064087, 0.00250169588253, 0.000907276989892, 0.000650270842016, 0.000547951902263, 0.000262072746409, 0.000161339426995, 0.000236555672018, 0.000410232954891, 0.000228686170885, 0.000189604965271, 0.000287319067866, 0.000164914337802, 0.000133424051455, 0.000107188796392, 5.15628489666e-05, 4.70191334898e-05, 4.32387896581e-05, 5.62067070859e-05, 4.02215555368e-05, 3.29608919856e-05, 4.5379580115e-05, 2.97378555842e-05, 3.27675006702e-05, 2.87938764814e-05, 2.0754921934e-05, 2.08886631299e-05, 1.67745474755e-05, 1.45352114487e-05, 1.34630754474e-05, 1.03465645225e-05, 1.02111980596e-05, 9.6025332823e-06, 8.00851375971e-06, 7.77670811658e-06, 7.28879149392e-06, 6.67375024932e-06, 7.01205954101e-06, 5.80125379201e-06, 3.89743490814e-06],
        "dvar": [1.27753946799e-05, 1.14784388643e-05, 1.94264816855e-06, 4.07850080819e-07, 2.65774446007e-07, 9.02096175537e-08, 3.47399335965e-08, 8.44175076509e-08, 3.39281513106e-07, 1.18481949585e-07, 5.34365121041e-08, 1.34540641739e-07, 2.76015992284e-08, 2.07045900424e-08, 2.547146849e-08, 5.29670751703e-09, 3.29999583215e-09, 2.43484832296e-09, 3.63503915857e-09, 1.70398162247e-09, 1.16209486478e-09, 3.70516173298e-09, 1.11589593121e-09, 1.33709743277e-09, 8.15978451474e-10, 3.80404485689e-10, 4.9215914677e-10, 3.14928749745e-10, 1.7853603318e-10, 2.2485696638e-10, 1.30508201468e-10, 1.28789923171e-10, 9.97222859844e-11, 7.5351051787e-11, 6.70513852774e-11, 5.90480234153e-11, 5.72522411424e-11, 6.17797549229e-11, 3.8604400926e-11, 1.44023352272e-11],
        "dvar2": [2.56643379544e-05, 1.80097522389e-05, 4.69245742352e-06, 1.08517940589e-06, 6.16160377831e-07, 2.29379139682e-07, 7.80611983942e-08, 1.85044200407e-07, 7.99848123734e-07, 2.59030201732e-07, 9.20788636449e-08, 2.26912845847e-07, 5.70043319215e-08, 4.13419307677e-08, 6.19137736635e-08, 1.38480293899e-08, 7.7667365872e-09, 6.17012974047e-09, 9.37567801174e-09, 4.19134194019e-09, 3.04246761118e-09, 1.05637782966e-08, 3.0734230716e-09, 3.68886832192e-09, 2.12804751598e-09, 9.24458065654e-10, 1.30566590872e-09, 8.08190847579e-10, 4.53623694163e-10, 5.65230640071e-10, 3.34590521955e-10, 3.16616510787e-10, 2.42184855503e-10, 1.87048029843e-10, 1.73444092422e-10, 1.5390196062e-10, 1.44913164801e-10, 1.59901175634e-10, 9.45893849358e-11, 3.51108829511e-11],
        "max": [0.0343857035041, 0.0267909299582, 0.00950386468321, 0.00514411274344, 0.00602772878483, 0.0037521130871, 0.00225232238881, 0.00428516464308, 0.00585485575721, 0.00629979744554, 0.00469480548054, 0.00740515720099, 0.00181146862451, 0.00220468780026, 0.00316483853385, 0.00129184138495, 0.000810383469798, 0.000705790997017, 0.000536146515515, 0.000415609829361, 0.000251653051237, 0.000517432694323, 0.000288816227112, 0.000304046348901, 0.000269700016361, 0.000156359645189, 0.000184527423698, 0.000127047780552, 9.77509989752e-05, 0.000122258992633, 7.76320011937e-05, 7.75111693656e-05, 7.67543751863e-05, 6.45770996925e-05, 6.29283458693e-05, 6.17616897216e-05, 6.25786196906e-05, 7.82935967436e-05, 4.05488281103e-05, 3.04013519781e-05],
        "mean": [0.00892526935786, 0.00404170108959, 0.000658452161588, 0.000552293204237, 0.000585943518672, 0.000262924004346, 0.000172038970049, 0.000237318061409, 0.000393335707486, 0.000276329868939, 0.000271378725301, 0.00039150431985, 0.00019280530978, 0.000150385400048, 0.000102588433947, 4.24789868703e-05, 3.79440134566e-05, 3.27528978232e-05, 4.03775375162e-05, 2.90086973109e-05, 2.13115381484e-05, 2.32685488299e-05, 1.60214785865e-05, 1.90993869182e-05, 1.93570340343e-05, 1.40417914736e-05, 1.24805073938e-05, 1.08047097456e-05, 9.33424325922e-06, 8.10362234915e-06, 6.21600838713e-06, 6.27274403087e-06, 6.51343725622e-06, 5.56596432943e-06, 4.64015329271e-06, 4.33468221672e-06, 4.0865511437e-06, 4.25394409831e-06, 3.76600405616e-06, 2.6655743568e-06],
        "median": [0.00577737996355, 0.00182959216181, 0.000191239174455, 0.00028428377118, 0.000282307679299, 0.000106557286927, 6.76449417369e-05, 9.36003780225e-05, 0.000108864885988, 9.53679627855e-05, 7.56919325795e-05, 0.000103829217551, 6.23843952781e-05, 6.88102445565e-05, 3.33879361278e-05, 1.28752162709e-05, 1.52215434355e-05, 1.36406333695e-05, 1.26789245769e-05, 1.01828190964e-05, 8.07771448308e-06, 6.98760732121e-06, 5.60087119084e-06, 6.46519765723e-06, 8.53984056448e-06, 6.15282760918e-06, 4.67025665785e-06, 4.28375960837e-06, 3.43515489476e-06, 2.37342510445e-06, 1.75381467216e-06, 1.78969480658e-06, 2.21685718316e-06, 2.04344223675e-06, 1.36236485559e-06, 1.2865481267e-06, 1.07067046429e-06, 1.21331368064e-06, 1.14059150746e-06, 8.39508743411e-07],
        "min": [1.61202187883e-05, 3.57207863999e-05, 2.54016913459e-06, 1.0635609442e-06, 7.59137947171e-07, 3.60120509413e-07, 1.924814228e-07, 7.88777128946e-07, 2.98044426472e-07, 9.35608170494e-07, 3.83327062536e-07, 4.78836341244e-07, 3.76713757078e-07, 2.76921809927e-07, 2.22374268333e-07, 8.97190872706e-08, 6.99772257917e-08, 1.02860099105e-07, 2.97719822129e-08, 7.23797555224e-08, 7.18510975162e-08, 3.94681691773e-08, 3.30013563143e-08, 2.01384047216e-08, 3.44061561464e-08, 4.19023287179e-08, 1.47096637093e-08, 2.13392290505e-08, 6.78737288595e-09, 4.27096047417e-09, 3.39569994345e-09, 9.27364851577e-09, 1.0873861811e-08, 4.51768178422e-10, 7.34734439956e-10, 1.3914987218e-10, 7.77599512558e-12, 8.63481855462e-11, 2.10176164667e-11, 1.00249995805e-10],
