{
"highlevel": {
    "danceability": {
        "all": {
            "danceable": 0.567930877209,
            "not_danceable": 0.432069122791
        },
        "probability": 0.567930877209,
        "value": "danceable"
    },
    "gender": {
        "all": {
            "female": 0.0233637057245,
            "male": 0.97663629055
        },
        "probability": 0.97663629055,
        "value": "male"
    },
    "genre_dortmund": {
        "all": {
            "alternative": 0.126200065017,
            "blues": 0.0517171807587,
            "electronic": 0.00764200603589,
            "folkcountry": 0.0761556774378,
            "funksoulrnb": 0.0020925316494,
            "jazz": 0.0107060177252,
            "pop": 0.0401361845434,
            "raphiphop": 0.000869409646839,
            "rock": 0.684480905533
        },
        "probability": 0.684480905533,
        "value": "rock"
    },
    "genre_electronic": {
        "all": {
            "ambient": 0.41231328249,
            "dnb": 0.168781489134,
            "house": 0.0484202355146,
            "techno": 0.028813989833,
            "trance": 0.34167098999
        },
        "probability": 0.41231328249,
        "value": "ambient"
    },
    "genre_rosamerica": {
        "all": {
            "cla": 0.00396018614992,
            "dan": 0.00213777343743,
            "hip": 0.00138958066236,
            "jaz": 0.000790123303887,
            "pop": 0.0286804847419,
            "rhy": 0.0034014522098,
            "roc": 0.959325969219,
            "spe": 0.000314456090564
        },
        "probability": 0.959325969219,
        "value": "roc"
    },
    "genre_tzanetakis": {
        "all": {
            "blu": 0.0626541376114,
            "cla": 0.0348133966327,
            "cou": 0.0783501937985,
            "dis": 0.104547761381,
            "hip": 0.15693578124,
            "jaz": 0.313987255096,
            "met": 0.044816005975,
            "pop": 0.0627349764109,
            "reg": 0.0627352520823,
            "roc": 0.0784252434969
        },
        "probability": 0.313987255096,
        "value": "jaz"
    },
    "ismir04_rhythm": {
        "all": {
            "ChaChaCha": 0.785465061665,
            "Jive": 0.0492216944695,
            "Quickstep": 0.0212230104953,
            "Rumba-American": 0.0177330300212,
            "Rumba-International": 0.00519787985831,
            "Rumba-Misc": 0.00218466878869,
            "Samba": 0.0227653682232,
            "Tango": 0.0492757409811,
            "VienneseWaltz": 0.0396547466516,
            "Waltz": 0.00727877952158
        },
        "probability": 0.785465061665,
        "value": "ChaChaCha"
    },
    "mood_acoustic": {
        "all": {
            "acoustic": 0.0272631403059,
            "not_acoustic": 0.97273683548
        },
        "probability": 0.97273683548,
        "value": "not_acoustic"
    },
    "mood_aggressive": {
        "all": {
            "aggressive": 0.944682478905,
            "not_aggressive": 0.0553175024688
        },
        "probability": 0.944682478905,
        "value": "aggressive"
    },
    "mood_electronic": {
        "all": {
            "electronic": 0.0289641376585,
            "not_electronic": 0.971035838127
        },
        "probability": 0.971035838127,
        "value": "not_electronic"
    },
    "mood_happy": {
        "all": {
            "happy": 0.948859989643,
            "not_happy": 0.0511400140822
        },
        "probability": 0.948859989643,
        "value": "happy"
    },
    "mood_party": {
        "all": {
            "not_party": 0.52507352829,
            "party": 0.474926501513
        },
        "probability": 0.52507352829,
        "value": "not_party"
    },
    "mood_relaxed": {
        "all": {
            "not_relaxed": 0.996502816677,
            "relaxed": 0.00349721079692
        },
        "probability": 0.996502816677,
        "value": "not_relaxed"
    },
    "mood_sad": {
        "all": {
            "not_sad": 0.781941413879,
            "sad": 0.218058571219
        },
        "probability": 0.781941413879,
        "value": "not_sad"
    },
    "moods_mirex": {
        "all": {
            "Cluster1": 0.532531023026,
            "Cluster2": 0.182404115796,
            "Cluster3": 0.129073217511,
            "Cluster4": 0.0659158602357,
            "Cluster5": 0.0900758057833
        },
        "probability": 0.532531023026,
        "value": "Cluster1"
    },
    "timbre": {
        "all": {
            "bright": 0.956256985664,
            "dark": 0.0437430143356
        },
        "probability": 0.956256985664,
        "value": "bright"
    },
    "tonal_atonal": {
        "all": {
            "atonal": 0.00309921917506,
            "tonal": 0.99690079689
        },
        "probability": 0.99690079689,
        "value": "tonal"
    },
    "voice_instrumental": {
        "all": {
            "instrumental": 0.000597650825512,
            "voice": 0.999402344227
        },
        "probability": 0.999402344227,
        "value": "voice"
    }
},
"lowlevel": {
    "average_loudness": 0.982914090157,
    "barkbands_crest": {
        "dmean": 2.51225662231,
        "dmean2": 4.18721246719,
        "dvar": 5.30927276611,
        "dvar2": 14.8551511765,
        "max": 21.7210083008,
        "mean": 8.66631126404,
        "median": 8.02495479584,
        "min": 2.69569993019,
        "var": 10.9287490845
    },
    "barkbands_flatness_db": {
        "dmean": 0.0154948411509,
        "dmean2": 0.0243493076414,
        "dvar": 0.000170983548742,
        "dvar2": 0.000430875545135,
        "max": 0.205879062414,
        "mean": 0.104440920055,
        "median": 0.102283336222,
        "min": 0.0423896685243,
        "var": 0.000621484301519
    },
    "barkbands_kurtosis": {
        "dmean": 0.851217150688,
        "dmean2": 1.43219637871,
        "dvar": 1.80151212215,
        "dvar2": 4.96854114532,
        "max": 15.3410358429,
        "mean": -0.0954095497727,
        "median": -0.500195503235,
        "min": -1.75316154957,
        "var": 2.34553289413
    },
    "barkbands_skewness": {
        "dmean": 0.363966107368,
        "dmean2": 0.589285612106,
        "dvar": 0.131896883249,
        "dvar2": 0.351677268744,
        "max": 3.62142539024,
        "mean": 0.713701307774,
        "median": 0.657012820244,
        "min": -1.27715730667,
        "var": 0.355488538742
    },
    "barkbands_spread": {
        "dmean": 6.05580472946,
        "dmean2": 9.38250637054,
        "dvar": 26.1186752319,
        "dvar2": 63.6087684631,
        "max": 88.8876876831,
        "mean": 36.2666778564,
        "median": 35.7309494019,
        "min": 8.63865280151,
        "var": 127.856765747
    },
    "dissonance": {
        "dmean": 0.0131142809987,
        "dmean2": 0.0226418953389,
        "dvar": 0.00013773496903,
        "dvar2": 0.000394369999412,
        "max": 0.500000119209,
        "mean": 0.47597977519,
        "median": 0.479159981012,
        "min": 0.405579060316,
        "var": 0.00024464254966
    },
    "dynamic_complexity": 1.50594437122,
    "erbbands_crest": {
        "dmean": 2.60094356537,
        "dmean2": 4.28677368164,
        "dvar": 6.14951086044,
        "dvar2": 15.9487829208,
        "max": 27.7054729462,
        "mean": 8.19974136353,
        "median": 7.35860347748,
        "min": 2.78466916084,
        "var": 12.9268312454
    },
    "erbbands_flatness_db": {
        "dmean": 0.0156270004809,
        "dmean2": 0.0225972086191,
        "dvar": 0.000192288978724,
        "dvar2": 0.00038859891356,
        "max": 0.249070465565,
        "mean": 0.143681898713,
        "median": 0.143580630422,
        "min": 0.0749774649739,
        "var": 0.000825146329589
    },
    "erbbands_kurtosis": {
        "dmean": 0.610892951488,
        "dmean2": 1.00156259537,
        "dvar": 0.455303430557,
        "dvar2": 1.16711568832,
        "max": 9.16880893707,
        "mean": -0.062301158905,
        "median": -0.315739870071,
        "min": -1.50596368313,
        "var": 0.937537193298
    },
    "erbbands_skewness": {
        "dmean": 0.280704110861,
        "dmean2": 0.444814771414,
        "dvar": 0.0533100999892,
        "dvar2": 0.139475524426,
        "max": 1.70808768272,
        "mean": -0.0665813088417,
        "median": -0.0973880887032,
        "min": -1.66263067722,
        "var": 0.274353712797
    },
    "erbbands_spread": {
        "dmean": 6.59148836136,
        "dmean2": 10.5517730713,
        "dvar": 33.7061424255,
        "dvar2": 77.3946762085,
        "max": 79.3272476196,
        "mean": 35.9943466187,
        "median": 35.0851287842,
        "min": 6.3087105751,
        "var": 123.596710205
    },
    "hfc": {
        "dmean": 6.57823991776,
        "dmean2": 9.74161148071,
        "dvar": 43.8091545105,
        "dvar2": 91.7834014893,
        "max": 119.925338745,
        "mean": 34.0446739197,
        "median": 31.7096138,
        "min": 3.97826266289,
        "var": 266.076629639
    },
    "melbands_crest": {
        "dmean": 3.01092624664,
        "dmean2": 4.98496866226,
        "dvar": 6.43276309967,
        "dvar2": 17.4874782562,
        "max": 28.0838165283,
        "mean": 12.8028402328,
        "median": 12.1738214493,
        "min": 5.07523679733,
        "var": 16.7273292542
    },
    "melbands_flatness_db": {
        "dmean": 0.0194977372885,
        "dmean2": 0.0306299272925,
        "dvar": 0.00032603769796,
        "dvar2": 0.000829527503811,
        "max": 0.288155883551,
        "mean": 0.141195252538,
        "median": 0.137711703777,
        "min": 0.054861638695,
        "var": 0.00113855267409
    },
    "melbands_kurtosis": {
        "dmean": 2.91367745399,
        "dmean2": 4.95421600342,
        "dvar": 21.9325675964,
        "dvar2": 60.4879646301,
        "max": 47.7519111633,
        "mean": 4.32336521149,
        "median": 2.8508272171,
        "min": -1.57975625992,
        "var": 27.9263153076
    },
    "melbands_skewness": {
        "dmean": 0.531199097633,
        "dmean2": 0.873737812042,
        "dvar": 0.329300552607,
        "dvar2": 0.868892967701,
        "max": 6.30422258377,
        "mean": 1.8129529953,
        "median": 1.68361210823,
        "min": -0.577529430389,
        "var": 0.774016141891
    },
    "melbands_spread": {
        "dmean": 8.69768810272,
        "dmean2": 13.7527217865,
        "dvar": 63.6905708313,
        "dvar2": 159.967514038,
        "max": 120.635391235,
        "mean": 40.2273788452,
        "median": 38.0312309265,
        "min": 5.64302825928,
        "var": 243.736968994
    },
    "pitch_salience": {
        "dmean": 0.0603589564562,
        "dmean2": 0.100151360035,
        "dvar": 0.00244793645106,
        "dvar2": 0.00687139760703,
        "max": 0.758361160755,
        "mean": 0.526432931423,
        "median": 0.525979042053,
        "min": 0.216550052166,
        "var": 0.00529269780964
    },
    "silence_rate_20dB": {
        "dmean": 0,
        "dmean2": 0,
        "dvar": 0,
        "dvar2": 0,
        "max": 1,
        "mean": 1,
        "median": 1,
        "min": 1,
        "var": 0
    },
    "silence_rate_30dB": {
        "dmean": 0,
        "dmean2": 0,
        "dvar": 0,
        "dvar2": 0,
        "max": 1,
        "mean": 1,
        "median": 1,
        "min": 1,
        "var": 0
    },
    "silence_rate_60dB": {
        "dmean": 0,
        "dmean2": 0,
        "dvar": 0,
        "dvar2": 0,
        "max": 0,
        "mean": 0,
        "median": 0,
        "min": 0,
        "var": 0
    },
    "spectral_centroid": {
        "dmean": 245.420425415,
        "dmean2": 387.101989746,
        "dvar": 41632.65625,
        "dvar2": 105526.046875,
        "max": 3430.47583008,
        "mean": 2009.00830078,
        "median": 2021.87219238,
        "min": 804.613525391,
        "var": 194915.59375
    },
    "spectral_complexity": {
        "dmean": 4.22213602066,
        "dmean2": 6.39814090729,
        "dvar": 11.9498729706,
        "dvar2": 27.2589988708,
        "max": 53,
        "mean": 29.9744777679,
        "median": 30,
        "min": 8,
        "var": 63.3040237427
    },
    "spectral_decrease": {
        "dmean": 2.02431271745e-09,
        "dmean2": 3.32797633895e-09,
        "dvar": 4.94145579743e-18,
        "dvar2": 1.31748083642e-17,
        "max": -1.89366544667e-09,
        "mean": -7.40006189659e-09,
        "median": -7.01031410699e-09,
        "min": -2.11009805184e-08,
        "var": 8.06392157553e-18
    },
    "spectral_energy": {
        "dmean": 0.00799456145614,
        "dmean2": 0.0130814835429,
        "dvar": 7.31541513233e-05,
        "dvar2": 0.000193852101802,
        "max": 0.0826535895467,
        "mean": 0.0310174897313,
        "median": 0.02972779423,
        "min": 0.0076307640411,
        "var": 0.000132036133436
    },
    "spectral_energyband_high": {
        "dmean": 0.000525562965777,
        "dmean2": 0.000715967733413,
        "dvar": 3.91828734791e-07,
        "dvar2": 6.6373786467e-07,
        "max": 0.00925733242184,
        "mean": 0.00172056804877,
        "median": 0.00129868893418,
        "min": 6.28369598417e-05,
        "var": 1.75412299086e-06
    },
    "spectral_energyband_low": {
        "dmean": 0.00488371541724,
        "dmean2": 0.00841315742582,
        "dvar": 6.35411342955e-05,
        "dvar2": 0.000171653693542,
        "max": 0.0643721744418,
        "mean": 0.0102477194741,
        "median": 0.00847600400448,
        "min": 0.00160194560885,
        "var": 5.62897257623e-05
    },
    "spectral_energyband_middle_high": {
        "dmean": 0.00245256931521,
        "dmean2": 0.00398096628487,
        "dvar": 7.68787504057e-06,
        "dvar2": 2.05523265322e-05,
        "max": 0.041888140142,
        "mean": 0.00910568796098,
        "median": 0.00811677798629,
        "min": 0.000570623960812,
        "var": 2.79014020634e-05
    },
    "spectral_energyband_middle_low": {
        "dmean": 0.00460353679955,
        "dmean2": 0.00738622806966,
        "dvar": 2.79536034213e-05,
        "dvar2": 7.37200243748e-05,
        "max": 0.0497309714556,
        "mean": 0.0106161329895,
        "median": 0.00871594436467,
        "min": 0.00115177792031,
        "var": 5.17081425642e-05
    },
    "spectral_entropy": {
        "dmean": 0.101295128465,
        "dmean2": 0.14211165905,
        "dvar": 0.00693105673417,
        "dvar2": 0.0130341276526,
        "max": 8.62004947662,
        "mean": 7.89447069168,
        "median": 7.87533807755,
        "min": 7.23308324814,
        "var": 0.0420197807252
    },
    "spectral_flux": {
        "dmean": 0.0202893465757,
        "dmean2": 0.0319047570229,
        "dvar": 0.000420559255872,
        "dvar2": 0.000851725286338,
        "max": 0.212873965502,
        "mean": 0.0965237915516,
        "median": 0.0904117077589,
        "min": 0.034906335175,
        "var": 0.000957163749263
    },
    "spectral_kurtosis": {
        "dmean": 0.8265209198,
        "dmean2": 1.38612794876,
        "dvar": 0.581083476543,
        "dvar2": 1.61279499531,
        "max": 9.23861503601,
        "mean": 3.02347135544,
        "median": 2.93806028366,
        "min": -0.247630357742,
        "var": 1.45800793171
    },
    "spectral_rms": {
        "dmean": 0.000681945995893,
        "dmean2": 0.00109809322748,
        "dvar": 4.30854782962e-07,
        "dvar2": 1.12016584808e-06,
        "max": 0.00897984672338,
        "mean": 0.00541044119745,
        "median": 0.00538541795686,
        "min": 0.00272848829627,
        "var": 9.88071633401e-07
    },
    "spectral_rolloff": {
        "dmean": 522.264709473,
        "dmean2": 852.221435547,
        "dvar": 368484.3125,
        "dvar2": 844557.0625,
        "max": 8354.8828125,
        "mean": 2215.93505859,
        "median": 2045.65429688,
        "min": 107.666015625,
        "var": 1155134.125
    },
    "spectral_skewness": {
        "dmean": 0.1262729913,
        "dmean2": 0.208447828889,
        "dvar": 0.0107267359272,
        "dvar2": 0.0266865026206,
        "max": 2.80781006813,
        "mean": 1.20194852352,
        "median": 1.19201791286,
        "min": 0.542989134789,
        "var": 0.0396047793329
    },
    "spectral_spread": {
        "dmean": 405081.4375,
        "dmean2": 553238.4375,
        "dvar": 217384239104,
        "dvar2": 316425043968,
        "max": 13239131,
        "mean": 4439166.5,
        "median": 4202324.5,
        "min": 2410967.25,
        "var": 962210234368
    },
    "spectral_strongpeak": {
        "dmean": 0.791882693768,
        "dmean2": 1.37787020206,
        "dvar": 1.78284716606,
        "dvar2": 4.3090133667,
        "max": 19.8080825806,
        "mean": 1.04057705402,
        "median": 0.279068261385,
        "min": 0.0384673848748,
        "var": 2.4703567028
    },
    "zerocrossingrate": {
        "dmean": 0.00951354764402,
        "dmean2": 0.01119907666,
        "dvar": 6.98516087141e-05,
        "dvar2": 8.86525813257e-05,
        "max": 0.21240234375,
        "mean": 0.0798137784004,
        "median": 0.076171875,
        "min": 0.02294921875,
        "var": 0.000612074451055
    },
    "barkbands": {
        "dmean": [0.000133622103021, 0.00412779487669, 0.00107714324258, 0.00132531195413, 0.000983683392406, 0.000799922912847, 0.00127555127256, 0.000960854580626, 0.00162259989884, 0.000508380413521, 0.000306094443658, 0.000312686199322, 0.000971604313236, 0.00060421397211, 0.000630851136521, 0.000538021326065, 0.000540722743608, 0.000361379905371, 0.000352035538526, 0.000224676521611, 0.000204800657229, 0.000142981924, 0.000120731710922, 7.5630567153e-05, 4.65254379378e-05, 2.27315158554e-05, 3.90454637511e-08],
        "dmean2": [0.000220767062274, 0.00707886833698, 0.00190252170432, 0.00230177980848, 0.00166585633997, 0.0012908797944, 0.00195865356363, 0.00150589947589, 0.00258471583948, 0.000849109375849, 0.000521404203027, 0.000525426003151, 0.00159281003289, 0.00101641810033, 0.00104465952609, 0.00089957594173, 0.000900562561583, 0.000606357178185, 0.000597796810325, 0.000373514805688, 0.000324819731759, 0.000211482823943, 0.000165331657627, 0.000105111139419, 6.36156182736e-05, 3.1671133911e-05, 6.8406549758e-08],
        "dvar": [2.41983659777e-08, 4.74255466543e-05, 4.05408218285e-06, 6.04566548645e-06, 2.67806149168e-06, 1.66452730355e-06, 8.2401702457e-06, 3.51241465069e-06, 8.56393489812e-06, 1.11418148663e-06, 3.38626335861e-07, 2.670249728e-07, 3.12404267788e-06, 1.16042031095e-06, 1.02352112208e-06, 2.25953317567e-06, 7.01537942405e-07, 1.73406348836e-07, 2.99194624631e-07, 9.39964266422e-08, 5.98083431669e-08, 3.60071439331e-08, 3.0279771579e-08, 1.68859450866e-08, 5.20670129234e-09, 1.19260512577e-09, 1.27948223034e-14],
        "dvar2": [6.39842454575e-08, 0.000131610344397, 1.14964459499e-05, 1.61168554769e-05, 7.47722879169e-06, 4.37503558715e-06, 1.97587960429e-05, 8.60823365656e-06, 2.14331830648e-05, 2.897945933e-06, 9.90900389297e-07, 6.71357781812e-07, 7.74084855948e-06, 3.13579266731e-06, 2.94646292787e-06, 6.01884721618e-06, 1.81638574759e-06, 4.80244750634e-07, 8.50071103287e-07, 2.60606611846e-07, 1.57556314662e-07, 7.39403915873e-08, 5.85853854318e-08, 3.00296285616e-08, 1.03014849984e-08, 2.49211717929e-09, 3.48719906846e-14],
        "max": [0.00146220659371, 0.0588653087616, 0.0187361948192, 0.0217799171805, 0.0116454763338, 0.0244166385382, 0.0380974039435, 0.0212235096842, 0.0429715588689, 0.0160387847573, 0.00760402576998, 0.00793576613069, 0.0326040945947, 0.0143088540062, 0.0120598329231, 0.0316446609795, 0.015158594586, 0.00530674960464, 0.00943321920931, 0.00404019281268, 0.00337399309501, 0.00309204286896, 0.00296301650815, 0.00280600646511, 0.00131098588463, 0.000392392539652, 1.47495711644e-06],
        "mean": [0.000219748108066, 0.007668226026, 0.0017393194139, 0.00136225577444, 0.00136429804843, 0.0013879070757, 0.00200567324646, 0.00148072093725, 0.00290495622903, 0.000803131435532, 0.000433059409261, 0.000492403982207, 0.00156334368512, 0.000957587966695, 0.00109404546674, 0.000901975901797, 0.00102397461887, 0.000833561061881, 0.000776619184762, 0.0005364867975, 0.000520678353496, 0.000353045907104, 0.000273428071523, 0.000174823304405, 0.000107401370769, 3.88104017475e-05, 3.06607184086e-08],
        "median": [0.000159719900694, 0.00656453566626, 0.00120419159066, 0.00065260293195, 0.00080392032396, 0.000808129552752, 0.000368334818631, 0.000527644529939, 0.000886746391188, 0.000301005493384, 0.00022688851459, 0.000291097996524, 0.000702350283973, 0.000506399839651, 0.000603753142059, 0.000440746342065, 0.00062305747997, 0.000690829067025, 0.000583177548833, 0.000420696334913, 0.000390026194509, 0.000253147212788, 0.000163041826454, 8.93202231964e-05, 5.98340957367e-05, 1.9367225832e-05, 2.31573227261e-09],
        "min": [1.51265197701e-07, 0.000146799677168, 3.15591641993e-05, 6.02674481343e-06, 1.28554365801e-05, 1.69632476172e-05, 1.29705285872e-05, 5.56032682653e-06, 2.18435361603e-05, 1.24001508084e-05, 3.99665350415e-06, 8.12202142697e-06, 4.76533095934e-05, 2.92800177704e-05, 4.29743340646e-05, 3.14484168484e-05, 4.14970745624e-05, 3.82772050216e-05, 3.256290438e-05, 2.51450001088e-05, 1.58661314344e-05, 6.67174754199e-06, 7.19401850802e-06, 6.66821370032e-06, 1.2959597484e-07, 2.57785544022e-08, 5.109582462e-12],
        "var": [4.80384727553e-08, 4.23316159868e-05, 3.47858485839e-06, 4.84302381665e-06, 2.58878708337e-06, 3.14023850478e-06, 1.77810125024e-05, 6.04379738434e-06, 2.39631444856e-05, 2.50068114838e-06, 4.75778563214e-07, 4.60533215119e-07, 5.65506434214e-06, 1.77791400802e-06, 1.90809441847e-06, 3.50270488525e-06, 1.59663034083e-06, 3.88347075386e-07, 5.38050983323e-07, 2.10266875911e-07, 1.97497314502e-07, 1.07633766788e-07, 9.8048381858e-08, 5.84054795638e-08, 1.5615036375e-08, 2.45438847024e-09, 9.76393428322e-15]
    },
    "erbbands": {
        "dmean": [0.118456728756, 0.958005428314, 1.34430170059, 2.67759990692, 4.34423875809, 2.91126728058, 5.34785747528, 6.91208600998, 14.1674966812, 18.480260849, 26.0917205811, 37.9052085876, 20.7468185425, 18.3978881836, 10.4728040695, 14.6746387482, 37.6884689331, 31.7016201019, 36.4317817688, 32.2430076599, 21.925327301, 23.3554878235, 21.1383953094, 18.6595478058, 13.7913589478, 10.3258895874, 8.93461799622, 7.15116930008, 5.35167789459, 3.88091945648, 3.41037797928, 2.22887945175, 1.08989942074, 0.673621296883, 0.270035326481, 0.132051691413, 0.038334120065, 0.0030366613064, 6.2237973907e-05, 1.12842953968e-05],
        "dmean2": [0.193273290992, 1.67994713783, 2.38178253174, 4.72151947021, 7.60005712509, 4.66625261307, 8.4600276947, 11.4799146652, 22.6734657288, 27.5575771332, 40.9435920715, 61.0886497498, 32.6434440613, 30.9899787903, 17.7282333374, 24.7194805145, 61.5797843933, 53.7130203247, 60.4732284546, 53.5848464966, 35.7010231018, 38.3271827698, 35.3323936462, 31.3752002716, 23.2769813538, 17.0872364044, 14.5023241043, 11.2978858948, 8.00207805634, 5.63336992264, 4.64831399918, 3.11271834373, 1.53794574738, 0.952906847, 0.370494544506, 0.181070759892, 0.0543650090694, 0.00478008762002, 9.19586818782e-05, 1.75434288394e-05],
        "dvar": [0.0253123231232, 3.09846377373, 6.96940231323, 19.1662311554, 86.4363708496, 17.134929657, 58.6938362122, 200.624206543, 1677.30688477, 1411.8112793, 2173.65478516, 5284.94677734, 1757.65698242, 1578.89672852, 320.321685791, 516.905212402, 6302.00927734, 4744.41259766, 3356.84448242, 5174.79736328, 1593.66784668, 937.86529541, 689.968688965, 1139.26647949, 256.459625244, 180.191864014, 135.044677734, 71.2775802612, 51.3571739197, 29.1842384338, 23.257976532, 15.331659317, 2.83379530907, 1.07630217075, 0.167376130819, 0.0391056537628, 0.00431905966252, 3.95939896407e-05, 1.28961890056e-08, 1.44620329601e-10],
        "dvar2": [0.0654689222574, 8.86696147919, 19.4218883514, 52.0751037598, 237.044876099, 42.070224762, 130.254196167, 560.715454102, 4401.80371094, 2685.97338867, 5400.52246094, 13523.9599609, 3847.03125, 4292.1171875, 929.785522461, 1338.52587891, 14851.6884766, 13400.3017578, 9628.22265625, 13886.125, 3965.23193359, 2500.34326172, 1939.06677246, 3210.71679688, 708.780273438, 476.601623535, 359.123657227, 174.960281372, 113.770866394, 53.3717193604, 42.8859138489, 28.4668712616, 5.65467453003, 2.2752301693, 0.30592250824, 0.0747782364488, 0.0100964736193, 9.96886155917e-05, 3.11949044374e-08, 3.37278038831e-10],
        "max": [1.46653962135, 13.6543998718, 22.1387252808, 34.9992332458, 66.7899703979, 40.00730896, 107.087211609, 296.896057129, 589.377929688, 566.621887207, 534.030029297, 1039.9185791, 999.735046387, 623.77734375, 260.823120117, 304.703399658, 1731.27954102, 1129.18688965, 734.629150391, 1334.91357422, 677.191955566, 419.642059326, 349.188751221, 641.319885254, 214.91583252, 168.311920166, 162.835708618, 108.12940979, 108.63885498, 116.087173462, 83.7853851318, 77.8268737793, 28.440662384, 17.0355892181, 6.1046962738, 3.16738247871, 0.551017940044, 0.0622264631093, 0.00108236214146, 0.000127299252199],
        "mean": [0.236269265413, 1.62998878956, 2.25848150253, 3.40014243126, 4.46869707108, 4.38416004181, 9.58445549011, 11.1771965027, 21.2145576477, 31.7615699768, 41.352104187, 64.7598495483, 37.214756012, 29.6818771362, 17.7790775299, 26.3343067169, 64.7637557983, 55.5721511841, 63.9580116272, 57.1452293396, 45.7306938171, 50.8053894043, 50.7252464294, 41.3644371033, 34.3377380371, 26.183095932, 22.4865493774, 18.180809021, 13.2220916748, 8.94898891449, 7.54824209213, 4.91674566269, 2.41485953331, 1.46060597897, 0.613721728325, 0.265255212784, 0.0514077879488, 0.00331019214354, 9.88407700788e-05, 4.53935863334e-05],
        "median": [0.182790353894, 1.30554544926, 1.62269687653, 2.08826470375, 2.08474206924, 2.43203043938, 4.90982627869, 5.99436855316, 5.22766637802, 10.9605331421, 17.843126297, 21.3540916443, 15.9962997437, 11.966591835, 10.6609716415, 16.1239624023, 29.7360401154, 32.3148727417, 37.2875518799, 28.8074626923, 24.1338043213, 34.3168754578, 41.3726119995, 30.9498691559, 26.8558826447, 20.7918987274, 16.6910362244, 13.4867076874, 9.73155212402, 5.53090572357, 4.37586355209, 2.49263238907, 1.3132314682, 0.830176651478, 0.336646169424, 0.143135756254, 0.0220654513687, 0.00113858247641, 5.34453211003e-05, 4.23290657636e-05],
        "min": [0.00570699432865, 0.0431881397963, 0.237526938319, 0.0952779874206, 0.0677003413439, 0.100345619023, 0.253970593214, 0.237467050552, 0.282493323088, 0.534443795681, 0.81950622797, 0.664712548256, 1.20334303379, 0.556688785553, 0.882218122482, 1.26212930679, 2.16043353081, 2.31161737442, 2.09415531158, 2.58752894402, 2.25215196609, 2.08524560928, 2.94470095634, 1.87621569633, 1.42190301418, 1.38112854958, 0.980719268322, 0.567704558372, 0.236984357238, 0.188255816698, 0.192647755146, 0.155329987407, 0.039468832314, 0.00399122713134, 0.000444786914159, 0.00025142278173, 1.87771020137e-05, 4.3165327952e-06, 8.54601512401e-06, 1.04470100268e-05],
        "var": [0.0386502407491, 2.38326120377, 5.40739107132, 16.0099773407, 62.4765815735, 26.8344478607, 180.923065186, 284.152313232, 3096.01904297, 3702.01782227, 3861.86425781, 11568.8417969, 5096.14892578, 2986.52905273, 498.142211914, 1078.35766602, 11651.6386719, 5468.51611328, 6065.19921875, 8802.63671875, 4074.16821289, 2447.67919922, 1414.46679688, 1743.23803711, 731.19934082, 448.79989624, 387.525238037, 229.376739502, 142.561538696, 99.4791030884, 78.8941421509, 50.5699424744, 8.56604480743, 2.75139331818, 0.574005126953, 0.112392365932, 0.00565905170515, 3.63424223906e-05, 1.48751846396e-08, 3.19100301738e-10]
    },
    "gfcc": {
        "mean": [53.716999054, 76.9442672729, -133.58644104, 51.387676239, -56.5707359314, 26.0205669403, -35.2172355652, 21.4184741974, -17.6210174561, 11.981171608, -14.8090829849, -1.03736126423, -11.3687009811],
        "cov": [[656.890136719, -349.871643066, 72.091178894, 12.0816802979, -60.1601867676, -0.831452250481, -51.6641654968, -20.716594696, -43.2184677124, 3.26501846313, -116.113037109, -6.30967903137, -69.1828918457], [-349.871643066, 430.986999512, -150.94934082, -43.9600791931, 50.3185119629, -51.960899353, 74.9548797607, -30.2583713531, 21.4923210144, -14.3790464401, 89.5192642212, -44.0548400879, 53.3783569336], [72.091178894, -150.94934082, 285.75402832, 12.4988899231, -31.0850009918, 36.0360107422, -64.8019332886, 6.20740175247, -20.3623600006, 9.56007480621, -37.5478363037, 61.8266983032, -47.9441833496], [12.0816802979, -43.9600791931, 12.4988899231, 122.876403809, 26.3271751404, -31.05443573, -51.903503418, -18.6751728058, 24.3453636169, -0.0982170552015, -16.7728347778, 2.85228824615, 32.8232345581], [-60.1601867676, 50.3185119629, -31.0850009918, 26.3271751404, 93.3793258667, -5.59062480927, 5.14973688126, -6.46925258636, 4.00978660583, 7.53381156921, 5.3101272583, -2.15657019615, 14.1531105042], [-0.831452250481, -51.960899353, 36.0360107422, -31.05443573, -5.59062480927, 97.1210784912, 36.1221504211, 17.9148216248, -21.0122318268, -15.5559606552, 2.17971277237, 5.04834270477, -17.9460964203], [-51.6641654968, 74.9548797607, -64.8019332886, -51.903503418, 5.14973688126, 36.1221504211, 115.379257202, 24.9767856598, -24.3789577484, -7.96615743637, 29.6684074402, -13.3220148087, -6.24737119675], [-20.716594696, -30.2583713531, 6.20740175247, -18.6751728058, -6.46925258636, 17.9148216248, 24.9767856598, 66.5525741577, 27.5595035553, 6.58509016037, 0.637576580048, 4.99663162231, -4.02279233932], [-43.2184677124, 21.4923210144, -20.3623600006, 24.3453636169, 4.00978660583, -21.0122318268, -24.3789577484, 27.5595035553, 92.1395645142, 24.1696853638, 2.29027867317, -0.702868998051, 23.6673698425], [3.26501846313, -14.3790464401, 9.56007480621, -0.0982170552015, 7.53381156921, -15.5559606552, -7.96615743637, 6.58509016037, 24.1696853638, 61.59557724, 27.0559215546, 10.7784938812, 0.248376101255], [-116.113037109, 89.5192642212, -37.5478363037, -16.7728347778, 5.3101272583, 2.17971277237, 29.6684074402, 0.637576580048, 2.29027867317, 27.0559215546, 92.7192840576, 16.3570690155, 9.83507442474], [-6.30967903137, -44.0548400879, 61.8266983032, 2.85228824615, -2.15657019615, 5.04834270477, -13.3220148087, 4.99663162231, -0.702868998051, 10.7784938812, 16.3570690155, 74.2466583252, 16.1063289642], [-69.1828918457, 53.3783569336, -47.9441833496, 32.8232345581, 14.1531105042, -17.9460964203, -6.24737119675, -4.02279233932, 23.6673698425, 0.248376101255, 9.83507442474, 16.1063289642, 76.0336380005]],
        "icov": [[0.00398492021486, 0.00411453424022, 0.000267133611487, 0.00148668687325, 0.0004468143743, 0.00255148415454, -0.00220344727859, 0.00395302148536, -0.000791488331743, -7.7603115642e-05, 0.00176161713898, 0.00116789794993, 0.00058248185087], [0.00411453424022, 0.0148432189599, -0.00428726617247, 0.00966590456665, -0.00585667975247, 0.0115780867636, -0.00949379149824, 0.0123231792822, -0.0087855765596, 0.011049028486, -0.0102655272931, 0.0112206507474, -0.00820830184966], [0.000267133611487, -0.00428726617247, 0.0103294430301, -0.00535180326551, 0.00445269839838, -0.00714085809886, 0.00704233208671, -0.0048002935946, 0.00550027517602, -0.00743758119643, 0.00843401253223, -0.0115129211918, 0.00954703707248], [0.00148668687325, 0.00966590456665, -0.00535180326551, 0.0199646428227, -0.0082209771499, 0.00959414057434, -0.0027543681208, 0.00968254730105, -0.00846202112734, 0.0102929584682, -0.00832810625434, 0.0103474659845, -0.0118598900735], [0.0004468143743, -0.00585667975247, 0.00445269839838, -0.0082209771499, 0.0163284316659, -0.00602135295048, 0.00257754232734, -0.00350457546301, 0.00525016151369, -0.00939926225692, 0.00819006748497, -0.00676773581654, 0.00521123595536], [0.00255148415454, 0.0115780867636, -0.00714085809886, 0.00959414057434, -0.00602135295048, 0.0241973660886, -0.0118773812428, 0.00705816084519, -0.00654919119552, 0.0136929089203, -0.0104697374627, 0.0100122345611, -0.00699429679662], [-0.00220344727859, -0.00949379149824, 0.00704233208671, -0.0027543681208, 0.00257754232734, -0.0118773812428, 0.0243604555726, -0.0157232377678, 0.0121208103374, -0.00690580857918, 0.00342949922197, -0.00604743184522, 0.00526336766779], [0.00395302148536, 0.0123231792822, -0.0048002935946, 0.00968254730105, -0.00350457546301, 0.00705816084519, -0.0157232377678, 0.0347535088658, -0.0182568114251, 0.00811828579754, -0.00485693616793, 0.0062106018886, -0.00442713638768], [-0.000791488331743, -0.0087855765596, 0.00550027517602, -0.00846202112734, 0.00525016151369, -0.00654919119552, 0.0121208103374, -0.0182568114251, 0.0259969402105, -0.0147153334692, 0.00869316980243, -0.00551724201068, 0.00207593524829], [-7.7603115642e-05, 0.011049028486, -0.00743758119643, 0.0102929584682, -0.00939926225692, 0.0136929089203, -0.00690580857918, 0.00811828579754, -0.0147153334692, 0.0359648503363, -0.0207031220198, 0.01010230463, -0.00711606768891], [0.00176161713898, -0.0102655272931, 0.00843401253223, -0.00832810625434, 0.00819006748497, -0.0104697374627, 0.00342949922197, -0.00485693616793, 0.00869316980243, -0.0207031220198, 0.0311937201768, -0.0168468635529, 0.0106475939974], [0.00116789794993, 0.0112206507474, -0.0115129211918, 0.0103474659845, -0.00676773581654, 0.0100122345611, -0.00604743184522, 0.0062106018886, -0.00551724201068, 0.01010230463, -0.0168468635529, 0.0331872105598, -0.0182531364262], [0.00058248185087, -0.00820830184966, 0.00954703707248, -0.0118598900735, 0.00521123595536, -0.00699429679662, 0.00526336766779, -0.00442713638768, 0.00207593524829, -0.00711606768891, 0.0106475939974, -0.0182531364262, 0.0300281848758]]
    },
    "melbands": {
        "dmean": [0.0011117097456, 0.00086937675951, 0.000535439234227, 0.000242354537477, 0.000168301252415, 0.0001495063334, 0.0002287261741, 0.000192997118575, 0.000224378411076, 0.000240076231421, 0.000106456849608, 7.8357908933e-05, 4.21933254984e-05, 3.00659503409e-05, 7.33402121114e-05, 8.81527230376e-05, 5.79074694542e-05, 6.45052932668e-05, 3.69665831386e-05, 4.96486209158e-05, 2.89108284051e-05, 2.74540834653e-05, 2.67486993835e-05, 1.85866483662e-05, 1.73076150531e-05, 1.20771610455e-05, 1.01866135083e-05, 7.16335625839e-06, 6.04183424002e-06, 5.78617755309e-06, 4.30439104093e-06, 3.6134815673e-06, 2.65142625722e-06, 2.19627850129e-06, 2.03520517061e-06, 2.13441580854e-06, 1.21770187889e-06, 8.33135288758e-07, 7.18528951893e-07, 5.69444978282e-07],
        "dmean2": [0.00187863130122, 0.00152948661707, 0.000937926059123, 0.000416516413679, 0.000263777765213, 0.000246987794526, 0.000361567537766, 0.000292271957733, 0.000352375471266, 0.000387467822293, 0.000167019403307, 0.000131613516714, 7.18327355571e-05, 5.02648435941e-05, 0.000120186603453, 0.000145740690641, 9.79837786872e-05, 0.000106810337456, 6.09773414908e-05, 8.26338509796e-05, 4.85028394905e-05, 4.58752947452e-05, 4.4671989599e-05, 3.15708421113e-05, 2.93586472253e-05, 2.0462408429e-05, 1.7347469111e-05, 1.183279619e-05, 1.00690867839e-05, 9.53002017923e-06, 6.93612855684e-06, 5.60124090043e-06, 4.04993079428e-06, 3.25392170453e-06, 2.87565899271e-06, 3.07910977426e-06, 1.74947706455e-06, 1.22825201743e-06, 1.06709910597e-06, 8.24736559935e-07],
        "dvar": [2.89732133751e-06, 2.85288820123e-06, 9.10213998395e-07, 2.08058267503e-07, 4.94838339193e-08, 8.17074550241e-08, 3.73728909153e-07, 1.30777166873e-07, 1.3546443256e-07, 2.05396460728e-07, 4.74224215452e-08, 2.94727051653e-08, 6.33382546411e-09, 2.14510387231e-09, 2.2884302453e-08, 2.72793201361e-08, 1.44049376871e-08, 9.91953541529e-09, 3.41357120348e-09, 2.39790409751e-08, 2.86645285286e-09, 1.75839309779e-09, 1.02896713372e-09, 5.67816682562e-10, 1.13823706016e-09, 2.2887239326e-10, 2.22932297622e-10, 7.69549909907e-11, 7.00485988658e-11, 5.65153965293e-11, 2.85307194536e-11, 2.44192287918e-11, 1.43395260943e-11, 9.499301519e-12, 8.68850477675e-12, 1.31129282779e-11, 5.80900865604e-12, 1.81346561032e-12, 1.1245956423e-12, 8.11152035297e-13],
        "dvar2": [7.8977936937e-06, 7.98894961918e-06, 2.44001967076e-06, 5.78975573262e-07, 1.11008453985e-07, 2.24945381433e-07, 9.47079286107e-07, 2.51451695021e-07, 3.21365490663e-07, 5.28732869043e-07, 1.02922413703e-07, 7.9481125681e-08, 1.82814208216e-08, 5.48068213035e-09, 5.62906450341e-08, 7.14817076641e-08, 4.04435454016e-08, 2.78916925112e-08, 9.66339896991e-09, 6.39264996494e-08, 7.55128048979e-09, 4.87932627635e-09, 2.73804068307e-09, 1.54471757607e-09, 3.23355120457e-09, 6.46795506043e-10, 6.41199870977e-10, 2.02595620835e-10, 1.91349588952e-10, 1.5207335391e-10, 6.93959056886e-11, 5.81303061242e-11, 3.1087816349e-11, 1.85826892068e-11, 1.65393636287e-11, 2.92430558935e-11, 1.06325451915e-11, 3.96107842707e-12, 2.49299864606e-12, 1.81245003814e-12],
        "max": [0.0154136763886, 0.0126939406618, 0.00784311722964, 0.00330802286044, 0.0029749062378, 0.00581384403631, 0.00892986636609, 0.00511800637469, 0.00371163152158, 0.00590473646298, 0.00497604906559, 0.002510657534, 0.00116617535241, 0.000858725165017, 0.00253354758024, 0.00251813814975, 0.00188807875384, 0.00111749325879, 0.000776455912273, 0.00332968914881, 0.000980537151918, 0.000597496633418, 0.000484750431497, 0.000355695519829, 0.000657031429, 0.00019558313943, 0.00022421538597, 9.84988582786e-05, 0.000136154514621, 0.000112536727102, 5.8248595451e-05, 6.8785964686e-05, 6.13513257122e-05, 6.44583415124e-05, 5.76554775762e-05, 5.61196065973e-05, 5.59670843359e-05, 2.21589489229e-05, 1.73353892023e-05, 1.33446101245e-05],
        "mean": [0.00214603799395, 0.00156441656873, 0.000653651193716, 0.000299214443658, 0.000305975001538, 0.000246561714448, 0.000351691793185, 0.000325596367475, 0.000348975881934, 0.000417122937506, 0.00018064181495, 0.000122227342217, 6.34873576928e-05, 4.92794497404e-05, 0.000118769836263, 0.000144720906974, 9.32997572818e-05, 0.000104910039227, 6.78913129377e-05, 7.79310503276e-05, 5.16165491717e-05, 5.22822811035e-05, 5.32239755557e-05, 3.99805685447e-05, 3.30835791829e-05, 2.61515124294e-05, 2.19741505134e-05, 1.61481257237e-05, 1.36088683576e-05, 1.30860880745e-05, 9.72441466729e-06, 8.13724363979e-06, 5.61679325983e-06, 4.62903244625e-06, 4.2196315917e-06, 4.27031727668e-06, 2.5276156066e-06, 1.71365365986e-06, 1.44713180816e-06, 1.15892157737e-06],
        "median": [0.00179921486415, 0.00118867203128, 0.000378647207981, 0.0001643577707, 0.000179226859473, 0.000140487827593, 8.44252062961e-05, 0.000146629623487, 0.000156645866809, 0.000120395627164, 6.93876936566e-05, 4.26392398367e-05, 3.41423910868e-05, 2.83321096504e-05, 4.50971529062e-05, 7.00376622262e-05, 5.13113882334e-05, 5.80616178922e-05, 3.94598209823e-05, 3.28738387907e-05, 2.56523107964e-05, 3.07193404296e-05, 4.11674882344e-05, 3.0502811569e-05, 2.33885511989e-05, 1.99389378395e-05, 1.61034149642e-05, 1.21485400086e-05, 1.00720280898e-05, 9.06495915842e-06, 7.13224471838e-06, 5.80288542551e-06, 3.61760999112e-06, 2.7777930427e-06, 2.30505906984e-06, 2.39408336711e-06, 1.17082242923e-06, 9.40783365877e-07, 8.11844245163e-07, 6.55606129385e-07],
        "min": [4.60167284473e-05, 0.000161169693456, 2.04619063879e-05, 5.26877010998e-06, 9.07983940124e-06, 2.68844610218e-06, 3.17617286782e-06, 2.45436262958e-06, 3.76739467356e-06, 3.61463503395e-06, 5.35092885912e-06, 1.86409420166e-06, 1.05225092284e-06, 7.80421430591e-07, 3.90030299968e-06, 2.54257588495e-06, 1.89349987068e-06, 2.83630720332e-06, 3.17115632242e-06, 1.56759529091e-06, 1.76290882337e-06, 2.02449359676e-06, 2.52548466051e-06, 1.20352819977e-06, 1.44762213949e-06, 1.05753929347e-06, 7.84352380379e-07, 6.05287254984e-07, 5.00363569245e-07, 3.72575016172e-07, 3.04070539414e-07, 1.18416934924e-07, 1.41769078255e-07, 5.05495627579e-08, 1.12779787287e-07, 9.95740592202e-08, 7.06288076913e-08, 2.80052567803e-08, 3.34442451511e-09, 6.76947387035e-10],
