{
"highlevel": {
    "danceability": {
        "all": {
            "danceable": 0.00345410383306,
            "not_danceable": 0.996545910835
        },
        "probability": 0.996545910835,
        "value": "not_danceable"
    },
    "gender": {
        "all": {
            "female": 0.388963341713,
            "male": 0.611036658287
        },
        "probability": 0.611036658287,
        "value": "male"
    },
    "genre_dortmund": {
        "all": {
            "alternative": 0.0917201414704,
            "blues": 0.0910557359457,
            "electronic": 0.0316195525229,
            "folkcountry": 0.0321801006794,
            "funksoulrnb": 0.0532158762217,
            "jazz": 0.0193985756487,
            "pop": 0.0365737639368,
            "raphiphop": 0.0162019748241,
            "rock": 0.628034293652
        },
        "probability": 0.628034293652,
        "value": "rock"
    },
    "genre_electronic": {
        "all": {
            "ambient": 0.111173421144,
            "dnb": 0.196874678135,
            "house": 0.0446239262819,
            "techno": 0.0191523525864,
            "trance": 0.628175616264
        },
        "probability": 0.628175616264,
        "value": "trance"
    },
    "genre_rosamerica": {
        "all": {
            "cla": 0.000768590369262,
            "dan": 0.00200477638282,
            "hip": 0.0228762049228,
            "jaz": 0.000534058490302,
            "pop": 0.0158836767077,
            "rhy": 0.00517448596656,
            "roc": 0.952564954758,
            "spe": 0.000193261657842
        },
        "probability": 0.952564954758,
        "value": "roc"
    },
    "genre_tzanetakis": {
        "all": {
            "blu": 0.0626613423228,
            "cla": 0.0348169617355,
            "cou": 0.104475811124,
            "dis": 0.0784321576357,
            "hip": 0.15692435205,
            "jaz": 0.313974827528,
            "met": 0.0448166541755,
            "pop": 0.0627359300852,
            "reg": 0.0627360641956,
            "roc": 0.0784258767962
        },
        "probability": 0.313974827528,
        "value": "jaz"
    },
    "ismir04_rhythm": {
        "all": {
            "ChaChaCha": 0.0999935567379,
            "Jive": 0.88167142868,
            "Quickstep": 0.00291632814333,
            "Rumba-American": 0.000468474812806,
            "Rumba-International": 0.000277766288491,
            "Rumba-Misc": 0.000323873566231,
            "Samba": 0.0104829408228,
            "Tango": 0.000130255619297,
            "VienneseWaltz": 0.00367839867249,
            "Waltz": 5.69676121813e-05
        },
        "probability": 0.88167142868,
        "value": "Jive"
    },
    "mood_acoustic": {
        "all": {
            "acoustic": 1.88912906651e-06,
            "not_acoustic": 0.999998092651
        },
        "probability": 0.999998092651,
        "value": "not_acoustic"
    },
    "mood_aggressive": {
        "all": {
            "aggressive": 0.995014548302,
            "not_aggressive": 0.00498545821756
        },
        "probability": 0.995014548302,
        "value": "aggressive"
    },
    "mood_electronic": {
        "all": {
            "electronic": 0.564633190632,
            "not_electronic": 0.43536683917
        },
        "probability": 0.564633190632,
        "value": "electronic"
    },
    "mood_happy": {
        "all": {
            "happy": 0.551567733288,
            "not_happy": 0.448432266712
        },
        "probability": 0.551567733288,
        "value": "happy"
    },
    "mood_party": {
        "all": {
            "not_party": 0.278427273035,
            "party": 0.721572756767
        },
        "probability": 0.721572756767,
        "value": "party"
    },
    "mood_relaxed": {
        "all": {
            "not_relaxed": 0.996060848236,
            "relaxed": 0.00393914198503
        },
        "probability": 0.996060848236,
        "value": "not_relaxed"
    },
    "mood_sad": {
        "all": {
            "not_sad": 0.993048846722,
            "sad": 0.00695115793496
        },
        "probability": 0.993048846722,
        "value": "not_sad"
    },
    "moods_mirex": {
        "all": {
            "Cluster1": 0.182500898838,
            "Cluster2": 0.080758869648,
            "Cluster3": 0.030171116814,
            "Cluster4": 0.0272423587739,
            "Cluster5": 0.67932677269
        },
        "probability": 0.67932677269,
        "value": "Cluster5"
    },
    "timbre": {
        "all": {
            "bright": 0.273014962673,
            "dark": 0.726985037327
        },
        "probability": 0.726985037327,
        "value": "dark"
    },
    "tonal_atonal": {
        "all": {
            "atonal": 0.527182579041,
            "tonal": 0.472817420959
        },
        "probability": 0.527182579041,
        "value": "atonal"
    },
    "voice_instrumental": {
        "all": {
            "instrumental": 0.00112018745858,
            "voice": 0.998879790306
        },
        "probability": 0.998879790306,
        "value": "voice"
    }
},
"lowlevel": {
    "average_loudness": 0.986959457397,
    "barkbands_crest": {
        "dmean": 2.30638432503,
        "dmean2": 3.83129000664,
        "dvar": 4.26722002029,
        "dvar2": 11.2407951355,
        "max": 22.4894161224,
        "mean": 7.39290523529,
        "median": 6.67880821228,
        "min": 2.5187394619,
        "var": 10.0863332748
    },
    "barkbands_flatness_db": {
        "dmean": 0.0182549059391,
        "dmean2": 0.0277691073716,
        "dvar": 0.000266124668997,
        "dvar2": 0.000561780645512,
        "max": 0.261443018913,
        "mean": 0.110502310097,
        "median": 0.102972485125,
        "min": 0.0428988970816,
        "var": 0.00118810625281
    },
    "barkbands_kurtosis": {
        "dmean": 0.970449984074,
        "dmean2": 1.57589828968,
        "dvar": 2.45609927177,
        "dvar2": 5.88476705551,
        "max": 22.7990016937,
        "mean": -0.245526850224,
        "median": -0.820576906204,
        "min": -1.87550520897,
        "var": 3.80517625809
    },
    "barkbands_skewness": {
        "dmean": 0.476570993662,
        "dmean2": 0.74650645256,
        "dvar": 0.241527542472,
        "dvar2": 0.5209415555,
        "max": 4.65449428558,
        "mean": 0.334812611341,
        "median": 0.353643357754,
        "min": -3.0281188488,
        "var": 0.775524973869
    },
    "barkbands_spread": {
        "dmean": 7.92704725266,
        "dmean2": 12.2036151886,
        "dvar": 65.3259811401,
        "dvar2": 137.135223389,
        "max": 106.03842926,
        "mean": 38.1952323914,
        "median": 36.8103942871,
        "min": 6.77700138092,
        "var": 264.646209717
    },
    "dissonance": {
        "dmean": 0.0106540862471,
        "dmean2": 0.0178655665368,
        "dvar": 0.000133511872264,
        "dvar2": 0.000350782764144,
        "max": 0.499999940395,
        "mean": 0.482373774052,
        "median": 0.487928301096,
        "min": 0.380517154932,
        "var": 0.000295246049063
    },
    "dynamic_complexity": 1.21889615059,
    "erbbands_crest": {
        "dmean": 2.32252812386,
        "dmean2": 3.82969808578,
        "dvar": 4.9482254982,
        "dvar2": 13.0562868118,
        "max": 25.8591938019,
        "mean": 7.56789016724,
        "median": 6.88021373749,
        "min": 2.3792488575,
        "var": 10.4339046478
    },
    "erbbands_flatness_db": {
        "dmean": 0.017042344436,
        "dmean2": 0.0244897548109,
        "dvar": 0.000253967824392,
        "dvar2": 0.000501448637806,
        "max": 0.311349928379,
        "mean": 0.165685504675,
        "median": 0.159051522613,
        "min": 0.0844944417477,
        "var": 0.00130082678515
    },
    "erbbands_kurtosis": {
        "dmean": 0.954659283161,
        "dmean2": 1.49569392204,
        "dvar": 1.04294335842,
        "dvar2": 2.24549174309,
        "max": 9.5874786377,
        "mean": 0.544861197472,
        "median": 0.109091997147,
        "min": -1.51468217373,
        "var": 2.55924940109
    },
    "erbbands_skewness": {
        "dmean": 0.346955150366,
        "dmean2": 0.527933657169,
        "dvar": 0.0863628163934,
        "dvar2": 0.20499137044,
        "max": 1.78065907955,
        "mean": -0.562184453011,
        "median": -0.571885585785,
        "min": -2.74382543564,
        "var": 0.401926130056
    },
    "erbbands_spread": {
        "dmean": 7.78915071487,
        "dmean2": 12.1250419617,
        "dvar": 58.8008422852,
        "dvar2": 136.465454102,
        "max": 91.0733032227,
        "mean": 34.0777702332,
        "median": 32.5368118286,
        "min": 7.03935527802,
        "var": 160.443344116
    },
    "hfc": {
        "dmean": 9.17638111115,
        "dmean2": 12.9660196304,
        "dvar": 104.441055298,
        "dvar2": 168.866027832,
        "max": 133.124725342,
        "mean": 42.6287002563,
        "median": 39.4166297913,
        "min": 2.51637911797,
        "var": 575.426635742
    },
    "melbands_crest": {
        "dmean": 3.2893743515,
        "dmean2": 5.38691520691,
        "dvar": 8.35473632812,
        "dvar2": 20.286901474,
        "max": 31.3293476105,
        "mean": 12.3450946808,
        "median": 12.0451250076,
        "min": 2.25567150116,
        "var": 24.1579627991
    },
    "melbands_flatness_db": {
        "dmean": 0.0244042277336,
        "dmean2": 0.0378691032529,
        "dvar": 0.000561972090509,
        "dvar2": 0.00124370015692,
        "max": 0.333175688982,
        "mean": 0.125834330916,
        "median": 0.120058946311,
        "min": 0.00899834558368,
        "var": 0.00268311565742
    },
    "melbands_kurtosis": {
        "dmean": 2.91478180885,
        "dmean2": 4.82314491272,
        "dvar": 22.1668701172,
        "dvar2": 59.8076896667,
        "max": 65.7621459961,
        "mean": 3.53250908852,
        "median": 1.76861333847,
        "min": -1.78496539593,
        "var": 35.0072669983
    },
    "melbands_skewness": {
        "dmean": 0.635260939598,
        "dmean2": 0.998973429203,
        "dvar": 0.427942126989,
        "dvar2": 1.05304193497,
        "max": 7.43579483032,
        "mean": 1.62596714497,
        "median": 1.56523704529,
        "min": -1.31295955181,
        "var": 1.31443226337
    },
    "melbands_spread": {
        "dmean": 16.0214290619,
        "dmean2": 25.1995353699,
        "dvar": 322.335968018,
        "dvar2": 734.068054199,
        "max": 260.206390381,
        "mean": 54.4613609314,
        "median": 48.2596740723,
        "min": 4.32226514816,
        "var": 930.803466797
    },
    "pitch_salience": {
        "dmean": 0.0665124207735,
        "dmean2": 0.108940035105,
        "dvar": 0.00313910166733,
        "dvar2": 0.00792300608009,
        "max": 0.838728845119,
        "mean": 0.596597731113,
        "median": 0.600515246391,
        "min": 0.188627004623,
        "var": 0.00963638070971
    },
    "silence_rate_20dB": {
        "dmean": 0,
        "dmean2": 0,
        "dvar": 0,
        "dvar2": 0,
        "max": 1,
        "mean": 1,
        "median": 1,
        "min": 1,
        "var": 0
    },
    "silence_rate_30dB": {
        "dmean": 0,
        "dmean2": 0,
        "dvar": 0,
        "dvar2": 0,
        "max": 1,
        "mean": 1,
        "median": 1,
        "min": 1,
        "var": 0
    },
    "silence_rate_60dB": {
        "dmean": 0,
        "dmean2": 0,
        "dvar": 0,
        "dvar2": 0,
        "max": 0,
        "mean": 0,
        "median": 0,
        "min": 0,
        "var": 0
    },
    "spectral_centroid": {
        "dmean": 332.504852295,
        "dmean2": 505.967315674,
        "dvar": 115998.921875,
        "dvar2": 244688.28125,
        "max": 5320.91064453,
        "mean": 2443.37670898,
        "median": 2393.6940918,
        "min": 944.042053223,
        "var": 426296.28125
    },
    "spectral_complexity": {
        "dmean": 5.32352924347,
        "dmean2": 7.80635166168,
        "dvar": 24.5841693878,
        "dvar2": 46.4660072327,
        "max": 62,
        "mean": 32.8020095825,
        "median": 34,
        "min": 4,
        "var": 125.278747559
    },
    "spectral_decrease": {
        "dmean": 1.47979895004e-09,
        "dmean2": 2.38588482304e-09,
        "dvar": 2.52986469507e-18,
        "dvar2": 6.1221899474e-18,
        "max": -5.89230109149e-10,
        "mean": -5.90455728755e-09,
        "median": -6.0209179864e-09,
        "min": -1.59885509277e-08,
        "var": 5.31976891853e-18
    },
    "spectral_energy": {
        "dmean": 0.00584299629554,
        "dmean2": 0.00931066367775,
        "dvar": 3.59848672815e-05,
        "dvar2": 8.60165455379e-05,
        "max": 0.0664802715182,
        "mean": 0.0261516999453,
        "median": 0.0264996029437,
        "min": 0.00260412343778,
        "var": 8.19410997792e-05
    },
    "spectral_energyband_high": {
        "dmean": 0.00097050727345,
        "dmean2": 0.00132262567058,
        "dvar": 1.95861093744e-06,
        "dvar2": 2.99024736705e-06,
        "max": 0.0184546988457,
        "mean": 0.00299815624021,
        "median": 0.00200491328724,
        "min": 2.246585791e-05,
        "var": 1.01861332951e-05
    },
    "spectral_energyband_low": {
        "dmean": 0.00336147868074,
        "dmean2": 0.00576832331717,
        "dvar": 1.55612196977e-05,
        "dvar2": 4.54988185083e-05,
        "max": 0.0378581546247,
        "mean": 0.00695046596229,
        "median": 0.00651202257723,
        "min": 1.58131952048e-05,
        "var": 3.25372202497e-05
    },
    "spectral_energyband_middle_high": {
        "dmean": 0.00258671818301,
        "dmean2": 0.00392679311335,
        "dvar": 6.8819599619e-06,
        "dvar2": 1.63594831974e-05,
        "max": 0.0292706023902,
        "mean": 0.00914338044822,
        "median": 0.00834380835295,
        "min": 0.000630438968074,
        "var": 2.6518757295e-05
    },
    "spectral_energyband_middle_low": {
        "dmean": 0.00381104601547,
        "dmean2": 0.00608807662502,
        "dvar": 3.06481633743e-05,
        "dvar2": 7.20946773072e-05,
        "max": 0.0476895608008,
        "mean": 0.00828346703202,
        "median": 0.00728151155636,
        "min": 8.82242529769e-05,
        "var": 4.43073440692e-05
    },
    "spectral_entropy": {
        "dmean": 0.120237961411,
        "dmean2": 0.167374014854,
        "dvar": 0.0150471767411,
        "dvar2": 0.0253247283399,
        "max": 8.77880859375,
        "mean": 7.88333797455,
        "median": 7.89104795456,
        "min": 6.6767783165,
        "var": 0.105768106878
    },
    "spectral_flux": {
        "dmean": 0.0196162965149,
        "dmean2": 0.0304516553879,
        "dvar": 0.000354640738806,
        "dvar2": 0.000857933307998,
        "max": 0.234027788043,
        "mean": 0.0991443172097,
        "median": 0.0975971892476,
        "min": 0.0338161215186,
        "var": 0.000737915048376
    },
    "spectral_kurtosis": {
        "dmean": 1.13140845299,
        "dmean2": 1.91056323051,
        "dvar": 1.41888546944,
        "dvar2": 3.97940635681,
        "max": 15.1238536835,
        "mean": 2.91181850433,
        "median": 2.52146863937,
        "min": -0.669978141785,
        "var": 3.77676749229
    },
    "spectral_rms": {
        "dmean": 0.000569293508306,
        "dmean2": 0.00089559139451,
        "dvar": 3.07591648152e-07,
        "dvar2": 7.12877351816e-07,
        "max": 0.00805349647999,
        "mean": 0.00496692350134,
        "median": 0.00508461100981,
        "min": 0.0015939285513,
        "var": 8.43523821459e-07
    },
    "spectral_rolloff": {
        "dmean": 784.812805176,
        "dmean2": 1212.64746094,
        "dvar": 878529.1875,
        "dvar2": 1653566.875,
        "max": 10443.6035156,
        "mean": 3465.87548828,
        "median": 3057.71484375,
        "min": 64.599609375,
        "var": 4046281
    },
    "spectral_skewness": {
        "dmean": 0.165618523955,
        "dmean2": 0.27541950345,
        "dvar": 0.0242063142359,
        "dvar2": 0.0609719567001,
        "max": 2.79200172424,
        "mean": 1.02048480511,
        "median": 0.980436623096,
        "min": 0.104910925031,
        "var": 0.0813361853361
    },
    "spectral_spread": {
        "dmean": 418530.375,
        "dmean2": 579217.5,
        "dvar": 228502536192,
        "dvar2": 325938216960,
        "max": 11372477,
        "mean": 4071053,
        "median": 3808288,
        "min": 2059254.875,
        "var": 1.58256804659e+12
    },
    "spectral_strongpeak": {
        "dmean": 0.825496256351,
        "dmean2": 1.4018599987,
        "dvar": 1.57463729382,
        "dvar2": 4.04155349731,
        "max": 15.0799198151,
        "mean": 1.13021326065,
        "median": 0.469305932522,
        "min": 0.0334110707045,
        "var": 2.16401982307
    },
    "zerocrossingrate": {
        "dmean": 0.0157274175435,
        "dmean2": 0.0164253115654,
        "dvar": 0.000318694859743,
        "dvar2": 0.000276043370832,
        "max": 0.34033203125,
        "mean": 0.107287436724,
        "median": 0.09619140625,
        "min": 0.021484375,
        "var": 0.00303492275998
    },
    "barkbands": {
        "dmean": [0.000116209725093, 0.00185643369332, 0.00155351567082, 0.0012776539661, 0.00160928349942, 0.000820839079097, 0.000276143808151, 0.000454593100585, 0.0012454650132, 0.000324660912156, 0.000386619271012, 0.000254797138041, 0.000541280373, 0.00076596607687, 0.000592853466514, 0.000642638246063, 0.000350821384927, 0.000739217561204, 0.000666694075335, 0.000379784149118, 0.000306637957692, 0.00031090923585, 0.000218299639528, 0.000206371114473, 0.000105466970126, 1.89893235074e-05, 6.94459885153e-08],
        "dmean2": [0.000181617491762, 0.00312390457839, 0.00256666936912, 0.00219077686779, 0.00256582675502, 0.00129788112827, 0.000441693788162, 0.000715481641237, 0.00197914498858, 0.000535020197276, 0.000617230834905, 0.000404714752221, 0.000855588878039, 0.00124259712175, 0.00095892790705, 0.0010800542077, 0.000578201201279, 0.00122019753326, 0.00108905346133, 0.000593597302213, 0.000460546521936, 0.000481450086227, 0.000323815504089, 0.000286016060272, 0.000146397011122, 2.75058173429e-05, 1.22670925862e-07],
        "dvar": [3.0365598036e-08, 5.53575137019e-06, 4.46402145826e-06, 3.88974694943e-06, 1.22835363072e-05, 1.70787984644e-06, 1.81354621986e-07, 9.19068043004e-07, 4.91681066705e-06, 8.15108251118e-07, 7.30717204078e-07, 1.94305030732e-07, 9.34938839237e-07, 2.0142986159e-06, 9.03229022242e-07, 8.43153088681e-07, 3.06841087649e-07, 8.18460193841e-07, 9.37480990615e-07, 2.87485534045e-07, 1.59684333312e-07, 2.3993172249e-07, 1.43761667459e-07, 1.86339178754e-07, 5.89542459295e-08, 2.48510856338e-09, 3.93615058624e-14],
        "dvar2": [7.01532698599e-08, 1.64754510479e-05, 1.25223805298e-05, 1.00717388705e-05, 3.02569696942e-05, 3.91160756408e-06, 4.50049242318e-07, 2.1815603759e-06, 1.16558649097e-05, 1.87673094842e-06, 1.83123950137e-06, 4.39387576989e-07, 2.03498757401e-06, 5.26471058038e-06, 2.23914753406e-06, 2.19437788473e-06, 7.9104137285e-07, 1.90906712305e-06, 2.32172055803e-06, 6.75265880545e-07, 3.10216506705e-07, 5.04450383687e-07, 3.04936094153e-07, 2.98639690754e-07, 9.76650298412e-08, 4.87796514292e-09, 1.08827816279e-13],
        "max": [0.00182206206955, 0.0222322251648, 0.0159654133022, 0.0167452096939, 0.0304950904101, 0.0120842941105, 0.00574644608423, 0.0132351312786, 0.0277648475021, 0.0154573181644, 0.0149201108143, 0.0070016416721, 0.012741423212, 0.0174130946398, 0.0136627564207, 0.0084292339161, 0.00853189919144, 0.0100808776915, 0.0165412593633, 0.0062119634822, 0.00618922058493, 0.00628885393962, 0.00500709516928, 0.00654690153897, 0.0035951831378, 0.000817138818093, 2.69279166787e-06],
        "mean": [0.000204905649298, 0.00286961556412, 0.00275156507269, 0.00182428548578, 0.00201223930344, 0.00111589767039, 0.00042923624278, 0.000717893941328, 0.00200401758775, 0.000472012179671, 0.00064130971441, 0.000399462500354, 0.000841640168801, 0.00119842472486, 0.000954355287831, 0.00109033065382, 0.000599572318606, 0.00140287249815, 0.00122394145001, 0.00075977324741, 0.000726088648662, 0.000700768723618, 0.000513876904733, 0.000447148602689, 0.000216343032662, 3.40643127856e-05, 5.56588304335e-08],
        "median": [5.46324226889e-05, 0.00189847848378, 0.00173981452826, 0.00118044542614, 0.000769096368458, 0.000553762656637, 0.000221945534577, 0.000221121808863, 0.000618575373664, 0.000203071525902, 0.000223410199396, 0.000206440381589, 0.0003803158761, 0.000561895780265, 0.000492650899105, 0.000783536175732, 0.000435995665612, 0.00108769303188, 0.000913660624065, 0.000523365044501, 0.000598856597207, 0.000393596856156, 0.000204555646633, 0.000166790341609, 6.09595772403e-05, 8.06485877547e-06, 2.25753482574e-09],
        "min": [2.31601347878e-07, 7.27631459085e-07, 1.24809503177e-06, 7.15023134035e-07, 1.64313178175e-06, 4.27736995334e-06, 1.50985420078e-06, 5.54768666916e-06, 1.40834326885e-05, 3.51090920958e-06, 6.44050896881e-06, 5.6163962654e-06, 4.71021485282e-06, 1.94229323824e-05, 1.8832324713e-05, 2.71225781034e-05, 1.80652768904e-05, 3.65597188647e-05, 5.19552304468e-05, 1.17024283099e-05, 9.35989100981e-06, 2.53838447861e-06, 1.39517510434e-06, 2.74971142744e-07, 9.1811529046e-08, 9.24584298012e-10, 4.90564880384e-12],
        "var": [8.1380079564e-08, 9.77057970886e-06, 9.78965363174e-06, 4.81714732814e-06, 1.36862681757e-05, 2.62108324023e-06, 3.51132996457e-07, 2.08303686122e-06, 1.01260466181e-05, 1.27897510538e-06, 1.93974551621e-06, 3.66191812873e-07, 1.95650363821e-06, 3.43355372934e-06, 1.75303455308e-06, 1.25915028093e-06, 3.88315243072e-07, 1.46128763845e-06, 1.39617532113e-06, 5.83528276366e-07, 4.72137855922e-07, 7.30639897029e-07, 4.92944366215e-07, 8.62747583597e-07, 2.46399281423e-07, 8.05078581578e-09, 3.11256520503e-14]
    },
    "erbbands": {
        "dmean": [0.0649510547519, 0.419991880655, 1.53561377525, 3.45766282082, 5.21914339066, 5.12066173553, 6.36109399796, 6.00486421585, 4.03720903397, 4.75314474106, 13.0025186539, 35.4520149231, 12.4823722839, 10.5198698044, 14.6054372787, 11.8410549164, 24.0982112885, 23.7030715942, 36.7822685242, 40.0109519958, 22.264793396, 19.8830051422, 40.0637245178, 34.5095901489, 24.892414093, 16.0350418091, 13.261305809, 12.7862234116, 12.3603458405, 7.77662563324, 6.66985225677, 5.42250490189, 3.05042147636, 1.64201557636, 0.579570114613, 0.137465029955, 0.0278901811689, 0.0021014008671, 5.16984728165e-05, 9.89479394775e-06],
        "dmean2": [0.108069621027, 0.719662368298, 2.59070277214, 5.91030025482, 8.24779415131, 8.45660114288, 9.89124584198, 9.69933605194, 6.58071422577, 7.56363487244, 20.6885242462, 55.8824195862, 19.6780433655, 17.0747795105, 23.2674789429, 18.623544693, 38.9768638611, 38.1920089722, 58.988948822, 67.0245895386, 36.2453994751, 32.6044158936, 65.5644607544, 54.8994293213, 40.4131774902, 25.0188922882, 20.9623012543, 20.6301345825, 18.9153060913, 11.3979587555, 9.70915317535, 7.79528045654, 4.10673284531, 2.29539871216, 0.817681312561, 0.19764021039, 0.0401091463864, 0.00312504195608, 7.28071099729e-05, 1.40637976074e-05],
        "dvar": [0.00781374424696, 0.294083923101, 4.49364471436, 24.1891403198, 118.581184387, 130.513977051, 116.092071533, 103.475364685, 39.2675933838, 49.9422416687, 700.784057617, 4460.47119141, 1518.42138672, 306.526275635, 1005.21044922, 352.541351318, 1814.54785156, 1442.5291748, 4437.39941406, 4492.99169922, 769.017944336, 989.563293457, 2546.203125, 2734.39404297, 978.38671875, 590.394958496, 256.040618896, 378.807647705, 336.420715332, 182.58303833, 123.664787292, 113.009262085, 52.1825828552, 13.5316400528, 2.06376314163, 0.121000178158, 0.00572264147922, 4.40468174929e-05, 1.61579514213e-08, 1.20262313996e-10],
        "dvar2": [0.0215330775827, 0.880996465683, 12.7257928848, 67.525177002, 271.446594238, 348.19317627, 255.416534424, 250.436264038, 94.4885940552, 116.449165344, 1658.77612305, 10631.9199219, 3360.55688477, 779.721618652, 2570.22607422, 828.230712891, 4179.25, 3778.2644043, 11304.5966797, 12594.0664062, 1873.59899902, 2498.38989258, 6199.75585938, 6590.07275391, 2506.12841797, 1359.16223145, 548.345703125, 786.694946289, 732.604492188, 409.709869385, 260.788330078, 218.23600769, 87.7780838013, 24.2371807098, 4.05130195618, 0.230243325233, 0.00989383086562, 9.64121063589e-05, 3.09591641212e-08, 2.04288710948e-10],
        "max": [0.832797288895, 5.32254600525, 18.0559120178, 41.5234489441, 87.6756591797, 102.717391968, 136.582229614, 108.038787842, 80.0038452148, 104.211746216, 406.999908447, 880.024536133, 701.188354492, 308.912231445, 544.914123535, 250.622543335, 529.407226562, 565.504638672, 784.247741699, 872.418273926, 359.842102051, 460.961029053, 646.106689453, 1125.05981445, 326.532775879, 313.826843262, 198.459442139, 294.981079102, 224.750244141, 199.535049438, 142.824554443, 194.684555054, 101.459091187, 57.4310112, 20.6482753754, 5.39113092422, 1.5734757185, 0.116293914616, 0.0022941690404, 0.000196299544768],
        "mean": [0.10138477385, 0.587269723415, 2.67686867714, 5.48746585846, 6.58726596832, 6.07442474365, 8.7022190094, 7.89845561981, 6.16733074188, 8.21263217926, 22.2843532562, 55.4572563171, 17.9474143982, 17.4195232391, 25.3698005676, 20.354183197, 39.5662536621, 43.2650794983, 62.6023368835, 70.5277938843, 44.9677276611, 37.6418800354, 74.8823471069, 67.9445495605, 50.8236160278, 33.9927482605, 31.482006073, 28.8570976257, 26.9684123993, 15.9050035477, 15.4952859879, 11.2205257416, 6.3546872139, 3.22532510757, 1.09064483643, 0.25237929821, 0.0511270463467, 0.00337027804926, 0.000112137000542, 4.53360989923e-05],
        "median": [0.0370596311986, 0.434109300375, 1.87134456635, 4.08055925369, 3.24969315529, 1.95286011696, 3.40488982201, 4.30194187164, 3.36844968796, 4.74597787857, 8.703956604, 16.5827465057, 8.31946277618, 9.10567569733, 10.2598619461, 12.1746988297, 19.3631153107, 25.8534812927, 26.8818740845, 40.5843544006, 35.8261566162, 27.0163059235, 57.8271713257, 51.3881263733, 40.6983642578, 23.3392620087, 26.4421291351, 20.563867569, 16.0872402191, 7.62324094772, 6.0602722168, 5.0686712265, 1.65094065666, 0.936576902866, 0.274112910032, 0.0623131990433, 0.010882396251, 0.000558697036467, 4.09060994571e-05, 4.01697761845e-05],
        "min": [1.84269465535e-05, 0.000345744338119, 0.00375684746541, 0.00257553812116, 0.00596629874781, 0.00529474020004, 0.0103040058166, 0.0406796596944, 0.0566094480455, 0.1049778983, 0.21386744082, 0.500646710396, 0.437542170286, 0.3699862957, 0.509859323502, 0.402848780155, 0.9966121912, 1.31133341789, 1.76572775841, 1.52289879322, 1.08643651009, 1.16352415085, 2.04466795921, 2.17272830009, 2.21726584435, 0.780113041401, 0.454540282488, 0.201919093728, 0.112952463329, 0.0854986533523, 0.0360025055707, 0.00935512874275, 0.00416977098212, 0.00141471659299, 0.000383850332582, 7.17255243217e-05, 8.50622836879e-06, 1.03726370071e-06, 2.93098378279e-06, 3.66017093256e-06],
        "var": [0.0170354321599, 0.39432990551, 8.3788394928, 33.1865005493, 141.259048462, 140.698379517, 201.696990967, 123.982818604, 65.2012252808, 103.643981934, 1580.21972656, 8702.46289062, 2242.79443359, 812.575012207, 2565.80273438, 730.954650879, 3688.43652344, 2784.82202148, 8683.515625, 8336.99804688, 1383.48400879, 1376.36645508, 4273.10302734, 4250.90527344, 1614.25793457, 1181.90917969, 701.323059082, 1008.23260498, 991.334716797, 479.256774902, 443.049835205, 400.053863525, 233.033981323, 52.2751464844, 7.08831787109, 0.399813443422, 0.0208684187382, 0.000126085506054, 5.95819216187e-08, 6.70234312494e-10]
    },
    "gfcc": {
        "mean": [36.9393424988, 65.7907180786, -149.321731567, 57.9554634094, -60.8762931824, 20.2816886902, -38.3025360107, 12.2331428528, -21.1577777863, 0.235123947263, -16.1249809265, -7.63328838348, -10.8896141052],
        "cov": [[1325.30529785, -662.314758301, 341.718933105, 112.42440033, -231.321792603, 109.979911804, -319.343353271, -100.49899292, -243.608215332, -39.6213226318, -212.793075562, -8.51968860626, -170.390090942], [-662.314758301, 1958.48242188, -121.019302368, 91.2796173096, 481.608398438, -262.32925415, 366.138366699, 62.7577629089, 200.073959351, -65.1083831787, 238.068069458, -106.092323303, 111.466583252], [341.718933105, -121.019302368, 552.17956543, 278.598236084, 28.2965221405, 82.5428695679, -70.3243026733, 46.2949676514, -55.0260696411, 5.26163864136, -34.2782707214, 19.5999927521, -63.4553985596], [112.42440033, 91.2796173096, 278.598236084, 395.178283691, 109.416503906, -12.0888404846, -1.61405301094, 43.4072647095, 16.4900779724, -2.59294223785, 12.9542531967, -6.81980705261, -16.6773223877], [-231.321792603, 481.608398438, 28.2965221405, 109.416503906, 275.137817383, -31.8429222107, 132.958282471, 94.5063323975, 82.3232498169, 16.1839752197, 96.9755172729, -11.5024547577, 34.5808830261], [109.979911804, -262.32925415, 82.5428695679, -12.0888404846, -31.8429222107, 175.147369385, 0.1050600335, 15.7448310852, -23.5201244354, 9.47878551483, -16.6088428497, 2.27685856819, -20.8013687134], [-319.343353271, 366.138366699, -70.3243026733, -1.61405301094, 132.958282471, 0.1050600335, 209.467422485, 94.8530731201, 89.5428390503, 17.2257461548, 85.831817627, -11.9508571625, 40.4741668701], [-100.49899292, 62.7577629089, 46.2949676514, 43.4072647095, 94.5063323975, 15.7448310852, 94.8530731201, 173.083236694, 82.1839599609, 45.9733390808, 67.2377624512, 7.37186479568, 21.0191993713], [-243.608215332, 200.073959351, -55.0260696411, 16.4900779724, 82.3232498169, -23.5201244354, 89.5428390503, 82.1839599609, 132.350204468, 42.2932281494, 63.4304542542, -7.68534517288, 38.9757919312], [-39.6213226318, -65.1083831787, 5.26163864136, -2.59294223785, 16.1839752197, 9.47878551483, 17.2257461548, 45.9733390808, 42.2932281494, 81.7481384277, 45.9352798462, 18.27409935, 8.45424175262], [-212.793075562, 238.068069458, -34.2782707214, 12.9542531967, 96.9755172729, -16.6088428497, 85.831817627, 67.2377624512, 63.4304542542, 45.9352798462, 144.434936523, 28.6135025024, 50.2863578796], [-8.51968860626, -106.092323303, 19.5999927521, -6.81980705261, -11.5024547577, 2.27685856819, -11.9508571625, 7.37186479568, -7.68534517288, 18.27409935, 28.6135025024, 86.1521835327, 30.3435573578], [-170.390090942, 111.466583252, -63.4553985596, -16.6773223877, 34.5808830261, -20.8013687134, 40.4741668701, 21.0191993713, 38.9757919312, 8.45424175262, 50.2863578796, 30.3435573578, 86.0631713867]],
        "icov": [[0.00240378477611, -0.00124600250274, 0.000535602215677, -0.00110528303776, 0.00148800993338, -0.00206993333995, 0.00349897006527, -0.00283662206493, 0.00362165644765, -0.00229899841361, 0.00249452935532, -0.00127505382989, 0.00208035716787], [-0.00124600250274, 0.0037604814861, -0.00209814566188, 0.00197356659919, -0.00384533824399, 0.00484649231657, -0.00503110466525, 0.00485275080428, -0.00391498859972, 0.00515873450786, -0.00492113642395, 0.00427092891186, -0.00196871906519], [0.000535602215677, -0.00209814566188, 0.00535860471427, -0.00379037111998, 0.00171323877294, -0.0042295246385, 0.00376924499869, -0.00432121194899, 0.00362737406977, -0.0032091550529, 0.00324323843233, -0.00383985228837, 0.00269772857428], [-0.00110528303776, 0.00197356659919, -0.00379037111998, 0.00606540916488, -0.0035402670037, 0.00369412242435, -0.00250659952872, 0.00322236702777, -0.00392262404785, 0.00371462921612, -0.00304618780501, 0.00286297290586, -0.00147449236829], [0.00148800993338, -0.00384533824399, 0.00171323877294, -0.0035402670037, 0.0112957516685, -0.00397811830044, 0.00247391569428, -0.00605067145079, 0.00356846838258, -0.0040846625343, 0.00224091485143, -0.00299491523765, 0.0018493620446], [-0.00206993333995, 0.00484649231657, -0.0042295246385, 0.00369412242435, -0.00397811830044, 0.0134988604113, -0.00853951182216, 0.00572108710185, -0.00405250303447, 0.00545612210408, -0.00595096452162, 0.00582026597112, -0.00257358304225], [0.00349897006527, -0.00503110466525, 0.00376924499869, -0.00250659952872, 0.00247391569428, -0.00853951182216, 0.0189486891031, -0.0104425428435, 0.0045084990561, -0.00460151350126, 0.00462012225762, -0.00422253832221, 0.00351742631756], [-0.00283662206493, 0.00485275080428, -0.00432121194899, 0.00322236702777, -0.00605067145079, 0.00572108710185, -0.0104425428435, 0.0183624308556, -0.0110075939447, 0.00454566674307, -0.00764431618154, 0.00454005971551, -0.00281815230846], [0.00362165644765, -0.00391498859972, 0.00362737406977, -0.00392262404785, 0.00356846838258, -0.00405250303447, 0.0045084990561, -0.0110075939447, 0.0242514740676, -0.0126709351316, 0.0063965250738, -0.000354779534973, -0.00104054773692], [-0.00229899841361, 0.00515873450786, -0.0032091550529, 0.00371462921612, -0.0040846625343, 0.00545612210408, -0.00460151350126, 0.00454566674307, -0.0126709351316, 0.0273018162698, -0.0129060419276, 0.00249796919525, 0.000851062766742], [0.00249452935532, -0.00492113642395, 0.00324323843233, -0.00304618780501, 0.00224091485143, -0.00595096452162, 0.00462012225762, -0.00764431618154, 0.0063965250738, -0.0129060419276, 0.0216517914087, -0.00865659769624, -0.00075911427848], [-0.00127505382989, 0.00427092891186, -0.00383985228837, 0.00286297290586, -0.00299491523765, 0.00582026597112, -0.00422253832221, 0.00454005971551, -0.000354779534973, 0.00249796919525, -0.00865659769624, 0.0220204163343, -0.00963574741036], [0.00208035716787, -0.00196871906519, 0.00269772857428, -0.00147449236829, 0.0018493620446, -0.00257358304225, 0.00351742631756, -0.00281815230846, -0.00104054773692, 0.000851062766742, -0.00075911427848, -0.00963574741036, 0.0218887384981]]
    },
    "melbands": {
        "dmean": [0.000529282435309, 0.000671385496389, 0.000603749707807, 0.000391013949411, 0.000205003350857, 0.000138318850077, 5.99845661782e-05, 5.839604637e-05, 0.000130669039208, 0.000212032246054, 5.63691428397e-05, 4.13643865613e-05, 5.76670900045e-05, 2.64968857664e-05, 5.04621420987e-05, 4.92299404868e-05, 5.06635151396e-05, 7.18462324585e-05, 4.44118049927e-05, 5.47417039343e-05, 2.59673288383e-05, 2.16393345909e-05, 3.12031588692e-05, 3.96522154915e-05, 3.07274349325e-05, 2.52033933066e-05, 1.67016933119e-05, 1.03433112599e-05, 1.01183832157e-05, 7.3737405728e-06, 8.48418221722e-06, 8.39568383526e-06, 5.69364101466e-06, 4.21199956691e-06, 4.37977996626e-06, 3.93044956581e-06, 3.31717501467e-06, 2.3721161142e-06, 1.88817250546e-06, 1.36004553042e-06],
        "dmean2": [0.000889316725079, 0.00115154951345, 0.00100975192618, 0.000641645863652, 0.000320773397107, 0.000221525304369, 9.73274363787e-05, 9.2614282039e-05, 0.000207379634958, 0.000334866956109, 9.02995743672e-05, 6.74781913403e-05, 9.10201997613e-05, 4.22521843575e-05, 7.79701731517e-05, 7.78588582762e-05, 8.23271911941e-05, 0.000116448616609, 7.27496881154e-05, 9.31403919822e-05, 4.20736650995e-05, 3.60366502719e-05, 5.18470260431e-05, 6.49319263175e-05, 4.9429727369e-05, 4.12649023929e-05, 2.71337266895e-05, 1.64632892847e-05, 1.61959251272e-05, 1.12853740575e-05, 1.40877564263e-05, 1.34492502184e-05, 8.81417145138e-06, 6.43566909275e-06, 6.62517868477e-06, 5.7838410612e-06, 4.89560125061e-06, 3.28528039972e-06, 2.64358664026e-06, 1.9570038603e-06],
        "dvar": [4.71982588124e-07, 8.14769407498e-07, 7.69620271512e-07, 8.14128100046e-07, 1.09252624725e-07, 5.08589650394e-08, 8.49172998585e-09, 7.43690220517e-09, 5.36007291885e-08, 1.6810027148e-07, 3.60849767844e-08, 5.18989295983e-09, 1.77878600738e-08, 1.89230631165e-09, 1.0433819142e-08, 6.65741239914e-09, 7.07859282301e-09, 2.0333809303e-08, 5.4672262273e-09, 8.09713807115e-09, 1.26711652282e-09, 1.10652020879e-09, 1.88070004015e-09, 2.49153520038e-09, 2.63764610153e-09, 1.24478916064e-09, 6.34946317746e-10, 2.35343217136e-10, 1.43890788173e-10, 9.8869933074e-11, 1.9134828444e-10, 1.66675159785e-10, 9.94390819686e-11, 6.17165901717e-11, 5.19855651582e-11, 5.02678697278e-11, 5.75871468567e-11, 3.33456595669e-11, 1.96089273291e-11, 8.71920504547e-12],
        "dvar2": [1.35973948545e-06, 2.32490765484e-06, 1.96251767193e-06, 2.08421329262e-06, 2.42446219545e-07, 1.21439413192e-07, 2.05178682933e-08, 1.73106666779e-08, 1.25708240262e-07, 3.98291120973e-07, 7.91898671082e-08, 1.33446595996e-08, 4.43313261655e-08, 4.18849843697e-09, 2.35732837695e-08, 1.47400092132e-08, 1.86074817776e-08, 5.19886604877e-08, 1.39161935309e-08, 2.18071107838e-08, 3.15202797196e-09, 2.86798340632e-09, 4.59106175299e-09, 6.20082563074e-09, 6.53795506622e-09, 3.17330828281e-09, 1.60408164529e-09, 5.32544786047e-10, 3.43069656017e-10, 2.21490617514e-10, 4.43870884492e-10, 4.05399463999e-10, 2.20795229322e-10, 1.51748086319e-10, 1.17579515568e-10, 1.06786600396e-10, 1.17372875308e-10, 5.9849479539e-11, 3.70963641749e-11, 1.70293432133e-11],
        "max": [0.00588518707082, 0.00808255653828, 0.00692307809368, 0.00807761773467, 0.00365583272651, 0.00223139603622, 0.00128657743335, 0.000984276877716, 0.00364689924754, 0.00538980448619, 0.00339296879247, 0.00124004937243, 0.00237218989059, 0.000765922537539, 0.0015569756506, 0.00139489327557, 0.00125465390738, 0.00165953789838, 0.00103989557829, 0.000985648948699, 0.000568365154322, 0.00050164363347, 0.000535031198524, 0.000517199980095, 0.00117215048522, 0.000440758332843, 0.000300335232168, 0.000211187681998, 0.000143683282658, 0.000139843541547, 0.000219651235966, 0.000149176266859, 0.000126277605887, 0.000127305072965, 8.04997180239e-05, 0.00013075946481, 0.000141731739859, 8.53386736708e-05, 7.41328040021e-05, 4.2114254029e-05],
        "mean": [0.000816365762148, 0.00120014464483, 0.000975330302026, 0.000467286066851, 0.000289155374048, 0.000185230805073, 9.17557117646e-05, 9.69576576608e-05, 0.000219645400648, 0.000325108820107, 7.452043792e-05, 6.47459746688e-05, 9.62314661592e-05, 4.22715129389e-05, 7.69916150603e-05, 7.88877878222e-05, 8.31438446767e-05, 0.000113323447295, 7.46655205148e-05, 9.13102849154e-05, 4.65303091914e-05, 3.58198303729e-05, 5.21516849403e-05, 7.16976137483e-05, 5.3909549024e-05, 4.48167666036e-05, 3.02925909637e-05, 2.00013928406e-05, 2.08002020372e-05, 1.64252505783e-05, 1.65925121109e-05, 1.67561556736e-05, 1.09582042569e-05, 7.82544157119e-06, 9.15395685297e-06, 8.26145969768e-06, 6.27595818514e-06, 4.63557717012e-06, 3.51450808012e-06, 2.46122635872e-06],
        "median": [0.000436323316535, 0.00092745985603, 0.000764834927395, 0.000175878711161, 0.00012439081911, 0.000102234451333, 4.93105326314e-05, 5.02910697833e-05, 8.00643101684e-05, 9.17415309232e-05, 3.03180950141e-05, 3.12572374241e-05, 3.31567207468e-05, 2.33971750276e-05, 4.03812700824e-05, 3.89702072425e-05, 4.66707060696e-05, 4.24894788011e-05, 4.14773421653e-05, 5.44511894986e-05, 3.4363627492e-05, 2.46823565249e-05, 3.8117497752e-05, 5.33605125383e-05, 3.78745717171e-05, 3.33514071826e-05, 2.0090257749e-05, 1.34927249746e-05, 1.62422784342e-05, 1.35480377139e-05, 1.04740656752e-05, 9.0486728368e-06, 5.8686327975e-06, 3.42399061992e-06, 3.57316548616e-06, 3.00747797155e-06, 2.50938410318e-06, 1.01335933778e-06, 9.93753019429e-07, 6.20846776656e-07],
        "min": [1.96871894786e-07, 1.44245245792e-06, 5.4214950751e-07, 3.77810295049e-07, 4.26416534083e-07, 1.06223092189e-06, 4.1489255409e-07, 9.89415639197e-07, 1.41556677136e-06, 2.32256024901e-06, 9.65502977124e-07, 9.15204623197e-07, 9.05185231659e-07, 9.24212372411e-07, 1.4126253518e-06, 1.20312995477e-06, 1.00994611785e-06, 1.80425547569e-06, 1.539492132e-06, 1.90045409454e-06, 4.94507389703e-07, 8.88626914275e-07, 8.98126529592e-07, 1.55436543992e-06, 1.67702432918e-06, 1.92345100913e-06, 3.55812545649e-07, 3.61907495972e-07, 3.09762128836e-07, 1.24992411088e-07, 9.00509604662e-08, 5.17552294355e-08, 5.96241918061e-08, 3.46963808795e-08, 1.64814313308e-08, 1.09331077525e-08, 3.56093865506e-09, 2.03543204513e-09, 1.51221024591e-09, 1.01620545312e-09],
