{
"highlevel": {
    "danceability": {
        "all": {
            "danceable": 0.46763241291,
            "not_danceable": 0.53236758709
        },
        "probability": 0.53236758709,
        "value": "not_danceable"
    },
    "gender": {
        "all": {
            "female": 0.336566537619,
            "male": 0.663433432579
        },
        "probability": 0.663433432579,
        "value": "male"
    },
    "genre_dortmund": {
        "all": {
            "alternative": 0.102786257863,
            "blues": 0.0335787720978,
            "electronic": 0.00672539882362,
            "folkcountry": 0.0901686698198,
            "funksoulrnb": 0.00519516179338,
            "jazz": 0.0235131047666,
            "pop": 0.0550552010536,
            "raphiphop": 0.000686715298798,
            "rock": 0.682290732861
        },
        "probability": 0.682290732861,
        "value": "rock"
    },
    "genre_electronic": {
        "all": {
            "ambient": 0.392351776361,
            "dnb": 0.127717539668,
            "house": 0.0581253618002,
            "techno": 0.02095765993,
            "trance": 0.400847673416
        },
        "probability": 0.400847673416,
        "value": "trance"
    },
    "genre_rosamerica": {
        "all": {
            "cla": 0.00157458218746,
            "dan": 0.00479773012921,
            "hip": 0.00257911300287,
            "jaz": 0.00349605968222,
            "pop": 0.0807344913483,
            "rhy": 0.00881630275398,
            "roc": 0.897443413734,
            "spe": 0.000558298896067
        },
        "probability": 0.897443413734,
        "value": "roc"
    },
    "genre_tzanetakis": {
        "all": {
            "blu": 0.0626541376114,
            "cla": 0.0348133966327,
            "cou": 0.0783501937985,
            "dis": 0.104547761381,
            "hip": 0.15693578124,
            "jaz": 0.313987255096,
            "met": 0.044816005975,
            "pop": 0.0627349764109,
            "reg": 0.0627352520823,
            "roc": 0.0784252434969
        },
        "probability": 0.313987255096,
        "value": "jaz"
    },
    "ismir04_rhythm": {
        "all": {
            "ChaChaCha": 0.0183130167425,
            "Jive": 0.530315220356,
            "Quickstep": 0.00385899795219,
            "Rumba-American": 0.00321763241664,
            "Rumba-International": 0.0213711746037,
            "Rumba-Misc": 0.00189343758393,
            "Samba": 0.0133428210393,
            "Tango": 0.00581297185272,
            "VienneseWaltz": 0.399438381195,
            "Waltz": 0.00243632728234
        },
        "probability": 0.530315220356,
        "value": "Jive"
    },
    "mood_acoustic": {
        "all": {
            "acoustic": 0.0776409432292,
            "not_acoustic": 0.92235904932
        },
        "probability": 0.92235904932,
        "value": "not_acoustic"
    },
    "mood_aggressive": {
        "all": {
            "aggressive": 0.0178012866527,
            "not_aggressive": 0.98219871521
        },
        "probability": 0.98219871521,
        "value": "not_aggressive"
    },
    "mood_electronic": {
        "all": {
            "electronic": 0.0190051980317,
            "not_electronic": 0.980994820595
        },
        "probability": 0.980994820595,
        "value": "not_electronic"
    },
    "mood_happy": {
        "all": {
            "happy": 0.849230647087,
            "not_happy": 0.150769367814
        },
        "probability": 0.849230647087,
        "value": "happy"
    },
    "mood_party": {
        "all": {
            "not_party": 0.864857554436,
            "party": 0.135142445564
        },
        "probability": 0.864857554436,
        "value": "not_party"
    },
    "mood_relaxed": {
        "all": {
            "not_relaxed": 0.9984613657,
            "relaxed": 0.00153860589489
        },
        "probability": 0.9984613657,
        "value": "not_relaxed"
    },
    "mood_sad": {
        "all": {
            "not_sad": 0.692097663879,
            "sad": 0.307902365923
        },
        "probability": 0.692097663879,
        "value": "not_sad"
    },
    "moods_mirex": {
        "all": {
            "Cluster1": 0.278003543615,
            "Cluster2": 0.278356999159,
            "Cluster3": 0.113643355668,
            "Cluster4": 0.050266996026,
            "Cluster5": 0.279729098082
        },
        "probability": 0.279729098082,
        "value": "Cluster5"
    },
    "timbre": {
        "all": {
            "bright": 0.992604315281,
            "dark": 0.00739570055157
        },
        "probability": 0.992604315281,
        "value": "bright"
    },
    "tonal_atonal": {
        "all": {
            "atonal": 0.00023304890783,
            "tonal": 0.999766945839
        },
        "probability": 0.999766945839,
        "value": "tonal"
    },
    "voice_instrumental": {
        "all": {
            "instrumental": 0.086675927043,
            "voice": 0.913324058056
        },
        "probability": 0.913324058056,
        "value": "voice"
    }
},
"lowlevel": {
    "average_loudness": 0.976607322693,
    "barkbands_crest": {
        "dmean": 2.36830759048,
        "dmean2": 3.80425858498,
        "dvar": 4.95508146286,
        "dvar2": 12.6439037323,
        "max": 24.2134418488,
        "mean": 8.93915367126,
        "median": 8.05729389191,
        "min": 2.08158063889,
        "var": 14.6361179352
    },
    "barkbands_flatness_db": {
        "dmean": 0.016789034009,
        "dmean2": 0.0266196317971,
        "dvar": 0.000259765132796,
        "dvar2": 0.000694901216775,
        "max": 0.23926499486,
        "mean": 0.119817107916,
        "median": 0.117015823722,
        "min": 0.050793658942,
        "var": 0.000836584309582
    },
    "barkbands_kurtosis": {
        "dmean": 1.03808748722,
        "dmean2": 1.70608234406,
        "dvar": 2.73036766052,
        "dvar2": 7.6662774086,
        "max": 21.4208030701,
        "mean": 0.560810863972,
        "median": -0.0615530014038,
        "min": -1.69771850109,
        "var": 4.10385799408
    },
    "barkbands_skewness": {
        "dmean": 0.340507000685,
        "dmean2": 0.547627866268,
        "dvar": 0.154093205929,
        "dvar2": 0.408624321222,
        "max": 4.55423879623,
        "mean": 0.888965606689,
        "median": 0.779868781567,
        "min": -0.930475413799,
        "var": 0.418049454689
    },
    "barkbands_spread": {
        "dmean": 6.00334644318,
        "dmean2": 9.0585193634,
        "dvar": 25.2323265076,
        "dvar2": 63.4604606628,
        "max": 77.1554489136,
        "mean": 32.0718727112,
        "median": 31.0973758698,
        "min": 4.72817897797,
        "var": 131.871871948
    },
    "dissonance": {
        "dmean": 0.0162474736571,
        "dmean2": 0.0271364655346,
        "dvar": 0.000227187294513,
        "dvar2": 0.000603373046033,
        "max": 0.499940127134,
        "mean": 0.470503509045,
        "median": 0.476769417524,
        "min": 0.369363486767,
        "var": 0.000478055531858
    },
    "dynamic_complexity": 1.740452528,
    "erbbands_crest": {
        "dmean": 3.1532626152,
        "dmean2": 4.69743442535,
        "dvar": 8.52587127686,
        "dvar2": 17.773431778,
        "max": 30.3241939545,
        "mean": 11.8340702057,
        "median": 10.7475366592,
        "min": 2.95548963547,
        "var": 40.6572036743
    },
    "erbbands_flatness_db": {
        "dmean": 0.0150320157409,
        "dmean2": 0.0212364252657,
        "dvar": 0.00019396089192,
        "dvar2": 0.000362688559107,
        "max": 0.28033977747,
        "mean": 0.146578595042,
        "median": 0.144868761301,
        "min": 0.0736312717199,
        "var": 0.00136786676012
    },
    "erbbands_kurtosis": {
        "dmean": 0.711198985577,
        "dmean2": 1.09048831463,
        "dvar": 0.652226090431,
        "dvar2": 1.39933693409,
        "max": 8.84240245819,
        "mean": 0.200390309095,
        "median": -0.165638685226,
        "min": -1.62135529518,
        "var": 1.76589655876
    },
    "erbbands_skewness": {
        "dmean": 0.360343128443,
        "dmean2": 0.520355284214,
        "dvar": 0.0939228609204,
        "dvar2": 0.191866144538,
        "max": 3.00126028061,
        "mean": 0.15963691473,
        "median": 0.0996546149254,
        "min": -1.40872967243,
        "var": 0.583398461342
    },
    "erbbands_spread": {
        "dmean": 6.64947843552,
        "dmean2": 10.0546483994,
        "dvar": 43.363243103,
        "dvar2": 89.4062805176,
        "max": 94.7951507568,
        "mean": 38.9102592468,
        "median": 34.9358406067,
        "min": 7.77287340164,
        "var": 258.446563721
    },
    "hfc": {
        "dmean": 6.79529619217,
        "dmean2": 9.74150085449,
        "dvar": 61.2227172852,
        "dvar2": 116.152923584,
        "max": 98.4613189697,
        "mean": 33.6888427734,
        "median": 32.8581848145,
        "min": 5.47016859055,
        "var": 254.186294556
    },
    "melbands_crest": {
        "dmean": 2.8945119381,
        "dmean2": 4.64519453049,
        "dvar": 6.83322191238,
        "dvar2": 16.7268161774,
        "max": 28.7822608948,
        "mean": 13.1946296692,
        "median": 12.4690313339,
        "min": 4.79883003235,
        "var": 19.1082649231
    },
    "melbands_flatness_db": {
        "dmean": 0.0201530214399,
        "dmean2": 0.0315421260893,
        "dvar": 0.000468352111056,
        "dvar2": 0.00122055644169,
        "max": 0.286318331957,
        "mean": 0.151538923383,
        "median": 0.150512754917,
        "min": 0.0558842532337,
        "var": 0.00129286991432
    },
    "melbands_kurtosis": {
        "dmean": 3.32541632652,
        "dmean2": 5.52554273605,
        "dvar": 37.7978744507,
        "dvar2": 104.016220093,
        "max": 94.3288116455,
        "mean": 6.08761072159,
        "median": 3.20713329315,
        "min": -1.13577711582,
        "var": 64.6882858276
    },
    "melbands_skewness": {
        "dmean": 0.55203962326,
        "dmean2": 0.877162456512,
        "dvar": 0.447481364012,
        "dvar2": 1.13956487179,
        "max": 8.64580059052,
        "mean": 1.9425842762,
        "median": 1.52785372734,
        "min": -0.388129025698,
        "var": 1.48646271229
    },
    "melbands_spread": {
        "dmean": 7.60758066177,
        "dmean2": 12.0144939423,
        "dvar": 57.1409645081,
        "dvar2": 148.198074341,
        "max": 92.9858093262,
        "mean": 35.1721000671,
        "median": 34.0367469788,
        "min": 4.63656997681,
        "var": 192.26461792
    },
    "pitch_salience": {
        "dmean": 0.0633116364479,
        "dmean2": 0.098279684782,
        "dvar": 0.00343497702852,
        "dvar2": 0.00857817102224,
        "max": 0.805583953857,
        "mean": 0.527080059052,
        "median": 0.518650829792,
        "min": 0.223740562797,
        "var": 0.012707926333
    },
    "silence_rate_20dB": {
        "dmean": 0,
        "dmean2": 0,
        "dvar": 0,
        "dvar2": 0,
        "max": 1,
        "mean": 1,
        "median": 1,
        "min": 1,
        "var": 0
    },
    "silence_rate_30dB": {
        "dmean": 0,
        "dmean2": 0,
        "dvar": 0,
        "dvar2": 0,
        "max": 1,
        "mean": 1,
        "median": 1,
        "min": 1,
        "var": 0
    },
    "silence_rate_60dB": {
        "dmean": 0,
        "dmean2": 0,
        "dvar": 0,
        "dvar2": 0,
        "max": 0,
        "mean": 0,
        "median": 0,
        "min": 0,
        "var": 0
    },
    "spectral_centroid": {
        "dmean": 241.151290894,
        "dmean2": 373.146636963,
        "dvar": 40643.8203125,
        "dvar2": 102022.289062,
        "max": 3124.17675781,
        "mean": 1963.91955566,
        "median": 1980.08044434,
        "min": 914.485168457,
        "var": 193543.84375
    },
    "spectral_complexity": {
        "dmean": 4.35990715027,
        "dmean2": 6.73121595383,
        "dvar": 16.5492858887,
        "dvar2": 31.1399803162,
        "max": 56,
        "mean": 25.2962112427,
        "median": 24,
        "min": 7,
        "var": 69.0886459351
    },
    "spectral_decrease": {
        "dmean": 2.59658228252e-09,
        "dmean2": 4.12788025983e-09,
        "dvar": 1.45462672024e-17,
        "dvar2": 3.8204263033e-17,
        "max": -1.09400755122e-09,
        "mean": -7.36757099773e-09,
        "median": -6.7685128613e-09,
        "min": -3.25224220887e-08,
        "var": 1.76288086946e-17
    },
    "spectral_energy": {
        "dmean": 0.0102824615315,
        "dmean2": 0.0162352938205,
        "dvar": 0.000218204091652,
        "dvar2": 0.000568213057704,
        "max": 0.131552651525,
        "mean": 0.0308626554906,
        "median": 0.0286715365946,
        "min": 0.00526731787249,
        "var": 0.000280376145383
    },
    "spectral_energyband_high": {
        "dmean": 0.000433987152064,
        "dmean2": 0.000626391323749,
        "dvar": 2.90212227583e-07,
        "dvar2": 5.48144100776e-07,
        "max": 0.00788041111082,
        "mean": 0.00164871313609,
        "median": 0.00135410472285,
        "min": 0.000250291690463,
        "var": 1.18428079077e-06
    },
    "spectral_energyband_low": {
        "dmean": 0.00566058140248,
        "dmean2": 0.00971873290837,
        "dvar": 0.000178052345291,
        "dvar2": 0.000484491349198,
        "max": 0.103296779096,
        "mean": 0.00800798274577,
        "median": 0.00515807466581,
        "min": 0.000209705423913,
        "var": 0.000131783133838
    },
    "spectral_energyband_middle_high": {
        "dmean": 0.00282339868136,
        "dmean2": 0.00408726697788,
        "dvar": 1.0697169273e-05,
        "dvar2": 2.2717171305e-05,
        "max": 0.0354757271707,
        "mean": 0.00981504656374,
        "median": 0.00766269396991,
        "min": 0.00083744735457,
        "var": 5.58485626243e-05
    },
    "spectral_energyband_middle_low": {
        "dmean": 0.00506856804714,
        "dmean2": 0.00765617517754,
        "dvar": 4.2682455387e-05,
        "dvar2": 0.000104141356132,
        "max": 0.0700033381581,
        "mean": 0.0136103769764,
        "median": 0.0103942602873,
        "min": 0.00116810877807,
        "var": 0.000102807338408
    },
    "spectral_entropy": {
        "dmean": 0.0952892303467,
        "dmean2": 0.134375721216,
        "dvar": 0.00719804456457,
        "dvar2": 0.013092327863,
        "max": 8.68548774719,
        "mean": 7.78815174103,
        "median": 7.8089966774,
        "min": 7.15078163147,
        "var": 0.0613363906741
    },
    "spectral_flux": {
        "dmean": 0.0257969088852,
        "dmean2": 0.0379194170237,
        "dvar": 0.000921011611354,
        "dvar2": 0.00166682992131,
        "max": 0.287463366985,
        "mean": 0.0897573754191,
        "median": 0.076667740941,
        "min": 0.0273662079126,
        "var": 0.0021661138162
    },
    "spectral_kurtosis": {
        "dmean": 0.740289151669,
        "dmean2": 1.2694350481,
        "dvar": 0.490638911724,
        "dvar2": 1.51678836346,
        "max": 9.10406589508,
        "mean": 3.29704332352,
        "median": 3.08218860626,
        "min": 0.519637823105,
        "var": 1.54600596428
    },
    "spectral_rms": {
        "dmean": 0.000833150697872,
        "dmean2": 0.00126350333448,
        "dvar": 1.038770165e-06,
        "dvar2": 2.5748513508e-06,
        "max": 0.0113289030269,
        "mean": 0.00530569767579,
        "median": 0.0052888779901,
        "min": 0.00226690247655,
        "var": 1.95949564841e-06
    },
    "spectral_rolloff": {
        "dmean": 543.029785156,
        "dmean2": 874.755310059,
        "dvar": 356533.0625,
        "dvar2": 808875,
        "max": 6933.69140625,
        "mean": 2184.12304688,
        "median": 2260.98632812,
        "min": 129.19921875,
        "var": 1205192
    },
    "spectral_skewness": {
        "dmean": 0.126427918673,
        "dmean2": 0.207155615091,
        "dvar": 0.0115659423172,
        "dvar2": 0.0315651595592,
        "max": 2.05239987373,
        "mean": 1.23365724087,
        "median": 1.2291008234,
        "min": 0.590403437614,
        "var": 0.0487719625235
    },
    "spectral_spread": {
        "dmean": 377834.0625,
        "dmean2": 550697.5625,
        "dvar": 304587898880,
        "dvar2": 424836792320,
        "max": 19939360,
        "mean": 4735856.5,
        "median": 4650657,
        "min": 2684748.25,
        "var": 933768331264
    },
    "spectral_strongpeak": {
        "dmean": 0.965406000614,
        "dmean2": 1.54937064648,
        "dvar": 1.41622591019,
        "dvar2": 3.27283501625,
        "max": 10.8460979462,
        "mean": 2.04712629318,
        "median": 1.88967347145,
        "min": 0.0505865588784,
        "var": 3.36377096176
    },
    "zerocrossingrate": {
        "dmean": 0.00953622348607,
        "dmean2": 0.0113030867651,
        "dvar": 6.92106696079e-05,
        "dvar2": 9.01314197108e-05,
        "max": 0.18798828125,
        "mean": 0.0851969569921,
        "median": 0.08251953125,
        "min": 0.02783203125,
        "var": 0.000623964122497
    },
    "barkbands": {
        "dmean": [5.81652420806e-05, 0.0036276022438, 0.00207885494456, 0.00105605961289, 0.00167487259023, 0.000706119288225, 0.000417344563175, 0.000318160105962, 0.00224656797945, 0.00154711119831, 0.000829354044981, 0.000516414118465, 0.000455758941825, 0.0005245206994, 0.000191651808564, 0.000356716802344, 0.000368096982129, 0.000273158366326, 0.000308135349769, 0.000310434115818, 0.000138387651532, 8.49102725624e-05, 6.4406725869e-05, 6.63244427415e-05, 6.10996139585e-05, 4.07161642215e-05, 2.35691333117e-09],
        "dmean2": [9.96967064566e-05, 0.00636241724715, 0.00366847845726, 0.00174590561073, 0.0028106381651, 0.00120213569608, 0.000723723496776, 0.000468733924208, 0.00312185054645, 0.00221750559285, 0.00127058953512, 0.000794429157395, 0.000692424539011, 0.000831236597151, 0.000309939321596, 0.000601504871156, 0.000597739126533, 0.000447665282991, 0.000509182922542, 0.000497305067256, 0.000221040158067, 0.000131717170007, 9.81084522209e-05, 9.63726997725e-05, 8.60134823597e-05, 5.86371425015e-05, 3.50737217047e-09],
        "dvar": [1.15752349927e-08, 0.000100831588497, 1.92938950931e-05, 1.72496152118e-06, 6.2797676037e-06, 2.75012894235e-06, 1.61978096003e-06, 1.48302353864e-06, 1.51405329234e-05, 7.96336553321e-06, 4.51560072179e-06, 1.65131859831e-06, 1.36287053465e-06, 1.78428649633e-06, 2.0533795464e-07, 4.31506180121e-07, 2.4912580443e-07, 9.16616329505e-08, 1.37511833032e-07, 1.53444148054e-07, 2.72100564302e-08, 1.69246998638e-08, 1.16119087679e-08, 8.19661671869e-09, 7.47109307753e-09, 5.44775335953e-09, 7.05956274697e-16],
        "dvar2": [3.23101225774e-08, 0.000274570164038, 5.57125567866e-05, 4.84345036966e-06, 1.7777307221e-05, 7.83109589975e-06, 4.52016274721e-06, 2.81184202322e-06, 2.83461959043e-05, 1.5536103092e-05, 9.3506232588e-06, 3.78914319299e-06, 3.0999556202e-06, 4.19979323851e-06, 5.27188433352e-07, 1.13572843929e-06, 6.24915799108e-07, 2.25325862857e-07, 3.63779065538e-07, 3.41989533581e-07, 6.41820818714e-08, 3.60980045855e-08, 2.63793253907e-08, 1.70222715923e-08, 1.42228895328e-08, 1.03999751033e-08, 7.2266542895e-16],
        "max": [0.00125943869352, 0.0673920661211, 0.038653858006, 0.0141558218747, 0.0275098569691, 0.0181066766381, 0.0228098630905, 0.0222661867738, 0.0508031994104, 0.0383462011814, 0.0293642990291, 0.0220426302403, 0.0211395453662, 0.0171393398196, 0.00893652625382, 0.00993314944208, 0.00521355634555, 0.00384612521157, 0.00621559657156, 0.00626012682915, 0.00206205132417, 0.00178185221739, 0.00156620785128, 0.00111148075666, 0.00142616301309, 0.000957282667514, 8.20799471057e-07],
        "mean": [7.50367471483e-05, 0.00367232505232, 0.00321236904711, 0.00199124868959, 0.00311152357608, 0.000988301821053, 0.000442180986283, 0.000557284278329, 0.00452799536288, 0.00300980592147, 0.00136859901249, 0.000907063018531, 0.000801250629593, 0.000927788263652, 0.000320223538438, 0.000632555107586, 0.00080101453932, 0.000648050161544, 0.000835699553136, 0.000838773150463, 0.000403431447921, 0.000225616720854, 0.000146327656694, 0.00016864790814, 0.000157675138325, 9.18546211324e-05, 2.05748595938e-09],
        "median": [4.68371181341e-05, 0.00163552793674, 0.00229850551113, 0.0014453161275, 0.00242058490403, 0.00057243311312, 0.000164125376614, 7.86843884271e-05, 0.000921403057873, 0.000407827756135, 0.000168968763319, 0.000200941693038, 0.000127491075546, 0.000220536516281, 0.000131064487505, 0.00026374636218, 0.000462316907942, 0.000519058201462, 0.000632586539723, 0.00060263229534, 0.000308282324113, 0.000158894283231, 8.8430919277e-05, 0.0001196258454, 0.000101982011984, 4.20837677666e-05, 4.70095073979e-10],
        "min": [6.52486988884e-08, 2.11089627555e-05, 1.15185484901e-05, 4.72991523566e-05, 0.000113078182039, 2.52209320024e-05, 9.09317168407e-06, 3.60237504538e-06, 1.21256825878e-05, 7.27151609681e-06, 4.74819262308e-06, 3.13847613143e-06, 7.05658885636e-06, 7.44489443605e-06, 1.04097407529e-05, 2.67009872914e-05, 6.40464058961e-05, 4.95778986078e-05, 0.00014026115241, 8.07671312941e-05, 7.54690045142e-05, 2.60652032011e-05, 6.90038405082e-06, 9.25339554669e-06, 4.50543939223e-06, 1.03883996871e-06, 1.54903156274e-11],
        "var": [1.06177129311e-08, 6.80263765389e-05, 1.42925200635e-05, 3.35568029186e-06, 7.02786383044e-06, 2.29064357882e-06, 1.17521835818e-06, 4.83007670482e-06, 5.71056407352e-05, 3.18306847475e-05, 9.52717982727e-06, 4.07298330174e-06, 3.49505876329e-06, 4.23737901656e-06, 4.579212316e-07, 1.00835143257e-06, 6.50642277833e-07, 2.22557190455e-07, 4.28165463973e-07, 5.86166720495e-07, 8.29957897963e-08, 4.45116796755e-08, 2.84590022659e-08, 2.66426063433e-08, 2.63531241274e-08, 1.55950807823e-08, 7.04073426334e-16]
    },
    "erbbands": {
        "dmean": [0.0715148299932, 0.940992712975, 2.43459320068, 2.75482797623, 4.40029239655, 5.87742424011, 6.66278886795, 6.01690292358, 6.97364473343, 3.96415257454, 12.9206142426, 53.0989761353, 62.5755233765, 29.4664096832, 30.7913036346, 20.3766212463, 22.9471988678, 24.8001422882, 11.7914476395, 11.5584764481, 20.9354629517, 17.0419540405, 13.543671608, 14.5887231827, 14.5848579407, 15.3301792145, 7.76847696304, 4.29569149017, 3.24442481995, 2.3554008007, 1.77174568176, 1.48190498352, 1.16742002964, 0.708571374416, 0.486786276102, 0.206077262759, 0.0799044370651, 0.00904532149434, 0.000151662752614, 1.55132456712e-05],
        "dmean2": [0.126251935959, 1.65672850609, 4.33207082748, 4.60479450226, 7.16933012009, 9.85088443756, 11.7895689011, 10.0680608749, 12.3540849686, 6.41742706299, 18.4984455109, 71.6283721924, 88.9248962402, 43.5550842285, 46.6004867554, 30.1454048157, 34.0539627075, 38.1944274902, 18.8483200073, 19.3444671631, 35.0771064758, 27.7063903809, 22.5088844299, 23.982175827, 24.3809738159, 24.6106147766, 12.4298667908, 6.79632949829, 5.14420700073, 3.64009284973, 2.70059251785, 2.20911240578, 1.75289011002, 1.06349945068, 0.690261662006, 0.296278774738, 0.116150423884, 0.0138530228287, 0.000227998069022, 2.26681404456e-05],
        "dvar": [0.0405038334429, 6.59103727341, 30.3217067719, 14.2534828186, 23.3685436249, 99.2405166626, 282.123687744, 184.283370972, 480.623687744, 86.0564193726, 1747.9395752, 11501.2841797, 13709.4492188, 5234.60595703, 4824.96875, 1903.86779785, 3193.44165039, 4737.55224609, 900.68371582, 348.416809082, 1646.64648438, 485.36328125, 235.039108276, 315.367889404, 261.709503174, 332.360656738, 87.6737823486, 29.4425029755, 23.1371002197, 14.531662941, 8.90839385986, 4.6982960701, 2.58893227577, 0.962450027466, 0.530163705349, 0.103596061468, 0.0229861438274, 0.000335983815603, 9.00322305597e-08, 4.58121846014e-10],
        "dvar2": [0.108411982656, 18.064031601, 86.6287002563, 40.6632385254, 65.4595336914, 280.150695801, 803.556762695, 518.107421875, 1375.57543945, 208.712799072, 3303.65209961, 18760.8339844, 28373.7109375, 11345.7470703, 10154.859375, 4282.62841797, 6978.35644531, 10876.1699219, 2018.28491211, 914.589477539, 4207.98291016, 1228.97802734, 584.85168457, 788.68548584, 671.6484375, 780.556640625, 217.633255005, 65.5703201294, 52.0845222473, 32.1605606079, 20.0385761261, 9.9346113205, 5.57069015503, 2.04040312767, 1.01928639412, 0.203936442733, 0.047912735492, 0.000723178789485, 1.87186287803e-07, 1.0044457488e-09],
        "max": [1.37836694717, 16.8608837128, 46.7250022888, 35.3353767395, 52.8995666504, 119.938201904, 202.30090332, 157.56602478, 382.079437256, 133.925048828, 917.986450195, 1588.50732422, 1440.28942871, 1060.57397461, 839.085632324, 579.190673828, 1180.57666016, 966.284667969, 566.04083252, 207.731109619, 600.803039551, 274.117767334, 169.259994507, 294.688293457, 265.260528564, 252.745819092, 136.523727417, 73.2350921631, 65.1713867188, 49.7652053833, 43.9592933655, 31.5270938873, 20.3608417511, 14.0044498444, 11.8830871582, 4.47734689713, 1.85417854786, 0.235801056027, 0.0038677060511, 0.000213871739106],
        "mean": [0.0708700120449, 0.956802129745, 3.52768087387, 5.608314991, 9.232213974, 9.53371620178, 8.30021762848, 8.70217895508, 7.41669845581, 5.51990127563, 25.0014896393, 116.639717102, 129.699935913, 49.0932502747, 55.2825508118, 41.0987472534, 45.0949058533, 47.2736778259, 24.2709064484, 21.0392150879, 42.5597076416, 41.5309677124, 34.9323616028, 41.6949691772, 40.7050132751, 40.6719093323, 23.0332508087, 12.4039163589, 8.43810462952, 5.73101329803, 4.10917711258, 3.43242621422, 2.86983203888, 1.69754207134, 1.14369571209, 0.481578379869, 0.156303465366, 0.0148223526776, 0.000290581112495, 5.2843020967e-05],
        "median": [0.0289831403643, 0.43368473649, 2.32505345345, 4.44272089005, 7.52041244507, 6.83701229095, 4.81063127518, 4.95295333862, 3.00632357597, 2.10949802399, 4.06123399734, 24.9471263885, 32.9569206238, 16.6069202423, 11.0008544922, 15.858124733, 9.06096363068, 13.546423912, 9.1836566925, 11.8633060455, 19.858253479, 27.3828468323, 26.7558498383, 30.5414295197, 30.9751815796, 30.1657962799, 16.7408237457, 9.79866695404, 5.86484670639, 3.66379785538, 2.54796457291, 2.36169934273, 1.9550652504, 1.12395393848, 0.65676856041, 0.258837342262, 0.0606786422431, 0.00443250732496, 0.000113079055154, 4.47993807029e-05],
        "min": [0.000302420783555, 0.0084661077708, 0.0416197292507, 0.324185460806, 0.301324278116, 0.323578745127, 0.306787908077, 0.174983844161, 0.151820749044, 0.205816373229, 0.148342549801, 0.490927100182, 0.617443561554, 0.381886094809, 0.449241012335, 0.730387568474, 0.945951223373, 0.475028991699, 0.777639746666, 1.21604955196, 1.69168543816, 4.19973278046, 4.1982831955, 5.39750480652, 8.21994495392, 4.4760427475, 3.40569162369, 2.38526368141, 1.16598165035, 0.305736869574, 0.187141358852, 0.0704113319516, 0.1755541116, 0.0659827291965, 0.0216570533812, 0.00929751060903, 0.000784419418778, 4.32112610724e-05, 7.80098616815e-06, 1.02508311102e-05],
        "var": [0.0278606377542, 4.41511201859, 21.8595275879, 19.1638793945, 43.9920120239, 101.955345154, 195.880950928, 174.056381226, 321.397003174, 102.077980042, 5744.82080078, 50657.3007812, 49531.7226562, 9374.82910156, 11842.9394531, 6107.78710938, 9755.23535156, 12548.2695312, 2480.75610352, 616.801635742, 4059.05444336, 1358.23547363, 635.254760742, 1057.16918945, 981.740539551, 1194.83056641, 330.003814697, 78.946434021, 57.7042541504, 38.3677024841, 22.0840854645, 12.6193065643, 8.04218196869, 2.87341475487, 1.73385977745, 0.337442666292, 0.0549371466041, 0.00065945048118, 1.9438463994e-07, 9.84067938248e-10]
    },
    "gfcc": {
        "mean": [49.837600708, 63.4109992981, -120.483673096, 45.8031539917, -55.5726127625, 17.0773944855, -34.3204841614, 19.8678646088, -43.1245765686, -3.25572562218, -27.180185318, -1.91187465191, -10.6405878067],
        "cov": [[767.298461914, -146.924255371, -1.70009291172, -204.201309204, -17.9329090118, 93.024520874, 28.0989627838, 4.15937995911, 17.3676509857, 51.8315353394, -4.24351644516, 45.5020599365, -33.0200576782], [-146.924255371, 328.752166748, -147.314910889, 13.449256897, 5.23470020294, -17.6020641327, 82.2719345093, -4.53039836884, 21.9922008514, -40.7016487122, 29.5626792908, -57.6422691345, 39.483997345], [-1.70009291172, -147.314910889, 393.363616943, 89.7058181763, 12.5390501022, 8.02904319763, -42.1271972656, 64.6539306641, 32.0135612488, 51.6701202393, -26.9888896942, 59.6892051697, -54.9542007446], [-204.201309204, 13.449256897, 89.7058181763, 259.27645874, 23.9359073639, -2.80507612228, -48.6885948181, -0.897773981094, 62.3642082214, -0.774110496044, 19.2517719269, 12.534283638, 14.2354784012], [-17.9329090118, 5.23470020294, 12.5390501022, 23.9359073639, 222.393508911, 43.1201248169, 31.2557868958, 6.94276428223, -54.7380104065, 19.8816490173, 1.57297325134, 12.571639061, 15.8868560791], [93.024520874, -17.6020641327, 8.02904319763, -2.80507612228, 43.1201248169, 182.412200928, 83.328994751, -38.416809082, -30.427728653, 25.7615642548, 65.4917907715, 23.626083374, -37.6930503845], [28.0989627838, 82.2719345093, -42.1271972656, -48.6885948181, 31.2557868958, 83.328994751, 146.479812622, 26.2370319366, -13.2105855942, -12.6493625641, 11.1606960297, -6.32694196701, -1.39555490017], [4.15937995911, -4.53039836884, 64.6539306641, -0.897773981094, 6.94276428223, -38.416809082, 26.2370319366, 125.710365295, 65.7048568726, -23.4817466736, -74.868598938, -9.69442558289, 31.7682952881], [17.3676509857, 21.9922008514, 32.0135612488, 62.3642082214, -54.7380104065, -30.427728653, -13.2105855942, 65.7048568726, 125.841552734, -5.10421609879, -39.8707580566, -8.73966121674, 13.2241773605], [51.8315353394, -40.7016487122, 51.6701202393, -0.774110496044, 19.8816490173, 25.7615642548, -12.6493625641, -23.4817466736, -5.10421609879, 71.9462051392, 44.6766700745, 15.7182512283, -36.1658363342], [-4.24351644516, 29.5626792908, -26.9888896942, 19.2517719269, 1.57297325134, 65.4917907715, 11.1606960297, -74.868598938, -39.8707580566, 44.6766700745, 111.669235229, 27.0993461609, -27.7366085052], [45.5020599365, -57.6422691345, 59.6892051697, 12.534283638, 12.571639061, 23.626083374, -6.32694196701, -9.69442558289, -8.73966121674, 15.7182512283, 27.0993461609, 73.4387893677, 9.19844341278], [-33.0200576782, 39.483997345, -54.9542007446, 14.2354784012, 15.8868560791, -37.6930503845, -1.39555490017, 31.7682952881, 13.2241773605, -36.1658363342, -27.7366085052, 9.19844341278, 78.1593704224]],
        "icov": [[0.00248675933108, 0.000957609328907, -6.46971602691e-05, 0.00279641454108, -0.000538947351743, -0.00132369971834, 0.000175700624823, 0.00124150526244, -0.00303943594918, -0.000555024016649, 9.17230718187e-05, -0.000712760782335, -0.000644412590191], [0.000957609328907, 0.0102072060108, -0.00283641833812, 0.00337521568872, -0.00376988877542, 0.00567179173231, -0.00811238214374, 0.00721165165305, -0.00999146699905, 0.00839856825769, -0.0129329198971, 0.01091300603, -0.00723258173093], [-6.46971602691e-05, -0.00283641833812, 0.00914584565908, -0.00536199053749, 0.0029192971997, -0.00271727610379, 0.00406317878515, -0.0101654920727, 0.00803261157125, -0.0082010095939, 0.00987008213997, -0.0116091780365, 0.0108282314613], [0.00279641454108, 0.00337521568872, -0.00536199053749, 0.0126403719187, -0.00533407041803, 0.000143804834806, 0.000371860427549, 0.00798602588475, -0.0142055107281, 0.0089134061709, -0.0107906255871, 0.00629607168958, -0.00672406563535], [-0.000538947351743, -0.00376988877542, 0.0029192971997, -0.00533407041803, 0.00985779613256, -0.0043009580113, 0.00185339094605, -0.00642059138045, 0.0119333686307, -0.0112504400313, 0.0106338271871, -0.00522882072255, 0.000429888139479], [-0.00132369971834, 0.00567179173231, -0.00271727610379, 0.000143804834806, -0.0043009580113, 0.0166582446545, -0.0123025532812, 0.00736314151436, -0.00643090158701, 0.00775138335302, -0.0123407095671, 0.00486747734249, 5.67412826058e-05], [0.000175700624823, -0.00811238214374, 0.00406317878515, 0.000371860427549, 0.00185339094605, -0.0123025532812, 0.0216256082058, -0.0143831307068, 0.00830021034926, -0.00234714825638, 0.00615802453831, -0.00796076096594, 0.00751576246694], [0.00124150526244, 0.00721165165305, -0.0101654920727, 0.00798602588475, -0.00642059138045, 0.00736314151436, -0.0143831307068, 0.035368155688, -0.0217489041388, 0.00774873746559, -0.00293785682879, 0.0128909712657, -0.0167913325131], [-0.00303943594918, -0.00999146699905, 0.00803261157125, -0.0142055107281, 0.0119333686307, -0.00643090158701, 0.00830021034926, -0.0217489041388, 0.0347966104746, -0.0185607150197, 0.020515460521, -0.0128747457638, 0.00977938063443], [-0.000555024016649, 0.00839856825769, -0.0082010095939, 0.0089134061709, -0.0112504400313, 0.00775138335302, -0.00234714825638, 0.00774873746559, -0.0185607150197, 0.0439886674285, -0.0314018465579, 0.012058917433, 0.00189866230357], [9.17230718187e-05, -0.0129329198971, 0.00987008213997, -0.0107906255871, 0.0106338271871, -0.0123407095671, 0.00615802453831, -0.00293785682879, 0.020515460521, -0.0314018465579, 0.0498144216835, -0.0247248765081, 0.0112545834854], [-0.000712760782335, 0.01091300603, -0.0116091780365, 0.00629607168958, -0.00522882072255, 0.00486747734249, -0.00796076096594, 0.0128909712657, -0.0128747457638, 0.012058917433, -0.0247248765081, 0.0391866676509, -0.0227225646377], [-0.000644412590191, -0.00723258173093, 0.0108282314613, -0.00672406563535, 0.000429888139479, 5.67412826058e-05, 0.00751576246694, -0.0167913325131, 0.00977938063443, 0.00189866230357, 0.0112545834854, -0.0227225646377, 0.0378050431609]]
    },
    "melbands": {
        "dmean": [0.000843587098643, 0.00128880131524, 0.000487624580273, 0.000343051622622, 0.000254404731095, 0.000134443980642, 0.000100899625977, 3.75424133381e-05, 0.000145273792441, 0.000342074257787, 0.000302027416183, 0.000114735732495, 0.000115081347758, 6.61164958728e-05, 4.23988203693e-05, 5.02291222801e-05, 4.79165064462e-05, 2.17842825805e-05, 1.63396744028e-05, 1.49517163663e-05, 3.19428472721e-05, 2.11332117033e-05, 1.73043354152e-05, 1.26227860164e-05, 1.3599176782e-05, 1.29088430185e-05, 1.13556106953e-05, 1.15152497528e-05, 6.18621788817e-06, 3.49782021658e-06, 2.6256370802e-06, 2.09251334127e-06, 1.66048414485e-06, 1.3789916693e-06, 1.15579780413e-06, 9.85150791166e-07, 9.72019620349e-07, 9.15822965908e-07, 8.02295858193e-07, 6.15823466887e-07],
        "dmean2": [0.00147722032852, 0.00226690620184, 0.000813994905911, 0.000568228133488, 0.000443489348982, 0.000227028940571, 0.000176408881089, 6.05622444709e-05, 0.000208401310374, 0.000465820747195, 0.000430598272942, 0.00016980082728, 0.000173190695932, 0.000100111625216, 6.2952087319e-05, 7.65150543884e-05, 7.45237339288e-05, 3.51165872416e-05, 2.69948523055e-05, 2.48434535024e-05, 5.34480532224e-05, 3.41376216966e-05, 2.90487168968e-05, 2.05309315788e-05, 2.23348415602e-05, 2.16962562263e-05, 1.85624357982e-05, 1.83426436706e-05, 9.98434461508e-06, 5.83544351684e-06, 4.18241188527e-06, 3.40131055054e-06, 2.61284571934e-06, 2.19897833631e-06, 1.8157853674e-06, 1.4876569594e-06, 1.4797468566e-06, 1.42323813179e-06, 1.20702338791e-06, 9.68745439422e-07],
        "dvar": [5.63673529541e-06, 9.47091393755e-06, 4.09388945855e-07, 1.899706632e-07, 3.62054350944e-07, 9.45880813674e-08, 9.77539755809e-08, 7.83477016597e-09, 1.74411425746e-07, 4.10433301568e-07, 3.41545899119e-07, 8.69055440944e-08, 7.52235607138e-08, 2.7658042967e-08, 8.14987810571e-09, 1.39456748371e-08, 1.77458527872e-08, 3.99157285003e-09, 1.26404720024e-09, 5.30147814537e-10, 3.97926847029e-09, 8.14230682877e-10, 5.04211894459e-10, 2.61778348998e-10, 2.96537822075e-10, 2.80190953772e-10, 2.61335342255e-10, 2.01497402097e-10, 6.04816266514e-11, 1.77519873801e-11, 1.16871338995e-11, 9.48783412946e-12, 5.8321342547e-12, 4.87215606401e-12, 3.78645465676e-12, 2.21170781342e-12, 1.92574146733e-12, 1.5015364169e-12, 1.3298986478e-12, 7.01285980242e-13],
        "dvar2": [1.5222318325e-05, 2.64845602942e-05, 1.15167961212e-06, 5.43398698483e-07, 1.03042054889e-06, 2.66932886461e-07, 2.78230771755e-07, 1.88273769908e-08, 3.29893168782e-07, 6.9021410809e-07, 6.98511428254e-07, 1.88622493624e-07, 1.54118225737e-07, 6.28948484405e-08, 1.50286165734e-08, 3.22927746765e-08, 3.98092012688e-08, 9.18629794455e-09, 3.27134208611e-09, 1.38931088856e-09, 1.00814565585e-08, 2.01942840228e-09, 1.34346866965e-09, 6.49916898077e-10, 7.4852962717e-10, 7.84054154934e-10, 5.78773251547e-10, 4.8284037879e-10, 1.55216381414e-10, 4.4691521317e-11, 2.69468908992e-11, 2.22588249915e-11, 1.24794749187e-11, 1.16609595244e-11, 9.22534184461e-12, 4.57686492872e-12, 4.39924832674e-12, 3.47615968128e-12, 2.95386154772e-12, 1.60257430156e-12],
        "max": [0.0157255996019, 0.0248506888747, 0.00598503649235, 0.00470460299402, 0.00749928271398, 0.00349118048325, 0.00548747461289, 0.00144635408651, 0.00920543354005, 0.00907636806369, 0.00724767707288, 0.00399698410183, 0.00382126867771, 0.00309144565836, 0.00167547597084, 0.00217486009933, 0.00186645577196, 0.00117680872791, 0.000560078711715, 0.000233639439102, 0.000942235114053, 0.000317440106301, 0.000318109814543, 0.000209966412513, 0.000298235885566, 0.00033314639586, 0.000290856027277, 0.000181443450856, 9.38477460295e-05, 4.56948218925e-05, 4.74365042464e-05, 4.09325803048e-05, 3.3696898754e-05, 2.54313454207e-05, 2.96260895993e-05, 1.98480975087e-05, 2.00988088181e-05, 1.51514714162e-05, 1.53124692588e-05, 1.06087272798e-05],
        "mean": [0.000830121687613, 0.00170084717683, 0.00109259993769, 0.000695836206432, 0.000332955329213, 0.000192743333173, 0.000108294516394, 5.19400309713e-05, 0.000276341452263, 0.000729422376025, 0.00061391107738, 0.000178656671778, 0.000199207061087, 0.000119587224617, 8.53707751958e-05, 8.96690908121e-05, 8.725727821e-05, 4.04494567192e-05, 2.66232636932e-05, 2.52609170275e-05, 6.1114973505e-05, 4.55566332676e-05, 3.61499041901e-05, 2.90709758701e-05, 3.46999622707e-05, 3.09885726892e-05, 2.82749497273e-05, 2.69403881248e-05, 1.60757463163e-05, 8.92965272214e-06, 6.49031289868e-06, 4.93060269946e-06, 3.87876661989e-06, 2.87973080049e-06, 2.44738998845e-06, 2.05707215173e-06, 2.075693601e-06, 2.03726813197e-06, 1.76466573976e-06, 1.31832473471e-06],
        "median": [0.00034585109097, 0.00100680696778, 0.000906084896997, 0.000575209967792, 0.000197871922865, 0.00011188811186, 4.20950018452e-05, 1.86286124517e-05, 3.27442103298e-05, 0.00014726081281, 7.49259706936e-05, 3.21958868881e-05, 2.80728418147e-05, 3.17692865792e-05, 2.99374696624e-05, 1.88462945516e-05, 1.79732924153e-05, 1.20867343867e-05, 1.1316014934e-05, 1.32403438329e-05, 2.48597680184e-05, 2.68102448899e-05, 2.4489392672e-05, 2.18514360313e-05, 2.46958134085e-05, 2.31218691624e-05, 1.95965112653e-05, 1.99179885385e-05, 1.07366822704e-05, 7.06266519046e-06, 4.93019933856e-06, 3.36377024723e-06, 2.56808243648e-06, 1.68987730831e-06, 1.50083906192e-06, 1.32623608806e-06, 1.40612269206e-06, 1.36496612413e-06, 1.16712067211e-06, 8.66358448093e-07],
        "min": [4.27968370786e-06, 2.82956443698e-05, 6.5054402512e-05, 2.90849366138e-05, 9.57021347858e-06, 4.09353060604e-06, 1.82494682122e-06, 7.06835578512e-07, 5.80860159971e-07, 1.62521564562e-06, 1.78754703484e-06, 1.11124268187e-06, 8.80976074313e-07, 1.10941550702e-06, 1.55956377057e-06, 1.26918746446e-06, 7.39137362871e-07, 1.07924211079e-06, 8.62650608724e-07, 1.28774320274e-06, 9.6989560916e-07, 3.16087425745e-06, 3.51785615749e-06, 2.01861257665e-06, 3.19574655805e-06, 6.09824382991e-06, 3.38517429554e-06, 2.45379351327e-06, 1.62916796853e-06, 1.23851384615e-06, 9.05153285657e-07, 6.50948663861e-07, 2.70100315447e-07, 3.72829696005e-08, 8.30924804518e-08, 4.15448262459e-08, 1.64128834967e-08, 7.92884051748e-08, 5.56414541109e-08, 3.09741992055e-08],
