{
"highlevel": {
    "danceability": {
        "all": {
            "danceable": 0.0129464650527,
            "not_danceable": 0.987053513527
        },
        "probability": 0.987053513527,
        "value": "not_danceable"
    },
    "gender": {
        "all": {
            "female": 0.0847303345799,
            "male": 0.915269672871
        },
        "probability": 0.915269672871,
        "value": "male"
    },
    "genre_dortmund": {
        "all": {
            "alternative": 0.255216181278,
            "blues": 0.0771661251783,
            "electronic": 0.0388386249542,
            "folkcountry": 0.267150223255,
            "funksoulrnb": 0.0106572816148,
            "jazz": 0.048921469599,
            "pop": 0.0470538027585,
            "raphiphop": 0.00212902342901,
            "rock": 0.252867281437
        },
        "probability": 0.267150223255,
        "value": "folkcountry"
    },
    "genre_electronic": {
        "all": {
            "ambient": 0.521429002285,
            "dnb": 0.156523764133,
            "house": 0.0640823915601,
            "techno": 0.0266742520034,
            "trance": 0.231290608644
        },
        "probability": 0.521429002285,
        "value": "ambient"
    },
    "genre_rosamerica": {
        "all": {
            "cla": 0.0204306337982,
            "dan": 0.0271118413657,
            "hip": 0.00503123831004,
            "jaz": 0.0209966562688,
            "pop": 0.0606564022601,
            "rhy": 0.0154014891014,
            "roc": 0.84275829792,
            "spe": 0.00761341303587
        },
        "probability": 0.84275829792,
        "value": "roc"
    },
    "genre_tzanetakis": {
        "all": {
            "blu": 0.0626541376114,
            "cla": 0.0348133966327,
            "cou": 0.0783501937985,
            "dis": 0.104547761381,
            "hip": 0.15693578124,
            "jaz": 0.313987255096,
            "met": 0.044816005975,
            "pop": 0.0627349764109,
            "reg": 0.0627352520823,
            "roc": 0.0784252434969
        },
        "probability": 0.313987255096,
        "value": "jaz"
    },
    "ismir04_rhythm": {
        "all": {
            "ChaChaCha": 0.243780612946,
            "Jive": 0.0814302861691,
            "Quickstep": 0.0822476223111,
            "Rumba-American": 0.0213656462729,
            "Rumba-International": 0.126765981317,
            "Rumba-Misc": 0.0136927757412,
            "Samba": 0.0819567516446,
            "Tango": 0.0460534505546,
            "VienneseWaltz": 0.276598751545,
            "Waltz": 0.0261081121862
        },
        "probability": 0.276598751545,
        "value": "VienneseWaltz"
    },
    "mood_acoustic": {
        "all": {
            "acoustic": 0.72036755085,
            "not_acoustic": 0.279632419348
        },
        "probability": 0.72036755085,
        "value": "acoustic"
    },
    "mood_aggressive": {
        "all": {
            "aggressive": 0.150718405843,
            "not_aggressive": 0.849281609058
        },
        "probability": 0.849281609058,
        "value": "not_aggressive"
    },
    "mood_electronic": {
        "all": {
            "electronic": 0.294014543295,
            "not_electronic": 0.705985486507
        },
        "probability": 0.705985486507,
        "value": "not_electronic"
    },
    "mood_happy": {
        "all": {
            "happy": 0.445402026176,
            "not_happy": 0.554597973824
        },
        "probability": 0.554597973824,
        "value": "not_happy"
    },
    "mood_party": {
        "all": {
            "not_party": 0.928081333637,
            "party": 0.071918644011
        },
        "probability": 0.928081333637,
        "value": "not_party"
    },
    "mood_relaxed": {
        "all": {
            "not_relaxed": 0.031247086823,
            "relaxed": 0.968752920628
        },
        "probability": 0.968752920628,
        "value": "relaxed"
    },
    "mood_sad": {
        "all": {
            "not_sad": 0.531439185143,
            "sad": 0.46856084466
        },
        "probability": 0.531439185143,
        "value": "not_sad"
    },
    "moods_mirex": {
        "all": {
            "Cluster1": 0.392110437155,
            "Cluster2": 0.121984101832,
            "Cluster3": 0.320202320814,
            "Cluster4": 0.0959171876311,
            "Cluster5": 0.0697859302163
        },
        "probability": 0.392110437155,
        "value": "Cluster1"
    },
    "timbre": {
        "all": {
            "bright": 0.995578050613,
            "dark": 0.00442196056247
        },
        "probability": 0.995578050613,
        "value": "bright"
    },
    "tonal_atonal": {
        "all": {
            "atonal": 0.00581867620349,
            "tonal": 0.994181334972
        },
        "probability": 0.994181334972,
        "value": "tonal"
    },
    "voice_instrumental": {
        "all": {
            "instrumental": 0.0126219000667,
            "voice": 0.987378120422
        },
        "probability": 0.987378120422,
        "value": "voice"
    }
},
"lowlevel": {
    "average_loudness": 0.980920255184,
    "barkbands_crest": {
        "dmean": 1.94005453587,
        "dmean2": 3.1940984726,
        "dvar": 3.45058608055,
        "dvar2": 8.89229488373,
        "max": 21.4383621216,
        "mean": 9.63985729218,
        "median": 9.15758514404,
        "min": 3.57155299187,
        "var": 10.2420225143
    },
    "barkbands_flatness_db": {
        "dmean": 0.0169362630695,
        "dmean2": 0.0255757905543,
        "dvar": 0.000213985083974,
        "dvar2": 0.000502843991853,
        "max": 0.252418428659,
        "mean": 0.145970702171,
        "median": 0.147585526109,
        "min": 0.0596923977137,
        "var": 0.000865063397214
    },
    "barkbands_kurtosis": {
        "dmean": 1.67491102219,
        "dmean2": 2.6778216362,
        "dvar": 4.08887481689,
        "dvar2": 9.88648986816,
        "max": 35.8680915833,
        "mean": 4.39037704468,
        "median": 3.91696310043,
        "min": -1.70410096645,
        "var": 12.0872812271
    },
    "barkbands_skewness": {
        "dmean": 0.311697244644,
        "dmean2": 0.492259889841,
        "dvar": 0.0963690280914,
        "dvar2": 0.231732219458,
        "max": 5.57127809525,
        "mean": 1.86453616619,
        "median": 1.8313741684,
        "min": -0.360323399305,
        "var": 0.385681658983
    },
    "barkbands_spread": {
        "dmean": 3.52672028542,
        "dmean2": 5.36779403687,
        "dvar": 12.8865766525,
        "dvar2": 28.8117103577,
        "max": 74.8058319092,
        "mean": 18.2292671204,
        "median": 16.3824195862,
        "min": 5.89977788925,
        "var": 62.8386306763
    },
    "dissonance": {
        "dmean": 0.0136975208297,
        "dmean2": 0.0232616066933,
        "dvar": 0.000150317777297,
        "dvar2": 0.000396201503463,
        "max": 0.498268812895,
        "mean": 0.461678981781,
        "median": 0.464648783207,
        "min": 0.377931654453,
        "var": 0.000453156011645
    },
    "dynamic_complexity": 0.94597953558,
    "erbbands_crest": {
        "dmean": 1.95408928394,
        "dmean2": 3.02360296249,
        "dvar": 3.60388708115,
        "dvar2": 8.22149848938,
        "max": 29.1866893768,
        "mean": 9.13062477112,
        "median": 7.69422006607,
        "min": 2.40571570396,
        "var": 24.5843505859
    },
    "erbbands_flatness_db": {
        "dmean": 0.0126678477973,
        "dmean2": 0.0180322378874,
        "dvar": 0.000151326370542,
        "dvar2": 0.000276853388641,
        "max": 0.29423096776,
        "mean": 0.145527020097,
        "median": 0.143846318126,
        "min": 0.0824629068375,
        "var": 0.000726602971554
    },
    "erbbands_kurtosis": {
        "dmean": 0.515429973602,
        "dmean2": 0.808513879776,
        "dvar": 0.402939260006,
        "dvar2": 1.04005181789,
        "max": 7.61002159119,
        "mean": -0.0188155584037,
        "median": -0.411066532135,
        "min": -1.80396091938,
        "var": 1.47419059277
    },
    "erbbands_skewness": {
        "dmean": 0.233000203967,
        "dmean2": 0.35969722271,
        "dvar": 0.0489048399031,
        "dvar2": 0.116088584065,
        "max": 2.32778024673,
        "mean": 0.631735503674,
        "median": 0.579771339893,
        "min": -1.78826892376,
        "var": 0.320859998465
    },
    "erbbands_spread": {
        "dmean": 5.84473133087,
        "dmean2": 8.99391555786,
        "dvar": 28.2388458252,
        "dvar2": 65.8394851685,
        "max": 120.246513367,
        "mean": 44.1275177002,
        "median": 43.3515548706,
        "min": 11.0115909576,
        "var": 169.261398315
    },
    "hfc": {
        "dmean": 4.38469982147,
        "dmean2": 6.2782998085,
        "dvar": 27.1463718414,
        "dvar2": 51.8512840271,
        "max": 86.1420669556,
        "mean": 24.1394386292,
        "median": 22.1406936646,
        "min": 4.76982307434,
        "var": 96.7525177002
    },
    "melbands_crest": {
        "dmean": 2.37357616425,
        "dmean2": 3.97198367119,
        "dvar": 5.05079984665,
        "dvar2": 13.5338630676,
        "max": 26.3333110809,
        "mean": 12.778336525,
        "median": 12.3041505814,
        "min": 4.91532945633,
        "var": 12.6916704178
    },
    "melbands_flatness_db": {
        "dmean": 0.0187046956271,
        "dmean2": 0.0281903650612,
        "dvar": 0.000296283949865,
        "dvar2": 0.000698409159668,
        "max": 0.303680628538,
        "mean": 0.191202744842,
        "median": 0.195521652699,
        "min": 0.0780031606555,
        "var": 0.00146952643991
    },
    "melbands_kurtosis": {
        "dmean": 4.09841394424,
        "dmean2": 6.45915222168,
        "dvar": 33.930847168,
        "dvar2": 77.8856277466,
        "max": 147.395767212,
        "mean": 13.3582735062,
        "median": 11.0238780975,
        "min": -0.841666221619,
        "var": 117.109970093
    },
    "melbands_skewness": {
        "dmean": 0.458217084408,
        "dmean2": 0.724447488785,
        "dvar": 0.223676040769,
        "dvar2": 0.531881809235,
        "max": 10.1393089294,
        "mean": 2.82516884804,
        "median": 2.66993761063,
        "min": 0.310517817736,
        "var": 1.03634536266
    },
    "melbands_spread": {
        "dmean": 3.47441220284,
        "dmean2": 5.40304374695,
        "dvar": 17.7189044952,
        "dvar2": 41.9248008728,
        "max": 77.3838195801,
        "mean": 16.6571292877,
        "median": 14.7478084564,
        "min": 3.17414307594,
        "var": 65.3768157959
    },
    "pitch_salience": {
        "dmean": 0.0546272806823,
        "dmean2": 0.0889615863562,
        "dvar": 0.00272360164672,
        "dvar2": 0.0073429052718,
        "max": 0.837915062904,
        "mean": 0.565938174725,
        "median": 0.557885408401,
        "min": 0.298282474279,
        "var": 0.0099285217002
    },
    "silence_rate_20dB": {
        "dmean": 0,
        "dmean2": 0,
        "dvar": 0,
        "dvar2": 0,
        "max": 1,
        "mean": 1,
        "median": 1,
        "min": 1,
        "var": 0
    },
    "silence_rate_30dB": {
        "dmean": 0,
        "dmean2": 0,
        "dvar": 0,
        "dvar2": 0,
        "max": 1,
        "mean": 1,
        "median": 1,
        "min": 1,
        "var": 0
    },
    "silence_rate_60dB": {
        "dmean": 0,
        "dmean2": 0,
        "dvar": 0,
        "dvar2": 0,
        "max": 0,
        "mean": 0,
        "median": 0,
        "min": 0,
        "var": 0
    },
    "spectral_centroid": {
        "dmean": 177.323608398,
        "dmean2": 277.007781982,
        "dvar": 29458.1640625,
        "dvar2": 69348.4609375,
        "max": 3153.40942383,
        "mean": 1124.83862305,
        "median": 1045.64306641,
        "min": 466.298339844,
        "var": 145935.140625
    },
    "spectral_complexity": {
        "dmean": 4.17647075653,
        "dmean2": 6.32068157196,
        "dvar": 14.1669998169,
        "dvar2": 27.5362606049,
        "max": 52,
        "mean": 25.781129837,
        "median": 24,
        "min": 5,
        "var": 61.4548149109
    },
    "spectral_decrease": {
        "dmean": 2.13301576402e-09,
        "dmean2": 3.43614625642e-09,
        "dvar": 4.71730887658e-18,
        "dvar2": 1.12214858678e-17,
        "max": -2.87432788681e-09,
        "mean": -1.0758899549e-08,
        "median": -1.04342259277e-08,
        "min": -2.36915340679e-08,
        "var": 1.28265893146e-17
    },
    "spectral_energy": {
        "dmean": 0.00827330164611,
        "dmean2": 0.0132972719148,
        "dvar": 7.06860882929e-05,
        "dvar2": 0.000165555204148,
        "max": 0.0915995314717,
        "mean": 0.0427961237729,
        "median": 0.0414073131979,
        "min": 0.0124092837796,
        "var": 0.000191760074813
    },
    "spectral_energyband_high": {
        "dmean": 0.000305339781335,
        "dmean2": 0.00042644990026,
        "dvar": 2.31292347053e-07,
        "dvar2": 4.6241186169e-07,
        "max": 0.0094129210338,
        "mean": 0.000837762025185,
        "median": 0.000518227461725,
        "min": 5.97491743974e-05,
        "var": 8.96575329534e-07
    },
    "spectral_energyband_low": {
        "dmean": 0.00540783442557,
        "dmean2": 0.00903068110347,
        "dvar": 6.31391449133e-05,
        "dvar2": 0.000154452238348,
        "max": 0.0719234272838,
        "mean": 0.0140065979213,
        "median": 0.0118100028485,
        "min": 0.000375197210815,
        "var": 0.000142073433381
    },
    "spectral_energyband_middle_high": {
        "dmean": 0.00122770539019,
        "dmean2": 0.00186365842819,
        "dvar": 1.90570403902e-06,
        "dvar2": 3.95214101445e-06,
        "max": 0.0297822933644,
        "mean": 0.00498569151387,
        "median": 0.00422718375921,
        "min": 0.000347331020748,
        "var": 8.80432253325e-06
    },
    "spectral_energyband_middle_low": {
        "dmean": 0.00542963901535,
        "dmean2": 0.00867035891861,
        "dvar": 2.84524012386e-05,
        "dvar2": 7.23429693608e-05,
        "max": 0.0682946294546,
        "mean": 0.0244346149266,
        "median": 0.0230492707342,
        "min": 0.00165276194457,
        "var": 0.000113921923912
    },
    "spectral_entropy": {
        "dmean": 0.122238829732,
        "dmean2": 0.179836168885,
        "dvar": 0.0138556370512,
        "dvar2": 0.0285297576338,
        "max": 8.39248657227,
        "mean": 7.61302614212,
        "median": 7.58812093735,
        "min": 6.67071676254,
        "var": 0.0583955645561
    },
    "spectral_flux": {
        "dmean": 0.0206779595464,
        "dmean2": 0.0324938185513,
        "dvar": 0.000496677705087,
        "dvar2": 0.00108062592335,
        "max": 0.222319215536,
        "mean": 0.0856367945671,
        "median": 0.0768366679549,
        "min": 0.0286335721612,
        "var": 0.00127539527602
    },
    "spectral_kurtosis": {
        "dmean": 0.92862457037,
        "dmean2": 1.59449088573,
        "dvar": 0.663136065006,
        "dvar2": 1.86698174477,
        "max": 9.50375366211,
        "mean": 2.95142602921,
        "median": 2.77395582199,
        "min": -0.061311006546,
        "var": 1.35641944408
    },
    "spectral_rms": {
        "dmean": 0.000618253834546,
        "dmean2": 0.000991784734651,
        "dvar": 3.51824951395e-07,
        "dvar2": 8.16386830138e-07,
        "max": 0.00945332739502,
        "mean": 0.0063768485561,
        "median": 0.00635589333251,
        "min": 0.00347945676185,
        "var": 1.08821677713e-06
    },
    "spectral_rolloff": {
        "dmean": 230.431640625,
        "dmean2": 369.066192627,
        "dvar": 119370.289062,
        "dvar2": 255015.875,
        "max": 6438.42773438,
        "mean": 888.906982422,
        "median": 667.529296875,
        "min": 150.732421875,
        "var": 450261.78125
    },
    "spectral_skewness": {
        "dmean": 0.135786905885,
        "dmean2": 0.225458920002,
        "dvar": 0.0135553395376,
        "dvar2": 0.033997438848,
        "max": 2.63828587532,
        "mean": 1.33341836929,
        "median": 1.33887898922,
        "min": 0.419164866209,
        "var": 0.0515898354352
    },
    "spectral_spread": {
        "dmean": 352923.9375,
        "dmean2": 525857.9375,
        "dvar": 265848750080,
        "dvar2": 408742920192,
        "max": 16280995,
        "mean": 4476731,
        "median": 4406362,
        "min": 2493636.75,
        "var": 528586932224
    },
    "spectral_strongpeak": {
        "dmean": 0.436851799488,
        "dmean2": 0.767360210419,
        "dvar": 0.327912271023,
        "dvar2": 0.787038207054,
        "max": 5.54681110382,
        "mean": 0.994381546974,
        "median": 0.596416771412,
        "min": 0.0683868154883,
        "var": 0.84559237957
    },
    "zerocrossingrate": {
        "dmean": 0.00659028533846,
        "dmean2": 0.00835789274424,
        "dvar": 3.61412494385e-05,
        "dvar2": 4.6800581913e-05,
        "max": 0.16162109375,
        "mean": 0.0477552674711,
        "median": 0.0439453125,
        "min": 0.0185546875,
        "var": 0.000295484089293
    },
    "barkbands": {
        "dmean": [0.000103062600829, 0.00323586608283, 0.00278654275462, 0.00175907532685, 0.00296683120541, 0.00138301600236, 0.00187987089157, 0.000931405695155, 0.000812003563624, 0.000421826698584, 0.000289039919153, 0.000320762192132, 0.000298744038446, 0.000229144614423, 0.000149118335685, 0.000139795956784, 0.000175510547706, 0.000149479077663, 0.000195354034076, 0.000166079757037, 8.19020788185e-05, 8.12081634649e-05, 7.52620544517e-05, 4.55893205071e-05, 2.51831115747e-05, 7.06147602614e-06, 3.43110562184e-09],
        "dmean2": [0.000163171367603, 0.00528695713729, 0.00466941017658, 0.00302987033501, 0.0048838770017, 0.00237918761559, 0.0027887430042, 0.00137767021079, 0.0012409343617, 0.000661342404783, 0.000464455544716, 0.000518392422237, 0.000471731182188, 0.000385571358493, 0.00024501158623, 0.000224394287216, 0.000287403148832, 0.000236122345086, 0.000325009634253, 0.000269451877102, 0.00012780551333, 0.000126921426272, 0.000116528455692, 6.64955223328e-05, 3.59336081601e-05, 1.00868101072e-05, 6.23606055683e-09],
        "dvar": [4.58126514502e-08, 3.48221401509e-05, 1.87122241186e-05, 6.72310079608e-06, 1.25875831145e-05, 4.1641246753e-06, 8.01374335424e-06, 2.51064943768e-06, 1.31132298975e-06, 5.03738306179e-07, 1.70893400764e-07, 1.62179517815e-07, 1.59588481097e-07, 8.61294040533e-08, 4.12496454771e-08, 3.71397668175e-08, 4.50742767555e-08, 7.03679958747e-08, 6.87011336709e-08, 8.24649930564e-08, 1.50288261835e-08, 2.59354937526e-08, 1.539016381e-08, 4.54513049419e-09, 1.77086278974e-09, 2.01502994845e-10, 2.30691699586e-16],
        "dvar2": [1.11847150208e-07, 9.18763689697e-05, 4.94470259582e-05, 1.70277053257e-05, 3.0721159419e-05, 1.14467738968e-05, 1.82295189006e-05, 5.13731083629e-06, 2.79849314211e-06, 1.14334500267e-06, 4.25134288662e-07, 4.12413129425e-07, 3.93098417817e-07, 2.3451400466e-07, 1.02361092047e-07, 9.12349875648e-08, 1.11139954129e-07, 1.17356201201e-07, 1.73107991941e-07, 2.0176278781e-07, 3.38656782617e-08, 6.25756442219e-08, 3.69559991498e-08, 7.93383581055e-09, 3.06597436328e-09, 3.6165917483e-10, 5.42498450574e-16],
        "max": [0.00164830661379, 0.0522831082344, 0.045248106122, 0.0268250927329, 0.0515845343471, 0.0287948027253, 0.0340348891914, 0.0327547006309, 0.0157619249076, 0.0277141444385, 0.00444362591952, 0.00605639535934, 0.00665173400193, 0.00533796427771, 0.00252238917165, 0.00206513423473, 0.00374017958529, 0.00830899551511, 0.00495105143636, 0.00523413764313, 0.0024435587693, 0.00346990698017, 0.00211827340536, 0.00147429201752, 0.000963266764302, 0.000294421013677, 3.09873797733e-07],
        "mean": [0.00012367850286, 0.00725635280833, 0.00527789071202, 0.00288476445712, 0.00833222456276, 0.0029764638748, 0.00547058414668, 0.00283516943455, 0.00164328340907, 0.000914006028324, 0.00049429590581, 0.000744945544284, 0.000590918993112, 0.000451513478765, 0.000268380739726, 0.000267962284852, 0.000353513052687, 0.000318330305163, 0.000499692629091, 0.000390521337977, 0.000194709500647, 0.000171271429281, 0.000157433431013, 0.000114898408356, 5.33870734216e-05, 9.95586106001e-06, 2.44164977126e-09],
        "median": [1.47563314385e-05, 0.00443421024829, 0.00305467145517, 0.00210287375376, 0.00606353813782, 0.00216011656448, 0.00336843915284, 0.000928578956518, 0.00105076318141, 0.000494610809255, 0.000334194657626, 0.000440380594227, 0.000366550579201, 0.000350165879354, 0.000171683786903, 0.000181147290277, 0.000280970474705, 0.000218664106796, 0.000414149835706, 0.000249172211625, 0.00012395074009, 9.52357295319e-05, 9.88853935269e-05, 7.84375370131e-05, 3.08216403937e-05, 4.22276252721e-06, 5.26888810359e-10],
        "min": [2.53143017659e-08, 2.08587043744e-05, 5.09044111823e-05, 1.56214446179e-05, 0.000207790100831, 1.55948546308e-05, 1.87114565051e-05, 1.34911533678e-05, 1.88194644579e-05, 1.49229699673e-05, 5.21008314536e-06, 1.57778267749e-05, 7.24402980268e-06, 2.66391871264e-05, 1.14450749606e-05, 7.02779652784e-06, 2.88483861368e-05, 2.78498446278e-05, 4.25035213993e-05, 2.63807160081e-05, 6.28026737104e-06, 2.63682886725e-06, 1.00776185263e-06, 4.08359795756e-07, 4.10136422602e-08, 5.1636594306e-11, 9.93012269634e-12],
        "var": [7.37129965955e-08, 6.51912996545e-05, 3.30507573381e-05, 8.50799733598e-06, 5.66421331314e-05, 8.99818496691e-06, 3.3743766835e-05, 2.45370574703e-05, 3.48955018126e-06, 4.28869134339e-06, 2.80348928072e-07, 6.51558423215e-07, 4.49014919468e-07, 1.42401773928e-07, 7.86058862445e-08, 6.72206610375e-08, 7.66624381754e-08, 2.1970384978e-07, 1.56692593123e-07, 1.9782547156e-07, 4.89516871482e-08, 5.49815979412e-08, 3.44302613087e-08, 1.96881835279e-08, 7.11525194319e-09, 3.6126138192e-10, 1.63402092002e-16]
    },
    "erbbands": {
        "dmean": [0.0786161422729, 0.807963013649, 2.64828968048, 4.40966844559, 9.67278289795, 10.6349039078, 8.45912456512, 12.8745574951, 22.6375579834, 29.1733283997, 13.9514141083, 18.3748455048, 14.2210693359, 12.5067462921, 9.36739635468, 13.1878509521, 13.741355896, 12.1797904968, 7.85253429413, 7.48818206787, 6.4572763443, 9.44696998596, 8.2026424408, 9.33362865448, 11.0187244415, 7.7493596077, 3.44300293922, 3.36070823669, 3.1680996418, 2.7124812603, 1.87803685665, 1.1241338253, 0.770235240459, 0.427291542292, 0.11754014343, 0.0340563356876, 0.0134006608278, 0.00142472737934, 2.77318977169e-05, 9.8453820101e-06],
        "dmean2": [0.132703199983, 1.3064622879, 4.42493057251, 7.39079809189, 16.0398979187, 17.4204998016, 13.9546861649, 22.3049468994, 34.5459671021, 43.425945282, 21.3905487061, 28.4151554108, 22.3452758789, 19.5951309204, 15.0359992981, 21.4135284424, 21.5602149963, 20.5957508087, 12.8061685562, 12.0920953751, 10.1785640717, 15.2638425827, 13.0030927658, 15.6474590302, 18.1998519897, 12.47884655, 5.38674211502, 5.35533905029, 4.98528289795, 4.26926231384, 2.86205792427, 1.65572619438, 1.12714350224, 0.609543800354, 0.175038591027, 0.05070380494, 0.0188619457185, 0.00212008040398, 4.00172757509e-05, 1.54200060933e-05],
        "dvar": [0.0303398054093, 2.10362410545, 15.2816667557, 42.2107391357, 183.422485352, 186.147415161, 144.021713257, 325.71206665, 1688.56787109, 1770.44506836, 514.706420898, 686.470947266, 572.123352051, 559.243347168, 131.304275513, 276.917510986, 346.475128174, 285.009033203, 116.403213501, 78.3425827026, 85.6236877441, 146.366439819, 165.628356934, 273.387542725, 218.152954102, 231.828826904, 33.436706543, 24.4382133484, 42.7585334778, 21.2427902222, 8.90003681183, 3.19984602928, 1.22837257385, 0.452965736389, 0.0524659305811, 0.00428120279685, 0.000823241192847, 9.84493635769e-06, 3.06742187206e-09, 1.09016240479e-10],
        "dvar2": [0.0907300710678, 5.19273090363, 38.5494422913, 107.530975342, 491.51940918, 485.219848633, 413.719024658, 867.634033203, 3888.74365234, 3860.09521484, 1119.6472168, 1534.19287109, 1349.50744629, 1192.60290527, 330.053009033, 710.417602539, 847.73449707, 813.050720215, 282.98916626, 198.444122314, 197.21585083, 352.493896484, 262.967529297, 704.804443359, 535.988464355, 569.045043945, 74.5662307739, 57.1525764465, 103.806632996, 50.7729759216, 20.0140686035, 6.30941104889, 2.29887604713, 0.753287792206, 0.112303704023, 0.00891219358891, 0.00143174547702, 1.73963271664e-05, 5.26280263813e-09, 2.30848326566e-10],
        "max": [1.72795712948, 13.1711063385, 42.3011169434, 57.4541320801, 189.631561279, 197.273727417, 197.562149048, 277.211395264, 583.37310791, 675.892089844, 427.262512207, 353.614501953, 581.224060059, 1038.52758789, 133.115615845, 242.234405518, 329.646820068, 310.39944458, 173.172973633, 87.2319717407, 102.395935059, 248.139205933, 418.646514893, 493.154632568, 314.858825684, 286.964538574, 120.222816467, 81.3018951416, 147.295135498, 78.8876571655, 54.3069725037, 47.76587677, 23.4088115692, 14.7821397781, 5.0252289772, 1.22392296791, 0.667276501656, 0.0697096213698, 0.00125610723626, 0.0001548230357],
        "mean": [0.148708164692, 1.85196053982, 5.44080638885, 9.03240299225, 24.0744915009, 25.5692310333, 19.45378685, 26.4860477448, 60.4850769043, 103.295089722, 38.0902442932, 37.9589958191, 28.728017807, 29.8928451538, 19.6123714447, 31.8070068359, 31.3376178741, 25.1971206665, 15.9227695465, 15.283498764, 13.7986955643, 19.9305706024, 18.6927776337, 20.6537914276, 28.3530063629, 18.4488239288, 8.68440723419, 7.42049837112, 6.60619020462, 5.70811796188, 3.98589348793, 2.54394078255, 1.80125844479, 0.945681095123, 0.221801832318, 0.0536172501743, 0.0184091515839, 0.00160127691925, 5.56810991839e-05, 5.21189904248e-05],
        "median": [0.0622876659036, 1.19557476044, 4.04626274109, 5.40955638885, 13.3754224777, 19.5573596954, 15.4353895187, 20.8010444641, 27.238275528, 55.0138931274, 21.0094032288, 22.4269104004, 19.1992454529, 14.7671289444, 15.1392173767, 20.2120742798, 22.3340148926, 18.4308509827, 11.4445209503, 11.0187244415, 8.92231750488, 15.6192159653, 13.2643413544, 16.1861438751, 22.9283752441, 11.7943477631, 4.96015357971, 4.80747938156, 3.71706604958, 3.52106618881, 2.51363420486, 1.64738845825, 1.2179569006, 0.581793308258, 0.117235980928, 0.0268649142236, 0.00681252684444, 0.000382857630029, 3.44956715708e-05, 4.97544788232e-05],
        "min": [0.000362514489098, 0.0149076739326, 0.144890844822, 0.283164680004, 0.557051718235, 0.659689366817, 0.291374027729, 0.214774265885, 0.725579738617, 0.247706115246, 0.312244772911, 0.479894161224, 0.440402805805, 0.614856660366, 0.488634496927, 0.580240428448, 0.434476047754, 1.10676407814, 0.926047980785, 0.826400339603, 0.629634797573, 1.60166311264, 1.73811471462, 2.09417247772, 2.2926530838, 1.41318356991, 0.69216132164, 0.232934638858, 0.121162012219, 0.057835675776, 0.0253314599395, 0.0115510113537, 0.00521961087361, 0.00222109002061, 0.000269034673693, 9.41489488469e-05, 1.9063214495e-05, 3.77317792299e-06, 8.56540373206e-06, 1.57329359354e-05],
        "var": [0.045524187386, 3.90223240852, 24.0865287781, 85.1469345093, 823.974121094, 510.482849121, 314.194976807, 679.311096191, 7209.04345703, 14362.3388672, 2184.02563477, 1835.79833984, 1531.42333984, 6532.50195312, 262.86807251, 1013.65350342, 1034.73095703, 493.671264648, 245.730209351, 151.764175415, 178.418289185, 254.390853882, 550.901855469, 492.243530273, 520.625427246, 495.584747314, 114.551818848, 64.2958831787, 83.2262878418, 46.5071525574, 23.050901413, 12.2771806717, 4.51801681519, 1.83588600159, 0.157242953777, 0.00743568502367, 0.0015200303169, 1.5953412003e-05, 5.54465229285e-09, 2.88519347302e-10]
    },
    "gfcc": {
        "mean": [43.4897041321, 108.57093811, -120.348617554, 46.5487174988, -72.5657501221, 13.1950826645, -40.9479408264, 8.20702552795, -24.6871910095, -1.3960943222, -7.28999471664, -8.90302371979, -14.3391551971],
        "cov": [[589.418823242, -323.973205566, 57.2613754272, -48.9599342346, -24.4651527405, 45.4067115784, -52.534538269, 26.2734947205, -44.0223121643, 66.7323226929, -89.6860427856, 65.4242172241, -83.5291976929], [-323.973205566, 470.741088867, -48.0118713379, -15.3312015533, 45.4888763428, -43.0697441101, 104.134712219, -6.09293651581, 81.5895462036, -22.8976154327, 139.756484985, -28.218120575, 79.202835083], [57.2613754272, -48.0118713379, 251.656539917, 42.0829849243, 71.0222549438, 71.2992324829, 27.0353126526, 65.6416320801, 10.1002855301, 68.6572875977, 4.0688867569, 38.9010543823, -31.4129104614], [-48.9599342346, -15.3312015533, 42.0829849243, 136.032318115, 45.2730560303, 29.8729476929, 7.04302072525, 0.578154742718, 6.91282224655, -5.33239793777, 9.64363765717, -9.57334327698, 32.3138771057], [-24.4651527405, 45.4888763428, 71.0222549438, 45.2730560303, 98.567817688, 45.2153968811, 46.787979126, 24.9652061462, 2.6123187542, 17.8930606842, 21.4417667389, 23.057352066, 11.0694046021], [45.4067115784, -43.0697441101, 71.2992324829, 29.8729476929, 45.2153968811, 93.6858673096, 26.8136253357, 19.3333683014, -7.12544727325, 13.583741188, 6.05984735489, 32.348236084, 1.87562525272], [-52.534538269, 104.134712219, 27.0353126526, 7.04302072525, 46.787979126, 26.8136253357, 123.586166382, 46.8849754333, 13.5164432526, 13.6863212585, 35.3507041931, 10.8767385483, 15.9923639297], [26.2734947205, -6.09293651581, 65.6416320801, 0.578154742718, 24.9652061462, 19.3333683014, 46.8849754333, 82.9656448364, 31.1741123199, 47.436882019, 14.2919559479, 19.8178062439, -3.4413766861], [-44.0223121643, 81.5895462036, 10.1002855301, 6.91282224655, 2.6123187542, -7.12544727325, 13.5164432526, 31.1741123199, 81.9573974609, 38.592338562, 41.8631210327, 0.62945997715, 15.8419075012], [66.7323226929, -22.8976154327, 68.6572875977, -5.33239793777, 17.8930606842, 13.583741188, 13.6863212585, 47.436882019, 38.592338562, 92.7912368774, 35.3435974121, 21.666727066, -19.499956131], [-89.6860427856, 139.756484985, 4.0688867569, 9.64363765717, 21.4417667389, 6.05984735489, 35.3507041931, 14.2919559479, 41.8631210327, 35.3435974121, 106.868942261, 14.116771698, 23.69115448], [65.4242172241, -28.218120575, 38.9010543823, -9.57334327698, 23.057352066, 32.348236084, 10.8767385483, 19.8178062439, 0.62945997715, 21.666727066, 14.116771698, 69.035987854, 18.4958686829], [-83.5291976929, 79.202835083, -31.4129104614, 32.3138771057, 11.0694046021, 1.87562525272, 15.9923639297, -3.4413766861, 15.8419075012, -19.499956131, 23.69115448, 18.4958686829, 88.1861343384]],
        "icov": [[0.00373130221851, 0.000569947762415, 0.00110762717668, -0.000318994309055, 0.00105854938738, -0.00114942970686, 0.000177321126102, 7.83114592195e-05, 0.000791579310317, -0.00346185755916, 0.0029620162677, -0.00404406758025, 0.00254103215411], [0.000569947762415, 0.0163596551865, -0.00525191985071, 0.0112424558029, -0.010175765492, 0.00789089221507, -0.00911748036742, 0.00864247232676, -0.0126705244184, 0.0128690078855, -0.0169158875942, 0.011479081586, -0.00978482794017], [0.00110762717668, -0.00525191985071, 0.0103946020827, -0.00597655307502, 0.000834207283333, -0.00578536046669, 0.00424753734842, -0.00653597014025, 0.00502837495878, -0.00859054364264, 0.00777539471164, -0.00712645053864, 0.00725465640426], [-0.000318994309055, 0.0112424558029, -0.00597655307502, 0.020061403513, -0.0121114477515, 0.00261853355914, -0.00401116907597, 0.00644811196253, -0.00927137024701, 0.00993237644434, -0.0125505197793, 0.0158012788743, -0.0135163394734], [0.00105854938738, -0.010175765492, 0.000834207283333, -0.0121114477515, 0.0260745994747, -0.00821579433978, 0.00024773957557, -0.00433396734297, 0.00965974479914, -0.00984683912247, 0.0104188965634, -0.0120726944879, 0.00738508719951], [-0.00114942970686, 0.00789089221507, -0.00578536046669, 0.00261853355914, -0.00821579433978, 0.0223063901067, -0.00688395975158, 0.00496100494638, -0.00521725835279, 0.00894071068615, -0.00938734970987, 6.23905289103e-05, -0.00377423199825], [0.000177321126102, -0.00911748036742, 0.00424753734842, -0.00401116907597, 0.00024773957557, -0.00688395975158, 0.0197826996446, -0.0145159363747, 0.00929465517402, -0.00463934335858, 0.00550486845896, -0.00343641010113, 0.00384707702324], [7.83114592195e-05, 0.00864247232676, -0.00653597014025, 0.00644811196253, -0.00433396734297, 0.00496100494638, -0.0145159363747, 0.0318321287632, -0.0137805780396, -0.00150386011228, -0.00372026930563, 0.00316262035631, -0.00558655802161], [0.000791579310317, -0.0126705244184, 0.00502837495878, -0.00927137024701, 0.00965974479914, -0.00521725835279, 0.00929465517402, -0.0137805780396, 0.0318558625877, -0.0178538188338, 0.00845774821937, -0.00562009355053, 0.00322919222526], [-0.00346185755916, 0.0128690078855, -0.00859054364264, 0.00993237644434, -0.00984683912247, 0.00894071068615, -0.00463934335858, -0.00150386011228, -0.0178538188338, 0.0390200391412, -0.0233973059803, 0.00863202940673, -0.00339744891971], [0.0029620162677, -0.0169158875942, 0.00777539471164, -0.0125505197793, 0.0104188965634, -0.00938734970987, 0.00550486845896, -0.00372026930563, 0.00845774821937, -0.0233973059803, 0.0363833084702, -0.0176714230329, 0.0103541752324], [-0.00404406758025, 0.011479081586, -0.00712645053864, 0.0158012788743, -0.0120726944879, 6.23905289103e-05, -0.00343641010113, 0.00316262035631, -0.00562009355053, 0.00863202940673, -0.0176714230329, 0.0393819287419, -0.0208021979779], [0.00254103215411, -0.00978482794017, 0.00725465640426, -0.0135163394734, 0.00738508719951, -0.00377423199825, 0.00384707702324, -0.00558655802161, 0.00322919222526, -0.00339744891971, 0.0103541752324, -0.0208021979779, 0.0285591222346]]
    },
    "melbands": {
        "dmean": [0.000807967968285, 0.00121232133824, 0.000886636553332, 0.000690301763825, 0.000352639588527, 0.000280955631752, 0.000354936841177, 0.000297773309285, 0.000112846399134, 0.000116156545118, 7.1442744229e-05, 5.28163873241e-05, 3.80667734134e-05, 2.71558492386e-05, 4.48730934295e-05, 2.54321021202e-05, 2.36729101744e-05, 1.39595058499e-05, 1.02172289189e-05, 1.14551276056e-05, 7.42937072573e-06, 1.04085575003e-05, 9.4758152045e-06, 8.55780854181e-06, 8.41142627905e-06, 7.63783918956e-06, 8.29339842312e-06, 4.97980863656e-06, 2.46556624006e-06, 2.26457291319e-06, 1.96992914425e-06, 1.86230022337e-06, 1.70054727278e-06, 1.69883026047e-06, 1.20904860523e-06, 9.6399639915e-07, 6.77606237787e-07, 5.71433417917e-07, 5.30984095803e-07, 3.31380732632e-07],
        "dmean2": [0.00133779773023, 0.00200519617647, 0.00149241811596, 0.0011266755173, 0.000581420667004, 0.000483125710161, 0.000534974329639, 0.000442048825789, 0.000173522377736, 0.000178880567546, 0.000112639514555, 8.30939679872e-05, 6.07913534623e-05, 4.3798587285e-05, 7.14064954082e-05, 4.11729961343e-05, 4.01801153203e-05, 2.28501594393e-05, 1.67770722328e-05, 1.8780139726e-05, 1.17420950119e-05, 1.67000234796e-05, 1.54859662871e-05, 1.38339473779e-05, 1.43058632602e-05, 1.23595491459e-05, 1.36941234814e-05, 7.95687174104e-06, 3.8601306187e-06, 3.62120658792e-06, 3.19322384712e-06, 2.98541453958e-06, 2.64592472377e-06, 2.73356204161e-06, 1.91029903363e-06, 1.4893930711e-06, 1.02666126622e-06, 8.62542037794e-07, 7.81495714364e-07, 4.89681781346e-07],
        "dvar": [2.49148183684e-06, 3.26895042235e-06, 1.27072223677e-06, 7.36165020498e-07, 1.89879060031e-07, 1.58063372169e-07, 3.73563352696e-07, 1.89704152831e-07, 2.92772277533e-08, 2.5205865839e-08, 1.4318767505e-08, 1.06630837493e-08, 2.60481658465e-09, 7.7058159853e-10, 3.26441607079e-09, 1.10290776512e-09, 9.85045156554e-10, 3.6075192833e-10, 2.07601838498e-10, 1.97671365387e-10, 1.1665055033e-10, 1.8129152346e-10, 1.52823489974e-10, 3.18141901712e-10, 2.12228734586e-10, 9.36420108122e-11, 1.55980964256e-10, 9.99407501201e-11, 2.0836629297e-11, 1.15970228212e-11, 8.71723873641e-12, 1.45906012966e-11, 1.10289737412e-11, 8.4350052984e-12, 3.75804465672e-12, 2.95522330565e-12, 1.06810177022e-12, 6.73529808315e-13, 6.62688166061e-13, 2.76504811885e-13],
        "dvar2": [6.93086212777e-06, 7.83709856478e-06, 3.36704897563e-06, 1.81434825208e-06, 5.34852574674e-07, 4.20510957611e-07, 8.54550705753e-07, 4.08962478105e-07, 6.34250767462e-08, 5.67277211871e-08, 3.3658743348e-08, 2.29488570369e-08, 6.46937037274e-09, 2.01657868182e-09, 8.09497446852e-09, 2.8212421288e-09, 2.76603562277e-09, 8.6401541477e-10, 5.2951437679e-10, 5.17838383285e-10, 2.69183009216e-10, 4.53471094009e-10, 3.94106081103e-10, 6.26790008784e-10, 5.54325252367e-10, 2.30396771106e-10, 3.99565741604e-10, 2.35092834089e-10, 4.7188898622e-11, 2.78551817029e-11, 2.15850601282e-11, 3.68183226962e-11, 2.59983961443e-11, 2.10978196719e-11, 9.10137937238e-12, 7.26298665307e-12, 2.05010574489e-12, 1.41356772208e-12, 1.17246024087e-12, 4.98439939496e-13],
        "max": [0.0143720638007, 0.0185714550316, 0.00937972404063, 0.0129135334864, 0.00533143989742, 0.00664260331541, 0.00813763495535, 0.00816601514816, 0.00279755447991, 0.00206511025317, 0.00283634080552, 0.00459905527532, 0.000626237771939, 0.000286477676127, 0.000798988738097, 0.000416927563492, 0.000554777332582, 0.000344395404682, 0.000190466482309, 0.000152946842718, 0.000115120310511, 0.000286777765723, 0.000204560201382, 0.000578920997214, 0.000414910027757, 0.000197232831852, 0.000244367693085, 0.000172289976035, 0.000113115012937, 7.59089671192e-05, 5.27637930645e-05, 7.64120122767e-05, 7.65591030358e-05, 3.98661832151e-05, 2.97083533951e-05, 3.67018838006e-05, 2.62317262241e-05, 1.58390121214e-05, 1.70032581082e-05, 1.15111524792e-05],
        "mean": [0.00172790943179, 0.00285574095324, 0.00200855941512, 0.00190218898933, 0.000796324689873, 0.00059616548242, 0.000969148764852, 0.00104681937955, 0.000272499077255, 0.00023122112907, 0.000137944094604, 0.000121347082313, 7.08054358256e-05, 5.77110913582e-05, 0.000102959587821, 5.34420469194e-05, 4.58316026197e-05, 2.6382964279e-05, 1.89374695765e-05, 2.10728539969e-05, 1.4214922885e-05, 2.05225896934e-05, 1.81269515451e-05, 1.67793823493e-05, 1.62779724633e-05, 1.89645797946e-05, 1.97350400413e-05, 1.04001210275e-05, 5.40897690371e-06, 4.87425404572e-06, 3.8831853999e-06, 3.6432259094e-06, 3.31725505021e-06, 3.2725595247e-06, 2.39830865212e-06, 1.8340161887e-06, 1.4570168787e-06, 1.24001439872e-06, 1.15705643111e-06, 6.76854256199e-07],
        "median": [0.00100727856625, 0.00241105910391, 0.00153258547653, 0.00136738433503, 0.000671066343784, 0.000447566300863, 0.000511212041602, 0.000495830900036, 0.000146777820191, 0.000146910984768, 8.99894876056e-05, 5.57019666303e-05, 4.99415946251e-05, 4.58415852336e-05, 5.87653521507e-05, 3.69999106624e-05, 3.39137841365e-05, 1.90030332305e-05, 1.2666458133e-05, 1.54711706273e-05, 8.40436860017e-06, 1.59607261594e-05, 1.30723283291e-05, 1.15034772534e-05, 1.21701550597e-05, 1.53235196194e-05, 1.40681286211e-05, 5.67841789234e-06, 2.75099864666e-06, 3.12199244945e-06, 2.41043335336e-06, 1.9849455839e-06, 1.83464032943e-06, 2.04867342291e-06, 1.49589197918e-06, 1.12066368274e-06, 9.51642221025e-07, 8.32058788092e-07, 7.30541955818e-07, 3.87653699363e-07],
        "min": [4.246959179e-06, 4.14550995629e-05, 8.54531608638e-05, 5.03305091115e-05, 8.41239307192e-06, 4.41165866505e-06, 8.49737716635e-06, 2.34044432545e-06, 2.32972251979e-06, 2.80530275631e-06, 2.20484048441e-06, 2.54020096691e-06, 8.04963235623e-07, 1.95800294023e-06, 9.60538045547e-07, 1.09822815375e-06, 2.12614349948e-06, 1.65206745351e-06, 9.70298515313e-07, 7.30218062017e-07, 5.07241963987e-07, 1.59110481945e-06, 1.49589300236e-06, 1.06443712866e-06, 1.74444573986e-06, 1.53965743266e-06, 1.1283607364e-06, 6.70256667945e-07, 2.28908049849e-07, 1.65246959227e-07, 1.01492368287e-07, 5.52092203066e-08, 6.39530028934e-08, 2.29494983017e-08, 1.59138249245e-08, 6.6970975432e-09, 6.79669254211e-09, 4.39748459868e-09, 1.95827420946e-09, 3.74601294428e-10],
