{
"highlevel": {
    "danceability": {
        "all": {
            "danceable": 0.997472047806,
            "not_danceable": 0.00252794264816
        },
        "probability": 0.997472047806,
        "value": "danceable"
    },
    "gender": {
        "all": {
            "female": 0.619820058346,
            "male": 0.380179971457
        },
        "probability": 0.619820058346,
        "value": "female"
    },
    "genre_dortmund": {
        "all": {
            "alternative": 0.00120567157865,
            "blues": 0.00947710312903,
            "electronic": 0.010365171358,
            "folkcountry": 0.00123181834351,
            "funksoulrnb": 0.010420341976,
            "jazz": 0.00304362247698,
            "pop": 0.00419876398519,
            "raphiphop": 0.913076460361,
            "rock": 0.0469810627401
        },
        "probability": 0.913076460361,
        "value": "raphiphop"
    },
    "genre_electronic": {
        "all": {
            "ambient": 0.0904239341617,
            "dnb": 0.841799199581,
            "house": 0.0475523397326,
            "techno": 0.00952422246337,
            "trance": 0.0107003161684
        },
        "probability": 0.841799199581,
        "value": "dnb"
    },
    "genre_rosamerica": {
        "all": {
            "cla": 0.0051574469544,
            "dan": 0.0378249213099,
            "hip": 0.51409727335,
            "jaz": 0.00623325584456,
            "pop": 0.307685911655,
            "rhy": 0.033899448812,
            "roc": 0.08780515939,
            "spe": 0.00729657523334
        },
        "probability": 0.51409727335,
        "value": "hip"
    },
    "genre_tzanetakis": {
        "all": {
            "blu": 0.0626613423228,
            "cla": 0.0348169617355,
            "cou": 0.104475811124,
            "dis": 0.0784321576357,
            "hip": 0.15692435205,
            "jaz": 0.313974827528,
            "met": 0.0448166541755,
            "pop": 0.0627359300852,
            "reg": 0.0627360641956,
            "roc": 0.0784258767962
        },
        "probability": 0.313974827528,
        "value": "jaz"
    },
    "ismir04_rhythm": {
        "all": {
            "ChaChaCha": 0.010954208672,
            "Jive": 0.411040902138,
            "Quickstep": 0.0132742989808,
            "Rumba-American": 0.00196082401089,
            "Rumba-International": 0.00616542715579,
            "Rumba-Misc": 0.00123418867588,
            "Samba": 0.54514759779,
            "Tango": 0.000704149890225,
            "VienneseWaltz": 0.00841178558767,
            "Waltz": 0.00110660132486
        },
        "probability": 0.54514759779,
        "value": "Samba"
    },
    "mood_acoustic": {
        "all": {
            "acoustic": 0.0027311546728,
            "not_acoustic": 0.997268855572
        },
        "probability": 0.997268855572,
        "value": "not_acoustic"
    },
    "mood_aggressive": {
        "all": {
            "aggressive": 0.939361870289,
            "not_aggressive": 0.0606381259859
        },
        "probability": 0.939361870289,
        "value": "aggressive"
    },
    "mood_electronic": {
        "all": {
            "electronic": 0.940747439861,
            "not_electronic": 0.0592525452375
        },
        "probability": 0.940747439861,
        "value": "electronic"
    },
    "mood_happy": {
        "all": {
            "happy": 0.251853227615,
            "not_happy": 0.748146772385
        },
        "probability": 0.748146772385,
        "value": "not_happy"
    },
    "mood_party": {
        "all": {
            "not_party": 0.114213392138,
            "party": 0.88578659296
        },
        "probability": 0.88578659296,
        "value": "party"
    },
    "mood_relaxed": {
        "all": {
            "not_relaxed": 0.997881233692,
            "relaxed": 0.00211876258254
        },
        "probability": 0.997881233692,
        "value": "not_relaxed"
    },
    "mood_sad": {
        "all": {
            "not_sad": 0.975371360779,
            "sad": 0.0246286131442
        },
        "probability": 0.975371360779,
        "value": "not_sad"
    },
    "moods_mirex": {
        "all": {
            "Cluster1": 0.082432448864,
            "Cluster2": 0.144639700651,
            "Cluster3": 0.0397171676159,
            "Cluster4": 0.0949572399259,
            "Cluster5": 0.638253450394
        },
        "probability": 0.638253450394,
        "value": "Cluster5"
    },
    "timbre": {
        "all": {
            "bright": 0.139370888472,
            "dark": 0.860629141331
        },
        "probability": 0.860629141331,
        "value": "dark"
    },
    "tonal_atonal": {
        "all": {
            "atonal": 0.996841132641,
            "tonal": 0.0031588927377
        },
        "probability": 0.996841132641,
        "value": "atonal"
    },
    "voice_instrumental": {
        "all": {
            "instrumental": 0.125379279256,
            "voice": 0.874620735645
        },
        "probability": 0.874620735645,
        "value": "voice"
    }
},
"lowlevel": {
    "average_loudness": 0.981325805187,
    "barkbands_crest": {
        "dmean": 3.22983574867,
        "dmean2": 4.97287082672,
        "dvar": 9.05229854584,
        "dvar2": 18.1968173981,
        "max": 25.9735012054,
        "mean": 10.3240356445,
        "median": 9.12630462646,
        "min": 2.04780125618,
        "var": 28.721818924
    },
    "barkbands_flatness_db": {
        "dmean": 0.0272821560502,
        "dmean2": 0.0409767664969,
        "dvar": 0.000706416496541,
        "dvar2": 0.00138753955252,
        "max": 0.359803289175,
        "mean": 0.152398109436,
        "median": 0.151788547635,
        "min": 0.0402614511549,
        "var": 0.00333651062101
    },
    "barkbands_kurtosis": {
        "dmean": 5.35606479645,
        "dmean2": 8.39915275574,
        "dvar": 129.279586792,
        "dvar2": 281.049133301,
        "max": 117.143592834,
        "mean": 5.64078617096,
        "median": 0.00966334342957,
        "min": -1.90905988216,
        "var": 196.711807251
    },
    "barkbands_skewness": {
        "dmean": 0.851537168026,
        "dmean2": 1.23514056206,
        "dvar": 1.08329176903,
        "dvar2": 1.98596727848,
        "max": 9.91349601746,
        "mean": 1.29807591438,
        "median": 0.725947618484,
        "min": -6.01739835739,
        "var": 3.90185928345
    },
    "barkbands_spread": {
        "dmean": 9.0458688736,
        "dmean2": 13.7050142288,
        "dvar": 107.68624115,
        "dvar2": 204.296432495,
        "max": 113.569511414,
        "mean": 29.3024215698,
        "median": 27.3681030273,
        "min": 1.36248064041,
        "var": 334.280181885
    },
    "dissonance": {
        "dmean": 0.0165049172938,
        "dmean2": 0.0276251565665,
        "dvar": 0.000320200109854,
        "dvar2": 0.000813416903839,
        "max": 0.49994161725,
        "mean": 0.47177991271,
        "median": 0.479062765837,
        "min": 0.332406878471,
        "var": 0.000605643086601
    },
    "dynamic_complexity": 2.01847696304,
    "erbbands_crest": {
        "dmean": 2.90908360481,
        "dmean2": 4.76138305664,
        "dvar": 6.47252988815,
        "dvar2": 17.604763031,
        "max": 24.3866710663,
        "mean": 8.4885892868,
        "median": 7.6772685051,
        "min": 2.75205302238,
        "var": 13.3254508972
    },
    "erbbands_flatness_db": {
        "dmean": 0.0226406641304,
        "dmean2": 0.0334601067007,
        "dvar": 0.000475652457681,
        "dvar2": 0.000916309538297,
        "max": 0.316488057375,
        "mean": 0.170479848981,
        "median": 0.166748598218,
        "min": 0.0689933598042,
        "var": 0.0019277430838
    },
    "erbbands_kurtosis": {
        "dmean": 1.16467750072,
        "dmean2": 1.86018896103,
        "dvar": 2.52290463448,
        "dvar2": 5.53580904007,
        "max": 29.8872070312,
        "mean": 0.392529398203,
        "median": -0.0832512378693,
        "min": -1.70855021477,
        "var": 4.60602760315
    },
    "erbbands_skewness": {
        "dmean": 0.494821846485,
        "dmean2": 0.750297248363,
        "dvar": 0.20445767045,
        "dvar2": 0.421434938908,
        "max": 2.62301206589,
        "mean": -0.230330467224,
        "median": -0.168719545007,
        "min": -4.5946598053,
        "var": 0.607715249062
    },
    "erbbands_spread": {
        "dmean": 11.8594827652,
        "dmean2": 18.1904773712,
        "dvar": 195.915008545,
        "dvar2": 449.455352783,
        "max": 148.911987305,
        "mean": 40.0699996948,
        "median": 31.6797294617,
        "min": 4.62587881088,
        "var": 601.722473145
    },
    "hfc": {
        "dmean": 10.0166015625,
        "dmean2": 15.0665788651,
        "dvar": 146.913223267,
        "dvar2": 310.760345459,
        "max": 120.281227112,
        "mean": 28.0460166931,
        "median": 21.6187667847,
        "min": 0.463876843452,
        "var": 522.497314453
    },
    "melbands_crest": {
        "dmean": 4.49575901031,
        "dmean2": 7.11306858063,
        "dvar": 13.6922569275,
        "dvar2": 31.3386917114,
        "max": 35.0343284607,
        "mean": 16.0191497803,
        "median": 15.5891275406,
        "min": 1.9125674963,
        "var": 50.2445716858
    },
    "melbands_flatness_db": {
        "dmean": 0.0331543162465,
        "dmean2": 0.047308973968,
        "dvar": 0.00120010855608,
        "dvar2": 0.00197480083443,
        "max": 0.46558663249,
        "mean": 0.188057437539,
        "median": 0.188589662313,
        "min": 0.00860050041229,
        "var": 0.00821349676698
    },
    "melbands_kurtosis": {
        "dmean": 15.1496953964,
        "dmean2": 23.2820892334,
        "dvar": 891.642822266,
        "dvar2": 1957.20373535,
        "max": 306.015594482,
        "mean": 20.9550037384,
        "median": 2.86311769485,
        "min": -1.85306107998,
        "var": 1571.07458496
    },
    "melbands_skewness": {
        "dmean": 1.20166778564,
        "dmean2": 1.75033855438,
        "dvar": 2.24496078491,
        "dvar2": 4.30172300339,
        "max": 14.3874568939,
        "mean": 2.85983657837,
        "median": 1.77143907547,
        "min": -2.37829852104,
        "var": 8.04158973694
    },
    "melbands_spread": {
        "dmean": 13.3396339417,
        "dmean2": 19.7329940796,
        "dvar": 302.314422607,
        "dvar2": 608.633056641,
        "max": 271.894561768,
        "mean": 39.8586273193,
        "median": 33.5795097351,
        "min": 0.970864713192,
        "var": 1158.65942383
    },
    "pitch_salience": {
        "dmean": 0.0913560241461,
        "dmean2": 0.144543215632,
        "dvar": 0.0070832837373,
        "dvar2": 0.0179342646152,
        "max": 0.823324382305,
        "mean": 0.523331224918,
        "median": 0.522233247757,
        "min": 0.126851499081,
        "var": 0.0214197635651
    },
    "silence_rate_20dB": {
        "dmean": 0,
        "dmean2": 0,
        "dvar": 0,
        "dvar2": 0,
        "max": 1,
        "mean": 1,
        "median": 1,
        "min": 1,
        "var": 0
    },
    "silence_rate_30dB": {
        "dmean": 0.061919502914,
        "dmean2": 0.123934932053,
        "dvar": 0.058085847646,
        "dvar2": 0.12716551125,
        "max": 1,
        "mean": 0.931167840958,
        "median": 1,
        "min": 0,
        "var": 0.0640942677855
    },
    "silence_rate_60dB": {
        "dmean": 0.0139318881556,
        "dmean2": 0.0278853606433,
        "dvar": 0.0137381358072,
        "dvar2": 0.0348541475832,
        "max": 1,
        "mean": 0.0116009283811,
        "median": 0,
        "min": 0,
        "var": 0.0114662526175
    },
    "spectral_centroid": {
        "dmean": 384.344970703,
        "dmean2": 562.649719238,
        "dvar": 155925.171875,
        "dvar2": 290467.21875,
        "max": 6735.75634766,
        "mean": 1983.45422363,
        "median": 1996.0625,
        "min": 216.501098633,
        "var": 662624.0625
    },
    "spectral_complexity": {
        "dmean": 4.84442710876,
        "dmean2": 6.84972906113,
        "dvar": 26.5585613251,
        "dvar2": 40.9285812378,
        "max": 60,
        "mean": 21.341840744,
        "median": 17,
        "min": 0,
        "var": 202.994155884
    },
    "spectral_decrease": {
        "dmean": 3.49554118984e-09,
        "dmean2": 5.5097948426e-09,
        "dvar": 3.28185926351e-17,
        "dvar2": 6.90878519135e-17,
        "max": -1.06703736125e-10,
        "mean": -7.9738917691e-09,
        "median": -5.17798737221e-09,
        "min": -3.9737578561e-08,
        "var": 6.9814096639e-17
    },
    "spectral_energy": {
        "dmean": 0.013779017143,
        "dmean2": 0.021686187014,
        "dvar": 0.000473585474538,
        "dvar2": 0.00100096722599,
        "max": 0.152961045504,
        "mean": 0.0326391123235,
        "median": 0.0217976234853,
        "min": 0.00108353607357,
        "var": 0.00100456713699
    },
    "spectral_energyband_high": {
        "dmean": 0.000589609378949,
        "dmean2": 0.000816668034531,
        "dvar": 9.3428531045e-07,
        "dvar2": 1.69960412677e-06,
        "max": 0.00992419477552,
        "mean": 0.00133144378196,
        "median": 0.000375335250283,
        "min": 1.37353970331e-06,
        "var": 3.45512967215e-06
    },
    "spectral_energyband_low": {
        "dmean": 0.00995807815343,
        "dmean2": 0.0160101242363,
        "dvar": 0.000451170402812,
        "dvar2": 0.000933124043513,
        "max": 0.139415293932,
        "mean": 0.0181384515017,
        "median": 0.00592999905348,
        "min": 3.86434339816e-06,
        "var": 0.000925147498492
    },
    "spectral_energyband_middle_high": {
        "dmean": 0.00340200681239,
        "dmean2": 0.0052244681865,
        "dvar": 2.73369405477e-05,
        "dvar2": 6.77159550833e-05,
        "max": 0.0526818148792,
        "mean": 0.00746862543747,
        "median": 0.00520569551736,
        "min": 4.92887047585e-05,
        "var": 5.82673383178e-05
    },
    "spectral_energyband_middle_low": {
        "dmean": 0.00506526930258,
        "dmean2": 0.00852640718222,
        "dvar": 0.000106259612949,
        "dvar2": 0.000298750208458,
        "max": 0.0856806561351,
        "mean": 0.00668335193768,
        "median": 0.00411602947861,
        "min": 2.91494252451e-05,
        "var": 8.20100103738e-05
    },
    "spectral_entropy": {
        "dmean": 0.204264238477,
        "dmean2": 0.303327053785,
        "dvar": 0.0488063283265,
        "dvar2": 0.0924158990383,
        "max": 8.82952594757,
        "mean": 7.66104984283,
        "median": 7.62709522247,
        "min": 6.41223192215,
        "var": 0.211875379086
    },
    "spectral_flux": {
        "dmean": 0.0359340906143,
        "dmean2": 0.0564077347517,
        "dvar": 0.00205592508428,
        "dvar2": 0.00430261902511,
        "max": 0.352591902018,
        "mean": 0.114307589829,
        "median": 0.101006165147,
        "min": 0.0192544516176,
        "var": 0.00405035447329
    },
    "spectral_kurtosis": {
        "dmean": 1.76154434681,
        "dmean2": 2.84033203125,
        "dvar": 3.74307250977,
        "dvar2": 9.42933559418,
        "max": 29.1654014587,
        "mean": 4.09739160538,
        "median": 3.51500892639,
        "min": -1.52548360825,
        "var": 9.59528064728
    },
    "spectral_rms": {
        "dmean": 0.00109627807979,
        "dmean2": 0.00166426238138,
        "dvar": 1.89935701655e-06,
        "dvar2": 3.70213456335e-06,
        "max": 0.0122159849852,
        "mean": 0.0051579689607,
        "median": 0.00461150472984,
        "min": 0.00102815777063,
        "var": 5.23840662936e-06
    },
    "spectral_rolloff": {
        "dmean": 819.446594238,
        "dmean2": 1365.25012207,
        "dvar": 1816257,
        "dvar2": 3088715.5,
        "max": 11455.6640625,
        "mean": 2380.44799805,
        "median": 2153.3203125,
        "min": 64.599609375,
        "var": 5490482.5
    },
    "spectral_skewness": {
        "dmean": 0.265986829996,
        "dmean2": 0.414278924465,
        "dvar": 0.058998119086,
        "dvar2": 0.128986567259,
        "max": 3.36321687698,
        "mean": 1.3481887579,
        "median": 1.32750880718,
        "min": -0.21184925735,
        "var": 0.204176783562
    },
    "spectral_spread": {
        "dmean": 782465.8125,
        "dmean2": 1130159.125,
        "dvar": 1.30343724646e+12,
        "dvar2": 2.21485989888e+12,
        "max": 16939734,
        "mean": 4439853.5,
        "median": 3818912.5,
        "min": 1612046.625,
        "var": 4.9187562455e+12
    },
    "spectral_strongpeak": {
        "dmean": 0.608882963657,
        "dmean2": 1.04207491875,
        "dvar": 0.97192054987,
        "dvar2": 2.40533280373,
        "max": 9.20645999908,
        "mean": 0.77856361866,
        "median": 0.323091328144,
        "min": 0,
        "var": 1.14268088341
    },
    "zerocrossingrate": {
        "dmean": 0.0175225697458,
        "dmean2": 0.0186549164355,
        "dvar": 0.000477435736684,
        "dvar2": 0.000458437192719,
        "max": 0.39697265625,
        "mean": 0.0812087655067,
        "median": 0.0654296875,
        "min": 0.0048828125,
        "var": 0.00371138891205
    },
    "barkbands": {
        "dmean": [0.00063686730573, 0.00797311402857, 0.00550427287817, 0.00195747590624, 0.0013409970561, 0.000916744000278, 0.000731683161575, 0.000625619955827, 0.000925859319977, 0.000513636972755, 0.000430596090155, 0.000545885472093, 0.000642173399683, 0.000610440969467, 0.000718402443454, 0.000449886341812, 0.000568837160245, 0.000617044337559, 0.000517928448971, 0.000165088655194, 0.000146103935549, 8.02095746621e-05, 0.000114207585284, 0.000191995844943, 0.000118081392429, 1.83682677743e-05, 4.47446133478e-08],
        "dmean2": [0.00106360518839, 0.0108160506934, 0.00976168271154, 0.00361767108552, 0.00235799327493, 0.00145268510096, 0.00122055376414, 0.00104205228854, 0.0014550111955, 0.000808547134511, 0.000712675100658, 0.000849100993946, 0.00108116224874, 0.00098755012732, 0.00120654341299, 0.000753799802624, 0.00090399722103, 0.000997112714685, 0.000805498915724, 0.000270417745924, 0.000216847969568, 0.000121339937323, 0.000179183145519, 0.000278747203993, 0.000161409087013, 2.81946413452e-05, 8.10811897622e-08],
        "dvar": [1.4004131117e-06, 0.000256138038822, 0.000300804385915, 4.53528591606e-05, 1.11520566861e-05, 2.51318397204e-06, 3.45050830219e-06, 1.62312312568e-06, 3.39614643963e-06, 1.31993806463e-06, 9.8479188182e-07, 9.48765034536e-07, 1.81977065949e-06, 1.21866241898e-06, 3.07464324578e-06, 8.93075366548e-07, 8.48134391163e-07, 1.00587294583e-06, 5.93947106609e-07, 1.08932020737e-07, 6.29272847164e-08, 1.63429181299e-08, 7.44474775161e-08, 1.8395189727e-07, 9.75442802087e-08, 2.71223776771e-09, 5.19659930863e-14],
        "dvar2": [3.85984094464e-06, 0.00041819861508, 0.000805175630376, 0.00013108215353, 3.20416656905e-05, 5.92474816585e-06, 8.52228549775e-06, 4.09416225011e-06, 7.80385289545e-06, 3.02906096294e-06, 2.39945006797e-06, 2.06329832508e-06, 4.69100359624e-06, 3.06069864564e-06, 8.05959643913e-06, 2.372922836e-06, 1.96563610189e-06, 2.4803478027e-06, 1.42570411299e-06, 2.81268853541e-07, 1.54269343966e-07, 3.52622677724e-08, 1.7232204641e-07, 3.53372485051e-07, 1.68726046468e-07, 6.40683239794e-09, 1.44971843774e-13],
        "max": [0.0129112489522, 0.11647503078, 0.113959148526, 0.0542685166001, 0.0298733599484, 0.0132621182129, 0.0253473334014, 0.0138648804277, 0.0189212039113, 0.0148387551308, 0.00886002648622, 0.00966161955148, 0.0112626301125, 0.0114881824702, 0.0160460397601, 0.0105037214234, 0.0101611297578, 0.0122451595962, 0.00864600483328, 0.00622863369063, 0.00314427865669, 0.00152406166308, 0.00492917466909, 0.0055807325989, 0.0042558577843, 0.000953026174102, 5.30221223016e-06],
        "mean": [0.00122989912052, 0.0119801228866, 0.00404259935021, 0.0015264255926, 0.001582816476, 0.00102002755739, 0.000734054774512, 0.000632323848549, 0.00100206327625, 0.000698221207131, 0.000471755425679, 0.000720193667803, 0.000772805768065, 0.000723355333321, 0.000825528230052, 0.000583645189181, 0.00085918669356, 0.000947096326854, 0.000794054300059, 0.000293413468171, 0.000278426858131, 0.00018062259187, 0.000205130927498, 0.000319140148349, 0.000190904524061, 2.52910758718e-05, 3.86762444293e-08],
        "median": [0.000770304643083, 0.00363450893201, 0.000405346072512, 0.00032995530637, 0.000935365096666, 0.000306759990053, 0.000204689509701, 0.000182425574167, 0.000267783674644, 0.000222952730837, 0.000103175480035, 0.000219989946345, 0.000158147682669, 0.000165360484971, 0.000122317840578, 0.000171936335391, 0.000337642268278, 0.000420634372858, 0.000426064507337, 8.35888204165e-05, 7.48442980694e-05, 5.48146963411e-05, 5.71601340198e-05, 5.36686347914e-05, 1.96136588784e-05, 2.4308326374e-06, 8.10236044924e-10],
        "min": [1.92315785519e-09, 2.21063260142e-07, 2.84372447368e-07, 3.49418854739e-07, 3.65907510513e-07, 9.29897396418e-07, 1.75752359155e-06, 2.57218999877e-07, 6.69129065045e-07, 3.13807163366e-07, 3.5741899751e-07, 5.38598669664e-07, 1.4539455151e-06, 2.34741128224e-06, 1.10856001356e-06, 1.9358467398e-06, 3.67798611478e-06, 4.07920242651e-06, 2.26919360102e-06, 8.15314024294e-07, 3.86632763139e-07, 2.5940326509e-07, 7.18504153951e-08, 2.00598620381e-07, 4.61022192644e-10, 1.19398319356e-11, 4.64953639825e-12],
        "var": [2.37378253587e-06, 0.000495460873935, 0.000205739124794, 2.72400338872e-05, 8.05451782071e-06, 3.08007611238e-06, 3.33852926815e-06, 1.65977849065e-06, 4.08515916206e-06, 2.15001227843e-06, 1.08308381641e-06, 1.56315741151e-06, 2.20211177293e-06, 1.4969861013e-06, 3.32050603902e-06, 1.04257185285e-06, 1.46727654737e-06, 1.67033294929e-06, 9.88419174064e-07, 2.10169389447e-07, 1.94357227201e-07, 7.09585634695e-08, 1.27573215991e-07, 4.4154236889e-07, 2.28313382422e-07, 4.11243883391e-09, 4.41687092174e-14]
    },
    "erbbands": {
        "dmean": [0.325530946255, 1.61036574841, 4.98335790634, 6.868891716, 5.09811210632, 4.21012592316, 6.03496313095, 7.59445428848, 11.4332733154, 8.30252361298, 16.936756134, 18.8634185791, 16.4544200897, 16.4254894257, 14.4419794083, 22.666015625, 28.4972858429, 30.9772911072, 33.034828186, 26.9537658691, 25.7980880737, 32.055141449, 34.9153289795, 26.6564369202, 21.5418663025, 7.4353723526, 6.64175415039, 4.69145059586, 2.93934369087, 3.07294654846, 3.23462414742, 3.58983159065, 3.45474481583, 1.81166946888, 0.599683880806, 0.148467615247, 0.0224744156003, 0.0010281825671, 3.77766555175e-05, 1.81655759661e-05],
        "dmean2": [0.471064597368, 2.09905791283, 8.61324214935, 11.752538681, 9.29224872589, 7.3433175087, 9.4158821106, 12.4631118774, 18.868024826, 13.903842926, 28.0518741608, 30.1600322723, 24.8395328522, 26.5560874939, 22.3065452576, 34.9704627991, 47.0280380249, 49.3010063171, 55.0978965759, 43.7651901245, 42.6852073669, 50.0211410522, 56.4950180054, 41.890838623, 34.7938537598, 12.0293464661, 10.0446233749, 6.99827289581, 4.50353336334, 4.66497659683, 5.04078578949, 5.44388484955, 5.06095075607, 2.53404998779, 0.857324004173, 0.223426446319, 0.0343254730105, 0.00161831674632, 5.47073723283e-05, 2.78190454992e-05],
        "dvar": [0.458491325378, 9.80550670624, 238.433044434, 451.792633057, 254.211837769, 102.885391235, 130.172637939, 199.090896606, 798.184326172, 388.869232178, 1160.04174805, 1477.87145996, 2154.08081055, 1278.87121582, 951.03125, 1654.48718262, 3903.38745117, 3440.87573242, 5373.38427734, 4414.32617188, 2656.40014648, 2473.54052734, 2957.12988281, 1952.59228516, 1362.61499023, 240.215103149, 148.969543457, 64.0666503906, 23.2769546509, 50.3482818604, 51.9383659363, 64.2078399658, 72.0103378296, 21.0415287018, 2.7100675106, 0.178421095014, 0.00290142325684, 5.54620919502e-06, 5.29678567673e-09, 6.10711980986e-10],
        "dvar2": [0.956161260605, 14.6629714966, 640.883911133, 1177.49414062, 734.342590332, 291.083007812, 278.518554688, 491.133758545, 1923.35400391, 1029.23034668, 2827.51245117, 3248.03369141, 5004.9921875, 3192.77368164, 1920.60510254, 3683.83935547, 10231.9785156, 8615.93457031, 13613.5107422, 11173.8486328, 6852.40136719, 5644.54296875, 7337.74414062, 4913.50732422, 3441.6875, 618.828613281, 374.880371094, 158.667755127, 50.4223175049, 110.474075317, 120.938072205, 131.754135132, 140.938781738, 37.0615768433, 4.73878526688, 0.385403364897, 0.00685922894627, 1.29936715894e-05, 1.11605080733e-08, 1.25460075662e-09],
        "max": [4.97713565826, 25.7987155914, 100.640434265, 164.898361206, 142.841171265, 103.972923279, 122.246376038, 122.753196716, 449.769866943, 299.034667969, 401.416015625, 469.122039795, 591.43939209, 325.788452148, 393.76550293, 465.190551758, 560.629333496, 689.944641113, 1004.81719971, 620.126220703, 610.455322266, 517.187133789, 505.048400879, 603.90234375, 417.837188721, 303.898956299, 181.381530762, 80.1935958862, 54.5304260254, 154.785690308, 94.8842544556, 109.541381836, 97.5198440552, 60.9397392273, 23.6506137848, 7.51480436325, 0.682555258274, 0.0259132701904, 0.00088542222511, 0.000298022321658],
        "mean": [0.418340474367, 2.43309950829, 4.22870159149, 5.94628810883, 5.01502895355, 4.81231546402, 6.97991418839, 8.27379894257, 11.9145097733, 8.39879131317, 18.6372394562, 21.068572998, 20.5134220123, 22.2628192902, 20.0110187531, 30.6511440277, 36.0218048096, 39.5832366943, 40.845375061, 35.7318115234, 36.6049079895, 50.16563797, 53.1246910095, 44.4515457153, 32.5134048462, 14.0774803162, 11.9234762192, 9.67479705811, 6.71571779251, 6.00895881653, 5.7603635788, 6.00527763367, 5.50641202927, 2.84294939041, 0.994961023331, 0.217740342021, 0.0299350526184, 0.00135150668211, 7.10184831405e-05, 4.6295725042e-05],
        "median": [0.160970121622, 0.638633191586, 0.634251475334, 1.10055971146, 2.27270364761, 2.71582865715, 1.98602712154, 2.67382740974, 3.46145629883, 2.88911700249, 5.27093219757, 6.46691513062, 6.57724428177, 7.61859226227, 6.59890413284, 9.62893676758, 9.38480472565, 10.8087463379, 8.70657253265, 7.10793447495, 12.705452919, 21.3482646942, 24.5992355347, 25.4602279663, 14.8780212402, 4.44179582596, 3.68722057343, 2.18993425369, 1.8782709837, 1.83873045444, 1.61045598984, 1.32745361328, 0.67422747612, 0.289465397596, 0.0941214337945, 0.0208979267627, 0.00299699092284, 0.00013471726561, 2.54410515481e-05, 3.22627383866e-05],
        "min": [1.03671627585e-05, 0.000103484599094, 0.0011259795865, 0.00150992441922, 0.00216869753785, 0.00224187551066, 0.00994911417365, 0.0101532945409, 0.0251094754785, 0.025062341243, 0.0521951541305, 0.0187543258071, 0.0128134796396, 0.0171910338104, 0.0132651263848, 0.0374973118305, 0.0671987757087, 0.106219530106, 0.0896797850728, 0.066676594317, 0.137345373631, 0.239825591445, 0.328830808401, 0.21097587049, 0.104632340372, 0.0443461760879, 0.0153689887375, 0.0159818958491, 0.00831813644618, 0.00576337613165, 0.00231705536135, 0.00541352340952, 0.00141754630022, 0.00149868929293, 0.000174293090822, 2.59509561147e-05, 8.67072321853e-06, 5.30727675141e-07, 1.16701551178e-06, 1.54498854954e-06],
        "var": [0.647703826427, 21.2416687012, 172.657562256, 341.446838379, 157.887878418, 78.5261383057, 185.567123413, 211.172851562, 855.51373291, 318.328735352, 1386.38354492, 1768.75830078, 2526.95507812, 1688.6550293, 1584.86877441, 2679.32666016, 4440.32763672, 4519.32421875, 6230.6171875, 5197.4921875, 3419.50146484, 4534.77392578, 4899.33691406, 2906.60961914, 2005.40893555, 461.122955322, 333.683380127, 260.222808838, 102.117347717, 100.501426697, 96.1873931885, 139.670959473, 161.989379883, 48.9300689697, 6.37468194962, 0.309651732445, 0.0051693324931, 9.64325408859e-06, 1.26201369355e-08, 1.44720613271e-09]
    },
    "gfcc": {
        "mean": [0.177292093635, 80.5691375732, -134.545028687, 50.9632225037, -54.8505096436, 23.7178039551, -39.9372940063, 21.154460907, -19.4378585815, -3.47809076309, -4.18958330154, -2.87356185913, -7.59791469574],
        "cov": [[2460.03833008, -911.524353027, -296.196350098, -155.696777344, -213.338882446, 216.046035767, -74.4275054932, 99.3470687866, -46.9830970764, 318.579528809, -108.438796997, 114.299728394, -22.9395809174], [-911.524353027, 2187.55078125, 368.751678467, 263.875, 521.135864258, -245.329620361, 403.433227539, -136.458999634, 139.039550781, -305.671386719, 237.059280396, -127.372581482, 56.1212921143], [-296.196350098, 368.751678467, 1372.74560547, 417.708831787, 62.5652618408, 64.3301239014, -6.3476729393, 17.4154834747, 0.790392041206, 3.95413827896, 8.46079349518, -28.8256244659, 31.4708309174], [-155.696777344, 263.875, 417.708831787, 569.956787109, 134.921875, 10.9360189438, 140.305084229, 8.42407512665, 176.145492554, 47.4925804138, 70.0522766113, -29.2198619843, 97.8476028442], [-213.338882446, 521.135864258, 62.5652618408, 134.921875, 446.568786621, 77.7707138062, 128.394302368, 12.944065094, 90.6253967285, -43.3463516235, 67.8215103149, -9.432056427, 18.0222454071], [216.046035767, -245.329620361, 64.3301239014, 10.9360189438, 77.7707138062, 336.890411377, 80.2002639771, 56.1019935608, 0.262782454491, 61.9316482544, -6.86431074142, 33.5458030701, 16.7516422272], [-74.4275054932, 403.433227539, -6.3476729393, 140.305084229, 128.394302368, 80.2002639771, 343.70513916, 39.5214767456, 58.4058189392, -18.0767936707, 75.8244552612, 9.81346225739, 40.7556800842], [99.3470687866, -136.458999634, 17.4154834747, 8.42407512665, 12.944065094, 56.1019935608, 39.5214767456, 164.715133667, 36.8779945374, 35.4312934875, 20.5291042328, 11.5736026764, 3.24138712883], [-46.9830970764, 139.039550781, 0.790392041206, 176.145492554, 90.6253967285, 0.262782454491, 58.4058189392, 36.8779945374, 205.15562439, 56.6794013977, 45.4610481262, -18.1790237427, 49.1961669922], [318.579528809, -305.671386719, 3.95413827896, 47.4925804138, -43.3463516235, 61.9316482544, -18.0767936707, 35.4312934875, 56.6794013977, 195.053939819, -7.08704471588, 48.6987571716, 34.6185722351], [-108.438796997, 237.059280396, 8.46079349518, 70.0522766113, 67.8215103149, -6.86431074142, 75.8244552612, 20.5291042328, 45.4610481262, -7.08704471588, 137.859695435, 12.4377412796, 18.0359535217], [114.299728394, -127.372581482, -28.8256244659, -29.2198619843, -9.432056427, 33.5458030701, 9.81346225739, 11.5736026764, -18.1790237427, 48.6987571716, 12.4377412796, 121.623054504, 29.7100276947], [-22.9395809174, 56.1212921143, 31.4708309174, 97.8476028442, 18.0222454071, 16.7516422272, 40.7556800842, 3.24138712883, 49.1961669922, 34.6185722351, 18.0359535217, 29.7100276947, 113.669067383]],
        "icov": [[0.000622120103799, -0.0001906278776, 0.000244184426265, -0.000205806252779, 0.000290192838293, -0.000414755864767, 0.000206986209378, -0.000380944897188, 0.000397622847231, -0.00109249353409, 0.000466394703835, -0.00027777638752, 0.000440218078438], [-0.0001906278776, 0.00285167992115, -0.00134678964969, 0.00186011602636, -0.00236915727146, 0.00263640307821, -0.0030655420851, 0.00261252187192, -0.00164115801454, 0.0024697817862, -0.00258822576143, 0.00184562883805, -0.00177662121132], [0.000244184426265, -0.00134678964969, 0.00180071487557, -0.00215051090345, 0.00110660027713, -0.00156633567531, 0.00191167078447, -0.00161103147548, 0.00177841703407, -0.00126199424267, 0.00133669516072, -0.000848944415338, 0.00110719609074], [-0.000205806252779, 0.00186011602636, -0.00215051090345, 0.00548696285114, -0.00181482417975, 0.00215777056292, -0.00316637917422, 0.00254274555482, -0.00365722784773, 0.00108388892841, -0.00219460995868, 0.00221219914965, -0.00303246779367], [0.000290192838293, -0.00236915727146, 0.00110660027713, -0.00181482417975, 0.00509867444634, -0.00313129345886, 0.00209028669633, -0.00188874814194, -1.90776404452e-06, -0.000920333550312, 0.00149067235179, -0.00192781270016, 0.00199005473405], [-0.000414755864767, 0.00263640307821, -0.00156633567531, 0.00215777056292, -0.00313129345886, 0.00648156553507, -0.00385301047936, 0.00154514727183, -0.000846257142257, 0.00108804204501, -0.00164486363064, 0.00153460458387, -0.00203566416167], [0.000206986209378, -0.0030655420851, 0.00191167078447, -0.00316637917422, 0.00209028669633, -0.00385301047936, 0.00758707430214, -0.00351642933674, 0.00199296115898, -0.00157795415726, 0.00134635169525, -0.00230946857482, 0.00137607846409], [-0.000380944897188, 0.00261252187192, -0.00161103147548, 0.00254274555482, -0.00188874814194, 0.00154514727183, -0.00351642933674, 0.00965563952923, -0.00332615990192, 0.00179769541137, -0.00329346605577, 0.00148581841495, -0.00102602760307], [0.000397622847231, -0.00164115801454, 0.00177841703407, -0.00365722784773, -1.90776404452e-06, -0.000846257142257, 0.00199296115898, -0.00332615990192, 0.0107006523758, -0.00464759068564, 0.000426211219747, 0.0014023395488, -0.000598345766775], [-0.00109249353409, 0.0024697817862, -0.00126199424267, 0.00108388892841, -0.000920333550312, 0.00108804204501, -0.00157795415726, 0.00179769541137, -0.00464759068564, 0.0115700317547, -0.00190946494695, -0.00139429012779, -0.00236824317835], [0.000466394703835, -0.00258822576143, 0.00133669516072, -0.00219460995868, 0.00149067235179, -0.00164486363064, 0.00134635169525, -0.00329346605577, 0.000426211219747, -0.00190946494695, 0.0118591189384, -0.00343944621272, 0.00192266236991], [-0.00027777638752, 0.00184562883805, -0.000848944415338, 0.00221219914965, -0.00192781270016, 0.00153460458387, -0.00230946857482, 0.00148581841495, 0.0014023395488, -0.00139429012779, -0.00343944621272, 0.0124788032845, -0.00466953450814], [0.000440218078438, -0.00177662121132, 0.00110719609074, -0.00303246779367, 0.00199005473405, -0.00203566416167, 0.00137607846409, -0.00102602760307, -0.000598345766775, -0.00236824317835, 0.00192266236991, -0.00466953450814, 0.0134833045304]]
    },
    "melbands": {
        "dmean": [0.00253096781671, 0.00209880713373, 0.00112549774349, 0.000330243405188, 0.000192050734768, 0.000171441482962, 0.000163464705111, 9.4779948995e-05, 0.000154194785864, 0.000119141273899, 8.33832309581e-05, 6.93196343491e-05, 5.27312877239e-05, 5.37686210009e-05, 7.30360043235e-05, 6.0577160184e-05, 6.13172378507e-05, 5.30633624294e-05, 5.0988746807e-05, 3.02793650917e-05, 3.2409447158e-05, 3.3882453863e-05, 3.66910535377e-05, 3.00355968648e-05, 2.2967275072e-05, 2.11523347389e-05, 9.17370289244e-06, 4.58968270323e-06, 4.43957469543e-06, 4.03126705351e-06, 2.48068272413e-06, 1.7776351342e-06, 1.69931593064e-06, 1.92490438167e-06, 1.89481158941e-06, 2.29437819144e-06, 2.30625300901e-06, 2.63727656602e-06, 2.12948930312e-06, 1.44136356539e-06],
        "dmean2": [0.00351741723716, 0.00333808292635, 0.00191717396956, 0.000585736124776, 0.000299047940644, 0.000279557774775, 0.000272248405963, 0.000158938681125, 0.000253880687524, 0.000189863698324, 0.000126586121041, 0.000111759552965, 8.31191064208e-05, 8.29035780043e-05, 0.000118173687952, 0.000100759782072, 9.72029156401e-05, 8.91474701348e-05, 8.41484361445e-05, 5.16331419931e-05, 5.42163907085e-05, 5.40863838978e-05, 5.90522504353e-05, 4.93667430419e-05, 3.66452659364e-05, 3.38066711265e-05, 1.51717349581e-05, 7.36356287234e-06, 6.89991202307e-06, 6.07125775787e-06, 3.92101719626e-06, 2.865181159e-06, 2.57677902482e-06, 2.98259624287e-06, 2.95500058201e-06, 3.62992454939e-06, 3.49975516656e-06, 3.95424285671e-06, 3.06120136884e-06, 2.05282071875e-06],
        "dvar": [2.69607699011e-05, 3.14191274811e-05, 1.18310927064e-05, 8.38428263705e-07, 1.19775478424e-07, 9.29552328444e-08, 1.62281722282e-07, 4.6325606462e-08, 1.03217040248e-07, 6.12109261056e-08, 5.31347659205e-08, 2.15043769458e-08, 1.31116406621e-08, 9.3070751106e-09, 1.91913223091e-08, 1.63275881704e-08, 1.39477220884e-08, 1.21625021166e-08, 1.50487284856e-08, 5.59712898252e-09, 4.48409842591e-09, 2.98461166892e-09, 3.94432220219e-09, 2.43353492912e-09, 1.57198010164e-09, 1.38573719166e-09, 2.84966605868e-10, 1.13103082455e-10, 6.66114871595e-11, 5.25705173837e-11, 1.94592311015e-11, 8.99276313138e-12, 8.03700769131e-12, 2.58468038639e-11, 1.72590761127e-11, 2.77352134315e-11, 2.75978614961e-11, 4.29728232165e-11, 3.16742708451e-11, 1.35324321193e-11],
        "dvar2": [4.80166963825e-05, 8.03028815426e-05, 3.07518275804e-05, 2.4227092581e-06, 2.65928889576e-07, 2.25683820076e-07, 3.96848662376e-07, 1.22226452959e-07, 2.49455467838e-07, 1.36092097591e-07, 1.22045818784e-07, 5.23943839426e-08, 2.92044717298e-08, 1.98290699416e-08, 4.43352128343e-08, 4.27303525896e-08, 3.44407879993e-08, 3.00743820958e-08, 3.85392446844e-08, 1.48910155318e-08, 1.18163780982e-08, 6.71490152371e-09, 9.39013133916e-09, 6.17789508439e-09, 3.99596222778e-09, 3.52593243491e-09, 7.6051781539e-10, 2.89061496961e-10, 1.69257857729e-10, 1.29807803395e-10, 5.04146238645e-11, 2.11607207451e-11, 1.82925740527e-11, 5.73620005662e-11, 4.01318422938e-11, 6.88889362221e-11, 5.44810307979e-11, 8.6742966976e-11, 6.13073480871e-11, 2.55944345579e-11],
        "max": [0.0380217470229, 0.0407193414867, 0.0250626262277, 0.00820493511856, 0.00347797200084, 0.00254871463403, 0.00588585529476, 0.00267545459792, 0.00363965029828, 0.0026547848247, 0.00287670153193, 0.00160651956685, 0.00137379392982, 0.00127324112691, 0.00131451804191, 0.00107497139834, 0.00134962250013, 0.00157904822845, 0.00108549383003, 0.000977150863037, 0.000832204357721, 0.000469882885227, 0.000610593415331, 0.000506919051986, 0.000521884707268, 0.000480220507598, 0.000203889911063, 0.000237804662902, 0.000112432404421, 9.90699627437e-05, 4.37932540081e-05, 2.8846643545e-05, 3.61120473826e-05, 0.000115930888569, 6.06206849625e-05, 8.36005201563e-05, 7.96271051513e-05, 7.82450078987e-05, 8.16479223431e-05, 5.00297683175e-05],
        "mean": [0.00366076990031, 0.00260929437354, 0.000995306880213, 0.000371816800907, 0.000226541495067, 0.000193803425645, 0.000168977028807, 9.38520461204e-05, 0.000170454164618, 0.000129090825794, 0.000102706420876, 9.18310906854e-05, 6.35566539131e-05, 7.40074392525e-05, 8.65687834448e-05, 7.57613306632e-05, 7.24781057215e-05, 6.25134562142e-05, 5.94195917074e-05, 3.90104869439e-05, 4.38938150182e-05, 5.14813873451e-05, 5.02762013639e-05, 4.42280106654e-05, 3.50536029146e-05, 2.95406007353e-05, 1.43599227158e-05, 8.00718134997e-06, 7.34552531867e-06, 7.08719471731e-06, 5.01723752677e-06, 3.77015408048e-06, 3.3019134662e-06, 3.43513693224e-06, 3.25901169163e-06, 3.40815381605e-06, 3.7556242205e-06, 3.99355531044e-06, 3.26530744132e-06, 2.13023326978e-06],
        "median": [0.00130214367528, 0.0005682213814, 0.000212981496588, 0.000209963603993, 7.29779858375e-05, 6.45501277177e-05, 5.06151445734e-05, 3.01906275126e-05, 4.13832458435e-05, 3.74323499273e-05, 2.97514816339e-05, 2.96638936561e-05, 1.69185823324e-05, 2.30867044593e-05, 1.91911203729e-05, 1.69427639776e-05, 1.51814156197e-05, 1.16684987006e-05, 9.31517934077e-06, 8.99300812307e-06, 1.46582469824e-05, 1.9608236471e-05, 2.06811600947e-05, 2.11544738704e-05, 1.89489619515e-05, 1.32632858367e-05, 4.45959267381e-06, 2.183409606e-06, 2.29136571761e-06, 1.53954897542e-06, 1.04065190953e-06, 9.87655198514e-07, 9.08434913072e-07, 1.07382948045e-06, 9.59026806413e-07, 7.97675909325e-07, 7.82380425335e-07, 4.97457222082e-07, 3.38366731967e-07, 2.14209038063e-07],
        "min": [7.91053196281e-08, 5.77787091061e-07, 3.6379373114e-07, 1.28837100988e-07, 1.17550349898e-07, 2.9315023653e-07, 3.73113152818e-07, 1.88734034623e-07, 1.14650923422e-07, 9.87732988733e-08, 5.22206349274e-08, 6.81867007302e-08, 3.74050657115e-08, 3.68840780141e-08, 1.03769608018e-07, 1.64944282233e-07, 1.76502226168e-07, 1.14103521298e-07, 6.99658926351e-08, 9.15219899866e-08, 1.1383345111e-07, 1.82613149491e-07, 3.11195265112e-07, 2.32123909427e-07, 1.52526837383e-07, 5.29325738796e-08, 4.21051566946e-08, 2.10357438135e-08, 8.51791881473e-09, 8.96274343631e-09, 6.51254694617e-09, 3.34257110879e-09, 5.07606090494e-09, 1.70539360411e-09, 9.23252974072e-10, 2.19599383122e-09, 2.21975371417e-09, 5.81518833087e-10, 1.2142935546e-09, 3.73878705773e-12],
