{
"highlevel": {
    "danceability": {
        "all": {
            "danceable": 0.980549156666,
            "not_danceable": 0.0194508507848
        },
        "probability": 0.980549156666,
        "value": "danceable"
    },
    "gender": {
        "all": {
            "female": 0.00714016286656,
            "male": 0.992859840393
        },
        "probability": 0.992859840393,
        "value": "male"
    },
    "genre_dortmund": {
        "all": {
            "alternative": 0.0912987291813,
            "blues": 0.024974713102,
            "electronic": 0.00421186164021,
            "folkcountry": 0.0494935959578,
            "funksoulrnb": 0.00615170970559,
            "jazz": 0.00455473270267,
            "pop": 0.0297910068184,
            "raphiphop": 0.0128612164408,
            "rock": 0.776662409306
        },
        "probability": 0.776662409306,
        "value": "rock"
    },
    "genre_electronic": {
        "all": {
            "ambient": 0.369428366423,
            "dnb": 0.441034168005,
            "house": 0.0257623977959,
            "techno": 0.0060552158393,
            "trance": 0.15771985054
        },
        "probability": 0.441034168005,
        "value": "dnb"
    },
    "genre_rosamerica": {
        "all": {
            "cla": 0.00408172467723,
            "dan": 0.0351179428399,
            "hip": 0.114248134196,
            "jaz": 0.00487305829301,
            "pop": 0.221805989742,
            "rhy": 0.0350930839777,
            "roc": 0.58131736517,
            "spe": 0.00346267339773
        },
        "probability": 0.58131736517,
        "value": "roc"
    },
    "genre_tzanetakis": {
        "all": {
            "blu": 0.0610634572804,
            "cla": 0.0338886082172,
            "cou": 0.0609872415662,
            "dis": 0.0508242882788,
            "hip": 0.152499303222,
            "jaz": 0.305208653212,
            "met": 0.0610179640353,
            "pop": 0.0610033459961,
            "reg": 0.0609996654093,
            "roc": 0.152507469058
        },
        "probability": 0.305208653212,
        "value": "jaz"
    },
    "ismir04_rhythm": {
        "all": {
            "ChaChaCha": 0.0256710909307,
            "Jive": 0.664593994617,
            "Quickstep": 0.0300831235945,
            "Rumba-American": 0.00472040800378,
            "Rumba-International": 0.0102470433339,
            "Rumba-Misc": 0.00171957467683,
            "Samba": 0.181150645018,
            "Tango": 0.00360450102016,
            "VienneseWaltz": 0.076699487865,
            "Waltz": 0.00151012197603
        },
        "probability": 0.664593994617,
        "value": "Jive"
    },
    "mood_acoustic": {
        "all": {
            "acoustic": 0.0391346104443,
            "not_acoustic": 0.96086537838
        },
        "probability": 0.96086537838,
        "value": "not_acoustic"
    },
    "mood_aggressive": {
        "all": {
            "aggressive": 0.726602494717,
            "not_aggressive": 0.273397535086
        },
        "probability": 0.726602494717,
        "value": "aggressive"
    },
    "mood_electronic": {
        "all": {
            "electronic": 0.239430651069,
            "not_electronic": 0.76056933403
        },
        "probability": 0.76056933403,
        "value": "not_electronic"
    },
    "mood_happy": {
        "all": {
            "happy": 0.56124484539,
            "not_happy": 0.43875515461
        },
        "probability": 0.56124484539,
        "value": "happy"
    },
    "mood_party": {
        "all": {
            "not_party": 0.538102984428,
            "party": 0.461897015572
        },
        "probability": 0.538102984428,
        "value": "not_party"
    },
    "mood_relaxed": {
        "all": {
            "not_relaxed": 0.933166801929,
            "relaxed": 0.0668332129717
        },
        "probability": 0.933166801929,
        "value": "not_relaxed"
    },
    "mood_sad": {
        "all": {
            "not_sad": 0.819276690483,
            "sad": 0.180723339319
        },
        "probability": 0.819276690483,
        "value": "not_sad"
    },
    "moods_mirex": {
        "all": {
            "Cluster1": 0.309892147779,
            "Cluster2": 0.146507695317,
            "Cluster3": 0.121345087886,
            "Cluster4": 0.152222543955,
            "Cluster5": 0.270032525063
        },
        "probability": 0.309892147779,
        "value": "Cluster1"
    },
    "timbre": {
        "all": {
            "bright": 0.647442936897,
            "dark": 0.352557063103
        },
        "probability": 0.647442936897,
        "value": "bright"
    },
    "tonal_atonal": {
        "all": {
            "atonal": 0.0155802061781,
            "tonal": 0.984419822693
        },
        "probability": 0.984419822693,
        "value": "tonal"
    },
    "voice_instrumental": {
        "all": {
            "instrumental": 0.000145087236888,
            "voice": 0.999854922295
        },
        "probability": 0.999854922295,
        "value": "voice"
    }
},
"lowlevel": {
    "average_loudness": 0.961919784546,
    "barkbands_crest": {
        "dmean": 2.76504850388,
        "dmean2": 4.49905347824,
        "dvar": 6.6113152504,
        "dvar2": 16.4051380157,
        "max": 22.7378234863,
        "mean": 8.47382736206,
        "median": 7.65830039978,
        "min": 2.94438028336,
        "var": 11.521323204
    },
    "barkbands_flatness_db": {
        "dmean": 0.0190628711134,
        "dmean2": 0.0301330089569,
        "dvar": 0.000310195115162,
        "dvar2": 0.000703059311491,
        "max": 0.272136420012,
        "mean": 0.121716186404,
        "median": 0.116913832724,
        "min": 0.0561128929257,
        "var": 0.000934366660658
    },
    "barkbands_kurtosis": {
        "dmean": 1.74791002274,
        "dmean2": 2.86861824989,
        "dvar": 6.0205116272,
        "dvar2": 14.2470273972,
        "max": 28.7742366791,
        "mean": 1.26654410362,
        "median": 0.493580341339,
        "min": -1.80559623241,
        "var": 8.08324241638
    },
    "barkbands_skewness": {
        "dmean": 0.510809838772,
        "dmean2": 0.804211676121,
        "dvar": 0.244668111205,
        "dvar2": 0.53930991888,
        "max": 4.34134674072,
        "mean": 1.20965051651,
        "median": 1.13579905033,
        "min": -0.696092247963,
        "var": 0.537059545517
    },
    "barkbands_spread": {
        "dmean": 8.33284187317,
        "dmean2": 12.7283601761,
        "dvar": 76.2797164917,
        "dvar2": 149.411972046,
        "max": 95.070930481,
        "mean": 33.646320343,
        "median": 29.8480052948,
        "min": 5.28366231918,
        "var": 254.170516968
    },
    "dissonance": {
        "dmean": 0.0151316327974,
        "dmean2": 0.0253973472863,
        "dvar": 0.000259853055468,
        "dvar2": 0.000754975131713,
        "max": 0.499999970198,
        "mean": 0.474211007357,
        "median": 0.48142978549,
        "min": 0.35981246829,
        "var": 0.000542681722436
    },
    "dynamic_complexity": 2.06054115295,
    "erbbands_crest": {
        "dmean": 2.30965876579,
        "dmean2": 3.71302723885,
        "dvar": 4.58715200424,
        "dvar2": 11.1999483109,
        "max": 24.873260498,
        "mean": 7.79383182526,
        "median": 6.98218631744,
        "min": 2.23268032074,
        "var": 11.481962204
    },
    "erbbands_flatness_db": {
        "dmean": 0.0187149047852,
        "dmean2": 0.0261570047587,
        "dvar": 0.000303435983369,
        "dvar2": 0.000532112375367,
        "max": 0.257509052753,
        "mean": 0.131964355707,
        "median": 0.13024559617,
        "min": 0.0601244829595,
        "var": 0.00133550935425
    },
    "erbbands_kurtosis": {
        "dmean": 0.794250667095,
        "dmean2": 1.21101939678,
        "dvar": 1.12641131878,
        "dvar2": 2.91179919243,
        "max": 13.9894065857,
        "mean": 0.237609297037,
        "median": -0.25404381752,
        "min": -1.71826052666,
        "var": 2.66904711723
    },
    "erbbands_skewness": {
        "dmean": 0.34188041091,
        "dmean2": 0.527755618095,
        "dvar": 0.0892495587468,
        "dvar2": 0.206510350108,
        "max": 3.01481556892,
        "mean": 0.0092041566968,
        "median": -0.078466117382,
        "min": -2.01155257225,
        "var": 0.573083281517
    },
    "erbbands_spread": {
        "dmean": 10.1732854843,
        "dmean2": 13.7035617828,
        "dvar": 90.7879714966,
        "dvar2": 165.574707031,
        "max": 139.624404907,
        "mean": 45.4748191833,
        "median": 42.5469093323,
        "min": 9.54388427734,
        "var": 419.412109375
    },
    "hfc": {
        "dmean": 13.2112188339,
        "dmean2": 17.5302963257,
        "dvar": 373.629974365,
        "dvar2": 711.918334961,
        "max": 233.406692505,
        "mean": 31.4361038208,
        "median": 24.0620937347,
        "min": 2.99623632431,
        "var": 770.413391113
    },
    "melbands_crest": {
        "dmean": 3.4458026886,
        "dmean2": 5.64543628693,
        "dvar": 8.11318874359,
        "dvar2": 19.8135795593,
        "max": 29.0059719086,
        "mean": 12.5962820053,
        "median": 11.8713340759,
        "min": 4.36347103119,
        "var": 18.4481201172
    },
    "melbands_flatness_db": {
        "dmean": 0.0258298907429,
        "dmean2": 0.0395010076463,
        "dvar": 0.000549438002054,
        "dvar2": 0.00120571826119,
        "max": 0.354114919901,
        "mean": 0.16539503634,
        "median": 0.16108430922,
        "min": 0.0725404024124,
        "var": 0.00186236994341
    },
    "melbands_kurtosis": {
        "dmean": 5.76459789276,
        "dmean2": 9.1306438446,
        "dvar": 61.1661529541,
        "dvar2": 137.395965576,
        "max": 72.477180481,
        "mean": 9.72799873352,
        "median": 7.6207075119,
        "min": -1.46100306511,
        "var": 98.152671814
    },
    "melbands_skewness": {
        "dmean": 0.764354050159,
        "dmean2": 1.16737639904,
        "dvar": 0.560621798038,
        "dvar2": 1.17851138115,
        "max": 7.72300672531,
        "mean": 2.57364058495,
        "median": 2.4880464077,
        "min": 0.0406417697668,
        "var": 1.6289037466
    },
    "melbands_spread": {
        "dmean": 9.19299697876,
        "dmean2": 14.7675962448,
        "dvar": 100.825660706,
        "dvar2": 231.078277588,
        "max": 142.538269043,
        "mean": 29.2980041504,
        "median": 27.1595611572,
        "min": 3.47594237328,
        "var": 199.479400635
    },
    "pitch_salience": {
        "dmean": 0.0788696706295,
        "dmean2": 0.126953333616,
        "dvar": 0.00427161669359,
        "dvar2": 0.0104449354112,
        "max": 0.837984323502,
        "mean": 0.578845858574,
        "median": 0.586044371128,
        "min": 0.239153116941,
        "var": 0.00947455130517
    },
    "silence_rate_20dB": {
        "dmean": 0,
        "dmean2": 0,
        "dvar": 0,
        "dvar2": 0,
        "max": 1,
        "mean": 1,
        "median": 1,
        "min": 1,
        "var": 0
    },
    "silence_rate_30dB": {
        "dmean": 0.0030959751457,
        "dmean2": 0.00619674660265,
        "dvar": 0.0030863515567,
        "dvar2": 0.0092565221712,
        "max": 1,
        "mean": 0.998453199863,
        "median": 1,
        "min": 0,
        "var": 0.00154439115431
    },
    "silence_rate_60dB": {
        "dmean": 0,
        "dmean2": 0,
        "dvar": 0,
        "dvar2": 0,
        "max": 0,
        "mean": 0,
        "median": 0,
        "min": 0,
        "var": 0
    },
    "spectral_centroid": {
        "dmean": 263.355621338,
        "dmean2": 413.799285889,
        "dvar": 53850.9609375,
        "dvar2": 129854.9375,
        "max": 3582.61865234,
        "mean": 1600.38903809,
        "median": 1554.43481445,
        "min": 304.269744873,
        "var": 210770.1875
    },
    "spectral_complexity": {
        "dmean": 4.83978319168,
        "dmean2": 6.76374912262,
        "dvar": 20.0757369995,
        "dvar2": 37.6659164429,
        "max": 54,
        "mean": 24.8785762787,
        "median": 24,
        "min": 6,
        "var": 71.7370071411
    },
    "spectral_decrease": {
        "dmean": 3.27170313064e-09,
        "dmean2": 4.98995333942e-09,
        "dvar": 1.47626377983e-17,
        "dvar2": 3.17647281388e-17,
        "max": -6.52403631118e-10,
        "mean": -7.54620010923e-09,
        "median": -6.20341555901e-09,
        "min": -3.11127728025e-08,
        "var": 2.54475448376e-17
    },
    "spectral_energy": {
        "dmean": 0.013121069409,
        "dmean2": 0.0197691805661,
        "dvar": 0.000230549456319,
        "dvar2": 0.000481203082018,
        "max": 0.12551163137,
        "mean": 0.0313324443996,
        "median": 0.0259224921465,
        "min": 0.00286200200208,
        "var": 0.000420746568125
    },
    "spectral_energyband_high": {
        "dmean": 0.00108875252772,
        "dmean2": 0.00145171396434,
        "dvar": 3.90424565921e-06,
        "dvar2": 7.52886853661e-06,
        "max": 0.0272951461375,
        "mean": 0.00177395681385,
        "median": 0.000743091455661,
        "min": 6.39631325612e-05,
        "var": 6.98999019733e-06
    },
    "spectral_energyband_low": {
        "dmean": 0.00665729120374,
        "dmean2": 0.0107275964692,
        "dvar": 0.000113088994112,
        "dvar2": 0.000251407764154,
        "max": 0.0880883932114,
        "mean": 0.0107938330621,
        "median": 0.00707011763006,
        "min": 0.000291774136713,
        "var": 0.000145964659168
    },
    "spectral_energyband_middle_high": {
        "dmean": 0.0020541860722,
        "dmean2": 0.00285424152389,
        "dvar": 6.31981720289e-06,
        "dvar2": 1.17074687296e-05,
        "max": 0.0353499613702,
        "mean": 0.0063908896409,
        "median": 0.00435813888907,
        "min": 0.000190797421965,
        "var": 2.83093631879e-05
    },
    "spectral_energyband_middle_low": {
        "dmean": 0.00734918937087,
        "dmean2": 0.0113784782588,
        "dvar": 0.00010499900236,
        "dvar2": 0.000240452267462,
        "max": 0.0772690549493,
        "mean": 0.0135839805007,
        "median": 0.00957890320569,
        "min": 0.000421095784986,
        "var": 0.000160297466209
    },
    "spectral_entropy": {
        "dmean": 0.127884432673,
        "dmean2": 0.179559051991,
        "dvar": 0.0137293180451,
        "dvar2": 0.027268987149,
        "max": 8.60619926453,
        "mean": 7.85217952728,
        "median": 7.84488582611,
        "min": 6.92792224884,
        "var": 0.0633640289307
    },
    "spectral_flux": {
        "dmean": 0.0316487140954,
        "dmean2": 0.0481706447899,
        "dvar": 0.00095887936186,
        "dvar2": 0.0019858321175,
        "max": 0.264180541039,
        "mean": 0.106341168284,
        "median": 0.0971607342362,
        "min": 0.027844550088,
        "var": 0.002165539423
    },
    "spectral_kurtosis": {
        "dmean": 1.09608948231,
        "dmean2": 1.75192511082,
        "dvar": 1.0716098547,
        "dvar2": 3.01561594009,
        "max": 9.70934391022,
        "mean": 3.12151622772,
        "median": 3.03792285919,
        "min": -0.500435829163,
        "var": 2.7081964016
    },
    "spectral_rms": {
        "dmean": 0.00110240129288,
        "dmean2": 0.00160156597849,
        "dvar": 1.2260315998e-06,
        "dvar2": 2.38521670326e-06,
        "max": 0.0110657289624,
        "mean": 0.00525360554457,
        "median": 0.00502893980592,
        "min": 0.00167098687962,
        "var": 2.96781036013e-06
    },
    "spectral_rolloff": {
        "dmean": 894.512268066,
        "dmean2": 1476.8840332,
        "dvar": 1799201.875,
        "dvar2": 3673871.75,
        "max": 12209.3261719,
        "mean": 2129.87133789,
        "median": 1593.45703125,
        "min": 86.1328125,
        "var": 3324353.75
    },
    "spectral_skewness": {
        "dmean": 0.184277534485,
        "dmean2": 0.288292914629,
        "dvar": 0.0268504284322,
        "dvar2": 0.0673285350204,
        "max": 2.40223312378,
        "mean": 1.3322467804,
        "median": 1.33806312084,
        "min": 0.374457716942,
        "var": 0.112362831831
    },
    "spectral_spread": {
        "dmean": 747119.6875,
        "dmean2": 965962.9375,
        "dvar": 657131896832,
        "dvar2": 1.07924973158e+12,
        "max": 12959539,
        "mean": 5145022.5,
        "median": 4796697.5,
        "min": 1847777.875,
        "var": 3.19189863629e+12
    },
    "spectral_strongpeak": {
        "dmean": 0.539286196232,
        "dmean2": 0.919739842415,
        "dvar": 0.599723279476,
        "dvar2": 1.51805794239,
        "max": 6.07705926895,
        "mean": 0.779766976833,
        "median": 0.365206986666,
        "min": 0,
        "var": 0.890491008759
    },
    "zerocrossingrate": {
        "dmean": 0.0153918191791,
        "dmean2": 0.0171567890793,
        "dvar": 0.000270423915936,
        "dvar2": 0.000309371826006,
        "max": 0.267578125,
        "mean": 0.0820497572422,
        "median": 0.0712890625,
        "min": 0.01171875,
        "var": 0.00157933891751
    },
    "barkbands": {
        "dmean": [0.000105478757177, 0.00496313767508, 0.00258682365529, 0.00164585572202, 0.00281997094862, 0.00174672727007, 0.00132918730378, 0.00137483514845, 0.00137362978421, 0.000766383600421, 0.000456193374703, 0.000589096394833, 0.000391759880586, 0.000282213703031, 0.000228441305808, 0.000315012817737, 0.000444977136794, 0.00020816133474, 0.000158187685884, 0.000115380498755, 0.000139212264912, 0.000186754550668, 0.000170090250322, 0.00026164483279, 0.000240612280322, 0.000169800550793, 3.03512259769e-09],
        "dmean2": [0.000162014723173, 0.00796361081302, 0.00460408162326, 0.00280039361678, 0.00433891592547, 0.00296303280629, 0.00216375966556, 0.00228173239157, 0.00215755961835, 0.00120538123883, 0.000738424481824, 0.000941136095207, 0.000599332386628, 0.000424802390626, 0.000355707335984, 0.000506654381752, 0.000708638050128, 0.000328375492245, 0.000252814439591, 0.000176377405296, 0.000208874465898, 0.000265730370302, 0.000236460473388, 0.0003658903006, 0.000352355564246, 0.000262130371993, 4.0967873538e-09],
        "dvar": [5.04503283594e-08, 7.47920639697e-05, 2.27388118219e-05, 5.67422875974e-06, 2.07778030017e-05, 1.46902712004e-05, 5.45326975043e-06, 1.01327232187e-05, 6.57600730847e-06, 3.38590211868e-06, 1.0443308156e-06, 1.22933283819e-06, 7.1795562917e-07, 2.98631618989e-07, 2.54528572441e-07, 2.05162479006e-07, 2.59431914174e-07, 9.46941298707e-08, 3.79973776887e-08, 2.38840147659e-08, 4.97059424731e-08, 8.75101378028e-08, 1.20784548585e-07, 3.01249286849e-07, 2.38642655859e-07, 1.32129258645e-07, 3.29583929084e-15],
        "dvar2": [1.03914729266e-07, 0.000174614251591, 6.58264762023e-05, 1.38713467095e-05, 4.34197027062e-05, 3.88232947444e-05, 1.29704321807e-05, 2.58083528024e-05, 1.66201280081e-05, 8.09382072475e-06, 2.45331875703e-06, 2.96427583635e-06, 1.71841224983e-06, 7.05279035174e-07, 5.71905673041e-07, 4.90397042086e-07, 5.94995356096e-07, 2.10575251458e-07, 9.15406630497e-08, 5.06096462516e-08, 1.04507144272e-07, 1.68010089396e-07, 2.22497320124e-07, 6.22836239472e-07, 5.30420777523e-07, 3.0299756304e-07, 3.29881830572e-15],
        "max": [0.00180465902667, 0.066380828619, 0.0488389134407, 0.035818759352, 0.0383642911911, 0.0323784053326, 0.0252895541489, 0.0318535864353, 0.0289548635483, 0.0248468704522, 0.0145793221891, 0.0156541094184, 0.0130416220054, 0.00795722007751, 0.00725474441424, 0.00609445665032, 0.00698450440541, 0.00385964801535, 0.00214232178405, 0.00197023479268, 0.00174898619298, 0.0042815557681, 0.00751658901572, 0.00818812567741, 0.00515154050663, 0.00358118419535, 2.04767320611e-06],
        "mean": [0.000127912033349, 0.00635187746957, 0.0033460680861, 0.00205133901909, 0.00372021715157, 0.00201008631848, 0.00184380542487, 0.00163556309417, 0.00188372121193, 0.00102536706254, 0.000684713944793, 0.000997068476863, 0.000631860806607, 0.000425745878601, 0.000349900859874, 0.000600412313361, 0.000953248352744, 0.000435931317043, 0.000358033837983, 0.000224911695113, 0.000236346866586, 0.000319867249345, 0.000251381425187, 0.000358760822564, 0.000309154158458, 0.000199136266019, 2.79282796889e-09],
        "median": [2.59471344179e-05, 0.00343648577109, 0.00199479865842, 0.00122977443971, 0.00173324509524, 0.000862223329023, 0.000820614455733, 0.000344631698681, 0.000418057898059, 0.000155238041771, 0.000213609440834, 0.000444331235485, 0.000196970242541, 0.000151129090227, 0.000145778234582, 0.000418476236518, 0.000750079692807, 0.000304024084471, 0.000280941545498, 0.000153493092512, 0.000117614916235, 0.000165567515069, 9.8290402093e-05, 0.000105106839328, 8.56893093442e-05, 2.99176990666e-05, 3.94012905636e-10],
        "min": [2.19460233097e-07, 4.64159820694e-05, 2.8212529287e-05, 5.98321867074e-06, 4.90321690449e-05, 1.15462171379e-05, 2.78631478068e-06, 1.47405717144e-06, 1.10862793008e-05, 4.01462739319e-06, 3.83829910788e-06, 1.34768879434e-05, 4.08344931202e-06, 1.63721597346e-06, 6.09124242601e-07, 2.78120069197e-06, 8.30755925563e-06, 7.67068195273e-06, 9.50013964029e-06, 1.39901135299e-06, 1.13458008855e-06, 4.91802256875e-06, 1.28411386413e-06, 1.2220485246e-07, 6.60710486322e-10, 2.01346040535e-11, 1.64360174776e-11],
        "var": [7.5801864341e-08, 8.24726521387e-05, 2.01630973606e-05, 7.41110079616e-06, 2.94168166874e-05, 1.2517295545e-05, 9.23075458559e-06, 1.37539518619e-05, 1.04559840111e-05, 5.47896661374e-06, 1.91565345631e-06, 2.72516967925e-06, 1.28717783809e-06, 5.64138190384e-07, 4.28720852597e-07, 4.57907731288e-07, 5.82588256748e-07, 1.93794889469e-07, 7.14914847322e-08, 4.63913956139e-08, 8.72255512263e-08, 1.73906570922e-07, 2.10472549611e-07, 4.46587307579e-07, 3.30004269244e-07, 1.96668494823e-07, 3.2970939584e-15]
    },
    "erbbands": {
        "dmean": [0.135980173945, 1.20033442974, 2.7665951252, 4.09476327896, 11.0221920013, 6.86104011536, 8.33733177185, 16.7092437744, 18.5346126556, 19.483045578, 34.9773864746, 25.8990840912, 30.3879013062, 11.6401510239, 19.4139728546, 23.5110836029, 17.3330421448, 14.2623949051, 11.6687049866, 11.7300519943, 18.5756454468, 24.6685771942, 12.1584749222, 8.18321895599, 8.11410522461, 4.99156713486, 5.67442464828, 5.76672840118, 6.70984315872, 5.7323513031, 4.87667942047, 5.43961668015, 4.35443019867, 2.68625473976, 1.79427719116, 0.922121703625, 0.303149074316, 0.0264145378023, 0.000477967056213, 3.65226987924e-05],
        "dmean2": [0.212869346142, 1.97413492203, 4.87190723419, 6.82690620422, 17.464756012, 10.9961957932, 14.5701189041, 28.1559104919, 29.6887702942, 31.3400306702, 59.0464820862, 41.056098938, 46.4267807007, 17.7516765594, 31.1477622986, 36.5997161865, 26.2384967804, 21.1603507996, 17.852312088, 17.8840446472, 30.1243495941, 38.2734107971, 18.7033100128, 12.9414272308, 12.9665203094, 7.54744386673, 8.57470607758, 8.41496658325, 9.54880809784, 8.15853500366, 6.88063335419, 7.86779117584, 6.19115066528, 4.02292776108, 2.67657518387, 1.4214553833, 0.475691735744, 0.042475733906, 0.000757339643314, 5.30317047378e-05],
        "dvar": [0.064489133656, 4.39567613602, 26.3628177643, 39.1045265198, 377.709533691, 91.7900695801, 313.767272949, 1312.20959473, 1039.32751465, 2019.06323242, 7995.19970703, 2381.31298828, 4568.69677734, 488.683532715, 1854.53137207, 2101.63085938, 1381.71655273, 766.487304688, 653.428039551, 556.684875488, 723.080810547, 819.520019531, 334.571136475, 85.311340332, 101.536148071, 49.7787437439, 74.5442276001, 90.4105453491, 118.920753479, 100.23097229, 100.021247864, 141.493865967, 80.4243392944, 30.3217544556, 13.0455284119, 3.669059515, 0.461722493172, 0.00411702506244, 1.24033886095e-06, 3.44786799111e-09],
        "dvar2": [0.149704232812, 10.8080883026, 74.4574737549, 93.6179580688, 843.265197754, 203.310943604, 845.606994629, 3454.69238281, 2443.79858398, 4763.63378906, 21097.5527344, 5863.49365234, 10555.9667969, 1097.94787598, 4673.62988281, 4602.92041016, 3263.71582031, 1782.65429688, 1479.34973145, 1225.61547852, 1680.54956055, 1888.54748535, 760.420837402, 202.303939819, 257.264190674, 105.724388123, 153.965042114, 190.558685303, 231.468994141, 196.575119019, 183.560516357, 292.600708008, 167.852203369, 68.7910919189, 28.6252174377, 8.7757692337, 1.05589902401, 0.00951157417148, 2.80050267065e-06, 7.12520620283e-09],
        "max": [1.78029561043, 15.5503931046, 45.7157897949, 130.301895142, 165.565322876, 69.8884506226, 121.778091431, 327.658935547, 402.680633545, 676.040588379, 1117.18347168, 524.158081055, 899.178955078, 310.603942871, 585.233825684, 737.639526367, 567.387145996, 456.310455322, 288.61315918, 445.574676514, 406.441375732, 381.240112305, 225.404953003, 128.46383667, 105.179908752, 115.296546936, 79.6615524292, 92.7439727783, 177.769790649, 175.253707886, 195.291320801, 202.535369873, 129.821075439, 57.43359375, 34.022644043, 18.8913078308, 6.65987300873, 0.890236675739, 0.0147983534262, 0.000696607050486],
        "mean": [0.162703931332, 1.49675512314, 3.62836050987, 5.90176725388, 12.6772918701, 9.83365535736, 9.68714904785, 19.7113800049, 24.6863746643, 29.3207206726, 44.2451972961, 37.4098014832, 43.7299728394, 21.3553466797, 31.8254566193, 41.8626556396, 30.4726161957, 23.748588562, 18.5767993927, 21.6175327301, 40.0899581909, 54.0450668335, 26.884595871, 18.9432067871, 17.8633079529, 10.0515136719, 9.87833881378, 9.27527523041, 11.0776233673, 9.39224624634, 7.21633386612, 7.33117485046, 5.87106227875, 3.46803879738, 2.22170376778, 1.0686968565, 0.338710874319, 0.0272145438939, 0.000537539657671, 6.74679249641e-05],
        "median": [0.0651240795851, 0.850061535835, 2.33230471611, 4.14131641388, 5.56660556793, 5.18145990372, 3.54878163338, 8.58279323578, 12.076748848, 11.2913284302, 9.35174560547, 9.97161483765, 6.67004346848, 6.52673006058, 11.9709119797, 17.4333667755, 11.188495636, 8.20607852936, 7.72030639648, 11.5171833038, 30.8316574097, 42.7851676941, 18.0357570648, 15.5388317108, 13.7839851379, 6.97784328461, 5.17703437805, 4.58856678009, 5.82178258896, 4.02305698395, 2.75864887238, 2.42751550674, 1.59642481804, 1.04699647427, 0.548958539963, 0.182096630335, 0.0442417375743, 0.00293623446487, 8.81614250829e-05, 4.28674502473e-05],
        "min": [0.0015080497833, 0.0221925638616, 0.0792869031429, 0.111767865717, 0.207415431738, 0.0876720324159, 0.0914100557566, 0.0957210212946, 0.0603443905711, 0.0392268709838, 0.159116044641, 0.351852416992, 0.131113529205, 0.318300336599, 0.412469536066, 0.65551930666, 0.353895395994, 0.206709489226, 0.127509251237, 0.10348854959, 0.142926692963, 0.499365836382, 0.531484603882, 0.487050265074, 0.394510239363, 0.0945212692022, 0.0492575094104, 0.0778123661876, 0.192151546478, 0.0792233124375, 0.0280631035566, 0.00808620173484, 0.000468093028758, 5.51180746697e-05, 1.9314182282e-05, 8.53789606481e-06, 3.38753761753e-06, 1.174800218e-06, 2.23253937293e-06, 3.81250333703e-06],
        "var": [0.0727443024516, 4.40679788589, 21.5560302734, 58.0790863037, 434.504638672, 143.912979126, 294.658416748, 1147.91516113, 1471.96728516, 3954.54418945, 11389.7744141, 3690.65112305, 7891.27783203, 1303.07177734, 3334.70581055, 4985.40039062, 2559.17895508, 1621.06896973, 1016.40313721, 1213.08752441, 1608.23693848, 1879.91748047, 722.690612793, 177.802703857, 194.74079895, 90.4243927002, 136.182144165, 149.617553711, 215.265441895, 205.410110474, 170.983856201, 195.820602417, 120.92175293, 40.5218429565, 18.3675327301, 5.00973558426, 0.678866326809, 0.00523201888427, 1.68288795521e-06, 5.98003024876e-09]
    },
    "gfcc": {
        "mean": [40.823059082, 78.258895874, -112.574691772, 45.2590560913, -57.2123832703, 20.4964389801, -42.50938797, 19.0307559967, -24.329864502, 1.48468184471, -16.2746582031, 5.26579999924, -15.5852165222],
        "cov": [[2204.19799805, -1005.06298828, 628.772033691, -473.345428467, -305.23046875, 102.408813477, -283.511535645, 125.853630066, -199.694854736, 175.470443726, -246.961593628, 116.93421936, -193.057983398], [-1005.06298828, 1174.8762207, -659.183166504, 137.30480957, 198.09803772, -98.6728439331, 340.440887451, -91.5559387207, 203.647003174, -183.109909058, 177.252593994, -123.141494751, 133.640319824], [628.772033691, -659.183166504, 696.739135742, -137.93939209, -167.468170166, 32.9052619934, -192.243804932, 70.4743041992, -158.956878662, 133.144622803, -90.0152130127, 115.422325134, -112.914459229], [-473.345428467, 137.30480957, -137.93939209, 463.602416992, 149.257080078, -65.3104553223, -50.5763893127, -125.771286011, 97.2145690918, -17.3306827545, 79.9782409668, -48.2077407837, 138.082199097], [-305.23046875, 198.09803772, -167.468170166, 149.257080078, 265.831115723, 2.3541533947, 40.5669441223, -27.5712566376, 72.6638565063, -1.49411129951, 17.1337604523, -19.2280597687, 56.6409378052], [102.408813477, -98.6728439331, 32.9052619934, -65.3104553223, 2.3541533947, 166.408065796, 60.5452842712, 83.7712554932, -34.5336380005, -8.1086435318, -10.9146375656, 1.60975730419, -27.3655662537], [-283.511535645, 340.440887451, -192.243804932, -50.5763893127, 40.5669441223, 60.5452842712, 302.648986816, 39.895198822, 24.9544467926, -104.551872253, 49.1910858154, -20.8890247345, 2.31186294556], [125.853630066, -91.5559387207, 70.4743041992, -125.771286011, -27.5712566376, 83.7712554932, 39.895198822, 153.131973267, -10.6376571655, 15.2324991226, -25.6919803619, 12.643078804, -48.4563102722], [-199.694854736, 203.647003174, -158.956878662, 97.2145690918, 72.6638565063, -34.5336380005, 24.9544467926, -10.6376571655, 142.340576172, -3.97670269012, 41.1848907471, -44.8225669861, 33.8703842163], [175.470443726, -183.109909058, 133.144622803, -17.3306827545, -1.49411129951, -8.1086435318, -104.551872253, 15.2324991226, -3.97670269012, 116.24962616, -14.7716445923, 24.8222503662, -27.8341712952], [-246.961593628, 177.252593994, -90.0152130127, 79.9782409668, 17.1337604523, -10.9146375656, 49.1910858154, -25.6919803619, 41.1848907471, -14.7716445923, 99.0775604248, -5.41111469269, 36.958782196], [116.93421936, -123.141494751, 115.422325134, -48.2077407837, -19.2280597687, 1.60975730419, -20.8890247345, 12.643078804, -44.8225669861, 24.8222503662, -5.41111469269, 80.8512878418, -11.3385305405], [-193.057983398, 133.640319824, -112.914459229, 138.082199097, 56.6409378052, -27.3655662537, 2.31186294556, -48.4563102722, 33.8703842163, -27.8341712952, 36.958782196, -11.3385305405, 99.4997940063]],
        "icov": [[0.00107699155342, 0.000511442136485, -0.000149703031639, 0.000891877920367, 0.000508569355588, -0.000504479859956, 0.000116224851809, 0.000619575439487, -0.000663881306536, -0.000470931292512, 0.00126696552616, -0.00018221391656, -0.000531204685103], [0.000511442136485, 0.00463697407395, 0.000881605024915, 0.00255517126061, -0.00179159268737, 0.00281699723564, -0.00247323303483, 0.000758580456022, -0.00174169579986, 0.00188288511708, -0.00410744780675, 0.00317132519558, -0.00255296519026], [-0.000149703031639, 0.000881605024915, 0.00426083756611, -0.00126501149498, 0.0010966375703, 0.000526812684257, 0.000247792486334, -0.00113276951015, 0.00201142881997, -0.0017433342291, 0.000208412340726, -0.00276941806078, 0.00251407246105], [0.000891877920367, 0.00255517126061, -0.00126501149498, 0.00779215013608, -0.00282490882091, 0.000618163321633, 0.000179454233148, 0.00321050989442, -0.00303371599875, 0.00177863717545, -0.00408560689539, 0.00442234380171, -0.00706138787791], [0.000508569355588, -0.00179159268737, 0.0010966375703, -0.00282490882091, 0.00769941741601, -0.00292072631419, -0.000390037399484, 0.00050233292859, -0.00127123796847, -0.00416394183412, 0.00603659497574, -0.00399922579527, 0.000195261804038], [-0.000504479859956, 0.00281699723564, 0.000526812684257, 0.000618163321633, -0.00292072631419, 0.0122819775715, -0.00308571569622, -0.00547972135246, 0.00307828048244, 0.00178926670924, -0.00480690412223, 0.00447613978758, -0.000830533041153], [0.000116224851809, -0.00247323303483, 0.000247792486334, 0.000179454233148, -0.000390037399484, -0.00308571569622, 0.00889370217919, -0.00164306093939, 0.000546787749045, 0.00484373839572, -0.0011799185304, -0.00246227742173, 0.00327262002975], [0.000619575439487, 0.000758580456022, -0.00113276951015, 0.00321050989442, 0.00050233292859, -0.00547972135246, -0.00164306093939, 0.0131856184453, -0.00464760279283, -0.00146161881275, 0.00198877137154, -0.000534449703991, -0.000517547829077], [-0.000663881306536, -0.00174169579986, 0.00201142881997, -0.00303371599875, -0.00127123796847, 0.00307828048244, 0.000546787749045, -0.00464760279283, 0.0151538206264, -0.00327781401575, -0.00256339064799, 0.00366639019921, 0.00213265046477], [-0.000470931292512, 0.00188288511708, -0.0017433342291, 0.00177863717545, -0.00416394183412, 0.00178926670924, 0.00484373839572, -0.00146161881275, -0.00327781401575, 0.0189615562558, -0.00632963795215, -0.000102092759334, 0.00290831923485], [0.00126696552616, -0.00410744780675, 0.000208412340726, -0.00408560689539, 0.00603659497574, -0.00480690412223, -0.0011799185304, 0.00198877137154, -0.00256339064799, -0.00632963795215, 0.0234512705356, -0.00786892231554, -0.000386680098018], [-0.00018221391656, 0.00317132519558, -0.00276941806078, 0.00442234380171, -0.00399922579527, 0.00447613978758, -0.00246227742173, -0.000534449703991, 0.00366639019921, -0.000102092759334, -0.00786892231554, 0.0231122635305, -0.00630836375058], [-0.000531204685103, -0.00255296519026, 0.00251407246105, -0.00706138787791, 0.000195261804038, -0.000830533041153, 0.00327262002975, -0.000517547829077, 0.00213265046477, 0.00290831923485, -0.000386680098018, -0.00630836375058, 0.0239457916468]]
    },
    "melbands": {
        "dmean": [0.0013032440329, 0.00143693073187, 0.000888695765752, 0.000693085719831, 0.000269632379059, 0.000361683458323, 0.000272753386525, 0.000214500643779, 0.000308037968352, 0.000162283351528, 0.000154502282385, 5.26880903635e-05, 6.81562378304e-05, 5.77470746066e-05, 6.37249104329e-05, 3.35495315085e-05, 2.69596948783e-05, 2.08451874641e-05, 1.67220750882e-05, 1.79869366548e-05, 2.508075886e-05, 2.99960629491e-05, 1.82208950719e-05, 8.79509116203e-06, 7.08346806277e-06, 6.61000285618e-06, 5.46397131984e-06, 3.37153437613e-06, 3.76482148567e-06, 3.43995316143e-06, 3.60415992873e-06, 4.10025131714e-06, 3.63642175216e-06, 3.07208165395e-06, 2.77642448054e-06, 3.23391600432e-06, 3.59676164408e-06, 3.32599483954e-06, 2.64213963419e-06, 2.28655335377e-06],
        "dmean2": [0.00205766945146, 0.00242437818088, 0.0014633515384, 0.00108301267028, 0.000461868039565, 0.000608926638961, 0.000437373440946, 0.000344404368661, 0.000520743720699, 0.000254042475717, 0.000237069965806, 8.1560043327e-05, 0.000110185406811, 9.05878623598e-05, 0.00010241666314, 5.00104397361e-05, 4.05722967116e-05, 3.22304549627e-05, 2.56517832895e-05, 2.89188919851e-05, 4.15323665948e-05, 4.78707916045e-05, 2.82733108179e-05, 1.40776010085e-05, 1.13611267807e-05, 1.06412589957e-05, 8.81614050741e-06, 5.17980561199e-06, 5.81324729865e-06, 5.37969435754e-06, 5.29301223651e-06, 6.02629597779e-06, 5.33161346539e-06, 4.43893895863e-06, 4.00927638111e-06, 4.84013253299e-06, 5.26768008058e-06, 4.81394090457e-06, 4.045172318e-06, 3.50659911419e-06],
        "dvar": [5.40287237527e-06, 6.22098968961e-06, 1.51083941091e-06, 1.27030966723e-06, 2.5906606993e-07, 5.91688149143e-07, 2.12258768784e-07, 2.38559124455e-07, 6.48116099455e-07, 8.66782272624e-08, 1.18752865319e-07, 1.15158558245e-08, 2.47326266134e-08, 1.05862492106e-08, 1.7497463034e-08, 4.30125357553e-09, 2.85944623535e-09, 2.15050111052e-09, 1.59261792643e-09, 8.42149960878e-10, 1.30353627892e-09, 1.17730258875e-09, 7.34599936436e-10, 1.7229000171e-10, 6.13808795458e-11, 6.7025579531e-11, 4.96983877663e-11, 2.68858945524e-11, 3.29256830134e-11, 3.16708846648e-11, 3.62798506515e-11, 4.75347990136e-11, 3.32864569241e-11, 3.30647349778e-11, 3.25139394575e-11, 4.45861576825e-11, 6.78834349843e-11, 5.0839932958e-11, 2.864984118e-11, 2.25096139644e-11],
        "dvar2": [1.25164197016e-05, 1.64590746863e-05, 3.69563849745e-06, 2.76263767773e-06, 6.86062094246e-07, 1.54539850428e-06, 5.01549209275e-07, 5.65702123367e-07, 1.72717102487e-06, 2.02610635824e-07, 2.75628138979e-07, 2.75207323597e-08, 5.94523328346e-08, 2.40084965242e-08, 4.61995952605e-08, 8.88910278718e-09, 6.65311139514e-09, 5.02796426716e-09, 3.56341822716e-09, 1.97991578688e-09, 3.19441761931e-09, 2.70491584686e-09, 1.62916069524e-09, 4.35949526478e-10, 1.50614423711e-10, 1.66436003868e-10, 1.27688068452e-10, 6.00486813052e-11, 7.01136926295e-11, 6.8398953168e-11, 8.00840366244e-11, 9.47447120758e-11, 6.92337714936e-11, 6.30823726588e-11, 6.04080951927e-11, 9.26186488615e-11, 1.45020731535e-10, 1.06766352703e-10, 6.28250645951e-11, 5.21207799142e-11],
        "max": [0.0183002837002, 0.0225247368217, 0.0182115007192, 0.00955011602491, 0.00355448899791, 0.00679919635877, 0.00519510405138, 0.00629097456113, 0.0105555783957, 0.00308089866303, 0.0045989905484, 0.00140608940274, 0.0024020918645, 0.00124261865858, 0.00181939138565, 0.00110481900629, 0.00082913186634, 0.000522985239513, 0.000705323473085, 0.000440099858679, 0.000486916251248, 0.000384333688999, 0.000420050317189, 0.000186449586181, 0.000107711755845, 9.33606788749e-05, 9.72315174295e-05, 9.49076056713e-05, 6.86067069182e-05, 5.30593242729e-05, 5.8042085584e-05, 0.000121199984278, 6.60671212245e-05, 0.000118916810607, 0.00011536465172, 9.88685278571e-05, 0.000147165163071, 0.000112722649646, 4.89608719363e-05, 5.35584549652e-05],
        "mean": [0.00164422101807, 0.00200047530234, 0.00124171411153, 0.000878279272001, 0.000340529863024, 0.000430656829849, 0.00037711582263, 0.000302637781715, 0.00038347611553, 0.000232828897424, 0.000218794608372, 8.51922231959e-05, 0.000104905877379, 0.00010090557771, 0.000103829159343, 5.53772042622e-05, 4.19045536546e-05, 2.99971525237e-05, 2.63888614427e-05, 3.23413769365e-05, 4.97554719914e-05, 6.11316863797e-05, 3.52533788828e-05, 1.77441052074e-05, 1.4831441149e-05, 1.3847057744e-05, 1.04609907794e-05, 5.7057181948e-06, 6.202727036e-06, 5.55153792448e-06, 5.36133984497e-06, 6.4365108301e-06, 5.8890168475e-06, 4.75590468341e-06, 3.98241854782e-06, 4.3020704652e-06, 4.55701638202e-06, 4.38106690126e-06, 3.30243096869e-06, 2.82250334749e-06],
        "median": [0.000812862883322, 0.0013344748877, 0.000826930510812, 0.000422228768002, 0.000139928000863, 0.000191586848814, 0.000191182771232, 0.000105595019704, 6.09888229519e-05, 5.75077538087e-05, 3.02945263684e-05, 2.31324684137e-05, 3.57625831384e-05, 4.52706553915e-05, 3.84060003853e-05, 1.71305382537e-05, 1.38200957736e-05, 1.1971233107e-05, 1.12519728646e-05, 1.99177102331e-05, 3.88693406421e-05, 4.82581199321e-05, 2.24126215471e-05, 1.26748855109e-05, 1.2180154954e-05, 1.05662948044e-05, 7.62510353525e-06, 3.70322050003e-06, 3.22714754475e-06, 2.64944787887e-06, 2.59197190644e-06, 3.38979930348e-06, 2.78167271972e-06, 1.85584190149e-06, 1.41773978157e-06, 1.64152527304e-06, 1.31786680413e-06, 1.10236544515e-06, 8.79676008481e-07, 8.54335326039e-07],
        "min": [1.57879003382e-05, 4.39663162979e-05, 2.9225670005e-05, 1.11776435006e-05, 4.74056241728e-06, 1.75806655989e-06, 5.31595674147e-07, 3.27497275521e-07, 2.02894125323e-06, 1.66555696524e-06, 4.50241373073e-07, 1.32186210067e-06, 7.78499554599e-07, 1.6522894839e-06, 9.13682526971e-07, 3.75685033305e-07, 2.45422057787e-07, 1.68920024635e-07, 4.51436363846e-08, 1.35347576702e-07, 1.27900804614e-07, 3.5207094129e-07, 4.81734161895e-07, 2.86772149138e-07, 3.77961754339e-07, 3.25004037904e-07, 1.04734866113e-07, 4.1854953281e-08, 2.51214817837e-08, 3.08081666844e-08, 5.38154161234e-08, 1.05549247564e-07, 3.43976331862e-08, 3.09067225146e-08, 1.50348515859e-08, 4.81361261961e-09, 2.24321117237e-09, 8.99400484644e-11, 3.40155230372e-11, 1.30710947708e-12],
