{
"highlevel": {
    "danceability": {
        "all": {
            "danceable": 0.998360693455,
            "not_danceable": 0.00163930817507
        },
        "probability": 0.998360693455,
        "value": "danceable"
    },
    "gender": {
        "all": {
            "female": 0.976072371006,
            "male": 0.0239276066422
        },
        "probability": 0.976072371006,
        "value": "female"
    },
    "genre_dortmund": {
        "all": {
            "alternative": 0.0034425011836,
            "blues": 0.00509464740753,
            "electronic": 0.103480771184,
            "folkcountry": 0.0104849543422,
            "funksoulrnb": 0.0126499747857,
            "jazz": 0.0301029440016,
            "pop": 0.0409175269306,
            "raphiphop": 0.789756119251,
            "rock": 0.00407056277618
        },
        "probability": 0.789756119251,
        "value": "raphiphop"
    },
    "genre_electronic": {
        "all": {
            "ambient": 0.331152439117,
            "dnb": 0.118823178113,
            "house": 0.471293568611,
            "techno": 0.0444259792566,
            "trance": 0.0343048274517
        },
        "probability": 0.471293568611,
        "value": "house"
    },
    "genre_rosamerica": {
        "all": {
            "cla": 0.0023373325821,
            "dan": 0.00577288866043,
            "hip": 0.329952061176,
            "jaz": 0.00550654856488,
            "pop": 0.0654481425881,
            "rhy": 0.584419548512,
            "roc": 0.00468785595149,
            "spe": 0.00187560287304
        },
        "probability": 0.584419548512,
        "value": "rhy"
    },
    "genre_tzanetakis": {
        "all": {
            "blu": 0.0514952465892,
            "cla": 0.137320995331,
            "cou": 0.0824368968606,
            "dis": 0.0824551060796,
            "hip": 0.103102110326,
            "jaz": 0.13752360642,
            "met": 0.103165835142,
            "pop": 0.137530893087,
            "reg": 0.0824931263924,
            "roc": 0.0824761912227
        },
        "probability": 0.137530893087,
        "value": "pop"
    },
    "ismir04_rhythm": {
        "all": {
            "ChaChaCha": 0.0115876123309,
            "Jive": 0.0301686637104,
            "Quickstep": 0.0354638621211,
            "Rumba-American": 0.00823389645666,
            "Rumba-International": 0.625811100006,
            "Rumba-Misc": 0.0390263870358,
            "Samba": 0.229578271508,
            "Tango": 0.00178002100438,
            "VienneseWaltz": 0.00696088280529,
            "Waltz": 0.0113893039525
        },
        "probability": 0.625811100006,
        "value": "Rumba-International"
    },
    "mood_acoustic": {
        "all": {
            "acoustic": 0.0223652403802,
            "not_acoustic": 0.97763478756
        },
        "probability": 0.97763478756,
        "value": "not_acoustic"
    },
    "mood_aggressive": {
        "all": {
            "aggressive": 0.00399085786194,
            "not_aggressive": 0.996009171009
        },
        "probability": 0.996009171009,
        "value": "not_aggressive"
    },
    "mood_electronic": {
        "all": {
            "electronic": 0.881158590317,
            "not_electronic": 0.118841402233
        },
        "probability": 0.881158590317,
        "value": "electronic"
    },
    "mood_happy": {
        "all": {
            "happy": 0.312690138817,
            "not_happy": 0.687309861183
        },
        "probability": 0.687309861183,
        "value": "not_happy"
    },
    "mood_party": {
        "all": {
            "not_party": 0.422838121653,
            "party": 0.57716190815
        },
        "probability": 0.57716190815,
        "value": "party"
    },
    "mood_relaxed": {
        "all": {
            "not_relaxed": 0.353753387928,
            "relaxed": 0.646246612072
        },
        "probability": 0.646246612072,
        "value": "relaxed"
    },
    "mood_sad": {
        "all": {
            "not_sad": 0.416404217482,
            "sad": 0.583595812321
        },
        "probability": 0.583595812321,
        "value": "sad"
    },
    "moods_mirex": {
        "all": {
            "Cluster1": 0.177785560489,
            "Cluster2": 0.22873160243,
            "Cluster3": 0.24969881773,
            "Cluster4": 0.216453626752,
            "Cluster5": 0.127330377698
        },
        "probability": 0.24969881773,
        "value": "Cluster3"
    },
    "timbre": {
        "all": {
            "bright": 0.15209966898,
            "dark": 0.84790033102
        },
        "probability": 0.84790033102,
        "value": "dark"
    },
    "tonal_atonal": {
        "all": {
            "atonal": 0.406088888645,
            "tonal": 0.593911111355
        },
        "probability": 0.593911111355,
        "value": "tonal"
    },
    "voice_instrumental": {
        "all": {
            "instrumental": 0.022299926728,
            "voice": 0.977700054646
        },
        "probability": 0.977700054646,
        "value": "voice"
    }
},
"lowlevel": {
    "average_loudness": 0.764018893242,
    "barkbands_crest": {
        "dmean": 2.17303228378,
        "dmean2": 3.38575196266,
        "dvar": 5.32282066345,
        "dvar2": 11.3696842194,
        "max": 26.1291904449,
        "mean": 13.1427173615,
        "median": 12.3946619034,
        "min": 3.55483627319,
        "var": 28.8328380585
    },
    "barkbands_flatness_db": {
        "dmean": 0.0331563428044,
        "dmean2": 0.0467238351703,
        "dvar": 0.00124360527843,
        "dvar2": 0.00229697744362,
        "max": 0.511292040348,
        "mean": 0.233023628592,
        "median": 0.214804306626,
        "min": 0.0749763250351,
        "var": 0.00662208348513
    },
    "barkbands_kurtosis": {
        "dmean": 16.4349117279,
        "dmean2": 26.5518035889,
        "dvar": 1135.70605469,
        "dvar2": 2927.29736328,
        "max": 451.768341064,
        "mean": 23.6235618591,
        "median": 8.12203979492,
        "min": -1.83760333061,
        "var": 1644.85986328
    },
    "barkbands_skewness": {
        "dmean": 1.11536550522,
        "dmean2": 1.67272007465,
        "dvar": 1.82932150364,
        "dvar2": 4.18881559372,
        "max": 17.0244407654,
        "mean": 3.27296543121,
        "median": 2.47450947762,
        "min": -1.97202336788,
        "var": 6.9812746048
    },
    "barkbands_spread": {
        "dmean": 6.50956821442,
        "dmean2": 10.2696428299,
        "dvar": 90.4088973999,
        "dvar2": 189.758346558,
        "max": 90.4317245483,
        "mean": 13.2586269379,
        "median": 9.44949245453,
        "min": 0.274011105299,
        "var": 198.616546631
    },
    "dissonance": {
        "dmean": 0.0299672186375,
        "dmean2": 0.0480443947017,
        "dvar": 0.000731326581445,
        "dvar2": 0.00195642514154,
        "max": 0.500000059605,
        "mean": 0.436587959528,
        "median": 0.444143116474,
        "min": 0.229865282774,
        "var": 0.00181906356011
    },
    "dynamic_complexity": 3.68583369255,
    "erbbands_crest": {
        "dmean": 3.02242779732,
        "dmean2": 4.73160839081,
        "dvar": 7.96216821671,
        "dvar2": 17.8781166077,
        "max": 30.9671382904,
        "mean": 10.7710618973,
        "median": 9.90604496002,
        "min": 2.64404606819,
        "var": 23.7951602936
    },
    "erbbands_flatness_db": {
        "dmean": 0.0295661538839,
        "dmean2": 0.0413754694164,
        "dvar": 0.000864130037371,
        "dvar2": 0.00162862567231,
        "max": 0.341457664967,
        "mean": 0.165670782328,
        "median": 0.168444424868,
        "min": 0.046609070152,
        "var": 0.00274134334177
    },
    "erbbands_kurtosis": {
        "dmean": 2.34090590477,
        "dmean2": 3.75732755661,
        "dvar": 9.6315946579,
        "dvar2": 23.0131835938,
        "max": 39.629650116,
        "mean": 2.98103022575,
        "median": 1.78743982315,
        "min": -1.78721904755,
        "var": 19.2953586578
    },
    "erbbands_skewness": {
        "dmean": 0.592361330986,
        "dmean2": 0.8824685812,
        "dvar": 0.379361569881,
        "dvar2": 0.734491527081,
        "max": 5.15634822845,
        "mean": 0.795307636261,
        "median": 0.878159761429,
        "min": -3.13098454475,
        "var": 1.12588644028
    },
    "erbbands_spread": {
        "dmean": 16.1602401733,
        "dmean2": 24.8915348053,
        "dvar": 466.027709961,
        "dvar2": 963.06237793,
        "max": 177.747238159,
        "mean": 39.0907363892,
        "median": 29.0813159943,
        "min": 3.69246125221,
        "var": 929.995056152
    },
    "hfc": {
        "dmean": 11.9120779037,
        "dmean2": 18.4363098145,
        "dvar": 393.87411499,
        "dvar2": 829.999511719,
        "max": 195.27671814,
        "mean": 17.3465614319,
        "median": 8.84650707245,
        "min": 0.410647332668,
        "var": 591.565429688
    },
    "melbands_crest": {
        "dmean": 2.83320593834,
        "dmean2": 4.29185962677,
        "dvar": 11.6594772339,
        "dvar2": 24.2285251617,
        "max": 38.5723724365,
        "mean": 22.3698196411,
        "median": 21.4709644318,
        "min": 5.33944654465,
        "var": 112.30078125
    },
    "melbands_flatness_db": {
        "dmean": 0.0377500317991,
        "dmean2": 0.0520797781646,
        "dvar": 0.00165725010447,
        "dvar2": 0.00294572347775,
        "max": 0.646991550922,
        "mean": 0.313073426485,
        "median": 0.296244293451,
        "min": 0.0823990106583,
        "var": 0.0106110218912
    },
    "melbands_kurtosis": {
        "dmean": 34.8849182129,
        "dmean2": 52.4261474609,
        "dvar": 6988.890625,
        "dvar2": 13654.8486328,
        "max": 1452.1394043,
        "mean": 58.2645606995,
        "median": 16.1016597748,
        "min": -1.74797141552,
        "var": 13272.2783203
    },
    "melbands_skewness": {
        "dmean": 1.42906069756,
        "dmean2": 2.03166365623,
        "dvar": 3.73637127876,
        "dvar2": 6.94455099106,
        "max": 29.1275978088,
        "mean": 4.66068935394,
        "median": 3.20552277565,
        "min": -0.931843519211,
        "var": 17.1339530945
    },
    "melbands_spread": {
        "dmean": 3.78711462021,
        "dmean2": 5.53095293045,
        "dvar": 51.4030761719,
        "dvar2": 83.943572998,
        "max": 157.153656006,
        "mean": 11.1071214676,
        "median": 8.05825805664,
        "min": 0.218127727509,
        "var": 194.235626221
    },
    "pitch_salience": {
        "dmean": 0.0679913982749,
        "dmean2": 0.100803025067,
        "dvar": 0.00553688872606,
        "dvar2": 0.0108643407002,
        "max": 0.819251954556,
        "mean": 0.417406827211,
        "median": 0.430925190449,
        "min": 0.0428596287966,
        "var": 0.0417396239936
    },
    "silence_rate_20dB": {
        "dmean": 0,
        "dmean2": 0,
        "dvar": 0,
        "dvar2": 0,
        "max": 1,
        "mean": 1,
        "median": 1,
        "min": 1,
        "var": 0
    },
    "silence_rate_30dB": {
        "dmean": 0.0851393193007,
        "dmean2": 0.170410528779,
        "dvar": 0.0778899416327,
        "dvar2": 0.16305796802,
        "max": 1,
        "mean": 0.740139186382,
        "median": 1,
        "min": 0,
        "var": 0.192329511046
    },
    "silence_rate_60dB": {
        "dmean": 0.0193498451263,
        "dmean2": 0.0379550717771,
        "dvar": 0.0189753472805,
        "dvar2": 0.0411621779203,
        "max": 1,
        "mean": 0.0665119886398,
        "median": 0,
        "min": 0,
        "var": 0.0620882622898
    },
    "spectral_centroid": {
        "dmean": 241.198120117,
        "dmean2": 349.208374023,
        "dvar": 123658.773438,
        "dvar2": 188515.328125,
        "max": 4156.36181641,
        "mean": 894.001037598,
        "median": 709.856323242,
        "min": 125.876434326,
        "var": 405247.8125
    },
    "spectral_complexity": {
        "dmean": 2.95201230049,
        "dmean2": 4.37800168991,
        "dvar": 23.8661727905,
        "dvar2": 38.0337867737,
        "max": 59,
        "mean": 10.9721574783,
        "median": 10,
        "min": 1,
        "var": 50.1460151672
    },
    "spectral_decrease": {
        "dmean": 4.63437421772e-09,
        "dmean2": 7.13078573966e-09,
        "dvar": 6.05154285011e-17,
        "dvar2": 1.33140331184e-16,
        "max": -3.25494770026e-10,
        "mean": -1.61549724709e-08,
        "median": -1.07554027906e-08,
        "min": -8.00123700628e-08,
        "var": 2.730888485e-16
    },
    "spectral_energy": {
        "dmean": 0.0177827812731,
        "dmean2": 0.0273576173931,
        "dvar": 0.000871652038768,
        "dvar2": 0.0019107038388,
        "max": 0.303536534309,
        "mean": 0.0625459179282,
        "median": 0.0425110943615,
        "min": 0.00126714329235,
        "var": 0.00399003457278
    },
    "spectral_energyband_high": {
        "dmean": 0.000958769058343,
        "dmean2": 0.00147015950643,
        "dvar": 3.89944216295e-06,
        "dvar2": 7.72138628236e-06,
        "max": 0.019944101572,
        "mean": 0.000958544842433,
        "median": 6.52759044897e-05,
        "min": 2.97502083413e-07,
        "var": 5.58704459763e-06
    },
    "spectral_energyband_low": {
        "dmean": 0.0170398820192,
        "dmean2": 0.0263186749071,
        "dvar": 0.001016353257,
        "dvar2": 0.00221789325587,
        "max": 0.297929644585,
        "mean": 0.0498950481415,
        "median": 0.027378031984,
        "min": 0.000114233749628,
        "var": 0.00355522590689
    },
    "spectral_energyband_middle_high": {
        "dmean": 0.00112142739818,
        "dmean2": 0.00169478321914,
        "dvar": 6.37967286821e-06,
        "dvar2": 1.39764779306e-05,
        "max": 0.0316778421402,
        "mean": 0.00203626346774,
        "median": 0.00102885277011,
        "min": 4.90119709866e-05,
        "var": 9.40167956287e-06
    },
    "spectral_energyband_middle_low": {
        "dmean": 0.00694990949705,
        "dmean2": 0.0114931268618,
        "dvar": 0.000394178350689,
        "dvar2": 0.00103101343848,
        "max": 0.161501139402,
        "mean": 0.00982035882771,
        "median": 0.00476199761033,
        "min": 0.00036489640479,
        "var": 0.000318393780617
    },
    "spectral_entropy": {
        "dmean": 0.302848756313,
        "dmean2": 0.442674130201,
        "dvar": 0.111409783363,
        "dvar2": 0.209998235106,
        "max": 8.64058017731,
        "mean": 7.25789880753,
        "median": 7.19996356964,
        "min": 5.58250379562,
        "var": 0.320195227861
    },
    "spectral_flux": {
        "dmean": 0.0351841971278,
        "dmean2": 0.0533041283488,
        "dvar": 0.00274219037965,
        "dvar2": 0.00543346861377,
        "max": 0.496262997389,
        "mean": 0.0958321839571,
        "median": 0.0604061372578,
        "min": 0.012209571898,
        "var": 0.00913247186691
    },
    "spectral_kurtosis": {
        "dmean": 3.47298765182,
        "dmean2": 5.50239181519,
        "dvar": 19.5094566345,
        "dvar2": 41.9794960022,
        "max": 46.9275932312,
        "mean": 6.30159950256,
        "median": 5.03663825989,
        "min": -0.659428358078,
        "var": 32.7838935852
    },
    "spectral_rms": {
        "dmean": 0.000968439271674,
        "dmean2": 0.00146549404599,
        "dvar": 2.00349131774e-06,
        "dvar2": 4.23140772909e-06,
        "max": 0.017208520323,
        "mean": 0.0066567985341,
        "median": 0.006440049503,
        "min": 0.00111186213326,
        "var": 1.67074758792e-05
    },
    "spectral_rolloff": {
        "dmean": 306.880584717,
        "dmean2": 519.950073242,
        "dvar": 1044426.125,
        "dvar2": 2724368.25,
        "max": 12704.5898438,
        "mean": 654.688537598,
        "median": 409.130859375,
        "min": 43.06640625,
        "var": 1431595.25
    },
    "spectral_skewness": {
        "dmean": 0.43709051609,
        "dmean2": 0.664539217949,
        "dvar": 0.196342110634,
        "dvar2": 0.390301287174,
        "max": 5.21244478226,
        "mean": 1.9665620327,
        "median": 1.92140233517,
        "min": 0.193377137184,
        "var": 0.583426296711
    },
    "spectral_spread": {
        "dmean": 1805084.375,
        "dmean2": 2752560.5,
        "dvar": 5.67573793997e+12,
        "dvar2": 1.16918887383e+13,
        "max": 15946223,
        "mean": 5303946.5,
        "median": 4078571.75,
        "min": 1284509,
        "var": 8.37223501005e+12
    },
    "spectral_strongpeak": {
        "dmean": 0.231900528073,
        "dmean2": 0.380745112896,
        "dvar": 0.12510471046,
        "dvar2": 0.318302154541,
        "max": 3.50078177452,
        "mean": 0.573225975037,
        "median": 0.434902757406,
        "min": 0,
        "var": 0.267659604549
    },
    "zerocrossingrate": {
        "dmean": 0.0121110379696,
        "dmean2": 0.0153122125193,
        "dvar": 0.000230365607422,
        "dvar2": 0.000326907640556,
        "max": 0.2548828125,
        "mean": 0.0350837446749,
        "median": 0.02880859375,
        "min": 0.00146484375,
        "var": 0.00098208070267
    },
    "barkbands": {
        "dmean": [0.004595966544, 0.0139336809516, 0.00442389212549, 0.00303568085656, 0.00393396569416, 0.000440731731942, 0.000649491441436, 0.000393590453314, 0.000599970459007, 0.000525931944139, 0.000215950189158, 0.000115613176604, 8.51365766721e-05, 7.46626465116e-05, 7.73506762926e-05, 0.000145163416164, 0.000135579204652, 0.000111373687105, 8.15321691334e-05, 9.46699219639e-05, 9.59014214459e-05, 8.94563781912e-05, 0.000109753775178, 0.000133813737193, 0.000176324974746, 0.00036982021993, 6.91812429565e-09],
        "dmean2": [0.00704159215093, 0.0199530292302, 0.00779149401933, 0.00540426420048, 0.00692854356021, 0.00070607761154, 0.000967003346886, 0.000592332973611, 0.000816524378024, 0.000804596289527, 0.000348005123669, 0.000184781005373, 0.00012663884263, 0.000109145570605, 0.00012514826085, 0.000240784924245, 0.000225129115279, 0.000181016119313, 0.000125817547087, 0.000140373042086, 0.000134642934427, 0.000121570126794, 0.000155557107064, 0.000192607956706, 0.000285384565359, 0.000654456729535, 1.20518643953e-08],
        "dvar": [7.18278097338e-05, 0.000834915961605, 0.000299174746033, 0.000124293539557, 0.000172341911821, 8.17275633835e-07, 1.3223973383e-06, 8.50499702665e-07, 1.77094864284e-06, 2.23607457883e-06, 2.14047702229e-07, 1.12544761066e-07, 5.34423811871e-08, 6.04763883416e-08, 9.68568727444e-08, 7.46318391975e-07, 6.37765651845e-07, 2.18416502662e-07, 1.00161351213e-07, 1.29687109052e-07, 9.73020704009e-08, 8.96663934213e-08, 1.39902866181e-07, 1.6905994471e-07, 1.02360367293e-07, 4.00183466809e-07, 1.64619296876e-15],
        "dvar2": [0.000163749791682, 0.00168845767621, 0.000812448910438, 0.000349786307197, 0.000489240395837, 1.96408086595e-06, 2.75148909168e-06, 1.72499017026e-06, 3.15829765896e-06, 5.12790529683e-06, 5.04633248966e-07, 2.53566810215e-07, 1.14981780541e-07, 9.62637045632e-08, 2.36322719616e-07, 2.01044326786e-06, 1.74347678694e-06, 5.81224071539e-07, 2.36334173565e-07, 3.03537689206e-07, 1.81539476785e-07, 1.67960024555e-07, 2.80731342173e-07, 3.55050957523e-07, 2.093326259e-07, 1.03979311916e-06, 4.0050284256e-15],
        "max": [0.0994247496128, 0.266023486853, 0.131130665541, 0.0925248265266, 0.109656497836, 0.0131269525737, 0.0220870282501, 0.0159743502736, 0.0227199755609, 0.0208241976798, 0.00626775668934, 0.00926328077912, 0.00553957372904, 0.00610963487998, 0.00548452138901, 0.0156967118382, 0.0136246290058, 0.00755458325148, 0.00373752368614, 0.00508958566934, 0.003945809789, 0.00342176109552, 0.00513307191432, 0.00483497790992, 0.0026071392931, 0.00304863764904, 7.63080038269e-07],
        "mean": [0.010886291042, 0.0355704650283, 0.00335781858303, 0.00225442275405, 0.00349093321711, 0.000783469004091, 0.00126373278908, 0.000737599504646, 0.00111273431685, 0.000782138609793, 0.000356187461875, 0.000182656251127, 0.000113636633614, 0.000107746091089, 8.75986079336e-05, 0.000134156274726, 0.000119754236948, 0.000110642657091, 8.6422835011e-05, 0.000103820253571, 0.000111124340037, 0.000111154586193, 0.000130349537358, 0.000142144752317, 0.000159341128892, 0.000249625387369, 5.07573139075e-09],
        "median": [0.00241836113855, 0.0159833803773, 0.000633740623016, 0.000319745508023, 0.00101220072247, 0.000357922108378, 0.000394904112909, 0.000174993110704, 0.000218579632929, 0.000246756360866, 9.65640865616e-05, 4.52084532299e-05, 3.39286962117e-05, 1.78860500455e-05, 1.42844819493e-05, 1.08011763587e-05, 1.05566823549e-05, 2.48320775427e-05, 1.82284584298e-05, 1.24529015011e-05, 6.73599288348e-06, 8.65746551426e-06, 1.54813769768e-05, 1.16088585855e-05, 2.65221342488e-06, 1.01476018699e-06, 4.77088257789e-10],
        "min": [2.36035333501e-07, 2.97227325063e-05, 3.67550455849e-06, 3.53886753146e-06, 2.04874158953e-05, 4.98810550198e-06, 4.72497504234e-06, 2.16523494601e-06, 2.26063480113e-06, 2.45070668825e-06, 1.39944347666e-06, 8.81945879883e-07, 9.67306277744e-07, 7.20287857803e-07, 6.25054440206e-07, 2.46204848509e-07, 1.80352841994e-07, 2.22808083095e-07, 1.54378952288e-07, 9.7105314012e-08, 8.11216125385e-08, 2.39309496664e-08, 2.96760771512e-09, 1.34021549414e-08, 3.44705930466e-09, 5.01296504307e-11, 1.04701880846e-11],
        "var": [0.000247256393777, 0.00224353047088, 0.00019793996762, 7.65097502153e-05, 0.000107274507172, 1.47428852415e-06, 5.68008044866e-06, 2.81621987597e-06, 4.97562405144e-06, 3.27768066199e-06, 5.01103500028e-07, 2.54105174236e-07, 7.39220453738e-08, 1.46594146599e-07, 9.31439103624e-08, 5.21844526702e-07, 4.2790139787e-07, 1.62859890906e-07, 9.61646478004e-08, 1.42666976899e-07, 1.41364779438e-07, 1.36248061722e-07, 1.87436597798e-07, 2.10201150708e-07, 1.35288757974e-07, 2.98671068322e-07, 1.21590817249e-15]
    },
    "erbbands": {
        "dmean": [0.751521408558, 2.14632320404, 4.42284679413, 8.07744121552, 15.1245136261, 10.4438037872, 3.63646864891, 4.10896587372, 7.27768707275, 10.8583498001, 9.40259552002, 11.7752103806, 14.5406589508, 15.9092206955, 6.5077662468, 5.04187631607, 3.77717924118, 3.85583567619, 3.21729660034, 7.54172086716, 5.51535272598, 7.33719825745, 6.98879384995, 3.79876112938, 4.45420455933, 4.63195943832, 3.65511703491, 4.06796789169, 3.30062937737, 2.81275415421, 3.42670297623, 2.80466914177, 2.04821515083, 1.4737457037, 1.58073997498, 2.27156329155, 0.516768991947, 0.0477616339922, 0.000868720351718, 5.29696480953e-05],
        "dmean2": [1.14374411106, 3.03592634201, 7.29311037064, 14.5901374817, 25.7992801666, 19.0413475037, 6.23158121109, 6.60098361969, 11.095539093, 15.6274414062, 13.5888061523, 16.1500148773, 22.4878807068, 23.8964958191, 10.3026857376, 8.08931827545, 5.77529096603, 5.87394189835, 4.86805486679, 12.8042879105, 8.59864616394, 11.9647407532, 11.5091209412, 5.94728136063, 6.9396481514, 6.93111181259, 5.22289228439, 5.77047014236, 4.47211027145, 3.81656742096, 4.94231081009, 3.93796682358, 2.93681049347, 2.29591989517, 2.62376976013, 4.01696825027, 0.915177106857, 0.0847293585539, 0.00153398211114, 8.86000270839e-05],
        "dvar": [2.44289088249, 34.0318946838, 258.814666748, 967.797241211, 2451.40527344, 1292.28015137, 125.409561157, 76.417640686, 161.772537231, 582.135009766, 545.4296875, 635.303771973, 1606.25305176, 1486.28796387, 171.188278198, 263.750976562, 87.7797927856, 131.55355835, 146.650436401, 2128.79077148, 640.063049316, 1761.82067871, 1144.63427734, 165.177520752, 319.747436523, 344.523681641, 165.327575684, 178.770889282, 120.622459412, 81.7164001465, 140.463790894, 85.8495101929, 38.2352218628, 10.3603534698, 7.53538322449, 15.4421272278, 0.773893356323, 0.00692870095372, 2.21964569391e-06, 5.83415715738e-09],
        "dvar2": [5.61324596405, 62.7566184998, 638.651672363, 2710.14941406, 6662.61181641, 3740.74487305, 354.737243652, 180.173187256, 380.150756836, 1124.19030762, 1044.30175781, 1068.73046875, 4329.50830078, 3378.26098633, 388.459533691, 561.626342773, 190.114257812, 246.887207031, 259.359039307, 5888.34179688, 1453.58654785, 4732.81787109, 3105.69921875, 392.072357178, 772.443237305, 844.49798584, 323.434448242, 356.890777588, 225.087173462, 164.156570435, 279.780578613, 179.183959961, 79.9102172852, 19.9461650848, 17.0125579834, 40.3724861145, 2.00188851357, 0.018028203398, 5.7553284023e-06, 1.46048577676e-08],
        "max": [14.8727903366, 55.2441444397, 132.870880127, 222.677474976, 380.534423828, 313.116027832, 121.744377136, 142.685516357, 136.281524658, 585.617126465, 430.188842773, 494.111450195, 761.792419434, 589.443664551, 168.157958984, 472.158447266, 175.491592407, 226.902542114, 365.475982666, 891.773376465, 391.030090332, 742.450378418, 578.596069336, 178.363861084, 205.410049438, 260.709991455, 162.398757935, 176.710281372, 124.030685425, 120.31728363, 170.989730835, 117.168571472, 77.0052108765, 30.8188705444, 23.9309749603, 20.7522792816, 3.8248064518, 0.598589718342, 0.00972589012235, 0.000552529178094],
        "mean": [2.02724266052, 4.00286340714, 4.15755224228, 6.0522108078, 12.7072401047, 9.59139442444, 4.59612941742, 7.10371351242, 13.3322143555, 22.6094303131, 18.6506347656, 22.5589103699, 24.9591693878, 26.0258808136, 11.7636289597, 8.29962158203, 5.54623603821, 5.83494472504, 4.51743412018, 7.02951574326, 5.96618413925, 6.71685266495, 6.64962911606, 4.24457359314, 4.82988929749, 4.90020799637, 4.29132890701, 4.62188529968, 4.05374574661, 3.4469666481, 3.96134901047, 3.02922320366, 2.2121193409, 1.42176616192, 1.35391008854, 1.53480625153, 0.351217508316, 0.0323394685984, 0.000622735766228, 9.93755675154e-05],
        "median": [0.885803520679, 1.20634460449, 0.974116027355, 0.983082890511, 2.31115603447, 3.02275133133, 2.2417140007, 3.17859721184, 6.02994632721, 4.50504112244, 6.07961177826, 5.95198154449, 7.95104503632, 8.3651342392, 4.75002479553, 2.19373059273, 1.77574932575, 1.26507771015, 0.769658446312, 0.700827538967, 0.601798713207, 0.633235037327, 1.19155848026, 1.16626620293, 0.986218810081, 0.562365412712, 0.24249330163, 0.281346917152, 0.273290514946, 0.337915509939, 0.484319895506, 0.337631940842, 0.123027145863, 0.0363805815578, 0.0175732355565, 0.00785541906953, 0.00130090513267, 8.12743892311e-05, 3.9988412027e-05, 6.5764048486e-05],
        "min": [0.000650686677545, 0.00814348552376, 0.00811445061117, 0.0409059002995, 0.0467691347003, 0.0616378039122, 0.0807918012142, 0.0706941708922, 0.0798655226827, 0.0772114098072, 0.0626816079021, 0.0594769641757, 0.17348715663, 0.0837704911828, 0.0537463128567, 0.0578204803169, 0.0789690539241, 0.0606136843562, 0.0535870231688, 0.0316545143723, 0.0129948779941, 0.0131156835705, 0.013466280885, 0.0167705565691, 0.0160239543766, 0.00621884781867, 0.00380468531512, 0.00208412832581, 0.000903120846488, 0.000276278005913, 0.000167670266819, 0.000247827993007, 0.000195954678929, 7.01368990121e-05, 2.41503184952e-05, 2.87151351586e-06, 6.24999927368e-07, 8.13059699567e-08, 5.94198922954e-07, 1.40739098242e-06],
        "var": [6.67511510849, 57.9532279968, 215.673065186, 598.313659668, 1709.14733887, 758.111633301, 86.4286270142, 138.870681763, 357.178955078, 3386.21606445, 1867.12744141, 1890.81152344, 2593.46240234, 2725.65014648, 408.264007568, 590.414489746, 130.474060059, 275.238983154, 332.436859131, 1393.38891602, 618.489746094, 1234.22387695, 802.213745117, 160.354110718, 303.234405518, 344.582641602, 232.289978027, 244.749832153, 183.914703369, 119.48299408, 181.068344116, 105.435569763, 48.9973983765, 14.6256313324, 8.66408634186, 11.4019765854, 0.587439000607, 0.00517962966114, 1.70428177171e-06, 1.11323128493e-08]
    },
    "gfcc": {
        "mean": [-45.5490684509, 112.977462769, -80.8515853882, 28.7366580963, -60.5552787781, 22.4462528229, -23.7221870422, 20.371919632, -17.0983314514, -0.0868563652039, -7.64543914795, 2.59826564789, -8.15199375153],
        "cov": [[4665.38085938, -2602.75415039, 1154.99645996, 48.9948005676, 126.633087158, 334.363922119, -240.094299316, 654.967285156, -322.396636963, 596.642883301, -406.082275391, 483.294799805, -182.180297852], [-2602.75415039, 2289.48120117, -927.5, -244.201889038, -57.8780822754, -209.103866577, 266.67364502, -467.462127686, 328.703857422, -527.250305176, 357.267608643, -360.941589355, 131.076934814], [1154.99645996, -927.5, 1514.02661133, -119.203269958, 315.044616699, 140.098571777, 81.8297805786, 364.297271729, -164.801010132, 441.793548584, -144.723693848, 336.928527832, 16.9502277374], [48.9948005676, -244.201889038, -119.203269958, 693.627868652, -86.9105224609, -31.2291107178, -132.631439209, -116.652534485, 51.8895835876, -49.4860115051, 4.96354389191, -92.4978637695, 83.3885116577], [126.633087158, -57.8780822754, 315.044616699, -86.9105224609, 552.81652832, 19.3319625854, 11.2475290298, 107.52066803, 70.8231582642, 188.323684692, -45.200378418, 133.390777588, 87.6356582642], [334.363922119, -209.103866577, 140.098571777, -31.2291107178, 19.3319625854, 223.28302002, 124.79069519, 76.8335647583, -27.489774704, 42.8925285339, -0.219917446375, 29.2456073761, 8.90957832336], [-240.094299316, 266.67364502, 81.8297805786, -132.631439209, 11.2475290298, 124.79069519, 389.85244751, 45.6763343811, 39.0228729248, -22.7615699768, 110.488319397, 11.1112642288, 35.7482337952], [654.967285156, -467.462127686, 364.297271729, -116.652534485, 107.52066803, 76.8335647583, 45.6763343811, 267.56338501, -16.3684062958, 180.069473267, -38.0663986206, 149.150009155, -22.6960830688], [-322.396636963, 328.703857422, -164.801010132, 51.8895835876, 70.8231582642, -27.489774704, 39.0228729248, -16.3684062958, 248.292739868, -12.580789566, 105.880950928, -27.8302345276, 77.0864486694], [596.642883301, -527.250305176, 441.793548584, -49.4860115051, 188.323684692, 42.8925285339, -22.7615699768, 180.069473267, -12.580789566, 336.866027832, -68.7975387573, 147.316207886, 0.289285421371], [-406.082275391, 357.267608643, -144.723693848, 4.96354389191, -45.200378418, -0.219917446375, 110.488319397, -38.0663986206, 105.880950928, -68.7975387573, 182.299713135, -38.6810188293, 39.3559112549], [483.294799805, -360.941589355, 336.928527832, -92.4978637695, 133.390777588, 29.2456073761, 11.1112642288, 149.150009155, -27.8302345276, 147.316207886, -38.6810188293, 193.460968018, 9.38335418701], [-182.180297852, 131.076934814, 16.9502277374, 83.3885116577, 87.6356582642, 8.90957832336, 35.7482337952, -22.6960830688, 77.0864486694, 0.289285421371, 39.3559112549, 9.38335418701, 140.132141113]],
        "icov": [[0.000668025983032, 0.000704784237314, -4.28385501436e-05, 0.000145212296047, -2.38323514168e-06, -0.000355620431947, 0.000124825717648, -0.000261265726294, -0.000352712959284, 0.000310778588755, 0.00015931740927, -0.000227479744353, 0.000241818226641], [0.000704784237314, 0.00485000759363, -0.000547557370737, 0.00300647434779, -0.00138130492996, 0.00249739992432, -0.00161200214643, 0.00368169462308, -0.00307677732781, 0.0034757910762, -0.00280686351471, 0.00392645550892, -0.00141985807568], [-4.28385501436e-05, -0.000547557370737, 0.00164571625646, -0.000559626321774, -1.91186027223e-05, -0.000334352545906, -0.000255932332948, -0.00113568210509, 0.0014217090793, -0.00150651240256, 0.000543203437701, -0.00161856494378, -0.00031814572867], [0.000145212296047, 0.00300647434779, -0.000559626321774, 0.00400740467012, -0.000464706186904, 0.00159940624144, -0.0003141038178, 0.00311941164546, -0.00227392977104, 0.00204813480377, -0.0019544318784, 0.00367826968431, -0.00261687161401], [-2.38323514168e-06, -0.00138130492996, -1.91186027223e-05, -0.000464706186904, 0.00343969208188, -0.000918833364267, 0.000565676193219, -0.000968523090705, -0.000248133466812, -0.0020178265404, 0.00214684079401, -0.00229348568246, -0.00113476777915], [-0.000355620431947, 0.00249739992432, -0.000334352545906, 0.00159940624144, -0.000918833364267, 0.00858941208571, -0.00346947601065, 0.00103137327824, -0.000643461069558, 0.00176101911347, -0.00155402428936, 0.00399207742885, -0.00210957578383], [0.000124825717648, -0.00161200214643, -0.000255932332948, -0.0003141038178, 0.000565676193219, -0.00346947601065, 0.00533353770152, -0.00213421462104, 0.00112228631042, -0.000514977728017, -0.00139592960477, -0.00127142190468, -9.05763954506e-05], [-0.000261265726294, 0.00368169462308, -0.00113568210509, 0.00311941164546, -0.000968523090705, 0.00103137327824, -0.00213421462104, 0.0132729141042, -0.00421786913648, 0.000861006847117, -0.00243014795706, -0.000392500573071, 0.000759176444262], [-0.000352712959284, -0.00307677732781, 0.0014217090793, -0.00227392977104, -0.000248133466812, -0.000643461069558, 0.00112228631042, -0.00421786913648, 0.00969167426229, -0.00326663209125, -0.00194245344028, -0.00138332368806, -0.00185922044329], [0.000310778588755, 0.0034757910762, -0.00150651240256, 0.00204813480377, -0.0020178265404, 0.00176101911347, -0.000514977728017, 0.000861006847117, -0.00326663209125, 0.00923495460302, -0.00147805653978, 0.00202427222393, -0.00040548510151], [0.00015931740927, -0.00280686351471, 0.000543203437701, -0.0019544318784, 0.00214684079401, -0.00155402428936, -0.00139592960477, -0.00243014795706, -0.00194245344028, -0.00147805653978, 0.0124218929559, -0.00349974236451, 0.000465925899334], [-0.000227479744353, 0.00392645550892, -0.00161856494378, 0.00367826968431, -0.00229348568246, 0.00399207742885, -0.00127142190468, -0.000392500573071, -0.00138332368806, 0.00202427222393, -0.00349974236451, 0.0167429763824, -0.00390170305036], [0.000241818226641, -0.00141985807568, -0.00031814572867, -0.00261687161401, -0.00113476777915, -0.00210957578383, -9.05763954506e-05, 0.000759176444262, -0.00185922044329, -0.00040548510151, 0.000465925899334, -0.00390170305036, 0.0125181619078]]
    },
    "melbands": {
        "dmean": [0.00504049565643, 0.0021774508059, 0.00152734096628, 0.000994815956801, 0.000174035798409, 9.29247762542e-05, 0.000117558942293, 0.000106333507574, 7.90405174484e-05, 7.87874305388e-05, 7.63351417845e-05, 7.03984478605e-05, 2.72039087577e-05, 1.32055201902e-05, 1.13557543955e-05, 7.79197853262e-06, 7.35788808015e-06, 5.11838015882e-06, 6.43105340714e-06, 1.2995875295e-05, 5.72493991058e-06, 7.80767732067e-06, 7.00651344232e-06, 5.41432200407e-06, 2.87875286631e-06, 3.18947672895e-06, 3.47796208189e-06, 3.02939520225e-06, 2.25472263082e-06, 2.56828502643e-06, 2.28799308388e-06, 1.94925451069e-06, 1.6613612388e-06, 1.58933471539e-06, 2.04644811674e-06, 1.99217629415e-06, 1.56823318775e-06, 1.50901553297e-06, 1.17159208912e-06, 1.37794143029e-06],
        "dmean2": [0.0075950268656, 0.00304461200722, 0.00259007164277, 0.00175324117299, 0.00030927057378, 0.000148510487634, 0.000177367648575, 0.00015503350005, 0.00011098140385, 0.000109338776383, 0.000117768657219, 0.000105615217763, 4.28218772868e-05, 2.11210390262e-05, 1.80150800588e-05, 1.15865923362e-05, 1.10008613774e-05, 7.5920324889e-06, 1.05896078821e-05, 2.20691363211e-05, 8.81812411535e-06, 1.29690342874e-05, 1.15662805911e-05, 8.97341760719e-06, 4.50391098639e-06, 5.03816590935e-06, 5.44468002772e-06, 4.55268764199e-06, 3.30853026753e-06, 3.76098250854e-06, 3.28016744788e-06, 2.65961989498e-06, 2.30033833759e-06, 2.28705471272e-06, 3.01915702039e-06, 2.77479080069e-06, 2.29832471632e-06, 2.11693554775e-06, 1.77571496351e-06, 2.16828493649e-06],
        "dvar": [0.000101710473245, 4.39623327111e-05, 2.65431135631e-05, 1.11421895781e-05, 3.12349698106e-07, 3.85012768334e-08, 3.88038365884e-08, 5.26138670409e-08, 3.50437829866e-08, 2.88463137821e-08, 4.3384766002e-08, 3.20389013098e-08, 2.98506930285e-09, 1.461653798e-09, 8.30484014891e-10, 4.90842255729e-10, 4.80666950686e-10, 4.45870923516e-10, 8.79582295887e-10, 6.89705936807e-09, 5.62351609723e-10, 2.00232941339e-09, 1.54513468686e-09, 4.85397944061e-10, 9.68827795766e-11, 1.70661151877e-10, 1.91883869904e-10, 1.47134068818e-10, 6.2075303231e-11, 8.11626946207e-11, 5.52279610933e-11, 4.25791936431e-11, 2.9207181812e-11, 2.83137055468e-11, 5.10449564561e-11, 5.18239964831e-11, 2.34344141314e-11, 2.17511893913e-11, 9.60389059945e-12, 8.26211668525e-12],
        "dvar2": [0.000220829228056, 8.8610999228e-05, 7.02647812432e-05, 3.13922209898e-05, 8.97019106105e-07, 9.16602260759e-08, 8.93679370506e-08, 1.06148576151e-07, 6.14194632931e-08, 5.19198017912e-08, 1.16116282811e-07, 7.31759897121e-08, 6.53117160354e-09, 3.30232596824e-09, 1.95971194827e-09, 9.91329462963e-10, 8.79391837127e-10, 7.06294245312e-10, 2.28530394608e-09, 1.91644051739e-08, 1.23590537804e-09, 5.42052225327e-09, 4.19282786268e-09, 1.31182265051e-09, 2.29828309162e-10, 4.1862091571e-10, 4.76513328795e-10, 3.54813317616e-10, 1.28197633065e-10, 1.58464324995e-10, 1.15802624434e-10, 8.15620071482e-11, 5.36164862508e-11, 6.29370999761e-11, 1.07690828477e-10, 1.0395097283e-10, 4.93962717951e-11, 4.67132860171e-11, 1.84329721625e-11, 1.67186420957e-11],
        "max": [0.0946297720075, 0.0547723770142, 0.0380649194121, 0.0277711246163, 0.00538080651313, 0.00299160485156, 0.00206375541165, 0.00533904181793, 0.00319905951619, 0.00266520748846, 0.00385974626988, 0.00268373009749, 0.000763869669754, 0.00101546139922, 0.00053498824127, 0.000604500120971, 0.00038037559716, 0.000739101553336, 0.000577634200454, 0.00155202287715, 0.000335787597578, 0.000754249922466, 0.000730267085601, 0.000323087791912, 0.000146412436152, 0.000190589067643, 0.000168388141901, 0.000167378122569, 9.14398551686e-05, 0.00011359922064, 0.000103376456536, 7.61574628996e-05, 5.99237973802e-05, 7.1050497354e-05, 0.000106755491288, 9.81320918072e-05, 5.88776856603e-05, 5.86267451581e-05, 3.6936813558e-05, 2.91564392683e-05],
        "mean": [0.0137253114954, 0.00306426733732, 0.00127459282521, 0.000861596141476, 0.000199536778382, 0.00016282593424, 0.000222413786105, 0.000221614143811, 0.000150814841618, 0.000147329265019, 0.000125464852317, 0.000108900647319, 4.78425099573e-05, 2.08851306525e-05, 1.62286087289e-05, 1.11166546048e-05, 1.05626477307e-05, 7.1629856393e-06, 6.89294256517e-06, 1.10739629235e-05, 6.08253276368e-06, 6.89013268129e-06, 6.61125523038e-06, 5.22350956089e-06, 3.15072020385e-06, 3.33951015818e-06, 3.61675051863e-06, 3.17119361171e-06, 2.61116042566e-06, 2.81278244074e-06, 2.59716398432e-06, 2.31418789554e-06, 2.07834978028e-06, 1.86695831417e-06, 2.29767897508e-06, 2.23921688303e-06, 1.67655957739e-06, 1.6298315586e-06, 1.18509422009e-06, 1.26876182094e-06],
        "median": [0.00609527854249, 0.000838830485009, 0.000217193039134, 0.000227587166592, 8.74014294823e-05, 6.92965040798e-05, 9.6720046713e-05, 4.58271861135e-05, 4.50463157904e-05, 3.20595754602e-05, 3.51214548573e-05, 2.99351213471e-05, 1.48836079461e-05, 5.39779557585e-06, 4.41428028353e-06, 3.1586082514e-06, 1.92359993889e-06, 1.09697384687e-06, 9.34396439334e-07, 8.13648000531e-07, 6.73207637192e-07, 5.68735458728e-07, 7.75272894771e-07, 1.20650020108e-06, 8.08281868103e-07, 7.03209309449e-07, 6.34534899291e-07, 2.66140688154e-07, 1.38110252124e-07, 1.52989102276e-07, 1.68881911122e-07, 1.39864994253e-07, 1.72193281855e-07, 1.70847059167e-07, 2.77452670616e-07, 2.35813345739e-07, 1.86874586916e-07, 9.29005494754e-08, 3.79160915998e-08, 2.17207052344e-08],
        "min": [9.78019852482e-06, 8.02967679192e-06, 8.08169897937e-06, 5.53697327632e-06, 2.27409145737e-06, 1.0312012364e-06, 8.252188195e-07, 6.46753733236e-07, 4.83549399632e-07, 4.14165413076e-07, 6.53274241813e-07, 2.23156206403e-07, 1.49331484067e-07, 9.86015251669e-08, 9.30826260515e-08, 1.68326266703e-07, 6.77543070537e-08, 6.76090934348e-08, 4.70589611723e-08, 2.41102942056e-08, 1.30410224841e-08, 9.49966239006e-09, 1.3618976169e-08, 9.99603244622e-09, 1.06072732819e-08, 7.440913663e-09, 5.03411268227e-09, 2.47965759037e-09, 2.42950798368e-10, 1.29772625979e-09, 8.27224233557e-10, 4.605923698e-10, 2.11070952383e-10, 7.00540944698e-11, 6.26591556419e-11, 7.56223070275e-11, 1.32574978773e-10, 1.33709307515e-10, 3.04358933889e-11, 1.10138309063e-12],
