{
"highlevel": {
    "danceability": {
        "all": {
            "danceable": 0.602238953114,
            "not_danceable": 0.397761076689
        },
        "probability": 0.602238953114,
        "value": "danceable"
    },
    "gender": {
        "all": {
            "female": 0.0362386330962,
            "male": 0.963761389256
        },
        "probability": 0.963761389256,
        "value": "male"
    },
    "genre_dortmund": {
        "all": {
            "alternative": 0.148187682033,
            "blues": 0.0299279373139,
            "electronic": 0.0257000140846,
            "folkcountry": 0.0250179059803,
            "funksoulrnb": 0.00612479168922,
            "jazz": 0.0186644699425,
            "pop": 0.0481044463813,
            "raphiphop": 0.0107341762632,
            "rock": 0.687538564205
        },
        "probability": 0.687538564205,
        "value": "rock"
    },
    "genre_electronic": {
        "all": {
            "ambient": 0.132729738951,
            "dnb": 0.0793130323291,
            "house": 0.0289721917361,
            "techno": 0.018718611449,
            "trance": 0.740266442299
        },
        "probability": 0.740266442299,
        "value": "trance"
    },
    "genre_rosamerica": {
        "all": {
            "cla": 0.000824546033982,
            "dan": 0.0550855472684,
            "hip": 0.00484474096447,
            "jaz": 0.000506616255734,
            "pop": 0.106291040778,
            "rhy": 0.00291176699102,
            "roc": 0.82920229435,
            "spe": 0.000333416886861
        },
        "probability": 0.82920229435,
        "value": "roc"
    },
    "genre_tzanetakis": {
        "all": {
            "blu": 0.0626541376114,
            "cla": 0.0348133966327,
            "cou": 0.0783501937985,
            "dis": 0.104547761381,
            "hip": 0.15693578124,
            "jaz": 0.313987255096,
            "met": 0.044816005975,
            "pop": 0.0627349764109,
            "reg": 0.0627352520823,
            "roc": 0.0784252434969
        },
        "probability": 0.313987255096,
        "value": "jaz"
    },
    "ismir04_rhythm": {
        "all": {
            "ChaChaCha": 0.0386440642178,
            "Jive": 0.867822647095,
            "Quickstep": 0.00240589794703,
            "Rumba-American": 0.00221865205094,
            "Rumba-International": 0.00447851791978,
            "Rumba-Misc": 0.00244897929952,
            "Samba": 0.0530951730907,
            "Tango": 0.00274933781475,
            "VienneseWaltz": 0.0247883033007,
            "Waltz": 0.00134845450521
        },
        "probability": 0.867822647095,
        "value": "Jive"
    },
    "mood_acoustic": {
        "all": {
            "acoustic": 1.16203761991e-06,
            "not_acoustic": 0.999998867512
        },
        "probability": 0.999998867512,
        "value": "not_acoustic"
    },
    "mood_aggressive": {
        "all": {
            "aggressive": 0.968208909035,
            "not_aggressive": 0.0317910984159
        },
        "probability": 0.968208909035,
        "value": "aggressive"
    },
    "mood_electronic": {
        "all": {
            "electronic": 0.482579261065,
            "not_electronic": 0.517420709133
        },
        "probability": 0.517420709133,
        "value": "not_electronic"
    },
    "mood_happy": {
        "all": {
            "happy": 0.786772191525,
            "not_happy": 0.213227808475
        },
        "probability": 0.786772191525,
        "value": "happy"
    },
    "mood_party": {
        "all": {
            "not_party": 0.193476006389,
            "party": 0.80652397871
        },
        "probability": 0.80652397871,
        "value": "party"
    },
    "mood_relaxed": {
        "all": {
            "not_relaxed": 0.973794162273,
            "relaxed": 0.0262058507651
        },
        "probability": 0.973794162273,
        "value": "not_relaxed"
    },
    "mood_sad": {
        "all": {
            "not_sad": 0.951249420643,
            "sad": 0.0487505942583
        },
        "probability": 0.951249420643,
        "value": "not_sad"
    },
    "moods_mirex": {
        "all": {
            "Cluster1": 0.446000546217,
            "Cluster2": 0.0670326650143,
            "Cluster3": 0.0425843223929,
            "Cluster4": 0.0811544507742,
            "Cluster5": 0.36322799325
        },
        "probability": 0.446000546217,
        "value": "Cluster1"
    },
    "timbre": {
        "all": {
            "bright": 0.895280480385,
            "dark": 0.104719541967
        },
        "probability": 0.895280480385,
        "value": "bright"
    },
    "tonal_atonal": {
        "all": {
            "atonal": 0.0453073643148,
            "tonal": 0.954692661762
        },
        "probability": 0.954692661762,
        "value": "tonal"
    },
    "voice_instrumental": {
        "all": {
            "instrumental": 0.012980482541,
            "voice": 0.987019538879
        },
        "probability": 0.987019538879,
        "value": "voice"
    }
},
"lowlevel": {
    "average_loudness": 0.974275290966,
    "barkbands_crest": {
        "dmean": 3.1760904789,
        "dmean2": 4.97758960724,
        "dvar": 7.4449262619,
        "dvar2": 17.9359130859,
        "max": 22.8234615326,
        "mean": 10.2975006104,
        "median": 9.50345039368,
        "min": 2.52066850662,
        "var": 20.2680339813
    },
    "barkbands_flatness_db": {
        "dmean": 0.0195402912796,
        "dmean2": 0.0306884385645,
        "dvar": 0.000421527220169,
        "dvar2": 0.000905204215087,
        "max": 0.405176728964,
        "mean": 0.118199788034,
        "median": 0.10412979126,
        "min": 0.0498375855386,
        "var": 0.00307190651074
    },
    "barkbands_kurtosis": {
        "dmean": 2.0119600296,
        "dmean2": 2.97675228119,
        "dvar": 30.0400943756,
        "dvar2": 60.2348098755,
        "max": 89.9067764282,
        "mean": 1.70206749439,
        "median": -0.333460330963,
        "min": -1.70627260208,
        "var": 66.8517913818
    },
    "barkbands_skewness": {
        "dmean": 0.514620661736,
        "dmean2": 0.785525500774,
        "dvar": 0.289816886187,
        "dvar2": 0.584939002991,
        "max": 8.15230560303,
        "mean": 1.08713066578,
        "median": 0.882260859013,
        "min": -1.15994203091,
        "var": 1.31481528282
    },
    "barkbands_spread": {
        "dmean": 6.22672557831,
        "dmean2": 9.62234020233,
        "dvar": 36.9504203796,
        "dvar2": 75.6102905273,
        "max": 91.919708252,
        "mean": 35.6110229492,
        "median": 35.4177284241,
        "min": 1.26067364216,
        "var": 203.957870483
    },
    "dissonance": {
        "dmean": 0.0111623909324,
        "dmean2": 0.0190354734659,
        "dvar": 0.000155228743097,
        "dvar2": 0.00042503955774,
        "max": 0.499952584505,
        "mean": 0.482626646757,
        "median": 0.486930012703,
        "min": 0.335214346647,
        "var": 0.000289154791972
    },
    "dynamic_complexity": 1.63915276527,
    "erbbands_crest": {
        "dmean": 2.3506155014,
        "dmean2": 3.90288829803,
        "dvar": 5.26278829575,
        "dvar2": 12.9414367676,
        "max": 24.6702880859,
        "mean": 7.40342760086,
        "median": 6.20453357697,
        "min": 2.43249535561,
        "var": 14.1745548248
    },
    "erbbands_flatness_db": {
        "dmean": 0.012018725276,
        "dmean2": 0.0182294100523,
        "dvar": 0.000125079051941,
        "dvar2": 0.000262627640041,
        "max": 0.301265388727,
        "mean": 0.136412769556,
        "median": 0.130848988891,
        "min": 0.0773128122091,
        "var": 0.00107609387487
    },
    "erbbands_kurtosis": {
        "dmean": 0.686306118965,
        "dmean2": 1.08296775818,
        "dvar": 0.699763536453,
        "dvar2": 1.70709133148,
        "max": 13.5318317413,
        "mean": 0.220578536391,
        "median": -0.118446350098,
        "min": -1.46789646149,
        "var": 1.67308461666
    },
    "erbbands_skewness": {
        "dmean": 0.262585699558,
        "dmean2": 0.402413517237,
        "dvar": 0.0457184389234,
        "dvar2": 0.111030936241,
        "max": 1.40311956406,
        "mean": -0.280021131039,
        "median": -0.322964280844,
        "min": -1.76475203037,
        "var": 0.213206842542
    },
    "erbbands_spread": {
        "dmean": 6.74766302109,
        "dmean2": 10.4366130829,
        "dvar": 32.23777771,
        "dvar2": 72.1228103638,
        "max": 105.323516846,
        "mean": 37.5258712769,
        "median": 36.6261940002,
        "min": 4.63709640503,
        "var": 170.948623657
    },
    "hfc": {
        "dmean": 7.2430062294,
        "dmean2": 10.2710790634,
        "dvar": 59.0277366638,
        "dvar2": 120.434387207,
        "max": 95.9136581421,
        "mean": 32.8763465881,
        "median": 31.807472229,
        "min": 0.633632600307,
        "var": 337.823516846
    },
    "melbands_crest": {
        "dmean": 3.81288814545,
        "dmean2": 5.76849126816,
        "dvar": 10.1608037949,
        "dvar2": 22.213054657,
        "max": 31.3313102722,
        "mean": 15.8317909241,
        "median": 15.6080827713,
        "min": 4.06481838226,
        "var": 36.8866539001
    },
    "melbands_flatness_db": {
        "dmean": 0.0265306197107,
        "dmean2": 0.0404851473868,
        "dvar": 0.000653169176076,
        "dvar2": 0.00139276788104,
        "max": 0.485773831606,
        "mean": 0.157360941172,
        "median": 0.141359269619,
        "min": 0.0457761846483,
        "var": 0.00564505765215
    },
    "melbands_kurtosis": {
        "dmean": 5.99038219452,
        "dmean2": 9.04879379272,
        "dvar": 151.500137329,
        "dvar2": 311.798034668,
        "max": 202.248779297,
        "mean": 9.84486961365,
        "median": 4.80246829987,
        "min": -1.71091628075,
        "var": 343.431396484
    },
    "melbands_skewness": {
        "dmean": 0.743507564068,
        "dmean2": 1.13281369209,
        "dvar": 0.55143558979,
        "dvar2": 1.18035626411,
        "max": 11.453663826,
        "mean": 2.49521803856,
        "median": 2.21544241905,
        "min": -0.507498025894,
        "var": 2.35485839844
    },
    "melbands_spread": {
        "dmean": 10.1264314651,
        "dmean2": 15.857047081,
        "dvar": 99.1743087769,
        "dvar2": 234.898529053,
        "max": 120.434036255,
        "mean": 36.5437774658,
        "median": 35.0623397827,
        "min": 0.936278641224,
        "var": 353.907684326
    },
    "pitch_salience": {
        "dmean": 0.0800873413682,
        "dmean2": 0.123784735799,
        "dvar": 0.00474201375619,
        "dvar2": 0.0114489654079,
        "max": 0.776119947433,
        "mean": 0.4978094697,
        "median": 0.501666605473,
        "min": 0.0744130387902,
        "var": 0.0152290426195
    },
    "silence_rate_20dB": {
        "dmean": 0,
        "dmean2": 0,
        "dvar": 0,
        "dvar2": 0,
        "max": 1,
        "mean": 1,
        "median": 1,
        "min": 1,
        "var": 0
    },
    "silence_rate_30dB": {
        "dmean": 0,
        "dmean2": 0,
        "dvar": 0,
        "dvar2": 0,
        "max": 1,
        "mean": 1,
        "median": 1,
        "min": 1,
        "var": 0
    },
    "silence_rate_60dB": {
        "dmean": 0.00232198135927,
        "dmean2": 0.00464755995199,
        "dvar": 0.00231658713892,
        "dvar2": 0.0046259695664,
        "max": 1,
        "mean": 0.00541376648471,
        "median": 0,
        "min": 0,
        "var": 0.00538445916027
    },
    "spectral_centroid": {
        "dmean": 242.292007446,
        "dmean2": 380.579498291,
        "dvar": 46295.203125,
        "dvar2": 114295.695312,
        "max": 3291.15429688,
        "mean": 1989.9987793,
        "median": 2085.89477539,
        "min": 178.732940674,
        "var": 313608.28125
    },
    "spectral_complexity": {
        "dmean": 4.64860677719,
        "dmean2": 6.68241691589,
        "dvar": 16.4941730499,
        "dvar2": 31.5148773193,
        "max": 58,
        "mean": 31.8592414856,
        "median": 33,
        "min": 2,
        "var": 133.601470947
    },
    "spectral_decrease": {
        "dmean": 2.4349475769e-09,
        "dmean2": 3.6491794031e-09,
        "dvar": 5.93882220357e-18,
        "dvar2": 1.26779441313e-17,
        "max": -2.46497378065e-10,
        "mean": -7.80223263774e-09,
        "median": -7.28252347315e-09,
        "min": -2.0440966253e-08,
        "var": 1.34083049075e-17
    },
    "spectral_energy": {
        "dmean": 0.00952071044594,
        "dmean2": 0.0141483172774,
        "dvar": 8.78644859768e-05,
        "dvar2": 0.000186103177839,
        "max": 0.0801346004009,
        "mean": 0.032429471612,
        "median": 0.0313161946833,
        "min": 0.000987806706689,
        "var": 0.000213004430407
    },
    "spectral_energyband_high": {
        "dmean": 0.00046346054296,
        "dmean2": 0.000655277923215,
        "dvar": 5.08727566739e-07,
        "dvar2": 9.48738318129e-07,
        "max": 0.00885734148324,
        "mean": 0.00167080049869,
        "median": 0.00120498565957,
        "min": 1.16961530239e-06,
        "var": 2.31956255448e-06
    },
    "spectral_energyband_low": {
        "dmean": 0.00738659268245,
        "dmean2": 0.0113648762926,
        "dvar": 7.57239904488e-05,
        "dvar2": 0.000167062971741,
        "max": 0.0761904045939,
        "mean": 0.0151353795081,
        "median": 0.0114243524149,
        "min": 0.000163252698258,
        "var": 0.000143193567055
    },
    "spectral_energyband_middle_high": {
        "dmean": 0.00256566517055,
        "dmean2": 0.00374949350953,
        "dvar": 7.67544406699e-06,
        "dvar2": 1.72402560565e-05,
        "max": 0.0345935486257,
        "mean": 0.00881081074476,
        "median": 0.00781679991633,
        "min": 0.000166798577993,
        "var": 3.57009957952e-05
    },
    "spectral_energyband_middle_low": {
        "dmean": 0.0037189910654,
        "dmean2": 0.00600648019463,
        "dvar": 2.58734089584e-05,
        "dvar2": 6.5118772909e-05,
        "max": 0.0401706397533,
        "mean": 0.00751478550956,
        "median": 0.00580123066902,
        "min": 0.000178757924004,
        "var": 3.74760711566e-05
    },
    "spectral_entropy": {
        "dmean": 0.0938365310431,
        "dmean2": 0.138026595116,
        "dvar": 0.0119822220877,
        "dvar2": 0.0249585472047,
        "max": 8.57174873352,
        "mean": 7.92523050308,
        "median": 7.96990394592,
        "min": 6.17871713638,
        "var": 0.112060509622
    },
    "spectral_flux": {
        "dmean": 0.0288428235799,
        "dmean2": 0.0426690541208,
        "dvar": 0.000773369567469,
        "dvar2": 0.0016428604722,
        "max": 0.248824477196,
        "mean": 0.10319262743,
        "median": 0.0981775075197,
        "min": 0.0165538284928,
        "var": 0.00172176712658
    },
    "spectral_kurtosis": {
        "dmean": 0.993990600109,
        "dmean2": 1.68912732601,
        "dvar": 1.69038701057,
        "dvar2": 4.69169044495,
        "max": 25.7971038818,
        "mean": 3.24007248878,
        "median": 2.89969444275,
        "min": -0.395885944366,
        "var": 4.56385707855
    },
    "spectral_rms": {
        "dmean": 0.000817839696538,
        "dmean2": 0.00120125489775,
        "dvar": 5.70707356928e-07,
        "dvar2": 1.14152555852e-06,
        "max": 0.00884195137769,
        "mean": 0.00546708749607,
        "median": 0.00552742136642,
        "min": 0.000981689314358,
        "var": 1.74935780706e-06
    },
    "spectral_rolloff": {
        "dmean": 603.647583008,
        "dmean2": 955.066711426,
        "dvar": 640510.5,
        "dvar2": 1242081.25,
        "max": 9453.07617188,
        "mean": 2152.5378418,
        "median": 2067.1875,
        "min": 86.1328125,
        "var": 1999981.25
    },
    "spectral_skewness": {
        "dmean": 0.146657004952,
        "dmean2": 0.238129675388,
        "dvar": 0.0200690310448,
        "dvar2": 0.0507891103625,
        "max": 3.55529808998,
        "mean": 1.2798525095,
        "median": 1.25537121296,
        "min": 0.554184734821,
        "var": 0.0934821590781
    },
    "spectral_spread": {
        "dmean": 345941.3125,
        "dmean2": 502521.3125,
        "dvar": 207841738752,
        "dvar2": 287737675776,
        "max": 12462953,
        "mean": 4480505.5,
        "median": 4403395.5,
        "min": 1903388.125,
        "var": 1.03142516326e+12
    },
    "spectral_strongpeak": {
        "dmean": 0.581143856049,
        "dmean2": 1.02013993263,
        "dvar": 1.54339492321,
        "dvar2": 4.08256435394,
        "max": 12.099275589,
        "mean": 0.731518805027,
        "median": 0.329667389393,
        "min": 0.0306865982711,
        "var": 1.65448820591
    },
    "zerocrossingrate": {
        "dmean": 0.0111854951829,
        "dmean2": 0.013103033416,
        "dvar": 0.00012513382535,
        "dvar2": 0.00015524988703,
        "max": 0.244140625,
        "mean": 0.0766012445092,
        "median": 0.07470703125,
        "min": 0.00390625,
        "var": 0.00111273559742
    },
    "barkbands": {
        "dmean": [0.000166594676557, 0.00651464145631, 0.00288944318891, 0.00119147391524, 0.00100079923868, 0.00116510060616, 0.000628791865893, 0.000415645801695, 0.000900612503756, 0.000615574652329, 0.000218886707444, 0.000340774829965, 0.000599224295001, 0.000752827210817, 0.000682703044731, 0.000588864670135, 0.000570927048102, 0.000370883470168, 0.000330226583173, 0.00022321526194, 0.000141877506394, 0.000112439614895, 0.00012077565043, 0.000124484373373, 6.1070175434e-05, 1.55922898557e-05, 1.29070105714e-08],
        "dmean2": [0.000259557942627, 0.0101423086599, 0.00514656957239, 0.00209596240893, 0.00164644396864, 0.00195026269648, 0.00103798636701, 0.000675966322888, 0.00139096844941, 0.0010024686344, 0.000363591971109, 0.000564181013033, 0.00093827774981, 0.00125083653256, 0.00105459557381, 0.000933802919462, 0.000924781430513, 0.000611448660493, 0.000540332286619, 0.00036423446727, 0.000227553086006, 0.000175969224074, 0.000178335481905, 0.000180828283192, 9.30679525482e-05, 2.19812318392e-05, 2.14279030075e-08],
        "dvar": [5.27765458003e-08, 6.60006917315e-05, 2.52220543189e-05, 4.10594248024e-06, 5.33196725883e-06, 3.90594505006e-06, 1.03824038433e-06, 7.47792000766e-07, 1.97058352569e-06, 1.02839885585e-06, 9.80121512839e-08, 2.20618517233e-07, 1.73208286469e-06, 1.87838884358e-06, 1.82060341558e-06, 1.18863840726e-06, 8.06844411727e-07, 3.01098310729e-07, 2.10152180102e-07, 9.14411870667e-08, 3.28728511079e-08, 2.83366787812e-08, 5.96891212012e-08, 7.40342187555e-08, 1.78295103126e-08, 6.44817088613e-10, 6.28178141354e-15],
        "dvar2": [1.31920884883e-07, 0.000149425861309, 7.02473917045e-05, 1.11714252853e-05, 1.36952667162e-05, 1.02838530438e-05, 2.75432330454e-06, 1.81881796379e-06, 4.35218771599e-06, 2.65652829512e-06, 2.39904380805e-07, 5.46643377675e-07, 3.98765632781e-06, 4.96193069921e-06, 4.06545768783e-06, 2.75291358776e-06, 2.1339765226e-06, 7.61206990774e-07, 5.76676313813e-07, 2.28521201961e-07, 8.11234457387e-08, 5.97701799165e-08, 1.34309331656e-07, 1.46031382542e-07, 3.88264425055e-08, 1.30687505262e-09, 9.55113250181e-15],
        "max": [0.0017795044696, 0.0537604689598, 0.0420837029815, 0.0140624567866, 0.0212978962809, 0.0240075811744, 0.0127921020612, 0.0125140128657, 0.0216570943594, 0.0141161959618, 0.00557703804225, 0.00673718657345, 0.0242446195334, 0.0119091728702, 0.0154785392806, 0.018141945824, 0.0105243297294, 0.00846794433892, 0.0066305231303, 0.00433552497998, 0.0025662202388, 0.00253667240031, 0.00409136526287, 0.00358541007154, 0.00263310596347, 0.000489831552841, 2.39255405177e-06],
        "mean": [0.000213612263906, 0.0103994440287, 0.00392713211477, 0.00111415877473, 0.00111473421566, 0.00177102524322, 0.00101403030567, 0.000636330456473, 0.00161935726646, 0.000989755964838, 0.000326591194607, 0.000584545952734, 0.000981017830782, 0.00110310094897, 0.00104993046261, 0.00105029228143, 0.0010935801547, 0.000749036378693, 0.00070510286605, 0.00051594740944, 0.000381519348593, 0.000309441180434, 0.000300369865727, 0.000292157201329, 0.00015107501531, 3.6114910472e-05, 9.87031523181e-09],
        "median": [0.00010133304022, 0.0060094287619, 0.00187404989265, 0.000472741259728, 0.000504480558448, 0.00115559890401, 0.000623163883574, 0.000327426241711, 0.000787362980191, 0.000559334119316, 0.000204698095331, 0.000372811773559, 0.000369868066628, 0.000532957667019, 0.000486944656586, 0.000693530018907, 0.000768490717746, 0.000564718444366, 0.000553396646865, 0.000439403287601, 0.000312976364512, 0.000218273577048, 0.00019192569016, 0.000158319191542, 8.3934275608e-05, 1.90374830709e-05, 7.44895256588e-10],
        "min": [3.39193860555e-07, 1.95108550542e-05, 1.6050573322e-05, 1.90251478216e-06, 3.74605269826e-06, 1.88654871636e-06, 3.94596372644e-06, 1.67073994817e-06, 1.35717800731e-05, 4.14568876295e-06, 1.60029287599e-06, 6.57112150293e-06, 2.99550310956e-06, 7.66225241478e-07, 5.05001992224e-07, 1.89392801531e-06, 7.51730681259e-07, 8.08634581517e-07, 9.35912794375e-07, 6.70198744501e-07, 4.08990814549e-07, 1.66367883025e-07, 9.26712218074e-08, 2.3701520746e-08, 1.11408327008e-09, 5.99321356431e-11, 5.84596260289e-12],
        "var": [7.34159755211e-08, 0.000109400163637, 2.45930477831e-05, 3.09230176754e-06, 4.56917632619e-06, 4.61976469524e-06, 1.48795641053e-06, 1.24085920561e-06, 5.09211804456e-06, 1.89590411992e-06, 1.66894380982e-07, 4.69078258902e-07, 4.74362150271e-06, 2.59269654634e-06, 3.14224598696e-06, 2.37817857851e-06, 1.43831550758e-06, 5.17953765211e-07, 4.00487692787e-07, 1.82118185421e-07, 8.97414906831e-08, 8.57268105392e-08, 1.33799375135e-07, 1.97043263483e-07, 4.98874150878e-08, 2.7056323848e-09, 5.76713859435e-15]
    },
    "erbbands": {
        "dmean": [0.195966243744, 1.54824984074, 3.12295985222, 3.53929185867, 4.46323394775, 2.68521022797, 3.74534058571, 12.313498497, 11.0315980911, 6.98657894135, 9.6417427063, 16.4534816742, 24.582567215, 12.6008548737, 10.2431516647, 12.1706781387, 25.6406059265, 31.2500915527, 32.1529388428, 32.4924430847, 28.2509078979, 31.0752468109, 20.5998973846, 15.6754693985, 15.696015358, 8.67478466034, 6.10809278488, 5.50159692764, 4.40889263153, 3.74275708199, 3.487003088, 3.16206288338, 1.89346623421, 0.971792280674, 0.282864391804, 0.0865705534816, 0.0306160692126, 0.00267855008133, 5.01097565575e-05, 1.21459734146e-05],
        "dmean2": [0.271815985441, 2.44364380836, 5.37738656998, 6.37982606888, 7.53984451294, 4.46861600876, 6.15553474426, 20.8304786682, 18.0657310486, 11.5726995468, 15.3739757538, 26.060842514, 38.8064422607, 19.9219074249, 16.5639343262, 19.7317810059, 39.2878684998, 50.2839355469, 50.9943313599, 51.2514038086, 44.3244934082, 50.2377090454, 33.2231674194, 25.4910125732, 25.4079380035, 14.0757951736, 9.92906761169, 8.88825893402, 6.94409704208, 5.64400815964, 5.24561262131, 4.74563884735, 2.74247527122, 1.51069843769, 0.435708135366, 0.128126740456, 0.0437249466777, 0.00399657525122, 7.05110796844e-05, 1.71326410054e-05],
        "dvar": [0.0587017424405, 3.71400332451, 26.5002231598, 41.3660469055, 97.5165481567, 34.4936981201, 40.8823814392, 492.286956787, 353.653869629, 125.038818359, 297.693878174, 670.161254883, 1672.24475098, 391.769775391, 185.561965942, 302.586029053, 3744.76904297, 3177.79907227, 3306.34106445, 4510.71533203, 2694.58081055, 2400.90649414, 914.921813965, 413.157226562, 438.158325195, 97.6745452881, 58.3907470703, 54.9006576538, 40.8645553589, 44.1924247742, 48.1834144592, 45.9265480042, 17.3934078217, 5.06064462662, 0.28147354722, 0.0180593878031, 0.00244466564618, 1.9857141524e-05, 5.95479621168e-09, 1.27432786545e-10],
        "dvar2": [0.111225485802, 9.08242702484, 69.8326339722, 117.287399292, 250.480651855, 88.352142334, 107.089347839, 1315.69470215, 989.690063477, 329.467834473, 682.986938477, 1588.48864746, 4035.25366211, 948.403564453, 449.932617188, 734.002319336, 8136.42529297, 8219.22851562, 7771.04980469, 10392.2197266, 6377.93652344, 6229.78320312, 2407.22900391, 1103.93188477, 1143.08178711, 250.187423706, 152.371063232, 130.364028931, 92.891166687, 92.4955291748, 111.547019958, 95.5721359253, 33.8900489807, 11.1202411652, 0.660223901272, 0.0382554903626, 0.00455021904781, 4.43336357421e-05, 1.22865504437e-08, 2.46824116701e-10],
        "max": [1.6186645031, 12.2619495392, 50.5729904175, 45.8170547485, 76.6331634521, 74.6131286621, 77.3155441284, 271.96472168, 215.446228027, 145.588684082, 291.676239014, 353.211608887, 501.525543213, 426.197418213, 235.041229248, 287.851226807, 1285.79748535, 658.994018555, 696.423095703, 1248.5300293, 1226.78112793, 664.750976562, 538.086242676, 291.257965088, 252.494049072, 126.018615723, 124.585075378, 85.1414413452, 87.4234695435, 131.705230713, 115.308288574, 104.031951904, 63.3832092285, 45.6938247681, 8.88993167877, 2.49808549881, 1.02418756485, 0.0687641650438, 0.00138287746813, 0.000176232497324],
        "mean": [0.302614241838, 2.31334280968, 4.77745389938, 4.04052829742, 4.00083971024, 3.35173892975, 6.1757144928, 17.6959190369, 17.5058078766, 11.6445856094, 16.4792461395, 29.8619365692, 41.3071937561, 22.5166664124, 18.0052967072, 23.3767681122, 45.5434837341, 48.8080062866, 54.1513442993, 59.2900733948, 55.5779151917, 62.3811645508, 44.3939094543, 35.9367637634, 37.6372795105, 21.8949832916, 16.1389923096, 14.0240373611, 11.460059166, 9.84025096893, 8.46686935425, 7.03869485855, 4.25192308426, 2.24322199821, 0.719818294048, 0.206841632724, 0.064264729619, 0.00446578254923, 0.000116937961138, 4.79184564028e-05],
        "median": [0.126909032464, 1.45052230358, 2.74005055428, 2.50182914734, 1.38715696335, 1.61570239067, 4.09011077881, 10.2058610916, 11.0497570038, 7.81905698776, 9.4327507019, 16.8236141205, 20.8343219757, 15.1321249008, 11.9411125183, 14.3891296387, 18.3749847412, 25.0833377838, 30.0713367462, 32.1070632935, 39.9380493164, 45.4288787842, 35.015411377, 30.003364563, 29.7542304993, 19.5312423706, 13.8513746262, 10.6440858841, 8.40295124054, 6.77704811096, 5.29194355011, 3.91156864166, 2.23936843872, 1.18075859547, 0.438227027655, 0.12238137424, 0.0296885911375, 0.00181615841575, 6.50251749903e-05, 4.60927949462e-05],
        "min": [0.000866428366862, 0.0110947713256, 0.0318456478417, 0.0260334964842, 0.0789581164718, 0.0230722855777, 0.0408071838319, 0.0308584813029, 0.0634917989373, 0.0717187449336, 0.12537612021, 0.336028128862, 0.402007550001, 0.228174388409, 0.429262459278, 0.312287926674, 0.145392253995, 0.141494348645, 0.0636117532849, 0.0676667094231, 0.0761506408453, 0.0520225279033, 0.0463401861489, 0.036633707583, 0.0605809427798, 0.0383543334901, 0.0143742356449, 0.0146676581353, 0.00665878504515, 0.00538372155279, 0.00238395575434, 0.000980875105597, 0.000316665653372, 3.35097029165e-05, 1.19809556054e-05, 5.41984036317e-06, 1.50626112827e-06, 2.11869277678e-07, 7.63493972045e-07, 1.1585007087e-06],
        "var": [0.122548289597, 5.36697769165, 30.433221817, 28.2582416534, 77.3367462158, 31.8168239594, 53.412776947, 540.244750977, 448.627410889, 177.238067627, 586.788024902, 1476.02490234, 3420.03979492, 767.374023438, 369.020996094, 831.442382812, 11038.1289062, 4890.81884766, 5594.38378906, 9059.30273438, 4332.98193359, 4464.16357422, 1658.36584473, 866.016174316, 1123.62536621, 240.806533813, 138.890594482, 147.470672607, 113.927116394, 108.813842773, 109.29070282, 108.070755005, 46.9391593933, 13.0139741898, 0.894077062607, 0.0720270648599, 0.0104118213058, 5.7684861531e-05, 2.36400730103e-08, 5.14832565468e-10]
    },
    "gfcc": {
        "mean": [44.044670105, 78.4445800781, -129.488723755, 50.4810409546, -54.5549049377, 27.3950595856, -34.7963027954, 22.1593284607, -15.4361114502, 7.29707431793, -12.5241794586, 1.04406881332, -8.59619235992],
        "cov": [[3644.38378906, -1713.89758301, -84.5498504639, 69.4308395386, -422.768432617, 30.9249744415, -736.199401855, 231.883483887, -205.062408447, 353.163848877, -151.379455566, 271.271759033, -151.795089722], [-1713.89758301, 1111.15466309, -29.9072685242, -74.068321228, 260.708221436, -58.9334716797, 382.821899414, -159.256988525, 90.896774292, -198.057067871, 90.408241272, -169.115707397, 73.7151260376], [-84.5498504639, -29.9072685242, 247.229919434, 55.0098686218, 3.94800043106, 42.391242981, 40.0591773987, 19.1915550232, 3.1200633049, -8.0252494812, -2.01615476608, 23.6965351105, 7.77170753479], [69.4308395386, -74.068321228, 55.0098686218, 131.652252197, 18.0134067535, 7.68844795227, -33.4689483643, 22.493188858, 14.8631439209, 17.3508872986, 9.57641983032, 17.1191082001, 14.5085048676], [-422.768432617, 260.708221436, 3.94800043106, 18.0134067535, 176.207580566, 22.6800823212, 122.963088989, -3.57768535614, 56.6219100952, -30.9692420959, 29.3450107574, -43.2448616028, 23.0086402893], [30.9249744415, -58.9334716797, 42.391242981, 7.68844795227, 22.6800823212, 96.9434890747, 45.6241226196, 35.7313423157, 9.22970199585, 14.3760232925, 10.0966024399, 11.6076850891, 3.16577887535], [-736.199401855, 382.821899414, 40.0591773987, -33.4689483643, 122.963088989, 45.6241226196, 252.918075562, -12.2219018936, 45.2357330322, -76.8676071167, 33.694442749, -61.8012390137, 15.7376966476], [231.883483887, -159.256988525, 19.1915550232, 22.493188858, -3.57768535614, 35.7313423157, -12.2219018936, 108.399116516, 36.5355491638, 51.3456306458, 0.870859742165, 32.0902137756, 5.23085594177], [-205.062408447, 90.896774292, 3.1200633049, 14.8631439209, 56.6219100952, 9.22970199585, 45.2357330322, 36.5355491638, 87.6332321167, 16.8102111816, 25.9767284393, -7.64450788498, 32.6315193176], [353.163848877, -198.057067871, -8.0252494812, 17.3508872986, -30.9692420959, 14.3760232925, -76.8676071167, 51.3456306458, 16.8102111816, 104.694816589, 24.464515686, 48.9084434509, -6.60227012634], [-151.379455566, 90.408241272, -2.01615476608, 9.57641983032, 29.3450107574, 10.0966024399, 33.694442749, 0.870859742165, 25.9767284393, 24.464515686, 81.0306625366, 23.3575229645, 26.5806045532], [271.271759033, -169.115707397, 23.6965351105, 17.1191082001, -43.2448616028, 11.6076850891, -61.8012390137, 32.0902137756, -7.64450788498, 48.9084434509, 23.3575229645, 80.8778305054, 19.9824695587], [-151.795089722, 73.7151260376, 7.77170753479, 14.5085048676, 23.0086402893, 3.16577887535, 15.7376966476, 5.23085594177, 32.6315193176, -6.60227012634, 26.5806045532, 19.9824695587, 69.4471664429]],
        "icov": [[0.00173195137177, 0.000521119043697, 0.000470387545647, 0.000303868408082, -0.000502545852214, -0.000960455508903, 0.00298562343232, -0.00219960254617, 0.00250514526851, -0.0015716740163, 0.00134532747325, -0.00144293752965, 0.00138948706444], [0.000521119043697, 0.00842760782689, -0.000201717310119, 0.00210151565261, -0.00335169676691, 0.00619178591296, -0.00589675549418, 0.00519777229056, -0.00163729779888, 0.00323997461237, -0.00680326391011, 0.00729279406369, -0.00486710714176], [0.000470387545647, -0.000201717310119, 0.00577129051089, -0.00291660404764, 0.00100689777173, -0.00202969228849, -0.00125610257965, -2.14690408029e-05, 5.13115410286e-05, 0.000131569016958, 0.00274187070318, -0.00442262040451, 0.00146243779454], [0.000303868408082, 0.00210151565261, -0.00291660404764, 0.0112144136801, -0.00379623030312, 0.00116220710333, 0.00330912624486, -0.00110697303899, -0.000360718229786, 0.00200699502602, -0.0040113828145, 0.00303767365403, -0.00202311598696], [-0.000502545852214, -0.00335169676691, 0.00100689777173, -0.00379623030312, 0.0128300180659, -0.00348510639742, -0.00237616407685, -0.000221433117986, -0.00408130837604, -0.00117715587839, 0.00130504753906, 0.000584261142649, 0.000741109368391], [-0.000960455508903, 0.00619178591296, -0.00202969228849, 0.00116220710333, -0.00348510639742, 0.0209414828569, -0.01159167476, 0.00152202742174, 0.001008706633, -0.000505613454152, -0.00521469628438, 0.00560434209183, -0.00611378252506], [0.00298562343232, -0.00589675549418, -0.00125610257965, 0.00330912624486, -0.00237616407685, -0.01159167476, 0.0240954980254, -0.0114090358838, 0.00325655634515, 0.00405233260244, 3.35050972353e-05, -0.00368377217092, 0.00885109510273], [-0.00219960254617, 0.00519777229056, -2.14690408029e-05, -0.00110697303899, -0.000221433117986, 0.00152202742174, -0.0114090358838, 0.0258896928281, -0.0140165891498, -0.00181825179607, 0.000819160602987, -0.000510266865604, -0.00320548913442], [0.00250514526851, -0.00163729779888, 5.13115410286e-05, -0.000360718229786, -0.00408130837604, 0.001008706633, 0.00325655634515, -0.0140165891498, 0.0319757163525, -0.0128456689417, 0.00163689767942, 0.00672147423029, -0.00989919435233], [-0.0015716740163, 0.00323997461237, 0.000131569016958, 0.00200699502602, -0.00117715587839, -0.000505613454152, 0.00405233260244, -0.00181825179607, -0.0128456689417, 0.0319194495678, -0.015207442455, -0.00329735549167, 0.00816304516047], [0.00134532747325, -0.00680326391011, 0.00274187070318, -0.0040113828145, 0.00130504753906, -0.00521469628438, 3.35050972353e-05, 0.000819160602987, 0.00163689767942, -0.015207442455, 0.0319549255073, -0.0176882445812, 0.00107322167605], [-0.00144293752965, 0.00729279406369, -0.00442262040451, 0.00303767365403, 0.000584261142649, 0.00560434209183, -0.00368377217092, -0.000510266865604, 0.00672147423029, -0.00329735549167, -0.0176882445812, 0.0425725318491, -0.0195617023855], [0.00138948706444, -0.00486710714176, 0.00146243779454, -0.00202311598696, 0.000741109368391, -0.00611378252506, 0.00885109510273, -0.00320548913442, -0.00989919435233, 0.00816304516047, 0.00107322167605, -0.0195617023855, 0.0317758470774]]
    },
    "melbands": {
        "dmean": [0.00178705505095, 0.00157768977806, 0.000656813150272, 0.000256941479165, 0.00012051921658, 0.000258968095295, 0.000155119487317, 8.04968294688e-05, 8.55328034959e-05, 0.000117029187095, 0.000126183600514, 5.76708516746e-05, 3.33939315169e-05, 3.73607690562e-05, 5.63942012377e-05, 5.4173899116e-05, 6.31603688817e-05, 5.65828231629e-05, 5.84580557188e-05, 4.31682674389e-05, 3.55372758349e-05, 3.51438757207e-05, 2.76011687674e-05, 1.99346704903e-05, 1.35817235787e-05, 1.3507856238e-05, 1.20830754895e-05, 5.62600962439e-06, 4.43822364105e-06, 3.83383894587e-06, 3.28420992446e-06, 2.73630439551e-06, 2.392384431e-06, 2.25473468163e-06, 2.21614232032e-06, 2.22791436499e-06, 2.03661898013e-06, 1.51272411131e-06, 1.18814273264e-06, 7.71641680331e-07],
        "dmean2": [0.00269117695279, 0.00255647674203, 0.00115765607916, 0.000426521379268, 0.000198656678549, 0.000434843124822, 0.000254588027019, 0.000132103654323, 0.000134358560899, 0.000183156153071, 0.000199452799279, 9.20672828215e-05, 5.45707880519e-05, 6.18291087449e-05, 8.80300212884e-05, 8.59462015796e-05, 0.00010275470413, 9.1380214144e-05, 9.00819068193e-05, 6.91750246915e-05, 5.63839348615e-05, 5.7463767007e-05, 4.39194554929e-05, 3.25534929289e-05, 2.23782844841e-05, 2.21610680455e-05, 1.97021563508e-05, 9.4497736427e-06, 7.31338104742e-06, 6.3072843659e-06, 5.30097941009e-06, 4.42823511548e-06, 3.77948117603e-06, 3.49237802766e-06, 3.4175784549e-06, 3.44502564076e-06, 3.12807765113e-06, 2.21602954298e-06, 1.88347996755e-06, 1.21858408875e-06],
        "dvar": [4.99981661051e-06, 4.75112892673e-06, 1.19952062505e-06, 3.56377370281e-07, 4.08337292868e-08, 2.04829447625e-07, 6.78435370105e-08, 1.99406517964e-08, 1.94028100253e-08, 3.36621219788e-08, 4.2873338657e-08, 8.70186234181e-09, 2.19277618285e-09, 2.71930433726e-09, 1.62182374197e-08, 1.09090221301e-08, 1.45686804842e-08, 1.12523990126e-08, 1.44914116262e-08, 9.76599334734e-09, 4.79220974015e-09, 3.15168602327e-09, 2.88728951858e-09, 6.59405752224e-10, 3.20412835153e-10, 3.55116713813e-10, 3.13715164957e-10, 4.0791373751e-11, 3.20860490954e-11, 2.18844074806e-11, 1.91579425934e-11, 1.54119304124e-11, 1.43157777299e-11, 1.74691979632e-11, 1.8945825811e-11, 2.50546111635e-11, 1.94622373773e-11, 1.04976574308e-11, 8.97334116734e-12, 2.76939343853e-12],
        "dvar2": [1.06736142698e-05, 1.15106622616e-05, 3.31024580191e-06, 9.17117290555e-07, 1.06232903363e-07, 5.42511088497e-07, 1.86398878554e-07, 5.19317104875e-08, 4.35338876059e-08, 7.70912507164e-08, 1.03945559715e-07, 2.14482227534e-08, 5.31971355855e-09, 6.39339825526e-09, 3.81979567976e-08, 2.43640183584e-08, 3.84827885114e-08, 2.73363411907e-08, 3.19035287077e-08, 2.28812577774e-08, 1.14715419386e-08, 8.1466806634e-09, 7.88961429521e-09, 1.57271129453e-09, 8.68613292404e-10, 9.76477787518e-10, 7.60481011497e-10, 1.10608952553e-10, 8.6641201158e-11, 5.61005790434e-11, 4.53662454825e-11, 3.61419054407e-11, 3.21976889595e-11, 3.92098818691e-11, 4.78889393418e-11, 5.77009585945e-11, 4.28041387057e-11, 2.05511354462e-11, 2.12462530208e-11, 6.46035872368e-12],
        "max": [0.014587553218, 0.0229682736099, 0.00716525316238, 0.00564479967579, 0.00220958539285, 0.00553408591077, 0.00286903278902, 0.0016982347006, 0.00245630531572, 0.00254492880777, 0.00243727792986, 0.00179674290121, 0.000806459400337, 0.000607176218182, 0.00222091656178, 0.0017737877788, 0.00145092816092, 0.00109613488894, 0.00155559135601, 0.00203621876426, 0.00171391351614, 0.000704547972418, 0.000945659470744, 0.000270396645647, 0.000236785883317, 0.000279064377537, 0.000270937889582, 6.49257563055e-05, 9.29443631321e-05, 5.31321529706e-05, 4.74840126117e-05, 4.95353779115e-05, 7.92010541772e-05, 7.46929872548e-05, 8.34349630168e-05, 8.02983995527e-05, 6.06647481618e-05, 4.606706716e-05, 5.8843743318e-05, 2.88544306386e-05],
        "mean": [0.00282340240665, 0.00274352612905, 0.000735748559237, 0.000260019529378, 0.000200885653612, 0.000386800180422, 0.000251564284554, 0.000128918312839, 0.00014313205611, 0.000209638339584, 0.000210743673961, 9.78517200565e-05, 5.47431773157e-05, 6.11012219451e-05, 9.53729977482e-05, 9.01453240658e-05, 9.10499948077e-05, 8.58958228491e-05, 8.97263889783e-05, 7.26821162971e-05, 6.24800522928e-05, 6.55323601677e-05, 4.70682243758e-05, 3.91420435335e-05, 2.70981254289e-05, 2.8487866075e-05, 2.48016258411e-05, 1.21230177683e-05, 1.0051729987e-05, 9.25421682041e-06, 7.52270307203e-06, 6.49870753477e-06, 5.74798605157e-06, 5.34991431778e-06, 4.92305434818e-06, 4.56238376501e-06, 4.24544123234e-06, 3.11705207423e-06, 2.4712121558e-06, 1.67315840827e-06],
        "median": [0.00139206403401, 0.00197902997024, 0.00045130806393, 0.000111574161565, 0.000134694462758, 0.000241963367444, 0.000163062752108, 7.99511617515e-05, 8.21313951747e-05, 0.000108112682938, 0.000104630671558, 6.06602334301e-05, 3.56619129889e-05, 3.73260372726e-05, 3.78919139621e-05, 3.62125065294e-05, 4.44593497377e-05, 4.43367862317e-05, 3.82986436307e-05, 4.01899997087e-05, 4.38626702817e-05, 4.78437905258e-05, 3.04092245642e-05, 2.84013167402e-05, 2.21466070798e-05, 2.24152954615e-05, 1.83406773431e-05, 1.04138644019e-05, 8.59670035425e-06, 7.51027528167e-06, 5.42224142919e-06, 4.60507772004e-06, 4.06246499551e-06, 3.6462774915e-06, 3.14261751555e-06, 2.54904603025e-06, 2.33945524997e-06, 1.58534305683e-06, 1.26571819692e-06, 9.11850236207e-07],
        "min": [5.54839880351e-06, 1.96845849132e-05, 7.07566778146e-06, 1.47409775764e-06, 1.21069365377e-06, 5.52375297502e-07, 9.46921829836e-07, 7.80178595505e-07, 1.5398626374e-06, 1.86845238659e-06, 1.24757434605e-06, 6.76184527038e-07, 6.74168688874e-07, 6.75920091453e-07, 3.74330653585e-07, 1.73206188947e-07, 9.81251915277e-08, 9.1641922495e-08, 4.46141754651e-08, 9.94586386582e-08, 7.68548602537e-08, 5.50137286837e-08, 3.68948569474e-08, 2.97325133403e-08, 2.53168401798e-08, 3.30753273659e-08, 3.17295487662e-08, 2.18631583948e-08, 7.44359240912e-09, 6.77904443691e-09, 6.21360118913e-09, 2.91018475984e-09, 2.46577580576e-09, 2.44697107021e-09, 1.34566402465e-09, 6.24928220283e-10, 3.48058387667e-10, 1.4950693461e-10, 1.63458014485e-11, 1.04160889983e-11],
