{
"highlevel": {
    "danceability": {
        "all": {
            "danceable": 1.66979789356e-05,
            "not_danceable": 0.999983310699
        },
        "probability": 0.999983310699,
        "value": "not_danceable"
    },
    "gender": {
        "all": {
            "female": 0.358696967363,
            "male": 0.641303062439
        },
        "probability": 0.641303062439,
        "value": "male"
    },
    "genre_dortmund": {
        "all": {
            "alternative": 0.248728126287,
            "blues": 0.0596780590713,
            "electronic": 0.0372694171965,
            "folkcountry": 0.548637270927,
            "funksoulrnb": 0.00285946764052,
            "jazz": 0.0206719152629,
            "pop": 0.018458135426,
            "raphiphop": 0.000810901867226,
            "rock": 0.0628867149353
        },
        "probability": 0.548637270927,
        "value": "folkcountry"
    },
    "genre_electronic": {
        "all": {
            "ambient": 0.61628061533,
            "dnb": 0.107076659799,
            "house": 0.125994056463,
            "techno": 0.0169353894889,
            "trance": 0.133713245392
        },
        "probability": 0.61628061533,
        "value": "ambient"
    },
    "genre_rosamerica": {
        "all": {
            "cla": 0.141762852669,
            "dan": 0.0190735775977,
            "hip": 0.0107994275168,
            "jaz": 0.0280218422413,
            "pop": 0.102005124092,
            "rhy": 0.143226906657,
            "roc": 0.534099578857,
            "spe": 0.0210106614977
        },
        "probability": 0.534099578857,
        "value": "roc"
    },
    "genre_tzanetakis": {
        "all": {
            "blu": 0.0626613423228,
            "cla": 0.0348169617355,
            "cou": 0.104475811124,
            "dis": 0.0784321576357,
            "hip": 0.15692435205,
            "jaz": 0.313974827528,
            "met": 0.0448166541755,
            "pop": 0.0627359300852,
            "reg": 0.0627360641956,
            "roc": 0.0784258767962
        },
        "probability": 0.313974827528,
        "value": "jaz"
    },
    "ismir04_rhythm": {
        "all": {
            "ChaChaCha": 0.00461382977664,
            "Jive": 0.0103858904913,
            "Quickstep": 0.0015992091503,
            "Rumba-American": 0.0114747211337,
            "Rumba-International": 0.0509558059275,
            "Rumba-Misc": 0.0035442551598,
            "Samba": 0.00431232107803,
            "Tango": 0.0216121990234,
            "VienneseWaltz": 0.833829402924,
            "Waltz": 0.0576723664999
        },
        "probability": 0.833829402924,
        "value": "VienneseWaltz"
    },
    "mood_acoustic": {
        "all": {
            "acoustic": 0.892926812172,
            "not_acoustic": 0.10707321763
        },
        "probability": 0.892926812172,
        "value": "acoustic"
    },
    "mood_aggressive": {
        "all": {
            "aggressive": 0.0625078678131,
            "not_aggressive": 0.937492132187
        },
        "probability": 0.937492132187,
        "value": "not_aggressive"
    },
    "mood_electronic": {
        "all": {
            "electronic": 0.0978143140674,
            "not_electronic": 0.902185678482
        },
        "probability": 0.902185678482,
        "value": "not_electronic"
    },
    "mood_happy": {
        "all": {
            "happy": 0.260279595852,
            "not_happy": 0.739720404148
        },
        "probability": 0.739720404148,
        "value": "not_happy"
    },
    "mood_party": {
        "all": {
            "not_party": 0.987568736076,
            "party": 0.0124312546104
        },
        "probability": 0.987568736076,
        "value": "not_party"
    },
    "mood_relaxed": {
        "all": {
            "not_relaxed": 0.100078888237,
            "relaxed": 0.899921119213
        },
        "probability": 0.899921119213,
        "value": "relaxed"
    },
    "mood_sad": {
        "all": {
            "not_sad": 0.186070010066,
            "sad": 0.813929975033
        },
        "probability": 0.813929975033,
        "value": "sad"
    },
    "moods_mirex": {
        "all": {
            "Cluster1": 0.0412940718234,
            "Cluster2": 0.0114636011422,
            "Cluster3": 0.873436689377,
            "Cluster4": 0.0362939275801,
            "Cluster5": 0.0375116840005
        },
        "probability": 0.873436689377,
        "value": "Cluster3"
    },
    "timbre": {
        "all": {
            "bright": 0.992190182209,
            "dark": 0.00780983595178
        },
        "probability": 0.992190182209,
        "value": "bright"
    },
    "tonal_atonal": {
        "all": {
            "atonal": 0.000122618774185,
            "tonal": 0.999877393246
        },
        "probability": 0.999877393246,
        "value": "tonal"
    },
    "voice_instrumental": {
        "all": {
            "instrumental": 0.474054396152,
            "voice": 0.525945603848
        },
        "probability": 0.525945603848,
        "value": "voice"
    }
},
"lowlevel": {
    "average_loudness": 0.956001937389,
    "barkbands_crest": {
        "dmean": 1.86902725697,
        "dmean2": 2.81269621849,
        "dvar": 2.92793464661,
        "dvar2": 6.18734836578,
        "max": 20.8961143494,
        "mean": 10.3715162277,
        "median": 9.78886127472,
        "min": 3.77578854561,
        "var": 12.1474666595
    },
    "barkbands_flatness_db": {
        "dmean": 0.0173169337213,
        "dmean2": 0.0264552626759,
        "dvar": 0.000230655874475,
        "dvar2": 0.000499310845044,
        "max": 0.331615537405,
        "mean": 0.195181265473,
        "median": 0.194030180573,
        "min": 0.0945530980825,
        "var": 0.00124634196982
    },
    "barkbands_kurtosis": {
        "dmean": 2.07625365257,
        "dmean2": 3.09966397285,
        "dvar": 5.38083314896,
        "dvar2": 11.8853340149,
        "max": 27.4244403839,
        "mean": 3.36626648903,
        "median": 2.18918275833,
        "min": -1.73282563686,
        "var": 16.9654598236
    },
    "barkbands_skewness": {
        "dmean": 0.441565215588,
        "dmean2": 0.635564208031,
        "dvar": 0.148277342319,
        "dvar2": 0.320628076792,
        "max": 4.49415969849,
        "mean": 1.66409516335,
        "median": 1.59711122513,
        "min": -0.814920425415,
        "var": 0.680273354053
    },
    "barkbands_spread": {
        "dmean": 3.56300711632,
        "dmean2": 5.19939184189,
        "dvar": 12.9482297897,
        "dvar2": 28.0932445526,
        "max": 56.3283538818,
        "mean": 16.1133136749,
        "median": 14.6625986099,
        "min": 2.96090888977,
        "var": 57.9138259888
    },
    "dissonance": {
        "dmean": 0.0225023366511,
        "dmean2": 0.0363801568747,
        "dvar": 0.000386039202567,
        "dvar2": 0.00100595189724,
        "max": 0.498883962631,
        "mean": 0.444446772337,
        "median": 0.451065778732,
        "min": 0.245578870177,
        "var": 0.00112521299161
    },
    "dynamic_complexity": 1.26013278961,
    "erbbands_crest": {
        "dmean": 2.78882241249,
        "dmean2": 4.43871688843,
        "dvar": 6.20262384415,
        "dvar2": 14.8055706024,
        "max": 25.0557537079,
        "mean": 9.72278118134,
        "median": 8.82631111145,
        "min": 3.39615082741,
        "var": 14.3052721024
    },
    "erbbands_flatness_db": {
        "dmean": 0.0134330876172,
        "dmean2": 0.0196276381612,
        "dvar": 0.000147059865412,
        "dvar2": 0.00029301943141,
        "max": 0.276461064816,
        "mean": 0.196241959929,
        "median": 0.195253282785,
        "min": 0.110007070005,
        "var": 0.000841995701194
    },
    "erbbands_kurtosis": {
        "dmean": 0.610240995884,
        "dmean2": 0.960597097874,
        "dvar": 0.468356400728,
        "dvar2": 1.1368085146,
        "max": 7.71423244476,
        "mean": -0.10470225662,
        "median": -0.426888227463,
        "min": -1.54908835888,
        "var": 1.53613209724
    },
    "erbbands_skewness": {
        "dmean": 0.316705882549,
        "dmean2": 0.470737367868,
        "dvar": 0.0671674236655,
        "dvar2": 0.155578032136,
        "max": 2.169226408,
        "mean": 0.177168443799,
        "median": 0.163413107395,
        "min": -2.23192048073,
        "var": 0.244565114379
    },
    "erbbands_spread": {
        "dmean": 6.47555732727,
        "dmean2": 9.72605800629,
        "dvar": 37.8563804626,
        "dvar2": 87.8593139648,
        "max": 88.2696380615,
        "mean": 35.6366424561,
        "median": 34.6888046265,
        "min": 6.64529514313,
        "var": 160.212158203
    },
    "hfc": {
        "dmean": 5.14931631088,
        "dmean2": 7.24426460266,
        "dvar": 25.1510238647,
        "dvar2": 54.5774154663,
        "max": 92.8845825195,
        "mean": 21.8580722809,
        "median": 19.7434253693,
        "min": 0.676260471344,
        "var": 131.999176025
    },
    "melbands_crest": {
        "dmean": 2.96697998047,
        "dmean2": 4.46531105042,
        "dvar": 7.78667497635,
        "dvar2": 15.6909141541,
        "max": 30.4808006287,
        "mean": 16.6029624939,
        "median": 16.2547512054,
        "min": 6.12051725388,
        "var": 29.3752479553
    },
    "melbands_flatness_db": {
        "dmean": 0.0199645515531,
        "dmean2": 0.0288578122854,
        "dvar": 0.000332212337526,
        "dvar2": 0.000682948098984,
        "max": 0.408085286617,
        "mean": 0.240414604545,
        "median": 0.237830325961,
        "min": 0.110820747912,
        "var": 0.00229152012616
    },
    "melbands_kurtosis": {
        "dmean": 4.63754749298,
        "dmean2": 6.87044334412,
        "dvar": 25.2785644531,
        "dvar2": 55.9165267944,
        "max": 51.4850540161,
        "mean": 10.0370903015,
        "median": 7.82545661926,
        "min": -1.37005841732,
        "var": 72.0138092041
    },
    "melbands_skewness": {
        "dmean": 0.592913150787,
        "dmean2": 0.857835829258,
        "dvar": 0.273018985987,
        "dvar2": 0.57226896286,
        "max": 6.28393125534,
        "mean": 2.61219620705,
        "median": 2.50541186333,
        "min": -0.484157174826,
        "var": 1.20980763435
    },
    "melbands_spread": {
        "dmean": 4.61008071899,
        "dmean2": 6.76651000977,
        "dvar": 25.9085636139,
        "dvar2": 59.158367157,
        "max": 71.7255935669,
        "mean": 17.1827335358,
        "median": 15.5018415451,
        "min": 2.57003545761,
        "var": 86.7259216309
    },
    "pitch_salience": {
        "dmean": 0.0573340728879,
        "dmean2": 0.0883499309421,
        "dvar": 0.00247703213245,
        "dvar2": 0.00592539506033,
        "max": 0.785061657429,
        "mean": 0.441723942757,
        "median": 0.435414195061,
        "min": 0.210828065872,
        "var": 0.00864092912525
    },
    "silence_rate_20dB": {
        "dmean": 0,
        "dmean2": 0,
        "dvar": 0,
        "dvar2": 0,
        "max": 1,
        "mean": 1,
        "median": 1,
        "min": 1,
        "var": 0
    },
    "silence_rate_30dB": {
        "dmean": 0.00154798757285,
        "dmean2": 0.00309837330133,
        "dvar": 0.00154559069779,
        "dvar2": 0.00308877020143,
        "max": 1,
        "mean": 0.998453199863,
        "median": 1,
        "min": 0,
        "var": 0.00154439732432
    },
    "silence_rate_60dB": {
        "dmean": 0.0030959751457,
        "dmean2": 0.00619674660265,
        "dvar": 0.00308638229035,
        "dvar2": 0.00615838123485,
        "max": 1,
        "mean": 0.00386697612703,
        "median": 0,
        "min": 0,
        "var": 0.00385199673474
    },
    "spectral_centroid": {
        "dmean": 181.805130005,
        "dmean2": 269.119567871,
        "dvar": 33496.8710938,
        "dvar2": 71769.796875,
        "max": 2421.90942383,
        "mean": 945.197021484,
        "median": 868.10333252,
        "min": 284.071716309,
        "var": 152296.390625
    },
    "spectral_complexity": {
        "dmean": 1.95123839378,
        "dmean2": 3.13555383682,
        "dvar": 2.75536084175,
        "dvar2": 6.65163898468,
        "max": 28,
        "mean": 16.8669757843,
        "median": 17,
        "min": 3,
        "var": 9.72399806976
    },
    "spectral_decrease": {
        "dmean": 2.34187957915e-09,
        "dmean2": 3.43388006918e-09,
        "dvar": 5.38541355836e-18,
        "dvar2": 1.09273768379e-17,
        "max": -3.21120408042e-10,
        "mean": -1.00956620841e-08,
        "median": -9.52686995959e-09,
        "min": -3.04851361932e-08,
        "var": 1.80590170594e-17
    },
    "spectral_energy": {
        "dmean": 0.00914382468909,
        "dmean2": 0.0133926691487,
        "dvar": 8.13164006104e-05,
        "dvar2": 0.000164981334819,
        "max": 0.123306699097,
        "mean": 0.0400859303772,
        "median": 0.0378048755229,
        "min": 0.00127332285047,
        "var": 0.000277998537058
    },
    "spectral_energyband_high": {
        "dmean": 0.000189109021449,
        "dmean2": 0.000277706683846,
        "dvar": 1.03182415501e-07,
        "dvar2": 2.38346345327e-07,
        "max": 0.00433632312343,
        "mean": 0.000440930190962,
        "median": 0.000193754109205,
        "min": 4.30669433626e-06,
        "var": 3.14287774472e-07
    },
    "spectral_energyband_low": {
        "dmean": 0.00479300087318,
        "dmean2": 0.00692838337272,
        "dvar": 2.67231716862e-05,
        "dvar2": 5.2355680964e-05,
        "max": 0.0625306814909,
        "mean": 0.0117270704359,
        "median": 0.00994933675975,
        "min": 2.50542907452e-05,
        "var": 6.86243147356e-05
    },
    "spectral_energyband_middle_high": {
        "dmean": 0.00240292516537,
        "dmean2": 0.00338272377849,
        "dvar": 8.02614522399e-06,
        "dvar2": 1.64288758242e-05,
        "max": 0.0727868676186,
        "mean": 0.00754263391718,
        "median": 0.00609450042248,
        "min": 0.000100194381957,
        "var": 4.88582154503e-05
    },
    "spectral_energyband_middle_low": {
        "dmean": 0.00699375523254,
        "dmean2": 0.0105779580772,
        "dvar": 5.91594834987e-05,
        "dvar2": 0.000128178333398,
        "max": 0.0764197707176,
        "mean": 0.0254150144756,
        "median": 0.0227609332651,
        "min": 0.000726511643734,
        "var": 0.000189372847672
    },
    "spectral_entropy": {
        "dmean": 0.135077834129,
        "dmean2": 0.192604973912,
        "dvar": 0.0167383681983,
        "dvar2": 0.0352847129107,
        "max": 8.33546352386,
        "mean": 6.80968952179,
        "median": 6.80928516388,
        "min": 6.02449226379,
        "var": 0.0711201056838
    },
    "spectral_flux": {
        "dmean": 0.0237410292029,
        "dmean2": 0.0384587608278,
        "dvar": 0.000602762796916,
        "dvar2": 0.00145973404869,
        "max": 0.245141878724,
        "mean": 0.0769146382809,
        "median": 0.0700933560729,
        "min": 0.0207346547395,
        "var": 0.000969395914581
    },
    "spectral_kurtosis": {
        "dmean": 2.89284491539,
        "dmean2": 5.12986898422,
        "dvar": 8.02003955841,
        "dvar2": 23.278963089,
        "max": 28.0685138702,
        "mean": 6.46380472183,
        "median": 5.41723537445,
        "min": 0.158033370972,
        "var": 16.8789749146
    },
    "spectral_rms": {
        "dmean": 0.000718347262591,
        "dmean2": 0.00103902793489,
        "dvar": 4.65243800818e-07,
        "dvar2": 9.04705132143e-07,
        "max": 0.0109681002796,
        "mean": 0.00611272035167,
        "median": 0.00607312144712,
        "min": 0.00111456995364,
        "var": 1.7428569663e-06
    },
    "spectral_rolloff": {
        "dmean": 304.563964844,
        "dmean2": 502.287078857,
        "dvar": 199848.109375,
        "dvar2": 452246.59375,
        "max": 6115.4296875,
        "mean": 997.436889648,
        "median": 839.794921875,
        "min": 172.265625,
        "var": 382994.90625
    },
    "spectral_skewness": {
        "dmean": 0.291695952415,
        "dmean2": 0.501720130444,
        "dvar": 0.0627252683043,
        "dvar2": 0.179161012173,
        "max": 3.82883644104,
        "mean": 1.77849197388,
        "median": 1.69503939152,
        "min": 0.629125595093,
        "var": 0.230663657188
    },
    "spectral_spread": {
        "dmean": 267479,
        "dmean2": 415184.09375,
        "dvar": 79217876992,
        "dvar2": 184048205824,
        "max": 7281431.5,
        "mean": 3214203.75,
        "median": 3110169.25,
        "min": 1813645.875,
        "var": 478996496384
    },
    "spectral_strongpeak": {
        "dmean": 0.529574811459,
        "dmean2": 0.930279195309,
        "dvar": 0.924675345421,
        "dvar2": 2.40139269829,
        "max": 9.94490528107,
        "mean": 1.03177368641,
        "median": 0.680004835129,
        "min": 0.105840601027,
        "var": 1.3201366663
    },
    "zerocrossingrate": {
        "dmean": 0.00604455918074,
        "dmean2": 0.00726786395535,
        "dvar": 3.1469084206e-05,
        "dvar2": 4.36994596384e-05,
        "max": 0.1025390625,
        "mean": 0.0406515859067,
        "median": 0.0380859375,
        "min": 0.00634765625,
        "var": 0.000283550500171
    },
    "barkbands": {
        "dmean": [2.13987141251e-06, 0.000574783713091, 0.00281409057789, 0.00466938782483, 0.00244437064976, 0.000551406410523, 0.00115526793525, 0.000719197036233, 0.000447433936642, 0.00124576629605, 0.000399476877647, 0.000234906954574, 0.000564191490412, 0.000499024812598, 0.000187268655282, 0.00044800870819, 0.000617367215455, 8.62962551764e-05, 0.00018741072563, 6.97419964126e-05, 8.31393117551e-05, 0.000110798653623, 1.18910766105e-05, 1.7143025616e-05, 4.32871047451e-06, 1.29019076667e-06, 3.71823993817e-09],
        "dmean2": [3.74155388272e-06, 0.000807726872154, 0.00406151590869, 0.00706582609564, 0.00388958328404, 0.000719107862096, 0.00151203374844, 0.000998589210212, 0.000609858368989, 0.0016461488558, 0.000573065015487, 0.00033616553992, 0.000824780552648, 0.000771402555984, 0.000291181262583, 0.000683704332914, 0.00100305082742, 0.000134462970891, 0.000302882894175, 0.000111448971438, 0.000132281333208, 0.00017306713562, 1.93788764591e-05, 2.73326422757e-05, 6.98051644576e-06, 2.01047623705e-06, 5.02122166068e-09],
        "dvar": [1.57067362588e-11, 8.98128973859e-07, 1.33256744448e-05, 3.57733588316e-05, 9.06401510292e-06, 4.12752285683e-07, 5.28051123183e-06, 2.35932407122e-06, 1.06131710709e-06, 3.77424589715e-06, 3.71466512661e-06, 5.847272746e-07, 1.75255161139e-06, 9.81906282504e-07, 1.28344709083e-07, 4.80518451695e-07, 1.22735298191e-06, 2.21261746702e-08, 8.13761076301e-08, 1.44233105459e-08, 3.83223408562e-08, 3.94887607058e-08, 5.54837398248e-10, 3.7760310434e-09, 1.20994686492e-10, 3.96123238378e-11, 5.50185422801e-15],
        "dvar2": [3.14629780562e-11, 1.56831993081e-06, 2.46675845119e-05, 7.22741679056e-05, 2.15623476834e-05, 6.83269774981e-07, 1.04308655864e-05, 4.47220736532e-06, 2.19418325287e-06, 6.2644985519e-06, 7.21827063899e-06, 1.01219040971e-06, 3.62247283192e-06, 2.35268157667e-06, 2.73429236586e-07, 1.12724285373e-06, 3.27478664985e-06, 4.65065461697e-08, 1.96880520775e-07, 3.44786030837e-08, 1.00264038849e-07, 9.59700372505e-08, 1.43245648676e-09, 1.03438697607e-08, 2.65180460923e-10, 7.66600255497e-11, 5.50092672694e-15],
        "max": [7.44540593587e-05, 0.0118317063898, 0.0489192418754, 0.0563854053617, 0.0377501025796, 0.0110478959978, 0.0486582294106, 0.0258181914687, 0.0194248128682, 0.0303046964109, 0.0597518496215, 0.0174041185528, 0.0196911543608, 0.015594528988, 0.00845115445554, 0.00813972856849, 0.012494860217, 0.00232397345826, 0.00310852518305, 0.00170111935586, 0.00315275019966, 0.00206154328771, 0.000457399204606, 0.00160890701227, 0.000254377402598, 0.000187400524737, 2.6666514259e-06],
        "mean": [2.00778390536e-06, 0.000922895851545, 0.00617922283709, 0.0112120844424, 0.00552747352049, 0.00231207488105, 0.00267180684023, 0.00172868568916, 0.0011215202976, 0.00266465288587, 0.000889609626029, 0.000377030024538, 0.000882461026777, 0.000778659596108, 0.000365207961295, 0.000674572831485, 0.000852146069519, 0.000139343334013, 0.000262227258645, 0.000124534068163, 0.000130851316499, 0.000203215589863, 2.02244573302e-05, 3.31669652951e-05, 8.26205814519e-06, 2.03313220482e-06, 3.45711703709e-09],
        "median": [9.89565933196e-07, 0.000363357510651, 0.00449515646324, 0.00743300840259, 0.00437503168359, 0.00156035972759, 0.00134943670128, 0.000499832094647, 0.000588587136008, 0.00153786246665, 0.000160130322911, 9.92144996417e-05, 0.000216311455006, 0.000157649134053, 0.000177767680725, 0.000281486747554, 0.000324133347021, 7.32025509933e-05, 0.000141496726428, 6.63726605126e-05, 5.27294396306e-05, 4.51578998764e-05, 1.14498834591e-05, 1.39354406201e-05, 2.81934421764e-06, 6.24257666004e-07, 6.29858665224e-10],
        "min": [1.57795587707e-09, 1.84274188086e-06, 2.15511317947e-05, 5.48110801901e-06, 4.15514768974e-05, 1.35303534989e-05, 1.44826117321e-05, 7.47984631744e-06, 7.00830651112e-06, 1.14846507131e-05, 1.14166323328e-06, 2.9113225537e-06, 2.62280332208e-06, 2.42841883846e-06, 6.30174690741e-06, 1.69319741872e-06, 2.56611428995e-06, 1.47845321408e-06, 1.49333618538e-06, 3.94570679418e-06, 1.37797610478e-06, 6.40962127818e-07, 2.87424740009e-07, 9.92832838165e-09, 1.62068674453e-11, 2.50263958862e-11, 2.44778607106e-11],
        "var": [1.43972021804e-11, 1.93289247363e-06, 3.85087223549e-05, 0.000126393177197, 1.99683636311e-05, 4.58468684883e-06, 1.4947398995e-05, 1.25865126392e-05, 3.63113667845e-06, 1.34826123031e-05, 1.60947602126e-05, 1.22840037875e-06, 3.80634855901e-06, 2.1091968847e-06, 3.43739372966e-07, 8.99862413917e-07, 1.72790225861e-06, 4.33587530324e-08, 1.19727943115e-07, 2.75455818155e-08, 5.76891281412e-08, 1.03273997354e-07, 7.27230053954e-10, 4.06878930548e-09, 2.32680472112e-10, 6.23987736481e-11, 5.50483324289e-15]
    },
    "erbbands": {
        "dmean": [0.00279815355316, 0.222495660186, 2.72437167168, 8.75705718994, 14.1924324036, 6.56074047089, 4.54774951935, 4.59801435471, 14.2170267105, 18.4979095459, 12.4695158005, 11.414147377, 28.8243274689, 29.520275116, 14.0041885376, 12.6607189178, 28.078004837, 27.826751709, 11.2127981186, 13.9394216537, 30.6280937195, 25.113111496, 5.83560371399, 7.25210189819, 9.1398935318, 3.88148975372, 2.72620606422, 3.59848737717, 4.36697912216, 1.70586764812, 0.384672164917, 0.352885246277, 0.248102471232, 0.081344217062, 0.0223529841751, 0.00887617282569, 0.0021026560571, 0.000157510963618, 6.65595462124e-06, 1.0330684745e-05],
        "dmean2": [0.00396008882672, 0.310891270638, 3.85727477074, 13.1664876938, 22.3296833038, 10.5721073151, 6.30097675323, 6.36752700806, 18.7913589478, 26.5266475677, 16.475812912, 15.1902217865, 37.7524223328, 38.5170631409, 19.8926200867, 17.9302806854, 40.8382072449, 42.1549110413, 17.7894802094, 21.0354156494, 48.3764076233, 40.8636360168, 8.96286678314, 11.7193803787, 14.5798969269, 6.18870782852, 4.30434894562, 5.65984153748, 6.95064067841, 2.722884655, 0.613011419773, 0.575206756592, 0.404250055552, 0.130511134863, 0.0355940833688, 0.0140574667603, 0.00287533015944, 0.000229312718147, 9.2638483693e-06, 1.5118200281e-05],
        "dvar": [1.85070512089e-05, 0.125867441297, 14.0802021027, 105.707687378, 349.424835205, 84.2087020874, 45.3480987549, 26.0684223175, 757.272766113, 2085.22851562, 1272.84985352, 581.13659668, 2550.59350586, 3713.19360352, 2733.66455078, 1492.09619141, 4440.40917969, 2750.32519531, 414.368286133, 1181.72045898, 1356.96154785, 3634.8347168, 106.468849182, 154.317382812, 278.273071289, 35.0282287598, 17.0645065308, 86.4787216187, 63.4307441711, 13.0258607864, 0.492263972759, 0.493459314108, 1.79024124146, 0.104792296886, 0.00295484252274, 0.00181125081144, 0.000100812008895, 1.56109720706e-07, 2.18421503106e-10, 1.02385426526e-10],
        "dvar2": [3.21817205986e-05, 0.214191392064, 23.9679489136, 219.304077148, 799.230895996, 216.878265381, 83.5820846558, 50.0790557861, 1471.82922363, 4892.68164062, 2317.25170898, 1311.74499512, 4977.24804688, 5764.74267578, 5207.86865234, 2575.54541016, 8879.89355469, 6217.45507812, 884.156005859, 2630.36181641, 3398.69702148, 9563.67089844, 217.976226807, 394.81451416, 661.549133301, 86.4428634644, 44.0893554688, 219.483352661, 154.250289917, 33.9265480042, 1.28474640846, 1.23957848549, 5.0396437645, 0.269516706467, 0.00765877962112, 0.00428661564365, 0.000160695795785, 2.77708295471e-07, 2.89084922667e-10, 2.05652758711e-10],
        "max": [0.0538119226694, 4.681391716, 52.6482849121, 93.6949234009, 224.272293091, 120.809753418, 137.222717285, 88.7302703857, 602.263000488, 1273.75390625, 710.481201172, 417.488616943, 1078.48144531, 1223.0090332, 1755.75280762, 900.234375, 1086.03723145, 907.704589844, 530.484680176, 688.55078125, 309.177062988, 874.750305176, 165.556686401, 161.180770874, 202.33895874, 77.339012146, 44.6413116455, 152.184280396, 81.2165679932, 43.0116424561, 10.9521007538, 7.85258197784, 36.8476448059, 9.13456726074, 1.29487729073, 1.24394750595, 0.386979609728, 0.0107996510342, 0.000421012577135, 0.000143414799822],
        "mean": [0.00547685148194, 0.406730830669, 6.13396596909, 21.970867157, 31.4507198334, 15.8180847168, 15.3061857224, 19.8463821411, 32.0980262756, 42.7097816467, 35.0019187927, 29.551525116, 63.1462135315, 64.385383606, 35.0351333618, 22.8585968018, 45.4857711792, 44.923210144, 22.930398941, 24.4059944153, 47.1214561462, 34.8919830322, 10.4291677475, 11.3489141464, 12.8195047379, 6.87797737122, 4.96525335312, 6.07284927368, 7.28573560715, 2.77346754074, 0.74617511034, 0.651697039604, 0.448887437582, 0.155154183507, 0.0414477288723, 0.0132502298802, 0.00326597760431, 0.000239135843003, 2.62823868979e-05, 4.65891534986e-05],
        "median": [0.00315535184927, 0.190454766154, 4.11095190048, 16.7207183838, 22.3537769318, 12.0032205582, 10.8416881561, 14.1562900543, 11.2354278564, 28.9125137329, 9.68514442444, 16.5593299866, 34.5789108276, 24.0922908783, 9.63942623138, 8.06413650513, 13.626537323, 13.7638301849, 12.7559967041, 9.55802726746, 30.1868228912, 15.2764205933, 6.33081769943, 5.74275922775, 5.88239240646, 4.13804101944, 2.66246533394, 2.06387448311, 1.76753461361, 0.70540356636, 0.39547726512, 0.295691251755, 0.189450383186, 0.0500291064382, 0.0138542177156, 0.00391536718234, 0.00109043158591, 6.33586605545e-05, 2.3897338906e-05, 4.42184900749e-05],
        "min": [3.61121383321e-05, 0.00101316790096, 0.0154933454469, 0.0282337665558, 0.157524332404, 0.174909412861, 0.273871093988, 0.264616668224, 0.384978413582, 0.546321809292, 0.753400802612, 0.44636040926, 0.63286036253, 0.361021757126, 0.312505275011, 0.642465353012, 0.211059421301, 0.35399711132, 0.35112029314, 0.381637185812, 0.219847247005, 0.108074709773, 0.117446377873, 0.120230220258, 0.0902544781566, 0.208684414625, 0.0623634196818, 0.0457353740931, 0.0267159957439, 0.012333760038, 0.0106419762596, 0.00122246006504, 0.00013273935474, 3.71569403796e-05, 2.56759849435e-05, 1.92233819689e-05, 7.46596788304e-06, 1.38899747526e-06, 8.23032394237e-07, 1.48340609485e-06],
        "var": [4.30665932072e-05, 0.303086698055, 41.2152404785, 329.770263672, 809.815368652, 199.545806885, 225.92678833, 296.960571289, 2645.37402344, 3218.51269531, 7891.390625, 2155.26977539, 8533.53710938, 16023.3964844, 14170.4638672, 3229.73657227, 9748.45996094, 6143.24707031, 1218.16845703, 2019.27844238, 2317.265625, 4345.64160156, 210.44569397, 237.981170654, 400.931640625, 65.5715179443, 36.4755554199, 136.644882202, 138.465576172, 22.5400009155, 0.865528285503, 0.904587209225, 1.50303924084, 0.127717703581, 0.00440771877766, 0.00193143996876, 0.000202770665055, 3.35293378839e-07, 3.92744198274e-10, 3.5954450528e-10]
    },
    "gfcc": {
        "mean": [1.56431591511, 132.713317871, -139.633529663, 35.691608429, -64.0827407837, 1.52738237381, -40.5373001099, -8.00000095367, -23.1973819733, -17.4492511749, -23.8616256714, -17.2705936432, -9.95464611053],
        "cov": [[1086.91906738, -710.272033691, -12.1863765717, 100.673553467, -181.210418701, 126.017875671, -145.521636963, 56.4125823975, -96.565536499, 65.1000061035, -202.696426392, 47.3605766296, -90.5121841431], [-710.272033691, 938.915161133, 26.3688354492, -153.992279053, 268.211914062, -84.6210174561, 225.368728638, -21.9070682526, 123.848167419, -101.659431458, 271.120544434, -62.6706962585, 87.0293426514], [-12.1863765717, 26.3688354492, 208.074127197, 30.0812149048, 9.14755058289, 25.4359455109, 2.24831271172, 25.805929184, -6.9410276413, 14.9036664963, -15.0268421173, -5.22642183304, -5.3834104538], [100.673553467, -153.992279053, 30.0812149048, 222.770339966, 16.0844345093, -18.2002372742, -46.6632881165, -11.7346315384, 15.2637395859, 18.1573200226, -29.4148597717, 8.21627426147, -6.73857355118], [-181.210418701, 268.211914062, 9.14755058289, 16.0844345093, 205.731552124, -3.09217691422, 67.6285858154, 6.79637145996, 50.8189582825, -16.2766990662, 73.676940918, -11.4745111465, 1.46810972691], [126.017875671, -84.6210174561, 25.4359455109, -18.2002372742, -3.09217691422, 134.192214966, 17.9372158051, 16.3616485596, -17.7449893951, 8.67454051971, -18.6680355072, -9.75020503998, -5.34012794495], [-145.521636963, 225.368728638, 2.24831271172, -46.6632881165, 67.6285858154, 17.9372158051, 137.707458496, 19.4922714233, 21.473613739, -32.0129928589, 58.1534614563, -15.2228345871, 6.64469909668], [56.4125823975, -21.9070682526, 25.805929184, -11.7346315384, 6.79637145996, 16.3616485596, 19.4922714233, 92.1614379883, 17.6278572083, 7.5847568512, -3.36333918571, 9.16801548004, -2.52136015892], [-96.565536499, 123.848167419, -6.9410276413, 15.2637395859, 50.8189582825, -17.7449893951, 21.473613739, 17.6278572083, 88.6314849854, 8.03609466553, 36.1526679993, -4.14236402512, 10.2993755341], [65.1000061035, -101.659431458, 14.9036664963, 18.1573200226, -16.2766990662, 8.67454051971, -32.0129928589, 7.5847568512, 8.03609466553, 95.4984359741, -7.02626609802, 11.7246332169, -24.0099124908], [-202.696426392, 271.120544434, -15.0268421173, -29.4148597717, 73.676940918, -18.6680355072, 58.1534614563, -3.36333918571, 36.1526679993, -7.02626609802, 156.647094727, -4.77913999557, 20.0539665222], [47.3605766296, -62.6706962585, -5.22642183304, 8.21627426147, -11.4745111465, -9.75020503998, -15.2228345871, 9.16801548004, -4.14236402512, 11.7246332169, -4.77913999557, 80.6721878052, 5.04411363602], [-90.5121841431, 87.0293426514, -5.3834104538, -6.73857355118, 1.46810972691, -5.34012794495, 6.64469909668, -2.52136015892, 10.2993755341, -24.0099124908, 20.0539665222, 5.04411363602, 79.9850158691]],
        "icov": [[0.00207643117756, 0.000553745718207, 0.000536764739081, -0.000618797261268, 0.000492026039865, -0.00154467835091, 0.000781068112701, -0.0013272309443, 0.000676474883221, 0.000198779496714, 0.000590003561229, -0.000554511148948, 0.00137191952672], [0.000553745718207, 0.0207947902381, -0.00868642609566, 0.0123127857223, -0.0127672469243, 0.0118509717286, -0.0138409370556, 0.0104839187115, -0.012815750204, 0.00812420621514, -0.015992956236, 0.00775432027876, -0.0114312907681], [0.000536764739081, -0.00868642609566, 0.00927957054228, -0.00637769931927, 0.0051894010976, -0.00627322075889, 0.00592995760962, -0.00658873002976, 0.0068418905139, -0.00428165635094, 0.00737891020253, -0.00287272804417, 0.00509655009955], [-0.000618797261268, 0.0123127857223, -0.00637769931927, 0.0131763443351, -0.00907349027693, 0.00836717057973, -0.00689806696028, 0.00787116680294, -0.00941759068519, 0.00451213121414, -0.00879623740911, 0.00449896417558, -0.00738144153729], [0.000492026039865, -0.0127672469243, 0.0051894010976, -0.00907349027693, 0.0155364312232, -0.00838838424534, 0.00659844838083, -0.00666735554114, 0.00533226178959, -0.00387150631286, 0.00793093536049, -0.00499866390601, 0.00890776328743], [-0.00154467835091, 0.0118509717286, -0.00627322075889, 0.00836717057973, -0.00838838424534, 0.0171098969877, -0.0106841810048, 0.00615959148854, -0.00602878257632, 0.00295061175711, -0.0086473878473, 0.00629729125649, -0.00854895636439], [0.000781068112701, -0.0138409370556, 0.00592995760962, -0.00689806696028, 0.00659844838083, -0.0106841810048, 0.0216763969511, -0.00985037628561, 0.00809676293284, -0.001862131292, 0.00830249302089, -0.00467847287655, 0.00942791625857], [-0.0013272309443, 0.0104839187115, -0.00658873002976, 0.00787116680294, -0.00666735554114, 0.00615959148854, -0.00985037628561, 0.0195803530514, -0.0107997637242, 0.00346876494586, -0.0075122024864, 0.00231318199076, -0.0065508284606], [0.000676474883221, -0.012815750204, 0.0068418905139, -0.00941759068519, 0.00533226178959, -0.00602878257632, 0.00809676293284, -0.0107997637242, 0.0243915636092, -0.00797516666353, 0.00869616586715, -0.00357501883991, 0.00537391752005], [0.000198779496714, 0.00812420621514, -0.00428165635094, 0.00451213121414, -0.00387150631286, 0.00295061175711, -0.001862131292, 0.00346876494586, -0.00797516666353, 0.0169170238078, -0.0077925468795, 0.00118866702542, -6.82675545249e-06], [0.000590003561229, -0.015992956236, 0.00737891020253, -0.00879623740911, 0.00793093536049, -0.0086473878473, 0.00830249302089, -0.0075122024864, 0.00869616586715, -0.0077925468795, 0.0223633795977, -0.00645942054689, 0.0075166891329], [-0.000554511148948, 0.00775432027876, -0.00287272804417, 0.00449896417558, -0.00499866390601, 0.00629729125649, -0.00467847287655, 0.00231318199076, -0.00357501883991, 0.00118866702542, -0.00645942054689, 0.0166741441935, -0.0065201530233], [0.00137191952672, -0.0114312907681, 0.00509655009955, -0.00738144153729, 0.00890776328743, -0.00854895636439, 0.00942791625857, -0.0065508284606, 0.00537391752005, -6.82675545249e-06, 0.0075166891329, -0.0065201530233, 0.0223226044327]]
    },
    "melbands": {
        "dmean": [7.95960368123e-05, 0.0010160272941, 0.00173949974123, 0.000673553731758, 0.000186460500117, 0.000102420504845, 0.000223469847697, 0.000188104037079, 9.91600099951e-05, 6.74576294841e-05, 0.000148721126607, 0.000130625354359, 5.50223121536e-05, 2.92462500511e-05, 5.24884308106e-05, 4.60767005279e-05, 5.90059935348e-05, 1.83623305929e-05, 1.2455752767e-05, 3.05402172671e-05, 3.88538319385e-05, 3.38121863024e-05, 1.03918018795e-05, 4.22560060542e-06, 6.20590753897e-06, 8.04389037512e-06, 3.98658676204e-06, 2.33182549891e-06, 1.3961617924e-06, 2.92019512926e-06, 2.20527863348e-06, 3.60136777999e-06, 1.05794129013e-06, 7.7274700061e-07, 2.76639923413e-07, 2.09980314025e-07, 2.07105159689e-07, 1.86417537407e-07, 1.85987175882e-07, 5.11481808019e-08],
        "dmean2": [0.000112401918159, 0.00143980479334, 0.00263725453988, 0.00106767192483, 0.000270357530098, 0.000139031209983, 0.000292327604257, 0.00026994253858, 0.000131313558086, 8.98759099073e-05, 0.000194856547751, 0.000171412932104, 7.68612080719e-05, 4.21990844188e-05, 7.5985721196e-05, 6.52097223792e-05, 9.0636924142e-05, 2.94144447253e-05, 1.89515139937e-05, 4.59537513962e-05, 6.17795594735e-05, 5.48034768144e-05, 1.65088367794e-05, 6.69464907332e-06, 1.00962388387e-05, 1.27111652546e-05, 6.36853155811e-06, 3.71894748241e-06, 2.19535968426e-06, 4.75615252071e-06, 3.46124693351e-06, 5.78824983677e-06, 1.71079989286e-06, 1.25515998661e-06, 4.61428953713e-07, 3.45090768405e-07, 3.41393587178e-07, 3.07283244183e-07, 3.10990486696e-07, 8.35848510405e-08],
        "dvar": [1.70915317455e-08, 2.02257547244e-06, 4.33951072409e-06, 6.44523765914e-07, 7.67625181197e-08, 1.32109212458e-08, 1.83113527896e-07, 1.9539719176e-07, 7.62178302693e-08, 2.14364206386e-08, 6.56867555904e-08, 6.75359999036e-08, 6.6496838258e-08, 6.23815532563e-09, 1.18744134525e-08, 1.1623353835e-08, 1.38377549419e-08, 1.21587118151e-09, 6.77998435172e-10, 3.13905967886e-09, 2.65965161006e-09, 6.82267042862e-09, 4.36286534677e-10, 4.62153336434e-11, 1.38405661931e-10, 2.45095277407e-10, 5.11515864388e-11, 1.1564729209e-11, 4.19614646849e-12, 5.52087854599e-11, 1.96723401458e-11, 4.92076865366e-11, 3.75483541828e-12, 2.98784694902e-12, 2.5565899224e-13, 1.9700151341e-13, 1.53579921133e-13, 5.95494573791e-13, 1.13991119061e-12, 1.32262907224e-14],
        "dvar2": [2.99763449618e-08, 3.4674235394e-06, 9.14037082111e-06, 1.53764517563e-06, 1.67286643205e-07, 2.42573978682e-08, 3.45226823129e-07, 4.60014518922e-07, 1.37985637139e-07, 4.4398944965e-08, 1.25851471466e-07, 1.04251164146e-07, 1.29142307514e-07, 1.13716307482e-08, 2.41535076384e-08, 2.20449276611e-08, 3.22117656992e-08, 2.62108668103e-09, 1.4905527923e-09, 7.09283565214e-09, 6.94711665972e-09, 1.80931269966e-08, 1.07050635023e-09, 9.92859683357e-11, 3.51091378192e-10, 5.60883950396e-10, 1.27890975588e-10, 2.82100714316e-11, 9.83020435885e-12, 1.46082507202e-10, 4.82615440667e-11, 1.22324345098e-10, 9.52428153705e-12, 7.73397058201e-12, 7.04619576661e-13, 5.1864870905e-13, 3.8335093021e-13, 1.67390678141e-12, 3.13557296447e-12, 3.331134942e-14],
        "max": [0.00160296505783, 0.0196946188807, 0.0187176726758, 0.0102162873372, 0.00457496009767, 0.00202549062669, 0.00928376615047, 0.0118442876264, 0.00547280535102, 0.00271243043244, 0.0055011860095, 0.00528824189678, 0.00866338703781, 0.00166649743915, 0.00140061206184, 0.00164797797333, 0.00159458036069, 0.000845553528052, 0.000467613921501, 0.000813160731923, 0.000493303290568, 0.00112486211583, 0.000285691727186, 9.95130321826e-05, 0.000156267575221, 0.00019250519108, 8.68491188157e-05, 3.70294110326e-05, 3.21462575812e-05, 0.000120987155242, 5.71932578168e-05, 7.20391253708e-05, 2.69625088549e-05, 2.11040023714e-05, 6.01311194259e-06, 6.85063514538e-06, 4.52825770481e-06, 2.0282683181e-05, 2.98130362353e-05, 1.94038238988e-06],
        "mean": [0.000128220111947, 0.00217161164619, 0.00446026492864, 0.00162412249483, 0.000587217567954, 0.000438734452473, 0.000505883421283, 0.000434646994108, 0.000275608646916, 0.000170644198079, 0.000320270773955, 0.000276235135971, 0.000128196828882, 5.18325759913e-05, 8.50302021718e-05, 7.4096264143e-05, 9.12932155188e-05, 3.43446881743e-05, 2.40068329731e-05, 4.67330100946e-05, 5.80269079364e-05, 4.46673293482e-05, 1.45391340993e-05, 6.94133859724e-06, 8.8417527877e-06, 1.06682909973e-05, 5.9850362959e-06, 3.97955591325e-06, 2.54128030974e-06, 4.14253463532e-06, 3.49726178683e-06, 5.66850076211e-06, 1.71416832018e-06, 1.12222471671e-06, 4.33070255212e-07, 3.53653376806e-07, 3.72197774823e-07, 3.10872820819e-07, 2.93674503382e-07, 7.95466732484e-08],
        "median": [5.25776558788e-05, 0.00142034969758, 0.00329115591012, 0.00138409982901, 0.00044774953858, 0.000317302474286, 0.000185374548892, 0.000285624904791, 7.07451617927e-05, 9.66438237811e-05, 0.000175910579856, 9.67434752965e-05, 2.75778093055e-05, 1.61017705977e-05, 2.67679279204e-05, 2.10081580008e-05, 1.93466403289e-05, 1.74894612428e-05, 1.11443769129e-05, 1.59495466505e-05, 3.02705466311e-05, 1.37587530844e-05, 5.78156732445e-06, 3.60461376658e-06, 3.20015556099e-06, 4.00475255447e-06, 3.17737521982e-06, 2.25698249778e-06, 1.4987697341e-06, 1.13975295335e-06, 1.15348689178e-06, 1.03592367395e-06, 6.31991497357e-07, 2.83201075035e-07, 2.02610252131e-07, 1.62371833312e-07, 1.66844287719e-07, 1.30549551614e-07, 8.26199055837e-08, 1.87471940194e-08],
