{
"highlevel": {
    "danceability": {
        "all": {
            "danceable": 0.977008223534,
            "not_danceable": 0.0229917559773
        },
        "probability": 0.977008223534,
        "value": "danceable"
    },
    "gender": {
        "all": {
            "female": 0.0133889298886,
            "male": 0.986611068249
        },
        "probability": 0.986611068249,
        "value": "male"
    },
    "genre_dortmund": {
        "all": {
            "alternative": 0.138178646564,
            "blues": 0.0436219871044,
            "electronic": 0.359993487597,
            "folkcountry": 0.0607642643154,
            "funksoulrnb": 0.0135727059096,
            "jazz": 0.179349556565,
            "pop": 0.0207857005298,
            "raphiphop": 0.115047492087,
            "rock": 0.068686157465
        },
        "probability": 0.359993487597,
        "value": "electronic"
    },
    "genre_electronic": {
        "all": {
            "ambient": 0.400961607695,
            "dnb": 0.271282792091,
            "house": 0.143862172961,
            "techno": 0.0217947680503,
            "trance": 0.162098631263
        },
        "probability": 0.400961607695,
        "value": "ambient"
    },
    "genre_rosamerica": {
        "all": {
            "cla": 0.0218302030116,
            "dan": 0.026392262429,
            "hip": 0.743505954742,
            "jaz": 0.0319135561585,
            "pop": 0.0572788640857,
            "rhy": 0.0906104892492,
            "roc": 0.0202868953347,
            "spe": 0.00818174611777
        },
        "probability": 0.743505954742,
        "value": "hip"
    },
    "genre_tzanetakis": {
        "all": {
            "blu": 0.0626541376114,
            "cla": 0.0348133966327,
            "cou": 0.0783501937985,
            "dis": 0.104547761381,
            "hip": 0.15693578124,
            "jaz": 0.313987255096,
            "met": 0.044816005975,
            "pop": 0.0627349764109,
            "reg": 0.0627352520823,
            "roc": 0.0784252434969
        },
        "probability": 0.313987255096,
        "value": "jaz"
    },
    "ismir04_rhythm": {
        "all": {
            "ChaChaCha": 0.807525217533,
            "Jive": 0.0117889139801,
            "Quickstep": 0.0217478014529,
            "Rumba-American": 0.0112325269729,
            "Rumba-International": 0.022515270859,
            "Rumba-Misc": 0.00381924747489,
            "Samba": 0.0561403371394,
            "Tango": 0.0388386584818,
            "VienneseWaltz": 0.0234798584133,
            "Waltz": 0.00291219563223
        },
        "probability": 0.807525217533,
        "value": "ChaChaCha"
    },
    "mood_acoustic": {
        "all": {
            "acoustic": 0.0260319132358,
            "not_acoustic": 0.973968088627
        },
        "probability": 0.973968088627,
        "value": "not_acoustic"
    },
    "mood_aggressive": {
        "all": {
            "aggressive": 0.348704278469,
            "not_aggressive": 0.651295721531
        },
        "probability": 0.651295721531,
        "value": "not_aggressive"
    },
    "mood_electronic": {
        "all": {
            "electronic": 0.934979259968,
            "not_electronic": 0.0650207400322
        },
        "probability": 0.934979259968,
        "value": "electronic"
    },
    "mood_happy": {
        "all": {
            "happy": 0.39501234889,
            "not_happy": 0.604987621307
        },
        "probability": 0.604987621307,
        "value": "not_happy"
    },
    "mood_party": {
        "all": {
            "not_party": 0.276289224625,
            "party": 0.723710775375
        },
        "probability": 0.723710775375,
        "value": "party"
    },
    "mood_relaxed": {
        "all": {
            "not_relaxed": 0.805896520615,
            "relaxed": 0.194103479385
        },
        "probability": 0.805896520615,
        "value": "not_relaxed"
    },
    "mood_sad": {
        "all": {
            "not_sad": 0.848686814308,
            "sad": 0.151313170791
        },
        "probability": 0.848686814308,
        "value": "not_sad"
    },
    "moods_mirex": {
        "all": {
            "Cluster1": 0.161002337933,
            "Cluster2": 0.163609296083,
            "Cluster3": 0.0658024102449,
            "Cluster4": 0.178903669119,
            "Cluster5": 0.430682271719
        },
        "probability": 0.430682271719,
        "value": "Cluster5"
    },
    "timbre": {
        "all": {
            "bright": 0.315132886171,
            "dark": 0.684867084026
        },
        "probability": 0.684867084026,
        "value": "dark"
    },
    "tonal_atonal": {
        "all": {
            "atonal": 0.571971058846,
            "tonal": 0.428028941154
        },
        "probability": 0.571971058846,
        "value": "atonal"
    },
    "voice_instrumental": {
        "all": {
            "instrumental": 0.137989699841,
            "voice": 0.862010300159
        },
        "probability": 0.862010300159,
        "value": "voice"
    }
},
"lowlevel": {
    "average_loudness": 0.966746509075,
    "barkbands_crest": {
        "dmean": 2.09726691246,
        "dmean2": 3.21422457695,
        "dvar": 4.57597351074,
        "dvar2": 9.63820171356,
        "max": 24.4765090942,
        "mean": 9.64936637878,
        "median": 8.99642372131,
        "min": 2.28101015091,
        "var": 14.3177547455
    },
    "barkbands_flatness_db": {
        "dmean": 0.0230830200016,
        "dmean2": 0.0342989079654,
        "dvar": 0.000466194731416,
        "dvar2": 0.000952706148382,
        "max": 0.341512680054,
        "mean": 0.144806101918,
        "median": 0.14154484868,
        "min": 0.0457885377109,
        "var": 0.00198722304776
    },
    "barkbands_kurtosis": {
        "dmean": 2.07663965225,
        "dmean2": 3.31062889099,
        "dvar": 11.5675191879,
        "dvar2": 27.96717453,
        "max": 48.6729927063,
        "mean": 2.35446381569,
        "median": 0.780321836472,
        "min": -1.88372826576,
        "var": 22.8446063995
    },
    "barkbands_skewness": {
        "dmean": 0.528475344181,
        "dmean2": 0.80543923378,
        "dvar": 0.349108189344,
        "dvar2": 0.747542262077,
        "max": 6.40214014053,
        "mean": 1.24061536789,
        "median": 1.10632014275,
        "min": -3.9686756134,
        "var": 1.17945981026
    },
    "barkbands_spread": {
        "dmean": 9.93079376221,
        "dmean2": 16.0559196472,
        "dvar": 151.559921265,
        "dvar2": 375.515289307,
        "max": 108.573554993,
        "mean": 31.9993209839,
        "median": 27.6159324646,
        "min": 2.96083068848,
        "var": 333.233520508
    },
    "dissonance": {
        "dmean": 0.0203832238913,
        "dmean2": 0.0339169241488,
        "dvar": 0.000486984063173,
        "dvar2": 0.0012876164401,
        "max": 0.500000119209,
        "mean": 0.462790876627,
        "median": 0.472454488277,
        "min": 0.308975964785,
        "var": 0.00115661206655
    },
    "dynamic_complexity": 2.25448179245,
    "erbbands_crest": {
        "dmean": 2.70308899879,
        "dmean2": 4.39920759201,
        "dvar": 7.06658172607,
        "dvar2": 16.4739456177,
        "max": 26.3289966583,
        "mean": 9.62880325317,
        "median": 8.17295265198,
        "min": 2.72023773193,
        "var": 22.9626102448
    },
    "erbbands_flatness_db": {
        "dmean": 0.0171006340533,
        "dmean2": 0.0255284328014,
        "dvar": 0.000264532573055,
        "dvar2": 0.00057077081874,
        "max": 0.351167857647,
        "mean": 0.163383424282,
        "median": 0.157434433699,
        "min": 0.0895099192858,
        "var": 0.00177831656765
    },
    "erbbands_kurtosis": {
        "dmean": 1.4452047348,
        "dmean2": 2.2425403595,
        "dvar": 3.75206947327,
        "dvar2": 8.01030445099,
        "max": 22.5991439819,
        "mean": 1.33320844173,
        "median": -0.074070930481,
        "min": -1.73660039902,
        "var": 12.6846570969
    },
    "erbbands_skewness": {
        "dmean": 0.509333431721,
        "dmean2": 0.777412235737,
        "dvar": 0.261141091585,
        "dvar2": 0.563287734985,
        "max": 3.64950084686,
        "mean": 0.397217452526,
        "median": 0.373647928238,
        "min": -3.37878966331,
        "var": 1.18211102486
    },
    "erbbands_spread": {
        "dmean": 10.4522600174,
        "dmean2": 16.407453537,
        "dvar": 125.157348633,
        "dvar2": 286.915649414,
        "max": 106.027702332,
        "mean": 38.1008453369,
        "median": 35.9671173096,
        "min": 4.33905315399,
        "var": 327.096832275
    },
    "hfc": {
        "dmean": 10.9098920822,
        "dmean2": 17.6544532776,
        "dvar": 438.7706604,
        "dvar2": 887.639221191,
        "max": 188.290145874,
        "mean": 18.944311142,
        "median": 12.555814743,
        "min": 0.0631601214409,
        "var": 571.316955566
    },
    "melbands_crest": {
        "dmean": 3.47503638268,
        "dmean2": 5.57765388489,
        "dvar": 12.5010671616,
        "dvar2": 33.4924507141,
        "max": 33.3897094727,
        "mean": 19.5140304565,
        "median": 19.8935222626,
        "min": 2.35947394371,
        "var": 44.9670753479
    },
    "melbands_flatness_db": {
        "dmean": 0.0296135041863,
        "dmean2": 0.0430635996163,
        "dvar": 0.000843610905576,
        "dvar2": 0.00165945198387,
        "max": 0.355469346046,
        "mean": 0.180712878704,
        "median": 0.185033634305,
        "min": 0.0320262387395,
        "var": 0.00298075913452
    },
    "melbands_kurtosis": {
        "dmean": 5.65116643906,
        "dmean2": 9.02138137817,
        "dvar": 99.1382751465,
        "dvar2": 250.562957764,
        "max": 138.174407959,
        "mean": 10.0188789368,
        "median": 5.44223880768,
        "min": -1.72119510174,
        "var": 181.611373901
    },
    "melbands_skewness": {
        "dmean": 0.688219964504,
        "dmean2": 1.06270992756,
        "dvar": 0.623328328133,
        "dvar2": 1.45891070366,
        "max": 9.75333976746,
        "mean": 2.34179472923,
        "median": 2.04140233994,
        "min": -1.13086676598,
        "var": 2.374345541
    },
    "melbands_spread": {
        "dmean": 13.0567178726,
        "dmean2": 20.5608253479,
        "dvar": 392.058868408,
        "dvar2": 781.43572998,
        "max": 237.816864014,
        "mean": 34.6638259888,
        "median": 27.9388046265,
        "min": 2.24488377571,
        "var": 797.942626953
    },
    "pitch_salience": {
        "dmean": 0.0658512711525,
        "dmean2": 0.106063321233,
        "dvar": 0.005111255683,
        "dvar2": 0.0123703666031,
        "max": 0.885289907455,
        "mean": 0.499815195799,
        "median": 0.483826905489,
        "min": 0.139756396413,
        "var": 0.0148488599807
    },
    "silence_rate_20dB": {
        "dmean": 0,
        "dmean2": 0,
        "dvar": 0,
        "dvar2": 0,
        "max": 1,
        "mean": 1,
        "median": 1,
        "min": 1,
        "var": 0
    },
    "silence_rate_30dB": {
        "dmean": 0,
        "dmean2": 0,
        "dvar": 0,
        "dvar2": 0,
        "max": 1,
        "mean": 1,
        "median": 1,
        "min": 1,
        "var": 0
    },
    "silence_rate_60dB": {
        "dmean": 0.0139318881556,
        "dmean2": 0.0278853606433,
        "dvar": 0.0137381935492,
        "dvar2": 0.0317558571696,
        "max": 1,
        "mean": 0.0525908730924,
        "median": 0,
        "min": 0,
        "var": 0.049825374037
    },
    "spectral_centroid": {
        "dmean": 420.932800293,
        "dmean2": 646.091674805,
        "dvar": 238502.1875,
        "dvar2": 489664.90625,
        "max": 5296.69384766,
        "mean": 1833.37658691,
        "median": 1593.66467285,
        "min": 344.78314209,
        "var": 693158.8125
    },
    "spectral_complexity": {
        "dmean": 4.40170288086,
        "dmean2": 6.81951951981,
        "dvar": 45.0762557983,
        "dvar2": 82.1325073242,
        "max": 59,
        "mean": 15.1376647949,
        "median": 14,
        "min": 0,
        "var": 91.3544235229
    },
    "spectral_decrease": {
        "dmean": 1.15468523632e-09,
        "dmean2": 1.75999959051e-09,
        "dvar": 3.16278855821e-18,
        "dvar2": 6.77770369948e-18,
        "max": -1.22248686868e-11,
        "mean": -4.78971662332e-09,
        "median": -4.64630556252e-09,
        "min": -2.03878460781e-08,
        "var": 7.49616134668e-18
    },
    "spectral_energy": {
        "dmean": 0.00517078349367,
        "dmean2": 0.00795990694314,
        "dvar": 5.94198791077e-05,
        "dvar2": 0.000125685241073,
        "max": 0.0798879563808,
        "mean": 0.0197958089411,
        "median": 0.0190180726349,
        "min": 5.18682536494e-05,
        "var": 0.000131266016979
    },
    "spectral_energyband_high": {
        "dmean": 0.00122211652342,
        "dmean2": 0.002018581843,
        "dvar": 6.33293529972e-06,
        "dvar2": 1.21907414723e-05,
        "max": 0.0226183086634,
        "mean": 0.00147923151962,
        "median": 0.00047482852824,
        "min": 2.21399500333e-06,
        "var": 8.43282305141e-06
    },
    "spectral_energyband_low": {
        "dmean": 0.00252112629823,
        "dmean2": 0.00400196295232,
        "dvar": 3.40318547387e-05,
        "dvar2": 8.37785773911e-05,
        "max": 0.0651271492243,
        "mean": 0.00908718537539,
        "median": 0.00859997794032,
        "min": 9.51743794886e-10,
        "var": 5.92803153268e-05
    },
    "spectral_energyband_middle_high": {
        "dmean": 0.00163090694696,
        "dmean2": 0.00250456505455,
        "dvar": 8.5585134002e-06,
        "dvar2": 2.00045360543e-05,
        "max": 0.025311589241,
        "mean": 0.00367228896357,
        "median": 0.0024289265275,
        "min": 2.4180226319e-05,
        "var": 1.45498443089e-05
    },
    "spectral_energyband_middle_low": {
        "dmean": 0.00189259101171,
        "dmean2": 0.00299667217769,
        "dvar": 1.15199745778e-05,
        "dvar2": 2.99767998513e-05,
        "max": 0.0333029516041,
        "mean": 0.00537364417687,
        "median": 0.00460456172004,
        "min": 2.49673903454e-05,
        "var": 2.04225707421e-05
    },
    "spectral_entropy": {
        "dmean": 0.181610718369,
        "dmean2": 0.262600839138,
        "dvar": 0.0355789661407,
        "dvar2": 0.0673649311066,
        "max": 8.67055511475,
        "mean": 7.73996925354,
        "median": 7.76677942276,
        "min": 6.48098182678,
        "var": 0.145457357168
    },
    "spectral_flux": {
        "dmean": 0.0201997235417,
        "dmean2": 0.0300509445369,
        "dvar": 0.000671811227221,
        "dvar2": 0.00115941104013,
        "max": 0.248016119003,
        "mean": 0.0652809068561,
        "median": 0.0543275289237,
        "min": 0.00696534197778,
        "var": 0.00152965262532
    },
    "spectral_kurtosis": {
        "dmean": 1.13394486904,
        "dmean2": 1.87597131729,
        "dvar": 1.29301130772,
        "dvar2": 2.9928021431,
        "max": 11.0857400894,
        "mean": 2.32273006439,
        "median": 2.11638689041,
        "min": -1.06610918045,
        "var": 2.71936416626
    },
    "spectral_rms": {
        "dmean": 0.000536894774996,
        "dmean2": 0.000809817516711,
        "dvar": 4.27065600661e-07,
        "dvar2": 8.41821361064e-07,
        "max": 0.008828333579,
        "mean": 0.00418822374195,
        "median": 0.00430746050552,
        "min": 0.000224951494602,
        "var": 1.77173228622e-06
    },
    "spectral_rolloff": {
        "dmean": 922.061706543,
        "dmean2": 1618.77758789,
        "dvar": 1982358.625,
        "dvar2": 4656704,
        "max": 14125.78125,
        "mean": 1850.04199219,
        "median": 1141.25976562,
        "min": 64.599609375,
        "var": 3681206
    },
    "spectral_skewness": {
        "dmean": 0.268227249384,
        "dmean2": 0.422908306122,
        "dvar": 0.0675879642367,
        "dvar2": 0.138624295592,
        "max": 2.53989982605,
        "mean": 1.16032874584,
        "median": 1.1558920145,
        "min": -0.0528354495764,
        "var": 0.187683820724
    },
    "spectral_spread": {
        "dmean": 597681.5,
        "dmean2": 906188.4375,
        "dvar": 430993670144,
        "dvar2": 803656957952,
        "max": 16057153,
        "mean": 4931212,
        "median": 4859800.5,
        "min": 2338407.25,
        "var": 1.3247947735e+12
    },
    "spectral_strongpeak": {
        "dmean": 0.298321008682,
        "dmean2": 0.519850850105,
        "dvar": 0.372051179409,
        "dvar2": 0.881136119366,
        "max": 5.42806339264,
        "mean": 0.616249859333,
        "median": 0.158081993461,
        "min": 0,
        "var": 0.923870027065
    },
    "zerocrossingrate": {
        "dmean": 0.0155395884067,
        "dmean2": 0.018456351012,
        "dvar": 0.000327871064655,
        "dvar2": 0.000353295763489,
        "max": 0.3798828125,
        "mean": 0.0701640918851,
        "median": 0.05810546875,
        "min": 0.01123046875,
        "var": 0.00188622786663
    },
    "barkbands": {
        "dmean": [0.000628627603874, 0.00166555633768, 0.00101716816425, 0.000187191195437, 0.000554074533284, 0.000419926131144, 0.000582682201639, 0.000285920541501, 0.000741236086469, 0.000193375279196, 0.00032304492197, 0.000304036628222, 0.00013342226157, 0.000123119694763, 0.000135177906486, 0.000179721275344, 0.000267217605142, 0.00029591031489, 0.00028170880978, 0.000343235966284, 0.000296103389701, 0.000515322317369, 0.000157894726726, 0.000117199371743, 4.23748133471e-05, 8.75597288541e-06, 2.25167937629e-07],
        "dmean2": [0.00104897806887, 0.00257232249714, 0.0018064645119, 0.00032095820643, 0.000865638372488, 0.00074813660467, 0.000917246332392, 0.000428679370089, 0.0010537590133, 0.000317145488225, 0.000478793255752, 0.000473101914395, 0.000207111530472, 0.000188733058167, 0.000213431863813, 0.000286580965621, 0.000447912927484, 0.000478275760543, 0.000456530222436, 0.000582389126066, 0.000473109772429, 0.000866750604473, 0.000262219080469, 0.0001757676946, 6.76676936564e-05, 1.39077656058e-05, 3.82017105949e-07],
        "dvar": [3.3427369317e-07, 1.07065716293e-05, 1.87302102859e-05, 3.33578753953e-07, 1.11315262075e-06, 1.68314409166e-06, 1.18628668133e-06, 3.86586094692e-07, 1.62972480666e-06, 1.33860027063e-07, 5.62813511351e-07, 4.99562020195e-07, 9.02190464558e-08, 4.69710563777e-08, 6.61487433717e-08, 1.40444456065e-07, 4.45369749968e-07, 5.50516290332e-07, 6.0297128357e-07, 6.96108145348e-07, 7.29369844521e-07, 9.81689822765e-07, 6.31162322406e-08, 7.72240440483e-08, 7.08940639527e-09, 6.65703103753e-10, 1.43697098491e-12],
        "dvar2": [9.35787227263e-07, 2.42769201577e-05, 5.19796594745e-05, 9.27501673686e-07, 2.51992310041e-06, 4.58448766949e-06, 2.6960528885e-06, 7.12581083917e-07, 3.03065485241e-06, 3.14757642172e-07, 1.17383285669e-06, 1.13406940727e-06, 2.0079212959e-07, 1.07612606826e-07, 1.54756577331e-07, 3.43772654787e-07, 1.17303477509e-06, 1.33416131121e-06, 1.33219975851e-06, 1.58753687174e-06, 1.39828262036e-06, 2.11606811718e-06, 1.50593507442e-07, 1.35591989192e-07, 1.4660847647e-08, 1.70933078802e-09, 3.72734482168e-12],
        "max": [0.00566782709211, 0.0350464582443, 0.0435660481453, 0.00721508590505, 0.015092371963, 0.0114148408175, 0.0150537192822, 0.0190178900957, 0.0175150819123, 0.00741978688166, 0.00901450309902, 0.0123528726399, 0.00510609382764, 0.00325149483979, 0.00302517018281, 0.00561397988349, 0.00502291182056, 0.00564447930083, 0.00601166160777, 0.00595469772816, 0.00779053615406, 0.00964788813144, 0.00230302941054, 0.00478307390586, 0.00121822662186, 0.000467777979793, 1.96050932573e-05],
        "mean": [0.00292465905659, 0.00543681485578, 0.000939484336413, 0.000289930700092, 0.00094202341279, 0.00039885865408, 0.000885632063728, 0.000843570218422, 0.00196295022033, 0.000343645486282, 0.000642319500912, 0.000615674711298, 0.000241054003709, 0.000205771546462, 0.000211302496609, 0.000266605755314, 0.000345781823853, 0.000362886756193, 0.000286400114419, 0.00035862729419, 0.000315450277412, 0.000515649444424, 0.000208323690458, 0.000181318930117, 6.04496963206e-05, 1.04431592263e-05, 1.59050884463e-07],
        "median": [0.00350311677903, 0.00458891876042, 0.000397010240704, 0.000142365795909, 0.000412862485973, 0.000117727387988, 0.000264197180513, 0.000134545902256, 0.000738690258004, 0.00015755284403, 0.00016406805662, 0.000148759805597, 7.8878030763e-05, 8.48194904393e-05, 7.39413153497e-05, 7.9725177784e-05, 0.000111206441943, 0.000119798358355, 5.72032258788e-05, 7.8963690612e-05, 8.46007606015e-05, 0.000117238945677, 0.0001053163287, 5.8583853388e-05, 2.22849448619e-05, 3.37573510478e-06, 6.91696200317e-10],
        "min": [1.40353995787e-11, 3.47573664294e-10, 1.62451996299e-10, 1.70545455536e-09, 5.70883514683e-07, 3.52593794162e-08, 2.60154774878e-06, 2.96458608773e-07, 5.36374955118e-06, 1.73255853042e-06, 1.83272118193e-06, 2.18496211346e-06, 7.01712053797e-07, 1.60147919814e-07, 2.01483743467e-07, 4.28527073382e-07, 2.17969855498e-07, 7.00291195699e-07, 6.95340474977e-07, 4.70459639246e-07, 3.88833257148e-07, 2.62406047113e-07, 1.61345326433e-07, 6.40013264608e-10, 5.33163158067e-09, 2.69905322051e-12, 3.40134409353e-12],
        "var": [2.53459802479e-06, 2.57132014667e-05, 1.17555746328e-05, 2.72333778639e-07, 2.20069591705e-06, 1.17490083085e-06, 2.15019463212e-06, 4.5295801101e-06, 7.95550477051e-06, 3.68905432424e-07, 1.61521802511e-06, 1.85540466191e-06, 2.3441292285e-07, 1.03937203733e-07, 1.24883456465e-07, 2.04651271929e-07, 4.11333672901e-07, 5.39001575817e-07, 6.26010717042e-07, 7.46677699226e-07, 8.63715229116e-07, 1.14925751404e-06, 9.04312145167e-08, 2.36560239841e-07, 1.57791895106e-08, 8.40824798676e-10, 1.03484148334e-12]
    },
    "erbbands": {
        "dmean": [0.0818239748478, 0.334603309631, 1.14731025696, 0.76607966423, 1.34361362457, 2.17290759087, 2.06846451759, 4.11229848862, 7.16126871109, 7.705909729, 7.66910648346, 17.7961349487, 8.23582172394, 12.4810447693, 6.56379079819, 12.0147924423, 5.57036781311, 5.26820373535, 6.55058097839, 6.73698663712, 9.57343673706, 15.0948295593, 16.4314460754, 13.0143480301, 16.7151145935, 16.3008556366, 11.8800601959, 14.5514450073, 15.6298885345, 11.1737947464, 4.50935316086, 2.8380253315, 1.70840239525, 0.722558438778, 0.191607311368, 0.0567641593516, 0.0140780648217, 0.0010935368482, 5.72876888327e-05, 1.20629438243e-05],
        "dmean2": [0.130607768893, 0.503247559071, 2.00796484947, 1.26332640648, 2.23206448555, 3.42423653603, 3.61903858185, 7.29072284698, 11.7640914917, 11.8717489243, 11.2793607712, 25.1288013458, 12.6199245453, 18.1533870697, 10.0043201447, 18.338640213, 8.51171684265, 8.16035842896, 10.1430797577, 10.4059181213, 15.1856803894, 25.0611400604, 26.6088180542, 21.9457836151, 27.169046402, 27.760011673, 19.1253490448, 23.1772155762, 26.3528022766, 18.7758560181, 7.35817623138, 4.41888380051, 2.587236166, 1.15286815166, 0.304031610489, 0.0890042111278, 0.0222597680986, 0.00175611057784, 9.24537307583e-05, 1.89241782209e-05],
        "dvar": [0.0131039265543, 0.933448910713, 23.8749141693, 6.95497131348, 9.87218856812, 18.5491886139, 41.8986053467, 176.521987915, 243.62562561, 256.607299805, 200.031051636, 1201.84631348, 226.980163574, 641.217041016, 306.497772217, 920.764831543, 147.743774414, 80.0574111938, 119.450584412, 130.657501221, 473.722808838, 1401.46057129, 1834.30224609, 1464.23535156, 2018.46801758, 1498.0255127, 944.057495117, 1725.49536133, 1025.43603516, 329.688476562, 59.1676483154, 36.00050354, 22.7385292053, 2.17886090279, 0.173565015197, 0.0202911365777, 0.00326188327745, 2.3273343686e-05, 5.11193292141e-08, 7.01523616975e-10],
        "dvar2": [0.0378809385002, 2.09012651443, 65.3778457642, 18.1547164917, 25.4053096771, 37.8387031555, 118.231460571, 493.225006104, 604.694702148, 619.4453125, 369.714233398, 2209.22241211, 480.072814941, 1165.46142578, 692.048400879, 2024.75488281, 297.462677002, 189.750045776, 269.060089111, 301.692230225, 1120.88415527, 3685.62426758, 4639.66259766, 3431.03100586, 4638.2109375, 3548.83618164, 1827.08776855, 3413.27148438, 2059.41259766, 811.674255371, 139.858291626, 72.9448394775, 39.0771255493, 4.49995517731, 0.37399238348, 0.0494423285127, 0.00870966818184, 6.04813612881e-05, 1.27510375592e-07, 1.58390933702e-09],
        "max": [1.18989408016, 9.30976581573, 50.4840049744, 22.742357254, 54.3949050903, 67.1194839478, 50.6389541626, 124.99697876, 263.529449463, 195.296707153, 357.836395264, 493.798950195, 332.070404053, 375.378631592, 377.943359375, 616.972167969, 226.217147827, 125.770080566, 138.378585815, 119.501808167, 333.85534668, 323.923461914, 330.383300781, 266.22756958, 422.815124512, 289.976867676, 304.816253662, 396.980163574, 327.037475586, 149.235839844, 74.5148391724, 87.5666427612, 88.0500869751, 20.8816833496, 7.10422372818, 1.97078585625, 1.45287394524, 0.119737349451, 0.00329066766426, 0.000362679478712],
        "mean": [0.321877419949, 0.592491984367, 1.10800337791, 1.05143105984, 2.03763222694, 3.6413500309, 2.31735157967, 3.95797371864, 10.1575746536, 13.5077323914, 26.3830718994, 43.4021873474, 19.3908576965, 26.6770591736, 14.5539274216, 25.8972797394, 11.4773511887, 10.1682605743, 10.8379621506, 12.0678901672, 14.8471832275, 20.9746170044, 20.4364967346, 14.1550731659, 16.4713459015, 16.9727973938, 13.2797966003, 14.5929422379, 16.4112052917, 11.4794282913, 5.94559192657, 3.96010065079, 2.82513570786, 1.06173288822, 0.252013891935, 0.0698472931981, 0.0164848007262, 0.00113235774916, 6.22981096967e-05, 2.96474790957e-05],
        "median": [0.318383723497, 0.302624106407, 0.526406526566, 0.494033962488, 0.919027924538, 1.30392277241, 0.795241832733, 1.24037957191, 3.37593317032, 4.41750335693, 6.14138507843, 13.5553512573, 10.4675912857, 8.83038234711, 5.05534315109, 5.85042905807, 4.21067857742, 4.72125959396, 4.70814704895, 4.48874664307, 5.61682271957, 8.03088569641, 6.80932188034, 3.55753111839, 3.62721991539, 3.31188511848, 3.44648742676, 3.58702540398, 4.32162666321, 3.5559091568, 2.79835057259, 1.27910518646, 0.864964663982, 0.371754437685, 0.0815619379282, 0.0264228247106, 0.00352743617259, 0.00018057115085, 1.89223610505e-05, 2.43464328378e-05],
        "min": [1.25105090731e-08, 3.09044139613e-07, 4.0014760998e-06, 4.51609885204e-05, 0.00165971461684, 0.00126084138174, 0.00200959900394, 0.00170156313106, 0.0119157340378, 0.0615161955357, 0.0316813215613, 0.0994053408504, 0.112789399922, 0.0391099341214, 0.0992061644793, 0.0909336358309, 0.0504555255175, 0.0133224762976, 0.0111531214789, 0.0217628385872, 0.0150347882882, 0.015765607357, 0.0369292274117, 0.0419761501253, 0.0326504409313, 0.0210234038532, 0.0268544238061, 0.0169298425317, 0.0116740753874, 0.00492805009708, 0.00445203855634, 0.00375535408966, 0.00178981106728, 0.000369207118638, 1.09857592179e-05, 1.00413149084e-06, 2.12502584418e-07, 5.77157024395e-08, 1.19600073845e-07, 7.32327123387e-08],
        "var": [0.0529977679253, 1.31703603268, 15.7137470245, 5.46969985962, 12.0559978485, 44.4518852234, 34.9017486572, 119.473205566, 333.697662354, 490.438140869, 2422.75170898, 4918.13671875, 953.697998047, 2308.56005859, 627.599182129, 4041.02441406, 439.807861328, 218.897338867, 246.807693481, 290.807342529, 612.998596191, 1353.13378906, 1693.15063477, 1374.25769043, 1980.63574219, 1638.55725098, 1159.39782715, 1968.25061035, 1249.54858398, 379.926025391, 83.5196685791, 83.2875289917, 71.9142227173, 5.43046808243, 0.277783513069, 0.0238662287593, 0.00400963006541, 2.88952905976e-05, 4.46429950784e-08, 8.31430368997e-10]
    },
    "gfcc": {
        "mean": [-16.7663021088, 77.861076355, -129.846481323, 45.2357292175, -75.445640564, 30.1927719116, -27.6418113708, 19.8655719757, -9.896900177, -0.517895460129, -12.4854059219, 0.226562455297, -5.71955871582],
        "cov": [[3095.48046875, -374.044464111, 452.578521729, 666.471252441, 202.759857178, 127.829833984, 39.3485221863, 301.179992676, 189.390945435, 340.108520508, -9.01204204559, 190.632232666, 121.858924866], [-374.044464111, 1276.49243164, 129.803848267, 94.8664474487, 305.883148193, 78.3811569214, 230.606811523, 35.2661628723, 232.902252197, -35.2413444519, 137.965927124, -41.3280258179, 115.949440002], [452.578521729, 129.803848267, 540.7734375, 357.401153564, 127.06968689, 112.378349304, 26.7041282654, 89.2263641357, 77.3154296875, 110.545059204, 32.9525032043, 82.6636123657, 59.8522033691], [666.471252441, 94.8664474487, 357.401153564, 821.193969727, 260.790863037, -6.8126373291, 59.4432754517, 106.230712891, 168.300628662, 149.702667236, 75.6328277588, 68.6688690186, 137.299438477], [202.759857178, 305.883148193, 127.06968689, 260.790863037, 328.977661133, 57.6418457031, 63.3476371765, 101.722434998, 136.765197754, 57.399597168, 41.0830879211, 23.3228530884, 67.1224441528], [127.829833984, 78.3811569214, 112.378349304, -6.8126373291, 57.6418457031, 366.300445557, 173.061233521, 30.0568637848, 21.4271068573, 37.1754837036, 54.5141296387, 12.5535945892, 30.5215969086], [39.3485221863, 230.606811523, 26.7041282654, 59.4432754517, 63.3476371765, 173.061233521, 289.95401001, 10.3063097, 9.27959728241, 14.4275531769, 75.8490219116, 23.3604431152, 36.6155433655], [301.179992676, 35.2661628723, 89.2263641357, 106.230712891, 101.722434998, 30.0568637848, 10.3063097, 199.391937256, 136.691513062, 43.2252731323, 0.0703733786941, 13.0105018616, 39.5817070007], [189.390945435, 232.902252197, 77.3154296875, 168.300628662, 136.765197754, 21.4271068573, 9.27959728241, 136.691513062, 242.504547119, 54.0983505249, 10.9732561111, -12.0014219284, 59.8706207275], [340.108520508, -35.2413444519, 110.545059204, 149.702667236, 57.399597168, 37.1754837036, 14.4275531769, 43.2252731323, 54.0983505249, 134.880981445, -1.95920073986, 20.8686084747, 28.2830162048], [-9.01204204559, 137.965927124, 32.9525032043, 75.6328277588, 41.0830879211, 54.5141296387, 75.8490219116, 0.0703733786941, 10.9732561111, -1.95920073986, 121.900856018, 19.0351905823, 26.0130004883], [190.632232666, -41.3280258179, 82.6636123657, 68.6688690186, 23.3228530884, 12.5535945892, 23.3604431152, 13.0105018616, -12.0014219284, 20.8686084747, 19.0351905823, 108.937004089, 8.1920671463], [121.858924866, 115.949440002, 59.8522033691, 137.299438477, 67.1224441528, 30.5215969086, 36.6155433655, 39.5817070007, 59.8706207275, 28.2830162048, 26.0130004883, 8.1920671463, 98.5128707886]],
        "icov": [[0.000581762462389, 0.000118268151709, 1.48643885041e-05, -0.000244687747909, 9.05833076104e-05, -0.000112771856948, 4.6516997827e-06, -0.000611501222011, 8.99147416931e-05, -0.000908696034458, 0.000166432349943, -0.000602365005761, -9.72653215285e-05], [0.000118268151709, 0.00253255362622, -0.0015206298558, 0.00151645368896, -0.00212680967525, 0.00144146347884, -0.00212789070792, 0.00219776621088, -0.00290634483099, 0.00126061122864, -0.0015464752214, 0.00127119815443, -0.00169933598954], [1.48643885041e-05, -0.0015206298558, 0.00429388461635, -0.0022771274671, 0.00138745340519, -0.0022391397506, 0.00216066441499, -0.00209173839539, 0.0020632550586, -0.00166534550954, 0.00105852342676, -0.00241225492209, 0.00126731512137], [-0.000244687747909, 0.00151645368896, -0.0022771274671, 0.00401615444571, -0.00248168595135, 0.00225044414401, -0.0017567150062, 0.00221408507787, -0.00237772264518, -0.000262094981736, -0.00199241540395, 0.000943921040744, -0.00297117629088], [9.05833076104e-05, -0.00212680967525, 0.00138745340519, -0.00248168595135, 0.0068797217682, -0.00168685859535, 0.00141392939258, -0.00290951109491, 0.000978038180619, -0.0012052761158, 0.00104722857941, -0.00161479332019, 0.00109497865196], [-0.000112771856948, 0.00144146347884, -0.0022391397506, 0.00225044414401, -0.00168685859535, 0.00559817859903, -0.00381541904062, 0.00134577031713, -0.00170929846354, -0.000100333927548, -0.0017471696483, 0.0016584766563, -0.00164981628768], [4.6516997827e-06, -0.00212789070792, 0.00216066441499, -0.0017567150062, 0.00141392939258, -0.00381541904062, 0.00754967238754, -0.00198614411056, 0.00295019173063, -0.00114871480037, -0.000681623117998, -0.00198287027888, 0.000726772414055], [-0.000611501222011, 0.00219776621088, -0.00209173839539, 0.00221408507787, -0.00290951109491, 0.00134577031713, -0.00198614411056, 0.0116585334763, -0.00735884113237, 0.00196787342429, -0.000722365977708, 0.000684593105689, -0.00198480859399], [8.99147416931e-05, -0.00290634483099, 0.0020632550586, -0.00237772264518, 0.000978038180619, -0.00170929846354, 0.00295019173063, -0.00735884113237, 0.0120232785121, -0.00284594600089, 0.00158145104069, 0.000489582947921, 0.000144939578604], [-0.000908696034458, 0.00126061122864, -0.00166534550954, -0.000262094981736, -0.0012052761158, -0.000100333927548, -0.00114871480037, 0.00196787342429, -0.00284594600089, 0.0128893535584, 0.000761968258303, 0.000918220903259, -0.000742505479138], [0.000166432349943, -0.0015464752214, 0.00105852342676, -0.00199241540395, 0.00104722857941, -0.0017471696483, -0.000681623117998, -0.000722365977708, 0.00158145104069, 0.000761968258303, 0.0120037691668, -0.00228186324239, -4.03553131036e-05], [-0.000602365005761, 0.00127119815443, -0.00241225492209, 0.000943921040744, -0.00161479332019, 0.0016584766563, -0.00198287027888, 0.000684593105689, 0.000489582947921, 0.000918220903259, -0.00228186324239, 0.0127693489194, -0.000573195458855], [-9.72653215285e-05, -0.00169933598954, 0.00126731512137, -0.00297117629088, 0.00109497865196, -0.00164981628768, 0.000726772414055, -0.00198480859399, 0.000144939578604, -0.000742505479138, -4.03553131036e-05, -0.000573195458855, 0.0161182526499]]
    },
    "melbands": {
        "dmean": [0.000535151222721, 0.000514731800649, 0.000140832969919, 0.00013585567649, 7.40406030673e-05, 9.21385944821e-05, 0.000112927642476, 7.94142761151e-05, 6.69908258715e-05, 0.000119870557683, 4.0790586354e-05, 4.8817582865e-05, 2.92335789709e-05, 3.63453691534e-05, 1.85780845641e-05, 1.54193312483e-05, 9.66928473645e-06, 1.10883675006e-05, 1.22820401884e-05, 1.01889172583e-05, 1.20436843645e-05, 1.45802960105e-05, 1.80790011655e-05, 1.3849631614e-05, 1.05043609437e-05, 1.07411096906e-05, 1.32769155243e-05, 1.08507892946e-05, 7.37875143386e-06, 7.64043670642e-06, 9.8408672784e-06, 9.0769799499e-06, 1.03727352325e-05, 4.37073776993e-06, 2.72137276625e-06, 2.26234465117e-06, 1.61273715094e-06, 1.35715959004e-06, 9.25974234178e-07, 5.50571257918e-07],
        "dmean2": [0.000830714416225, 0.000857047911268, 0.000228718490689, 0.000215455671423, 0.000126132857986, 0.000162153519341, 0.000184011369129, 0.000121441073134, 9.8648990388e-05, 0.000168064929312, 6.31560324109e-05, 7.14761772542e-05, 4.412490307e-05, 5.62498062209e-05, 2.88697410724e-05, 2.38363154494e-05, 1.4964998627e-05, 1.70927032741e-05, 1.92938769032e-05, 1.57851100084e-05, 1.91972976609e-05, 2.41814977926e-05, 3.00023057207e-05, 2.24923351198e-05, 1.77303245437e-05, 1.7270387616e-05, 2.21861446335e-05, 1.85858607438e-05, 1.18202287922e-05, 1.20254117064e-05, 1.57958038471e-05, 1.50678033606e-05, 1.75952500285e-05, 7.43458076613e-06, 4.48368564321e-06, 3.65162463822e-06, 2.45956607614e-06, 2.06934942071e-06, 1.40739746257e-06, 9.097764746e-07],
        "dvar": [6.22781897164e-07, 4.10792927141e-06, 2.02520197945e-07, 7.17753465551e-08, 4.17981560474e-08, 8.23030816832e-08, 5.08993842629e-08, 2.47506086737e-08, 1.43016860576e-08, 5.48651009069e-08, 5.8735971642e-09, 9.28130194922e-09, 6.01268146383e-09, 8.47601455689e-09, 1.96158556065e-09, 1.43464218283e-09, 2.79421735749e-10, 3.97483712611e-10, 5.94792937125e-10, 4.40250336187e-10, 7.96223087463e-10, 1.23291354903e-09, 2.24513074798e-09, 1.42551137561e-09, 9.58306434207e-10, 9.01618169014e-10, 1.20733689712e-09, 6.38605446301e-10, 3.47777251442e-10, 5.2771820247e-10, 7.96104737688e-10, 3.91527782417e-10, 3.14635789644e-10, 4.40113605282e-11, 1.76417370296e-11, 2.67037711388e-11, 1.24744511595e-11, 1.63062965908e-11, 5.04961697456e-12, 1.10218605076e-12],
        "dvar2": [1.56431985943e-06, 1.06830084405e-05, 5.12921019435e-07, 1.65023536169e-07, 1.15186296057e-07, 2.28514707601e-07, 1.22777578326e-07, 5.69320306454e-08, 2.77947158622e-08, 1.00565003436e-07, 1.2428390761e-08, 1.70531961885e-08, 1.41449056912e-08, 1.97772784816e-08, 4.07425693183e-09, 3.2792610849e-09, 6.44318987053e-10, 8.95667151557e-10, 1.39586897596e-09, 1.06559905344e-09, 1.88548399116e-09, 3.23544702141e-09, 5.84739856535e-09, 3.60577478986e-09, 2.29954033593e-09, 1.90683113743e-09, 2.99574987039e-09, 1.53139356751e-09, 6.86094403513e-10, 1.08670494825e-09, 1.72062797343e-09, 7.8233014511e-10, 7.91567200675e-10, 1.07536160532e-10, 4.20029497294e-11, 6.63977900439e-11, 2.29026624055e-11, 2.94528394729e-11, 9.25859649364e-12, 2.55334186954e-12],
        "max": [0.00823516957462, 0.0206210184842, 0.003658892354, 0.0039880736731, 0.00159103493206, 0.00265201623552, 0.00346751161851, 0.00244764867239, 0.00250744260848, 0.00330778793432, 0.00169432279654, 0.00145304016769, 0.00137571571395, 0.00158328074031, 0.00128554995172, 0.00067291414598, 0.000197766697966, 0.000293488003081, 0.00033790699672, 0.000318134319969, 0.000347238237737, 0.000357022625394, 0.000429261825047, 0.000339905760484, 0.000219731678953, 0.000271345692454, 0.000294241181109, 0.000188273668755, 0.000175922759809, 0.000223237875616, 0.00028343431768, 0.000216437678318, 0.000156472349772, 5.07657896378e-05, 3.83482838515e-05, 5.66035341762e-05, 6.71077359584e-05, 7.63963835198e-05, 4.10251086578e-05, 1.50184623635e-05],
        "mean": [0.00227127992548, 0.00062568904832, 0.000202568087843, 0.000225152005441, 9.37863442232e-05, 8.96834608284e-05, 0.000167245452758, 0.000157353642862, 0.000228645905736, 0.000285731599433, 8.80457737367e-05, 0.000102384219645, 5.76475213165e-05, 7.20772077329e-05, 3.66292370018e-05, 2.73124605883e-05, 1.76043704414e-05, 1.7002086679e-05, 1.95881966647e-05, 1.58982384164e-05, 1.72645013663e-05, 1.99144851649e-05, 2.36636351474e-05, 1.50555388245e-05, 1.08141384771e-05, 1.1185031326e-05, 1.23450417959e-05, 1.12209709187e-05, 8.25300867291e-06, 7.83049563324e-06, 9.28423560254e-06, 9.46298769122e-06, 9.77409035841e-06, 4.85643658976e-06, 3.52929373548e-06, 2.77996150544e-06, 2.28910244005e-06, 2.13716998587e-06, 1.46550189584e-06, 6.94847642535e-07],
        "median": [0.00224422896281, 0.00029989957693, 9.93650392047e-05, 0.00010087958799, 3.20057406498e-05, 2.70513301075e-05, 5.53087265871e-05, 3.88105108868e-05, 3.7632373278e-05, 9.16647550184e-05, 4.44934485131e-05, 3.57930694008e-05, 1.92537754629e-05, 1.36172266139e-05, 1.00770594145e-05, 8.47113551572e-06, 7.723420822e-06, 6.04906153967e-06, 6.3909428718e-06, 4.27537224823e-06, 5.98875658397e-06, 7.31158115741e-06, 7.71987743065e-06, 4.55842609881e-06, 2.44842249231e-06, 2.3819748094e-06, 2.50280663749e-06, 1.94097424355e-06, 2.05912306228e-06, 1.74789477114e-06, 2.06930667446e-06, 2.33450055021e-06, 2.21508480536e-06, 1.9256624455e-06, 1.76805599494e-06, 9.88333113128e-07, 7.05317802385e-07, 6.08021196058e-07, 5.14575219768e-07, 2.33420720974e-07],
        "min": [8.90462842351e-11, 1.12713650913e-10, 8.34305069475e-09, 1.22128057001e-07, 6.06817494031e-08, 1.02762474086e-08, 2.6245919571e-07, 1.9045614863e-07, 5.88491246845e-08, 6.259255656e-07, 3.08344880295e-07, 1.44044008721e-07, 3.07478472905e-07, 2.8322759249e-07, 1.58719757337e-07, 7.00274824794e-08, 1.33749722409e-08, 1.91526616788e-08, 1.81588717396e-08, 1.90990618876e-08, 1.3473826499e-08, 1.08896793805e-08, 3.65256909163e-08, 3.53028113409e-08, 3.22158406618e-08, 3.20302824264e-08, 1.46496983433e-08, 1.35177460336e-08, 1.63091744554e-08, 9.59132684386e-09, 5.87928550289e-09, 7.12608860809e-09, 1.6329722019e-09, 2.15722217867e-09, 2.35564234785e-09, 6.00705318821e-11, 2.58228686914e-13, 8.88846071398e-13, 7.02525704277e-10, 4.02136692002e-11],
