{
"highlevel": {
    "danceability": {
        "all": {
            "danceable": 0.985118150711,
            "not_danceable": 0.0148818669841
        },
        "probability": 0.985118150711,
        "value": "danceable"
    },
    "gender": {
        "all": {
            "female": 0.00826256256551,
            "male": 0.991737425327
        },
        "probability": 0.991737425327,
        "value": "male"
    },
    "genre_dortmund": {
        "all": {
            "alternative": 0.130491346121,
            "blues": 0.109829716384,
            "electronic": 0.0218303315341,
            "folkcountry": 0.0415004603565,
            "funksoulrnb": 0.00452617509291,
            "jazz": 0.0508781187236,
            "pop": 0.0250937230885,
            "raphiphop": 0.0362796336412,
            "rock": 0.57957047224
        },
        "probability": 0.57957047224,
        "value": "rock"
    },
    "genre_electronic": {
        "all": {
            "ambient": 0.307540535927,
            "dnb": 0.148716971278,
            "house": 0.308824747801,
            "techno": 0.0302661880851,
            "trance": 0.204651549459
        },
        "probability": 0.308824747801,
        "value": "house"
    },
    "genre_rosamerica": {
        "all": {
            "cla": 0.0144237428904,
            "dan": 0.0452350527048,
            "hip": 0.0730837360024,
            "jaz": 0.0231634583324,
            "pop": 0.0957352519035,
            "rhy": 0.0380579009652,
            "roc": 0.691187500954,
            "spe": 0.0191133376211
        },
        "probability": 0.691187500954,
        "value": "roc"
    },
    "genre_tzanetakis": {
        "all": {
            "blu": 0.0626613423228,
            "cla": 0.0348169617355,
            "cou": 0.104475811124,
            "dis": 0.0784321576357,
            "hip": 0.15692435205,
            "jaz": 0.313974827528,
            "met": 0.0448166541755,
            "pop": 0.0627359300852,
            "reg": 0.0627360641956,
            "roc": 0.0784258767962
        },
        "probability": 0.313974827528,
        "value": "jaz"
    },
    "ismir04_rhythm": {
        "all": {
            "ChaChaCha": 0.746214449406,
            "Jive": 0.0277700480074,
            "Quickstep": 0.0241969153285,
            "Rumba-American": 0.00484539335594,
            "Rumba-International": 0.00792862009257,
            "Rumba-Misc": 0.00175619113725,
            "Samba": 0.0593955852091,
            "Tango": 0.112002640963,
            "VienneseWaltz": 0.0127319432795,
            "Waltz": 0.00315818376839
        },
        "probability": 0.746214449406,
        "value": "ChaChaCha"
    },
    "mood_acoustic": {
        "all": {
            "acoustic": 0.00645214971155,
            "not_acoustic": 0.993547856808
        },
        "probability": 0.993547856808,
        "value": "not_acoustic"
    },
    "mood_aggressive": {
        "all": {
            "aggressive": 0.911827683449,
            "not_aggressive": 0.0881723165512
        },
        "probability": 0.911827683449,
        "value": "aggressive"
    },
    "mood_electronic": {
        "all": {
            "electronic": 0.561743676662,
            "not_electronic": 0.438256323338
        },
        "probability": 0.561743676662,
        "value": "electronic"
    },
    "mood_happy": {
        "all": {
            "happy": 0.0549928620458,
            "not_happy": 0.945007145405
        },
        "probability": 0.945007145405,
        "value": "not_happy"
    },
    "mood_party": {
        "all": {
            "not_party": 0.293559908867,
            "party": 0.706440091133
        },
        "probability": 0.706440091133,
        "value": "party"
    },
    "mood_relaxed": {
        "all": {
            "not_relaxed": 0.650049865246,
            "relaxed": 0.349950134754
        },
        "probability": 0.650049865246,
        "value": "not_relaxed"
    },
    "mood_sad": {
        "all": {
            "not_sad": 0.93776923418,
            "sad": 0.0622307546437
        },
        "probability": 0.93776923418,
        "value": "not_sad"
    },
    "moods_mirex": {
        "all": {
            "Cluster1": 0.633149683475,
            "Cluster2": 0.0664035752416,
            "Cluster3": 0.0995559990406,
            "Cluster4": 0.041752692312,
            "Cluster5": 0.159138038754
        },
        "probability": 0.633149683475,
        "value": "Cluster1"
    },
    "timbre": {
        "all": {
            "bright": 0.219427719712,
            "dark": 0.780572295189
        },
        "probability": 0.780572295189,
        "value": "dark"
    },
    "tonal_atonal": {
        "all": {
            "atonal": 0.274360239506,
            "tonal": 0.725639760494
        },
        "probability": 0.725639760494,
        "value": "tonal"
    },
    "voice_instrumental": {
        "all": {
            "instrumental": 0.344005405903,
            "voice": 0.655994594097
        },
        "probability": 0.655994594097,
        "value": "voice"
    }
},
"lowlevel": {
    "average_loudness": 0.958743035793,
    "barkbands_crest": {
        "dmean": 2.14586305618,
        "dmean2": 3.57159042358,
        "dvar": 7.77222967148,
        "dvar2": 21.7937545776,
        "max": 25.4046936035,
        "mean": 11.7449827194,
        "median": 12.4378623962,
        "min": 2.56461334229,
        "var": 16.8382873535
    },
    "barkbands_flatness_db": {
        "dmean": 0.0289322137833,
        "dmean2": 0.0429836884141,
        "dvar": 0.00105412572157,
        "dvar2": 0.00219852454029,
        "max": 0.651543617249,
        "mean": 0.226422473788,
        "median": 0.152110993862,
        "min": 0.0531781539321,
        "var": 0.0194035917521
    },
    "barkbands_kurtosis": {
        "dmean": 8.54531955719,
        "dmean2": 13.8386163712,
        "dvar": 463.002990723,
        "dvar2": 1135.86621094,
        "max": 228.458709717,
        "mean": 13.834145546,
        "median": 1.59342622757,
        "min": -1.63924324512,
        "var": 787.760681152
    },
    "barkbands_skewness": {
        "dmean": 0.744475364685,
        "dmean2": 1.18520951271,
        "dvar": 1.20144474506,
        "dvar2": 2.70293283463,
        "max": 13.5716018677,
        "mean": 2.35436296463,
        "median": 1.63033258915,
        "min": -1.0334097147,
        "var": 4.46774053574
    },
    "barkbands_spread": {
        "dmean": 4.92372751236,
        "dmean2": 7.90360546112,
        "dvar": 37.9331626892,
        "dvar2": 96.1189422607,
        "max": 66.7758407593,
        "mean": 22.3568229675,
        "median": 23.7527046204,
        "min": 0.280084043741,
        "var": 279.107635498
    },
    "dissonance": {
        "dmean": 0.0201850757003,
        "dmean2": 0.0318866744637,
        "dvar": 0.000649553607218,
        "dvar2": 0.00142030115239,
        "max": 0.499999821186,
        "mean": 0.449535340071,
        "median": 0.474013000727,
        "min": 0.148105531931,
        "var": 0.00320135522634
    },
    "dynamic_complexity": 3.30176687241,
    "erbbands_crest": {
        "dmean": 2.11529684067,
        "dmean2": 3.51586890221,
        "dvar": 4.86516046524,
        "dvar2": 12.6510763168,
        "max": 28.5561122894,
        "mean": 9.5163602829,
        "median": 8.47393131256,
        "min": 2.61055469513,
        "var": 20.4408302307
    },
    "erbbands_flatness_db": {
        "dmean": 0.0260374937207,
        "dmean2": 0.0362424403429,
        "dvar": 0.000953239563387,
        "dvar2": 0.00174274540041,
        "max": 0.431285262108,
        "mean": 0.190755143762,
        "median": 0.167898789048,
        "min": 0.0690037235618,
        "var": 0.00471023516729
    },
    "erbbands_kurtosis": {
        "dmean": 1.7123183012,
        "dmean2": 2.7838037014,
        "dvar": 27.6402320862,
        "dvar2": 65.913192749,
        "max": 76.8473434448,
        "mean": 1.87246513367,
        "median": 0.0585622787476,
        "min": -1.80563497543,
        "var": 58.4742431641
    },
    "erbbands_skewness": {
        "dmean": 0.429638177156,
        "dmean2": 0.667749404907,
        "dvar": 0.271521687508,
        "dvar2": 0.643167555332,
        "max": 7.01985502243,
        "mean": 0.136671364307,
        "median": -0.153153374791,
        "min": -2.40968871117,
        "var": 1.73561477661
    },
    "erbbands_spread": {
        "dmean": 9.1921453476,
        "dmean2": 14.2390394211,
        "dvar": 214.532455444,
        "dvar2": 473.384490967,
        "max": 185.067092896,
        "mean": 36.8365859985,
        "median": 34.8992767334,
        "min": 2.17205882072,
        "var": 317.744476318
    },
    "hfc": {
        "dmean": 4.66421079636,
        "dmean2": 7.0077457428,
        "dvar": 51.5670280457,
        "dvar2": 103.458496094,
        "max": 84.9255752563,
        "mean": 20.0597743988,
        "median": 18.1700839996,
        "min": 0.376073002815,
        "var": 299.892944336
    },
    "melbands_crest": {
        "dmean": 2.59539484978,
        "dmean2": 4.13816452026,
        "dvar": 9.33817195892,
        "dvar2": 25.2307548523,
        "max": 29.8492107391,
        "mean": 19.9166946411,
        "median": 20.2696838379,
        "min": 3.96743130684,
        "var": 45.5647964478
    },
    "melbands_flatness_db": {
        "dmean": 0.034634988755,
        "dmean2": 0.0502217262983,
        "dvar": 0.0015520210145,
        "dvar2": 0.0032571204938,
        "max": 0.792095303535,
        "mean": 0.292191028595,
        "median": 0.198082610965,
        "min": 0.0291566252708,
        "var": 0.0315109528601
    },
    "melbands_kurtosis": {
        "dmean": 20.5714645386,
        "dmean2": 31.692401886,
        "dvar": 3253.67602539,
        "dvar2": 6380.74023438,
        "max": 689.906982422,
        "mean": 36.8331069946,
        "median": 12.0777750015,
        "min": -1.51205694675,
        "var": 5295.67773438
    },
    "melbands_skewness": {
        "dmean": 1.05524992943,
        "dmean2": 1.64290523529,
        "dvar": 2.95097088814,
        "dvar2": 6.07628631592,
        "max": 20.2960968018,
        "mean": 3.87990283966,
        "median": 3.13080763817,
        "min": 0.0401451140642,
        "var": 7.39396858215
    },
    "melbands_spread": {
        "dmean": 6.21199512482,
        "dmean2": 9.67825222015,
        "dvar": 77.0940475464,
        "dvar2": 180.580200195,
        "max": 116.533889771,
        "mean": 21.5096378326,
        "median": 20.2309169769,
        "min": 0.363847255707,
        "var": 356.888244629
    },
    "pitch_salience": {
        "dmean": 0.0603111982346,
        "dmean2": 0.0999605506659,
        "dvar": 0.00468001980335,
        "dvar2": 0.0128506040201,
        "max": 0.806461691856,
        "mean": 0.430157035589,
        "median": 0.450035184622,
        "min": 0.0925192758441,
        "var": 0.0225931927562
    },
    "silence_rate_20dB": {
        "dmean": 0,
        "dmean2": 0,
        "dvar": 0,
        "dvar2": 0,
        "max": 1,
        "mean": 1,
        "median": 1,
        "min": 1,
        "var": 0
    },
    "silence_rate_30dB": {
        "dmean": 0.00464396271855,
        "dmean2": 0.00929511990398,
        "dvar": 0.00462236255407,
        "dvar2": 0.0138562675565,
        "max": 1,
        "mean": 0.997679829597,
        "median": 1,
        "min": 0,
        "var": 0.00231479620561
    },
    "silence_rate_60dB": {
        "dmean": 0.00464396271855,
        "dmean2": 0.00929511990398,
        "dvar": 0.00462235324085,
        "dvar2": 0.0107580590993,
        "max": 1,
        "mean": 0.00386697612703,
        "median": 0,
        "min": 0,
        "var": 0.00385195505805
    },
    "spectral_centroid": {
        "dmean": 216.101196289,
        "dmean2": 330.96786499,
        "dvar": 74095.0625,
        "dvar2": 168259.3125,
        "max": 3702.07592773,
        "mean": 1392.34289551,
        "median": 1604.1784668,
        "min": 116.380470276,
        "var": 822319.9375
    },
    "spectral_complexity": {
        "dmean": 3.00696587563,
        "dmean2": 4.67234706879,
        "dvar": 12.5565395355,
        "dvar2": 26.5965938568,
        "max": 53,
        "mean": 22.5305500031,
        "median": 27,
        "min": 1,
        "var": 232.250457764
    },
    "spectral_decrease": {
        "dmean": 2.66953037453e-09,
        "dmean2": 4.41554837138e-09,
        "dvar": 2.93085311151e-17,
        "dvar2": 7.69548556996e-17,
        "max": -4.48691396537e-11,
        "mean": -7.61899254798e-09,
        "median": -5.97514970835e-09,
        "min": -4.29006554725e-08,
        "var": 3.28653151048e-17
    },
    "spectral_energy": {
        "dmean": 0.0103502785787,
        "dmean2": 0.017062632367,
        "dvar": 0.000432209228165,
        "dvar2": 0.0011290286202,
        "max": 0.163384631276,
        "mean": 0.0305752996355,
        "median": 0.0241008251905,
        "min": 0.000203457253519,
        "var": 0.000510586658493
    },
    "spectral_energyband_high": {
        "dmean": 0.000305376655888,
        "dmean2": 0.000463423144538,
        "dvar": 2.14507309693e-07,
        "dvar2": 4.90420745791e-07,
        "max": 0.00562203861773,
        "mean": 0.000911208218895,
        "median": 0.000707077677362,
        "min": 1.41010945143e-08,
        "var": 9.18030707453e-07
    },
    "spectral_energyband_low": {
        "dmean": 0.00679063890129,
        "dmean2": 0.0112607767805,
        "dvar": 0.000250088807661,
        "dvar2": 0.000659856013954,
        "max": 0.161420598626,
        "mean": 0.017344051972,
        "median": 0.0147616043687,
        "min": 6.88890224865e-08,
        "var": 0.000247944582952
    },
    "spectral_energyband_middle_high": {
        "dmean": 0.00169394863769,
        "dmean2": 0.00264360313304,
        "dvar": 7.22287359167e-06,
        "dvar2": 1.74432225322e-05,
        "max": 0.0341564118862,
        "mean": 0.00565463677049,
        "median": 0.00416611507535,
        "min": 5.64226994015e-08,
        "var": 3.43236861227e-05
    },
    "spectral_energyband_middle_low": {
        "dmean": 0.00480762124062,
        "dmean2": 0.00798977445811,
        "dvar": 0.000222221482545,
        "dvar2": 0.000593153527007,
        "max": 0.132621333003,
        "mean": 0.00756915658712,
        "median": 0.00374448415823,
        "min": 4.54638066003e-05,
        "var": 0.000198651730898
    },
    "spectral_entropy": {
        "dmean": 0.221658140421,
        "dmean2": 0.313496530056,
        "dvar": 0.129855811596,
        "dvar2": 0.246638074517,
        "max": 8.40579223633,
        "mean": 7.13264942169,
        "median": 7.70817899704,
        "min": 3.82969546318,
        "var": 1.14057862759
    },
    "spectral_flux": {
        "dmean": 0.024277402088,
        "dmean2": 0.0387673042715,
        "dvar": 0.00155466864817,
        "dvar2": 0.0034484830685,
        "max": 0.360529571772,
        "mean": 0.0761856734753,
        "median": 0.0694025158882,
        "min": 0.00267335865647,
        "var": 0.00393166160211
    },
    "spectral_kurtosis": {
        "dmean": 7.74573564529,
        "dmean2": 11.9417190552,
        "dvar": 237.517440796,
        "dvar2": 494.94128418,
        "max": 151.413726807,
        "mean": 12.9515104294,
        "median": 3.46572351456,
        "min": -0.600348472595,
        "var": 523.097961426
    },
    "spectral_rms": {
        "dmean": 0.000766478478909,
        "dmean2": 0.00122307566926,
        "dvar": 1.62136120707e-06,
        "dvar2": 4.03563626605e-06,
        "max": 0.0126253571361,
        "mean": 0.00518973777071,
        "median": 0.0048490203917,
        "min": 0.000445527664851,
        "var": 2.89616991722e-06
    },
    "spectral_rolloff": {
        "dmean": 378.830627441,
        "dmean2": 621.695678711,
        "dvar": 387030.875,
        "dvar2": 930711.875,
        "max": 8376.41601562,
        "mean": 1275.97766113,
        "median": 1098.19335938,
        "min": 86.1328125,
        "var": 1407987.125
    },
    "spectral_skewness": {
        "dmean": 0.601241230965,
        "dmean2": 0.924448668957,
        "dvar": 0.91754668951,
        "dvar2": 1.9902228117,
        "max": 10.4506349564,
        "mean": 2.01578783989,
        "median": 1.19418561459,
        "min": 0.202791661024,
        "var": 3.40607261658
    },
    "spectral_spread": {
        "dmean": 871266,
        "dmean2": 1279454.5,
        "dvar": 2.1320269824e+12,
        "dvar2": 4.48697414451e+12,
        "max": 15591190,
        "mean": 3601743.75,
        "median": 3404130.75,
        "min": 588453.8125,
        "var": 3.09829225677e+12
    },
    "spectral_strongpeak": {
        "dmean": 0.282693386078,
        "dmean2": 0.494065582752,
        "dvar": 0.435541212559,
        "dvar2": 1.16369962692,
        "max": 8.20585727692,
        "mean": 0.618076086044,
        "median": 0.475410908461,
        "min": 0.0226661711931,
        "var": 0.452258437872
    },
    "zerocrossingrate": {
        "dmean": 0.00667758611962,
        "dmean2": 0.0084932949394,
        "dvar": 6.41285296297e-05,
        "dvar2": 8.95535631571e-05,
        "max": 0.2001953125,
        "mean": 0.0457470044494,
        "median": 0.05126953125,
        "min": 0.00390625,
        "var": 0.00104200502392
    },
    "barkbands": {
        "dmean": [0.000169726816239, 0.00506643671542, 0.00232331571169, 0.00093614688376, 0.00256179901771, 0.000414955167798, 0.00062326353509, 0.000778990914114, 0.000704443140421, 0.000645276973955, 0.000291059404844, 0.000322643318214, 0.000281384476693, 0.000327832967741, 0.000323315965943, 0.00034313875949, 0.000268116826192, 0.000226864969591, 0.000181083552889, 0.000177988142241, 0.000122554629343, 8.29207056086e-05, 5.28018535988e-05, 3.02400349028e-05, 2.29727902479e-05, 1.27017392515e-05, 9.54338386094e-09],
        "dmean2": [0.00030251944554, 0.00876724906266, 0.00356019288301, 0.00162060698494, 0.00452536623925, 0.000696027418599, 0.00102752330713, 0.0012293048203, 0.00110131141264, 0.00108393607661, 0.000468622427434, 0.000507414573804, 0.000472305633593, 0.000536047737114, 0.000517857959494, 0.000577639380936, 0.000437673908891, 0.000361746235285, 0.000290792144369, 0.000272637204034, 0.000201028276933, 0.000133549954626, 8.10410856502e-05, 4.45655859949e-05, 3.28578826156e-05, 2.00688900804e-05, 1.72304002177e-08],
        "dvar": [2.33574880326e-07, 0.000197289991775, 1.5966807041e-05, 7.21292326489e-06, 0.000124716840219, 1.85789770057e-06, 2.77189246845e-06, 3.71922192244e-06, 3.83502219847e-06, 3.26398117068e-06, 5.98240035288e-07, 1.06914365006e-06, 4.69647289947e-07, 4.30026659615e-07, 4.76758401646e-07, 4.64745426143e-07, 2.17356500798e-07, 1.20162027883e-07, 7.52365707513e-08, 1.18414440919e-07, 3.77102509219e-08, 2.26043059826e-08, 8.96446206156e-09, 5.91012661033e-09, 3.46168071985e-09, 1.15693599145e-09, 1.77254836751e-15],
        "dvar2": [6.88549675942e-07, 0.000539367320016, 3.9994421968e-05, 2.06638778764e-05, 0.000343172840076, 4.63685773866e-06, 7.51728748583e-06, 8.75714431459e-06, 9.16728276934e-06, 9.31529393711e-06, 1.5488411691e-06, 2.49783897743e-06, 1.26847294268e-06, 1.12166389954e-06, 1.17488821161e-06, 1.26170880321e-06, 5.72150156586e-07, 3.00025448041e-07, 1.78768004844e-07, 2.75364754998e-07, 9.85896448924e-08, 6.10852950444e-08, 2.09765520509e-08, 1.32910242812e-08, 6.85236622999e-09, 2.7527817803e-09, 4.72060821219e-15],
        "max": [0.00452526379377, 0.12486281991, 0.0529901012778, 0.0511159300804, 0.102075025439, 0.0173778850585, 0.0176408160478, 0.0227674823254, 0.0278791319579, 0.0259896423668, 0.0101978387684, 0.0179423578084, 0.0116711463779, 0.00960486102849, 0.00855643860996, 0.00892947427928, 0.00585209159181, 0.00417310837656, 0.00296385399997, 0.00647462299094, 0.00242222147062, 0.002204623539, 0.00111165875569, 0.00124095624778, 0.000863757915795, 0.00042743497761, 6.21804929324e-07],
        "mean": [0.000154295994435, 0.0100847454742, 0.00627832859755, 0.00152175419498, 0.00245082634501, 0.000591498217545, 0.000797708460595, 0.00115148234181, 0.000910882081371, 0.000923600746319, 0.00036058362457, 0.000515596067999, 0.000416591326939, 0.000567448732909, 0.000518874789122, 0.000690355780534, 0.00057043362176, 0.000540842593182, 0.000420169031713, 0.000392528250813, 0.000310790055664, 0.000192530555069, 0.000113421563583, 5.2133724239e-05, 3.31885239575e-05, 1.47260079757e-05, 6.38386143947e-09],
        "median": [1.17798726933e-05, 0.00782902818173, 0.00511734420434, 0.000913162366487, 0.000815462379251, 0.000165045479662, 0.000168061655131, 0.000264305708697, 0.000266513932729, 0.000233124621445, 8.26229370432e-05, 0.000141346623423, 0.000172995612957, 0.000273945333902, 0.000220687346882, 0.000415282032918, 0.000390651635826, 0.000379819393856, 0.000297891587252, 0.00019291890203, 0.000259305379586, 0.000133906694828, 5.39900393051e-05, 1.98829457076e-05, 6.10047345617e-06, 1.54429199029e-06, 6.21406592849e-10],
        "min": [1.26801857903e-09, 9.70922542365e-09, 4.6567230072e-09, 6.90881929444e-09, 3.50063737642e-06, 2.05415858545e-07, 5.29095984803e-08, 2.96678081213e-07, 4.26162444001e-07, 2.0505202869e-08, 1.02025454751e-08, 7.71837616043e-09, 1.75519165868e-09, 3.65761843035e-09, 5.41041256241e-09, 1.19904619567e-09, 3.13128878382e-09, 1.26506816134e-09, 3.5974925261e-09, 3.43306449935e-09, 2.92090485132e-09, 1.22656074186e-09, 8.2933154788e-10, 2.47810418019e-11, 2.304735916e-11, 6.7443780595e-12, 8.52698380654e-12],
        "var": [1.95728915742e-07, 0.000161570264027, 3.44073596352e-05, 7.40439327274e-06, 8.54021345731e-05, 2.01924081011e-06, 3.71553733203e-06, 7.22836693967e-06, 4.41415568275e-06, 5.15046895089e-06, 7.87671638136e-07, 2.21889195018e-06, 7.07477454398e-07, 8.14716372588e-07, 7.98269695679e-07, 1.05179572074e-06, 4.95403355671e-07, 4.02841948244e-07, 2.3431631746e-07, 3.62015668998e-07, 1.18225102597e-07, 5.33270245739e-08, 2.34649188968e-08, 1.05778275028e-08, 7.18453208037e-09, 1.56828938724e-09, 1.14508245381e-15]
    },
    "erbbands": {
        "dmean": [0.132253929973, 1.21795678139, 2.66352248192, 2.68000125885, 7.78113412857, 7.91084051132, 3.54204201698, 3.72984790802, 6.88939523697, 14.2639379501, 15.7636127472, 15.5209732056, 15.437584877, 19.8833312988, 12.3913469315, 10.4015645981, 11.5861988068, 16.6008415222, 14.1650781631, 16.4630832672, 16.0228462219, 13.6455898285, 13.1325235367, 8.78012657166, 9.61763763428, 8.07370567322, 5.49894714355, 4.55055761337, 3.10667610168, 2.05787992477, 1.45113837719, 0.745451390743, 0.46397086978, 0.286321789026, 0.149034723639, 0.0724528506398, 0.0209219604731, 0.00185377383605, 3.78008226107e-05, 1.27350558614e-05],
        "dmean2": [0.220541670918, 2.10786533356, 4.1739320755, 4.50705051422, 13.451385498, 14.1718988419, 5.95105409622, 6.23102521896, 11.6631793976, 23.304271698, 24.1233081818, 24.027879715, 25.633890152, 32.8379592896, 19.8285312653, 16.1267814636, 19.0381813049, 27.0776805878, 22.9565868378, 27.221124649, 26.9787349701, 22.0086650848, 20.9305915833, 14.3390264511, 14.8127555847, 12.4873094559, 8.64912891388, 7.52375221252, 5.018638134, 3.22676181793, 2.20823478699, 1.14077675343, 0.684058427811, 0.414905279875, 0.211280882359, 0.112198546529, 0.0333402939141, 0.00305639696307, 6.02601357969e-05, 2.04697735171e-05],
        "dvar": [0.172331482172, 10.1449785233, 21.0794334412, 34.1559906006, 1004.24536133, 1229.88208008, 128.27545166, 155.535720825, 418.251312256, 1458.74108887, 1593.60876465, 1554.41052246, 2924.3425293, 3775.91650391, 882.463256836, 920.844360352, 961.788879395, 1259.54309082, 704.654541016, 1291.54602051, 888.936523438, 529.556030273, 448.126251221, 171.777420044, 286.38949585, 273.249969482, 90.732170105, 51.055393219, 30.4788398743, 12.864112854, 7.14329481125, 3.2863368988, 1.31653141975, 0.588787674904, 0.139039799571, 0.0343973860145, 0.00322690280154, 2.822436727e-05, 9.66599777996e-09, 6.02837946229e-10],
        "dvar2": [0.456741243601, 28.3678016663, 52.7146949768, 94.395866394, 2707.64648438, 3531.17553711, 346.586151123, 397.360076904, 1205.96533203, 3744.81982422, 3517.13476562, 3703.58325195, 7846.15039062, 10371.7050781, 2162.98608398, 2064.37207031, 2627.70410156, 3177.61523438, 1683.53466797, 3110.12451172, 2356.74536133, 1381.46594238, 1127.53747559, 431.79473877, 657.397583008, 654.389099121, 216.84602356, 140.853347778, 82.603012085, 31.9411373138, 16.678030014, 7.94034290314, 2.67316865921, 1.17719256878, 0.281282633543, 0.0792054310441, 0.00755847012624, 6.82895843056e-05, 2.27673790931e-08, 1.52253398777e-09],
        "max": [3.9775018692, 30.8426418304, 52.4155006409, 93.7687683105, 300.315826416, 339.528137207, 199.271911621, 162.754196167, 279.434417725, 495.853027344, 635.566589355, 585.121459961, 1007.67456055, 986.631286621, 480.933410645, 530.612365723, 577.046630859, 579.066467285, 325.135070801, 569.171630859, 585.582763672, 269.545532227, 267.185455322, 135.880355835, 208.606338501, 326.970611572, 152.948059082, 77.4186782837, 84.6144561768, 40.2250823975, 30.2481937408, 29.3192329407, 17.8569869995, 12.773358345, 6.85581445694, 2.04376578331, 0.830250620842, 0.0658033117652, 0.00117879884783, 0.000196766006411],
        "mean": [0.169436171651, 2.66415071487, 8.17094039917, 5.45433187485, 8.3677444458, 6.7174282074, 4.64553546906, 5.14276075363, 9.03125572205, 18.7534255981, 24.0650615692, 20.9045066833, 20.4766426086, 29.7716178894, 19.8281517029, 17.7357463837, 18.9974575043, 30.069393158, 25.1526088715, 32.1515655518, 37.6651153564, 32.8520851135, 31.9748973846, 22.3856334686, 21.2416820526, 18.3223953247, 14.2290248871, 11.3823156357, 7.55519485474, 4.34895086288, 2.9171333313, 1.40740180016, 0.740781486034, 0.41927999258, 0.202787861228, 0.088889978826, 0.0226878859103, 0.00175712443888, 5.30527722731e-05, 3.84976956411e-05],
        "median": [0.0641615688801, 2.16868400574, 7.20615196228, 3.26410007477, 3.49993777275, 1.72172737122, 1.80730509758, 1.43534994125, 2.70856189728, 3.03729939461, 6.33723449707, 6.2802438736, 6.82625102997, 7.12755966187, 6.0893497467, 6.60037660599, 8.82950592041, 14.458483696, 13.6062917709, 15.0281162262, 25.9862670898, 24.0569324493, 22.4829921722, 17.6537742615, 12.0825881958, 9.34372138977, 10.876783371, 9.25064182281, 5.4896440506, 2.28459143639, 1.26448202133, 0.578680753708, 0.218694448471, 0.0887001380324, 0.0302867460996, 0.0106305265799, 0.0020137487445, 0.000107375220978, 2.03639829124e-05, 3.04913301079e-05],
        "min": [6.44301792363e-07, 3.08769995172e-06, 2.62113244389e-05, 7.86890668678e-05, 0.00213932571933, 0.0101126506925, 0.00645825499669, 0.0025825095363, 0.00705456081778, 0.0481078065932, 0.00565604167059, 0.00631194375455, 0.00924106594175, 0.000832884281408, 0.000438557937741, 0.000262636109255, 0.000122436598758, 0.000221960261115, 0.000125041406136, 0.000321368948789, 0.000105556136987, 0.000197374320123, 8.14377854113e-05, 0.000146054240759, 0.00018999799795, 0.000159215254826, 0.000132956207381, 0.000115196504339, 5.65389382245e-05, 2.99336061289e-05, 2.07206085179e-05, 5.45359398529e-06, 4.20043170379e-06, 4.25391681347e-06, 4.06694607591e-06, 3.28956434714e-06, 2.05282503885e-06, 1.73337141973e-07, 1.58349007506e-06, 7.40546511224e-07],
        "var": [0.151373520494, 8.08199119568, 42.5172462463, 50.2742385864, 705.743408203, 781.490844727, 129.460968018, 153.067123413, 488.458282471, 2148.35083008, 3093.03173828, 2084.5925293, 2535.69091797, 6980.37353516, 1686.75354004, 1880.65759277, 1453.96960449, 2513.62744141, 1234.79077148, 3078.62670898, 2758.671875, 1511.41577148, 1466.80041504, 587.575073242, 850.638793945, 774.47442627, 290.59967041, 158.856002808, 77.6071853638, 31.6869220734, 17.4441509247, 5.91802787781, 2.60215473175, 1.19505953789, 0.26777356863, 0.0527138113976, 0.00417320802808, 3.1172974559e-05, 1.21280212539e-08, 8.42676650681e-10]
    },
    "gfcc": {
        "mean": [-46.8722305298, 117.323387146, -113.527130127, 50.1976356506, -38.0920600891, 22.7340641022, -22.7984313965, 9.46197891235, -12.2794065475, -1.40147316456, -18.4387264252, -11.6560649872, -12.1814508438],
        "cov": [[15038.8652344, -4633.58300781, -4682.07177734, 1739.31506348, -2257.21606445, -266.970550537, -909.100830078, 692.533203125, -673.550964355, 425.860870361, -308.829528809, 1216.89807129, -10.3654441833], [-4633.58300781, 2704.00952148, 1226.7701416, -583.129272461, 1206.93286133, 9.08922767639, 534.219787598, -337.89831543, 352.616363525, -253.57510376, 210.744415283, -459.247680664, 30.4341201782], [-4682.07177734, 1226.7701416, 2962.28662109, -294.33190918, 793.897521973, 357.160583496, 128.76272583, -96.0546722412, 41.6928405762, 20.178358078, -48.5525588989, -272.816162109, -31.86743927], [1739.31506348, -583.129272461, -294.33190918, 672.571960449, -219.359542847, -10.9487762451, -166.090911865, 15.4639034271, -62.4048118591, 49.9366340637, -8.08760452271, 181.697692871, 87.1336135864], [-2257.21606445, 1206.93286133, 793.897521973, -219.359542847, 949.793701172, 77.7554931641, 116.851875305, -163.546844482, 47.5601234436, -95.2231521606, 76.5192337036, -148.218658447, 32.6435661316], [-266.970550537, 9.08922767639, 357.160583496, -10.9487762451, 77.7554931641, 291.865112305, 119.640586853, 69.7453765869, -38.4809989929, 33.5878219604, -15.9253959656, -44.1386070251, -32.0609397888], [-909.100830078, 534.219787598, 128.76272583, -166.090911865, 116.851875305, 119.640586853, 439.930877686, 18.7552528381, 103.290985107, -35.5366897583, 44.7360725403, -133.196746826, -63.0444374084], [692.533203125, -337.89831543, -96.0546722412, 15.4639034271, -163.546844482, 69.7453765869, 18.7552528381, 185.056045532, -23.7751808167, 63.2658920288, -54.2269859314, 34.0002822876, -46.541973114], [-673.550964355, 352.616363525, 41.6928405762, -62.4048118591, 47.5601234436, -38.4809989929, 103.290985107, -23.7751808167, 194.746292114, -16.1962509155, 35.4585494995, -98.9666290283, 0.505019068718], [425.860870361, -253.57510376, 20.178358078, 49.9366340637, -95.2231521606, 33.5878219604, -35.5366897583, 63.2658920288, -16.1962509155, 108.6171875, -21.9775371552, 49.1129493713, -32.3552703857], [-308.829528809, 210.744415283, -48.5525588989, -8.08760452271, 76.5192337036, -15.9253959656, 44.7360725403, -54.2269859314, 35.4585494995, -21.9775371552, 87.1465377808, -27.6950893402, 11.4718570709], [1216.89807129, -459.247680664, -272.816162109, 181.697692871, -148.218658447, -44.1386070251, -133.196746826, 34.0002822876, -98.9666290283, 49.1129493713, -27.6950893402, 205.891036987, 31.0454750061], [-10.3654441833, 30.4341201782, -31.86743927, 87.1336135864, 32.6435661316, -32.0609397888, -63.0444374084, -46.541973114, 0.505019068718, -32.3552703857, 11.4718570709, 31.0454750061, 108.845718384]],
        "icov": [[0.000847463845275, -0.000976617913693, 0.00122135039419, -0.00130357360467, 0.00094617693685, -0.00085177476285, 0.00109952734783, -0.00136623205617, 0.00143196200952, -0.00110972695984, 0.00186123605818, -0.00197623856366, 0.00130388815887], [-0.000976617913693, 0.00461964821443, -0.00201332336292, 0.00217774510384, -0.00376079953276, 0.0024079545401, -0.0035867926199, 0.00285317795351, -0.00414176750928, 0.00339054479264, -0.00425294693559, 0.00347218802199, -0.00225284695625], [0.00122135039419, -0.00201332336292, 0.0024832226336, -0.00195078831166, 0.00140299845953, -0.0020845097024, 0.00211325427517, -0.00166027934756, 0.00244845589623, -0.0026827135589, 0.00397164793685, -0.00243045925163, 0.00191306497436], [-0.00130357360467, 0.00217774510384, -0.00195078831166, 0.00444884225726, -0.00159931520466, 0.000860916508827, -0.00177663273644, 0.00262571987696, -0.00312021723948, 0.00170049339067, -0.00376363634132, 0.00163067213725, -0.00358714233153], [0.00094617693685, -0.00376079953276, 0.00140299845953, -0.00159931520466, 0.00493864156306, -0.00235638022423, 0.00290825078264, -0.00167585967574, 0.00358468503691, -0.00204052985646, 0.00257398607209, -0.00319367856719, 0.00164182367735], [-0.00085177476285, 0.0024079545401, -0.0020845097024, 0.000860916508827, -0.00235638022423, 0.00785527843982, -0.00401579542086, -0.000560693326406, 0.000494800915476, 0.00010538418428, -0.00310233840719, 0.00454412633553, -0.00253920815885], [0.00109952734783, -0.0035867926199, 0.00211325427517, -0.00177663273644, 0.00290825078264, -0.00401579542086, 0.00704517634585, -0.0032492459286, 0.00152589590289, -0.000905177090317, 0.00224612094462, -0.00318279210478, 0.00417967420071], [-0.00136623205617, 0.00285317795351, -0.00166027934756, 0.00262571987696, -0.00167585967574, -0.000560693326406, -0.0032492459286, 0.0131092770025, -0.00388039043173, -0.000691951834597, 0.00116607663222, 0.00287340092473, -0.00058514252305], [0.00143196200952, -0.00414176750928, 0.00244845589623, -0.00312021723948, 0.00358468503691, 0.000494800915476, 0.00152589590289, -0.00388039043173, 0.0133693832904, -0.00624641776085, 0.00314371287823, 0.000905239372514, 0.000295985519188], [-0.00110972695984, 0.00339054479264, -0.0026827135589, 0.00170049339067, -0.00204052985646, 0.00010538418428, -0.000905177090317, -0.000691951834597, -0.00624641776085, 0.0192524008453, -0.00520068639889, -0.00165788910817, 0.00339533761144], [0.00186123605818, -0.00425294693559, 0.00397164793685, -0.00376363634132, 0.00257398607209, -0.00310233840719, 0.00224612094462, 0.00116607663222, 0.00314371287823, -0.00520068639889, 0.0226992256939, -0.00408187601715, 0.00286723207682], [-0.00197623856366, 0.00347218802199, -0.00243045925163, 0.00163067213725, -0.00319367856719, 0.00454412633553, -0.00318279210478, 0.00287340092473, 0.000905239372514, -0.00165788910817, -0.00408187601715, 0.017012771219, -0.00641384441406], [0.00130388815887, -0.00225284695625, 0.00191306497436, -0.00358714233153, 0.00164182367735, -0.00253920815885, 0.00417967420071, -0.00058514252305, 0.000295985519188, 0.00339533761144, 0.00286723207682, -0.00641384441406, 0.0168385766447]]
    },
    "melbands": {
        "dmean": [0.00130655046087, 0.00140973681118, 0.000541379617061, 0.000658018281683, 0.000143340628711, 8.16181927803e-05, 0.000111253080831, 0.000165593723068, 0.000124383121147, 9.76674200501e-05, 7.94520237832e-05, 8.57370032463e-05, 4.0794187953e-05, 4.26544902439e-05, 2.34073777392e-05, 2.89957624773e-05, 3.2072297472e-05, 2.43215690716e-05, 2.44727634708e-05, 2.47076714004e-05, 1.94774420379e-05, 1.61163825396e-05, 1.51601007019e-05, 1.08694675873e-05, 7.78472440288e-06, 7.85911106504e-06, 7.18870433047e-06, 5.55334190722e-06, 4.23408573624e-06, 3.11879057335e-06, 2.67184577751e-06, 2.05914557228e-06, 1.42676253745e-06, 1.20660524772e-06, 9.8615009847e-07, 6.15256624314e-07, 4.45241880698e-07, 3.72368134549e-07, 2.81161959492e-07, 2.45971506274e-07],
        "dmean2": [0.00223753042519, 0.0023076212965, 0.000915211276151, 0.00116686662659, 0.000249628239544, 0.000136301212478, 0.000187206183909, 0.000270236952929, 0.000194944354007, 0.00015178398462, 0.000131775348564, 0.000141918237205, 6.46278131171e-05, 6.63627288304e-05, 3.86558567698e-05, 4.79447044199e-05, 5.25701179868e-05, 4.03967060265e-05, 3.94109265471e-05, 4.12634544773e-05, 3.31101909978e-05, 2.65240978479e-05, 2.45372611971e-05, 1.73481184902e-05, 1.29729323817e-05, 1.25466813188e-05, 1.09695656647e-05, 8.7261914814e-06, 6.73203476254e-06, 5.0582420954e-06, 4.49044728157e-06, 3.34482092512e-06, 2.33080049838e-06, 1.90586865756e-06, 1.54603424107e-06, 9.55016048465e-07, 7.03902742316e-07, 5.70614361095e-07, 4.18280308168e-07, 3.64325160263e-07],
        "dvar": [1.51524900502e-05, 7.79806487117e-06, 1.76327318968e-06, 8.41814289743e-06, 2.52404333878e-07, 7.3614209839e-08, 9.92193420757e-08, 1.78173593213e-07, 1.06518037057e-07, 6.66343495936e-08, 7.39294065966e-08, 7.01535469716e-08, 1.0301443254e-08, 2.27288605714e-08, 3.54547635695e-09, 4.52782877858e-09, 4.43280923079e-09, 1.86858839513e-09, 3.28307381281e-09, 2.4701038992e-09, 1.36328104361e-09, 7.6873624133e-10, 6.69420519017e-10, 2.92914248412e-10, 1.41248165941e-10, 1.5704570977e-10, 2.38988079326e-10, 1.17057322169e-10, 6.18081696935e-11, 2.12432068464e-11, 1.98695226938e-11, 1.30551932112e-11, 7.54933875829e-12, 4.23292000409e-12, 3.37180066853e-12, 1.57904342813e-12, 1.50225329138e-12, 8.25189309245e-13, 4.57664505252e-13, 4.78370273081e-13],
        "dvar2": [4.1183171561e-05, 2.0420700821e-05, 4.79833352074e-06, 2.32822912949e-05, 7.15961220976e-07, 1.87315279732e-07, 2.81724879869e-07, 4.53505094811e-07, 2.31059502198e-07, 1.59466367222e-07, 1.98157167119e-07, 1.94423577682e-07, 2.6005372078e-08, 5.34302806443e-08, 9.20524634296e-09, 1.18875407296e-08, 1.1088962637e-08, 4.6136854337e-09, 8.0797430968e-09, 6.56144560907e-09, 3.67543195878e-09, 2.08206030194e-09, 1.70424652168e-09, 7.08967551333e-10, 3.68138186602e-10, 3.95093596728e-10, 5.45488598735e-10, 2.83086859509e-10, 1.49544709949e-10, 5.75217304344e-11, 5.40460176612e-11, 3.58099210007e-11, 1.99078271229e-11, 1.04638129758e-11, 8.31883607139e-12, 3.49105813702e-12, 3.85633365518e-12, 1.81237143349e-12, 9.05898836848e-13, 9.93977903457e-13],
        "max": [0.0342884175479, 0.0336500480771, 0.0175989978015, 0.0270351748914, 0.00870792940259, 0.0035304883495, 0.00405003130436, 0.0054080686532, 0.00500570842996, 0.00392115628347, 0.00494846329093, 0.00435359077528, 0.00158246560022, 0.00267801899463, 0.00107334752101, 0.00107931252569, 0.00103881477844, 0.000422499259003, 0.000767529418226, 0.000582101754844, 0.000769326405134, 0.000284002046101, 0.000336478668032, 0.000214235347812, 0.000114591457532, 0.000129844702315, 0.000257604231592, 0.000197746776394, 0.000122150828247, 5.87417016504e-05, 5.09953679284e-05, 5.97308608121e-05, 2.94392921205e-05, 2.51603105426e-05, 2.01816601475e-05, 2.51564833889e-05, 1.93274117919e-05, 1.25213809952e-05, 9.64021728578e-06, 1.30826374516e-05],
        "mean": [0.00216219085269, 0.00417084014043, 0.00106073042843, 0.000606579589657, 0.000169940292835, 0.000113438414701, 0.000143922108691, 0.000228961842367, 0.00018609536346, 0.000127378662, 0.000103021615359, 0.000126920960611, 5.77976243221e-05, 6.8085239036e-05, 3.53278919647e-05, 4.4824595534e-05, 5.64884358027e-05, 3.86383835576e-05, 3.91327594116e-05, 4.60355659015e-05, 4.32191227446e-05, 3.3920747228e-05, 3.20905492117e-05, 2.41788857238e-05, 1.73121952685e-05, 1.57668782776e-05, 1.44767291204e-05, 1.15683087643e-05, 9.65473918768e-06, 7.25932522982e-06, 6.16492388872e-06, 4.73100362797e-06, 2.69037718681e-06, 2.38016809817e-06, 1.81822758805e-06, 1.17412275813e-06, 7.23006337466e-07, 5.39550512713e-07, 4.23913803616e-07, 3.26793553995e-07],
        "median": [0.00149750360288, 0.00370301003568, 0.000682197569404, 0.000193718806258, 6.42679078737e-05, 3.24938446283e-05, 3.71163478121e-05, 4.16213915742e-05, 4.79686568724e-05, 3.63053477486e-05, 3.21681254718e-05, 2.80952990579e-05, 1.64055418281e-05, 1.76710036612e-05, 1.43137558553e-05, 1.85959142982e-05, 2.63129168161e-05, 1.9834125851e-05, 1.59523460752e-05, 2.4622255296e-05, 2.9175538657e-05, 2.3452219466e-05, 2.18360182771e-05, 1.62755131896e-05, 1.28441142806e-05, 9.60165743891e-06, 5.84298277317e-06, 5.59466298e-06, 6.19999264018e-06, 5.84305689699e-06, 4.5766155381e-06, 3.50585128217e-06, 1.54345036663e-06, 1.12909958716e-06, 7.18275373401e-07, 4.99220789152e-07, 2.68443073992e-07, 1.51815328309e-07, 9.03446988332e-08, 5.88632289578e-08],
        "min": [3.74984576723e-09, 5.23547516451e-09, 6.16332362924e-09, 5.4773249758e-07, 2.6290013011e-07, 2.5338087184e-08, 8.22664514288e-09, 4.4491139306e-07, 1.37317464066e-08, 5.45237384131e-08, 4.63574600928e-08, 1.45582723654e-09, 1.6284780191e-09, 7.36936400791e-10, 4.75178674186e-10, 2.90634044608e-10, 3.74973330164e-10, 1.52221749095e-10, 2.69927497021e-10, 2.11242967563e-10, 9.49207934475e-11, 1.79028375458e-10, 1.08107127417e-10, 3.7408035003e-11, 1.21130286357e-10, 1.38683009521e-10, 1.33260638635e-10, 9.28160118208e-11, 6.587430601e-11, 7.87793857926e-11, 6.5495171786e-11, 2.99245281332e-11, 7.22595594471e-12, 1.53819682686e-11, 5.5566809834e-12, 2.62829666885e-12, 2.68247257089e-13, 2.80794295151e-13, 1.97943061681e-13, 6.65927138736e-14],
