{
"highlevel": {
    "danceability": {
        "all": {
            "danceable": 0.999995052814,
            "not_danceable": 4.96439270137e-06
        },
        "probability": 0.999995052814,
        "value": "danceable"
    },
    "gender": {
        "all": {
            "female": 0.797139286995,
            "male": 0.202860727906
        },
        "probability": 0.797139286995,
        "value": "female"
    },
    "genre_dortmund": {
        "all": {
            "alternative": 0.0289099961519,
            "blues": 0.0215492658317,
            "electronic": 0.175807192922,
            "folkcountry": 0.0184770319611,
            "funksoulrnb": 0.0583283342421,
            "jazz": 0.0783451870084,
            "pop": 0.0824826434255,
            "raphiphop": 0.452115923166,
            "rock": 0.0839844122529
        },
        "probability": 0.452115923166,
        "value": "raphiphop"
    },
    "genre_electronic": {
        "all": {
            "ambient": 0.043105777353,
            "dnb": 0.579872846603,
            "house": 0.275030076504,
            "techno": 0.00954497046769,
            "trance": 0.0924463495612
        },
        "probability": 0.579872846603,
        "value": "dnb"
    },
    "genre_rosamerica": {
        "all": {
            "cla": 0.00242383079603,
            "dan": 0.757927656174,
            "hip": 0.0502469502389,
            "jaz": 0.00258155865595,
            "pop": 0.0942596793175,
            "rhy": 0.0238699689507,
            "roc": 0.0660102367401,
            "spe": 0.00268014008179
        },
        "probability": 0.757927656174,
        "value": "dan"
    },
    "genre_tzanetakis": {
        "all": {
            "blu": 0.0620671063662,
            "cla": 0.034474901855,
            "cou": 0.103433981538,
            "dis": 0.0620971247554,
            "hip": 0.15527240932,
            "jaz": 0.310666948557,
            "met": 0.044346679002,
            "pop": 0.0620793737471,
            "reg": 0.0620816536248,
            "roc": 0.103479810059
        },
        "probability": 0.310666948557,
        "value": "jaz"
    },
    "ismir04_rhythm": {
        "all": {
            "ChaChaCha": 0.246534794569,
            "Jive": 0.0399222150445,
            "Quickstep": 0.0139035861939,
            "Rumba-American": 0.0193815715611,
            "Rumba-International": 0.0561194643378,
            "Rumba-Misc": 0.0135696334764,
            "Samba": 0.601792633533,
            "Tango": 0.00212317844853,
            "VienneseWaltz": 0.0038091763854,
            "Waltz": 0.00284372456372
        },
        "probability": 0.601792633533,
        "value": "Samba"
    },
    "mood_acoustic": {
        "all": {
            "acoustic": 1.47218798929e-07,
            "not_acoustic": 0.999999880791
        },
        "probability": 0.999999880791,
        "value": "not_acoustic"
    },
    "mood_aggressive": {
        "all": {
            "aggressive": 0.678725004196,
            "not_aggressive": 0.321274966002
        },
        "probability": 0.678725004196,
        "value": "aggressive"
    },
    "mood_electronic": {
        "all": {
            "electronic": 0.978284299374,
            "not_electronic": 0.0217157062143
        },
        "probability": 0.978284299374,
        "value": "electronic"
    },
    "mood_happy": {
        "all": {
            "happy": 0.28598305583,
            "not_happy": 0.714016973972
        },
        "probability": 0.714016973972,
        "value": "not_happy"
    },
    "mood_party": {
        "all": {
            "not_party": 0.0290825888515,
            "party": 0.970917403698
        },
        "probability": 0.970917403698,
        "value": "party"
    },
    "mood_relaxed": {
        "all": {
            "not_relaxed": 0.17566780746,
            "relaxed": 0.824332177639
        },
        "probability": 0.824332177639,
        "value": "relaxed"
    },
    "mood_sad": {
        "all": {
            "not_sad": 0.641554534435,
            "sad": 0.358445435762
        },
        "probability": 0.641554534435,
        "value": "not_sad"
    },
    "moods_mirex": {
        "all": {
            "Cluster1": 0.421510577202,
            "Cluster2": 0.245508402586,
            "Cluster3": 0.125565364957,
            "Cluster4": 0.0791521072388,
            "Cluster5": 0.128263548017
        },
        "probability": 0.421510577202,
        "value": "Cluster1"
    },
    "timbre": {
        "all": {
            "bright": 0.0831315666437,
            "dark": 0.916868448257
        },
        "probability": 0.916868448257,
        "value": "dark"
    },
    "tonal_atonal": {
        "all": {
            "atonal": 0.970323562622,
            "tonal": 0.029676457867
        },
        "probability": 0.970323562622,
        "value": "atonal"
    },
    "voice_instrumental": {
        "all": {
            "instrumental": 0.225338861346,
            "voice": 0.774661123753
        },
        "probability": 0.774661123753,
        "value": "voice"
    }
},
"lowlevel": {
    "average_loudness": 0.953569412231,
    "barkbands_crest": {
        "dmean": 2.6081609726,
        "dmean2": 4.00202178955,
        "dvar": 7.2042517662,
        "dvar2": 15.4442338943,
        "max": 26.5734977722,
        "mean": 16.1996860504,
        "median": 16.6732273102,
        "min": 2.81412672997,
        "var": 36.2021484375
    },
    "barkbands_flatness_db": {
        "dmean": 0.0250137764961,
        "dmean2": 0.0361971668899,
        "dvar": 0.000546766503248,
        "dvar2": 0.00105450395495,
        "max": 0.730573773384,
        "mean": 0.227884814143,
        "median": 0.167762696743,
        "min": 0.0480092279613,
        "var": 0.0289321634918
    },
    "barkbands_kurtosis": {
        "dmean": 21.3673419952,
        "dmean2": 30.8390026093,
        "dvar": 5051.94677734,
        "dvar2": 8910.76269531,
        "max": 1273.25817871,
        "mean": 48.0807189941,
        "median": 5.05063438416,
        "min": -1.91767930984,
        "var": 20069.2304688
    },
    "barkbands_skewness": {
        "dmean": 0.925967872143,
        "dmean2": 1.30757939816,
        "dvar": 1.60437560081,
        "dvar2": 2.80371713638,
        "max": 28.0660572052,
        "mean": 3.02382349968,
        "median": 2.23172187805,
        "min": -3.3166847229,
        "var": 10.2058601379
    },
    "barkbands_spread": {
        "dmean": 7.15671920776,
        "dmean2": 10.3410139084,
        "dvar": 83.3026504517,
        "dvar2": 153.114425659,
        "max": 104.498558044,
        "mean": 24.1353969574,
        "median": 21.2780666351,
        "min": 0.0262512024492,
        "var": 401.089263916
    },
    "dissonance": {
        "dmean": 0.0202583260834,
        "dmean2": 0.0339954607189,
        "dvar": 0.000545573770069,
        "dvar2": 0.00148106424604,
        "max": 0.499808400869,
        "mean": 0.45886144042,
        "median": 0.475660085678,
        "min": 0.22555963695,
        "var": 0.00190199259669
    },
    "dynamic_complexity": 3.04471492767,
    "erbbands_crest": {
        "dmean": 2.57634854317,
        "dmean2": 4.21790075302,
        "dvar": 6.43954753876,
        "dvar2": 14.8746805191,
        "max": 27.4755630493,
        "mean": 10.3889608383,
        "median": 8.42866420746,
        "min": 2.76889514923,
        "var": 38.7742233276
    },
    "erbbands_flatness_db": {
        "dmean": 0.0178772434592,
        "dmean2": 0.0263626407832,
        "dvar": 0.00025840246235,
        "dvar2": 0.000520929868799,
        "max": 0.411888092756,
        "mean": 0.164599686861,
        "median": 0.130466088653,
        "min": 0.0604124851525,
        "var": 0.00774588435888
    },
    "erbbands_kurtosis": {
        "dmean": 3.39661359787,
        "dmean2": 5.35535335541,
        "dvar": 71.3428115845,
        "dvar2": 181.710266113,
        "max": 127.604797363,
        "mean": 8.35986328125,
        "median": 0.887563467026,
        "min": -1.91900312901,
        "var": 408.886108398
    },
    "erbbands_skewness": {
        "dmean": 0.43747100234,
        "dmean2": 0.658256649971,
        "dvar": 0.273604720831,
        "dvar2": 0.607749283314,
        "max": 8.3422794342,
        "mean": 0.948263883591,
        "median": 0.269453644753,
        "min": -3.40534114838,
        "var": 3.81811380386
    },
    "erbbands_spread": {
        "dmean": 9.50047588348,
        "dmean2": 14.276804924,
        "dvar": 169.373458862,
        "dvar2": 402.546630859,
        "max": 197.26272583,
        "mean": 35.3468437195,
        "median": 34.6080360413,
        "min": 1.28422117233,
        "var": 490.803710938
    },
    "hfc": {
        "dmean": 13.3466024399,
        "dmean2": 18.6560249329,
        "dvar": 481.013305664,
        "dvar2": 886.467651367,
        "max": 185.289993286,
        "mean": 33.532951355,
        "median": 22.7825641632,
        "min": 0.0793102160096,
        "var": 1281.32775879
    },
    "melbands_crest": {
        "dmean": 3.17756438255,
        "dmean2": 5.00589895248,
        "dvar": 11.4451684952,
        "dvar2": 27.7298965454,
        "max": 34.4409141541,
        "mean": 21.8540916443,
        "median": 22.6210956573,
        "min": 4.10064458847,
        "var": 46.3571395874
    },
    "melbands_flatness_db": {
        "dmean": 0.0309808887541,
        "dmean2": 0.0427481345832,
        "dvar": 0.00079830957111,
        "dvar2": 0.0014731453266,
        "max": 0.876782596111,
        "mean": 0.295463323593,
        "median": 0.226931482553,
        "min": 0.0316580086946,
        "var": 0.0442973412573
    },
    "melbands_kurtosis": {
        "dmean": 13.1324720383,
        "dmean2": 20.2945671082,
        "dvar": 532.263427734,
        "dvar2": 1225.34899902,
        "max": 325.951721191,
        "mean": 27.0378627777,
        "median": 17.1512355804,
        "min": -1.86934769154,
        "var": 1326.20556641
    },
    "melbands_skewness": {
        "dmean": 0.960882484913,
        "dmean2": 1.42553853989,
        "dvar": 1.21935856342,
        "dvar2": 2.64010691643,
        "max": 14.705286026,
        "mean": 3.61734986305,
        "median": 3.33163714409,
        "min": -1.10927069187,
        "var": 4.19488143921
    },
    "melbands_spread": {
        "dmean": 7.88305139542,
        "dmean2": 11.3542909622,
        "dvar": 195.609664917,
        "dvar2": 407.069244385,
        "max": 201.365310669,
        "mean": 21.0265769958,
        "median": 13.2095413208,
        "min": 0.176706314087,
        "var": 648.115905762
    },
    "pitch_salience": {
        "dmean": 0.0766546204686,
        "dmean2": 0.121839612722,
        "dvar": 0.00539190648124,
        "dvar2": 0.0127464914694,
        "max": 0.784655809402,
        "mean": 0.377742111683,
        "median": 0.355746656656,
        "min": 0.0239832177758,
        "var": 0.0328604653478
    },
    "silence_rate_20dB": {
        "dmean": 0,
        "dmean2": 0,
        "dvar": 0,
        "dvar2": 0,
        "max": 1,
        "mean": 1,
        "median": 1,
        "min": 1,
        "var": 0
    },
    "silence_rate_30dB": {
        "dmean": 0.0897832810879,
        "dmean2": 0.179705649614,
        "dvar": 0.0817237198353,
        "dvar2": 0.181490242481,
        "max": 1,
        "mean": 0.826759457588,
        "median": 1,
        "min": 0,
        "var": 0.143229648471
    },
    "silence_rate_60dB": {
        "dmean": 0.0216718260199,
        "dmean2": 0.0433772280812,
        "dvar": 0.0212020538747,
        "dvar2": 0.0492413491011,
        "max": 1,
        "mean": 0.0239752512425,
        "median": 0,
        "min": 0,
        "var": 0.0234003234655
    },
    "spectral_centroid": {
        "dmean": 268.802429199,
        "dmean2": 392.849090576,
        "dvar": 117028.546875,
        "dvar2": 209826.65625,
        "max": 4694.14160156,
        "mean": 1458.6517334,
        "median": 1507.79394531,
        "min": 65.4769744873,
        "var": 909067.875
    },
    "spectral_complexity": {
        "dmean": 4.48374605179,
        "dmean2": 6.40898513794,
        "dvar": 33.106010437,
        "dvar2": 53.374206543,
        "max": 66,
        "mean": 21.2598609924,
        "median": 20,
        "min": 0,
        "var": 221.488418579
    },
    "spectral_decrease": {
        "dmean": 3.89363874476e-09,
        "dmean2": 5.43422284949e-09,
        "dvar": 2.45440601223e-17,
        "dvar2": 5.417639936e-17,
        "max": -6.99768298862e-11,
        "mean": -1.41398599496e-08,
        "median": -1.19832943568e-08,
        "min": -5.6670124593e-08,
        "var": 1.14866627668e-16
    },
    "spectral_energy": {
        "dmean": 0.0153359761462,
        "dmean2": 0.0213491469622,
        "dvar": 0.00036878179526,
        "dvar2": 0.000808427925222,
        "max": 0.223857715726,
        "mean": 0.0564085319638,
        "median": 0.0491187386215,
        "min": 0.000276163453236,
        "var": 0.00174747011624
    },
    "spectral_energyband_high": {
        "dmean": 0.00137055071536,
        "dmean2": 0.00194048252888,
        "dvar": 6.17516479906e-06,
        "dvar2": 1.16032442747e-05,
        "max": 0.0235048029572,
        "mean": 0.00231560645625,
        "median": 0.000873378827237,
        "min": 5.86989195028e-08,
        "var": 1.31965243781e-05
    },
    "spectral_energyband_low": {
        "dmean": 0.0133499298245,
        "dmean2": 0.0188292134553,
        "dvar": 0.000336279161274,
        "dvar2": 0.000761769770179,
        "max": 0.19779676199,
        "mean": 0.0418166853487,
        "median": 0.0320913009346,
        "min": 2.21694767788e-06,
        "var": 0.0014133794466
    },
    "spectral_energyband_middle_high": {
        "dmean": 0.00239860871807,
        "dmean2": 0.00358813279308,
        "dvar": 1.42493954627e-05,
        "dvar2": 2.88366500172e-05,
        "max": 0.040960110724,
        "mean": 0.00689380196854,
        "median": 0.00477993255481,
        "min": 3.83708176344e-08,
        "var": 5.77356258873e-05
    },
    "spectral_energyband_middle_low": {
        "dmean": 0.00244997628033,
        "dmean2": 0.0040094172582,
        "dvar": 1.05166409412e-05,
        "dvar2": 2.73791720247e-05,
        "max": 0.041782297194,
        "mean": 0.00597935449332,
        "median": 0.00496235536411,
        "min": 1.06662109829e-05,
        "var": 2.72628694802e-05
    },
    "spectral_entropy": {
        "dmean": 0.165152996778,
        "dmean2": 0.23581327498,
        "dvar": 0.0316399969161,
        "dvar2": 0.0580393336713,
        "max": 8.59698677063,
        "mean": 7.35480499268,
        "median": 7.90108299255,
        "min": 4.04089307785,
        "var": 1.62946760654
    },
    "spectral_flux": {
        "dmean": 0.0301920212805,
        "dmean2": 0.0484928935766,
        "dvar": 0.00151092221495,
        "dvar2": 0.00331366923638,
        "max": 0.345777988434,
        "mean": 0.0927839353681,
        "median": 0.084455087781,
        "min": 0.0062840981409,
        "var": 0.00335649074987
    },
    "spectral_kurtosis": {
        "dmean": 3.43487143517,
        "dmean2": 5.41010379791,
        "dvar": 72.2992630005,
        "dvar2": 180.688034058,
        "max": 168.183105469,
        "mean": 12.3322687149,
        "median": 2.90866613388,
        "min": -0.989941596985,
        "var": 584.952636719
    },
    "spectral_rms": {
        "dmean": 0.00105131836608,
        "dmean2": 0.00140262604691,
        "dvar": 1.35281231906e-06,
        "dvar2": 2.70660552815e-06,
        "max": 0.01477828715,
        "mean": 0.00678137969226,
        "median": 0.00692247925326,
        "min": 0.000519064313266,
        "var": 9.04567787074e-06
    },
    "spectral_rolloff": {
        "dmean": 553.215515137,
        "dmean2": 867.849914551,
        "dvar": 968315.5625,
        "dvar2": 1908970.625,
        "max": 11283.3984375,
        "mean": 1311.16149902,
        "median": 581.396484375,
        "min": 64.599609375,
        "var": 3125763.25
    },
    "spectral_skewness": {
        "dmean": 0.309332251549,
        "dmean2": 0.466719090939,
        "dvar": 0.205935895443,
        "dvar2": 0.466963768005,
        "max": 11.3454799652,
        "mean": 2.21753954887,
        "median": 1.39422118664,
        "min": -0.101172186434,
        "var": 4.4536614418
    },
    "spectral_spread": {
        "dmean": 702404.5,
        "dmean2": 1002819.25,
        "dvar": 863682953216,
        "dvar2": 1.48893086515e+12,
        "max": 24569288,
        "mean": 5017770.5,
        "median": 5109457.5,
        "min": 817540.75,
        "var": 3.60311999693e+12
    },
    "spectral_strongpeak": {
        "dmean": 0.213373541832,
        "dmean2": 0.347612112761,
        "dvar": 0.20807570219,
        "dvar2": 0.548741817474,
        "max": 5.80236911774,
        "mean": 0.589163780212,
        "median": 0.546186923981,
        "min": 0,
        "var": 0.218345999718
    },
    "zerocrossingrate": {
        "dmean": 0.0132157178596,
        "dmean2": 0.0140311829746,
        "dvar": 0.000253406760748,
        "dvar2": 0.000251428660704,
        "max": 0.27978515625,
        "mean": 0.0546995848417,
        "median": 0.04248046875,
        "min": 0.00146484375,
        "var": 0.0022726659663
    },
    "barkbands": {
        "dmean": [0.000503236427903, 0.011677662842, 0.0027352005709, 0.000715256494004, 0.000996878719889, 0.000677080417518, 0.000428562663728, 0.000477157795103, 0.000391546316678, 0.000642550701741, 0.000251840247074, 0.000728935061488, 0.000649506808259, 0.000373120477889, 0.000466120458441, 0.000328153430019, 0.000342437648214, 0.000204432217288, 0.000240935813054, 0.00022427031945, 0.000244169961661, 0.00030884181615, 0.000366429449059, 0.000257704552496, 0.000161733056302, 0.000118067277072, 2.19810907254e-08],
        "dmean2": [0.000815269362647, 0.0162789020687, 0.00485680857673, 0.00126155372709, 0.00167251634412, 0.00111072231084, 0.000699275406078, 0.000748862628825, 0.000639291014522, 0.00100466480944, 0.000410646694945, 0.00117686530575, 0.000986559665762, 0.000602803949732, 0.000754876062274, 0.000532118254341, 0.000524217204656, 0.000321253959555, 0.000369930057786, 0.000320688792272, 0.000341048085829, 0.00045286497334, 0.000536128762178, 0.000369412911823, 0.00024576560827, 0.000175739900442, 3.97611579217e-08],
        "dvar": [7.12003384251e-07, 0.000273970188573, 4.86105454911e-05, 1.93238952306e-06, 2.34529125009e-06, 1.24914402022e-06, 8.0466207919e-07, 1.451547746e-06, 5.11811833803e-07, 1.18846207897e-06, 3.0027382536e-07, 3.10997984343e-06, 1.17841466363e-06, 9.76649403128e-07, 8.99683470834e-07, 4.7953108151e-07, 4.96274594752e-07, 1.71823117512e-07, 2.21072767204e-07, 1.8544012903e-07, 1.97883267106e-07, 3.56605596608e-07, 5.00994815411e-07, 2.57018143657e-07, 1.24265397972e-07, 8.12286131691e-08, 1.36268636146e-14],
        "dvar2": [1.93808023141e-06, 0.000610144983511, 0.000136573129566, 5.33199863639e-06, 6.72670194035e-06, 3.26477220369e-06, 2.07447374123e-06, 3.28945293404e-06, 1.14328736345e-06, 2.76245555142e-06, 7.58818941904e-07, 8.29223063192e-06, 2.7077157938e-06, 2.53501957559e-06, 2.11065616895e-06, 1.09664756565e-06, 1.14817441954e-06, 3.60215551609e-07, 4.94891651215e-07, 3.860744755e-07, 3.49252417209e-07, 7.81681194439e-07, 1.13120938749e-06, 4.73170018722e-07, 2.57609343635e-07, 1.84610570386e-07, 3.68273357502e-14],
        "max": [0.00796317029744, 0.192955806851, 0.0701156035066, 0.0138035621494, 0.01249061618, 0.0131895579398, 0.0137900123373, 0.0250301733613, 0.0119608547539, 0.0226842015982, 0.00754966307431, 0.0292627066374, 0.0168933738023, 0.0186237525195, 0.0137599846348, 0.00810805149376, 0.0164600349963, 0.00541340373456, 0.00644582044333, 0.00600031763315, 0.00484787672758, 0.00627785734832, 0.00949711538851, 0.00894609838724, 0.00651304796338, 0.00252342759632, 1.83862107406e-06],
        "mean": [0.000916371005587, 0.0372995324433, 0.00317601161078, 0.000817283580545, 0.00160238635726, 0.00127573427744, 0.000620421487838, 0.000703830562998, 0.000642634229735, 0.00110808422323, 0.000386336439988, 0.00116535031702, 0.00100084813312, 0.000581519969273, 0.000709370768163, 0.000504963973071, 0.000621855142526, 0.000359805388143, 0.000405007653171, 0.000368912122212, 0.000383779406548, 0.000459894275991, 0.000549138523638, 0.000376199837774, 0.000226920165005, 0.000146353631862, 1.53143009385e-08],
        "median": [0.000342209008522, 0.0265464484692, 0.000633103190921, 0.000329586793669, 0.000866148737259, 0.000505938194692, 0.000270293268841, 0.000289972289465, 0.000316118937917, 0.000470145489089, 0.000102737343695, 0.000422555749537, 0.000284019246465, 0.000140369898872, 0.000239258719375, 0.000162324475241, 0.000241228030063, 0.000162347074365, 0.000211955746636, 0.000151596017531, 0.000142608667375, 0.000153293978656, 0.000193815591047, 0.000114161361125, 8.51237418829e-05, 3.21393963532e-05, 7.67003294211e-10],
        "min": [1.27123056526e-09, 3.53468792014e-08, 4.3838019792e-07, 9.36269486829e-07, 4.17391220253e-06, 2.62375579041e-07, 9.88841719618e-08, 8.39694251908e-08, 1.62767985756e-08, 1.22643877276e-08, 3.99320132516e-09, 2.45292519629e-09, 1.80986814424e-09, 1.28794841459e-09, 7.88224374659e-10, 5.66497071475e-10, 1.22179399931e-09, 1.47047729548e-09, 2.55987098186e-09, 1.87010740227e-09, 4.49347137277e-09, 4.86640239217e-09, 6.90732626651e-09, 9.26825727277e-09, 7.01700741956e-09, 4.11162792702e-09, 1.31734666578e-11],
        "var": [1.62087440003e-06, 0.00122308405116, 4.4470802095e-05, 1.77943741164e-06, 3.98110887545e-06, 3.13135615215e-06, 1.08486347017e-06, 2.53265829997e-06, 1.11036877115e-06, 2.84200609713e-06, 6.35315529962e-07, 5.18459592058e-06, 2.72120200862e-06, 1.88003900803e-06, 1.51334802467e-06, 8.23309619591e-07, 1.38013945161e-06, 3.466226417e-07, 4.01451472953e-07, 3.58743761808e-07, 4.22918304821e-07, 6.41027895654e-07, 8.69350287758e-07, 5.3500713193e-07, 1.85406634046e-07, 1.01388280882e-07, 9.62778220727e-15]
    },
    "erbbands": {
        "dmean": [0.437040120363, 2.46206641197, 3.55545139313, 2.41007041931, 2.36546754837, 3.92729377747, 4.51215028763, 6.51922512054, 6.66115093231, 6.1941819191, 10.8242845535, 10.3060007095, 12.8612203598, 18.8721160889, 13.3260641098, 31.9035778046, 30.5410003662, 18.4246826172, 29.6358089447, 14.6766624451, 15.6827316284, 16.1461200714, 11.6367464066, 10.6569194794, 11.7265920639, 10.7591266632, 10.0740785599, 10.1052160263, 11.0927667618, 11.5773286819, 9.82447433472, 6.5336432457, 3.77662181854, 1.92687284946, 1.16567790508, 0.550189733505, 0.243159741163, 0.0170709975064, 0.000328393361997, 3.28316273226e-05],
        "dmean2": [0.617934882641, 3.43225932121, 5.96328544617, 4.22683095932, 4.10333395004, 6.6852221489, 7.37464380264, 10.8813028336, 10.9181718826, 9.93724155426, 17.0563659668, 16.8045921326, 20.7558994293, 29.5521640778, 22.2195014954, 50.9911766052, 46.5278205872, 29.0233821869, 47.9037513733, 23.5117206573, 24.7066230774, 24.7730484009, 18.1156139374, 16.3232345581, 17.8253574371, 15.2485084534, 14.7654447556, 14.4675016403, 16.3243503571, 16.8550052643, 14.6143951416, 9.51251888275, 5.50113391876, 2.89188098907, 1.81328654289, 0.848718583584, 0.362692564726, 0.0262855924666, 0.00049459724687, 4.58529575553e-05],
        "dvar": [0.414297252893, 13.5779314041, 66.0449981689, 30.4374217987, 21.0788478851, 41.8196754456, 53.4942207336, 145.665023804, 174.859191895, 183.504104614, 1064.93554688, 354.155944824, 683.716796875, 1346.06323242, 898.040039062, 5591.40429688, 2739.42602539, 1516.18115234, 4503.42480469, 1002.9487915, 982.176879883, 993.477966309, 587.040100098, 524.221679688, 492.330871582, 471.724975586, 413.888793945, 357.317352295, 466.375335693, 524.434265137, 367.42565918, 158.112609863, 61.73645401, 13.804186821, 9.20119571686, 1.68047451973, 0.354415357113, 0.00207467610016, 6.94869356721e-07, 2.53328580335e-09],
        "dvar2": [0.93168258667, 31.7835197449, 177.876663208, 85.645980835, 58.7332611084, 124.70135498, 134.653884888, 380.90512085, 451.203491211, 435.893493652, 2347.83081055, 824.289001465, 1861.1340332, 2848.765625, 2431.31933594, 14612.8222656, 6512.96582031, 3777.27416992, 11111.8486328, 2253.27246094, 2119.88891602, 2181.65087891, 1176.26599121, 1189.93701172, 1074.67199707, 1030.74182129, 891.36907959, 670.257446289, 1026.73132324, 1220.58740234, 814.906494141, 318.930938721, 116.346412659, 30.6777000427, 18.9004878998, 3.79805970192, 0.810834407806, 0.00479756388813, 1.58721456955e-06, 5.60498314428e-09],
        "max": [6.21472215652, 44.9657592773, 78.9090042114, 51.0444145203, 56.4144630432, 60.1930656433, 102.892089844, 140.869018555, 168.407989502, 184.425216675, 791.797912598, 346.666809082, 469.435974121, 868.061706543, 390.158569336, 1171.50170898, 921.79119873, 650.69519043, 1017.7142334, 354.989898682, 491.967956543, 688.754455566, 379.501159668, 388.290100098, 282.82333374, 321.944824219, 257.791015625, 232.506820679, 261.399902344, 266.151000977, 248.993560791, 211.377456665, 146.584197998, 55.7180938721, 60.4874763489, 14.9912147522, 5.23690891266, 0.440578848124, 0.0074102403596, 0.000490340753458],
        "mean": [1.21288537979, 7.63451766968, 6.26765060425, 2.71046590805, 2.96357703209, 6.05875730515, 8.34804725647, 12.0126171112, 10.380443573, 10.032623291, 16.1422080994, 17.065290451, 23.1446113586, 31.8960113525, 22.9240550995, 53.7961616516, 48.86353302, 33.190284729, 46.4023628235, 25.2866039276, 28.3553352356, 30.6013088226, 22.9988708496, 19.1925106049, 20.2352752686, 17.4966316223, 14.8116874695, 15.9082736969, 16.0198402405, 17.7746105194, 14.6833190918, 9.34721660614, 5.42534542084, 2.611566782, 1.61233532429, 0.688876450062, 0.300038099289, 0.018810313195, 0.000407256738981, 8.88068898348e-05],
        "median": [0.647094666958, 4.68948173523, 2.21924638748, 1.24011683464, 1.52380216122, 3.09757804871, 3.92228221893, 4.5556101799, 4.44140100479, 4.57517337799, 6.51234483719, 8.52108764648, 11.612244606, 11.2103071213, 9.84498596191, 20.3414993286, 16.1758384705, 11.0496587753, 15.6788702011, 9.4455499649, 10.8726873398, 13.0756320953, 9.8212852478, 10.3555412292, 10.4576883316, 7.20049190521, 6.25774908066, 5.3984951973, 5.41883182526, 5.49580907822, 5.81628799438, 2.92684030533, 1.54777050018, 0.88704842329, 0.590374827385, 0.167665347457, 0.0681483224034, 0.00259766262025, 9.70735127339e-05, 7.56238587201e-05],
        "min": [1.8134437596e-06, 4.00988647016e-05, 0.00108925835229, 0.00542395934463, 0.0127730788663, 0.0114075904712, 0.00813140720129, 0.00243449304253, 0.00296618044376, 0.00141745782457, 0.00194162828848, 0.000456813868368, 0.000292698299745, 0.000219467008719, 0.00013838756422, 0.000145348036312, 9.47765220189e-05, 9.60488323472e-05, 6.99288502801e-05, 5.45233888261e-05, 4.8045450967e-05, 6.32954179309e-05, 5.96397621848e-05, 0.000114511603897, 0.000112519068352, 0.000115645423648, 0.000169232429471, 0.000183297364856, 0.000182618532563, 0.000206158772926, 0.000192219726159, 0.000212045997614, 0.000142313612741, 0.000115351649583, 9.12467294256e-05, 4.68753059977e-05, 1.3906188542e-05, 1.4270367501e-06, 2.24429456352e-07, 3.21054898222e-07],
        "var": [1.64462852478, 59.5046234131, 105.391677856, 22.5430374146, 19.4993648529, 65.8860015869, 142.908477783, 333.452087402, 294.987670898, 337.776184082, 1818.89672852, 732.890625, 1197.91577148, 3408.60351562, 1621.44567871, 10445.7324219, 6446.95214844, 3382.71191406, 7653.48876953, 1671.45751953, 2250.12866211, 2790.921875, 1398.67150879, 949.015869141, 906.590881348, 814.680297852, 642.948547363, 776.624572754, 813.937255859, 955.914245605, 597.107299805, 286.454986572, 128.111694336, 21.7270526886, 11.8970499039, 2.12755417824, 0.425882309675, 0.00235309405252, 8.31741999718e-07, 6.13632966662e-09]
    },
    "gfcc": {
        "mean": [-18.756362915, 81.8125762939, -82.0254592896, 40.9948654175, -53.3566093445, 31.3720932007, -29.5493488312, 14.7773275375, -17.8938808441, 7.78880119324, -9.6071023941, 7.38235425949, -10.3786354065],
        "cov": [[22358.7285156, -5738.15966797, -7381.62548828, 467.633758545, -928.764343262, 1764.25354004, -953.639099121, 931.493347168, -721.719421387, 926.811340332, -690.831604004, 1020.5446167, -136.747741699], [-5738.15966797, 2357.37573242, 1997.67053223, -281.010101318, 517.405151367, -350.39755249, 436.898803711, -209.481430054, 314.081237793, -278.598968506, 297.136138916, -293.218933105, 67.5108032227], [-7381.62548828, 1997.67053223, 3244.28881836, 92.2225112915, 722.619140625, -349.068939209, 610.110046387, -177.331497192, 366.420410156, -205.827133179, 281.442687988, -328.57333374, 79.7515335083], [467.633758545, -281.010101318, 92.2225112915, 459.031890869, 298.526733398, 187.752471924, 107.673171997, 133.269317627, 75.5636825562, 71.5234527588, 2.95712280273, 23.2221870422, 21.7015628815], [-928.764343262, 517.405151367, 722.619140625, 298.526733398, 964.811889648, 360.130493164, 467.254699707, 236.547241211, 260.154205322, 103.264427185, 149.471282959, -34.2104492188, 54.1557044983], [1764.25354004, -350.39755249, -349.068939209, 187.752471924, 360.130493164, 474.05065918, 195.449569702, 219.901290894, 58.8493309021, 168.730484009, 23.0264167786, 85.5147094727, 19.4839572906], [-953.639099121, 436.898803711, 610.110046387, 107.673171997, 467.254699707, 195.449569702, 418.773254395, 138.563934326, 172.750076294, 64.170539856, 128.261688232, -54.7435112, 46.3527107239], [931.493347168, -209.481430054, -177.331497192, 133.269317627, 236.547241211, 219.901290894, 138.563934326, 238.488250732, 72.6255722046, 103.967819214, 24.1588840485, 72.0665969849, 10.3264684677], [-721.719421387, 314.081237793, 366.420410156, 75.5636825562, 260.154205322, 58.8493309021, 172.750076294, 72.6255722046, 168.488586426, 23.8933200836, 71.1275863647, -32.3957023621, 26.5109348297], [926.811340332, -278.598968506, -205.827133179, 71.5234527588, 103.264427185, 168.730484009, 64.170539856, 103.967819214, 23.8933200836, 142.037200928, 6.80473423004, 40.5543327332, 2.55628728867], [-690.831604004, 297.136138916, 281.442687988, 2.95712280273, 149.471282959, 23.0264167786, 128.261688232, 24.1588840485, 71.1275863647, 6.80473423004, 108.443351746, -10.6603450775, 19.6172599792], [1020.5446167, -293.218933105, -328.57333374, 23.2221870422, -34.2104492188, 85.5147094727, -54.7435112, 72.0665969849, -32.3957023621, 40.5543327332, -10.6603450775, 128.232711792, 10.5156536102], [-136.747741699, 67.5108032227, 79.7515335083, 21.7015628815, 54.1557044983, 19.4839572906, 46.3527107239, 10.3264684677, 26.5109348297, 2.55628728867, 19.6172599792, 10.5156536102, 64.2515640259]],
        "icov": [[0.000454130349681, -4.72991305287e-05, 0.000656819087453, -0.000261572364252, 0.000282564433292, -0.000881985877641, -7.30117899366e-05, -0.000162966432981, 0.000222861373913, -0.000816329906229, 0.00103385513648, -0.000881285988726, 0.000166569734574], [-4.72991305287e-05, 0.0034437184222, -0.000428654224379, 0.00238445727155, -0.00160264514852, 0.000752900843509, -0.000528014847077, 0.00130217859987, -0.00284968712367, 0.00485019292682, -0.00438182149082, 0.00227727345191, -0.00075024261605], [0.000656819087453, -0.000428654224379, 0.00212280405685, -0.00101411505602, -2.98025315715e-05, 0.00012880731083, -0.00179949705489, 0.000957708514761, -4.67601194032e-06, -0.00121689680964, 0.00165090628434, -0.00150316092186, 0.000478581379866], [-0.000261572364252, 0.00238445727155, -0.00101411505602, 0.00503928447142, -0.00197481457144, 7.94405350462e-05, 0.000933619972784, -0.00027522892924, -0.00230536074378, 0.00337072229013, -0.00227439356968, 0.00226998282596, -0.00135429308284], [0.000282564433292, -0.00160264514852, -2.98025315715e-05, -0.00197481457144, 0.00464428402483, -0.0032118705567, -0.000495002197567, -0.00184473663103, -0.000314926059218, -0.0018279037904, 0.00174834672362, -0.000823450274765, 0.00050601141993], [-0.000881985877641, 0.000752900843509, 0.00012880731083, 7.94405350462e-05, -0.0032118705567, 0.0102442651987, -0.00425328081474, 0.00113024096936, 0.000257218955085, -0.00113242887892, -0.00116955512203, -0.000761326809879, 5.31024634256e-05], [-7.30117899366e-05, -0.000528014847077, -0.00179949705489, 0.000933619972784, -0.000495002197567, -0.00425328081474, 0.0122470837086, -0.00532431062311, 1.49020961544e-05, -0.0012214895105, -0.00484021240845, 0.00578366406262, -0.00338127254508], [-0.000162966432981, 0.00130217859987, 0.000957708514761, -0.00027522892924, -0.00184473663103, 0.00113024096936, -0.00532431062311, 0.0139509141445, -0.00501065934077, -0.000196844004677, 0.000600823026616, -0.00596982752904, 0.00286907190457], [0.000222861373913, -0.00284968712367, -4.67601194032e-06, -0.00230536074378, -0.000314926059218, 0.000257218955085, 1.49020961544e-05, -0.00501065934077, 0.0167514216155, -0.00534271448851, 0.000524130882695, 0.000791516911704, -0.00175381428562], [-0.000816329906229, 0.00485019292682, -0.00121689680964, 0.00337072229013, -0.0018279037904, -0.00113242887892, -0.0012214895105, -0.000196844004677, -0.00534271448851, 0.0217228233814, -0.00846232846379, 0.00483595440164, -0.000532275589649], [0.00103385513648, -0.00438182149082, 0.00165090628434, -0.00227439356968, 0.00174834672362, -0.00116955512203, -0.00484021240845, 0.000600823026616, 0.000524130882695, -0.00846232846379, 0.0259373355657, -0.00993155967444, 0.00162649329286], [-0.000881285988726, 0.00227727345191, -0.00150316092186, 0.00226998282596, -0.000823450274765, -0.000761326809879, 0.00578366406262, -0.00596982752904, 0.000791516911704, 0.00483595440164, -0.00993155967444, 0.0202266294509, -0.00625451700762], [0.000166569734574, -0.00075024261605, 0.000478581379866, -0.00135429308284, 0.00050601141993, 5.31024634256e-05, -0.00338127254508, 0.00286907190457, -0.00175381428562, -0.000532275589649, 0.00162649329286, -0.00625451700762, 0.0193775016814]]
    },
    "melbands": {
        "dmean": [0.00348485191353, 0.00223471736535, 0.000423464662163, 0.000208999437746, 0.000165514225955, 0.000140760748764, 9.71746267169e-05, 7.0865447924e-05, 8.87051137397e-05, 6.34144889773e-05, 6.63193495711e-05, 8.2803722762e-05, 3.66974163626e-05, 8.88555077836e-05, 5.22854061273e-05, 7.33499691705e-05, 3.38761419698e-05, 5.0045302487e-05, 2.40123208641e-05, 2.49551248999e-05, 1.92345050891e-05, 1.92402585526e-05, 1.50866071635e-05, 9.8517330116e-06, 9.25423410081e-06, 9.70615019469e-06, 8.42907229526e-06, 7.0390037763e-06, 6.5110793912e-06, 5.97890766585e-06, 6.33541776551e-06, 6.22179277343e-06, 6.62451975586e-06, 6.93004130881e-06, 6.08664004176e-06, 5.00772739542e-06, 3.83302949558e-06, 2.90592652163e-06, 2.20156493924e-06, 1.5036117702e-06],
        "dmean2": [0.00486350990832, 0.00335327209905, 0.000741083582398, 0.000358227873221, 0.000269165786449, 0.00023507901642, 0.000159429997439, 0.000113786270958, 0.000139408221003, 0.000103594327811, 0.000107218358607, 0.000129213265609, 6.11991272308e-05, 0.000145342477481, 8.1880709331e-05, 0.000111999506771, 5.50728145754e-05, 8.16084357211e-05, 3.79648990929e-05, 4.09617750847e-05, 3.04261247948e-05, 3.01548479911e-05, 2.35358693317e-05, 1.54683639266e-05, 1.43017068694e-05, 1.53384935402e-05, 1.23238160086e-05, 1.02442381831e-05, 9.77698164206e-06, 8.61150965648e-06, 9.22091476241e-06, 9.2762420536e-06, 9.95013306238e-06, 1.01191826616e-05, 9.1470337793e-06, 7.45420493331e-06, 5.62526429349e-06, 4.3077175178e-06, 3.25666837853e-06, 2.33368723457e-06],
        "dvar": [2.47973075602e-05, 1.57688918989e-05, 8.84848077476e-07, 1.21180789847e-07, 6.58725198832e-08, 6.34330419302e-08, 3.67014614255e-08, 2.26946674786e-08, 7.31454292691e-08, 1.1906454489e-08, 1.74486221027e-08, 2.58208920911e-08, 6.49344311654e-09, 5.59749118167e-08, 8.75372574427e-09, 1.53012766901e-08, 6.73120537087e-09, 1.48800385347e-08, 1.96184135604e-09, 2.99128943837e-09, 1.44364276089e-09, 1.55141111069e-09, 9.52538270482e-10, 4.62128668666e-10, 4.20508072807e-10, 3.59912655234e-10, 2.6105784201e-10, 2.12187767357e-10, 1.82895573686e-10, 1.24844801164e-10, 1.4815233762e-10, 1.51861648257e-10, 1.80040718445e-10, 1.89332230449e-10, 1.40070510746e-10, 1.01909536365e-10, 5.70677914646e-11, 3.99004614071e-11, 2.40167590676e-11, 8.00299323339e-12],
        "dvar2": [5.47577546968e-05, 3.97424955736e-05, 2.4785115329e-06, 3.52564882178e-07, 1.72266126697e-07, 1.65240919614e-07, 9.48702236769e-08, 5.29419459383e-08, 1.52468459191e-07, 2.87000965216e-08, 4.74882320134e-08, 5.45924798701e-08, 1.65740416946e-08, 1.52617559479e-07, 2.1481344703e-08, 3.58434029124e-08, 1.72520913111e-08, 3.70564663399e-08, 4.48387282859e-09, 7.14441039662e-09, 3.23452797879e-09, 3.66740593449e-09, 2.14145567945e-09, 9.59766599529e-10, 1.00577612905e-09, 8.5083379231e-10, 5.54777446204e-10, 4.7206871745e-10, 4.04596273151e-10, 2.45083647821e-10, 3.06574987619e-10, 3.35574429355e-10, 4.31095381614e-10, 4.54019932761e-10, 3.2048091958e-10, 2.25663668307e-10, 1.14864354139e-10, 7.80014247637e-11, 5.24613963382e-11, 1.83890160044e-11],
        "max": [0.0530184321105, 0.0350903533399, 0.00960154645145, 0.00325795635581, 0.00324145890772, 0.003122192109, 0.00215231347829, 0.00177342479583, 0.00707923714072, 0.0019517717883, 0.0023404401727, 0.00382087938488, 0.000900401559193, 0.00438257912174, 0.00156293110922, 0.00152822106611, 0.00134981283918, 0.00183735322207, 0.000413533969549, 0.000594672979787, 0.000683918653522, 0.000756822351832, 0.000587522634305, 0.000318200822221, 0.000366562453564, 0.000284698064206, 0.000222294518608, 0.000223150491365, 0.000178018264705, 0.000122972822282, 0.000153640750796, 0.000170204875758, 0.000135350303026, 0.000167980761034, 0.00016783933097, 0.000109722066554, 0.000142489079735, 0.000116078597785, 0.000116336595966, 2.47127445618e-05],
        "mean": [0.0106976665556, 0.00578178791329, 0.000484173360746, 0.000306284229737, 0.000309008726617, 0.000260250759311, 0.000149703075294, 0.000113782210974, 0.000131828172016, 0.000102348065411, 0.000116108836664, 0.000134390007588, 5.93702025071e-05, 0.000139096868224, 9.40946629271e-05, 0.00011044927669, 5.39388165635e-05, 7.55461878725e-05, 3.85138446291e-05, 3.73839102394e-05, 3.28813148371e-05, 3.30229413521e-05, 2.73261830444e-05, 1.67230391526e-05, 1.51114227265e-05, 1.56319038069e-05, 1.38805471579e-05, 1.08676713353e-05, 8.96764504432e-06, 9.01047405932e-06, 9.36854212341e-06, 8.8048627731e-06, 9.11865390663e-06, 1.03283982753e-05, 9.0673147497e-06, 6.80875473336e-06, 5.27357678948e-06, 4.06339813708e-06, 2.83330427919e-06, 1.96869086722e-06],
        "median": [0.00772419665009, 0.00288482499309, 0.000229970275541, 0.000171242601937, 0.00015649566194, 9.99309922918e-05, 6.56499760225e-05, 5.05257230543e-05, 5.03581068187e-05, 5.00615133205e-05, 5.47773597646e-05, 4.24983263656e-05, 1.73654607352e-05, 5.1090024499e-05, 4.2290725105e-05, 2.8504169677e-05, 1.48992994582e-05, 2.37105014094e-05, 1.591203727e-05, 1.14372114695e-05, 1.21494040286e-05, 1.359291673e-05, 9.59303724812e-06, 7.15478563507e-06, 7.57223915571e-06, 8.02736940386e-06, 5.4521765378e-06, 4.4534231165e-06, 3.86100236938e-06, 3.1360561934e-06, 2.96221901408e-06, 2.9832274322e-06, 2.88138312499e-06, 3.10991822516e-06, 3.85691100746e-06, 1.99349165086e-06, 1.5584994344e-06, 1.15325531169e-06, 7.5924185694e-07, 6.55444466702e-07],
        "min": [5.66221780574e-09, 1.08226117845e-07, 1.37565132263e-06, 1.06133632016e-06, 3.10145964022e-07, 4.64289371394e-08, 5.13162490279e-08, 1.61698352485e-08, 1.43080889359e-08, 1.94096427819e-09, 1.42901379618e-09, 9.00755692257e-10, 4.72970218546e-10, 3.18258197574e-10, 2.84090639902e-10, 2.24558552309e-10, 1.54340012992e-10, 7.36781885502e-11, 6.37487285182e-11, 4.18719364736e-11, 4.29224676635e-11, 7.18415396617e-11, 4.18345635911e-11, 6.43407133127e-11, 8.59070314885e-11, 8.39629754612e-11, 6.63038443593e-11, 5.43882022752e-11, 8.01933450201e-11, 8.52348677749e-11, 9.12766806582e-11, 1.10023188477e-11, 9.24417625781e-11, 1.04221124786e-10, 9.53993897768e-11, 1.15663367772e-10, 9.9439845247e-11, 4.10165894305e-11, 6.64176769138e-11, 2.9386021394e-11],
