{
"highlevel": {
    "danceability": {
        "all": {
            "danceable": 0.0214641802013,
            "not_danceable": 0.978535830975
        },
        "probability": 0.978535830975,
        "value": "not_danceable"
    },
    "gender": {
        "all": {
            "female": 0.488350003958,
            "male": 0.51164996624
        },
        "probability": 0.51164996624,
        "value": "male"
    },
    "genre_dortmund": {
        "all": {
            "alternative": 0.207730993629,
            "blues": 0.0122333988547,
            "electronic": 0.0312920026481,
            "folkcountry": 0.176005110145,
            "funksoulrnb": 0.0115883117542,
            "jazz": 0.463067024946,
            "pop": 0.0210291277617,
            "raphiphop": 0.00114049180411,
            "rock": 0.075913541019
        },
        "probability": 0.463067024946,
        "value": "jazz"
    },
    "genre_electronic": {
        "all": {
            "ambient": 0.956033051014,
            "dnb": 0.00571759883314,
            "house": 0.0319049693644,
            "techno": 0.0014518473763,
            "trance": 0.00489255273715
        },
        "probability": 0.956033051014,
        "value": "ambient"
    },
    "genre_rosamerica": {
        "all": {
            "cla": 0.596668839455,
            "dan": 0.00513679347932,
            "hip": 0.00294827693142,
            "jaz": 0.216449022293,
            "pop": 0.0193335227668,
            "rhy": 0.0907789170742,
            "roc": 0.0593116469681,
            "spe": 0.00937297474593
        },
        "probability": 0.596668839455,
        "value": "cla"
    },
    "genre_tzanetakis": {
        "all": {
            "blu": 0.0620927326381,
            "cla": 0.0344948135316,
            "cou": 0.0819421708584,
            "dis": 0.10537532717,
            "hip": 0.157853066921,
            "jaz": 0.311273247004,
            "met": 0.0444075129926,
            "pop": 0.062163323164,
            "reg": 0.0622237324715,
            "roc": 0.0781740695238
        },
        "probability": 0.311273247004,
        "value": "jaz"
    },
    "ismir04_rhythm": {
        "all": {
            "ChaChaCha": 0.0167167987674,
            "Jive": 0.00598498154432,
            "Quickstep": 0.150321185589,
            "Rumba-American": 0.0410899743438,
            "Rumba-International": 0.146384045482,
            "Rumba-Misc": 0.0374239608645,
            "Samba": 0.0115770027041,
            "Tango": 0.170358151197,
            "VienneseWaltz": 0.0777821540833,
            "Waltz": 0.342361748219
        },
        "probability": 0.342361748219,
        "value": "Waltz"
    },
    "mood_acoustic": {
        "all": {
            "acoustic": 0.976359844208,
            "not_acoustic": 0.0236401502043
        },
        "probability": 0.976359844208,
        "value": "acoustic"
    },
    "mood_aggressive": {
        "all": {
            "aggressive": 1.48331910168e-05,
            "not_aggressive": 0.999985158443
        },
        "probability": 0.999985158443,
        "value": "not_aggressive"
    },
    "mood_electronic": {
        "all": {
            "electronic": 0.444012850523,
            "not_electronic": 0.555987179279
        },
        "probability": 0.555987179279,
        "value": "not_electronic"
    },
    "mood_happy": {
        "all": {
            "happy": 0.0506011135876,
            "not_happy": 0.949398875237
        },
        "probability": 0.949398875237,
        "value": "not_happy"
    },
    "mood_party": {
        "all": {
            "not_party": 0.994031071663,
            "party": 0.00596890412271
        },
        "probability": 0.994031071663,
        "value": "not_party"
    },
    "mood_relaxed": {
        "all": {
            "not_relaxed": 0.0111302454025,
            "relaxed": 0.988869726658
        },
        "probability": 0.988869726658,
        "value": "relaxed"
    },
    "mood_sad": {
        "all": {
            "not_sad": 0.0481623597443,
            "sad": 0.951837658882
        },
        "probability": 0.951837658882,
        "value": "sad"
    },
    "moods_mirex": {
        "all": {
            "Cluster1": 0.1683960706,
            "Cluster2": 0.115839838982,
            "Cluster3": 0.56610262394,
            "Cluster4": 0.120050169528,
            "Cluster5": 0.0296112746
        },
        "probability": 0.56610262394,
        "value": "Cluster3"
    },
    "timbre": {
        "all": {
            "bright": 0.132504582405,
            "dark": 0.867495417595
        },
        "probability": 0.867495417595,
        "value": "dark"
    },
    "tonal_atonal": {
        "all": {
            "atonal": 0.00198499741964,
            "tonal": 0.998014986515
        },
        "probability": 0.998014986515,
        "value": "tonal"
    },
    "voice_instrumental": {
        "all": {
            "instrumental": 0.952593445778,
            "voice": 0.0474065504968
        },
        "probability": 0.952593445778,
        "value": "instrumental"
    }
},
"lowlevel": {
    "average_loudness": 0.924442946911,
    "barkbands_crest": {
        "dmean": 2.3172826767,
        "dmean2": 3.96455478668,
        "dvar": 4.44407272339,
        "dvar2": 11.6898412704,
        "max": 23.3095493317,
        "mean": 10.2313451767,
        "median": 9.45526599884,
        "min": 4.06100177765,
        "var": 13.6617441177
    },
    "barkbands_flatness_db": {
        "dmean": 0.0170179065317,
        "dmean2": 0.0277391634881,
        "dvar": 0.000225790674449,
        "dvar2": 0.000542661990039,
        "max": 0.455152958632,
        "mean": 0.276500672102,
        "median": 0.266531705856,
        "min": 0.13802857697,
        "var": 0.00448103621602
    },
    "barkbands_kurtosis": {
        "dmean": 2.11118173599,
        "dmean2": 3.38538742065,
        "dvar": 8.49821662903,
        "dvar2": 21.2055187225,
        "max": 50.9380760193,
        "mean": 4.3613653183,
        "median": 3.11682987213,
        "min": -1.64816355705,
        "var": 26.4220867157
    },
    "barkbands_skewness": {
        "dmean": 0.406033962965,
        "dmean2": 0.657197833061,
        "dvar": 0.150977388024,
        "dvar2": 0.388588011265,
        "max": 5.7051987648,
        "mean": 1.38245654106,
        "median": 1.350222826,
        "min": -1.41997718811,
        "var": 0.751942634583
    },
    "barkbands_spread": {
        "dmean": 1.36138498783,
        "dmean2": 2.14383220673,
        "dvar": 1.69626545906,
        "dvar2": 4.07566356659,
        "max": 19.666223526,
        "mean": 6.95481538773,
        "median": 6.50213432312,
        "min": 1.2669698,
        "var": 8.03310775757
    },
    "dissonance": {
        "dmean": 0.0349978469312,
        "dmean2": 0.0602266639471,
        "dvar": 0.00109303020872,
        "dvar2": 0.00306472973898,
        "max": 0.499264836311,
        "mean": 0.410728514194,
        "median": 0.42137169838,
        "min": 0.191392466426,
        "var": 0.00291638425551
    },
    "dynamic_complexity": 2.3582804203,
    "erbbands_crest": {
        "dmean": 2.75504040718,
        "dmean2": 4.43493318558,
        "dvar": 8.54368495941,
        "dvar2": 21.3721084595,
        "max": 31.6066741943,
        "mean": 12.2893247604,
        "median": 10.7450904846,
        "min": 4.46284008026,
        "var": 29.1977958679
    },
    "erbbands_flatness_db": {
        "dmean": 0.0136176347733,
        "dmean2": 0.0210561603308,
        "dvar": 0.000203865973162,
        "dvar2": 0.000461010611616,
        "max": 0.449397355318,
        "mean": 0.273971438408,
        "median": 0.260369747877,
        "min": 0.148774936795,
        "var": 0.00452724890783
    },
    "erbbands_kurtosis": {
        "dmean": 1.22887039185,
        "dmean2": 1.88840103149,
        "dvar": 2.47261476517,
        "dvar2": 5.65566825867,
        "max": 22.4465122223,
        "mean": 1.66544747353,
        "median": 0.949929952621,
        "min": -1.66617643833,
        "var": 7.178399086
    },
    "erbbands_skewness": {
        "dmean": 0.334187746048,
        "dmean2": 0.517544567585,
        "dvar": 0.121396489441,
        "dvar2": 0.32464402914,
        "max": 3.40192341805,
        "mean": 0.64830827713,
        "median": 0.679454803467,
        "min": -2.42490839958,
        "var": 0.470178037882
    },
    "erbbands_spread": {
        "dmean": 3.07995557785,
        "dmean2": 4.71441555023,
        "dvar": 9.83903503418,
        "dvar2": 25.0339107513,
        "max": 50.8387527466,
        "mean": 17.1040325165,
        "median": 16.6771640778,
        "min": 1.67488384247,
        "var": 52.1359176636
    },
    "hfc": {
        "dmean": 2.69696068764,
        "dmean2": 4.23060512543,
        "dvar": 13.2956476212,
        "dvar2": 32.8871612549,
        "max": 52.9237174988,
        "mean": 12.4737949371,
        "median": 11.2765750885,
        "min": 1.49799859524,
        "var": 65.8686523438
    },
    "melbands_crest": {
        "dmean": 2.84722948074,
        "dmean2": 4.94160461426,
        "dvar": 5.95602846146,
        "dvar2": 15.6147050858,
        "max": 29.0397548676,
        "mean": 13.2199583054,
        "median": 12.5285148621,
        "min": 4.98882579803,
        "var": 17.3924789429
    },
    "melbands_flatness_db": {
        "dmean": 0.0181654486805,
        "dmean2": 0.0287808217108,
        "dvar": 0.000228860109928,
        "dvar2": 0.000537494022865,
        "max": 0.57297539711,
        "mean": 0.356754273176,
        "median": 0.344598352909,
        "min": 0.169672071934,
        "var": 0.00708761159331
    },
    "melbands_kurtosis": {
        "dmean": 2.92194604874,
        "dmean2": 4.7764210701,
        "dvar": 15.395819664,
        "dvar2": 39.9647636414,
        "max": 73.2349700928,
        "mean": 6.67549419403,
        "median": 4.77175807953,
        "min": -1.73711037636,
        "var": 51.9164123535
    },
    "melbands_skewness": {
        "dmean": 0.460294634104,
        "dmean2": 0.748143732548,
        "dvar": 0.179800242186,
        "dvar2": 0.453549087048,
        "max": 5.85301923752,
        "mean": 1.76669859886,
        "median": 1.71777689457,
        "min": -1.53440034389,
        "var": 0.975868046284
    },
    "melbands_spread": {
        "dmean": 1.80637907982,
        "dmean2": 2.92302107811,
        "dvar": 3.51978754997,
        "dvar2": 9.0496673584,
        "max": 26.7050495148,
        "mean": 8.80156707764,
        "median": 8.39569473267,
        "min": 1.27720010281,
        "var": 13.1704053879
    },
    "pitch_salience": {
        "dmean": 0.0576457753778,
        "dmean2": 0.0956624522805,
        "dvar": 0.00253593968228,
        "dvar2": 0.00727619370446,
        "max": 0.782483994961,
        "mean": 0.553055524826,
        "median": 0.557395160198,
        "min": 0.216760769486,
        "var": 0.00747938500717
    },
    "silence_rate_20dB": {
        "dmean": 0,
        "dmean2": 0,
        "dvar": 0,
        "dvar2": 0,
        "max": 1,
        "mean": 1,
        "median": 1,
        "min": 1,
        "var": 0
    },
    "silence_rate_30dB": {
        "dmean": 0.0030959751457,
        "dmean2": 0.00619674660265,
        "dvar": 0.00308634410612,
        "dvar2": 0.00615848088637,
        "max": 1,
        "mean": 0.994586229324,
        "median": 1,
        "min": 0,
        "var": 0.0053843264468
    },
    "silence_rate_60dB": {
        "dmean": 0.000773993786424,
        "dmean2": 0.000774593325332,
        "dvar": 0.000773394829594,
        "dvar2": 0.000773993320763,
        "max": 1,
        "mean": 0.00077339517884,
        "median": 0,
        "min": 0,
        "var": 0.000772797095124
    },
    "spectral_centroid": {
        "dmean": 55.474773407,
        "dmean2": 88.6278381348,
        "dvar": 3257.78027344,
        "dvar2": 8487.125,
        "max": 1166.79968262,
        "mean": 480.881530762,
        "median": 470.127105713,
        "min": 195.760925293,
        "var": 16847.9433594
    },
    "spectral_complexity": {
        "dmean": 1.57275545597,
        "dmean2": 2.58636713028,
        "dvar": 2.09147429466,
        "dvar2": 5.2030377388,
        "max": 26,
        "mean": 12.387471199,
        "median": 12,
        "min": 4,
        "var": 15.420592308
    },
    "spectral_decrease": {
        "dmean": 2.083185624e-09,
        "dmean2": 3.40752115413e-09,
        "dvar": 6.01209055351e-18,
        "dvar2": 1.49249058191e-17,
        "max": -8.42951597413e-10,
        "mean": -8.72146355135e-09,
        "median": -7.8344601917e-09,
        "min": -3.4097954682e-08,
        "var": 3.127336962e-17
    },
    "spectral_energy": {
        "dmean": 0.00806358829141,
        "dmean2": 0.0131867425516,
        "dvar": 9.04049229575e-05,
        "dvar2": 0.000224016737775,
        "max": 0.131933197379,
        "mean": 0.0340482629836,
        "median": 0.0306993741542,
        "min": 0.00334589392878,
        "var": 0.000472968560643
    },
    "spectral_energyband_high": {
        "dmean": 1.48005483425e-05,
        "dmean2": 2.1384563297e-05,
        "dvar": 8.56562487606e-10,
        "dvar2": 1.67883495994e-09,
        "max": 0.000587484042626,
        "mean": 6.34692842141e-05,
        "median": 2.31233370869e-05,
        "min": 7.13817129849e-08,
        "var": 8.463465484e-09
    },
    "spectral_energyband_low": {
        "dmean": 0.00434450944886,
        "dmean2": 0.00724710989743,
        "dvar": 2.36396190303e-05,
        "dvar2": 6.06889771007e-05,
        "max": 0.0487403050065,
        "mean": 0.00967350695282,
        "median": 0.00788942351937,
        "min": 5.02551265527e-05,
        "var": 6.50449146633e-05
    },
    "spectral_energyband_middle_high": {
        "dmean": 0.00107670761645,
        "dmean2": 0.00175984564703,
        "dvar": 7.46145315134e-06,
        "dvar2": 2.19121866394e-05,
        "max": 0.033502291888,
        "mean": 0.00257399398834,
        "median": 0.0018152865814,
        "min": 0.000102031939605,
        "var": 8.22162382974e-06
    },
    "spectral_energyband_middle_low": {
        "dmean": 0.00644421670586,
        "dmean2": 0.0103190420195,
        "dvar": 6.93707261235e-05,
        "dvar2": 0.000176839486812,
        "max": 0.117679797113,
        "mean": 0.023693561554,
        "median": 0.0207184720784,
        "min": 0.00236172019504,
        "var": 0.000285025889752
    },
    "spectral_entropy": {
        "dmean": 0.125658169389,
        "dmean2": 0.193430036306,
        "dvar": 0.0134885599837,
        "dvar2": 0.03144627437,
        "max": 7.50221586227,
        "mean": 6.26741743088,
        "median": 6.28773164749,
        "min": 5.02020645142,
        "var": 0.35313090682
    },
    "spectral_flux": {
        "dmean": 0.0198472701013,
        "dmean2": 0.0321084409952,
        "dvar": 0.000448196282377,
        "dvar2": 0.00106341391802,
        "max": 0.234460294247,
        "mean": 0.070425234735,
        "median": 0.0644370019436,
        "min": 0.0129580805078,
        "var": 0.00135206931736
    },
    "spectral_kurtosis": {
        "dmean": 13.7634735107,
        "dmean2": 23.8949298859,
        "dvar": 343.936798096,
        "dvar2": 949.505737305,
        "max": 184.364425659,
        "mean": 39.1506843567,
        "median": 17.4475746155,
        "min": 1.42120695114,
        "var": 1730.19702148
    },
    "spectral_rms": {
        "dmean": 0.000653230468743,
        "dmean2": 0.00106230285019,
        "dvar": 4.1618292812e-07,
        "dvar2": 9.83326003734e-07,
        "max": 0.0113452775404,
        "mean": 0.00545959034935,
        "median": 0.00547271501273,
        "min": 0.00180673378054,
        "var": 3.41059876519e-06
    },
    "spectral_rolloff": {
        "dmean": 85.6159057617,
        "dmean2": 152.250030518,
        "dvar": 16395.3417969,
        "dvar2": 38733.7929688,
        "max": 1421.19140625,
        "mean": 578.664123535,
        "median": 602.9296875,
        "min": 172.265625,
        "var": 35723.3828125
    },
    "spectral_skewness": {
        "dmean": 0.784154713154,
        "dmean2": 1.34225606918,
        "dvar": 0.78123486042,
        "dvar2": 2.19373464584,
        "max": 11.018989563,
        "mean": 4.10497331619,
        "median": 3.17620563507,
        "min": 1.23482227325,
        "var": 5.12909841537
    },
    "spectral_spread": {
        "dmean": 234397.453125,
        "dmean2": 385135.03125,
        "dvar": 39173021696,
        "dvar2": 107810816000,
        "max": 4995615.5,
        "mean": 2071471,
        "median": 2243529.25,
        "min": 441293.25,
        "var": 1.10378903142e+12
    },
    "spectral_strongpeak": {
        "dmean": 0.459212303162,
        "dmean2": 0.773959040642,
        "dvar": 0.349595993757,
        "dvar2": 0.824039638042,
        "max": 4.89922618866,
        "mean": 0.968544661999,
        "median": 0.630569934845,
        "min": 0.0436575450003,
        "var": 0.797460436821
    },
    "zerocrossingrate": {
        "dmean": 0.00260467058979,
        "dmean2": 0.00338733289391,
        "dvar": 4.93841935167e-06,
        "dvar2": 8.03385319159e-06,
        "max": 0.0478515625,
        "mean": 0.0230693072081,
        "median": 0.02294921875,
        "min": 0.00634765625,
        "var": 4.01070064981e-05
    },
    "barkbands": {
        "dmean": [5.1580282161e-06, 0.00129843316972, 0.00303961569443, 0.00178903178312, 0.00437304098159, 0.000814116850961, 0.0011691947002, 0.00140385201667, 0.000768688973039, 0.000855948426761, 5.3643805586e-05, 0.00012732113828, 0.000421579490649, 3.44516156474e-05, 3.41050072166e-05, 1.17526496979e-05, 2.93580906146e-05, 1.9529607016e-05, 1.51502326844e-05, 5.04779518451e-06, 7.31894897399e-06, 8.79972139955e-06, 2.36379287344e-06, 1.39814255817e-06, 4.54766905023e-07, 1.67570604503e-07, 1.25652599436e-09],
        "dmean2": [8.90101546247e-06, 0.00213171588257, 0.00517301307991, 0.00272307288833, 0.00754476664588, 0.00136947166175, 0.00182345137, 0.00196147267707, 0.00128108193167, 0.00146906997543, 8.77367419889e-05, 0.000201037284569, 0.000605819572229, 5.27066949871e-05, 5.30019169673e-05, 1.86380493687e-05, 4.45516852778e-05, 3.03094384435e-05, 2.40395529545e-05, 7.75119042373e-06, 1.16900437206e-05, 1.42908393173e-05, 3.59410250894e-06, 2.07487710213e-06, 7.08793834292e-07, 2.54385355447e-07, 2.19066675911e-09],
        "dvar": [1.07605604982e-10, 2.54874430539e-06, 1.26544091472e-05, 9.37617187446e-06, 5.04938652739e-05, 1.30689716116e-06, 4.2126448534e-06, 1.12445750347e-05, 2.7709781989e-06, 7.10280801286e-06, 1.2947410255e-08, 4.42488925501e-08, 2.91661905294e-07, 5.6311870722e-09, 8.19977685751e-09, 6.80482337145e-10, 3.36890115804e-09, 2.05699057787e-09, 1.17265108734e-09, 1.17040613312e-10, 2.37708019935e-10, 3.89889370789e-10, 1.6438260475e-11, 7.71755315904e-12, 9.10316960701e-13, 1.73896528145e-13, 1.59258489542e-17],
        "dvar2": [2.87080414996e-10, 5.56553413844e-06, 3.46136439475e-05, 1.95381599042e-05, 0.000143426499562, 3.5375439893e-06, 1.02378389784e-05, 2.15277959796e-05, 7.36202537155e-06, 2.11421702261e-05, 3.35096395077e-08, 1.12075490222e-07, 6.7703001605e-07, 1.33699593619e-08, 1.93274587446e-08, 1.61347490923e-09, 8.1762436821e-09, 4.97698593449e-09, 2.83643930565e-09, 2.68624705813e-10, 5.71640734748e-10, 9.95359239475e-10, 3.72835269602e-11, 1.70323807142e-11, 1.80002139496e-12, 4.2573372128e-13, 2.17342797827e-17],
        "max": [0.000198744455702, 0.0165584534407, 0.0353102236986, 0.0438119247556, 0.08807939291, 0.0130695272237, 0.0366712361574, 0.0495363883674, 0.0190531462431, 0.0290793068707, 0.00196100375615, 0.00270620151423, 0.00710917031392, 0.00111319043208, 0.00157480349299, 0.000394157890696, 0.00100183149334, 0.000858503160998, 0.00055571726989, 0.000254309445154, 0.000219637629925, 0.000372691894881, 6.15210010437e-05, 4.52878230135e-05, 2.26172851399e-05, 9.42660426517e-06, 9.93215394374e-08],
        "mean": [5.01684780829e-06, 0.00246574403718, 0.00543142063543, 0.00356024107896, 0.00985769089311, 0.00192004395649, 0.00284636137076, 0.00350397010334, 0.00160066469107, 0.00126255035866, 9.51318070292e-05, 0.000246856390731, 0.000888486218173, 6.45316176815e-05, 6.39734425931e-05, 2.44125276367e-05, 6.52961753076e-05, 4.59652292193e-05, 3.09827082674e-05, 1.14492277135e-05, 2.18293498619e-05, 2.26948013733e-05, 7.25640757082e-06, 3.95400547859e-06, 1.33253035983e-06, 3.97527941232e-07, 1.05310171694e-09],
        "median": [2.0945160486e-06, 0.00169299682602, 0.00416201166809, 0.00193331448827, 0.0060703936033, 0.00138507620431, 0.00157870841213, 0.00116781715769, 0.000852955854498, 0.00060571153881, 3.82247526431e-05, 0.000114885959192, 0.000513194419909, 2.47565894824e-05, 3.0977978895e-05, 9.73887927103e-06, 2.69027950708e-05, 1.31822689582e-05, 7.82261395216e-06, 2.74304261438e-06, 3.87346563002e-06, 6.01187002758e-06, 1.89774152659e-06, 1.46788329403e-06, 4.59153852717e-07, 1.09759945133e-07, 3.39718919662e-10],
        "min": [8.14394951476e-09, 4.52084805147e-06, 2.27966793318e-05, 1.24680664157e-05, 5.18280503456e-05, 4.31885309808e-05, 1.58530219778e-05, 4.42437521997e-06, 3.88856187783e-06, 9.09363916435e-06, 3.97340187419e-07, 5.23684946074e-07, 9.03169166122e-06, 2.33580649933e-07, 7.69363111885e-07, 2.2405150446e-07, 1.52483977445e-07, 2.62154404851e-08, 1.65399711705e-08, 5.80200287814e-09, 9.77346736875e-09, 1.03575281685e-08, 6.60774945871e-09, 5.55250556644e-09, 2.3008788208e-09, 1.50056685827e-11, 1.19520626035e-11],
        "var": [9.09592193232e-11, 6.92547473591e-06, 2.56343446381e-05, 2.92629265459e-05, 0.000131964785396, 3.41487316291e-06, 1.25504757307e-05, 3.63671279047e-05, 4.70476243208e-06, 5.53614381715e-06, 2.40355948478e-08, 1.25016072161e-07, 1.03338527424e-06, 1.29493784584e-08, 1.44677434477e-08, 1.97091032383e-09, 1.13545697289e-08, 8.11092615294e-09, 3.41528449965e-09, 3.82293918744e-10, 1.28663801835e-09, 1.63310798218e-09, 1.04230180042e-10, 4.32982226461e-11, 4.25228212017e-12, 5.30490094127e-13, 1.55828171542e-17]
    },
    "erbbands": {
        "dmean": [0.00666507426649, 0.4172488451, 3.09741425514, 4.17014122009, 8.30983734131, 20.140958786, 12.4908905029, 6.67303657532, 16.7835655212, 15.0550060272, 35.1489524841, 20.7251834869, 15.4886274338, 24.0210189819, 2.64501690865, 6.9105591774, 20.7172813416, 2.83151626587, 1.92470395565, 0.888806521893, 0.837371468544, 1.41511750221, 1.13327622414, 0.949543952942, 0.488788098097, 0.259102374315, 0.25415328145, 0.351814597845, 0.320820838213, 0.116839639843, 0.0644624233246, 0.0287263914943, 0.0296391174197, 0.0060296645388, 0.00351548264734, 0.00132468342781, 0.000187768644537, 9.40410245676e-06, 3.71668852495e-06, 8.88134036359e-06],
        "dmean2": [0.0107144508511, 0.686696052551, 5.23444747925, 6.46693372726, 14.0944795609, 34.6956138611, 20.003282547, 11.6481113434, 26.5879192352, 23.5591030121, 48.814907074, 33.6256065369, 25.2569503784, 41.2850761414, 4.39980697632, 10.6611862183, 29.5495471954, 4.26434230804, 2.86749982834, 1.38093519211, 1.29653644562, 2.10404610634, 1.69227957726, 1.47268259525, 0.754848301411, 0.399806559086, 0.408320575953, 0.554649889469, 0.515609741211, 0.172954186797, 0.0994808599353, 0.0429017320275, 0.0458942726254, 0.0086576519534, 0.00563497375697, 0.00201590335928, 0.000280745851342, 1.48437238749e-05, 6.04074421062e-06, 1.4514466784e-05],
        "dvar": [6.46759435767e-05, 0.264452815056, 14.518239975, 32.8617477417, 172.82484436, 1400.76977539, 396.111206055, 109.115470886, 995.719726562, 612.857177734, 8504.44628906, 1895.07836914, 1143.16125488, 6698.54736328, 28.9754257202, 109.373497009, 675.227233887, 47.3354682922, 21.3364486694, 6.20203971863, 2.96775388718, 9.81437492371, 4.96948051453, 4.77414369583, 2.00608849525, 0.305689901114, 0.307489335537, 0.527983248234, 0.630983114243, 0.0530763268471, 0.0135016515851, 0.00247240182944, 0.00421154825017, 0.000191938190255, 5.71035961912e-05, 9.46889031184e-06, 2.29587612921e-07, 3.87938042801e-10, 1.91267557348e-11, 1.10078383908e-10],
        "dvar2": [0.000139088602737, 0.600288152695, 38.5549888611, 75.9857940674, 407.753967285, 4150.42773438, 1015.36413574, 299.483581543, 2457.34765625, 1591.64868164, 16553.2324219, 5004.10009766, 3113.50756836, 19965.0976562, 80.53565979, 283.381866455, 1493.48828125, 126.844558716, 47.7396850586, 14.5029497147, 6.93065643311, 22.4356880188, 11.9978027344, 10.3869037628, 4.90645170212, 0.722474396229, 0.745618641376, 1.20939481258, 1.5766620636, 0.12093410641, 0.0330454856157, 0.00549552775919, 0.00945630017668, 0.000355064170435, 0.000129582927912, 2.27862165048e-05, 5.0255368933e-07, 9.09677888572e-10, 4.71644494293e-11, 2.72170674886e-10],
        "max": [0.0868629664183, 5.21509122849, 38.4405822754, 72.4005584717, 221.996765137, 446.743103027, 288.531738281, 163.495376587, 567.700561523, 281.631011963, 1320.2043457, 495.875, 408.897644043, 877.958557129, 67.2823562622, 158.973297119, 367.924621582, 136.287094116, 69.2758407593, 40.2150115967, 25.8402004242, 57.1416931152, 38.6937294006, 40.0653076172, 26.9923820496, 11.1808242798, 7.7126698494, 11.7777404785, 15.1148796082, 3.98833942413, 1.74006593227, 0.821537792683, 1.20952796936, 0.315058797598, 0.126250639558, 0.065759986639, 0.00870669260621, 0.000399112439482, 6.07491565461e-05, 0.000145358790178],
        "mean": [0.0150163210928, 0.792824327946, 5.35135602951, 9.96626853943, 17.0135192871, 40.2114601135, 27.079202652, 17.2235126495, 41.2083244324, 35.3733024597, 90.871131897, 46.9516906738, 29.3983230591, 31.703994751, 5.73383283615, 16.2264575958, 44.5121688843, 6.9254989624, 3.89995455742, 1.9571942091, 1.86624336243, 3.363530159, 2.91441464424, 2.18166613579, 1.03225946426, 0.59368211031, 0.676950454712, 1.1003895998, 0.832083165646, 0.328542649746, 0.188190445304, 0.0826034173369, 0.0744100734591, 0.0172334183007, 0.00933277327567, 0.00342524889857, 0.00048852164764, 2.36843443417e-05, 1.68293299794e-05, 3.80348647013e-05],
        "median": [0.0110538126901, 0.545537352562, 3.65423750877, 7.12538433075, 10.136803627, 21.6300830841, 14.0805692673, 11.9865350723, 24.0198173523, 21.9041252136, 29.5217342377, 29.0497665405, 13.7793531418, 14.1193122864, 3.27901077271, 10.4336032867, 26.7262401581, 3.20230746269, 1.88796019554, 0.818124294281, 0.819484114647, 1.13931035995, 1.20654070377, 0.558196127415, 0.324083954096, 0.149946972728, 0.130235105753, 0.202372550964, 0.225364625454, 0.106686249375, 0.0530215576291, 0.0304074026644, 0.0210425909609, 0.00485602300614, 0.00269520352595, 0.000917930097785, 0.000118231881061, 8.5148258222e-06, 1.51263966472e-05, 3.44826221408e-05],
        "min": [0.000101748322777, 0.00234846095555, 0.0250229798257, 0.0641333386302, 0.10500254482, 0.241343930364, 0.727661907673, 0.507037460804, 0.7843298316, 0.526974737644, 0.693622291088, 0.414775758982, 0.604226648808, 0.288194984198, 0.124981343746, 0.398948043585, 0.457329243422, 0.0658200979233, 0.0748377591372, 0.0246632993221, 0.0146674318239, 0.00944660697132, 0.00212874193676, 0.00148597080261, 0.000876535952557, 0.000540085078683, 0.000546167895664, 0.000349178153556, 0.000344555999618, 0.000337288947776, 0.000166536978213, 0.000127155712107, 9.39428136917e-05, 4.9120739277e-05, 1.38443547257e-05, 4.51021332992e-06, 1.91091430679e-06, 3.08029314056e-07, 1.70199837157e-06, 3.83193855669e-06],
        "var": [0.000190597915207, 0.682711660862, 29.2001075745, 99.7807006836, 560.128295898, 2657.21875, 1027.21875, 313.484893799, 2697.70117188, 1621.18847656, 25882.9726562, 3193.52832031, 2162.45581055, 4893.59130859, 51.6093444824, 317.686859131, 2497.13232422, 132.695144653, 41.8122253418, 13.2813177109, 9.57086658478, 36.1043739319, 22.6081790924, 17.6828575134, 4.74376440048, 0.989917516708, 1.31187367439, 3.28939676285, 2.43180942535, 0.294705986977, 0.0749462768435, 0.0135738123208, 0.0196510329843, 0.00104947946966, 0.000222179223783, 3.34734177159e-05, 9.10307676349e-07, 1.58810931072e-09, 1.15397691403e-10, 5.85829773581e-10]
    },
    "gfcc": {
        "mean": [-83.6963577271, 195.670166016, -107.91544342, -0.102859944105, -57.8378295898, -0.819555699825, -28.7097377777, -10.5276546478, -17.2548751831, -13.0922346115, -8.91495990753, -13.9834909439, -13.9851531982],
        "cov": [[6168.04003906, -2815.42700195, -405.784973145, 1887.14318848, -1257.44287109, 528.702697754, -158.077392578, 251.779129028, -347.011352539, 181.477050781, -266.34161377, 257.9894104, -224.334289551], [-2815.42700195, 1537.52209473, 246.781585693, -913.672119141, 690.341552734, -226.385879517, 152.42640686, -141.51222229, 187.849395752, -125.034118652, 123.866523743, -153.848342896, 128.186279297], [-405.784973145, 246.781585693, 513.759643555, -94.8739776611, 67.2793731689, 133.257369995, -21.4143505096, -90.7042922974, -4.15417528152, -25.3643188477, -35.7260437012, -25.3625640869, -44.5508079529], [1887.14318848, -913.672119141, -94.8739776611, 724.573120117, -384.214080811, 167.921722412, -63.5172805786, 62.6826324463, -113.690223694, 42.1524658203, -77.6803970337, 85.8886108398, -65.6260528564], [-1257.44287109, 690.341552734, 67.2793731689, -384.214080811, 420.161682129, -94.2599716187, 40.4902763367, -54.3016052246, 76.399848938, -67.8400344849, 55.1796150208, -67.9019241333, 70.6560897827], [528.702697754, -226.385879517, 133.257369995, 167.921722412, -94.2599716187, 205.984176636, -12.4274044037, -15.9626188278, -37.1752281189, 9.36034011841, -43.9061393738, 12.5246715546, -53.5254554749], [-158.077392578, 152.42640686, -21.4143505096, -63.5172805786, 40.4902763367, -12.4274044037, 125.422615051, 16.9856395721, 19.4207420349, 1.05712294579, 1.35411393642, -28.9196529388, 7.77782917023], [251.779129028, -141.51222229, -90.7042922974, 62.6826324463, -54.3016052246, -15.9626188278, 16.9856395721, 103.824790955, 11.8992452621, 21.4020614624, -13.3109111786, 3.09310293198, -6.29467582703], [-347.011352539, 187.849395752, -4.15417528152, -113.690223694, 76.399848938, -37.1752281189, 19.4207420349, 11.8992452621, 96.4789657593, 3.10640478134, 21.9555854797, -26.7734622955, -1.98305380344], [181.477050781, -125.034118652, -25.3643188477, 42.1524658203, -67.8400344849, 9.36034011841, 1.05712294579, 21.4020614624, 3.10640478134, 87.0558929443, 8.92101097107, 7.32970905304, -27.2904872894], [-266.34161377, 123.866523743, -35.7260437012, -77.6803970337, 55.1796150208, -43.9061393738, 1.35411393642, -13.3109111786, 21.9555854797, 8.92101097107, 67.2841720581, -0.986210584641, 5.0339512825], [257.9894104, -153.848342896, -25.3625640869, 85.8886108398, -67.9019241333, 12.5246715546, -28.9196529388, 3.09310293198, -26.7734622955, 7.32970905304, -0.986210584641, 62.6099128723, -0.752922058105], [-224.334289551, 128.186279297, -44.5508079529, -65.6260528564, 70.6560897827, -53.5254554749, 7.77782917023, -6.29467582703, -1.98305380344, -27.2904872894, 5.0339512825, -0.752922058105, 93.1809844971]],
        "icov": [[0.00157272233628, 0.0017065575812, 0.000324360094965, -0.00159756513312, 0.000271400844213, -0.000951687339693, -0.00100673199631, -6.99978918419e-05, -4.06996259699e-05, 0.000277910439763, 0.000562721979804, 1.60856761795e-05, -0.000154282199219], [0.0017065575812, 0.0318532437086, -0.0110874241218, 0.0128403762355, -0.0176929738373, 0.00921606831253, -0.0221187882125, 0.0139734745026, -0.015797432512, 0.012994511053, -0.0148991039023, 0.00856139790267, -0.0101248975843], [0.000324360094965, -0.0110874241218, 0.00783738400787, -0.00500119617209, 0.0064859399572, -0.00626698508859, 0.0084596099332, -0.0032728461083, 0.00595138780773, -0.0046607083641, 0.00810721702874, -0.0029088545125, 0.00511336000636], [-0.00159756513312, 0.0128403762355, -0.00500119617209, 0.0123246777803, -0.00699012679979, 0.00385908829048, -0.0084284786135, 0.00598913338035, -0.00626539578661, 0.00643152976409, -0.00721542490646, 0.00306089548394, -0.00443121464923], [0.000271400844213, -0.0176929738373, 0.0064859399572, -0.00699012679979, 0.0172256547958, -0.00662093935534, 0.0122707178816, -0.00775811634958, 0.00784704741091, -0.00456074485555, 0.00656079221517, -0.0022891855333, 0.00321616814472], [-0.000951687339693, 0.00921606831253, -0.00626698508859, 0.00385908829048, -0.00662093935534, 0.0134746758267, -0.00754700461403, 0.00622312119231, -0.0046408334747, 0.0036312348675, -0.00290691829287, 0.00260665244423, -0.000294066383503], [-0.00100673199631, -0.0221187882125, 0.0084596099332, -0.0084284786135, 0.0122707178816, -0.00754700461403, 0.024953443557, -0.0114932097495, 0.0109854806215, -0.00952472817153, 0.0108941821381, -0.0022406517528, 0.00645164307207], [-6.99978918419e-05, 0.0139734745026, -0.0032728461083, 0.00598913338035, -0.00775811634958, 0.00622312119231, -0.0114932097495, 0.0209155771881, -0.0107626849785, 0.0037598144263, -0.00267220800743, 0.0039512407966, -0.00386003497988], [-4.06996259699e-05, -0.015797432512, 0.00595138780773, -0.00626539578661, 0.00784704741091, -0.0046408334747, 0.0109854806215, -0.0107626849785, 0.0236790608615, -0.00758667336777, 0.00571100134403, -0.00140295468736, 0.00776898814365], [0.000277910439763, 0.012994511053, -0.0046607083641, 0.00643152976409, -0.00456074485555, 0.0036312348675, -0.00952472817153, 0.0037598144263, -0.00758667336777, 0.0208583138883, -0.0109280189499, 0.00393774965778, -0.00174300069921], [0.000562721979804, -0.0148991039023, 0.00810721702874, -0.00721542490646, 0.00656079221517, -0.00290691829287, 0.0108941821381, -0.00267220800743, 0.00571100134403, -0.0109280189499, 0.0313232839108, -0.00857445597649, 0.00807044934481], [1.60856761795e-05, 0.00856139790267, -0.0029088545125, 0.00306089548394, -0.0022891855333, 0.00260665244423, -0.0022406517528, 0.0039512407966, -0.00140295468736, 0.00393774965778, -0.00857445597649, 0.0260695610195, -0.00548956915736], [-0.000154282199219, -0.0101248975843, 0.00511336000636, -0.00443121464923, 0.00321616814472, -0.000294066383503, 0.00645164307207, -0.00386003497988, 0.00776898814365, -0.00174300069921, 0.00807044934481, -0.00548956915736, 0.0193803869188]]
    },
    "melbands": {
        "dmean": [0.000192734238226, 0.0012408059556, 0.000764780968893, 0.00098688097205, 0.000571656448301, 0.000149688101374, 0.000250127341133, 0.000175675857463, 0.000271662051091, 0.000111749272037, 8.14871964394e-05, 0.000108751693915, 7.70991027821e-06, 1.3706387108e-05, 3.73902548745e-05, 3.00541651086e-05, 4.38536426373e-06, 3.10549626192e-06, 1.99269129553e-06, 7.73708052293e-07, 1.11017538984e-06, 1.53488610977e-06, 1.83772613127e-06, 7.78276501023e-07, 8.55779148878e-07, 4.66092984652e-07, 2.40266018636e-07, 1.68799431322e-07, 1.56672740559e-07, 2.16175905621e-07, 2.53713608345e-07, 2.59242966649e-07, 9.05037254029e-08, 6.08296346627e-08, 4.37325837765e-08, 3.13823527165e-08, 1.7324103041e-08, 2.7957550941e-08, 1.05455582045e-08, 4.40493375109e-09],
        "dmean2": [0.000314203934977, 0.00208170991391, 0.00119344692212, 0.00170584931038, 0.000930495909415, 0.000258179672528, 0.000391374196624, 0.000271368335234, 0.000383272825275, 0.00018481760344, 0.000134987421916, 0.000187392724911, 1.26674885905e-05, 2.18297936954e-05, 5.48644020455e-05, 4.32567794633e-05, 6.66250571157e-06, 4.74388116345e-06, 3.09418896904e-06, 1.20440677165e-06, 1.74101160155e-06, 2.30636533161e-06, 2.88706814899e-06, 1.15335819828e-06, 1.36145126817e-06, 7.13061069746e-07, 3.80218381224e-07, 2.67895757133e-07, 2.57642625456e-07, 3.52066422238e-07, 4.03289277529e-07, 4.18183532247e-07, 1.39390181175e-07, 9.31232833068e-08, 6.91780499551e-08, 4.80647770473e-08, 2.78514900032e-08, 4.43915482151e-08, 1.59976067948e-08, 6.64919586058e-09],
        "dvar": [5.59027597546e-08, 2.25008398047e-06, 1.37165704928e-06, 2.46894705924e-06, 9.4656957117e-07, 4.7775969847e-08, 2.13498310586e-07, 8.3707561771e-08, 4.60358620558e-07, 5.8307552564e-08, 3.60086787055e-08, 1.42061594488e-07, 2.36997810266e-10, 4.89547957727e-10, 2.16264162134e-09, 1.70697445068e-09, 1.25382607075e-10, 5.50344284034e-11, 3.57167628806e-11, 4.09094242856e-12, 5.2520548674e-12, 1.32426986044e-11, 1.14932932962e-11, 3.22615892334e-12, 4.12605453276e-12, 1.71511221024e-12, 4.32810959381e-13, 1.39620126983e-13, 1.12278445547e-13, 2.58533564565e-13, 2.95510442288e-13, 3.79793717092e-13, 4.10775708966e-14, 1.34290424579e-14, 6.93854746743e-15, 3.39163617608e-15, 1.09055057855e-15, 3.52774907675e-15, 7.77813520684e-16, 1.24977620255e-16],
        "dvar2": [1.20246752999e-07, 5.85809857512e-06, 2.99265525427e-06, 7.01458475305e-06, 2.62450976152e-06, 1.32819394594e-07, 5.16866521139e-07, 2.04048376418e-07, 9.02418094029e-07, 1.53955099336e-07, 1.00842413531e-07, 4.24567502932e-07, 6.08337547003e-10, 1.26361199282e-09, 5.12983699963e-09, 3.903386947e-09, 3.33148869602e-10, 1.2378092995e-10, 8.04332225823e-11, 9.27219585833e-12, 1.25490763614e-11, 3.0242523763e-11, 2.9718068284e-11, 7.03025831994e-12, 9.07912720699e-12, 4.10257938732e-12, 1.08699334256e-12, 3.21644105664e-13, 2.96238673782e-13, 6.29191360471e-13, 7.07654583803e-13, 9.87031528558e-13, 9.41387674194e-14, 3.14521663109e-14, 1.86048432113e-14, 6.96921344825e-15, 2.72231349401e-15, 8.44081630356e-15, 1.63255097375e-15, 2.42259284439e-16],
        "max": [0.00249474169686, 0.0143143441528, 0.0178165510297, 0.0200211014599, 0.0151846325025, 0.00316300545819, 0.00855258200318, 0.00286723277532, 0.0095776617527, 0.00264541385695, 0.00229294388555, 0.00402125390247, 0.000230689009186, 0.000286166992737, 0.000572409364395, 0.00051975453971, 0.000221301044803, 0.000105175873614, 0.000103376172774, 4.55847330159e-05, 3.75708186766e-05, 5.99561753916e-05, 5.25137402292e-05, 3.28948044626e-05, 3.58367469744e-05, 2.26690262934e-05, 1.04809350887e-05, 6.44540341455e-06, 5.07082995682e-06, 8.66615209816e-06, 8.96521760296e-06, 1.11874605864e-05, 3.67565621673e-06, 2.07132279684e-06, 1.31298986616e-06, 1.1586233768e-06, 4.74889219504e-07, 9.26011580304e-07, 6.37614789412e-07, 2.65216868911e-07],
        "mean": [0.000385185616324, 0.00228060060181, 0.00189101276919, 0.00210236432031, 0.00124774489086, 0.000365611747839, 0.000626433640718, 0.000415807211539, 0.000717975315638, 0.000236680731177, 0.000142461343785, 0.000137416049256, 1.47376376844e-05, 2.61310215137e-05, 8.6062522314e-05, 6.45404943498e-05, 8.75374826137e-06, 5.98062297286e-06, 3.7027189137e-06, 1.72137526988e-06, 2.30467981055e-06, 3.34626292897e-06, 3.83351107303e-06, 1.86298643712e-06, 1.81238942787e-06, 9.33797082325e-07, 4.30336967838e-07, 3.71498543927e-07, 3.59323138355e-07, 5.37923938282e-07, 7.19333399957e-07, 5.98561882725e-07, 2.08261582202e-07, 1.60091119028e-07, 1.12559185084e-07, 7.75631150418e-08, 4.0513782551e-08, 6.3064746314e-08, 2.59390340318e-08, 1.03634336668e-08],
        "median": [0.000274178659311, 0.00164212076925, 0.0013097623596, 0.0013136935886, 0.000628067995422, 0.000258141575614, 0.000359190511517, 0.000252565834671, 0.00025982313673, 0.00013316233526, 6.20005157543e-05, 5.57620733161e-05, 6.91534160069e-06, 1.3184283489e-05, 5.44986178284e-05, 3.65041887562e-05, 2.46998979492e-06, 2.97498513646e-06, 1.69422014551e-06, 6.7231559342e-07, 9.70577161752e-07, 9.33648152568e-07, 1.72068098436e-06, 4.83518249439e-07, 4.069070485e-07, 2.08841669291e-07, 1.19161740031e-07, 6.74885285434e-08, 8.12532405803e-08, 7.98305919147e-08, 1.06141598621e-07, 1.23207499314e-07, 5.81863766058e-08, 4.39563621057e-08, 2.56266332599e-08, 1.71519669578e-08, 1.2964967766e-08, 1.60890305523e-08, 3.93125487719e-09, 2.33969910113e-09],
