{
"highlevel": {
    "danceability": {
        "all": {
            "danceable": 0.0547851584852,
            "not_danceable": 0.945214867592
        },
        "probability": 0.945214867592,
        "value": "not_danceable"
    },
    "gender": {
        "all": {
            "female": 0.638895869255,
            "male": 0.361104100943
        },
        "probability": 0.638895869255,
        "value": "female"
    },
    "genre_dortmund": {
        "all": {
            "alternative": 0.0110436333343,
            "blues": 0.00429214257747,
            "electronic": 0.0411576107144,
            "folkcountry": 0.00725032621995,
            "funksoulrnb": 0.00159302214161,
            "jazz": 0.92968338728,
            "pop": 0.00149312568828,
            "raphiphop": 0.000580368854571,
            "rock": 0.00290639791638
        },
        "probability": 0.92968338728,
        "value": "jazz"
    },
    "genre_electronic": {
        "all": {
            "ambient": 0.423084616661,
            "dnb": 0.0136879002675,
            "house": 0.510890722275,
            "techno": 0.0397665388882,
            "trance": 0.0125702032819
        },
        "probability": 0.510890722275,
        "value": "house"
    },
    "genre_rosamerica": {
        "all": {
            "cla": 0.218386769295,
            "dan": 0.00848662573844,
            "hip": 0.0219767075032,
            "jaz": 0.55363714695,
            "pop": 0.0142976874486,
            "rhy": 0.0852250233293,
            "roc": 0.0110774626955,
            "spe": 0.0869125947356
        },
        "probability": 0.55363714695,
        "value": "jaz"
    },
    "genre_tzanetakis": {
        "all": {
            "blu": 0.000849571137223,
            "cla": 0.000334839423886,
            "cou": 0.00039207158261,
            "dis": 0.0022716273088,
            "hip": 0.977293848991,
            "jaz": 0.0170144699514,
            "met": 0.000154229637701,
            "pop": 0.000835275859572,
            "reg": 0.000256104074651,
            "roc": 0.000597972539254
        },
        "probability": 0.977293848991,
        "value": "hip"
    },
    "ismir04_rhythm": {
        "all": {
            "ChaChaCha": 0.0481175333261,
            "Jive": 0.0133257359266,
            "Quickstep": 0.146375104785,
            "Rumba-American": 0.0619164444506,
            "Rumba-International": 0.290306568146,
            "Rumba-Misc": 0.0339345447719,
            "Samba": 0.060924526304,
            "Tango": 0.203439608216,
            "VienneseWaltz": 0.0539071932435,
            "Waltz": 0.0877527296543
        },
        "probability": 0.290306568146,
        "value": "Rumba-International"
    },
    "mood_acoustic": {
        "all": {
            "acoustic": 0.132202371955,
            "not_acoustic": 0.867797613144
        },
        "probability": 0.867797613144,
        "value": "not_acoustic"
    },
    "mood_aggressive": {
        "all": {
            "aggressive": 0.263087302446,
            "not_aggressive": 0.736912667751
        },
        "probability": 0.736912667751,
        "value": "not_aggressive"
    },
    "mood_electronic": {
        "all": {
            "electronic": 0.888566434383,
            "not_electronic": 0.111433558166
        },
        "probability": 0.888566434383,
        "value": "electronic"
    },
    "mood_happy": {
        "all": {
            "happy": 0.0693233087659,
            "not_happy": 0.930676698685
        },
        "probability": 0.930676698685,
        "value": "not_happy"
    },
    "mood_party": {
        "all": {
            "not_party": 0.991820335388,
            "party": 0.00817966647446
        },
        "probability": 0.991820335388,
        "value": "not_party"
    },
    "mood_relaxed": {
        "all": {
            "not_relaxed": 9.46470117924e-06,
            "relaxed": 0.999990522861
        },
        "probability": 0.999990522861,
        "value": "relaxed"
    },
    "mood_sad": {
        "all": {
            "not_sad": 0.283891290426,
            "sad": 0.716108679771
        },
        "probability": 0.716108679771,
        "value": "sad"
    },
    "moods_mirex": {
        "all": {
            "Cluster1": 0.177905842662,
            "Cluster2": 0.269685089588,
            "Cluster3": 0.451366007328,
            "Cluster4": 0.0535735860467,
            "Cluster5": 0.04746947065
        },
        "probability": 0.451366007328,
        "value": "Cluster3"
    },
    "timbre": {
        "all": {
            "bright": 0.553668141365,
            "dark": 0.446331858635
        },
        "probability": 0.553668141365,
        "value": "bright"
    },
    "tonal_atonal": {
        "all": {
            "atonal": 0.179582387209,
            "tonal": 0.820417582989
        },
        "probability": 0.820417582989,
        "value": "tonal"
    },
    "voice_instrumental": {
        "all": {
            "instrumental": 1,
            "voice": 5.06666548994e-11
        },
        "probability": 1,
        "value": "instrumental"
    }
},
"lowlevel": {
    "average_loudness": 0.975933551788,
    "barkbands_crest": {
        "dmean": 2.39960622787,
        "dmean2": 3.96218514442,
        "dvar": 5.30438756943,
        "dvar2": 13.1775093079,
        "max": 23.9131965637,
        "mean": 13.8597793579,
        "median": 13.0352582932,
        "min": 5.34033870697,
        "var": 19.1076622009
    },
    "barkbands_flatness_db": {
        "dmean": 0.0381803736091,
        "dmean2": 0.0615053474903,
        "dvar": 0.00171013898216,
        "dvar2": 0.0042681703344,
        "max": 0.541172325611,
        "mean": 0.332647114992,
        "median": 0.325958549976,
        "min": 0.160783201456,
        "var": 0.00414934614673
    },
    "barkbands_kurtosis": {
        "dmean": 16.3016777039,
        "dmean2": 26.1037445068,
        "dvar": 840.243835449,
        "dvar2": 2060.8215332,
        "max": 319.721435547,
        "mean": 27.7796154022,
        "median": 15.0471134186,
        "min": -0.594604253769,
        "var": 1515.80603027
    },
    "barkbands_skewness": {
        "dmean": 1.16472733021,
        "dmean2": 1.80134630203,
        "dvar": 1.77499508858,
        "dvar2": 4.0823969841,
        "max": 12.841837883,
        "mean": 2.89011216164,
        "median": 2.37308692932,
        "min": -0.577567458153,
        "var": 4.91034603119
    },
    "barkbands_spread": {
        "dmean": 2.40928149223,
        "dmean2": 4.22769498825,
        "dvar": 24.6548213959,
        "dvar2": 55.5933265686,
        "max": 46.0948143005,
        "mean": 4.6002073288,
        "median": 2.9196972847,
        "min": 0.233865007758,
        "var": 29.1854667664
    },
    "dissonance": {
        "dmean": 0.0337718650699,
        "dmean2": 0.052540961653,
        "dvar": 0.000904803397134,
        "dvar2": 0.00205947319046,
        "max": 0.49981045723,
        "mean": 0.406191527843,
        "median": 0.408494472504,
        "min": 0.221517324448,
        "var": 0.00286528351717
    },
    "dynamic_complexity": 1.80372643471,
    "erbbands_crest": {
        "dmean": 2.99626159668,
        "dmean2": 5.03040981293,
        "dvar": 9.29823493958,
        "dvar2": 23.6054573059,
        "max": 26.9718513489,
        "mean": 13.8899259567,
        "median": 12.5960140228,
        "min": 3.33410358429,
        "var": 25.351474762
    },
    "erbbands_flatness_db": {
        "dmean": 0.0263579990715,
        "dmean2": 0.0404618568718,
        "dvar": 0.000661167723592,
        "dvar2": 0.0014068413293,
        "max": 0.406845003366,
        "mean": 0.287605732679,
        "median": 0.288351684809,
        "min": 0.175385713577,
        "var": 0.0019824730698
    },
    "erbbands_kurtosis": {
        "dmean": 5.22233390808,
        "dmean2": 8.27566242218,
        "dvar": 37.6276893616,
        "dvar2": 78.3040008545,
        "max": 66.3685836792,
        "mean": 10.7666082382,
        "median": 9.43560791016,
        "min": -1.91451942921,
        "var": 116.744003296
    },
    "erbbands_skewness": {
        "dmean": 0.749875485897,
        "dmean2": 1.21072542667,
        "dvar": 0.734417259693,
        "dvar2": 1.54123663902,
        "max": 7.33885383606,
        "mean": 2.35332512856,
        "median": 2.29822230339,
        "min": -2.87630605698,
        "var": 2.05924487114
    },
    "erbbands_spread": {
        "dmean": 10.7292261124,
        "dmean2": 17.6683006287,
        "dvar": 217.038238525,
        "dvar2": 494.862701416,
        "max": 110.528427124,
        "mean": 21.1628437042,
        "median": 13.3676023483,
        "min": 2.46831345558,
        "var": 366.119140625
    },
    "hfc": {
        "dmean": 4.14924001694,
        "dmean2": 6.64073753357,
        "dvar": 51.0838012695,
        "dvar2": 108.284042358,
        "max": 61.8246536255,
        "mean": 10.5274410248,
        "median": 8.61157417297,
        "min": 0.382688552141,
        "var": 69.4624328613
    },
    "melbands_crest": {
        "dmean": 2.97234940529,
        "dmean2": 4.88993740082,
        "dvar": 10.2497739792,
        "dvar2": 24.3744182587,
        "max": 32.210483551,
        "mean": 17.6825027466,
        "median": 16.2762966156,
        "min": 6.32939147949,
        "var": 42.1310462952
    },
    "melbands_flatness_db": {
        "dmean": 0.0439769029617,
        "dmean2": 0.0701082274318,
        "dvar": 0.00250699184835,
        "dvar2": 0.00617427704856,
        "max": 0.655102372169,
        "mean": 0.415529936552,
        "median": 0.405035287142,
        "min": 0.184667423368,
        "var": 0.0061834086664
    },
    "melbands_kurtosis": {
        "dmean": 24.2747745514,
        "dmean2": 38.840473175,
        "dvar": 1862.19055176,
        "dvar2": 4420.53417969,
        "max": 415.039337158,
        "mean": 41.9656295776,
        "median": 19.107793808,
        "min": -0.267867088318,
        "var": 4074.67626953
    },
    "melbands_skewness": {
        "dmean": 1.26707434654,
        "dmean2": 1.95356810093,
        "dvar": 2.2670788765,
        "dvar2": 4.68155097961,
        "max": 15.9598827362,
        "mean": 3.19175243378,
        "median": 2.29529547691,
        "min": -0.215149238706,
        "var": 7.61393404007
    },
    "melbands_spread": {
        "dmean": 1.85877144337,
        "dmean2": 3.21468257904,
        "dvar": 13.2658672333,
        "dvar2": 32.6334342957,
        "max": 32.2491455078,
        "mean": 4.65614700317,
        "median": 3.34564590454,
        "min": 0.248159587383,
        "var": 20.9210224152
    },
    "pitch_salience": {
        "dmean": 0.0770200639963,
        "dmean2": 0.125146821141,
        "dvar": 0.00698347343132,
        "dvar2": 0.0177994463593,
        "max": 0.866706252098,
        "mean": 0.517108678818,
        "median": 0.522051811218,
        "min": 0.0570495650172,
        "var": 0.0284208897501
    },
    "silence_rate_20dB": {
        "dmean": 0,
        "dmean2": 0,
        "dvar": 0,
        "dvar2": 0,
        "max": 1,
        "mean": 1,
        "median": 1,
        "min": 1,
        "var": 0
    },
    "silence_rate_30dB": {
        "dmean": 0.0603715181351,
        "dmean2": 0.120836563408,
        "dvar": 0.0567264743149,
        "dvar2": 0.117080107331,
        "max": 1,
        "mean": 0.928074240685,
        "median": 1,
        "min": 0,
        "var": 0.0667519718409
    },
    "silence_rate_60dB": {
        "dmean": 0.0061919502914,
        "dmean2": 0.0123934932053,
        "dvar": 0.00615360355005,
        "dvar2": 0.0153383919969,
        "max": 1,
        "mean": 0.00618716143072,
        "median": 0,
        "min": 0,
        "var": 0.00614892551675
    },
    "spectral_centroid": {
        "dmean": 163.827285767,
        "dmean2": 287.060821533,
        "dvar": 112574.289062,
        "dvar2": 244502.859375,
        "max": 2944.17553711,
        "mean": 467.539154053,
        "median": 373.171051025,
        "min": 117.678894043,
        "var": 130845.132812
    },
    "spectral_complexity": {
        "dmean": 2.27244591713,
        "dmean2": 3.72889232635,
        "dvar": 21.5217494965,
        "dvar2": 49.6692199707,
        "max": 44,
        "mean": 7.69296216965,
        "median": 6,
        "min": 2,
        "var": 24.6488647461
    },
    "spectral_decrease": {
        "dmean": 5.23697751831e-09,
        "dmean2": 8.81691875065e-09,
        "dvar": 1.10060092887e-16,
        "dvar2": 2.85446000409e-16,
        "max": -3.82872678006e-10,
        "mean": -1.12560769594e-08,
        "median": -7.92676857486e-09,
        "min": -1.14494724812e-07,
        "var": 1.28196557213e-16
    },
    "spectral_energy": {
        "dmean": 0.0200864803046,
        "dmean2": 0.0337517634034,
        "dvar": 0.00160319090355,
        "dvar2": 0.00414613215253,
        "max": 0.436678290367,
        "mean": 0.0434378422797,
        "median": 0.0307693500072,
        "min": 0.00147975818254,
        "var": 0.00187435001135
    },
    "spectral_energyband_high": {
        "dmean": 0.000100811615994,
        "dmean2": 0.000176685120095,
        "dvar": 9.85480710369e-08,
        "dvar2": 2.76101133068e-07,
        "max": 0.0028759597335,
        "mean": 9.12303148652e-05,
        "median": 2.41124889726e-05,
        "min": 6.58728424696e-07,
        "var": 7.01852513885e-08
    },
    "spectral_energyband_low": {
        "dmean": 0.015077739954,
        "dmean2": 0.0258721373975,
        "dvar": 0.00128168112133,
        "dvar2": 0.00342366867699,
        "max": 0.425505042076,
        "mean": 0.0227450765669,
        "median": 0.00710699008778,
        "min": 7.04787307768e-05,
        "var": 0.00156510085799
    },
    "spectral_energyband_middle_high": {
        "dmean": 0.000541126413736,
        "dmean2": 0.000884715293068,
        "dvar": 1.71214139755e-06,
        "dvar2": 4.20999867856e-06,
        "max": 0.0109173860401,
        "mean": 0.000735387846362,
        "median": 0.000174816974322,
        "min": 5.45901184523e-06,
        "var": 2.25234703066e-06
    },
    "spectral_energyband_middle_low": {
        "dmean": 0.0100325429812,
        "dmean2": 0.0170863755047,
        "dvar": 0.000493366795126,
        "dvar2": 0.00129690440372,
        "max": 0.209330633283,
        "mean": 0.0220622178167,
        "median": 0.0189187508076,
        "min": 0.00065417465521,
        "var": 0.000484874326503
    },
    "spectral_entropy": {
        "dmean": 0.376541644335,
        "dmean2": 0.587833344936,
        "dvar": 0.150520697236,
        "dvar2": 0.361095935106,
        "max": 7.72654867172,
        "mean": 6.18800735474,
        "median": 6.16897106171,
        "min": 4.77803087234,
        "var": 0.327966660261
    },
    "spectral_flux": {
        "dmean": 0.0427379086614,
        "dmean2": 0.064779303968,
        "dvar": 0.00321448780596,
        "dvar2": 0.00559788756073,
        "max": 0.452768296003,
        "mean": 0.0851405486465,
        "median": 0.0553835071623,
        "min": 0.00955196656287,
        "var": 0.00628344435245
    },
    "spectral_kurtosis": {
        "dmean": 7.94966554642,
        "dmean2": 13.1274194717,
        "dvar": 81.512550354,
        "dvar2": 189.095596313,
        "max": 90.7445755005,
        "mean": 12.1735506058,
        "median": 7.68581485748,
        "min": -1.08909630775,
        "var": 161.883010864
    },
    "spectral_rms": {
        "dmean": 0.00120618252549,
        "dmean2": 0.0019515203312,
        "dvar": 3.31387559527e-06,
        "dvar2": 7.910360182e-06,
        "max": 0.0206404365599,
        "mean": 0.00602324493229,
        "median": 0.00547894882038,
        "min": 0.00120152672753,
        "var": 6.09891094427e-06
    },
    "spectral_rolloff": {
        "dmean": 93.5158691406,
        "dmean2": 175.667770386,
        "dvar": 102027.5625,
        "dvar2": 272638.3125,
        "max": 3703.7109375,
        "mean": 384.150238037,
        "median": 366.064453125,
        "min": 107.666015625,
        "var": 87769.640625
    },
    "spectral_skewness": {
        "dmean": 0.801189005375,
        "dmean2": 1.27670145035,
        "dvar": 0.572984457016,
        "dvar2": 1.30193543434,
        "max": 7.59405946732,
        "mean": 2.24671339989,
        "median": 2.0369374752,
        "min": -0.302939802408,
        "var": 1.47757124901
    },
    "spectral_spread": {
        "dmean": 440777.65625,
        "dmean2": 702405.5,
        "dvar": 256641875968,
        "dvar2": 476097347584,
        "max": 14028187,
        "mean": 2686273.75,
        "median": 2708665,
        "min": 745018.1875,
        "var": 606991548416
    },
    "spectral_strongpeak": {
        "dmean": 0.329066812992,
        "dmean2": 0.562528610229,
        "dvar": 0.130081117153,
        "dvar2": 0.332241952419,
        "max": 3.79839229584,
        "mean": 0.996842384338,
        "median": 0.893969774246,
        "min": 0.0500275231898,
        "var": 0.269526064396
    },
    "zerocrossingrate": {
        "dmean": 0.00365568464622,
        "dmean2": 0.00473681977019,
        "dvar": 1.762057218e-05,
        "dvar2": 2.5321254725e-05,
        "max": 0.05810546875,
        "mean": 0.0174553934485,
        "median": 0.01611328125,
        "min": 0.00439453125,
        "var": 7.15166170266e-05
    },
    "barkbands": {
        "dmean": [2.63963029283e-05, 0.00482518458739, 0.00932725705206, 0.00503526069224, 0.00398274557665, 0.00233091856353, 0.000957359850872, 0.000326735171257, 0.000130320971948, 9.43167324294e-05, 2.5591441954e-05, 3.59096338798e-05, 7.45166980778e-05, 2.89626404992e-05, 2.49446711678e-05, 4.4993674237e-05, 6.16638935753e-05, 4.42526907136e-05, 0.000138809453347, 0.000115934184578, 4.64221702714e-05, 8.65925994731e-06, 1.1702586562e-06, 2.93877235436e-07, 5.85711106282e-08, 3.13859125356e-08, 1.71418579331e-09],
        "dmean2": [4.54912842542e-05, 0.00830509606749, 0.0161601863801, 0.00885323621333, 0.00697261374444, 0.0038012934383, 0.00152354897, 0.000512650061864, 0.000218547676923, 0.000149325744133, 3.99513919547e-05, 6.0275218857e-05, 0.000138544870424, 4.98272602272e-05, 3.96567338612e-05, 7.40715986467e-05, 0.000103529055195, 7.46834994061e-05, 0.000235468658502, 0.000199737216462, 8.21172143333e-05, 1.43481593113e-05, 1.91728054233e-06, 4.84280462842e-07, 1.00507307366e-07, 5.45314087219e-08, 3.082285982e-09],
        "dvar": [3.12904968602e-09, 0.000184457676369, 0.000564958667383, 0.000232830483583, 9.26968277781e-05, 1.39495095937e-05, 5.18774550073e-06, 7.13263830221e-07, 1.40094542189e-07, 8.12400955397e-08, 2.18487050674e-09, 1.09426903094e-08, 1.09242861868e-07, 1.00206971609e-08, 7.54879891929e-09, 1.85849646783e-08, 2.47390730124e-08, 9.87238202299e-09, 1.29680799432e-07, 1.06399248523e-07, 2.08304946625e-08, 2.98612329308e-10, 7.03175885575e-12, 6.13750857862e-13, 6.2543157773e-14, 2.6721038373e-14, 8.95307207803e-18],
        "dvar2": [8.16229750455e-09, 0.000486399512738, 0.00155923538841, 0.000641194405034, 0.000264482834609, 3.58775432687e-05, 1.12761872515e-05, 1.44696753068e-06, 3.4230558299e-07, 1.57710729809e-07, 5.1925326261e-09, 2.74543854317e-08, 3.12395684432e-07, 2.25698197909e-08, 1.56965729303e-08, 3.64664103358e-08, 6.5253281889e-08, 2.52784513322e-08, 3.38785184795e-07, 2.87741642069e-07, 5.84104355994e-08, 7.32287119831e-10, 1.6077193396e-11, 1.41237846071e-12, 1.68848564145e-13, 7.38067918414e-14, 2.42391067546e-17],
        "max": [0.000765538075939, 0.13488048315, 0.312673777342, 0.140299022198, 0.0938621982932, 0.0384378619492, 0.0408291630447, 0.0165677703917, 0.00588161870837, 0.00603278307244, 0.000495096668601, 0.000952526985202, 0.00288587715477, 0.00151986116543, 0.0020738618914, 0.00234428746626, 0.00107389048208, 0.000692795438226, 0.00256114173681, 0.00245200027712, 0.00132292532362, 0.000151640197146, 2.5170884328e-05, 8.17415912024e-06, 2.93439234156e-06, 2.97921587844e-06, 5.02825017179e-08],
        "mean": [2.60301294475e-05, 0.00509154051542, 0.0154445162043, 0.00399129046127, 0.00763974059373, 0.00686289835721, 0.00224530976266, 0.0010524163954, 0.000253552745562, 0.000184723030543, 3.80492092518e-05, 5.08401062689e-05, 5.21391993971e-05, 3.24378961523e-05, 3.86820611311e-05, 7.93432991486e-05, 5.15563879162e-05, 4.12279550801e-05, 0.000113549853268, 9.42207989283e-05, 4.37839262304e-05, 8.31287161418e-06, 1.34303809318e-06, 3.22381396245e-07, 6.19084588038e-08, 3.18153468015e-08, 1.43542633335e-09],
        "median": [9.09404843696e-06, 0.00133332540281, 0.00489075807855, 0.000714494206477, 0.00544010661542, 0.00556655647233, 0.000911271839868, 0.000289275019895, 7.95652813395e-05, 2.18013010453e-05, 8.72430609888e-06, 6.37600578557e-06, 3.52899360223e-06, 2.76368018604e-06, 3.34190713147e-06, 4.39641780758e-06, 4.64128470412e-06, 8.61438275024e-06, 1.91043727682e-05, 1.68450605997e-05, 1.095947664e-05, 2.68293752015e-06, 5.77764126319e-07, 1.12252457996e-07, 2.57636649792e-08, 1.4872050258e-08, 5.65581859124e-10],
        "min": [4.31467164219e-08, 3.39582002198e-05, 1.35004520416e-05, 1.72844181634e-06, 8.18976259325e-05, 8.17362888483e-06, 3.3671062738e-06, 1.42061435326e-06, 2.51446323318e-07, 2.59636095734e-07, 1.6387781443e-07, 1.76843300892e-07, 1.39112572128e-07, 4.50780639483e-08, 1.25335404277e-07, 9.12498521188e-08, 1.37909665909e-07, 2.475195231e-07, 4.00511964926e-07, 3.93174076407e-07, 1.93299314333e-07, 3.95092492056e-08, 1.1777304465e-08, 3.81426445983e-09, 3.52255585812e-10, 3.75531515606e-11, 4.14621392775e-11],
        "var": [2.88116974723e-09, 0.00016901602794, 0.000727072358131, 0.000160456838785, 8.86374691618e-05, 5.14284147357e-05, 1.684844392e-05, 4.06674462283e-06, 2.61334236029e-07, 2.92581319172e-07, 3.91541954414e-09, 1.56042307964e-08, 6.41071267182e-08, 1.82483326228e-08, 1.76655525763e-08, 6.57105871937e-08, 2.03150118949e-08, 8.12304179476e-09, 9.85810544307e-08, 7.8566074535e-08, 1.53958890081e-08, 2.9228994225e-10, 7.15038575225e-12, 5.74701961367e-13, 4.23466498683e-14, 1.6917980485e-14, 7.4833648626e-18]
    },
    "erbbands": {
        "dmean": [0.042860519141, 1.46984744072, 9.32207012177, 13.9891109467, 14.7873697281, 13.6205453873, 17.4037189484, 19.3785686493, 17.8791866302, 6.75859117508, 5.70244216919, 3.1051428318, 2.47824621201, 2.67999529839, 1.12082338333, 1.39340543747, 3.62153863907, 1.72283482552, 1.71153914928, 1.33861339092, 2.35059857368, 3.52705764771, 2.74481892586, 3.55335950851, 8.13139343262, 4.49637985229, 2.33798575401, 1.71008563042, 0.412576258183, 0.0978709682822, 0.0313805676997, 0.0107227005064, 0.00276236608624, 0.000865908863489, 0.000357634911779, 0.000165503661265, 6.10430288361e-05, 6.01825558988e-06, 9.11355891731e-06, 2.19367084355e-05],
        "dmean2": [0.0732769444585, 2.53064632416, 16.0336742401, 24.662771225, 26.6752147675, 24.1125469208, 27.5139884949, 32.6634750366, 29.166765213, 11.1609115601, 8.87534236908, 5.04324674606, 4.24284267426, 4.22119903564, 1.85665655136, 2.43653440475, 6.72967576981, 3.07401823997, 2.57224655151, 2.20853447914, 3.8056435585, 5.84346294403, 4.52435827255, 5.97350597382, 13.3412237167, 7.47956562042, 4.09620285034, 3.05153059959, 0.6988748312, 0.158950313926, 0.0532301664352, 0.0177701376379, 0.00455921469256, 0.00146166025661, 0.000617983750999, 0.000284944020677, 0.000105510946014, 1.01869636637e-05, 1.51151416503e-05, 3.67315369658e-05],
        "dvar": [0.0139853488654, 16.3187923431, 595.81652832, 1428.35876465, 1467.97705078, 1210.42626953, 899.854370117, 1248.84960938, 1539.80578613, 177.584091187, 178.897583008, 98.9457626343, 53.2659950256, 54.0589866638, 7.04293489456, 21.4911975861, 257.626922607, 44.7120628357, 58.9126853943, 13.7363796234, 43.799030304, 75.0690155029, 39.906124115, 82.7148284912, 498.147491455, 139.637039185, 45.9305381775, 38.7970962524, 0.952116966248, 0.0500496327877, 0.00633348850533, 0.000742096803151, 8.39648710098e-05, 1.33416515382e-05, 2.53454595622e-06, 7.27199278572e-07, 8.88143958377e-08, 8.06781197404e-10, 3.17070175671e-10, 1.88236071175e-09],
        "dvar2": [0.0370472334325, 42.7936935425, 1628.25537109, 3900.5378418, 4135.86083984, 3480.37573242, 1846.73876953, 3971.42138672, 3395.27148438, 409.358062744, 381.194702148, 224.256484985, 142.593841553, 105.357246399, 16.0866012573, 58.2931289673, 735.921691895, 126.407264709, 97.9572525024, 31.3926639557, 86.8792266846, 196.302429199, 100.075271606, 222.901245117, 1091.52453613, 365.707092285, 127.066215515, 110.782958984, 2.48498439789, 0.124485351145, 0.0156102757901, 0.00163111323491, 0.000215596650378, 3.5944620322e-05, 6.90846854923e-06, 2.01031048164e-06, 2.43411250267e-07, 2.18787166162e-09, 8.00886801322e-10, 4.83861795075e-09],
        "max": [1.09677147865, 39.8570251465, 316.0390625, 314.985565186, 328.374786377, 388.292999268, 373.61895752, 305.97756958, 714.680786133, 177.74848938, 235.628173828, 182.99760437, 77.0450439453, 145.492080688, 37.4369544983, 42.356426239, 136.820159912, 61.5143165588, 167.1302948, 69.256149292, 120.713005066, 64.183265686, 49.3325576782, 75.8032073975, 181.508926392, 108.53691864, 64.9025344849, 55.5999298096, 8.70554351807, 2.05183196068, 0.86265617609, 0.201300144196, 0.143177181482, 0.0535866878927, 0.0188795886934, 0.0168308131397, 0.00448223156855, 0.000485457014292, 0.000193697298528, 0.000473112624604],
        "mean": [0.0513097010553, 1.74685406685, 15.550696373, 15.7330036163, 17.573551178, 25.2905502319, 58.9171981812, 45.6808204651, 42.2546234131, 18.7444496155, 16.9407997131, 6.92944669724, 3.85740756989, 6.52520275116, 2.14708399773, 1.44230544567, 2.5315387249, 1.40539765358, 2.9343650341, 1.88959765434, 4.27794361115, 3.23045516014, 2.4756064415, 3.37381696701, 7.25638341904, 3.9763777256, 2.31216788292, 1.37888085842, 0.379900664091, 0.102541126311, 0.0346581488848, 0.0118250474334, 0.00312951067463, 0.000946296087932, 0.000382665166399, 0.000178955902811, 7.00276796124e-05, 7.48103138903e-06, 2.021178625e-05, 4.7816283768e-05],
        "median": [0.017198080197, 0.527572214603, 4.50840520859, 5.32363271713, 7.18669223785, 17.5979804993, 50.0646095276, 33.8342170715, 21.4387435913, 10.3913784027, 7.17206573486, 2.57965779305, 1.23232483864, 0.721262037754, 0.508968234062, 0.209951743484, 0.19578614831, 0.153187200427, 0.165364608169, 0.182220160961, 0.265500128269, 0.343335837126, 0.436256319284, 0.694605827332, 1.03404331207, 0.82673150301, 0.646077930927, 0.252782672644, 0.10906663537, 0.0398482270539, 0.014467433095, 0.00421725725755, 0.00116244307719, 0.000397847674321, 0.000167489066371, 8.50915530464e-05, 3.80568344553e-05, 4.36549908045e-06, 1.44979521792e-05, 3.39306607202e-05],
        "min": [0.000447826343589, 0.00651942333207, 0.0206315834075, 0.162505954504, 0.341294020414, 0.277756750584, 0.178945735097, 0.234318196774, 0.230630561709, 0.0862211436033, 0.0617394298315, 0.0131255015731, 0.0139339901507, 0.00781905371696, 0.00911902170628, 0.0079338606447, 0.00812778063118, 0.00509168766439, 0.00629225932062, 0.00792614463717, 0.00505825597793, 0.0102824596688, 0.0164766311646, 0.0194722581655, 0.0185275319964, 0.0199976190925, 0.0122453002259, 0.00488526467234, 0.00196445127949, 0.000809252960607, 0.000316138204653, 0.000100275181467, 6.61533922539e-05, 4.77774228784e-05, 2.57290685113e-05, 1.22240107885e-05, 3.68192809219e-06, 5.62718525998e-07, 7.04616809344e-07, 1.62925152836e-06],
        "var": [0.0130955344066, 16.3604736328, 790.506286621, 1101.84265137, 1117.13671875, 1120.07861328, 3976.80517578, 2991.48803711, 4899.14013672, 630.656982422, 771.509094238, 214.926116943, 71.699256897, 245.494277954, 18.9835567474, 16.2160129547, 151.064712524, 29.8776168823, 189.105636597, 31.0202827454, 164.66053772, 65.2526473999, 33.8646621704, 68.1110153198, 478.526184082, 114.518318176, 36.1087875366, 24.9852848053, 0.824763774872, 0.0456542819738, 0.00559379672632, 0.000743922020774, 6.57488926663e-05, 9.17909073905e-06, 1.66458823969e-06, 4.61294007437e-07, 5.73917908753e-08, 5.37745514784e-10, 3.8394137869e-10, 2.22030371866e-09]
    },
    "gfcc": {
        "mean": [-117.122634888, 187.431503296, -92.2556228638, 58.2466583252, -55.2044830322, -44.3970985413, -13.0490016937, -15.6579523087, -13.8540668488, -10.1136598587, -5.33791303635, -11.2280025482, -2.08169388771],
        "cov": [[2198.10498047, -354.667633057, -825.416809082, 195.417526245, -107.237228394, 36.2483177185, -91.3879318237, -71.9199829102, -46.2981071472, 18.209941864, 6.72552108765, -18.7743930817, -87.2460861206], [-354.667633057, 511.977355957, 187.313095093, -450.570678711, 42.7163085938, -36.075920105, 54.1535339355, 38.1560173035, 28.8076210022, 0.0477188378572, 3.94170403481, 36.6109848022, 83.3037490845], [-825.416809082, 187.313095093, 916.421264648, 174.384597778, -96.1131134033, -15.4564781189, 193.431808472, -71.7089691162, -25.9143066406, -34.2210655212, 35.7782516479, -62.3400382996, -15.1122732162], [195.417526245, -450.570678711, 174.384597778, 739.21685791, 55.8077850342, 75.9860153198, 68.0549316406, -94.4637527466, -23.6194934845, -39.6546821594, 4.53446626663, -101.208847046, -111.6067276], [-107.237228394, 42.7163085938, -96.1131134033, 55.8077850342, 574.870178223, 191.281906128, 35.5740432739, 91.1774673462, 43.7003936768, -16.1953849792, -81.983001709, -31.7224597931, -5.40345907211], [36.2483177185, -36.075920105, -15.4564781189, 75.9860153198, 191.281906128, 159.998214722, 80.3817138672, 29.5294475555, 6.20080947876, -2.81358647346, -5.60069656372, -13.9567499161, -38.0604515076], [-91.3879318237, 54.1535339355, 193.431808472, 68.0549316406, 35.5740432739, 80.3817138672, 158.360351562, 7.86856460571, -2.59622192383, -18.3684768677, 18.7850208282, -20.1355171204, -26.7968940735], [-71.9199829102, 38.1560173035, -71.7089691162, -94.4637527466, 91.1774673462, 29.5294475555, 7.86856460571, 115.537353516, 47.5540161133, 16.5951423645, -3.73687911034, 27.2274627686, 19.6113929749], [-46.2981071472, 28.8076210022, -25.9143066406, -23.6194934845, 43.7003936768, 6.20080947876, -2.59622192383, 47.5540161133, 78.5333709717, 22.3532676697, 6.99021625519, 8.47759914398, 13.785987854], [18.209941864, 0.0477188378572, -34.2210655212, -39.6546821594, -16.1953849792, -2.81358647346, -18.3684768677, 16.5951423645, 22.3532676697, 57.1899795532, 18.6448669434, 11.2151966095, 5.3915719986], [6.72552108765, 3.94170403481, 35.7782516479, 4.53446626663, -81.983001709, -5.60069656372, 18.7850208282, -3.73687911034, 6.99021625519, 18.6448669434, 57.3831977844, 11.6356554031, -10.3154859543], [-18.7743930817, 36.6109848022, -62.3400382996, -101.208847046, -31.7224597931, -13.9567499161, -20.1355171204, 27.2274627686, 8.47759914398, 11.2151966095, 11.6356554031, 48.8661193848, 24.3570251465], [-87.2460861206, 83.3037490845, -15.1122732162, -111.6067276, -5.40345907211, -38.0604515076, -26.7968940735, 19.6113929749, 13.785987854, 5.3915719986, -10.3154859543, 24.3570251465, 67.8128814697]],
        "icov": [[0.00107256742194, -0.00112561578862, 0.00162315613125, -0.001139772241, 0.000887960894033, -0.000529991113581, -0.000349400215782, 0.000116996568977, 0.000680721888784, -0.000706509919837, 0.000435130263213, 0.000860159227159, 0.000524976057932], [-0.00112561578862, 0.0155959846452, -0.00473541580141, 0.0118194324896, -0.00679164845496, 0.00735839875415, -0.00715128146112, 0.00675022928044, -0.00559017853811, 0.00449668616056, -0.00678302580491, 0.000827710318845, -0.00394911784679], [0.00162315613125, -0.00473541580141, 0.0050696390681, -0.00416554743424, 0.00230120145716, -0.000281596760033, -0.00215902598575, -0.000495600514114, 0.00220870226622, -0.00206586602144, 0.00127420236822, 0.00231325533241, 0.000573233584873], [-0.001139772241, 0.0118194324896, -0.00416554743424, 0.0113820238039, -0.00531727261841, 0.00485776504502, -0.00465124892071, 0.00602930551395, -0.00518636405468, 0.0046206060797, -0.00587647268549, 0.0032874874305, -0.000848134222906], [0.000887960894033, -0.00679164845496, 0.00230120145716, -0.00531727261841, 0.00846077315509, -0.0103691797704, 0.00525289773941, -0.00520970439538, 0.000925717642531, -0.001036060974, 0.00782042648643, 0.00338982371613, -0.000449824408861], [-0.000529991113581, 0.00735839875415, -0.000281596760033, 0.00485776504502, -0.0103691797704, 0.0254392866045, -0.0146144377068, 0.00415758229792, -0.000361542537576, -0.00197364157066, -0.00515339244157, -0.00503735430539, 0.00594114372507], [-0.000349400215782, -0.00715128146112, -0.00215902598575, -0.00465124892071, 0.00525289773941, -0.0146144377068, 0.0209717396647, -0.00721845310181, 0.0020733254496, 0.00403465749696, -0.0011459820671, 0.00339684472419, 0.000653342285659], [0.000116996568977, 0.00675022928044, -0.000495600514114, 0.00602930551395, -0.00520970439538, 0.00415758229792, -0.00721845310181, 0.020490149036, -0.00980745907873, 0.000137950439239, -0.00149659486488, -0.00731468759477, -0.000806428899523], [0.000680721888784, -0.00559017853811, 0.00220870226622, -0.00518636405468, 0.000925717642531, -0.000361542537576, 0.0020733254496, -0.00980745907873, 0.0221202485263, -0.00705671636388, -0.00195760582574, 0.00254917284474, -0.00192337890621], [-0.000706509919837, 0.00449668616056, -0.00206586602144, 0.0046206060797, -0.001036060974, -0.00197364157066, 0.00403465749696, 0.000137950439239, -0.00705671636388, 0.026591129601, -0.0109491636977, 0.00244190380909, -0.00214668666013], [0.000435130263213, -0.00678302580491, 0.00127420236822, -0.00587647268549, 0.00782042648643, -0.00515339244157, -0.0011459820671, -0.00149659486488, -0.00195760582574, -0.0109491636977, 0.035891469568, -0.010949505493, 0.00787655077875], [0.000860159227159, 0.000827710318845, 0.00231325533241, 0.0032874874305, 0.00338982371613, -0.00503735430539, 0.00339684472419, -0.00731468759477, 0.00254917284474, 0.00244190380909, -0.010949505493, 0.0432585030794, -0.010999077931], [0.000524976057932, -0.00394911784679, 0.000573233584873, -0.000848134222906, -0.000449824408861, 0.00594114372507, 0.000653342285659, -0.000806428899523, -0.00192337890621, -0.00214668666013, 0.00787655077875, -0.010999077931, 0.0285055506974]]
    },
    "melbands": {
        "dmean": [0.000839627580717, 0.00381631893106, 0.00242780987173, 0.000974731112365, 0.000598672369961, 0.000432302709669, 0.000248410011409, 7.44284188841e-05, 4.04019338021e-05, 1.99036967388e-05, 1.29578847918e-05, 1.17816007332e-05, 3.38947711498e-06, 3.53714108314e-06, 5.4378351706e-06, 7.87116368883e-06, 2.50172229244e-06, 3.03604065266e-06, 1.50046480485e-06, 2.90430602945e-06, 2.69948122877e-06, 3.42045268553e-06, 3.68714108845e-06, 1.92859147319e-06, 2.70616146736e-06, 5.8488662944e-06, 5.49928427063e-06, 2.54252813647e-06, 1.80684526185e-06, 8.74632746672e-07, 1.02927413081e-06, 2.41066118178e-07, 8.84512019184e-08, 3.5913799934e-08, 2.03375112307e-08, 1.05768984682e-08, 5.34590904877e-09, 2.06891681565e-09, 1.0620211377e-09, 6.27355667415e-10],
        "dmean2": [0.00145487824921, 0.00655523315072, 0.00426015164703, 0.00172241684049, 0.000969234970398, 0.000722814933397, 0.000406234787079, 0.000120528500702, 6.3409221184e-05, 3.27207708324e-05, 2.20492529479e-05, 1.84155469469e-05, 5.47543822904e-06, 5.99572831561e-06, 9.65809795161e-06, 1.47809723785e-05, 4.47494812761e-06, 4.4514313231e-06, 2.35066067944e-06, 4.61073568658e-06, 4.39030463895e-06, 5.74019622945e-06, 5.96622749072e-06, 3.30339685206e-06, 4.57460919279e-06, 9.86147733784e-06, 8.71948668646e-06, 4.45199748356e-06, 3.25179826177e-06, 1.47345713231e-06, 1.86932345514e-06, 4.04314477009e-07, 1.49211246026e-07, 5.82682133654e-08, 3.50229427681e-08, 1.74085421634e-08, 8.83224426929e-09, 3.44178863187e-09, 1.8147120473e-09, 1.07410746963e-09],
        "dvar": [5.66560265725e-06, 9.6776355349e-05, 4.06514336646e-05, 5.59328782401e-06, 1.08811207156e-06, 5.33688762516e-07, 2.90010888193e-07, 2.54015475321e-08, 8.23628365509e-09, 4.04871158821e-09, 1.54081958303e-09, 1.18880838507e-09, 4.81068657132e-11, 8.76668806993e-11, 4.75495698371e-10, 1.33158617466e-09, 8.25342016952e-11, 2.33330937904e-10, 1.17578204117e-11, 8.97978635894e-11, 5.28375537767e-11, 7.66448710054e-11, 1.00783457968e-10, 1.7633648014e-11, 5.60229085345e-11, 2.25611238025e-10, 2.89344520565e-10, 6.20809029184e-11, 3.47363734998e-11, 4.2185794788e-12, 1.62221382161e-11, 2.32512061904e-13, 4.25723977013e-14, 6.23900328509e-15, 2.85438816511e-15, 8.4941019816e-16, 1.85068585988e-16, 4.74957810218e-17, 2.11753025576e-17, 7.30164899846e-18],
        "dvar2": [1.50424730236e-05, 0.000259327876847, 0.000110886801849, 1.58969924087e-05, 2.63387664745e-06, 1.63657421126e-06, 6.37477285181e-07, 5.54494761218e-08, 1.7713688294e-08, 9.37986843752e-09, 3.95298638267e-09, 2.20253637551e-09, 1.12782914952e-10, 2.11429665442e-10, 1.32701583055e-09, 3.82429288237e-09, 2.32428354341e-10, 3.7016403831e-10, 2.75668463751e-11, 1.63909136264e-10, 1.08424637324e-10, 2.02528105397e-10, 2.5064300635e-10, 4.74471087419e-11, 1.51819695704e-10, 5.81351522477e-10, 6.24683749173e-10, 1.72986514002e-10, 9.94719098757e-11, 1.06762255286e-11, 4.65759444901e-11, 5.71821669876e-13, 1.13255237166e-13, 1.39564136411e-14, 7.24932639688e-15, 2.17919914461e-15, 4.31301156399e-16, 1.23180613387e-16, 5.86350815326e-17, 1.96851581908e-17],
        "max": [0.0219486020505, 0.124522283673, 0.0540507137775, 0.0238069780171, 0.0114173870534, 0.00606098258868, 0.00978440605104, 0.00264652376063, 0.00154758745339, 0.00111122603994, 0.000492336752359, 0.000730815925635, 8.52467346704e-05, 9.8195647297e-05, 0.000205824282602, 0.00030521347071, 9.02532410691e-05, 0.00031943526119, 5.87157373957e-05, 0.000158950511832, 0.000111318200652, 7.02035395079e-05, 9.4824754342e-05, 3.39038888342e-05, 6.44612664473e-05, 0.000121985038277, 0.00016198985395, 7.91687925812e-05, 5.71965319978e-05, 1.97719600692e-05, 3.57921380782e-05, 4.62396519652e-06, 2.06368713407e-06, 7.09979815383e-07, 6.15192163878e-07, 2.55610189015e-07, 1.22226694543e-07, 1.06741858019e-07, 7.92040779629e-08, 3.79908797754e-08],
        "mean": [0.000899728911463, 0.00613541062921, 0.00288329157047, 0.00150482042227, 0.0018116486026, 0.00109126803, 0.000585352012422, 0.000217337830691, 0.000118441712402, 4.04381025874e-05, 1.88497360796e-05, 2.80425501842e-05, 6.16005127085e-06, 5.41097551832e-06, 4.278630513e-06, 5.22992286278e-06, 1.89227887404e-06, 5.23102289662e-06, 2.01413308787e-06, 4.01656325266e-06, 5.04578338223e-06, 2.98420991385e-06, 3.1363774724e-06, 1.76372202532e-06, 2.63755191554e-06, 4.68585812996e-06, 5.06053038407e-06, 2.14987812797e-06, 1.67023074482e-06, 9.00175109564e-07, 7.5254922649e-07, 2.22307519948e-07, 8.89337172794e-08, 3.99177935151e-08, 2.15710045381e-08, 1.04247810384e-08, 5.58130608397e-09, 2.25887353267e-09, 1.10419073884e-09, 6.34849395276e-10],
        "median": [0.000241357687628, 0.00177702482324, 0.00112417107448, 0.00093660823768, 0.00154338101856, 0.000900954124518, 0.000327022600686, 0.000122659956105, 5.19514032931e-05, 1.05635717773e-05, 4.76447712572e-06, 2.66187726083e-06, 1.47615583046e-06, 6.80610980908e-07, 3.35467547075e-07, 3.60456454018e-07, 2.44165988761e-07, 2.66748116928e-07, 2.46486990818e-07, 2.48514595569e-07, 2.71457452072e-07, 3.11730303793e-07, 3.71590800796e-07, 4.14258067849e-07, 5.21088225014e-07, 7.61712726671e-07, 6.73310069033e-07, 4.82940890834e-07, 4.23745348144e-07, 2.56744925764e-07, 1.04388703903e-07, 6.15107254021e-08, 3.56051259587e-08, 1.55205608365e-08, 8.65032845354e-09, 3.64346330883e-09, 1.90596716187e-09, 8.27208246346e-10, 4.1702705178e-10, 2.61622501441e-10],
