{
"highlevel": {
    "danceability": {
        "all": {
            "danceable": 0.0582275874913,
            "not_danceable": 0.941772401333
        },
        "probability": 0.941772401333,
        "value": "not_danceable"
    },
    "gender": {
        "all": {
            "female": 0.629373669624,
            "male": 0.370626330376
        },
        "probability": 0.629373669624,
        "value": "female"
    },
    "genre_dortmund": {
        "all": {
            "alternative": 0.144952535629,
            "blues": 0.038963906467,
            "electronic": 0.00838590599597,
            "folkcountry": 0.255739957094,
            "funksoulrnb": 0.0151023799554,
            "jazz": 0.466024816036,
            "pop": 0.0359744355083,
            "raphiphop": 0.00169803039171,
            "rock": 0.0331580229104
        },
        "probability": 0.466024816036,
        "value": "jazz"
    },
    "genre_electronic": {
        "all": {
            "ambient": 0.935012340546,
            "dnb": 0.00472269626334,
            "house": 0.0554518252611,
            "techno": 0.00197960063815,
            "trance": 0.00283350981772
        },
        "probability": 0.935012340546,
        "value": "ambient"
    },
    "genre_rosamerica": {
        "all": {
            "cla": 0.0740003064275,
            "dan": 0.0131155783311,
            "hip": 0.0293122716248,
            "jaz": 0.335683971643,
            "pop": 0.151466697454,
            "rhy": 0.294498205185,
            "roc": 0.0502608902752,
            "spe": 0.0516620799899
        },
        "probability": 0.335683971643,
        "value": "jaz"
    },
    "genre_tzanetakis": {
        "all": {
            "blu": 0.0734700411558,
            "cla": 0.0323033705354,
            "cou": 0.0885637253523,
            "dis": 0.148459732533,
            "hip": 0.145409420133,
            "jaz": 0.29078990221,
            "met": 0.0415331870317,
            "pop": 0.058147598058,
            "reg": 0.0486338548362,
            "roc": 0.0726891756058
        },
        "probability": 0.29078990221,
        "value": "jaz"
    },
    "ismir04_rhythm": {
        "all": {
            "ChaChaCha": 0.00301688956097,
            "Jive": 0.00167834409513,
            "Quickstep": 0.0121444361284,
            "Rumba-American": 0.00806937180459,
            "Rumba-International": 0.677159249783,
            "Rumba-Misc": 0.0229846592993,
            "Samba": 0.00320877158083,
            "Tango": 0.061864938587,
            "VienneseWaltz": 0.0474309809506,
            "Waltz": 0.162442371249
        },
        "probability": 0.677159249783,
        "value": "Rumba-International"
    },
    "mood_acoustic": {
        "all": {
            "acoustic": 0.95646071434,
            "not_acoustic": 0.0435392744839
        },
        "probability": 0.95646071434,
        "value": "acoustic"
    },
    "mood_aggressive": {
        "all": {
            "aggressive": 0.0822203159332,
            "not_aggressive": 0.917779684067
        },
        "probability": 0.917779684067,
        "value": "not_aggressive"
    },
    "mood_electronic": {
        "all": {
            "electronic": 0.198826014996,
            "not_electronic": 0.801173985004
        },
        "probability": 0.801173985004,
        "value": "not_electronic"
    },
    "mood_happy": {
        "all": {
            "happy": 0.126209512353,
            "not_happy": 0.873790502548
        },
        "probability": 0.873790502548,
        "value": "not_happy"
    },
    "mood_party": {
        "all": {
            "not_party": 0.98700428009,
            "party": 0.0129957217723
        },
        "probability": 0.98700428009,
        "value": "not_party"
    },
    "mood_relaxed": {
        "all": {
            "not_relaxed": 0.00491723977029,
            "relaxed": 0.995082736015
        },
        "probability": 0.995082736015,
        "value": "relaxed"
    },
    "mood_sad": {
        "all": {
            "not_sad": 0.035148832947,
            "sad": 0.964851140976
        },
        "probability": 0.964851140976,
        "value": "sad"
    },
    "moods_mirex": {
        "all": {
            "Cluster1": 0.0662053972483,
            "Cluster2": 0.229124695063,
            "Cluster3": 0.635683655739,
            "Cluster4": 0.0649175047874,
            "Cluster5": 0.00406874716282
        },
        "probability": 0.635683655739,
        "value": "Cluster3"
    },
    "timbre": {
        "all": {
            "bright": 0.779842436314,
            "dark": 0.220157593489
        },
        "probability": 0.779842436314,
        "value": "bright"
    },
    "tonal_atonal": {
        "all": {
            "atonal": 0.0651235803962,
            "tonal": 0.934876441956
        },
        "probability": 0.934876441956,
        "value": "tonal"
    },
    "voice_instrumental": {
        "all": {
            "instrumental": 0.989386022091,
            "voice": 0.0106139490381
        },
        "probability": 0.989386022091,
        "value": "instrumental"
    }
},
"lowlevel": {
    "average_loudness": 0.965613782406,
    "barkbands_crest": {
        "dmean": 2.56704187393,
        "dmean2": 4.34762096405,
        "dvar": 4.57812213898,
        "dvar2": 13.0009002686,
        "max": 22.4669551849,
        "mean": 11.5686149597,
        "median": 11.0128192902,
        "min": 4.86514854431,
        "var": 11.3368005753
    },
    "barkbands_flatness_db": {
        "dmean": 0.0220540929586,
        "dmean2": 0.034609708935,
        "dvar": 0.000436437054304,
        "dvar2": 0.00104615965392,
        "max": 0.508356869221,
        "mean": 0.291447758675,
        "median": 0.284894913435,
        "min": 0.135080814362,
        "var": 0.00607549585402
    },
    "barkbands_kurtosis": {
        "dmean": 3.2832095623,
        "dmean2": 5.23055410385,
        "dvar": 40.760181427,
        "dvar2": 93.6787796021,
        "max": 184.557342529,
        "mean": 7.38069915771,
        "median": 4.75134086609,
        "min": -1.78416216373,
        "var": 119.82396698
    },
    "barkbands_skewness": {
        "dmean": 0.452755868435,
        "dmean2": 0.710499167442,
        "dvar": 0.281922787428,
        "dvar2": 0.606316268444,
        "max": 12.0282020569,
        "mean": 1.73091077805,
        "median": 1.59293663502,
        "min": -1.68620634079,
        "var": 1.27758359909
    },
    "barkbands_spread": {
        "dmean": 1.74911165237,
        "dmean2": 2.74300265312,
        "dvar": 13.3597106934,
        "dvar2": 28.4046077728,
        "max": 85.2844314575,
        "mean": 7.99490356445,
        "median": 5.23056125641,
        "min": 1.01342022419,
        "var": 67.176651001
    },
    "dissonance": {
        "dmean": 0.0348342135549,
        "dmean2": 0.0583267621696,
        "dvar": 0.00105291185901,
        "dvar2": 0.0027168141678,
        "max": 0.498264193535,
        "mean": 0.393151581287,
        "median": 0.406101942062,
        "min": 0.114559322596,
        "var": 0.00367422238924
    },
    "dynamic_complexity": 2.84576630592,
    "erbbands_crest": {
        "dmean": 2.22931694984,
        "dmean2": 3.41455602646,
        "dvar": 4.47610616684,
        "dvar2": 10.1926765442,
        "max": 28.5217609406,
        "mean": 12.4338006973,
        "median": 11.3063354492,
        "min": 4.25888681412,
        "var": 23.5721950531
    },
    "erbbands_flatness_db": {
        "dmean": 0.0166894812137,
        "dmean2": 0.0219900198281,
        "dvar": 0.000333298725309,
        "dvar2": 0.000550145166926,
        "max": 0.390792548656,
        "mean": 0.245711058378,
        "median": 0.241846248507,
        "min": 0.0922982022166,
        "var": 0.0028511248529
    },
    "erbbands_kurtosis": {
        "dmean": 1.64694416523,
        "dmean2": 2.4668776989,
        "dvar": 9.60755634308,
        "dvar2": 22.5161170959,
        "max": 76.7091522217,
        "mean": 2.93886351585,
        "median": 1.27985191345,
        "min": -1.80316281319,
        "var": 28.4026279449
    },
    "erbbands_skewness": {
        "dmean": 0.348387241364,
        "dmean2": 0.515400886536,
        "dvar": 0.123240217566,
        "dvar2": 0.278337389231,
        "max": 5.79236221313,
        "mean": 1.13645374775,
        "median": 1.04598426819,
        "min": -2.64096260071,
        "var": 0.750564932823
    },
    "erbbands_spread": {
        "dmean": 4.778465271,
        "dmean2": 6.8037109375,
        "dvar": 54.7814559937,
        "dvar2": 94.99243927,
        "max": 162.259262085,
        "mean": 23.0358772278,
        "median": 18.6992797852,
        "min": 1.69885826111,
        "var": 275.751342773
    },
    "hfc": {
        "dmean": 2.02534294128,
        "dmean2": 3.09591650963,
        "dvar": 5.71362495422,
        "dvar2": 11.4224405289,
        "max": 47.9267654419,
        "mean": 12.0924386978,
        "median": 8.84502410889,
        "min": 0.243415161967,
        "var": 89.4622497559
    },
    "melbands_crest": {
        "dmean": 2.68723964691,
        "dmean2": 4.48954868317,
        "dvar": 5.36008262634,
        "dvar2": 13.9255857468,
        "max": 35.8696517944,
        "mean": 14.7754650116,
        "median": 13.959608078,
        "min": 5.86406898499,
        "var": 19.0569057465
    },
    "melbands_flatness_db": {
        "dmean": 0.0245524421334,
        "dmean2": 0.0377652533352,
        "dvar": 0.00058364123106,
        "dvar2": 0.00126715528313,
        "max": 0.636059343815,
        "mean": 0.382534265518,
        "median": 0.381731718779,
        "min": 0.133541986346,
        "var": 0.0111714331433
    },
    "melbands_kurtosis": {
        "dmean": 6.09061002731,
        "dmean2": 9.55273246765,
        "dvar": 723.960266113,
        "dvar2": 1848.52502441,
        "max": 898.649902344,
        "mean": 13.9373884201,
        "median": 8.36916446686,
        "min": -1.47987675667,
        "var": 1189.3894043
    },
    "melbands_skewness": {
        "dmean": 0.537029206753,
        "dmean2": 0.813775360584,
        "dvar": 0.601604878902,
        "dvar2": 1.26288712025,
        "max": 24.3851604462,
        "mean": 2.28771209717,
        "median": 2.08156085014,
        "min": -1.57343244553,
        "var": 2.2566139698
    },
    "melbands_spread": {
        "dmean": 1.88293337822,
        "dmean2": 2.93153953552,
        "dvar": 18.5856361389,
        "dvar2": 29.6767101288,
        "max": 133.225280762,
        "mean": 8.44554328918,
        "median": 5.41809749603,
        "min": 0.676741600037,
        "var": 90.3788223267
    },
    "pitch_salience": {
        "dmean": 0.0603514797986,
        "dmean2": 0.100575894117,
        "dvar": 0.002863046946,
        "dvar2": 0.00771231763065,
        "max": 0.762418627739,
        "mean": 0.523515462875,
        "median": 0.519457578659,
        "min": 0.176250353456,
        "var": 0.00904069468379
    },
    "silence_rate_20dB": {
        "dmean": 0,
        "dmean2": 0,
        "dvar": 0,
        "dvar2": 0,
        "max": 1,
        "mean": 1,
        "median": 1,
        "min": 1,
        "var": 0
    },
    "silence_rate_30dB": {
        "dmean": 0.0030959751457,
        "dmean2": 0.00619674660265,
        "dvar": 0.00308638764545,
        "dvar2": 0.00615835795179,
        "max": 1,
        "mean": 0.993039429188,
        "median": 1,
        "min": 0,
        "var": 0.00691211689264
    },
    "silence_rate_60dB": {
        "dmean": 0.0208978336304,
        "dmean2": 0.0418280400336,
        "dvar": 0.0204611141235,
        "dvar2": 0.0524717196822,
        "max": 1,
        "mean": 0.0262954365462,
        "median": 0,
        "min": 0,
        "var": 0.0256039407104
    },
    "spectral_centroid": {
        "dmean": 80.0036010742,
        "dmean2": 124.291801453,
        "dvar": 25319.5703125,
        "dvar2": 50232.8632812,
        "max": 4178.8828125,
        "mean": 558.165100098,
        "median": 388.396606445,
        "min": 175.000335693,
        "var": 164014.890625
    },
    "spectral_complexity": {
        "dmean": 1.18034052849,
        "dmean2": 1.96901631355,
        "dvar": 1.44501876831,
        "dvar2": 3.39949965477,
        "max": 24,
        "mean": 10.7958240509,
        "median": 9,
        "min": 1,
        "var": 23.9876766205
    },
    "spectral_decrease": {
        "dmean": 2.65447241965e-09,
        "dmean2": 4.44694103763e-09,
        "dvar": 8.91256504343e-18,
        "dvar2": 2.20824152871e-17,
        "max": -3.4207287003e-10,
        "mean": -1.01573327527e-08,
        "median": -9.92847670744e-09,
        "min": -3.63217935728e-08,
        "var": 3.71528569175e-17
    },
    "spectral_energy": {
        "dmean": 0.0101586291566,
        "dmean2": 0.0169994030148,
        "dvar": 0.000129611071316,
        "dvar2": 0.000320361199556,
        "max": 0.138922795653,
        "mean": 0.0394328646362,
        "median": 0.0386788062751,
        "min": 0.00131638429593,
        "var": 0.000553759105969
    },
    "spectral_energyband_high": {
        "dmean": 5.69461262785e-05,
        "dmean2": 8.27921030577e-05,
        "dvar": 4.60424729454e-08,
        "dvar2": 7.28799847138e-08,
        "max": 0.00685948412865,
        "mean": 0.000118346659292,
        "median": 1.00978068076e-05,
        "min": 1.62748747812e-07,
        "var": 1.39712781788e-07
    },
    "spectral_energyband_low": {
        "dmean": 0.00844063702971,
        "dmean2": 0.0144661208615,
        "dvar": 9.70910186879e-05,
        "dvar2": 0.00026950208121,
        "max": 0.11438344419,
        "mean": 0.0183000639081,
        "median": 0.0152919571847,
        "min": 0.000363929022569,
        "var": 0.000285596732283
    },
    "spectral_energyband_middle_high": {
        "dmean": 0.000307509151753,
        "dmean2": 0.000461525050923,
        "dvar": 1.6450015039e-07,
        "dvar2": 3.93285631617e-07,
        "max": 0.00687184231356,
        "mean": 0.0015135416761,
        "median": 0.000698734947946,
        "min": 1.00621286947e-06,
        "var": 2.69220959126e-06
    },
    "spectral_energyband_middle_low": {
        "dmean": 0.00460975291207,
        "dmean2": 0.00723279593512,
        "dvar": 3.221856241e-05,
        "dvar2": 7.39200695534e-05,
        "max": 0.0830259025097,
        "mean": 0.0208700876683,
        "median": 0.0192164331675,
        "min": 8.89381262823e-05,
        "var": 0.000212388273212
    },
    "spectral_entropy": {
        "dmean": 0.174523741007,
        "dmean2": 0.249796569347,
        "dvar": 0.0492522716522,
        "dvar2": 0.0934908986092,
        "max": 8.27358531952,
        "mean": 6.09983587265,
        "median": 6.15495157242,
        "min": 4.71865224838,
        "var": 0.457073748112
    },
    "spectral_flux": {
        "dmean": 0.0238139685243,
        "dmean2": 0.0378609374166,
        "dvar": 0.000678696436808,
        "dvar2": 0.00153874617536,
        "max": 0.250313788652,
        "mean": 0.0720502734184,
        "median": 0.0656262338161,
        "min": 0.00599861005321,
        "var": 0.00145183084533
    },
    "spectral_kurtosis": {
        "dmean": 11.3470907211,
        "dmean2": 17.9111709595,
        "dvar": 189.071838379,
        "dvar2": 440.93838501,
        "max": 160.790374756,
        "mean": 31.43110466,
        "median": 16.6631011963,
        "min": -0.273609161377,
        "var": 1002.14404297
    },
    "spectral_rms": {
        "dmean": 0.000797786749899,
        "dmean2": 0.00130925199483,
        "dvar": 7.31936722786e-07,
        "dvar2": 1.64584878348e-06,
        "max": 0.0116419252008,
        "mean": 0.00584865221754,
        "median": 0.00614291615784,
        "min": 0.00113325961865,
        "var": 4.26432825407e-06
    },
    "spectral_rolloff": {
        "dmean": 108.965484619,
        "dmean2": 190.362106323,
        "dvar": 183962.546875,
        "dvar2": 432454.1875,
        "max": 8419.48242188,
        "mean": 492.385040283,
        "median": 387.59765625,
        "min": 64.599609375,
        "var": 457139.625
    },
    "spectral_skewness": {
        "dmean": 0.741232931614,
        "dmean2": 1.1591501236,
        "dvar": 0.557363808155,
        "dvar2": 1.30443072319,
        "max": 10.785941124,
        "mean": 3.86467695236,
        "median": 3.24376916885,
        "min": 0.0584579929709,
        "var": 4.91667604446
    },
    "spectral_spread": {
        "dmean": 463849.125,
        "dmean2": 669897.25,
        "dvar": 390774587392,
        "dvar2": 634007191552,
        "max": 10923393,
        "mean": 2619484.25,
        "median": 2398912.75,
        "min": 560004,
        "var": 2.81108257178e+12
    },
    "spectral_strongpeak": {
        "dmean": 0.372462928295,
        "dmean2": 0.632488250732,
        "dvar": 0.312340587378,
        "dvar2": 0.76051145792,
        "max": 5.08204984665,
        "mean": 0.931568324566,
        "median": 0.572640836239,
        "min": 0,
        "var": 1.01367127895
    },
    "zerocrossingrate": {
        "dmean": 0.00359672796912,
        "dmean2": 0.00449967617169,
        "dvar": 4.13343186665e-05,
        "dvar2": 3.9232767449e-05,
        "max": 0.2451171875,
        "mean": 0.0227573812008,
        "median": 0.017578125,
        "min": 0.0029296875,
        "var": 0.000417226343416
    },
    "barkbands": {
        "dmean": [0.000724618206732, 0.00608339952305, 0.00333320023492, 0.00125390419271, 0.00302893016487, 0.000911265029572, 0.000524512783159, 0.00130440818612, 0.000242159876507, 0.000150135558215, 1.92200932361e-05, 7.38556991564e-05, 1.85300104931e-05, 9.47496664594e-06, 2.76767095784e-05, 0.000113170339318, 8.21717549115e-05, 8.19098640932e-05, 1.58393995662e-05, 2.85166333924e-05, 1.06567140392e-05, 8.32566638564e-06, 8.69861651154e-06, 9.31342310651e-06, 2.71793987849e-06, 1.46535512613e-06, 2.37853559071e-09],
        "dmean2": [0.00115823012311, 0.0104561354965, 0.00554938847199, 0.00207125791349, 0.00469773262739, 0.00138854293618, 0.000806487863883, 0.00184285885189, 0.00036815207568, 0.000209027930396, 2.97390706692e-05, 0.000100734214357, 2.53543439612e-05, 1.49897123265e-05, 4.40401818196e-05, 0.000185015975148, 0.000133830064442, 0.000138178627822, 2.67108534899e-05, 4.63975629827e-05, 1.49138531924e-05, 1.32313771246e-05, 1.21927869259e-05, 1.39753237818e-05, 4.13135148847e-06, 1.99352189156e-06, 3.6672576087e-09],
        "dvar": [8.79984600033e-06, 5.87353897572e-05, 2.35861261899e-05, 4.80690232507e-06, 1.50026980918e-05, 1.92371226149e-06, 9.40775976233e-07, 8.76109606907e-06, 1.62401150305e-07, 4.14650500602e-08, 1.79825243585e-09, 2.44074556122e-08, 2.17981233064e-09, 2.36373642881e-10, 3.39751848877e-09, 7.69641133047e-08, 3.28089377888e-08, 3.08281542516e-08, 1.15480147667e-09, 3.59384588755e-09, 4.52552928465e-09, 3.2841793729e-09, 2.38018715848e-09, 3.31987770608e-09, 1.50823450951e-10, 6.02755623191e-11, 9.00413387107e-16],
        "dvar2": [2.06672630156e-05, 0.000181811119546, 5.76886122872e-05, 1.20530985441e-05, 3.72715658159e-05, 4.68594362246e-06, 2.46334775511e-06, 1.80291590368e-05, 3.93092932427e-07, 7.29707565483e-08, 3.98942701096e-09, 4.52689832287e-08, 3.21159654426e-09, 5.52780266005e-10, 8.284490427e-09, 2.04644535984e-07, 8.57295461287e-08, 8.29021189475e-08, 3.26276916596e-09, 9.29476673406e-09, 5.30133803522e-09, 7.39666106142e-09, 3.59107810155e-09, 7.48218464963e-09, 3.20238002782e-10, 1.102136854e-10, 9.06616632896e-16],
        "max": [0.0669495239854, 0.0544182099402, 0.0840976238251, 0.031938187778, 0.0452340319753, 0.020895993337, 0.015373324044, 0.0429880134761, 0.0053563285619, 0.00300397677347, 0.000583617947996, 0.00400346145034, 0.00169731269125, 0.000347649591276, 0.00110830739141, 0.00373399746604, 0.00269309873693, 0.00268618180417, 0.000463415024569, 0.000741801341064, 0.00230019469745, 0.00154448137619, 0.00148255308159, 0.00132074952126, 0.000280734995613, 0.000176738583832, 1.07879020561e-06],
        "mean": [0.000715299975127, 0.00878089945763, 0.00745993480086, 0.00317113427445, 0.00857037305832, 0.0024321321398, 0.00142152945045, 0.00457174889743, 0.000645483320113, 0.000337698380463, 3.64729130524e-05, 0.000212447412196, 4.79336631543e-05, 1.95946086023e-05, 5.93836812186e-05, 0.000281947141048, 0.000270650285529, 0.000214328203583, 4.68105972686e-05, 6.97238720022e-05, 1.99416444957e-05, 1.15374059533e-05, 1.41655964399e-05, 1.46736447277e-05, 4.77839603263e-06, 2.31010949392e-06, 2.09232942083e-09],
        "median": [4.52965032309e-05, 0.0061513306573, 0.00345064420253, 0.00142323621549, 0.00682674022391, 0.00143590243533, 0.000578863488045, 0.000505457515828, 0.000337485049386, 0.000217875101953, 1.35165109896e-05, 4.45044679509e-05, 1.6824249542e-05, 1.15439370347e-05, 1.1015778e-05, 5.75665217184e-06, 1.61139760166e-05, 1.12051484393e-05, 2.07570678867e-06, 2.7292762752e-06, 7.6975607044e-07, 1.20260233416e-06, 2.02300770979e-06, 1.55446878125e-06, 6.73461272527e-07, 2.35643000224e-07, 4.75785411069e-10],
        "min": [1.09356477651e-07, 0.000103505240986, 3.88706303056e-06, 1.70356747731e-06, 2.11123551708e-06, 3.71595064053e-07, 2.89333047476e-06, 2.94600795314e-07, 6.25301268542e-08, 3.22341179526e-07, 9.03327546098e-09, 2.21451941229e-08, 1.28347368289e-08, 5.48003198375e-09, 6.37249097935e-09, 1.08065845161e-09, 5.28745314199e-09, 1.12192903856e-08, 6.1714002797e-09, 1.25789449967e-08, 1.06725623894e-08, 1.65591966805e-08, 5.21964693689e-10, 2.65532906774e-09, 1.72038230883e-10, 6.15168749274e-11, 7.68078135815e-12],
        "var": [8.64074354467e-06, 7.65788063291e-05, 0.000117364936159, 1.96777837118e-05, 5.46156261407e-05, 8.78952596395e-06, 4.48073024018e-06, 6.55282055959e-05, 6.37902303424e-07, 1.36027651365e-07, 3.83413567562e-09, 2.1848596532e-07, 1.32438549016e-08, 5.95313298657e-10, 1.17902150265e-08, 2.94151732305e-07, 2.45752545425e-07, 1.37465150374e-07, 6.24816243189e-09, 1.58752051505e-08, 1.41622953365e-08, 5.6142921423e-09, 5.98832494703e-09, 5.51281331695e-09, 3.84766996042e-10, 1.5714068935e-10, 9.01205998187e-16]
    },
    "erbbands": {
        "dmean": [0.130169004202, 1.51137447357, 3.47929120064, 4.2475566864, 6.52269220352, 10.9833488464, 14.9499731064, 4.33431005478, 7.46908473969, 10.1843681335, 30.079826355, 5.65634775162, 5.40768671036, 3.73919081688, 1.2849727869, 3.00377869606, 0.892131626606, 0.55818259716, 0.749047219753, 4.16197395325, 4.90484666824, 3.5058400631, 4.77005767822, 1.25689983368, 0.884017527103, 1.70124518871, 0.461470037699, 0.536342084408, 0.29561394453, 0.263276338577, 0.242991447449, 0.246429696679, 0.113015308976, 0.0380676686764, 0.0188662502915, 0.00763596687466, 0.0027307246346, 0.000237397485762, 8.25138431537e-06, 1.11426561489e-05],
        "dmean2": [0.221765190363, 2.63239312172, 5.92137145996, 7.02583789825, 10.2012338638, 16.896112442, 24.1125469208, 6.54121303558, 11.8398265839, 14.5534982681, 42.0736618042, 8.18334674835, 7.9646821022, 5.17864990234, 1.78087079525, 4.24776077271, 1.20961773396, 0.865069448948, 1.16325652599, 6.88143730164, 7.9641251564, 5.75671672821, 7.95673751831, 2.0688097477, 1.48126769066, 2.78405761719, 0.736920893192, 0.733225643635, 0.443782001734, 0.389423072338, 0.327312558889, 0.36726641655, 0.171302482486, 0.0559621714056, 0.0291148666292, 0.0111920600757, 0.00357307936065, 0.000318649195833, 1.2159986909e-05, 1.8590972104e-05],
        "dvar": [0.0463943220675, 3.68215799332, 19.6437587738, 47.9107666016, 119.234565735, 207.818191528, 699.31829834, 35.2389793396, 237.029144287, 378.098236084, 4919.18798828, 80.8827972412, 65.5907058716, 30.4280662537, 7.15747976303, 40.7427635193, 5.47671127319, 1.05368900299, 1.7001632452, 110.387321472, 128.209075928, 50.9303665161, 104.063079834, 6.79316806793, 4.04831504822, 14.1350078583, 1.53368628025, 17.6768836975, 5.14535617828, 1.63871252537, 1.95015633106, 1.95611536503, 0.575092196465, 0.0333615504205, 0.00573285203427, 0.00151368021034, 0.000218453787966, 1.70348141637e-06, 5.74287062349e-10, 1.50981671609e-10],
        "dvar2": [0.131674990058, 11.5704059601, 50.4742012024, 124.199951172, 278.941040039, 494.973419189, 2019.40319824, 79.2947158813, 653.271728516, 745.245788574, 10179.6875, 172.023223877, 141.134384155, 55.8022079468, 12.4183492661, 84.4684448242, 7.67397022247, 2.57286691666, 4.06928014755, 291.647003174, 339.965148926, 136.796203613, 271.563446045, 19.7770175934, 11.0581455231, 36.6073303223, 3.62738156319, 21.5173721313, 10.7029724121, 3.2037551403, 2.45770764351, 4.05673503876, 1.34541809559, 0.0610866695642, 0.0141866821796, 0.00317989080213, 0.000343656894984, 3.05225034936e-06, 9.81241643494e-10, 3.70740133038e-10],
        "max": [2.4023900032, 12.453537941, 62.4719696045, 93.0139846802, 126.382965088, 161.868972778, 410.950134277, 117.687583923, 241.138809204, 426.965545654, 1066.53845215, 130.14755249, 107.031333923, 60.5498428345, 83.0032577515, 91.7262573242, 85.2231216431, 22.5158481598, 24.0585613251, 162.493331909, 182.949615479, 84.2080001831, 137.358825684, 42.2922668457, 31.2877845764, 47.5110931396, 24.4101448059, 146.33416748, 59.0652885437, 35.0968132019, 47.2108078003, 31.0597267151, 17.5792636871, 4.29451227188, 1.59784114361, 0.786465346813, 0.448951452971, 0.0355857275426, 0.000660091114696, 0.00015116778377],
        "mean": [0.200106069446, 2.23173880577, 7.92028141022, 10.1829738617, 16.4502792358, 33.0100708008, 34.4776000977, 13.6473455429, 19.3034572601, 31.2662448883, 108.242279053, 20.5062179565, 13.0956068039, 8.9736700058, 4.43806743622, 7.3330321312, 2.47883439064, 1.36284410954, 1.86373102665, 9.94721221924, 15.259139061, 12.4718856812, 13.9836759567, 3.95198369026, 2.54901313782, 4.03820896149, 0.93798571825, 0.975621640682, 0.441578775644, 0.362389266491, 0.420918107033, 0.41196206212, 0.16308888793, 0.064716167748, 0.0298229344189, 0.011971572414, 0.00432073883712, 0.000330585055053, 2.51405635936e-05, 4.41811425844e-05],
        "median": [0.136006176472, 1.58157718182, 5.00776386261, 6.43245983124, 9.71669006348, 23.1056652069, 20.4026069641, 9.56416893005, 8.9755525589, 16.3391304016, 9.7561340332, 8.12650966644, 9.0589056015, 5.08334112167, 2.03191637993, 1.88422191143, 0.979710578918, 0.737377285957, 0.597886621952, 0.411651611328, 0.440868794918, 0.946016311646, 0.824110209942, 0.210897639394, 0.0977637097239, 0.121529497206, 0.0572840869427, 0.0234307590872, 0.0429989211261, 0.0477565936744, 0.0596280507743, 0.0461545176804, 0.0170152671635, 0.00630262773484, 0.00571537902579, 0.00133707711939, 0.000502613198478, 3.32988565788e-05, 2.0744959329e-05, 4.31912631029e-05],
        "min": [0.0018636896275, 0.0293149892241, 0.020365929231, 0.0270594730973, 0.0108265122399, 0.00907521788031, 0.00779276667163, 0.0233281962574, 0.0921600833535, 0.0393484979868, 0.011024071835, 0.00290466891602, 0.00688369898126, 0.0241650696844, 0.00217624637298, 0.00132916681468, 0.000689232896548, 0.000565604772419, 0.000493830186315, 0.000472152954899, 0.000172982618096, 0.000371406291379, 0.000670840032399, 0.000678336189594, 0.000309102673782, 0.000552373181563, 0.000603492720984, 0.000269281270448, 0.000565967231523, 0.000802208203822, 7.11649190634e-05, 0.000156792302732, 3.45336629834e-05, 4.74259832117e-06, 8.66793470777e-06, 5.70101974517e-06, 1.29972397644e-06, 1.40987083341e-07, 8.38143307647e-07, 1.63227628036e-06],
        "var": [0.0512896217406, 4.94299602509, 88.2708358765, 156.066726685, 352.125305176, 1033.33154297, 1820.6036377, 197.227249146, 903.594909668, 1719.54345703, 39393.765625, 686.006652832, 198.019958496, 111.503997803, 83.9999237061, 170.493927002, 33.5900382996, 3.25686383247, 7.19987344742, 382.960174561, 750.014892578, 384.399627686, 535.75579834, 42.2221832275, 18.4117565155, 58.0550193787, 4.06867933273, 52.6485290527, 9.62349510193, 3.09094285965, 5.68449687958, 3.85842180252, 0.850113153458, 0.0849634930491, 0.0120746651664, 0.00352708878927, 0.000616400619037, 3.92553738493e-06, 1.4520188385e-09, 6.64104105041e-10]
    },
    "gfcc": {
        "mean": [-85.0882949829, 171.263336182, -74.9683151245, 23.5319156647, -52.8922080994, -0.41258585453, -32.3599472046, 12.6160526276, -9.81986999512, -13.8444662094, -7.68854379654, -2.55445098877, -5.26710700989],
        "cov": [[5344.58691406, -1490.76159668, -2158.80419922, 938.48046875, 93.8771057129, -905.246032715, -466.858947754, 769.450683594, -94.0578765869, -8.80778408051, -384.144805908, -281.995056152, 295.706451416], [-1490.76159668, 2027.97692871, 477.262817383, -539.854125977, 599.264282227, -205.523071289, 204.657562256, -296.966247559, 110.827003479, -522.298522949, 212.950698853, -25.0264167786, -111.23197937], [-2158.80419922, 477.262817383, 1642.79528809, -163.152877808, -166.645843506, 457.703277588, 157.668869019, -399.852203369, -62.6246566772, -66.4061813354, 87.6693344116, 232.730697632, -122.944694519], [938.48046875, -539.854125977, -163.152877808, 503.734222412, -53.5123672485, -217.937454224, -105.014961243, 149.931854248, -51.607749939, -1.86299026012, -131.206268311, -34.8300132751, 102.412094116], [93.8771057129, 599.264282227, -166.645843506, -53.5123672485, 389.003479004, -189.678421021, 33.7370872498, 0.893791556358, 44.4638900757, -200.449691772, 13.9276208878, -83.9651565552, -17.4559345245], [-905.246032715, -205.523071289, 457.703277588, -217.937454224, -189.678421021, 586.923950195, 119.30254364, -182.178161621, -15.9903745651, 228.933685303, 50.6277275085, 50.9090805054, -101.40171051], [-466.858947754, 204.657562256, 157.668869019, -105.014961243, 33.7370872498, 119.30254364, 180.949752808, -73.4279708862, -3.58574771881, 1.03716540337, 40.4026641846, 15.6851177216, -60.6787796021], [769.450683594, -296.966247559, -399.852203369, 149.931854248, 0.893791556358, -182.178161621, -73.4279708862, 240.308395386, 10.689160347, -13.1467895508, -66.1300888062, -46.9425697327, 48.778678894], [-94.0578765869, 110.827003479, -62.6246566772, -51.607749939, 44.4638900757, -15.9903745651, -3.58574771881, 10.689160347, 95.1575012207, 9.93528366089, 14.7983989716, -18.7252960205, -5.87815475464], [-8.80778408051, -522.298522949, -66.4061813354, -1.86299026012, -200.449691772, 228.933685303, 1.03716540337, -13.1467895508, 9.93528366089, 331.230804443, 2.28528881073, -16.5163555145, -16.4160881042], [-384.144805908, 212.950698853, 87.6693344116, -131.206268311, 13.9276208878, 50.6277275085, 40.4026641846, -66.1300888062, 14.7983989716, 2.28528881073, 107.045921326, 30.4746494293, -34.708190918], [-281.995056152, -25.0264167786, 232.730697632, -34.8300132751, -83.9651565552, 50.9090805054, 15.6851177216, -46.9425697327, -18.7252960205, -16.5163555145, 30.4746494293, 143.711135864, -5.62869787216], [295.706451416, -111.23197937, -122.944694519, 102.412094116, -17.4559345245, -101.40171051, -60.6787796021, 48.778678894, -5.87815475464, -16.4160881042, -34.708190918, -5.62869787216, 113.452728271]],
        "icov": [[0.000946495041717, -0.000261622393737, 0.00111454410944, -0.00108414620627, -4.04685888498e-05, -0.000188960926607, 0.000987721956335, -0.000614618009422, 0.00121989822946, -0.000144122503116, 0.00117177283391, -0.000609701906797, 0.000450947787613], [-0.000261622393737, 0.010799517855, -0.0036579745356, 0.0082749761641, -0.00627611856908, 0.00641116686165, -0.00497692124918, 0.00691181933507, -0.00601853895932, 0.00892635434866, -0.00761471642181, 0.00793808978051, -0.00198867125437], [0.00111454410944, -0.0036579745356, 0.00415501464158, -0.00458951666951, 0.00271513359621, -0.00331201450899, 0.00249220221303, -0.000509685487486, 0.00271773501299, -0.00125616404694, 0.0038033365272, -0.0044859177433, 0.00206381338648], [-0.00108414620627, 0.0082749761641, -0.00458951666951, 0.0116085801274, -0.00458861188963, 0.00682144286111, -0.00445379130542, 0.00422019278631, -0.00361690158024, 0.00516637554392, -0.0034445845522, 0.00704402895644, -0.00346345896833], [-4.04685888498e-05, -0.00627611856908, 0.00271513359621, -0.00458861188963, 0.0101962685585, -0.00291208759882, 0.00132776040118, -0.00186298019253, 0.0010142326355, -0.00126581115182, 0.00393771799281, -0.00119529000949, 0.00252848048694], [-0.000188960926607, 0.00641116686165, -0.00331201450899, 0.00682144286111, -0.00291208759882, 0.00915760546923, -0.00432662246749, 0.00489453552291, -0.00264961738139, 0.00195633247495, -0.00290111498907, 0.0053779440932, -0.000125071775983], [0.000987721956335, -0.00497692124918, 0.00249220221303, -0.00445379130542, 0.00132776040118, -0.00432662246749, 0.0111024463549, -0.00334456795827, 0.00466105854139, -0.00393467815593, 0.00339958979748, -0.0044695707038, 0.00347083434463], [-0.000614618009422, 0.00691181933507, -0.000509685487486, 0.00422019278631, -0.00186298019253, 0.00489453552291, -0.00334456795827, 0.0147307440639, -0.0061812531203, 0.00733988080174, -0.00270496634766, 0.00481732795015, 0.000135670488817], [0.00121989822946, -0.00601853895932, 0.00271773501299, -0.00361690158024, 0.0010142326355, -0.00264961738139, 0.00466105854139, -0.0061812531203, 0.0177799295634, -0.00747835822403, 0.00453599495813, -0.00439123110846, 0.00107706675772], [-0.000144122503116, 0.00892635434866, -0.00125616404694, 0.00516637554392, -0.00126581115182, 0.00195633247495, -0.00393467815593, 0.00733988080174, -0.00747835822403, 0.0157162994146, -0.00753255095333, 0.00835781637579, -0.000607142574154], [0.00117177283391, -0.00761471642181, 0.0038033365272, -0.0034445845522, 0.00393771799281, -0.00290111498907, 0.00339958979748, -0.00270496634766, 0.00453599495813, -0.00753255095333, 0.0223688725382, -0.0088376859203, 0.00325509416871], [-0.000609701906797, 0.00793808978051, -0.0044859177433, 0.00704402895644, -0.00119529000949, 0.0053779440932, -0.0044695707038, 0.00481732795015, -0.00439123110846, 0.00835781637579, -0.0088376859203, 0.0177375525236, -0.00252867396921], [0.000450947787613, -0.00198867125437, 0.00206381338648, -0.00346345896833, 0.00252848048694, -0.000125071775983, 0.00347083434463, 0.000135670488817, 0.00107706675772, -0.000607142574154, 0.00325509416871, -0.00252867396921, 0.0139655983075]]
    },
    "melbands": {
        "dmean": [0.00148916535545, 0.00182222935837, 0.000704036850948, 0.000659927725792, 0.000504332478158, 0.000108862834168, 0.000111869463581, 0.00015016112593, 0.000215808278881, 3.19165956171e-05, 2.79762298305e-05, 1.71957617567e-05, 3.52462279807e-06, 8.91587842489e-06, 3.89805791201e-06, 1.64259915891e-06, 9.78581851996e-07, 1.10875191695e-06, 2.27627788263e-06, 9.13822532311e-06, 6.26139899396e-06, 4.12103463532e-06, 5.6506933106e-06, 4.42543705503e-06, 8.38405924242e-07, 6.77801040183e-07, 6.29207818292e-07, 1.47526725414e-06, 2.91632176186e-07, 2.54666247201e-07, 3.47660659372e-07, 1.77253980382e-07, 1.39821850098e-07, 1.56345862479e-07, 1.42570286243e-07, 1.60300885454e-07, 1.62500356282e-07, 8.80025226024e-08, 5.34273922881e-08, 2.7709177175e-08],
        "dmean2": [0.00253329798579, 0.00317182485014, 0.00114894961007, 0.00101940880995, 0.000807190372143, 0.000162440876011, 0.000174578221049, 0.000214333966142, 0.00029882058152, 4.87741963298e-05, 4.09859167121e-05, 2.38219254243e-05, 5.16981708643e-06, 1.20618433357e-05, 5.50133881916e-06, 2.34628714679e-06, 1.51647680013e-06, 1.72825014033e-06, 3.5907921756e-06, 1.50241203301e-05, 1.00847964859e-05, 6.89096259521e-06, 9.33198589337e-06, 7.32889611754e-06, 1.41010809784e-06, 1.14215868052e-06, 1.01578416434e-06, 2.43920408138e-06, 4.71416086611e-07, 3.94025107653e-07, 4.81414133446e-07, 2.78437312318e-07, 2.13150457284e-07, 2.35656528957e-07, 1.81295902735e-07, 2.35159220097e-07, 2.37842527895e-07, 1.3547007427e-07, 7.66153220866e-08, 4.37263310005e-08],
        "dvar": [4.06735762226e-06, 4.48765558758e-06, 1.19921287478e-06, 8.71816837389e-07, 6.63321145566e-07, 2.05725552149e-08, 4.86617501849e-08, 1.0116828264e-07, 2.47859674118e-07, 2.73826672448e-09, 1.71716230124e-09, 6.42511321924e-10, 4.96791947857e-11, 3.79359682556e-10, 6.04725922115e-11, 1.11577084377e-11, 2.98235524818e-12, 4.1668964286e-12, 2.06015152854e-11, 6.72117750344e-10, 2.15349377219e-10, 7.59169185849e-11, 1.48520917786e-10, 9.90739573714e-11, 3.24977132878e-12, 2.15047836309e-12, 1.98464617136e-12, 1.14184096206e-11, 7.28917523129e-13, 1.2261812659e-12, 1.04040734361e-11, 2.27818328438e-12, 4.07330338079e-13, 6.80363263558e-13, 6.91492707278e-13, 8.42013253826e-13, 7.61851953052e-13, 3.26182738588e-13, 9.44604705328e-14, 1.77771717431e-14],
        "dvar2": [1.2102821529e-05, 1.24020398289e-05, 2.98167037727e-06, 2.09043673749e-06, 1.93178038899e-06, 4.64028460101e-08, 1.31453788299e-07, 2.00051303523e-07, 4.96452571497e-07, 6.7605285814e-09, 3.6690805949e-09, 1.18609366773e-09, 9.93899823554e-11, 6.72758571074e-10, 1.18554915884e-10, 1.87885332292e-11, 7.28616906392e-12, 9.87539737485e-12, 5.09194700293e-11, 1.81440351632e-09, 5.68729174866e-10, 2.04123093428e-10, 3.93000659793e-10, 2.7390817392e-10, 9.62400732024e-12, 5.97551435416e-12, 4.95991962779e-12, 2.97640558033e-11, 1.8111203726e-12, 2.11016859368e-12, 1.50800136267e-11, 4.93792853828e-12, 9.06145004951e-13, 1.42137061669e-12, 8.58342314326e-13, 1.70996604463e-12, 1.56165466843e-12, 7.77415404187e-13, 2.01200858817e-13, 3.84157292023e-14],
        "max": [0.0177793558687, 0.0252202842385, 0.0139784291387, 0.0103802317753, 0.0121831307188, 0.00251603662036, 0.00349476956762, 0.00677464483306, 0.00781635381281, 0.000733905704692, 0.000525943003595, 0.000266732648015, 0.000139340801979, 0.000551833712962, 0.000161595657119, 0.000107713713078, 3.77936121367e-05, 4.36830341641e-05, 7.23338016542e-05, 0.000394730624976, 0.00020599643176, 0.000104742692201, 0.000159276154591, 0.000106663661427, 3.07655682263e-05, 1.87963032658e-05, 2.45700866799e-05, 3.99084528908e-05, 1.65046658367e-05, 3.19384525937e-05, 0.000108381667815, 3.72761423932e-05, 1.7452170141e-05, 2.09749050555e-05, 3.10121977236e-05, 2.20568072109e-05, 2.05536034628e-05, 1.34119236463e-05, 7.09365394869e-06, 3.04094692183e-06],
        "mean": [0.00220778305084, 0.00382056343369, 0.00193767959718, 0.00180761015508, 0.00128615950234, 0.000330489914631, 0.000288576615276, 0.000463673990453, 0.000786947610322, 9.08175279619e-05, 6.49375870125e-05, 3.93765803892e-05, 9.96479684545e-06, 2.7113732358e-05, 8.09128596302e-06, 4.19677962782e-06, 2.12949134948e-06, 2.42375381276e-06, 5.06544029122e-06, 2.10109519685e-05, 1.71677056642e-05, 1.24880662042e-05, 1.49756078827e-05, 1.06995603346e-05, 2.10782036447e-06, 1.7664394818e-06, 1.51839969931e-06, 3.27165048475e-06, 4.9059497087e-07, 4.30884568914e-07, 6.02137220085e-07, 2.56226371675e-07, 1.73701394601e-07, 2.08909867183e-07, 2.38914367401e-07, 2.3472432531e-07, 2.72889792541e-07, 1.21572753642e-07, 7.13541865593e-08, 4.48056667324e-08],
        "median": [0.00154595356435, 0.00282322173007, 0.00135203427635, 0.00136721681338, 0.000868226459716, 0.000235898041865, 0.000130719301524, 0.000191239887499, 7.16386712156e-05, 4.48643440905e-05, 4.53968386864e-05, 2.02894370886e-05, 4.02696969104e-06, 5.09141136718e-06, 2.7096739359e-06, 1.72816010036e-06, 1.07292089524e-06, 8.66228106133e-07, 6.97092673363e-07, 4.422401787e-07, 4.80850417262e-07, 9.42478322941e-07, 9.80854451882e-07, 3.58497914021e-07, 1.29011993977e-07, 5.81015981993e-08, 8.0033238703e-08, 7.75126807184e-08, 3.95335710834e-08, 1.74715903967e-08, 7.48056905309e-09, 1.76508834215e-08, 2.32305730208e-08, 2.62729091816e-08, 3.18221218265e-08, 2.73767017944e-08, 2.64216986068e-08, 1.10864561975e-08, 5.61005730759e-09, 3.04734637524e-09],
