{
"highlevel": {
    "danceability": {
        "all": {
            "danceable": 0.279532134533,
            "not_danceable": 0.720467865467
        },
        "probability": 0.720467865467,
        "value": "not_danceable"
    },
    "gender": {
        "all": {
            "female": 0.307534098625,
            "male": 0.692465901375
        },
        "probability": 0.692465901375,
        "value": "male"
    },
    "genre_dortmund": {
        "all": {
            "alternative": 0.205932661891,
            "blues": 0.0300285127014,
            "electronic": 0.0282103698701,
            "folkcountry": 0.297523885965,
            "funksoulrnb": 0.007782346569,
            "jazz": 0.0395210124552,
            "pop": 0.110101811588,
            "raphiphop": 0.00711061898619,
            "rock": 0.273788779974
        },
        "probability": 0.297523885965,
        "value": "folkcountry"
    },
    "genre_electronic": {
        "all": {
            "ambient": 0.782403171062,
            "dnb": 0.0449146032333,
            "house": 0.0716116726398,
            "techno": 0.00935785844922,
            "trance": 0.091712705791
        },
        "probability": 0.782403171062,
        "value": "ambient"
    },
    "genre_rosamerica": {
        "all": {
            "cla": 0.0871479213238,
            "dan": 0.0226310063154,
            "hip": 0.0117682162672,
            "jaz": 0.0244461409748,
            "pop": 0.153136357665,
            "rhy": 0.0830679684877,
            "roc": 0.58360606432,
            "spe": 0.0341963320971
        },
        "probability": 0.58360606432,
        "value": "roc"
    },
    "genre_tzanetakis": {
        "all": {
            "blu": 0.0626541376114,
            "cla": 0.0348133966327,
            "cou": 0.0783501937985,
            "dis": 0.104547761381,
            "hip": 0.15693578124,
            "jaz": 0.313987255096,
            "met": 0.044816005975,
            "pop": 0.0627349764109,
            "reg": 0.0627352520823,
            "roc": 0.0784252434969
        },
        "probability": 0.313987255096,
        "value": "jaz"
    },
    "ismir04_rhythm": {
        "all": {
            "ChaChaCha": 0.0268711522222,
            "Jive": 0.0178006179631,
            "Quickstep": 0.385320007801,
            "Rumba-American": 0.0079772118479,
            "Rumba-International": 0.0598953180015,
            "Rumba-Misc": 0.0166949573904,
            "Samba": 0.137498095632,
            "Tango": 0.0618030913174,
            "VienneseWaltz": 0.247162491083,
            "Waltz": 0.038977060467
        },
        "probability": 0.385320007801,
        "value": "Quickstep"
    },
    "mood_acoustic": {
        "all": {
            "acoustic": 0.642065525055,
            "not_acoustic": 0.357934474945
        },
        "probability": 0.642065525055,
        "value": "acoustic"
    },
    "mood_aggressive": {
        "all": {
            "aggressive": 0.0838269665837,
            "not_aggressive": 0.916173040867
        },
        "probability": 0.916173040867,
        "value": "not_aggressive"
    },
    "mood_electronic": {
        "all": {
            "electronic": 0.218352422118,
            "not_electronic": 0.781647562981
        },
        "probability": 0.781647562981,
        "value": "not_electronic"
    },
    "mood_happy": {
        "all": {
            "happy": 0.934981524944,
            "not_happy": 0.0650184825063
        },
        "probability": 0.934981524944,
        "value": "happy"
    },
    "mood_party": {
        "all": {
            "not_party": 0.879554450512,
            "party": 0.120445564389
        },
        "probability": 0.879554450512,
        "value": "not_party"
    },
    "mood_relaxed": {
        "all": {
            "not_relaxed": 0.0261714719236,
            "relaxed": 0.973828554153
        },
        "probability": 0.973828554153,
        "value": "relaxed"
    },
    "mood_sad": {
        "all": {
            "not_sad": 0.381234496832,
            "sad": 0.618765473366
        },
        "probability": 0.618765473366,
        "value": "sad"
    },
    "moods_mirex": {
        "all": {
            "Cluster1": 0.210279673338,
            "Cluster2": 0.281306684017,
            "Cluster3": 0.427853286266,
            "Cluster4": 0.0550325401127,
            "Cluster5": 0.0255278032273
        },
        "probability": 0.427853286266,
        "value": "Cluster3"
    },
    "timbre": {
        "all": {
            "bright": 0.861467480659,
            "dark": 0.138532489538
        },
        "probability": 0.861467480659,
        "value": "bright"
    },
    "tonal_atonal": {
        "all": {
            "atonal": 0.0847073197365,
            "tonal": 0.915292680264
        },
        "probability": 0.915292680264,
        "value": "tonal"
    },
    "voice_instrumental": {
        "all": {
            "instrumental": 0.0260439049453,
            "voice": 0.973956108093
        },
        "probability": 0.973956108093,
        "value": "voice"
    }
},
"lowlevel": {
    "average_loudness": 0.956463932991,
    "barkbands_crest": {
        "dmean": 2.31866145134,
        "dmean2": 3.80402517319,
        "dvar": 4.14145517349,
        "dvar2": 10.6902017593,
        "max": 21.1624107361,
        "mean": 9.53116321564,
        "median": 9.00117397308,
        "min": 3.4616317749,
        "var": 10.6631727219
    },
    "barkbands_flatness_db": {
        "dmean": 0.0253182016313,
        "dmean2": 0.0381626673043,
        "dvar": 0.000634523283225,
        "dvar2": 0.00130058987997,
        "max": 0.461534023285,
        "mean": 0.183190882206,
        "median": 0.166662439704,
        "min": 0.0682228580117,
        "var": 0.00407216697931
    },
    "barkbands_kurtosis": {
        "dmean": 2.80074048042,
        "dmean2": 4.49402236938,
        "dvar": 23.3937110901,
        "dvar2": 61.1849594116,
        "max": 61.456817627,
        "mean": 4.21493530273,
        "median": 2.70179986954,
        "min": -1.5283550024,
        "var": 32.942905426
    },
    "barkbands_skewness": {
        "dmean": 0.483802288771,
        "dmean2": 0.757616102695,
        "dvar": 0.278297483921,
        "dvar2": 0.699660420418,
        "max": 6.5385017395,
        "mean": 1.59442162514,
        "median": 1.49071466923,
        "min": -0.56162250042,
        "var": 0.669843733311
    },
    "barkbands_spread": {
        "dmean": 3.98645067215,
        "dmean2": 5.9569401741,
        "dvar": 20.2302913666,
        "dvar2": 40.0406112671,
        "max": 48.431476593,
        "mean": 14.8755540848,
        "median": 13.8299303055,
        "min": 0.76348567009,
        "var": 61.3024139404
    },
    "dissonance": {
        "dmean": 0.022322582081,
        "dmean2": 0.0358774289489,
        "dvar": 0.00040332484059,
        "dvar2": 0.000989713124,
        "max": 0.499196887016,
        "mean": 0.450054138899,
        "median": 0.454940825701,
        "min": 0.291564166546,
        "var": 0.000948356813751
    },
    "dynamic_complexity": 2.58548569679,
    "erbbands_crest": {
        "dmean": 2.47328805923,
        "dmean2": 3.90229463577,
        "dvar": 5.36551141739,
        "dvar2": 11.9385881424,
        "max": 26.4985427856,
        "mean": 9.15786075592,
        "median": 8.09865570068,
        "min": 2.87833189964,
        "var": 18.0144500732
    },
    "erbbands_flatness_db": {
        "dmean": 0.0177210066468,
        "dmean2": 0.0247178003192,
        "dvar": 0.000387342675822,
        "dvar2": 0.000634827301838,
        "max": 0.422147125006,
        "mean": 0.191386535764,
        "median": 0.178418457508,
        "min": 0.100369267166,
        "var": 0.00287913088687
    },
    "erbbands_kurtosis": {
        "dmean": 1.018881917,
        "dmean2": 1.56480407715,
        "dvar": 3.25815463066,
        "dvar2": 6.5694065094,
        "max": 29.0597991943,
        "mean": 0.47587326169,
        "median": -0.183734893799,
        "min": -1.69642961025,
        "var": 5.93333387375
    },
    "erbbands_skewness": {
        "dmean": 0.376717656851,
        "dmean2": 0.569879412651,
        "dvar": 0.131641358137,
        "dvar2": 0.284941911697,
        "max": 3.97033667564,
        "mean": 0.595929026604,
        "median": 0.513316690922,
        "min": -1.23521840572,
        "var": 0.430559843779
    },
    "erbbands_spread": {
        "dmean": 7.27989864349,
        "dmean2": 10.5943889618,
        "dvar": 54.3611297607,
        "dvar2": 106.006278992,
        "max": 108.378662109,
        "mean": 33.179889679,
        "median": 30.9665298462,
        "min": 3.04469442368,
        "var": 233.709655762
    },
    "hfc": {
        "dmean": 5.54614543915,
        "dmean2": 8.14368915558,
        "dvar": 51.9678497314,
        "dvar2": 99.5598449707,
        "max": 78.4931411743,
        "mean": 19.2986831665,
        "median": 18.6684799194,
        "min": 0.522943139076,
        "var": 176.887924194
    },
    "melbands_crest": {
        "dmean": 2.92338657379,
        "dmean2": 4.76385736465,
        "dvar": 6.5404009819,
        "dvar2": 16.6134376526,
        "max": 29.0425815582,
        "mean": 13.0885944366,
        "median": 12.6763496399,
        "min": 5.49050951004,
        "var": 16.2589416504
    },
    "melbands_flatness_db": {
        "dmean": 0.0318647697568,
        "dmean2": 0.0461196750402,
        "dvar": 0.0010270740604,
        "dvar2": 0.00211678142659,
        "max": 0.602746605873,
        "mean": 0.246411815286,
        "median": 0.226613283157,
        "min": 0.0935542285442,
        "var": 0.00693279132247
    },
    "melbands_kurtosis": {
        "dmean": 5.55026912689,
        "dmean2": 8.8111743927,
        "dvar": 89.0288314819,
        "dvar2": 227.89225769,
        "max": 126.70413208,
        "mean": 10.4631385803,
        "median": 7.1900062561,
        "min": -0.739541769028,
        "var": 133.108642578
    },
    "melbands_skewness": {
        "dmean": 0.626007854939,
        "dmean2": 0.980420649052,
        "dvar": 0.474271118641,
        "dvar2": 1.11798191071,
        "max": 8.45862007141,
        "mean": 2.36994886398,
        "median": 2.19003248215,
        "min": 0.0856972187757,
        "var": 1.34774363041
    },
    "melbands_spread": {
        "dmean": 4.12527227402,
        "dmean2": 6.39895248413,
        "dvar": 21.7064990997,
        "dvar2": 49.6830635071,
        "max": 57.3954048157,
        "mean": 15.1487016678,
        "median": 14.7998256683,
        "min": 1.08786642551,
        "var": 59.2262611389
    },
    "pitch_salience": {
        "dmean": 0.0609160512686,
        "dmean2": 0.0981397479773,
        "dvar": 0.00288131483831,
        "dvar2": 0.00720115285367,
        "max": 0.806698858738,
        "mean": 0.550444602966,
        "median": 0.547343075275,
        "min": 0.287426561117,
        "var": 0.0085346121341
    },
    "silence_rate_20dB": {
        "dmean": 0,
        "dmean2": 0,
        "dvar": 0,
        "dvar2": 0,
        "max": 1,
        "mean": 1,
        "median": 1,
        "min": 1,
        "var": 0
    },
    "silence_rate_30dB": {
        "dmean": 0.0278637763113,
        "dmean2": 0.0557707212865,
        "dvar": 0.0270878132433,
        "dvar2": 0.0728003904223,
        "max": 1,
        "mean": 0.98143851757,
        "median": 1,
        "min": 0,
        "var": 0.0182172078639
    },
    "silence_rate_60dB": {
        "dmean": 0.0193498451263,
        "dmean2": 0.0379550717771,
        "dvar": 0.0189754031599,
        "dvar2": 0.0504572577775,
        "max": 1,
        "mean": 0.0139211136848,
        "median": 0,
        "min": 0,
        "var": 0.013727334328
    },
    "spectral_centroid": {
        "dmean": 200.626815796,
        "dmean2": 295.135131836,
        "dvar": 52412.4101562,
        "dvar2": 106181.28125,
        "max": 2892.86279297,
        "mean": 920.316589355,
        "median": 856.477844238,
        "min": 171.574661255,
        "var": 171737.90625
    },
    "spectral_complexity": {
        "dmean": 4.04876184464,
        "dmean2": 6.25871419907,
        "dvar": 23.0896472931,
        "dvar2": 45.920665741,
        "max": 50,
        "mean": 19.2652740479,
        "median": 19,
        "min": 2,
        "var": 68.2862243652
    },
    "spectral_decrease": {
        "dmean": 3.41383965541e-09,
        "dmean2": 5.44197176211e-09,
        "dvar": 2.67175119234e-17,
        "dvar2": 6.70766449722e-17,
        "max": -3.97298222099e-10,
        "mean": -9.47252054573e-09,
        "median": -8.70162697453e-09,
        "min": -4.86794355936e-08,
        "var": 4.4917928891e-17
    },
    "spectral_energy": {
        "dmean": 0.0132713550702,
        "dmean2": 0.0210926122963,
        "dvar": 0.000394529517507,
        "dvar2": 0.000983896083198,
        "max": 0.187338992953,
        "mean": 0.0375019237399,
        "median": 0.0346634723246,
        "min": 0.00156342529226,
        "var": 0.000687196908984
    },
    "spectral_energyband_high": {
        "dmean": 0.000290362630039,
        "dmean2": 0.000416552298702,
        "dvar": 3.58845227311e-07,
        "dvar2": 6.89517776209e-07,
        "max": 0.00540184834972,
        "mean": 0.000511178805027,
        "median": 0.000179325506906,
        "min": 9.31629173806e-09,
        "var": 7.120401051e-07
    },
    "spectral_energyband_low": {
        "dmean": 0.00984666123986,
        "dmean2": 0.0166379678994,
        "dvar": 0.000358051387593,
        "dvar2": 0.000947050924879,
        "max": 0.161522492766,
        "mean": 0.0150622026995,
        "median": 0.00970538984984,
        "min": 5.61314800507e-06,
        "var": 0.000352916395059
    },
    "spectral_energyband_middle_high": {
        "dmean": 0.00150652008597,
        "dmean2": 0.00229364377446,
        "dvar": 3.15196712108e-06,
        "dvar2": 6.57476311972e-06,
        "max": 0.0314922519028,
        "mean": 0.00499643851072,
        "median": 0.00412909500301,
        "min": 3.25202017848e-06,
        "var": 2.00098693313e-05
    },
    "spectral_energyband_middle_low": {
        "dmean": 0.00556195899844,
        "dmean2": 0.00875658262521,
        "dvar": 4.28683924838e-05,
        "dvar2": 0.000101244026155,
        "max": 0.0815102383494,
        "mean": 0.0187040586025,
        "median": 0.0175893809646,
        "min": 0.00118533044588,
        "var": 0.000143719720654
    },
    "spectral_entropy": {
        "dmean": 0.216384008527,
        "dmean2": 0.313736259937,
        "dvar": 0.0590731911361,
        "dvar2": 0.105255715549,
        "max": 8.42452716827,
        "mean": 7.15749263763,
        "median": 7.25646734238,
        "min": 4.90068721771,
        "var": 0.283408939838
    },
    "spectral_flux": {
        "dmean": 0.0287657082081,
        "dmean2": 0.0449294634163,
        "dvar": 0.00127078220248,
        "dvar2": 0.00259958719835,
        "max": 0.339469522238,
        "mean": 0.0891198217869,
        "median": 0.0779226571321,
        "min": 0.00967955216765,
        "var": 0.00254761218093
    },
    "spectral_kurtosis": {
        "dmean": 5.61390399933,
        "dmean2": 8.9717912674,
        "dvar": 182.696502686,
        "dvar2": 404.87789917,
        "max": 176.968658447,
        "mean": 10.0973386765,
        "median": 5.28487014771,
        "min": 0.0444045066833,
        "var": 327.569763184
    },
    "spectral_rms": {
        "dmean": 0.00097537325928,
        "dmean2": 0.00151676207315,
        "dvar": 1.30757496208e-06,
        "dvar2": 3.09608981297e-06,
        "max": 0.013519236818,
        "mean": 0.00567891076207,
        "median": 0.00581532623619,
        "min": 0.00123502756469,
        "var": 4.33722880189e-06
    },
    "spectral_rolloff": {
        "dmean": 268.347808838,
        "dmean2": 461.204101562,
        "dvar": 196738.15625,
        "dvar2": 451299.78125,
        "max": 4220.5078125,
        "mean": 811.25201416,
        "median": 710.595703125,
        "min": 150.732421875,
        "var": 269035.46875
    },
    "spectral_skewness": {
        "dmean": 0.481258898973,
        "dmean2": 0.737313449383,
        "dvar": 0.640401005745,
        "dvar2": 1.36940860748,
        "max": 10.0700569153,
        "mean": 1.96987235546,
        "median": 1.70380747318,
        "min": 0.383392900229,
        "var": 1.46361672878
    },
    "spectral_spread": {
        "dmean": 398992.15625,
        "dmean2": 579740.3125,
        "dvar": 286246600704,
        "dvar2": 423740997632,
        "max": 15433640,
        "mean": 3316286,
        "median": 3267544,
        "min": 500391.875,
        "var": 1.24592442573e+12
    },
    "spectral_strongpeak": {
        "dmean": 0.482731789351,
        "dmean2": 0.845595777035,
        "dvar": 0.535568833351,
        "dvar2": 1.40427279472,
        "max": 6.09603977203,
        "mean": 0.983258247375,
        "median": 0.574823021889,
        "min": 0,
        "var": 1.07894349098
    },
    "zerocrossingrate": {
        "dmean": 0.00600714422762,
        "dmean2": 0.00761658232659,
        "dvar": 3.84726117773e-05,
        "dvar2": 5.29806347913e-05,
        "max": 0.10302734375,
        "mean": 0.0369243323803,
        "median": 0.03515625,
        "min": 0.0068359375,
        "var": 0.000226471674978
    },
    "barkbands": {
        "dmean": [0.000489983300213, 0.00443179393187, 0.00539781479165, 0.00174713484012, 0.00201898673549, 0.0014353049919, 0.00121704384219, 0.0016930308193, 0.000675276445691, 0.000423385674367, 0.000238345382968, 0.000522080983501, 0.000160387455253, 0.000310497329338, 0.00016559753567, 0.000381926685805, 0.0001927971025, 0.000107320680399, 0.000146437581861, 0.000163509364938, 8.41510118335e-05, 4.73770815006e-05, 4.8312558647e-05, 2.93548800983e-05, 1.09355632958e-05, 1.06790491827e-06, 2.60733457047e-09],
        "dmean2": [0.00087883597007, 0.00755378464237, 0.00950055383146, 0.00302275060676, 0.00326936878264, 0.00229620700702, 0.00183062988799, 0.00248146639206, 0.00102525006514, 0.000668266729917, 0.000360109115718, 0.000771248945966, 0.000256139406702, 0.000516567262821, 0.00027225818485, 0.000588250113651, 0.000305810506688, 0.000171325911651, 0.000225666415645, 0.000253946287557, 0.000122763740364, 7.00753953424e-05, 7.02600518707e-05, 4.35691326857e-05, 1.60096351465e-05, 1.67228665759e-06, 4.44882575223e-09],
        "dvar": [1.03117235994e-06, 6.23278174317e-05, 0.000147584956721, 1.1145474673e-05, 9.67544838204e-06, 6.56027305013e-06, 5.93150207351e-06, 8.29865348351e-06, 1.36069422751e-06, 4.31971074022e-07, 4.62748118935e-07, 8.83386746864e-07, 8.93559217729e-08, 3.08236252522e-07, 6.2527313105e-08, 2.75073432476e-07, 7.19213275602e-08, 2.08749018071e-08, 5.57408448287e-08, 1.07077667622e-07, 4.05296241013e-08, 1.5698816469e-08, 1.42615679266e-08, 3.77632369819e-09, 1.0775247361e-09, 7.61929668663e-12, 2.13390734001e-16],
        "dvar2": [3.39326584253e-06, 0.000158554088557, 0.000409777509049, 3.10588948196e-05, 2.33795617532e-05, 1.44666255437e-05, 1.34779802465e-05, 1.66231748153e-05, 3.33675484399e-06, 9.145658737e-07, 9.16998601497e-07, 1.74994681856e-06, 2.04011541882e-07, 7.75211788095e-07, 1.5789296981e-07, 5.93224797285e-07, 1.72853916069e-07, 4.82530957413e-08, 1.19564901979e-07, 2.53268467532e-07, 8.78313315411e-08, 2.4423011169e-08, 2.5303579676e-08, 7.50232498348e-09, 2.30721575178e-09, 1.67776608578e-11, 2.77160641756e-16],
        "max": [0.00768597377464, 0.05490379408, 0.108853504062, 0.042453981936, 0.0276616290212, 0.0455429628491, 0.0300639998168, 0.0404435321689, 0.0235616564751, 0.0141587760299, 0.0169062856585, 0.0196645725518, 0.004909676034, 0.010299355723, 0.00220879958943, 0.00594396330416, 0.00246629212052, 0.00205051270314, 0.0023616864346, 0.00506927538663, 0.00430124532431, 0.00107152643614, 0.00101056159474, 0.000910305359866, 0.000733070715796, 5.69584626646e-05, 4.72138907526e-07],
        "mean": [0.000425663136411, 0.0055412617512, 0.00739248562604, 0.00296629616059, 0.00414276635274, 0.00325498706661, 0.00259716063738, 0.00383357563987, 0.00176699692383, 0.000828596414067, 0.000399812415708, 0.00142451631837, 0.000273190031294, 0.000514076265972, 0.00024406783632, 0.000556450220756, 0.000325813685777, 0.000183507057955, 0.000224228599109, 0.000278776453342, 0.000125481223222, 6.28859852441e-05, 6.65489642415e-05, 5.15319770784e-05, 1.93949581444e-05, 1.86744523489e-06, 2.13714490549e-09],
        "median": [0.000102530771983, 0.00300673372112, 0.00332005438395, 0.00151113024913, 0.003035166068, 0.00143008190207, 0.000898614816833, 0.0012397026876, 0.000770851620473, 0.000439333351096, 0.00012033067469, 0.000531973666511, 0.00017063911946, 0.00029360546614, 0.000162067983183, 0.000308009475702, 0.000200559734367, 0.000119429998449, 0.00011493020429, 8.48982308526e-05, 5.14161401952e-05, 1.80760998774e-05, 1.69067971001e-05, 1.03102765934e-05, 5.27376960235e-06, 1.31027525185e-06, 5.26022947422e-10],
        "min": [1.77909740273e-07, 4.23999097166e-07, 5.55568817617e-07, 5.13404938829e-06, 0.000102040110505, 5.17511980433e-05, 3.98621295972e-06, 1.51167523654e-06, 1.26182703752e-06, 1.00565870298e-07, 3.32174465711e-07, 1.52510935436e-07, 1.26767417896e-07, 9.50078984374e-08, 3.9609762581e-08, 3.2698750374e-08, 3.94962853534e-08, 3.45491599774e-08, 2.0820003499e-08, 7.06456448896e-09, 1.51336898568e-09, 8.33378310805e-10, 4.52680032348e-10, 4.56314180886e-10, 3.25702714798e-10, 1.91802754235e-11, 1.09801343365e-11],
        "var": [8.66383686571e-07, 6.99233060004e-05, 0.000127804189106, 1.48458129843e-05, 1.51997837747e-05, 3.17921803799e-05, 1.94293788809e-05, 3.50807749783e-05, 8.45299837238e-06, 1.70237342445e-06, 1.19784863273e-06, 6.95352582625e-06, 1.77880522756e-07, 5.29515887138e-07, 7.82063835914e-08, 4.63789945115e-07, 1.29186872755e-07, 4.30057127687e-08, 9.45846920786e-08, 2.90459070129e-07, 5.58119062077e-08, 2.40956623543e-08, 2.13528750237e-08, 1.06197957095e-08, 2.27033725153e-09, 1.25858793873e-11, 2.0484990227e-16]
    },
    "erbbands": {
        "dmean": [0.110087826848, 1.11541628838, 5.14993619919, 6.60432052612, 5.32444047928, 8.68416023254, 6.73933696747, 16.3334312439, 14.5819044113, 23.3747329712, 32.1800842285, 13.5843639374, 16.2200298309, 11.1174545288, 12.2843723297, 14.6566886902, 6.70576286316, 9.57151699066, 12.5078926086, 9.95903110504, 23.5360832214, 11.6532497406, 6.40954494476, 7.14051151276, 5.37527608871, 8.46328639984, 4.85290813446, 2.45297241211, 1.63106501102, 1.5074057579, 1.42725396156, 0.825372934341, 0.3730070889, 0.198552235961, 0.0377725847065, 0.00719362217933, 0.00184713222552, 0.00010919921624, 8.27100484457e-06, 1.50077012222e-05],
        "dmean2": [0.188869982958, 1.90493345261, 8.96907997131, 11.5249919891, 8.71283817291, 13.9765834808, 11.0085458755, 26.1452655792, 22.5437908173, 35.2558784485, 46.6058387756, 20.3961009979, 25.7489261627, 16.7750701904, 18.2216472626, 21.77318573, 10.217051506, 15.4415769577, 20.9029121399, 15.9177217484, 36.2286109924, 18.3476524353, 10.1847877502, 10.9801607132, 8.23225784302, 13.196056366, 7.20127868652, 3.52782297134, 2.40467762947, 2.25306391716, 2.03733587265, 1.21474814415, 0.566658139229, 0.289577931166, 0.0571394264698, 0.0111485468224, 0.00293979607522, 0.000181227005669, 1.29766694954e-05, 2.37688127527e-05],
        "dvar": [0.0567393116653, 3.91525936127, 118.736236572, 209.739379883, 58.0968704224, 240.853210449, 128.159545898, 951.871704102, 746.722290039, 1586.29077148, 2959.68017578, 567.309265137, 527.36730957, 511.586120605, 613.385803223, 656.834289551, 106.562164307, 406.812011719, 383.352874756, 222.625793457, 1096.99279785, 260.87109375, 75.7108764648, 122.215065002, 91.8760757446, 314.925689697, 126.104957581, 29.1479682922, 17.3935432434, 17.0273857117, 12.4594306946, 3.09956073761, 0.688984572887, 0.373137891293, 0.00734932115301, 0.000283702916931, 2.67027280643e-05, 6.28802396818e-08, 1.3774452412e-10, 4.83444118071e-10],
        "dvar2": [0.157589897513, 9.92021751404, 325.002319336, 582.034423828, 164.170089722, 540.146850586, 345.268432617, 2193.31738281, 1735.14733887, 3531.87988281, 5604.23876953, 1459.55224609, 1184.56018066, 1059.44897461, 1247.4810791, 1143.58630371, 205.106262207, 1008.58569336, 983.087036133, 518.692626953, 2369.52319336, 626.577270508, 176.335525513, 272.459442139, 200.889038086, 764.052124023, 278.908691406, 57.5483627319, 29.1281471252, 26.7278060913, 23.0012054443, 6.23681974411, 1.29366493225, 0.804332733154, 0.0147446310148, 0.000603646738455, 6.02825093665e-05, 1.6329705943e-07, 3.11308478995e-10, 1.1810428191e-09],
        "max": [1.95774614811, 14.9287176132, 91.953414917, 175.531234741, 113.978233337, 137.029602051, 150.854156494, 569.858703613, 454.844696045, 533.208618164, 778.182495117, 384.843505859, 559.216430664, 637.231384277, 669.843688965, 464.41116333, 215.721435547, 489.11706543, 281.473968506, 154.002182007, 379.876556396, 153.664962769, 140.970336914, 123.837982178, 124.377006531, 241.292251587, 217.900741577, 80.2862472534, 34.5397109985, 31.2001552582, 30.9851551056, 26.948343277, 13.6184244156, 14.026684761, 1.25751197338, 0.307449966669, 0.127669990063, 0.00472008157521, 0.000144374556839, 0.000207463468541],
        "mean": [0.118898056448, 1.44329404831, 7.03700208664, 10.977189064, 11.0322256088, 14.7358827591, 13.6212368011, 35.253490448, 32.5265808105, 56.1850090027, 76.2149963379, 34.0592803955, 40.3940887451, 22.7902393341, 31.7189044952, 40.2303009033, 14.2201910019, 17.4670829773, 20.7735061646, 17.2692050934, 34.3388633728, 20.1026859283, 11.5693712234, 11.6215114594, 9.14700031281, 14.0261545181, 7.83453512192, 3.53132390976, 2.13024926186, 2.0863866806, 1.97364675999, 1.40168917179, 0.634954154491, 0.35239893198, 0.0622230693698, 0.0119677549228, 0.00337181543, 0.000167350866832, 2.42978330789e-05, 4.3612159061e-05],
        "median": [0.0307984389365, 0.804241716862, 4.1574139595, 6.0109667778, 8.18571281433, 8.78081417084, 9.30307769775, 14.3575019836, 15.1834659576, 29.8665828705, 30.2393932343, 18.6368141174, 24.8068752289, 13.6339168549, 11.1078443527, 18.6513252258, 10.360408783, 11.2503376007, 12.2576885223, 11.4385957718, 19.1798782349, 12.9840946198, 7.86988687515, 6.87255334854, 4.80891036987, 4.06094408035, 2.73656225204, 1.51962256432, 0.674521446228, 0.552447617054, 0.442355662584, 0.251673668623, 0.158412054181, 0.0819486603141, 0.0225887112319, 0.00731686362997, 0.00250233337283, 0.000116789684398, 2.24350806093e-05, 4.08357773267e-05],
        "min": [3.71182904928e-05, 0.000232565958868, 0.00115633441601, 0.0145490886644, 0.435764223337, 0.609751164913, 0.622116625309, 0.44646909833, 0.213386207819, 0.1692597121, 0.0805416703224, 0.0859864726663, 0.0336321815848, 0.0162196476012, 0.00616442319006, 0.00758453737944, 0.00975540559739, 0.0107210110873, 0.00560756167397, 0.00296574970707, 0.0051259980537, 0.00253827683628, 0.00245786830783, 0.0014032011386, 0.00105710397474, 0.000274604157312, 0.000100359975477, 5.06991018483e-05, 3.94234302803e-05, 2.141015284e-05, 1.53992641572e-05, 1.00444685813e-05, 9.91113120108e-06, 6.08979235039e-06, 3.62706487067e-06, 2.43600788963e-06, 8.75973228176e-07, 1.1066828165e-07, 7.72905082158e-07, 1.7621320012e-06],
        "var": [0.0555834025145, 4.2766957283, 102.601806641, 226.147979736, 107.562866211, 332.599517822, 196.257293701, 4509.35400391, 1919.60205078, 5579.88769531, 12562.5390625, 2050.04785156, 3642.46704102, 1427.5279541, 3682.83178711, 4438.89599609, 329.438842773, 651.881958008, 721.518432617, 347.133758545, 1787.20825195, 465.510437012, 160.98727417, 211.244216919, 156.539474487, 806.466552734, 202.390716553, 41.8303108215, 24.8994140625, 26.5567684174, 18.9272155762, 8.74305915833, 1.60225868225, 0.768627405167, 0.0164553243667, 0.000496295280755, 4.20229698648e-05, 7.13465979629e-08, 2.90162810446e-10, 8.92377949313e-10]
    },
    "gfcc": {
        "mean": [-15.7558822632, 145.186569214, -127.897224426, 32.8887214661, -56.299785614, 3.52492284775, -36.3685684204, 4.83829927444, -16.8804359436, -6.73208808899, -11.3128976822, -11.3485784531, -6.28719186783],
        "cov": [[7794.04882812, -2892.42480469, -398.346954346, 1029.14807129, -972.721679688, 1182.49133301, -135.40838623, 979.348083496, -86.6756057739, 518.249206543, -235.422866821, -35.5692863464, -293.868896484], [-2892.42480469, 1389.10595703, 140.016220093, -509.983947754, 541.864440918, -476.973144531, 154.272598267, -339.149414062, 73.4841384888, -178.62538147, 100.261062622, 30.6926994324, 93.47706604], [-398.346954346, 140.016220093, 385.644866943, 7.05548810959, 25.7799015045, 17.8957710266, 4.2850985527, 8.57763671875, 8.73317146301, -15.5589866638, 18.3120517731, 1.99032127857, 14.4824552536], [1029.14807129, -509.983947754, 7.05548810959, 504.950256348, -148.730758667, 205.354568481, -0.738227665424, 77.3177947998, 45.7986450195, 45.8208389282, 15.8163232803, -14.8253602982, 26.9975299835], [-972.721679688, 541.864440918, 25.7799015045, -148.730758667, 384.20526123, -153.386917114, 92.836265564, -97.6406936646, 25.8250312805, -47.325717926, 21.7163543701, 39.4755058289, 17.8252277374], [1182.49133301, -476.973144531, 17.8957710266, 205.354568481, -153.386917114, 323.545898438, 16.6918869019, 153.649520874, -8.06399536133, 78.4802322388, -17.0473918915, -3.26747083664, -37.6131820679], [-135.40838623, 154.272598267, 4.2850985527, -0.738227665424, 92.836265564, 16.6918869019, 152.447784424, -6.87494468689, 22.9131813049, 9.57994651794, 11.4237222672, 27.0419921875, -11.0077886581], [979.348083496, -339.149414062, 8.57763671875, 77.3177947998, -97.6406936646, 153.649520874, -6.87494468689, 208.034805298, -0.223658636212, 80.7393875122, -40.769115448, -6.76569747925, -47.239074707], [-86.6756057739, 73.4841384888, 8.73317146301, 45.7986450195, 25.8250312805, -8.06399536133, 22.9131813049, -0.223658636212, 90.4440689087, 7.44979000092, 18.3828964233, 0.369483113289, 15.2089748383], [518.249206543, -178.62538147, -15.5589866638, 45.8208389282, -47.325717926, 78.4802322388, 9.57994651794, 80.7393875122, 7.44979000092, 103.539474487, -5.36110877991, 11.9460821152, -20.7461738586], [-235.422866821, 100.261062622, 18.3120517731, 15.8163232803, 21.7163543701, -17.0473918915, 11.4237222672, -40.769115448, 18.3828964233, -5.36110877991, 74.7530212402, 7.93954372406, 32.7630805969], [-35.5692863464, 30.6926994324, 1.99032127857, -14.8253602982, 39.4755058289, -3.26747083664, 27.0419921875, -6.76569747925, 0.369483113289, 11.9460821152, 7.93954372406, 93.7599868774, 13.2344675064], [-293.868896484, 93.47706604, 14.4824552536, 26.9975299835, 17.8252277374, -37.6131820679, -11.0077886581, -47.239074707, 15.2089748383, -20.7461738586, 32.7630805969, 13.2344675064, 92.1552734375]],
        "icov": [[0.00127069849987, 0.000144994570292, 0.00120597227942, -0.00128157739528, 0.000675734132528, -0.00145251909271, 0.000658323406242, -0.00293730385602, 0.000888816372026, -0.00141871150117, 0.000725493591744, -0.000598597049247, 0.00130229291972], [0.000144994570292, 0.0241729319096, -0.00692311767489, 0.0158320311457, -0.0140831777826, 0.0102204503492, -0.01568957977, 0.0105200409889, -0.0148291997612, 0.00968209374696, -0.0112977745011, 0.00750249810517, -0.00962719414383], [0.00120597227942, -0.00692311767489, 0.00593490758911, -0.00579267460853, 0.00448339991271, -0.00479697762057, 0.00535694696009, -0.0065165120177, 0.00505684269592, -0.00337516400032, 0.00324969133362, -0.00278354226612, 0.00375682138838], [-0.00128157739528, 0.0158320311457, -0.00579267460853, 0.0151015855372, -0.00940898712724, 0.00621552718803, -0.0111408997327, 0.0104201361537, -0.0124925440177, 0.00796737987548, -0.00842936895788, 0.00604695826769, -0.00930843688548], [0.000675734132528, -0.0140831777826, 0.00448339991271, -0.00940898712724, 0.0130702424794, -0.00540712336078, 0.00702689867467, -0.00757022155449, 0.0084172245115, -0.00582047831267, 0.00701909931377, -0.00576272746548, 0.00634831376374], [-0.00145251909271, 0.0102204503492, -0.00479697762057, 0.00621552718803, -0.00540712336078, 0.0133843179792, -0.00936416350305, 0.00456766504794, -0.00558562157676, 0.00487115327269, -0.00656232284382, 0.00355253345333, -0.00449307821691], [0.000658323406242, -0.01568957977, 0.00535694696009, -0.0111408997327, 0.00702689867467, -0.00936416350305, 0.0198254622519, -0.00765645364299, 0.00835417304188, -0.00779794482514, 0.0069138687104, -0.00695484923199, 0.00910461694002], [-0.00293730385602, 0.0105200409889, -0.0065165120177, 0.0104201361537, -0.00757022155449, 0.00456766504794, -0.00765645364299, 0.0223754160106, -0.0101514812559, 0.00244365702383, -0.0027193853166, 0.00516518484801, -0.00573186855763], [0.000888816372026, -0.0148291997612, 0.00505684269592, -0.0124925440177, 0.0084172245115, -0.00558562157676, 0.00835417304188, -0.0101514812559, 0.0234622359276, -0.00834918022156, 0.00515656545758, -0.0040304553695, 0.0056214495562], [-0.00141871150117, 0.00968209374696, -0.00337516400032, 0.00796737987548, -0.00582047831267, 0.00487115327269, -0.00779794482514, 0.00244365702383, -0.00834918022156, 0.0211510472, -0.00780462101102, 0.00122962566093, -0.00397593295202], [0.000725493591744, -0.0112977745011, 0.00324969133362, -0.00842936895788, 0.00701909931377, -0.00656232284382, 0.0069138687104, -0.0027193853166, 0.00515656545758, -0.00780462101102, 0.0240894835442, -0.0039419112727, 0.000521630805451], [-0.000598597049247, 0.00750249810517, -0.00278354226612, 0.00604695826769, -0.00576272746548, 0.00355253345333, -0.00695484923199, 0.00516518484801, -0.0040304553695, 0.00122962566093, -0.0039419112727, 0.0150062767789, -0.00628306670114], [0.00130229291972, -0.00962719414383, 0.00375682138838, -0.00930843688548, 0.00634831376374, -0.00449307821691, 0.00910461694002, -0.00573186855763, 0.0056214495562, -0.00397593295202, 0.000521630805451, -0.00628306670114, 0.0208875443786]]
    },
    "melbands": {
        "dmean": [0.00109415396582, 0.00227542221546, 0.00106677704025, 0.000453421584098, 0.000274391524727, 0.000334580312483, 0.000238101754803, 0.000303852459183, 0.000221906448132, 9.5645453257e-05, 8.38272026158e-05, 4.96308493894e-05, 3.40969781973e-05, 6.77684656694e-05, 2.18505210796e-05, 1.76948524313e-05, 2.00076210604e-05, 2.60404449364e-05, 1.49984034579e-05, 1.83623778867e-05, 2.81811990135e-05, 1.31306896947e-05, 6.93763740856e-06, 5.18037313668e-06, 6.3012512328e-06, 5.26243729837e-06, 3.86428382626e-06, 6.70384588375e-06, 3.53191148861e-06, 2.0285294795e-06, 1.33241258027e-06, 8.90225521744e-07, 9.71501094682e-07, 8.18768626232e-07, 9.25050130718e-07, 6.27997962965e-07, 4.86915496367e-07, 2.77607966837e-07, 2.31161379816e-07, 1.60098153401e-07],
        "dmean2": [0.00187812920194, 0.00388166354969, 0.00185475382023, 0.000728254031856, 0.0004507926933, 0.000535549130291, 0.000365368585335, 0.000456251582364, 0.00032174368971, 0.000144424484461, 0.000133142792038, 7.4393574323e-05, 5.05117677676e-05, 9.91493943729e-05, 3.39834405167e-05, 2.77856179309e-05, 3.27153684339e-05, 4.36975133198e-05, 2.47341176873e-05, 2.82821783912e-05, 4.38367278548e-05, 2.10115958907e-05, 1.10003284135e-05, 8.35073115013e-06, 9.77768650046e-06, 8.16555166239e-06, 5.93284403294e-06, 1.06286552182e-05, 5.24737197338e-06, 2.98946997646e-06, 1.92291827261e-06, 1.32624052185e-06, 1.41913915286e-06, 1.21726725411e-06, 1.32817797294e-06, 9.50362448293e-07, 7.19548665984e-07, 4.24370057317e-07, 3.3383142295e-07, 2.39742036001e-07],
        "dvar": [4.15351860283e-06, 1.9666769731e-05, 4.68383177576e-06, 4.65111952508e-07, 2.17443229644e-07, 3.7286744714e-07, 1.98910043991e-07, 2.36046119539e-07, 1.38280569217e-07, 2.88976114149e-08, 1.36942084339e-08, 8.33447888482e-09, 6.47502584883e-09, 1.61239075425e-08, 1.94231364326e-09, 8.49001258185e-10, 2.08724215689e-09, 1.87800974771e-09, 5.34569277733e-10, 7.03023861348e-10, 1.63169611156e-09, 3.64496516303e-10, 8.89436232998e-11, 5.57218403363e-11, 9.70247215903e-11, 7.29824048418e-11, 5.45792022688e-11, 2.18628781745e-10, 6.34567190461e-11, 2.63165097353e-11, 8.20685793629e-12, 4.66097820062e-12, 7.62916205904e-12, 4.70626662641e-12, 5.71619748063e-12, 1.87152290193e-12, 1.09581592932e-12, 3.246941019e-13, 4.85060451007e-13, 2.53332429903e-13],
        "dvar2": [1.07975292849e-05, 5.32093508809e-05, 1.28940318973e-05, 1.10311304979e-06, 5.63592720937e-07, 8.44975147629e-07, 4.57313547031e-07, 5.08862626702e-07, 2.63593591399e-07, 7.52046673824e-08, 3.0807576934e-08, 1.69604561506e-08, 1.28502950503e-08, 3.13446975042e-08, 3.41984196517e-09, 1.63794022789e-09, 5.2428017483e-09, 4.83411310981e-09, 1.3395422549e-09, 1.55566481919e-09, 3.55261531304e-09, 8.90441387291e-10, 2.1407425832e-10, 1.32274871611e-10, 2.20029355846e-10, 1.49127932225e-10, 1.28477589678e-10, 5.43035838518e-10, 1.43225042937e-10, 5.61111851427e-11, 1.63710659612e-11, 8.15094866602e-12, 1.19847118341e-11, 7.56869480284e-12, 1.07882062658e-11, 3.86171910421e-12, 2.28910727179e-12, 6.52084235133e-13, 1.02098668062e-12, 5.41989304999e-13],
        "max": [0.0163751170039, 0.0358756221831, 0.0248778499663, 0.00729532167315, 0.00548194441944, 0.0110427699983, 0.00650038011372, 0.00644055427983, 0.00506957806647, 0.00289752031676, 0.00272539188154, 0.00236728787422, 0.00263312528841, 0.00271173007786, 0.00113509991206, 0.000614336458966, 0.00113558629528, 0.000630870403256, 0.000212268001633, 0.000277652317891, 0.000467773905257, 0.000192002538824, 0.000107096384454, 8.67331400514e-05, 0.000108285981696, 8.71602096595e-05, 0.000121731914987, 0.000216040294617, 0.000135743539431, 0.000111338609713, 2.70937289315e-05, 2.00915092137e-05, 2.30393852689e-05, 1.72048003151e-05, 1.99839050765e-05, 1.81289869943e-05, 1.5286346752e-05, 6.86673683958e-06, 1.5869642084e-05, 1.12167554107e-05],
        "mean": [0.00131590489764, 0.00320493103936, 0.00192802760284, 0.000896746409126, 0.000529241049662, 0.000731703534257, 0.000540827168152, 0.000742375908885, 0.000527654774487, 0.000230790494243, 0.000206067692488, 9.73321511992e-05, 7.5830896094e-05, 0.000179620546987, 4.27084196417e-05, 3.02337939502e-05, 3.41623308486e-05, 4.00216449634e-05, 2.16864391405e-05, 2.85853020614e-05, 3.96343857574e-05, 2.11905662582e-05, 1.20378335851e-05, 8.54014433571e-06, 9.70619839791e-06, 8.13851420389e-06, 6.4169335019e-06, 1.04261853267e-05, 5.62530067327e-06, 2.75184106613e-06, 1.77528988843e-06, 1.140714744e-06, 1.23478776004e-06, 1.11552390081e-06, 1.1906807913e-06, 9.93707431007e-07, 7.9998773117e-07, 4.38407994352e-07, 3.80799519917e-07, 2.71052158496e-07],
        "median": [0.000614175689407, 0.00204003625549, 0.00126784585882, 0.000615020049736, 0.00035366427619, 0.000316864607157, 0.000231118421652, 0.000375488220016, 0.000191820246982, 0.000101503952465, 0.000124116180814, 5.3786978242e-05, 2.96109519695e-05, 5.09910933033e-05, 2.43971935561e-05, 1.84631262528e-05, 2.07619668799e-05, 2.04256575671e-05, 1.35423370011e-05, 1.65246037795e-05, 2.1276930056e-05, 1.26515687953e-05, 8.15269413579e-06, 5.16859245181e-06, 5.18340857525e-06, 4.15114755015e-06, 2.90988737106e-06, 2.40161466536e-06, 1.84429120509e-06, 1.02855381101e-06, 7.13763654403e-07, 3.84555505661e-07, 2.59666904867e-07, 3.02538921915e-07, 2.6028129696e-07, 1.98988857392e-07, 1.3172332558e-07, 1.13150150582e-07, 8.96072194223e-08, 5.85130237596e-08],
        "min": [3.2347116985e-07, 4.47222419098e-07, 4.32534307038e-06, 1.08458443719e-05, 2.18893947022e-05, 9.20315051189e-06, 2.57907640844e-06, 1.22401036151e-06, 3.87393384926e-07, 2.16731308456e-07, 8.63113740479e-08, 5.01066104164e-08, 2.51768028647e-08, 1.53146864079e-08, 1.58854494003e-08, 1.05796100769e-08, 7.73217756489e-09, 6.79081679777e-09, 2.59601584673e-09, 1.9875472379e-09, 6.07952443943e-09, 2.83202150619e-09, 1.89728588396e-09, 1.68698988112e-09, 1.08617137506e-09, 6.95041080245e-10, 4.09403011492e-10, 9.67706192956e-11, 5.95433147232e-11, 4.04573076429e-11, 2.44188627652e-11, 1.33800999794e-11, 1.33235410552e-11, 9.24101940802e-12, 7.8517635102e-12, 5.06875357659e-12, 4.74102875014e-12, 5.38075096632e-12, 4.80601929781e-12, 1.83570584948e-12],
