{
"highlevel": {
    "danceability": {
        "all": {
            "danceable": 0.207547172904,
            "not_danceable": 0.792452812195
        },
        "probability": 0.792452812195,
        "value": "not_danceable"
    },
    "gender": {
        "all": {
            "female": 0.198492884636,
            "male": 0.801507115364
        },
        "probability": 0.801507115364,
        "value": "male"
    },
    "genre_dortmund": {
        "all": {
            "alternative": 0.0644327774644,
            "blues": 0.117452859879,
            "electronic": 0.0270705800503,
            "folkcountry": 0.0329848341644,
            "funksoulrnb": 0.0240354575217,
            "jazz": 0.0259478986263,
            "pop": 0.0437795370817,
            "raphiphop": 0.0241596866399,
            "rock": 0.640136361122
        },
        "probability": 0.640136361122,
        "value": "rock"
    },
    "genre_electronic": {
        "all": {
            "ambient": 0.132929384708,
            "dnb": 0.449550956488,
            "house": 0.195721283555,
            "techno": 0.0221216119826,
            "trance": 0.19967675209
        },
        "probability": 0.449550956488,
        "value": "dnb"
    },
    "genre_rosamerica": {
        "all": {
            "cla": 0.00442008860409,
            "dan": 0.0288978591561,
            "hip": 0.120101593435,
            "jaz": 0.00299498415552,
            "pop": 0.249270424247,
            "rhy": 0.00881852768362,
            "roc": 0.58327794075,
            "spe": 0.00221857125871
        },
        "probability": 0.58327794075,
        "value": "roc"
    },
    "genre_tzanetakis": {
        "all": {
            "blu": 0.0626613423228,
            "cla": 0.0348169617355,
            "cou": 0.104475811124,
            "dis": 0.0784321576357,
            "hip": 0.15692435205,
            "jaz": 0.313974827528,
            "met": 0.0448166541755,
            "pop": 0.0627359300852,
            "reg": 0.0627360641956,
            "roc": 0.0784258767962
        },
        "probability": 0.313974827528,
        "value": "jaz"
    },
    "ismir04_rhythm": {
        "all": {
            "ChaChaCha": 0.361897677183,
            "Jive": 0.263210713863,
            "Quickstep": 0.0139315854758,
            "Rumba-American": 0.00339832436293,
            "Rumba-International": 0.00213109492324,
            "Rumba-Misc": 0.00141966610681,
            "Samba": 0.338348537683,
            "Tango": 0.00296240928583,
            "VienneseWaltz": 0.0114873796701,
            "Waltz": 0.00121260655578
        },
        "probability": 0.361897677183,
        "value": "ChaChaCha"
    },
    "mood_acoustic": {
        "all": {
            "acoustic": 1.61363896041e-05,
            "not_acoustic": 0.999983847141
        },
        "probability": 0.999983847141,
        "value": "not_acoustic"
    },
    "mood_aggressive": {
        "all": {
            "aggressive": 0.963648200035,
            "not_aggressive": 0.0363518036902
        },
        "probability": 0.963648200035,
        "value": "aggressive"
    },
    "mood_electronic": {
        "all": {
            "electronic": 0.217177212238,
            "not_electronic": 0.782822787762
        },
        "probability": 0.782822787762,
        "value": "not_electronic"
    },
    "mood_happy": {
        "all": {
            "happy": 0.682997405529,
            "not_happy": 0.317002624273
        },
        "probability": 0.682997405529,
        "value": "happy"
    },
    "mood_party": {
        "all": {
            "not_party": 0.11016985029,
            "party": 0.889830172062
        },
        "probability": 0.889830172062,
        "value": "party"
    },
    "mood_relaxed": {
        "all": {
            "not_relaxed": 0.992502391338,
            "relaxed": 0.00749762868509
        },
        "probability": 0.992502391338,
        "value": "not_relaxed"
    },
    "mood_sad": {
        "all": {
            "not_sad": 0.973759531975,
            "sad": 0.0262404866517
        },
        "probability": 0.973759531975,
        "value": "not_sad"
    },
    "moods_mirex": {
        "all": {
            "Cluster1": 0.492923021317,
            "Cluster2": 0.136510938406,
            "Cluster3": 0.0519377924502,
            "Cluster4": 0.238242685795,
            "Cluster5": 0.0803855657578
        },
        "probability": 0.492923021317,
        "value": "Cluster1"
    },
    "timbre": {
        "all": {
            "bright": 0.999998509884,
            "dark": 1.51604547227e-06
        },
        "probability": 0.999998509884,
        "value": "bright"
    },
    "tonal_atonal": {
        "all": {
            "atonal": 0.690471827984,
            "tonal": 0.309528201818
        },
        "probability": 0.690471827984,
        "value": "atonal"
    },
    "voice_instrumental": {
        "all": {
            "instrumental": 0.00884132273495,
            "voice": 0.991158664227
        },
        "probability": 0.991158664227,
        "value": "voice"
    }
},
"lowlevel": {
    "average_loudness": 0.98275578022,
    "barkbands_crest": {
        "dmean": 3.21224427223,
        "dmean2": 5.01900959015,
        "dvar": 9.3626203537,
        "dvar2": 18.6378803253,
        "max": 25.0481472015,
        "mean": 9.24156570435,
        "median": 8.08880615234,
        "min": 2.29207825661,
        "var": 21.5692424774
    },
    "barkbands_flatness_db": {
        "dmean": 0.0239226520061,
        "dmean2": 0.0369306579232,
        "dvar": 0.000522499089129,
        "dvar2": 0.00124008650891,
        "max": 0.360822707415,
        "mean": 0.127419531345,
        "median": 0.120546340942,
        "min": 0.0518088750541,
        "var": 0.00150830298662
    },
    "barkbands_kurtosis": {
        "dmean": 2.07965254784,
        "dmean2": 3.26004171371,
        "dvar": 38.8885612488,
        "dvar2": 86.0509033203,
        "max": 153.379516602,
        "mean": 1.07495474815,
        "median": -0.43986749649,
        "min": -1.86309361458,
        "var": 54.8858833313
    },
    "barkbands_skewness": {
        "dmean": 0.63796120882,
        "dmean2": 0.960475027561,
        "dvar": 0.472876548767,
        "dvar2": 0.936221241951,
        "max": 10.9462947845,
        "mean": 0.671906411648,
        "median": 0.445372194052,
        "min": -2.61096978188,
        "var": 1.37874472141
    },
    "barkbands_spread": {
        "dmean": 8.5935382843,
        "dmean2": 13.5877571106,
        "dvar": 76.074760437,
        "dvar2": 162.335861206,
        "max": 117.265304565,
        "mean": 32.7376289368,
        "median": 31.7075748444,
        "min": 1.23386466503,
        "var": 225.289733887
    },
    "dissonance": {
        "dmean": 0.0114835640416,
        "dmean2": 0.0197965782136,
        "dvar": 0.000150318563101,
        "dvar2": 0.000397018593503,
        "max": 0.499963998795,
        "mean": 0.483558237553,
        "median": 0.488213986158,
        "min": 0.374282538891,
        "var": 0.000241799731157
    },
    "dynamic_complexity": 2.14772510529,
    "erbbands_crest": {
        "dmean": 2.65291142464,
        "dmean2": 4.44112682343,
        "dvar": 6.02025699615,
        "dvar2": 15.7050247192,
        "max": 27.2805461884,
        "mean": 8.2409620285,
        "median": 7.29446411133,
        "min": 2.78423953056,
        "var": 14.2481422424
    },
    "erbbands_flatness_db": {
        "dmean": 0.0199815724045,
        "dmean2": 0.0289884451777,
        "dvar": 0.000343829888152,
        "dvar2": 0.000700909935404,
        "max": 0.350268751383,
        "mean": 0.162982732058,
        "median": 0.156550735235,
        "min": 0.0706219524145,
        "var": 0.00163131556474
    },
    "erbbands_kurtosis": {
        "dmean": 0.966535806656,
        "dmean2": 1.59697675705,
        "dvar": 1.25247204304,
        "dvar2": 3.0465297699,
        "max": 15.6422100067,
        "mean": 0.794555068016,
        "median": 0.476628541946,
        "min": -1.76542234421,
        "var": 2.67440319061
    },
    "erbbands_skewness": {
        "dmean": 0.384146690369,
        "dmean2": 0.60294675827,
        "dvar": 0.120331116021,
        "dvar2": 0.292600095272,
        "max": 2.55386090279,
        "mean": -0.297750234604,
        "median": -0.344794541597,
        "min": -2.8437359333,
        "var": 0.41016548872
    },
    "erbbands_spread": {
        "dmean": 8.00075244904,
        "dmean2": 12.4295663834,
        "dvar": 79.5223007202,
        "dvar2": 191.036758423,
        "max": 160.049850464,
        "mean": 31.404800415,
        "median": 28.1349143982,
        "min": 5.31088256836,
        "var": 234.731552124
    },
    "hfc": {
        "dmean": 9.90229129791,
        "dmean2": 13.8960533142,
        "dvar": 125.265090942,
        "dvar2": 237.051635742,
        "max": 133.275466919,
        "mean": 31.3198680878,
        "median": 29.3278484344,
        "min": 0.546619176865,
        "var": 435.960906982
    },
    "melbands_crest": {
        "dmean": 4.07297039032,
        "dmean2": 6.31805992126,
        "dvar": 13.6988668442,
        "dvar2": 30.2594432831,
        "max": 28.0995101929,
        "mean": 14.1288938522,
        "median": 13.7719860077,
        "min": 3.22558546066,
        "var": 36.4730300903
    },
    "melbands_flatness_db": {
        "dmean": 0.0333459824324,
        "dmean2": 0.0499364808202,
        "dvar": 0.00110053352546,
        "dvar2": 0.00223166379146,
        "max": 0.446525216103,
        "mean": 0.14940290153,
        "median": 0.140545412898,
        "min": 0.0235074553639,
        "var": 0.00365402037278
    },
    "melbands_kurtosis": {
        "dmean": 6.45129108429,
        "dmean2": 10.0014152527,
        "dvar": 211.340454102,
        "dvar2": 432.120117188,
        "max": 268.635131836,
        "mean": 7.77734136581,
        "median": 2.14679479599,
        "min": -1.79373514652,
        "var": 396.385620117
    },
    "melbands_skewness": {
        "dmean": 0.905835390091,
        "dmean2": 1.34291028976,
        "dvar": 1.01370131969,
        "dvar2": 1.99558675289,
        "max": 13.5391025543,
        "mean": 1.94376933575,
        "median": 1.5835006237,
        "min": -1.7768881321,
        "var": 3.15645766258
    },
    "melbands_spread": {
        "dmean": 14.695438385,
        "dmean2": 23.2627105713,
        "dvar": 310.440826416,
        "dvar2": 720.399353027,
        "max": 221.00151062,
        "mean": 41.9771499634,
        "median": 40.1517066956,
        "min": 0.828361332417,
        "var": 587.989746094
    },
    "pitch_salience": {
        "dmean": 0.0886891335249,
        "dmean2": 0.142355903983,
        "dvar": 0.0068355309777,
        "dvar2": 0.0149641148746,
        "max": 0.855929195881,
        "mean": 0.538532912731,
        "median": 0.544970571995,
        "min": 0.0692265704274,
        "var": 0.0169103387743
    },
    "silence_rate_20dB": {
        "dmean": 0,
        "dmean2": 0,
        "dvar": 0,
        "dvar2": 0,
        "max": 1,
        "mean": 1,
        "median": 1,
        "min": 1,
        "var": 0
    },
    "silence_rate_30dB": {
        "dmean": 0.0201238393784,
        "dmean2": 0.0402788519859,
        "dvar": 0.0197188425809,
        "dvar2": 0.058795709163,
        "max": 1,
        "mean": 0.989945888519,
        "median": 1,
        "min": 0,
        "var": 0.00995305553079
    },
    "silence_rate_60dB": {
        "dmean": 0.0332817323506,
        "dmean2": 0.0658404305577,
        "dvar": 0.0321737900376,
        "dvar2": 0.0738983154297,
        "max": 1,
        "mean": 0.0433101318777,
        "median": 0,
        "min": 0,
        "var": 0.0414345636964
    },
    "spectral_centroid": {
        "dmean": 325.87600708,
        "dmean2": 515.148803711,
        "dvar": 112814.6875,
        "dvar2": 257364.046875,
        "max": 4766.57958984,
        "mean": 2166.25317383,
        "median": 2228.10864258,
        "min": 252.481826782,
        "var": 330084.84375
    },
    "spectral_complexity": {
        "dmean": 5.86687326431,
        "dmean2": 8.39891529083,
        "dvar": 37.6170120239,
        "dvar2": 69.6013565063,
        "max": 62,
        "mean": 27.6326370239,
        "median": 28,
        "min": 0,
        "var": 162.125686646
    },
    "spectral_decrease": {
        "dmean": 3.32638316891e-09,
        "dmean2": 4.71078331898e-09,
        "dvar": 2.32923158254e-17,
        "dvar2": 4.5029058952e-17,
        "max": -4.37464404979e-11,
        "mean": -7.26558235797e-09,
        "median": -5.30814681099e-09,
        "min": -3.67661137091e-08,
        "var": 4.70729792322e-17
    },
    "spectral_energy": {
        "dmean": 0.0131359547377,
        "dmean2": 0.0183205213398,
        "dvar": 0.00033670492121,
        "dvar2": 0.000638857367449,
        "max": 0.142996147275,
        "mean": 0.0302627719939,
        "median": 0.0232809688896,
        "min": 0.00023654162942,
        "var": 0.000725746853277
    },
    "spectral_energyband_high": {
        "dmean": 0.00072353502037,
        "dmean2": 0.00106581032742,
        "dvar": 1.17555521228e-06,
        "dvar2": 2.30180853578e-06,
        "max": 0.0133043164387,
        "mean": 0.00149707193486,
        "median": 0.000941184465773,
        "min": 7.61977889852e-06,
        "var": 3.0166443139e-06
    },
    "spectral_energyband_low": {
        "dmean": 0.010189822875,
        "dmean2": 0.0156073244289,
        "dvar": 0.000353397161234,
        "dvar2": 0.00073696707841,
        "max": 0.12915045023,
        "mean": 0.0147796832025,
        "median": 0.00674594053999,
        "min": 1.27877831346e-06,
        "var": 0.000525345501956
    },
    "spectral_energyband_middle_high": {
        "dmean": 0.00365767581388,
        "dmean2": 0.00541326869279,
        "dvar": 1.84157652257e-05,
        "dvar2": 4.05588580179e-05,
        "max": 0.0500883497298,
        "mean": 0.0102598629892,
        "median": 0.00895117223263,
        "min": 7.0463589509e-05,
        "var": 6.1578117311e-05
    },
    "spectral_energyband_middle_low": {
        "dmean": 0.0024784959387,
        "dmean2": 0.00395004916936,
        "dvar": 1.08615276986e-05,
        "dvar2": 2.79660980596e-05,
        "max": 0.0364686511457,
        "mean": 0.00473796809092,
        "median": 0.0036661371123,
        "min": 1.84070504474e-05,
        "var": 1.751705895e-05
    },
    "spectral_entropy": {
        "dmean": 0.14760863781,
        "dmean2": 0.218063816428,
        "dvar": 0.0218684114516,
        "dvar2": 0.0442187190056,
        "max": 8.80342483521,
        "mean": 7.81293296814,
        "median": 7.82643795013,
        "min": 6.7565779686,
        "var": 0.0804364010692
    },
    "spectral_flux": {
        "dmean": 0.0339135304093,
        "dmean2": 0.0511347800493,
        "dvar": 0.00137264293153,
        "dvar2": 0.00304621830583,
        "max": 0.321346849203,
        "mean": 0.107378341258,
        "median": 0.094880014658,
        "min": 0.0128560829908,
        "var": 0.00317909871228
    },
    "spectral_kurtosis": {
        "dmean": 1.38436901569,
        "dmean2": 2.26593279839,
        "dvar": 3.42017889023,
        "dvar2": 9.07284545898,
        "max": 35.9238815308,
        "mean": 3.83599376678,
        "median": 3.54142189026,
        "min": -1.24625360966,
        "var": 5.64992380142
    },
    "spectral_rms": {
        "dmean": 0.00109809660353,
        "dmean2": 0.00143734749872,
        "dvar": 1.44811110658e-06,
        "dvar2": 2.3752152174e-06,
        "max": 0.0118113690987,
        "mean": 0.00497100688517,
        "median": 0.00476583046839,
        "min": 0.00048038768,
        "var": 4.81376218886e-06
    },
    "spectral_rolloff": {
        "dmean": 800.513122559,
        "dmean2": 1324.93530273,
        "dvar": 1337526.125,
        "dvar2": 2835617.75,
        "max": 11584.8632812,
        "mean": 2527.46459961,
        "median": 2368.65234375,
        "min": 86.1328125,
        "var": 2764594
    },
    "spectral_skewness": {
        "dmean": 0.226654857397,
        "dmean2": 0.352804929018,
        "dvar": 0.0453908145428,
        "dvar2": 0.109699934721,
        "max": 3.36094450951,
        "mean": 1.29950487614,
        "median": 1.2859146595,
        "min": 0.0356425121427,
        "var": 0.131151676178
    },
    "spectral_spread": {
        "dmean": 607145.125,
        "dmean2": 922635.625,
        "dvar": 770932801536,
        "dvar2": 1.61434540442e+12,
        "max": 15543838,
        "mean": 4153550.75,
        "median": 3909340.75,
        "min": 1500040.625,
        "var": 2.2397035479e+12
    },
    "spectral_strongpeak": {
        "dmean": 0.661314666271,
        "dmean2": 1.14817893505,
        "dvar": 1.10686326027,
        "dvar2": 2.93338537216,
        "max": 8.17470645905,
        "mean": 0.913543641567,
        "median": 0.430992364883,
        "min": 0.0148950600997,
        "var": 1.47471857071
    },
    "zerocrossingrate": {
        "dmean": 0.0152773074806,
        "dmean2": 0.0174393188208,
        "dvar": 0.000299543084111,
        "dvar2": 0.000354487943696,
        "max": 0.34814453125,
        "mean": 0.084852181375,
        "median": 0.08056640625,
        "min": 0.00390625,
        "var": 0.00152345036622
    },
    "barkbands": {
        "dmean": [7.13329136488e-05, 0.00765382451937, 0.00383600941859, 0.00092688924633, 0.000541833171155, 0.000502449460328, 0.000471473846119, 0.0003872255038, 0.000524690840393, 0.00112368061673, 0.000387235428207, 0.000800168665592, 0.000857744598761, 0.000740793941077, 0.000748717284296, 0.00063582934672, 0.000470361759653, 0.00042741157813, 0.000447662197985, 0.00030792405596, 0.000210779689951, 0.000185370634426, 0.000128668369143, 0.000123237317894, 8.54544705362e-05, 1.96747005248e-05, 4.10256673078e-09],
        "dmean2": [0.000106554012746, 0.0116141149774, 0.0067619769834, 0.0014504295541, 0.000899467966519, 0.000851782853715, 0.000779823574703, 0.000667012005579, 0.000911965849809, 0.0018529969966, 0.000635640171822, 0.00133827584796, 0.00142024946399, 0.00120642839465, 0.00124478305224, 0.00105517555494, 0.000769035890698, 0.000663560291287, 0.000725030666217, 0.000490707578138, 0.000324069289491, 0.000283841829514, 0.0001987976284, 0.000192878913367, 0.000121090990433, 3.0502813388e-05, 7.06097358361e-09],
        "dvar": [2.40769182369e-08, 0.000243591493927, 7.14548077667e-05, 2.55901954915e-06, 6.07508923167e-07, 1.44823422943e-06, 1.16811725093e-06, 1.47610739987e-06, 2.66054439635e-06, 3.67667962564e-06, 5.128219982e-07, 4.21487902713e-06, 3.96742052544e-06, 1.55963800808e-06, 1.34378444727e-06, 1.3294350083e-06, 5.91449065723e-07, 2.7318139928e-07, 3.30437273988e-07, 1.51042669927e-07, 8.44672598532e-08, 9.01354937355e-08, 7.41366505963e-08, 1.46624316244e-07, 9.25066316881e-08, 3.29423843759e-09, 9.06209951202e-16],
        "dvar2": [5.25271772744e-08, 0.000466236117063, 0.000199429239728, 5.62201876164e-06, 1.52305312895e-06, 3.96108043788e-06, 2.71368094218e-06, 4.2515248424e-06, 7.73671126808e-06, 9.63118873187e-06, 1.22070537145e-06, 1.08182721306e-05, 1.07109317469e-05, 3.99829468734e-06, 3.57676412932e-06, 3.26962936015e-06, 1.46097113429e-06, 6.70508256917e-07, 8.004374763e-07, 3.66816067299e-07, 1.93452351027e-07, 2.01592271765e-07, 1.70774214325e-07, 3.12672028713e-07, 1.66409165558e-07, 7.67041097305e-09, 1.57024587713e-15],
        "max": [0.00111697986722, 0.106412239373, 0.0678482726216, 0.0310277603567, 0.00979040563107, 0.0188944358379, 0.01496139355, 0.0164266042411, 0.0304052587599, 0.0220787264407, 0.0131895774975, 0.0286180544645, 0.0378503873944, 0.016702119261, 0.012740588747, 0.0236527808011, 0.0125033194199, 0.00816341303289, 0.0069773462601, 0.00469061546028, 0.00332554569468, 0.00351551035419, 0.00341068441048, 0.00713662849739, 0.00850999541581, 0.00175993691664, 8.35970411117e-07],
        "mean": [6.97515133652e-05, 0.00995351932943, 0.00399973243475, 0.00121413054876, 0.00085832393961, 0.000632014649455, 0.000604812812526, 0.000415056187194, 0.000599858583882, 0.00160196132492, 0.00051424180856, 0.00108137214556, 0.0012351173209, 0.00110347848386, 0.00116374972276, 0.00100197771098, 0.000801996560767, 0.000798089429736, 0.000818060594611, 0.000546273135114, 0.000358397694072, 0.000319256185321, 0.000219451481826, 0.000192777763004, 0.000130965854623, 2.8407017453e-05, 3.0774831572e-09],
        "median": [1.18123316497e-05, 0.00257861893624, 0.00124476081692, 0.00053756928537, 0.000610906514339, 0.000312650663545, 0.000238419132074, 0.000120887278172, 0.000195647866349, 0.000646990141831, 0.000221190915909, 0.00041794279241, 0.000488000514451, 0.000557746272534, 0.000618005753495, 0.00050632917555, 0.000493589439429, 0.000590310082771, 0.000584777619224, 0.000381004472729, 0.000207277436857, 0.000168072481756, 0.000106200524897, 6.53461465845e-05, 4.21553158958e-05, 9.00847317098e-06, 3.36368183307e-10],
        "min": [3.97114208184e-09, 6.38202891423e-07, 9.01210484017e-08, 8.18297607452e-08, 1.6377234715e-06, 3.93308198454e-07, 2.36260206066e-07, 5.86198950714e-07, 1.18840193863e-06, 2.3936658522e-07, 1.3034522226e-06, 1.87918260508e-06, 1.09724987851e-06, 4.92473373015e-06, 2.92553431791e-06, 2.96245093523e-06, 1.48725882809e-06, 3.88264516005e-06, 3.77273408958e-06, 2.42621445068e-06, 1.45996591527e-06, 2.12494933294e-06, 8.94236052318e-07, 4.84231065911e-07, 1.01338109459e-07, 2.93725287148e-11, 1.07071773323e-11],
        "var": [2.71680509201e-08, 0.000344567728462, 5.29949247721e-05, 3.5729094634e-06, 9.73984242592e-07, 1.50402945565e-06, 1.63380161666e-06, 1.32907030093e-06, 2.43948670686e-06, 6.60777322992e-06, 7.49136177092e-07, 5.47367881154e-06, 6.66508822178e-06, 2.68569624495e-06, 2.23873144023e-06, 2.71602289104e-06, 1.08934136733e-06, 6.30374984212e-07, 6.76089257468e-07, 3.16530361033e-07, 1.8925638301e-07, 1.79044036486e-07, 1.23197764879e-07, 2.59991850271e-07, 1.89402726392e-07, 5.64943025694e-09, 7.82098819183e-16]
    },
    "erbbands": {
        "dmean": [0.196422562003, 1.93315255642, 4.66735363007, 3.46018886566, 1.74645638466, 2.014097929, 3.12642621994, 4.52167749405, 7.54881000519, 4.69457387924, 9.85652160645, 10.8205499649, 24.8045825958, 30.0244655609, 18.9479656219, 33.0505256653, 35.9490814209, 35.1148643494, 41.5533103943, 31.1041240692, 31.8513298035, 23.7814025879, 21.5874576569, 20.958612442, 21.9572467804, 16.200712204, 8.67272949219, 8.56982803345, 7.07881593704, 4.81240415573, 3.56046676636, 2.80749177933, 2.0288631916, 1.17698407173, 0.486855864525, 0.138180553913, 0.0265710502863, 0.00190531136468, 4.38040260633e-05, 1.69896902662e-05],
        "dmean2": [0.282546818256, 3.00350260735, 8.20526790619, 5.65556001663, 2.79851484299, 3.30054497719, 5.38093757629, 7.54484224319, 12.6126680374, 7.81761026382, 17.0642147064, 18.4759731293, 40.3807487488, 48.4393577576, 30.7567996979, 53.4577674866, 58.0404968262, 57.7723045349, 67.6663284302, 51.1243591309, 50.9336624146, 38.0175704956, 33.5044593811, 32.6780281067, 35.7189064026, 25.7332344055, 13.7274894714, 13.2060537338, 10.8111810684, 7.29507255554, 5.52308368683, 4.4430308342, 3.0201690197, 1.6539901495, 0.733590662479, 0.210888803005, 0.0418352372944, 0.00306564173661, 6.60513906041e-05, 2.3081085601e-05],
        "dvar": [0.17582346499, 15.0686435699, 103.55292511, 39.0525817871, 7.18054389954, 9.99463367462, 57.5892829895, 142.969116211, 289.167510986, 145.685760498, 1065.13793945, 1376.83862305, 2806.72314453, 3418.33056641, 1912.43725586, 5950.82177734, 6690.62841797, 3911.34716797, 4167.23730469, 2730.23095703, 3293.54150391, 1322.32116699, 723.223388672, 704.273742676, 859.435302734, 457.010070801, 130.673965454, 173.507354736, 138.253890991, 74.5227661133, 58.80210495, 69.4950714111, 44.6347312927, 17.8300952911, 2.9086356163, 0.205997928977, 0.00338587118313, 1.55664383783e-05, 6.71510003158e-09, 4.4222986384e-10],
        "dvar2": [0.313276708126, 32.2815742493, 289.251037598, 98.6773986816, 17.5846176147, 24.9132328033, 160.976608276, 382.476165771, 684.912841797, 390.754821777, 3115.22192383, 4018.20874023, 7439.46777344, 8685.17480469, 4835.03466797, 15253.2119141, 17405.2167969, 10414.8935547, 10393.7519531, 7071.85205078, 8245.22851562, 3188.81225586, 1685.78735352, 1667.47888184, 2171.10620117, 1092.71716309, 310.677368164, 386.938812256, 315.660766602, 160.55078125, 139.340042114, 158.553268433, 92.411491394, 32.776676178, 4.83433055878, 0.46094506979, 0.00754973525181, 3.6146833736e-05, 1.45196148438e-08, 8.06420541455e-10],
        "max": [2.90755915642, 26.7137718201, 68.5712356567, 72.0280761719, 36.1067619324, 48.5321655273, 123.737617493, 227.595840454, 250.109191895, 178.913879395, 479.928375244, 845.344238281, 992.710571289, 808.712402344, 799.536560059, 1068.35827637, 1592.41796875, 1002.77294922, 918.517150879, 788.256652832, 879.323913574, 570.05682373, 453.653411865, 272.10446167, 344.468383789, 266.175262451, 118.473213196, 138.002441406, 128.153900146, 137.772384644, 120.375183105, 124.708007812, 128.844909668, 118.88256073, 39.8338737488, 14.7321586609, 1.27866363525, 0.0524848774076, 0.00153166416567, 0.000230726858717],
        "mean": [0.223289400339, 2.46170186996, 5.11079692841, 4.28921365738, 2.81012988091, 3.0332634449, 3.98583865166, 5.60242033005, 10.1068315506, 5.85313606262, 10.6287879944, 13.3020095825, 35.3708992004, 44.4127197266, 28.1001243591, 48.5394477844, 57.0563430786, 53.5015525818, 69.3496398926, 51.5932197571, 53.9145927429, 43.4650268555, 42.1810646057, 41.9636306763, 40.2063713074, 28.5116977692, 15.4586114883, 14.3526172638, 11.9037981033, 8.57882404327, 5.99399614334, 4.22558689117, 3.06560611725, 1.77648317814, 0.757937610149, 0.207632988691, 0.0372428521514, 0.00241260812618, 7.81006019679e-05, 4.31818334619e-05],
        "median": [0.042178992182, 0.750462174416, 1.96377658844, 2.18032455444, 1.91838669777, 2.04926800728, 2.23762559891, 2.57069897652, 4.086186409, 2.88518071175, 3.20136356354, 4.81050491333, 14.3074588776, 17.4836673737, 14.7428998947, 20.2404327393, 24.3227500916, 30.2200622559, 36.8893089294, 29.1733932495, 29.0165977478, 29.3788642883, 30.779750824, 32.8528366089, 27.6600627899, 19.1512184143, 9.10863494873, 7.63882923126, 6.40200614929, 4.37227773666, 2.78072333336, 1.49305021763, 0.962063729763, 0.537975072861, 0.249889716506, 0.0679911747575, 0.011318102479, 0.000586308306083, 4.01126271754e-05, 3.4764278098e-05],
        "min": [9.06725927052e-06, 0.00015024348977, 0.000148152073962, 0.000385393854231, 0.00101349293254, 0.00854810979217, 0.0163040366024, 0.00527299521491, 0.0197745766491, 0.00857717357576, 0.0185309555382, 0.0314548313618, 0.0369787700474, 0.021520268172, 0.0616555139422, 0.0859865024686, 0.0761359408498, 0.247474566102, 0.104686617851, 0.260308980942, 0.147256746888, 0.0801316946745, 0.122452110052, 0.255943030119, 0.276688963175, 0.117011673748, 0.0450178906322, 0.0648314580321, 0.0981483384967, 0.0624602399766, 0.0226372368634, 0.0123473573476, 0.00338303204626, 0.000701424956787, 0.000873153272551, 4.17114570155e-05, 4.68416010335e-06, 9.72089765128e-07, 3.6407871562e-07, 4.68743223792e-07],
        "var": [0.241140931845, 19.6479568481, 79.5216827393, 39.8524780273, 10.5148611069, 16.3786258698, 50.8262329102, 145.518234253, 415.049316406, 145.599136353, 914.843200684, 1279.00549316, 5254.94384766, 5290.06591797, 2266.62597656, 9368.46582031, 13411.6298828, 5735.7890625, 7637.03271484, 5073.734375, 6395.62402344, 2513.5859375, 1727.36291504, 1579.92578125, 1691.48022461, 902.972839355, 329.190795898, 346.42074585, 250.599594116, 151.686660767, 96.0482177734, 107.27973938, 79.0394973755, 35.0992164612, 6.65435218811, 0.390639901161, 0.00659539410844, 2.8994441891e-05, 1.53925157065e-08, 1.18764054147e-09]
    },
    "gfcc": {
        "mean": [21.0212802887, 70.5709075928, -144.890472412, 49.764755249, -49.2265510559, 29.6022186279, -35.805316925, 13.6180610657, -26.3889808655, 2.57354283333, -13.2218389511, 0.63492757082, -9.31795883179],
        "cov": [[2986.82592773, -186.681808472, 286.274780273, 315.852325439, 38.7350234985, 277.435913086, 150.278594971, 131.760726929, -2.49930310249, 91.9765777588, -72.9940643311, -8.42232036591, -34.4020423889], [-186.681808472, 805.592102051, 47.0753631592, 118.178466797, 181.849380493, -38.4820404053, 154.552658081, -34.7196998596, 80.2205200195, -70.4759597778, 67.1267318726, -78.4388046265, 40.5188369751], [286.274780273, 47.0753631592, 863.174804688, 256.61114502, 140.934051514, 162.573944092, -64.7453918457, 93.32006073, -30.5097141266, 69.0604248047, -30.0484237671, 20.214389801, -57.1545219421], [315.852325439, 118.178466797, 256.61114502, 426.661956787, 113.460502625, 65.5696258545, 45.1775245667, 0.265525639057, 71.0274429321, 5.93849182129, 7.04914093018, -27.9007530212, 31.9423770905], [38.7350234985, 181.849380493, 140.934051514, 113.460502625, 278.519165039, 82.3602600098, 73.6342849731, 32.6869125366, 17.6149368286, 14.5849561691, -5.72753334045, -0.174519851804, -0.190464392304], [277.435913086, -38.4820404053, 162.573944092, 65.5696258545, 82.3602600098, 232.374511719, 60.9719772339, 50.4215278625, 5.95998191833, 19.7719326019, 18.6454601288, -10.0773420334, 3.281437397], [150.278594971, 154.552658081, -64.7453918457, 45.1775245667, 73.6342849731, 60.9719772339, 220.122192383, 20.6627082825, 17.2559871674, -0.130651310086, 10.7081508636, -13.2180995941, 6.85524511337], [131.760726929, -34.7196998596, 93.32006073, 0.265525639057, 32.6869125366, 50.4215278625, 20.6627082825, 145.787460327, 48.6629333496, 12.7279052734, 8.77027225494, 3.8800573349, 15.6585912704], [-2.49930310249, 80.2205200195, -30.5097141266, 71.0274429321, 17.6149368286, 5.95998191833, 17.2559871674, 48.6629333496, 134.617233276, 13.3453722, 37.6419296265, -13.1264514923, 35.896194458], [91.9765777588, -70.4759597778, 69.0604248047, 5.93849182129, 14.5849561691, 19.7719326019, -0.130651310086, 12.7279052734, 13.3453722, 110.491920471, 13.7798032761, 27.4889678955, -17.7053642273], [-72.9940643311, 67.1267318726, -30.0484237671, 7.04914093018, -5.72753334045, 18.6454601288, 10.7081508636, 8.77027225494, 37.6419296265, 13.7798032761, 104.460128784, 16.1787090302, 25.143283844], [-8.42232036591, -78.4388046265, 20.214389801, -27.9007530212, -0.174519851804, -10.0773420334, -13.2180995941, 3.8800573349, -13.1264514923, 27.4889678955, 16.1787090302, 89.8738174438, 10.4424295425], [-34.4020423889, 40.5188369751, -57.1545219421, 31.9423770905, -0.190464392304, 3.281437397, 6.85524511337, 15.6585912704, 35.896194458, -17.7053642273, 25.143283844, 10.4424295425, 92.5978240967]],
        "icov": [[0.000486353063025, -0.00017058874073, 0.000274058489595, -0.000625437824056, 0.000451232888736, -0.000670803186949, -2.09650147553e-06, -0.000705123587977, 0.000468375394121, -0.000501219241414, 0.000634518102743, -0.000339153863024, 0.000372887414414], [-0.00017058874073, 0.00380053394474, -0.00205099279992, 0.0017036414938, -0.0026390592102, 0.00313560874201, -0.00314244674519, 0.0032873544842, -0.00263468688354, 0.00267604948021, -0.00342289078981, 0.00367553113028, -0.00197188043967], [0.000274058489595, -0.00205099279992, 0.00381001853384, -0.00304585043341, 0.00110683450475, -0.00305083044805, 0.00322753936052, -0.00408892892301, 0.00330091896467, -0.00240108580329, 0.00228519132361, -0.00278970692307, 0.00291992072016], [-0.000625437824056, 0.0017036414938, -0.00304585043341, 0.00590385077521, -0.00230519752949, 0.00218216632493, -0.00242489133961, 0.00473968172446, -0.0045605506748, 0.00204672873951, -0.00177415658254, 0.00303577305749, -0.0032998023089], [0.000451232888736, -0.0026390592102, 0.00110683450475, -0.00230519752949, 0.00685415696353, -0.00338457920589, 0.000708497711457, -0.0029071837198, 0.00174591632094, -0.00213050842285, 0.00337495002896, -0.00326532917097, 0.00174165784847], [-0.000670803186949, 0.00313560874201, -0.00305083044805, 0.00218216632493, -0.00338457920589, 0.00943532958627, -0.00403737090528, 0.00219675293192, -0.00156862591393, 0.0019960263744, -0.00489063607529, 0.00477698352188, -0.00289203459397], [-2.09650147553e-06, -0.00314244674519, 0.00322753936052, -0.00242489133961, 0.000708497711457, -0.00403737090528, 0.0088595058769, -0.00391788454726, 0.00289245508611, -0.00236757774837, 0.00240186252631, -0.00277003017254, 0.00244031008333], [-0.000705123587977, 0.0032873544842, -0.00408892892301, 0.00473968172446, -0.0029071837198, 0.00219675293192, -0.00391788454726, 0.0142321567982, -0.00802729930729, 0.00322457752191, -0.00248113111593, 0.00299630174413, -0.00399553356692], [0.000468375394121, -0.00263468688354, 0.00330091896467, -0.0045605506748, 0.00174591632094, -0.00156862591393, 0.00289245508611, -0.00802729930729, 0.0153732895851, -0.00478088716045, -0.00076344498666, 9.30955065996e-05, -0.000536883191671], [-0.000501219241414, 0.00267604948021, -0.00240108580329, 0.00204672873951, -0.00213050842285, 0.0019960263744, -0.00236757774837, 0.00322457752191, -0.00478088716045, 0.0137170339003, -0.00368834426627, -0.00122235470917, 0.00162510154769], [0.000634518102743, -0.00342289078981, 0.00228519132361, -0.00177415658254, 0.00337495002896, -0.00489063607529, 0.00240186252631, -0.00248113111593, -0.00076344498666, -0.00368834426627, 0.0156430713832, -0.00589512195438, 0.00018595851725], [-0.000339153863024, 0.00367553113028, -0.00278970692307, 0.00303577305749, -0.00326532917097, 0.00477698352188, -0.00277003017254, 0.00299630174413, 9.30955065996e-05, -0.00122235470917, -0.00589512195438, 0.0179735403508, -0.00567707326263], [0.000372887414414, -0.00197188043967, 0.00291992072016, -0.0032998023089, 0.00174165784847, -0.00289203459397, 0.00244031008333, -0.00399553356692, -0.000536883191671, 0.00162510154769, 0.00018595851725, -0.00567707326263, 0.0164509881288]]
    },
    "melbands": {
        "dmean": [0.00195159390569, 0.00242185895331, 0.000555057486054, 0.000122397526866, 0.000103761987702, 0.000101656631159, 0.000109350708954, 5.39318061783e-05, 8.29081545817e-05, 7.31235413696e-05, 0.000129531457787, 0.000132658635266, 5.55568694836e-05, 8.90120209078e-05, 9.22773760976e-05, 7.21769029042e-05, 6.9909649028e-05, 7.2223963798e-05, 5.08195043949e-05, 4.50168699899e-05, 3.91992616642e-05, 2.59077824012e-05, 2.54954447882e-05, 2.14188166865e-05, 1.79211147042e-05, 2.02682022064e-05, 1.23039717437e-05, 1.07123560156e-05, 5.99661916567e-06, 5.11779762746e-06, 5.19654986419e-06, 4.61434729004e-06, 3.30112970914e-06, 2.64574282482e-06, 2.2791500669e-06, 1.91579215425e-06, 1.75778700395e-06, 1.536401669e-06, 1.32829381982e-06, 9.21064497561e-07],
        "dmean2": [0.00289617036469, 0.00409698719159, 0.000905151595362, 0.000200088179554, 0.000175850582309, 0.000169609847944, 0.000182193951332, 9.27959335968e-05, 0.000142606295412, 0.00012542901095, 0.000211281803786, 0.000214661689824, 9.07353605726e-05, 0.00014618242858, 0.000150982028572, 0.000119120762974, 0.000115116788947, 0.000117194074846, 8.49845746416e-05, 7.46413061279e-05, 6.32867886452e-05, 4.17522387579e-05, 4.13217458117e-05, 3.33494172082e-05, 2.80523508991e-05, 3.31329465553e-05, 1.98874331545e-05, 1.7083959392e-05, 9.59047883953e-06, 8.13680162537e-06, 8.17001000541e-06, 7.11235315976e-06, 5.09050096298e-06, 4.06378558182e-06, 3.59690011464e-06, 3.07797085952e-06, 2.81162670035e-06, 2.32903471442e-06, 1.9406577394e-06, 1.33541789182e-06],
        "dvar": [1.6485560991e-05, 2.37141866819e-05, 9.73875216914e-07, 2.97422424467e-08, 5.19759311146e-08, 6.33272065897e-08, 5.95823479443e-08, 2.31833272579e-08, 8.28568644806e-08, 5.96259397412e-08, 7.20915309671e-08, 6.51378186944e-08, 1.22193020147e-08, 6.1216503866e-08, 5.39673372657e-08, 2.09871231505e-08, 1.61881974492e-08, 1.36052040745e-08, 8.5188789356e-09, 8.35570546087e-09, 5.46378187138e-09, 1.92133420285e-09, 1.16104348358e-09, 7.7274903143e-10, 5.51074352817e-10, 8.60730875463e-10, 2.42581260634e-10, 2.10391745692e-10, 7.67317737127e-11, 5.68097270615e-11, 7.07037900449e-11, 6.0017497916e-11, 3.13771092442e-11, 2.62036867898e-11, 2.14064616727e-11, 2.88106240254e-11, 2.82569020266e-11, 3.07331347871e-11, 1.92402933863e-11, 1.18888111161e-11],
        "dvar2": [2.84077195829e-05, 6.27310582786e-05, 2.45944283961e-06, 7.88767664517e-08, 1.40806889704e-07, 1.68828918845e-07, 1.38161212249e-07, 6.35641228541e-08, 2.44336007427e-07, 1.74503497874e-07, 1.89663978745e-07, 1.65922728002e-07, 2.95860296262e-08, 1.59715185077e-07, 1.42832035976e-07, 5.06753252694e-08, 4.22811936573e-08, 3.27598890237e-08, 2.38351276494e-08, 2.07920329842e-08, 1.42065257336e-08, 4.76670836136e-09, 2.88892509914e-09, 1.83193793468e-09, 1.31694211092e-09, 2.14539119803e-09, 6.29047702816e-10, 5.06637731768e-10, 1.99825878067e-10, 1.33162231242e-10, 1.6315059026e-10, 1.44956463499e-10, 6.95705992815e-11, 5.97034574557e-11, 5.27588493726e-11, 7.04737518342e-11, 6.39734862307e-11, 6.93438015342e-11, 3.62758469097e-11, 2.28715883038e-11],
        "max": [0.0295587405562, 0.0342510268092, 0.0111670307815, 0.00253052357584, 0.00356611749157, 0.00446434877813, 0.00341550842859, 0.00278992881067, 0.00494242599234, 0.00549474637955, 0.00488914549351, 0.00346427713521, 0.00211536046118, 0.00397975370288, 0.00458784354851, 0.00178446178325, 0.00168682367075, 0.00172461580951, 0.00125385925639, 0.00195918092504, 0.00106298609171, 0.000690231157932, 0.000409805012168, 0.000490373000503, 0.000250455312198, 0.000404231977882, 0.000160490075359, 0.000175181310624, 0.000112064466521, 9.967036749e-05, 0.000103013189801, 8.67429480422e-05, 6.28338675597e-05, 8.26755349408e-05, 6.81540113874e-05, 6.5041189373e-05, 8.87283022166e-05, 0.000119864474982, 9.03321997612e-05, 0.000100910241599],
        "mean": [0.00248044892214, 0.00296230986714, 0.000721771561075, 0.000200177149964, 0.000140049829497, 0.000127712177346, 0.000146580074215, 6.45582404104e-05, 8.85310437297e-05, 8.60927975737e-05, 0.000181959432666, 0.000189730693819, 7.83240466262e-05, 0.000121075492643, 0.000141705953865, 0.000103835220216, 9.85440201475e-05, 0.000113897192932, 7.64713986428e-05, 6.79443764966e-05, 6.12549047219e-05, 4.28270868724e-05, 4.30276777479e-05, 3.80247365683e-05, 3.25617365888e-05, 3.39004000125e-05, 2.19181129069e-05, 1.75473469426e-05, 9.78063508228e-06, 7.98361816123e-06, 8.28385509521e-06, 7.02149145582e-06, 5.58099691261e-06, 4.43447970611e-06, 3.68943119611e-06, 2.71539420282e-06, 2.49589834311e-06, 2.16758098759e-06, 1.94067683879e-06, 1.33722357987e-06],
        "median": [0.000550267519429, 0.00141378538683, 0.000387231993955, 0.000153452114318, 8.4925457486e-05, 5.92950891587e-05, 5.96792488068e-05, 3.02807256958e-05, 2.55839368037e-05, 2.91318265226e-05, 7.32978951419e-05, 6.94247501087e-05, 3.83336882805e-05, 4.94950509164e-05, 5.07043368998e-05, 4.51155392511e-05, 4.77934227092e-05, 5.68903378735e-05, 3.92058755097e-05, 3.32524869009e-05, 3.12796546496e-05, 2.58569325524e-05, 2.83497192868e-05, 2.68188705377e-05, 2.42065270868e-05, 2.17508386413e-05, 1.5369421817e-05, 1.086969678e-05, 5.27455449628e-06, 4.52782887805e-06, 4.09901758758e-06, 3.50401501237e-06, 2.78118454844e-06, 2.15537716031e-06, 1.69393467786e-06, 1.08203835225e-06, 7.81516575898e-07, 6.64913613946e-07, 5.16759087077e-07, 3.90294701447e-07],
        "min": [1.30315982005e-07, 1.50019587863e-07, 8.95916585364e-08, 2.47737744985e-07, 5.29408453076e-07, 8.51000478974e-08, 2.70142635372e-07, 1.08994257175e-07, 9.22064415931e-08, 1.90577438275e-07, 1.78821494501e-07, 5.4152884843e-08, 2.12360234286e-07, 2.00361540692e-07, 1.62369531154e-07, 8.61747437853e-08, 4.46777107754e-07, 1.56066093382e-07, 2.218353643e-07, 2.9898811249e-07, 1.59034058811e-07, 7.10464931331e-08, 9.81114425258e-08, 1.51644940161e-07, 1.93445501395e-07, 1.17639231689e-07, 1.00181985374e-07, 1.99630214581e-08, 1.72967880019e-08, 2.46191955711e-08, 3.11742525128e-08, 5.37878364071e-08, 1.3059375803e-08, 2.41980941951e-08, 3.23753535092e-09, 3.60807472788e-09, 8.51880255226e-09, 4.48051790114e-10, 3.48794382266e-10, 6.01745986373e-10],
