{
"highlevel": {
    "danceability": {
        "all": {
            "danceable": 6.8141090992e-08,
            "not_danceable": 0.999999940395
        },
        "probability": 0.999999940395,
        "value": "not_danceable"
    },
    "gender": {
        "all": {
            "female": 0.605565845966,
            "male": 0.394434124231
        },
        "probability": 0.605565845966,
        "value": "female"
    },
    "genre_dortmund": {
        "all": {
            "alternative": 0.21637776494,
            "blues": 0.0323878377676,
            "electronic": 0.0305169466883,
            "folkcountry": 0.02348799631,
            "funksoulrnb": 0.00289941951632,
            "jazz": 0.00375846051611,
            "pop": 0.0300321616232,
            "raphiphop": 0.00222603138536,
            "rock": 0.658313393593
        },
        "probability": 0.658313393593,
        "value": "rock"
    },
    "genre_electronic": {
        "all": {
            "ambient": 0.168596193194,
            "dnb": 0.783610165119,
            "house": 0.00907709263265,
            "techno": 0.00287837930955,
            "trance": 0.0358381569386
        },
        "probability": 0.783610165119,
        "value": "dnb"
    },
    "genre_rosamerica": {
        "all": {
            "cla": 0.00147163518704,
            "dan": 0.000379121309379,
            "hip": 0.00180475017987,
            "jaz": 0.000279418687569,
            "pop": 0.0204606372863,
            "rhy": 0.000267800991423,
            "roc": 0.975222289562,
            "spe": 0.000114372363896
        },
        "probability": 0.975222289562,
        "value": "roc"
    },
    "genre_tzanetakis": {
        "all": {
            "blu": 0.0626541376114,
            "cla": 0.0348133966327,
            "cou": 0.0783501937985,
            "dis": 0.104547761381,
            "hip": 0.15693578124,
            "jaz": 0.313987255096,
            "met": 0.044816005975,
            "pop": 0.0627349764109,
            "reg": 0.0627352520823,
            "roc": 0.0784252434969
        },
        "probability": 0.313987255096,
        "value": "jaz"
    },
    "ismir04_rhythm": {
        "all": {
            "ChaChaCha": 0.106270231307,
            "Jive": 0.605587542057,
            "Quickstep": 0.0222736373544,
            "Rumba-American": 0.00787185784429,
            "Rumba-International": 0.00608006957918,
            "Rumba-Misc": 0.00373028381728,
            "Samba": 0.0907670930028,
            "Tango": 0.0107022449374,
            "VienneseWaltz": 0.134673058987,
            "Waltz": 0.0120440004393
        },
        "probability": 0.605587542057,
        "value": "Jive"
    },
    "mood_acoustic": {
        "all": {
            "acoustic": 8.52386506267e-07,
            "not_acoustic": 0.999999165535
        },
        "probability": 0.999999165535,
        "value": "not_acoustic"
    },
    "mood_aggressive": {
        "all": {
            "aggressive": 0.999711573124,
            "not_aggressive": 0.000288451235974
        },
        "probability": 0.999711573124,
        "value": "aggressive"
    },
    "mood_electronic": {
        "all": {
            "electronic": 0.0468156114221,
            "not_electronic": 0.953184366226
        },
        "probability": 0.953184366226,
        "value": "not_electronic"
    },
    "mood_happy": {
        "all": {
            "happy": 0.558031976223,
            "not_happy": 0.441967993975
        },
        "probability": 0.558031976223,
        "value": "happy"
    },
    "mood_party": {
        "all": {
            "not_party": 0.49421364069,
            "party": 0.50578635931
        },
        "probability": 0.50578635931,
        "value": "party"
    },
    "mood_relaxed": {
        "all": {
            "not_relaxed": 0.989033281803,
            "relaxed": 0.0109667116776
        },
        "probability": 0.989033281803,
        "value": "not_relaxed"
    },
    "mood_sad": {
        "all": {
            "not_sad": 0.957612395287,
            "sad": 0.0423876307905
        },
        "probability": 0.957612395287,
        "value": "not_sad"
    },
    "moods_mirex": {
        "all": {
            "Cluster1": 0.584164857864,
            "Cluster2": 0.0187735874206,
            "Cluster3": 0.0505352318287,
            "Cluster4": 0.0263597611338,
            "Cluster5": 0.320166528225
        },
        "probability": 0.584164857864,
        "value": "Cluster1"
    },
    "timbre": {
        "all": {
            "bright": 0.976570904255,
            "dark": 0.0234290733933
        },
        "probability": 0.976570904255,
        "value": "bright"
    },
    "tonal_atonal": {
        "all": {
            "atonal": 0.5,
            "tonal": 0.5
        },
        "probability": 0.5,
        "value": "tonal"
    },
    "voice_instrumental": {
        "all": {
            "instrumental": 0.0015772950137,
            "voice": 0.998422682285
        },
        "probability": 0.998422682285,
        "value": "voice"
    }
},
"lowlevel": {
    "average_loudness": 0.977352082729,
    "barkbands_crest": {
        "dmean": 1.94076514244,
        "dmean2": 3.338337183,
        "dvar": 3.7982544899,
        "dvar2": 10.9974374771,
        "max": 18.2006092072,
        "mean": 6.89582872391,
        "median": 6.4235868454,
        "min": 2.39625382423,
        "var": 7.59046697617
    },
    "barkbands_flatness_db": {
        "dmean": 0.0130915995687,
        "dmean2": 0.0213253926486,
        "dvar": 0.000137111375807,
        "dvar2": 0.00035001555807,
        "max": 0.166753605008,
        "mean": 0.0997233167291,
        "median": 0.0992923825979,
        "min": 0.0338495224714,
        "var": 0.00042212032713
    },
    "barkbands_kurtosis": {
        "dmean": 0.400074869394,
        "dmean2": 0.680379986763,
        "dvar": 0.300196349621,
        "dvar2": 0.853835582733,
        "max": 4.95025777817,
        "mean": -0.954628944397,
        "median": -1.18240582943,
        "min": -1.78816378117,
        "var": 0.515873253345
    },
    "barkbands_skewness": {
        "dmean": 0.319220542908,
        "dmean2": 0.519192874432,
        "dvar": 0.0828907415271,
        "dvar2": 0.2288056463,
        "max": 2.37747240067,
        "mean": 0.277590870857,
        "median": 0.260884582996,
        "min": -1.59185874462,
        "var": 0.267433255911
    },
    "barkbands_spread": {
        "dmean": 4.49878835678,
        "dmean2": 7.2649435997,
        "dvar": 18.4077033997,
        "dvar2": 43.5881843567,
        "max": 83.8085479736,
        "mean": 39.1010131836,
        "median": 40.0479316711,
        "min": 13.684425354,
        "var": 70.2172546387
    },
    "dissonance": {
        "dmean": 0.00724734459072,
        "dmean2": 0.0123009644449,
        "dvar": 4.48071841674e-05,
        "dvar2": 0.000120621494716,
        "max": 0.499986231327,
        "mean": 0.487146496773,
        "median": 0.489599347115,
        "min": 0.437429487705,
        "var": 8.764591621e-05
    },
    "dynamic_complexity": 0.716329574585,
    "erbbands_crest": {
        "dmean": 1.96670007706,
        "dmean2": 3.28467822075,
        "dvar": 3.55709838867,
        "dvar2": 8.79397106171,
        "max": 23.6833992004,
        "mean": 7.51960372925,
        "median": 6.84633684158,
        "min": 3.03949928284,
        "var": 8.06185722351
    },
    "erbbands_flatness_db": {
        "dmean": 0.013830954209,
        "dmean2": 0.0204004552215,
        "dvar": 0.000166537007317,
        "dvar2": 0.000332220894052,
        "max": 0.241022139788,
        "mean": 0.16131208837,
        "median": 0.162643969059,
        "min": 0.0915223360062,
        "var": 0.000536661304068
    },
    "erbbands_kurtosis": {
        "dmean": 0.706926524639,
        "dmean2": 1.13754415512,
        "dvar": 0.505378723145,
        "dvar2": 1.16089630127,
        "max": 9.36536884308,
        "mean": 0.978835105896,
        "median": 0.794111728668,
        "min": -1.39998447895,
        "var": 1.42140579224
    },
    "erbbands_skewness": {
        "dmean": 0.244204357266,
        "dmean2": 0.394018799067,
        "dvar": 0.0390047244728,
        "dvar2": 0.101561509073,
        "max": 1.95916163921,
        "mean": -0.566946387291,
        "median": -0.624919056892,
        "min": -2.35872220993,
        "var": 0.243289217353
    },
    "erbbands_spread": {
        "dmean": 4.31398773193,
        "dmean2": 6.89211654663,
        "dvar": 14.29255867,
        "dvar2": 34.5011138916,
        "max": 59.8670730591,
        "mean": 26.3045787811,
        "median": 25.2107105255,
        "min": 7.34301757812,
        "var": 57.6563148499
    },
    "hfc": {
        "dmean": 7.02024936676,
        "dmean2": 10.8963317871,
        "dvar": 55.1811676025,
        "dvar2": 117.545059204,
        "max": 135.664260864,
        "mean": 39.930721283,
        "median": 37.4856758118,
        "min": 8.65051460266,
        "var": 211.402282715
    },
    "melbands_crest": {
        "dmean": 2.67088270187,
        "dmean2": 4.55218839645,
        "dvar": 6.13270521164,
        "dvar2": 16.6516647339,
        "max": 23.2889461517,
        "mean": 11.8069324493,
        "median": 11.5140733719,
        "min": 3.23971533775,
        "var": 16.824382782
    },
    "melbands_flatness_db": {
        "dmean": 0.0177686344832,
        "dmean2": 0.0290693119168,
        "dvar": 0.000274356832961,
        "dvar2": 0.00071615842171,
        "max": 0.235324770212,
        "mean": 0.128999486566,
        "median": 0.127894222736,
        "min": 0.0283916518092,
        "var": 0.00114969071001
    },
    "melbands_kurtosis": {
        "dmean": 1.67121136189,
        "dmean2": 2.79171395302,
        "dvar": 4.8101143837,
        "dvar2": 13.9759063721,
        "max": 28.1271343231,
        "mean": 1.72760605812,
        "median": 0.883940458298,
        "min": -1.64717292786,
        "var": 9.52473640442
    },
    "melbands_skewness": {
        "dmean": 0.443998873234,
        "dmean2": 0.730860888958,
        "dvar": 0.172224551439,
        "dvar2": 0.479267716408,
        "max": 4.83183050156,
        "mean": 1.42591392994,
        "median": 1.33807337284,
        "min": -0.511233925819,
        "var": 0.540479779243
    },
    "melbands_spread": {
        "dmean": 8.82375812531,
        "dmean2": 14.4187660217,
        "dvar": 65.7816390991,
        "dvar2": 169.026245117,
        "max": 157.774093628,
        "mean": 51.2566947937,
        "median": 50.8747291565,
        "min": 13.1583127975,
        "var": 245.988327026
    },
    "pitch_salience": {
        "dmean": 0.0555724017322,
        "dmean2": 0.091789059341,
        "dvar": 0.00230954354629,
        "dvar2": 0.00659532658756,
        "max": 0.771067500114,
        "mean": 0.56401258707,
        "median": 0.567452788353,
        "min": 0.294063180685,
        "var": 0.00645357882604
    },
    "silence_rate_20dB": {
        "dmean": 0,
        "dmean2": 0,
        "dvar": 0,
        "dvar2": 0,
        "max": 1,
        "mean": 1,
        "median": 1,
        "min": 1,
        "var": 0
    },
    "silence_rate_30dB": {
        "dmean": 0,
        "dmean2": 0,
        "dvar": 0,
        "dvar2": 0,
        "max": 1,
        "mean": 1,
        "median": 1,
        "min": 1,
        "var": 0
    },
    "silence_rate_60dB": {
        "dmean": 0,
        "dmean2": 0,
        "dvar": 0,
        "dvar2": 0,
        "max": 0,
        "mean": 0,
        "median": 0,
        "min": 0,
        "var": 0
    },
    "spectral_centroid": {
        "dmean": 152.721420288,
        "dmean2": 243.953140259,
        "dvar": 19705.0234375,
        "dvar2": 46750.5976562,
        "max": 3665.61572266,
        "mean": 2220.71435547,
        "median": 2260.91210938,
        "min": 1053.88366699,
        "var": 103497.234375
    },
    "spectral_complexity": {
        "dmean": 3.82894730568,
        "dmean2": 6.14252519608,
        "dvar": 9.63561534882,
        "dvar2": 24.1453495026,
        "max": 57,
        "mean": 37.9775733948,
        "median": 38,
        "min": 12,
        "var": 49.6273956299
    },
    "spectral_decrease": {
        "dmean": 1.33755251319e-09,
        "dmean2": 2.21800022793e-09,
        "dvar": 1.76029845295e-18,
        "dvar2": 4.68810940096e-18,
        "max": -1.8019802317e-09,
        "mean": -7.4503265779e-09,
        "median": -7.40061478766e-09,
        "min": -1.67464833112e-08,
        "var": 4.27910705195e-18
    },
    "spectral_energy": {
        "dmean": 0.00534868892282,
        "dmean2": 0.00881138071418,
        "dvar": 2.68893272732e-05,
        "dvar2": 6.98695730534e-05,
        "max": 0.0665652826428,
        "mean": 0.031741078943,
        "median": 0.0316806770861,
        "min": 0.00877125281841,
        "var": 6.84744372847e-05
    },
    "spectral_energyband_high": {
        "dmean": 0.000530990597326,
        "dmean2": 0.000793645333033,
        "dvar": 6.69370649575e-07,
        "dvar2": 1.41704322232e-06,
        "max": 0.0160495843738,
        "mean": 0.00160008401144,
        "median": 0.00115484849084,
        "min": 0.000175440378371,
        "var": 2.03585591407e-06
    },
    "spectral_energyband_low": {
        "dmean": 0.0043534762226,
        "dmean2": 0.00745572755113,
        "dvar": 2.56974908552e-05,
        "dvar2": 6.98358853697e-05,
        "max": 0.0490941554308,
        "mean": 0.0110556250438,
        "median": 0.0100690256804,
        "min": 0.000230479854508,
        "var": 5.52297242393e-05
    },
    "spectral_energyband_middle_high": {
        "dmean": 0.00258623040281,
        "dmean2": 0.00410545244813,
        "dvar": 6.23338155492e-06,
        "dvar2": 1.54261906573e-05,
        "max": 0.0464866496623,
        "mean": 0.0136849833652,
        "median": 0.0136001398787,
        "min": 0.00206558010541,
        "var": 2.16977914533e-05
    },
    "spectral_energyband_middle_low": {
        "dmean": 0.00172366865445,
        "dmean2": 0.00276695517823,
        "dvar": 3.5474829474e-06,
        "dvar2": 8.90129376785e-06,
        "max": 0.0237217023969,
        "mean": 0.00660904496908,
        "median": 0.00602518115193,
        "min": 0.000581202970352,
        "var": 8.35600894789e-06
    },
    "spectral_entropy": {
        "dmean": 0.0868921652436,
        "dmean2": 0.13162624836,
        "dvar": 0.00760001316667,
        "dvar2": 0.0160797387362,
        "max": 8.56596279144,
        "mean": 7.85303688049,
        "median": 7.83290290833,
        "min": 7.35583972931,
        "var": 0.0278068687767
    },
    "spectral_flux": {
        "dmean": 0.0141712119803,
        "dmean2": 0.0226062238216,
        "dvar": 0.000178358473931,
        "dvar2": 0.000425643083872,
        "max": 0.181575357914,
        "mean": 0.0893543884158,
        "median": 0.0869454368949,
        "min": 0.0366026572883,
        "var": 0.00041327366489
    },
    "spectral_kurtosis": {
        "dmean": 1.13957715034,
        "dmean2": 1.9973180294,
        "dvar": 1.01646053791,
        "dvar2": 2.95174050331,
        "max": 11.5747337341,
        "mean": 3.8340075016,
        "median": 3.66403961182,
        "min": -0.409115076065,
        "var": 2.26758503914
    },
    "spectral_rms": {
        "dmean": 0.000468935584649,
        "dmean2": 0.0007687053876,
        "dvar": 1.91997514776e-07,
        "dvar2": 4.94658252137e-07,
        "max": 0.00805864389986,
        "mean": 0.0055162073113,
        "median": 0.00555949425325,
        "min": 0.0029252897948,
        "var": 5.38333097211e-07
    },
    "spectral_rolloff": {
        "dmean": 350.064178467,
        "dmean2": 593.488952637,
        "dvar": 189475.546875,
        "dvar2": 400144.5,
        "max": 9000.87890625,
        "mean": 2571.64550781,
        "median": 2497.8515625,
        "min": 409.130859375,
        "var": 664181
    },
    "spectral_skewness": {
        "dmean": 0.151222497225,
        "dmean2": 0.251187354326,
        "dvar": 0.0151288388297,
        "dvar2": 0.0393257141113,
        "max": 2.66368460655,
        "mean": 1.22811472416,
        "median": 1.22344434261,
        "min": 0.451260536909,
        "var": 0.047240678221
    },
    "spectral_spread": {
        "dmean": 343195.9375,
        "dmean2": 507353.21875,
        "dvar": 227168174080,
        "dvar2": 359019970560,
        "max": 14951394,
        "mean": 3576829.5,
        "median": 3411412.75,
        "min": 2207494.5,
        "var": 691796508672
    },
    "spectral_strongpeak": {
        "dmean": 0.726336956024,
        "dmean2": 1.27773606777,
        "dvar": 1.76130831242,
        "dvar2": 4.4303393364,
        "max": 10.3970565796,
        "mean": 0.960304379463,
        "median": 0.324773848057,
        "min": 0.0316822603345,
        "var": 2.26575064659
    },
    "zerocrossingrate": {
        "dmean": 0.00733971362934,
        "dmean2": 0.00852430891246,
        "dvar": 5.76758502575e-05,
        "dvar2": 5.68024115637e-05,
        "max": 0.27001953125,
        "mean": 0.0833503305912,
        "median": 0.080078125,
        "min": 0.0302734375,
        "var": 0.000504890456796
    },
    "barkbands": {
        "dmean": [0.000205450342037, 0.00336770201102, 0.00148529815488, 0.000645258114673, 0.000724647485185, 0.000358807767043, 0.000630213646218, 0.000360960577382, 0.000310359755531, 0.000673549016938, 0.00031430128729, 0.000427684542956, 0.000413872505305, 0.000699309632182, 0.000993409310468, 0.000938085489906, 0.000842635869049, 0.000790670455899, 0.000426107930252, 0.000224052244448, 0.000171212202986, 0.000154062945512, 0.000119727737911, 8.37467523525e-05, 3.31818846462e-05, 1.84164073289e-05, 2.51408067697e-08],
        "dmean2": [0.000326571142068, 0.0057921577245, 0.00256941886619, 0.00107635860331, 0.00125480152201, 0.000586178037338, 0.00099999201484, 0.000565860129427, 0.000471966806799, 0.00101451540831, 0.000499765214045, 0.000658828939777, 0.000665838015266, 0.00108334282413, 0.00162050267681, 0.00150106661022, 0.00140112114605, 0.00134398497175, 0.000709429557901, 0.000372705340851, 0.000281500600977, 0.000242256181082, 0.000196414272068, 0.000123471210827, 4.79818008898e-05, 2.51302662946e-05, 4.63951579377e-08],
        "dvar": [1.35632618026e-07, 2.0203373424e-05, 2.75280194728e-06, 7.32278522264e-07, 9.82339201983e-07, 1.87324445733e-07, 1.15192892736e-06, 3.27902625941e-07, 3.48326437916e-07, 1.30254079522e-06, 2.11853091514e-07, 3.05523059296e-07, 3.23028814364e-07, 5.98358667503e-07, 2.16431840272e-06, 1.22314804685e-06, 7.93069091287e-07, 1.07890855361e-06, 2.55583302078e-07, 5.47071294932e-08, 5.15060882833e-08, 5.51475523025e-08, 4.49617942877e-08, 6.98449156289e-08, 5.09366149259e-09, 1.35976718774e-09, 1.01147482249e-14],
        "dvar2": [2.94478951446e-07, 5.83115397603e-05, 7.79531819717e-06, 1.87250770978e-06, 2.84142197415e-06, 5.37903758868e-07, 2.67756854555e-06, 7.47184344618e-07, 8.63684476826e-07, 3.45152011505e-06, 5.16557804531e-07, 7.34371496947e-07, 8.25951190109e-07, 1.29331590415e-06, 5.63217645322e-06, 2.84997872768e-06, 2.1328389721e-06, 2.79227242572e-06, 6.59217278098e-07, 1.40132982551e-07, 1.35787189492e-07, 1.2575442554e-07, 1.16407846917e-07, 1.16559839114e-07, 9.7515737707e-09, 2.96531488253e-09, 2.85878227558e-14],
        "max": [0.00464067934081, 0.0439203158021, 0.0160006694496, 0.0106990355998, 0.0106818387285, 0.00540326628834, 0.0178967285901, 0.009940687567, 0.0104409577325, 0.018411770463, 0.00660335505381, 0.00940203666687, 0.00748882489279, 0.0113195534796, 0.032983046025, 0.0171572547406, 0.00939395837486, 0.0133036691695, 0.00626334734261, 0.00349745666608, 0.00265773432329, 0.00311673362739, 0.00244051311165, 0.00891589093953, 0.00165404099971, 0.000446231599199, 1.42061674069e-06],
        "mean": [0.000284604146145, 0.00701993890107, 0.0029467206914, 0.00125676929019, 0.00130932650063, 0.000740999064874, 0.00130695058033, 0.000846915179864, 0.000669674016535, 0.00148935464676, 0.00058394134976, 0.000897993799299, 0.000750126841012, 0.00139616744127, 0.00209360895678, 0.00193614768796, 0.0017467669677, 0.00160198216327, 0.000992566463538, 0.000602996908128, 0.000429402338341, 0.000344527972629, 0.000251495832345, 0.000154424298671, 6.34566604276e-05, 2.42023179453e-05, 1.65674460817e-08],
        "median": [0.000132818342536, 0.00596943497658, 0.00231218826957, 0.00079251936404, 0.000937713251915, 0.000540745502803, 0.000889102986548, 0.000548968790099, 0.000404494348913, 0.000909739115741, 0.000339609279763, 0.00060812861193, 0.000468145182822, 0.00101762264967, 0.00148497440387, 0.00151687616017, 0.0014556623064, 0.00124547607265, 0.000827696232591, 0.000538142223377, 0.000358889374183, 0.000201663773623, 0.000143319848576, 7.23863849998e-05, 2.74653575616e-05, 8.28853171697e-06, 1.00378472201e-09],
        "min": [1.91181655396e-07, 4.54286855529e-05, 1.75001987373e-05, 1.5888876078e-05, 5.44248759979e-05, 3.94709750253e-05, 2.31635585806e-05, 5.87308659306e-06, 1.34962674565e-05, 4.40747462562e-05, 1.65151614056e-05, 4.47306229034e-05, 2.20934452955e-05, 6.62428792566e-05, 0.000103240723547, 0.000110813482024, 0.000131267428515, 0.000106501225673, 7.58183814469e-05, 5.0733149692e-05, 3.34798642143e-05, 1.7680649762e-05, 9.52387654252e-06, 3.20716799251e-06, 8.61733781221e-07, 1.51980128482e-09, 6.51281025638e-12],
        "var": [2.04975918905e-07, 3.28811547661e-05, 6.30480326436e-06, 1.80520237336e-06, 1.54524389018e-06, 4.15153209588e-07, 2.25448593483e-06, 1.0643556152e-06, 6.58945339183e-07, 3.65287860404e-06, 4.68154496502e-07, 9.49692605445e-07, 6.765739613e-07, 1.52075392634e-06, 4.11647124565e-06, 2.6060467917e-06, 1.56669761964e-06, 1.75777086042e-06, 5.09728636189e-07, 1.21364877259e-07, 1.09790697422e-07, 1.51392740122e-07, 8.82284041381e-08, 1.80573806574e-07, 1.27100241443e-08, 2.11112061166e-09, 6.31977338232e-15]
    },
    "erbbands": {
        "dmean": [0.0867071375251, 0.82657623291, 1.72779119015, 1.93586134911, 2.40326070786, 2.41484308243, 1.66253376007, 3.19353485107, 8.5034236908, 7.62747383118, 8.53410816193, 8.02094650269, 14.1025295258, 22.5770378113, 11.1928367615, 18.2343330383, 21.9353675842, 27.8509731293, 43.1331596375, 39.2840003967, 51.8187026978, 40.4293823242, 43.2354164124, 26.4891548157, 12.5938100815, 10.6089057922, 8.10637187958, 5.99482011795, 5.99235010147, 4.33867454529, 3.32045149803, 2.10595202446, 1.18391060829, 0.537770271301, 0.154194042087, 0.0888648927212, 0.0355399884284, 0.00150316662621, 3.66627828043e-05, 7.94092466094e-06],
        "dmean2": [0.145916759968, 1.43607413769, 2.98671030998, 3.22906708717, 4.12378549576, 4.14458608627, 2.78990149498, 5.20350933075, 13.1797132492, 12.493970871, 13.1674070358, 11.8730182648, 20.3702716827, 36.5677223206, 17.1422138214, 28.1973495483, 35.198841095, 42.4248809814, 70.7285385132, 62.7333755493, 82.9940185547, 67.2590560913, 72.7210464478, 43.1268081665, 21.3496856689, 17.5611228943, 13.2691545486, 9.89211940765, 9.54281711578, 6.8554444313, 5.4955906868, 3.16551852226, 1.77550697327, 0.786827921867, 0.22141122818, 0.121629074216, 0.0499870702624, 0.00230267178267, 5.38217063877e-05, 1.24839689306e-05],
        "dvar": [0.0168440975249, 1.19338691235, 4.06962680817, 5.77706050873, 9.47105884552, 14.6011600494, 6.06325721741, 16.7504310608, 166.200210571, 208.538452148, 306.250305176, 201.50428772, 301.360015869, 2818.40893555, 180.642272949, 549.914733887, 878.670654297, 1037.68945312, 4136.7890625, 1784.57543945, 4845.54199219, 1558.79199219, 3077.52856445, 1170.05187988, 161.371185303, 110.903610229, 99.8848800659, 87.1640853882, 75.7315444946, 67.7544021606, 32.4767112732, 20.9440193176, 20.6134605408, 1.83055436611, 0.073009647429, 0.0291517358273, 0.00560758402571, 1.2606373275e-05, 6.10934414169e-09, 8.00074867469e-11],
        "dvar2": [0.0469180233777, 3.44246864319, 11.7481813431, 14.4785928726, 26.877166748, 42.4597969055, 17.8827934265, 47.8040390015, 378.170074463, 546.798461914, 735.114807129, 464.064422607, 601.963806152, 7777.31445312, 388.642883301, 1326.53198242, 2294.734375, 2222.87866211, 10890.3759766, 4293.82958984, 10874.8554688, 4276.37353516, 8051.50830078, 2934.16625977, 443.410583496, 287.770019531, 252.934616089, 229.837020874, 177.832580566, 158.354019165, 86.0026092529, 39.925655365, 33.0033874512, 3.3247218132, 0.134846046567, 0.0586352311075, 0.0127452127635, 3.09537936118e-05, 1.45520768768e-08, 1.73522168856e-10],
        "max": [1.01647698879, 10.9327125549, 22.0202350616, 34.4913330078, 29.6585292816, 46.7672538757, 29.6009368896, 54.1329727173, 185.598724365, 207.351791382, 320.718383789, 309.474761963, 312.901062012, 846.880493164, 194.196151733, 376.117614746, 407.094116211, 462.139160156, 1549.79772949, 608.390563965, 1177.20788574, 405.359222412, 714.646789551, 458.257720947, 145.457214355, 117.495742798, 124.418670654, 122.597496033, 112.157272339, 144.336959839, 65.7108840942, 134.729263306, 143.051071167, 33.1157608032, 5.20031690598, 2.85421657562, 0.831637322903, 0.0447797626257, 0.00100107304752, 0.000124909813167],
        "mean": [0.146472707391, 1.72087192535, 3.77170991898, 4.25554084778, 4.48602437973, 4.06380605698, 3.34897685051, 6.64191102982, 17.8644065857, 15.4705190659, 20.9896965027, 18.6645908356, 32.933555603, 44.2206001282, 26.9237213135, 38.4506454468, 42.9665298462, 60.8847770691, 97.2794723511, 95.8557052612, 117.436508179, 97.6500396729, 93.3952865601, 60.4628753662, 35.2403717041, 27.7252750397, 22.4310340881, 13.9350605011, 13.1875705719, 8.88481140137, 6.99450302124, 4.18078279495, 2.11699581146, 0.991216480732, 0.31764537096, 0.13337571919, 0.0423371866345, 0.00160930969287, 6.59534416627e-05, 4.48818245786e-05],
        "median": [0.110890544951, 1.41471743584, 3.01876878738, 3.10239362717, 3.24147105217, 2.75955080986, 2.23513388634, 4.7779583931, 11.2843551636, 9.8012008667, 12.3822517395, 11.1063861847, 22.145116806, 23.3765792847, 18.6108608246, 26.8340148926, 29.0584373474, 44.1839027405, 77.4915008545, 78.2085418701, 91.0134429932, 88.248840332, 75.376083374, 49.4642028809, 31.7701358795, 25.0387954712, 18.7243309021, 10.2554922104, 7.60851097107, 4.92709922791, 4.00046682358, 2.24180841446, 0.892043590546, 0.421201020479, 0.149176865816, 0.0493894480169, 0.0129909478128, 0.000420079217292, 3.68676483049e-05, 4.34397625213e-05],
        "min": [0.00075559259858, 0.0195114538074, 0.0478381067514, 0.118962973356, 0.250769197941, 0.241810277104, 0.221215426922, 0.505814254284, 0.493053644896, 0.274424731731, 0.280578106642, 0.593420445919, 0.611986458302, 1.23683059216, 1.19119489193, 2.59030461311, 2.95368885994, 4.11332130432, 6.70638608932, 8.41202259064, 8.53214836121, 7.63531589508, 8.83401679993, 3.42551040649, 3.52478885651, 2.17047524452, 1.15751874447, 0.890176594257, 0.830240547657, 0.407413899899, 0.243682429194, 0.0987310260534, 0.0265740081668, 0.00809851568192, 0.00249998364598, 0.00174721516669, 0.000102216748928, 1.28878818941e-05, 8.25660936243e-06, 1.25028846014e-05],
        "var": [0.0205444507301, 2.09109830856, 9.03263378143, 14.4193468094, 15.8662281036, 19.8971652985, 11.3906459808, 36.952041626, 409.562347412, 320.400360107, 856.671569824, 528.684692383, 1056.89440918, 6175.015625, 689.602050781, 1442.61450195, 1806.45361328, 2859.29638672, 7117.7109375, 4332.56787109, 10157.3681641, 3338.8034668, 5275.59960938, 2286.36157227, 340.143066406, 244.433059692, 260.039123535, 162.866851807, 206.113525391, 145.373840332, 65.3903274536, 56.1077003479, 52.9754447937, 4.88154888153, 0.218765154481, 0.0566196888685, 0.00738340988755, 1.29753907459e-05, 7.91785392806e-09, 2.01629338226e-10]
    },
    "gfcc": {
        "mean": [54.2552947998, 84.6155471802, -151.661270142, 55.1209945679, -47.5621604919, 25.1198787689, -36.7551345825, 17.3878993988, -14.4272012711, 3.00774860382, -15.5177507401, -2.11589813232, -10.4255857468],
        "cov": [[464.540008545, -314.131225586, 153.402053833, 4.72842168808, -25.7238769531, 36.562789917, -33.9972991943, 34.2516403198, -40.5523033142, 54.8432769775, -94.4235992432, 70.3235626221, -64.8321456909], [-314.131225586, 432.000762939, -128.304443359, 16.1904602051, 85.3622207642, -69.1615982056, 83.4716339111, -14.8780593872, 55.907333374, -45.7994194031, 77.4528884888, -73.7824783325, 41.0545120239], [153.402053833, -128.304443359, 224.024627686, 11.6296443939, 4.93978500366, 50.6494636536, -41.1527099609, 32.4871520996, -21.0543041229, 39.1707458496, -40.3958854675, 38.8153190613, -35.1372108459], [4.72842168808, 16.1904602051, 11.6296443939, 133.012695312, 28.6796417236, 8.61778640747, 6.43880319595, -9.44797229767, 36.5925254822, -7.11524868011, 4.71933555603, -30.5516548157, -3.17763924599], [-25.7238769531, 85.3622207642, 4.93978500366, 28.6796417236, 167.315597534, -17.4848995209, 43.319934845, 29.0181407928, 4.13476800919, 18.7119102478, -6.36121702194, -3.88760733604, -22.4455852509], [36.562789917, -69.1615982056, 50.6494636536, 8.61778640747, -17.4848995209, 109.956787109, 12.292301178, 8.85877418518, -7.58298158646, -5.11412382126, 3.57056307793, 5.61600160599, 8.32770824432], [-33.9972991943, 83.4716339111, -41.1527099609, 6.43880319595, 43.319934845, 12.292301178, 94.6388168335, 19.8657073975, 12.8288049698, -7.64362955093, 6.80072689056, -8.50201225281, -2.11553812027], [34.2516403198, -14.8780593872, 32.4871520996, -9.44797229767, 29.0181407928, 8.85877418518, 19.8657073975, 67.9765930176, 13.2257852554, 12.4043073654, -14.7034168243, 6.82953262329, -8.27886009216], [-40.5523033142, 55.907333374, -21.0543041229, 36.5925254822, 4.13476800919, -7.58298158646, 12.8288049698, 13.2257852554, 74.1831130981, 12.6504611969, 12.4607000351, -22.2592754364, 4.49263477325], [54.8432769775, -45.7994194031, 39.1707458496, -7.11524868011, 18.7119102478, -5.11412382126, -7.64362955093, 12.4043073654, 12.6504611969, 59.1378250122, -0.668178975582, 14.8713283539, -23.7722702026], [-94.4235992432, 77.4528884888, -40.3958854675, 4.71933555603, -6.36121702194, 3.57056307793, 6.80072689056, -14.7034168243, 12.4607000351, -0.668178975582, 65.503364563, -2.48027992249, 20.5915737152], [70.3235626221, -73.7824783325, 38.8153190613, -30.5516548157, -3.88760733604, 5.61600160599, -8.50201225281, 6.82953262329, -22.2592754364, 14.8713283539, -2.48027992249, 71.2434539795, 7.66518592834], [-64.8321456909, 41.0545120239, -35.1372108459, -3.17763924599, -22.4455852509, 8.32770824432, -2.11553812027, -8.27886009216, 4.49263477325, -23.7722702026, 20.5915737152, 7.66518592834, 62.2007904053]],
        "icov": [[0.00631234142929, 0.00181524897926, -0.000183915850357, -0.0025205060374, 0.00170443346724, -0.000429419102147, -0.000895990466233, -0.00122595066205, 0.00167968822643, -0.00312349945307, 0.00558461342007, -0.00414289161563, 0.00297417747788], [0.00181524897926, 0.013540873304, -0.00642723822966, 0.00605132058263, -0.00676719611511, 0.010315136984, -0.0102156121284, 0.00544163724408, -0.00776165211573, 0.0105461282656, -0.0127287628129, 0.011020607315, -0.00636622030288], [-0.000183915850357, -0.00642723822966, 0.0130536686629, -0.00617544399574, 0.00357733201236, -0.00981685519218, 0.00969078857452, -0.00694514298812, 0.00637110229582, -0.00949295144528, 0.0103188594803, -0.00984700024128, 0.00682862242684], [-0.0025205060374, 0.00605132058263, -0.00617544399574, 0.0162568110973, -0.00749242119491, 0.00469357147813, -0.00474689900875, 0.00822118762881, -0.0121861640364, 0.0115170497447, -0.0101960999891, 0.0108601367101, -0.00435957312584], [0.00170443346724, -0.00676719611511, 0.00357733201236, -0.00749242119491, 0.0132413059473, -0.00362127856351, 0.00130774301942, -0.00690696109086, 0.00829662661999, -0.010561673902, 0.00931088253856, -0.00749470572919, 0.00547484727576], [-0.000429419102147, 0.010315136984, -0.00981685519218, 0.00469357147813, -0.00362127856351, 0.0210902672261, -0.0124199967831, 0.00391061697155, -0.00461020274088, 0.0102557707578, -0.0142741994932, 0.0116464002058, -0.00905115623027], [-0.000895990466233, -0.0102156121284, 0.00969078857452, -0.00474689900875, 0.00130774301942, -0.0124199967831, 0.0242642071098, -0.00875445827842, 0.00391866965219, -0.0051531731151, 0.00948034599423, -0.010536015965, 0.00874276552349], [-0.00122595066205, 0.00544163724408, -0.00694514298812, 0.00822118762881, -0.00690696109086, 0.00391061697155, -0.00875445827842, 0.0252253748477, -0.0115532288328, 0.00623092474416, -0.00346172973514, 0.00547566078603, -0.00464199716225], [0.00167968822643, -0.00776165211573, 0.00637110229582, -0.0121861640364, 0.00829662661999, -0.00461020274088, 0.00391866965219, -0.0115532288328, 0.0295091830194, -0.018817320466, 0.00848261080682, -0.00258515635505, 0.000244156923145], [-0.00312349945307, 0.0105461282656, -0.00949295144528, 0.0115170497447, -0.010561673902, 0.0102557707578, -0.0051531731151, 0.00623092474416, -0.018817320466, 0.0417651608586, -0.0202757455409, 0.00580730009824, 0.00379693880677], [0.00558461342007, -0.0127287628129, 0.0103188594803, -0.0101960999891, 0.00931088253856, -0.0142741994932, 0.00948034599423, -0.00346172973514, 0.00848261080682, -0.0202757455409, 0.0413863323629, -0.0177849456668, 0.00479212449864], [-0.00414289161563, 0.011020607315, -0.00984700024128, 0.0108601367101, -0.00749470572919, 0.0116464002058, -0.010536015965, 0.00547566078603, -0.00258515635505, 0.00580730009824, -0.0177849456668, 0.0355973988771, -0.016586067155], [0.00297417747788, -0.00636622030288, 0.00682862242684, -0.00435957312584, 0.00547484727576, -0.00905115623027, 0.00874276552349, -0.00464199716225, 0.000244156923145, 0.00379693880677, 0.00479212449864, -0.016586067155, 0.0317716151476]]
    },
    "melbands": {
        "dmean": [0.00083435891429, 0.000945634907112, 0.000313675176585, 0.000190016973647, 5.80767846259e-05, 7.74379295763e-05, 0.000130789470859, 7.74212458055e-05, 7.43718410376e-05, 4.72767278552e-05, 7.09402447683e-05, 9.34446870815e-05, 4.1843712097e-05, 4.42705786554e-05, 4.44902907475e-05, 4.35636065959e-05, 6.08019799984e-05, 6.56774354866e-05, 8.31986544654e-05, 4.86157405248e-05, 7.44965072954e-05, 5.04233212268e-05, 6.43149833195e-05, 2.13333296415e-05, 2.62023404503e-05, 1.21083694467e-05, 8.68771257956e-06, 7.83364703238e-06, 6.03306807534e-06, 4.70340455649e-06, 3.58338616024e-06, 3.69878966922e-06, 2.94609094453e-06, 2.49150502896e-06, 2.19103617383e-06, 1.59998944582e-06, 1.33074297537e-06, 9.30490614337e-07, 6.48900140732e-07, 4.24790812303e-07],
        "dmean2": [0.00142854009755, 0.00163699651603, 0.00052404316375, 0.000332159543177, 9.72475172603e-05, 0.000124992991914, 0.000203188683372, 0.000126863014884, 0.000113501751912, 7.04431877239e-05, 0.000101981699117, 0.00015077869466, 6.50417350698e-05, 6.69585642754e-05, 6.87505016685e-05, 7.00536256772e-05, 9.29046145757e-05, 0.000107530417154, 0.000133879468194, 7.96760505182e-05, 0.000119420234114, 8.34428647067e-05, 0.000109705200884, 3.50310692738e-05, 4.28287639807e-05, 2.07174653042e-05, 1.45368994708e-05, 1.31575288833e-05, 9.95085883915e-06, 7.88992110756e-06, 5.95501933276e-06, 5.99962777414e-06, 4.59062584923e-06, 4.05417767979e-06, 3.70413204109e-06, 2.54193992077e-06, 1.98686666408e-06, 1.4332582623e-06, 9.0386578222e-07, 6.52739970519e-07],
        "dvar": [1.38403720484e-06, 1.25191490952e-06, 1.40729838449e-07, 7.01822386873e-08, 7.49129913657e-09, 9.03175934042e-09, 4.29667892377e-08, 1.87885031977e-08, 2.63935735489e-08, 6.80914835627e-09, 8.00218735719e-09, 4.76415742412e-08, 2.9767392995e-09, 3.84025744538e-09, 2.8440803046e-09, 2.88820634076e-09, 5.02353536547e-09, 7.50684403528e-09, 1.31793296276e-08, 3.09831937884e-09, 1.05357580438e-08, 3.13329473478e-09, 7.09403824573e-09, 6.47937703491e-10, 1.24872068241e-09, 1.63790439545e-10, 8.73406902357e-11, 6.3627422775e-11, 5.93467705534e-11, 3.46793878336e-11, 3.51558435141e-11, 2.78080631438e-11, 2.39300679966e-11, 2.44326052445e-11, 1.49626352974e-11, 6.86482815038e-12, 1.08142661492e-11, 1.33125533167e-11, 4.81300112612e-12, 9.10152595651e-13],
        "dvar2": [3.9695905798e-06, 3.55123142981e-06, 3.60775800345e-07, 2.0318833549e-07, 2.22184883825e-08, 2.4251747277e-08, 9.71883409306e-08, 4.92007288244e-08, 6.53358753766e-08, 1.55133328406e-08, 1.57668473832e-08, 1.31424485517e-07, 6.7363652434e-09, 8.85617179591e-09, 7.06463909594e-09, 7.64286767208e-09, 1.08881748062e-08, 1.93286240346e-08, 3.35142118502e-08, 8.14174683228e-09, 2.34145485223e-08, 8.54046700027e-09, 1.89983531129e-08, 1.66361380227e-09, 3.13592529722e-09, 4.72891115155e-10, 2.33031510755e-10, 1.69653124882e-10, 1.51550536009e-10, 9.33489327504e-11, 9.35495361731e-11, 6.75417846652e-11, 5.35195984752e-11, 6.09625613879e-11, 4.10742863333e-11, 1.70544984385e-11, 1.88042827837e-11, 2.33882982426e-11, 6.64329615624e-12, 1.87809772074e-12],
        "max": [0.0102515351027, 0.0100528011099, 0.00532531645149, 0.00290046236478, 0.00113471562508, 0.00140732782893, 0.00331974914297, 0.00185795244761, 0.0032335894648, 0.00181146187242, 0.00161028467119, 0.00353067996912, 0.000748811115045, 0.00140399194788, 0.000722784141544, 0.000905174354557, 0.00108869757969, 0.00197603041306, 0.00217029382475, 0.000660841586068, 0.00164295977447, 0.000615381926764, 0.00113695103209, 0.000454380555311, 0.000455566158053, 0.000130448766868, 0.000123914229334, 7.61790943216e-05, 0.000100749202829, 6.62994425511e-05, 7.82512288424e-05, 6.5774009272e-05, 7.03522091499e-05, 9.15804921533e-05, 4.9676054914e-05, 4.24119461968e-05, 0.000106561747089, 0.00010693778313, 7.70388869569e-05, 2.07300781767e-05],
        "mean": [0.0016604566481, 0.0022148154676, 0.000734486617148, 0.000330238835886, 0.000120087628602, 0.000160946219694, 0.000274426827673, 0.000154689725605, 0.000179272130481, 0.000102469843114, 0.000160551455338, 0.000179953000043, 8.72806485859e-05, 9.76236042334e-05, 9.09453156055e-05, 8.40033681015e-05, 0.000119202421047, 0.000139490904985, 0.000178964415682, 9.99822077574e-05, 0.000153358967509, 9.87435996649e-05, 0.00011889932648, 4.89402409585e-05, 5.16677755513e-05, 2.89607014565e-05, 2.02711580641e-05, 1.7917713194e-05, 1.51367894432e-05, 1.03871698229e-05, 7.29878638595e-06, 7.91210186435e-06, 5.77858190809e-06, 4.63450987809e-06, 4.1878729462e-06, 3.32927515956e-06, 2.24340033128e-06, 1.50017206124e-06, 1.153621497e-06, 7.35308333333e-07],
        "median": [0.00137014710344, 0.00183542724699, 0.000581250642426, 0.00023731093097, 8.19476845209e-05, 0.000114581394882, 0.000175939698238, 0.000104444225144, 0.000105218103272, 6.01328611083e-05, 0.000105703977169, 9.12258765311e-05, 5.46680312254e-05, 6.52484959573e-05, 6.72411551932e-05, 5.96059799136e-05, 8.2111248048e-05, 0.000111367946374, 0.000127326711663, 7.81554990681e-05, 0.000113284644613, 7.86139862612e-05, 8.70042204042e-05, 4.18880736106e-05, 3.94565176975e-05, 2.52595400525e-05, 1.78616428457e-05, 1.5201115275e-05, 1.17709669212e-05, 8.63005880092e-06, 4.75038586956e-06, 4.58683507532e-06, 3.16097907671e-06, 2.48799506153e-06, 2.39347741626e-06, 1.98052680389e-06, 1.07860273602e-06, 5.90675654166e-07, 4.64539567702e-07, 3.15917020544e-07],
        "min": [1.01442283267e-05, 3.68790897483e-05, 2.21603986574e-05, 1.47802738866e-05, 7.63995922171e-06, 9.09702066565e-06, 6.40808821117e-06, 2.1921989628e-06, 1.680252808e-06, 2.60799924945e-06, 2.2396377517e-06, 4.29336432717e-06, 2.60646993411e-06, 2.29155421039e-06, 3.98263364332e-06, 3.87441741623e-06, 5.54835878575e-06, 5.61487240702e-06, 8.90823048394e-06, 7.95553387434e-06, 6.93177480571e-06, 6.2460881054e-06, 7.91777620179e-06, 3.12119300361e-06, 2.14876558857e-06, 2.55468785326e-06, 2.12862596527e-06, 8.82350150277e-07, 5.73482111577e-07, 4.09708718507e-07, 2.77137701232e-07, 4.31101682352e-07, 2.77564510043e-07, 1.60778242275e-07, 9.85762582673e-08, 6.99900439827e-08, 3.89487908592e-08, 1.57309685278e-08, 7.18783299547e-09, 5.7212545812e-09],
