{
"highlevel": {
    "danceability": {
        "all": {
            "danceable": 0.108747981489,
            "not_danceable": 0.891252040863
        },
        "probability": 0.891252040863,
        "value": "not_danceable"
    },
    "gender": {
        "all": {
            "female": 0.216523349285,
            "male": 0.783476650715
        },
        "probability": 0.783476650715,
        "value": "male"
    },
    "genre_dortmund": {
        "all": {
            "alternative": 0.241835325956,
            "blues": 0.0300571713597,
            "electronic": 0.0719126835465,
            "folkcountry": 0.119210556149,
            "funksoulrnb": 0.0101641146466,
            "jazz": 0.0108199929819,
            "pop": 0.0331677347422,
            "raphiphop": 0.0177295655012,
            "rock": 0.465102851391
        },
        "probability": 0.465102851391,
        "value": "rock"
    },
    "genre_electronic": {
        "all": {
            "ambient": 0.402117043734,
            "dnb": 0.0629684701562,
            "house": 0.247639298439,
            "techno": 0.012224232778,
            "trance": 0.275050967932
        },
        "probability": 0.402117043734,
        "value": "ambient"
    },
    "genre_rosamerica": {
        "all": {
            "cla": 0.0352843813598,
            "dan": 0.0781165510416,
            "hip": 0.0232330840081,
            "jaz": 0.0149168912321,
            "pop": 0.2746925354,
            "rhy": 0.118038073182,
            "roc": 0.430895656347,
            "spe": 0.0248228032142
        },
        "probability": 0.430895656347,
        "value": "roc"
    },
    "genre_tzanetakis": {
        "all": {
            "blu": 0.0626613423228,
            "cla": 0.0348169617355,
            "cou": 0.104475811124,
            "dis": 0.0784321576357,
            "hip": 0.15692435205,
            "jaz": 0.313974827528,
            "met": 0.0448166541755,
            "pop": 0.0627359300852,
            "reg": 0.0627360641956,
            "roc": 0.0784258767962
        },
        "probability": 0.313974827528,
        "value": "jaz"
    },
    "ismir04_rhythm": {
        "all": {
            "ChaChaCha": 0.0973909497261,
            "Jive": 0.329330503941,
            "Quickstep": 0.0371122024953,
            "Rumba-American": 0.0139101045206,
            "Rumba-International": 0.1019230932,
            "Rumba-Misc": 0.010064301081,
            "Samba": 0.27401638031,
            "Tango": 0.0257142186165,
            "VienneseWaltz": 0.101484112442,
            "Waltz": 0.00905412528664
        },
        "probability": 0.329330503941,
        "value": "Jive"
    },
    "mood_acoustic": {
        "all": {
            "acoustic": 0.0312313977629,
            "not_acoustic": 0.968768596649
        },
        "probability": 0.968768596649,
        "value": "not_acoustic"
    },
    "mood_aggressive": {
        "all": {
            "aggressive": 0.341787725687,
            "not_aggressive": 0.658212304115
        },
        "probability": 0.658212304115,
        "value": "not_aggressive"
    },
    "mood_electronic": {
        "all": {
            "electronic": 0.89112585783,
            "not_electronic": 0.108874164522
        },
        "probability": 0.89112585783,
        "value": "electronic"
    },
    "mood_happy": {
        "all": {
            "happy": 0.818711340427,
            "not_happy": 0.181288689375
        },
        "probability": 0.818711340427,
        "value": "happy"
    },
    "mood_party": {
        "all": {
            "not_party": 0.582526445389,
            "party": 0.417473524809
        },
        "probability": 0.582526445389,
        "value": "not_party"
    },
    "mood_relaxed": {
        "all": {
            "not_relaxed": 0.435783147812,
            "relaxed": 0.564216852188
        },
        "probability": 0.564216852188,
        "value": "relaxed"
    },
    "mood_sad": {
        "all": {
            "not_sad": 0.811615467072,
            "sad": 0.188384532928
        },
        "probability": 0.811615467072,
        "value": "not_sad"
    },
    "moods_mirex": {
        "all": {
            "Cluster1": 0.440552055836,
            "Cluster2": 0.135361194611,
            "Cluster3": 0.0650918781757,
            "Cluster4": 0.048427876085,
            "Cluster5": 0.310566961765
        },
        "probability": 0.440552055836,
        "value": "Cluster1"
    },
    "timbre": {
        "all": {
            "bright": 0.374748051167,
            "dark": 0.625251948833
        },
        "probability": 0.625251948833,
        "value": "dark"
    },
    "tonal_atonal": {
        "all": {
            "atonal": 0.345742315054,
            "tonal": 0.654257714748
        },
        "probability": 0.654257714748,
        "value": "tonal"
    },
    "voice_instrumental": {
        "all": {
            "instrumental": 0.00258708163165,
            "voice": 0.997412919998
        },
        "probability": 0.997412919998,
        "value": "voice"
    }
},
"lowlevel": {
    "average_loudness": 0.980025053024,
    "barkbands_crest": {
        "dmean": 2.7248506546,
        "dmean2": 4.67514562607,
        "dvar": 6.84751272202,
        "dvar2": 19.2218341827,
        "max": 20.4238300323,
        "mean": 8.3902349472,
        "median": 7.85068035126,
        "min": 2.15162825584,
        "var": 10.5214862823
    },
    "barkbands_flatness_db": {
        "dmean": 0.0248801931739,
        "dmean2": 0.0400942377746,
        "dvar": 0.000640128331725,
        "dvar2": 0.00143489986658,
        "max": 0.307029664516,
        "mean": 0.146830022335,
        "median": 0.142103150487,
        "min": 0.0533512346447,
        "var": 0.0021007580217
    },
    "barkbands_kurtosis": {
        "dmean": 2.74958586693,
        "dmean2": 4.45311355591,
        "dvar": 15.8097257614,
        "dvar2": 39.8991088867,
        "max": 44.1628608704,
        "mean": 4.17498064041,
        "median": 2.13451528549,
        "min": -1.78008592129,
        "var": 37.2030906677
    },
    "barkbands_skewness": {
        "dmean": 0.514963686466,
        "dmean2": 0.852395892143,
        "dvar": 0.287844240665,
        "dvar2": 0.749544024467,
        "max": 6.03725910187,
        "mean": 1.69680249691,
        "median": 1.5977345705,
        "min": -0.399770230055,
        "var": 0.971829116344
    },
    "barkbands_spread": {
        "dmean": 7.13800811768,
        "dmean2": 11.4120798111,
        "dvar": 68.940574646,
        "dvar2": 166.57510376,
        "max": 67.0849990845,
        "mean": 23.2781925201,
        "median": 20.8252639771,
        "min": 2.2371981144,
        "var": 171.60295105
    },
    "dissonance": {
        "dmean": 0.0143104866147,
        "dmean2": 0.0235856771469,
        "dvar": 0.000164786251844,
        "dvar2": 0.000386353669455,
        "max": 0.499803692102,
        "mean": 0.46855276823,
        "median": 0.472895979881,
        "min": 0.346459299326,
        "var": 0.000467803911306
    },
    "dynamic_complexity": 1.86067545414,
    "erbbands_crest": {
        "dmean": 1.99469566345,
        "dmean2": 3.24671053886,
        "dvar": 3.3511800766,
        "dvar2": 8.15089607239,
        "max": 18.2907085419,
        "mean": 6.85866975784,
        "median": 6.36243534088,
        "min": 2.35694599152,
        "var": 7.59658765793
    },
    "erbbands_flatness_db": {
        "dmean": 0.0167442373931,
        "dmean2": 0.0240576565266,
        "dvar": 0.00030012417119,
        "dvar2": 0.000542618217878,
        "max": 0.269053816795,
        "mean": 0.15607342124,
        "median": 0.155219823122,
        "min": 0.0776676386595,
        "var": 0.00123931677081
    },
    "erbbands_kurtosis": {
        "dmean": 0.57926350832,
        "dmean2": 0.925616562366,
        "dvar": 0.544728696346,
        "dvar2": 1.11518859863,
        "max": 8.77382087708,
        "mean": -0.359285116196,
        "median": -0.626549005508,
        "min": -1.82412028313,
        "var": 1.23765325546
    },
    "erbbands_skewness": {
        "dmean": 0.339815348387,
        "dmean2": 0.525642514229,
        "dvar": 0.10894626379,
        "dvar2": 0.223808467388,
        "max": 2.64923667908,
        "mean": 0.238793775439,
        "median": 0.143946126103,
        "min": -1.71717083454,
        "var": 0.40048673749
    },
    "erbbands_spread": {
        "dmean": 9.02817440033,
        "dmean2": 13.9281606674,
        "dvar": 96.5542678833,
        "dvar2": 198.151245117,
        "max": 131.806777954,
        "mean": 46.2769737244,
        "median": 44.3429870605,
        "min": 13.0542554855,
        "var": 258.568572998
    },
    "hfc": {
        "dmean": 11.4041061401,
        "dmean2": 18.6974029541,
        "dvar": 485.426757812,
        "dvar2": 1295.0982666,
        "max": 160.522003174,
        "mean": 22.191318512,
        "median": 16.4204940796,
        "min": 0.837170541286,
        "var": 460.809265137
    },
    "melbands_crest": {
        "dmean": 3.21215105057,
        "dmean2": 5.51704978943,
        "dvar": 8.46965122223,
        "dvar2": 23.4780197144,
        "max": 28.2485713959,
        "mean": 12.2360506058,
        "median": 11.6536026001,
        "min": 3.83025288582,
        "var": 15.6419410706
    },
    "melbands_flatness_db": {
        "dmean": 0.0326600931585,
        "dmean2": 0.0512692295015,
        "dvar": 0.00117236864753,
        "dvar2": 0.00271277711727,
        "max": 0.396680474281,
        "mean": 0.194228157401,
        "median": 0.197359248996,
        "min": 0.0421885401011,
        "var": 0.00449069729075
    },
    "melbands_kurtosis": {
        "dmean": 6.68492937088,
        "dmean2": 11.0943231583,
        "dvar": 93.6075592041,
        "dvar2": 256.982269287,
        "max": 127.862854004,
        "mean": 14.1810970306,
        "median": 9.96170520782,
        "min": -0.831483840942,
        "var": 181.607940674
    },
    "melbands_skewness": {
        "dmean": 0.695006608963,
        "dmean2": 1.14071941376,
        "dvar": 0.531945824623,
        "dvar2": 1.4000723362,
        "max": 9.05142593384,
        "mean": 2.91315126419,
        "median": 2.73708343506,
        "min": 0.0445221252739,
        "var": 1.61375439167
    },
    "melbands_spread": {
        "dmean": 7.85489559174,
        "dmean2": 12.9884023666,
        "dvar": 91.8676376343,
        "dvar2": 238.29574585,
        "max": 100.453155518,
        "mean": 22.6971702576,
        "median": 18.2511978149,
        "min": 2.31302642822,
        "var": 258.181976318
    },
    "pitch_salience": {
        "dmean": 0.0782059505582,
        "dmean2": 0.131833910942,
        "dvar": 0.00543910544366,
        "dvar2": 0.0153491375968,
        "max": 0.856513619423,
        "mean": 0.628301680088,
        "median": 0.634143233299,
        "min": 0.26481282711,
        "var": 0.0084229176864
    },
    "silence_rate_20dB": {
        "dmean": 0,
        "dmean2": 0,
        "dvar": 0,
        "dvar2": 0,
        "max": 1,
        "mean": 1,
        "median": 1,
        "min": 1,
        "var": 0
    },
    "silence_rate_30dB": {
        "dmean": 0,
        "dmean2": 0,
        "dvar": 0,
        "dvar2": 0,
        "max": 1,
        "mean": 1,
        "median": 1,
        "min": 1,
        "var": 0
    },
    "silence_rate_60dB": {
        "dmean": 0.00464396271855,
        "dmean2": 0.00929511990398,
        "dvar": 0.00462229503319,
        "dvar2": 0.0138558875769,
        "max": 1,
        "mean": 0.00232018553652,
        "median": 0,
        "min": 0,
        "var": 0.00231487792917
    },
    "spectral_centroid": {
        "dmean": 303.207702637,
        "dmean2": 478.863006592,
        "dvar": 118003.625,
        "dvar2": 287476.9375,
        "max": 3222.35229492,
        "mean": 1328.64245605,
        "median": 1259.17541504,
        "min": 262.244567871,
        "var": 371787.9375
    },
    "spectral_complexity": {
        "dmean": 5.771671772,
        "dmean2": 8.77226924896,
        "dvar": 54.2259025574,
        "dvar2": 109.385650635,
        "max": 58,
        "mean": 23.1353435516,
        "median": 21,
        "min": 4,
        "var": 125.719413757
    },
    "spectral_decrease": {
        "dmean": 2.812780453e-09,
        "dmean2": 4.35620739481e-09,
        "dvar": 1.47335508193e-17,
        "dvar2": 3.31520589185e-17,
        "max": -4.23578477848e-10,
        "mean": -7.80946418644e-09,
        "median": -6.42236352988e-09,
        "min": -3.39169794472e-08,
        "var": 2.73176777799e-17
    },
    "spectral_energy": {
        "dmean": 0.0111999921501,
        "dmean2": 0.0174491591752,
        "dvar": 0.000235447383602,
        "dvar2": 0.000516649801284,
        "max": 0.130502775311,
        "mean": 0.0314875394106,
        "median": 0.0261248648167,
        "min": 0.00167461810634,
        "var": 0.000434108660556
    },
    "spectral_energyband_high": {
        "dmean": 0.00107839738484,
        "dmean2": 0.00185008603148,
        "dvar": 5.94381890551e-06,
        "dvar2": 1.63187705766e-05,
        "max": 0.019704086706,
        "mean": 0.00114545086399,
        "median": 0.000322132138535,
        "min": 6.04725528319e-06,
        "var": 4.43517865278e-06
    },
    "spectral_energyband_low": {
        "dmean": 0.00822893716395,
        "dmean2": 0.013601928018,
        "dvar": 0.000182286763447,
        "dvar2": 0.000460779556306,
        "max": 0.11432133615,
        "mean": 0.0132095357403,
        "median": 0.00830283761024,
        "min": 7.41755138733e-05,
        "var": 0.000247252319241
    },
    "spectral_energyband_middle_high": {
        "dmean": 0.00219020992517,
        "dmean2": 0.00357597251423,
        "dvar": 1.40724023368e-05,
        "dvar2": 3.66627500625e-05,
        "max": 0.0336873829365,
        "mean": 0.00488154869527,
        "median": 0.00356289348565,
        "min": 0.000123397840071,
        "var": 2.12208778976e-05
    },
    "spectral_energyband_middle_low": {
        "dmean": 0.00466484669596,
        "dmean2": 0.00768296793103,
        "dvar": 3.42143903254e-05,
        "dvar2": 8.87107817107e-05,
        "max": 0.0497730784118,
        "mean": 0.0136803537607,
        "median": 0.012349483557,
        "min": 0.000879484752659,
        "var": 6.80027005728e-05
    },
    "spectral_entropy": {
        "dmean": 0.172556608915,
        "dmean2": 0.244674950838,
        "dvar": 0.0425630062819,
        "dvar2": 0.0826218426228,
        "max": 8.48201560974,
        "mean": 7.62828111649,
        "median": 7.61546134949,
        "min": 6.10060739517,
        "var": 0.162604540586
    },
    "spectral_flux": {
        "dmean": 0.0266753006727,
        "dmean2": 0.0404062792659,
        "dvar": 0.00105144584086,
        "dvar2": 0.00197495776229,
        "max": 0.292105674744,
        "mean": 0.0955714061856,
        "median": 0.0814945027232,
        "min": 0.018301140517,
        "var": 0.00265902490355
    },
    "spectral_kurtosis": {
        "dmean": 1.85036671162,
        "dmean2": 3.12417221069,
        "dvar": 4.88173675537,
        "dvar2": 14.246181488,
        "max": 24.7979679108,
        "mean": 3.3886756897,
        "median": 2.70012998581,
        "min": -0.629525661469,
        "var": 7.12809801102
    },
    "spectral_rms": {
        "dmean": 0.00090867630206,
        "dmean2": 0.00141102925409,
        "dvar": 1.18153320727e-06,
        "dvar2": 2.50672223956e-06,
        "max": 0.0112836072221,
        "mean": 0.00527294678614,
        "median": 0.00504853157327,
        "min": 0.00127819157206,
        "var": 2.91559490506e-06
    },
    "spectral_rolloff": {
        "dmean": 631.630004883,
        "dmean2": 1098.07727051,
        "dvar": 922834.625,
        "dvar2": 2351384.5,
        "max": 7450.48828125,
        "mean": 1385.05371094,
        "median": 925.927734375,
        "min": 129.19921875,
        "var": 1650645.375
    },
    "spectral_skewness": {
        "dmean": 0.259732574224,
        "dmean2": 0.425093173981,
        "dvar": 0.0733692869544,
        "dvar2": 0.19621399045,
        "max": 3.67776966095,
        "mean": 1.27885437012,
        "median": 1.25140476227,
        "min": 0.0261758212,
        "var": 0.155793011189
    },
    "spectral_spread": {
        "dmean": 537130.25,
        "dmean2": 765800.1875,
        "dvar": 376296734720,
        "dvar2": 733048406016,
        "max": 10940534,
        "mean": 4092107.5,
        "median": 3918304.25,
        "min": 1908126.375,
        "var": 1.62507063296e+12
    },
    "spectral_strongpeak": {
        "dmean": 0.347388714552,
        "dmean2": 0.583742380142,
        "dvar": 0.207954496145,
        "dvar2": 0.516544044018,
        "max": 4.82437610626,
        "mean": 0.59516453743,
        "median": 0.390166759491,
        "min": 0,
        "var": 0.372672706842
    },
    "zerocrossingrate": {
        "dmean": 0.0108060566708,
        "dmean2": 0.0134525075555,
        "dvar": 0.000110046530608,
        "dvar2": 0.000152481676196,
        "max": 0.2041015625,
        "mean": 0.0571138001978,
        "median": 0.0498046875,
        "min": 0.0068359375,
        "var": 0.000884821405634
    },
    "barkbands": {
        "dmean": [0.000289043440716, 0.00578823871911, 0.00337400310673, 0.00168810889591, 0.0019105297979, 0.00186552735977, 0.000661442987621, 0.000965459272265, 0.000612607633229, 0.000240324661718, 0.000257903680904, 0.000423319754191, 0.000543807051145, 0.000365437590517, 0.000258498388575, 0.000265183480224, 0.000226131276577, 0.000311693031108, 0.000336205557687, 0.000266098213615, 0.000271157798124, 0.0003109597601, 0.000247224321356, 0.000115906826977, 4.73350337415e-05, 1.17124027383e-05, 1.04301793868e-08],
        "dmean2": [0.00041597976815, 0.0099095152691, 0.0059413346462, 0.0029435348697, 0.00309755397029, 0.00312184961513, 0.00112380646169, 0.00158970011398, 0.00100235594437, 0.000396532064769, 0.000445354176918, 0.000717742659617, 0.000924077467062, 0.000609976996202, 0.000425308506237, 0.000444076082204, 0.00037833704846, 0.000513808219694, 0.000578284554649, 0.000474891858175, 0.00049092026893, 0.000535150466021, 0.000412715628045, 0.000193543863134, 7.51658299123e-05, 1.98619618459e-05, 1.480641032e-08],
        "dvar": [2.97876368904e-07, 0.000109311629785, 4.19909774791e-05, 5.87618706049e-06, 7.20179559721e-06, 9.00775103219e-06, 9.03985608147e-07, 3.91119010601e-06, 1.04465198092e-06, 1.26386723309e-07, 1.86657118206e-07, 5.16859643085e-07, 9.60760417001e-07, 3.38959779356e-07, 1.90641486597e-07, 1.85297224675e-07, 1.49124957716e-07, 2.29158985121e-07, 3.5972658452e-07, 4.65048174192e-07, 5.70976339986e-07, 4.45200697641e-07, 2.18094442062e-07, 9.06373855969e-08, 1.35950548596e-08, 1.36817901453e-09, 3.93614109947e-14],
        "dvar2": [5.43582075352e-07, 0.000283382280031, 0.000118168623885, 1.75932382263e-05, 1.87624373211e-05, 2.40953140747e-05, 2.44822149398e-06, 9.79909964371e-06, 2.70630926025e-06, 3.06180879761e-07, 5.12924373197e-07, 1.36997482514e-06, 2.6244779292e-06, 8.3847356791e-07, 4.63770959414e-07, 5.04977947458e-07, 4.03043628694e-07, 6.19609465957e-07, 9.82397864391e-07, 1.31336662434e-06, 1.63009724474e-06, 1.22475682929e-06, 5.72170051782e-07, 2.45392641318e-07, 3.45754287423e-08, 3.73792019559e-09, 4.1051048601e-14],
        "max": [0.00765510043129, 0.0741995871067, 0.0651934891939, 0.0295629166067, 0.0367200523615, 0.037217259407, 0.010921205394, 0.0303448997438, 0.0144111132249, 0.00496110413224, 0.00463545229286, 0.00800034031272, 0.00866081938148, 0.00703442795202, 0.00375905027613, 0.00457414565608, 0.00389690767042, 0.00488469842821, 0.00486477650702, 0.00574223091826, 0.00720469746739, 0.00564222224057, 0.00410054437816, 0.00272553157993, 0.00149710616097, 0.000654347648378, 7.05912361809e-06],
        "mean": [0.000402420817409, 0.00706897256896, 0.00435572676361, 0.00265794480219, 0.00426852144301, 0.00317591475323, 0.00116130081005, 0.00137690536212, 0.000925660599023, 0.000361121230526, 0.000348944420693, 0.000627344648819, 0.000786102667917, 0.000564806570765, 0.000352950417437, 0.000396108953282, 0.000335871503921, 0.000510004058015, 0.000530190125573, 0.000263593858108, 0.000241857414949, 0.000301561056403, 0.000263754162006, 0.000141688462463, 5.69377189095e-05, 1.13352571134e-05, 8.65022631302e-09],
        "median": [0.000144888748764, 0.00318874372169, 0.00246797013097, 0.00193228025455, 0.0035221723374, 0.0018054463435, 0.000753674423322, 0.000464973127237, 0.000424282916356, 0.000223366776481, 0.000204154770472, 0.000309251539875, 0.000323477899656, 0.000264045462245, 0.000153744840645, 0.00019894145953, 0.000174952641828, 0.000293383083772, 0.000293704651995, 9.90969201666e-05, 6.53417155263e-05, 9.50063404161e-05, 6.59271972836e-05, 2.33741502598e-05, 9.70303244685e-06, 1.34761899062e-06, 4.47428649686e-10],
        "min": [3.62549172905e-08, 1.52589145728e-05, 1.41104465001e-05, 7.54380926082e-06, 5.37348205398e-05, 7.36857837182e-05, 3.07027730742e-05, 4.93410925628e-06, 9.89466207102e-06, 5.8545747379e-06, 2.78742254523e-06, 5.64676429349e-06, 1.54635802119e-06, 2.84743373413e-06, 4.49173694506e-06, 4.69430688099e-06, 4.52942322227e-06, 4.41416523245e-06, 4.75122351418e-06, 4.41822578523e-07, 7.35823391551e-07, 1.02395313206e-06, 1.16265333361e-07, 2.39882691488e-08, 8.98283003536e-10, 1.03765034759e-11, 9.36446926947e-12],
        "var": [5.5804520116e-07, 0.000117241033877, 3.76531861548e-05, 7.38386825105e-06, 1.19520527733e-05, 1.46902530105e-05, 1.63160746069e-06, 6.68403436066e-06, 1.87784337413e-06, 1.80597780286e-07, 2.09363463455e-07, 7.31518071007e-07, 1.49121126469e-06, 6.334486784e-07, 2.68531749725e-07, 2.65925820031e-07, 2.04614920563e-07, 3.61521415471e-07, 4.54060483435e-07, 3.01042291539e-07, 3.51129529008e-07, 3.23844119521e-07, 2.00386168103e-07, 9.22902216871e-08, 1.82860553366e-08, 1.05809583317e-09, 3.89418044252e-14]
    },
    "erbbands": {
        "dmean": [0.157617792487, 1.40380060673, 3.68698835373, 4.53700256348, 6.43294382095, 5.67421150208, 10.8513441086, 17.7381362915, 10.0958538055, 11.8425951004, 19.6373500824, 11.3534040451, 11.9533128738, 10.4563179016, 10.9025774002, 16.3322887421, 20.5075778961, 20.9897480011, 13.8027982712, 13.1221246719, 14.504655838, 12.6546640396, 15.5634431839, 17.7702293396, 14.7370204926, 12.5665359497, 11.8210096359, 10.5057992935, 12.0584859848, 7.2045378685, 8.182305336, 3.39869022369, 1.6091748476, 0.726228475571, 0.232819497585, 0.0774780362844, 0.019004451111, 0.00112907413859, 3.28660462401e-05, 1.53255768964e-05],
        "dmean2": [0.274174213409, 2.38522815704, 6.35308599472, 7.97583723068, 11.0619277954, 9.51856231689, 17.60896492, 29.860458374, 17.091129303, 19.8458194733, 32.2009849548, 18.6303253174, 19.8325042725, 17.9587841034, 18.4906291962, 27.8485889435, 34.8261871338, 34.4351081848, 22.5773983002, 21.6020050049, 24.2973365784, 21.1363544464, 25.6134872437, 29.8392028809, 26.0858020782, 22.3929672241, 21.549451828, 18.6942253113, 20.8654994965, 12.2250642776, 13.8313188553, 5.7115945816, 2.64054441452, 1.15921056271, 0.376062899828, 0.129993602633, 0.0320079214871, 0.00194995221682, 5.33268575964e-05, 2.37453532463e-05],
        "dvar": [0.0885461717844, 6.5697221756, 44.6474113464, 53.7152671814, 81.1873474121, 81.4042510986, 373.535949707, 765.467956543, 197.618408203, 317.760894775, 1611.87072754, 354.280212402, 387.506469727, 337.245391846, 328.915313721, 867.267700195, 1433.57446289, 1104.15844727, 543.916503906, 540.346679688, 608.301025391, 475.03314209, 583.73614502, 862.393493652, 1028.39562988, 1014.21972656, 1023.07336426, 897.700927734, 663.122253418, 293.994689941, 205.779129028, 64.7713165283, 15.7453212738, 3.0269677639, 0.459572464228, 0.0680831596255, 0.00295920530334, 9.75730472419e-06, 6.38085362326e-09, 4.95812391144e-10],
        "dvar2": [0.248174741864, 17.0327224731, 120.550872803, 157.641921997, 219.523086548, 212.220932007, 1017.14581299, 2022.39135742, 541.538574219, 838.349609375, 4162.22460938, 904.651428223, 1003.39215088, 955.463378906, 900.294250488, 2281.66992188, 3870.14746094, 2795.97680664, 1318.77587891, 1359.24633789, 1684.85864258, 1272.62561035, 1584.68823242, 2223.22045898, 2886.5769043, 2856.13525391, 2914.55004883, 2566.91186523, 1816.23156738, 806.936950684, 529.279846191, 174.215682983, 42.1978187561, 7.64959049225, 1.22248828411, 0.187204584479, 0.00798940006644, 2.71653480013e-05, 1.58294479746e-08, 1.09786513214e-09],
        "max": [2.41654372215, 19.7152748108, 60.4743003845, 70.0818023682, 74.8658599854, 116.78603363, 285.94039917, 269.359008789, 173.600799561, 223.738555908, 592.992980957, 287.308685303, 255.078674316, 220.600646973, 184.924087524, 367.99810791, 360.874816895, 468.969726562, 337.22555542, 203.550018311, 317.763061523, 253.857391357, 297.99407959, 317.846221924, 228.922103882, 268.532653809, 240.751983643, 349.520172119, 226.526901245, 153.697494507, 112.704216003, 68.1538467407, 35.504650116, 19.7681465149, 11.7523002625, 5.31736850739, 0.61222589016, 0.0346203558147, 0.0010822233744, 0.000155676054419],
        "mean": [0.181873753667, 1.65557003021, 4.82961273193, 7.60487222672, 11.4229545593, 11.4640827179, 23.5180206299, 27.7774009705, 17.7963180542, 21.0154399872, 28.8089923859, 18.2109947205, 18.6862850189, 15.1680030823, 16.3324432373, 25.8747615814, 31.1333045959, 34.268157959, 20.8235588074, 18.9032230377, 22.9619178772, 20.2121067047, 26.3577957153, 31.8268203735, 19.3683891296, 12.6262807846, 10.4895105362, 9.51777839661, 11.3982362747, 7.80175113678, 8.27460193634, 3.99545264244, 1.97553312778, 0.895995914936, 0.255764782429, 0.0764542967081, 0.0176079217345, 0.00102984253317, 4.49948165624e-05, 4.033843652e-05],
        "median": [0.0724361911416, 0.709122896194, 2.77465415001, 5.23126316071, 8.25819778442, 9.32162952423, 16.427148819, 13.7685041428, 11.9941244125, 12.5116167068, 10.8009233475, 9.17502307892, 9.25356674194, 8.64784240723, 9.42913722992, 12.0307121277, 14.9884309769, 14.8026218414, 10.1653366089, 8.79823493958, 11.4606180191, 11.667725563, 16.2152519226, 16.197675705, 11.3760786057, 4.89179372787, 2.81123065948, 2.75241422653, 3.5457379818, 2.21162962914, 2.00950670242, 0.757780492306, 0.306473344564, 0.146556645632, 0.0440126024187, 0.0108380382881, 0.00160214118659, 8.6068699602e-05, 2.04855114134e-05, 3.19313476211e-05],
        "min": [0.000314401666401, 0.00438116351143, 0.0344886519015, 0.0872854366899, 0.083381511271, 0.130442157388, 0.300896346569, 0.546369791031, 0.809592366219, 0.698683679104, 0.583358764648, 0.392422676086, 0.404132276773, 0.334986776114, 0.231513336301, 0.219292640686, 0.104874663055, 0.123624272645, 0.369330942631, 0.287504315376, 0.271923333406, 0.286698013544, 0.343364059925, 0.321105509996, 0.217479065061, 0.0554867312312, 0.0401149056852, 0.0478446222842, 0.0369814671576, 0.0127984527498, 0.00431137811393, 0.00101079943124, 0.000108482810901, 3.03325377899e-05, 8.07467495179e-06, 5.96908103034e-06, 9.15808357149e-07, 1.97623833742e-07, 8.42351084884e-07, 1.9097317363e-06],
        "var": [0.0898788571358, 6.75155448914, 44.5379562378, 63.9747123718, 118.312538147, 104.715393066, 703.300231934, 1221.43334961, 335.571716309, 571.098632812, 2646.42749023, 684.366516113, 658.587524414, 423.293365479, 421.295928955, 1249.35754395, 2129.86499023, 2306.96508789, 928.876464844, 734.88067627, 909.60168457, 651.713989258, 912.41192627, 1630.3013916, 787.373046875, 662.610046387, 637.087646484, 550.219665527, 477.404296875, 226.461715698, 191.049209595, 63.5638008118, 17.4192276001, 4.34764242172, 0.432166069746, 0.0521529763937, 0.00233716773801, 7.97087523097e-06, 5.89330584333e-09, 8.03100530522e-10]
    },
    "gfcc": {
        "mean": [9.87843132019, 118.994842529, -129.391952515, 54.5524520874, -64.3047180176, 14.098742485, -39.1915893555, 1.37919509411, -16.5915107727, -6.93622112274, -4.00552225113, -5.11779594421, -10.712433815],
        "cov": [[3034.27807617, -1605.77185059, 171.115631104, -84.5471191406, -227.324493408, 511.642181396, -244.019180298, 374.824035645, -290.534912109, 364.706726074, -238.785049438, 251.397033691, -225.436004639], [-1605.77185059, 1396.41113281, -55.0281295776, 38.926776886, 331.160736084, -386.171081543, 260.692810059, -193.623123169, 181.809768677, -235.169113159, 172.912734985, -167.771362305, 141.212753296], [171.115631104, -55.0281295776, 546.343811035, 26.3731651306, 8.31669616699, 87.1146621704, -39.3936080933, 91.0136108398, -38.8068351746, 48.0425567627, -83.7712402344, 44.5946273804, -27.8484764099], [-84.5471191406, 38.926776886, 26.3731651306, 266.875030518, 20.5566902161, 63.3074951172, 34.9322776794, -69.0375289917, 65.3548812866, -47.1888122559, 40.2079925537, -32.5667037964, 106.374198914], [-227.324493408, 331.160736084, 8.31669616699, 20.5566902161, 259.599182129, -100.164512634, 48.6424598694, 5.68879461288, 1.54723548889, -20.1080551147, 7.16475868225, -19.331697464, 33.9265480042], [511.642181396, -386.171081543, 87.1146621704, 63.3074951172, -100.164512634, 301.736938477, 3.64464473724, 58.7191429138, -26.8188076019, 69.185798645, -22.9622688293, 24.7179069519, 10.0367383957], [-244.019180298, 260.692810059, -39.3936080933, 34.9322776794, 48.6424598694, 3.64464473724, 168.423919678, -33.9908103943, 41.3450546265, -37.7172622681, 41.6367416382, -33.1790733337, 26.5386734009], [374.824035645, -193.623123169, 91.0136108398, -69.0375289917, 5.68879461288, 58.7191429138, -33.9908103943, 177.147659302, -37.1314888, 74.6861419678, -48.5797195435, 39.4086494446, -57.7631874084], [-290.534912109, 181.809768677, -38.8068351746, 65.3548812866, 1.54723548889, -26.8188076019, 41.3450546265, -37.1314888, 122.841415405, -31.0751075745, 39.3968582153, -50.9435958862, 40.6079483032], [364.706726074, -235.169113159, 48.0425567627, -47.1888122559, -20.1080551147, 69.185798645, -37.7172622681, 74.6861419678, -31.0751075745, 118.554977417, -39.3973197937, 36.9250411987, -42.9629402161], [-238.785049438, 172.912734985, -83.7712402344, 40.2079925537, 7.16475868225, -22.9622688293, 41.6367416382, -48.5797195435, 39.3968582153, -39.3973197937, 111.194961548, -10.3838090897, 32.7664718628], [251.397033691, -167.771362305, 44.5946273804, -32.5667037964, -19.331697464, 24.7179069519, -33.1790733337, 39.4086494446, -50.9435958862, 36.9250411987, -10.3838090897, 89.9626922607, -35.1121139526], [-225.436004639, 141.212753296, -27.8484764099, 106.374198914, 33.9265480042, 10.0367383957, 26.5386734009, -57.7631874084, 40.6079483032, -42.9629402161, 32.7664718628, -35.1121139526, 127.29548645]],
        "icov": [[0.00122555939015, 0.000458958907984, 0.000412907917053, -0.000815374951344, -0.000103208054497, -0.000852204393595, 0.000177419788088, -0.000904017593712, 0.00106524571311, -0.00109722046182, 0.000771024439018, -0.000891301140655, 0.000926026783418], [0.000458958907984, 0.0111503498629, -0.00471367640421, 0.00644564256072, -0.00758842751384, 0.00755651341751, -0.0092150522396, 0.00244000530802, -0.00545119959861, 0.00636390270665, -0.00926048122346, 0.00718382000923, -0.00526706734672], [0.000412907917053, -0.00471367640421, 0.00466199731454, -0.00399695476517, 0.00299742375501, -0.0041827573441, 0.00431304983795, -0.00228539248928, 0.00281010288745, -0.00301386648789, 0.00607791310176, -0.00454483693466, 0.00318318512291], [-0.000815374951344, 0.00644564256072, -0.00399695476517, 0.0120339300483, -0.00567837804556, 0.00290640396997, -0.00517956772819, 0.00409881956875, -0.00721945613623, 0.00644209934399, -0.00688040209934, 0.00431715883315, -0.00786173995584], [-0.000103208054497, -0.00758842751384, 0.00299742375501, -0.00567837804556, 0.0110613973811, -0.00223194644786, 0.00413631089032, -0.00373419281095, 0.00603190017864, -0.00575672928244, 0.00649423711002, -0.00408420199528, 0.00164193217643], [-0.000852204393595, 0.00755651341751, -0.0041827573441, 0.00290640396997, -0.00223194644786, 0.012710692361, -0.00885641388595, 0.000573144468945, -0.00239100237377, 0.00205218349583, -0.0073830713518, 0.00657635368407, -0.00636678142473], [0.000177419788088, -0.0092150522396, 0.00431304983795, -0.00517956772819, 0.00413631089032, -0.00885641388595, 0.0160263832659, -0.00166857754812, 0.00313113932498, -0.00391114410013, 0.00627574324608, -0.00532322376966, 0.00590354343876], [-0.000904017593712, 0.00244000530802, -0.00228539248928, 0.00409881956875, -0.00373419281095, 0.000573144468945, -0.00166857754812, 0.0112365167588, -0.00356801785529, -0.000266999704763, -0.00176591938362, 0.00106558331754, -3.95936440327e-05], [0.00106524571311, -0.00545119959861, 0.00281010288745, -0.00721945613623, 0.00603190017864, -0.00239100237377, 0.00313113932498, -0.00356801785529, 0.0181113760918, -0.00639236159623, 0.00253989011981, 0.00178513303399, 0.00279397610575], [-0.00109722046182, 0.00636390270665, -0.00301386648789, 0.00644209934399, -0.00575672928244, 0.00205218349583, -0.00391114410013, -0.000266999704763, -0.00639236159623, 0.0202910117805, -0.00435279076919, 0.00226779375225, -0.00234528817236], [0.000771024439018, -0.00926048122346, 0.00607791310176, -0.00688040209934, 0.00649423711002, -0.0073830713518, 0.00627574324608, -0.00176591938362, 0.00253989011981, -0.00435279076919, 0.0222843326628, -0.0108853913844, 0.00444128876552], [-0.000891301140655, 0.00718382000923, -0.00454483693466, 0.00431715883315, -0.00408420199528, 0.00657635368407, -0.00532322376966, 0.00106558331754, 0.00178513303399, 0.00226779375225, -0.0108853913844, 0.0235561020672, -0.00249088183045], [0.000926026783418, -0.00526706734672, 0.00318318512291, -0.00786173995584, 0.00164193217643, -0.00636678142473, 0.00590354343876, -3.95936440327e-05, 0.00279397610575, -0.00234528817236, 0.00444128876552, -0.00249088183045, 0.0179071836174]]
    },
    "melbands": {
        "dmean": [0.0014807691332, 0.00181486201473, 0.0008101084386, 0.000415232701926, 0.00035584095167, 0.000378167052986, 0.000157096073963, 0.000158289796673, 0.000137944458402, 8.29346172395e-05, 6.05757340963e-05, 4.16829388996e-05, 3.36053490173e-05, 4.7451161663e-05, 5.19730892847e-05, 4.78528891108e-05, 3.78449622076e-05, 2.42248916038e-05, 1.99746282306e-05, 1.71221181517e-05, 1.73419521161e-05, 1.32924596983e-05, 1.42585013236e-05, 1.5731622625e-05, 1.51530784933e-05, 1.2912802049e-05, 9.38779703574e-06, 8.23403297545e-06, 7.69697089709e-06, 6.62642150928e-06, 5.86992155149e-06, 7.31930867914e-06, 5.4235015341e-06, 3.56700616067e-06, 4.69494443678e-06, 3.46917477145e-06, 1.80972028829e-06, 1.25889096125e-06, 8.7570759888e-07, 5.35937147106e-07],
        "dmean2": [0.00253911991604, 0.00307638174854, 0.00140425760765, 0.000696005125064, 0.000572820950765, 0.000635715841781, 0.000266698509222, 0.000263736816123, 0.000225590716582, 0.000136243674206, 0.000100383214885, 7.14076668373e-05, 5.72383542021e-05, 8.02205540822e-05, 8.78452920006e-05, 8.12245416455e-05, 6.22516599833e-05, 4.06113140343e-05, 3.27419802488e-05, 2.86597369268e-05, 2.90916832455e-05, 2.23280894716e-05, 2.36643118114e-05, 2.64114369202e-05, 2.54492151726e-05, 2.25582352869e-05, 1.66880872712e-05, 1.46804632095e-05, 1.4043608644e-05, 1.20197901197e-05, 1.04127893792e-05, 1.27715939016e-05, 9.24100640987e-06, 6.14069085714e-06, 7.97383381723e-06, 5.85269026487e-06, 3.0714593322e-06, 2.11151450458e-06, 1.41220652949e-06, 8.76721173881e-07],
        "dvar": [7.26202597434e-06, 1.01255036498e-05, 1.48267315581e-06, 3.48211386836e-07, 3.59995851795e-07, 3.47794184563e-07, 4.61345948111e-08, 7.23271327274e-08, 7.17620665114e-08, 1.94872136206e-08, 1.00123207503e-08, 5.22218401855e-09, 3.12027426119e-09, 6.8934817854e-09, 1.00516928114e-08, 7.46812567343e-09, 3.38840555614e-09, 1.79883108409e-09, 1.15392584377e-09, 8.54814163898e-10, 8.63601801182e-10, 5.47890288694e-10, 5.29932542292e-10, 6.24074292244e-10, 6.2183530547e-10, 6.12704054159e-10, 5.3738563599e-10, 4.43221598312e-10, 4.32950092444e-10, 3.53787082963e-10, 2.7924720869e-10, 2.55541532379e-10, 1.27770974356e-10, 8.79709152746e-11, 6.95108207105e-11, 3.92672526439e-11, 2.30486237734e-11, 9.04406324137e-12, 4.64934644603e-12, 1.76839174814e-12],
        "dvar2": [1.8930679289e-05, 2.63679503405e-05, 4.28623798143e-06, 9.26518680444e-07, 9.76620071924e-07, 9.22922367863e-07, 1.25704190168e-07, 1.82749033684e-07, 1.85989051715e-07, 5.01348971227e-08, 2.59289230087e-08, 1.46322296501e-08, 8.47048919894e-09, 1.87158715192e-08, 2.68602917686e-08, 2.00789500582e-08, 8.51508641375e-09, 4.4389700804e-09, 2.89718826707e-09, 2.24978169427e-09, 2.39687913961e-09, 1.46005019186e-09, 1.49456913512e-09, 1.65182656442e-09, 1.56782742344e-09, 1.71904701585e-09, 1.52273360587e-09, 1.24803345436e-09, 1.23456045387e-09, 1.01239971961e-09, 7.98244081945e-10, 7.04731051293e-10, 3.47837286752e-10, 2.42179637455e-10, 1.79788003929e-10, 1.01373839878e-10, 6.24915952319e-11, 2.44003411226e-11, 1.23236663929e-11, 4.48217895091e-12],
        "max": [0.0179450549185, 0.0267690438777, 0.0113902864978, 0.0048652049154, 0.00972313247621, 0.00563978310674, 0.00227678078227, 0.0041040754877, 0.0038767545484, 0.00181258795783, 0.00132695178036, 0.000848607101943, 0.000528215314262, 0.00107612088323, 0.00108477310278, 0.00101670878939, 0.000788732722867, 0.000679558783304, 0.000369316810975, 0.000225160736591, 0.000381397665478, 0.000261690525804, 0.00022537674522, 0.000271212891676, 0.00030736924964, 0.000225076219067, 0.000210088925087, 0.000168486716575, 0.000158032853506, 0.000188432371942, 0.000207015880733, 0.000152157255798, 8.33446174511e-05, 0.000113471003715, 7.2026559792e-05, 5.5244894611e-05, 4.6424305765e-05, 2.68005514954e-05, 2.13051462197e-05, 1.59755327331e-05],
        "mean": [0.00181358691771, 0.0024982902687, 0.0014697953593, 0.000771813094616, 0.000791846192442, 0.000600469880737, 0.000281808665022, 0.000263996218564, 0.000206561366213, 0.000123573379824, 9.20448510442e-05, 5.83515684411e-05, 4.92492144986e-05, 6.93435358698e-05, 7.38121234463e-05, 7.18756491551e-05, 6.06510839134e-05, 3.38609097525e-05, 2.71877543128e-05, 2.38067896134e-05, 2.67223695118e-05, 1.95486445591e-05, 2.20732181333e-05, 2.53034340858e-05, 2.64987957053e-05, 1.7532349375e-05, 1.01048781289e-05, 7.81801827543e-06, 6.69031533107e-06, 5.71477130507e-06, 5.36958532393e-06, 6.70087547405e-06, 5.46644241695e-06, 3.84565646527e-06, 4.70019267595e-06, 3.73379293706e-06, 2.06869503927e-06, 1.46681145452e-06, 1.05771516701e-06, 6.35144544958e-07],
        "median": [0.000779701338615, 0.0013997714268, 0.00111585797276, 0.000596946571022, 0.000576051766984, 0.000305744295474, 0.000188185862498, 0.000132319386466, 8.27651310829e-05, 5.69123076275e-05, 4.44912839157e-05, 3.34873620886e-05, 2.88775190711e-05, 3.56930977432e-05, 2.79340256384e-05, 3.07979753416e-05, 2.64743157459e-05, 1.55667366926e-05, 1.19500582514e-05, 1.07728856165e-05, 1.32826899062e-05, 9.81228913588e-06, 1.25933320305e-05, 1.42770886669e-05, 1.28340770971e-05, 9.65898834693e-06, 4.62416301161e-06, 2.79588266494e-06, 1.74287185928e-06, 1.41006694321e-06, 1.61124455644e-06, 2.0631539428e-06, 1.56594535383e-06, 9.23722780044e-07, 1.18332388865e-06, 8.14583927422e-07, 3.47052036886e-07, 2.24570612772e-07, 1.55950743874e-07, 9.78141017072e-08],
        "min": [3.33996786139e-06, 9.29058205656e-06, 2.35891056946e-05, 1.06033730845e-05, 9.40553400142e-06, 1.24501239043e-05, 9.91746310319e-06, 4.07580637329e-06, 3.33322873303e-06, 1.56070746016e-06, 1.73800879111e-06, 1.06706363567e-06, 5.86896931054e-07, 5.13862801199e-07, 4.35023252976e-07, 1.49814795236e-07, 2.26042104146e-07, 4.52846961707e-07, 3.25300447912e-07, 3.33337737857e-07, 2.38764755522e-07, 2.24660908543e-07, 4.1644960902e-07, 1.94310999291e-07, 2.39436843685e-07, 1.5557624522e-07, 5.79299204162e-08, 1.82919690506e-09, 2.59373535982e-08, 1.36841924459e-08, 5.53854428986e-09, 2.55421497286e-08, 1.07171640451e-08, 3.60918139819e-09, 1.65047919776e-09, 5.86735549035e-10, 3.02203900793e-10, 3.83456114084e-11, 3.84365733685e-11, 1.39870146715e-11],
