{
"highlevel": {
    "danceability": {
        "all": {
            "danceable": 0.718415141106,
            "not_danceable": 0.281584829092
        },
        "probability": 0.718415141106,
        "value": "danceable"
    },
    "gender": {
        "all": {
            "female": 0.108940109611,
            "male": 0.891059875488
        },
        "probability": 0.891059875488,
        "value": "male"
    },
    "genre_dortmund": {
        "all": {
            "alternative": 0.0527432188392,
            "blues": 0.22707118094,
            "electronic": 0.00309074833058,
            "folkcountry": 0.240418538451,
            "funksoulrnb": 0.016791054979,
            "jazz": 0.0826040506363,
            "pop": 0.0430044420063,
            "raphiphop": 0.00239280401729,
            "rock": 0.331883966923
        },
        "probability": 0.331883966923,
        "value": "rock"
    },
    "genre_electronic": {
        "all": {
            "ambient": 0.652166187763,
            "dnb": 0.147016048431,
            "house": 0.136182546616,
            "techno": 0.0116524389014,
            "trance": 0.0529827587306
        },
        "probability": 0.652166187763,
        "value": "ambient"
    },
    "genre_rosamerica": {
        "all": {
            "cla": 0.0146915502846,
            "dan": 0.00860353931785,
            "hip": 0.0160625614226,
            "jaz": 0.0504610352218,
            "pop": 0.327600777149,
            "rhy": 0.209473699331,
            "roc": 0.363337546587,
            "spe": 0.00976931024343
        },
        "probability": 0.363337546587,
        "value": "roc"
    },
    "genre_tzanetakis": {
        "all": {
            "blu": 0.0642214938998,
            "cla": 0.0356696359813,
            "cou": 0.0802658647299,
            "dis": 0.0642494857311,
            "hip": 0.160689160228,
            "jaz": 0.321663022041,
            "met": 0.0643127858639,
            "pop": 0.0642928555608,
            "reg": 0.064283400774,
            "roc": 0.0803522914648
        },
        "probability": 0.321663022041,
        "value": "jaz"
    },
    "ismir04_rhythm": {
        "all": {
            "ChaChaCha": 0.348992586136,
            "Jive": 0.0263572577387,
            "Quickstep": 0.25224429369,
            "Rumba-American": 0.0498460792005,
            "Rumba-International": 0.10759447515,
            "Rumba-Misc": 0.0110984900966,
            "Samba": 0.082657687366,
            "Tango": 0.0698765441775,
            "VienneseWaltz": 0.0341027975082,
            "Waltz": 0.0172297786921
        },
        "probability": 0.348992586136,
        "value": "ChaChaCha"
    },
    "mood_acoustic": {
        "all": {
            "acoustic": 0.671767175198,
            "not_acoustic": 0.328232824802
        },
        "probability": 0.671767175198,
        "value": "acoustic"
    },
    "mood_aggressive": {
        "all": {
            "aggressive": 0.0164944678545,
            "not_aggressive": 0.983505547047
        },
        "probability": 0.983505547047,
        "value": "not_aggressive"
    },
    "mood_electronic": {
        "all": {
            "electronic": 0.0828799679875,
            "not_electronic": 0.917120039463
        },
        "probability": 0.917120039463,
        "value": "not_electronic"
    },
    "mood_happy": {
        "all": {
            "happy": 0.457992762327,
            "not_happy": 0.54200720787
        },
        "probability": 0.54200720787,
        "value": "not_happy"
    },
    "mood_party": {
        "all": {
            "not_party": 0.84382969141,
            "party": 0.156170278788
        },
        "probability": 0.84382969141,
        "value": "not_party"
    },
    "mood_relaxed": {
        "all": {
            "not_relaxed": 0.801998078823,
            "relaxed": 0.198001906276
        },
        "probability": 0.801998078823,
        "value": "not_relaxed"
    },
    "mood_sad": {
        "all": {
            "not_sad": 0.258038133383,
            "sad": 0.74196189642
        },
        "probability": 0.74196189642,
        "value": "sad"
    },
    "moods_mirex": {
        "all": {
            "Cluster1": 0.363121747971,
            "Cluster2": 0.159325972199,
            "Cluster3": 0.226591974497,
            "Cluster4": 0.142305850983,
            "Cluster5": 0.108654469252
        },
        "probability": 0.363121747971,
        "value": "Cluster1"
    },
    "timbre": {
        "all": {
            "bright": 0.994567394257,
            "dark": 0.00543260201812
        },
        "probability": 0.994567394257,
        "value": "bright"
    },
    "tonal_atonal": {
        "all": {
            "atonal": 0.000989096239209,
            "tonal": 0.999010920525
        },
        "probability": 0.999010920525,
        "value": "tonal"
    },
    "voice_instrumental": {
        "all": {
            "instrumental": 0.00104472239036,
            "voice": 0.998955249786
        },
        "probability": 0.998955249786,
        "value": "voice"
    }
},
"lowlevel": {
    "average_loudness": 0.97483509779,
    "barkbands_crest": {
        "dmean": 3.01351475716,
        "dmean2": 4.99796581268,
        "dvar": 8.70275974274,
        "dvar2": 22.6608772278,
        "max": 23.7065429688,
        "mean": 10.0019435883,
        "median": 9.16895484924,
        "min": 2.49834895134,
        "var": 14.0417947769
    },
    "barkbands_flatness_db": {
        "dmean": 0.0222297422588,
        "dmean2": 0.0348793044686,
        "dvar": 0.000459159491584,
        "dvar2": 0.0011639141012,
        "max": 0.34374782443,
        "mean": 0.162734940648,
        "median": 0.157224729657,
        "min": 0.0535687617958,
        "var": 0.00193426280748
    },
    "barkbands_kurtosis": {
        "dmean": 3.66284251213,
        "dmean2": 5.89247655869,
        "dvar": 52.6892776489,
        "dvar2": 136.49949646,
        "max": 131.450668335,
        "mean": 6.11543130875,
        "median": 3.06501197815,
        "min": -1.93110918999,
        "var": 91.1103363037
    },
    "barkbands_skewness": {
        "dmean": 0.585074901581,
        "dmean2": 0.910512268543,
        "dvar": 0.502446949482,
        "dvar2": 1.16630923748,
        "max": 9.93976593018,
        "mean": 1.81735861301,
        "median": 1.62388324738,
        "min": -1.80636143684,
        "var": 1.82570874691
    },
    "barkbands_spread": {
        "dmean": 4.71637868881,
        "dmean2": 7.22637891769,
        "dvar": 38.9660606384,
        "dvar2": 87.1912536621,
        "max": 112.787361145,
        "mean": 18.2236270905,
        "median": 16.6137447357,
        "min": 1.97095632553,
        "var": 125.176445007
    },
    "dissonance": {
        "dmean": 0.0199641939253,
        "dmean2": 0.0337355099618,
        "dvar": 0.000425852253102,
        "dvar2": 0.00114005396608,
        "max": 0.500000059605,
        "mean": 0.456087172031,
        "median": 0.463679641485,
        "min": 0.287879526615,
        "var": 0.00103527237661
    },
    "dynamic_complexity": 2.84370684624,
    "erbbands_crest": {
        "dmean": 2.62621450424,
        "dmean2": 4.20457983017,
        "dvar": 7.00490999222,
        "dvar2": 16.4115257263,
        "max": 30.2395133972,
        "mean": 9.83712100983,
        "median": 8.9743270874,
        "min": 2.29844093323,
        "var": 20.993139267
    },
    "erbbands_flatness_db": {
        "dmean": 0.0190422032028,
        "dmean2": 0.0264437180012,
        "dvar": 0.000371456320863,
        "dvar2": 0.000645512365736,
        "max": 0.302105367184,
        "mean": 0.159613251686,
        "median": 0.163315519691,
        "min": 0.0604251362383,
        "var": 0.00163002870977
    },
    "erbbands_kurtosis": {
        "dmean": 0.905069172382,
        "dmean2": 1.4179122448,
        "dvar": 2.37850093842,
        "dvar2": 5.21076774597,
        "max": 26.5915927887,
        "mean": 0.528057038784,
        "median": -0.138823747635,
        "min": -1.68131804466,
        "var": 5.86267662048
    },
    "erbbands_skewness": {
        "dmean": 0.350359261036,
        "dmean2": 0.541837632656,
        "dvar": 0.123362027109,
        "dvar2": 0.273402810097,
        "max": 4.29522943497,
        "mean": 0.457570940256,
        "median": 0.467997908592,
        "min": -2.96786093712,
        "var": 0.625253796577
    },
    "erbbands_spread": {
        "dmean": 7.84523963928,
        "dmean2": 11.4742383957,
        "dvar": 86.1709289551,
        "dvar2": 174.663299561,
        "max": 137.145477295,
        "mean": 40.3342666626,
        "median": 39.0166168213,
        "min": 5.55145788193,
        "var": 364.125183105
    },
    "hfc": {
        "dmean": 5.59793376923,
        "dmean2": 8.16702651978,
        "dvar": 59.6362419128,
        "dvar2": 121.098869324,
        "max": 126.15171051,
        "mean": 20.1475925446,
        "median": 15.4703197479,
        "min": 0.366537481546,
        "var": 270.736999512
    },
    "melbands_crest": {
        "dmean": 3.47341704369,
        "dmean2": 5.75410556793,
        "dvar": 11.2781610489,
        "dvar2": 27.7115764618,
        "max": 28.7458705902,
        "mean": 13.1794986725,
        "median": 12.4396524429,
        "min": 4.34294605255,
        "var": 23.3366832733
    },
    "melbands_flatness_db": {
        "dmean": 0.0263773109764,
        "dmean2": 0.0403989441693,
        "dvar": 0.000752647058107,
        "dvar2": 0.00170872919261,
        "max": 0.452328830957,
        "mean": 0.215362355113,
        "median": 0.206334263086,
        "min": 0.0732836052775,
        "var": 0.00423681316897
    },
    "melbands_kurtosis": {
        "dmean": 10.1340713501,
        "dmean2": 15.9861297607,
        "dvar": 448.380767822,
        "dvar2": 1115.43237305,
        "max": 277.412567139,
        "mean": 18.4006156921,
        "median": 9.41609764099,
        "min": -1.35556912422,
        "var": 731.250915527
    },
    "melbands_skewness": {
        "dmean": 0.839642882347,
        "dmean2": 1.28549993038,
        "dvar": 1.12515413761,
        "dvar2": 2.53277659416,
        "max": 13.281744957,
        "mean": 2.90202283859,
        "median": 2.5800755024,
        "min": -0.357775598764,
        "var": 4.04100131989
    },
    "melbands_spread": {
        "dmean": 5.46544885635,
        "dmean2": 8.54331588745,
        "dvar": 66.623840332,
        "dvar2": 158.022674561,
        "max": 197.445602417,
        "mean": 18.9621334076,
        "median": 15.8724851608,
        "min": 1.00411474705,
        "var": 188.214706421
    },
    "pitch_salience": {
        "dmean": 0.0746677517891,
        "dmean2": 0.123029999435,
        "dvar": 0.00532683217898,
        "dvar2": 0.0150216808543,
        "max": 0.788177371025,
        "mean": 0.548350632191,
        "median": 0.553339600563,
        "min": 0.18257035315,
        "var": 0.00924303010106
    },
    "silence_rate_20dB": {
        "dmean": 0,
        "dmean2": 0,
        "dvar": 0,
        "dvar2": 0,
        "max": 1,
        "mean": 1,
        "median": 1,
        "min": 1,
        "var": 0
    },
    "silence_rate_30dB": {
        "dmean": 0,
        "dmean2": 0,
        "dvar": 0,
        "dvar2": 0,
        "max": 1,
        "mean": 1,
        "median": 1,
        "min": 1,
        "var": 0
    },
    "silence_rate_60dB": {
        "dmean": 0.011609907262,
        "dmean2": 0.0224632062018,
        "dvar": 0.011475045234,
        "dvar2": 0.025057207793,
        "max": 1,
        "mean": 0.0185614842921,
        "median": 0,
        "min": 0,
        "var": 0.0182170234621
    },
    "spectral_centroid": {
        "dmean": 203.525543213,
        "dmean2": 312.338684082,
        "dvar": 55639.1875,
        "dvar2": 125750.578125,
        "max": 4631.95800781,
        "mean": 1078.76049805,
        "median": 1016.6975708,
        "min": 224.441711426,
        "var": 235798.203125
    },
    "spectral_complexity": {
        "dmean": 2.92260050774,
        "dmean2": 4.36870622635,
        "dvar": 10.1193971634,
        "dvar2": 19.5511054993,
        "max": 45,
        "mean": 16.6225833893,
        "median": 16,
        "min": 2,
        "var": 55.3116188049
    },
    "spectral_decrease": {
        "dmean": 3.18241699659e-09,
        "dmean2": 5.11851849794e-09,
        "dvar": 2.23712866093e-17,
        "dvar2": 5.55654606016e-17,
        "max": -1.75446560058e-10,
        "mean": -7.57390505868e-09,
        "median": -6.65031452129e-09,
        "min": -3.52539935022e-08,
        "var": 2.88441916239e-17
    },
    "spectral_energy": {
        "dmean": 0.0123869283125,
        "dmean2": 0.019867643714,
        "dvar": 0.000332249357598,
        "dvar2": 0.000822531466838,
        "max": 0.134344786406,
        "mean": 0.0304131377488,
        "median": 0.0269846860319,
        "min": 0.000695422408171,
        "var": 0.000447091762908
    },
    "spectral_energyband_high": {
        "dmean": 0.000253512029303,
        "dmean2": 0.00034490134567,
        "dvar": 3.02934665797e-07,
        "dvar2": 5.6094518186e-07,
        "max": 0.0122318211943,
        "mean": 0.000543138477951,
        "median": 0.000301517546177,
        "min": 9.00561474282e-07,
        "var": 7.5428800983e-07
    },
    "spectral_energyband_low": {
        "dmean": 0.00697151804343,
        "dmean2": 0.0114604691043,
        "dvar": 0.000222690592636,
        "dvar2": 0.000561663182452,
        "max": 0.128035247326,
        "mean": 0.0101323863491,
        "median": 0.00555072538555,
        "min": 9.52326590777e-05,
        "var": 0.000221013193368
    },
    "spectral_energyband_middle_high": {
        "dmean": 0.00154675275553,
        "dmean2": 0.00215104687959,
        "dvar": 6.26765086054e-06,
        "dvar2": 1.17594481708e-05,
        "max": 0.0627470836043,
        "mean": 0.0056310207583,
        "median": 0.0026306421496,
        "min": 3.00070805679e-05,
        "var": 4.66952769784e-05
    },
    "spectral_energyband_middle_low": {
        "dmean": 0.00735273072496,
        "dmean2": 0.0119968531653,
        "dvar": 0.000163353019161,
        "dvar2": 0.000417934090365,
        "max": 0.105765961111,
        "mean": 0.015452853404,
        "median": 0.0125076808035,
        "min": 0.000382911966881,
        "var": 0.000189739541383
    },
    "spectral_entropy": {
        "dmean": 0.162847787142,
        "dmean2": 0.239972084761,
        "dvar": 0.0281589757651,
        "dvar2": 0.0572340860963,
        "max": 8.74483013153,
        "mean": 7.37767982483,
        "median": 7.38745307922,
        "min": 6.0572347641,
        "var": 0.136644199491
    },
    "spectral_flux": {
        "dmean": 0.034417886287,
        "dmean2": 0.0537788085639,
        "dvar": 0.00160449009854,
        "dvar2": 0.0036813323386,
        "max": 0.31680777669,
        "mean": 0.091459736228,
        "median": 0.0755837410688,
        "min": 0.0134196961299,
        "var": 0.00301804183982
    },
    "spectral_kurtosis": {
        "dmean": 1.69952368736,
        "dmean2": 2.86523842812,
        "dvar": 3.93172454834,
        "dvar2": 11.0938577652,
        "max": 28.4737567902,
        "mean": 4.75814723969,
        "median": 4.20124483109,
        "min": -1.23951411247,
        "var": 8.34720420837
    },
    "spectral_rms": {
        "dmean": 0.00101125170477,
        "dmean2": 0.00156875606626,
        "dvar": 1.61595733061e-06,
        "dvar2": 3.69186909666e-06,
        "max": 0.0114484969527,
        "mean": 0.00513907708228,
        "median": 0.00513093778864,
        "min": 0.000823687354568,
        "var": 3.26122722072e-06
    },
    "spectral_rolloff": {
        "dmean": 331.963989258,
        "dmean2": 574.524658203,
        "dvar": 519850.84375,
        "dvar2": 1041510.125,
        "max": 12209.3261719,
        "mean": 1087.51867676,
        "median": 689.0625,
        "min": 86.1328125,
        "var": 1343855.625
    },
    "spectral_skewness": {
        "dmean": 0.214358776808,
        "dmean2": 0.350843906403,
        "dvar": 0.0478644482791,
        "dvar2": 0.117866225541,
        "max": 4.19396829605,
        "mean": 1.66537249088,
        "median": 1.63927423954,
        "min": -0.0326469764113,
        "var": 0.168836057186
    },
    "spectral_spread": {
        "dmean": 621287.5,
        "dmean2": 874619.25,
        "dvar": 600779915264,
        "dvar2": 1.12972739379e+12,
        "max": 15913504,
        "mean": 4485738.5,
        "median": 4282509.5,
        "min": 1685427.75,
        "var": 2.15348530381e+12
    },
    "spectral_strongpeak": {
        "dmean": 0.625326991081,
        "dmean2": 1.06358373165,
        "dvar": 0.815984487534,
        "dvar2": 1.9132488966,
        "max": 9.57288360596,
        "mean": 1.28156471252,
        "median": 0.580922007561,
        "min": 0.0253330245614,
        "var": 2.07214331627
    },
    "zerocrossingrate": {
        "dmean": 0.00855474825948,
        "dmean2": 0.0100356740877,
        "dvar": 0.000124401063658,
        "dvar2": 0.000127542007249,
        "max": 0.39990234375,
        "mean": 0.0506989248097,
        "median": 0.04736328125,
        "min": 0.0078125,
        "var": 0.000871420197655
    },
    "barkbands": {
        "dmean": [8.64259418449e-05, 0.0049984222278, 0.00236212252639, 0.00161195755936, 0.00427463511005, 0.000692843401339, 0.000645356951281, 0.00143414665945, 0.00132601056248, 0.00050024286611, 0.000420057738665, 0.000212674131035, 0.000298922590446, 0.000338779180311, 0.000389093300328, 0.000230724850553, 0.000123428864754, 0.000151569314767, 0.000144391553476, 6.67989515932e-05, 4.0123853978e-05, 5.54735743208e-05, 4.08268970205e-05, 5.35735671292e-05, 6.11660434515e-05, 3.33024763677e-05, 4.51081128006e-09],
        "dmean2": [0.00012644805247, 0.00848039519042, 0.0041468241252, 0.00278429733589, 0.00722078187391, 0.00110324809793, 0.0010497054318, 0.00221505085938, 0.00200944836251, 0.000736060610507, 0.000636059150565, 0.000337442150339, 0.000436484755483, 0.000528957112692, 0.00057905720314, 0.000348147324985, 0.000196624896489, 0.000238182765315, 0.000209581354284, 9.88379615592e-05, 5.91645002714e-05, 8.16641550045e-05, 6.02748150413e-05, 8.20798231871e-05, 9.39253804972e-05, 5.16592626809e-05, 5.81040993097e-09],
        "dvar": [2.96226456697e-08, 0.000147224098328, 2.38127540797e-05, 6.66875166644e-06, 0.00012030571088, 1.20895322198e-06, 6.4163496063e-06, 1.16437640827e-05, 1.3968939129e-05, 3.01376326206e-06, 1.21898290217e-06, 4.31772974707e-07, 1.009791049e-06, 7.56935492063e-07, 9.00519296465e-07, 2.34409213817e-07, 2.75654894466e-08, 7.51816671141e-08, 1.18002965621e-07, 1.51907642021e-08, 5.72044589475e-09, 1.02906811961e-08, 7.65714514017e-09, 1.27763986058e-08, 6.13424191442e-08, 1.15720899529e-08, 1.16339255327e-14],
        "dvar2": [5.87820281339e-08, 0.000392710906453, 6.30236099823e-05, 1.78147056431e-05, 0.000306502683088, 3.00568490275e-06, 1.69378527062e-05, 2.57543870248e-05, 3.2304393244e-05, 6.50004494673e-06, 2.16949115384e-06, 1.11992915208e-06, 1.95794655156e-06, 1.70745852301e-06, 2.00149384e-06, 5.27222709934e-07, 6.64128734229e-08, 1.80106155767e-07, 1.93281962879e-07, 3.04294083264e-08, 1.15191607364e-08, 2.35978365737e-08, 1.79298815794e-08, 2.80112164575e-08, 1.2419936013e-07, 3.0749866653e-08, 1.17182518978e-14],
        "max": [0.00162594369613, 0.11241158843, 0.0543063282967, 0.0324104502797, 0.0902303606272, 0.0225457139313, 0.059032805264, 0.0558308660984, 0.0660137534142, 0.0552296638489, 0.0294773001224, 0.0124424826354, 0.0165393874049, 0.0156472846866, 0.0268203169107, 0.00974663812667, 0.00203688256443, 0.00439153984189, 0.00824334658682, 0.00241280789487, 0.00104453437962, 0.00175404537003, 0.00183742784429, 0.00174383551348, 0.00709175132215, 0.00226662680507, 3.87300133298e-06],
        "mean": [0.000118221272714, 0.00572026334703, 0.0031202158425, 0.00210089981556, 0.00519727822393, 0.00155598600395, 0.000935615622438, 0.00267436471768, 0.00260519096628, 0.000888239766937, 0.00105161173269, 0.000328673690092, 0.000479053443996, 0.000742836622521, 0.000864670495503, 0.000499242974911, 0.000266358663794, 0.000325615430484, 0.000308046262944, 0.000138217073982, 7.74194995756e-05, 0.000113550995593, 7.9052959336e-05, 9.9914126622e-05, 8.75439218362e-05, 3.50529662683e-05, 4.12135880978e-09],
        "median": [4.68686266686e-05, 0.00265698414296, 0.00172827811912, 0.00139270606451, 0.00252795987763, 0.00103916367516, 0.000327261339407, 0.000344251951901, 0.000321300671203, 0.000167403326486, 0.000103440106614, 0.00011722331692, 8.96103738341e-05, 0.000121301112813, 0.000251674384344, 0.000240391091211, 0.000168188867974, 0.000148548468133, 0.000112812595034, 6.44338797429e-05, 3.39971666108e-05, 5.76123311475e-05, 3.92912334064e-05, 5.3530176956e-05, 2.39255950873e-05, 3.67071447727e-06, 4.00365574027e-10],
        "min": [4.63334348666e-09, 6.45695490675e-06, 8.79780600371e-06, 1.08093408926e-05, 9.46867803577e-05, 1.82046260306e-05, 3.64667016584e-06, 4.22925222665e-06, 5.42021666661e-07, 1.84487964816e-06, 6.27114559393e-07, 1.28834585666e-06, 5.64756362564e-07, 6.14769135154e-07, 6.49136836728e-07, 1.8482573978e-06, 3.66121696516e-07, 2.86300803509e-07, 1.0198526752e-06, 4.6136139531e-07, 1.87536002727e-07, 1.2860553511e-07, 6.4387776888e-08, 5.80588590537e-08, 2.31795538319e-09, 1.70534211752e-11, 1.14795421433e-11],
        "var": [4.83387516681e-08, 0.000120893848361, 2.17341330426e-05, 6.75305727782e-06, 9.95048394543e-05, 2.96328221339e-06, 6.04453180131e-06, 2.63723559328e-05, 3.07312620862e-05, 7.57187308409e-06, 5.53157633476e-06, 5.88828243053e-07, 2.06571803574e-06, 2.7039093311e-06, 4.42740292783e-06, 7.04034960108e-07, 8.96833327602e-08, 2.97967119423e-07, 3.76645175493e-07, 5.26588799232e-08, 1.29349562172e-08, 2.25361365125e-08, 1.32489157423e-08, 2.4349127159e-08, 1.40054794429e-07, 1.47382372973e-08, 1.16088499694e-14]
    },
    "erbbands": {
        "dmean": [0.110562823713, 1.25492012501, 2.73730015755, 4.10214805603, 9.27475452423, 18.5010433197, 7.18170642853, 5.98567152023, 7.67727470398, 17.6431427002, 32.5663261414, 35.9859275818, 15.8006000519, 15.8892126083, 14.9036865234, 9.78001403809, 13.5700101852, 16.4793872833, 23.0303688049, 14.2607002258, 9.06623935699, 5.04236221313, 7.47837972641, 7.53017663956, 6.31206464767, 3.0946996212, 1.81618404388, 1.62399053574, 2.04697966576, 1.49141216278, 1.18532299995, 1.06721651554, 1.02271616459, 0.697097659111, 0.428256243467, 0.20223531127, 0.0516909472644, 0.00365662388504, 7.58891983423e-05, 1.7048081645e-05],
        "dmean2": [0.183637037873, 2.18031001091, 4.72247028351, 7.09578800201, 15.6413145065, 31.4295539856, 11.5792980194, 9.71812820435, 12.5450496674, 27.5325450897, 49.4366722107, 53.3069343567, 22.2737007141, 21.4600200653, 22.2272644043, 15.1449394226, 19.6813316345, 25.2726745605, 32.9784736633, 21.6107940674, 13.7685432434, 7.98614454269, 11.561375618, 11.3186388016, 9.2303237915, 4.60558366776, 2.71007585526, 2.38989758492, 3.07573628426, 2.17872142792, 1.7644200325, 1.6426422596, 1.5851919651, 1.06846773624, 0.656285881996, 0.311893939972, 0.0781403034925, 0.00570098171011, 0.000114430680696, 2.62263874902e-05],
        "dvar": [0.0651015639305, 9.6014881134, 33.837978363, 49.9097175598, 366.802001953, 2813.24658203, 105.881195068, 128.951171875, 1666.55749512, 2484.05297852, 5836.69970703, 11460.71875, 2261.06420898, 4031.56542969, 1118.25354004, 969.669677734, 1914.5559082, 1757.55200195, 3374.35131836, 867.103515625, 159.476364136, 43.6526870728, 190.319595337, 288.316619873, 254.862228394, 27.6967658997, 13.6294364929, 9.74607753754, 15.121594429, 6.80030059814, 5.3497710228, 6.24901008606, 4.26398801804, 6.51624488831, 3.22805190086, 0.496253758669, 0.019743019715, 8.61071239342e-05, 3.32110126067e-08, 6.52882803376e-10],
        "dvar2": [0.165638744831, 25.9624328613, 89.0039291382, 129.259033203, 967.866088867, 7205.83203125, 256.57220459, 344.218170166, 4714.42041016, 5424.90332031, 13287.5078125, 26544.1386719, 4718.42919922, 8011.10400391, 2423.44946289, 2528.46240234, 3635.82080078, 4085.37109375, 7468.07568359, 1940.91247559, 344.886138916, 105.470626831, 429.659759521, 578.89050293, 419.786315918, 53.5755653381, 28.3335132599, 21.5999011993, 35.0651130676, 14.7342777252, 12.4239139557, 13.5920238495, 9.37138271332, 13.8043365479, 6.48389863968, 1.24651479721, 0.0475016646087, 0.00020284562197, 7.64459713309e-08, 1.52778434348e-09],
        "max": [2.10869264603, 28.2619819641, 55.4850921631, 92.4197540283, 185.577758789, 426.732910156, 114.205604553, 216.484802246, 1047.88757324, 878.405944824, 1595.3873291, 2021.6295166, 1044.10290527, 2239.63500977, 663.38458252, 593.442565918, 717.307678223, 678.175170898, 1608.53295898, 497.775634766, 199.020584106, 93.5754623413, 217.331741333, 428.247375488, 465.999389648, 92.8832244873, 56.1275634766, 49.6624336243, 76.5665512085, 35.5300559998, 43.7137451172, 45.5313186646, 32.7887382507, 71.7994766235, 47.9976806641, 17.3083953857, 2.55274629593, 0.0984157323837, 0.00227565062232, 0.000288204319077],
        "mean": [0.144376367331, 1.35679495335, 3.60469508171, 5.83227920532, 11.2810583115, 20.2319507599, 13.4147768021, 12.4626350403, 13.1132164001, 29.3838844299, 64.3836364746, 69.632270813, 29.79570961, 31.9523582458, 34.7754898071, 17.5012779236, 22.4910240173, 34.8685302734, 54.4548606873, 32.0028686523, 22.8277587891, 12.2225675583, 17.5142879486, 17.0929603577, 13.3352108002, 6.76019001007, 3.56473636627, 3.00515198708, 3.95747613907, 3.09910488129, 2.3397591114, 1.8596971035, 1.83541035652, 1.03243684769, 0.596795082092, 0.224650725722, 0.0542093552649, 0.00351933226921, 9.20028833207e-05, 4.08293672081e-05],
        "median": [0.0673684701324, 0.614768326283, 1.87688839436, 3.86620807648, 6.21443319321, 8.49457550049, 8.06648254395, 8.04638385773, 6.19655561447, 5.84782838821, 20.9154815674, 8.89480781555, 7.83170080185, 5.6509847641, 5.36070680618, 5.81007194519, 4.25853443146, 7.04773902893, 13.4988431931, 14.4366817474, 15.5002975464, 8.83544158936, 8.84519863129, 7.99130773544, 4.81862258911, 3.1555659771, 1.72112822533, 1.39370334148, 1.95517218113, 1.41320574284, 1.19196939468, 1.00687813759, 0.902386665344, 0.382073432207, 0.11955101788, 0.0302440989763, 0.00500973919407, 0.000272753823083, 2.68930853053e-05, 3.41871818819e-05],
        "min": [0.000144004414324, 0.00206113117747, 0.0189582370222, 0.0374884344637, 0.0611512959003, 0.222115144134, 0.235313251615, 0.182558834553, 0.115089446306, 0.0989348590374, 0.171300634742, 0.0705419033766, 0.0503826700151, 0.0314948409796, 0.0515310838819, 0.0848862156272, 0.0519031137228, 0.0380498878658, 0.0517761521041, 0.0584372580051, 0.105999924242, 0.0327515788376, 0.0184236615896, 0.0491715297103, 0.0361022390425, 0.0311879590154, 0.0125475116074, 0.00630552880466, 0.00472691608593, 0.00391715858132, 0.00184160051867, 0.00165187672246, 0.000590341747738, 0.000198001216631, 8.66193295224e-05, 1.67128018802e-05, 2.85222267848e-06, 5.39277095868e-07, 7.76436763772e-07, 8.98627718016e-07],
        "var": [0.06336928159, 7.34793138504, 31.1778678894, 51.9109611511, 316.865356445, 2216.10400391, 240.235183716, 209.213623047, 1233.72558594, 4904.51220703, 13532.9433594, 23281.9726562, 5373.93603516, 11131.8242188, 4536.86669922, 1416.28271484, 3983.43505859, 5290.36767578, 16577.8554688, 2567.47094727, 637.629394531, 136.380187988, 793.285827637, 979.507141113, 724.723632812, 103.167900085, 26.8292484283, 18.8272457123, 29.645198822, 17.3491573334, 10.7070922852, 10.7142343521, 8.57625198364, 12.0808525085, 8.38553619385, 0.857058525085, 0.0244218558073, 9.25245549297e-05, 4.18207761754e-08, 1.0086437241e-09]
    },
    "gfcc": {
        "mean": [1.61278653145, 107.300888062, -113.041862488, 41.82629776, -56.1513137817, 17.6046657562, -48.1933708191, 13.2680587769, -19.1376914978, -1.70183241367, -15.5376520157, -7.02805423737, -7.69555664062],
        "cov": [[3425.08544922, -1146.48144531, -331.489562988, -447.244354248, -511.700134277, 337.492370605, 117.101234436, 238.133346558, -216.805831909, 188.982147217, -225.113372803, 50.7759819031, -206.403320312], [-1146.48144531, 909.723999023, -101.285461426, 92.4897460938, 213.906158447, -131.508895874, 68.4714431763, -105.600883484, 156.617980957, -171.537124634, 189.726089478, -97.9330444336, 107.349563599], [-331.489562988, -101.285461426, 819.372314453, 149.65675354, 157.847106934, -23.1410808563, -51.4705657959, 20.0854091644, -58.6941871643, 113.485671997, -103.579551697, 130.001937866, -74.2659378052], [-447.244354248, 92.4897460938, 149.65675354, 338.59777832, 205.607269287, -96.6344299316, -75.6292190552, -21.0788040161, 59.5748825073, -9.09542942047, 4.99412822723, 12.9235649109, 68.43775177], [-511.700134277, 213.906158447, 157.847106934, 205.607269287, 444.213470459, -109.906555176, -23.4877414703, -6.96826553345, 11.9794101715, 33.7983474731, -11.9470491409, 42.7059173584, 17.9243412018], [337.492370605, -131.508895874, -23.1410808563, -96.6344299316, -109.906555176, 240.16645813, 95.3786621094, 1.99647581577, -41.2944374084, -1.49260818958, 14.2030973434, -30.0756454468, -11.7367935181], [117.101234436, 68.4714431763, -51.4705657959, -75.6292190552, -23.4877414703, 95.3786621094, 181.949951172, 0.961959481239, -32.0825195312, -13.8378753662, 22.9537982941, -14.3036727905, -27.6160030365], [238.133346558, -105.600883484, 20.0854091644, -21.0788040161, -6.96826553345, 1.99647581577, 0.961959481239, 123.283546448, 18.4271850586, 34.4769248962, -31.6098136902, 10.061665535, -19.3026409149], [-216.805831909, 156.617980957, -58.6941871643, 59.5748825073, 11.9794101715, -41.2944374084, -32.0825195312, 18.4271850586, 145.690124512, -30.9148178101, 30.9195098877, -35.0701560974, 42.0575370789], [188.982147217, -171.537124634, 113.485671997, -9.09542942047, 33.7983474731, -1.49260818958, -13.8378753662, 34.4769248962, -30.9148178101, 117.337059021, -45.8277206421, 53.8314819336, -41.3099861145], [-225.113372803, 189.726089478, -103.579551697, 4.99412822723, -11.9470491409, 14.2030973434, 22.9537982941, -31.6098136902, 30.9195098877, -45.8277206421, 128.183227539, -31.2647209167, 33.7055091858], [50.7759819031, -97.9330444336, 130.001937866, 12.9235649109, 42.7059173584, -30.0756454468, -14.3036727905, 10.061665535, -35.0701560974, 53.8314819336, -31.2647209167, 104.45690155, -21.5737266541], [-206.403320312, 107.349563599, -74.2659378052, 68.43775177, 17.9243412018, -11.7367935181, -27.6160030365, -19.3026409149, 42.0575370789, -41.3099861145, 33.7055091858, -21.5737266541, 97.6962051392]],
        "icov": [[0.000808834563941, 0.000374673836632, 0.000599270802923, -4.7107514547e-05, 0.000423351564677, -0.000643450010102, -7.63863354223e-05, -0.000931560643949, 0.000405626109568, -0.000383977487218, 0.000725745572709, -0.000352757779183, 0.000759797578212], [0.000374673836632, 0.0070450566709, -0.00184436142445, 0.00372139853425, -0.00369025673717, 0.0046215634793, -0.00477312970906, 0.00299414503388, -0.00496055046096, 0.00506149837747, -0.00593572854996, 0.00340064405464, -0.00340943667106], [0.000599270802923, -0.00184436142445, 0.00314770452678, -0.00239104102366, 0.00132945156656, -0.00270780199207, 0.00185991288163, -0.00162367033772, 0.0019802020397, -0.00222848611884, 0.00318360305391, -0.00308118155226, 0.0034226574935], [-4.7107514547e-05, 0.00372139853425, -0.00239104102366, 0.00814425200224, -0.00420208042488, 0.00344715756364, -0.00173024996184, 0.00252150651067, -0.00409774808213, 0.00321318372153, -0.00345356599428, 0.00247721327469, -0.00565599137917], [0.000423351564677, -0.00369025673717, 0.00132945156656, -0.00420208042488, 0.00604484044015, -0.0018088206416, 0.00147802568972, -0.00234508793801, 0.00349346315488, -0.00425808923319, 0.0037918894086, -0.00236699450761, 0.00239633908495], [-0.000643450010102, 0.0046215634793, -0.00270780199207, 0.00344715756364, -0.0018088206416, 0.010772340931, -0.0064794048667, 0.0029769311659, -0.00249600829557, 0.00256224675104, -0.00555153051391, 0.00534698460251, -0.00527420965955], [-7.63863354223e-05, -0.00477312970906, 0.00185991288163, -0.00173024996184, 0.00147802568972, -0.0064794048667, 0.0115641597658, -0.00281179999001, 0.00424574222416, -0.00169375992846, 0.00288623501547, -0.00292027741671, 0.00518845394254], [-0.000931560643949, 0.00299414503388, -0.00162367033772, 0.00252150651067, -0.00234508793801, 0.0029769311659, -0.00281179999001, 0.0128912711516, -0.00600874563679, 0.000355055672117, -0.00176617177203, 0.00203157495707, -0.00192381639499], [0.000405626109568, -0.00496055046096, 0.0019802020397, -0.00409774808213, 0.00349346315488, -0.00249600829557, 0.00424574222416, -0.00600874563679, 0.0142452903092, -0.00354044418782, 0.00320074567571, -1.66123063536e-05, 0.00101817364339], [-0.000383977487218, 0.00506149837747, -0.00222848611884, 0.00321318372153, -0.00425808923319, 0.00256224675104, -0.00169375992846, 0.000355055672117, -0.00354044418782, 0.0188616793603, -0.00349659100175, -0.00232020649128, 0.000556255108677], [0.000725745572709, -0.00593572854996, 0.00318360305391, -0.00345356599428, 0.0037918894086, -0.00555153051391, 0.00288623501547, -0.00176617177203, 0.00320074567571, -0.00349659100175, 0.0170459579676, -0.00354548520409, 0.00247891247272], [-0.000352757779183, 0.00340064405464, -0.00308118155226, 0.00247721327469, -0.00236699450761, 0.00534698460251, -0.00292027741671, 0.00203157495707, -1.66123063536e-05, -0.00232020649128, -0.00354548520409, 0.0177288837731, -0.00374269066378], [0.000759797578212, -0.00340943667106, 0.0034226574935, -0.00565599137917, 0.00239633908495, -0.00527420965955, 0.00518845394254, -0.00192381639499, 0.00101817364339, 0.000556255108677, 0.00247891247272, -0.00374269066378, 0.0202797148377]]
    },
    "melbands": {
        "dmean": [0.00120452360716, 0.00151014479343, 0.000758508162107, 0.00108150287997, 0.000347748107743, 0.000133749286761, 0.000117622235848, 0.000219414112507, 0.000281559565337, 0.000205157091841, 7.50144390622e-05, 6.57157215755e-05, 5.89983210375e-05, 2.27598666243e-05, 3.42860585079e-05, 2.36677369685e-05, 3.52422939613e-05, 3.85796374758e-05, 2.13152670767e-05, 2.11045389733e-05, 1.06620946099e-05, 6.14505597696e-06, 6.54828954794e-06, 8.18420357973e-06, 6.53794859318e-06, 5.50937647859e-06, 3.43206488651e-06, 1.94455333258e-06, 1.20852280361e-06, 1.1656255765e-06, 9.8428961337e-07, 1.24660277834e-06, 1.14108308935e-06, 7.67109554545e-07, 7.05866796125e-07, 7.388179597e-07, 6.76556624057e-07, 7.41696624118e-07, 6.8971115752e-07, 6.1297640741e-07],
        "dmean2": [0.00202108407393, 0.00258780666627, 0.00131174793933, 0.00183396541979, 0.000577505095862, 0.000216347412788, 0.000191254759557, 0.000344659405528, 0.000423269433668, 0.000301641732221, 0.000107518586447, 8.8721542852e-05, 9.00231825653e-05, 3.50816480932e-05, 5.03520896018e-05, 3.57206226909e-05, 5.45787734154e-05, 5.58633219043e-05, 3.18253805744e-05, 3.20143190038e-05, 1.64762259374e-05, 9.8221898952e-06, 1.05485014501e-05, 1.26152308439e-05, 9.95762002276e-06, 8.04592400527e-06, 5.16780619364e-06, 2.93256425721e-06, 1.85671865438e-06, 1.8010301801e-06, 1.49706272623e-06, 1.9120197976e-06, 1.7297403474e-06, 1.14786519134e-06, 1.09106485979e-06, 1.14548697638e-06, 1.06579000203e-06, 1.1767461956e-06, 1.05898936908e-06, 9.56944973041e-07],
        "dvar": [8.29015607451e-06, 1.11564077088e-05, 1.42392661928e-06, 8.61742228153e-06, 4.09360836784e-07, 6.80003680031e-08, 3.17374883707e-07, 3.44149896137e-07, 4.12446723885e-07, 3.79454888844e-07, 5.50407115441e-08, 7.11337690973e-08, 1.98586072031e-08, 3.39402617122e-09, 1.34635129712e-08, 7.40768602014e-09, 9.017470326e-09, 8.89680684679e-09, 1.85499138272e-09, 2.36454500424e-09, 2.1925683491e-10, 6.33249286341e-11, 1.2915754577e-10, 2.7885976861e-10, 2.72891903519e-10, 2.51874049395e-10, 5.18666568028e-11, 1.09013041649e-11, 7.09096019749e-12, 4.97753487733e-12, 3.93155473455e-12, 7.15629638881e-12, 4.00434980313e-12, 2.36517337833e-12, 2.24585823029e-12, 2.3126589619e-12, 2.80287858895e-12, 2.10337021238e-12, 3.56802066191e-12, 5.78463449016e-12],
        "dvar2": [2.17912875087e-05, 2.93262837658e-05, 3.73654665964e-06, 2.19024132093e-05, 1.03916113403e-06, 1.81023452228e-07, 8.75726755112e-07, 7.41499945889e-07, 9.53170172124e-07, 8.69167422479e-07, 1.11654848922e-07, 1.46039937476e-07, 4.22547223877e-08, 8.20834511472e-09, 2.6148077481e-08, 1.69245186754e-08, 2.09975770105e-08, 1.98044052269e-08, 4.17446210932e-09, 5.22492893396e-09, 4.89931151204e-10, 1.53244722467e-10, 3.33460592472e-10, 6.45455411341e-10, 5.49140510842e-10, 3.71444791591e-10, 1.08970971135e-10, 2.2601382571e-11, 1.56447615279e-11, 1.14521361144e-11, 9.26445465482e-12, 1.74007214887e-11, 9.54985483054e-12, 5.45128395549e-12, 5.55184891116e-12, 5.28068214156e-12, 6.30381163935e-12, 4.87015939729e-12, 7.31293324507e-12, 1.28405133748e-11],
        "max": [0.0264621935785, 0.0301127098501, 0.0131980897859, 0.0243905130774, 0.00567564787343, 0.00465791299939, 0.0144215263426, 0.00909908302128, 0.0132569205016, 0.011478016153, 0.00504618324339, 0.00967557355762, 0.0034761368297, 0.00102286844049, 0.00218126922846, 0.00186449103057, 0.00152071029879, 0.00231867423281, 0.00111650465988, 0.000997251481749, 0.000229521872825, 9.8025178886e-05, 0.000157839444, 0.000354562536813, 0.000436669419287, 0.000493965751957, 0.000152690248797, 5.71180171391e-05, 4.9793983635e-05, 2.97023852909e-05, 3.081883915e-05, 5.99218146817e-05, 3.22722444253e-05, 2.83255922113e-05, 3.22950581904e-05, 2.96452744806e-05, 2.7595913707e-05, 2.09934114537e-05, 5.02317088831e-05, 6.44745596219e-05],
        "mean": [0.00145654729567, 0.00189819361549, 0.00110986293294, 0.00122914637905, 0.000555520411581, 0.000286264752503, 0.000193784799194, 0.000373720278731, 0.000555877399165, 0.000387539941585, 0.000131948516355, 0.000122257129988, 0.000144406963955, 3.97080330004e-05, 5.55210681341e-05, 3.79601624445e-05, 7.07675935701e-05, 8.91444724402e-05, 4.59798902739e-05, 4.39621435362e-05, 2.40145163843e-05, 1.29640202431e-05, 1.26926261146e-05, 1.84628297575e-05, 1.31448377942e-05, 1.06992947622e-05, 7.15306350685e-06, 3.76073717234e-06, 2.21247387344e-06, 1.93785717784e-06, 1.66370205079e-06, 2.16672378883e-06, 2.3229533781e-06, 1.44903185628e-06, 1.31532965497e-06, 1.27299608721e-06, 1.07230755475e-06, 1.25592555378e-06, 1.14866577405e-06, 7.99770930371e-07],
        "median": [0.000708210747689, 0.000937265169341, 0.000761084782425, 0.000565680325963, 0.000319069687976, 0.000187337340321, 8.3057617303e-05, 5.98867882218e-05, 0.0001583956182, 4.72936917504e-05, 2.7003343348e-05, 1.88305548363e-05, 1.57587710419e-05, 1.51449730765e-05, 1.07218411358e-05, 9.84037706075e-06, 1.16617866297e-05, 1.96184719243e-05, 1.65401725098e-05, 1.99544538191e-05, 1.61282805493e-05, 8.74195484357e-06, 7.81363814895e-06, 7.02274110154e-06, 5.50032109459e-06, 3.37068581757e-06, 2.62008552454e-06, 1.90368632502e-06, 1.01281693787e-06, 8.09642244803e-07, 7.46514842831e-07, 1.03818547359e-06, 1.13762553156e-06, 6.26816358817e-07, 6.46595140097e-07, 6.42168174636e-07, 5.20064872944e-07, 5.95140420501e-07, 4.95626068187e-07, 2.32076985185e-07],
        "min": [1.57136105372e-06, 9.46600357565e-06, 7.23081484466e-06, 1.39059966386e-05, 7.55801465857e-06, 4.14893975176e-06, 9.71166059571e-07, 1.32625530114e-06, 1.42300189054e-06, 1.26661092281e-07, 2.14891116457e-07, 7.25363165088e-08, 1.37217895713e-07, 1.84994547681e-07, 2.49118556894e-07, 7.43501331613e-08, 6.94192792139e-08, 5.05863084754e-08, 4.50088464277e-08, 9.77370007149e-08, 1.18859894371e-07, 1.18108651748e-08, 1.54538604136e-08, 1.33804922697e-08, 3.78817972546e-08, 2.95640774084e-08, 2.45936142562e-08, 1.47043053289e-08, 4.35478586525e-09, 5.21608134463e-09, 2.73996492162e-09, 3.10950065696e-09, 1.76680292618e-09, 1.60579627373e-09, 1.11120890267e-09, 4.78608985777e-10, 1.1400218547e-09, 4.06301770006e-10, 1.9498423709e-10, 1.43771127815e-12],
