{
"highlevel": {
    "danceability": {
        "all": {
            "danceable": 0.648264706135,
            "not_danceable": 0.351735323668
        },
        "probability": 0.648264706135,
        "value": "danceable"
    },
    "gender": {
        "all": {
            "female": 0.118077084422,
            "male": 0.881922900677
        },
        "probability": 0.881922900677,
        "value": "male"
    },
    "genre_dortmund": {
        "all": {
            "alternative": 0.0783076137304,
            "blues": 0.0537602342665,
            "electronic": 0.00785185676068,
            "folkcountry": 0.104329451919,
            "funksoulrnb": 0.00969716627151,
            "jazz": 0.00385652226396,
            "pop": 0.033261179924,
            "raphiphop": 0.00156991893891,
            "rock": 0.70736604929
        },
        "probability": 0.70736604929,
        "value": "rock"
    },
    "genre_electronic": {
        "all": {
            "ambient": 0.52647292614,
            "dnb": 0.152366802096,
            "house": 0.0637121647596,
            "techno": 0.0111562879756,
            "trance": 0.246291831136
        },
        "probability": 0.52647292614,
        "value": "ambient"
    },
    "genre_rosamerica": {
        "all": {
            "cla": 0.00486527942121,
            "dan": 0.00121303612832,
            "hip": 0.00114818231668,
            "jaz": 0.000628992100246,
            "pop": 0.0372473299503,
            "rhy": 0.00131915661041,
            "roc": 0.953391134739,
            "spe": 0.000186877659871
        },
        "probability": 0.953391134739,
        "value": "roc"
    },
    "genre_tzanetakis": {
        "all": {
            "blu": 0.0626541376114,
            "cla": 0.0348133966327,
            "cou": 0.0783501937985,
            "dis": 0.104547761381,
            "hip": 0.15693578124,
            "jaz": 0.313987255096,
            "met": 0.044816005975,
            "pop": 0.0627349764109,
            "reg": 0.0627352520823,
            "roc": 0.0784252434969
        },
        "probability": 0.313987255096,
        "value": "jaz"
    },
    "ismir04_rhythm": {
        "all": {
            "ChaChaCha": 0.577609181404,
            "Jive": 0.301065802574,
            "Quickstep": 0.00862322933972,
            "Rumba-American": 0.00552414823323,
            "Rumba-International": 0.0158102214336,
            "Rumba-Misc": 0.00389860244468,
            "Samba": 0.0334729701281,
            "Tango": 0.00680920667946,
            "VienneseWaltz": 0.0449665002525,
            "Waltz": 0.0022201447282
        },
        "probability": 0.577609181404,
        "value": "ChaChaCha"
    },
    "mood_acoustic": {
        "all": {
            "acoustic": 0.0112054869533,
            "not_acoustic": 0.988794505596
        },
        "probability": 0.988794505596,
        "value": "not_acoustic"
    },
    "mood_aggressive": {
        "all": {
            "aggressive": 0.922616302967,
            "not_aggressive": 0.0773837044835
        },
        "probability": 0.922616302967,
        "value": "aggressive"
    },
    "mood_electronic": {
        "all": {
            "electronic": 0.0531796850264,
            "not_electronic": 0.946820318699
        },
        "probability": 0.946820318699,
        "value": "not_electronic"
    },
    "mood_happy": {
        "all": {
            "happy": 0.424220234156,
            "not_happy": 0.575779736042
        },
        "probability": 0.575779736042,
        "value": "not_happy"
    },
    "mood_party": {
        "all": {
            "not_party": 0.5,
            "party": 0.5
        },
        "probability": 0.5,
        "value": "not_party"
    },
    "mood_relaxed": {
        "all": {
            "not_relaxed": 0.913981497288,
            "relaxed": 0.0860185027122
        },
        "probability": 0.913981497288,
        "value": "not_relaxed"
    },
    "mood_sad": {
        "all": {
            "not_sad": 0.949095547199,
            "sad": 0.050904456526
        },
        "probability": 0.949095547199,
        "value": "not_sad"
    },
    "moods_mirex": {
        "all": {
            "Cluster1": 0.197928845882,
            "Cluster2": 0.110557757318,
            "Cluster3": 0.125377878547,
            "Cluster4": 0.183411791921,
            "Cluster5": 0.382723718882
        },
        "probability": 0.382723718882,
        "value": "Cluster5"
    },
    "timbre": {
        "all": {
            "bright": 0.995043337345,
            "dark": 0.00495668780059
        },
        "probability": 0.995043337345,
        "value": "bright"
    },
    "tonal_atonal": {
        "all": {
            "atonal": 0.0367279872298,
            "tonal": 0.963272035122
        },
        "probability": 0.963272035122,
        "value": "tonal"
    },
    "voice_instrumental": {
        "all": {
            "instrumental": 0.00829101074487,
            "voice": 0.991708993912
        },
        "probability": 0.991708993912,
        "value": "voice"
    }
},
"lowlevel": {
    "average_loudness": 0.966341495514,
    "barkbands_crest": {
        "dmean": 2.03931522369,
        "dmean2": 3.33436226845,
        "dvar": 4.34146118164,
        "dvar2": 10.81777668,
        "max": 19.3325710297,
        "mean": 7.21077060699,
        "median": 6.66186237335,
        "min": 2.76975774765,
        "var": 7.92327547073
    },
    "barkbands_flatness_db": {
        "dmean": 0.015731530264,
        "dmean2": 0.0244661942124,
        "dvar": 0.000229779063375,
        "dvar2": 0.000491994374897,
        "max": 0.347097963095,
        "mean": 0.111144959927,
        "median": 0.102326154709,
        "min": 0.0512585602701,
        "var": 0.00172254198696
    },
    "barkbands_kurtosis": {
        "dmean": 1.14850437641,
        "dmean2": 1.83641290665,
        "dvar": 3.2850394249,
        "dvar2": 7.25733375549,
        "max": 23.3769874573,
        "mean": 0.762292802334,
        "median": -0.274848461151,
        "min": -1.70573592186,
        "var": 8.41789627075
    },
    "barkbands_skewness": {
        "dmean": 0.425068587065,
        "dmean2": 0.653094112873,
        "dvar": 0.221640124917,
        "dvar2": 0.434733480215,
        "max": 4.35122871399,
        "mean": 0.849471271038,
        "median": 0.638182878494,
        "min": -0.63479924202,
        "var": 0.637272238731
    },
    "barkbands_spread": {
        "dmean": 5.15598297119,
        "dmean2": 7.96338605881,
        "dvar": 27.3393363953,
        "dvar2": 51.5049133301,
        "max": 73.3415298462,
        "mean": 29.1542358398,
        "median": 28.3423347473,
        "min": 4.03489351273,
        "var": 116.525283813
    },
    "dissonance": {
        "dmean": 0.0134811131284,
        "dmean2": 0.0230280552059,
        "dvar": 0.00018074788386,
        "dvar2": 0.000514551065862,
        "max": 0.49999910593,
        "mean": 0.472325921059,
        "median": 0.476498901844,
        "min": 0.356784433126,
        "var": 0.000397008057917
    },
    "dynamic_complexity": 2.55347299576,
    "erbbands_crest": {
        "dmean": 1.98084890842,
        "dmean2": 3.20419883728,
        "dvar": 3.73377943039,
        "dvar2": 9.34379959106,
        "max": 22.1750850677,
        "mean": 7.80882024765,
        "median": 7.18529033661,
        "min": 2.80036354065,
        "var": 8.76701259613
    },
    "erbbands_flatness_db": {
        "dmean": 0.0137202041224,
        "dmean2": 0.0200376603752,
        "dvar": 0.000154327077325,
        "dvar2": 0.00028809448122,
        "max": 0.31023105979,
        "mean": 0.145936191082,
        "median": 0.144200533628,
        "min": 0.0769627913833,
        "var": 0.00108345085755
    },
    "erbbands_kurtosis": {
        "dmean": 0.586957573891,
        "dmean2": 0.934590160847,
        "dvar": 0.3184491992,
        "dvar2": 0.822040677071,
        "max": 5.54420757294,
        "mean": 0.257811754942,
        "median": 0.0409457683563,
        "min": -1.60940885544,
        "var": 1.06959438324
    },
    "erbbands_skewness": {
        "dmean": 0.254534482956,
        "dmean2": 0.394402503967,
        "dvar": 0.0502460822463,
        "dvar2": 0.114924907684,
        "max": 1.63599038124,
        "mean": -0.0846569016576,
        "median": -0.159390360117,
        "min": -1.77719640732,
        "var": 0.307485580444
    },
    "erbbands_spread": {
        "dmean": 6.32639026642,
        "dmean2": 9.59089756012,
        "dvar": 42.0849609375,
        "dvar2": 94.6392745972,
        "max": 97.431640625,
        "mean": 33.1086616516,
        "median": 30.1146640778,
        "min": 11.4261074066,
        "var": 178.554458618
    },
    "hfc": {
        "dmean": 5.80854320526,
        "dmean2": 8.27431297302,
        "dvar": 39.0493164062,
        "dvar2": 71.9345779419,
        "max": 88.9939117432,
        "mean": 29.2088985443,
        "median": 30.1997966766,
        "min": 0.311671197414,
        "var": 248.95942688
    },
    "melbands_crest": {
        "dmean": 3.71193909645,
        "dmean2": 5.96888875961,
        "dvar": 16.3127441406,
        "dvar2": 40.1259994507,
        "max": 32.50340271,
        "mean": 11.194609642,
        "median": 10.0127639771,
        "min": 3.52260494232,
        "var": 25.7368183136
    },
    "melbands_flatness_db": {
        "dmean": 0.0223337877542,
        "dmean2": 0.0342089235783,
        "dvar": 0.000571792421397,
        "dvar2": 0.00111294735689,
        "max": 0.443858802319,
        "mean": 0.150714859366,
        "median": 0.135285824537,
        "min": 0.0655385479331,
        "var": 0.00322617031634
    },
    "melbands_kurtosis": {
        "dmean": 3.57868099213,
        "dmean2": 5.59398126602,
        "dvar": 35.4387168884,
        "dvar2": 76.6759796143,
        "max": 83.393447876,
        "mean": 5.28556442261,
        "median": 2.17727088928,
        "min": -1.34908640385,
        "var": 64.7649154663
    },
    "melbands_skewness": {
        "dmean": 0.606526315212,
        "dmean2": 0.922998309135,
        "dvar": 0.544702172279,
        "dvar2": 1.101785779,
        "max": 7.93550252914,
        "mean": 1.80870378017,
        "median": 1.51707863808,
        "min": -0.143838152289,
        "var": 1.37842297554
    },
    "melbands_spread": {
        "dmean": 8.02890872955,
        "dmean2": 12.5171775818,
        "dvar": 70.6445770264,
        "dvar2": 150.996841431,
        "max": 90.072303772,
        "mean": 34.7026176453,
        "median": 35.3876113892,
        "min": 4.3657207489,
        "var": 214.766143799
    },
    "pitch_salience": {
        "dmean": 0.0612176433206,
        "dmean2": 0.101869828999,
        "dvar": 0.00347449979745,
        "dvar2": 0.00916687771678,
        "max": 0.781308352947,
        "mean": 0.597102999687,
        "median": 0.604924976826,
        "min": 0.25136500597,
        "var": 0.00626610638574
    },
    "silence_rate_20dB": {
        "dmean": 0,
        "dmean2": 0,
        "dvar": 0,
        "dvar2": 0,
        "max": 1,
        "mean": 1,
        "median": 1,
        "min": 1,
        "var": 0
    },
    "silence_rate_30dB": {
        "dmean": 0.00154798757285,
        "dmean2": 0.00309837330133,
        "dvar": 0.00154558033682,
        "dvar2": 0.00463790306821,
        "max": 1,
        "mean": 0.999226629734,
        "median": 1,
        "min": 0,
        "var": 0.000772795174271
    },
    "silence_rate_60dB": {
        "dmean": 0.00541795650497,
        "dmean2": 0.0108443070203,
        "dvar": 0.00538861332461,
        "dvar2": 0.0122758802027,
        "max": 1,
        "mean": 0.0525908730924,
        "median": 0,
        "min": 0,
        "var": 0.0498250722885
    },
    "spectral_centroid": {
        "dmean": 201.996765137,
        "dmean2": 313.37890625,
        "dvar": 40305.2773438,
        "dvar2": 89289.0625,
        "max": 2994.38452148,
        "mean": 1653.95666504,
        "median": 1701.55578613,
        "min": 305.159820557,
        "var": 208589.046875
    },
    "spectral_complexity": {
        "dmean": 3.53560376167,
        "dmean2": 5.48567008972,
        "dvar": 11.0429763794,
        "dvar2": 22.0018310547,
        "max": 55,
        "mean": 27.5746326447,
        "median": 29,
        "min": 2,
        "var": 83.9242401123
    },
    "spectral_decrease": {
        "dmean": 2.60036037147e-09,
        "dmean2": 3.86263954155e-09,
        "dvar": 1.68203521424e-17,
        "dvar2": 3.47946477092e-17,
        "max": -1.8478570063e-10,
        "mean": -7.30755411738e-09,
        "median": -6.23645757258e-09,
        "min": -3.15603116974e-08,
        "var": 2.79724623722e-17
    },
    "spectral_energy": {
        "dmean": 0.0101480782032,
        "dmean2": 0.0149591797963,
        "dvar": 0.000244976719841,
        "dvar2": 0.000508235942107,
        "max": 0.12391088903,
        "mean": 0.0302297472954,
        "median": 0.0265057180077,
        "min": 0.000738519476727,
        "var": 0.000433305482147
    },
    "spectral_energyband_high": {
        "dmean": 0.000323687680066,
        "dmean2": 0.000430275453255,
        "dvar": 1.68015773738e-07,
        "dvar2": 3.12661626367e-07,
        "max": 0.00641686283052,
        "mean": 0.000901767460164,
        "median": 0.000683188438416,
        "min": 8.8085947425e-08,
        "var": 7.13651445494e-07
    },
    "spectral_energyband_low": {
        "dmean": 0.00661346176639,
        "dmean2": 0.0104143070057,
        "dvar": 0.000169411665411,
        "dvar2": 0.000345131120412,
        "max": 0.0893849059939,
        "mean": 0.00944834575057,
        "median": 0.00432716403157,
        "min": 8.90537339728e-05,
        "var": 0.000207647302886
    },
    "spectral_energyband_middle_high": {
        "dmean": 0.00227116048336,
        "dmean2": 0.00331714120694,
        "dvar": 6.35058358966e-06,
        "dvar2": 1.20554532259e-05,
        "max": 0.0350064300001,
        "mean": 0.0100650852546,
        "median": 0.00949242711067,
        "min": 7.71771956352e-05,
        "var": 4.8182788305e-05
    },
    "spectral_energyband_middle_low": {
        "dmean": 0.00438443152234,
        "dmean2": 0.0069770119153,
        "dvar": 6.38056953903e-05,
        "dvar2": 0.000157711139764,
        "max": 0.0735132619739,
        "mean": 0.0104100992903,
        "median": 0.00844334531575,
        "min": 0.000457328889752,
        "var": 8.11226127553e-05
    },
    "spectral_entropy": {
        "dmean": 0.103511489928,
        "dmean2": 0.144465699792,
        "dvar": 0.00847941078246,
        "dvar2": 0.0145806949586,
        "max": 8.41796112061,
        "mean": 7.73432826996,
        "median": 7.7769203186,
        "min": 5.70061206818,
        "var": 0.128927975893
    },
    "spectral_flux": {
        "dmean": 0.0280026774853,
        "dmean2": 0.0441957227886,
        "dvar": 0.00120073999278,
        "dvar2": 0.00252416590229,
        "max": 0.302259862423,
        "mean": 0.0956336781383,
        "median": 0.0835908129811,
        "min": 0.00351887242869,
        "var": 0.00280606327578
    },
    "spectral_kurtosis": {
        "dmean": 1.32076907158,
        "dmean2": 2.14945483208,
        "dvar": 5.194003582,
        "dvar2": 11.3861684799,
        "max": 68.2695846558,
        "mean": 5.1541800499,
        "median": 4.40474557877,
        "min": 0.0859110355377,
        "var": 30.1574401855
    },
    "spectral_rms": {
        "dmean": 0.000800076581072,
        "dmean2": 0.00116807466839,
        "dvar": 1.13208682251e-06,
        "dvar2": 2.19032085624e-06,
        "max": 0.0109949382022,
        "mean": 0.00511916261166,
        "median": 0.00508519774303,
        "min": 0.000848826719448,
        "var": 3.28657870341e-06
    },
    "spectral_rolloff": {
        "dmean": 463.381469727,
        "dmean2": 747.741210938,
        "dvar": 365988.71875,
        "dvar2": 666198.4375,
        "max": 6869.09179688,
        "mean": 1931.17382812,
        "median": 2024.12109375,
        "min": 64.599609375,
        "var": 935463.5
    },
    "spectral_skewness": {
        "dmean": 0.173078745604,
        "dmean2": 0.275135904551,
        "dvar": 0.0393916107714,
        "dvar2": 0.0793803557754,
        "max": 6.41004419327,
        "mean": 1.671438694,
        "median": 1.6487609148,
        "min": 0.346938222647,
        "var": 0.284466296434
    },
    "spectral_spread": {
        "dmean": 429036,
        "dmean2": 610947,
        "dvar": 194602762240,
        "dvar2": 329038888960,
        "max": 7913370,
        "mean": 4465006.5,
        "median": 4382233.5,
        "min": 1248080,
        "var": 1.1503772631e+12
    },
    "spectral_strongpeak": {
        "dmean": 0.692911624908,
        "dmean2": 1.17454707623,
        "dvar": 1.05913639069,
        "dvar2": 2.4266910553,
        "max": 7.44081735611,
        "mean": 1.19768702984,
        "median": 0.390300959349,
        "min": 0,
        "var": 1.94339430332
    },
    "zerocrossingrate": {
        "dmean": 0.0107111977413,
        "dmean2": 0.0126105910167,
        "dvar": 9.58559030551e-05,
        "dvar2": 0.000132696892251,
        "max": 0.17138671875,
        "mean": 0.0733668059111,
        "median": 0.07373046875,
        "min": 0.0126953125,
        "var": 0.00059898319887
    },
    "barkbands": {
        "dmean": [0.00177075783722, 0.00396422995254, 0.00232268963009, 0.000915866636205, 0.00285457912832, 0.000526779098436, 0.000489917583764, 0.000853519130033, 0.000674703798722, 0.000599382154178, 0.000640931131784, 0.000345614535036, 0.00045613682596, 0.000545476970728, 0.000710006512236, 0.000357936223736, 0.00073986192001, 0.000252862955676, 0.00023871162557, 0.000102453304862, 8.04732917459e-05, 8.42740628286e-05, 6.68024149491e-05, 6.25968896202e-05, 4.86793214804e-05, 2.45498213189e-05, 4.86449014403e-09],
        "dmean2": [0.00288652535528, 0.00656060408801, 0.00408170511946, 0.00156663428061, 0.00480123236775, 0.000853283738252, 0.00082266231766, 0.00134697370231, 0.00106378598139, 0.000890226161573, 0.00089337216923, 0.000512272934429, 0.000743861310184, 0.000872370437719, 0.00114469660912, 0.000561066786759, 0.00122674368322, 0.000403519254178, 0.000371140311472, 0.000162699012435, 0.000126924482174, 0.000130498112412, 9.55408031587e-05, 8.97732243175e-05, 7.02631805325e-05, 3.60758676834e-05, 8.46666381449e-09],
        "dvar": [1.52183802129e-05, 6.39882127871e-05, 2.26291522267e-05, 1.63661150054e-06, 4.89798439958e-05, 6.15553176431e-07, 7.62510808272e-07, 2.25570101975e-06, 2.95133190775e-06, 2.42800706474e-06, 2.15696877603e-06, 4.50086986348e-07, 7.35623984838e-07, 7.78111996169e-07, 1.02759463516e-06, 2.53314283327e-07, 6.21037202109e-07, 1.03387513661e-07, 8.96696477071e-08, 1.8718727901e-08, 1.64974487404e-08, 1.81661423682e-08, 1.10615649973e-08, 7.15771220072e-09, 4.54016380047e-09, 1.4815569882e-09, 1.33949207944e-15],
        "dvar2": [3.41936938639e-05, 0.00013313278032, 6.31242219242e-05, 4.06740809922e-06, 0.000127371837152, 1.63219579008e-06, 2.07004472941e-06, 5.43245641893e-06, 7.46074874769e-06, 5.07980894326e-06, 3.90458126276e-06, 8.47860917474e-07, 1.91911431102e-06, 1.74588444679e-06, 2.52565428127e-06, 5.9312827716e-07, 1.77156982772e-06, 2.41439664705e-07, 1.96478453063e-07, 4.2879257478e-08, 4.12691569807e-08, 4.14941183635e-08, 2.10106225751e-08, 1.46321808003e-08, 9.26579080129e-09, 3.14188008943e-09, 2.67985088534e-15],
        "max": [0.0247419588268, 0.0539205744863, 0.0355497077107, 0.0174361169338, 0.058562617749, 0.0104148732498, 0.0102411201224, 0.0170712023973, 0.02540644072, 0.0265345592052, 0.0221449751407, 0.0176408663392, 0.00999896973372, 0.0115827042609, 0.013591138646, 0.00870530027896, 0.0101705491543, 0.00609315885231, 0.00460812076926, 0.0017316271551, 0.00159675185569, 0.00190028653014, 0.00228669657372, 0.0011116041569, 0.000919830985367, 0.000362813472748, 9.21430853396e-07],
        "mean": [0.00165187311359, 0.00465747574344, 0.00269952672534, 0.00129933992866, 0.00353322993033, 0.00111573841423, 0.000938827579375, 0.00197503436357, 0.00119571713731, 0.0011873774929, 0.00146910059266, 0.000641838822048, 0.000759179063607, 0.0010011427803, 0.00144292553887, 0.000785168784205, 0.00170009967405, 0.000557417748496, 0.000589588540606, 0.000218676737859, 0.000170116109075, 0.000184247124707, 0.00015151455591, 0.000148448496475, 0.000109169435746, 4.69481637992e-05, 3.41432371265e-09],
        "median": [0.00024607242085, 0.00133478094358, 0.00177626835648, 0.000950281042606, 0.0018864676822, 0.000845362432301, 0.000555234379135, 0.000874104443938, 0.000456689798739, 0.000463948206743, 0.000337650009897, 0.000384733342798, 0.000336964672897, 0.000524338742252, 0.000887508969754, 0.000552464392968, 0.00146071682684, 0.000441405136371, 0.000468817568617, 0.000152358596097, 9.31995236897e-05, 0.000112274421554, 0.00010341428424, 0.000109319371404, 8.05901436252e-05, 2.87037255475e-05, 4.27204216447e-10],
        "min": [4.66718041991e-09, 1.58335678861e-05, 6.91657623975e-06, 4.92076560477e-06, 0.000114360460429, 2.30617297348e-05, 8.75149339663e-07, 6.71304178468e-07, 5.6437756939e-06, 9.18148816709e-06, 2.63785722154e-07, 1.10111204776e-06, 2.40643714733e-07, 5.99897305165e-07, 2.87465894644e-07, 7.81887905532e-08, 1.94063662917e-08, 1.13605381102e-07, 2.32832206848e-08, 7.23091062582e-08, 2.53605882961e-08, 8.83600659307e-09, 2.71417732733e-09, 1.11122680502e-10, 9.89766324455e-11, 5.11820013455e-12, 6.52328451672e-12],
        "var": [1.52760549099e-05, 7.53856220399e-05, 1.63544336829e-05, 1.83122449471e-06, 4.06837825722e-05, 1.12758630166e-06, 1.20075765153e-06, 6.28651878287e-06, 4.53463735539e-06, 5.49600827071e-06, 1.00139941424e-05, 1.02733895346e-06, 1.43615648085e-06, 1.83387589914e-06, 2.69221368399e-06, 6.7188165076e-07, 1.67141661223e-06, 2.87146349365e-07, 2.87857801595e-07, 4.60612810116e-08, 4.00132513789e-08, 4.85460951438e-08, 3.30374270163e-08, 2.14130935206e-08, 1.16109051262e-08, 3.08357206436e-09, 1.01729175773e-15]
    },
    "erbbands": {
        "dmean": [0.198679313064, 0.740195930004, 2.4210524559, 2.9347717762, 8.24129199982, 9.20860004425, 5.16904830933, 4.17205381393, 5.1478061676, 13.8866701126, 17.8884487152, 15.1383209229, 17.2583389282, 19.2660007477, 22.5839881897, 17.574300766, 20.0148429871, 27.9232749939, 36.408996582, 27.4242553711, 20.8996295929, 31.3325519562, 15.2734479904, 12.2860507965, 10.2157335281, 4.25541734695, 3.74552989006, 2.88920521736, 3.05044412613, 2.580773592, 1.80279994011, 1.44096314907, 1.07415866852, 0.62582296133, 0.322068691254, 0.147518396378, 0.0422032102942, 0.00276764156297, 5.46232404304e-05, 1.3131841115e-05],
        "dmean2": [0.315991491079, 1.30152750015, 4.32307004929, 4.92863941193, 13.4704971313, 16.0464515686, 8.5891494751, 6.89050531387, 8.69764041901, 22.6149291992, 28.5747089386, 24.1677093506, 26.7000026703, 26.3619232178, 31.0527381897, 26.3849029541, 32.2216262817, 44.5795860291, 57.4867362976, 44.1483840942, 34.8083496094, 52.1604270935, 24.7839698792, 19.3831634521, 15.5416908264, 6.54056549072, 5.92388391495, 4.4798913002, 4.74133443832, 3.82084870338, 2.58473563194, 2.09744715691, 1.54385769367, 0.910928547382, 0.467808812857, 0.218887463212, 0.0624560602009, 0.00428598886356, 8.09522534837e-05, 1.85842964129e-05],
        "dvar": [0.15254971385, 2.90435934067, 30.0379524231, 19.2736091614, 366.022918701, 548.591064453, 56.9690818787, 46.189289093, 78.2269287109, 704.541870117, 1007.00561523, 1949.91967773, 2464.22729492, 1851.7434082, 2408.15942383, 1035.22973633, 1682.11706543, 1859.23803711, 3224.00097656, 1422.88720703, 630.774169922, 1126.65698242, 340.101104736, 224.248809814, 175.412887573, 29.9609680176, 35.8341064453, 20.5293903351, 24.3453712463, 15.718205452, 8.17670536041, 4.52217340469, 2.0074942112, 0.686753034592, 0.216881483793, 0.0497695095837, 0.00465694442391, 2.29258348554e-05, 7.98931232282e-09, 2.91225321636e-10],
        "dvar2": [0.29329097271, 7.85296630859, 85.0457458496, 47.4389266968, 933.120544434, 1493.0657959, 159.497695923, 120.895515442, 216.374420166, 1783.04760742, 2373.02368164, 4816.19580078, 5936.00878906, 3014.98730469, 4373.04589844, 2017.76489258, 4398.04541016, 4207.75927734, 7815.76904297, 3803.10302734, 1627.82299805, 3116.01538086, 855.155090332, 518.920471191, 386.47479248, 68.7090759277, 89.7598571777, 49.9177703857, 57.0377388, 30.615278244, 15.2393827438, 9.58007240295, 4.20145320892, 1.40258717537, 0.453725993633, 0.104689568281, 0.0104087805375, 5.2924890042e-05, 1.75602004049e-08, 5.95903271172e-10],
        "max": [2.90123319626, 11.8361654282, 39.3148727417, 57.182182312, 148.11541748, 212.112670898, 82.1115570068, 87.4640655518, 110.84034729, 373.459106445, 421.472747803, 680.080932617, 1013.36413574, 827.123413086, 811.704040527, 879.217407227, 510.628509521, 679.913574219, 779.197265625, 614.999267578, 339.320007324, 316.347717285, 317.600738525, 186.107208252, 214.573562622, 56.585193634, 85.59740448, 60.6519050598, 62.6102485657, 70.7285308838, 55.3115959167, 31.410692215, 16.9498233795, 9.99151992798, 6.7498292923, 2.30826616287, 0.731951057911, 0.0495659373701, 0.000950592511799, 0.0001514605392],
        "mean": [0.222274437547, 0.721092283726, 2.5624704361, 4.49434232712, 9.47984981537, 10.6669063568, 9.1809091568, 8.37972450256, 9.48485279083, 26.1941642761, 46.3602676392, 29.0504951477, 31.7613353729, 46.389339447, 53.8419265747, 35.1299324036, 36.758266449, 52.893119812, 74.9660568237, 60.6037139893, 51.6435508728, 78.2096557617, 39.7714271545, 30.4619731903, 24.5825309753, 9.7398443222, 7.70322704315, 6.08432817459, 6.37474489212, 5.94371414185, 4.02444028854, 3.21115040779, 2.44589972496, 1.37826013565, 0.684977412224, 0.281492561102, 0.0759996175766, 0.00463251909241, 0.000117799616419, 4.39558607468e-05],
        "median": [0.0569808669388, 0.250451952219, 1.43135416508, 3.53891444206, 4.44751787186, 5.49126768112, 7.28642845154, 5.40383148193, 6.25009298325, 15.0639572144, 18.2592430115, 14.5288391113, 16.7171325684, 18.1039791107, 16.1761779785, 23.1157169342, 16.0474720001, 32.3964233398, 44.5942115784, 41.7130279541, 43.9039001465, 69.2988815308, 33.1182289124, 25.4077796936, 18.5318050385, 7.17673015594, 4.49715900421, 3.57269191742, 3.82774662971, 3.74020528793, 2.77973818779, 2.23071098328, 1.80382466316, 1.04384994507, 0.483424842358, 0.174341484904, 0.0454579517245, 0.0023676790297, 8.31059733173e-05, 4.09582062275e-05],
        "min": [0.000475498178275, 0.00341922882944, 0.0270041078329, 0.0529113151133, 0.0928228572011, 0.294022530317, 0.181921675801, 0.171243563294, 0.0987396538258, 0.0260692927986, 0.0903794243932, 0.148351326585, 0.276892632246, 0.161246538162, 0.255895763636, 0.0536292716861, 0.0327961631119, 0.0334444716573, 0.0225429423153, 0.0122500574216, 0.00505093252286, 0.00216667097993, 0.0046397941187, 0.00446480000392, 0.00271771429107, 0.00342165748589, 0.00183956185356, 0.000500588444993, 0.00040293080383, 0.00013123836834, 7.33253982617e-05, 1.04483196992e-05, 2.158326879e-06, 2.05852393265e-06, 1.2571778143e-06, 6.36152151401e-07, 3.67203455198e-07, 5.03052888234e-08, 5.76696606913e-07, 9.81355128715e-07],
        "var": [0.191332265735, 2.21853637695, 19.8502445221, 21.4708423615, 319.74118042, 408.204620361, 68.5398864746, 82.4943771362, 122.710281372, 1076.48132324, 3837.46240234, 2898.45288086, 3097.26269531, 7461.1328125, 11529.625, 2416.17797852, 3316.2746582, 4111.69482422, 7981.33398438, 3630.546875, 1734.91687012, 3128.26318359, 1071.67749023, 680.93572998, 532.557983398, 78.8626098633, 78.9513092041, 49.2821121216, 59.6484489441, 51.9830474854, 24.3753433228, 12.85384655, 5.42914533615, 1.79679262638, 0.510164678097, 0.108476772904, 0.00851880572736, 3.73983893951e-05, 1.48454741833e-08, 6.58976984091e-10]
    },
    "gfcc": {
        "mean": [37.0586891174, 83.2397842407, -127.126922607, 34.017829895, -52.4505500793, 23.2882461548, -48.5368118286, 18.2455768585, -25.2832317352, 1.0819453001, -19.811624527, 0.609849989414, -12.797539711],
        "cov": [[4266.65527344, -1416.02294922, -613.240783691, 90.475151062, 79.8489990234, 68.110458374, -302.504150391, 397.085235596, 164.117721558, 185.453063965, -252.392562866, 146.783966064, -272.299163818], [-1416.02294922, 882.291870117, 90.0715484619, -45.0524864197, 64.0716400146, -78.6668930054, 189.050430298, -152.603393555, -16.9666557312, -113.458679199, 134.821487427, -96.2181930542, 115.759094238], [-613.240783691, 90.0715484619, 382.261932373, 110.222343445, -46.9619255066, 34.2373504639, 25.2783699036, -64.8298797607, -37.2555770874, 19.1450748444, 5.38841915131, -22.5691223145, 32.7953720093], [90.475151062, -45.0524864197, 110.222343445, 279.431365967, 16.3916339874, 23.5047492981, 5.69259548187, -16.6580295563, 35.1413078308, 32.615776062, -5.33999967575, -3.6598379612, 46.4471893311], [79.8489990234, 64.0716400146, -46.9619255066, 16.3916339874, 211.733932495, 1.72371256351, 12.3671474457, 30.1765289307, 21.925365448, 12.9766807556, 12.8746299744, 35.6700897217, 8.53391933441], [68.110458374, -78.6668930054, 34.2373504639, 23.5047492981, 1.72371256351, 101.158325195, 31.5399837494, 2.7125005722, -18.6639709473, -4.42494058609, -3.11931085587, 17.5731773376, -1.5487319231], [-302.504150391, 189.050430298, 25.2783699036, 5.69259548187, 12.3671474457, 31.5399837494, 149.681350708, -26.0633277893, -21.3721580505, -31.5590286255, 38.3523139954, -6.00590753555, 29.751958847], [397.085235596, -152.603393555, -64.8298797607, -16.6580295563, 30.1765289307, 2.7125005722, -26.0633277893, 128.786331177, 60.9639968872, 31.7641925812, -30.6289482117, 5.39790248871, -37.819568634], [164.117721558, -16.9666557312, -37.2555770874, 35.1413078308, 21.925365448, -18.6639709473, -21.3721580505, 60.9639968872, 112.029571533, 43.1109085083, -13.4349546432, -15.955698967, -6.12795591354], [185.453063965, -113.458679199, 19.1450748444, 32.615776062, 12.9766807556, -4.42494058609, -31.5590286255, 31.7641925812, 43.1109085083, 82.7535095215, -0.416263252497, 15.5860042572, -16.623167038], [-252.392562866, 134.821487427, 5.38841915131, -5.33999967575, 12.8746299744, -3.11931085587, 38.3523139954, -30.6289482117, -13.4349546432, -0.416263252497, 73.6118011475, 13.304271698, 28.4631938934], [146.783966064, -96.2181930542, -22.5691223145, -3.6598379612, 35.6700897217, 17.5731773376, -6.00590753555, 5.39790248871, -15.955698967, 15.5860042572, 13.304271698, 81.0362014771, 15.6305799484], [-272.299163818, 115.759094238, 32.7953720093, 46.4471893311, 8.53391933441, -1.5487319231, 29.751958847, -37.819568634, -6.12795591354, -16.623167038, 28.4631938934, 15.6305799484, 84.9772338867]],
        "icov": [[0.000972668232862, 0.000659901706968, 0.00140104757156, -0.00100589497015, -4.19939788117e-05, -0.000178456568392, 0.000132084125653, -0.000819744891487, 0.000179523747647, -0.000460145791294, 0.00114110950381, -0.000868093397003, 0.00151723332237], [0.000659901706968, 0.0100207002833, -0.00194738665596, 0.00284838466905, -0.00517228851095, 0.00626711733639, -0.00625095888972, 0.00616909889504, -0.00700375251472, 0.00898391101509, -0.0102217709646, 0.00965067185462, -0.0038724814076], [0.00140104757156, -0.00194738665596, 0.00675762584433, -0.00355090480298, 0.00193167745601, -0.00328508554958, 0.00175532570574, -0.00221498333849, 0.00459170853719, -0.00643935101107, 0.00565189821646, -0.00219896342605, 0.00220378185622], [-0.00100589497015, 0.00284838466905, -0.00355090480298, 0.00760138779879, -0.00244933040813, 0.00105758558493, -0.00239137699828, 0.0044349366799, -0.00456323986873, 0.00179557083175, -0.00355658307672, 0.00555133959278, -0.00661917310208], [-4.19939788117e-05, -0.00517228851095, 0.00193167745601, -0.00244933040813, 0.00836963299662, -0.00297901919112, 0.00263843988068, -0.00463710585609, 0.00296466983855, -0.00461914855987, 0.00503118010238, -0.00805161800236, 0.0027282347437], [-0.000178456568392, 0.00626711733639, -0.00328508554958, 0.00105758558493, -0.00297901919112, 0.0171477720141, -0.00762115558609, 0.00304287136532, -0.00312924501486, 0.00749089149758, -0.00591058377177, 0.00284609547816, -0.00108919618651], [0.000132084125653, -0.00625095888972, 0.00175532570574, -0.00239137699828, 0.00263843988068, -0.00762115558609, 0.0140127707273, -0.00505658751354, 0.00475398031995, -0.00310121988878, 0.00240421202034, -0.00462096231058, 0.00178859801963], [-0.000819744891487, 0.00616909889504, -0.00221498333849, 0.0044349366799, -0.00463710585609, 0.00304287136532, -0.00505658751354, 0.0200349707156, -0.0124438172206, 0.00564777851105, -0.00469847582281, 0.00541709270328, -0.000606769230217], [0.000179523747647, -0.00700375251472, 0.00459170853719, -0.00456323986873, 0.00296466983855, -0.00312924501486, 0.00475398031995, -0.0124438172206, 0.0243224520236, -0.01608546637, 0.00934726838022, -0.000441260810476, -0.00116162875202], [-0.000460145791294, 0.00898391101509, -0.00643935101107, 0.00179557083175, -0.00461914855987, 0.00749089149758, -0.00310121988878, 0.00564777851105, -0.01608546637, 0.0322528108954, -0.0163815692067, 0.00249162130058, 0.00216880207881], [0.00114110950381, -0.0102217709646, 0.00565189821646, -0.00355658307672, 0.00503118010238, -0.00591058377177, 0.00240421202034, -0.00469847582281, 0.00934726838022, -0.0163815692067, 0.0345089547336, -0.0143596353009, 0.00234992150217], [-0.000868093397003, 0.00965067185462, -0.00219896342605, 0.00555133959278, -0.00805161800236, 0.00284609547816, -0.00462096231058, 0.00541709270328, -0.000441260810476, 0.00249162130058, -0.0143596353009, 0.0316839069128, -0.0137871056795], [0.00151723332237, -0.0038724814076, 0.00220378185622, -0.00661917310208, 0.0027282347437, -0.00108919618651, 0.00178859801963, -0.000606769230217, -0.00116162875202, 0.00216880207881, 0.00234992150217, -0.0137871056795, 0.0255715679377]]
    },
    "melbands": {
        "dmean": [0.00139048998244, 0.00115303171333, 0.000589115370531, 0.000709460000508, 0.000205012664082, 9.68885506154e-05, 8.19579872768e-05, 0.000155422647367, 0.000139647265314, 9.80284312391e-05, 8.71983793331e-05, 7.91071579442e-05, 9.18979785638e-05, 3.91024586861e-05, 5.05268690176e-05, 4.06368490076e-05, 5.74154328206e-05, 5.7998313423e-05, 4.05665268772e-05, 3.758260209e-05, 3.18030070048e-05, 3.99468226533e-05, 2.77132385236e-05, 1.2996827536e-05, 1.09800139398e-05, 9.59988938121e-06, 5.56658187634e-06, 2.74287845059e-06, 2.63829383584e-06, 2.08071696761e-06, 1.7317554466e-06, 1.86704028238e-06, 1.84438033557e-06, 1.43778709116e-06, 1.1259345456e-06, 1.07654568637e-06, 8.80816685367e-07, 8.2575235183e-07, 7.12650205514e-07, 5.38107599368e-07],
        "dmean2": [0.00225905398838, 0.00205268175341, 0.000983823323622, 0.00120731862262, 0.000345463951817, 0.000157695147209, 0.000138623116072, 0.000251156045124, 0.000222169575864, 0.000155602989253, 0.000134627160151, 0.000107257532363, 0.000123743666336, 5.94661323703e-05, 7.82011920819e-05, 6.41266451566e-05, 9.20822858461e-05, 9.17841753107e-05, 6.49651192361e-05, 6.02938307566e-05, 5.34151040483e-05, 6.70878725941e-05, 4.54862383776e-05, 2.13160092244e-05, 1.76198227564e-05, 1.46896218212e-05, 8.81533924257e-06, 4.28816747444e-06, 4.21872664447e-06, 3.32886816068e-06, 2.73723480859e-06, 2.97072529065e-06, 2.87225861939e-06, 2.13268776861e-06, 1.67033988419e-06, 1.59629121299e-06, 1.32984996526e-06, 1.22049027595e-06, 1.05573258224e-06, 8.08611559933e-07],
        "dvar": [7.61854244047e-06, 7.37289747121e-06, 8.11317477201e-07, 3.42788348462e-06, 1.16812898909e-07, 2.40610571467e-08, 1.87302511279e-08, 8.87718130116e-08, 6.16294570932e-08, 8.31870465845e-08, 6.17141751036e-08, 3.27781641829e-08, 4.40854961425e-08, 5.38442845865e-09, 7.83109133096e-09, 4.99619456917e-09, 8.30629165449e-09, 7.93951038247e-09, 3.40757466688e-09, 2.64733412969e-09, 1.49738743627e-09, 1.91647298031e-09, 1.18289456008e-09, 2.61069499352e-10, 1.84279785875e-10, 1.70640071517e-10, 5.93933235926e-11, 1.28514464695e-11, 1.7620059925e-11, 1.11387687268e-11, 7.43506818612e-12, 9.64468175463e-12, 8.85893962355e-12, 5.15646943547e-12, 3.29014051247e-12, 2.54956515969e-12, 1.6346641922e-12, 1.18405415681e-12, 8.53437546328e-13, 5.12371341101e-13],
        "dvar2": [1.40347092383e-05, 2.0713032427e-05, 1.98411248675e-06, 9.03513137018e-06, 3.30842226504e-07, 6.27255545282e-08, 5.13691915671e-08, 2.22726768584e-07, 1.44134801872e-07, 2.09848991517e-07, 1.48931306398e-07, 5.06819475277e-08, 7.67281207459e-08, 1.03306163624e-08, 1.88822752989e-08, 1.29887718359e-08, 1.86878370556e-08, 1.89135338502e-08, 8.21895529413e-09, 6.53813492235e-09, 4.15320666747e-09, 5.28345989181e-09, 3.20542081766e-09, 6.87483125983e-10, 4.40758540776e-10, 3.82078091388e-10, 1.34778396776e-10, 2.98736521631e-11, 4.50465532931e-11, 2.76635884339e-11, 1.82261671033e-11, 2.31681479557e-11, 2.08907214444e-11, 1.02676036076e-11, 6.34331389499e-12, 5.2808287257e-12, 3.66863006987e-12, 2.65775964604e-12, 1.77183669212e-12, 1.11550504077e-12],
        "max": [0.0199398249388, 0.0186439938843, 0.00826908741146, 0.0153622217476, 0.00351495831273, 0.00210405909456, 0.0015213447623, 0.00393283274025, 0.00353757780977, 0.00461666518822, 0.00511402823031, 0.00362620479427, 0.00341136823408, 0.00185913546011, 0.00110414298251, 0.000963218393736, 0.00147742405534, 0.00111351313535, 0.000775733147748, 0.000764266995247, 0.000467614794616, 0.000434147426859, 0.000370776280761, 0.000254205893725, 0.000170663741301, 0.000215379113797, 0.000106537168904, 3.97957228415e-05, 5.2950996178e-05, 4.44911638624e-05, 3.58854194928e-05, 4.44787510787e-05, 3.89560154872e-05, 4.50588959211e-05, 3.48011526512e-05, 2.16371790884e-05, 1.68019887496e-05, 1.36675571412e-05, 1.09492139018e-05, 9.00993836694e-06],
        "mean": [0.0016585731646, 0.0012307621073, 0.00089936790755, 0.000794644351117, 0.000348183239112, 0.000199446541956, 0.000155668269144, 0.000300979387248, 0.000357288401574, 0.000172399697476, 0.000155472982442, 0.00017997850955, 0.000215404827031, 7.60413167882e-05, 9.11758543225e-05, 6.95542548783e-05, 0.000101506222563, 0.000114798742288, 8.56589686009e-05, 7.50186445657e-05, 6.32388328086e-05, 8.9872861281e-05, 5.77602440899e-05, 2.58957261394e-05, 2.41976122197e-05, 2.17695378524e-05, 1.15034836199e-05, 5.28587725057e-06, 4.9597015277e-06, 4.09613403463e-06, 3.30942748406e-06, 3.47408104062e-06, 3.82984489988e-06, 3.10859672936e-06, 2.33516857406e-06, 2.14113265429e-06, 1.83864915471e-06, 1.75826494342e-06, 1.44865907714e-06, 1.07124378701e-06],
        "median": [0.000438728893641, 0.00065242726123, 0.000690172193572, 0.000376391166355, 0.000268296746071, 0.000132144195959, 0.000107568979729, 0.000181874580448, 0.000139710435178, 6.72147725709e-05, 7.98399269115e-05, 6.20301216259e-05, 4.94691084896e-05, 4.92708568345e-05, 4.58800423075e-05, 3.60003323294e-05, 5.50890799786e-05, 6.605690578e-05, 5.60573134862e-05, 4.84203046653e-05, 5.14927996846e-05, 7.817405276e-05, 4.24285426561e-05, 2.0123376089e-05, 1.82687399501e-05, 1.63959721249e-05, 8.04595674708e-06, 3.61332445209e-06, 2.90153161586e-06, 2.23793426812e-06, 1.98052225642e-06, 2.13446992348e-06, 2.10738699025e-06, 2.00306317311e-06, 1.55311931849e-06, 1.38271298056e-06, 1.25996928091e-06, 1.30298371914e-06, 1.04976879811e-06, 7.83389282333e-07],
        "min": [4.07334800911e-06, 1.55722791533e-05, 8.45108297653e-06, 1.91906474356e-05, 9.53894777922e-06, 4.67695917905e-06, 1.43561283039e-06, 2.57252395386e-07, 7.74864645336e-07, 7.88365639437e-07, 1.4367874428e-06, 4.81110532746e-07, 3.09527251829e-07, 1.27335837874e-07, 5.33520818635e-08, 4.78333284093e-08, 5.50063496974e-08, 1.25187078481e-08, 2.95402013961e-08, 4.56596271903e-09, 4.91421481286e-09, 1.06637865205e-09, 1.07244946257e-09, 7.0556769316e-09, 2.6921040952e-09, 1.56698398701e-09, 1.84142390225e-09, 1.26448718163e-09, 1.05498987324e-09, 4.23963225638e-10, 1.65870414626e-10, 2.39371772404e-10, 7.91000598355e-11, 3.8960053933e-11, 4.65337178512e-11, 1.61680356603e-11, 1.88911039589e-12, 5.22513835585e-13, 6.21960274082e-13, 2.28233935657e-13],
