{
"highlevel": {
    "danceability": {
        "all": {
            "danceable": 0.0659323185682,
            "not_danceable": 0.934067666531
        },
        "probability": 0.934067666531,
        "value": "not_danceable"
    },
    "gender": {
        "all": {
            "female": 0.0293808244169,
            "male": 0.97061920166
        },
        "probability": 0.97061920166,
        "value": "male"
    },
    "genre_dortmund": {
        "all": {
            "alternative": 0.170199543238,
            "blues": 0.0413855351508,
            "electronic": 0.0187714714557,
            "folkcountry": 0.133639708161,
            "funksoulrnb": 0.011832324788,
            "jazz": 0.0103591969237,
            "pop": 0.0585189349949,
            "raphiphop": 0.000728502287529,
            "rock": 0.554564774036
        },
        "probability": 0.554564774036,
        "value": "rock"
    },
    "genre_electronic": {
        "all": {
            "ambient": 0.37436273694,
            "dnb": 0.257091075182,
            "house": 0.0503764823079,
            "techno": 0.024361576885,
            "trance": 0.29380813241
        },
        "probability": 0.37436273694,
        "value": "ambient"
    },
    "genre_rosamerica": {
        "all": {
            "cla": 0.00433672079816,
            "dan": 0.000623431405984,
            "hip": 0.000211803009734,
            "jaz": 0.000860108062625,
            "pop": 0.0130013301969,
            "rhy": 0.000626608030871,
            "roc": 0.980252563953,
            "spe": 8.74062679941e-05
        },
        "probability": 0.980252563953,
        "value": "roc"
    },
    "genre_tzanetakis": {
        "all": {
            "blu": 0.0626541376114,
            "cla": 0.0348133966327,
            "cou": 0.0783501937985,
            "dis": 0.104547761381,
            "hip": 0.15693578124,
            "jaz": 0.313987255096,
            "met": 0.044816005975,
            "pop": 0.0627349764109,
            "reg": 0.0627352520823,
            "roc": 0.0784252434969
        },
        "probability": 0.313987255096,
        "value": "jaz"
    },
    "ismir04_rhythm": {
        "all": {
            "ChaChaCha": 0.307710617781,
            "Jive": 0.181626051664,
            "Quickstep": 0.169839307666,
            "Rumba-American": 0.0152178378776,
            "Rumba-International": 0.0116700632498,
            "Rumba-Misc": 0.00644299667329,
            "Samba": 0.0458763055503,
            "Tango": 0.12945625186,
            "VienneseWaltz": 0.114497184753,
            "Waltz": 0.0176633726805
        },
        "probability": 0.307710617781,
        "value": "ChaChaCha"
    },
    "mood_acoustic": {
        "all": {
            "acoustic": 0.00788014847785,
            "not_acoustic": 0.992119848728
        },
        "probability": 0.992119848728,
        "value": "not_acoustic"
    },
    "mood_aggressive": {
        "all": {
            "aggressive": 0.936461508274,
            "not_aggressive": 0.0635385140777
        },
        "probability": 0.936461508274,
        "value": "aggressive"
    },
    "mood_electronic": {
        "all": {
            "electronic": 0.100963182747,
            "not_electronic": 0.899036824703
        },
        "probability": 0.899036824703,
        "value": "not_electronic"
    },
    "mood_happy": {
        "all": {
            "happy": 0.808535039425,
            "not_happy": 0.191464945674
        },
        "probability": 0.808535039425,
        "value": "happy"
    },
    "mood_party": {
        "all": {
            "not_party": 0.557281494141,
            "party": 0.442718505859
        },
        "probability": 0.557281494141,
        "value": "not_party"
    },
    "mood_relaxed": {
        "all": {
            "not_relaxed": 0.870806574821,
            "relaxed": 0.129193410277
        },
        "probability": 0.870806574821,
        "value": "not_relaxed"
    },
    "mood_sad": {
        "all": {
            "not_sad": 0.936644136906,
            "sad": 0.0633558928967
        },
        "probability": 0.936644136906,
        "value": "not_sad"
    },
    "moods_mirex": {
        "all": {
            "Cluster1": 0.475023776293,
            "Cluster2": 0.102867789567,
            "Cluster3": 0.0599753074348,
            "Cluster4": 0.0800462141633,
            "Cluster5": 0.282086908817
        },
        "probability": 0.475023776293,
        "value": "Cluster1"
    },
    "timbre": {
        "all": {
            "bright": 0.997072339058,
            "dark": 0.00292766396888
        },
        "probability": 0.997072339058,
        "value": "bright"
    },
    "tonal_atonal": {
        "all": {
            "atonal": 0.00018316252681,
            "tonal": 0.999816834927
        },
        "probability": 0.999816834927,
        "value": "tonal"
    },
    "voice_instrumental": {
        "all": {
            "instrumental": 0.000122972080135,
            "voice": 0.999877035618
        },
        "probability": 0.999877035618,
        "value": "voice"
    }
},
"lowlevel": {
    "average_loudness": 0.97790569067,
    "barkbands_crest": {
        "dmean": 2.22709393501,
        "dmean2": 3.76763892174,
        "dvar": 5.86420059204,
        "dvar2": 15.6906585693,
        "max": 21.1819248199,
        "mean": 7.36740493774,
        "median": 6.50059461594,
        "min": 2.48776626587,
        "var": 10.2185506821
    },
    "barkbands_flatness_db": {
        "dmean": 0.0148083074018,
        "dmean2": 0.0239645671099,
        "dvar": 0.000227917014854,
        "dvar2": 0.000563874025829,
        "max": 0.307841747999,
        "mean": 0.106442421675,
        "median": 0.0982922390103,
        "min": 0.0439464040101,
        "var": 0.00124215497635
    },
    "barkbands_kurtosis": {
        "dmean": 1.10522079468,
        "dmean2": 1.84656262398,
        "dvar": 3.91555762291,
        "dvar2": 10.3152179718,
        "max": 25.9581871033,
        "mean": 0.636144220829,
        "median": -0.22753572464,
        "min": -1.87747979164,
        "var": 7.98559761047
    },
    "barkbands_skewness": {
        "dmean": 0.363422751427,
        "dmean2": 0.58168900013,
        "dvar": 0.16109803319,
        "dvar2": 0.407215207815,
        "max": 4.54341220856,
        "mean": 0.91037529707,
        "median": 0.780164003372,
        "min": -0.644727408886,
        "var": 0.523825824261
    },
    "barkbands_spread": {
        "dmean": 5.13663053513,
        "dmean2": 8.02473258972,
        "dvar": 32.2189598083,
        "dvar2": 70.9773025513,
        "max": 100.441253662,
        "mean": 29.3294715881,
        "median": 28.028799057,
        "min": 2.63170719147,
        "var": 125.797996521
    },
    "dissonance": {
        "dmean": 0.0132139138877,
        "dmean2": 0.0224090889096,
        "dvar": 0.000153822431457,
        "dvar2": 0.000417312112404,
        "max": 0.499999493361,
        "mean": 0.471922129393,
        "median": 0.475381135941,
        "min": 0.37844234705,
        "var": 0.000347213965142
    },
    "dynamic_complexity": 1.37312209606,
    "erbbands_crest": {
        "dmean": 2.1516661644,
        "dmean2": 3.55103945732,
        "dvar": 4.98738193512,
        "dvar2": 12.6345481873,
        "max": 23.5165538788,
        "mean": 7.32556915283,
        "median": 6.54210615158,
        "min": 2.91482996941,
        "var": 9.3237695694
    },
    "erbbands_flatness_db": {
        "dmean": 0.0136420922354,
        "dmean2": 0.0199329834431,
        "dvar": 0.000166594283655,
        "dvar2": 0.000327790883603,
        "max": 0.229725897312,
        "mean": 0.144055739045,
        "median": 0.144259542227,
        "min": 0.0759406983852,
        "var": 0.000747586891521
    },
    "erbbands_kurtosis": {
        "dmean": 0.463904470205,
        "dmean2": 0.746281564236,
        "dvar": 0.273088097572,
        "dvar2": 0.685918271542,
        "max": 8.40305137634,
        "mean": -0.170706525445,
        "median": -0.384675741196,
        "min": -1.51640510559,
        "var": 0.748859465122
    },
    "erbbands_skewness": {
        "dmean": 0.264839023352,
        "dmean2": 0.427276223898,
        "dvar": 0.0653260499239,
        "dvar2": 0.158639252186,
        "max": 2.27455306053,
        "mean": -0.00477348733693,
        "median": 0.0257395934314,
        "min": -2.032081604,
        "var": 0.243302464485
    },
    "erbbands_spread": {
        "dmean": 5.41642522812,
        "dmean2": 8.12951660156,
        "dvar": 29.4172096252,
        "dvar2": 66.4673614502,
        "max": 95.9053955078,
        "mean": 35.4587059021,
        "median": 33.8555641174,
        "min": 12.2713270187,
        "var": 131.159347534
    },
    "hfc": {
        "dmean": 6.14605426788,
        "dmean2": 9.33067321777,
        "dvar": 51.0568656921,
        "dvar2": 114.099998474,
        "max": 94.4630050659,
        "mean": 30.8249130249,
        "median": 29.1896858215,
        "min": 0.993990719318,
        "var": 220.770324707
    },
    "melbands_crest": {
        "dmean": 2.99149107933,
        "dmean2": 4.97435569763,
        "dvar": 9.72634220123,
        "dvar2": 24.9602546692,
        "max": 29.767080307,
        "mean": 11.9210042953,
        "median": 10.9560308456,
        "min": 3.93100953102,
        "var": 20.5341129303
    },
    "melbands_flatness_db": {
        "dmean": 0.0194099657238,
        "dmean2": 0.0311541184783,
        "dvar": 0.000437385519035,
        "dvar2": 0.00109884515405,
        "max": 0.408408224583,
        "mean": 0.153457388282,
        "median": 0.14318844676,
        "min": 0.0566230341792,
        "var": 0.00206462363712
    },
    "melbands_kurtosis": {
        "dmean": 2.97575998306,
        "dmean2": 4.95041036606,
        "dvar": 24.3815612793,
        "dvar2": 64.7062149048,
        "max": 66.6377639771,
        "mean": 5.41132307053,
        "median": 3.21662282944,
        "min": -1.37359619141,
        "var": 48.3692703247
    },
    "melbands_skewness": {
        "dmean": 0.489829182625,
        "dmean2": 0.791723072529,
        "dvar": 0.327119231224,
        "dvar2": 0.823322474957,
        "max": 6.73919391632,
        "mean": 1.92825889587,
        "median": 1.7735452652,
        "min": 0.112806096673,
        "var": 0.986115515232
    },
    "melbands_spread": {
        "dmean": 6.99872255325,
        "dmean2": 11.0882673264,
        "dvar": 51.7949829102,
        "dvar2": 126.714492798,
        "max": 97.8061523438,
        "mean": 32.4824447632,
        "median": 31.9820537567,
        "min": 2.16996002197,
        "var": 174.275756836
    },
    "pitch_salience": {
        "dmean": 0.0615361407399,
        "dmean2": 0.103057764471,
        "dvar": 0.00332800112665,
        "dvar2": 0.00905698817223,
        "max": 0.786900877953,
        "mean": 0.570158481598,
        "median": 0.578352510929,
        "min": 0.207663431764,
        "var": 0.00744207249954
    },
    "silence_rate_20dB": {
        "dmean": 0,
        "dmean2": 0,
        "dvar": 0,
        "dvar2": 0,
        "max": 1,
        "mean": 1,
        "median": 1,
        "min": 1,
        "var": 0
    },
    "silence_rate_30dB": {
        "dmean": 0,
        "dmean2": 0,
        "dvar": 0,
        "dvar2": 0,
        "max": 1,
        "mean": 1,
        "median": 1,
        "min": 1,
        "var": 0
    },
    "silence_rate_60dB": {
        "dmean": 0,
        "dmean2": 0,
        "dvar": 0,
        "dvar2": 0,
        "max": 0,
        "mean": 0,
        "median": 0,
        "min": 0,
        "var": 0
    },
    "spectral_centroid": {
        "dmean": 212.972793579,
        "dmean2": 337.005126953,
        "dvar": 45922.9101562,
        "dvar2": 115104.164062,
        "max": 3494.24755859,
        "mean": 1647.88806152,
        "median": 1658.9342041,
        "min": 292.600891113,
        "var": 181146.9375
    },
    "spectral_complexity": {
        "dmean": 3.59907126427,
        "dmean2": 5.68396568298,
        "dvar": 10.4413537979,
        "dvar2": 25.0155696869,
        "max": 55,
        "mean": 29.6295433044,
        "median": 30,
        "min": 4,
        "var": 70.2070922852
    },
    "spectral_decrease": {
        "dmean": 1.97263250179e-09,
        "dmean2": 3.13472670044e-09,
        "dvar": 6.44884398489e-18,
        "dvar2": 1.58160969762e-17,
        "max": -2.15530415737e-09,
        "mean": -7.89777576671e-09,
        "median": -7.45557837689e-09,
        "min": -2.3609626254e-08,
        "var": 9.86004501401e-18
    },
    "spectral_energy": {
        "dmean": 0.00771909905598,
        "dmean2": 0.0122289657593,
        "dvar": 9.4208495284e-05,
        "dvar2": 0.000228177246754,
        "max": 0.0926481410861,
        "mean": 0.032603867352,
        "median": 0.0312944874167,
        "min": 0.00844734534621,
        "var": 0.00015711132437
    },
    "spectral_energyband_high": {
        "dmean": 0.000399611220928,
        "dmean2": 0.00060383870732,
        "dvar": 6.08550806191e-07,
        "dvar2": 1.30140006149e-06,
        "max": 0.0108741428703,
        "mean": 0.00110825907905,
        "median": 0.000832804944366,
        "min": 2.30397245105e-06,
        "var": 1.56076123403e-06
    },
    "spectral_energyband_low": {
        "dmean": 0.00491403834894,
        "dmean2": 0.00817119609565,
        "dvar": 6.92829780746e-05,
        "dvar2": 0.000177636320586,
        "max": 0.073848977685,
        "mean": 0.0101158786565,
        "median": 0.00813912507147,
        "min": 0.000744311837479,
        "var": 7.05962374923e-05
    },
    "spectral_energyband_middle_high": {
        "dmean": 0.00229635462165,
        "dmean2": 0.00346432277001,
        "dvar": 7.48955471863e-06,
        "dvar2": 1.63943022926e-05,
        "max": 0.0360288694501,
        "mean": 0.00963164493442,
        "median": 0.00814377889037,
        "min": 8.54778409121e-05,
        "var": 3.63034414477e-05
    },
    "spectral_energyband_middle_low": {
        "dmean": 0.00455307867378,
        "dmean2": 0.00707907183096,
        "dvar": 4.80898997921e-05,
        "dvar2": 0.000119905475003,
        "max": 0.0777857154608,
        "mean": 0.0129685048014,
        "median": 0.0111363949254,
        "min": 0.0011358082993,
        "var": 6.84765545884e-05
    },
    "spectral_entropy": {
        "dmean": 0.0989340767264,
        "dmean2": 0.147892788053,
        "dvar": 0.0125394603238,
        "dvar2": 0.0263971369714,
        "max": 8.60849666595,
        "mean": 7.74831867218,
        "median": 7.75759840012,
        "min": 6.71121406555,
        "var": 0.0618753284216
    },
    "spectral_flux": {
        "dmean": 0.0226453542709,
        "dmean2": 0.0352108255029,
        "dvar": 0.000587361864746,
        "dvar2": 0.00119478395209,
        "max": 0.247162356973,
        "mean": 0.0920342579484,
        "median": 0.0845024362206,
        "min": 0.0161633789539,
        "var": 0.00144512928091
    },
    "spectral_kurtosis": {
        "dmean": 1.13381493092,
        "dmean2": 1.9117474556,
        "dvar": 1.54290318489,
        "dvar2": 4.39815473557,
        "max": 18.3325233459,
        "mean": 4.01381397247,
        "median": 3.85242557526,
        "min": -1.00673961639,
        "var": 3.2289788723
    },
    "spectral_rms": {
        "dmean": 0.000632305745967,
        "dmean2": 0.000991033273749,
        "dvar": 4.90776187689e-07,
        "dvar2": 1.14385056804e-06,
        "max": 0.00950728263706,
        "mean": 0.00554232345894,
        "median": 0.00552550517023,
        "min": 0.00287076854147,
        "var": 1.09137431537e-06
    },
    "spectral_rolloff": {
        "dmean": 467.597564697,
        "dmean2": 774.628601074,
        "dvar": 494039.34375,
        "dvar2": 1044408.5,
        "max": 8785.546875,
        "mean": 1879.94995117,
        "median": 1765.72265625,
        "min": 86.1328125,
        "var": 1297429.875
    },
    "spectral_skewness": {
        "dmean": 0.164317891002,
        "dmean2": 0.267759650946,
        "dvar": 0.0267526898533,
        "dvar2": 0.0676703751087,
        "max": 3.43274521828,
        "mean": 1.43972301483,
        "median": 1.42986011505,
        "min": 0.233567118645,
        "var": 0.0828319936991
    },
    "spectral_spread": {
        "dmean": 424252.1875,
        "dmean2": 606229.1875,
        "dvar": 270309130240,
        "dvar2": 514993618944,
        "max": 11764643,
        "mean": 4200902,
        "median": 3995126.75,
        "min": 2083814.5,
        "var": 1.16441455002e+12
    },
    "spectral_strongpeak": {
        "dmean": 0.6467487216,
        "dmean2": 1.12013626099,
        "dvar": 1.35133051872,
        "dvar2": 3.23369717598,
        "max": 11.7604112625,
        "mean": 0.945063829422,
        "median": 0.373500168324,
        "min": 0,
        "var": 1.78423202038
    },
    "zerocrossingrate": {
        "dmean": 0.00827470421791,
        "dmean2": 0.0100912721828,
        "dvar": 7.98519031378e-05,
        "dvar2": 9.51400215854e-05,
        "max": 0.2314453125,
        "mean": 0.0671105384827,
        "median": 0.06494140625,
        "min": 0.0068359375,
        "var": 0.0006255696062
    },
    "barkbands": {
        "dmean": [0.000242966634687, 0.00367892184295, 0.0013571891468, 0.00166872749105, 0.00127441680524, 0.000969959422946, 0.000742274220102, 0.00125214585569, 0.00123542896472, 0.0008206483908, 0.000534760009032, 0.000298417959129, 0.000575240002945, 0.000612017174717, 0.00058356882073, 0.000514809566084, 0.000556920364033, 0.000235900792177, 0.000222490969463, 0.000215448744711, 0.000105232298665, 7.56448571337e-05, 0.000119321106467, 7.71196355345e-05, 3.97854819312e-05, 2.6590165362e-05, 7.4116094595e-08],
        "dmean2": [0.000399893644499, 0.00617180578411, 0.00235482654534, 0.00276449229568, 0.00215976103209, 0.0014931014739, 0.00120478263125, 0.00201166258194, 0.00190698669758, 0.00123240589164, 0.000818387197796, 0.000493222440127, 0.000916956865694, 0.000979597331025, 0.000938325887546, 0.00084899214562, 0.000890915107448, 0.000397310708649, 0.00036257688771, 0.000339301826898, 0.000178672649781, 0.000120693497593, 0.000180716073373, 0.000116948089271, 6.13720912952e-05, 4.15961512772e-05, 1.28664922272e-07],
        "dvar": [5.05042407895e-07, 5.29901481059e-05, 4.68598364023e-06, 2.20708316192e-05, 4.76469449495e-06, 1.72257011855e-06, 1.58625414315e-06, 5.82332131671e-06, 6.9199659265e-06, 2.77654976344e-06, 1.04942989765e-06, 1.49918093939e-07, 1.15959471714e-06, 1.59234457442e-06, 1.26559461933e-06, 5.27749421053e-07, 6.09709502442e-07, 1.29313463049e-07, 7.08219758394e-08, 1.05005732109e-07, 4.74666812522e-08, 1.78300858522e-08, 1.31295109895e-07, 5.22134833147e-08, 5.90713833404e-09, 2.02326910781e-09, 4.34739016433e-14],
        "dvar2": [1.21014056731e-06, 0.000139565090649, 1.35888603836e-05, 5.8659894421e-05, 1.3511711586e-05, 3.84528539144e-06, 3.8703969949e-06, 1.43796405609e-05, 1.76306239155e-05, 6.37243101664e-06, 2.563165026e-06, 3.67479429997e-07, 2.6270579383e-06, 3.99056943934e-06, 2.80142398879e-06, 1.3406557855e-06, 1.4257489056e-06, 3.4388111203e-07, 1.94670107589e-07, 2.42654948579e-07, 1.30757868533e-07, 4.05160349715e-08, 2.86759643586e-07, 1.01945879294e-07, 1.24148717973e-08, 4.95939866951e-09, 1.24507690399e-13],
        "max": [0.00765004847199, 0.0637158155441, 0.0218998137861, 0.060445509851, 0.0192808881402, 0.0245284345001, 0.0210494212806, 0.0300529245287, 0.037295550108, 0.0249791089445, 0.01855215244, 0.00367894861847, 0.0228704977781, 0.0216846391559, 0.0219017080963, 0.00951249245554, 0.00932317227125, 0.00533123966306, 0.00322352373041, 0.00527439732105, 0.00476402137429, 0.00226747407578, 0.00554628996179, 0.00414798455313, 0.00133010384161, 0.000458745955257, 3.44070417668e-06],
        "mean": [0.000231220459682, 0.00599341653287, 0.0030164651107, 0.0018606823869, 0.00242582708597, 0.00233062030748, 0.00135151715949, 0.00210689101368, 0.00217264913954, 0.00143920036498, 0.00112636981066, 0.000549806456547, 0.00111317425035, 0.00117909931578, 0.00101501366589, 0.000998857081868, 0.00123427505605, 0.00054267514497, 0.000510549114551, 0.000487532350235, 0.000244587456109, 0.000172831743839, 0.000217915410758, 0.00016269274056, 8.24860544526e-05, 3.74921546609e-05, 7.36135561397e-08],
        "median": [3.25958826579e-05, 0.00469616660848, 0.00226341746747, 0.000869336654432, 0.00184045056812, 0.00168416579254, 0.000887331261765, 0.00127634115051, 0.0013230642071, 0.000722463068087, 0.000455309607787, 0.000391288718674, 0.00064972252585, 0.000642080674879, 0.00060051237233, 0.000722707714885, 0.000894870958291, 0.000376242882339, 0.000392215210013, 0.000321296509355, 0.000161573188961, 0.000128797153593, 0.000118312156701, 7.63260322856e-05, 4.77716421301e-05, 2.10439666262e-05, 1.82288157902e-08],
        "min": [6.05584062896e-08, 6.13435622654e-05, 4.13539019064e-05, 5.36060997547e-06, 0.000118368239782, 4.77903586216e-06, 2.82963374048e-05, 8.38646610646e-06, 6.07969241173e-06, 1.07773257696e-05, 5.06301785208e-06, 2.55009445027e-06, 1.17839936138e-05, 5.32793637831e-06, 3.5488433241e-06, 2.40438384935e-06, 3.42738803738e-06, 1.41027840073e-06, 4.914191436e-07, 1.53278142534e-06, 1.9914146776e-07, 1.84272408887e-07, 1.44032497928e-07, 5.7430060707e-08, 5.77297210036e-10, 4.18970544022e-12, 5.13787233244e-12],
        "var": [4.84112320009e-07, 4.75111119158e-05, 7.58953001423e-06, 1.73341941263e-05, 4.97930977872e-06, 4.74584248877e-06, 2.41726229433e-06, 8.03883540357e-06, 8.94293316378e-06, 4.70129225505e-06, 3.38505651598e-06, 3.02334655089e-07, 2.57036981566e-06, 3.04559193864e-06, 2.44355419454e-06, 9.91217802948e-07, 1.52696031819e-06, 3.25576735349e-07, 1.95128393443e-07, 2.55970093122e-07, 6.99531526038e-08, 3.50240796365e-08, 2.26057423447e-07, 1.38772165315e-07, 1.74423799848e-08, 2.69238209505e-09, 3.44281183152e-14]
    },
    "erbbands": {
        "dmean": [0.103328660131, 0.846205174923, 1.64088368416, 3.29912567139, 5.18667507172, 3.89600253105, 6.57780885696, 8.4848575592, 8.92209243774, 18.515838623, 26.0329608917, 30.136631012, 27.9052581787, 17.61287117, 19.6584434509, 13.6400356293, 25.8940467834, 26.6303520203, 31.9648628235, 25.8664531708, 27.0027065277, 24.2181453705, 13.7805500031, 11.8825979233, 10.7111034393, 10.4658174515, 5.46547698975, 3.20743560791, 2.62776613235, 2.86062526703, 3.68832087517, 2.21105647087, 1.09864521027, 0.549841225147, 0.263253003359, 0.143902987242, 0.0486850365996, 0.0037080552429, 7.49158134568e-05, 1.13819123726e-05],
        "dmean2": [0.172293126583, 1.44880115986, 2.84184551239, 5.47946929932, 9.00240802765, 6.38584423065, 10.4505157471, 13.1968355179, 14.1936578751, 29.5862464905, 41.1996765137, 46.2792778015, 42.032207489, 26.9032535553, 30.8989753723, 22.1131572723, 41.6755256653, 42.0158004761, 50.5283126831, 41.1677742004, 44.4934921265, 38.5478248596, 22.7739830017, 19.5024280548, 16.7998199463, 16.4456005096, 9.33408164978, 5.33532762527, 4.16436052322, 4.40465974808, 5.57995271683, 3.36886405945, 1.65816533566, 0.830149710178, 0.425947248936, 0.227072700858, 0.077673368156, 0.00596487568691, 0.00011717423331, 1.76551966433e-05],
        "dvar": [0.0759493336082, 2.39529752731, 6.74320888519, 63.6994171143, 217.307128906, 29.6455554962, 101.406967163, 161.093704224, 183.241104126, 1020.90405273, 3617.00585938, 4580.75976562, 3859.07739258, 1525.38476562, 1540.36242676, 286.456878662, 2706.89233398, 1768.71362305, 3717.99658203, 2952.8894043, 1629.51513672, 1312.66296387, 351.058929443, 221.390914917, 190.443069458, 280.759033203, 150.133270264, 23.5727348328, 23.6086845398, 46.5674438477, 128.729476929, 48.96434021, 8.40042877197, 1.34615218639, 0.261924296618, 0.0631987601519, 0.00767416134477, 4.38746465079e-05, 1.63657336572e-08, 1.89486981661e-10],
        "dvar2": [0.186021953821, 6.70409870148, 19.7790145874, 170.73626709, 602.338134766, 80.5925598145, 246.728790283, 351.640014648, 460.2293396, 2431.67871094, 9012.22949219, 11390.7753906, 8978.96582031, 4132.50537109, 3892.49023438, 672.639648438, 6442.64404297, 4347.70117188, 9135.25976562, 6225.52587891, 4471.65869141, 3159.18603516, 950.113647461, 593.756774902, 445.342895508, 637.092468262, 414.982513428, 63.1798629761, 54.3089370728, 101.570243835, 288.396820068, 106.759765625, 15.5373487473, 2.44148373604, 0.690362930298, 0.157634139061, 0.0194116979837, 0.000110850502097, 3.96790049706e-08, 4.3569475805e-10],
        "max": [2.96928334236, 14.3846054077, 28.4953365326, 104.57849884, 155.984466553, 58.9370651245, 150.018264771, 298.668823242, 213.407165527, 371.41519165, 692.5390625, 1105.92480469, 1030.77905273, 589.147338867, 900.218566895, 232.967315674, 1102.16760254, 572.601623535, 1092.73913574, 1607.31518555, 646.890808105, 570.339904785, 279.071563721, 168.485702515, 184.989898682, 288.526824951, 296.298675537, 55.8617744446, 95.4540939331, 98.3263092041, 184.372314453, 120.28414917, 55.0129890442, 23.7199802399, 6.18395662308, 2.21586155891, 1.05201232433, 0.0680378824472, 0.00139531434979, 0.00013937089534],
        "mean": [0.138378918171, 1.44873273373, 3.73109602928, 4.83435726166, 6.2910490036, 8.08345127106, 14.5267572403, 19.9480476379, 19.4435749054, 33.4867935181, 44.2141227722, 55.5465621948, 49.0416984558, 36.3057518005, 44.245639801, 30.0742588043, 52.2004356384, 55.9139823914, 59.9484291077, 52.0406570435, 60.9324493408, 57.5749092102, 35.8638343811, 27.7503318787, 25.7087802887, 24.2230644226, 12.76567173, 7.77455854416, 6.03407430649, 5.77805089951, 6.4456319809, 4.16307592392, 2.33173537254, 1.18195688725, 0.455974191427, 0.200280427933, 0.0670440495014, 0.00474173622206, 0.000124302561744, 4.6882629249e-05],
        "median": [0.0629511252046, 1.17084407806, 2.78530740738, 2.90245175362, 3.37179732323, 5.83654069901, 9.90894031525, 12.7438755035, 13.4569005966, 20.4840431213, 25.0398159027, 35.6975250244, 24.1657352448, 20.0509700775, 22.1903839111, 22.4607582092, 31.9023761749, 34.7987213135, 35.1619377136, 36.9408836365, 46.5725288391, 42.4850120544, 26.8597450256, 21.8928909302, 18.2119197845, 15.892993927, 9.35060977936, 5.8362569809, 4.51363706589, 3.80213093758, 3.32630038261, 1.98429822922, 1.09647107124, 0.655452013016, 0.285087704659, 0.112057030201, 0.0361530296504, 0.00230457447469, 7.78330286266e-05, 4.44842808065e-05],
        "min": [0.000988230691291, 0.024556716904, 0.226784348488, 0.132687419653, 0.16989813745, 0.268117189407, 0.307333618402, 0.0979162827134, 0.782421588898, 0.759051144123, 0.363314062357, 0.182287752628, 0.242283925414, 0.300611525774, 0.222208231688, 0.227235466242, 1.0074390173, 0.938750684261, 0.431087911129, 0.111003994942, 0.183368489146, 0.158705487847, 0.0771808847785, 0.0505366325378, 0.0455200336874, 0.0606829747558, 0.0152628058568, 0.0110575361177, 0.00835761427879, 0.00474013853818, 0.00382582005113, 0.00123796681874, 0.00111785682384, 0.000298061961075, 4.03189369536e-05, 1.10451919682e-05, 6.05844843449e-06, 8.67205869781e-07, 4.27145641879e-06, 9.47844910115e-06],
        "var": [0.0687007755041, 2.09516239166, 10.1421833038, 53.4052391052, 153.751144409, 52.4200439453, 231.824295044, 448.112243652, 384.106262207, 1655.71691895, 4737.78808594, 5983.59765625, 6521.40966797, 2621.28344727, 4387.29003906, 757.060852051, 5361.57714844, 3980.34985352, 7180.55859375, 5825.81884766, 3158.05249023, 3245.1496582, 1139.02624512, 511.363830566, 603.18145752, 674.74432373, 197.407836914, 47.6905975342, 43.2966461182, 82.0775909424, 214.481826782, 99.4442138672, 26.3084888458, 4.9122171402, 0.389971017838, 0.0783257856965, 0.00979642104357, 5.94574703427e-05, 2.58217269788e-08, 4.06730454872e-10]
    },
    "gfcc": {
        "mean": [50.9349098206, 92.8514328003, -131.498519897, 37.1353034973, -56.3188552856, 18.9728355408, -40.8923606873, 16.9230327606, -19.4521579742, 5.17117452621, -15.4323863983, -1.46200478077, -11.530591011],
        "cov": [[1524.7244873, -804.615539551, -12.112039566, -172.812515259, -158.354568481, 44.5622138977, -118.951019287, 87.4122085571, -191.220443726, 155.319061279, -194.289886475, 105.730194092, -147.014038086], [-804.615539551, 685.606811523, -153.085723877, 59.3244132996, 124.113677979, -85.1143188477, 99.6684570312, -58.5022850037, 128.020446777, -113.351249695, 133.849563599, -80.7932739258, 115.942214966], [-12.112039566, -153.085723877, 332.434967041, 29.0054912567, -8.51455020905, 54.5047645569, -39.4188804626, 15.7103977203, -17.3168544769, 51.0857429504, -43.0013771057, 35.5888748169, -51.7608108521], [-172.812515259, 59.3244132996, 29.0054912567, 186.981796265, 8.42410755157, 3.88127851486, -17.2061538696, -25.6250839233, 45.3085670471, -35.9719200134, 39.8035392761, -11.2702856064, 47.1845626831], [-158.354568481, 124.113677979, -8.51455020905, 8.42410755157, 129.581848145, 1.10541963577, 50.2516212463, 12.9713697433, 20.1110992432, -5.78300619125, 18.7530975342, 6.8425579071, 15.451212883], [44.5622138977, -85.1143188477, 54.5047645569, 3.88127851486, 1.10541963577, 117.437606812, 33.2615814209, 11.5717191696, -2.51418304443, 15.4796857834, -5.42272853851, 3.5440261364, -0.878852784634], [-118.951019287, 99.6684570312, -39.4188804626, -17.2061538696, 50.2516212463, 33.2615814209, 160.110626221, 13.6657772064, 8.11206912994, -3.37472438812, 20.3929710388, -20.7921009064, 2.18465185165], [87.4122085571, -58.5022850037, 15.7103977203, -25.6250839233, 12.9713697433, 11.5717191696, 13.6657772064, 103.904747009, 15.1015386581, 28.9718818665, -12.891617775, 1.28244864941, -8.54339694977], [-191.220443726, 128.020446777, -17.3168544769, 45.3085670471, 20.1110992432, -2.51418304443, 8.11206912994, 15.1015386581, 110.828392029, -15.2079019547, 33.1099777222, -16.9095058441, 39.6358261108], [155.319061279, -113.351249695, 51.0857429504, -35.9719200134, -5.78300619125, 15.4796857834, -3.37472438812, 28.9718818665, -15.2079019547, 86.3377304077, -11.8600473404, 20.184419632, -26.801820755], [-194.289886475, 133.849563599, -43.0013771057, 39.8035392761, 18.7530975342, -5.42272853851, 20.3929710388, -12.891617775, 33.1099777222, -11.8600473404, 93.0821075439, -7.6361656189, 39.118686676], [105.730194092, -80.7932739258, 35.5888748169, -11.2702856064, 6.8425579071, 3.5440261364, -20.7921009064, 1.28244864941, -16.9095058441, 20.184419632, -7.6361656189, 69.0652770996, -2.66113328934], [-147.014038086, 115.942214966, -51.7608108521, 47.1845626831, 15.451212883, -0.878852784634, 2.18465185165, -8.54339694977, 39.6358261108, -26.801820755, 39.118686676, -2.66113328934, 82.9738693237]],
        "icov": [[0.00284068612382, 0.00222617737018, 0.00220400723629, 6.30608410574e-05, 0.000778138288297, -0.000118682648463, 0.000523354974575, -0.000868587638251, 0.00113831926137, -0.0019628747832, 0.00222276803106, -0.0016408811789, 0.000733746506739], [0.00222617737018, 0.00872789602727, 0.000387418287573, 0.0028893603012, -0.00390847865492, 0.00479592848569, -0.00209886929952, 0.00273425900377, -0.00312270387076, 0.00291330460459, -0.0033765877597, 0.00437457626686, -0.00437245843932], [0.00220400723629, 0.000387418287573, 0.00665956828743, -0.00242809741758, 0.00103620626032, -0.00309458584525, 0.00198581907898, -0.0013903073268, 0.00118386896793, -0.00414021965116, 0.00393887562677, -0.00395669648424, 0.00459092343226], [6.30608410574e-05, 0.0028893603012, -0.00242809741758, 0.00921773258597, -0.00202160002664, 0.00171334168408, -1.04032242234e-05, 0.00261550908908, -0.00316925067455, 0.0041113239713, -0.00412810221314, 0.0034683723934, -0.00511860428378], [0.000778138288297, -0.00390847865492, 0.00103620626032, -0.00202160002664, 0.0128188868985, -0.00209678593092, -0.00167944957502, -0.00353848608211, 0.00188979576342, -0.00255825929344, 0.00318800704554, -0.00657180976123, 0.00246387952939], [-0.000118682648463, 0.00479592848569, -0.00309458584525, 0.00171334168408, -0.00209678593092, 0.0140297366306, -0.00495421653613, 0.00193111703265, -0.00235789106227, 0.00207448704168, -0.00291512510739, 0.00390305207111, -0.00565227679908], [0.000523354974575, -0.00209886929952, 0.00198581907898, -1.04032242234e-05, -0.00167944957502, -0.00495421653613, 0.00996658578515, -0.00195643678308, 0.00189979292918, -0.00172715005465, 0.000385807274142, 0.000314249919029, 0.00326400715858], [-0.000868587638251, 0.00273425900377, -0.0013903073268, 0.00261550908908, -0.00353848608211, 0.00193111703265, -0.00195643678308, 0.0138872293755, -0.00524587696418, -0.00109323812649, -0.0011301189661, 0.00388058414683, -0.00274347793311], [0.00113831926137, -0.00312270387076, 0.00118386896793, -0.00316925067455, 0.00188979576342, -0.00235789106227, 0.00189979292918, -0.00524587696418, 0.0156562924385, -0.00294315326028, 0.00160647218581, -0.00109760893974, -0.00126806087792], [-0.0019628747832, 0.00291330460459, -0.00414021965116, 0.0041113239713, -0.00255825929344, 0.00207448704168, -0.00172715005465, -0.00109323812649, -0.00294315326028, 0.0209251511842, -0.00706963799894, 0.00122767093126, -0.000500690948684], [0.00222276803106, -0.0033765877597, 0.00393887562677, -0.00412810221314, 0.00318800704554, -0.00291512510739, 0.000385807274142, -0.0011301189661, 0.00160647218581, -0.00706963799894, 0.021043388173, -0.00531576480716, -0.000432399683632], [-0.0016408811789, 0.00437457626686, -0.00395669648424, 0.0034683723934, -0.00657180976123, 0.00390305207111, 0.000314249919029, 0.00388058414683, -0.00109760893974, 0.00122767093126, -0.00531576480716, 0.0236778836697, -0.00761784892529], [0.000733746506739, -0.00437245843932, 0.00459092343226, -0.00511860428378, 0.00246387952939, -0.00565227679908, 0.00326400715858, -0.00274347793311, -0.00126806087792, -0.000500690948684, -0.000432399683632, -0.00761784892529, 0.0247529707849]]
    },
    "melbands": {
        "dmean": [0.000969618442468, 0.000906022905838, 0.0006554905558, 0.000293381366646, 0.000219482622924, 0.000187703350093, 0.000138482748298, 0.000217555847485, 0.000221621303353, 0.000183009397006, 0.000139796436997, 7.41846379242e-05, 7.1437934821e-05, 3.74187184207e-05, 5.39934626431e-05, 4.72595165775e-05, 5.80945925321e-05, 5.7084049331e-05, 3.68363434973e-05, 3.94950075133e-05, 3.66420026694e-05, 3.00093615806e-05, 2.00325939659e-05, 1.23918425743e-05, 1.06645629785e-05, 7.44925910112e-06, 9.62177546171e-06, 6.81147139403e-06, 3.58102761311e-06, 2.98222130368e-06, 1.84412101589e-06, 1.62443313911e-06, 1.54446354372e-06, 1.80566667041e-06, 2.32495449382e-06, 1.87361683857e-06, 1.28533224597e-06, 8.43360169256e-07, 7.14925306511e-07, 4.43329412292e-07],
        "dmean2": [0.00161683640908, 0.00155931850895, 0.00109572289512, 0.000505600764882, 0.000344483210938, 0.000290331139695, 0.000219614608795, 0.000350364978658, 0.000350060232449, 0.00028359258431, 0.000209115372854, 0.000113468071504, 0.000109772234282, 6.0998943809e-05, 8.48474301165e-05, 7.64816650189e-05, 9.1654692369e-05, 9.01754174265e-05, 5.98080841883e-05, 6.37625271338e-05, 6.07240908721e-05, 4.74371954624e-05, 3.25062901538e-05, 2.06288277695e-05, 1.76400899363e-05, 1.21052144095e-05, 1.49113629959e-05, 1.08949616333e-05, 6.11456198385e-06, 5.03570709043e-06, 3.09822485178e-06, 2.61452237282e-06, 2.43918520937e-06, 2.78053812508e-06, 3.5402906633e-06, 2.90328944175e-06, 1.99731130124e-06, 1.31881790821e-06, 1.10976520773e-06, 6.99517158864e-07],
        "dvar": [4.75102888231e-06, 2.2088509013e-06, 2.9227117011e-06, 3.95352998339e-07, 1.00993659657e-07, 7.05600768924e-08, 4.46825438871e-08, 1.34701352295e-07, 2.61941380586e-07, 1.645051384e-07, 9.65250706031e-08, 2.70953446346e-08, 1.79671264533e-08, 2.57089860511e-09, 9.86913928358e-09, 6.91057078228e-09, 9.63892521355e-09, 1.32982735934e-08, 5.76572167788e-09, 3.99221278258e-09, 3.52616269517e-09, 2.35454655773e-09, 6.29674368202e-10, 3.73659547748e-10, 1.76769932025e-10, 9.27143778418e-11, 2.12068917982e-10, 1.06705699832e-10, 4.35087035844e-11, 4.41049280431e-11, 6.64243052922e-12, 7.51634084833e-12, 8.64693386338e-12, 2.17846209821e-11, 5.30199842363e-11, 3.73404779319e-11, 1.55806947205e-11, 5.12251569287e-12, 3.43286054964e-12, 7.42100987865e-13],
        "dvar2": [1.20337290355e-05, 6.34017942502e-06, 7.84362873674e-06, 1.11386123081e-06, 2.5040188234e-07, 1.54522851403e-07, 1.11032193217e-07, 3.1902976616e-07, 6.554457741e-07, 4.08547805364e-07, 2.23563901613e-07, 7.25960589421e-08, 4.11153102675e-08, 6.44478248546e-09, 2.11498498714e-08, 1.66588538519e-08, 2.3886862266e-08, 3.34144765191e-08, 1.32249944329e-08, 8.81935591224e-09, 9.74609370985e-09, 5.50757528472e-09, 1.7425146881e-09, 9.44476719056e-10, 4.83501516602e-10, 2.31948585339e-10, 4.94279506214e-10, 2.48515291679e-10, 1.21774756945e-10, 1.22182333695e-10, 1.72868299536e-11, 1.76059652968e-11, 1.94375557316e-11, 4.86046827786e-11, 1.22202151176e-10, 8.48393716391e-11, 3.44576450706e-11, 1.05540437501e-11, 6.88449601147e-12, 1.55720054906e-12],
        "max": [0.0217552259564, 0.0174789503217, 0.0210567433387, 0.00627030152828, 0.00475778989494, 0.00584688736126, 0.00329962465912, 0.0048807291314, 0.00608429219574, 0.00627513881773, 0.00506075657904, 0.0023120129481, 0.00263228011318, 0.000850169104524, 0.00223014107905, 0.00136558990926, 0.00144856399857, 0.00159166601952, 0.00144354824442, 0.00143268099055, 0.000852879369631, 0.000729529361706, 0.000261869921815, 0.000337606761605, 0.000138303206768, 0.000131206223159, 0.000230107005336, 0.000156154652359, 0.000150009480421, 0.000140229647513, 3.04630484607e-05, 4.9684465921e-05, 5.0200997066e-05, 6.17879632046e-05, 0.000119776523206, 0.000123318954138, 6.6949709435e-05, 4.28306739195e-05, 4.66753481305e-05, 1.44937002915e-05],
        "mean": [0.0014686123468, 0.00200978387147, 0.000921042868868, 0.000483416952193, 0.000505920674186, 0.000448970298748, 0.000290458905511, 0.000389352935599, 0.000368296459783, 0.000332744413754, 0.000235915649682, 0.000141457465361, 0.000156931913807, 7.55246874178e-05, 0.000105590028397, 9.33676055865e-05, 0.000111537337943, 0.000101251476735, 6.47030319669e-05, 7.5196265243e-05, 7.4346382462e-05, 6.46658154437e-05, 4.28888597526e-05, 2.81685479422e-05, 2.17494398385e-05, 1.65322799148e-05, 2.07908396987e-05, 1.45770636664e-05, 7.65789172874e-06, 6.39613381281e-06, 4.00221324526e-06, 3.3927262848e-06, 3.29426666212e-06, 3.18321258419e-06, 3.78186973649e-06, 3.32700301442e-06, 2.28854560191e-06, 1.6361731241e-06, 1.37621987051e-06, 8.75260241173e-07],
        "median": [0.00103137956467, 0.00157731620129, 0.000572388351429, 0.000340453261742, 0.000366106134607, 0.00029557486414, 0.000195884233108, 0.000240972018219, 0.000204794370802, 0.000206434284337, 0.000107086350909, 7.17194125173e-05, 6.64416365908e-05, 5.49547403352e-05, 6.76176932757e-05, 5.84670815442e-05, 6.4805150032e-05, 5.45613220311e-05, 3.89920314774e-05, 5.40191613254e-05, 5.28528871655e-05, 4.64406657557e-05, 3.06781439576e-05, 1.80774259206e-05, 1.65823366842e-05, 1.20188969959e-05, 1.28748097268e-05, 9.62021113082e-06, 5.70330939809e-06, 4.14847454522e-06, 2.96423377222e-06, 2.53496273217e-06, 2.27949021792e-06, 1.93480809685e-06, 1.93427035811e-06, 1.57529427725e-06, 1.03524530459e-06, 7.78430433002e-07, 6.47785782348e-07, 5.1103648957e-07],
        "min": [1.14579370347e-05, 0.000128337691422, 2.1196090529e-05, 1.50066780407e-05, 2.01917628146e-05, 1.44938985613e-06, 8.10127494333e-06, 4.94246614835e-06, 1.88852300198e-06, 1.03780405425e-06, 1.26444069792e-06, 1.11351437226e-06, 8.26700954804e-07, 2.66980975994e-07, 5.46302146631e-07, 1.63997128766e-06, 5.04428101067e-07, 5.92962123847e-07, 2.04329822395e-07, 1.25916614024e-07, 2.34351077211e-07, 2.00221862201e-07, 7.58269678158e-08, 5.62835928974e-08, 3.97595094626e-08, 1.71700484941e-08, 5.4634394786e-08, 3.5247147423e-08, 1.17616867357e-08, 2.85116863452e-09, 4.66046801151e-09, 4.46481163152e-09, 2.8765345661e-09, 2.31721264399e-09, 1.94870297676e-09, 1.43477507653e-09, 6.02560501495e-10, 9.42228406409e-10, 3.37892935853e-10, 4.3883429876e-12],
