{
"highlevel": {
    "danceability": {
        "all": {
            "danceable": 8.29922828416e-06,
            "not_danceable": 0.999991714954
        },
        "probability": 0.999991714954,
        "value": "not_danceable"
    },
    "gender": {
        "all": {
            "female": 0.612015962601,
            "male": 0.387984067202
        },
        "probability": 0.612015962601,
        "value": "female"
    },
    "genre_dortmund": {
        "all": {
            "alternative": 0.178853049874,
            "blues": 0.128874748945,
            "electronic": 0.0329972468317,
            "folkcountry": 0.0272180438042,
            "funksoulrnb": 0.0130867483094,
            "jazz": 0.0214714184403,
            "pop": 0.0301734805107,
            "raphiphop": 0.00390453776345,
            "rock": 0.563420712948
        },
        "probability": 0.563420712948,
        "value": "rock"
    },
    "genre_electronic": {
        "all": {
            "ambient": 0.746298134327,
            "dnb": 0.172970369458,
            "house": 0.0275767073035,
            "techno": 0.00312987691723,
            "trance": 0.0500248782337
        },
        "probability": 0.746298134327,
        "value": "ambient"
    },
    "genre_rosamerica": {
        "all": {
            "cla": 0.00832575093955,
            "dan": 0.00413306709379,
            "hip": 0.00255493377335,
            "jaz": 0.00234629376791,
            "pop": 0.0758046880364,
            "rhy": 0.00887234508991,
            "roc": 0.89454138279,
            "spe": 0.00342154293321
        },
        "probability": 0.89454138279,
        "value": "roc"
    },
    "genre_tzanetakis": {
        "all": {
            "blu": 0.063918299973,
            "cla": 0.0355145335197,
            "cou": 0.0799135118723,
            "dis": 0.0639404505491,
            "hip": 0.159863680601,
            "jaz": 0.319764941931,
            "met": 0.0799313560128,
            "pop": 0.0799273103476,
            "reg": 0.0639410167933,
            "roc": 0.053284894675
        },
        "probability": 0.319764941931,
        "value": "jaz"
    },
    "ismir04_rhythm": {
        "all": {
            "ChaChaCha": 0.272071421146,
            "Jive": 0.161888822913,
            "Quickstep": 0.130306065083,
            "Rumba-American": 0.0440347120166,
            "Rumba-International": 0.0459384545684,
            "Rumba-Misc": 0.0143104847521,
            "Samba": 0.180229827762,
            "Tango": 0.0717101916671,
            "VienneseWaltz": 0.0569508746266,
            "Waltz": 0.0225591473281
        },
        "probability": 0.272071421146,
        "value": "ChaChaCha"
    },
    "mood_acoustic": {
        "all": {
            "acoustic": 0.0399127490819,
            "not_acoustic": 0.960087239742
        },
        "probability": 0.960087239742,
        "value": "not_acoustic"
    },
    "mood_aggressive": {
        "all": {
            "aggressive": 0.92217862606,
            "not_aggressive": 0.0778213664889
        },
        "probability": 0.92217862606,
        "value": "aggressive"
    },
    "mood_electronic": {
        "all": {
            "electronic": 0.531246066093,
            "not_electronic": 0.468753963709
        },
        "probability": 0.531246066093,
        "value": "electronic"
    },
    "mood_happy": {
        "all": {
            "happy": 0.443387895823,
            "not_happy": 0.55661213398
        },
        "probability": 0.55661213398,
        "value": "not_happy"
    },
    "mood_party": {
        "all": {
            "not_party": 0.778443992138,
            "party": 0.221556022763
        },
        "probability": 0.778443992138,
        "value": "not_party"
    },
    "mood_relaxed": {
        "all": {
            "not_relaxed": 0.955854177475,
            "relaxed": 0.0441458262503
        },
        "probability": 0.955854177475,
        "value": "not_relaxed"
    },
    "mood_sad": {
        "all": {
            "not_sad": 0.327590376139,
            "sad": 0.672409594059
        },
        "probability": 0.672409594059,
        "value": "sad"
    },
    "moods_mirex": {
        "all": {
            "Cluster1": 0.433586001396,
            "Cluster2": 0.0608511455357,
            "Cluster3": 0.288994729519,
            "Cluster4": 0.0842168331146,
            "Cluster5": 0.132351279259
        },
        "probability": 0.433586001396,
        "value": "Cluster1"
    },
    "timbre": {
        "all": {
            "bright": 0.936395466328,
            "dark": 0.0636045560241
        },
        "probability": 0.936395466328,
        "value": "bright"
    },
    "tonal_atonal": {
        "all": {
            "atonal": 0.00503100408241,
            "tonal": 0.994969010353
        },
        "probability": 0.994969010353,
        "value": "tonal"
    },
    "voice_instrumental": {
        "all": {
            "instrumental": 0.25067576766,
            "voice": 0.749324262142
        },
        "probability": 0.749324262142,
        "value": "voice"
    }
},
"lowlevel": {
    "average_loudness": 0.984124898911,
    "barkbands_crest": {
        "dmean": 2.22446012497,
        "dmean2": 3.75691914558,
        "dvar": 4.13068008423,
        "dvar2": 11.3115158081,
        "max": 19.9786052704,
        "mean": 7.81796455383,
        "median": 7.30937194824,
        "min": 3.28260946274,
        "var": 7.03995752335
    },
    "barkbands_flatness_db": {
        "dmean": 0.0200112462044,
        "dmean2": 0.0314679294825,
        "dvar": 0.000308890041197,
        "dvar2": 0.000656996970065,
        "max": 0.254925459623,
        "mean": 0.163957074285,
        "median": 0.165360435843,
        "min": 0.0685832947493,
        "var": 0.00110720924567
    },
    "barkbands_kurtosis": {
        "dmean": 1.44109296799,
        "dmean2": 2.40888834,
        "dvar": 3.0487279892,
        "dvar2": 7.96446084976,
        "max": 16.054681778,
        "mean": 0.690896034241,
        "median": -0.117121458054,
        "min": -1.78199267387,
        "var": 5.96766233444
    },
    "barkbands_skewness": {
        "dmean": 0.472578763962,
        "dmean2": 0.764512300491,
        "dvar": 0.163831040263,
        "dvar2": 0.421110093594,
        "max": 3.83348917961,
        "mean": 1.03923630714,
        "median": 0.976518750191,
        "min": -1.33586597443,
        "var": 0.535989284515
    },
    "barkbands_spread": {
        "dmean": 4.81261825562,
        "dmean2": 7.72081565857,
        "dvar": 18.0575847626,
        "dvar2": 39.7880821228,
        "max": 60.7608757019,
        "mean": 21.8270568848,
        "median": 21.5263767242,
        "min": 6.6922659874,
        "var": 56.6483840942
    },
    "dissonance": {
        "dmean": 0.0206752512604,
        "dmean2": 0.0342610254884,
        "dvar": 0.00039206573274,
        "dvar2": 0.00108356692363,
        "max": 0.5,
        "mean": 0.464103639126,
        "median": 0.469888269901,
        "min": 0.303487628698,
        "var": 0.000666223757435
    },
    "dynamic_complexity": 0.941788434982,
    "erbbands_crest": {
        "dmean": 3.46808981895,
        "dmean2": 5.78019571304,
        "dvar": 8.97852039337,
        "dvar2": 23.5097808838,
        "max": 29.0207004547,
        "mean": 10.7318210602,
        "median": 9.92492103577,
        "min": 2.47135257721,
        "var": 18.2142868042
    },
    "erbbands_flatness_db": {
        "dmean": 0.0213790908456,
        "dmean2": 0.0297966394573,
        "dvar": 0.000343878986314,
        "dvar2": 0.000593286764342,
        "max": 0.284860223532,
        "mean": 0.190028503537,
        "median": 0.193225771189,
        "min": 0.0795904919505,
        "var": 0.00132084020879
    },
    "erbbands_kurtosis": {
        "dmean": 1.15806698799,
        "dmean2": 1.91240417957,
        "dvar": 1.97415077686,
        "dvar2": 5.23968839645,
        "max": 17.4105873108,
        "mean": 0.466047555208,
        "median": -0.0379528999329,
        "min": -1.64413583279,
        "var": 3.26370882988
    },
    "erbbands_skewness": {
        "dmean": 0.458009332418,
        "dmean2": 0.723119020462,
        "dvar": 0.144797891378,
        "dvar2": 0.363391429186,
        "max": 2.10586667061,
        "mean": -0.54816275835,
        "median": -0.544804155827,
        "min": -3.28670144081,
        "var": 0.427555799484
    },
    "erbbands_spread": {
        "dmean": 6.62148141861,
        "dmean2": 10.7187623978,
        "dvar": 33.4912376404,
        "dvar2": 84.6358947754,
        "max": 95.7185974121,
        "mean": 28.6641864777,
        "median": 27.7354125977,
        "min": 6.20601129532,
        "var": 112.258239746
    },
    "hfc": {
        "dmean": 9.02750968933,
        "dmean2": 13.7462930679,
        "dvar": 107.026046753,
        "dvar2": 219.702438354,
        "max": 125.072135925,
        "mean": 27.635799408,
        "median": 24.2274570465,
        "min": 4.75492668152,
        "var": 217.544326782
    },
    "melbands_crest": {
        "dmean": 2.91543936729,
        "dmean2": 4.87399673462,
        "dvar": 7.1965470314,
        "dvar2": 19.6042728424,
        "max": 26.5037441254,
        "mean": 12.1630439758,
        "median": 11.4983482361,
        "min": 4.25469589233,
        "var": 13.0572748184
    },
    "melbands_flatness_db": {
        "dmean": 0.0249270889908,
        "dmean2": 0.0383442677557,
        "dvar": 0.00051205715863,
        "dvar2": 0.00106279121246,
        "max": 0.35761320591,
        "mean": 0.225639298558,
        "median": 0.229080706835,
        "min": 0.0370694547892,
        "var": 0.00203652796336
    },
    "melbands_kurtosis": {
        "dmean": 3.52712917328,
        "dmean2": 5.83988857269,
        "dvar": 19.487991333,
        "dvar2": 51.1588172913,
        "max": 50.0400123596,
        "mean": 5.18225288391,
        "median": 3.43630123138,
        "min": -1.56294870377,
        "var": 38.6369934082
    },
    "melbands_skewness": {
        "dmean": 0.587650716305,
        "dmean2": 0.954652428627,
        "dvar": 0.296694785357,
        "dvar2": 0.76420301199,
        "max": 6.29968452454,
        "mean": 2.04950451851,
        "median": 1.93163347244,
        "min": -0.223335459828,
        "var": 0.851801753044
    },
    "melbands_spread": {
        "dmean": 7.30249166489,
        "dmean2": 11.833357811,
        "dvar": 44.8647079468,
        "dvar2": 97.2685623169,
        "max": 145.974533081,
        "mean": 25.3022022247,
        "median": 23.6523361206,
        "min": 5.12461280823,
        "var": 162.912490845
    },
    "pitch_salience": {
        "dmean": 0.0686249881983,
        "dmean2": 0.113487295806,
        "dvar": 0.00373139325529,
        "dvar2": 0.0102269407362,
        "max": 0.843023598194,
        "mean": 0.543846786022,
        "median": 0.541858315468,
        "min": 0.236838296056,
        "var": 0.00811583455652
    },
    "silence_rate_20dB": {
        "dmean": 0,
        "dmean2": 0,
        "dvar": 0,
        "dvar2": 0,
        "max": 1,
        "mean": 1,
        "median": 1,
        "min": 1,
        "var": 0
    },
    "silence_rate_30dB": {
        "dmean": 0.0154798757285,
        "dmean2": 0.0309837330133,
        "dvar": 0.0152404466644,
        "dvar2": 0.0455162152648,
        "max": 1,
        "mean": 0.992266058922,
        "median": 1,
        "min": 0,
        "var": 0.00767417065799
    },
    "silence_rate_60dB": {
        "dmean": 0,
        "dmean2": 0,
        "dvar": 0,
        "dvar2": 0,
        "max": 0,
        "mean": 0,
        "median": 0,
        "min": 0,
        "var": 0
    },
    "spectral_centroid": {
        "dmean": 215.09375,
        "dmean2": 338.283538818,
        "dvar": 34843.3164062,
        "dvar2": 80116.71875,
        "max": 3661.34008789,
        "mean": 1094.10339355,
        "median": 1076.1105957,
        "min": 434.069793701,
        "var": 125404.71875
    },
    "spectral_complexity": {
        "dmean": 4.14473676682,
        "dmean2": 6.25716495514,
        "dvar": 19.1454677582,
        "dvar2": 35.6892280579,
        "max": 51,
        "mean": 22.2034034729,
        "median": 21,
        "min": 9,
        "var": 49.6081924438
    },
    "spectral_decrease": {
        "dmean": 3.51223339301e-09,
        "dmean2": 5.70436986536e-09,
        "dvar": 1.77585767891e-17,
        "dvar2": 4.24188872203e-17,
        "max": -2.00602712219e-09,
        "mean": -1.08184075032e-08,
        "median": -9.54474632664e-09,
        "min": -3.9465877677e-08,
        "var": 2.80141423489e-17
    },
    "spectral_energy": {
        "dmean": 0.0138111468405,
        "dmean2": 0.0223819185048,
        "dvar": 0.000267376453849,
        "dvar2": 0.000631963193882,
        "max": 0.153104156256,
        "mean": 0.0433378219604,
        "median": 0.0384219884872,
        "min": 0.00832666736096,
        "var": 0.000424281897722
    },
    "spectral_energyband_high": {
        "dmean": 0.000291269505396,
        "dmean2": 0.000405984785175,
        "dvar": 4.95702749959e-07,
        "dvar2": 9.61890009421e-07,
        "max": 0.0145561359823,
        "mean": 0.000411751039792,
        "median": 0.000131970256916,
        "min": 8.34315051179e-06,
        "var": 1.05678520868e-06
    },
    "spectral_energyband_low": {
        "dmean": 0.00791595689952,
        "dmean2": 0.0131066422909,
        "dvar": 0.000174331464223,
        "dvar2": 0.000437463837443,
        "max": 0.122557885945,
        "mean": 0.0160832963884,
        "median": 0.0121251530945,
        "min": 0.000141330368933,
        "var": 0.000228566525038
    },
    "spectral_energyband_middle_high": {
        "dmean": 0.00410525780171,
        "dmean2": 0.00666024629027,
        "dvar": 2.0671493985e-05,
        "dvar2": 5.07807781105e-05,
        "max": 0.0425097458065,
        "mean": 0.0107077937573,
        "median": 0.0092336833477,
        "min": 0.00124211772345,
        "var": 3.87291802326e-05
    },
    "spectral_energyband_middle_low": {
        "dmean": 0.00849107000977,
        "dmean2": 0.0138884130865,
        "dvar": 8.78955761436e-05,
        "dvar2": 0.000225956726354,
        "max": 0.0873160883784,
        "mean": 0.0187115054578,
        "median": 0.0160617567599,
        "min": 0.00172791897785,
        "var": 0.000130793705466
    },
    "spectral_entropy": {
        "dmean": 0.174269378185,
        "dmean2": 0.246160298586,
        "dvar": 0.0264120921493,
        "dvar2": 0.0423552915454,
        "max": 8.41508102417,
        "mean": 7.25886774063,
        "median": 7.22947788239,
        "min": 6.27179098129,
        "var": 0.109982870519
    },
    "spectral_flux": {
        "dmean": 0.0279247201979,
        "dmean2": 0.042703025043,
        "dvar": 0.000762592826504,
        "dvar2": 0.00146989407949,
        "max": 0.303248971701,
        "mean": 0.112489670515,
        "median": 0.101775601506,
        "min": 0.0303888749331,
        "var": 0.00178615213372
    },
    "spectral_kurtosis": {
        "dmean": 2.7432653904,
        "dmean2": 4.5822892189,
        "dvar": 5.99680137634,
        "dvar2": 16.6970767975,
        "max": 32.2271575928,
        "mean": 7.69094705582,
        "median": 7.08101844788,
        "min": 0.0343415737152,
        "var": 11.2328233719
    },
    "spectral_rms": {
        "dmean": 0.000978979631327,
        "dmean2": 0.00156700902153,
        "dvar": 9.5027860425e-07,
        "dvar2": 2.16139801523e-06,
        "max": 0.0122216986492,
        "mean": 0.00635229237378,
        "median": 0.00612248852849,
        "min": 0.00285018910654,
        "var": 1.92918491848e-06
    },
    "spectral_rolloff": {
        "dmean": 368.997436523,
        "dmean2": 627.898864746,
        "dvar": 178533.078125,
        "dvar2": 368743.65625,
        "max": 8311.81640625,
        "mean": 1392.54626465,
        "median": 1528.85742188,
        "min": 129.19921875,
        "var": 520465.4375
    },
    "spectral_skewness": {
        "dmean": 0.287634074688,
        "dmean2": 0.470003277063,
        "dvar": 0.0586193911731,
        "dvar2": 0.150321096182,
        "max": 3.86855959892,
        "mean": 1.90381741524,
        "median": 1.86912572384,
        "min": 0.515843331814,
        "var": 0.14157576859
    },
    "spectral_spread": {
        "dmean": 427072.84375,
        "dmean2": 571040.8125,
        "dvar": 243836649472,
        "dvar2": 409067094016,
        "max": 10103796,
        "mean": 3068965.25,
        "median": 2850681,
        "min": 1660539,
        "var": 739770564608
    },
    "spectral_strongpeak": {
        "dmean": 0.814881324768,
        "dmean2": 1.44808244705,
        "dvar": 1.52523720264,
        "dvar2": 4.07932376862,
        "max": 10.0677690506,
        "mean": 0.956728577614,
        "median": 0.518914818764,
        "min": 0.0385400503874,
        "var": 1.50718057156
    },
    "zerocrossingrate": {
        "dmean": 0.00714772706851,
        "dmean2": 0.00850539840758,
        "dvar": 6.08000373177e-05,
        "dvar2": 6.59369252389e-05,
        "max": 0.24365234375,
        "mean": 0.046844035387,
        "median": 0.04443359375,
        "min": 0.015625,
        "var": 0.000377470394596
    },
    "barkbands": {
        "dmean": [8.93947508303e-05, 0.00424728356302, 0.00428590737283, 0.00347135984339, 0.00353478314355, 0.00208828854375, 0.00171575555578, 0.000704714097083, 0.000528118107468, 0.00113574462011, 0.000491224636789, 0.000467962468974, 0.000999108888209, 0.00131186202634, 0.00165655999444, 0.000841460889205, 0.000268190720817, 0.000147229744471, 0.000146265665535, 7.57210946176e-05, 5.23988674104e-05, 7.50629988033e-05, 5.0874252338e-05, 3.02947300952e-05, 2.66257939074e-05, 5.6845448853e-05, 3.39624395274e-09],
        "dmean2": [0.000144171426655, 0.00707588065416, 0.00745611824095, 0.00608002999797, 0.00599793158472, 0.00333834812045, 0.00271671987139, 0.00117318483535, 0.000900877465028, 0.00191299256403, 0.0008465910214, 0.000793730549049, 0.0017053775955, 0.00222477712668, 0.00281522795558, 0.00137348240241, 0.000443516590167, 0.000240647452301, 0.000229601064348, 0.000117552597658, 7.99054396339e-05, 0.000112232220999, 7.10351305315e-05, 4.39897739852e-05, 4.13398483943e-05, 9.28365334403e-05, 4.79598494252e-09],
        "dvar": [2.47845051149e-08, 7.39890383556e-05, 5.36520237802e-05, 3.88281114283e-05, 2.14336414501e-05, 9.02005012904e-06, 9.19329158933e-06, 1.91242611436e-06, 6.83856455908e-07, 3.95757524529e-06, 8.39510505557e-07, 8.88635156571e-07, 2.37526137425e-06, 3.25416544911e-06, 5.24917140865e-06, 1.26206714413e-06, 9.99467317797e-08, 4.79549129295e-08, 3.92879293543e-08, 1.50777790253e-08, 7.25565962867e-09, 4.95203380524e-08, 3.71892170392e-08, 2.21892779706e-08, 6.06633410172e-09, 6.12334645211e-08, 1.95480995249e-15],
        "dvar2": [6.62469687995e-08, 0.000185972210602, 0.000155808913405, 0.000110657048936, 5.9710804635e-05, 2.21184400289e-05, 2.09972877201e-05, 4.87591705678e-06, 1.93205619325e-06, 1.05358203655e-05, 2.21510754272e-06, 2.42761211666e-06, 6.30400791124e-06, 8.67102789925e-06, 1.46036663864e-05, 3.06410925077e-06, 2.6145860943e-07, 1.14552541675e-07, 8.75014549706e-08, 3.26393063688e-08, 1.65000972885e-08, 1.14682201513e-07, 6.69179485158e-08, 4.37139355824e-08, 1.44877105868e-08, 1.53830285399e-07, 1.95935534304e-15],
        "max": [0.00183851830661, 0.0863924026489, 0.0762443095446, 0.06815508008, 0.0543720461428, 0.0241539403796, 0.042384903878, 0.0174476392567, 0.0113316755742, 0.0240643769503, 0.0116918524727, 0.0160719789565, 0.0218353513628, 0.0210696011782, 0.0241346452385, 0.0120517248288, 0.00269566825591, 0.00180957640987, 0.00221879081801, 0.00245713163167, 0.00115027942229, 0.00526463100687, 0.00623261556029, 0.00542448693886, 0.0011434070766, 0.00264950213023, 1.22414894577e-06],
        "mean": [0.000124057303765, 0.00633520632982, 0.00727627007291, 0.00436455896124, 0.00637255562469, 0.00320724723861, 0.00266266381368, 0.000932573631871, 0.000723915814888, 0.0014144446468, 0.000608148926403, 0.000687487830874, 0.00137796404306, 0.00200840877369, 0.00252493098378, 0.00132416153792, 0.000448759557912, 0.000220457484829, 0.000244069262408, 0.00011721890769, 7.92310747784e-05, 9.65473009273e-05, 7.36203655833e-05, 3.88076950912e-05, 2.77359558822e-05, 4.68092875963e-05, 3.02627300997e-09],
        "median": [7.35077701393e-05, 0.00394419580698, 0.00553624797612, 0.00269211549312, 0.00464996881783, 0.0018557284493, 0.00121949671302, 0.000417274131905, 0.000424173922511, 0.000516875414178, 0.000286351627437, 0.000313877535518, 0.000725532881916, 0.0011140962597, 0.00170394126326, 0.000841917062644, 0.000338525715051, 0.000135552108986, 0.000141506840009, 5.8673620515e-05, 3.94577109546e-05, 2.77036979242e-05, 1.24192292787e-05, 7.54533175495e-06, 4.66187520942e-06, 2.38105712924e-06, 5.61937385513e-10],
        "min": [1.98825318876e-07, 1.07539208329e-05, 4.26673686889e-05, 2.49784607149e-05, 7.0762289397e-05, 3.95364768337e-05, 5.84802910453e-06, 3.84818940802e-06, 3.04832224174e-06, 3.32716945195e-06, 3.97597250412e-06, 3.57141220775e-06, 7.6217120295e-06, 2.23583756451e-05, 2.31539470406e-05, 3.06653673761e-05, 1.77395886567e-05, 5.08515404363e-06, 9.98847463052e-06, 4.09726089856e-06, 2.40101962845e-06, 1.34958429499e-06, 1.91326364529e-07, 1.56150761654e-07, 4.62081839459e-09, 1.70339242711e-09, 1.35903302501e-11],
        "var": [2.79242016177e-08, 7.31943437131e-05, 5.48624520889e-05, 3.55503543688e-05, 3.37093733833e-05, 1.46341617437e-05, 1.57216873049e-05, 2.30624937103e-06, 9.13980045425e-07, 4.97055998494e-06, 9.82261553872e-07, 1.22558788007e-06, 3.46774322679e-06, 5.8278042161e-06, 7.34127752366e-06, 2.07450534617e-06, 1.50674225097e-07, 6.47109104079e-08, 7.93391308207e-08, 3.22997308899e-08, 1.19348513294e-08, 8.84339570462e-08, 1.09014990812e-07, 4.35925358033e-08, 6.95436996878e-09, 4.9471008623e-08, 1.95650211256e-15]
    },
    "erbbands": {
        "dmean": [0.105987049639, 1.05715191364, 4.07029914856, 8.59443664551, 11.3794202805, 11.8834524155, 19.1328639984, 14.130645752, 21.147983551, 24.0893516541, 14.0419902802, 11.7491397858, 25.7755050659, 32.2193489075, 17.2075157166, 22.4149169922, 43.1391334534, 56.2943954468, 85.7391815186, 68.7954025269, 33.3208427429, 13.776974678, 8.45475959778, 7.31528520584, 6.48431396484, 3.70358920097, 2.57404518127, 2.03196549416, 2.69252896309, 1.89318871498, 1.47016859055, 0.731697380543, 0.52622115612, 0.234806597233, 0.25369733572, 0.404473930597, 0.0582818053663, 0.00469139683992, 9.74703652901e-05, 1.94456442841e-05],
        "dmean2": [0.172717347741, 1.78701221943, 7.10028266907, 15.0134391785, 19.7166786194, 20.4695320129, 31.5564785004, 22.1932983398, 32.6995429993, 38.3812141418, 23.058013916, 19.6367645264, 43.8024940491, 55.4697189331, 29.1667366028, 38.4056472778, 72.6277313232, 94.918182373, 147.085784912, 115.082069397, 52.5650482178, 22.8861789703, 13.7887220383, 11.4724302292, 10.358912468, 5.88633584976, 4.00391674042, 3.00454640388, 4.13101816177, 2.5725133419, 2.14660620689, 1.06402182579, 0.764914095402, 0.344638258219, 0.413335949183, 0.655788958073, 0.0972883924842, 0.00819678418338, 0.000163388380315, 3.06539186568e-05],
        "dvar": [0.0394002236426, 4.60670185089, 48.8641204834, 238.345275879, 242.544631958, 314.595336914, 1124.46154785, 383.427734375, 1765.9699707, 2391.671875, 763.09387207, 367.310333252, 3379.78369141, 3246.87963867, 1063.20080566, 1397.36584473, 4975.73974609, 6036.20166016, 15501.5605469, 11396.1992188, 2488.73461914, 317.10647583, 145.663162231, 108.889816284, 95.8906173706, 39.4577293396, 17.9876117706, 14.9969854355, 71.5950164795, 32.6113471985, 41.6941566467, 9.48629760742, 6.83487558365, 0.359973222017, 0.676248133183, 3.51971030235, 0.0440216884017, 0.000328017835272, 1.26641367615e-07, 7.49692974367e-10],
        "dvar2": [0.0982686057687, 11.6179294586, 137.371627808, 692.23651123, 662.439147949, 872.848449707, 2803.46704102, 879.90637207, 3889.01538086, 5655.3359375, 1925.8260498, 989.947021484, 9152.79882812, 8987.55761719, 2743.54125977, 3721.86254883, 13070.2451172, 16106.4736328, 43719.8046875, 30164.3105469, 5588.91357422, 836.164123535, 348.150878906, 237.526580811, 220.192459106, 89.9747848511, 42.0935897827, 34.3353614807, 174.971206665, 47.7635688782, 94.6547622681, 18.6325569153, 14.0615558624, 0.709987282753, 1.70487821102, 8.69720745087, 0.115930296481, 0.000909833528567, 3.41400408388e-07, 1.67199765144e-09],
        "max": [2.04061532021, 21.2953395844, 64.2551422119, 152.705505371, 140.68862915, 223.144714355, 405.883026123, 206.389190674, 634.763793945, 712.227416992, 362.714660645, 293.444488525, 629.03338623, 478.598144531, 409.779510498, 532.481506348, 1117.48352051, 779.859619141, 1393.22485352, 1393.51391602, 782.555969238, 178.374237061, 108.210289001, 115.219841003, 141.080871582, 90.5327758789, 58.3164825439, 52.1277923584, 195.425933838, 182.232055664, 168.295654297, 102.152870178, 96.1282348633, 12.2137365341, 8.90338134766, 20.6654186249, 1.97554242611, 0.173927128315, 0.00327604822814, 0.000298164522974],
        "mean": [0.158455133438, 1.57983326912, 6.983689785, 13.1016426086, 18.2545337677, 19.8447341919, 27.4529037476, 23.9481754303, 32.6797599792, 37.0183753967, 19.4776344299, 16.462770462, 33.8798828125, 40.6375541687, 24.4361858368, 34.3264503479, 63.6567802429, 88.6626358032, 140.784469604, 112.695716858, 59.7410469055, 23.909324646, 13.6007213593, 12.1547393799, 10.9172725677, 5.89116764069, 3.91120266914, 2.83252358437, 3.35896897316, 2.66677069664, 1.99204790592, 0.986811876297, 0.64653301239, 0.289129495621, 0.231697261333, 0.339557528496, 0.0459054149687, 0.00334486411884, 9.28223089431e-05, 5.47011368326e-05],
        "median": [0.0929128974676, 0.988284349442, 5.33387851715, 8.77023410797, 13.1761989594, 12.97813797, 14.1986837387, 14.9194612503, 15.1800460815, 14.4513750076, 9.92430114746, 9.66189289093, 13.4709653854, 19.3277320862, 12.7955608368, 19.2709522247, 32.6069908142, 57.3370819092, 93.1842346191, 75.2852630615, 38.1222915649, 17.5365905762, 9.20472145081, 7.1699051857, 6.44141244888, 3.09034800529, 2.09633517265, 1.11313176155, 0.956746637821, 0.672742486, 0.317372381687, 0.186966821551, 0.120463393629, 0.0638739168644, 0.0280850101262, 0.0140871703625, 0.00392418028787, 0.000231445315876, 2.7112007956e-05, 4.63623000542e-05],
        "min": [0.000284726847894, 0.00407501589507, 0.0479773394763, 0.155155166984, 0.0979484245181, 0.275682479143, 0.257985025644, 0.483907192945, 0.26409599185, 0.350960969925, 0.359069675207, 0.184723719954, 0.398986518383, 0.628660678864, 1.12811923027, 1.29010844231, 2.01129841805, 1.887981534, 2.32073187828, 2.5918533802, 2.64870405197, 1.61033344269, 0.817256510258, 0.600594639778, 0.398754954338, 0.161020442843, 0.147204950452, 0.100740388036, 0.0498741082847, 0.0335881561041, 0.00653685024008, 0.000648598012049, 0.00227611581795, 0.0011946153827, 0.000204627605854, 3.41793602274e-05, 1.35011368911e-05, 2.70479222308e-06, 6.47745309834e-06, 1.01567502497e-05],
        "var": [0.0436790212989, 4.52677726746, 50.8852729797, 216.42980957, 296.050354004, 478.981445312, 1673.43334961, 733.110656738, 2985.14819336, 4436.62060547, 963.979003906, 477.938568115, 4283.86181641, 3367.89916992, 1491.47912598, 2074.44384766, 7725.09130859, 9621.01660156, 23662.84375, 15609.5292969, 4922.28759766, 422.817779541, 206.145904541, 197.612197876, 177.02432251, 74.8555908203, 25.6801586151, 24.0288009644, 108.599342346, 125.495674133, 78.6253051758, 21.3538188934, 12.0397825241, 0.688024461269, 0.617014348507, 2.92596840858, 0.03237234056, 0.000208761994145, 8.79758985661e-08, 1.02450414818e-09]
    },
    "gfcc": {
        "mean": [21.8229866028, 131.378341675, -131.382720947, 32.4028892517, -33.2292785645, 15.9211292267, -45.0875473022, -2.46075129509, -19.4229164124, 5.25426435471, -18.4883441925, -5.67058086395, -8.24839401245],
        "cov": [[1275.27868652, -794.207336426, 223.532562256, 63.5092353821, -202.522216797, 127.917205811, -96.3090438843, 136.635299683, -195.12210083, 59.7552185059, -112.306152344, 151.187820435, -125.393585205], [-794.207336426, 842.517333984, -160.408782959, -49.2318153381, 169.682983398, -119.412185669, 141.104400635, -128.965881348, 146.076141357, -96.8343505859, 100.726951599, -122.636817932, 123.146621704], [223.532562256, -160.408782959, 278.183563232, 11.1482639313, -22.7139587402, 22.5325756073, -69.477142334, 66.3238525391, -58.6885871887, 39.9297103882, -36.4163322449, 37.6804046631, -34.1810531616], [63.5092353821, -49.2318153381, 11.1482639313, 143.373153687, -3.1886715889, 10.0865955353, -15.2815675735, -5.60486841202, 14.2061138153, -13.3622150421, 21.7478294373, -18.3149051666, 8.85495281219], [-202.522216797, 169.682983398, -22.7139587402, -3.1886715889, 225.603103638, -13.80423069, 39.8103790283, -31.6926040649, 18.198802948, 33.4510955811, -20.649017334, -14.2665185928, 21.6030082703], [127.917205811, -119.412185669, 22.5325756073, 10.0865955353, -13.80423069, 129.757064819, 16.3130874634, 37.9985275269, -26.8854675293, -2.82992982864, 11.7595233917, 5.64238643646, -6.28746843338], [-96.3090438843, 141.104400635, -69.477142334, -15.2815675735, 39.8103790283, 16.3130874634, 118.083580017, -2.09646487236, 19.0171737671, -27.8629207611, 12.7771625519, -5.16946315765, 16.5164413452], [136.635299683, -128.965881348, 66.3238525391, -5.60486841202, -31.6926040649, 37.9985275269, -2.09646487236, 95.1527709961, -14.5601005554, 17.7858600616, -16.7302322388, 26.70337677, -14.9937896729], [-195.12210083, 146.076141357, -58.6885871887, 14.2061138153, 18.198802948, -26.8854675293, 19.0171737671, -14.5601005554, 98.8557891846, -0.917717218399, 27.9556865692, -28.6091175079, 16.5950641632], [59.7552185059, -96.8343505859, 39.9297103882, -13.3622150421, 33.4510955811, -2.82992982864, -27.8629207611, 17.7858600616, -0.917717218399, 92.7182769775, -11.2629432678, 15.3259601593, -32.8742332458], [-112.306152344, 100.726951599, -36.4163322449, 21.7478294373, -20.649017334, 11.7595233917, 12.7771625519, -16.7302322388, 27.9556865692, -11.2629432678, 90.5289001465, -21.2110443115, 13.7586708069], [151.187820435, -122.636817932, 37.6804046631, -18.3149051666, -14.2665185928, 5.64238643646, -5.16946315765, 26.70337677, -28.6091175079, 15.3259601593, -21.2110443115, 96.6700210571, -3.77664875984], [-125.393585205, 123.146621704, -34.1810531616, 8.85495281219, 21.6030082703, -6.28746843338, 16.5164413452, -14.9937896729, 16.5950641632, -32.8742332458, 13.7586708069, -3.77664875984, 94.2265319824]],
        "icov": [[0.0025975687895, 0.000778687593993, -0.000220329151489, -0.00171365228016, 0.0015849287156, -0.000899047474377, -0.00058772682678, -0.00025575858308, 0.00244360719807, -0.000824069895316, 0.0017675512936, -0.00170260865707, 0.00111494655721], [0.000778687593993, 0.0106915794313, -0.00425721006468, 0.00639185775071, -0.00572022376582, 0.00721086375415, -0.00769364088774, 0.00485210353509, -0.00708359666169, 0.00827763322741, -0.00883166119456, 0.00663873087615, -0.00547735579312], [-0.000220329151489, -0.00425721006468, 0.00757995201275, -0.00337599823251, 0.00176248513162, -0.00275892927311, 0.00589501392096, -0.00554013857618, 0.00524997059256, -0.0038617127575, 0.0039321561344, -0.00324318232015, 0.00285843270831], [-0.00171365228016, 0.00639185775071, -0.00337599823251, 0.013616704382, -0.00567435473204, 0.00457990774885, -0.00282668531872, 0.00360405468382, -0.00811525993049, 0.00791331473738, -0.00893168058246, 0.00663338787854, -0.00470276596025], [0.0015849287156, -0.00572022376582, 0.00176248513162, -0.00567435473204, 0.0113562019542, -0.00525073707104, 0.000588326132856, 0.000134266796522, 0.00561389978975, -0.0102240452543, 0.00940041337162, -0.00411219988018, 0.00162875372916], [-0.000899047474377, 0.00721086375415, -0.00275892927311, 0.00457990774885, -0.00525073707104, 0.0159000046551, -0.00685331178829, -0.00088570418302, -0.00279849232174, 0.00665775779635, -0.00996938627213, 0.00643704179674, -0.00419718073681], [-0.00058772682678, -0.00769364088774, 0.00589501392096, -0.00282668531872, 0.000588326132856, -0.00685331178829, 0.0186700187624, -0.00652904482558, 0.003717697924, -0.000835439830553, 0.00467607984319, -0.00593525823206, 0.00490634376183], [-0.00025575858308, 0.00485210353509, -0.00554013857618, 0.00360405468382, 0.000134266796522, -0.00088570418302, -0.00652904482558, 0.0195667985827, -0.00631378591061, 0.000760175462347, -0.00128080998547, 0.00131823751144, -0.00324490247294], [0.00244360719807, -0.00708359666169, 0.00524997059256, -0.00811525993049, 0.00561389978975, -0.00279849232174, 0.003717697924, -0.00631378591061, 0.0229189582169, -0.00931959599257, 0.00519006513059, -0.00390791613609, 0.00384410633706], [-0.000824069895316, 0.00827763322741, -0.0038617127575, 0.00791331473738, -0.0102240452543, 0.00665775779635, -0.000835439830553, 0.000760175462347, -0.00931959599257, 0.024623548612, -0.00991066545248, 0.00383822410367, 0.000829434138723], [0.0017675512936, -0.00883166119456, 0.0039321561344, -0.00893168058246, 0.00940041337162, -0.00996938627213, 0.00467607984319, -0.00128080998547, 0.00519006513059, -0.00991066545248, 0.0244700443, -0.00598238129169, 0.00413178978488], [-0.00170260865707, 0.00663873087615, -0.00324318232015, 0.00663338787854, -0.00411219988018, 0.00643704179674, -0.00593525823206, 0.00131823751144, -0.00390791613609, 0.00383822410367, -0.00598238129169, 0.0189560167491, -0.00645883148536], [0.00111494655721, -0.00547735579312, 0.00285843270831, -0.00470276596025, 0.00162875372916, -0.00419718073681, 0.00490634376183, -0.00324490247294, 0.00384410633706, 0.000829434138723, 0.00413178978488, -0.00645883148536, 0.0174541156739]]
    },
    "melbands": {
        "dmean": [0.00107132433914, 0.00175485189538, 0.00149245862849, 0.000781427137554, 0.000638233032078, 0.000334842479788, 0.000330446549924, 0.000230751771596, 0.000111257228127, 7.35250650905e-05, 0.000133452587761, 0.000137810027809, 6.90584929544e-05, 5.33732199983e-05, 7.91622296674e-05, 9.72068155534e-05, 0.000113286492706, 0.000148612991325, 9.65230137808e-05, 8.06183452369e-05, 3.69664594473e-05, 1.52970533236e-05, 1.23010386233e-05, 6.5815643211e-06, 6.25079337624e-06, 5.67557935938e-06, 3.5041675801e-06, 2.35483571487e-06, 1.81739062555e-06, 1.36884750646e-06, 1.23213487768e-06, 1.57727117767e-06, 1.47950436258e-06, 9.4701033504e-07, 8.5573611841e-07, 7.89402122336e-07, 3.92964864204e-07, 4.4662223786e-07, 2.54981387116e-07, 1.89409959717e-07],
        "dmean2": [0.0017569080228, 0.00300083425827, 0.0026035644114, 0.00133759411983, 0.00105187180452, 0.000526637188159, 0.00051620521117, 0.000370485387975, 0.000180975970579, 0.00012485490879, 0.000226470991038, 0.000236465319176, 0.000117850788229, 9.03832333279e-05, 0.000135197653435, 0.000163231961778, 0.000190905222553, 0.000255035818554, 0.000162544180057, 0.000133452369482, 5.88549701206e-05, 2.56392595475e-05, 2.04176576517e-05, 1.08295716927e-05, 9.84840698948e-06, 9.05549586605e-06, 5.57485282116e-06, 3.75140007236e-06, 2.88434284812e-06, 2.12522354559e-06, 1.87330283552e-06, 2.50155494541e-06, 2.16992862079e-06, 1.30012176669e-06, 1.27020882701e-06, 1.17722413506e-06, 6.11646044035e-07, 6.71201007663e-07, 3.59480111456e-07, 2.94465706929e-07],
        "dvar": [4.53845859738e-06, 9.29713951336e-06, 6.47558817946e-06, 1.13058149509e-06, 9.82117853709e-07, 2.05383614116e-07, 3.9218983261e-07, 2.23637030672e-07, 4.71144403491e-08, 1.55039021621e-08, 8.58801882941e-08, 6.18674818043e-08, 1.75043695094e-08, 1.4239193824e-08, 1.4631158507e-08, 2.17535891522e-08, 2.43470683614e-08, 4.15597867232e-08, 1.69757345958e-08, 1.21260157471e-08, 3.53998719227e-09, 4.18541395986e-10, 3.07393138721e-10, 9.19159887092e-11, 8.29310162209e-11, 6.54065204775e-11, 4.05693187377e-11, 1.72571592433e-11, 8.66020883478e-12, 6.65781969486e-12, 7.45367916694e-12, 2.61953982811e-11, 1.95829845395e-11, 1.05279682541e-11, 1.58594942734e-11, 9.96842712542e-12, 4.10537532788e-12, 7.47773804682e-12, 4.0382256458e-13, 2.86160201438e-13],
        "dvar2": [1.13879796118e-05, 2.47816587944e-05, 1.84922937478e-05, 3.16421505886e-06, 2.4615392249e-06, 4.73136793744e-07, 8.72287273523e-07, 5.3459081073e-07, 1.18416622286e-07, 4.31197619832e-08, 2.30641504118e-07, 1.70276010181e-07, 4.57981137458e-08, 3.97741715119e-08, 3.94039538776e-08, 5.64407152126e-08, 6.52164260373e-08, 1.16555398222e-07, 4.59520457241e-08, 3.17665289629e-08, 8.06581468282e-09, 1.14334486323e-09, 8.03216104739e-10, 2.16179810164e-10, 1.84758569555e-10, 1.53528037505e-10, 9.2617961911e-11, 4.05408935589e-11, 2.09328457346e-11, 1.55681613434e-11, 1.79671746231e-11, 6.793891838e-11, 3.80325909655e-11, 1.41387396582e-11, 3.72353467504e-11, 2.07241394184e-11, 9.58946724111e-12, 1.66224187192e-11, 7.143606995e-13, 6.16066930543e-13],
        "max": [0.0223600175232, 0.0317575223744, 0.0248103924096, 0.0131996581331, 0.0123611837626, 0.00441793818027, 0.00966911762953, 0.00668019475415, 0.00290938629769, 0.00197253888473, 0.00318086938933, 0.00206933566369, 0.00174885429442, 0.00217970996164, 0.00189967546612, 0.00207569962367, 0.0016860057367, 0.0021960074082, 0.00144190713763, 0.00114244455472, 0.000972522422671, 0.000223050039494, 0.000148673934746, 8.38502528495e-05, 0.000105621154944, 0.00012014330423, 0.00015203935618, 4.97489891131e-05, 3.92850561184e-05, 4.5348842832e-05, 3.90704226447e-05, 8.71409138199e-05, 0.000136963688419, 0.000126427054056, 0.000123350662761, 6.38823985355e-05, 6.4729800215e-05, 9.58403688855e-05, 1.69053528225e-05, 1.06505121948e-05],
        "mean": [0.00160010857508, 0.00318764173426, 0.00245817983523, 0.00137803761754, 0.000965211074799, 0.00055443146266, 0.000510520127136, 0.000349099573214, 0.000148640945554, 0.000101341414847, 0.000172063271748, 0.000169763938175, 8.80268635228e-05, 7.549032307e-05, 0.000113794580102, 0.000140159318107, 0.000166866520885, 0.000232705293456, 0.000155240879394, 0.000122905141325, 5.99676386628e-05, 2.4629467589e-05, 1.70580278791e-05, 9.85561382549e-06, 9.68968925008e-06, 9.05018441699e-06, 5.64606580156e-06, 3.39695225193e-06, 2.54463202509e-06, 1.96662836061e-06, 1.55156203618e-06, 1.84879831977e-06, 1.94255744645e-06, 1.32766763272e-06, 1.09259667624e-06, 1.0501540828e-06, 4.55679270317e-07, 4.99576287893e-07, 3.25135886214e-07, 2.1426568253e-07],
        "median": [0.000987478066236, 0.00242287525907, 0.00177326926496, 0.00100549601484, 0.000553024699911, 0.000338229438057, 0.000251274293987, 0.000140465621371, 7.03659825376e-05, 5.79348779866e-05, 6.71265443088e-05, 7.32670887373e-05, 4.12308763771e-05, 3.18456295645e-05, 6.30392023595e-05, 7.24015990272e-05, 0.00010352308891, 0.000151422922499, 0.000109792374133, 8.01869900897e-05, 3.32864183292e-05, 1.69923314388e-05, 1.04944765553e-05, 5.89837100051e-06, 5.43836267752e-06, 4.98152485306e-06, 2.99250677926e-06, 1.6864302097e-06, 1.31816011617e-06, 9.19850833725e-07, 5.28538805611e-07, 5.1602773965e-07, 5.11046948759e-07, 2.77386533298e-07, 1.76551651521e-07, 1.24860392248e-07, 8.38449238927e-08, 7.79741711199e-08, 7.19562578411e-08, 4.19060235402e-08],
        "min": [2.50944549407e-06, 2.77746585198e-05, 2.97098940791e-05, 8.82658787305e-06, 9.51654237724e-06, 9.80738423095e-06, 3.26211511492e-06, 1.72763793671e-06, 9.93285539153e-07, 5.21273193499e-07, 5.95073061049e-07, 2.25109420171e-06, 7.94273262272e-07, 3.9930728235e-07, 4.62468307205e-07, 1.2710908095e-06, 1.11526208002e-06, 3.46163034237e-07, 2.33046080211e-06, 1.00825502614e-06, 8.85165832187e-07, 1.09708480522e-06, 3.02338975189e-07, 2.94888394592e-07, 1.6438924888e-07, 2.37063787267e-07, 1.86817942449e-07, 7.93482186623e-08, 7.69538530676e-08, 5.76936898256e-08, 9.45195299806e-09, 2.08788559775e-08, 2.07604990976e-08, 5.38025402008e-09, 1.8435786231e-09, 1.64857905105e-10, 6.4232490854e-12, 1.40390254977e-09, 1.46785986144e-10, 5.5952070234e-12],
