{
"highlevel": {
    "danceability": {
        "all": {
            "danceable": 0.996207654476,
            "not_danceable": 0.00379235041328
        },
        "probability": 0.996207654476,
        "value": "danceable"
    },
    "gender": {
        "all": {
            "female": 0.283771276474,
            "male": 0.716228723526
        },
        "probability": 0.716228723526,
        "value": "male"
    },
    "genre_dortmund": {
        "all": {
            "alternative": 0.137537047267,
            "blues": 0.0134523399174,
            "electronic": 0.0167404245585,
            "folkcountry": 0.355846762657,
            "funksoulrnb": 0.0113590667024,
            "jazz": 0.0630262494087,
            "pop": 0.157043516636,
            "raphiphop": 0.00795418582857,
            "rock": 0.237040400505
        },
        "probability": 0.355846762657,
        "value": "folkcountry"
    },
    "genre_electronic": {
        "all": {
            "ambient": 0.731716156006,
            "dnb": 0.128510445356,
            "house": 0.0865403935313,
            "techno": 0.00858441088349,
            "trance": 0.0446485765278
        },
        "probability": 0.731716156006,
        "value": "ambient"
    },
    "genre_rosamerica": {
        "all": {
            "cla": 0.00797285605222,
            "dan": 0.00858703721315,
            "hip": 0.0227921511978,
            "jaz": 0.0847193524241,
            "pop": 0.540511906147,
            "rhy": 0.268194377422,
            "roc": 0.0619203075767,
            "spe": 0.00530202267691
        },
        "probability": 0.540511906147,
        "value": "pop"
    },
    "genre_tzanetakis": {
        "all": {
            "blu": 0.0626541376114,
            "cla": 0.0348133966327,
            "cou": 0.0783501937985,
            "dis": 0.104547761381,
            "hip": 0.15693578124,
            "jaz": 0.313987255096,
            "met": 0.044816005975,
            "pop": 0.0627349764109,
            "reg": 0.0627352520823,
            "roc": 0.0784252434969
        },
        "probability": 0.313987255096,
        "value": "jaz"
    },
    "ismir04_rhythm": {
        "all": {
            "ChaChaCha": 0.0612989515066,
            "Jive": 0.125666052103,
            "Quickstep": 0.129631429911,
            "Rumba-American": 0.0303259082139,
            "Rumba-International": 0.180831998587,
            "Rumba-Misc": 0.0292547550052,
            "Samba": 0.160717636347,
            "Tango": 0.0404694378376,
            "VienneseWaltz": 0.19264870882,
            "Waltz": 0.0491551347077
        },
        "probability": 0.19264870882,
        "value": "VienneseWaltz"
    },
    "mood_acoustic": {
        "all": {
            "acoustic": 0.977314710617,
            "not_acoustic": 0.0226853005588
        },
        "probability": 0.977314710617,
        "value": "acoustic"
    },
    "mood_aggressive": {
        "all": {
            "aggressive": 0.116969883442,
            "not_aggressive": 0.883030116558
        },
        "probability": 0.883030116558,
        "value": "not_aggressive"
    },
    "mood_electronic": {
        "all": {
            "electronic": 0.073482580483,
            "not_electronic": 0.926517426968
        },
        "probability": 0.926517426968,
        "value": "not_electronic"
    },
    "mood_happy": {
        "all": {
            "happy": 0.753707110882,
            "not_happy": 0.246292904019
        },
        "probability": 0.753707110882,
        "value": "happy"
    },
    "mood_party": {
        "all": {
            "not_party": 0.943651378155,
            "party": 0.0563486106694
        },
        "probability": 0.943651378155,
        "value": "not_party"
    },
    "mood_relaxed": {
        "all": {
            "not_relaxed": 0.211037844419,
            "relaxed": 0.788962125778
        },
        "probability": 0.788962125778,
        "value": "relaxed"
    },
    "mood_sad": {
        "all": {
            "not_sad": 0.0773664116859,
            "sad": 0.922633588314
        },
        "probability": 0.922633588314,
        "value": "sad"
    },
    "moods_mirex": {
        "all": {
            "Cluster1": 0.0857269987464,
            "Cluster2": 0.369076937437,
            "Cluster3": 0.439806580544,
            "Cluster4": 0.0949320793152,
            "Cluster5": 0.0104574197903
        },
        "probability": 0.439806580544,
        "value": "Cluster3"
    },
    "timbre": {
        "all": {
            "bright": 0.99999576807,
            "dark": 4.20766491516e-06
        },
        "probability": 0.99999576807,
        "value": "bright"
    },
    "tonal_atonal": {
        "all": {
            "atonal": 0.00039444732829,
            "tonal": 0.999605536461
        },
        "probability": 0.999605536461,
        "value": "tonal"
    },
    "voice_instrumental": {
        "all": {
            "instrumental": 0.00359505461529,
            "voice": 0.99640494585
        },
        "probability": 0.99640494585,
        "value": "voice"
    }
},
"lowlevel": {
    "average_loudness": 0.977851331234,
    "barkbands_crest": {
        "dmean": 3.09526920319,
        "dmean2": 5.03917503357,
        "dvar": 8.11337757111,
        "dvar2": 21.0393333435,
        "max": 25.3686161041,
        "mean": 11.0292139053,
        "median": 9.98145484924,
        "min": 3.03167080879,
        "var": 20.3441753387
    },
    "barkbands_flatness_db": {
        "dmean": 0.0234865751117,
        "dmean2": 0.0371954329312,
        "dvar": 0.000479444715893,
        "dvar2": 0.00126035930589,
        "max": 0.289879620075,
        "mean": 0.163622766733,
        "median": 0.16152331233,
        "min": 0.0642154961824,
        "var": 0.00151882052887
    },
    "barkbands_kurtosis": {
        "dmean": 3.03393030167,
        "dmean2": 4.94616365433,
        "dvar": 22.1653652191,
        "dvar2": 56.47397995,
        "max": 57.4259300232,
        "mean": 4.11884355545,
        "median": 2.63608074188,
        "min": -1.70965325832,
        "var": 31.8535499573
    },
    "barkbands_skewness": {
        "dmean": 0.606130301952,
        "dmean2": 0.924136817455,
        "dvar": 0.398492336273,
        "dvar2": 0.968757271767,
        "max": 5.98454427719,
        "mean": 1.35306715965,
        "median": 1.31344008446,
        "min": -1.15466237068,
        "var": 1.13213717937
    },
    "barkbands_spread": {
        "dmean": 4.66364383698,
        "dmean2": 7.24363517761,
        "dvar": 30.8132247925,
        "dvar2": 64.5999679565,
        "max": 90.8065567017,
        "mean": 16.4892215729,
        "median": 14.6911420822,
        "min": 1.74040448666,
        "var": 96.2030410767
    },
    "dissonance": {
        "dmean": 0.0299718100578,
        "dmean2": 0.049083262682,
        "dvar": 0.000775907130446,
        "dvar2": 0.00198136921972,
        "max": 0.499205470085,
        "mean": 0.435709625483,
        "median": 0.446120649576,
        "min": 0.262046277523,
        "var": 0.00181185826659
    },
    "dynamic_complexity": 2.3062505722,
    "erbbands_crest": {
        "dmean": 3.44143795967,
        "dmean2": 5.29639387131,
        "dvar": 9.78072166443,
        "dvar2": 22.1479053497,
        "max": 32.6269836426,
        "mean": 12.9268293381,
        "median": 11.2701406479,
        "min": 2.6232073307,
        "var": 43.476890564
    },
    "erbbands_flatness_db": {
        "dmean": 0.021010491997,
        "dmean2": 0.0294151268899,
        "dvar": 0.000395676994231,
        "dvar2": 0.00066714809509,
        "max": 0.310044229031,
        "mean": 0.172428950667,
        "median": 0.168029263616,
        "min": 0.0548192448914,
        "var": 0.00244001834653
    },
    "erbbands_kurtosis": {
        "dmean": 1.78951179981,
        "dmean2": 2.71265029907,
        "dvar": 12.7608318329,
        "dvar2": 28.7603149414,
        "max": 53.0778961182,
        "mean": 2.84221768379,
        "median": 0.960782527924,
        "min": -1.53616964817,
        "var": 38.6466674805
    },
    "erbbands_skewness": {
        "dmean": 0.443292468786,
        "dmean2": 0.690142452717,
        "dvar": 0.21120724082,
        "dvar2": 0.459231436253,
        "max": 6.20063591003,
        "mean": 0.834860086441,
        "median": 0.622477173805,
        "min": -1.4139906168,
        "var": 0.866837620735
    },
    "erbbands_spread": {
        "dmean": 7.64221668243,
        "dmean2": 11.0720586777,
        "dvar": 86.9556045532,
        "dvar2": 164.036499023,
        "max": 120.757766724,
        "mean": 29.4460010529,
        "median": 24.9010124207,
        "min": 2.64523100853,
        "var": 400.793151855
    },
    "hfc": {
        "dmean": 6.46316432953,
        "dmean2": 9.46862983704,
        "dvar": 57.7712173462,
        "dvar2": 119.582008362,
        "max": 73.0499420166,
        "mean": 21.8209705353,
        "median": 18.5168037415,
        "min": 2.20806407928,
        "var": 223.614517212
    },
    "melbands_crest": {
        "dmean": 3.85577869415,
        "dmean2": 6.18614816666,
        "dvar": 12.7728252411,
        "dvar2": 30.2046012878,
        "max": 30.8162517548,
        "mean": 14.5168972015,
        "median": 13.7645273209,
        "min": 4.64868021011,
        "var": 27.8076534271
    },
    "melbands_flatness_db": {
        "dmean": 0.0276916380972,
        "dmean2": 0.0420430153608,
        "dvar": 0.000675238436088,
        "dvar2": 0.00168767734431,
        "max": 0.388519614935,
        "mean": 0.216170430183,
        "median": 0.214088946581,
        "min": 0.0860688835382,
        "var": 0.00236489251256
    },
    "melbands_kurtosis": {
        "dmean": 6.39413070679,
        "dmean2": 10.3379001617,
        "dvar": 116.680557251,
        "dvar2": 297.796051025,
        "max": 93.8418502808,
        "mean": 9.30004024506,
        "median": 5.28106975555,
        "min": -1.5098259449,
        "var": 159.531341553
    },
    "melbands_skewness": {
        "dmean": 0.816847681999,
        "dmean2": 1.22949194908,
        "dvar": 0.826354205608,
        "dvar2": 1.93318247795,
        "max": 8.48491191864,
        "mean": 1.93653571606,
        "median": 1.80156087875,
        "min": -1.65627026558,
        "var": 2.49129486084
    },
    "melbands_spread": {
        "dmean": 5.25023984909,
        "dmean2": 8.21395301819,
        "dvar": 26.0794906616,
        "dvar2": 63.7793197632,
        "max": 67.281867981,
        "mean": 17.9491996765,
        "median": 16.4293861389,
        "min": 1.64676070213,
        "var": 76.2004699707
    },
    "pitch_salience": {
        "dmean": 0.0789239630103,
        "dmean2": 0.127247899771,
        "dvar": 0.00484528718516,
        "dvar2": 0.0124386111274,
        "max": 0.797097504139,
        "mean": 0.498495846987,
        "median": 0.505841612816,
        "min": 0.168209373951,
        "var": 0.0118084819987
    },
    "silence_rate_20dB": {
        "dmean": 0,
        "dmean2": 0,
        "dvar": 0,
        "dvar2": 0,
        "max": 1,
        "mean": 1,
        "median": 1,
        "min": 1,
        "var": 0
    },
    "silence_rate_30dB": {
        "dmean": 0,
        "dmean2": 0,
        "dvar": 0,
        "dvar2": 0,
        "max": 1,
        "mean": 1,
        "median": 1,
        "min": 1,
        "var": 0
    },
    "silence_rate_60dB": {
        "dmean": 0.00154798757285,
        "dmean2": 0.00309837330133,
        "dvar": 0.00154558278155,
        "dvar2": 0.00463791564107,
        "max": 1,
        "mean": 0.00077339517884,
        "median": 0,
        "min": 0,
        "var": 0.000772795581724
    },
    "spectral_centroid": {
        "dmean": 178.238632202,
        "dmean2": 269.851013184,
        "dvar": 30822.9726562,
        "dvar2": 74549.0078125,
        "max": 2296.16210938,
        "mean": 957.450622559,
        "median": 903.798583984,
        "min": 312.970245361,
        "var": 98156.1875
    },
    "spectral_complexity": {
        "dmean": 2.38931894302,
        "dmean2": 3.79163432121,
        "dvar": 4.84609222412,
        "dvar2": 12.1587591171,
        "max": 31,
        "mean": 15.4957466125,
        "median": 15,
        "min": 7,
        "var": 15.501332283
    },
    "spectral_decrease": {
        "dmean": 3.1972560155e-09,
        "dmean2": 5.09828090856e-09,
        "dvar": 1.65847512516e-17,
        "dvar2": 4.2278650328e-17,
        "max": -7.70186470156e-10,
        "mean": -8.32460855804e-09,
        "median": -7.33199811975e-09,
        "min": -3.16211519191e-08,
        "var": 2.68153161046e-17
    },
    "spectral_energy": {
        "dmean": 0.0125145576894,
        "dmean2": 0.019895048812,
        "dvar": 0.000246065668762,
        "dvar2": 0.000622465391643,
        "max": 0.122125595808,
        "mean": 0.0333982221782,
        "median": 0.0292268842459,
        "min": 0.00312796398066,
        "var": 0.000420904310886
    },
    "spectral_energyband_high": {
        "dmean": 0.000233814920648,
        "dmean2": 0.000343206716934,
        "dvar": 1.47146764107e-07,
        "dvar2": 3.33154986265e-07,
        "max": 0.00587883125991,
        "mean": 0.000535089056939,
        "median": 0.000332960538799,
        "min": 9.93840785668e-06,
        "var": 3.86613066894e-07
    },
    "spectral_energyband_low": {
        "dmean": 0.00798448547721,
        "dmean2": 0.0132261933759,
        "dvar": 0.000215653039049,
        "dvar2": 0.000588412687648,
        "max": 0.103934139013,
        "mean": 0.0107748731971,
        "median": 0.00791485980153,
        "min": 5.55697661184e-05,
        "var": 0.00018164627545
    },
    "spectral_energyband_middle_high": {
        "dmean": 0.00258900318295,
        "dmean2": 0.0035991424229,
        "dvar": 1.60837116709e-05,
        "dvar2": 3.23348103848e-05,
        "max": 0.0496913269162,
        "mean": 0.00660313107073,
        "median": 0.00320665584877,
        "min": 0.000446990685305,
        "var": 5.91269308643e-05
    },
    "spectral_energyband_middle_low": {
        "dmean": 0.00726083200425,
        "dmean2": 0.0111769363284,
        "dvar": 8.43898087624e-05,
        "dvar2": 0.000184438744327,
        "max": 0.0941017344594,
        "mean": 0.0180034600198,
        "median": 0.0130666047335,
        "min": 0.00155340274796,
        "var": 0.000212786602788
    },
    "spectral_entropy": {
        "dmean": 0.172852560878,
        "dmean2": 0.255842208862,
        "dvar": 0.0248643830419,
        "dvar2": 0.0485978238285,
        "max": 8.49527645111,
        "mean": 7.36129426956,
        "median": 7.3657617569,
        "min": 6.23857116699,
        "var": 0.147551953793
    },
    "spectral_flux": {
        "dmean": 0.0370403937995,
        "dmean2": 0.0598534159362,
        "dvar": 0.00155224755872,
        "dvar2": 0.00336861563846,
        "max": 0.322543054819,
        "mean": 0.0971402451396,
        "median": 0.0846952646971,
        "min": 0.0231298804283,
        "var": 0.00278647732921
    },
    "spectral_kurtosis": {
        "dmean": 1.51267468929,
        "dmean2": 2.4051053524,
        "dvar": 2.24499583244,
        "dvar2": 5.37731456757,
        "max": 17.6729278564,
        "mean": 4.97766971588,
        "median": 4.49032068253,
        "min": -0.723927736282,
        "var": 8.7185049057
    },
    "spectral_rms": {
        "dmean": 0.00103220960591,
        "dmean2": 0.001591941691,
        "dvar": 1.29823740735e-06,
        "dvar2": 3.07864070237e-06,
        "max": 0.0109154442325,
        "mean": 0.00544296903536,
        "median": 0.00533985346556,
        "min": 0.00174690363929,
        "var": 2.95772701975e-06
    },
    "spectral_rolloff": {
        "dmean": 352.947387695,
        "dmean2": 598.760437012,
        "dvar": 606223.3125,
        "dvar2": 1426264.75,
        "max": 10766.6015625,
        "mean": 1054.11022949,
        "median": 861.328125,
        "min": 107.666015625,
        "var": 845316.375
    },
    "spectral_skewness": {
        "dmean": 0.221628025174,
        "dmean2": 0.334701120853,
        "dvar": 0.0384253896773,
        "dvar2": 0.08171916008,
        "max": 3.33356308937,
        "mean": 1.80367219448,
        "median": 1.8004629612,
        "min": 0.480288118124,
        "var": 0.219676524401
    },
    "spectral_spread": {
        "dmean": 554215.1875,
        "dmean2": 790754.3125,
        "dvar": 457068544000,
        "dvar2": 820343144448,
        "max": 11906331,
        "mean": 4819025.5,
        "median": 4654025,
        "min": 2269141.25,
        "var": 1.92383772262e+12
    },
    "spectral_strongpeak": {
        "dmean": 0.906417489052,
        "dmean2": 1.48027074337,
        "dvar": 1.45586955547,
        "dvar2": 3.14670729637,
        "max": 9.86032676697,
        "mean": 1.79627251625,
        "median": 0.746279060841,
        "min": 0.0530336201191,
        "var": 3.86729550362
    },
    "zerocrossingrate": {
        "dmean": 0.00802565086633,
        "dmean2": 0.00951524358243,
        "dvar": 8.30824792502e-05,
        "dvar2": 9.75759685389e-05,
        "max": 0.21142578125,
        "mean": 0.0482341051102,
        "median": 0.0439453125,
        "min": 0.0107421875,
        "var": 0.000528448086698
    },
    "barkbands": {
        "dmean": [0.000104562932393, 0.00437042769045, 0.00253381812945, 0.00271744397469, 0.00118718273006, 0.000984035315923, 0.000376660143957, 0.0021636011079, 0.00261678919196, 0.00120742968284, 0.000290643016342, 0.000701103184838, 0.000897290417925, 0.000715190486517, 0.000270168588031, 9.8761782283e-05, 8.13624792499e-05, 5.10741410835e-05, 3.94141061406e-05, 9.52785485424e-05, 6.24377717031e-05, 5.86311434745e-05, 3.43460924341e-05, 4.26000624429e-05, 4.35195615864e-05, 1.7902100808e-05, 3.17910697767e-09],
        "dmean2": [0.000164524637512, 0.0074223196134, 0.00441408297047, 0.00437112618238, 0.00196078396402, 0.00157386111096, 0.000572336895857, 0.00332911941223, 0.00406704097986, 0.00160469219554, 0.000420007330831, 0.00106576713733, 0.00131842435803, 0.0010541845113, 0.000412260211306, 0.000156531677931, 0.000132644810947, 8.12224461697e-05, 6.2062543293e-05, 0.000145824305946, 9.51718611759e-05, 8.73829631018e-05, 5.23758681084e-05, 6.59813013044e-05, 6.77912976244e-05, 2.72182933259e-05, 4.37187841484e-09],
        "dvar": [6.64895409841e-08, 9.89037944237e-05, 2.39219934883e-05, 4.20816140831e-05, 3.10481868837e-06, 2.68522308033e-06, 5.62450452435e-07, 2.69603879133e-05, 4.08218547818e-05, 9.98929499474e-06, 2.02205524147e-06, 4.68555936095e-06, 4.62466186946e-06, 2.49030199484e-06, 4.52729409517e-07, 1.20468811815e-07, 2.36409949395e-08, 7.72569741514e-09, 5.19056841952e-09, 3.45356596654e-08, 1.00401411629e-08, 9.46457934248e-09, 7.35326555201e-09, 1.36810278661e-08, 1.82788610914e-08, 2.02412597794e-09, 4.10494062041e-15],
        "dvar2": [1.74536737063e-07, 0.000277952000033, 6.69229775667e-05, 9.89561303868e-05, 7.96287713456e-06, 6.72235182719e-06, 9.77222725851e-07, 5.94013545197e-05, 8.86307534529e-05, 1.69508475665e-05, 4.1626908569e-06, 1.06209163278e-05, 9.77633771981e-06, 5.24992719875e-06, 9.57159386417e-07, 2.58650686646e-07, 5.7873428716e-08, 1.85671691355e-08, 1.19883631911e-08, 7.93618752937e-08, 2.29352465908e-08, 2.14598472326e-08, 1.78890413594e-08, 2.98581994684e-08, 4.28145057185e-08, 3.73015573985e-09, 4.11044845215e-15],
        "max": [0.00204265862703, 0.077840000391, 0.0456633679569, 0.0511512234807, 0.0217622257769, 0.0334797799587, 0.017414547503, 0.0498791411519, 0.0873349159956, 0.0564787983894, 0.046515725553, 0.0383747294545, 0.04095941782, 0.0232165511698, 0.0117754573002, 0.00777439167723, 0.00281820469536, 0.001323700184, 0.00126897776499, 0.00336582772434, 0.00159937061835, 0.00132252345793, 0.00166416808497, 0.00262677320279, 0.00324655254371, 0.000729990075342, 2.30577961702e-06],
        "mean": [0.00011280435865, 0.00548936985433, 0.0032286264468, 0.00287358509377, 0.00207466585562, 0.00187841593288, 0.000918399251532, 0.00404489831999, 0.00480360770598, 0.0022949280683, 0.000435521418694, 0.00123601790983, 0.00131248717662, 0.00120530603454, 0.000421226315666, 0.000152097010869, 0.000135020192829, 8.68773786351e-05, 6.95293347235e-05, 0.0001643934811, 0.00011909751629, 0.000112529662147, 5.98539372731e-05, 7.30139727239e-05, 6.75419069012e-05, 2.8425725759e-05, 2.89170842827e-09],
        "median": [3.06652655127e-05, 0.00317420181818, 0.00169292395003, 0.000860078551341, 0.00139095820487, 0.00123124057427, 0.000519408436958, 0.000681631499901, 0.000828202289995, 0.000364316045307, 8.26323084766e-05, 0.000245153234573, 0.000347521505319, 0.000355058145942, 0.000181888026418, 8.61738299136e-05, 7.87586905062e-05, 5.26923686266e-05, 3.6564309994e-05, 8.0505378719e-05, 6.67778513161e-05, 6.40705256956e-05, 2.7972544558e-05, 3.35991826432e-05, 2.63149267994e-05, 1.16391865959e-05, 4.83089124259e-10],
        "min": [2.22052900511e-08, 2.0626123387e-06, 3.75660761165e-06, 7.12578867024e-06, 3.19756109093e-05, 3.0717048503e-05, 1.06559555206e-05, 1.18041170936e-05, 2.7729638532e-06, 1.33298653964e-05, 2.12724967241e-06, 6.80342782289e-06, 1.12556026579e-05, 4.52414224128e-06, 7.18836781743e-06, 4.5573215175e-06, 5.14219027536e-06, 2.04811703952e-06, 1.00797387859e-06, 3.31908108819e-06, 2.10717712434e-06, 1.37934250688e-06, 8.81851292434e-07, 3.96676995251e-07, 2.99630116274e-08, 2.70920091916e-11, 1.3375202855e-11],
        "var": [6.30064960205e-08, 7.99825211288e-05, 1.89333095477e-05, 4.29166102549e-05, 5.14029215992e-06, 5.12376027473e-06, 2.59871376329e-06, 6.79610311636e-05, 0.000116912917292, 3.08361304633e-05, 3.77785818273e-06, 9.38773973758e-06, 1.0384075722e-05, 7.01943736203e-06, 7.32480259558e-07, 1.44118075696e-07, 3.22303748135e-08, 1.15903366904e-08, 9.00061802867e-09, 7.2273422802e-08, 2.31507950588e-08, 2.36700579137e-08, 1.12783711259e-08, 2.36072672521e-08, 2.60255070827e-08, 4.38499236921e-09, 4.10800772671e-15]
    },
    "erbbands": {
        "dmean": [0.0828714072704, 1.15841126442, 2.91530966759, 7.06988859177, 4.43159294128, 3.83545780182, 7.93990421295, 7.87557315826, 5.53204727173, 12.2594261169, 58.5315513611, 56.2221794128, 51.1822929382, 18.2294654846, 14.9073867798, 30.9972190857, 34.6159133911, 41.8397102356, 18.876039505, 8.91585922241, 5.33572340012, 3.98691606522, 2.78166294098, 1.75095045567, 3.12601280212, 4.3674030304, 2.83589673042, 2.31765174866, 2.38430809975, 1.17653381824, 0.9645819664, 0.883048534393, 0.758191585541, 0.571500122547, 0.280385077, 0.107166416943, 0.0312442127615, 0.00274750357494, 5.20822577528e-05, 1.55192337843e-05],
        "dmean2": [0.127195671201, 2.04119706154, 5.17068815231, 11.2262372971, 7.34780311584, 6.38911581039, 12.6913909912, 12.5611934662, 8.8849067688, 18.8514766693, 88.5975952148, 82.6503829956, 70.1803131104, 23.5143127441, 21.185880661, 46.8058891296, 48.6016120911, 59.7824707031, 27.304353714, 13.6276884079, 8.48841285706, 6.44759178162, 4.41725444794, 2.81040549278, 4.83195209503, 6.69700145721, 4.38845491409, 3.43799972534, 3.5667886734, 1.81885933876, 1.48614084721, 1.32440507412, 1.20962548256, 0.895316064358, 0.436248332262, 0.161391302943, 0.0474868454039, 0.00430709589273, 7.95735541033e-05, 2.42952210101e-05],
        "dvar": [0.0224319789559, 7.79151916504, 39.5923805237, 240.04447937, 83.3137741089, 40.8123130798, 181.586730957, 277.473602295, 87.1237411499, 891.301940918, 17276.46875, 21497.9648438, 19327.6679688, 1422.41479492, 3032.7902832, 10281.1845703, 7929.33203125, 9122.59765625, 1891.90649414, 441.477935791, 278.222930908, 56.9270401001, 20.0821933746, 8.09781074524, 39.751449585, 77.0627441406, 22.6004943848, 13.1659440994, 16.1358032227, 4.17551755905, 6.60940504074, 6.85647630692, 4.04861831665, 3.97979140282, 0.707057714462, 0.0854946747422, 0.00663866056129, 4.98944573337e-05, 1.50786050312e-08, 3.20845294777e-10],
        "dvar2": [0.0497554056346, 22.4437541962, 113.575149536, 552.172729492, 200.958007812, 101.856842041, 406.065032959, 700.726745605, 221.449142456, 1909.04614258, 37330.6992188, 45613.953125, 35171.5976562, 2614.55371094, 6207.51611328, 23880.3339844, 16652.578125, 19272.9101562, 3840.42919922, 943.693054199, 570.000610352, 136.477706909, 47.463180542, 19.2375030518, 85.2139587402, 187.620346069, 52.7287597656, 27.0226478577, 35.9117355347, 9.85097122192, 15.9940452576, 15.658618927, 9.20136737823, 9.50741863251, 1.72163426876, 0.174961924553, 0.013541880995, 0.000105561266537, 3.03572775806e-08, 7.95327137482e-10],
        "max": [1.1990582943, 20.7078819275, 52.2203292847, 113.330329895, 135.538253784, 88.2658920288, 218.059387207, 349.532287598, 158.602264404, 471.832183838, 1368.6862793, 2605.97290039, 2451.72753906, 546.215881348, 1785.11853027, 1898.96472168, 2198.97753906, 1375.75866699, 747.983459473, 381.431365967, 424.183990479, 126.589187622, 58.9064331055, 45.846206665, 126.07359314, 131.518753052, 64.0446472168, 50.1352005005, 52.4631881714, 24.8603477478, 59.933380127, 67.9468307495, 33.7981872559, 50.1806678772, 16.5160427094, 6.41401386261, 1.29510450363, 0.148617640138, 0.00252198800445, 0.000135238457005],
        "mean": [0.127936288714, 1.33810508251, 3.63385367393, 7.97934865952, 6.00070476532, 6.70933103561, 14.1274776459, 14.6382188797, 12.5902223587, 25.4519920349, 110.843383789, 107.235389709, 113.882865906, 36.6766929626, 26.6818847656, 53.9738121033, 56.7962226868, 74.1768875122, 31.9803085327, 15.5153694153, 9.17967700958, 7.08667373657, 5.15320539474, 3.2468855381, 5.37919950485, 7.63702630997, 5.51710510254, 4.50517940521, 4.49264240265, 2.22679805756, 1.68063616753, 1.51211714745, 1.22178220749, 0.84278267622, 0.42591252923, 0.166505232453, 0.0460562780499, 0.00361318071373, 8.91693707672e-05, 4.32096494478e-05],
        "median": [0.0726813748479, 0.766013622284, 2.14239573479, 3.05165839195, 3.08868479729, 3.97995781898, 7.74694013596, 7.88062524796, 7.85786819458, 10.6577396393, 22.3573570251, 26.1385135651, 18.8566703796, 12.5975265503, 7.73538446426, 12.6601676941, 17.4302215576, 22.0960426331, 12.4279823303, 7.66806697845, 5.77843761444, 4.37536716461, 3.29247999191, 1.94948959351, 2.50827240944, 3.94368100166, 2.90628933907, 2.57008433342, 2.55863165855, 1.14371240139, 0.786688327789, 0.695300996304, 0.536005437374, 0.306241214275, 0.174120590091, 0.0684017911553, 0.0177205111831, 0.00119762925897, 4.70410959679e-05, 3.94075323129e-05],
        "min": [0.000113888534543, 0.00166085909586, 0.00827013049275, 0.0326122529805, 0.0940330848098, 0.151226535439, 0.181728258729, 0.184484884143, 0.707871198654, 0.537933945656, 0.900472462177, 0.334867447615, 0.549465358257, 0.665731668472, 0.395114183426, 0.337054163218, 0.450747966766, 0.838059365749, 0.67630147934, 0.701020538807, 0.56948786974, 0.340789675713, 0.184074923396, 0.122647427022, 0.164648234844, 0.107407584786, 0.0999990180135, 0.080850020051, 0.0447261072695, 0.0415328703821, 0.0102255605161, 0.0108211003244, 0.00505660613999, 0.00191244657617, 0.000368230306776, 0.000151210493641, 1.67147391039e-05, 2.63848119175e-06, 3.41658460457e-06, 4.61116042061e-06],
        "var": [0.0335995294154, 5.42952489853, 27.0101718903, 259.195922852, 86.1776733398, 78.8765945435, 377.827667236, 451.536987305, 197.580947876, 2224.70605469, 45462, 60278.21875, 72668, 4538.81005859, 6316.19482422, 17005.671875, 19438.6894531, 25355.3183594, 3413.21801758, 798.84564209, 360.703796387, 85.2232894897, 34.2576332092, 13.2665309906, 77.2797241211, 149.149520874, 54.3875236511, 34.7465209961, 40.7289085388, 8.57990646362, 9.88800048828, 10.5956687927, 6.84986162186, 5.21179485321, 0.960574686527, 0.162340939045, 0.0122707560658, 9.17640281841e-05, 3.08174001873e-08, 6.30390906142e-10]
    },
    "gfcc": {
        "mean": [12.3116521835, 101.943061829, -111.554885864, 19.9744148254, -64.8383483887, 25.4000930786, -36.1415634155, 9.02924633026, -24.1794834137, 11.7465906143, -21.7084102631, -7.01084423065, -11.2661352158],
        "cov": [[1311.24206543, -495.99331665, 1.03252196312, 94.5048217773, -68.5480499268, 144.844772339, 108.905334473, 69.584526062, -60.7631340027, 78.8839187622, -71.904045105, -35.4164009094, -90.3198471069], [-495.99331665, 638.164123535, -12.4160289764, 3.74277663231, 180.540390015, -9.67931365967, 115.795402527, 2.49056363106, 116.153274536, -24.1885681152, 75.7826690674, -1.84222757816, 83.0222549438], [1.03252196312, -12.4160289764, 445.593688965, 154.923858643, 122.660079956, 57.0274887085, -41.8975715637, 84.6046066284, 29.693189621, 22.0966110229, -11.8259372711, 52.9502449036, -25.3725624084], [94.5048217773, 3.74277663231, 154.923858643, 393.088806152, 80.2301025391, 23.612859726, -69.2567977905, 12.4309825897, 76.5596084595, -33.6731185913, -0.797946989536, -39.4344482422, 8.7710313797], [-68.5480499268, 180.540390015, 122.660079956, 80.2301025391, 246.700271606, 59.7277793884, 26.1896648407, 55.9947814941, 64.0098648071, 46.938747406, 13.6560773849, 23.2748336792, 19.572725296], [144.844772339, -9.67931365967, 57.0274887085, 23.612859726, 59.7277793884, 148.532852173, 78.9303817749, 27.1604766846, -0.321062296629, 12.687669754, 16.5336608887, 11.0921268463, -3.76492667198], [108.905334473, 115.795402527, -41.8975715637, -69.2567977905, 26.1896648407, 78.9303817749, 234.305007935, 61.9754905701, 14.3286027908, 1.86331069469, 1.32299613953, -8.86194324493, 0.707547426224], [69.584526062, 2.49056363106, 84.6046066284, 12.4309825897, 55.9947814941, 27.1604766846, 61.9754905701, 134.865524292, 63.2896614075, 30.7350063324, -16.6262264252, -7.67230367661, 2.87571024895], [-60.7631340027, 116.153274536, 29.693189621, 76.5596084595, 64.0098648071, -0.321062296629, 14.3286027908, 63.2896614075, 156.111297607, 31.7085723877, -7.06871461868, -28.8145771027, 18.6580142975], [78.8839187622, -24.1885681152, 22.0966110229, -33.6731185913, 46.938747406, 12.687669754, 1.86331069469, 30.7350063324, 31.7085723877, 115.117492676, 14.6122665405, 10.681186676, -4.66173839569], [-71.904045105, 75.7826690674, -11.8259372711, -0.797946989536, 13.6560773849, 16.5336608887, 1.32299613953, -16.6262264252, -7.06871461868, 14.6122665405, 93.2278671265, 32.4603309631, 14.0112581253], [-35.4164009094, -1.84222757816, 52.9502449036, -39.4344482422, 23.2748336792, 11.0921268463, -8.86194324493, -7.67230367661, -28.8145771027, 10.681186676, 32.4603309631, 104.198913574, 21.93800354], [-90.3198471069, 83.0222549438, -25.3725624084, 8.7710313797, 19.572725296, -3.76492667198, 0.707547426224, 2.87571024895, 18.6580142975, -4.66173839569, 14.0112581253, 21.93800354, 88.4590606689]],
        "icov": [[0.00171332107857, 0.00119544100016, 0.000520769797731, -0.00110481784213, 0.000165993347764, -0.000863911525812, -0.0013025845401, -0.000323058891809, 0.000626144174021, -0.00143904844299, 0.000751701416448, -0.000189035679796, 0.000553648336791], [0.00119544100016, 0.00686980504543, -0.00132888602093, 0.00144791568164, -0.00509860226884, 0.00348657020368, -0.00519401580095, 0.00464667007327, -0.00428826874122, 0.00324214622378, -0.00523351924494, 0.00326619460247, -0.0034904263448], [0.000520769797731, -0.00132888602093, 0.00506948726252, -0.00259713246487, 0.000542863795999, -0.00248338421807, 0.00221674377099, -0.00452606938779, 0.00215346948244, -0.00158036907669, 0.00302066002041, -0.004316738341, 0.00344872707501], [-0.00110481784213, 0.00144791568164, -0.00259713246487, 0.00602550292388, -0.00284429593012, 0.00107388116885, 0.000682421261445, 0.00297424662858, -0.00411365926266, 0.00466836616397, -0.00364706339315, 0.00411255843937, -0.00258503947407], [0.000165993347764, -0.00509860226884, 0.000542863795999, -0.00284429593012, 0.0107348104939, -0.00509137380868, 0.00311612850055, -0.00456001423299, 0.00266177859157, -0.0056651881896, 0.00493472022936, -0.00401255860925, 0.00227737287059], [-0.000863911525812, 0.00348657020368, -0.00248338421807, 0.00107388116885, -0.00509137380868, 0.01336001046, -0.00618063379079, 0.00388821098022, -0.00194839329924, 0.0027157315053, -0.00567916687578, 0.00238915975206, -0.00249386369251], [-0.0013025845401, -0.00519401580095, 0.00221674377099, 0.000682421261445, 0.00311612850055, -0.00618063379079, 0.0113402511925, -0.0068793152459, 0.00259280437604, -0.000206763390452, 0.00321313948371, -0.00180897011887, 0.00267526716925], [-0.000323058891809, 0.00464667007327, -0.00452606938779, 0.00297424662858, -0.00456001423299, 0.00388821098022, -0.0068793152459, 0.0176489539444, -0.00803212728351, 0.00179849914275, -0.00303838937543, 0.00418352102861, -0.00439564604312], [0.000626144174021, -0.00428826874122, 0.00215346948244, -0.00411365926266, 0.00266177859157, -0.00194839329924, 0.00259280437604, -0.00803212728351, 0.0146693158895, -0.00628070486709, 0.00471488153562, -0.000284120033029, 0.00115666002966], [-0.00143904844299, 0.00324214622378, -0.00158036907669, 0.00466836616397, -0.0056651881896, 0.0027157315053, -0.000206763390452, 0.00179849914275, -0.00628070486709, 0.015876647085, -0.00677509466186, 0.00228017079644, -0.00144704035483], [0.000751701416448, -0.00523351924494, 0.00302066002041, -0.00364706339315, 0.00493472022936, -0.00567916687578, 0.00321313948371, -0.00303838937543, 0.00471488153562, -0.00677509466186, 0.0192939527333, -0.00788526237011, 0.00319491676055], [-0.000189035679796, 0.00326619460247, -0.004316738341, 0.00411255843937, -0.00401255860925, 0.00238915975206, -0.00180897011887, 0.00418352102861, -0.000284120033029, 0.00228017079644, -0.00788526237011, 0.0177569445223, -0.00701111136004], [0.000553648336791, -0.0034904263448, 0.00344872707501, -0.00258503947407, 0.00227737287059, -0.00249386369251, 0.00267526716925, -0.00439564604312, 0.00115666002966, -0.00144704035483, 0.00319491676055, -0.00701111136004, 0.0168153196573]]
    },
    "melbands": {
        "dmean": [0.00099638174288, 0.00154402363114, 0.00109175569378, 0.000263328605797, 0.000251435587415, 0.000173685577465, 8.5553379904e-05, 0.000198825669941, 0.000475325039588, 0.000368150445865, 0.000252590718446, 7.63659700169e-05, 4.75983033539e-05, 8.24821909191e-05, 6.89809967298e-05, 9.35636489885e-05, 7.88221223047e-05, 3.53574469045e-05, 1.58331513376e-05, 8.69561426953e-06, 6.49987896395e-06, 4.48995751867e-06, 3.86503552363e-06, 2.26478755394e-06, 1.4116450302e-06, 1.69217992152e-06, 3.74485716748e-06, 2.83220833808e-06, 2.0186985239e-06, 1.4005495359e-06, 1.48085064211e-06, 1.56619603331e-06, 9.65398612607e-07, 6.26826818007e-07, 5.76014656417e-07, 5.73916963731e-07, 5.74160480937e-07, 5.72327564896e-07, 5.30569195689e-07, 5.08702044044e-07],
        "dmean2": [0.0016193210613, 0.00275863008574, 0.00174763717223, 0.000440490606707, 0.000403531332267, 0.000278159976006, 0.000136722112074, 0.000306787405862, 0.000709235202521, 0.000542976544239, 0.000345745385857, 9.96207527351e-05, 6.7270033469e-05, 0.000123302612337, 0.000102656282252, 0.000132994871819, 0.000114249880426, 5.18303604622e-05, 2.4033635782e-05, 1.41055634231e-05, 1.05638337118e-05, 7.32224043531e-06, 6.33232548353e-06, 3.55230099558e-06, 2.29035231314e-06, 2.68729604613e-06, 5.89471164858e-06, 4.35873653259e-06, 3.14586168315e-06, 2.17754018195e-06, 2.25860208047e-06, 2.38373695538e-06, 1.50338303229e-06, 1.00068928077e-06, 9.02046963347e-07, 8.74024692621e-07, 8.68719098435e-07, 9.16018677799e-07, 8.53924518651e-07, 7.96027563865e-07],
        "dvar": [4.33404920841e-06, 1.25953474708e-05, 5.50506092623e-06, 1.7194312818e-07, 1.71557360318e-07, 1.19184846881e-07, 2.11327702004e-08, 2.39192416984e-07, 1.04652019672e-06, 9.45339024838e-07, 4.7186463803e-07, 2.79809988513e-08, 4.95600787076e-08, 5.73134393278e-08, 3.82001523747e-08, 5.38976969722e-08, 3.34619549847e-08, 6.8672565412e-09, 1.53038159922e-09, 8.59296411804e-10, 4.11503414677e-10, 7.34763222487e-11, 4.89814334925e-11, 1.66108654609e-11, 5.65328166224e-12, 1.0534957455e-11, 8.25499876789e-11, 2.94807442347e-11, 1.24436615526e-11, 5.32445441903e-12, 5.67883153696e-12, 7.58485288466e-12, 2.69733779583e-12, 1.57975477318e-12, 2.08623049391e-12, 2.86385411913e-12, 2.57083460423e-12, 2.26768972524e-12, 2.15161113752e-12, 4.10744658771e-12],
        "dvar2": [1.1560886378e-05, 3.62491882697e-05, 1.26384084069e-05, 4.47233134082e-07, 3.82555839451e-07, 3.05569756165e-07, 5.16281559726e-08, 5.35998651685e-07, 2.22853782361e-06, 2.08228402698e-06, 8.59725446389e-07, 4.97878041017e-08, 1.00119677882e-07, 1.22611467646e-07, 8.94194371881e-08, 1.0640535919e-07, 6.97407003258e-08, 1.3680982569e-08, 3.22532778263e-09, 2.12605333338e-09, 8.30573498867e-10, 1.7907729466e-10, 1.20544352278e-10, 3.82817284816e-11, 1.34711538799e-11, 2.36956895078e-11, 1.93934091008e-10, 7.06690053698e-11, 2.86914728087e-11, 1.21569455891e-11, 1.1697886583e-11, 1.72650886643e-11, 6.62247036723e-12, 3.79534251249e-12, 5.12039759551e-12, 6.83718186234e-12, 5.83991405581e-12, 5.22518616916e-12, 5.13155013274e-12, 9.98878844222e-12],
        "max": [0.0169278737158, 0.0244410783052, 0.0192464757711, 0.0056718881242, 0.00675093568861, 0.00720271607861, 0.00240031583235, 0.00698477821425, 0.0114814722911, 0.0169938206673, 0.0119107766077, 0.00244181649759, 0.00762841710821, 0.00485600018874, 0.00328120100312, 0.00412322161719, 0.00294823385775, 0.00122995849233, 0.000834129634313, 0.000686692423187, 0.000512261176482, 0.000158639086294, 0.000122634752188, 5.51714292669e-05, 3.769245086e-05, 5.86366768403e-05, 0.000176440589712, 8.17277032183e-05, 4.67069075967e-05, 4.1836166929e-05, 2.97160531773e-05, 3.73954098905e-05, 2.29293964367e-05, 1.7661948732e-05, 3.13091986754e-05, 4.00001117669e-05, 3.93541049561e-05, 2.25437524932e-05, 2.73426503554e-05, 5.26745825482e-05],
        "mean": [0.00136078428477, 0.00190814700909, 0.00129586621188, 0.000409230968216, 0.000461412564619, 0.000328717025695, 0.000195973407244, 0.000376969401259, 0.000897867954336, 0.000680938188452, 0.000555114471354, 0.00014260673197, 7.52334017307e-05, 0.000140824442497, 0.00011768960394, 0.000137716240715, 0.000136970178573, 5.39779539395e-05, 2.56497842201e-05, 1.34831843752e-05, 1.04224709503e-05, 7.40217001294e-06, 6.22698917141e-06, 3.68912924387e-06, 2.35048901231e-06, 2.90930597657e-06, 5.61168872082e-06, 4.80890048493e-06, 3.68652331417e-06, 2.58978730017e-06, 2.63341553364e-06, 2.81544475911e-06, 1.70320060988e-06, 1.06512413822e-06, 9.33745241127e-07, 9.41414270983e-07, 9.35967648275e-07, 8.81101129835e-07, 7.81852065757e-07, 6.88658133186e-07],
        "median": [0.000810307450593, 0.0013524799142, 0.000566798786167, 0.000254004844464, 0.000267388677457, 0.000190098275198, 0.000123531935969, 0.000124094833154, 0.00016814020637, 0.000126308048493, 7.46673249523e-05, 3.78767399525e-05, 1.69901923073e-05, 3.03241558868e-05, 2.85316637019e-05, 3.73498951376e-05, 3.63809012924e-05, 1.78533191502e-05, 1.18850794024e-05, 7.13566441846e-06, 6.17598016106e-06, 4.4580233407e-06, 3.64366064787e-06, 2.04831098927e-06, 1.24642451738e-06, 1.43191459756e-06, 2.22757694246e-06, 2.3852871891e-06, 1.78185257482e-06, 1.41213035931e-06, 1.40917370572e-06, 1.51727044795e-06, 8.49477828524e-07, 4.8337062708e-07, 4.20324681727e-07, 4.24868176196e-07, 4.1451212951e-07, 3.6141781834e-07, 2.88993845743e-07, 2.27250140483e-07],
        "min": [5.42764666989e-07, 3.65015762327e-06, 5.4740298765e-06, 9.55842187977e-06, 7.67465553508e-06, 3.24727852785e-06, 6.20430091658e-06, 1.37530389566e-06, 3.09914798891e-06, 3.9841825128e-07, 2.46404306381e-06, 6.73448766975e-07, 8.56129645399e-07, 1.06549146039e-06, 5.58742385692e-07, 1.45629587678e-06, 6.17859996055e-07, 8.17864474811e-07, 6.77541208915e-07, 5.25893995018e-07, 3.66890731129e-07, 2.60597772694e-07, 1.17632083629e-07, 6.39097592625e-08, 5.36586206579e-08, 2.5923478475e-08, 1.11001924097e-07, 4.2392784394e-08, 5.3912366127e-08, 5.12787181606e-08, 2.43687150459e-08, 2.50156073633e-08, 1.36719631172e-08, 1.07836735097e-08, 5.29604848865e-09, 1.56453905387e-09, 4.02758315587e-09, 2.90119084312e-09, 4.21034496156e-09, 2.81635001778e-12],
