{
"highlevel": {
    "danceability": {
        "all": {
            "danceable": 0.0439337864518,
            "not_danceable": 0.956066191196
        },
        "probability": 0.956066191196,
        "value": "not_danceable"
    },
    "gender": {
        "all": {
            "female": 0.450497359037,
            "male": 0.549502670765
        },
        "probability": 0.549502670765,
        "value": "male"
    },
    "genre_dortmund": {
        "all": {
            "alternative": 0.223790064454,
            "blues": 0.0426234640181,
            "electronic": 0.0887334421277,
            "folkcountry": 0.118137672544,
            "funksoulrnb": 0.0084269810468,
            "jazz": 0.0260230954736,
            "pop": 0.0286530312151,
            "raphiphop": 0.00165561714675,
            "rock": 0.461956650019
        },
        "probability": 0.461956650019,
        "value": "rock"
    },
    "genre_electronic": {
        "all": {
            "ambient": 0.837872505188,
            "dnb": 0.105157867074,
            "house": 0.0144201219082,
            "techno": 0.00164722045884,
            "trance": 0.0409022606909
        },
        "probability": 0.837872505188,
        "value": "ambient"
    },
    "genre_rosamerica": {
        "all": {
            "cla": 0.222085058689,
            "dan": 0.0266588032246,
            "hip": 0.0259401854128,
            "jaz": 0.0740524157882,
            "pop": 0.150311797857,
            "rhy": 0.0929480865598,
            "roc": 0.384170502424,
            "spe": 0.0238331481814
        },
        "probability": 0.384170502424,
        "value": "roc"
    },
    "genre_tzanetakis": {
        "all": {
            "blu": 0.0626613423228,
            "cla": 0.0348169617355,
            "cou": 0.104475811124,
            "dis": 0.0784321576357,
            "hip": 0.15692435205,
            "jaz": 0.313974827528,
            "met": 0.0448166541755,
            "pop": 0.0627359300852,
            "reg": 0.0627360641956,
            "roc": 0.0784258767962
        },
        "probability": 0.313974827528,
        "value": "jaz"
    },
    "ismir04_rhythm": {
        "all": {
            "ChaChaCha": 0.00269910204224,
            "Jive": 0.0649775639176,
            "Quickstep": 0.00781437940896,
            "Rumba-American": 0.00304908957332,
            "Rumba-International": 0.00636282190681,
            "Rumba-Misc": 0.0010690165218,
            "Samba": 0.00568338762969,
            "Tango": 0.0146261854097,
            "VienneseWaltz": 0.876918077469,
            "Waltz": 0.0168003700674
        },
        "probability": 0.876918077469,
        "value": "VienneseWaltz"
    },
    "mood_acoustic": {
        "all": {
            "acoustic": 0.119202084839,
            "not_acoustic": 0.880797922611
        },
        "probability": 0.880797922611,
        "value": "not_acoustic"
    },
    "mood_aggressive": {
        "all": {
            "aggressive": 0.491647958755,
            "not_aggressive": 0.508352041245
        },
        "probability": 0.508352041245,
        "value": "not_aggressive"
    },
    "mood_electronic": {
        "all": {
            "electronic": 0.173283711076,
            "not_electronic": 0.826716303825
        },
        "probability": 0.826716303825,
        "value": "not_electronic"
    },
    "mood_happy": {
        "all": {
            "happy": 0.887994349003,
            "not_happy": 0.112005665898
        },
        "probability": 0.887994349003,
        "value": "happy"
    },
    "mood_party": {
        "all": {
            "not_party": 0.632327198982,
            "party": 0.367672801018
        },
        "probability": 0.632327198982,
        "value": "not_party"
    },
    "mood_relaxed": {
        "all": {
            "not_relaxed": 0.94408416748,
            "relaxed": 0.0559158362448
        },
        "probability": 0.94408416748,
        "value": "not_relaxed"
    },
    "mood_sad": {
        "all": {
            "not_sad": 0.875425338745,
            "sad": 0.124574646354
        },
        "probability": 0.875425338745,
        "value": "not_sad"
    },
    "moods_mirex": {
        "all": {
            "Cluster1": 0.172843456268,
            "Cluster2": 0.0966463461518,
            "Cluster3": 0.310702860355,
            "Cluster4": 0.304766029119,
            "Cluster5": 0.115041308105
        },
        "probability": 0.310702860355,
        "value": "Cluster3"
    },
    "timbre": {
        "all": {
            "bright": 0.942276060581,
            "dark": 0.0577239394188
        },
        "probability": 0.942276060581,
        "value": "bright"
    },
    "tonal_atonal": {
        "all": {
            "atonal": 0.000456062960438,
            "tonal": 0.999543964863
        },
        "probability": 0.999543964863,
        "value": "tonal"
    },
    "voice_instrumental": {
        "all": {
            "instrumental": 0.41146722436,
            "voice": 0.588532805443
        },
        "probability": 0.588532805443,
        "value": "voice"
    }
},
"lowlevel": {
    "average_loudness": 0.95448333025,
    "barkbands_crest": {
        "dmean": 2.07605695724,
        "dmean2": 3.43190836906,
        "dvar": 3.29191350937,
        "dvar2": 8.63873004913,
        "max": 18.9632968903,
        "mean": 7.6305680275,
        "median": 7.16469192505,
        "min": 2.61318802834,
        "var": 6.61267614365
    },
    "barkbands_flatness_db": {
        "dmean": 0.0158871319145,
        "dmean2": 0.0240054819733,
        "dvar": 0.000201126618776,
        "dvar2": 0.000427035469329,
        "max": 0.256115108728,
        "mean": 0.165064617991,
        "median": 0.162505164742,
        "min": 0.0849003940821,
        "var": 0.000686575076543
    },
    "barkbands_kurtosis": {
        "dmean": 0.812267661095,
        "dmean2": 1.30861222744,
        "dvar": 1.21833956242,
        "dvar2": 2.96721959114,
        "max": 11.9080810547,
        "mean": -0.0594243556261,
        "median": -0.455668210983,
        "min": -1.76654326916,
        "var": 1.8602296114
    },
    "barkbands_skewness": {
        "dmean": 0.395967453718,
        "dmean2": 0.602599442005,
        "dvar": 0.121476247907,
        "dvar2": 0.264459371567,
        "max": 3.17660522461,
        "mean": 0.537308752537,
        "median": 0.493708699942,
        "min": -1.0813627243,
        "var": 0.392896354198
    },
    "barkbands_spread": {
        "dmean": 3.46145224571,
        "dmean2": 5.38746213913,
        "dvar": 11.2160186768,
        "dvar2": 25.7465724945,
        "max": 41.7813034058,
        "mean": 18.4907608032,
        "median": 18.1861476898,
        "min": 5.24728298187,
        "var": 29.9561634064
    },
    "dissonance": {
        "dmean": 0.0186686422676,
        "dmean2": 0.0316256023943,
        "dvar": 0.000272796285572,
        "dvar2": 0.000774098618422,
        "max": 0.499251484871,
        "mean": 0.466943114996,
        "median": 0.471478432417,
        "min": 0.381536066532,
        "var": 0.000459884409793
    },
    "dynamic_complexity": 1.50393497944,
    "erbbands_crest": {
        "dmean": 2.93801236153,
        "dmean2": 4.71911239624,
        "dvar": 7.94904708862,
        "dvar2": 19.1997699738,
        "max": 27.4421386719,
        "mean": 10.1001281738,
        "median": 9.27113342285,
        "min": 3.47155976295,
        "var": 16.7782287598
    },
    "erbbands_flatness_db": {
        "dmean": 0.0162400044501,
        "dmean2": 0.0239852238446,
        "dvar": 0.000215266874875,
        "dvar2": 0.000453107670182,
        "max": 0.293959677219,
        "mean": 0.214101716876,
        "median": 0.21549654007,
        "min": 0.101868785918,
        "var": 0.000862772052642
    },
    "erbbands_kurtosis": {
        "dmean": 0.845327198505,
        "dmean2": 1.3242020607,
        "dvar": 0.907910823822,
        "dvar2": 2.06653094292,
        "max": 13.7431297302,
        "mean": 0.645360648632,
        "median": 0.352619171143,
        "min": -1.3223760128,
        "var": 1.90935230255
    },
    "erbbands_skewness": {
        "dmean": 0.335278570652,
        "dmean2": 0.523250937462,
        "dvar": 0.0916851088405,
        "dvar2": 0.234043374658,
        "max": 1.58814501762,
        "mean": -0.254496783018,
        "median": -0.235431417823,
        "min": -2.58828163147,
        "var": 0.310776114464
    },
    "erbbands_spread": {
        "dmean": 4.36429452896,
        "dmean2": 6.72447633743,
        "dvar": 15.3635425568,
        "dvar2": 35.7297286987,
        "max": 44.3316917419,
        "mean": 20.9767837524,
        "median": 20.365152359,
        "min": 6.54277467728,
        "var": 47.6860160828
    },
    "hfc": {
        "dmean": 7.70348787308,
        "dmean2": 10.9847764969,
        "dvar": 81.3178482056,
        "dvar2": 167.629119873,
        "max": 106.054000854,
        "mean": 23.8846855164,
        "median": 19.6855926514,
        "min": 2.2278213501,
        "var": 246.12210083
    },
    "melbands_crest": {
        "dmean": 2.86548709869,
        "dmean2": 4.56296539307,
        "dvar": 5.71637582779,
        "dvar2": 15.2068710327,
        "max": 25.2396831512,
        "mean": 11.3146266937,
        "median": 10.8277235031,
        "min": 3.97053813934,
        "var": 15.6096019745
    },
    "melbands_flatness_db": {
        "dmean": 0.0208920855075,
        "dmean2": 0.0303080826998,
        "dvar": 0.000354568677722,
        "dvar2": 0.000718757568393,
        "max": 0.33075299859,
        "mean": 0.211134061217,
        "median": 0.207353338599,
        "min": 0.0888162478805,
        "var": 0.00142972392496
    },
    "melbands_kurtosis": {
        "dmean": 1.804448843,
        "dmean2": 2.84571218491,
        "dvar": 6.26688575745,
        "dvar2": 14.9610614777,
        "max": 30.1964263916,
        "mean": 1.76178753376,
        "median": 0.828260660172,
        "min": -1.74515032768,
        "var": 10.4082431793
    },
    "melbands_skewness": {
        "dmean": 0.485472261906,
        "dmean2": 0.74280411005,
        "dvar": 0.190385356545,
        "dvar2": 0.433258026838,
        "max": 4.65842342377,
        "mean": 1.23462486267,
        "median": 1.15881860256,
        "min": -0.670718729496,
        "var": 0.608341753483
    },
    "melbands_spread": {
        "dmean": 6.09638834,
        "dmean2": 9.0726890564,
        "dvar": 34.89012146,
        "dvar2": 81.9752044678,
        "max": 71.7190856934,
        "mean": 26.7146377563,
        "median": 25.7268981934,
        "min": 5.17354917526,
        "var": 99.1251983643
    },
    "pitch_salience": {
        "dmean": 0.0619671531022,
        "dmean2": 0.0996448248625,
        "dvar": 0.00264433096163,
        "dvar2": 0.0070307161659,
        "max": 0.804727673531,
        "mean": 0.571638584137,
        "median": 0.572880625725,
        "min": 0.309864640236,
        "var": 0.00732834683731
    },
    "silence_rate_20dB": {
        "dmean": 0,
        "dmean2": 0,
        "dvar": 0,
        "dvar2": 0,
        "max": 1,
        "mean": 1,
        "median": 1,
        "min": 1,
        "var": 0
    },
    "silence_rate_30dB": {
        "dmean": 0,
        "dmean2": 0,
        "dvar": 0,
        "dvar2": 0,
        "max": 1,
        "mean": 1,
        "median": 1,
        "min": 1,
        "var": 0
    },
    "silence_rate_60dB": {
        "dmean": 0,
        "dmean2": 0,
        "dvar": 0,
        "dvar2": 0,
        "max": 0,
        "mean": 0,
        "median": 0,
        "min": 0,
        "var": 0
    },
    "spectral_centroid": {
        "dmean": 188.647354126,
        "dmean2": 278.195617676,
        "dvar": 35198.109375,
        "dvar2": 76898.109375,
        "max": 2215.80664062,
        "mean": 1121.81616211,
        "median": 1098.52832031,
        "min": 398.50592041,
        "var": 96195.265625
    },
    "spectral_complexity": {
        "dmean": 3.73219823837,
        "dmean2": 5.45003890991,
        "dvar": 11.8075618744,
        "dvar2": 23.5797843933,
        "max": 45,
        "mean": 22.7865428925,
        "median": 22,
        "min": 8,
        "var": 32.1756019592
    },
    "spectral_decrease": {
        "dmean": 2.04136729742e-09,
        "dmean2": 3.12895243049e-09,
        "dvar": 5.039989552e-18,
        "dvar2": 1.15393746859e-17,
        "max": -7.60522422816e-10,
        "mean": -7.50573647679e-09,
        "median": -6.83388989842e-09,
        "min": -3.21442499285e-08,
        "var": 1.42071645103e-17
    },
    "spectral_energy": {
        "dmean": 0.00827560666949,
        "dmean2": 0.0125853847712,
        "dvar": 8.21922585601e-05,
        "dvar2": 0.000185683646123,
        "max": 0.129633724689,
        "mean": 0.0304947923869,
        "median": 0.0277057290077,
        "min": 0.00307245831937,
        "var": 0.000237544358242
    },
    "spectral_energyband_high": {
        "dmean": 6.72229652992e-05,
        "dmean2": 9.52857371885e-05,
        "dvar": 1.00197175001e-08,
        "dvar2": 2.13261248661e-08,
        "max": 0.00135220831726,
        "mean": 0.000143275407027,
        "median": 9.22789695323e-05,
        "min": 7.96599761088e-06,
        "var": 2.25735465875e-08
    },
    "spectral_energyband_low": {
        "dmean": 0.0036930500064,
        "dmean2": 0.00612295465544,
        "dvar": 2.11536134884e-05,
        "dvar2": 5.44589929632e-05,
        "max": 0.0449044406414,
        "mean": 0.00738769955933,
        "median": 0.00558306556195,
        "min": 0.000111473855213,
        "var": 4.34819739894e-05
    },
    "spectral_energyband_middle_high": {
        "dmean": 0.00435715029016,
        "dmean2": 0.00624873349443,
        "dvar": 2.48387041211e-05,
        "dvar2": 5.12013320986e-05,
        "max": 0.0615045614541,
        "mean": 0.0118528371677,
        "median": 0.00953200086951,
        "min": 0.000919403566513,
        "var": 7.6719581557e-05
    },
    "spectral_energyband_middle_low": {
        "dmean": 0.00451632449403,
        "dmean2": 0.00719494698569,
        "dvar": 2.87655584543e-05,
        "dvar2": 7.2803668445e-05,
        "max": 0.0745368525386,
        "mean": 0.0129539789632,
        "median": 0.0113184256479,
        "min": 0.000815593230072,
        "var": 6.1320621171e-05
    },
    "spectral_entropy": {
        "dmean": 0.122618190944,
        "dmean2": 0.174889311194,
        "dvar": 0.0120580662042,
        "dvar2": 0.024541337043,
        "max": 8.19385147095,
        "mean": 7.31222963333,
        "median": 7.31933736801,
        "min": 6.60994958878,
        "var": 0.0452277772129
    },
    "spectral_flux": {
        "dmean": 0.022586222738,
        "dmean2": 0.0329233556986,
        "dvar": 0.000471752369776,
        "dvar2": 0.000949113804381,
        "max": 0.237207248807,
        "mean": 0.0898319110274,
        "median": 0.0842083245516,
        "min": 0.0284884832799,
        "var": 0.0012280769879
    },
    "spectral_kurtosis": {
        "dmean": 3.42501330376,
        "dmean2": 6.00075626373,
        "dvar": 10.3671855927,
        "dvar2": 31.002161026,
        "max": 26.2040271759,
        "mean": 8.2604637146,
        "median": 7.41430091858,
        "min": 0.66847038269,
        "var": 15.2376117706
    },
    "spectral_rms": {
        "dmean": 0.000729770050384,
        "dmean2": 0.00109169143252,
        "dvar": 5.19303625879e-07,
        "dvar2": 1.12427835575e-06,
        "max": 0.0112459743395,
        "mean": 0.00529097905383,
        "median": 0.00519903656095,
        "min": 0.00173133483622,
        "var": 1.75655122803e-06
    },
    "spectral_rolloff": {
        "dmean": 250.581314087,
        "dmean2": 410.631439209,
        "dvar": 122527.742188,
        "dvar2": 270491.375,
        "max": 7730.41992188,
        "mean": 1421.52160645,
        "median": 1421.19140625,
        "min": 193.798828125,
        "var": 238785.6875
    },
    "spectral_skewness": {
        "dmean": 0.325868487358,
        "dmean2": 0.549535989761,
        "dvar": 0.0826909542084,
        "dvar2": 0.238382965326,
        "max": 3.5056784153,
        "mean": 1.91545498371,
        "median": 1.86809670925,
        "min": 0.947825729847,
        "var": 0.15623664856
    },
    "spectral_spread": {
        "dmean": 248263.1875,
        "dmean2": 370465.09375,
        "dvar": 150956605440,
        "dvar2": 207587606528,
        "max": 12933006,
        "mean": 2594401.75,
        "median": 2492154.75,
        "min": 1487248.75,
        "var": 407528964096
    },
    "spectral_strongpeak": {
        "dmean": 1.15304267406,
        "dmean2": 1.98110949993,
        "dvar": 2.94838571548,
        "dvar2": 6.83089828491,
        "max": 14.1205282211,
        "mean": 1.55952560902,
        "median": 0.678073227406,
        "min": 0.0534931346774,
        "var": 3.74284648895
    },
    "zerocrossingrate": {
        "dmean": 0.00584236811846,
        "dmean2": 0.0069391913712,
        "dvar": 2.72995148407e-05,
        "dvar2": 3.58823454008e-05,
        "max": 0.1728515625,
        "mean": 0.0466299168766,
        "median": 0.0458984375,
        "min": 0.01611328125,
        "var": 0.000158770111739
    },
    "barkbands": {
        "dmean": [9.85832230072e-06, 0.00142441375647, 0.0022734310478, 0.00146048795432, 0.00197728420608, 0.00100570882205, 0.000469609803986, 0.000936494965572, 0.00130028871354, 0.0013246195158, 0.00122984475456, 0.000762602372561, 0.000735679524951, 0.000899362144992, 0.000967324245721, 0.000462184369098, 0.000564899528399, 0.000203703253646, 0.000104706123238, 3.69728768419e-05, 2.95681911666e-05, 1.14423964988e-05, 8.48917352414e-06, 8.54009340401e-06, 2.75437560049e-06, 2.80830704469e-06, 2.19211537811e-09],
        "dmean2": [1.5651628928e-05, 0.00229179463349, 0.0038302722387, 0.00249569723383, 0.00336099881679, 0.00160962366499, 0.000754217617214, 0.00145344820339, 0.00206373096444, 0.00214205053635, 0.00190120271873, 0.0011547030881, 0.00115113414358, 0.00140320986975, 0.0014084338909, 0.000727103906684, 0.000900177692529, 0.00031830050284, 0.000168906757608, 5.66999442526e-05, 4.55898916698e-05, 1.73712342075e-05, 1.24680891531e-05, 1.29130721689e-05, 3.92151059714e-06, 4.14875512433e-06, 3.37063843503e-09],
        "dvar": [1.50909826302e-10, 4.41208067059e-06, 8.87716487341e-06, 4.38329971075e-06, 6.86674366079e-06, 4.93754441777e-06, 6.13431268448e-07, 2.00437943931e-06, 8.54673908179e-06, 6.06870207776e-06, 2.89425997835e-06, 1.36026255859e-06, 1.4250665572e-06, 1.99870123652e-06, 5.59564568903e-06, 6.17315777163e-07, 2.86063118438e-06, 1.83492616657e-07, 3.75436322031e-08, 2.63156008096e-09, 2.04814432081e-09, 2.79182454932e-10, 3.14383352684e-10, 9.33387367397e-10, 1.30143937294e-10, 2.37419750526e-10, 8.27557595154e-16],
        "dvar2": [3.18066240013e-10, 1.10005366878e-05, 2.36366613535e-05, 1.22249502965e-05, 1.85387380043e-05, 1.31996157506e-05, 1.53936059633e-06, 4.74960233987e-06, 2.22217422561e-05, 1.55117922986e-05, 6.54048744764e-06, 2.87580087388e-06, 3.08220410261e-06, 4.34899675383e-06, 1.17165154734e-05, 1.39498172302e-06, 7.39796769267e-06, 4.54726176713e-07, 9.61605550742e-08, 5.94664673059e-09, 4.87451412567e-09, 6.30718310912e-10, 7.25387694356e-10, 2.34966202051e-09, 2.79267831083e-10, 5.06447328519e-10, 8.74793763886e-16],
        "max": [0.000202938361326, 0.0213191360235, 0.0298761036247, 0.0202740207314, 0.0267782248557, 0.057790517807, 0.0117740184069, 0.0183068681508, 0.0490401238203, 0.0411569401622, 0.0186210684478, 0.0142145073041, 0.0201562866569, 0.0186349917203, 0.0395435839891, 0.0114499814808, 0.0187047366053, 0.00678429938853, 0.00220058229752, 0.000531793397386, 0.000505443895236, 0.000239497472649, 0.000345367472619, 0.000590868410654, 0.000300058309222, 0.000382022466511, 1.01888940662e-06],
        "mean": [1.37998322316e-05, 0.00212388671935, 0.00403011310846, 0.00215438520536, 0.00324415508658, 0.00189114594832, 0.000840157503262, 0.00168056844268, 0.00217963661999, 0.00208573834971, 0.0022178562358, 0.00144087930676, 0.00117010099348, 0.00160270836204, 0.00168240931816, 0.000769423146266, 0.00069687695941, 0.000341214559739, 0.000155434347107, 5.88407165196e-05, 5.38062995474e-05, 2.33655464399e-05, 1.58546299645e-05, 1.40618112709e-05, 4.43627868663e-06, 3.94445669372e-06, 1.86636350819e-09],
        "median": [9.51868059929e-06, 0.00123202544637, 0.00237089581788, 0.00106797215994, 0.00234872940928, 0.00130018033087, 0.000515037041623, 0.000962653197348, 0.000832228979561, 0.000932081835344, 0.00113308383152, 0.000663747370709, 0.00062872923445, 0.000876340840477, 0.000517152657267, 0.000417833100073, 0.00029840823845, 0.000136739588925, 9.0560031822e-05, 3.6581990571e-05, 3.64440165868e-05, 1.41920736496e-05, 7.30942747396e-06, 5.20507046531e-06, 1.52771326611e-06, 4.60043935391e-07, 3.75164843636e-10],
        "min": [7.71105490571e-08, 1.332933698e-05, 1.05012368294e-05, 7.8740185927e-06, 9.22478502616e-05, 1.94763015315e-05, 2.87943748845e-05, 2.21494556172e-05, 2.56274397543e-05, 3.53719660779e-05, 2.16086464206e-05, 1.40350557558e-05, 3.07721929858e-05, 2.89532217721e-05, 1.59974388225e-05, 1.4288312741e-05, 1.2863520169e-05, 7.45391071177e-06, 8.19515935291e-06, 1.55355814968e-06, 3.43266992786e-06, 2.82271997776e-07, 3.79056899646e-07, 1.56909990778e-07, 6.92052914975e-10, 1.40375783914e-11, 1.14585016822e-11],
        "var": [2.2944959821e-10, 6.86355633661e-06, 2.08313849726e-05, 7.10847280061e-06, 8.65221591084e-06, 5.90922854826e-06, 1.23578502098e-06, 4.60736191599e-06, 1.35191321533e-05, 1.16555856948e-05, 7.138017736e-06, 3.82869757232e-06, 2.81400707536e-06, 4.49277513326e-06, 1.21934517665e-05, 1.35663833589e-06, 2.46134686677e-06, 3.90880785517e-07, 3.89646928056e-08, 3.9271674801e-09, 2.99169000684e-09, 7.0459205137e-10, 6.9671690639e-10, 1.36464106681e-09, 2.41693276504e-10, 3.05042768822e-10, 8.17520890004e-16]
    },
    "erbbands": {
        "dmean": [0.0228862371296, 0.401637017727, 2.12450385094, 3.93763947487, 6.11934900284, 7.12272930145, 5.54707241058, 9.85881900787, 7.56325340271, 11.6717758179, 21.7793140411, 30.3206653595, 42.7231674194, 36.5114440918, 40.061870575, 33.077419281, 32.3373413086, 43.0193748474, 34.2772483826, 48.8975791931, 20.0637016296, 33.7652664185, 14.2559890747, 7.20759677887, 3.33615899086, 1.7779365778, 1.36594557762, 0.941246569157, 0.43553468585, 0.303712397814, 0.230281278491, 0.212251886725, 0.115154266357, 0.0437681227922, 0.0149650070816, 0.0099513400346, 0.00631039217114, 0.000848862226121, 1.68579117599e-05, 1.00027009466e-05],
        "dmean2": [0.0348673798144, 0.660438001156, 3.57579660416, 6.59830379486, 10.4368610382, 12.0869045258, 9.47791385651, 15.6082839966, 11.7131643295, 18.2681732178, 34.5276031494, 48.5292015076, 68.1380310059, 57.3538970947, 61.7878684998, 48.7690658569, 50.6817588806, 67.0238342285, 50.6272315979, 72.291015625, 31.2766876221, 54.0321159363, 22.3178215027, 11.5420618057, 5.16191005707, 2.75115442276, 2.10227847099, 1.47645795345, 0.663374722004, 0.460351347923, 0.346368819475, 0.314482986927, 0.176781132817, 0.0634811073542, 0.0214430615306, 0.0156739614904, 0.00955440662801, 0.00129229470622, 2.49038748734e-05, 1.49152965605e-05],
        "dvar": [0.00112834991887, 0.337985932827, 7.44247198105, 28.8234634399, 62.1512184143, 115.745704651, 132.384887695, 410.142303467, 174.070480347, 317.154663086, 1324.84350586, 5365.203125, 7587.45605469, 3745.44726562, 3135.05810547, 2835.03637695, 2378.36669922, 4187.39599609, 3999.90673828, 12315.1396484, 1095.96484375, 11900.4462891, 899.956298828, 168.907989502, 26.2163581848, 6.40512657166, 3.5623896122, 2.10401105881, 0.453253924847, 0.243659332395, 0.289335906506, 0.463135093451, 0.205024644732, 0.0394453443587, 0.00281074480154, 0.00274782534689, 0.00139815488365, 2.07448847505e-05, 5.46411804692e-09, 1.26414129165e-10],
        "dvar2": [0.00251165311784, 0.854676187038, 19.9688453674, 74.5990142822, 171.99571228, 308.827056885, 373.531066895, 1063.45874023, 415.992889404, 767.60333252, 3245.61010742, 14513.4765625, 20176.1757812, 8945.96972656, 7385.92089844, 5570.44726562, 5311.51611328, 9498.17773438, 8700.37011719, 26231.8359375, 2524.38745117, 31118.5058594, 2230.06396484, 442.562011719, 60.6014060974, 14.7604207993, 8.07956981659, 5.13095998764, 1.09113240242, 0.543279647827, 0.621958196163, 1.10386562347, 0.499567270279, 0.0969479605556, 0.00498515600339, 0.0071033439599, 0.00304752402008, 4.75643792015e-05, 1.22197851837e-08, 2.80329648383e-10],
        "max": [0.35251969099, 5.95197963715, 29.1479969025, 58.6061248779, 99.3715820312, 111.787490845, 276.441619873, 500.405883789, 211.053451538, 271.08001709, 699.280212402, 1228.3717041, 1482.19274902, 629.010437012, 618.676452637, 718.836303711, 811.318664551, 884.901245117, 943.997497559, 1785.50366211, 556.637268066, 1227.20568848, 477.784912109, 156.435760498, 63.1292724609, 20.5488624573, 20.1277427673, 15.7191133499, 10.0258731842, 9.2895488739, 11.9811296463, 15.1899881363, 11.1609792709, 4.61652708054, 1.18946874142, 1.231159091, 0.980287313461, 0.111750364304, 0.00187691277824, 0.000178258022061],
        "mean": [0.0331477336586, 0.617136716843, 3.82942700386, 6.85464334488, 9.57352161407, 10.2589464188, 9.73910045624, 18.5785865784, 14.7908058167, 22.4063262939, 37.2162246704, 51.5233879089, 69.5062332153, 68.1908874512, 74.6720275879, 65.4076156616, 55.3196907043, 77.2015686035, 69.4995422363, 89.3647155762, 36.0547599792, 41.0233001709, 23.3945770264, 10.9363889694, 5.49497079849, 2.87500143051, 2.45644068718, 1.70318126678, 0.869156122208, 0.606601417065, 0.439003586769, 0.369480997324, 0.177479669452, 0.0654715001583, 0.024807298556, 0.0133132021874, 0.0081404550001, 0.00104829121847, 3.393894076e-05, 3.66497733921e-05],
        "median": [0.0188402161002, 0.363437324762, 2.48183083534, 3.44060540199, 6.49354839325, 6.43775510788, 7.2195982933, 11.6072034836, 8.63335227966, 12.6279697418, 23.2422599792, 23.1361923218, 30.6503658295, 33.1615867615, 43.0283851624, 30.1981067657, 34.0512619019, 50.1118736267, 32.5482521057, 30.1102275848, 22.1523170471, 17.4415855408, 10.0064144135, 6.31992197037, 3.51198220253, 1.76249754429, 1.71316492558, 1.08942627907, 0.510272264481, 0.320433080196, 0.20272000134, 0.143658146262, 0.0603913776577, 0.0235302541405, 0.00791794341058, 0.00280426815152, 0.00079588231165, 7.12927285349e-05, 1.74092292582e-05, 3.29792965204e-05],
        "min": [0.00025850959355, 0.00382394040935, 0.0305836219341, 0.136899739504, 0.199882537127, 0.322281450033, 0.297187507153, 0.186727628112, 0.564741969109, 0.384457290173, 0.842394292355, 0.81239336729, 0.847283899784, 1.46400713921, 1.62123024464, 0.9301648736, 1.59463584423, 2.33173489571, 1.93022787571, 0.935655593872, 1.04607534409, 0.919345974922, 0.681757211685, 0.433991312981, 0.352572619915, 0.12373983115, 0.153994321823, 0.0910020768642, 0.0201870705932, 0.0145350750536, 0.0071830577217, 0.00603035837412, 0.0013033017749, 0.000429056672147, 7.2831309808e-05, 1.19258538689e-05, 5.98671249463e-06, 1.28429201141e-06, 2.10943903767e-06, 3.703547236e-06],
        "var": [0.00165744055994, 0.528488099575, 15.8272657394, 65.8001708984, 89.6335830688, 132.544235229, 123.376159668, 621.299499512, 442.138061523, 820.781921387, 2181.18920898, 7168.73925781, 13924.0947266, 8085.34423828, 6838.15722656, 8750.77929688, 4517.30761719, 8086.95263672, 9907.38574219, 27911.1308594, 1970.34436035, 9712.44042969, 1787.99365234, 194.862197876, 34.2454986572, 9.22310161591, 5.56089639664, 3.31799221039, 1.01310288906, 0.69877487421, 0.602590620518, 0.762979030609, 0.287701845169, 0.0580754540861, 0.0063916365616, 0.0028692597989, 0.00164359889459, 2.38672273554e-05, 6.8608030368e-09, 3.76713771288e-10]
    },
    "gfcc": {
        "mean": [-3.72722220421, 144.523544312, -153.356796265, 18.4667034149, -45.1705589294, 12.6057662964, -33.4432563782, -1.22471320629, -18.4187793732, -9.25638771057, -14.9401340485, -8.99328994751, -7.11830377579],
        "cov": [[1411.46984863, -594.887268066, 62.9686965942, -46.0993270874, -15.7098340988, 89.5509109497, -71.7370147705, 145.775100708, -15.6907835007, 45.1981163025, -167.813873291, 126.289245605, -135.528900146], [-594.887268066, 580.502441406, -99.6831817627, 55.9831581116, 64.2943115234, -79.3115844727, 136.597579956, -93.1317367554, 23.9951324463, -71.4569015503, 127.445770264, -115.855262756, 99.4154205322], [62.9686965942, -99.6831817627, 307.11114502, -1.12450790405, 9.35093212128, 53.4830741882, -32.1434020996, 50.9424171448, -34.2800559998, 21.2637767792, -68.1152648926, 37.1556472778, -78.0557250977], [-46.0993270874, 55.9831581116, -1.12450790405, 175.903076172, 28.3310604095, 22.2562732697, 15.8428401947, -18.9516105652, 18.7402172089, -18.7433357239, 47.8689880371, -19.0273761749, 30.3841819763], [-15.7098340988, 64.2943115234, 9.35093212128, 28.3310604095, 126.206413269, 17.087688446, 25.1985397339, -3.84650802612, 7.93876695633, -6.81694126129, -7.69476747513, -7.1964597702, -2.24523329735], [89.5509109497, -79.3115844727, 53.4830741882, 22.2562732697, 17.087688446, 114.867172241, 24.1176795959, 20.2862014771, -9.74569320679, 17.5364284515, -9.24826335907, 7.77462244034, -11.1871480942], [-71.7370147705, 136.597579956, -32.1434020996, 15.8428401947, 25.1985397339, 24.1176795959, 122.659820557, 14.5466451645, -2.51770710945, -19.8521556854, 31.5532665253, -24.7044467926, 11.312456131], [145.775100708, -93.1317367554, 50.9424171448, -18.9516105652, -3.84650802612, 20.2862014771, 14.5466451645, 96.2583847046, 6.77168035507, 9.633685112, -27.9240150452, 25.4842605591, -30.9559612274], [-15.6907835007, 23.9951324463, -34.2800559998, 18.7402172089, 7.93876695633, -9.74569320679, -2.51770710945, 6.77168035507, 73.631187439, 14.9431314468, 9.11891174316, -16.5895652771, 14.8561639786], [45.1981163025, -71.4569015503, 21.2637767792, -18.7433357239, -6.81694126129, 17.5364284515, -19.8521556854, 9.633685112, 14.9431314468, 83.1812744141, 6.36539030075, 10.4942083359, -13.3399963379], [-167.813873291, 127.445770264, -68.1152648926, 47.8689880371, -7.69476747513, -9.24826335907, 31.5532665253, -27.9240150452, 9.11891174316, 6.36539030075, 111.400627136, -4.77980136871, 44.0675621033], [126.289245605, -115.855262756, 37.1556472778, -19.0273761749, -7.1964597702, 7.77462244034, -24.7044467926, 25.4842605591, -16.5895652771, 10.4942083359, -4.77980136871, 96.9401321411, -2.51935124397], [-135.528900146, 99.4154205322, -78.0557250977, 30.3841819763, -2.24523329735, -11.1871480942, 11.312456131, -30.9559612274, 14.8561639786, -13.3399963379, 44.0675621033, -2.51935124397, 91.6128540039]],
        "icov": [[0.00150324648712, 0.00111940200441, 0.000779122987296, -0.000537932035513, -0.000167019185028, -0.000143632947584, -0.000546530704014, -0.000661425467115, -7.73546998971e-05, -3.35434322096e-07, 0.00119411665946, -0.000917114317417, 0.00108658580575], [0.00111940200441, 0.0139681017026, -0.00597698241472, 0.00378553452902, -0.00576709862798, 0.00939943641424, -0.0117729287595, 0.00631661666557, -0.00312754279003, 0.00648353761062, -0.0106139844283, 0.0104473968968, -0.00841107591987], [0.000779122987296, -0.00597698241472, 0.00906509999186, -0.00379919190891, 0.00253133964725, -0.00618111621588, 0.00637353537604, -0.00502158561721, 0.00348383327946, -0.00417620362714, 0.00822048354894, -0.00708571029827, 0.00812361110002], [-0.000537932035513, 0.00378553452902, -0.00379919190891, 0.00988503638655, -0.00332600413822, 0.000723525765352, -0.0020893374458, 0.00278154341504, -0.00339242373593, 0.00534567190334, -0.00856303982437, 0.00535122910514, -0.00461979163811], [-0.000167019185028, -0.00576709862798, 0.00253133964725, -0.00332600413822, 0.0116053391248, -0.00465006241575, 0.00229020696133, -0.000992274144664, -0.000289722636808, -0.0027348655276, 0.00700603658333, -0.00551009178162, 0.0044967206195], [-0.000143632947584, 0.00939943641424, -0.00618111621588, 0.000723525765352, -0.00465006241575, 0.0185649842024, -0.0114999338984, 0.00404037022963, -9.82999481494e-05, 0.000711906643119, -0.00625627953559, 0.00750372698531, -0.00764516182244], [-0.000546530704014, -0.0117729287595, 0.00637353537604, -0.0020893374458, 0.00229020696133, -0.0114999338984, 0.0229243021458, -0.0105273444206, 0.00446660863236, -0.00193546642549, 0.00419166730717, -0.00514171365649, 0.00719051901251], [-0.000661425467115, 0.00631661666557, -0.00502158561721, 0.00278154341504, -0.000992274144664, 0.00404037022963, -0.0105273444206, 0.0198989696801, -0.00649753212929, 0.00301492377184, -0.00328068295494, 0.000932146620471, -0.00144486362115], [-7.73546998971e-05, -0.00312754279003, 0.00348383327946, -0.00339242373593, -0.000289722636808, -9.82999481494e-05, 0.00446660863236, -0.00649753212929, 0.0192625932395, -0.0065461602062, 0.00340607529506, 0.0013397767907, -0.00107168988325], [-3.35434322096e-07, 0.00648353761062, -0.00417620362714, 0.00534567190334, -0.0027348655276, 0.000711906643119, -0.00193546642549, 0.00301492377184, -0.0065461602062, 0.0197470355779, -0.0107402876019, 0.00501745985821, -0.00184849381912], [0.00119411665946, -0.0106139844283, 0.00822048354894, -0.00856303982437, 0.00700603658333, -0.00625627953559, 0.00419166730717, -0.00328068295494, 0.00340607529506, -0.0107402876019, 0.0272521302104, -0.0128918420523, 0.00533050484955], [-0.000917114317417, 0.0104473968968, -0.00708571029827, 0.00535122910514, -0.00551009178162, 0.00750372698531, -0.00514171365649, 0.000932146620471, 0.0013397767907, 0.00501745985821, -0.0128918420523, 0.0239504389465, -0.0114015163854], [0.00108658580575, -0.00841107591987, 0.00812361110002, -0.00461979163811, 0.0044967206195, -0.00764516182244, 0.00719051901251, -0.00144486362115, -0.00107168988325, -0.00184849381912, 0.00533050484955, -0.0114015163854, 0.0249315667897]]
    },
    "melbands": {
        "dmean": [0.000301280844724, 0.000889927148819, 0.000690085347742, 0.000482912582811, 0.000213046354474, 0.000212774422835, 0.000106241517642, 0.000144733523484, 0.000197471876163, 0.000192109393538, 0.000215480336919, 0.000147600032506, 0.000151854153955, 8.91407835297e-05, 7.01057360857e-05, 8.73457029229e-05, 8.67846538313e-05, 5.58943174838e-05, 9.09218724701e-05, 4.38797687821e-05, 2.09673125937e-05, 3.79707889806e-05, 1.86680172192e-05, 9.55676296144e-06, 6.32280170976e-06, 2.89185277325e-06, 1.75741217845e-06, 1.11295594252e-06, 9.34877505188e-07, 8.36559593154e-07, 4.80124867863e-07, 2.75718122111e-07, 1.93454653186e-07, 1.77529884127e-07, 1.3852468328e-07, 1.34341263447e-07, 1.41528431641e-07, 9.47753520109e-08, 5.12040614353e-08, 3.45209443253e-08],
        "dmean2": [0.000474623928312, 0.00149326922838, 0.00116563111078, 0.000828130228911, 0.000359525351087, 0.00033484341111, 0.000165446443134, 0.000226728268899, 0.000315451296046, 0.000306084082695, 0.000342626444763, 0.000232280159253, 0.000236385632888, 0.000134076690301, 0.000107610590931, 0.000135784721351, 0.000136430928251, 8.40986249386e-05, 0.000131507855258, 6.83159814798e-05, 3.28864662151e-05, 6.05764907959e-05, 3.02099288092e-05, 1.46309103002e-05, 1.03422344182e-05, 4.53439952253e-06, 2.76190644399e-06, 1.77540744062e-06, 1.47480841406e-06, 1.32603099701e-06, 7.71322731907e-07, 4.30445879829e-07, 2.92867213147e-07, 2.80774116845e-07, 2.10501326592e-07, 1.96409260411e-07, 2.18761854853e-07, 1.49354093537e-07, 7.63852980867e-08, 5.12190503343e-08],
        "dvar": [1.97429457671e-07, 1.29434579321e-06, 8.18613898446e-07, 4.42658091515e-07, 1.33205432462e-07, 1.82217121392e-07, 3.20222142136e-08, 5.33576987038e-08, 1.28156798951e-07, 2.19108969191e-07, 1.93473709942e-07, 6.10366441833e-08, 4.29541984204e-08, 1.83040924639e-08, 9.16391051931e-09, 2.39354367437e-08, 2.00529868266e-08, 1.0173682341e-08, 6.46347899647e-08, 5.66880897779e-09, 1.61229352091e-09, 1.39213467421e-08, 1.90113569332e-09, 4.74834616071e-10, 1.57452745286e-10, 2.98233694684e-11, 6.69187361774e-12, 2.636576504e-12, 1.5104777238e-12, 2.55169973692e-12, 5.56993307813e-13, 1.86764083474e-13, 8.29936095434e-14, 1.05649396295e-13, 1.14308736088e-13, 1.35701400204e-13, 2.22374188833e-13, 1.44137780596e-13, 5.40343594521e-14, 2.24227002254e-14],
        "dvar2": [4.79596565128e-07, 3.44436375599e-06, 2.18351806325e-06, 1.19526737308e-06, 3.63684137028e-07, 4.73551153846e-07, 7.77225181992e-08, 1.2809660177e-07, 3.28883203338e-07, 5.73633599288e-07, 5.12597182478e-07, 1.45225499182e-07, 9.91249748949e-08, 3.95632042682e-08, 2.05885424265e-08, 5.23154533028e-08, 4.55484574502e-08, 2.20036184828e-08, 1.33568789806e-07, 1.27544703687e-08, 3.8722314244e-09, 3.61285188433e-08, 4.93479834773e-09, 1.15709586357e-09, 4.20421225611e-10, 7.00104002549e-11, 1.53185155533e-11, 6.2112077634e-12, 3.4335574748e-12, 6.29256802914e-12, 1.42367248632e-12, 4.63922737032e-13, 1.80734035593e-13, 2.54953583202e-13, 2.54164202705e-13, 2.70921360433e-13, 5.71293771838e-13, 3.64642777778e-13, 1.26746229072e-13, 5.62110884369e-14],
        "max": [0.00419833417982, 0.0108510702848, 0.00925662554801, 0.00660711526871, 0.0081604924053, 0.0108102466911, 0.00273626949638, 0.00361245544627, 0.00693792290986, 0.00831698440015, 0.00753198703751, 0.0023490851745, 0.00255081313662, 0.00144442496821, 0.00107880763244, 0.00268594291992, 0.00202622753568, 0.00134545331821, 0.00436178175732, 0.0012176138116, 0.000646790955216, 0.00130160932895, 0.00045954369125, 0.000347214227077, 0.000158589318744, 8.42573354021e-05, 2.65844664682e-05, 1.34944612e-05, 1.28448746182e-05, 2.18366531044e-05, 1.07915575427e-05, 6.22693733021e-06, 3.52736788045e-06, 4.97387418363e-06, 7.39857750887e-06, 1.01215655377e-05, 8.82485255715e-06, 9.15916916711e-06, 5.82652592129e-06, 3.24084885506e-06],
        "mean": [0.000436762085883, 0.00164589530323, 0.00127630564384, 0.00073686579708, 0.000376628217055, 0.00040809539496, 0.00020540173864, 0.000271938275546, 0.000322710082401, 0.000321645056829, 0.000343098537996, 0.000262768764514, 0.000276637496427, 0.000170415689354, 0.00012303442054, 0.000135993133881, 0.00014865778212, 0.000102389174572, 0.000156577443704, 7.64366486692e-05, 3.4424043406e-05, 4.51446539955e-05, 2.58250947809e-05, 1.53113760462e-05, 8.59081683302e-06, 4.45366094937e-06, 2.73412388196e-06, 1.66876191088e-06, 1.60565537044e-06, 1.31889396471e-06, 8.51331037666e-07, 5.05147625063e-07, 3.74933364355e-07, 3.166036322e-07, 2.50307522265e-07, 2.28036384442e-07, 2.3127550719e-07, 1.38199951039e-07, 7.37987448929e-08, 4.83797322204e-08],
        "median": [0.000247032032348, 0.00114310265053, 0.000826979987323, 0.000524069590028, 0.000273619487416, 0.000261424575001, 0.000121173470689, 0.000142198201502, 0.00018885890313, 0.00012975896243, 0.000147216720507, 0.000122839905089, 0.000152653679834, 8.17343025119e-05, 6.7426932219e-05, 6.88506916049e-05, 8.76409758348e-05, 4.8736554163e-05, 3.85425373679e-05, 3.65132473235e-05, 1.97806475626e-05, 1.87961886695e-05, 1.07213545562e-05, 6.00228986514e-06, 4.60575574834e-06, 2.80363883576e-06, 1.6777358951e-06, 9.76468641056e-07, 1.11987685614e-06, 8.48267973197e-07, 5.21598281011e-07, 2.91933218932e-07, 1.99296167125e-07, 1.53011555426e-07, 1.15235238241e-07, 9.24176077888e-08, 8.71116654366e-08, 4.28947402042e-08, 2.36624906336e-08, 1.71665259785e-08],
        "min": [2.51769961324e-06, 1.27856119434e-05, 3.0025592423e-05, 2.01659095183e-05, 4.09257199863e-06, 3.73069497073e-06, 8.42522422317e-06, 5.09202072863e-06, 7.41401709092e-06, 5.11774396728e-06, 3.6158032799e-06, 4.06724575441e-06, 3.96500172428e-06, 1.59985597747e-06, 1.75796026269e-06, 3.67425855075e-06, 3.57163844455e-06, 2.92671143143e-06, 1.00914121504e-06, 9.13378357836e-07, 1.09656866698e-06, 7.88971817656e-07, 4.80177732243e-07, 3.46980328914e-07, 1.59609044204e-07, 1.66521715528e-07, 1.48085575802e-07, 5.47256675532e-08, 4.29909121635e-08, 7.5095790919e-08, 3.88015131136e-08, 8.4396027944e-09, 3.40296368861e-09, 5.18928455762e-09, 2.0603887485e-09, 2.28081442621e-09, 1.90329929595e-09, 7.77067632463e-10, 2.79357037503e-10, 1.00858106589e-11],
