{
"highlevel": {
    "danceability": {
        "all": {
            "danceable": 0.991282641888,
            "not_danceable": 0.00871734134853
        },
        "probability": 0.991282641888,
        "value": "danceable"
    },
    "gender": {
        "all": {
            "female": 0.703727602959,
            "male": 0.296272426844
        },
        "probability": 0.703727602959,
        "value": "female"
    },
    "genre_dortmund": {
        "all": {
            "alternative": 0.0186358522624,
            "blues": 0.028289726004,
            "electronic": 0.0357758924365,
            "folkcountry": 0.0485730729997,
            "funksoulrnb": 0.0116938678548,
            "jazz": 0.34184846282,
            "pop": 0.0200043190271,
            "raphiphop": 0.486647516489,
            "rock": 0.00853128638119
        },
        "probability": 0.486647516489,
        "value": "raphiphop"
    },
    "genre_electronic": {
        "all": {
            "ambient": 0.790823996067,
            "dnb": 0.0432514473796,
            "house": 0.0615039207041,
            "techno": 0.0195891018957,
            "trance": 0.0848315358162
        },
        "probability": 0.790823996067,
        "value": "ambient"
    },
    "genre_rosamerica": {
        "all": {
            "cla": 0.0761501789093,
            "dan": 0.0573049709201,
            "hip": 0.256847321987,
            "jaz": 0.18438796699,
            "pop": 0.0661395266652,
            "rhy": 0.310309499502,
            "roc": 0.0116218468174,
            "spe": 0.0372386910021
        },
        "probability": 0.310309499502,
        "value": "rhy"
    },
    "genre_tzanetakis": {
        "all": {
            "blu": 0.0626613423228,
            "cla": 0.0348169617355,
            "cou": 0.104475811124,
            "dis": 0.0784321576357,
            "hip": 0.15692435205,
            "jaz": 0.313974827528,
            "met": 0.0448166541755,
            "pop": 0.0627359300852,
            "reg": 0.0627360641956,
            "roc": 0.0784258767962
        },
        "probability": 0.313974827528,
        "value": "jaz"
    },
    "ismir04_rhythm": {
        "all": {
            "ChaChaCha": 0.373216480017,
            "Jive": 0.0262151360512,
            "Quickstep": 0.0342175103724,
            "Rumba-American": 0.0275183878839,
            "Rumba-International": 0.0751559585333,
            "Rumba-Misc": 0.0371221788228,
            "Samba": 0.101280115545,
            "Tango": 0.177510589361,
            "VienneseWaltz": 0.116154335439,
            "Waltz": 0.0316092893481
        },
        "probability": 0.373216480017,
        "value": "ChaChaCha"
    },
    "mood_acoustic": {
        "all": {
            "acoustic": 0.776129662991,
            "not_acoustic": 0.223870351911
        },
        "probability": 0.776129662991,
        "value": "acoustic"
    },
    "mood_aggressive": {
        "all": {
            "aggressive": 0.029775345698,
            "not_aggressive": 0.970224678516
        },
        "probability": 0.970224678516,
        "value": "not_aggressive"
    },
    "mood_electronic": {
        "all": {
            "electronic": 0.641712725163,
            "not_electronic": 0.358287274837
        },
        "probability": 0.641712725163,
        "value": "electronic"
    },
    "mood_happy": {
        "all": {
            "happy": 0.229565352201,
            "not_happy": 0.770434617996
        },
        "probability": 0.770434617996,
        "value": "not_happy"
    },
    "mood_party": {
        "all": {
            "not_party": 0.5,
            "party": 0.5
        },
        "probability": 0.5,
        "value": "not_party"
    },
    "mood_relaxed": {
        "all": {
            "not_relaxed": 0.188288420439,
            "relaxed": 0.811711609364
        },
        "probability": 0.811711609364,
        "value": "relaxed"
    },
    "mood_sad": {
        "all": {
            "not_sad": 0.330123007298,
            "sad": 0.669876992702
        },
        "probability": 0.669876992702,
        "value": "sad"
    },
    "moods_mirex": {
        "all": {
            "Cluster1": 0.100809112191,
            "Cluster2": 0.324014335871,
            "Cluster3": 0.265166401863,
            "Cluster4": 0.281293660402,
            "Cluster5": 0.0287164840847
        },
        "probability": 0.324014335871,
        "value": "Cluster2"
    },
    "timbre": {
        "all": {
            "bright": 0.129482656717,
            "dark": 0.870517373085
        },
        "probability": 0.870517373085,
        "value": "dark"
    },
    "tonal_atonal": {
        "all": {
            "atonal": 0.198120310903,
            "tonal": 0.801879703999
        },
        "probability": 0.801879703999,
        "value": "tonal"
    },
    "voice_instrumental": {
        "all": {
            "instrumental": 0.233134999871,
            "voice": 0.76686501503
        },
        "probability": 0.76686501503,
        "value": "voice"
    }
},
"lowlevel": {
    "average_loudness": 0.852319955826,
    "barkbands_crest": {
        "dmean": 3.10344576836,
        "dmean2": 4.7072467804,
        "dvar": 10.3052616119,
        "dvar2": 24.0534248352,
        "max": 26.7922916412,
        "mean": 14.5571107864,
        "median": 13.5823698044,
        "min": 3.47328901291,
        "var": 37.2727775574
    },
    "barkbands_flatness_db": {
        "dmean": 0.0326700136065,
        "dmean2": 0.0461040660739,
        "dvar": 0.0012311656028,
        "dvar2": 0.00233172252774,
        "max": 0.591688454151,
        "mean": 0.219436556101,
        "median": 0.206635981798,
        "min": 0.0741064026952,
        "var": 0.00554113136604
    },
    "barkbands_kurtosis": {
        "dmean": 14.6126375198,
        "dmean2": 22.1108417511,
        "dvar": 4044.07788086,
        "dvar2": 8951.19335938,
        "max": 1112.71105957,
        "mean": 16.7480430603,
        "median": 2.29346561432,
        "min": -1.94682967663,
        "var": 5107.42480469
    },
    "barkbands_skewness": {
        "dmean": 1.05796563625,
        "dmean2": 1.47460782528,
        "dvar": 3.70786190033,
        "dvar2": 7.6737909317,
        "max": 30.0127220154,
        "mean": 1.98045670986,
        "median": 1.37459135056,
        "min": -5.68027591705,
        "var": 9.38916969299
    },
    "barkbands_spread": {
        "dmean": 6.33326911926,
        "dmean2": 9.77884864807,
        "dvar": 81.1060943604,
        "dvar2": 176.95614624,
        "max": 114.027236938,
        "mean": 18.2817268372,
        "median": 14.6197357178,
        "min": 0.0747760534286,
        "var": 229.281799316
    },
    "dissonance": {
        "dmean": 0.0299188420177,
        "dmean2": 0.0489606484771,
        "dvar": 0.000800637702923,
        "dvar2": 0.00202838447876,
        "max": 0.499934464693,
        "mean": 0.44201540947,
        "median": 0.451895534992,
        "min": 0.218870177865,
        "var": 0.00213229563087
    },
    "dynamic_complexity": 2.85048103333,
    "erbbands_crest": {
        "dmean": 3.48609352112,
        "dmean2": 5.57562208176,
        "dvar": 9.48265266418,
        "dvar2": 23.0166988373,
        "max": 29.4715042114,
        "mean": 12.4503078461,
        "median": 12.1518287659,
        "min": 3.85118889809,
        "var": 21.5721149445
    },
    "erbbands_flatness_db": {
        "dmean": 0.0240992028266,
        "dmean2": 0.0354616232216,
        "dvar": 0.000501502014231,
        "dvar2": 0.00109968846664,
        "max": 0.429004460573,
        "mean": 0.213586032391,
        "median": 0.207220003009,
        "min": 0.0812745019794,
        "var": 0.00259029073641
    },
    "erbbands_kurtosis": {
        "dmean": 1.93771505356,
        "dmean2": 3.06417870522,
        "dvar": 11.6964445114,
        "dvar2": 28.9039020538,
        "max": 50.1788673401,
        "mean": 1.9176017046,
        "median": 0.825939416885,
        "min": -1.81236279011,
        "var": 16.3120307922
    },
    "erbbands_skewness": {
        "dmean": 0.582599341869,
        "dmean2": 0.858928620815,
        "dvar": 0.439981788397,
        "dvar2": 1.02082657814,
        "max": 5.40451478958,
        "mean": 0.442350536585,
        "median": 0.572221875191,
        "min": -5.09028577805,
        "var": 1.25155353546
    },
    "erbbands_spread": {
        "dmean": 9.19631958008,
        "dmean2": 14.2112550735,
        "dvar": 134.195739746,
        "dvar2": 316.118743896,
        "max": 172.379486084,
        "mean": 29.4922351837,
        "median": 26.2450218201,
        "min": 3.62235999107,
        "var": 350.316711426
    },
    "hfc": {
        "dmean": 8.81509494781,
        "dmean2": 13.1680927277,
        "dvar": 256.524475098,
        "dvar2": 615.491088867,
        "max": 141.789001465,
        "mean": 15.9425344467,
        "median": 10.6155757904,
        "min": 0.0908300876617,
        "var": 336.497283936
    },
    "melbands_crest": {
        "dmean": 3.3407292366,
        "dmean2": 4.8993396759,
        "dvar": 12.2401475906,
        "dvar2": 26.1765918732,
        "max": 35.3786048889,
        "mean": 19.3719024658,
        "median": 18.065870285,
        "min": 3.62643027306,
        "var": 59.9519691467
    },
    "melbands_flatness_db": {
        "dmean": 0.0379621498287,
        "dmean2": 0.0510709434748,
        "dvar": 0.00183525390457,
        "dvar2": 0.00335098872893,
        "max": 0.749749064445,
        "mean": 0.247064083815,
        "median": 0.226789817214,
        "min": 0.0341517142951,
        "var": 0.0113393133506
    },
    "melbands_kurtosis": {
        "dmean": 17.1394767761,
        "dmean2": 26.2831630707,
        "dvar": 2616.14575195,
        "dvar2": 5949.53613281,
        "max": 975.717590332,
        "mean": 24.2793960571,
        "median": 6.59230613708,
        "min": -1.79039251804,
        "var": 3995.9621582
    },
    "melbands_skewness": {
        "dmean": 1.1001843214,
        "dmean2": 1.55706930161,
        "dvar": 2.50945138931,
        "dvar2": 5.29405498505,
        "max": 25.4788208008,
        "mean": 2.82381796837,
        "median": 2.0476167202,
        "min": -3.3622751236,
        "var": 8.4512014389
    },
    "melbands_spread": {
        "dmean": 9.69373989105,
        "dmean2": 14.6399726868,
        "dvar": 357.215759277,
        "dvar2": 677.770874023,
        "max": 254.830444336,
        "mean": 25.7419490814,
        "median": 16.6472015381,
        "min": 0.223969995975,
        "var": 1051.07641602
    },
    "pitch_salience": {
        "dmean": 0.0866290107369,
        "dmean2": 0.13253082335,
        "dvar": 0.00980566069484,
        "dvar2": 0.0223758090287,
        "max": 0.841455042362,
        "mean": 0.444528967142,
        "median": 0.458205789328,
        "min": 0.0244790967554,
        "var": 0.0301889237016
    },
    "silence_rate_20dB": {
        "dmean": 0,
        "dmean2": 0,
        "dvar": 0,
        "dvar2": 0,
        "max": 1,
        "mean": 1,
        "median": 1,
        "min": 1,
        "var": 0
    },
    "silence_rate_30dB": {
        "dmean": 0.0325077399611,
        "dmean2": 0.0650658383965,
        "dvar": 0.031450919807,
        "dvar2": 0.0732262656093,
        "max": 1,
        "mean": 0.957463264465,
        "median": 1,
        "min": 0,
        "var": 0.0407273136079
    },
    "silence_rate_60dB": {
        "dmean": 0.0402476787567,
        "dmean2": 0.0805577039719,
        "dvar": 0.0386282503605,
        "dvar2": 0.0880119428039,
        "max": 1,
        "mean": 0.0688321739435,
        "median": 0,
        "min": 0,
        "var": 0.0640942677855
    },
    "spectral_centroid": {
        "dmean": 378.375,
        "dmean2": 550.132568359,
        "dvar": 279884.25,
        "dvar2": 519652.25,
        "max": 6112.86425781,
        "mean": 1544.04504395,
        "median": 1295.16809082,
        "min": 88.8361663818,
        "var": 972135.9375
    },
    "spectral_complexity": {
        "dmean": 4.31578969955,
        "dmean2": 6.22308301926,
        "dvar": 38.8369369507,
        "dvar2": 77.1061248779,
        "max": 53,
        "mean": 11.1121425629,
        "median": 9,
        "min": 0,
        "var": 72.4506988525
    },
    "spectral_decrease": {
        "dmean": 2.60562282861e-09,
        "dmean2": 3.86089338278e-09,
        "dvar": 2.5197756145e-17,
        "dvar2": 5.82366187054e-17,
        "max": -2.53290617647e-11,
        "mean": -7.0339911673e-09,
        "median": -3.10850079011e-09,
        "min": -4.65537759453e-08,
        "var": 7.32475314558e-17
    },
    "spectral_energy": {
        "dmean": 0.0105114215985,
        "dmean2": 0.0156127847731,
        "dvar": 0.000393202062696,
        "dvar2": 0.000915627344511,
        "max": 0.177018389106,
        "mean": 0.0279939118773,
        "median": 0.013063444756,
        "min": 0.000111168701551,
        "var": 0.00108029867988
    },
    "spectral_energyband_high": {
        "dmean": 0.000555863429327,
        "dmean2": 0.000848077412229,
        "dvar": 1.24530549783e-06,
        "dvar2": 2.72404008683e-06,
        "max": 0.0148662216961,
        "mean": 0.000754692475311,
        "median": 0.000173649197677,
        "min": 6.32916652421e-08,
        "var": 2.36194659919e-06
    },
    "spectral_energyband_low": {
        "dmean": 0.00441837403923,
        "dmean2": 0.00619251839817,
        "dvar": 0.000244691589614,
        "dvar2": 0.000511719379574,
        "max": 0.173730120063,
        "mean": 0.0159425456077,
        "median": 0.000860865053255,
        "min": 1.71397420701e-08,
        "var": 0.000891542702448
    },
    "spectral_energyband_middle_high": {
        "dmean": 0.00180440675467,
        "dmean2": 0.00268376688473,
        "dvar": 8.15225303086e-06,
        "dvar2": 1.92344286916e-05,
        "max": 0.0230687502772,
        "mean": 0.00360751571134,
        "median": 0.00254083937034,
        "min": 1.36529170049e-05,
        "var": 1.34793626785e-05
    },
    "spectral_energyband_middle_low": {
        "dmean": 0.00658197887242,
        "dmean2": 0.0103731760755,
        "dvar": 0.000210515019717,
        "dvar2": 0.000537662184797,
        "max": 0.137837231159,
        "mean": 0.00795677211136,
        "median": 0.0035316911526,
        "min": 6.74075681673e-06,
        "var": 0.000192734965822
    },
    "spectral_entropy": {
        "dmean": 0.264654576778,
        "dmean2": 0.376082748175,
        "dvar": 0.0797877460718,
        "dvar2": 0.157849222422,
        "max": 8.8920249939,
        "mean": 7.20529651642,
        "median": 7.1668844223,
        "min": 5.19733476639,
        "var": 0.309869527817
    },
    "spectral_flux": {
        "dmean": 0.0323445424438,
        "dmean2": 0.0492148883641,
        "dvar": 0.00217788433656,
        "dvar2": 0.00431533111259,
        "max": 0.415367633104,
        "mean": 0.073110461235,
        "median": 0.0538750737906,
        "min": 0.00500343088061,
        "var": 0.00415148027241
    },
    "spectral_kurtosis": {
        "dmean": 2.4974296093,
        "dmean2": 4.03052949905,
        "dvar": 11.6742839813,
        "dvar2": 27.2374286652,
        "max": 78.5021438599,
        "mean": 5.55113744736,
        "median": 4.5339922905,
        "min": -1.17386806011,
        "var": 27.516292572
    },
    "spectral_rms": {
        "dmean": 0.000879548199009,
        "dmean2": 0.001238066121,
        "dvar": 1.7078559722e-06,
        "dvar2": 3.76470802621e-06,
        "max": 0.0131415696815,
        "mean": 0.00449968129396,
        "median": 0.00356998923235,
        "min": 0.000329328526277,
        "var": 7.06401351636e-06
    },
    "spectral_rolloff": {
        "dmean": 595.164672852,
        "dmean2": 974.282897949,
        "dvar": 1528259.625,
        "dvar2": 3128199.5,
        "max": 12252.3925781,
        "mean": 1729.43566895,
        "median": 1162.79296875,
        "min": 64.599609375,
        "var": 4307274.5
    },
    "spectral_skewness": {
        "dmean": 0.341197967529,
        "dmean2": 0.520693957806,
        "dvar": 0.119233205914,
        "dvar2": 0.252898782492,
        "max": 6.45765209198,
        "mean": 1.65664231777,
        "median": 1.61818552017,
        "min": -0.23035107553,
        "var": 0.48828664422
    },
    "spectral_spread": {
        "dmean": 706705.375,
        "dmean2": 1055289.75,
        "dvar": 672041074688,
        "dvar2": 1.43146051174e+12,
        "max": 14858436,
        "mean": 4300674.5,
        "median": 4153446.5,
        "min": 1113275.25,
        "var": 2.10581245133e+12
    },
    "spectral_strongpeak": {
        "dmean": 0.53434330225,
        "dmean2": 0.831816494465,
        "dvar": 0.668420016766,
        "dvar2": 1.60641086102,
        "max": 6.93808841705,
        "mean": 1.13917958736,
        "median": 0.674319386482,
        "min": 0,
        "var": 1.26389217377
    },
    "zerocrossingrate": {
        "dmean": 0.0139583433047,
        "dmean2": 0.0147131131962,
        "dvar": 0.000479869981064,
        "dvar2": 0.000393268128391,
        "max": 0.447265625,
        "mean": 0.0631446242332,
        "median": 0.05029296875,
        "min": 0.00244140625,
        "var": 0.00354749732651
    },
    "barkbands": {
        "dmean": [0.000114999260404, 0.00446245539933, 0.000859934836626, 0.000566936971154, 0.000984489684924, 0.000316229270538, 0.000635742384475, 0.00315643055364, 0.0018585936632, 0.000386737054214, 0.00048670914839, 0.000279393716482, 0.000224274626817, 0.000230982986977, 0.000335245014867, 0.000173673615791, 0.000185645258171, 0.000169879756868, 0.000145843689097, 0.000163445001817, 0.000115091366752, 0.000124694386614, 0.000123023462947, 0.000104343445855, 5.22603149875e-05, 1.27512303152e-05, 4.56456845654e-08],
        "dmean2": [0.000173610824277, 0.00581796327606, 0.00162343180273, 0.0010652464116, 0.00173374346923, 0.00052671006415, 0.000978935742751, 0.00470759859309, 0.00338819320314, 0.000586918147746, 0.000732739572413, 0.000435539666796, 0.000331258663209, 0.00034359638812, 0.00056179810781, 0.000261138688074, 0.000290586147457, 0.000266655057203, 0.000236193605815, 0.000253372156294, 0.000184381075087, 0.000196393521037, 0.00019569680444, 0.000165636054589, 7.75867083576e-05, 1.83507363545e-05, 8.01525033012e-08],
        "dvar": [1.04354349162e-07, 0.00023514291388, 4.0097595047e-05, 1.16795072245e-05, 2.34840499616e-05, 7.75562455146e-07, 2.61304444393e-06, 5.37246851309e-05, 3.5839555494e-05, 7.91182117155e-07, 1.22346227727e-06, 3.07743221128e-07, 2.90685846949e-07, 1.43518875007e-07, 3.76203331598e-07, 1.51150530314e-07, 1.42167678518e-07, 1.29907149926e-07, 1.00484207621e-07, 1.12646972639e-07, 4.91890048693e-08, 9.24567729044e-08, 1.12548896425e-07, 8.82429134208e-08, 3.05579597182e-08, 1.58173918408e-09, 5.29727561187e-14],
        "dvar2": [2.51618587299e-07, 0.000486311328132, 0.000116630166303, 3.38449135597e-05, 6.68817010592e-05, 1.9079679987e-06, 5.88570492255e-06, 0.000117787669296, 0.000101992111013, 1.78460595635e-06, 2.84229622594e-06, 6.55576400277e-07, 5.57054477213e-07, 2.78310579915e-07, 9.69834786702e-07, 3.17001195071e-07, 3.37718063292e-07, 3.07453888126e-07, 2.16229224748e-07, 2.58000397935e-07, 1.18455666609e-07, 1.99654124344e-07, 2.5067953402e-07, 1.83300087997e-07, 6.0559294468e-08, 2.40037056898e-09, 1.3297114874e-13],
        "max": [0.00635572662577, 0.172467753291, 0.0645246654749, 0.0416306853294, 0.073157466948, 0.00922503881156, 0.0252739097923, 0.0743344351649, 0.0440239496529, 0.0149312997237, 0.0113576743752, 0.00707543082535, 0.0086775701493, 0.00709252525121, 0.00543787423521, 0.00571255059913, 0.00427607307211, 0.00485253846273, 0.00255346228369, 0.00532468594611, 0.00310611096211, 0.00441142497584, 0.00712514668703, 0.00642885034904, 0.00458239624277, 0.00117070681881, 2.9643013022e-06],
        "mean": [0.000473770109238, 0.0147837027907, 0.000528191158082, 0.000338362006005, 0.000999071984552, 0.000393916416215, 0.00100512907375, 0.00367941148579, 0.00131496565882, 0.000591646065004, 0.000620341743343, 0.000344864209183, 0.000351074442733, 0.000388933025533, 0.000428796600318, 0.000246748444624, 0.000261460489128, 0.000209195175557, 0.000180753297172, 0.000218446890358, 0.000128191750264, 0.00015224746312, 0.000148772203829, 0.000120989105199, 6.69670698699e-05, 1.79769576789e-05, 2.95867277345e-08],
        "median": [2.77096733043e-05, 0.000764777709264, 2.07718881029e-06, 2.37359404309e-06, 0.000230563076911, 4.56470843346e-05, 0.000154847832164, 0.00051643390907, 8.76777121448e-05, 0.000197923145606, 0.000109253283881, 7.38482995075e-05, 6.28029956715e-05, 8.59801148181e-05, 0.000120763943414, 3.95935276174e-05, 5.3840703913e-05, 3.78282093152e-05, 2.99008188449e-05, 4.74778898933e-05, 2.40211902565e-05, 2.79383493762e-05, 2.27458131121e-05, 1.56260812219e-05, 8.00842644821e-06, 2.17261435864e-06, 3.19148735217e-10],
        "min": [4.12491485413e-10, 1.91911642133e-09, 9.41724476178e-10, 5.86365622723e-10, 1.55840467642e-07, 2.18972573407e-08, 1.61567541568e-07, 3.30761167788e-07, 7.26900779568e-08, 1.41753218941e-07, 4.15448013769e-08, 8.23757417834e-08, 1.26806952494e-07, 1.25984740862e-07, 3.85862847452e-07, 6.04648988656e-08, 1.45183435052e-07, 6.33116172821e-08, 1.77647336841e-08, 6.59787744439e-08, 1.57946171697e-08, 1.11956328652e-08, 5.39072386729e-09, 3.0670004314e-09, 2.69860037094e-11, 4.05347543725e-12, 5.88713106042e-12],
        "var": [1.03449258404e-06, 0.000780506641604, 2.20078927669e-05, 6.51323580314e-06, 1.45653029904e-05, 1.12386351248e-06, 4.84533711642e-06, 6.55229378026e-05, 2.17728374992e-05, 1.27266991967e-06, 1.48128640376e-06, 4.68260225261e-07, 7.91057573224e-07, 6.04470017151e-07, 4.84984468585e-07, 3.42169357737e-07, 2.42238911596e-07, 1.66596137774e-07, 1.35751363928e-07, 2.19957001946e-07, 6.64903581082e-08, 1.6181564888e-07, 1.82988969755e-07, 1.46949005853e-07, 5.77106327171e-08, 4.35588765058e-09, 3.65851317611e-14]
    },
    "erbbands": {
        "dmean": [0.149255529046, 0.94244658947, 1.14538705349, 1.49438691139, 2.51776766777, 3.37567949295, 4.01663970947, 2.05902862549, 6.13971996307, 29.8724994659, 73.2366485596, 37.0615615845, 13.6425504684, 13.9534635544, 20.7772407532, 12.5272064209, 7.98841285706, 13.1714906693, 17.1910018921, 9.1767244339, 9.78057765961, 8.41664981842, 10.3805332184, 6.47365188599, 7.5253777504, 7.67310237885, 6.25884628296, 3.6963789463, 4.23025465012, 4.69171524048, 3.32857465744, 2.69117116928, 1.41074991226, 0.725652456284, 0.340965926647, 0.0973066613078, 0.0165202077478, 0.000825010472909, 3.04359764414e-05, 1.43799579746e-05],
        "dmean2": [0.20964063704, 1.22004497051, 1.91285121441, 2.81340169907, 4.66460561752, 5.81397342682, 6.56374073029, 3.53862309456, 9.5523481369, 44.0128059387, 114.537612915, 65.5533828735, 22.1825046539, 20.6795406342, 31.1181526184, 19.0880889893, 12.1467657089, 18.7871894836, 28.4239406586, 14.3563480377, 15.3690195084, 13.0377025604, 16.2507896423, 10.0521402359, 11.9524650574, 11.7494468689, 10.3148937225, 5.89798545837, 6.77147769928, 7.29823112488, 5.3729224205, 4.42131662369, 2.1588768959, 1.14386439323, 0.482458800077, 0.132446318865, 0.0244198162109, 0.00134550826624, 4.60625378764e-05, 2.13509756577e-05],
        "dvar": [0.256799429655, 11.8693141937, 44.6455841064, 84.6264877319, 221.218963623, 236.994140625, 171.442657471, 37.0175552368, 198.824752808, 3378.91748047, 36444.4453125, 12174.6152344, 968.015991211, 688.90435791, 2953.35058594, 620.438232422, 366.157592773, 498.584716797, 1061.20410156, 233.987854004, 564.613342285, 248.744049072, 469.224365234, 185.055831909, 258.164672852, 252.968200684, 165.702606201, 63.1797676086, 108.033210754, 139.450378418, 98.8271484375, 69.1073989868, 16.446346283, 5.52178239822, 1.70303201675, 0.0924121141434, 0.00319631630555, 5.62603008802e-06, 5.47125145189e-09, 6.28327723184e-10],
        "dvar2": [0.552299797535, 23.7723751068, 123.639450073, 244.290420532, 641.761047363, 669.167114258, 445.549377441, 95.3980865479, 442.321258545, 7752.37255859, 89610.671875, 34140.875, 2454.72387695, 1447.08813477, 7143.49804688, 1266.2253418, 771.465087891, 865.66973877, 2732.86474609, 523.056396484, 1469.55236816, 554.6640625, 1118.70227051, 393.544067383, 554.169006348, 582.571105957, 429.538146973, 143.720855713, 240.763046265, 291.400146484, 230.220687866, 167.575576782, 31.8797874451, 12.6095695496, 3.19428181648, 0.131120979786, 0.00481939734891, 1.01857904156e-05, 1.02711261718e-08, 1.48924916843e-09],
        "max": [5.68944168091, 37.8376579285, 74.8958435059, 86.0511550903, 228.622879028, 223.647994995, 143.727294922, 80.8565979004, 204.6978302, 621.729248047, 1493.51623535, 861.219543457, 555.087402344, 384.136108398, 607.404968262, 359.370391846, 339.049194336, 371.438079834, 324.378631592, 167.297271729, 213.126068115, 176.019805908, 287.757995605, 138.258132935, 177.151931763, 238.44909668, 133.925231934, 94.858833313, 167.169448853, 201.556655884, 206.087677002, 159.791900635, 78.8332443237, 48.3794364929, 37.4924278259, 8.7044172287, 1.83824276924, 0.0642929896712, 0.00178758928087, 0.000207468590816],
        "mean": [0.571216821671, 2.72387599945, 1.21581554413, 0.907321155071, 1.82137191296, 3.64916586876, 4.89270925522, 2.42935681343, 9.40169525146, 40.3615112305, 75.7294998169, 29.726398468, 17.4287910461, 20.8911495209, 24.799905777, 16.9313793182, 13.2989788055, 25.3523540497, 23.7819671631, 14.3273591995, 12.5365228653, 12.4432563782, 13.6319274902, 8.79182529449, 9.96660232544, 10.5719766617, 7.0278339386, 4.09709835052, 4.93487787247, 5.71731948853, 4.06811332703, 3.07908630371, 1.61887991428, 0.842766046524, 0.445134907961, 0.133441358805, 0.0240423344076, 0.0010574220214, 4.88312143716e-05, 3.5993194615e-05],
        "median": [0.0347568206489, 0.107740499079, 0.0283626914024, 0.0191875509918, 0.0968249291182, 0.752556443214, 0.744677364826, 0.580167412758, 1.62433993816, 9.06487178802, 9.31015110016, 4.81040143967, 5.14109754562, 7.58227729797, 5.44156932831, 4.54480791092, 3.86287665367, 6.48990631104, 9.2976140976, 4.45422840118, 2.40506434441, 2.9502286911, 2.84730863571, 1.54815268517, 2.09576511383, 2.2780623436, 1.34212243557, 0.757201194763, 0.82748401165, 0.975098371506, 0.622252464294, 0.401137501001, 0.183749899268, 0.105965256691, 0.0484832786024, 0.0153541034088, 0.00256971875206, 0.000108338448626, 1.81691848411e-05, 2.00123849936e-05],
        "min": [7.83593208098e-08, 3.07176179604e-07, 6.81021401761e-06, 1.70635030372e-05, 0.000114437454613, 0.000533408427145, 0.000934536452405, 0.000946028507315, 0.00168521271553, 0.00361326243728, 0.00512038497254, 0.00292282528244, 0.00295271747746, 0.0105937598273, 0.00295766280033, 0.0054671568796, 0.00600201077759, 0.0162319373339, 0.0250958036631, 0.0228794310242, 0.0143851274624, 0.0101982699707, 0.00482425559312, 0.00513348123059, 0.00399043038487, 0.00308552663773, 0.00103485852014, 0.000496623106301, 0.000573748140596, 0.000207514167414, 0.000193681888049, 0.000114734037197, 1.81332979992e-05, 5.33762022314e-06, 2.02029627872e-06, 5.92692117607e-07, 3.35266662432e-07, 3.71823922762e-08, 8.05456892294e-08, 1.46829407299e-07],
        "var": [1.01196920872, 33.4133110046, 33.4390602112, 47.7115592957, 125.774734497, 161.717498779, 169.921615601, 56.0156059265, 377.675079346, 4898.81884766, 35020.5117188, 8081.11621094, 1140.8260498, 1353.11645508, 3052.38793945, 1036.97961426, 938.040893555, 2401.55859375, 1403.53674316, 493.1640625, 667.265014648, 486.625823975, 632.988037109, 293.512390137, 393.487121582, 495.063598633, 193.289474487, 89.0144958496, 177.527297974, 242.996139526, 152.277267456, 96.706199646, 28.5132751465, 7.93364953995, 3.36701178551, 0.251577883959, 0.00953937228769, 1.3387614672e-05, 1.25458585742e-08, 1.4961525352e-09]
    },
    "gfcc": {
        "mean": [-60.1631507874, 73.3677825928, -141.255401611, 21.8450260162, -69.9823989868, 22.9777793884, -28.572599411, 21.4878196716, -5.25929927826, 13.4005336761, -2.82355070114, 1.90476727486, -2.10822820663],
        "cov": [[4567.77685547, -648.569091797, 132.330764771, 369.605255127, -232.360153198, 235.628631592, -113.407966614, 407.952697754, -2.00859642029, 125.1042099, -113.463935852, 56.6273841858, -169.494934082], [-648.569091797, 2345.40844727, 443.93850708, -0.294221788645, 672.626953125, -100.15612793, 374.00479126, -103.088546753, 289.499481201, -140.240463257, 301.650177002, -146.426559448, 35.0722198486], [132.330764771, 443.93850708, 1909.37329102, 658.145202637, 392.799316406, 459.997131348, 172.333404541, 137.494735718, 59.6993522644, 84.0104370117, 33.5627937317, 79.9314804077, -48.7794761658], [369.605255127, -0.294221788645, 658.145202637, 1023.4654541, 351.945617676, 187.653930664, 132.256774902, 160.162078857, 148.448608398, 3.98005223274, 74.3289260864, -10.2805557251, 150.922988892], [-232.360153198, 672.626953125, 392.799316406, 351.945617676, 773.872802734, 269.414855957, 321.636383057, 152.346786499, 253.764556885, 69.8388442993, 98.7365188599, -69.9386901855, 48.1961669922], [235.628631592, -100.15612793, 459.997131348, 187.653930664, 269.414855957, 579.229370117, 281.570404053, 166.508392334, 113.856239319, 122.613182068, 59.6331520081, 17.6854572296, 1.30773234367], [-113.407966614, 374.00479126, 172.333404541, 132.256774902, 321.636383057, 281.570404053, 527.413208008, 135.755737305, 180.444946289, 71.0094451904, 137.427032471, -50.2631912231, -0.130886688828], [407.952697754, -103.088546753, 137.494735718, 160.162078857, 152.346786499, 166.508392334, 135.755737305, 301.177368164, 122.478775024, 100.639533997, 50.3845748901, 11.5881185532, 9.05725097656], [-2.00859642029, 289.499481201, 59.6993522644, 148.448608398, 253.764556885, 113.856239319, 180.444946289, 122.478775024, 363.377624512, 101.135566711, 77.6011428833, -67.1134338379, 16.3961925507], [125.1042099, -140.240463257, 84.0104370117, 3.98005223274, 69.8388442993, 122.613182068, 71.0094451904, 100.639533997, 101.135566711, 210.997406006, 39.7443656921, 32.7860107422, -21.3216495514], [-113.463935852, 301.650177002, 33.5627937317, 74.3289260864, 98.7365188599, 59.6331520081, 137.427032471, 50.3845748901, 77.6011428833, 39.7443656921, 219.238998413, 20.0301513672, 33.4474029541], [56.6273841858, -146.426559448, 79.9314804077, -10.2805557251, -69.9386901855, 17.6854572296, -50.2631912231, 11.5881185532, -67.1134338379, 32.7860107422, 20.0301513672, 151.253677368, 14.3551568985], [-169.494934082, 35.0722198486, -48.7794761658, 150.922988892, 48.1961669922, 1.30773234367, -0.130886688828, 9.05725097656, 16.3961925507, -21.3216495514, 33.4474029541, 14.3551568985, 173.058609009]],
        "icov": [[0.000370000721887, -0.000309547322104, 0.000273297773674, -0.000490782724228, 0.000470676488476, -0.000449616403785, 0.00027187509113, -0.000673715083394, 0.000212651648326, -0.000291601143545, 0.000524765346199, -0.00018174314755, 0.000695516180713], [-0.000309547322104, 0.00201496831141, -0.00113569351379, 0.00157702458091, -0.00185276358388, 0.00178761023562, -0.000800096837338, 0.00136321643367, -0.00116411247291, 0.00192988978233, -0.00259041134268, 0.000859844090883, -0.00119902996812], [0.000273297773674, -0.00113569351379, 0.00161935808137, -0.0015981515171, 0.000838705047499, -0.0016351104714, 0.000625809014309, -0.000698934483808, 0.000830024015158, -0.00108396552969, 0.00157083885279, -0.00109545269515, 0.00173892022576], [-0.000490782724228, 0.00157702458091, -0.0015981515171, 0.00325317494571, -0.00187015940901, 0.00167180132121, -0.000625441316515, 0.000779125199188, -0.00123396806885, 0.00195812154561, -0.00225113192573, 0.00105112802703, -0.00291481008753], [0.000470676488476, -0.00185276358388, 0.000838705047499, -0.00187015940901, 0.0041506011039, -0.00199697632343, 7.56400404498e-05, -0.0016382598551, 0.000234227089095, -0.0017055926146, 0.00239584594965, -0.000172307234607, 0.000967695959844], [-0.000449616403785, 0.00178761023562, -0.0016351104714, 0.00167180132121, -0.00199697632343, 0.00490444432944, -0.00212123361416, 0.000773866078816, -0.000805752817541, 0.000719029863831, -0.00191709643696, 0.000522378657479, -0.00175238226075], [0.00027187509113, -0.000800096837338, 0.000625809014309, -0.000625441316515, 7.56400404498e-05, -0.00212123361416, 0.00410370109603, -0.00114455772564, 4.53497777926e-05, -0.000434018089436, -0.000582811422646, 0.00056073727319, 0.00121658993885], [-0.000673715083394, 0.00136321643367, -0.000698934483808, 0.000779125199188, -0.0016382598551, 0.000773866078816, -0.00114455772564, 0.00653407722712, -0.0015526014613, -8.50278956932e-05, -0.00188645126764, -4.14375535911e-05, -0.00120036257431], [0.000212651648326, -0.00116411247291, 0.000830024015158, -0.00123396806885, 0.000234227089095, -0.000805752817541, 4.53497777926e-05, -0.0015526014613, 0.00561049766839, -0.00312203052454, 0.000790186459199, 0.0016145745758, 0.00057357433252], [-0.000291601143545, 0.00192988978233, -0.00108396552969, 0.00195812154561, -0.0017055926146, 0.000719029863831, -0.000434018089436, -8.50278956932e-05, -0.00312203052454, 0.00914604403079, -0.002853380749, -0.00130427395925, -0.000133919122163], [0.000524765346199, -0.00259041134268, 0.00157083885279, -0.00225113192573, 0.00239584594965, -0.00191709643696, -0.000582811422646, -0.00188645126764, 0.000790186459199, -0.002853380749, 0.00952203758061, -0.00277741951868, 0.000854063779116], [-0.00018174314755, 0.000859844090883, -0.00109545269515, 0.00105112802703, -0.000172307234607, 0.000522378657479, 0.00056073727319, -4.14375535911e-05, 0.0016145745758, -0.00130427395925, -0.00277741951868, 0.00977901555598, -0.00211910880171], [0.000695516180713, -0.00119902996812, 0.00173892022576, -0.00291481008753, 0.000967695959844, -0.00175238226075, 0.00121658993885, -0.00120036257431, 0.00057357433252, -0.000133919122163, 0.000854063779116, -0.00211910880171, 0.00948206149042]]
    },
    "melbands": {
        "dmean": [0.00130393938161, 0.000701476703398, 0.000291235686745, 0.000208036202821, 0.000145132944454, 4.93753796036e-05, 0.000107822481368, 0.00045505684102, 0.000608652830124, 0.000204961223062, 6.45756153972e-05, 5.5759344832e-05, 6.11281066085e-05, 4.71123712487e-05, 1.81758096005e-05, 2.33885493799e-05, 2.60285287368e-05, 2.65884991677e-05, 2.19446174015e-05, 1.21462726383e-05, 1.2994501958e-05, 9.31024987949e-06, 9.60908528214e-06, 9.07123285288e-06, 5.04740273755e-06, 5.88935427004e-06, 5.39979100722e-06, 5.44584736417e-06, 4.46143440058e-06, 2.62005141849e-06, 2.206027375e-06, 2.39740461438e-06, 2.61345053332e-06, 2.7609605695e-06, 1.95187135432e-06, 1.84497378086e-06, 1.66952929703e-06, 1.06098059405e-06, 7.37554785246e-07, 6.29386704531e-07],
        "dmean2": [0.00177168438677, 0.000990460277535, 0.000543715432286, 0.000372337031877, 0.000242116351728, 8.49684220157e-05, 0.00016556995979, 0.000671801390126, 0.000982237863354, 0.000362834834959, 0.000104498925793, 8.31553770695e-05, 9.26644497667e-05, 7.09747764631e-05, 2.75386191788e-05, 3.45243242919e-05, 3.75094350602e-05, 4.37759008491e-05, 3.66923159163e-05, 1.65934980032e-05, 2.15742875298e-05, 1.47372084029e-05, 1.44820951391e-05, 1.4060086869e-05, 7.92086029833e-06, 9.42099268286e-06, 8.51411368785e-06, 8.55910366226e-06, 7.39946608519e-06, 4.31676471635e-06, 3.55761721949e-06, 3.89030401493e-06, 4.01863007937e-06, 4.39089717474e-06, 3.17190438182e-06, 3.01141835735e-06, 2.78836796497e-06, 1.63095160133e-06, 1.18209732136e-06, 1.0115850273e-06],
        "dvar": [1.99880141736e-05, 9.56657822826e-06, 2.98243935504e-06, 1.25727262912e-06, 2.49417638543e-07, 2.12050075277e-08, 6.98246367392e-08, 9.39433959957e-07, 2.82917767436e-06, 3.61449281172e-07, 2.27540137843e-08, 1.23631558324e-08, 2.25492051698e-08, 9.19673226463e-09, 1.20407028792e-09, 3.59690544016e-09, 1.97114524703e-09, 2.53660004113e-09, 1.61639412966e-09, 9.483971386e-10, 1.31197586128e-09, 3.66358943182e-10, 3.27253668608e-10, 3.8318218043e-10, 1.26093677166e-10, 1.63235189254e-10, 1.40424089023e-10, 1.40017719641e-10, 9.02131425118e-11, 3.36377488364e-11, 2.56326331688e-11, 3.45747007413e-11, 4.70317569612e-11, 4.95238537679e-11, 3.18452868242e-11, 3.3939635824e-11, 3.06086544999e-11, 9.949512568e-12, 4.66527988116e-12, 4.91097657332e-12],
        "dvar2": [4.18273193645e-05, 2.22117778321e-05, 8.54439895193e-06, 3.62774335372e-06, 6.71517113915e-07, 5.27056158717e-08, 1.54883494474e-07, 2.14170972868e-06, 7.23678022041e-06, 1.01758223536e-06, 5.69964591079e-08, 2.57538896875e-08, 5.36006545815e-08, 2.14022950473e-08, 2.30247731992e-09, 7.25887083775e-09, 3.36461569717e-09, 6.51608411673e-09, 4.11258049837e-09, 1.57127588718e-09, 3.57444651655e-09, 9.01249019858e-10, 7.52117756964e-10, 8.97201701822e-10, 2.75393541305e-10, 3.63486990507e-10, 2.93444740729e-10, 3.24797189144e-10, 2.32604283057e-10, 8.33871097172e-11, 6.03839547808e-11, 7.95192869885e-11, 9.83975192992e-11, 1.10456976898e-10, 7.51777529118e-11, 8.32507535131e-11, 7.39994593379e-11, 1.92780912761e-11, 9.85805274217e-12, 1.1554318266e-11],
        "max": [0.0501180961728, 0.03491871804, 0.018530158326, 0.0174188949168, 0.00564990099519, 0.00208847038448, 0.0041031409055, 0.0110381320119, 0.012851648964, 0.00450022658333, 0.0027956541162, 0.00173312437255, 0.00160930783022, 0.000859928841237, 0.000773470732383, 0.000866631220561, 0.000851094431709, 0.000464137003291, 0.000363287399523, 0.000506213109475, 0.000310980074573, 0.000195460423129, 0.00026804744266, 0.000222118353122, 0.000126540631754, 0.00010530018335, 0.000197019209736, 0.000160217459779, 0.000115922928671, 0.000104022532469, 6.35636388324e-05, 9.13644398679e-05, 0.000125819307868, 0.00011451831233, 9.81555276667e-05, 0.00012289872393, 0.000121957520605, 6.84686747263e-05, 3.23166495946e-05, 4.66500459879e-05],
        "mean": [0.00461248680949, 0.00162750168238, 0.000178071306436, 0.000193155516172, 0.0001727972558, 5.81080821576e-05, 0.000168389975443, 0.000568068411667, 0.000583489716519, 0.000161824180395, 8.32821024233e-05, 8.17100226413e-05, 7.40960240364e-05, 5.75788399146e-05, 2.63021338469e-05, 3.64229308616e-05, 4.8441313993e-05, 3.48266366927e-05, 2.82547025563e-05, 1.97650933842e-05, 1.39150843097e-05, 1.25128681248e-05, 1.3618489902e-05, 1.06415291157e-05, 6.52072822049e-06, 6.93407309882e-06, 7.17392367733e-06, 7.19166655472e-06, 5.00808391735e-06, 2.68172675533e-06, 2.27829423238e-06, 2.57719125329e-06, 3.33366006089e-06, 3.07737650473e-06, 2.31174590226e-06, 2.10028110814e-06, 1.80115125659e-06, 1.15498824016e-06, 8.28971280953e-07, 6.88626244028e-07],
        "median": [0.000252688623732, 5.82237735216e-05, 2.15820455196e-06, 2.28681019507e-05, 3.81908830605e-05, 9.13267467695e-06, 2.36545583903e-05, 0.000126236016513, 5.93339318584e-05, 1.73768858076e-05, 2.19555695367e-05, 2.43057311309e-05, 1.31727938424e-05, 1.48747185449e-05, 6.38910978523e-06, 6.56994052406e-06, 9.9162252809e-06, 1.10266546471e-05, 7.28710301701e-06, 3.00691431221e-06, 2.21328582484e-06, 2.44543502959e-06, 3.05818389279e-06, 1.74096317096e-06, 1.03975401089e-06, 1.17752858841e-06, 1.65200367519e-06, 1.2814780348e-06, 8.36017193251e-07, 4.31223952546e-07, 3.08992838427e-07, 3.31559988354e-07, 6.39566962946e-07, 4.47447263241e-07, 3.6844829765e-07, 2.58727339997e-07, 2.20071726176e-07, 1.20092352063e-07, 8.82521717926e-08, 7.84214861937e-08],
        "min": [8.66926475052e-10, 3.48479800572e-09, 1.31025490457e-09, 2.31701910991e-08, 3.76551341219e-08, 5.62900703827e-09, 2.82241163774e-08, 4.36198561715e-08, 2.96227842256e-08, 8.67933991344e-09, 1.29564181606e-08, 3.44642216987e-08, 6.94847512861e-09, 1.54792729745e-08, 6.87978385372e-09, 8.87496298674e-09, 2.16568878386e-08, 3.68590740152e-08, 2.85310406412e-08, 1.5562488187e-08, 1.54598271962e-08, 1.03236130755e-08, 3.97330568447e-09, 4.04705025048e-09, 2.05517292073e-09, 3.91549764833e-10, 3.29799498822e-09, 1.78315451294e-09, 1.64716938006e-11, 3.13774783933e-10, 1.39298322877e-10, 2.90993978913e-10, 1.71964317786e-10, 6.54236040343e-11, 9.04306282634e-11, 8.11484473368e-12, 4.32458999167e-11, 9.6089640151e-13, 2.39450901598e-13, 3.43633473998e-14],
