{
"highlevel": {
    "danceability": {
        "all": {
            "danceable": 0.0900583565235,
            "not_danceable": 0.909941613674
        },
        "probability": 0.909941613674,
        "value": "not_danceable"
    },
    "gender": {
        "all": {
            "female": 0.224983721972,
            "male": 0.775016248226
        },
        "probability": 0.775016248226,
        "value": "male"
    },
    "genre_dortmund": {
        "all": {
            "alternative": 0.224742665887,
            "blues": 0.0728167518973,
            "electronic": 0.0412338897586,
            "folkcountry": 0.167083099484,
            "funksoulrnb": 0.0229912102222,
            "jazz": 0.034871596843,
            "pop": 0.0750534310937,
            "raphiphop": 0.0179215334356,
            "rock": 0.343285799026
        },
        "probability": 0.343285799026,
        "value": "rock"
    },
    "genre_electronic": {
        "all": {
            "ambient": 0.426789432764,
            "dnb": 0.0813559517264,
            "house": 0.231117472053,
            "techno": 0.0173925794661,
            "trance": 0.243344560266
        },
        "probability": 0.426789432764,
        "value": "ambient"
    },
    "genre_rosamerica": {
        "all": {
            "cla": 0.0123067153618,
            "dan": 0.0143316211179,
            "hip": 0.00739093543962,
            "jaz": 0.00492571434006,
            "pop": 0.258798718452,
            "rhy": 0.0396474823356,
            "roc": 0.657048463821,
            "spe": 0.00555033888668
        },
        "probability": 0.657048463821,
        "value": "roc"
    },
    "genre_tzanetakis": {
        "all": {
            "blu": 0.0505914315581,
            "cla": 0.0337112136185,
            "cou": 0.060678999871,
            "dis": 0.075868614018,
            "hip": 0.151791796088,
            "jaz": 0.303715914488,
            "met": 0.0606946609914,
            "pop": 0.0606794022024,
            "reg": 0.0505637377501,
            "roc": 0.151704207063
        },
        "probability": 0.303715914488,
        "value": "jaz"
    },
    "ismir04_rhythm": {
        "all": {
            "ChaChaCha": 0.144695490599,
            "Jive": 0.4601957798,
            "Quickstep": 0.0191646646708,
            "Rumba-American": 0.00907763838768,
            "Rumba-International": 0.021605309099,
            "Rumba-Misc": 0.00988072250038,
            "Samba": 0.0742481052876,
            "Tango": 0.03578338027,
            "VienneseWaltz": 0.214391857386,
            "Waltz": 0.0109570575878
        },
        "probability": 0.4601957798,
        "value": "Jive"
    },
    "mood_acoustic": {
        "all": {
            "acoustic": 0.121605217457,
            "not_acoustic": 0.878394782543
        },
        "probability": 0.878394782543,
        "value": "not_acoustic"
    },
    "mood_aggressive": {
        "all": {
            "aggressive": 0.116804800928,
            "not_aggressive": 0.883195221424
        },
        "probability": 0.883195221424,
        "value": "not_aggressive"
    },
    "mood_electronic": {
        "all": {
            "electronic": 0.216269120574,
            "not_electronic": 0.783730864525
        },
        "probability": 0.783730864525,
        "value": "not_electronic"
    },
    "mood_happy": {
        "all": {
            "happy": 0.605186462402,
            "not_happy": 0.394813537598
        },
        "probability": 0.605186462402,
        "value": "happy"
    },
    "mood_party": {
        "all": {
            "not_party": 0.731299936771,
            "party": 0.268700033426
        },
        "probability": 0.731299936771,
        "value": "not_party"
    },
    "mood_relaxed": {
        "all": {
            "not_relaxed": 0.978161334991,
            "relaxed": 0.0218386389315
        },
        "probability": 0.978161334991,
        "value": "not_relaxed"
    },
    "mood_sad": {
        "all": {
            "not_sad": 0.645170032978,
            "sad": 0.354829967022
        },
        "probability": 0.645170032978,
        "value": "not_sad"
    },
    "moods_mirex": {
        "all": {
            "Cluster1": 0.459327787161,
            "Cluster2": 0.214068502188,
            "Cluster3": 0.104492351413,
            "Cluster4": 0.0836216285825,
            "Cluster5": 0.138489738107
        },
        "probability": 0.459327787161,
        "value": "Cluster1"
    },
    "timbre": {
        "all": {
            "bright": 0.704320371151,
            "dark": 0.295679628849
        },
        "probability": 0.704320371151,
        "value": "bright"
    },
    "tonal_atonal": {
        "all": {
            "atonal": 0.0093444827944,
            "tonal": 0.99065554142
        },
        "probability": 0.99065554142,
        "value": "tonal"
    },
    "voice_instrumental": {
        "all": {
            "instrumental": 0.00010798668518,
            "voice": 0.999891996384
        },
        "probability": 0.999891996384,
        "value": "voice"
    }
},
"lowlevel": {
    "average_loudness": 0.974086821079,
    "barkbands_crest": {
        "dmean": 2.63983035088,
        "dmean2": 4.25483131409,
        "dvar": 6.55519676208,
        "dvar2": 15.8001747131,
        "max": 23.2755126953,
        "mean": 9.32319164276,
        "median": 8.4193687439,
        "min": 2.6006102562,
        "var": 16.395866394
    },
    "barkbands_flatness_db": {
        "dmean": 0.0198729466647,
        "dmean2": 0.0301332827657,
        "dvar": 0.000324737164192,
        "dvar2": 0.000693469133694,
        "max": 0.297838032246,
        "mean": 0.141264483333,
        "median": 0.136710777879,
        "min": 0.0623278729618,
        "var": 0.00154499919154
    },
    "barkbands_kurtosis": {
        "dmean": 1.76592242718,
        "dmean2": 2.78792738914,
        "dvar": 8.01035404205,
        "dvar2": 17.2846775055,
        "max": 39.4660682678,
        "mean": 1.65174686909,
        "median": 0.298570632935,
        "min": -1.82718586922,
        "var": 16.3990268707
    },
    "barkbands_skewness": {
        "dmean": 0.480740725994,
        "dmean2": 0.718224585056,
        "dvar": 0.231263011694,
        "dvar2": 0.491098374128,
        "max": 5.37422990799,
        "mean": 1.15778493881,
        "median": 1.02920603752,
        "min": -1.77460217476,
        "var": 0.939689993858
    },
    "barkbands_spread": {
        "dmean": 5.96678876877,
        "dmean2": 8.97892475128,
        "dvar": 37.6117286682,
        "dvar2": 78.3557281494,
        "max": 95.7965316772,
        "mean": 27.1404247284,
        "median": 24.8541736603,
        "min": 2.69345927238,
        "var": 187.525253296
    },
    "dissonance": {
        "dmean": 0.0145823610947,
        "dmean2": 0.0236143376678,
        "dvar": 0.000212068669498,
        "dvar2": 0.000560765503906,
        "max": 0.499879956245,
        "mean": 0.469131469727,
        "median": 0.474527359009,
        "min": 0.33587166667,
        "var": 0.000535093771759
    },
    "dynamic_complexity": 1.94326400757,
    "erbbands_crest": {
        "dmean": 2.52443861961,
        "dmean2": 4.02789068222,
        "dvar": 5.89888811111,
        "dvar2": 14.0339698792,
        "max": 27.9155864716,
        "mean": 8.29263305664,
        "median": 7.3063416481,
        "min": 2.6172554493,
        "var": 15.0415897369
    },
    "erbbands_flatness_db": {
        "dmean": 0.0190851055086,
        "dmean2": 0.0254304334521,
        "dvar": 0.000384118640795,
        "dvar2": 0.000554038619157,
        "max": 0.295320630074,
        "mean": 0.169208422303,
        "median": 0.173305436969,
        "min": 0.0658091232181,
        "var": 0.00207525119185
    },
    "erbbands_kurtosis": {
        "dmean": 0.616638243198,
        "dmean2": 0.946846246719,
        "dvar": 0.711569190025,
        "dvar2": 1.48585009575,
        "max": 14.3661842346,
        "mean": -0.224495306611,
        "median": -0.505273580551,
        "min": -1.76136338711,
        "var": 1.6006487608
    },
    "erbbands_skewness": {
        "dmean": 0.327988982201,
        "dmean2": 0.493280917406,
        "dvar": 0.0950931534171,
        "dvar2": 0.199346959591,
        "max": 2.75274991989,
        "mean": 0.0695297122002,
        "median": 0.0635515674949,
        "min": -1.97912347317,
        "var": 0.455228745937
    },
    "erbbands_spread": {
        "dmean": 7.76042175293,
        "dmean2": 11.2857780457,
        "dvar": 52.2548561096,
        "dvar2": 107.441604614,
        "max": 102.76385498,
        "mean": 42.8568534851,
        "median": 41.8159294128,
        "min": 5.57892894745,
        "var": 270.199401855
    },
    "hfc": {
        "dmean": 8.34895324707,
        "dmean2": 11.3564558029,
        "dvar": 105.12134552,
        "dvar2": 173.555969238,
        "max": 195.383575439,
        "mean": 30.6316699982,
        "median": 26.2103996277,
        "min": 1.93652164936,
        "var": 556.854980469
    },
    "melbands_crest": {
        "dmean": 3.25766134262,
        "dmean2": 5.23482179642,
        "dvar": 9.01756858826,
        "dvar2": 21.3184585571,
        "max": 28.4949169159,
        "mean": 12.6034088135,
        "median": 11.6340751648,
        "min": 3.10321521759,
        "var": 23.804233551
    },
    "melbands_flatness_db": {
        "dmean": 0.022646792233,
        "dmean2": 0.033362839371,
        "dvar": 0.000466789846541,
        "dvar2": 0.000939264136832,
        "max": 0.335377246141,
        "mean": 0.160750687122,
        "median": 0.151955276728,
        "min": 0.0228881221265,
        "var": 0.00259259622544
    },
    "melbands_kurtosis": {
        "dmean": 4.97394514084,
        "dmean2": 7.72342538834,
        "dvar": 66.2543029785,
        "dvar2": 160.87121582,
        "max": 123.115501404,
        "mean": 8.70195293427,
        "median": 4.99393320084,
        "min": -1.65204000473,
        "var": 115.350242615
    },
    "melbands_skewness": {
        "dmean": 0.650712192059,
        "dmean2": 0.965915083885,
        "dvar": 0.528860747814,
        "dvar2": 1.18021798134,
        "max": 9.80412769318,
        "mean": 2.3124063015,
        "median": 2.14174318314,
        "min": -0.927273571491,
        "var": 1.77653694153
    },
    "melbands_spread": {
        "dmean": 8.7713727951,
        "dmean2": 13.1313495636,
        "dvar": 115.689605713,
        "dvar2": 198.665161133,
        "max": 187.554214478,
        "mean": 31.6978645325,
        "median": 27.8434581757,
        "min": 2.71108078957,
        "var": 526.772155762
    },
    "pitch_salience": {
        "dmean": 0.0709308609366,
        "dmean2": 0.113401122391,
        "dvar": 0.00455609057099,
        "dvar2": 0.0108329458162,
        "max": 0.837204039097,
        "mean": 0.579604506493,
        "median": 0.594171881676,
        "min": 0.208654731512,
        "var": 0.0101952292025
    },
    "silence_rate_20dB": {
        "dmean": 0,
        "dmean2": 0,
        "dvar": 0,
        "dvar2": 0,
        "max": 1,
        "mean": 1,
        "median": 1,
        "min": 1,
        "var": 0
    },
    "silence_rate_30dB": {
        "dmean": 0,
        "dmean2": 0,
        "dvar": 0,
        "dvar2": 0,
        "max": 1,
        "mean": 1,
        "median": 1,
        "min": 1,
        "var": 0
    },
    "silence_rate_60dB": {
        "dmean": 0,
        "dmean2": 0,
        "dvar": 0,
        "dvar2": 0,
        "max": 0,
        "mean": 0,
        "median": 0,
        "min": 0,
        "var": 0
    },
    "spectral_centroid": {
        "dmean": 275.389465332,
        "dmean2": 415.450286865,
        "dvar": 60078.2539062,
        "dvar2": 128438.875,
        "max": 3805.86279297,
        "mean": 1713.21362305,
        "median": 1707.99145508,
        "min": 342.2059021,
        "var": 346929
    },
    "spectral_complexity": {
        "dmean": 4.73374605179,
        "dmean2": 6.88536024094,
        "dvar": 18.5188808441,
        "dvar2": 36.6483612061,
        "max": 54,
        "mean": 24.2923431396,
        "median": 24,
        "min": 5,
        "var": 88.6353683472
    },
    "spectral_decrease": {
        "dmean": 2.21044360593e-09,
        "dmean2": 3.35001026919e-09,
        "dvar": 9.31799438579e-18,
        "dvar2": 2.15635712109e-17,
        "max": -7.53258844188e-10,
        "mean": -6.37998143205e-09,
        "median": -5.48094902797e-09,
        "min": -2.49575577982e-08,
        "var": 1.52805008382e-17
    },
    "spectral_energy": {
        "dmean": 0.00887035671622,
        "dmean2": 0.0133847212419,
        "dvar": 0.000140055795782,
        "dvar2": 0.000321718835039,
        "max": 0.0960595756769,
        "mean": 0.0268579088151,
        "median": 0.0234854929149,
        "min": 0.00314368098043,
        "var": 0.000244787428528
    },
    "spectral_energyband_high": {
        "dmean": 0.000587935501244,
        "dmean2": 0.000775767606683,
        "dvar": 1.04999730866e-06,
        "dvar2": 1.503914973e-06,
        "max": 0.0197233222425,
        "mean": 0.00160118169151,
        "median": 0.000875469355378,
        "min": 9.25647236727e-06,
        "var": 5.48409161638e-06
    },
    "spectral_energyband_low": {
        "dmean": 0.00401963898912,
        "dmean2": 0.00628046225756,
        "dvar": 0.000116125906061,
        "dvar2": 0.000272479461273,
        "max": 0.0873902589083,
        "mean": 0.00485803280026,
        "median": 0.00193571439013,
        "min": 2.47013031185e-06,
        "var": 0.000114611320896
    },
    "spectral_energyband_middle_high": {
        "dmean": 0.00262135313824,
        "dmean2": 0.00354836368933,
        "dvar": 1.1547233953e-05,
        "dvar2": 2.10899415833e-05,
        "max": 0.0554741621017,
        "mean": 0.00855945702642,
        "median": 0.00586716365069,
        "min": 0.000303725595586,
        "var": 6.59588404233e-05
    },
    "spectral_energyband_middle_low": {
        "dmean": 0.00502187386155,
        "dmean2": 0.00772319221869,
        "dvar": 4.2743042286e-05,
        "dvar2": 0.000101874102256,
        "max": 0.0563022345304,
        "mean": 0.0124851157889,
        "median": 0.0100042074919,
        "min": 0.001413706108,
        "var": 7.69662146922e-05
    },
    "spectral_entropy": {
        "dmean": 0.134623989463,
        "dmean2": 0.184447705746,
        "dvar": 0.0186098404229,
        "dvar2": 0.0302251856774,
        "max": 8.56172180176,
        "mean": 7.6311750412,
        "median": 7.62082099915,
        "min": 6.19787931442,
        "var": 0.120760276914
    },
    "spectral_flux": {
        "dmean": 0.0258714072406,
        "dmean2": 0.039675001055,
        "dvar": 0.0008792791632,
        "dvar2": 0.00201587029733,
        "max": 0.269548296928,
        "mean": 0.0921572893858,
        "median": 0.0839399918914,
        "min": 0.013140690513,
        "var": 0.00191689736675
    },
    "spectral_kurtosis": {
        "dmean": 1.3148277998,
        "dmean2": 2.23594856262,
        "dvar": 1.93079733849,
        "dvar2": 5.50040721893,
        "max": 15.043838501,
        "mean": 3.14341902733,
        "median": 2.86938142776,
        "min": -0.851353883743,
        "var": 3.76589393616
    },
    "spectral_rms": {
        "dmean": 0.000794599647634,
        "dmean2": 0.00117005384527,
        "dvar": 8.27343399123e-07,
        "dvar2": 1.76756225301e-06,
        "max": 0.00968073680997,
        "mean": 0.00491966772825,
        "median": 0.00478671863675,
        "min": 0.00175128690898,
        "var": 1.99967985282e-06
    },
    "spectral_rolloff": {
        "dmean": 625.497070312,
        "dmean2": 1003.38684082,
        "dvar": 702319.4375,
        "dvar2": 1245498.625,
        "max": 11261.8652344,
        "mean": 2176.88232422,
        "median": 1830.32226562,
        "min": 107.666015625,
        "var": 3258944
    },
    "spectral_skewness": {
        "dmean": 0.203903630376,
        "dmean2": 0.326451808214,
        "dvar": 0.039119116962,
        "dvar2": 0.0927916020155,
        "max": 2.9552500248,
        "mean": 1.15453183651,
        "median": 1.15210711956,
        "min": 0.0380100943148,
        "var": 0.131431624293
    },
    "spectral_spread": {
        "dmean": 543748.875,
        "dmean2": 698457.4375,
        "dvar": 476956098560,
        "dvar2": 696524537856,
        "max": 12250332,
        "mean": 4231258.5,
        "median": 3709814.25,
        "min": 2221567.25,
        "var": 2.52478829363e+12
    },
    "spectral_strongpeak": {
        "dmean": 0.752848446369,
        "dmean2": 1.24008870125,
        "dvar": 1.55149269104,
        "dvar2": 3.53041005135,
        "max": 12.9607467651,
        "mean": 1.36976444721,
        "median": 0.690753936768,
        "min": 0.0536150671542,
        "var": 2.89028334618
    },
    "zerocrossingrate": {
        "dmean": 0.0121643254533,
        "dmean2": 0.0130050741136,
        "dvar": 0.000220223737415,
        "dvar2": 0.000191279119463,
        "max": 0.3310546875,
        "mean": 0.0797699764371,
        "median": 0.072265625,
        "min": 0.01416015625,
        "var": 0.00208475464024
    },
    "barkbands": {
        "dmean": [2.05126816581e-05, 0.00269417162053, 0.00111156760249, 0.00109876331408, 0.00237676757388, 0.000987301347777, 0.00114770722575, 0.00119661807548, 0.000585227739066, 0.00100447947625, 0.000403649930377, 0.000583724235184, 0.000467294012196, 0.000645771971904, 0.000443638855359, 0.000383799022529, 0.000255454884609, 0.000322417472489, 0.000246955547482, 0.000241523724981, 0.000162230397109, 0.000111108929559, 9.7818498034e-05, 0.000130704123876, 0.000113832335046, 5.88471011724e-05, 2.42438380482e-09],
        "dmean2": [3.36560260621e-05, 0.00429522199556, 0.00201077433303, 0.00176837260369, 0.00394945172593, 0.001580644981, 0.00177585741039, 0.00190747366287, 0.000862527289428, 0.00146405945998, 0.000605785287917, 0.000850144482683, 0.000719752802979, 0.00100204651244, 0.000638032797724, 0.000601595151238, 0.000410559761804, 0.000497190689202, 0.000391606474295, 0.000369564950233, 0.000250206270721, 0.000160382449394, 0.000126353363157, 0.000164853743627, 0.000163997465279, 8.62389642862e-05, 4.56399273929e-09],
        "dvar": [2.67262389997e-09, 7.19465169823e-05, 1.00864599517e-05, 6.61455351292e-06, 8.88564045454e-06, 1.59432977398e-06, 4.98844610775e-06, 1.26941486087e-05, 1.99363012143e-06, 7.56136705604e-06, 1.41821010402e-06, 2.08991946238e-06, 9.92940385913e-07, 1.70664498e-06, 1.26268037093e-06, 6.14241230323e-07, 1.20952194038e-07, 1.85638370453e-07, 9.96468330072e-08, 1.26645247178e-07, 4.92799436813e-08, 4.61178757405e-08, 5.85839821099e-08, 2.05407474141e-07, 1.57591188099e-07, 1.53221275667e-08, 2.38640309702e-16],
        "dvar2": [6.81256340229e-09, 0.000160793264513, 2.93848588626e-05, 1.53469172801e-05, 2.42618207267e-05, 3.8514631342e-06, 1.08589056254e-05, 3.27633169945e-05, 4.35295532952e-06, 1.6420324755e-05, 2.59826674665e-06, 3.67536199519e-06, 2.24261361836e-06, 3.8601920096e-06, 2.46802119364e-06, 1.27692362639e-06, 3.08181654418e-07, 3.76977624228e-07, 2.215798105e-07, 2.81456664197e-07, 1.00478516174e-07, 1.02013345327e-07, 8.20999161988e-08, 3.0756899605e-07, 3.25014326563e-07, 3.3744868233e-08, 7.02690856806e-16],
        "max": [0.000737925292924, 0.0701059922576, 0.0250648129731, 0.0254026949406, 0.030919527635, 0.0181048288941, 0.0327843502164, 0.0460193902254, 0.0205389987677, 0.0484850294888, 0.0310042761266, 0.0307845287025, 0.0150085985661, 0.0169857535511, 0.0241773352027, 0.0191587582231, 0.00313931074925, 0.00730046397075, 0.00469971634448, 0.00416193297133, 0.00392451463267, 0.00561781041324, 0.00448455335572, 0.00974764488637, 0.0100326826796, 0.00142074201722, 2.89829955591e-07],
        "mean": [2.08303790714e-05, 0.00311974296346, 0.00115588714834, 0.00123012182303, 0.00451538106427, 0.00215673469938, 0.0019756576512, 0.00158030947205, 0.000890097988304, 0.00158865679987, 0.000647696491797, 0.00108695670497, 0.000804921030067, 0.00113137392327, 0.000798378430773, 0.000638264231384, 0.000437145994511, 0.000668581982609, 0.000482525239931, 0.000525408831891, 0.000404656719184, 0.00029956389335, 0.000203053874429, 0.000243326008786, 0.000182563293492, 7.00901655364e-05, 1.63078928139e-09],
        "median": [4.61258423456e-06, 0.000472743413411, 0.000378502416424, 0.000514105078764, 0.00343807181343, 0.00156943663023, 0.000607126450632, 0.000451504980447, 0.000328039459419, 0.000285531074042, 0.000150842912262, 0.000289861898636, 0.000287100701826, 0.000381346646463, 0.000230131190619, 0.000349291949533, 0.00031165004475, 0.000454289722256, 0.000353419687599, 0.000326789100654, 0.000243539267103, 0.000158318231115, 7.76898305048e-05, 3.80852288799e-05, 1.30460830405e-05, 3.01680574921e-06, 3.8271419367e-10],
        "min": [2.75940981176e-09, 3.18590082315e-07, 5.29747268274e-08, 1.64381128798e-06, 5.83424252909e-06, 4.57491441921e-05, 1.57618103458e-06, 2.88232808998e-06, 2.24476502808e-06, 4.62197931483e-06, 1.3340481928e-06, 9.56003987085e-06, 4.09428912462e-06, 3.99439295506e-06, 5.69124904359e-06, 6.46973285257e-06, 5.46067167306e-06, 6.01525061938e-06, 5.15885813002e-06, 6.8805175033e-06, 1.82275107363e-06, 4.98767008139e-07, 3.54210612841e-07, 1.78989871813e-08, 1.56766891135e-11, 6.54235303085e-12, 8.12575267489e-12],
        "var": [2.66403210603e-09, 7.22269396647e-05, 6.64773870085e-06, 6.66306050334e-06, 1.57948543347e-05, 3.88291027775e-06, 1.23130312204e-05, 1.4287538761e-05, 2.86880754174e-06, 1.63647873705e-05, 3.15111583404e-06, 5.47779382032e-06, 2.00326053346e-06, 3.87518275602e-06, 3.56248460776e-06, 1.15282625757e-06, 1.98893374659e-07, 5.84207612064e-07, 2.31498447079e-07, 3.17704746067e-07, 2.18850175315e-07, 1.76302165755e-07, 2.26333511932e-07, 7.86926989349e-07, 4.7829473715e-07, 2.55800269855e-08, 1.25366646606e-16]
    },
    "erbbands": {
        "dmean": [0.0489365272224, 0.716647267342, 1.52212655544, 2.39337444305, 5.31548786163, 9.6440782547, 10.2801265717, 8.64491939545, 14.1377696991, 20.9941596985, 23.3879947662, 12.4380302429, 20.2467308044, 28.9635620117, 18.2411022186, 21.2995567322, 20.346654892, 28.3829421997, 25.7989730835, 19.6310462952, 22.0884914398, 12.7257261276, 15.6888742447, 14.6101016998, 11.0864725113, 10.7796697617, 6.12013912201, 6.61758184433, 4.08478164673, 2.66551876068, 2.68622303009, 2.4033601284, 2.34264731407, 1.30391848087, 0.822658360004, 0.281198143959, 0.114460319281, 0.0133563987911, 0.000232041347772, 1.97316840058e-05],
        "dmean2": [0.0745587572455, 1.14710819721, 2.69160413742, 3.88229322433, 9.05689907074, 16.0270633698, 16.6265487671, 13.5011453629, 22.0106086731, 32.5932807922, 36.6606636047, 18.5177021027, 29.9475097656, 41.9968032837, 27.1747245789, 31.265827179, 30.7718238831, 43.1285362244, 37.555431366, 28.5331783295, 33.9231338501, 20.3184337616, 23.6553230286, 23.547208786, 16.6747379303, 16.9273357391, 9.65689182281, 10.1861524582, 6.02785491943, 3.68774819374, 3.60161519051, 3.19424581528, 3.04146647453, 1.88258802891, 1.18883681297, 0.404415816069, 0.174933642149, 0.0207830052823, 0.000355614174623, 2.84887701127e-05],
        "dvar": [0.023375287652, 5.10187625885, 20.7413635254, 27.7669048309, 86.3616943359, 173.035049438, 197.994247437, 141.018951416, 680.442871094, 2730.58520508, 4927.83154297, 807.700622559, 3193.17895508, 7414.00683594, 1894.65515137, 2944.67504883, 1695.62207031, 3781.1237793, 3330.62841797, 2707.0625, 2215.20581055, 282.076263428, 524.979248047, 287.313446045, 241.466018677, 285.293548584, 63.5611877441, 115.195732117, 80.3516921997, 28.6798839569, 40.931427002, 54.3694267273, 80.4750900269, 22.9958572388, 9.12030029297, 0.507769048214, 0.0619267337024, 0.000933721079491, 2.60935252072e-07, 8.0412893011e-10],
        "dvar2": [0.048309288919, 11.8999347687, 58.5868682861, 64.8217926025, 233.579803467, 496.974639893, 510.055908203, 327.323913574, 1504.77587891, 6763.88134766, 12329.6513672, 1801.09008789, 7474.82324219, 15552.2460938, 3770.1784668, 5310.84423828, 4067.99536133, 8171.24316406, 6972.20117188, 4595.54199219, 4528.52978516, 656.320495605, 1009.34210205, 706.349487305, 469.506256104, 673.596252441, 142.784500122, 235.729721069, 179.943252563, 52.9385452271, 63.3904304504, 93.4429931641, 123.150527954, 46.9845275879, 19.3606376648, 1.14088213444, 0.13729685545, 0.00216580647975, 5.97120390466e-07, 1.68263303291e-09],
        "max": [1.3058142662, 18.5344905853, 36.4296226501, 50.8059463501, 96.1652526855, 143.689651489, 167.463790894, 190.847702026, 375.81137085, 676.972839355, 976.468139648, 579.361450195, 987.363586426, 1942.30603027, 978.714416504, 1160.55029297, 697.044677734, 997.16027832, 999.351257324, 1421.0904541, 1296.37060547, 191.020172119, 443.104125977, 192.677047729, 282.031616211, 237.087417603, 117.745033264, 238.319564819, 258.42666626, 127.399551392, 108.897026062, 138.88092041, 192.026550293, 97.0698318481, 82.4759979248, 14.9869890213, 1.9352684021, 0.239604592323, 0.00397078320384, 0.000341815961292],
        "mean": [0.0515464134514, 0.816388785839, 1.65728855133, 2.74663519859, 7.22478437424, 16.6731262207, 19.7694568634, 19.2623310089, 26.2432117462, 33.0341072083, 32.5007171631, 19.6557178497, 32.4511566162, 46.9373779297, 35.7541694641, 39.5880470276, 36.9331741333, 54.658493042, 48.0486526489, 38.9975814819, 38.3041877747, 25.5715904236, 34.1687583923, 31.3978900909, 24.5755577087, 23.7735404968, 15.259850502, 17.6301593781, 11.0750112534, 6.30660009384, 5.56152248383, 4.51301908493, 4.25205755234, 2.11648344994, 1.31080830097, 0.3956553936, 0.123108170927, 0.0126898372546, 0.000251915713307, 4.69081605843e-05],
        "median": [0.00747293699533, 0.131204262376, 0.520455956459, 1.26106846333, 4.72390317917, 11.2289066315, 12.9926118851, 12.9525022507, 12.1316986084, 8.89206504822, 11.3384122849, 8.79402828217, 9.97150325775, 10.8527135849, 12.0048007965, 12.3242235184, 15.1477470398, 20.1505489349, 15.8122520447, 15.8414907455, 21.4449043274, 18.5137214661, 22.4780082703, 24.3893241882, 17.1763839722, 14.8894510269, 10.2004489899, 10.3248214722, 6.14154672623, 2.98679685593, 2.12242627144, 1.02486979961, 0.497984170914, 0.197072029114, 0.0709547251463, 0.0224321838468, 0.00366573175415, 0.000220792091568, 2.65822982328e-05, 3.53961077053e-05],
        "min": [1.47952705447e-05, 0.000119355507195, 0.000563629029784, 0.0134675409645, 0.0238768551499, 0.0480036363006, 0.405478805304, 0.248421058059, 0.19839027524, 0.282989025116, 0.122805945575, 0.102631345391, 0.205565288663, 0.327087253332, 0.408315211535, 0.601961195469, 0.36549064517, 0.291963428259, 0.402502000332, 0.380819767714, 0.634161472321, 0.36658012867, 0.385971963406, 0.36133185029, 0.564843714237, 0.283937484026, 0.0648296698928, 0.0474788174033, 0.0247215516865, 0.0305123850703, 0.00858028512448, 0.00310321664438, 0.000397669675294, 4.31610133091e-05, 1.21689836305e-05, 6.16141551291e-06, 2.93827474707e-06, 5.21151264365e-07, 2.06472191167e-06, 4.11683231505e-06],
        "var": [0.0258094798774, 4.82634973526, 14.5854663849, 27.6761035919, 80.6312866211, 290.898529053, 450.224090576, 391.890380859, 1730.36877441, 4654.4375, 5586.33984375, 1153.87353516, 5417.21240234, 13008.7734375, 5186.09082031, 6495.72216797, 3213.37353516, 9449.11230469, 8030.08642578, 9994.109375, 4396.98876953, 610.83190918, 1774.29333496, 728.888122559, 680.350708008, 630.671508789, 228.358932495, 536.761352539, 255.312301636, 114.75164032, 157.291687012, 186.719360352, 296.899383545, 60.2781257629, 29.3563175201, 1.3372592926, 0.0797176584601, 0.00100166758057, 3.05108926568e-07, 1.66977265348e-09]
    },
    "gfcc": {
        "mean": [19.3287696838, 86.2232666016, -146.215530396, 39.7250518799, -71.4076690674, 0.757525205612, -45.6232376099, -3.61030030251, -29.5381946564, -1.56220638752, -13.7875003815, -2.38895010948, -7.76656770706],
        "cov": [[2493.44799805, -1231.14245605, 638.207458496, -307.930328369, 22.4569683075, 458.229919434, -95.3840484619, 416.78338623, -179.94178772, 309.397247314, -274.18951416, 167.847824097, -303.621612549], [-1231.14245605, 1520.50866699, -468.333190918, 404.878234863, 262.706604004, -254.220474243, 392.428588867, -199.448928833, 277.171875, -227.552322388, 252.181045532, -132.359771729, 218.21887207], [638.207458496, -468.333190918, 1079.24890137, 148.285293579, 187.195983887, 213.428070068, -144.600723267, 267.357788086, -77.1277542114, 208.968505859, -126.27141571, 148.784973145, -78.9829864502], [-307.930328369, 404.878234863, 148.285293579, 557.981384277, 273.660064697, 18.0351848602, 119.061584473, -26.4420261383, 157.478652954, 22.3642520905, 59.7341346741, -10.8342504501, 135.214645386], [22.4569683075, 262.706604004, 187.195983887, 273.660064697, 379.95413208, 64.6845397949, 133.500411987, 66.0028991699, 77.9599609375, 38.0360450745, 8.74064445496, 38.2344551086, 51.346118927], [458.229919434, -254.220474243, 213.428070068, 18.0351848602, 64.6845397949, 249.417373657, 41.3946647644, 101.807182312, -39.637096405, 67.7670822144, -34.5915412903, 44.3458251953, -28.0648193359], [-95.3840484619, 392.428588867, -144.600723267, 119.061584473, 133.500411987, 41.3946647644, 295.7706604, -18.545589447, 69.9217147827, -29.6507015228, 66.7383651733, -11.543261528, 41.7465057373], [416.78338623, -199.448928833, 267.357788086, -26.4420261383, 66.0028991699, 101.807182312, -18.545589447, 220.808898926, 2.95257854462, 77.0401229858, -39.8162155151, 43.3699073792, -39.2415046692], [-179.94178772, 277.171875, -77.1277542114, 157.478652954, 77.9599609375, -39.637096405, 69.9217147827, 2.95257854462, 167.039123535, 3.13143801689, 53.1767234802, -33.0156707764, 48.2112350464], [309.397247314, -227.552322388, 208.968505859, 22.3642520905, 38.0360450745, 67.7670822144, -29.6507015228, 77.0401229858, 3.13143801689, 178.953094482, -30.1238880157, 50.5069160461, -49.8897285461], [-274.18951416, 252.181045532, -126.27141571, 59.7341346741, 8.74064445496, -34.5915412903, 66.7383651733, -39.8162155151, 53.1767234802, -30.1238880157, 136.391265869, -13.5150232315, 49.4295578003], [167.847824097, -132.359771729, 148.784973145, -10.8342504501, 38.2344551086, 44.3458251953, -11.543261528, 43.3699073792, -33.0156707764, 50.5069160461, -13.5150232315, 91.0612640381, -9.80342578888], [-303.621612549, 218.21887207, -78.9829864502, 135.214645386, 51.346118927, -28.0648193359, 41.7465057373, -39.2415046692, 48.2112350464, -49.8897285461, 49.4295578003, -9.80342578888, 119.959823608]],
        "icov": [[0.00135179422796, 0.000449176150141, 0.000317687838105, -9.89194304566e-05, -8.18084154162e-05, -0.00115382380318, -0.000362454738934, -0.00125987513456, -9.99089606921e-05, -0.000292471115245, 0.000972475274466, -0.000748641556129, 0.00186070788186], [0.000449176150141, 0.00420081801713, -0.000817158317659, 0.000180753762834, -0.00177176017314, 0.00294774584472, -0.00382624426857, 0.00089230685262, -0.00239029806107, 0.00241720257327, -0.00267745112069, 0.00232981937006, -0.000915584154427], [0.000317687838105, -0.000817158317659, 0.00291295535862, -0.00179586990271, 6.7008237238e-05, -0.00149309774861, 0.00203847768717, -0.00269182515331, 0.00194496137556, -0.00112893048208, 0.00138370285276, -0.00273132277653, 0.00222024507821], [-9.89194304566e-05, 0.000180753762834, -0.00179586990271, 0.00589690543711, -0.00253227725625, -0.000350083602825, -0.000547635543626, 0.00308526144363, -0.00346372346394, -0.00107009487692, -0.000400077929953, 0.00252789794467, -0.00488811964169], [-8.18084154162e-05, -0.00177176017314, 6.7008237238e-05, -0.00253227725625, 0.00641626678407, -0.00110662146471, -0.000447231606813, -0.0019209998427, 0.000700604985468, -0.000616262608673, 0.00227405200712, -0.00312280608341, 0.000706272432581], [-0.00115382380318, 0.00294774584472, -0.00149309774861, -0.000350083602825, -0.00110662146471, 0.0101323407143, -0.00468984106556, -5.892443005e-05, 0.000575389480218, 0.0011828597635, -0.00277050188743, 0.00261328578927, -0.00279827974737], [-0.000362454738934, -0.00382624426857, 0.00203847768717, -0.000547635543626, -0.000447231606813, -0.00468984106556, 0.00937958806753, -0.000740409421269, 0.0012906662887, -0.00139118591323, 0.000709660525899, -0.00271807541139, 0.00197843019851], [-0.00125987513456, 0.00089230685262, -0.00269182515331, 0.00308526144363, -0.0019209998427, -5.892443005e-05, -0.000740409421269, 0.0107183633372, -0.00435596751049, 0.000301640393445, -0.00144635851029, 0.00175030948594, -0.00287446915172], [-9.99089606921e-05, -0.00239029806107, 0.00194496137556, -0.00346372346394, 0.000700604985468, 0.000575389480218, 0.0012906662887, -0.00435596751049, 0.0137753123417, -0.00366434478201, -0.000454207707662, 0.0017985526938, 0.000514699204359], [-0.000292471115245, 0.00241720257327, -0.00112893048208, -0.00107009487692, -0.000616262608673, 0.0011828597635, -0.00139118591323, 0.000301640393445, -0.00366434478201, 0.0112398602068, -0.00202270643786, -0.00238218321465, 0.00323478272185], [0.000972475274466, -0.00267745112069, 0.00138370285276, -0.000400077929953, 0.00227405200712, -0.00277050188743, 0.000709660525899, -0.00144635851029, -0.000454207707662, -0.00202270643786, 0.0134871155024, -0.00388002162799, -0.000180846094736], [-0.000748641556129, 0.00232981937006, -0.00273132277653, 0.00252789794467, -0.00312280608341, 0.00261328578927, -0.00271807541139, 0.00175030948594, 0.0017985526938, -0.00238218321465, -0.00388002162799, 0.0201468095183, -0.00578253855929], [0.00186070788186, -0.000915584154427, 0.00222024507821, -0.00488811964169, 0.000706272432581, -0.00279827974737, 0.00197843019851, -0.00287446915172, 0.000514699204359, 0.00323478272185, -0.000180846094736, -0.00578253855929, 0.0198373571038]]
    },
    "melbands": {
        "dmean": [0.000611660187133, 0.000858275045175, 0.000468426529551, 0.000518260523677, 0.00037524200161, 0.000186756136827, 0.000220704358071, 0.000248664640822, 0.000173984110006, 7.62203562772e-05, 0.000110234395834, 0.000130894884933, 6.18782287347e-05, 7.04957565176e-05, 4.38679235231e-05, 5.28476084583e-05, 5.54038269911e-05, 4.81463466713e-05, 2.88517021545e-05, 2.30908117373e-05, 2.86116246571e-05, 1.42539911394e-05, 1.4884148186e-05, 1.71100855368e-05, 1.27997946038e-05, 9.05493197934e-06, 1.02324365798e-05, 6.92425146553e-06, 4.26559199695e-06, 4.11541986978e-06, 4.3351669774e-06, 2.84248199023e-06, 1.7744151819e-06, 1.72646900864e-06, 1.74995886937e-06, 1.52413133492e-06, 1.615343308e-06, 1.9750402771e-06, 1.29553393435e-06, 1.11859833396e-06],
        "dmean2": [0.000964386272244, 0.00143928977195, 0.000763916468713, 0.000883851957042, 0.000600070692599, 0.000291434233077, 0.00034381300793, 0.000389225431718, 0.000271025812253, 0.000112506604637, 0.000161698204465, 0.000188746067579, 9.16173885344e-05, 0.000103129852505, 6.69063301757e-05, 7.96447129687e-05, 8.47842311487e-05, 7.14080306352e-05, 4.19766365667e-05, 3.47777568095e-05, 4.48057908216e-05, 2.34222879953e-05, 2.29944525927e-05, 2.685349682e-05, 2.07580287679e-05, 1.43547395055e-05, 1.55537127284e-05, 1.10953305921e-05, 6.73764407111e-06, 6.64885465085e-06, 6.67287667966e-06, 4.30623822467e-06, 2.55852341979e-06, 2.44154989559e-06, 2.42505620918e-06, 2.07119296647e-06, 2.28156295634e-06, 2.64029813479e-06, 1.80907409231e-06, 1.67867972323e-06],
        "dvar": [3.70133716387e-06, 6.95421158525e-06, 9.35225273224e-07, 5.59336797323e-07, 2.25963290745e-07, 6.27007992193e-08, 1.64301980021e-07, 3.85377120438e-07, 2.49365939453e-07, 3.1728124128e-08, 9.0803418118e-08, 1.47907357473e-07, 2.94529165501e-08, 3.89070429208e-08, 1.08240501007e-08, 1.28397115162e-08, 1.35807916024e-08, 1.1303654901e-08, 7.6749691047e-09, 2.7400275382e-09, 3.40698647072e-09, 3.73625019812e-10, 4.97425267643e-10, 6.18443518619e-10, 2.18141837927e-10, 1.61088378747e-10, 2.86175999564e-10, 1.28062740967e-10, 4.16619343191e-11, 3.03449002037e-11, 7.04422145614e-11, 5.39434157065e-11, 7.4394188726e-12, 1.79189389021e-11, 1.47593100935e-11, 2.85122325056e-11, 2.82947137942e-11, 6.3134358852e-11, 2.19402170043e-11, 2.02307962049e-11],
        "dvar2": [7.82754341344e-06, 1.81940649782e-05, 2.22513813242e-06, 1.56434612109e-06, 5.75179967655e-07, 1.45125525819e-07, 3.56101622856e-07, 9.88020701698e-07, 6.10598931416e-07, 6.94424997505e-08, 2.0708739612e-07, 3.09693803047e-07, 5.76305261291e-08, 6.7064597431e-08, 2.59529482349e-08, 2.86104686609e-08, 2.93062925039e-08, 2.40835866805e-08, 1.4939915971e-08, 4.94385066219e-09, 7.21209714172e-09, 9.19835818625e-10, 9.28136623113e-10, 1.3509598995e-09, 5.59601920358e-10, 3.45459660878e-10, 5.91173610065e-10, 3.14040876637e-10, 9.59164553338e-11, 7.54623724619e-11, 1.39827607826e-10, 1.24767446374e-10, 1.54261100421e-11, 3.51486652284e-11, 2.78288191102e-11, 4.5992796377e-11, 5.27452560795e-11, 1.06414009549e-10, 4.04628969219e-11, 4.64778701637e-11],
        "max": [0.0165541395545, 0.0215422157198, 0.00931400153786, 0.00844895094633, 0.00586290145293, 0.00415426958352, 0.00576192233711, 0.00646643107757, 0.0067090424709, 0.00326279178262, 0.00553085654974, 0.00843674503267, 0.00422008382156, 0.00474311923608, 0.00130368000828, 0.00165403343271, 0.00175691675395, 0.00157249881886, 0.00245384103619, 0.00134586694185, 0.0014610439539, 0.000212377985008, 0.000495034677442, 0.000453817017842, 0.000168004960869, 0.000238377193455, 0.000264461443294, 0.000150251638843, 8.1691709056e-05, 5.80664309382e-05, 0.000186503384612, 0.000220628659008, 5.07851909788e-05, 9.47324951994e-05, 7.02346660546e-05, 0.000125306280097, 0.000108185719, 0.000186272591236, 8.3143109805e-05, 8.78344726516e-05],
        "mean": [0.000689461245202, 0.000991608481854, 0.000584446301218, 0.000847762625199, 0.000744733784813, 0.000417166185798, 0.000411002663895, 0.00036932353396, 0.000239835237153, 0.000117286523164, 0.000174040149432, 0.000208580779145, 0.000109499989776, 0.00013248329924, 7.04983467585e-05, 9.27713408601e-05, 0.00010179245146, 8.39099739096e-05, 5.2500206948e-05, 4.18661875301e-05, 4.61079471279e-05, 2.44338389166e-05, 2.86357626464e-05, 3.30348557327e-05, 2.4955097615e-05, 1.65352867043e-05, 2.1269721401e-05, 1.38495561259e-05, 9.59573026194e-06, 8.49763000588e-06, 1.16202672871e-05, 7.17212742529e-06, 3.89420847569e-06, 3.43634405908e-06, 3.35095296577e-06, 2.79057530861e-06, 2.79058622255e-06, 3.33911589223e-06, 2.12039162761e-06, 1.67760833847e-06],
        "median": [0.000106791470898, 0.000310214440105, 0.000308341957862, 0.000586049398407, 0.000522424525116, 0.00028112862492, 0.000184861753951, 0.000103533442598, 8.44406968099e-05, 4.6947527153e-05, 4.90678467031e-05, 4.2551124352e-05, 3.03894958051e-05, 3.34678879881e-05, 2.8485814255e-05, 3.02780426864e-05, 3.31569754053e-05, 2.50890661846e-05, 1.78960726771e-05, 2.053227945e-05, 2.47657026193e-05, 1.75478544406e-05, 1.73848347913e-05, 2.08276596823e-05, 1.87277746591e-05, 1.12320039989e-05, 1.20866579891e-05, 8.06954358268e-06, 5.33840375283e-06, 5.88716920902e-06, 5.53290556127e-06, 3.51097014573e-06, 1.93187793229e-06, 1.33047058171e-06, 1.30487444494e-06, 7.37571326681e-07, 5.4508291214e-07, 4.17282535636e-07, 1.77230361942e-07, 1.51630544565e-07],
        "min": [7.41190433473e-08, 2.33420337281e-07, 1.61100035712e-06, 2.192230113e-06, 1.22251858556e-05, 5.38808308193e-06, 5.16585600963e-07, 8.45710133035e-07, 7.59358442792e-07, 3.2070403222e-07, 1.00143688542e-06, 7.01026351635e-07, 8.78279763583e-07, 8.24653739073e-07, 5.617183092e-07, 5.26186283878e-07, 4.00937608447e-07, 5.03766557358e-07, 3.28234563085e-07, 7.61641786085e-07, 3.07096740926e-07, 3.82774373975e-07, 4.02101761665e-07, 2.60030134314e-07, 2.24779171276e-07, 2.07136878316e-07, 5.04785418798e-07, 6.32913952359e-08, 1.59449911052e-08, 4.37995879565e-08, 1.60531090643e-08, 1.09212416888e-09, 2.48432918681e-09, 1.13199041252e-08, 4.90399010289e-09, 1.24154686532e-09, 2.39272185398e-10, 1.77135597856e-10, 1.2960312077e-12, 1.57061050363e-13],
