{
"highlevel": {
    "danceability": {
        "all": {
            "danceable": 0.999865055084,
            "not_danceable": 0.000134931891807
        },
        "probability": 0.999865055084,
        "value": "danceable"
    },
    "gender": {
        "all": {
            "female": 0.813898563385,
            "male": 0.186101451516
        },
        "probability": 0.813898563385,
        "value": "female"
    },
    "genre_dortmund": {
        "all": {
            "alternative": 0.0683794170618,
            "blues": 0.0720256716013,
            "electronic": 0.0481572970748,
            "folkcountry": 0.0662025287747,
            "funksoulrnb": 0.0628310143948,
            "jazz": 0.11563641578,
            "pop": 0.174738824368,
            "raphiphop": 0.13721652329,
            "rock": 0.254812300205
        },
        "probability": 0.254812300205,
        "value": "rock"
    },
    "genre_electronic": {
        "all": {
            "ambient": 0.363901108503,
            "dnb": 0.200918287039,
            "house": 0.0979621782899,
            "techno": 0.0212470442057,
            "trance": 0.315971374512
        },
        "probability": 0.363901108503,
        "value": "ambient"
    },
    "genre_rosamerica": {
        "all": {
            "cla": 0.00161418900825,
            "dan": 0.0124019477516,
            "hip": 0.0516795180738,
            "jaz": 0.00821744371206,
            "pop": 0.845235824585,
            "rhy": 0.0543940104544,
            "roc": 0.0256129913032,
            "spe": 0.00084404728841
        },
        "probability": 0.845235824585,
        "value": "pop"
    },
    "genre_tzanetakis": {
        "all": {
            "blu": 0.0626613423228,
            "cla": 0.0348169617355,
            "cou": 0.104475811124,
            "dis": 0.0784321576357,
            "hip": 0.15692435205,
            "jaz": 0.313974827528,
            "met": 0.0448166541755,
            "pop": 0.0627359300852,
            "reg": 0.0627360641956,
            "roc": 0.0784258767962
        },
        "probability": 0.313974827528,
        "value": "jaz"
    },
    "ismir04_rhythm": {
        "all": {
            "ChaChaCha": 0.0261468011886,
            "Jive": 0.101279847324,
            "Quickstep": 0.265861213207,
            "Rumba-American": 0.0204495955259,
            "Rumba-International": 0.0204244665802,
            "Rumba-Misc": 0.00642165495083,
            "Samba": 0.537608385086,
            "Tango": 0.00957269687206,
            "VienneseWaltz": 0.0072498829104,
            "Waltz": 0.00498542748392
        },
        "probability": 0.537608385086,
        "value": "Samba"
    },
    "mood_acoustic": {
        "all": {
            "acoustic": 0.00930303614587,
            "not_acoustic": 0.990696966648
        },
        "probability": 0.990696966648,
        "value": "not_acoustic"
    },
    "mood_aggressive": {
        "all": {
            "aggressive": 0.535427391529,
            "not_aggressive": 0.464572608471
        },
        "probability": 0.535427391529,
        "value": "aggressive"
    },
    "mood_electronic": {
        "all": {
            "electronic": 0.694600403309,
            "not_electronic": 0.305399626493
        },
        "probability": 0.694600403309,
        "value": "electronic"
    },
    "mood_happy": {
        "all": {
            "happy": 0.766112565994,
            "not_happy": 0.233887419105
        },
        "probability": 0.766112565994,
        "value": "happy"
    },
    "mood_party": {
        "all": {
            "not_party": 0.273527085781,
            "party": 0.726472914219
        },
        "probability": 0.726472914219,
        "value": "party"
    },
    "mood_relaxed": {
        "all": {
            "not_relaxed": 0.508438646793,
            "relaxed": 0.491561353207
        },
        "probability": 0.508438646793,
        "value": "not_relaxed"
    },
    "mood_sad": {
        "all": {
            "not_sad": 0.789995074272,
            "sad": 0.210004940629
        },
        "probability": 0.789995074272,
        "value": "not_sad"
    },
    "moods_mirex": {
        "all": {
            "Cluster1": 0.393855750561,
            "Cluster2": 0.235778272152,
            "Cluster3": 0.116211816669,
            "Cluster4": 0.136663779616,
            "Cluster5": 0.117490388453
        },
        "probability": 0.393855750561,
        "value": "Cluster1"
    },
    "timbre": {
        "all": {
            "bright": 0.995886623859,
            "dark": 0.00411336123943
        },
        "probability": 0.995886623859,
        "value": "bright"
    },
    "tonal_atonal": {
        "all": {
            "atonal": 0.0392320677638,
            "tonal": 0.960767924786
        },
        "probability": 0.960767924786,
        "value": "tonal"
    },
    "voice_instrumental": {
        "all": {
            "instrumental": 0.25790733099,
            "voice": 0.74209266901
        },
        "probability": 0.74209266901,
        "value": "voice"
    }
},
"lowlevel": {
    "average_loudness": 0.980920374393,
    "barkbands_crest": {
        "dmean": 3.1071999073,
        "dmean2": 4.73310041428,
        "dvar": 7.49909543991,
        "dvar2": 16.9640541077,
        "max": 24.9795818329,
        "mean": 10.5571899414,
        "median": 9.77763557434,
        "min": 2.27595591545,
        "var": 22.1455249786
    },
    "barkbands_flatness_db": {
        "dmean": 0.0254208091646,
        "dmean2": 0.0369666814804,
        "dvar": 0.000544871611055,
        "dvar2": 0.00124798307661,
        "max": 0.287837684155,
        "mean": 0.119231529534,
        "median": 0.116397842765,
        "min": 0.0312297660857,
        "var": 0.00203988910653
    },
    "barkbands_kurtosis": {
        "dmean": 2.10198330879,
        "dmean2": 3.41972255707,
        "dvar": 12.8494691849,
        "dvar2": 32.1581878662,
        "max": 68.2855834961,
        "mean": 2.13603401184,
        "median": 0.909990310669,
        "min": -1.79364788532,
        "var": 24.67029953
    },
    "barkbands_skewness": {
        "dmean": 0.528929173946,
        "dmean2": 0.842699050903,
        "dvar": 0.285239309072,
        "dvar2": 0.666947484016,
        "max": 7.67429494858,
        "mean": 1.19035089016,
        "median": 0.998488485813,
        "min": -1.18904554844,
        "var": 0.87851190567
    },
    "barkbands_spread": {
        "dmean": 8.10683345795,
        "dmean2": 11.8398580551,
        "dvar": 60.1857414246,
        "dvar2": 128.200469971,
        "max": 99.0200271606,
        "mean": 30.1451454163,
        "median": 27.4240837097,
        "min": 3.3820567131,
        "var": 185.904876709
    },
    "dissonance": {
        "dmean": 0.0216245800257,
        "dmean2": 0.0361638218164,
        "dvar": 0.000448309641797,
        "dvar2": 0.00117239251267,
        "max": 0.49960565567,
        "mean": 0.458999723196,
        "median": 0.468490749598,
        "min": 0.313794314861,
        "var": 0.00105164642446
    },
    "dynamic_complexity": 2.02420496941,
    "erbbands_crest": {
        "dmean": 3.78922724724,
        "dmean2": 5.95960330963,
        "dvar": 12.2633371353,
        "dvar2": 28.1039466858,
        "max": 30.0435581207,
        "mean": 11.4229478836,
        "median": 10.0282058716,
        "min": 2.59734249115,
        "var": 36.8885116577
    },
    "erbbands_flatness_db": {
        "dmean": 0.0195678398013,
        "dmean2": 0.0288413129747,
        "dvar": 0.000335977907525,
        "dvar2": 0.000641360122245,
        "max": 0.286678463221,
        "mean": 0.136794626713,
        "median": 0.130206853151,
        "min": 0.065866433084,
        "var": 0.00151759653818
    },
    "erbbands_kurtosis": {
        "dmean": 1.37206554413,
        "dmean2": 2.11681056023,
        "dvar": 3.11992454529,
        "dvar2": 7.76645088196,
        "max": 19.357460022,
        "mean": 1.38119244576,
        "median": 0.398168087006,
        "min": -1.54919099808,
        "var": 7.67162942886
    },
    "erbbands_skewness": {
        "dmean": 0.404013842344,
        "dmean2": 0.618981361389,
        "dvar": 0.125955939293,
        "dvar2": 0.29319280386,
        "max": 3.1986207962,
        "mean": 0.673446714878,
        "median": 0.617135584354,
        "min": -1.51422905922,
        "var": 0.544252991676
    },
    "erbbands_spread": {
        "dmean": 10.0345315933,
        "dmean2": 15.1213827133,
        "dvar": 101.691345215,
        "dvar2": 233.231658936,
        "max": 119.228157043,
        "mean": 37.5669021606,
        "median": 36.7692832947,
        "min": 4.19972419739,
        "var": 316.906402588
    },
    "hfc": {
        "dmean": 12.6847696304,
        "dmean2": 17.5792064667,
        "dvar": 241.661254883,
        "dvar2": 435.608428955,
        "max": 121.170753479,
        "mean": 31.0276737213,
        "median": 22.4826068878,
        "min": 1.80453717709,
        "var": 615.823364258
    },
    "melbands_crest": {
        "dmean": 3.87182497978,
        "dmean2": 6.19389152527,
        "dvar": 12.9299430847,
        "dvar2": 32.3470420837,
        "max": 34.5535545349,
        "mean": 14.8078069687,
        "median": 13.3248052597,
        "min": 3.73052048683,
        "var": 38.5886383057
    },
    "melbands_flatness_db": {
        "dmean": 0.0313785858452,
        "dmean2": 0.0462784096599,
        "dvar": 0.000909254304133,
        "dvar2": 0.00220415275544,
        "max": 0.364517718554,
        "mean": 0.165244311094,
        "median": 0.162050262094,
        "min": 0.0368308909237,
        "var": 0.00329878204502
    },
    "melbands_kurtosis": {
        "dmean": 6.07780265808,
        "dmean2": 10.0671672821,
        "dvar": 128.885864258,
        "dvar2": 323.987426758,
        "max": 222.598800659,
        "mean": 9.49717712402,
        "median": 4.51533937454,
        "min": -1.41575968266,
        "var": 271.712768555
    },
    "melbands_skewness": {
        "dmean": 0.761037290096,
        "dmean2": 1.20543479919,
        "dvar": 0.729076981544,
        "dvar2": 1.71796560287,
        "max": 12.4712076187,
        "mean": 2.16831851006,
        "median": 1.76982569695,
        "min": -0.62958240509,
        "var": 2.44239425659
    },
    "melbands_spread": {
        "dmean": 9.05208396912,
        "dmean2": 14.0045661926,
        "dvar": 81.3672409058,
        "dvar2": 189.386016846,
        "max": 102.219825745,
        "mean": 29.9925403595,
        "median": 28.1478862762,
        "min": 1.99526035786,
        "var": 215.327194214
    },
    "pitch_salience": {
        "dmean": 0.0858201906085,
        "dmean2": 0.135289952159,
        "dvar": 0.006990570575,
        "dvar2": 0.017362691462,
        "max": 0.894352793694,
        "mean": 0.500079095364,
        "median": 0.493776500225,
        "min": 0.145692244172,
        "var": 0.015776341781
    },
    "silence_rate_20dB": {
        "dmean": 0,
        "dmean2": 0,
        "dvar": 0,
        "dvar2": 0,
        "max": 1,
        "mean": 1,
        "median": 1,
        "min": 1,
        "var": 0
    },
    "silence_rate_30dB": {
        "dmean": 0.00154798757285,
        "dmean2": 0.00309837330133,
        "dvar": 0.00154558499344,
        "dvar2": 0.00308873993345,
        "max": 1,
        "mean": 0.998453199863,
        "median": 1,
        "min": 0,
        "var": 0.0015443933662
    },
    "silence_rate_60dB": {
        "dmean": 0.00154798757285,
        "dmean2": 0.00309837330133,
        "dvar": 0.00154559104703,
        "dvar2": 0.00463795848191,
        "max": 1,
        "mean": 0.00077339517884,
        "median": 0,
        "min": 0,
        "var": 0.000772797036916
    },
    "spectral_centroid": {
        "dmean": 307.803283691,
        "dmean2": 469.871459961,
        "dvar": 91081.5390625,
        "dvar2": 223788.4375,
        "max": 3317.18041992,
        "mean": 1583.44372559,
        "median": 1501.10095215,
        "min": 616.907348633,
        "var": 252553.609375
    },
    "spectral_complexity": {
        "dmean": 5.98916387558,
        "dmean2": 8.61270332336,
        "dvar": 49.3094291687,
        "dvar2": 86.551651001,
        "max": 60,
        "mean": 21.8793506622,
        "median": 18,
        "min": 4,
        "var": 144.881072998
    },
    "spectral_decrease": {
        "dmean": 2.91057866697e-09,
        "dmean2": 4.38931069269e-09,
        "dvar": 1.15155312047e-17,
        "dvar2": 2.58278775202e-17,
        "max": -6.83461287565e-10,
        "mean": -7.87837972638e-09,
        "median": -6.12984862869e-09,
        "min": -3.30201181953e-08,
        "var": 3.03183333546e-17
    },
    "spectral_energy": {
        "dmean": 0.0117771765217,
        "dmean2": 0.017509829253,
        "dvar": 0.000180685630767,
        "dvar2": 0.000396600720705,
        "max": 0.130445510149,
        "mean": 0.0325491018593,
        "median": 0.0256044287235,
        "min": 0.00286437664181,
        "var": 0.000483981741127
    },
    "spectral_energyband_high": {
        "dmean": 0.00106089748442,
        "dmean2": 0.00141647749115,
        "dvar": 1.99764212994e-06,
        "dvar2": 3.89730348616e-06,
        "max": 0.0123770097271,
        "mean": 0.00187413522508,
        "median": 0.000956858566497,
        "min": 5.68812065467e-05,
        "var": 4.61611625724e-06
    },
    "spectral_energyband_low": {
        "dmean": 0.00717218732461,
        "dmean2": 0.0113130686805,
        "dvar": 0.000119619049656,
        "dvar2": 0.000264506612439,
        "max": 0.0863573551178,
        "mean": 0.0139194335788,
        "median": 0.00682526594028,
        "min": 6.0822989326e-05,
        "var": 0.000294012425002
    },
    "spectral_energyband_middle_high": {
        "dmean": 0.00302892341278,
        "dmean2": 0.00458973553032,
        "dvar": 1.2280739611e-05,
        "dvar2": 2.53207872447e-05,
        "max": 0.0540828593075,
        "mean": 0.00693533150479,
        "median": 0.00555159943178,
        "min": 0.000241157482378,
        "var": 3.19770551869e-05
    },
    "spectral_energyband_middle_low": {
        "dmean": 0.00566808041185,
        "dmean2": 0.00915566086769,
        "dvar": 6.41340229777e-05,
        "dvar2": 0.000164766213857,
        "max": 0.0600691586733,
        "mean": 0.0105749573559,
        "median": 0.00763132376596,
        "min": 0.000517939624842,
        "var": 8.60618602019e-05
    },
    "spectral_entropy": {
        "dmean": 0.169908672571,
        "dmean2": 0.243361592293,
        "dvar": 0.0258386135101,
        "dvar2": 0.0557557865977,
        "max": 8.56992435455,
        "mean": 7.86149644852,
        "median": 7.90582227707,
        "min": 6.81779098511,
        "var": 0.110602408648
    },
    "spectral_flux": {
        "dmean": 0.0315252617002,
        "dmean2": 0.045044247061,
        "dvar": 0.00100040365942,
        "dvar2": 0.00181133614387,
        "max": 0.299943238497,
        "mean": 0.102563098073,
        "median": 0.0901466086507,
        "min": 0.0183925908059,
        "var": 0.0026830455754
    },
    "spectral_kurtosis": {
        "dmean": 0.844965696335,
        "dmean2": 1.34700858593,
        "dvar": 0.664552390575,
        "dvar2": 1.6982473135,
        "max": 10.5194330215,
        "mean": 2.56126952171,
        "median": 2.38223743439,
        "min": -1.08304131031,
        "var": 1.68857884407
    },
    "spectral_rms": {
        "dmean": 0.000999962096103,
        "dmean2": 0.0014590715291,
        "dvar": 9.97348479359e-07,
        "dvar2": 2.00575709641e-06,
        "max": 0.0112811308354,
        "mean": 0.0053343931213,
        "median": 0.00499799242243,
        "min": 0.00167167990003,
        "var": 3.29948761646e-06
    },
    "spectral_rolloff": {
        "dmean": 764.196777344,
        "dmean2": 1232.91369629,
        "dvar": 1245530.5,
        "dvar2": 2895930.25,
        "max": 11304.9316406,
        "mean": 1754.24609375,
        "median": 1313.52539062,
        "min": 64.599609375,
        "var": 2002299
    },
    "spectral_skewness": {
        "dmean": 0.172051757574,
        "dmean2": 0.270869493484,
        "dvar": 0.0242389310151,
        "dvar2": 0.0549699999392,
        "max": 2.55472970009,
        "mean": 1.36961627007,
        "median": 1.35461032391,
        "min": 0.463984638453,
        "var": 0.0809023678303
    },
    "spectral_spread": {
        "dmean": 661177.5,
        "dmean2": 970307,
        "dvar": 483897802752,
        "dvar2": 1.02467403776e+12,
        "max": 14776765,
        "mean": 5865844,
        "median": 5771210.5,
        "min": 3062636.5,
        "var": 1.22622417306e+12
    },
    "spectral_strongpeak": {
        "dmean": 0.798161864281,
        "dmean2": 1.36008381844,
        "dvar": 1.21480214596,
        "dvar2": 2.81570982933,
        "max": 7.64271068573,
        "mean": 1.23388016224,
        "median": 0.52766084671,
        "min": 0,
        "var": 1.93226087093
    },
    "zerocrossingrate": {
        "dmean": 0.0150785176083,
        "dmean2": 0.0169309917837,
        "dvar": 0.000168609869434,
        "dvar2": 0.000210524798604,
        "max": 0.22509765625,
        "mean": 0.0784006714821,
        "median": 0.07421875,
        "min": 0.00830078125,
        "var": 0.00109751522541
    },
    "barkbands": {
        "dmean": [0.000571867218241, 0.00618283450603, 0.00260743428953, 0.00108751317021, 0.00126778823324, 0.000964938837569, 0.000779326015618, 0.00110291992314, 0.00207663839683, 0.000947792548686, 0.000461111718323, 0.000891848176252, 0.000601374078542, 0.00037043725024, 0.000479363254271, 0.000468998681754, 0.000224914067076, 0.000200146561838, 0.000194017309695, 0.000237174681388, 0.000211326769204, 0.000205017990083, 0.000204233176191, 0.000192172563402, 0.000177829992026, 0.000103399550426, 2.50202958796e-07],
        "dmean2": [0.000803101283964, 0.00912754051387, 0.00451429747045, 0.00203351443633, 0.00224954797886, 0.00162152061239, 0.001380955684, 0.00166174955666, 0.00323953223415, 0.00140610057861, 0.000717690621968, 0.00142886082176, 0.00096675666282, 0.000559715554118, 0.000776985951234, 0.00075310660759, 0.000362192251487, 0.000320976891089, 0.000309182069032, 0.000388131360523, 0.000323251239024, 0.000293440039968, 0.000275813072221, 0.00027326788404, 0.000258690008195, 0.000155793080921, 4.14937659343e-07],
        "dvar": [1.45404317209e-06, 9.61299883784e-05, 5.13992963533e-05, 1.03053807834e-05, 7.96975928097e-06, 2.55360237134e-06, 2.53429425356e-06, 3.99426835429e-06, 1.52539778355e-05, 3.98771226173e-06, 9.76464434643e-07, 3.28386681758e-06, 9.94191054815e-07, 8.17869533876e-07, 9.00460463527e-07, 8.24488836315e-07, 1.685832558e-07, 1.44433769833e-07, 8.03624473633e-08, 1.44273826663e-07, 1.08397046006e-07, 8.64162927883e-08, 7.33447720336e-08, 6.91963109034e-08, 7.70035342157e-08, 2.63998689576e-08, 4.72375122958e-13],
        "dvar2": [2.52197742157e-06, 0.00018807122251, 0.000137683004141, 3.00699466607e-05, 2.23369061132e-05, 6.84053475197e-06, 7.05582260707e-06, 8.11759673525e-06, 3.70987363567e-05, 7.69494909036e-06, 2.25203007176e-06, 7.07871004124e-06, 2.36522055275e-06, 1.47655703131e-06, 2.34305593949e-06, 1.85976170997e-06, 3.99408492058e-07, 3.73130518483e-07, 1.9051267941e-07, 3.63472139497e-07, 2.39425702375e-07, 1.78151623231e-07, 1.42673087566e-07, 1.40577355978e-07, 1.8667380175e-07, 6.28568201932e-08, 1.19854581988e-12],
        "max": [0.00979876890779, 0.0817559882998, 0.0593891441822, 0.0279188901186, 0.0310334600508, 0.0179698746651, 0.0161956045777, 0.029361737892, 0.0443784818053, 0.0414269119501, 0.0193766355515, 0.0285940859467, 0.0132578061894, 0.0293003488332, 0.0155053669587, 0.0121956365183, 0.00504002906382, 0.00406393455341, 0.00282385922037, 0.0034021299798, 0.00309098279104, 0.00288583524525, 0.00244299741462, 0.00343530112877, 0.0040666856803, 0.00122933019884, 8.78542232385e-06],
        "mean": [0.000832498189993, 0.0102465860546, 0.00239427830093, 0.000878041668329, 0.00131224410143, 0.00135853479151, 0.0008554054657, 0.00174889410846, 0.0035636939574, 0.00160584039986, 0.00070640956983, 0.00134434946813, 0.00100539671257, 0.000534382357728, 0.000633059069514, 0.000534540624358, 0.000334694690537, 0.000291555072181, 0.000326386041706, 0.000347270455677, 0.000315982179018, 0.000334243202815, 0.000338693032973, 0.000322647741996, 0.000249047443504, 0.000134227055241, 2.09360280223e-07],
        "median": [0.000157570379088, 0.00464593246579, 0.000875443569385, 0.000332631141646, 0.000607420282904, 0.000680077413563, 0.0003099758178, 0.000626407680102, 0.00115581753198, 0.000394590373617, 0.00029877142515, 0.000376665673684, 0.000368157518096, 0.000184311837074, 0.000221773443627, 0.000141852069646, 0.000150861611473, 0.000129040432512, 0.000178882968612, 0.000165834164363, 0.000125846621813, 0.000155479632667, 0.000157451169798, 0.000157676040544, 0.00010498768097, 4.78731672047e-05, 1.4464912601e-09],
        "min": [1.84581594453e-08, 1.23262925626e-05, 1.77143419933e-06, 1.47421940255e-06, 1.53454784595e-05, 7.06298169462e-06, 1.51822803218e-06, 3.80025880986e-06, 1.43403685797e-05, 3.05279991153e-06, 5.49229935132e-06, 4.13415455114e-06, 6.84246197125e-06, 4.54040991826e-06, 2.89832496492e-06, 3.70902489522e-06, 4.21468212153e-06, 3.65590153706e-06, 3.09391248265e-06, 6.34867592453e-06, 4.5584711188e-06, 7.62943545851e-06, 4.78434412798e-06, 3.55260499418e-06, 1.94780773199e-06, 2.08117009737e-10, 6.85035621978e-12],
        "var": [3.08401672555e-06, 0.000212305385503, 3.61618840543e-05, 5.76986121814e-06, 5.53817289983e-06, 3.20617664329e-06, 2.3286868327e-06, 9.93567300611e-06, 3.04220538965e-05, 1.39271387525e-05, 1.53464202413e-06, 6.85402619638e-06, 2.42294527197e-06, 2.11518818105e-06, 1.20843799323e-06, 1.09175869056e-06, 2.64719687948e-07, 1.79185221327e-07, 1.43925745988e-07, 1.97720254391e-07, 1.95378206058e-07, 1.78477350232e-07, 1.69629785773e-07, 1.45514306382e-07, 1.05238314063e-07, 3.69171822001e-08, 4.10355180825e-13]
    },
    "erbbands": {
        "dmean": [0.201799616218, 1.46016931534, 2.84491062164, 3.53096175194, 3.05773615837, 4.76457643509, 6.30674505234, 8.95750713348, 12.5556030273, 9.05820465088, 29.7197990417, 52.6180267334, 40.4489173889, 19.4540634155, 21.8150005341, 43.2792167664, 27.8264656067, 19.2816963196, 26.7564678192, 20.651342392, 21.3781452179, 12.3949565887, 11.2433595657, 10.1593427658, 9.46772384644, 10.9546699524, 10.0899295807, 7.58021879196, 7.48333787918, 6.85473871231, 5.66702699661, 4.34519767761, 3.41099190712, 2.49231648445, 0.969844281673, 0.545513570309, 0.190897315741, 0.0169780533761, 0.000324758206261, 2.92841614282e-05],
        "dmean2": [0.286386847496, 2.05905008316, 4.49388742447, 6.55656814575, 5.50028657913, 8.61853504181, 10.8062963486, 15.1379384995, 22.3069210052, 15.5107040405, 44.388458252, 81.9708328247, 58.2489700317, 30.7965126038, 34.3147926331, 68.4093704224, 44.7810516357, 29.7439174652, 42.1490898132, 32.9711799622, 34.3293266296, 19.8098373413, 18.3996620178, 16.0004425049, 14.9216794968, 17.9705867767, 15.9792785645, 11.6546850204, 11.0597696304, 9.57900333405, 7.71466064453, 6.11857652664, 4.86551380157, 3.66056728363, 1.42262732983, 0.824651539326, 0.30017092824, 0.0275200884789, 0.000505216245074, 4.23258497904e-05],
        "dvar": [0.103854872286, 6.05178546906, 44.3836746216, 113.264442444, 48.050163269, 131.24559021, 154.718154907, 256.572937012, 742.758239746, 252.118499756, 2924.75708008, 9495.36035156, 9478.08105469, 1401.34118652, 1980.18164062, 8172.64257812, 2022.1184082, 2050.8605957, 3140.14526367, 1272.31225586, 1631.73010254, 611.991027832, 477.197357178, 234.343261719, 191.131759644, 308.364624023, 266.006866455, 136.505844116, 119.941360474, 108.073944092, 54.4180908203, 34.8152923584, 22.0515327454, 14.7900409698, 2.90895104408, 0.681153953075, 0.1379327178, 0.00156469410285, 4.38454975438e-07, 1.46701206738e-09],
        "dvar2": [0.190690204501, 12.041674614, 109.456939697, 325.412780762, 139.003341675, 372.045379639, 411.609649658, 681.890869141, 2044.17541504, 703.991577148, 5836.97021484, 22493.265625, 18857.8867188, 3717.93847656, 4671.67626953, 17483.2402344, 4826.2578125, 3710.16894531, 8092.28808594, 2869.55859375, 3922.00927734, 1420.58068848, 1234.38330078, 567.563720703, 452.028656006, 779.618347168, 610.791137695, 300.715270996, 264.944580078, 230.304702759, 105.902740479, 71.1228103638, 48.0338439941, 35.6082000732, 7.3019323349, 1.56486439705, 0.352029651403, 0.00420057261363, 1.1353967011e-06, 3.18214876671e-09],
        "max": [2.75342321396, 21.0887775421, 55.7343025208, 83.6545715332, 53.3132781982, 133.915039062, 115.64100647, 163.973876953, 272.888946533, 269.81350708, 792.267333984, 1152.73144531, 1584.61657715, 754.671020508, 879.969970703, 1444.73400879, 602.735168457, 1543.90893555, 966.44921875, 413.654937744, 334.83001709, 314.114685059, 218.205703735, 136.488082886, 145.680114746, 168.473602295, 153.407775879, 90.1156234741, 99.1511230469, 111.960708618, 80.1772537231, 79.0311355591, 44.6537590027, 43.498008728, 35.1276893616, 8.25935268402, 3.26938033104, 0.389356136322, 0.00621504103765, 0.000322860025335],
        "mean": [0.321512341499, 2.14017009735, 3.27190327644, 2.97867226601, 3.05973410606, 4.56728458405, 7.83530902863, 11.983092308, 13.8798456192, 13.0206308365, 50.4722213745, 96.2602615356, 63.6829795837, 34.503616333, 35.5398864746, 67.5849380493, 48.9740142822, 31.6588153839, 39.206413269, 26.9575366974, 24.9380531311, 18.2602005005, 17.0556774139, 16.2839603424, 16.4103183746, 16.2608222961, 14.1979122162, 11.6503953934, 11.7871379852, 11.0197372437, 9.43689250946, 7.32231998444, 5.2608499527, 3.34377765656, 1.39351415634, 0.721571981907, 0.232214763761, 0.0180730503052, 0.000393284310121, 6.29241985735e-05],
        "median": [0.12067052722, 0.928117692471, 1.35771799088, 1.14861512184, 1.42291021347, 1.83562719822, 3.74884986877, 5.23389625549, 5.01653194427, 8.39510250092, 21.5382633209, 36.1927032471, 16.3372917175, 15.8241176605, 21.4341621399, 22.2393436432, 22.9997348785, 15.1168489456, 15.4607686996, 9.94844913483, 8.05051040649, 7.97961950302, 7.6245675087, 8.28661441803, 9.71183300018, 7.66994333267, 5.69599103928, 4.64178133011, 5.2576546669, 4.9603600502, 4.66437482834, 3.64776086807, 2.46000599861, 1.44735097885, 0.586722254753, 0.285952270031, 0.0804749876261, 0.00496283173561, 0.00013314926764, 4.35757829109e-05],
        "min": [0.000188841149793, 0.00376552972011, 0.00404941756278, 0.0211785472929, 0.0200982224196, 0.0458244457841, 0.0804454386234, 0.0601670444012, 0.133246600628, 0.127189993858, 0.263910323381, 0.546263456345, 0.298927426338, 0.329007267952, 0.303754746914, 0.264860093594, 0.279074281454, 0.550660252571, 0.504674255848, 0.271677404642, 0.325341492891, 0.418869167566, 0.339291185141, 0.26151689887, 0.294608712196, 0.325451433659, 0.257279336452, 0.220364332199, 0.274983882904, 0.153244689107, 0.178103536367, 0.0967566147447, 0.0428952462971, 0.0446496158838, 0.00438300706446, 0.00179386674426, 8.88062204467e-05, 7.36194078854e-06, 3.84012537324e-06, 4.0057084334e-06],
        "var": [0.254507482052, 10.920006752, 42.3275108337, 65.1363296509, 31.1923980713, 86.6919708252, 143.170883179, 345.495056152, 646.66217041, 274.497131348, 7295.73486328, 21162.0488281, 22654.1816406, 4386.94238281, 2847.22387695, 16982.5195312, 4904.0625, 5542.06005859, 4628.81298828, 1858.43017578, 1891.49743652, 898.65020752, 605.029541016, 400.712890625, 336.62878418, 421.505554199, 421.725646973, 248.516357422, 223.630599976, 214.248306274, 126.876037598, 73.2740936279, 40.4149169922, 19.4027462006, 3.83013439178, 0.99503326416, 0.153538450599, 0.00132945587393, 4.38203841213e-07, 2.71438316268e-09]
    },
    "gfcc": {
        "mean": [42.020324707, 64.8055953979, -110.451156616, 30.4181289673, -65.2428588867, 36.5572547913, -31.5250263214, 23.4765415192, -22.1687393188, 11.7655715942, -14.6517801285, 2.25194454193, -13.0628023148],
        "cov": [[2146.99023438, -625.841491699, 11.2402887344, 4.17869234085, -25.4581108093, -144.543167114, -157.649368286, -57.9055709839, -49.8012199402, 9.26178455353, -275.789245605, 43.0062026978, -37.0713996887], [-625.841491699, 505.759399414, -18.7030334473, -13.9596529007, 31.3040561676, 73.4479064941, 101.96660614, 29.2215366364, 39.5020484924, -33.9463577271, 140.783538818, -50.2471122742, 21.7959041595], [11.2402887344, -18.7030334473, 332.373748779, 91.5438842773, 82.8799667358, 34.1730728149, -13.2956066132, 25.8688983917, 2.38138389587, 30.383808136, -24.4807624817, 16.0639228821, -2.65901684761], [4.17869234085, -13.9596529007, 91.5438842773, 239.088470459, 80.1311340332, -15.3407506943, -67.3874053955, -7.52244520187, 40.4370689392, 6.25926923752, -6.8092083931, 9.69737529755, 56.3350105286], [-25.4581108093, 31.3040561676, 82.8799667358, 80.1311340332, 183.577880859, 45.8407402039, 19.3380889893, 35.8211517334, 37.759349823, 22.3864307404, 2.93702793121, 18.227771759, 4.96640348434], [-144.543167114, 73.4479064941, 34.1730728149, -15.3407506943, 45.8407402039, 209.372024536, 133.948394775, 26.7517108917, -9.69821166992, -17.8445549011, 38.1575126648, -38.9386558533, -10.1081094742], [-157.649368286, 101.96660614, -13.2956066132, -67.3874053955, 19.3380889893, 133.948394775, 207.005218506, 73.1616287231, -14.1207456589, -20.4246025085, 53.2882652283, -24.2427368164, -37.8046607971], [-57.9055709839, 29.2215366364, 25.8688983917, -7.52244520187, 35.8211517334, 26.7517108917, 73.1616287231, 103.169525146, 36.191368103, 3.69618058205, 23.0328826904, 1.81381607056, -8.87759590149], [-49.8012199402, 39.5020484924, 2.38138389587, 40.4370689392, 37.759349823, -9.69821166992, -14.1207456589, 36.191368103, 122.908973694, 41.4145927429, 5.93658018112, 6.51414442062, 42.4499130249], [9.26178455353, -33.9463577271, 30.383808136, 6.25926923752, 22.3864307404, -17.8445549011, -20.4246025085, 3.69618058205, 41.4145927429, 79.9996032715, 15.2634134293, 13.7072143555, 11.1885480881], [-275.789245605, 140.783538818, -24.4807624817, -6.8092083931, 2.93702793121, 38.1575126648, 53.2882652283, 23.0328826904, 5.93658018112, 15.2634134293, 138.978378296, 14.1629076004, -0.00805877801031], [43.0062026978, -50.2471122742, 16.0639228821, 9.69737529755, 18.227771759, -38.9386558533, -24.2427368164, 1.81381607056, 6.51414442062, 13.7072143555, 14.1629076004, 80.7802429199, 24.1930027008], [-37.0713996887, 21.7959041595, -2.65901684761, 56.3350105286, 4.96640348434, -10.1081094742, -37.8046607971, -8.87759590149, 42.4499130249, 11.1885480881, -0.00805877801031, 24.1930027008, 105.542350769]],
        "icov": [[0.000799918430857, 0.000784236821346, 4.20856304117e-05, 6.5471365815e-05, -0.000168095488334, 0.000238919281401, -0.000110683125968, 0.000155377420015, -6.3926083385e-05, 0.000164284690982, 0.000745141296647, -2.20248475671e-05, 0.00010274372471], [0.000784236821346, 0.00619777292013, -0.00159906852059, 0.0021738964133, -0.0027665765956, 0.00317699601874, -0.00269566802308, 0.0033794529736, -0.00356670236215, 0.00606543943286, -0.00636832695454, 0.00605340534821, -0.00304848630913], [4.20856304117e-05, -0.00159906852059, 0.00491564488038, -0.002380652586, 0.000340868573403, -0.00277372659184, 0.0021058418788, -0.00325059564784, 0.00285422056913, -0.00429315166548, 0.00360798882321, -0.00314086675644, 0.00196613138542], [6.5471365815e-05, 0.0021738964133, -0.002380652586, 0.00810536462814, -0.00413588667288, 0.00195795879699, 0.000932114664465, 0.00204140832648, -0.00250735483132, 0.00487953610718, -0.00411278381944, 0.00435104779899, -0.00443105632439], [-0.000168095488334, -0.0027665765956, 0.000340868573403, -0.00413588667288, 0.0101467166096, -0.00436444487423, 0.00142781098839, -0.00360917858779, 0.000320676685078, -0.00473437691107, 0.00450438633561, -0.00625088810921, 0.00384698994458], [0.000238919281401, 0.00317699601874, -0.00277372659184, 0.00195795879699, -0.00436444487423, 0.0131923854351, -0.00933457072824, 0.00610378198326, -0.00236724200659, 0.00520698539913, -0.00540375476703, 0.00818071141839, -0.00452398555353], [-0.000110683125968, -0.00269566802308, 0.0021058418788, 0.000932114664465, 0.00142781098839, -0.00933457072824, 0.0160624217242, -0.0104826297611, 0.0038782202173, -0.00211471086368, 0.00142416695599, -0.00312575791031, 0.0033648237586], [0.000155377420015, 0.0033794529736, -0.00325059564784, 0.00204140832648, -0.00360917858779, 0.00610378198326, -0.0104826297611, 0.020972231403, -0.00928648933768, 0.00657169567421, -0.00531105790287, 0.0033600544557, -0.000783391296864], [-6.3926083385e-05, -0.00356670236215, 0.00285422056913, -0.00250735483132, 0.000320676685078, -0.00236724200659, 0.0038782202173, -0.00928648933768, 0.0174542702734, -0.0108866933733, 0.00520308176056, -0.00188306358177, -0.00294350041077], [0.000164284690982, 0.00606543943286, -0.00429315166548, 0.00487953610718, -0.00473437691107, 0.00520698539913, -0.00211471086368, 0.00657169567421, -0.0108866933733, 0.0250220037997, -0.0108593264595, 0.00621050596237, -0.00308913178742], [0.000745141296647, -0.00636832695454, 0.00360798882321, -0.00411278381944, 0.00450438633561, -0.00540375476703, 0.00142416695599, -0.00531105790287, 0.00520308176056, -0.0108593264595, 0.0193801168352, -0.0110666435212, 0.00479365792125], [-2.20248475671e-05, 0.00605340534821, -0.00314086675644, 0.00435104779899, -0.00625088810921, 0.00818071141839, -0.00312575791031, 0.0033600544557, -0.00188306358177, 0.00621050596237, -0.0110666435212, 0.024299968034, -0.00889080017805], [0.00010274372471, -0.00304848630913, 0.00196613138542, -0.00443105632439, 0.00384698994458, -0.00452398555353, 0.0033648237586, -0.000783391296864, -0.00294350041077, -0.00308913178742, 0.00479365792125, -0.00889080017805, 0.0166300032288]]
    },
    "melbands": {
        "dmean": [0.00169099820778, 0.00144565815572, 0.000583326327614, 0.000274458754575, 0.000219046632992, 0.000200733338716, 0.000181080467883, 0.00010808747902, 0.000248457741691, 0.000342051760526, 0.000194588676095, 8.00166453701e-05, 6.55914554955e-05, 0.000108066094981, 7.20693933545e-05, 6.31459624856e-05, 3.57630560757e-05, 4.43996941613e-05, 2.84879461105e-05, 3.52262395609e-05, 2.33272166952e-05, 1.41350628837e-05, 1.16439659905e-05, 9.38307948672e-06, 8.66901245899e-06, 7.67501842347e-06, 7.1522899816e-06, 7.76835076977e-06, 7.1062686402e-06, 5.24046208739e-06, 4.34898993262e-06, 4.24394556831e-06, 4.27872282671e-06, 3.90944478568e-06, 3.37250435223e-06, 3.35910249305e-06, 2.56462681136e-06, 2.56145813182e-06, 2.75327579402e-06, 1.91205299416e-06],
        "dmean2": [0.0024891665671, 0.0021772806067, 0.00107659597415, 0.000489861005917, 0.00037713709753, 0.000338750774972, 0.000320688122883, 0.000179768263479, 0.000374841940356, 0.000529500772245, 0.00028031662805, 0.000129266496515, 0.000102433870779, 0.000170457555214, 0.000113893387606, 0.000100961464341, 5.43920250493e-05, 6.96101124049e-05, 4.70402555948e-05, 5.65362643101e-05, 3.79593511752e-05, 2.26236661547e-05, 1.96098317247e-05, 1.50915102495e-05, 1.38909708767e-05, 1.2388716641e-05, 1.14499189294e-05, 1.29800328068e-05, 1.12971983981e-05, 8.35166156321e-06, 6.73214208291e-06, 6.40176040179e-06, 6.22035258857e-06, 5.68039922655e-06, 4.76011337014e-06, 4.90708680445e-06, 3.6915059809e-06, 3.74030037165e-06, 4.32173010267e-06, 2.78318816527e-06],
        "dvar": [6.8817448664e-06, 7.40188579584e-06, 2.9869820537e-06, 4.10176369314e-07, 1.87870455193e-07, 1.25263511563e-07, 1.45726602341e-07, 3.0850149102e-08, 1.83936023745e-07, 4.28886210102e-07, 2.26419146543e-07, 2.85642656195e-08, 2.29233076965e-08, 4.39931326923e-08, 1.21846710499e-08, 1.33861517426e-08, 1.02525019585e-08, 8.6495850482e-09, 2.52683229895e-09, 5.12010789322e-09, 2.05846895085e-09, 1.0404105355e-09, 4.62616694952e-10, 2.74601730244e-10, 1.74428055333e-10, 1.3714925029e-10, 1.20765425438e-10, 1.62161145623e-10, 1.40571623786e-10, 6.56885518202e-11, 4.56268946236e-11, 3.87738452456e-11, 4.36563875328e-11, 3.75475865677e-11, 2.0364718592e-11, 2.25892464456e-11, 1.22825014048e-11, 1.40622617717e-11, 2.24562451967e-11, 7.44446431583e-12],
        "dvar2": [1.28967158162e-05, 1.54948338604e-05, 8.54995414556e-06, 1.16845421871e-06, 5.08219159201e-07, 3.3344835515e-07, 4.00847937954e-07, 8.38110594259e-08, 3.76598421781e-07, 1.01263901797e-06, 4.49894770327e-07, 7.5149294787e-08, 5.35918687206e-08, 9.56600771929e-08, 2.692002532e-08, 3.09114689401e-08, 1.82943473703e-08, 2.21990177351e-08, 6.14761619389e-09, 1.09234319368e-08, 4.96622565294e-09, 2.44783393555e-09, 1.23753318704e-09, 6.99505120494e-10, 4.29446395112e-10, 3.35448918642e-10, 3.06559444496e-10, 4.19665802109e-10, 3.25718424454e-10, 1.57710011717e-10, 9.87937648356e-11, 8.80540085291e-11, 9.33914820478e-11, 8.54612214329e-11, 4.05234561185e-11, 5.0239902516e-11, 2.55650830366e-11, 3.08779182778e-11, 5.82528539295e-11, 1.73045223983e-11],
        "max": [0.0206950865686, 0.0218578279018, 0.0136703746393, 0.00730886822566, 0.00376909435727, 0.00360315944999, 0.00395415816456, 0.00295859039761, 0.00582688720897, 0.0081708682701, 0.00789054483175, 0.00337720778771, 0.002970473608, 0.00330943474546, 0.00157046050299, 0.00179872452281, 0.0035385992378, 0.00151598046068, 0.000620011705905, 0.00120306573808, 0.00038466884871, 0.000453117187135, 0.00019171659369, 0.000154901092174, 0.000121704571939, 0.000131470020278, 0.000108073974843, 0.000117058669275, 0.000106030216557, 8.44712121761e-05, 5.67606111872e-05, 5.41231966054e-05, 6.58880962874e-05, 6.58975768602e-05, 5.13364502694e-05, 5.30743018317e-05, 5.27612319274e-05, 3.62231548934e-05, 4.93952393299e-05, 3.20151557389e-05],
        "mean": [0.00290185352787, 0.00218297238462, 0.000519764842466, 0.000272217905149, 0.000262363959337, 0.000269065872999, 0.000202879440621, 0.000164851444424, 0.000419011805207, 0.000610568677075, 0.000295461155474, 0.000134784539114, 0.000100603756437, 0.00016611207684, 0.000115649032523, 0.000104789163743, 5.23591988895e-05, 6.43082457827e-05, 3.55321826646e-05, 4.22819139203e-05, 2.5783532692e-05, 1.97953686438e-05, 1.62520773301e-05, 1.3647754713e-05, 1.29792342705e-05, 1.22406700029e-05, 1.13555342978e-05, 1.0574274711e-05, 9.39210258366e-06, 7.27611450202e-06, 6.57802274873e-06, 6.57044711261e-06, 6.58453700453e-06, 5.92463948124e-06, 5.45517514183e-06, 5.16506406711e-06, 4.19811385655e-06, 3.82792677556e-06, 3.41961163031e-06, 2.54687097367e-06],
        "median": [0.00122456089593, 0.00100346561521, 0.00020942473202, 0.000114141672384, 0.000122324971016, 0.000122097771964, 7.53290732973e-05, 0.000105031504063, 0.000169028164237, 0.000200138587388, 6.26962937531e-05, 5.3971678426e-05, 4.27400154877e-05, 6.12708681729e-05, 5.2394465456e-05, 3.48577523255e-05, 1.90438604477e-05, 2.48258766078e-05, 1.2764316125e-05, 1.21450293591e-05, 8.03962302598e-06, 7.93934941612e-06, 7.25875270291e-06, 6.32686396784e-06, 6.33439458397e-06, 6.621319244e-06, 6.27045346846e-06, 4.69277756565e-06, 3.47746163243e-06, 2.73631235359e-06, 2.65492940343e-06, 2.97658448289e-06, 2.86517115455e-06, 2.5415536129e-06, 2.63467882178e-06, 2.42837722908e-06, 2.08775622923e-06, 1.81381074071e-06, 1.44735167851e-06, 1.08458948489e-06],
        "min": [3.28010582962e-06, 6.14628106632e-06, 3.79891048397e-06, 2.87080047201e-06, 3.56201712748e-06, 1.13210899144e-06, 4.84346628582e-07, 4.12172482811e-07, 1.39673329613e-06, 2.33025662055e-06, 7.40545999633e-07, 1.14179817956e-06, 8.4360215169e-07, 8.22116646759e-07, 3.6385375779e-07, 6.78045523728e-07, 8.955512385e-07, 5.65093785099e-07, 1.66965833159e-07, 1.11416987636e-07, 2.59660367874e-07, 2.24855824627e-07, 4.03845035635e-07, 1.50385133679e-07, 2.10189682548e-07, 9.85708368262e-08, 4.57875692916e-08, 1.5601102632e-07, 7.00586610947e-08, 1.03600989121e-07, 9.83402941301e-08, 1.28860236259e-07, 1.08603266824e-07, 2.47079867677e-08, 9.4288665764e-08, 8.18981860107e-08, 4.8587622814e-08, 1.22274288472e-08, 2.38068835756e-08, 1.53856272167e-09],
