{
"highlevel": {
    "danceability": {
        "all": {
            "danceable": 0.405604988337,
            "not_danceable": 0.594394981861
        },
        "probability": 0.594394981861,
        "value": "not_danceable"
    },
    "gender": {
        "all": {
            "female": 0.391537189484,
            "male": 0.608462810516
        },
        "probability": 0.608462810516,
        "value": "male"
    },
    "genre_dortmund": {
        "all": {
            "alternative": 0.0850343778729,
            "blues": 0.0303577054292,
            "electronic": 0.00598153658211,
            "folkcountry": 0.0215106289834,
            "funksoulrnb": 0.00702322972938,
            "jazz": 0.0037692701444,
            "pop": 0.0228997748345,
            "raphiphop": 0.000960918958299,
            "rock": 0.822462558746
        },
        "probability": 0.822462558746,
        "value": "rock"
    },
    "genre_electronic": {
        "all": {
            "ambient": 0.418356537819,
            "dnb": 0.288504868746,
            "house": 0.0584842115641,
            "techno": 0.0139053454623,
            "trance": 0.220749020576
        },
        "probability": 0.418356537819,
        "value": "ambient"
    },
    "genre_rosamerica": {
        "all": {
            "cla": 0.00642146682367,
            "dan": 0.000938061682973,
            "hip": 0.00131588219665,
            "jaz": 0.00145387719385,
            "pop": 0.0149716297165,
            "rhy": 0.00128231116105,
            "roc": 0.973356544971,
            "spe": 0.000260232685832
        },
        "probability": 0.973356544971,
        "value": "roc"
    },
    "genre_tzanetakis": {
        "all": {
            "blu": 0.0620671063662,
            "cla": 0.034474901855,
            "cou": 0.103433981538,
            "dis": 0.0620971247554,
            "hip": 0.15527240932,
            "jaz": 0.310666948557,
            "met": 0.044346679002,
            "pop": 0.0620793737471,
            "reg": 0.0620816536248,
            "roc": 0.103479810059
        },
        "probability": 0.310666948557,
        "value": "jaz"
    },
    "ismir04_rhythm": {
        "all": {
            "ChaChaCha": 0.420997112989,
            "Jive": 0.167716801167,
            "Quickstep": 0.211320176721,
            "Rumba-American": 0.00993505679071,
            "Rumba-International": 0.00986558105797,
            "Rumba-Misc": 0.00567327113822,
            "Samba": 0.0724916383624,
            "Tango": 0.0288989525288,
            "VienneseWaltz": 0.0646641999483,
            "Waltz": 0.00843720231205
        },
        "probability": 0.420997112989,
        "value": "ChaChaCha"
    },
    "mood_acoustic": {
        "all": {
            "acoustic": 0.00459343241528,
            "not_acoustic": 0.99540656805
        },
        "probability": 0.99540656805,
        "value": "not_acoustic"
    },
    "mood_aggressive": {
        "all": {
            "aggressive": 0.947959721088,
            "not_aggressive": 0.0520402900875
        },
        "probability": 0.947959721088,
        "value": "aggressive"
    },
    "mood_electronic": {
        "all": {
            "electronic": 0.11133184284,
            "not_electronic": 0.888668179512
        },
        "probability": 0.888668179512,
        "value": "not_electronic"
    },
    "mood_happy": {
        "all": {
            "happy": 0.641824841499,
            "not_happy": 0.358175158501
        },
        "probability": 0.641824841499,
        "value": "happy"
    },
    "mood_party": {
        "all": {
            "not_party": 0.557542860508,
            "party": 0.442457139492
        },
        "probability": 0.557542860508,
        "value": "not_party"
    },
    "mood_relaxed": {
        "all": {
            "not_relaxed": 0.98534399271,
            "relaxed": 0.0146559905261
        },
        "probability": 0.98534399271,
        "value": "not_relaxed"
    },
    "mood_sad": {
        "all": {
            "not_sad": 0.925298035145,
            "sad": 0.0747019797564
        },
        "probability": 0.925298035145,
        "value": "not_sad"
    },
    "moods_mirex": {
        "all": {
            "Cluster1": 0.313530653715,
            "Cluster2": 0.0919399037957,
            "Cluster3": 0.0328879468143,
            "Cluster4": 0.121437437832,
            "Cluster5": 0.440204054117
        },
        "probability": 0.440204054117,
        "value": "Cluster5"
    },
    "timbre": {
        "all": {
            "bright": 0.650817096233,
            "dark": 0.349182873964
        },
        "probability": 0.650817096233,
        "value": "bright"
    },
    "tonal_atonal": {
        "all": {
            "atonal": 0.0288366153836,
            "tonal": 0.971163392067
        },
        "probability": 0.971163392067,
        "value": "tonal"
    },
    "voice_instrumental": {
        "all": {
            "instrumental": 2.96710004477e-05,
            "voice": 0.999970316887
        },
        "probability": 0.999970316887,
        "value": "voice"
    }
},
"lowlevel": {
    "average_loudness": 0.96748149395,
    "barkbands_crest": {
        "dmean": 2.86438298225,
        "dmean2": 4.79413318634,
        "dvar": 7.6001791954,
        "dvar2": 19.6054878235,
        "max": 22.4355354309,
        "mean": 9.34185314178,
        "median": 8.1097946167,
        "min": 2.64885258675,
        "var": 19.3123722076
    },
    "barkbands_flatness_db": {
        "dmean": 0.0196006391197,
        "dmean2": 0.0302621033043,
        "dvar": 0.00031670241151,
        "dvar2": 0.000787706638221,
        "max": 0.335948139429,
        "mean": 0.133711263537,
        "median": 0.127522408962,
        "min": 0.0598870664835,
        "var": 0.00166400196031
    },
    "barkbands_kurtosis": {
        "dmean": 1.230707407,
        "dmean2": 1.99485051632,
        "dvar": 7.21815347672,
        "dvar2": 20.2051525116,
        "max": 55.0513076782,
        "mean": 0.522400975227,
        "median": -0.214477300644,
        "min": -1.91035413742,
        "var": 9.05831432343
    },
    "barkbands_skewness": {
        "dmean": 0.450423002243,
        "dmean2": 0.693543016911,
        "dvar": 0.235426977277,
        "dvar2": 0.522788643837,
        "max": 4.36118984222,
        "mean": 0.613959789276,
        "median": 0.519670367241,
        "min": -6.8747420311,
        "var": 0.627542555332
    },
    "barkbands_spread": {
        "dmean": 5.57306432724,
        "dmean2": 8.72006130219,
        "dvar": 45.0219154358,
        "dvar2": 115.784950256,
        "max": 99.0455169678,
        "mean": 27.1521148682,
        "median": 25.8133335114,
        "min": 2.60487437248,
        "var": 167.677719116
    },
    "dissonance": {
        "dmean": 0.01456239447,
        "dmean2": 0.0241721440107,
        "dvar": 0.000258485059021,
        "dvar2": 0.000693143636454,
        "max": 0.499991178513,
        "mean": 0.475845038891,
        "median": 0.484070658684,
        "min": 0.281858116388,
        "var": 0.000557552557439
    },
    "dynamic_complexity": 1.54218029976,
    "erbbands_crest": {
        "dmean": 2.94951605797,
        "dmean2": 4.74668598175,
        "dvar": 8.03235244751,
        "dvar2": 19.7829189301,
        "max": 28.8182792664,
        "mean": 10.3474721909,
        "median": 8.54176044464,
        "min": 2.58656167984,
        "var": 28.1596374512
    },
    "erbbands_flatness_db": {
        "dmean": 0.0190512500703,
        "dmean2": 0.0264514945447,
        "dvar": 0.000331071729306,
        "dvar2": 0.000642355589662,
        "max": 0.365669995546,
        "mean": 0.174460723996,
        "median": 0.171630099416,
        "min": 0.0723298043013,
        "var": 0.00245812581852
    },
    "erbbands_kurtosis": {
        "dmean": 1.01988852024,
        "dmean2": 1.64212858677,
        "dvar": 2.68621134758,
        "dvar2": 6.54002475739,
        "max": 38.4968719482,
        "mean": 1.28658187389,
        "median": 0.919049739838,
        "min": -1.60281360149,
        "var": 4.24806308746
    },
    "erbbands_skewness": {
        "dmean": 0.356692701578,
        "dmean2": 0.53933018446,
        "dvar": 0.135066583753,
        "dvar2": 0.298276692629,
        "max": 3.03802919388,
        "mean": 0.08345708251,
        "median": -0.0566825047135,
        "min": -4.43150138855,
        "var": 0.59682071209
    },
    "erbbands_spread": {
        "dmean": 5.94778251648,
        "dmean2": 8.95739269257,
        "dvar": 49.4249267578,
        "dvar2": 107.982254028,
        "max": 110.046485901,
        "mean": 25.3206729889,
        "median": 22.4196834564,
        "min": 3.85268545151,
        "var": 152.637313843
    },
    "hfc": {
        "dmean": 7.32601690292,
        "dmean2": 10.8427276611,
        "dvar": 71.8095474243,
        "dvar2": 156.131607056,
        "max": 128.814025879,
        "mean": 33.3503456116,
        "median": 33.1237182617,
        "min": 0.23227930069,
        "var": 260.45791626
    },
    "melbands_crest": {
        "dmean": 3.5999917984,
        "dmean2": 6.00669050217,
        "dvar": 9.54395008087,
        "dvar2": 25.6405467987,
        "max": 30.1686038971,
        "mean": 13.5685634613,
        "median": 12.8867521286,
        "min": 4.02006483078,
        "var": 22.6795597076
    },
    "melbands_flatness_db": {
        "dmean": 0.0248159635812,
        "dmean2": 0.0381949841976,
        "dvar": 0.00053861446213,
        "dvar2": 0.00127553136554,
        "max": 0.3566211164,
        "mean": 0.169114053249,
        "median": 0.165459811687,
        "min": 0.0308190174401,
        "var": 0.00227012508549
    },
    "melbands_kurtosis": {
        "dmean": 2.98134446144,
        "dmean2": 4.80194711685,
        "dvar": 29.8643245697,
        "dvar2": 74.1523208618,
        "max": 100.428100586,
        "mean": 3.45282149315,
        "median": 1.59353733063,
        "min": -1.45672738552,
        "var": 42.5790481567
    },
    "melbands_skewness": {
        "dmean": 0.602670371532,
        "dmean2": 0.937029480934,
        "dvar": 0.398687064648,
        "dvar2": 0.928212940693,
        "max": 9.57406234741,
        "mean": 1.43149697781,
        "median": 1.28529810905,
        "min": -1.74673259258,
        "var": 1.16422152519
    },
    "melbands_spread": {
        "dmean": 8.47319984436,
        "dmean2": 13.1382894516,
        "dvar": 95.9929580688,
        "dvar2": 200.621520996,
        "max": 223.392288208,
        "mean": 34.785774231,
        "median": 31.6074485779,
        "min": 2.98373508453,
        "var": 308.211364746
    },
    "pitch_salience": {
        "dmean": 0.0774987190962,
        "dmean2": 0.129874929786,
        "dvar": 0.00478543527424,
        "dvar2": 0.013134947978,
        "max": 0.803599357605,
        "mean": 0.556378781796,
        "median": 0.562365591526,
        "min": 0.1636351794,
        "var": 0.0115824928507
    },
    "silence_rate_20dB": {
        "dmean": 0,
        "dmean2": 0,
        "dvar": 0,
        "dvar2": 0,
        "max": 1,
        "mean": 1,
        "median": 1,
        "min": 1,
        "var": 0
    },
    "silence_rate_30dB": {
        "dmean": 0,
        "dmean2": 0,
        "dvar": 0,
        "dvar2": 0,
        "max": 1,
        "mean": 1,
        "median": 1,
        "min": 1,
        "var": 0
    },
    "silence_rate_60dB": {
        "dmean": 0.00154798757285,
        "dmean2": 0.00309837330133,
        "dvar": 0.00154558883514,
        "dvar2": 0.00308876042254,
        "max": 1,
        "mean": 0.00154679035768,
        "median": 0,
        "min": 0,
        "var": 0.00154439604376
    },
    "spectral_centroid": {
        "dmean": 217.762039185,
        "dmean2": 327.990753174,
        "dvar": 74088.96875,
        "dvar2": 143237.3125,
        "max": 6851.58447266,
        "mean": 1616.30773926,
        "median": 1507.88684082,
        "min": 401.48550415,
        "var": 314452.34375
    },
    "spectral_complexity": {
        "dmean": 3.78328180313,
        "dmean2": 6.0580945015,
        "dvar": 9.98245239258,
        "dvar2": 22.4636764526,
        "max": 57,
        "mean": 31.3410663605,
        "median": 31,
        "min": 1,
        "var": 88.1613845825
    },
    "spectral_decrease": {
        "dmean": 1.79318360161e-09,
        "dmean2": 2.88858914566e-09,
        "dvar": 3.14352869162e-18,
        "dvar2": 7.70072311217e-18,
        "max": -7.20917908703e-11,
        "mean": -7.73572139678e-09,
        "median": -7.15303327681e-09,
        "min": -1.771447522e-08,
        "var": 8.52257502721e-18
    },
    "spectral_energy": {
        "dmean": 0.00711701018736,
        "dmean2": 0.011426826939,
        "dvar": 4.85230593767e-05,
        "dvar2": 0.000117353964015,
        "max": 0.0718306303024,
        "mean": 0.03222136572,
        "median": 0.0301748923957,
        "min": 0.000428269791882,
        "var": 0.000137370065204
    },
    "spectral_energyband_high": {
        "dmean": 0.000395484705223,
        "dmean2": 0.000560511020012,
        "dvar": 5.91286891449e-07,
        "dvar2": 1.17775891795e-06,
        "max": 0.0132978130132,
        "mean": 0.000918419507798,
        "median": 0.000510548474267,
        "min": 3.97054691348e-06,
        "var": 1.83123790976e-06
    },
    "spectral_energyband_low": {
        "dmean": 0.00433762045577,
        "dmean2": 0.00727786123753,
        "dvar": 2.73704772553e-05,
        "dvar2": 7.62688068789e-05,
        "max": 0.0451704859734,
        "mean": 0.00836873054504,
        "median": 0.00701447483152,
        "min": 2.24817767958e-06,
        "var": 4.4740303565e-05
    },
    "spectral_energyband_middle_high": {
        "dmean": 0.00304238707758,
        "dmean2": 0.00466640805826,
        "dvar": 1.23873142002e-05,
        "dvar2": 2.84812813334e-05,
        "max": 0.046645399183,
        "mean": 0.0116627831012,
        "median": 0.0101488092914,
        "min": 9.05463730305e-06,
        "var": 5.3639345424e-05
    },
    "spectral_energyband_middle_low": {
        "dmean": 0.00489145284519,
        "dmean2": 0.00743782706559,
        "dvar": 4.54508553958e-05,
        "dvar2": 9.79597389232e-05,
        "max": 0.0651800706983,
        "mean": 0.0124404430389,
        "median": 0.00748337525874,
        "min": 4.39931500296e-05,
        "var": 0.000132021334139
    },
    "spectral_entropy": {
        "dmean": 0.12231041491,
        "dmean2": 0.170239701867,
        "dvar": 0.0173459835351,
        "dvar2": 0.0337968356907,
        "max": 8.77737617493,
        "mean": 7.68536329269,
        "median": 7.69905567169,
        "min": 6.16456794739,
        "var": 0.0888403952122
    },
    "spectral_flux": {
        "dmean": 0.0226773656905,
        "dmean2": 0.0353385172784,
        "dvar": 0.000467122008558,
        "dvar2": 0.0010927200783,
        "max": 0.236317619681,
        "mean": 0.102695770562,
        "median": 0.0977540165186,
        "min": 0.0252766087651,
        "var": 0.00114890094846
    },
    "spectral_kurtosis": {
        "dmean": 1.79476976395,
        "dmean2": 3.00643467903,
        "dvar": 2.58366966248,
        "dvar2": 6.98912334442,
        "max": 16.8833217621,
        "mean": 5.49915981293,
        "median": 5.21740913391,
        "min": -0.773916006088,
        "var": 6.78102207184
    },
    "spectral_rms": {
        "dmean": 0.000623098516371,
        "dmean2": 0.000993794063106,
        "dvar": 3.48989487975e-07,
        "dvar2": 8.22131426048e-07,
        "max": 0.00837130006403,
        "mean": 0.00551218027249,
        "median": 0.00542576424778,
        "min": 0.000646393222269,
        "var": 1.05134961359e-06
    },
    "spectral_rolloff": {
        "dmean": 456.047302246,
        "dmean2": 737.350585938,
        "dvar": 644703.375,
        "dvar2": 1433410.125,
        "max": 11972.4609375,
        "mean": 1916.30700684,
        "median": 1636.5234375,
        "min": 129.19921875,
        "var": 1600349.375
    },
    "spectral_skewness": {
        "dmean": 0.230555832386,
        "dmean2": 0.367377221584,
        "dvar": 0.0395298078656,
        "dvar2": 0.0904005542397,
        "max": 3.08424043655,
        "mean": 1.64866912365,
        "median": 1.64332306385,
        "min": -0.098169721663,
        "var": 0.188675522804
    },
    "spectral_spread": {
        "dmean": 627604.0625,
        "dmean2": 834119.0625,
        "dvar": 725977792512,
        "dvar2": 1.30870450586e+12,
        "max": 14581541,
        "mean": 3896906,
        "median": 3284610,
        "min": 2161514,
        "var": 2.40259353805e+12
    },
    "spectral_strongpeak": {
        "dmean": 0.834779143333,
        "dmean2": 1.42666900158,
        "dvar": 1.58077180386,
        "dvar2": 4.05531930923,
        "max": 9.21578121185,
        "mean": 1.57111179829,
        "median": 0.467009246349,
        "min": 0.0128057803959,
        "var": 3.39990949631
    },
    "zerocrossingrate": {
        "dmean": 0.010750124231,
        "dmean2": 0.0124914525077,
        "dvar": 0.000204740368645,
        "dvar2": 0.000221315509407,
        "max": 0.42724609375,
        "mean": 0.0692607909441,
        "median": 0.0634765625,
        "min": 0.0205078125,
        "var": 0.00111166120041
    },
    "barkbands": {
        "dmean": [4.74619700981e-05, 0.00304883881472, 0.00188867747784, 0.000921397935599, 0.00176223285962, 0.000885254528839, 0.000461426068796, 0.000502057839185, 0.00240831193514, 0.00118318840396, 0.000594814075157, 0.000851173361298, 0.000745628611185, 0.0012235189788, 0.000732300512027, 0.000568768475205, 0.000384778075386, 0.000233781625866, 0.000250117474934, 0.000197846748051, 6.03424268775e-05, 5.60476946703e-05, 7.61906121625e-05, 0.000109258049633, 8.55544494698e-05, 6.20147548034e-05, 9.52805834231e-09],
        "dmean2": [8.87240094016e-05, 0.00510698184371, 0.00321011431515, 0.00157974252943, 0.00298649538308, 0.00139317463618, 0.000720439071301, 0.000770526821725, 0.00359941297211, 0.00190185545944, 0.00092530506663, 0.00138376292307, 0.00121066882275, 0.00199152040295, 0.00122744136024, 0.000945006380789, 0.000632804178167, 0.000376036769012, 0.000411398272263, 0.00032236656989, 9.74512659013e-05, 8.88526701601e-05, 0.000112424611871, 0.000165677687619, 0.00012881141447, 9.41367616178e-05, 1.06076134543e-08],
        "dvar": [1.45816212438e-08, 2.21102272917e-05, 4.06945218856e-06, 1.55050918238e-06, 2.13102284761e-05, 2.78513334706e-06, 9.16273734219e-07, 2.05226979233e-06, 2.22402286454e-05, 7.726511285e-06, 1.63092011007e-06, 2.99129078485e-06, 2.2480789994e-06, 2.49465438174e-06, 2.91788228424e-06, 8.53656956679e-07, 3.09932062237e-07, 1.41623885952e-07, 1.0943793427e-07, 1.43326332136e-07, 7.3946289092e-09, 9.43455713553e-09, 4.45831460638e-08, 8.83299975385e-08, 5.83460071368e-08, 2.41325093242e-08, 4.5826013882e-14],
        "dvar2": [4.79414659083e-08, 5.96169593337e-05, 1.10961600512e-05, 4.201727279e-06, 5.35936087545e-05, 5.98975384491e-06, 2.06868162422e-06, 3.67272900803e-06, 4.63882133772e-05, 1.97464651137e-05, 2.9798329706e-06, 7.61147703088e-06, 5.4395004554e-06, 5.98778342464e-06, 8.20519107947e-06, 2.0016734652e-06, 7.73889553329e-07, 3.39538587468e-07, 2.94853890637e-07, 3.40100228868e-07, 1.84792909863e-08, 2.26192096164e-08, 8.98407037653e-08, 1.88160313996e-07, 1.27451201593e-07, 5.97060321184e-08, 4.58393326281e-14],
        "max": [0.00115671847016, 0.041827365756, 0.0164838433266, 0.0192994419485, 0.0367052964866, 0.0231374558061, 0.0156668685377, 0.0362740978599, 0.0531077794731, 0.0388403758407, 0.03601802513, 0.0255604535341, 0.0264326501638, 0.0226016845554, 0.0221118908376, 0.0162778738886, 0.00880408566445, 0.0077553903684, 0.00384223740548, 0.00689342850819, 0.000975606322754, 0.00158979895059, 0.00674924300984, 0.00581462541595, 0.00447742734104, 0.00243541691452, 6.38965320832e-06],
        "mean": [3.78625263693e-05, 0.00412296829745, 0.00347966398112, 0.00130931346212, 0.00202822359279, 0.00134689814877, 0.000677707896102, 0.000912447634619, 0.00529784755781, 0.00180083047599, 0.00115885317791, 0.00132122903597, 0.00129059958272, 0.0022527766414, 0.00110465893522, 0.00111687474418, 0.000742753094528, 0.000416472874349, 0.000589840055909, 0.000421988748712, 0.000141766402521, 0.000114642032713, 0.000142279634019, 0.000202719267691, 0.000122359007946, 6.78112264723e-05, 9.27993948352e-09],
        "median": [9.8786322269e-06, 0.00231725582853, 0.00285717681982, 0.000918742152862, 0.000899254402611, 0.000675555318594, 0.000312626943924, 0.000308652990498, 0.000887824397068, 0.000819881563075, 0.000579047482461, 0.000661528203636, 0.000725947145838, 0.00162018300034, 0.000688406056724, 0.000818463566247, 0.000541242188774, 0.000295003002975, 0.000366077612853, 0.000322043575579, 0.000114698596008, 7.45374127291e-05, 4.22779230576e-05, 3.56773489329e-05, 1.90574537555e-05, 7.92310765974e-06, 4.50087356274e-10],
        "min": [7.28478874445e-11, 6.08298933003e-07, 4.61588633982e-08, 1.14917085625e-07, 4.81481492898e-07, 6.05396905939e-07, 1.29653221848e-06, 1.39524115639e-06, 6.17463342678e-07, 1.71697706719e-07, 1.36344397106e-07, 1.75329773811e-07, 1.35287777425e-07, 7.54220309318e-07, 7.12152200322e-07, 6.16597617409e-07, 4.63930916794e-07, 3.79262871775e-07, 2.52437843073e-07, 7.98362236765e-07, 1.77195033757e-06, 8.8889618155e-07, 2.66467225174e-07, 1.89802463524e-07, 8.82360353671e-08, 9.08608355221e-10, 9.94053450665e-12],
        "var": [9.37971211812e-09, 2.99416133203e-05, 7.89817568148e-06, 1.84546354376e-06, 1.87978766917e-05, 5.10670815856e-06, 1.40958343309e-06, 7.7036629591e-06, 9.65405633906e-05, 1.36406852107e-05, 6.91846571499e-06, 5.50979666514e-06, 4.37472772319e-06, 5.28868167748e-06, 2.68938538284e-06, 1.33437094973e-06, 5.64834294892e-07, 2.79023481653e-07, 3.56347868546e-07, 2.34791940557e-07, 1.72984435665e-08, 1.92821119072e-08, 1.3416307354e-07, 2.54442994674e-07, 8.85173818688e-08, 2.82554104558e-08, 4.58053395018e-14]
    },
    "erbbands": {
        "dmean": [0.060625795275, 0.781788229942, 2.01146864891, 2.4603073597, 6.23678731918, 4.64989900589, 4.1717004776, 8.43480396271, 7.57852554321, 6.93234586716, 13.6730947495, 56.1490898132, 51.2158432007, 23.6994552612, 26.7414493561, 36.1465988159, 30.582698822, 62.2338790894, 36.4487457275, 35.2771224976, 28.2607097626, 19.893535614, 13.1036882401, 9.1980714798, 13.6004133224, 8.37921237946, 2.47869706154, 2.56884622574, 2.07783651352, 1.89703762531, 2.31554317474, 2.35226655006, 1.73772776127, 0.983228862286, 0.66753166914, 0.339124530554, 0.111617356539, 0.00714946305379, 0.000142613789649, 1.44842433656e-05],
        "dmean2": [0.100716337562, 1.31288194656, 3.46020483971, 4.15817022324, 10.5023899078, 7.92436122894, 7.0034661293, 13.2966899872, 12.1605672836, 10.8197050095, 20.1058368683, 81.271446228, 79.6840362549, 37.99559021, 40.6884078979, 58.8298873901, 49.5103492737, 101.742881775, 59.677646637, 58.6445045471, 46.3464698792, 32.2669296265, 20.9512882233, 15.0434846878, 22.1473770142, 13.5837965012, 3.93871974945, 4.17544031143, 3.33939099312, 2.89265537262, 3.41602396965, 3.62050628662, 2.51779294014, 1.44089710712, 1.02352261543, 0.534782469273, 0.169206023216, 0.0108479047194, 0.000212314058444, 2.17968154175e-05],
        "dvar": [0.0148000260815, 1.27611148357, 4.58679389954, 8.57835578918, 297.181945801, 106.104164124, 58.8424072266, 271.463592529, 377.725097656, 154.604568481, 1468.3223877, 13028.0449219, 13160.8867188, 1683.89611816, 3807.57006836, 6308.51318359, 3668.77783203, 6945.77539062, 5133.53320312, 8020.48974609, 1406.95166016, 967.109313965, 408.743896484, 141.915420532, 367.218475342, 299.750335693, 17.2619514465, 13.4752292633, 12.4450941086, 23.4910831451, 35.6976509094, 52.337097168, 17.3361968994, 6.32733154297, 3.75151586533, 0.89338773489, 0.0677197426558, 0.000223471492063, 9.1735678609e-08, 4.21871787504e-10],
        "dvar2": [0.0415161475539, 3.42929005623, 12.7469291687, 23.6100311279, 743.163513184, 277.124145508, 140.463882446, 589.359985352, 821.350097656, 314.403808594, 2347.42724609, 26395.5546875, 33122.5664062, 4164.00585938, 6727.34082031, 16267.3818359, 8675.39355469, 17080.9921875, 13510.2939453, 21214.2011719, 3499.08398438, 2314.21118164, 983.871337891, 361.243164062, 938.152954102, 732.051147461, 43.0249328613, 34.542755127, 29.0527687073, 53.3969726562, 70.5714416504, 111.759246826, 36.8981666565, 13.1700534821, 8.48463916779, 2.19244599342, 0.166233047843, 0.00050752540119, 2.0869534012e-07, 9.53991552421e-10],
        "max": [1.08439528942, 9.92872238159, 20.0003204346, 42.9796180725, 142.258636475, 81.7591018677, 157.452011108, 222.8956604, 345.616088867, 247.179504395, 1109.08520508, 1405.21508789, 1437.36853027, 626.010009766, 1717.07202148, 1234.59326172, 1257.31640625, 1248.04138184, 1501.31774902, 1518.99267578, 445.753051758, 582.351074219, 388.712371826, 168.007568359, 261.482696533, 361.066436768, 78.2808685303, 42.9880867004, 53.3325004578, 102.432533264, 186.72026062, 142.131408691, 70.1493530273, 43.5289039612, 40.5903015137, 13.9793109894, 3.41375756264, 0.198636248708, 0.00412134407088, 0.000291640200885],
        "mean": [0.0772348418832, 1.09305262566, 3.63086509705, 4.73079061508, 6.75049114227, 5.64946699142, 5.91438293457, 12.5916728973, 11.3346719742, 11.5429725647, 30.1637458801, 125.216003418, 91.4355926514, 42.1385993958, 55.5623321533, 58.6173629761, 59.9896850586, 120.141990662, 69.5800857544, 59.8354187012, 59.5120162964, 41.3665657043, 25.8432064056, 21.5481491089, 33.6839637756, 19.3460025787, 6.19738149643, 5.95493030548, 4.23304748535, 3.616959095, 4.43405532837, 4.30180883408, 3.05774211884, 1.56918525696, 0.820953607559, 0.356527358294, 0.12545761466, 0.00829136744142, 0.000185791228432, 4.98782537761e-05],
        "median": [0.0250907763839, 0.666055500507, 3.12536287308, 3.75273060799, 2.68333625793, 2.61767745018, 3.51219201088, 5.5667142868, 5.16760444641, 6.39996433258, 8.78766727448, 21.9330120087, 30.6279373169, 26.2266330719, 26.969335556, 29.3504505157, 37.1782226562, 90.043510437, 49.8516807556, 40.4380836487, 46.1016044617, 30.694978714, 19.2535896301, 16.9839820862, 21.7845458984, 14.9377746582, 5.27572345734, 4.63601922989, 2.80679321289, 1.82092821598, 1.19171714783, 0.584190785885, 0.564980149269, 0.289158910513, 0.112181462348, 0.02901144512, 0.0186680648476, 0.00154551758897, 4.858120883e-05, 4.51167907158e-05],
        "min": [1.56939913722e-05, 0.000166236655787, 0.00047484957031, 0.000828493037261, 0.00115669425577, 0.00265796016902, 0.00501399999484, 0.0377238243818, 0.0384383238852, 0.0412700027227, 0.025389296934, 0.0161951873451, 0.00482490565628, 0.00800065509975, 0.0142856352031, 0.00795259233564, 0.007433578372, 0.0308090038598, 0.0411735139787, 0.0402609631419, 0.0392734371126, 0.0334715545177, 0.0180493015796, 0.015329268761, 0.0157986935228, 0.0469722934067, 0.072381593287, 0.0415892116725, 0.0173043590039, 0.00935152638704, 0.00673435069621, 0.00416676048189, 0.00299355085008, 0.00101789576001, 0.000675100076478, 0.000181174924364, 1.57691156346e-05, 3.69960571334e-06, 5.261610454e-07, 8.01462533673e-07],
        "var": [0.0180304329842, 1.73814761639, 7.06132936478, 15.9569511414, 252.166503906, 99.4951629639, 82.3628692627, 489.192199707, 621.561096191, 313.413696289, 9737.12207031, 58597.0351562, 26423.8613281, 2844.11743164, 17414.4003906, 10971.0771484, 7795.20654297, 14118.6337891, 6653.95068359, 8011.29638672, 2718.28149414, 1798.31347656, 872.069580078, 335.309661865, 1205.48608398, 484.64666748, 32.2576599121, 32.9553871155, 26.705116272, 44.5922470093, 126.958251953, 154.884384155, 48.3247489929, 12.3394184113, 4.90213060379, 1.03758656979, 0.0782811939716, 0.000279909960227, 1.16196623878e-07, 7.04840907861e-10]
    },
    "gfcc": {
        "mean": [36.8046073914, 87.8927001953, -140.630966187, 25.0520534515, -45.0616188049, 25.9631347656, -35.7427902222, 14.016784668, -24.9635639191, 2.35628700256, -20.0308132172, -5.3863401413, -12.8896398544],
        "cov": [[1249.64416504, -454.708770752, 297.630889893, 163.881759644, -33.466960907, 64.1047897339, -225.909423828, 54.693359375, -170.20980835, 74.373840332, -74.1459655762, 30.105840683, -89.3441772461], [-454.708770752, 1029.7911377, -152.02015686, 78.1113128662, 211.95300293, -50.2976951599, 252.843963623, -94.8994979858, 97.1931152344, -140.803726196, 11.0997428894, -74.6551132202, 68.690826416], [297.630889893, -152.02015686, 837.643981934, 20.4763183594, 68.787689209, 198.802612305, -260.350585938, 96.8105621338, -64.5633392334, 33.5699653625, -59.0376968384, 80.833946228, -76.2561721802], [163.881759644, 78.1113128662, 20.4763183594, 324.579467773, 80.5533218384, -0.057808123529, 8.16348361969, -53.8257675171, -17.2398796082, 1.9363861084, 19.3017539978, -14.6072235107, 33.6551399231], [-33.466960907, 211.95300293, 68.787689209, 80.5533218384, 268.916870117, 52.3236885071, 57.2601585388, 14.6671085358, -21.1182670593, 13.1413593292, -3.97890114784, 11.1130743027, 6.72189664841], [64.1047897339, -50.2976951599, 198.802612305, -0.057808123529, 52.3236885071, 189.733596802, -12.61079216, 39.6255264282, -13.8302326202, -6.82792615891, 20.364982605, 11.816734314, -24.8672866821], [-225.909423828, 252.843963623, -260.350585938, 8.16348361969, 57.2601585388, -12.61079216, 258.476745605, 14.5276441574, 54.9117584229, -28.9451580048, 22.4023723602, -53.2674255371, 26.3465499878], [54.693359375, -94.8994979858, 96.8105621338, -53.8257675171, 14.6671085358, 39.6255264282, 14.5276441574, 132.721923828, 38.1666526794, 21.8295726776, -17.7740459442, 5.201816082, -17.0726890564], [-170.20980835, 97.1931152344, -64.5633392334, -17.2398796082, -21.1182670593, -13.8302326202, 54.9117584229, 38.1666526794, 140.244018555, 2.02890563011, 3.29891085625, -16.6929607391, 6.24632978439], [74.373840332, -140.803726196, 33.5699653625, 1.9363861084, 13.1413593292, -6.82792615891, -28.9451580048, 21.8295726776, 2.02890563011, 94.1884078979, 19.600528717, 24.9900798798, -11.898229599], [-74.1459655762, 11.0997428894, -59.0376968384, 19.3017539978, -3.97890114784, 20.364982605, 22.4023723602, -17.7740459442, 3.29891085625, 19.600528717, 92.5740585327, 26.9950847626, 21.836566925], [30.105840683, -74.6551132202, 80.833946228, -14.6072235107, 11.1130743027, 11.816734314, -53.2674255371, 5.201816082, -16.6929607391, 24.9900798798, 26.9950847626, 77.5593185425, 15.1752185822], [-89.3441772461, 68.690826416, -76.2561721802, 33.6551399231, 6.72189664841, -24.8672866821, 26.3465499878, -17.0726890564, 6.24632978439, -11.898229599, 21.836566925, 15.1752185822, 74.8357925415]],
        "icov": [[0.00202803337015, -0.000904833956156, 0.00134108879138, -0.00221595377661, 0.00182376906741, -0.00179459154606, 0.00190712185577, -0.00300621031784, 0.00322512397543, -0.00232299673371, 0.00286690797657, -0.00197914312594, 0.00242372089997], [-0.000904833956156, 0.00471246195957, -0.00326411682181, 0.00228185881861, -0.00484133698046, 0.00450048968196, -0.00438538333401, 0.00591934798285, -0.00511885574088, 0.00673721404746, -0.00463215773925, 0.00423340639099, -0.00294178095646], [0.00134108879138, -0.00326411682181, 0.00613661296666, -0.00315831485204, 0.00321168964729, -0.00641701836139, 0.00628342945129, -0.00665202410892, 0.00455329939723, -0.00480957888067, 0.00634667184204, -0.00589841092005, 0.00431955978274], [-0.00221595377661, 0.00228185881861, -0.00315831485204, 0.00705433590338, -0.00452429847792, 0.00360471359454, -0.00304736546241, 0.00653313053772, -0.00470568379387, 0.00350093306042, -0.00556471245363, 0.00614353921264, -0.00563595537096], [0.00182376906741, -0.00484133698046, 0.00321168964729, -0.00452429847792, 0.0107332840562, -0.00636259419844, 0.00234506814741, -0.00680299475789, 0.00735514750704, -0.00885219592601, 0.00784518755972, -0.00706778233871, 0.00359523575753], [-0.00179459154606, 0.00450048968196, -0.00641701836139, 0.00360471359454, -0.00636259419844, 0.0146339703351, -0.00593511248007, 0.00500744394958, -0.00536638963968, 0.0098003577441, -0.0113104479387, 0.00664312392473, -0.00180794927292], [0.00190712185577, -0.00438538333401, 0.00628342945129, -0.00304736546241, 0.00234506814741, -0.00593511248007, 0.0137338973582, -0.00941500719637, 0.00461266282946, -0.00485295895487, 0.00333021488041, -0.000623589672614, 0.00290757487528], [-0.00300621031784, 0.00591934798285, -0.00665202410892, 0.00653313053772, -0.00680299475789, 0.00500744394958, -0.00941500719637, 0.0215636231005, -0.0117352958769, 0.00581809366122, -0.00475456519052, 0.00577711453661, -0.00610923068598], [0.00322512397543, -0.00511885574088, 0.00455329939723, -0.00470568379387, 0.00735514750704, -0.00536638963968, 0.00461266282946, -0.0117352958769, 0.0172685068101, -0.00892389193177, 0.00676834024489, -0.00477405590937, 0.00469280686229], [-0.00232299673371, 0.00673721404746, -0.00480957888067, 0.00350093306042, -0.00885219592601, 0.0098003577441, -0.00485295895487, 0.00581809366122, -0.00892389193177, 0.0250308699906, -0.0125927450135, 0.00364184100181, -0.000684608530719], [0.00286690797657, -0.00463215773925, 0.00634667184204, -0.00556471245363, 0.00784518755972, -0.0113104479387, 0.00333021488041, -0.00475456519052, 0.00676834024489, -0.0125927450135, 0.0258589982986, -0.0140352128074, 0.00265757553279], [-0.00197914312594, 0.00423340639099, -0.00589841092005, 0.00614353921264, -0.00706778233871, 0.00664312392473, -0.000623589672614, 0.00577711453661, -0.00477405590937, 0.00364184100181, -0.0140352128074, 0.0291564036161, -0.0114815309644], [0.00242372089997, -0.00294178095646, 0.00431955978274, -0.00563595537096, 0.00359523575753, -0.00180794927292, 0.00290757487528, -0.00610923068598, 0.00469280686229, -0.000684608530719, 0.00265757553279, -0.0114815309644, 0.0236037261784]]
    },
    "melbands": {
        "dmean": [0.000716743757948, 0.00100025453139, 0.000499679532368, 0.000432555534644, 0.00014135123638, 0.000184963457286, 0.000112195528345, 8.08824333944e-05, 0.000122831872432, 0.000392192101572, 0.000256340281339, 0.000101620062196, 8.179917495e-05, 9.96083253995e-05, 6.61810845486e-05, 9.14073971217e-05, 0.000129061343614, 6.78506403347e-05, 5.18005726917e-05, 4.72834253742e-05, 3.38074896717e-05, 2.47579100687e-05, 1.59568025992e-05, 9.92207515083e-06, 8.0314148363e-06, 1.12207917482e-05, 1.04316586658e-05, 5.07271079186e-06, 1.69308032127e-06, 1.70737507688e-06, 1.57279509949e-06, 1.28230794871e-06, 1.13725127449e-06, 1.135886464e-06, 1.42438284456e-06, 1.50931862208e-06, 1.60519073233e-06, 1.25541657781e-06, 1.21148207199e-06, 8.17146712961e-07],
        "dmean2": [0.00119596975856, 0.00171159941237, 0.000828531687148, 0.000730410334654, 0.00023895096092, 0.000291613774607, 0.000177702240762, 0.000124287544168, 0.000178708985914, 0.000572251796257, 0.000397989031626, 0.000163551376318, 0.000125330203446, 0.00016033652355, 0.00010788047075, 0.000147040103911, 0.000211183854844, 0.000110336644866, 8.57700360939e-05, 7.99113768153e-05, 5.60881271667e-05, 4.00805365643e-05, 2.58331165242e-05, 1.62739888765e-05, 1.3282128748e-05, 1.85238150152e-05, 1.69798222487e-05, 8.34779621073e-06, 2.74072181128e-06, 2.76629862128e-06, 2.58298905464e-06, 2.08477786146e-06, 1.79917549303e-06, 1.7488789581e-06, 2.13742850974e-06, 2.32500201491e-06, 2.51212031799e-06, 1.85683393283e-06, 1.74438173417e-06, 1.26671841372e-06],
        "dvar": [1.58276611728e-06, 1.18615446354e-06, 4.62609989427e-07, 1.43456782098e-06, 5.65897586569e-08, 1.34276362473e-07, 7.20991053527e-08, 2.51029597109e-08, 1.17988840032e-07, 6.36167840184e-07, 3.31079888838e-07, 3.4494444634e-08, 3.13834078725e-08, 3.95304908807e-08, 2.1142335882e-08, 3.2436542341e-08, 3.17081543244e-08, 1.55362709364e-08, 1.27703954078e-08, 9.89437065613e-09, 1.84286996774e-09, 1.61876922977e-09, 7.22199078318e-10, 1.98554034325e-10, 1.13058416795e-10, 2.31582378274e-10, 3.2585301124e-10, 1.13044656969e-10, 8.49064308445e-12, 6.39582570933e-12, 4.52464368056e-12, 4.20453732594e-12, 4.91001336811e-12, 1.06447732573e-11, 1.34504404142e-11, 1.80344229134e-11, 2.85610701756e-11, 1.14339666207e-11, 6.66033634494e-12, 4.80948831108e-12],
        "dvar2": [4.32102206105e-06, 3.28082182932e-06, 1.16872888611e-06, 3.63508297596e-06, 1.46124037315e-07, 2.87000062826e-07, 1.55916396238e-07, 5.39418145706e-08, 1.70010835632e-07, 1.30460739456e-06, 8.37118250274e-07, 8.51510364441e-08, 5.71057157117e-08, 9.64510533663e-08, 4.84800501965e-08, 7.88610634572e-08, 7.80751037155e-08, 3.9925946993e-08, 3.31804308473e-08, 2.34979804503e-08, 4.809258769e-09, 3.89633170172e-09, 1.85139059639e-09, 4.73757144626e-10, 2.90809015757e-10, 6.20198448154e-10, 7.84917464358e-10, 2.890079287e-10, 2.19493190984e-11, 1.63439470291e-11, 1.18066815005e-11, 9.96667418734e-12, 1.18238517935e-11, 2.35143553934e-11, 2.62900430592e-11, 3.95541169262e-11, 6.64674079665e-11, 2.53350899287e-11, 1.45441558103e-11, 1.02957295467e-11],
        "max": [0.0111257927492, 0.00975346192718, 0.00749418931082, 0.00941406842321, 0.00416359351948, 0.00535430712625, 0.00465703522786, 0.00313931331038, 0.0117519963533, 0.00866322219372, 0.00703039579093, 0.002668234054, 0.00489776581526, 0.00301055540331, 0.00223968666978, 0.00344913080335, 0.00266929948702, 0.00257934816182, 0.00134385377169, 0.00173096510116, 0.000496325897984, 0.000813082850073, 0.000508991593961, 0.000174121843884, 0.000162378142704, 0.000143175391713, 0.000256270635873, 0.000239517292357, 5.34342943865e-05, 3.50458903995e-05, 2.55432296399e-05, 2.6960269679e-05, 4.02698497055e-05, 8.07887699921e-05, 0.000119665994134, 0.000100608842331, 0.000106772007712, 5.89497904002e-05, 5.15743486176e-05, 4.14740425185e-05],
        "mean": [0.000952753820457, 0.00182033446617, 0.000892710057087, 0.000475604174426, 0.000206031196285, 0.000279541942291, 0.00016973556194, 0.000129851294332, 0.000257009174675, 0.000869043928105, 0.000441626529209, 0.000161953867064, 0.000164242286701, 0.000165576668223, 0.000110022127046, 0.000163131437148, 0.000233634695178, 0.000116096758575, 7.97745960881e-05, 8.06720199762e-05, 6.65557745378e-05, 4.60484770883e-05, 2.83475801552e-05, 1.76808989636e-05, 1.64383181982e-05, 2.49805289059e-05, 2.25040857913e-05, 1.03683014459e-05, 3.57174417331e-06, 3.60735293725e-06, 3.3276025988e-06, 2.43651675191e-06, 2.03238892027e-06, 1.93756022782e-06, 2.57797410086e-06, 2.5325155093e-06, 2.68107874035e-06, 2.08199253393e-06, 1.94292306332e-06, 1.15542002277e-06],
        "median": [0.000442219286924, 0.0015615489101, 0.000667623826303, 0.000196124543436, 0.000127631807118, 0.000131176871946, 7.88013130659e-05, 6.72578898957e-05, 5.82586035307e-05, 0.000145294354297, 0.000143748387927, 8.97905556485e-05, 8.24156813906e-05, 8.05080198916e-05, 6.18308476987e-05, 9.63041820796e-05, 0.000166654019267, 7.88962497609e-05, 4.96951251989e-05, 5.35851177119e-05, 5.03116461914e-05, 3.2619736885e-05, 2.01022794499e-05, 1.2072865502e-05, 1.17638728625e-05, 1.38361983772e-05, 1.61634197866e-05, 7.93473827798e-06, 2.8827200822e-06, 2.70657596957e-06, 2.4545179258e-06, 1.6179639033e-06, 1.11156919047e-06, 8.39419328713e-07, 7.51753759687e-07, 4.38328498831e-07, 2.88687289185e-07, 3.30473284293e-07, 4.47466618425e-07, 1.89271503359e-07],
        "min": [1.6618773202e-07, 3.96014115722e-07, 2.09969982734e-07, 6.21302334025e-08, 6.9638666389e-08, 3.00277690712e-07, 2.56213411376e-07, 3.7948592535e-07, 1.82168605534e-07, 9.83299557333e-08, 1.8361728138e-08, 3.21069748566e-08, 3.77338835733e-08, 2.85575119108e-08, 1.01364170391e-08, 1.1570119085e-08, 6.68453239427e-08, 6.56604370874e-08, 5.56503643168e-08, 5.5020002776e-08, 4.02952764489e-08, 3.55229090587e-08, 1.42778899814e-08, 1.78671051287e-08, 1.12685203391e-08, 1.12835110144e-08, 1.48891752261e-08, 3.31896998773e-08, 4.15487804162e-08, 4.18428491855e-08, 1.18521406023e-08, 1.26094829023e-11, 5.25245935634e-09, 5.22970822203e-09, 4.08033651311e-09, 2.97001179206e-09, 3.11845905002e-12, 2.53542520312e-09, 1.0462681832e-09, 7.66309349309e-10],
