{
"highlevel": {
    "danceability": {
        "all": {
            "danceable": 0.0063677164726,
            "not_danceable": 0.993632256985
        },
        "probability": 0.993632256985,
        "value": "not_danceable"
    },
    "gender": {
        "all": {
            "female": 0.333091855049,
            "male": 0.666908144951
        },
        "probability": 0.666908144951,
        "value": "male"
    },
    "genre_dortmund": {
        "all": {
            "alternative": 0.237509638071,
            "blues": 0.034981045872,
            "electronic": 0.0196940600872,
            "folkcountry": 0.0520050749183,
            "funksoulrnb": 0.0223356634378,
            "jazz": 0.00273358728737,
            "pop": 0.0358197502792,
            "raphiphop": 0.00155399215873,
            "rock": 0.593367218971
        },
        "probability": 0.593367218971,
        "value": "rock"
    },
    "genre_electronic": {
        "all": {
            "ambient": 0.395930498838,
            "dnb": 0.142153337598,
            "house": 0.0293053817004,
            "techno": 0.0215087458491,
            "trance": 0.411102026701
        },
        "probability": 0.411102026701,
        "value": "trance"
    },
    "genre_rosamerica": {
        "all": {
            "cla": 0.00615953793749,
            "dan": 0.0111685963348,
            "hip": 0.00113261572551,
            "jaz": 0.000627327593975,
            "pop": 0.0481213927269,
            "rhy": 0.00198395526968,
            "roc": 0.930648326874,
            "spe": 0.000158251932589
        },
        "probability": 0.930648326874,
        "value": "roc"
    },
    "genre_tzanetakis": {
        "all": {
            "blu": 0.0626541376114,
            "cla": 0.0348133966327,
            "cou": 0.0783501937985,
            "dis": 0.104547761381,
            "hip": 0.15693578124,
            "jaz": 0.313987255096,
            "met": 0.044816005975,
            "pop": 0.0627349764109,
            "reg": 0.0627352520823,
            "roc": 0.0784252434969
        },
        "probability": 0.313987255096,
        "value": "jaz"
    },
    "ismir04_rhythm": {
        "all": {
            "ChaChaCha": 0.831326961517,
            "Jive": 0.052422516048,
            "Quickstep": 0.0110919214785,
            "Rumba-American": 0.0148127432913,
            "Rumba-International": 0.00671108113602,
            "Rumba-Misc": 0.0026136005763,
            "Samba": 0.0283837877214,
            "Tango": 0.0114575447515,
            "VienneseWaltz": 0.0375693924725,
            "Waltz": 0.00361042702571
        },
        "probability": 0.831326961517,
        "value": "ChaChaCha"
    },
    "mood_acoustic": {
        "all": {
            "acoustic": 0.039421916008,
            "not_acoustic": 0.960578083992
        },
        "probability": 0.960578083992,
        "value": "not_acoustic"
    },
    "mood_aggressive": {
        "all": {
            "aggressive": 0.932588517666,
            "not_aggressive": 0.0674114823341
        },
        "probability": 0.932588517666,
        "value": "aggressive"
    },
    "mood_electronic": {
        "all": {
            "electronic": 0.222256571054,
            "not_electronic": 0.777743458748
        },
        "probability": 0.777743458748,
        "value": "not_electronic"
    },
    "mood_happy": {
        "all": {
            "happy": 0.373587340117,
            "not_happy": 0.626412630081
        },
        "probability": 0.626412630081,
        "value": "not_happy"
    },
    "mood_party": {
        "all": {
            "not_party": 0.640037357807,
            "party": 0.359962671995
        },
        "probability": 0.640037357807,
        "value": "not_party"
    },
    "mood_relaxed": {
        "all": {
            "not_relaxed": 0.971715569496,
            "relaxed": 0.0282844230533
        },
        "probability": 0.971715569496,
        "value": "not_relaxed"
    },
    "mood_sad": {
        "all": {
            "not_sad": 0.751520752907,
            "sad": 0.248479232192
        },
        "probability": 0.751520752907,
        "value": "not_sad"
    },
    "moods_mirex": {
        "all": {
            "Cluster1": 0.284126192331,
            "Cluster2": 0.0912116840482,
            "Cluster3": 0.107715085149,
            "Cluster4": 0.271749973297,
            "Cluster5": 0.245197072625
        },
        "probability": 0.284126192331,
        "value": "Cluster1"
    },
    "timbre": {
        "all": {
            "bright": 0.577697336674,
            "dark": 0.422302693129
        },
        "probability": 0.577697336674,
        "value": "bright"
    },
    "tonal_atonal": {
        "all": {
            "atonal": 0.0127520281821,
            "tonal": 0.987247943878
        },
        "probability": 0.987247943878,
        "value": "tonal"
    },
    "voice_instrumental": {
        "all": {
            "instrumental": 0.000340233935276,
            "voice": 0.999659776688
        },
        "probability": 0.999659776688,
        "value": "voice"
    }
},
"lowlevel": {
    "average_loudness": 0.981215894222,
    "barkbands_crest": {
        "dmean": 2.61940789223,
        "dmean2": 4.42526340485,
        "dvar": 5.11317300797,
        "dvar2": 13.6091375351,
        "max": 19.1716384888,
        "mean": 7.69559860229,
        "median": 6.99039268494,
        "min": 2.25117397308,
        "var": 9.78413295746
    },
    "barkbands_flatness_db": {
        "dmean": 0.0162297133356,
        "dmean2": 0.0254099797457,
        "dvar": 0.000172459345777,
        "dvar2": 0.000432668719441,
        "max": 0.196884840727,
        "mean": 0.0994711741805,
        "median": 0.095448628068,
        "min": 0.0310061927885,
        "var": 0.000758983544074
    },
    "barkbands_kurtosis": {
        "dmean": 0.931470572948,
        "dmean2": 1.52843892574,
        "dvar": 1.21216070652,
        "dvar2": 3.08505654335,
        "max": 12.5980825424,
        "mean": 0.150478199124,
        "median": -0.205888986588,
        "min": -1.79566586018,
        "var": 2.05567884445
    },
    "barkbands_skewness": {
        "dmean": 0.416558802128,
        "dmean2": 0.656805515289,
        "dvar": 0.147898375988,
        "dvar2": 0.370203137398,
        "max": 3.0511276722,
        "mean": 0.564387083054,
        "median": 0.523516893387,
        "min": -1.44552206993,
        "var": 0.407787591219
    },
    "barkbands_spread": {
        "dmean": 6.16446304321,
        "dmean2": 9.72412109375,
        "dvar": 31.3500328064,
        "dvar2": 70.1568603516,
        "max": 95.0195159912,
        "mean": 29.7199497223,
        "median": 28.2977714539,
        "min": 8.6472826004,
        "var": 135.406158447
    },
    "dissonance": {
        "dmean": 0.0151698887348,
        "dmean2": 0.0259150117636,
        "dvar": 0.000186642588233,
        "dvar2": 0.000513230799697,
        "max": 0.500000059605,
        "mean": 0.472434520721,
        "median": 0.477065622807,
        "min": 0.360910773277,
        "var": 0.000359148660209
    },
    "dynamic_complexity": 1.27808082104,
    "erbbands_crest": {
        "dmean": 2.93580031395,
        "dmean2": 4.87155675888,
        "dvar": 7.78403759003,
        "dvar2": 21.4748001099,
        "max": 27.5094947815,
        "mean": 9.27171134949,
        "median": 8.0669631958,
        "min": 2.06912350655,
        "var": 25.57538414
    },
    "erbbands_flatness_db": {
        "dmean": 0.0172175988555,
        "dmean2": 0.0264533534646,
        "dvar": 0.00023366388632,
        "dvar2": 0.000499661429785,
        "max": 0.275539338589,
        "mean": 0.145834177732,
        "median": 0.140480563045,
        "min": 0.0717143118382,
        "var": 0.00146843167022
    },
    "erbbands_kurtosis": {
        "dmean": 0.804493606091,
        "dmean2": 1.31213533878,
        "dvar": 0.775386571884,
        "dvar2": 2.04617738724,
        "max": 9.33698558807,
        "mean": 0.663315594196,
        "median": 0.18065571785,
        "min": -1.4160875082,
        "var": 2.46956539154
    },
    "erbbands_skewness": {
        "dmean": 0.349998176098,
        "dmean2": 0.551923573017,
        "dvar": 0.0880458652973,
        "dvar2": 0.220487892628,
        "max": 2.23099970818,
        "mean": 0.18775613606,
        "median": 0.14469230175,
        "min": -1.67433011532,
        "var": 0.323266416788
    },
    "erbbands_spread": {
        "dmean": 6.36449575424,
        "dmean2": 9.72687625885,
        "dvar": 30.479057312,
        "dvar2": 69.7007141113,
        "max": 84.912979126,
        "mean": 31.7038288116,
        "median": 29.9207992554,
        "min": 5.9253821373,
        "var": 212.802062988
    },
    "hfc": {
        "dmean": 11.0667724609,
        "dmean2": 16.5929203033,
        "dvar": 248.292907715,
        "dvar2": 477.313018799,
        "max": 261.145721436,
        "mean": 40.5384941101,
        "median": 37.6675071716,
        "min": 5.68608999252,
        "var": 584.783325195
    },
    "melbands_crest": {
        "dmean": 3.82319164276,
        "dmean2": 6.45511722565,
        "dvar": 10.7902269363,
        "dvar2": 27.7731437683,
        "max": 24.7627906799,
        "mean": 11.2792892456,
        "median": 10.5085134506,
        "min": 3.69769906998,
        "var": 17.1211414337
    },
    "melbands_flatness_db": {
        "dmean": 0.0222603343427,
        "dmean2": 0.0342088826001,
        "dvar": 0.000377113203285,
        "dvar2": 0.000897171208635,
        "max": 0.247159570456,
        "mean": 0.136889174581,
        "median": 0.135385215282,
        "min": 0.0244812723249,
        "var": 0.00145920657087
    },
    "melbands_kurtosis": {
        "dmean": 2.52946734428,
        "dmean2": 4.13795757294,
        "dvar": 12.2324523926,
        "dvar2": 31.0059585571,
        "max": 36.9020957947,
        "mean": 3.15749025345,
        "median": 1.78794240952,
        "min": -1.55548703671,
        "var": 20.2761535645
    },
    "melbands_skewness": {
        "dmean": 0.56225246191,
        "dmean2": 0.896789968014,
        "dvar": 0.305056452751,
        "dvar2": 0.771039783955,
        "max": 5.11937665939,
        "mean": 1.40656661987,
        "median": 1.35177695751,
        "min": -0.669168829918,
        "var": 0.903609931469
    },
    "melbands_spread": {
        "dmean": 9.65417861938,
        "dmean2": 15.0467967987,
        "dvar": 116.128105164,
        "dvar2": 249.831726074,
        "max": 167.839111328,
        "mean": 37.5693321228,
        "median": 35.7990112305,
        "min": 8.51469039917,
        "var": 271.923919678
    },
    "pitch_salience": {
        "dmean": 0.0662830173969,
        "dmean2": 0.106189802289,
        "dvar": 0.00273796054535,
        "dvar2": 0.00728005403653,
        "max": 0.836279809475,
        "mean": 0.583193600178,
        "median": 0.579497277737,
        "min": 0.340866565704,
        "var": 0.00870353449136
    },
    "silence_rate_20dB": {
        "dmean": 0,
        "dmean2": 0,
        "dvar": 0,
        "dvar2": 0,
        "max": 1,
        "mean": 1,
        "median": 1,
        "min": 1,
        "var": 0
    },
    "silence_rate_30dB": {
        "dmean": 0,
        "dmean2": 0,
        "dvar": 0,
        "dvar2": 0,
        "max": 1,
        "mean": 1,
        "median": 1,
        "min": 1,
        "var": 0
    },
    "silence_rate_60dB": {
        "dmean": 0,
        "dmean2": 0,
        "dvar": 0,
        "dvar2": 0,
        "max": 0,
        "mean": 0,
        "median": 0,
        "min": 0,
        "var": 0
    },
    "spectral_centroid": {
        "dmean": 243.310073853,
        "dmean2": 385.503295898,
        "dvar": 51623.3945312,
        "dvar2": 115151.976562,
        "max": 3814.5078125,
        "mean": 1713.89074707,
        "median": 1667.91320801,
        "min": 611.62109375,
        "var": 187206.5625
    },
    "spectral_complexity": {
        "dmean": 4.13777112961,
        "dmean2": 6.25406646729,
        "dvar": 11.7859869003,
        "dvar2": 24.8371047974,
        "max": 56,
        "mean": 32.201084137,
        "median": 32,
        "min": 7,
        "var": 57.9209022522
    },
    "spectral_decrease": {
        "dmean": 2.95914692749e-09,
        "dmean2": 4.77336126181e-09,
        "dvar": 8.745205726e-18,
        "dvar2": 2.1928430653e-17,
        "max": -7.34461158558e-10,
        "mean": -8.68651817143e-09,
        "median": -8.24100787611e-09,
        "min": -2.35637376278e-08,
        "var": 1.45715309527e-17
    },
    "spectral_energy": {
        "dmean": 0.0118316151202,
        "dmean2": 0.0190292205662,
        "dvar": 0.000130413434817,
        "dvar2": 0.000325945497025,
        "max": 0.0939785987139,
        "mean": 0.0364618897438,
        "median": 0.0348569639027,
        "min": 0.00338550447486,
        "var": 0.000230155172176
    },
    "spectral_energyband_high": {
        "dmean": 0.000645868480206,
        "dmean2": 0.000850066484418,
        "dvar": 3.0883470572e-06,
        "dvar2": 5.286619853e-06,
        "max": 0.0289289113134,
        "mean": 0.00167167605832,
        "median": 0.00103012123145,
        "min": 6.49867652101e-05,
        "var": 7.17364628144e-06
    },
    "spectral_energyband_low": {
        "dmean": 0.0060018976219,
        "dmean2": 0.0098238568753,
        "dvar": 9.6857031167e-05,
        "dvar2": 0.000250345648965,
        "max": 0.0666932910681,
        "mean": 0.0088855791837,
        "median": 0.00613877084106,
        "min": 8.890213212e-05,
        "var": 9.22619947232e-05
    },
    "spectral_energyband_middle_high": {
        "dmean": 0.00506741460413,
        "dmean2": 0.00813304353505,
        "dvar": 3.16960286e-05,
        "dvar2": 8.56494079926e-05,
        "max": 0.0522239096463,
        "mean": 0.0150925898924,
        "median": 0.0126015366986,
        "min": 0.0010799333686,
        "var": 9.59099706961e-05
    },
    "spectral_energyband_middle_low": {
        "dmean": 0.00567895546556,
        "dmean2": 0.00914628151804,
        "dvar": 4.25187063229e-05,
        "dvar2": 0.000106200895971,
        "max": 0.0581205822527,
        "mean": 0.0121900904924,
        "median": 0.00962818600237,
        "min": 0.00127593579236,
        "var": 6.9095112849e-05
    },
    "spectral_entropy": {
        "dmean": 0.110597133636,
        "dmean2": 0.160025447607,
        "dvar": 0.0103999078274,
        "dvar2": 0.0174114909023,
        "max": 8.73886108398,
        "mean": 7.84099769592,
        "median": 7.8694562912,
        "min": 6.94583320618,
        "var": 0.0759202465415
    },
    "spectral_flux": {
        "dmean": 0.0270707625896,
        "dmean2": 0.0411217324436,
        "dvar": 0.000626485270914,
        "dvar2": 0.0012198407203,
        "max": 0.269614905119,
        "mean": 0.113076098263,
        "median": 0.10746332258,
        "min": 0.0276441276073,
        "var": 0.00148640887346
    },
    "spectral_kurtosis": {
        "dmean": 1.00205659866,
        "dmean2": 1.62729597092,
        "dvar": 0.88632363081,
        "dvar2": 2.4659049511,
        "max": 11.9075574875,
        "mean": 3.93218326569,
        "median": 3.70571565628,
        "min": -0.647739648819,
        "var": 3.07506728172
    },
    "spectral_rms": {
        "dmean": 0.000938068493269,
        "dmean2": 0.00147359678522,
        "dvar": 6.56086683648e-07,
        "dvar2": 1.5836789089e-06,
        "max": 0.00957530364394,
        "mean": 0.00583288399503,
        "median": 0.00583153450862,
        "min": 0.00181739684194,
        "var": 1.54995325374e-06
    },
    "spectral_rolloff": {
        "dmean": 536.930175781,
        "dmean2": 844.482666016,
        "dvar": 663646.5,
        "dvar2": 1187746.25,
        "max": 9969.87304688,
        "mean": 2116.06640625,
        "median": 1679.58984375,
        "min": 279.931640625,
        "var": 1939825.875
    },
    "spectral_skewness": {
        "dmean": 0.145294904709,
        "dmean2": 0.228599593043,
        "dvar": 0.0142003763467,
        "dvar2": 0.0358561426401,
        "max": 2.31654191017,
        "mean": 1.4798156023,
        "median": 1.49013721943,
        "min": 0.363363772631,
        "var": 0.072007201612
    },
    "spectral_spread": {
        "dmean": 444377.8125,
        "dmean2": 589325.9375,
        "dvar": 217340133376,
        "dvar2": 309465513984,
        "max": 9952192,
        "mean": 4587421,
        "median": 4443203.5,
        "min": 2452328,
        "var": 1.47284085965e+12
    },
    "spectral_strongpeak": {
        "dmean": 1.10613441467,
        "dmean2": 1.87923848629,
        "dvar": 1.90731823444,
        "dvar2": 5.04236841202,
        "max": 10.7646198273,
        "mean": 1.72921800613,
        "median": 0.844263911247,
        "min": 0,
        "var": 3.44931960106
    },
    "zerocrossingrate": {
        "dmean": 0.0113385561854,
        "dmean2": 0.0130251199007,
        "dvar": 0.000187721248949,
        "dvar2": 0.000193285522982,
        "max": 0.30517578125,
        "mean": 0.0803356692195,
        "median": 0.072265625,
        "min": 0.02734375,
        "var": 0.00124883081298
    },
    "barkbands": {
        "dmean": [0.000423624267569, 0.00279176887125, 0.00356156658381, 0.000915219192393, 0.00210455688648, 0.00118691194803, 0.000878644874319, 0.00144930894021, 0.00108086911496, 0.0023615444079, 0.00127997179516, 0.00066216813866, 0.00107425381429, 0.00194448744878, 0.000559383886866, 0.000344682135619, 0.000390895380406, 0.000359554134775, 0.000278116465779, 0.000145788028021, 9.94579604594e-05, 0.000154865600052, 0.000127703315229, 0.000196381981368, 0.00012950351811, 3.53593932232e-05, 5.80192534017e-08],
        "dmean2": [0.000718416878954, 0.00465773325413, 0.00644097663462, 0.00152431346942, 0.0034736697562, 0.00191393645946, 0.00145038077608, 0.00234288908541, 0.00171321793459, 0.00387501413934, 0.00204768474214, 0.00106353510637, 0.00178108282853, 0.00332460808568, 0.000932238821406, 0.000560974818654, 0.000616581819486, 0.000597841804847, 0.000450714578619, 0.000231319019804, 0.000152560984134, 0.00023741912446, 0.000180099988938, 0.000268984382274, 0.000183819705853, 4.92915241921e-05, 1.06083476226e-07],
        "dvar": [4.0781552002e-07, 1.35353493533e-05, 4.92178260174e-05, 1.68684255186e-06, 1.37852366606e-05, 6.28575207884e-06, 4.19838943344e-06, 6.88720956532e-06, 5.16883574164e-06, 1.81085215445e-05, 8.138582416e-06, 8.71624422416e-07, 2.84670136352e-06, 1.01174837255e-05, 1.1438492038e-06, 2.23336627414e-07, 3.24044606259e-07, 2.72622031616e-07, 1.76108841288e-07, 4.1170210352e-08, 1.65038152034e-08, 7.19893691326e-08, 1.00658425595e-07, 7.2879123536e-07, 2.15411930071e-07, 7.34414529191e-09, 1.50881274163e-13],
        "dvar2": [1.10616008442e-06, 3.19383470924e-05, 0.00013838414452, 4.19920615968e-06, 3.43766114383e-05, 1.49713050632e-05, 1.21199145724e-05, 1.60589697771e-05, 1.1953563444e-05, 4.66957681056e-05, 2.00684153242e-05, 2.24460495701e-06, 7.43735972719e-06, 3.00253323076e-05, 2.98118061437e-06, 5.78426295306e-07, 7.65032154959e-07, 5.96124777985e-07, 5.23965184129e-07, 1.0129447503e-07, 3.41025625517e-08, 1.48567878e-07, 1.93280996541e-07, 1.44680734593e-06, 4.10295058373e-07, 1.39519436004e-08, 4.16710530015e-13],
        "max": [0.00432953098789, 0.0303280390799, 0.0480676554143, 0.0126550486311, 0.0372651293874, 0.034075088799, 0.0332693010569, 0.0320826545358, 0.035784624517, 0.0404562652111, 0.0398567244411, 0.0122524090111, 0.0211893375963, 0.0380491055548, 0.0168694667518, 0.00788858253509, 0.00745573081076, 0.0107941478491, 0.00724380137399, 0.00338874012232, 0.00227829744108, 0.00518276588991, 0.00533719733357, 0.0121128372848, 0.00736738648266, 0.00176357349847, 7.25395148038e-06],
        "mean": [0.000400498218369, 0.0041614738293, 0.00364064681344, 0.00134310952853, 0.00294885528274, 0.00190744909924, 0.00129243836273, 0.00196503754705, 0.00163164827973, 0.0036346137058, 0.00219104602002, 0.00115737109445, 0.00158347107936, 0.00288351695053, 0.000962000049185, 0.00067807326559, 0.000766625162214, 0.000814587227069, 0.000642774743028, 0.000374600407667, 0.000255139282672, 0.000370910012862, 0.000260431697825, 0.000302095577354, 0.000222549104365, 7.08775623934e-05, 3.79997580069e-08],
        "median": [0.00014000639203, 0.00292483111843, 0.00193656410556, 0.000866334536113, 0.00172289041802, 0.00101474288385, 0.000637958757579, 0.000900842482224, 0.000804086157586, 0.00107070093509, 0.000853551260661, 0.000711287662853, 0.000933578470722, 0.00141164835077, 0.000629072776064, 0.000498898676597, 0.000546860217582, 0.000616994570009, 0.000492526625749, 0.000290367665002, 0.000190007165656, 0.000246957031777, 0.000131984837935, 0.000110263157694, 9.46663203649e-05, 3.85547245969e-05, 1.42313949514e-09],
        "min": [4.48904984296e-07, 3.63478247891e-05, 8.93629567145e-06, 6.52376274957e-06, 5.57392413612e-05, 3.08019007207e-05, 1.66388854268e-05, 1.69018458109e-05, 3.52638962795e-05, 2.92314325634e-05, 2.19059529627e-05, 5.98994665779e-06, 5.61609122087e-05, 3.06153269776e-05, 2.29745310207e-05, 4.38307615696e-05, 3.27150519297e-05, 4.14681489929e-05, 3.74714218196e-05, 2.95024892694e-05, 1.83488173207e-05, 6.77529624227e-06, 2.83577583104e-06, 1.30848729896e-06, 1.05972355868e-06, 6.3480672452e-07, 8.16276126553e-12],
        "var": [3.90738307487e-07, 1.7264725102e-05, 3.37028905051e-05, 2.17812817027e-06, 1.47177825056e-05, 9.21618266148e-06, 6.04805063631e-06, 1.10583878268e-05, 8.60272211867e-06, 3.73008188035e-05, 2.07563534786e-05, 1.80246388481e-06, 4.06294429922e-06, 1.46180409502e-05, 1.54897566063e-06, 4.01215515922e-07, 6.21832555225e-07, 6.00065561684e-07, 3.35679089858e-07, 9.85085222283e-08, 5.33391784074e-08, 1.73303277506e-07, 2.14503515394e-07, 1.11029817162e-06, 3.97705122168e-07, 1.52453516478e-08, 9.61696136137e-14]
    },
    "erbbands": {
        "dmean": [0.0956039652228, 0.736015677452, 3.59867167473, 3.56896448135, 4.88046741486, 7.89784431458, 8.68797874451, 9.88175201416, 11.6114912033, 19.4204216003, 31.9579601288, 22.9844284058, 50.2557868958, 80.9404373169, 32.0517044067, 28.6370029449, 43.1429481506, 98.6923904419, 41.3644676208, 21.1306648254, 16.8359394073, 21.4209899902, 20.1728515625, 14.8014583588, 10.4580259323, 6.59342479706, 4.43000364304, 4.18176364899, 5.59720134735, 4.49774169922, 4.00493431091, 3.54493975639, 3.45866322517, 1.89598894119, 0.730008423328, 0.15428969264, 0.0788780301809, 0.00811430066824, 0.000147053913679, 1.87858240679e-05],
        "dmean2": [0.160975858569, 1.26489961147, 6.58405256271, 5.9675951004, 8.38135147095, 13.1395921707, 13.7017755508, 16.2584457397, 19.486082077, 31.9267883301, 50.5684928894, 36.6036911011, 82.9543838501, 130.219207764, 52.286781311, 45.911190033, 71.2211685181, 168.537857056, 69.5087585449, 34.663734436, 27.2232017517, 33.8347892761, 33.295715332, 23.9623699188, 16.9423751831, 10.4059514999, 6.92844390869, 6.46860647202, 8.61379051208, 6.68737125397, 5.64086437225, 5.03580474854, 4.76661300659, 2.71835374832, 1.03170883656, 0.214315474033, 0.113932557404, 0.0119269788265, 0.000212591432501, 2.79971573036e-05],
        "dvar": [0.0201614499092, 1.23430645466, 51.7339630127, 31.3066253662, 60.6632385254, 243.1690979, 228.442169189, 518.70892334, 880.624694824, 1938.12011719, 3523.98168945, 2135.36938477, 11815.2666016, 26476.0273438, 2058.17480469, 1822.23779297, 3760.06469727, 25361.1660156, 4914.07080078, 855.445800781, 538.196228027, 1166.19665527, 832.405273438, 336.050354004, 261.786804199, 86.7814559937, 28.233133316, 37.8088874817, 109.425323486, 79.2154998779, 89.2021942139, 264.137542725, 214.207870483, 50.0373458862, 5.54819488525, 0.154627144337, 0.0418305471539, 0.000318432750646, 1.20561963968e-07, 7.51675277577e-10],
        "dvar2": [0.0532674379647, 3.35203647614, 146.195755005, 80.9513244629, 158.043869019, 613.08795166, 511.904724121, 1297.90148926, 2640.37988281, 4754.37451172, 8636.42871094, 4891.51025391, 31768.6386719, 66319.390625, 5198.63867188, 4847.26904297, 9990.50390625, 73524.7578125, 13305.9794922, 2195.38061523, 1343.25183105, 2764.26367188, 1893.62817383, 832.873474121, 764.478210449, 211.319076538, 62.0859451294, 76.7029495239, 225.248916626, 170.634841919, 167.439224243, 562.685302734, 416.862792969, 90.6610641479, 11.1761169434, 0.264837443829, 0.0858223289251, 0.000662642123643, 2.41072228846e-07, 1.43047584888e-09],
        "max": [1.04362869263, 8.04372596741, 47.9474105835, 44.692325592, 76.1089096069, 170.435165405, 189.513748169, 372.636413574, 543.112915039, 710.301757812, 738.044433594, 629.955505371, 1454.76403809, 1582.14465332, 593.790283203, 623.315185547, 604.401672363, 1784.94421387, 1067.0012207, 376.088806152, 528.864685059, 502.032440186, 538.596679688, 306.598968506, 288.710510254, 156.917800903, 79.4940414429, 108.516685486, 246.680038452, 187.298812866, 155.320968628, 269.614959717, 209.44670105, 97.756980896, 38.1915931702, 7.21201372147, 4.43660259247, 0.345725297928, 0.00733599578962, 0.000544597627595],
        "mean": [0.116207681596, 0.970428705215, 3.71018004417, 4.8306517601, 6.79769611359, 10.0351343155, 13.9765834808, 15.2818317413, 18.1320896149, 27.1281204224, 47.5041694641, 36.1294174194, 76.6672286987, 138.922653198, 57.2343559265, 52.9021110535, 73.0760421753, 155.551940918, 70.4915618896, 42.1724739075, 37.4799995422, 44.81457901, 46.0745277405, 36.751953125, 26.7941131592, 17.2033939362, 12.1418056488, 10.3594512939, 12.914223671, 10.2138319016, 7.8347864151, 5.73392772675, 5.13455247879, 3.12553930283, 1.27529466152, 0.337082326412, 0.137910619378, 0.0120787285268, 0.000256186263869, 5.96312129346e-05],
        "median": [0.0701876282692, 0.655078828335, 1.98271179199, 3.18088126183, 4.31053066254, 5.57634305954, 7.80546092987, 8.04173374176, 8.94578075409, 13.5140285492, 21.7242851257, 19.6300067902, 29.3581085205, 37.9002914429, 35.970161438, 34.9155578613, 49.7324714661, 84.3805007935, 49.8021278381, 32.6248970032, 27.7961826324, 31.6535358429, 35.4819297791, 30.8232288361, 20.4885101318, 13.3091888428, 9.41921329498, 7.09682512283, 8.24645805359, 6.46028280258, 3.77646684647, 2.3244073391, 1.78774869442, 1.20101678371, 0.575794756413, 0.186874479055, 0.0703507363796, 0.005238592159, 0.000125021877466, 5.24690949533e-05],
        "min": [0.000561553111766, 0.00488543650135, 0.0246052835137, 0.0747926235199, 0.338058978319, 0.292639762163, 0.0901376008987, 0.313311249018, 0.374747812748, 0.449801683426, 0.710405886173, 1.38159012794, 0.824644863605, 1.08968400955, 2.25904035568, 1.09022319317, 3.29918313026, 3.02734446526, 1.48304879665, 3.12350916862, 2.23652029037, 2.36881566048, 2.0497367382, 2.46594381332, 2.608720541, 1.31234228611, 0.795808017254, 0.288318544626, 0.296079277992, 0.159435421228, 0.0899212285876, 0.0257441382855, 0.0231858976185, 0.0155029781163, 0.00675626425073, 0.00345508824103, 0.00107220408972, 6.92218382028e-05, 9.26663051359e-06, 1.01900377558e-05],
        "var": [0.0201045181602, 1.14451527596, 34.1713676453, 30.5719776154, 58.1485481262, 239.803482056, 430.398773193, 655.853027344, 1241.99182129, 2738.87280273, 6199.36279297, 3460.32836914, 21718.2617188, 61436.609375, 4488.05322266, 3599.88232422, 5958.38085938, 38689.4296875, 6419.9453125, 1314.02282715, 1148.23962402, 2142.23535156, 1808.52416992, 696.578918457, 537.705932617, 201.715866089, 95.1026611328, 109.295906067, 239.615615845, 170.195236206, 196.803115845, 388.338684082, 324.588470459, 90.5321426392, 10.2716255188, 0.409875720739, 0.0699900910258, 0.000517593172844, 2.07120436357e-07, 1.50309864555e-09]
    },
    "gfcc": {
        "mean": [65.6993331909, 76.9004745483, -130.46987915, 30.4422225952, -55.1233329773, 25.8541545868, -37.5744552612, 13.9870061874, -27.9355506897, 5.59018039703, -18.6354236603, 3.19200634956, -16.4943065643],
        "cov": [[664.610351562, -337.809875488, 140.97543335, 27.3683357239, -111.804496765, 18.5166149139, -127.723052979, -0.18953435123, -12.990275383, 24.0089588165, -16.7345867157, 28.9406089783, -3.58709287643], [-337.809875488, 638.304016113, -215.522033691, -43.3124656677, 189.213058472, -34.1815795898, 176.112243652, -21.1699523926, 57.6418113708, -43.5453033447, 27.6522750854, -41.1807327271, -9.84672451019], [140.97543335, -215.522033691, 323.143493652, 87.6500473022, -80.1845321655, -0.473113387823, -102.231071472, 42.6029853821, -31.0424938202, 29.4199066162, 3.06125640869, 25.8312091827, 2.33749198914], [27.3683357239, -43.3124656677, 87.6500473022, 154.781677246, 10.4609470367, -30.6524372101, -37.9970054626, 15.2605619431, 5.45955514908, 20.7633190155, 10.1334409714, 3.48967552185, 8.6055688858], [-111.804496765, 189.213058472, -80.1845321655, 10.4609470367, 152.14881897, 29.4983634949, 83.602684021, 3.23192977905, 14.6088275909, -6.75657081604, 7.31290531158, -13.1754636765, -8.72451591492], [18.5166149139, -34.1815795898, -0.473113387823, -30.6524372101, 29.4983634949, 112.073997498, 59.1752052307, -0.177176684141, -5.62713241577, -12.2695407867, 0.626241087914, 1.0260515213, -4.99429416656], [-127.723052979, 176.112243652, -102.231071472, -37.9970054626, 83.602684021, 59.1752052307, 153.619094849, 15.1131572723, 17.7941741943, -26.1169433594, 4.24935054779, -15.0658836365, -13.4560565948], [-0.18953435123, -21.1699523926, 42.6029853821, 15.2605619431, 3.23192977905, -0.177176684141, 15.1131572723, 75.0734481812, 22.4493923187, 13.2186059952, 2.60843706131, -8.23066997528, -8.95649337769], [-12.990275383, 57.6418113708, -31.0424938202, 5.45955514908, 14.6088275909, -5.62713241577, 17.7941741943, 22.4493923187, 65.3325271606, 21.0347175598, 3.86014699936, -13.6580324173, -15.8618650436], [24.0089588165, -43.5453033447, 29.4199066162, 20.7633190155, -6.75657081604, -12.2695407867, -26.1169433594, 13.2186059952, 21.0347175598, 52.7046203613, 16.8717575073, 2.58906984329, -6.88731431961], [-16.7345867157, 27.6522750854, 3.06125640869, 10.1334409714, 7.31290531158, 0.626241087914, 4.24935054779, 2.60843706131, 3.86014699936, 16.8717575073, 42.4431304932, 19.1058864594, 3.37568473816], [28.9406089783, -41.1807327271, 25.8312091827, 3.48967552185, -13.1754636765, 1.0260515213, -15.0658836365, -8.23066997528, -13.6580324173, 2.58906984329, 19.1058864594, 52.0296707153, 22.5720939636], [-3.58709287643, -9.84672451019, 2.33749198914, 8.6055688858, -8.72451591492, -4.99429416656, -13.4560565948, -8.95649337769, -15.8618650436, -6.88731431961, 3.37568473816, 22.5720939636, 53.7938652039]],
        "icov": [[0.0022276355885, 0.000754716631491, -0.000112542045827, -9.10760500119e-05, 0.000168507845956, -0.000827252108138, 0.00124862103257, 0.000222403177759, -0.000990419765003, 0.000468444923172, 0.000517542008311, -0.000911449606065, 0.000723945326172], [0.000754716631491, 0.00813122931868, -0.00252228206955, 0.00344468886033, -0.00738551001996, 0.00914226938039, -0.00675750989467, 0.00630147987977, -0.00790535099804, 0.00807286705822, -0.00932359881699, 0.00640146294609, -0.00329135474749], [-0.000112542045827, -0.00252228206955, 0.00794947613031, -0.00461462792009, 0.00444478681311, -0.00619521318004, 0.00586431240663, -0.00718987220898, 0.00661791441962, -0.00411890028045, 0.00428352504969, -0.00494098989293, 0.00356760178693], [-9.10760500119e-05, 0.00344468886033, -0.00461462792009, 0.0112842135131, -0.00658121705055, 0.00696348026395, -0.00230791862123, 0.00334126292728, -0.00527212396264, 0.00311318924651, -0.00624227710068, 0.00497517269105, -0.00427391240373], [0.000168507845956, -0.00738551001996, 0.00444478681311, -0.00658121705055, 0.0179832652211, -0.0101093519479, 0.00173607596662, -0.00565672526136, 0.00795898865908, -0.00889099296182, 0.00838247593492, -0.00564234890044, 0.00403952598572], [-0.000827252108138, 0.00914226938039, -0.00619521318004, 0.00696348026395, -0.0101093519479, 0.0249411761761, -0.0155386244878, 0.00988333392888, -0.00818642601371, 0.0087963277474, -0.0110786352307, 0.00782316923141, -0.00466688768938], [0.00124862103257, -0.00675750989467, 0.00586431240663, -0.00230791862123, 0.00173607596662, -0.0155386244878, 0.0241460222751, -0.0113110272214, 0.00440157810226, 0.000605593551882, 0.00479523791, -0.00587011873722, 0.00549392821267], [0.000222403177759, 0.00630147987977, -0.00718987220898, 0.00334126292728, -0.00565672526136, 0.00988333392888, -0.0113110272214, 0.0247967876494, -0.012644354254, 0.00416943430901, -0.00777340913191, 0.00826100260019, -0.00392751675099], [-0.000990419765003, -0.00790535099804, 0.00661791441962, -0.00527212396264, 0.00795898865908, -0.00818642601371, 0.00440157810226, -0.012644354254, 0.03234930709, -0.018360901624, 0.0105480169877, -0.00472538778558, 0.00707804970443], [0.000468444923172, 0.00807286705822, -0.00411890028045, 0.00311318924651, -0.00889099296182, 0.0087963277474, 0.000605593551882, 0.00416943430901, -0.018360901624, 0.0407090522349, -0.0225580986589, 0.00816026516259, -0.000800171284936], [0.000517542008311, -0.00932359881699, 0.00428352504969, -0.00624227710068, 0.00838247593492, -0.0110786352307, 0.00479523791, -0.00777340913191, 0.0105480169877, -0.0225580986589, 0.0477127693594, -0.0232669617981, 0.00636741891503], [-0.000911449606065, 0.00640146294609, -0.00494098989293, 0.00497517269105, -0.00564234890044, 0.00782316923141, -0.00587011873722, 0.00826100260019, -0.00472538778558, 0.00816026516259, -0.0232669617981, 0.0381977632642, -0.0146683631465], [0.000723945326172, -0.00329135474749, 0.00356760178693, -0.00427391240373, 0.00403952598572, -0.00466688768938, 0.00549392821267, -0.00392751675099, 0.00707804970443, -0.000800171284936, 0.00636741891503, -0.0146683631465, 0.0272461231798]]
    },
    "melbands": {
        "dmean": [0.000749200524297, 0.001565705752, 0.000618912861682, 0.000493858649861, 0.000301318039419, 0.000223586874199, 0.000175229113665, 0.000233786646277, 0.000273180019576, 0.000137301409268, 0.000254922226304, 0.000333924108418, 0.000126677317894, 6.82099562255e-05, 0.000102791505924, 0.000109287422674, 0.000210496364161, 7.86717791925e-05, 3.99756791012e-05, 2.7569480153e-05, 2.08544570341e-05, 2.56767907558e-05, 2.08741948882e-05, 1.87565728993e-05, 1.31770930238e-05, 1.17077443065e-05, 5.69425083086e-06, 4.84982683702e-06, 3.28816440742e-06, 2.86446288555e-06, 2.63728588834e-06, 3.30170837515e-06, 3.69799386135e-06, 2.37898916566e-06, 2.50321204476e-06, 2.06746790354e-06, 2.35100037571e-06, 2.36679170484e-06, 2.52396239375e-06, 1.49087406953e-06],
        "dmean2": [0.00121763499919, 0.00283654313534, 0.00104789726902, 0.00083323486615, 0.000475070613902, 0.000366611144273, 0.000293802964734, 0.000384236656828, 0.000436243892182, 0.000219710127567, 0.000422014651122, 0.000539200380445, 0.000204613184906, 0.0001098865323, 0.000168151775142, 0.000181472438271, 0.000359865138307, 0.000133131543407, 6.57604032313e-05, 4.53420398117e-05, 3.39887337759e-05, 4.08135201724e-05, 3.39640719176e-05, 3.11383882945e-05, 2.14431784116e-05, 1.94710282813e-05, 9.09104619495e-06, 7.78701632953e-06, 5.16103909831e-06, 4.51586447525e-06, 4.19399930252e-06, 5.11105918122e-06, 5.85909219808e-06, 3.58299917025e-06, 3.62499781659e-06, 2.9375014492e-06, 3.48201160705e-06, 3.37794836014e-06, 3.62712239621e-06, 2.20413107854e-06],
        "dvar": [9.56068447522e-07, 9.07259891392e-06, 9.01193686786e-07, 9.23228810734e-07, 2.66085834255e-07, 2.59201272002e-07, 1.924469899e-07, 2.50074151609e-07, 2.7606643016e-07, 7.09326499759e-08, 3.06323897803e-07, 4.4861823767e-07, 5.23277847719e-08, 1.04822310831e-08, 2.43995010862e-08, 3.37250760651e-08, 1.26713757709e-07, 1.72444583058e-08, 4.73438532822e-09, 1.41150624522e-09, 7.70865038469e-10, 1.92631022244e-09, 7.74108221968e-10, 1.07254505277e-09, 2.83126799783e-10, 4.95961438585e-10, 5.50334430804e-11, 4.94115373617e-11, 1.49460912396e-11, 1.4955129149e-11, 1.75767161242e-11, 4.16064578623e-11, 3.82708136015e-11, 2.70556008153e-11, 3.0912866017e-11, 5.50361214935e-11, 1.33772312672e-10, 1.15115798838e-10, 8.7816018346e-11, 2.99257112146e-11],
        "dvar2": [2.25414191846e-06, 2.54805709119e-05, 2.34931326304e-06, 2.38395773522e-06, 6.18047579337e-07, 6.47876163384e-07, 5.74276214138e-07, 6.0118145484e-07, 6.81880862885e-07, 1.60183645903e-07, 8.18954106308e-07, 1.12182533485e-06, 1.31471310283e-07, 2.60030237342e-08, 6.31909671256e-08, 8.80555575122e-08, 3.71481689854e-07, 4.77039456825e-08, 1.24247714339e-08, 3.69536334865e-09, 1.95942373438e-09, 4.67468552756e-09, 1.80428494367e-09, 2.29523555717e-09, 7.20316528646e-10, 1.57929824773e-09, 1.22263643654e-10, 1.27200083799e-10, 3.52230675182e-11, 3.37972184961e-11, 4.00892062602e-11, 8.83986009392e-11, 8.97025648205e-11, 6.07594460855e-11, 6.00857349986e-11, 1.11729021868e-10, 3.01446451134e-10, 2.43175340975e-10, 1.66691285775e-10, 5.8503306366e-11],
        "max": [0.00829513929784, 0.0188542753458, 0.00732284318656, 0.0103016104549, 0.00621810508892, 0.00779456086457, 0.00781498663127, 0.00836366787553, 0.00639621214941, 0.00341785396449, 0.00740602379665, 0.00691465428099, 0.00294055556878, 0.00137309916317, 0.00266568106599, 0.00236690044403, 0.00410627759993, 0.00173424638342, 0.00105563178658, 0.000526098010596, 0.000620593084022, 0.000691734778229, 0.00040012068348, 0.000867392227519, 0.000307184265694, 0.000438304239651, 0.000104583152279, 0.000112538662506, 4.72329411423e-05, 6.29122514511e-05, 7.26643338567e-05, 0.000166481448105, 8.92520547495e-05, 0.000111893743451, 8.50447831908e-05, 0.00014795527386, 0.000194019215996, 0.000154507928528, 0.000138922943734, 8.32341975183e-05],
        "mean": [0.00111382012255, 0.00176211411599, 0.000892125244718, 0.000632546201814, 0.000484705378767, 0.000354598625563, 0.000268848089036, 0.00031562129152, 0.000410618056776, 0.00020829073037, 0.000379078381229, 0.000563966983464, 0.000223526425543, 0.000122665776871, 0.000161743548233, 0.000168374797795, 0.000315199547913, 0.000117999676149, 6.87388455844e-05, 4.98536574014e-05, 4.16955481342e-05, 4.69546503155e-05, 4.26605911343e-05, 3.92122710764e-05, 2.8690763429e-05, 2.41487996391e-05, 1.38922387123e-05, 1.08691374407e-05, 7.88102988736e-06, 6.47840943202e-06, 5.76861930313e-06, 7.17212378731e-06, 7.46751220504e-06, 4.91122818858e-06, 4.66610390504e-06, 3.6348399135e-06, 3.40377505381e-06, 3.34875039698e-06, 3.60024159818e-06, 2.43878230322e-06],
        "median": [0.000791118247434, 0.00106431136373, 0.000622832099907, 0.000348433357431, 0.000273195386399, 0.000195832821191, 0.00013398451847, 0.000150917447172, 0.00017725948419, 0.000112726862426, 0.000134840098326, 0.000147884973558, 0.000110673972813, 7.55875880714e-05, 0.000103904843854, 9.64291175478e-05, 0.000150877254782, 7.21091491869e-05, 4.79799236928e-05, 3.61477177648e-05, 3.04726527247e-05, 3.13407617796e-05, 3.15694560413e-05, 2.90177231363e-05, 2.33270347962e-05, 1.67642228917e-05, 1.05621920738e-05, 7.98132168711e-06, 5.93246886638e-06, 4.7794396778e-06, 3.83466476706e-06, 4.46186322733e-06, 4.54892460766e-06, 3.02593321067e-06, 2.22790617954e-06, 1.49504421643e-06, 1.34543586228e-06, 1.18970058338e-06, 1.13721046091e-06, 9.59969725045e-07],
        "min": [9.61161640589e-06, 1.07771184048e-05, 1.73285006895e-05, 1.58328930411e-05, 2.81097118204e-06, 6.79898676026e-06, 1.86272563951e-06, 9.38527080052e-07, 5.51939274374e-06, 5.02047760165e-06, 1.98200518753e-06, 3.01245813716e-06, 3.7217262161e-06, 4.98431745655e-06, 5.61920046493e-07, 5.82835491514e-06, 3.00097872241e-06, 2.1507441943e-06, 2.22576454689e-06, 1.04688945157e-06, 1.1218663758e-06, 2.31287026509e-06, 1.32888203552e-06, 1.87701141385e-06, 1.67404039075e-06, 1.52665018049e-06, 9.77990794127e-07, 6.36152776679e-07, 6.09538460594e-07, 2.43664374011e-07, 1.23768444382e-07, 1.57573481374e-07, 1.10555227195e-07, 5.98411276087e-08, 4.92131810859e-08, 2.44986750886e-08, 1.20789689362e-08, 6.53908749371e-09, 9.53096712664e-09, 1.24281305247e-08],
