{
"highlevel": {
    "danceability": {
        "all": {
            "danceable": 0.975598156452,
            "not_danceable": 0.024401852861
        },
        "probability": 0.975598156452,
        "value": "danceable"
    },
    "gender": {
        "all": {
            "female": 0.0224745422602,
            "male": 0.977525472641
        },
        "probability": 0.977525472641,
        "value": "male"
    },
    "genre_dortmund": {
        "all": {
            "alternative": 0.232087641954,
            "blues": 0.0433835275471,
            "electronic": 0.0178559739143,
            "folkcountry": 0.329177647829,
            "funksoulrnb": 0.00485199782997,
            "jazz": 0.00820449274033,
            "pop": 0.0370737239718,
            "raphiphop": 0.00305815716274,
            "rock": 0.324306845665
        },
        "probability": 0.329177647829,
        "value": "folkcountry"
    },
    "genre_electronic": {
        "all": {
            "ambient": 0.55805015564,
            "dnb": 0.169092029333,
            "house": 0.0634375438094,
            "techno": 0.026128757745,
            "trance": 0.183291494846
        },
        "probability": 0.55805015564,
        "value": "ambient"
    },
    "genre_rosamerica": {
        "all": {
            "cla": 0.00623596133664,
            "dan": 0.00987012777478,
            "hip": 0.00485011562705,
            "jaz": 0.00832114648074,
            "pop": 0.757548689842,
            "rhy": 0.100587137043,
            "roc": 0.109025217593,
            "spe": 0.00356157892384
        },
        "probability": 0.757548689842,
        "value": "pop"
    },
    "genre_tzanetakis": {
        "all": {
            "blu": 0.0626613423228,
            "cla": 0.0348169617355,
            "cou": 0.104475811124,
            "dis": 0.0784321576357,
            "hip": 0.15692435205,
            "jaz": 0.313974827528,
            "met": 0.0448166541755,
            "pop": 0.0627359300852,
            "reg": 0.0627360641956,
            "roc": 0.0784258767962
        },
        "probability": 0.313974827528,
        "value": "jaz"
    },
    "ismir04_rhythm": {
        "all": {
            "ChaChaCha": 0.0521509945393,
            "Jive": 0.0468837767839,
            "Quickstep": 0.0544584915042,
            "Rumba-American": 0.0158416647464,
            "Rumba-International": 0.0463837459683,
            "Rumba-Misc": 0.0117860510945,
            "Samba": 0.0230683758855,
            "Tango": 0.0842073559761,
            "VienneseWaltz": 0.628242015839,
            "Waltz": 0.0369774959981
        },
        "probability": 0.628242015839,
        "value": "VienneseWaltz"
    },
    "mood_acoustic": {
        "all": {
            "acoustic": 0.877284288406,
            "not_acoustic": 0.122715681791
        },
        "probability": 0.877284288406,
        "value": "acoustic"
    },
    "mood_aggressive": {
        "all": {
            "aggressive": 0.131107717752,
            "not_aggressive": 0.86889231205
        },
        "probability": 0.86889231205,
        "value": "not_aggressive"
    },
    "mood_electronic": {
        "all": {
            "electronic": 0.140969991684,
            "not_electronic": 0.859030008316
        },
        "probability": 0.859030008316,
        "value": "not_electronic"
    },
    "mood_happy": {
        "all": {
            "happy": 0.943367123604,
            "not_happy": 0.0566328652203
        },
        "probability": 0.943367123604,
        "value": "happy"
    },
    "mood_party": {
        "all": {
            "not_party": 0.939215540886,
            "party": 0.0607844665647
        },
        "probability": 0.939215540886,
        "value": "not_party"
    },
    "mood_relaxed": {
        "all": {
            "not_relaxed": 0.65058350563,
            "relaxed": 0.34941649437
        },
        "probability": 0.65058350563,
        "value": "not_relaxed"
    },
    "mood_sad": {
        "all": {
            "not_sad": 0.18362621963,
            "sad": 0.816373765469
        },
        "probability": 0.816373765469,
        "value": "sad"
    },
    "moods_mirex": {
        "all": {
            "Cluster1": 0.166992202401,
            "Cluster2": 0.325013458729,
            "Cluster3": 0.144577994943,
            "Cluster4": 0.287072002888,
            "Cluster5": 0.0763443484902
        },
        "probability": 0.325013458729,
        "value": "Cluster2"
    },
    "timbre": {
        "all": {
            "bright": 0.999996602535,
            "dark": 3.4256465824e-06
        },
        "probability": 0.999996602535,
        "value": "bright"
    },
    "tonal_atonal": {
        "all": {
            "atonal": 0.0048163975589,
            "tonal": 0.995183587074
        },
        "probability": 0.995183587074,
        "value": "tonal"
    },
    "voice_instrumental": {
        "all": {
            "instrumental": 0.000700163072906,
            "voice": 0.999299824238
        },
        "probability": 0.999299824238,
        "value": "voice"
    }
},
"lowlevel": {
    "average_loudness": 0.98003923893,
    "barkbands_crest": {
        "dmean": 1.58580935001,
        "dmean2": 2.46169137955,
        "dvar": 2.39482760429,
        "dvar2": 5.7567653656,
        "max": 19.3385467529,
        "mean": 9.36110877991,
        "median": 8.92641067505,
        "min": 3.07385849953,
        "var": 10.0618286133
    },
    "barkbands_flatness_db": {
        "dmean": 0.0147774461657,
        "dmean2": 0.0209337789565,
        "dvar": 0.000191210856428,
        "dvar2": 0.000325460569002,
        "max": 0.248985916376,
        "mean": 0.149309039116,
        "median": 0.150042444468,
        "min": 0.0554854348302,
        "var": 0.0010404480854
    },
    "barkbands_kurtosis": {
        "dmean": 1.05208683014,
        "dmean2": 1.59816968441,
        "dvar": 1.58040344715,
        "dvar2": 3.39462804794,
        "max": 13.749420166,
        "mean": 2.21551704407,
        "median": 1.74481630325,
        "min": -1.86527562141,
        "var": 6.38428354263
    },
    "barkbands_skewness": {
        "dmean": 0.264131963253,
        "dmean2": 0.380305141211,
        "dvar": 0.068590298295,
        "dvar2": 0.139617547393,
        "max": 3.17943191528,
        "mean": 1.17584049702,
        "median": 1.13262438774,
        "min": -0.508868455887,
        "var": 0.510524451733
    },
    "barkbands_spread": {
        "dmean": 3.77746391296,
        "dmean2": 4.99361848831,
        "dvar": 36.0217132568,
        "dvar2": 47.5934944153,
        "max": 91.2607040405,
        "mean": 21.8160228729,
        "median": 16.7168502808,
        "min": 6.42049503326,
        "var": 257.157012939
    },
    "dissonance": {
        "dmean": 0.0190194956958,
        "dmean2": 0.031052140519,
        "dvar": 0.000332565949066,
        "dvar2": 0.000906609289814,
        "max": 0.499892920256,
        "mean": 0.452690720558,
        "median": 0.459224820137,
        "min": 0.333604514599,
        "var": 0.000967504514847
    },
    "dynamic_complexity": 1.6244764328,
    "erbbands_crest": {
        "dmean": 2.08885264397,
        "dmean2": 3.17863273621,
        "dvar": 4.18880844116,
        "dvar2": 9.48401641846,
        "max": 27.2428073883,
        "mean": 10.1114387512,
        "median": 9.52404117584,
        "min": 3.055082798,
        "var": 17.6302185059
    },
    "erbbands_flatness_db": {
        "dmean": 0.0146442623809,
        "dmean2": 0.019198698923,
        "dvar": 0.000215162435779,
        "dvar2": 0.000334484007908,
        "max": 0.263336926699,
        "mean": 0.164190098643,
        "median": 0.167947143316,
        "min": 0.0628340989351,
        "var": 0.00152545818128
    },
    "erbbands_kurtosis": {
        "dmean": 0.689058423042,
        "dmean2": 1.03729403019,
        "dvar": 0.587400972843,
        "dvar2": 1.34108364582,
        "max": 8.47796058655,
        "mean": 0.809335052967,
        "median": 0.30029964447,
        "min": -1.66354763508,
        "var": 3.10601377487
    },
    "erbbands_skewness": {
        "dmean": 0.277808368206,
        "dmean2": 0.397773444653,
        "dvar": 0.0676974728703,
        "dvar2": 0.12446424365,
        "max": 2.33627891541,
        "mean": 0.599233031273,
        "median": 0.726321160793,
        "min": -2.6124856472,
        "var": 0.534720003605
    },
    "erbbands_spread": {
        "dmean": 5.01338624954,
        "dmean2": 7.05400085449,
        "dvar": 37.9228019714,
        "dvar2": 62.0498046875,
        "max": 97.0729980469,
        "mean": 34.1373291016,
        "median": 31.2299022675,
        "min": 9.06628799438,
        "var": 282.888214111
    },
    "hfc": {
        "dmean": 5.32517814636,
        "dmean2": 7.18161725998,
        "dvar": 50.8241653442,
        "dvar2": 85.8428497314,
        "max": 106.089363098,
        "mean": 28.3391456604,
        "median": 27.0214939117,
        "min": 2.9378464222,
        "var": 272.778320312
    },
    "melbands_crest": {
        "dmean": 1.91486954689,
        "dmean2": 2.99266076088,
        "dvar": 3.58108186722,
        "dvar2": 9.28467273712,
        "max": 24.3891010284,
        "mean": 12.6147680283,
        "median": 12.1587972641,
        "min": 4.58387804031,
        "var": 14.7075147629
    },
    "melbands_flatness_db": {
        "dmean": 0.0158543847501,
        "dmean2": 0.0218101255596,
        "dvar": 0.000262125249719,
        "dvar2": 0.0004457081086,
        "max": 0.342157304287,
        "mean": 0.200660437346,
        "median": 0.202130302787,
        "min": 0.0660546943545,
        "var": 0.00176671287045
    },
    "melbands_kurtosis": {
        "dmean": 2.20224618912,
        "dmean2": 3.31431245804,
        "dvar": 8.32382011414,
        "dvar2": 18.5488090515,
        "max": 40.9586906433,
        "mean": 6.939245224,
        "median": 5.1379108429,
        "min": -1.07603371143,
        "var": 38.2585754395
    },
    "melbands_skewness": {
        "dmean": 0.330838739872,
        "dmean2": 0.489787638187,
        "dvar": 0.115918576717,
        "dvar2": 0.238464996219,
        "max": 5.16830778122,
        "mean": 1.91642558575,
        "median": 1.78132092953,
        "min": 0.00667162891477,
        "var": 1.02260088921
    },
    "melbands_spread": {
        "dmean": 3.87482619286,
        "dmean2": 5.43417072296,
        "dvar": 30.573102951,
        "dvar2": 47.0567550659,
        "max": 107.749435425,
        "mean": 22.4380264282,
        "median": 19.2015075684,
        "min": 5.19217300415,
        "var": 196.982727051
    },
    "pitch_salience": {
        "dmean": 0.0484344698489,
        "dmean2": 0.0764718279243,
        "dvar": 0.00191647943575,
        "dvar2": 0.00478303106502,
        "max": 0.800633490086,
        "mean": 0.543722391129,
        "median": 0.5403829813,
        "min": 0.342705845833,
        "var": 0.00758995255455
    },
    "silence_rate_20dB": {
        "dmean": 0,
        "dmean2": 0,
        "dvar": 0,
        "dvar2": 0,
        "max": 1,
        "mean": 1,
        "median": 1,
        "min": 1,
        "var": 0
    },
    "silence_rate_30dB": {
        "dmean": 0,
        "dmean2": 0,
        "dvar": 0,
        "dvar2": 0,
        "max": 1,
        "mean": 1,
        "median": 1,
        "min": 1,
        "var": 0
    },
    "silence_rate_60dB": {
        "dmean": 0,
        "dmean2": 0,
        "dvar": 0,
        "dvar2": 0,
        "max": 0,
        "mean": 0,
        "median": 0,
        "min": 0,
        "var": 0
    },
    "spectral_centroid": {
        "dmean": 161.602172852,
        "dmean2": 224.10824585,
        "dvar": 54154.0820312,
        "dvar2": 79211.5859375,
        "max": 3844.1184082,
        "mean": 1167.86376953,
        "median": 996.327697754,
        "min": 453.500701904,
        "var": 383537
    },
    "spectral_complexity": {
        "dmean": 2.98452019691,
        "dmean2": 4.54453897476,
        "dvar": 9.93011474609,
        "dvar2": 17.9335193634,
        "max": 52,
        "mean": 21.178653717,
        "median": 20,
        "min": 7,
        "var": 35.922454834
    },
    "spectral_decrease": {
        "dmean": 1.58439872333e-09,
        "dmean2": 2.42174924558e-09,
        "dvar": 3.91248902394e-18,
        "dvar2": 9.03400921943e-18,
        "max": -1.75279324388e-09,
        "mean": -9.50328438165e-09,
        "median": -9.81009229406e-09,
        "min": -2.55764280865e-08,
        "var": 1.26577642331e-17
    },
    "spectral_energy": {
        "dmean": 0.00627466104925,
        "dmean2": 0.0095427101478,
        "dvar": 6.00841922278e-05,
        "dvar2": 0.000137506314786,
        "max": 0.101158104837,
        "mean": 0.0384380482137,
        "median": 0.0395926870406,
        "min": 0.00835309829563,
        "var": 0.000197946472326
    },
    "spectral_energyband_high": {
        "dmean": 0.000420579512138,
        "dmean2": 0.000549289106857,
        "dvar": 7.706179872e-07,
        "dvar2": 1.0944394262e-06,
        "max": 0.0146108269691,
        "mean": 0.00117368611973,
        "median": 0.00047871330753,
        "min": 9.0429557531e-06,
        "var": 4.73163436254e-06
    },
    "spectral_energyband_low": {
        "dmean": 0.00280510610901,
        "dmean2": 0.0047507006675,
        "dvar": 2.54665665125e-05,
        "dvar2": 6.92933972459e-05,
        "max": 0.0557479560375,
        "mean": 0.0103611787781,
        "median": 0.00914735160768,
        "min": 0.000590006588027,
        "var": 3.65869163943e-05
    },
    "spectral_energyband_middle_high": {
        "dmean": 0.00150382518768,
        "dmean2": 0.00211254716851,
        "dvar": 3.24007055497e-06,
        "dvar2": 6.305808256e-06,
        "max": 0.0318276360631,
        "mean": 0.00678181648254,
        "median": 0.00519141415134,
        "min": 0.000522177375387,
        "var": 3.07211448671e-05
    },
    "spectral_energyband_middle_low": {
        "dmean": 0.00475884927437,
        "dmean2": 0.00701644131914,
        "dvar": 2.93345528917e-05,
        "dvar2": 6.38820347376e-05,
        "max": 0.0579153709114,
        "mean": 0.0208931993693,
        "median": 0.0202809330076,
        "min": 0.00225476571359,
        "var": 0.000121709388623
    },
    "spectral_entropy": {
        "dmean": 0.13878467679,
        "dmean2": 0.177522495389,
        "dvar": 0.0197054799646,
        "dvar2": 0.0288027394563,
        "max": 8.53414726257,
        "mean": 7.41403436661,
        "median": 7.34126663208,
        "min": 6.5742855072,
        "var": 0.148686185479
    },
    "spectral_flux": {
        "dmean": 0.0186965055764,
        "dmean2": 0.0281375031918,
        "dvar": 0.000412855180912,
        "dvar2": 0.000811793957837,
        "max": 0.237029150128,
        "mean": 0.0762920379639,
        "median": 0.06904386729,
        "min": 0.0153919877484,
        "var": 0.00125633447897
    },
    "spectral_kurtosis": {
        "dmean": 1.53648102283,
        "dmean2": 2.55577421188,
        "dvar": 2.21910214424,
        "dvar2": 6.6092004776,
        "max": 15.6195259094,
        "mean": 4.48093605042,
        "median": 4.19042015076,
        "min": -0.536474466324,
        "var": 6.34435176849
    },
    "spectral_rms": {
        "dmean": 0.000486509670736,
        "dmean2": 0.000732354586944,
        "dvar": 3.06203986611e-07,
        "dvar2": 6.50276717806e-07,
        "max": 0.00993432570249,
        "mean": 0.00601149443537,
        "median": 0.00621506338939,
        "min": 0.00285470928065,
        "var": 1.36242556437e-06
    },
    "spectral_rolloff": {
        "dmean": 297.84753418,
        "dmean2": 468.043182373,
        "dvar": 493485.96875,
        "dvar2": 812021.5625,
        "max": 9345.41015625,
        "mean": 1348.49975586,
        "median": 882.861328125,
        "min": 258.3984375,
        "var": 2112645.75
    },
    "spectral_skewness": {
        "dmean": 0.198287516832,
        "dmean2": 0.310724318027,
        "dvar": 0.0300023928285,
        "dvar2": 0.0712393894792,
        "max": 2.85048961639,
        "mean": 1.61299192905,
        "median": 1.66267764568,
        "min": 0.227303281426,
        "var": 0.210392862558
    },
    "spectral_spread": {
        "dmean": 474823.53125,
        "dmean2": 640441.625,
        "dvar": 419595780096,
        "dvar2": 602247200768,
        "max": 16566359,
        "mean": 4354121.5,
        "median": 3987005.75,
        "min": 2307334,
        "var": 1.86369979187e+12
    },
    "spectral_strongpeak": {
        "dmean": 0.670252203941,
        "dmean2": 1.13720500469,
        "dvar": 1.2472383976,
        "dvar2": 3.25677919388,
        "max": 15.2663383484,
        "mean": 1.63862109184,
        "median": 1.26387190819,
        "min": 0.0515896007419,
        "var": 2.70953798294
    },
    "zerocrossingrate": {
        "dmean": 0.00775127578527,
        "dmean2": 0.0085178790614,
        "dvar": 0.000120306496683,
        "dvar2": 9.72255074885e-05,
        "max": 0.248046875,
        "mean": 0.0533725768328,
        "median": 0.0439453125,
        "min": 0.01025390625,
        "var": 0.00116238708142
    },
    "barkbands": {
        "dmean": [0.000177331370651, 0.00206866115332, 0.000977710704319, 0.000926834880374, 0.00155294511933, 0.00141928903759, 0.00135729718022, 0.0017018513754, 0.00113387801684, 0.000497530796565, 0.000262263667537, 0.000458205409814, 0.000436082627857, 0.000226151300012, 0.000278353720205, 0.000206931363209, 0.000261711073108, 0.000120664655697, 8.87555215741e-05, 0.00010662162822, 0.000110142027552, 0.000138334798976, 8.09986959212e-05, 6.77476564306e-05, 5.53395439056e-05, 2.48641554208e-05, 1.21070868886e-08],
        "dmean2": [0.00029264666955, 0.00356959784403, 0.00164119945839, 0.00150409771595, 0.00258262362331, 0.00204948359169, 0.00207129190676, 0.00249543832615, 0.00158447853755, 0.000763204821851, 0.0003946282377, 0.00063786964165, 0.000653103401419, 0.000339061312843, 0.000420968310209, 0.000305420369841, 0.000393866561353, 0.000192645136849, 0.000138988994877, 0.000167142701684, 0.000154473425937, 0.000196076376596, 0.00011708605598, 8.7510306912e-05, 7.15183050488e-05, 3.6933557567e-05, 1.66429874326e-08],
        "dvar": [1.90196459471e-07, 1.53406344907e-05, 2.54461338045e-06, 1.91413323591e-06, 4.43839917352e-06, 6.92264893587e-06, 4.06351136917e-06, 1.23253303173e-05, 4.6914037739e-06, 1.05142623852e-06, 2.23268159516e-07, 8.16462033981e-07, 4.82387235934e-07, 3.11212744464e-07, 2.80862792579e-07, 1.72435832724e-07, 3.54360793153e-07, 9.42947977478e-08, 2.70706053129e-08, 3.60914746977e-08, 7.5024097157e-08, 1.02259100743e-07, 3.68387595984e-08, 2.45627660433e-08, 1.74458012481e-08, 3.07436054392e-09, 3.74171518964e-14],
        "dvar2": [4.73573663839e-07, 4.32140113844e-05, 7.38083599572e-06, 4.86302360514e-06, 1.17799863801e-05, 1.51141530296e-05, 9.17370380193e-06, 2.50113535003e-05, 9.86009945336e-06, 2.53539406003e-06, 5.19550724221e-07, 1.39977260005e-06, 1.02166541183e-06, 5.86355724863e-07, 5.17385331023e-07, 3.13695153409e-07, 5.97737312091e-07, 2.06024367344e-07, 7.03880331798e-08, 8.13059557458e-08, 1.4734567344e-07, 1.72453098912e-07, 6.5646297287e-08, 3.65150967241e-08, 2.97649513925e-08, 6.96156554625e-09, 3.8225732936e-14],
        "max": [0.00588083732873, 0.0456974245608, 0.0191610064358, 0.0150888301432, 0.0186788458377, 0.0423159338534, 0.0260448865592, 0.0456657931209, 0.0356137081981, 0.0157512463629, 0.0108121670783, 0.0220985412598, 0.0116436863318, 0.0107790399343, 0.0108111193404, 0.00828737486154, 0.0234927795827, 0.00697309104726, 0.00286880275235, 0.00371028925292, 0.00475063407794, 0.00667562754825, 0.00352294719778, 0.00306611391716, 0.00235540303402, 0.000898352998774, 6.73461454426e-06],
        "mean": [0.000246261857683, 0.00712512340397, 0.00248513231054, 0.00173182738945, 0.0030329383444, 0.00376386125572, 0.00303478259593, 0.00559749500826, 0.00338112842292, 0.00129164534155, 0.000541328743566, 0.00124640238937, 0.000976089795586, 0.000449487066362, 0.000646910688374, 0.000502067734487, 0.000680111639667, 0.000237384767388, 0.000200199123356, 0.000235772953602, 0.000240147754084, 0.000328961556079, 0.000187163153896, 0.000135989073897, 0.000105979648652, 3.38773388648e-05, 1.03921147243e-08],
        "median": [7.22692057025e-05, 0.00624570809305, 0.00212256703526, 0.0012100962922, 0.00223780795932, 0.00174599897582, 0.00178711744957, 0.00121022737585, 0.00065294560045, 0.000528482545633, 0.000258627929725, 0.000342593353707, 0.00040369987255, 0.000184657561476, 0.000235630606767, 0.000133570749313, 0.000313372001983, 0.000138545394293, 0.000101410492789, 0.000119093871035, 6.46190383122e-05, 0.000139849304105, 7.75230000727e-05, 2.2973790692e-05, 1.81330469786e-05, 4.79426671518e-06, 5.69437608178e-10],
        "min": [4.61931897178e-08, 9.18018995435e-05, 8.41629225761e-05, 2.47732004937e-05, 9.25830681808e-05, 5.64418369322e-05, 3.38416903105e-05, 1.43074748848e-05, 9.32336115511e-06, 1.47516311699e-05, 6.05391596764e-06, 1.29454947455e-05, 1.57886352099e-05, 4.80644121126e-06, 1.22876754176e-05, 9.49747300183e-06, 1.02758822322e-05, 7.1205331551e-06, 5.67958841202e-06, 3.54089979737e-06, 3.12827341986e-06, 1.02115336631e-06, 6.08022162396e-07, 1.98762236892e-07, 5.27705168452e-09, 6.62287789055e-08, 7.80532496275e-12],
        "var": [2.38196008695e-07, 2.36307587329e-05, 3.40062183568e-06, 3.00105625683e-06, 7.10780795998e-06, 2.83785702777e-05, 1.29805266624e-05, 7.23695484339e-05, 3.25322907884e-05, 5.05221350977e-06, 7.50984554543e-07, 5.43940086573e-06, 2.36841128753e-06, 8.73881049301e-07, 1.60265346949e-06, 1.00404281511e-06, 2.69497559202e-06, 1.80241656267e-07, 8.58698214756e-08, 1.38089419011e-07, 3.38725016036e-07, 4.12167281638e-07, 1.45976073895e-07, 1.15943855405e-07, 7.19799686522e-08, 5.48090017816e-09, 3.72890669622e-14]
    },
    "erbbands": {
        "dmean": [0.0689359009266, 0.453865259886, 1.01372039318, 1.98451423645, 4.52059555054, 5.11516571045, 9.41544246674, 14.2034692764, 16.6347293854, 27.9374790192, 28.0146083832, 29.6737308502, 15.7192182541, 16.0459899902, 13.4775056839, 16.370054245, 18.719827652, 11.8376188278, 13.0700206757, 9.82449531555, 9.09667205811, 12.7875518799, 7.87495517731, 3.22793245316, 5.14707803726, 5.64585494995, 4.23346233368, 4.80189466476, 5.04110479355, 4.32957077026, 2.01292991638, 1.41572332382, 1.14630186558, 0.765172898769, 0.329552739859, 0.136228904128, 0.0445644408464, 0.00404803501442, 7.50811013859e-05, 1.00705665318e-05],
        "dmean2": [0.119807556272, 0.785557746887, 1.73174870014, 3.21208119392, 7.83119153976, 8.33074760437, 14.1817131042, 20.0987281799, 25.1124668121, 41.0273361206, 40.9584960938, 41.083442688, 22.6510887146, 24.4214630127, 19.7812614441, 23.3550071716, 27.6949138641, 17.3613529205, 19.355463028, 14.4112272263, 13.4256181717, 19.4186058044, 12.260020256, 4.96718978882, 8.13188934326, 8.85772418976, 6.33418607712, 6.92822313309, 7.13850259781, 6.11681413651, 2.9512655735, 1.90398526192, 1.47483825684, 1.00819849968, 0.456212878227, 0.197430536151, 0.0686830952764, 0.00643140356988, 0.000115315247967, 1.49670922838e-05],
        "dvar": [0.0242381691933, 0.643526494503, 2.31882119179, 10.9995708466, 55.6194610596, 48.6682052612, 236.628173828, 883.661499023, 690.400390625, 2777.88818359, 4086.01977539, 3159.55810547, 999.150268555, 1017.02679443, 792.083129883, 1293.93725586, 1080.90979004, 815.296508789, 604.604553223, 351.610015869, 289.788421631, 521.533996582, 346.647796631, 24.6594238281, 121.771057129, 87.9293518066, 115.798568726, 160.021484375, 122.278961182, 102.990142822, 23.4045448303, 9.73578548431, 8.40147686005, 3.89804816246, 0.579031586647, 0.122387334704, 0.00993446167558, 0.000115640366857, 3.39043815245e-08, 1.9537939322e-10],
        "dvar2": [0.0675477832556, 1.84464538097, 6.88205099106, 25.7580356598, 164.066375732, 128.39755249, 593.203308105, 1804.06445312, 1523.78076172, 5828.65478516, 8625.82519531, 6220.80810547, 2199.68774414, 2363.82226562, 1623.07592773, 2472.25195312, 2118.31323242, 1346.15991211, 1172.86584473, 613.989501953, 513.782653809, 925.423095703, 824.825622559, 55.8857765198, 330.973999023, 210.650100708, 257.88394165, 325.636169434, 219.151916504, 173.743865967, 49.7481994629, 15.8847084045, 13.0923566818, 6.89739990234, 1.01393604279, 0.250484108925, 0.024504898116, 0.000304256042, 8.5507039671e-08, 4.20902257492e-10],
        "max": [1.99523055553, 9.53409290314, 19.7139930725, 34.2185058594, 77.9048309326, 69.7096557617, 182.873428345, 501.62008667, 355.499938965, 827.992370605, 1047.76208496, 1066.61010742, 455.23059082, 598.403991699, 856.606628418, 689.489624023, 656.36907959, 594.805175781, 709.504638672, 455.831359863, 531.527709961, 904.913330078, 493.877441406, 67.8414077759, 219.547790527, 165.081054688, 211.263595581, 235.398605347, 226.904159546, 193.34677124, 79.8415985107, 56.2375679016, 59.0860977173, 37.799987793, 13.7583999634, 7.26659154892, 0.934322953224, 0.116822786629, 0.00191997236107, 0.000153906323249],
        "mean": [0.18225042522, 1.6401642561, 3.25288176537, 3.85630750656, 7.90267372131, 9.80547046661, 19.8475379944, 37.3071708679, 40.878944397, 89.2318267822, 85.0792694092, 88.8615493774, 44.5022277832, 42.3817634583, 36.2219390869, 44.9055175781, 48.0764503479, 29.333732605, 31.6407489777, 28.106803894, 25.6722927094, 33.9733352661, 19.5854873657, 8.24356842041, 11.3980016708, 12.2724180222, 9.09932327271, 10.1552209854, 11.4760351181, 10.1322498322, 4.33606386185, 2.79464435577, 2.32172203064, 1.49335539341, 0.568583548069, 0.205257311463, 0.0533822961152, 0.00417277961969, 0.000107376865344, 5.14728926646e-05],
        "median": [0.0837947875261, 1.57141959667, 2.8893892765, 2.82663488388, 5.52989959717, 7.07864332199, 11.7581205368, 14.602306366, 25.4231948853, 39.9832611084, 30.3394870758, 21.1005554199, 19.89494133, 18.7614440918, 14.0584945679, 12.4408588409, 17.9768505096, 14.6794462204, 14.3437976837, 8.75843524933, 9.0215473175, 17.9721450806, 11.0671424866, 5.3035697937, 5.74594402313, 6.52984666824, 2.52106428146, 3.21951341629, 4.91020441055, 4.18693113327, 1.67969417572, 0.631277322769, 0.334712058306, 0.242454454303, 0.0965595841408, 0.022502919659, 0.00944468379021, 0.000757442147005, 3.71814749087e-05, 5.11480975547e-05],
        "min": [0.000630096183158, 0.034936632961, 0.140898644924, 0.248856827617, 0.291792631149, 0.224228933454, 0.411715686321, 0.774031281471, 1.2688421011, 1.56923425198, 0.503219306469, 0.351137906313, 0.567842960358, 0.589636445045, 0.653230130672, 1.02803635597, 1.21260368824, 0.856361508369, 0.873553097248, 0.831917285919, 0.928306519985, 0.788616716862, 0.545146405697, 0.531200408936, 0.228389769793, 0.223246082664, 0.203704759479, 0.0874423608184, 0.0375423692167, 0.0330524481833, 0.0128044709563, 0.00272717094049, 0.00287572923116, 0.000208061828744, 7.59512768127e-05, 3.63719809684e-05, 4.78149959235e-05, 2.37109384216e-06, 6.5432914198e-06, 1.00277602542e-05],
        "var": [0.0435792803764, 1.03009355068, 4.03646039963, 14.3210735321, 64.3611602783, 83.2484436035, 520.345825195, 3839.18408203, 2332.94482422, 14988.7363281, 15188.8691406, 20986.5917969, 4363.72753906, 6112.01123047, 4404.23144531, 6701.90722656, 6535.5546875, 2431.56567383, 4066.21875, 2231.9777832, 2098.26391602, 3972.89990234, 1578.46569824, 73.8300628662, 351.386566162, 298.314849854, 438.199432373, 609.556762695, 477.660095215, 398.374420166, 86.5082397461, 45.3550491333, 37.5757713318, 16.0669326782, 1.90488827229, 0.277799725533, 0.0121060870588, 0.000100698176539, 3.43745263365e-08, 4.58610677212e-10]
    },
    "gfcc": {
        "mean": [33.4211616516, 110.148391724, -117.138122559, 33.5837364197, -65.9155349731, 16.5388240814, -34.8901443481, 10.7347002029, -13.5262002945, 7.08659029007, -14.1836938858, 3.28847527504, -13.4423160553],
        "cov": [[1275.96655273, -738.351318359, 121.439277649, 1.63748824596, -204.185073853, 132.141296387, -103.595420837, 119.48714447, -69.6767196655, 115.941246033, -132.120574951, 48.0445404053, -42.7032775879], [-738.351318359, 920.170837402, -332.56652832, -215.751373291, 208.782272339, -148.476913452, 136.335494995, -64.0879974365, 136.062927246, -150.01361084, 104.398231506, -14.9759426117, -2.97866082191], [121.439277649, -332.56652832, 384.871765137, 84.2303314209, -69.6079025269, 61.9475135803, -56.1776504517, 1.48575353622, -135.680496216, 100.577468872, -10.1234588623, 37.2092933655, 27.3265533447], [1.63748824596, -215.751373291, 84.2303314209, 337.746368408, -20.7514610291, -49.883026123, -99.9259414673, -15.8756017685, 22.7198982239, 36.8911590576, 6.16316890717, -38.2228736877, 90.4229660034], [-204.185073853, 208.782272339, -69.6079025269, -20.7514610291, 161.172912598, -55.3175048828, 3.73546767235, -3.1949262619, 39.5881309509, -25.0419368744, 11.5289058685, -15.5961685181, 0.779615044594], [132.141296387, -148.476913452, 61.9475135803, -49.883026123, -55.3175048828, 178.679901123, 60.6072235107, 9.34277915955, -52.1368751526, 20.9163665771, -26.6509532928, 5.8305478096, -24.6020584106], [-103.595420837, 136.335494995, -56.1776504517, -99.9259414673, 3.73546767235, 60.6072235107, 162.173187256, 19.5505371094, -18.7365665436, -39.1609115601, 22.1397914886, 33.4535827637, -34.3170127869], [119.48714447, -64.0879974365, 1.48575353622, -15.8756017685, -3.1949262619, 9.34277915955, 19.5505371094, 95.3665313721, 4.632127285, 5.67170333862, -9.10106372833, -2.64351725578, 4.13858175278], [-69.6767196655, 136.062927246, -135.680496216, 22.7198982239, 39.5881309509, -52.1368751526, -18.7365665436, 4.632127285, 191.560211182, -6.23322677612, -11.6546163559, -20.7278804779, 5.10915279388], [115.941246033, -150.01361084, 100.577468872, 36.8911590576, -25.0419368744, 20.9163665771, -39.1609115601, 5.67170333862, -6.23322677612, 103.541564941, -1.59186911583, -4.57580184937, 20.0935440063], [-132.120574951, 104.398231506, -10.1234588623, 6.16316890717, 11.5289058685, -26.6509532928, 22.1397914886, -9.10106372833, -11.6546163559, -1.59186911583, 81.4732589722, 17.6773757935, 7.3904042244], [48.0445404053, -14.9759426117, 37.2092933655, -38.2228736877, -15.5961685181, 5.8305478096, 33.4535827637, -2.64351725578, -20.7278804779, -4.57580184937, 17.6773757935, 97.4643630981, -4.14988565445], [-42.7032775879, -2.97866082191, 27.3265533447, 90.4229660034, 0.779615044594, -24.6020584106, -34.3170127869, 4.13858175278, 5.10915279388, 20.0935440063, 7.3904042244, -4.14988565445, 120.216209412]],
        "icov": [[0.00249842600897, 0.00128557055723, 0.00178527436219, 0.000458258698927, 0.00122843589634, -0.000466255645733, 0.00186463887803, -0.00235322746448, 0.000866121205036, -0.0017662702594, 0.00200549210422, -0.00224639591761, 0.000736330461223], [0.00128557055723, 0.00930116791278, 0.000362476654118, 0.00672383001074, -0.00453046848997, 0.00460668606684, -0.00530830072239, 0.00580468028784, -0.00475439615548, 0.00578462891281, -0.00713683711365, 0.00459942501038, -0.00536304153502], [0.00178527436219, 0.000362476654118, 0.00761300651357, -0.00160330405924, 0.00121486908756, -0.0016861835029, 0.00332333869301, -0.00261474447325, 0.00505940103903, -0.00638198014349, 0.003149590455, -0.00501589523628, 0.00128924311139], [0.000458258698927, 0.00672383001074, -0.00160330405924, 0.0098727857694, -0.00275496975519, 0.00410406803712, -0.00295027554967, 0.00544309103861, -0.00506485626101, 0.00556467939168, -0.0069409632124, 0.00591057538986, -0.00698810815811], [0.00122843589634, -0.00453046848997, 0.00121486908756, -0.00275496975519, 0.0113994544372, -0.000835912476759, 0.0038698122371, -0.00499603804201, 0.00255758943968, -0.00400579115376, 0.00527838757262, -0.00289704068564, 0.00328819244169], [-0.000466255645733, 0.00460668606684, -0.0016861835029, 0.00410406803712, -0.000835912476759, 0.0124857351184, -0.00883069168776, 0.00510250497609, -0.00191047159024, 0.00167851301376, -0.0011255661957, 0.00523537630215, -0.00284045469016], [0.00186463887803, -0.00530830072239, 0.00332333869301, -0.00295027554967, 0.0038698122371, -0.00883069168776, 0.0178416576236, -0.00933803804219, 0.00491544045508, -0.00306563358754, 0.00320798158646, -0.00884171947837, 0.0053778574802], [-0.00235322746448, 0.00580468028784, -0.00261474447325, 0.00544309103861, -0.00499603804201, 0.00510250497609, -0.00933803804219, 0.0193055924028, -0.00562764517963, 0.0059873717837, -0.00671652145684, 0.00783358328044, -0.00652376096696], [0.000866121205036, -0.00475439615548, 0.00505940103903, -0.00506485626101, 0.00255758943968, -0.00191047159024, 0.00491544045508, -0.00562764517963, 0.0121883507818, -0.00799195189029, 0.00794529635459, -0.00543774990365, 0.00418043043464], [-0.0017662702594, 0.00578462891281, -0.00638198014349, 0.00556467939168, -0.00400579115376, 0.00167851301376, -0.00306563358754, 0.0059873717837, -0.00799195189029, 0.0223825778812, -0.0107058426365, 0.00787183828652, -0.00640231976286], [0.00200549210422, -0.00713683711365, 0.003149590455, -0.0069409632124, 0.00527838757262, -0.0011255661957, 0.00320798158646, -0.00671652145684, 0.00794529635459, -0.0107058426365, 0.0253542046994, -0.00955886207521, 0.00548591045663], [-0.00224639591761, 0.00459942501038, -0.00501589523628, 0.00591057538986, -0.00289704068564, 0.00523537630215, -0.00884171947837, 0.00783358328044, -0.00543774990365, 0.00787183828652, -0.00955886207521, 0.0194895751774, -0.00551724433899], [0.000736330461223, -0.00536304153502, 0.00128924311139, -0.00698810815811, 0.00328819244169, -0.00284045469016, 0.0053778574802, -0.00652376096696, 0.00418043043464, -0.00640231976286, 0.00548591045663, -0.00551724433899, 0.0149320820346]]
    },
    "melbands": {
        "dmean": [0.000574365491048, 0.000526118907146, 0.000417558825575, 0.000315964483889, 0.000310649251333, 0.000294587720418, 0.000271639670245, 0.000338169425959, 0.000208761965041, 0.000191872590221, 7.98871842562e-05, 6.73787944834e-05, 3.88888729503e-05, 5.14942512382e-05, 4.05856444559e-05, 4.06363578804e-05, 2.35724728554e-05, 2.02166029339e-05, 2.00214326469e-05, 1.56092010002e-05, 1.05287908809e-05, 1.43025772559e-05, 1.42108492582e-05, 4.66059918836e-06, 2.70196437668e-06, 4.11850987803e-06, 3.83663564207e-06, 3.97482926928e-06, 2.74514422927e-06, 3.16707769343e-06, 2.86578415398e-06, 2.964613941e-06, 3.10283667204e-06, 2.31287117458e-06, 1.30527075726e-06, 9.25483959691e-07, 9.35144271352e-07, 8.52720688727e-07, 8.04329317816e-07, 6.39914560452e-07],
        "dmean2": [0.00099074258469, 0.000899561215192, 0.000687948428094, 0.000535871076863, 0.000474760920042, 0.000420756987296, 0.000412389810663, 0.000497434579302, 0.000300934654661, 0.000266101618763, 0.000114060509077, 0.000102192876511, 5.77216342208e-05, 7.19562158338e-05, 5.93577497057e-05, 6.21080835117e-05, 3.40798287652e-05, 3.02259177261e-05, 2.95300305879e-05, 2.3058775696e-05, 1.56247442646e-05, 2.23294136958e-05, 2.16083917621e-05, 7.72701787355e-06, 4.22685388912e-06, 6.5759422796e-06, 6.13768997937e-06, 6.28164889349e-06, 4.18185163653e-06, 4.66867868454e-06, 4.29343117503e-06, 4.37639573647e-06, 4.46862941317e-06, 3.36750417773e-06, 1.99119676836e-06, 1.38756388424e-06, 1.28740123273e-06, 1.15481361718e-06, 1.12249836093e-06, 8.77652610143e-07],
        "dvar": [1.40215081501e-06, 6.23202083716e-07, 3.73014785282e-07, 2.08079839581e-07, 2.26492986144e-07, 3.51066347548e-07, 1.7127490537e-07, 4.26157839684e-07, 2.0553930824e-07, 1.39259853427e-07, 2.62164494558e-08, 1.85112671858e-08, 5.30893773387e-09, 1.11083826582e-08, 6.68124888747e-09, 4.41937864082e-09, 3.5979470514e-09, 1.81406234478e-09, 1.55138391023e-09, 1.06575492875e-09, 5.07434705366e-10, 5.70651415011e-10, 1.46609724361e-09, 1.22109072853e-10, 1.76603003055e-11, 7.24131726804e-11, 6.10417480451e-11, 4.85204654233e-11, 5.50216261441e-11, 6.90232940248e-11, 6.54463983008e-11, 4.53378272425e-11, 5.0042744254e-11, 3.2281729373e-11, 1.05092072197e-11, 5.54304388847e-12, 4.06084714466e-12, 4.65984108938e-12, 5.17572703446e-12, 2.68907292267e-12],
        "dvar2": [3.87739919461e-06, 1.86905981536e-06, 9.49210971157e-07, 5.93891002154e-07, 5.59043883186e-07, 7.29040493752e-07, 3.78749490437e-07, 8.69860798502e-07, 4.27178122209e-07, 2.82481181557e-07, 5.73368339474e-08, 4.25955626326e-08, 1.17341869554e-08, 1.85533401975e-08, 1.2535069871e-08, 9.48641432075e-09, 5.78260772599e-09, 3.60481355877e-09, 2.51651344207e-09, 2.020487333e-09, 7.73234309914e-10, 1.1656139387e-09, 2.83599055351e-09, 3.31285193722e-10, 4.09019831893e-11, 1.80360670843e-10, 1.5932537234e-10, 1.22307872163e-10, 1.34276270658e-10, 1.5194066838e-10, 1.36321828825e-10, 8.95451698901e-11, 8.55124304699e-11, 5.71434878582e-11, 2.46815658189e-11, 1.20210777096e-11, 6.88416381192e-12, 8.0295362373e-12, 1.03755424391e-11, 5.06982693674e-12],
        "max": [0.014583773911, 0.00857334118336, 0.00646005757153, 0.00465372856706, 0.00597931817174, 0.00985762383789, 0.00561784673482, 0.00928330235183, 0.00760097848251, 0.00664823595434, 0.00231778249145, 0.0026070845779, 0.00189641187899, 0.0028407596983, 0.00185353378765, 0.00114596635103, 0.00133146124426, 0.00131795427296, 0.00114132987801, 0.000752345658839, 0.0007937788032, 0.000757313740905, 0.00144170748536, 0.000274116464425, 5.33930469828e-05, 0.000156821392011, 0.00014548440231, 0.000133391935378, 0.000156361958943, 0.000132360626594, 0.000133253473905, 0.000128649742692, 0.000134029294713, 0.000116016104585, 5.29736025783e-05, 4.45919067715e-05, 3.3148611692e-05, 4.17237897636e-05, 4.53480715805e-05, 2.84984562313e-05],
        "mean": [0.00182122259866, 0.0019467016682, 0.000869675190188, 0.000593162665609, 0.00065805693157, 0.000778432062361, 0.000643446517643, 0.00112507957965, 0.000628568872344, 0.000553807651158, 0.00021131959511, 0.000172485073563, 9.55203431658e-05, 0.000143097204273, 0.000102669291664, 9.28701992962e-05, 5.08297671331e-05, 4.4171425543e-05, 5.07741278852e-05, 3.82326215913e-05, 2.66401930276e-05, 3.45881308021e-05, 3.32842573698e-05, 9.18239129533e-06, 5.76850561629e-06, 8.77995171322e-06, 7.67923211242e-06, 8.02020167612e-06, 5.1669039749e-06, 6.09943299423e-06, 5.74084333493e-06, 6.30092790743e-06, 6.71794578011e-06, 5.17884518558e-06, 2.58255568042e-06, 1.73512000856e-06, 1.69860936694e-06, 1.61733112236e-06, 1.53858923113e-06, 1.16461865218e-06],
        "median": [0.00131526379846, 0.00178375642281, 0.000653057475574, 0.000447419239208, 0.000441171141574, 0.000318221078487, 0.000396241084673, 0.000450867257314, 0.000234722931054, 0.00011427658319, 7.84285512054e-05, 6.78731448716e-05, 4.23431010859e-05, 3.95963761548e-05, 2.85148307739e-05, 4.04002021241e-05, 2.25463500101e-05, 1.9483268261e-05, 1.67906728166e-05, 9.09779100766e-06, 9.30174337554e-06, 1.81015839189e-05, 1.44126361192e-05, 5.98232463744e-06, 3.65309210792e-06, 3.72315275854e-06, 4.31003445556e-06, 4.00196631745e-06, 1.2596678971e-06, 1.40853023822e-06, 1.83553095212e-06, 2.59840749095e-06, 2.75772299574e-06, 2.13033968066e-06, 1.03369325188e-06, 4.00490165475e-07, 3.63445110452e-07, 2.25166544965e-07, 2.05241136086e-07, 1.93864252651e-07],
        "min": [1.43171910167e-05, 9.91266279016e-05, 6.16506586084e-05, 1.36310372909e-05, 9.53951166593e-06, 8.46633884066e-06, 1.51979893417e-05, 1.32384348035e-05, 1.75676268555e-06, 1.36668404593e-06, 1.54679048592e-06, 1.87400428331e-06, 1.68291182945e-06, 1.7026675323e-06, 2.11525662053e-06, 1.32490265514e-06, 1.01662658381e-06, 1.29668671889e-06, 9.68408471635e-07, 5.1402957979e-07, 8.78666753579e-07, 5.08031519075e-07, 6.15029364326e-07, 2.83557568537e-07, 3.93543245991e-07, 1.0246630211e-07, 1.4638382595e-07, 6.64137758122e-08, 8.09160312087e-08, 5.43891225391e-08, 2.40315713995e-08, 1.96066842761e-08, 2.04072758692e-08, 1.51088048739e-08, 4.90034457457e-09, 2.26117657931e-09, 3.72271824478e-10, 1.6886596288e-11, 8.56116306319e-12, 1.99199389622e-11],
