{
"highlevel": {
    "danceability": {
        "all": {
            "danceable": 0.0278291273862,
            "not_danceable": 0.972170889378
        },
        "probability": 0.972170889378,
        "value": "not_danceable"
    },
    "gender": {
        "all": {
            "female": 0.618426322937,
            "male": 0.381573677063
        },
        "probability": 0.618426322937,
        "value": "female"
    },
    "genre_dortmund": {
        "all": {
            "alternative": 0.382842689753,
            "blues": 0.00403347657993,
            "electronic": 0.101748265326,
            "folkcountry": 0.0497229807079,
            "funksoulrnb": 0.00240268511698,
            "jazz": 0.00495799491182,
            "pop": 0.0260600391775,
            "raphiphop": 0.00136827968527,
            "rock": 0.426863610744
        },
        "probability": 0.426863610744,
        "value": "rock"
    },
    "genre_electronic": {
        "all": {
            "ambient": 0.515972554684,
            "dnb": 0.0869979783893,
            "house": 0.00899034552276,
            "techno": 0.00674181384966,
            "trance": 0.381297320127
        },
        "probability": 0.515972554684,
        "value": "ambient"
    },
    "genre_rosamerica": {
        "all": {
            "cla": 0.00166546809487,
            "dan": 0.00076188246021,
            "hip": 0.000110866843897,
            "jaz": 0.000123927398818,
            "pop": 0.00538367638364,
            "rhy": 0.000238240259932,
            "roc": 0.991555929184,
            "spe": 0.000159986404469
        },
        "probability": 0.991555929184,
        "value": "roc"
    },
    "genre_tzanetakis": {
        "all": {
            "blu": 0.0626541376114,
            "cla": 0.0348133966327,
            "cou": 0.0783501937985,
            "dis": 0.104547761381,
            "hip": 0.15693578124,
            "jaz": 0.313987255096,
            "met": 0.044816005975,
            "pop": 0.0627349764109,
            "reg": 0.0627352520823,
            "roc": 0.0784252434969
        },
        "probability": 0.313987255096,
        "value": "jaz"
    },
    "ismir04_rhythm": {
        "all": {
            "ChaChaCha": 0.0624524839222,
            "Jive": 0.404429256916,
            "Quickstep": 0.0250784642994,
            "Rumba-American": 0.00969414692372,
            "Rumba-International": 0.0272694565356,
            "Rumba-Misc": 0.0206115227193,
            "Samba": 0.0927843376994,
            "Tango": 0.0409296378493,
            "VienneseWaltz": 0.293399482965,
            "Waltz": 0.0233512017876
        },
        "probability": 0.404429256916,
        "value": "Jive"
    },
    "mood_acoustic": {
        "all": {
            "acoustic": 0.00323674967512,
            "not_acoustic": 0.99676322937
        },
        "probability": 0.99676322937,
        "value": "not_acoustic"
    },
    "mood_aggressive": {
        "all": {
            "aggressive": 0.998867988586,
            "not_aggressive": 0.00113199779298
        },
        "probability": 0.998867988586,
        "value": "aggressive"
    },
    "mood_electronic": {
        "all": {
            "electronic": 0.392017036676,
            "not_electronic": 0.607982993126
        },
        "probability": 0.607982993126,
        "value": "not_electronic"
    },
    "mood_happy": {
        "all": {
            "happy": 0.550917565823,
            "not_happy": 0.44908246398
        },
        "probability": 0.550917565823,
        "value": "happy"
    },
    "mood_party": {
        "all": {
            "not_party": 0.152162656188,
            "party": 0.847837328911
        },
        "probability": 0.847837328911,
        "value": "party"
    },
    "mood_relaxed": {
        "all": {
            "not_relaxed": 0.548409819603,
            "relaxed": 0.451590150595
        },
        "probability": 0.548409819603,
        "value": "not_relaxed"
    },
    "mood_sad": {
        "all": {
            "not_sad": 0.758209466934,
            "sad": 0.241790547967
        },
        "probability": 0.758209466934,
        "value": "not_sad"
    },
    "moods_mirex": {
        "all": {
            "Cluster1": 0.494301050901,
            "Cluster2": 0.0836579203606,
            "Cluster3": 0.130768090487,
            "Cluster4": 0.0711061879992,
            "Cluster5": 0.220166742802
        },
        "probability": 0.494301050901,
        "value": "Cluster1"
    },
    "timbre": {
        "all": {
            "bright": 0.948753535748,
            "dark": 0.0512464642525
        },
        "probability": 0.948753535748,
        "value": "bright"
    },
    "tonal_atonal": {
        "all": {
            "atonal": 0.0129726808518,
            "tonal": 0.987027347088
        },
        "probability": 0.987027347088,
        "value": "tonal"
    },
    "voice_instrumental": {
        "all": {
            "instrumental": 0.00138713279739,
            "voice": 0.998612880707
        },
        "probability": 0.998612880707,
        "value": "voice"
    }
},
"lowlevel": {
    "average_loudness": 0.987584412098,
    "barkbands_crest": {
        "dmean": 2.24792647362,
        "dmean2": 3.70094943047,
        "dvar": 4.4168639183,
        "dvar2": 10.6500396729,
        "max": 18.378692627,
        "mean": 7.13756084442,
        "median": 6.53341341019,
        "min": 2.63619399071,
        "var": 7.56516742706
    },
    "barkbands_flatness_db": {
        "dmean": 0.0156552866101,
        "dmean2": 0.0255645625293,
        "dvar": 0.000267004710622,
        "dvar2": 0.000693889393006,
        "max": 0.210935667157,
        "mean": 0.112778373063,
        "median": 0.10956107825,
        "min": 0.0634341686964,
        "var": 0.00037666852586
    },
    "barkbands_kurtosis": {
        "dmean": 1.11451494694,
        "dmean2": 1.91866278648,
        "dvar": 4.03425073624,
        "dvar2": 10.8989858627,
        "max": 17.1417007446,
        "mean": 0.303352117538,
        "median": -0.190076351166,
        "min": -1.35728418827,
        "var": 3.39280462265
    },
    "barkbands_skewness": {
        "dmean": 0.401900619268,
        "dmean2": 0.641099691391,
        "dvar": 0.237114965916,
        "dvar2": 0.579961717129,
        "max": 3.95881199837,
        "mean": 0.6567081213,
        "median": 0.540342330933,
        "min": -0.574447035789,
        "var": 0.359780162573
    },
    "barkbands_spread": {
        "dmean": 4.30202054977,
        "dmean2": 6.90847539902,
        "dvar": 14.9369239807,
        "dvar2": 37.2514953613,
        "max": 41.9761428833,
        "mean": 23.1617622375,
        "median": 23.1272964478,
        "min": 6.67954158783,
        "var": 35.440662384
    },
    "dissonance": {
        "dmean": 0.012339219451,
        "dmean2": 0.0207052007318,
        "dvar": 0.000132677028887,
        "dvar2": 0.000369190325728,
        "max": 0.499518841505,
        "mean": 0.476030796766,
        "median": 0.479285269976,
        "min": 0.400046795607,
        "var": 0.000231434998568
    },
    "dynamic_complexity": 0.584102809429,
    "erbbands_crest": {
        "dmean": 1.83637082577,
        "dmean2": 3.0328400135,
        "dvar": 3.96338415146,
        "dvar2": 9.57577133179,
        "max": 20.5803222656,
        "mean": 6.81925582886,
        "median": 6.11450052261,
        "min": 2.90257692337,
        "var": 6.80697584152
    },
    "erbbands_flatness_db": {
        "dmean": 0.0116055598482,
        "dmean2": 0.0181710775942,
        "dvar": 8.92932221177e-05,
        "dvar2": 0.00021290370205,
        "max": 0.235622435808,
        "mean": 0.163818985224,
        "median": 0.16323132813,
        "min": 0.11414372921,
        "var": 0.000300766521832
    },
    "erbbands_kurtosis": {
        "dmean": 0.49612402916,
        "dmean2": 0.779679894447,
        "dvar": 0.195257738233,
        "dvar2": 0.492300480604,
        "max": 5.02652645111,
        "mean": 0.24515748024,
        "median": 0.120500326157,
        "min": -1.12635433674,
        "var": 0.575421094894
    },
    "erbbands_skewness": {
        "dmean": 0.285103589296,
        "dmean2": 0.45346096158,
        "dvar": 0.0574633404613,
        "dvar2": 0.137875020504,
        "max": 1.77934849262,
        "mean": 0.182013392448,
        "median": 0.157854378223,
        "min": -0.934098064899,
        "var": 0.167790681124
    },
    "erbbands_spread": {
        "dmean": 4.58945989609,
        "dmean2": 7.15828561783,
        "dvar": 21.759765625,
        "dvar2": 52.7399787903,
        "max": 67.8847961426,
        "mean": 27.0012207031,
        "median": 25.8479099274,
        "min": 10.8545532227,
        "var": 54.4471626282
    },
    "hfc": {
        "dmean": 4.98683738708,
        "dmean2": 8.08783912659,
        "dvar": 19.3906211853,
        "dvar2": 50.4002761841,
        "max": 69.8269958496,
        "mean": 37.8859672546,
        "median": 37.0117111206,
        "min": 18.9150657654,
        "var": 52.1979522705
    },
    "melbands_crest": {
        "dmean": 3.46353006363,
        "dmean2": 5.71623182297,
        "dvar": 10.9019365311,
        "dvar2": 28.773859024,
        "max": 25.7703838348,
        "mean": 11.0915117264,
        "median": 10.1478738785,
        "min": 3.69964647293,
        "var": 17.8557415009
    },
    "melbands_flatness_db": {
        "dmean": 0.0234600007534,
        "dmean2": 0.037120770663,
        "dvar": 0.000663272454403,
        "dvar2": 0.00167080236133,
        "max": 0.305327773094,
        "mean": 0.15180978179,
        "median": 0.146105960011,
        "min": 0.0777356922626,
        "var": 0.00098147848621
    },
    "melbands_kurtosis": {
        "dmean": 2.79854178429,
        "dmean2": 4.76474475861,
        "dvar": 30.6481285095,
        "dvar2": 82.4456329346,
        "max": 48.9607582092,
        "mean": 2.81070184708,
        "median": 1.35039567947,
        "min": -0.997181892395,
        "var": 25.0165042877
    },
    "melbands_skewness": {
        "dmean": 0.545785188675,
        "dmean2": 0.877580225468,
        "dvar": 0.532254874706,
        "dvar2": 1.33344328403,
        "max": 6.23349571228,
        "mean": 1.34020388126,
        "median": 1.1437202692,
        "min": -0.228752404451,
        "var": 0.724849164486
    },
    "melbands_spread": {
        "dmean": 6.86191177368,
        "dmean2": 10.7386035919,
        "dvar": 38.7509155273,
        "dvar2": 91.763092041,
        "max": 60.2558631897,
        "mean": 30.8814220428,
        "median": 31.5591945648,
        "min": 4.56922626495,
        "var": 86.4094161987
    },
    "pitch_salience": {
        "dmean": 0.068408459425,
        "dmean2": 0.111435577273,
        "dvar": 0.00417165830731,
        "dvar2": 0.0109425084665,
        "max": 0.779200196266,
        "mean": 0.590541660786,
        "median": 0.598340034485,
        "min": 0.196131587029,
        "var": 0.00709080463275
    },
    "silence_rate_20dB": {
        "dmean": 0,
        "dmean2": 0,
        "dvar": 0,
        "dvar2": 0,
        "max": 1,
        "mean": 1,
        "median": 1,
        "min": 1,
        "var": 0
    },
    "silence_rate_30dB": {
        "dmean": 0.00154798757285,
        "dmean2": 0.00309837330133,
        "dvar": 0.00154557928909,
        "dvar2": 0.00463789748028,
        "max": 1,
        "mean": 0.999226629734,
        "median": 1,
        "min": 0,
        "var": 0.000772794999648
    },
    "silence_rate_60dB": {
        "dmean": 0,
        "dmean2": 0,
        "dvar": 0,
        "dvar2": 0,
        "max": 0,
        "mean": 0,
        "median": 0,
        "min": 0,
        "var": 0
    },
    "spectral_centroid": {
        "dmean": 206.917449951,
        "dmean2": 329.485107422,
        "dvar": 37119.5117188,
        "dvar2": 94533.1953125,
        "max": 2425.06738281,
        "mean": 1444.64685059,
        "median": 1453.05029297,
        "min": 563.696044922,
        "var": 77540.7109375
    },
    "spectral_complexity": {
        "dmean": 3.54643964767,
        "dmean2": 5.86057329178,
        "dvar": 8.34229660034,
        "dvar2": 22.6172504425,
        "max": 50,
        "mean": 33.3433876038,
        "median": 33,
        "min": 19,
        "var": 21.3870868683
    },
    "spectral_decrease": {
        "dmean": 2.81871570529e-09,
        "dmean2": 4.47526415925e-09,
        "dvar": 1.54772540187e-17,
        "dvar2": 3.93963361749e-17,
        "max": -3.69142583168e-09,
        "mean": -1.10127214015e-08,
        "median": -9.94128956933e-09,
        "min": -3.29963469881e-08,
        "var": 1.81167145615e-17
    },
    "spectral_energy": {
        "dmean": 0.0107259023935,
        "dmean2": 0.0170002225786,
        "dvar": 0.000217006279854,
        "dvar2": 0.000551688892301,
        "max": 0.127693101764,
        "mean": 0.0450008809566,
        "median": 0.0410730391741,
        "min": 0.0156479403377,
        "var": 0.000259171036305
    },
    "spectral_energyband_high": {
        "dmean": 0.000295972073218,
        "dmean2": 0.000477647932712,
        "dvar": 1.55932653456e-07,
        "dvar2": 3.70508672631e-07,
        "max": 0.00565516063944,
        "mean": 0.00094154587714,
        "median": 0.000808810233139,
        "min": 0.000230604302487,
        "var": 2.73006207863e-07
    },
    "spectral_energyband_low": {
        "dmean": 0.00933600030839,
        "dmean2": 0.0155655099079,
        "dvar": 0.000277495593764,
        "dvar2": 0.000730239145923,
        "max": 0.113511040807,
        "mean": 0.0128086423501,
        "median": 0.00797409005463,
        "min": 0.000658939417917,
        "var": 0.000256988045294
    },
    "spectral_energyband_middle_high": {
        "dmean": 0.00305585749447,
        "dmean2": 0.00481220567599,
        "dvar": 8.29924738355e-06,
        "dvar2": 2.03123090614e-05,
        "max": 0.0445309132338,
        "mean": 0.0149970808998,
        "median": 0.0144973620772,
        "min": 0.00388248148374,
        "var": 2.5503548386e-05
    },
    "spectral_energyband_middle_low": {
        "dmean": 0.00628825463355,
        "dmean2": 0.0101060178131,
        "dvar": 5.9543945099e-05,
        "dvar2": 0.000147028942592,
        "max": 0.0691912174225,
        "mean": 0.0172883998603,
        "median": 0.0151380589232,
        "min": 0.00345223443583,
        "var": 9.89546242636e-05
    },
    "spectral_entropy": {
        "dmean": 0.086306117475,
        "dmean2": 0.137677401304,
        "dvar": 0.00568611128256,
        "dvar2": 0.0141975749284,
        "max": 8.15296268463,
        "mean": 7.74121904373,
        "median": 7.74222040176,
        "min": 7.37296772003,
        "var": 0.0164383612573
    },
    "spectral_flux": {
        "dmean": 0.0282947849482,
        "dmean2": 0.0443591997027,
        "dvar": 0.00106953107752,
        "dvar2": 0.00209682015702,
        "max": 0.300674885511,
        "mean": 0.111148804426,
        "median": 0.0993584245443,
        "min": 0.0378990657628,
        "var": 0.00194104399998
    },
    "spectral_kurtosis": {
        "dmean": 1.26486325264,
        "dmean2": 2.16910529137,
        "dvar": 1.01725172997,
        "dvar2": 3.02793765068,
        "max": 9.90323448181,
        "mean": 4.19100999832,
        "median": 4.16688871384,
        "min": 0.39906668663,
        "var": 2.29224276543
    },
    "spectral_rms": {
        "dmean": 0.000727125618141,
        "dmean2": 0.00112780556083,
        "dvar": 7.39894971957e-07,
        "dvar2": 1.8188006834e-06,
        "max": 0.011161480099,
        "mean": 0.00654204702005,
        "median": 0.00633018603548,
        "min": 0.00390720926225,
        "var": 1.10488610972e-06
    },
    "spectral_rolloff": {
        "dmean": 328.580993652,
        "dmean2": 532.025390625,
        "dvar": 130492.296875,
        "dvar2": 320140.4375,
        "max": 5318.70117188,
        "mean": 1607.70983887,
        "median": 1679.58984375,
        "min": 129.19921875,
        "var": 212505.265625
    },
    "spectral_skewness": {
        "dmean": 0.177880480886,
        "dmean2": 0.300400555134,
        "dvar": 0.0212851949036,
        "dvar2": 0.0543593578041,
        "max": 2.6152112484,
        "mean": 1.47778344154,
        "median": 1.48728096485,
        "min": 0.632155776024,
        "var": 0.055742457509
    },
    "spectral_spread": {
        "dmean": 273622.59375,
        "dmean2": 409478.96875,
        "dvar": 165404655616,
        "dvar2": 222262525952,
        "max": 15908597,
        "mean": 3716581.75,
        "median": 3637749.25,
        "min": 2583369,
        "var": 357164023808
    },
    "spectral_strongpeak": {
        "dmean": 0.796314656734,
        "dmean2": 1.3709769249,
        "dvar": 0.942421913147,
        "dvar2": 2.36824321747,
        "max": 7.35852050781,
        "mean": 1.27794384956,
        "median": 0.612491428852,
        "min": 0.0890522301197,
        "var": 1.47258913517
    },
    "zerocrossingrate": {
        "dmean": 0.00690131867304,
        "dmean2": 0.00873724650592,
        "dvar": 3.63200961147e-05,
        "dvar2": 5.3285388276e-05,
        "max": 0.11962890625,
        "mean": 0.0597107931972,
        "median": 0.0595703125,
        "min": 0.02490234375,
        "var": 0.000143569501233
    },
    "barkbands": {
        "dmean": [3.65762643924e-05, 0.00464617600664, 0.00507737044245, 0.00190444954205, 0.00200826651417, 0.00104382436257, 0.00171820202377, 0.00201707519591, 0.00207642721944, 0.00118816713803, 0.000659645593259, 0.0013954663882, 0.0005560121499, 0.0008261531475, 0.000808494107332, 0.000722904282156, 0.000307549984427, 0.000223786148126, 0.00016582547687, 0.000126849248772, 0.000133318157168, 0.000111080444185, 4.77767134726e-05, 2.24844916374e-05, 1.69325103343e-05, 5.37290861757e-06, 3.7034638467e-08],
        "dmean2": [6.14245800534e-05, 0.00778646487743, 0.00891101360321, 0.00344132073224, 0.00316069857217, 0.00171616242733, 0.00277912127785, 0.00317975925282, 0.00336190033704, 0.00188723008614, 0.00107251200825, 0.00203050905839, 0.000853896723129, 0.00127024238463, 0.00129096885212, 0.00116830528714, 0.000466704746941, 0.000367170461686, 0.000277399667539, 0.000208991448744, 0.000223563125473, 0.000179088150617, 7.70173937781e-05, 3.56184064003e-05, 2.7123691325e-05, 8.50234573591e-06, 6.20840125976e-08],
        "dvar": [3.21331272701e-09, 8.77917045727e-05, 7.00262389728e-05, 1.78416521521e-05, 1.05410836113e-05, 3.24687084685e-06, 1.04012469819e-05, 1.44038076542e-05, 8.90805131348e-06, 2.56365024143e-06, 1.9094493382e-06, 2.08171513805e-06, 2.97627281043e-07, 7.27590588667e-07, 1.05206277112e-06, 5.69952533169e-07, 1.03323579026e-07, 5.72752405503e-08, 3.1073234652e-08, 2.11478052847e-08, 2.05053556357e-08, 5.21262499831e-08, 7.4666326455e-09, 8.5637996694e-10, 3.58908541775e-10, 4.85071531553e-11, 2.10012281681e-14],
        "dvar2": [7.95448595881e-09, 0.000232789796428, 0.000195309607079, 5.0658476539e-05, 2.73415007541e-05, 7.71521263232e-06, 2.63519450527e-05, 2.96933103527e-05, 2.31716767303e-05, 6.13634756519e-06, 4.850215646e-06, 4.51738196716e-06, 7.30925307835e-07, 1.82231349299e-06, 2.52031168202e-06, 1.46523041167e-06, 2.34243046293e-07, 1.50155258893e-07, 8.13463074678e-08, 5.46609157936e-08, 5.12238464978e-08, 1.30496545125e-07, 1.65692952692e-08, 1.83105886009e-09, 8.54047332854e-10, 1.15185548599e-10, 2.67617010366e-14],
        "max": [0.000544553797226, 0.062545016408, 0.0719440206885, 0.0373382158577, 0.0304263774306, 0.0284154023975, 0.0298073031008, 0.0417443215847, 0.0404599048197, 0.0219691954553, 0.0281946565956, 0.0219368636608, 0.00679701706395, 0.0115683944896, 0.0161883439869, 0.00812776573002, 0.00695832958445, 0.0036328418646, 0.00247801397927, 0.00183862017002, 0.00228831521235, 0.00378791079856, 0.00128608255181, 0.000465785065899, 0.000212955157622, 0.000139805779327, 3.89598653783e-06],
        "mean": [3.8708178181e-05, 0.00510542560369, 0.00674844672903, 0.00197405135259, 0.00320064672269, 0.00170392578002, 0.00262381602079, 0.00334828603081, 0.00417071720585, 0.0022692810744, 0.0010726476321, 0.00341310817748, 0.00147621997166, 0.00181883340701, 0.00169571500737, 0.00157562468667, 0.0007724565221, 0.000514371262398, 0.00039201209438, 0.000311615673127, 0.000329573405907, 0.000225106690777, 0.000108597487269, 5.8946043282e-05, 4.20790347562e-05, 1.06737024907e-05, 3.22339559489e-08],
        "median": [1.99732021429e-05, 0.00259912060574, 0.00414739456028, 0.000888005655725, 0.00183809828013, 0.00104140257463, 0.000898489321116, 0.00160637870431, 0.00308339600451, 0.00171683833469, 0.00045988423517, 0.00278634740971, 0.00134736194741, 0.00151506613474, 0.00134735135362, 0.00131507345941, 0.000673942966387, 0.000425498961704, 0.000331534392899, 0.000272544100881, 0.000293237884762, 0.000145400132169, 7.96639942564e-05, 4.89769663545e-05, 3.49487272615e-05, 9.07563571673e-06, 1.02020978332e-08],
        "min": [1.66156922887e-07, 4.39756768174e-05, 1.40784559335e-05, 1.78187183337e-05, 0.000115527429443, 2.97562910418e-05, 2.23916904361e-05, 5.45712609892e-05, 0.000249516946496, 7.68745230744e-05, 4.26205006079e-05, 8.60746804392e-05, 9.07760477276e-05, 9.108598897e-05, 0.000143545054016, 9.28763911361e-05, 4.15184586018e-05, 4.9145965022e-05, 4.55530280306e-05, 5.49612559553e-05, 5.67742754356e-05, 2.22288035729e-05, 1.8606588128e-05, 1.08705262392e-05, 5.8579130382e-06, 1.13470646212e-08, 8.62474588276e-12],
        "var": [3.25498095144e-09, 7.5558302342e-05, 6.38895944576e-05, 1.36819126055e-05, 1.38667219289e-05, 5.63506819162e-06, 1.7218546418e-05, 2.84072775685e-05, 1.64057746588e-05, 4.80403195979e-06, 4.41226166004e-06, 6.51483469483e-06, 6.78883623095e-07, 1.31773333578e-06, 1.79312803539e-06, 1.10539883735e-06, 2.54974025893e-07, 1.15279796375e-07, 6.4830139479e-08, 3.22662287999e-08, 3.17270227868e-08, 7.97992285584e-08, 1.33619080245e-08, 1.78500525472e-09, 7.43372197132e-10, 8.85940487638e-11, 2.06856270801e-14]
    },
    "erbbands": {
        "dmean": [0.0588087253273, 1.34072446823, 5.5685172081, 5.51522064209, 7.17739439011, 6.68996763229, 6.71776437759, 10.7147731781, 12.6399793625, 41.6427612305, 37.9230117798, 37.4228210449, 47.0891036987, 32.4549598694, 34.2228088379, 34.9733657837, 22.6433315277, 24.3834648132, 44.6350135803, 38.0318641663, 38.6278762817, 19.4042434692, 11.9779195786, 10.1515197754, 6.30801296234, 5.87578821182, 5.72341394424, 4.95875406265, 4.10887479782, 2.50491809845, 1.17467498779, 0.552803635597, 0.378297507763, 0.228643417358, 0.117684707046, 0.0352692268789, 0.00909648183733, 0.000696050236002, 1.67701255123e-05, 1.18002863019e-05],
        "dmean2": [0.0859107971191, 2.29914140701, 9.6932516098, 9.88529014587, 12.517832756, 10.5529594421, 10.2213087082, 17.9565753937, 20.7246437073, 65.652053833, 59.6885528564, 61.0410957336, 76.0862503052, 53.6939888, 51.3167915344, 51.9946022034, 34.3299064636, 38.056854248, 68.2684173584, 62.489780426, 61.2095947266, 29.1618709564, 19.8241043091, 16.7009143829, 10.6246414185, 9.677526474, 9.56646823883, 8.16854858398, 6.66428184509, 3.98969650269, 1.89211344719, 0.895836472511, 0.589137017727, 0.365441203117, 0.192425087094, 0.0571589395404, 0.0150417620316, 0.00117690663319, 2.71601747954e-05, 1.86831748579e-05],
        "dvar": [0.0115316677839, 7.43551683426, 95.2563476562, 84.2617950439, 350.58392334, 100.694358826, 143.977020264, 355.36895752, 445.808135986, 5218.18554688, 5770.40527344, 3176.68310547, 3148.27246094, 3742.37695312, 1574.85522461, 1230.86047363, 456.666107178, 526.52734375, 2433.07714844, 2231.39428711, 1838.94104004, 429.080535889, 155.243087769, 119.233047485, 40.370388031, 51.3928871155, 43.3784179688, 32.5587882996, 79.7910614014, 23.5347652435, 5.65287685394, 0.650245368481, 0.214370727539, 0.0656609237194, 0.0193634852767, 0.00252155656926, 9.91349443211e-05, 6.11866198597e-07, 6.36803276777e-10, 2.43122383337e-10],
        "dvar2": [0.0232637096196, 19.9285163879, 261.249603271, 249.728378296, 945.629638672, 250.686340332, 288.45401001, 856.260253906, 1081.17077637, 12875.1855469, 12165.0224609, 8204.29003906, 7908.06591797, 10485.5898438, 3206.87890625, 2799.51367188, 1030.75561523, 1300.55358887, 5907.49365234, 5482.76513672, 4533.92285156, 911.240722656, 421.412567139, 293.772644043, 113.123703003, 132.483413696, 110.767631531, 78.7734603882, 197.488311768, 57.4126663208, 12.9961452484, 1.48065960407, 0.427706211805, 0.15414108336, 0.0472138300538, 0.00595133705065, 0.000246463023359, 1.52415793764e-06, 1.10852949042e-09, 6.20422158093e-10],
        "max": [0.949437320232, 18.2148113251, 73.6778335571, 76.4872817993, 154.37991333, 118.998931885, 189.514892578, 339.887298584, 286.291748047, 779.782348633, 933.000366211, 825.164733887, 800.668029785, 1154.47351074, 1002.65795898, 539.351257324, 275.169647217, 244.661239624, 717.177612305, 664.600219727, 541.776977539, 487.749725342, 153.661315918, 149.390060425, 69.2758789062, 97.1999816895, 103.63948822, 88.1345367432, 157.66229248, 66.3339920044, 40.1210479736, 11.6673841476, 7.13281917572, 2.89212846756, 2.15768194199, 0.943016886711, 0.135943889618, 0.00617510220036, 0.000621306942776, 0.000146577847772],
        "mean": [0.077615045011, 1.45240652561, 7.02646923065, 7.30313825607, 8.37382411957, 10.8632917404, 11.5424547195, 17.2307167053, 20.1005992889, 69.2059555054, 66.5498504639, 73.7192611694, 107.081642151, 65.1910324097, 87.8645858765, 93.4118270874, 63.4230766296, 69.1661148071, 102.661132812, 87.1340789795, 84.8843383789, 51.48021698, 29.821439743, 24.7677974701, 16.3868751526, 14.7540254593, 13.7437753677, 12.1229248047, 8.50670528412, 5.28438949585, 2.59185504913, 1.33532083035, 0.96431940794, 0.524227678776, 0.261140555143, 0.0714351981878, 0.0171918664128, 0.00104842579458, 5.35119179403e-05, 5.61980195926e-05],
        "median": [0.0251348987222, 0.75216203928, 4.35106611252, 4.67289733887, 3.75317907333, 5.85392951965, 5.91772603989, 9.99549865723, 11.3794231415, 33.5736732483, 34.6067619324, 54.0228042603, 88.4871292114, 43.6117172241, 71.2794265747, 79.1667785645, 57.9083480835, 61.757358551, 90.1629257202, 72.4494018555, 69.9847335815, 45.0492706299, 25.4661960602, 20.4682865143, 14.6346082687, 12.8900785446, 11.9822893143, 10.4513196945, 5.48164463043, 3.632833004, 1.79868674278, 1.04818058014, 0.784575104713, 0.435472905636, 0.208423286676, 0.0582708120346, 0.0135206365958, 0.00075992353959, 4.87720062665e-05, 5.22678383277e-05],
        "min": [0.000994277652353, 0.0311780907214, 0.150570213795, 0.315754264593, 0.232392162085, 0.27618843317, 0.156193524599, 0.283418059349, 0.876878380775, 1.15255463123, 3.16893196106, 8.42411804199, 13.1328763962, 5.20453453064, 5.23567247391, 6.34948348999, 7.89700746536, 11.251991272, 8.89410877228, 13.5356855392, 8.26576137543, 5.16086101532, 4.35937309265, 2.46340107918, 2.3798892498, 2.54931807518, 2.16138958931, 2.02230358124, 0.794438660145, 0.69206982851, 0.427975744009, 0.222830593586, 0.133879423141, 0.0260036308318, 0.023800406605, 0.00199843221344, 0.000350700167473, 4.99674897583e-05, 2.13191542571e-05, 2.69694428425e-05],
        "var": [0.016293136403, 5.97567033768, 78.4373397827, 75.8879013062, 289.69619751, 182.256652832, 314.211608887, 689.391662598, 667.705810547, 8318.25195312, 10338.3095703, 5082.77294922, 6057.36914062, 8065.6796875, 5258.43017578, 3643.86206055, 987.588378906, 1197.19396973, 4756.64404297, 4097.91015625, 3503.45898438, 1118.95214844, 305.154144287, 274.897125244, 73.115234375, 76.9732666016, 65.2027587891, 50.5607032776, 119.292999268, 39.0531425476, 9.55821704865, 1.27274990082, 0.473828673363, 0.131911069155, 0.0352850705385, 0.00448693148792, 0.00018512083625, 9.00524355529e-07, 7.74688202476e-10, 2.98143870703e-10]
    },
    "gfcc": {
        "mean": [62.6011886597, 101.320343018, -148.392791748, 28.376241684, -58.6704368591, 24.1859149933, -34.2321052551, 11.7944116592, -20.5696144104, 3.56531834602, -23.9095726013, -5.55264234543, -9.87427139282],
        "cov": [[69.3887176514, -8.34495544434, 17.4091053009, 13.2767515182, -6.92921972275, -9.98122024536, -9.92596149445, -0.0973917916417, -6.91874265671, 5.78482723236, -2.779047966, -1.53615295887, -1.41196799278], [-8.34495544434, 148.739364624, 49.5875015259, 48.4594688416, 21.8383178711, -34.0340843201, 11.6212911606, -9.34308242798, 15.2989425659, -12.2508764267, 29.9605197906, -25.0702266693, 18.352098465], [17.4091053009, 49.5875015259, 147.947296143, 52.0726890564, 20.2721672058, 34.9383583069, 16.5985527039, 6.36880636215, 22.4098529816, 9.74597454071, 2.26183319092, 0.930979132652, -12.7059793472], [13.2767515182, 48.4594688416, 52.0726890564, 143.97694397, 20.9816493988, 37.7020950317, 15.5350198746, -17.4369029999, 28.5073013306, -21.847776413, 14.1021718979, -20.7993831635, 22.1678104401], [-6.92921972275, 21.8383178711, 20.2721672058, 20.9816493988, 113.018760681, 23.6719589233, 39.1003761292, 23.1980571747, -8.27313327789, 6.00358295441, -9.37919712067, 7.18608140945, -2.02276825905], [-9.98122024536, -34.0340843201, 34.9383583069, 37.7020950317, 23.6719589233, 118.815315247, 39.7215843201, 4.31462621689, 9.93394947052, -9.55307102203, 0.500364422798, 16.285451889, 8.42838096619], [-9.92596149445, 11.6212911606, 16.5985527039, 15.5350198746, 39.1003761292, 39.7215843201, 76.6001586914, 26.6450958252, 9.56145381927, 1.43296909332, -1.49801433086, 5.99682855606, -3.26938223839], [-0.0973917916417, -9.34308242798, 6.36880636215, -17.4369029999, 23.1980571747, 4.31462621689, 26.6450958252, 63.9332237244, 21.6705913544, 20.83751297, 2.44209671021, 1.01838624477, -2.94607043266], [-6.91874265671, 15.2989425659, 22.4098529816, 28.5073013306, -8.27313327789, 9.93394947052, 9.56145381927, 21.6705913544, 62.1985588074, 17.1632938385, 9.35898303986, -5.23264503479, -0.56068199873], [5.78482723236, -12.2508764267, 9.74597454071, -21.847776413, 6.00358295441, -9.55307102203, 1.43296909332, 20.83751297, 17.1632938385, 52.3152694702, 12.0816907883, 9.39848041534, -7.2886762619], [-2.779047966, 29.9605197906, 2.26183319092, 14.1021718979, -9.37919712067, 0.500364422798, -1.49801433086, 2.44209671021, 9.35898303986, 12.0816907883, 55.234703064, 9.52251720428, 17.3149299622], [-1.53615295887, -25.0702266693, 0.930979132652, -20.7993831635, 7.18608140945, 16.285451889, 5.99682855606, 1.01838624477, -5.23264503479, 9.39848041534, 9.52251720428, 52.0837669373, 11.2526512146], [-1.41196799278, 18.352098465, -12.7059793472, 22.1678104401, -2.02276825905, 8.42838096619, -3.26938223839, -2.94607043266, -0.56068199873, -7.2886762619, 17.3149299622, 11.2526512146, 52.1930923462]],
        "icov": [[0.0184239316732, 0.00221797684208, -0.00288882735185, -0.00544760841876, 0.00277279526927, 0.00311092683114, 0.00135023042094, -0.00364425289445, 0.00676067499444, -0.00408604880795, 0.00179828854743, -0.000843000132591, -9.98229588731e-05], [0.00221797684208, 0.0247703976929, -0.0122778769583, 0.00541923567653, -0.00946146249771, 0.0147081427276, -0.00993360579014, 0.012207115069, -0.00998013373464, 0.0118840998039, -0.0161463972181, 0.0145640512928, -0.0128464661539], [-0.00288882735185, -0.0122778769583, 0.0155565422028, -0.00652737682685, 0.00419370783493, -0.00915057584643, 0.00535633740947, -0.00670543080196, 0.00390426255763, -0.00784838851541, 0.00806727539748, -0.00904266908765, 0.0106148850173], [-0.00544760841876, 0.00541923567653, -0.00652737682685, 0.0197049807757, -0.00830776058137, 0.000633391318843, -0.0046370010823, 0.0127719566226, -0.0141924843192, 0.0104745458812, -0.00881430786103, 0.0122090056539, -0.0104027520865], [0.00277279526927, -0.00946146249771, 0.00419370783493, -0.00830776058137, 0.018080195412, -0.00527063664049, -0.000219485358684, -0.0113389287144, 0.0125093143433, -0.00935841724277, 0.0103466538712, -0.0087346797809, 0.00612753350288], [0.00311092683114, 0.0147081427276, -0.00915057584643, 0.000633391318843, -0.00527063664049, 0.0211973153055, -0.0110579747707, 0.00736845238134, -0.00620187725872, 0.00898960605264, -0.00827739108354, 0.0038979195524, -0.00839383527637], [0.00135023042094, -0.00993360579014, 0.00535633740947, -0.0046370010823, -0.000219485358684, -0.0110579747707, 0.0256009865552, -0.0133354384452, 0.00456210318953, -0.00313035887666, 0.00632975390181, -0.00788977276534, 0.0086438851431], [-0.00364425289445, 0.012207115069, -0.00670543080196, 0.0127719566226, -0.0113389287144, 0.00736845238134, -0.0133354384452, 0.03557626158, -0.0182355474681, 0.00311831827275, -0.010054779239, 0.0129344705492, -0.0111177731305], [0.00676067499444, -0.00998013373464, 0.00390426255763, -0.0141924843192, 0.0125093143433, -0.00620187725872, 0.00456210318953, -0.0182355474681, 0.0353799574077, -0.0163266416639, 0.00855990312994, -0.00713604176417, 0.00821211840957], [-0.00408604880795, 0.0118840998039, -0.00784838851541, 0.0104745458812, -0.00935841724277, 0.00898960605264, -0.00313035887666, 0.00311831827275, -0.0163266416639, 0.0377483814955, -0.0161530803889, 0.00382036110386, -0.00285191135481], [0.00179828854743, -0.0161463972181, 0.00806727539748, -0.00881430786103, 0.0103466538712, -0.00827739108354, 0.00632975390181, -0.010054779239, 0.00855990312994, -0.0161530803889, 0.0351126119494, -0.0138701582327, 0.00217826873995], [-0.000843000132591, 0.0145640512928, -0.00904266908765, 0.0122090056539, -0.0087346797809, 0.0038979195524, -0.00788977276534, 0.0129344705492, -0.00713604176417, 0.00382036110386, -0.0138701582327, 0.036465074867, -0.0160662624985], [-9.98229588731e-05, -0.0128464661539, 0.0106148850173, -0.0104027520865, 0.00612753350288, -0.00839383527637, 0.0086438851431, -0.0111177731305, 0.00821211840957, -0.00285191135481, 0.00217826873995, -0.0160662624985, 0.0346144288778]]
    },
    "melbands": {
        "dmean": [0.000904509972315, 0.00252719689161, 0.00106562057044, 0.000446006160928, 0.00026437631459, 0.00022331996297, 0.000243030532147, 0.000479968584841, 0.000266595365247, 0.000284120556898, 0.000249264732702, 0.000146128455526, 9.30395035539e-05, 0.000187815123354, 5.06899559696e-05, 6.09465059824e-05, 4.86300777993e-05, 8.62153683556e-05, 6.35381584289e-05, 4.91002720082e-05, 4.46938392997e-05, 2.24772866204e-05, 1.43022843986e-05, 1.09184693429e-05, 9.07058165467e-06, 5.71885493628e-06, 4.7181656555e-06, 4.42597593064e-06, 3.96847053707e-06, 3.75783906748e-06, 2.90557909466e-06, 2.5661008749e-06, 2.1759296942e-06, 1.28422675516e-06, 8.06711796031e-07, 4.79527159314e-07, 3.45953708347e-07, 3.14413654223e-07, 2.49990449674e-07, 2.07591071444e-07],
        "dmean2": [0.00143268378451, 0.00435209274292, 0.00189025280997, 0.000733256805688, 0.000403235579142, 0.000371742615243, 0.000397583120503, 0.000751696992666, 0.000421579490649, 0.000462535099359, 0.000401806173613, 0.00023930358293, 0.000146416481584, 0.000273506098893, 7.78015964897e-05, 9.29503148654e-05, 7.66484008636e-05, 0.000131620501634, 0.000101884870674, 8.04072478786e-05, 7.04808553564e-05, 3.30581933667e-05, 2.41348934651e-05, 1.75915429281e-05, 1.49610468725e-05, 9.61942168942e-06, 7.86544660514e-06, 7.40777659303e-06, 6.6005154622e-06, 6.39880272502e-06, 4.7232988436e-06, 4.18861009166e-06, 3.59214936907e-06, 2.06691402127e-06, 1.30944783905e-06, 7.62252909681e-07, 5.70020745272e-07, 4.94271603202e-07, 4.0944107127e-07, 3.36323040528e-07],
        "dvar": [3.12231236421e-06, 2.16481603275e-05, 3.63159733752e-06, 7.51791333187e-07, 1.67868634549e-07, 1.52314356683e-07, 1.60772415825e-07, 5.67313406918e-07, 2.65404821675e-07, 1.8242857891e-07, 8.73594814266e-08, 6.12981949644e-08, 1.73756085076e-08, 4.08780742589e-08, 3.02978775402e-09, 3.71709329983e-09, 2.20636930948e-09, 8.59496118721e-09, 6.17966655625e-09, 2.98368929563e-09, 2.49118015105e-09, 6.12329909e-10, 1.95462340757e-10, 1.80914921932e-10, 9.59758106323e-11, 3.49794533616e-11, 2.56096515522e-11, 3.36325446659e-11, 2.1745745829e-11, 1.56552409925e-11, 1.30196244411e-11, 2.35343359384e-11, 3.16710511983e-11, 4.32058208655e-12, 2.52772867741e-12, 6.10831209832e-13, 2.15016454077e-13, 1.60554607261e-13, 6.70703455882e-14, 5.68322007565e-14],
        "dvar2": [7.84445546742e-06, 5.88218899793e-05, 1.04095961433e-05, 1.97724534701e-06, 3.63149183613e-07, 3.66520822581e-07, 4.03588927611e-07, 1.3387278841e-06, 5.66677215375e-07, 4.71326103479e-07, 2.18293138232e-07, 1.68705597048e-07, 4.05630125044e-08, 8.8185039715e-08, 6.77869671506e-09, 9.05295216569e-09, 5.55757706522e-09, 2.13611883737e-08, 1.53785641999e-08, 7.66833174737e-09, 6.08377348499e-09, 1.31263100389e-09, 5.23910970163e-10, 4.7775228218e-10, 2.39168573835e-10, 9.68298774495e-11, 7.31741195414e-11, 8.64953386692e-11, 5.50203563265e-11, 4.0929343248e-11, 3.13988765543e-11, 5.65453760204e-11, 8.40630134946e-11, 9.9113581925e-12, 5.87857236847e-12, 1.415176136e-12, 5.11427109429e-13, 3.28171707474e-13, 1.62607245919e-13, 1.36260157346e-13],
        "max": [0.0120311956853, 0.0310779511929, 0.0164886470884, 0.00775589188561, 0.00596900703385, 0.00680987956002, 0.00430573476478, 0.00758522609249, 0.00616512494162, 0.00587625149637, 0.0041098902002, 0.00472289137542, 0.00231262412854, 0.00314014567994, 0.000994445872493, 0.000729179184418, 0.000554957077838, 0.00111516658217, 0.00116580491886, 0.000623737927526, 0.000631993403658, 0.00057141733123, 0.000178696223884, 0.000234673061641, 0.000135081922053, 8.48845083965e-05, 6.5068990807e-05, 8.04687661002e-05, 6.60669029457e-05, 5.07931472384e-05, 6.23349478701e-05, 8.00063426141e-05, 8.8113345555e-05, 3.20381914207e-05, 2.57467854681e-05, 1.35384570967e-05, 7.39461984267e-06, 6.65786683385e-06, 2.58321324509e-06, 2.36112828134e-06],
        "mean": [0.00106161390431, 0.00317209190689, 0.00139181676786, 0.000638747296762, 0.000456388748717, 0.00035837123869, 0.000383884325856, 0.000815829262137, 0.000465438788524, 0.000549002026673, 0.000556743645575, 0.000281617714791, 0.000216693486436, 0.000445376965217, 0.000132048255182, 0.000146599646541, 0.000124582482385, 0.000177268681, 0.000130979315145, 0.000105668303149, 8.93185861059e-05, 5.18515735166e-05, 3.3526608604e-05, 2.34381823248e-05, 2.00994345505e-05, 1.31784345285e-05, 1.0366220522e-05, 9.71775079961e-06, 8.55333928484e-06, 8.20328205009e-06, 6.5550761974e-06, 5.0490752983e-06, 3.72031377083e-06, 2.71969383903e-06, 1.62628589351e-06, 9.56783992478e-07, 7.64170522416e-07, 7.27126575839e-07, 5.30258262188e-07, 4.09006105428e-07],
        "median": [0.00046647246927, 0.00199143378995, 0.00089238176588, 0.000358379475074, 0.000243546935963, 0.000209624675335, 0.000199728543521, 0.000438532413682, 0.000254226528341, 0.000389822060242, 0.000462333060568, 0.000188163583516, 0.000161650037626, 0.000355076597771, 0.000110694098112, 0.000132748493343, 0.000109300162876, 0.000151815576828, 0.000105239858385, 8.71547454153e-05, 7.17600341886e-05, 4.36120499216e-05, 2.92930271826e-05, 1.82842486538e-05, 1.63650274771e-05, 1.17196923384e-05, 8.91969466466e-06, 8.25854112918e-06, 7.18269529898e-06, 7.05847742211e-06, 5.50626828044e-06, 3.37702044817e-06, 1.92974152924e-06, 2.0191700969e-06, 1.10470182335e-06, 6.93204242452e-07, 6.11759219282e-07, 5.90603178807e-07, 4.33313857684e-07, 3.24304522792e-07],
        "min": [8.10105757409e-06, 9.77925519692e-05, 6.71492016409e-05, 1.4267014194e-05, 3.14503040499e-06, 5.42311363461e-06, 1.01983741843e-05, 1.9509689082e-05, 1.89496950043e-05, 2.91250180453e-05, 6.01948377152e-05, 1.50356490849e-05, 1.09407073978e-05, 9.62777903624e-06, 1.03955917439e-05, 1.39615722219e-05, 1.4824398022e-05, 8.30821136333e-06, 1.32706418299e-05, 8.78071568877e-06, 5.18046726938e-06, 2.00367685466e-06, 2.98612235383e-06, 2.6450684345e-06, 1.63508968853e-06, 1.52716802404e-06, 1.21624157146e-06, 1.29806937821e-06, 1.15525620004e-06, 1.2243386891e-06, 9.79095489129e-07, 4.30409500041e-07, 3.37052654231e-07, 3.17978532394e-07, 2.03548836453e-07, 8.60361097921e-08, 2.4555257383e-08, 7.58078542162e-08, 2.7078272069e-08, 2.98081603844e-09],
