{
"highlevel": {
    "danceability": {
        "all": {
            "danceable": 0.908589065075,
            "not_danceable": 0.0914109572768
        },
        "probability": 0.908589065075,
        "value": "danceable"
    },
    "gender": {
        "all": {
            "female": 0.657531142235,
            "male": 0.342468827963
        },
        "probability": 0.657531142235,
        "value": "female"
    },
    "genre_dortmund": {
        "all": {
            "alternative": 0.0904456079006,
            "blues": 0.0499542877078,
            "electronic": 0.010067967698,
            "folkcountry": 0.214889749885,
            "funksoulrnb": 0.0117783499882,
            "jazz": 0.0763415768743,
            "pop": 0.173926532269,
            "raphiphop": 0.0164914056659,
            "rock": 0.356104522943
        },
        "probability": 0.356104522943,
        "value": "rock"
    },
    "genre_electronic": {
        "all": {
            "ambient": 0.659885346889,
            "dnb": 0.191033929586,
            "house": 0.098517395556,
            "techno": 0.00755394110456,
            "trance": 0.0430093891919
        },
        "probability": 0.659885346889,
        "value": "ambient"
    },
    "genre_rosamerica": {
        "all": {
            "cla": 0.00244750967249,
            "dan": 0.042574994266,
            "hip": 0.0289328508079,
            "jaz": 0.00752751482651,
            "pop": 0.797440171242,
            "rhy": 0.0697394907475,
            "roc": 0.0452364347875,
            "spe": 0.0061010196805
        },
        "probability": 0.797440171242,
        "value": "pop"
    },
    "genre_tzanetakis": {
        "all": {
            "blu": 0.0626613423228,
            "cla": 0.0348169617355,
            "cou": 0.104475811124,
            "dis": 0.0784321576357,
            "hip": 0.15692435205,
            "jaz": 0.313974827528,
            "met": 0.0448166541755,
            "pop": 0.0627359300852,
            "reg": 0.0627360641956,
            "roc": 0.0784258767962
        },
        "probability": 0.313974827528,
        "value": "jaz"
    },
    "ismir04_rhythm": {
        "all": {
            "ChaChaCha": 0.0406081713736,
            "Jive": 0.0428356975317,
            "Quickstep": 0.0566333569586,
            "Rumba-American": 0.0155114764348,
            "Rumba-International": 0.527858138084,
            "Rumba-Misc": 0.0127560663968,
            "Samba": 0.183978185058,
            "Tango": 0.00738737825304,
            "VienneseWaltz": 0.102855414152,
            "Waltz": 0.00957611389458
        },
        "probability": 0.527858138084,
        "value": "Rumba-International"
    },
    "mood_acoustic": {
        "all": {
            "acoustic": 0.803304791451,
            "not_acoustic": 0.196695208549
        },
        "probability": 0.803304791451,
        "value": "acoustic"
    },
    "mood_aggressive": {
        "all": {
            "aggressive": 0.262566447258,
            "not_aggressive": 0.737433552742
        },
        "probability": 0.737433552742,
        "value": "not_aggressive"
    },
    "mood_electronic": {
        "all": {
            "electronic": 0.541543900967,
            "not_electronic": 0.458456128836
        },
        "probability": 0.541543900967,
        "value": "electronic"
    },
    "mood_happy": {
        "all": {
            "happy": 0.248984128237,
            "not_happy": 0.751015901566
        },
        "probability": 0.751015901566,
        "value": "not_happy"
    },
    "mood_party": {
        "all": {
            "not_party": 0.878746271133,
            "party": 0.121253743768
        },
        "probability": 0.878746271133,
        "value": "not_party"
    },
    "mood_relaxed": {
        "all": {
            "not_relaxed": 0.402801007032,
            "relaxed": 0.59719902277
        },
        "probability": 0.59719902277,
        "value": "relaxed"
    },
    "mood_sad": {
        "all": {
            "not_sad": 0.0679485201836,
            "sad": 0.932051479816
        },
        "probability": 0.932051479816,
        "value": "sad"
    },
    "moods_mirex": {
        "all": {
            "Cluster1": 0.456454992294,
            "Cluster2": 0.19382032752,
            "Cluster3": 0.241474807262,
            "Cluster4": 0.0671082511544,
            "Cluster5": 0.0411416292191
        },
        "probability": 0.456454992294,
        "value": "Cluster1"
    },
    "timbre": {
        "all": {
            "bright": 0.527420818806,
            "dark": 0.472579210997
        },
        "probability": 0.527420818806,
        "value": "bright"
    },
    "tonal_atonal": {
        "all": {
            "atonal": 0.00332559458911,
            "tonal": 0.996674418449
        },
        "probability": 0.996674418449,
        "value": "tonal"
    },
    "voice_instrumental": {
        "all": {
            "instrumental": 0.000685880426317,
            "voice": 0.999314129353
        },
        "probability": 0.999314129353,
        "value": "voice"
    }
},
"lowlevel": {
    "average_loudness": 0.965804517269,
    "barkbands_crest": {
        "dmean": 2.66560745239,
        "dmean2": 4.2746887207,
        "dvar": 5.78609371185,
        "dvar2": 14.5349712372,
        "max": 25.4231433868,
        "mean": 11.1618232727,
        "median": 10.1619386673,
        "min": 3.83477854729,
        "var": 17.8052539825
    },
    "barkbands_flatness_db": {
        "dmean": 0.0241608507931,
        "dmean2": 0.0339750796556,
        "dvar": 0.000441628653789,
        "dvar2": 0.000885495741386,
        "max": 0.326313525438,
        "mean": 0.16746725142,
        "median": 0.163137257099,
        "min": 0.0745113566518,
        "var": 0.0018252019072
    },
    "barkbands_kurtosis": {
        "dmean": 3.8319504261,
        "dmean2": 5.94098234177,
        "dvar": 30.5554714203,
        "dvar2": 67.4067153931,
        "max": 112.669799805,
        "mean": 7.5287899971,
        "median": 5.14455699921,
        "min": -1.89429461956,
        "var": 74.7412643433
    },
    "barkbands_skewness": {
        "dmean": 0.557122170925,
        "dmean2": 0.848902761936,
        "dvar": 0.309671849012,
        "dvar2": 0.700130045414,
        "max": 9.44543933868,
        "mean": 2.16969251633,
        "median": 2.05581235886,
        "min": -0.541961729527,
        "var": 1.08533191681
    },
    "barkbands_spread": {
        "dmean": 7.07526874542,
        "dmean2": 10.7538900375,
        "dvar": 84.5090484619,
        "dvar2": 184.938964844,
        "max": 109.370079041,
        "mean": 19.8719482422,
        "median": 16.7608070374,
        "min": 1.6441116333,
        "var": 204.620956421
    },
    "dissonance": {
        "dmean": 0.0241790283471,
        "dmean2": 0.040382321924,
        "dvar": 0.000455114000943,
        "dvar2": 0.0011953668436,
        "max": 0.498392134905,
        "mean": 0.449945092201,
        "median": 0.454560130835,
        "min": 0.32029029727,
        "var": 0.000910535571165
    },
    "dynamic_complexity": 1.82996475697,
    "erbbands_crest": {
        "dmean": 3.39022326469,
        "dmean2": 5.50535726547,
        "dvar": 10.0653610229,
        "dvar2": 22.4861087799,
        "max": 30.4606170654,
        "mean": 10.4183673859,
        "median": 9.00864219666,
        "min": 2.61694455147,
        "var": 27.8648548126
    },
    "erbbands_flatness_db": {
        "dmean": 0.0240262672305,
        "dmean2": 0.0330120958388,
        "dvar": 0.000443562137662,
        "dvar2": 0.000793714658357,
        "max": 0.254443943501,
        "mean": 0.135149687529,
        "median": 0.135418176651,
        "min": 0.0558159761131,
        "var": 0.00140218948945
    },
    "erbbands_kurtosis": {
        "dmean": 1.43702423573,
        "dmean2": 2.25118374825,
        "dvar": 4.41828346252,
        "dvar2": 10.544667244,
        "max": 26.1920127869,
        "mean": 0.995168447495,
        "median": 0.0548298358917,
        "min": -1.70584690571,
        "var": 7.86771821976
    },
    "erbbands_skewness": {
        "dmean": 0.454112619162,
        "dmean2": 0.69004803896,
        "dvar": 0.18568508327,
        "dvar2": 0.400375634432,
        "max": 4.66722583771,
        "mean": 0.796821117401,
        "median": 0.736582517624,
        "min": -1.77907538414,
        "var": 0.675151288509
    },
    "erbbands_spread": {
        "dmean": 12.7424077988,
        "dmean2": 19.1843681335,
        "dvar": 182.049316406,
        "dvar2": 365.417297363,
        "max": 142.185012817,
        "mean": 46.0916557312,
        "median": 42.5511703491,
        "min": 7.26566028595,
        "var": 501.077789307
    },
    "hfc": {
        "dmean": 10.2094545364,
        "dmean2": 15.2714719772,
        "dvar": 274.815093994,
        "dvar2": 654.181091309,
        "max": 311.662658691,
        "mean": 23.8759555817,
        "median": 19.2869186401,
        "min": 1.58077716827,
        "var": 543.079956055
    },
    "melbands_crest": {
        "dmean": 2.78752756119,
        "dmean2": 4.44274663925,
        "dvar": 6.45893907547,
        "dvar2": 16.5652217865,
        "max": 30.5543117523,
        "mean": 14.3285112381,
        "median": 13.6736087799,
        "min": 5.19771432877,
        "var": 19.7333011627
    },
    "melbands_flatness_db": {
        "dmean": 0.0285629536957,
        "dmean2": 0.0393889546394,
        "dvar": 0.000637282733805,
        "dvar2": 0.0011919591343,
        "max": 0.422395408154,
        "mean": 0.236593514681,
        "median": 0.231323197484,
        "min": 0.103501029313,
        "var": 0.00307633262128
    },
    "melbands_kurtosis": {
        "dmean": 9.14789199829,
        "dmean2": 14.1197519302,
        "dvar": 147.985046387,
        "dvar2": 332.640045166,
        "max": 189.320861816,
        "mean": 20.2861442566,
        "median": 14.8799266815,
        "min": -0.704434156418,
        "var": 412.291564941
    },
    "melbands_skewness": {
        "dmean": 0.82408952713,
        "dmean2": 1.25480484962,
        "dvar": 0.625614345074,
        "dvar2": 1.31963467598,
        "max": 11.5920715332,
        "mean": 3.21048426628,
        "median": 3.00210595131,
        "min": -0.33323597908,
        "var": 2.47142553329
    },
    "melbands_spread": {
        "dmean": 4.57274866104,
        "dmean2": 6.75824356079,
        "dvar": 40.614982605,
        "dvar2": 97.6304092407,
        "max": 124.168251038,
        "mean": 14.9731216431,
        "median": 12.7247161865,
        "min": 1.14845502377,
        "var": 108.954559326
    },
    "pitch_salience": {
        "dmean": 0.0675679892302,
        "dmean2": 0.107814334333,
        "dvar": 0.00346378656104,
        "dvar2": 0.00906582269818,
        "max": 0.738467931747,
        "mean": 0.498483896255,
        "median": 0.499598413706,
        "min": 0.121021039784,
        "var": 0.00976936332881
    },
    "silence_rate_20dB": {
        "dmean": 0,
        "dmean2": 0,
        "dvar": 0,
        "dvar2": 0,
        "max": 1,
        "mean": 1,
        "median": 1,
        "min": 1,
        "var": 0
    },
    "silence_rate_30dB": {
        "dmean": 0.0139318881556,
        "dmean2": 0.0278853606433,
        "dvar": 0.0137379290536,
        "dvar2": 0.0317554734647,
        "max": 1,
        "mean": 0.988399088383,
        "median": 1,
        "min": 0,
        "var": 0.0114662647247
    },
    "silence_rate_60dB": {
        "dmean": 0,
        "dmean2": 0,
        "dvar": 0,
        "dvar2": 0,
        "max": 0,
        "mean": 0,
        "median": 0,
        "min": 0,
        "var": 0
    },
    "spectral_centroid": {
        "dmean": 218.193572998,
        "dmean2": 327.372619629,
        "dvar": 56496.53125,
        "dvar2": 124136.898438,
        "max": 2934.82495117,
        "mean": 1016.79449463,
        "median": 922.88269043,
        "min": 254.55770874,
        "var": 250363
    },
    "spectral_complexity": {
        "dmean": 3.05882358551,
        "dmean2": 4.68551492691,
        "dvar": 8.27516269684,
        "dvar2": 19.3141536713,
        "max": 40,
        "mean": 16.363494873,
        "median": 16,
        "min": 4,
        "var": 38.4757118225
    },
    "spectral_decrease": {
        "dmean": 3.18538306843e-09,
        "dmean2": 4.89117102376e-09,
        "dvar": 1.45485518753e-17,
        "dvar2": 3.47014608501e-17,
        "max": -1.21806165154e-09,
        "mean": -1.03780974925e-08,
        "median": -9.02192454078e-09,
        "min": -4.07105531508e-08,
        "var": 3.27889795692e-17
    },
    "spectral_energy": {
        "dmean": 0.0126080717891,
        "dmean2": 0.0192996580154,
        "dvar": 0.000223901937716,
        "dvar2": 0.000534746679477,
        "max": 0.160900294781,
        "mean": 0.0413349717855,
        "median": 0.0359065420926,
        "min": 0.00507911946625,
        "var": 0.000511667109095
    },
    "spectral_energyband_high": {
        "dmean": 0.000771856692154,
        "dmean2": 0.00116362096742,
        "dvar": 2.94932897305e-06,
        "dvar2": 6.99113707014e-06,
        "max": 0.0323385745287,
        "mean": 0.00113304820843,
        "median": 0.000548547308426,
        "min": 4.47542788606e-06,
        "var": 5.0676922001e-06
    },
    "spectral_energyband_low": {
        "dmean": 0.00705769332126,
        "dmean2": 0.0108467200771,
        "dvar": 0.000119851669297,
        "dvar2": 0.000300923536997,
        "max": 0.121026650071,
        "mean": 0.0191343128681,
        "median": 0.0151163451374,
        "min": 0.000775827851612,
        "var": 0.000220865607844
    },
    "spectral_energyband_middle_high": {
        "dmean": 0.0015542730689,
        "dmean2": 0.00236930255778,
        "dvar": 7.0328073889e-06,
        "dvar2": 1.67728649103e-05,
        "max": 0.0328881703317,
        "mean": 0.00389422499575,
        "median": 0.00254427175969,
        "min": 0.000117552379379,
        "var": 1.76084649866e-05
    },
    "spectral_energyband_middle_low": {
        "dmean": 0.00766650494188,
        "dmean2": 0.0118616083637,
        "dvar": 0.000100103003206,
        "dvar2": 0.000237298227148,
        "max": 0.108291037381,
        "mean": 0.0179276503623,
        "median": 0.0139581058174,
        "min": 0.00102699710988,
        "var": 0.000208013269003
    },
    "spectral_entropy": {
        "dmean": 0.254425495863,
        "dmean2": 0.348253369331,
        "dvar": 0.0552832409739,
        "dvar2": 0.0966942608356,
        "max": 8.57486248016,
        "mean": 7.41881561279,
        "median": 7.4094119072,
        "min": 6.04564189911,
        "var": 0.178685709834
    },
    "spectral_flux": {
        "dmean": 0.0269786696881,
        "dmean2": 0.042476374656,
        "dvar": 0.000733195687644,
        "dvar2": 0.00164384639356,
        "max": 0.297847777605,
        "mean": 0.0978501215577,
        "median": 0.0904753878713,
        "min": 0.0195164885372,
        "var": 0.00180739758071
    },
    "spectral_kurtosis": {
        "dmean": 1.73176205158,
        "dmean2": 2.61766934395,
        "dvar": 4.23400020599,
        "dvar2": 9.62260341644,
        "max": 25.6416110992,
        "mean": 4.43653917313,
        "median": 3.85481548309,
        "min": -1.32571077347,
        "var": 9.13833427429
    },
    "spectral_rms": {
        "dmean": 0.000919986050576,
        "dmean2": 0.00138408504426,
        "dvar": 8.60260058744e-07,
        "dvar2": 1.96513087758e-06,
        "max": 0.0125290025026,
        "mean": 0.00613802671432,
        "median": 0.00591867975891,
        "min": 0.00222603650764,
        "var": 2.65140170086e-06
    },
    "spectral_rolloff": {
        "dmean": 374.163482666,
        "dmean2": 649.266601562,
        "dvar": 1026511.625,
        "dvar2": 2444871,
        "max": 10422.0703125,
        "mean": 874.533081055,
        "median": 538.330078125,
        "min": 86.1328125,
        "var": 1576518.125
    },
    "spectral_skewness": {
        "dmean": 0.249813228846,
        "dmean2": 0.36562114954,
        "dvar": 0.0622607208788,
        "dvar2": 0.129122167826,
        "max": 3.81434750557,
        "mean": 1.73178970814,
        "median": 1.6778485775,
        "min": 0.182939589024,
        "var": 0.210492476821
    },
    "spectral_spread": {
        "dmean": 1215166.625,
        "dmean2": 1682840.5,
        "dvar": 1.86877201613e+12,
        "dvar2": 3.35107037594e+12,
        "max": 19696536,
        "mean": 5682125.5,
        "median": 5125842,
        "min": 2207447.75,
        "var": 4.6631920599e+12
    },
    "spectral_strongpeak": {
        "dmean": 0.542657256126,
        "dmean2": 0.91722792387,
        "dvar": 0.762267291546,
        "dvar2": 1.82514047623,
        "max": 6.71908664703,
        "mean": 0.836699962616,
        "median": 0.40322715044,
        "min": 0.0457155518234,
        "var": 1.0186394453
    },
    "zerocrossingrate": {
        "dmean": 0.013439072296,
        "dmean2": 0.0160391498357,
        "dvar": 0.000210601749131,
        "dvar2": 0.000273579469649,
        "max": 0.26220703125,
        "mean": 0.0522287227213,
        "median": 0.04638671875,
        "min": 0.0048828125,
        "var": 0.000939963501878
    },
    "barkbands": {
        "dmean": [0.000138408475323, 0.00598741555586, 0.0017165557947, 0.000828474585433, 0.00283553241752, 0.00232922122814, 0.00177521142177, 0.00227801618166, 0.00108449114487, 0.000826543953735, 0.000273105688393, 0.000423879304435, 0.000164848504937, 0.000216464628465, 0.000222589515033, 0.000158494658535, 0.000179434457095, 0.000146697624587, 0.000158388618729, 0.000105185914435, 8.86768466444e-05, 5.85086090723e-05, 9.84202124528e-05, 0.000227623328101, 0.000244471855694, 0.000114446636871, 3.60371998909e-09],
        "dmean2": [0.000234340550378, 0.00908997096121, 0.00288177467883, 0.00135622837115, 0.00464237853885, 0.00355266104452, 0.00278842658736, 0.00363550358452, 0.00169794156682, 0.00134068098851, 0.00042003422277, 0.000650735222735, 0.00027298196801, 0.000339351827279, 0.000371283793356, 0.000259590684436, 0.000290930416668, 0.000225175477681, 0.000242104186327, 0.000171810534084, 0.000140840158565, 9.12049872568e-05, 0.000156908543431, 0.000334974465659, 0.000390303990571, 0.000187283279956, 4.85663109728e-09],
        "dvar": [3.92388521675e-08, 9.60382312769e-05, 9.93689172901e-06, 1.57628346642e-06, 1.60187591973e-05, 2.13628027268e-05, 2.50645025517e-05, 3.92376678064e-05, 1.05359740701e-05, 7.45343731978e-06, 4.75330864447e-07, 1.88982221516e-06, 1.3146427591e-07, 2.88095861833e-07, 1.63486802762e-07, 9.70868967443e-08, 1.57708626602e-07, 9.93163027374e-08, 8.80357617916e-08, 3.77599640444e-08, 2.84604677603e-08, 1.37172353476e-08, 5.41464757475e-08, 6.98957478562e-07, 2.93927882922e-07, 6.23541396294e-08, 4.26004251745e-15],
        "dvar2": [1.00443145357e-07, 0.000235993007664, 2.48604665103e-05, 3.74971637029e-06, 4.02580735681e-05, 4.30375439464e-05, 6.88365689712e-05, 9.48913002503e-05, 2.4031400244e-05, 1.78826649062e-05, 9.46433544868e-07, 4.90566526423e-06, 3.10796821168e-07, 6.83344865138e-07, 4.10956687347e-07, 2.55586769526e-07, 4.24302612601e-07, 2.08591686146e-07, 2.0918415089e-07, 9.64952633353e-08, 6.42479847102e-08, 3.32083232024e-08, 1.38643258651e-07, 1.63375580087e-06, 6.85741156303e-07, 1.63841704648e-07, 4.2641675679e-15],
        "max": [0.00238932482898, 0.108998760581, 0.0364648886025, 0.0290074273944, 0.0621383935213, 0.0711529701948, 0.0956010892987, 0.0735507011414, 0.0456181876361, 0.0526435784996, 0.0110937636346, 0.0202731061727, 0.00516619952396, 0.00905064865947, 0.00526523496956, 0.00372035172768, 0.00512581737712, 0.00742956902832, 0.00398598471656, 0.00280808657408, 0.00224954425357, 0.00213974202052, 0.00380843505263, 0.0195397362113, 0.00964785646647, 0.00370687106624, 2.3164857339e-06],
        "mean": [0.000310649484163, 0.0142808221281, 0.00392374116927, 0.00162104319315, 0.0053000189364, 0.00381192658097, 0.00264198053628, 0.00287005957216, 0.0014012263855, 0.00101682415698, 0.000404548336519, 0.000578208419029, 0.000236393767409, 0.000317508034641, 0.000320360268233, 0.000250448618317, 0.000287672795821, 0.000274972466286, 0.000285941699985, 0.00018031183572, 0.000134388988954, 8.44170135679e-05, 0.000123887308291, 0.000320458435453, 0.000251837540418, 0.000105331571831, 3.34671823587e-09],
        "median": [0.000208419412957, 0.00957995280623, 0.00292600877583, 0.00089460646268, 0.00381517736241, 0.00182501727249, 0.000861776294187, 0.000377389864298, 0.000380485493224, 0.000266726478003, 0.000120237629744, 0.000175664710696, 9.86018276308e-05, 9.02548272279e-05, 0.0001503914973, 0.000102260666608, 0.000121868972201, 0.00011025868298, 0.000138560018968, 9.78018433671e-05, 4.21111799369e-05, 3.76290154236e-05, 5.34329956281e-05, 0.000104463935713, 5.26321491634e-05, 1.95669854293e-05, 5.36005073659e-10],
        "min": [3.41284362548e-07, 2.96827020065e-05, 1.46236234286e-05, 2.55667418969e-06, 3.78438453481e-05, 1.04477021523e-05, 6.98832354828e-06, 4.39053519585e-06, 3.11460394187e-06, 4.34269850302e-06, 1.22356959764e-06, 3.04218224301e-06, 1.83706367807e-06, 2.7357395993e-06, 1.98131237994e-06, 6.27606027592e-07, 2.33620835388e-06, 1.69835766428e-06, 2.38744155467e-06, 1.29707746055e-06, 6.07770630268e-07, 3.74281142967e-07, 1.72680202581e-07, 2.13001015936e-07, 2.25959723821e-07, 4.47509557189e-10, 1.9086831074e-11],
        "var": [8.94893901204e-08, 0.000190342921996, 1.56210262503e-05, 5.26185249328e-06, 2.80110889435e-05, 4.35145229858e-05, 3.8896821934e-05, 4.8278743634e-05, 1.39029061756e-05, 7.94648804003e-06, 1.04087746422e-06, 2.83667668555e-06, 1.79061217409e-07, 4.97001110489e-07, 2.79530325997e-07, 1.79502279707e-07, 2.53846167197e-07, 2.91605431357e-07, 1.80962643981e-07, 6.49853788559e-08, 5.65032749478e-08, 1.87997795109e-08, 6.71816877684e-08, 1.19982928481e-06, 4.14663503534e-07, 5.57855024397e-08, 4.26427852922e-15]
    },
    "erbbands": {
        "dmean": [0.172424986959, 1.40614461899, 2.18392181396, 2.08590435982, 6.09367179871, 11.1029968262, 17.5592079163, 19.081823349, 22.2865009308, 32.4920806885, 49.1724205017, 23.9823913574, 25.1598339081, 17.5419273376, 12.2795534134, 16.8257236481, 7.26935911179, 8.64654636383, 11.5785150528, 9.68374824524, 7.77441310883, 9.78884220123, 7.23627662659, 8.69721412659, 5.14165210724, 4.75412654877, 4.90351247787, 1.87573039532, 1.98944115639, 2.37524485588, 3.0768456459, 4.36700439453, 4.07359218597, 2.75257372856, 1.7309896946, 0.69692337513, 0.178806275129, 0.0137360394001, 0.000271034310572, 2.71402786893e-05],
        "dmean2": [0.262994945049, 2.12841105461, 3.66780543327, 3.47953009605, 9.64087677002, 18.4599876404, 27.2302570343, 28.7462005615, 34.5558929443, 51.1145133972, 76.8852157593, 36.9453430176, 38.8932647705, 27.9433765411, 19.0901317596, 25.8025054932, 11.6236581802, 13.5538129807, 18.5902137756, 16.300863266, 12.2794742584, 15.7180871964, 10.9009437561, 13.5530691147, 7.82951831818, 7.56633234024, 7.72661113739, 2.98954916, 3.18024659157, 3.65968418121, 4.95360517502, 6.83630657196, 5.93441772461, 4.29662799835, 2.82118153572, 1.15288066864, 0.289447665215, 0.0230951886624, 0.000447454600362, 4.20958604082e-05],
        "dvar": [0.0675328150392, 5.58058547974, 14.7381210327, 11.0762052536, 79.5355606079, 322.465087891, 988.969604492, 2291.19042969, 5043.59130859, 8019.62207031, 20148.7246094, 5070.94335938, 9529.52246094, 2021.85083008, 1049.2109375, 3781.58618164, 197.458892822, 525.538574219, 518.576171875, 334.163665771, 223.944763184, 515.09375, 218.256866455, 327.242675781, 80.3691635132, 76.5936126709, 95.2405471802, 16.8248920441, 16.9681663513, 23.9436035156, 73.7302322388, 256.99621582, 217.362442017, 53.9129180908, 12.1085453033, 2.44080257416, 0.130499914289, 0.000847293413244, 3.005395115e-07, 1.51946555338e-09],
        "dvar2": [0.163177013397, 14.2321872711, 40.372959137, 27.4925899506, 192.111740112, 794.291015625, 2018.77148438, 4335.32226562, 13485.5341797, 19400.9472656, 46807.7421875, 11169.3896484, 21123.3417969, 5180.37792969, 2448.2878418, 9874.640625, 478.02557373, 1182.9309082, 1238.51306152, 861.00177002, 569.666992188, 1347.4239502, 473.552764893, 782.90411377, 166.774261475, 190.638656616, 212.586471558, 43.0221366882, 42.6302871704, 58.3867874146, 196.598220825, 629.883178711, 491.154205322, 120.455070496, 30.2835712433, 6.40127658844, 0.334499567747, 0.0022171898745, 7.77664808993e-07, 3.79641074133e-09],
        "max": [2.90458106995, 26.0100231171, 41.6956253052, 46.3278961182, 131.112243652, 305.290618896, 638.318359375, 905.767211914, 1241.51940918, 1454.64135742, 2058.9309082, 947.778015137, 2036.37561035, 982.254638672, 509.676147461, 1011.97717285, 244.358276367, 345.209686279, 397.902008057, 366.262481689, 254.597457886, 352.211669922, 262.778991699, 248.294372559, 132.544967651, 147.928573608, 158.048538208, 64.2788314819, 70.2947692871, 91.5278015137, 160.298812866, 389.322845459, 347.878204346, 158.466583252, 39.2409667969, 24.4557056427, 4.20765304565, 0.309592157602, 0.00520263519138, 0.000522211368661],
        "mean": [0.40389713645, 3.21492862701, 5.20041751862, 4.59058427811, 11.2720727921, 17.6880264282, 28.3621959686, 30.6173782349, 34.8620491028, 46.9494743347, 64.5124282837, 33.7316513062, 31.7855854034, 25.2057266235, 18.9183425903, 23.2921543121, 11.806804657, 13.4991159439, 18.2917251587, 16.3818321228, 13.6138143539, 17.2237224579, 15.4519691467, 16.6760921478, 10.5551319122, 8.68793582916, 9.04825973511, 2.63684725761, 2.92593836784, 3.23659777641, 3.86308288574, 6.39580631256, 5.15721464157, 2.99847888947, 1.66954958439, 0.640294551849, 0.16729812324, 0.011840429157, 0.000265500217211, 6.37777047814e-05],
        "median": [0.283432692289, 2.12419223785, 4.07662725449, 2.8926076889, 7.01858949661, 11.0002164841, 13.9138307571, 13.2014331818, 15.7604923248, 12.6176614761, 11.0361413956, 9.52041816711, 10.0640487671, 9.43476581573, 7.11154127121, 7.40397405624, 5.67627429962, 4.96189689636, 7.279047966, 7.22098779678, 6.63753986359, 7.36708116531, 7.07722520828, 7.90405797958, 5.89614200592, 5.03608989716, 2.66185212135, 1.2931098938, 1.25379765034, 1.38596904278, 1.66376721859, 2.3574180603, 1.32676458359, 0.656203210354, 0.353569447994, 0.122977212071, 0.0309292264283, 0.00175277271774, 6.55005787848e-05, 4.99365123687e-05],
        "min": [0.000672498601489, 0.00833902601153, 0.108631752431, 0.103694856167, 0.156716704369, 0.189711004496, 0.335579276085, 0.361423552036, 0.329944401979, 0.275938510895, 0.144387751818, 0.289659231901, 0.253026485443, 0.201203197241, 0.115664497018, 0.251632511616, 0.177680447698, 0.156805485487, 0.211466804147, 0.122442647815, 0.0386084653437, 0.127942025661, 0.0999915748835, 0.132263600826, 0.091520935297, 0.0559551417828, 0.0364985056221, 0.030879586935, 0.0160372387618, 0.00704259146005, 0.00624947808683, 0.00331748044118, 0.00459168618545, 0.00254790345207, 0.00168133538682, 0.000118526229926, 3.21923398587e-05, 2.41353495767e-06, 4.27278109782e-06, 6.66901087243e-06],
        "var": [0.149144053459, 10.1854143143, 19.9990329742, 26.8837451935, 164.780471802, 496.150512695, 2079.01928711, 4545.76708984, 6540.12695312, 13277.1894531, 26898.7558594, 7537.49121094, 10231.8886719, 2682.17456055, 1669.7376709, 5487.70605469, 322.657440186, 914.02331543, 964.16973877, 747.963623047, 461.699645996, 928.540100098, 685.378845215, 664.242919922, 213.879104614, 144.61428833, 255.611557007, 17.6583499908, 22.9601535797, 33.3564720154, 78.663848877, 348.968200684, 404.230072021, 85.5355987549, 14.168305397, 2.24683833122, 0.120124869049, 0.000683682854287, 2.62031988996e-07, 2.28148655523e-09]
    },
    "gfcc": {
        "mean": [26.2440929413, 98.1425704956, -86.9304275513, 38.0224990845, -56.8170814514, 20.0937099457, -43.7429504395, 23.064447403, -24.6038951874, 6.42280864716, -9.29959201813, 2.83594918251, -7.43188858032],
        "cov": [[2076.37719727, -956.532226562, -135.319595337, -64.9359130859, -200.073928833, 77.6094818115, -82.7148971558, 216.504516602, -73.5853042603, 105.263397217, -148.293960571, 2.52622866631, -85.0716934204], [-956.532226562, 957.876647949, -223.321792603, -4.90280008316, 131.135238647, -123.12625885, 120.653785706, -155.53805542, 119.83731842, -121.353240967, 96.254447937, -79.8007888794, 54.0047111511], [-135.319595337, -223.321792603, 512.910095215, -25.3341579437, -24.7000789642, 61.7922477722, -67.5904388428, -11.8984909058, -52.592956543, 64.0524902344, -52.897277832, 98.0961685181, -38.276599884], [-64.9359130859, -4.90280008316, -25.3341579437, 208.265289307, 26.6990642548, -34.6560401917, -15.0042362213, -7.38730621338, 17.6877994537, -47.8631591797, 23.603723526, -10.2171201706, 48.6688919067], [-200.073928833, 131.135238647, -24.7000789642, 26.6990642548, 188.373886108, -16.1553382874, 5.3934006691, -20.783575058, -2.93925523758, -10.3212327957, -21.0731277466, 3.18831562996, 17.1101551056], [77.6094818115, -123.12625885, 61.7922477722, -34.6560401917, -16.1553382874, 166.732940674, 44.8017654419, 1.67298972607, -29.2875537872, 14.112080574, 2.24924898148, -14.1692581177, -10.0988864899], [-82.7148971558, 120.653785706, -67.5904388428, -15.0042362213, 5.3934006691, 44.8017654419, 135.328643799, -16.3462619781, -1.63303494453, -13.6756954193, 13.6696949005, -29.064912796, 0.419737815857], [216.504516602, -155.53805542, -11.8984909058, -7.38730621338, -20.783575058, 1.67298972607, -16.3462619781, 121.14705658, 23.1304702759, 4.01754713058, -13.9111251831, -0.432780504227, -6.78040504456], [-73.5853042603, 119.83731842, -52.592956543, 17.6877994537, -2.93925523758, -29.2875537872, -1.63303494453, 23.1304702759, 129.903823853, -7.93394804001, 4.0419883728, -15.2030677795, -3.64636278152], [105.263397217, -121.353240967, 64.0524902344, -47.8631591797, -10.3212327957, 14.112080574, -13.6756954193, 4.01754713058, -7.93394804001, 105.352409363, -4.29894781113, 10.8112945557, -24.625497818], [-148.293960571, 96.254447937, -52.897277832, 23.603723526, -21.0731277466, 2.24924898148, 13.6696949005, -13.9111251831, 4.0419883728, -4.29894781113, 126.657958984, -3.02300429344, 20.845911026], [2.52622866631, -79.8007888794, 98.0961685181, -10.2171201706, 3.18831562996, -14.1692581177, -29.064912796, -0.432780504227, -15.2030677795, 10.8112945557, -3.02300429344, 104.757209778, 1.7699252367], [-85.0716934204, 54.0047111511, -38.276599884, 48.6688919067, 17.1101551056, -10.0988864899, 0.419737815857, -6.78040504456, -3.64636278152, -24.625497818, 20.845911026, 1.7699252367, 96.7405700684]],
        "icov": [[0.00139692262746, 0.00138354348019, 0.00115540449042, 0.000282078428427, 0.000673599541187, 9.37363147386e-05, 8.93229480425e-06, -0.00033159981831, 7.88016131992e-06, -0.000179843889782, 0.00101932929829, 1.92170523405e-06, 0.000373515154934], [0.00138354348019, 0.00781648792326, -0.000134034300572, 0.00502158002928, -0.00338721694425, 0.0057328492403, -0.00460192002356, 0.00702289678156, -0.00626455387101, 0.00649519544095, -0.00387767609209, 0.00450679333881, -0.00184606551193], [0.00115540449042, -0.000134034300572, 0.00447732815519, -0.0013463718351, 0.00182062480599, -0.00270258053206, 0.0022529035341, -0.00104336778168, 0.00177472073119, -0.00275699235499, 0.00306391390041, -0.00365105108358, 0.00162435148377], [0.000282078428427, 0.00502158002928, -0.0013463718351, 0.00994314160198, -0.00357452826574, 0.0051167360507, -0.00265341065824, 0.00541776465252, -0.00529116205871, 0.00726846884936, -0.00452436786145, 0.00455491337925, -0.00399022828788], [0.000673599541187, -0.00338721694425, 0.00182062480599, -0.00357452826574, 0.00874081626534, -0.00325656682253, 0.00255699455738, -0.00370964687318, 0.00406992156059, -0.00447599869221, 0.0051183574833, -0.0034759552218, 0.000819584296551], [9.37363147386e-05, 0.0057328492403, -0.00270258053206, 0.0051167360507, -0.00325656682253, 0.0130242193118, -0.00703258020803, 0.00547908525914, -0.00408288557082, 0.00565481651574, -0.00491675361991, 0.00604557665065, -0.00217681494541], [8.93229480425e-06, -0.00460192002356, 0.0022529035341, -0.00265341065824, 0.00255699455738, -0.00703258020803, 0.0129688885063, -0.00383025570773, 0.0043070842512, -0.00374197075143, 0.00304421479814, -0.00225367513485, 0.00188708805945], [-0.00033159981831, 0.00702289678156, -0.00104336778168, 0.00541776465252, -0.00370964687318, 0.00547908525914, -0.00383025570773, 0.017664834857, -0.00880978722125, 0.00735838338733, -0.00448878388852, 0.00460132258013, -0.0024436051026], [7.88016131992e-06, -0.00626455387101, 0.00177472073119, -0.00529116205871, 0.00406992156059, -0.00408288557082, 0.0043070842512, -0.00880978722125, 0.0148478168994, -0.00647563766688, 0.00452767452225, -0.00356614333577, 0.00308684096672], [-0.000179843889782, 0.00649519544095, -0.00275699235499, 0.00726846884936, -0.00447599869221, 0.00565481651574, -0.00374197075143, 0.00735838338733, -0.00647563766688, 0.0187044404447, -0.00618052249774, 0.00510210590437, -0.000861992419232], [0.00101932929829, -0.00387767609209, 0.00306391390041, -0.00452436786145, 0.0051183574833, -0.00491675361991, 0.00304421479814, -0.00448878388852, 0.00452767452225, -0.00618052249774, 0.0137248216197, -0.00460148183629, 0.000527253432665], [1.92170523405e-06, 0.00450679333881, -0.00365105108358, 0.00455491337925, -0.0034759552218, 0.00604557665065, -0.00225367513485, 0.00460132258013, -0.00356614333577, 0.00510210590437, -0.00460148183629, 0.0160299316049, -0.00280953198671], [0.000373515154934, -0.00184606551193, 0.00162435148377, -0.00399022828788, 0.000819584296551, -0.00217681494541, 0.00188708805945, -0.0024436051026, 0.00308684096672, -0.000861992419232, 0.000527253432665, -0.00280953198671, 0.0136291263625]]
    },
    "melbands": {
        "dmean": [0.00160973914899, 0.00135561206844, 0.000453003507573, 0.000582846812904, 0.00058493897086, 0.000424342812039, 0.000353089737473, 0.000381153658964, 0.000379294768209, 0.000144655641634, 0.000129739826662, 7.89872865425e-05, 4.08211708418e-05, 5.26715812157e-05, 2.55503327935e-05, 1.53208839038e-05, 1.72514701262e-05, 2.09076642932e-05, 1.49569887071e-05, 1.18350008051e-05, 9.26338634599e-06, 1.01222331068e-05, 9.19958620216e-06, 7.42284146327e-06, 7.86884993431e-06, 5.69997473576e-06, 2.88286423711e-06, 3.59845785169e-06, 3.91752291762e-06, 1.54632721205e-06, 1.08828601242e-06, 1.10592918645e-06, 1.28414126266e-06, 1.39277813105e-06, 1.69689371887e-06, 2.25342955673e-06, 2.9767641081e-06, 2.87828197543e-06, 2.92103504762e-06, 2.21803247769e-06],
        "dmean2": [0.00243466068059, 0.00217908015475, 0.000732149172109, 0.000945901148953, 0.00090201216517, 0.000637130404357, 0.000544345588423, 0.000599046470597, 0.000585400150158, 0.000228183460422, 0.000202475566766, 0.00012773128401, 6.27284680377e-05, 8.10734054539e-05, 4.06370927521e-05, 2.51379351539e-05, 2.68469211733e-05, 3.31666160491e-05, 2.46949184657e-05, 1.97900990315e-05, 1.43347233461e-05, 1.65195706359e-05, 1.4301614101e-05, 1.16169812827e-05, 1.25128963191e-05, 8.66871869221e-06, 4.59825196231e-06, 5.82997427045e-06, 6.21895151198e-06, 2.41990528593e-06, 1.8042735519e-06, 1.79695121005e-06, 1.98945781449e-06, 2.18293689613e-06, 2.77256685877e-06, 3.60069248018e-06, 4.66029860036e-06, 4.26131100539e-06, 4.52817675978e-06, 3.56448663297e-06],
        "dvar": [6.5809276748e-06, 5.11013286086e-06, 3.94904276391e-07, 7.22007939657e-07, 9.00996667497e-07, 1.00629506505e-06, 1.15211105367e-06, 1.06075765416e-06, 1.25786993976e-06, 2.14558056655e-07, 2.3939003313e-07, 4.0205229368e-08, 1.10746452009e-08, 2.68025477368e-08, 5.6509463775e-09, 1.15488163477e-09, 2.26481056131e-09, 2.00151051288e-09, 8.26455515135e-10, 5.78070313839e-10, 3.64123481367e-10, 5.71893643553e-10, 3.57395418815e-10, 3.13798181883e-10, 3.0024513431e-10, 1.14065062951e-10, 2.85541989359e-11, 4.7050672386e-11, 7.04170818877e-11, 7.95498476119e-12, 7.46261819701e-12, 5.61695438425e-12, 6.43372247838e-12, 8.84676446683e-12, 2.01039861841e-11, 5.43695852229e-11, 1.22763327282e-10, 1.40770756163e-10, 9.51186837628e-11, 3.21693435779e-11],
        "dvar2": [1.54007811943e-05, 1.41512755363e-05, 9.33458466079e-07, 1.94880999516e-06, 1.86679335457e-06, 1.97090867005e-06, 3.1687009141e-06, 2.59247553913e-06, 2.90230741484e-06, 4.91295224947e-07, 5.30977274593e-07, 1.01424710408e-07, 2.29736691892e-08, 6.70350956966e-08, 1.5130703801e-08, 2.74208789008e-09, 4.98484453715e-09, 4.79678075038e-09, 2.16125695118e-09, 1.57771040676e-09, 8.44320280358e-10, 1.48511736242e-09, 7.56107454425e-10, 7.94669052784e-10, 7.26727011902e-10, 2.45968578838e-10, 6.67406477306e-11, 1.22100163313e-10, 1.59444304981e-10, 1.88181362853e-11, 1.98781824334e-11, 1.45488395636e-11, 1.53178424805e-11, 2.1917327328e-11, 5.38408519157e-11, 1.41001044174e-10, 3.00468400161e-10, 3.27860322225e-10, 2.20271176299e-10, 7.42035530243e-11],
        "max": [0.0278828609735, 0.0267291571945, 0.011094304733, 0.012132207863, 0.0185003746301, 0.0175277385861, 0.0204426497221, 0.0142411077395, 0.0165076944977, 0.00733467936516, 0.0101462127641, 0.0040672053583, 0.00170501077082, 0.00228725234047, 0.00116172200069, 0.000478072150145, 0.000831859768368, 0.000872991222423, 0.000367090571672, 0.000313561846269, 0.000331313844072, 0.000403884740081, 0.000362447433872, 0.000401294382755, 0.000241736750468, 0.000186353499885, 7.33494598535e-05, 0.000115859926154, 0.000108813721454, 3.9810573071e-05, 4.18644340243e-05, 3.18680904456e-05, 5.23896269442e-05, 5.02893890371e-05, 7.99721165095e-05, 0.000145067780977, 0.000276255159406, 0.000287713395664, 0.000191499231732, 0.000120273427456],
        "mean": [0.00389726273715, 0.00331138446927, 0.00102172966581, 0.00102830724791, 0.00096907367697, 0.000692700385116, 0.000547506671865, 0.000533354235813, 0.000494554347824, 0.00019165489357, 0.000159991614055, 0.000108640735561, 6.08517657383e-05, 7.18788724043e-05, 3.55349475285e-05, 2.33336340898e-05, 2.47587177e-05, 3.11399053317e-05, 2.16596235987e-05, 1.86325614777e-05, 1.49796142068e-05, 1.64522207342e-05, 1.66105601238e-05, 1.33140147227e-05, 1.37346887641e-05, 1.02622852864e-05, 4.92953449793e-06, 5.87088470638e-06, 6.93224092174e-06, 2.41824318437e-06, 1.23804773011e-06, 1.51218569044e-06, 1.8490252387e-06, 1.78333164058e-06, 1.99181863536e-06, 3.01053296425e-06, 4.18841773353e-06, 3.66179642697e-06, 3.15480451718e-06, 2.32431671066e-06],
        "median": [0.00255895592272, 0.00268891104497, 0.000688263215125, 0.000708802661393, 0.000535708561074, 0.000304524495732, 0.00022708279721, 0.000125223392388, 7.34534769435e-05, 5.24780480191e-05, 4.4808126404e-05, 3.74173287128e-05, 2.00740414584e-05, 2.12644754356e-05, 1.37430806717e-05, 1.00399256553e-05, 7.75080025051e-06, 1.01389368865e-05, 9.54227471084e-06, 7.67977508076e-06, 6.32972523817e-06, 6.42785471427e-06, 6.84359292791e-06, 5.00279793414e-06, 5.61830438528e-06, 4.89972080686e-06, 2.55023178397e-06, 3.00971214529e-06, 1.78582774879e-06, 8.51614800013e-07, 4.59718904722e-07, 6.10023732861e-07, 7.60310513215e-07, 6.87751821715e-07, 7.7421810829e-07, 1.19113826713e-06, 1.4194221194e-06, 8.86481871021e-07, 5.95304697981e-07, 4.86594842641e-07],
        "min": [6.47429351375e-06, 2.18979257625e-05, 7.6755113696e-06, 1.08027188617e-05, 8.60224190546e-06, 1.41715793234e-06, 5.30668739884e-06, 8.79789070041e-07, 7.06301875653e-07, 1.10232667794e-06, 1.06503989628e-06, 3.96523773816e-07, 2.69001986908e-07, 5.33214063125e-07, 3.98562633563e-07, 2.02779531833e-07, 2.84808493234e-07, 2.122535534e-07, 1.66348712582e-07, 7.15394250506e-08, 3.87450320716e-08, 1.09900938128e-07, 1.06067936656e-07, 7.67077068531e-08, 9.31248891334e-08, 8.56671391603e-08, 2.81932095447e-08, 2.69757407523e-08, 2.25211387317e-08, 1.23325119006e-08, 4.20664392209e-10, 3.15552650676e-09, 7.12155134863e-09, 2.1127217753e-09, 3.09794057074e-09, 1.18215248701e-09, 1.3978449509e-09, 2.83652590305e-09, 8.40163771887e-10, 2.38837338795e-10],
