{
"highlevel": {
    "danceability": {
        "all": {
            "danceable": 0.0341000407934,
            "not_danceable": 0.965899944305
        },
        "probability": 0.965899944305,
        "value": "not_danceable"
    },
    "gender": {
        "all": {
            "female": 0.0809760317206,
            "male": 0.919023990631
        },
        "probability": 0.919023990631,
        "value": "male"
    },
    "genre_dortmund": {
        "all": {
            "alternative": 0.106146559119,
            "blues": 0.184164956212,
            "electronic": 0.0635697245598,
            "folkcountry": 0.0888783410192,
            "funksoulrnb": 0.0375399142504,
            "jazz": 0.0611944049597,
            "pop": 0.0451263338327,
            "raphiphop": 0.0153303118423,
            "rock": 0.39804944396
        },
        "probability": 0.39804944396,
        "value": "rock"
    },
    "genre_electronic": {
        "all": {
            "ambient": 0.253064513206,
            "dnb": 0.0704623311758,
            "house": 0.0312444120646,
            "techno": 0.00722419843078,
            "trance": 0.638004541397
        },
        "probability": 0.638004541397,
        "value": "trance"
    },
    "genre_rosamerica": {
        "all": {
            "cla": 0.0177822075784,
            "dan": 0.0085204904899,
            "hip": 0.00578107405454,
            "jaz": 0.00594875728711,
            "pop": 0.0466408617795,
            "rhy": 0.00459809554741,
            "roc": 0.908416688442,
            "spe": 0.00231180666015
        },
        "probability": 0.908416688442,
        "value": "roc"
    },
    "genre_tzanetakis": {
        "all": {
            "blu": 0.0626613423228,
            "cla": 0.0348169617355,
            "cou": 0.104475811124,
            "dis": 0.0784321576357,
            "hip": 0.15692435205,
            "jaz": 0.313974827528,
            "met": 0.0448166541755,
            "pop": 0.0627359300852,
            "reg": 0.0627360641956,
            "roc": 0.0784258767962
        },
        "probability": 0.313974827528,
        "value": "jaz"
    },
    "ismir04_rhythm": {
        "all": {
            "ChaChaCha": 0.105787239969,
            "Jive": 0.833273530006,
            "Quickstep": 0.00710069062188,
            "Rumba-American": 0.00174583413173,
            "Rumba-International": 0.00264145503752,
            "Rumba-Misc": 0.0016956331674,
            "Samba": 0.0158847440034,
            "Tango": 0.00398583523929,
            "VienneseWaltz": 0.0273394361138,
            "Waltz": 0.000545615213923
        },
        "probability": 0.833273530006,
        "value": "Jive"
    },
    "mood_acoustic": {
        "all": {
            "acoustic": 0.0118656549603,
            "not_acoustic": 0.988134324551
        },
        "probability": 0.988134324551,
        "value": "not_acoustic"
    },
    "mood_aggressive": {
        "all": {
            "aggressive": 0.92741805315,
            "not_aggressive": 0.072581961751
        },
        "probability": 0.92741805315,
        "value": "aggressive"
    },
    "mood_electronic": {
        "all": {
            "electronic": 0.506769478321,
            "not_electronic": 0.493230551481
        },
        "probability": 0.506769478321,
        "value": "electronic"
    },
    "mood_happy": {
        "all": {
            "happy": 0.565682828426,
            "not_happy": 0.434317171574
        },
        "probability": 0.565682828426,
        "value": "happy"
    },
    "mood_party": {
        "all": {
            "not_party": 0.19322642684,
            "party": 0.806773543358
        },
        "probability": 0.806773543358,
        "value": "party"
    },
    "mood_relaxed": {
        "all": {
            "not_relaxed": 0.936324477196,
            "relaxed": 0.0636755526066
        },
        "probability": 0.936324477196,
        "value": "not_relaxed"
    },
    "mood_sad": {
        "all": {
            "not_sad": 0.986151874065,
            "sad": 0.0138481333852
        },
        "probability": 0.986151874065,
        "value": "not_sad"
    },
    "moods_mirex": {
        "all": {
            "Cluster1": 0.447485804558,
            "Cluster2": 0.0693580135703,
            "Cluster3": 0.0173353776336,
            "Cluster4": 0.0706943646073,
            "Cluster5": 0.39512643218
        },
        "probability": 0.447485804558,
        "value": "Cluster1"
    },
    "timbre": {
        "all": {
            "bright": 0.321135491133,
            "dark": 0.67886453867
        },
        "probability": 0.67886453867,
        "value": "dark"
    },
    "tonal_atonal": {
        "all": {
            "atonal": 0.115401238203,
            "tonal": 0.884598731995
        },
        "probability": 0.884598731995,
        "value": "tonal"
    },
    "voice_instrumental": {
        "all": {
            "instrumental": 0.000714697234798,
            "voice": 0.999285280704
        },
        "probability": 0.999285280704,
        "value": "voice"
    }
},
"lowlevel": {
    "average_loudness": 0.974610388279,
    "barkbands_crest": {
        "dmean": 2.35582637787,
        "dmean2": 3.76491951942,
        "dvar": 4.85237312317,
        "dvar2": 11.6840438843,
        "max": 24.038608551,
        "mean": 7.60680770874,
        "median": 6.72550773621,
        "min": 2.17334055901,
        "var": 11.930644989
    },
    "barkbands_flatness_db": {
        "dmean": 0.0166100282222,
        "dmean2": 0.0257134791464,
        "dvar": 0.000257303909166,
        "dvar2": 0.000599583378062,
        "max": 0.34560239315,
        "mean": 0.122053481638,
        "median": 0.115966595709,
        "min": 0.0632335618138,
        "var": 0.00109483825509
    },
    "barkbands_kurtosis": {
        "dmean": 1.68171596527,
        "dmean2": 2.7110888958,
        "dvar": 45.6073722839,
        "dvar2": 115.702133179,
        "max": 137.481201172,
        "mean": 0.97463965416,
        "median": -0.595972776413,
        "min": -1.78727173805,
        "var": 62.5547981262
    },
    "barkbands_skewness": {
        "dmean": 0.448284953833,
        "dmean2": 0.688348114491,
        "dvar": 0.328129589558,
        "dvar2": 0.787081599236,
        "max": 10.42786026,
        "mean": 0.709295153618,
        "median": 0.503318548203,
        "min": -1.64649307728,
        "var": 1.10219490528
    },
    "barkbands_spread": {
        "dmean": 5.46952581406,
        "dmean2": 8.10192298889,
        "dvar": 24.9427242279,
        "dvar2": 56.1741142273,
        "max": 63.4258041382,
        "mean": 29.2605285645,
        "median": 29.1779937744,
        "min": 1.19101524353,
        "var": 98.6764755249
    },
    "dissonance": {
        "dmean": 0.0116987209767,
        "dmean2": 0.0197569429874,
        "dvar": 0.00012725245324,
        "dvar2": 0.000326686335029,
        "max": 0.49991646409,
        "mean": 0.480565816164,
        "median": 0.484567940235,
        "min": 0.38295263052,
        "var": 0.000236102801864
    },
    "dynamic_complexity": 1.81964075565,
    "erbbands_crest": {
        "dmean": 2.30218839645,
        "dmean2": 3.74732899666,
        "dvar": 4.58517313004,
        "dvar2": 11.6821231842,
        "max": 21.8158740997,
        "mean": 7.64857625961,
        "median": 6.9366645813,
        "min": 2.6542198658,
        "var": 10.6064596176
    },
    "erbbands_flatness_db": {
        "dmean": 0.0147215025499,
        "dmean2": 0.0204250365496,
        "dvar": 0.000148476072354,
        "dvar2": 0.000296003563562,
        "max": 0.282821327448,
        "mean": 0.173025131226,
        "median": 0.172439068556,
        "min": 0.0986813679338,
        "var": 0.000793452782091
    },
    "erbbands_kurtosis": {
        "dmean": 0.562611699104,
        "dmean2": 0.887598693371,
        "dvar": 0.385942012072,
        "dvar2": 0.851199388504,
        "max": 9.0492143631,
        "mean": -0.159419730306,
        "median": -0.388640165329,
        "min": -1.6134377718,
        "var": 0.97130715847
    },
    "erbbands_skewness": {
        "dmean": 0.295988738537,
        "dmean2": 0.436604291201,
        "dvar": 0.0660543590784,
        "dvar2": 0.145467638969,
        "max": 1.93623256683,
        "mean": -0.128358826041,
        "median": -0.14376963675,
        "min": -2.54043674469,
        "var": 0.313164591789
    },
    "erbbands_spread": {
        "dmean": 6.33428764343,
        "dmean2": 9.77035999298,
        "dvar": 37.9956970215,
        "dvar2": 93.8631896973,
        "max": 84.7421798706,
        "mean": 34.7796592712,
        "median": 32.5676078796,
        "min": 9.25312042236,
        "var": 159.33744812
    },
    "hfc": {
        "dmean": 6.53636646271,
        "dmean2": 9.12853908539,
        "dvar": 57.1474647522,
        "dvar2": 119.104751587,
        "max": 115.125419617,
        "mean": 29.4297599792,
        "median": 27.7741775513,
        "min": 0.166244029999,
        "var": 257.43145752
    },
    "melbands_crest": {
        "dmean": 3.42908287048,
        "dmean2": 5.52111721039,
        "dvar": 9.2172203064,
        "dvar2": 21.5700550079,
        "max": 32.3895072937,
        "mean": 11.8661222458,
        "median": 10.6633501053,
        "min": 2.99956917763,
        "var": 28.6962947845
    },
    "melbands_flatness_db": {
        "dmean": 0.0223194118589,
        "dmean2": 0.0341582074761,
        "dvar": 0.000510694400873,
        "dvar2": 0.00113022734877,
        "max": 0.438339233398,
        "mean": 0.141029894352,
        "median": 0.129035368562,
        "min": 0.0428141690791,
        "var": 0.0027694827877
    },
    "melbands_kurtosis": {
        "dmean": 4.53655052185,
        "dmean2": 7.4719080925,
        "dvar": 200.893981934,
        "dvar2": 545.259521484,
        "max": 285.229736328,
        "mean": 6.03549861908,
        "median": 1.74339151382,
        "min": -1.52823233604,
        "var": 266.878479004
    },
    "melbands_skewness": {
        "dmean": 0.617870986462,
        "dmean2": 0.954757213593,
        "dvar": 0.617124557495,
        "dvar2": 1.55399167538,
        "max": 13.3504037857,
        "mean": 1.74441862106,
        "median": 1.36511135101,
        "min": -0.688862204552,
        "var": 2.00812888145
    },
    "melbands_spread": {
        "dmean": 9.31402873993,
        "dmean2": 14.33070755,
        "dvar": 86.8615264893,
        "dvar2": 198.528961182,
        "max": 112.621124268,
        "mean": 39.1139984131,
        "median": 38.951171875,
        "min": 0.879324674606,
        "var": 291.078308105
    },
    "pitch_salience": {
        "dmean": 0.0716106295586,
        "dmean2": 0.117115847766,
        "dvar": 0.00406682351604,
        "dvar2": 0.0101572750136,
        "max": 0.823546290398,
        "mean": 0.587587952614,
        "median": 0.595066905022,
        "min": 0.144118905067,
        "var": 0.0107734799385
    },
    "silence_rate_20dB": {
        "dmean": 0,
        "dmean2": 0,
        "dvar": 0,
        "dvar2": 0,
        "max": 1,
        "mean": 1,
        "median": 1,
        "min": 1,
        "var": 0
    },
    "silence_rate_30dB": {
        "dmean": 0,
        "dmean2": 0,
        "dvar": 0,
        "dvar2": 0,
        "max": 1,
        "mean": 1,
        "median": 1,
        "min": 1,
        "var": 0
    },
    "silence_rate_60dB": {
        "dmean": 0.00773993786424,
        "dmean2": 0.0154918665066,
        "dvar": 0.00768012087792,
        "dvar2": 0.0168012212962,
        "max": 1,
        "mean": 0.00928074214607,
        "median": 0,
        "min": 0,
        "var": 0.00919446162879
    },
    "spectral_centroid": {
        "dmean": 257.602325439,
        "dmean2": 398.619995117,
        "dvar": 59866.71875,
        "dvar2": 132523.34375,
        "max": 3499.72583008,
        "mean": 2071.95776367,
        "median": 2109.81860352,
        "min": 327.416656494,
        "var": 256556.765625
    },
    "spectral_complexity": {
        "dmean": 5.12461280823,
        "dmean2": 7.26181268692,
        "dvar": 23.1246032715,
        "dvar2": 41.3366546631,
        "max": 60,
        "mean": 31.751739502,
        "median": 33,
        "min": 0,
        "var": 122.039634705
    },
    "spectral_decrease": {
        "dmean": 1.64191216179e-09,
        "dmean2": 2.50644660582e-09,
        "dvar": 4.16125573495e-18,
        "dvar2": 9.82518017837e-18,
        "max": -1.53957568916e-10,
        "mean": -6.28379392964e-09,
        "median": -6.12450890003e-09,
        "min": -2.38100632544e-08,
        "var": 1.07087563107e-17
    },
    "spectral_energy": {
        "dmean": 0.00652068853378,
        "dmean2": 0.00989532191306,
        "dvar": 6.156078598e-05,
        "dvar2": 0.000142739474541,
        "max": 0.0906826257706,
        "mean": 0.0263858828694,
        "median": 0.0260203965008,
        "min": 0.000598046928644,
        "var": 0.000171206702362
    },
    "spectral_energyband_high": {
        "dmean": 0.000466782512376,
        "dmean2": 0.000705994491,
        "dvar": 4.96405675676e-07,
        "dvar2": 1.14274848784e-06,
        "max": 0.0144718922675,
        "mean": 0.00132114754524,
        "median": 0.00110552774277,
        "min": 3.43832562066e-06,
        "var": 1.13498515475e-06
    },
    "spectral_energyband_low": {
        "dmean": 0.00468061724678,
        "dmean2": 0.00747231673449,
        "dvar": 5.40979235666e-05,
        "dvar2": 0.000134955436806,
        "max": 0.0848734080791,
        "mean": 0.00788536015898,
        "median": 0.00400571431965,
        "min": 1.46061547639e-05,
        "var": 9.8161486676e-05
    },
    "spectral_energyband_middle_high": {
        "dmean": 0.00257724244148,
        "dmean2": 0.00370884197764,
        "dvar": 7.19861463949e-06,
        "dvar2": 1.45216226883e-05,
        "max": 0.0344135127962,
        "mean": 0.00994268059731,
        "median": 0.0091945650056,
        "min": 1.95202028408e-05,
        "var": 3.98867232434e-05
    },
    "spectral_energyband_middle_low": {
        "dmean": 0.00298495381139,
        "dmean2": 0.00469590909779,
        "dvar": 1.18967127491e-05,
        "dvar2": 2.89778781735e-05,
        "max": 0.0527777336538,
        "mean": 0.00843429844826,
        "median": 0.00716758100316,
        "min": 0.000149565079482,
        "var": 3.0655246519e-05
    },
    "spectral_entropy": {
        "dmean": 0.0911949500442,
        "dmean2": 0.13428902626,
        "dvar": 0.00684379134327,
        "dvar2": 0.0143507122993,
        "max": 8.46900463104,
        "mean": 7.7955698967,
        "median": 7.80892467499,
        "min": 6.95842599869,
        "var": 0.0294332094491
    },
    "spectral_flux": {
        "dmean": 0.0214983001351,
        "dmean2": 0.0330518335104,
        "dvar": 0.000471220206236,
        "dvar2": 0.00104768911842,
        "max": 0.238793119788,
        "mean": 0.0936307758093,
        "median": 0.0921963006258,
        "min": 0.011517195031,
        "var": 0.00112789368723
    },
    "spectral_kurtosis": {
        "dmean": 1.17582345009,
        "dmean2": 2.07297158241,
        "dvar": 1.16239523888,
        "dvar2": 3.48179960251,
        "max": 11.8138933182,
        "mean": 2.79906201363,
        "median": 2.53300857544,
        "min": 0.121235609055,
        "var": 1.71221578121
    },
    "spectral_rms": {
        "dmean": 0.000626640976407,
        "dmean2": 0.000927846413106,
        "dvar": 4.79745040138e-07,
        "dvar2": 9.96723997559e-07,
        "max": 0.0094058951363,
        "mean": 0.00489955767989,
        "median": 0.00503842765465,
        "min": 0.000763845804613,
        "var": 1.73664955128e-06
    },
    "spectral_rolloff": {
        "dmean": 533.863708496,
        "dmean2": 864.864807129,
        "dvar": 346540.03125,
        "dvar2": 793541.25,
        "max": 7493.5546875,
        "mean": 2281.68920898,
        "median": 2390.18554688,
        "min": 64.599609375,
        "var": 1069527.75
    },
    "spectral_skewness": {
        "dmean": 0.175785779953,
        "dmean2": 0.292772531509,
        "dvar": 0.0248696450144,
        "dvar2": 0.0636604353786,
        "max": 2.96315121651,
        "mean": 0.972644627094,
        "median": 0.968199193478,
        "min": 0.246434897184,
        "var": 0.0627236068249
    },
    "spectral_spread": {
        "dmean": 305137.84375,
        "dmean2": 462578.375,
        "dvar": 112080740352,
        "dvar2": 222136057856,
        "max": 9615046,
        "mean": 3569877.5,
        "median": 3517989.5,
        "min": 2263772.5,
        "var": 302029897728
    },
    "spectral_strongpeak": {
        "dmean": 0.745076835155,
        "dmean2": 1.23679363728,
        "dvar": 1.18781137466,
        "dvar2": 2.74621391296,
        "max": 9.48418331146,
        "mean": 1.22469592094,
        "median": 0.540842473507,
        "min": 0.0192009303719,
        "var": 2.1186568737
    },
    "zerocrossingrate": {
        "dmean": 0.00832156743854,
        "dmean2": 0.00980269070715,
        "dvar": 5.43890892004e-05,
        "dvar2": 7.04449121258e-05,
        "max": 0.17919921875,
        "mean": 0.0741719231009,
        "median": 0.07470703125,
        "min": 0.005859375,
        "var": 0.000484168762341
    },
    "barkbands": {
        "dmean": [0.000279844069155, 0.00277433590963, 0.00233162660152, 0.00116582191549, 0.00106232892722, 0.0007248922484, 0.000454667926533, 0.000933237373829, 0.000723259989172, 0.000561780994758, 0.000703938771039, 0.000896685058251, 0.000443855038611, 0.000459967704955, 0.00063367956318, 0.00039471819764, 0.000350008747773, 0.000515069870744, 0.000452153413789, 0.000278276798781, 0.00021817223751, 0.000124610436615, 4.96757893416e-05, 3.9904814912e-05, 1.51011545313e-05, 1.95862139662e-06, 2.71386313422e-09],
        "dmean2": [0.000425238336902, 0.00418829126284, 0.00408375402912, 0.00205499888398, 0.00170690577943, 0.00115331658162, 0.000730450090487, 0.00140201894101, 0.00115173787344, 0.000868250033818, 0.00103110820055, 0.00145068019629, 0.000713868124876, 0.000714496651199, 0.000987131264992, 0.000615473429207, 0.000538746768143, 0.0008191652596, 0.000731339096092, 0.000441204989329, 0.000344401662005, 0.000192585677723, 7.78388348408e-05, 6.16252436885e-05, 2.39381060965e-05, 3.03705019178e-06, 3.59581520115e-09],
        "dvar": [4.72678465258e-07, 3.03314718622e-05, 1.6808104192e-05, 4.46643616669e-06, 3.41879581356e-06, 1.08539586563e-06, 4.33687205259e-07, 2.11567976294e-06, 2.09066547541e-06, 8.1749118408e-07, 1.60296053764e-06, 1.54170618316e-06, 1.00610384379e-06, 7.67926621847e-07, 8.79482684013e-07, 5.32197645953e-07, 2.63024361402e-07, 4.13380178088e-07, 3.50560327433e-07, 1.33536744329e-07, 7.51936255483e-08, 6.90777284262e-08, 9.33250277058e-09, 1.36051623301e-08, 3.28934568472e-09, 2.80494360377e-11, 3.47953913776e-15],
        "dvar2": [9.7715121683e-07, 7.06190839992e-05, 4.80862436234e-05, 1.34090414576e-05, 7.00907003193e-06, 2.37888320953e-06, 1.00618615306e-06, 4.16470948039e-06, 4.64475260742e-06, 1.59687283485e-06, 3.18147976941e-06, 3.7309439449e-06, 2.39334485741e-06, 1.75691968707e-06, 1.92474226424e-06, 1.17163551749e-06, 5.55266751689e-07, 9.9451085589e-07, 8.64283151714e-07, 3.09473421112e-07, 1.74662076802e-07, 1.70097180785e-07, 2.03389074471e-08, 3.16433741432e-08, 8.64710170134e-09, 6.03161687263e-11, 3.47824720076e-15],
        "max": [0.00711742741987, 0.0739490687847, 0.0257412139326, 0.023614725098, 0.0321367308497, 0.015863712877, 0.0118414852768, 0.017843125388, 0.0193313937634, 0.014008173719, 0.0230730250478, 0.01307486929, 0.0140597485006, 0.0144836977124, 0.014292630367, 0.0151262525469, 0.0084472624585, 0.00700458977371, 0.00632244115695, 0.00450229085982, 0.00452330894768, 0.00660730991513, 0.00196172087453, 0.00280059222132, 0.00108615658246, 0.000137516763061, 2.12344775719e-06],
        "mean": [0.000291321863187, 0.00376787455752, 0.00286190700717, 0.0014736938756, 0.00173871975858, 0.00119999831077, 0.000731515407097, 0.0016138756182, 0.00129547249526, 0.000997906085104, 0.00123739882838, 0.00154353445396, 0.000725500343833, 0.000760188268032, 0.0012113408884, 0.000712765729986, 0.000639086065348, 0.00106919009704, 0.000910335511435, 0.000585029134527, 0.000552219396923, 0.000276271253824, 0.000102881327621, 6.31583388895e-05, 2.17075448745e-05, 2.97658948512e-06, 2.55237009306e-09],
        "median": [1.35079744723e-05, 0.00128169928212, 0.0011952589266, 0.000537978834473, 0.000912387156859, 0.000774679065216, 0.000436216534581, 0.000802445516456, 0.000640475889668, 0.000545157352462, 0.000420755124651, 0.000793811050244, 0.000263965543127, 0.00038098951336, 0.000618256744929, 0.000343512103427, 0.000399405718781, 0.000762220355682, 0.000734756758902, 0.000460923707578, 0.000440148549387, 0.000205038741115, 7.07919971319e-05, 3.4628323192e-05, 1.14300210043e-05, 1.60588342624e-06, 4.04584227232e-10],
        "min": [3.39373222857e-08, 1.36187520638e-06, 1.94467293113e-06, 2.2668634756e-06, 2.30472560361e-05, 1.64131470228e-05, 7.7274380601e-06, 3.21682000504e-06, 3.74094997824e-06, 3.44634645444e-06, 1.20014237837e-06, 1.08701181034e-06, 3.12063889396e-07, 1.43404474784e-06, 1.58452860433e-06, 1.22002325043e-06, 1.06260893062e-06, 3.94593598685e-06, 1.56915223215e-06, 1.77618051111e-06, 1.00734314401e-06, 5.13458303431e-07, 2.59247599388e-07, 9.85409513987e-08, 2.62741242096e-08, 6.65561561419e-09, 1.16975561182e-11],
        "var": [6.17846581008e-07, 4.39880677732e-05, 1.74231317942e-05, 5.90691979596e-06, 7.3927703852e-06, 2.33020000451e-06, 9.2554978437e-07, 4.84079055241e-06, 4.81747110825e-06, 2.21137452172e-06, 4.75596971228e-06, 3.46722640643e-06, 2.01653529075e-06, 1.6732125232e-06, 2.72642364507e-06, 1.55169959726e-06, 5.78690105613e-07, 1.11849522e-06, 6.02026091201e-07, 2.46456664854e-07, 2.16960117427e-07, 1.02558104231e-07, 1.66053624184e-08, 1.55808290714e-08, 2.7218443055e-09, 3.43878224507e-11, 3.48454764358e-15]
    },
    "erbbands": {
        "dmean": [0.104637607932, 0.573344111443, 2.23576831818, 3.73838639259, 3.63350296021, 3.38345265388, 5.48194360733, 5.92186832428, 6.21816492081, 11.1702098846, 19.6002998352, 18.4947471619, 16.4570465088, 22.757894516, 25.6314125061, 37.7396278381, 18.89702034, 21.3096351624, 28.1549930573, 24.9074172974, 19.3434467316, 18.1029109955, 29.5254631042, 19.9095306396, 21.7625846863, 13.4278354645, 11.1346750259, 7.04232931137, 4.69282865524, 2.52733850479, 1.32001912594, 0.99734210968, 0.554996013641, 0.21914370358, 0.0827608704567, 0.0180212464184, 0.00215472164564, 0.000107304971607, 6.75429737385e-06, 7.95476171334e-06],
        "dmean2": [0.159535646439, 0.918688714504, 3.85233902931, 6.48739147186, 5.89400577545, 5.59320211411, 9.00573730469, 9.49290084839, 10.3733196259, 17.1437244415, 29.3147659302, 29.1720409393, 24.780002594, 33.6675682068, 39.6752548218, 59.8104972839, 29.6575546265, 32.3099403381, 44.1593284607, 37.664768219, 30.0939006805, 27.5273075104, 47.3540420532, 31.3336372375, 35.5543365479, 21.2474975586, 17.7460346222, 10.9021883011, 7.33730649948, 3.930331707, 2.07637190819, 1.54891073704, 0.872967243195, 0.351384758949, 0.131213456392, 0.0277650784701, 0.00321474787779, 0.000160707742907, 9.33597220865e-06, 1.18376756291e-05],
        "dvar": [0.0601936504245, 1.05944883823, 13.9511232376, 45.3985023499, 54.5033798218, 27.0702342987, 78.6073989868, 74.4659957886, 89.3708190918, 276.710723877, 1006.27856445, 1574.7265625, 598.020874023, 1610.92883301, 1645.89758301, 3271.41845703, 1693.55493164, 2131.49682617, 1848.94775391, 1414.50756836, 886.499694824, 640.91192627, 1395.63647461, 708.203491211, 876.320800781, 309.842529297, 198.205505371, 94.3472061157, 80.6960983276, 39.005531311, 8.13635826111, 6.71706151962, 3.55336165428, 0.809542357922, 0.070086710155, 0.0022000267636, 6.63511746097e-05, 1.95952324589e-07, 2.7676322345e-10, 8.27204554854e-11],
        "dvar2": [0.128963187337, 2.64577507973, 40.2874298096, 132.078964233, 116.5704422, 68.3658828735, 185.380706787, 175.222061157, 218.465896606, 582.490539551, 1982.55810547, 3557.22070312, 1180.09851074, 3304.76074219, 3668.45556641, 8017.51025391, 4107.68408203, 5139.67871094, 4168.44287109, 2920.8737793, 2122.07080078, 1362.12805176, 3486.96435547, 1641.14624023, 2180.16235352, 717.378112793, 474.040313721, 208.369827271, 202.813644409, 86.3350906372, 17.7151222229, 15.3603343964, 8.62269020081, 2.14531326294, 0.183461353183, 0.00520280189812, 0.00014733838907, 4.43800558969e-07, 5.49642220626e-10, 1.84933707237e-10],
        "max": [2.69532966614, 14.1064987183, 24.3740024567, 57.1694908142, 136.885955811, 65.1242294312, 157.227966309, 139.695983887, 195.823562622, 223.982162476, 491.354919434, 576.669250488, 578.614501953, 588.484680176, 526.277099609, 633.036437988, 744.695617676, 847.316711426, 763.054626465, 599.094665527, 467.469665527, 396.384368896, 460.254974365, 338.311798096, 366.284454346, 223.446243286, 254.063613892, 143.987487793, 212.476501465, 166.870559692, 60.8980903625, 59.9951171875, 45.2731971741, 15.0423412323, 5.5389122963, 1.06159305573, 0.237665966153, 0.0130452299491, 0.000409513275372, 0.000100488119642],
        "mean": [0.122550725937, 0.796499550343, 2.95735669136, 4.85658359528, 5.39640712738, 4.87638568878, 7.55927371979, 9.70213985443, 10.4368915558, 19.6426696777, 34.1582717896, 33.095161438, 32.1169815063, 41.2555770874, 49.3030815125, 65.2455062866, 34.5976982117, 38.8977279663, 57.2921066284, 51.4151191711, 37.9550933838, 36.591129303, 60.6800880432, 42.9289245605, 44.4528045654, 28.6150608063, 27.3027229309, 17.1947212219, 10.6922683716, 5.23933506012, 2.67724919319, 1.65488088131, 0.843292415142, 0.320764631033, 0.116693131626, 0.0264423433691, 0.00336407287978, 0.000162225594977, 2.31121030083e-05, 3.41716295225e-05],
        "median": [0.0194521415979, 0.327556192875, 1.36965727806, 1.86159193516, 2.49430823326, 2.66695261002, 4.52065706253, 5.60098838806, 6.68441581726, 10.4333133698, 17.7255039215, 15.6686143875, 17.5894432068, 20.4833621979, 27.8583679199, 32.0509490967, 16.951374054, 18.0860919952, 33.5175476074, 26.9587955475, 21.6184253693, 24.9905471802, 44.4657325745, 32.9118843079, 35.6581497192, 22.763759613, 22.6044597626, 12.2636003494, 7.90602397919, 3.6268863678, 1.77034306526, 0.973964214325, 0.444890767336, 0.171661004424, 0.058895278722, 0.0140860434622, 0.0017463886179, 8.12365469756e-05, 2.0561285055e-05, 3.42310449923e-05],
        "min": [3.83963306376e-05, 0.000460093346192, 0.00247909012251, 0.00832578726113, 0.0226714182645, 0.071548640728, 0.144269764423, 0.108093127608, 0.190803349018, 0.114558398724, 0.154902502894, 0.0777587294579, 0.0952202901244, 0.0924419164658, 0.0452758073807, 0.0548802241683, 0.021255761385, 0.069830365479, 0.062630392611, 0.0878503769636, 0.0524350777268, 0.0847151577473, 0.223895713687, 0.128194272518, 0.0520316511393, 0.0690463632345, 0.0782626643777, 0.0254852157086, 0.0238049160689, 0.0111307157204, 0.00599609082565, 0.0024551760871, 0.00131888710894, 0.000421758624725, 0.000146234000567, 5.61959532206e-05, 1.53046294145e-05, 1.20202969356e-06, 3.16869204653e-07, 6.67762549256e-07],
        "var": [0.0832998007536, 1.49267590046, 16.6574764252, 57.0463142395, 113.379364014, 40.3985748291, 97.1440124512, 166.629379272, 191.096633911, 687.405822754, 2207.33789062, 3396.93432617, 2392.75634766, 3760.49414062, 4188.06933594, 7002.04785156, 3264.55297852, 4502.51953125, 5757.30029297, 4551.0625, 2586.31005859, 1474.2355957, 3368.36889648, 1521.92858887, 1455.64196777, 568.476867676, 508.03213501, 273.441619873, 128.747451782, 55.3738746643, 12.6105728149, 8.30380916595, 3.59062027931, 0.655265986919, 0.0617297962308, 0.00246109440923, 7.10671665729e-05, 1.94227780526e-07, 3.72209735255e-10, 2.5999169484e-10]
    },
    "gfcc": {
        "mean": [22.1856212616, 97.7938079834, -159.13444519, 54.3060302734, -66.458946228, 14.1800260544, -27.8190288544, 9.05219173431, -21.2604236603, -0.977142989635, -11.7731151581, -6.94648170471, -5.86234903336],
        "cov": [[1796.67053223, -362.564941406, -189.954147339, -36.7915763855, 5.01608037949, 172.949554443, -97.3127212524, 25.3328037262, -112.313369751, -10.8339242935, -73.7003555298, 31.182390213, -71.9984588623], [-362.564941406, 413.638397217, 181.306915283, 54.676361084, 133.292663574, -25.2996311188, 93.0157165527, -28.2866020203, 48.4431762695, -34.6309776306, 18.9257526398, -44.6608047485, 11.5939922333], [-189.954147339, 181.306915283, 492.471130371, 215.416305542, 93.9078216553, 52.7914619446, 7.35739564896, 39.0752487183, 2.7179069519, 3.01492166519, 10.0962400436, -8.66859054565, -4.41494178772], [-36.7915763855, 54.676361084, 215.416305542, 259.602661133, 88.4120101929, -9.18455123901, 15.6027555466, 25.3351745605, 19.3373813629, -18.3940391541, -7.07423782349, -24.7237167358, 0.257906705141], [5.01608037949, 133.292663574, 93.9078216553, 88.4120101929, 181.643920898, 60.4843673706, 44.3328971863, -10.5208864212, 16.8292102814, -11.3852481842, -5.51398611069, -10.3551101685, 3.40672683716], [172.949554443, -25.2996311188, 52.7914619446, -9.18455123901, 60.4843673706, 150.311538696, 31.8291130066, 8.778175354, -27.0505485535, 11.561003685, 12.1710262299, 16.3907089233, -6.39991044998], [-97.3127212524, 93.0157165527, 7.35739564896, 15.6027555466, 44.3328971863, 31.8291130066, 120.740570068, 23.4880886078, 13.9086065292, -12.2862501144, 15.1989965439, -10.9865550995, -3.23041057587], [25.3328037262, -28.2866020203, 39.0752487183, 25.3351745605, -10.5208864212, 8.778175354, 23.4880886078, 91.8709106445, 42.3477897644, 10.5644454956, -6.45874643326, -5.16489315033, 3.00725364685], [-112.313369751, 48.4431762695, 2.7179069519, 19.3373813629, 16.8292102814, -27.0505485535, 13.9086065292, 42.3477897644, 96.2647094727, 25.8835163116, 2.78637576103, -16.3180465698, 14.9987077713], [-10.8339242935, -34.6309776306, 3.01492166519, -18.3940391541, -11.3852481842, 11.561003685, -12.2862501144, 10.5644454956, 25.8835163116, 64.0202407837, 29.8861980438, 14.3298358917, 0.783072292805], [-73.7003555298, 18.9257526398, 10.0962400436, -7.07423782349, -5.51398611069, 12.1710262299, 15.1989965439, -6.45874643326, 2.78637576103, 29.8861980438, 65.7474899292, 29.2513370514, 9.12419509888], [31.182390213, -44.6608047485, -8.66859054565, -24.7237167358, -10.3551101685, 16.3907089233, -10.9865550995, -5.16489315033, -16.3180465698, 14.3298358917, 29.2513370514, 70.001335144, 28.3077716827], [-71.9984588623, 11.5939922333, -4.41494178772, 0.257906705141, 3.40672683716, -6.39991044998, -3.23041057587, 3.00725364685, 14.9987077713, 0.783072292805, 9.12419509888, 28.3077716827, 56.3005447388]],
        "icov": [[0.00105993519537, -0.000543048488908, 0.00130282284226, -0.00109662301838, 0.000157081216457, -0.00181206536945, 0.00161568296608, -0.00144538457971, 0.00113154749852, -0.000396466813982, 0.00136150035542, -0.00136002956424, 0.00169614353217], [-0.000543048488908, 0.0136032253504, -0.00876312796026, 0.00912059191614, -0.00859665125608, 0.00884017813951, -0.00871723052114, 0.00834188703448, -0.00745728518814, 0.00938498973846, -0.00901662092656, 0.00904193054885, -0.00487430253997], [0.00130282284226, -0.00876312796026, 0.0101590529084, -0.00943691376597, 0.00482085673138, -0.0081289159134, 0.00770464539528, -0.00778257567436, 0.00652407715097, -0.0065329154022, 0.00565440626815, -0.00635266955942, 0.00458313571289], [-0.00109662301838, 0.00912059191614, -0.00943691376597, 0.014546610415, -0.00908866524696, 0.00977041386068, -0.00619822042063, 0.00408259639516, -0.0048098154366, 0.00802557449788, -0.00816527288407, 0.00856788363308, -0.00481526227668], [0.000157081216457, -0.00859665125608, 0.00482085673138, -0.00908866524696, 0.0165593549609, -0.0108253862709, 0.00219278689474, 0.00138201890513, -0.00130514998455, -0.00439659785479, 0.00868422724307, -0.00684287352487, 0.0026523382403], [-0.00181206536945, 0.00884017813951, -0.0081289159134, 0.00977041386068, -0.0108253862709, 0.0195636674762, -0.00928760319948, 0.00265982723795, 0.000845766218845, 0.00172157690395, -0.00735884951428, 0.00633129337803, -0.00485606025904], [0.00161568296608, -0.00871723052114, 0.00770464539528, -0.00619822042063, 0.00219278689474, -0.00928760319948, 0.0199085064232, -0.0113872177899, 0.0048607843928, 0.000380566081731, -0.000914774369448, -0.00360770570114, 0.00571796158329], [-0.00144538457971, 0.00834188703448, -0.00778257567436, 0.00408259639516, 0.00138201890513, 0.00265982723795, -0.0113872177899, 0.0260011181235, -0.0162419062108, 0.00509051093832, 9.94955917122e-05, 0.00251862080768, -0.00304507953115], [0.00113154749852, -0.00745728518814, 0.00652407715097, -0.0048098154366, -0.00130514998455, 0.000845766218845, 0.0048607843928, -0.0162419062108, 0.0288793742657, -0.0167777128518, 0.00453023659065, 0.00332839973271, -0.00502999080345], [-0.000396466813982, 0.00938498973846, -0.0065329154022, 0.00802557449788, -0.00439659785479, 0.00172157690395, 0.000380566081731, 0.00509051093832, -0.0167777128518, 0.0363714359701, -0.0191385634243, 0.00311075593345, 0.0027242731303], [0.00136150035542, -0.00901662092656, 0.00565440626815, -0.00816527288407, 0.00868422724307, -0.00735884951428, -0.000914774369448, 9.94955917122e-05, 0.00453023659065, -0.0191385634243, 0.0355111025274, -0.0174525156617, 0.00473832059652], [-0.00136002956424, 0.00904193054885, -0.00635266955942, 0.00856788363308, -0.00684287352487, 0.00633129337803, -0.00360770570114, 0.00251862080768, 0.00332839973271, 0.00311075593345, -0.0174525156617, 0.0351985953748, -0.0191457625479], [0.00169614353217, -0.00487430253997, 0.00458313571289, -0.00481526227668, 0.0026523382403, -0.00485606025904, 0.00571796158329, -0.00304507953115, -0.00502999080345, 0.0027242731303, 0.00473832059652, -0.0191457625479, 0.0312550030649]]
    },
    "melbands": {
        "dmean": [0.000823192938697, 0.000963154016063, 0.000613423180766, 0.000233666010899, 0.000180854360224, 0.000134835529025, 9.64069768088e-05, 0.000139878233313, 0.00015796655498, 0.000118225572805, 8.27980402391e-05, 9.24782289076e-05, 9.03810068849e-05, 9.71198169282e-05, 6.56540287309e-05, 4.81325441797e-05, 4.0611881559e-05, 4.41966549261e-05, 5.04940617247e-05, 3.26182635035e-05, 2.33810296777e-05, 2.16554362851e-05, 2.40640383709e-05, 2.61259792751e-05, 1.68955175468e-05, 2.07768098335e-05, 1.1491965779e-05, 9.36065862334e-06, 7.97336633696e-06, 5.57898738407e-06, 4.28059456681e-06, 3.11664871333e-06, 2.17198271457e-06, 1.2219807104e-06, 8.19873662294e-07, 6.9959855864e-07, 6.26562496109e-07, 4.73968725601e-07, 2.49923061801e-07, 1.66037267491e-07],
        "dmean2": [0.00124077301007, 0.00161681568716, 0.00105246400926, 0.000377424817998, 0.000297383521684, 0.000215730222408, 0.000158145485329, 0.000211822974961, 0.000238298307522, 0.000186647346709, 0.000125174658024, 0.00013762130402, 0.000136226313771, 0.000156023568707, 0.000106168976345, 7.57949092076e-05, 6.15839016973e-05, 7.10566673661e-05, 7.76936503826e-05, 5.02024777234e-05, 3.66683743778e-05, 3.30743132508e-05, 3.85807106795e-05, 4.15835056629e-05, 2.71844728559e-05, 3.45456428477e-05, 1.86539964488e-05, 1.50484056576e-05, 1.28133233375e-05, 8.880497262e-06, 6.61597141516e-06, 5.01351269122e-06, 3.37232813763e-06, 1.94841868506e-06, 1.30267119403e-06, 1.10978146495e-06, 9.83065092441e-07, 7.54174607209e-07, 4.04311862212e-07, 2.69206793746e-07],
        "dvar": [3.1848380786e-06, 2.32768707065e-06, 1.07477956135e-06, 2.03668491849e-07, 7.57720783895e-08, 3.81784843739e-08, 1.94780955809e-08, 4.9301984717e-08, 6.62099424176e-08, 6.71458693091e-08, 1.56659094586e-08, 2.63010839774e-08, 2.28147172265e-08, 1.77724999162e-08, 1.10541940046e-08, 1.18109193536e-08, 7.24990956158e-09, 4.90986140633e-09, 6.26004581505e-09, 4.13324885429e-09, 1.15282183799e-09, 1.23234455973e-09, 8.9740415099e-10, 1.27133292782e-09, 5.35939681523e-10, 7.60994156579e-10, 2.79987755203e-10, 1.48258724741e-10, 9.28856228044e-11, 5.16820475305e-11, 3.75290978849e-11, 3.21494844635e-11, 2.62853766531e-11, 6.88100010998e-12, 2.8122454452e-12, 2.87916457169e-12, 2.65999982457e-12, 2.51359068108e-12, 9.05598783896e-13, 4.71295203384e-13],
        "dvar2": [7.08507741365e-06, 6.51792197459e-06, 3.09765391648e-06, 4.36732221942e-07, 1.80105104164e-07, 8.62020428372e-08, 4.73458108274e-08, 1.00791645252e-07, 1.29843286345e-07, 1.53468320718e-07, 3.06138083772e-08, 5.39311493242e-08, 4.83076476598e-08, 4.22586410309e-08, 2.72016915659e-08, 2.86997465793e-08, 1.72675598265e-08, 1.11608811082e-08, 1.3384003239e-08, 8.41592662226e-09, 2.71848921152e-09, 2.59718735407e-09, 2.15643458645e-09, 3.22253734808e-09, 1.25064736345e-09, 1.91672056005e-09, 6.8377203899e-10, 3.47584627747e-10, 2.36025782252e-10, 1.23496476934e-10, 8.6562063073e-11, 8.41701569554e-11, 6.23379473041e-11, 1.49061162719e-11, 6.37224387839e-12, 6.8091548025e-12, 6.10293109451e-12, 6.06915212531e-12, 2.3069261345e-12, 1.27118942542e-12],
        "max": [0.0223816838115, 0.0118398414925, 0.0105662439018, 0.00840073265135, 0.00458250660449, 0.00347591144964, 0.00265503721312, 0.00325497821905, 0.00375636434183, 0.00358158536255, 0.0028232508339, 0.00229495065287, 0.00218759174459, 0.00131367205177, 0.00131813273765, 0.00153270352166, 0.00146101822611, 0.00103040132672, 0.00119002873544, 0.00152638508007, 0.000423195451731, 0.00054800772341, 0.000406936771469, 0.000469301827252, 0.000296802405501, 0.000297297781799, 0.000211921156733, 0.000130191954668, 0.000146116421092, 0.000106972562207, 9.31885952014e-05, 0.000125309714349, 0.000133813460707, 6.47552951705e-05, 3.74939518224e-05, 3.77873220714e-05, 3.58113793482e-05, 3.8917427446e-05, 1.84605469258e-05, 1.2627329852e-05],
        "mean": [0.00104479829315, 0.00140657811426, 0.000850051932503, 0.000367949949577, 0.000252678844845, 0.000222896531341, 0.000163626245921, 0.000244655762799, 0.000272008153843, 0.000204159528948, 0.000154263878358, 0.000158552647918, 0.000168142520124, 0.000171170278918, 0.000109589273052, 7.91829734226e-05, 6.91177992849e-05, 8.46932598506e-05, 9.34440104174e-05, 5.68711475353e-05, 4.14615606132e-05, 3.77675278287e-05, 4.63441429019e-05, 5.17652915732e-05, 3.16594487231e-05, 3.92490219383e-05, 2.18745826714e-05, 1.81362120202e-05, 1.7524793293e-05, 1.30859807541e-05, 9.11157076189e-06, 6.53799406791e-06, 4.195204383e-06, 2.33801461036e-06, 1.56467933721e-06, 1.19970889045e-06, 9.49325510646e-07, 6.77237210311e-07, 3.61378852176e-07, 2.32725881233e-07],
        "median": [0.000282778346445, 0.000709840853233, 0.000406077015214, 0.000183651587577, 0.000151347441715, 0.000131984255859, 0.000104790829937, 0.000122793542687, 0.000137556300615, 8.88670765562e-05, 7.895854651e-05, 7.45677680243e-05, 7.47184603824e-05, 9.17502839002e-05, 5.36377265234e-05, 2.55455179285e-05, 3.08598064294e-05, 4.58347931271e-05, 4.66800447612e-05, 2.72101096925e-05, 2.37115400523e-05, 2.18149561988e-05, 3.31083865603e-05, 3.43091487593e-05, 2.27642303798e-05, 3.14925418934e-05, 1.64460107044e-05, 1.39690073411e-05, 1.44591203934e-05, 1.01403948065e-05, 6.02207592237e-06, 4.86545332024e-06, 2.92935783364e-06, 1.55302438998e-06, 1.03271463558e-06, 7.3718973681e-07, 5.11769769673e-07, 3.40820804468e-07, 1.84760367006e-07, 1.23457013501e-07],
        "min": [4.94372102366e-07, 1.47366063175e-06, 2.64562754637e-06, 2.56795783571e-06, 5.19231070939e-06, 2.39641212829e-06, 2.87170678348e-06, 1.01124351204e-06, 9.44007865655e-07, 3.94663288716e-07, 3.93274518729e-07, 3.90758600588e-07, 1.3944446664e-07, 1.20161260497e-07, 1.17036371705e-07, 3.49028681512e-08, 1.45555105746e-07, 8.19686576392e-08, 1.54812369146e-07, 9.79524941158e-08, 4.97556698065e-08, 7.1501922605e-08, 1.04650517585e-07, 2.24529188131e-07, 9.20629261714e-08, 3.67850567784e-08, 3.78607296625e-08, 4.82753925724e-08, 6.12501764863e-08, 2.00794136873e-08, 1.14821609998e-08, 1.31854225316e-08, 8.63840110554e-09, 5.27489518731e-09, 3.49078610462e-09, 1.71996217269e-09, 1.31923461044e-09, 9.2981738975e-10, 4.00268457268e-10, 3.23272880687e-10],
