{
"highlevel": {
    "danceability": {
        "all": {
            "danceable": 0.945991754532,
            "not_danceable": 0.0540082678199
        },
        "probability": 0.945991754532,
        "value": "danceable"
    },
    "gender": {
        "all": {
            "female": 0.128899782896,
            "male": 0.871100246906
        },
        "probability": 0.871100246906,
        "value": "male"
    },
    "genre_dortmund": {
        "all": {
            "alternative": 0.0379657484591,
            "blues": 0.0652658939362,
            "electronic": 0.0350546687841,
            "folkcountry": 0.0665777474642,
            "funksoulrnb": 0.0846833139658,
            "jazz": 0.0153356762603,
            "pop": 0.0737798064947,
            "raphiphop": 0.4662129879,
            "rock": 0.155124172568
        },
        "probability": 0.4662129879,
        "value": "raphiphop"
    },
    "genre_electronic": {
        "all": {
            "ambient": 0.400839835405,
            "dnb": 0.292760998011,
            "house": 0.246133834124,
            "techno": 0.014901580289,
            "trance": 0.0453637689352
        },
        "probability": 0.400839835405,
        "value": "ambient"
    },
    "genre_rosamerica": {
        "all": {
            "cla": 0.0121612902731,
            "dan": 0.13010507822,
            "hip": 0.356875449419,
            "jaz": 0.0143312206492,
            "pop": 0.310274541378,
            "rhy": 0.100870274007,
            "roc": 0.0659279003739,
            "spe": 0.00945422239602
        },
        "probability": 0.356875449419,
        "value": "hip"
    },
    "genre_tzanetakis": {
        "all": {
            "blu": 0.0626613423228,
            "cla": 0.0348169617355,
            "cou": 0.104475811124,
            "dis": 0.0784321576357,
            "hip": 0.15692435205,
            "jaz": 0.313974827528,
            "met": 0.0448166541755,
            "pop": 0.0627359300852,
            "reg": 0.0627360641956,
            "roc": 0.0784258767962
        },
        "probability": 0.313974827528,
        "value": "jaz"
    },
    "ismir04_rhythm": {
        "all": {
            "ChaChaCha": 0.013142506592,
            "Jive": 0.647014737129,
            "Quickstep": 0.00824827887118,
            "Rumba-American": 0.00331208249554,
            "Rumba-International": 0.115143366158,
            "Rumba-Misc": 0.00254127359949,
            "Samba": 0.192984998226,
            "Tango": 0.00144597957842,
            "VienneseWaltz": 0.0136659173295,
            "Waltz": 0.00250085280277
        },
        "probability": 0.647014737129,
        "value": "Jive"
    },
    "mood_acoustic": {
        "all": {
            "acoustic": 0.047697737813,
            "not_acoustic": 0.952302277088
        },
        "probability": 0.952302277088,
        "value": "not_acoustic"
    },
    "mood_aggressive": {
        "all": {
            "aggressive": 0.476314216852,
            "not_aggressive": 0.523685753345
        },
        "probability": 0.523685753345,
        "value": "not_aggressive"
    },
    "mood_electronic": {
        "all": {
            "electronic": 0.908910512924,
            "not_electronic": 0.0910894796252
        },
        "probability": 0.908910512924,
        "value": "electronic"
    },
    "mood_happy": {
        "all": {
            "happy": 0.239679500461,
            "not_happy": 0.760320484638
        },
        "probability": 0.760320484638,
        "value": "not_happy"
    },
    "mood_party": {
        "all": {
            "not_party": 0.37439930439,
            "party": 0.62560069561
        },
        "probability": 0.62560069561,
        "value": "party"
    },
    "mood_relaxed": {
        "all": {
            "not_relaxed": 0.783390283585,
            "relaxed": 0.216609716415
        },
        "probability": 0.783390283585,
        "value": "not_relaxed"
    },
    "mood_sad": {
        "all": {
            "not_sad": 0.551696717739,
            "sad": 0.448303312063
        },
        "probability": 0.551696717739,
        "value": "not_sad"
    },
    "moods_mirex": {
        "all": {
            "Cluster1": 0.267843753099,
            "Cluster2": 0.29993057251,
            "Cluster3": 0.107420392334,
            "Cluster4": 0.13351470232,
            "Cluster5": 0.191290572286
        },
        "probability": 0.29993057251,
        "value": "Cluster2"
    },
    "timbre": {
        "all": {
            "bright": 0.80987071991,
            "dark": 0.19012928009
        },
        "probability": 0.80987071991,
        "value": "bright"
    },
    "tonal_atonal": {
        "all": {
            "atonal": 0.0388878397644,
            "tonal": 0.961112141609
        },
        "probability": 0.961112141609,
        "value": "tonal"
    },
    "voice_instrumental": {
        "all": {
            "instrumental": 0.000428375176853,
            "voice": 0.999571621418
        },
        "probability": 0.999571621418,
        "value": "voice"
    }
},
"lowlevel": {
    "average_loudness": 0.981565594673,
    "barkbands_crest": {
        "dmean": 3.38016486168,
        "dmean2": 5.406437397,
        "dvar": 7.62581729889,
        "dvar2": 18.5538787842,
        "max": 23.39544487,
        "mean": 10.5335054398,
        "median": 9.86925506592,
        "min": 3.14296507835,
        "var": 18.3418178558
    },
    "barkbands_flatness_db": {
        "dmean": 0.030253212899,
        "dmean2": 0.0465928390622,
        "dvar": 0.00086129992269,
        "dvar2": 0.0022091306746,
        "max": 0.430026322603,
        "mean": 0.159435331821,
        "median": 0.145598694682,
        "min": 0.05951981619,
        "var": 0.0031055083964
    },
    "barkbands_kurtosis": {
        "dmean": 6.56973934174,
        "dmean2": 11.2347745895,
        "dvar": 281.294311523,
        "dvar2": 824.189941406,
        "max": 224.987930298,
        "mean": 6.40647888184,
        "median": 0.941089391708,
        "min": -1.93967199326,
        "var": 302.447906494
    },
    "barkbands_skewness": {
        "dmean": 0.958423256874,
        "dmean2": 1.47885668278,
        "dvar": 1.07172441483,
        "dvar2": 2.73348402977,
        "max": 12.3240804672,
        "mean": 1.61838233471,
        "median": 1.20898878574,
        "min": -2.77775597572,
        "var": 3.23132228851
    },
    "barkbands_spread": {
        "dmean": 9.83598709106,
        "dmean2": 15.2226686478,
        "dvar": 116.032653809,
        "dvar2": 248.568862915,
        "max": 106.158279419,
        "mean": 29.6421318054,
        "median": 26.2048912048,
        "min": 0.582626640797,
        "var": 367.967071533
    },
    "dissonance": {
        "dmean": 0.0169146489352,
        "dmean2": 0.0270864777267,
        "dvar": 0.000324166176142,
        "dvar2": 0.000842205889057,
        "max": 0.499999940395,
        "mean": 0.471332371235,
        "median": 0.477981984615,
        "min": 0.321466445923,
        "var": 0.000587694696151
    },
    "dynamic_complexity": 2.701618433,
    "erbbands_crest": {
        "dmean": 2.73817110062,
        "dmean2": 4.3622341156,
        "dvar": 6.02764844894,
        "dvar2": 14.9992771149,
        "max": 25.2140159607,
        "mean": 8.6637878418,
        "median": 7.77638196945,
        "min": 3.0966668129,
        "var": 14.1494226456
    },
    "erbbands_flatness_db": {
        "dmean": 0.0231240727007,
        "dmean2": 0.0329335108399,
        "dvar": 0.000391542591387,
        "dvar2": 0.000783723255154,
        "max": 0.319630026817,
        "mean": 0.154469013214,
        "median": 0.152097180486,
        "min": 0.0662325248122,
        "var": 0.00145708478522
    },
    "erbbands_kurtosis": {
        "dmean": 1.61455523968,
        "dmean2": 2.48793339729,
        "dvar": 4.06063842773,
        "dvar2": 9.64140987396,
        "max": 21.6939163208,
        "mean": 0.79153585434,
        "median": -0.0374131202698,
        "min": -1.85379183292,
        "var": 6.78062486649
    },
    "erbbands_skewness": {
        "dmean": 0.59897339344,
        "dmean2": 0.841517865658,
        "dvar": 0.302356630564,
        "dvar2": 0.558631539345,
        "max": 4.42869997025,
        "mean": -0.16132093966,
        "median": -0.0947867259383,
        "min": -3.62345433235,
        "var": 1.18408727646
    },
    "erbbands_spread": {
        "dmean": 17.2665462494,
        "dmean2": 25.3763217926,
        "dvar": 299.85067749,
        "dvar2": 630.641967773,
        "max": 164.8309021,
        "mean": 50.5778274536,
        "median": 42.6763076782,
        "min": 7.04652404785,
        "var": 891.196166992
    },
    "hfc": {
        "dmean": 9.84471893311,
        "dmean2": 13.3069572449,
        "dvar": 102.907348633,
        "dvar2": 170.680496216,
        "max": 155.290603638,
        "mean": 24.1513061523,
        "median": 18.4983310699,
        "min": 0.277051478624,
        "var": 461.496368408
    },
    "melbands_crest": {
        "dmean": 4.28259134293,
        "dmean2": 7.02407312393,
        "dvar": 13.5508823395,
        "dvar2": 35.7551994324,
        "max": 35.2074241638,
        "mean": 13.9714841843,
        "median": 12.9658145905,
        "min": 3.51775503159,
        "var": 32.1200447083
    },
    "melbands_flatness_db": {
        "dmean": 0.039130628109,
        "dmean2": 0.0578399710357,
        "dvar": 0.00131807732396,
        "dvar2": 0.00299376063049,
        "max": 0.523797214031,
        "mean": 0.196872666478,
        "median": 0.17917509377,
        "min": 0.0309301652014,
        "var": 0.00681390473619
    },
    "melbands_kurtosis": {
        "dmean": 19.1949520111,
        "dmean2": 32.1079330444,
        "dvar": 1464.03381348,
        "dvar2": 4109.19287109,
        "max": 502.961242676,
        "mean": 25.4932899475,
        "median": 7.79472827911,
        "min": -1.83133113384,
        "var": 2214.25268555
    },
    "melbands_skewness": {
        "dmean": 1.40969276428,
        "dmean2": 2.14893174171,
        "dvar": 2.32347655296,
        "dvar2": 5.60574913025,
        "max": 17.5383415222,
        "mean": 3.34379386902,
        "median": 2.53250861168,
        "min": -0.672504663467,
        "var": 7.59175252914
    },
    "melbands_spread": {
        "dmean": 14.4522628784,
        "dmean2": 21.5254936218,
        "dvar": 326.304962158,
        "dvar2": 629.877929688,
        "max": 219.765975952,
        "mean": 32.894493103,
        "median": 24.9787216187,
        "min": 0.45513305068,
        "var": 887.221496582
    },
    "pitch_salience": {
        "dmean": 0.0909678936005,
        "dmean2": 0.150636449456,
        "dvar": 0.00749577675015,
        "dvar2": 0.0200686287135,
        "max": 0.862253069878,
        "mean": 0.570766508579,
        "median": 0.595065295696,
        "min": 0.101193971932,
        "var": 0.0160224046558
    },
    "silence_rate_20dB": {
        "dmean": 0,
        "dmean2": 0,
        "dvar": 0,
        "dvar2": 0,
        "max": 1,
        "mean": 1,
        "median": 1,
        "min": 1,
        "var": 0
    },
    "silence_rate_30dB": {
        "dmean": 0,
        "dmean2": 0,
        "dvar": 0,
        "dvar2": 0,
        "max": 1,
        "mean": 1,
        "median": 1,
        "min": 1,
        "var": 0
    },
    "silence_rate_60dB": {
        "dmean": 0.0402476787567,
        "dmean2": 0.0797831118107,
        "dvar": 0.0386282652617,
        "dvar2": 0.0889082476497,
        "max": 1,
        "mean": 0.0425367355347,
        "median": 0,
        "min": 0,
        "var": 0.0407272018492
    },
    "spectral_centroid": {
        "dmean": 431.394500732,
        "dmean2": 618.645935059,
        "dvar": 213280.640625,
        "dvar2": 382149.71875,
        "max": 4604.75,
        "mean": 1621.6730957,
        "median": 1530.31335449,
        "min": 138.443481445,
        "var": 694345.4375
    },
    "spectral_complexity": {
        "dmean": 4.98916387558,
        "dmean2": 6.54686307907,
        "dvar": 27.3204097748,
        "dvar2": 38.0686416626,
        "max": 54,
        "mean": 17.8066520691,
        "median": 16,
        "min": 2,
        "var": 133.280410767
    },
    "spectral_decrease": {
        "dmean": 3.14091574971e-09,
        "dmean2": 4.98032237672e-09,
        "dvar": 1.58965948846e-17,
        "dvar2": 4.43910777066e-17,
        "max": -1.4010266558e-10,
        "mean": -5.87048809564e-09,
        "median": -4.22968060576e-09,
        "min": -2.83634022935e-08,
        "var": 2.55795165413e-17
    },
    "spectral_energy": {
        "dmean": 0.0124804833904,
        "dmean2": 0.0195743795484,
        "dvar": 0.000234742168686,
        "dvar2": 0.00064821151318,
        "max": 0.109869040549,
        "mean": 0.0243471823633,
        "median": 0.018422499299,
        "min": 0.000555656093638,
        "var": 0.000397419789806
    },
    "spectral_energyband_high": {
        "dmean": 0.00072056701174,
        "dmean2": 0.00095833936939,
        "dvar": 1.16883200008e-06,
        "dvar2": 2.20659694605e-06,
        "max": 0.0151825798675,
        "mean": 0.00137582304887,
        "median": 0.000679778342601,
        "min": 6.77715092934e-07,
        "var": 3.94076914745e-06
    },
    "spectral_energyband_low": {
        "dmean": 0.00735385809094,
        "dmean2": 0.0125649925321,
        "dvar": 0.000211562495679,
        "dvar2": 0.000614321557805,
        "max": 0.103061169386,
        "mean": 0.00979253556579,
        "median": 0.00127739424352,
        "min": 3.43719439115e-05,
        "var": 0.000281875982182
    },
    "spectral_energyband_middle_high": {
        "dmean": 0.00313606020063,
        "dmean2": 0.00412487844005,
        "dvar": 2.26365136768e-05,
        "dvar2": 3.68375331163e-05,
        "max": 0.065060608089,
        "mean": 0.00585225457326,
        "median": 0.0022134501487,
        "min": 1.053959204e-05,
        "var": 6.59207871649e-05
    },
    "spectral_energyband_middle_low": {
        "dmean": 0.00456131855026,
        "dmean2": 0.00717299804091,
        "dvar": 5.97569160163e-05,
        "dvar2": 0.000145213081851,
        "max": 0.0680306404829,
        "mean": 0.00798021908849,
        "median": 0.00568949570879,
        "min": 0.000136330752866,
        "var": 7.36149886507e-05
    },
    "spectral_entropy": {
        "dmean": 0.212568089366,
        "dmean2": 0.292768716812,
        "dvar": 0.0496985837817,
        "dvar2": 0.0955943539739,
        "max": 8.62789535522,
        "mean": 7.64397382736,
        "median": 7.69418144226,
        "min": 5.8405957222,
        "var": 0.198515027761
    },
    "spectral_flux": {
        "dmean": 0.0298368260264,
        "dmean2": 0.0459784828126,
        "dvar": 0.00106600124855,
        "dvar2": 0.00229367893189,
        "max": 0.275125443935,
        "mean": 0.0964686498046,
        "median": 0.089272685349,
        "min": 0.0135738905519,
        "var": 0.0024040476419
    },
    "spectral_kurtosis": {
        "dmean": 1.72928416729,
        "dmean2": 2.57411384583,
        "dvar": 4.52452468872,
        "dvar2": 10.6435852051,
        "max": 20.9703598022,
        "mean": 3.60417842865,
        "median": 3.0538816452,
        "min": -1.13094043732,
        "var": 10.541768074
    },
    "spectral_rms": {
        "dmean": 0.00117646495346,
        "dmean2": 0.00175999803469,
        "dvar": 1.52510904172e-06,
        "dvar2": 4.01657189286e-06,
        "max": 0.010353227146,
        "mean": 0.00448070652783,
        "median": 0.00423947768286,
        "min": 0.000736276793759,
        "var": 3.67658776668e-06
    },
    "spectral_rolloff": {
        "dmean": 897.245422363,
        "dmean2": 1475.34973145,
        "dvar": 2077633.75,
        "dvar2": 4349628.5,
        "max": 12015.5273438,
        "mean": 2243.05102539,
        "median": 1744.18945312,
        "min": 64.599609375,
        "var": 4909972
    },
    "spectral_skewness": {
        "dmean": 0.312416642904,
        "dmean2": 0.411599785089,
        "dvar": 0.0941819548607,
        "dvar2": 0.16783824563,
        "max": 3.65451192856,
        "mean": 1.39436161518,
        "median": 1.41856825352,
        "min": -0.115464806557,
        "var": 0.406500309706
    },
    "spectral_spread": {
        "dmean": 961690.875,
        "dmean2": 1306645.5,
        "dvar": 1.09813163622e+12,
        "dvar2": 1.99458357248e+12,
        "max": 14591724,
        "mean": 5355028,
        "median": 4960895.5,
        "min": 1897952.125,
        "var": 4.15350495642e+12
    },
    "spectral_strongpeak": {
        "dmean": 0.605259954929,
        "dmean2": 1.02970850468,
        "dvar": 1.12781465054,
        "dvar2": 2.97389268875,
        "max": 11.1387653351,
        "mean": 0.807514488697,
        "median": 0.443643718958,
        "min": 0,
        "var": 1.2197021246
    },
    "zerocrossingrate": {
        "dmean": 0.0181257408112,
        "dmean2": 0.0203262679279,
        "dvar": 0.000346519140294,
        "dvar2": 0.000406392588047,
        "max": 0.3359375,
        "mean": 0.0836894437671,
        "median": 0.0732421875,
        "min": 0.00634765625,
        "var": 0.00273681106046
    },
    "barkbands": {
        "dmean": [0.000361650483683, 0.00480925058946, 0.00295686791651, 0.000834401289467, 0.00255966605619, 0.000556609069463, 0.000437435723143, 0.000820508517791, 0.00068674760405, 0.00088165566558, 0.000575213169213, 0.000269942567684, 0.000370685680537, 0.000451396947028, 0.00040132785216, 0.000437122478615, 0.00053120427765, 0.000547972857021, 0.000195410160813, 0.000137941504363, 0.000210623897146, 0.000212703205761, 0.000134557849378, 0.000146179911098, 5.87020804232e-05, 2.71540957328e-05, 4.42328440542e-09],
        "dmean2": [0.000605803797953, 0.00842023920268, 0.00518406834453, 0.00142346031498, 0.00421606469899, 0.000953933398705, 0.000707353232428, 0.00133524741977, 0.0010764162289, 0.00135588389821, 0.000858525105286, 0.000393365771743, 0.000558148603886, 0.000677172036376, 0.000606508343481, 0.000654558418319, 0.000778928922955, 0.000795805477537, 0.000274986232398, 0.000195507222088, 0.000313668191666, 0.000303718290525, 0.000189155907719, 0.000209082572837, 8.9633409516e-05, 3.9629128878e-05, 7.84501619222e-09],
        "dvar": [8.59240685713e-07, 9.72426933004e-05, 4.73300642625e-05, 3.06821698359e-06, 2.54801907431e-05, 1.59342050665e-06, 1.26823135815e-06, 4.33987179349e-06, 2.8201702662e-06, 9.7913434729e-06, 3.01773934552e-06, 5.47647971416e-07, 1.9113849703e-06, 1.12176564926e-06, 7.00478040017e-07, 1.04516652755e-06, 9.48797605815e-07, 8.88499585017e-07, 1.42470113929e-07, 6.01207190698e-08, 1.26263486777e-07, 1.17845793568e-07, 5.82939314597e-08, 7.20558190892e-08, 2.23994884863e-08, 4.78042228025e-09, 8.84117108476e-16],
        "dvar2": [2.19552407543e-06, 0.000277788552921, 0.000129152074805, 7.97304164735e-06, 6.51244627079e-05, 4.40514259026e-06, 3.26070357914e-06, 1.08133681351e-05, 7.00578630131e-06, 2.2478734536e-05, 6.73781869409e-06, 1.05484309643e-06, 4.6902464419e-06, 2.31588819588e-06, 1.56100554705e-06, 2.24772702495e-06, 2.03987769964e-06, 1.81518703357e-06, 2.90961509108e-07, 1.06350476869e-07, 2.96839232306e-07, 2.43450358539e-07, 1.14728798906e-07, 1.32460655777e-07, 5.47966010345e-08, 9.77430314464e-09, 2.20696827275e-15],
        "max": [0.0105267632753, 0.0792916119099, 0.0541356131434, 0.0121138766408, 0.0459245033562, 0.0146332606673, 0.0180382728577, 0.0346202664077, 0.0205082204193, 0.047951657325, 0.0265649966896, 0.0153856547549, 0.0294332243502, 0.014158940874, 0.0120697868988, 0.0159247536212, 0.0105046350509, 0.010713648051, 0.00567826256156, 0.0021915815305, 0.00342508335598, 0.00345158972777, 0.0038605730515, 0.00393153028563, 0.00499157002196, 0.00239551672712, 8.13991675841e-07],
        "mean": [0.000325312081259, 0.00548451207578, 0.0035983491689, 0.000913387222681, 0.00359637197107, 0.000815167441033, 0.000527763215359, 0.000920684484299, 0.00075509340968, 0.000933403498493, 0.000703075376805, 0.000352836010279, 0.000437222013716, 0.000560621148907, 0.00052324164426, 0.000545433431398, 0.000726177589968, 0.000871646334417, 0.000286916358164, 0.000189307596884, 0.000289858493488, 0.000298893428408, 0.000231242229347, 0.000276655802736, 0.00012469117064, 5.93116965319e-05, 3.06470737677e-09],
        "median": [1.83608644875e-05, 0.000294386351015, 0.000431431690231, 0.000376816868084, 0.0020970441401, 0.000487155775772, 0.000171038613189, 0.000232233287534, 0.000155324567459, 6.18510675849e-05, 4.66280762339e-05, 4.69075021101e-05, 3.94322996726e-05, 4.46694575658e-05, 8.92527532415e-05, 0.000125217396999, 0.00021587513038, 0.000219520879909, 6.09069065831e-05, 4.49180333817e-05, 8.07381729828e-05, 9.61177283898e-05, 0.00010083586676, 0.000130852960865, 3.96325121983e-05, 1.58741167979e-05, 3.43817724291e-10],
        "min": [3.69981534298e-09, 3.708225222e-06, 4.15495469497e-06, 3.8847911128e-06, 5.51252560399e-05, 3.28097758029e-06, 1.06544189293e-06, 2.28786757361e-06, 6.00531052442e-07, 1.75559293325e-07, 2.07449801337e-07, 3.06015380147e-07, 3.18099438346e-07, 2.144465725e-07, 1.00255488178e-06, 7.4862356314e-07, 4.20377403998e-07, 1.0084030464e-06, 2.2394991106e-07, 1.18695368201e-07, 7.778097455e-08, 6.20224511749e-08, 3.242301716e-08, 2.54956091794e-08, 3.07332936877e-09, 7.2706641055e-12, 8.28262718827e-12],
        "var": [7.71394752519e-07, 0.000118296011351, 4.87959914608e-05, 2.59470743913e-06, 2.54462884186e-05, 1.48192702909e-06, 1.54685778853e-06, 4.49812250736e-06, 2.98638678942e-06, 1.17233357741e-05, 5.16718182553e-06, 1.16248861559e-06, 2.00819363272e-06, 1.83671431842e-06, 1.12040254407e-06, 1.51649453528e-06, 1.54338522407e-06, 2.00839895115e-06, 2.88301549745e-07, 1.06379317799e-07, 1.99984611982e-07, 2.09665273587e-07, 1.58518446369e-07, 2.4789511599e-07, 1.23110908135e-07, 2.90344388532e-08, 7.08889602733e-16]
    },
    "erbbands": {
        "dmean": [0.143013998866, 1.10564720631, 3.30997157097, 2.94311881065, 6.90696048737, 8.87106609344, 6.33358335495, 4.86670923233, 3.76431274414, 13.6057434082, 15.2986907959, 15.8951568604, 30.0445327759, 16.5732364655, 20.9342899323, 11.2503709793, 17.2174243927, 19.1202011108, 21.9798336029, 20.2265415192, 25.9637889862, 29.1997394562, 31.6985778809, 14.8999881744, 8.63148117065, 6.93616294861, 5.74511051178, 10.1927843094, 7.02133464813, 6.33706951141, 4.01474380493, 3.45698809624, 2.27374863625, 0.899263620377, 0.333489239216, 0.161572173238, 0.0504080429673, 0.00326485559344, 6.49773428449e-05, 1.64445445989e-05],
        "dmean2": [0.249363392591, 1.9097725153, 5.87673282623, 4.79850673676, 11.6942892075, 14.3710660934, 10.9353179932, 8.21307373047, 5.95840740204, 21.8923606873, 24.6195278168, 25.0264568329, 46.2936630249, 24.4083595276, 29.9019203186, 15.297870636, 25.5742950439, 28.2479629517, 32.5233726501, 30.8992843628, 37.6460037231, 40.8145904541, 46.3005371094, 20.4115333557, 12.2636995316, 9.76246643066, 8.58295917511, 15.2575464249, 9.76006221771, 9.37100410461, 5.64053106308, 5.01106548309, 3.38801527023, 1.38135814667, 0.490797251463, 0.241698086262, 0.0748905315995, 0.00501889688894, 9.48599990807e-05, 2.49412969424e-05],
        "dvar": [0.0978610441089, 6.06769561768, 63.8437614441, 30.0577220917, 500.454437256, 126.488792419, 90.4584197998, 107.9504776, 63.7873764038, 913.304870605, 1654.78967285, 1674.78601074, 10413.3916016, 2085.91894531, 4562.32275391, 883.655761719, 4575.05566406, 1912.22229004, 2062.68969727, 1957.38989258, 3239.39575195, 2791.67871094, 2972.07885742, 802.817749023, 314.299133301, 153.81098938, 109.894615173, 300.618530273, 129.550720215, 116.080177307, 49.8724517822, 36.9327049255, 22.1138191223, 5.85125684738, 0.709588885307, 0.26837605238, 0.00950892083347, 4.27884333476e-05, 1.32332544922e-08, 3.17349063694e-10],
        "dvar2": [0.277943313122, 16.3818359375, 182.990066528, 71.9975967407, 1281.80737305, 333.558044434, 255.042770386, 299.371490479, 161.775924683, 2284.67602539, 4083.72802734, 4233.81005859, 23559.8554688, 4688.46337891, 9449.00488281, 1520.67443848, 11195.5039062, 3696.25610352, 4651.66943359, 4430.17822266, 6919.85449219, 5921.43554688, 6205.19042969, 1493.32128906, 678.88873291, 285.86932373, 276.170410156, 684.629882812, 258.961669922, 245.325698853, 97.2170181274, 63.0378837585, 47.9040565491, 15.0157699585, 1.46479225159, 0.621825397015, 0.0190631449223, 9.53204507823e-05, 2.71513425076e-08, 8.07508004907e-10],
        "max": [3.03577494621, 20.5685367584, 61.5363273621, 42.5324134827, 169.043548584, 114.324211121, 77.2453308105, 126.607261658, 101.900100708, 400.851379395, 702.760253906, 520.673461914, 1665.94348145, 735.807983398, 1195.87304688, 689.224121094, 1490.15820312, 581.84197998, 457.558166504, 755.471618652, 947.478210449, 644.793823242, 556.385131836, 376.433868408, 205.458190918, 115.681770325, 160.23727417, 123.368141174, 122.116279602, 108.498443604, 106.307525635, 91.8758392334, 92.774269104, 71.1287384033, 34.4005661011, 17.7956867218, 2.2909758091, 0.112256288528, 0.00210238317959, 0.000287490605842],
        "mean": [0.160201817751, 1.24429535866, 3.58610677719, 4.03012514114, 6.91517591476, 14.1083221436, 9.30934333801, 7.23410749435, 5.41407871246, 16.7810573578, 17.2679252625, 17.6643104553, 33.3374977112, 21.884973526, 26.7044143677, 15.4231863022, 20.2938518524, 25.7951164246, 28.5015411377, 27.4056873322, 33.8028640747, 40.5862503052, 49.3793792725, 24.9889984131, 12.2584266663, 9.3435754776, 8.78333759308, 13.0895404816, 10.221616745, 8.85273838043, 6.94712352753, 6.33415222168, 4.13505315781, 1.76131391525, 0.721581995487, 0.31889089942, 0.10439774394, 0.00549227138981, 0.00013778579887, 3.92432521039e-05],
        "median": [0.00641343183815, 0.107563532889, 0.45890802145, 0.856272101402, 2.8635263443, 8.48324298859, 5.94857549667, 4.6079454422, 2.82984042168, 4.92028713226, 4.87058401108, 3.4573636055, 3.70673274994, 2.08115530014, 2.32389473915, 2.08345508575, 1.89593076706, 2.28573465347, 3.84900808334, 6.16307497025, 9.72647190094, 11.5456390381, 14.029209137, 6.64683103561, 3.4550743103, 2.2394156456, 2.16443490982, 4.00895214081, 3.50573372841, 2.54634332657, 3.04336690903, 2.9609875679, 1.88242077827, 0.626800239086, 0.196722209454, 0.0778196007013, 0.0330461934209, 0.00196095812134, 6.38641649857e-05, 3.13390883093e-05],
        "min": [5.67498937016e-05, 0.00198880652897, 0.0098110800609, 0.0291138626635, 0.0851668119431, 0.199496075511, 0.128900900483, 0.0437280386686, 0.024312581867, 0.0841074436903, 0.0732194557786, 0.0137928249314, 0.0246528051794, 0.00736126117408, 0.00984797533602, 0.0154962837696, 0.0154952285811, 0.0159560982138, 0.0474528372288, 0.0667776539922, 0.0379625856876, 0.0267501175404, 0.0627548620105, 0.028262745589, 0.00940308906138, 0.00686356285587, 0.00287058949471, 0.00317833689041, 0.00250638183206, 0.00148518383503, 0.00101593066938, 0.00105788058136, 0.000243159389356, 4.25927828474e-05, 1.45337098729e-05, 5.73819988858e-06, 2.99915700452e-06, 1.83040796742e-07, 5.21884032878e-07, 6.85139241341e-07],
        "var": [0.110621027648, 6.69264411926, 54.0643424988, 42.4327430725, 382.43145752, 221.186172485, 111.662742615, 102.656433105, 74.9836120605, 1122.16772461, 1636.06762695, 1669.5255127, 13196.8310547, 3396.16503906, 7711.34960938, 2026.95422363, 4692.00195312, 3613.95703125, 3430.02905273, 3103.8425293, 4797.06591797, 4851.09570312, 6032.92578125, 2070.79516602, 512.984558105, 256.767730713, 221.112838745, 405.539733887, 240.172225952, 210.451248169, 142.558166504, 127.802093506, 60.1591033936, 21.4290466309, 4.72248458862, 1.26505863667, 0.0545321218669, 0.000104319908132, 5.51530625614e-08, 1.02819064374e-09]
    },
    "gfcc": {
        "mean": [-7.21607351303, 70.7401123047, -104.157676697, 46.9991378784, -64.1982040405, 13.0613584518, -55.4633979797, 11.4919347763, -20.5906105042, -7.43640804291, -21.6098804474, 3.43773531914, -12.4347515106],
        "cov": [[4054.03955078, -1290.51318359, -940.773681641, -372.000366211, -321.267547607, 275.850372314, 49.2976646423, 39.4462165833, -318.445343018, 215.167068481, -275.543212891, 14.9714679718, -106.869476318], [-1290.51318359, 1511.01574707, -65.3333282471, -105.755065918, 372.915679932, -43.7072067261, 178.30317688, -63.0300521851, 274.94543457, -148.991577148, 158.628189087, -79.1408996582, 72.8834991455], [-940.773681641, -65.3333282471, 1264.84008789, 536.413818359, 68.0427703857, 172.909835815, 72.8375244141, 106.517524719, 130.140075684, 92.9710464478, 65.0173950195, 49.0229530334, 7.75655317307], [-372.000366211, -105.755065918, 536.413818359, 1188.80822754, 64.1391906738, -83.1864242554, 168.522857666, -8.9498128891, 206.231842041, 43.2408027649, 129.470840454, -32.7443695068, 96.6409835815], [-321.267547607, 372.915679932, 68.0427703857, 64.1391906738, 356.164550781, 42.8238754272, 14.3993358612, 59.1948280334, 114.120803833, -16.2763404846, 55.4308547974, 22.3061065674, 30.706407547], [275.850372314, -43.7072067261, 172.909835815, -83.1864242554, 42.8238754272, 389.525756836, 186.860916138, 0.871409535408, -1.15832996368, 102.864807129, 0.598156094551, 19.3211231232, 21.9403343201], [49.2976646423, 178.30317688, 72.8375244141, 168.522857666, 14.3993358612, 186.860916138, 414.48651123, -42.0590705872, -14.5611619949, 65.7503890991, 56.8026313782, -33.5645713806, 49.9112892151], [39.4462165833, -63.0300521851, 106.517524719, -8.9498128891, 59.1948280334, 0.871409535408, -42.0590705872, 229.650924683, 56.2790718079, -12.3820018768, 8.45850372314, 36.6086845398, -1.86978304386], [-318.445343018, 274.94543457, 130.140075684, 206.231842041, 114.120803833, -1.15832996368, -14.5611619949, 56.2790718079, 303.345092773, 4.77615118027, 25.2453403473, 5.61047840118, 32.4601554871], [215.167068481, -148.991577148, 92.9710464478, 43.2408027649, -16.2763404846, 102.864807129, 65.7503890991, -12.3820018768, 4.77615118027, 143.330062866, -12.2601118088, 3.3210952282, 3.02724742889], [-275.543212891, 158.628189087, 65.0173950195, 129.470840454, 55.4308547974, 0.598156094551, 56.8026313782, 8.45850372314, 25.2453403473, -12.2601118088, 121.228218079, 5.47688817978, 22.6943225861], [14.9714679718, -79.1408996582, 49.0229530334, -32.7443695068, 22.3061065674, 19.3211231232, -33.5645713806, 36.6086845398, 5.61047840118, 3.3210952282, 5.47688817978, 102.351928711, 5.86473798752], [-106.869476318, 72.8834991455, 7.75655317307, 96.6409835815, 30.706407547, 21.9403343201, 49.9112892151, -1.86978304386, 32.4601554871, 3.02724742889, 22.6943225861, 5.86473798752, 95.9319839478]],
        "icov": [[0.000691328081302, 0.000261928857071, 0.000807146192528, -0.000391303939978, 0.000128993226099, -0.000788310484495, -1.68711449078e-05, -0.000579095096327, 0.000317775760777, -0.000573253142647, 0.000953687238507, -0.000179905226105, 0.000732531480026], [0.000261928857071, 0.0033501193393, -0.00042586150812, 0.00210970710032, -0.002460465068, 0.00157190614846, -0.00250467308797, 0.00196979008615, -0.0033196634613, 0.00249202083796, -0.00262883468531, 0.00244695879519, -0.00105780211743], [0.000807146192528, -0.00042586150812, 0.00238062720746, -0.00169379077852, 0.000762598589063, -0.00219419389032, 0.000885989924427, -0.0016616982175, 0.0011321590282, -0.00148785603233, 0.00160719687119, -0.001202820451, 0.00185811356641], [-0.000391303939978, 0.00210970710032, -0.00169379077852, 0.00350367277861, -0.00173261656892, 0.00296912505291, -0.00245663477108, 0.00220520119183, -0.00335621088743, 0.00162417115644, -0.00348787149414, 0.00230263825506, -0.00246600667015], [0.000128993226099, -0.002460465068, 0.000762598589063, -0.00173261656892, 0.00557213462889, -0.00217003002763, 0.00204914063215, -0.00230531045236, 0.0015373112401, -0.00159079430159, 0.00110764242709, -0.00228147790767, 0.000705938320607], [-0.000788310484495, 0.00157190614846, -0.00219419389032, 0.00296912505291, -0.00217003002763, 0.00702773127705, -0.00364644336514, 0.00211116508581, -0.00260556233115, -0.000176519839442, -0.00237990403548, 0.000944276165683, -0.00246799108572], [-1.68711449078e-05, -0.00250467308797, 0.000885989924427, -0.00245663477108, 0.00204914063215, -0.00364644336514, 0.00612113112584, -0.00147714733612, 0.00330403633416, -0.00253140577115, 0.000770810584072, -0.000510873622261, 6.26425462542e-05], [-0.000579095096327, 0.00196979008615, -0.0016616982175, 0.00220520119183, -0.00230531045236, 0.00211116508581, -0.00147714733612, 0.00715609593317, -0.0033677527681, 0.00272849621251, -0.00291301961988, 0.000498610199429, -0.00135365698952], [0.000317775760777, -0.0033196634613, 0.0011321590282, -0.00335621088743, 0.0015373112401, -0.00260556233115, 0.00330403633416, -0.0033677527681, 0.0082947043702, -0.00332058849744, 0.00389659008943, -0.00239760125987, 0.00100765866227], [-0.000573253142647, 0.00249202083796, -0.00148785603233, 0.00162417115644, -0.00159079430159, -0.000176519839442, -0.00253140577115, 0.00272849621251, -0.00332058849744, 0.0121911186725, -0.00172779662535, 0.00175817729905, -0.0010878770845], [0.000953687238507, -0.00262883468531, 0.00160719687119, -0.00348787149414, 0.00110764242709, -0.00237990403548, 0.000770810584072, -0.00291301961988, 0.00389659008943, -0.00172779662535, 0.014944633469, -0.00360394292511, 0.00159627106041], [-0.000179905226105, 0.00244695879519, -0.001202820451, 0.00230263825506, -0.00228147790767, 0.000944276165683, -0.000510873622261, 0.000498610199429, -0.00239760125987, 0.00175817729905, -0.00360394292511, 0.0133965183049, -0.00270268390886], [0.000732531480026, -0.00105780211743, 0.00185811356641, -0.00246600667015, 0.000705938320607, -0.00246799108572, 6.26425462542e-05, -0.00135365698952, 0.00100765866227, -0.0010878770845, 0.00159627106041, -0.00270268390886, 0.0141382375732]]
    },
    "melbands": {
        "dmean": [0.00126386724878, 0.00161310797557, 0.000645191932563, 0.000559000996873, 0.000268517993391, 0.000104092177935, 6.65636762278e-05, 0.000163875505677, 0.000116161922051, 0.000103304621007, 0.000152833774337, 6.94458867656e-05, 7.81105918577e-05, 3.54374969902e-05, 3.67942120647e-05, 3.46613742295e-05, 3.84534141631e-05, 3.84969280276e-05, 3.14810677082e-05, 2.8250118703e-05, 3.20822327922e-05, 3.10553514282e-05, 3.15598699672e-05, 2.79989362753e-05, 1.14242466225e-05, 6.55762551105e-06, 5.83726023251e-06, 4.501830972e-06, 3.17937451655e-06, 5.19765944773e-06, 5.63757294003e-06, 3.64971629097e-06, 4.94215964864e-06, 2.9355960578e-06, 2.34166327573e-06, 2.4425785341e-06, 2.22726362153e-06, 1.93988171304e-06, 1.0851300658e-06, 7.04497495008e-07],
        "dmean2": [0.00220507220365, 0.00279416842386, 0.00107092584949, 0.000922820647247, 0.000454128428828, 0.000174976215931, 0.000105838698801, 0.00026391382562, 0.000186429999303, 0.000161900257808, 0.000237109954469, 0.000106336257886, 0.000115951661428, 5.11301077495e-05, 5.59035142942e-05, 5.05974530824e-05, 5.8715861087e-05, 5.86987771385e-05, 4.85902164655e-05, 4.27330523962e-05, 4.75845699839e-05, 4.54868895758e-05, 4.70729391964e-05, 4.11354303651e-05, 1.58924540301e-05, 9.40983682085e-06, 8.35573791846e-06, 6.37450466456e-06, 4.89943477078e-06, 8.07139622339e-06, 8.54475547385e-06, 5.17986200066e-06, 7.33968317945e-06, 4.45835030405e-06, 3.40701831192e-06, 3.47558625435e-06, 3.35818617714e-06, 2.97246310765e-06, 1.67625580616e-06, 1.09081497612e-06],
        "dvar": [6.43509793008e-06, 1.42437165778e-05, 1.61092498274e-06, 1.6089577457e-06, 1.19003999544e-07, 5.26645820287e-08, 2.20326725753e-08, 1.28434962221e-07, 8.59509796669e-08, 6.88831036655e-08, 2.77618482869e-07, 4.12416589768e-08, 6.15352533373e-08, 1.03496766712e-08, 1.70112350872e-08, 1.18438681085e-08, 8.65095550751e-09, 7.54748441523e-09, 4.83104933835e-09, 4.72345806912e-09, 4.77435913027e-09, 3.42851835811e-09, 3.52799833792e-09, 2.49536880048e-09, 5.82511205938e-10, 1.77422215808e-10, 1.33904387578e-10, 6.48403761239e-11, 3.32797990554e-11, 8.2921655653e-11, 8.69155095118e-11, 3.44552754383e-11, 7.4957859364e-11, 2.61857931172e-11, 1.87474185481e-11, 1.69058569227e-11, 1.7369359423e-11, 1.49848761871e-11, 9.45588746193e-12, 3.37727307058e-12],
        "dvar2": [1.83264783118e-05, 4.03428202844e-05, 3.99483678848e-06, 4.11883047491e-06, 3.35693783882e-07, 1.44911638245e-07, 5.5525063658e-08, 3.17750846079e-07, 2.07511803296e-07, 1.75407507186e-07, 6.33209651824e-07, 9.50689127421e-08, 1.37515598908e-07, 1.9900213033e-08, 4.28052153723e-08, 2.79063581132e-08, 1.69521303661e-08, 1.75324661456e-08, 1.13097140542e-08, 1.05170254727e-08, 1.02662243151e-08, 7.51602158289e-09, 7.36032301774e-09, 5.42638334267e-09, 1.11343245734e-09, 3.80064257843e-10, 2.71599825963e-10, 1.24549648373e-10, 8.298509796e-11, 2.02303396257e-10, 1.96789917695e-10, 6.89015719479e-11, 1.68605060469e-10, 5.66208503694e-11, 4.15420337019e-11, 2.82843141269e-11, 3.53497404959e-11, 3.30675348215e-11, 2.39902611665e-11, 8.54558177693e-12],
        "max": [0.0216898843646, 0.0275442320853, 0.0080146305263, 0.0114611424506, 0.00262009305879, 0.00277980254032, 0.0020559465047, 0.00413750391454, 0.0046449964866, 0.00335095194168, 0.00851903576404, 0.00313003710471, 0.0040064570494, 0.00199408875778, 0.0025848611258, 0.00198681326583, 0.00134150800295, 0.000888844602741, 0.00107925815973, 0.000907772628125, 0.00107549701352, 0.000627408735454, 0.000742774223909, 0.000557414081413, 0.000350649963366, 0.000133720473968, 0.000111364752229, 7.91578204371e-05, 7.37638183637e-05, 0.00012601535127, 6.90268134349e-05, 7.72868661443e-05, 0.000103871832835, 6.30042413832e-05, 5.80372179684e-05, 6.98931544321e-05, 5.21457550349e-05, 5.8172037825e-05, 7.99494955572e-05, 4.90421734867e-05],
        "mean": [0.0015148507664, 0.00185958342627, 0.000805113289971, 0.000736073416192, 0.000430865795352, 0.000152903186972, 9.36686046771e-05, 0.000198905327125, 0.000127497958601, 0.000114052760182, 0.000167209538631, 8.59384017531e-05, 9.63776328717e-05, 4.675062155e-05, 4.08183332183e-05, 4.2672490963e-05, 4.93220068165e-05, 4.67584868602e-05, 3.94844719267e-05, 3.57960998372e-05, 4.02147379646e-05, 4.11982946389e-05, 4.35282963736e-05, 4.42566306447e-05, 1.74306878762e-05, 9.36869128054e-06, 7.5522152656e-06, 5.81266704103e-06, 4.72650981465e-06, 7.07412800693e-06, 7.13967028787e-06, 5.33124921276e-06, 6.24474614597e-06, 4.14829310103e-06, 3.85073417419e-06, 4.05719492846e-06, 3.84388658858e-06, 3.3006904232e-06, 1.90657158328e-06, 1.30182468183e-06],
        "median": [6.8748027843e-05, 0.000218597371713, 0.000238424749114, 0.000404433987569, 0.000284746609395, 9.50566536631e-05, 4.60616793134e-05, 5.50776348973e-05, 3.22344785673e-05, 2.12643353734e-05, 1.68668429978e-05, 7.5017742347e-06, 7.17223429092e-06, 5.60149692319e-06, 4.46977173851e-06, 3.8820003283e-06, 3.78254549105e-06, 5.33378351975e-06, 6.37912353341e-06, 8.52007633512e-06, 1.17147874334e-05, 1.15233933684e-05, 1.11680128612e-05, 1.08727417683e-05, 3.71440319213e-06, 1.80855636245e-06, 1.74884951321e-06, 1.25307497001e-06, 1.04533341982e-06, 1.7027513195e-06, 2.39873793362e-06, 2.02819705919e-06, 1.63747631632e-06, 1.24771827359e-06, 1.62726905728e-06, 1.74643264472e-06, 1.71583781139e-06, 1.44131479374e-06, 7.27439896764e-07, 3.80659429311e-07],
        "min": [8.16509270862e-07, 5.23160542798e-06, 4.17194496549e-06, 1.09838329081e-05, 6.11373707216e-06, 5.45520379092e-07, 3.02960074805e-07, 8.25116842407e-07, 4.08816674735e-07, 7.69361392372e-08, 1.20402773973e-07, 2.74608211726e-08, 2.93903550386e-08, 2.48759448596e-08, 1.71971947793e-08, 2.7907143263e-08, 2.05907788597e-08, 3.80778715225e-08, 7.89726968264e-08, 5.35364002019e-08, 3.38449410719e-08, 2.34642598684e-08, 5.45862945955e-08, 2.72340514584e-08, 1.79581522985e-08, 6.17370110589e-09, 6.29812513253e-09, 3.02391245377e-09, 4.30359664572e-10, 2.00332128664e-09, 1.7254490059e-09, 1.37472744299e-09, 7.33873350978e-10, 2.5403668058e-10, 5.12341835623e-10, 6.06157013472e-10, 4.29416974201e-10, 1.54725593449e-10, 7.15406206497e-11, 3.37735460258e-12],
