{
"highlevel": {
    "danceability": {
        "all": {
            "danceable": 0.988370776176,
            "not_danceable": 0.0116292089224
        },
        "probability": 0.988370776176,
        "value": "danceable"
    },
    "gender": {
        "all": {
            "female": 0.566860258579,
            "male": 0.433139741421
        },
        "probability": 0.566860258579,
        "value": "female"
    },
    "genre_dortmund": {
        "all": {
            "alternative": 0.0334883369505,
            "blues": 0.0813191011548,
            "electronic": 0.278352499008,
            "folkcountry": 0.0361434482038,
            "funksoulrnb": 0.00960437115282,
            "jazz": 0.47325065732,
            "pop": 0.0221627019346,
            "raphiphop": 0.0125217009336,
            "rock": 0.0531571991742
        },
        "probability": 0.47325065732,
        "value": "jazz"
    },
    "genre_electronic": {
        "all": {
            "ambient": 0.258176058531,
            "dnb": 0.0430946908891,
            "house": 0.555410444736,
            "techno": 0.133622527122,
            "trance": 0.0096963038668
        },
        "probability": 0.555410444736,
        "value": "house"
    },
    "genre_rosamerica": {
        "all": {
            "cla": 0.0115366326645,
            "dan": 0.0331868045032,
            "hip": 0.233994692564,
            "jaz": 0.0708773583174,
            "pop": 0.0194203071296,
            "rhy": 0.524091303349,
            "roc": 0.00834303814918,
            "spe": 0.0985498651862
        },
        "probability": 0.524091303349,
        "value": "rhy"
    },
    "genre_tzanetakis": {
        "all": {
            "blu": 0.0626613423228,
            "cla": 0.0348169617355,
            "cou": 0.104475811124,
            "dis": 0.0784321576357,
            "hip": 0.15692435205,
            "jaz": 0.313974827528,
            "met": 0.0448166541755,
            "pop": 0.0627359300852,
            "reg": 0.0627360641956,
            "roc": 0.0784258767962
        },
        "probability": 0.313974827528,
        "value": "jaz"
    },
    "ismir04_rhythm": {
        "all": {
            "ChaChaCha": 0.132238849998,
            "Jive": 0.0521701686084,
            "Quickstep": 0.18475432694,
            "Rumba-American": 0.0356336794794,
            "Rumba-International": 0.0551856122911,
            "Rumba-Misc": 0.0111656505615,
            "Samba": 0.516905963421,
            "Tango": 0.00448461249471,
            "VienneseWaltz": 0.00414988864213,
            "Waltz": 0.00331123569049
        },
        "probability": 0.516905963421,
        "value": "Samba"
    },
    "mood_acoustic": {
        "all": {
            "acoustic": 0.626569330692,
            "not_acoustic": 0.373430639505
        },
        "probability": 0.626569330692,
        "value": "acoustic"
    },
    "mood_aggressive": {
        "all": {
            "aggressive": 0.533067107201,
            "not_aggressive": 0.466932892799
        },
        "probability": 0.533067107201,
        "value": "aggressive"
    },
    "mood_electronic": {
        "all": {
            "electronic": 0.765774428844,
            "not_electronic": 0.234225586057
        },
        "probability": 0.765774428844,
        "value": "electronic"
    },
    "mood_happy": {
        "all": {
            "happy": 0.0487927421927,
            "not_happy": 0.951207280159
        },
        "probability": 0.951207280159,
        "value": "not_happy"
    },
    "mood_party": {
        "all": {
            "not_party": 0.328577697277,
            "party": 0.671422302723
        },
        "probability": 0.671422302723,
        "value": "party"
    },
    "mood_relaxed": {
        "all": {
            "not_relaxed": 0.443424940109,
            "relaxed": 0.556575059891
        },
        "probability": 0.556575059891,
        "value": "relaxed"
    },
    "mood_sad": {
        "all": {
            "not_sad": 0.467820137739,
            "sad": 0.532179832458
        },
        "probability": 0.532179832458,
        "value": "sad"
    },
    "moods_mirex": {
        "all": {
            "Cluster1": 0.26538708806,
            "Cluster2": 0.201188787818,
            "Cluster3": 0.206464245915,
            "Cluster4": 0.0779072716832,
            "Cluster5": 0.249052584171
        },
        "probability": 0.26538708806,
        "value": "Cluster1"
    },
    "timbre": {
        "all": {
            "bright": 0.969295620918,
            "dark": 0.03070435673
        },
        "probability": 0.969295620918,
        "value": "bright"
    },
    "tonal_atonal": {
        "all": {
            "atonal": 0.999999821186,
            "tonal": 1.97150839654e-07
        },
        "probability": 0.999999821186,
        "value": "atonal"
    },
    "voice_instrumental": {
        "all": {
            "instrumental": 0.969741046429,
            "voice": 0.0302589330822
        },
        "probability": 0.969741046429,
        "value": "instrumental"
    }
},
"lowlevel": {
    "average_loudness": 0.973424494267,
    "barkbands_crest": {
        "dmean": 2.80557155609,
        "dmean2": 4.35799837112,
        "dvar": 9.12549877167,
        "dvar2": 21.951499939,
        "max": 26.2696666718,
        "mean": 14.1516456604,
        "median": 14.841176033,
        "min": 3.0332710743,
        "var": 22.4673805237
    },
    "barkbands_flatness_db": {
        "dmean": 0.0551335178316,
        "dmean2": 0.0729650184512,
        "dvar": 0.00332120363601,
        "dvar2": 0.00616084551439,
        "max": 0.738748311996,
        "mean": 0.273421674967,
        "median": 0.265001565218,
        "min": 0.052994966507,
        "var": 0.014092322439
    },
    "barkbands_kurtosis": {
        "dmean": 37.869644165,
        "dmean2": 55.9037742615,
        "dvar": 2948.31982422,
        "dvar2": 5851.1171875,
        "max": 406.517822266,
        "mean": 61.9829864502,
        "median": 22.1858005524,
        "min": -1.92742431164,
        "var": 6738.06884766
    },
    "barkbands_skewness": {
        "dmean": 2.15852332115,
        "dmean2": 3.09789061546,
        "dvar": 4.5911564827,
        "dvar2": 9.86086463928,
        "max": 16.7812137604,
        "mean": 4.87884283066,
        "median": 4.11036586761,
        "min": -3.8287088871,
        "var": 16.3540420532
    },
    "barkbands_spread": {
        "dmean": 11.9488134384,
        "dmean2": 18.0124435425,
        "dvar": 242.686798096,
        "dvar2": 480.780883789,
        "max": 101.158187866,
        "mean": 21.6047496796,
        "median": 9.71170806885,
        "min": 0.245142966509,
        "var": 604.427734375
    },
    "dissonance": {
        "dmean": 0.0224094185978,
        "dmean2": 0.0333476997912,
        "dvar": 0.000713210611138,
        "dvar2": 0.00145201967098,
        "max": 0.500000059605,
        "mean": 0.456710726023,
        "median": 0.472262769938,
        "min": 0.211754485965,
        "var": 0.00198399019428
    },
    "dynamic_complexity": 2.97363352776,
    "erbbands_crest": {
        "dmean": 2.91307663918,
        "dmean2": 4.31491470337,
        "dvar": 9.58756828308,
        "dvar2": 19.2967739105,
        "max": 28.2206268311,
        "mean": 11.5936031342,
        "median": 11.4435853958,
        "min": 2.77703118324,
        "var": 29.8867492676
    },
    "erbbands_flatness_db": {
        "dmean": 0.0387917794287,
        "dmean2": 0.0486311540008,
        "dvar": 0.00169586215634,
        "dvar2": 0.00273694470525,
        "max": 0.601180791855,
        "mean": 0.199933111668,
        "median": 0.184536665678,
        "min": 0.0713400170207,
        "var": 0.00632590986788
    },
    "erbbands_kurtosis": {
        "dmean": 13.8736906052,
        "dmean2": 19.5830078125,
        "dvar": 637.60949707,
        "dvar2": 1154.9284668,
        "max": 205.587295532,
        "mean": 15.3092927933,
        "median": 1.26424884796,
        "min": -1.9100266695,
        "var": 1076.80285645
    },
    "erbbands_skewness": {
        "dmean": 1.47358286381,
        "dmean2": 1.90014386177,
        "dvar": 2.71406149864,
        "dvar2": 4.36717748642,
        "max": 11.2104234695,
        "mean": 1.88238656521,
        "median": 0.96193921566,
        "min": -3.48092079163,
        "var": 9.23458957672
    },
    "erbbands_spread": {
        "dmean": 27.2437839508,
        "dmean2": 40.3375701904,
        "dvar": 779.504333496,
        "dvar2": 1569.515625,
        "max": 161.798080444,
        "mean": 62.6207237244,
        "median": 56.8266868591,
        "min": 0.788021922112,
        "var": 1905.87414551
    },
    "hfc": {
        "dmean": 10.54088974,
        "dmean2": 16.0556335449,
        "dvar": 370.861877441,
        "dvar2": 913.605834961,
        "max": 150.700790405,
        "mean": 14.8646297455,
        "median": 7.93186950684,
        "min": 0.109644815326,
        "var": 400.808380127
    },
    "melbands_crest": {
        "dmean": 3.25053215027,
        "dmean2": 5.15585803986,
        "dvar": 12.8310861588,
        "dvar2": 31.9698810577,
        "max": 32.8928756714,
        "mean": 20.6679801941,
        "median": 21.0426216125,
        "min": 2.9400908947,
        "var": 34.2549667358
    },
    "melbands_flatness_db": {
        "dmean": 0.0680005773902,
        "dmean2": 0.0876701325178,
        "dvar": 0.00470457412302,
        "dvar2": 0.00869233068079,
        "max": 0.889257252216,
        "mean": 0.326105237007,
        "median": 0.321376681328,
        "min": 0.0201332531869,
        "var": 0.0222473964095
    },
    "melbands_kurtosis": {
        "dmean": 94.3953552246,
        "dmean2": 144.908630371,
        "dvar": 13602.3603516,
        "dvar2": 31701.75,
        "max": 1074.31298828,
        "mean": 166.225509644,
        "median": 94.2912902832,
        "min": -1.84226918221,
        "var": 32780.0742188
    },
    "melbands_skewness": {
        "dmean": 3.25430035591,
        "dmean2": 5.02658987045,
        "dvar": 10.8596601486,
        "dvar2": 22.741394043,
        "max": 24.5212268829,
        "mean": 8.08192062378,
        "median": 7.44505929947,
        "min": -2.53666853905,
        "var": 25.9081115723
    },
    "melbands_spread": {
        "dmean": 14.7084980011,
        "dmean2": 23.9468078613,
        "dvar": 855.323791504,
        "dvar2": 2211.93212891,
        "max": 246.732315063,
        "mean": 19.9393768311,
        "median": 4.40377569199,
        "min": 0.275324821472,
        "var": 1323.88745117
    },
    "pitch_salience": {
        "dmean": 0.0852177962661,
        "dmean2": 0.136788442731,
        "dvar": 0.00948338862509,
        "dvar2": 0.0254640150815,
        "max": 0.86212271452,
        "mean": 0.486667096615,
        "median": 0.482826471329,
        "min": 0.107235156,
        "var": 0.0162206478417
    },
    "silence_rate_20dB": {
        "dmean": 0,
        "dmean2": 0,
        "dvar": 0,
        "dvar2": 0,
        "max": 1,
        "mean": 1,
        "median": 1,
        "min": 1,
        "var": 0
    },
    "silence_rate_30dB": {
        "dmean": 0.0371517017484,
        "dmean2": 0.0743609592319,
        "dvar": 0.0357720181346,
        "dvar2": 0.090521402657,
        "max": 1,
        "mean": 0.973704576492,
        "median": 1,
        "min": 0,
        "var": 0.0256039351225
    },
    "silence_rate_60dB": {
        "dmean": 0.0851393193007,
        "dmean2": 0.170410528779,
        "dvar": 0.0778900012374,
        "dvar2": 0.155312180519,
        "max": 1,
        "mean": 0.160866200924,
        "median": 0,
        "min": 0,
        "var": 0.13498903811
    },
    "spectral_centroid": {
        "dmean": 456.217651367,
        "dmean2": 697.385498047,
        "dvar": 401230.09375,
        "dvar2": 853080.4375,
        "max": 5473.69482422,
        "mean": 1057.55273438,
        "median": 561.156433105,
        "min": 149.655197144,
        "var": 1143489.5
    },
    "spectral_complexity": {
        "dmean": 4.28250789642,
        "dmean2": 6.75832700729,
        "dvar": 68.5249023438,
        "dvar2": 151.3228302,
        "max": 55,
        "mean": 6.5081205368,
        "median": 3,
        "min": 0,
        "var": 89.0953292847
    },
    "spectral_decrease": {
        "dmean": 3.95529475838e-09,
        "dmean2": 6.25811891197e-09,
        "dvar": 6.12910393655e-17,
        "dvar2": 1.53404734179e-16,
        "max": -2.99656762077e-12,
        "mean": -8.0057676044e-09,
        "median": -6.78167788593e-09,
        "min": -6.35894608081e-08,
        "var": 6.98873186669e-17
    },
    "spectral_energy": {
        "dmean": 0.0156515240669,
        "dmean2": 0.0246584620327,
        "dvar": 0.000932117167395,
        "dvar2": 0.00231663160957,
        "max": 0.246489822865,
        "mean": 0.0315639004111,
        "median": 0.0265451222658,
        "min": 2.12789600482e-05,
        "var": 0.00106907729059
    },
    "spectral_energyband_high": {
        "dmean": 0.000967429950833,
        "dmean2": 0.00145104725379,
        "dvar": 3.12518272949e-06,
        "dvar2": 7.47568446968e-06,
        "max": 0.0169283188879,
        "mean": 0.00113797129598,
        "median": 0.000207422417589,
        "min": 1.19909744356e-08,
        "var": 3.85472912967e-06
    },
    "spectral_energyband_low": {
        "dmean": 0.0108241038397,
        "dmean2": 0.0176779814065,
        "dvar": 0.000774286687374,
        "dvar2": 0.00202289409935,
        "max": 0.235047399998,
        "mean": 0.0151786711067,
        "median": 0.00753541104496,
        "min": 1.43185969748e-08,
        "var": 0.000712845067028
    },
    "spectral_energyband_middle_high": {
        "dmean": 0.000975881004706,
        "dmean2": 0.00169348937925,
        "dvar": 7.09112919139e-06,
        "dvar2": 1.95188786165e-05,
        "max": 0.0229075718671,
        "mean": 0.000800639740191,
        "median": 7.12912151357e-05,
        "min": 4.45614674049e-08,
        "var": 5.30515535502e-06
    },
    "spectral_energyband_middle_low": {
        "dmean": 0.00760079594329,
        "dmean2": 0.0114390533417,
        "dvar": 0.000149486513692,
        "dvar2": 0.000344683678122,
        "max": 0.118160150945,
        "mean": 0.0205935891718,
        "median": 0.0173027776182,
        "min": 1.96523569684e-06,
        "var": 0.000345874461345
    },
    "spectral_entropy": {
        "dmean": 0.544999659061,
        "dmean2": 0.67850369215,
        "dvar": 0.344165861607,
        "dvar2": 0.516067504883,
        "max": 8.83598327637,
        "mean": 6.98939371109,
        "median": 7.38759279251,
        "min": 3.31385493279,
        "var": 1.44216561317
    },
    "spectral_flux": {
        "dmean": 0.0442433059216,
        "dmean2": 0.0671950429678,
        "dvar": 0.00384358991869,
        "dvar2": 0.00723232235759,
        "max": 0.434946894646,
        "mean": 0.0732361003757,
        "median": 0.0442873649299,
        "min": 0.00365786091425,
        "var": 0.00611083488911
    },
    "spectral_kurtosis": {
        "dmean": 3.580555439,
        "dmean2": 5.34964609146,
        "dvar": 289.280487061,
        "dvar2": 737.67376709,
        "max": 400.813446045,
        "mean": 4.40807771683,
        "median": 1.39538574219,
        "min": -0.65945148468,
        "var": 291.399353027
    },
    "spectral_rms": {
        "dmean": 0.00127229315694,
        "dmean2": 0.00185949611478,
        "dvar": 3.7066852201e-06,
        "dvar2": 7.88406214269e-06,
        "max": 0.0155073488131,
        "mean": 0.00480677001178,
        "median": 0.00508897611871,
        "min": 0.000144083169289,
        "var": 7.68897280068e-06
    },
    "spectral_rolloff": {
        "dmean": 1140.64489746,
        "dmean2": 1905.88171387,
        "dvar": 4513379.5,
        "dvar2": 9139882,
        "max": 12338.5253906,
        "mean": 1883.91955566,
        "median": 236.865234375,
        "min": 86.1328125,
        "var": 9631389
    },
    "spectral_skewness": {
        "dmean": 0.509527087212,
        "dmean2": 0.670047461987,
        "dvar": 0.702141702175,
        "dvar2": 1.40583598614,
        "max": 17.447769165,
        "mean": 1.47159659863,
        "median": 1.09373319149,
        "min": 0.0962677970529,
        "var": 1.58082795143
    },
    "spectral_spread": {
        "dmean": 1388552,
        "dmean2": 2036552.75,
        "dvar": 2.22380503859e+12,
        "dvar2": 3.89848471962e+12,
        "max": 26972232,
        "mean": 7034534.5,
        "median": 6988153.5,
        "min": 324559.1875,
        "var": 4.90087225754e+12
    },
    "spectral_strongpeak": {
        "dmean": 0.217712089419,
        "dmean2": 0.34991684556,
        "dvar": 0.0757248103619,
        "dvar2": 0.171941325068,
        "max": 3.07692599297,
        "mean": 0.625905632973,
        "median": 0.606961548328,
        "min": 0.00473949126899,
        "var": 0.164754673839
    },
    "zerocrossingrate": {
        "dmean": 0.025169916451,
        "dmean2": 0.0277091097087,
        "dvar": 0.000934370618779,
        "dvar2": 0.000947801570874,
        "max": 0.36865234375,
        "mean": 0.073224812746,
        "median": 0.04443359375,
        "min": 0.00537109375,
        "var": 0.00604899087921
    },
    "barkbands": {
        "dmean": [3.24355896737e-05, 0.0028425285127, 0.00673930114135, 0.00469047902152, 0.00340412836522, 0.000356373202521, 0.000207253440749, 0.000118043033581, 5.61561573704e-05, 3.810272392e-05, 3.97222574975e-05, 8.90886512934e-05, 8.85503541213e-05, 3.78449949494e-05, 5.78222934564e-05, 0.000154516281327, 6.73055837979e-05, 0.000173113992787, 0.00016821284953, 0.000176752553671, 0.000206018172321, 0.000214657207835, 0.000131875087391, 0.000201928836759, 0.000165515637491, 4.92635153932e-05, 3.27276317158e-09],
        "dmean2": [5.50862387172e-05, 0.00461221719161, 0.0118723595515, 0.00678543932736, 0.00548176886514, 0.00061093410477, 0.000359786645276, 0.000214521089219, 0.000101872188679, 6.98946751072e-05, 7.44612480048e-05, 0.000162863580044, 0.00015559962776, 6.13301090198e-05, 0.000103201549791, 0.000270374177489, 0.000116046561743, 0.000303323176922, 0.000298249244224, 0.000307953800075, 0.000338133744663, 0.000317832629662, 0.000201191855012, 0.000313221680699, 0.000263241294306, 7.8634278907e-05, 4.61103022431e-09],
        "dvar": [2.15556248406e-08, 9.15814234759e-05, 0.000426113518188, 5.23034177604e-05, 4.4095213525e-05, 5.71732527987e-07, 2.59300293237e-07, 1.30278948518e-07, 2.73806559647e-08, 1.20767209566e-08, 1.36371793857e-08, 6.96212154594e-08, 5.92868723004e-08, 1.24341212882e-08, 2.75733818e-08, 3.39434819807e-07, 3.56997915674e-08, 2.77722023156e-07, 2.17275001546e-07, 2.29597588941e-07, 2.09761807923e-07, 1.65903642824e-07, 4.64078695472e-08, 1.33230358301e-07, 9.02723797935e-08, 8.18409162662e-09, 3.33045392751e-15],
        "dvar2": [5.75145335802e-08, 0.000205105010536, 0.00120347645134, 0.000119387710583, 0.000107295265479, 1.53104781475e-06, 6.57457974285e-07, 3.70517312831e-07, 7.6916599312e-08, 3.42814843179e-08, 3.91198256011e-08, 1.97078804831e-07, 1.61082823524e-07, 3.08763397072e-08, 7.73126558329e-08, 9.071135878e-07, 9.49182066279e-08, 7.48900674807e-07, 6.1151877162e-07, 6.30689953596e-07, 5.28034888703e-07, 3.76519579959e-07, 1.05361998237e-07, 3.42295379596e-07, 2.32150995316e-07, 2.10834443237e-08, 3.34814675171e-15],
        "max": [0.00187734258361, 0.11466036737, 0.173350721598, 0.0707973390818, 0.0616965331137, 0.00582890817896, 0.00667850347236, 0.00459317117929, 0.00140630279202, 0.00083868810907, 0.000919616315514, 0.0021348730661, 0.00230791373178, 0.0019007405499, 0.00155614875257, 0.00844035018235, 0.00223519536667, 0.00497554149479, 0.00422662263736, 0.003975934349, 0.00410609040409, 0.00504946755245, 0.00174188613892, 0.00346184032969, 0.00233451020904, 0.000710281427018, 2.07053585655e-06],
        "mean": [2.80580170511e-05, 0.00308906147256, 0.00592432776466, 0.0121762519702, 0.00742370542139, 0.000524562667124, 0.000314403034281, 0.000108738466224, 3.85678031307e-05, 2.5833485779e-05, 2.76634837064e-05, 6.45331892883e-05, 6.88186191837e-05, 3.72520917153e-05, 4.78513211419e-05, 0.000111312467197, 6.00189887336e-05, 0.00013270022464, 0.000139598982059, 0.000156097928993, 0.000241442307015, 0.000268159608822, 0.000156852474902, 0.000197555171326, 0.00015567074297, 4.48608880106e-05, 2.92944313252e-09],
        "median": [2.30733689932e-06, 0.000156802023412, 0.00154462340288, 0.00871485937387, 0.00333566451445, 0.000168374332134, 1.3072348338e-05, 4.37329936176e-06, 2.3549459911e-06, 1.15998921046e-06, 1.08527615339e-06, 2.11647875403e-06, 2.77416756944e-06, 2.39471091845e-06, 2.31874446399e-06, 4.96628535984e-06, 4.10076654589e-06, 8.59857300384e-06, 1.07787627712e-05, 1.41835334944e-05, 2.51119763561e-05, 4.39159193775e-05, 3.12521442538e-05, 3.73655529984e-05, 3.35289114446e-05, 9.14946758712e-06, 3.83713366636e-10],
        "min": [9.78089720327e-10, 3.39436123653e-09, 2.1757580182e-09, 6.44148334672e-09, 5.94651282881e-07, 1.36861658007e-07, 3.31360858752e-08, 1.16997336264e-08, 5.14992315459e-09, 6.88934331805e-09, 5.68674174417e-09, 3.58225071828e-09, 3.78541642476e-09, 1.89531634831e-09, 1.78824810515e-09, 1.15733100881e-09, 9.25081455883e-10, 9.5718166726e-10, 1.03173858346e-09, 1.24200849605e-09, 1.4594241371e-09, 2.12293183033e-09, 2.02919503423e-09, 2.13795758874e-09, 2.39766695387e-09, 5.1440220139e-11, 1.96689713128e-11],
        "var": [1.61608575411e-08, 0.00011642723257, 0.000272373959888, 0.000148634848301, 9.46396685322e-05, 7.51776724428e-07, 5.51940843252e-07, 1.04297377845e-07, 1.7207547387e-08, 7.55770912519e-09, 8.4655109589e-09, 4.61711771038e-08, 4.47651018476e-08, 1.32963409172e-08, 2.13306421415e-08, 2.45468555704e-07, 3.13152810349e-08, 2.09757047287e-07, 1.55051111506e-07, 1.74185601054e-07, 2.27699743505e-07, 2.41756254127e-07, 6.76819169598e-08, 1.29879850874e-07, 8.03373012559e-08, 6.96836632841e-09, 3.33039399993e-15]
    },
    "erbbands": {
        "dmean": [0.0459065660834, 0.831194698811, 6.057970047, 12.6974105835, 14.1287660599, 10.0171728134, 5.24716472626, 2.26544976234, 3.09788584709, 2.88808274269, 1.95806562901, 1.24484407902, 1.1444991827, 1.07818448544, 2.62742567062, 3.54060339928, 3.84441208839, 2.68441200256, 2.05424165726, 5.14445018768, 7.0913901329, 4.41119766235, 8.7448091507, 8.93466281891, 9.99894332886, 9.06578636169, 8.47356891632, 7.41982221603, 7.443795681, 6.96959352493, 3.38814425468, 4.10769414902, 3.15663218498, 2.30519080162, 0.950298666954, 0.292462348938, 0.0844546034932, 0.00498090311885, 0.000114421032777, 2.46757008426e-05],
        "dmean2": [0.0747989341617, 1.35709667206, 10.4214639664, 20.4561080933, 21.3680686951, 16.1159477234, 8.97172832489, 3.8559718132, 5.06516170502, 5.2441983223, 3.59580874443, 2.23110580444, 2.09913635254, 1.95319151878, 4.9287815094, 6.40560865402, 6.69963169098, 4.50667858124, 3.52277684212, 8.9950094223, 12.5767087936, 7.58895730972, 15.3107357025, 15.9370117188, 17.6773395538, 15.9718875885, 14.1133975983, 11.196647644, 11.1189393997, 10.923989296, 5.00774478912, 6.44904708862, 4.90883779526, 3.67755365372, 1.52968382835, 0.469492912292, 0.135218292475, 0.00832956377417, 0.000183839118108, 3.7709793105e-05],
        "dvar": [0.0335829593241, 7.13550424576, 341.924499512, 642.260925293, 630.250610352, 390.046722412, 130.193588257, 24.0710601807, 54.4848213196, 61.1729736328, 33.7997932434, 13.8939943314, 10.8959541321, 9.79144954681, 67.7582626343, 102.474906921, 107.162841797, 69.3904647827, 29.2583503723, 278.750549316, 625.155456543, 151.769378662, 682.36126709, 730.459350586, 772.257568359, 609.86138916, 434.229156494, 204.104995728, 222.048706055, 154.290664673, 30.3457641602, 64.7487335205, 30.8254489899, 19.5627212524, 2.88649535179, 0.271207362413, 0.0253024622798, 0.00012241632794, 5.25905328175e-08, 1.88847182336e-09],
        "dvar2": [0.0835633054376, 16.2926845551, 955.749389648, 1731.45996094, 1398.09570312, 1004.96899414, 334.118041992, 63.8227500916, 128.815078735, 170.652038574, 96.7295913696, 38.4299278259, 30.9770736694, 27.6080188751, 194.647262573, 289.143798828, 287.207824707, 179.920379639, 78.0010070801, 734.460510254, 1706.38598633, 404.887817383, 1833.31799316, 2040.19116211, 2174.80664062, 1697.90527344, 1164.9005127, 437.117156982, 489.559844971, 384.550811768, 67.968132019, 169.195785522, 77.9608383179, 50.5994338989, 7.42338705063, 0.692297458649, 0.066057883203, 0.000324019929394, 1.37524722277e-07, 4.62667104628e-09],
        "max": [2.78961133957, 27.3324260712, 166.615692139, 202.903717041, 250.776412964, 159.029937744, 147.569213867, 48.2985839844, 106.738899231, 95.2827529907, 51.5885124207, 36.9143218994, 34.2826843262, 27.5977230072, 67.532989502, 76.1044235229, 106.352256775, 144.204071045, 52.5975151062, 188.940063477, 365.397857666, 134.107421875, 229.3384552, 304.431396484, 226.628143311, 190.986785889, 222.404312134, 134.767196655, 161.862014771, 143.940231323, 45.7200393677, 91.3000564575, 48.2676849365, 34.6279945374, 15.5820159912, 4.18779230118, 1.61472153664, 0.12998649478, 0.00255360989831, 0.000360156322131],
        "mean": [0.0425169505179, 0.917968153954, 5.73926115036, 26.3136291504, 37.136264801, 20.4285316467, 8.27749252319, 3.41920280457, 5.20589399338, 3.67427635193, 1.53818917274, 0.892081260681, 0.795534014702, 0.777539253235, 1.78466022015, 2.64026021957, 3.04996991158, 2.4395108223, 1.88337349892, 4.06532239914, 5.09846353531, 3.89601373672, 6.82185983658, 6.94944143295, 8.2511472702, 7.88252687454, 8.42654895782, 10.1126642227, 9.49462890625, 7.98477458954, 3.96776890755, 4.02735185623, 3.03605937958, 2.1591656208, 0.892612755299, 0.272023677826, 0.0732213258743, 0.00408881111071, 0.000110558445158, 4.37960479758e-05],
        "median": [0.00258685741574, 0.094621039927, 1.77575862408, 18.0353031158, 22.4529628754, 11.186753273, 3.86822390556, 1.08589065075, 0.392000198364, 0.148988604546, 0.101992726326, 0.0737486481667, 0.0431047677994, 0.0405586957932, 0.058536849916, 0.0946629419923, 0.142162650824, 0.140711799264, 0.109631098807, 0.17483715713, 0.259509563446, 0.272723048925, 0.436308771372, 0.491085767746, 0.636565327644, 0.731298863888, 0.893861413002, 1.12291538715, 1.39851260185, 1.5555049181, 0.788894414902, 0.740977406502, 0.555134475231, 0.43599396944, 0.201529592276, 0.0563252605498, 0.0124605568126, 0.000535737839527, 2.89812433039e-05, 3.54083022103e-05],
        "min": [1.4960070871e-07, 7.48212528379e-07, 3.27064617522e-06, 7.31321342755e-05, 0.00089362426661, 0.00150054844562, 0.00246152561158, 0.00059969490394, 0.00055015279213, 0.000410254171584, 0.000300422980217, 0.000109063876153, 0.000225874828175, 0.000296980084386, 0.000204719355679, 0.000185485303518, 0.000236791995121, 0.00012585191871, 0.000133628040203, 0.000108603337139, 8.21126595838e-05, 6.945063069e-05, 6.8201625254e-05, 5.71873533772e-05, 6.11546711298e-05, 6.48806744721e-05, 6.14507953287e-05, 6.33314775769e-05, 9.19906160561e-05, 8.29143755254e-05, 8.0257501395e-05, 8.33796948427e-05, 4.2051084165e-05, 3.96819086745e-05, 4.50250372523e-05, 2.4789444069e-05, 6.95346670909e-06, 1.01104399164e-06, 7.47913418309e-07, 1.22195800145e-07],
        "var": [0.0322461314499, 8.84369277954, 234.354019165, 818.774658203, 1740.359375, 609.205993652, 149.609115601, 38.716545105, 158.444030762, 66.4594116211, 21.2806663513, 9.20415782928, 6.88371133804, 6.40970993042, 40.91563797, 70.8309020996, 83.8262405396, 64.5031814575, 27.9447784424, 219.814483643, 435.368865967, 131.461959839, 519.65826416, 519.012329102, 541.977600098, 438.58694458, 365.354858398, 345.850158691, 326.117279053, 189.468902588, 43.5024604797, 58.8634605408, 31.0133190155, 17.2676467896, 2.50268578529, 0.236889481544, 0.0209099389613, 9.18620498851e-05, 4.23986357134e-08, 2.0927712896e-09]
    },
    "gfcc": {
        "mean": [-92.8860931396, 45.1873168945, -46.6749687195, 81.1304321289, -68.4146270752, 11.5412845612, -61.5517044067, -12.3323011398, -43.3289146423, -4.91632986069, -25.4006195068, -6.19908618927, -16.6665840149],
        "cov": [[8050.47363281, -347.716125488, -1535.94335938, 275.930419922, 524.050964355, 728.044677734, 503.387176514, 662.569152832, 8.14858150482, 233.615859985, -81.0090026855, -65.678527832, -273.181884766], [-347.716125488, 2206.98364258, 706.407348633, 65.4007492065, 468.904083252, -125.295722961, 133.794158936, -226.85635376, 205.509246826, -325.962402344, 57.0381088257, -290.463226318, 39.4567184448], [-1535.94335938, 706.407348633, 2229.91650391, 675.529968262, 116.252845764, -263.326080322, -196.798583984, -586.977600098, -292.569458008, -389.369567871, -240.095062256, -204.462387085, 25.1802959442], [275.930419922, 65.4007492065, 675.529968262, 702.085266113, 269.43258667, 102.731872559, 65.6123046875, -199.176956177, -189.023544312, -192.630706787, -128.252410889, -103.296043396, 41.474937439], [524.050964355, 468.904083252, 116.252845764, 269.43258667, 612.342163086, 290.701782227, 205.002593994, -20.5750160217, -60.8816108704, -166.780853271, -56.1137580872, -72.2085342407, 23.1602230072], [728.044677734, -125.295722961, -263.326080322, 102.731872559, 290.701782227, 399.484924316, 207.662246704, 136.863571167, 11.0551738739, 7.20119476318, -12.234457016, 12.9386730194, -4.45589208603], [503.387176514, 133.794158936, -196.798583984, 65.6123046875, 205.002593994, 207.662246704, 249.168869019, 144.122344971, 81.7920532227, 17.0448188782, 28.0121517181, -16.2206611633, -1.33501982689], [662.569152832, -226.85635376, -586.977600098, -199.176956177, -20.5750160217, 136.863571167, 144.122344971, 342.343963623, 186.676010132, 209.092300415, 104.477325439, 75.4181900024, -45.8357391357], [8.14858150482, 205.509246826, -292.569458008, -189.023544312, -60.8816108704, 11.0551738739, 81.7920532227, 186.676010132, 287.540039062, 161.209396362, 138.054229736, 15.5798997879, -25.8124313354], [233.615859985, -325.962402344, -389.369567871, -192.630706787, -166.780853271, 7.20119476318, 17.0448188782, 209.092300415, 161.209396362, 253.399642944, 107.598457336, 97.2157058716, -42.1767196655], [-81.0090026855, 57.0381088257, -240.095062256, -128.252410889, -56.1137580872, -12.234457016, 28.0121517181, 104.477325439, 138.054229736, 107.598457336, 130.842758179, 48.2986679077, 9.11514949799], [-65.678527832, -290.463226318, -204.462387085, -103.296043396, -72.2085342407, 12.9386730194, -16.2206611633, 75.4181900024, 15.5798997879, 97.2157058716, 48.2986679077, 116.758598328, 13.1593341827], [-273.181884766, 39.4567184448, 25.1802959442, 41.474937439, 23.1602230072, -4.45589208603, -1.33501982689, -45.8357391357, -25.8124313354, -42.1767196655, 9.11514949799, 13.1593341827, 76.2789916992]],
        "icov": [[0.000297862367006, -0.000374839029973, 0.000341690611094, -0.000526727118995, 0.000205101110623, -0.000319122424116, 0.000171381179825, -0.000603279157076, 0.000837385363411, -0.000628002453595, 0.000518875487614, 4.26266051363e-05, 0.00086058845045], [-0.000374839029973, 0.00296019832604, -0.00100082415156, 0.00193148723338, -0.00242513720877, 0.00213333568536, -0.00135157140903, 0.00180533435196, -0.00390016217716, 0.00352522055618, -0.00330639164895, 0.00310565251857, -0.00118262716569], [0.000341690611094, -0.00100082415156, 0.00168048660271, -0.00175623199902, 0.000656632939354, -0.000147330632899, 0.000468675163575, 0.000490532955155, 0.000709461397491, -0.000956472242251, 0.00210569496267, -0.00112011586316, 0.00188939424697], [-0.000526727118995, 0.00193148723338, -0.00175623199902, 0.00483216159046, -0.00197621481493, 0.000761560513638, -0.00216403394006, 0.00220569339581, -0.000946993066464, 0.00056612532353, -0.00231447024271, 0.00366797624156, -0.00336473155767], [0.000205101110623, -0.00242513720877, 0.000656632939354, -0.00197621481493, 0.00613538688049, -0.00390989379957, -0.000415878661443, -0.00134070415515, 0.00287867919542, 0.000400158634875, 0.00151149765588, -0.00298885977827, 0.00147298257798], [-0.000319122424116, 0.00213333568536, -0.000147330632899, 0.000761560513638, -0.00390989379957, 0.00827429350466, -0.00407654931769, 0.000568535295315, -0.00279463850893, 0.00200496171601, 0.000220497167902, -5.36218140041e-05, -0.000525260635186], [0.000171381179825, -0.00135157140903, 0.000468675163575, -0.00216403394006, -0.000415878661443, -0.00407654931769, 0.0127478223294, -0.00626724539325, -0.000343002640875, 0.000633126299363, 0.000703400932252, 0.00103362894151, -0.00134825415444], [-0.000603279157076, 0.00180533435196, 0.000490532955155, 0.00220569339581, -0.00134070415515, 0.000568535295315, -0.00626724539325, 0.0155187258497, -0.00524838734418, -0.00357712502591, -0.000963177299127, -0.000941816892009, 0.00172377214767], [0.000837385363411, -0.00390016217716, 0.000709461397491, -0.000946993066464, 0.00287867919542, -0.00279463850893, -0.000343002640875, -0.00524838734418, 0.0188514776528, -0.0103489868343, -0.0054217139259, 0.00477131316438, 0.00158184603788], [-0.000628002453595, 0.00352522055618, -0.000956472242251, 0.00056612532353, 0.000400158634875, 0.00200496171601, 0.000633126299363, -0.00357712502591, -0.0103489868343, 0.0242908634245, -0.00693446025252, -0.00695747649297, 0.00575051829219], [0.000518875487614, -0.00330639164895, 0.00210569496267, -0.00231447024271, 0.00151149765588, 0.000220497167902, 0.000703400932252, -0.000963177299127, -0.0054217139259, -0.00693446025252, 0.0273265298456, -0.00898965261877, -0.00426413258538], [4.26266051363e-05, 0.00310565251857, -0.00112011586316, 0.00366797624156, -0.00298885977827, -5.36218140041e-05, 0.00103362894151, -0.000941816892009, 0.00477131316438, -0.00695747649297, -0.00898965261877, 0.0263319127262, -0.0084227155894], [0.00086058845045, -0.00118262716569, 0.00188939424697, -0.00336473155767, 0.00147298257798, -0.000525260635186, -0.00134825415444, 0.00172377214767, 0.00158184603788, 0.00575051829219, -0.00426413258538, -0.0084227155894, 0.0242211706936]]
    },
    "melbands": {
        "dmean": [0.000604324915912, 0.0024527660571, 0.00217306986451, 0.000868772505783, 0.000221243128181, 5.50357653992e-05, 4.55284462078e-05, 3.10502873617e-05, 1.47582886711e-05, 7.47675494495e-06, 5.78238768867e-06, 4.32355363955e-06, 6.97368204783e-06, 1.00079523691e-05, 9.02586180018e-06, 8.59237570694e-06, 4.40055100626e-06, 2.60873048319e-06, 5.29360704604e-06, 1.08265594463e-05, 7.06154742147e-06, 4.17298451794e-06, 5.36695233677e-06, 9.40335939958e-06, 7.13620784154e-06, 5.44503564015e-06, 7.97518805484e-06, 5.47098943571e-06, 5.29475892108e-06, 4.70491886517e-06, 4.245328455e-06, 4.25213329436e-06, 4.4394409997e-06, 3.76461821361e-06, 2.17435899685e-06, 1.60422257522e-06, 2.8633482998e-06, 2.2322399218e-06, 2.1384532829e-06, 1.90420087165e-06],
        "dmean2": [0.000964583421592, 0.00414280081168, 0.00342752924189, 0.00137225200888, 0.000373164337361, 9.39220117289e-05, 7.490736607e-05, 5.64116926398e-05, 2.71963963314e-05, 1.33932408062e-05, 1.06663273982e-05, 7.86685541243e-06, 1.31233136926e-05, 1.84502459888e-05, 1.63045333466e-05, 1.48973840624e-05, 7.3385340329e-06, 4.471576176e-06, 9.56427629717e-06, 1.87091300177e-05, 1.26763015942e-05, 7.25597601559e-06, 8.88076374395e-06, 1.69621835084e-05, 1.27791699924e-05, 9.63716320257e-06, 1.41957007145e-05, 9.65068738878e-06, 8.93510696187e-06, 7.53675476517e-06, 6.40637335891e-06, 6.39637892164e-06, 6.73883369018e-06, 6.03165699431e-06, 3.19163768836e-06, 2.54025076174e-06, 4.50829566034e-06, 3.46544334207e-06, 3.42377802554e-06, 3.03949286717e-06],
        "dvar": [4.55173039882e-06, 5.33637794433e-05, 1.55715497385e-05, 2.82092219095e-06, 2.12228329133e-07, 1.44610261543e-08, 1.16843308362e-08, 7.43999528652e-09, 1.95133864622e-09, 5.00633368095e-10, 2.81233120125e-10, 1.62639221535e-10, 4.54300208563e-10, 9.40129751825e-10, 6.52995046924e-10, 5.5442861413e-10, 2.14772144513e-10, 4.41589820266e-11, 2.44396697324e-10, 1.94053551006e-09, 5.5259485876e-10, 1.56611668078e-10, 2.18794857232e-10, 9.05672370433e-10, 4.80473105746e-10, 2.03090155804e-10, 5.40038291863e-10, 2.1284575491e-10, 1.71251998693e-10, 1.1190842697e-10, 5.85679699183e-11, 7.6214229372e-11, 6.84857309752e-11, 4.12210161838e-11, 1.22274091893e-11, 8.99055222631e-12, 3.16440970649e-11, 1.50299096086e-11, 1.68021829089e-11, 1.46619712899e-11],
        "dvar2": [1.03452566691e-05, 0.000144963967614, 4.00939388783e-05, 6.75009778206e-06, 5.46233877685e-07, 3.8152389692e-08, 2.79506355838e-08, 2.08212398434e-08, 5.59447643766e-09, 1.38446154541e-09, 8.01839095121e-10, 4.59091681337e-10, 1.30353239314e-09, 2.67812994004e-09, 1.83248338725e-09, 1.46167999926e-09, 5.51813428284e-10, 1.12809948882e-10, 6.78026079726e-10, 5.09403452753e-09, 1.53368295841e-09, 4.17779366657e-10, 5.47395295758e-10, 2.51131515583e-09, 1.33905597721e-09, 5.66776459099e-10, 1.52029644429e-09, 5.87958404186e-10, 4.65858684962e-10, 2.74804901057e-10, 1.18054677145e-10, 1.70590402915e-10, 1.61749863503e-10, 1.03772095084e-10, 2.62102752696e-11, 2.30330771817e-11, 8.291289183e-11, 3.76142381131e-11, 4.34245452097e-11, 3.84313310342e-11],
        "max": [0.0307232737541, 0.063930593431, 0.0327693223953, 0.0145651036873, 0.00554050132632, 0.00128586695064, 0.00157485553063, 0.00112538272515, 0.000385697669117, 0.000223835653742, 0.000165839272086, 0.000114473128633, 0.000167919235537, 0.000260819302639, 0.000236487758229, 0.000268937525107, 0.000282383494778, 6.07990768913e-05, 0.000149506609887, 0.000629570160527, 0.000325935485307, 0.000168227619724, 0.000206170618185, 0.000283094297629, 0.000274077581707, 0.000133017951157, 0.000206547483685, 0.000116170340334, 0.000164081720868, 8.18365733721e-05, 6.89758817316e-05, 9.48529632296e-05, 9.66043371591e-05, 6.3348627009e-05, 2.88536266453e-05, 2.77095077763e-05, 6.50949805276e-05, 3.82424877898e-05, 3.64996012649e-05, 3.37915807904e-05],
        "mean": [0.000623516621999, 0.00237455172464, 0.00504024326801, 0.00209234072827, 0.00038049815339, 8.16933315946e-05, 7.65294535086e-05, 3.67297361663e-05, 1.06299894469e-05, 5.31006526217e-06, 3.93396976506e-06, 3.05568778458e-06, 4.7874232223e-06, 7.07727303961e-06, 6.80170660416e-06, 6.91339391778e-06, 4.08141113439e-06, 2.47864545599e-06, 4.25334928877e-06, 8.01966507424e-06, 5.0461999308e-06, 3.63501430911e-06, 4.88825162392e-06, 6.70685949444e-06, 5.5242221606e-06, 4.7429193728e-06, 6.54564382785e-06, 4.73049658467e-06, 5.07304457642e-06, 5.25312543687e-06, 6.10615506957e-06, 5.31589739694e-06, 5.13092027177e-06, 4.18107129008e-06, 2.50281186709e-06, 1.65210758496e-06, 2.71874682767e-06, 2.14140686694e-06, 1.97221970666e-06, 1.77578908733e-06],
        "median": [2.91110136459e-05, 0.00052910746308, 0.00404266500846, 0.00118708820082, 0.000192685896764, 2.10007456189e-05, 4.82870837004e-06, 1.37797485422e-06, 6.53101324133e-07, 3.27214820572e-07, 1.8992577111e-07, 1.57368134523e-07, 1.61178320468e-07, 2.36554214439e-07, 2.62694612729e-07, 3.05107988652e-07, 2.39594641016e-07, 1.47288929497e-07, 1.9687061581e-07, 3.10751914867e-07, 2.78177736845e-07, 2.35680374772e-07, 3.1591446259e-07, 4.32435712128e-07, 3.71034673208e-07, 3.92609422306e-07, 4.73100641329e-07, 4.41435020093e-07, 5.33988668394e-07, 5.49194624e-07, 6.70223528232e-07, 7.36952074476e-07, 9.25396307139e-07, 8.40123163925e-07, 5.00399949033e-07, 2.66254716053e-07, 4.98655708725e-07, 3.91663576238e-07, 3.54566850547e-07, 3.66298138488e-07],
