{
"highlevel": {
    "danceability": {
        "all": {
            "danceable": 0.0567047894001,
            "not_danceable": 0.943295180798
        },
        "probability": 0.943295180798,
        "value": "not_danceable"
    },
    "gender": {
        "all": {
            "female": 0.432257145643,
            "male": 0.567742884159
        },
        "probability": 0.567742884159,
        "value": "male"
    },
    "genre_dortmund": {
        "all": {
            "alternative": 0.145540654659,
            "blues": 0.0270477123559,
            "electronic": 0.353341817856,
            "folkcountry": 0.0917645022273,
            "funksoulrnb": 0.00455674529076,
            "jazz": 0.0082588410005,
            "pop": 0.100365772843,
            "raphiphop": 0.0112503655255,
            "rock": 0.257873564959
        },
        "probability": 0.353341817856,
        "value": "electronic"
    },
    "genre_electronic": {
        "all": {
            "ambient": 0.130633190274,
            "dnb": 0.209519520402,
            "house": 0.0258335061371,
            "techno": 0.0190432369709,
            "trance": 0.614970564842
        },
        "probability": 0.614970564842,
        "value": "trance"
    },
    "genre_rosamerica": {
        "all": {
            "cla": 0.000964688137174,
            "dan": 0.06188891083,
            "hip": 0.000894488592166,
            "jaz": 0.000777465349529,
            "pop": 0.12054477632,
            "rhy": 0.00804580003023,
            "roc": 0.80645596981,
            "spe": 0.000427901250077
        },
        "probability": 0.80645596981,
        "value": "roc"
    },
    "genre_tzanetakis": {
        "all": {
            "blu": 0.0626613423228,
            "cla": 0.0348169617355,
            "cou": 0.104475811124,
            "dis": 0.0784321576357,
            "hip": 0.15692435205,
            "jaz": 0.313974827528,
            "met": 0.0448166541755,
            "pop": 0.0627359300852,
            "reg": 0.0627360641956,
            "roc": 0.0784258767962
        },
        "probability": 0.313974827528,
        "value": "jaz"
    },
    "ismir04_rhythm": {
        "all": {
            "ChaChaCha": 0.224683865905,
            "Jive": 0.106201410294,
            "Quickstep": 0.0342011265457,
            "Rumba-American": 0.0162554699928,
            "Rumba-International": 0.192671939731,
            "Rumba-Misc": 0.0170213412493,
            "Samba": 0.211139157414,
            "Tango": 0.0221125502139,
            "VienneseWaltz": 0.146819099784,
            "Waltz": 0.02889405936
        },
        "probability": 0.224683865905,
        "value": "ChaChaCha"
    },
    "mood_acoustic": {
        "all": {
            "acoustic": 0.00469090184197,
            "not_acoustic": 0.995309114456
        },
        "probability": 0.995309114456,
        "value": "not_acoustic"
    },
    "mood_aggressive": {
        "all": {
            "aggressive": 0.416630208492,
            "not_aggressive": 0.583369791508
        },
        "probability": 0.583369791508,
        "value": "not_aggressive"
    },
    "mood_electronic": {
        "all": {
            "electronic": 0.5,
            "not_electronic": 0.5
        },
        "probability": 0.5,
        "value": "electronic"
    },
    "mood_happy": {
        "all": {
            "happy": 0.962821006775,
            "not_happy": 0.0371789857745
        },
        "probability": 0.962821006775,
        "value": "happy"
    },
    "mood_party": {
        "all": {
            "not_party": 0.676849544048,
            "party": 0.323150455952
        },
        "probability": 0.676849544048,
        "value": "not_party"
    },
    "mood_relaxed": {
        "all": {
            "not_relaxed": 0.879917383194,
            "relaxed": 0.120082601905
        },
        "probability": 0.879917383194,
        "value": "not_relaxed"
    },
    "mood_sad": {
        "all": {
            "not_sad": 0.708083510399,
            "sad": 0.291916519403
        },
        "probability": 0.708083510399,
        "value": "not_sad"
    },
    "moods_mirex": {
        "all": {
            "Cluster1": 0.52505594492,
            "Cluster2": 0.136508643627,
            "Cluster3": 0.0618343576789,
            "Cluster4": 0.092048406601,
            "Cluster5": 0.184552669525
        },
        "probability": 0.52505594492,
        "value": "Cluster1"
    },
    "timbre": {
        "all": {
            "bright": 0.860736012459,
            "dark": 0.139263957739
        },
        "probability": 0.860736012459,
        "value": "bright"
    },
    "tonal_atonal": {
        "all": {
            "atonal": 0.0153391649947,
            "tonal": 0.984660863876
        },
        "probability": 0.984660863876,
        "value": "tonal"
    },
    "voice_instrumental": {
        "all": {
            "instrumental": 0.00035264386679,
            "voice": 0.999647378922
        },
        "probability": 0.999647378922,
        "value": "voice"
    }
},
"lowlevel": {
    "average_loudness": 0.979209065437,
    "barkbands_crest": {
        "dmean": 2.63115406036,
        "dmean2": 4.35548639297,
        "dvar": 5.90141487122,
        "dvar2": 16.4842529297,
        "max": 22.9230823517,
        "mean": 11.3442993164,
        "median": 10.781121254,
        "min": 3.70823860168,
        "var": 12.867181778
    },
    "barkbands_flatness_db": {
        "dmean": 0.0210664123297,
        "dmean2": 0.0316868424416,
        "dvar": 0.000407893880038,
        "dvar2": 0.000818543892819,
        "max": 0.287629008293,
        "mean": 0.143478885293,
        "median": 0.141632974148,
        "min": 0.0605012662709,
        "var": 0.00159514066763
    },
    "barkbands_kurtosis": {
        "dmean": 2.20334386826,
        "dmean2": 3.63611960411,
        "dvar": 7.90041017532,
        "dvar2": 20.5446510315,
        "max": 26.2206859589,
        "mean": 3.4823987484,
        "median": 2.48442935944,
        "min": -1.64378404617,
        "var": 16.2624130249
    },
    "barkbands_skewness": {
        "dmean": 0.461511909962,
        "dmean2": 0.735416710377,
        "dvar": 0.207861736417,
        "dvar2": 0.520572960377,
        "max": 4.30284023285,
        "mean": 1.73930215836,
        "median": 1.72879242897,
        "min": -0.761636018753,
        "var": 0.707212805748
    },
    "barkbands_spread": {
        "dmean": 5.31191062927,
        "dmean2": 8.14862346649,
        "dvar": 34.8526802063,
        "dvar2": 74.8619918823,
        "max": 80.7545547485,
        "mean": 23.7413921356,
        "median": 21.7508449554,
        "min": 5.03394126892,
        "var": 126.170326233
    },
    "dissonance": {
        "dmean": 0.0157720781863,
        "dmean2": 0.0270090792328,
        "dvar": 0.000226189891691,
        "dvar2": 0.000615478667896,
        "max": 0.499983847141,
        "mean": 0.473351955414,
        "median": 0.477964907885,
        "min": 0.343067020178,
        "var": 0.000388070824556
    },
    "dynamic_complexity": 1.15905046463,
    "erbbands_crest": {
        "dmean": 2.5006082058,
        "dmean2": 4.10026168823,
        "dvar": 6.33111047745,
        "dvar2": 15.1597957611,
        "max": 27.208896637,
        "mean": 8.44396781921,
        "median": 6.91406869888,
        "min": 2.21744203568,
        "var": 22.5332870483
    },
    "erbbands_flatness_db": {
        "dmean": 0.0155363390222,
        "dmean2": 0.0227481853217,
        "dvar": 0.000209858029848,
        "dvar2": 0.000379536650144,
        "max": 0.236676216125,
        "mean": 0.14307256043,
        "median": 0.146545156837,
        "min": 0.0603423826396,
        "var": 0.000912262301426
    },
    "erbbands_kurtosis": {
        "dmean": 0.610340714455,
        "dmean2": 0.938873112202,
        "dvar": 0.629717826843,
        "dvar2": 1.48742628098,
        "max": 9.77280330658,
        "mean": 0.00414335355163,
        "median": -0.498916625977,
        "min": -1.80099356174,
        "var": 1.88932728767
    },
    "erbbands_skewness": {
        "dmean": 0.291356176138,
        "dmean2": 0.458660662174,
        "dvar": 0.0687877759337,
        "dvar2": 0.163323879242,
        "max": 2.6195602417,
        "mean": 0.153891742229,
        "median": 0.110671699047,
        "min": -1.90506970882,
        "var": 0.236934930086
    },
    "erbbands_spread": {
        "dmean": 7.72303438187,
        "dmean2": 11.5677394867,
        "dvar": 67.6845626831,
        "dvar2": 151.234161377,
        "max": 126.038040161,
        "mean": 41.1446495056,
        "median": 40.5118904114,
        "min": 7.83574295044,
        "var": 291.509063721
    },
    "hfc": {
        "dmean": 7.56224012375,
        "dmean2": 11.2400522232,
        "dvar": 85.0556030273,
        "dvar2": 178.414749146,
        "max": 102.626029968,
        "mean": 32.7220115662,
        "median": 29.6529979706,
        "min": 3.82548379898,
        "var": 295.421051025
    },
    "melbands_crest": {
        "dmean": 3.42461013794,
        "dmean2": 5.68323135376,
        "dvar": 9.1522026062,
        "dvar2": 25.9176635742,
        "max": 32.189289093,
        "mean": 18.8540782928,
        "median": 19.4760189056,
        "min": 5.64006328583,
        "var": 28.4728431702
    },
    "melbands_flatness_db": {
        "dmean": 0.02479846403,
        "dmean2": 0.0375044383109,
        "dvar": 0.00059774442343,
        "dvar2": 0.00127364485525,
        "max": 0.343934684992,
        "mean": 0.205031752586,
        "median": 0.202388703823,
        "min": 0.0953800901771,
        "var": 0.00233874144033
    },
    "melbands_kurtosis": {
        "dmean": 5.82775068283,
        "dmean2": 9.56374835968,
        "dvar": 59.0618286133,
        "dvar2": 156.499542236,
        "max": 77.2294769287,
        "mean": 13.0714216232,
        "median": 11.4156694412,
        "min": -1.49119734764,
        "var": 115.226547241
    },
    "melbands_skewness": {
        "dmean": 0.660682916641,
        "dmean2": 1.06359469891,
        "dvar": 0.470552235842,
        "dvar2": 1.18962919712,
        "max": 7.97204017639,
        "mean": 2.96949911118,
        "median": 2.96660661697,
        "min": -0.191799819469,
        "var": 1.44834983349
    },
    "melbands_spread": {
        "dmean": 5.58313941956,
        "dmean2": 8.66618824005,
        "dvar": 34.3034553528,
        "dvar2": 75.9735946655,
        "max": 71.5127334595,
        "mean": 20.8192749023,
        "median": 18.5291557312,
        "min": 3.65796422958,
        "var": 131.019821167
    },
    "pitch_salience": {
        "dmean": 0.069229260087,
        "dmean2": 0.116933181882,
        "dvar": 0.00437592715025,
        "dvar2": 0.0120071778074,
        "max": 0.784832596779,
        "mean": 0.495384037495,
        "median": 0.487616032362,
        "min": 0.218517750502,
        "var": 0.00809034984559
    },
    "silence_rate_20dB": {
        "dmean": 0,
        "dmean2": 0,
        "dvar": 0,
        "dvar2": 0,
        "max": 1,
        "mean": 1,
        "median": 1,
        "min": 1,
        "var": 0
    },
    "silence_rate_30dB": {
        "dmean": 0.0325077399611,
        "dmean2": 0.0650658383965,
        "dvar": 0.031450919807,
        "dvar2": 0.0840705260634,
        "max": 1,
        "mean": 0.979118347168,
        "median": 1,
        "min": 0,
        "var": 0.0204457435757
    },
    "silence_rate_60dB": {
        "dmean": 0,
        "dmean2": 0,
        "dvar": 0,
        "dvar2": 0,
        "max": 0,
        "mean": 0,
        "median": 0,
        "min": 0,
        "var": 0
    },
    "spectral_centroid": {
        "dmean": 219.978759766,
        "dmean2": 348.412506104,
        "dvar": 46509.0117188,
        "dvar2": 110081.101562,
        "max": 2635.47607422,
        "mean": 1334.57788086,
        "median": 1312.52124023,
        "min": 405.271392822,
        "var": 155555.96875
    },
    "spectral_complexity": {
        "dmean": 4.78869962692,
        "dmean2": 7.27343130112,
        "dvar": 21.2362155914,
        "dvar2": 44.518951416,
        "max": 54,
        "mean": 28.5019340515,
        "median": 28,
        "min": 5,
        "var": 64.5593414307
    },
    "spectral_decrease": {
        "dmean": 3.24700266674e-09,
        "dmean2": 5.41085842798e-09,
        "dvar": 1.71505874584e-17,
        "dvar2": 4.43921001018e-17,
        "max": -2.94087287855e-09,
        "mean": -1.52966972422e-08,
        "median": -1.49001841976e-08,
        "min": -4.16440002482e-08,
        "var": 2.72912080003e-17
    },
    "spectral_energy": {
        "dmean": 0.012467905879,
        "dmean2": 0.0206683203578,
        "dvar": 0.000249469740083,
        "dvar2": 0.000647015229333,
        "max": 0.160933643579,
        "mean": 0.0607011877,
        "median": 0.0591907277703,
        "min": 0.0114465067163,
        "var": 0.000399344717152
    },
    "spectral_energyband_high": {
        "dmean": 0.000543149071746,
        "dmean2": 0.000796330044977,
        "dvar": 7.24347728465e-07,
        "dvar2": 1.48072945194e-06,
        "max": 0.00940302014351,
        "mean": 0.0013507961994,
        "median": 0.00077602796955,
        "min": 2.45791889029e-05,
        "var": 2.07060134017e-06
    },
    "spectral_energyband_low": {
        "dmean": 0.0114094065502,
        "dmean2": 0.0190567225218,
        "dvar": 0.000220682763029,
        "dvar2": 0.00058004213497,
        "max": 0.12991347909,
        "mean": 0.034057918936,
        "median": 0.0325209610164,
        "min": 0.000274251360679,
        "var": 0.000358205899829
    },
    "spectral_energyband_middle_high": {
        "dmean": 0.00281802169047,
        "dmean2": 0.00437034433708,
        "dvar": 1.18160132843e-05,
        "dvar2": 2.6024888939e-05,
        "max": 0.0375792346895,
        "mean": 0.0101132076234,
        "median": 0.00692559359595,
        "min": 0.000329090282321,
        "var": 6.06536850682e-05
    },
    "spectral_energyband_middle_low": {
        "dmean": 0.00560443568975,
        "dmean2": 0.00953707192093,
        "dvar": 5.35277104063e-05,
        "dvar2": 0.000141575292218,
        "max": 0.0794805809855,
        "mean": 0.0166197046638,
        "median": 0.0149304540828,
        "min": 0.00279347668402,
        "var": 7.29605817469e-05
    },
    "spectral_entropy": {
        "dmean": 0.124249145389,
        "dmean2": 0.187324866652,
        "dvar": 0.0181856788695,
        "dvar2": 0.0330018512905,
        "max": 8.40948867798,
        "mean": 7.73149204254,
        "median": 7.72696065903,
        "min": 6.74995756149,
        "var": 0.0698078423738
    },
    "spectral_flux": {
        "dmean": 0.0288022626191,
        "dmean2": 0.0457805469632,
        "dvar": 0.0012227431871,
        "dvar2": 0.00264747231267,
        "max": 0.350936889648,
        "mean": 0.114311508834,
        "median": 0.102732092142,
        "min": 0.038619697094,
        "var": 0.00237428490072
    },
    "spectral_kurtosis": {
        "dmean": 1.26363933086,
        "dmean2": 2.11301088333,
        "dvar": 1.54768741131,
        "dvar2": 4.17640733719,
        "max": 13.2935314178,
        "mean": 3.24134230614,
        "median": 2.93358564377,
        "min": -0.528231143951,
        "var": 3.2677564621
    },
    "spectral_rms": {
        "dmean": 0.000769664475229,
        "dmean2": 0.00126731430646,
        "dvar": 7.98053861217e-07,
        "dvar2": 1.99927580979e-06,
        "max": 0.0125303007662,
        "mean": 0.00759318750352,
        "median": 0.00759914796799,
        "min": 0.00334175443277,
        "var": 1.56420071562e-06
    },
    "spectral_rolloff": {
        "dmean": 341.313476562,
        "dmean2": 567.352966309,
        "dvar": 366109.9375,
        "dvar2": 904499.1875,
        "max": 8462.54882812,
        "mean": 979.969665527,
        "median": 796.728515625,
        "min": 86.1328125,
        "var": 651631.5625
    },
    "spectral_skewness": {
        "dmean": 0.189368695021,
        "dmean2": 0.307597726583,
        "dvar": 0.0294925589114,
        "dvar2": 0.0714769214392,
        "max": 2.70127511024,
        "mean": 1.3527367115,
        "median": 1.33230066299,
        "min": 0.448058754206,
        "var": 0.0918167456985
    },
    "spectral_spread": {
        "dmean": 502844.59375,
        "dmean2": 711324.375,
        "dvar": 419924574208,
        "dvar2": 759923605504,
        "max": 13131747,
        "mean": 4428007.5,
        "median": 4216900.5,
        "min": 2443024,
        "var": 1.67348404224e+12
    },
    "spectral_strongpeak": {
        "dmean": 0.383435666561,
        "dmean2": 0.679365932941,
        "dvar": 1.21634554863,
        "dvar2": 2.82931756973,
        "max": 13.0817670822,
        "mean": 0.644747018814,
        "median": 0.342863380909,
        "min": 0,
        "var": 1.39005112648
    },
    "zerocrossingrate": {
        "dmean": 0.00873350724578,
        "dmean2": 0.0105167683214,
        "dvar": 7.99851113698e-05,
        "dvar2": 9.32020629989e-05,
        "max": 0.1806640625,
        "mean": 0.0471367016435,
        "median": 0.0419921875,
        "min": 0.0068359375,
        "var": 0.000556978862733
    },
    "barkbands": {
        "dmean": [0.000958947231993, 0.00941847171634, 0.00431641098112, 0.00225956086069, 0.00276451767422, 0.00212257611565, 0.000924333231524, 0.000678318028804, 0.00067313015461, 0.00140132464003, 0.000575467478484, 0.000301153719192, 0.000663883518428, 0.000455449335277, 0.000779532536399, 0.000657493423205, 0.000276745558949, 0.000267176510533, 0.000175942186615, 0.000164669036167, 0.000135694746859, 0.000139963522088, 0.000113737703941, 0.000110516353743, 9.89767650026e-05, 3.61477141269e-05, 7.9778722295e-08],
        "dmean2": [0.00151235063095, 0.0155625808984, 0.00762935820967, 0.00390134425834, 0.00473451754078, 0.00363111426122, 0.00155698833987, 0.00108750001527, 0.00109770416748, 0.00228169444017, 0.000923898420297, 0.000473544117995, 0.00100549089257, 0.000722917960957, 0.00122469163034, 0.00101461925078, 0.000438371440396, 0.000427461025538, 0.000288436858682, 0.000269802199909, 0.000218953879084, 0.000214827610762, 0.000172843720065, 0.000157955902978, 0.000148713210365, 5.9969494032e-05, 1.34181092903e-07],
        "dvar": [2.50181346928e-06, 0.000122454395751, 0.000135119858896, 1.99113674171e-05, 1.42681592479e-05, 8.27750318422e-06, 1.83794384156e-06, 1.71469275756e-06, 1.96872065317e-06, 6.18276226305e-06, 1.65493656823e-06, 3.78885459895e-07, 2.04765910894e-06, 1.2252119177e-06, 1.96347355086e-06, 2.3357849841e-06, 1.97140451519e-07, 1.33101011102e-07, 5.33942028369e-08, 5.3489099372e-08, 3.96513151202e-08, 6.15083379785e-08, 5.92424171941e-08, 4.66726390869e-08, 6.3745432044e-08, 1.015589568e-08, 7.2959033834e-14],
        "dvar2": [4.90160300615e-06, 0.000336178782163, 0.000378459517378, 5.35977742402e-05, 3.81382233172e-05, 2.22555136133e-05, 4.92499975735e-06, 4.18711169914e-06, 4.60990349893e-06, 1.51596659634e-05, 3.8591106204e-06, 7.79918082117e-07, 3.94853850594e-06, 2.40246299654e-06, 4.54033261121e-06, 5.1461493058e-06, 3.79320084676e-07, 3.09324491354e-07, 1.35713591476e-07, 1.35617412411e-07, 9.73084794964e-08, 1.30305735979e-07, 1.18841583685e-07, 9.13007696113e-08, 1.51548263716e-07, 2.68148632188e-08, 1.53869511533e-13],
        "max": [0.0226145293564, 0.0917646884918, 0.102960661054, 0.0497684329748, 0.0342138335109, 0.0422293357551, 0.0241572186351, 0.0207053422928, 0.0203863196075, 0.0288477800786, 0.0166886951774, 0.0143875749782, 0.0279120262712, 0.0212551523, 0.0241983085871, 0.0263908989727, 0.00898384023458, 0.00512440688908, 0.00269347289577, 0.00287243258208, 0.00284961750731, 0.00383271882311, 0.00505821267143, 0.00409800047055, 0.00502044381574, 0.00083925947547, 5.55088809051e-06],
        "mean": [0.00433220621198, 0.0240254960954, 0.00460895802826, 0.00306156207807, 0.00507933180779, 0.00393703347072, 0.00160622620024, 0.00125844124705, 0.00105742819142, 0.00293654436246, 0.000918251113035, 0.000484346557641, 0.00113795686048, 0.000790019345004, 0.00136567023583, 0.00115535082296, 0.000548748357687, 0.000533810351044, 0.000350075104507, 0.000332380644977, 0.000274895137409, 0.000273175421171, 0.000230355304666, 0.000210488869925, 0.00015689508291, 3.55289012077e-05, 6.22606748379e-08],
        "median": [0.000975669070613, 0.0232677347958, 0.00245998613536, 0.00186152744573, 0.00388089125045, 0.00268474617042, 0.0011220156448, 0.000744223827496, 0.000559829932172, 0.00102669117041, 0.000371623842511, 0.000280049600406, 0.000520293368027, 0.000339389895089, 0.000648602261208, 0.000606568995863, 0.000377678778023, 0.000370850379113, 0.000265728507657, 0.00024559663143, 0.000189079684787, 0.000140677308082, 9.61637197179e-05, 8.1343750935e-05, 4.89065896545e-05, 6.2533486016e-06, 4.7566151018e-09],
        "min": [1.10123767172e-06, 0.000106724561192, 1.63694894582e-05, 1.84985783562e-05, 0.000208723184187, 6.92949906806e-05, 2.29376310017e-05, 2.13657913264e-05, 1.36798053063e-05, 2.56944040302e-05, 1.9679817342e-05, 9.89942236629e-06, 1.09058619273e-05, 4.46822514277e-06, 1.80361785169e-05, 1.63582772075e-05, 1.11630370156e-05, 7.21901869838e-06, 6.1001510403e-06, 7.9612736954e-06, 6.1311106947e-06, 2.76393029708e-06, 3.35429547249e-07, 7.4953402418e-07, 1.96173544076e-09, 6.30518380562e-12, 8.92193610658e-12],
        "var": [3.34492178808e-05, 0.000184853473911, 8.78095743246e-05, 1.74649885594e-05, 1.83005395229e-05, 1.70675884874e-05, 2.85584337689e-06, 3.71464170712e-06, 2.95067320621e-06, 1.97132503672e-05, 3.45948910763e-06, 7.10962524408e-07, 5.28260534338e-06, 2.84422549157e-06, 4.15018212152e-06, 4.62791649625e-06, 5.1075750207e-07, 3.18082783224e-07, 8.30398931839e-08, 8.39386231632e-08, 7.20377002494e-08, 1.23257194673e-07, 1.52568262024e-07, 1.3222278028e-07, 1.05413960227e-07, 9.05943586815e-09, 6.06391632328e-14]
    },
    "erbbands": {
        "dmean": [0.410145282745, 1.68223392963, 4.1091170311, 6.2978887558, 9.02779006958, 10.6785726547, 11.8550405502, 21.5904197693, 13.4489812851, 10.8041334152, 14.4862661362, 17.0641593933, 25.1160621643, 46.0909881592, 16.6049594879, 12.4096622467, 30.5589866638, 21.10688591, 43.5378723145, 25.7460460663, 28.2777271271, 13.4920730591, 15.1785459518, 10.1790180206, 8.87726974487, 7.81179475784, 6.15241622925, 4.98178672791, 5.20750761032, 4.14696121216, 3.29296946526, 2.69084954262, 1.67142605782, 1.22496974468, 0.692359924316, 0.242173776031, 0.0542312301695, 0.00393747678027, 8.94159384188e-05, 1.79087328434e-05],
        "dmean2": [0.686449050903, 2.74544477463, 7.23645830154, 10.8718214035, 15.4920463562, 18.0975208282, 20.0508861542, 36.4484405518, 22.2682571411, 17.7308349609, 23.8094749451, 27.5999355316, 39.4030685425, 74.698059082, 27.0289134979, 19.4477157593, 45.4858169556, 32.7459449768, 66.2174530029, 40.1465682983, 43.6786460876, 21.3962841034, 24.4481449127, 16.3768863678, 14.7403450012, 12.7956848145, 10.0779151917, 8.03658485413, 8.16998767853, 6.4217915535, 4.97304296494, 3.93081951141, 2.52301502228, 1.87692177296, 1.07530772686, 0.39353454113, 0.0922970548272, 0.00677248323336, 0.000147445010953, 2.89649597107e-05],
        "dvar": [0.191029220819, 5.75474882126, 118.505889893, 209.877304077, 235.565612793, 183.370162964, 280.648895264, 961.774169922, 427.222473145, 296.277008057, 877.000305176, 1371.15649414, 2636.22338867, 7561.28466797, 1042.58447266, 591.633789062, 5078.37792969, 2085.61669922, 6779.82763672, 2390.97802734, 5314.84814453, 604.791259766, 511.479064941, 174.67376709, 136.78477478, 141.265426636, 78.2071151733, 66.8623199463, 98.3840866089, 63.8934020996, 49.5599212646, 34.8237228394, 9.45526218414, 8.36036968231, 3.09423875809, 0.400211542845, 0.027884343639, 0.000192501072888, 7.14159753556e-08, 4.82170026128e-10],
        "dvar2": [0.569897294044, 14.007557869, 330.186737061, 568.360351562, 603.859069824, 505.945526123, 726.629699707, 2462.35766602, 1106.33544922, 676.929260254, 2340.04174805, 3362.65307617, 5633.36181641, 20061.7480469, 2247.90405273, 1273.3482666, 9788.20800781, 4128.52099609, 14435.9902344, 5298.73583984, 10968.1367188, 1155.47802734, 1188.72595215, 407.76071167, 353.044311523, 354.342071533, 190.524505615, 155.339324951, 222.876281738, 151.787216187, 93.4064407349, 66.5012283325, 20.8267459869, 20.4370346069, 7.43862247467, 1.03823208809, 0.0725189074874, 0.000510239915457, 1.85948195508e-07, 1.23856702672e-09],
        "max": [3.73175764084, 19.3891372681, 94.3356933594, 131.453781128, 179.658584595, 131.150863647, 241.840515137, 400.522857666, 470.556396484, 313.680511475, 582.090148926, 616.286865234, 843.384765625, 1164.81982422, 584.438110352, 660.310546875, 1531.26733398, 918.600158691, 1546.15246582, 1048.05517578, 1774.3104248, 425.313781738, 364.754455566, 155.924163818, 132.447814941, 191.435012817, 148.807067871, 119.550376892, 171.770324707, 129.493255615, 144.750091553, 108.322975159, 42.3932571411, 58.8601646423, 27.5016899109, 7.69045782089, 1.48141610622, 0.131442353129, 0.00234315125272, 0.000209211211768],
        "mean": [1.16730904579, 3.56774449348, 4.92313909531, 8.28989887238, 13.183054924, 19.0536384583, 21.3354301453, 38.2158927917, 26.1438388824, 20.9191589355, 28.0182228088, 28.7089767456, 50.7795600891, 96.1645736694, 33.3154754639, 23.7732963562, 53.5687904358, 41.6636505127, 80.6848983765, 51.393409729, 55.3642807007, 30.0526218414, 30.5997371674, 21.0082569122, 17.6652793884, 16.0634250641, 12.4360342026, 10.1405553818, 9.91742229462, 7.80573558807, 6.66578435898, 4.94771909714, 3.11870718002, 1.98674201965, 0.977908670902, 0.271605491638, 0.0478339120746, 0.0031531220302, 0.000115272850962, 7.76366505306e-05],
        "median": [1.1404927969, 2.66912865639, 2.86803865433, 4.97040653229, 9.17268466949, 13.957985878, 15.1551704407, 24.8098583221, 19.8718242645, 13.5624914169, 16.0407466888, 16.5001220703, 23.352060318, 31.991027832, 17.791437149, 15.1136255264, 25.2371063232, 24.1497364044, 32.1298904419, 36.1043891907, 30.7812995911, 20.6008644104, 21.6627101898, 15.3470058441, 13.6468172073, 11.8530464172, 9.05179405212, 6.29998254776, 5.23772478104, 3.64873075485, 2.65165877342, 1.81823551655, 1.18210363388, 0.663634836674, 0.248545736074, 0.0559831187129, 0.00612561544403, 0.000287957023829, 4.8722991778e-05, 7.46776568121e-05],
        "min": [0.00228536850773, 0.0288610253483, 0.106736421585, 0.0927815958858, 0.585333049297, 0.615544378757, 0.721743583679, 0.922540485859, 0.723492860794, 0.341916054487, 1.3122099638, 0.422771275043, 0.601131796837, 1.52235424519, 0.770945012569, 0.587996482849, 0.614324569702, 0.353986799717, 1.0303362608, 1.19700098038, 0.700069904327, 0.753130376339, 0.406243592501, 0.347281485796, 0.388263911009, 0.327533006668, 0.269849896431, 0.123168565333, 0.122328482568, 0.0394218973815, 0.012029116042, 0.0150898899883, 0.00409896858037, 0.000804310722742, 0.000119731936138, 4.01665565732e-05, 1.64336579473e-05, 2.43223348662e-06, 7.10425683792e-06, 1.33765352075e-05],
        "var": [0.455511450768, 9.01346683502, 81.217048645, 160.557601929, 231.730133057, 286.255706787, 495.68838501, 1989.64428711, 631.979919434, 696.835266113, 1902.44372559, 1997.7467041, 7759.48046875, 24916.0175781, 3269.07861328, 1482.67468262, 12964.1835938, 4529.28710938, 17200.2148438, 3840.88061523, 11866.9414062, 1596.94250488, 1178.17553711, 339.715789795, 201.514511108, 219.982666016, 130.191268921, 126.712112427, 172.346603394, 116.147613525, 140.858291626, 95.5344772339, 23.3927726746, 14.3194284439, 4.86611938477, 0.446550279856, 0.022336402908, 0.000140125281177, 5.84510928547e-08, 7.70319696919e-10]
    },
    "gfcc": {
        "mean": [53.3273086548, 111.557167053, -122.856040955, 51.682598114, -55.4931106567, 25.4789276123, -37.2727470398, 11.9901351929, -15.0810041428, 3.18214559555, -7.17280626297, -1.10373258591, 4.90050077438],
        "cov": [[1236.22875977, -972.972351074, 193.089553833, -93.6152191162, -138.315551758, 258.817687988, -178.110336304, 221.324523926, -198.886688232, 155.158248901, -209.851074219, 166.760406494, -153.664794922], [-972.972351074, 1036.22619629, -280.608398438, 108.314758301, 181.462966919, -237.371932983, 243.284805298, -224.660293579, 193.416412354, -147.013778687, 209.577102661, -184.372894287, 159.673065186], [193.089553833, -280.608398438, 314.289733887, -35.1913375854, -56.8695220947, 30.7483978271, -113.069076538, 88.9704742432, -73.2805786133, 41.1546478271, -83.9722442627, 62.4370269775, -84.5472717285], [-93.6152191162, 108.314758301, -35.1913375854, 196.54447937, -24.2812614441, -51.120967865, 5.57775259018, -59.063999176, 72.649810791, -71.8630599976, 52.7174606323, -45.9262084961, 36.5226898193], [-138.315551758, 181.462966919, -56.8695220947, -24.2812614441, 181.908813477, -38.1740226746, 61.0854301453, -31.712720871, 4.50907421112, 20.4526805878, 11.8863344193, -0.406920909882, 16.697555542], [258.817687988, -237.371932983, 30.7483978271, -51.120967865, -38.1740226746, 162.397338867, -17.6819725037, 53.585018158, -55.3034973145, 30.3005905151, -34.7985343933, 20.4674129486, -25.8393173218], [-178.110336304, 243.284805298, -113.069076538, 5.57775259018, 61.0854301453, -17.6819725037, 163.039886475, -49.5408477783, 35.9226112366, -26.6309566498, 47.5592079163, -43.1806030273, 36.4441986084], [221.324523926, -224.660293579, 88.9704742432, -59.063999176, -31.712720871, 53.585018158, -49.5408477783, 120.421440125, -37.1159553528, 45.2591590881, -53.4294586182, 46.900680542, -28.580909729], [-198.886688232, 193.416412354, -73.2805786133, 72.649810791, 4.50907421112, -55.3034973145, 35.9226112366, -37.1159553528, 122.670326233, -37.2156219482, 72.9050216675, -38.085647583, 44.6570320129], [155.158248901, -147.013778687, 41.1546478271, -71.8630599976, 20.4526805878, 30.3005905151, -26.6309566498, 45.2591590881, -37.2156219482, 104.912757874, -21.5429401398, 54.2444534302, -32.9431610107], [-209.851074219, 209.577102661, -83.9722442627, 52.7174606323, 11.8863344193, -34.7985343933, 47.5592079163, -53.4294586182, 72.9050216675, -21.5429401398, 122.353294373, -35.1169662476, 49.8710746765], [166.760406494, -184.372894287, 62.4370269775, -45.9262084961, -0.406920909882, 20.4674129486, -43.1806030273, 46.900680542, -38.085647583, 54.2444534302, -35.1169662476, 97.6630172729, -21.2645511627], [-153.664794922, 159.673065186, -84.5472717285, 36.5226898193, 16.697555542, -25.8393173218, 36.4441986084, -28.580909729, 44.6570320129, -32.9431610107, 49.8710746765, -21.2645511627, 90.7664794922]],
        "icov": [[0.00403148122132, 0.00289181969129, 0.00153518060688, -0.00202331482433, -9.54310692691e-08, -0.00132595561445, -0.000810936267953, -0.00183631945401, 0.00131525064353, -0.00156271469314, 0.00130462250672, -0.000418163224822, 0.00132298190147], [0.00289181969129, 0.0109713599086, -0.000496362801641, 0.00283824559301, -0.00449839001521, 0.0059211649932, -0.00523033365607, 0.00352709600702, -0.00196722662076, 0.0028412155807, -0.00417174259201, 0.00738689256832, -0.00426341267303], [0.00153518060688, -0.000496362801641, 0.00698095560074, -0.00235149776563, 0.00118126219604, -0.000756757042836, 0.00248518236913, -0.00441397866234, 0.00257912068628, -0.000503901566844, 0.00154015293811, -0.00278432131745, 0.00515020638704], [-0.00202331482433, 0.00283824559301, -0.00235149776563, 0.0119074564427, -0.00146095023956, 0.00424988009036, -0.000369133165805, 0.00580987147987, -0.00540378410369, 0.0064482842572, -0.00395430112258, 0.00412655761465, -0.0038053446915], [-9.54310692691e-08, -0.00449839001521, 0.00118126219604, -0.00146095023956, 0.00991427712142, -0.00160181417596, -0.000267001218162, -0.000689231266733, 0.0018970137462, -0.00494039291516, 0.00373164913617, -0.00420299731195, 0.00145033549052], [-0.00132595561445, 0.0059211649932, -0.000756757042836, 0.00424988009036, -0.00160181417596, 0.0145241664723, -0.00411521177739, 0.00106065440923, 0.000975409988314, 0.00268290936947, -0.00501977605745, 0.00679978122935, -0.00381540111266], [-0.000810936267953, -0.00523033365607, 0.00248518236913, -0.000369133165805, -0.000267001218162, -0.00411521177739, 0.0125384666026, -0.00138317851815, 0.00066254689591, -0.000130172047648, 0.000835262704641, -0.00203079753555, 0.00239130388945], [-0.00183631945401, 0.00352709600702, -0.00441397866234, 0.00580987147987, -0.000689231266733, 0.00106065440923, -0.00138317851815, 0.019856678322, -0.00572815351188, -0.000521746871527, 0.00128008658066, 0.00216520065442, -0.00609342753887], [0.00131525064353, -0.00196722662076, 0.00257912068628, -0.00540378410369, 0.0018970137462, 0.000975409988314, 0.00066254689591, -0.00572815351188, 0.0184134636074, -0.000983504229225, -0.00485269492492, -0.00107625348028, 0.00112088094465], [-0.00156271469314, 0.0028412155807, -0.000503901566844, 0.0064482842572, -0.00494039291516, 0.00268290936947, -0.000130172047648, -0.000521746871527, -0.000983504229225, 0.02146060206, -0.00712787453085, -0.00337956496514, 0.00225025019608], [0.00130462250672, -0.00417174259201, 0.00154015293811, -0.00395430112258, 0.00373164913617, -0.00501977605745, 0.000835262704641, 0.00128008658066, -0.00485269492492, -0.00712787453085, 0.0200827158988, -0.00315256835893, -0.00144697527867], [-0.000418163224822, 0.00738689256832, -0.00278432131745, 0.00412655761465, -0.00420299731195, 0.00679978122935, -0.00203079753555, 0.00216520065442, -0.00107625348028, -0.00337956496514, -0.00315256835893, 0.0240194164217, -0.00708825513721], [0.00132298190147, -0.00426341267303, 0.00515020638704, -0.0038053446915, 0.00145033549052, -0.00381540111266, 0.00239130388945, -0.00609342753887, 0.00112088094465, 0.00225025019608, -0.00144697527867, -0.00708825513721, 0.0222534220666]]
    },
    "melbands": {
        "dmean": [0.00304803135805, 0.00190347852185, 0.00116297183558, 0.00067638780456, 0.000404450867791, 0.00044367290684, 0.000206511569559, 0.000120595279441, 0.000117421885079, 0.000108338972495, 0.000132578716148, 0.00020060755196, 6.17372206762e-05, 3.70411471522e-05, 4.26432525273e-05, 7.31792824809e-05, 4.15681388404e-05, 7.16732611181e-05, 4.3402389565e-05, 5.00449459651e-05, 3.00623250951e-05, 1.63403874467e-05, 1.52881202666e-05, 1.2408634575e-05, 8.77437014424e-06, 7.28384793547e-06, 6.23128380539e-06, 5.47201443624e-06, 4.50226571047e-06, 3.11078497361e-06, 3.26022086483e-06, 3.24402071783e-06, 2.94374422083e-06, 2.34647995967e-06, 2.20066021939e-06, 1.86211946129e-06, 1.66669713053e-06, 1.30601620185e-06, 1.20487743516e-06, 1.10103621864e-06],
        "dmean2": [0.0050410842523, 0.00322326808237, 0.00199471903034, 0.00116918270942, 0.00068098527845, 0.000751641229726, 0.000343447201885, 0.000196159991901, 0.000190891485545, 0.000174967281055, 0.000205965116038, 0.000324445223669, 9.95938898996e-05, 5.8183712099e-05, 6.68260036036e-05, 0.00010839929746, 6.48286149953e-05, 0.00010790759552, 6.86598796165e-05, 7.88973047747e-05, 4.55255139968e-05, 2.61032582785e-05, 2.5193705369e-05, 2.01567290787e-05, 1.43130619108e-05, 1.21378834592e-05, 1.04557548184e-05, 8.98973758012e-06, 7.43011833038e-06, 5.05480056745e-06, 5.28369901076e-06, 5.1179977163e-06, 4.48678611065e-06, 3.73721059077e-06, 3.39740699928e-06, 2.81565576188e-06, 2.52697350334e-06, 2.00162457986e-06, 1.90321986793e-06, 1.7121867586e-06],
        "dvar": [1.13146670628e-05, 1.69967224792e-05, 6.39159179627e-06, 9.20209402011e-07, 2.79154988903e-07, 3.8652936496e-07, 9.04542005742e-08, 3.964208517e-08, 5.51632126644e-08, 5.00462391528e-08, 6.99199418364e-08, 1.41615302596e-07, 1.49438772468e-08, 5.39485478512e-09, 8.19551981834e-09, 2.5119188507e-08, 1.08960742651e-08, 2.01704768443e-08, 4.85279194606e-09, 1.43187746104e-08, 7.1765136056e-09, 1.14137777008e-09, 3.62294555467e-10, 3.22952331544e-10, 1.31064534226e-10, 1.00937071201e-10, 6.87632659147e-11, 7.43266420633e-11, 4.43872265332e-11, 1.81284379869e-11, 3.41879684285e-11, 3.48585708909e-11, 3.14421162717e-11, 2.24830883078e-11, 2.06605444558e-11, 1.5859502947e-11, 1.38043786471e-11, 5.95890307584e-12, 5.67595232967e-12, 8.21994642491e-12],
        "dvar2": [3.29574395437e-05, 4.51186933788e-05, 1.71296142071e-05, 2.40340909841e-06, 7.37926939109e-07, 1.01098339655e-06, 2.42547002927e-07, 8.49908801115e-08, 1.44395954749e-07, 1.21603676462e-07, 1.51635362045e-07, 3.71247836028e-07, 3.54222713383e-08, 1.16358656044e-08, 1.56268065155e-08, 4.9129610602e-08, 2.09430037756e-08, 4.05325941699e-08, 1.1159441371e-08, 3.24468700796e-08, 1.40814027105e-08, 2.17955942183e-09, 8.38753677623e-10, 7.56640083921e-10, 3.13339298952e-10, 2.52590004468e-10, 1.8247925393e-10, 1.85047518975e-10, 1.06020095481e-10, 4.67912028568e-11, 8.12065345523e-11, 7.95215560068e-11, 7.43955452798e-11, 5.5795239956e-11, 4.18697750082e-11, 2.90883653969e-11, 2.79982807772e-11, 1.41958805822e-11, 1.35055707937e-11, 2.09360202785e-11],
        "max": [0.0291567016393, 0.0359059534967, 0.0231074951589, 0.00891405064613, 0.00684873107821, 0.00770944124088, 0.00600669626147, 0.00375737738796, 0.00464827427641, 0.0036655201111, 0.00425427174196, 0.00503635918722, 0.00213279179297, 0.00109416607302, 0.00246876152232, 0.00347039219923, 0.00215758965351, 0.00254409969784, 0.00110018556006, 0.0026184504386, 0.00226304028183, 0.000593792763539, 0.000269713491434, 0.000273658835795, 0.000135374182719, 0.000163754622918, 6.98041185387e-05, 0.000134055284434, 0.000124691476231, 5.06327778567e-05, 8.90190058271e-05, 8.09788834886e-05, 9.48419692577e-05, 7.15904461686e-05, 9.47788357735e-05, 8.2418700913e-05, 7.28251470719e-05, 3.16659134114e-05, 2.97712649626e-05, 5.95439705648e-05],
        "mean": [0.00847564544529, 0.00320747657679, 0.00161970837507, 0.00118674244732, 0.000775473483372, 0.0008019352681, 0.000387252104701, 0.00023086789588, 0.000217729815631, 0.000174041939317, 0.00025865342468, 0.000409670145018, 0.000110440741992, 6.15364842815e-05, 8.08309050626e-05, 0.000116850656923, 7.09498126525e-05, 0.000128031620989, 7.86628079368e-05, 8.63659734023e-05, 5.57832936465e-05, 3.13940108754e-05, 2.95764803013e-05, 2.32923430303e-05, 1.6345136828e-05, 1.29597601699e-05, 1.17111212603e-05, 1.03581887743e-05, 8.3319218902e-06, 5.9970093389e-06, 5.94722132519e-06, 5.69405801798e-06, 5.10702011525e-06, 4.02014802603e-06, 4.03427475248e-06, 3.39416692441e-06, 2.7947860417e-06, 2.24395807891e-06, 1.92462198356e-06, 1.58701834607e-06],
        "median": [0.00850163213909, 0.00226727104746, 0.00103372940794, 0.000890161842108, 0.000583449436817, 0.000533851445653, 0.000288622832159, 0.00014723543427, 0.000122533048852, 9.340820543e-05, 0.000106038947706, 0.000125049802591, 5.01214090036e-05, 3.69893896277e-05, 3.84920858778e-05, 5.81915701332e-05, 3.45668158843e-05, 4.46386293333e-05, 4.50482148153e-05, 4.7127585276e-05, 3.12324482366e-05, 2.02621176868e-05, 2.05991964322e-05, 1.64515477081e-05, 1.13847418106e-05, 9.27636847337e-06, 8.8282095021e-06, 7.39910728953e-06, 5.87203066971e-06, 4.29246892963e-06, 3.26882377522e-06, 2.82076302938e-06, 2.35082279687e-06, 1.7312095224e-06, 1.57539648171e-06, 1.28982446768e-06, 1.02037915894e-06, 8.01053488431e-07, 6.57826376482e-07, 4.80440974115e-07],
        "min": [2.79968407995e-05, 4.10900756833e-05, 2.91229480354e-05, 4.0073900891e-05, 3.15309080179e-05, 1.95257034648e-05, 1.02299036371e-05, 1.84216298749e-06, 5.79872266826e-06, 2.18441050492e-06, 2.83073745777e-06, 5.48641719433e-06, 2.39515088651e-06, 8.684568229e-07, 1.62151263794e-06, 1.07635446511e-06, 5.18997751442e-07, 1.30854436975e-06, 1.40068357268e-06, 1.24315783978e-06, 6.08136474511e-07, 7.68067252466e-07, 3.98754650632e-07, 2.99673558857e-07, 2.57371794987e-07, 2.57018399452e-07, 2.63476096052e-07, 2.06449897178e-07, 9.24079444076e-08, 9.84094796763e-08, 2.55599239551e-08, 6.94451927075e-08, 2.55560088647e-08, 3.6329594888e-09, 2.42581910115e-09, 8.68623573069e-09, 6.78392497733e-09, 4.28308999378e-10, 1.84736087538e-10, 5.68686482454e-13],
