{
"highlevel": {
    "danceability": {
        "all": {
            "danceable": 0.999956607819,
            "not_danceable": 4.33878667536e-05
        },
        "probability": 0.999956607819,
        "value": "danceable"
    },
    "gender": {
        "all": {
            "female": 0.736223340034,
            "male": 0.263776689768
        },
        "probability": 0.736223340034,
        "value": "female"
    },
    "genre_dortmund": {
        "all": {
            "alternative": 0.0124455653131,
            "blues": 0.0301164202392,
            "electronic": 0.100958138704,
            "folkcountry": 0.0268138404936,
            "funksoulrnb": 0.02116333507,
            "jazz": 0.0723434239626,
            "pop": 0.0346109122038,
            "raphiphop": 0.688206613064,
            "rock": 0.0133417407051
        },
        "probability": 0.688206613064,
        "value": "raphiphop"
    },
    "genre_electronic": {
        "all": {
            "ambient": 0.0854752138257,
            "dnb": 0.0983858406544,
            "house": 0.67088997364,
            "techno": 0.0116615192965,
            "trance": 0.133587434888
        },
        "probability": 0.67088997364,
        "value": "house"
    },
    "genre_rosamerica": {
        "all": {
            "cla": 0.0049302992411,
            "dan": 0.493130117655,
            "hip": 0.174658641219,
            "jaz": 0.00741545064375,
            "pop": 0.187540829182,
            "rhy": 0.119886502624,
            "roc": 0.0077095660381,
            "spe": 0.00472857942805
        },
        "probability": 0.493130117655,
        "value": "dan"
    },
    "genre_tzanetakis": {
        "all": {
            "blu": 0.0668084695935,
            "cla": 0.037092462182,
            "cou": 0.0834529846907,
            "dis": 0.0834719613194,
            "hip": 0.0834872722626,
            "jaz": 0.333990573883,
            "met": 0.0668107196689,
            "pop": 0.0667921900749,
            "reg": 0.0667848810554,
            "roc": 0.11130849272
        },
        "probability": 0.333990573883,
        "value": "jaz"
    },
    "ismir04_rhythm": {
        "all": {
            "ChaChaCha": 0.722597002983,
            "Jive": 0.00856529641896,
            "Quickstep": 0.00601739017293,
            "Rumba-American": 0.0233080722392,
            "Rumba-International": 0.035394243896,
            "Rumba-Misc": 0.00406191172078,
            "Samba": 0.18254378438,
            "Tango": 0.011180492118,
            "VienneseWaltz": 0.00452463841066,
            "Waltz": 0.00180718791671
        },
        "probability": 0.722597002983,
        "value": "ChaChaCha"
    },
    "mood_acoustic": {
        "all": {
            "acoustic": 0.0121223721653,
            "not_acoustic": 0.987877607346
        },
        "probability": 0.987877607346,
        "value": "not_acoustic"
    },
    "mood_aggressive": {
        "all": {
            "aggressive": 0.0510162897408,
            "not_aggressive": 0.948983728886
        },
        "probability": 0.948983728886,
        "value": "not_aggressive"
    },
    "mood_electronic": {
        "all": {
            "electronic": 0.909320175648,
            "not_electronic": 0.0906798094511
        },
        "probability": 0.909320175648,
        "value": "electronic"
    },
    "mood_happy": {
        "all": {
            "happy": 0.877285540104,
            "not_happy": 0.122714459896
        },
        "probability": 0.877285540104,
        "value": "happy"
    },
    "mood_party": {
        "all": {
            "not_party": 0.185411721468,
            "party": 0.81458824873
        },
        "probability": 0.81458824873,
        "value": "party"
    },
    "mood_relaxed": {
        "all": {
            "not_relaxed": 0.608362674713,
            "relaxed": 0.391637295485
        },
        "probability": 0.608362674713,
        "value": "not_relaxed"
    },
    "mood_sad": {
        "all": {
            "not_sad": 0.679977357388,
            "sad": 0.320022672415
        },
        "probability": 0.679977357388,
        "value": "not_sad"
    },
    "moods_mirex": {
        "all": {
            "Cluster1": 0.113589823246,
            "Cluster2": 0.299059569836,
            "Cluster3": 0.20943044126,
            "Cluster4": 0.315961450338,
            "Cluster5": 0.0619587153196
        },
        "probability": 0.315961450338,
        "value": "Cluster4"
    },
    "timbre": {
        "all": {
            "bright": 0.931113958359,
            "dark": 0.0688860267401
        },
        "probability": 0.931113958359,
        "value": "bright"
    },
    "tonal_atonal": {
        "all": {
            "atonal": 0.26472273469,
            "tonal": 0.735277295113
        },
        "probability": 0.735277295113,
        "value": "tonal"
    },
    "voice_instrumental": {
        "all": {
            "instrumental": 0.190277695656,
            "voice": 0.809722304344
        },
        "probability": 0.809722304344,
        "value": "voice"
    }
},
"lowlevel": {
    "average_loudness": 0.957929670811,
    "barkbands_crest": {
        "dmean": 3.18355941772,
        "dmean2": 4.87033224106,
        "dvar": 8.21164131165,
        "dvar2": 18.2966423035,
        "max": 26.6450462341,
        "mean": 13.2885761261,
        "median": 12.4773015976,
        "min": 2.89352035522,
        "var": 32.9406776428
    },
    "barkbands_flatness_db": {
        "dmean": 0.0380891002715,
        "dmean2": 0.0548097603023,
        "dvar": 0.00188701075967,
        "dvar2": 0.00388978561386,
        "max": 0.545256257057,
        "mean": 0.182412594557,
        "median": 0.161070138216,
        "min": 0.038412835449,
        "var": 0.00721183046699
    },
    "barkbands_kurtosis": {
        "dmean": 13.9085388184,
        "dmean2": 21.868478775,
        "dvar": 2478.77905273,
        "dvar2": 6341.66943359,
        "max": 727.340393066,
        "mean": 14.8483114243,
        "median": 1.84517478943,
        "min": -1.9637298584,
        "var": 2843.87817383
    },
    "barkbands_skewness": {
        "dmean": 1.11308324337,
        "dmean2": 1.64261782169,
        "dvar": 2.92839765549,
        "dvar2": 6.79967069626,
        "max": 22.7627277374,
        "mean": 2.18003463745,
        "median": 1.57458341122,
        "min": -3.09951376915,
        "var": 7.23585987091
    },
    "barkbands_spread": {
        "dmean": 10.6170797348,
        "dmean2": 15.316409111,
        "dvar": 169.403259277,
        "dvar2": 310.138702393,
        "max": 122.466903687,
        "mean": 31.0198574066,
        "median": 25.6682357788,
        "min": 0.146274745464,
        "var": 601.977600098
    },
    "dissonance": {
        "dmean": 0.022692322731,
        "dmean2": 0.0365912131965,
        "dvar": 0.000494394567795,
        "dvar2": 0.00123190123122,
        "max": 0.499926894903,
        "mean": 0.456050008535,
        "median": 0.463581055403,
        "min": 0.268629163504,
        "var": 0.00101853790693
    },
    "dynamic_complexity": 2.16958928108,
    "erbbands_crest": {
        "dmean": 3.23367023468,
        "dmean2": 5.04115724564,
        "dvar": 9.1253528595,
        "dvar2": 20.6698513031,
        "max": 27.6445960999,
        "mean": 9.90393161774,
        "median": 8.60901355743,
        "min": 2.58200931549,
        "var": 23.3520889282
    },
    "erbbands_flatness_db": {
        "dmean": 0.0221491139382,
        "dmean2": 0.0327455177903,
        "dvar": 0.000520901579875,
        "dvar2": 0.00109017232899,
        "max": 0.30940258503,
        "mean": 0.157025113702,
        "median": 0.150610387325,
        "min": 0.0721062719822,
        "var": 0.00177868944593
    },
    "erbbands_kurtosis": {
        "dmean": 1.63558363914,
        "dmean2": 2.59721493721,
        "dvar": 10.8025484085,
        "dvar2": 24.4395503998,
        "max": 53.7250747681,
        "mean": 0.966852366924,
        "median": -0.0462691783905,
        "min": -1.90729951859,
        "var": 14.704782486
    },
    "erbbands_skewness": {
        "dmean": 0.538225114346,
        "dmean2": 0.798694312572,
        "dvar": 0.3812713027,
        "dvar2": 0.726784586906,
        "max": 4.78089952469,
        "mean": 0.163708925247,
        "median": 0.152627035975,
        "min": -5.99838018417,
        "var": 1.05689632893
    },
    "erbbands_spread": {
        "dmean": 14.8236808777,
        "dmean2": 22.2257213593,
        "dvar": 301.645996094,
        "dvar2": 648.695129395,
        "max": 172.420425415,
        "mean": 48.6936073303,
        "median": 44.1756973267,
        "min": 6.78451490402,
        "var": 806.985412598
    },
    "hfc": {
        "dmean": 16.3622589111,
        "dmean2": 22.7192630768,
        "dvar": 732.577880859,
        "dvar2": 1413.26452637,
        "max": 319.458679199,
        "mean": 33.3728713989,
        "median": 20.4238452911,
        "min": 0.157439008355,
        "var": 1673.16918945
    },
    "melbands_crest": {
        "dmean": 3.9317483902,
        "dmean2": 6.1665892601,
        "dvar": 13.2395219803,
        "dvar2": 32.6157188416,
        "max": 37.1067428589,
        "mean": 19.1848926544,
        "median": 18.9198760986,
        "min": 3.28569364548,
        "var": 53.0825767517
    },
    "melbands_flatness_db": {
        "dmean": 0.0474307537079,
        "dmean2": 0.0665546804667,
        "dvar": 0.00269850692712,
        "dvar2": 0.00565035874024,
        "max": 0.668271064758,
        "mean": 0.239858299494,
        "median": 0.218521505594,
        "min": 0.0346463173628,
        "var": 0.0127150500193
    },
    "melbands_kurtosis": {
        "dmean": 21.7772483826,
        "dmean2": 34.4882469177,
        "dvar": 2245.4934082,
        "dvar2": 5645.56494141,
        "max": 683.137207031,
        "mean": 30.864025116,
        "median": 11.9298915863,
        "min": -1.86992621422,
        "var": 3320.47412109
    },
    "melbands_skewness": {
        "dmean": 1.32549619675,
        "dmean2": 2.01732707024,
        "dvar": 2.77502799034,
        "dvar2": 6.28904438019,
        "max": 22.0351257324,
        "mean": 3.71323394775,
        "median": 3.01644611359,
        "min": -0.921467006207,
        "var": 7.34421014786
    },
    "melbands_spread": {
        "dmean": 12.9714660645,
        "dmean2": 19.5972900391,
        "dvar": 433.630767822,
        "dvar2": 932.281188965,
        "max": 273.546356201,
        "mean": 29.9297428131,
        "median": 20.3719367981,
        "min": 0.269645154476,
        "var": 1072.72192383
    },
    "pitch_salience": {
        "dmean": 0.0927433595061,
        "dmean2": 0.143537864089,
        "dvar": 0.00936532951891,
        "dvar2": 0.0218339134008,
        "max": 0.943937957287,
        "mean": 0.443600058556,
        "median": 0.461659789085,
        "min": 0.0444964319468,
        "var": 0.0270752776414
    },
    "silence_rate_20dB": {
        "dmean": 0,
        "dmean2": 0,
        "dvar": 0,
        "dvar2": 0,
        "max": 1,
        "mean": 1,
        "median": 1,
        "min": 1,
        "var": 0
    },
    "silence_rate_30dB": {
        "dmean": 0.0572755411267,
        "dmean2": 0.114639811218,
        "dvar": 0.0539951957762,
        "dvar2": 0.115441210568,
        "max": 1,
        "mean": 0.941221952438,
        "median": 1,
        "min": 0,
        "var": 0.0553238429129
    },
    "silence_rate_60dB": {
        "dmean": 0.00464396271855,
        "dmean2": 0.00929511990398,
        "dvar": 0.00462232157588,
        "dvar2": 0.0107581624761,
        "max": 1,
        "mean": 0.0131477182731,
        "median": 0,
        "min": 0,
        "var": 0.0129749905318
    },
    "spectral_centroid": {
        "dmean": 456.365814209,
        "dmean2": 648.451904297,
        "dvar": 292355.40625,
        "dvar2": 515969.6875,
        "max": 8122.84423828,
        "mean": 1617.05163574,
        "median": 1465.88000488,
        "min": 116.999534607,
        "var": 973225
    },
    "spectral_complexity": {
        "dmean": 5.55495357513,
        "dmean2": 8.33694839478,
        "dvar": 49.406337738,
        "dvar2": 96.7749710083,
        "max": 60,
        "mean": 15.3727760315,
        "median": 13,
        "min": 0,
        "var": 104.586509705
    },
    "spectral_decrease": {
        "dmean": 3.80709108683e-09,
        "dmean2": 5.52044632229e-09,
        "dvar": 2.59617930983e-17,
        "dvar2": 5.16852556097e-17,
        "max": -3.8315420281e-11,
        "mean": -9.80716574617e-09,
        "median": -7.37518313088e-09,
        "min": -4.95912644283e-08,
        "var": 6.71480405852e-17
    },
    "spectral_energy": {
        "dmean": 0.0150422370061,
        "dmean2": 0.0218559410423,
        "dvar": 0.000387652456993,
        "dvar2": 0.00076365203131,
        "max": 0.189021259546,
        "mean": 0.040041487664,
        "median": 0.0310662537813,
        "min": 0.000174358327058,
        "var": 0.000992861227132
    },
    "spectral_energyband_high": {
        "dmean": 0.00165358767845,
        "dmean2": 0.0023730432149,
        "dvar": 1.02666554085e-05,
        "dvar2": 2.09481804632e-05,
        "max": 0.032449696213,
        "mean": 0.00266064889729,
        "median": 0.000934604438953,
        "min": 1.07187088361e-06,
        "var": 2.04202387977e-05
    },
    "spectral_energyband_low": {
        "dmean": 0.0117484824732,
        "dmean2": 0.016769465059,
        "dvar": 0.000360192614608,
        "dvar2": 0.000734749017283,
        "max": 0.180587679148,
        "mean": 0.0237418562174,
        "median": 0.0144544821233,
        "min": 2.33583108411e-08,
        "var": 0.000805429881439
    },
    "spectral_energyband_middle_high": {
        "dmean": 0.00220233597793,
        "dmean2": 0.00336725404486,
        "dvar": 8.52506127558e-06,
        "dvar2": 1.87161404028e-05,
        "max": 0.0259523652494,
        "mean": 0.00450848368928,
        "median": 0.00275461887941,
        "min": 1.64822558872e-05,
        "var": 2.23512106459e-05
    },
    "spectral_energyband_middle_low": {
        "dmean": 0.0067816930823,
        "dmean2": 0.011084696278,
        "dvar": 0.00019332820375,
        "dvar2": 0.000529164972249,
        "max": 0.104822538793,
        "mean": 0.0102332504466,
        "median": 0.00598156405613,
        "min": 5.00457572343e-05,
        "var": 0.000172652376932
    },
    "spectral_entropy": {
        "dmean": 0.290741950274,
        "dmean2": 0.417617231607,
        "dvar": 0.10469212383,
        "dvar2": 0.214613392949,
        "max": 8.78380870819,
        "mean": 7.53453016281,
        "median": 7.59860563278,
        "min": 5.17593479156,
        "var": 0.316937118769
    },
    "spectral_flux": {
        "dmean": 0.0387185290456,
        "dmean2": 0.0563124716282,
        "dvar": 0.00183149171062,
        "dvar2": 0.00305203488097,
        "max": 0.390396267176,
        "mean": 0.109469942749,
        "median": 0.0933465585113,
        "min": 0.0064406641759,
        "var": 0.00514664826915
    },
    "spectral_kurtosis": {
        "dmean": 1.72627902031,
        "dmean2": 2.65596842766,
        "dvar": 7.02224254608,
        "dvar2": 17.2109394073,
        "max": 35.4729309082,
        "mean": 3.16770124435,
        "median": 2.3194026947,
        "min": -1.48540830612,
        "var": 14.1776704788
    },
    "spectral_rms": {
        "dmean": 0.00111689162441,
        "dmean2": 0.00161906401627,
        "dvar": 1.60531158144e-06,
        "dvar2": 3.09612732963e-06,
        "max": 0.013579800725,
        "mean": 0.00580378435552,
        "median": 0.00550531921908,
        "min": 0.000412438705098,
        "var": 5.38090944247e-06
    },
    "spectral_rolloff": {
        "dmean": 972.944458008,
        "dmean2": 1591.6739502,
        "dvar": 2957740.5,
        "dvar2": 5581230,
        "max": 13329.0527344,
        "mean": 2159.55102539,
        "median": 1055.12695312,
        "min": 43.06640625,
        "var": 7679954
    },
    "spectral_skewness": {
        "dmean": 0.309380084276,
        "dmean2": 0.44554874301,
        "dvar": 0.108277902007,
        "dvar2": 0.233020052314,
        "max": 4.51261329651,
        "mean": 1.30248498917,
        "median": 1.22267603874,
        "min": -0.585666000843,
        "var": 0.395654767752
    },
    "spectral_spread": {
        "dmean": 960002.1875,
        "dmean2": 1331483.375,
        "dvar": 1.7704723415e+12,
        "dvar2": 2.67855567258e+12,
        "max": 19577618,
        "mean": 5738585.5,
        "median": 4925801.5,
        "min": 1640248.5,
        "var": 8.3943489536e+12
    },
    "spectral_strongpeak": {
        "dmean": 0.419976860285,
        "dmean2": 0.711507558823,
        "dvar": 0.952437341213,
        "dvar2": 2.4244184494,
        "max": 11.0312805176,
        "mean": 0.721793353558,
        "median": 0.394862413406,
        "min": 0.0324801206589,
        "var": 1.11485171318
    },
    "zerocrossingrate": {
        "dmean": 0.0197700988501,
        "dmean2": 0.0208432935178,
        "dvar": 0.000626705994364,
        "dvar2": 0.000626394932624,
        "max": 0.4150390625,
        "mean": 0.0743456333876,
        "median": 0.05517578125,
        "min": 0.001953125,
        "var": 0.00451206602156
    },
    "barkbands": {
        "dmean": [0.000302894506603, 0.0101394122466, 0.00419955560938, 0.00235278834589, 0.00277852965519, 0.00126923329663, 0.000762160809245, 0.000881190993823, 0.000468308338895, 0.000406720035244, 0.000385359104257, 0.000409929518355, 0.000280832144199, 0.000372464623069, 0.000428086175816, 0.000370197551092, 0.00022817356512, 0.000220643894863, 0.000222900955123, 0.000278354418697, 0.000343260995578, 0.000308173737722, 0.000313746830216, 0.000427362247137, 0.000348005938577, 0.000120302473078, 4.21455183641e-07],
        "dmean2": [0.00042456301162, 0.0153648555279, 0.00714456662536, 0.00428924290463, 0.0047206422314, 0.00194920029026, 0.00126720208209, 0.00136177975219, 0.000743062468246, 0.000596830213908, 0.000611228984781, 0.000637632852886, 0.000465822842671, 0.000566396687645, 0.000649747438729, 0.000587013317272, 0.000363728380762, 0.000348368950654, 0.000356489093974, 0.000453905115137, 0.000540120003279, 0.000468620710308, 0.000479260779684, 0.000616787874606, 0.000468804937555, 0.000177906505996, 7.53412621179e-07],
        "dvar": [2.45901929929e-07, 0.000307103269733, 0.000179584138095, 6.96435599821e-05, 3.19469472743e-05, 5.10510062668e-06, 2.89685863208e-06, 2.32563161262e-06, 9.36291030484e-07, 6.34898071894e-07, 6.41695805825e-07, 8.89704267593e-07, 2.78248080576e-07, 4.69466641562e-07, 6.18066451352e-07, 9.20551372019e-07, 4.19922145056e-07, 3.56454933126e-07, 1.86489373277e-07, 4.11549791579e-07, 7.80517609655e-07, 6.04900662893e-07, 4.72075896596e-07, 1.03374304672e-06, 9.54134065978e-07, 1.54536124342e-07, 3.24309242655e-12],
        "dvar2": [4.89623744215e-07, 0.000676599680446, 0.000470211816719, 0.000199672285817, 9.01803650777e-05, 1.18648031275e-05, 7.65530876379e-06, 5.32631702299e-06, 2.35268112192e-06, 1.21219420635e-06, 1.42949681958e-06, 1.76398407348e-06, 6.87270642175e-07, 9.16745023005e-07, 1.37873576023e-06, 2.16232729144e-06, 8.73281749136e-07, 8.42203633056e-07, 4.47592981345e-07, 1.01527552943e-06, 2.01456532523e-06, 1.36728340294e-06, 1.07327389287e-06, 2.1184068828e-06, 1.78221284841e-06, 3.15266049711e-07, 8.74010933072e-12],
        "max": [0.00991727691144, 0.146149128675, 0.0959443375468, 0.0726831108332, 0.0470991618931, 0.03434381634, 0.01950516738, 0.0175133626908, 0.0128091275692, 0.0152819184586, 0.0131554137915, 0.0144268162549, 0.00715016713366, 0.0104379672557, 0.0127062406391, 0.0152428233996, 0.00836642086506, 0.00928206462413, 0.00566900661215, 0.00661871302873, 0.0107446266338, 0.01332244277, 0.00655258074403, 0.0135069135576, 0.0144852753729, 0.00661935191602, 2.80403310171e-05],
        "mean": [0.000727200822439, 0.0184049271047, 0.00363761768676, 0.00176134705544, 0.00349871860817, 0.00189296144526, 0.000877062731888, 0.00136373471469, 0.000559721433092, 0.000566396745853, 0.000580540508963, 0.000588603084907, 0.00031309586484, 0.000485289085191, 0.000621846702415, 0.000504229334183, 0.00029491938767, 0.000255654013017, 0.000303547567455, 0.000349030189682, 0.000462706433609, 0.000378974858904, 0.000351079390384, 0.000637297634967, 0.000474990200019, 0.000149665822391, 3.16696457503e-07],
        "median": [0.00023990124464, 0.0110701965168, 0.00027189872344, 0.000123791382066, 0.00139162444975, 0.000696402741596, 0.000277693441603, 0.000587824964896, 0.000170959625393, 0.000233898826991, 0.000196808745386, 0.000106312174466, 8.89790535439e-05, 0.00010067418043, 0.000127900071675, 0.000103626247437, 5.82069587836e-05, 5.13326449436e-05, 8.93296091817e-05, 9.98968680506e-05, 0.000161343181389, 0.000114250549814, 4.29692809121e-05, 0.000118367963296, 4.67557438242e-05, 1.0837163245e-05, 8.82660555757e-10],
        "min": [3.59525431648e-09, 1.5619202598e-09, 6.36994279546e-09, 1.50354928508e-08, 7.03983857875e-07, 4.47438054607e-07, 1.05109052129e-07, 3.68513383364e-07, 1.41406232501e-07, 1.02452290207e-07, 6.66520918458e-08, 2.94772888765e-07, 2.30435290405e-07, 3.24246684613e-07, 2.70333146091e-07, 1.1934146471e-07, 6.91861501423e-08, 1.32558668042e-07, 6.41074251462e-08, 9.04850097072e-08, 3.20700678458e-07, 3.36434098358e-08, 1.23510890404e-09, 4.44704169322e-11, 1.38770696323e-11, 1.19614058242e-11, 6.64272976902e-12],
        "var": [1.33786613787e-06, 0.000513180391863, 0.00013189719175, 4.11681576225e-05, 3.02011067106e-05, 9.87664589047e-06, 2.69368729278e-06, 4.10493839809e-06, 1.12460145374e-06, 1.27794612581e-06, 1.5763864667e-06, 1.99416012947e-06, 3.69494017605e-07, 1.1327916809e-06, 1.719091415e-06, 1.51431788709e-06, 6.82154393417e-07, 4.7642609502e-07, 2.75231911928e-07, 4.82321922846e-07, 8.36917877223e-07, 8.04184423941e-07, 5.62831644402e-07, 2.25931921705e-06, 2.07442985811e-06, 2.74337054407e-07, 2.45262187296e-12]
    },
    "erbbands": {
        "dmean": [0.325549513102, 2.30842733383, 4.5171084404, 6.57967615128, 7.17275762558, 10.3466691971, 12.159693718, 9.74984455109, 10.4376087189, 15.9355363846, 15.559214592, 10.5242290497, 12.8622016907, 12.7586154938, 13.7031555176, 16.9627227783, 12.6660881042, 18.4010314941, 20.9468383789, 17.6877212524, 18.0279521942, 11.981218338, 10.8783187866, 12.4145307541, 9.7856388092, 13.7126636505, 13.386680603, 13.7753181458, 11.0001049042, 8.83341217041, 10.1409578323, 6.90069437027, 8.43489933014, 4.52903461456, 2.0369784832, 0.727887272835, 0.191187247634, 0.014550993219, 0.000317478348734, 3.76001771656e-05],
        "dmean2": [0.493531554937, 3.40409493446, 7.06313848495, 11.781580925, 12.9237222672, 17.5232143402, 19.3347930908, 14.7794332504, 16.9030971527, 25.5345458984, 24.0879478455, 16.5507030487, 19.8113040924, 18.6295967102, 21.9197559357, 26.4197864532, 20.7126998901, 28.3594532013, 31.828962326, 26.5836143494, 28.2144966125, 18.979763031, 16.7564334869, 19.586687088, 15.3970212936, 22.3422985077, 21.4543075562, 21.6745567322, 17.2568740845, 13.5960359573, 15.5784959793, 10.0114297867, 12.1165513992, 6.3222360611, 2.93355607986, 1.11757540703, 0.279050767422, 0.0216825064272, 0.00045871688053, 5.28945856786e-05],
        "dvar": [0.247764661908, 19.1534252167, 162.636810303, 507.292388916, 479.706573486, 382.313262939, 507.228759766, 358.709655762, 530.922973633, 859.587280273, 924.757324219, 384.124206543, 512.353210449, 783.076599121, 800.74407959, 1510.46716309, 588.164733887, 1237.84680176, 1405.0435791, 1592.50378418, 2543.95483398, 1058.6920166, 926.616088867, 674.8671875, 412.712799072, 1059.73388672, 1467.19470215, 1026.44274902, 692.117248535, 1043.7520752, 524.836242676, 237.194869995, 475.972961426, 173.843658447, 35.1127929688, 6.26603651047, 0.572808861732, 0.00535777863115, 1.48257629462e-06, 4.86309259529e-09],
        "dvar2": [0.60766351223, 40.8597793579, 390.890960693, 1390.65612793, 1377.61132812, 1068.34387207, 1252.71130371, 757.000976562, 1372.77038574, 2078.80395508, 2179.20800781, 931.467102051, 1157.06176758, 1324.40942383, 1756.13781738, 2954.6315918, 1412.05175781, 2323.36523438, 3058.16674805, 3284.29663086, 6015.81542969, 2313.32592773, 2064.28613281, 1659.49182129, 956.082275391, 2569.21142578, 3795.22070312, 2566.26416016, 1575.17126465, 2620.6887207, 1221.10388184, 504.571838379, 957.618103027, 304.576293945, 75.8442306519, 14.3542375565, 1.14483690262, 0.00979858078063, 2.624662784e-06, 8.89234286205e-09],
        "max": [4.44308328629, 39.1804924011, 107.292037964, 205.123092651, 201.329742432, 164.042327881, 311.366577148, 365.466308594, 317.888885498, 353.163208008, 298.670379639, 245.545425415, 247.417770386, 595.891784668, 372.502410889, 714.811645508, 299.898345947, 563.865356445, 787.299438477, 745.296630859, 648.831237793, 472.122894287, 540.500183105, 339.268096924, 214.023696899, 382.58883667, 506.928863525, 467.705566406, 361.702606201, 560.09576416, 211.24961853, 185.163146973, 263.151672363, 250.447891235, 83.3859634399, 49.2322883606, 19.4993400574, 2.10851264, 0.0347945578396, 0.00157523527741],
        "mean": [0.621644556522, 3.69148468971, 4.93289279938, 5.32329654694, 6.46401596069, 12.7939291, 18.0968933105, 14.3512601852, 14.0285978317, 23.3857574463, 22.1549739838, 13.8740653992, 17.9316825867, 19.2999343872, 22.3029251099, 26.542470932, 15.9582595825, 25.3457508087, 33.0524024963, 26.3320407867, 24.5429077148, 15.0507240295, 13.7239780426, 17.2868709564, 13.66959095, 17.3606891632, 16.087896347, 20.0466575623, 14.4541311264, 9.49096775055, 10.9938077927, 9.77538967133, 12.8302974701, 6.6533408165, 2.56052732468, 0.831842601299, 0.258411496878, 0.0180742591619, 0.000438119343016, 7.89983314462e-05],
        "median": [0.321888625622, 1.89324212074, 0.919418692589, 0.476300060749, 1.19874966145, 4.6717247963, 7.24459886551, 5.06218671799, 4.47553157806, 8.34944725037, 9.36086940765, 5.07540035248, 8.21221923828, 6.17324876785, 7.86999750137, 5.49882936478, 5.72884893417, 6.77466440201, 8.90800476074, 7.08282709122, 5.1998462677, 3.17868518829, 3.08798456192, 4.70396947861, 4.15780305862, 5.0313835144, 5.32429122925, 7.00885295868, 4.43486738205, 1.72829771042, 1.3957285881, 2.24603009224, 1.6554145813, 0.600577354431, 0.295234233141, 0.0743810236454, 0.0129994014278, 0.000611516821664, 5.08873490617e-05, 4.51117339253e-05],
        "min": [5.83762904682e-08, 5.8173037587e-07, 5.52803476239e-06, 6.69136497891e-05, 0.000699393625837, 0.00371517869644, 0.0038494670298, 0.00364817399532, 0.0036693434231, 0.0182103123516, 0.0422470867634, 0.0136033752933, 0.00320807145908, 0.016062527895, 0.034845970571, 0.0231881234795, 0.0174117777497, 0.022587697953, 0.0159842465073, 0.0104018403217, 0.00635955901816, 0.00387142482214, 0.00803395360708, 0.00351434247568, 0.00131233141292, 0.00387899042107, 0.0135084185749, 0.0166738275439, 0.0037342987489, 0.000376130832592, 0.000300039217109, 3.92704860133e-05, 1.84340860869e-05, 1.13275673357e-05, 1.10344608402e-05, 1.19208052638e-05, 3.99269129048e-06, 4.2802608391e-07, 1.63661752595e-07, 2.46594083819e-07],
        "var": [0.513638913631, 28.9668807983, 152.176040649, 332.889312744, 298.962524414, 411.521026611, 848.454345703, 757.837524414, 615.869384766, 1405.50866699, 1334.75402832, 578.889770508, 739.393920898, 2240.06005859, 2192.21191406, 3906.84057617, 869.57598877, 2788.09448242, 4364.4453125, 3305.38208008, 3582.17944336, 1570.25439453, 1426.78198242, 1049.68981934, 627.180908203, 1243.43566895, 1368.23522949, 1295.26367188, 958.677185059, 1014.12652588, 576.487304688, 386.846801758, 1171.68359375, 422.338989258, 59.446647644, 7.87785196304, 1.23010635376, 0.0112669719383, 3.52483880306e-06, 1.3025132084e-08]
    },
    "gfcc": {
        "mean": [-0.919463038445, 82.1013565063, -103.172851562, 44.9508056641, -62.0198898315, 28.309928894, -30.4844303131, 13.9242143631, -14.7710475922, 16.7553844452, -8.7639131546, 3.69870781898, 2.71743059158],
        "cov": [[5126.64501953, -1586.0324707, -45.6994285583, 216.270950317, -666.387512207, 157.998428345, -839.20916748, 427.864227295, -430.090423584, 55.7161140442, -102.962738037, -76.5045013428, -225.674346924], [-1586.0324707, 2334.34326172, -168.684997559, -135.75982666, 577.398254395, -188.997192383, 585.907958984, -496.7137146, 156.478363037, -158.468490601, 79.6784057617, -142.201477051, 119.379608154], [-45.6994285583, -168.684997559, 1493.35559082, 26.427022934, 14.027589798, 179.030960083, -88.8001098633, 62.2409591675, -61.7874526978, -67.0659484863, -102.958435059, 19.7988891602, -75.490272522], [216.270950317, -135.75982666, 26.427022934, 453.480224609, 50.4374275208, -20.0451030731, -79.9366455078, -0.564052402973, 53.9975204468, -34.4660224915, -10.7919330597, -97.7398529053, 11.0832223892], [-666.387512207, 577.398254395, 14.027589798, 50.4374275208, 765.704406738, 67.4381866455, 339.353851318, -136.414321899, 161.099075317, 105.082466125, -135.740158081, 60.940776825, -42.5359611511], [157.998428345, -188.997192383, 179.030960083, -20.0451030731, 67.4381866455, 274.122619629, 43.2932434082, 83.9796905518, 2.63038349152, 32.6832084656, 12.7262468338, 1.33313512802, -12.9533138275], [-839.20916748, 585.907958984, -88.8001098633, -79.9366455078, 339.353851318, 43.2932434082, 521.913452148, -117.778442383, 133.827255249, 49.2472267151, -14.3271436691, 78.5247421265, -18.3329429626], [427.864227295, -496.7137146, 62.2409591675, -0.564052402973, -136.414321899, 83.9796905518, -117.778442383, 362.220428467, 19.1981449127, 27.1755485535, 39.8388290405, -7.56299591064, -2.34446620941], [-430.090423584, 156.478363037, -61.7874526978, 53.9975204468, 161.099075317, 2.63038349152, 133.827255249, 19.1981449127, 231.702331543, 33.013217926, -24.2202987671, 25.9039649963, -11.8198184967], [55.7161140442, -158.468490601, -67.0659484863, -34.4660224915, 105.082466125, 32.6832084656, 49.2472267151, 27.1755485535, 33.013217926, 224.868469238, -16.298620224, 80.385383606, -39.0023231506], [-102.962738037, 79.6784057617, -102.958435059, -10.7919330597, -135.740158081, 12.7262468338, -14.3271436691, 39.8388290405, -24.2202987671, -16.298620224, 206.686355591, -49.8026008606, 78.7240142822], [-76.5045013428, -142.201477051, 19.7988891602, -97.7398529053, 60.940776825, 1.33313512802, 78.5247421265, -7.56299591064, 25.9039649963, 80.385383606, -49.8026008606, 221.464782715, -30.8827705383], [-225.674346924, 119.379608154, -75.490272522, 11.0832223892, -42.5359611511, -12.9533138275, -18.3329429626, -2.34446620941, -11.8198184967, -39.0023231506, 78.7240142822, -30.8827705383, 181.194061279]],
        "icov": [[0.00043687663856, -0.000204969241167, 0.000201954331715, -0.000414592010202, 0.000289340328891, -0.000529933662619, 0.000544146692846, -0.000504648662172, 0.000782096525654, -0.000249997363426, 0.000513218401466, -0.000270627526334, 0.000595332297962], [-0.000204969241167, 0.00183369545266, -0.00031257228693, 0.00122125772759, -0.00127071444876, 0.00158040004317, -0.00135821884032, 0.00169663084671, -0.00104509561788, 0.00115173193626, -0.00154304667376, 0.00179707061034, -0.000812693033367], [0.000201954331715, -0.00031257228693, 0.000940586440265, -0.000398623262299, 0.000234067803831, -0.00100704201031, 0.000539335596841, -0.000471185427159, 0.000649631838314, 0.000178302827408, 0.000755941029638, -0.000548687239643, 0.0005639566225], [-0.000414592010202, 0.00122125772759, -0.000398623262299, 0.00377212883905, -0.00134686601814, 0.00146850862075, -0.000415314687416, 0.00147262052633, -0.00212003779598, 0.000952121801674, -0.0011973772198, 0.00240048603155, -0.000955951225478], [0.000289340328891, -0.00127071444876, 0.000234067803831, -0.00134686601814, 0.00353175052442, -0.00183110591024, -0.000208969184314, -0.000634589989204, 0.000175745328306, -0.00179997435771, 0.00275192502886, -0.000944320054259, 0.000313744065352], [-0.000529933662619, 0.00158040004317, -0.00100704201031, 0.00146850862075, -0.00183110591024, 0.00644757319242, -0.00204227026552, 0.000418475625338, -0.000915286887903, 0.000562030181754, -0.00232972810045, 0.00201812246814, -0.000963359838352], [0.000544146692846, -0.00135821884032, 0.000539335596841, -0.000415314687416, -0.000208969184314, -0.00204227026552, 0.0049536395818, -0.000624501844868, -4.1364965e-05, -0.000561091932468, 0.000371231959434, -0.00212610862218, 0.00147361995187], [-0.000504648662172, 0.00169663084671, -0.000471185427159, 0.00147262052633, -0.000634589989204, 0.000418475625338, -0.000624501844868, 0.00559276854619, -0.00276113534346, 0.000578597537242, -0.00212138495408, 0.00168967980426, -0.000988516723737], [0.000782096525654, -0.00104509561788, 0.000649631838314, -0.00212003779598, 0.000175745328306, -0.000915286887903, -4.1364965e-05, -0.00276113534346, 0.0078268898651, -0.000916160061024, 0.00167751812842, -0.00153854384553, 0.00132119294722], [-0.000249997363426, 0.00115173193626, 0.000178302827408, 0.000952121801674, -0.00179997435771, 0.000562030181754, -0.000561091932468, 0.000578597537242, -0.000916160061024, 0.00675249332562, -0.00179291539825, -0.000904656830244, 0.00053271104116], [0.000513218401466, -0.00154304667376, 0.000755941029638, -0.0011973772198, 0.00275192502886, -0.00232972810045, 0.000371231959434, -0.00212138495408, 0.00167751812842, -0.00179291539825, 0.0090663684532, -0.000100357778138, -0.00169908616226], [-0.000270627526334, 0.00179707061034, -0.000548687239643, 0.00240048603155, -0.000944320054259, 0.00201812246814, -0.00212610862218, 0.00168967980426, -0.00153854384553, -0.000904656830244, -0.000100357778138, 0.00808413885534, -0.00104078149889], [0.000595332297962, -0.000812693033367, 0.0005639566225, -0.000955951225478, 0.000313744065352, -0.000963359838352, 0.00147361995187, -0.000988516723737, 0.00132119294722, 0.00053271104116, -0.00169908616226, -0.00104078149889, 0.00799205712974]]
    },
    "melbands": {
        "dmean": [0.002789481543, 0.00230827904306, 0.00112231390085, 0.000586725363974, 0.000444087578217, 0.000221644208068, 0.000158788781846, 0.0001829622488, 0.000121116601804, 6.68626962579e-05, 6.41331353108e-05, 5.12078768224e-05, 4.64272561658e-05, 4.4521966629e-05, 4.10169559473e-05, 2.57283682004e-05, 3.78421173082e-05, 3.36471639457e-05, 3.09006136376e-05, 2.71455537586e-05, 2.15886302612e-05, 1.31543210955e-05, 1.02543117464e-05, 1.05078743218e-05, 1.05438648461e-05, 7.91507591202e-06, 7.45188481233e-06, 9.98532050289e-06, 8.87806891114e-06, 7.95233881945e-06, 8.55658709042e-06, 6.86460862198e-06, 5.45503780813e-06, 4.62873276774e-06, 5.80304731557e-06, 4.94034838994e-06, 4.60488035969e-06, 6.41278074909e-06, 5.9480685195e-06, 3.45701278093e-06],
        "dmean2": [0.00431257952005, 0.00334267131984, 0.00195755786262, 0.001037345035, 0.000701821874827, 0.000337559642503, 0.000257801846601, 0.000289288640488, 0.000188315025298, 0.00010501864017, 9.87116873148e-05, 7.44391873013e-05, 7.42045085644e-05, 6.92146495567e-05, 6.26948676654e-05, 4.3323081627e-05, 5.7455690694e-05, 5.19836758031e-05, 4.86945136799e-05, 4.195443762e-05, 3.3316839108e-05, 2.10577163671e-05, 1.64126740856e-05, 1.64655612025e-05, 1.68190290424e-05, 1.28006631712e-05, 1.15925822683e-05, 1.65634628502e-05, 1.43838160511e-05, 1.25327678688e-05, 1.35232021421e-05, 1.08270278361e-05, 8.55320740811e-06, 7.329419077e-06, 9.06009972823e-06, 7.55701694288e-06, 6.75374576531e-06, 9.59918270382e-06, 8.65872061695e-06, 4.9725831559e-06],
        "dvar": [2.06095737667e-05, 2.73986388493e-05, 1.33908224598e-05, 1.9650763079e-06, 6.02136992711e-07, 1.709166213e-07, 1.19371833307e-07, 1.09621794309e-07, 6.57139409554e-08, 1.62649484992e-08, 1.28373631725e-08, 1.3754268835e-08, 9.45946609932e-09, 9.53066514597e-09, 1.10165014888e-08, 2.37588904106e-09, 6.00463900824e-09, 3.84027432077e-09, 4.02908639785e-09, 4.83569317922e-09, 4.24749346806e-09, 1.36498801151e-09, 7.42712669144e-10, 9.85283299393e-10, 4.61079813219e-10, 2.62186605759e-10, 2.84911927384e-10, 5.71464542354e-10, 6.62260857265e-10, 4.2838696479e-10, 3.36264932566e-10, 2.26659704894e-10, 3.4979369401e-10, 2.95769325698e-10, 1.70862407556e-10, 1.12653039674e-10, 1.18710472008e-10, 2.60475141456e-10, 3.30834276641e-10, 1.0733172684e-10],
        "dvar2": [4.65671764687e-05, 5.56553059141e-05, 3.60457997886e-05, 5.64131096326e-06, 1.52629843342e-06, 3.73918481955e-07, 3.09955652256e-07, 2.60850015366e-07, 1.59148328294e-07, 3.94214865196e-08, 2.86415389184e-08, 2.30723653516e-08, 2.1602987843e-08, 2.10796358147e-08, 2.13555235717e-08, 5.87747228664e-09, 1.09240101409e-08, 8.20220336095e-09, 9.59288737334e-09, 1.06498410091e-08, 1.00225214794e-08, 2.94093172037e-09, 1.65476921055e-09, 2.33638530744e-09, 1.14865339462e-09, 6.19934548141e-10, 6.62514432204e-10, 1.4196930298e-09, 1.74481062931e-09, 1.09463782483e-09, 8.33021485125e-10, 5.33605770681e-10, 8.46305858726e-10, 7.52836459839e-10, 3.99292932052e-10, 2.46475062582e-10, 2.64148120044e-10, 5.65088420501e-10, 6.67693511591e-10, 2.02745570332e-10],
        "max": [0.0403142683208, 0.0478676110506, 0.033300306648, 0.0104161771014, 0.00986071955413, 0.00777164613828, 0.00453828787431, 0.00400265445933, 0.00278976908885, 0.00185024295934, 0.0012397186365, 0.00244559627026, 0.00138077582233, 0.00189698988106, 0.00243183993734, 0.000635181961115, 0.00129635282792, 0.00120041507762, 0.00116807292216, 0.00140258378815, 0.000942274986301, 0.000540436420124, 0.000398367177695, 0.000555316859391, 0.000256742583588, 0.000173571010237, 0.000203822608455, 0.000257467210758, 0.000315582990879, 0.00026333387359, 0.000250676413998, 0.000216308500967, 0.000369823363144, 0.000271837896435, 0.000116084724141, 0.00010528225539, 0.000129759835545, 0.000198043853743, 0.000267686322331, 0.000170357947354],
        "mean": [0.00531515944749, 0.00345608429052, 0.000966652529314, 0.000634722004179, 0.000670291250572, 0.000332556228386, 0.000205359683605, 0.000274171907222, 0.000163403878105, 8.5163708718e-05, 8.68198621902e-05, 7.36191359465e-05, 7.06313949195e-05, 6.89090229571e-05, 5.44465547136e-05, 2.90106618195e-05, 5.02266047988e-05, 5.08584307681e-05, 3.98723059334e-05, 4.00036151404e-05, 2.59329899563e-05, 1.6292609871e-05, 1.2175169104e-05, 1.27823614093e-05, 1.42723019962e-05, 1.02279836938e-05, 9.60110264714e-06, 1.20558497656e-05, 9.9225253507e-06, 9.93731373455e-06, 1.23876316138e-05, 8.89345847099e-06, 5.82308985031e-06, 4.77997173221e-06, 5.98867700319e-06, 5.92675451117e-06, 6.22175775788e-06, 9.21731498238e-06, 8.38423147798e-06, 4.72948022434e-06],
        "median": [0.00326280342415, 0.00138807308394, 0.00010405248031, 0.000183304844541, 0.000281479588011, 0.000122054043459, 6.37307530269e-05, 9.61843979894e-05, 6.20037026238e-05, 2.92870427074e-05, 3.73909024347e-05, 1.99687019631e-05, 2.4473933081e-05, 1.68467486219e-05, 1.11500476123e-05, 8.21724006528e-06, 1.07606010715e-05, 1.12358638944e-05, 9.65997332969e-06, 7.77238619776e-06, 4.71198291052e-06, 3.19093715007e-06, 2.43795443566e-06, 2.47552748078e-06, 3.66394465345e-06, 2.62150206254e-06, 2.26651650337e-06, 3.27451130033e-06, 2.82635755866e-06, 3.37759342983e-06, 4.04669572163e-06, 2.71006251751e-06, 1.03646698335e-06, 6.2795214717e-07, 5.40031692253e-07, 9.25545009522e-07, 1.38914776926e-06, 1.28857288928e-06, 5.31940031578e-07, 3.96821207005e-07],
        "min": [5.12075715164e-10, 1.75019776449e-09, 7.21125292813e-09, 1.07113024228e-07, 1.03902962678e-07, 7.50729682863e-08, 3.90492758129e-08, 1.74101813855e-07, 1.31401606041e-07, 1.70645790831e-08, 1.14384111072e-08, 1.68639946452e-08, 1.47115057914e-08, 4.96684258167e-08, 2.80197749447e-08, 2.2046101833e-08, 3.95016535037e-08, 2.51986271849e-08, 2.03861354464e-08, 8.80847483842e-09, 5.85846882117e-09, 3.85458287511e-09, 4.92445639821e-09, 3.94581434193e-09, 1.09578002228e-09, 1.13801290613e-09, 5.50897660823e-10, 1.92880822425e-09, 5.13083620035e-09, 6.26862473041e-09, 1.17282894507e-08, 1.08841735624e-09, 8.74955038976e-11, 1.787679553e-11, 1.41989252387e-12, 3.33833370561e-14, 4.82678235217e-14, 3.56659986918e-13, 6.57269106762e-14, 4.58972662935e-14],
