{
"highlevel": {
    "danceability": {
        "all": {
            "danceable": 0.991137206554,
            "not_danceable": 0.00886279251426
        },
        "probability": 0.991137206554,
        "value": "danceable"
    },
    "gender": {
        "all": {
            "female": 0.692110598087,
            "male": 0.307889401913
        },
        "probability": 0.692110598087,
        "value": "female"
    },
    "genre_dortmund": {
        "all": {
            "alternative": 0.0126688983291,
            "blues": 0.39234495163,
            "electronic": 0.0545169189572,
            "folkcountry": 0.00424333428964,
            "funksoulrnb": 0.103662058711,
            "jazz": 0.284987211227,
            "pop": 0.01273507718,
            "raphiphop": 0.0228772331029,
            "rock": 0.111964315176
        },
        "probability": 0.39234495163,
        "value": "blues"
    },
    "genre_electronic": {
        "all": {
            "ambient": 0.027381747961,
            "dnb": 0.141745954752,
            "house": 0.809525251389,
            "techno": 0.00434807268903,
            "trance": 0.0169989783317
        },
        "probability": 0.809525251389,
        "value": "house"
    },
    "genre_rosamerica": {
        "all": {
            "cla": 0.00497071538121,
            "dan": 0.0771075412631,
            "hip": 0.361535787582,
            "jaz": 0.00708392867818,
            "pop": 0.0379975326359,
            "rhy": 0.0248835403472,
            "roc": 0.482300847769,
            "spe": 0.00412010354921
        },
        "probability": 0.482300847769,
        "value": "roc"
    },
    "genre_tzanetakis": {
        "all": {
            "blu": 0.0626613423228,
            "cla": 0.0348169617355,
            "cou": 0.104475811124,
            "dis": 0.0784321576357,
            "hip": 0.15692435205,
            "jaz": 0.313974827528,
            "met": 0.0448166541755,
            "pop": 0.0627359300852,
            "reg": 0.0627360641956,
            "roc": 0.0784258767962
        },
        "probability": 0.313974827528,
        "value": "jaz"
    },
    "ismir04_rhythm": {
        "all": {
            "ChaChaCha": 0.0367392264307,
            "Jive": 0.0312993340194,
            "Quickstep": 0.111878298223,
            "Rumba-American": 0.00601730262861,
            "Rumba-International": 0.00390468654223,
            "Rumba-Misc": 0.00314189330675,
            "Samba": 0.764066457748,
            "Tango": 0.0314657986164,
            "VienneseWaltz": 0.00857124477625,
            "Waltz": 0.0029157709796
        },
        "probability": 0.764066457748,
        "value": "Samba"
    },
    "mood_acoustic": {
        "all": {
            "acoustic": 3.73090233552e-06,
            "not_acoustic": 0.999996244907
        },
        "probability": 0.999996244907,
        "value": "not_acoustic"
    },
    "mood_aggressive": {
        "all": {
            "aggressive": 0.996546983719,
            "not_aggressive": 0.00345299090259
        },
        "probability": 0.996546983719,
        "value": "aggressive"
    },
    "mood_electronic": {
        "all": {
            "electronic": 0.780314743519,
            "not_electronic": 0.219685271382
        },
        "probability": 0.780314743519,
        "value": "electronic"
    },
    "mood_happy": {
        "all": {
            "happy": 0.112358912826,
            "not_happy": 0.887641072273
        },
        "probability": 0.887641072273,
        "value": "not_happy"
    },
    "mood_party": {
        "all": {
            "not_party": 0.207541182637,
            "party": 0.792458832264
        },
        "probability": 0.792458832264,
        "value": "party"
    },
    "mood_relaxed": {
        "all": {
            "not_relaxed": 0.983460783958,
            "relaxed": 0.0165392234921
        },
        "probability": 0.983460783958,
        "value": "not_relaxed"
    },
    "mood_sad": {
        "all": {
            "not_sad": 0.978026628494,
            "sad": 0.0219733454287
        },
        "probability": 0.978026628494,
        "value": "not_sad"
    },
    "moods_mirex": {
        "all": {
            "Cluster1": 0.354532629251,
            "Cluster2": 0.184065252542,
            "Cluster3": 0.0216336026788,
            "Cluster4": 0.0743586719036,
            "Cluster5": 0.365409821272
        },
        "probability": 0.365409821272,
        "value": "Cluster5"
    },
    "timbre": {
        "all": {
            "bright": 0.987721502781,
            "dark": 0.0122785018757
        },
        "probability": 0.987721502781,
        "value": "bright"
    },
    "tonal_atonal": {
        "all": {
            "atonal": 0.999998271465,
            "tonal": 1.71648957803e-06
        },
        "probability": 0.999998271465,
        "value": "atonal"
    },
    "voice_instrumental": {
        "all": {
            "instrumental": 0.970095396042,
            "voice": 0.0299045741558
        },
        "probability": 0.970095396042,
        "value": "instrumental"
    }
},
"lowlevel": {
    "average_loudness": 0.966057956219,
    "barkbands_crest": {
        "dmean": 3.34184670448,
        "dmean2": 5.37131357193,
        "dvar": 9.22119808197,
        "dvar2": 19.9510440826,
        "max": 25.3957099915,
        "mean": 10.5463981628,
        "median": 9.4885931015,
        "min": 2.66546392441,
        "var": 30.1520328522
    },
    "barkbands_flatness_db": {
        "dmean": 0.025483969599,
        "dmean2": 0.0409798584878,
        "dvar": 0.000630744558293,
        "dvar2": 0.00134045130108,
        "max": 0.388119280338,
        "mean": 0.157259494066,
        "median": 0.139225006104,
        "min": 0.0532302819192,
        "var": 0.00350485788658
    },
    "barkbands_kurtosis": {
        "dmean": 3.00483179092,
        "dmean2": 4.60630226135,
        "dvar": 53.3131408691,
        "dvar2": 107.751113892,
        "max": 156.59866333,
        "mean": 1.73462593555,
        "median": -0.934332847595,
        "min": -1.94002151489,
        "var": 72.5826797485
    },
    "barkbands_skewness": {
        "dmean": 0.773515343666,
        "dmean2": 1.17503094673,
        "dvar": 0.752566039562,
        "dvar2": 1.33085012436,
        "max": 10.9483337402,
        "mean": 0.797382235527,
        "median": 0.506304085255,
        "min": -3.70768713951,
        "var": 2.38531565666
    },
    "barkbands_spread": {
        "dmean": 8.69894790649,
        "dmean2": 13.7533540726,
        "dvar": 70.0462799072,
        "dvar2": 146.713684082,
        "max": 79.5082931519,
        "mean": 40.347492218,
        "median": 41.7491912842,
        "min": 1.05398130417,
        "var": 232.115310669
    },
    "dissonance": {
        "dmean": 0.00849481392652,
        "dmean2": 0.0145591730252,
        "dvar": 0.000189421320101,
        "dvar2": 0.000557140097953,
        "max": 0.499998956919,
        "mean": 0.486004590988,
        "median": 0.489846408367,
        "min": 0.279546648264,
        "var": 0.000228564080317
    },
    "dynamic_complexity": 1.84064495564,
    "erbbands_crest": {
        "dmean": 2.60927152634,
        "dmean2": 4.18247747421,
        "dvar": 7.22213697433,
        "dvar2": 16.1263999939,
        "max": 30.6968593597,
        "mean": 9.78577136993,
        "median": 8.11682510376,
        "min": 3.17022395134,
        "var": 26.0029907227
    },
    "erbbands_flatness_db": {
        "dmean": 0.0171627197415,
        "dmean2": 0.0253022573888,
        "dvar": 0.000269449083135,
        "dvar2": 0.000515636522323,
        "max": 0.387751013041,
        "mean": 0.194489747286,
        "median": 0.185848131776,
        "min": 0.112591996789,
        "var": 0.00224528484978
    },
    "erbbands_kurtosis": {
        "dmean": 1.50912833214,
        "dmean2": 2.33323121071,
        "dvar": 6.36590766907,
        "dvar2": 15.5742416382,
        "max": 38.774017334,
        "mean": 1.96565413475,
        "median": 1.09542703629,
        "min": -1.83772802353,
        "var": 15.2807483673
    },
    "erbbands_skewness": {
        "dmean": 0.362162977457,
        "dmean2": 0.555570244789,
        "dvar": 0.167239159346,
        "dvar2": 0.386602699757,
        "max": 1.80455946922,
        "mean": -0.958102285862,
        "median": -0.886363327503,
        "min": -5.53733825684,
        "var": 0.62479788065
    },
    "erbbands_spread": {
        "dmean": 9.13368034363,
        "dmean2": 13.7165699005,
        "dvar": 101.2447052,
        "dvar2": 211.364059448,
        "max": 111.888252258,
        "mean": 34.1841163635,
        "median": 30.0887966156,
        "min": 1.85647451878,
        "var": 328.986022949
    },
    "hfc": {
        "dmean": 6.73813533783,
        "dmean2": 10.1423740387,
        "dvar": 48.3038635254,
        "dvar2": 101.426445007,
        "max": 89.5644073486,
        "mean": 31.3180351257,
        "median": 29.1486911774,
        "min": 1.54843389988,
        "var": 263.884918213
    },
    "melbands_crest": {
        "dmean": 4.83249282837,
        "dmean2": 8.08657169342,
        "dvar": 15.5803718567,
        "dvar2": 43.842918396,
        "max": 33.8119277954,
        "mean": 16.4120140076,
        "median": 15.2389564514,
        "min": 2.68432307243,
        "var": 53.7923431396
    },
    "melbands_flatness_db": {
        "dmean": 0.0341088250279,
        "dmean2": 0.0546719618142,
        "dvar": 0.00127728993539,
        "dvar2": 0.00241856160574,
        "max": 0.476208597422,
        "mean": 0.176028266549,
        "median": 0.151605710387,
        "min": 0.047569848597,
        "var": 0.00723719969392
    },
    "melbands_kurtosis": {
        "dmean": 10.7491121292,
        "dmean2": 16.3752346039,
        "dvar": 476.819122314,
        "dvar2": 900.416992188,
        "max": 277.793640137,
        "mean": 12.6398124695,
        "median": 2.95079088211,
        "min": -1.87168121338,
        "var": 761.941162109
    },
    "melbands_skewness": {
        "dmean": 1.15622150898,
        "dmean2": 1.76754403114,
        "dvar": 1.95310461521,
        "dvar2": 3.40090346336,
        "max": 12.4667863846,
        "mean": 2.55566692352,
        "median": 1.97633874416,
        "min": -2.18734383583,
        "var": 5.60852718353
    },
    "melbands_spread": {
        "dmean": 15.5143003464,
        "dmean2": 25.1778373718,
        "dvar": 232.678451538,
        "dvar2": 540.947265625,
        "max": 136.753494263,
        "mean": 51.0030136108,
        "median": 52.1619110107,
        "min": 0.758933722973,
        "var": 756.112854004
    },
    "pitch_salience": {
        "dmean": 0.0878359302878,
        "dmean2": 0.141948372126,
        "dvar": 0.00596729945391,
        "dvar2": 0.0132438279688,
        "max": 0.836819350719,
        "mean": 0.507336616516,
        "median": 0.519389867783,
        "min": 0.100888967514,
        "var": 0.0214740689844
    },
    "silence_rate_20dB": {
        "dmean": 0,
        "dmean2": 0,
        "dvar": 0,
        "dvar2": 0,
        "max": 1,
        "mean": 1,
        "median": 1,
        "min": 1,
        "var": 0
    },
    "silence_rate_30dB": {
        "dmean": 0.0696594417095,
        "dmean2": 0.139426797628,
        "dvar": 0.0648068115115,
        "dvar2": 0.119986750185,
        "max": 1,
        "mean": 0.897138416767,
        "median": 1,
        "min": 0,
        "var": 0.0922818109393
    },
    "silence_rate_60dB": {
        "dmean": 0.00154798757285,
        "dmean2": 0.00309837330133,
        "dvar": 0.0015455899993,
        "dvar2": 0.00463795289397,
        "max": 1,
        "mean": 0.00077339517884,
        "median": 0,
        "min": 0,
        "var": 0.000772796862293
    },
    "spectral_centroid": {
        "dmean": 279.928924561,
        "dmean2": 430.122375488,
        "dvar": 86449.1796875,
        "dvar2": 198243.5,
        "max": 3876.56469727,
        "mean": 2583.62402344,
        "median": 2667.29223633,
        "min": 472.486785889,
        "var": 309954.6875
    },
    "spectral_complexity": {
        "dmean": 4.77012395859,
        "dmean2": 7.18280410767,
        "dvar": 20.7357940674,
        "dvar2": 36.9612388611,
        "max": 58,
        "mean": 27.6527462006,
        "median": 29,
        "min": 3,
        "var": 146.089080811
    },
    "spectral_decrease": {
        "dmean": 5.46751088848e-09,
        "dmean2": 8.32232061043e-09,
        "dvar": 1.10117724214e-16,
        "dvar2": 1.92839861816e-16,
        "max": -4.34224017853e-10,
        "mean": -1.0197412692e-08,
        "median": -4.47463133213e-09,
        "min": -8.50042098932e-08,
        "var": 2.11491196442e-16
    },
    "spectral_energy": {
        "dmean": 0.0209343470633,
        "dmean2": 0.0318160429597,
        "dvar": 0.00157410290558,
        "dvar2": 0.00274808029644,
        "max": 0.325238376856,
        "mean": 0.0413280203938,
        "median": 0.0198685657233,
        "min": 0.002217752859,
        "var": 0.00307346740738
    },
    "spectral_energyband_high": {
        "dmean": 0.00060255615972,
        "dmean2": 0.000958722317591,
        "dvar": 5.99627981046e-07,
        "dvar2": 1.46580418914e-06,
        "max": 0.0100037520751,
        "mean": 0.00220094574615,
        "median": 0.00197832309641,
        "min": 8.14027407614e-06,
        "var": 2.47499156103e-06
    },
    "spectral_energyband_low": {
        "dmean": 0.019406164065,
        "dmean2": 0.0297504365444,
        "dvar": 0.00163219962269,
        "dvar2": 0.00290928478353,
        "max": 0.313824951649,
        "mean": 0.0271605532616,
        "median": 0.00500026531518,
        "min": 1.62158921739e-05,
        "var": 0.00294660590589
    },
    "spectral_energyband_middle_high": {
        "dmean": 0.00203959946521,
        "dmean2": 0.00303433509544,
        "dvar": 4.28388148066e-06,
        "dvar2": 8.52446464705e-06,
        "max": 0.0267712976784,
        "mean": 0.0073661301285,
        "median": 0.00661027152091,
        "min": 0.000377169984858,
        "var": 2.09140707739e-05
    },
    "spectral_energyband_middle_low": {
        "dmean": 0.00250826822594,
        "dmean2": 0.00403286702931,
        "dvar": 3.24079592247e-05,
        "dvar2": 8.37277984829e-05,
        "max": 0.0849967226386,
        "mean": 0.00510067911819,
        "median": 0.00365220988169,
        "min": 8.27794156066e-06,
        "var": 3.40483020409e-05
    },
    "spectral_entropy": {
        "dmean": 0.131324484944,
        "dmean2": 0.207005530596,
        "dvar": 0.0296106804162,
        "dvar2": 0.0703903287649,
        "max": 8.15602207184,
        "mean": 7.62111663818,
        "median": 7.77104616165,
        "min": 4.71823406219,
        "var": 0.227200701833
    },
    "spectral_flux": {
        "dmean": 0.0409059599042,
        "dmean2": 0.0698634833097,
        "dvar": 0.00372934387997,
        "dvar2": 0.00883678346872,
        "max": 0.436081081629,
        "mean": 0.108215838671,
        "median": 0.0844860449433,
        "min": 0.0156566053629,
        "var": 0.00566293625161
    },
    "spectral_kurtosis": {
        "dmean": 1.73475837708,
        "dmean2": 3.02124452591,
        "dvar": 5.49067831039,
        "dvar2": 17.0119628906,
        "max": 27.1797332764,
        "mean": 3.05200839043,
        "median": 2.05927467346,
        "min": -0.496141672134,
        "var": 11.8865747452
    },
    "spectral_rms": {
        "dmean": 0.00128985231277,
        "dmean2": 0.00198260997422,
        "dvar": 3.55281190423e-06,
        "dvar2": 5.77015453018e-06,
        "max": 0.0178130771965,
        "mean": 0.00551910977811,
        "median": 0.00440272269771,
        "min": 0.001470938907,
        "var": 9.85942915577e-06
    },
    "spectral_rolloff": {
        "dmean": 683.947387695,
        "dmean2": 1198.1027832,
        "dvar": 704203.25,
        "dvar2": 1531078.75,
        "max": 5598.6328125,
        "mean": 2719.24951172,
        "median": 3036.18164062,
        "min": 64.599609375,
        "var": 1900210
    },
    "spectral_skewness": {
        "dmean": 0.224054604769,
        "dmean2": 0.383761107922,
        "dvar": 0.0582959242165,
        "dvar2": 0.181782662868,
        "max": 2.9522459507,
        "mean": 0.72709941864,
        "median": 0.716587603092,
        "min": -0.204639449716,
        "var": 0.183332532644
    },
    "spectral_spread": {
        "dmean": 309286.21875,
        "dmean2": 473205.625,
        "dvar": 137260261376,
        "dvar2": 212716929024,
        "max": 12137628,
        "mean": 3392543.75,
        "median": 3395337,
        "min": 1336682.625,
        "var": 622839398400
    },
    "spectral_strongpeak": {
        "dmean": 1.13878464699,
        "dmean2": 1.96922528744,
        "dvar": 3.91108417511,
        "dvar2": 9.60726261139,
        "max": 13.618803978,
        "mean": 1.37262141705,
        "median": 0.428671211004,
        "min": 0,
        "var": 5.14629507065
    },
    "zerocrossingrate": {
        "dmean": 0.0109156556427,
        "dmean2": 0.0130001576617,
        "dvar": 0.000106236904685,
        "dvar2": 0.000125102567836,
        "max": 0.1611328125,
        "mean": 0.087453328073,
        "median": 0.09228515625,
        "min": 0.005859375,
        "var": 0.00098749762401
    },
    "barkbands": {
        "dmean": [0.00131444900762, 0.0181110892445, 0.00371334096417, 0.000920427963138, 0.00147336209193, 0.00060073408531, 0.00016989033611, 0.000105485909444, 0.000139553347253, 0.000157051006681, 0.000156172580319, 0.000207521268749, 0.000197875589947, 0.000340334809152, 0.000413907953771, 0.000637174409349, 0.000648947956506, 0.000394362956285, 0.000567772600334, 0.000483565381728, 0.000300456740661, 0.000131633511046, 7.81708222348e-05, 3.45828084392e-05, 7.19535546523e-06, 1.00694455796e-06, 2.52766714226e-08],
        "dmean2": [0.00234876573086, 0.0273002702743, 0.00691257789731, 0.00157454621512, 0.00242738472298, 0.000906217494048, 0.000277077051578, 0.00016808831424, 0.000212139377254, 0.000243951100856, 0.00024618167663, 0.000334409240168, 0.000290448922897, 0.000504200113937, 0.00061741808895, 0.000977179035544, 0.00100666063372, 0.000618787948042, 0.00092132971622, 0.00079912977526, 0.00050028169062, 0.000210163416341, 0.000125184044009, 5.45291259186e-05, 1.16397759484e-05, 1.71254532688e-06, 4.45309034092e-08],
        "dvar": [3.42856992575e-06, 0.00145401817281, 0.000144591263961, 3.41286499861e-06, 2.25932799367e-05, 7.48105208004e-07, 1.00205454601e-07, 2.47729889935e-08, 5.721379992e-08, 1.16158638264e-07, 1.08465528115e-07, 1.53723547669e-07, 2.00599032496e-07, 5.49138121642e-07, 5.91788705151e-07, 1.22476490105e-06, 9.72442308012e-07, 6.99757777056e-07, 5.62078810162e-07, 4.7783220225e-07, 1.40447326658e-07, 3.18458432957e-08, 1.38807276784e-08, 3.46699668974e-09, 1.49926140947e-10, 3.99836717555e-12, 8.75574992961e-15],
        "dvar2": [9.84488633549e-06, 0.00284697907045, 0.000418589857873, 9.10663311515e-06, 5.96311001573e-05, 1.62816570537e-06, 2.47077309723e-07, 5.88331445783e-08, 1.1885754958e-07, 2.59013546611e-07, 2.39950281866e-07, 3.60784213171e-07, 3.25861833517e-07, 1.01492082649e-06, 1.20398897252e-06, 2.34358412854e-06, 2.07676703212e-06, 1.40751910749e-06, 1.23942970731e-06, 1.21800178476e-06, 3.70800620431e-07, 7.82492008966e-08, 3.3854693271e-08, 8.14385536785e-09, 3.95992710844e-10, 1.0594776792e-11, 2.52988446435e-14],
        "max": [0.0139955375344, 0.30591404438, 0.0736403688788, 0.019954174757, 0.0727753266692, 0.0120090749115, 0.00406872807071, 0.00287290429696, 0.00294484756887, 0.00414927210659, 0.00473852269351, 0.00464004883543, 0.0139981890097, 0.0153742888942, 0.0134321702644, 0.0230575352907, 0.0141630470753, 0.01438804809, 0.0103530138731, 0.00784891285002, 0.00450593885034, 0.00244486448355, 0.00172535574529, 0.00114453909919, 0.00018351644394, 2.7995547498e-05, 1.46824663716e-06],
        "mean": [0.00153220945504, 0.0224307142198, 0.0027523257304, 0.00111243268475, 0.00202686549164, 0.00119849713519, 0.000268359435722, 0.000171911800862, 0.000250718207099, 0.000243823626079, 0.000249640492257, 0.000373055227101, 0.000469196558697, 0.00068262743298, 0.000831168028526, 0.00116388080642, 0.00113985512871, 0.000746516452637, 0.00112508435268, 0.0010770742083, 0.000785878044553, 0.000359567609848, 0.000207432341995, 0.000106802108348, 2.10038906516e-05, 1.36790504257e-06, 2.07675743269e-08],
        "median": [0.000655385782011, 0.00303670321591, 0.000378782831831, 0.000466329976916, 0.000989784835838, 0.000622168648988, 0.00011862370593, 7.86167220213e-05, 0.000113901594887, 0.000104858831037, 8.86839770828e-05, 0.000130800748593, 0.000142576580402, 0.000197216621018, 0.000335420307238, 0.000563634210266, 0.000645712541882, 0.000413976755226, 0.000809524441138, 0.000860811560415, 0.00064106535865, 0.000298111088341, 0.000139031180879, 4.35078945884e-05, 7.92266564531e-06, 1.91444954112e-07, 5.05046726662e-10],
        "min": [3.2467525557e-08, 1.1570202787e-06, 2.42832834374e-06, 4.36954081806e-07, 7.29708517611e-07, 2.04995728836e-07, 1.24431380755e-07, 1.38434046448e-07, 1.2112646175e-07, 8.52492334502e-08, 1.71967002416e-07, 3.7758351823e-07, 2.54866336036e-07, 7.35648711725e-07, 3.08262372073e-07, 1.44280409842e-08, 5.47438321519e-06, 4.06855087931e-06, 6.34470006844e-06, 3.03719133399e-07, 1.15584248306e-06, 2.02957465945e-07, 9.12624855687e-08, 7.53375459794e-08, 7.04650365835e-11, 8.39961607213e-12, 1.04920343247e-11],
        "var": [4.11671635447e-06, 0.00232326169498, 8.61615189933e-05, 3.39723897014e-06, 1.99806891032e-05, 2.58324416791e-06, 1.65733311519e-07, 6.29199590207e-08, 1.53194420704e-07, 1.80924857318e-07, 2.32345811924e-07, 4.38043088025e-07, 1.85870055702e-06, 3.16368414133e-06, 2.51668438978e-06, 4.0331733544e-06, 2.37532708525e-06, 1.57252213739e-06, 1.27249631987e-06, 9.09885784495e-07, 4.38236924083e-07, 8.92055425084e-08, 4.6933568143e-08, 1.98520897499e-08, 7.52232665047e-10, 6.55063026392e-12, 7.06493240646e-15]
    },
    "erbbands": {
        "dmean": [0.750324428082, 3.32566571236, 4.2586517334, 3.79131221771, 3.70598936081, 5.40158319473, 5.31376695633, 4.38953065872, 2.74358034134, 1.94330191612, 2.49097275734, 3.08230948448, 3.39003062248, 5.5254406929, 6.28932762146, 9.44617462158, 8.89812850952, 14.9870004654, 20.993188858, 22.0343875885, 36.6548423767, 27.8113803864, 21.7055778503, 32.6788787842, 21.3707637787, 18.2876682281, 19.4103984833, 7.98101806641, 5.57512044907, 2.98139882088, 1.93024742603, 1.05023980141, 0.497528403997, 0.130356386304, 0.0331418775022, 0.00721123768017, 0.00147010711953, 0.000108829255623, 1.36918952194e-05, 2.32199745369e-05],
        "dmean2": [1.17852938175, 5.20444297791, 7.73936843872, 6.75142526627, 6.08961725235, 8.99228096008, 8.21825408936, 6.65722131729, 4.42799472809, 3.12518143654, 3.92140626907, 4.69754648209, 5.30178833008, 8.82269573212, 9.76629066467, 14.9042224884, 12.8588457108, 21.9456157684, 32.2636146545, 32.9235496521, 56.7107086182, 43.1328010559, 33.322933197, 52.5150184631, 34.6010894775, 30.1708011627, 31.788269043, 13.1657085419, 9.0552778244, 4.56408834457, 3.14783263206, 1.6680406332, 0.810204327106, 0.213753268123, 0.0571020469069, 0.0123479086906, 0.00251140980981, 0.000190004750038, 2.12284612644e-05, 3.51078706444e-05],
        "dvar": [2.50666260719, 54.844367981, 175.05229187, 101.085983276, 109.875663757, 338.93057251, 79.0598220825, 43.4850082397, 29.271604538, 10.5686807632, 13.8724393845, 25.2821788788, 31.9164485931, 157.275085449, 188.252532959, 359.513122559, 348.167388916, 1193.71594238, 1645.78112793, 1581.18884277, 3680.39501953, 1605.67724609, 1337.70324707, 2586.09838867, 782.866943359, 521.327026367, 709.504882812, 112.057373047, 65.7895431519, 18.2810401917, 7.45079088211, 2.80929374695, 0.917025268078, 0.0463279783726, 0.00382215389982, 0.000197252782527, 9.72723591985e-06, 6.023353194e-08, 7.72459318732e-10, 1.84415083204e-09],
        "dvar2": [4.96622610092, 114.109458923, 501.685180664, 282.720458984, 281.948699951, 929.426330566, 158.148406982, 95.1684951782, 74.6575241089, 25.9386825562, 32.8377723694, 51.863986969, 69.389503479, 365.919189453, 433.908111572, 817.089172363, 575.710205078, 2171.88354492, 3643.62011719, 3546.43334961, 6701.53857422, 3378.73193359, 2589.79370117, 5401.34912109, 2043.94384766, 1312.17028809, 1873.29418945, 274.42300415, 169.733322144, 41.9689674377, 18.6006813049, 7.03483104706, 2.39681410789, 0.123575314879, 0.0109740784392, 0.000535629689693, 2.40202825808e-05, 1.66433039794e-07, 1.73040026752e-09, 3.22158144606e-09],
        "max": [11.9752445221, 61.1277923584, 86.0260848999, 80.3056793213, 138.034606934, 306.329711914, 175.284851074, 102.003227234, 80.5965194702, 40.5698242188, 55.8436737061, 85.9336166382, 77.6995773315, 147.603363037, 168.729171753, 239.629150391, 539.877929688, 782.106567383, 760.088012695, 525.720825195, 969.461547852, 515.39666748, 602.955322266, 740.909851074, 366.062591553, 202.524291992, 312.25680542, 151.214736938, 114.67791748, 64.7779464722, 37.5232391357, 23.9440841675, 19.8746395111, 3.17069768906, 0.66600304842, 0.177705898881, 0.0406647361815, 0.00391423143446, 0.000359781464795, 0.000366744177882],
        "mean": [0.872003018856, 4.12844896317, 3.73118472099, 3.77526760101, 4.62063026428, 6.93371772766, 10.7349452972, 8.36690044403, 4.4255399704, 3.309674263, 4.3183259964, 5.85909461975, 6.5564494133, 8.46723461151, 11.03474617, 18.3193092346, 22.1114044189, 34.5477676392, 45.9894371033, 43.5008621216, 69.0091171265, 54.1946601868, 45.9780426025, 59.6612701416, 45.6951980591, 45.4658050537, 50.1076965332, 20.5142993927, 14.3723697662, 8.72474575043, 5.15976667404, 2.98726797104, 1.37347519398, 0.386610001326, 0.0777126699686, 0.011818818748, 0.00184031389654, 0.000128220170154, 3.26231929648e-05, 5.13555714861e-05],
        "median": [0.121415756643, 0.52037268877, 0.642489612103, 1.35575306416, 2.26240873337, 3.1793153286, 4.83566522598, 4.29517364502, 2.07911038399, 1.76199829578, 2.20761418343, 2.83302617073, 3.46651816368, 4.1006860733, 5.3970823288, 7.28435993195, 8.83486747742, 11.097234726, 18.8062877655, 23.1948795319, 40.0365333557, 35.6011581421, 28.8944263458, 38.4602165222, 34.7578010559, 38.2027130127, 37.7448043823, 17.713262558, 11.9421472549, 6.62185955048, 3.74818015099, 1.61062097549, 0.475862443447, 0.146481782198, 0.0230625346303, 0.00264962692745, 0.000307208101731, 3.48016183125e-05, 1.98278066819e-05, 2.83535864583e-05],
        "min": [4.446377352e-05, 0.000515830121003, 0.00518847070634, 0.00288608437404, 0.00328687392175, 0.00167487887666, 0.00163713772781, 0.00168261060026, 0.00202282587998, 0.0050842044875, 0.00997614581138, 0.0167712774128, 0.0108555387706, 0.013696196489, 0.0235622059554, 0.0609542503953, 0.186563313007, 0.146898567677, 0.091343306005, 0.242501363158, 0.116547651589, 0.352482736111, 0.815663516521, 1.08535826206, 0.245770677924, 0.175952851772, 0.0772686526179, 0.0352167673409, 0.0138695063069, 0.00790133327246, 0.00273634190671, 0.00281590921804, 0.000231489917496, 4.93549559906e-05, 4.76575223729e-06, 2.29540319197e-06, 1.25774636217e-06, 4.12204997247e-07, 1.29154591377e-06, 2.8121462492e-06],
        "var": [3.62614917755, 82.2773895264, 115.994720459, 71.4728088379, 97.6658172607, 264.869659424, 295.316040039, 145.011154175, 44.2455329895, 19.6709671021, 32.8581619263, 86.025680542, 92.4225082397, 216.679382324, 360.911560059, 1062.97460938, 2890.37573242, 7543.40380859, 7706.22363281, 4001.24633789, 10434.1132812, 3812.45947266, 3350.74902344, 5455.34814453, 1533.80163574, 1274.09838867, 2173.11523438, 292.009124756, 151.574371338, 66.303276062, 23.7097072601, 12.2074728012, 4.02979421616, 0.255618810654, 0.0114986486733, 0.000376158481231, 1.37284196171e-05, 6.6015786615e-08, 1.32320254753e-09, 3.7313756529e-09]
    },
    "gfcc": {
        "mean": [-1.03374314308, 90.9944152832, -155.777572632, 88.7365264893, -51.2406044006, 16.1804180145, -28.3763618469, -2.16483521461, -11.0706424713, -8.09189605713, -0.14705260098, -5.94052410126, 5.18758869171],
        "cov": [[2585.1574707, -728.94909668, 350.829376221, 103.225593567, -378.05090332, 237.839859009, -449.870452881, 25.0635318756, -99.9006195068, 502.905090332, -140.92640686, 15.6809577942, 133.551757812], [-728.94909668, 984.057678223, -34.8711013794, -70.9530792236, 262.322235107, -253.558395386, 361.728759766, -80.8774490356, 142.448608398, -287.586853027, 91.9517745972, -44.3116836548, -0.41096046567], [350.829376221, -34.8711013794, 599.569274902, 205.167526245, 158.563400269, 181.273834229, -7.47563076019, 83.3747406006, -9.10430812836, 170.417541504, -10.8894252777, 29.7928028107, -11.9529542923], [103.225593567, -70.9530792236, 205.167526245, 297.854553223, 46.7404747009, 13.6824436188, 53.9100723267, 5.79821157455, 32.9023742676, 63.6693649292, 45.9498596191, 4.91121721268, 27.8717193604], [-378.05090332, 262.322235107, 158.563400269, 46.7404747009, 541.736206055, 176.61869812, 219.847381592, 131.104766846, 143.895935059, -48.4314537048, 84.3203887939, 32.8705024719, -56.7415542603], [237.839859009, -253.558395386, 181.273834229, 13.6824436188, 176.61869812, 347.577453613, -40.4322738647, 127.296173096, 12.9566869736, 125.718208313, -0.538544714451, 34.7069778442, -6.80974435806], [-449.870452881, 361.728759766, -7.47563076019, 53.9100723267, 219.847381592, -40.4322738647, 302.469726562, 26.4336395264, 106.174957275, -127.114891052, 73.8179855347, 2.13212871552, -7.50405836105], [25.0635318756, -80.8774490356, 83.3747406006, 5.79821157455, 131.104766846, 127.296173096, 26.4336395264, 129.202926636, 50.3412246704, 50.9824943542, 0.589025557041, 23.5220909119, -13.4829797745], [-99.9006195068, 142.448608398, -9.10430812836, 32.9023742676, 143.895935059, 12.9566869736, 106.174957275, 50.3412246704, 147.760299683, -16.3390636444, 43.0056114197, 4.39398574829, 4.72533941269], [502.905090332, -287.586853027, 170.417541504, 63.6693649292, -48.4314537048, 125.718208313, -127.114891052, 50.9824943542, -16.3390636444, 227.258712769, -9.55261611938, 15.6267700195, 21.1021366119], [-140.92640686, 91.9517745972, -10.8894252777, 45.9498596191, 84.3203887939, -0.538544714451, 73.8179855347, 0.589025557041, 43.0056114197, -9.55261611938, 116.416809082, 28.2310638428, 3.54163432121], [15.6809577942, -44.3116836548, 29.7928028107, 4.91121721268, 32.8705024719, 34.7069778442, 2.13212871552, 23.5220909119, 4.39398574829, 15.6267700195, 28.2310638428, 90.8730621338, 30.4888973236], [133.551757812, -0.41096046567, -11.9529542923, 27.8717193604, -56.7415542603, -6.80974435806, -7.50405836105, -13.4829797745, 4.72533941269, 21.1021366119, 3.54163432121, 30.4888973236, 99.5753707886]],
        "icov": [[0.000868876697496, -0.000113689842692, -0.000111845474748, -6.04864035267e-05, 0.000336181576131, -0.000346367654856, 0.000439195660874, 0.000429504725616, -0.000398041069275, -0.00149820162915, 0.000674076145515, -1.17596528071e-05, -0.00058716192143], [-0.000113689842692, 0.00881234463304, -0.00600549671799, 0.00776652945206, -0.003124284558, 0.00581841589883, -0.0047428519465, 0.005129781086, -0.00446322141215, 0.00568865658715, -0.00470449496061, 0.00645531434566, -0.00655415188521], [-0.000111845474748, -0.00600549671799, 0.00784181337804, -0.00755076529458, 0.00069044175325, -0.00423048529774, 0.00248639145866, -0.00339644355699, 0.00476180622354, -0.00605454016477, 0.00516343768686, -0.00555223505944, 0.00558515544981], [-6.04864035267e-05, 0.00776652945206, -0.00755076529458, 0.0125936139375, -0.0022765675094, 0.0056538390927, -0.00516387075186, 0.00525242369622, -0.004842675291, 0.00401158677414, -0.00632098922506, 0.00702707609162, -0.00745392404497], [0.000336181576131, -0.003124284558, 0.00069044175325, -0.0022765675094, 0.00697433017194, -0.00468404218554, -0.000238304433879, -0.003077669302, -0.00147087743971, -0.000258127838606, 5.20346293342e-05, -0.00303613441065, 0.00452780071646], [-0.000346367654856, 0.00581841589883, -0.00423048529774, 0.0056538390927, -0.00468404218554, 0.0106043713167, -0.00186927104369, -0.00101647968404, -0.000758834416047, 0.0020311055705, -0.00349824409932, 0.00454421434551, -0.00548561802134], [0.000439195660874, -0.0047428519465, 0.00248639145866, -0.00516387075186, -0.000238304433879, -0.00186927104369, 0.0113783981651, -0.0046022082679, 8.44858150231e-05, 0.000985527760349, -2.35407042055e-05, -0.00185710913502, 0.00146252522245], [0.000429504725616, 0.005129781086, -0.00339644355699, 0.00525242369622, -0.003077669302, -0.00101647968404, -0.0046022082679, 0.0211781244725, -0.00748607097194, -0.00113871903159, 0.00188341410831, -0.000265552807832, -0.00112437084317], [-0.000398041069275, -0.00446322141215, 0.00476180622354, -0.004842675291, -0.00147087743971, -0.000758834416047, 8.44858150231e-05, -0.00748607097194, 0.0155329452828, -0.00401244172826, 0.000652533432003, -0.00125537370332, 0.00101957831066], [-0.00149820162915, 0.00568865658715, -0.00605454016477, 0.00401158677414, -0.000258127838606, 0.0020311055705, 0.000985527760349, -0.00113871903159, -0.00401244172826, 0.0174453631043, -0.007132334169, 0.00541553273797, -0.0048160017468], [0.000674076145515, -0.00470449496061, 0.00516343768686, -0.00632098922506, 5.20346293342e-05, -0.00349824409932, -2.35407042055e-05, 0.00188341410831, 0.000652533432003, -0.007132334169, 0.0171996504068, -0.00877940747887, 0.00506620388478], [-1.17596528071e-05, 0.00645531434566, -0.00555223505944, 0.00702707609162, -0.00303613441065, 0.00454421434551, -0.00185710913502, -0.000265552807832, -0.00125537370332, 0.00541553273797, -0.00877940747887, 0.0207199044526, -0.011306270957], [-0.00058716192143, -0.00655415188521, 0.00558515544981, -0.00745392404497, 0.00452780071646, -0.00548561802134, 0.00146252522245, -0.00112437084317, 0.00101957831066, -0.0048160017468, 0.00506620388478, -0.011306270957, 0.0199767537415]]
    },
    "melbands": {
        "dmean": [0.00583457807079, 0.00266547384672, 0.00062476011226, 0.000356165226549, 0.00018514302792, 0.000100410426967, 3.95625575038e-05, 2.09882309719e-05, 2.10087164305e-05, 1.97761582967e-05, 1.74315246113e-05, 2.33332830248e-05, 2.13328439713e-05, 2.33764585573e-05, 2.04792086151e-05, 2.11754086195e-05, 3.11074691126e-05, 3.53839568561e-05, 2.79709074675e-05, 4.09351014241e-05, 4.62389907625e-05, 3.06740330416e-05, 3.51439484803e-05, 1.79587295861e-05, 3.11021358357e-05, 1.45863004946e-05, 1.65417859535e-05, 1.51088725033e-05, 1.63752738445e-05, 7.62033778301e-06, 4.35259744336e-06, 3.37732717526e-06, 2.79853861684e-06, 1.91178696696e-06, 1.41928103403e-06, 9.16093540582e-07, 6.6186788672e-07, 4.18710499162e-07, 2.21258744659e-07, 1.10176131329e-07],
        "dmean2": [0.00896089244634, 0.00449007097632, 0.00109071366023, 0.000591087911744, 0.000290914584184, 0.000152440465172, 6.42296363367e-05, 3.35874065058e-05, 3.2764088246e-05, 3.00049650832e-05, 2.73658297374e-05, 3.72497270291e-05, 3.28419810103e-05, 3.74284682039e-05, 3.17783233186e-05, 2.98609375022e-05, 4.58828581031e-05, 5.52336823603e-05, 4.08835076087e-05, 6.23627347522e-05, 7.18962473911e-05, 4.79086775158e-05, 5.34385580977e-05, 2.8880975151e-05, 5.02527000208e-05, 2.36505638895e-05, 2.74598514807e-05, 2.50532157224e-05, 2.67902050837e-05, 1.2736507415e-05, 7.17528337191e-06, 5.59361296837e-06, 4.58063732367e-06, 3.04180639432e-06, 2.36673963627e-06, 1.48525680288e-06, 1.07497783119e-06, 6.82326913193e-07, 3.64070388059e-07, 1.8461960849e-07],
        "dvar": [0.000149501880514, 4.43272292614e-05, 2.3527011308e-06, 1.71787132786e-06, 9.47481950675e-08, 2.20785913996e-08, 5.79925973909e-09, 1.06666042665e-09, 9.51145495698e-10, 1.06330166894e-09, 8.52394432815e-10, 3.06053160593e-09, 2.01909466924e-09, 1.9224410952e-09, 1.05700981301e-09, 2.96893909457e-09, 6.12373884934e-09, 4.4032542057e-09, 3.11330516922e-09, 6.35440233765e-09, 5.67430902265e-09, 2.1725949928e-09, 6.43364250763e-09, 1.95425853278e-09, 2.3930539772e-09, 3.78680031776e-10, 7.49794171195e-10, 3.7053171642e-10, 5.42374645196e-10, 8.8687758526e-11, 3.80349154949e-11, 2.55665211224e-11, 1.33299152966e-11, 9.39604904299e-12, 4.58601125825e-12, 1.50125474118e-12, 1.36730524906e-12, 6.3756497911e-13, 1.75664577285e-13, 3.66324707385e-14],
        "dvar2": [0.000294354103971, 0.000109305728984, 6.50628817311e-06, 4.61248600914e-06, 1.98819606112e-07, 4.79588173619e-08, 1.45112348804e-08, 2.59500954058e-09, 2.16435980249e-09, 2.20826423813e-09, 1.8877317487e-09, 7.0722383505e-09, 4.42187531036e-09, 4.66186467207e-09, 2.12340256489e-09, 4.28465574132e-09, 1.09418243355e-08, 1.01144870257e-08, 5.45674883057e-09, 1.35224969e-08, 1.07217772438e-08, 4.9263584323e-09, 1.17233645014e-08, 4.36795444259e-09, 5.01216135262e-09, 9.41225319906e-10, 1.84044968154e-09, 9.58322643463e-10, 1.41859057834e-09, 2.30588118044e-10, 9.13569497829e-11, 6.54156936952e-11, 3.38390045151e-11, 2.28280172543e-11, 1.19622731859e-11, 3.86329423313e-12, 3.44598026329e-12, 1.61933758503e-12, 4.94423024657e-13, 1.02190493209e-13],
        "max": [0.09650696069, 0.0455036759377, 0.0121461255476, 0.0200021900237, 0.00624158373103, 0.00227043149062, 0.00107370433398, 0.000362108257832, 0.000371261266991, 0.000468110374641, 0.000386442436138, 0.00066407507984, 0.000638216210064, 0.000519289169461, 0.000417159171775, 0.00192625704221, 0.00179988227319, 0.00107936735731, 0.000984008889645, 0.00201738392934, 0.00127688422799, 0.000677773205098, 0.00134413770866, 0.000739644106943, 0.000738989387173, 0.00022561395599, 0.000477794703329, 0.000197440240299, 0.000267018505838, 0.000116386181617, 0.000100539706182, 7.34364366508e-05, 3.75221170543e-05, 4.42234522779e-05, 3.13778473355e-05, 1.4593441847e-05, 1.43894976645e-05, 1.95896609512e-05, 5.50100094188e-06, 2.90130628855e-06],
        "mean": [0.00703063840047, 0.00314082484692, 0.000671139510814, 0.000426266662544, 0.000366782653145, 0.000195685235667, 6.23461673968e-05, 3.53295799869e-05, 3.64188308595e-05, 3.63883264072e-05, 3.26218432747e-05, 3.37909514201e-05, 3.58373763447e-05, 4.26922779297e-05, 3.94275048166e-05, 5.2880786825e-05, 6.65416519041e-05, 7.21314791008e-05, 5.3365885833e-05, 7.54318025429e-05, 8.17462787381e-05, 5.40692562936e-05, 6.07440779277e-05, 3.19184437103e-05, 5.27547490492e-05, 2.9697896025e-05, 3.15507131745e-05, 3.18995043926e-05, 3.78760232707e-05, 1.80833103514e-05, 9.38599168876e-06, 7.92820446804e-06, 6.67804397381e-06, 4.61302670374e-06, 3.22168466482e-06, 2.26590282182e-06, 1.5984228412e-06, 1.00915008261e-06, 5.54767723315e-07, 2.54154400636e-07],
        "median": [0.00101608992554, 0.000491281622089, 0.000284976093099, 0.000202488925424, 0.000183338619536, 0.000100740864582, 2.77199869743e-05, 1.89575403056e-05, 1.88521189557e-05, 1.68229344126e-05, 1.64882349054e-05, 1.47628043123e-05, 1.39718658829e-05, 1.5250040633e-05, 1.79478884093e-05, 1.43587840284e-05, 1.64339508046e-05, 2.80157091765e-05, 2.21322679863e-05, 3.45903717971e-05, 4.5379223593e-05, 3.31226765411e-05, 2.60510605585e-05, 1.94589301827e-05, 3.22392297676e-05, 2.21945501835e-05, 2.42451405938e-05, 2.47767547989e-05, 2.65256549028e-05, 1.43239813042e-05, 7.61798128224e-06, 6.42720442556e-06, 5.2785085245e-06, 2.85632336272e-06, 2.26888005272e-06, 1.47095317971e-06, 6.78775336382e-07, 3.46118753214e-07, 1.94929967279e-07, 8.8292978262e-08],
        "min": [2.9547095437e-07, 1.49597281052e-06, 5.84080964927e-07, 1.90038420556e-07, 3.10153858152e-08, 3.73806585685e-08, 3.01728668717e-08, 4.03544255789e-08, 5.29540713501e-08, 2.01265635269e-08, 1.1887358653e-08, 4.10727629685e-08, 2.01596748184e-08, 4.34402238625e-08, 7.35489606996e-08, 2.42182807142e-08, 4.84450382032e-08, 1.55554200632e-08, 1.6311915374e-08, 8.85382434035e-09, 2.96677988842e-08, 3.23274633729e-07, 9.97020492832e-08, 2.74729700322e-07, 2.43386040211e-07, 6.83350123154e-08, 2.98786417829e-08, 1.26083703478e-08, 1.93392217795e-08, 7.09621073014e-09, 2.73859579458e-09, 6.12223693963e-09, 4.8538778552e-10, 2.24723439857e-09, 1.41033940082e-09, 1.60699464846e-09, 1.4133345605e-09, 6.23331410359e-13, 7.81203281317e-13, 6.45740351381e-13],
