{
"highlevel": {
    "danceability": {
        "all": {
            "danceable": 0.433337181807,
            "not_danceable": 0.566662847996
        },
        "probability": 0.566662847996,
        "value": "not_danceable"
    },
    "gender": {
        "all": {
            "female": 4.81190591017e-06,
            "male": 0.999995172024
        },
        "probability": 0.999995172024,
        "value": "male"
    },
    "genre_dortmund": {
        "all": {
            "alternative": 0.123985856771,
            "blues": 0.028107104823,
            "electronic": 0.00786450505257,
            "folkcountry": 0.486425369978,
            "funksoulrnb": 0.00523077324033,
            "jazz": 0.0150349037722,
            "pop": 0.0806151777506,
            "raphiphop": 0.00120641989633,
            "rock": 0.25152990222
        },
        "probability": 0.486425369978,
        "value": "folkcountry"
    },
    "genre_electronic": {
        "all": {
            "ambient": 0.812057971954,
            "dnb": 0.037799809128,
            "house": 0.0648574307561,
            "techno": 0.00638572359458,
            "trance": 0.0788990855217
        },
        "probability": 0.812057971954,
        "value": "ambient"
    },
    "genre_rosamerica": {
        "all": {
            "cla": 0.0986432507634,
            "dan": 0.0168468169868,
            "hip": 0.00994799192995,
            "jaz": 0.0464950017631,
            "pop": 0.373566806316,
            "rhy": 0.114807032049,
            "roc": 0.317580789328,
            "spe": 0.0221123322845
        },
        "probability": 0.373566806316,
        "value": "pop"
    },
    "genre_tzanetakis": {
        "all": {
            "blu": 0.0626541376114,
            "cla": 0.0348133966327,
            "cou": 0.0783501937985,
            "dis": 0.104547761381,
            "hip": 0.15693578124,
            "jaz": 0.313987255096,
            "met": 0.044816005975,
            "pop": 0.0627349764109,
            "reg": 0.0627352520823,
            "roc": 0.0784252434969
        },
        "probability": 0.313987255096,
        "value": "jaz"
    },
    "ismir04_rhythm": {
        "all": {
            "ChaChaCha": 0.221097812057,
            "Jive": 0.0727755352855,
            "Quickstep": 0.0935754179955,
            "Rumba-American": 0.027585722506,
            "Rumba-International": 0.124866336584,
            "Rumba-Misc": 0.0285761840641,
            "Samba": 0.0309792999178,
            "Tango": 0.123821720481,
            "VienneseWaltz": 0.224512159824,
            "Waltz": 0.0522098243237
        },
        "probability": 0.224512159824,
        "value": "VienneseWaltz"
    },
    "mood_acoustic": {
        "all": {
            "acoustic": 0.956901907921,
            "not_acoustic": 0.0430980920792
        },
        "probability": 0.956901907921,
        "value": "acoustic"
    },
    "mood_aggressive": {
        "all": {
            "aggressive": 0.062407951802,
            "not_aggressive": 0.937592029572
        },
        "probability": 0.937592029572,
        "value": "not_aggressive"
    },
    "mood_electronic": {
        "all": {
            "electronic": 0.0303784534335,
            "not_electronic": 0.969621539116
        },
        "probability": 0.969621539116,
        "value": "not_electronic"
    },
    "mood_happy": {
        "all": {
            "happy": 0.557884633541,
            "not_happy": 0.442115396261
        },
        "probability": 0.557884633541,
        "value": "happy"
    },
    "mood_party": {
        "all": {
            "not_party": 0.896223247051,
            "party": 0.103776745498
        },
        "probability": 0.896223247051,
        "value": "not_party"
    },
    "mood_relaxed": {
        "all": {
            "not_relaxed": 0.104625284672,
            "relaxed": 0.895374715328
        },
        "probability": 0.895374715328,
        "value": "relaxed"
    },
    "mood_sad": {
        "all": {
            "not_sad": 0.16454307735,
            "sad": 0.835456907749
        },
        "probability": 0.835456907749,
        "value": "sad"
    },
    "moods_mirex": {
        "all": {
            "Cluster1": 0.198767408729,
            "Cluster2": 0.168637484312,
            "Cluster3": 0.515145599842,
            "Cluster4": 0.110374413431,
            "Cluster5": 0.00707509974018
        },
        "probability": 0.515145599842,
        "value": "Cluster3"
    },
    "timbre": {
        "all": {
            "bright": 0.999999821186,
            "dark": 1.95663119484e-07
        },
        "probability": 0.999999821186,
        "value": "bright"
    },
    "tonal_atonal": {
        "all": {
            "atonal": 2.2471014745e-05,
            "tonal": 0.999977529049
        },
        "probability": 0.999977529049,
        "value": "tonal"
    },
    "voice_instrumental": {
        "all": {
            "instrumental": 0.00807711482048,
            "voice": 0.991922914982
        },
        "probability": 0.991922914982,
        "value": "voice"
    }
},
"lowlevel": {
    "average_loudness": 0.979734122753,
    "barkbands_crest": {
        "dmean": 2.53699636459,
        "dmean2": 4.13080692291,
        "dvar": 5.87078332901,
        "dvar2": 15.9867486954,
        "max": 22.0873813629,
        "mean": 9.45918178558,
        "median": 8.61914253235,
        "min": 3.17472076416,
        "var": 12.5731391907
    },
    "barkbands_flatness_db": {
        "dmean": 0.0182573851198,
        "dmean2": 0.028355313465,
        "dvar": 0.000303963402985,
        "dvar2": 0.000693117966875,
        "max": 0.303306043148,
        "mean": 0.158184856176,
        "median": 0.155559703708,
        "min": 0.0752224177122,
        "var": 0.00114090449642
    },
    "barkbands_kurtosis": {
        "dmean": 2.4457013607,
        "dmean2": 3.80740046501,
        "dvar": 10.7498598099,
        "dvar2": 24.6126747131,
        "max": 48.653427124,
        "mean": 4.83260774612,
        "median": 3.36531400681,
        "min": -1.7481675148,
        "var": 28.5707168579
    },
    "barkbands_skewness": {
        "dmean": 0.421556413174,
        "dmean2": 0.641981720924,
        "dvar": 0.178265169263,
        "dvar2": 0.400728791952,
        "max": 5.60602426529,
        "mean": 1.64041125774,
        "median": 1.62903273106,
        "min": -0.95590120554,
        "var": 1.00724685192
    },
    "barkbands_spread": {
        "dmean": 3.36391282082,
        "dmean2": 5.01300001144,
        "dvar": 16.5599899292,
        "dvar2": 35.1726570129,
        "max": 74.8447265625,
        "mean": 14.7374267578,
        "median": 13.3227176666,
        "min": 2.34810042381,
        "var": 67.9946899414
    },
    "dissonance": {
        "dmean": 0.0204513836652,
        "dmean2": 0.0342003405094,
        "dvar": 0.000398379401304,
        "dvar2": 0.00109956774395,
        "max": 0.5,
        "mean": 0.450420856476,
        "median": 0.457706838846,
        "min": 0.304652392864,
        "var": 0.000973474001512
    },
    "dynamic_complexity": 2.63256907463,
    "erbbands_crest": {
        "dmean": 2.31223273277,
        "dmean2": 3.57178688049,
        "dvar": 5.90638589859,
        "dvar2": 14.1560850143,
        "max": 28.0518856049,
        "mean": 9.49217128754,
        "median": 8.41909694672,
        "min": 2.69917798042,
        "var": 20.7408008575
    },
    "erbbands_flatness_db": {
        "dmean": 0.0154872033745,
        "dmean2": 0.022427694872,
        "dvar": 0.000244488473982,
        "dvar2": 0.000429698207881,
        "max": 0.280761748552,
        "mean": 0.163183391094,
        "median": 0.158222153783,
        "min": 0.0651002079248,
        "var": 0.0016879363684
    },
    "erbbands_kurtosis": {
        "dmean": 0.834647536278,
        "dmean2": 1.29477739334,
        "dvar": 1.33069252968,
        "dvar2": 2.99695706367,
        "max": 19.2868518829,
        "mean": 1.0404125452,
        "median": 0.265706300735,
        "min": -1.69959068298,
        "var": 6.07012081146
    },
    "erbbands_skewness": {
        "dmean": 0.312160342932,
        "dmean2": 0.485246479511,
        "dvar": 0.0803333222866,
        "dvar2": 0.189416363835,
        "max": 3.00741386414,
        "mean": 0.605975627899,
        "median": 0.608685076237,
        "min": -1.40777635574,
        "var": 0.316111683846
    },
    "erbbands_spread": {
        "dmean": 5.33593654633,
        "dmean2": 7.3535656929,
        "dvar": 38.2198638916,
        "dvar2": 62.0505714417,
        "max": 131.15826416,
        "mean": 32.9967308044,
        "median": 31.3255462646,
        "min": 4.21207427979,
        "var": 305.370513916
    },
    "hfc": {
        "dmean": 4.17433166504,
        "dmean2": 5.63994073868,
        "dvar": 28.5097236633,
        "dvar2": 51.0660934448,
        "max": 79.8265075684,
        "mean": 18.7632026672,
        "median": 15.6919851303,
        "min": 0.555273413658,
        "var": 186.019104004
    },
    "melbands_crest": {
        "dmean": 3.14697766304,
        "dmean2": 5.07517576218,
        "dvar": 8.36078739166,
        "dvar2": 22.4333057404,
        "max": 28.8565006256,
        "mean": 12.8631544113,
        "median": 12.3189172745,
        "min": 4.70585107803,
        "var": 20.2721710205
    },
    "melbands_flatness_db": {
        "dmean": 0.0209329724312,
        "dmean2": 0.0315692573786,
        "dvar": 0.000435558904428,
        "dvar2": 0.000940948841162,
        "max": 0.410615921021,
        "mean": 0.213603720069,
        "median": 0.209399878979,
        "min": 0.091369278729,
        "var": 0.00192544539459
    },
    "melbands_kurtosis": {
        "dmean": 4.72567081451,
        "dmean2": 7.34679698944,
        "dvar": 48.1824378967,
        "dvar2": 110.782463074,
        "max": 91.1673736572,
        "mean": 11.098282814,
        "median": 7.52757930756,
        "min": -1.3897755146,
        "var": 145.621063232
    },
    "melbands_skewness": {
        "dmean": 0.534536480904,
        "dmean2": 0.804264485836,
        "dvar": 0.303572058678,
        "dvar2": 0.661266684532,
        "max": 8.624335289,
        "mean": 2.30042791367,
        "median": 2.19351005554,
        "min": -0.695859074593,
        "var": 2.01266646385
    },
    "melbands_spread": {
        "dmean": 3.60711956024,
        "dmean2": 5.52234840393,
        "dvar": 16.856086731,
        "dvar2": 38.4007568359,
        "max": 72.0871124268,
        "mean": 15.8023281097,
        "median": 14.3705816269,
        "min": 1.80108976364,
        "var": 64.8195343018
    },
    "pitch_salience": {
        "dmean": 0.0668371543288,
        "dmean2": 0.108327686787,
        "dvar": 0.00364118767902,
        "dvar2": 0.00998819526285,
        "max": 0.812915027142,
        "mean": 0.572347223759,
        "median": 0.580460786819,
        "min": 0.260565340519,
        "var": 0.00909010414034
    },
    "silence_rate_20dB": {
        "dmean": 0,
        "dmean2": 0,
        "dvar": 0,
        "dvar2": 0,
        "max": 1,
        "mean": 1,
        "median": 1,
        "min": 1,
        "var": 0
    },
    "silence_rate_30dB": {
        "dmean": 0.0170278642327,
        "dmean2": 0.0340821072459,
        "dvar": 0.0167378876358,
        "dvar2": 0.0437655709684,
        "max": 1,
        "mean": 0.988399088383,
        "median": 1,
        "min": 0,
        "var": 0.0114662563428
    },
    "silence_rate_60dB": {
        "dmean": 0.0030959751457,
        "dmean2": 0.00619674660265,
        "dvar": 0.00308636412956,
        "dvar2": 0.00925671029836,
        "max": 1,
        "mean": 0.00154679035768,
        "median": 0,
        "min": 0,
        "var": 0.0015443933662
    },
    "spectral_centroid": {
        "dmean": 128.134033203,
        "dmean2": 192.42741394,
        "dvar": 18946.1953125,
        "dvar2": 41160.7304688,
        "max": 3037.87866211,
        "mean": 848.308959961,
        "median": 829.50994873,
        "min": 279.948486328,
        "var": 82895.7265625
    },
    "spectral_complexity": {
        "dmean": 2.55650162697,
        "dmean2": 3.89930295944,
        "dvar": 5.98675584793,
        "dvar2": 11.3469419479,
        "max": 39,
        "mean": 17.560710907,
        "median": 17,
        "min": 4,
        "var": 35.6460723877
    },
    "spectral_decrease": {
        "dmean": 2.43708897507e-09,
        "dmean2": 3.49269391187e-09,
        "dvar": 1.25445132811e-17,
        "dvar2": 2.41169288694e-17,
        "max": -4.25030538542e-10,
        "mean": -8.02273003586e-09,
        "median": -6.71227251559e-09,
        "min": -4.56424729123e-08,
        "var": 3.32998992551e-17
    },
    "spectral_energy": {
        "dmean": 0.00948927458376,
        "dmean2": 0.0135564738885,
        "dvar": 0.000185613549547,
        "dvar2": 0.000353728624759,
        "max": 0.175076529384,
        "mean": 0.0319814607501,
        "median": 0.0269856452942,
        "min": 0.00166139192879,
        "var": 0.000516213942319
    },
    "spectral_energyband_high": {
        "dmean": 0.000131152410177,
        "dmean2": 0.000173798616743,
        "dvar": 7.45583008666e-08,
        "dvar2": 1.27675960471e-07,
        "max": 0.00610943278298,
        "mean": 0.000371851609088,
        "median": 0.000200991926249,
        "min": 2.2215615445e-06,
        "var": 2.57725389474e-07
    },
    "spectral_energyband_low": {
        "dmean": 0.00577090634033,
        "dmean2": 0.00896012876183,
        "dvar": 0.000130590022309,
        "dvar2": 0.000283696776023,
        "max": 0.119619913399,
        "mean": 0.00892088934779,
        "median": 0.00405787769705,
        "min": 0.0001583249541,
        "var": 0.000184120101039
    },
    "spectral_energyband_middle_high": {
        "dmean": 0.00173755863216,
        "dmean2": 0.00242085987702,
        "dvar": 7.03863270246e-06,
        "dvar2": 1.42426706589e-05,
        "max": 0.050037831068,
        "mean": 0.0061910757795,
        "median": 0.00328310276382,
        "min": 6.35293326923e-05,
        "var": 5.2601491916e-05
    },
    "spectral_energyband_middle_low": {
        "dmean": 0.00588203035295,
        "dmean2": 0.00864680111408,
        "dvar": 5.9614845668e-05,
        "dvar2": 0.000127922437969,
        "max": 0.0925080478191,
        "mean": 0.0181858502328,
        "median": 0.0147645492107,
        "min": 0.000977132935077,
        "var": 0.000178669593879
    },
    "spectral_entropy": {
        "dmean": 0.136414125562,
        "dmean2": 0.200957477093,
        "dvar": 0.0220791306347,
        "dvar2": 0.0414081737399,
        "max": 8.30223274231,
        "mean": 7.32067728043,
        "median": 7.31589031219,
        "min": 6.21969461441,
        "var": 0.102542459965
    },
    "spectral_flux": {
        "dmean": 0.0252310950309,
        "dmean2": 0.0405021049082,
        "dvar": 0.00094344309764,
        "dvar2": 0.00206195795909,
        "max": 0.296745836735,
        "mean": 0.0839575231075,
        "median": 0.0736513659358,
        "min": 0.0194498077035,
        "var": 0.00222474802285
    },
    "spectral_kurtosis": {
        "dmean": 1.72186732292,
        "dmean2": 2.86685729027,
        "dvar": 3.48311376572,
        "dvar2": 9.4653711319,
        "max": 27.213842392,
        "mean": 6.03435134888,
        "median": 5.56919002533,
        "min": -0.891716480255,
        "var": 9.81978034973
    },
    "spectral_rms": {
        "dmean": 0.000782261427958,
        "dmean2": 0.00110808049794,
        "dvar": 8.62685226366e-07,
        "dvar2": 1.47566674968e-06,
        "max": 0.0130692906678,
        "mean": 0.00526261189952,
        "median": 0.00513102905825,
        "min": 0.00127313402481,
        "var": 3.50632876689e-06
    },
    "spectral_rolloff": {
        "dmean": 253.147766113,
        "dmean2": 422.307159424,
        "dvar": 207691.671875,
        "dvar2": 430901.84375,
        "max": 7730.41992188,
        "mean": 954.521057129,
        "median": 796.728515625,
        "min": 107.666015625,
        "var": 588110.4375
    },
    "spectral_skewness": {
        "dmean": 0.206075757742,
        "dmean2": 0.322354882956,
        "dvar": 0.0413064733148,
        "dvar2": 0.0928139686584,
        "max": 4.01378250122,
        "mean": 1.97323286533,
        "median": 1.96382880211,
        "min": 0.34146720171,
        "var": 0.205500856042
    },
    "spectral_spread": {
        "dmean": 475793.28125,
        "dmean2": 676967.9375,
        "dvar": 429093879808,
        "dvar2": 725894889472,
        "max": 16047352,
        "mean": 4345534.5,
        "median": 4209776,
        "min": 1648597.625,
        "var": 1.47085197312e+12
    },
    "spectral_strongpeak": {
        "dmean": 0.570572257042,
        "dmean2": 0.932681322098,
        "dvar": 0.690305948257,
        "dvar2": 1.59409666061,
        "max": 10.2078447342,
        "mean": 1.26813197136,
        "median": 0.691285073757,
        "min": 0.0394896566868,
        "var": 1.9462993145
    },
    "zerocrossingrate": {
        "dmean": 0.00667229527608,
        "dmean2": 0.00800539180636,
        "dvar": 4.9840858992e-05,
        "dvar2": 6.39590871288e-05,
        "max": 0.173828125,
        "mean": 0.0444917492568,
        "median": 0.04248046875,
        "min": 0.00390625,
        "var": 0.000352743460098
    },
    "barkbands": {
        "dmean": [0.000163258155226, 0.00377990584821, 0.0020595388487, 0.00223272480071, 0.00236268131994, 0.000969450164121, 0.000965066254139, 0.0017465306446, 0.000873293029144, 0.00065565208206, 0.000523763301317, 0.000459930626675, 0.000403173326049, 0.000449237035355, 0.00028841526364, 0.000194113847101, 0.00017028961156, 4.86017052026e-05, 4.80901617266e-05, 3.8583712012e-05, 2.43333015533e-05, 3.9900358388e-05, 2.37305430346e-05, 3.08757480525e-05, 2.62256544374e-05, 1.53934033733e-05, 2.92402968505e-09],
        "dmean2": [0.000248271157034, 0.00613049603999, 0.00350823136978, 0.00362063781358, 0.00371988560073, 0.00149422476534, 0.00142410967965, 0.00251605408266, 0.00130530272145, 0.000938283395953, 0.000809910125099, 0.000724470242858, 0.000614656833932, 0.000644475629088, 0.000447621423518, 0.000308983639115, 0.000270790420473, 7.54349384806e-05, 7.68061363488e-05, 5.89742667216e-05, 3.63271574315e-05, 5.82009524805e-05, 3.55585325451e-05, 4.4049727876e-05, 3.81855425076e-05, 2.39906312345e-05, 4.2601184802e-09],
        "dvar": [3.56832657644e-07, 0.000115338116302, 1.1537705177e-05, 1.96269029402e-05, 1.20900458569e-05, 2.79095183942e-06, 3.82693724532e-06, 1.89879392565e-05, 7.2120792538e-06, 3.23274434777e-06, 1.57821762059e-06, 9.28617964746e-07, 1.41640896345e-06, 1.50572122948e-06, 3.58390025212e-07, 1.69091293856e-07, 1.2534110283e-07, 6.53799325789e-09, 4.70275640652e-09, 3.32128635705e-09, 2.33061281385e-09, 1.49169139263e-08, 3.33132765817e-09, 3.57457841105e-09, 2.66693489515e-09, 1.46631018438e-09, 2.25243488378e-15],
        "dvar2": [7.5016282608e-07, 0.000280504842522, 3.25556466123e-05, 4.94004707434e-05, 2.67800733127e-05, 6.42712848276e-06, 6.9552338573e-06, 4.36826267105e-05, 1.78216414497e-05, 5.67356710235e-06, 3.77836045118e-06, 2.19471826313e-06, 3.06477204504e-06, 3.07721938952e-06, 8.549718018e-07, 4.51314576821e-07, 3.29167562541e-07, 1.45838647825e-08, 1.05614219592e-08, 7.88208343039e-09, 5.27325694222e-09, 2.91445445555e-08, 6.40393826856e-09, 6.87464796201e-09, 5.44492229082e-09, 3.62626528805e-09, 2.30423137202e-15],
        "max": [0.00673168897629, 0.10551340133, 0.034231364727, 0.0455492325127, 0.0493173338473, 0.0285594146699, 0.0456001423299, 0.0563354492188, 0.0426145680249, 0.0493112839758, 0.0287199132144, 0.0149031039327, 0.0197409167886, 0.0311807692051, 0.00750861084089, 0.00529882544652, 0.00621502427384, 0.00141029979568, 0.00118370668497, 0.000977945281193, 0.000986031373031, 0.00342129357159, 0.00111880840268, 0.00130546838045, 0.000718940980732, 0.000556474784389, 1.69745089806e-06],
        "mean": [0.000152970518684, 0.00439217267558, 0.00288592581637, 0.00291736400686, 0.0052879601717, 0.00211851485074, 0.00242925900966, 0.00335954944603, 0.00161362765357, 0.00167668226641, 0.00101355707739, 0.000866562477313, 0.000664950464852, 0.000773690873757, 0.000519487599377, 0.000350416492438, 0.00032596627716, 9.64915379882e-05, 0.000115339447802, 9.01216335478e-05, 5.10697245772e-05, 8.67416747496e-05, 5.26795738551e-05, 6.89951993991e-05, 5.03489027324e-05, 2.1069061404e-05, 2.62308397225e-09],
        "median": [1.14719714475e-05, 0.00119237392209, 0.00167812942527, 0.0013304798631, 0.00342533132061, 0.00136669888161, 0.00109852082096, 0.00100996228866, 0.000371944654034, 0.000370697089238, 0.000333802308887, 0.000409612373915, 0.000161094270879, 0.000172963627847, 0.00019435780996, 0.000119930002256, 0.000135639565997, 5.68532741454e-05, 7.83830619184e-05, 5.47997369722e-05, 2.46407635132e-05, 4.29125211667e-05, 2.41739344347e-05, 2.9847939004e-05, 2.28821136261e-05, 6.42548548058e-06, 4.20409540514e-10],
        "min": [6.36540136156e-08, 1.02593257907e-05, 2.28808530665e-05, 1.10833861982e-05, 0.000106027953734, 1.45698395499e-05, 1.30530961542e-05, 6.05183868174e-06, 6.10339657214e-06, 3.99001555706e-06, 1.556883376e-06, 5.87596105106e-06, 1.76682146957e-06, 3.21372476719e-06, 4.97390783494e-06, 1.46224624586e-06, 5.29222973e-07, 8.57686075051e-07, 1.10310190848e-06, 1.17958086321e-06, 5.85569864597e-07, 3.70132511307e-07, 2.13331205146e-07, 1.39932325283e-07, 2.65429509483e-08, 3.16611632745e-11, 1.79693378233e-11],
        "var": [3.85145597193e-07, 0.000110687993583, 1.51392669068e-05, 2.32319671341e-05, 2.8521162676e-05, 5.81645917919e-06, 1.85340650205e-05, 3.73132716049e-05, 1.37749193527e-05, 2.0577257601e-05, 5.07391359861e-06, 2.24015661843e-06, 2.84667771666e-06, 3.85974954042e-06, 7.6429313367e-07, 3.90013553897e-07, 3.11458649094e-07, 1.45995606715e-08, 1.42975702389e-08, 9.75452962848e-09, 5.49863177213e-09, 3.35181482569e-08, 9.24201604136e-09, 1.19160388223e-08, 5.39948086242e-09, 1.89571713882e-09, 2.24375978409e-15]
    },
    "erbbands": {
        "dmean": [0.102969758213, 0.885668992996, 2.28184819221, 4.853474617, 8.20341491699, 8.0411272049, 8.60461425781, 7.28076171875, 12.1170072556, 20.4351196289, 39.7906303406, 20.5371456146, 16.9225788116, 22.0735111237, 20.5004291534, 18.2702484131, 16.9985961914, 22.3248634338, 15.3046512604, 15.6765193939, 8.74364376068, 6.87307500839, 2.87414455414, 2.08901882172, 2.69026422501, 1.8295788765, 1.08149337769, 1.08201146126, 1.43925321102, 1.08640050888, 0.683885753155, 0.656215488911, 0.544203400612, 0.366689711809, 0.163608968258, 0.0796512663364, 0.0288188271224, 0.00254892883822, 4.69459955639e-05, 1.16148794405e-05],
        "dmean2": [0.167200088501, 1.46167171001, 3.87351894379, 7.94917201996, 13.1130695343, 12.7607278824, 13.0656709671, 11.4452905655, 17.9792003632, 30.3664283752, 56.6879463196, 30.3273906708, 25.1621856689, 28.8947792053, 31.6037101746, 28.6472816467, 25.5732803345, 33.6443519592, 21.9541721344, 24.431224823, 13.5759992599, 10.8343029022, 4.4097495079, 3.22196817398, 4.26906013489, 2.78199100494, 1.64761638641, 1.60405099392, 2.16022205353, 1.58938086033, 1.00710046291, 0.970336318016, 0.787111461163, 0.535715997219, 0.242525935173, 0.121513433754, 0.0461550876498, 0.00422367593274, 7.4458635936e-05, 1.62801698025e-05],
        "dvar": [0.136038452387, 5.21908378601, 13.9445457458, 87.6269683838, 189.252853394, 197.166854858, 256.601257324, 188.912353516, 546.980285645, 1791.6517334, 12273.2783203, 4844.34863281, 1535.09973145, 3668.85302734, 2118.24975586, 1642.17431641, 2470.25317383, 3242.89868164, 1952.62658691, 1185.42468262, 354.196899414, 163.267578125, 21.4221038818, 8.67112255096, 16.6555328369, 7.31747674942, 3.70260429382, 6.29553508759, 14.4086780548, 14.4740667343, 2.58360648155, 2.2674446106, 0.913811385632, 0.484664827585, 0.111125923693, 0.032557900995, 0.00632439833134, 7.0009373303e-05, 1.99094198905e-08, 3.06416003681e-10],
        "dvar2": [0.330808162689, 12.8868989944, 38.4592208862, 219.373016357, 475.297698975, 434.077209473, 602.77734375, 441.108795166, 1218.30456543, 3458.63061523, 27787.8144531, 12153.1455078, 3222.95581055, 5399.13037109, 5245.95214844, 3865.45361328, 5270.671875, 7309.98681641, 3936.57592773, 2907.4050293, 938.932617188, 428.546234131, 49.2252388, 19.286655426, 38.6509094238, 17.2273845673, 8.85580158234, 14.0826845169, 28.3585243225, 30.2563304901, 5.13853645325, 5.219830513, 1.76005077362, 1.03007853031, 0.220499143004, 0.0734544843435, 0.0163670480251, 0.000186918870895, 5.18330018906e-08, 5.74310321522e-10],
        "max": [3.15141439438, 23.5391693115, 36.3129730225, 94.3595352173, 170.853042603, 236.668167114, 341.649993896, 269.009399414, 567.77557373, 739.582580566, 1486.33972168, 1279.21911621, 608.53503418, 1690.19348145, 1138.93884277, 728.524658203, 954.40020752, 985.726501465, 1003.79425049, 444.593017578, 290.086791992, 159.528564453, 106.965751648, 44.2424888611, 73.6415100098, 38.4764900208, 26.0244274139, 59.7855377197, 94.7192077637, 104.252532959, 28.0457267761, 28.4875869751, 18.4297447205, 11.2754459381, 4.068608284, 2.3702454567, 1.31936168671, 0.118105813861, 0.00207251543179, 0.000202153081773],
        "mean": [0.104788690805, 1.0694988966, 3.33399271965, 7.02469348907, 14.2299175262, 17.3713951111, 18.0293731689, 15.6520910263, 29.6128997803, 49.5022850037, 74.9677810669, 39.4395675659, 39.0891189575, 57.5454788208, 44.6355209351, 36.8492851257, 31.132648468, 40.7187080383, 27.5608997345, 30.6293048859, 17.8683700562, 14.6378412247, 6.49116802216, 4.98999881744, 5.99878644943, 4.28216981888, 2.27807664871, 2.3196978569, 3.09156703949, 2.33471345901, 1.4772888422, 1.28932750225, 1.19092607498, 0.709788143635, 0.284356296062, 0.118543080986, 0.0355592817068, 0.0025705168955, 6.82802565279e-05, 4.01435645472e-05],
        "median": [0.0238835215569, 0.329887509346, 1.79316806793, 3.74722981453, 7.93093729019, 10.2362995148, 9.85920810699, 9.99396133423, 16.717130661, 17.8533229828, 24.9071426392, 11.7564058304, 12.8227748871, 11.3384952545, 20.4391670227, 16.9918670654, 9.5890455246, 10.3818025589, 10.056350708, 10.4279375076, 6.3565826416, 6.71906614304, 4.17743015289, 3.28239178658, 3.98303675652, 2.54117250443, 1.15918266773, 1.19463121891, 1.57040119171, 1.04194784164, 0.674799025059, 0.544997632504, 0.521986186504, 0.321141034365, 0.124195881188, 0.0421219058335, 0.00863073393703, 0.000384547543945, 2.91783308057e-05, 3.40914848493e-05],
        "min": [0.000287757604383, 0.00515201175585, 0.0463051795959, 0.175182655454, 0.446368455887, 0.256948053837, 0.334350734949, 0.36725756526, 0.147800728679, 0.371951043606, 0.0993039682508, 0.200861483812, 0.201138421893, 0.175220504403, 0.138422429562, 0.307743728161, 0.204987809062, 0.153131261468, 0.20061956346, 0.120663978159, 0.0694905593991, 0.0399336777627, 0.0624851025641, 0.0534985885024, 0.049247764051, 0.0483676046133, 0.0330905653536, 0.0128447338939, 0.0157833490521, 0.0092357462272, 0.00516357505694, 0.00355297303759, 0.00148906337563, 0.000514622661285, 0.000184919801541, 2.13547118619e-05, 2.44064131039e-06, 2.85625873175e-07, 1.06070012862e-06, 2.05554920285e-06],
        "var": [0.118442900479, 5.24304771423, 21.3750019073, 102.79132843, 324.14642334, 407.002563477, 579.615112305, 342.783935547, 2056.77587891, 7416.12353516, 22857.9707031, 7811.04931641, 6280.89501953, 27998.2929688, 7020.07714844, 3991.6105957, 5006.02148438, 7316.26904297, 3929.53051758, 3007.02929688, 900.154602051, 451.343811035, 57.8763427734, 27.5209999084, 41.8719711304, 22.7806339264, 8.68936061859, 13.5242242813, 35.3889122009, 31.0137367249, 6.75184965134, 5.47962903976, 3.2160820961, 1.06486952305, 0.200981244445, 0.0481730289757, 0.00731625594199, 6.49970243103e-05, 2.1012683149e-08, 8.66820115686e-10]
    },
    "gfcc": {
        "mean": [7.21613740921, 113.991409302, -112.431503296, 23.6348781586, -64.7463607788, 19.2943077087, -46.8396339417, 8.01526927948, -27.1339130402, 1.21172809601, -16.4627418518, -4.95320224762, -10.6652784348],
        "cov": [[2346.56176758, -683.384277344, -57.0628509521, -141.139724731, -75.021522522, 95.001083374, -131.825286865, 123.076568604, -39.0529251099, 101.820373535, -199.925354004, 73.9510879517, -129.938842773], [-683.384277344, 566.082458496, -106.367599487, -57.0779190063, 81.7602462769, -42.8540878296, 141.720230103, -44.2720565796, 82.3790359497, -71.1757049561, 101.351516724, -73.9959335327, 71.4199676514], [-57.0628509521, -106.367599487, 402.13873291, 141.817993164, 54.2835769653, 5.3334236145, 0.718939185143, 33.3681373596, -71.2524642944, 71.8547515869, 12.959446907, 62.5894203186, -22.7680225372], [-141.139724731, -57.0779190063, 141.817993164, 354.84072876, 40.1948661804, -7.8446764946, -57.3434829712, -24.9019470215, 35.3110656738, 8.94124698639, 46.9913902283, -9.17818260193, 45.2232780457], [-75.021522522, 81.7602462769, 54.2835769653, 40.1948661804, 181.885055542, -3.64201498032, 3.39685773849, 22.0961437225, 19.7063655853, 29.0000190735, -6.74564647675, 1.94943678379, 20.1998386383], [95.001083374, -42.8540878296, 5.3334236145, -7.8446764946, -3.64201498032, 135.639190674, 54.9858093262, 6.57549667358, -11.1291484833, -7.74964570999, 8.89750099182, -0.213960394263, 7.28292894363], [-131.825286865, 141.720230103, 0.718939185143, -57.3434829712, 3.39685773849, 54.9858093262, 189.997833252, 6.29570293427, -30.0438423157, -27.0083026886, 25.4674530029, 4.63991546631, -10.9622745514], [123.076568604, -44.2720565796, 33.3681373596, -24.9019470215, 22.0961437225, 6.57549667358, 6.29570293427, 88.4305953979, 23.8039951324, 25.8321342468, -22.6275310516, 17.4278812408, -7.12540912628], [-39.0529251099, 82.3790359497, -71.2524642944, 35.3110656738, 19.7063655853, -11.1291484833, -30.0438423157, 23.8039951324, 168.09979248, 10.0181922913, 18.4584217072, -20.0902843475, 30.7617073059], [101.820373535, -71.1757049561, 71.8547515869, 8.94124698639, 29.0000190735, -7.74964570999, -27.0083026886, 25.8321342468, 10.0181922913, 89.2653656006, -0.215924859047, 17.36302948, -24.0526008606], [-199.925354004, 101.351516724, 12.959446907, 46.9913902283, -6.74564647675, 8.89750099182, 25.4674530029, -22.6275310516, 18.4584217072, -0.215924859047, 88.5775299072, 1.1359770298, 24.5009613037], [73.9510879517, -73.9959335327, 62.5894203186, -9.17818260193, 1.94943678379, -0.213960394263, 4.63991546631, 17.4278812408, -20.0902843475, 17.36302948, 1.1359770298, 82.8018493652, -1.60992002487], [-129.938842773, 71.4199676514, -22.7680225372, 45.2232780457, 20.1998386383, 7.28292894363, -10.9622745514, -7.12540912628, 30.7617073059, -24.0526008606, 24.5009613037, -1.60992002487, 80.5790176392]],
        "icov": [[0.000807806500234, 0.000861843349412, 0.000362296967069, 0.000191088882275, -0.000115827460831, -0.000359246099833, -3.28318346874e-05, -0.000380144774681, -0.000210344674997, -0.000290169176878, 0.000562408939004, -0.000110859298729, 0.000377770804334], [0.000861843349412, 0.0116770528257, -0.0014441749081, 0.00513246655464, -0.00584746478125, 0.00716500356793, -0.00794430729002, 0.0033078759443, -0.00515171326697, 0.00546903163195, -0.00944946054369, 0.00885573215783, -0.00556919258088], [0.000362296967069, -0.0014441749081, 0.00547144375741, -0.00317649985664, 0.000224396047997, -0.00149337889161, 0.000924781546928, -0.00272425101139, 0.00340586621314, -0.00378812593408, 0.00126604503021, -0.00394233688712, 0.00226192967966], [0.000191088882275, 0.00513246655464, -0.00317649985664, 0.00702116359025, -0.00310739455745, 0.00319528952241, -0.00218130717985, 0.00316336331889, -0.00369777018204, 0.00364843057469, -0.00595700228587, 0.00547128077596, -0.00418449938297], [-0.000115827460831, -0.00584746478125, 0.000224396047997, -0.00310739455745, 0.00988544058055, -0.00336562586017, 0.00283905514516, -0.00238454784267, 0.00213913130574, -0.00583436293527, 0.00731579214334, -0.0038938340731, -5.55705628358e-05], [-0.000359246099833, 0.00716500356793, -0.00149337889161, 0.00319528952241, -0.00336562586017, 0.0140441739932, -0.00819418020546, 0.00197035563178, -0.00281537068076, 0.00358812394552, -0.00710885738954, 0.00691094715148, -0.00606588134542], [-3.28318346874e-05, -0.00794430729002, 0.000924781546928, -0.00218130717985, 0.00283905514516, -0.00819418020546, 0.0137897077948, -0.00440635252744, 0.00452485121787, -0.000302382890368, 0.00317232590169, -0.00668896175921, 0.00707326922566], [-0.000380144774681, 0.0033078759443, -0.00272425101139, 0.00316336331889, -0.00238454784267, 0.00197035563178, -0.00440635252744, 0.0180545728654, -0.00588300311938, -0.0010513298912, 0.0016832355177, 0.000920636812225, -0.00323461461812], [-0.000210344674997, -0.00515171326697, 0.00340586621314, -0.00369777018204, 0.00213913130574, -0.00281537068076, 0.00452485121787, -0.00588300311938, 0.0114679886028, -0.00468570087105, 0.00198053917848, -0.00272286497056, 0.000644886866212], [-0.000290169176878, 0.00546903163195, -0.00378812593408, 0.00364843057469, -0.00583436293527, 0.00358812394552, -0.000302382890368, -0.0010513298912, -0.00468570087105, 0.0218879152089, -0.00934353284538, 0.00327465450391, 0.00379962055013], [0.000562408939004, -0.00944946054369, 0.00126604503021, -0.00595700228587, 0.00731579214334, -0.00710885738954, 0.00317232590169, 0.0016832355177, 0.00198053917848, -0.00934353284538, 0.0266700945795, -0.00920245796442, 0.00053395278519], [-0.000110859298729, 0.00885573215783, -0.00394233688712, 0.00547128077596, -0.0038938340731, 0.00691094715148, -0.00668896175921, 0.000920636812225, -0.00272286497056, 0.00327465450391, -0.00920245796442, 0.0226016044617, -0.00742293940857], [0.000377770804334, -0.00556919258088, 0.00226192967966, -0.00418449938297, -5.55705628358e-05, -0.00606588134542, 0.00707326922566, -0.00323461461812, 0.000644886866212, 0.00379962055013, 0.00053395278519, -0.00742293940857, 0.0227588582784]]
    },
    "melbands": {
        "dmean": [0.000981521327049, 0.00112090189941, 0.000913283671252, 0.000560109852813, 0.000303478766, 0.000170276252902, 0.000188181234989, 0.000245563627686, 0.000314009870635, 0.000118450436275, 8.58050480019e-05, 9.08348301891e-05, 7.57722737035e-05, 5.51391531189e-05, 4.09885506087e-05, 3.96409377572e-05, 4.37104499724e-05, 2.71619082923e-05, 2.12348222703e-05, 1.80211773113e-05, 1.20327249533e-05, 9.20425190998e-06, 4.4309963414e-06, 2.15138607018e-06, 1.82581823083e-06, 1.98642146643e-06, 1.81632447038e-06, 1.24904806853e-06, 8.2385628275e-07, 6.11276277596e-07, 7.05392210421e-07, 8.82927054136e-07, 8.99220140127e-07, 5.70893860186e-07, 4.47419438387e-07, 3.64998726354e-07, 4.42615373686e-07, 4.28466762514e-07, 3.81999484489e-07, 3.26224721903e-07],
        "dmean2": [0.00158602092415, 0.00184322788846, 0.00147753336933, 0.000884189270437, 0.000467063480755, 0.000265714072157, 0.000277040875517, 0.000365543179214, 0.000446524471045, 0.000176612447831, 0.000127807667013, 0.000120822805911, 0.000116494760732, 8.81098239915e-05, 6.12544390606e-05, 6.20273276581e-05, 6.50641813991e-05, 3.87652398786e-05, 3.3055403037e-05, 2.79781761492e-05, 1.91096696653e-05, 1.45962894749e-05, 7.00890450389e-06, 3.44095201399e-06, 2.85153441837e-06, 3.20166373058e-06, 2.96079088002e-06, 1.91296567209e-06, 1.32574575673e-06, 9.27356779812e-07, 1.06804805e-06, 1.3621946664e-06, 1.36848905186e-06, 8.75618411555e-07, 6.800984238e-07, 5.44456156604e-07, 6.56398754018e-07, 6.33520755855e-07, 5.76566492327e-07, 4.88861417125e-07],
        "dvar": [9.89706313703e-06, 3.83127826353e-06, 2.83796566691e-06, 7.38572396131e-07, 2.77875955135e-07, 9.88387114376e-08, 1.3378382846e-07, 2.42142732532e-07, 7.13350061687e-07, 1.59385592724e-07, 4.07053057927e-08, 6.99199276255e-08, 3.13510426508e-08, 1.16265042038e-08, 9.97744731279e-09, 1.85489881233e-08, 1.24100578702e-08, 8.52553494468e-09, 2.03704120239e-09, 1.53767820699e-09, 8.28574042711e-10, 3.4120878345e-10, 8.3148994634e-11, 1.12545337633e-11, 6.60043807804e-12, 8.73774490262e-12, 8.27241053436e-12, 3.76794082046e-12, 2.35468155391e-12, 1.3295779408e-12, 3.68892546718e-12, 4.70878501121e-12, 9.97761769039e-12, 3.18414153551e-12, 1.08392570093e-12, 6.49261352147e-13, 9.91308164028e-13, 6.14033780419e-13, 5.06439887856e-13, 4.25731010775e-13],
        "dvar2": [2.39764904109e-05, 9.66740935837e-06, 7.13284453013e-06, 1.68999838479e-06, 6.292591479e-07, 2.30076551588e-07, 2.78619779692e-07, 4.89329295306e-07, 1.572890028e-06, 3.96380386292e-07, 8.6024037671e-08, 1.0346754209e-07, 7.66336967217e-08, 2.89773520734e-08, 2.00439469467e-08, 4.13726972681e-08, 2.80152185894e-08, 1.63503415251e-08, 4.78077932797e-09, 3.94560917272e-09, 2.26241514412e-09, 8.99483987293e-10, 1.95408231263e-10, 2.76336453719e-11, 1.52196328457e-11, 2.01059863203e-11, 2.08968328752e-11, 9.19940252447e-12, 6.14195586751e-12, 2.90796314979e-12, 8.72281760711e-12, 9.954622196e-12, 2.32651016507e-11, 6.69972194042e-12, 2.33311200221e-12, 1.4384135159e-12, 2.35570699232e-12, 1.29092775965e-12, 1.17371802381e-12, 9.6331211237e-13],
        "max": [0.0295612867922, 0.0195027273148, 0.0169220585376, 0.0119453649968, 0.0104250442237, 0.00635492010042, 0.00956121552736, 0.0076973522082, 0.011818238534, 0.00749283889309, 0.00370305194519, 0.007198930718, 0.00448927422985, 0.00183289602865, 0.00192198250443, 0.00255247089081, 0.00193439458963, 0.00225196406245, 0.000617997779045, 0.000518044107594, 0.0004648839531, 0.000240981797106, 0.000261607870925, 4.28172425018e-05, 3.44557265635e-05, 5.71165764995e-05, 4.97605251439e-05, 2.848580516e-05, 1.97734098037e-05, 2.22791168198e-05, 4.50474253739e-05, 5.07789918629e-05, 8.76723934198e-05, 4.20989563281e-05, 1.69692648342e-05, 1.47589871631e-05, 1.84279251698e-05, 1.46146785482e-05, 1.21711036627e-05, 1.02406347651e-05],
        "mean": [0.00109125184827, 0.00165467895567, 0.0014106426388, 0.00120245874859, 0.000654327275697, 0.000365577405319, 0.000472691346658, 0.000566694594454, 0.000585559930187, 0.000221199545194, 0.000188936450286, 0.000232501610299, 0.000153974295245, 0.000105535014882, 7.9924466263e-05, 6.43785388093e-05, 7.76560627855e-05, 4.37748458353e-05, 4.00993267249e-05, 3.3097974665e-05, 2.11491023947e-05, 1.77367492142e-05, 8.52016728459e-06, 4.25108146374e-06, 3.91386265619e-06, 4.23661276727e-06, 3.92377251046e-06, 2.6291309041e-06, 1.50459243287e-06, 1.20666061321e-06, 1.34614208491e-06, 1.76703690613e-06, 1.67965345099e-06, 1.14079387004e-06, 8.89546413418e-07, 6.7497182954e-07, 8.23079119527e-07, 8.72507712302e-07, 7.16850365734e-07, 5.65750951864e-07],
        "median": [0.0002791970619, 0.000793397950474, 0.000758902111556, 0.000758162175771, 0.000369284505723, 0.000237289990764, 0.00024984870106, 0.000189184924238, 0.000179860377102, 5.59441214136e-05, 5.67758288526e-05, 4.15449321736e-05, 5.91298448853e-05, 5.40717228432e-05, 2.41402813117e-05, 1.73124608409e-05, 1.73361895577e-05, 1.37874658321e-05, 1.48078906932e-05, 9.83181325864e-06, 7.21342212273e-06, 6.96117240295e-06, 4.34992261944e-06, 2.61752325059e-06, 2.43558724833e-06, 2.81857137452e-06, 2.42049509325e-06, 1.43115460105e-06, 7.47330943796e-07, 5.55030737814e-07, 6.63997468564e-07, 8.79625474681e-07, 7.34485354315e-07, 4.93201582685e-07, 3.98415380687e-07, 2.74541889667e-07, 3.45601705476e-07, 3.89641485299e-07, 3.00711093359e-07, 2.54280422496e-07],
        "min": [3.18517959386e-06, 2.78629559034e-05, 3.01893433061e-05, 2.75643269561e-05, 7.56478721087e-06, 5.16138516105e-06, 2.13886414713e-06, 2.85449709736e-06, 7.78365460974e-07, 1.18619220757e-06, 7.3467282391e-07, 4.54149159168e-07, 2.28217260201e-07, 6.40829057375e-07, 6.51557456877e-07, 2.1497663738e-07, 3.02794973095e-07, 3.1334502637e-07, 2.51139340435e-07, 1.42108717682e-07, 5.57245662947e-08, 2.2212258699e-08, 5.58657831107e-08, 3.86611205272e-08, 4.35174598579e-08, 3.73838702217e-08, 3.38306449521e-08, 2.57371226553e-08, 1.88663538125e-08, 1.08659978793e-08, 6.25035712076e-09, 8.77892425422e-09, 2.89307022783e-09, 5.1021067371e-09, 1.07147657413e-09, 2.9223090614e-10, 6.31695751263e-10, 9.24519738543e-10, 8.72579175581e-10, 2.64238658731e-10],
