{
"highlevel": {
    "danceability": {
        "all": {
            "danceable": 0.999805808067,
            "not_danceable": 0.000194217616809
        },
        "probability": 0.999805808067,
        "value": "danceable"
    },
    "gender": {
        "all": {
            "female": 0.987656414509,
            "male": 0.0123435966671
        },
        "probability": 0.987656414509,
        "value": "female"
    },
    "genre_dortmund": {
        "all": {
            "alternative": 0.00283468957059,
            "blues": 0.0140515193343,
            "electronic": 0.119373686612,
            "folkcountry": 0.00473393965513,
            "funksoulrnb": 0.00296697509475,
            "jazz": 0.0386605598032,
            "pop": 0.0290328972042,
            "raphiphop": 0.782890021801,
            "rock": 0.0054556899704
        },
        "probability": 0.782890021801,
        "value": "raphiphop"
    },
    "genre_electronic": {
        "all": {
            "ambient": 0.253647744656,
            "dnb": 0.400979310274,
            "house": 0.268519639969,
            "techno": 0.0457757078111,
            "trance": 0.0310776047409
        },
        "probability": 0.400979310274,
        "value": "dnb"
    },
    "genre_rosamerica": {
        "all": {
            "cla": 0.00384865049273,
            "dan": 0.0258508771658,
            "hip": 0.456764429808,
            "jaz": 0.00864133331925,
            "pop": 0.0503162741661,
            "rhy": 0.440189152956,
            "roc": 0.00844499934465,
            "spe": 0.00594430044293
        },
        "probability": 0.456764429808,
        "value": "hip"
    },
    "genre_tzanetakis": {
        "all": {
            "blu": 2.00933528442e-14,
            "cla": 1.10376880297e-14,
            "cou": 2.21312073892e-14,
            "dis": 1.76883671149e-14,
            "hip": 4.29576757196e-14,
            "jaz": 0.999999940395,
            "met": 2.0000017642e-08,
            "pop": 2.0000017642e-08,
            "reg": 1.66666822565e-08,
            "roc": 2.50000233848e-08
        },
        "probability": 0.999999940395,
        "value": "jaz"
    },
    "ismir04_rhythm": {
        "all": {
            "ChaChaCha": 0.0448281876743,
            "Jive": 0.0270394608378,
            "Quickstep": 0.0642273426056,
            "Rumba-American": 0.0146134747192,
            "Rumba-International": 0.221250399947,
            "Rumba-Misc": 0.0330728292465,
            "Samba": 0.526606976986,
            "Tango": 0.0133508499712,
            "VienneseWaltz": 0.0223052371293,
            "Waltz": 0.0327052660286
        },
        "probability": 0.526606976986,
        "value": "Samba"
    },
    "mood_acoustic": {
        "all": {
            "acoustic": 0.0092718442902,
            "not_acoustic": 0.990728139877
        },
        "probability": 0.990728139877,
        "value": "not_acoustic"
    },
    "mood_aggressive": {
        "all": {
            "aggressive": 0.109388247132,
            "not_aggressive": 0.890611767769
        },
        "probability": 0.890611767769,
        "value": "not_aggressive"
    },
    "mood_electronic": {
        "all": {
            "electronic": 0.961927831173,
            "not_electronic": 0.0380721539259
        },
        "probability": 0.961927831173,
        "value": "electronic"
    },
    "mood_happy": {
        "all": {
            "happy": 0.596277117729,
            "not_happy": 0.403722882271
        },
        "probability": 0.596277117729,
        "value": "happy"
    },
    "mood_party": {
        "all": {
            "not_party": 0.322716504335,
            "party": 0.677283465862
        },
        "probability": 0.677283465862,
        "value": "party"
    },
    "mood_relaxed": {
        "all": {
            "not_relaxed": 0.927342891693,
            "relaxed": 0.0726570785046
        },
        "probability": 0.927342891693,
        "value": "not_relaxed"
    },
    "mood_sad": {
        "all": {
            "not_sad": 0.839037835598,
            "sad": 0.160962194204
        },
        "probability": 0.839037835598,
        "value": "not_sad"
    },
    "moods_mirex": {
        "all": {
            "Cluster1": 0.167231664062,
            "Cluster2": 0.19915612042,
            "Cluster3": 0.123570621014,
            "Cluster4": 0.0789841860533,
            "Cluster5": 0.431057423353
        },
        "probability": 0.431057423353,
        "value": "Cluster5"
    },
    "timbre": {
        "all": {
            "bright": 0.00672980956733,
            "dark": 0.993270218372
        },
        "probability": 0.993270218372,
        "value": "dark"
    },
    "tonal_atonal": {
        "all": {
            "atonal": 0.930674791336,
            "tonal": 0.0693252161145
        },
        "probability": 0.930674791336,
        "value": "atonal"
    },
    "voice_instrumental": {
        "all": {
            "instrumental": 0.118931122124,
            "voice": 0.881068885326
        },
        "probability": 0.881068885326,
        "value": "voice"
    }
},
"lowlevel": {
    "average_loudness": 0.838740289211,
    "barkbands_crest": {
        "dmean": 2.59578275681,
        "dmean2": 3.8358502388,
        "dvar": 6.45377874374,
        "dvar2": 14.3316783905,
        "max": 26.7133769989,
        "mean": 15.4147586823,
        "median": 15.3764019012,
        "min": 2.88084220886,
        "var": 24.7159500122
    },
    "barkbands_flatness_db": {
        "dmean": 0.0483847036958,
        "dmean2": 0.0652704238892,
        "dvar": 0.00251969881356,
        "dvar2": 0.00508390460163,
        "max": 0.649948716164,
        "mean": 0.27083581686,
        "median": 0.25161215663,
        "min": 0.0391323938966,
        "var": 0.013455956243
    },
    "barkbands_kurtosis": {
        "dmean": 26.6199054718,
        "dmean2": 40.361541748,
        "dvar": 2799.98120117,
        "dvar2": 5976.52441406,
        "max": 811.340820312,
        "mean": 46.9682922363,
        "median": 14.3784008026,
        "min": -1.85594630241,
        "var": 7239.09667969
    },
    "barkbands_skewness": {
        "dmean": 1.41563546658,
        "dmean2": 2.06671142578,
        "dvar": 2.99767923355,
        "dvar2": 6.0210609436,
        "max": 24.5528488159,
        "mean": 4.1730298996,
        "median": 3.16174316406,
        "min": -0.880245268345,
        "var": 11.5940055847
    },
    "barkbands_spread": {
        "dmean": 5.98434877396,
        "dmean2": 9.22498416901,
        "dvar": 84.0821075439,
        "dvar2": 192.40335083,
        "max": 108.998954773,
        "mean": 12.2798137665,
        "median": 7.83963775635,
        "min": 0.125613898039,
        "var": 186.763778687
    },
    "dissonance": {
        "dmean": 0.0237147454172,
        "dmean2": 0.03743699193,
        "dvar": 0.000522255897522,
        "dvar2": 0.00128498172853,
        "max": 0.499914169312,
        "mean": 0.451778352261,
        "median": 0.459819972515,
        "min": 0.243159547448,
        "var": 0.00125931249931
    },
    "dynamic_complexity": 3.36984324455,
    "erbbands_crest": {
        "dmean": 3.17602992058,
        "dmean2": 5.04857587814,
        "dvar": 8.96615219116,
        "dvar2": 21.100194931,
        "max": 30.1543903351,
        "mean": 10.2763977051,
        "median": 9.43092632294,
        "min": 2.96602201462,
        "var": 21.0959835052
    },
    "erbbands_flatness_db": {
        "dmean": 0.023855233565,
        "dmean2": 0.0346560366452,
        "dvar": 0.000608789967373,
        "dvar2": 0.00118308071978,
        "max": 0.364632815123,
        "mean": 0.167579770088,
        "median": 0.159360185266,
        "min": 0.0618802681565,
        "var": 0.00240011024289
    },
    "erbbands_kurtosis": {
        "dmean": 1.88659787178,
        "dmean2": 2.86396241188,
        "dvar": 17.3707046509,
        "dvar2": 33.1752471924,
        "max": 112.142791748,
        "mean": 1.363312006,
        "median": 0.0608851909637,
        "min": -1.8483287096,
        "var": 32.0587005615
    },
    "erbbands_skewness": {
        "dmean": 0.615393221378,
        "dmean2": 0.901231527328,
        "dvar": 0.389710217714,
        "dvar2": 0.853050112724,
        "max": 9.43065261841,
        "mean": 0.665517926216,
        "median": 0.63885307312,
        "min": -4.20919942856,
        "var": 1.27481865883
    },
    "erbbands_spread": {
        "dmean": 13.9490919113,
        "dmean2": 21.0861968994,
        "dvar": 259.225372314,
        "dvar2": 546.775512695,
        "max": 177.28112793,
        "mean": 46.2625160217,
        "median": 40.9529151917,
        "min": 4.29695558548,
        "var": 662.169006348
    },
    "hfc": {
        "dmean": 10.3300018311,
        "dmean2": 15.248497963,
        "dvar": 530.681335449,
        "dvar2": 995.856384277,
        "max": 263.629699707,
        "mean": 17.0361995697,
        "median": 8.98109817505,
        "min": 0.0223993416876,
        "var": 849.54864502
    },
    "melbands_crest": {
        "dmean": 3.80144500732,
        "dmean2": 5.65553426743,
        "dvar": 18.7084274292,
        "dvar2": 40.9180183411,
        "max": 38.9688568115,
        "mean": 25.1197681427,
        "median": 25.6703567505,
        "min": 3.56498789787,
        "var": 66.3904800415
    },
    "melbands_flatness_db": {
        "dmean": 0.0575387142599,
        "dmean2": 0.0760968402028,
        "dvar": 0.00380130298436,
        "dvar2": 0.00794696621597,
        "max": 0.790327310562,
        "mean": 0.352894097567,
        "median": 0.335468113422,
        "min": 0.0469146221876,
        "var": 0.0186034664512
    },
    "melbands_kurtosis": {
        "dmean": 75.9477233887,
        "dmean2": 113.349594116,
        "dvar": 41526.2539062,
        "dvar2": 88424.0546875,
        "max": 4331.27441406,
        "mean": 138.748275757,
        "median": 32.54164505,
        "min": -1.2060956955,
        "var": 129243.3125
    },
    "melbands_skewness": {
        "dmean": 2.11718606949,
        "dmean2": 3.02104592323,
        "dvar": 9.28055763245,
        "dvar2": 17.8697223663,
        "max": 53.6264724731,
        "mean": 6.52393770218,
        "median": 4.68428468704,
        "min": -0.372926980257,
        "var": 38.1104164124
    },
    "melbands_spread": {
        "dmean": 5.59759283066,
        "dmean2": 8.79484081268,
        "dvar": 103.449317932,
        "dvar2": 255.044326782,
        "max": 129.938796997,
        "mean": 10.5973091125,
        "median": 5.7861289978,
        "min": 0.0543027445674,
        "var": 194.520950317
    },
    "pitch_salience": {
        "dmean": 0.0850808024406,
        "dmean2": 0.122779600322,
        "dvar": 0.00831290800124,
        "dvar2": 0.0170599799603,
        "max": 0.883568227291,
        "mean": 0.360124051571,
        "median": 0.371271073818,
        "min": 0.0185711923987,
        "var": 0.033070538193
    },
    "silence_rate_20dB": {
        "dmean": 0,
        "dmean2": 0,
        "dvar": 0,
        "dvar2": 0,
        "max": 1,
        "mean": 1,
        "median": 1,
        "min": 1,
        "var": 0
    },
    "silence_rate_30dB": {
        "dmean": 0.0990712046623,
        "dmean2": 0.198295891285,
        "dvar": 0.0892544910312,
        "dvar2": 0.199253812432,
        "max": 1,
        "mean": 0.824439287186,
        "median": 1,
        "min": 0,
        "var": 0.144740134478
    },
    "silence_rate_60dB": {
        "dmean": 0.011609907262,
        "dmean2": 0.0232378002256,
        "dvar": 0.0114750964567,
        "dvar2": 0.0242468360811,
        "max": 1,
        "mean": 0.0286156218499,
        "median": 0,
        "min": 0,
        "var": 0.0277967806906
    },
    "spectral_centroid": {
        "dmean": 388.635437012,
        "dmean2": 591.38684082,
        "dvar": 228971.59375,
        "dvar2": 535701.4375,
        "max": 4662.09033203,
        "mean": 1077.29284668,
        "median": 929.444335938,
        "min": 79.4233169556,
        "var": 580046.625
    },
    "spectral_complexity": {
        "dmean": 5.36068105698,
        "dmean2": 8.22075939178,
        "dvar": 64.3497695923,
        "dvar2": 131.104446411,
        "max": 65,
        "mean": 11.6914157867,
        "median": 8,
        "min": 0,
        "var": 123.040672302
    },
    "spectral_decrease": {
        "dmean": 5.04671504586e-09,
        "dmean2": 7.44378159112e-09,
        "dvar": 4.42694027472e-17,
        "dvar2": 9.31023741687e-17,
        "max": -4.16448334151e-11,
        "mean": -1.51570311857e-08,
        "median": -1.16520633142e-08,
        "min": -6.34318837456e-08,
        "var": 1.35534456574e-16
    },
    "spectral_energy": {
        "dmean": 0.0196541864425,
        "dmean2": 0.0288973990828,
        "dvar": 0.000655361742247,
        "dvar2": 0.00135277782101,
        "max": 0.241929590702,
        "mean": 0.058751322329,
        "median": 0.0447858981788,
        "min": 0.000160061550559,
        "var": 0.0019875918515
    },
    "spectral_energyband_high": {
        "dmean": 0.000642384053208,
        "dmean2": 0.000968077743892,
        "dvar": 2.99539942716e-06,
        "dvar2": 5.54896905669e-06,
        "max": 0.0199277270585,
        "mean": 0.000766994024161,
        "median": 0.000157023139764,
        "min": 2.39250983469e-08,
        "var": 4.7908729357e-06
    },
    "spectral_energyband_low": {
        "dmean": 0.0153664359823,
        "dmean2": 0.0227774530649,
        "dvar": 0.000506900250912,
        "dvar2": 0.00115778809413,
        "max": 0.197653725743,
        "mean": 0.0454251915216,
        "median": 0.0326047427952,
        "min": 3.95733586629e-05,
        "var": 0.00175609043799
    },
    "spectral_energyband_middle_high": {
        "dmean": 0.00266632786952,
        "dmean2": 0.00414161896333,
        "dvar": 3.84828417737e-05,
        "dvar2": 7.48073944123e-05,
        "max": 0.0691492632031,
        "mean": 0.00328697240911,
        "median": 0.000785294105299,
        "min": 1.09994843456e-07,
        "var": 5.8212026488e-05
    },
    "spectral_energyband_middle_low": {
        "dmean": 0.0066634118557,
        "dmean2": 0.0107545694336,
        "dvar": 0.000175456792931,
        "dvar2": 0.000436268659541,
        "max": 0.0823623687029,
        "mean": 0.0101774381474,
        "median": 0.0060751689598,
        "min": 2.54089923146e-06,
        "var": 0.000183157346328
    },
    "spectral_entropy": {
        "dmean": 0.325895905495,
        "dmean2": 0.466831326485,
        "dvar": 0.131060138345,
        "dvar2": 0.27741971612,
        "max": 8.68304824829,
        "mean": 7.23664903641,
        "median": 7.25597047806,
        "min": 4.81396579742,
        "var": 0.381949216127
    },
    "spectral_flux": {
        "dmean": 0.0402073301375,
        "dmean2": 0.0597613193095,
        "dvar": 0.00208598398603,
        "dvar2": 0.00401135347784,
        "max": 0.402695924044,
        "mean": 0.0934799537063,
        "median": 0.0723766386509,
        "min": 0.00336697814055,
        "var": 0.00459997169673
    },
    "spectral_kurtosis": {
        "dmean": 3.16024470329,
        "dmean2": 5.10657072067,
        "dvar": 42.7929878235,
        "dvar2": 96.9866638184,
        "max": 140.238067627,
        "mean": 6.23287248611,
        "median": 4.17749547958,
        "min": -1.09346020222,
        "var": 96.9716110229
    },
    "spectral_rms": {
        "dmean": 0.00124764721841,
        "dmean2": 0.00176277058199,
        "dvar": 2.00948898055e-06,
        "dvar2": 3.66768358617e-06,
        "max": 0.0153632313013,
        "mean": 0.00699697295204,
        "median": 0.00661011040211,
        "min": 0.000395167822717,
        "var": 8.36081744637e-06
    },
    "spectral_rolloff": {
        "dmean": 340.947113037,
        "dmean2": 582.448120117,
        "dvar": 724604.75,
        "dvar2": 1710748.5,
        "max": 9646.875,
        "mean": 550.438110352,
        "median": 193.798828125,
        "min": 43.06640625,
        "var": 1028244.375
    },
    "spectral_skewness": {
        "dmean": 0.419785529375,
        "dmean2": 0.634199261665,
        "dvar": 0.262312978506,
        "dvar2": 0.592823624611,
        "max": 9.71481800079,
        "mean": 1.66119003296,
        "median": 1.50824344158,
        "min": -0.124719358981,
        "var": 0.774522423744
    },
    "spectral_spread": {
        "dmean": 737910.875,
        "dmean2": 1087028.875,
        "dvar": 882140184576,
        "dvar2": 1.72662679142e+12,
        "max": 16983328,
        "mean": 4483248,
        "median": 4174736.5,
        "min": 630833.4375,
        "var": 3.01666716877e+12
    },
    "spectral_strongpeak": {
        "dmean": 0.214414611459,
        "dmean2": 0.355328708887,
        "dvar": 0.1938277632,
        "dvar2": 0.417083799839,
        "max": 6.33554172516,
        "mean": 0.511246860027,
        "median": 0.310760617256,
        "min": 0,
        "var": 0.369287759066
    },
    "zerocrossingrate": {
        "dmean": 0.00870743021369,
        "dmean2": 0.00986207090318,
        "dvar": 0.000122032055515,
        "dvar2": 0.00013449297694,
        "max": 0.1943359375,
        "mean": 0.0276828650385,
        "median": 0.021484375,
        "min": 0.00146484375,
        "var": 0.000732815824449
    },
    "barkbands": {
        "dmean": [0.00285357167013, 0.0115580344573, 0.00187721243128, 0.00260468549095, 0.00208542402834, 0.00110266066622, 0.000476458459161, 0.000913204043172, 0.000859929306898, 0.000739438517485, 0.000311337702442, 0.000354264426278, 0.000408958818298, 0.00029192364309, 0.000260711676674, 0.000250058597885, 0.000169515435118, 0.000221153561142, 0.000256177416304, 0.000192844570847, 0.000146689621033, 0.000142124801641, 0.00010630194447, 0.000104658567579, 8.01329370006e-05, 3.53595787601e-05, 1.58891477753e-08],
        "dmean2": [0.00431439001113, 0.0169947743416, 0.00313129276037, 0.00452563213184, 0.00361213460565, 0.00170944130514, 0.000765208271332, 0.00151860120241, 0.00120403070468, 0.00129435327835, 0.000484928343212, 0.000509994395543, 0.000633051095065, 0.000458451919258, 0.000427061371738, 0.000427696300903, 0.000278187857475, 0.000359713012585, 0.000411450921092, 0.000310695846565, 0.000219174733502, 0.000228508026339, 0.000165064862813, 0.000169846141944, 0.000112742673082, 4.93575644214e-05, 2.82418550768e-08],
        "dvar": [1.29597410705e-05, 0.000269127514912, 2.75604870694e-05, 5.75379053771e-05, 3.7223995605e-05, 4.6418117563e-06, 1.01886928405e-06, 6.94792788636e-06, 4.16916509494e-06, 5.9308258642e-06, 1.26258794353e-06, 9.8006432836e-07, 2.15245722757e-06, 4.82687539716e-07, 3.44512926631e-07, 3.17121077842e-07, 1.56023574505e-07, 3.4145747918e-07, 2.82790637129e-07, 2.30853075323e-07, 1.38786489856e-07, 1.46344660834e-07, 9.48613418927e-08, 9.35932504831e-08, 7.96035592998e-08, 1.92163440715e-08, 2.47029112254e-14],
        "dvar2": [3.25715300278e-05, 0.000579749932513, 6.574139843e-05, 0.000152931097546, 0.000104542486952, 1.02195226646e-05, 2.64329310085e-06, 1.87922796613e-05, 8.61415082909e-06, 1.60487743415e-05, 2.83398026113e-06, 1.63330753367e-06, 4.64407412437e-06, 9.22641277157e-07, 8.29515272471e-07, 8.52833238696e-07, 3.57237468052e-07, 7.27586723315e-07, 5.87189560974e-07, 5.65656705476e-07, 2.49838564059e-07, 3.36748911423e-07, 1.8789202727e-07, 2.18309281763e-07, 1.48500191699e-07, 3.36404610835e-08, 5.82635610764e-14],
        "max": [0.0580728948116, 0.177829772234, 0.138641163707, 0.0533712767065, 0.0467156805098, 0.0225970111787, 0.0102236941457, 0.0289162192494, 0.0266207903624, 0.0363182127476, 0.0159360375255, 0.0132128465921, 0.0186692997813, 0.0139839267358, 0.00689935218543, 0.00401303963736, 0.00355956470594, 0.00701495585963, 0.00925588980317, 0.00765731930733, 0.00546231260523, 0.00346019398421, 0.00343780359253, 0.00304046296515, 0.00366581697017, 0.00182543287519, 3.2091400044e-06],
        "mean": [0.00778236612678, 0.0339705422521, 0.00292829819955, 0.00246068509296, 0.00236233766191, 0.00217030593194, 0.000536236097105, 0.00103863480035, 0.00132956169546, 0.000594393291976, 0.000322008359944, 0.000447903876193, 0.000409322296036, 0.000324896274833, 0.000277781364275, 0.000212891682168, 0.000170275656274, 0.000226888150792, 0.000304654182401, 0.000222091926844, 0.000163012882695, 0.00012351051555, 0.000115481241664, 0.000116953160614, 9.85094011412e-05, 4.18737254222e-05, 1.14643086135e-08],
        "median": [0.00498144654557, 0.0235005188733, 0.000877819256857, 0.000230103847571, 0.000583781511523, 0.000357038486982, 0.000157690592459, 0.000104778700916, 0.000165677323821, 3.39676153089e-05, 2.23800489039e-05, 3.46183078364e-05, 2.59348125837e-05, 4.14491041738e-05, 3.6929777707e-05, 2.83380632027e-05, 2.62605317403e-05, 3.40670885635e-05, 6.35136166238e-05, 5.77472856094e-05, 3.71706773876e-05, 8.24445578473e-06, 6.30612566965e-06, 6.04164051765e-06, 1.02953536043e-05, 2.97716337627e-06, 6.23793794396e-10],
        "min": [2.08600158658e-06, 5.56052509637e-06, 9.93935600491e-08, 3.17011767947e-08, 7.5656018339e-08, 1.61678997301e-06, 5.07410220507e-08, 1.44604381802e-08, 7.60581109205e-09, 3.62485863548e-09, 2.9820195202e-09, 2.02815275685e-09, 3.43476158626e-09, 4.33157598678e-09, 4.45898207246e-09, 4.69440486484e-09, 4.43156711327e-09, 5.71747360567e-09, 9.22227982869e-09, 5.71231018043e-09, 4.28403978958e-09, 2.81555823101e-09, 1.83791559749e-09, 5.8470663207e-12, 8.01978448928e-12, 8.84540444362e-12, 1.39454550338e-11],
        "var": [8.65042384248e-05, 0.00114307482727, 5.84059816902e-05, 4.36714799434e-05, 2.73693021882e-05, 1.50062842295e-05, 1.10088740257e-06, 6.92537605573e-06, 9.56145686359e-06, 4.36850905317e-06, 1.52045572577e-06, 1.82958535788e-06, 2.37029507844e-06, 8.02830129487e-07, 4.51607263585e-07, 2.58240163475e-07, 1.77769109655e-07, 4.3011635853e-07, 4.77811113342e-07, 2.52586659144e-07, 2.13459486531e-07, 1.58005107664e-07, 1.45631020132e-07, 1.42124449098e-07, 1.26152485791e-07, 2.95673565631e-08, 1.94615628273e-14]
    },
    "erbbands": {
        "dmean": [0.629937648773, 1.60573768616, 2.01121497154, 5.8745765686, 7.39705181122, 7.68064880371, 7.36714601517, 8.81285095215, 7.17313718796, 12.0512857437, 19.1292476654, 16.5381984711, 30.763299942, 11.7438964844, 14.4200201035, 13.1744060516, 18.3055915833, 15.5276298523, 14.6541728973, 12.0462989807, 13.4402093887, 9.44318008423, 12.1632461548, 10.5421047211, 12.9860420227, 8.97170352936, 6.71932983398, 5.33003377914, 5.80584716797, 3.83370804787, 2.88253188133, 2.23615264893, 1.64596581459, 0.873694837093, 0.636341810226, 0.263413906097, 0.0434689223766, 0.00178556272294, 5.47452109458e-05, 2.55582544924e-05],
        "dmean2": [0.90018081665, 2.49918627739, 3.30749797821, 9.93896579742, 12.8821001053, 13.3841543198, 11.3746643066, 13.710111618, 11.4046192169, 19.7462120056, 30.1873817444, 23.8250579834, 50.9329872131, 19.1202392578, 22.1637096405, 19.099773407, 27.9535694122, 24.0892105103, 23.1909732819, 19.7353630066, 22.8602657318, 15.3561115265, 19.9223861694, 16.7353439331, 21.1475410461, 14.2489471436, 10.5638656616, 7.94243812561, 9.61207675934, 5.75968647003, 4.59937334061, 3.59865927696, 2.70963835716, 1.28854513168, 0.908816218376, 0.36634105444, 0.0634387284517, 0.00276542780921, 8.05938907433e-05, 3.64378392987e-05],
        "dvar": [0.850927948952, 5.57471847534, 31.9840221405, 231.594619751, 499.6612854, 497.200469971, 192.188552856, 416.654205322, 208.968215942, 1091.25817871, 2201.44287109, 1691.28637695, 9531.81933594, 883.886901855, 2403.06396484, 1621.86779785, 4410.06347656, 1534.04846191, 1236.22045898, 635.433898926, 953.986083984, 462.719848633, 1004.33618164, 500.574798584, 797.97869873, 612.729064941, 260.147796631, 208.506454468, 248.842056274, 137.497116089, 70.1805801392, 43.5659675598, 25.8764629364, 8.05128860474, 4.96964406967, 1.1174390316, 0.0258731748909, 4.38024144387e-05, 3.14967643078e-08, 1.31030641892e-09],
        "dvar2": [1.87062060833, 12.7729263306, 74.2848739624, 594.469360352, 1356.86560059, 1391.9041748, 454.593444824, 854.877319336, 512.058166504, 2862.17260742, 5728.87548828, 3807.01782227, 25378.0234375, 1931.38012695, 5084.85839844, 2755.85693359, 9616.96972656, 3080.89526367, 2702.45507812, 1564.05981445, 2564.58105469, 1033.95458984, 2174.79345703, 918.543579102, 1819.72155762, 1508.39416504, 545.95489502, 359.930755615, 612.955871582, 252.590698242, 153.427520752, 98.6086959839, 60.0617332458, 14.4017314911, 9.72039222717, 1.95802462101, 0.0523108057678, 0.000102111946035, 6.38506492123e-08, 2.47977016699e-09],
        "max": [9.68657016754, 33.1335411072, 156.275604248, 106.007331848, 161.083526611, 158.808349609, 229.345062256, 238.113357544, 124.399497986, 393.655975342, 547.508728027, 775.944885254, 1271.08581543, 382.822235107, 698.484069824, 577.574035645, 880.09954834, 691.802612305, 454.803009033, 225.766784668, 229.14239502, 211.59967041, 356.584899902, 422.727325439, 313.568603516, 477.208068848, 199.841674805, 266.274841309, 124.797676086, 132.985641479, 91.9349136353, 73.8478164673, 57.861907959, 37.7514343262, 28.9048309326, 13.0277290344, 2.40817332268, 0.0857708752155, 0.00239449669607, 0.000381329795346],
        "mean": [1.79528725147, 4.29569196701, 4.1508898735, 6.27159309387, 7.30881071091, 8.10179710388, 13.4934911728, 17.4189243317, 9.06419277191, 13.6041593552, 25.0833568573, 24.1702899933, 30.2746963501, 12.3412799835, 16.563627243, 15.6612758636, 18.0169067383, 16.9894390106, 16.6038951874, 12.7540016174, 11.7561883926, 9.99878311157, 12.363699913, 13.1746587753, 15.0669155121, 10.6026172638, 7.49280071259, 5.71040678024, 4.81778287888, 3.9512257576, 3.05683517456, 2.5828640461, 1.78114295006, 1.05558943748, 0.745234310627, 0.303688973188, 0.0518908165395, 0.00221852841787, 8.97883437574e-05, 7.10813037585e-05],
        "median": [1.27109324932, 2.43322300911, 1.75014650822, 1.07324898243, 0.935489535332, 1.98331165314, 3.88385677338, 2.28998422623, 2.74573206902, 3.12092757225, 4.00206899643, 4.12842082977, 2.12706565857, 1.31631731987, 1.43048524857, 1.45308732986, 1.51251208782, 1.83668911457, 2.2645201683, 2.27146959305, 1.68717968464, 1.82513821125, 1.92011761665, 2.63842797279, 3.26790118217, 2.90272045135, 2.14338874817, 0.985730290413, 0.353958547115, 0.219848766923, 0.172316730022, 0.122637555003, 0.0984999835491, 0.0865107178688, 0.0703255906701, 0.0240607187152, 0.00372598157264, 0.000178588205017, 3.4209824662e-05, 5.29341814399e-05],
        "min": [0.000183991767699, 0.000796850770712, 0.00127327616792, 0.000387618027162, 0.000207052566111, 0.000407859304687, 0.00368663854897, 0.015226396732, 0.00457762554288, 0.00104257382918, 0.000533587066457, 0.000218574088649, 0.000223866023589, 0.000158662529429, 0.000153727960424, 9.78625757853e-05, 0.000175471868715, 0.000244766619289, 0.000480793591123, 0.000271541444818, 0.000193735846551, 0.000254698854405, 0.000376763695385, 0.000497587490827, 0.00044363035704, 0.000277195475064, 0.000141301192343, 7.8971926996e-05, 0.000106346386019, 0.000158440103405, 6.16299876128e-05, 1.9800321752e-05, 1.42838343891e-05, 7.6417973105e-06, 1.11681674753e-06, 5.55519989121e-07, 2.92950403491e-07, 4.12953262696e-08, 7.76836017735e-08, 1.76689781028e-07],
        "var": [3.39582419395, 28.9733028412, 92.8193969727, 200.730743408, 367.400085449, 352.886901855, 526.712158203, 1211.36035156, 282.927886963, 1060.56066895, 3127.61157227, 3308.59277344, 8410.21484375, 1177.03039551, 3081.97192383, 2573.51196289, 4706.30566406, 2363.00585938, 1802.45324707, 753.097900391, 757.623474121, 564.930419922, 1201.32446289, 992.788452148, 1070.37792969, 633.115112305, 339.685821533, 328.766143799, 235.862487793, 200.115386963, 96.6053695679, 67.0216827393, 37.3746490479, 13.6674613953, 7.28656196594, 1.67193055153, 0.0388176478446, 6.44167521386e-05, 5.13030862237e-08, 3.24255089446e-09]
    },
    "gfcc": {
        "mean": [-56.7913589478, 111.614570618, -89.1454772949, 51.5054016113, -41.1893043518, 15.8986129761, -21.6306686401, 21.5142784119, -12.125538826, 15.4585132599, -2.66754841805, -2.65351486206, 2.57777047157],
        "cov": [[9816.33203125, -2069.32275391, -1636.7010498, -437.285217285, -987.31072998, 285.662353516, -856.861938477, 558.09954834, -1125.20568848, 291.61529541, -727.637084961, 252.223327637, -347.163665771], [-2069.32275391, 1892.18029785, 215.904312134, -289.249969482, 501.778778076, -323.323394775, 371.237762451, -297.24609375, 237.357757568, -205.386779785, 146.238128662, -256.399658203, 89.6464233398], [-1636.7010498, 215.904312134, 1320.41174316, 405.28036499, 182.740951538, 31.5290699005, 35.8701133728, -114.614753723, 198.5, -104.746170044, 31.6015872955, -52.468421936, -107.695152283], [-437.285217285, -289.249969482, 405.28036499, 757.790283203, -2.60279631615, 23.9965648651, -83.5744171143, -110.815437317, 174.477294922, -123.443969727, 11.5395812988, -21.874835968, -27.8635463715], [-987.31072998, 501.778778076, 182.740951538, -2.60279631615, 469.117126465, -13.9603872299, 233.897399902, -69.4643783569, 121.913238525, -52.0671424866, 86.2701873779, -65.387840271, 10.0419883728], [285.662353516, -323.323394775, 31.5290699005, 23.9965648651, -13.9603872299, 465.615570068, 49.9959106445, -63.6836662292, 23.2016925812, -81.7918319702, 2.27965569496, 2.00761198997, -90.3483428955], [-856.861938477, 371.237762451, 35.8701133728, -83.5744171143, 233.897399902, 49.9959106445, 404.258728027, -22.929019928, 129.407821655, -42.4980125427, 101.527305603, -50.2238578796, 17.3626232147], [558.09954834, -297.24609375, -114.614753723, -110.815437317, -69.4643783569, -63.6836662292, -22.929019928, 264.632873535, -85.3800735474, 109.043296814, -36.4706954956, 42.3269119263, 16.1167316437], [-1125.20568848, 237.357757568, 198.5, 174.477294922, 121.913238525, 23.2016925812, 129.407821655, -85.3800735474, 346.976806641, -97.8971328735, 108.77583313, -33.409362793, 28.5844593048], [291.61529541, -205.386779785, -104.746170044, -123.443969727, -52.0671424866, -81.7918319702, -42.4980125427, 109.043296814, -97.8971328735, 215.357925415, -0.0356841795146, 39.7350883484, 40.5374298096], [-727.637084961, 146.238128662, 31.6015872955, 11.5395812988, 86.2701873779, 2.27965569496, 101.527305603, -36.4706954956, 108.77583313, -0.0356841795146, 222.747436523, 15.2702798843, 61.3516349792], [252.223327637, -256.399658203, -52.468421936, -21.874835968, -65.387840271, 2.00761198997, -50.2238578796, 42.3269119263, -33.409362793, 39.7350883484, 15.2702798843, 140.224899292, 10.3728122711], [-347.163665771, 89.6464233398, -107.695152283, -27.8635463715, 10.0419883728, -90.3483428955, 17.3626232147, 16.1167316437, 28.5844593048, 40.5374298096, 61.3516349792, 10.3728122711, 157.940567017]],
        "icov": [[0.00034502914059, -0.000183075884706, 0.000392443849705, -0.000264358881395, 0.000194460939383, -0.000384857994504, 0.000321061001159, -0.000555250793695, 0.000576161837671, -0.000145536832861, 0.00046275681234, -0.000391015521018, 0.000651116948575], [-0.000183075884706, 0.00389392278157, -0.000793328508735, 0.00291013577953, -0.00160384597257, 0.00363793666475, -0.00113201211207, 0.00361771974713, -0.000881483138073, 0.00320721697062, -0.00102480780333, 0.00439467374235, -0.0012560125906], [0.000392443849705, -0.000793328508735, 0.00160249241162, -0.00118712766562, 7.49273167457e-05, -0.00087560742395, 0.000626939465292, -0.00106857239734, 0.000391001754906, -0.000795511004981, 0.000563285721, -0.00101689540315, 0.00171203538775], [-0.000264358881395, 0.00291013577953, -0.00118712766562, 0.0041785412468, -0.00108618126251, 0.00282129528932, -0.000266040820861, 0.00307094096206, -0.00167120865081, 0.00300708855502, -0.000874610908795, 0.00337314838544, -0.00125746557023], [0.000194460939383, -0.00160384597257, 7.49273167457e-05, -0.00108618126251, 0.004132558126, -0.00117278820835, -0.00113651063293, -0.00113225285895, 0.000448697683169, -0.0011991589563, 0.000130289743538, -0.00116872147191, 0.000756805005949], [-0.000384857994504, 0.00363793666475, -0.00087560742395, 0.00282129528932, -0.00117278820835, 0.00621995190158, -0.00175092346035, 0.00404632976279, -0.00113555288408, 0.00363932154141, -0.00152842362877, 0.00383571884595, 1.53026376211e-05], [0.000321061001159, -0.00113201211207, 0.000626939465292, -0.000266040820861, -0.00113651063293, -0.00175092346035, 0.00489897932857, -0.00199427595362, -0.000362962193321, -0.00055138533935, -0.000408165855333, -0.000552433775738, 0.000866450427566], [-0.000555250793695, 0.00361771974713, -0.00106857239734, 0.00307094096206, -0.00113225285895, 0.00404632976279, -0.00199427595362, 0.00909026805311, -0.00121552031487, 0.000886178459041, -0.000539470638614, 0.00329979578964, -0.00179707317147], [0.000576161837671, -0.000881483138073, 0.000391001754906, -0.00167120865081, 0.000448697683169, -0.00113555288408, -0.000362962193321, -0.00121552031487, 0.00600119307637, 0.000696431612596, -0.000640264537651, -0.00101829215419, 0.000275103055174], [-0.000145536832861, 0.00320721697062, -0.000795511004981, 0.00300708855502, -0.0011991589563, 0.00363932154141, -0.00055138533935, 0.000886178459041, 0.000696431612596, 0.00996898952872, -0.00172438786831, 0.00291512976401, -0.00223029311746], [0.00046275681234, -0.00102480780333, 0.000563285721, -0.000874610908795, 0.000130289743538, -0.00152842362877, -0.000408165855333, -0.000539470638614, -0.000640264537651, -0.00172438786831, 0.00752582401037, -0.00293274153955, -0.00112636329141], [-0.000391015521018, 0.00439467374235, -0.00101689540315, 0.00337314838544, -0.00116872147191, 0.00383571884595, -0.000552433775738, 0.00329979578964, -0.00101829215419, 0.00291512976401, -0.00293274153955, 0.0136044565588, -0.00177785602864], [0.000651116948575, -0.0012560125906, 0.00171203538775, -0.00125746557023, 0.000756805005949, 1.53026376211e-05, 0.000866450427566, -0.00179707317147, 0.000275103055174, -0.00223029311746, -0.00112636329141, -0.00177785602864, 0.0105468519032]]
    },
    "melbands": {
        "dmean": [0.00420377636328, 0.00127509073354, 0.00103505153675, 0.000545965333004, 0.000258179672528, 0.000200113048777, 0.000109790300485, 0.000156794820214, 0.000148566599819, 0.000112944690045, 0.000155670379172, 4.75990709674e-05, 4.76756649732e-05, 4.37317357864e-05, 3.29662252625e-05, 4.24875834142e-05, 2.77107192233e-05, 2.45647661359e-05, 1.97975023184e-05, 1.62325122801e-05, 1.57278263941e-05, 8.5840229076e-06, 1.45664489537e-05, 8.80188963492e-06, 8.63408149598e-06, 1.09484208224e-05, 8.23960635898e-06, 5.65337450098e-06, 4.75248589282e-06, 3.43283409165e-06, 2.91178866973e-06, 3.60132230526e-06, 2.32872412198e-06, 2.1218791062e-06, 1.67112693816e-06, 1.53773851252e-06, 1.36892720093e-06, 1.28440058234e-06, 8.93160802207e-07, 7.09318896952e-07],
        "dmean2": [0.00608262699097, 0.00200951565057, 0.0017337804893, 0.000958616903517, 0.000405025115469, 0.000309073191602, 0.000173950931639, 0.00025983955129, 0.000229496887187, 0.000160335868713, 0.000257889274508, 7.82671559136e-05, 7.40562318242e-05, 6.36343029328e-05, 5.14231796842e-05, 6.59007055219e-05, 4.32965098298e-05, 3.79599878215e-05, 3.27632114931e-05, 2.7515756301e-05, 2.68953317573e-05, 1.36858388942e-05, 2.46572290052e-05, 1.38125124067e-05, 1.37529668791e-05, 1.76607954927e-05, 1.38989107654e-05, 8.96968231245e-06, 7.81759626989e-06, 5.31999103259e-06, 4.35061792814e-06, 6.09740345681e-06, 3.76518778467e-06, 3.1479135032e-06, 2.6342891033e-06, 2.50521088674e-06, 2.22029689212e-06, 2.12104191633e-06, 1.38581651754e-06, 1.04703394754e-06],
        "dvar": [3.58908437192e-05, 6.94006803315e-06, 7.13431018085e-06, 2.89897843686e-06, 2.3363645596e-07, 1.88187911476e-07, 4.6942130183e-08, 2.03274368005e-07, 1.15607903695e-07, 7.96961288074e-08, 2.42452529164e-07, 1.3703020052e-08, 2.87610557592e-08, 1.63120414953e-08, 1.38075293421e-08, 2.01056025162e-08, 4.56602178289e-09, 3.56380436273e-09, 2.07251105167e-09, 1.28609101147e-09, 1.39998057591e-09, 3.7664996122e-10, 1.37638089814e-09, 6.34823804635e-10, 3.26959320729e-10, 5.87068282876e-10, 3.64724639379e-10, 2.61685728642e-10, 1.4931202108e-10, 7.4060604871e-11, 6.7465734388e-11, 9.90967308212e-11, 4.21829619845e-11, 4.41392582207e-11, 2.33682569822e-11, 1.84089687938e-11, 1.90424290919e-11, 1.79595366356e-11, 7.64297219263e-12, 5.4219974864e-12],
        "dvar2": [7.89392070146e-05, 1.6063100702e-05, 1.80579136213e-05, 8.11986592453e-06, 5.88979389704e-07, 3.96881517872e-07, 1.1405500544e-07, 5.38643348591e-07, 2.8272563668e-07, 1.751049723e-07, 6.42616782898e-07, 2.98883477967e-08, 6.48472422426e-08, 2.92082020792e-08, 2.66572524055e-08, 4.53370354592e-08, 9.30703691893e-09, 7.41747685495e-09, 5.12158537802e-09, 3.38233507868e-09, 3.76068065577e-09, 8.37751812366e-10, 3.35094840764e-09, 1.24898280607e-09, 6.39885755493e-10, 1.20380538871e-09, 9.41881461713e-10, 6.47200681936e-10, 3.48552242624e-10, 1.44836739824e-10, 1.13113629574e-10, 2.53316617682e-10, 8.93573270933e-11, 7.90123313998e-11, 5.12822145859e-11, 4.2368938219e-11, 4.5493709494e-11, 4.5455059855e-11, 1.4996965475e-11, 9.95905788392e-12],
        "max": [0.0640158429742, 0.0607845261693, 0.0183908343315, 0.0127920946106, 0.00706218695268, 0.00469675473869, 0.00180018111132, 0.00459337932989, 0.00407619355246, 0.00484661944211, 0.00652705645189, 0.00142277393024, 0.00243082689121, 0.00162169989198, 0.00136333936825, 0.00186668767128, 0.00124617060646, 0.000742521719076, 0.000672702328302, 0.000297599151963, 0.000280512700556, 0.00022469041869, 0.000356570235454, 0.000357546698069, 0.000340355414664, 0.00048126684851, 0.000197090397705, 0.000316678226227, 0.000148248276673, 0.000153178712935, 0.000133530702442, 8.8061853603e-05, 5.98698206886e-05, 7.56747904234e-05, 5.72299104533e-05, 4.66098790639e-05, 4.49059043603e-05, 5.44583599549e-05, 3.29425020027e-05, 3.04335280816e-05],
        "mean": [0.0123570580035, 0.00326377549209, 0.00112822721712, 0.000534940045327, 0.000448528124252, 0.000393201160477, 0.000135484093335, 0.000175118184416, 0.000207824341487, 0.000162858355907, 0.000151609434397, 4.85055497847e-05, 5.15312531206e-05, 5.36212683073e-05, 3.43022693414e-05, 4.21856530011e-05, 2.96448433801e-05, 2.74396588793e-05, 2.10134112422e-05, 1.46683923958e-05, 1.31704091473e-05, 9.29359612201e-06, 1.27066932691e-05, 9.94797028397e-06, 1.05355484266e-05, 1.23105619423e-05, 8.974823686e-06, 6.55307712805e-06, 4.92308981848e-06, 3.84108579965e-06, 3.0221972338e-06, 2.84868247036e-06, 2.12101917896e-06, 2.2567569431e-06, 1.7034639086e-06, 1.72718648628e-06, 1.52151744715e-06, 1.33033222482e-06, 9.58192458711e-07, 8.52981372645e-07],
        "median": [0.00872544199228, 0.00164340890478, 0.000209694379009, 0.00010138801008, 0.000140908872709, 5.52303281438e-05, 3.64433399227e-05, 2.73592650046e-05, 2.9382554203e-05, 1.99927162612e-05, 7.91926413513e-06, 4.62229627374e-06, 4.40145049652e-06, 3.52436200046e-06, 2.75084721579e-06, 2.45865476245e-06, 3.29123076881e-06, 3.3478804653e-06, 2.80836707134e-06, 2.35671723203e-06, 1.63390961916e-06, 1.64076857345e-06, 1.63098150097e-06, 1.43254248997e-06, 1.85484088888e-06, 2.35360312217e-06, 1.86999545804e-06, 1.71656688508e-06, 1.35858351769e-06, 7.52635116896e-07, 4.31742563478e-07, 1.84924090263e-07, 1.06821900658e-07, 1.1296273783e-07, 1.00404797365e-07, 6.50484750508e-08, 7.73760220341e-08, 6.60470647063e-08, 5.64148088245e-08, 6.3949720186e-08],
