{
"highlevel": {
    "danceability": {
        "all": {
            "danceable": 0.997599363327,
            "not_danceable": 0.00240064156242
        },
        "probability": 0.997599363327,
        "value": "danceable"
    },
    "gender": {
        "all": {
            "female": 0.64194136858,
            "male": 0.35805863142
        },
        "probability": 0.64194136858,
        "value": "female"
    },
    "genre_dortmund": {
        "all": {
            "alternative": 0.142808392644,
            "blues": 0.0529728159308,
            "electronic": 0.0391125157475,
            "folkcountry": 0.0806674584746,
            "funksoulrnb": 0.0175288934261,
            "jazz": 0.0186326317489,
            "pop": 0.192375585437,
            "raphiphop": 0.0121062006801,
            "rock": 0.443795531988
        },
        "probability": 0.443795531988,
        "value": "rock"
    },
    "genre_electronic": {
        "all": {
            "ambient": 0.0840308889747,
            "dnb": 0.0224984399974,
            "house": 0.0121680982411,
            "techno": 0.00611280044541,
            "trance": 0.875189781189
        },
        "probability": 0.875189781189,
        "value": "trance"
    },
    "genre_rosamerica": {
        "all": {
            "cla": 0.0015836925013,
            "dan": 0.478077173233,
            "hip": 0.00410947529599,
            "jaz": 0.00183315353934,
            "pop": 0.0743951052427,
            "rhy": 0.00349909672514,
            "roc": 0.435089468956,
            "spe": 0.00141283986159
        },
        "probability": 0.478077173233,
        "value": "dan"
    },
    "genre_tzanetakis": {
        "all": {
            "blu": 0.0626541376114,
            "cla": 0.0348133966327,
            "cou": 0.0783501937985,
            "dis": 0.104547761381,
            "hip": 0.15693578124,
            "jaz": 0.313987255096,
            "met": 0.044816005975,
            "pop": 0.0627349764109,
            "reg": 0.0627352520823,
            "roc": 0.0784252434969
        },
        "probability": 0.313987255096,
        "value": "jaz"
    },
    "ismir04_rhythm": {
        "all": {
            "ChaChaCha": 0.168017864227,
            "Jive": 0.529134869576,
            "Quickstep": 0.0143533535302,
            "Rumba-American": 0.0148847252131,
            "Rumba-International": 0.0225834678859,
            "Rumba-Misc": 0.00714461458847,
            "Samba": 0.213176742196,
            "Tango": 0.00712413014844,
            "VienneseWaltz": 0.0171929262578,
            "Waltz": 0.00638727564365
        },
        "probability": 0.529134869576,
        "value": "Jive"
    },
    "mood_acoustic": {
        "all": {
            "acoustic": 3.43358578903e-06,
            "not_acoustic": 0.999996542931
        },
        "probability": 0.999996542931,
        "value": "not_acoustic"
    },
    "mood_aggressive": {
        "all": {
            "aggressive": 0.744423985481,
            "not_aggressive": 0.255576014519
        },
        "probability": 0.744423985481,
        "value": "aggressive"
    },
    "mood_electronic": {
        "all": {
            "electronic": 0.719373106956,
            "not_electronic": 0.280626922846
        },
        "probability": 0.719373106956,
        "value": "electronic"
    },
    "mood_happy": {
        "all": {
            "happy": 0.747371971607,
            "not_happy": 0.252628028393
        },
        "probability": 0.747371971607,
        "value": "happy"
    },
    "mood_party": {
        "all": {
            "not_party": 0.192027509212,
            "party": 0.807972490788
        },
        "probability": 0.807972490788,
        "value": "party"
    },
    "mood_relaxed": {
        "all": {
            "not_relaxed": 0.967062473297,
            "relaxed": 0.0329375304282
        },
        "probability": 0.967062473297,
        "value": "not_relaxed"
    },
    "mood_sad": {
        "all": {
            "not_sad": 0.939718127251,
            "sad": 0.0602818951011
        },
        "probability": 0.939718127251,
        "value": "not_sad"
    },
    "moods_mirex": {
        "all": {
            "Cluster1": 0.415574580431,
            "Cluster2": 0.0739747360349,
            "Cluster3": 0.0565807297826,
            "Cluster4": 0.111597880721,
            "Cluster5": 0.34227207303
        },
        "probability": 0.415574580431,
        "value": "Cluster1"
    },
    "timbre": {
        "all": {
            "bright": 0.978916585445,
            "dark": 0.0210834424943
        },
        "probability": 0.978916585445,
        "value": "bright"
    },
    "tonal_atonal": {
        "all": {
            "atonal": 0.117035903037,
            "tonal": 0.882964074612
        },
        "probability": 0.882964074612,
        "value": "tonal"
    },
    "voice_instrumental": {
        "all": {
            "instrumental": 0.0521996133029,
            "voice": 0.947800397873
        },
        "probability": 0.947800397873,
        "value": "voice"
    }
},
"lowlevel": {
    "average_loudness": 0.978150963783,
    "barkbands_crest": {
        "dmean": 2.25440096855,
        "dmean2": 3.18404793739,
        "dvar": 4.68671894073,
        "dvar2": 9.00802326202,
        "max": 23.410823822,
        "mean": 11.1899194717,
        "median": 10.5298557281,
        "min": 3.15540957451,
        "var": 24.2741737366
    },
    "barkbands_flatness_db": {
        "dmean": 0.0148298190907,
        "dmean2": 0.0231003463268,
        "dvar": 0.000231675832765,
        "dvar2": 0.000514849380124,
        "max": 0.20875826478,
        "mean": 0.106090597808,
        "median": 0.103034824133,
        "min": 0.0391798429191,
        "var": 0.000987334060483
    },
    "barkbands_kurtosis": {
        "dmean": 1.73114144802,
        "dmean2": 2.72082638741,
        "dvar": 6.6829624176,
        "dvar2": 16.8779697418,
        "max": 21.7275562286,
        "mean": 2.35167837143,
        "median": 1.17316532135,
        "min": -1.70171070099,
        "var": 13.5768079758
    },
    "barkbands_skewness": {
        "dmean": 0.409592628479,
        "dmean2": 0.619917035103,
        "dvar": 0.204922631383,
        "dvar2": 0.482755661011,
        "max": 4.57359790802,
        "mean": 1.51566767693,
        "median": 1.37133955956,
        "min": -0.721409320831,
        "var": 0.731920301914
    },
    "barkbands_spread": {
        "dmean": 5.55976438522,
        "dmean2": 8.15633678436,
        "dvar": 34.5538139343,
        "dvar2": 67.3476867676,
        "max": 91.4766616821,
        "mean": 32.3339195251,
        "median": 31.4737701416,
        "min": 9.66030788422,
        "var": 128.478973389
    },
    "dissonance": {
        "dmean": 0.0148413302377,
        "dmean2": 0.025010401383,
        "dvar": 0.00021331726748,
        "dvar2": 0.000562435539905,
        "max": 0.49995675683,
        "mean": 0.473246067762,
        "median": 0.479232311249,
        "min": 0.367516994476,
        "var": 0.000422408076702
    },
    "dynamic_complexity": 1.94969892502,
    "erbbands_crest": {
        "dmean": 2.0691754818,
        "dmean2": 3.28040456772,
        "dvar": 4.45280885696,
        "dvar2": 10.0802211761,
        "max": 28.7869968414,
        "mean": 7.52325534821,
        "median": 6.49821233749,
        "min": 2.17802810669,
        "var": 17.0233592987
    },
    "erbbands_flatness_db": {
        "dmean": 0.0114319734275,
        "dmean2": 0.0167515687644,
        "dvar": 9.66690131463e-05,
        "dvar2": 0.000183267402463,
        "max": 0.235892996192,
        "mean": 0.114057511091,
        "median": 0.10508261621,
        "min": 0.0483184717596,
        "var": 0.0011148651829
    },
    "erbbands_kurtosis": {
        "dmean": 0.589603602886,
        "dmean2": 0.869361817837,
        "dvar": 0.53015857935,
        "dvar2": 1.15317094326,
        "max": 15.0705928802,
        "mean": 0.254848718643,
        "median": -0.323736667633,
        "min": -1.5672762394,
        "var": 2.92588472366
    },
    "erbbands_skewness": {
        "dmean": 0.255819916725,
        "dmean2": 0.368908673525,
        "dvar": 0.052126545459,
        "dvar2": 0.111089996994,
        "max": 2.97996973991,
        "mean": 0.21382831037,
        "median": 0.107720918953,
        "min": -1.42730796337,
        "var": 0.342339009047
    },
    "erbbands_spread": {
        "dmean": 8.51233196259,
        "dmean2": 12.7989759445,
        "dvar": 96.2743301392,
        "dvar2": 242.314987183,
        "max": 117.330513,
        "mean": 46.7497406006,
        "median": 47.1779632568,
        "min": 7.35779762268,
        "var": 360.313232422
    },
    "hfc": {
        "dmean": 7.90571928024,
        "dmean2": 11.1072616577,
        "dvar": 82.4004745483,
        "dvar2": 183.177825928,
        "max": 150.363327026,
        "mean": 41.3874969482,
        "median": 40.3664321899,
        "min": 0.23751616478,
        "var": 318.214172363
    },
    "melbands_crest": {
        "dmean": 3.03238844872,
        "dmean2": 4.41751527786,
        "dvar": 11.8553953171,
        "dvar2": 20.5445709229,
        "max": 33.4641838074,
        "mean": 17.0817737579,
        "median": 15.2590560913,
        "min": 4.78192949295,
        "var": 61.7980461121
    },
    "melbands_flatness_db": {
        "dmean": 0.019820984453,
        "dmean2": 0.0305526815355,
        "dvar": 0.000486552075017,
        "dvar2": 0.00110137485899,
        "max": 0.281235188246,
        "mean": 0.164867445827,
        "median": 0.160103365779,
        "min": 0.0395613461733,
        "var": 0.00178867869545
    },
    "melbands_kurtosis": {
        "dmean": 7.49362039566,
        "dmean2": 11.9936103821,
        "dvar": 171.57409668,
        "dvar2": 459.342559814,
        "max": 112.614967346,
        "mean": 14.6773548126,
        "median": 8.66919803619,
        "min": -0.753679513931,
        "var": 305.611938477
    },
    "melbands_skewness": {
        "dmean": 0.760583937168,
        "dmean2": 1.14693820477,
        "dvar": 0.882858037949,
        "dvar2": 2.32717347145,
        "max": 9.58118152618,
        "mean": 3.0467247963,
        "median": 2.72114133835,
        "min": -0.320030659437,
        "var": 2.88878822327
    },
    "melbands_spread": {
        "dmean": 6.05157375336,
        "dmean2": 9.05572605133,
        "dvar": 49.8424453735,
        "dvar2": 103.06438446,
        "max": 130.470474243,
        "mean": 26.3330039978,
        "median": 25.0160598755,
        "min": 4.70245599747,
        "var": 148.676071167
    },
    "pitch_salience": {
        "dmean": 0.0759335681796,
        "dmean2": 0.115996532142,
        "dvar": 0.00699640484527,
        "dvar2": 0.0156746320426,
        "max": 0.919750392437,
        "mean": 0.502420186996,
        "median": 0.500725984573,
        "min": 0.180980235338,
        "var": 0.0209081489593
    },
    "silence_rate_20dB": {
        "dmean": 0,
        "dmean2": 0,
        "dvar": 0,
        "dvar2": 0,
        "max": 1,
        "mean": 1,
        "median": 1,
        "min": 1,
        "var": 0
    },
    "silence_rate_30dB": {
        "dmean": 0.0743034034967,
        "dmean2": 0.148721918464,
        "dvar": 0.068782992661,
        "dvar2": 0.177729412913,
        "max": 1,
        "mean": 0.951276123524,
        "median": 1,
        "min": 0,
        "var": 0.04634943977
    },
    "silence_rate_60dB": {
        "dmean": 0.000773993786424,
        "dmean2": 0.00154918665066,
        "dvar": 0.000773394596763,
        "dvar2": 0.00154678581748,
        "max": 1,
        "mean": 0.0510440841317,
        "median": 0,
        "min": 0,
        "var": 0.0484385490417
    },
    "spectral_centroid": {
        "dmean": 241.127349854,
        "dmean2": 366.740081787,
        "dvar": 64099.8515625,
        "dvar2": 140547.078125,
        "max": 3536.45263672,
        "mean": 1710.73242188,
        "median": 1693.07836914,
        "min": 724.350830078,
        "var": 152481.84375
    },
    "spectral_complexity": {
        "dmean": 3.95433425903,
        "dmean2": 5.83113861084,
        "dvar": 10.5343151093,
        "dvar2": 23.6756305695,
        "max": 58,
        "mean": 28.9512767792,
        "median": 30,
        "min": 0,
        "var": 90.7517242432
    },
    "spectral_decrease": {
        "dmean": 3.3009075473e-09,
        "dmean2": 5.1251176636e-09,
        "dvar": 2.49637020819e-17,
        "dvar2": 6.00583681993e-17,
        "max": -5.83451134628e-11,
        "mean": -1.30993358383e-08,
        "median": -1.23089112236e-08,
        "min": -4.06258955366e-08,
        "var": 4.83328712581e-17
    },
    "spectral_energy": {
        "dmean": 0.0127850556746,
        "dmean2": 0.0198272578418,
        "dvar": 0.000367391301552,
        "dvar2": 0.000882325868588,
        "max": 0.157944217324,
        "mean": 0.0531937554479,
        "median": 0.0505029521883,
        "min": 0.000241751477006,
        "var": 0.000724290497601
    },
    "spectral_energyband_high": {
        "dmean": 0.000587464834098,
        "dmean2": 0.000803466071375,
        "dvar": 7.10720939878e-07,
        "dvar2": 1.3686147895e-06,
        "max": 0.0149355921894,
        "mean": 0.00243993918411,
        "median": 0.00219167838804,
        "min": 7.13051576895e-06,
        "var": 2.41404495682e-06
    },
    "spectral_energyband_low": {
        "dmean": 0.0115551231429,
        "dmean2": 0.0184992346913,
        "dvar": 0.000402193603804,
        "dvar2": 0.00107042852324,
        "max": 0.136254474521,
        "mean": 0.0284348335117,
        "median": 0.0212140511721,
        "min": 1.89046488686e-07,
        "var": 0.000604184926488
    },
    "spectral_energyband_middle_high": {
        "dmean": 0.00247957604006,
        "dmean2": 0.00376817840151,
        "dvar": 7.58313899496e-06,
        "dvar2": 1.65409746842e-05,
        "max": 0.043343808502,
        "mean": 0.00954596884549,
        "median": 0.00831102021039,
        "min": 5.01318718307e-05,
        "var": 4.34979010606e-05
    },
    "spectral_energyband_middle_low": {
        "dmean": 0.00635120598599,
        "dmean2": 0.0104617914185,
        "dvar": 0.00011269973038,
        "dvar2": 0.000312740739901,
        "max": 0.0753845050931,
        "mean": 0.0145435407758,
        "median": 0.0124933291227,
        "min": 4.11281616834e-05,
        "var": 0.000130286425701
    },
    "spectral_entropy": {
        "dmean": 0.0933784171939,
        "dmean2": 0.141991600394,
        "dvar": 0.0067671444267,
        "dvar2": 0.016091613099,
        "max": 8.6611995697,
        "mean": 8.00565910339,
        "median": 8.01162433624,
        "min": 7.4845085144,
        "var": 0.0292231924832
    },
    "spectral_flux": {
        "dmean": 0.0322097353637,
        "dmean2": 0.0498223565519,
        "dvar": 0.00202575791627,
        "dvar2": 0.00297147990204,
        "max": 0.35391664505,
        "mean": 0.110994510353,
        "median": 0.0958471745253,
        "min": 0.0038463876117,
        "var": 0.00450385082513
    },
    "spectral_kurtosis": {
        "dmean": 0.551509201527,
        "dmean2": 0.888164699078,
        "dvar": 0.229654371738,
        "dvar2": 0.568000137806,
        "max": 9.79323959351,
        "mean": 2.35146450996,
        "median": 2.24231910706,
        "min": -0.529901981354,
        "var": 0.843979418278
    },
    "spectral_rms": {
        "dmean": 0.000807272270322,
        "dmean2": 0.00122791004833,
        "dvar": 1.13649116429e-06,
        "dvar2": 2.64029335995e-06,
        "max": 0.0124133769423,
        "mean": 0.00689664529637,
        "median": 0.00701934285462,
        "min": 0.000485649157781,
        "var": 4.33258810517e-06
    },
    "spectral_rolloff": {
        "dmean": 479.83102417,
        "dmean2": 745.457275391,
        "dvar": 533900.5625,
        "dvar2": 1007539.625,
        "max": 10938.8671875,
        "mean": 1532.06994629,
        "median": 1356.59179688,
        "min": 64.599609375,
        "var": 1213025.25
    },
    "spectral_skewness": {
        "dmean": 0.116954699159,
        "dmean2": 0.184475198388,
        "dvar": 0.00959656201303,
        "dvar2": 0.0241810251027,
        "max": 2.57724285126,
        "mean": 1.30750095844,
        "median": 1.28817391396,
        "min": 0.467814326286,
        "var": 0.0468432195485
    },
    "spectral_spread": {
        "dmean": 420301.625,
        "dmean2": 646570.5625,
        "dvar": 143495921664,
        "dvar2": 290164178944,
        "max": 10912492,
        "mean": 5953381,
        "median": 5929751,
        "min": 2962814.25,
        "var": 737051410432
    },
    "spectral_strongpeak": {
        "dmean": 0.400909364223,
        "dmean2": 0.691896796227,
        "dvar": 0.809797167778,
        "dvar2": 1.97447514534,
        "max": 9.26179599762,
        "mean": 0.764769256115,
        "median": 0.498209774494,
        "min": 0,
        "var": 1.1273727417
    },
    "zerocrossingrate": {
        "dmean": 0.0112947160378,
        "dmean2": 0.0132785271853,
        "dvar": 0.000143822602695,
        "dvar2": 0.00018183242355,
        "max": 0.2578125,
        "mean": 0.0737701207399,
        "median": 0.07080078125,
        "min": 0.015625,
        "var": 0.000753729196731
    },
    "barkbands": {
        "dmean": [0.00059166608844, 0.00703314878047, 0.00644516712055, 0.00216158432886, 0.00312375789508, 0.00144935178105, 0.000903404608835, 0.00104360328987, 0.000517292355653, 0.000751399726141, 0.000790382619016, 0.000971068337094, 0.000482622184791, 0.000556289800443, 0.00037683712435, 0.000270926218946, 0.000444599805633, 0.000269368349109, 0.000209117963095, 0.000161149306223, 0.000126907252707, 0.000165601522895, 0.000162679891218, 0.00013899053738, 0.000138573770528, 8.35481550894e-05, 3.77236290205e-07],
        "dmean2": [0.000796937441919, 0.00998242292553, 0.0118705676869, 0.00366560090333, 0.00545773794875, 0.00236669578589, 0.00145242433064, 0.00158881326206, 0.000876703648828, 0.00116569385864, 0.00110281957313, 0.00145201326814, 0.000758813170251, 0.000877807324287, 0.000590176321566, 0.000435547350207, 0.000716792186722, 0.000440760370111, 0.000335255404934, 0.000255726248724, 0.000199440444703, 0.00025805021869, 0.000249277742114, 0.000214195679291, 0.000206311407965, 0.000128586252686, 6.55008307149e-07],
        "dvar": [5.52933101972e-07, 9.00654122233e-05, 0.000333213480189, 1.4405379261e-05, 4.22748234996e-05, 5.58725332667e-06, 2.81092275145e-06, 3.0765286283e-06, 9.15375721888e-07, 1.87930788798e-06, 2.49875097325e-06, 3.68478390556e-06, 5.4586951137e-07, 1.01286559584e-06, 3.20028618717e-07, 3.24081639747e-07, 3.9572694277e-07, 1.19676542454e-07, 7.59576721521e-08, 3.26320126476e-08, 2.57096051115e-08, 4.50896280313e-08, 5.73197844744e-08, 4.47252510583e-08, 7.24771709315e-08, 1.38385978232e-08, 6.84274793945e-13],
        "dvar2": [1.00868442132e-06, 0.000164447643328, 0.000947112275753, 3.96615541831e-05, 0.000118959869724, 1.4820103388e-05, 6.89551234245e-06, 5.82297343499e-06, 2.36168602896e-06, 4.08676214647e-06, 4.29415331382e-06, 7.98701512394e-06, 1.18875402677e-06, 2.37165340877e-06, 6.73941769946e-07, 7.89108128174e-07, 9.7530153198e-07, 2.98149274158e-07, 1.80944937256e-07, 8.05959743388e-08, 5.99610103791e-08, 1.03585875877e-07, 1.21286390709e-07, 9.93867530497e-08, 1.61653076702e-07, 3.36582921534e-08, 1.8350843848e-12],
        "max": [0.00689281197265, 0.0857874453068, 0.101209037006, 0.0300850141793, 0.044168818742, 0.0263791158795, 0.0220826119184, 0.0219348426908, 0.0126262577251, 0.0228686481714, 0.024541515857, 0.0371441729367, 0.00829208642244, 0.0194992832839, 0.00790738500655, 0.00935470592231, 0.00931875035167, 0.00523499166593, 0.00414679991081, 0.0026554337237, 0.00245579844341, 0.00329675688408, 0.00514548225328, 0.00359986862168, 0.00602980703115, 0.00185968657024, 9.68924814515e-06],
        "mean": [0.00131017062813, 0.0203629173338, 0.00527804996818, 0.00306795001961, 0.00390066951513, 0.00258585833944, 0.0016660989495, 0.00195539579727, 0.000726339931134, 0.0012943680631, 0.00147227128036, 0.00176276662387, 0.000838275824208, 0.000987861538306, 0.000740385439713, 0.000524214992765, 0.000899202015717, 0.000604611181188, 0.00052462622989, 0.000433974928455, 0.000387722830055, 0.00048215262359, 0.000433990790043, 0.000393036636524, 0.000366344087524, 0.000194183638087, 3.6052864516e-07],
        "median": [0.000412990542827, 0.0146788274869, 0.00139810238034, 0.000960206263699, 0.001852039597, 0.00153138313908, 0.000611098250374, 0.000598086160608, 0.000329354923451, 0.000547073199414, 0.000431202002801, 0.00067307514837, 0.000442143646069, 0.000494906154927, 0.000497081666254, 0.000347361434251, 0.000611360475887, 0.000484982243506, 0.000431654421845, 0.00037480937317, 0.000348267087247, 0.000407249724958, 0.000368617475033, 0.000320813298458, 0.000280565553112, 0.000157431786647, 1.33232404664e-07],
        "min": [2.14603756987e-09, 1.2781129044e-08, 4.84622963981e-09, 1.15552936109e-08, 9.57645696076e-08, 5.98123642703e-06, 5.30611850991e-06, 1.36976859721e-06, 1.50779200681e-07, 1.05161950614e-06, 1.53765267896e-06, 3.25062069351e-06, 2.23132792598e-06, 3.40427982337e-06, 2.18116747419e-06, 6.75032254094e-07, 3.22486403093e-06, 1.65122548879e-06, 7.18678620615e-07, 1.07485334411e-06, 1.31617127863e-06, 1.65696292243e-06, 5.28195300831e-07, 4.31121179645e-07, 5.2038302556e-08, 3.40612746341e-11, 5.86860464738e-12],
        "var": [2.3868833523e-06, 0.000307389389491, 0.000199529429665, 1.97776935238e-05, 3.70308443962e-05, 8.73470344231e-06, 6.00647081228e-06, 9.51697529672e-06, 1.49571246766e-06, 3.83778524338e-06, 9.19354442885e-06, 1.43779234349e-05, 1.23528059248e-06, 2.17407000491e-06, 7.10932511083e-07, 4.76050388443e-07, 9.1038583605e-07, 2.45910456442e-07, 1.68268911693e-07, 9.35770927413e-08, 6.74578259918e-08, 1.51990079189e-07, 1.20037697116e-07, 1.07143307559e-07, 1.32740112235e-07, 2.8585111167e-08, 5.8609177624e-13]
    },
    "erbbands": {
        "dmean": [0.26634323597, 1.57530879974, 6.40983867645, 7.88135004044, 8.12009906769, 10.8548603058, 10.487030983, 12.421377182, 15.2662248611, 11.635392189, 26.2306842804, 11.5992288589, 22.4928359985, 23.2688770294, 25.9897384644, 43.9009895325, 22.975944519, 27.8905124664, 19.5893344879, 16.7974472046, 16.4191646576, 22.4521656036, 14.8028249741, 11.2850484848, 9.49966144562, 7.17214870453, 5.1066493988, 5.43588495255, 6.68056344986, 4.75348901749, 4.79106855392, 3.41279983521, 2.21601486206, 1.70564138889, 1.04717969894, 0.45019993186, 0.166370734572, 0.0166427753866, 0.000300553947454, 2.58717118413e-05],
        "dmean2": [0.338385432959, 2.34933495522, 11.5251779556, 14.2151012421, 13.2647638321, 19.5649986267, 18.3149681091, 20.0764789581, 24.2873497009, 18.2270774841, 39.663444519, 19.1958255768, 34.968963623, 36.2260169983, 37.6160545349, 65.842300415, 36.1631011963, 43.7609710693, 30.6372146606, 26.7807407379, 25.5905647278, 36.2722892761, 23.8244876862, 18.0159034729, 15.6835803986, 11.366353035, 8.01099681854, 8.70769500732, 10.251042366, 7.64359760284, 7.36478900909, 5.28892755508, 3.43285274506, 2.55270934105, 1.61024963856, 0.688857495785, 0.264239549637, 0.0274208653718, 0.000481041060993, 3.95071583625e-05],
        "dvar": [0.171539068222, 4.65491724014, 289.90737915, 352.831329346, 209.079193115, 575.857177734, 585.114440918, 399.325317383, 693.954345703, 473.909545898, 2178.36816406, 369.057647705, 2015.75769043, 2319.76000977, 2213.5324707, 8643.140625, 1194.5736084, 2224.15917969, 1316.72802734, 679.370239258, 876.370178223, 1008.37512207, 362.737823486, 269.934661865, 123.196670532, 54.1319961548, 36.4394798279, 50.4983673096, 89.9768829346, 30.7085399628, 53.4038124084, 30.7721443176, 10.4267692566, 6.81266641617, 5.03929853439, 0.55478656292, 0.0449303761125, 0.000457316637039, 1.44078967423e-07, 1.23290810894e-09],
        "dvar2": [0.225791022182, 10.9753513336, 811.046875, 1019.84844971, 531.055114746, 1652.09118652, 1659.66882324, 1034.13317871, 1709.71398926, 1134.6673584, 4042.74584961, 971.712524414, 4421.83251953, 4890.12695312, 4147.25292969, 18531.2226562, 2630.27392578, 5020.56835938, 2924.87475586, 1491.0760498, 2028.8170166, 2467.41650391, 891.145141602, 610.578063965, 297.596099854, 138.104003906, 80.6912994385, 124.477378845, 202.228622437, 73.0648880005, 110.222900391, 68.8274383545, 22.55859375, 14.0393199921, 11.9458942413, 1.32982826233, 0.111741401255, 0.00115584104788, 3.53375725126e-07, 3.07930458909e-09],
        "max": [3.42356300354, 20.2749290466, 94.2248840332, 119.37399292, 166.668762207, 164.71232605, 228.572692871, 215.086227417, 270.434112549, 348.981994629, 596.917114258, 233.453170776, 852.055541992, 804.821289062, 882.946289062, 1861.85754395, 429.506866455, 679.567199707, 726.816467285, 518.3203125, 454.006866455, 439.0519104, 265.27243042, 267.013824463, 142.460906982, 89.8102798462, 83.7193374634, 111.068466187, 172.817550659, 87.8885803223, 148.854980469, 98.7414703369, 51.6967315674, 51.6700706482, 51.0628700256, 15.0507001877, 2.75974035263, 0.23717084527, 0.00497223855928, 0.00045267236419],
        "mean": [0.774811565876, 3.74995064735, 6.42740058899, 8.8198890686, 12.3297748566, 12.1161565781, 13.3398132324, 22.0847225189, 27.5305423737, 23.0553874969, 49.0788841248, 19.0883846283, 38.5905761719, 46.2508621216, 53.0823478699, 82.2595367432, 44.3473701477, 52.7990455627, 38.9915008545, 35.4067077637, 36.6050682068, 47.7990570068, 36.2819137573, 28.539352417, 25.3139705658, 20.0972690582, 15.7610235214, 15.5834255219, 18.4936447144, 13.5574445724, 12.4188117981, 9.1991109848, 6.04905414581, 4.43568086624, 2.41879224777, 1.046474576, 0.335691779852, 0.0266848281026, 0.000589426781517, 9.80920012807e-05],
        "median": [0.286786973476, 2.83072328568, 2.13412451744, 2.49777603149, 5.32654094696, 5.52310085297, 5.98467731476, 12.4217166901, 13.5915708542, 9.4207611084, 14.8237400055, 11.6350708008, 17.1114025116, 17.3693675995, 23.2594032288, 31.6460533142, 24.9956817627, 28.4260787964, 22.7219791412, 26.5868473053, 24.1693191528, 33.1047821045, 29.6053695679, 22.6711578369, 21.1558971405, 17.0624160767, 14.1819515228, 14.0249881744, 14.8303642273, 11.7592802048, 10.0589103699, 7.59476995468, 4.74445009232, 3.43734240532, 1.82452130318, 0.833668708801, 0.258251577616, 0.019054191187, 0.000456162233604, 9.26335342228e-05],
        "min": [6.93509264238e-07, 1.74002013864e-06, 9.62458670983e-06, 5.35562139703e-05, 0.0001920547802, 0.000657231372315, 0.011522391811, 0.0551963634789, 0.147295385599, 0.0614186674356, 0.0437814742327, 0.0191156603396, 0.0172969102859, 0.0427746996284, 0.0796499624848, 0.132205501199, 0.211636036634, 0.24554592371, 0.170159310102, 0.0840122178197, 0.219354018569, 0.180576205254, 0.11042598635, 0.0565302819014, 0.0350807197392, 0.05078522861, 0.0426681339741, 0.0636183023453, 0.0573962070048, 0.0264672543854, 0.0148613052443, 0.0096906805411, 0.00518689863384, 0.00153460726142, 0.000186373654287, 5.21119545738e-05, 2.02040860131e-06, 1.82635730539e-07, 1.92911628005e-07, 3.06327592625e-07],
        "var": [0.751985132694, 11.7990055084, 191.759552002, 240.942550659, 305.187438965, 429.654693604, 509.837249756, 686.867553711, 1337.01806641, 1545.40441895, 6599.58789062, 640.820068359, 4012.91064453, 6445.05126953, 8014.65332031, 34130.71875, 2978.31469727, 4912.25585938, 2749.07983398, 1403.19116211, 1986.84631348, 2332.81274414, 822.09387207, 641.08416748, 320.134887695, 174.848480225, 113.868087769, 109.930633545, 300.290496826, 74.7187728882, 116.321212769, 66.0094833374, 25.76770401, 16.6351528168, 7.33158540726, 0.943877279758, 0.0955108702183, 0.000790837279055, 2.85968184244e-07, 2.51374410176e-09]
    },
    "gfcc": {
        "mean": [70.361946106, 56.6838035583, -108.175605774, 39.6681251526, -55.5464172363, 32.3424110413, -39.5067710876, 19.4204444885, -24.5888233185, 12.5432491302, -13.446805954, 11.2010717392, -12.1980371475],
        "cov": [[4513.51416016, 117.495124817, 1190.40686035, 595.07220459, 452.095245361, 63.3321113586, 202.045562744, 250.530990601, -127.879150391, -44.6750869751, -275.827453613, 45.8895072937, -225.606567383], [117.495124817, 207.889633179, 0.0191490724683, 8.27514839172, -31.9610099792, -5.85562992096, 34.73853302, 6.81494665146, 16.9250926971, -37.4163093567, -11.009768486, -33.998916626, 2.22371697426], [1190.40686035, 0.0191490724683, 514.364257812, 265.146453857, 145.72277832, -0.210604906082, 28.8271179199, 46.7355613708, -32.6459960938, 3.19196629524, -96.0625152588, 15.9961719513, -80.1515426636], [595.07220459, 8.27514839172, 265.146453857, 351.988647461, 112.586532593, -14.9121990204, -59.0056343079, 1.07988750935, 31.1114768982, 6.89378166199, -25.9756946564, -25.2528953552, -15.1678266525], [452.095245361, -31.9610099792, 145.72277832, 112.586532593, 187.256729126, 67.2453765869, 49.5604171753, 48.5222244263, -3.76658987999, 8.10286331177, -23.262424469, 29.739112854, -4.08359289169], [63.3321113586, -5.85562992096, -0.210604906082, -14.9121990204, 67.2453765869, 147.646820068, 116.896934509, 58.413318634, 2.02351355553, 0.875698328018, 26.8829116821, 16.9061374664, 30.7067012787], [202.045562744, 34.73853302, 28.8271179199, -59.0056343079, 49.5604171753, 116.896934509, 211.228637695, 115.336723328, 9.74926948547, 6.86310577393, 29.2161254883, 49.3327827454, 8.3064661026], [250.530990601, 6.81494665146, 46.7355613708, 1.07988750935, 48.5222244263, 58.413318634, 115.336723328, 139.099411011, 70.6147842407, 36.7441902161, 22.3557281494, 26.2106800079, 2.006057024], [-127.879150391, 16.9250926971, -32.6459960938, 31.1114768982, -3.76658987999, 2.02351355553, 9.74926948547, 70.6147842407, 141.31703186, 65.4849700928, 44.890411377, -1.90980255604, 17.6293106079], [-44.6750869751, -37.4163093567, 3.19196629524, 6.89378166199, 8.10286331177, 0.875698328018, 6.86310577393, 36.7441902161, 65.4849700928, 85.4864578247, 50.1020927429, 17.9191970825, -2.7601442337], [-275.827453613, -11.009768486, -96.0625152588, -25.9756946564, -23.262424469, 26.8829116821, 29.2161254883, 22.3557281494, 44.890411377, 50.1020927429, 109.922599792, 37.8492736816, 35.1162261963], [45.8895072937, -33.998916626, 15.9961719513, -25.2528953552, 29.739112854, 16.9061374664, 49.3327827454, 26.2106800079, -1.90980255604, 17.9191970825, 37.8492736816, 94.4962463379, 36.9434013367], [-225.606567383, 2.22371697426, -80.1515426636, -15.1678266525, -4.08359289169, 30.7067012787, 8.3064661026, 2.006057024, 17.6293106079, -2.7601442337, 35.1162261963, 36.9434013367, 90.6359329224]],
        "icov": [[0.000874279881828, -0.000959156721365, -0.00100405921694, -0.000584125227761, -0.00025221784017, -0.000408187275752, 0.000882560794707, -0.00236169272102, 0.00172188796569, -0.000525724317413, 0.000946625019424, -0.001054239925, 0.00102441455238], [-0.000959156721365, 0.00916105601937, -0.000791814993136, 0.00153004704043, -9.63724960457e-05, 0.00486861355603, -0.00685162562877, 0.00596831273288, -0.006424352061, 0.00712391920388, -0.00422896211967, 0.00717592099681, -0.00403429102153], [-0.00100405921694, -0.000791814993136, 0.00956076383591, -0.00613692309707, 0.00205433205701, -0.00219152448699, -0.000515365274623, -0.000531403929926, 0.00250692130066, -0.00552610727027, 0.00779276806861, -0.00685612251982, 0.00496141798794], [-0.000584125227761, 0.00153004704043, -0.00613692309707, 0.0104959355667, -0.00526002468541, 0.00335993431509, 0.000728758226614, 0.00406089005992, -0.00598085438833, 0.0061141429469, -0.00869722291827, 0.0085656484589, -0.00546622648835], [-0.00025221784017, -9.63724960457e-05, 0.00205433205701, -0.00526002468541, 0.0131405880675, -0.00830445066094, 0.00256290077232, -0.00317786727101, 0.00228137848899, -0.00400630896911, 0.007301567588, -0.00826999079436, 0.00352815329097], [-0.000408187275752, 0.00486861355603, -0.00219152448699, 0.00335993431509, -0.00830445066094, 0.0233836956322, -0.0148938875645, 0.00507376389578, -0.00166513130534, 0.00418365886435, -0.00893674045801, 0.0154343806207, -0.0119322370738], [0.000882560794707, -0.00685162562877, -0.000515365274623, 0.000728758226614, 0.00256290077232, -0.0148938875645, 0.0247490219772, -0.0179606582969, 0.00760892266408, -0.000679710763507, 0.00124754954595, -0.0121505716816, 0.00829045567662], [-0.00236169272102, 0.00596831273288, -0.000531403929926, 0.00406089005992, -0.00317786727101, 0.00507376389578, -0.0179606582969, 0.0334852896631, -0.0196421500295, 0.0039606904611, -0.00348940398544, 0.00651695672423, -0.00413585314527], [0.00172188796569, -0.006424352061, 0.00250692130066, -0.00598085438833, 0.00228137848899, -0.00166513130534, 0.00760892266408, -0.0196421500295, 0.0271611511707, -0.0172867197543, 0.00507079204544, -0.00196274206974, -0.000910055998247], [-0.000525724317413, 0.00712391920388, -0.00552610727027, 0.0061141429469, -0.00400630896911, 0.00418365886435, -0.000679710763507, 0.0039606904611, -0.0172867197543, 0.0360838100314, -0.0182126853615, 0.00414157565683, 0.00285917846486], [0.000946625019424, -0.00422896211967, 0.00779276806861, -0.00869722291827, 0.007301567588, -0.00893674045801, 0.00124754954595, -0.00348940398544, 0.00507079204544, -0.0182126853615, 0.0303156971931, -0.01639669016, 0.00461226981133], [-0.001054239925, 0.00717592099681, -0.00685612251982, 0.0085656484589, -0.00826999079436, 0.0154343806207, -0.0121505716816, 0.00651695672423, -0.00196274206974, 0.00414157565683, -0.01639669016, 0.034828979522, -0.019397828728], [0.00102441455238, -0.00403429102153, 0.00496141798794, -0.00546622648835, 0.00352815329097, -0.0119322370738, 0.00829045567662, -0.00413585314527, -0.000910055998247, 0.00285917846486, 0.00461226981133, -0.019397828728, 0.0270717311651]]
    },
    "melbands": {
        "dmean": [0.00206822482869, 0.00276989326812, 0.00131951004732, 0.000685489852913, 0.000398625998059, 0.000284015230136, 0.000222840084461, 0.000137909708428, 0.000204218493309, 6.96118440828e-05, 0.000113825059088, 9.33874980547e-05, 0.000107198458863, 0.000114350841613, 6.2998435169e-05, 5.31895857421e-05, 5.65499940421e-05, 3.53350333171e-05, 2.2900148906e-05, 2.04389707505e-05, 2.14154824789e-05, 2.41336492763e-05, 2.24771647481e-05, 1.1409558283e-05, 1.02645872175e-05, 8.65989386512e-06, 6.73934846418e-06, 4.90520869789e-06, 3.72905424229e-06, 3.71097371499e-06, 3.36795392286e-06, 4.21630466008e-06, 3.49155470758e-06, 2.89764739136e-06, 3.05197477246e-06, 2.86352587864e-06, 2.02469891519e-06, 1.73004718818e-06, 1.59081946549e-06, 1.60293336648e-06],
        "dmean2": [0.00283103412949, 0.00479123415425, 0.00232370430604, 0.00117672677152, 0.00070581008913, 0.000456236070022, 0.000351463037077, 0.000217565800995, 0.000308998685796, 0.000116081064334, 0.000178061192855, 0.000145949175931, 0.000149964456796, 0.000170660568983, 9.95138689177e-05, 8.24165908853e-05, 8.90601222636e-05, 5.52266465093e-05, 3.61702368536e-05, 3.34496107826e-05, 3.41886589013e-05, 3.90666500607e-05, 3.64981860912e-05, 1.83184329217e-05, 1.65411911439e-05, 1.39891735671e-05, 1.06805073301e-05, 7.88600846136e-06, 6.01276860834e-06, 6.04623619438e-06, 5.49813330508e-06, 6.61316789774e-06, 5.60632815905e-06, 4.80069365949e-06, 4.77454614156e-06, 4.52260701422e-06, 3.24515099237e-06, 2.77373965218e-06, 2.43354520535e-06, 2.4648136332e-06],
        "dvar": [8.78591526998e-06, 3.84968479921e-05, 8.176002666e-06, 1.8351597646e-06, 8.47852618335e-07, 2.01982814474e-07, 1.42654670299e-07, 5.13530942214e-08, 1.29491368739e-07, 1.36080284818e-08, 5.10836883905e-08, 3.66149066622e-08, 4.49210126874e-08, 5.39511475495e-08, 1.2034131025e-08, 7.83385356584e-09, 9.42948918947e-09, 5.0166977239e-09, 1.04251085542e-09, 1.45223011394e-09, 1.45783873862e-09, 1.1216728657e-09, 1.31345356813e-09, 1.71366393298e-10, 2.40460873435e-10, 1.04250816313e-10, 7.41687197769e-11, 2.5908419507e-11, 1.87920616568e-11, 2.13734707016e-11, 1.79009689016e-11, 3.34521854661e-11, 2.0687819513e-11, 1.20082103983e-11, 1.95089899097e-11, 2.69856654384e-11, 7.63377468876e-12, 5.83757521488e-12, 4.87225667797e-12, 5.67611496e-12],
        "dvar2": [1.35652344397e-05, 0.000105963619717, 2.31440390053e-05, 5.09180199515e-06, 2.44172338171e-06, 5.20847322605e-07, 3.49649610598e-07, 1.22390318325e-07, 2.51783944805e-07, 3.49194380078e-08, 1.12578923961e-07, 7.79857742828e-08, 7.59893765689e-08, 1.14998648826e-07, 2.63830894909e-08, 1.69050355936e-08, 2.12697361945e-08, 1.13062270657e-08, 2.26294205596e-09, 3.45557871206e-09, 3.53271634168e-09, 2.77785439096e-09, 3.30530092185e-09, 4.11519540666e-10, 5.60623603096e-10, 2.55428400653e-10, 1.76673842223e-10, 6.59556506633e-11, 4.35821830014e-11, 4.95975829851e-11, 4.64707508585e-11, 7.50894485479e-11, 5.26175283899e-11, 2.86277702932e-11, 4.10169606613e-11, 6.10734657291e-11, 1.73416107863e-11, 1.33425727064e-11, 1.05541990078e-11, 1.18331976162e-11],
        "max": [0.0242096781731, 0.0349871404469, 0.0180871654302, 0.00940993707627, 0.00765024498105, 0.00477839075029, 0.00436150468886, 0.00315327243879, 0.00437252735719, 0.00161115056835, 0.00430193729699, 0.00311252032407, 0.00377189274877, 0.00451286369935, 0.00197767582722, 0.00100937404204, 0.00151370151434, 0.00170014426112, 0.000522605609149, 0.000456708250567, 0.000582537904847, 0.000453856802778, 0.000629403220955, 0.000188050064025, 0.000245801988058, 0.000150797786773, 0.000151484578964, 6.69998189551e-05, 6.45193576929e-05, 8.1993661297e-05, 6.81429883116e-05, 0.000107988984382, 7.61949486332e-05, 6.56872580294e-05, 8.86807974894e-05, 9.54549032031e-05, 4.04068196076e-05, 3.49525544152e-05, 3.0482045986e-05, 4.71349048894e-05],
        "mean": [0.00610346673056, 0.00396463274956, 0.00165395450313, 0.000897070567589, 0.000480838963995, 0.000513412582222, 0.000410007254686, 0.000261548702838, 0.000369511399185, 0.000107469539216, 0.000189288315596, 0.000177047055331, 0.00020397802291, 0.000203852498089, 0.000124948986922, 9.27311702981e-05, 0.00010015143198, 6.37430421193e-05, 4.72052270197e-05, 4.13240013586e-05, 4.39649120381e-05, 4.88382502226e-05, 4.54021210317e-05, 2.64920490736e-05, 2.22977250814e-05, 1.97062145162e-05, 1.65372694028e-05, 1.22527835629e-05, 9.88770079857e-06, 9.43857321545e-06, 8.72159944265e-06, 1.07287105493e-05, 8.73759290698e-06, 7.23813036529e-06, 7.20616571925e-06, 6.78772039464e-06, 5.09877781951e-06, 4.13347470385e-06, 3.99718010158e-06, 3.70743782696e-06],
        "median": [0.0035575046204, 0.00205350317992, 0.000593488453887, 0.000420001160819, 0.000213972947677, 0.000298762170132, 0.000201576986001, 0.000106344356027, 0.000112047040602, 5.55734804948e-05, 8.0580553913e-05, 6.42777158646e-05, 6.96874340065e-05, 7.68106474425e-05, 6.22594016022e-05, 4.64630393253e-05, 4.84426891489e-05, 3.28206369886e-05, 3.34972901328e-05, 2.9572589483e-05, 2.80109452433e-05, 3.21544903272e-05, 3.32937161147e-05, 2.16327644011e-05, 1.66442496266e-05, 1.60003401106e-05, 1.33078801809e-05, 1.05117997009e-05, 8.4528746811e-06, 8.23816753837e-06, 7.65731329011e-06, 8.34099500935e-06, 7.19142553862e-06, 6.24126596449e-06, 5.62194236409e-06, 5.39002985533e-06, 4.21053982791e-06, 3.20201138493e-06, 3.14414251079e-06, 2.77700496554e-06],
        "min": [6.95493262981e-09, 2.43892217533e-09, 1.17972831504e-08, 1.85776087847e-08, 4.72286387776e-08, 1.34560514198e-06, 1.51029666995e-06, 6.04805222792e-07, 3.07956781853e-07, 2.92326998164e-08, 7.6124649695e-08, 1.5622119065e-07, 2.05144957022e-07, 3.80669831657e-07, 4.29848057593e-07, 3.25003185253e-07, 3.67507766441e-07, 1.03306703636e-07, 1.57977112281e-07, 5.09290352113e-08, 1.3955053646e-07, 1.81752938033e-07, 9.40968547525e-08, 6.19876132646e-08, 3.22940145736e-08, 3.13998747004e-08, 2.14650874852e-08, 2.09945234531e-08, 2.08849204597e-08, 2.19955786918e-08, 2.92710158334e-08, 2.93906516902e-08, 1.92456077741e-08, 6.12850836745e-09, 7.3718444682e-09, 4.57164306411e-09, 3.51519502395e-09, 3.51703333124e-09, 2.04012140514e-09, 3.2493033264e-10],
