{
"highlevel": {
    "danceability": {
        "all": {
            "danceable": 0.775049626827,
            "not_danceable": 0.224950358272
        },
        "probability": 0.775049626827,
        "value": "danceable"
    },
    "gender": {
        "all": {
            "female": 0.255801260471,
            "male": 0.744198739529
        },
        "probability": 0.744198739529,
        "value": "male"
    },
    "genre_dortmund": {
        "all": {
            "alternative": 0.0754390284419,
            "blues": 0.0811044946313,
            "electronic": 0.110321603715,
            "folkcountry": 0.216143891215,
            "funksoulrnb": 0.0691081061959,
            "jazz": 0.106206789613,
            "pop": 0.097170740366,
            "raphiphop": 0.0217853095382,
            "rock": 0.222720041871
        },
        "probability": 0.222720041871,
        "value": "rock"
    },
    "genre_electronic": {
        "all": {
            "ambient": 0.248070761561,
            "dnb": 0.511786401272,
            "house": 0.0861886888742,
            "techno": 0.00884423870593,
            "trance": 0.145109906793
        },
        "probability": 0.511786401272,
        "value": "dnb"
    },
    "genre_rosamerica": {
        "all": {
            "cla": 0.0305338166654,
            "dan": 0.0425065755844,
            "hip": 0.0461769551039,
            "jaz": 0.0159868281335,
            "pop": 0.338120281696,
            "rhy": 0.0924706086516,
            "roc": 0.430315375328,
            "spe": 0.00388957443647
        },
        "probability": 0.430315375328,
        "value": "roc"
    },
    "genre_tzanetakis": {
        "all": {
            "blu": 0.0626613423228,
            "cla": 0.0348169617355,
            "cou": 0.104475811124,
            "dis": 0.0784321576357,
            "hip": 0.15692435205,
            "jaz": 0.313974827528,
            "met": 0.0448166541755,
            "pop": 0.0627359300852,
            "reg": 0.0627360641956,
            "roc": 0.0784258767962
        },
        "probability": 0.313974827528,
        "value": "jaz"
    },
    "ismir04_rhythm": {
        "all": {
            "ChaChaCha": 0.0181097183377,
            "Jive": 0.822230637074,
            "Quickstep": 0.016841378063,
            "Rumba-American": 0.00375152216293,
            "Rumba-International": 0.00828128959984,
            "Rumba-Misc": 0.00289254053496,
            "Samba": 0.0682183355093,
            "Tango": 0.00562931969762,
            "VienneseWaltz": 0.0503648892045,
            "Waltz": 0.0036803483963
        },
        "probability": 0.822230637074,
        "value": "Jive"
    },
    "mood_acoustic": {
        "all": {
            "acoustic": 0.0815115123987,
            "not_acoustic": 0.918488502502
        },
        "probability": 0.918488502502,
        "value": "not_acoustic"
    },
    "mood_aggressive": {
        "all": {
            "aggressive": 0.424874454737,
            "not_aggressive": 0.575125575066
        },
        "probability": 0.575125575066,
        "value": "not_aggressive"
    },
    "mood_electronic": {
        "all": {
            "electronic": 0.130593553185,
            "not_electronic": 0.869406461716
        },
        "probability": 0.869406461716,
        "value": "not_electronic"
    },
    "mood_happy": {
        "all": {
            "happy": 0.951556384563,
            "not_happy": 0.0484435930848
        },
        "probability": 0.951556384563,
        "value": "happy"
    },
    "mood_party": {
        "all": {
            "not_party": 0.282755881548,
            "party": 0.717244148254
        },
        "probability": 0.717244148254,
        "value": "party"
    },
    "mood_relaxed": {
        "all": {
            "not_relaxed": 0.933128476143,
            "relaxed": 0.0668715462089
        },
        "probability": 0.933128476143,
        "value": "not_relaxed"
    },
    "mood_sad": {
        "all": {
            "not_sad": 0.931599795818,
            "sad": 0.0684002190828
        },
        "probability": 0.931599795818,
        "value": "not_sad"
    },
    "moods_mirex": {
        "all": {
            "Cluster1": 0.294942587614,
            "Cluster2": 0.210110247135,
            "Cluster3": 0.0485444366932,
            "Cluster4": 0.209807187319,
            "Cluster5": 0.236595526338
        },
        "probability": 0.294942587614,
        "value": "Cluster1"
    },
    "timbre": {
        "all": {
            "bright": 0.969158053398,
            "dark": 0.0308419652283
        },
        "probability": 0.969158053398,
        "value": "bright"
    },
    "tonal_atonal": {
        "all": {
            "atonal": 0.00108658871613,
            "tonal": 0.998913407326
        },
        "probability": 0.998913407326,
        "value": "tonal"
    },
    "voice_instrumental": {
        "all": {
            "instrumental": 0.00361509341747,
            "voice": 0.99638491869
        },
        "probability": 0.99638491869,
        "value": "voice"
    }
},
"lowlevel": {
    "average_loudness": 0.983813107014,
    "barkbands_crest": {
        "dmean": 3.03324985504,
        "dmean2": 4.82207632065,
        "dvar": 8.23943805695,
        "dvar2": 19.1611213684,
        "max": 25.5769348145,
        "mean": 9.9016828537,
        "median": 8.48111629486,
        "min": 2.37773323059,
        "var": 25.5439605713
    },
    "barkbands_flatness_db": {
        "dmean": 0.0231546293944,
        "dmean2": 0.036104016006,
        "dvar": 0.000497767992783,
        "dvar2": 0.00117977429181,
        "max": 0.303225427866,
        "mean": 0.127624720335,
        "median": 0.123568378389,
        "min": 0.0475596114993,
        "var": 0.00144917180296
    },
    "barkbands_kurtosis": {
        "dmean": 2.50020909309,
        "dmean2": 4.13730239868,
        "dvar": 41.6408653259,
        "dvar2": 113.576019287,
        "max": 92.5089492798,
        "mean": 1.98999929428,
        "median": 0.0678098201752,
        "min": -1.81495058537,
        "var": 61.7693824768
    },
    "barkbands_skewness": {
        "dmean": 0.578381121159,
        "dmean2": 0.879214048386,
        "dvar": 0.480917006731,
        "dvar2": 1.10631382465,
        "max": 9.02527713776,
        "mean": 0.986000597477,
        "median": 0.80814743042,
        "min": -3.06719398499,
        "var": 1.56959116459
    },
    "barkbands_spread": {
        "dmean": 7.35468435287,
        "dmean2": 11.2958993912,
        "dvar": 58.9533233643,
        "dvar2": 129.031326294,
        "max": 93.6664886475,
        "mean": 29.0127124786,
        "median": 27.4841842651,
        "min": 2.43700385094,
        "var": 178.333847046
    },
    "dissonance": {
        "dmean": 0.0161168929189,
        "dmean2": 0.0268603507429,
        "dvar": 0.000199709218577,
        "dvar2": 0.000547413830645,
        "max": 0.499858558178,
        "mean": 0.470995306969,
        "median": 0.47541731596,
        "min": 0.374413728714,
        "var": 0.000401546014473
    },
    "dynamic_complexity": 2.22881507874,
    "erbbands_crest": {
        "dmean": 2.57432579994,
        "dmean2": 4.2349858284,
        "dvar": 6.03680038452,
        "dvar2": 15.5423698425,
        "max": 27.5479698181,
        "mean": 8.33923244476,
        "median": 7.57916116714,
        "min": 2.77712249756,
        "var": 12.285323143
    },
    "erbbands_flatness_db": {
        "dmean": 0.0199406985193,
        "dmean2": 0.0273762233555,
        "dvar": 0.000322180625517,
        "dvar2": 0.000554767146241,
        "max": 0.289943903685,
        "mean": 0.154783830047,
        "median": 0.15521581471,
        "min": 0.0569096580148,
        "var": 0.0014949584147
    },
    "erbbands_kurtosis": {
        "dmean": 0.721689999104,
        "dmean2": 1.12640571594,
        "dvar": 0.765233159065,
        "dvar2": 1.79147624969,
        "max": 8.86866569519,
        "mean": 0.148299336433,
        "median": -0.177862167358,
        "min": -1.58956742287,
        "var": 1.67611920834
    },
    "erbbands_skewness": {
        "dmean": 0.315418332815,
        "dmean2": 0.470505654812,
        "dvar": 0.0819650068879,
        "dvar2": 0.159647628665,
        "max": 1.9427946806,
        "mean": 0.124741107225,
        "median": 0.210744708776,
        "min": -2.40394616127,
        "var": 0.421474575996
    },
    "erbbands_spread": {
        "dmean": 7.51204061508,
        "dmean2": 11.067486763,
        "dvar": 57.8610572815,
        "dvar2": 119.998207092,
        "max": 96.2329177856,
        "mean": 35.0072212219,
        "median": 32.0041732788,
        "min": 6.55825662613,
        "var": 205.33821106
    },
    "hfc": {
        "dmean": 9.59326648712,
        "dmean2": 12.8891267776,
        "dvar": 129.299819946,
        "dvar2": 229.602996826,
        "max": 107.014533997,
        "mean": 27.5364971161,
        "median": 24.1300601959,
        "min": 0.725742280483,
        "var": 402.240447998
    },
    "melbands_crest": {
        "dmean": 3.83001089096,
        "dmean2": 5.85120153427,
        "dvar": 11.7976989746,
        "dvar2": 27.1937847137,
        "max": 33.599861145,
        "mean": 14.4059829712,
        "median": 12.6644544601,
        "min": 3.61554098129,
        "var": 46.4137878418
    },
    "melbands_flatness_db": {
        "dmean": 0.0284034293145,
        "dmean2": 0.0421988330781,
        "dvar": 0.000806332100183,
        "dvar2": 0.00176832766738,
        "max": 0.386021435261,
        "mean": 0.157804459333,
        "median": 0.146392852068,
        "min": 0.0192113127559,
        "var": 0.00357296993025
    },
    "melbands_kurtosis": {
        "dmean": 6.6499786377,
        "dmean2": 10.751584053,
        "dvar": 253.809814453,
        "dvar2": 675.741516113,
        "max": 238.444488525,
        "mean": 8.83429718018,
        "median": 3.21494197845,
        "min": -1.77229547501,
        "var": 433.848419189
    },
    "melbands_skewness": {
        "dmean": 0.783815264702,
        "dmean2": 1.17298018932,
        "dvar": 0.908687829971,
        "dvar2": 2.11431670189,
        "max": 12.8673496246,
        "mean": 2.04688453674,
        "median": 1.60361230373,
        "min": -1.13889014721,
        "var": 3.0623459816
    },
    "melbands_spread": {
        "dmean": 10.3711633682,
        "dmean2": 15.8649663925,
        "dvar": 182.755645752,
        "dvar2": 323.767028809,
        "max": 217.916046143,
        "mean": 35.918586731,
        "median": 32.7382888794,
        "min": 1.44930827618,
        "var": 575.130371094
    },
    "pitch_salience": {
        "dmean": 0.0772103890777,
        "dmean2": 0.120361186564,
        "dvar": 0.00518522178754,
        "dvar2": 0.0119246374816,
        "max": 0.788300216198,
        "mean": 0.52815759182,
        "median": 0.552539885044,
        "min": 0.0822641998529,
        "var": 0.0194636806846
    },
    "silence_rate_20dB": {
        "dmean": 0,
        "dmean2": 0,
        "dvar": 0,
        "dvar2": 0,
        "max": 1,
        "mean": 1,
        "median": 1,
        "min": 1,
        "var": 0
    },
    "silence_rate_30dB": {
        "dmean": 0,
        "dmean2": 0,
        "dvar": 0,
        "dvar2": 0,
        "max": 1,
        "mean": 1,
        "median": 1,
        "min": 1,
        "var": 0
    },
    "silence_rate_60dB": {
        "dmean": 0.0139318881556,
        "dmean2": 0.0278853606433,
        "dvar": 0.0137381451204,
        "dvar2": 0.0348541513085,
        "max": 1,
        "mean": 0.0108275329694,
        "median": 0,
        "min": 0,
        "var": 0.0107103539631
    },
    "spectral_centroid": {
        "dmean": 284.413238525,
        "dmean2": 422.331085205,
        "dvar": 75370.1484375,
        "dvar2": 149205,
        "max": 5103.81689453,
        "mean": 1966.82788086,
        "median": 1964.82543945,
        "min": 636.78137207,
        "var": 343140.21875
    },
    "spectral_complexity": {
        "dmean": 4.55650138855,
        "dmean2": 6.37335395813,
        "dvar": 18.9201774597,
        "dvar2": 31.2532863617,
        "max": 51,
        "mean": 22.5406036377,
        "median": 22,
        "min": 2,
        "var": 86.888671875
    },
    "spectral_decrease": {
        "dmean": 2.18091433801e-09,
        "dmean2": 3.16843618009e-09,
        "dvar": 5.81701200016e-18,
        "dvar2": 1.39128238698e-17,
        "max": -2.17937196068e-10,
        "mean": -5.96816596143e-09,
        "median": -5.38872058087e-09,
        "min": -2.42594122568e-08,
        "var": 1.38227877417e-17
    },
    "spectral_energy": {
        "dmean": 0.00883449055254,
        "dmean2": 0.0127114299685,
        "dvar": 8.88841605047e-05,
        "dvar2": 0.000206224562135,
        "max": 0.094283528626,
        "mean": 0.0250228531659,
        "median": 0.0227956697345,
        "min": 0.000919756072108,
        "var": 0.000223417198868
    },
    "spectral_energyband_high": {
        "dmean": 0.000608445203397,
        "dmean2": 0.000862033688463,
        "dvar": 8.68571305546e-07,
        "dvar2": 1.59423416335e-06,
        "max": 0.0108046662062,
        "mean": 0.00120308983605,
        "median": 0.000752998923417,
        "min": 6.77742445987e-06,
        "var": 2.06039112527e-06
    },
    "spectral_energyband_low": {
        "dmean": 0.00550119904801,
        "dmean2": 0.00860201194882,
        "dvar": 8.38612177176e-05,
        "dvar2": 0.000217877895921,
        "max": 0.0858303159475,
        "mean": 0.0086911348626,
        "median": 0.00438774516806,
        "min": 3.82271309718e-06,
        "var": 0.000136276081321
    },
    "spectral_energyband_middle_high": {
        "dmean": 0.00301502365619,
        "dmean2": 0.00387632125057,
        "dvar": 1.2658304513e-05,
        "dvar2": 2.14201190829e-05,
        "max": 0.0351832285523,
        "mean": 0.0085320090875,
        "median": 0.00671640457585,
        "min": 0.00020560361736,
        "var": 5.20628818776e-05
    },
    "spectral_energyband_middle_low": {
        "dmean": 0.0029225659091,
        "dmean2": 0.00439273798838,
        "dvar": 1.43861070683e-05,
        "dvar2": 3.09202041535e-05,
        "max": 0.0393890701234,
        "mean": 0.00720760878175,
        "median": 0.00580077851191,
        "min": 0.000315949611831,
        "var": 3.2688396459e-05
    },
    "spectral_entropy": {
        "dmean": 0.144172355533,
        "dmean2": 0.195599123836,
        "dvar": 0.0188157167286,
        "dvar2": 0.0303314700723,
        "max": 8.81585025787,
        "mean": 7.77368211746,
        "median": 7.75022983551,
        "min": 7.00741052628,
        "var": 0.0846964344382
    },
    "spectral_flux": {
        "dmean": 0.024340454489,
        "dmean2": 0.0377721190453,
        "dvar": 0.000541331653949,
        "dvar2": 0.00125784880947,
        "max": 0.234476611018,
        "mean": 0.0903244242072,
        "median": 0.0876734033227,
        "min": 0.0173245314509,
        "var": 0.00130596093368
    },
    "spectral_kurtosis": {
        "dmean": 1.07257008553,
        "dmean2": 1.71556389332,
        "dvar": 0.90376663208,
        "dvar2": 2.35837650299,
        "max": 10.9478473663,
        "mean": 3.48064208031,
        "median": 3.29066610336,
        "min": -0.900497674942,
        "var": 2.60459041595
    },
    "spectral_rms": {
        "dmean": 0.000868480536155,
        "dmean2": 0.00121059291996,
        "dvar": 6.55750000078e-07,
        "dvar2": 1.41786961194e-06,
        "max": 0.00959082506597,
        "mean": 0.00470997206867,
        "median": 0.00471589621156,
        "min": 0.00094727135729,
        "var": 2.22872085942e-06
    },
    "spectral_rolloff": {
        "dmean": 690.86328125,
        "dmean2": 1119.34484863,
        "dvar": 993791.6875,
        "dvar2": 1920304.125,
        "max": 10831.2011719,
        "mean": 2128.42480469,
        "median": 1722.65625,
        "min": 64.599609375,
        "var": 2729796.5
    },
    "spectral_skewness": {
        "dmean": 0.17782650888,
        "dmean2": 0.274910748005,
        "dvar": 0.0232926160097,
        "dvar2": 0.0511573255062,
        "max": 2.37331151962,
        "mean": 1.32292640209,
        "median": 1.3272857666,
        "min": 0.100572064519,
        "var": 0.0814923197031
    },
    "spectral_spread": {
        "dmean": 664860.0625,
        "dmean2": 896659.625,
        "dvar": 614838763520,
        "dvar2": 1.0004061225e+12,
        "max": 11940960,
        "mean": 4587783.5,
        "median": 4252885,
        "min": 2345813,
        "var": 1.97012396442e+12
    },
    "spectral_strongpeak": {
        "dmean": 0.725760221481,
        "dmean2": 1.24784612656,
        "dvar": 1.2719540596,
        "dvar2": 3.21635699272,
        "max": 9.14884185791,
        "mean": 1.01078295708,
        "median": 0.355200052261,
        "min": 0.0359383970499,
        "var": 1.84061586857
    },
    "zerocrossingrate": {
        "dmean": 0.014911852777,
        "dmean2": 0.0167649537325,
        "dvar": 0.000308296235744,
        "dvar2": 0.000301687425235,
        "max": 0.37109375,
        "mean": 0.0797061547637,
        "median": 0.07568359375,
        "min": 0.00439453125,
        "var": 0.00190562009811
    },
    "barkbands": {
        "dmean": [0.000148010993144, 0.00503505952656, 0.000654314411804, 0.000356069300324, 0.000775056076236, 0.000433368288213, 0.000489317928441, 0.000880696461536, 0.00126278889365, 0.000928173132706, 0.000569727271795, 0.000420556752943, 0.000516293104738, 0.000710898835678, 0.000568804622162, 0.000386748113669, 0.000296673417324, 0.000337596196914, 0.000255353137618, 0.000417449977249, 0.000109346241516, 0.000105306520709, 9.82403798844e-05, 0.000115273585834, 0.000105060265923, 7.26007783669e-05, 7.5851644965e-09],
        "dmean2": [0.000237049680436, 0.00795268453658, 0.00112825806718, 0.000610136135947, 0.00125292735174, 0.000732336076908, 0.000806499796454, 0.0013543330133, 0.00199539912865, 0.00140315410681, 0.000850285869092, 0.000628590176348, 0.00078411353752, 0.00101341074333, 0.000901002204046, 0.000604188127909, 0.000436651345808, 0.000534195860382, 0.000380277924705, 0.00061693409225, 0.000162178970641, 0.000161356118042, 0.000143266588566, 0.000164680008311, 0.000146125501487, 0.000113863490697, 1.24015206993e-08],
        "dvar": [1.19617226346e-07, 7.41131734685e-05, 3.71395913135e-06, 9.52433197199e-07, 1.27833743591e-06, 3.86622446058e-07, 8.87530120508e-07, 2.42564556174e-06, 6.26759174338e-06, 2.23825759349e-06, 9.62067701948e-07, 8.39066160552e-07, 9.11006225124e-07, 1.65620963344e-06, 1.93683581529e-06, 2.08190635931e-06, 3.7923237528e-07, 3.11410587983e-07, 1.61288539857e-07, 2.93014267072e-07, 2.09948449736e-08, 3.52162103923e-08, 4.98349983502e-08, 5.94078954919e-08, 5.02897954391e-08, 2.41622295505e-08, 3.49111214892e-15],
        "dvar2": [3.50786791614e-07, 0.000196766981389, 1.04127675513e-05, 2.23189044846e-06, 3.17540570904e-06, 1.03160436993e-06, 2.24159589379e-06, 5.83093424211e-06, 1.48519457071e-05, 5.18224806001e-06, 1.88795604572e-06, 1.84515863566e-06, 1.92364177565e-06, 3.25768746734e-06, 4.9033360483e-06, 5.19514514963e-06, 7.65213485465e-07, 7.83515361036e-07, 3.41594756037e-07, 6.36709330593e-07, 4.78942361326e-08, 7.53203011072e-08, 9.09621817868e-08, 1.02301420668e-07, 8.36704074914e-08, 5.7653544161e-08, 4.99512100248e-15],
        "max": [0.00372269796208, 0.0679991841316, 0.0198228470981, 0.0181552842259, 0.0148456897587, 0.00570475962013, 0.0136202489957, 0.0216132327914, 0.0275896303356, 0.0150185395032, 0.0170032791793, 0.015226921998, 0.0148048251867, 0.0167615152895, 0.0192549359053, 0.0279184244573, 0.0112481918186, 0.00632586097345, 0.00527388416231, 0.00791545771062, 0.00197857012972, 0.00332218944095, 0.00318862916902, 0.00328450463712, 0.00365506974049, 0.0014727099333, 1.8288933461e-06],
        "mean": [0.000250554003287, 0.00751826539636, 0.000740639690775, 0.000409926462453, 0.00126588379499, 0.000760980299674, 0.000685872044414, 0.0014258561423, 0.00188990833703, 0.00165871810168, 0.00103838637006, 0.000624923792202, 0.00083532865392, 0.00123838568106, 0.000822036119644, 0.000505917007104, 0.000456876965472, 0.000614449440036, 0.000463756325189, 0.00086408277275, 0.000200394206331, 0.000195978383999, 0.000162711570738, 0.000184057644219, 0.000140012707561, 6.8974783062e-05, 5.6295901274e-09],
        "median": [7.93752042227e-05, 0.00343752792105, 0.000216445638216, 0.000120819153381, 0.00078396697063, 0.000496773049235, 0.000350395624992, 0.000716550159268, 0.00071807729546, 0.000719864212442, 0.000475532200653, 0.000238842636463, 0.000333984935423, 0.000343161518686, 0.00021849940822, 0.000143895158544, 0.000166955403984, 0.000334692274919, 0.000244374881731, 0.00052811804926, 0.000134941597935, 0.000120682940178, 5.93040276726e-05, 6.02694854024e-05, 3.19283535646e-05, 1.18090847536e-05, 4.35070146576e-10],
        "min": [2.46947212679e-10, 6.68990125519e-08, 9.06228308395e-07, 1.83494279327e-07, 5.23453491041e-06, 7.05951060809e-06, 8.14163468021e-06, 8.12057351141e-06, 1.12378593258e-05, 8.50121250551e-06, 1.03205220512e-05, 3.25584301208e-06, 2.49744880421e-06, 3.95179449697e-06, 3.91218600271e-06, 4.32848537457e-06, 6.46389344183e-06, 3.42787620866e-06, 3.96067844122e-06, 2.48045103035e-06, 2.40564713749e-06, 4.67164966267e-07, 2.76951936939e-07, 2.27528303753e-07, 4.34147473527e-09, 1.67166239184e-10, 7.13952811801e-12],
        "var": [1.53537087044e-07, 0.000116184448416, 3.16052501148e-06, 1.40518386615e-06, 2.21577874981e-06, 6.03115836384e-07, 1.19687410916e-06, 3.76437492378e-06, 9.93560752249e-06, 4.7886160246e-06, 2.45959245149e-06, 1.51556002947e-06, 1.93001415028e-06, 4.26048245572e-06, 2.69329825642e-06, 2.23613369599e-06, 8.46495424867e-07, 6.25893221695e-07, 3.56171398153e-07, 8.73207909535e-07, 4.39874270342e-08, 6.56348291272e-08, 1.02480619546e-07, 1.33899916932e-07, 9.75751248689e-08, 2.39036275218e-08, 3.24308163196e-15]
    },
    "erbbands": {
        "dmean": [0.182382777333, 1.02136147022, 0.844689786434, 0.923920154572, 1.87709069252, 2.91635036469, 3.07080459595, 4.14179420471, 6.07512521744, 9.91662788391, 21.2975940704, 33.7256164551, 26.8912658691, 22.3299160004, 25.3289375305, 16.5547142029, 22.6578273773, 28.9131412506, 35.0337486267, 27.1547679901, 13.2134981155, 13.7195558548, 18.9961872101, 11.0677480698, 17.3953075409, 20.3408813477, 5.6396985054, 3.85656619072, 3.78282475471, 3.21000933647, 2.87140583992, 2.42116498947, 1.92398548126, 1.20245218277, 0.751983642578, 0.353580206633, 0.141519546509, 0.01079995092, 0.000203467905521, 1.92811057786e-05],
        "dmean2": [0.278159797192, 1.65520632267, 1.42723250389, 1.55687129498, 3.16551494598, 4.73204660416, 5.1184387207, 7.06696224213, 9.94787502289, 15.6522455215, 31.4776039124, 53.5929527283, 40.7325325012, 33.1190986633, 37.006942749, 24.2297897339, 33.6733894348, 42.0455131531, 51.2707138062, 41.8936271667, 19.7215900421, 19.5611114502, 29.6605587006, 16.6929187775, 24.8220844269, 30.0090408325, 8.56613254547, 5.65003108978, 5.74365139008, 4.78415584564, 4.31312084198, 3.47817444801, 2.79148459435, 1.65930318832, 1.09291803837, 0.535052537918, 0.226009234786, 0.0176317133009, 0.000325348693877, 2.82038690784e-05],
        "dvar": [0.0908116772771, 3.37834811211, 5.72938394547, 6.26535844803, 13.837143898, 17.5396995544, 18.3446598053, 39.2450523376, 127.340232849, 251.068450928, 1577.87060547, 4581.64746094, 2135.83618164, 1732.30578613, 2227.16748047, 1175.36315918, 1879.4005127, 2375.77001953, 5047.58007812, 10369.1347656, 968.604370117, 715.567993164, 991.35534668, 249.227890015, 695.049865723, 682.347473145, 56.1963882446, 25.2431106567, 36.575050354, 58.8946037292, 41.6469306946, 28.3144168854, 16.6593818665, 7.39991235733, 2.44587039948, 0.490218311548, 0.104677088559, 0.000703824742232, 2.23633648488e-07, 7.08912040182e-10],
        "dvar2": [0.240449890494, 9.19442272186, 15.9278478622, 16.1883850098, 35.9504814148, 43.0596237183, 49.3227500916, 102.515602112, 332.910339355, 587.115661621, 3691.30371094, 10818.5771484, 4794.05859375, 3862.8515625, 4238.390625, 2494.5949707, 3874.8671875, 5041.35888672, 11891.1669922, 25953.4785156, 2157.57568359, 1376.7208252, 2467.39135742, 554.603271484, 1432.28112793, 1463.37487793, 134.354858398, 55.5254631042, 80.0836486816, 115.472900391, 82.9943695068, 48.102645874, 30.7998065948, 11.9272680283, 4.56387758255, 1.13020670414, 0.257078289986, 0.00173791893758, 5.44821261883e-07, 1.58086632673e-09],
        "max": [2.19390702248, 16.3845558167, 27.6481513977, 41.3692932129, 50.0237007141, 48.3431625366, 45.664806366, 56.4444541931, 159.659713745, 210.721557617, 571.149719238, 758.49597168, 577.674743652, 574.720581055, 859.167236328, 743.715698242, 777.081787109, 813.406799316, 801.41027832, 1594.7689209, 413.076904297, 459.151641846, 375.490447998, 202.659362793, 327.513153076, 386.835510254, 112.49697876, 54.0009002686, 105.586227417, 129.805282593, 101.116264343, 72.6980133057, 54.7960548401, 45.7827415466, 22.3130683899, 6.63530826569, 2.96156406403, 0.23550966382, 0.00429017888382, 0.000258253043285],
        "mean": [0.293659478426, 1.37400579453, 1.07329368591, 1.15030789375, 2.41933846474, 4.68912363052, 5.28034639359, 7.04600286484, 8.95998477936, 16.5583152771, 34.649066925, 51.3666915894, 48.3719825745, 42.0753211975, 47.2602348328, 28.5663967133, 38.849407196, 55.6491012573, 59.0400886536, 38.9359359741, 21.5858516693, 23.4276065826, 35.1837539673, 22.7967643738, 34.5602989197, 42.0116386414, 11.0934085846, 7.23504924774, 7.12810945511, 5.55494737625, 4.64318704605, 4.17896938324, 2.78123307228, 1.68025052547, 0.939113736153, 0.37485948205, 0.124459631741, 0.0089519880712, 0.00019314349629, 4.20826872869e-05],
        "median": [0.119674935937, 0.599710464478, 0.463609844446, 0.450746327639, 1.09676682949, 2.76638841629, 3.40524578094, 4.17516756058, 5.07601547241, 9.23818492889, 13.8206758499, 21.9498786926, 20.2628231049, 17.4635753632, 20.5435161591, 13.2867193222, 17.8798465729, 19.5960903168, 19.7918109894, 10.44435215, 7.9519200325, 9.25234794617, 19.2729167938, 13.0629272461, 20.9777755737, 25.5882453918, 8.40355968475, 4.86218070984, 4.37457036972, 2.64136123657, 1.66006374359, 1.38772594929, 0.880372345448, 0.422601759434, 0.203577563167, 0.0770977213979, 0.0171845145524, 0.000969123502728, 4.06494000345e-05, 3.49434048985e-05],
        "min": [1.33548610393e-05, 0.000218921763008, 0.0014366338728, 0.00525216339156, 0.00506628863513, 0.0245181284845, 0.123480632901, 0.274149924517, 0.128148555756, 0.146307766438, 0.259505003691, 0.343372762203, 0.392658174038, 0.363862365484, 0.414553046227, 0.300728052855, 0.290721386671, 0.336681693792, 0.321754604578, 0.403301090002, 0.334577947855, 0.345324218273, 0.24606795609, 0.160299792886, 0.179215997458, 0.142101943493, 0.141066461802, 0.068909496069, 0.0250188764185, 0.00925891380757, 0.0079526072368, 0.00558798853308, 0.00406976509839, 0.000249008677201, 0.000121259923617, 3.54766089004e-05, 6.36318873148e-06, 1.11461758934e-06, 8.6176186187e-07, 1.20897914258e-06],
        "var": [0.17148783803, 4.32392597198, 4.91233730316, 7.28348636627, 17.4432010651, 31.0126094818, 30.1073474884, 62.2643852234, 164.2237854, 427.911499023, 2733.10327148, 7106.8671875, 4597.40722656, 4191.00634766, 5924.12255859, 2664.07080078, 4232.46777344, 6488.80957031, 9676.96582031, 13689.7851562, 1958.13208008, 1781.6986084, 2021.53771973, 717.829589844, 1711.62841797, 2086.83422852, 112.793128967, 57.8403129578, 77.303237915, 112.877670288, 77.6122894287, 64.8174514771, 34.3368415833, 15.1213598251, 4.15462207794, 0.571292877197, 0.0942927375436, 0.00060267362278, 2.02616362799e-07, 1.08736286641e-09]
    },
    "gfcc": {
        "mean": [21.4604587555, 73.9177322388, -135.244308472, 31.8408889771, -64.9411697388, 19.7613620758, -31.0722732544, 19.9322185516, -26.2511291504, 10.6047315598, -11.994058609, -0.532224774361, -8.39998626709],
        "cov": [[2270.01416016, -757.074584961, 40.0193328857, -102.253395081, -38.0147895813, 146.884124756, 56.7095108032, 284.66784668, -61.5552978516, 123.963310242, -79.5081863403, 22.643743515, -121.700721741], [-757.074584961, 1070.72229004, -55.6211357117, 141.273254395, 304.282012939, 78.7114181519, 339.862579346, -70.4895172119, 111.834671021, 18.5543136597, 190.330841064, -17.9526729584, 108.870643616], [40.0193328857, -55.6211357117, 761.310668945, 225.411178589, 141.881149292, 182.351013184, 33.2508544922, 108.454040527, 11.4197301865, 74.8019485474, 8.03387832642, 139.205078125, -10.4654836655], [-102.253395081, 141.273254395, 225.411178589, 353.246551514, 168.106765747, 69.8791809082, 63.0673027039, 69.0200805664, 117.240631104, 33.336971283, 59.6363487244, 35.1389274597, 71.7309265137], [-38.0147895813, 304.282012939, 141.881149292, 168.106765747, 370.833770752, 126.681755066, 182.592285156, 91.44972229, 80.8262023926, 85.5428085327, 58.9049873352, 28.807308197, 51.0878257751], [146.884124756, 78.7114181519, 182.351013184, 69.8791809082, 126.681755066, 267.48348999, 198.804748535, 79.8318786621, 37.4054527283, 79.8511657715, 77.0066146851, 29.503452301, 10.2187185287], [56.7095108032, 339.862579346, 33.2508544922, 63.0673027039, 182.592285156, 198.804748535, 353.601165771, 71.40675354, 58.2284507751, 87.0039901733, 121.101089478, 12.9009246826, 26.4710903168], [284.66784668, -70.4895172119, 108.454040527, 69.0200805664, 91.44972229, 79.8318786621, 71.40675354, 193.702819824, 74.5441741943, 62.7761878967, 36.350315094, 34.5655097961, 19.8636665344], [-61.5552978516, 111.834671021, 11.4197301865, 117.240631104, 80.8262023926, 37.4054527283, 58.2284507751, 74.5441741943, 159.330596924, 45.6786155701, 39.6099853516, 9.02575874329, 54.3892936707], [123.963310242, 18.5543136597, 74.8019485474, 33.336971283, 85.5428085327, 79.8511657715, 87.0039901733, 62.7761878967, 45.6786155701, 111.918937683, 37.0167427063, 18.6959705353, 15.1922388077], [-79.5081863403, 190.330841064, 8.03387832642, 59.6363487244, 58.9049873352, 77.0066146851, 121.101089478, 36.350315094, 39.6099853516, 37.0167427063, 151.299804688, 32.8080329895, 39.6819114685], [22.643743515, -17.9526729584, 139.205078125, 35.1389274597, 28.807308197, 29.503452301, 12.9009246826, 34.5655097961, 9.02575874329, 18.6959705353, 32.8080329895, 94.6958694458, 24.5405712128], [-121.700721741, 108.870643616, -10.4654836655, 71.7309265137, 51.0878257751, 10.2187185287, 26.4710903168, 19.8636665344, 54.3892936707, 15.1922388077, 39.6819114685, 24.5405712128, 93.6278076172]],
        "icov": [[0.000888879818376, 0.000512734346557, 0.000447817263193, -0.00028415385168, 6.93204929121e-05, -0.000239403030719, -0.000473286607303, -0.00120610382874, 0.000726862170268, -0.000625164830126, 0.000528435804881, -0.000439874303993, 0.000775468535721], [0.000512734346557, 0.00399584230036, -0.00116003328003, 0.00129563151859, -0.00258428952657, 0.00242474186234, -0.00375192938372, 0.00280325370841, -0.00203239149414, 0.00246873684227, -0.00323011749424, 0.00273706344888, -0.00205901823938], [0.000447817263193, -0.00116003328003, 0.00438328599557, -0.00325513840653, 0.000921639613807, -0.00338198593818, 0.00213434128091, -0.00231076683849, 0.00270145339891, -0.00257765455171, 0.00321096763946, -0.00606857612729, 0.00374650140293], [-0.00028415385168, 0.00129563151859, -0.00325513840653, 0.00731080118567, -0.00281088426709, 0.00180520873982, -0.000886079331394, 0.00208024750464, -0.0047753714025, 0.00346284126863, -0.00352038838901, 0.00408348208293, -0.00406097713858], [6.93204929121e-05, -0.00258428952657, 0.000921639613807, -0.00281088426709, 0.00684778392315, -0.00171138427686, 0.00025944513618, -0.00320395152085, 0.00218246155418, -0.0037025634665, 0.00373100629076, -0.00219427142292, 0.000735139008611], [-0.000239403030719, 0.00242474186234, -0.00338198593818, 0.00180520873982, -0.00171138427686, 0.0107581056654, -0.00638592289761, 0.00188542320393, -0.00181179924402, 0.000762969779316, -0.00387764372863, 0.00411334494129, -0.00223261280917], [-0.000473286607303, -0.00375192938372, 0.00213434128091, -0.000886079331394, 0.00025944513618, -0.00638592289761, 0.0108998678625, -0.00244795018807, 0.00161589297932, -0.00338585278951, -0.000148311184603, -0.00228092330508, 0.00292946118861], [-0.00120610382874, 0.00280325370841, -0.00231076683849, 0.00208024750464, -0.00320395152085, 0.00188542320393, -0.00244795018807, 0.0127793746069, -0.0064172311686, 0.00165167206433, -0.00417455239221, 0.00185833545402, -0.0024140314199], [0.000726862170268, -0.00203239149414, 0.00270145339891, -0.0047753714025, 0.00218246155418, -0.00181179924402, 0.00161589297932, -0.0064172311686, 0.014229930006, -0.00530684832484, 0.00327401538379, -0.00188870448619, -0.0011177090928], [-0.000625164830126, 0.00246873684227, -0.00257765455171, 0.00346284126863, -0.0037025634665, 0.000762969779316, -0.00338585278951, 0.00165167206433, -0.00530684832484, 0.0172790028155, -0.00404871162027, 0.00311814039014, -0.00290275109001], [0.000528435804881, -0.00323011749424, 0.00321096763946, -0.00352038838901, 0.00373100629076, -0.00387764372863, -0.000148311184603, -0.00417455239221, 0.00327401538379, -0.00404871162027, 0.0153162227944, -0.00763411354274, 0.00107842509169], [-0.000439874303993, 0.00273706344888, -0.00606857612729, 0.00408348208293, -0.00219427142292, 0.00411334494129, -0.00228092330508, 0.00185833545402, -0.00188870448619, 0.00311814039014, -0.00763411354274, 0.0220223478973, -0.00850772671402], [0.000775468535721, -0.00205901823938, 0.00374650140293, -0.00406097713858, 0.000735139008611, -0.00223261280917, 0.00292946118861, -0.0024140314199, -0.0011177090928, -0.00290275109001, 0.00107842509169, -0.00850772671402, 0.0200324337929]]
    },
    "melbands": {
        "dmean": [0.0015303529799, 0.000708189094439, 0.000181027571671, 0.000167621969013, 0.000113330046588, 8.9405271865e-05, 9.69010507106e-05, 0.000121404409583, 0.000186379256775, 0.000208746554563, 0.00013281145948, 9.36937649385e-05, 7.93386643636e-05, 5.69048715988e-05, 4.02861842304e-05, 4.94625892316e-05, 6.14427481196e-05, 6.48251952953e-05, 3.67171196558e-05, 3.71284295397e-05, 1.46263073475e-05, 1.49236921061e-05, 1.91454801097e-05, 1.70589901245e-05, 9.06062996364e-06, 9.70204018813e-06, 1.96997825697e-05, 1.23531162899e-05, 3.98650263378e-06, 2.62500520876e-06, 2.27487498705e-06, 2.27902432925e-06, 2.13841940422e-06, 1.80209656264e-06, 1.74087597316e-06, 1.67176801824e-06, 1.50320033754e-06, 1.41292639455e-06, 1.23796712614e-06, 9.89819341157e-07],
        "dmean2": [0.0023936026264, 0.00116664741654, 0.000304712855723, 0.000273133424344, 0.000187476412975, 0.000151989414007, 0.00015883029846, 0.000193610452698, 0.000273402169114, 0.000334169308189, 0.000201057453523, 0.000140778400237, 0.000115210874355, 8.33297672216e-05, 6.01121610089e-05, 7.49121099943e-05, 8.90406008693e-05, 9.45429637795e-05, 5.72794815525e-05, 5.83476139582e-05, 2.19174598897e-05, 2.22367034439e-05, 2.90446459985e-05, 2.73638706858e-05, 1.39802277772e-05, 1.44180439747e-05, 2.92759195872e-05, 1.88389185496e-05, 6.32875617157e-06, 3.97609301217e-06, 3.4059708014e-06, 3.53075506609e-06, 3.32843137585e-06, 2.7147932542e-06, 2.63171477854e-06, 2.54416841017e-06, 2.18206946556e-06, 2.11397082239e-06, 1.81434768365e-06, 1.39489100093e-06],
        "dvar": [6.59337547404e-06, 2.19098410525e-06, 1.79266365308e-07, 6.95871662515e-08, 2.48283189563e-08, 1.78191665867e-08, 3.39164678564e-08, 4.02373814268e-08, 1.17566266056e-07, 1.74628141281e-07, 5.27706411901e-08, 3.23804059121e-08, 1.93109794822e-08, 1.31154918037e-08, 5.78244430116e-09, 8.63742943835e-09, 1.18371383806e-08, 1.72090519612e-08, 8.75094929853e-09, 2.13164739193e-08, 1.32379196494e-09, 1.1517535814e-09, 1.53307277984e-09, 9.40445277209e-10, 1.86946236269e-10, 2.25797477937e-10, 7.54029338967e-10, 2.55916871028e-10, 3.21395028646e-11, 1.34084956679e-11, 9.32728547176e-12, 1.20026931102e-11, 1.91538382377e-11, 1.95590644375e-11, 1.51328186093e-11, 1.42001983089e-11, 1.04564430031e-11, 9.01040006496e-12, 8.27419209537e-12, 5.44765621502e-12],
        "dvar2": [1.76120029209e-05, 5.8827868088e-06, 4.52186867506e-07, 1.70991341975e-07, 6.57846683794e-08, 4.72099479509e-08, 8.75444854387e-08, 9.43111047036e-08, 2.65181625991e-07, 4.24050199399e-07, 1.1909462927e-07, 7.20202493198e-08, 3.74976671935e-08, 2.80223311222e-08, 1.1051701776e-08, 1.87554416442e-08, 2.50464307072e-08, 3.97828081589e-08, 2.09844301935e-08, 5.39418039125e-08, 2.92552071457e-09, 2.33586727738e-09, 3.38701888758e-09, 2.4616133576e-09, 4.44752290552e-10, 4.85605333722e-10, 1.6373269407e-09, 5.71986791265e-10, 7.86802706321e-11, 3.09399381115e-11, 2.1178744522e-11, 2.73779297844e-11, 4.12629132251e-11, 3.71315721226e-11, 3.2695329083e-11, 2.67376242674e-11, 1.81771334096e-11, 1.79867145483e-11, 1.58009456214e-11, 8.93274430119e-12],
        "max": [0.0189280174673, 0.017515687272, 0.00600836286321, 0.00332998088561, 0.00202854978852, 0.00137598311994, 0.00271592801437, 0.00288256071508, 0.00433611543849, 0.00466857757419, 0.00286895595491, 0.0025155544281, 0.00232867663726, 0.0016133193858, 0.00127698807046, 0.00137740909122, 0.00184628961142, 0.00146580289584, 0.00132507248782, 0.00256206607446, 0.000647940440103, 0.000660889141727, 0.000481269671582, 0.00040717801312, 0.000173440261278, 0.000172694475623, 0.000308677583234, 0.000214168045204, 8.73724347912e-05, 4.58461327071e-05, 3.94730086555e-05, 4.7613895731e-05, 8.45984177431e-05, 6.9422465458e-05, 5.7967066823e-05, 5.85380803386e-05, 4.63044088974e-05, 3.99066848331e-05, 4.97774344694e-05, 3.83053265978e-05],
        "mean": [0.00233635958284, 0.000980013166554, 0.000234823863138, 0.000255389953963, 0.000203024043003, 0.000153026237967, 0.00014057829685, 0.000202236376936, 0.00029441571678, 0.000310834060656, 0.000232746693655, 0.00016618076188, 0.000149216677528, 9.2832116934e-05, 6.97014547768e-05, 8.14969826024e-05, 0.000111078130431, 0.000103535101516, 5.42121088074e-05, 4.63099640911e-05, 2.23310871661e-05, 2.27163200179e-05, 3.19218524965e-05, 3.03062079183e-05, 1.65499695868e-05, 1.73266289494e-05, 3.73648654204e-05, 2.43386330112e-05, 6.92751018505e-06, 4.33811419498e-06, 4.10737038692e-06, 4.0861141315e-06, 3.64152310794e-06, 2.86109798253e-06, 2.63223319052e-06, 2.69753650173e-06, 2.47630714512e-06, 1.98784846361e-06, 1.63660570252e-06, 1.35958123337e-06],
        "median": [0.00101563124917, 0.000498957349919, 9.55317955231e-05, 0.000156170790433, 0.000131501525175, 9.6350464446e-05, 7.46547084418e-05, 0.000114326066978, 0.000112294081191, 0.000128024767037, 8.87109999894e-05, 5.86029964325e-05, 6.40511207166e-05, 4.20222349931e-05, 2.97632213915e-05, 3.08795606543e-05, 3.19820464938e-05, 2.90959305858e-05, 1.54515018949e-05, 1.1727571291e-05, 8.08629192761e-06, 8.29251166579e-06, 1.29929276227e-05, 1.68850237969e-05, 8.45039448905e-06, 8.97893642104e-06, 2.18493896682e-05, 1.43868774103e-05, 4.86127828481e-06, 2.69973656941e-06, 2.56440580415e-06, 2.41022189584e-06, 2.07545849662e-06, 1.13437477012e-06, 9.08705487745e-07, 9.22066703879e-07, 8.20009859126e-07, 6.25394420695e-07, 4.55699762369e-07, 3.33356950932e-07],
        "min": [1.5003569942e-08, 7.518780194e-07, 1.59990122484e-06, 8.77476395544e-07, 4.91929495183e-06, 3.65493542631e-06, 1.7954625946e-06, 1.0370599739e-06, 1.67591440459e-06, 2.08766596188e-06, 1.47776688664e-06, 9.0133539743e-07, 1.69207680756e-06, 4.24370341534e-07, 4.48439578804e-07, 2.56646359276e-07, 3.36608792395e-07, 4.17703034827e-07, 2.83816802948e-07, 3.45788009781e-07, 3.29304469915e-07, 2.31665552519e-07, 1.97669876911e-07, 1.78801428774e-07, 7.24189632706e-08, 1.55373058419e-07, 9.72535190158e-08, 8.29613426845e-08, 6.17079933818e-08, 3.84626730465e-08, 1.54796619967e-08, 1.44383882628e-08, 7.08345293532e-09, 4.62178295635e-09, 4.23887236423e-09, 2.3267048288e-09, 3.54953666459e-09, 2.16625872795e-09, 3.26573295316e-12, 3.06803367434e-12],
