{
"highlevel": {
    "danceability": {
        "all": {
            "danceable": 0.223015755415,
            "not_danceable": 0.776984214783
        },
        "probability": 0.776984214783,
        "value": "not_danceable"
    },
    "gender": {
        "all": {
            "female": 0.278508931398,
            "male": 0.721491098404
        },
        "probability": 0.721491098404,
        "value": "male"
    },
    "genre_dortmund": {
        "all": {
            "alternative": 0.0874629020691,
            "blues": 0.347567886114,
            "electronic": 0.00837872549891,
            "folkcountry": 0.298266857862,
            "funksoulrnb": 0.00558752939105,
            "jazz": 0.0103297643363,
            "pop": 0.0414141602814,
            "raphiphop": 0.00413351412863,
            "rock": 0.196858644485
        },
        "probability": 0.347567886114,
        "value": "blues"
    },
    "genre_electronic": {
        "all": {
            "ambient": 0.247841641307,
            "dnb": 0.194563239813,
            "house": 0.444810718298,
            "techno": 0.0197264179587,
            "trance": 0.0930579602718
        },
        "probability": 0.444810718298,
        "value": "house"
    },
    "genre_rosamerica": {
        "all": {
            "cla": 0.0792317017913,
            "dan": 0.0275724418461,
            "hip": 0.13543318212,
            "jaz": 0.0210968516767,
            "pop": 0.109587736428,
            "rhy": 0.447176426649,
            "roc": 0.148898690939,
            "spe": 0.0310029741377
        },
        "probability": 0.447176426649,
        "value": "rhy"
    },
    "genre_tzanetakis": {
        "all": {
            "blu": 0.051473736763,
            "cla": 0.0343171209097,
            "cou": 0.102957174182,
            "dis": 0.102973297238,
            "hip": 0.154463887215,
            "jaz": 0.308917611837,
            "met": 0.0441241078079,
            "pop": 0.0617745704949,
            "reg": 0.0617761909962,
            "roc": 0.0772223100066
        },
        "probability": 0.308917611837,
        "value": "jaz"
    },
    "ismir04_rhythm": {
        "all": {
            "ChaChaCha": 0.139593690634,
            "Jive": 0.447771519423,
            "Quickstep": 0.0157167296857,
            "Rumba-American": 0.0367924645543,
            "Rumba-International": 0.0314054936171,
            "Rumba-Misc": 0.00998352468014,
            "Samba": 0.0428674817085,
            "Tango": 0.0346634276211,
            "VienneseWaltz": 0.22783754766,
            "Waltz": 0.0133681278676
        },
        "probability": 0.447771519423,
        "value": "Jive"
    },
    "mood_acoustic": {
        "all": {
            "acoustic": 0.293998301029,
            "not_acoustic": 0.706001698971
        },
        "probability": 0.706001698971,
        "value": "not_acoustic"
    },
    "mood_aggressive": {
        "all": {
            "aggressive": 0.0463953092694,
            "not_aggressive": 0.953604698181
        },
        "probability": 0.953604698181,
        "value": "not_aggressive"
    },
    "mood_electronic": {
        "all": {
            "electronic": 0.0581481195986,
            "not_electronic": 0.941851854324
        },
        "probability": 0.941851854324,
        "value": "not_electronic"
    },
    "mood_happy": {
        "all": {
            "happy": 0.743744969368,
            "not_happy": 0.25625500083
        },
        "probability": 0.743744969368,
        "value": "happy"
    },
    "mood_party": {
        "all": {
            "not_party": 0.698066055775,
            "party": 0.301933914423
        },
        "probability": 0.698066055775,
        "value": "not_party"
    },
    "mood_relaxed": {
        "all": {
            "not_relaxed": 0.985866367817,
            "relaxed": 0.0141336182132
        },
        "probability": 0.985866367817,
        "value": "not_relaxed"
    },
    "mood_sad": {
        "all": {
            "not_sad": 0.769382655621,
            "sad": 0.230617344379
        },
        "probability": 0.769382655621,
        "value": "not_sad"
    },
    "moods_mirex": {
        "all": {
            "Cluster1": 0.0998107865453,
            "Cluster2": 0.223059475422,
            "Cluster3": 0.336804509163,
            "Cluster4": 0.190010502934,
            "Cluster5": 0.150314718485
        },
        "probability": 0.336804509163,
        "value": "Cluster3"
    },
    "timbre": {
        "all": {
            "bright": 0.992647349834,
            "dark": 0.00735262362286
        },
        "probability": 0.992647349834,
        "value": "bright"
    },
    "tonal_atonal": {
        "all": {
            "atonal": 0.00236007361673,
            "tonal": 0.99763995409
        },
        "probability": 0.99763995409,
        "value": "tonal"
    },
    "voice_instrumental": {
        "all": {
            "instrumental": 0.0108450883999,
            "voice": 0.989154934883
        },
        "probability": 0.989154934883,
        "value": "voice"
    }
},
"lowlevel": {
    "average_loudness": 0.965214967728,
    "barkbands_crest": {
        "dmean": 2.83839225769,
        "dmean2": 4.50630474091,
        "dvar": 5.97102737427,
        "dvar2": 13.6412496567,
        "max": 25.2845020294,
        "mean": 10.1920013428,
        "median": 9.26931667328,
        "min": 2.72386431694,
        "var": 17.4855327606
    },
    "barkbands_flatness_db": {
        "dmean": 0.0263840965927,
        "dmean2": 0.0390694513917,
        "dvar": 0.000472603336675,
        "dvar2": 0.000976901152171,
        "max": 0.34835895896,
        "mean": 0.166741982102,
        "median": 0.1613278687,
        "min": 0.0717858150601,
        "var": 0.00207364419475
    },
    "barkbands_kurtosis": {
        "dmean": 3.58387851715,
        "dmean2": 5.4977016449,
        "dvar": 36.3837432861,
        "dvar2": 74.0603866577,
        "max": 90.0936279297,
        "mean": 3.960916996,
        "median": 0.725609540939,
        "min": -1.83521199226,
        "var": 85.5642700195
    },
    "barkbands_skewness": {
        "dmean": 0.793129742146,
        "dmean2": 1.21722900867,
        "dvar": 0.661566853523,
        "dvar2": 1.42081522942,
        "max": 8.18225383759,
        "mean": 1.52156496048,
        "median": 1.3259421587,
        "min": -3.43107557297,
        "var": 1.98399078846
    },
    "barkbands_spread": {
        "dmean": 9.40773296356,
        "dmean2": 14.8574199677,
        "dvar": 129.292297363,
        "dvar2": 317.251434326,
        "max": 82.3620605469,
        "mean": 25.1454162598,
        "median": 23.1205310822,
        "min": 1.11394047737,
        "var": 213.227905273
    },
    "dissonance": {
        "dmean": 0.0156530514359,
        "dmean2": 0.0252781733871,
        "dvar": 0.000282639724901,
        "dvar2": 0.000704200821929,
        "max": 0.499573200941,
        "mean": 0.466830909252,
        "median": 0.474044591188,
        "min": 0.252988874912,
        "var": 0.00072153279325
    },
    "dynamic_complexity": 2.50652861595,
    "erbbands_crest": {
        "dmean": 2.17066264153,
        "dmean2": 3.52115082741,
        "dvar": 4.93321418762,
        "dvar2": 11.7302837372,
        "max": 30.9605464935,
        "mean": 7.85878372192,
        "median": 6.97233772278,
        "min": 2.4300467968,
        "var": 13.0593357086
    },
    "erbbands_flatness_db": {
        "dmean": 0.0204499531537,
        "dmean2": 0.0298511311412,
        "dvar": 0.000322069769027,
        "dvar2": 0.000644351588562,
        "max": 0.343325793743,
        "mean": 0.177503481507,
        "median": 0.1720225811,
        "min": 0.0830453112721,
        "var": 0.00180240126792
    },
    "erbbands_kurtosis": {
        "dmean": 1.05357980728,
        "dmean2": 1.69037652016,
        "dvar": 2.35060286522,
        "dvar2": 5.68095397949,
        "max": 27.2371349335,
        "mean": 0.13675558567,
        "median": -0.421070814133,
        "min": -1.81770062447,
        "var": 3.9084277153
    },
    "erbbands_skewness": {
        "dmean": 0.470089942217,
        "dmean2": 0.734307706356,
        "dvar": 0.255445748568,
        "dvar2": 0.606521308422,
        "max": 4.82844352722,
        "mean": -0.251732856035,
        "median": -0.278144598007,
        "min": -3.15801048279,
        "var": 0.747366905212
    },
    "erbbands_spread": {
        "dmean": 10.8804130554,
        "dmean2": 17.2502841949,
        "dvar": 126.146270752,
        "dvar2": 301.949462891,
        "max": 128.333480835,
        "mean": 43.9731063843,
        "median": 42.4909667969,
        "min": 4.74944782257,
        "var": 306.257324219
    },
    "hfc": {
        "dmean": 14.5048465729,
        "dmean2": 23.5315532684,
        "dvar": 1055.01611328,
        "dvar2": 2911.58789062,
        "max": 314.765167236,
        "mean": 20.5371780396,
        "median": 10.6424045563,
        "min": 0.155461594462,
        "var": 894.009887695
    },
    "melbands_crest": {
        "dmean": 4.01598024368,
        "dmean2": 6.246134758,
        "dvar": 10.5832653046,
        "dvar2": 24.7746810913,
        "max": 32.2319526672,
        "mean": 16.7880535126,
        "median": 16.060377121,
        "min": 3.4844918251,
        "var": 35.8508262634
    },
    "melbands_flatness_db": {
        "dmean": 0.0389060564339,
        "dmean2": 0.0569489337504,
        "dvar": 0.00119876267854,
        "dvar2": 0.00253693200648,
        "max": 0.438814550638,
        "mean": 0.196942016482,
        "median": 0.19834049046,
        "min": 0.0252910163254,
        "var": 0.0041208807379
    },
    "melbands_kurtosis": {
        "dmean": 10.0775918961,
        "dmean2": 15.7186717987,
        "dvar": 266.95199585,
        "dvar2": 579.75604248,
        "max": 214.013412476,
        "mean": 15.6288051605,
        "median": 7.71601104736,
        "min": -1.80530571938,
        "var": 564.369812012
    },
    "melbands_skewness": {
        "dmean": 1.01983737946,
        "dmean2": 1.57405543327,
        "dvar": 1.12064480782,
        "dvar2": 2.32219409943,
        "max": 11.7459115982,
        "mean": 3.00865983963,
        "median": 2.64359927177,
        "min": -2.22589588165,
        "var": 3.57683610916
    },
    "melbands_spread": {
        "dmean": 16.1799125671,
        "dmean2": 26.8377113342,
        "dvar": 600.038330078,
        "dvar2": 1589.76953125,
        "max": 190.465209961,
        "mean": 29.8341007233,
        "median": 22.6263084412,
        "min": 0.898473203182,
        "var": 672.718261719
    },
    "pitch_salience": {
        "dmean": 0.0876791477203,
        "dmean2": 0.13809479773,
        "dvar": 0.00546206114814,
        "dvar2": 0.0131204826757,
        "max": 0.846708238125,
        "mean": 0.50944173336,
        "median": 0.509372651577,
        "min": 0.147845745087,
        "var": 0.0147047182545
    },
    "silence_rate_20dB": {
        "dmean": 0,
        "dmean2": 0,
        "dvar": 0,
        "dvar2": 0,
        "max": 1,
        "mean": 1,
        "median": 1,
        "min": 1,
        "var": 0
    },
    "silence_rate_30dB": {
        "dmean": 0,
        "dmean2": 0,
        "dvar": 0,
        "dvar2": 0,
        "max": 1,
        "mean": 1,
        "median": 1,
        "min": 1,
        "var": 0
    },
    "silence_rate_60dB": {
        "dmean": 0.0263157896698,
        "dmean2": 0.0511231608689,
        "dvar": 0.025623191148,
        "dvar2": 0.0593541115522,
        "max": 1,
        "mean": 0.0348027832806,
        "median": 0,
        "min": 0,
        "var": 0.0335916206241
    },
    "spectral_centroid": {
        "dmean": 442.072113037,
        "dmean2": 692.075622559,
        "dvar": 246105.265625,
        "dvar2": 571697.75,
        "max": 4091.12890625,
        "mean": 1532.35083008,
        "median": 1451.65942383,
        "min": 202.121398926,
        "var": 541294.0625
    },
    "spectral_complexity": {
        "dmean": 4.94814252853,
        "dmean2": 7.24322223663,
        "dvar": 35.8075675964,
        "dvar2": 68.2646102905,
        "max": 54,
        "mean": 16.5491104126,
        "median": 15,
        "min": 2,
        "var": 87.4060211182
    },
    "spectral_decrease": {
        "dmean": 1.58876489742e-09,
        "dmean2": 2.23920104681e-09,
        "dvar": 2.81356799963e-18,
        "dvar2": 5.2900321891e-18,
        "max": -1.45837689147e-10,
        "mean": -4.52642590076e-09,
        "median": -3.81093423485e-09,
        "min": -1.82915638192e-08,
        "var": 9.03952155103e-18
    },
    "spectral_energy": {
        "dmean": 0.00684532430023,
        "dmean2": 0.00982385780662,
        "dvar": 6.09100607107e-05,
        "dvar2": 0.000120989549032,
        "max": 0.0772844254971,
        "mean": 0.0189465600997,
        "median": 0.0156603921205,
        "min": 0.000629306014162,
        "var": 0.000167692036484
    },
    "spectral_energyband_high": {
        "dmean": 0.00144696340431,
        "dmean2": 0.00259180506691,
        "dvar": 1.76491994353e-05,
        "dvar2": 5.01925169374e-05,
        "max": 0.0386502109468,
        "mean": 0.0011534919031,
        "median": 0.000221395937842,
        "min": 6.2576162918e-07,
        "var": 1.10078381113e-05
    },
    "spectral_energyband_low": {
        "dmean": 0.00254015810788,
        "dmean2": 0.00393801974133,
        "dvar": 8.46941111377e-06,
        "dvar2": 1.79177695827e-05,
        "max": 0.0404005348682,
        "mean": 0.00502756796777,
        "median": 0.00364742195234,
        "min": 7.04504600435e-07,
        "var": 2.40100835072e-05
    },
    "spectral_energyband_middle_high": {
        "dmean": 0.0023481156677,
        "dmean2": 0.00315702776425,
        "dvar": 1.35404543471e-05,
        "dvar2": 2.29735051107e-05,
        "max": 0.0538742057979,
        "mean": 0.00499037187546,
        "median": 0.0029719567392,
        "min": 7.08028937879e-06,
        "var": 3.94830749428e-05
    },
    "spectral_energyband_middle_low": {
        "dmean": 0.0042713326402,
        "dmean2": 0.00634181685746,
        "dvar": 2.48542110057e-05,
        "dvar2": 5.38804633834e-05,
        "max": 0.0580757446587,
        "mean": 0.0100089227781,
        "median": 0.0076605132781,
        "min": 2.36200394284e-05,
        "var": 6.70660665492e-05
    },
    "spectral_entropy": {
        "dmean": 0.272198945284,
        "dmean2": 0.392544686794,
        "dvar": 0.0562354624271,
        "dvar2": 0.124431014061,
        "max": 8.52029800415,
        "mean": 7.42730379105,
        "median": 7.40458679199,
        "min": 6.17697620392,
        "var": 0.176143199205
    },
    "spectral_flux": {
        "dmean": 0.0248278267682,
        "dmean2": 0.0384737364948,
        "dvar": 0.00067133968696,
        "dvar2": 0.00130005565006,
        "max": 0.269117861986,
        "mean": 0.0741344094276,
        "median": 0.0625720918179,
        "min": 0.0133758578449,
        "var": 0.00160986674018
    },
    "spectral_kurtosis": {
        "dmean": 1.92527639866,
        "dmean2": 3.24650073051,
        "dvar": 3.39955234528,
        "dvar2": 9.31655883789,
        "max": 14.4185714722,
        "mean": 3.4134118557,
        "median": 2.97242355347,
        "min": -0.41384935379,
        "var": 5.38922834396
    },
    "spectral_rms": {
        "dmean": 0.000776427099481,
        "dmean2": 0.00110652425792,
        "dvar": 5.99275551849e-07,
        "dvar2": 1.14030729037e-06,
        "max": 0.00868328474462,
        "mean": 0.0040487665683,
        "median": 0.00390876317397,
        "min": 0.000783554103691,
        "var": 2.09195150092e-06
    },
    "spectral_rolloff": {
        "dmean": 1016.19598389,
        "dmean2": 1755.48278809,
        "dvar": 2423070,
        "dvar2": 6123684,
        "max": 8441.015625,
        "mean": 1841.09533691,
        "median": 1528.85742188,
        "min": 129.19921875,
        "var": 2682046.25
    },
    "spectral_skewness": {
        "dmean": 0.283395975828,
        "dmean2": 0.454737633467,
        "dvar": 0.0617278367281,
        "dvar2": 0.157782569528,
        "max": 2.78759765625,
        "mean": 1.17695450783,
        "median": 1.16244077682,
        "min": 0.062938913703,
        "var": 0.146763965487
    },
    "spectral_spread": {
        "dmean": 680768.75,
        "dmean2": 1079549.875,
        "dvar": 462267711488,
        "dvar2": 1.11220018381e+12,
        "max": 7913866,
        "mean": 3920942.25,
        "median": 3761976,
        "min": 1481962.5,
        "var": 961807974400
    },
    "spectral_strongpeak": {
        "dmean": 0.612760961056,
        "dmean2": 1.029743433,
        "dvar": 1.51379954815,
        "dvar2": 3.63893699646,
        "max": 10.4842653275,
        "mean": 0.88472700119,
        "median": 0.416011035442,
        "min": 0.0231108833104,
        "var": 1.84327018261
    },
    "zerocrossingrate": {
        "dmean": 0.0137829855084,
        "dmean2": 0.0175943877548,
        "dvar": 0.000193638261408,
        "dvar2": 0.000295543170068,
        "max": 0.1982421875,
        "mean": 0.058109998703,
        "median": 0.0537109375,
        "min": 0.0048828125,
        "var": 0.000712066714186
    },
    "barkbands": {
        "dmean": [2.27956388699e-06, 0.000384472077712, 0.00154347100761, 0.00251726759598, 0.00150855828542, 0.000494559877552, 0.000541866174899, 0.000326925946865, 0.000538691529073, 0.000269698735792, 0.000270207528956, 0.000215219639358, 0.000251310208114, 0.000381821912015, 0.000283388246316, 0.000372546870494, 0.000585786707234, 0.000274887977866, 0.000325034867274, 0.00023774766305, 0.000206931683351, 0.000258362182649, 0.000575980928261, 0.000288110721158, 4.54905166407e-05, 7.46813020669e-06, 1.23949472908e-09],
        "dmean2": [4.11680321122e-06, 0.000612959789578, 0.00235471315682, 0.00376750342548, 0.00252117705531, 0.000817918393295, 0.000854387821164, 0.000497589877341, 0.00080820574658, 0.000352578528691, 0.000403793761507, 0.000301166001009, 0.00035898500937, 0.000552506593522, 0.000422063108999, 0.000556423212402, 0.000858012062963, 0.000437254580902, 0.000491678598337, 0.000380220037187, 0.000333225703798, 0.000457401009044, 0.00109747145325, 0.000542752852198, 8.34303282318e-05, 1.29464006022e-05, 2.03530814424e-09],
        "dvar": [3.75263362051e-11, 2.9989391237e-07, 3.96671384806e-06, 1.07955556814e-05, 3.926125828e-06, 8.97723396065e-07, 1.79270421086e-06, 1.24635994325e-06, 2.91238734462e-06, 1.51786309743e-06, 5.74637510908e-07, 4.45742273314e-07, 1.03941044927e-06, 1.9524113668e-06, 3.40490061035e-07, 9.58506120696e-07, 1.42326007335e-06, 2.31048531418e-07, 3.45802220636e-07, 2.59848405904e-07, 1.86883738706e-07, 5.6086571476e-07, 4.27967461292e-06, 1.16151193197e-06, 1.81247123976e-08, 7.20174420099e-10, 1.36542703714e-16],
        "dvar2": [1.10427500477e-10, 6.42563293241e-07, 8.04949286248e-06, 2.32788042922e-05, 1.03428765215e-05, 2.34192543758e-06, 4.19485240855e-06, 2.41212364926e-06, 6.59462784824e-06, 1.87036016541e-06, 1.29025397655e-06, 7.48443142129e-07, 1.80405925221e-06, 3.46330307366e-06, 7.55100302285e-07, 2.05113656193e-06, 2.85306259684e-06, 5.64169909012e-07, 7.82790152698e-07, 5.8950621451e-07, 4.60281370351e-07, 1.57888189278e-06, 1.2390682059e-05, 3.3763801639e-06, 5.17648466314e-08, 2.03446059999e-09, 1.41222229875e-16],
        "max": [0.000141376105603, 0.00611555250362, 0.0282167103142, 0.0489579066634, 0.0176447015256, 0.0181742664427, 0.019951056689, 0.0318058617413, 0.0261757969856, 0.0426296629012, 0.0122589077801, 0.0110712712631, 0.0319011583924, 0.0337307192385, 0.00859304331243, 0.023534277454, 0.0152195133269, 0.00582415889949, 0.00709861237556, 0.0108701968566, 0.00435610162094, 0.00779905263335, 0.0231895167381, 0.0157473199069, 0.00149055058137, 0.000348000350641, 4.17463809299e-07],
        "mean": [2.07278344533e-06, 0.000606525398325, 0.00236655445769, 0.00447223102674, 0.0023529981263, 0.000798839260824, 0.000777208420914, 0.000435788591858, 0.000862319895532, 0.000531636818778, 0.000463465607027, 0.000319319980917, 0.000325110420818, 0.000560510961805, 0.0004836890148, 0.000534388411324, 0.000895276782103, 0.000406417297199, 0.000446307123639, 0.000294546975056, 0.000245437520789, 0.00021933359676, 0.000335510412697, 0.000175415392732, 3.00230967696e-05, 5.65076425119e-06, 1.02540520519e-09],
        "median": [9.49104673964e-07, 0.000230439458392, 0.00128824927378, 0.00249714078382, 0.00156385207083, 0.00035585265141, 0.000282638269709, 7.18791488907e-05, 0.000328194757458, 0.000132683228003, 0.00013865926303, 6.06692556175e-05, 5.67160313949e-05, 0.000121416400361, 0.000196105815121, 0.000199309331947, 0.000364246312529, 0.000172506319359, 0.000141471798997, 8.84325127117e-05, 5.91419448028e-05, 4.47722268291e-05, 1.84058735613e-05, 1.43866318467e-05, 3.34412834491e-06, 3.58420891189e-07, 2.86849821673e-10],
        "min": [1.27879939971e-09, 8.3698516562e-08, 8.04906932217e-08, 1.44362573451e-07, 8.8619754024e-06, 3.8674201619e-07, 1.62422838912e-06, 2.62658346628e-07, 6.0171066707e-07, 1.85083607107e-07, 9.90463746575e-08, 1.89509094639e-07, 4.4257586751e-07, 7.27910219211e-07, 5.21771085005e-07, 1.01748753423e-06, 5.51909181468e-07, 3.74389315994e-07, 5.03334774749e-07, 1.78128445327e-07, 1.16144391882e-07, 1.37911797538e-07, 4.82401460999e-08, 5.21621714711e-08, 6.14102262375e-08, 1.82116908359e-11, 1.27007874703e-11],
        "var": [2.44718550979e-11, 8.39790402551e-07, 9.92962395685e-06, 3.38710597134e-05, 5.93379627389e-06, 2.13437806451e-06, 2.88640512736e-06, 3.00080910165e-06, 4.13565658164e-06, 6.61836929794e-06, 8.34491061141e-07, 1.04660250599e-06, 2.1080818442e-06, 3.44260115526e-06, 6.63321486627e-07, 1.60379727276e-06, 2.32505408349e-06, 3.28753088752e-07, 5.60656758353e-07, 4.35285500089e-07, 2.36497299966e-07, 3.7418175225e-07, 2.34517415265e-06, 6.35995604625e-07, 1.06638067265e-08, 4.50704334964e-10, 1.35930457712e-16]
    },
    "erbbands": {
        "dmean": [0.00212111417204, 0.13533487916, 1.48639440536, 4.80113077164, 6.65056276321, 5.42774057388, 4.36738157272, 3.96420836449, 6.21270847321, 8.45143985748, 7.47791147232, 12.8008403778, 10.5067796707, 6.13191843033, 11.1804914474, 7.47647476196, 12.0351905823, 18.7189502716, 13.5780353546, 16.9956607819, 24.1282081604, 22.1103534698, 19.6963500977, 13.9902067184, 17.2124423981, 11.2634086609, 6.91300582886, 9.64099979401, 7.32584762573, 17.5707588196, 16.0742740631, 7.61617708206, 4.21550512314, 0.90175652504, 0.163389310241, 0.0380872115493, 0.0145199643448, 0.00148408580571, 3.67086395272e-05, 1.27379771584e-05],
        "dmean2": [0.00341987237334, 0.212694779038, 2.25465917587, 7.34584999084, 10.4847707748, 9.057513237, 7.28269577026, 6.42188882828, 9.41968917847, 13.5863761902, 11.3807411194, 18.889957428, 14.5868463516, 8.93656253815, 15.9526786804, 10.0843439102, 16.9320240021, 26.3451805115, 19.4541912079, 24.9571590424, 35.8563842773, 31.8621063232, 30.0894451141, 21.4397602081, 26.1854190826, 17.392457962, 10.74152565, 15.9430465698, 12.3400030136, 33.2614059448, 30.6288509369, 14.4512500763, 7.88626861572, 1.65916264057, 0.298117697239, 0.0689822360873, 0.0247577857226, 0.00248534209095, 6.13449738012e-05, 2.00592457986e-05],
        "dvar": [1.0872009625e-05, 0.0379871316254, 4.07173395157, 36.1827201843, 71.1383514404, 59.8105239868, 73.9265213013, 65.8736724854, 211.947128296, 765.066162109, 642.496459961, 1741.23278809, 2155.89135742, 503.280761719, 891.174560547, 469.170135498, 2567.86914062, 6183.83056641, 914.33203125, 2099.15356445, 2362.15527344, 2069.80639648, 1154.02392578, 571.660339355, 1046.04785156, 559.909606934, 197.781707764, 490.858032227, 310.441650391, 4763.92431641, 3791.45581055, 821.23248291, 219.173416138, 6.62016916275, 0.290325522423, 0.023576606065, 0.00236810045317, 1.73796088347e-05, 1.02733546115e-08, 5.39387090548e-10],
        "dvar2": [2.78786119452e-05, 0.0781804025173, 8.0247592926, 81.269821167, 170.841033936, 157.157180786, 190.706588745, 156.319076538, 464.475494385, 1778.42041016, 1436.22839355, 3634.86401367, 3321.0546875, 1233.60131836, 1838.15759277, 788.236694336, 4663.73291016, 10694.0898438, 1913.73022461, 4957.375, 4411.48242188, 4150.34570312, 2393.02197266, 1304.18981934, 2432.41796875, 1228.58959961, 431.84954834, 1263.40893555, 842.360473633, 13888.5634766, 10985.1142578, 2391.54833984, 631.066650391, 18.8176078796, 0.835334062576, 0.0681773275137, 0.00658360915259, 4.63484393549e-05, 2.79718559426e-08, 1.42733413977e-09],
        "max": [0.0570962429047, 2.44164037704, 29.2055702209, 86.6377334595, 108.418182373, 83.1314849854, 142.98878479, 135.920394897, 221.530639648, 650.164428711, 584.427429199, 817.074829102, 1496.18518066, 609.980224609, 684.795593262, 416.685638428, 1696.68164062, 2085.52929688, 454.667938232, 912.252441406, 1137.88427734, 822.471435547, 486.857452393, 343.253112793, 507.147827148, 591.200134277, 275.125701904, 221.359176636, 197.54473877, 787.697265625, 933.112854004, 424.253692627, 213.369796753, 25.0458278656, 6.9825129509, 2.14216327667, 0.622552156448, 0.039177056402, 0.0010039084591, 0.000242290843744],
        "mean": [0.00376868224703, 0.225657999516, 2.46199631691, 8.99304580688, 11.5421447754, 8.01817989349, 6.24996519089, 6.39271640778, 9.89305782318, 10.861743927, 10.6791477203, 21.1177368164, 21.1224269867, 12.1004390717, 20.316942215, 12.3340044022, 16.3330307007, 27.1122303009, 23.0601997375, 27.5050449371, 36.7577629089, 35.0411949158, 30.1673736572, 21.355014801, 23.6234607697, 14.5766353607, 9.11190319061, 10.6724748611, 7.13082551956, 10.6520442963, 9.36794757843, 4.52332353592, 2.62135219574, 0.592767179012, 0.109058447182, 0.026330890134, 0.0114098927006, 0.00117864308413, 3.69976078218e-05, 2.62695630227e-05],
        "median": [0.00216615153477, 0.0988419502974, 1.38075709343, 5.71288585663, 7.31126403809, 5.0265622139, 3.04451417923, 3.06465673447, 3.91406345367, 3.01919102669, 3.39656710625, 8.43082904816, 3.38622689247, 7.14914655685, 7.29535675049, 2.80763936043, 3.33409976959, 4.72795248032, 10.6310138702, 8.65539455414, 15.772974968, 17.5452804565, 12.7978334427, 9.21127796173, 7.35079193115, 4.56901502609, 2.76797485352, 2.26896882057, 1.70558559895, 0.776180386543, 0.501232504845, 0.335764616728, 0.215540647507, 0.0679537951946, 0.0105595299974, 0.001838390599, 0.000746092002373, 7.23623161321e-05, 1.18350053526e-05, 1.92903789866e-05],
        "min": [2.84926818495e-06, 3.57909084414e-05, 0.000174787695869, 0.00113259733189, 0.0121256755665, 0.0452605225146, 0.00938934832811, 0.0171717014164, 0.0321865528822, 0.0273653473705, 0.008674306795, 0.011581026949, 0.00851966161281, 0.0098980711773, 0.00954774115235, 0.00830405391753, 0.017618810758, 0.0260475035757, 0.0314230397344, 0.0529685281217, 0.0692078843713, 0.055681552738, 0.0218480620533, 0.0302400738001, 0.0243787802756, 0.0112465173006, 0.00474433740601, 0.00530159892514, 0.00437689898536, 0.00316344969906, 0.00148514693137, 0.00107752531767, 0.000823963375296, 0.000530269520823, 0.000198008929146, 1.82879448403e-05, 3.62491186934e-06, 7.47647675325e-07, 6.24862195764e-07, 7.60431817071e-07],
        "var": [2.17177966988e-05, 0.102930955589, 10.5745000839, 106.641082764, 161.294113159, 86.1393966675, 119.764152527, 120.722396851, 368.584747314, 1175.62133789, 1000.68457031, 2603.12597656, 9608.27050781, 588.760803223, 1752.1192627, 1236.08129883, 4917.50488281, 11350.546875, 1764.7265625, 3176.24682617, 4548.49072266, 3187.61938477, 1928.47021484, 929.644226074, 1764.7755127, 970.817260742, 360.850341797, 550.85760498, 255.723434448, 2584.73510742, 2074.81176758, 445.794952393, 123.482887268, 3.93030500412, 0.167889550328, 0.0134660936892, 0.00156522716861, 1.30893749883e-05, 7.43079198173e-09, 5.86406978531e-10]
    },
    "gfcc": {
        "mean": [-27.9020690918, 102.103103638, -141.092971802, 53.3138160706, -61.4312591553, 1.95475304127, -43.0363578796, -2.97259759903, -24.8099765778, -18.2633552551, -22.0588417053, -13.9250259399, -11.7403392792],
        "cov": [[3399.69824219, -1039.6953125, -248.056716919, 48.1516342163, -174.65914917, 298.693725586, -194.028533936, 132.658111572, -94.8131332397, 8.4127702713, -135.063980103, 36.8017959595, -58.438835144], [-1039.6953125, 1125.2064209, 4.65969419479, -134.587753296, 274.328552246, -90.7585144043, 179.552139282, -44.2844352722, 110.09198761, -114.620285034, 68.6994552612, -114.003921509, 107.063331604], [-248.056716919, 4.65969419479, 714.819152832, 239.256378174, 4.30104589462, 174.811737061, -37.887462616, 37.3480529785, -45.5722579956, -6.30413103104, -33.6826934814, 8.1454334259, -31.7217731476], [48.1516342163, -134.587753296, 239.256378174, 390.422607422, 72.7476272583, 86.5312652588, -70.1546554565, 50.9782600403, 22.7278347015, -39.9280014038, 16.7786598206, -18.0230331421, 30.1489276886], [-174.65914917, 274.328552246, 4.30104589462, 72.7476272583, 339.999786377, 2.92603063583, 5.4340133667, 35.4416618347, 37.8041687012, -51.9732627869, -22.5451564789, -10.4773588181, 44.7691726685], [298.693725586, -90.7585144043, 174.811737061, 86.5312652588, 2.92603063583, 288.56060791, 8.40336704254, 35.5090675354, -19.705411911, -38.2217674255, -9.41651630402, -22.3804607391, 28.3414287567], [-194.028533936, 179.552139282, -37.887462616, -70.1546554565, 5.4340133667, 8.40336704254, 205.677963257, 3.90105438232, -19.234336853, 0.492967486382, 15.0073442459, -2.276450634, -3.70747232437], [132.658111572, -44.2844352722, 37.3480529785, 50.9782600403, 35.4416618347, 35.5090675354, 3.90105438232, 152.093597412, 12.7946557999, -54.3808288574, -5.9741153717, 6.69399118423, 17.8253517151], [-94.8131332397, 110.09198761, -45.5722579956, 22.7278347015, 37.8041687012, -19.705411911, -19.234336853, 12.7946557999, 118.950515747, 3.19265151024, 17.0365886688, -20.1811103821, 28.2252902985], [8.4127702713, -114.620285034, -6.30413103104, -39.9280014038, -51.9732627869, -38.2217674255, 0.492967486382, -54.3808288574, 3.19265151024, 153.053421021, 2.73184013367, 19.1713619232, -29.860124588], [-135.063980103, 68.6994552612, -33.6826934814, 16.7786598206, -22.5451564789, -9.41651630402, 15.0073442459, -5.9741153717, 17.0365886688, 2.73184013367, 87.8180160522, -10.1990633011, 2.34224748611], [36.8017959595, -114.003921509, 8.1454334259, -18.0230331421, -10.4773588181, -22.3804607391, -2.276450634, 6.69399118423, -20.1811103821, 19.1713619232, -10.1990633011, 87.7459030151, -14.8830108643], [-58.438835144, 107.063331604, -31.7217731476, 30.1489276886, 44.7691726685, 28.3414287567, -3.70747232437, 17.8253517151, 28.2252902985, -29.860124588, 2.34224748611, -14.8830108643, 89.6280441284]],
        "icov": [[0.000561778258998, 0.000116811032058, 0.000608105852734, -0.000217140055611, 0.000196499750018, -0.000842068868224, 0.000483614596305, -0.000532618432771, 0.000284842157271, -0.00020624465833, 0.000821836118121, -1.05148328657e-05, 0.00062743696617], [0.000116811032058, 0.00606050575152, -0.00360403745435, 0.00472155585885, -0.00436577480286, 0.00348532991484, -0.00437357416376, 0.00349588436075, -0.00392359821126, 0.0045612314716, -0.00517819682136, 0.00559766730294, -0.00600462639704], [0.000608105852734, -0.00360403745435, 0.00520259002224, -0.00451708119363, 0.00300191622227, -0.004237012472, 0.00329079525545, -0.00291987368837, 0.00324099510908, -0.00335690379143, 0.0050589046441, -0.0037237117067, 0.0057300250046], [-0.000217140055611, 0.00472155585885, -0.00451708119363, 0.00794917810708, -0.0042617036961, 0.00293398043141, -0.00244583794847, 0.00234691239893, -0.00357219111174, 0.00396854663268, -0.00618798891082, 0.00484774075449, -0.0060074548237], [0.000196499750018, -0.00436577480286, 0.00300191622227, -0.0042617036961, 0.00687047187239, -0.00260556512512, 0.00288415746763, -0.00292010395788, 0.00203352700919, -0.00254950998351, 0.00558040104806, -0.00417075958103, 0.00360316596925], [-0.000842068868224, 0.00348532991484, -0.004237012472, 0.00293398043141, -0.00260556512512, 0.00814306456596, -0.00388113246299, 0.0024455639068, -0.00199070363306, 0.00356914033182, -0.00419950811192, 0.00453793583438, -0.00643999502063], [0.000483614596305, -0.00437357416376, 0.00329079525545, -0.00244583794847, 0.00288415746763, -0.00388113246299, 0.00929978862405, -0.00373182934709, 0.00432034069672, -0.00382962590083, 0.00308429729193, -0.0037588106934, 0.00509944558144], [-0.000532618432771, 0.00349588436075, -0.00291987368837, 0.00234691239893, -0.00292010395788, 0.0024455639068, -0.00373182934709, 0.0109023619443, -0.00402519572526, 0.00572277791798, -0.00332897668704, 0.0015445362078, -0.00446580629796], [0.000284842157271, -0.00392359821126, 0.00324099510908, -0.00357219111174, 0.00203352700919, -0.00199070363306, 0.00432034069672, -0.00402519572526, 0.0135506056249, -0.00482326839119, 0.00204302952625, -0.00140939594712, 0.00165261665825], [-0.00020624465833, 0.0045612314716, -0.00335690379143, 0.00396854663268, -0.00254950998351, 0.00356914033182, -0.00382962590083, 0.00572277791798, -0.00482326839119, 0.0121856592596, -0.00423849746585, 0.00240760459565, -0.00316851818934], [0.000821836118121, -0.00517819682136, 0.0050589046441, -0.00618798891082, 0.00558040104806, -0.00419950811192, 0.00308429729193, -0.00332897668704, 0.00204302952625, -0.00423849746585, 0.0191309824586, -0.00413090037182, 0.00668216217309], [-1.05148328657e-05, 0.00559766730294, -0.0037237117067, 0.00484774075449, -0.00417075958103, 0.00453793583438, -0.0037588106934, 0.0015445362078, -0.00140939594712, 0.00240760459565, -0.00413090037182, 0.0182691309601, -0.0050688018091], [0.00062743696617, -0.00600462639704, 0.0057300250046, -0.0060074548237, 0.00360316596925, -0.00643999502063, 0.00509944558144, -0.00446580629796, 0.00165261665825, -0.00316851818934, 0.00668216217309, -0.0050688018091, 0.021531175822]]
    },
    "melbands": {
        "dmean": [5.60521257285e-05, 0.000558702915441, 0.000893689633813, 0.000381986174034, 0.000171249834239, 8.97804566193e-05, 0.000100871715404, 8.70319054229e-05, 6.6032866016e-05, 7.98518303782e-05, 5.17119769938e-05, 2.36404084717e-05, 3.99939672207e-05, 2.56301555055e-05, 2.35804782278e-05, 3.00571555272e-05, 3.69604531443e-05, 2.22203034355e-05, 2.44001039391e-05, 2.38222637563e-05, 3.23073691106e-05, 1.94258627744e-05, 3.7375579268e-05, 1.17747658805e-05, 1.12594880193e-05, 1.44623709275e-05, 1.01831910797e-05, 7.06937544237e-06, 4.53431221104e-06, 3.95993583879e-06, 6.67314907332e-06, 3.88633361581e-06, 6.0609945649e-06, 1.00946845123e-05, 8.71398788149e-06, 6.67010272082e-06, 4.71001976621e-06, 3.49751985596e-06, 1.50870221205e-06, 4.8384913498e-07],
        "dmean2": [8.9851411758e-05, 0.000852211262099, 0.00134243804496, 0.000615855213255, 0.00028710681363, 0.000146371996379, 0.000154546782142, 0.000140103424201, 0.000100083147117, 0.000117467505333, 7.09364903742e-05, 3.51515336661e-05, 5.8265242842e-05, 3.58852703357e-05, 3.42307212122e-05, 4.05304963351e-05, 5.44116956007e-05, 3.19547471008e-05, 3.59679906978e-05, 3.56055606971e-05, 4.89637604915e-05, 2.83245735773e-05, 5.56813211006e-05, 1.91980689124e-05, 1.72760665009e-05, 2.25440307986e-05, 1.62414798979e-05, 1.09860930024e-05, 7.13974623068e-06, 6.40831240162e-06, 1.11051986096e-05, 6.40488133286e-06, 1.11380413728e-05, 1.92495317606e-05, 1.66057325259e-05, 1.26496961457e-05, 9.00326176634e-06, 6.56903375784e-06, 2.80970425592e-06, 8.82693086623e-07],
        "dvar": [6.24061469168e-09, 5.82236111768e-07, 1.25104384097e-06, 2.08035729088e-07, 9.88858701589e-08, 3.12778354328e-08, 5.55833139515e-08, 7.95385517449e-08, 5.48393046529e-08, 6.41204778162e-08, 5.57855273087e-08, 8.0320381457e-09, 1.05456363642e-08, 6.4542593492e-09, 8.70677396847e-09, 1.91295850271e-08, 2.13805879667e-08, 3.11093462102e-09, 2.65796495924e-09, 8.08032929456e-09, 4.27106439105e-09, 1.67923519534e-09, 5.60050095189e-09, 5.74947645049e-10, 4.19791340578e-10, 7.81992637311e-10, 4.63491106606e-10, 2.28730256957e-10, 1.05734719591e-10, 7.3577484383e-11, 2.75576478304e-10, 8.27817120408e-11, 4.35095015572e-10, 1.6888356269e-09, 1.15672693646e-09, 6.40916819616e-10, 4.61215843295e-10, 1.75748790521e-10, 2.10180553517e-11, 1.95369501826e-12],
        "dvar2": [1.39240006192e-08, 1.15552563784e-06, 2.67313862423e-06, 5.26254211763e-07, 2.63493802777e-07, 7.4656753668e-08, 1.21391138919e-07, 1.75419472725e-07, 1.33325926299e-07, 1.36910159654e-07, 8.51338981533e-08, 1.92067197702e-08, 2.21737792572e-08, 1.04536894696e-08, 1.72726739578e-08, 3.39236798652e-08, 3.83981557661e-08, 6.3370442227e-09, 5.84909765067e-09, 1.9739930579e-08, 8.41551806019e-09, 3.53477380699e-09, 1.12175637668e-08, 1.50672996302e-09, 9.44907263545e-10, 1.8501705723e-09, 1.16589338184e-09, 5.06025499281e-10, 2.15207449084e-10, 1.8240346733e-10, 7.2813588492e-10, 2.19927631662e-10, 1.25324906008e-09, 4.93337415364e-09, 3.35247385408e-09, 1.85933490826e-09, 1.35589994787e-09, 5.0833565135e-10, 5.99525776246e-11, 5.54749822468e-12],
        "max": [0.000860842992552, 0.0108814360574, 0.0165106579661, 0.00402848981321, 0.00373676838353, 0.00287824566476, 0.00391102675349, 0.0064767380245, 0.00446015782654, 0.00514431856573, 0.00771623943001, 0.00239180517383, 0.00175683340058, 0.00150430214126, 0.0018898807466, 0.00359623576514, 0.00353057566099, 0.0009129254031, 0.000572951510549, 0.00213613803498, 0.00126837322023, 0.000701682001818, 0.0010575534543, 0.000236661158851, 0.000344072701409, 0.000322195177432, 0.000243721719016, 0.00038195119123, 0.000251036253758, 9.78788593784e-05, 0.0001836084557, 0.000112809364509, 0.000210118916584, 0.000484770542243, 0.000524445145857, 0.000364385428838, 0.000395253533497, 0.00021264787938, 4.83150979562e-05, 1.18683637993e-05],
        "mean": [9.01738239918e-05, 0.000904177955817, 0.00173205137253, 0.000688953034114, 0.000243229937041, 0.000143484401633, 0.000158505834406, 0.000115512812044, 9.71049521468e-05, 0.00012786591833, 0.000101120625914, 4.41361698904e-05, 7.3088624049e-05, 3.92465626646e-05, 3.14602621074e-05, 3.72304166376e-05, 5.2010123909e-05, 3.43086830981e-05, 4.12629560742e-05, 3.17825724778e-05, 4.74398948427e-05, 2.93216507998e-05, 5.52529163542e-05, 1.41529053508e-05, 1.67685102497e-05, 1.8635601009e-05, 1.311106098e-05, 8.75552086654e-06, 5.94888024352e-06, 4.77122512166e-06, 6.90906881573e-06, 4.04743923355e-06, 4.20032620241e-06, 5.94039192947e-06, 5.09550727656e-06, 3.92448191633e-06, 2.74812350654e-06, 2.15081286115e-06, 9.701569752e-07, 3.28022366602e-07],
        "median": [3.73229122488e-05, 0.000472839456052, 0.00110176112503, 0.000467855250463, 0.000132948916871, 6.59310608171e-05, 5.91063144384e-05, 2.818642497e-05, 3.47590284946e-05, 4.85238306283e-05, 1.13000114652e-05, 2.46562740358e-05, 2.36118903558e-05, 7.99844565336e-06, 5.38028643859e-06, 5.74876821702e-06, 9.08154834178e-06, 1.48354347402e-05, 1.30091866595e-05, 9.30982787395e-06, 1.98143352463e-05, 1.3347435015e-05, 1.75062887138e-05, 5.28154350832e-06, 6.73967088005e-06, 5.4354140957e-06, 3.71570831703e-06, 2.55405416283e-06, 1.76362175353e-06, 1.27781845549e-06, 1.2725436136e-06, 1.03115519323e-06, 5.8267858094e-07, 3.41139724469e-07, 2.78575157608e-07, 2.48992705565e-07, 1.78353801061e-07, 1.63012487064e-07, 1.0118739624e-07, 3.97377313277e-08],
        "min": [3.61053906772e-08, 1.00927920244e-07, 1.00779374179e-07, 2.38080542658e-06, 6.24578376573e-07, 3.26551514718e-07, 3.74741546239e-07, 2.4122326181e-07, 6.81492622334e-08, 6.75085871649e-08, 2.74504401432e-08, 3.85282490356e-08, 2.3561463891e-08, 3.28236566816e-08, 2.42019080332e-08, 4.73320014294e-08, 5.34865947088e-08, 3.80442379821e-08, 4.36872937826e-08, 8.44369267838e-08, 8.28030408684e-08, 3.13817984932e-08, 2.88362649314e-08, 1.6166771033e-08, 2.59826489213e-08, 1.85304696032e-08, 1.13216431785e-08, 5.94268634302e-09, 2.70207012321e-09, 2.1210211365e-09, 3.30393712389e-09, 2.01400074396e-09, 1.97083793729e-09, 1.39885403261e-09, 8.48232151185e-10, 7.00478064442e-10, 5.7656301955e-10, 5.00588626107e-10, 3.46595641076e-10, 3.83081233402e-10],
