{
"highlevel": {
    "danceability": {
        "all": {
            "danceable": 0.61038172245,
            "not_danceable": 0.38961827755
        },
        "probability": 0.61038172245,
        "value": "danceable"
    },
    "gender": {
        "all": {
            "female": 0.0308497417718,
            "male": 0.96915024519
        },
        "probability": 0.96915024519,
        "value": "male"
    },
    "genre_dortmund": {
        "all": {
            "alternative": 0.110846579075,
            "blues": 0.0501700043678,
            "electronic": 0.00308810942806,
            "folkcountry": 0.0942189916968,
            "funksoulrnb": 0.0167623199522,
            "jazz": 0.0118920477107,
            "pop": 0.068291798234,
            "raphiphop": 0.0131287910044,
            "rock": 0.631601393223
        },
        "probability": 0.631601393223,
        "value": "rock"
    },
    "genre_electronic": {
        "all": {
            "ambient": 0.452411293983,
            "dnb": 0.263443589211,
            "house": 0.153792187572,
            "techno": 0.0119681898504,
            "trance": 0.118384726346
        },
        "probability": 0.452411293983,
        "value": "ambient"
    },
    "genre_rosamerica": {
        "all": {
            "cla": 0.0140229649842,
            "dan": 0.00982062891126,
            "hip": 0.0425419434905,
            "jaz": 0.00677389791235,
            "pop": 0.117046564817,
            "rhy": 0.134963914752,
            "roc": 0.67043620348,
            "spe": 0.00439384905621
        },
        "probability": 0.67043620348,
        "value": "roc"
    },
    "genre_tzanetakis": {
        "all": {
            "blu": 0.0656644701958,
            "cla": 0.0364695340395,
            "cou": 0.0820628255606,
            "dis": 0.0821015685797,
            "hip": 0.10950666666,
            "jaz": 0.328603833914,
            "met": 0.065705023706,
            "pop": 0.0656858757138,
            "reg": 0.0547322966158,
            "roc": 0.109467886388
        },
        "probability": 0.328603833914,
        "value": "jaz"
    },
    "ismir04_rhythm": {
        "all": {
            "ChaChaCha": 0.0496531240642,
            "Jive": 0.163785234094,
            "Quickstep": 0.0946569889784,
            "Rumba-American": 0.00568011123687,
            "Rumba-International": 0.0336539521813,
            "Rumba-Misc": 0.0101365689188,
            "Samba": 0.257418185472,
            "Tango": 0.0191542916,
            "VienneseWaltz": 0.346785396338,
            "Waltz": 0.0190761350095
        },
        "probability": 0.346785396338,
        "value": "VienneseWaltz"
    },
    "mood_acoustic": {
        "all": {
            "acoustic": 0.0422824583948,
            "not_acoustic": 0.95771753788
        },
        "probability": 0.95771753788,
        "value": "not_acoustic"
    },
    "mood_aggressive": {
        "all": {
            "aggressive": 0.249210387468,
            "not_aggressive": 0.750789582729
        },
        "probability": 0.750789582729,
        "value": "not_aggressive"
    },
    "mood_electronic": {
        "all": {
            "electronic": 0.0781015977263,
            "not_electronic": 0.921898424625
        },
        "probability": 0.921898424625,
        "value": "not_electronic"
    },
    "mood_happy": {
        "all": {
            "happy": 0.505657076836,
            "not_happy": 0.494342923164
        },
        "probability": 0.505657076836,
        "value": "happy"
    },
    "mood_party": {
        "all": {
            "not_party": 0.664443731308,
            "party": 0.335556268692
        },
        "probability": 0.664443731308,
        "value": "not_party"
    },
    "mood_relaxed": {
        "all": {
            "not_relaxed": 0.853390395641,
            "relaxed": 0.146609604359
        },
        "probability": 0.853390395641,
        "value": "not_relaxed"
    },
    "mood_sad": {
        "all": {
            "not_sad": 0.652006149292,
            "sad": 0.34799388051
        },
        "probability": 0.652006149292,
        "value": "not_sad"
    },
    "moods_mirex": {
        "all": {
            "Cluster1": 0.317819774151,
            "Cluster2": 0.198177844286,
            "Cluster3": 0.289497613907,
            "Cluster4": 0.12092063576,
            "Cluster5": 0.0735841318965
        },
        "probability": 0.317819774151,
        "value": "Cluster1"
    },
    "timbre": {
        "all": {
            "bright": 0.974101603031,
            "dark": 0.0258984230459
        },
        "probability": 0.974101603031,
        "value": "bright"
    },
    "tonal_atonal": {
        "all": {
            "atonal": 0.0175155308098,
            "tonal": 0.982484459877
        },
        "probability": 0.982484459877,
        "value": "tonal"
    },
    "voice_instrumental": {
        "all": {
            "instrumental": 0.000149914616486,
            "voice": 0.999850094318
        },
        "probability": 0.999850094318,
        "value": "voice"
    }
},
"lowlevel": {
    "average_loudness": 0.942647099495,
    "barkbands_crest": {
        "dmean": 2.49765944481,
        "dmean2": 3.9516916275,
        "dvar": 6.44778347015,
        "dvar2": 14.6343250275,
        "max": 23.786491394,
        "mean": 8.97874259949,
        "median": 8.16951084137,
        "min": 2.133061409,
        "var": 14.4776000977
    },
    "barkbands_flatness_db": {
        "dmean": 0.0188285242766,
        "dmean2": 0.0293747056276,
        "dvar": 0.000368378125131,
        "dvar2": 0.000830467790365,
        "max": 0.305919468403,
        "mean": 0.139706254005,
        "median": 0.130179196596,
        "min": 0.058761652559,
        "var": 0.0019873585552
    },
    "barkbands_kurtosis": {
        "dmean": 1.89955580235,
        "dmean2": 3.06046676636,
        "dvar": 28.3164424896,
        "dvar2": 75.1316986084,
        "max": 99.7194747925,
        "mean": 1.33820962906,
        "median": 0.338717460632,
        "min": -1.87814962864,
        "var": 25.3017940521
    },
    "barkbands_skewness": {
        "dmean": 0.47961512208,
        "dmean2": 0.717995762825,
        "dvar": 0.35671120882,
        "dvar2": 0.792818427086,
        "max": 9.46674537659,
        "mean": 1.02138984203,
        "median": 1.03549623489,
        "min": -2.35197019577,
        "var": 1.11367893219
    },
    "barkbands_spread": {
        "dmean": 6.90833902359,
        "dmean2": 10.2784776688,
        "dvar": 75.2081451416,
        "dvar2": 129.846893311,
        "max": 100.979286194,
        "mean": 30.8087806702,
        "median": 27.737865448,
        "min": 2.98527860641,
        "var": 260.843444824
    },
    "dissonance": {
        "dmean": 0.0127688618377,
        "dmean2": 0.0212056040764,
        "dvar": 0.000175978246261,
        "dvar2": 0.000483893643832,
        "max": 0.499999970198,
        "mean": 0.474261909723,
        "median": 0.478721082211,
        "min": 0.361020922661,
        "var": 0.000344479165506
    },
    "dynamic_complexity": 2.65309715271,
    "erbbands_crest": {
        "dmean": 2.56115412712,
        "dmean2": 4.20502853394,
        "dvar": 6.6887011528,
        "dvar2": 15.3746213913,
        "max": 27.9875984192,
        "mean": 8.99636363983,
        "median": 7.92090892792,
        "min": 2.335958004,
        "var": 20.9852619171
    },
    "erbbands_flatness_db": {
        "dmean": 0.0155602442101,
        "dmean2": 0.0220172926784,
        "dvar": 0.00023354034056,
        "dvar2": 0.000412830966525,
        "max": 0.340283185244,
        "mean": 0.166758045554,
        "median": 0.153453961015,
        "min": 0.0651805475354,
        "var": 0.00372361508198
    },
    "erbbands_kurtosis": {
        "dmean": 0.732328534126,
        "dmean2": 1.1521487236,
        "dvar": 0.832269370556,
        "dvar2": 1.85890710354,
        "max": 10.7792615891,
        "mean": 0.0900332927704,
        "median": -0.445437669754,
        "min": -1.78067207336,
        "var": 2.69680476189
    },
    "erbbands_skewness": {
        "dmean": 0.350929439068,
        "dmean2": 0.523449063301,
        "dvar": 0.110213644803,
        "dvar2": 0.211994200945,
        "max": 2.21974301338,
        "mean": -0.266399145126,
        "median": -0.299009352922,
        "min": -2.60681533813,
        "var": 0.683665692806
    },
    "erbbands_spread": {
        "dmean": 7.83818626404,
        "dmean2": 11.8569726944,
        "dvar": 63.5529823303,
        "dvar2": 126.034156799,
        "max": 108.9581604,
        "mean": 43.4831771851,
        "median": 41.5782928467,
        "min": 7.34211111069,
        "var": 318.739379883
    },
    "hfc": {
        "dmean": 6.40548658371,
        "dmean2": 8.95666599274,
        "dvar": 90.7066802979,
        "dvar2": 159.658432007,
        "max": 170.658416748,
        "mean": 24.6969642639,
        "median": 18.95570755,
        "min": 0.637169539928,
        "var": 420.362243652
    },
    "melbands_crest": {
        "dmean": 3.0464951992,
        "dmean2": 4.84464502335,
        "dvar": 8.36319923401,
        "dvar2": 19.7866744995,
        "max": 32.8372802734,
        "mean": 12.781788826,
        "median": 12.0036916733,
        "min": 3.79774928093,
        "var": 21.4296836853
    },
    "melbands_flatness_db": {
        "dmean": 0.0245051905513,
        "dmean2": 0.0368881858885,
        "dvar": 0.000662369769998,
        "dvar2": 0.00132429716177,
        "max": 0.391213595867,
        "mean": 0.169481784105,
        "median": 0.164039567113,
        "min": 0.035820197314,
        "var": 0.00337379728444
    },
    "melbands_kurtosis": {
        "dmean": 5.52987289429,
        "dmean2": 8.73387241364,
        "dvar": 227.086105347,
        "dvar2": 559.164001465,
        "max": 286.830657959,
        "mean": 9.21805667877,
        "median": 5.37264823914,
        "min": -1.77603924274,
        "var": 262.488525391
    },
    "melbands_skewness": {
        "dmean": 0.643692135811,
        "dmean2": 0.955189704895,
        "dvar": 0.71413141489,
        "dvar2": 1.49712896347,
        "max": 13.8622093201,
        "mean": 2.36706995964,
        "median": 2.15737533569,
        "min": -1.13559007645,
        "var": 2.28918433189
    },
    "melbands_spread": {
        "dmean": 9.41026210785,
        "dmean2": 13.9233169556,
        "dvar": 129.423233032,
        "dvar2": 252.271102905,
        "max": 161.964935303,
        "mean": 34.5471000671,
        "median": 28.1085090637,
        "min": 1.32392418385,
        "var": 494.483032227
    },
    "pitch_salience": {
        "dmean": 0.0667574182153,
        "dmean2": 0.105434134603,
        "dvar": 0.00406413059682,
        "dvar2": 0.00975509453565,
        "max": 0.836268544197,
        "mean": 0.576346814632,
        "median": 0.587060272694,
        "min": 0.176393583417,
        "var": 0.010640848428
    },
    "silence_rate_20dB": {
        "dmean": 0,
        "dmean2": 0,
        "dvar": 0,
        "dvar2": 0,
        "max": 1,
        "mean": 1,
        "median": 1,
        "min": 1,
        "var": 0
    },
    "silence_rate_30dB": {
        "dmean": 0,
        "dmean2": 0,
        "dvar": 0,
        "dvar2": 0,
        "max": 1,
        "mean": 1,
        "median": 1,
        "min": 1,
        "var": 0
    },
    "silence_rate_60dB": {
        "dmean": 0.0170278642327,
        "dmean2": 0.0340821072459,
        "dvar": 0.0167378857732,
        "dvar2": 0.0375681333244,
        "max": 1,
        "mean": 0.0286156218499,
        "median": 0,
        "min": 0,
        "var": 0.0277962647378
    },
    "spectral_centroid": {
        "dmean": 272.150146484,
        "dmean2": 400.621551514,
        "dvar": 77628.1640625,
        "dvar2": 165962.390625,
        "max": 3912.39770508,
        "mean": 1754.35461426,
        "median": 1666.4440918,
        "min": 540.979614258,
        "var": 378356.84375
    },
    "spectral_complexity": {
        "dmean": 3.9574303627,
        "dmean2": 5.98140954971,
        "dvar": 15.466460228,
        "dvar2": 30.3558521271,
        "max": 53,
        "mean": 22.3588562012,
        "median": 22,
        "min": 0,
        "var": 83.9454421997
    },
    "spectral_decrease": {
        "dmean": 2.25546137322e-09,
        "dmean2": 3.51386519881e-09,
        "dvar": 1.54095393594e-17,
        "dvar2": 3.61741202731e-17,
        "max": -5.5063394816e-11,
        "mean": -6.05114314212e-09,
        "median": -5.06550268398e-09,
        "min": -3.31727605385e-08,
        "var": 2.61713063669e-17
    },
    "spectral_energy": {
        "dmean": 0.00876972824335,
        "dmean2": 0.0136208711192,
        "dvar": 0.000224378047278,
        "dvar2": 0.000528845412191,
        "max": 0.128224864602,
        "mean": 0.0250785183161,
        "median": 0.0215140134096,
        "min": 0.00033923733281,
        "var": 0.000403279351303
    },
    "spectral_energyband_high": {
        "dmean": 0.000456760899397,
        "dmean2": 0.000590295938309,
        "dvar": 9.83496988738e-07,
        "dvar2": 1.36831783948e-06,
        "max": 0.0200369823724,
        "mean": 0.00120807648636,
        "median": 0.000592467491515,
        "min": 1.09962797978e-06,
        "var": 4.19050275013e-06
    },
    "spectral_energyband_low": {
        "dmean": 0.00525358691812,
        "dmean2": 0.00845060031861,
        "dvar": 0.000190032587852,
        "dvar2": 0.000461311661638,
        "max": 0.108119674027,
        "mean": 0.00769965024665,
        "median": 0.00363514269702,
        "min": 8.95094126463e-06,
        "var": 0.000203293398954
    },
    "spectral_energyband_middle_high": {
        "dmean": 0.00186683412176,
        "dmean2": 0.00281745707616,
        "dvar": 9.37803542911e-06,
        "dvar2": 2.2207337679e-05,
        "max": 0.0405925810337,
        "mean": 0.00546503253281,
        "median": 0.00370490225032,
        "min": 6.303293776e-05,
        "var": 2.90252864943e-05
    },
    "spectral_energyband_middle_low": {
        "dmean": 0.00448340596631,
        "dmean2": 0.00691999169067,
        "dvar": 4.63791802758e-05,
        "dvar2": 0.000103829108411,
        "max": 0.0823754146695,
        "mean": 0.0117869861424,
        "median": 0.00883452966809,
        "min": 2.71858916676e-05,
        "var": 0.000112324341899
    },
    "spectral_entropy": {
        "dmean": 0.129626691341,
        "dmean2": 0.187166839838,
        "dvar": 0.0186609141529,
        "dvar2": 0.0358575433493,
        "max": 8.64174461365,
        "mean": 7.65979242325,
        "median": 7.70219612122,
        "min": 6.34698057175,
        "var": 0.173581838608
    },
    "spectral_flux": {
        "dmean": 0.0246305707842,
        "dmean2": 0.0365478731692,
        "dvar": 0.000988507992588,
        "dvar2": 0.00194378581364,
        "max": 0.308584392071,
        "mean": 0.083312176168,
        "median": 0.0744614750147,
        "min": 0.0104881804436,
        "var": 0.00268787285313
    },
    "spectral_kurtosis": {
        "dmean": 1.84641385078,
        "dmean2": 3.17428874969,
        "dvar": 6.61527013779,
        "dvar2": 20.4365730286,
        "max": 26.8254375458,
        "mean": 3.76063489914,
        "median": 2.82422780991,
        "min": -0.462859869003,
        "var": 11.2900466919
    },
    "spectral_rms": {
        "dmean": 0.000734660949092,
        "dmean2": 0.00109915598296,
        "dvar": 1.03221304926e-06,
        "dvar2": 2.21951131607e-06,
        "max": 0.0111846961081,
        "mean": 0.00458574574441,
        "median": 0.00458140578121,
        "min": 0.000575294077862,
        "var": 3.43775946021e-06
    },
    "spectral_rolloff": {
        "dmean": 726.047241211,
        "dmean2": 1169.5982666,
        "dvar": 1594280.75,
        "dvar2": 2934341.5,
        "max": 11929.3945312,
        "mean": 2335.00341797,
        "median": 2024.12109375,
        "min": 64.599609375,
        "var": 4180122.5
    },
    "spectral_skewness": {
        "dmean": 0.238761737943,
        "dmean2": 0.388731598854,
        "dvar": 0.0764877796173,
        "dvar2": 0.213650166988,
        "max": 3.29643845558,
        "mean": 1.18327724934,
        "median": 1.1653329134,
        "min": -0.167492642999,
        "var": 0.147638231516
    },
    "spectral_spread": {
        "dmean": 531054.625,
        "dmean2": 750659.875,
        "dvar": 493236649984,
        "dvar2": 802267791360,
        "max": 11280863,
        "mean": 4309733,
        "median": 4129994.5,
        "min": 1310026.25,
        "var": 3.01619242598e+12
    },
    "spectral_strongpeak": {
        "dmean": 0.56918913126,
        "dmean2": 0.983116924763,
        "dvar": 1.13697814941,
        "dvar2": 2.88403558731,
        "max": 10.3319234848,
        "mean": 1.10753691196,
        "median": 0.571109056473,
        "min": 0.0286955107003,
        "var": 1.93663978577
    },
    "zerocrossingrate": {
        "dmean": 0.0142980990931,
        "dmean2": 0.0159695576876,
        "dvar": 0.000340739439707,
        "dvar2": 0.000325886590872,
        "max": 0.3203125,
        "mean": 0.0837392881513,
        "median": 0.07080078125,
        "min": 0.0185546875,
        "var": 0.00224436842836
    },
    "barkbands": {
        "dmean": [0.000119548727525, 0.00392573093995, 0.00137379637454, 0.00160064490046, 0.00170951883774, 0.00072984356666, 0.000875118828844, 0.00102378882002, 0.00106375315227, 0.000418840558268, 0.000471382314572, 0.000341825070791, 0.000231763406191, 0.000312573742121, 0.000386435654946, 0.00038869222044, 0.000321479164995, 0.000295102188829, 0.000193998217583, 0.000140694261063, 7.70012047724e-05, 0.000101593104773, 9.49485547608e-05, 0.000104039281723, 0.00010533996101, 5.1511971833e-05, 4.6666706055e-09],
        "dmean2": [0.000197373388801, 0.00640120450407, 0.00246575474739, 0.00263019977137, 0.00273080100305, 0.00120440265164, 0.00140332442243, 0.00160631281324, 0.00168794498313, 0.000647424603812, 0.000724415993318, 0.000546653755009, 0.000364622537745, 0.000494630890898, 0.000623213651124, 0.000629087153357, 0.000513260543812, 0.000466733734356, 0.000313641270623, 0.000224098199396, 0.000117409872473, 0.000146009901073, 0.000133548266604, 0.000140322081279, 0.000146540871356, 7.18425580999e-05, 6.87722634396e-09],
        "dvar": [1.11440613182e-07, 0.000146354839671, 1.25453289002e-05, 9.58155123953e-06, 8.57168652146e-06, 2.11722067434e-06, 2.64552272711e-06, 6.17261639491e-06, 9.1604397312e-06, 1.88685453395e-06, 2.52000359069e-06, 1.52430993694e-06, 4.03058123766e-07, 8.27174176266e-07, 9.7017709777e-07, 5.83641622143e-07, 2.46690518679e-07, 2.04673540338e-07, 5.9195553348e-08, 5.34185140566e-08, 2.15739781595e-08, 4.72689158926e-08, 4.53446702409e-08, 7.27808924239e-08, 1.00204580633e-07, 2.76348224304e-08, 4.80474780649e-15],
        "dvar2": [2.81440350136e-07, 0.000360468693543, 3.66743115592e-05, 2.48280230153e-05, 2.15849158849e-05, 5.19735976923e-06, 6.18072635916e-06, 1.38068289743e-05, 2.02496648853e-05, 3.60906142305e-06, 5.73992792852e-06, 3.88157468478e-06, 9.56582425715e-07, 1.99709870685e-06, 2.35098468693e-06, 1.51248934799e-06, 5.77031300963e-07, 4.74517520388e-07, 1.45562211173e-07, 1.34622183623e-07, 4.96493584023e-08, 8.22079044838e-08, 6.98064397398e-08, 1.13633738863e-07, 1.72118276964e-07, 5.40659605974e-08, 4.98439756537e-15],
        "max": [0.00263453018852, 0.10057130456, 0.0438915714622, 0.0349221974611, 0.0279795527458, 0.0165697261691, 0.031559240073, 0.030202711001, 0.044151045382, 0.028349366039, 0.0323206745088, 0.0277436077595, 0.00877409428358, 0.0149759408087, 0.0160129833966, 0.0173891205341, 0.0101191271096, 0.0112869227305, 0.00298865046352, 0.00264330301434, 0.00244602141902, 0.00389209436253, 0.00496735190973, 0.00539007037878, 0.00533245597035, 0.0027688536793, 2.46306058216e-06],
        "mean": [0.000116048249765, 0.00492561003193, 0.00165567186195, 0.00265167606995, 0.00295741343871, 0.0011754562147, 0.00164321565535, 0.00139948446304, 0.00171484798193, 0.000568306481, 0.000681018165778, 0.000472246756544, 0.00028226149152, 0.000400666700443, 0.000581248721574, 0.000738877686672, 0.000649408320896, 0.000633657735307, 0.000447355298093, 0.000281169574009, 0.00018166207883, 0.000238320048084, 0.000225897500059, 0.000212814367842, 0.00017238628061, 7.17980656191e-05, 3.92782961711e-09],
        "median": [6.48097511657e-06, 0.00103345199022, 0.000858760613482, 0.0012645686511, 0.00190829322673, 0.000573609839194, 0.000831226119772, 0.000306331261527, 0.000364841136616, 0.000146756443428, 0.000133868001285, 0.000128032101202, 8.29846758279e-05, 0.000150389896589, 0.000201300776098, 0.000454503373476, 0.000373115442926, 0.000435491470853, 0.000351964408765, 0.0001953739702, 0.00011441262177, 0.000114933834993, 0.000116125280329, 6.97733703419e-05, 2.17524193431e-05, 3.73383477381e-06, 3.62471552773e-10],
        "min": [2.55966847718e-09, 5.26706344317e-07, 4.56783993741e-07, 5.28220027718e-07, 3.71107512365e-06, 2.04496404876e-06, 1.90430284874e-06, 5.34782770956e-07, 6.99369309132e-07, 5.81578149195e-07, 3.30513898916e-07, 4.69742474252e-07, 1.668043069e-06, 1.9880947093e-06, 2.06361710298e-06, 7.00582404534e-06, 5.67662209505e-06, 3.10154996441e-06, 6.71288171361e-06, 9.52191214765e-07, 5.29245880898e-07, 1.5116272678e-08, 3.0301814391e-09, 5.57746140939e-11, 3.73644899743e-11, 5.99427799064e-12, 8.32890700853e-12],
        "var": [1.18488145517e-07, 0.000143879267853, 9.04967055249e-06, 1.36374565045e-05, 1.2373187019e-05, 3.13642044603e-06, 7.0480937211e-06, 1.14274753287e-05, 2.48068208748e-05, 3.99219243263e-06, 5.33112915946e-06, 1.83921031294e-06, 5.02724731177e-07, 9.43971315337e-07, 1.50573202973e-06, 1.09088534828e-06, 7.1544951652e-07, 6.13953432094e-07, 1.36268596407e-07, 8.67461835696e-08, 5.51419176986e-08, 1.77583487471e-07, 1.59787944654e-07, 2.18856143874e-07, 2.64719744791e-07, 5.62283375416e-08, 4.77122732463e-15]
    },
    "erbbands": {
        "dmean": [0.117864653468, 0.918689191341, 1.74345171452, 3.02865290642, 5.80689620972, 6.31964492798, 5.68247079849, 6.68433761597, 7.62745141983, 20.4854106903, 20.3153858185, 20.4820575714, 18.9115333557, 13.5714673996, 14.762181282, 12.4074840546, 10.2536668777, 13.9717693329, 14.7309646606, 18.5657157898, 23.4809379578, 17.6984348297, 15.9021015167, 9.17049312592, 9.75401973724, 6.34761476517, 3.20124816895, 3.27369141579, 3.6056895256, 3.69528388977, 2.72737002373, 2.16215181351, 1.83364653587, 1.31435394287, 0.805519759655, 0.330413401127, 0.0788356587291, 0.00541591690853, 0.000109728636744, 1.48481394717e-05],
        "dmean2": [0.176108047366, 1.56462311745, 3.12762761116, 5.12391090393, 9.67082023621, 9.86651515961, 9.19187450409, 11.1281061172, 12.5248260498, 32.758556366, 30.55626297, 32.7256202698, 27.629535675, 20.6933040619, 22.0347061157, 19.7541236877, 15.739151001, 21.2648258209, 23.8277645111, 28.874994278, 37.6664123535, 28.6489181519, 25.6762657166, 14.3459863663, 15.7887401581, 10.1978139877, 5.04584169388, 4.97678804398, 5.2105050087, 5.41188430786, 3.85468125343, 2.97097849846, 2.52592897415, 1.94886469841, 1.16788041592, 0.465177446604, 0.109211064875, 0.00843320786953, 0.00015969965898, 2.17035740206e-05],
        "dvar": [0.127940416336, 8.15898799896, 20.459356308, 34.8019104004, 148.181259155, 92.5016174316, 109.982124329, 208.503707886, 198.501998901, 1776.64782715, 2759.4909668, 3793.26269531, 4325.36474609, 2064.29711914, 1813.10083008, 2793.02856445, 782.61151123, 1867.60473633, 1084.34936523, 1829.32141113, 1993.76647949, 916.453735352, 571.922851562, 130.831237793, 157.941314697, 125.823410034, 30.70170784, 48.0622596741, 57.1321334839, 81.4560546875, 36.5309143066, 27.395904541, 25.7204971313, 16.603263855, 5.91315603256, 1.20592200756, 0.0595054849982, 0.000360739300959, 1.22798979874e-07, 5.95489657584e-10],
        "dvar2": [0.287727832794, 21.6005764008, 59.2585067749, 94.1360778809, 374.653961182, 226.837646484, 257.310150146, 524.020263672, 519.725952148, 4034.23730469, 5815.05126953, 9229.17089844, 6866.3359375, 4153.41113281, 3943.98535156, 7377.77783203, 1848.62817383, 4479.73779297, 2776.33032227, 3966.90625, 5162.85302734, 2037.65722656, 1304.47961426, 303.497192383, 390.125, 320.061523438, 75.6205062866, 105.326911926, 108.712684631, 147.647735596, 60.6895332336, 41.5055351257, 48.6367912292, 34.3049201965, 10.7978696823, 2.38604784012, 0.108922593296, 0.000843367597554, 2.61126501755e-07, 1.22945509329e-09],
        "max": [2.98077297211, 23.6718616486, 54.664604187, 72.0125350952, 101.201728821, 118.696601868, 123.055305481, 182.806655884, 185.482086182, 667.430236816, 743.91192627, 1103.36218262, 1538.98864746, 1146.26586914, 649.940917969, 1344.37792969, 423.698028564, 731.541320801, 453.790039062, 668.583251953, 1014.91485596, 717.766540527, 565.063537598, 130.704406738, 134.740570068, 141.541381836, 80.8384094238, 114.54460907, 142.513198853, 192.444641113, 129.226623535, 105.288619995, 84.8547134399, 79.6953201294, 38.3890151978, 18.9321861267, 4.61754083633, 0.370163172483, 0.00712143629789, 0.000430831103586],
        "mean": [0.131389439106, 1.11630964279, 2.26182126999, 5.03446674347, 9.50330734253, 10.7307577133, 9.4067697525, 10.7945566177, 16.3476161957, 33.2030143738, 31.7727279663, 32.2938690186, 31.9652843475, 22.7973423004, 22.3249530792, 18.0469207764, 13.8903093338, 18.6458702087, 23.6695175171, 32.3426742554, 45.4350891113, 40.5544052124, 36.0875968933, 23.4428710938, 21.9829425812, 13.0282773972, 7.4723072052, 7.5045208931, 8.15409183502, 8.16943836212, 6.28845834732, 4.67343616486, 3.35919928551, 2.0573682785, 1.15308916569, 0.453819572926, 0.112136214972, 0.00668917689472, 0.000162321361131, 4.15261165472e-05],
        "median": [0.0156236663461, 0.264980822802, 1.29650938511, 2.66571855545, 5.87934589386, 6.14871549606, 4.65178728104, 5.77191162109, 8.71543693542, 11.1091680527, 8.96423435211, 6.97877931595, 6.30591344833, 5.70350170135, 5.467856884, 4.87353849411, 4.41147089005, 6.41303682327, 10.5855207443, 14.2715501785, 29.4858055115, 24.1071510315, 24.6637744904, 18.5833244324, 18.1387081146, 9.14852809906, 4.84690284729, 4.32843446732, 3.81696033478, 3.78441691399, 3.2593588829, 1.92017447948, 0.82051050663, 0.342610746622, 0.108246065676, 0.0260484144092, 0.00524574518204, 0.000271873810561, 2.72294091701e-05, 3.1761766877e-05],
        "min": [1.37787001222e-05, 0.000330882001435, 0.000710540218279, 0.00341671239585, 0.00778351491317, 0.022013599053, 0.0349418222904, 0.0380950607359, 0.0370758846402, 0.106820598245, 0.0248477514833, 0.0160135924816, 0.0240798704326, 0.0209864843637, 0.0215668324381, 0.093896701932, 0.0689539909363, 0.12409529835, 0.1270006001, 0.160790383816, 0.417741894722, 0.344070106745, 0.315328806639, 0.395230799913, 0.1346963346, 0.0399117134511, 0.031210904941, 0.0115361940116, 0.00125034002122, 0.000185020529898, 7.66168159316e-05, 1.31936712933e-05, 4.85628788738e-06, 3.82834286938e-06, 3.21142624671e-06, 2.49169170274e-06, 1.49978131958e-06, 3.39113540804e-07, 1.26223881125e-06, 1.18712125641e-06],
        "var": [0.149625062943, 6.83143997192, 14.7756910324, 42.9938659668, 166.314102173, 173.671722412, 204.57019043, 281.245697021, 415.596710205, 4259.80566406, 5929.29394531, 9159.984375, 14126.265625, 6439.18457031, 3557.17553711, 3000.59985352, 1071.98486328, 2296.4074707, 1649.03015137, 3217.19335938, 3938.09399414, 3061.37963867, 1775.77026367, 356.609222412, 326.648254395, 188.267578125, 76.7582397461, 115.685638428, 196.946044922, 250.247314453, 118.687583923, 87.7202301025, 65.4895858765, 35.9303359985, 13.2676563263, 2.33119273186, 0.137028589845, 0.000550402444787, 2.30412027236e-07, 1.65591129697e-09]
    },
    "gfcc": {
        "mean": [3.59897351265, 94.2176818848, -135.661361694, 51.6079597473, -60.4953231812, 2.15114045143, -45.1203346252, 11.4197664261, -17.228427887, -5.57964134216, -15.7499246597, -4.90831661224, -10.3635902405],
        "cov": [[4691.30419922, -2017.89477539, 1437.59277344, 0.842266082764, -784.506408691, 1532.63415527, -541.169494629, 417.018585205, -408.427520752, 50.2000846863, -414.433624268, 211.99961853, -240.365997314], [-2017.89477539, 2218.76782227, -1003.29248047, 49.87059021, 519.092651367, -763.648925781, 480.314666748, -292.271850586, 394.72744751, -207.999542236, 328.48059082, -288.276275635, 233.326553345], [1437.59277344, -1003.29248047, 1088.59985352, 104.854637146, -224.833618164, 619.864074707, -276.683868408, 175.538909912, -169.843780518, 136.812393188, -223.665176392, 165.488128662, -111.255744934], [0.842266082764, 49.87059021, 104.854637146, 360.729064941, 40.5819091797, 82.3305282593, 10.3195037842, 13.8746023178, 81.2390518188, -56.835773468, 49.4392929077, -29.7477893829, 53.4870529175], [-784.506408691, 519.092651367, -224.833618164, 40.5819091797, 390.869659424, -288.055877686, 166.915023804, -24.1984844208, 125.009078979, 28.8382949829, 69.5188522339, -36.5192298889, 68.1367034912], [1532.63415527, -763.648925781, 619.864074707, 82.3305282593, -288.055877686, 739.452636719, -175.077636719, 163.330184937, -136.420532227, 4.05602025986, -132.742797852, 65.9033737183, -71.6399230957], [-541.169494629, 480.314666748, -276.683868408, 10.3195037842, 166.915023804, -175.077636719, 265.389862061, -5.13026762009, 82.8662414551, -41.8959388733, 112.953994751, -42.9176521301, 33.6362724304], [417.018585205, -292.271850586, 175.538909912, 13.8746023178, -24.1984844208, 163.330184937, -5.13026762009, 185.495834351, -14.7337398529, 34.4674491882, -25.3764533997, 35.3870162964, -32.7234840393], [-408.427520752, 394.72744751, -169.843780518, 81.2390518188, 125.009078979, -136.420532227, 82.8662414551, -14.7337398529, 181.841278076, -30.7122402191, 64.8392181396, -69.7775802612, 61.4025001526], [50.2000846863, -207.999542236, 136.812393188, -56.835773468, 28.8382949829, 4.05602025986, -41.8959388733, 34.4674491882, -30.7122402191, 137.112792969, -23.660446167, 45.5216369629, -37.639881134], [-414.433624268, 328.48059082, -223.665176392, 49.4392929077, 69.5188522339, -132.742797852, 112.953994751, -25.3764533997, 64.8392181396, -23.660446167, 157.324264526, -28.5137195587, 38.2190933228], [211.99961853, -288.276275635, 165.488128662, -29.7477893829, -36.5192298889, 65.9033737183, -42.9176521301, 35.3870162964, -69.7775802612, 45.5216369629, -28.5137195587, 129.255325317, -20.1798782349], [-240.365997314, 233.326553345, -111.255744934, 53.4870529175, 68.1367034912, -71.6399230957, 33.6362724304, -32.7234840393, 61.4025001526, -37.639881134, 38.2190933228, -20.1798782349, 98.4175186157]],
        "icov": [[0.000906608940568, -0.000278152321698, 7.52581327106e-05, 7.11636675987e-06, 0.000512870843522, -0.00139152363408, 0.000614816555753, -0.000943068938795, 0.000359787460184, 2.16996049858e-05, 0.00073737319326, -0.00046337855747, 0.000465650926344], [-0.000278152321698, 0.00315155927092, -0.000946323794778, 0.00167791976128, -0.00181501393672, 0.0010758289136, -0.00221176166087, 0.00304127996787, -0.00235726707615, 0.00277353450656, -0.00293724704534, 0.0032468168065, -0.00198802817613], [7.52581327106e-05, -0.000946323794778, 0.00396595010534, -0.0022131674923, 0.00047382916091, -0.00227525271475, 0.00131523888558, -0.00107418326661, 0.000564880610909, -0.00343999499455, 0.00352924270555, -0.0032487118151, 0.0016177862417], [7.11636675987e-06, 0.00167791976128, -0.0022131674923, 0.00574749242514, -0.00194503914099, 5.68311297684e-05, -0.000177746944246, 0.00150787422899, -0.00268810242414, 0.0043245437555, -0.0044366158545, 0.00256254873239, -0.00205662846565], [0.000512870843522, -0.00181501393672, 0.00047382916091, -0.00194503914099, 0.00726974522695, 0.000548183568753, -0.00193182053044, -0.00236840872094, 8.32484438433e-05, -0.0048680906184, 0.00394032755867, -0.0017545792507, -0.00141660415102], [-0.00139152363408, 0.0010758289136, -0.00227525271475, 5.68311297684e-05, 0.000548183568753, 0.00637485226616, -0.00164666073397, -4.34623543697e-05, 0.000136172850034, 0.00197270070203, -0.00166854576673, 0.00269585917704, -0.00187261367682], [0.000614816555753, -0.00221176166087, 0.00131523888558, -0.000177746944246, -0.00193182053044, -0.00164666073397, 0.0102589363232, -0.00392807880417, 0.00136637652759, 0.00139551260509, -0.00206320057623, -0.00253470777534, 0.00361783918925], [-0.000943068938795, 0.00304127996787, -0.00107418326661, 0.00150787422899, -0.00236840872094, -4.34623543697e-05, -0.00392807880417, 0.0115388780832, -0.00411019288003, 0.00097760441713, -0.0029142096173, 0.00168175937142, -0.000345310079865], [0.000359787460184, -0.00235726707615, 0.000564880610909, -0.00268810242414, 8.32484438433e-05, 0.000136172850034, 0.00136637652759, -0.00411019288003, 0.0129686808214, -0.00211077812128, 0.00118062796537, 0.00200973870233, -0.00217017298564], [2.16996049858e-05, 0.00277353450656, -0.00343999499455, 0.0043245437555, -0.0048680906184, 0.00197270070203, 0.00139551260509, 0.00097760441713, -0.00211077812128, 0.0164664406329, -0.00591336842626, 0.00144906213973, 0.00210092891939], [0.00073737319326, -0.00293724704534, 0.00352924270555, -0.0044366158545, 0.00394032755867, -0.00166854576673, -0.00206320057623, -0.0029142096173, 0.00118062796537, -0.00591336842626, 0.0163017660379, -0.00480638165027, 0.000644643383566], [-0.00046337855747, 0.0032468168065, -0.0032487118151, 0.00256254873239, -0.0017545792507, 0.00269585917704, -0.00253470777534, 0.00168175937142, 0.00200973870233, 0.00144906213973, -0.00480638165027, 0.0160752274096, -0.00482886889949], [0.000465650926344, -0.00198802817613, 0.0016177862417, -0.00205662846565, -0.00141660415102, -0.00187261367682, 0.00361783918925, -0.000345310079865, -0.00217017298564, 0.00210092891939, 0.000644643383566, -0.00482886889949, 0.0181411299855]]
    },
    "melbands": {
        "dmean": [0.00105919037014, 0.000993307097815, 0.000639173202217, 0.000381554360501, 0.000222833623411, 0.000144416248077, 0.000133420020575, 0.000227952361456, 0.000164143217262, 0.0001389808167, 9.38340235734e-05, 5.38117310498e-05, 6.07258989476e-05, 3.52624047082e-05, 3.12546471832e-05, 2.09025383811e-05, 2.90420830424e-05, 2.46160961979e-05, 3.2591749914e-05, 2.22709750233e-05, 2.97441129078e-05, 2.12309660128e-05, 1.82281328307e-05, 1.37423003252e-05, 7.78629510023e-06, 7.89553723735e-06, 7.06711716703e-06, 3.95054576074e-06, 2.23883353101e-06, 2.06771346711e-06, 2.12665304389e-06, 2.17318552131e-06, 2.38815869125e-06, 2.11066071643e-06, 1.80845813702e-06, 1.43962211041e-06, 1.46918569044e-06, 1.41773739415e-06, 1.32389629925e-06, 1.0955631069e-06],
        "dmean2": [0.00167387106922, 0.00174351851456, 0.00106066325679, 0.000614092918113, 0.000354649237124, 0.000239642162342, 0.000215379812289, 0.000362095539458, 0.000245485454798, 0.000222617440159, 0.000137569542858, 8.4075210907e-05, 9.31132672122e-05, 5.52483397769e-05, 4.99282177771e-05, 3.3610554965e-05, 4.44149154646e-05, 3.96966788685e-05, 5.23975686519e-05, 3.53388677468e-05, 4.86242133775e-05, 3.46557535522e-05, 2.84162451862e-05, 2.19066187128e-05, 1.23672361951e-05, 1.28664742078e-05, 1.1494618775e-05, 6.401122846e-06, 3.58466604666e-06, 3.29826343659e-06, 3.26137114826e-06, 3.25932819578e-06, 3.46593606082e-06, 3.15878423862e-06, 2.68395001513e-06, 2.10408052226e-06, 2.08959409065e-06, 2.03205195248e-06, 1.95629149857e-06, 1.66328459272e-06],
        "dvar": [1.07302084871e-05, 7.45565148463e-06, 1.46425816183e-06, 4.14991603748e-07, 1.4645698343e-07, 9.20678999705e-08, 5.68255273947e-08, 2.19126434331e-07, 1.86742383335e-07, 1.73680817284e-07, 1.05384700078e-07, 3.43233992339e-08, 3.75354645143e-08, 1.62510573887e-08, 1.20346870247e-08, 3.06525382854e-09, 9.29246191106e-09, 3.27686233703e-09, 9.19143872125e-09, 2.21439244719e-09, 2.67471911286e-09, 1.41611045112e-09, 1.16100251635e-09, 3.20968335243e-10, 9.88103904254e-11, 9.91637952308e-11, 1.05944329698e-10, 5.62225890843e-11, 1.51004920373e-11, 1.45855393735e-11, 2.23789251019e-11, 2.36389016001e-11, 2.72616460656e-11, 2.65694827251e-11, 1.82184753394e-11, 8.48267549952e-12, 1.45057160728e-11, 1.53258933322e-11, 1.58484649015e-11, 1.28946514924e-11],
        "dvar2": [2.52345107583e-05, 2.06322674785e-05, 3.7804591102e-06, 1.04029186332e-06, 3.50049958797e-07, 2.30036405924e-07, 1.42979629913e-07, 5.0267755114e-07, 3.87957271641e-07, 4.09475916285e-07, 1.68281687252e-07, 6.88244199409e-08, 8.66273666134e-08, 4.29756426001e-08, 2.65743729244e-08, 7.33300131728e-09, 2.22945040207e-08, 8.07099276301e-09, 2.11226396374e-08, 5.66658053813e-09, 6.81339162867e-09, 3.21103477141e-09, 2.87430723667e-09, 7.19378334679e-10, 2.34180091985e-10, 2.47702774958e-10, 2.62379590277e-10, 1.45051137768e-10, 3.88406390384e-11, 3.58944436674e-11, 4.90050881818e-11, 5.19687695655e-11, 4.90655502339e-11, 5.22195897634e-11, 3.68267603912e-11, 1.38668321617e-11, 2.49852395717e-11, 3.01649677459e-11, 3.5273148985e-11, 2.82627723308e-11],
        "max": [0.0280055291951, 0.0262884087861, 0.0121791362762, 0.00529317138717, 0.00457788817585, 0.00375959533267, 0.00416431436315, 0.00615327060223, 0.0078148022294, 0.00759219797328, 0.00746965222061, 0.00445301830769, 0.00320613291115, 0.00276560126804, 0.00214837281965, 0.000653896480799, 0.00168275309261, 0.000885929039214, 0.00176389282569, 0.000937315635383, 0.000979965901934, 0.000844264402986, 0.000863730732817, 0.000247340736678, 0.000105723287561, 0.000109234460979, 0.000111628476589, 0.000107424122689, 5.09739584231e-05, 6.8717985414e-05, 7.90924677858e-05, 9.79211035883e-05, 9.88603205769e-05, 0.000104583537905, 9.60414399742e-05, 6.26513647148e-05, 8.0087891547e-05, 6.64885956212e-05, 5.90581221331e-05, 7.41129624657e-05],
        "mean": [0.00127174216323, 0.00131151243113, 0.0010928347474, 0.000688116240781, 0.000388553744415, 0.000244081820711, 0.000268403324299, 0.000359955825843, 0.000258582324022, 0.000214679705095, 0.000154744819156, 8.59023493831e-05, 8.75658879522e-05, 4.88705663884e-05, 4.42941236543e-05, 2.57496540144e-05, 3.62931787095e-05, 3.44924737874e-05, 4.86938661197e-05, 4.05036480515e-05, 5.34229220648e-05, 4.18382696807e-05, 3.59404148185e-05, 2.91557644232e-05, 1.75552122528e-05, 1.70499370142e-05, 1.39015210152e-05, 7.32489115762e-06, 4.50853349321e-06, 4.48936498287e-06, 4.25533471571e-06, 4.4242747208e-06, 4.95936956213e-06, 4.3184295464e-06, 3.72007161786e-06, 3.09086340167e-06, 2.81439247374e-06, 2.45644673669e-06, 2.0295512968e-06, 1.60545243943e-06],
        "median": [0.000211790305912, 0.000642836443149, 0.00065299362177, 0.000489034457132, 0.000194711756194, 0.000139137497172, 0.00014492610353, 0.000108439584437, 6.63139362587e-05, 4.31647385994e-05, 2.93307057291e-05, 2.18599234358e-05, 1.90893133549e-05, 1.37065007948e-05, 1.02212616184e-05, 8.42506960907e-06, 1.14976537589e-05, 1.59954070114e-05, 1.48162471305e-05, 2.16522457777e-05, 3.32699019054e-05, 2.29009801842e-05, 2.10392954614e-05, 2.05795513466e-05, 1.28985120682e-05, 1.32667464641e-05, 1.00399884104e-05, 4.66778556074e-06, 2.70002738034e-06, 2.91207243208e-06, 2.20387119043e-06, 1.99227110897e-06, 2.24975860874e-06, 1.94264498532e-06, 1.90626769836e-06, 1.52608208737e-06, 9.88974989014e-07, 6.03381636211e-07, 3.51584446889e-07, 2.33846591868e-07],
        "min": [1.30498094109e-07, 5.78619676617e-07, 7.01229396327e-07, 8.33388810406e-07, 1.25873475554e-06, 4.09091853726e-07, 3.94286331584e-07, 1.06400625555e-06, 7.47464738993e-08, 1.06915379661e-07, 1.22440852124e-07, 8.71287682003e-08, 4.95900351893e-08, 7.75303448108e-08, 2.05764806083e-07, 1.93841700025e-07, 2.24034096163e-07, 2.00855097887e-07, 1.78728669198e-07, 2.45673703603e-07, 4.29853514561e-07, 2.56184023328e-07, 3.13059246082e-07, 1.24498669152e-07, 2.99154294225e-07, 1.39702777346e-07, 3.97645720795e-08, 2.1620092383e-08, 1.60658828463e-08, 1.60433373253e-08, 9.95518667501e-10, 5.53619594612e-10, 8.11245653987e-11, 7.56612272834e-11, 4.22225726604e-11, 3.81619041923e-12, 7.87752784011e-13, 3.69733540659e-13, 4.23973762998e-13, 3.54560863091e-13],
