{
"highlevel": {
    "danceability": {
        "all": {
            "danceable": 0.970439314842,
            "not_danceable": 0.0295606795698
        },
        "probability": 0.970439314842,
        "value": "danceable"
    },
    "gender": {
        "all": {
            "female": 0.669162988663,
            "male": 0.330837011337
        },
        "probability": 0.669162988663,
        "value": "female"
    },
    "genre_dortmund": {
        "all": {
            "alternative": 0.00675241928548,
            "blues": 0.0161815639585,
            "electronic": 0.437538415194,
            "folkcountry": 0.00979332067072,
            "funksoulrnb": 0.006898956839,
            "jazz": 0.225301727653,
            "pop": 0.00644082156941,
            "raphiphop": 0.28461560607,
            "rock": 0.00647718599066
        },
        "probability": 0.437538415194,
        "value": "electronic"
    },
    "genre_electronic": {
        "all": {
            "ambient": 0.386435270309,
            "dnb": 0.0356370769441,
            "house": 0.48834708333,
            "techno": 0.0561410449445,
            "trance": 0.0334395356476
        },
        "probability": 0.48834708333,
        "value": "house"
    },
    "genre_rosamerica": {
        "all": {
            "cla": 0.00595534034073,
            "dan": 0.00924378167838,
            "hip": 0.115355789661,
            "jaz": 0.0268365554512,
            "pop": 0.00430939951912,
            "rhy": 0.818602919579,
            "roc": 0.000828505377285,
            "spe": 0.0188676863909
        },
        "probability": 0.818602919579,
        "value": "rhy"
    },
    "genre_tzanetakis": {
        "all": {
            "blu": 0.00337126269005,
            "cla": 0.00306056020781,
            "cou": 0.00247548287734,
            "dis": 0.00367671530694,
            "hip": 0.530876219273,
            "jaz": 0.015749508515,
            "met": 0.000857399951201,
            "pop": 0.00860594119877,
            "reg": 0.409165114164,
            "roc": 0.0221618060023
        },
        "probability": 0.530876219273,
        "value": "hip"
    },
    "ismir04_rhythm": {
        "all": {
            "ChaChaCha": 0.023302976042,
            "Jive": 0.0100419837981,
            "Quickstep": 0.0126852849498,
            "Rumba-American": 0.0297508351505,
            "Rumba-International": 0.408432602882,
            "Rumba-Misc": 0.037953119725,
            "Samba": 0.0941330194473,
            "Tango": 0.179673224688,
            "VienneseWaltz": 0.148668602109,
            "Waltz": 0.0553583279252
        },
        "probability": 0.408432602882,
        "value": "Rumba-International"
    },
    "mood_acoustic": {
        "all": {
            "acoustic": 0.235697388649,
            "not_acoustic": 0.764302611351
        },
        "probability": 0.764302611351,
        "value": "not_acoustic"
    },
    "mood_aggressive": {
        "all": {
            "aggressive": 0.0285200830549,
            "not_aggressive": 0.971479892731
        },
        "probability": 0.971479892731,
        "value": "not_aggressive"
    },
    "mood_electronic": {
        "all": {
            "electronic": 0.967270672321,
            "not_electronic": 0.0327293090522
        },
        "probability": 0.967270672321,
        "value": "electronic"
    },
    "mood_happy": {
        "all": {
            "happy": 0.0336229242384,
            "not_happy": 0.966377079487
        },
        "probability": 0.966377079487,
        "value": "not_happy"
    },
    "mood_party": {
        "all": {
            "not_party": 0.656739771366,
            "party": 0.343260228634
        },
        "probability": 0.656739771366,
        "value": "not_party"
    },
    "mood_relaxed": {
        "all": {
            "not_relaxed": 0.192237526178,
            "relaxed": 0.807762444019
        },
        "probability": 0.807762444019,
        "value": "relaxed"
    },
    "mood_sad": {
        "all": {
            "not_sad": 0.83995693922,
            "sad": 0.160043075681
        },
        "probability": 0.83995693922,
        "value": "not_sad"
    },
    "moods_mirex": {
        "all": {
            "Cluster1": 0.276787251234,
            "Cluster2": 0.165933206677,
            "Cluster3": 0.338832676411,
            "Cluster4": 0.171513706446,
            "Cluster5": 0.046933170408
        },
        "probability": 0.338832676411,
        "value": "Cluster3"
    },
    "timbre": {
        "all": {
            "bright": 0.443048149347,
            "dark": 0.55695182085
        },
        "probability": 0.55695182085,
        "value": "dark"
    },
    "tonal_atonal": {
        "all": {
            "atonal": 0.03119488433,
            "tonal": 0.968805134296
        },
        "probability": 0.968805134296,
        "value": "tonal"
    },
    "voice_instrumental": {
        "all": {
            "instrumental": 1,
            "voice": 1.00662749247e-08
        },
        "probability": 1,
        "value": "instrumental"
    }
},
"lowlevel": {
    "average_loudness": 0.958797574043,
    "barkbands_crest": {
        "dmean": 3.29967427254,
        "dmean2": 5.04028320312,
        "dvar": 11.3831987381,
        "dvar2": 23.7249927521,
        "max": 26.7539463043,
        "mean": 16.3236160278,
        "median": 15.9686098099,
        "min": 2.63544797897,
        "var": 39.0714988708
    },
    "barkbands_flatness_db": {
        "dmean": 0.0454022623599,
        "dmean2": 0.0651483312249,
        "dvar": 0.00273853400722,
        "dvar2": 0.00528672337532,
        "max": 0.63421189785,
        "mean": 0.319484591484,
        "median": 0.303614795208,
        "min": 0.0996093377471,
        "var": 0.0117616318166
    },
    "barkbands_kurtosis": {
        "dmean": 32.9234390259,
        "dmean2": 54.8834495544,
        "dvar": 5664.54589844,
        "dvar2": 14087.2001953,
        "max": 813.98614502,
        "mean": 41.3793487549,
        "median": 9.94156360626,
        "min": -1.83067727089,
        "var": 8223.96484375
    },
    "barkbands_skewness": {
        "dmean": 1.69640147686,
        "dmean2": 2.69491791725,
        "dvar": 6.96971654892,
        "dvar2": 16.2969913483,
        "max": 26.431098938,
        "mean": 3.84131622314,
        "median": 2.55015301704,
        "min": -1.98597359657,
        "var": 15.3233709335
    },
    "barkbands_spread": {
        "dmean": 3.32334947586,
        "dmean2": 4.99993896484,
        "dvar": 28.2376041412,
        "dvar2": 65.3603210449,
        "max": 48.3686676025,
        "mean": 7.15652561188,
        "median": 4.78453588486,
        "min": 0.079379580915,
        "var": 55.0498123169
    },
    "dissonance": {
        "dmean": 0.0388497300446,
        "dmean2": 0.0621598698199,
        "dvar": 0.00142715044785,
        "dvar2": 0.0038326906506,
        "max": 0.499875545502,
        "mean": 0.42273747921,
        "median": 0.431717634201,
        "min": 0.160095900297,
        "var": 0.0030152099207
    },
    "dynamic_complexity": 2.87436270714,
    "erbbands_crest": {
        "dmean": 3.26869463921,
        "dmean2": 5.43493700027,
        "dvar": 8.95711803436,
        "dvar2": 22.8571033478,
        "max": 29.7583084106,
        "mean": 13.2296466827,
        "median": 12.6934251785,
        "min": 2.2881128788,
        "var": 22.3970088959
    },
    "erbbands_flatness_db": {
        "dmean": 0.0283548980951,
        "dmean2": 0.0411621332169,
        "dvar": 0.000901010178495,
        "dvar2": 0.0020917346701,
        "max": 0.404838711023,
        "mean": 0.265930116177,
        "median": 0.269856750965,
        "min": 0.0687781795859,
        "var": 0.00297450274229
    },
    "erbbands_kurtosis": {
        "dmean": 3.51311016083,
        "dmean2": 5.7781291008,
        "dvar": 45.3607673645,
        "dvar2": 116.124900818,
        "max": 64.0091247559,
        "mean": 3.89654922485,
        "median": 1.34633255005,
        "min": -1.89404034615,
        "var": 66.9133834839
    },
    "erbbands_skewness": {
        "dmean": 0.740033388138,
        "dmean2": 1.1592451334,
        "dvar": 0.778998613358,
        "dvar2": 1.88355004787,
        "max": 6.62189149857,
        "mean": 1.32931566238,
        "median": 1.2178106308,
        "min": -2.18349838257,
        "var": 1.59584128857
    },
    "erbbands_spread": {
        "dmean": 10.9162883759,
        "dmean2": 16.5179252625,
        "dvar": 278.07321167,
        "dvar2": 567.682678223,
        "max": 135.402038574,
        "mean": 27.9286365509,
        "median": 20.706861496,
        "min": 2.94122719765,
        "var": 528.329284668
    },
    "hfc": {
        "dmean": 7.12661838531,
        "dmean2": 10.1864347458,
        "dvar": 174.24621582,
        "dvar2": 367.673034668,
        "max": 122.972358704,
        "mean": 13.7075204849,
        "median": 8.7687330246,
        "min": 0.0287209562957,
        "var": 282.240539551
    },
    "melbands_crest": {
        "dmean": 3.29654955864,
        "dmean2": 4.98540973663,
        "dvar": 11.6667995453,
        "dvar2": 24.6602897644,
        "max": 35.5148468018,
        "mean": 19.5710945129,
        "median": 20.0529251099,
        "min": 3.60092973709,
        "var": 40.0798187256
    },
    "melbands_flatness_db": {
        "dmean": 0.0541575476527,
        "dmean2": 0.0738511234522,
        "dvar": 0.00407797144726,
        "dvar2": 0.00714352959767,
        "max": 0.765872955322,
        "mean": 0.376677542925,
        "median": 0.346985548735,
        "min": 0.0654756724834,
        "var": 0.0206521935761
    },
    "melbands_kurtosis": {
        "dmean": 36.3436660767,
        "dmean2": 57.4043273926,
        "dvar": 7007.67724609,
        "dvar2": 15796.8027344,
        "max": 711.82989502,
        "mean": 52.4719352722,
        "median": 17.1218585968,
        "min": -1.6924854517,
        "var": 10675.8349609
    },
    "melbands_skewness": {
        "dmean": 1.56890499592,
        "dmean2": 2.33536100388,
        "dvar": 5.46536684036,
        "dvar2": 11.4224472046,
        "max": 19.4522724152,
        "mean": 4.05336141586,
        "median": 3.02299237251,
        "min": -0.64324259758,
        "var": 11.1426906586
    },
    "melbands_spread": {
        "dmean": 4.33409261703,
        "dmean2": 6.4775018692,
        "dvar": 94.1977844238,
        "dvar2": 217.881072998,
        "max": 108.477630615,
        "mean": 8.43787288666,
        "median": 4.91250371933,
        "min": 0.277716875076,
        "var": 138.270996094
    },
    "pitch_salience": {
        "dmean": 0.0939224138856,
        "dmean2": 0.138944521546,
        "dvar": 0.0116138663143,
        "dvar2": 0.0238121785223,
        "max": 0.834855496883,
        "mean": 0.409517705441,
        "median": 0.42295306921,
        "min": 0.0304625760764,
        "var": 0.04304504022
    },
    "silence_rate_20dB": {
        "dmean": 0,
        "dmean2": 0,
        "dvar": 0,
        "dvar2": 0,
        "max": 1,
        "mean": 1,
        "median": 1,
        "min": 1,
        "var": 0
    },
    "silence_rate_30dB": {
        "dmean": 0.126934990287,
        "dmean2": 0.254066616297,
        "dvar": 0.110823146999,
        "dvar2": 0.24063783884,
        "max": 1,
        "mean": 0.843000769615,
        "median": 1,
        "min": 0,
        "var": 0.132350057364
    },
    "silence_rate_60dB": {
        "dmean": 0.0425696596503,
        "dmean2": 0.0844306722283,
        "dvar": 0.0407572984695,
        "dvar2": 0.0865963920951,
        "max": 1,
        "mean": 0.0672853812575,
        "median": 0,
        "min": 0,
        "var": 0.0627577975392
    },
    "spectral_centroid": {
        "dmean": 276.238067627,
        "dmean2": 389.044067383,
        "dvar": 200703.3125,
        "dvar2": 387048.9375,
        "max": 3758.77807617,
        "mean": 775.980712891,
        "median": 575.706298828,
        "min": 87.4501266479,
        "var": 432432.5625
    },
    "spectral_complexity": {
        "dmean": 3.21594429016,
        "dmean2": 4.26491069794,
        "dvar": 29.9820404053,
        "dvar2": 44.3838424683,
        "max": 57,
        "mean": 10.1036348343,
        "median": 7,
        "min": 0,
        "var": 101.135070801
    },
    "spectral_decrease": {
        "dmean": 6.06376948653e-09,
        "dmean2": 9.56862766799e-09,
        "dvar": 1.1632797126e-16,
        "dvar2": 2.62760102271e-16,
        "max": -1.50159554929e-11,
        "mean": -1.22322143525e-08,
        "median": -6.71178179701e-09,
        "min": -5.74017846589e-08,
        "var": 1.67016527172e-16
    },
    "spectral_energy": {
        "dmean": 0.0233813021332,
        "dmean2": 0.0367709584534,
        "dvar": 0.00168351014145,
        "dvar2": 0.00380361150019,
        "max": 0.21878169477,
        "mean": 0.0474104844034,
        "median": 0.0267468616366,
        "min": 5.92784563196e-05,
        "var": 0.00241648615338
    },
    "spectral_energyband_high": {
        "dmean": 0.000281846965663,
        "dmean2": 0.000427523860708,
        "dvar": 9.40792915571e-07,
        "dvar2": 2.22548169404e-06,
        "max": 0.0108306668699,
        "mean": 0.000276284205029,
        "median": 1.5746569261e-05,
        "min": 3.66450016998e-08,
        "var": 9.34894728744e-07
    },
    "spectral_energyband_low": {
        "dmean": 0.0190244466066,
        "dmean2": 0.0312464963645,
        "dvar": 0.00177755625919,
        "dvar2": 0.00416851881891,
        "max": 0.213050916791,
        "mean": 0.0321817994118,
        "median": 0.000749443599489,
        "min": 3.86216413517e-07,
        "var": 0.00249032583088
    },
    "spectral_energyband_middle_high": {
        "dmean": 0.0019842821639,
        "dmean2": 0.00294756283984,
        "dvar": 4.31751614087e-05,
        "dvar2": 0.000102055972093,
        "max": 0.0639231801033,
        "mean": 0.00263324775733,
        "median": 0.00049468211364,
        "min": 1.01906948657e-06,
        "var": 5.27633274032e-05
    },
    "spectral_energyband_middle_low": {
        "dmean": 0.0075277662836,
        "dmean2": 0.0123783480376,
        "dvar": 0.000185660930583,
        "dvar2": 0.000496833352372,
        "max": 0.0873758718371,
        "mean": 0.0133338822052,
        "median": 0.00760312424973,
        "min": 3.20265462506e-05,
        "var": 0.000224410585361
    },
    "spectral_entropy": {
        "dmean": 0.391003072262,
        "dmean2": 0.531858980656,
        "dvar": 0.174725100398,
        "dvar2": 0.345293521881,
        "max": 8.33332157135,
        "mean": 6.47734642029,
        "median": 6.31462955475,
        "min": 4.24042892456,
        "var": 0.667786717415
    },
    "spectral_flux": {
        "dmean": 0.0594483911991,
        "dmean2": 0.0885883867741,
        "dvar": 0.00602965522557,
        "dvar2": 0.0106049375609,
        "max": 0.448308855295,
        "mean": 0.0978259518743,
        "median": 0.0541062876582,
        "min": 0.00674228556454,
        "var": 0.0109553728253
    },
    "spectral_kurtosis": {
        "dmean": 9.71030807495,
        "dmean2": 15.7416114807,
        "dvar": 253.743347168,
        "dvar2": 663.694335938,
        "max": 160.032714844,
        "mean": 14.495426178,
        "median": 9.98003196716,
        "min": -0.827615499496,
        "var": 297.256439209
    },
    "spectral_rms": {
        "dmean": 0.00156248942949,
        "dmean2": 0.00230499636382,
        "dvar": 5.18190563525e-06,
        "dvar2": 1.01263867691e-05,
        "max": 0.0146097764373,
        "mean": 0.00590252084658,
        "median": 0.00510827777907,
        "min": 0.000240484179812,
        "var": 1.14144268082e-05
    },
    "spectral_rolloff": {
        "dmean": 279.181030273,
        "dmean2": 457.801086426,
        "dvar": 411959.15625,
        "dvar2": 899114.9375,
        "max": 5469.43359375,
        "mean": 657.952392578,
        "median": 495.263671875,
        "min": 64.599609375,
        "var": 706008.125
    },
    "spectral_skewness": {
        "dmean": 0.903823912144,
        "dmean2": 1.32255756855,
        "dvar": 1.11303031445,
        "dvar2": 2.63817572594,
        "max": 10.3988428116,
        "mean": 2.54287219048,
        "median": 2.51092624664,
        "min": -0.0536074563861,
        "var": 2.50512695312
    },
    "spectral_spread": {
        "dmean": 621706,
        "dmean2": 1010066.3125,
        "dvar": 517776146432,
        "dvar2": 1.34999873946e+12,
        "max": 7323814.5,
        "mean": 2972040.75,
        "median": 2877943.25,
        "min": 457925.125,
        "var": 939718213632
    },
    "spectral_strongpeak": {
        "dmean": 0.453221052885,
        "dmean2": 0.744874060154,
        "dvar": 0.346139788628,
        "dvar2": 0.84202760458,
        "max": 4.6519317627,
        "mean": 1.08718466759,
        "median": 0.722967028618,
        "min": 0.0191032998264,
        "var": 0.881989061832
    },
    "zerocrossingrate": {
        "dmean": 0.0069103888236,
        "dmean2": 0.00757308723405,
        "dvar": 8.69278446771e-05,
        "dvar2": 0.000100780154753,
        "max": 0.13671875,
        "mean": 0.0268532037735,
        "median": 0.02392578125,
        "min": 0.00244140625,
        "var": 0.000473455700558
    },
    "barkbands": {
        "dmean": [0.000105530125438, 0.0136520722881, 0.00711550423875, 0.00267491908744, 0.00163432431873, 0.00138799101114, 0.0014732509153, 0.00181892968249, 0.000315960962325, 0.000155763191287, 0.000576195074245, 0.000667681859341, 9.76492010523e-05, 9.76511946646e-05, 0.000209634454222, 0.00022958444606, 8.39964559418e-05, 7.17930815881e-05, 0.000210983096622, 0.00017941367696, 0.000104857834231, 9.08184083528e-05, 2.76297796518e-05, 2.18410173147e-06, 8.14284248918e-07, 4.16970948436e-07, 1.5009687937e-09],
        "dmean2": [0.000177917390829, 0.0230442881584, 0.0129711674526, 0.00518419314176, 0.00290531804785, 0.00191612169147, 0.00226630526595, 0.00254203355871, 0.000573290511966, 0.000262068584561, 0.000982404570095, 0.00122589920647, 0.000162034164532, 0.000136892384035, 0.000343922525644, 0.000343620049534, 0.000123494144646, 0.00011364902457, 0.000310598581564, 0.000274756224826, 0.000160496740136, 0.000144397185068, 3.86868632631e-05, 3.27172620018e-06, 1.36961432418e-06, 6.69896849104e-07, 2.77282796723e-09],
        "dvar": [1.36468514711e-07, 0.000955795811024, 0.000419602176407, 7.88785910117e-05, 1.59452883963e-05, 5.62655395697e-06, 1.24565012811e-05, 1.13397172754e-05, 6.31832108411e-07, 1.71754820144e-07, 6.10221513853e-06, 1.33392941279e-05, 1.02904927246e-07, 1.03896283576e-07, 5.16848444931e-07, 1.81985043923e-07, 7.87053338058e-08, 5.01550054821e-08, 5.01312456436e-07, 4.14121387848e-07, 1.31157662508e-07, 1.13647956823e-07, 7.44586570178e-09, 2.71577656197e-11, 8.62072999791e-12, 2.10988149695e-12, 1.49198203127e-17],
        "dvar2": [3.03528565837e-07, 0.00239121518098, 0.00117053324357, 0.000227997457841, 4.51424457424e-05, 1.07922051029e-05, 2.77256167465e-05, 1.94306649064e-05, 1.74987769697e-06, 4.18848316031e-07, 1.6344452888e-05, 3.87440231862e-05, 2.76681902278e-07, 1.82592458486e-07, 1.15271200229e-06, 3.5588072933e-07, 1.32648423801e-07, 1.12586938883e-07, 1.20535059978e-06, 1.01163755062e-06, 3.07744329575e-07, 2.90235419698e-07, 1.53881121179e-08, 6.06586586516e-11, 2.36940658066e-11, 5.56035686244e-12, 4.40872112542e-17],
        "max": [0.0125421965495, 0.185301408172, 0.110881313682, 0.0525353550911, 0.0287194475532, 0.032640568912, 0.0464733205736, 0.0367139428854, 0.00835239887238, 0.005179497879, 0.0209130402654, 0.0333239585161, 0.00305872200988, 0.00377496867441, 0.0106840422377, 0.00536179216579, 0.00315149873495, 0.00205243844539, 0.00721540441737, 0.00704303244129, 0.00397950410843, 0.00380407716148, 0.000930523441639, 0.000101433237433, 8.14514423837e-05, 2.05035466934e-05, 8.54972412867e-08],
        "mean": [0.000125031438074, 0.0259795393795, 0.00513957859948, 0.00148955080658, 0.00166998978239, 0.00352615071461, 0.0021449290216, 0.00407308712602, 0.000298228347674, 0.000223612267291, 0.000530721095856, 0.000459239730844, 0.00012030765356, 0.000144623350934, 0.000228844495723, 0.000470802246127, 0.000112465691927, 8.26708783279e-05, 0.000214020270505, 0.000163152362802, 9.88052997855e-05, 7.96842432464e-05, 3.04590939777e-05, 3.42114799423e-06, 1.19091112083e-06, 3.99922384986e-07, 1.18179011022e-09],
        "median": [7.31035015633e-06, 5.92235373915e-05, 0.000222828559345, 3.60136655218e-05, 0.000557709485292, 0.00149937206879, 0.000760261551477, 0.000775534659624, 4.97768924106e-05, 1.82035219041e-05, 2.93087177852e-05, 9.15999862627e-06, 7.36356605557e-06, 6.2945737227e-06, 1.0392904187e-05, 0.000125649705296, 4.11868268202e-06, 3.45258331436e-06, 5.63877392779e-06, 5.51800258108e-06, 4.3653699322e-06, 3.34729156748e-06, 2.24566838369e-06, 8.76756075741e-07, 3.70194271682e-07, 7.712499972e-09, 3.59952567752e-10],
        "min": [4.72786809702e-10, 5.0165652965e-08, 2.06953018278e-07, 2.32560193325e-08, 7.93708352376e-07, 2.36464279624e-06, 1.94263498088e-06, 3.44065199442e-07, 1.13003551405e-07, 3.17567447894e-08, 1.4637216772e-08, 1.11349880427e-08, 1.50854297942e-08, 6.09292083453e-09, 4.5281002059e-08, 1.80078636447e-08, 1.90839486436e-08, 1.05211723778e-08, 6.48732756403e-09, 1.32075310688e-08, 1.37388260768e-08, 7.01128000102e-09, 4.67987959496e-09, 3.00123648156e-10, 3.61581979635e-11, 9.32016963606e-12, 8.56518588693e-12],
        "var": [2.70944298109e-07, 0.00165428605396, 0.000268781004706, 4.28201819886e-05, 1.06993866211e-05, 2.35401785176e-05, 1.62197047757e-05, 4.92782855872e-05, 4.96012091844e-07, 3.12000480562e-07, 4.66641813546e-06, 8.00737507234e-06, 1.48442964587e-07, 2.00505127168e-07, 6.01744204687e-07, 5.79008371915e-07, 1.52791727714e-07, 7.25057418549e-08, 5.28900159225e-07, 3.78660871547e-07, 1.28682401623e-07, 9.51555279016e-08, 9.31253918424e-09, 7.78235392795e-11, 2.16686564525e-11, 2.30179330457e-12, 9.1202080567e-18]
    },
    "erbbands": {
        "dmean": [0.237510159612, 3.64709281921, 8.84152412415, 8.86698818207, 6.56658029556, 5.02300310135, 9.64245033264, 10.4658002853, 13.8939790726, 44.5376167297, 18.376996994, 7.95166254044, 6.13631105423, 8.07329940796, 30.6325740814, 19.0894908905, 4.97445631027, 5.48661613464, 8.38607978821, 11.7387895584, 8.72642326355, 4.26726722717, 3.8601398468, 3.29598355293, 14.701253891, 11.137919426, 4.8062286377, 3.39411973953, 3.17309904099, 2.29189944267, 0.609152495861, 0.071560792625, 0.0334170348942, 0.0124207697809, 0.00414485158399, 0.00120697892271, 0.000978103838861, 0.00013133851462, 1.24912385218e-05, 2.58633644989e-05],
        "dmean2": [0.377383947372, 6.21497774124, 15.623591423, 16.8440818787, 12.6661214828, 8.71151733398, 13.7339496613, 14.8260354996, 21.1221923828, 62.7560348511, 27.8247337341, 14.3378953934, 10.6466989517, 13.4853792191, 50.80286026, 34.7893066406, 8.52377510071, 8.18010997772, 12.7218179703, 17.8833312988, 13.0038347244, 6.0709810257, 5.79321956635, 4.10064172745, 21.8043327332, 17.1969795227, 7.35869884491, 5.15959882736, 5.04537391663, 3.45375728607, 0.841020584106, 0.105542257428, 0.0491985119879, 0.0208112429827, 0.00694580655545, 0.00206083757803, 0.00156973476987, 0.000211884122109, 1.91894723685e-05, 4.03490448662e-05],
        "dvar": [0.216412872076, 71.7670059204, 550.070556641, 796.34552002, 459.874816895, 132.482543945, 338.858978271, 348.114440918, 852.666687012, 5387.52587891, 962.58795166, 390.359344482, 282.300109863, 1066.13623047, 16795.5488281, 9995.31152344, 312.467224121, 351.454345703, 750.186157227, 825.802124023, 243.501190186, 182.43548584, 150.553436279, 81.0136413574, 2566.12695312, 1613.60888672, 272.369842529, 134.711380005, 144.277862549, 62.9352493286, 3.35258817673, 0.0296182949096, 0.00637978222221, 0.001422968111, 0.000332884781528, 3.42445018759e-05, 1.25046317407e-05, 2.06151582915e-07, 3.91502302799e-10, 1.96595140167e-09],
        "dvar2": [0.476547837257, 182.541061401, 1493.56384277, 2277.85107422, 1331.91638184, 367.640014648, 666.678344727, 672.788391113, 1873.0534668, 10229.1279297, 2092.95629883, 1068.38781738, 778.16015625, 2728.11914062, 44242.7265625, 29079.6738281, 865.993896484, 685.300537109, 1780.90893555, 1697.36730957, 491.793914795, 319.133575439, 312.499084473, 126.790603638, 6254.20458984, 3934.84790039, 620.862609863, 318.368743896, 372.543823242, 150.849273682, 6.83084154129, 0.0659976378083, 0.0135043906048, 0.0037840094883, 0.000930131354835, 9.30627065827e-05, 3.22661289829e-05, 5.25467498846e-07, 8.77215577955e-10, 4.4421022416e-09],
        "max": [3.72138023376, 48.5979919434, 117.580497742, 160.531005859, 125.287780762, 96.5898666382, 257.780181885, 265.799957275, 408.549468994, 684.216186523, 275.822509766, 189.273956299, 190.415878296, 278.898864746, 1084.54553223, 917.382873535, 186.615310669, 205.522338867, 301.132385254, 416.668670654, 173.161361694, 157.678039551, 114.61290741, 93.0135040283, 530.78125, 438.707855225, 169.88659668, 118.9686203, 143.829696655, 81.2906951904, 19.4162559509, 2.51997900009, 1.8257727623, 1.00440335274, 0.508029341698, 0.195047229528, 0.0434047989547, 0.00507709151134, 0.000126664832351, 0.000236830528593],
        "mean": [0.578447580338, 6.37049770355, 7.90148878098, 5.43637514114, 3.79297566414, 6.06588888168, 22.2453689575, 26.4177455902, 24.6330337524, 89.4863815308, 35.9603385925, 7.93085432053, 8.13899326324, 7.72194004059, 27.3352298737, 14.4054689407, 6.04810428619, 8.06890964508, 9.36713218689, 18.592300415, 17.3731384277, 6.12438011169, 4.76865196228, 4.49172067642, 14.0301008224, 9.98964118958, 4.69881105423, 3.17261886597, 2.78831243515, 2.15424394608, 0.68292593956, 0.100145630538, 0.0535292550921, 0.0183413028717, 0.00637750281021, 0.00150418805424, 0.000884727109224, 0.000120452539704, 2.46239778789e-05, 5.28339005541e-05],
        "median": [0.00201152544469, 0.0139126656577, 0.248999476433, 0.353265911341, 0.320176541805, 2.15510392189, 8.61406517029, 9.95030975342, 10.9703702927, 26.1775150299, 10.237821579, 2.10386919975, 0.90431034565, 0.616420328617, 1.27299940586, 0.398292392492, 0.406061202288, 0.401855289936, 0.814927816391, 5.42654514313, 4.52205562592, 0.416945487261, 0.215933874249, 0.196861609817, 0.324920922518, 0.273522257805, 0.196109011769, 0.165396377444, 0.119227595627, 0.0951419696212, 0.0610318407416, 0.0234212372452, 0.0129568390548, 0.00580684049055, 0.00217026122846, 0.000213717008592, 3.22313680954e-05, 3.93570735469e-06, 1.49190818775e-05, 3.14573917422e-05],
        "min": [1.02413014247e-06, 1.87590703717e-05, 0.00017958781973, 0.000427274673712, 0.000277870596619, 0.00234224251471, 0.0192801915109, 0.0271354727447, 0.0337854400277, 0.0137172834948, 0.00804451294243, 0.004586704541, 0.00292599597014, 0.000755801098421, 0.000440607633209, 0.000441518379375, 0.000818967819214, 0.000894396624062, 0.00214139744639, 0.0121482405812, 0.00209271279164, 0.00116129091475, 0.000583460845519, 0.000530852586962, 0.000319882819895, 0.000675449031405, 0.00079520244617, 0.000284146808553, 0.000284228677629, 0.000177145542693, 0.000127687904751, 5.24919378222e-05, 1.51175490828e-05, 4.56578663943e-06, 1.42128419611e-06, 6.63936759793e-07, 3.15536112794e-07, 7.03552629489e-08, 5.2942581874e-08, 6.91562433985e-08],
        "var": [0.841350674629, 103.656349182, 395.37097168, 450.243896484, 249.083984375, 106.763839722, 1242.05090332, 1615.88647461, 1495.68701172, 17780.0253906, 2990.14575195, 317.55355835, 393.126464844, 973.731628418, 13032.9980469, 6292.73242188, 393.096466064, 619.092529297, 937.682067871, 1188.04846191, 751.157775879, 366.806121826, 249.113937378, 171.203720093, 2501.29492188, 1464.47460938, 279.244903564, 131.689041138, 118.770217896, 60.7678718567, 4.34938955307, 0.0568066500127, 0.0207492299378, 0.00408621504903, 0.000766536628362, 7.63814823586e-05, 1.08221738628e-05, 1.94319540014e-07, 5.74626901617e-10, 2.83449996807e-09]
    },
    "gfcc": {
        "mean": [-114.075935364, 145.132141113, -114.245254517, 34.3213768005, -67.5121231079, -14.0575437546, -38.6275253296, -8.86847686768, 9.67066478729, 2.24921894073, -3.03194117546, -10.5676879883, 6.7135643959],
        "cov": [[4987.89208984, -1350.80578613, -2141.53076172, -432.586120605, -779.046081543, -245.053070068, -79.7486114502, -290.720336914, -467.900695801, -69.7540969849, -117.08997345, 168.708084106, -466.070098877], [-1350.80578613, 1497.01086426, 1441.1920166, -104.814468384, 586.952392578, 233.402435303, 177.082977295, 107.383125305, 306.497161865, -57.4355773926, 87.0149688721, -144.875549316, 303.597900391], [-2141.53076172, 1441.1920166, 2739.38378906, 963.211120605, 1324.97521973, 460.769866943, 731.815429688, 309.991546631, 463.841125488, 162.846450806, 182.19921875, -2.73635172844, 268.606658936], [-432.586120605, -104.814468384, 963.211120605, 1441.96240234, 770.604064941, 153.499816895, 807.1796875, 170.75994873, 207.351242065, 215.891937256, 146.313049316, 229.189483643, -84.2612457275], [-779.046081543, 586.952392578, 1324.97521973, 770.604064941, 1042.9864502, 336.933624268, 674.24798584, 196.639328003, 332.758514404, 113.32711792, 104.160957336, 87.998916626, 44.1442108154], [-245.053070068, 233.402435303, 460.769866943, 153.499816895, 336.933624268, 305.813964844, 256.918518066, 140.848587036, 78.2901077271, 29.7740936279, 63.4222373962, 56.9385986328, 60.1662750244], [-79.7486114502, 177.082977295, 731.815429688, 807.1796875, 674.24798584, 256.918518066, 946.720092773, 167.737594604, 131.684631348, 80.4334106445, 126.734992981, 184.099960327, -105.541603088], [-290.720336914, 107.383125305, 309.991546631, 170.75994873, 196.639328003, 140.848587036, 167.737594604, 190.201797485, 149.96786499, 87.1261062622, 39.9112319946, 40.5166549683, 57.9279594421], [-467.900695801, 306.497161865, 463.841125488, 207.351242065, 332.758514404, 78.2901077271, 131.684631348, 149.96786499, 323.841522217, 136.494293213, 57.532119751, -14.3788414001, 84.0424423218], [-69.7540969849, -57.4355773926, 162.846450806, 215.891937256, 113.32711792, 29.7740936279, 80.4334106445, 87.1261062622, 136.494293213, 187.191970825, 77.7371139526, 42.4019432068, -1.6224694252], [-117.08997345, 87.0149688721, 182.19921875, 146.313049316, 104.160957336, 63.4222373962, 126.734992981, 39.9112319946, 57.532119751, 77.7371139526, 127.504768372, 63.1920700073, 27.751241684], [168.708084106, -144.875549316, -2.73635172844, 229.189483643, 87.998916626, 56.9385986328, 184.099960327, 40.5166549683, -14.3788414001, 42.4019432068, 63.1920700073, 141.610778809, -10.9971618652], [-466.070098877, 303.597900391, 268.606658936, -84.2612457275, 44.1442108154, 60.1662750244, -105.541603088, 57.9279594421, 84.0424423218, -1.6224694252, 27.751241684, -10.9971618652, 203.409103394]],
        "icov": [[0.00039327837294, -0.000136977439979, 0.000298614584608, 8.48878116813e-05, 2.90928437607e-05, -0.000249360629823, -0.000125766295241, 0.000450730352895, 3.86216088373e-05, -0.000470027356641, 0.000506255310029, -0.000666335166898, 0.000495425774716], [-0.000136977439979, 0.00537881953642, -0.00287095806561, 0.00250129518099, 0.000393864553189, 0.000346839689882, -0.00203325366601, 0.00255578802899, -0.00379268196411, 0.00406809616834, -0.00320605561137, 0.00266100931913, -0.00330484635197], [0.000298614584608, -0.00287095806561, 0.00357663771138, -0.00175127899274, -0.00271044694819, 0.000317465572152, 0.000742751813959, -0.00249313912354, 0.00420288741589, -0.00310457334854, 0.000321611092659, 0.00208256021142, -0.000582072651014], [8.48878116813e-05, 0.00250129518099, -0.00175127899274, 0.00362484273501, -0.000730174069759, 0.00176981068216, -0.0019268222386, 0.00109761080239, -0.00122063828167, 6.9844922109e-05, -0.000564579037018, -0.00147236138582, -0.000899678620044], [2.90928437607e-05, 0.000393864553189, -0.00271044694819, -0.000730174069759, 0.00849916413426, -0.00541877094656, -0.00138137314934, 0.00610222714022, -0.00819103140384, 0.0023213236127, 0.00358556769788, -0.00446983100846, 0.00273124035448], [-0.000249360629823, 0.000346839689882, 0.000317465572152, 0.00176981068216, -0.00541877094656, 0.0112406313419, -0.000474701577332, -0.00878267642111, 0.00626725470647, 0.000214559899177, -0.00432482594624, 0.00207499065436, -0.00255462015048], [-0.000125766295241, -0.00203325366601, 0.000742751813959, -0.0019268222386, -0.00138137314934, -0.000474701577332, 0.00519232312217, -0.00352491252124, 0.0011923230486, 0.00162624509539, -0.00139117322396, -0.00287308543921, 0.00466052209958], [0.000450730352895, 0.00255578802899, -0.00249313912354, 0.00109761080239, 0.00610222714022, -0.00878267642111, -0.00352491252124, 0.021176494658, -0.01140492782, -0.00208596815355, 0.00666425935924, -0.00515530025586, -0.00211354764178], [3.86216088373e-05, -0.00379268196411, 0.00420288741589, -0.00122063828167, -0.00819103140384, 0.00626725470647, 0.0011923230486, -0.01140492782, 0.0187237244099, -0.00931597314775, -0.00176002597436, 0.00760433962569, -0.00367508456111], [-0.000470027356641, 0.00406809616834, -0.00310457334854, 6.9844922109e-05, 0.0023213236127, 0.000214559899177, 0.00162624509539, -0.00208596815355, -0.00931597314775, 0.0187330879271, -0.00940586719662, -0.000614503747784, 0.00309893186204], [0.000506255310029, -0.00320605561137, 0.000321611092659, -0.000564579037018, 0.00358556769788, -0.00432482594624, -0.00139117322396, 0.00666425935924, -0.00176002597436, -0.00940586719662, 0.0206279866397, -0.010082042776, 0.000460776791442], [-0.000666335166898, 0.00266100931913, 0.00208256021142, -0.00147236138582, -0.00446983100846, 0.00207499065436, -0.00287308543921, -0.00515530025586, 0.00760433962569, -0.000614503747784, -0.010082042776, 0.024914573878, -0.00894903484732], [0.000495425774716, -0.00330484635197, -0.000582072651014, -0.000899678620044, 0.00273124035448, -0.00255462015048, 0.00466052209958, -0.00211354764178, -0.00367508456111, 0.00309893186204, 0.000460776791442, -0.00894903484732, 0.0155594022945]]
    },
    "melbands": {
        "dmean": [0.00300362193957, 0.00468600029126, 0.00150146265514, 0.000386639178032, 0.000300819665426, 0.000240676774411, 0.000243500588113, 0.000505830685142, 0.000122126948554, 4.64058903162e-05, 3.01880318148e-05, 2.78019051621e-05, 9.55718351179e-05, 9.18969599297e-05, 1.69607737917e-05, 9.10023572942e-06, 1.11583685793e-05, 1.17259560284e-05, 1.75142558874e-05, 2.11428050534e-05, 7.2975144576e-06, 4.64057620775e-06, 4.26869883086e-06, 3.41080135513e-06, 2.14200417759e-06, 8.82181575435e-06, 9.58586224442e-06, 6.7485971158e-06, 2.96288544632e-06, 2.51191113421e-06, 1.6889480321e-06, 1.56671467266e-06, 2.16332387026e-06, 9.53579899488e-07, 4.42217697127e-07, 5.78909187254e-08, 3.45177610939e-08, 2.7076758613e-08, 1.47096645975e-08, 9.89025483733e-09],
        "dmean2": [0.00498437974602, 0.00807611271739, 0.00285161612555, 0.000725531950593, 0.000431400374509, 0.000337940902682, 0.00036869046744, 0.000707512546796, 0.000192327308469, 8.47172850627e-05, 5.26548647031e-05, 4.74194748676e-05, 0.000161505900905, 0.000165722987731, 3.03666074615e-05, 1.49470661199e-05, 1.70359271578e-05, 1.74079013959e-05, 2.82885957859e-05, 3.1738076359e-05, 1.07815922092e-05, 6.74405828249e-06, 6.35073820376e-06, 5.3895973906e-06, 2.69601218861e-06, 1.27172725115e-05, 1.45050998981e-05, 1.06050347313e-05, 4.65116590931e-06, 3.90944342143e-06, 2.52437871495e-06, 2.44790771831e-06, 3.57499993697e-06, 1.36304481657e-06, 6.02862655796e-07, 9.01068730741e-08, 5.36690016872e-08, 3.88145515728e-08, 2.48135911818e-08, 1.66726028539e-08],
        "dvar": [4.21300137532e-05, 0.000130528394948, 2.26320953516e-05, 1.28109684283e-06, 2.91008802833e-07, 1.69457749166e-07, 3.2175583442e-07, 7.09542575805e-07, 4.39354579385e-08, 1.40248337388e-08, 6.97525903703e-09, 1.19170566748e-08, 1.77806697366e-07, 2.34189826642e-07, 4.65619320877e-09, 9.9647234908e-10, 1.51570545004e-09, 1.8985824024e-09, 4.85712048359e-09, 1.59869195659e-09, 2.07807951402e-10, 2.31327942912e-10, 2.00675698281e-10, 1.11829615013e-10, 3.44330119972e-11, 8.43179914778e-10, 1.12586939771e-09, 6.20462459189e-10, 1.05645762971e-10, 7.54725795749e-11, 3.30589548792e-11, 3.48717513199e-11, 6.90221144128e-11, 9.84355045391e-12, 1.77984753671e-12, 2.17003403636e-14, 6.90737284332e-15, 4.35611002971e-15, 1.71417953887e-15, 9.45397401111e-16],
        "dvar2": [9.98366958811e-05, 0.000336924422299, 6.46546614007e-05, 3.67417396774e-06, 5.86901876432e-07, 3.28309226916e-07, 7.06756168256e-07, 1.27842349684e-06, 1.05529622374e-07, 3.86681513476e-08, 1.95113489809e-08, 3.0484443414e-08, 4.74285229757e-07, 6.70568681471e-07, 1.43706344602e-08, 2.45549469646e-09, 3.10459258301e-09, 4.54834259145e-09, 1.01806501007e-08, 3.10097370004e-09, 4.33959090884e-10, 4.20301377035e-10, 4.17966883326e-10, 2.49711862299e-10, 5.02112691703e-11, 1.9682095953e-09, 2.73819944496e-09, 1.54255230811e-09, 2.48108006362e-10, 1.76465411728e-10, 7.82217762785e-11, 8.84429196546e-11, 1.83181581015e-10, 2.13331834836e-11, 3.59850409019e-12, 5.08958787658e-14, 1.63224790536e-14, 8.38771919623e-15, 4.51821095999e-15, 2.49500754394e-15],
        "max": [0.0433535575867, 0.0558692142367, 0.0271506458521, 0.00705052679405, 0.00708018196747, 0.00522439740598, 0.00784161314368, 0.00859721098095, 0.00165241956711, 0.00118060701061, 0.000952849746682, 0.000939448305871, 0.0035460232757, 0.00441405177116, 0.0006425275933, 0.000313460448524, 0.000420808733907, 0.000497350061778, 0.00118858076166, 0.00048709026305, 0.000182722622412, 0.000198570342036, 0.000141114112921, 0.0001081788796, 6.55425319565e-05, 0.000301336083794, 0.000343887892086, 0.0002737986797, 0.000108034240839, 0.00010145908891, 5.80672822252e-05, 7.20614189049e-05, 9.20313759707e-05, 3.28096757585e-05, 1.42636818055e-05, 1.84767372957e-06, 1.54530789587e-06, 1.40436020502e-06, 1.114332008e-06, 7.56724148232e-07],
        "mean": [0.00659646140411, 0.00588823854923, 0.000913987460081, 0.000299404375255, 0.000676840485539, 0.000613079464529, 0.000383920298191, 0.00105958862696, 0.000217127555516, 4.20413853135e-05, 3.92359143007e-05, 2.6117244488e-05, 8.36795152281e-05, 6.75150076859e-05, 1.57222893904e-05, 1.25478982227e-05, 1.52404581968e-05, 1.23369845824e-05, 1.89840302482e-05, 4.22936136601e-05, 1.35292866617e-05, 6.24331732979e-06, 5.13047916684e-06, 3.90070135836e-06, 3.07880554828e-06, 9.01347630133e-06, 8.92056687007e-06, 5.91373191128e-06, 2.86779777525e-06, 2.31466310652e-06, 1.60907313784e-06, 1.44385228396e-06, 1.74844808498e-06, 9.85231395134e-07, 4.86224905671e-07, 7.33611145165e-08, 4.77840274016e-08, 4.37302709599e-08, 2.04006926907e-08, 1.36326097078e-08],
        "median": [1.70665825863e-05, 0.000130747823277, 3.76743555535e-05, 6.59931029077e-05, 0.000290454336209, 0.000235003695707, 0.000146246573422, 0.000295441452181, 6.12699077465e-05, 6.8430540523e-06, 3.64399215869e-06, 1.82465305443e-06, 4.06745584769e-06, 1.81526945653e-06, 6.0225136167e-07, 7.62984313951e-07, 6.98104486219e-07, 6.944812867e-07, 9.03737543467e-07, 1.13351934488e-05, 2.97975702779e-06, 2.35154899997e-07, 2.31363671332e-07, 1.52367306328e-07, 1.38638881708e-07, 2.22389772375e-07, 2.2121885479e-07, 1.75192738538e-07, 1.21522731433e-07, 1.0570728648e-07, 8.99514276398e-08, 6.90650097113e-08, 5.7069208026e-08, 4.87762328305e-08, 3.76259450263e-08, 1.61477853311e-08, 1.20861782804e-08, 9.51956025119e-09, 5.93478732824e-09, 3.82382214781e-09],
