{
"highlevel": {
    "danceability": {
        "all": {
            "danceable": 1.50465767233e-13,
            "not_danceable": 1
        },
        "probability": 1,
        "value": "not_danceable"
    },
    "gender": {
        "all": {
            "female": 0.451780021191,
            "male": 0.548219978809
        },
        "probability": 0.548219978809,
        "value": "male"
    },
    "genre_dortmund": {
        "all": {
            "alternative": 0.292664766312,
            "blues": 0.00650841696188,
            "electronic": 0.0446327887475,
            "folkcountry": 0.0182224269956,
            "funksoulrnb": 0.00557009968907,
            "jazz": 0.00214987481013,
            "pop": 0.0245535112917,
            "raphiphop": 0.000591973250266,
            "rock": 0.605106115341
        },
        "probability": 0.605106115341,
        "value": "rock"
    },
    "genre_electronic": {
        "all": {
            "ambient": 0.276835948229,
            "dnb": 0.138223707676,
            "house": 0.0350660011172,
            "techno": 0.0232732277364,
            "trance": 0.526601135731
        },
        "probability": 0.526601135731,
        "value": "trance"
    },
    "genre_rosamerica": {
        "all": {
            "cla": 5.26054222405e-08,
            "dan": 2.11521779647e-07,
            "hip": 7.63000613802e-08,
            "jaz": 4.30524984552e-08,
            "pop": 1.52279341137e-07,
            "rhy": 5.67076803293e-08,
            "roc": 0.999996900558,
            "spe": 2.49702657129e-06
        },
        "probability": 0.999996900558,
        "value": "roc"
    },
    "genre_tzanetakis": {
        "all": {
            "blu": 0.0626541376114,
            "cla": 0.0348133966327,
            "cou": 0.0783501937985,
            "dis": 0.104547761381,
            "hip": 0.15693578124,
            "jaz": 0.313987255096,
            "met": 0.044816005975,
            "pop": 0.0627349764109,
            "reg": 0.0627352520823,
            "roc": 0.0784252434969
        },
        "probability": 0.313987255096,
        "value": "jaz"
    },
    "ismir04_rhythm": {
        "all": {
            "ChaChaCha": 0.0398313328624,
            "Jive": 0.883360266685,
            "Quickstep": 0.00521044014022,
            "Rumba-American": 0.0013757229317,
            "Rumba-International": 0.000870114774443,
            "Rumba-Misc": 0.000450433290098,
            "Samba": 0.0317601002753,
            "Tango": 0.0110501656309,
            "VienneseWaltz": 0.0250418316573,
            "Waltz": 0.00104962009937
        },
        "probability": 0.883360266685,
        "value": "Jive"
    },
    "mood_acoustic": {
        "all": {
            "acoustic": 1.34241975047e-06,
            "not_acoustic": 0.999998629093
        },
        "probability": 0.999998629093,
        "value": "not_acoustic"
    },
    "mood_aggressive": {
        "all": {
            "aggressive": 0.999759912491,
            "not_aggressive": 0.000240073364694
        },
        "probability": 0.999759912491,
        "value": "aggressive"
    },
    "mood_electronic": {
        "all": {
            "electronic": 0.6063118577,
            "not_electronic": 0.393688172102
        },
        "probability": 0.6063118577,
        "value": "electronic"
    },
    "mood_happy": {
        "all": {
            "happy": 0.592129647732,
            "not_happy": 0.407870352268
        },
        "probability": 0.592129647732,
        "value": "happy"
    },
    "mood_party": {
        "all": {
            "not_party": 0.347632944584,
            "party": 0.652367055416
        },
        "probability": 0.652367055416,
        "value": "party"
    },
    "mood_relaxed": {
        "all": {
            "not_relaxed": 0.96991199255,
            "relaxed": 0.0300879906863
        },
        "probability": 0.96991199255,
        "value": "not_relaxed"
    },
    "mood_sad": {
        "all": {
            "not_sad": 0.953777194023,
            "sad": 0.0462228320539
        },
        "probability": 0.953777194023,
        "value": "not_sad"
    },
    "moods_mirex": {
        "all": {
            "Cluster1": 0.322693020105,
            "Cluster2": 0.010375590995,
            "Cluster3": 0.0137973083183,
            "Cluster4": 0.0116833830252,
            "Cluster5": 0.641450703144
        },
        "probability": 0.641450703144,
        "value": "Cluster5"
    },
    "timbre": {
        "all": {
            "bright": 0.372449994087,
            "dark": 0.627550005913
        },
        "probability": 0.627550005913,
        "value": "dark"
    },
    "tonal_atonal": {
        "all": {
            "atonal": 0.310903936625,
            "tonal": 0.689096093178
        },
        "probability": 0.689096093178,
        "value": "tonal"
    },
    "voice_instrumental": {
        "all": {
            "instrumental": 0.000336575380061,
            "voice": 0.999663412571
        },
        "probability": 0.999663412571,
        "value": "voice"
    }
},
"lowlevel": {
    "average_loudness": 0.973538994789,
    "barkbands_crest": {
        "dmean": 2.26156616211,
        "dmean2": 3.88743400574,
        "dvar": 4.22311830521,
        "dvar2": 11.6021566391,
        "max": 19.8330211639,
        "mean": 6.40506124496,
        "median": 5.78703165054,
        "min": 2.28505253792,
        "var": 6.70151996613
    },
    "barkbands_flatness_db": {
        "dmean": 0.0123258149251,
        "dmean2": 0.0205144807696,
        "dvar": 0.000103541271528,
        "dvar2": 0.000291205651592,
        "max": 0.143979847431,
        "mean": 0.0831656679511,
        "median": 0.0814026519656,
        "min": 0.0406580120325,
        "var": 0.000253826583503
    },
    "barkbands_kurtosis": {
        "dmean": 0.641875863075,
        "dmean2": 1.08396911621,
        "dvar": 0.715916275978,
        "dvar2": 1.94228732586,
        "max": 5.79997158051,
        "mean": -0.344254672527,
        "median": -0.537441968918,
        "min": -1.74769842625,
        "var": 0.889861047268
    },
    "barkbands_skewness": {
        "dmean": 0.352759212255,
        "dmean2": 0.568499386311,
        "dvar": 0.117215536535,
        "dvar2": 0.29124122858,
        "max": 2.54731965065,
        "mean": 0.627635538578,
        "median": 0.571550071239,
        "min": -1.02829611301,
        "var": 0.246161460876
    },
    "barkbands_spread": {
        "dmean": 5.37789916992,
        "dmean2": 8.22502708435,
        "dvar": 26.8175582886,
        "dvar2": 59.831817627,
        "max": 85.0795135498,
        "mean": 36.1355247498,
        "median": 34.7729606628,
        "min": 14.2669019699,
        "var": 112.172790527
    },
    "dissonance": {
        "dmean": 0.00964933913201,
        "dmean2": 0.016461474821,
        "dvar": 7.84637450124e-05,
        "dvar2": 0.000212387210922,
        "max": 0.500000119209,
        "mean": 0.484468281269,
        "median": 0.487189114094,
        "min": 0.432925105095,
        "var": 0.000120374483231
    },
    "dynamic_complexity": 0.876470863819,
    "erbbands_crest": {
        "dmean": 2.09251022339,
        "dmean2": 3.43251156807,
        "dvar": 4.12033319473,
        "dvar2": 10.2492609024,
        "max": 21.4615440369,
        "mean": 6.64914798737,
        "median": 5.72765111923,
        "min": 2.28401970863,
        "var": 9.27257156372
    },
    "erbbands_flatness_db": {
        "dmean": 0.0103256022558,
        "dmean2": 0.0155674768612,
        "dvar": 7.51217157813e-05,
        "dvar2": 0.000161759584444,
        "max": 0.195328548551,
        "mean": 0.131880819798,
        "median": 0.130751922727,
        "min": 0.077258579433,
        "var": 0.000354099785909
    },
    "erbbands_kurtosis": {
        "dmean": 0.445099771023,
        "dmean2": 0.725335657597,
        "dvar": 0.169604450464,
        "dvar2": 0.390710443258,
        "max": 3.64856863022,
        "mean": -0.17032662034,
        "median": -0.283229112625,
        "min": -1.31892561913,
        "var": 0.406113237143
    },
    "erbbands_skewness": {
        "dmean": 0.236142992973,
        "dmean2": 0.372868448496,
        "dvar": 0.0381576642394,
        "dvar2": 0.0888551995158,
        "max": 1.39452373981,
        "mean": -0.0817723125219,
        "median": -0.115681387484,
        "min": -1.27149629593,
        "var": 0.175058498979
    },
    "erbbands_spread": {
        "dmean": 6.43120288849,
        "dmean2": 10.2280406952,
        "dvar": 32.3742408752,
        "dvar2": 78.9003829956,
        "max": 78.7681045532,
        "mean": 38.3081359863,
        "median": 37.6522293091,
        "min": 13.4710111618,
        "var": 101.268234253
    },
    "hfc": {
        "dmean": 8.10064315796,
        "dmean2": 12.2314195633,
        "dvar": 87.9686508179,
        "dvar2": 183.440597534,
        "max": 141.729537964,
        "mean": 42.4028167725,
        "median": 40.1868057251,
        "min": 10.952498436,
        "var": 266.568054199
    },
    "melbands_crest": {
        "dmean": 2.9753715992,
        "dmean2": 4.94811344147,
        "dvar": 7.79781675339,
        "dvar2": 20.8630828857,
        "max": 25.7615013123,
        "mean": 9.86902141571,
        "median": 9.21098518372,
        "min": 3.22661399841,
        "var": 13.0168304443
    },
    "melbands_flatness_db": {
        "dmean": 0.0194941200316,
        "dmean2": 0.0313349887729,
        "dvar": 0.000388221058529,
        "dvar2": 0.000976158422418,
        "max": 0.215584561229,
        "mean": 0.108585909009,
        "median": 0.105564959347,
        "min": 0.0320681855083,
        "var": 0.000829367723782
    },
    "melbands_kurtosis": {
        "dmean": 2.53340196609,
        "dmean2": 4.2317442894,
        "dvar": 11.9559392929,
        "dvar2": 31.5300998688,
        "max": 27.0740833282,
        "mean": 3.55655455589,
        "median": 2.39887237549,
        "min": -1.34192705154,
        "var": 14.9236488342
    },
    "melbands_skewness": {
        "dmean": 0.515275537968,
        "dmean2": 0.828163087368,
        "dvar": 0.288780719042,
        "dvar2": 0.718367695808,
        "max": 4.86088848114,
        "mean": 1.69428992271,
        "median": 1.5664345026,
        "min": -0.185424596071,
        "var": 0.602698028088
    },
    "melbands_spread": {
        "dmean": 9.46510791779,
        "dmean2": 15.1313180923,
        "dvar": 93.7290496826,
        "dvar2": 222.337982178,
        "max": 131.423095703,
        "mean": 43.098941803,
        "median": 40.9865760803,
        "min": 12.4884414673,
        "var": 237.8984375
    },
    "pitch_salience": {
        "dmean": 0.0538332127035,
        "dmean2": 0.0895534753799,
        "dvar": 0.00205522729084,
        "dvar2": 0.00571494782344,
        "max": 0.810868024826,
        "mean": 0.642490744591,
        "median": 0.647154390812,
        "min": 0.423510283232,
        "var": 0.00413934420794
    },
    "silence_rate_20dB": {
        "dmean": 0,
        "dmean2": 0,
        "dvar": 0,
        "dvar2": 0,
        "max": 1,
        "mean": 1,
        "median": 1,
        "min": 1,
        "var": 0
    },
    "silence_rate_30dB": {
        "dmean": 0,
        "dmean2": 0,
        "dvar": 0,
        "dvar2": 0,
        "max": 1,
        "mean": 1,
        "median": 1,
        "min": 1,
        "var": 0
    },
    "silence_rate_60dB": {
        "dmean": 0,
        "dmean2": 0,
        "dvar": 0,
        "dvar2": 0,
        "max": 0,
        "mean": 0,
        "median": 0,
        "min": 0,
        "var": 0
    },
    "spectral_centroid": {
        "dmean": 234.204193115,
        "dmean2": 370.647491455,
        "dvar": 42453.3671875,
        "dvar2": 102655.507812,
        "max": 3464.9152832,
        "mean": 2052.78735352,
        "median": 2026.66491699,
        "min": 980.374328613,
        "var": 147002.90625
    },
    "spectral_complexity": {
        "dmean": 4.42956638336,
        "dmean2": 7.13942670822,
        "dvar": 12.3703680038,
        "dvar2": 28.5382728577,
        "max": 59,
        "mean": 40.8035583496,
        "median": 41,
        "min": 12,
        "var": 38.5399703979
    },
    "spectral_decrease": {
        "dmean": 2.44942977012e-09,
        "dmean2": 4.08604039492e-09,
        "dvar": 1.08649776412e-17,
        "dvar2": 2.77830313945e-17,
        "max": -1.19456988745e-09,
        "mean": -8.03337041333e-09,
        "median": -7.33165395062e-09,
        "min": -2.74726943417e-08,
        "var": 1.28270566716e-17
    },
    "spectral_energy": {
        "dmean": 0.0096686091274,
        "dmean2": 0.0160426236689,
        "dvar": 0.000161954318173,
        "dvar2": 0.000413422560086,
        "max": 0.107605941594,
        "mean": 0.0341658107936,
        "median": 0.0316777005792,
        "min": 0.00550196506083,
        "var": 0.000198196546989
    },
    "spectral_energyband_high": {
        "dmean": 0.000754780310672,
        "dmean2": 0.00111711199861,
        "dvar": 1.41209409321e-06,
        "dvar2": 2.6532522952e-06,
        "max": 0.017376979813,
        "mean": 0.00247802608646,
        "median": 0.00199340027757,
        "min": 0.000320798280882,
        "var": 3.94585185859e-06
    },
    "spectral_energyband_low": {
        "dmean": 0.00644519226626,
        "dmean2": 0.01092073787,
        "dvar": 0.000122773984913,
        "dvar2": 0.000322354375385,
        "max": 0.0879472866654,
        "mean": 0.00887841917574,
        "median": 0.0059068268165,
        "min": 6.70436347718e-05,
        "var": 0.000112977388198
    },
    "spectral_energyband_middle_high": {
        "dmean": 0.00259218900464,
        "dmean2": 0.00385832693428,
        "dvar": 5.48805974177e-06,
        "dvar2": 1.1542008906e-05,
        "max": 0.0301086530089,
        "mean": 0.0116678168997,
        "median": 0.0104711838067,
        "min": 0.00237856269814,
        "var": 2.6095096473e-05
    },
    "spectral_energyband_middle_low": {
        "dmean": 0.00485374033451,
        "dmean2": 0.00808619614691,
        "dvar": 3.77597025363e-05,
        "dvar2": 0.000102603356936,
        "max": 0.0577977150679,
        "mean": 0.0121955769137,
        "median": 0.0106348125264,
        "min": 0.00157121859957,
        "var": 4.86858625663e-05
    },
    "spectral_entropy": {
        "dmean": 0.0660495981574,
        "dmean2": 0.0983534380794,
        "dvar": 0.0034558721818,
        "dvar2": 0.0069214082323,
        "max": 8.53752803802,
        "mean": 8.02711486816,
        "median": 8.01320362091,
        "min": 7.6790728569,
        "var": 0.0154552403837
    },
    "spectral_flux": {
        "dmean": 0.0241778045893,
        "dmean2": 0.0361100882292,
        "dvar": 0.00061821914278,
        "dvar2": 0.00105455028825,
        "max": 0.241924911737,
        "mean": 0.111707009375,
        "median": 0.104481212795,
        "min": 0.0457012206316,
        "var": 0.00131489720661
    },
    "spectral_kurtosis": {
        "dmean": 0.722221791744,
        "dmean2": 1.20868968964,
        "dvar": 0.38852378726,
        "dvar2": 1.05709922314,
        "max": 8.48064517975,
        "mean": 2.65026497841,
        "median": 2.57553339005,
        "min": 0.252963066101,
        "var": 0.991886794567
    },
    "spectral_rms": {
        "dmean": 0.000756624620408,
        "dmean2": 0.00122811482288,
        "dvar": 7.81160053975e-07,
        "dvar2": 1.94377344087e-06,
        "max": 0.0102460440248,
        "mean": 0.00566853908822,
        "median": 0.00555923301727,
        "min": 0.00231684511527,
        "var": 1.20013237392e-06
    },
    "spectral_rolloff": {
        "dmean": 591.846740723,
        "dmean2": 931.73236084,
        "dvar": 478590.5625,
        "dvar2": 992270.75,
        "max": 8656.34765625,
        "mean": 2617.41210938,
        "median": 2347.11914062,
        "min": 193.798828125,
        "var": 1460300.375
    },
    "spectral_skewness": {
        "dmean": 0.128381788731,
        "dmean2": 0.205162897706,
        "dvar": 0.013372188434,
        "dvar2": 0.0301680080593,
        "max": 2.53694176674,
        "mean": 1.17671942711,
        "median": 1.17053163052,
        "min": 0.395480781794,
        "var": 0.0450845584273
    },
    "spectral_spread": {
        "dmean": 326459.5,
        "dmean2": 483940.625,
        "dvar": 124843589632,
        "dvar2": 203105189888,
        "max": 11347752,
        "mean": 4529224.5,
        "median": 4408025.5,
        "min": 2885340.5,
        "var": 438186737664
    },
    "spectral_strongpeak": {
        "dmean": 0.73708575964,
        "dmean2": 1.25896596909,
        "dvar": 1.11856818199,
        "dvar2": 2.73110723495,
        "max": 10.1958036423,
        "mean": 1.06448698044,
        "median": 0.441962748766,
        "min": 0,
        "var": 1.67936778069
    },
    "zerocrossingrate": {
        "dmean": 0.0100630531088,
        "dmean2": 0.0121533237398,
        "dvar": 0.000102858641185,
        "dvar2": 0.000126636747154,
        "max": 0.22998046875,
        "mean": 0.0919018536806,
        "median": 0.0859375,
        "min": 0.03857421875,
        "var": 0.000661014113575
    },
    "barkbands": {
        "dmean": [0.000418366107624, 0.00393618922681, 0.00211569108069, 0.00158850790467, 0.00249495031312, 0.00102205399889, 0.000707917555701, 0.000811613863334, 0.00111673644278, 0.000754291948397, 0.000967574771494, 0.000540146953426, 0.000708891951945, 0.000743515091017, 0.000690046872478, 0.000675728777424, 0.000405415979913, 0.000305495457724, 0.000347572029568, 0.00029889162397, 0.000252085999819, 0.000280979700619, 0.000174870874616, 0.000147393177031, 6.17204059381e-05, 2.15007239603e-05, 4.49586323725e-08],
        "dmean2": [0.000632620765828, 0.00683303875849, 0.0037230681628, 0.00282641476952, 0.00436779297888, 0.00167634652462, 0.00114928709809, 0.00137327751145, 0.00176080444362, 0.00119537150022, 0.00148275401443, 0.000859990192112, 0.00112135359086, 0.00122587231454, 0.00116062676534, 0.00108447205275, 0.000672155932989, 0.00049118680181, 0.000578543113079, 0.000493181869388, 0.000409924687119, 0.000449989951449, 0.000255259918049, 0.000218605462578, 9.17308934731e-05, 3.20770523103e-05, 8.12962568375e-08],
        "dvar": [4.32467743394e-07, 4.87715224153e-05, 1.42327999129e-05, 8.00701945991e-06, 1.81143313966e-05, 1.54027168264e-06, 9.51462425292e-07, 1.86219233456e-06, 2.82821793007e-06, 1.82348276212e-06, 2.44463308263e-06, 8.54448160226e-07, 1.73316414021e-06, 8.13678241229e-07, 7.82159759183e-07, 1.07927144199e-06, 2.06814974035e-07, 1.26356724195e-07, 1.04418845126e-07, 7.88612695146e-08, 8.09374682831e-08, 1.83521365216e-07, 1.24417439906e-07, 1.29623174416e-07, 1.59245860942e-08, 1.9019017472e-09, 2.38858615504e-14],
        "dvar2": [9.66255129242e-07, 0.000129507330712, 3.96326431655e-05, 2.17113210965e-05, 5.15794126841e-05, 3.93690288547e-06, 2.43977024184e-06, 5.01367503603e-06, 6.69717474011e-06, 3.71875489691e-06, 5.18330625709e-06, 1.8379254243e-06, 3.82000462196e-06, 2.06386448554e-06, 2.01471107175e-06, 2.61986383521e-06, 5.18571823704e-07, 2.86231596647e-07, 2.79817413684e-07, 2.07699955013e-07, 1.99783684707e-07, 4.12453658782e-07, 2.08249929301e-07, 2.635676708e-07, 3.18288151391e-08, 3.43669048775e-09, 6.6315070026e-14],
        "max": [0.00496988836676, 0.0542561449111, 0.0241432189941, 0.0229573100805, 0.0495881550014, 0.0144948195666, 0.010215241462, 0.019899411127, 0.019066978246, 0.0166914463043, 0.0167859848589, 0.011555319652, 0.0182756073773, 0.0112732676789, 0.0130289383233, 0.0161557272077, 0.00723497988656, 0.00722451647744, 0.0033059050329, 0.00299212872051, 0.00284443423152, 0.00600731605664, 0.00745126884431, 0.00593357905746, 0.00200521200895, 0.000726158730686, 2.03678018806e-06],
        "mean": [0.000475763954455, 0.00485397689044, 0.00264870980754, 0.00165073189419, 0.00384098594077, 0.00195301603526, 0.00137984263711, 0.00127960916143, 0.0017945189029, 0.00124155625235, 0.00161190785002, 0.000939689867664, 0.00112593313679, 0.00137104222085, 0.00130848586559, 0.00130950566381, 0.000878353428561, 0.000663688988425, 0.000886107620317, 0.00075302622281, 0.000628838140983, 0.000646017608233, 0.000397993455408, 0.00033763362444, 0.000141675700434, 4.72057217848e-05, 3.03731724216e-08],
        "median": [6.91292443662e-05, 0.00271877227351, 0.00150201597717, 0.000853977631778, 0.00271281041205, 0.00154024444055, 0.00106778123882, 0.000812350539491, 0.00101582566276, 0.000631026632618, 0.00076549226651, 0.000542620255146, 0.000587874150369, 0.00111079809722, 0.00100931432098, 0.000966724415775, 0.000706963764969, 0.00053993659094, 0.000793913553935, 0.000654709059745, 0.000541777641047, 0.000470118189696, 0.000261310051428, 0.000214716899791, 9.53243652475e-05, 2.68525527645e-05, 1.42921285917e-09],
        "min": [1.88093949305e-08, 6.32900992059e-06, 6.18174044575e-06, 5.77672108193e-06, 9.72326088231e-05, 5.32531666977e-05, 3.85085695598e-05, 3.95038405259e-05, 4.14073365391e-05, 2.72497200058e-05, 3.16283149004e-05, 3.71754576918e-05, 4.13019770349e-05, 0.000125440827105, 9.80600816547e-05, 0.000110048749775, 0.000120250719192, 8.92321986612e-05, 0.000116351264296, 0.000111386165372, 9.60676406976e-05, 2.59222979366e-05, 1.1482867194e-05, 7.13282952347e-06, 2.45258411269e-06, 8.6283193923e-08, 6.86795932625e-12],
        "var": [6.22589880095e-07, 4.32703491242e-05, 1.24435755424e-05, 6.04249999014e-06, 1.73247299244e-05, 2.8915560506e-06, 1.37850167903e-06, 2.66736947196e-06, 5.31924797542e-06, 3.92825859308e-06, 5.72327235204e-06, 1.71463864262e-06, 3.07052368953e-06, 1.14957299502e-06, 1.09145651095e-06, 1.84863336017e-06, 4.34428500284e-07, 2.46671021387e-07, 1.9667709239e-07, 1.86286214898e-07, 1.39816293654e-07, 4.14378860114e-07, 3.42664435493e-07, 2.4027156087e-07, 3.1865209138e-08, 4.39525571494e-09, 1.50112483343e-14]
    },
    "erbbands": {
        "dmean": [0.14040890336, 0.82796049118, 1.98694682121, 4.79287910461, 4.7245388031, 11.8308515549, 7.9922118187, 9.49398422241, 8.01368045807, 15.4763326645, 20.5180797577, 24.827703476, 19.9572143555, 29.5681018829, 30.7171077728, 20.3847942352, 30.9558124542, 28.8548583984, 42.3645553589, 27.1636657715, 35.336807251, 21.1635856628, 15.8384513855, 18.1312904358, 15.8688640594, 14.0819015503, 9.67106628418, 11.0897006989, 10.1926021576, 8.12237358093, 4.52661037445, 3.91582894325, 1.91478586197, 0.954727590084, 0.328052073717, 0.147285699844, 0.0296102240682, 0.00219143857248, 4.90905076731e-05, 1.32493714773e-05],
        "dmean2": [0.247883453965, 1.44658696651, 3.50665140152, 8.56107139587, 8.13718509674, 20.7543640137, 13.4498949051, 15.5529537201, 13.1714801788, 24.8603000641, 34.0031013489, 38.94581604, 31.848110199, 45.6420860291, 45.7122154236, 31.5789051056, 48.7025108337, 46.5603027344, 69.0522155762, 44.0439872742, 57.15102005, 34.599697113, 25.5997161865, 30.2387676239, 26.3508090973, 23.0725193024, 15.6886920929, 18.2629451752, 16.524389267, 12.495382309, 6.80008172989, 5.86598491669, 2.85934925079, 1.44232726097, 0.478686064482, 0.21853838861, 0.0438494719565, 0.00335692777298, 7.25401914679e-05, 2.09936824831e-05],
        "dvar": [0.0717369914055, 2.15598273277, 12.8212041855, 76.3930206299, 42.6854820251, 478.045532227, 134.779312134, 146.407989502, 136.841781616, 532.563293457, 1279.73266602, 1610.08081055, 1139.87341309, 2567.95410156, 2810.71337891, 1114.0925293, 3242.28295898, 1847.33300781, 2348.68432617, 2057.50854492, 2577.22143555, 501.746612549, 476.462799072, 322.916595459, 213.84197998, 198.430709839, 119.122970581, 175.914428711, 254.003768921, 217.53604126, 94.5942001343, 99.0811309814, 20.5668582916, 3.76467561722, 0.42772564292, 0.0944972112775, 0.00289778620936, 1.36293911055e-05, 6.75572042752e-09, 2.67541738763e-10],
        "dvar2": [0.1953086555, 5.82599306107, 35.7183494568, 208.798141479, 117.197631836, 1366.04150391, 357.72869873, 381.162963867, 350.812805176, 1404.11767578, 3359.36645508, 3924.55566406, 2320.94458008, 4951.77539062, 5231.19482422, 2480.45239258, 7605.35644531, 4140.94287109, 6062.51708984, 5161.97558594, 6472.62890625, 1213.25585938, 1123.40588379, 864.198974609, 552.694458008, 533.961975098, 298.402435303, 447.209686279, 630.03338623, 401.54586792, 165.551483154, 210.316177368, 39.3599967957, 7.91309738159, 0.748210191727, 0.170104384422, 0.00542654516175, 3.11836993205e-05, 1.38723148524e-08, 6.41721953354e-10],
        "max": [1.93915998936, 12.9769506454, 24.0375976562, 60.3419914246, 56.9504013062, 276.15234375, 148.162384033, 132.172073364, 165.088638306, 249.263961792, 595.218566895, 590.919433594, 471.399536133, 711.098205566, 735.608093262, 461.406677246, 1004.98242188, 583.486022949, 661.049621582, 903.816223145, 1015.13464355, 368.834594727, 490.341156006, 179.455535889, 160.903457642, 142.985595703, 124.269065857, 120.371810913, 259.977355957, 242.757415771, 193.838134766, 172.88192749, 85.1351318359, 32.5024299622, 9.93124866486, 5.00366830826, 0.935003578663, 0.0616357810795, 0.00141853129026, 0.000181762792636],
        "mean": [0.150427907705, 1.0601888895, 2.67285084724, 5.11649131775, 6.94831609726, 16.7231655121, 13.1993865967, 17.2655410767, 15.7739343643, 27.833272934, 33.9813461304, 39.47605896, 35.1169548035, 57.8766479492, 56.9224662781, 40.8660469055, 54.388381958, 58.4840736389, 86.3163528442, 56.9397010803, 71.989440918, 50.3719291687, 37.1176643372, 45.4907989502, 42.6551856995, 35.1202011108, 24.5174713135, 26.334482193, 22.555683136, 18.2634086609, 10.3949813843, 8.23699855804, 4.52635908127, 2.22118735313, 0.75239610672, 0.315130293369, 0.064166739583, 0.00392959965393, 0.000119747077406, 5.24765127921e-05],
        "median": [0.0631440058351, 0.661001980305, 1.59621036053, 2.78463935852, 4.76685857773, 10.6841487885, 9.4452123642, 13.0526609421, 12.0926485062, 20.2322463989, 20.9227561951, 21.1233100891, 21.2078781128, 31.0213680267, 26.6539363861, 25.3331985474, 32.0020141602, 45.8496551514, 69.9853744507, 43.2535324097, 56.9723167419, 42.038269043, 31.0909137726, 40.6514701843, 38.810798645, 30.743309021, 21.5534610748, 22.1652793884, 16.4160671234, 12.3051567078, 6.75678014755, 4.83168697357, 3.01407456398, 1.58122777939, 0.487387746572, 0.171443775296, 0.0388401634991, 0.00231858715415, 8.41604633024e-05, 4.87781398988e-05],
        "min": [0.000171178427991, 0.00403353525326, 0.0154296979308, 0.0477184839547, 0.117041744292, 0.395788222551, 0.357722401619, 0.577079534531, 0.860426843166, 1.5943069458, 0.903612017632, 1.23745763302, 1.46662390232, 3.10996842384, 2.57780504227, 2.49751567841, 3.76884174347, 9.21469593048, 7.52436161041, 5.25151109695, 6.09280157089, 7.59659481049, 4.18267631531, 6.59582948685, 4.28553771973, 5.43873500824, 4.86981058121, 3.48557162285, 1.07926666737, 0.590513288975, 0.250732213259, 0.208206519485, 0.0904100015759, 0.0401614829898, 0.0107858516276, 0.00219142227434, 0.000161295960424, 1.38350515044e-05, 1.37817451105e-05, 1.12770221676e-05],
        "var": [0.0576869025826, 1.88300454617, 11.1625146866, 55.7723999023, 49.51404953, 459.841888428, 175.528320312, 247.52557373, 192.607589722, 689.828796387, 1995.52648926, 3148.32788086, 2104.59277344, 7238.82421875, 7862.56933594, 2432.91186523, 5885.66455078, 2720.36352539, 3933.98681641, 2761.41943359, 4601.21923828, 1086.20422363, 777.733398438, 575.942321777, 437.597839355, 424.217071533, 213.462615967, 291.704528809, 498.355895996, 524.906921387, 256.440582275, 170.874557495, 42.1671791077, 6.9929599762, 0.974334836006, 0.208150207996, 0.0070007010363, 2.68683088507e-05, 1.45257867956e-08, 4.20709966864e-10]
    },
    "gfcc": {
        "mean": [75.1587295532, 71.062828064, -137.081253052, 45.0112495422, -66.3007507324, 22.9072494507, -43.1061134338, 11.1419668198, -24.9024600983, 6.71404790878, -18.6836624146, 0.0489389561117, -9.49787712097],
        "cov": [[320.821075439, -49.0290184021, 86.4710693359, 67.0542984009, 15.5207481384, 48.3741455078, 30.4397163391, 16.2809906006, 13.3757648468, -2.96947383881, -2.05991339684, 24.6585903168, -6.80745983124], [-49.0290184021, 333.224121094, -20.8548984528, 55.3773117065, 53.1198921204, -22.2272186279, 64.0050964355, -3.59983205795, 26.4145126343, -36.5302085876, 26.4604244232, -39.5873641968, 31.9489822388], [86.4710693359, -20.8548984528, 192.410354614, 91.3984832764, 46.7064704895, 42.0438766479, 15.3443956375, 32.66588974, 13.1051454544, 19.4719333649, -19.3857460022, 9.01039028168, -15.7009115219], [67.0542984009, 55.3773117065, 91.3984832764, 206.199203491, 43.3962020874, 38.6656684875, 24.3707351685, 10.9995737076, 64.5116043091, -11.5239076614, 25.1258468628, -19.8515605927, 13.2972393036], [15.5207481384, 53.1198921204, 46.7064704895, 43.3962020874, 121.59602356, 37.4358100891, 43.604511261, 31.2000675201, 5.99245357513, 15.0114002228, -5.51025485992, 7.23553085327, -5.4657626152], [48.3741455078, -22.2272186279, 42.0438766479, 38.6656684875, 37.4358100891, 93.1019287109, 52.7637443542, 23.1877059937, 4.66918849945, -2.61872696877, 10.2685470581, 4.66895008087, -6.55771636963], [30.4397163391, 64.0050964355, 15.3443956375, 24.3707351685, 43.604511261, 52.7637443542, 91.5845565796, 34.0907707214, 9.92444229126, -3.70931839943, 5.0772356987, 1.24342572689, -3.41685795784], [16.2809906006, -3.59983205795, 32.66588974, 10.9995737076, 31.2000675201, 23.1877059937, 34.0907707214, 65.5692672729, 30.7211513519, 17.770488739, -4.38637781143, 0.832003831863, -4.47243118286], [13.3757648468, 26.4145126343, 13.1051454544, 64.5116043091, 5.99245357513, 4.66918849945, 9.92444229126, 30.7211513519, 76.7328262329, 17.4303245544, 12.9443016052, -15.5769824982, 4.11263275146], [-2.96947383881, -36.5302085876, 19.4719333649, -11.5239076614, 15.0114002228, -2.61872696877, -3.70931839943, 17.770488739, 17.4303245544, 52.1991386414, 4.57731246948, 8.30416107178, -8.40138435364], [-2.05991339684, 26.4604244232, -19.3857460022, 25.1258468628, -5.51025485992, 10.2685470581, 5.0772356987, -4.38637781143, 12.9443016052, 4.57731246948, 48.6531715393, 9.95047950745, 14.2532653809], [24.6585903168, -39.5873641968, 9.01039028168, -19.8515605927, 7.23553085327, 4.66895008087, 1.24342572689, 0.832003831863, -15.5769824982, 8.30416107178, 9.95047950745, 52.9906272888, 15.6479825974], [-6.80745983124, 31.9489822388, -15.7009115219, 13.2972393036, -5.4657626152, -6.55771636963, -3.41685795784, -4.47243118286, 4.11263275146, -8.40138435364, 14.2532653809, 15.6479825974, 44.7863769531]],
        "icov": [[0.00413457164541, 0.000662099162582, -0.00128881330602, -0.000767139485106, 0.000513715960551, -0.00040614628233, -0.00147951708641, 0.000735172594432, -0.00113086949568, 0.00136444310192, 0.000449177459814, -0.00242259446532, 0.000959120457992], [0.000662099162582, 0.0131992828101, -0.00731183961034, 0.00758623145521, -0.0102752344683, 0.014389324002, -0.0154553772882, 0.00918639358133, -0.00822452362627, 0.0128872711211, -0.014692354016, 0.0156036708504, -0.0111430250108], [-0.00128881330602, -0.00731183961034, 0.0168815758079, -0.0136718042195, 0.00715032033622, -0.010941981338, 0.0111910235137, -0.0112386606634, 0.0117117287591, -0.0142285488546, 0.0167840458453, -0.0132505511865, 0.00954304914922], [-0.000767139485106, 0.00758623145521, -0.0136718042195, 0.0221637543291, -0.0119068650529, 0.00774296512827, -0.00935438461602, 0.0138151692227, -0.0197855774313, 0.017605105415, -0.0181540045887, 0.0157256405801, -0.0111527880654], [0.000513715960551, -0.0102752344683, 0.00715032033622, -0.0119068650529, 0.0217047892511, -0.0128606436774, 0.00800281763077, -0.0115500111133, 0.0122858062387, -0.0164557434618, 0.0164978951216, -0.0151409171522, 0.00949748419225], [-0.00040614628233, 0.014389324002, -0.010941981338, 0.00774296512827, -0.0128606436774, 0.0354339666665, -0.0253685619682, 0.00808640476316, -0.00671930285171, 0.0167955625802, -0.0223954766989, 0.0170697979629, -0.00903957150877], [-0.00147951708641, -0.0154553772882, 0.0111910235137, -0.00935438461602, 0.00800281763077, -0.0253685619682, 0.039122492075, -0.0193617325276, 0.0106008732691, -0.0111653162166, 0.0158781204373, -0.0179789066315, 0.0139749897644], [0.000735172594432, 0.00918639358133, -0.0112386606634, 0.0138151692227, -0.0115500111133, 0.00808640476316, -0.0193617325276, 0.0391027629375, -0.0235993340611, 0.00808106083423, -0.00780541310087, 0.0104588111863, -0.00976824760437], [-0.00113086949568, -0.00822452362627, 0.0117117287591, -0.0197855774313, 0.0122858062387, -0.00671930285171, 0.0106008732691, -0.0235993340611, 0.0407727882266, -0.0227143745869, 0.00948932394385, -0.00366914016195, 0.0049000075087], [0.00136444310192, 0.0128872711211, -0.0142285488546, 0.017605105415, -0.0164557434618, 0.0167955625802, -0.0111653162166, 0.00808106083423, -0.0227143745869, 0.0469304844737, -0.0246680993587, 0.0106223337352, -0.00376628991216], [0.000449177459814, -0.014692354016, 0.0167840458453, -0.0181540045887, 0.0164978951216, -0.0223954766989, 0.0158781204373, -0.00780541310087, 0.00948932394385, -0.0246680993587, 0.0516870878637, -0.0269136242568, 0.00844459608197], [-0.00242259446532, 0.0156036708504, -0.0132505511865, 0.0157256405801, -0.0151409171522, 0.0170697979629, -0.0179789066315, 0.0104588111863, -0.00366914016195, 0.0106223337352, -0.0269136242568, 0.0510296188295, -0.0274237561971], [0.000959120457992, -0.0111430250108, 0.00954304914922, -0.0111527880654, 0.00949748419225, -0.00903957150877, 0.0139749897644, -0.00976824760437, 0.0049000075087, -0.00376628991216, 0.00844459608197, -0.0274237561971, 0.0427437461913]]
    },
    "melbands": {
        "dmean": [0.00115263729822, 0.00103117420804, 0.000754872104153, 0.000563608715311, 0.000335515476763, 0.000203392337426, 0.000124402198708, 0.000161582138389, 0.000178352303919, 0.00015888416965, 0.00010262025171, 0.000120343218441, 0.000122688405099, 6.22225561528e-05, 6.19678685325e-05, 7.13983463356e-05, 5.75166886847e-05, 7.85217707744e-05, 4.68639591418e-05, 4.38112692791e-05, 4.5558448619e-05, 2.51904966717e-05, 1.84552627616e-05, 1.57988561114e-05, 1.66626796272e-05, 1.39275962283e-05, 1.33510338856e-05, 8.94842378329e-06, 6.65949937684e-06, 6.74252032695e-06, 7.13675444786e-06, 6.32046658211e-06, 5.44025851923e-06, 4.73416366731e-06, 2.83317626781e-06, 2.67629548034e-06, 2.41873703999e-06, 1.47006812767e-06, 1.16189653454e-06, 8.36032029383e-07],
        "dmean2": [0.00199800380506, 0.00180586508941, 0.00133489840664, 0.000999948708341, 0.000572749006096, 0.00033331051236, 0.000203241987037, 0.000262427260168, 0.00029197477852, 0.000247198186116, 0.000163248274475, 0.000186180055607, 0.000185145516298, 9.49381064856e-05, 9.86739760265e-05, 0.000113433146907, 9.42331462284e-05, 0.000128059124108, 7.79899419285e-05, 7.0148249506e-05, 7.5275907875e-05, 4.14835049014e-05, 3.02178068523e-05, 2.58718555415e-05, 2.81077045656e-05, 2.32187412621e-05, 2.25723597396e-05, 1.47352948261e-05, 1.10822275019e-05, 1.1092684872e-05, 1.18221996672e-05, 1.03837573988e-05, 8.56846781971e-06, 7.2828820521e-06, 4.32430579167e-06, 4.06156550525e-06, 3.66857852896e-06, 2.20989909394e-06, 1.80268182248e-06, 1.29529360038e-06],
        "dvar": [4.39539689978e-06, 3.29048043568e-06, 1.71883550593e-06, 8.92516368367e-07, 2.76072654515e-07, 6.38608597114e-08, 3.09383558772e-08, 5.86046446927e-08, 9.38078272839e-08, 6.53319531807e-08, 2.99763129874e-08, 4.41192149481e-08, 3.84176566115e-08, 1.14440972254e-08, 7.73260477871e-09, 2.15314308605e-08, 7.45335348995e-09, 7.47654382849e-09, 3.42706041323e-09, 7.26079951718e-09, 4.34165592367e-09, 8.34039448616e-10, 3.94789423375e-10, 3.53855250657e-10, 2.82027762255e-10, 1.78268677598e-10, 1.68639463505e-10, 8.42564629178e-11, 5.30355134809e-11, 5.65119374907e-11, 7.62281279765e-11, 9.92649296094e-11, 7.30072322042e-11, 8.16897244293e-11, 3.3367628105e-11, 4.87525159132e-11, 3.44372932948e-11, 1.20028622458e-11, 7.79206213442e-12, 1.97652918338e-12],
        "dvar2": [1.16920291475e-05, 9.08080346562e-06, 4.70441273137e-06, 2.54189967563e-06, 7.52996527353e-07, 1.65356311754e-07, 7.88801770568e-08, 1.57251832889e-07, 2.43589596494e-07, 1.58411737061e-07, 6.10354007335e-08, 8.49573993378e-08, 7.47469641738e-08, 2.34037678126e-08, 1.65471227831e-08, 4.7597826125e-08, 1.73507643808e-08, 1.91172073727e-08, 8.49915160472e-09, 1.79601080674e-08, 1.16092442326e-08, 1.9761614567e-09, 9.36876354274e-10, 8.91029194872e-10, 7.58060114681e-10, 4.91685303583e-10, 4.35714436753e-10, 2.26997198816e-10, 1.33481517506e-10, 1.42054729091e-10, 2.01140673561e-10, 2.61520444189e-10, 1.53125498392e-10, 1.59790236598e-10, 6.11687367424e-11, 1.01523504881e-10, 7.29818219747e-11, 2.20158804382e-11, 1.79684843393e-11, 4.21248886467e-12],
        "max": [0.0145200127736, 0.0149374054745, 0.00988581310958, 0.0105098448694, 0.00628005620092, 0.00270674121566, 0.00223366194405, 0.00274512427859, 0.00486715137959, 0.00335814710706, 0.00235945056193, 0.00304058543406, 0.00250996928662, 0.00170537410304, 0.00123432837427, 0.00240069394931, 0.00115802371874, 0.00105856044684, 0.000805058225524, 0.00161942478735, 0.00121741578914, 0.000519556924701, 0.000404110964155, 0.000259177526459, 0.000174330780283, 0.000123446792713, 0.000128552521346, 9.23713305383e-05, 7.61882693041e-05, 9.17500074138e-05, 8.01190180937e-05, 0.000179270165972, 0.00013768520148, 0.00014198057761, 0.0001334665576, 0.000137125767651, 9.54682109295e-05, 6.92592147971e-05, 5.11477301188e-05, 1.80232109415e-05],
        "mean": [0.0013916665921, 0.00144120014738, 0.000924343476072, 0.000817521649878, 0.00056527351262, 0.000379635661375, 0.000255738006672, 0.000287781353109, 0.000285810237983, 0.000247090967605, 0.000169081278727, 0.000224952033022, 0.00021360097162, 0.000106177758425, 0.000116380855616, 0.000113864523883, 0.000107006148028, 0.000146696722368, 8.7495376647e-05, 7.81605049269e-05, 8.34019519971e-05, 5.18834822287e-05, 3.8394551666e-05, 3.20092622133e-05, 3.76449934265e-05, 3.22534688166e-05, 3.11517578666e-05, 2.04463740374e-05, 1.50418836711e-05, 1.49932648128e-05, 1.52323518705e-05, 1.29088066387e-05, 1.14127278721e-05, 9.6449166449e-06, 5.88772627452e-06, 5.40266182725e-06, 4.79272193843e-06, 3.20776848639e-06, 2.42934834205e-06, 1.76447088052e-06],
        "median": [0.000714889145456, 0.000996103743091, 0.000577585189603, 0.000559789245017, 0.000401709752623, 0.000292636861559, 0.000201445625862, 0.00021222725627, 0.00016945018433, 0.000128225699882, 9.85541482805e-05, 0.000116303934192, 9.90948683466e-05, 5.76645361434e-05, 6.72962487442e-05, 6.56732299831e-05, 8.4176150267e-05, 0.000115990056656, 6.92395406077e-05, 5.23647904629e-05, 6.4867133915e-05, 4.13745801779e-05, 3.26264416799e-05, 2.59723692579e-05, 3.31008086505e-05, 2.83426925307e-05, 2.68252351816e-05, 1.73233111127e-05, 1.27245275507e-05, 1.27163930301e-05, 1.25102988022e-05, 9.37116510613e-06, 7.94854986452e-06, 6.1208356783e-06, 3.818366622e-06, 3.21864058606e-06, 2.72184888672e-06, 2.09118343264e-06, 1.70201087712e-06, 1.25391852634e-06],
        "min": [1.54668680352e-06, 1.49861325554e-05, 1.74131491804e-05, 2.56873154285e-05, 1.64317243616e-05, 1.15356215247e-05, 1.19849128168e-05, 1.72187101271e-05, 8.47680803417e-06, 5.94547691435e-06, 5.9883313952e-06, 8.89886632649e-06, 9.25914991967e-06, 5.11019243277e-06, 5.69421035834e-06, 7.80631489761e-06, 1.48844519572e-05, 1.01817149698e-05, 8.22686979518e-06, 5.49981177755e-06, 6.48126206215e-06, 7.07885874363e-06, 3.32592799168e-06, 3.49180027115e-06, 5.06910691911e-06, 3.41307600138e-06, 2.79595428765e-06, 2.5979431939e-06, 2.06829281524e-06, 1.65128290064e-06, 1.64266043612e-06, 4.72092210657e-07, 3.05423554892e-07, 3.21500181144e-07, 1.31942101689e-07, 1.69101909364e-07, 8.83271340513e-08, 6.85051588789e-08, 1.2187862275e-08, 3.4941237459e-08],
